lsstCam/transmission_filter_detector/r23_s01/u_24/19700101T000000.ecsv
# %ECSV 1.0
# ---
# datatype:
# - {name: wavelength, unit: nm, datatype: float32}
# - {name: efficiency, unit: '%', datatype: float64}
# meta: !!omap
# - {MODE: DETECTOR}
# - {TYPE: transmission_filter_detector}
# - {CALIBDATE: '1970-01-01T00:00:00'}
# - {INSTRUME: LSSTCam}
# - {OBSTYPE: transmission_filter_detector}
# - {CALIBCLS: lsst.ip.isr.IntermediateFilterDetectorTransmissionCurve}
# - {SOURCE: Materion (DM-46256)}
# - {DETECTOR: 100}
# - {FILTER: u_24}
# - {CALIB_ID: 'calibDate=1970-01-01T00:00:00 filter=u_24 detector=100'}
# - {DATE: '2025-04-02T15:59:40.211895'}
# - {CALIB_CREATION_DATE: '2025-04-02'}
# - {CALIB_CREATION_TIME: '15:59:40'}
# - __serialized_columns__:
#     efficiency:
#       __class__: astropy.units.quantity.Quantity
#       unit: !astropy.units.Unit {unit: '%'}
#       value: !astropy.table.SerializedColumn {name: efficiency}
#     wavelength:
#       __class__: astropy.units.quantity.Quantity
#       unit: !astropy.units.Unit {unit: nm}
#       value: !astropy.table.SerializedColumn {name: wavelength}
# schema: astropy-2.0
wavelength efficiency
295.0 1.5870244571628e-10
296.0 1.5870244571628e-10
297.0 1.5870244571628e-10
298.0 0.20337472669780254
299.0 0.03235528420191258
300.0 0.10604856070131063
301.0 1.5870244571628e-10
302.0 1.5870244571628e-10
303.0 1.5870244571628e-10
304.0 0.23009327705949545
305.0 0.5101011600345373
306.0 1.2796588242053986
307.0 2.7036482468247414
308.0 4.27575409412384
309.0 7.797928899526596
310.0 10.610724985599518
311.0 14.267215132713318
312.0 17.96094924211502
313.0 21.195046603679657
314.0 24.321918189525604
315.0 26.906457543373108
316.0 29.03590202331543
317.0 31.29635453224182
318.0 33.869150280952454
319.0 37.251800298690796
320.0 42.378562688827515
321.0 47.3533570766449
322.0 53.4751832485199
323.0 59.05335545539856
324.0 63.87195587158203
325.0 67.14350581169128
326.0 69.74703073501587
327.0 71.77810072898865
328.0 73.55212569236755
329.0 74.98509287834167
330.0 76.32354497909546
331.0 77.30934619903564
332.0 77.73715257644653
333.0 77.88225412368774
334.0 77.76895761489868
335.0 77.78709530830383
336.0 77.90385484695435
337.0 78.44769954681396
338.0 79.22223806381226
339.0 79.85003590583801
340.0 80.27631640434265
341.0 80.85486888885498
342.0 81.12037181854248
343.0 81.10885620117188
344.0 81.31836652755737
345.0 81.60475492477417
346.0 81.87454342842102
347.0 82.2665810585022
348.0 82.51470923423767
349.0 82.69931674003601
350.0 82.74573683738708
351.0 82.96685814857483
352.0 82.90870785713196
353.0 82.72795081138611
354.0 82.69805908203125
355.0 82.90407657623291
356.0 83.05256962776184
357.0 82.96922445297241
358.0 82.68118500709534
359.0 82.54094123840332
360.0 82.45508074760437
361.0 82.32603669166565
362.0 82.1499764919281
363.0 82.22419023513794
364.0 82.37076997756958
365.0 82.51782059669495
366.0 82.70668387413025
367.0 82.63857364654541
368.0 82.64579772949219
369.0 82.56597518920898
370.0 82.26713538169861
371.0 82.03530311584473
372.0 82.02144503593445
373.0 82.10270404815674
374.0 82.12888836860657
375.0 82.42112398147583
376.0 82.42321610450745
377.0 82.49070644378662
378.0 82.59176015853882
379.0 82.35667943954468
380.0 81.71554803848267
381.0 80.46189546585083
382.0 78.79672050476074
383.0 76.81631445884705
384.0 74.74082112312317
385.0 72.44404554367065
386.0 70.04737854003906
387.0 66.94416999816895
388.0 63.79091143608093
389.0 59.941309690475464
390.0 56.092774868011475
391.0 51.89949870109558
392.0 47.522908449172974
393.0 43.712255358695984
394.0 40.42029678821564
395.0 37.2080534696579
396.0 33.9083194732666
397.0 29.529738426208496
398.0 24.462512135505676
399.0 18.04926246404648
400.0 11.836997419595718
401.0 6.864729523658752
402.0 3.257909044623375
403.0 1.1000251397490501
404.0 0.35456810146570206
405.0 0.1112993573769927
406.0 0.06765883881598711
407.0 1.5870244571628e-10
408.0 0.006463906902354211
409.0 0.013965937250759453
410.0 0.016081718786153942
411.0 1.5870244571628e-10
412.0 1.5870244571628e-10
413.0 1.5870244571628e-10
414.0 1.5870244571628e-10
415.0 1.5870244571628e-10
416.0 1.5870244571628e-10
417.0 1.5870244571628e-10
418.0 1.5870244571628e-10
419.0 1.5870244571628e-10
420.0 1.5870244571628e-10
421.0 1.5870244571628e-10
422.0 1.5870244571628e-10
423.0 1.5870244571628e-10
424.0 1.5870244571628e-10
425.0 1.5870244571628e-10
426.0 0.0010387650945631322
427.0 0.00042404367377457675
428.0 1.5870244571628e-10
429.0 0.0010707536603149492
430.0 0.0023321865228354
431.0 0.0015720992450951599
432.0 0.0008120121492538601
433.0 0.0017684402337181382
434.0 0.002724867590586655
435.0 0.002494290856702719
436.0 0.002263713577121962
437.0 1.5870244571628e-10
438.0 1.5870244571628e-10
439.0 1.5870244571628e-10
440.0 0.0009465394214203116
441.0 1.5870244571628e-10
442.0 1.5870244571628e-10
443.0 1.5870244571628e-10
444.0 1.5870244571628e-10
445.0 1.5870244571628e-10
446.0 1.5870244571628e-10
447.0 1.5870244571628e-10
448.0 1.5870244571628e-10
449.0 1.5870244571628e-10
450.0 0.0010748852218966931
451.0 1.5870244571628e-10
452.0 1.5870244571628e-10
453.0 1.5870244571628e-10
454.0 0.0004764218829222955
455.0 1.5870244571628e-10
456.0 1.5870244571628e-10
457.0 1.5870244571628e-10
458.0 1.5870244571628e-10
459.0 1.5870244571628e-10
460.0 1.5870244571628e-10
461.0 1.5870244571628e-10
462.0 6.146565283415839e-05
463.0 9.445305408917193e-05
464.0 0.00012744034165734774
465.0 0.0002728534127527382
466.0 0.0004182661996310344
467.0 1.5870244571628e-10
468.0 1.5870244571628e-10
469.0 1.5870244571628e-10
470.0 9.331427577308204e-05
471.0 1.5870244571628e-10
472.0 1.5870244571628e-10
473.0 1.5870244571628e-10
474.0 1.5870244571628e-10
475.0 1.5870244571628e-10
476.0 1.5870244571628e-10
477.0 0.0006342545930237975
478.0 0.0014293594176706392
479.0 0.0012422099644027185
480.0 0.0010550607839832082
481.0 0.0007657172318431549
482.0 0.0004763738161273068
483.0 3.228840625979501e-05
484.0 1.5870244571628e-10
485.0 1.5870244571628e-10
486.0 1.5870244571628e-10
487.0 1.5870244571628e-10
488.0 1.5870244571628e-10
489.0 1.5870244571628e-10
490.0 1.5870244571628e-10
491.0 1.5870244571628e-10
492.0 1.5870244571628e-10
493.0 1.5870244571628e-10
494.0 1.5870244571628e-10
495.0 1.5870244571628e-10
496.0 0.0009893796232063323
497.0 0.0006069083156035049
498.0 0.00022443671241489938
499.0 0.0005775158570031635
500.0 0.0009305950698035304
501.0 0.0004944808551954338
502.0 5.836692480443162e-05
503.0 1.5870244571628e-10
504.0 1.5870244571628e-10
505.0 1.5870244571628e-10
506.0 1.5870244571628e-10
507.0 1.5870244571628e-10
508.0 1.5870244571628e-10
509.0 1.5870244571628e-10
510.0 1.5870244571628e-10
511.0 9.326436725132226e-05
512.0 0.000540959399586427
513.0 0.0003262037580498145
514.0 0.00011144775271532126
515.0 0.0001699531139820465
516.0 0.0002284585207235068
517.0 0.0001341681127087213
518.0 3.9877690483081096e-05
519.0 0.000301680256598047
520.0 0.0005634828085021582
521.0 0.00041865805542329326
522.0 0.0002738332568696933
523.0 1.5870244571628e-10
524.0 1.5870244571628e-10
525.0 1.5870244571628e-10
526.0 1.5870244571628e-10
527.0 1.5870244571628e-10
528.0 1.5870244571628e-10
529.0 1.5870244571628e-10
530.0 1.5870244571628e-10
531.0 1.5870244571628e-10
532.0 7.679353188905225e-05
533.0 1.5870244571628e-10
534.0 1.5870244571628e-10
535.0 1.5870244571628e-10
536.0 1.5870244571628e-10
537.0 1.5870244571628e-10
538.0 1.5870244571628e-10
539.0 5.627985544265357e-06
540.0 0.00023413617782352958
541.0 1.5870244571628e-10
542.0 1.5870244571628e-10
543.0 1.5870244571628e-10
544.0 1.5870244571628e-10
545.0 1.5870244571628e-10
546.0 1.5870244571628e-10
547.0 1.5870244571628e-10
548.0 1.5870244571628e-10
549.0 1.5870244571628e-10
550.0 1.5870244571628e-10
551.0 1.5870244571628e-10
552.0 1.5870244571628e-10
553.0 1.5870244571628e-10
554.0 1.5870244571628e-10
555.0 1.5870244571628e-10
556.0 1.5870244571628e-10
557.0 1.5870244571628e-10
558.0 1.5870244571628e-10
559.0 1.5870244571628e-10
560.0 9.659681836637901e-05
561.0 4.2830856727960054e-05
562.0 1.5870244571628e-10
563.0 1.5870244571628e-10
564.0 1.5870244571628e-10
565.0 1.5870244571628e-10
566.0 0.0001452479523322836
567.0 0.00019207614059268963
568.0 0.00023890431748441188
569.0 0.00046928139454394113
570.0 0.0006996582214924274
571.0 0.0006007348929415457
572.0 0.0005018116553401342
573.0 0.0005638283710140968
574.0 0.0006258454504859401
575.0 0.00037820143461431144
576.0 0.00013055754379820428
577.0 0.00020575228063535178
578.0 0.0002809470061038155
579.0 0.0005125959887664067
580.0 0.0007442449714289978
581.0 0.0007119097517716
582.0 0.000679574941386818
583.0 0.0012292935025470797
584.0 0.001779012382030487
585.0 0.0016207881344598718
586.0 0.001462563614040846
587.0 0.0014913124687154777
588.0 0.0015200611414911691
589.0 0.0013247332390164956
590.0 0.0011294049727439415
591.0 0.0010146532076760195
592.0 0.000899901169759687
593.0 0.0008356162652489729
594.0 0.0007713307240919676
595.0 0.0007458372692781268
596.0 0.0007203432687674649
597.0 0.0009274244803236797
598.0 0.0011345052371325437
599.0 0.0013966167898615822
600.0 0.0016587278878432699
601.0 0.001775978489604313
602.0 0.0018932289094664156
603.0 0.0017470823877374642
604.0 0.001600936047907453
605.0 0.0015777854059706442
606.0 0.001554634582134895
607.0 0.0014214844668458682
608.0 0.0012883343515568413
609.0 0.0008140948011714499
610.0 0.00033985552363446914
611.0 0.0003827192813332658
612.0 0.0004255830390320625
613.0 0.00030823703127680346
614.0 0.00019089097804680932
615.0 0.00034528434298408683
616.0 0.0004996777988708345
617.0 0.0007961589290061966
618.0 0.0010926401955657639
619.0 0.000525089035363635
620.0 1.5870244571628e-10
621.0 0.00020061015675310045
622.0 0.00044368216549628414
623.0 0.0005177575985726435
624.0 0.0005918329861742677
625.0 0.0006375347766152117
626.0 0.0006832365670561558
627.0 0.0005185149348108098
628.0 0.00035379337077756645
629.0 0.00048089545998664107
630.0 0.0006079975719330832
631.0 0.0011979611372225918
632.0 0.00178792452061316
633.0 0.001732513919705525
634.0 0.0016771029550000094
635.0 0.0020926516299368814
636.0 0.002508200122974813
637.0 0.0026409088604850695
638.0 0.002773617597995326
639.0 0.0020608964405255392
640.0 0.0013481751011568122
641.0 0.001383978178637335
642.0 0.001419781256117858
643.0 0.0009214990313921589
644.0 0.000423216852141195
645.0 0.0006815864708187291
646.0 0.000939955953072058
647.0 0.00027796111226052744
648.0 1.5870244571628e-10
649.0 1.5870244571628e-10
650.0 5.74092780425417e-05
651.0 0.00023281679659703514
652.0 0.0004082245141034946
653.0 0.0008981945939012803
654.0 0.0013881643099011853
655.0 0.0013533503988583107
656.0 0.0013185363968659658
657.0 0.0021065034161438234
658.0 0.002894470526371151
659.0 0.00348653229593765
660.0 0.004078594065504149
661.0 0.00415144968428649
662.0 0.004224304939270951
663.0 0.0034110762499039993
664.0 0.002597847742435988
665.0 0.002271058110636659
666.0 0.0019442682969383895
667.0 0.0018253740563523024
668.0 0.001706479633867275
669.0 0.0011025675121345557
670.0 0.0004986553904018365
671.0 0.00036832375371886883
672.0 0.00023799204882379854
673.0 0.00018076309515890898
674.0 0.00012353414149401942
675.0 0.0003930631919502048
676.0 0.0006625923106184928
677.0 0.0011904580787813757
678.0 0.0017183241652674042
679.0 0.0018407583411317319
680.0 0.0019631925169960596
681.0 0.0028114622182329185
682.0 0.003659731737570837
683.0 0.005226721259532496
684.0 0.0067937107814941555
685.0 0.007180830289144069
686.0 0.007567951979581267
687.0 0.007371327956207097
688.0 0.007174705388024449
689.0 0.006140535697340965
690.0 0.005106366734253243
691.0 0.004652035204344429
692.0 0.004197703310637735
693.0 0.003489805749268271
694.0 0.0027819081878988072
695.0 0.002350569957343396
696.0 0.0019192317267879844
697.0 0.0013259829756862018
698.0 0.0007327341336349491
699.0 0.0008202426215575542
700.0 0.0009077507456822786
701.0 0.0008733153663342819
702.0 0.0008388798050873447
703.0 0.0008037889529077802
704.0 0.0007686985554755665
705.0 0.0005990996669424931
706.0 0.00042950096030835994
707.0 0.0006315140126389451
708.0 0.0008335267011716496
709.0 0.0006841612957941834
710.0 0.0005347957539925119
711.0 0.0005270826022751862
712.0 0.0005193694505578605
713.0 0.0008300353329104837
714.0 0.0011407011697883718
715.0 0.0008897656698536593
716.0 0.0006388300334947417
717.0 0.0006373467840603553
718.0 0.0006358634891512338
719.0 0.0006619473879254656
720.0 0.000688031104800757
721.0 0.0004051382802572334
722.0 0.00012224538750160718
723.0 0.0004695931693277089
724.0 0.0008169409738911781
725.0 0.0004101654667465482
726.0 3.3899009821425352e-06
727.0 0.00034407225939503405
728.0 0.0006847546956123551
729.0 0.0005342368694982724
730.0 0.000383719179808395
731.0 0.0003175899337293231
732.0 0.0002514608013370889
733.0 0.0001946674501596135
734.0 0.00013787411035082187
735.0 0.0003423581347306026
736.0 0.0005468421477416996
737.0 0.0005048893854109338
738.0 0.0004629366230801679
739.0 0.0003635914026745013
740.0 0.0002642460913193645
741.0 0.0007826180990377907
742.0 0.0013009902431804221
743.0 0.0015149748833209742
744.0 0.001728959432512056
745.0 0.0021839941837242804
746.0 0.002639028571138624
747.0 0.0032479674700880423
748.0 0.00385690618713852
749.0 0.003673954415717162
750.0 0.003491003008093685
751.0 0.003315261346870102
752.0 0.0031395200494443998
753.0 0.002743103505054023
754.0 0.002346687142562587
755.0 0.0026599976990837604
756.0 0.0029733089832006954
757.0 0.0023538201276096515
758.0 0.0017343312720186077
759.0 0.0014617552551499102
760.0 0.0011891795111296233
761.0 0.0012988267371838447
762.0 0.001408473963238066
763.0 0.0010883323739108164
764.0 0.0007681906026846264
765.0 0.0008964089829532895
766.0 0.0010246271813230123
767.0 0.0009651870641391724
768.0 0.0009057470379048027
769.0 0.0007590676432300825
770.0 0.0006123880666564219
771.0 0.0004242252543917857
772.0 0.00023606223749084165
773.0 0.00047806297516217455
774.0 0.0007200637810456101
775.0 0.0006662415216851514
776.0 0.0006124189440015471
777.0 0.0005402954229793977
778.0 0.00046817144720989745
779.0 0.00043551722228585277
780.0 0.000402862951887073
781.0 0.0007548572284576949
782.0 0.001106851595977787
783.0 0.0011078583156631794
784.0 0.0011088647625001613
785.0 0.0011947989150939975
786.0 0.001280732703889953
787.0 0.0009790146577870473
788.0 0.0006772964297852013
789.0 0.000686657813275815
790.0 0.0006960191967664286
791.0 0.0006402063718269346
792.0 0.0005843935014127055
793.0 0.0001353717379970476
794.0 1.5870244571628e-10
795.0 1.5870244571628e-10
796.0 1.5870244571628e-10
797.0 0.00016447077086922945
798.0 0.000656786914987606
799.0 0.0002342369953112211
800.0 1.5870244571628e-10
801.0 1.5870244571628e-10
802.0 1.5870244571628e-10
803.0 1.5870244571628e-10
804.0 1.5870244571628e-10
805.0 6.123038787109181e-06
806.0 1.2850497910221748e-05
807.0 1.5870244571628e-10
808.0 1.5870244571628e-10
809.0 0.00017928412034962093
810.0 0.0006089670932851732
811.0 8.704907941137208e-05
812.0 1.5870244571628e-10
813.0 1.5870244571628e-10
814.0 0.0003589716243368457
815.0 0.00025084871140279574
816.0 0.0001427257075192756
817.0 1.846744055455929e-05
818.0 1.5870244571628e-10
819.0 1.5870244571628e-10
820.0 1.5870244571628e-10
821.0 1.5870244571628e-10
822.0 1.5870244571628e-10
823.0 1.5870244571628e-10
824.0 1.5870244571628e-10
825.0 1.5870244571628e-10
826.0 1.5870244571628e-10
827.0 0.0001904938812913315
828.0 0.0006471082087955438
829.0 0.0003590050710045034
830.0 7.09024448042328e-05
831.0 1.5870244571628e-10
832.0 1.5870244571628e-10
833.0 1.5870244571628e-10
834.0 1.5870244571628e-10
835.0 1.5870244571628e-10
836.0 1.5870244571628e-10
837.0 1.5870244571628e-10
838.0 1.5870244571628e-10
839.0 1.5870244571628e-10
840.0 1.5870244571628e-10
841.0 1.5870244571628e-10
842.0 4.234510129208502e-05
843.0 6.706742965434387e-05
844.0 9.178970685752574e-05
845.0 8.281571695079037e-05
846.0 7.384165883195237e-05
847.0 1.5870244571628e-10
848.0 1.5870244571628e-10
849.0 1.5870244571628e-10
850.0 1.5870244571628e-10
851.0 1.5870244571628e-10
852.0 1.5870244571628e-10
853.0 0.00010617134194035316
854.0 0.0004805832759302575
855.0 0.00017576508071215358
856.0 1.5870244571628e-10
857.0 0.0004167406586930156
858.0 0.0009625343409425113
859.0 0.0009591598427505232
860.0 0.0009557851626595948
861.0 0.0007989749974512961
862.0 0.0006421647412935272
863.0 0.0007778292456350755
864.0 0.0009134935680776834
865.0 0.001534138573333621
866.0 0.0021547833966906182
867.0 0.001978723958018236
868.0 0.0018026650650426745
869.0 0.0017147140169981867
870.0 0.0016267626051558182
871.0 0.001664989031269215
872.0 0.0017032149116857909
873.0 0.0018124555936083198
874.0 0.0019216960936319083
875.0 0.002252498234156519
876.0 0.0025833007384790108
877.0 0.0025467250452493317
878.0 0.002510149533918593
879.0 0.002599225081212353
880.0 0.0026883013561018743
881.0 0.002820705958583858
882.0 0.0029531111067626625
883.0 0.0026115530999959446
884.0 0.002269995275128167
885.0 0.002304648114659358
886.0 0.0023393013179884292
887.0 0.0021583586203632876
888.0 0.0019774162865360267
889.0 0.0018787553926813416
890.0 0.0017800946807255968
891.0 0.0021340198145480826
892.0 0.002487945130269509
