lsstCam/transmission_filter_detector/r23_s01/u_24/19700101T000000.ecsv
# %ECSV 1.0
# ---
# datatype:
# - {name: wavelength, unit: nm, datatype: float32}
# - {name: efficiency, unit: '%', datatype: float64}
# meta: !!omap
# - {MODE: DETECTOR}
# - {TYPE: transmission_filter_detector}
# - {CALIBDATE: '1970-01-01T00:00:00'}
# - {INSTRUME: LSSTCam}
# - {OBSTYPE: transmission_filter_detector}
# - {CALIBCLS: lsst.ip.isr.IntermediateFilterDetectorTransmissionCurve}
# - {SOURCE: Materion (DM-46256)}
# - {DETECTOR: 100}
# - {FILTER: u_24}
# - {CALIB_ID: 'calibDate=1970-01-01T00:00:00 filter=u_24 detector=100'}
# - {DATE: '2025-04-02T15:59:40.211895'}
# - {CALIB_CREATION_DATE: '2025-04-02'}
# - {CALIB_CREATION_TIME: '15:59:40'}
# - __serialized_columns__:
#     efficiency:
#       __class__: astropy.units.quantity.Quantity
#       unit: !astropy.units.Unit {unit: '%'}
#       value: !astropy.table.SerializedColumn {name: efficiency}
#     wavelength:
#       __class__: astropy.units.quantity.Quantity
#       unit: !astropy.units.Unit {unit: nm}
#       value: !astropy.table.SerializedColumn {name: wavelength}
# schema: astropy-2.0
wavelength efficiency
[from data line 599]
894.0 0.0022611357053392567
895.0 0.0024706874683033675
896.0 0.002680239049368538
897.0 0.003356219531269744
898.0 0.00403220001317095
899.0 0.004122387690586038
900.0 0.004212575004203245
901.0 0.0043127740354975685
902.0 0.0044129737943876535
903.0 0.004613310375134461
904.0 0.004813646955881268
905.0 0.005080547271063551
906.0 0.005347447586245835
907.0 0.005472071643453091
908.0 0.005596695336862467
909.0 0.0054984604503260925
910.0 0.0054002259275875986
911.0 0.005462234912556596
912.0 0.005524244261323474
913.0 0.005415880877990276
914.0 0.005307517858454958
915.0 0.004665554297389463
916.0 0.004023590736323968
917.0 0.003742046101251617
918.0 0.003460502193775028
919.0 0.003957245280616917
920.0 0.004453988731256686
921.0 0.00449336803285405
922.0 0.004532747334451415
923.0 0.005268876702757552
924.0 0.006005004252074286
925.0 0.006428517372114584
926.0 0.006852030492154881
927.0 0.007392952829832211
928.0 0.007933872257126495
929.0 0.007852588896639645
930.0 0.007771306263748556
931.0 0.0075497177022043616
932.0 0.0073281269578728825
933.0 0.007171212928369641
934.0 0.0070142988988664
935.0 0.007209811883512884
936.0 0.007405324868159369
937.0 0.007209734030766413
938.0 0.007014145376160741
939.0 0.006911798845976591
940.0 0.006809452315792441
941.0 0.00617975092609413
942.0 0.005550049172597937
943.0 0.0041914805478882045
944.0 0.0028329128326731734
945.0 0.002346238397876732
946.0 0.001859564144979231
947.0 0.001602106203790754
948.0 0.0013446484445012175
949.0 0.0013499132364813704
950.0 0.0013551780284615234
951.0 0.0013768278222414665
952.0 0.0013984776160214096
953.0 0.0015179576621449087
954.0 0.0016374380720662884
955.0 0.0022489213733933866
956.0 0.002860404310922604
957.0 0.0027650099582388066
958.0 0.0026696148779592477
959.0 0.0030034523661015555
960.0 0.0033372893085470423
961.0 0.0035290086088934913
962.0 0.003720727181644179
963.0 0.004169840758549981
964.0 0.004618954335455783
965.0 0.004790982711710967
966.0 0.0049630110879661515
967.0 0.005018966112402268
968.0 0.005074922228232026
969.0 0.004920530773233622
970.0 0.004766139682033099
971.0 0.004681983045884408
972.0 0.0045978256821399555
973.0 0.004440901466296054
974.0 0.004283976522856392
975.0 0.0038775029679527506
976.0 0.0034710290492512286
977.0 0.0033017400710377842
978.0 0.0031324503652285784
979.0 0.0029775164875900373
980.0 0.0028225822461536154
981.0 0.0027693333322531544
982.0 0.002716084236453753
983.0 0.002733449582592584
984.0 0.0027508145649335347
985.0 0.0032666441256878898
986.0 0.003782474232139066
987.0 0.004134987102588639
988.0 0.0044874999730382115
989.0 0.005466514630825259
990.0 0.006445528561016545
991.0 0.006198092160047963
992.0 0.005950655395281501
993.0 0.0064021951402537525
994.0 0.006853734521428123
995.0 0.006441085861297324
996.0 0.006028435018379241
997.0 0.005965388481854461
998.0 0.005902345219510607
999.0 0.006240040966076776
1000.0 0.00657773416605778
1001.0 0.006163308717077598
1002.0 0.005748880721512251
1003.0 0.005529932604986243
1004.0 0.005310986307449639
1005.0 0.005246205182629637
1006.0 0.005181423694011755
1007.0 0.005058009264757857
1008.0 0.004934592288918793
1009.0 0.004606880247592926
1010.0 0.004279168206267059
1011.0 0.0039974132960196584
1012.0 0.0037156591133680195
1013.0 0.003006029328389559
1014.0 0.002296399907208979
1015.0 0.0020824812963837758
1016.0 0.0018685626855585724
1017.0 0.0015591607734677382
1018.0 0.0012497586794779636
1019.0 0.0010627451956679579
1020.0 0.0008757314390095416
1021.0 0.0009442190275876783
1022.0 0.0010127068890142255
1023.0 0.001037948823068291
1024.0 0.0010631907571223564
1025.0 0.0015091106433828827
1026.0 0.0019550308934412897
1027.0 0.0014311171980807558
1028.0 0.0009072032298718113
1029.0 0.000868107053975109
1030.0 0.0008290111509268172
1031.0 0.0012847175639763009
1032.0 0.001740424158924725
1033.0 0.0018641083443071693
1034.0 0.001987792711588554
1035.0 0.002117104122589808
1036.0 0.0022464153516921215
1037.0 0.0021715399270760827
1038.0 0.002096664502460044
1039.0 0.0019717446775757708
1040.0 0.0018468252164893784
1041.0 0.001589315797900781
1042.0 0.001331806561211124
1043.0 0.0011658559742500074
1044.0 0.0009999055691878311
1045.0 0.0011940123840759043
1046.0 0.0013881193808629178
1047.0 0.0013288780792208854
1048.0 0.0012696369594777934
1049.0 0.0011607932719925884
1050.0 0.0010519491297600325
1051.0 0.0012382938621158246
1052.0 0.0014246385944716167
1053.0 0.0009901292287395336
1054.0 0.0005556196811085101
1055.0 0.0006992678208916914
1056.0 0.0008429163244727533
1057.0 0.0012012902516289614
1058.0 0.0015596642697346397
1059.0 0.0006688554094580468
1060.0 1.5870244571628e-10
1061.0 0.00023105587843019748
1062.0 0.0006840648893557955
1063.0 0.000695525341143366
1064.0 0.0007069853381835856
1065.0 0.0009780965228856076
1066.0 0.00124920798043604
1067.0 0.000412877034250414
1068.0 1.5870244571628e-10
1069.0 0.0010825649951584637
1070.0 0.0025885838113026693
1071.0 0.001828114181989804
1072.0 0.0010676447345758788
1073.0 0.0013280815437610727
1074.0 0.0015885183529462665
1075.0 0.0031327865144703537
1076.0 0.004677054675994441
1077.0 0.004378295852802694
1078.0 0.004079537029610947
1079.0 0.004518953210208565
1080.0 0.0049583664804231375
1081.0 0.002873954872484319
1082.0 0.0007895431735960301
1083.0 0.0015603927749907598
1084.0 0.0023312424673349597
1085.0 0.0037460195017047226
1086.0 0.005160796354175545
1087.0 0.004467129110707901
1088.0 0.0037734618672402576
1089.0 0.005744828740716912
1090.0 0.007716195977991447
1091.0 0.0054971533245407045
1092.0 0.003278111034887843
1093.0 0.002599205072328914
1094.0 0.0019202994735678658
1095.0 0.0015535410057054833
1096.0 0.0011867829016409814
1097.0 0.0019731589418370277
1098.0 0.0027595357096288353
1099.0 0.0013330126421351451
1100.0 1.5870244571628e-10
