lsstCam/transmission_filter_detector/r31_s12/g_6/19700101T000000.ecsv
# %ECSV 1.0
# ---
# datatype:
# - {name: wavelength, unit: nm, datatype: float32}
# - {name: efficiency, unit: '%', datatype: float64}
# meta: !!omap
# - {MODE: DETECTOR}
# - {TYPE: transmission_filter_detector}
# - {CALIBDATE: '1970-01-01T00:00:00'}
# - {INSTRUME: LSSTCam}
# - {OBSTYPE: transmission_filter_detector}
# - {CALIBCLS: lsst.ip.isr.IntermediateFilterDetectorTransmissionCurve}
# - {SOURCE: Materion (DM-46256)}
# - {DETECTOR: 131}
# - {FILTER: g_6}
# - {CALIB_ID: 'calibDate=1970-01-01T00:00:00 filter=g_6 detector=131'}
# - {DATE: '2025-04-02T15:59:42.634114'}
# - {CALIB_CREATION_DATE: '2025-04-02'}
# - {CALIB_CREATION_TIME: '15:59:42'}
# - __serialized_columns__:
#     efficiency:
#       __class__: astropy.units.quantity.Quantity
#       unit: !astropy.units.Unit {unit: '%'}
#       value: !astropy.table.SerializedColumn {name: efficiency}
#     wavelength:
#       __class__: astropy.units.quantity.Quantity
#       unit: !astropy.units.Unit {unit: nm}
#       value: !astropy.table.SerializedColumn {name: wavelength}
# schema: astropy-2.0
wavelength efficiency
300.0 0.33869841136038303
301.0 0.30533827375620604
302.0 0.2719780895859003
303.0 0.2507941797375679
304.0 0.22961031645536423
305.0 0.22670372854918242
306.0 0.2237971406430006
307.0 0.21200778428465128
308.0 0.2002184046432376
309.0 0.19887639209628105
310.0 0.19753433298319578
311.0 0.19781335722655058
312.0 0.198092358186841
313.0 0.19214192871004343
314.0 0.18619151087477803
315.0 0.18300020601600409
316.0 0.17980888951569796
317.0 0.17530356999486685
318.0 0.17079825047403574
319.0 0.1597974798642099
320.0 0.1487966743297875
321.0 0.13769594952464104
322.0 0.12659517815336585
323.0 0.11299340985715389
324.0 0.09939161827787757
325.0 0.08930928888730705
326.0 0.07922695949673653
327.0 0.07201418629847467
328.0 0.06480141310021281
329.0 0.061961065512150526
330.0 0.05912072374485433
331.0 0.05486640729941428
332.0 0.05061208503320813
333.0 0.04760339797940105
334.0 0.04459471092559397
335.0 0.04209882172290236
336.0 0.03960293252021074
337.0 0.039901811396703124
338.0 0.04020068736281246
339.0 0.039360864320769906
340.0 0.03852103545796126
341.0 0.037079452886246145
342.0 0.03563787031453103
343.0 0.03273323527537286
344.0 0.029828600236214697
345.0 0.026068888837471604
346.0 0.022309183259494603
347.0 0.020339219190645963
348.0 0.018369250756222755
349.0 0.01722763990983367
350.0 0.6272173020988703
351.0 1.1338498443365097
352.0 0.6700993049889803
353.0 1.0644466616213322
354.0 0.4627305082976818
355.0 0.7972943596541882
356.0 0.4732174798846245
357.0 1.0723262093961239
358.0 0.5605614744126797
359.0 0.8034615777432919
360.0 0.548225361853838
361.0 0.6491259206086397
362.0 0.45949271880090237
363.0 0.744429649785161
364.0 0.5208708811551332
365.0 0.7332921028137207
366.0 0.4193744156509638
367.0 0.7228459697216749
368.0 0.38983242120593786
369.0 0.5708225071430206
370.0 0.4198403097689152
371.0 0.6098878104239702
372.0 0.3696840722113848
373.0 0.6451110821217299
374.0 0.43116812594234943
375.0 0.633709691464901
376.0 0.4338138736784458
377.0 0.6056994665414095
378.0 0.30224062502384186
379.0 0.5886971484869719
380.0 0.38509643636643887
381.0 0.5849094595760107
382.0 0.5288517568260431
383.0 0.49925874918699265
384.0 0.5178845487535
385.0 0.6383359432220459
386.0 0.6801338866353035
387.0 0.7396249566227198
388.0 0.9352020919322968
389.0 1.1311409994959831
390.0 1.719619520008564
391.0 2.562999352812767
392.0 4.051678255200386
393.0 6.380573660135269
394.0 9.74578708410263
395.0 14.262862503528595
396.0 19.8476180434227
397.0 26.904410123825073
398.0 35.250815749168396
399.0 44.41954791545868
400.0 53.8831889629364
401.0 63.044148683547974
402.0 71.59830331802368
403.0 79.05791401863098
404.0 84.5206081867218
405.0 88.72768878936768
406.0 91.18871688842773
407.0 93.18181872367859
408.0 94.33779120445251
409.0 94.94572281837463
410.0 95.13601064682007
411.0 95.01378536224365
412.0 94.68337297439575
413.0 94.45425271987915
414.0 94.29759383201599
415.0 94.34505701065063
416.0 94.74879503250122
417.0 95.06538510322571
418.0 95.58515548706055
419.0 96.15877866744995
420.0 96.73195481300354
421.0 97.23763465881348
422.0 97.43574857711792
423.0 97.67423272132874
424.0 97.5135326385498
425.0 97.4039614200592
426.0 97.36708998680115
427.0 97.368723154068
428.0 97.13907241821289
429.0 97.01748490333557
430.0 96.81708812713623
431.0 96.82122468948364
432.0 96.88238501548767
433.0 96.93401455879211
434.0 97.05085158348083
435.0 97.17570543289185
436.0 97.24851846694946
437.0 97.2398042678833
438.0 97.33854532241821
439.0 97.35817909240723
440.0 97.35023379325867
441.0 97.47452139854431
442.0 97.48555421829224
443.0 97.40107655525208
444.0 97.33534455299377
445.0 97.15932607650757
446.0 97.04023599624634
447.0 96.83451652526855
448.0 96.85977697372437
449.0 97.02315926551819
450.0 97.2505509853363
451.0 97.45318293571472
452.0 97.69861102104187
453.0 97.80913591384888
454.0 97.83259630203247
455.0 98.09466004371643
456.0 98.13574552536011
457.0 98.27170372009277
458.0 98.33933115005493
459.0 98.36729764938354
460.0 98.43172430992126
461.0 98.57353568077087
462.0 98.48904013633728
463.0 98.40227365493774
464.0 98.53540658950806
465.0 98.44767451286316
466.0 98.47280979156494
467.0 98.44829440116882
468.0 98.49578142166138
469.0 98.5361397266388
470.0 98.38305115699768
471.0 98.26462268829346
472.0 98.31392765045166
473.0 98.20080995559692
474.0 98.03774952888489
475.0 98.13657402992249
476.0 98.14563393592834
477.0 98.12217354774475
478.0 98.22995066642761
479.0 98.20136427879333
480.0 98.34619164466858
481.0 98.44431281089783
482.0 98.59350323677063
483.0 98.52294921875
484.0 98.68955612182617
485.0 98.72799515724182
486.0 98.75850081443787
487.0 98.79177808761597
488.0 98.77147078514099
489.0 98.85426759719849
490.0 98.80465269088745
491.0 98.82562160491943
492.0 98.77381324768066
493.0 98.7532913684845
494.0 98.63354563713074
495.0 98.7235963344574
496.0 98.5521674156189
497.0 98.50673079490662
498.0 98.25299382209778
499.0 98.37127923965454
500.0 98.25470447540283
501.0 98.26235175132751
502.0 98.1246292591095
503.0 98.2399046421051
504.0 98.11770915985107
505.0 98.13270568847656
506.0 98.18156361579895
507.0 98.16209077835083
508.0 98.14936518669128
509.0 98.09013605117798
510.0 98.07535409927368
511.0 98.04196357727051
512.0 97.95652031898499
513.0 98.04869294166565
514.0 98.04582595825195
515.0 98.03825616836548
516.0 98.14024567604065
517.0 98.13645482063293
518.0 98.22968244552612
519.0 98.231041431427
520.0 98.30002784729004
521.0 98.4285831451416
522.0 98.43153357505798
523.0 98.4247624874115
524.0 98.41837882995605
525.0 98.43670129776001
526.0 98.53242039680481
527.0 98.52197766304016
528.0 98.63468408584595
529.0 98.69200587272644
530.0 98.74346256256104
531.0 98.87238144874573
532.0 98.71963262557983
533.0 98.75428676605225
534.0 98.76611828804016
535.0 98.56390357017517
536.0 98.28171730041504
537.0 97.71385192871094
538.0 96.99981212615967
539.0 95.67385911941528
540.0 93.95149946212769
541.0 91.39044880867004
542.0 88.66497874259949
543.0 85.04756093025208
544.0 80.47401309013367
545.0 76.45114064216614
546.0 71.42120599746704
547.0 66.82345271110535
548.0 62.21247315406799
549.0 58.017098903656006
550.0 54.677098989486694
551.0 51.445335149765015
552.0 49.003514647483826
553.0 46.47382199764252
554.0 43.671295046806335
555.0 40.56236445903778
556.0 36.42466962337494
557.0 31.631916761398315
558.0 26.325979828834534
559.0 21.019867062568665
560.0 15.82711637020111
561.0 10.941645503044128
562.0 7.136982679367065
563.0 4.294645041227341
564.0 2.3869549855589867
565.0 1.189096737653017
566.0 0.6104487925767899
567.0 0.31654960475862026
568.0 0.19141039811074734
569.0 0.10625806171447039
570.0 0.08652174728922546
571.0 0.05872641922906041
572.0 0.0635709788184613
573.0 0.039406787254847586
574.0 0.05649679806083441
575.0 0.027017833781428635
576.0 0.0432224158430472
577.0 0.025967208785004914
578.0 0.026924966368824244
579.0 0.028769971686415374
580.0 0.037610557046718895
581.0 0.027446073363535106
582.0 0.026189949130639434
583.0 0.024602963821962476
584.0 0.02165832556784153
585.0 0.019995936600025743
586.0 0.02230633544968441
587.0 0.011340638593537733
588.0 0.021786938305012882
589.0 0.01727751223370433
590.0 0.01835094444686547
591.0 0.01612745109014213
592.0 0.015064288163557649
593.0 0.009195561870001256
594.0 0.021618088067043573
595.0 0.013662817946169525
596.0 0.014432001626119018
597.0 0.013667086022906005
598.0 0.00864976755110547
599.0 0.005132275327923708
600.0 0.017785097588784993
601.0 0.002194887747464236
602.0 0.0022309497580863535
603.0 0.002267011768708471
604.0 0.00202490537049016
605.0 0.0017827986084739678
606.0 0.0018342539988225326
607.0 0.001885709207272157
608.0 0.0019148310457239859
609.0 0.0019439527022768743
610.0 0.0019672675989568233
611.0 0.001990582313737832
612.0 0.0018243008526042104
613.0 0.001658019573369529
614.0 0.0016408839655923657
615.0 0.0016237483578152023
616.0 0.0015363662896561436
617.0 0.0014489845852949657
618.0 0.0015273491953848861
619.0 0.0016057138054748066
620.0 0.0014755712982150726
621.0 0.001345428427157458
622.0 0.0013758925888396334
623.0 0.0014063563867239282
624.0 0.0014672767065349035
625.0 0.0015281972082448192
626.0 0.0014739311154698953
627.0 0.0014196649317455012
628.0 0.001547257306810934
629.0 0.0016748497728258371
630.0 0.001583467746968381
631.0 0.0014920859030098654
632.0 0.0014172022929415107
633.0 0.001342318682873156
634.0 0.001431921646144474
635.0 0.0015215248822642025
636.0 0.0014484983694273978
637.0 0.0013754716746916529
638.0 0.0013099948773742653
639.0 0.0012445180800568778
640.0 0.0012878056622867007
641.0 0.0013310933354659937
642.0 0.0013430067156150471
643.0 0.001354920368612511
644.0 0.0012012815204798244
645.0 0.0010476430361450184
646.0 0.0011270764844084624
647.0 0.0012065098417224362
648.0 0.0012677616723522078
649.0 0.0013290135029819794
650.0 0.0012134488315496128
651.0 0.0010978839782183059
652.0 0.001131711178459227
653.0 0.0011655382877506781
654.0 0.0011688741324178409
655.0 0.0011722097951860633
656.0 0.0011284920219623018
657.0 0.0010847744306374807
658.0 0.0011023348633898422
659.0 0.0011198955689906143
660.0 0.0010675695193640422
661.0 0.0010152434697374701
662.0 0.001054536369338166
663.0 0.0010938291779893916
664.0 0.0011802105291280895
665.0 0.001266591607418377
666.0 0.0012112448530388065
667.0 0.0011558981896087062
668.0 0.0011514698599057738
669.0 0.0011470415302028414
670.0 0.001177636113425251
671.0 0.001208230787597131
672.0 0.0011971659660048317
673.0 0.0011861013263114728
674.0 0.00115166803880129
675.0 0.0011172348422405776
676.0 0.0011008477486029733
677.0 0.0010844603821169585
678.0 0.001064442221831996
679.0 0.0010444242434459738
680.0 0.001012350639939541
681.0 0.0009802773092815187
682.0 0.0009792946912057232
683.0 0.000978312255028868
684.0 0.000989386171568185
685.0 0.001000459997158032
686.0 0.0010213923815172166
687.0 0.0010423247658764012
688.0 0.0010259301234327722
689.0 0.001009535390039673
690.0 0.0011375218491593841
691.0 0.001265508217329625
692.0 0.001124137361330213
693.0 0.0009827666872297414
694.0 0.0009910260814649519
695.0 0.0009992855666496325
696.0 0.0011019996236427687
697.0 0.0012047138625348452
698.0 0.0012347516531008296
699.0 0.0012647893527173437
700.0 0.0012859534763265401
701.0 0.0013071174180367962
702.0 0.001248060834768694
703.0 0.0011890041605511215
704.0 0.0011788732990680728
705.0 0.0011687421647366136
706.0 0.0011086062841059174
707.0 0.001048470221576281
708.0 0.0010784116966533475
709.0 0.001108353171730414
710.0 0.0011961712516495027
711.0 0.001283989149669651
712.0 0.001356778921035584
713.0 0.001429568601452047
714.0 0.0014323534742288757
715.0 0.0014351384379551746
716.0 0.001472438179916935
717.0 0.0015097381037776358
718.0 0.0017109279724536464
719.0 0.0019121182049275376
720.0 0.0016694275473128073
721.0 0.0014267369806475472
722.0 0.0015982499462552369
723.0 0.0017697628209134564
724.0 0.0017860949810710736
725.0 0.00180242677743081
726.0 0.0018832952264347114
727.0 0.001964163311640732
728.0 0.0020855866750935093
729.0 0.0022070100385462865
730.0 0.0021297382772900164
731.0 0.0020524670617305674
732.0 0.0019146564227412455
733.0 0.0017768461475498043
734.0 0.0015187890312517993
735.0 0.001260731733054854
736.0 0.0011139615708088968
737.0 0.0009671913176134694
738.0 0.0009523466360406019
739.0 0.0009375018635182641
740.0 0.000860302952787606
741.0 0.000783104042056948
742.0 0.0008368740054720547
743.0 0.0008906443326850422
744.0 0.0008955041266744956
745.0 0.0009003640116134193
746.0 0.0006741208835592261
747.0 0.00044787766455556266
748.0 0.0005760189651482506
749.0 0.0007041600838419981
750.0 0.0007967741112224758
751.0 0.0008893881386029534
752.0 0.0009256341400032397
753.0 0.0009618801414035261
754.0 0.0008185634214896709
755.0 0.0006752466106263455
756.0 0.0007643736353202257
757.0 0.000853500660014106
758.0 0.0009862626939138863
759.0 0.0011190248187631369
760.0 0.0009687484634923749
761.0 0.0008184718353732023
762.0 0.0007920908501546364
763.0 0.0007657097739866003
764.0 0.0008681666258780751
765.0 0.0009706236596684903
766.0 0.0008597096893936396
767.0 0.0007487959464924643
768.0 0.0006983564617257798
769.0 0.0006479170679085655
770.0 0.0006925592970219441
771.0 0.0007372016170847928
772.0 0.0006871927780593978
773.0 0.0006371838026097976
774.0 0.0005156693532626377
775.0 0.00039415485844074283
776.0 0.0005106030585011467
777.0 0.0006270511676120805
778.0 0.000608467325946549
779.0 0.0005898835752304876
780.0 0.0006061161911929958
781.0 0.000622348852630239
782.0 0.0004960329533787444
783.0 0.00036971709960198496
784.0 0.00038684993342030793
785.0 0.0004039827672386309
786.0 0.00045798879000358284
787.0 0.0005119948127685348
788.0 0.0004460898708202876
789.0 0.0003801849970841431
790.0 0.00047067837840586435
791.0 0.0005611718279396882
792.0 0.0004357986199465813
793.0 0.0003104254574282095
794.0 0.00036706887840409763
795.0 0.0004237122993799858
796.0 0.00034013460208370816
797.0 0.00025655690478743054
798.0 0.0002794142801576527
799.0 0.0003022716327905073
800.0 0.00039637616282561794
801.0 0.0004904807155980961
802.0 0.0005730300927098142
803.0 0.0006555795152962673
804.0 0.0006217185728019103
805.0 0.0005878575848328182
806.0 0.0004474220531847095
807.0 0.00030698649879923323
808.0 0.0003908110102202045
809.0 0.00047463558985327836
810.0 0.00039367132558254525
811.0 0.0003127069476249744
812.0 0.0003752805014300975
813.0 0.00043785407797258813
814.0 0.000423721121478593
815.0 0.0004095881649845978
816.0 0.0005079694346932229
817.0 0.000606350749876583
818.0 0.000422499715568847
819.0 0.0002386486585237435
820.0 0.00033223166155949
821.0 0.0004258146873326041
822.0 0.0004273771537555149
823.0 0.0004289395747036906
824.0 0.00045998335735930596
825.0 0.0004910271400149213
826.0 0.00048628990043653175
827.0 0.0004815527063328773
828.0 0.00045449728531821165
829.0 0.00042744181882881094
830.0 0.00031923225378704956
831.0 0.00021102268874528818
832.0 0.0003200953415216645
833.0 0.00042916799429804087
834.0 0.0003989842753071571
835.0 0.0003688003971547005
836.0 0.0004074342541571241
837.0 0.00044606799747271
838.0 0.0005313053407007828
839.0 0.0006165426384541206
840.0 0.0006124751052993815
841.0 0.0006084076176193776
842.0 0.0005499590315594105
843.0 0.0004915104454994434
844.0 0.0005966943717794493
845.0 0.00070187825258472
846.0 0.00045627725739905145
847.0 0.00021067621673864778
848.0 0.00030866681299812626
849.0 0.00040665745473233983
850.0 0.00032005468710849527
851.0 0.00023345194222201826
852.0 0.0002592483951957547
853.0 0.00028504484816949116
854.0 0.00025230949631804833
855.0 0.0002195741444666055
856.0 0.0003254104285588255
857.0 0.00043124673538841307
858.0 0.0004784880729857832
859.0 0.0005257294560578885
860.0 0.0005507139576366171
861.0 0.0005756984137406107
862.0 0.0005273720944387605
863.0 0.0004790457296621753
864.0 0.000434383127867477
865.0 0.00038972052607277874
866.0 0.0005052621872891905
867.0 0.000620803757556132
868.0 0.0005191489890421508
869.0 0.00041749417505343445
870.0 0.0004235132109897677
871.0 0.0004295323378755711
872.0 0.0005005006187275285
873.0 0.0005714690360036911
874.0 0.0006454000413214089
875.0 0.0007193310921138618
876.0 0.0006221369403647259
877.0 0.0005249427431408549
878.0 0.0005347464593796758
879.0 0.0005445501756184967
880.0 0.0006126749667600961
881.0 0.0006807998943259008
882.0 0.000574891646465403
883.0 0.0004689834440796403
884.0 0.0004737517883768305
885.0 0.00047852004172455054
886.0 0.0005174013040232239
887.0 0.0005562825663218973
888.0 0.0005707458512915764
889.0 0.0005852092272107257
890.0 0.0005617346687358804
891.0 0.0005382601102610352
892.0 0.0005236214747128543
893.0 0.0005089828846394084
894.0 0.00040049153540167026
895.0 0.00029200020890129963
896.0 0.00038531261452590115
897.0 0.00047862499741313513
898.0 0.00043275676944176666
899.0 0.0003868885414703982
900.0 0.00035806190226139734
901.0 0.0003292352175776614
902.0 0.0004407888809510041
903.0 0.0005523425443243468
904.0 0.0005814828909933567
905.0 0.0006106232376623666
906.0 0.0004948274181515444
