lsstCam/transmission_filter_detector/r31_s12/g_6/19700101T000000.ecsv
# %ECSV 1.0
# ---
# datatype:
# - {name: wavelength, unit: nm, datatype: float32}
# - {name: efficiency, unit: '%', datatype: float64}
# meta: !!omap
# - {MODE: DETECTOR}
# - {TYPE: transmission_filter_detector}
# - {CALIBDATE: '1970-01-01T00:00:00'}
# - {INSTRUME: LSSTCam}
# - {OBSTYPE: transmission_filter_detector}
# - {CALIBCLS: lsst.ip.isr.IntermediateFilterDetectorTransmissionCurve}
# - {SOURCE: Materion (DM-46256)}
# - {DETECTOR: 131}
# - {FILTER: g_6}
# - {CALIB_ID: 'calibDate=1970-01-01T00:00:00 filter=g_6 detector=131'}
# - {DATE: '2025-04-02T15:59:42.634114'}
# - {CALIB_CREATION_DATE: '2025-04-02'}
# - {CALIB_CREATION_TIME: '15:59:42'}
# - __serialized_columns__:
#     efficiency:
#       __class__: astropy.units.quantity.Quantity
#       unit: !astropy.units.Unit {unit: '%'}
#       value: !astropy.table.SerializedColumn {name: efficiency}
#     wavelength:
#       __class__: astropy.units.quantity.Quantity
#       unit: !astropy.units.Unit {unit: nm}
#       value: !astropy.table.SerializedColumn {name: wavelength}
# schema: astropy-2.0
wavelength efficiency
[from data line 608]
908.0 0.0004402456852403702
909.0 0.0005014597263652831
910.0 0.0004815134161617607
911.0 0.00046156715143297333
912.0 0.0004632614491129061
913.0 0.000464955792267574
914.0 0.0004350925337348599
915.0 0.0004052292297274107
916.0 0.00037757374684588285
917.0 0.00034991828670172254
918.0 0.00041561524994904175
919.0 0.0004813123268831987
920.0 0.0004300142336433055
921.0 0.0003787161404034123
922.0 0.00036290591651777504
923.0 0.00034709571536950534
924.0 0.00044486964725365397
925.0 0.0005426435109257
926.0 0.0004987257398170186
927.0 0.0004548079232336022
928.0 0.0005780815627076663
929.0 0.0007013552476564655
930.0 0.0005994604634906864
931.0 0.0004975658612238476
932.0 0.0005266263997327769
933.0 0.0005556870291911764
934.0 0.000693024003339815
935.0 0.0008303610229631886
936.0 0.0006900253993080696
937.0 0.0005496897301782155
938.0 0.0004944901320413919
939.0 0.00043929067032877356
940.0 0.0005593580681306776
941.0 0.0006794254204578465
942.0 0.0006175573162181536
943.0 0.0005556892574531958
944.0 0.0004920229002891574
945.0 0.0004283564521756489
946.0 0.0006130910605861573
947.0 0.0007978257599461358
948.0 0.0007732292942819186
949.0 0.0007486328740924364
950.0 0.000686154089635238
951.0 0.0006236752597033046
952.0 0.0008757207979215309
953.0 0.0011277664270892274
954.0 0.0010546139492362272
955.0 0.0009814611985348165
956.0 0.0007821111466910224
957.0 0.0005827610948472284
958.0 0.0006555529125762405
959.0 0.0007283446848305175
960.0 0.0007600966000609333
961.0 0.0007918483788671438
962.0 0.0007330156677198829
963.0 0.0006741827746736817
964.0 0.0007020754310360644
965.0 0.0007299679054995067
966.0 0.0007770378942950629
967.0 0.000824107883090619
968.0 0.0007375970653811237
969.0 0.0006510863386210985
970.0 0.0006445891813200433
971.0 0.000638092024018988
972.0 0.0006126737844169838
973.0 0.0005872554538655095
974.0 0.0007196816113719251
975.0 0.0008521078598278109
976.0 0.000831070701678982
977.0 0.0008100335435301531
978.0 0.0008602607522334438
979.0 0.0009104877790377941
980.0 0.0008994235031423159
981.0 0.0008883591362973675
982.0 0.0009451805453863926
983.0 0.001002002045424888
984.0 0.0011435149644967169
985.0 0.0012850277016696054
986.0 0.001293743662245106
987.0 0.0013024596228206065
988.0 0.0012168242392363027
989.0 0.0011311886737530585
990.0 0.0012158608114987146
991.0 0.0013005329492443707
992.0 0.001297864037042018
993.0 0.0012951951248396654
994.0 0.001304054330830695
995.0 0.0013129137187206652
996.0 0.0012720439372060355
997.0 0.0012311740647419356
998.0 0.0011267015906923916
999.0 0.0010222291166428477
1000.0 0.0011591436305025127
1001.0 0.0012960578715137672
1002.0 0.0012636628525797278
1003.0 0.0012312680155446287
1004.0 0.0012738598343275953
1005.0 0.001316451744060032
1006.0 0.0014278096386988182
1007.0 0.001539167351438664
1008.0 0.001426005837856792
1009.0 0.0013128441423759796
1010.0 0.0014465497770288493
1011.0 0.0015802555935806595
1012.0 0.0016750280337873846
1013.0 0.0017698004739941098
1014.0 0.0020552086425595917
1015.0 0.0023406166292261332
1016.0 0.0024241740902652964
1017.0 0.0025077315513044596
1018.0 0.0027161537218489684
1019.0 0.0029245758923934773
1020.0 0.0031413568649441004
1021.0 0.0033581378374947235
1022.0 0.0036249086406314746
1023.0 0.0038916798075661063
1024.0 0.003921374081983231
1025.0 0.003951068356400356
1026.0 0.004281588917365298
1027.0 0.00461210947833024
1028.0 0.0047621284466004
1029.0 0.00491214741487056
1030.0 0.005034799323766492
1031.0 0.0051574512326624244
1032.0 0.005248550223768689
1033.0 0.005339649578672834
1034.0 0.005445894930744544
1035.0 0.005552140646614134
1036.0 0.005831211819895543
1037.0 0.006110282993176952
1038.0 0.006123506318544969
1039.0 0.006136730371508747
1040.0 0.006212011066963896
1041.0 0.006287292490014806
1042.0 0.006361889245454222
1043.0 0.006436486728489399
1044.0 0.006921564636286348
1045.0 0.007406641816487536
1046.0 0.00810815836302936
1047.0 0.008809673454379663
1048.0 0.009898210555547848
1049.0 0.010986748384311795
1050.0 0.012875243555754423
1051.0 0.014763738727197051
1052.0 0.017620455764699727
1053.0 0.020477172802202404
1054.0 0.02509907353669405
1055.0 0.029720968450419605
1056.0 0.03553517162799835
1057.0 0.04134936025366187
1058.0 0.048928550677374005
1059.0 0.056507723638787866
1060.0 0.06513989064842463
1061.0 0.07377206929959357
1062.0 0.08194904075935483
1063.0 0.09012601803988218
1064.0 0.09806790621951222
1065.0 0.10600978275761008
1066.0 0.11339596239849925
1067.0 0.12078214203938842
1068.0 0.12878375127911568
1069.0 0.13678536051884294
1070.0 0.1461323001421988
1071.0 0.15547920484095812
1072.0 0.1651186728850007
1073.0 0.17475815257057548
1074.0 0.1845620572566986
1075.0 0.19436597358435392
1076.0 0.20485564600676298
1077.0 0.21534536499530077
1078.0 0.22568523418158293
1079.0 0.23602512665092945
1080.0 0.2504687290638685
1081.0 0.26491230819374323
1082.0 0.2853560494259
1083.0 0.30579976737499237
1084.0 0.34301842097193
1085.0 0.3802370745688677
1086.0 0.4217570647597313
1087.0 0.46327700838446617
1088.0 0.5118194036185741
1089.0 0.5603617988526821
1090.0 0.6379606202244759
1091.0 0.7155594415962696
1092.0 0.7857968099415302
1093.0 0.8560344576835632
1094.0 0.9023069404065609
1095.0 0.948579702526331
1096.0 1.0068994015455246
1097.0 1.0652189143002033
1098.0 1.1637242510914803
1099.0 1.2622295878827572
1100.0 1.4196262694895267
1101.0 1.5770230442285538
