lsstCam/transmission_filter_detector/r10_s21/r_57/19700101T000000.ecsv
# %ECSV 1.0
# ---
# datatype:
# - {name: wavelength, unit: nm, datatype: float32}
# - {name: efficiency, unit: '%', datatype: float64}
# meta: !!omap
# - {MODE: DETECTOR}
# - {TYPE: transmission_filter_detector}
# - {CALIBDATE: '1970-01-01T00:00:00'}
# - {INSTRUME: LSSTCam}
# - {OBSTYPE: transmission_filter_detector}
# - {CALIBCLS: lsst.ip.isr.IntermediateFilterDetectorTransmissionCurve}
# - {SOURCE: Materion (DM-46256)}
# - {DETECTOR: 34}
# - {FILTER: r_57}
# - {CALIB_ID: 'calibDate=1970-01-01T00:00:00 filter=r_57 detector=34'}
# - {DATE: '2025-04-02T15:59:44.342553'}
# - {CALIB_CREATION_DATE: '2025-04-02'}
# - {CALIB_CREATION_TIME: '15:59:44'}
# - __serialized_columns__:
#     efficiency:
#       __class__: astropy.units.quantity.Quantity
#       unit: !astropy.units.Unit {unit: '%'}
#       value: !astropy.table.SerializedColumn {name: efficiency}
#     wavelength:
#       __class__: astropy.units.quantity.Quantity
#       unit: !astropy.units.Unit {unit: nm}
#       value: !astropy.table.SerializedColumn {name: wavelength}
# schema: astropy-2.0
wavelength efficiency
300.0 0.0024197546736104414
301.0 0.005970537313260138
302.0 0.009521319589111954
303.0 0.01213491996168159
304.0 0.014748518879059702
305.0 0.013687361206393689
306.0 0.012626203533727676
307.0 0.011410493607399985
308.0 0.010194784408668056
309.0 0.009031790250446647
310.0 0.007868797547416762
311.0 0.0074045332439709455
312.0 0.006940268212929368
313.0 0.006812286301283166
314.0 0.006684303662041202
315.0 0.00588831608183682
316.0 0.005092328865430318
317.0 0.004734438334708102
318.0 0.004376547803985886
319.0 0.004291112418286502
320.0 0.00420567776018288
321.0 0.004043477747472934
322.0 0.0038812780985608697
323.0 0.0035702858440345153
324.0 0.0032592928619123995
325.0 0.003212657611584291
326.0 0.003166022361256182
327.0 0.0030490336939692497
328.0 0.0029320457542780787
329.0 0.003000678952957969
330.0 0.0030693114240420982
331.0 0.0027696836696122773
332.0 0.002470055733283516
333.0 0.0022208807422430255
334.0 0.0019717055693035945
335.0 0.0017293363271164708
336.0 0.0014869672668282874
337.0 0.001398746644554194
338.0 0.0013105258403811604
339.0 0.0012764111488650087
340.0 0.001242296457348857
341.0 0.0012317460459598806
342.0 0.0012211957255203743
343.0 0.0011380955584172625
344.0 0.001054995482263621
345.0 0.0010049380762211513
346.0 0.0009548806701786816
347.0 0.0010088974704558495
348.0 0.0010629141797835473
349.0 0.001028947372105904
350.0 0.005827713175676763
351.0 0.006140305049484596
352.0 0.006452896195696667
353.0 0.005395561674959026
354.0 0.004338227881817147
355.0 0.004428868851391599
356.0 0.0045195105485618114
357.0 0.006285635026870295
358.0 0.00805176023277454
359.0 0.006028528150636703
360.0 0.0040052964322967455
361.0 0.002743775439739693
362.0 0.0014822545381321106
363.0 0.0026222582164336927
364.0 0.0037622616218868643
365.0 0.0038688322092639282
366.0 0.003975403160438873
367.0 0.00299488765449496
368.0 0.002014372148551047
369.0 0.0016968382624327205
370.0 0.0013793047401122749
371.0 0.0021479920178535394
372.0 0.0029166794774937443
373.0 0.003248660868848674
374.0 0.003580642442102544
375.0 0.003258540527895093
376.0 0.0029364389774855226
377.0 0.001331234034296358
378.0 1.640742880101853e-10
379.0 0.0007931459549581632
380.0 0.0018602626369101927
381.0 0.0027256317480350845
382.0 0.003591001222957857
383.0 0.0033781172533053905
384.0 0.0031652336474508047
385.0 0.004273697049939074
386.0 0.005382160088629462
387.0 0.004794027699972503
388.0 0.004205894947517663
389.0 0.0036579698644345626
390.0 0.0031100440537557006
391.0 0.0023294032871490344
392.0 0.001548762884340249
393.0 0.0015569381503155455
394.0 0.0015651130524929613
395.0 0.0011683708180498797
396.0 0.0007716285836067982
397.0 0.0008186310878954828
398.0 0.0008656340469315182
399.0 0.0006765190391888609
400.0 0.00048740344027464744
401.0 0.00013069754913885845
402.0 1.640742880101853e-10
403.0 0.00016874594166438328
404.0 0.000563501180295134
405.0 0.0008645937668916304
406.0 0.0011656858987407759
407.0 0.0017144686353276484
408.0 0.0022632511900155805
409.0 0.0019272656572866254
410.0 0.0015912801245576702
411.0 0.0010805047168105375
412.0 0.0005697293545381399
413.0 0.0006704990028083557
414.0 0.0007712686056038365
415.0 0.0007127146091079339
416.0 0.0006541609764099121
417.0 0.001236511980096111
418.0 0.001818863529479131
419.0 0.0022305423044599593
420.0 0.0026422210794407874
421.0 0.004179245661362074
422.0 0.005716270243283361
423.0 0.008818186324788257
424.0 0.011920101678697392
425.0 0.016202584083657712
426.0 0.020485062850639224
427.0 0.021069261129014194
428.0 0.021653460862580687
429.0 0.016507213877048343
430.0 0.011360966891516
431.0 0.008120881830109283
432.0 0.004880795313511044
433.0 0.003938751251553185
434.0 0.002996706825797446
435.0 0.00231814083235804
436.0 0.0016395746570196934
437.0 0.0015636063835700043
438.0 0.001487638564867666
439.0 0.001155687823484186
440.0 0.0008237370821007062
441.0 0.001098044594982639
442.0 0.0013723521078645717
443.0 0.0016252331988653168
444.0 0.0018781145627144724
445.0 0.0018683585949474946
446.0 0.0018586024452815764
447.0 0.0016896070519578643
448.0 0.001520611567684682
449.0 0.0014336260392155964
450.0 0.00134664014694863
451.0 0.001517680266260868
452.0 0.001688720476522576
453.0 0.0016644695278955624
454.0 0.001640218761167489
455.0 0.0014629235920438077
456.0 0.0012856284229201265
457.0 0.0009224476343661081
458.0 0.0005592669367615599
459.0 0.0008079223334789276
460.0 0.0010565777301962953
461.0 0.0017343541912850924
462.0 0.002412130379525479
463.0 0.0031086405215319246
464.0 0.00380515048163943
465.0 0.0048373105528298765
466.0 0.005869470624020323
467.0 0.0064875464886426926
468.0 0.007105623080860823
469.0 0.006118135206634179
470.0 0.005130648787599057
471.0 0.003922127143596299
472.0 0.0027136051357956603
473.0 0.002242104346805718
474.0 0.0017706031940178946
475.0 0.0014534265574184246
476.0 0.0011362501936673652
477.0 0.0009180335837299936
478.0 0.0006998168373684166
479.0 0.0008722404345462564
480.0 0.0010446637134009507
481.0 0.0008192939276341349
482.0 0.0005939243237662595
483.0 0.0006809175374655752
484.0 0.0007679105692659505
485.0 0.00064318960539822
486.0 0.0005184684596315492
487.0 0.0005428693839348853
488.0 0.0005672702172887512
489.0 0.0005478860202856595
490.0 0.0005285018232825678
491.0 0.0006940126695553772
492.0 0.0008595235158281866
493.0 0.0010032556929218117
494.0 0.0011469880519143771
495.0 0.000970549626799766
496.0 0.0007941112016851548
497.0 0.001108899505197769
498.0 0.001423687626811443
499.0 0.0013822807886754163
500.0 0.0013408739505393896
501.0 0.0015422427168232389
502.0 0.0017436117559554987
503.0 0.002075503289233893
504.0 0.0024073948225122876
505.0 0.002984083585033659
506.0 0.0035607725294539705
507.0 0.004240834459778853
508.0 0.004920896026305854
509.0 0.005416552448878065
510.0 0.005912207416258752
511.0 0.005191607488086447
512.0 0.004471007559914142
513.0 0.0038446592952823266
514.0 0.003218311394448392
515.0 0.0030149330996209756
516.0 0.0028115551685914397
517.0 0.0025851330065052025
518.0 0.002358710662520025
519.0 0.05981108406558633
520.0 0.06313507910817862
521.0 0.1467104535549879
522.0 0.06532513652928174
523.0 0.08618722204118967
524.0 0.08143330342136323
525.0 0.12710109585896134
526.0 0.13718961272388697
527.0 0.12924717739224434
528.0 0.051206472562626004
529.0 0.17869850853458047
530.0 0.14871313469484448
531.0 0.1934418105520308
532.0 0.27388371527194977
533.0 0.33639688044786453
534.0 0.3812587121501565
535.0 0.5693667568266392
536.0 0.8881630375981331
537.0 1.3829970732331276
538.0 2.060341089963913
539.0 3.2898463308811188
540.0 4.998159408569336
541.0 7.179731875658035
542.0 9.939798712730408
543.0 13.519179821014404
544.0 17.731501162052155
545.0 22.40806221961975
546.0 28.250160813331604
547.0 35.04195809364319
548.0 42.97013580799103
549.0 51.18169188499451
550.0 57.6397180557251
551.0 64.62675929069519
552.0 69.52694058418274
553.0 73.94784688949585
554.0 77.70638465881348
555.0 81.73221945762634
556.0 85.08188724517822
557.0 87.49908804893494
558.0 90.49380421638489
559.0 93.32617521286011
560.0 93.46727132797241
561.0 94.93159055709839
562.0 95.63528895378113
563.0 94.80932950973511
564.0 95.79876065254211
565.0 95.52231431007385
566.0 95.795077085495
567.0 95.5886721611023
568.0 96.03626132011414
569.0 96.59169316291809
570.0 96.21469378471375
571.0 96.91529273986816
572.0 96.88259363174438
573.0 96.93024158477783
574.0 97.05514311790466
575.0 97.09771275520325
576.0 97.67890572547913
577.0 97.30314612388611
578.0 97.25922346115112
579.0 97.08295464515686
580.0 96.75300121307373
581.0 96.58473134040833
582.0 96.79850935935974
583.0 96.67900204658508
584.0 96.45138382911682
585.0 96.45533561706543
586.0 96.70314192771912
587.0 96.4582622051239
588.0 96.44566774368286
589.0 97.22984433174133
590.0 96.49990200996399
591.0 96.4404284954071
592.0 96.09509110450745
593.0 95.77726721763611
594.0 96.04923725128174
595.0 96.41222953796387
596.0 97.12517857551575
597.0 97.41523265838623
598.0 97.11133241653442
599.0 96.83610200881958
600.0 97.07774519920349
601.0 96.13264203071594
602.0 96.75583839416504
603.0 96.54476642608643
604.0 96.27490043640137
605.0 97.25150465965271
606.0 96.33166193962097
607.0 96.31438255310059
608.0 96.50762677192688
609.0 95.60810327529907
610.0 95.9172010421753
611.0 95.85902690887451
612.0 95.86814045906067
613.0 96.76832556724548
614.0 96.83964252471924
615.0 95.93710899353027
616.0 96.6233491897583
617.0 96.63603901863098
618.0 96.56877517700195
619.0 97.05340266227722
620.0 95.77063322067261
621.0 95.52482962608337
622.0 96.53613567352295
623.0 96.61984443664551
624.0 96.71003818511963
625.0 97.020423412323
626.0 96.27911448478699
627.0 95.41878700256348
628.0 97.42562770843506
629.0 95.57309150695801
630.0 96.40125036239624
631.0 96.11929059028625
632.0 96.8865156173706
633.0 96.66340351104736
634.0 95.66354155540466
635.0 96.19901776313782
636.0 96.03958129882812
637.0 95.67793607711792
638.0 95.47237157821655
639.0 95.40246725082397
640.0 95.65002918243408
641.0 95.51365375518799
642.0 95.87065577507019
643.0 96.16560339927673
644.0 96.11309170722961
645.0 95.99276185035706
646.0 96.38766646385193
647.0 96.79713845252991
648.0 96.71285152435303
649.0 95.75042724609375
650.0 96.65115475654602
651.0 96.9023585319519
652.0 96.73696756362915
653.0 95.78673243522644
654.0 96.7847228050232
655.0 96.66780829429626
656.0 95.97399830818176
657.0 95.97874283790588
658.0 96.31369709968567
659.0 96.30306363105774
660.0 95.77625393867493
661.0 95.52007913589478
662.0 96.00342512130737
663.0 95.89959979057312
664.0 95.34427523612976
665.0 95.56813836097717
666.0 95.47813534736633
667.0 95.88508009910583
668.0 95.2129065990448
669.0 95.89647054672241
670.0 95.37196159362793
671.0 95.50060033798218
672.0 95.54482698440552
673.0 95.74010968208313
674.0 95.02394199371338
675.0 95.74264883995056
676.0 95.13410329818726
677.0 93.983393907547
678.0 93.31714510917664
679.0 92.20929145812988
680.0 91.39539003372192
681.0 90.12153148651123
682.0 87.83174753189087
683.0 85.24519801139832
684.0 81.9265067577362
685.0 78.5944402217865
686.0 74.77483749389648
687.0 70.20086646080017
688.0 65.76210856437683
689.0 61.52017116546631
690.0 56.42264485359192
691.0 52.50951647758484
692.0 47.730645537376404
693.0 43.36221516132355
694.0 38.169604539871216
695.0 32.89560377597809
696.0 27.56936550140381
697.0 22.53657877445221
698.0 16.68131649494171
699.0 12.150508165359497
700.0 8.447299152612686
701.0 5.345967039465904
702.0 3.3558178693056107
703.0 1.9290905445814133
704.0 1.0392977856099606
705.0 0.6387394852936268
706.0 0.3983262926340103
707.0 0.2624382032081485
708.0 0.163836102001369
709.0 0.1397698768414557
710.0 0.08146950276568532
711.0 0.11807034024968743
712.0 0.011705832730513066
713.0 0.07302387384697795
714.0 0.032113847555592656
715.0 0.08760216878727078
716.0 0.03398366388864815
717.0 0.0838282285258174
718.0 0.05243249470368028
719.0 0.03313410561531782
720.0 1.640742880101853e-10
721.0 0.004473801891435869
722.0 0.004233239451423287
723.0 0.0039926773752085865
724.0 0.003652232771855779
725.0 0.0033117885323008522
726.0 0.003083912451984361
727.0 0.0028560365535668097
728.0 0.00271411790890852
729.0 0.00257219926425023
730.0 0.002401869096502196
731.0 0.0022315392925520428
732.0 0.0021848934920853935
733.0 0.0021382478735176846
734.0 0.002099274752254132
735.0 0.0020603014490916394
736.0 0.0018441531210555695
737.0 0.0016280046111205593
738.0 0.0016634889107081108
739.0 0.0016989733921946026
740.0 0.0016437854355899617
741.0 0.0015885976608842611
742.0 0.0014470232599705923
743.0 0.0013054489500063937
744.0 0.001389199860568624
745.0 0.0014729507711308543
746.0 0.0013956646398582961
747.0 0.001318378508585738
748.0 0.0011597054253797978
749.0 0.0010010322512243874
750.0 0.000985301721811993
751.0 0.0009695714652480092
752.0 0.001047852583724307
753.0 0.0011261337931500748
754.0 0.0011139624803035986
755.0 0.001101791531255003
756.0 0.0010471367204445414
757.0 0.0009924817277351394
758.0 0.001059835540218046
759.0 0.001127189170802012
760.0 0.001121654531743843
761.0 0.0011161201655340847
762.0 0.0011186055417056195
763.0 0.0011210914635739755
764.0 0.0010749110515462235
765.0 0.0010287307304679416
766.0 0.0008379600330954418
767.0 0.000647189381197677
768.0 0.0006339703759294935
769.0 0.0006207511887623696
770.0 0.000742820475352346
771.0 0.0008648898983665276
772.0 0.0007836310942366254
773.0 0.0007023720627330476
774.0 0.0008117752258840483
775.0 0.0009211783435603138
776.0 0.0009067785867955536
777.0 0.0008923788300307933
778.0 0.0008684349268150982
779.0 0.0008444912054983433
780.0 0.0007615916729264427
781.0 0.0006786921858292772
782.0 0.0007361959433183074
783.0 0.0007936995643831324
784.0 0.0008511527994414791
785.0 0.0009086056707019452
786.0 0.0007904844096628949
787.0 0.0006723631940985797
788.0 0.00067962982939207
789.0 0.0006868966920592356
790.0 0.0007037435352685861
791.0 0.0007205903330032015
792.0 0.0007549120709882118
793.0 0.000789233763498487
794.0 0.0008097292266029399
795.0 0.0008302243259095121
796.0 0.0006684479103569174
797.0 0.0005066714493295876
798.0 0.0006624220532103209
799.0 0.000818172611616319
800.0 0.0007663120413781144
801.0 0.0007144513347157044
802.0 0.0006147240583231905
803.0 0.0005149966000317363
804.0 0.0006841681170044467
805.0 0.0008533396794518922
806.0 0.0007162659585446818
807.0 0.0005791922831122065
808.0 0.0006956541710678721
809.0 0.0008121161044982728
810.0 0.0006904747806402156
811.0 0.0005688336841558339
812.0 0.0006519336693600053
813.0 0.0007350335636147065
814.0 0.0006078316800994799
815.0 0.0004806297965842532
816.0 0.0006217355803528335
817.0 0.000762841455070884
818.0 0.0006400601705536246
819.0 0.0005172788405616302
820.0 0.00042672954805311747
821.0 0.00033618021006986964
822.0 0.00039010619730106555
823.0 0.00044403223000699654
824.0 0.00045128736019250937
825.0 0.0004585424903780222
826.0 0.0005237122422840912
827.0 0.00058888190324069
828.0 0.00045719366426055785
829.0 0.0003255053343309555
830.0 0.00018670649524210603
831.0 4.790766752194031e-05
832.0 3.9599521528543846e-05
833.0 3.1291369850805495e-05
834.0 1.640742880101853e-10
835.0 1.640742880101853e-10
836.0 0.0002702032816159772
837.0 0.0005845618488820037
838.0 0.0007391403414658271
839.0 0.0008937188795243856
840.0 0.001199171947519062
841.0 0.0015046250155137386
842.0 0.0020502793631749228
843.0 0.002595933801785577
844.0 0.002607982787594665
845.0 0.002620031955302693
846.0 0.002816189225995913
847.0 0.0030123461328912526
848.0 0.002898219281632919
849.0 0.0027840922484756447
850.0 0.0022366291887010448
851.0 0.0016891661289264448
852.0 0.0014316026863525622
853.0 0.001174038970930269
854.0 0.001042954136210028
855.0 0.0009118690286413766
856.0 0.0006712574304401642
857.0 0.0004306459231884219
858.0 0.0005523191248357762
859.0 0.0006739922355336603
860.0 0.0005400475401984295
861.0 0.0004061027993884636
862.0 0.0003579763642846956
863.0 0.0003098499291809276
864.0 0.00022797537440055748
865.0 0.00014610087646360626
866.0 0.00013051603673375212
867.0 0.00011493114016047912
868.0 0.00013242855629869155
869.0 0.00014992594969953643
870.0 7.304522569029359e-05
871.0 1.640742880101853e-10
872.0 1.640742880101853e-10
873.0 1.640742880101853e-10
874.0 1.640742880101853e-10
875.0 1.640742880101853e-10
876.0 1.640742880101853e-10
877.0 6.033624231349677e-05
878.0 0.00013797613291899324
879.0 0.00021561600078712218
880.0 0.00020433774352568435
881.0 0.00019305944078951143
882.0 0.00015611622075084597
883.0 0.00011917302344954805
884.0 7.464594631301225e-06
885.0 1.640742880101853e-10
886.0 4.853735191545638e-06
887.0 0.00011395126193747274
888.0 0.00017467103816670715
889.0 0.0002353908030272578
890.0 0.00020935167412972078
891.0 0.00018331252249481622
892.0 5.702852376998635e-05
893.0 1.640742880101853e-10
894.0 1.640742880101853e-10
895.0 2.504767735445057e-05
896.0 1.9495485048537375e-05
897.0 1.394333963844474e-05
898.0 7.253973421939008e-05
899.0 0.0001311361302214209
900.0 4.950765628564113e-05
901.0 1.640742880101853e-10
