lsstCam/transmission_filter_detector/r10_s21/r_57/19700101T000000.ecsv
# %ECSV 1.0
# ---
# datatype:
# - {name: wavelength, unit: nm, datatype: float32}
# - {name: efficiency, unit: '%', datatype: float64}
# meta: !!omap
# - {MODE: DETECTOR}
# - {TYPE: transmission_filter_detector}
# - {CALIBDATE: '1970-01-01T00:00:00'}
# - {INSTRUME: LSSTCam}
# - {OBSTYPE: transmission_filter_detector}
# - {CALIBCLS: lsst.ip.isr.IntermediateFilterDetectorTransmissionCurve}
# - {SOURCE: Materion (DM-46256)}
# - {DETECTOR: 34}
# - {FILTER: r_57}
# - {CALIB_ID: 'calibDate=1970-01-01T00:00:00 filter=r_57 detector=34'}
# - {DATE: '2025-04-02T15:59:44.342553'}
# - {CALIB_CREATION_DATE: '2025-04-02'}
# - {CALIB_CREATION_TIME: '15:59:44'}
# - __serialized_columns__:
#     efficiency:
#       __class__: astropy.units.quantity.Quantity
#       unit: !astropy.units.Unit {unit: '%'}
#       value: !astropy.table.SerializedColumn {name: efficiency}
#     wavelength:
#       __class__: astropy.units.quantity.Quantity
#       unit: !astropy.units.Unit {unit: nm}
#       value: !astropy.table.SerializedColumn {name: wavelength}
# schema: astropy-2.0
wavelength efficiency
[from data line 603]
903.0 1.640742880101853e-10
904.0 1.640742880101853e-10
905.0 1.489413534727646e-05
906.0 1.640742880101853e-10
907.0 1.640742880101853e-10
908.0 1.640742880101853e-10
909.0 1.640742880101853e-10
910.0 1.640742880101853e-10
911.0 1.640742880101853e-10
912.0 1.640742880101853e-10
913.0 1.640742880101853e-10
914.0 1.640742880101853e-10
915.0 3.563058044164791e-05
916.0 2.8616315717044927e-05
917.0 2.160206520329666e-05
918.0 4.227491956498852e-05
919.0 6.294774266280001e-05
920.0 1.640742880101853e-10
921.0 1.640742880101853e-10
922.0 5.574816555053985e-05
923.0 0.00021308765099092852
924.0 0.00020614340883184923
925.0 0.00019919916667276993
926.0 0.0002120387307513738
927.0 0.00022487829482997768
928.0 0.00019916183191526216
929.0 0.00017344533489449532
930.0 0.00024037926777964458
931.0 0.00030731323477084516
932.0 0.00010810707635755534
933.0 1.640742880101853e-10
934.0 8.008799454728432e-05
935.0 0.00025127501430688426
936.0 0.0002696879391805851
937.0 0.0002881008640542859
938.0 0.0002821986527123954
939.0 0.00027629648684524
940.0 0.00027347377908881754
941.0 0.00027065104859502753
942.0 0.000336083439833601
943.0 0.00040151580833480693
944.0 0.00035676723655342357
945.0 0.0003120186647720402
946.0 0.0003636018163888366
947.0 0.0004151849225308979
948.0 0.0005171356860955711
949.0 0.0006190865406097146
950.0 0.0005733453690481838
951.0 0.000527604197486653
952.0 0.0006664722604909912
953.0 0.0008053404599195346
954.0 0.001125981088989647
955.0 0.0014466220818576403
956.0 0.0015086708117451053
957.0 0.0015707195416325703
958.0 0.0016590482118772343
959.0 0.0017473770640208386
960.0 0.0019342996893101372
961.0 0.002121222496498376
962.0 0.00229724173550494
963.0 0.002473260974511504
964.0 0.0025055896912817843
965.0 0.002537918226153124
966.0 0.0024721952286199667
967.0 0.002406472231086809
968.0 0.0024104274416458793
969.0 0.0024143831979017705
970.0 0.002494102045602631
971.0 0.002573821257101372
972.0 0.0025997494958573952
973.0 0.002625677370815538
974.0 0.0028930322514497675
975.0 0.0031603867682861164
976.0 0.0032392948924098164
977.0 0.0033182026527356356
978.0 0.0031859366572462022
979.0 0.003053670661756769
980.0 0.0030382961995201185
981.0 0.003022922101081349
982.0 0.0031308831239584833
983.0 0.0032388441468356177
984.0 0.0031960295018507168
985.0 0.003153214493067935
986.0 0.003021289739990607
987.0 0.0028893653507111594
988.0 0.0027057340048486367
989.0 0.0025221030227839947
990.0 0.002531016980356071
991.0 0.0025399307560292073
992.0 0.0026214933313895017
993.0 0.002703056452446617
994.0 0.0027319789296598174
995.0 0.0027609008611761965
996.0 0.0028199661755934358
997.0 0.002879031490010675
998.0 0.0030204431823221967
999.0 0.003161854692734778
1000.0 0.0032940231903921813
1001.0 0.0034261920518474653
1002.0 0.0036607489164453
1003.0 0.0038953057810431346
1004.0 0.003965113864978775
1005.0 0.004034921585116535
1006.0 0.0042329997086199
1007.0 0.004431078195921145
1008.0 0.004358204023446888
1009.0 0.00428532985097263
1010.0 0.004296593033359386
1011.0 0.004307856215746142
1012.0 0.00428382663812954
1013.0 0.004259796696715057
1014.0 0.003983704300480895
1015.0 0.0037076119042467326
1016.0 0.0035105127608403563
1017.0 0.003313413981231861
1018.0 0.0029142736821086146
1019.0 0.002515133746783249
1020.0 0.0021426010789582506
1021.0 0.0017700682292343117
1022.0 0.0015351459296653047
1023.0 0.001300223266298417
1024.0 0.001385581708746031
1025.0 0.001470940242143115
1026.0 0.0013310034773894586
1027.0 0.0011910664397873916
1028.0 0.0011089045074186288
1029.0 0.0010267423022014555
1030.0 0.0009508301445748657
1031.0 0.0008749173503019847
1032.0 0.0008743970283831004
1033.0 0.0008738764336158056
1034.0 0.000812696907814825
1035.0 0.000751517200114904
1036.0 0.0008331682693096809
1037.0 0.0009148190656560473
1038.0 0.0008372036063519772
1039.0 0.0007595881470479071
1040.0 0.0008507885468134191
1041.0 0.0009419888556294609
1042.0 0.0009732673788676038
1043.0 0.001004545447358396
1044.0 0.0008977052857517265
1045.0 0.0007908653969934676
1046.0 0.0008283081115223467
1047.0 0.0008657510988996364
1048.0 0.0007104849373718025
1049.0 0.0005552187758439686
1050.0 0.0006113419658504426
1051.0 0.0006674651558569167
1052.0 0.0010128867870662361
1053.0 0.0013583080544776749
1054.0 0.0010589683370199054
1055.0 0.0007596285740874009
1056.0 0.0009084278644877486
1057.0 0.0010572274732112419
1058.0 0.000926609482121421
1059.0 0.0007959917638800107
1060.0 0.0011783684385591187
1061.0 0.001560744749440346
1062.0 0.0016010080798878334
1063.0 0.001641271410335321
1064.0 0.001165278081316501
1065.0 0.0006892844794492703
1066.0 0.0010466585990798194
1067.0 0.0014040329006093089
1068.0 0.001698423693596851
1069.0 0.0019928140318370424
1070.0 0.001389785211358685
1071.0 0.0007867562999308575
1072.0 0.0011103649740107358
1073.0 0.0014339739209390245
1074.0 0.0020710953322122805
1075.0 0.0027082167434855364
1076.0 0.002974702147184871
1077.0 0.003241187732783146
1078.0 0.0039013903005979955
1079.0 0.004561593596008606
1080.0 0.004363598782219924
1081.0 0.004165603604633361
1082.0 0.004049163544550538
1083.0 0.003932723484467715
1084.0 0.004429253749549389
1085.0 0.004925784014631063
1086.0 0.0050065249524777755
1087.0 0.005087265890324488
1088.0 0.005158711428521201
1089.0 0.005230157694313675
1090.0 0.005014917041989975
1091.0 0.004799676389666274
1092.0 0.004142903708270751
1093.0 0.0034861310268752277
1094.0 0.00398172160203103
1095.0 0.0044773125409847125
1096.0 0.0036431203625397757
1097.0 0.002808928184094839
1098.0 0.0018311775420443155
1099.0 0.0008534270818927325
1100.0 0.0010709702110034414
1101.0 0.0012885129763162695
