lsstCam/transmission_filter_detector/r21_s00/y_10/19700101T000000.ecsv
# %ECSV 1.0
# ---
# datatype:
# - {name: wavelength, unit: nm, datatype: float32}
# - {name: efficiency, unit: '%', datatype: float64}
# meta: !!omap
# - {MODE: DETECTOR}
# - {TYPE: transmission_filter_detector}
# - {CALIBDATE: '1970-01-01T00:00:00'}
# - {INSTRUME: LSSTCam}
# - {OBSTYPE: transmission_filter_detector}
# - {CALIBCLS: lsst.ip.isr.IntermediateFilterDetectorTransmissionCurve}
# - {SOURCE: Materion (DM-46256)}
# - {DETECTOR: 81}
# - {FILTER: y_10}
# - {CALIB_ID: 'calibDate=1970-01-01T00:00:00 filter=y_10 detector=81'}
# - {DATE: '2025-04-02T15:59:51.117578'}
# - {CALIB_CREATION_DATE: '2025-04-02'}
# - {CALIB_CREATION_TIME: '15:59:51'}
# - __serialized_columns__:
#     efficiency:
#       __class__: astropy.units.quantity.Quantity
#       unit: !astropy.units.Unit {unit: '%'}
#       value: !astropy.table.SerializedColumn {name: efficiency}
#     wavelength:
#       __class__: astropy.units.quantity.Quantity
#       unit: !astropy.units.Unit {unit: nm}
#       value: !astropy.table.SerializedColumn {name: wavelength}
# schema: astropy-2.0
wavelength efficiency
300.0 0.44078417122364044
301.0 0.23607185576111078
302.0 0.031359479180537164
303.0 0.03258191864006221
304.0 0.03380435809958726
305.0 0.02172860549762845
306.0 0.009652849985286593
307.0 0.01610983454156667
308.0 0.022566819097846746
309.0 0.01685720926616341
310.0 0.011147600162075832
311.0 0.008545688615413383
312.0 0.00594377561355941
313.0 0.005949246769887395
314.0 0.005954717198619619
315.0 0.005057397356722504
316.0 0.004160080061410554
317.0 0.004794694177689962
318.0 0.005429306111182086
319.0 0.003280903911218047
320.0 0.0011325012565066572
321.0 0.0031598101486451924
322.0 0.005187119677430019
323.0 0.003718859443324618
324.0 0.0022505997549160384
325.0 0.0009706807759357616
326.0 1.5973675290478773e-10
327.0 0.00046102718442853075
328.0 0.0012312931175983977
329.0 0.0027787333237938583
330.0 0.004326173439039849
331.0 0.003657924389699474
332.0 0.002989675158460159
333.0 0.0024532064344384708
334.0 0.0019167375285178423
335.0 0.002120395038218703
336.0 0.0023240529117174447
337.0 0.0026303139748051763
338.0 0.002936574674095027
339.0 0.0013564186701842118
340.0 1.5973675290478773e-10
341.0 1.5973675290478773e-10
342.0 1.5973675290478773e-10
343.0 0.00028331551220617257
344.0 0.0014198073586157989
345.0 0.0013812586075800937
346.0 0.0013427102203422692
347.0 0.0015664832972106524
348.0 0.0017902562831295654
349.0 0.001558868825668469
350.0 0.0013274811863084324
351.0 0.0016559273717575707
352.0 0.0019843731934088282
353.0 0.0015949595763231628
354.0 0.0012055459592374973
355.0 0.0012475210496631917
356.0 0.001289496140088886
357.0 0.0011543582331796642
358.0 0.001019220144371502
359.0 0.0011185169569216669
360.0 0.0012178138604213018
361.0 0.0012772245099768043
362.0 0.0013366348866838962
363.0 0.0010903376278292853
364.0 0.000844040096126264
365.0 0.0012366713235678617
366.0 0.0016293031876557507
367.0 0.0019458981114439666
368.0 0.002262493217131123
369.0 0.0019787914425251074
370.0 0.0016950900317169726
371.0 0.0016407133443863131
372.0 0.0015863364751567133
373.0 0.002053675052593462
374.0 0.0025210134481312707
375.0 0.003447385097388178
376.0 0.0043737567466450855
377.0 0.004246447133482434
378.0 0.004119137520319782
379.0 0.003591278800740838
380.0 0.0030634204449597746
381.0 0.002110999594151508
382.0 0.0011585788342927117
383.0 0.001082703147403663
384.0 0.0010068270967167336
385.0 0.0008494217581755947
386.0 0.0006920164196344558
387.0 0.0007713769264228176
388.0 0.0008507374332111795
389.0 0.0007167466719693039
390.0 0.0005827560016768984
391.0 0.0004970881946064765
392.0 0.0004114203875360545
393.0 0.0005928459813731024
394.0 0.0007742717571090907
395.0 0.0007424463092320366
396.0 0.0007106209523044527
397.0 0.0008495438123645727
398.0 0.0009884666724246927
399.0 0.0012180727935628965
400.0 0.0014476788237516303
401.0 0.0015395251466543414
402.0 0.0016313715605065227
403.0 0.0017707956430967897
404.0 0.0019102199075859971
405.0 0.0018313032342121005
406.0 0.0017523869246360846
407.0 0.0014730910152138676
408.0 0.001193795287690591
409.0 0.0009690820661489852
410.0 0.0007443686172337038
411.0 0.0004819643436348997
412.0 0.00021955995634925785
413.0 0.0004392635673866607
414.0 0.0006589670192624908
415.0 0.0010611808647809085
416.0 0.001463394710299326
417.0 0.0006337628292385489
418.0 1.5973675290478773e-10
419.0 1.5973675290478773e-10
420.0 1.5973675290478773e-10
421.0 1.5973675290478773e-10
422.0 0.00045253191274241544
423.0 0.0003802625087701017
424.0 0.0003079928092120099
425.0 3.2814020300975244e-05
426.0 1.5973675290478773e-10
427.0 0.0001055610823641473
428.0 0.0004534869731287472
429.0 5.4413169436884345e-05
430.0 1.5973675290478773e-10
431.0 0.00044041062210453674
432.0 0.0012254819921508897
433.0 0.000679054301144788
434.0 0.0001326270080426184
435.0 1.5973675290478773e-10
436.0 1.5973675290478773e-10
437.0 1.5973675290478773e-10
438.0 1.5973675290478773e-10
439.0 1.5973675290478773e-10
440.0 1.5973675290478773e-10
441.0 1.5973675290478773e-10
442.0 1.5973675290478773e-10
443.0 1.5973675290478773e-10
444.0 1.5973675290478773e-10
445.0 0.0002707692374315229
446.0 0.000572473891224945
447.0 0.000622008747086511
448.0 0.0006715435119986068
449.0 0.0006653006948909024
450.0 0.0006590577868337277
451.0 0.00029940943022666033
452.0 1.5973675290478773e-10
453.0 4.564040523291624e-05
454.0 0.00015151956631598296
455.0 1.5973675290478773e-10
456.0 1.5973675290478773e-10
457.0 1.5973675290478773e-10
458.0 1.5973675290478773e-10
459.0 1.5973675290478773e-10
460.0 0.00017889824448502623
461.0 0.0003523940677041537
462.0 0.0005258899818727514
463.0 0.00047268104026443325
464.0 0.0004194721896055853
465.0 0.0004451427230378613
466.0 0.00047081339289434254
467.0 0.0011153689229104202
468.0 0.0017599242710275576
469.0 0.0018090895537170582
470.0 0.001858254472608678
471.0 0.0018942031601909548
472.0 0.0019301514839753509
473.0 0.0023536560547654517
474.0 0.0027771606255555525
475.0 0.0027004301955457777
476.0 0.002623699947434943
477.0 0.0029796885428368114
478.0 0.00333567732013762
479.0 0.00397283656639047
480.0 0.004609995812643319
481.0 0.004660998092731461
482.0 0.004712000009021722
483.0 0.004194127177470364
484.0 0.0036762543459190056
485.0 0.0037607605918310583
486.0 0.003845266837743111
487.0 0.0034737724490696564
488.0 0.003102277696598321
489.0 0.00265186154138064
490.0 0.00220144593185978
491.0 0.0019081398932030424
492.0 0.0016148338545463048
493.0 0.0012730395610560663
494.0 0.0009312457223131787
495.0 0.0011907620319107082
496.0 0.0014502783415082376
497.0 0.001988179974432569
498.0 0.0025260816983063705
499.0 0.0025567005650373176
500.0 0.002587319613667205
501.0 0.0027211581254960038
502.0 0.002854996819223743
503.0 0.0028064639991498552
504.0 0.002757930815278087
505.0 0.0030319813959067687
506.0 0.0033060317946365103
507.0 0.00252217250817921
508.0 0.0017383126760250889
509.0 0.0018110036762664095
510.0 0.001883694130810909
511.0 0.0020268236767151393
512.0 0.0021699530407204293
513.0 0.0019179551600245759
514.0 0.0016659578250255436
515.0 0.0015525240087299608
516.0 0.001439090192434378
517.0 0.0014439157894230448
518.0 0.001448741113563301
519.0 0.0014945216207706835
520.0 0.0015403018551296555
521.0 0.0016318934285664
522.0 0.0017234846382052638
523.0 0.0018370610632700846
524.0 0.0019506374883349054
525.0 0.0022667039957013912
526.0 0.0025827706849668175
527.0 0.002425972343189642
528.0 0.0022691741833114065
529.0 0.002348758607695345
530.0 0.002428343032079283
531.0 0.002330379174964037
532.0 0.00223241513594985
533.0 0.002446935286570806
534.0 0.0026614550733938813
535.0 0.0022388076104107313
536.0 0.001816159965528641
537.0 0.002360822145419661
538.0 0.0029054841434117407
539.0 0.00344634463544935
540.0 0.003987204763689078
541.0 0.004091923983651213
542.0 0.004196642476017587
543.0 0.0044530101149575785
544.0 0.004709377390099689
545.0 0.005065632285550237
546.0 0.005421887181000784
547.0 0.0044574670027941465
548.0 0.0034930464607896283
549.0 0.0029543924028985202
550.0 0.0024157379812095314
551.0 0.002439794479869306
552.0 0.0024638509785290807
553.0 0.002950752605102025
554.0 0.0034376535040792078
555.0 0.00383460137527436
556.0 0.004231549246469513
557.0 0.0037232508475426584
558.0 0.0032149524486158043
559.0 0.003195783938281238
560.0 0.003176615427946672
561.0 0.0034022472391370684
562.0 0.0036278783227317035
563.0 0.0035069348086835817
564.0 0.0033859912946354598
565.0 0.003898363502230495
566.0 0.004410735709825531
567.0 0.004425805673236027
568.0 0.004440875272848643
569.0 0.005044016870670021
570.0 0.005647158468491398
571.0 0.005781739309895784
572.0 0.0059163201513001695
573.0 0.006355639197863638
574.0 0.006794958608224988
575.0 0.006680825026705861
576.0 0.006566691445186734
577.0 0.005889144813409075
578.0 0.005211598545429297
579.0 0.0059100893849972636
580.0 0.006608580588363111
581.0 0.007392597035504878
582.0 0.008176612755050883
583.0 0.008875388448359445
584.0 0.009574161958880723
585.0 0.009913895337376744
586.0 0.010253629443468526
587.0 0.010293489322066307
588.0 0.010333345562685281
589.0 0.010392706462880597
590.0 0.010452069545863196
591.0 0.009870786016108468
592.0 0.009289500303566456
593.0 0.00765468503232114
594.0 0.006019871943863109
595.0 0.0058510369854047894
596.0 0.00568220202694647
597.0 0.006166367529658601
598.0 0.00665053230477497
599.0 0.007609355816384777
600.0 0.008568178600398824
601.0 0.009155176667263731
602.0 0.009742171823745593
603.0 0.01067466291715391
604.0 0.011607154738157988
605.0 0.011443207768024877
606.0 0.011279260797891766
607.0 0.00973265923676081
608.0 0.0081860605860129
609.0 0.006439499702537432
610.0 0.004692940638051368
611.0 0.003884047328028828
612.0 0.0030751543818041682
613.0 0.0037686932046199217
614.0 0.0044622316636377946
615.0 0.005151143705006689
616.0 0.005840056110173464
617.0 0.007201160042313859
618.0 0.008562263246858492
619.0 0.009688638965599239
620.0 0.010815013956744224
621.0 0.011637256829999387
622.0 0.01245949970325455
623.0 0.012261656229384243
624.0 0.012063810572726652
625.0 0.010494914749870077
626.0 0.008926016744226217
627.0 0.0072070935857482255
628.0 0.005488168972078711
629.0 0.004441758574103005
630.0 0.0033953481761272997
631.0 0.002892323027481325
632.0 0.0023892978788353503
633.0 0.0025627334252931178
634.0 0.0027361691536498256
635.0 0.0029405540772131644
636.0 0.003144938818877563
637.0 0.003853845191770233
638.0 0.004562751928460784
639.0 0.0046693734475411475
640.0 0.004775994966621511
641.0 0.005174651960260235
642.0 0.005573308953898959
643.0 0.005559625424211845
644.0 0.005545941166928969
645.0 0.005186325506656431
646.0 0.004826709118788131
647.0 0.00380924939236138
648.0 0.00279178984783357
649.0 0.0020481596948229708
650.0 0.0013045295418123715
651.0 0.001462925774831092
652.0 0.0016213221897487529
653.0 0.001598575727257412
654.0 0.001575829264766071
655.0 0.0016765539839980192
656.0 0.0017772788851289079
657.0 0.0016076290194178
658.0 0.0014379793356056325
659.0 0.0016463758583995514
660.0 0.0018547721992945299
661.0 0.0017881575331557542
662.0 0.0017215428670169786
663.0 0.002337279511266388
664.0 0.0029530167012126185
665.0 0.0035153396311216056
666.0 0.004077662742929533
667.0 0.004695839379564859
668.0 0.005314014561008662
669.0 0.005741804125136696
670.0 0.0061695900512859225
671.0 0.0066844972025137395
672.0 0.007199404353741556
673.0 0.007834994903532788
674.0 0.008470586908515543
675.0 0.007803111657267436
676.0 0.007135639316402376
677.0 0.005781145955552347
678.0 0.004426651867106557
679.0 0.002897974627558142
680.0 0.0013692980246560182
681.0 0.0005758675342804054
682.0 1.5973675290478773e-10
683.0 0.00018632174487720476
684.0 0.0005902065367990872
685.0 0.0003024060561074293
686.0 1.4605623732677486e-05
687.0 0.00014052783399165492
688.0 0.0002664500925675384
689.0 0.00021493451640708372
690.0 0.00016341895161531284
691.0 0.00035815198771160794
692.0 0.0005528851033886895
693.0 0.0004239754616719438
694.0 0.00029506591090466827
695.0 0.0004015807462565135
696.0 0.0005080955816083588
697.0 0.0004598009581968654
698.0 0.00041150624383590184
699.0 0.0003750597670659772
700.0 0.00033861310839711223
701.0 0.0002681833848328097
702.0 0.00019775372948060976
703.0 0.000309278925669787
704.0 0.00042080414459633175
705.0 0.00045533033699030057
706.0 0.0004898563929600641
707.0 0.00016786598280305043
708.0 1.5973675290478773e-10
709.0 1.5973675290478773e-10
710.0 0.00012336257668721373
711.0 0.00031087281513464404
712.0 0.0004983830422133906
713.0 0.0003377163466211641
714.0 0.00017704962829157012
715.0 0.0003740351530723274
716.0 0.0005710207460651873
717.0 0.00033248591080337064
718.0 9.395130291522946e-05
719.0 0.00037594663808704354
720.0 0.0006579418368346523
721.0 0.0005642329597321805
722.0 0.00047052412810444366
723.0 0.0004371407612779876
724.0 0.00040375748540100176
725.0 0.0003853044290735852
726.0 0.0003668516228572116
727.0 0.000227095597438165
728.0 8.733983349884511e-05
729.0 0.00023035140657157172
730.0 0.0003733631046998198
731.0 0.00063356078499055
732.0 0.000893758624442853
733.0 0.00041666344259283505
734.0 1.5973675290478773e-10
735.0 1.5973675290478773e-10
736.0 1.5973675290478773e-10
737.0 0.0004369397174741607
738.0 0.0008867381438903976
739.0 0.0006310661774477921
740.0 0.0003753939608941437
741.0 0.00026438540317030856
742.0 0.00015337683407778968
743.0 1.5973675290478773e-10
744.0 1.5973675290478773e-10
745.0 9.263354172617255e-05
746.0 0.00043928112063440494
747.0 0.00023604850412084488
748.0 3.281593023984897e-05
749.0 1.5973675290478773e-10
750.0 1.5973675290478773e-10
751.0 1.5973675290478773e-10
752.0 0.00021337664293241687
753.0 0.0004631807314581238
754.0 0.0007129848199838307
755.0 1.5973675290478773e-10
756.0 1.5973675290478773e-10
757.0 1.5973675290478773e-10
758.0 1.5973675290478773e-10
759.0 0.00016145671679623774
760.0 0.0005682215487468056
761.0 0.00041911389416782185
762.0 0.00027000617137673544
763.0 0.00011166227977810195
764.0 1.5973675290478773e-10
765.0 0.00015056533584356657
766.0 0.0003478122380329296
767.0 1.5973675290478773e-10
768.0 1.5973675290478773e-10
769.0 1.5973675290478773e-10
770.0 1.5973675290478773e-10
771.0 1.5973675290478773e-10
772.0 1.5973675290478773e-10
773.0 0.00019979356693511363
774.0 0.0007189705229393439
775.0 0.00046393256525334436
776.0 0.00020889444840577198
777.0 0.00033324815831292653
778.0 0.00045760184548271354
779.0 0.0005578796390182106
780.0 0.0006581574780284427
781.0 0.0005413696271716617
782.0 0.00042458163989067543
783.0 0.00038705047700204886
784.0 0.00034951929137605475
785.0 0.0002440316166030243
786.0 0.00013854362350684823
787.0 0.00047916932999214623
788.0 0.0008197948773158714
789.0 0.000665971492708195
790.0 0.0005121481081005186
791.0 0.0004700258159573423
792.0 0.0004279033419152256
793.0 0.0005665608568961034
794.0 0.0007052181445033057
795.0 0.0006472925633715931
796.0 0.0005893669367651455
797.0 0.0003676356755022425
798.0 0.0001459045051888097
799.0 0.0004777836693392601
800.0 0.0008096628334897105
801.0 0.0004685844942287076
802.0 0.0001275061549677048
803.0 0.00038216276152525097
804.0 0.0006368193680827972
805.0 0.0007777893188176677
806.0 0.000918759178603068
807.0 0.0006418732027668739
808.0 0.0003649870905064745
809.0 0.0002700840695979423
810.0 0.00017518101458335877
811.0 0.0004974000148649793
812.0 0.0008196188900910784
813.0 0.0009548105481371749
814.0 0.0010900021152338013
815.0 0.001043963129632175
816.0 0.0009979235983337276
817.0 0.0009197628060064744
818.0 0.0008416021046286914
819.0 0.0008761043318372685
820.0 0.0009106066499953158
821.0 0.000631464718026109
822.0 0.0003523227633195347
823.0 0.00035342002320248866
824.0 0.0003545174422470154
825.0 0.0004858483862335561
826.0 0.0006171792847453617
827.0 0.0007307045507332077
828.0 0.0008442299986199941
829.0 0.0004369386260805186
830.0 2.9647299015778117e-05
831.0 1.5973675290478773e-10
832.0 1.5973675290478773e-10
833.0 0.00023689467525400687
834.0 0.0005290728495310759
835.0 8.166223892658309e-05
836.0 1.5973675290478773e-10
837.0 1.5973675290478773e-10
838.0 7.744033609924372e-05
839.0 0.0004259624347469071
840.0 0.0007744845788693056
841.0 0.0009835015589487739
842.0 0.001192518448078772
843.0 0.0009425399184692651
844.0 0.0006925611614860827
845.0 0.0006710218258376699
846.0 0.000649482444714522
847.0 0.0009405520358996
848.0 0.0012316215361352079
849.0 0.0009471194971411023
850.0 0.0006626172307733214
851.0 0.0008559562957088929
852.0 0.0010492953151697293
853.0 0.0004344472927186871
854.0 1.5973675290478773e-10
855.0 1.5973675290478773e-10
856.0 1.5973675290478773e-10
857.0 0.00036206604363542283
858.0 0.0012256186892045662
859.0 0.0010788225154101383
860.0 0.0009320260687672999
861.0 0.0012891284313809592
862.0 0.0016462308849440888
863.0 0.0018252687368658371
864.0 0.002004306406888645
865.0 0.002070436494250316
866.0 0.0021365667635109276
867.0 0.0027557736757444218
868.0 0.0033749802241800353
869.0 0.003035513873328455
870.0 0.0026960475224768743
871.0 0.003144914808217436
872.0 0.0035937824577558786
873.0 0.0027330295779393055
874.0 0.0018722768800216727
