lsstCam/transmission_filter_detector/r21_s00/y_10/19700101T000000.ecsv
# %ECSV 1.0
# ---
# datatype:
# - {name: wavelength, unit: nm, datatype: float32}
# - {name: efficiency, unit: '%', datatype: float64}
# meta: !!omap
# - {MODE: DETECTOR}
# - {TYPE: transmission_filter_detector}
# - {CALIBDATE: '1970-01-01T00:00:00'}
# - {INSTRUME: LSSTCam}
# - {OBSTYPE: transmission_filter_detector}
# - {CALIBCLS: lsst.ip.isr.IntermediateFilterDetectorTransmissionCurve}
# - {SOURCE: Materion (DM-46256)}
# - {DETECTOR: 81}
# - {FILTER: y_10}
# - {CALIB_ID: 'calibDate=1970-01-01T00:00:00 filter=y_10 detector=81'}
# - {DATE: '2025-04-02T15:59:51.117578'}
# - {CALIB_CREATION_DATE: '2025-04-02'}
# - {CALIB_CREATION_TIME: '15:59:51'}
# - __serialized_columns__:
#     efficiency:
#       __class__: astropy.units.quantity.Quantity
#       unit: !astropy.units.Unit {unit: '%'}
#       value: !astropy.table.SerializedColumn {name: efficiency}
#     wavelength:
#       __class__: astropy.units.quantity.Quantity
#       unit: !astropy.units.Unit {unit: nm}
#       value: !astropy.table.SerializedColumn {name: wavelength}
# schema: astropy-2.0
wavelength efficiency
[from data line 576]
876.0 0.00292966105917003
877.0 0.0019183469703420997
878.0 0.0009070329724636395
879.0 0.0016229978427872993
880.0 0.06993977585807443
881.0 0.1019710791297257
882.0 0.060906988801434636
883.0 0.10704201413318515
884.0 0.0675438845064491
885.0 0.10727369226515293
886.0 0.06977508892305195
887.0 0.09848518529906869
888.0 0.06663252133876085
889.0 0.1015354529954493
890.0 0.08043820853345096
891.0 0.09209737763740122
892.0 0.0752129009924829
893.0 0.09842341532930732
894.0 0.0776643690187484
895.0 0.10285367025062442
896.0 0.07781104068271816
897.0 0.11482062982395291
898.0 0.0883920700289309
899.0 0.12607453390955925
900.0 0.10270437924191356
901.0 0.14825047692283988
902.0 0.1732717384584248
903.0 0.18445898313075304
904.0 0.2115457784384489
905.0 0.25223693810403347
906.0 0.31759615521878004
907.0 0.4146167542785406
908.0 0.559910386800766
909.0 0.7726929150521755
910.0 1.0981346480548382
911.0 1.5420002862811089
912.0 2.2826554253697395
913.0 3.3897217363119125
914.0 4.684600606560707
915.0 6.586471199989319
916.0 8.830897510051727
917.0 11.271680891513824
918.0 14.054679870605469
919.0 16.684788465499878
920.0 20.198705792427063
921.0 23.848406970500946
922.0 27.538448572158813
923.0 31.933239102363586
924.0 36.74328327178955
925.0 42.034655809402466
926.0 48.36268126964569
927.0 55.146509408950806
928.0 61.10876202583313
929.0 67.51500368118286
930.0 73.10191988945007
931.0 78.53919863700867
932.0 83.5164487361908
933.0 87.72527575492859
934.0 90.7529354095459
935.0 92.88064241409302
936.0 94.4869875907898
937.0 95.61582803726196
938.0 96.34544253349304
939.0 96.65669798851013
940.0 96.95278406143188
941.0 97.13049530982971
942.0 97.2913384437561
943.0 97.34776020050049
944.0 97.57505655288696
945.0 97.56466746330261
946.0 97.6460337638855
947.0 97.6164162158966
948.0 97.75598645210266
949.0 97.69982099533081
950.0 97.74994254112244
951.0 97.80833721160889
952.0 97.88308143615723
953.0 98.08147549629211
954.0 98.16169738769531
955.0 98.24265837669373
956.0 98.46905469894409
957.0 98.61936569213867
958.0 98.74478578567505
959.0 98.78270626068115
960.0 98.91353249549866
961.0 98.92434477806091
962.0 98.98155927658081
963.0 98.99022579193115
964.0 99.03296232223511
965.0 99.05441403388977
966.0 99.10962581634521
967.0 99.20399785041809
968.0 99.1797685623169
969.0 99.14819002151489
970.0 99.22581315040588
971.0 99.22205805778503
972.0 99.32838082313538
973.0 99.3897795677185
974.0 99.42672848701477
975.0 99.37524795532227
976.0 99.42258596420288
977.0 99.40065741539001
978.0 99.44812059402466
979.0 99.37058091163635
980.0 99.36689734458923
981.0 99.2644190788269
982.0 99.17834401130676
983.0 99.22857880592346
984.0 99.14055466651917
985.0 99.19789433479309
986.0 99.06752109527588
987.0 99.1308331489563
988.0 99.02485609054565
989.0 99.02993440628052
990.0 99.00687336921692
991.0 99.06689524650574
992.0 99.14917945861816
993.0 99.10092949867249
994.0 99.04162287712097
995.0 99.09970164299011
996.0 99.10234212875366
997.0 99.23123717308044
998.0 99.24166798591614
999.0 99.25798177719116
1000.0 99.33865666389465
1001.0 99.26779270172119
1002.0 99.37111735343933
1003.0 99.40397143363953
1004.0 99.44691061973572
1005.0 99.358731508255
1006.0 99.49753880500793
1007.0 99.45587515830994
1008.0 99.46116805076599
1009.0 99.39345717430115
1010.0 99.40205812454224
1011.0 99.37573075294495
1012.0 99.32579398155212
1013.0 99.30610656738281
1014.0 99.29202198982239
1015.0 99.27231669425964
1016.0 99.27871227264404
1017.0 99.31256175041199
1018.0 99.30678009986877
1019.0 99.25471544265747
1020.0 99.33038353919983
1021.0 99.4803249835968
1022.0 99.36121106147766
1023.0 99.39555525779724
1024.0 99.34942722320557
1025.0 99.39689040184021
1026.0 99.4527518749237
1027.0 99.55030679702759
1028.0 99.50090050697327
1029.0 99.6076762676239
1030.0 99.57164525985718
1031.0 99.52986240386963
1032.0 99.55594539642334
1033.0 99.5721161365509
1034.0 99.57116842269897
1035.0 99.63269233703613
1036.0 99.52385425567627
1037.0 99.55500364303589
1038.0 99.52322840690613
1039.0 99.40131306648254
1040.0 99.36847686767578
1041.0 99.40962791442871
1042.0 99.38418865203857
1043.0 99.31970834732056
1044.0 99.38799738883972
1045.0 99.11843538284302
1046.0 99.31808114051819
1047.0 99.26078915596008
1048.0 99.2008626461029
1049.0 99.21421408653259
1050.0 99.25774335861206
1051.0 99.24684762954712
1052.0 99.22103881835938
1053.0 99.04207587242126
1054.0 99.26965236663818
1055.0 99.36797022819519
1056.0 99.19393062591553
1057.0 99.36551451683044
1058.0 99.19629693031311
1059.0 99.16994571685791
1060.0 99.31544065475464
1061.0 99.22990798950195
1062.0 99.29194450378418
1063.0 99.21441078186035
1064.0 99.30626153945923
1065.0 99.27954077720642
1066.0 99.16225671768188
1067.0 99.37436580657959
1068.0 99.26190972328186
1069.0 99.02617931365967
1070.0 99.4740903377533
1071.0 99.24619793891907
1072.0 99.30758476257324
1073.0 99.20809864997864
1074.0 98.98515343666077
1075.0 99.017333984375
1076.0 98.8852858543396
1077.0 99.19626116752625
1078.0 99.34541583061218
1079.0 99.0088164806366
1080.0 99.76035356521606
1081.0 98.9997923374176
1082.0 99.06576871871948
1083.0 98.74100089073181
1084.0 99.22752380371094
1085.0 99.07666444778442
1086.0 98.97087812423706
1087.0 99.09997582435608
1088.0 98.89194965362549
1089.0 98.81235361099243
1090.0 98.92714619636536
1091.0 98.98713231086731
1092.0 99.05075430870056
1093.0 98.68985414505005
1094.0 98.60020279884338
1095.0 98.64600896835327
1096.0 98.98781776428223
1097.0 98.43502640724182
1098.0 97.99509048461914
1099.0 98.70397448539734
1100.0 98.2719361782074
