lsstCam/transmission_filter_detector/r02_s11/u_24/19700101T000000.ecsv
# %ECSV 1.0
# ---
# datatype:
# - {name: wavelength, unit: nm, datatype: float32}
# - {name: efficiency, unit: '%', datatype: float64}
# meta: !!omap
# - {MODE: DETECTOR}
# - {TYPE: transmission_filter_detector}
# - {CALIBDATE: '1970-01-01T00:00:00'}
# - {INSTRUME: LSSTCam}
# - {OBSTYPE: transmission_filter_detector}
# - {CALIBCLS: lsst.ip.isr.IntermediateFilterDetectorTransmissionCurve}
# - {SOURCE: Materion (DM-46256)}
# - {DETECTOR: 13}
# - {FILTER: u_24}
# - {CALIB_ID: 'calibDate=1970-01-01T00:00:00 filter=u_24 detector=13'}
# - {DATE: '2025-04-02T15:59:39.806555'}
# - {CALIB_CREATION_DATE: '2025-04-02'}
# - {CALIB_CREATION_TIME: '15:59:39'}
# - __serialized_columns__:
#     efficiency:
#       __class__: astropy.units.quantity.Quantity
#       unit: !astropy.units.Unit {unit: '%'}
#       value: !astropy.table.SerializedColumn {name: efficiency}
#     wavelength:
#       __class__: astropy.units.quantity.Quantity
#       unit: !astropy.units.Unit {unit: nm}
#       value: !astropy.table.SerializedColumn {name: wavelength}
# schema: astropy-2.0
wavelength efficiency
[from data line 581]
876.0 0.002073464565910399
877.0 0.0024372313419007696
878.0 0.0028009986635879613
879.0 0.0027973339456366375
880.0 0.0027936695914831944
881.0 0.0031050192774273455
882.0 0.003416369145270437
883.0 0.0031081330234883353
884.0 0.0027998972655041143
885.0 0.0028817346901632845
886.0 0.0029635721148224548
887.0 0.0025855624699033797
888.0 0.002207553006883245
889.0 0.0021199182810960338
890.0 0.002032283373409882
891.0 0.002196458626713138
892.0 0.002360633880016394
893.0 0.0023149092157837003
894.0 0.0022691840058541857
895.0 0.0028334443413768895
896.0 0.0033977041312027723
897.0 0.0037680169043596834
898.0 0.0041383296775165945
899.0 0.004410931796883233
900.0 0.004683532824856229
901.0 0.004406797233968973
902.0 0.004130062006879598
903.0 0.00445453442807775
904.0 0.004779006849275902
905.0 0.004921731670037843
906.0 0.005064456127001904
907.0 0.005559226337936707
908.0 0.00605399654887151
909.0 0.006055589983589016
910.0 0.006057183418306522
911.0 0.006086120629333891
912.0 0.006115058204159141
913.0 0.006014289101585746
914.0 0.00591351927141659
915.0 0.005284027793095447
916.0 0.004654536314774305
917.0 0.004196394729660824
918.0 0.003738253508345224
919.0 0.00396114046452567
920.0 0.004184027784503996
921.0 0.0044783020712202415
922.0 0.004772576357936487
923.0 0.005747452087234706
924.0 0.006722326361341402
925.0 0.006859142740722746
926.0 0.006995959120104089
927.0 0.007555106276413426
928.0 0.008114250522339717
929.0 0.007885666127549484
930.0 0.007657081732759252
931.0 0.007210959302028641
932.0 0.006764836143702269
933.0 0.006651745934505016
934.0 0.006538655725307763
935.0 0.006644945096923038
936.0 0.006751235923729837
937.0 0.00723133998690173
938.0 0.007711446960456669
939.0 0.007537910278188065
940.0 0.00736437359591946
941.0 0.006467621278716251
942.0 0.00557086750632152
943.0 0.004594144047587179
944.0 0.0036174209526507184
945.0 0.002763933480309788
946.0 0.0019104458260699175
947.0 0.0017985479644266888
948.0 0.0016866502846824005
949.0 0.0015093263755261432
950.0 0.0013320023754204158
951.0 0.0012435197277227417
952.0 0.0011550370800250676
953.0 0.0014687936527479906
954.0 0.0017825503164203838
955.0 0.0023103302737581544
956.0 0.002838110231095925
957.0 0.002874696656363085
958.0 0.0029112823540344834
959.0 0.003042282332899049
960.0 0.0031732819479657337
961.0 0.0036762430681847036
962.0 0.004179203824605793
963.0 0.004276185791241005
964.0 0.004373167757876217
965.0 0.004549762888927944
966.0 0.004726358383777551
967.0 0.0047253986849682406
968.0 0.0047244393499568105
969.0 0.004656602322938852
970.0 0.0045887652959208935
971.0 0.004883857400272973
972.0 0.005178949504625052
973.0 0.004967253698850982
974.0 0.00475555716548115
975.0 0.004534086474450305
976.0 0.004312615055823699
977.0 0.003991870835307054
978.0 0.00367112661479041
979.0 0.003323101918795146
980.0 0.0029750774046988226
981.0 0.0029528049708460458
982.0 0.002930532173195388
983.0 0.003113238199148327
984.0 0.003295943679404445
985.0 0.0035251003282610327
986.0 0.003754257340915501
987.0 0.004160952084930614
988.0 0.0045676464651478454
989.0 0.0056101434893207625
990.0 0.006652639422100037
991.0 0.006614717131014913
992.0 0.006576794839929789
993.0 0.007113506580935791
994.0 0.007650218321941793
995.0 0.00744980716262944
996.0 0.007249391637742519
997.0 0.006907247006893158
998.0 0.006565104558831081
999.0 0.006424878665711731
1000.0 0.006284654955379665
1001.0 0.005962136128800921
1002.0 0.0056396183936158195
1003.0 0.0049627622502157465
1004.0 0.004285906106815673
1005.0 0.004649863694794476
1006.0 0.005013820555177517
1007.0 0.004918480772175826
1008.0 0.00482313844258897
1009.0 0.004280529901734553
1010.0 0.0037379213608801365
1011.0 0.003594805093598552
1012.0 0.0034516891901148483
1013.0 0.0031507210223935544
1014.0 0.002849753036571201
1015.0 0.002360541111556813
1016.0 0.001871329550340306
1017.0 0.001723432978906203
1018.0 0.0015755362255731598
1019.0 0.00158524726430187
1020.0 0.0015949579392326996
1021.0 0.0012861106370110065
1022.0 0.0009772633347893134
1023.0 0.0010394730452389922
1024.0 0.0011016826647392008
1025.0 0.0011514985089888796
1026.0 0.0012013145351374988
1027.0 0.0010692752766772173
1028.0 0.0009372359272674657
1029.0 0.001007695755106397
1030.0 0.001078156037692679
1031.0 0.0017582102373125963
1032.0 0.0024382645278819837
1033.0 0.002199998743890319
1034.0 0.0019617331417975947
1035.0 0.002248492637590971
1036.0 0.0025352517695864663
1037.0 0.0029038610591669567
1038.0 0.003272470348747447
1039.0 0.002960494384751655
1040.0 0.0026485189664526843
1041.0 0.0020970899640815333
1042.0 0.0015456615074072033
1043.0 0.0015274514225893654
1044.0 0.0015092417015694082
1045.0 0.0018154902136302553
1046.0 0.002121739089488983
1047.0 0.0022493346477858722
1048.0 0.0023769303879817016
1049.0 0.0017584987290319987
1050.0 0.0011400663424865343
1051.0 0.0012392481039569248
1052.0 0.0013384293197304942
1053.0 0.0008047674782574177
1054.0 0.00027110536393593065
1055.0 0.00016086363530121162
1056.0 5.06222249896382e-05
1057.0 0.0010922505680355243
1058.0 0.0021338786609703675
1059.0 0.0011299694051558618
1060.0 0.00012606034260898014
1061.0 0.0012092272299923934
1062.0 0.00229239394684555
1063.0 0.0018960523448185995
1064.0 0.001499710288044298
1065.0 0.0012071100172761362
1066.0 0.0009145099284069147
1067.0 0.0002802383505695616
1068.0 1.6357509964592953e-10
1069.0 0.0011869035006384365
1070.0 0.0027278407287667505
1071.0 0.0011545387678779662
1072.0 1.6357509964592953e-10
1073.0 0.0005655229870171752
1074.0 0.0015498086213483475
1075.0 0.003103245035163127
1076.0 0.004656681267078966
1077.0 0.004894925223197788
1078.0 0.005133169543114491
1079.0 0.006437046977225691
1080.0 0.007740921864751726
1081.0 0.006216963811311871
1082.0 0.004693005030276254
1083.0 0.003593262590584345
1084.0 0.0024935210603871383
1085.0 0.002751994179561734
1086.0 0.0030104669349384494
1087.0 0.002969635715999175
1088.0 0.0029288046789588407
1089.0 0.004203087883070111
1090.0 0.005477371450979263
1091.0 0.0034316995879635215
1092.0 0.0013860278158972505
1093.0 0.0009310516361438204
1094.0 0.00047607586566300597
1095.0 0.00047651733439124655
1096.0 0.0004769589395436924
1097.0 0.001080746551451739
1098.0 0.0016845346181071363
1099.0 0.0026313759008189663
1100.0 0.0035782166378339753
