lsstCam/transmission_filter_detector/r02_s11/u_24/19700101T000000.ecsv
# %ECSV 1.0
# ---
# datatype:
# - {name: wavelength, unit: nm, datatype: float32}
# - {name: efficiency, unit: '%', datatype: float64}
# meta: !!omap
# - {MODE: DETECTOR}
# - {TYPE: transmission_filter_detector}
# - {CALIBDATE: '1970-01-01T00:00:00'}
# - {INSTRUME: LSSTCam}
# - {OBSTYPE: transmission_filter_detector}
# - {CALIBCLS: lsst.ip.isr.IntermediateFilterDetectorTransmissionCurve}
# - {SOURCE: Materion (DM-46256)}
# - {DETECTOR: 13}
# - {FILTER: u_24}
# - {CALIB_ID: 'calibDate=1970-01-01T00:00:00 filter=u_24 detector=13'}
# - {DATE: '2025-04-02T15:59:39.806555'}
# - {CALIB_CREATION_DATE: '2025-04-02'}
# - {CALIB_CREATION_TIME: '15:59:39'}
# - __serialized_columns__:
#     efficiency:
#       __class__: astropy.units.quantity.Quantity
#       unit: !astropy.units.Unit {unit: '%'}
#       value: !astropy.table.SerializedColumn {name: efficiency}
#     wavelength:
#       __class__: astropy.units.quantity.Quantity
#       unit: !astropy.units.Unit {unit: nm}
#       value: !astropy.table.SerializedColumn {name: wavelength}
# schema: astropy-2.0
wavelength efficiency
295.0 1.6357509964592953e-10
296.0 1.6357509964592953e-10
297.0 1.6357509964592953e-10
298.0 1.6357509964592953e-10
299.0 1.6357509964592953e-10
300.0 1.6357509964592953e-10
301.0 1.6357509964592953e-10
302.0 1.6357509964592953e-10
303.0 0.04704113525804132
304.0 1.6357509964592953e-10
305.0 0.9902396239340305
306.0 2.1031606942415237
307.0 3.8920555263757706
308.0 6.6364675760269165
309.0 9.820889681577682
310.0 13.388457894325256
311.0 17.151707410812378
312.0 21.05649560689926
313.0 23.980791866779327
314.0 26.94726586341858
315.0 29.30988371372223
316.0 31.57714605331421
317.0 34.32261645793915
318.0 37.40522861480713
319.0 41.68631732463837
320.0 47.60858714580536
321.0 53.22602987289429
322.0 59.20349955558777
323.0 64.49244022369385
324.0 68.41230988502502
325.0 71.26734852790833
326.0 73.46670627593994
327.0 75.35049319267273
328.0 76.96757912635803
329.0 78.45019102096558
330.0 79.60610389709473
331.0 80.03811836242676
332.0 80.27795553207397
333.0 80.35063743591309
334.0 80.33811450004578
335.0 80.60386776924133
336.0 81.02001547813416
337.0 81.4895510673523
338.0 82.35262036323547
339.0 82.92183876037598
340.0 83.3075761795044
341.0 83.8110864162445
342.0 84.07178521156311
343.0 84.11367535591125
344.0 84.18829441070557
345.0 84.71322059631348
346.0 85.06051898002625
347.0 85.39068102836609
348.0 85.63051223754883
349.0 85.89982390403748
350.0 85.87207794189453
351.0 86.08019351959229
352.0 85.98077297210693
353.0 85.91169714927673
354.0 85.89943051338196
355.0 86.12009882926941
356.0 86.2708032131195
357.0 86.1345648765564
358.0 85.8149766921997
359.0 85.66372990608215
360.0 85.41560173034668
361.0 85.12067794799805
362.0 84.99621748924255
363.0 85.10697484016418
364.0 85.18781661987305
365.0 85.54473519325256
366.0 85.82789897918701
367.0 85.95144748687744
368.0 85.9989583492279
369.0 86.13343834877014
370.0 85.96653938293457
371.0 85.8433723449707
372.0 85.85589528083801
373.0 86.00369691848755
374.0 86.05778217315674
375.0 86.34611368179321
376.0 86.47120594978333
377.0 86.59501075744629
378.0 86.63595914840698
379.0 86.29286885261536
380.0 85.47397255897522
381.0 84.09183025360107
382.0 82.15452432632446
383.0 80.15692830085754
384.0 78.08330655097961
385.0 75.71706175804138
386.0 73.01157116889954
387.0 69.62124109268188
388.0 66.04283452033997
389.0 61.69136166572571
390.0 57.44969844818115
391.0 53.1916081905365
392.0 48.848697543144226
393.0 45.247894525527954
394.0 41.94367229938507
395.0 38.13906908035278
396.0 33.924612402915955
397.0 28.211897611618042
398.0 21.660907566547394
399.0 14.672893285751343
400.0 8.664076775312424
401.0 4.365794733166695
402.0 1.626802608370781
403.0 0.5171624012291431
404.0 0.18398140091449022
405.0 0.05832124734297395
406.0 0.02868145820684731
407.0 0.008163079473888502
408.0 1.6357509964592953e-10
409.0 1.6357509964592953e-10
410.0 1.6357509964592953e-10
411.0 1.6357509964592953e-10
412.0 1.6357509964592953e-10
413.0 1.6357509964592953e-10
414.0 1.6357509964592953e-10
415.0 1.6357509964592953e-10
416.0 1.6357509964592953e-10
417.0 1.6357509964592953e-10
418.0 1.6357509964592953e-10
419.0 1.6357509964592953e-10
420.0 1.6357509964592953e-10
421.0 1.6357509964592953e-10
422.0 1.6357509964592953e-10
423.0 1.6357509964592953e-10
424.0 1.6357509964592953e-10
425.0 1.6357509964592953e-10
426.0 1.6357509964592953e-10
427.0 1.6357509964592953e-10
428.0 0.000429291685577482
429.0 0.0013961423064756673
430.0 0.002362992563575972
431.0 0.0004432514288055245
432.0 1.6357509964592953e-10
433.0 1.6357509964592953e-10
434.0 1.6357509964592953e-10
435.0 0.00029718532914557727
436.0 0.0010802426913869567
437.0 1.6357509964592953e-10
438.0 1.6357509964592953e-10
439.0 0.0007735918188700452
440.0 0.0027301233785692602
441.0 0.000139211419991625
442.0 1.6357509964592953e-10
443.0 1.6357509964592953e-10
444.0 1.6357509964592953e-10
445.0 1.6357509964592953e-10
446.0 1.6357509964592953e-10
447.0 1.6357509964592953e-10
448.0 1.6357509964592953e-10
449.0 0.0005433068963611731
450.0 0.0020596289687091485
451.0 0.000667840822643484
452.0 1.6357509964592953e-10
453.0 1.6357509964592953e-10
454.0 1.6357509964592953e-10
455.0 1.6357509964592953e-10
456.0 1.6357509964592953e-10
457.0 1.6357509964592953e-10
458.0 1.6357509964592953e-10
459.0 1.6357509964592953e-10
460.0 1.6357509964592953e-10
461.0 1.6357509964592953e-10
462.0 1.6357509964592953e-10
463.0 1.6357509964592953e-10
464.0 1.6357509964592953e-10
465.0 1.6357509964592953e-10
466.0 0.00013646533716382692
467.0 0.0002648245526870596
468.0 0.00039318383642239496
469.0 0.00032276891488436377
470.0 0.00025235387965949485
471.0 3.389727112335095e-05
472.0 1.6357509964592953e-10
473.0 1.6357509964592953e-10
474.0 1.6357509964592953e-10
475.0 0.0001474913915444631
476.0 0.0008677654477651231
477.0 0.0008682422048877925
478.0 0.0008687191439094022
479.0 5.61221860095884e-06
480.0 1.6357509964592953e-10
481.0 1.6357509964592953e-10
482.0 0.00048651340875949245
483.0 0.000125213580304262
484.0 1.6357509964592953e-10
485.0 1.6357509964592953e-10
486.0 1.6357509964592953e-10
487.0 1.6357509964592953e-10
488.0 1.6357509964592953e-10
489.0 1.6357509964592953e-10
490.0 1.6357509964592953e-10
491.0 1.6357509964592953e-10
492.0 1.6357509964592953e-10
493.0 1.6357509964592953e-10
494.0 1.6357509964592953e-10
495.0 0.00019948984117945656
496.0 0.0010602432666928507
497.0 0.00041699945541040506
498.0 1.6357509964592953e-10
499.0 8.302542369165167e-05
500.0 0.00039229585127031896
501.0 8.825759891806229e-05
502.0 1.6357509964592953e-10
503.0 1.6357509964592953e-10
504.0 1.6357509964592953e-10
505.0 1.6357509964592953e-10
506.0 1.6357509964592953e-10
507.0 1.6357509964592953e-10
508.0 1.6357509964592953e-10
509.0 1.6357509964592953e-10
510.0 0.00014615449117627577
511.0 0.00030831888579996303
512.0 0.00047048324631759897
513.0 0.00024682419734745054
514.0 2.316493237231043e-05
515.0 0.00033880503451655386
516.0 0.0006544451480294811
517.0 8.655489978082187e-05
518.0 1.6357509964592953e-10
519.0 1.6357509964592953e-10
520.0 0.0004143534624745371
521.0 0.0001918787347676698
522.0 1.6357509964592953e-10
523.0 1.6357509964592953e-10
524.0 1.6357509964592953e-10
525.0 1.6357509964592953e-10
526.0 1.6357509964592953e-10
527.0 1.6357509964592953e-10
528.0 1.6357509964592953e-10
529.0 1.6357509964592953e-10
530.0 1.6357509964592953e-10
531.0 0.000207712014343997
532.0 0.0006457918516389327
533.0 7.836757163204311e-05
534.0 1.6357509964592953e-10
535.0 1.6357509964592953e-10
536.0 1.6357509964592953e-10
537.0 1.6357509964592953e-10
538.0 1.6357509964592953e-10
539.0 1.6357509964592953e-10
540.0 1.6357509964592953e-10
541.0 1.6357509964592953e-10
542.0 1.6357509964592953e-10
543.0 1.6357509964592953e-10
544.0 1.6357509964592953e-10
545.0 1.6357509964592953e-10
546.0 1.6357509964592953e-10
547.0 1.6357509964592953e-10
548.0 0.00013409088523985702
549.0 1.6357509964592953e-10
550.0 1.6357509964592953e-10
551.0 1.6357509964592953e-10
552.0 1.6357509964592953e-10
553.0 1.6357509964592953e-10
554.0 1.6357509964592953e-10
555.0 1.6357509964592953e-10
556.0 1.6357509964592953e-10
557.0 1.6357509964592953e-10
558.0 1.6357509964592953e-10
559.0 1.6357509964592953e-10
560.0 0.00020686197785835247
561.0 1.6357509964592953e-10
562.0 1.6357509964592953e-10
563.0 1.6357509964592953e-10
564.0 1.6357509964592953e-10
565.0 1.6357509964592953e-10
566.0 1.6357509964592953e-10
567.0 1.6357509964592953e-10
568.0 1.6357509964592953e-10
569.0 1.3834623757702502e-05
570.0 0.0003244560502935201
571.0 0.000540012388228206
572.0 0.000755568817112362
573.0 0.0006086056600906886
574.0 0.00046164282139216084
575.0 5.6376904922217363e-05
576.0 1.6357509964592953e-10
577.0 1.6357509964592953e-10
578.0 0.00017755368162397644
579.0 0.00047052053560037166
580.0 0.000763487332733348
581.0 0.0009881011465040501
582.0 0.0012127149602747522
583.0 0.0015577395970467478
584.0 0.0019027644157176837
585.0 0.0015656754840165377
586.0 0.0012285859156691004
587.0 0.0009874861461867113
588.0 0.0007463864221790573
589.0 0.0007574682513222797
590.0 0.0007685498530918267
591.0 0.0009531166142551228
592.0 0.0011376832844689488
593.0 0.0008281006557808723
594.0 0.0005185177542443853
595.0 0.0007393432497337926
596.0 0.0009601683814253192
597.0 0.0009505867637926713
598.0 0.0009410050552105531
599.0 0.001579481795488391
600.0 0.0022179583538672887
601.0 0.0025116851247730665
602.0 0.002805411713779904
603.0 0.0023901915483293124
604.0 0.0019749713828787208
605.0 0.0014879215086693875
606.0 0.0010008717254095245
607.0 0.0010336254490539432
608.0 0.001066379263647832
609.0 0.0006341108473861823
610.0 0.00020184249933663523
611.0 0.000431277476309333
612.0 0.0006607125214941334
613.0 0.0006357795882649953
614.0 0.0006108467005105922
615.0 0.0007208931037894217
616.0 0.0008309395525429863
617.0 0.0007672086212551221
618.0 0.0007034778718661983
619.0 0.0004641181931219762
620.0 0.00022475855985248927
621.0 0.0005181884716876084
622.0 0.0008116182470985223
623.0 0.0007119565452740062
624.0 0.0006122947070252849
625.0 0.0006961382950976258
626.0 0.0007799818376952317
627.0 0.0008654597877466585
628.0 0.0009509377377980854
629.0 0.0010078621016873512
630.0 0.0010647867384250276
631.0 0.0016257055904134177
632.0 0.002186624078603927
633.0 0.0023010878066997975
634.0 0.0024155517166946083
635.0 0.002595995283627417
636.0 0.002776438486762345
637.0 0.0024898266929085366
638.0 0.0022032145352568477
639.0 0.0015076950148795731
640.0 0.0008121754035528284
641.0 0.0008383036401937716
642.0 0.0008644318768347148
643.0 0.0006254507752601057
644.0 0.0003864695827360265
645.0 0.0003678699613374192
646.0 0.00034927029446407687
647.0 0.00018439957329974277
648.0 1.952904966628921e-05
649.0 0.00013650272876475356
650.0 0.0002534764689698932
651.0 0.0006212158496055054
652.0 0.000988955252978485
653.0 0.0012722823157673702
654.0 0.0015556093785562553
655.0 0.0017347829270875081
656.0 0.001913956475618761
657.0 0.0028709495381917804
658.0 0.0038279427826637402
659.0 0.004210901170154102
660.0 0.004593859193846583
661.0 0.0043974938307655975
662.0 0.004201128467684612
663.0 0.003041110176127404
664.0 0.0018810920664691366
665.0 0.0015570334653602913
666.0 0.0012329745914030354
667.0 0.0012964806046511512
668.0 0.0013599863450508565
669.0 0.0007581525096611585
670.0 0.00015631865153409308
671.0 0.0003179929535690462
672.0 0.00047966714191716164
673.0 0.0005790335762867471
674.0 0.0006784000106563326
675.0 0.000958090640779119
676.0 0.001237781089002965
677.0 0.0018950488083646633
678.0 0.0025523166186758317
679.0 0.002574614336481318
680.0 0.002596912054286804
681.0 0.0034345193853368983
682.0 0.004272126898285933
683.0 0.006098528319853358
684.0 0.007924930832814425
685.0 0.008770928252488375
686.0 0.009616927854949608
687.0 0.008450981840724126
688.0 0.007285036554094404
689.0 0.005832401438965462
690.0 0.004379766687634401
691.0 0.0037983063521096483
692.0 0.003216845652787015
693.0 0.002973705340991728
694.0 0.002730565029196441
695.0 0.0024063743694568984
696.0 0.0020821840735152364
697.0 0.0015121187061595265
698.0 0.0009420533388038166
699.0 0.000643719522486208
700.0 0.0003453856379564968
701.0 0.0003618823257056647
702.0 0.00037837919535377296
703.0 0.0007326695595111232
704.0 0.0010869602192542516
705.0 0.0010866927368624602
706.0 0.0010864256182685494
707.0 0.000979194010142237
708.0 0.0008719620382180437
709.0 0.0006906903308845358
710.0 0.0005094184871268226
711.0 0.000588956800129381
712.0 0.0006684951131319394
713.0 0.0008706429980520625
714.0 0.0010727910193963908
715.0 0.0008405596418015193
716.0 0.0006083282187319128
717.0 0.0005880598564544925
718.0 0.000567791357752867
719.0 0.0005164914000488352
720.0 0.00046519144234480336
721.0 0.00041593166315578856
722.0 0.00036667183849203866
723.0 0.0003439386091486085
724.0 0.00032120535706781084
725.0 0.00021219827885943232
726.0 0.000103191041489481
727.0 0.0003197890691808425
728.0 0.0005363871423469391
729.0 0.0003104576762780198
730.0 8.45282954742288e-05
731.0 8.449912911601132e-05
732.0 8.446996275779384e-05
733.0 0.00012321082749622292
734.0 0.00016195161833820748
735.0 0.00037359811813075794
736.0 0.0005852445610798895
737.0 0.0006684778327326057
738.0 0.0007517110589105869
739.0 0.0006621398370043607
740.0 0.0005725684786739293
741.0 0.0009692895218904596
742.0 0.0013660103832080495
743.0 0.0020908655642415397
744.0 0.0028157204724266194
745.0 0.0035480356018524617
746.0 0.004280350549379364
747.0 0.004724906466435641
748.0 0.0051694623834919184
749.0 0.004409385292092338
750.0 0.0036493089282885194
751.0 0.0031838095310376957
752.0 0.0027183108613826334
753.0 0.002247757583972998
754.0 0.0017772041246644221
755.0 0.002176289854105562
756.0 0.0025753759473445825
757.0 0.0021070600269013084
758.0 0.0016387441064580344
759.0 0.0013312558621692006
760.0 0.001023767708829837
761.0 0.0011799318599514663
762.0 0.0013360960110730957
763.0 0.0010566703167569358
764.0 0.0007772445314913057
765.0 0.000851504137244774
766.0 0.0009257638339477126
767.0 0.0006827024662925396
768.0 0.0004396409622131614
769.0 0.0006863929684186587
770.0 0.0009331447472504806
771.0 0.0005947929366811877
772.0 0.0002564409896876896
773.0 0.00031417032460012706
774.0 0.0003718995913004619
775.0 0.00044665084715234116
776.0 0.0005214020347921178
777.0 0.0005472175871545915
778.0 0.0005730329121433897
779.0 0.000842984900373267
780.0 0.0011129368431284092
781.0 0.0010826985999301542
782.0 0.0010524604476813693
783.0 0.00099860717455158
784.0 0.0009447533557249699
785.0 0.0010864467185456306
786.0 0.0012281398085178807
787.0 0.0009168772521661595
788.0 0.0006056147412891733
789.0 0.0007797566468070727
790.0 0.000953898506850237
791.0 0.0008866337338986341
792.0 0.000819368869997561
793.0 0.0002581033413662226
794.0 1.6357509964592953e-10
795.0 1.6357509964592953e-10
796.0 0.00016838620240378077
797.0 0.0003164673671562923
798.0 0.0004645485205401201
799.0 0.00026576242362352787
800.0 6.697620733575604e-05
801.0 5.457367251437972e-05
802.0 4.21711575882e-05
803.0 1.6357509964592953e-10
804.0 1.6357509964592953e-10
805.0 1.6357509964592953e-10
806.0 0.00014247175386117306
807.0 1.076316351600326e-05
808.0 1.6357509964592953e-10
809.0 2.127696063780604e-06
810.0 0.0001252009951713262
811.0 0.00014367277572091552
812.0 0.00016214465858865879
813.0 0.0003234539235563716
814.0 0.0004847632226301357
815.0 0.00046130635382723995
816.0 0.00043784953049907926
817.0 0.00040151048779080156
818.0 0.0003651714678198914
819.0 0.0003008955900440924
820.0 0.000236619780480396
821.0 1.6357509964592953e-10
822.0 1.6357509964592953e-10
823.0 1.6357509964592953e-10
824.0 0.00019644398889795411
825.0 1.6357509964592953e-10
826.0 1.6357509964592953e-10
827.0 0.00011578798648770317
828.0 0.0005420113211584976
829.0 0.0005172009878151584
830.0 0.0004923911092191702
831.0 6.290327974056709e-05
832.0 1.6357509964592953e-10
833.0 1.6357509964592953e-10
834.0 1.6357509964592953e-10
835.0 1.6357509964592953e-10
836.0 1.6680584735695447e-05
837.0 1.6357509964592953e-10
838.0 1.6357509964592953e-10
839.0 1.6357509964592953e-10
840.0 1.6357509964592953e-10
841.0 1.6357509964592953e-10
842.0 0.00011752356385841267
843.0 1.6357509964592953e-10
844.0 1.6357509964592953e-10
845.0 1.6357509964592953e-10
846.0 4.9593023732086294e-05
847.0 0.0003235640178900212
848.0 0.0005975349722575629
849.0 0.0005895297363167629
850.0 0.0005815245458506979
851.0 0.00037968588912917767
852.0 0.0001778472892510763
853.0 0.000385262273994158
854.0 0.0005926772701059235
855.0 0.0005857553787791403
856.0 0.0005788334874523571
857.0 0.0006743237008777214
858.0 0.0007698141416767612
859.0 0.000940062636800576
860.0 0.001110311222873861
861.0 0.0010131504495802801
862.0 0.0009159896762866993
863.0 0.0009960015631804708
864.0 0.0010760133591247723
865.0 0.0017134052541223355
866.0 0.0023507969672209583
867.0 0.0020781417333637364
868.0 0.0018054866814054549
869.0 0.0017416152331861667
870.0 0.0016777436030679382
871.0 0.0017466438293922693
872.0 0.00181554387381766
873.0 0.001793983938114252
874.0 0.001772424002410844
