lsstCam/transmission_filter_detector/r24_s10/g_6/19700101T000000.ecsv
# %ECSV 1.0
# ---
# datatype:
# - {name: wavelength, unit: nm, datatype: float32}
# - {name: efficiency, unit: '%', datatype: float64}
# meta: !!omap
# - {MODE: DETECTOR}
# - {TYPE: transmission_filter_detector}
# - {CALIBDATE: '1970-01-01T00:00:00'}
# - {INSTRUME: LSSTCam}
# - {OBSTYPE: transmission_filter_detector}
# - {CALIBCLS: lsst.ip.isr.IntermediateFilterDetectorTransmissionCurve}
# - {SOURCE: Materion (DM-46256)}
# - {DETECTOR: 111}
# - {FILTER: g_6}
# - {CALIB_ID: 'calibDate=1970-01-01T00:00:00 filter=g_6 detector=111'}
# - {DATE: '2025-04-02T15:59:42.542096'}
# - {CALIB_CREATION_DATE: '2025-04-02'}
# - {CALIB_CREATION_TIME: '15:59:42'}
# - __serialized_columns__:
#     efficiency:
#       __class__: astropy.units.quantity.Quantity
#       unit: !astropy.units.Unit {unit: '%'}
#       value: !astropy.table.SerializedColumn {name: efficiency}
#     wavelength:
#       __class__: astropy.units.quantity.Quantity
#       unit: !astropy.units.Unit {unit: nm}
#       value: !astropy.table.SerializedColumn {name: wavelength}
# schema: astropy-2.0
wavelength efficiency
[from data line 608]
908.0 0.00043207346607232466
909.0 0.00031432575724466005
910.0 0.00036191061099088984
911.0 0.0004094954419997521
912.0 0.00046637746891065035
913.0 0.0005232594958215486
914.0 0.000424418794864323
915.0 0.00032557809390709735
916.0 0.0002546259338487289
917.0 0.0001836737851590442
918.0 0.00029660775453521637
919.0 0.0004095417352800723
920.0 0.00042439855860720854
921.0 0.00043925538193434477
922.0 0.0004894591711490648
923.0 0.0005396629148890497
924.0 0.0004981459369446384
925.0 0.00045662886805075686
926.0 0.0004723076472146204
927.0 0.00048798647185321897
928.0 0.0005396510005084565
929.0 0.0005913155746384291
930.0 0.0005482183496496873
931.0 0.0005051209882367402
932.0 0.0005420159595814766
933.0 0.0005789110218756832
934.0 0.0005345944828150095
935.0 0.000490277989229071
936.0 0.0005204824446991552
937.0 0.0005506869911187096
938.0 0.0006818987458245829
939.0 0.0008131106369546615
940.0 0.0006668571131740464
941.0 0.0005206035439186962
942.0 0.0006261636372073554
943.0 0.0007317237304960145
944.0 0.0007128669494704809
945.0 0.0006940101229702123
946.0 0.0008027092917473055
947.0 0.0009114083695749287
948.0 0.0009340547876490746
949.0 0.0009567012057232205
950.0 0.0008870249075698666
951.0 0.0008173484275175724
952.0 0.0008567442819185089
953.0 0.0008961400453699753
954.0 0.0008453323971480131
955.0 0.0007945246579765808
956.0 0.0007725992873020004
957.0 0.000750673871152685
958.0 0.0007334719612117624
959.0 0.0007162701422203099
960.0 0.0006807329555158503
961.0 0.0006451955414377153
962.0 0.000712897781340871
963.0 0.0007805999302945565
964.0 0.000685593886373681
965.0 0.0005905876605538651
966.0 0.0006221725470823003
967.0 0.0006537574336107355
968.0 0.0006761899385310244
969.0 0.0006986223525018431
970.0 0.0006600713732041186
971.0 0.0006215203029569238
972.0 0.0007950087820063345
973.0 0.0009684972610557452
974.0 0.0009392995707457885
975.0 0.000910101971385302
976.0 0.0008633599463792052
977.0 0.0008166181032720488
978.0 0.0009176435014524031
979.0 0.0010186690815316979
980.0 0.001024212997435825
981.0 0.001029756913339952
982.0 0.001003175293590175
983.0 0.0009765937647898681
984.0 0.0010205944818153512
985.0 0.0010645954716892447
986.0 0.001162176613433985
987.0 0.0012597577551787253
988.0 0.0012977890037291218
989.0 0.001335820161330048
990.0 0.0014058950000617187
991.0 0.0014759697478439193
992.0 0.001371370399283478
993.0 0.001266771141672507
994.0 0.0012995367796975188
995.0 0.0013323025086720008
996.0 0.001316570705967024
997.0 0.0013008390851609875
998.0 0.0013390094864007551
999.0 0.001377179978589993
1000.0 0.0012500260709202848
1001.0 0.0011228719813516364
1002.0 0.001200061888084747
1003.0 0.0012772517038683873
1004.0 0.0012930508091812953
1005.0 0.0013088499144942034
1006.0 0.0014343054317578208
1007.0 0.0015597610399709083
1008.0 0.001534873626951594
1009.0 0.0015099866686796304
1010.0 0.0015986233847797848
1011.0 0.0016872603737283498
1012.0 0.0018464945242158137
1013.0 0.002005728856602218
1014.0 0.002082210630760528
1015.0 0.0021586924049188383
1016.0 0.0024516601115465164
1017.0 0.0027446278181741945
1018.0 0.002975785537273623
1019.0 0.003206943438271992
1020.0 0.003361958806635812
1021.0 0.0035169749025953934
1022.0 0.0036912904761265963
1023.0 0.0038656067772535607
1024.0 0.003988887328887358
1025.0 0.004112168244319037
1026.0 0.00429714891652111
1027.0 0.004482129224925302
1028.0 0.004705410901806317
1029.0 0.004928692214889452
1030.0 0.004884120062342845
1031.0 0.004839547545998357
1032.0 0.005116356987855397
1033.0 0.005393166065914556
1034.0 0.005495010918821208
1035.0 0.005596856135525741
1036.0 0.005626317215501331
1037.0 0.005655778295476921
1038.0 0.005939918264630251
1039.0 0.0062240578699857
1040.0 0.006378271791618317
1041.0 0.006532484985655174
1042.0 0.006779794057365507
1043.0 0.007027102401480079
1044.0 0.007429709512507543
1045.0 0.007832315895939246
1046.0 0.008816582703730091
1047.0 0.009800850239116699
1048.0 0.011205115879420191
1049.0 0.01260938006453216
1050.0 0.015080106095410883
1051.0 0.01755082921590656
1052.0 0.02116902614943683
1053.0 0.024787228903733194
1054.0 0.030146888457238674
1055.0 0.0355065509211272
1056.0 0.04224374715704471
1057.0 0.04898094339296222
1058.0 0.056668283650651574
1059.0 0.06435561808757484
1060.0 0.07204609573818743
1061.0 0.07973656756803393
1062.0 0.08699445170350373
1063.0 0.09425230091437697
1064.0 0.09959818562492728
1065.0 0.10494404705241323
1066.0 0.11073885252699256
1067.0 0.11653366964310408
1068.0 0.12342266272753477
1069.0 0.13031166745349765
1070.0 0.14060784596949816
1071.0 0.15090403612703085
1072.0 0.16310164937749505
1073.0 0.17529927426949143
1074.0 0.188743369653821
1075.0 0.20218747667968273
1076.0 0.21531858947128057
1077.0 0.22844967897981405
1078.0 0.2419702708721161
1079.0 0.25549083948135376
1080.0 0.2729526488110423
1081.0 0.2904144115746021
1082.0 0.3178065409883857
1083.0 0.34519871696829796
1084.0 0.38718082942068577
1085.0 0.42916303500533104
1086.0 0.4643784835934639
1087.0 0.49959393218159676
1088.0 0.5640699062496424
1089.0 0.6285457871854305
1090.0 0.7035617250949144
1091.0 0.7785776164382696
1092.0 0.8093352429568768
1093.0 0.8400927297770977
1094.0 0.8795469999313354
1095.0 0.9190010838210583
1096.0 0.966887641698122
1097.0 1.0147741995751858
1098.0 1.0638544335961342
1099.0 1.1129348538815975
1100.0 1.2603292241692543
1101.0 1.407723594456911
