lsstCam/transmission_filter_detector/r24_s10/g_6/19700101T000000.ecsv
# %ECSV 1.0
# ---
# datatype:
# - {name: wavelength, unit: nm, datatype: float32}
# - {name: efficiency, unit: '%', datatype: float64}
# meta: !!omap
# - {MODE: DETECTOR}
# - {TYPE: transmission_filter_detector}
# - {CALIBDATE: '1970-01-01T00:00:00'}
# - {INSTRUME: LSSTCam}
# - {OBSTYPE: transmission_filter_detector}
# - {CALIBCLS: lsst.ip.isr.IntermediateFilterDetectorTransmissionCurve}
# - {SOURCE: Materion (DM-46256)}
# - {DETECTOR: 111}
# - {FILTER: g_6}
# - {CALIB_ID: 'calibDate=1970-01-01T00:00:00 filter=g_6 detector=111'}
# - {DATE: '2025-04-02T15:59:42.542096'}
# - {CALIB_CREATION_DATE: '2025-04-02'}
# - {CALIB_CREATION_TIME: '15:59:42'}
# - __serialized_columns__:
#     efficiency:
#       __class__: astropy.units.quantity.Quantity
#       unit: !astropy.units.Unit {unit: '%'}
#       value: !astropy.table.SerializedColumn {name: efficiency}
#     wavelength:
#       __class__: astropy.units.quantity.Quantity
#       unit: !astropy.units.Unit {unit: nm}
#       value: !astropy.table.SerializedColumn {name: wavelength}
# schema: astropy-2.0
wavelength efficiency
300.0 0.43862322345376015
301.0 0.3452828386798501
302.0 0.25194238405674696
303.0 0.22989497520029545
304.0 0.20784754306077957
305.0 0.2113335533067584
306.0 0.21481956355273724
307.0 0.21827439777553082
308.0 0.2217292319983244
309.0 0.2165800193324685
310.0 0.21143080666661263
311.0 0.20101829431951046
312.0 0.19060579361394048
313.0 0.18874186789616942
314.0 0.18687795381993055
315.0 0.18223801162093878
316.0 0.17759810434654355
317.0 0.1759398728609085
318.0 0.17428169958293438
319.0 0.1623642980121076
320.0 0.1504468615166843
321.0 0.14075598446652293
322.0 0.1310651539824903
323.0 0.11655176058411598
324.0 0.10203839046880603
325.0 0.0918857695069164
326.0 0.08173314272426069
327.0 0.07382161566056311
328.0 0.06591008859686553
329.0 0.06193414446897805
330.0 0.05795819452032447
331.0 0.053846806986257434
332.0 0.04973541363142431
333.0 0.046624275273643434
334.0 0.04351313691586256
335.0 0.04244747688062489
336.0 0.041381819755770266
337.0 0.041658279951661825
338.0 0.041934740147553384
339.0 0.04074685275554657
340.0 0.039558959542773664
341.0 0.037627870915457606
342.0 0.03569678228814155
343.0 0.032408893457613885
344.0 0.029121007537469268
345.0 0.02567128394730389
346.0 0.02222155890194699
347.0 0.021012284560129046
348.0 0.019803011673502624
349.0 0.018212579016108066
350.0 0.6569552700966597
351.0 0.9698435664176941
352.0 0.7385346572846174
353.0 0.7617695722728968
354.0 0.7961238734424114
355.0 0.9386791847646236
356.0 0.4353306256234646
357.0 0.8883163332939148
358.0 0.6705275736749172
359.0 0.7645550183951855
360.0 0.5611281376332045
361.0 0.5254593677818775
362.0 0.5347037222236395
363.0 0.747156934812665
364.0 0.6675324868410826
365.0 0.7605851162225008
366.0 0.42448006570339203
367.0 0.6490362342447042
368.0 0.42107030749320984
369.0 0.6593749858438969
370.0 0.4785512574017048
371.0 0.584836583584547
372.0 0.40670898742973804
373.0 0.643076142296195
374.0 0.33741057850420475
375.0 0.620123976841569
376.0 0.37877620197832584
377.0 0.5967915989458561
378.0 0.33633322454988956
379.0 0.5094599444419146
380.0 0.3802802646532655
381.0 0.5469799041748047
382.0 0.5397562868893147
383.0 0.4750564694404602
384.0 0.5947297438979149
385.0 0.5681352224200964
386.0 0.6818745285272598
387.0 0.7215367630124092
388.0 0.8995210751891136
389.0 1.1806587688624859
390.0 1.6420533880591393
391.0 2.604944072663784
392.0 4.002104699611664
393.0 6.501598656177521
394.0 9.858480840921402
395.0 14.333444833755493
396.0 19.898666441440582
397.0 27.101001143455505
398.0 35.38884520530701
399.0 44.6004718542099
400.0 54.04483079910278
401.0 63.14045786857605
402.0 71.54533863067627
403.0 78.81065607070923
404.0 84.18765664100647
405.0 88.29582929611206
406.0 90.60359597206116
407.0 92.467200756073
408.0 93.55465769767761
409.0 94.21635270118713
410.0 94.37734484672546
411.0 94.28577423095703
412.0 93.94829869270325
413.0 93.68728995323181
414.0 93.53140592575073
415.0 93.62285733222961
416.0 93.92884373664856
417.0 94.33556199073792
418.0 94.80476379394531
419.0 95.39695382118225
420.0 95.90805172920227
421.0 96.52811288833618
422.0 96.66047692298889
423.0 96.84799909591675
424.0 96.76952958106995
425.0 96.58012986183167
426.0 96.58884406089783
427.0 96.65637016296387
428.0 96.47216796875
429.0 96.24994993209839
430.0 96.11334204673767
431.0 96.16802930831909
432.0 96.17961645126343
433.0 96.26964926719666
434.0 96.34099006652832
435.0 96.50813341140747
436.0 96.59032225608826
437.0 96.54603600502014
438.0 96.6143548488617
439.0 96.6675341129303
440.0 96.64437174797058
441.0 96.82267308235168
442.0 96.75039052963257
443.0 96.79785966873169
444.0 96.74447774887085
445.0 96.50187492370605
446.0 96.33488655090332
447.0 96.0973858833313
448.0 96.09122276306152
449.0 96.29113674163818
450.0 96.50629758834839
451.0 96.72689437866211
452.0 96.9161331653595
453.0 97.04281687736511
454.0 97.05646634101868
455.0 97.37851619720459
456.0 97.43168354034424
457.0 97.59871363639832
458.0 97.5654125213623
459.0 97.66976237297058
460.0 97.68336415290833
461.0 97.83287644386292
462.0 97.69402146339417
463.0 97.6388692855835
464.0 97.76521921157837
465.0 97.67480492591858
466.0 97.70050644874573
467.0 97.71326780319214
468.0 97.74699807167053
469.0 97.77836799621582
470.0 97.63339757919312
471.0 97.49059677124023
472.0 97.56994843482971
473.0 97.41939902305603
474.0 97.32112884521484
475.0 97.3659098148346
476.0 97.35915064811707
477.0 97.44613766670227
478.0 97.53925800323486
479.0 97.50828146934509
480.0 97.66233563423157
481.0 97.73186445236206
482.0 97.92693853378296
483.0 97.84975051879883
484.0 98.0206310749054
485.0 98.0406105518341
486.0 98.09052348136902
487.0 98.08297753334045
488.0 98.12183976173401
489.0 98.26039671897888
490.0 98.18093180656433
491.0 98.21618795394897
492.0 98.09255003929138
493.0 98.12501668930054
494.0 98.0794608592987
495.0 98.10967445373535
496.0 97.93923497200012
497.0 97.91726469993591
498.0 97.70215153694153
499.0 97.71003723144531
500.0 97.66433835029602
501.0 97.6734459400177
502.0 97.54611849784851
503.0 97.68115878105164
504.0 97.47880101203918
505.0 97.4757969379425
506.0 97.55991697311401
507.0 97.47463464736938
508.0 97.54995703697205
509.0 97.50916957855225
510.0 97.42678999900818
511.0 97.44096398353577
512.0 97.36689925193787
513.0 97.43501543998718
514.0 97.41748571395874
515.0 97.42999076843262
516.0 97.54122495651245
517.0 97.5257933139801
518.0 97.64195680618286
519.0 97.60530591011047
520.0 97.67155647277832
521.0 97.80244827270508
522.0 97.77543544769287
523.0 97.74784445762634
524.0 97.79462814331055
525.0 97.76674509048462
526.0 97.87660241127014
527.0 97.84741997718811
528.0 97.91251420974731
529.0 98.0434238910675
530.0 98.04006814956665
531.0 98.18234443664551
532.0 98.06625247001648
533.0 98.0603814125061
534.0 98.05649518966675
535.0 97.93350100517273
536.0 97.62547016143799
537.0 97.07528352737427
538.0 96.3546872138977
539.0 95.06189823150635
540.0 93.41180324554443
541.0 90.90562462806702
542.0 88.23273777961731
543.0 84.68624949455261
544.0 80.19373416900635
545.0 76.12934708595276
546.0 71.19324803352356
547.0 66.61741733551025
548.0 62.02375292778015
549.0 57.81455039978027
550.0 54.579490423202515
551.0 51.38593316078186
552.0 48.98732304573059
553.0 46.530717611312866
554.0 43.74533295631409
555.0 40.61302840709686
556.0 36.512672901153564
557.0 31.69184923171997
558.0 26.382923126220703
559.0 20.96019685268402
560.0 15.737210214138031
561.0 10.79607903957367
562.0 7.036418467760086
563.0 4.175235703587532
564.0 2.3318378254771233
565.0 1.1309485882520676
566.0 0.6002998910844326
567.0 0.29977126978337765
568.0 0.19175917841494083
569.0 0.10919272899627686
570.0 0.08516352972947061
571.0 0.054991309298202395
572.0 0.05508317844942212
573.0 0.036609143717214465
574.0 0.05032207700423896
575.0 0.030312681337818503
576.0 0.04649047623388469
577.0 0.023825213429518044
578.0 0.030582488398067653
579.0 0.02453468623571098
580.0 0.029937815270386636
581.0 0.021762331016361713
582.0 0.026780687039718032
583.0 0.01881863863673061
584.0 0.03241836675442755
585.0 0.006331989425234497
586.0 0.013989642320666462
587.0 0.016305182361975312
588.0 0.019962505029980093
589.0 0.01893682492664084
590.0 0.016261538257822394
591.0 0.019011061522178352
592.0 0.017553534416947514
593.0 0.010602913971524686
594.0 0.020440372463781387
595.0 0.00874536854098551
596.0 0.01656474923947826
597.0 0.006511204992420971
598.0 0.015225961396936327
599.0 0.01063849194906652
600.0 0.014958636893425137
601.0 0.0021933199604973197
602.0 0.002197766661993228
603.0 0.0022022131815901957
604.0 0.0021305853806552477
605.0 0.00205895776161924
606.0 0.0020112289348617196
607.0 0.001963499926205259
608.0 0.00179620928975055
609.0 0.0016289184713969007
610.0 0.0017402802768629044
611.0 0.0018516424461267889
612.0 0.001816576514102053
613.0 0.0017815107639762573
614.0 0.0018062628441839479
615.0 0.0018310149243916385
616.0 0.0017920621758094057
617.0 0.0017531090634292923
618.0 0.001678842818364501
619.0 0.0016045765732997097
620.0 0.001601942494744435
621.0 0.0015993084161891602
622.0 0.00159780520334607
623.0 0.001596301626705099
624.0 0.0014924004972272087
625.0 0.0013884994586987887
626.0 0.001315083045483334
627.0 0.00124166699606576
628.0 0.0013445970580505673
629.0 0.0014475272109848447
630.0 0.0013872423551219981
631.0 0.0013269571354612708
632.0 0.0013908184882893693
633.0 0.0014546793863701168
634.0 0.0014042849215911701
635.0 0.0013538900020648725
636.0 0.0013582212886831257
637.0 0.0013625528481497895
638.0 0.001227766460942803
639.0 0.0010929798008874059
640.0 0.001143100053013768
641.0 0.0011932198503927793
642.0 0.0012948171388416085
643.0 0.0013964141544420272
644.0 0.0012463084203773178
645.0 0.0010962027772620786
646.0 0.0012049370525346603
647.0 0.0013136716006556526
648.0 0.00118315019790316
649.0 0.0010526287042011973
650.0 0.0011409093531256076
651.0 0.0012291897292016074
652.0 0.0011359291420376394
653.0 0.0010426684639242012
654.0 0.0011026134416169953
655.0 0.0011625584193097893
656.0 0.0011958255527133588
657.0 0.0012290926861169282
658.0 0.0011604349310800899
659.0 0.001091777448891662
660.0 0.0009842236067925114
661.0 0.0008766695827944204
662.0 0.001034768320096191
663.0 0.001192867239296902
664.0 0.0011833544704131782
665.0 0.001173841519630514
666.0 0.0011071251719840802
667.0 0.0010404085514892358
668.0 0.001130422970163636
669.0 0.0012204375707369763
670.0 0.0011634787369985133
671.0 0.0011065200851589907
672.0 0.0011049346539948601
673.0 0.0011033492228307296
674.0 0.0010396022844361141
675.0 0.0009758551641425584
676.0 0.001003939632937545
677.0 0.0010320236469851807
678.0 0.0010389786439191084
679.0 0.0010459336408530362
680.0 0.0010203001693298575
681.0 0.0009946666978066787
682.0 0.0010259013834001962
683.0 0.0010571358870947734
684.0 0.0009608817890693899
685.0 0.0008646276000945363
686.0 0.0009956623216567095
687.0 0.0011266970432188828
688.0 0.0011064534191973507
689.0 0.0010862096132768784
690.0 0.0010106630725204013
691.0 0.0009351166227133945
692.0 0.0009653478628024459
693.0 0.0009955791938409675
694.0 0.0010786959137476515
695.0 0.0011618126336543355
696.0 0.0011211301170988008
697.0 0.0010804473276948556
698.0 0.001151295509771444
699.0 0.0012221437827975024
700.0 0.0011188983080501202
701.0 0.001015652742353268
702.0 0.001136788159783464
703.0 0.0012579234862641897
704.0 0.0011878334589709993
705.0 0.0011177431588293985
706.0 0.0011588772395043634
707.0 0.0012000114111287985
708.0 0.0011402259588066954
709.0 0.0010804406883835327
710.0 0.0011560513485164847
711.0 0.0012316625543462578
712.0 0.0012063056601618882
713.0 0.0011809488569269888
714.0 0.0012379716281429864
715.0 0.0012949946722073946
716.0 0.0014798738448007498
717.0 0.0016647532902425155
718.0 0.0018802065824274905
719.0 0.002095659692713525
720.0 0.0017352685972582549
721.0 0.0013748774108535144
722.0 0.0014402820852410514
723.0 0.0015056869415275287
724.0 0.001605812030902598
725.0 0.0017059372112271376
726.0 0.0018455182726029307
727.0 0.0019850996977766044
728.0 0.002051461888186168
729.0 0.0021178242604946718
730.0 0.002136363400495611
731.0 0.0021549025404965505
732.0 0.00197681256395299
733.0 0.00179872295120731
734.0 0.0015096080460352823
735.0 0.001220493322762195
736.0 0.0011130626262456644
737.0 0.0010056319297291338
738.0 0.000920385355129838
739.0 0.0008351388714800123
740.0 0.0008240707757067867
741.0 0.0008130024070851505
742.0 0.000778018784330925
743.0 0.0007430352525261696
744.0 0.0008136764336086344
745.0 0.0008843178875395097
746.0 0.0008660737876198255
747.0 0.0008478297786496114
748.0 0.0010010716323449742
749.0 0.001154313486040337
750.0 0.001048092690325575
751.0 0.0009418721674592234
752.0 0.0008889360287867021
753.0 0.0008359997991647106
754.0 0.0009363153367303312
755.0 0.0010366307833464816
756.0 0.0009621144272387028
757.0 0.0008875981620803941
758.0 0.0008600511137046851
759.0 0.0008325041562784463
760.0 0.000746296018405701
761.0 0.0006600877895834856
762.0 0.0006548133114847587
763.0 0.0006495387879112968
764.0 0.0007444655693689128
765.0 0.0008393924872507341
766.0 0.0007850263500586152
767.0 0.000730660076442291
768.0 0.0006467118510045111
769.0 0.0005627634891425259
770.0 0.0005375005002861144
771.0 0.0005122375114297029
772.0 0.0005896867151022889
773.0 0.0006671358733001398
774.0 0.0007478953193640336
775.0 0.0008286548109026626
776.0 0.0007972605089889839
777.0 0.0007658661161258351
778.0 0.0007150309102144092
779.0 0.0006641956588282483
780.0 0.0005946097189735156
781.0 0.000525023870068253
782.0 0.0005226044322625967
783.0 0.0005201849944569403
784.0 0.0005741966560890432
785.0 0.0006282083631958812
786.0 0.0006016376119077904
787.0 0.000575067087993375
788.0 0.00043473028199514374
789.0 0.00029439349873428
790.0 0.0003506470648062532
791.0 0.0004069006536155939
792.0 0.0003260266112192767
793.0 0.000245152591560327
794.0 0.00020876859707641415
795.0 0.0001723846139611851
796.0 0.0003079189355048584
797.0 0.0004434532456798479
798.0 0.0004258738044882193
799.0 0.0004082944542460609
800.0 0.00044520143092086073
801.0 0.0004821084985451307
802.0 0.0004032898687000852
803.0 0.00032447130706714233
804.0 0.0003047926838917192
805.0 0.0002851140607162961
806.0 0.00028349566036922624
807.0 0.00028187723728478886
808.0 0.0003751164513232652
809.0 0.00046835566536174156
810.0 0.0003677901304399711
811.0 0.0002672245045687305
812.0 0.00029161933525756467
813.0 0.0003160141204716638
814.0 0.00031589092941430863
815.0 0.0003157677383569535
816.0 0.00041529629015713
817.0 0.0005148247964825714
818.0 0.00040611589611216914
819.0 0.0002974070184791344
820.0 0.0004405781965033384
821.0 0.0005837493063154398
822.0 0.0005287955445965054
823.0 0.00047384173740283586
824.0 0.0004857037765759742
825.0 0.0004975657247996423
826.0 0.0005340580628399039
827.0 0.0005705504008801654
828.0 0.0004582980636769207
829.0 0.0003460457037363085
830.0 0.00040361496758123394
831.0 0.00046118425416352693
832.0 0.0005809614776808303
833.0 0.0007007386557233986
834.0 0.000546310911886394
835.0 0.0003918832135241246
836.0 0.0005337727998266928
837.0 0.0006756624316039961
838.0 0.0005482543201651424
839.0 0.00042084629967575893
840.0 0.0005149750450073043
841.0 0.0006091037448641146
842.0 0.00044496632654045243
843.0 0.00028082884000468766
844.0 0.0003467165925030713
845.0 0.00041260441321355756
846.0 0.000503234105053707
847.0 0.0005938639333180618
848.0 0.0005617564056592528
849.0 0.0005296488780004438
850.0 0.0004615608759195311
851.0 0.0003934728738386184
852.0 0.00043163340706087183
853.0 0.0004697937129094498
854.0 0.0005532047453016276
855.0 0.0006366156412696
856.0 0.0005351478193915682
857.0 0.00043367999751353636
858.0 0.00040019754123932216
859.0 0.0003667151077024755
860.0 0.00037685151710320497
861.0 0.0003869879037665669
862.0 0.0004378753601486096
863.0 0.0004887629074801225
864.0 0.000455493182016653
865.0 0.0004222234110784484
866.0 0.0004989805802324554
867.0 0.0005757377493864624
868.0 0.0006090123406465864
869.0 0.0006422869319067104
870.0 0.0005322600372892339
871.0 0.0004222330517222872
872.0 0.00038063917600084096
873.0 0.000339045186592557
874.0 0.00045951514948683325
875.0 0.0005799850441690069
876.0 0.0005795366178062977
877.0 0.0005790881459688535
878.0 0.0005403864633990452
879.0 0.0005016846898797667
880.0 0.0006083952484914334
881.0 0.0007151060799515108
882.0 0.000579595734961913
883.0 0.0004440856628207257
884.0 0.000498769031764823
885.0 0.0005534524916583905
886.0 0.0006906202088430291
887.0 0.000827788062451873
888.0 0.0007289838322321884
889.0 0.0006301795565377688
890.0 0.0006342346296150936
891.0 0.0006382897481671534
892.0 0.0006064675744710257
893.0 0.0005746455371991033
894.0 0.0005024427537136944
895.0 0.0004302400611777557
896.0 0.00036811538848269265
897.0 0.0003059907157876296
898.0 0.00035505624964571325
899.0 0.0004041217835037969
900.0 0.00036127435123489704
901.0 0.00031842696444073226
902.0 0.00045989959289727267
903.0 0.0006013722213538131
904.0 0.00041883909034368116
905.0 0.0002363059365961817
906.0 0.0003930636012228206
