lsstCam/transmission_filter_detector/r44_sw1/y_10/19700101T000000.ecsv
# %ECSV 1.0
# ---
# datatype:
# - {name: wavelength, unit: nm, datatype: float32}
# - {name: efficiency, unit: '%', datatype: float64}
# meta: !!omap
# - {MODE: DETECTOR}
# - {TYPE: transmission_filter_detector}
# - {CALIBDATE: '1970-01-01T00:00:00'}
# - {INSTRUME: LSSTCam}
# - {OBSTYPE: transmission_filter_detector}
# - {CALIBCLS: lsst.ip.isr.IntermediateFilterDetectorTransmissionCurve}
# - {SOURCE: Materion (DM-46256)}
# - {DETECTOR: 204}
# - {FILTER: y_10}
# - {CALIB_ID: 'calibDate=1970-01-01T00:00:00 filter=y_10 detector=204'}
# - {DATE: '2025-04-02T15:59:51.687251'}
# - {CALIB_CREATION_DATE: '2025-04-02'}
# - {CALIB_CREATION_TIME: '15:59:51'}
# - __serialized_columns__:
#     efficiency:
#       __class__: astropy.units.quantity.Quantity
#       unit: !astropy.units.Unit {unit: '%'}
#       value: !astropy.table.SerializedColumn {name: efficiency}
#     wavelength:
#       __class__: astropy.units.quantity.Quantity
#       unit: !astropy.units.Unit {unit: nm}
#       value: !astropy.table.SerializedColumn {name: wavelength}
# schema: astropy-2.0
wavelength efficiency
300.0 0.02733144210651517
301.0 0.023647620400879532
302.0 0.019963798695243895
303.0 0.01760812010616064
304.0 0.015252441517077386
305.0 0.014373302110470831
306.0 0.013494162703864276
307.0 0.011559031554497778
308.0 0.009623902587918565
309.0 0.010002888302551582
310.0 0.010381876199971884
311.0 0.008002818503882736
312.0 0.005623761171591468
313.0 0.0069071764301043
314.0 0.008190589142031968
315.0 0.005021824108553119
316.0 0.0018530590750742704
317.0 0.002868237061193213
318.0 0.0038834150473121554
319.0 0.0035932924220105633
320.0 0.00330316906911321
321.0 0.0038246747863013297
322.0 0.00434618086728733
323.0 0.0038801052141934633
324.0 0.003414028833503835
325.0 0.0030592302209697664
326.0 0.0027044319722335786
327.0 0.0022686826923745684
328.0 0.001832933230616618
329.0 0.002374312862229999
330.0 0.0029156924938433804
331.0 0.002442953336867504
332.0 0.0019702141798916273
333.0 0.0018842654753825627
334.0 0.0017983165889745578
335.0 0.0015699410141678527
336.0 0.0013415649846137967
337.0 0.0014663606634712778
338.0 0.0015911567970761098
339.0 0.0011860117410833482
340.0 0.0007808667760400567
341.0 0.0009989450518332887
342.0 0.0012170233276265208
343.0 0.001455075016565388
344.0 0.0016931267964537255
345.0 0.0011645215636235662
346.0 0.0006359161943692015
347.0 0.0010767099411168601
348.0 0.001517503824288724
349.0 0.0015147312296903692
350.0 0.0015119587260414846
351.0 0.0015279199942597188
352.0 0.001543881262477953
353.0 0.0013246709386294242
354.0 0.001105460432881955
355.0 0.0015280213119694963
356.0 0.001950582372955978
357.0 0.0011922969861188903
358.0 0.0004340114628575975
359.0 0.0005369352038542274
360.0 0.0006398589448508574
361.0 0.0009178026630252134
362.0 0.0011957463357248344
363.0 0.0012512226930994075
364.0 0.0013066991414234508
365.0 0.0011717635970853735
366.0 0.0010368280527472962
367.0 0.0015147347767197061
368.0 0.0019926415916415863
369.0 0.0015836618331377394
370.0 0.001174682256532833
371.0 0.0012077580322511494
372.0 0.0012408338079694659
373.0 0.0016120358850457706
374.0 0.001983237780223135
375.0 0.0028264112188480794
376.0 0.0036695844755740836
377.0 0.004079545760760084
378.0 0.004489507045946084
379.0 0.0041730472730705515
380.0 0.003856587500195019
381.0 0.0031555046007269993
382.0 0.0024544217012589797
383.0 0.0017476109860581346
384.0 0.0010408003618067596
385.0 0.0007753201316518243
386.0 0.0005098397195979487
387.0 0.0003994296548626153
388.0 0.00028901963560201693
389.0 0.0003333019094498013
390.0 0.0003775841378228506
391.0 0.0004308528332330752
392.0 0.0004841215741180349
393.0 0.0006138945991551736
394.0 0.0007436676241923124
395.0 0.0006935640158189926
396.0 0.000643460452920408
397.0 0.0007979750080266967
398.0 0.0009524896995571908
399.0 0.0010628209565766156
400.0 0.0011731521226465702
401.0 0.001491135117248632
402.0 0.0018091177480528131
403.0 0.0019018983948626556
404.0 0.0019946786778746173
405.0 0.0018937755157821812
406.0 0.0017928721717908047
407.0 0.0018101347450283356
408.0 0.0018273975001648068
409.0 0.0016896359738893807
410.0 0.0015518744476139545
411.0 0.0008859778063197155
412.0 0.0002200811877628439
413.0 0.0002835456598404562
414.0 0.00034701024560490623
415.0 0.0005733912075811531
416.0 0.0007997719876584597
417.0 0.0005444081125460798
418.0 0.00028904426017106744
419.0 0.0003351245595695218
420.0 0.00038120483623060863
421.0 4.2069032701874676e-05
422.0 1.6507642692023539e-10
423.0 1.6507642692023539e-10
424.0 1.6507642692023539e-10
425.0 1.6507642692023539e-10
426.0 1.6507642692023539e-10
427.0 0.0005894327387068188
428.0 0.001319861075899098
429.0 0.0005113541647006059
430.0 1.6507642692023539e-10
431.0 1.6507642692023539e-10
432.0 1.6507642692023539e-10
433.0 1.6507642692023539e-10
434.0 1.6507642692023539e-10
435.0 8.939227313931042e-05
436.0 0.00040974741750687826
437.0 0.000236992718782858
438.0 6.423809963962412e-05
439.0 0.00019336589502927382
440.0 0.0003224937699997099
441.0 1.6507642692023539e-10
442.0 1.6507642692023539e-10
443.0 1.6507642692023539e-10
444.0 0.0003602653805501177
445.0 0.0002976509449581499
446.0 0.0002350364411540795
447.0 1.6507642692023539e-10
448.0 1.6507642692023539e-10
449.0 1.6507642692023539e-10
450.0 0.00010665728495951043
451.0 2.0527717481400032e-05
452.0 1.6507642692023539e-10
453.0 3.0942510420572944e-05
454.0 0.00012748690778607852
455.0 0.0002958494633276132
456.0 0.00046421214392466936
457.0 6.743335916326032e-05
458.0 1.6507642692023539e-10
459.0 1.6507642692023539e-10
460.0 0.00024786527319520246
461.0 1.6507642692023539e-10
462.0 1.6507642692023539e-10
463.0 0.0002428450216029887
464.0 0.0008081029591266997
465.0 0.0008935782716434915
466.0 0.0009790537660592236
467.0 0.0009582427082932554
468.0 0.0009374316505272873
469.0 0.0013369909538596403
470.0 0.0017365502571919933
471.0 0.0014208228094503284
472.0 0.0011050953617086634
473.0 0.00188455651368713
474.0 0.002664017301867716
475.0 0.0028188014766783454
476.0 0.002973585833387915
477.0 0.0028248990929569118
478.0 0.0026762123525259085
479.0 0.0030034549126867205
480.0 0.003330697654746473
481.0 0.0039773512980900705
482.0 0.0046240056690294296
483.0 0.004252186045050621
484.0 0.0038803664210718125
485.0 0.003597648537834175
486.0 0.0033149306545965374
487.0 0.0029205588361946866
488.0 0.002526187017792836
489.0 0.002343765663681552
490.0 0.002161344491469208
491.0 0.00202323826670181
492.0 0.0018851324057322927
493.0 0.0017649761502980255
494.0 0.0016448200767626986
495.0 0.0018343920601182617
496.0 0.002023964225372765
497.0 0.0018924516552942805
498.0 0.0017609389033168554
499.0 0.0016016179870348424
500.0 0.001442296888853889
501.0 0.0020846522602369078
502.0 0.002727007449720986
503.0 0.002801393566187471
504.0 0.002875779682653956
505.0 0.002691773624974303
506.0 0.0025077673853957094
507.0 0.0022568781787413172
508.0 0.002005988972086925
509.0 0.0019136734408675693
510.0 0.0018213577277492732
511.0 0.0020836421754211187
512.0 0.0023459268049919046
513.0 0.002106895226461347
514.0 0.0018678636479307897
515.0 0.0015654470189474523
516.0 0.0012630301171157043
517.0 0.001259326199942734
518.0 0.0012556221008708235
519.0 0.0013722475159738678
520.0 0.0014888729310769122
521.0 0.0013415115063253324
522.0 0.0011941498996748123
523.0 0.0016339143257937394
524.0 0.0020736786609631963
525.0 0.002081813545373734
526.0 0.0020899486116832122
527.0 0.0022689380784868263
528.0 0.0024479275452904403
529.0 0.0024658016627654433
530.0 0.002483676144038327
531.0 0.0022587475541513413
532.0 0.002033819146163296
533.0 0.00204651769308839
534.0 0.002059216240013484
535.0 0.0018471673683961853
536.0 0.0016351183148799464
537.0 0.0016740625142119825
538.0 0.0017130067135440186
539.0 0.0022420883396989666
540.0 0.0027711699658539146
541.0 0.0034892324038082734
542.0 0.004207294477964751
543.0 0.0043582844227785245
544.0 0.004509273639996536
545.0 0.004560898742056452
546.0 0.004612523480318487
547.0 0.004379349047667347
548.0 0.004146174251218326
549.0 0.0034923319617519155
550.0 0.0028384900360833853
551.0 0.0022116042600828223
552.0 0.0015847181202843785
553.0 0.0020096602384001017
554.0 0.0024346027203137055
555.0 0.003082412149524316
556.0 0.003730221578734927
557.0 0.0041757866711122915
558.0 0.0046213513996917754
559.0 0.004415605508256704
560.0 0.004209859616821632
561.0 0.004026833630632609
562.0 0.0038438072806457058
563.0 0.0034307617170270532
564.0 0.0030177159715094604
565.0 0.0031976607715478167
566.0 0.0033776053896872327
567.0 0.0037691326724598184
568.0 0.0041606595914345235
569.0 0.004932838783133775
570.0 0.005705017611035146
571.0 0.00616133474977687
572.0 0.0066176515247207135
573.0 0.006783423305023462
574.0 0.00694919508532621
575.0 0.0067274319007992744
576.0 0.006505669443868101
577.0 0.0060517715610330924
578.0 0.005597873678198084
579.0 0.005225248605711386
580.0 0.004852623533224687
581.0 0.0055174667068058625
582.0 0.006182309880387038
583.0 0.007621460827067494
584.0 0.009060612501343712
585.0 0.010072399891214445
586.0 0.011084190919063985
587.0 0.011039081437047571
588.0 0.010993971955031157
589.0 0.010775561531772837
590.0 0.010557154018897563
591.0 0.009786379087017849
592.0 0.009015604155138135
593.0 0.008068825263762847
594.0 0.007122045644791797
595.0 0.0061715327319689095
596.0 0.0052210194553481415
597.0 0.005432493344414979
598.0 0.005643967597279698
599.0 0.0064943451434373856
600.0 0.0073447226895950735
601.0 0.00841340734041296
602.0 0.009482091263635084
603.0 0.00996610542642884
604.0 0.01045012177200988
605.0 0.010470591223565862
606.0 0.010491061402717605
607.0 0.009989101090468466
608.0 0.009487141505815089
609.0 0.00823495356598869
610.0 0.006982767808949575
611.0 0.005538449477171525
612.0 0.004094131145393476
613.0 0.003528164597810246
614.0 0.002962198050227016
615.0 0.003544431456248276
616.0 0.004126664862269536
617.0 0.005512623465619981
618.0 0.0068985813413746655
619.0 0.008403608808293939
620.0 0.00990863554761745
621.0 0.010550196748226881
622.0 0.011191757948836312
623.0 0.011249088129261509
624.0 0.011306419037282467
625.0 0.010826782818185166
626.0 0.010347148054279387
627.0 0.008929485193220899
628.0 0.0075118230597581714
629.0 0.0060101101553300396
630.0 0.004508396523306146
631.0 0.003531594484229572
632.0 0.0025547928089508787
633.0 0.0026013105525635183
634.0 0.002647828296176158
635.0 0.0025643619665061124
636.0 0.002480895273038186
637.0 0.0031300500268116593
638.0 0.0037792047805851325
639.0 0.004529392754193395
640.0 0.005279580727801658
641.0 0.005556061296374537
642.0 0.005832541501149535
643.0 0.005869549568160437
644.0 0.0059065569075755775
645.0 0.005342293661669828
646.0 0.0047780304157640785
647.0 0.0043352640204830095
648.0 0.00389249726140406
649.0 0.003178672704962082
650.0 0.0024648485123179853
651.0 0.0022136588086141273
652.0 0.001962468923011329
653.0 0.0017480122551205568
654.0 0.0015335559510276653
655.0 0.0016518361007911153
656.0 0.001770116614352446
657.0 0.0018527118299971335
658.0 0.0019353068637428805
659.0 0.0017226657291757874
660.0 0.0015100245036592241
661.0 0.0015214928680507
662.0 0.0015329613233916461
663.0 0.001733400313241873
664.0 0.0019338393030920997
665.0 0.002259245047753211
666.0 0.0025846513381111436
667.0 0.0030834027711534873
668.0 0.0035821543860947713
669.0 0.004592888217302971
670.0 0.005603621320915408
671.0 0.006369451148202643
672.0 0.007135279156500474
673.0 0.007498606282752007
674.0 0.007861934136599302
675.0 0.007440873014274985
676.0 0.0070198111643549055
677.0 0.006509858212666586
678.0 0.005999904897180386
679.0 0.004847180025535636
680.0 0.0036944547900930047
681.0 0.002355928154429421
682.0 0.0010174012459174264
683.0 0.0006747007319063414
684.0 0.0003320003315820941
685.0 0.00024396467779297382
686.0 0.00015592893305438338
687.0 0.0003175395022481098
688.0 0.00047914995775499847
689.0 0.0004326129328546813
690.0 0.00038607604437856935
691.0 0.0002779043143164017
692.0 0.00016973260699160164
693.0 0.00018745658962870948
694.0 0.0002051804585789796
695.0 4.476032131606189e-05
696.0 1.6507642692023539e-10
697.0 0.0001514315044914838
698.0 0.0004185229045106098
699.0 0.0004040985913889017
700.0 0.00038967436921666376
701.0 0.00014679309288112563
702.0 1.6507642692023539e-10
703.0 0.00015062383909025812
704.0 0.00039733581616019364
705.0 0.0003244505705879419
706.0 0.00025156525680358754
707.0 0.00016688683217580547
708.0 8.220839617933962e-05
709.0 9.115784109781089e-05
710.0 0.00010010728601628216
711.0 0.00023346485704678344
712.0 0.00036682233712781454
713.0 0.0002047027692242409
714.0 4.258316721461597e-05
715.0 5.1430021130727255e-05
716.0 6.027678409736836e-05
717.0 0.00029459918096108595
718.0 0.0005289213731884956
719.0 0.0003148374389638775
720.0 0.00010075351610794314
721.0 0.00038155276342877187
722.0 0.0006623518856940791
723.0 0.0003557557874955819
724.0 4.9159621084982064e-05
725.0 0.00030512824196193833
726.0 0.0005610968855762621
727.0 0.00034187532946816646
728.0 0.00012265372788533568
729.0 0.00015650178966097883
730.0 0.00019034973774978425
731.0 1.6507642692023539e-10
732.0 1.6507642692023539e-10
733.0 0.00010118594673258485
734.0 0.0004027939667139435
735.0 0.00022214910586626502
736.0 4.150425922944123e-05
737.0 0.0003508541112751118
738.0 0.0006602038411074318
739.0 0.00040219456423074007
740.0 0.00014418535556615097
741.0 9.58170176090789e-05
742.0 4.744874502193852e-05
743.0 0.00018545217699283967
744.0 0.0003234556743336725
745.0 0.0002592548071334022
746.0 0.000195053985407867
747.0 0.000262741491496854
748.0 0.00033042908853531117
749.0 0.00039704423215880524
750.0 0.0004636593075701967
751.0 0.00019521392005117377
752.0 1.6507642692023539e-10
753.0 3.684961029648548e-05
754.0 0.00014693059711134993
755.0 0.000272302099801891
756.0 0.0003976736024924321
757.0 0.0003524507064867066
758.0 0.00030722767405677587
759.0 0.00022980746052780887
760.0 0.00015238713331200415
761.0 0.00040526624616177287
762.0 0.0006581452453247039
763.0 0.0005772131771664135
764.0 0.000496281018058653
765.0 0.00027979817787127104
766.0 6.331541726467549e-05
767.0 0.00012138793863414321
768.0 0.00017946041452887584
769.0 5.0051284006258356e-05
770.0 1.6507642692023539e-10
771.0 1.6507642692023539e-10
772.0 4.815899501409149e-05
773.0 5.6647616020200076e-05
774.0 6.51361006021034e-05
775.0 0.00018448578202878707
776.0 0.0003038353952433681
777.0 0.00023660861643293174
778.0 0.00016938167846092256
779.0 0.000498193958264892
780.0 0.0008270061698567588
781.0 0.0007796616955602076
782.0 0.000732317039364716
783.0 0.000529817225469742
784.0 0.0003273175025242381
785.0 0.00017571958323969739
786.0 2.412170942989178e-05
787.0 0.00041116049942502286
788.0 0.0007981992894201539
789.0 0.0005191693162487354
790.0 0.00024013927486521425
791.0 0.0003417081188672455
792.0 0.00044327684918243904
793.0 0.0006827774086559657
794.0 0.0009222780136042275
795.0 0.0005647660145768896
796.0 0.0002072539700748166
797.0 0.0006442611265811138
798.0 0.0010812682376126759
799.0 0.0009137689630733803
800.0 0.0007462696430593496
801.0 0.0008426633030467201
802.0 0.0009390570994582959
803.0 0.000619741831542342
804.0 0.00030042670005059335
805.0 0.0006123204912000801
806.0 0.0009242142368748318
807.0 0.0006906054295541253
808.0 0.00045699662223341875
809.0 0.0007179569365689531
810.0 0.0009789172509044874
811.0 0.0009120972208620515
812.0 0.0008452773727185559
813.0 0.0006818282599851955
814.0 0.0005183792382013053
815.0 0.0004807634923054138
816.0 0.00044314779188425746
817.0 0.0005612364475382492
818.0 0.0006793252850911813
819.0 0.0007206034752016421
820.0 0.0007618817562615732
821.0 0.0007733878192084376
822.0 0.0007848939276300371
823.0 0.0006872489848319674
824.0 0.0005896042694075732
825.0 0.0006100100108596962
826.0 0.0006304157977865543
827.0 0.0005360130671760999
828.0 0.00044161024561617523
829.0 0.0006142681741039269
830.0 0.0007869259206927381
831.0 0.0010729272617027164
832.0 0.0013589286027126946
833.0 0.0011130819984828122
834.0 0.0008672353942529298
835.0 0.00044937578422832303
836.0 3.1516339049630915e-05
837.0 0.0003314223476991174
838.0 0.0006313284302450484
839.0 0.0008024643648241181
840.0 0.0009736003448779229
841.0 0.0008175104994734284
842.0 0.0006614205176447285
843.0 0.0008726664418645669
844.0 0.0010839125025086105
845.0 0.0011269347851339262
846.0 0.001169957158708712
847.0 0.0009152788152277935
848.0 0.000660600471746875
849.0 0.0007997509783308487
850.0 0.0009389015758642927
851.0 0.0008585787327319849
852.0 0.0007782560714986175
853.0 0.0005806980880151968
854.0 0.0003831403319054516
855.0 0.0005177142156753689
856.0 0.0006522879175463459
857.0 0.0009870507710729726
858.0 0.0013218133972259238
859.0 0.0012426547073118854
860.0 0.0011634958354989067
861.0 0.0010246015335724223
862.0 0.0008857070497469977
863.0 0.0015172215171332937
864.0 0.0021487358026206493
865.0 0.0021156336515559815
866.0 0.002082531682390254
867.0 0.0023085522116161883
868.0 0.0025345732865389436
869.0 0.0028190945158712566
870.0 0.0031036157452035695
871.0 0.0031206429412122816
872.0 0.0031376705010188743
873.0 0.0026971423721988685
