lsstCam/transmission_filter_detector/r44_sw1/y_10/19700101T000000.ecsv
# %ECSV 1.0
# ---
# datatype:
# - {name: wavelength, unit: nm, datatype: float32}
# - {name: efficiency, unit: '%', datatype: float64}
# meta: !!omap
# - {MODE: DETECTOR}
# - {TYPE: transmission_filter_detector}
# - {CALIBDATE: '1970-01-01T00:00:00'}
# - {INSTRUME: LSSTCam}
# - {OBSTYPE: transmission_filter_detector}
# - {CALIBCLS: lsst.ip.isr.IntermediateFilterDetectorTransmissionCurve}
# - {SOURCE: Materion (DM-46256)}
# - {DETECTOR: 204}
# - {FILTER: y_10}
# - {CALIB_ID: 'calibDate=1970-01-01T00:00:00 filter=y_10 detector=204'}
# - {DATE: '2025-04-02T15:59:51.687251'}
# - {CALIB_CREATION_DATE: '2025-04-02'}
# - {CALIB_CREATION_TIME: '15:59:51'}
# - __serialized_columns__:
#     efficiency:
#       __class__: astropy.units.quantity.Quantity
#       unit: !astropy.units.Unit {unit: '%'}
#       value: !astropy.table.SerializedColumn {name: efficiency}
#     wavelength:
#       __class__: astropy.units.quantity.Quantity
#       unit: !astropy.units.Unit {unit: nm}
#       value: !astropy.table.SerializedColumn {name: wavelength}
# schema: astropy-2.0
wavelength efficiency
[from data line 575]
875.0 0.002111165849782992
876.0 0.001965717274288181
877.0 0.0019107812477159314
878.0 0.0018558452211436816
879.0 0.0016976180631900206
880.0 0.06388806505128741
881.0 0.08573548984713852
882.0 0.06286308635026217
883.0 0.09324241545982659
884.0 0.05846990970894694
885.0 0.09819503175094724
886.0 0.05752922152169049
887.0 0.11184030445292592
888.0 0.07417794549837708
889.0 0.08397417259402573
890.0 0.0669410394039005
891.0 0.08398646605201066
892.0 0.07236687233671546
893.0 0.09897790150716901
894.0 0.06923224427737296
895.0 0.09676336776465178
896.0 0.07594125927425921
897.0 0.0977272167801857
898.0 0.07932745502330363
899.0 0.1384443836286664
900.0 0.09479993605054915
901.0 0.1293160836212337
902.0 0.14015957713127136
903.0 0.1382545568048954
904.0 0.16673407517373562
905.0 0.18887267215177417
906.0 0.21220899652689695
907.0 0.2770727500319481
908.0 0.34801510628312826
909.0 0.4436139948666096
910.0 0.6068993359804153
911.0 0.8336747996509075
912.0 1.223719585686922
913.0 1.8179936334490776
914.0 2.592066302895546
915.0 3.782929852604866
916.0 5.301747843623161
917.0 7.0942722260952
918.0 9.286054223775864
919.0 11.490771919488907
920.0 14.570321142673492
921.0 17.79211312532425
922.0 20.868563652038574
923.0 24.431973695755005
924.0 28.269824385643005
925.0 32.52516686916351
926.0 37.88121044635773
927.0 43.857985734939575
928.0 49.45051968097687
929.0 55.667275190353394
930.0 61.49945259094238
931.0 67.52817630767822
932.0 73.49109649658203
933.0 78.90828847885132
934.0 83.27127695083618
935.0 86.67653203010559
936.0 89.59013819694519
937.0 91.77181720733643
938.0 93.315988779068
939.0 94.36078071594238
940.0 95.03400921821594
941.0 95.48453092575073
942.0 95.81323862075806
943.0 96.10877633094788
944.0 96.5400218963623
945.0 96.59648537635803
946.0 96.79222106933594
947.0 96.90153002738953
948.0 97.05252647399902
949.0 96.98632955551147
950.0 97.0973789691925
951.0 97.13852405548096
952.0 97.13029861450195
953.0 97.23607301712036
954.0 97.27427959442139
955.0 97.30669856071472
956.0 97.54796028137207
957.0 97.77517914772034
958.0 97.89888262748718
959.0 97.99290895462036
960.0 98.21354150772095
961.0 98.3094573020935
962.0 98.38626980781555
963.0 98.47515225410461
964.0 98.57088923454285
965.0 98.61913323402405
966.0 98.70502352714539
967.0 98.78075122833252
968.0 98.7621009349823
969.0 98.79655241966248
970.0 98.85467290878296
971.0 98.87847304344177
972.0 98.91347289085388
973.0 98.9890992641449
974.0 98.98847937583923
975.0 99.01304841041565
976.0 99.03786182403564
977.0 99.01970624923706
978.0 99.08185601234436
979.0 99.04351234436035
980.0 99.03153777122498
981.0 98.95063042640686
982.0 98.91651272773743
983.0 98.93324971199036
984.0 98.90639781951904
985.0 98.88030886650085
986.0 98.75333905220032
987.0 98.85573983192444
988.0 98.71816039085388
989.0 98.6763060092926
990.0 98.62900376319885
991.0 98.62454533576965
992.0 98.68301153182983
993.0 98.6259400844574
994.0 98.61143231391907
995.0 98.62239956855774
996.0 98.59355092048645
997.0 98.67060780525208
998.0 98.71675372123718
999.0 98.74818325042725
1000.0 98.78002405166626
1001.0 98.79766702651978
1002.0 98.92494082450867
1003.0 98.95402789115906
1004.0 99.05229210853577
1005.0 99.00890588760376
1006.0 99.10846948623657
1007.0 99.12233352661133
1008.0 99.10587072372437
1009.0 99.06215071678162
1010.0 99.11357760429382
1011.0 99.12887811660767
1012.0 99.01655316352844
1013.0 99.03842806816101
1014.0 99.03815984725952
1015.0 98.97503852844238
1016.0 98.94804954528809
1017.0 98.97069931030273
1018.0 99.00669455528259
1019.0 98.90550374984741
1020.0 98.95991683006287
1021.0 99.07496571540833
1022.0 98.92879724502563
1023.0 98.96458387374878
1024.0 98.95796775817871
1025.0 98.9459216594696
1026.0 98.9743709564209
1027.0 99.06394481658936
1028.0 98.9697813987732
1029.0 99.06464219093323
1030.0 99.1499662399292
1031.0 99.12158846855164
1032.0 99.11958575248718
1033.0 99.07922744750977
1034.0 99.0942656993866
1035.0 99.10836815834045
1036.0 99.10791516304016
1037.0 99.05898571014404
1038.0 99.00903701782227
1039.0 99.00178909301758
1040.0 98.88511300086975
1041.0 99.05200600624084
1042.0 99.01688694953918
1043.0 98.88479113578796
1044.0 98.93908500671387
1045.0 98.6620545387268
1046.0 98.91132116317749
1047.0 98.82791042327881
1048.0 98.83251786231995
1049.0 98.69576692581177
1050.0 98.75686764717102
1051.0 98.67005944252014
1052.0 98.76348376274109
1053.0 98.60315918922424
1054.0 98.89128804206848
1055.0 98.91814589500427
1056.0 98.74549508094788
1057.0 98.82545471191406
1058.0 98.72572422027588
1059.0 98.80309700965881
1060.0 98.95655512809753
1061.0 98.85296821594238
1062.0 98.91898036003113
1063.0 98.83275032043457
1064.0 98.97347688674927
1065.0 98.91620874404907
1066.0 98.96407723426819
1067.0 98.98945093154907
1068.0 98.93298149108887
1069.0 98.69939684867859
1070.0 99.09142851829529
1071.0 98.84726405143738
1072.0 99.02293086051941
1073.0 99.17534589767456
1074.0 98.68325591087341
1075.0 98.76126050949097
1076.0 98.43773245811462
1077.0 98.86754155158997
1078.0 98.85761141777039
1079.0 98.68242740631104
1080.0 99.30533170700073
1081.0 98.72957468032837
1082.0 98.67518544197083
1083.0 98.63594770431519
1084.0 98.81224632263184
1085.0 98.83675575256348
1086.0 98.53946566581726
1087.0 98.62573146820068
1088.0 98.38545322418213
1089.0 98.44164252281189
1090.0 98.54509830474854
1091.0 98.80566596984863
1092.0 98.91140460968018
1093.0 98.55383038520813
1094.0 98.43076467514038
1095.0 98.34593534469604
1096.0 98.75117540359497
1097.0 98.31507205963135
1098.0 97.69710302352905
1099.0 98.8392174243927
1100.0 98.12644124031067
