lsstCam/transmission_filter_detector/r03_s21/u_24/19700101T000000.ecsv
# %ECSV 1.0
# ---
# datatype:
# - {name: wavelength, unit: nm, datatype: float32}
# - {name: efficiency, unit: '%', datatype: float64}
# meta: !!omap
# - {MODE: DETECTOR}
# - {TYPE: transmission_filter_detector}
# - {CALIBDATE: '1970-01-01T00:00:00'}
# - {INSTRUME: LSSTCam}
# - {OBSTYPE: transmission_filter_detector}
# - {CALIBCLS: lsst.ip.isr.IntermediateFilterDetectorTransmissionCurve}
# - {SOURCE: Materion (DM-46256)}
# - {DETECTOR: 25}
# - {FILTER: u_24}
# - {CALIB_ID: 'calibDate=1970-01-01T00:00:00 filter=u_24 detector=25'}
# - {DATE: '2025-04-02T15:59:39.864539'}
# - {CALIB_CREATION_DATE: '2025-04-02'}
# - {CALIB_CREATION_TIME: '15:59:39'}
# - __serialized_columns__:
#     efficiency:
#       __class__: astropy.units.quantity.Quantity
#       unit: !astropy.units.Unit {unit: '%'}
#       value: !astropy.table.SerializedColumn {name: efficiency}
#     wavelength:
#       __class__: astropy.units.quantity.Quantity
#       unit: !astropy.units.Unit {unit: nm}
#       value: !astropy.table.SerializedColumn {name: wavelength}
# schema: astropy-2.0
wavelength efficiency
295.0 1.629434109341743e-10
296.0 1.629434109341743e-10
297.0 1.629434109341743e-10
298.0 1.629434109341743e-10
299.0 1.629434109341743e-10
300.0 1.629434109341743e-10
301.0 1.629434109341743e-10
302.0 1.629434109341743e-10
303.0 1.629434109341743e-10
304.0 0.36842923145741224
305.0 0.9835141710937023
306.0 2.3343658074736595
307.0 3.98692786693573
308.0 6.416273862123489
309.0 9.873557835817337
310.0 13.315929472446442
311.0 17.441172897815704
312.0 21.17903381586075
313.0 24.148021638393402
314.0 26.968765258789062
315.0 29.33078110218048
316.0 31.59814476966858
317.0 34.28987264633179
318.0 37.575262784957886
319.0 41.84463024139404
320.0 47.719186544418335
321.0 53.29405665397644
322.0 59.233105182647705
323.0 64.37224745750427
324.0 68.50067377090454
325.0 71.30189538002014
326.0 73.4447717666626
327.0 75.28145909309387
328.0 77.03232169151306
329.0 78.4500241279602
330.0 79.58986163139343
331.0 79.99392747879028
332.0 80.31786680221558
333.0 80.41971921920776
334.0 80.26715517044067
335.0 80.60539960861206
336.0 80.89476227760315
337.0 81.49017095565796
338.0 82.38866925239563
339.0 82.94005990028381
340.0 83.28731656074524
341.0 83.78682732582092
342.0 84.05994772911072
343.0 84.02259945869446
344.0 84.32171940803528
345.0 84.73899960517883
346.0 85.0115954875946
347.0 85.35271883010864
348.0 85.56016683578491
349.0 85.81836223602295
350.0 85.8496904373169
351.0 86.05991005897522
352.0 85.924232006073
353.0 85.89123487472534
354.0 85.81621050834656
355.0 86.07759475708008
356.0 86.22715473175049
357.0 86.19111180305481
358.0 85.8242928981781
359.0 85.53969264030457
360.0 85.33104658126831
361.0 85.13104915618896
362.0 84.95940566062927
363.0 85.06165742874146
364.0 85.20554900169373
365.0 85.58757901191711
366.0 85.83328127861023
367.0 85.89577674865723
368.0 85.99153161048889
369.0 86.10263466835022
370.0 85.94105243682861
371.0 85.82910895347595
372.0 85.861736536026
373.0 86.03196740150452
374.0 86.02099418640137
375.0 86.32318377494812
376.0 86.52835488319397
377.0 86.60545945167542
378.0 86.61248683929443
379.0 86.19022965431213
380.0 85.32143831253052
381.0 83.93945693969727
382.0 82.09545016288757
383.0 80.02275228500366
384.0 77.91130542755127
385.0 75.49240589141846
386.0 72.86854982376099
387.0 69.37166452407837
388.0 65.76051115989685
389.0 61.50062680244446
390.0 57.31479525566101
391.0 53.02629470825195
392.0 48.729389905929565
393.0 45.08030414581299
394.0 41.685494780540466
395.0 37.80481815338135
396.0 33.58573913574219
397.0 27.80294418334961
398.0 21.416155993938446
399.0 14.536625146865845
400.0 8.670681715011597
401.0 4.348969087004662
402.0 1.6937432810664177
403.0 0.5223670974373817
404.0 0.2183700678870082
405.0 0.0822369591332972
406.0 0.02753341686911881
407.0 0.0009045666047313716
408.0 1.629434109341743e-10
409.0 1.629434109341743e-10
410.0 1.629434109341743e-10
411.0 1.629434109341743e-10
412.0 1.629434109341743e-10
413.0 1.629434109341743e-10
414.0 1.629434109341743e-10
415.0 1.629434109341743e-10
416.0 1.629434109341743e-10
417.0 1.629434109341743e-10
418.0 1.629434109341743e-10
419.0 1.629434109341743e-10
420.0 1.629434109341743e-10
421.0 1.629434109341743e-10
422.0 1.629434109341743e-10
423.0 1.629434109341743e-10
424.0 1.629434109341743e-10
425.0 1.629434109341743e-10
426.0 1.629434109341743e-10
427.0 0.00032496122912561987
428.0 0.002031211079156492
429.0 0.0009074002264242154
430.0 1.629434109341743e-10
431.0 1.629434109341743e-10
432.0 1.629434109341743e-10
433.0 1.629434109341743e-10
434.0 1.629434109341743e-10
435.0 1.629434109341743e-10
436.0 1.629434109341743e-10
437.0 1.629434109341743e-10
438.0 1.629434109341743e-10
439.0 0.0007885509148763958
440.0 0.0021848951291758567
441.0 0.0002743109689617995
442.0 1.629434109341743e-10
443.0 1.629434109341743e-10
444.0 1.629434109341743e-10
445.0 1.629434109341743e-10
446.0 0.0008767286999500357
447.0 8.400461979363172e-05
448.0 1.629434109341743e-10
449.0 1.629434109341743e-10
450.0 0.0006964059139136225
451.0 1.629434109341743e-10
452.0 1.629434109341743e-10
453.0 1.629434109341743e-10
454.0 1.629434109341743e-10
455.0 1.629434109341743e-10
456.0 1.629434109341743e-10
457.0 1.629434109341743e-10
458.0 1.629434109341743e-10
459.0 1.629434109341743e-10
460.0 1.629434109341743e-10
461.0 1.629434109341743e-10
462.0 1.629434109341743e-10
463.0 1.629434109341743e-10
464.0 1.629434109341743e-10
465.0 1.629434109341743e-10
466.0 1.72286419797274e-05
467.0 1.629434109341743e-10
468.0 1.629434109341743e-10
469.0 0.0002565847353253048
470.0 0.0007382814601442078
471.0 0.00016117656969072414
472.0 1.629434109341743e-10
473.0 1.629434109341743e-10
474.0 1.629434109341743e-10
475.0 1.629434109341743e-10
476.0 1.629434109341743e-10
477.0 0.00022646609068033285
478.0 0.0006604197551496327
479.0 0.0003743473143913434
480.0 8.827514079712273e-05
481.0 0.0002946019776572939
482.0 0.0005009288543078583
483.0 1.629434109341743e-10
484.0 1.629434109341743e-10
485.0 1.629434109341743e-10
486.0 1.629434109341743e-10
487.0 1.629434109341743e-10
488.0 1.629434109341743e-10
489.0 1.629434109341743e-10
490.0 1.629434109341743e-10
491.0 1.629434109341743e-10
492.0 0.00018275175079907058
493.0 1.629434109341743e-10
494.0 1.629434109341743e-10
495.0 0.00017212702232427546
496.0 0.0010315509825886693
497.0 0.00046590685087721795
498.0 1.629434109341743e-10
499.0 0.00032040541100286646
500.0 0.0007405486485367874
501.0 0.0003304745632703998
502.0 1.629434109341743e-10
503.0 1.629434109341743e-10
504.0 1.629434109341743e-10
505.0 1.629434109341743e-10
506.0 0.00015426164736709325
507.0 1.629434109341743e-10
508.0 1.629434109341743e-10
509.0 1.629434109341743e-10
510.0 1.629434109341743e-10
511.0 1.629434109341743e-10
512.0 0.0003800919785135193
513.0 0.0004563723905448569
514.0 0.0005326525752025191
515.0 0.0005406721811596071
516.0 0.0005486917871166952
517.0 9.181997029372724e-05
518.0 1.629434109341743e-10
519.0 1.629434109341743e-10
520.0 0.0001791037107068405
521.0 0.00043239629121671896
522.0 0.000685688792145811
523.0 0.0002762017857094179
524.0 1.629434109341743e-10
525.0 1.629434109341743e-10
526.0 1.629434109341743e-10
527.0 1.629434109341743e-10
528.0 1.629434109341743e-10
529.0 1.629434109341743e-10
530.0 1.629434109341743e-10
531.0 0.00015377886484202463
532.0 0.00041265057006967254
533.0 1.629434109341743e-10
534.0 1.629434109341743e-10
535.0 1.629434109341743e-10
536.0 1.629434109341743e-10
537.0 1.629434109341743e-10
538.0 1.629434109341743e-10
539.0 1.629434109341743e-10
540.0 1.629434109341743e-10
541.0 1.629434109341743e-10
542.0 1.629434109341743e-10
543.0 1.629434109341743e-10
544.0 1.629434109341743e-10
545.0 1.629434109341743e-10
546.0 1.629434109341743e-10
547.0 1.629434109341743e-10
548.0 0.00024840908281476004
549.0 1.629434109341743e-10
550.0 1.629434109341743e-10
551.0 1.629434109341743e-10
552.0 1.629434109341743e-10
553.0 1.629434109341743e-10
554.0 1.629434109341743e-10
555.0 1.629434109341743e-10
556.0 1.629434109341743e-10
557.0 1.629434109341743e-10
558.0 1.629434109341743e-10
559.0 1.629434109341743e-10
560.0 0.0001961122279681149
561.0 7.800776984367985e-05
562.0 1.629434109341743e-10
563.0 1.629434109341743e-10
564.0 1.629434109341743e-10
565.0 1.629434109341743e-10
566.0 1.629434109341743e-10
567.0 1.629434109341743e-10
568.0 9.668062830314739e-05
569.0 0.00030568971851607785
570.0 0.0005146986040927004
571.0 0.0004599824023898691
572.0 0.00040526638258597814
573.0 0.0004152849669480929
574.0 0.0004253039151080884
575.0 0.00017581961628820864
576.0 1.629434109341743e-10
577.0 0.00018908314132204396
578.0 0.0004518308287515538
579.0 0.00044688190428132657
580.0 0.00044193293433636427
581.0 0.0009099813723878469
582.0 0.0013780300832877401
583.0 0.0015439980415976606
584.0 0.0017099660908570513
585.0 0.0013991541891300585
586.0 0.001088341923605185
587.0 0.0010619344720907975
588.0 0.0010355271115258802
589.0 0.0008653636541566812
590.0 0.0006951999239390716
591.0 0.0009225995199813042
592.0 0.001149999206973007
593.0 0.000974103113549063
594.0 0.0007982067472767085
595.0 0.0007366448244283674
596.0 0.0006750828106305562
597.0 0.0009112250154430512
598.0 0.001147367038356606
599.0 0.0016784330000518821
600.0 0.002209498779848218
601.0 0.0024943065000115894
602.0 0.0027791145839728415
603.0 0.0023731383407721296
604.0 0.0019671620975714177
605.0 0.001543532380310353
606.0 0.001119902572099818
607.0 0.0010332520105293952
608.0 0.0009466013580095023
609.0 0.0006025287802913226
610.0 0.0002584561798357754
611.0 0.0004916582838632166
612.0 0.0007248604561027605
613.0 0.0007598002866870956
614.0 0.0007947401172714308
615.0 0.0009292747563449666
616.0 0.0010638093954185024
617.0 0.0009571366717864294
618.0 0.0008504640391038265
619.0 0.0004487426394916838
620.0 4.702128535427619e-05
621.0 0.000397104122384917
622.0 0.0007471868684660876
623.0 0.0007068756531225517
624.0 0.000666564528728486
625.0 0.0007821732651791535
626.0 0.0008977819561550859
627.0 0.0008311098099511582
628.0 0.0007644376637472305
629.0 0.0009931762178894132
630.0 0.001221914862981066
631.0 0.001564691228850279
632.0 0.0019074677766184323
633.0 0.0020810821297345683
634.0 0.0022546964828507043
635.0 0.0024344586563529447
636.0 0.0026142206479562446
637.0 0.002287492316099815
638.0 0.001960763802344445
639.0 0.0013042494174442254
640.0 0.0006477345777966548
641.0 0.0008114663614833262
642.0 0.0009751981451699976
643.0 0.0007157206255214987
644.0 0.0004562430603982648
645.0 0.00042545389078441076
646.0 0.00039466463022108655
647.0 0.00017661856190898106
648.0 1.629434109341743e-10
649.0 1.5235443129313353e-05
650.0 7.189835287135793e-05
651.0 0.0005348247668734984
652.0 0.0009977513400372118
653.0 0.001325712219113484
654.0 0.0016536725524929352
655.0 0.0016830188542371616
656.0 0.001712365155981388
657.0 0.0027124022381030954
658.0 0.003712439865921624
659.0 0.00421724071202334
660.0 0.004722041194327176
661.0 0.004421153062139638
662.0 0.004120264566154219
663.0 0.0030225868613342755
664.0 0.0019249095203122124
665.0 0.0016155523553607054
666.0 0.001306195008510258
667.0 0.0012516344213509
668.0 0.0011970735613431316
669.0 0.0008578538654546719
670.0 0.0005186342605156824
671.0 0.0005813131338072708
672.0 0.000643991916149389
673.0 0.000498913186675054
674.0 0.00035383441172598395
675.0 0.0006580735316674691
676.0 0.0009623127880331594
677.0 0.0016971045624813996
678.0 0.0024318967916769907
679.0 0.002451372711220756
680.0 0.002470848812663462
681.0 0.0034971002605743706
682.0 0.00452335189038422
683.0 0.0063458457589149475
684.0 0.008168339991243556
685.0 0.008872290345607325
686.0 0.009576244337949902
687.0 0.008553239604225382
688.0 0.007530237053288147
689.0 0.005872705150977708
690.0 0.004215174340060912
691.0 0.003799870319198817
692.0 0.0033845659345388412
693.0 0.00309062706946861
694.0 0.002796688386297319
695.0 0.0023958016754477285
696.0 0.0019949151464970782
697.0 0.0013963594028609805
698.0 0.0007978034773259424
699.0 0.0006324928108369932
700.0 0.00046718205339857377
701.0 0.00040605623325973283
702.0 0.00034493048133299453
703.0 0.0005226098437560722
704.0 0.0007002893653407227
705.0 0.0007406258191622328
706.0 0.0007809624548826832
707.0 0.00085073261288926
708.0 0.000920502316148486
709.0 0.0006786786343582207
710.0 0.0004368548161437502
711.0 0.0005902609245822532
712.0 0.0007436668511218159
713.0 0.0007839013051125221
714.0 0.0008241357136284932
715.0 0.0006169677362777293
716.0 0.0004097997134522302
717.0 0.0005109313860884868
718.0 0.0006120629677752731
719.0 0.0005291654815664515
720.0 0.00044626799535762984
721.0 0.0004273430022294633
722.0 0.0004084180091012968
723.0 0.0004542278475128114
724.0 0.0005000376859243261
725.0 0.00041842295104288496
726.0 0.0003368080342625035
727.0 0.0004360269485914614
728.0 0.0005352459993446246
729.0 0.00040111362977768295
730.0 0.0002669813511602115
731.0 0.0003349386361151119
732.0 0.00040289601201948244
733.0 0.0002643621201059432
734.0 0.00012582833051055786
735.0 0.00024953421871032333
736.0 0.0003732401410161401
737.0 0.0004549152436084114
738.0 0.0005365903234633151
739.0 0.000613911697655567
740.0 0.0006912327989994083
741.0 0.0009906057130137924
742.0 0.0012899789908260573
743.0 0.0021058531274320558
744.0 0.0029217268092907034
745.0 0.0035744200431508943
746.0 0.0042271123675163835
747.0 0.004653894939110614
748.0 0.005080677510704845
749.0 0.004254969826433808
750.0 0.00342926214216277
751.0 0.003128155367448926
752.0 0.002827048228937201
753.0 0.0023498803784605116
754.0 0.001872712527983822
755.0 0.0020985304217902012
756.0 0.002324348497495521
757.0 0.0019457755115581676
758.0 0.0015672021618229337
759.0 0.0012206786777824163
760.0 0.0008741552846913692
761.0 0.0012640419299714267
762.0 0.0016539286662009545
763.0 0.001160263127530925
764.0 0.0006665975433861604
765.0 0.0008724789950065315
766.0 0.0010783604921016376
767.0 0.0009046738341567107
768.0 0.0007309870852623135
769.0 0.0006515158929687459
770.0 0.000572044564250973
771.0 0.0004139637439948274
772.0 0.0002558827645771089
773.0 0.0003001687900905381
774.0 0.00034445474739186466
775.0 0.000372113049706968
776.0 0.0003997712155978661
777.0 0.0005087770659883972
778.0 0.000617782734479988
779.0 0.0008590864126745146
780.0 0.001100389999919571
781.0 0.0011263476153544616
782.0 0.0011523054126882926
783.0 0.0009265603694075253
784.0 0.0007008152806520229
785.0 0.0010253644177282695
786.0 0.0013499132364813704
787.0 0.0011446943062765058
788.0 0.000939475285122171
789.0 0.0010298427696397994
790.0 0.0011202102541574277
791.0 0.001012152642942965
792.0 0.0009040950317285024
793.0 0.0002537060936447233
794.0 1.629434109341743e-10
795.0 1.629434109341743e-10
796.0 5.323012715052755e-05
797.0 0.0002933942823801772
798.0 0.0005335584319254849
799.0 0.00034046620385197457
800.0 0.00014737389619767782
801.0 1.629434109341743e-10
802.0 1.629434109341743e-10
803.0 1.629434109341743e-10
804.0 1.629434109341743e-10
805.0 1.629434109341743e-10
806.0 1.629434109341743e-10
807.0 1.629434109341743e-10
808.0 1.629434109341743e-10
809.0 7.712136493864818e-05
810.0 0.0003431509639995056
811.0 0.00014975319118093466
812.0 1.629434109341743e-10
813.0 0.00019123494894301984
814.0 0.00042611441131157335
815.0 0.0003760420895559946
816.0 0.0003259697450630483
817.0 0.00024196315280278213
818.0 0.0001579565378051484
819.0 8.406320262110967e-05
820.0 1.0169875253041027e-05
821.0 1.629434109341743e-10
822.0 1.629434109341743e-10
823.0 1.629434109341743e-10
824.0 1.629434109341743e-10
825.0 1.629434109341743e-10
826.0 1.629434109341743e-10
827.0 0.0002810606247294345
828.0 0.000700825603416888
829.0 0.0003933872449124465
830.0 8.594926157456939e-05
831.0 1.629434109341743e-10
832.0 1.629434109341743e-10
833.0 1.629434109341743e-10
834.0 1.629434109341743e-10
835.0 1.629434109341743e-10
836.0 7.904085350673995e-05
837.0 1.629434109341743e-10
838.0 1.629434109341743e-10
839.0 1.629434109341743e-10
840.0 1.629434109341743e-10
841.0 1.629434109341743e-10
842.0 0.000287639204543666
843.0 0.0001930749704115442
844.0 9.851063396126847e-05
845.0 0.0001539237359793333
846.0 0.0002093367584166117
847.0 0.0001140682797995396
848.0 1.8799751444475987e-05
849.0 0.0001353861989628058
850.0 0.00025197246031893883
851.0 0.00023733766738587292
852.0 0.00022270282897807192
853.0 0.00046178943193808664
854.0 0.0007008760803728364
855.0 0.0005257019438431598
856.0 0.0003505277391013806
857.0 0.00046097907215880696
858.0 0.0005714302460546605
859.0 0.0006937441867194138
860.0 0.0008160581273841672
861.0 0.0009637473340262659
862.0 0.001111436722567305
863.0 0.0013125879377184901
864.0 0.0015137390619202051
865.0 0.0019011831682291813
866.0 0.002288627001689747
867.0 0.002153872628696263
868.0 0.002019118437601719
869.0 0.0019476374291116372
870.0 0.001876156238722615
871.0 0.001725400215946138
872.0 0.0015746440112707205
873.0 0.0015618048564647324
874.0 0.0015489653378608637
875.0 0.0018715349142439663
876.0 0.0021941048544249497
877.0 0.0023896483980934136
878.0 0.0025851921236608177
879.0 0.0027534508262760937
880.0 0.002921710256487131
