lsstCam/transmission_filter_detector/r03_s21/u_24/19700101T000000.ecsv
# %ECSV 1.0
# ---
# datatype:
# - {name: wavelength, unit: nm, datatype: float32}
# - {name: efficiency, unit: '%', datatype: float64}
# meta: !!omap
# - {MODE: DETECTOR}
# - {TYPE: transmission_filter_detector}
# - {CALIBDATE: '1970-01-01T00:00:00'}
# - {INSTRUME: LSSTCam}
# - {OBSTYPE: transmission_filter_detector}
# - {CALIBCLS: lsst.ip.isr.IntermediateFilterDetectorTransmissionCurve}
# - {SOURCE: Materion (DM-46256)}
# - {DETECTOR: 25}
# - {FILTER: u_24}
# - {CALIB_ID: 'calibDate=1970-01-01T00:00:00 filter=u_24 detector=25'}
# - {DATE: '2025-04-02T15:59:39.864539'}
# - {CALIB_CREATION_DATE: '2025-04-02'}
# - {CALIB_CREATION_TIME: '15:59:39'}
# - __serialized_columns__:
#     efficiency:
#       __class__: astropy.units.quantity.Quantity
#       unit: !astropy.units.Unit {unit: '%'}
#       value: !astropy.table.SerializedColumn {name: efficiency}
#     wavelength:
#       __class__: astropy.units.quantity.Quantity
#       unit: !astropy.units.Unit {unit: nm}
#       value: !astropy.table.SerializedColumn {name: wavelength}
# schema: astropy-2.0
wavelength efficiency
[from data line 587]
882.0 0.003214213575120084
883.0 0.0030301151127787307
884.0 0.0028460168323363177
885.0 0.002698828757274896
886.0 0.0025516410460113548
887.0 0.002288216637680307
888.0 0.0020247924112481996
889.0 0.00197526842384832
890.0 0.00192574443644844
891.0 0.0022755650206818245
892.0 0.0026253857868141495
893.0 0.00248027663474204
894.0 0.0023351667550741695
895.0 0.0028799535357393324
896.0 0.003424740134505555
897.0 0.003770056355278939
898.0 0.004115372939850204
899.0 0.004298538624425419
900.0 0.004481703581404872
901.0 0.004252525468473323
902.0 0.004023347719339654
903.0 0.004467014150577597
904.0 0.004910679854219779
905.0 0.004997564246878028
906.0 0.005084448275738396
907.0 0.00554880934942048
908.0 0.006013170786900446
909.0 0.005974568557576276
910.0 0.005935966692049988
911.0 0.0060327165556373075
912.0 0.006129466783022508
913.0 0.006010022116242908
914.0 0.005890577085665427
915.0 0.00513929444423411
916.0 0.004388012166600674
917.0 0.004066045949002728
918.0 0.0037440797314047813
919.0 0.0040743561839917675
920.0 0.004404632636578754
921.0 0.004565172275761142
922.0 0.0047257115511456504
923.0 0.005634618719341233
924.0 0.006543524068547413
925.0 0.006695808406220749
926.0 0.006848092743894085
927.0 0.007368400838458911
928.0 0.007888706750236452
929.0 0.007851071859477088
930.0 0.007813437696313486
931.0 0.00720079624443315
932.0 0.006588153337361291
933.0 0.006504946213681251
934.0 0.006421739090001211
935.0 0.006623456283705309
936.0 0.006825174205005169
937.0 0.007097837078617886
938.0 0.007370502135017887
939.0 0.00702883189660497
940.0 0.0066871616581920534
941.0 0.006094055061112158
942.0 0.00550094700884074
943.0 0.004479668132262304
944.0 0.003458389255683869
945.0 0.0027615820727078244
946.0 0.00206477507163072
947.0 0.0017509904864709824
948.0 0.0014372060832101852
949.0 0.0012737241377180908
950.0 0.0011102421012765262
951.0 0.0010430283509776928
952.0 0.0009758146006788593
953.0 0.001317092392127961
954.0 0.001658370456425473
955.0 0.0021750436644651927
956.0 0.0026917165087070316
957.0 0.0028371656298986636
958.0 0.0029826136596966535
959.0 0.0031650710297981277
960.0 0.0033475276723038405
961.0 0.003725516944541596
962.0 0.004103506216779351
963.0 0.004267709300620481
964.0 0.004431912748259492
965.0 0.004454546797205694
966.0 0.0044771812099497765
967.0 0.00454669825558085
968.0 0.004616215665009804
969.0 0.004626795634976588
970.0 0.004637375604943372
971.0 0.004818008892470971
972.0 0.004998641452402808
973.0 0.004895071833743714
974.0 0.004791501487488858
975.0 0.0044816857553087175
976.0 0.004171869659330696
977.0 0.0038624144508503377
978.0 0.003552958878572099
979.0 0.00336371740559116
980.0 0.0031744755688123405
981.0 0.0031152951123658568
982.0 0.0030561142921214923
983.0 0.0031658732041250914
984.0 0.003275631388532929
985.0 0.0034663284168345854
986.0 0.0036570258089341223
987.0 0.004042361615574919
988.0 0.004427697422215715
989.0 0.005350093852030113
990.0 0.00627248955424875
991.0 0.006629429844906554
992.0 0.006986370135564357
993.0 0.007293099042726681
994.0 0.007599827949889004
995.0 0.007410118269035593
996.0 0.007220404950203374
997.0 0.0070207293902058154
998.0 0.006821057468187064
999.0 0.0066881897510029376
1000.0 0.00655532130622305
1001.0 0.005981273352517746
1002.0 0.005407227581599727
1003.0 0.004754556357511319
1004.0 0.0041018847696250305
1005.0 0.004543513568933122
1006.0 0.00498514091304969
1007.0 0.004863354115514085
1008.0 0.004741564771393314
1009.0 0.00421900003857445
1010.0 0.003696436033351347
1011.0 0.0037710902688559145
1012.0 0.0038457452319562435
1013.0 0.00326861409121193
1014.0 0.0026914829504676163
1015.0 0.002189454789913725
1016.0 0.0016874268112587743
1017.0 0.0016763073290348984
1018.0 0.0016651876649120823
1019.0 0.0014343714610731695
1020.0 0.0012035551662847865
1021.0 0.0011007877219526563
1022.0 0.0009980206414184067
1023.0 0.0011733988685591612
1024.0 0.0013487773685483262
1025.0 0.0013208337804826442
1026.0 0.0012928902833664324
1027.0 0.0010313150596630294
1028.0 0.000769739654060686
1029.0 0.0008819790309644304
1030.0 0.0009942185897671152
1031.0 0.001831042391131632
1032.0 0.002667866283445619
1033.0 0.002342625339224469
1034.0 0.0020173842131043784
1035.0 0.0024079534341581166
1036.0 0.0027985226552118547
1037.0 0.0029445227482938208
1038.0 0.003090523023274727
1039.0 0.0027790294552687556
1040.0 0.0024675362510606647
1041.0 0.0018955824998556636
1042.0 0.0013236286577011924
1043.0 0.0012092308679712005
1044.0 0.001094833260140149
1045.0 0.001291754870180739
1046.0 0.0014886765711707994
1047.0 0.0016716074242140166
1048.0 0.0018545386410551146
1049.0 0.0014793026821280364
1050.0 0.0011040663594030775
1051.0 0.000832349087431794
1052.0 0.0005606314516626298
1053.0 0.0006569716333615361
1054.0 0.000753311633161502
1055.0 0.0006712307367706671
1056.0 0.0005891503860766534
1057.0 0.0010663000466593076
1058.0 0.0015434496162924916
1059.0 0.0011203993381059263
1060.0 0.0006973493327677716
1061.0 0.0018915707187261432
1062.0 0.0030857918318361044
1063.0 0.002526587195461616
1064.0 0.001967381831491366
1065.0 0.001135027105192421
1066.0 0.0003026724471055786
1067.0 0.000789334353612503
1068.0 0.0012759956007357687
1069.0 0.0019071958377026021
1070.0 0.002538395710871555
1071.0 0.00117681474876008
1072.0 1.629434109341743e-10
1073.0 0.000532562762600719
1074.0 0.0012498914657044224
1075.0 0.0030171046091709286
1076.0 0.004784317206940614
1077.0 0.005069626058684662
1078.0 0.00535493491042871
1079.0 0.006167234823806211
1080.0 0.006979531463002786
1081.0 0.005035538924857974
1082.0 0.003091546386713162
1083.0 0.002798472633003257
1084.0 0.002505398697394412
1085.0 0.0038335303543135524
1086.0 0.005161661829333752
1087.0 0.004783627082360908
1088.0 0.004405591243994422
1089.0 0.006188252882566303
1090.0 0.007970914884936064
1091.0 0.005253245399217121
1092.0 0.0025355760953971185
1093.0 0.0013831509932060726
1094.0 0.0002307261866008048
1095.0 0.0002754058868958964
1096.0 0.0003200857463525608
1097.0 0.0022211890609469265
1098.0 0.0041222931031370535
1099.0 0.003811702481471002
1100.0 0.0035011118598049507
