lsstCam/transmission_filter_detector/r14_s21/z_20/19700101T000000.ecsv
# %ECSV 1.0
# ---
# datatype:
# - {name: wavelength, unit: nm, datatype: float32}
# - {name: efficiency, unit: '%', datatype: float64}
# meta: !!omap
# - {MODE: DETECTOR}
# - {TYPE: transmission_filter_detector}
# - {CALIBDATE: '1970-01-01T00:00:00'}
# - {INSTRUME: LSSTCam}
# - {OBSTYPE: transmission_filter_detector}
# - {CALIBCLS: lsst.ip.isr.IntermediateFilterDetectorTransmissionCurve}
# - {SOURCE: Materion (DM-46256)}
# - {DETECTOR: 70}
# - {FILTER: z_20}
# - {CALIB_ID: 'calibDate=1970-01-01T00:00:00 filter=z_20 detector=70'}
# - {DATE: '2025-04-02T15:59:48.962343'}
# - {CALIB_CREATION_DATE: '2025-04-02'}
# - {CALIB_CREATION_TIME: '15:59:48'}
# - __serialized_columns__:
#     efficiency:
#       __class__: astropy.units.quantity.Quantity
#       unit: !astropy.units.Unit {unit: '%'}
#       value: !astropy.table.SerializedColumn {name: efficiency}
#     wavelength:
#       __class__: astropy.units.quantity.Quantity
#       unit: !astropy.units.Unit {unit: nm}
#       value: !astropy.table.SerializedColumn {name: wavelength}
# schema: astropy-2.0
wavelength efficiency
300.0 0.8709993213415146
301.0 0.5878041964024305
302.0 0.3046091878786683
303.0 0.2978062490001321
304.0 0.2910033334046602
305.0 0.24561972822993994
306.0 0.20023612305521965
307.0 0.18460508435964584
308.0 0.1689740689471364
309.0 0.14874383341521025
310.0 0.1285135978832841
311.0 0.1279106829315424
312.0 0.12730777962133288
313.0 0.1115804654546082
314.0 0.09585317457094789
315.0 0.09512366959825158
316.0 0.09439415880478919
317.0 0.08029655436985195
318.0 0.06619896157644689
319.0 0.06506069912575185
320.0 0.06392243667505682
321.0 0.06361901178024709
322.0 0.06331558106467128
323.0 0.05483528948388994
324.0 0.0463549979031086
325.0 0.04320802690926939
326.0 0.04006105591543019
327.0 0.03917955618817359
328.0 0.03829805355053395
329.0 0.03401385620236397
330.0 0.02972966176457703
331.0 0.027253208099864423
332.0 0.02477675734553486
333.0 0.023685715859755874
334.0 0.022594672918785363
335.0 0.021228833065833896
336.0 0.01986299321288243
337.0 0.024172394478227943
338.0 0.02848179137799889
339.0 0.024296743504237384
340.0 0.02011170145124197
341.0 0.01698524138191715
342.0 0.013858784222975373
343.0 0.013598533405456692
344.0 0.013338285498321056
345.0 0.012622369104065001
346.0 0.011906448344234377
347.0 0.011308981629554182
348.0 0.010711517097661272
349.0 0.013223437417764217
350.0 0.015735358465462923
351.0 0.01312213862547651
352.0 0.010508912237128243
353.0 0.011062093108193949
354.0 0.011615273979259655
355.0 0.010005976946558803
356.0 0.008396680641453713
357.0 0.009341353870695457
358.0 0.010286030010320246
359.0 0.010044012742582709
360.0 0.00980199474724941
361.0 0.008931980119086802
362.0 0.008061967673711479
363.0 0.009288810542784631
364.0 0.010515651956666261
365.0 0.010138937796000391
366.0 0.009762226545717567
367.0 0.00853545789141208
368.0 0.00730868850951083
369.0 0.007775725680403411
370.0 0.008242762851295993
371.0 0.008256631554104388
372.0 0.008270501712104306
373.0 0.007193366036517546
374.0 0.006116231816122308
375.0 0.006451043736888096
376.0 0.006785854930058122
377.0 0.00710554959368892
378.0 0.007425242802128196
379.0 0.0062606319261249155
380.0 0.005096020322525874
381.0 0.0032222611480392516
382.0 0.0013485024282999802
383.0 0.0035582605050876737
384.0 0.005768019036622718
385.0 0.0055460623116232455
386.0 0.005324105950421654
387.0 0.005933119609835558
388.0 0.006542134360643104
389.0 0.005717837120755576
390.0 0.00489354097226169
391.0 0.00456451452919282
392.0 0.00423548772232607
393.0 0.004706758045358583
394.0 0.005178028732188977
395.0 0.004252328290021978
396.0 0.0033266274840570986
397.0 0.003539435419952497
398.0 0.0037522426282521337
399.0 0.003991296034655534
400.0 0.004230349077261053
401.0 0.0045891894842498004
402.0 0.004948029891238548
403.0 0.004993547554477118
404.0 0.005039065217715688
405.0 0.003955509964725934
406.0 0.002871955257433001
407.0 0.0017095344446715899
408.0 0.000547114223081735
409.0 0.0020991994460928254
410.0 0.0036512850783765316
411.0 0.004192767300992273
412.0 0.004734249523608014
413.0 0.004510866347118281
414.0 0.004287482806830667
415.0 0.0034567554394016042
416.0 0.002626028253871482
417.0 0.0037340047128964216
418.0 0.004841981353820302
419.0 0.004344494300312363
420.0 0.0038470072468044236
421.0 0.0037663307011825964
422.0 0.0036856548831565306
423.0 0.003436626502661966
424.0 0.003187599213561043
425.0 0.0023637434424017556
426.0 0.0015398874893435277
427.0 0.001740435982355848
428.0 0.0019409844753681682
429.0 0.0013262668289826252
430.0 0.0007115495918696979
431.0 0.0007697007276874501
432.0 0.0008278518180304673
433.0 0.0007051547981973272
434.0 0.0005824580057378625
435.0 0.0012233164852659684
436.0 0.0018641751012182795
437.0 0.0019721635908354074
438.0 0.0020801522623514757
439.0 0.00209212757908972
440.0 0.0021041030777269043
441.0 0.0016167723515536636
442.0 0.001129441625380423
443.0 0.0022419015294872224
444.0 0.0033543616154929623
445.0 0.0033416832593502477
446.0 0.0033290045394096524
447.0 0.0026106086806976236
448.0 0.0018922124581877142
449.0 0.0025340463253087364
450.0 0.00317588092002552
451.0 0.0023834943931433372
452.0 0.001591107684362214
453.0 0.0015890222130110487
454.0 0.0015869369235588238
455.0 0.0022922105927136727
456.0 0.0029974842618685216
457.0 0.002220353599113878
458.0 0.001443222845409764
459.0 0.0015659148630220443
460.0 0.0016886069715837948
461.0 0.0007858795470383484
462.0 1.6468766454724726e-10
463.0 0.0009431684702576604
464.0 0.0020031851818202995
465.0 0.0022372261810232885
466.0 0.002471266998327337
467.0 0.0021308167561073788
468.0 0.0017903657862916589
469.0 0.0016156292986124754
470.0 0.0014408925380848814
471.0 0.0013278763617563527
472.0 0.0012148605492257047
473.0 0.0012331702237133868
474.0 0.001251479989150539
475.0 0.0010968173228320666
476.0 0.0009421544746146537
477.0 0.0012555995454022195
478.0 0.0015690442523919046
479.0 0.001912877633003518
480.0 0.0022567110136151314
481.0 0.0018222672224510461
482.0 0.0013878234312869608
483.0 0.0009661297553975601
484.0 0.0005444359885586891
485.0 0.0012856344255851582
486.0 0.0020268325897632167
487.0 0.0014575020941265393
488.0 0.0008881715075403918
489.0 0.0016761736333137378
490.0 0.002464175850036554
491.0 0.002280082662764471
492.0 0.0020959891116945073
493.0 0.0019813385733868927
494.0 0.001866688035079278
495.0 0.0016639593013678677
496.0 0.001461230385757517
497.0 0.0013014522664889228
498.0 0.0011416742381697986
499.0 0.0012383126886561513
500.0 0.0013349513210414443
501.0 0.0009069548468687572
502.0 0.00047895819079712965
503.0 0.0012522768884082325
504.0 0.002025595495069865
505.0 0.002179083094233647
506.0 0.002332570693397429
507.0 0.0022385798729374073
508.0 0.002144588688679505
509.0 0.0018440870917402208
510.0 0.0015435858585988171
511.0 0.001204123236675514
512.0 0.0008646606147522107
513.0 0.0012333956874499563
514.0 0.0016021309420466423
515.0 0.0012501942364906427
516.0 0.0008982579856819939
517.0 0.000872650070959935
518.0 0.000847042156237876
519.0 0.0010602961083350237
520.0 0.001273549787583761
521.0 0.0016463631254737265
522.0 0.002019176281464752
523.0 0.0013536694495996926
524.0 0.0006881625722598983
525.0 0.0007844113497412764
526.0 0.0008806604455458
527.0 0.00120425456771045
528.0 0.0015278490536729805
529.0 0.001291382341150893
530.0 0.0010549151738814544
531.0 0.0010988605936290696
532.0 0.0011428059224272147
533.0 0.0008292133315990213
534.0 0.0005156207862455631
535.0 0.0010953990567941219
536.0 0.0016751773728174157
537.0 0.0016873656932148151
538.0 0.0016995541955111548
539.0 0.0012114950550312642
540.0 0.000723435596228228
541.0 0.0007867174645070918
542.0 0.0008499995601596311
543.0 0.001257002804777585
544.0 0.0016640058674965985
545.0 0.0010894626029767096
546.0 0.0005149197022547014
547.0 0.0012072639037796762
548.0 0.0018996077415067703
549.0 0.0016970463548204862
550.0 0.0014944847862352617
551.0 0.0015218320186249912
552.0 0.00154917888721684
553.0 0.0013285656677908264
554.0 0.001107951993617462
555.0 0.0010064347407023888
556.0 0.0009049175787367858
557.0 0.0013055841918685474
558.0 0.001706250805000309
559.0 0.0017201902664965019
560.0 0.0017341293641948141
561.0 0.0016036015949794091
562.0 0.0014730738257640041
563.0 0.0011682665899570566
564.0 0.000863459354150109
565.0 0.0016921823771554045
566.0 0.002520905763958581
567.0 0.0028359379939502105
568.0 0.0031509698601439595
569.0 0.0030091825465206057
570.0 0.002867395232897252
571.0 0.002703414975258056
572.0 0.0025394343538209796
573.0 0.00205380219995277
574.0 0.0015681702279835008
575.0 0.0019998948118882254
576.0 0.0024316192138940096
577.0 0.002013944867940154
578.0 0.0015962712495820597
579.0 0.0017569909687153995
580.0 0.001917710505949799
581.0 0.0017035223208949901
582.0 0.0014893341358401813
583.0 0.0019239763787481934
584.0 0.0023586186216562055
585.0 0.0025582507078070194
586.0 0.002757882793957833
587.0 0.0020875289919786155
588.0 0.0014171748262015171
589.0 0.0020261091776774265
590.0 0.002635043711052276
591.0 0.0019291654098196886
592.0 0.001223287108587101
593.0 0.000941389225772582
594.0 0.0006594912065338576
595.0 0.001064773096004501
596.0 0.001470054849050939
597.0 0.0013372705325309653
598.0 0.0012044861250615213
599.0 0.0008771233297011349
600.0 0.0005497606252902187
601.0 0.000497950804856373
602.0 0.000446140847998322
603.0 0.00095976865850389
604.0 0.0014733959687873721
605.0 0.0009167142707156017
606.0 0.0003600324362196261
607.0 0.0007711318176006898
608.0 0.0011822312444564886
609.0 0.0012152246199548244
610.0 0.00124821781355422
611.0 0.0010150916750717442
612.0 0.0007819654456397984
613.0 0.0007956567969813477
614.0 0.000809348148322897
615.0 0.0012710349437838886
616.0 0.0017327218301943503
617.0 0.0022229944079299457
618.0 0.002713266985665541
619.0 0.002287450297444593
620.0 0.0018616334273247048
621.0 0.0015338890079874545
622.0 0.0012061442248523235
623.0 0.0015270386938937008
624.0 0.0018479331629350781
625.0 0.0016255022273981012
626.0 0.001403071655659005
627.0 0.0018489527064957656
628.0 0.002294834121130407
629.0 0.0020741199477924965
630.0 0.0018534059563535266
631.0 0.0016169649825314991
632.0 0.0013805238268105313
633.0 0.0018056431144941598
634.0 0.002230762765975669
635.0 0.005185959525988437
636.0 0.008141155558405444
637.0 0.015462771989405155
638.0 0.02278439060319215
639.0 0.01981684472411871
640.0 0.01684929884504527
641.0 0.014592325896956027
642.0 0.01233535585924983
643.0 0.009917009447235614
644.0 0.007498664490412921
645.0 0.006775021756766364
646.0 0.0060513786593219265
647.0 0.005547031105379574
648.0 0.00504268282384146
649.0 0.004121227539144456
650.0 0.003199772982043214
651.0 0.0036298832128522918
652.0 0.004059993443661369
653.0 0.0032867199479369447
654.0 0.0025134462703135796
655.0 0.002775494249362964
656.0 0.00303754277410917
657.0 0.002906205554609187
658.0 0.002774867789412383
659.0 0.0026709496523835696
660.0 0.0025670316972536966
661.0 0.0027287163902656175
662.0 0.0028904007194796577
663.0 0.001978571162908338
664.0 0.0010667416972864885
665.0 0.0015668932974222116
666.0 0.0020670451704063453
667.0 0.0023650001821806654
668.0 0.0026629555577528663
669.0 0.001972177778952755
670.0 0.0012814001820515841
671.0 0.000978932439466007
672.0 0.00067646469688043
673.0 0.001343383701168932
674.0 0.0020103028873563744
675.0 0.0021097774151712656
676.0 0.0022092517610872164
677.0 0.0019331080693518743
678.0 0.0016569640138186514
679.0 0.0013599456906376872
680.0 0.0010629270946083125
681.0 0.0011695106877596118
682.0 0.0012760941899614409
683.0 0.002353476156713441
684.0 0.003430858487263322
685.0 0.0028746091629727744
686.0 0.0023183602024801075
687.0 0.0017118149116868153
688.0 0.0011052693480451126
689.0 0.001436436468793545
690.0 0.0017676033166935667
691.0 0.002092096474370919
692.0 0.0024165894501493312
693.0 0.002774658423732035
694.0 0.003132727579213679
695.0 0.003303332778159529
696.0 0.0034739376133074984
697.0 0.0037214533222140744
698.0 0.003968969394918531
699.0 0.005848280488862656
700.0 0.007727591582806781
701.0 0.007274775271071121
702.0 0.006821959686931223
703.0 0.006292211037361994
704.0 0.005762460932601243
705.0 0.0051839189836755395
706.0 0.004605377762345597
707.0 0.004350701055955142
708.0 0.004096023985766806
709.0 0.004211346822557971
710.0 0.004326669659349136
711.0 0.0038842994399601594
712.0 0.0034419295843690634
713.0 0.0024694865714991465
714.0 0.0014970434676797595
715.0 0.002186309029639233
716.0 0.002875574500649236
717.0 0.002491523264325224
718.0 0.0021074714823043905
719.0 0.0016422756743850186
720.0 0.001177079502667766
721.0 0.0011456575521151535
722.0 0.0011142353287141304
723.0 0.0009628449333831668
724.0 0.0008114545380522031
725.0 0.001222647824761225
726.0 0.0016338412024197169
727.0 0.0017197859051520936
728.0 0.0018057302440865897
729.0 0.0017504233255749568
730.0 0.001695116407063324
731.0 0.0012477816198952496
732.0 0.0008004472874745261
733.0 0.0008771979992161505
734.0 0.0009539486200083047
735.0 0.0010267542165820487
736.0 0.0010995596312568523
737.0 0.0012970476745977066
738.0 0.0014945356269890908
739.0 0.0011435667147452477
740.0 0.0007925977115519345
741.0 0.0009815215889830142
742.0 0.0011704451935656834
743.0 0.0015556583093712106
744.0 0.001940870970429387
745.0 0.00127609373521409
746.0 0.000611316499998793
747.0 0.0011509001524245832
748.0 0.001690483622951433
749.0 0.0023225460608955473
750.0 0.0029546084988396615
751.0 0.002951110218418762
752.0 0.0029476117560989223
753.0 0.002934435360657517
754.0 0.0029212591471150517
755.0 0.0019332206647959538
756.0 0.0009451823643757962
757.0 0.0019286640963400714
758.0 0.0029121458283043467
759.0 0.0027186864826944657
760.0 0.002525226773286704
761.0 0.004432914647622965
762.0 0.0063406019762624055
763.0 0.005724381844629534
764.0 0.005108161349198781
765.0 0.005155008693691343
766.0 0.005201854582992382
767.0 0.004586476643453352
768.0 0.0039710979763185605
769.0 0.0035044067772105336
770.0 0.00303771721519297
771.0 0.003901524542015977
772.0 0.004765332414535806
773.0 0.003991370613221079
774.0 0.0032174088119063526
775.0 0.09671944426372647
776.0 1.6468766454724726e-10
777.0 0.016167543071787804
778.0 0.08914629579521716
779.0 0.09833046933636069
780.0 0.0475457200082019
781.0 0.012083150795660913
782.0 0.058851554058492184
783.0 0.0719536212272942
784.0 0.036534800892695785
785.0 0.027556490385904908
786.0 0.05176249542273581
787.0 1.6468766454724726e-10
788.0 0.08698501042090356
789.0 1.6468766454724726e-10
790.0 1.6468766454724726e-10
791.0 0.16370451776310802
792.0 1.6468766454724726e-10
793.0 0.09170992416329682
794.0 1.6468766454724726e-10
795.0 0.09429138735868037
796.0 0.08422183454968035
797.0 0.09951561223715544
798.0 0.2743924502283335
799.0 0.19837869331240654
800.0 0.32163660507649183
801.0 0.6133813876658678
802.0 1.0240640491247177
803.0 1.5104915015399456
804.0 2.7339132502675056
805.0 4.116176068782806
806.0 5.79015389084816
807.0 7.993005961179733
808.0 10.499197244644165
809.0 13.61565887928009
810.0 17.11263805627823
811.0 20.142966508865356
812.0 23.169341683387756
813.0 26.554661989212036
814.0 30.406266450881958
815.0 35.452765226364136
816.0 41.18349552154541
817.0 47.347673773765564
818.0 53.36500406265259
819.0 59.827858209609985
820.0 67.82087683677673
821.0 75.11717081069946
822.0 80.66607713699341
823.0 85.05789041519165
824.0 89.50088024139404
825.0 93.49846839904785
826.0 95.49117088317871
827.0 97.40513563156128
828.0 98.9866852760315
829.0 99.4857907295227
830.0 98.8201916217804
831.0 98.8243818283081
832.0 98.57235550880432
833.0 99.25177097320557
834.0 97.98238277435303
835.0 99.20240640640259
836.0 99.19096231460571
837.0 98.64215850830078
838.0 97.84947633743286
839.0 98.24424982070923
840.0 98.90724420547485
841.0 99.70805048942566
842.0 99.2167592048645
843.0 99.58599209785461
844.0 97.86413311958313
845.0 98.23364615440369
846.0 98.86528849601746
847.0 98.85097146034241
848.0 99.79408383369446
849.0 98.60652089118958
850.0 98.26934337615967
851.0 99.03506636619568
852.0 99.36587810516357
853.0 98.73068928718567
854.0 99.58449006080627
855.0 98.81601929664612
856.0 98.96312355995178
857.0 97.93478846549988
858.0 98.90719056129456
859.0 99.09335374832153
860.0 98.90652298927307
861.0 98.87638092041016
862.0 98.99365901947021
863.0 98.30520153045654
864.0 99.28892254829407
865.0 99.74115490913391
866.0 98.50526452064514
867.0 99.6036171913147
868.0 99.71262812614441
869.0 98.89575839042664
870.0 98.26680421829224
871.0 98.9119291305542
872.0 99.11542534828186
873.0 99.15066957473755
874.0 99.58449006080627
875.0 99.25528764724731
876.0 98.91543388366699
877.0 99.52949285507202
878.0 99.03342127799988
879.0 98.49529266357422
880.0 98.28712940216064
881.0 99.96477961540222
882.0 98.73906970024109
883.0 98.75166416168213
884.0 99.33887124061584
885.0 99.02723431587219
886.0 98.7099289894104
887.0 98.24590682983398
888.0 99.02487993240356
889.0 99.66498613357544
890.0 98.25702905654907
891.0 99.37633275985718
892.0 98.58335852622986
893.0 98.4315574169159
894.0 98.20484519004822
895.0 99.48416948318481
