lsstCam/transmission_filter_detector/r14_s21/z_20/19700101T000000.ecsv
# %ECSV 1.0
# ---
# datatype:
# - {name: wavelength, unit: nm, datatype: float32}
# - {name: efficiency, unit: '%', datatype: float64}
# meta: !!omap
# - {MODE: DETECTOR}
# - {TYPE: transmission_filter_detector}
# - {CALIBDATE: '1970-01-01T00:00:00'}
# - {INSTRUME: LSSTCam}
# - {OBSTYPE: transmission_filter_detector}
# - {CALIBCLS: lsst.ip.isr.IntermediateFilterDetectorTransmissionCurve}
# - {SOURCE: Materion (DM-46256)}
# - {DETECTOR: 70}
# - {FILTER: z_20}
# - {CALIB_ID: 'calibDate=1970-01-01T00:00:00 filter=z_20 detector=70'}
# - {DATE: '2025-04-02T15:59:48.962343'}
# - {CALIB_CREATION_DATE: '2025-04-02'}
# - {CALIB_CREATION_TIME: '15:59:48'}
# - __serialized_columns__:
#     efficiency:
#       __class__: astropy.units.quantity.Quantity
#       unit: !astropy.units.Unit {unit: '%'}
#       value: !astropy.table.SerializedColumn {name: efficiency}
#     wavelength:
#       __class__: astropy.units.quantity.Quantity
#       unit: !astropy.units.Unit {unit: nm}
#       value: !astropy.table.SerializedColumn {name: wavelength}
# schema: astropy-2.0
wavelength efficiency
[from data line 597]
897.0 99.38242435455322
898.0 98.9582896232605
899.0 98.60692024230957
900.0 98.98398518562317
901.0 99.29799437522888
902.0 99.28433299064636
903.0 98.72117638587952
904.0 97.76502847671509
905.0 98.35376143455505
906.0 98.03133606910706
907.0 98.65965247154236
908.0 98.26127886772156
909.0 98.08734059333801
910.0 98.19485545158386
911.0 96.77826762199402
912.0 95.79875469207764
913.0 94.67647671699524
914.0 92.17101335525513
915.0 89.99750018119812
916.0 87.53824234008789
917.0 86.3446056842804
918.0 82.5459897518158
919.0 81.6340446472168
920.0 78.58521938323975
921.0 74.54072833061218
922.0 69.72203254699707
923.0 64.17663097381592
924.0 58.40193033218384
925.0 52.834510803222656
926.0 46.814751625061035
927.0 39.6994948387146
928.0 33.764928579330444
929.0 27.439427375793457
930.0 21.857553720474243
931.0 17.016644775867462
932.0 11.624333262443542
933.0 7.559137046337128
934.0 4.864777252078056
935.0 3.002563863992691
936.0 1.6573285683989525
937.0 1.0923911817371845
938.0 0.47862459905445576
939.0 0.44843917712569237
940.0 0.24113345425575972
941.0 0.20185592584311962
942.0 0.12428894406184554
943.0 0.03720666281878948
944.0 0.03970966208726168
945.0 0.014578235277440399
946.0 1.6468766454724726e-10
947.0 1.6468766454724726e-10
948.0 1.6468766454724726e-10
949.0 0.10766610503196716
950.0 0.09069080115295947
951.0 0.014892619219608605
952.0 0.18946881173178554
953.0 1.6468766454724726e-10
954.0 1.6468766454724726e-10
955.0 1.6468766454724726e-10
956.0 1.6468766454724726e-10
957.0 0.028880624449811876
958.0 1.6468766454724726e-10
959.0 0.06970443646423519
960.0 1.6468766454724726e-10
961.0 1.6468766454724726e-10
962.0 1.6468766454724726e-10
963.0 0.06506922654807568
964.0 1.6468766454724726e-10
965.0 1.6468766454724726e-10
966.0 1.6468766454724726e-10
967.0 1.6468766454724726e-10
968.0 1.6468766454724726e-10
969.0 0.03983698261436075
970.0 1.6468766454724726e-10
971.0 0.07579728844575584
972.0 1.6468766454724726e-10
973.0 1.6468766454724726e-10
974.0 1.6468766454724726e-10
975.0 1.6468766454724726e-10
976.0 0.006296058563748375
977.0 0.006289252632996067
978.0 0.0062824488850310445
979.0 0.006060679515940137
980.0 0.005838909055455588
981.0 0.005685329597326927
982.0 0.005531750866794027
983.0 0.005479015817400068
984.0 0.005426281131803989
985.0 0.005148409036337398
986.0 0.004870536213275045
987.0 0.004859371256316081
988.0 0.004848206663154997
989.0 0.0047876961616566405
990.0 0.004727186387754045
991.0 0.004853843347518705
992.0 0.004980500671081245
993.0 0.00490056918351911
994.0 0.004820636968361214
995.0 0.004734686081064865
996.0 0.004648735557566397
997.0 0.004478072878555395
998.0 0.004307410563342273
999.0 0.004262478250893764
1000.0 0.004217545938445255
1001.0 0.004411429836181924
1002.0 0.004605313733918592
1003.0 0.004521449955063872
1004.0 0.004437586176209152
1005.0 0.004272039586794563
1006.0 0.0041064929973799735
1007.0 0.004165333666605875
1008.0 0.004224174335831776
1009.0 0.004332252137828618
1010.0 0.00444032957602758
1011.0 0.004466935934033245
1012.0 0.00449354229203891
1013.0 0.004371261093183421
1014.0 0.00424897953053005
1015.0 0.004401095793582499
1016.0 0.004553211329039186
1017.0 0.004817729495698586
1018.0 0.005082247662357986
1019.0 0.0047824785724515095
1020.0 0.004482709846342914
1021.0 0.004626423105946742
1022.0 0.00477013636555057
1023.0 0.004622396591003053
1024.0 0.004474656816455536
1025.0 0.004654899021261372
1026.0 0.004835140862269327
1027.0 0.0047506331611657515
1028.0 0.004666125823860057
1029.0 0.004631266347132623
1030.0 0.00459640723420307
1031.0 0.00471438470412977
1032.0 0.00483236181025859
1033.0 0.004918394188280217
1034.0 0.005004426930099726
1035.0 0.005199014412937686
1036.0 0.005393601895775646
1037.0 0.005485990914166905
1038.0 0.005578379568760283
1039.0 0.005363884338294156
1040.0 0.005149388744030148
1041.0 0.00559859472559765
1042.0 0.006047801434760913
1043.0 0.0055211068684002385
1044.0 0.004994412665837444
1045.0 0.005639057053485885
1046.0 0.006283700349740684
1047.0 0.006161249621072784
1048.0 0.006038798164809123
1049.0 0.006009400385664776
1050.0 0.0059800022427225485
1051.0 0.006275329360505566
1052.0 0.006570658297277987
1053.0 0.006714329356327653
1054.0 0.00685800114297308
1055.0 0.007525050750700757
1056.0 0.008192101086024195
1057.0 0.00796139647718519
1058.0 0.007730691140750423
1059.0 0.0077816861448809505
1060.0 0.007832678966224194
1061.0 0.008564157178625464
1062.0 0.009295635391026735
1063.0 0.009020605648402125
1064.0 0.008745576633373275
1065.0 0.008885542774805799
1066.0 0.009025511826621369
1067.0 0.009266169945476577
1068.0 0.009506830247119069
1069.0 0.010364384797867388
1070.0 0.011221940076211467
1071.0 0.010932041186606511
1072.0 0.010642143024597317
1073.0 0.010833974374691024
1074.0 0.01102580499718897
1075.0 0.011599598656175658
1076.0 0.012173395953141153
1077.0 0.01209407637361437
1078.0 0.012014756794087589
1079.0 0.013223171117715538
1080.0 0.01443158689653501
1081.0 0.0142684206366539
1082.0 0.01410525874234736
1083.0 0.014049974561203271
1084.0 0.013994693290442228
1085.0 0.014598823327105492
1086.0 0.015202956274151802
1087.0 0.014930462930351496
1088.0 0.014657971041742712
1089.0 0.016260327538475394
1090.0 0.017862682580016553
1091.0 0.017711329564917833
1092.0 0.017559972184244543
1093.0 0.017146118625532836
1094.0 0.016732265066821128
1095.0 0.018085316696669906
1096.0 0.019438372692093253
1097.0 0.019423654885031283
1098.0 0.01940893998835236
1099.0 0.02156401751562953
1100.0 0.02371909358771518
1101.0 0.0239928049268201
1102.0 0.024266514810733497
1103.0 0.02516881504561752
1104.0 0.0260711123701185
1105.0 0.026343984063714743
1106.0 0.026616858667694032
1107.0 0.02761469513643533
1108.0 0.028612534515559673
1109.0 0.030065426835790277
1110.0 0.03151831915602088
1111.0 0.031747561297379434
1112.0 0.031976806349121034
1113.0 0.03397491527721286
1114.0 0.035973030026070774
1115.0 0.03401309659238905
1116.0 0.03205317188985646
1117.0 0.03314823843538761
1118.0 0.034243304980918765
1119.0 0.03790674381889403
1120.0 0.04157017974648625
1121.0 0.04309909127186984
1122.0 0.04462800279725343
1123.0 0.04375911084935069
1124.0 0.04289021890144795
1125.0 0.04380292957648635
1126.0 0.044715640251524746
1127.0 0.04722256271634251
1128.0 0.04972948809154332
1129.0 0.05430856253951788
1130.0 0.058887642808258533
1131.0 0.059214310022071004
1132.0 0.05954097141511738
1133.0 0.06379245314747095
1134.0 0.06804392905905843
1135.0 0.06534424028359354
1136.0 0.06264454568736255
1137.0 0.06773971254006028
1138.0 0.0728348852135241
1139.0 0.07756032282486558
1140.0 0.08228571969084442
1141.0 0.09167452226392925
1142.0 0.1010633073747158
1143.0 0.12193639995530248
1144.0 0.1428094576112926
1145.0 0.28184643015265465
1146.0 0.42088343761861324
1147.0 0.8861138485372066
1148.0 1.3513443991541862
1149.0 1.5403815545141697
1150.0 1.7294198274612427
