lsstCam/transmission_filter_detector/r11_s21/u_24/19700101T000000.ecsv
# %ECSV 1.0
# ---
# datatype:
# - {name: wavelength, unit: nm, datatype: float32}
# - {name: efficiency, unit: '%', datatype: float64}
# meta: !!omap
# - {MODE: DETECTOR}
# - {TYPE: transmission_filter_detector}
# - {CALIBDATE: '1970-01-01T00:00:00'}
# - {INSTRUME: LSSTCam}
# - {OBSTYPE: transmission_filter_detector}
# - {CALIBCLS: lsst.ip.isr.IntermediateFilterDetectorTransmissionCurve}
# - {SOURCE: Materion (DM-46256)}
# - {DETECTOR: 43}
# - {FILTER: u_24}
# - {CALIB_ID: 'calibDate=1970-01-01T00:00:00 filter=u_24 detector=43'}
# - {DATE: '2025-04-02T15:59:39.948333'}
# - {CALIB_CREATION_DATE: '2025-04-02'}
# - {CALIB_CREATION_TIME: '15:59:39'}
# - __serialized_columns__:
#     efficiency:
#       __class__: astropy.units.quantity.Quantity
#       unit: !astropy.units.Unit {unit: '%'}
#       value: !astropy.table.SerializedColumn {name: efficiency}
#     wavelength:
#       __class__: astropy.units.quantity.Quantity
#       unit: !astropy.units.Unit {unit: nm}
#       value: !astropy.table.SerializedColumn {name: wavelength}
# schema: astropy-2.0
wavelength efficiency
[from data line 587]
882.0 0.0026925079509965144
883.0 0.00261380791926058
884.0 0.002535108615120407
885.0 0.0022259182514972053
886.0 0.0019167284335708246
887.0 0.0019422179320827127
888.0 0.0019677074305946007
889.0 0.0019969453205703758
890.0 0.00202618284674827
891.0 0.0022502590582007542
892.0 0.0024743352696532384
893.0 0.002537224645493552
894.0 0.0026001134756370448
895.0 0.0029293018087628298
896.0 0.003258490323787555
897.0 0.003499923332128674
898.0 0.0037413563404697925
899.0 0.0038982652768027037
900.0 0.004055174213135615
901.0 0.004102714956388809
902.0 0.004150256791035645
903.0 0.00448796090495307
904.0 0.004825665382668376
905.0 0.0048870613682083786
906.0 0.004948457353748381
907.0 0.005390236765379086
908.0 0.005832016540807672
909.0 0.005602735473075882
910.0 0.005373454769141972
911.0 0.005570382199948654
912.0 0.005767309630755335
913.0 0.005509879702003673
914.0 0.00525244940945413
915.0 0.004944695319863968
916.0 0.004636940866475925
917.0 0.0041976774809882045
918.0 0.003758414095500484
919.0 0.0040736180380918086
920.0 0.004388821253087372
921.0 0.0045499185944208875
922.0 0.004711016299552284
923.0 0.005197704376769252
924.0 0.005684390998794697
925.0 0.006016252882545814
926.0 0.006348115130094811
927.0 0.006839037087047473
928.0 0.007329955406021327
929.0 0.00742324409657158
930.0 0.007516532787121832
931.0 0.007309025386348367
932.0 0.007101516530383378
933.0 0.007004290091572329
934.0 0.006907064380357042
935.0 0.007344373443629593
936.0 0.0077816810517106205
937.0 0.007451027340721339
938.0 0.007120375812519342
939.0 0.0072458802605979145
940.0 0.007371385436272249
941.0 0.006186776590766385
942.0 0.005002166290068999
943.0 0.004041850115754642
944.0 0.0030815350328339264
945.0 0.002457331538607832
946.0 0.0018331284081796184
947.0 0.0016003294149413705
948.0 0.0013675305126525927
949.0 0.001374531893816311
950.0 0.001381533274980029
951.0 0.0012700104889518116
952.0 0.0011584877938730642
953.0 0.001181197785626864
954.0 0.0012039080502290744
955.0 0.001895412424346432
956.0 0.00258691688941326
957.0 0.002608004979265388
958.0 0.0026290927053196356
959.0 0.002848057556548156
960.0 0.0030670216801809147
961.0 0.003580894917831756
962.0 0.004094768155482598
963.0 0.004408413224155083
964.0 0.00472205865662545
965.0 0.0044050480937585235
966.0 0.004088037530891597
967.0 0.004438266842043959
968.0 0.00478849615319632
969.0 0.004825223004445434
970.0 0.004861950219492428
971.0 0.004803905540029518
972.0 0.004745860496768728
973.0 0.004420088589540683
974.0 0.004094316682312638
975.0 0.003964379720855504
976.0 0.0038344423956004903
977.0 0.0034061984479194507
978.0 0.0029779543183394708
979.0 0.002827400567184668
980.0 0.0026768468160298653
981.0 0.002371465598116629
982.0 0.002066084198304452
983.0 0.00252512727456633
984.0 0.0029841699870303273
985.0 0.003433055098867044
986.0 0.003881940938299522
987.0 0.004031986100017093
988.0 0.0041820312617346644
989.0 0.004917860496789217
990.0 0.005653689004248008
991.0 0.005951934872427955
992.0 0.006250180740607902
993.0 0.006250798469409347
994.0 0.006251416198210791
995.0 0.005865213825018145
996.0 0.005479008177644573
997.0 0.005316021270118654
998.0 0.00515303727297578
999.0 0.005904180943616666
1000.0 0.006655322795268148
1001.0 0.006522836338263005
1002.0 0.006390346970874816
1003.0 0.006081674655433744
1004.0 0.0057729994296096265
1005.0 0.005722782589145936
1006.0 0.005672565384884365
1007.0 0.005520265040104277
1008.0 0.005367962148739025
1009.0 0.004726327824755572
1010.0 0.004084694592165761
1011.0 0.003902806929545477
1012.0 0.003720919994520955
1013.0 0.0031726292945677415
1014.0 0.0026243384127155878
1015.0 0.0022877924493514
1016.0 0.0019512463040882722
1017.0 0.001637260902498383
1018.0 0.0013232752280600835
1019.0 0.0012758025150105823
1020.0 0.0012283295291126706
1021.0 0.001073360544978641
1022.0 0.0009183915608446114
1023.0 0.0010175491297559347
1024.0 0.0011167067896167282
1025.0 0.0013283010048326105
1026.0 0.0015398954928969033
1027.0 0.0014513791029457934
1028.0 0.0013628627129946835
1029.0 0.0014181609913066495
1030.0 0.0014734594515175559
1031.0 0.0017344123989460059
1032.0 0.001995365528273396
1033.0 0.0020588060579029843
1034.0 0.002122246951330453
1035.0 0.002294106707267929
1036.0 0.0024659662813064642
1037.0 0.0025286728487117216
1038.0 0.0025913799618138
1039.0 0.0023424436221830547
1040.0 0.0020935078282491304
1041.0 0.0016488735127495602
1042.0 0.0012042396519973408
1043.0 0.0014977898899815045
1044.0 0.0017913404008140787
1045.0 0.0014334314982988872
1046.0 0.0010755229595815763
1047.0 0.002091328497044742
1048.0 0.0031071343983057886
1049.0 0.002268443313369062
1050.0 0.0014297518646344543
1051.0 0.0014863874639559072
1052.0 0.00154302306327736
1053.0 0.0016481659258715808
1054.0 0.0017533082427689806
1055.0 0.0011763595466618426
1056.0 0.0005994109415041748
1057.0 0.0014791507965128403
1058.0 0.0023588909243699163
1059.0 0.0016828807929414324
1060.0 0.0010068707524624187
1061.0 0.0011488561540318187
1062.0 0.0012908415556012187
1063.0 0.0014292240848590154
1064.0 0.001567606523167342
1065.0 0.0011689892744470853
1066.0 0.0007703721166762989
1067.0 0.0011744641597033478
1068.0 0.0015785555660841055
1069.0 0.0020700852473964915
1070.0 0.0025616143830120564
1071.0 0.0013444006071949843
1072.0 0.00012718725201921188
1073.0 0.00042143174141529016
1074.0 0.000715676151230582
1075.0 0.0026039489966933616
1076.0 0.004492221705731936
1077.0 0.0039918617403600365
1078.0 0.003491501774988137
1079.0 0.0048520862037548795
1080.0 0.006212668085936457
1081.0 0.004050848656333983
1082.0 0.001889029226731509
1083.0 0.0011306360647722613
1084.0 0.00037224274365144083
1085.0 0.0023306196453631856
1086.0 0.004288996206014417
1087.0 0.003455402111285366
1088.0 0.0026218078346573748
1089.0 0.004819201785721816
1090.0 0.007016595191089436
1091.0 0.004939136852044612
1092.0 0.0028616781492019072
1093.0 0.0021866801034775563
1094.0 0.0015116825125005562
1095.0 0.0006903846497152699
1096.0 1.598082343540197e-10
1097.0 0.0020749464965774678
1098.0 0.0042808060243260115
1099.0 0.00387586114811711
1100.0 0.0034709166357060894
