lsstCam/transmission_filter_detector/r11_s21/u_24/19700101T000000.ecsv
# %ECSV 1.0
# ---
# datatype:
# - {name: wavelength, unit: nm, datatype: float32}
# - {name: efficiency, unit: '%', datatype: float64}
# meta: !!omap
# - {MODE: DETECTOR}
# - {TYPE: transmission_filter_detector}
# - {CALIBDATE: '1970-01-01T00:00:00'}
# - {INSTRUME: LSSTCam}
# - {OBSTYPE: transmission_filter_detector}
# - {CALIBCLS: lsst.ip.isr.IntermediateFilterDetectorTransmissionCurve}
# - {SOURCE: Materion (DM-46256)}
# - {DETECTOR: 43}
# - {FILTER: u_24}
# - {CALIB_ID: 'calibDate=1970-01-01T00:00:00 filter=u_24 detector=43'}
# - {DATE: '2025-04-02T15:59:39.948333'}
# - {CALIB_CREATION_DATE: '2025-04-02'}
# - {CALIB_CREATION_TIME: '15:59:39'}
# - __serialized_columns__:
#     efficiency:
#       __class__: astropy.units.quantity.Quantity
#       unit: !astropy.units.Unit {unit: '%'}
#       value: !astropy.table.SerializedColumn {name: efficiency}
#     wavelength:
#       __class__: astropy.units.quantity.Quantity
#       unit: !astropy.units.Unit {unit: nm}
#       value: !astropy.table.SerializedColumn {name: wavelength}
# schema: astropy-2.0
wavelength efficiency
295.0 1.598082343540197e-10
296.0 1.598082343540197e-10
297.0 1.598082343540197e-10
298.0 1.598082343540197e-10
299.0 1.598082343540197e-10
300.0 0.016700812557246536
301.0 1.598082343540197e-10
302.0 0.10252654319629073
303.0 1.598082343540197e-10
304.0 1.598082343540197e-10
305.0 0.6171022541821003
306.0 1.4321248047053814
307.0 2.797241695225239
308.0 4.7935012727975845
309.0 7.821417599916458
310.0 10.897708684206009
311.0 14.674517512321472
312.0 18.41839849948883
313.0 21.661806106567383
314.0 24.763649702072144
315.0 27.019810676574707
316.0 29.238522052764893
317.0 31.604424118995667
318.0 34.18714702129364
319.0 37.643593549728394
320.0 42.73674786090851
321.0 47.93339967727661
322.0 53.909289836883545
323.0 59.52811241149902
324.0 64.38794732093811
325.0 67.7668571472168
326.0 70.24996876716614
327.0 72.21937775611877
328.0 74.01564717292786
329.0 75.38958787918091
330.0 76.73251032829285
331.0 77.69253849983215
332.0 78.15898060798645
333.0 78.3326506614685
334.0 78.10952663421631
335.0 78.26027870178223
336.0 78.38199138641357
337.0 78.82686257362366
338.0 79.66877222061157
339.0 80.26566505432129
340.0 80.65502643585205
341.0 81.29851818084717
342.0 81.55401349067688
343.0 81.4556896686554
344.0 81.6881000995636
345.0 82.0535957813263
346.0 82.3639988899231
347.0 82.63610601425171
348.0 82.97233581542969
349.0 83.12211632728577
350.0 83.24044346809387
351.0 83.34437012672424
352.0 83.30514430999756
353.0 83.24836492538452
354.0 83.13660025596619
355.0 83.38549733161926
356.0 83.54867696762085
357.0 83.45919251441956
358.0 83.17623138427734
359.0 82.97879695892334
360.0 82.81522989273071
361.0 82.71929025650024
362.0 82.54444599151611
363.0 82.6640784740448
364.0 82.7669084072113
365.0 82.9499900341034
366.0 83.21155309677124
367.0 83.19244384765625
368.0 83.12488794326782
369.0 83.0801248550415
370.0 82.77526497840881
371.0 82.56373405456543
372.0 82.59103298187256
373.0 82.64911770820618
374.0 82.68624544143677
375.0 82.95634984970093
376.0 83.01389813423157
377.0 83.0190122127533
378.0 83.17033648490906
379.0 82.89629817008972
380.0 82.26597309112549
381.0 81.06024265289307
382.0 79.39828634262085
383.0 77.51271724700928
384.0 75.37075877189636
385.0 73.07527661323547
386.0 70.71309089660645
387.0 67.53889322280884
388.0 64.36175107955933
389.0 60.550546646118164
390.0 56.6442608833313
391.0 52.408379316329956
392.0 47.95439839363098
393.0 44.13823485374451
394.0 40.8746212720871
395.0 37.6299262046814
396.0 34.23565328121185
397.0 29.854023456573486
398.0 24.66575801372528
399.0 18.158206343650818
400.0 11.867140978574753
401.0 6.826391816139221
402.0 3.1958013772964478
403.0 1.1134683154523373
404.0 0.3224365646019578
405.0 0.15441677533090115
406.0 0.05171274533495307
407.0 0.0067423701693769544
408.0 0.008325281669385731
409.0 1.598082343540197e-10
410.0 1.598082343540197e-10
411.0 1.598082343540197e-10
412.0 1.598082343540197e-10
413.0 1.598082343540197e-10
414.0 1.598082343540197e-10
415.0 1.598082343540197e-10
416.0 1.598082343540197e-10
417.0 1.598082343540197e-10
418.0 1.598082343540197e-10
419.0 1.598082343540197e-10
420.0 1.598082343540197e-10
421.0 1.598082343540197e-10
422.0 1.598082343540197e-10
423.0 1.598082343540197e-10
424.0 1.598082343540197e-10
425.0 1.598082343540197e-10
426.0 1.598082343540197e-10
427.0 1.598082343540197e-10
428.0 1.598082343540197e-10
429.0 0.0009888934982882347
430.0 0.0033273543522227556
431.0 0.0015437944966834038
432.0 1.598082343540197e-10
433.0 0.000371508485841332
434.0 0.0009827825124375522
435.0 0.0015239256754284725
436.0 0.002065069566015154
437.0 0.0006359863164107082
438.0 1.598082343540197e-10
439.0 7.414411129502696e-05
440.0 0.0009413855877937749
441.0 9.258246791432612e-05
442.0 1.598082343540197e-10
443.0 1.598082343540197e-10
444.0 1.598082343540197e-10
445.0 1.598082343540197e-10
446.0 1.598082343540197e-10
447.0 1.598082343540197e-10
448.0 1.598082343540197e-10
449.0 3.2602690680505475e-05
450.0 9.779225820238935e-05
451.0 1.598082343540197e-10
452.0 1.598082343540197e-10
453.0 0.0003614791239670012
454.0 0.0009195779966830742
455.0 2.0725714477976e-05
456.0 1.598082343540197e-10
457.0 1.598082343540197e-10
458.0 1.598082343540197e-10
459.0 1.598082343540197e-10
460.0 1.598082343540197e-10
461.0 1.598082343540197e-10
462.0 1.598082343540197e-10
463.0 1.598082343540197e-10
464.0 0.00010616067811497487
465.0 0.00027760504508478334
466.0 0.0004490494575293269
467.0 1.598082343540197e-10
468.0 1.598082343540197e-10
469.0 1.598082343540197e-10
470.0 0.0011911842193512712
471.0 1.598082343540197e-10
472.0 1.598082343540197e-10
473.0 1.598082343540197e-10
474.0 1.598082343540197e-10
475.0 1.598082343540197e-10
476.0 1.598082343540197e-10
477.0 1.598082343540197e-10
478.0 1.598082343540197e-10
479.0 1.598082343540197e-10
480.0 1.598082343540197e-10
481.0 1.598082343540197e-10
482.0 0.00025430795176362153
483.0 1.598082343540197e-10
484.0 1.598082343540197e-10
485.0 1.598082343540197e-10
486.0 1.598082343540197e-10
487.0 1.598082343540197e-10
488.0 1.598082343540197e-10
489.0 1.598082343540197e-10
490.0 1.598082343540197e-10
491.0 1.598082343540197e-10
492.0 1.598082343540197e-10
493.0 1.598082343540197e-10
494.0 1.598082343540197e-10
495.0 1.598082343540197e-10
496.0 0.0005801659881399246
497.0 0.00022696726773574483
498.0 1.598082343540197e-10
499.0 1.598082343540197e-10
500.0 1.598082343540197e-10
501.0 1.598082343540197e-10
502.0 1.598082343540197e-10
503.0 1.598082343540197e-10
504.0 1.598082343540197e-10
505.0 1.598082343540197e-10
506.0 1.598082343540197e-10
507.0 1.598082343540197e-10
508.0 1.598082343540197e-10
509.0 1.598082343540197e-10
510.0 1.598082343540197e-10
511.0 1.598082343540197e-10
512.0 0.00033177993827848695
513.0 0.0004390009053167887
514.0 0.0005462216904561501
515.0 0.0005957756002317183
516.0 0.0006453295100072864
517.0 1.598082343540197e-10
518.0 1.598082343540197e-10
519.0 1.598082343540197e-10
520.0 0.00010497954008314991
521.0 0.0005995773790345993
522.0 0.001094175149773946
523.0 0.0005185918325878447
524.0 1.598082343540197e-10
525.0 1.598082343540197e-10
526.0 1.598082343540197e-10
527.0 1.598082343540197e-10
528.0 1.598082343540197e-10
529.0 1.598082343540197e-10
530.0 7.26526025118801e-05
531.0 0.00020100587789784186
532.0 0.0003293590680186753
533.0 1.598082343540197e-10
534.0 1.598082343540197e-10
535.0 1.598082343540197e-10
536.0 7.312519301194698e-05
537.0 1.598082343540197e-10
538.0 1.598082343540197e-10
539.0 1.598082343540197e-10
540.0 1.598082343540197e-10
541.0 1.598082343540197e-10
542.0 1.598082343540197e-10
543.0 1.598082343540197e-10
544.0 1.598082343540197e-10
545.0 1.598082343540197e-10
546.0 1.598082343540197e-10
547.0 9.468720350014337e-05
548.0 0.00026228453862131573
549.0 1.598082343540197e-10
550.0 1.598082343540197e-10
551.0 1.598082343540197e-10
552.0 1.598082343540197e-10
553.0 3.3382053743480355e-05
554.0 0.0001400796008965699
555.0 1.598082343540197e-10
556.0 1.598082343540197e-10
557.0 1.598082343540197e-10
558.0 1.598082343540197e-10
559.0 1.598082343540197e-10
560.0 0.00041319208321510814
561.0 5.358344310479879e-05
562.0 1.598082343540197e-10
563.0 1.598082343540197e-10
564.0 1.598082343540197e-10
565.0 1.598082343540197e-10
566.0 1.598082343540197e-10
567.0 1.598082343540197e-10
568.0 0.0001394403625454288
569.0 0.00026457807962287916
570.0 0.00038971570575085934
571.0 0.00044607177187572233
572.0 0.0005024280653742608
573.0 0.0004673236617236398
574.0 0.00043221966734563466
575.0 0.00028448562261473853
576.0 0.00013675175978278276
577.0 0.0004357590114523191
578.0 0.0007347662176471204
579.0 0.00043245240703981835
580.0 0.00013013848274567863
581.0 0.00042425185711181257
582.0 0.0007183654361142544
583.0 0.0011016859389201272
584.0 0.0014850067600491457
585.0 0.0010644249414326623
586.0 0.0006438428954425035
587.0 0.0010085806025017519
588.0 0.0013733185369346756
589.0 0.0011316934433125425
590.0 0.000890068167791469
591.0 0.0008501173397235107
592.0 0.0008101665116555523
593.0 0.0007021375040494604
594.0 0.0005941081781202229
595.0 0.000767551773606101
596.0 0.0009409949598193634
597.0 0.0009114754902839195
598.0 0.000881955747900065
599.0 0.0010718604244175367
600.0 0.001261764919036068
601.0 0.0014143648513709195
602.0 0.0015669649656047113
603.0 0.0015477424312848598
604.0 0.001528520260762889
605.0 0.0016199452147702686
606.0 0.001711370532575529
607.0 0.0016933310689637437
608.0 0.001675291423453018
609.0 0.001141557459050091
610.0 0.0006078234036976937
611.0 0.0008061389962676913
612.0 0.001004454679787159
613.0 0.0006604493137274403
614.0 0.00031644410682929447
615.0 0.0006653137006651377
616.0 0.0010141833627130836
617.0 0.0008367216651095077
618.0 0.0006592601948796073
619.0 0.0005759428404417122
620.0 0.0004926258043269627
621.0 0.0006843995834060479
622.0 0.0008761733624851331
623.0 0.000556688701180974
624.0 0.0002372039261899772
625.0 0.0004860846729570767
626.0 0.0007349654424615437
627.0 0.0006522054718516301
628.0 0.000569445728615392
629.0 0.0005163239165995037
630.0 0.0004632023319572909
631.0 0.0010899457265622914
632.0 0.0017166890756925568
633.0 0.0015322617400670424
634.0 0.0013478345863404684
635.0 0.0018016609828919172
636.0 0.002255487379443366
637.0 0.002393725299043581
638.0 0.0025319630367448553
639.0 0.002230409882031381
640.0 0.001928856727317907
641.0 0.0016141042578965425
642.0 0.0012993520613235887
643.0 0.0007362273208855186
644.0 0.0001731024667606107
645.0 0.00016784297258709557
646.0 0.00016258338746411027
647.0 3.3333591886730574e-05
648.0 1.598082343540197e-10
649.0 9.167798680209671e-05
650.0 0.00027927196697419276
651.0 0.0005420808975031832
652.0 0.0008048899871937465
653.0 0.0013514964848582167
654.0 0.0018981028915732168
655.0 0.0014324237781693228
656.0 0.0009667444828664884
657.0 0.002125530591001734
658.0 0.0032843170629348606
659.0 0.0035141827538609505
660.0 0.0037440484447870404
661.0 0.003937375731766224
662.0 0.004130702654947527
663.0 0.0035289533116156235
664.0 0.0029272039682837203
665.0 0.0026550495022092946
666.0 0.002382894672336988
667.0 0.002001134998863563
668.0 0.0016193747796933167
669.0 0.0011673884728224948
670.0 0.0007154021659516729
671.0 0.0005592439720203402
672.0 0.0004030857326142723
673.0 0.00019337992398504866
674.0 1.598082343540197e-10
675.0 0.0002878627810787293
676.0 0.0005920516287005739
677.0 0.001094345407182118
678.0 0.0015966394130373374
679.0 0.0017902060790220276
680.0 0.0019837725631077774
681.0 0.002645718996063806
682.0 0.0033076652471208945
683.0 0.00469120241177734
684.0 0.006074739576433785
685.0 0.006669185677310452
686.0 0.0072636343247722834
687.0 0.007251636270666495
688.0 0.007239638944156468
689.0 0.00641595761408098
690.0 0.005592277739197016
691.0 0.004955854456056841
692.0 0.004319431536714546
693.0 0.003623053999035619
694.0 0.0029266766432556324
695.0 0.0025117842596955597
696.0 0.0020968920580344275
697.0 0.0015929743312881328
698.0 0.0010890566045418382
699.0 0.0008399394573643804
700.0 0.0005908221737627173
701.0 0.00035680252494785236
702.0 0.0001227830580319278
703.0 0.0003629588491094182
704.0 0.000603134822085849
705.0 0.000672930718792486
706.0 0.0007427267064485932
707.0 0.0008338332918356173
708.0 0.0009249396498489659
709.0 0.000733063416191726
710.0 0.0005411870461102808
711.0 0.0007581258159916615
712.0 0.0009750643584993668
713.0 0.0008911745680961758
714.0 0.000807284868642455
715.0 0.0007837448720238172
716.0 0.0007602048299304442
717.0 0.0006842134553153301
718.0 0.0006082220352254808
719.0 0.0005256387794361217
720.0 0.0004430554781720275
721.0 0.000630939894108451
722.0 0.0008188243555196095
723.0 0.0006040061634848826
724.0 0.0003891879714501556
725.0 0.00013225911743575125
726.0 1.598082343540197e-10
727.0 0.00018116719502359047
728.0 0.0004870042630500393
729.0 0.0002187496647820808
730.0 1.598082343540197e-10
731.0 1.598082343540197e-10
732.0 8.384814975670452e-06
733.0 1.598082343540197e-10
734.0 1.598082343540197e-10
735.0 0.0003121373083558865
736.0 0.0007890771485108417
737.0 0.0006617799499508692
738.0 0.0005344826149666915
739.0 0.0003580898010113742
740.0 0.00018169690747527056
741.0 0.0006771942935301922
742.0 0.001172691827378003
743.0 0.0013591132301371545
744.0 0.0015455343600478955
745.0 0.0019310618881718256
746.0 0.002316589052497875
747.0 0.0030901876016287133
748.0 0.0038637859688606113
749.0 0.003563714199117385
750.0 0.0032636424293741584
751.0 0.0035909895814256743
752.0 0.003918336369679309
753.0 0.003214356183889322
754.0 0.002510375634301454
755.0 0.0025168641514028423
756.0 0.0025233530323021114
757.0 0.002152138767996803
758.0 0.0017809239579946734
759.0 0.0013672947716258932
760.0 0.000953665585257113
761.0 0.0009327917723567225
762.0 0.000911917959456332
763.0 0.0007545575499534607
764.0 0.0005971971404505894
765.0 0.0006784947800042573
766.0 0.0007597924195579253
767.0 0.0007160288078011945
768.0 0.0006722650141455233
769.0 0.0005716299256164348
770.0 0.0004709945642389357
771.0 0.00035492344068188686
772.0 0.00023885213522589765
773.0 0.00034700267406151397
774.0 0.0004551531219476601
775.0 0.0003665803433250403
776.0 0.0002780075192276854
777.0 0.0005183439952816116
778.0 0.0007586801530123921
779.0 0.0008662672371428926
780.0 0.0009738540938997176
781.0 0.000991335946309846
782.0 0.001008817707770504
783.0 0.0008854595762386452
784.0 0.0007621013082825812
785.0 0.0008962345418694895
786.0 0.0010303674571332522
787.0 0.0010633908459567465
788.0 0.0010964141438307706
789.0 0.0009987970770453103
790.0 0.0009011799193103798
791.0 0.0009503139153821394
792.0 0.0009994475476560183
793.0 0.000509900382894557
794.0 2.0353202501155465e-05
795.0 6.308551405709295e-05
796.0 0.0001058177076629363
797.0 0.00018287108787262696
798.0 0.000259924399870215
799.0 0.00011814764775408548
800.0 1.598082343540197e-10
801.0 1.598082343540197e-10
802.0 1.598082343540197e-10
803.0 1.598082343540197e-10
804.0 0.0003478848384474986
805.0 5.932262681085376e-06
806.0 1.598082343540197e-10
807.0 1.598082343540197e-10
808.0 1.598082343540197e-10
809.0 0.00012474314416976995
810.0 0.0006714847131661372
811.0 1.598082343540197e-10
812.0 1.598082343540197e-10
813.0 1.598082343540197e-10
814.0 0.0005747548584622564
815.0 0.0006335256784950616
816.0 0.0006922962256794563
817.0 0.00030617520678788424
818.0 1.598082343540197e-10
819.0 1.598082343540197e-10
820.0 1.598082343540197e-10
821.0 1.598082343540197e-10
822.0 1.598082343540197e-10
823.0 1.598082343540197e-10
824.0 1.598082343540197e-10
825.0 1.598082343540197e-10
826.0 1.598082343540197e-10
827.0 6.043131293154147e-05
828.0 0.0004460858690435998
829.0 0.00042053106881212443
830.0 0.00039497663237852976
831.0 2.291669609633118e-06
832.0 1.598082343540197e-10
833.0 1.598082343540197e-10
834.0 1.598082343540197e-10
835.0 1.598082343540197e-10
836.0 1.598082343540197e-10
837.0 1.598082343540197e-10
838.0 1.598082343540197e-10
839.0 1.598082343540197e-10
840.0 1.598082343540197e-10
841.0 1.598082343540197e-10
842.0 1.598082343540197e-10
843.0 5.012979542584617e-06
844.0 9.610148481442593e-05
845.0 0.00015608796957167215
846.0 0.00021607443159155082
847.0 0.00011319173154333839
848.0 1.0308963283023331e-05
849.0 0.00010647083854564698
850.0 0.00020263253190933028
851.0 0.00029506086320907343
852.0 0.0003874892172461841
853.0 3.8400824564632785e-05
854.0 1.598082343540197e-10
855.0 1.598082343540197e-10
856.0 1.598082343540197e-10
857.0 0.00023840664198360173
858.0 0.000730930923964479
859.0 0.0005232086095929844
860.0 0.00031548629522148985
861.0 0.000495300173497526
862.0 0.0006751139608240919
863.0 0.0007598256615892751
864.0 0.0008445371349807829
865.0 0.0014188195564202033
866.0 0.0019931017959606834
867.0 0.0017734559150994755
868.0 0.0015538103980361484
869.0 0.0014999332961451728
870.0 0.0014460560123552568
871.0 0.0014542723874910735
872.0 0.0014624885807279497
873.0 0.0017192855011671782
874.0 0.0019760824216064066
875.0 0.00208206784009235
876.0 0.002188053258578293
877.0 0.0021573536287178285
878.0 0.0021266547264531255
879.0 0.0022620562958763912
880.0 0.0023974582290975377
