lsstcam/qe_curves/r23_s22/19700101T000000.ecsv
# %ECSV 0.9
# ---
# datatype:
# - {name: amp_name, datatype: string}
# - {name: wavelength, unit: nm, datatype: float32}
# - {name: efficiency, unit: '%', datatype: float32}
# meta: !!omap
# - {MODE: AMP}
# - {TYPE: QE}
# - {CALIBDATE: '1970-01-01T00:00:00'}
# - {INSTRUME: LSSTCAM}
# - {OBSTYPE: qe_curves}
# - {DETECTOR: 107}
# - {PICKLEFILE: RaftRun11852.p}
# - {CALIB_ID: 'raftName=R23 detectorName=S22 detector=107 calibDate=1970-01-01T00:00:00 ccd=107 ccdnum=107 filter=None'}
# - {DATE: '2020-01-23T13:45:24.575176'}
# - {CALIB_CREATION_DATE: '2020-01-23'}
# - {CALIB_CREATION_TIME: '13:45:24'}
# - __serialized_columns__:
#     efficiency:
#       __class__: astropy.units.quantity.Quantity
#       unit: !astropy.units.Unit {unit: '%'}
#       value: !astropy.table.SerializedColumn {name: efficiency}
#     wavelength:
#       __class__: astropy.units.quantity.Quantity
#       unit: !astropy.units.Unit {unit: nm}
#       value: !astropy.table.SerializedColumn {name: wavelength}
# schema: astropy-2.0
amp_name wavelength efficiency
C07 319.994 43.613117
C07 324.969 49.19998
C07 349.982 71.90397
C07 374.975 75.05518
C07 400.019 82.41045
C07 424.965 85.43864
C07 450.035 87.35982
C07 475.003 90.50315
C07 500.018 92.12491
C07 525.002 94.75739
C07 550.029 95.73204
C07 575.023 97.4048
C07 599.982 97.7243
C07 619.997 98.33178
C07 624.979 99.19449
C07 650.012 99.14253
C07 675.004 98.19167
C07 700.03 98.2513
C07 725.012 97.738976
C07 750.022 98.97825
C07 774.987 98.6479
C07 799.976 98.19461
C07 824.988 97.43828
C07 850.022 94.647026
C07 869.967 91.33965
C07 875.002 90.17438
C07 899.999 82.501656
C07 919.999 74.110115
C07 925.012 70.961136
C07 949.965 57.37506
C07 975.002 43.122276
C07 999.976 26.350718
C07 1025.028 11.559356
C07 1050.014 4.130908
C07 1075.002 2.2459579
C07 1099.99 1.7410299
C15 319.994 44.148758
C15 324.969 49.822403
C15 349.982 73.16391
C15 374.975 76.375626
C15 400.019 83.29977
C15 424.965 86.09586
C15 450.035 87.88726
C15 475.003 90.96241
C15 500.018 92.542915
C15 525.002 95.16366
C15 550.029 96.13416
C15 575.023 97.81679
C15 599.982 98.14677
C15 619.997 98.76911
C15 624.979 99.6372
C15 650.012 99.60143
C15 675.004 98.640884
C15 700.03 98.61211
C15 725.012 97.84365
C15 750.022 98.75479
C15 774.987 98.11311
C15 799.976 97.52767
C15 824.988 96.76375
C15 850.022 93.75757
C15 869.967 90.51724
C15 875.002 89.36529
C15 899.999 81.72946
C15 919.999 73.64533
C15 925.012 70.604805
C15 949.965 57.265625
C15 975.002 42.4618
C15 999.976 25.803165
C15 1025.028 11.25049
C15 1050.014 3.981162
C15 1075.002 2.1829858
C15 1099.99 1.7091777
C10 319.994 44.804134
C10 324.969 50.55679
C10 349.982 74.00522
C10 374.975 76.86145
C10 400.019 83.41874
C10 424.965 86.06652
C10 450.035 87.781044
C10 475.003 90.80808
C10 500.018 92.357796
C10 525.002 94.941986
C10 550.029 95.88708
C10 575.023 97.53907
C10 599.982 97.84628
C10 619.997 98.44515
C10 624.979 99.309975
C10 650.012 99.246994
C10 675.004 98.28058
C10 700.03 98.26811
C10 725.012 97.568184
C10 750.022 98.56853
C10 774.987 98.01598
C10 799.976 97.466225
C10 824.988 96.70274
C10 850.022 93.86575
C10 869.967 90.547775
C10 875.002 89.38842
C10 899.999 81.80894
C10 919.999 73.82087
C10 925.012 70.77565
C10 949.965 57.213066
C10 975.002 42.58744
C10 999.976 26.02832
C10 1025.028 11.418791
C10 1050.014 4.0789046
C10 1075.002 2.22911
C10 1099.99 1.7288177
C06 319.994 44.029552
C06 324.969 49.671574
C06 349.982 72.575424
C06 374.975 75.73754
C06 400.019 83.16045
C06 424.965 86.21912
C06 450.035 88.15391
C06 475.003 91.326546
C06 500.018 92.96643
C06 525.002 95.623245
C06 550.029 96.60922
C06 575.023 98.29635
C06 599.982 98.61759
C06 619.997 99.23487
C06 624.979 100.105896
C06 650.012 100.05753
C06 675.004 99.09582
C06 700.03 99.16809
C06 725.012 98.68416
C06 750.022 99.98117
C06 774.987 99.69658
C06 799.976 99.25632
C06 824.988 98.471176
C06 850.022 95.640594
C06 869.967 92.30697
C06 875.002 91.11393
C06 899.999 83.2357
C06 919.999 74.73521
C06 925.012 71.52221
C06 949.965 58.015755
C06 975.002 43.433884
C06 999.976 26.567099
C06 1025.028 11.619999
C06 1050.014 4.1443806
C06 1075.002 2.2594962
C06 1099.99 1.7535857
C16 319.994 43.912075
C16 324.969 49.556496
C16 349.982 72.81503
C16 374.975 76.11123
C16 400.019 83.12753
C16 424.965 85.9606
C16 450.035 87.76709
C16 475.003 90.84966
C16 500.018 92.439415
C16 525.002 95.05943
C16 550.029 96.03757
C16 575.023 97.725685
C16 599.982 98.055115
C16 619.997 98.68489
C16 624.979 99.552925
C16 650.012 99.517296
C16 675.004 98.56189
C16 700.03 98.52372
C16 725.012 97.720795
C16 750.022 98.576
C16 774.987 97.89076
C16 799.976 97.28147
C16 824.988 96.51594
C16 850.022 93.47629
C16 869.967 90.23027
C16 875.002 89.09769
C16 899.999 81.4987
C16 919.999 73.43543
C16 925.012 70.40564
C16 949.965 57.049503
C16 975.002 42.29533
C16 999.976 25.623825
C16 1025.028 11.181909
C16 1050.014 3.971457
C16 1075.002 2.1820867
C16 1099.99 1.7030671
C14 319.994 44.286285
C14 324.969 49.9745
C14 349.982 73.32807
C14 374.975 76.475525
C14 400.019 83.353134
C14 424.965 86.13063
C14 450.035 87.91054
C14 475.003 90.98056
C14 500.018 92.55864
C14 525.002 95.17288
C14 550.029 96.141495
C14 575.023 97.81679
C14 599.982 98.142876
C14 619.997 98.75921
C14 624.979 99.62689
C14 650.012 99.58573
C14 675.004 98.62584
C14 700.03 98.60896
C14 725.012 97.87848
C14 750.022 98.84107
C14 774.987 98.25249
C14 799.976 97.6899
C14 824.988 96.91737
C14 850.022 93.95491
C14 869.967 90.7004
C14 875.002 89.53647
C14 899.999 81.83469
C14 919.999 73.73076
C14 925.012 70.688065
C14 949.965 57.376995
C14 975.002 42.547348
C14 999.976 25.909462
C14 1025.028 11.281318
C14 1050.014 3.991668
C14 1075.002 2.1880414
C14 1099.99 1.7150556
C04 319.994 43.51341
C04 324.969 49.089245
C04 349.982 71.76269
C04 374.975 74.95238
C04 400.019 82.40061
C04 424.965 85.479385
C04 450.035 87.41973
C04 475.003 90.580246
C04 500.018 92.21652
C04 525.002 94.86089
C04 550.029 95.84308
C04 575.023 97.52548
C04 599.982 97.85063
C04 619.997 98.466
C04 624.979 99.33258
C04 650.012 99.286736
C04 675.004 98.34098
C04 700.03 98.4028
C04 725.012 97.9116
C04 750.022 99.18086
C04 774.987 98.89182
C04 799.976 98.45438
C04 824.988 97.6511
C04 850.022 94.82767
C04 869.967 91.48467
C04 875.002 90.35139
C04 899.999 82.2619
C04 919.999 74.04497
C04 925.012 70.96779
C04 949.965 57.376728
C04 975.002 43.095303
C04 999.976 26.161491
C04 1025.028 11.367113
C04 1050.014 4.0674734
C04 1075.002 2.2284923
C04 1099.99 1.7322661
C05 319.994 43.642
C05 324.969 49.23593
C05 349.982 71.95184
C05 374.975 75.08197
C05 400.019 82.44404
C05 424.965 85.48133
C05 450.035 87.4055
C05 475.003 90.5538
C05 500.018 92.18164
C05 525.002 94.823326
C05 550.029 95.80335
C05 575.023 97.47714
C05 599.982 97.800385
C05 619.997 98.41282
C05 624.979 99.28066
C05 650.012 99.23346
C05 675.004 98.28407
C05 700.03 98.356476
C05 725.012 97.880325
C05 750.022 99.17104
C05 774.987 98.9019
C05 799.976 98.47117
C05 824.988 97.676
C05 850.022 94.85335
C05 869.967 91.55696
C05 875.002 90.346245
C05 899.999 82.44862
C05 919.999 74.07687
C05 925.012 70.85289
C05 949.965 57.603844
C05 975.002 42.963924
C05 999.976 26.264887
C05 1025.028 11.468328
C05 1050.014 4.085288
C05 1075.002 2.2331238
C05 1099.99 1.7337856
C01 319.994 43.10324
C01 324.969 48.63047
C01 349.982 71.1764
C01 374.975 74.59369
C01 400.019 82.392525
C01 424.965 85.624535
C01 450.035 87.649414
C01 475.003 90.85911
C01 500.018 92.53221
C01 525.002 95.21019
C01 550.029 96.213646
C01 575.023 97.9159
C01 599.982 98.25868
C01 619.997 98.88728
C01 624.979 99.75802
C01 650.012 99.72681
C01 675.004 98.78006
C01 700.03 98.81646
C01 725.012 98.23707
C01 750.022 99.399704
C01 774.987 99.012505
C01 799.976 98.53253
C01 824.988 97.72923
C01 850.022 94.81891
C01 869.967 91.59826
C01 875.002 90.39397
C01 899.999 82.36402
C01 919.999 74.10275
C01 925.012 70.97488
C01 949.965 57.867504
C01 975.002 42.916874
C01 999.976 26.12043
C01 1025.028 11.362045
C01 1050.014 4.067609
C01 1075.002 2.2428353
C01 1099.99 1.733341
C12 319.994 44.692272
C12 324.969 50.431683
C12 349.982 73.87804
C12 374.975 76.81533
C12 400.019 83.45118
C12 424.965 86.1323
C12 450.035 87.86156
C12 475.003 90.90406
C12 500.018 92.46066
C12 525.002 95.05548
C12 550.029 96.00944
C12 575.023 97.66886
C12 599.982 97.98249
C12 619.997 98.59164
C12 624.979 99.454155
C12 650.012 99.405
C12 675.004 98.44116
C12 700.03 98.44344
C12 725.012 97.774765
C12 750.022 98.82043
C12 774.987 98.31234
C12 799.976 97.78152
C12 824.988 96.986176
C12 850.022 94.10338
C12 869.967 90.80745
C12 875.002 89.61344
C12 899.999 81.83526
C12 919.999 73.73964
C12 925.012 70.69663
C12 949.965 57.375027
C12 975.002 42.542717
C12 999.976 25.988346
C12 1025.028 11.292327
C12 1050.014 4.0107203
C12 1075.002 2.2037287
C12 1099.99 1.7215631
C13 319.994 44.541176
C13 324.969 50.262943
C13 349.982 73.68906
C13 374.975 76.73047
C13 400.019 83.47644
C13 424.965 86.1981
C13 450.035 87.951035
C13 475.003 91.00731
C13 500.018 92.57298
C13 525.002 95.17893
C13 550.029 96.13809
C13 575.023 97.80745
C13 599.982 98.127144
C13 619.997 98.73786
C13 624.979 99.60455
C13 650.012 99.557076
C13 675.004 98.59789
C13 700.03 98.588715
C13 725.012 97.8929
C13 750.022 98.905426
C13 774.987 98.36331
C13 799.976 97.81922
C13 824.988 97.03401
C13 850.022 94.099106
C13 869.967 90.83047
C13 875.002 89.660576
C13 899.999 81.91219
C13 919.999 73.766884
C13 925.012 70.72945
C13 949.965 57.43397
C13 975.002 42.605255
C13 999.976 25.969639
C13 1025.028 11.292227
C13 1050.014 3.9972513
C13 1075.002 2.1916728
C13 1099.99 1.7189573
C17 319.994 43.841778
C17 324.969 49.483288
C17 349.982 72.75849
C17 374.975 76.10961
C17 400.019 83.28999
C17 424.965 86.20304
C17 450.035 88.05615
C17 475.003 91.17578
C17 500.018 92.78784
C17 525.002 95.43693
C17 550.029 96.42965
C17 575.023 98.13032
C17 599.982 98.46989
C17 619.997 99.10211
C17 624.979 99.97608
C17 650.012 99.945335
C17 675.004 98.98289
C17 700.03 98.93499
C17 725.012 98.08922
C17 750.022 98.90445
C17 774.987 98.1695
C17 799.976 97.53814
C17 824.988 96.77157
C17 850.022 93.69357
C17 869.967 90.426056
C17 875.002 89.29945
C17 899.999 81.67315
C17 919.999 73.58818
C17 925.012 70.55806
C17 949.965 57.077946
C17 975.002 42.343338
C17 999.976 25.615347
C17 1025.028 11.218406
C17 1050.014 4.0003138
C17 1075.002 2.1920633
C17 1099.99 1.7055461
C02 319.994 43.097492
C02 324.969 48.62184
C02 349.982 71.14472
C02 374.975 74.48167
C02 400.019 82.128
C02 424.965 85.298485
C02 450.035 87.28749
C02 475.003 90.472176
C02 500.018 92.12745
C02 525.002 94.78468
C02 550.029 95.7858
C02 575.023 97.47515
C02 599.982 97.81099
C02 619.997 98.43384
C02 624.979 99.3007
C02 650.012 99.26594
C02 675.004 98.31912
C02 700.03 98.366615
C02 725.012 97.81835
C02 750.022 99.015915
C02 774.987 98.66579
C02 799.976 98.20011
C02 824.988 97.39891
C02 850.022 94.52955
C02 869.967 91.28388
C02 875.002 90.08313
C02 899.999 82.116104
C02 919.999 73.8179
C02 925.012 70.758514
C02 949.965 57.587627
C02 975.002 42.70486
C02 999.976 26.139505
C02 1025.028 11.34902
C02 1050.014 4.0479126
C02 1075.002 2.2268279
C02 1099.99 1.7308654
C00 319.994 42.66966
C00 324.969 48.149673
C00 349.982 70.51118
C00 374.975 73.96994
C00 400.019 81.928085
C00 424.965 85.24328
C00 450.035 87.31452
C00 475.003 90.55042
C00 500.018 92.24333
C00 525.002 94.928795
C00 550.029 95.94574
C00 575.023 97.65408
C00 599.982 98.00157
C00 619.997 98.63234
C00 624.979 99.5048
C00 650.012 99.474846
C00 675.004 98.52907
C00 700.03 98.559326
C00 725.012 97.956856
C00 750.022 99.08104
C00 774.987 98.660255
C00 799.976 98.16815
C00 824.988 97.370575
C00 850.022 94.462616
C00 869.967 91.25719
C00 875.002 90.081955
C00 899.999 82.06185
C00 919.999 73.818695
C00 925.012 70.753136
C00 949.965 57.6663
C00 975.002 42.687897
C00 999.976 26.010508
C00 1025.028 11.356776
C00 1050.014 4.0727053
C00 1075.002 2.2445102
C00 1099.99 1.735105
C11 319.994 44.836735
C11 324.969 50.59341
C11 349.982 74.06672
C11 374.975 76.94624
C11 400.019 83.55118
C11 424.965 86.21827
C11 450.035 87.94449
C11 475.003 90.98335
C11 500.018 92.53741
C11 525.002 95.13067
C11 550.029 96.08007
C11 575.023 97.73891
C11 599.982 98.04707
C11 619.997 98.64901
C11 624.979 99.51645
C11 650.012 99.45586
C11 675.004 98.491005
C11 700.03 98.49453
C11 725.012 97.82592
C11 750.022 98.876274
C11 774.987 98.37091
C11 799.976 97.838036
C11 824.988 97.051125
C11 850.022 94.19034
C11 869.967 90.8867
C11 875.002 89.688545
C11 899.999 81.97392
C11 919.999 73.91801
C11 925.012 70.814606
C11 949.965 57.389835
C11 975.002 42.66895
C11 999.976 26.04686
C11 1025.028 11.343886
C11 1050.014 4.0418563
C11 1075.002 2.219206
C11 1099.99 1.7255918
C03 319.994 43.304535
C03 324.969 48.855934
C03 349.982 71.458374
C03 374.975 74.74327
C03 400.019 82.33751
C03 424.965 85.47483
C03 450.035 87.4511
C03 475.003 90.632324
C03 500.018 92.28499
C03 525.002 94.94018
C03 550.029 95.93389
C03 575.023 97.6226
C03 599.982 97.954636
C03 619.997 98.57546
C03 624.979 99.4452
C03 650.012 99.40274
C03 675.004 98.45733
C03 700.03 98.51396
C03 725.012 97.99175
C03 750.022 99.226814
C03 774.987 98.90946
C03 799.976 98.457634
C03 824.988 97.65005
C03 850.022 94.79065
C03 869.967 91.512886
C03 875.002 90.34596
C03 899.999 82.261765
C03 919.999 74.09549
C03 925.012 70.89677
C03 949.965 57.61934
C03 975.002 43.026646
C03 999.976 26.049713
C03 1025.028 11.35141
C03 1050.014 4.062783
C03 1075.002 2.2304199
C03 1099.99 1.7320242
