ts8/qe_curves/rtm-021_s22/19700101T000000.ecsv
# %ECSV 0.9
# ---
# datatype:
# - {name: amp_name, datatype: string}
# - {name: wavelength, unit: nm, datatype: float32}
# - {name: efficiency, unit: '%', datatype: float32}
# meta: !!omap
# - {MODE: AMP}
# - {TYPE: QE}
# - {CALIBDATE: '1970-01-01T00:00:00'}
# - {INSTRUME: TS8}
# - {OBSTYPE: qe_curves}
# - {DETECTOR: 161}
# - {PICKLEFILE: RaftRun12086.p}
# - {CALIB_ID: 'raftName=RTM-021 detectorName=S22 detector=161 calibDate=1970-01-01T00:00:00 ccd=161 ccdnum=161 filter=None'}
# - {DATE: '2020-01-23T15:27:08.796689'}
# - {CALIB_CREATION_DATE: '2020-01-23'}
# - {CALIB_CREATION_TIME: '15:27:08'}
# - __serialized_columns__:
#     efficiency:
#       __class__: astropy.units.quantity.Quantity
#       unit: !astropy.units.Unit {unit: '%'}
#       value: !astropy.table.SerializedColumn {name: efficiency}
#     wavelength:
#       __class__: astropy.units.quantity.Quantity
#       unit: !astropy.units.Unit {unit: nm}
#       value: !astropy.table.SerializedColumn {name: wavelength}
# schema: astropy-2.0
amp_name wavelength efficiency
C16 319.994 48.27657
C16 324.969 49.799572
C16 349.982 58.10558
C16 374.975 72.08613
C16 400.019 83.78597
C16 424.965 84.84742
C16 450.035 84.9646
C16 475.003 85.3337
C16 500.018 85.95035
C16 525.002 86.25999
C16 550.029 88.33967
C16 575.023 89.97313
C16 599.982 91.46171
C16 619.997 93.16715
C16 624.979 93.240974
C16 650.012 94.68427
C16 675.004 95.920334
C16 700.03 96.78843
C16 725.012 97.662704
C16 750.022 98.749306
C16 774.987 100.492546
C16 799.976 100.17727
C16 824.988 99.87416
C16 850.022 98.264084
C16 869.967 95.68005
C16 875.002 94.93958
C16 899.999 88.49888
C16 919.999 80.65681
C16 925.012 77.17495
C16 949.965 63.983135
C16 975.002 48.320053
C16 999.976 30.764292
C16 1025.028 15.0778
C16 1050.014 6.1115546
C16 1075.002 3.3055222
C16 1099.99 2.3299937
C05 319.994 46.863556
C05 324.969 48.15392
C05 349.982 55.794327
C05 374.975 70.456924
C05 400.019 83.34223
C05 424.965 85.05978
C05 450.035 85.33659
C05 475.003 85.65681
C05 500.018 86.103874
C05 525.002 86.20822
C05 550.029 88.0367
C05 575.023 89.43186
C05 599.982 90.74098
C05 619.997 92.31959
C05 624.979 92.40812
C05 650.012 93.80049
C05 675.004 95.021996
C05 700.03 96.04179
C05 725.012 97.323204
C05 750.022 98.95093
C05 774.987 101.226776
C05 799.976 101.1892
C05 824.988 100.94757
C05 850.022 99.639046
C05 869.967 97.171875
C05 875.002 96.39299
C05 899.999 89.33043
C05 919.999 80.917
C05 925.012 77.303696
C05 949.965 64.14442
C05 975.002 48.86527
C05 999.976 31.404789
C05 1025.028 15.132331
C05 1050.014 6.051149
C05 1075.002 3.3974156
C05 1099.99 2.3639586
C03 319.994 47.442356
C03 324.969 48.828682
C03 349.982 56.77569
C03 374.975 71.214836
C03 400.019 83.63316
C03 424.965 85.099846
C03 450.035 85.31403
C03 475.003 85.64573
C03 500.018 86.16037
C03 525.002 86.356995
C03 550.029 88.275826
C03 575.023 89.754074
C03 599.982 91.12013
C03 619.997 92.72353
C03 624.979 92.82606
C03 650.012 94.23395
C03 675.004 95.44219
C03 700.03 96.427284
C03 725.012 97.64755
C03 750.022 99.19292
C03 774.987 101.395744
C03 799.976 101.30521
C03 824.988 101.037224
C03 850.022 99.70151
C03 869.967 97.25801
C03 875.002 96.48654
C03 899.999 89.51447
C03 919.999 81.09372
C03 925.012 77.48383
C03 949.965 64.27094
C03 975.002 49.033398
C03 999.976 31.53855
C03 1025.028 15.202053
C03 1050.014 6.0703983
C03 1075.002 3.4263797
C03 1099.99 2.3845441
C07 319.994 46.383762
C07 324.969 47.565777
C07 349.982 54.90374
C07 374.975 69.996574
C07 400.019 83.6228
C07 424.965 85.77757
C07 450.035 86.24179
C07 475.003 86.64309
C07 500.018 87.05306
C07 525.002 87.037964
C07 550.029 88.71579
C07 575.023 89.918945
C07 599.982 91.06479
C07 619.997 92.54462
C07 624.979 92.631
C07 650.012 93.96622
C07 675.004 95.15179
C07 700.03 96.16762
C07 725.012 97.43634
C07 750.022 99.041695
C07 774.987 101.28144
C07 799.976 101.24312
C07 824.988 101.031334
C07 850.022 99.690605
C07 869.967 97.169395
C07 875.002 96.38115
C07 899.999 89.287796
C07 919.999 80.94373
C07 925.012 77.39315
C07 949.965 64.16853
C07 975.002 48.672047
C07 999.976 31.263361
C07 1025.028 15.063832
C07 1050.014 6.0025735
C07 1075.002 3.3400917
C07 1099.99 2.338214
C01 319.994 48.027473
C01 324.969 49.51634
C01 349.982 57.757282
C01 374.975 71.93154
C01 400.019 83.87565
C01 424.965 85.10142
C01 450.035 85.27057
C01 475.003 85.63308
C01 500.018 86.22162
C01 525.002 86.502335
C01 550.029 88.51198
C01 575.023 90.06768
C01 599.982 91.489296
C01 619.997 93.1211
C01 624.979 93.22155
C01 650.012 94.63899
C01 675.004 95.83643
C01 700.03 96.780365
C01 725.012 97.90861
C01 750.022 99.33647
C01 774.987 101.42903
C01 799.976 101.2694
C01 824.988 100.96165
C01 850.022 99.59522
C01 869.967 97.17479
C01 875.002 96.41609
C01 899.999 89.4375
C01 919.999 80.8985
C01 925.012 77.26301
C01 949.965 63.93895
C01 975.002 48.79966
C01 999.976 31.447283
C01 1025.028 15.141316
C01 1050.014 6.040239
C01 1075.002 3.40153
C01 1099.99 2.3817494
C11 319.994 46.814976
C11 324.969 48.083992
C11 349.982 55.64331
C11 374.975 70.39016
C11 400.019 83.45348
C11 424.965 85.199905
C11 450.035 85.44245
C11 475.003 85.711266
C11 500.018 86.12432
C11 525.002 86.20534
C11 550.029 88.06373
C11 575.023 89.52071
C11 599.982 90.89034
C11 619.997 92.538536
C11 624.979 92.606926
C11 650.012 94.0333
C11 675.004 95.30071
C11 700.03 96.27946
C11 725.012 97.392746
C11 750.022 98.772865
C11 774.987 100.81194
C11 799.976 100.69026
C11 824.988 100.48743
C11 850.022 99.0972
C11 869.967 96.62277
C11 875.002 95.8826
C11 899.999 89.34758
C11 919.999 81.296524
C11 925.012 77.760895
C11 949.965 64.814026
C11 975.002 49.211266
C11 999.976 31.30519
C11 1025.028 15.212148
C11 1050.014 6.147363
C11 1075.002 3.3359375
C11 1099.99 2.3521805
C10 319.994 46.325188
C10 324.969 47.532642
C10 349.982 54.914307
C10 374.975 69.86315
C10 400.019 83.33547
C10 424.965 85.33961
C10 450.035 85.67619
C10 475.003 85.9671
C10 500.018 86.354256
C10 525.002 86.375275
C10 550.029 88.15434
C10 575.023 89.516785
C10 599.982 90.80473
C10 619.997 92.388306
C10 624.979 92.463066
C10 650.012 93.860146
C10 675.004 95.09354
C10 700.03 96.060356
C10 725.012 97.15256
C10 750.022 98.503784
C10 774.987 100.49585
C10 799.976 100.367096
C10 824.988 100.19044
C10 850.022 98.76254
C10 869.967 96.18898
C10 875.002 95.43403
C10 899.999 88.90798
C10 919.999 81.05105
C10 925.012 77.57998
C10 949.965 64.70549
C10 975.002 48.989113
C10 999.976 31.068365
C10 1025.028 15.0577345
C10 1050.014 6.089191
C10 1075.002 3.2913072
C10 1099.99 2.32283
C14 319.994 47.71462
C14 324.969 49.143974
C14 349.982 57.197323
C14 374.975 71.48655
C14 400.019 83.68451
C14 424.965 84.98889
C14 450.035 85.12118
C14 475.003 85.41121
C14 500.018 85.950584
C14 525.002 86.2047
C14 550.029 88.22229
C14 575.023 89.80869
C14 599.982 91.26495
C14 619.997 92.93938
C14 624.979 93.02989
C14 650.012 94.476875
C14 675.004 95.71802
C14 700.03 96.64251
C14 725.012 97.6492
C14 750.022 98.89483
C14 774.987 100.79371
C14 799.976 100.57332
C14 824.988 100.328705
C14 850.022 98.82723
C14 869.967 96.25714
C14 875.002 95.51012
C14 899.999 89.05332
C14 919.999 81.16523
C14 925.012 77.67931
C14 949.965 64.66992
C14 975.002 49.02387
C14 999.976 31.23279
C14 1025.028 15.287651
C14 1050.014 6.2006373
C14 1075.002 3.383327
C14 1099.99 2.375194
C15 319.994 47.98088
C15 324.969 49.459396
C15 349.982 57.64211
C15 374.975 71.78631
C15 400.019 83.744064
C15 424.965 84.925156
C15 450.035 85.04917
C15 475.003 85.36768
C15 500.018 85.94303
C15 525.002 86.22771
C15 550.029 88.284195
C15 575.023 89.900475
C15 599.982 91.3767
C15 619.997 93.06802
C15 624.979 93.15184
C15 650.012 94.5961
C15 675.004 95.83886
C15 700.03 96.7352
C15 725.012 97.6714
C15 750.022 98.84095
C15 774.987 100.658806
C15 799.976 100.393394
C15 824.988 100.12114
C15 850.022 98.56362
C15 869.967 95.94937
C15 875.002 95.196526
C15 899.999 88.74668
C15 919.999 80.91878
C15 925.012 77.44992
C15 949.965 64.39468
C15 975.002 48.68545
C15 999.976 31.001617
C15 1025.028 15.206689
C15 1050.014 6.1669044
C15 1075.002 3.3493004
C15 1099.99 2.3555424
C04 319.994 47.1661
C04 324.969 48.505817
C04 349.982 56.30149
C04 374.975 70.84622
C04 400.019 83.49172
C04 424.965 85.072495
C04 450.035 85.30573
C04 475.003 85.61395
C04 500.018 86.08686
C04 525.002 86.239395
C04 550.029 88.124245
C04 575.023 89.571625
C04 599.982 90.92161
C04 619.997 92.51861
C04 624.979 92.61202
C04 650.012 94.01614
C04 675.004 95.23826
C04 700.03 96.24282
C04 725.012 97.50114
C04 750.022 99.09506
C04 774.987 101.34225
C04 799.976 101.281364
C04 824.988 101.02697
C04 850.022 99.70327
C04 869.967 97.24674
C04 875.002 96.468575
C04 899.999 89.45043
C04 919.999 81.03889
C04 925.012 77.42219
C04 949.965 64.246765
C04 975.002 48.980095
C04 999.976 31.485983
C04 1025.028 15.178873
C04 1050.014 6.06107
C04 1075.002 3.41243
C04 1099.99 2.372833
C06 319.994 46.626133
C06 324.969 47.866726
C06 349.982 55.354946
C06 374.975 70.19049
C06 400.019 83.38357
C06 424.965 85.27356
C06 450.035 85.62128
C06 475.003 85.974754
C06 500.018 86.399124
C06 525.002 86.446815
C06 550.029 88.21261
C06 575.023 89.5365
C06 599.982 90.780075
C06 619.997 92.33031
C06 624.979 92.409386
C06 650.012 93.7785
C06 675.004 94.99698
C06 700.03 96.02
C06 725.012 97.30657
C06 750.022 98.9364
C06 774.987 101.21522
C06 799.976 101.18567
C06 824.988 100.95799
C06 850.022 99.66028
C06 869.967 97.19312
C06 875.002 96.41041
C06 899.999 89.33961
C06 919.999 80.93397
C06 925.012 77.324646
C06 949.965 64.13855
C06 975.002 48.806824
C06 999.976 31.35299
C06 1025.028 15.106278
C06 1050.014 6.0369134
C06 1075.002 3.3802855
C06 1099.99 2.354332
C02 319.994 47.688095
C02 324.969 49.124214
C02 349.982 57.217022
C02 374.975 71.51255
C02 400.019 83.69237
C02 424.965 85.03874
C02 450.035 85.21899
C02 475.003 85.54781
C02 500.018 86.09309
C02 525.002 86.34042
C02 550.029 88.31084
C02 575.023 89.83451
C02 599.982 91.2347
C02 619.997 92.84865
C02 624.979 92.95898
C02 650.012 94.37206
C02 675.004 95.57105
C02 700.03 96.5347
C02 725.012 97.70993
C02 750.022 99.20191
C02 774.987 101.34575
C02 799.976 101.22174
C02 824.988 100.93893
C02 850.022 99.5833
C02 869.967 97.149666
C02 875.002 96.38397
C02 899.999 89.4349
C02 919.999 80.9968
C02 925.012 77.38725
C02 949.965 64.12188
C02 975.002 48.91677
C02 999.976 31.496862
C02 1025.028 15.176175
C02 1050.014 6.052801
C02 1075.002 3.4168158
C02 1099.99 2.3844602
C12 319.994 47.14153
C12 324.969 48.470547
C12 349.982 56.219692
C12 374.975 70.788025
C12 400.019 83.49801
C12 424.965 85.05293
C12 450.035 85.232216
C12 475.003 85.48745
C12 500.018 85.94366
C12 525.002 86.09145
C12 550.029 88.00817
C12 575.023 89.521355
C12 599.982 90.938126
C12 619.997 92.59773
C12 624.979 92.68193
C12 650.012 94.12265
C12 675.004 95.3805
C12 700.03 96.35209
C12 725.012 97.44917
C12 750.022 98.81541
C12 774.987 100.837364
C12 799.976 100.693016
C12 824.988 100.47073
C12 850.022 99.05024
C12 869.967 96.56045
C12 875.002 95.82419
C12 899.999 89.29796
C12 919.999 81.239845
C12 925.012 77.71157
C12 949.965 64.774216
C12 975.002 49.17795
C12 999.976 31.312366
C12 1025.028 15.242719
C12 1050.014 6.1538153
C12 1075.002 3.350921
C12 1099.99 2.360222
C17 319.994 48.485653
C17 324.969 50.058483
C17 349.982 58.48701
C17 374.975 72.29341
C17 400.019 83.72815
C17 424.965 84.67271
C17 450.035 84.787415
C17 475.003 85.21906
C17 500.018 85.89916
C17 525.002 86.249504
C17 550.029 88.36293
C17 575.023 90.02443
C17 599.982 91.526054
C17 619.997 93.24505
C17 624.979 93.3124
C17 650.012 94.76061
C17 675.004 95.993866
C17 700.03 96.83757
C17 725.012 97.65802
C17 750.022 98.679
C17 774.987 100.35387
C17 799.976 100.003624
C17 824.988 99.67112
C17 850.022 98.05313
C17 869.967 95.585144
C17 875.002 94.87074
C17 899.999 88.41361
C17 919.999 80.54158
C17 925.012 77.0153
C17 949.965 63.597054
C17 975.002 48.146343
C17 999.976 30.786556
C17 1025.028 14.920535
C17 1050.014 6.042427
C17 1075.002 3.2589371
C17 1099.99 2.2933233
C00 319.994 48.24761
C00 324.969 49.782536
C00 349.982 58.156292
C00 374.975 72.21826
C00 400.019 83.95686
C00 424.965 85.06912
C00 450.035 85.22794
C00 475.003 85.64757
C00 500.018 86.29598
C00 525.002 86.612434
C00 550.029 88.66221
C00 575.023 90.24618
C00 599.982 91.67824
C00 619.997 93.32888
C00 624.979 93.417076
C00 650.012 94.83197
C00 675.004 96.03987
C00 700.03 96.96073
C00 725.012 98.04754
C00 750.022 99.42015
C00 774.987 101.461945
C00 799.976 101.269516
C00 824.988 100.93478
C00 850.022 99.55764
C00 869.967 97.136955
C00 875.002 96.38513
C00 899.999 89.25981
C00 919.999 80.68697
C00 925.012 77.04763
C00 949.965 63.783836
C00 975.002 48.678463
C00 999.976 31.343107
C00 1025.028 15.09538
C00 1050.014 6.0176334
C00 1075.002 3.3486176
C00 1099.99 2.3592875
C13 319.994 47.45116
C13 324.969 48.82926
C13 349.982 56.7432
C13 374.975 71.16479
C13 400.019 83.600975
C13 424.965 85.02776
C13 450.035 85.18477
C13 475.003 85.45213
C13 500.018 85.95227
C13 525.002 86.15878
C13 550.029 88.1227
C13 575.023 89.6691
C13 599.982 91.09965
C13 619.997 92.758
C13 624.979 92.85501
C13 650.012 94.30285
C13 675.004 95.537445
C13 700.03 96.489555
C13 725.012 97.55308
C13 750.022 98.87482
C13 774.987 100.83994
C13 799.976 100.66296
C13 824.988 100.42809
C13 850.022 98.96384
C13 869.967 96.44157
C13 875.002 95.70376
C13 899.999 89.21335
C13 919.999 81.2317
C13 925.012 77.723114
C13 949.965 64.75643
C13 975.002 49.161526
C13 999.976 31.312723
C13 1025.028 15.283919
C13 1050.014 6.182278
C13 1075.002 3.370368
C13 1099.99 2.3676775
