ts8/qe_curves/rtm-015_s22/19700101T000000.ecsv
# %ECSV 0.9
# ---
# datatype:
# - {name: amp_name, datatype: string}
# - {name: wavelength, unit: nm, datatype: float32}
# - {name: efficiency, unit: '%', datatype: float32}
# meta: !!omap
# - {MODE: AMP}
# - {TYPE: QE}
# - {CALIBDATE: '1970-01-01T00:00:00'}
# - {INSTRUME: TS8}
# - {OBSTYPE: qe_curves}
# - {DETECTOR: 125}
# - {PICKLEFILE: RaftRun12002.p}
# - {CALIB_ID: 'raftName=RTM-015 detectorName=S22 detector=125 calibDate=1970-01-01T00:00:00 ccd=125 ccdnum=125 filter=None'}
# - {DATE: '2020-01-23T14:33:54.519559'}
# - {CALIB_CREATION_DATE: '2020-01-23'}
# - {CALIB_CREATION_TIME: '14:33:54'}
# - __serialized_columns__:
#     efficiency:
#       __class__: astropy.units.quantity.Quantity
#       unit: !astropy.units.Unit {unit: '%'}
#       value: !astropy.table.SerializedColumn {name: efficiency}
#     wavelength:
#       __class__: astropy.units.quantity.Quantity
#       unit: !astropy.units.Unit {unit: nm}
#       value: !astropy.table.SerializedColumn {name: wavelength}
# schema: astropy-2.0
amp_name wavelength efficiency
C04 349.982 66.270805
C04 450.035 87.35914
C04 500.018 93.2364
C04 619.997 98.805145
C04 750.022 95.473724
C04 869.967 88.470825
C04 999.976 30.028023
C17 349.982 65.77216
C17 450.035 87.54354
C17 500.018 93.5203
C17 619.997 99.100716
C17 750.022 94.789856
C17 869.967 87.164215
C17 999.976 29.772982
C14 349.982 68.020096
C14 450.035 87.83578
C14 500.018 93.54457
C14 619.997 99.05186
C14 750.022 95.10362
C14 869.967 87.635254
C14 999.976 29.950956
C03 349.982 65.32434
C03 450.035 87.11253
C03 500.018 93.07761
C03 619.997 98.6921
C03 750.022 95.29134
C03 869.967 88.26771
C03 999.976 30.079208
C12 349.982 69.12621
C12 450.035 87.99171
C12 500.018 93.57348
C12 619.997 99.00607
C12 750.022 95.23402
C12 869.967 87.81337
C12 999.976 29.993147
C16 349.982 66.745125
C16 450.035 87.673134
C16 500.018 93.530624
C16 619.997 99.096214
C16 750.022 94.91689
C16 869.967 87.35287
C16 999.976 29.766634
C15 349.982 67.63163
C15 450.035 87.88399
C15 500.018 93.66052
C15 619.997 99.19905
C15 750.022 95.128006
C15 869.967 87.598
C15 999.976 29.8659
C02 349.982 64.61532
C02 450.035 87.16448
C02 500.018 93.24027
C02 619.997 98.90597
C02 750.022 95.41276
C02 869.967 88.356255
C02 999.976 29.932436
C05 349.982 66.84243
C05 450.035 87.34381
C05 500.018 93.14079
C05 619.997 98.65621
C05 750.022 95.38179
C05 869.967 88.38277
C05 999.976 30.151154
C00 349.982 61.653763
C00 450.035 86.49761
C00 500.018 92.89529
C00 619.997 98.68402
C00 750.022 95.013885
C00 869.967 87.90032
C00 999.976 30.072083
C01 349.982 63.30715
C01 450.035 86.872215
C01 500.018 93.08808
C01 619.997 98.817406
C01 750.022 95.239334
C01 869.967 88.14696
C01 999.976 29.994484
C11 349.982 69.45895
C11 450.035 88.07576
C11 500.018 93.62303
C11 619.997 99.01869
C11 750.022 95.24679
C11 869.967 87.760765
C11 999.976 29.911629
C06 349.982 67.38498
C06 450.035 87.46677
C06 500.018 93.20647
C06 619.997 98.70005
C06 750.022 95.43383
C06 869.967 88.43594
C06 999.976 30.076967
C13 349.982 68.59295
C13 450.035 87.90554
C13 500.018 93.5424
C13 619.997 99.00399
C13 750.022 95.14983
C13 869.967 87.72272
C13 999.976 30.022299
C10 349.982 69.937355
C10 450.035 88.14036
C10 500.018 93.63767
C10 619.997 98.99499
C10 750.022 95.13492
C10 869.967 87.52351
C10 999.976 29.823435
C07 349.982 68.00895
C07 450.035 87.605446
C07 500.018 93.283104
C07 619.997 98.73273
C07 750.022 95.37039
C07 869.967 88.313644
C07 999.976 30.13497
