lsstCam/transmission_filter_detector/r12_s00/y_10/19700101T000000.ecsv
# %ECSV 1.0
# ---
# datatype:
# - {name: wavelength, unit: nm, datatype: float32}
# - {name: efficiency, unit: '%', datatype: float64}
# meta: !!omap
# - {MODE: DETECTOR}
# - {TYPE: transmission_filter_detector}
# - {CALIBDATE: '1970-01-01T00:00:00'}
# - {INSTRUME: LSSTCam}
# - {OBSTYPE: transmission_filter_detector}
# - {CALIBCLS: lsst.ip.isr.IntermediateFilterDetectorTransmissionCurve}
# - {SOURCE: Materion (DM-46256)}
# - {DETECTOR: 45}
# - {FILTER: y_10}
# - {CALIB_ID: 'calibDate=1970-01-01T00:00:00 filter=y_10 detector=45'}
# - {DATE: '2025-04-02T15:59:50.950300'}
# - {CALIB_CREATION_DATE: '2025-04-02'}
# - {CALIB_CREATION_TIME: '15:59:50'}
# - __serialized_columns__:
#     efficiency:
#       __class__: astropy.units.quantity.Quantity
#       unit: !astropy.units.Unit {unit: '%'}
#       value: !astropy.table.SerializedColumn {name: efficiency}
#     wavelength:
#       __class__: astropy.units.quantity.Quantity
#       unit: !astropy.units.Unit {unit: nm}
#       value: !astropy.table.SerializedColumn {name: wavelength}
# schema: astropy-2.0
wavelength efficiency
300.0 0.5344122648239136
301.0 0.28653100598603487
302.0 0.03864973550662398
303.0 0.036918712430633605
304.0 0.03518769226502627
305.0 0.0223405149881728
306.0 0.009493334800936282
307.0 0.01638578687561676
308.0 0.023278238950297236
309.0 0.01602106640348211
310.0 0.00876389240147546
311.0 0.00857486083987169
312.0 0.008385827823076397
313.0 0.009211160067934543
314.0 0.01003649304038845
315.0 0.0074554649472702295
316.0 0.004874440492130816
317.0 0.0052157731261104345
318.0 0.005557101758313365
319.0 0.002212727486039512
320.0 1.5971634821990155e-10
321.0 0.0021803818526677787
322.0 0.005492412310559303
323.0 0.003530601316015236
324.0 0.0015687906852690503
325.0 0.0004846768661082024
326.0 1.5971634821990155e-10
327.0 0.0008333034202223644
328.0 0.0022660438844468445
329.0 0.003549831671989523
330.0 0.004833619823330082
331.0 0.004053785596624948
332.0 0.003273951369919814
333.0 0.002640763523231726
334.0 0.0020075754946446978
335.0 0.0022455411453847773
336.0 0.002483507341821678
337.0 0.0027754691473091953
338.0 0.003067430588998832
339.0 0.0014149608432489913
340.0 1.5971634821990155e-10
341.0 1.5971634821990155e-10
342.0 1.5971634821990155e-10
343.0 1.3669584575382032e-05
344.0 0.0006466515969805187
345.0 0.001078302193491254
346.0 0.0015099533811735455
347.0 0.0014781979189137928
348.0 0.0014464422747550998
349.0 0.0013606618267658632
350.0 0.0012748811968776863
351.0 0.0013067399777355604
352.0 0.0013385983038460836
353.0 0.001226861058967188
354.0 0.0011151239050377626
355.0 0.0011054682545363903
356.0 0.001095812604035018
357.0 0.0006260199370444752
358.0 0.00015622701994288946
359.0 0.0006146712621557526
360.0 0.0010731154361565132
361.0 0.001395667186443461
362.0 0.0017182184819830582
363.0 0.0012838312613894232
364.0 0.0008494436769979075
365.0 0.001086324300558772
366.0 0.0013232055607659277
367.0 0.0018337770598009229
368.0 0.0023443486497853883
369.0 0.002046839472313877
370.0 0.0017493304767413065
371.0 0.0017020987797877751
372.0 0.001654866719036363
373.0 0.002130597749783192
374.0 0.00260632841673214
375.0 0.003506942084641196
376.0 0.004407555388752371
377.0 0.004222089046379551
378.0 0.004036622340208851
379.0 0.00355515512637794
380.0 0.003073687548749149
381.0 0.0019671271729748696
382.0 0.0008605664334027097
383.0 0.0009752533514983952
384.0 0.0010899400876951404
385.0 0.0008870437341101933
386.0 0.0006841472895757761
387.0 0.0006670179118373198
388.0 0.0006498886250483338
389.0 0.0005968278401269345
390.0 0.0005437671006802702
391.0 0.000518513479619287
392.0 0.0004932599495077739
393.0 0.0005889708972972585
394.0 0.0006846820269856835
395.0 0.0006308447154879104
396.0 0.0005770074494648725
397.0 0.000839351378090214
398.0 0.0011016952157660853
399.0 0.0013254106306703761
400.0 0.0015491259546251968
401.0 0.0016973433957900852
402.0 0.001845561018853914
403.0 0.0018312066458747722
404.0 0.0018168519090977497
405.0 0.0017293525161221623
406.0 0.001641853123146575
407.0 0.0014326195014291443
408.0 0.0012233862435095944
409.0 0.0009639154086471535
410.0 0.0007044442554615671
411.0 0.0005665230673912447
412.0 0.0004286019247956574
413.0 0.000988171359495027
414.0 0.0015477406122954562
415.0 0.0023096223230822943
416.0 0.003071504397667013
417.0 0.0013969705833005719
418.0 1.5971634821990155e-10
419.0 1.5971634821990155e-10
420.0 1.5971634821990155e-10
421.0 0.0002605461986604496
422.0 0.0011921750228793826
423.0 0.0011592970622587018
424.0 0.0011264188287896104
425.0 0.00023498848804592853
426.0 1.5971634821990155e-10
427.0 1.5971634821990155e-10
428.0 0.00011511795037222328
429.0 4.889016747000596e-07
430.0 1.5971634821990155e-10
431.0 0.0006158801170386141
432.0 0.0013459005458571482
433.0 0.0008904298738343641
434.0 0.00043495974750840105
435.0 1.5971634821990155e-10
436.0 1.5971634821990155e-10
437.0 1.5971634821990155e-10
438.0 0.0004990708930563414
439.0 0.00010644770327417064
440.0 1.5971634821990155e-10
441.0 1.5971634821990155e-10
442.0 1.5971634821990155e-10
443.0 1.5971634821990155e-10
444.0 1.5971634821990155e-10
445.0 0.00031000990929896943
446.0 0.0006679811122012325
447.0 0.0005439702363219112
448.0 0.0004199591785436496
449.0 0.0006504203611257253
450.0 0.0008808812708593905
451.0 0.0003434132850088645
452.0 1.5971634821990155e-10
453.0 1.5971634821990155e-10
454.0 1.5971634821990155e-10
455.0 1.5971634821990155e-10
456.0 1.5971634821990155e-10
457.0 1.5971634821990155e-10
458.0 0.0001362834950668912
459.0 0.0002609248440421652
460.0 0.0003855662725982256
461.0 0.00038238599699980114
462.0 0.00037920572140137665
463.0 0.0005265046638669446
464.0 0.0006738036518072477
465.0 0.0006001285782986088
466.0 0.0005264535957394401
467.0 0.0009411738574272022
468.0 0.0013558938917412888
469.0 0.0014982322682044469
470.0 0.001640570189920254
471.0 0.0016600706658209674
472.0 0.0016795709598227404
473.0 0.002223178671556525
474.0 0.0027667863832903095
475.0 0.0027788370061898604
476.0 0.002790887992887292
477.0 0.003303611447336152
478.0 0.0038163354474818334
479.0 0.004269782584742643
480.0 0.0047232297220034525
481.0 0.004747628190671094
482.0 0.004772026659338735
483.0 0.004057905243826099
484.0 0.003343783100717701
485.0 0.003714623744599521
486.0 0.004085464024683461
487.0 0.003495841156109236
488.0 0.002906218469433952
489.0 0.0023456070266547613
490.0 0.0017849957657745108
491.0 0.001655499727348797
492.0 0.0015260035070241429
493.0 0.0011130739949294366
494.0 0.0007001450740062864
495.0 0.000995038226392353
496.0 0.0012899315152026247
497.0 0.001755280391080305
498.0 0.0022206295398063958
499.0 0.00243912436417304
500.0 0.002657619188539684
501.0 0.0025671326511655934
502.0 0.002476646113791503
503.0 0.0025026332878042012
504.0 0.002528620279917959
505.0 0.003027502134500537
506.0 0.0035263841709820554
507.0 0.002682508602447342
508.0 0.0018386321244179271
509.0 0.001984507071028929
510.0 0.0021303816538420506
511.0 0.002072750976367388
512.0 0.002015120662690606
513.0 0.001956541382241994
514.0 0.0018979626474902034
515.0 0.0015887995687080547
516.0 0.0012796363080269657
517.0 0.0013160101843823213
518.0 0.0013523836969397962
519.0 0.0013948236301075667
520.0 0.0014372632904269267
521.0 0.0016659869288560003
522.0 0.001894710112537723
523.0 0.0017716200090944767
524.0 0.0016485295418533497
525.0 0.0020969675460946746
526.0 0.0025454064598307014
527.0 0.0024316734197782353
528.0 0.00231794074352365
529.0 0.0024953444153652526
530.0 0.0026727480872068554
531.0 0.0025514531444059685
532.0 0.002430158019706141
533.0 0.0025290739358752035
534.0 0.0026279891244485043
535.0 0.002480419243511278
536.0 0.002332848816877231
537.0 0.002527170909161214
538.0 0.002721492819546256
539.0 0.0035354030842427164
540.0 0.004349313167040236
541.0 0.004162405457464047
542.0 0.003975498111685738
543.0 0.00420635005866643
544.0 0.004437202369445004
545.0 0.004874062506132759
546.0 0.005310922642820515
547.0 0.004449271727935411
548.0 0.0035876204492524266
549.0 0.003023297722393181
550.0 0.0024589748136349954
551.0 0.002542667971283663
552.0 0.0026263609470333904
553.0 0.0030136854547890835
554.0 0.003401009234949015
555.0 0.0037483274354599416
556.0 0.004095645999768749
557.0 0.0038051308365538716
558.0 0.003514616400934756
559.0 0.0034886194043792784
560.0 0.0034626220440259203
561.0 0.0035822176869260147
562.0 0.0037018129660282284
563.0 0.0035687306080944836
564.0 0.003435647886362858
565.0 0.0038345162465702742
566.0 0.00423338460677769
567.0 0.00445292898803018
568.0 0.00467247300548479
569.0 0.00508657940372359
570.0 0.00550068543816451
571.0 0.005702735506929457
572.0 0.0059047855756944045
573.0 0.006134116119937971
574.0 0.006363446300383657
575.0 0.006466778722824529
576.0 0.006570111872861162
577.0 0.005901481563341804
578.0 0.005232851617620327
579.0 0.0060507132729981095
580.0 0.006868575292173773
581.0 0.007307288615265861
582.0 0.007746000483166426
583.0 0.008743211219552904
584.0 0.009740419045556337
585.0 0.009929635416483507
586.0 0.0101188532426022
587.0 0.010194804781349376
588.0 0.010270752682117745
589.0 0.010375586134614423
590.0 0.010480420314706862
591.0 0.009782575943972915
592.0 0.009084731573238969
593.0 0.00757505331421271
594.0 0.006065378329367377
595.0 0.005850841262144968
596.0 0.00563630492251832
597.0 0.0059153808251721784
598.0 0.006194457091623917
599.0 0.007351535896304995
600.0 0.00850861324579455
601.0 0.009127529483521357
602.0 0.009746442083269358
603.0 0.010447975364513695
604.0 0.011149509373353794
605.0 0.011311160051263869
606.0 0.011472810729173943
607.0 0.00984983635134995
608.0 0.008226862701121718
609.0 0.006539588503073901
610.0 0.004852315760217607
611.0 0.004007492316304706
612.0 0.0031626692361896858
613.0 0.0036185541830491275
614.0 0.0040744387661106884
615.0 0.004946941771777347
616.0 0.005819445505039766
617.0 0.006934227712918073
618.0 0.008049009193200618
619.0 0.00922908729990013
620.0 0.01040916540659964
621.0 0.011344724043738097
622.0 0.012280284136068076
623.0 0.012126396904932335
624.0 0.011972508946200833
625.0 0.010579513036645949
626.0 0.00918651494430378
627.0 0.007195137004600838
628.0 0.00520375651831273
629.0 0.004293923848308623
630.0 0.0033840911783045158
631.0 0.0029174932933528908
632.0 0.0024508952265023254
633.0 0.002635011878737714
634.0 0.0028191287128720433
635.0 0.0028931257475051098
636.0 0.002967122600239236
637.0 0.0037906003854004666
638.0 0.004614077988662757
639.0 0.0045908243919257075
640.0 0.004567569703795016
641.0 0.005022151890443638
642.0 0.00547673407709226
643.0 0.005638326547341421
644.0 0.005799918653792702
645.0 0.005306481398292817
646.0 0.004813043415197171
647.0 0.0038597976526943967
648.0 0.0029065515263937414
649.0 0.00212046015803935
650.0 0.0013343685168365482
651.0 0.00147223045132705
652.0 0.0016100928405649029
653.0 0.0014737594028702006
654.0 0.001337425874226028
655.0 0.0013742736882704776
656.0 0.0014111216842138674
657.0 0.0013119622963131405
658.0 0.0012128029993618838
659.0 0.001695438550086692
660.0 0.0021780742827104405
661.0 0.0018539816664997488
662.0 0.0015298888683901168
663.0 0.0022462505512521602
664.0 0.002962612416013144
665.0 0.0035368630051380023
666.0 0.004111113594262861
667.0 0.00485028067487292
668.0 0.005589445936493576
669.0 0.005634792250930332
670.0 0.005680135291186161
671.0 0.006342052802210674
672.0 0.007003971404628828
673.0 0.007723822636762634
674.0 0.008443671686109155
675.0 0.007875527808209881
676.0 0.007307384657906368
677.0 0.005835848060087301
678.0 0.004364311826066114
679.0 0.002867770854209084
680.0 0.001371230791846756
681.0 0.0006845234565844294
682.0 1.5971634821990155e-10
683.0 0.0002967408818221884
684.0 0.0005956657332717441
685.0 0.00037103147860761965
686.0 0.0001463972580495465
687.0 0.0001778854311851319
688.0 0.00020937361568940105
689.0 0.000296655525744427
690.0 0.0003839374585368205
691.0 0.0004035875463159755
692.0 0.0004232376340951305
693.0 0.0003136583700324991
694.0 0.00020407910596986767
695.0 0.00037777667785121594
696.0 0.0005514742497325642
697.0 0.000618530702922726
698.0 0.0006855869742139475
699.0 0.00048036808948381804
700.0 0.00027514890916791046
701.0 0.00017056910337487352
702.0 6.598941695301619e-05
703.0 0.0003148247287754202
704.0 0.0005636601144942688
705.0 0.0004019609150418546
706.0 0.0002402616019026027
707.0 1.5971634821990155e-10
708.0 1.5971634821990155e-10
709.0 1.702692316030152e-05
710.0 0.0004044145953230327
711.0 0.0006115010364737827
712.0 0.0008185875230992679
713.0 0.0005433148089650786
714.0 0.000268042208517727
715.0 0.00037693241665692767
716.0 0.0004858226475334959
717.0 0.00024255919015558902
718.0 1.5971634821990155e-10
719.0 0.00029948073461127933
720.0 0.0005996656909701414
721.0 0.0003250666168241878
722.0 5.046764499638812e-05
723.0 0.00028201538952998817
724.0 0.0005135630544828018
725.0 0.0005799914106319193
726.0 0.000646419903205242
727.0 0.00028955043944733916
728.0 1.5971634821990155e-10
729.0 0.00024203732209571172
730.0 0.0005513935320777819
731.0 0.0006665500677627278
732.0 0.0007817067853466142
733.0 0.00020590850908774883
734.0 1.5971634821990155e-10
735.0 1.5971634821990155e-10
736.0 1.5971634821990155e-10
737.0 0.0005143396720086457
738.0 0.0011034460840164684
739.0 0.0007233727501443354
740.0 0.00034329912068642443
741.0 0.00019331298517499818
742.0 4.3326909349161724e-05
743.0 1.5971634821990155e-10
744.0 1.5971634821990155e-10
745.0 0.00038671928450639825
746.0 0.000819861361378571
747.0 0.0004651476047001779
748.0 0.00011043397307730629
749.0 1.5971634821990155e-10
750.0 1.5971634821990155e-10
751.0 2.5152297666863888e-05
752.0 0.00016794264183772611
753.0 0.00018410693201076356
754.0 0.00020027121081511723
755.0 1.5971634821990155e-10
756.0 1.5971634821990155e-10
757.0 1.5971634821990155e-10
758.0 1.5971634821990155e-10
759.0 3.524588407799456e-05
760.0 0.000695967037245282
761.0 0.00026177447125519393
762.0 1.5971634821990155e-10
763.0 1.5971634821990155e-10
764.0 1.5971634821990155e-10
765.0 0.0002183574906666763
766.0 0.0005504788987309439
767.0 0.00013571295767178526
768.0 1.5971634821990155e-10
769.0 1.5971634821990155e-10
770.0 1.5971634821990155e-10
771.0 1.5971634821990155e-10
772.0 1.5971634821990155e-10
773.0 0.00039846736399340443
774.0 0.0008028649972402491
775.0 0.00048642850742908195
776.0 0.0001699918698250258
777.0 0.0002572885705376393
778.0 0.00034458535083103925
779.0 0.0006397326160367811
780.0 0.000934879881242523
781.0 0.000840220400277758
782.0 0.0007455610102624632
783.0 0.0005231710474618012
784.0 0.00030078113013587426
785.0 0.00015078433079906972
786.0 7.872448470891413e-07
787.0 0.0006147736257844372
788.0 0.0012287599929550197
789.0 0.0009826683708524797
790.0 0.0007365769761236152
791.0 0.0005860842975380365
792.0 0.00043559148252825253
793.0 0.0005592903562501306
794.0 0.0006829890025983332
795.0 0.0007712214028288145
796.0 0.0008594536666350905
797.0 0.000432044907938689
798.0 4.636270745095317e-06
799.0 0.0005202376087254379
800.0 0.0010358389772591181
801.0 0.0005586934094026219
802.0 8.154785859915137e-05
803.0 0.0002798480181809282
804.0 0.0004781481038662605
805.0 0.0007922176337160636
806.0 0.0011062871635658666
807.0 0.0005862685611646157
808.0 6.624992465731339e-05
809.0 1.5971634821990155e-10
810.0 1.5971634821990155e-10
811.0 0.0002886331913032336
812.0 0.0007111866125342203
813.0 0.0008657068974571303
814.0 0.0010202272278547753
815.0 0.000997530878521502
816.0 0.0009748339834914077
817.0 0.0009510065865470096
818.0 0.0009271791896026116
819.0 0.0009230557225237135
820.0 0.0009189322554448154
821.0 0.0009892585694615263
822.0 0.0010595848834782373
823.0 0.0008757427167438436
824.0 0.0006919010502315359
825.0 0.0006055242010916118
826.0 0.0005191474429011578
827.0 0.00061145087784098
828.0 0.0007037543582555372
829.0 0.0005059657269157469
830.0 0.00030817720926279435
831.0 0.0004076325240021106
832.0 0.0005070879979029996
833.0 0.0007597398962388979
834.0 0.0010123917491000611
835.0 0.000270004397862067
836.0 1.5971634821990155e-10
837.0 1.5971634821990155e-10
838.0 0.000102796298051544
839.0 0.00044507319216791075
840.0 0.000787350109021645
841.0 0.0010482971447345335
842.0 0.001309244180447422
843.0 0.0008720167897990905
844.0 0.00043478921725181863
845.0 0.0004470179192139767
846.0 0.0004592465302266646
847.0 0.0008070466719800606
848.0 0.0011548469046829268
849.0 0.0010224172910966445
850.0 0.0008899873137124814
851.0 0.0009841802238952368
852.0 0.0010783731340779923
853.0 0.0003572145715224906
854.0 1.5971634821990155e-10
855.0 1.5971634821990155e-10
856.0 1.5971634821990155e-10
857.0 0.0002569061280155438
858.0 0.0012000982678728178
859.0 0.0011221046406717505
860.0 0.0010441107406222727
861.0 0.001369043457088992
862.0 0.0016939762645051815
863.0 0.0018540220480645075
864.0 0.0020140678316238336
865.0 0.0020992163626942784
866.0 0.002184365257562604
867.0 0.0028154918254585937
868.0 0.003446618575253524
869.0 0.002983467129524797
870.0 0.0025203156837960705
871.0 0.003133018617518246
872.0 0.003745721551240422
873.0 0.00279597588814795
874.0 0.0018462305888533592
875.0 0.0024596032744739205
