lsstCam/transmission_filter_detector/r12_s00/y_10/19700101T000000.ecsv
# %ECSV 1.0
# ---
# datatype:
# - {name: wavelength, unit: nm, datatype: float32}
# - {name: efficiency, unit: '%', datatype: float64}
# meta: !!omap
# - {MODE: DETECTOR}
# - {TYPE: transmission_filter_detector}
# - {CALIBDATE: '1970-01-01T00:00:00'}
# - {INSTRUME: LSSTCam}
# - {OBSTYPE: transmission_filter_detector}
# - {CALIBCLS: lsst.ip.isr.IntermediateFilterDetectorTransmissionCurve}
# - {SOURCE: Materion (DM-46256)}
# - {DETECTOR: 45}
# - {FILTER: y_10}
# - {CALIB_ID: 'calibDate=1970-01-01T00:00:00 filter=y_10 detector=45'}
# - {DATE: '2025-04-02T15:59:50.950300'}
# - {CALIB_CREATION_DATE: '2025-04-02'}
# - {CALIB_CREATION_TIME: '15:59:50'}
# - __serialized_columns__:
#     efficiency:
#       __class__: astropy.units.quantity.Quantity
#       unit: !astropy.units.Unit {unit: '%'}
#       value: !astropy.table.SerializedColumn {name: efficiency}
#     wavelength:
#       __class__: astropy.units.quantity.Quantity
#       unit: !astropy.units.Unit {unit: nm}
#       value: !astropy.table.SerializedColumn {name: wavelength}
# schema: astropy-2.0
wavelength efficiency
[from data line 577]
877.0 0.002140441574738361
878.0 0.0012079079169780016
879.0 0.001782513027137611
880.0 0.06672331946901977
881.0 0.1016179216094315
882.0 0.06826318567618728
883.0 0.09743624250404537
884.0 0.06688415305688977
885.0 0.09051011875271797
886.0 0.07491909782402217
887.0 0.10483430232852697
888.0 0.07380640599876642
889.0 0.09681741357780993
890.0 0.06178903277032077
891.0 0.10077146580442786
892.0 0.06201548385433853
893.0 0.12012862134724855
894.0 0.08224981720559299
895.0 0.12283131945878267
896.0 0.08043299312703311
897.0 0.12590002734214067
898.0 0.09442402515560389
899.0 0.11669498635455966
900.0 0.11596786789596081
901.0 0.1487197238020599
902.0 0.16371160745620728
903.0 0.18667657859623432
904.0 0.21508298814296722
905.0 0.2623278181999922
906.0 0.33409176394343376
907.0 0.43382481671869755
908.0 0.5744825582951307
909.0 0.7811126299202442
910.0 1.1330883018672466
911.0 1.6311749815940857
912.0 2.3756828159093857
913.0 3.5167381167411804
914.0 4.833556339144707
915.0 6.755894422531128
916.0 9.03221219778061
917.0 11.496906727552414
918.0 14.284180104732513
919.0 16.902732849121094
920.0 20.42607069015503
921.0 24.12809729576111
922.0 27.849477529525757
923.0 32.31419920921326
924.0 37.16229200363159
925.0 42.54073202610016
926.0 48.883551359176636
927.0 55.7243287563324
928.0 61.664485931396484
929.0 68.05430054664612
930.0 73.62607717514038
931.0 79.04348373413086
932.0 83.92645716667175
933.0 88.05962204933167
934.0 90.962815284729
935.0 93.01708936691284
936.0 94.56049799919128
937.0 95.63687443733215
938.0 96.33412957191467
939.0 96.6253936290741
940.0 96.95790410041809
941.0 97.09464311599731
942.0 97.28519320487976
943.0 97.32227325439453
944.0 97.55921363830566
945.0 97.4977433681488
946.0 97.62213826179504
947.0 97.59956002235413
948.0 97.69595265388489
949.0 97.57708311080933
950.0 97.74221181869507
951.0 97.79017567634583
952.0 97.85688519477844
953.0 98.09437394142151
954.0 98.22109937667847
955.0 98.20912480354309
956.0 98.4254002571106
957.0 98.6060619354248
958.0 98.7622320652008
959.0 98.79651069641113
960.0 98.90531301498413
961.0 98.92871379852295
962.0 98.96218180656433
963.0 98.98115396499634
964.0 98.98329377174377
965.0 99.01783466339111
966.0 99.06293749809265
967.0 99.15996789932251
968.0 99.14645552635193
969.0 99.14817810058594
970.0 99.20352697372437
971.0 99.20719265937805
972.0 99.29588437080383
973.0 99.3611752986908
974.0 99.33496713638306
975.0 99.36349987983704
976.0 99.4258165359497
977.0 99.36297535896301
978.0 99.42530393600464
979.0 99.3437111377716
980.0 99.33627843856812
981.0 99.23564791679382
982.0 99.17208552360535
983.0 99.19288158416748
984.0 99.15102124214172
985.0 99.19452667236328
986.0 99.03060793876648
987.0 99.12717938423157
988.0 99.00755882263184
989.0 98.98777604103088
990.0 99.0121603012085
991.0 99.02423620223999
992.0 99.09225106239319
993.0 99.06610250473022
994.0 99.06785488128662
995.0 99.06595349311829
996.0 99.07165169715881
997.0 99.2153525352478
998.0 99.25735592842102
999.0 99.29530620574951
1000.0 99.33043718338013
1001.0 99.2872416973114
1002.0 99.37595725059509
1003.0 99.3975579738617
1004.0 99.44210648536682
1005.0 99.35091733932495
1006.0 99.46489334106445
1007.0 99.43782687187195
1008.0 99.42273497581482
1009.0 99.34558868408203
1010.0 99.4299829006195
1011.0 99.38206672668457
1012.0 99.29084777832031
1013.0 99.28078651428223
1014.0 99.27741289138794
1015.0 99.26571249961853
1016.0 99.2693543434143
1017.0 99.26999807357788
1018.0 99.33056831359863
1019.0 99.24417734146118
1020.0 99.31690096855164
1021.0 99.42232966423035
1022.0 99.33918118476868
1023.0 99.38221573829651
1024.0 99.35882687568665
1025.0 99.37098622322083
1026.0 99.42259192466736
1027.0 99.50679540634155
1028.0 99.4596004486084
1029.0 99.54745769500732
1030.0 99.60468411445618
1031.0 99.53208565711975
1032.0 99.54714179039001
1033.0 99.54427480697632
1034.0 99.53017830848694
1035.0 99.57154393196106
1036.0 99.50274229049683
1037.0 99.56269264221191
1038.0 99.51633214950562
1039.0 99.460369348526
1040.0 99.37511682510376
1041.0 99.4331419467926
1042.0 99.3765115737915
1043.0 99.3199110031128
1044.0 99.38127398490906
1045.0 99.12622570991516
1046.0 99.29234385490417
1047.0 99.21099543571472
1048.0 99.3175745010376
1049.0 99.19054508209229
1050.0 99.21090006828308
1051.0 99.17911887168884
1052.0 99.16974306106567
1053.0 99.1833746433258
1054.0 99.32098388671875
1055.0 99.40153360366821
1056.0 99.26597476005554
1057.0 99.37776923179626
1058.0 99.11611080169678
1059.0 99.27371740341187
1060.0 99.30831789970398
1061.0 99.22916293144226
1062.0 99.27496314048767
1063.0 99.22934174537659
1064.0 99.33522939682007
1065.0 99.26451444625854
1066.0 99.31243062019348
1067.0 99.28225874900818
1068.0 99.25817847251892
1069.0 99.09000992774963
1070.0 99.39427375793457
1071.0 99.30247068405151
1072.0 99.39312934875488
1073.0 99.40970540046692
1074.0 99.08581972122192
1075.0 99.11193251609802
1076.0 98.9114761352539
1077.0 99.25485253334045
1078.0 99.38618540763855
1079.0 98.94862771034241
1080.0 99.67107772827148
1081.0 98.80098700523376
1082.0 99.01313781738281
1083.0 98.96354079246521
1084.0 99.24610257148743
1085.0 99.26485419273376
1086.0 99.07488226890564
1087.0 99.29627180099487
1088.0 99.08259510993958
1089.0 98.9968478679657
1090.0 98.93930554389954
1091.0 99.08621311187744
1092.0 99.09418225288391
1093.0 98.90353083610535
1094.0 98.6265480518341
1095.0 98.76159429550171
1096.0 98.80754351615906
1097.0 98.72231483459473
1098.0 98.13099503517151
1099.0 98.8278865814209
1100.0 98.4390377998352
