lsstCam/transmission_filter_detector/r12_s02/r_57/19700101T000000.ecsv
# %ECSV 1.0
# ---
# datatype:
# - {name: wavelength, unit: nm, datatype: float32}
# - {name: efficiency, unit: '%', datatype: float64}
# meta: !!omap
# - {MODE: DETECTOR}
# - {TYPE: transmission_filter_detector}
# - {CALIBDATE: '1970-01-01T00:00:00'}
# - {INSTRUME: LSSTCam}
# - {OBSTYPE: transmission_filter_detector}
# - {CALIBCLS: lsst.ip.isr.IntermediateFilterDetectorTransmissionCurve}
# - {SOURCE: Materion (DM-46256)}
# - {DETECTOR: 47}
# - {FILTER: r_57}
# - {CALIB_ID: 'calibDate=1970-01-01T00:00:00 filter=r_57 detector=47'}
# - {DATE: '2025-04-02T15:59:44.402347'}
# - {CALIB_CREATION_DATE: '2025-04-02'}
# - {CALIB_CREATION_TIME: '15:59:44'}
# - __serialized_columns__:
#     efficiency:
#       __class__: astropy.units.quantity.Quantity
#       unit: !astropy.units.Unit {unit: '%'}
#       value: !astropy.table.SerializedColumn {name: efficiency}
#     wavelength:
#       __class__: astropy.units.quantity.Quantity
#       unit: !astropy.units.Unit {unit: nm}
#       value: !astropy.table.SerializedColumn {name: wavelength}
# schema: astropy-2.0
wavelength efficiency
[from data line 603]
903.0 1.599846448895048e-10
904.0 1.599846448895048e-10
905.0 2.105521446083003e-05
906.0 1.599846448895048e-10
907.0 1.599846448895048e-10
908.0 1.599846448895048e-10
909.0 1.599846448895048e-10
910.0 1.599846448895048e-10
911.0 1.599846448895048e-10
912.0 1.599846448895048e-10
913.0 1.599846448895048e-10
914.0 1.599846448895048e-10
915.0 4.319132074215304e-05
916.0 1.1312738479318796e-05
917.0 1.599846448895048e-10
918.0 4.1058856936615484e-05
919.0 0.00010268348660247284
920.0 1.93350317090335e-05
921.0 1.599846448895048e-10
922.0 7.800512094036094e-05
923.0 0.00022002366222295677
924.0 0.000234778394769819
925.0 0.0002495331273166812
926.0 0.00019507035631249892
927.0 0.00014060758530831663
928.0 0.00016278521570711746
929.0 0.00018496281199986697
930.0 0.00020895397483400302
931.0 0.00023294517177419038
932.0 0.00010607199101286824
933.0 1.599846448895048e-10
934.0 0.00011582118304431788
935.0 0.0002524434648876195
936.0 0.00023786792553437408
937.0 0.00022329238618112868
938.0 0.00024345288238691865
939.0 0.0002636133785927086
940.0 0.0002610563797134091
941.0 0.0002584993808341096
942.0 0.0003754824092538911
943.0 0.000492465414936305
944.0 0.00033945027553272666
945.0 0.0001864351361291483
946.0 0.000263547394752095
947.0 0.0003406596079003066
948.0 0.00045201154534879606
949.0 0.0005633635737467557
950.0 0.0005289145065034973
951.0 0.0004944654392602388
952.0 0.0006719188604620285
953.0 0.0008493724635627586
954.0 0.0011429575351940002
955.0 0.0014365427887241822
956.0 0.0014508282220049296
957.0 0.001465113655285677
958.0 0.00165914862009231
959.0 0.0018531838577473536
960.0 0.001969637924048584
961.0 0.002086092354147695
962.0 0.002237392072856892
963.0 0.0023886921553639695
964.0 0.002440650132484734
965.0 0.0024926079277065583
966.0 0.002488316204107832
967.0 0.002484024480509106
968.0 0.0024292188754770905
969.0 0.0023744134523440152
970.0 0.002485259756213054
971.0 0.0025961064238799736
972.0 0.0026297595468349755
973.0 0.0026634123059920967
974.0 0.002896616206271574
975.0 0.003129820106551051
976.0 0.003196584657416679
977.0 0.003263348844484426
978.0 0.003170927448081784
979.0 0.003078506051679142
980.0 0.0029529332095989957
981.0 0.00282736054941779
982.0 0.0029480284865712747
983.0 0.003068696241825819
984.0 0.003034756264241878
985.0 0.0030008164685568772
986.0 0.002887768096115906
987.0 0.0027747199055738747
988.0 0.002576146289356984
989.0 0.002377572855039034
990.0 0.0024171435143216513
991.0 0.0024567145374021493
992.0 0.002509192199795507
993.0 0.002561670225986745
994.0 0.002657328332134057
995.0 0.002752986256382428
996.0 0.0028101900170440786
997.0 0.0028673935958067887
998.0 0.0030303490348160267
999.0 0.003193304655724205
1000.0 0.0032757096050772816
1001.0 0.003358114554430358
1002.0 0.003570830449461937
1003.0 0.003783546344493516
1004.0 0.0039130962250055745
1005.0 0.004042646469315514
1006.0 0.004245174932293594
1007.0 0.0044477037590695545
1008.0 0.004378111407277174
1009.0 0.004308518691686913
1010.0 0.004273422746337019
1011.0 0.0042383268009871244
1012.0 0.0042196719732601196
1013.0 0.004201017145533115
1014.0 0.003943326373700984
1015.0 0.0036856352380709723
1016.0 0.003501744140521623
1017.0 0.003317853042972274
1018.0 0.002952115028165281
1019.0 0.0025863775590551086
1020.0 0.002188593862229027
1021.0 0.0017908099835040048
1022.0 0.0015818324754945934
1023.0 0.0013728547855862416
1024.0 0.0014468439985648729
1025.0 0.0015208333934424445
1026.0 0.0013580530321632978
1027.0 0.0011952724889852107
1028.0 0.001155017343990039
1029.0 0.0011147621080453973
1030.0 0.0010233242392132524
1031.0 0.0009318856427853461
1032.0 0.0009310444511356764
1033.0 0.0009302028956881259
1034.0 0.0008878633707354311
1035.0 0.0008455237548332661
1036.0 0.0008427528882748447
1037.0 0.0008399817488680128
1038.0 0.000738247172193951
1039.0 0.0006365126864693593
1040.0 0.0006957465302548371
1041.0 0.0007549803285655798
1042.0 0.0008764921403781045
1043.0 0.0009980034519685432
1044.0 0.0009196813152811956
1045.0 0.0008413593604927883
1046.0 0.0008490697837260086
1047.0 0.0008567804798076395
1048.0 0.0007530037237302167
1049.0 0.0006492270586022642
1050.0 0.0006500626113847829
1051.0 0.0006508980732178316
1052.0 0.0008700998478161637
1053.0 0.0010893010767176747
1054.0 0.0008917642844608054
1055.0 0.0006942272648302605
1056.0 0.0007766233466099948
1057.0 0.0008590196557634044
1058.0 0.000831952002045
1059.0 0.0008048845302255359
1060.0 0.001046730176312849
1061.0 0.0012885753676528111
1062.0 0.0014338208529807162
1063.0 0.0015790665202075616
1064.0 0.001141927896242123
1065.0 0.0007047891358524794
1066.0 0.001143755162047455
1067.0 0.0015827212337171659
1068.0 0.0018258650015923195
1069.0 0.002069008223770652
1070.0 0.0014008567632117774
1071.0 0.0007327051662286976
1072.0 0.0011094568435510155
1073.0 0.0014862086572975386
1074.0 0.0021238107365206815
1075.0 0.0027614127247943543
1076.0 0.0030416815206990577
1077.0 0.003321950134704821
1078.0 0.0038906422560103238
1079.0 0.004459334377315827
1080.0 0.004317805723985657
1081.0 0.004176276706857607
1082.0 0.004055079989484511
1083.0 0.003933883635909297
1084.0 0.004215207445668057
1085.0 0.004496530527831055
1086.0 0.004722500307252631
1087.0 0.004948470086674206
1088.0 0.0047849855036474764
1089.0 0.004621501284418628
1090.0 0.004622744381777011
1091.0 0.004623987115337513
1092.0 0.004078763595316559
1093.0 0.003533539711497724
1094.0 0.003957936860388145
1095.0 0.004382333645480685
1096.0 0.0034414566471241415
1097.0 0.002500579648767598
1098.0 0.001978783438971732
1099.0 0.0014569875929737464
1100.0 0.0015766945580253378
1101.0 0.0016964011592790484
