lsstCam/transmission_filter_detector/r12_s02/r_57/19700101T000000.ecsv
# %ECSV 1.0
# ---
# datatype:
# - {name: wavelength, unit: nm, datatype: float32}
# - {name: efficiency, unit: '%', datatype: float64}
# meta: !!omap
# - {MODE: DETECTOR}
# - {TYPE: transmission_filter_detector}
# - {CALIBDATE: '1970-01-01T00:00:00'}
# - {INSTRUME: LSSTCam}
# - {OBSTYPE: transmission_filter_detector}
# - {CALIBCLS: lsst.ip.isr.IntermediateFilterDetectorTransmissionCurve}
# - {SOURCE: Materion (DM-46256)}
# - {DETECTOR: 47}
# - {FILTER: r_57}
# - {CALIB_ID: 'calibDate=1970-01-01T00:00:00 filter=r_57 detector=47'}
# - {DATE: '2025-04-02T15:59:44.402347'}
# - {CALIB_CREATION_DATE: '2025-04-02'}
# - {CALIB_CREATION_TIME: '15:59:44'}
# - __serialized_columns__:
#     efficiency:
#       __class__: astropy.units.quantity.Quantity
#       unit: !astropy.units.Unit {unit: '%'}
#       value: !astropy.table.SerializedColumn {name: efficiency}
#     wavelength:
#       __class__: astropy.units.quantity.Quantity
#       unit: !astropy.units.Unit {unit: nm}
#       value: !astropy.table.SerializedColumn {name: wavelength}
# schema: astropy-2.0
wavelength efficiency
300.0 0.001704506212263368
301.0 0.005382880772231147
302.0 0.009061256423592567
303.0 0.01168808521470055
304.0 0.014314915461000055
305.0 0.012778837117366493
306.0 0.011242759501328692
307.0 0.009898228017846122
308.0 0.008553695806767792
309.0 0.007769924559397623
310.0 0.0069861518568359315
311.0 0.006431483780033886
312.0 0.005876812429050915
313.0 0.005104729279992171
314.0 0.004332645403337665
315.0 0.003897239366779104
316.0 0.0034618326026247814
317.0 0.0034581673389766365
318.0 0.0034545024391263723
319.0 0.0031078714528121054
320.0 0.002761240648396779
321.0 0.0027764388505602255
322.0 0.0027916375984204933
323.0 0.002644813503138721
324.0 0.002497989589755889
325.0 0.0024754792320891283
326.0 0.0024529694201191887
327.0 0.0023244760086527094
328.0 0.0021959824152872898
329.0 0.002157590824936051
330.0 0.002119199234584812
331.0 0.002152868728444446
332.0 0.0021865382223040797
333.0 0.0019243600036134012
334.0 0.0016621816030237824
335.0 0.001415001679561101
336.0 0.0011678218470478896
337.0 0.0011072198503825348
338.0 0.00104661785371718
339.0 0.0009540824066789355
340.0 0.0008615468686912209
341.0 0.0008727149179321714
342.0 0.0008838828762236517
343.0 0.0007628877938259393
344.0 0.0006418929388019023
345.0 0.0006681849299638998
346.0 0.0006944771484995726
347.0 0.0007168048341554822
348.0 0.0007391325652861269
349.0 0.0007111064860509941
350.0 0.005571895235334523
351.0 0.005706919182557613
352.0 0.005841942765982822
353.0 0.00489537778776139
354.0 0.0039488131733378395
355.0 0.004469188206712715
356.0 0.004989564331481233
357.0 0.006656644109170884
358.0 0.008323724614456296
359.0 0.006296853825915605
360.0 0.004269983401172794
361.0 0.0029806087695760652
362.0 0.001691233592282515
363.0 0.0026071853426401503
364.0 0.0035231369110988453
365.0 0.00345933876815252
366.0 0.0033955409890040755
367.0 0.0029188577173044905
368.0 0.002442174263705965
369.0 0.002001377106353175
370.0 0.0015605799490003847
371.0 0.0017965539882425219
372.0 0.002032528027484659
373.0 0.002486172343196813
374.0 0.002939816658908967
375.0 0.0028014695999445394
376.0 0.002663123086676933
377.0 0.0011555423952813726
378.0 1.599846448895048e-10
379.0 0.0005863393198524136
380.0 0.001524716935819015
381.0 0.002626244713610504
382.0 0.003727773218997754
383.0 0.0033703778171911836
384.0 0.0030129825972835533
385.0 0.004284852184355259
386.0 0.005556721589528024
387.0 0.0048099584091687575
388.0 0.004063195228809491
389.0 0.003336576628498733
390.0 0.002609957300592214
391.0 0.0020630834114854224
392.0 0.0015162094314291608
393.0 0.0016191735994652845
394.0 0.0017221374946529977
395.0 0.0012293096915527713
396.0 0.0007364820703514852
397.0 0.0007467162959073903
398.0 0.0007569509307359112
399.0 0.000571125747228507
400.0 0.00038530015444848686
401.0 0.00010559539305177168
402.0 1.599846448895048e-10
403.0 7.406002282550617e-05
404.0 0.00032223010748566594
405.0 0.0008058427738433238
406.0 0.0012894553037767764
407.0 0.0017991244021686725
408.0 0.002308793227712158
409.0 0.0018303609977010638
410.0 0.001351928585791029
411.0 0.0010228785868093837
412.0 0.0006938285423530033
413.0 0.0007467235718650045
414.0 0.0007996185559022706
415.0 0.0008535927918273956
416.0 0.0009075672096514609
417.0 0.001492675619374495
418.0 0.0020777846657438204
419.0 0.002368058449064847
420.0 0.002658332414284814
421.0 0.003996173109044321
422.0 0.005334013621904887
423.0 0.008162326412275434
424.0 0.010990637383656576
425.0 0.01514086325187236
426.0 0.019291084026917815
427.0 0.019981508376076818
428.0 0.020671934180427343
429.0 0.015872259973548353
430.0 0.011072585766669363
431.0 0.00782901406637393
432.0 0.004585440910886973
433.0 0.003634914173744619
434.0 0.0026843868909054436
435.0 0.002142807534255553
436.0 0.0016012276319088414
437.0 0.0014158888006932102
438.0 0.0012305504242249299
439.0 0.0010101374755322468
440.0 0.0007897246177890338
441.0 0.0010995923730661161
442.0 0.0014094601283431984
443.0 0.0017270715034101158
444.0 0.0020446830603759736
445.0 0.0019328363123349845
446.0 0.0018209893823950551
447.0 0.0015535555576207116
448.0 0.0012861220056947786
449.0 0.0012513088222476654
450.0 0.0012164952750026714
451.0 0.00139924213726772
452.0 0.0015819890904822387
453.0 0.0015311710740206763
454.0 0.0014803532394580543
455.0 0.0013581892744696233
456.0 0.0012360254913801327
457.0 0.0008916736078390386
458.0 0.0005473218152474146
459.0 0.000791459660831606
460.0 0.001035597324516857
461.0 0.0015755351341795176
462.0 0.0021154726709937677
463.0 0.002835909072018694
464.0 0.0035563454730436206
465.0 0.004557453939924017
466.0 0.005558562043006532
467.0 0.006190460408106446
468.0 0.006822360592195764
469.0 0.005885837890673429
470.0 0.004949317008140497
471.0 0.003760414256248623
472.0 0.0025715111405588686
473.0 0.002136221155524254
474.0 0.0017009308066917583
475.0 0.0014102234672463965
476.0 0.0011195164006494451
477.0 0.0008708823770575691
478.0 0.0006222483534656931
479.0 0.0008594261089456268
480.0 0.00109660368252662
481.0 0.0008311442798003554
482.0 0.000565685013498296
483.0 0.0006273272447288036
484.0 0.000688969339535106
485.0 0.0006125545951363165
486.0 0.0005361397143133217
487.0 0.0005377009529183852
488.0 0.0005392621460487135
489.0 0.0005622723165288335
490.0 0.0005852824870089535
491.0 0.0007290633675438585
492.0 0.0008728442480787635
493.0 0.0009735225830809213
494.0 0.0010742010999820195
495.0 0.0009452011909161229
496.0 0.000816201190900756
497.0 0.001084191353584174
498.0 0.0013521813343686517
499.0 0.0013120791663823184
500.0 0.0012719770893454552
501.0 0.001466632693336578
502.0 0.0016612884792266414
503.0 0.0020225306798238307
504.0 0.0023837726985220797
505.0 0.002814394611050375
506.0 0.0032450167054776102
507.0 0.0038879970816196874
508.0 0.004530977093963884
509.0 0.00508857992826961
510.0 0.005646182034979574
511.0 0.004999380689696409
512.0 0.0043525789806153625
513.0 0.0037518166209338233
514.0 0.003151054261252284
515.0 0.002947125358332414
516.0 0.0027431964554125443
517.0 0.0025208404622389935
518.0 0.0022984842871665023
519.0 0.04844574723392725
520.0 0.022916894522495568
521.0 0.10026126401498914
522.0 0.08338389452546835
523.0 0.08109429618343711
524.0 0.14940041583031416
525.0 0.11501163244247437
526.0 0.11003073304891586
527.0 0.09012126247398555
528.0 0.06789879989810288
529.0 0.13395166024565697
530.0 0.1359406393021345
531.0 0.1799131860025227
532.0 0.1967826159670949
533.0 0.2906397683545947
534.0 0.36565845366567373
535.0 0.4526331555098295
536.0 0.5643265321850777
537.0 0.7950705476105213
538.0 1.213910337537527
539.0 1.918754167854786
540.0 3.1634382903575897
541.0 4.734377562999725
542.0 6.9686733186244965
543.0 9.856858849525452
544.0 13.370682299137115
545.0 17.31153130531311
546.0 21.96827530860901
547.0 27.9779851436615
548.0 35.54564714431763
549.0 43.36930811405182
550.0 50.54810047149658
551.0 58.12788009643555
552.0 64.01709318161011
553.0 69.44901943206787
554.0 73.36538434028625
555.0 77.56265997886658
556.0 81.59696459770203
557.0 84.51669216156006
558.0 87.85878419876099
559.0 91.15452766418457
560.0 91.91710948944092
561.0 93.87539625167847
562.0 95.0329840183258
563.0 94.58572268486023
564.0 95.343017578125
565.0 95.09877562522888
566.0 95.29892802238464
567.0 95.0387716293335
568.0 95.45015692710876
569.0 96.09396457672119
570.0 95.21963000297546
571.0 96.43850326538086
572.0 96.27842903137207
573.0 96.32874131202698
574.0 97.09706902503967
575.0 96.63969874382019
576.0 97.15080261230469
577.0 96.54402732849121
578.0 96.51886820793152
579.0 96.67035341262817
580.0 96.29089832305908
581.0 96.13506197929382
582.0 96.11026048660278
583.0 96.5902328491211
584.0 95.92840075492859
585.0 95.9743320941925
586.0 96.308833360672
587.0 95.58454751968384
588.0 96.17102146148682
589.0 96.96206450462341
590.0 96.24520540237427
591.0 95.77882885932922
592.0 95.51171660423279
593.0 95.24683356285095
594.0 95.2820897102356
595.0 95.8160400390625
596.0 96.55084013938904
597.0 96.86478972434998
598.0 96.48088812828064
599.0 96.3149905204773
600.0 96.5660572052002
601.0 95.50364017486572
602.0 96.29087448120117
603.0 95.99705338478088
604.0 96.17025256156921
605.0 96.28987908363342
606.0 95.7046389579773
607.0 95.69051861763
608.0 95.84456086158752
609.0 95.15276551246643
610.0 95.47127485275269
611.0 95.7689106464386
612.0 95.53999900817871
613.0 96.65800929069519
614.0 96.52490019798279
615.0 95.76553106307983
616.0 96.1763083934784
617.0 96.01287245750427
618.0 95.78256607055664
619.0 96.51132225990295
620.0 96.10288739204407
621.0 95.20604014396667
622.0 96.26252055168152
623.0 96.16972804069519
624.0 96.22579216957092
625.0 96.47042751312256
626.0 95.85286974906921
627.0 94.92962956428528
628.0 96.96173667907715
629.0 95.11802792549133
630.0 95.98855376243591
631.0 95.86036801338196
632.0 96.41287326812744
633.0 96.25593423843384
634.0 95.41047811508179
635.0 96.03282809257507
636.0 95.75251936912537
637.0 95.16012668609619
638.0 95.3595221042633
639.0 95.2754557132721
640.0 95.18793821334839
641.0 95.45325040817261
642.0 95.71092128753662
643.0 95.5640196800232
644.0 95.74496150016785
645.0 96.08626365661621
646.0 95.87354063987732
647.0 97.05034494400024
648.0 95.92580199241638
649.0 95.7000195980072
650.0 95.75790762901306
651.0 96.63856625556946
652.0 96.66560888290405
653.0 95.7241952419281
654.0 96.32090330123901
655.0 96.22200131416321
656.0 95.52209973335266
657.0 95.67069411277771
658.0 95.79457640647888
659.0 96.1544930934906
660.0 95.47902345657349
661.0 95.2402651309967
662.0 95.75406312942505
663.0 95.53555250167847
664.0 95.02224922180176
665.0 95.30778527259827
666.0 95.19485831260681
667.0 95.64133882522583
668.0 94.78059411048889
669.0 95.5061137676239
670.0 95.50198316574097
671.0 95.39662003517151
672.0 95.052170753479
673.0 95.23053765296936
674.0 94.85161304473877
675.0 95.62638998031616
676.0 94.89845037460327
677.0 93.67780685424805
678.0 93.20902824401855
679.0 92.55725145339966
680.0 91.3797676563263
681.0 90.40687680244446
682.0 88.26631307601929
683.0 85.49142479896545
684.0 82.15042352676392
685.0 78.7846565246582
686.0 74.74364042282104
687.0 70.26256322860718
688.0 65.9445583820343
689.0 61.32402420043945
690.0 56.23101592063904
691.0 52.147334814071655
692.0 47.43669033050537
693.0 42.943644523620605
694.0 38.01177442073822
695.0 33.06382596492767
696.0 27.773505449295044
697.0 22.661803662776947
698.0 17.012056708335876
699.0 12.48902827501297
700.0 8.799249678850174
701.0 5.590132251381874
702.0 3.515946865081787
703.0 2.0927226170897484
704.0 1.2355001643300056
705.0 0.6795662920922041
706.0 0.3984864801168442
707.0 0.31405172776430845
708.0 0.2420806558802724
709.0 0.1334954984486103
710.0 0.10350903030484915
711.0 0.10380549356341362
712.0 0.06469080108217895
713.0 0.0799613248091191
714.0 0.07300409488379955
715.0 0.056707882322371006
716.0 0.003959537571063265
717.0 1.599846448895048e-10
718.0 0.07947130361571908
719.0 0.096604268765077
720.0 1.599846448895048e-10
721.0 0.004532455932348967
722.0 0.00425684847868979
723.0 0.003981241025030613
724.0 0.0037208454159554094
725.0 0.003460449443082325
726.0 0.003223946623620577
727.0 0.002987443804158829
728.0 0.002814303843479138
729.0 0.0026411637009005062
730.0 0.0024462080546072684
731.0 0.0022512529540108517
732.0 0.002259287066408433
733.0 0.002267321542603895
734.0 0.0021765230485470966
735.0 0.002085724554490298
736.0 0.0018585813450044952
737.0 0.0016314381355186924
738.0 0.001617794987396337
739.0 0.0016041516573750414
740.0 0.0015783150956849568
741.0 0.0015524790796916932
742.0 0.0014520634067594074
743.0 0.0013516477338271216
744.0 0.0014053869563213084
745.0 0.0014591259059670847
746.0 0.0014072115845920052
747.0 0.0013552972632169258
748.0 0.0012008466001134366
749.0 0.001046395755111007
750.0 0.0010409007700218353
751.0 0.0010354061487305444
752.0 0.0011064001228078268
753.0 0.0011773941878345795
754.0 0.0011546871974132955
755.0 0.0011319806617393624
756.0 0.0011075256225012708
757.0 0.0010830704923137091
758.0 0.001134696776716737
759.0 0.0011863228792208247
760.0 0.0011275938049948309
761.0 0.0010688649126677774
762.0 0.00110153350760811
763.0 0.0011342024663463235
764.0 0.001079104549717158
765.0 0.0010240067240374628
766.0 0.0008295493898913264
767.0 0.0006350919193209847
768.0 0.0006482078333647223
769.0 0.0006613236109842546
770.0 0.000769696544011822
771.0 0.0008780695679888595
772.0 0.0007926298167149071
773.0 0.0007071898835420143
774.0 0.0008226035788538866
775.0 0.0009380172741657589
776.0 0.0008825611075735651
777.0 0.0008271050319308415
778.0 0.0008776387403486297
779.0 0.0009281724487664178
780.0 0.0008048885320022237
781.0 0.0006816045697632944
782.0 0.0007378268492175266
783.0 0.0007940489012980834
784.0 0.0008798116141406354
785.0 0.0009655740541347768
786.0 0.000792901664681267
787.0 0.0006202293661772273
788.0 0.0006418357315851608
789.0 0.0006634422334172996
790.0 0.0006898907486174721
791.0 0.0007163392183429096
792.0 0.0007559451660199556
793.0 0.0007955511136970017
794.0 0.0007997547982085962
795.0 0.00080395811892231
796.0 0.0007128324341465486
797.0 0.000621706612946582
798.0 0.0007332797849812778
799.0 0.0008448528205917682
800.0 0.0007690076927246992
801.0 0.0006931623829586897
802.0 0.0005883717676624656
803.0 0.000483580924992566
804.0 0.0006419157216441818
805.0 0.0008002505637705326
806.0 0.0007009068212937564
807.0 0.0006015630788169801
808.0 0.000728341365174856
809.0 0.000855119651532732
810.0 0.00075124326031073
811.0 0.0006473670964624034
812.0 0.0006288155418587849
813.0 0.0006102639417804312
814.0 0.0005229204361967277
815.0 0.00043557697608775925
816.0 0.0005839328423462575
817.0 0.0007322887540794909
818.0 0.0007165589522628579
819.0 0.0007008291049714899
820.0 0.0005507773039425956
821.0 0.00040072550291370135
822.0 0.00039847923289926257
823.0 0.0003962330083595589
824.0 0.0004438564701558789
825.0 0.0004914799774269341
826.0 0.0005756040991400369
827.0 0.0006597282208531396
828.0 0.00047711819206597283
829.0 0.00029450827696564374
830.0 0.0001619229806237854
831.0 2.9337707019294612e-05
832.0 2.1822815199357137e-05
833.0 1.430792053724872e-05
834.0 1.5556793186988216e-05
835.0 1.6805631730676396e-05
836.0 0.00031680899610364577
837.0 0.0006168125310068717
838.0 0.0007651363375771325
839.0 0.0009134601896221284
840.0 0.001245292241947027
841.0 0.0015771242033224553
842.0 0.002015047357417643
843.0 0.002452970511512831
844.0 0.0022962980438023806
845.0 0.0021396255760919303
846.0 0.001957726817636285
847.0 0.0017758278772816993
848.0 0.0017922755432664417
849.0 0.001808723209251184
850.0 0.0016502419384778477
851.0 0.0014917608496034518
852.0 0.0013481325368047692
853.0 0.001204503951157676
854.0 0.001044395048666047
855.0 0.0008842858733260073
856.0 0.0007043196546874242
857.0 0.0005243534815235762
858.0 0.0005676983164448757
859.0 0.000611043060416705
860.0 0.00048758315642771777
861.0 0.00036412318422662793
862.0 0.0003501795845295419
863.0 0.00033623598483245587
864.0 0.0002237801936644246
865.0 0.00011132444797112839
866.0 0.0001144553039011953
867.0 0.00011758612572521088
868.0 0.00015098402172952774
869.0 0.00018438188362779329
870.0 2.6628973159859015e-05
871.0 1.599846448895048e-10
872.0 1.599846448895048e-10
873.0 1.599846448895048e-10
874.0 1.599846448895048e-10
875.0 1.599846448895048e-10
876.0 1.599846448895048e-10
877.0 3.984225429576327e-05
878.0 0.00011014302572220913
879.0 0.00018044376020043273
880.0 0.00016649479448460625
881.0 0.0001525457719253609
882.0 0.00017260341564906412
883.0 0.00019266110484750243
884.0 3.242925856739021e-05
885.0 1.599846448895048e-10
886.0 1.599846448895048e-10
887.0 2.0452682747418294e-05
888.0 0.00010942568451355328
889.0 0.0001983986749110045
890.0 0.00017629236026550643
891.0 0.00015418602288264083
892.0 3.520099767229112e-05
893.0 1.599846448895048e-10
894.0 1.599846448895048e-10
895.0 1.599846448895048e-10
896.0 2.7974715521850158e-05
897.0 6.346445502458664e-05
898.0 0.00010254344715576735
899.0 0.00014162243360260618
900.0 8.250482324001496e-05
901.0 2.338719866656902e-05
