lsstCam/transmission_filter_detector/r41_s01/u_24/19700101T000000.ecsv
# %ECSV 1.0
# ---
# datatype:
# - {name: wavelength, unit: nm, datatype: float32}
# - {name: efficiency, unit: '%', datatype: float64}
# meta: !!omap
# - {MODE: DETECTOR}
# - {TYPE: transmission_filter_detector}
# - {CALIBDATE: '1970-01-01T00:00:00'}
# - {INSTRUME: LSSTCam}
# - {OBSTYPE: transmission_filter_detector}
# - {CALIBCLS: lsst.ip.isr.IntermediateFilterDetectorTransmissionCurve}
# - {SOURCE: Materion (DM-46256)}
# - {DETECTOR: 163}
# - {FILTER: u_24}
# - {CALIB_ID: 'calibDate=1970-01-01T00:00:00 filter=u_24 detector=163'}
# - {DATE: '2025-04-02T15:59:40.505927'}
# - {CALIB_CREATION_DATE: '2025-04-02'}
# - {CALIB_CREATION_TIME: '15:59:40'}
# - __serialized_columns__:
#     efficiency:
#       __class__: astropy.units.quantity.Quantity
#       unit: !astropy.units.Unit {unit: '%'}
#       value: !astropy.table.SerializedColumn {name: efficiency}
#     wavelength:
#       __class__: astropy.units.quantity.Quantity
#       unit: !astropy.units.Unit {unit: nm}
#       value: !astropy.table.SerializedColumn {name: wavelength}
# schema: astropy-2.0
wavelength efficiency
[from data line 582]
877.0 0.0028465501600294374
878.0 0.0031002255127532408
879.0 0.003228291461709887
880.0 0.003356357046868652
881.0 0.003325290890643373
882.0 0.003294225098215975
883.0 0.0031801220757188275
884.0 0.0030660190532216802
885.0 0.0030640534532722086
886.0 0.003062087489524856
887.0 0.002957404649350792
888.0 0.0028527214453788474
889.0 0.0028920754630235024
890.0 0.002931429298769217
891.0 0.0030019313271623105
892.0 0.0030724331736564636
893.0 0.0031184550607576966
894.0 0.0031644769478589296
895.0 0.0033745032851584256
896.0 0.0035845296224579215
897.0 0.0035490866139298305
898.0 0.00351364396919962
899.0 0.003586708044167608
900.0 0.003659772119135596
901.0 0.004002206333098002
902.0 0.004344640547060408
903.0 0.004681694190367125
904.0 0.005018747833673842
905.0 0.004963791070622392
906.0 0.004908834307570942
907.0 0.005269522443995811
908.0 0.005630210944218561
909.0 0.005585039252764545
910.0 0.00553986792510841
911.0 0.005485525980475359
912.0 0.005431183672044426
913.0 0.005466267975862138
914.0 0.0055013526434777305
915.0 0.005146851617610082
916.0 0.004792350227944553
917.0 0.004716143666882999
918.0 0.004639936742023565
919.0 0.004844259092351422
920.0 0.005048581806477159
921.0 0.005060816693003289
922.0 0.0050730519433273
923.0 0.0052260380471125245
924.0 0.005379025242291391
925.0 0.0058679503126768395
926.0 0.006356874655466527
927.0 0.0066757333115674555
928.0 0.006994591240072623
929.0 0.0072118382377084345
930.0 0.0074290859629400074
931.0 0.0074131094152107835
932.0 0.0073971328674815595
933.0 0.007529756112489849
934.0 0.007662379357498139
935.0 0.007642723358003423
936.0 0.007623066630912945
937.0 0.007057924085529521
938.0 0.006492782267741859
939.0 0.006317906081676483
940.0 0.006143029895611107
941.0 0.005778982085757889
942.0 0.00541493391210679
943.0 0.004913737939205021
944.0 0.004412541966303252
945.0 0.00374066767108161
946.0 0.0030687930120620877
947.0 0.0027505291654961184
948.0 0.002432265318930149
949.0 0.0019199644157197326
950.0 0.001407663421559846
951.0 0.0013740831491304561
952.0 0.0013405030586000066
953.0 0.0014516920600726735
954.0 0.0015628809705958702
955.0 0.0017400958313373849
956.0 0.0019173106920788996
957.0 0.002092929935315624
958.0 0.002268549178552348
959.0 0.002736408350756392
960.0 0.003204267704859376
961.0 0.003652784653240815
962.0 0.004101301601622254
963.0 0.004288152922526933
964.0 0.004475004243431613
965.0 0.004903304579784162
966.0 0.005331604916136712
967.0 0.005058288661530241
968.0 0.004784972770721652
969.0 0.004836244625039399
970.0 0.004887516115559265
971.0 0.005044009230914526
972.0 0.005200502346269786
973.0 0.005013330883230083
974.0 0.004826159420190379
975.0 0.004647418245440349
976.0 0.004468677070690319
977.0 0.004151701432419941
978.0 0.0038347257941495627
979.0 0.003710612509166822
980.0 0.003586499224184081
981.0 0.003322244083392434
982.0 0.003057988578802906
983.0 0.0030152115868986584
984.0 0.0029724347768933512
985.0 0.003127113450318575
986.0 0.0032817919418448582
987.0 0.0037571455322904512
988.0 0.004232498395140283
989.0 0.004818286470253952
990.0 0.00540407418156974
991.0 0.00617768382653594
992.0 0.006951292743906379
993.0 0.007410698162857443
994.0 0.007870102854212746
995.0 0.007981534145073965
996.0 0.008092965435935184
997.0 0.007830714457668364
998.0 0.007568463479401544
999.0 0.007133905455702916
1000.0 0.006699349614791572
1001.0 0.006282938556978479
1002.0 0.005866528226761147
1003.0 0.005435237835627049
1004.0 0.005003947808290832
1005.0 0.0049342092097504064
1006.0 0.004864470611209981
1007.0 0.004727134364657104
1008.0 0.0045897973905084655
1009.0 0.004521820665104315
1010.0 0.004453843939700164
1011.0 0.003961363108828664
1012.0 0.003468881914159283
1013.0 0.003060379094677046
1014.0 0.0026518760932958685
1015.0 0.002264448266942054
1016.0 0.0018770204405882396
1017.0 0.0018648173863766715
1018.0 0.0018526143321651034
1019.0 0.001703598718449939
1020.0 0.001554583286633715
1021.0 0.0015058929420774803
1022.0 0.0014572026884707157
1023.0 0.0014941533663659357
1024.0 0.0015311041352106258
1025.0 0.0015732282918179408
1026.0 0.001615352630324196
1027.0 0.001724034700600896
1028.0 0.0018327169527765363
1029.0 0.0018897537302109413
1030.0 0.0019467905076453462
1031.0 0.0020067272998858243
1032.0 0.002066664455924183
1033.0 0.002109365595970303
1034.0 0.0021520667360164225
1035.0 0.0021714218746637926
1036.0 0.0021907770133111626
1037.0 0.0021845035007572733
1038.0 0.0021782301701023243
1039.0 0.0024986131393234245
1040.0 0.002818996290443465
1041.0 0.00239653600146994
1042.0 0.0019740757124964148
1043.0 0.002229246820206754
1044.0 0.0024844177460181527
1045.0 0.0022277661628322676
1046.0 0.0019711142158485018
1047.0 0.002324528213648591
1048.0 0.002677942393347621
1049.0 0.0023202075681183487
1050.0 0.0019624727428890765
1051.0 0.0017813987142289989
1052.0 0.0016003243217710406
1053.0 0.0014542082681145985
1054.0 0.0013080923054076266
1055.0 0.001763012187439017
1056.0 0.0022179321604198776
1057.0 0.0015671164874220267
1058.0 0.000916301451070467
1059.0 0.001528990651422646
1060.0 0.0021416801246232353
1061.0 0.0017017198842950165
1062.0 0.0012617596439667977
1063.0 0.0017369600755046122
1064.0 0.002212160688941367
1065.0 0.0012238411727594212
1066.0 0.00023552154289063765
1067.0 0.0007370882940449519
1068.0 0.0012386550224618986
1069.0 0.0013086898434266914
1070.0 0.0013787244824925438
1071.0 0.00172098443727009
1072.0 0.002063244392047636
1073.0 0.0026001611331594177
1074.0 0.003137077874271199
1075.0 0.0030838604288874194
1076.0 0.0030306428016046993
1077.0 0.0034647098800633103
1078.0 0.0038987771404208615
1079.0 0.00415944705309812
1080.0 0.004420116965775378
1081.0 0.0047324450861196965
1082.0 0.005044773570261896
1083.0 0.004473025182960555
1084.0 0.003901277159457095
1085.0 0.004694851668318734
1086.0 0.005488426540978253
1087.0 0.005171825614525005
1088.0 0.004855225051869638
1089.0 0.004299220745451748
1090.0 0.003743216802831739
1091.0 0.0031531864806311205
1092.0 0.002563156340329442
1093.0 0.003431510049267672
1094.0 0.004299863212509081
1095.0 0.003467770147835836
1096.0 0.0026356759917689487
1097.0 0.0028027747248415835
1098.0 0.002969872730318457
1099.0 0.0050250233471160755
1100.0 0.007080173963913694
