lsstCam/transmission_filter_detector/r41_s01/u_24/19700101T000000.ecsv
# %ECSV 1.0
# ---
# datatype:
# - {name: wavelength, unit: nm, datatype: float32}
# - {name: efficiency, unit: '%', datatype: float64}
# meta: !!omap
# - {MODE: DETECTOR}
# - {TYPE: transmission_filter_detector}
# - {CALIBDATE: '1970-01-01T00:00:00'}
# - {INSTRUME: LSSTCam}
# - {OBSTYPE: transmission_filter_detector}
# - {CALIBCLS: lsst.ip.isr.IntermediateFilterDetectorTransmissionCurve}
# - {SOURCE: Materion (DM-46256)}
# - {DETECTOR: 163}
# - {FILTER: u_24}
# - {CALIB_ID: 'calibDate=1970-01-01T00:00:00 filter=u_24 detector=163'}
# - {DATE: '2025-04-02T15:59:40.505927'}
# - {CALIB_CREATION_DATE: '2025-04-02'}
# - {CALIB_CREATION_TIME: '15:59:40'}
# - __serialized_columns__:
#     efficiency:
#       __class__: astropy.units.quantity.Quantity
#       unit: !astropy.units.Unit {unit: '%'}
#       value: !astropy.table.SerializedColumn {name: efficiency}
#     wavelength:
#       __class__: astropy.units.quantity.Quantity
#       unit: !astropy.units.Unit {unit: nm}
#       value: !astropy.table.SerializedColumn {name: wavelength}
# schema: astropy-2.0
wavelength efficiency
295.0 1.6331063020999514e-10
296.0 1.6331063020999514e-10
297.0 1.6331063020999514e-10
298.0 1.6331063020999514e-10
299.0 1.6331063020999514e-10
300.0 1.6331063020999514e-10
301.0 1.6331063020999514e-10
302.0 1.6331063020999514e-10
303.0 1.6331063020999514e-10
304.0 1.6331063020999514e-10
305.0 0.8936310186982155
306.0 1.9176090136170387
307.0 3.6277860403060913
308.0 5.895533785223961
309.0 9.21819806098938
310.0 12.86710798740387
311.0 16.547848284244537
312.0 20.373161137104034
313.0 23.47951829433441
314.0 26.48037075996399
315.0 28.88592779636383
316.0 31.077831983566284
317.0 33.7674617767334
318.0 36.74204647541046
319.0 40.718650817871094
320.0 46.270304918289185
321.0 51.95260047912598
322.0 57.951295375823975
323.0 63.36554288864136
324.0 67.64797568321228
325.0 70.55040001869202
326.0 72.98737168312073
327.0 74.85545873641968
328.0 76.50607824325562
329.0 77.95220017433167
330.0 79.22704815864563
331.0 79.84914779663086
332.0 80.15539050102234
333.0 80.24212121963501
334.0 80.10093569755554
335.0 80.36485314369202
336.0 80.63538670539856
337.0 81.21038675308228
338.0 82.12471008300781
339.0 82.67974853515625
340.0 83.0152153968811
341.0 83.53101015090942
342.0 83.93670916557312
343.0 83.75930786132812
344.0 83.93005132675171
345.0 84.34410095214844
346.0 84.68061685562134
347.0 85.02892255783081
348.0 85.33172607421875
349.0 85.54536700248718
350.0 85.58943271636963
351.0 85.79609990119934
352.0 85.69326400756836
353.0 85.62196493148804
354.0 85.57571768760681
355.0 85.80257296562195
356.0 85.9243631362915
357.0 85.90168952941895
358.0 85.51081418991089
359.0 85.2466881275177
360.0 85.0524365901947
361.0 84.84371900558472
362.0 84.66232419013977
363.0 84.78742837905884
364.0 84.86992716789246
365.0 85.15589833259583
366.0 85.53928732872009
367.0 85.57713627815247
368.0 85.6890857219696
369.0 85.78265309333801
370.0 85.59393286705017
371.0 85.46137809753418
372.0 85.43723225593567
373.0 85.6506884098053
374.0 85.69579124450684
375.0 86.00547313690186
376.0 86.12896203994751
377.0 86.260586977005
378.0 86.33254170417786
379.0 86.03439331054688
380.0 85.29253005981445
381.0 83.90095233917236
382.0 82.06527829170227
383.0 80.00655174255371
384.0 77.90226936340332
385.0 75.53920149803162
386.0 72.99415469169617
387.0 69.58189010620117
388.0 66.14094376564026
389.0 61.83689832687378
390.0 57.61986970901489
391.0 53.29384803771973
392.0 48.873814940452576
393.0 45.11432945728302
394.0 41.816696524620056
395.0 38.159021735191345
396.0 34.311166405677795
397.0 29.07530665397644
398.0 23.053355515003204
399.0 16.123297810554504
400.0 9.970994293689728
401.0 5.341001600027084
402.0 2.1796273067593575
403.0 0.7253504358232021
404.0 0.25801241863518953
405.0 0.1069893129169941
406.0 0.049602234503254294
407.0 0.026515565696172416
408.0 1.6331063020999514e-10
409.0 1.6331063020999514e-10
410.0 1.6331063020999514e-10
411.0 1.6331063020999514e-10
412.0 1.6331063020999514e-10
413.0 1.6331063020999514e-10
414.0 1.6331063020999514e-10
415.0 1.6331063020999514e-10
416.0 1.6331063020999514e-10
417.0 1.6331063020999514e-10
418.0 1.6331063020999514e-10
419.0 1.6331063020999514e-10
420.0 1.6331063020999514e-10
421.0 1.6331063020999514e-10
422.0 1.6331063020999514e-10
423.0 1.6331063020999514e-10
424.0 1.6331063020999514e-10
425.0 1.6331063020999514e-10
426.0 1.6331063020999514e-10
427.0 1.6331063020999514e-10
428.0 1.6331063020999514e-10
429.0 1.6331063020999514e-10
430.0 1.6331063020999514e-10
431.0 1.6331063020999514e-10
432.0 1.6331063020999514e-10
433.0 1.6331063020999514e-10
434.0 1.6331063020999514e-10
435.0 1.6331063020999514e-10
436.0 0.0005178219453227939
437.0 1.6331063020999514e-10
438.0 1.6331063020999514e-10
439.0 1.6331063020999514e-10
440.0 1.6331063020999514e-10
441.0 1.6331063020999514e-10
442.0 1.6331063020999514e-10
443.0 1.6331063020999514e-10
444.0 1.6331063020999514e-10
445.0 1.6331063020999514e-10
446.0 1.6331063020999514e-10
447.0 1.6331063020999514e-10
448.0 1.6331063020999514e-10
449.0 1.6331063020999514e-10
450.0 0.0005696829248336144
451.0 0.0007668192665732931
452.0 0.0009639552445150912
453.0 0.0005310714641382219
454.0 9.818780881687417e-05
455.0 1.6331063020999514e-10
456.0 1.6331063020999514e-10
457.0 1.6331063020999514e-10
458.0 0.0010525175639486406
459.0 0.0006003971520840423
460.0 0.00014827709264864097
461.0 1.6331063020999514e-10
462.0 1.6331063020999514e-10
463.0 1.6331063020999514e-10
464.0 1.6331063020999514e-10
465.0 1.6331063020999514e-10
466.0 1.6331063020999514e-10
467.0 0.0003232644758099923
468.0 0.0007271130471053766
469.0 1.6331063020999514e-10
470.0 1.6331063020999514e-10
471.0 1.6331063020999514e-10
472.0 1.6331063020999514e-10
473.0 1.6331063020999514e-10
474.0 1.6331063020999514e-10
475.0 1.6331063020999514e-10
476.0 1.6331063020999514e-10
477.0 1.6331063020999514e-10
478.0 1.6331063020999514e-10
479.0 1.6331063020999514e-10
480.0 1.6331063020999514e-10
481.0 0.00035670288980327314
482.0 0.0008848513971315697
483.0 0.00034970457818417344
484.0 1.6331063020999514e-10
485.0 1.6331063020999514e-10
486.0 1.6331063020999514e-10
487.0 1.6331063020999514e-10
488.0 1.6331063020999514e-10
489.0 1.6331063020999514e-10
490.0 0.00020752204363816418
491.0 1.6331063020999514e-10
492.0 1.6331063020999514e-10
493.0 1.6331063020999514e-10
494.0 1.6331063020999514e-10
495.0 1.2920027359086816e-05
496.0 0.00016239426940956037
497.0 2.284945423980389e-05
498.0 1.6331063020999514e-10
499.0 1.6331063020999514e-10
500.0 1.6331063020999514e-10
501.0 1.6331063020999514e-10
502.0 0.0003171984189975774
503.0 0.00037323954984458396
504.0 0.0004292808625905309
505.0 8.289338779832178e-05
506.0 1.6331063020999514e-10
507.0 1.6331063020999514e-10
508.0 1.6331063020999514e-10
509.0 1.6331063020999514e-10
510.0 1.6331063020999514e-10
511.0 1.6331063020999514e-10
512.0 1.6331063020999514e-10
513.0 1.6331063020999514e-10
514.0 1.6331063020999514e-10
515.0 0.00012014304502372397
516.0 0.0003882179498759797
517.0 1.3813114208005572e-05
518.0 1.6331063020999514e-10
519.0 1.6331063020999514e-10
520.0 1.6331063020999514e-10
521.0 1.6331063020999514e-10
522.0 1.6331063020999514e-10
523.0 1.6331063020999514e-10
524.0 1.6331063020999514e-10
525.0 1.6331063020999514e-10
526.0 1.6331063020999514e-10
527.0 1.6331063020999514e-10
528.0 1.6331063020999514e-10
529.0 1.6331063020999514e-10
530.0 1.6331063020999514e-10
531.0 1.6331063020999514e-10
532.0 1.6331063020999514e-10
533.0 1.6331063020999514e-10
534.0 0.00015208622698992258
535.0 1.6331063020999514e-10
536.0 1.6331063020999514e-10
537.0 1.6331063020999514e-10
538.0 0.0002294076011821744
539.0 0.0001977117790374905
540.0 0.00016601596826149034
541.0 0.00014545527164955274
542.0 0.00012489459777498269
543.0 2.4442155677206756e-05
544.0 1.6331063020999514e-10
545.0 1.6331063020999514e-10
546.0 1.6331063020999514e-10
547.0 1.6331063020999514e-10
548.0 1.6331063020999514e-10
549.0 1.6331063020999514e-10
550.0 1.6331063020999514e-10
551.0 1.6331063020999514e-10
552.0 1.6331063020999514e-10
553.0 1.6331063020999514e-10
554.0 5.7791157814790495e-05
555.0 2.7995753271170543e-05
556.0 1.6331063020999514e-10
557.0 8.532129669447386e-06
558.0 1.886385234683985e-05
559.0 7.417657457153837e-05
560.0 0.00012948929679623689
561.0 8.92234993443708e-05
562.0 4.8957724629872246e-05
563.0 0.00019064756315856357
564.0 0.0003323372766317334
565.0 0.0002998806394316489
566.0 0.00026742400223156437
567.0 0.00016358482071154867
568.0 5.974553118903714e-05
569.0 0.0002115298912030994
570.0 0.0003633141886894009
571.0 0.0004945046839566203
572.0 0.0006256953838601476
573.0 0.0004108883331355173
574.0 0.00019608130514825461
575.0 4.811012672689685e-05
576.0 1.6331063020999514e-10
577.0 0.0001413990048604319
578.0 0.0003826589818345383
579.0 0.000554816278963699
580.0 0.0007269735306181246
581.0 0.0007596249361085938
582.0 0.0007922762961243279
583.0 0.0008191853339667432
584.0 0.0008460941899102181
585.0 0.0006960745849937666
586.0 0.0005460551619762555
587.0 0.0005091272214485798
588.0 0.00047219928092090413
589.0 0.0006455305083363783
590.0 0.0008188617357518524
591.0 0.0008402950697927736
592.0 0.0008617284038336948
593.0 0.0008130915375659242
594.0 0.0007644545803486835
595.0 0.0009725495146994945
596.0 0.0011806443581008352
597.0 0.0012684024113696069
598.0 0.0013561601008404978
599.0 0.0018203858417109586
600.0 0.002284611400682479
601.0 0.002405479062872473
602.0 0.002526346725062467
603.0 0.0024893506633816287
604.0 0.0024523547835997306
605.0 0.0018743319742497988
606.0 0.001296309164899867
607.0 0.001023930326482514
608.0 0.0007515514425904257
609.0 0.0007229772563732695
610.0 0.0006944030246813782
611.0 0.0005634633453155402
612.0 0.00043252366594970226
613.0 0.0005389741545513971
614.0 0.0006454247341025621
615.0 0.0004939151494909311
616.0 0.0003424055876166676
617.0 0.0002801229811666417
618.0 0.00021784032924188068
619.0 0.0005567337666434469
620.0 0.0008956271813076455
621.0 0.0007677865141886286
622.0 0.0006399458470696118
623.0 0.0007044012818369083
624.0 0.0007688565347052645
625.0 0.0009015797331812792
626.0 0.0010343028407078236
627.0 0.001104726834455505
628.0 0.0011751510101021267
629.0 0.0014267156075220555
630.0 0.001678280023043044
631.0 0.0017461496099713258
632.0 0.0018140193787985481
633.0 0.002330479765078053
634.0 0.0028469401513575576
635.0 0.0028858232326456346
636.0 0.0029247063139337115
637.0 0.0026181720386375673
638.0 0.002311637763341423
639.0 0.0019373295799596235
640.0 0.001563021396577824
641.0 0.001445484576834133
642.0 0.0013279479389893822
643.0 0.0007142829872464063
644.0 0.00010061806960948161
645.0 1.9064093237375346e-05
646.0 1.6331063020999514e-10
647.0 5.63843229883787e-05
648.0 0.00017525857174405246
649.0 0.00020678978671639925
650.0 0.0002383210130574298
651.0 0.0006780078820156632
652.0 0.0011176949556102045
653.0 0.0011796585567935836
654.0 0.0012416221579769626
655.0 0.001707290721242316
656.0 0.0021729596483055502
657.0 0.002720513839449268
658.0 0.0032680680305929855
659.0 0.003422143345233053
660.0 0.0035762186598731205
661.0 0.0032764415664132684
662.0 0.0029766641091555357
663.0 0.002388480970694218
664.0 0.0018002978322329
665.0 0.0014814935639151372
666.0 0.0011626892955973744
667.0 0.001050507398758782
668.0 0.0009383255928696599
669.0 0.0007872491551097482
670.0 0.0006361727173498366
671.0 0.0004625209840014577
672.0 0.00028886934160254896
673.0 0.00048551241889072116
674.0 0.0006821554052294232
675.0 0.0008248847734648734
676.0 0.0009676139598013833
677.0 0.001400405108142877
678.0 0.0018331962564843707
679.0 0.0024319808289874345
680.0 0.003030765219591558
681.0 0.004738888674182817
682.0 0.006447011401178315
683.0 0.008215337584260851
684.0 0.00998366522253491
685.0 0.010282913717674091
686.0 0.010582164395600557
687.0 0.009268189751310274
688.0 0.007954216562211514
689.0 0.006527049845317379
690.0 0.005099882764625363
691.0 0.004448991603567265
692.0 0.0037981008063070476
693.0 0.0032295203709509224
694.0 0.0026609395717969164
695.0 0.00191929611901287
696.0 0.001177652939077234
697.0 0.001110396442527417
698.0 0.0010431400369270705
699.0 0.0008611447810835671
700.0 0.0006791494342905935
701.0 0.0007359293704212178
702.0 0.000792709306551842
703.0 0.0007765703230688814
704.0 0.0007604313850606559
705.0 0.0008006796633708291
706.0 0.0008409278962062672
707.0 0.0008985950444184709
708.0 0.0009562624654790852
709.0 0.0008925248948798981
710.0 0.0008287875061796512
711.0 0.0009205193236994091
712.0 0.0010122510502696969
713.0 0.0008575975698477123
714.0 0.0007029441803751979
715.0 0.0006366424713633023
716.0 0.0005703407168766716
717.0 0.0004929062924929895
718.0 0.0004154716862103669
719.0 0.0004445650120032951
720.0 0.00047365824684675317
721.0 0.0002926710749306949
722.0 0.00011168394848937169
723.0 0.000222984499487211
724.0 0.00033428523238399066
725.0 0.0004119266577617964
726.0 0.0004895681740890723
727.0 0.00036448582250159234
728.0 0.00023940344817674486
729.0 0.00012037713759127655
730.0 1.3507914786714537e-06
731.0 0.00015909893136267783
732.0 0.00031684710393165005
733.0 0.000387406043955707
734.0 0.0004579649157676613
735.0 0.0004907305992674083
736.0 0.0005234961008682149
737.0 0.0004335708126745885
738.0 0.00034364550174359465
739.0 0.0005744685950048734
740.0 0.0008052917110035196
741.0 0.001471381438022945
742.0 0.0021374711650423706
743.0 0.00262265184574062
744.0 0.0031078325264388695
745.0 0.0038149082683958113
746.0 0.004521983646554872
747.0 0.004400479883770458
748.0 0.004278976484783925
749.0 0.0040899536543292925
750.0 0.0039009311876725405
751.0 0.0036806453863391653
752.0 0.0034603592212079093
753.0 0.0033689855627017096
754.0 0.00327761190419551
755.0 0.0029325754439923912
756.0 0.002587539165688213
757.0 0.002160600524803158
758.0 0.0017336618839181028
759.0 0.00132757741084788
760.0 0.0009214930287271272
761.0 0.0009312721886090003
762.0 0.0009410512575414032
763.0 0.000756417784941732
764.0 0.0005717845397157362
765.0 0.0004616349997377256
766.0 0.00035148532333550975
767.0 0.00044830499064119067
768.0 0.0005451246579468716
769.0 0.000579780953557929
770.0 0.0006144373401184566
771.0 0.0005582769972534152
772.0 0.0005021165634389035
773.0 0.0006276979092945112
774.0 0.0007532790732511785
775.0 0.000665152265355573
776.0 0.0005770254119852325
777.0 0.0008273172170447651
778.0 0.0010776092494779732
779.0 0.0008948176400735974
780.0 0.0007120260761439567
781.0 0.0010052351171907503
782.0 0.001298444203712279
783.0 0.0011153415471198969
784.0 0.0009322389814769849
785.0 0.0011645730410236865
786.0 0.001396907009620918
787.0 0.0011566515240701847
788.0 0.0009163959475699812
789.0 0.0007466743227269035
790.0 0.0005769526069343556
791.0 0.0005760477961302968
792.0 0.0005751430762757082
793.0 0.000747602598494268
794.0 0.0009200619388138875
795.0 0.0007592291694891173
796.0 0.0005983962637401419
797.0 0.00034327845241932664
798.0 8.816067520456272e-05
799.0 0.0001546296971355332
800.0 0.0002210987986472901
801.0 0.00015060221585372346
802.0 8.010571264094324e-05
803.0 2.359340669499943e-05
804.0 1.6331063020999514e-10
805.0 0.00018895785842687474
806.0 0.00041083458199864253
807.0 0.0003993866812379565
808.0 0.0003879387350025354
809.0 0.00029280956823640736
810.0 0.00019768035599554423
811.0 0.0001951431386260083
812.0 0.0001926058985191048
813.0 0.00014487388853012817
814.0 9.71418899098353e-05
815.0 0.0003548668701114366
816.0 0.000612591793469619
817.0 0.00047780231398064643
818.0 0.0003430128572290414
819.0 0.00026167110718233744
820.0 0.0001803293457669497
821.0 0.00017404587424607598
822.0 0.00016776236861915095
823.0 0.0002443046923872316
824.0 0.0003208470161553123
825.0 0.00024340959043911425
826.0 0.0001659721647229162
827.0 1.6331063020999514e-10
828.0 1.6331063020999514e-10
829.0 1.6331063020999514e-10
830.0 1.6331063020999514e-10
831.0 1.6331063020999514e-10
832.0 8.786233820501366e-05
833.0 1.724411475834131e-05
834.0 1.6331063020999514e-10
835.0 1.6331063020999514e-10
836.0 5.164526228895738e-06
837.0 1.6331063020999514e-10
838.0 1.6331063020999514e-10
839.0 1.992544156337317e-05
840.0 8.9165507688449e-05
841.0 1.6331063020999514e-10
842.0 1.6331063020999514e-10
843.0 1.6331063020999514e-10
844.0 0.000114468491574371
845.0 0.00011428969628468622
846.0 0.00011411087825763389
847.0 0.00022396347958419938
848.0 0.00033381613775418373
849.0 0.00023269901703315554
850.0 0.00013158189631212736
851.0 0.00021445964648592053
852.0 0.0002973373511849786
853.0 0.0004597485713020433
854.0 0.0006221599051059457
855.0 0.00052666646297439
856.0 0.00043117333916598
857.0 0.0006387262601492694
858.0 0.0008462790901830886
859.0 0.0008229290870076511
860.0 0.0007995790838322137
861.0 0.001112710469897138
862.0 0.0014258421288104728
863.0 0.0015803554560989141
864.0 0.0017348693290841766
865.0 0.0016287378457491286
866.0 0.0015226063624140806
867.0 0.0018247616026201285
868.0 0.002126916660927236
869.0 0.002062433850369416
870.0 0.0019979512217105366
871.0 0.0020817004042328335
872.0 0.0021654495867551304
873.0 0.002479200702509843
874.0 0.002792951818264555
875.0 0.0026929134037345648
