lsstCam/transmission_filter_detector/r12_s11/u_24/19700101T000000.ecsv
# %ECSV 1.0
# ---
# datatype:
# - {name: wavelength, unit: nm, datatype: float32}
# - {name: efficiency, unit: '%', datatype: float64}
# meta: !!omap
# - {MODE: DETECTOR}
# - {TYPE: transmission_filter_detector}
# - {CALIBDATE: '1970-01-01T00:00:00'}
# - {INSTRUME: LSSTCam}
# - {OBSTYPE: transmission_filter_detector}
# - {CALIBCLS: lsst.ip.isr.IntermediateFilterDetectorTransmissionCurve}
# - {SOURCE: Materion (DM-46256)}
# - {DETECTOR: 49}
# - {FILTER: u_24}
# - {CALIB_ID: 'calibDate=1970-01-01T00:00:00 filter=u_24 detector=49'}
# - {DATE: '2025-04-02T15:59:39.976465'}
# - {CALIB_CREATION_DATE: '2025-04-02'}
# - {CALIB_CREATION_TIME: '15:59:39'}
# - __serialized_columns__:
#     efficiency:
#       __class__: astropy.units.quantity.Quantity
#       unit: !astropy.units.Unit {unit: '%'}
#       value: !astropy.table.SerializedColumn {name: efficiency}
#     wavelength:
#       __class__: astropy.units.quantity.Quantity
#       unit: !astropy.units.Unit {unit: nm}
#       value: !astropy.table.SerializedColumn {name: wavelength}
# schema: astropy-2.0
wavelength efficiency
[from data line 580]
875.0 0.002159787072741892
876.0 0.0023801543648005463
877.0 0.002376674092374742
878.0 0.002373194001847878
879.0 0.002490271617716644
880.0 0.002607349779282231
881.0 0.002722690624068491
882.0 0.002838032196450513
883.0 0.0026385465389466844
884.0 0.0024390616090386175
885.0 0.0022678033928968944
886.0 0.002096545540553052
887.0 0.00202456176339183
888.0 0.0019525783500284888
889.0 0.0019007165974471718
890.0 0.0018488548448658548
891.0 0.002137131741619669
892.0 0.0024254084564745426
893.0 0.0024512328309356235
894.0 0.0024770566596998833
895.0 0.0026995601729140617
896.0 0.0029220633223303594
897.0 0.00337885576300323
898.0 0.0038356480217771605
899.0 0.003976835068897344
900.0 0.0041180213884217665
901.0 0.00416841430705972
902.0 0.004218807225697674
903.0 0.004462418655748479
904.0 0.004706029722001404
905.0 0.004918777267448604
906.0 0.005131524812895805
907.0 0.005410240919445641
908.0 0.005688956662197597
909.0 0.0055511070968350396
910.0 0.005413257531472482
911.0 0.005541298014577478
912.0 0.0056693384976824746
913.0 0.0054841239034431055
914.0 0.005298908581607975
915.0 0.004822564369533211
916.0 0.004346220157458447
917.0 0.004001069100922905
918.0 0.0036559184081852436
919.0 0.0040611979784443974
920.0 0.004466477912501432
921.0 0.0045520795538323
922.0 0.004637681558961049
923.0 0.005209882147028111
924.0 0.00578208127990365
925.0 0.006158750329632312
926.0 0.006535419379360974
927.0 0.0070554167905356735
928.0 0.007575410563731566
929.0 0.007587173604406416
930.0 0.007598937372677028
931.0 0.007369705417659134
932.0 0.007140472007449716
933.0 0.006977911107242107
934.0 0.0068153502070344985
935.0 0.007202240522019565
936.0 0.007589130837004632
937.0 0.0073270624852739275
938.0 0.007064995588734746
939.0 0.007101688242983073
940.0 0.0071383808972314
941.0 0.00619580241618678
942.0 0.005253222843748517
943.0 0.0041118531953543425
944.0 0.0029704844564548694
945.0 0.0023843018425395712
946.0 0.0017981195924221538
947.0 0.0015907529814285226
948.0 0.001383386188535951
949.0 0.0013691675121663138
950.0 0.0013549487448472064
951.0 0.0012764534403686412
952.0 0.0011979582268395461
953.0 0.0013117500202497467
954.0 0.001425542177457828
955.0 0.002085266896756366
956.0 0.0027449914341559634
957.0 0.002713981484703254
958.0 0.0026829709895537235
959.0 0.002908756141550839
960.0 0.003134541111649014
961.0 0.003520360405673273
962.0 0.0039061796996975318
963.0 0.004290373908588663
964.0 0.0046745684812776744
965.0 0.004577941945171915
966.0 0.004481315772864036
967.0 0.004682661528931931
968.0 0.004884007284999825
969.0 0.004845176954404451
970.0 0.004806346623809077
971.0 0.004763961260323413
972.0 0.004721575533039868
973.0 0.004458950934349559
974.0 0.004196325608063489
975.0 0.003955153079004958
976.0 0.003713979822350666
977.0 0.003394339364604093
978.0 0.0030746985430596396
979.0 0.0029193546652095392
980.0 0.002764010787359439
981.0 0.0025796392947086133
982.0 0.0023952676201588474
983.0 0.0026293731934856623
984.0 0.002863478584913537
985.0 0.0033481559512438253
986.0 0.0038328336813719943
987.0 0.0040330163756152615
988.0 0.004233198706060648
989.0 0.00510921745444648
990.0 0.00598523547523655
991.0 0.006042448148946278
992.0 0.006099660822656006
993.0 0.006278986256802455
994.0 0.0064583116909489036
995.0 0.0061587059462908655
996.0 0.005859098382643424
997.0 0.005672976840287447
998.0 0.005486857844516635
999.0 0.00605513560003601
1000.0 0.006623411172768101
1001.0 0.006360057886922732
1002.0 0.006096701690694317
1003.0 0.005816741759190336
1004.0 0.005536781100090593
1005.0 0.00552013298147358
1006.0 0.0055034841352608055
1007.0 0.005328231054591015
1008.0 0.005152975063538179
1009.0 0.004676420212490484
1010.0 0.004199866089038551
1011.0 0.003963270137319341
1012.0 0.003726675276993774
1013.0 0.0030872986826580018
1014.0 0.0024479219064232893
1015.0 0.0021948571884422563
1016.0 0.001941792288562283
1017.0 0.0016708927432773635
1018.0 0.0013999931070429739
1019.0 0.0012612425052793697
1020.0 0.001122491630667355
1021.0 0.0010571994607744273
1022.0 0.0009919072908814996
1023.0 0.001062209685187554
1024.0 0.0011325120794936083
1025.0 0.0013998876056575682
1026.0 0.0016672633137204684
1027.0 0.0013820133062836248
1028.0 0.001096763207897311
1029.0 0.0010982700587192085
1030.0 0.001099777000490576
1031.0 0.0014401504813577048
1032.0 0.001780524144123774
1033.0 0.001963145950867329
1034.0 0.0021457681214087643
1035.0 0.0022058697140892036
1036.0 0.002265971306769643
1037.0 0.002318129008926917
1038.0 0.0023702870748820715
1039.0 0.0021450239728437737
1040.0 0.0019197612346033566
1041.0 0.0015697840353823267
1042.0 0.0012198072909086477
1043.0 0.0012777483789250255
1044.0 0.001335689830739284
1045.0 0.001286833685298916
1046.0 0.0012379777217574883
1047.0 0.001759047336236108
1048.0 0.0022801172235631384
1049.0 0.0017017657228279859
1050.0 0.0011234136763960123
1051.0 0.001237443575519137
1052.0 0.0013514734746422619
1053.0 0.0012430388778739143
1054.0 0.0011346040082571562
1055.0 0.0009509117262496147
1056.0 0.0007672198080399539
1057.0 0.0013997232599649578
1058.0 0.0020322269847383723
1059.0 0.00127550383695052
1060.0 0.0005187809165363433
1061.0 0.0008052264092839323
1062.0 0.0010916716746578459
1063.0 0.0010866610864468385
1064.0 0.0010816501344379503
1065.0 0.001089781835617032
1066.0 0.001097913809644524
1067.0 0.0008042504305194598
1068.0 0.0005105864602228394
1069.0 0.0013778604625258595
1070.0 0.0022451340555562638
1071.0 0.0013713823136640713
1072.0 0.0004976307991455542
1073.0 0.0009019332537718583
1074.0 0.0013062356629234273
1075.0 0.0027456733732833527
1076.0 0.004185110810794868
1077.0 0.004096580596524291
1078.0 0.004008050382253714
1079.0 0.004783000622410327
1080.0 0.005557947952183895
1081.0 0.0034393349778838456
1082.0 0.0013207219126343261
1083.0 0.0012357408195384778
1084.0 0.0011507596354931593
1085.0 0.002946052154584322
1086.0 0.004741344309877604
1087.0 0.003904979530489072
1088.0 0.0030686143873026595
1089.0 0.005475060606840998
1090.0 0.007881506462581456
1091.0 0.005474582940223627
1092.0 0.003067659417865798
1093.0 0.002273326026625
1094.0 0.0014789929991820827
1095.0 0.0010021213711297605
1096.0 0.0005252500159258489
1097.0 0.001995622915273998
1098.0 0.003465996269369498
1099.0 0.0025770938009372912
1100.0 0.001688191514404025
