lsstCam/transmission_filter_detector/r12_s11/u_24/19700101T000000.ecsv
# %ECSV 1.0
# ---
# datatype:
# - {name: wavelength, unit: nm, datatype: float32}
# - {name: efficiency, unit: '%', datatype: float64}
# meta: !!omap
# - {MODE: DETECTOR}
# - {TYPE: transmission_filter_detector}
# - {CALIBDATE: '1970-01-01T00:00:00'}
# - {INSTRUME: LSSTCam}
# - {OBSTYPE: transmission_filter_detector}
# - {CALIBCLS: lsst.ip.isr.IntermediateFilterDetectorTransmissionCurve}
# - {SOURCE: Materion (DM-46256)}
# - {DETECTOR: 49}
# - {FILTER: u_24}
# - {CALIB_ID: 'calibDate=1970-01-01T00:00:00 filter=u_24 detector=49'}
# - {DATE: '2025-04-02T15:59:39.976465'}
# - {CALIB_CREATION_DATE: '2025-04-02'}
# - {CALIB_CREATION_TIME: '15:59:39'}
# - __serialized_columns__:
#     efficiency:
#       __class__: astropy.units.quantity.Quantity
#       unit: !astropy.units.Unit {unit: '%'}
#       value: !astropy.table.SerializedColumn {name: efficiency}
#     wavelength:
#       __class__: astropy.units.quantity.Quantity
#       unit: !astropy.units.Unit {unit: nm}
#       value: !astropy.table.SerializedColumn {name: wavelength}
# schema: astropy-2.0
wavelength efficiency
295.0 1.5810777166669343e-10
296.0 1.5810777166669343e-10
297.0 1.5810777166669343e-10
298.0 1.5810777166669343e-10
299.0 1.5810777166669343e-10
300.0 1.5810777166669343e-10
301.0 1.5810777166669343e-10
302.0 1.5810777166669343e-10
303.0 1.5810777166669343e-10
304.0 0.12258738279342651
305.0 0.5652574822306633
306.0 1.5117207542061806
307.0 2.6852402836084366
308.0 4.6478115022182465
309.0 7.575482875108719
310.0 10.715071111917496
311.0 14.20464962720871
312.0 17.948018014431
313.0 21.13887518644333
314.0 24.241526424884796
315.0 26.657727360725403
316.0 28.793546557426453
317.0 31.16583824157715
318.0 33.64109694957733
319.0 37.150269746780396
320.0 42.15513467788696
321.0 47.2036749124527
322.0 53.170186281204224
323.0 58.68644118309021
324.0 63.45658898353577
325.0 67.07400679588318
326.0 69.60541009902954
327.0 71.57370448112488
328.0 73.40649962425232
329.0 74.8673141002655
330.0 76.21517777442932
331.0 77.09827423095703
332.0 77.51809358596802
333.0 77.73429751396179
334.0 77.52885818481445
335.0 77.69761085510254
336.0 77.82946825027466
337.0 78.24363708496094
338.0 79.06763553619385
339.0 79.71575856208801
340.0 80.16680479049683
341.0 80.66017031669617
342.0 80.95669746398926
343.0 81.00646734237671
344.0 81.08866810798645
345.0 81.3962996006012
346.0 81.719970703125
347.0 81.97126984596252
348.0 82.3197603225708
349.0 82.51494765281677
350.0 82.59246349334717
351.0 82.82369375228882
352.0 82.65112042427063
353.0 82.56863951683044
354.0 82.53883123397827
355.0 82.62139558792114
356.0 82.88251161575317
357.0 82.8411340713501
358.0 82.54051208496094
359.0 82.40674138069153
360.0 82.26677179336548
361.0 82.13528990745544
362.0 82.01650977134705
363.0 82.15556740760803
364.0 82.2369396686554
365.0 82.35753178596497
366.0 82.49877691268921
367.0 82.54797458648682
368.0 82.41090178489685
369.0 82.36542344093323
370.0 82.05199837684631
371.0 81.84881210327148
372.0 81.80953860282898
373.0 81.91242218017578
374.0 81.88158869743347
375.0 82.16208815574646
376.0 82.24431276321411
377.0 82.2847068309784
378.0 82.30874538421631
379.0 82.0846676826477
380.0 81.48810267448425
381.0 80.22134304046631
382.0 78.59722971916199
383.0 76.66678428649902
384.0 74.58934187889099
385.0 72.31161594390869
386.0 69.90237236022949
387.0 66.77783727645874
388.0 63.6091411113739
389.0 59.843045473098755
390.0 56.00653886795044
391.0 51.85808539390564
392.0 47.41537570953369
393.0 43.606629967689514
394.0 40.37315845489502
395.0 37.161827087402344
396.0 33.88012945652008
397.0 29.580947756767273
398.0 24.50813055038452
399.0 18.13603788614273
400.0 11.911828815937042
401.0 6.9303736090660095
402.0 3.2723747193813324
403.0 1.170526910573244
404.0 0.3290266031399369
405.0 0.1582021825015545
406.0 0.08047068258747458
407.0 0.043940829345956445
408.0 0.01598914823262021
409.0 1.5810777166669343e-10
410.0 0.0006757534265489085
411.0 1.5810777166669343e-10
412.0 0.008965173037722707
413.0 1.5810777166669343e-10
414.0 1.5810777166669343e-10
415.0 1.5810777166669343e-10
416.0 1.5810777166669343e-10
417.0 1.5810777166669343e-10
418.0 1.5810777166669343e-10
419.0 1.5810777166669343e-10
420.0 1.5810777166669343e-10
421.0 1.5810777166669343e-10
422.0 1.5810777166669343e-10
423.0 1.5810777166669343e-10
424.0 1.5810777166669343e-10
425.0 1.5810777166669343e-10
426.0 1.5810777166669343e-10
427.0 1.5810777166669343e-10
428.0 1.5810777166669343e-10
429.0 0.0008087960850389209
430.0 0.0024575165298301727
431.0 0.0015905156033113599
432.0 0.0007235149041662225
433.0 0.0011890549103554804
434.0 0.0016545945982215926
435.0 0.001818204327719286
436.0 0.0019818140572169796
437.0 0.00040712275222176686
438.0 1.5810777166669343e-10
439.0 1.5810777166669343e-10
440.0 0.0006690902864647796
441.0 1.5810777166669343e-10
442.0 1.5810777166669343e-10
443.0 1.5810777166669343e-10
444.0 1.5810777166669343e-10
445.0 1.5810777166669343e-10
446.0 1.5810777166669343e-10
447.0 1.5810777166669343e-10
448.0 1.5810777166669343e-10
449.0 9.15957656388855e-06
450.0 0.0003131272706013988
451.0 1.5810777166669343e-10
452.0 1.5810777166669343e-10
453.0 1.5810777166669343e-10
454.0 0.0007965903023432475
455.0 1.5810777166669343e-10
456.0 1.5810777166669343e-10
457.0 1.5810777166669343e-10
458.0 1.5810777166669343e-10
459.0 1.5810777166669343e-10
460.0 1.5810777166669343e-10
461.0 1.5810777166669343e-10
462.0 1.5810777166669343e-10
463.0 1.5810777166669343e-10
464.0 1.5810777166669343e-10
465.0 0.0002794753754642443
466.0 0.0005988705197523814
467.0 1.5810777166669343e-10
468.0 1.5810777166669343e-10
469.0 1.5810777166669343e-10
470.0 0.0008280140718852635
471.0 1.5810777166669343e-10
472.0 1.5810777166669343e-10
473.0 1.5810777166669343e-10
474.0 1.5810777166669343e-10
475.0 1.5810777166669343e-10
476.0 1.5810777166669343e-10
477.0 6.23251708020689e-05
478.0 0.0006671930805168813
479.0 0.0004973994691681582
480.0 0.0003276061079304782
481.0 0.00031911790756566916
482.0 0.0003106297981503303
483.0 1.5810777166669343e-10
484.0 1.5810777166669343e-10
485.0 1.5810777166669343e-10
486.0 1.5810777166669343e-10
487.0 1.5810777166669343e-10
488.0 1.5810777166669343e-10
489.0 1.5810777166669343e-10
490.0 1.5810777166669343e-10
491.0 1.5810777166669343e-10
492.0 1.5810777166669343e-10
493.0 1.5810777166669343e-10
494.0 1.5810777166669343e-10
495.0 1.5810777166669343e-10
496.0 0.0007871550224081147
497.0 0.0003806256472671521
498.0 1.5810777166669343e-10
499.0 7.267667569976766e-05
500.0 0.00017125762497016694
501.0 9.793858453122084e-05
502.0 2.4619617988719256e-05
503.0 1.5810777166669343e-10
504.0 1.5810777166669343e-10
505.0 1.5810777166669343e-10
506.0 1.5810777166669343e-10
507.0 1.5810777166669343e-10
508.0 1.5810777166669343e-10
509.0 1.5810777166669343e-10
510.0 1.5810777166669343e-10
511.0 1.5810777166669343e-10
512.0 0.00034482470709917834
513.0 0.0002967795808217488
514.0 0.0002487341362211737
515.0 0.00030864268865116173
516.0 0.0003685513092932524
517.0 1.5810777166669343e-10
518.0 1.5810777166669343e-10
519.0 1.5810777166669343e-10
520.0 0.0002743644699876313
521.0 0.0005509800303116208
522.0 0.0008275955224235076
523.0 0.0002850196324288845
524.0 1.5810777166669343e-10
525.0 1.5810777166669343e-10
526.0 1.5810777166669343e-10
527.0 1.5810777166669343e-10
528.0 1.5810777166669343e-10
529.0 1.5810777166669343e-10
530.0 1.5810777166669343e-10
531.0 1.5810777166669343e-10
532.0 0.00020644263258873252
533.0 1.5810777166669343e-10
534.0 1.5810777166669343e-10
535.0 1.5810777166669343e-10
536.0 1.5810777166669343e-10
537.0 1.5810777166669343e-10
538.0 1.5810777166669343e-10
539.0 1.5810777166669343e-10
540.0 1.5810777166669343e-10
541.0 1.5810777166669343e-10
542.0 1.5810777166669343e-10
543.0 1.5810777166669343e-10
544.0 1.5810777166669343e-10
545.0 1.5810777166669343e-10
546.0 1.5810777166669343e-10
547.0 1.694040463462443e-05
548.0 0.0001055159145835205
549.0 1.5810777166669343e-10
550.0 1.5810777166669343e-10
551.0 1.5810777166669343e-10
552.0 1.5810777166669343e-10
553.0 1.5810777166669343e-10
554.0 1.5810777166669343e-10
555.0 1.5810777166669343e-10
556.0 1.5810777166669343e-10
557.0 1.5810777166669343e-10
558.0 1.5810777166669343e-10
559.0 1.5810777166669343e-10
560.0 0.00023615423287992598
561.0 6.068254378988058e-05
562.0 1.5810777166669343e-10
563.0 1.5810777166669343e-10
564.0 1.5810777166669343e-10
565.0 1.5810777166669343e-10
566.0 1.5810777166669343e-10
567.0 1.5810777166669343e-10
568.0 0.00015737009562144522
569.0 0.00031830572879698593
570.0 0.0004792411800735863
571.0 0.00045780443542753346
572.0 0.0004363677817309508
573.0 0.00046870572987245396
574.0 0.0005010440872865729
575.0 0.00032764842217147816
576.0 0.00015425291621795623
577.0 0.00031135364224610385
578.0 0.00046845430006214883
579.0 0.00043159257074876223
580.0 0.00039473079596064053
581.0 0.0005440539098344743
582.0 0.0006933773420314537
583.0 0.0011758824257412925
584.0 0.0016583877368248068
585.0 0.0013219371794548351
586.0 0.0009854861673375126
587.0 0.0012119471648475155
588.0 0.0014384081623575184
589.0 0.0011967765203735325
590.0 0.0009551446055411361
591.0 0.0009294742085330654
592.0 0.0009038036296260543
593.0 0.0008104968401312362
594.0 0.0007171895958890673
595.0 0.0007969681973918341
596.0 0.0008767464350967202
597.0 0.0009648717423260678
598.0 0.0010529966857575346
599.0 0.0012285358934605028
600.0 0.0014040748283150606
601.0 0.0015778383385622874
602.0 0.0017516020307084545
603.0 0.0016528620108147152
604.0 0.0015541223547188565
605.0 0.0016150110241142102
606.0 0.0016758996935095638
607.0 0.0016060308553278446
608.0 0.001536161835247185
609.0 0.0009873586350295227
610.0 0.00043855534386239015
611.0 0.0005946194960415596
612.0 0.0007506837391701993
613.0 0.0005083357336843619
614.0 0.0002659877509358921
615.0 0.0005247825356491376
616.0 0.0007835773430997506
617.0 0.0008510472980560735
618.0 0.0009185175258608069
619.0 0.0005738331765314797
620.0 0.00022914907731319545
621.0 0.00046558639041904826
622.0 0.0007020236353127984
623.0 0.0005706192496290896
624.0 0.0004392147275211755
625.0 0.0005896051334275398
626.0 0.0007399955393339042
627.0 0.0006227683570614317
628.0 0.0005055412657384295
629.0 0.0004998455551685765
630.0 0.0004941499355481938
631.0 0.0010936782018688973
632.0 0.0016932062862906605
633.0 0.0015979967429302633
634.0 0.0015027873814688064
635.0 0.0019636781871668063
636.0 0.002424568810965866
637.0 0.0025147726773866452
638.0 0.0026049763619084843
639.0 0.0021104811821714975
640.0 0.0016159860024345107
641.0 0.0015047270608192775
642.0 0.0013934682101535145
643.0 0.0008735572009754833
644.0 0.0003536461690600845
645.0 0.00041288612919743173
646.0 0.00047212597564794123
647.0 0.00010294620551576372
648.0 1.5810777166669343e-10
649.0 1.5810777166669343e-10
650.0 0.0002029843017226085
651.0 0.0004436217750480864
652.0 0.0006842594757472398
653.0 0.0011897788681380916
654.0 0.0016952979422057979
655.0 0.0014290179933595937
656.0 0.0011627378626144491
657.0 0.002110991954396013
658.0 0.0030592462280765176
659.0 0.0034932676499010995
660.0 0.003927288707927801
661.0 0.004027763498015702
662.0 0.004128237924305722
663.0 0.003452112287050113
664.0 0.0027759864678955637
665.0 0.0024474094971083105
666.0 0.002118832344422117
667.0 0.001864871046564076
668.0 0.0016109093849081546
669.0 0.0011165292562509421
670.0 0.0006221490821189946
671.0 0.00047932753659551963
672.0 0.0003365059228599421
673.0 0.00019886899735865882
674.0 6.123202638264047e-05
675.0 0.00033152596188301686
676.0 0.0006018199655954959
677.0 0.0011541485946509056
678.0 0.001706477632978931
679.0 0.0018394248399999924
680.0 0.0019723718651221134
681.0 0.002727403989410959
682.0 0.0034824359318008646
683.0 0.004969399742549285
684.0 0.006456363189499825
685.0 0.0069248351792339236
686.0 0.007393309351755306
687.0 0.007300776633201167
688.0 0.007208243914647028
689.0 0.006266278069233522
690.0 0.005324312951415777
691.0 0.004799677117262036
692.0 0.004275041646906175
693.0 0.0035664717870531604
694.0 0.002857901927200146
695.0 0.002431056236673612
696.0 0.0020042105461470783
697.0 0.001481197978137061
698.0 0.0009581852282281034
699.0 0.0008534373591828626
700.0 0.0007486892627639463
701.0 0.0006209781076904619
702.0 0.0004932669980917126
703.0 0.0005977040927973576
704.0 0.0007021415058261482
705.0 0.0006410444257198833
706.0 0.0005799475275125587
707.0 0.0007353166893153684
708.0 0.0008906855327950325
709.0 0.00072803818511602
710.0 0.0005653907010128023
711.0 0.0006678317731712013
712.0 0.0007702726179559249
713.0 0.0008531418643542565
714.0 0.000936011019803118
715.0 0.0008111565875879023
716.0 0.0006863021098979516
717.0 0.000666679443384055
718.0 0.0006470567313954234
719.0 0.0006225988272490213
720.0 0.000598140832153149
721.0 0.0005538068307942012
722.0 0.0005094727839605184
723.0 0.0005724218681280036
724.0 0.0006353709522954887
725.0 0.0003032159611393581
726.0 1.5810777166669343e-10
727.0 0.000267636437456531
728.0 0.0005642120868287748
729.0 0.00034093136491719633
730.0 0.00011765076806113939
731.0 0.00013972246506455122
732.0 0.00016179425301743322
733.0 6.25852692337503e-05
734.0 1.5810777166669343e-10
735.0 0.0003038529939658474
736.0 0.0006443296115321573
737.0 0.0005625310222967528
738.0 0.0004807323421118781
739.0 0.0003759633955269237
740.0 0.00027119435799249914
741.0 0.0007612351510033477
742.0 0.0012512760804384016
743.0 0.0014824791833234485
744.0 0.0017136819224106148
745.0 0.002123411286447663
746.0 0.00253314010478789
747.0 0.0032281583116855472
748.0 0.003923176336684264
749.0 0.003663669849629514
750.0 0.0034041637263726443
751.0 0.0034788725315593183
752.0 0.003553581700543873
753.0 0.0030118724680505693
754.0 0.0024701630536583252
755.0 0.002588222923805006
756.0 0.002706283521547448
757.0 0.0022349084247252904
758.0 0.0017635331460041925
759.0 0.0014026122698851395
760.0 0.0010416914847155567
761.0 0.0010780756383610424
762.0 0.0011144598829559982
763.0 0.0008988617082650308
764.0 0.0006832634426245932
765.0 0.0007936108886497095
766.0 0.0009039583346748259
767.0 0.0008670733222970739
768.0 0.0008301882189698517
769.0 0.000647820343147032
770.0 0.00046545223995053675
771.0 0.0003456402964729932
772.0 0.0002258282165712444
773.0 0.00036083672512177145
774.0 0.0004958452791470336
775.0 0.00046751379159104545
776.0 0.00043918212213611696
777.0 0.0005198186045163311
778.0 0.0006004547230986645
779.0 0.0006312488494586432
780.0 0.0006620428848691517
781.0 0.0008824828000797424
782.0 0.0011029227607650682
783.0 0.0009935794878401794
784.0 0.0008842360330163501
785.0 0.0009892490197671577
786.0 0.0010942617336695548
787.0 0.0009992793820856605
788.0 0.0009042968486028258
789.0 0.0008633312063466292
790.0 0.0008223655640904326
791.0 0.0008017334948817734
792.0 0.000781101334723644
793.0 0.00031768347525940044
794.0 1.5810777166669343e-10
795.0 1.5810777166669343e-10
796.0 1.5810777166669343e-10
797.0 0.00020239197056071134
798.0 0.0004497700956562767
799.0 0.0001725673200780875
800.0 1.5810777166669343e-10
801.0 1.5810777166669343e-10
802.0 1.5810777166669343e-10
803.0 1.5810777166669343e-10
804.0 0.0002463279088260606
805.0 1.331638657120493e-05
806.0 1.5810777166669343e-10
807.0 1.5810777166669343e-10
808.0 1.5810777166669343e-10
809.0 9.359396813124476e-05
810.0 0.0006055257017578697
811.0 1.5810777166669343e-10
812.0 1.5810777166669343e-10
813.0 1.5810777166669343e-10
814.0 0.0004284900569473393
815.0 0.0003938280769943958
816.0 0.00035916586966777686
817.0 0.00011573641813811264
818.0 1.5810777166669343e-10
819.0 1.5810777166669343e-10
820.0 1.5810777166669343e-10
821.0 1.5810777166669343e-10
822.0 1.5810777166669343e-10
823.0 1.5810777166669343e-10
824.0 1.5810777166669343e-10
825.0 1.5810777166669343e-10
826.0 1.5810777166669343e-10
827.0 0.00017786352373150294
828.0 0.0005791035619040485
829.0 0.0004212509793433128
830.0 0.00026339880605519284
831.0 1.5810777166669343e-10
832.0 1.5810777166669343e-10
833.0 1.5810777166669343e-10
834.0 1.5810777166669343e-10
835.0 1.5810777166669343e-10
836.0 1.5810777166669343e-10
837.0 1.5810777166669343e-10
838.0 1.5810777166669343e-10
839.0 1.5810777166669343e-10
840.0 1.5810777166669343e-10
841.0 1.5810777166669343e-10
842.0 1.5810777166669343e-10
843.0 1.6372088396110485e-05
844.0 6.062396664674452e-05
845.0 7.39700453777914e-05
846.0 8.731605021239375e-05
847.0 1.5810777166669343e-10
848.0 1.5810777166669343e-10
849.0 1.5810777166669343e-10
850.0 1.5810777166669343e-10
851.0 2.549930684381252e-05
852.0 6.355143113978556e-05
853.0 1.9292828312700294e-05
854.0 1.5810777166669343e-10
855.0 1.5810777166669343e-10
856.0 1.5810777166669343e-10
857.0 0.00032036318771133665
858.0 0.0007949353857839014
859.0 0.0007170204298745375
860.0 0.0006391054739651736
861.0 0.0006675091299257474
862.0 0.000695912649462116
863.0 0.0007692225153732579
864.0 0.0008425322448601946
865.0 0.0014060198736842722
866.0 0.0019695073206094094
867.0 0.0018458422346157022
868.0 0.0017221775124198757
869.0 0.0016077212421805598
870.0 0.0014932647900423035
871.0 0.0015561998225166462
872.0 0.0016191344911931083
873.0 0.0017792772268876433
