lsstCam/transmission_filter_detector/r20_s01/u_24/19700101T000000.ecsv
# %ECSV 1.0
# ---
# datatype:
# - {name: wavelength, unit: nm, datatype: float32}
# - {name: efficiency, unit: '%', datatype: float64}
# meta: !!omap
# - {MODE: DETECTOR}
# - {TYPE: transmission_filter_detector}
# - {CALIBDATE: '1970-01-01T00:00:00'}
# - {INSTRUME: LSSTCam}
# - {OBSTYPE: transmission_filter_detector}
# - {CALIBCLS: lsst.ip.isr.IntermediateFilterDetectorTransmissionCurve}
# - {SOURCE: Materion (DM-46256)}
# - {DETECTOR: 73}
# - {FILTER: u_24}
# - {CALIB_ID: 'calibDate=1970-01-01T00:00:00 filter=u_24 detector=73'}
# - {DATE: '2025-04-02T15:59:40.087313'}
# - {CALIB_CREATION_DATE: '2025-04-02'}
# - {CALIB_CREATION_TIME: '15:59:40'}
# - __serialized_columns__:
#     efficiency:
#       __class__: astropy.units.quantity.Quantity
#       unit: !astropy.units.Unit {unit: '%'}
#       value: !astropy.table.SerializedColumn {name: efficiency}
#     wavelength:
#       __class__: astropy.units.quantity.Quantity
#       unit: !astropy.units.Unit {unit: nm}
#       value: !astropy.table.SerializedColumn {name: wavelength}
# schema: astropy-2.0
wavelength efficiency
295.0 1.644547453945322e-10
296.0 1.644547453945322e-10
297.0 1.644547453945322e-10
298.0 1.644547453945322e-10
299.0 1.644547453945322e-10
300.0 1.644547453945322e-10
301.0 0.029401012579910457
302.0 1.644547453945322e-10
303.0 1.644547453945322e-10
304.0 0.12175977462902665
305.0 0.8723295293748379
306.0 2.0165301859378815
307.0 3.9141613990068436
308.0 6.551169604063034
309.0 9.877219796180725
310.0 13.325053453445435
311.0 17.42302030324936
312.0 21.174897253513336
313.0 24.03804212808609
314.0 27.190658450126648
315.0 29.50904667377472
316.0 31.58973455429077
317.0 34.47956442832947
318.0 37.72688806056976
319.0 42.01350808143616
320.0 47.91925847530365
321.0 53.45917344093323
322.0 59.428828954696655
323.0 64.60886001586914
324.0 68.81547570228577
325.0 71.43259048461914
326.0 73.73807430267334
327.0 75.46592950820923
328.0 77.07980275154114
329.0 78.46464514732361
330.0 79.79506850242615
331.0 80.24197816848755
332.0 80.50102591514587
333.0 80.65507411956787
334.0 80.54415583610535
335.0 80.73626756668091
336.0 81.11856579780579
337.0 81.80821537971497
338.0 82.65206813812256
339.0 83.13601613044739
340.0 83.52771997451782
341.0 83.9880883693695
342.0 84.2561423778534
343.0 84.28854942321777
344.0 84.4455897808075
345.0 84.93116497993469
346.0 85.26285290718079
347.0 85.62896251678467
348.0 85.86113452911377
349.0 86.0780656337738
350.0 86.12589836120605
351.0 86.27506494522095
352.0 86.18559241294861
353.0 86.21142506599426
354.0 86.05420589447021
355.0 86.35510206222534
356.0 86.44965887069702
357.0 86.38599514961243
358.0 85.96951961517334
359.0 85.72695851325989
360.0 85.56308150291443
361.0 85.2836012840271
362.0 85.11345386505127
363.0 85.32283306121826
364.0 85.46744585037231
365.0 85.82643866539001
366.0 86.07922196388245
367.0 86.22956871986389
368.0 86.23455166816711
369.0 86.34092807769775
370.0 86.16447448730469
371.0 86.05730533599854
372.0 86.11196875572205
373.0 86.2661063671112
374.0 86.32639050483704
375.0 86.63209080696106
376.0 86.85390949249268
377.0 86.94231510162354
378.0 87.03129291534424
379.0 86.62214875221252
380.0 85.77311635017395
381.0 84.39635038375854
382.0 82.52341747283936
383.0 80.47399520874023
384.0 78.42385768890381
385.0 75.96098780632019
386.0 73.29870462417603
387.0 69.77742910385132
388.0 66.22183322906494
389.0 61.81740164756775
390.0 57.60084390640259
391.0 53.29868793487549
392.0 48.914334177970886
393.0 45.27393579483032
394.0 41.93605184555054
395.0 38.12437355518341
396.0 33.893102407455444
397.0 28.15195918083191
398.0 21.742068231105804
399.0 14.78348970413208
400.0 8.858153969049454
401.0 4.482527077198029
402.0 1.7227636650204659
403.0 0.49753617495298386
404.0 0.17123150173574686
405.0 0.08547819452360272
406.0 0.03989165124949068
407.0 0.013849891547579318
408.0 1.644547453945322e-10
409.0 1.644547453945322e-10
410.0 1.644547453945322e-10
411.0 1.644547453945322e-10
412.0 1.644547453945322e-10
413.0 1.644547453945322e-10
414.0 1.644547453945322e-10
415.0 1.644547453945322e-10
416.0 1.644547453945322e-10
417.0 1.644547453945322e-10
418.0 1.644547453945322e-10
419.0 1.644547453945322e-10
420.0 1.644547453945322e-10
421.0 1.644547453945322e-10
422.0 1.644547453945322e-10
423.0 1.644547453945322e-10
424.0 1.644547453945322e-10
425.0 1.644547453945322e-10
426.0 1.644547453945322e-10
427.0 1.644547453945322e-10
428.0 0.0013200586181483231
429.0 1.644547453945322e-10
430.0 1.644547453945322e-10
431.0 1.644547453945322e-10
432.0 1.644547453945322e-10
433.0 1.644547453945322e-10
434.0 0.00072107432060875
435.0 0.0006779955583624542
436.0 0.0006349175691866549
437.0 1.644547453945322e-10
438.0 1.644547453945322e-10
439.0 0.00022270760382525623
440.0 0.0018690776414587162
441.0 5.219770287112624e-05
442.0 1.644547453945322e-10
443.0 1.644547453945322e-10
444.0 1.644547453945322e-10
445.0 1.644547453945322e-10
446.0 1.644547453945322e-10
447.0 1.644547453945322e-10
448.0 1.644547453945322e-10
449.0 1.644547453945322e-10
450.0 1.644547453945322e-10
451.0 1.644547453945322e-10
452.0 1.644547453945322e-10
453.0 1.644547453945322e-10
454.0 0.0009907336789183319
455.0 0.0008429643457930069
456.0 0.0006951947398192715
457.0 1.644547453945322e-10
458.0 1.644547453945322e-10
459.0 1.644547453945322e-10
460.0 1.644547453945322e-10
461.0 1.644547453945322e-10
462.0 1.644547453945322e-10
463.0 1.644547453945322e-10
464.0 1.644547453945322e-10
465.0 0.000383912583856727
466.0 0.0008475451068079565
467.0 0.0012442469596862793
468.0 0.0016409490854130127
469.0 0.0009996487278840505
470.0 0.0003583478246582672
471.0 0.0002379082616243977
472.0 0.00011746865311579313
473.0 1.644547453945322e-10
474.0 1.644547453945322e-10
475.0 1.644547453945322e-10
476.0 0.000771446866565384
477.0 0.00028617860152735375
478.0 1.644547453945322e-10
479.0 1.644547453945322e-10
480.0 1.644547453945322e-10
481.0 1.644547453945322e-10
482.0 1.644547453945322e-10
483.0 1.644547453945322e-10
484.0 1.644547453945322e-10
485.0 1.644547453945322e-10
486.0 1.644547453945322e-10
487.0 1.644547453945322e-10
488.0 1.644547453945322e-10
489.0 1.644547453945322e-10
490.0 1.644547453945322e-10
491.0 1.644547453945322e-10
492.0 1.644547453945322e-10
493.0 1.644547453945322e-10
494.0 1.644547453945322e-10
495.0 0.0004112352144147735
496.0 0.001163029719464248
497.0 0.0007765004738757852
498.0 0.0003899710918631172
499.0 0.00035584778288466623
500.0 0.00032172481496672845
501.0 0.00015064395029185107
502.0 1.644547453945322e-10
503.0 1.644547453945322e-10
504.0 1.644547453945322e-10
505.0 1.644547453945322e-10
506.0 1.644547453945322e-10
507.0 1.644547453945322e-10
508.0 1.644547453945322e-10
509.0 1.644547453945322e-10
510.0 1.644547453945322e-10
511.0 0.0006601906534342561
512.0 0.0015476147382287309
513.0 0.0006515398126794025
514.0 1.644547453945322e-10
515.0 0.00026107327357749455
516.0 0.0007666819328733254
517.0 0.0005072975909570232
518.0 0.0002479134082022938
519.0 0.00011489977396195172
520.0 1.644547453945322e-10
521.0 0.00026505290406930726
522.0 0.0005482196229422698
523.0 0.00020690592918981565
524.0 1.644547453945322e-10
525.0 1.644547453945322e-10
526.0 9.432930596631195e-05
527.0 1.644547453945322e-10
528.0 1.644547453945322e-10
529.0 1.644547453945322e-10
530.0 0.0001957154381670989
531.0 0.00014438866173804854
532.0 9.306182278123742e-05
533.0 1.644547453945322e-10
534.0 1.644547453945322e-10
535.0 2.2398585031169205e-05
536.0 0.00023500926999986405
537.0 3.756405817512132e-05
538.0 1.644547453945322e-10
539.0 1.644547453945322e-10
540.0 1.644547453945322e-10
541.0 1.644547453945322e-10
542.0 1.644547453945322e-10
543.0 1.644547453945322e-10
544.0 1.644547453945322e-10
545.0 1.644547453945322e-10
546.0 1.644547453945322e-10
547.0 0.00015679072475904832
548.0 0.0005285702627588762
549.0 1.644547453945322e-10
550.0 1.644547453945322e-10
551.0 1.644547453945322e-10
552.0 1.644547453945322e-10
553.0 1.644547453945322e-10
554.0 1.644547453945322e-10
555.0 1.644547453945322e-10
556.0 1.644547453945322e-10
557.0 1.644547453945322e-10
558.0 1.644547453945322e-10
559.0 1.644547453945322e-10
560.0 9.211408951159683e-05
561.0 5.544223995457287e-05
562.0 1.8770488452446443e-05
563.0 1.644547453945322e-10
564.0 1.644547453945322e-10
565.0 1.644547453945322e-10
566.0 1.644547453945322e-10
567.0 1.644547453945322e-10
568.0 1.644547453945322e-10
569.0 0.00014078113963478245
570.0 0.0002988777623613714
571.0 0.0002519881945772795
572.0 0.00020509880869212793
573.0 0.00035468360692902934
574.0 0.0005042687462264439
575.0 0.0004718342097476125
576.0 0.0004393998551677214
577.0 0.00019707867977558635
578.0 1.644547453945322e-10
579.0 5.586731504081399e-05
580.0 0.00015697696653660387
581.0 0.0006407982255041134
582.0 0.001124619575421093
583.0 0.0014127817848930135
584.0 0.0017009440853144042
585.0 0.0013391731954470742
586.0 0.0009774018508323934
587.0 0.0011530885785759892
588.0 0.0013287753972690552
589.0 0.0009964328455680516
590.0 0.0006640900664933724
591.0 0.0006849276360298973
592.0 0.000705765160091687
593.0 0.0006140658115327824
594.0 0.0005223662356002023
595.0 0.0008281615919258911
596.0 0.0011339567208779044
597.0 0.0012170846275694203
598.0 0.0013002123523619957
599.0 0.0014418620594369713
600.0 0.0015835114027140662
601.0 0.0018841237761080265
602.0 0.002184736149501987
603.0 0.0023671102098887786
604.0 0.002549484452174511
605.0 0.0021365138309192844
606.0 0.0017235433915629983
607.0 0.001246249030373292
608.0 0.000768954760133056
609.0 0.0005262508693704149
610.0 0.0002835469786077738
611.0 0.00030656765375169925
612.0 0.0003295883061582572
613.0 0.00043290456233080477
614.0 0.0005362208412407199
615.0 0.0008336434802913573
616.0 0.0011310662557662
617.0 0.0010684273547667544
618.0 0.0010057886356662493
619.0 0.0005260043963062344
620.0 4.622017968358705e-05
621.0 0.0004348321454017423
622.0 0.0008234440429077949
623.0 0.0007885435479693115
624.0 0.0007536430075560929
625.0 0.0007051274678815389
626.0 0.0006566121555806603
627.0 0.000756000235924148
628.0 0.0008553882253181655
629.0 0.0009836649041972123
630.0 0.0011119414011773188
631.0 0.001576831164129544
632.0 0.0020417204723344184
633.0 0.0018979189917445183
634.0 0.0017541171473567374
635.0 0.002392504939052742
636.0 0.003030892366950866
637.0 0.0027073292585555464
638.0 0.0023837657863623463
639.0 0.0020043100448674522
640.0 0.0016248543033725582
641.0 0.0012602794413396623
642.0 0.0008957048521551769
643.0 0.0007451159035554156
644.0 0.000594526864006184
645.0 0.000510590871272143
646.0 0.0004266548330633668
647.0 0.00034181366572738625
648.0 0.00025697258934087586
649.0 0.0001671018708293559
650.0 7.723123189862235e-05
651.0 0.00022103258743300103
652.0 0.0003648341362350038
653.0 0.0007241731509566307
654.0 0.0010835119610419497
655.0 0.0015330751921283081
656.0 0.001982638241315726
657.0 0.002586433220130857
658.0 0.003190228744642809
659.0 0.0036443325370782986
660.0 0.004098436329513788
661.0 0.0041095227061305195
662.0 0.004120608355151489
663.0 0.0033075437386287376
664.0 0.002494479122105986
665.0 0.0021971929527353495
666.0 0.0018999064195668325
667.0 0.001514099130872637
668.0 0.0011282913874310907
669.0 0.0008859084118739702
670.0 0.0006435255727410549
671.0 0.0005173308636585716
672.0 0.0003911360636266181
673.0 0.0002567006276876782
674.0 0.00012226516901137074
675.0 0.0005472641532833222
676.0 0.0009722631148179062
677.0 0.0015393825378851034
678.0 0.0021065019609523006
679.0 0.002232502811239101
680.0 0.002358503479626961
681.0 0.0034319586120545864
682.0 0.004505413744482212
683.0 0.00583847431698814
684.0 0.007171534525696188
685.0 0.0076425822044257075
686.0 0.008113633521134034
687.0 0.007949765858938918
688.0 0.00778589746914804
689.0 0.006618972838623449
690.0 0.0054520507546840236
691.0 0.004513730527833104
692.0 0.0035754106647800654
693.0 0.0031017643777886406
694.0 0.0026281180907972157
695.0 0.0020486775611061603
696.0 0.001469237122364575
697.0 0.001201418854179792
698.0 0.000933600495045539
699.0 0.0008469830390822608
700.0 0.0007603658104926581
701.0 0.0005972922735963948
702.0 0.000434218964073807
703.0 0.0006301168923528166
704.0 0.0008260150025307667
705.0 0.0007577835731353844
706.0 0.0006895523256389424
707.0 0.0007280096269823844
708.0 0.0007664664735784754
709.0 0.0006310729077085853
710.0 0.0004956791599397548
711.0 0.000674050579618779
712.0 0.0008524219992978033
713.0 0.0007968115824041888
714.0 0.0007412012564600445
715.0 0.000700838427292183
716.0 0.0006604755526495865
717.0 0.0006557992492162157
718.0 0.0006511229003081098
719.0 0.0005766413323726738
720.0 0.0005021597644372378
721.0 0.00045679762479267083
722.0 0.0004114354851481039
723.0 0.0003985731382272206
724.0 0.00038571074583160225
725.0 0.0003995576662418898
726.0 0.0004134045411774423
727.0 0.0003732826144187129
728.0 0.00033316080134682124
729.0 0.0002568433274063864
730.0 0.00018052588757200283
731.0 0.00021234161522443173
732.0 0.0002441573087708093
733.0 5.669245410899748e-05
734.0 1.644547453945322e-10
735.0 0.0001113192183765932
736.0 0.00035341083730600076
737.0 0.0002877355427699513
738.0 0.00022206022549653426
739.0 0.0004797751444129972
740.0 0.0007374901088041952
741.0 0.0009023599886859301
742.0 0.0010672299140424002
743.0 0.001510153742856346
744.0 0.0019530774807208218
745.0 0.0025629544325056486
746.0 0.0031728308385936543
747.0 0.003805856977123767
748.0 0.0044388823880581185
749.0 0.004147671643295325
750.0 0.003856461262330413
751.0 0.003602176730055362
752.0 0.003347892561578192
753.0 0.002846415554813575
754.0 0.002344938911846839
755.0 0.0025638295483076945
756.0 0.0027827203666674905
757.0 0.0022064912627683952
758.0 0.001630261613172479
759.0 0.0013701290299650282
760.0 0.0011099964467575774
761.0 0.0012722724022751208
762.0 0.0014345485396916047
763.0 0.0009224493624060415
764.0 0.000410350048696273
765.0 0.0005115541171107907
766.0 0.0006127581855253084
767.0 0.0004677346169046359
768.0 0.00032271093459712574
769.0 0.0005516761120816227
770.0 0.000780641221354017
771.0 0.0005522030278370949
772.0 0.00032376476610807003
773.0 0.0002639805643411819
774.0 0.0002041962943621911
775.0 0.00031316428703576094
776.0 0.00042213223423459567
777.0 0.0004882873327005655
778.0 0.00055444229474233
779.0 0.0007823067790013738
780.0 0.0010101711268362124
781.0 0.0009280769518227316
782.0 0.0008459828677587211
783.0 0.0008307128155138344
784.0 0.0008154425813700072
785.0 0.0011230989912291989
786.0 0.0014307554010883905
787.0 0.0010064228263217956
788.0 0.000582089933232055
789.0 0.0006905307145643746
790.0 0.0007989714504219592
791.0 0.0007242849278554786
792.0 0.000649598405288998
793.0 0.0002483168373146327
794.0 1.644547453945322e-10
795.0 4.077982111994061e-05
796.0 0.00023452439563698135
797.0 0.00048711535782786086
798.0 0.0007397064564429456
799.0 0.00028525439574877964
800.0 1.644547453945322e-10
801.0 1.644547453945322e-10
802.0 1.644547453945322e-10
803.0 1.644547453945322e-10
804.0 1.644547453945322e-10
805.0 1.644547453945322e-10
806.0 1.644547453945322e-10
807.0 1.644547453945322e-10
808.0 1.644547453945322e-10
809.0 0.0002754288288997486
810.0 0.0006815932010795223
811.0 0.0002418130861769896
812.0 1.644547453945322e-10
813.0 9.782737606656156e-05
814.0 0.00039362157622235827
815.0 0.0003090464588240138
816.0 0.0002244712959509343
817.0 0.00045999536268936936
818.0 0.0006955194294278044
819.0 0.0005527988832909614
820.0 0.0004100785645277938
821.0 5.4671613725076895e-05
822.0 1.644547453945322e-10
823.0 1.644547453945322e-10
824.0 7.062503755150829e-05
825.0 1.644547453945322e-10
826.0 1.644547453945322e-10
827.0 3.628414901868382e-05
828.0 0.00048176639211305883
829.0 0.00031194035727821756
830.0 0.0001421148112967785
831.0 2.2208141103874368e-05
832.0 1.644547453945322e-10
833.0 1.644547453945322e-10
834.0 1.644547453945322e-10
835.0 1.644547453945322e-10
836.0 4.8128771368283196e-05
837.0 1.644547453945322e-10
838.0 1.644547453945322e-10
839.0 1.644547453945322e-10
840.0 1.644547453945322e-10
841.0 1.644547453945322e-10
842.0 5.003670366932056e-05
843.0 6.529697316182137e-05
844.0 8.055716875787766e-05
845.0 9.620943330901355e-06
846.0 1.644547453945322e-10
847.0 1.644547453945322e-10
848.0 5.1297718073328724e-05
849.0 8.015126695681829e-05
850.0 0.00010900466804741882
851.0 0.00013715282420889707
852.0 0.00016530110542589682
853.0 0.0003313596835141652
854.0 0.0004974182047590148
855.0 0.0003022309101652354
856.0 0.00010704353599066962
857.0 0.0002551179932197556
858.0 0.00040319241634279024
859.0 0.0007877515599830076
860.0 0.00117231074909796
861.0 0.0010242199095955584
862.0 0.0008761290700931568
863.0 0.0009336074072052725
864.0 0.0009910854714689776
865.0 0.001521573904028628
866.0 0.002052062154689338
867.0 0.001986559982469771
868.0 0.0019210579921491444
869.0 0.0015226069081109017
870.0 0.0011241557331231888
871.0 0.0015088156033016276
872.0 0.0018934752006316558
873.0 0.002043931272055488
874.0 0.0021943869796814397
875.0 0.0021725176338804886
876.0 0.002150648469978478
877.0 0.002085388587147463
878.0 0.0020201292500132695
879.0 0.0021863525034859776
880.0 0.0023525764845544472
