lsstCam/transmission_filter_detector/r20_s01/u_24/19700101T000000.ecsv
# %ECSV 1.0
# ---
# datatype:
# - {name: wavelength, unit: nm, datatype: float32}
# - {name: efficiency, unit: '%', datatype: float64}
# meta: !!omap
# - {MODE: DETECTOR}
# - {TYPE: transmission_filter_detector}
# - {CALIBDATE: '1970-01-01T00:00:00'}
# - {INSTRUME: LSSTCam}
# - {OBSTYPE: transmission_filter_detector}
# - {CALIBCLS: lsst.ip.isr.IntermediateFilterDetectorTransmissionCurve}
# - {SOURCE: Materion (DM-46256)}
# - {DETECTOR: 73}
# - {FILTER: u_24}
# - {CALIB_ID: 'calibDate=1970-01-01T00:00:00 filter=u_24 detector=73'}
# - {DATE: '2025-04-02T15:59:40.087313'}
# - {CALIB_CREATION_DATE: '2025-04-02'}
# - {CALIB_CREATION_TIME: '15:59:40'}
# - __serialized_columns__:
#     efficiency:
#       __class__: astropy.units.quantity.Quantity
#       unit: !astropy.units.Unit {unit: '%'}
#       value: !astropy.table.SerializedColumn {name: efficiency}
#     wavelength:
#       __class__: astropy.units.quantity.Quantity
#       unit: !astropy.units.Unit {unit: nm}
#       value: !astropy.table.SerializedColumn {name: wavelength}
# schema: astropy-2.0
wavelength efficiency
[from data line 587]
882.0 0.0025269204343203455
883.0 0.0024529288566554897
884.0 0.0023789376427885145
885.0 0.002480566945450846
886.0 0.0025821960662142374
887.0 0.002421718272671569
888.0 0.002261241024825722
889.0 0.0022468271708930843
890.0 0.002232413135061506
891.0 0.0022420268578571267
892.0 0.002251640398753807
893.0 0.0023816744942450896
894.0 0.002511708044039551
895.0 0.002864005909941625
896.0 0.003216303593944758
897.0 0.003757703598239459
898.0 0.00429910360253416
899.0 0.004431035995366983
900.0 0.004562967660604045
901.0 0.004409465691423975
902.0 0.0042559644498396665
903.0 0.004649555557989515
904.0 0.005043146666139364
905.0 0.004918428385281004
906.0 0.004793710104422644
907.0 0.005149875505594537
908.0 0.0055060409067664295
909.0 0.00550790864508599
910.0 0.005509776383405551
911.0 0.005670166865456849
912.0 0.005830558075103909
913.0 0.005812857853015885
914.0 0.005795157630927861
915.0 0.005228611917118542
916.0 0.004662066567107104
917.0 0.0043736541556427255
918.0 0.004085242107976228
919.0 0.004309667565394193
920.0 0.004534092659014277
921.0 0.004569159136735834
922.0 0.004604226342053153
923.0 0.005341779979062267
924.0 0.006079332160879858
925.0 0.006273895996855572
926.0 0.006468460196629167
927.0 0.0070832167693879455
928.0 0.007697970431763679
929.0 0.00765571603551507
930.0 0.0076134609116707
931.0 0.007114754407666624
932.0 0.006616046448471025
933.0 0.006448873318731785
934.0 0.006281700188992545
935.0 0.006617478356929496
936.0 0.006953256524866447
937.0 0.006895323895150796
938.0 0.006837394903413951
939.0 0.006913523247931153
940.0 0.006989650864852592
941.0 0.006080044840928167
942.0 0.0051704377256101
943.0 0.004428664033184759
944.0 0.003686891432153061
945.0 0.0028793379897251725
946.0 0.002071785092994105
947.0 0.002035285797319375
948.0 0.0019987863197457045
949.0 0.001519909801572794
950.0 0.0010410331015009433
951.0 0.0012115696335968096
952.0 0.0013821058018947951
953.0 0.001519339275546372
954.0 0.001656572931096889
955.0 0.0019797606000793166
956.0 0.0023029479052638635
957.0 0.002580128420959227
958.0 0.002857308390957769
959.0 0.0030636281735496596
960.0 0.0032699477742426097
961.0 0.003939117596019059
962.0 0.004608287417795509
963.0 0.004721062214230187
964.0 0.004833837374462746
965.0 0.004840907058678567
966.0 0.0048479771066922694
967.0 0.0046148103137966245
968.0 0.00438164388469886
969.0 0.004581100802170113
970.0 0.004780557719641365
971.0 0.00469635269837454
972.0 0.004612146949511953
973.0 0.0044183838326716796
974.0 0.004224620715831406
975.0 0.004320974767324515
976.0 0.004417328455019742
977.0 0.004015303420601413
978.0 0.0036132780223852023
979.0 0.0033923348382813856
980.0 0.003171391654177569
981.0 0.002993689849972725
982.0 0.0028159882276668213
983.0 0.0030092200177023187
984.0 0.003202451262040995
985.0 0.003431727600400336
986.0 0.003661003938759677
987.0 0.004203533899271861
988.0 0.004746064223581925
989.0 0.0058759360399562865
990.0 0.007005807128734887
991.0 0.006928314542165026
992.0 0.0068508219555951655
993.0 0.0072927978180814534
994.0 0.007734773680567741
995.0 0.007099926733644679
996.0 0.006465078331530094
997.0 0.005918278475292027
998.0 0.0053714815294370055
999.0 0.005707985837943852
1000.0 0.006044489418854937
1001.0 0.00563142602914013
1002.0 0.005218360456638038
1003.0 0.005056515510659665
1004.0 0.00489466983708553
1005.0 0.005171582961338572
1006.0 0.005448496085591614
1007.0 0.0053181818657321855
1008.0 0.005187865099287592
1009.0 0.004741914744954556
1010.0 0.004295964390621521
1011.0 0.004026924580102786
1012.0 0.003757885133381933
1013.0 0.00297305487038102
1014.0 0.0021882247892790474
1015.0 0.0020721694454550743
1016.0 0.0019561141016311012
1017.0 0.0016837224393384531
1018.0 0.0014113305951468647
1019.0 0.0013772319107374642
1020.0 0.001343133317277534
1021.0 0.001142482415161794
1022.0 0.0009418315130460542
1023.0 0.0010803319128172006
1024.0 0.0012188324035378173
1025.0 0.0009749959644977935
1026.0 0.0007311596618819749
1027.0 0.0007550918780907523
1028.0 0.0007790237759763841
1029.0 0.001039871585817309
1030.0 0.0013007196685066447
1031.0 0.002055152981483843
1032.0 0.002809586476359982
1033.0 0.0023141237761592492
1034.0 0.0018186610759585164
1035.0 0.0020790907001355663
1036.0 0.0023395199605147354
1037.0 0.0023697428332525305
1038.0 0.0023999657059903257
1039.0 0.002016814141825307
1040.0 0.0016336625776602887
1041.0 0.00140017582452856
1042.0 0.0011666891623463016
1043.0 0.0014238079529604875
1044.0 0.0016809268345241435
1045.0 0.00161732968990691
1046.0 0.001553732727188617
1047.0 0.001867947867140174
1048.0 0.0021821633708896115
1049.0 0.001545048871776089
1050.0 0.0009079340088646859
1051.0 0.00098775735750678
1052.0 0.0010675803423509933
1053.0 0.0009174616025120486
1054.0 0.0007673426807741635
1055.0 0.0006315136488410644
1056.0 0.0004956850716553163
1057.0 0.0007690487109357491
1058.0 0.0010424124411656521
1059.0 0.0009763410162122454
1060.0 0.0009102699550567195
1061.0 0.0010562775969447102
1062.0 0.001202285238832701
1063.0 0.0010441737686051056
1064.0 0.0008860618436301593
1065.0 0.000627684448772925
1066.0 0.0003693070993904257
1067.0 0.0007461873792635743
1068.0 0.0011230669770156965
1069.0 0.0020546207451843657
1070.0 0.002986174149555154
1071.0 0.002842607136699371
1072.0 0.002699040123843588
1073.0 0.001914102176669985
1074.0 0.001129164138546912
1075.0 0.0030325423722388223
1076.0 0.004935920514981262
1077.0 0.004990720481146127
1078.0 0.005045520083513111
1079.0 0.005827512723044492
1080.0 0.006609502452192828
1081.0 0.005185707050259225
1082.0 0.003761911648325622
1083.0 0.002368856075918302
1084.0 0.0009758010492078029
1085.0 0.002015948120970279
1086.0 0.003056094647035934
1087.0 0.004393375274958089
1088.0 0.005730655539082363
1089.0 0.006367931928252801
1090.0 0.007005210500210524
1091.0 0.0031310890335589647
1092.0 1.644547453945322e-10
1093.0 0.00010768031870611594
1094.0 0.0009583925930201076
1095.0 0.0018285269106854685
1096.0 0.00269866159214871
1097.0 0.001411809353157878
1098.0 0.0001249569095307379
1099.0 0.0008917186278267764
1100.0 0.0016584797776886262
