lsstCam/transmission_filter_detector/r13_s20/u_24/19700101T000000.ecsv
# %ECSV 1.0
# ---
# datatype:
# - {name: wavelength, unit: nm, datatype: float32}
# - {name: efficiency, unit: '%', datatype: float64}
# meta: !!omap
# - {MODE: DETECTOR}
# - {TYPE: transmission_filter_detector}
# - {CALIBDATE: '1970-01-01T00:00:00'}
# - {INSTRUME: LSSTCam}
# - {OBSTYPE: transmission_filter_detector}
# - {CALIBCLS: lsst.ip.isr.IntermediateFilterDetectorTransmissionCurve}
# - {SOURCE: Materion (DM-46256)}
# - {DETECTOR: 60}
# - {FILTER: u_24}
# - {CALIB_ID: 'calibDate=1970-01-01T00:00:00 filter=u_24 detector=60'}
# - {DATE: '2025-04-02T15:59:40.027136'}
# - {CALIB_CREATION_DATE: '2025-04-02'}
# - {CALIB_CREATION_TIME: '15:59:40'}
# - __serialized_columns__:
#     efficiency:
#       __class__: astropy.units.quantity.Quantity
#       unit: !astropy.units.Unit {unit: '%'}
#       value: !astropy.table.SerializedColumn {name: efficiency}
#     wavelength:
#       __class__: astropy.units.quantity.Quantity
#       unit: !astropy.units.Unit {unit: nm}
#       value: !astropy.table.SerializedColumn {name: wavelength}
# schema: astropy-2.0
wavelength efficiency
295.0 1.585112575051839e-10
296.0 1.585112575051839e-10
297.0 1.585112575051839e-10
298.0 1.585112575051839e-10
299.0 1.585112575051839e-10
300.0 1.585112575051839e-10
301.0 1.585112575051839e-10
302.0 1.585112575051839e-10
303.0 1.585112575051839e-10
304.0 0.10768614010885358
305.0 0.590980052947998
306.0 1.352833490818739
307.0 2.571643516421318
308.0 4.508887976408005
309.0 7.56663903594017
310.0 10.436829924583435
311.0 13.917887210845947
312.0 17.599773406982422
313.0 20.87581157684326
314.0 24.133343994617462
315.0 26.516342163085938
316.0 28.59690487384796
317.0 31.014040112495422
318.0 33.452534675598145
319.0 36.9646817445755
320.0 41.738274693489075
321.0 46.830394864082336
322.0 52.81391143798828
323.0 58.392155170440674
324.0 63.116252422332764
325.0 66.67026281356812
326.0 69.35861110687256
327.0 71.31407856941223
328.0 73.0691909790039
329.0 74.54432249069214
330.0 75.88554620742798
331.0 76.86134576797485
332.0 77.32856273651123
333.0 77.49598026275635
334.0 77.34307050704956
335.0 77.44847536087036
336.0 77.61852741241455
337.0 78.06316018104553
338.0 78.8861334323883
339.0 79.5153796672821
340.0 79.91751432418823
341.0 80.50698637962341
342.0 80.82193732261658
343.0 80.73629140853882
344.0 80.9682548046112
345.0 81.2505841255188
346.0 81.45143389701843
347.0 81.82455897331238
348.0 82.12388157844543
349.0 82.27095603942871
350.0 82.33580589294434
351.0 82.62758255004883
352.0 82.49688744544983
353.0 82.33647346496582
354.0 82.31937885284424
355.0 82.42695331573486
356.0 82.59608745574951
357.0 82.5564444065094
358.0 82.29671716690063
359.0 82.15168118476868
360.0 82.02237486839294
361.0 81.87363147735596
362.0 81.80246949195862
363.0 81.88455700874329
364.0 81.98251128196716
365.0 82.12513327598572
366.0 82.27617740631104
367.0 82.2469711303711
368.0 82.20126032829285
369.0 82.11031556129456
370.0 81.77872896194458
371.0 81.56617879867554
372.0 81.53980374336243
373.0 81.62674903869629
374.0 81.59873485565186
375.0 81.92274570465088
376.0 81.94264769554138
377.0 81.98431134223938
378.0 82.01724886894226
379.0 81.8277657032013
380.0 81.22608065605164
381.0 79.97588515281677
382.0 78.34277153015137
383.0 76.36684775352478
384.0 74.28319454193115
385.0 72.00350761413574
386.0 69.57311630249023
387.0 66.5185034275055
388.0 63.35920691490173
389.0 59.57983732223511
390.0 55.730146169662476
391.0 51.61096453666687
392.0 47.24361598491669
393.0 43.42546761035919
394.0 40.119245648384094
395.0 36.94170117378235
396.0 33.70375037193298
397.0 29.419603943824768
398.0 24.462352693080902
399.0 18.19099187850952
400.0 12.030813097953796
401.0 7.022715359926224
402.0 3.374732658267021
403.0 1.2031053192913532
404.0 0.37039199378341436
405.0 0.13681371929123998
406.0 0.08431830210611224
407.0 0.03079764428548515
408.0 0.028847428620792925
409.0 1.585112575051839e-10
410.0 0.00301531490549678
411.0 1.585112575051839e-10
412.0 1.585112575051839e-10
413.0 1.585112575051839e-10
414.0 1.585112575051839e-10
415.0 1.585112575051839e-10
416.0 1.585112575051839e-10
417.0 1.585112575051839e-10
418.0 0.008772938599577174
419.0 1.585112575051839e-10
420.0 1.585112575051839e-10
421.0 1.585112575051839e-10
422.0 1.585112575051839e-10
423.0 1.585112575051839e-10
424.0 1.585112575051839e-10
425.0 1.585112575051839e-10
426.0 0.0019778537534875795
427.0 0.000705319371263613
428.0 1.585112575051839e-10
429.0 0.0007161104804254137
430.0 0.001999437517952174
431.0 0.0016156933270394802
432.0 0.001231949408975197
433.0 0.0019668161257868633
434.0 0.002701682024053298
435.0 0.002459933966747485
436.0 0.0022181855456437916
437.0 1.585112575051839e-10
438.0 1.585112575051839e-10
439.0 1.585112575051839e-10
440.0 0.00048392921598860994
441.0 1.585112575051839e-10
442.0 1.585112575051839e-10
443.0 1.585112575051839e-10
444.0 1.585112575051839e-10
445.0 1.585112575051839e-10
446.0 1.585112575051839e-10
447.0 1.585112575051839e-10
448.0 1.585112575051839e-10
449.0 1.585112575051839e-10
450.0 0.0009519139894109685
451.0 1.585112575051839e-10
452.0 1.585112575051839e-10
453.0 1.585112575051839e-10
454.0 0.0006292580565059325
455.0 1.585112575051839e-10
456.0 1.585112575051839e-10
457.0 1.585112575051839e-10
458.0 1.585112575051839e-10
459.0 1.585112575051839e-10
460.0 1.585112575051839e-10
461.0 1.585112575051839e-10
462.0 1.585112575051839e-10
463.0 8.186353284145298e-05
464.0 0.0003428077206990565
465.0 0.0004481282758206362
466.0 0.0005534485808311729
467.0 1.585112575051839e-10
468.0 1.585112575051839e-10
469.0 1.585112575051839e-10
470.0 0.0003351212171764928
471.0 1.585112575051839e-10
472.0 1.585112575051839e-10
473.0 1.585112575051839e-10
474.0 1.585112575051839e-10
475.0 1.585112575051839e-10
476.0 1.585112575051839e-10
477.0 0.0005002020770916715
478.0 0.0014908225239196327
479.0 0.0013739811947743874
480.0 0.0012571402294270229
481.0 0.0008295037332572974
482.0 0.0004018675554107176
483.0 1.585112575051839e-10
484.0 1.585112575051839e-10
485.0 1.585112575051839e-10
486.0 1.585112575051839e-10
487.0 1.585112575051839e-10
488.0 1.585112575051839e-10
489.0 1.585112575051839e-10
490.0 1.585112575051839e-10
491.0 1.585112575051839e-10
492.0 1.585112575051839e-10
493.0 1.585112575051839e-10
494.0 1.585112575051839e-10
495.0 1.585112575051839e-10
496.0 0.0010537482921790797
497.0 0.0006167297669890104
498.0 0.00017971102579394937
499.0 0.0006810484592278954
500.0 0.0011823859495052602
501.0 0.0006610900982195744
502.0 0.00013979453115098295
503.0 1.585112575051839e-10
504.0 1.585112575051839e-10
505.0 1.585112575051839e-10
506.0 1.585112575051839e-10
507.0 1.585112575051839e-10
508.0 1.585112575051839e-10
509.0 1.585112575051839e-10
510.0 1.585112575051839e-10
511.0 1.8597376083562267e-05
512.0 0.000496248685522005
513.0 0.0002905030441979761
514.0 8.475703907606658e-05
515.0 0.00014351536492540617
516.0 0.00020227371351211332
517.0 0.00017932229638972785
518.0 0.0001563709133733937
519.0 0.0003548236236383673
520.0 0.0005532763680093922
521.0 0.00039752208067511674
522.0 0.00024176772512873868
523.0 1.585112575051839e-10
524.0 1.585112575051839e-10
525.0 1.585112575051839e-10
526.0 1.585112575051839e-10
527.0 1.585112575051839e-10
528.0 1.585112575051839e-10
529.0 1.585112575051839e-10
530.0 1.585112575051839e-10
531.0 1.585112575051839e-10
532.0 3.7431212263072666e-05
533.0 1.585112575051839e-10
534.0 1.585112575051839e-10
535.0 1.585112575051839e-10
536.0 1.585112575051839e-10
537.0 1.585112575051839e-10
538.0 1.585112575051839e-10
539.0 1.585112575051839e-10
540.0 0.00023583672827953706
541.0 1.585112575051839e-10
542.0 1.585112575051839e-10
543.0 1.585112575051839e-10
544.0 1.585112575051839e-10
545.0 1.585112575051839e-10
546.0 1.585112575051839e-10
547.0 1.585112575051839e-10
548.0 1.7449930567181582e-05
549.0 1.585112575051839e-10
550.0 1.585112575051839e-10
551.0 1.585112575051839e-10
552.0 1.585112575051839e-10
553.0 1.585112575051839e-10
554.0 1.585112575051839e-10
555.0 1.585112575051839e-10
556.0 1.585112575051839e-10
557.0 1.585112575051839e-10
558.0 1.585112575051839e-10
559.0 1.585112575051839e-10
560.0 7.457423407686292e-05
561.0 3.1232036690198584e-05
562.0 1.585112575051839e-10
563.0 1.585112575051839e-10
564.0 1.585112575051839e-10
565.0 1.585112575051839e-10
566.0 0.0001121994841923879
567.0 0.00017096676856453996
568.0 0.0002297340643053758
569.0 0.0004835914296563715
570.0 0.0007374484994215891
571.0 0.0005729110398533521
572.0 0.00040837362575985026
573.0 0.0005159545253263786
574.0 0.0006235358341655228
575.0 0.00040832351260178257
576.0 0.00019311125925014494
577.0 0.00022851866106066154
578.0 0.0002639260401338106
579.0 0.00043861855374416336
580.0 0.000613311021879781
581.0 0.000581866243010154
582.0 0.0005504218279384077
583.0 0.0011896971045644023
584.0 0.0018289727449882776
585.0 0.0016729614799260162
586.0 0.001516949760116404
587.0 0.0015717932910774834
588.0 0.0016266367310890928
589.0 0.0013849885363015346
590.0 0.0011433397958171554
591.0 0.0010187884072365705
592.0 0.0008942365639086347
593.0 0.0008718563549336977
594.0 0.0008494755093124695
595.0 0.0008033242011151742
596.0 0.0007571723017463228
597.0 0.0009621972822060343
598.0 0.0011672219443426002
599.0 0.0013149964615877252
600.0 0.0014627706150349695
601.0 0.0016062953363871202
602.0 0.001749820148688741
603.0 0.001645988413656596
604.0 0.0015421568605233915
605.0 0.0015981086107785814
606.0 0.0016540603610337712
607.0 0.0015108917068573646
608.0 0.0013677229617314879
609.0 0.0008159332537616137
610.0 0.0002641436367412098
611.0 0.0003256370519011398
612.0 0.0003871304670610698
613.0 0.00022514768716064282
614.0 6.316486178548075e-05
615.0 0.0002699219066926162
616.0 0.0004766789515997516
617.0 0.0008346577487827744
618.0 0.0011926366823900025
619.0 0.0006094318905525142
620.0 2.6227263560940628e-05
621.0 0.00023983213850442553
622.0 0.0004534369054454146
623.0 0.0005153380243427819
624.0 0.0005772391432401491
625.0 0.000631334387435345
626.0 0.0006854296316305408
627.0 0.000516866793986992
628.0 0.00034830402455554577
629.0 0.0004263073151378194
630.0 0.0005043107648816658
631.0 0.0011147715667902958
632.0 0.0017252323232241906
633.0 0.0016630157915642485
634.0 0.001600799078005366
635.0 0.0020185518224025145
636.0 0.0024363043849007227
637.0 0.002629245318530593
638.0 0.002822186434059404
639.0 0.0021456835384014994
640.0 0.0014691802789457142
641.0 0.0014574148735846393
642.0 0.0014456493772740941
643.0 0.0009344731552118901
644.0 0.000423296887674951
645.0 0.0006857987500552554
646.0 0.0009483005669608247
647.0 0.000280156996268488
648.0 1.585112575051839e-10
649.0 1.585112575051839e-10
650.0 9.02070837582869e-05
651.0 0.0002416683173578349
652.0 0.00039312976696237456
653.0 0.000873237968335161
654.0 0.0013533458513848018
655.0 0.0013187820513849147
656.0 0.0012842182513850275
657.0 0.00203905874514021
658.0 0.002793899693642743
659.0 0.0034261152904946357
660.0 0.004058330523548648
661.0 0.004094895848538727
662.0 0.004131461173528805
663.0 0.0034171953302575275
664.0 0.0027029298507841304
665.0 0.0023556349333375692
666.0 0.002008340015891008
667.0 0.0018374212231719866
668.0 0.0016665018847561441
669.0 0.0010962959095195401
670.0 0.0005260900252324063
671.0 0.000365603705176909
672.0 0.00020511729417194147
673.0 0.0001713458118501876
674.0 0.00013757432952843374
675.0 0.000366102585758199
676.0 0.000594630955674802
677.0 0.0011178432941960637
678.0 0.0016410558600910008
679.0 0.0017455866327509284
680.0 0.0018501172235119157
681.0 0.002679519820958376
682.0 0.003508922236505896
683.0 0.005055543078924529
684.0 0.006602163921343163
685.0 0.006946716894162819
686.0 0.007291272777365521
687.0 0.007198387902462855
688.0 0.007105503027560189
689.0 0.006179905903991312
690.0 0.005254309871816076
691.0 0.0047888945118756965
692.0 0.004323479151935317
693.0 0.003553801798261702
694.0 0.002784124626487028
695.0 0.002323489206901286
696.0 0.0018628537873155437
697.0 0.0012834207154810429
698.0 0.0007039875072223367
699.0 0.0008347846232936718
700.0 0.0009655814210418612
701.0 0.0008861024070938583
702.0 0.0008066233931458555
703.0 0.0007989437108335551
704.0 0.0007912646651675459
705.0 0.0005737582796427887
706.0 0.00035625203054223675
707.0 0.000601600459049223
708.0 0.0008469483873341233
709.0 0.0006593560556211742
710.0 0.00047176349653454963
711.0 0.0004470476142159896
712.0 0.0004223316864226945
713.0 0.0007517546237068018
714.0 0.0010811773790919688
715.0 0.0008337153303727973
716.0 0.0005862530088052154
717.0 0.000626855489826994
718.0 0.0006674578798993025
719.0 0.0006872889116493752
720.0 0.0007071197160257725
721.0 0.00041390544538444374
722.0 0.00012069102695022593
723.0 0.0005036975380789954
724.0 0.0008867041287885513
725.0 0.00044802272896049544
726.0 9.341258788708728e-06
727.0 0.00031293072879634565
728.0 0.000616520264884457
729.0 0.0004938825895806076
730.0 0.00037124509617569856
731.0 0.0003678522944028373
732.0 0.0003644596517915488
733.0 0.00023499114831793122
734.0 0.00010552267895036493
735.0 0.00028384461074892897
736.0 0.0004621665084414417
737.0 0.00040650234041095246
738.0 0.00035083812690572813
739.0 0.00036101971545576816
740.0 0.000371201213056338
741.0 0.000848581112222746
742.0 0.0013259613297122996
743.0 0.0014867989193589892
744.0 0.0016476362361572683
745.0 0.0020403369489940815
746.0 0.0024330371161340736
747.0 0.0030816150683676824
748.0 0.003730192838702351
749.0 0.0035597568057710305
750.0 0.0033893215004354715
751.0 0.003294269845355302
752.0 0.0031992181902751327
753.0 0.0028388922146405093
754.0 0.002478566239005886
755.0 0.002753390981524717
756.0 0.003028216269740369
757.0 0.002414131085970439
758.0 0.0018000459022005089
759.0 0.0015132371117942967
760.0 0.001226428594236495
761.0 0.0013028417924942914
762.0 0.001379255081701558
763.0 0.0010496627510292456
764.0 0.000720070420356933
765.0 0.0009234970093530137
766.0 0.0011269235983490944
767.0 0.0010811852916958742
768.0 0.0010354472578910645
769.0 0.0008191998858819716
770.0 0.0006029523319739383
771.0 0.00037869042444071965
772.0 0.00015442839185197954
773.0 0.00047219436964951456
774.0 0.0007899604497652035
775.0 0.0007431693575199461
776.0 0.000696377946951543
777.0 0.0006165629656607052
778.0 0.0005367476205719868
779.0 0.0003877761628245935
780.0 0.00023880463686509756
781.0 0.0006443455276894383
782.0 0.0010498864867258817
783.0 0.001060719478118699
784.0 0.0010715521057136357
785.0 0.0011513990102685057
786.0 0.0012312456419749651
787.0 0.0009332081390311942
788.0 0.0006351704996632179
789.0 0.0006755416507076006
790.0 0.0007159128472267184
791.0 0.0006541163202200551
792.0 0.0005923197477386566
793.0 0.00017662223399383947
794.0 1.585112575051839e-10
795.0 1.585112575051839e-10
796.0 1.585112575051839e-10
797.0 0.00019687395251821727
798.0 0.0007212340278783813
799.0 0.00029424511467368575
800.0 1.585112575051839e-10
801.0 1.585112575051839e-10
802.0 1.585112575051839e-10
803.0 1.585112575051839e-10
804.0 1.585112575051839e-10
805.0 1.585112575051839e-10
806.0 1.585112575051839e-10
807.0 1.585112575051839e-10
808.0 1.585112575051839e-10
809.0 0.0001777981992745481
810.0 0.0005833115665154764
811.0 8.019051733754168e-05
812.0 1.585112575051839e-10
813.0 1.585112575051839e-10
814.0 0.0003258280912632472
815.0 0.00014255994074119371
816.0 1.585112575051839e-10
817.0 1.585112575051839e-10
818.0 1.585112575051839e-10
819.0 1.585112575051839e-10
820.0 1.585112575051839e-10
821.0 1.585112575051839e-10
822.0 1.585112575051839e-10
823.0 1.585112575051839e-10
824.0 1.585112575051839e-10
825.0 1.585112575051839e-10
826.0 1.585112575051839e-10
827.0 0.00021696093881473644
828.0 0.0005846329258929472
829.0 0.00028371589451126056
830.0 1.585112575051839e-10
831.0 1.585112575051839e-10
832.0 1.585112575051839e-10
833.0 1.585112575051839e-10
834.0 1.585112575051839e-10
835.0 1.585112575051839e-10
836.0 1.585112575051839e-10
837.0 1.585112575051839e-10
838.0 1.585112575051839e-10
839.0 1.585112575051839e-10
840.0 1.585112575051839e-10
841.0 1.585112575051839e-10
842.0 2.8196214429954125e-05
843.0 5.2036278930245317e-05
844.0 7.587627806060482e-05
845.0 6.696437253594922e-05
846.0 5.8052387430507224e-05
847.0 1.585112575051839e-10
848.0 1.585112575051839e-10
849.0 1.585112575051839e-10
850.0 1.585112575051839e-10
851.0 1.585112575051839e-10
852.0 1.585112575051839e-10
853.0 7.627845093338692e-05
854.0 0.0004317353159422055
855.0 0.00017437978385714814
856.0 1.585112575051839e-10
857.0 0.00039927117541083135
858.0 0.0008815180990495719
859.0 0.0008899879503587727
860.0 0.0008984578926174436
861.0 0.0007675161214137916
862.0 0.0006365741683111992
863.0 0.0007128747256501811
864.0 0.0007891751010902226
865.0 0.0014714314602315426
866.0 0.0021536876374739222
867.0 0.0020012706954730675
868.0 0.0018488542991690338
869.0 0.001705643444438465
870.0 0.0015624322259100154
871.0 0.001600288669578731
872.0 0.0016381449313485064
873.0 0.0017428610590286553
874.0 0.0018475770048098639
875.0 0.002239784225821495
876.0 0.002631991810631007
877.0 0.002636523640831001
878.0 0.0026410554710309952
879.0 0.0027003789000445977
880.0 0.002759702874755021
