lsstCam/transmission_filter_detector/r13_s20/u_24/19700101T000000.ecsv
# %ECSV 1.0
# ---
# datatype:
# - {name: wavelength, unit: nm, datatype: float32}
# - {name: efficiency, unit: '%', datatype: float64}
# meta: !!omap
# - {MODE: DETECTOR}
# - {TYPE: transmission_filter_detector}
# - {CALIBDATE: '1970-01-01T00:00:00'}
# - {INSTRUME: LSSTCam}
# - {OBSTYPE: transmission_filter_detector}
# - {CALIBCLS: lsst.ip.isr.IntermediateFilterDetectorTransmissionCurve}
# - {SOURCE: Materion (DM-46256)}
# - {DETECTOR: 60}
# - {FILTER: u_24}
# - {CALIB_ID: 'calibDate=1970-01-01T00:00:00 filter=u_24 detector=60'}
# - {DATE: '2025-04-02T15:59:40.027136'}
# - {CALIB_CREATION_DATE: '2025-04-02'}
# - {CALIB_CREATION_TIME: '15:59:40'}
# - __serialized_columns__:
#     efficiency:
#       __class__: astropy.units.quantity.Quantity
#       unit: !astropy.units.Unit {unit: '%'}
#       value: !astropy.table.SerializedColumn {name: efficiency}
#     wavelength:
#       __class__: astropy.units.quantity.Quantity
#       unit: !astropy.units.Unit {unit: nm}
#       value: !astropy.table.SerializedColumn {name: wavelength}
# schema: astropy-2.0
wavelength efficiency
[from data line 587]
882.0 0.0029064782211207785
883.0 0.0025543593437760137
884.0 0.00220224101212807
885.0 0.0022394644474843517
886.0 0.002276688246638514
887.0 0.0020738725652336143
888.0 0.0018710572476265952
889.0 0.0017743879652698524
890.0 0.0016777186829131097
891.0 0.002039793980657123
892.0 0.0024018692784011364
893.0 0.0023213668100652285
894.0 0.002240863614133559
895.0 0.0024208438844652846
896.0 0.0026008237909991294
897.0 0.0032570009352639318
898.0 0.003913178079528734
899.0 0.004036932296003215
900.0 0.004160686148679815
901.0 0.00428238527092617
902.0 0.004404084756970406
903.0 0.004568006261251867
904.0 0.004731927401735447
905.0 0.005060621333541349
906.0 0.005389314537751488
907.0 0.005456961662275717
908.0 0.005524608786799945
909.0 0.005399109431891702
910.0 0.00527361044078134
911.0 0.005388478894019499
912.0 0.0055033477110555395
913.0 0.005403290924732573
914.0 0.005303234502207488
915.0 0.004606988295563497
916.0 0.003910742816515267
917.0 0.0036718327464768663
918.0 0.003432923404034227
919.0 0.003961219772463664
920.0 0.004489515777095221
921.0 0.004482363146962598
922.0 0.004475210516829975
923.0 0.005187249189475551
924.0 0.005899286043131724
925.0 0.006326170114334673
926.0 0.006753054913133383
927.0 0.007291494694072753
928.0 0.007829930837033316
929.0 0.00778559988248162
930.0 0.007741268927929923
931.0 0.007580089732073247
932.0 0.007418909081025049
933.0 0.0072245573392137885
934.0 0.007030205597402528
935.0 0.00724622150301002
936.0 0.007462238863809034
937.0 0.007243167783599347
938.0 0.007024100341368467
939.0 0.006854171078884974
940.0 0.006684241816401482
941.0 0.006096911965869367
942.0 0.005509581387741491
943.0 0.004122249083593488
944.0 0.0027349175070412457
945.0 0.0022850752429803833
946.0 0.001835232978919521
947.0 0.0015751191313029267
948.0 0.001315005101787392
949.0 0.0013070205568510573
950.0 0.0012990360119147226
951.0 0.0012814079127565492
952.0 0.0012637797226489056
953.0 0.0014376257240655832
954.0 0.0016114721802296117
955.0 0.002250079342047684
956.0 0.0028886863219668157
957.0 0.0027960508305113763
958.0 0.002703414429561235
959.0 0.0029720316888415255
960.0 0.0032406482205260545
961.0 0.0034387336199870333
962.0 0.0036368186556501314
963.0 0.004061785512021743
964.0 0.004486752004595473
965.0 0.00473917716590222
966.0 0.004991602327208966
967.0 0.005014605631004088
968.0 0.005037609662394971
969.0 0.004929054921376519
970.0 0.0048204998165601864
971.0 0.004707644256995991
972.0 0.004594788333633915
973.0 0.00441410556959454
974.0 0.004233422077959403
975.0 0.0038118392694741488
976.0 0.0033902557333931327
977.0 0.003309960084152408
978.0 0.003229664434911683
979.0 0.002999865864694584
980.0 0.0027700669306796044
981.0 0.0027088231945526786
982.0 0.0026475789127289318
983.0 0.0026657904527382925
984.0 0.002684001447050832
985.0 0.0032189178455155343
986.0 0.003753834607778117
987.0 0.0040669470763532445
988.0 0.004380059544928372
989.0 0.005370515282265842
990.0 0.006360970292007551
991.0 0.006097148798289709
992.0 0.005833326940773986
993.0 0.006233493331819773
994.0 0.00663366008666344
995.0 0.006273140024859458
996.0 0.005912617052672431
997.0 0.00587128488405142
998.0 0.005829954898217693
999.0 0.006179890624480322
1000.0 0.006529822712764144
1001.0 0.006169575499370694
1002.0 0.005809325375594199
1003.0 0.00557133971597068
1004.0 0.005333355875336565
1005.0 0.005296695599099621
1006.0 0.005260035322862677
1007.0 0.005128676275489852
1008.0 0.004997314681531861
1009.0 0.004721703226095997
1010.0 0.004446092498255894
1011.0 0.004112138776690699
1012.0 0.003778186146519147
1013.0 0.0030351546229212545
1014.0 0.0022921232812223025
1015.0 0.0020676425265264697
1016.0 0.0018431619537295774
1017.0 0.0015422194337588735
1018.0 0.0012412767318892293
1019.0 0.001040367624227656
1020.0 0.0008394583346671425
1021.0 0.0009325712198915426
1022.0 0.0010256841960654128
1023.0 0.0010431768714624923
1024.0 0.0010606695468595717
1025.0 0.001483641881350195
1026.0 0.001906614488689229
1027.0 0.001383223570883274
1028.0 0.0008598321983299684
1029.0 0.000847816772875376
1030.0 0.0008358016202691942
1031.0 0.0012318024346313905
1032.0 0.0016278036127914675
1033.0 0.0017783548173611052
1034.0 0.001928906021930743
1035.0 0.0020198092897771858
1036.0 0.002110712193825748
1037.0 0.002028594826697372
1038.0 0.001946477459568996
1039.0 0.001841128323576413
1040.0 0.0017357793694827706
1041.0 0.0015703908502473496
1042.0 0.0014050023310119286
1043.0 0.0011534139957802836
1044.0 0.0009018259333970491
1045.0 0.0012236077964189462
1046.0 0.0015453897503903136
1047.0 0.0012730278285744134
1048.0 0.0010006659067585133
1049.0 0.0009556355507811531
1050.0 0.0009106046491069719
1051.0 0.0011107034879387356
1052.0 0.0013108023267704993
1053.0 0.000841374094306957
1054.0 0.0003719456572071067
1055.0 0.000671434827381745
1056.0 0.0009709243386168964
1057.0 0.001354245705442736
1058.0 0.0017375670722685754
1059.0 0.000786017335485667
1060.0 1.585112575051839e-10
1061.0 0.00016993790268315934
1062.0 0.0005054078883404145
1063.0 0.0005877810963283991
1064.0 0.0006701538040942978
1065.0 0.0009974794920708518
1066.0 0.0013248054528958164
1067.0 0.00039386518437822815
1068.0 1.585112575051839e-10
1069.0 0.0009298550139646977
1070.0 0.0023967850211192854
1071.0 0.0017917693185154349
1072.0 0.0011867540706589352
1073.0 0.0015204810551949777
1074.0 0.0018542081306804903
1075.0 0.0032865991670405492
1076.0 0.0047189903852995485
1077.0 0.004408433233038522
1078.0 0.004097876444575377
1079.0 0.004608719973475672
1080.0 0.005119560228195041
1081.0 0.002843990114342887
1082.0 0.0005684198640665272
1083.0 0.0013726235010835808
1084.0 0.0021768271835753694
1085.0 0.003910982923116535
1086.0 0.00564513829885982
1087.0 0.004573729165713303
1088.0 0.003502319668768905
1089.0 0.005617699935100973
1090.0 0.0077330798376351595
1091.0 0.0054620843002339825
1092.0 0.003191088399034925
1093.0 0.0026175730454269797
1094.0 0.0020440576918190345
1095.0 0.0016224343198700808
1096.0 0.0012008110388705973
1097.0 0.0020494144337135367
1098.0 0.0028980184652027674
1099.0 0.0010001767805078998
1100.0 1.585112575051839e-10
