lsstCam/transmission_sensor/r30_s02/19700101T000000.ecsv
# %ECSV 1.0
# ---
# datatype:
# - {name: amp_name, datatype: string}
# - {name: wavelength, unit: nm, datatype: float32}
# - {name: efficiency, unit: '%', datatype: float64}
# meta: !!omap
# - {MODE: AMP}
# - {TYPE: transmission_sensor}
# - {CALIBDATE: '1970-01-01T00:00:00'}
# - {INSTRUME: LSSTCam}
# - {OBSTYPE: transmission_sensor}
# - {DETECTOR: 119}
# - {PARQUETFILE: qe_raft_allvalues_nircorrected_20230725_adjust.parquet}
# - {CORRFILE: qe_corr_factor_bydetnum.parquet}
# - {CALIBCLS: lsst.ip.isr.IntermediateSensorTransmissionCurve}
# - {CALIB_ID: 'raftName=R30 detectorName=S02 detector=119 calibDate=1970-01-01T00:00:00 ccd=119 ccdnum=119 filter=None'}
# - {DATE: '2025-03-03T21:56:48.050862'}
# - {CALIB_CREATION_DATE: '2025-03-03'}
# - {CALIB_CREATION_TIME: '21:56:48'}
# - __serialized_columns__:
#     efficiency:
#       __class__: astropy.units.quantity.Quantity
#       unit: !astropy.units.Unit {unit: '%'}
#       value: !astropy.table.SerializedColumn {name: efficiency}
#     wavelength:
#       __class__: astropy.units.quantity.Quantity
#       unit: !astropy.units.Unit {unit: nm}
#       value: !astropy.table.SerializedColumn {name: wavelength}
# schema: astropy-2.0
amp_name wavelength efficiency
C00 319.994 43.92145064479854
C00 324.969 49.48844692001061
C00 349.982 76.03336792434015
C00 374.975 83.88369016290629
C00 400.019 87.82754165054605
C00 424.965 88.2591735411663
C00 450.035 88.91731799511976
C00 475.003 90.57818807760951
C00 500.018 92.31252562604868
C00 525.002 93.9858457449776
C00 550.029 95.3084285827449
C00 575.023 96.72152303228793
C00 599.982 97.88359534491735
C00 619.997 98.00393804031363
C00 624.979 98.04114266950053
C00 650.012 98.42965118667345
C00 675.004 98.69820750774801
C00 700.03 98.44308129978187
C00 725.012 98.33823606671824
C00 750.022 98.97191688818515
C00 774.987 99.50223024844128
C00 799.976 98.83627580852968
C00 824.988 97.23467739398309
C00 850.022 94.9759146021523
C00 869.967 91.84412554663331
C00 875.002 90.74049030540837
C00 899.999 83.11067000372726
C00 919.999 73.93113409617838
C00 925.012 71.1274257056934
C00 949.965 58.62311369254503
C00 975.002 43.847761130228726
C00 999.976 26.867486823886733
C00 1025.028 11.482012607304474
C00 1050.014 3.9256164625207592
C00 1075.002 0.9428957451229908
C00 1099.99 0.09355324961058369
C01 319.994 44.09792952848124
C01 324.969 49.68790400747801
C01 349.982 76.30032396397819
C01 374.975 84.09537906661696
C01 400.019 87.90737195799669
C01 424.965 88.28240442096731
C01 450.035 88.91188163234497
C01 475.003 90.55475811973507
C01 500.018 92.27280955039681
C01 525.002 93.92769197698532
C01 550.029 95.2450222163533
C01 575.023 96.64780289032221
C01 599.982 97.80395645869119
C01 619.997 97.91854886050456
C01 624.979 97.96040119702145
C01 650.012 98.34411652673379
C01 675.004 98.61185356496763
C01 700.03 98.36892471742436
C01 725.012 98.29008214349197
C01 750.022 98.96143466193347
C01 774.987 99.5196955209614
C01 799.976 98.86885570093352
C01 824.988 97.27950058790367
C01 850.022 95.03457372217716
C01 869.967 91.92381803080232
C01 875.002 90.81708176574107
C01 899.999 83.193677903504
C01 919.999 73.92634856556678
C01 925.012 71.09228842573071
C01 949.965 58.697205191686216
C01 975.002 43.92435259056142
C01 999.976 26.935246108922637
C01 1025.028 11.47116955204469
C01 1050.014 3.9086137115342408
C01 1075.002 0.942795611344195
C01 1099.99 0.09354331442904258
C02 319.994 44.23975734211139
C02 324.969 49.84725069157115
C02 349.982 76.53809209530989
C02 374.975 84.27477903818499
C02 400.019 87.98866472360221
C02 424.965 88.31504556816297
C02 450.035 88.91950785392764
C02 475.003 90.550853126756
C02 500.018 92.25906550648027
C02 525.002 93.90679643612278
C02 550.029 95.22003791813621
C02 575.023 96.6197864799096
C02 599.982 97.76940875609986
C02 619.997 97.88571629208442
C02 624.979 97.92287498017745
C02 650.012 98.30890267828131
C02 675.004 98.57712975484979
C02 700.03 98.3431823911584
C02 725.012 98.28944662502676
C02 750.022 98.99743716583073
C02 774.987 99.59195320477222
C02 799.976 98.95686352309326
C02 824.988 97.36799079154906
C02 850.022 95.13629496085754
C02 869.967 92.03045496652695
C02 875.002 90.92691926433874
C02 899.999 83.28072096269244
C02 919.999 73.98325426717555
C02 925.012 71.14982198895574
C02 949.965 58.78342896803396
C02 975.002 44.03649862912612
C02 999.976 27.004345342529792
C02 1025.028 11.481539796880048
C02 1050.014 3.900094031386392
C02 1075.002 0.9431382976700776
C02 1099.99 0.09357731545147721
C03 319.994 44.392075038842194
C03 324.969 50.021355952070486
C03 349.982 76.74853293263706
C03 374.975 84.41082593083631
C03 400.019 88.06195608202515
C03 424.965 88.36809987473552
C03 450.035 88.96451481222371
C03 475.003 90.58488782046577
C03 500.018 92.29239577008401
C03 525.002 93.93862595732672
C03 550.029 95.24542037250019
C03 575.023 96.64389024049416
C03 599.982 97.79021241477466
C03 619.997 97.90639744117556
C03 624.979 97.94011054722823
C03 650.012 98.3244537385568
C03 675.004 98.59472519380256
C03 700.03 98.36668126067364
C03 725.012 98.34132943370558
C03 750.022 99.08312496274998
C03 774.987 99.7103663742259
C03 799.976 99.0935535910588
C03 824.988 97.50579110261648
C03 850.022 95.2667217263586
C03 869.967 92.16948037343094
C03 875.002 91.07682505364129
C03 899.999 83.4189041162088
C03 919.999 73.98259577816339
C03 925.012 71.16612342043112
C03 949.965 58.903197399756834
C03 975.002 44.15910392339556
C03 999.976 27.041672481300346
C03 1025.028 11.487721745324125
C03 1050.014 3.895895206827766
C03 1075.002 0.9439543609056743
C03 1099.99 0.09365828449601123
C04 319.994 44.55922022362
C04 324.969 50.20435081423395
C04 349.982 76.95192181205496
C04 374.975 84.49882609614708
C04 400.019 88.03806671321199
C04 424.965 88.30226628721773
C04 450.035 88.8775253509781
C04 475.003 90.48785257336027
C04 500.018 92.18153225372322
C04 525.002 93.81474579770234
C04 550.029 95.11004728255898
C04 575.023 96.49602117301991
C04 599.982 97.63727451327658
C04 619.997 97.74604005301725
C04 624.979 97.78045758917595
C04 650.012 98.15407353508554
C04 675.004 98.42132053498476
C04 700.03 98.20127800903846
C04 725.012 98.19953990432032
C04 750.022 98.96931355953242
C04 774.987 99.62065107474393
C04 799.976 99.0110280727677
C04 824.988 97.4190466605382
C04 850.022 95.19039825574015
C04 869.967 92.08275124505062
C04 875.002 90.9812216372948
C04 899.999 83.26653282153515
C04 919.999 73.86593602712581
C04 925.012 71.09834499327278
C04 949.965 58.7977434471994
C04 975.002 44.123557002012525
C04 999.976 26.966985662151075
C04 1025.028 11.43719994155124
C04 1050.014 3.885125848739399
C04 1075.002 0.9428698680841088
C04 1099.99 0.09355068211455857
C05 319.994 44.731583550976715
C05 324.969 50.405385212590936
C05 349.982 77.23603685025398
C05 374.975 84.7054997637768
C05 400.019 88.16788858764373
C05 424.965 88.40482212243677
C05 450.035 88.96621463269695
C05 475.003 90.57403806546313
C05 500.018 92.26640842465072
C05 525.002 93.9028225315029
C05 550.029 95.19853748620437
C05 575.023 96.5871912738078
C05 599.982 97.72352891702023
C05 619.997 97.83034196027137
C05 624.979 97.86425414439748
C05 650.012 98.23566491780124
C05 675.004 98.49900692472139
C05 700.03 98.28518176014569
C05 725.012 98.29134552357344
C05 750.022 99.07484790900413
C05 774.987 99.73721128674478
C05 799.976 99.12797112721749
C05 824.988 97.53144920354369
C05 850.022 95.31422481742167
C05 869.967 92.18771133084893
C05 875.002 91.08344057115877
C05 899.999 83.3021448261345
C05 919.999 73.96075844487649
C05 925.012 71.19552572050885
C05 949.965 58.820266068469884
C05 975.002 44.120808193229216
C05 999.976 26.94036279825257
C05 1025.028 11.408376690677514
C05 1050.014 3.881328051646026
C05 1075.002 0.9438751860829057
C05 1099.99 0.09365042884283253
C06 319.994 44.68538978108897
C06 324.969 50.353525374459046
C06 349.982 77.15188807997944
C06 374.975 84.52572460660882
C06 400.019 87.93381871436868
C06 424.965 88.15454269987407
C06 450.035 88.71488622182419
C06 475.003 90.31725032126863
C06 500.018 92.00728534151777
C06 525.002 93.63948818143173
C06 550.029 94.93505765600261
C06 575.023 96.3176165918191
C06 599.982 97.45087618174215
C06 619.997 97.55781173457693
C06 624.979 97.59047585231953
C06 650.012 97.95849464162579
C06 675.004 98.22078000338689
C06 700.03 98.00297327734233
C06 725.012 97.9998033418652
C06 750.022 98.75801515511965
C06 774.987 99.39883981668358
C06 799.976 98.77971466512494
C06 824.988 97.19699804015951
C06 850.022 94.993533011652
C06 869.967 91.87898718003277
C06 875.002 90.77278689440001
C06 899.999 83.03982883697748
C06 919.999 73.85725316038412
C06 925.012 71.10962353181822
C06 949.965 58.58932784642707
C06 975.002 43.971488152873526
C06 999.976 26.85338482228044
C06 1025.028 11.382848756182945
C06 1050.014 3.887452573722764
C06 1075.002 0.9408569310421317
C06 1099.99 0.09335096035050086
C07 319.994 44.908858746953186
C07 324.969 50.610416486114744
C07 349.982 77.49485365942779
C07 374.975 84.79911239938886
C07 400.019 88.18668615188614
C07 424.965 88.40773172504863
C07 450.035 88.97496641107946
C07 475.003 90.58638856286557
C07 500.018 92.28590276215017
C07 525.002 93.92458329630001
C07 550.029 95.22254170775221
C07 575.023 96.60841605917642
C07 599.982 97.74032038683025
C07 619.997 97.84681949927327
C07 624.979 97.87959846975055
C07 650.012 98.24336770787369
C07 675.004 98.4986087685745
C07 700.03 98.26150678310393
C07 725.012 98.20866686830279
C07 750.022 98.91571561668239
C07 774.987 99.4909287393489
C07 799.976 98.846528329312
C07 824.988 97.27714227841827
C07 850.022 95.07288859446595
C07 869.967 91.94243948751821
C07 875.002 90.84231873997444
C07 899.999 83.25868455133211
C07 919.999 74.1245461013772
C07 925.012 71.3714494826406
C07 949.965 58.7341303458854
C07 975.002 43.92052033764764
C07 999.976 26.86706569719291
C07 1025.028 11.465322590743426
C07 1050.014 3.9479718294963635
C07 1075.002 0.9423598404552477
C07 1099.99 0.09350007764177573
C10 319.994 43.51497533149739
C10 324.969 49.03412778586683
C10 349.982 75.20344972040134
C10 374.975 83.04685016749083
C10 400.019 87.55104517708071
C10 424.965 88.26715963465097
C10 450.035 89.07840278393104
C10 475.003 90.83970775447276
C10 500.018 92.63978700824198
C10 525.002 94.35335152540227
C10 550.029 95.70901195075703
C10 575.023 97.1459345143214
C10 599.982 98.32030372641042
C10 619.997 98.44707051809971
C10 624.979 98.48747571015964
C10 650.012 98.87903165322604
C10 675.004 99.1368301014857
C10 700.03 98.78414032383456
C10 725.012 98.39933772156726
C10 750.022 98.6866992637332
C10 774.987 98.88479726050691
C10 799.976 98.08674686201692
C10 824.988 96.56152551603162
C10 850.022 94.28199734977093
C10 869.967 91.21381373871698
C10 875.002 90.17107341741865
C10 899.999 82.943865548729
C10 919.999 74.21772229659749
C10 925.012 71.54865959540075
C10 949.965 58.583412930591116
C10 975.002 43.75987581765264
C10 999.976 26.714244562641767
C10 1025.028 11.388457398059751
C10 1050.014 3.902852171954393
C10 1075.002 0.9401813659733018
C10 1099.99 0.09328393140500042
C11 319.994 43.713720332009785
C11 324.969 49.256842552106654
C11 349.982 75.53038185808856
C11 374.975 83.32128694858093
C11 400.019 87.66000213804584
C11 424.965 88.2902373774724
C11 450.035 89.06174913740264
C11 475.003 90.793513984585
C11 500.018 92.5728738050182
C11 525.002 94.27303117961702
C11 550.029 95.61415124876146
C11 575.023 97.04197747573927
C11 599.982 98.21149990242485
C11 619.997 98.33887158518345
C11 624.979 98.37767649580688
C11 650.012 98.76616969928185
C11 675.004 99.02359296194155
C11 700.03 98.68424141521108
C11 725.012 98.33508144493906
C11 750.022 98.66675317214401
C11 774.987 98.90779843483855
C11 799.976 98.1343571489657
C11 824.988 96.61014650704557
C11 850.022 94.344515521681
C11 869.967 91.29048942438843
C11 875.002 90.24216726018473
C11 899.999 82.99316034245307
C11 919.999 74.21547118299779
C11 925.012 71.50858364784689
C11 949.965 58.65910853959331
C11 975.002 43.773060911593745
C11 999.976 26.756292148807614
C11 1025.028 11.376579711081735
C11 1050.014 3.8881938524145023
C11 1075.002 0.9399909660331588
C11 1099.99 0.09326504009785627
C12 319.994 43.875505722502595
C12 324.969 49.437984456817304
C12 349.982 75.785753085222
C12 374.975 83.508895062254
C12 400.019 87.71438107949169
C12 424.965 88.28995407406019
C12 450.035 89.03372507014105
C12 475.003 90.7485606242318
C12 500.018 92.51645048489509
C12 525.002 94.20531400725051
C12 550.029 95.54213092726897
C12 575.023 96.96045500466438
C12 599.982 98.12480905828942
C12 619.997 98.24578727215092
C12 624.979 98.28706534499442
C12 650.012 98.67263363215956
C12 675.004 98.92936012156223
C12 700.03 98.60042188944261
C12 725.012 98.28697346280667
C12 750.022 98.66551276260948
C12 774.987 98.95487274235883
C12 799.976 98.20102533302216
C12 824.988 96.67441044052276
C12 850.022 94.42234739154823
C12 869.967 91.35855881180797
C12 875.002 90.31748768358698
C12 899.999 82.96975335512556
C12 919.999 74.20969026201897
C12 925.012 71.55248036304106
C12 949.965 58.61907087628435
C12 975.002 43.92174543348421
C12 999.976 26.70968299486278
C12 1025.028 11.360256266165536
C12 1050.014 3.8817240543041365
C12 1075.002 0.9399787395124369
C12 1099.99 0.09326382699370252
C13 319.994 43.98270160820265
C13 324.969 49.558809533699225
C13 349.982 75.92614906809317
C13 374.975 83.59553230844658
C13 400.019 87.74367618368372
C13 424.965 88.29522198615744
C13 450.035 89.02489672326875
C13 475.003 90.7322974770013
C13 500.018 92.49487348447346
C13 525.002 94.17675396056042
C13 550.029 95.51123554164042
C13 575.023 96.92170369198381
C13 599.982 98.0855370798783
C13 619.997 98.20491501230327
C13 624.979 98.24210432779222
C13 650.012 98.62640157802693
C13 675.004 98.88352622357647
C13 700.03 98.56595075534106
C13 725.012 98.29065640716537
C13 750.022 98.72218110189992
C13 774.987 99.05973328912043
C13 799.976 98.32721020418909
C13 824.988 96.79566430094748
C13 850.022 94.54621223747463
C13 869.967 91.47142076575217
C13 875.002 90.42832057255185
C13 899.999 83.11860249926907
C13 919.999 74.35134962497159
C13 925.012 71.47291804530468
C13 949.965 58.8121459801281
C13 975.002 43.78853540337945
C13 999.976 26.71215998550735
C13 1025.028 11.444111204860526
C13 1050.014 3.8895885953112557
C13 1075.002 0.9405181899749983
C13 1099.99 0.0933173507730149
C14 319.994 44.188448797105956
C14 324.969 49.790383274207265
C14 349.982 76.24672602112817
C14 374.975 83.84862179458442
C14 400.019 87.87619326895592
C14 424.965 88.37349795326543
C14 450.035 89.07639668949865
C14 475.003 90.76971649795959
C14 500.018 92.52138149563729
C14 525.002 94.19468630086824
C14 550.029 95.5203931330188
C14 575.023 96.93014919640719
C14 599.982 98.08762739964946
C14 619.997 98.20042809880184
C14 624.979 98.23705846431534
C14 650.012 98.61945681600335
C14 675.004 98.87660443209984
C14 700.03 98.57143305920972
C14 725.012 98.32667422476058
C14 750.022 98.80808329059056
C14 774.987 99.19554281945342
C14 799.976 98.47862439274041
C14 824.988 96.9432194376136
C14 850.022 94.71215146853832
C14 869.967 91.64194644935402
C14 875.002 90.57692469752804
C14 899.999 83.16913004567868
C14 919.999 74.31468863206217
C14 925.012 71.64586329318377
C14 949.965 58.72092228139736
C14 975.002 43.98896108224264
C14 999.976 26.835496508854245
C14 1025.028 11.401150539453985
C14 1050.014 3.889744842885725
C14 1075.002 0.9413361520012644
C14 1099.99 0.09339850821381476
C15 319.994 44.24148396155606
C15 324.969 49.85048953868908
C15 349.982 76.33265118036574
C15 374.975 83.87949420966602
C15 400.019 87.83139304558227
C15 424.965 88.2979554812428
C15 450.035 88.98611478319226
C15 475.003 90.6653230189857
C15 500.018 92.41155165388861
C15 525.002 94.0797263703039
C15 550.029 95.40145164098561
C15 575.023 96.80751710316632
C15 599.982 97.95861715120944
C15 619.997 98.0744576194063
C15 624.979 98.11167756229116
C15 650.012 98.48860892380848
C15 675.004 98.74346714206037
C15 700.03 98.44763712492413
C15 725.012 98.23122394539367
C15 750.022 98.74265551606864
C15 774.987 99.15256492613668
C15 799.976 98.45334913426214
C15 824.988 96.91544038951933
C15 850.022 94.70793254475113
C15 869.967 91.64833991825114
C15 875.002 90.58738395323277
C15 899.999 83.16093721727161
C15 919.999 74.36412124906785
C15 925.012 71.61788516701606
C15 949.965 58.7212630111769
C15 975.002 43.95661472373265
C15 999.976 26.797281175602173
C15 1025.028 11.40053512021733
C15 1050.014 3.9005142009740914
C15 1075.002 0.940712609019596
C15 1099.99 0.09333664085201078
C16 319.994 44.322558506965706
C16 324.969 49.94435485031744
C16 349.982 76.46905028807008
C16 374.975 83.99554141278531
C16 400.019 87.91594762885269
C16 424.965 88.36730356244175
C16 450.035 89.0490387680982
C16 475.003 90.73152413525446
C16 500.018 92.47726273182273
C16 525.002 94.1464175249073
C16 550.029 95.46998809619284
C16 575.023 96.8727840838597
C16 599.982 98.0299636699918
C16 619.997 98.14356833828693
C16 624.979 98.17601040740915
C16 650.012 98.55507037294251
C16 675.004 98.81111540278607
C16 700.03 98.51545383632737
C16 725.012 98.29573289803817
C16 750.022 98.80147542992205
C16 774.987 99.21054258660244
C16 799.976 98.50814154555283
C16 824.988 96.97211638565875
C16 850.022 94.80191270911416
C16 869.967 91.72169253146589
C16 875.002 90.62549974744813
C16 899.999 83.28431968171238
C16 919.999 74.58733371049128
C16 925.012 71.80570767246051
C16 949.965 58.82445819328565
C16 975.002 43.84893262812245
C16 999.976 26.838335285613052
C16 1025.028 11.429960390841996
C16 1050.014 3.942148078018565
C16 1075.002 0.941273006838331
C16 1099.99 0.09339224300875877
C17 319.994 44.41473931181878
C17 324.969 50.047722311528204
C17 349.982 76.63648260468459
C17 374.975 84.16806553397058
C17 400.019 88.04269144999505
C17 424.965 88.46905542851805
C17 450.035 89.13541568142551
C17 475.003 90.81231920567639
C17 500.018 92.5545433085635
C17 525.002 94.2224730058115
C17 550.029 95.54376949295039
C17 575.023 96.95189464750634
C17 599.982 98.10542191667567
C17 619.997 98.21518284678355
C17 624.979 98.25146099724404
C17 650.012 98.63114116754465
C17 675.004 98.88129042367473
C17 700.03 98.57266581189528
C17 725.012 98.30965304948121
C17 750.022 98.76157558989469
C17 774.987 99.10863758354658
C17 799.976 98.38341913254081
C17 824.988 96.86594651772182
C17 850.022 94.69118701603499
C17 869.967 91.62387628576458
C17 875.002 90.53491922403158
C17 899.999 83.32425014913565
C17 919.999 74.72049397107769
C17 925.012 71.89960361148478
C17 949.965 58.76362835657536
C17 975.002 43.77761290831151
C17 999.976 26.866589058343994
C17 1025.028 11.498712194926748
C17 1050.014 3.9848156296751465
C17 1075.002 0.9408933833270553
C17 1099.99 0.09335457711272295
