lsstcam/transmission_sensor/r30_s02/19700101T000000.ecsv
# %ECSV 0.9
# ---
# datatype:
# - {name: amp_name, datatype: string}
# - {name: wavelength, unit: nm, datatype: float32}
# - {name: efficiency, unit: '%', datatype: float32}
# meta: !!omap
# - {MODE: AMP}
# - {TYPE: QE}
# - {CALIBDATE: '1970-01-01T00:00:00'}
# - {INSTRUME: LSSTCAM}
# - {OBSTYPE: qe_curve}
# - {DETECTOR: 119}
# - {PICKLEFILE: RaftRun11063.p}
# - {CALIB_ID: 'raftName=R30 detectorName=S02 detector=119 calibDate=1970-01-01T00:00:00 ccd=119 ccdnum=119 filter=None'}
# - {DATE: '2020-07-23T19:16:08.044464'}
# - {CALIB_CREATION_DATE: '2020-07-23'}
# - {CALIB_CREATION_TIME: '19:16:08'}
# - __serialized_columns__:
#     efficiency:
#       __class__: astropy.units.quantity.Quantity
#       unit: !astropy.units.Unit {unit: '%'}
#       value: !astropy.table.SerializedColumn {name: efficiency}
#     wavelength:
#       __class__: astropy.units.quantity.Quantity
#       unit: !astropy.units.Unit {unit: nm}
#       value: !astropy.table.SerializedColumn {name: wavelength}
# schema: astropy-2.0
amp_name wavelength efficiency
C16 319.994 44.163635
C16 324.969 49.765274
C16 349.982 76.19486
C16 374.975 83.69437
C16 400.019 87.600716
C16 424.965 88.05045
C16 450.035 88.729744
C16 475.003 90.4062
C16 500.018 92.145676
C16 525.002 93.808846
C16 550.029 95.12767
C16 575.023 96.52544
C16 599.982 97.67847
C16 619.997 97.791664
C16 624.979 97.82399
C16 650.012 98.20169
C16 675.004 98.45682
C16 700.03 98.16222
C16 725.012 97.94328
C16 750.022 98.44721
C16 774.987 98.85481
C16 799.976 98.15493
C16 824.988 96.62441
C16 850.022 94.46199
C16 869.967 91.392815
C16 875.002 90.30055
C16 899.999 82.985695
C16 919.999 74.31989
C16 925.012 71.54824
C16 949.965 58.613537
C16 975.002 43.691708
C16 999.976 26.742104
C16 1025.028 11.388977
C16 1050.014 3.928013
C16 1075.002 2.1302962
C16 1099.99 1.6317973
C00 319.994 43.763966
C00 324.969 49.311
C00 349.982 75.76074
C00 374.975 83.58292
C00 400.019 87.51263
C00 424.965 87.94271
C00 450.035 88.598495
C00 475.003 90.25341
C00 500.018 91.98153
C00 525.002 93.64885
C00 550.029 94.96669
C00 575.023 96.37472
C00 599.982 97.53262
C00 619.997 97.652534
C00 624.979 97.689606
C00 650.012 98.07672
C00 675.004 98.344315
C00 700.03 98.0901
C00 725.012 97.985634
C00 750.022 98.61704
C00 774.987 99.145454
C00 799.976 98.48189
C00 824.988 96.88603
C00 850.022 94.63537
C00 869.967 91.51481
C00 875.002 90.41513
C00 899.999 82.81267
C00 919.999 73.666046
C00 925.012 70.87239
C00 949.965 58.412914
C00 975.002 43.69054
C00 999.976 26.77115
C00 1025.028 11.440843
C00 1050.014 3.9115407
C00 1075.002 2.1230278
C00 1099.99 1.6254108
C05 319.994 44.571194
C05 324.969 50.22465
C05 349.982 76.9591
C05 374.975 84.40178
C05 400.019 87.85175
C05 424.965 88.08784
C05 450.035 88.64722
C05 475.003 90.249275
C05 500.018 91.93558
C05 525.002 93.566124
C05 550.029 94.85719
C05 575.023 96.24087
C05 599.982 97.37313
C05 619.997 97.47956
C05 624.979 97.51335
C05 650.012 97.88343
C05 675.004 98.14583
C05 700.03 97.93277
C05 725.012 97.93891
C05 750.022 98.719604
C05 774.987 99.37959
C05 799.976 98.77254
C05 824.988 97.18174
C05 850.022 94.972466
C05 869.967 91.85716
C05 875.002 90.75685
C05 899.999 83.003456
C05 919.999 73.695564
C05 925.012 70.94025
C05 949.965 58.60936
C05 975.002 43.96261
C05 999.976 26.843765
C05 1025.028 11.367471
C05 1050.014 3.8674111
C05 1075.002 2.114376
C05 1099.99 1.6431365
C11 319.994 43.55698
C11 324.969 49.080227
C11 349.982 75.25956
C11 374.975 83.02253
C11 400.019 87.34569
C11 424.965 87.97366
C11 450.035 88.74241
C11 475.003 90.467964
C11 500.018 92.240944
C11 525.002 93.935005
C11 550.029 95.27132
C11 575.023 96.69402
C11 599.982 97.85935
C11 619.997 97.98627
C11 624.979 98.02493
C11 650.012 98.41203
C11 675.004 98.66853
C11 700.03 98.3304
C11 725.012 97.98249
C11 750.022 98.31297
C11 774.987 98.553154
C11 799.976 97.782486
C11 824.988 96.26374
C11 850.022 94.00623
C11 869.967 90.96316
C11 875.002 89.918594
C11 899.999 82.69558
C11 919.999 73.94936
C11 925.012 71.25218
C11 949.965 58.44878
C11 975.002 43.616108
C11 999.976 26.660355
C11 1025.028 11.335788
C11 1050.014 3.8742523
C11 1075.002 2.1097758
C11 1099.99 1.6295757
C06 319.994 44.525166
C06 324.969 50.172977
C06 349.982 76.87525
C06 374.975 84.22265
C06 400.019 87.61852
C06 424.965 87.838455
C06 450.035 88.39679
C06 475.003 89.99341
C06 500.018 91.67738
C06 525.002 93.303734
C06 550.029 94.59466
C06 575.023 95.97226
C06 599.982 97.101456
C06 619.997 97.20801
C06 624.979 97.240555
C06 650.012 97.607254
C06 675.004 97.8686
C06 700.03 97.65157
C06 725.012 97.648415
C06 750.022 98.40391
C06 774.987 99.042435
C06 799.976 98.42553
C06 824.988 96.84849
C06 850.022 94.65292
C06 869.967 91.549545
C06 875.002 90.44731
C06 899.999 82.74208
C06 919.999 73.59243
C06 925.012 70.85465
C06 949.965 58.37925
C06 975.002 43.813824
C06 999.976 26.7571
C06 1025.028 11.342034
C06 1050.014 3.8735137
C06 1075.002 2.1219726
C06 1099.99 1.6375574
C17 319.994 44.255486
C17 324.969 49.86827
C17 349.982 76.361694
C17 374.975 83.86627
C17 400.019 87.727005
C17 424.965 88.15184
C17 450.035 88.81581
C17 475.003 90.4867
C17 500.018 92.22268
C17 525.002 93.88463
C17 550.029 95.20119
C17 575.023 96.60426
C17 599.982 97.753654
C17 619.997 97.86302
C17 624.979 97.89917
C17 650.012 98.27749
C17 675.004 98.52674
C17 700.03 98.21922
C17 725.012 97.95715
C17 750.022 98.407455
C17 774.987 98.75327
C17 799.976 98.030655
C17 824.988 96.51862
C17 850.022 94.35166
C17 869.967 91.29535
C17 875.002 90.2103
C17 899.999 83.02548
C17 919.999 74.452576
C17 925.012 71.6418
C17 949.965 58.552925
C17 975.002 43.620644
C17 999.976 26.770256
C17 1025.028 11.457482
C17 1050.014 3.9705276
C17 1075.002 2.1411939
C17 1099.99 1.633983
C07 319.994 44.747833
C07 324.969 50.428947
C07 349.982 77.21699
C07 374.975 84.495056
C07 400.019 87.87048
C07 424.965 88.09074
C07 450.035 88.65594
C07 475.003 90.26158
C07 500.018 91.955
C07 525.002 93.58781
C07 550.029 94.88111
C07 575.023 96.26202
C07 599.982 97.38986
C07 619.997 97.49598
C07 624.979 97.52864
C07 650.012 97.891106
C07 675.004 98.14543
C07 700.03 97.90918
C07 725.012 97.85653
C07 750.022 98.56104
C07 774.987 99.13419
C07 799.976 98.4921
C07 824.988 96.928345
C07 850.022 94.731995
C07 869.967 91.61277
C07 875.002 90.516594
C07 899.999 82.96015
C07 919.999 73.858765
C07 925.012 71.11554
C07 949.965 58.523533
C07 975.002 43.76304
C07 999.976 26.770731
C07 1025.028 11.424212
C07 1050.014 3.933816
C07 1075.002 2.1395335
C07 1099.99 1.6387553
C03 319.994 44.232903
C03 324.969 49.842
C03 349.982 76.47334
C03 374.975 84.10816
C03 400.019 87.7462
C03 424.965 88.05125
C03 450.035 88.64552
C03 475.003 90.260086
C03 500.018 91.96147
C03 525.002 93.6018
C03 550.029 94.90391
C03 575.023 96.29736
C03 599.982 97.439575
C03 619.997 97.55534
C03 624.979 97.588936
C03 650.012 97.9719
C03 675.004 98.2412
C03 700.03 98.01398
C03 725.012 97.988716
C03 750.022 98.72785
C03 774.987 99.352844
C03 799.976 98.73824
C03 824.988 97.15617
C03 850.022 94.92513
C03 869.967 91.839
C03 875.002 90.75026
C03 899.999 83.1198
C03 919.999 73.71732
C03 925.012 70.91095
C03 949.965 58.691994
C03 975.002 44.000767
C03 999.976 26.944712
C03 1025.028 11.446531
C03 1050.014 3.881926
C03 1075.002 2.1162343
C03 1099.99 1.6388723
C02 319.994 44.08113
C02 324.969 49.668518
C02 349.982 76.26366
C02 374.975 83.9726
C02 400.019 87.67317
C02 424.965 87.99838
C02 450.035 88.60068
C02 475.003 90.22617
C02 500.018 91.92826
C02 525.002 93.57008
C02 550.029 94.87862
C02 575.023 96.273346
C02 599.982 97.418846
C02 619.997 97.53474
C02 624.979 97.57176
C02 650.012 97.956406
C02 675.004 98.22367
C02 700.03 97.99056
C02 725.012 97.93702
C02 750.022 98.64247
C02 774.987 99.234856
C02 799.976 98.60204
C02 824.988 97.01887
C02 850.022 94.79517
C02 869.967 91.70047
C02 875.002 90.60089
C02 899.999 82.98211
C02 919.999 73.71798
C02 925.012 70.89471
C02 949.965 58.572655
C02 975.002 43.8786
C02 999.976 26.907518
C02 1025.028 11.4403715
C02 1050.014 3.8861098
C02 1075.002 2.1158543
C02 1099.99 1.6347103
C01 319.994 43.93981
C01 324.969 49.509743
C01 349.982 76.02674
C01 374.975 83.793846
C01 400.019 87.59217
C01 424.965 87.96586
C01 450.035 88.59308
C01 475.003 90.230064
C01 500.018 91.941956
C01 525.002 93.590904
C01 550.029 94.90351
C01 575.023 96.30126
C01 599.982 97.45327
C01 619.997 97.56745
C01 624.979 97.60915
C01 650.012 97.99149
C01 675.004 98.25827
C01 700.03 98.01621
C01 725.012 97.93765
C01 750.022 98.6066
C01 774.987 99.16286
C01 799.976 98.51435
C01 824.988 96.930695
C01 850.022 94.69382
C01 869.967 91.594215
C01 875.002 90.49145
C01 899.999 82.89538
C01 919.999 73.66128
C01 925.012 70.83738
C01 949.965 58.48674
C01 975.002 43.766857
C01 999.976 26.838667
C01 1025.028 11.430038
C01 1050.014 3.894599
C01 1075.002 2.122148
C01 1099.99 1.6317139
C12 319.994 43.718185
C12 324.969 49.26072
C12 349.982 75.514015
C12 374.975 83.209465
C12 400.019 87.39987
C12 424.965 87.97338
C12 450.035 88.714485
C12 475.003 90.42317
C12 500.018 92.18472
C12 525.002 93.86753
C12 550.029 95.199554
C12 575.023 96.61279
C12 599.982 97.77297
C12 619.997 97.89352
C12 624.979 97.93465
C12 650.012 98.31883
C12 675.004 98.57464
C12 700.03 98.24688
C12 725.012 97.934555
C12 750.022 98.31174
C12 774.987 98.60006
C12 799.976 97.848915
C12 824.988 96.327774
C12 850.022 94.083786
C12 869.967 91.03098
C12 875.002 89.993645
C12 899.999 82.67226
C12 919.999 73.9436
C12 925.012 71.29592
C12 949.965 58.408886
C12 975.002 43.76426
C12 999.976 26.613913
C12 1025.028 11.319523
C12 1050.014 3.8678057
C12 1075.002 2.1113229
C12 1099.99 1.6319635
C14 319.994 44.030006
C14 324.969 49.611855
C14 349.982 75.973335
C14 374.975 83.54797
C14 400.019 87.561104
C14 424.965 88.056625
C14 450.035 88.757
C14 475.003 90.44425
C14 500.018 92.18964
C14 525.002 93.85694
C14 550.029 95.177895
C14 575.023 96.582596
C14 599.982 97.73592
C14 619.997 97.84832
C14 624.979 97.88482
C14 650.012 98.26585
C14 675.004 98.52207
C14 700.03 98.217995
C14 725.012 97.97411
C14 750.022 98.4538
C14 774.987 98.83987
C14 799.976 98.12552
C14 824.988 96.59562
C14 850.022 94.37255
C14 869.967 91.313354
C14 875.002 90.25215
C14 899.999 82.87092
C14 919.999 74.048225
C14 925.012 71.38897
C14 949.965 58.510372
C14 975.002 43.831234
C14 999.976 26.739275
C14 1025.028 11.3602705
C14 1050.014 3.8757977
C14 1075.002 2.1183548
C14 1099.99 1.6332124
C15 319.994 44.08285
C15 324.969 49.671745
C15 349.982 76.05895
C15 374.975 83.578735
C15 400.019 87.516464
C15 424.965 87.98135
C15 450.035 88.667046
C15 475.003 90.34023
C15 500.018 92.0802
C15 525.002 93.74239
C15 550.029 95.05938
C15 575.023 96.4604
C15 599.982 97.607376
C15 619.997 97.7228
C15 624.979 97.75989
C15 650.012 98.13547
C15 675.004 98.38941
C15 700.03 98.09464
C15 725.012 97.879005
C15 750.022 98.3886
C15 774.987 98.79704
C15 799.976 98.100334
C15 824.988 96.56794
C15 850.022 94.36835
C15 869.967 91.319725
C15 875.002 90.26257
C15 899.999 82.862755
C15 919.999 74.09748
C15 925.012 71.36109
C15 949.965 58.51071
C15 975.002 43.799004
C15 999.976 26.701197
C15 1025.028 11.359657
C15 1050.014 3.8865285
C15 1075.002 2.1225736
C15 1099.99 1.6335855
C04 319.994 44.39945
C04 324.969 50.024338
C04 349.982 76.676
C04 374.975 84.19585
C04 400.019 87.7224
C04 424.965 87.98565
C04 450.035 88.558846
C04 475.003 90.1634
C04 500.018 91.851006
C04 525.002 93.47836
C04 550.029 94.76902
C04 575.023 96.150024
C04 599.982 97.287186
C04 619.997 97.39556
C04 624.979 97.429855
C04 650.012 97.80213
C04 675.004 98.06842
C04 700.03 97.84917
C04 725.012 97.847435
C04 750.022 98.61445
C04 774.987 99.26345
C04 799.976 98.65601
C04 824.988 97.06974
C04 850.022 94.84908
C04 869.967 91.75258
C04 875.002 90.655
C04 899.999 82.96797
C04 919.999 73.60108
C04 925.012 70.843414
C04 949.965 58.586918
C04 975.002 43.965347
C04 999.976 26.870293
C04 1025.028 11.396191
C04 1050.014 3.8711953
C04 1075.002 2.1096923
C04 1099.99 1.6398449
C10 319.994 43.358948
C10 324.969 48.85831
C10 349.982 74.9338
C10 374.975 82.74908
C10 400.019 87.23712
C10 424.965 87.95067
C10 450.035 88.759
C10 475.003 90.51399
C10 500.018 92.30762
C10 525.002 94.01504
C10 550.029 95.36584
C10 575.023 96.79761
C10 599.982 97.967766
C10 619.997 98.09408
C10 624.979 98.13434
C10 650.012 98.52449
C10 675.004 98.781364
C10 700.03 98.42994
C10 725.012 98.04652
C10 750.022 98.33285
C10 774.987 98.530235
C10 799.976 97.73505
C10 824.988 96.215294
C10 850.022 93.94394
C10 869.967 90.88676
C10 875.002 89.847755
C10 899.999 82.64646
C10 919.999 73.95161
C10 925.012 71.292114
C10 949.965 58.373356
C10 975.002 43.60297
C10 999.976 26.618458
C10 1025.028 11.347623
C10 1050.014 3.888858
C10 1075.002 2.1094995
C10 1099.99 1.6257249
C13 319.994 43.824997
C13 324.969 49.38111
C13 349.982 75.65391
C13 374.975 83.29579
C13 400.019 87.42906
C13 424.965 87.97863
C13 450.035 88.70569
C13 475.003 90.40697
C13 500.018 92.16322
C13 525.002 93.83907
C13 550.029 95.16877
C13 575.023 96.57418
C13 599.982 97.73384
C13 619.997 97.85279
C13 624.979 97.88985
C13 650.012 98.272766
C13 675.004 98.52897
C13 700.03 98.21253
C13 725.012 97.938225
C13 750.022 98.3682
C13 774.987 98.704544
C13 799.976 97.97465
C13 824.988 96.44859
C13 850.022 94.20721
C13 869.967 91.14344
C13 875.002 90.10408
C13 899.999 82.82057
C13 919.999 74.084755
C13 925.012 71.216644
C13 949.965 58.60127
C13 975.002 43.631527
C13 999.976 26.61638
C13 1025.028 11.403077
C13 1050.014 3.875642
C13 1075.002 2.1130905
C13 1099.99 1.6296939
