lsstCam/transmission_sensor/r30_s02/19700101T000000.ecsv
# %ECSV 1.0
# ---
# datatype:
# - {name: amp_name, datatype: string}
# - {name: wavelength, unit: nm, datatype: float32}
# - {name: efficiency, unit: '%', datatype: float64}
# meta: !!omap
# - {MODE: AMP}
# - {TYPE: transmission_sensor}
# - {CALIBDATE: '1970-01-01T00:00:00'}
# - {INSTRUME: LSSTCAM}
# - {OBSTYPE: transmission_sensor}
# - {DETECTOR: 119}
# - {PARQUETFILE: qe_raft_allvalues_nircorrected_20230725.parquet}
# - {CALIBCLS: lsst.ip.isr.IntermediateSensorTransmissionCurve}
# - {CALIB_ID: 'raftName=R30 detectorName=S02 detector=119 calibDate=1970-01-01T00:00:00 ccd=119 ccdnum=119 filter=None'}
# - {DATE: '2023-08-02T16:57:55.909684'}
# - {CALIB_CREATION_DATE: '2023-08-02'}
# - {CALIB_CREATION_TIME: '16:57:55'}
# - __serialized_columns__:
#     efficiency:
#       __class__: astropy.units.quantity.Quantity
#       unit: !astropy.units.Unit {unit: '%'}
#       value: !astropy.table.SerializedColumn {name: efficiency}
#     wavelength:
#       __class__: astropy.units.quantity.Quantity
#       unit: !astropy.units.Unit {unit: nm}
#       value: !astropy.table.SerializedColumn {name: wavelength}
# schema: astropy-2.0
amp_name wavelength efficiency
C00 319.994 43.76396560668945
C00 324.969 49.31100082397461
C00 349.982 75.7607421875
C00 374.975 83.58291625976562
C00 400.019 87.51262664794922
C00 424.965 87.94271087646484
C00 450.035 88.59849548339844
C00 475.003 90.25341033935547
C00 500.018 91.98152923583984
C00 525.002 93.64884948730469
C00 550.029 94.96669006347656
C00 575.023 96.37471771240234
C00 599.982 97.53262329101562
C00 619.997 97.65253448486328
C00 624.979 97.68960571289062
C00 650.012 98.07672119140625
C00 675.004 98.34431457519531
C00 700.03 98.09010314941406
C00 725.012 97.98563385009766
C00 750.022 98.6170425415039
C00 774.987 99.14545440673828
C00 799.976 98.48188781738281
C00 824.988 96.88603210449219
C00 850.022 94.63536834716797
C00 869.967 91.51480865478516
C00 875.002 90.41513061523438
C00 899.999 82.81266784667969
C00 919.999 73.66604614257812
C00 925.012 70.87239074707031
C00 949.965 58.41291427612305
C00 975.002 43.6905403137207
C00 999.976 26.771150588989258
C00 1025.028 11.440842628479004
C00 1050.014 3.9115407466888428
C00 1075.002 0.9395148920278944
C00 1099.99 0.09321780447241414
C01 319.994 43.93981170654297
C01 324.969 49.509742736816406
C01 349.982 76.02674102783203
C01 374.975 83.7938461303711
C01 400.019 87.59217071533203
C01 424.965 87.96585845947266
C01 450.035 88.59307861328125
C01 475.003 90.23006439208984
C01 500.018 91.94195556640625
C01 525.002 93.59090423583984
C01 550.029 94.90351104736328
C01 575.023 96.30126190185547
C01 599.982 97.4532699584961
C01 619.997 97.56745147705078
C01 624.979 97.6091537475586
C01 650.012 97.99149322509766
C01 675.004 98.25827026367188
C01 700.03 98.0162124633789
C01 725.012 97.93765258789062
C01 750.022 98.60659790039062
C01 774.987 99.16285705566406
C01 799.976 98.51435089111328
C01 824.988 96.93069458007812
C01 850.022 94.69381713867188
C01 869.967 91.5942153930664
C01 875.002 90.49144744873047
C01 899.999 82.89537811279297
C01 919.999 73.6612777709961
C01 925.012 70.8373794555664
C01 949.965 58.48674011230469
C01 975.002 43.7668571472168
C01 999.976 26.838666915893555
C01 1025.028 11.430038452148438
C01 1050.014 3.894598960876465
C01 1075.002 0.939415117289425
C01 1099.99 0.09320790491452437
C02 319.994 44.08113098144531
C02 324.969 49.66851806640625
C02 349.982 76.26365661621094
C02 374.975 83.97260284423828
C02 400.019 87.67317199707031
C02 424.965 87.99838256835938
C02 450.035 88.60067749023438
C02 475.003 90.2261734008789
C02 500.018 91.92826080322266
C02 525.002 93.57008361816406
C02 550.029 94.87861633300781
C02 575.023 96.27334594726562
C02 599.982 97.4188461303711
C02 619.997 97.53473663330078
C02 624.979 97.57176208496094
C02 650.012 97.95640563964844
C02 675.004 98.22367095947266
C02 700.03 97.99056243896484
C02 725.012 97.93701934814453
C02 750.022 98.64247131347656
C02 774.987 99.23485565185547
C02 799.976 98.60204315185547
C02 824.988 97.01886749267578
C02 850.022 94.79517364501953
C02 869.967 91.70046997070312
C02 875.002 90.60089111328125
C02 899.999 82.98210906982422
C02 919.999 73.71797943115234
C02 925.012 70.89470672607422
C02 949.965 58.572654724121094
C02 975.002 43.87860107421875
C02 999.976 26.90751838684082
C02 1025.028 11.4403715133667
C02 1050.014 3.8861098289489746
C02 1075.002 0.9397565748769964
C02 1099.99 0.09324178402267257
C03 319.994 44.23290252685547
C03 324.969 49.84199905395508
C03 349.982 76.47334289550781
C03 374.975 84.10816192626953
C03 400.019 87.74620056152344
C03 424.965 88.0512466430664
C03 450.035 88.64552307128906
C03 475.003 90.26008605957031
C03 500.018 91.96147155761719
C03 525.002 93.60179901123047
C03 550.029 94.9039077758789
C03 575.023 96.29736328125
C03 599.982 97.4395751953125
C03 619.997 97.55534362792969
C03 624.979 97.58893585205078
C03 650.012 97.9719009399414
C03 675.004 98.24120330810547
C03 700.03 98.01397705078125
C03 725.012 97.98871612548828
C03 750.022 98.72785186767578
C03 774.987 99.35284423828125
C03 799.976 98.73824310302734
C03 824.988 97.15617370605469
C03 850.022 94.92513275146484
C03 869.967 91.83899688720703
C03 875.002 90.75025939941406
C03 899.999 83.11979675292969
C03 919.999 73.71732330322266
C03 925.012 70.91094970703125
C03 949.965 58.691993713378906
C03 975.002 44.00076675415039
C03 999.976 26.944711685180664
C03 1025.028 11.446531295776367
C03 1050.014 3.8819260597229004
C03 1075.002 0.9405697120309662
C03 1099.99 0.0933224627440757
C04 319.994 44.39944839477539
C04 324.969 50.02433776855469
C04 349.982 76.6760025024414
C04 374.975 84.19584655761719
C04 400.019 87.72239685058594
C04 424.965 87.98564910888672
C04 450.035 88.55884552001953
C04 475.003 90.16339874267578
C04 500.018 91.85100555419922
C04 525.002 93.47836303710938
C04 550.029 94.7690200805664
C04 575.023 96.1500244140625
C04 599.982 97.28718566894531
C04 619.997 97.39556121826172
C04 624.979 97.42985534667969
C04 650.012 97.80213165283203
C04 675.004 98.06842041015625
C04 700.03 97.84916687011719
C04 725.012 97.8474349975586
C04 750.022 98.61444854736328
C04 774.987 99.2634506225586
C04 799.976 98.65601348876953
C04 824.988 97.06974029541016
C04 850.022 94.84908294677734
C04 869.967 91.75257873535156
C04 875.002 90.65499877929688
C04 899.999 82.96797180175781
C04 919.999 73.60108184814453
C04 925.012 70.84341430664062
C04 949.965 58.586917877197266
C04 975.002 43.96534729003906
C04 999.976 26.87029266357422
C04 1025.028 11.396190643310547
C04 1050.014 3.8711953163146973
C04 1075.002 0.9394891077738907
C04 1099.99 0.0932152461824194
C05 319.994 44.57119369506836
C05 324.969 50.22465133666992
C05 349.982 76.95909881591797
C05 374.975 84.40177917480469
C05 400.019 87.85175323486328
C05 424.965 88.08783721923828
C05 450.035 88.647216796875
C05 475.003 90.24927520751953
C05 500.018 91.93557739257812
C05 525.002 93.56612396240234
C05 550.029 94.85719299316406
C05 575.023 96.2408676147461
C05 599.982 97.37313079833984
C05 619.997 97.47956085205078
C05 624.979 97.51335144042969
C05 650.012 97.88343048095703
C05 675.004 98.14582824707031
C05 700.03 97.93276977539062
C05 725.012 97.93891143798828
C05 750.022 98.7196044921875
C05 774.987 99.37959289550781
C05 799.976 98.77253723144531
C05 824.988 97.1817398071289
C05 850.022 94.97246551513672
C05 869.967 91.85716247558594
C05 875.002 90.75685119628906
C05 899.999 83.00345611572266
C05 919.999 73.69556427001953
C05 925.012 70.94024658203125
C05 949.965 58.60935974121094
C05 975.002 43.962608337402344
C05 999.976 26.843765258789062
C05 1025.028 11.367470741271973
C05 1050.014 3.8674111366271973
C05 1075.002 0.9404908210979552
C05 1099.99 0.09331463525817796
C06 319.994 44.52516555786133
C06 324.969 50.172977447509766
C06 349.982 76.87525177001953
C06 374.975 84.22264862060547
C06 400.019 87.61852264404297
C06 424.965 87.83845520019531
C06 450.035 88.39678955078125
C06 475.003 89.993408203125
C06 500.018 91.67738342285156
C06 525.002 93.3037338256836
C06 550.029 94.59465789794922
C06 575.023 95.97225952148438
C06 599.982 97.10145568847656
C06 619.997 97.2080078125
C06 624.979 97.24055480957031
C06 650.012 97.60725402832031
C06 675.004 97.86859893798828
C06 700.03 97.65157318115234
C06 725.012 97.6484146118164
C06 750.022 98.4039077758789
C06 774.987 99.04243469238281
C06 799.976 98.42552947998047
C06 824.988 96.8484878540039
C06 850.022 94.65292358398438
C06 869.967 91.54954528808594
C06 875.002 90.44731140136719
C06 899.999 82.74208068847656
C06 919.999 73.5924301147461
C06 925.012 70.85465240478516
C06 949.965 58.379249572753906
C06 975.002 43.81382369995117
C06 999.976 26.757099151611328
C06 1025.028 11.342034339904785
C06 1050.014 3.873513698577881
C06 1075.002 0.9374833883320183
C06 1099.99 0.0930162405420134
C07 319.994 44.747833251953125
C07 324.969 50.42894744873047
C07 349.982 77.21698760986328
C07 374.975 84.49505615234375
C07 400.019 87.8704833984375
C07 424.965 88.09073638916016
C07 450.035 88.65593719482422
C07 475.003 90.26158142089844
C07 500.018 91.95500183105469
C07 525.002 93.58780670166016
C07 550.029 94.88111114501953
C07 575.023 96.26201629638672
C07 599.982 97.38986206054688
C07 619.997 97.49597930908203
C07 624.979 97.52864074707031
C07 650.012 97.89110565185547
C07 675.004 98.14543151855469
C07 700.03 97.9091796875
C07 725.012 97.85652923583984
C07 750.022 98.56104278564453
C07 774.987 99.13419342041016
C07 799.976 98.49210357666016
C07 824.988 96.9283447265625
C07 850.022 94.73199462890625
C07 869.967 91.6127700805664
C07 875.002 90.51659393310547
C07 899.999 82.96015167236328
C07 919.999 73.8587646484375
C07 925.012 71.11553955078125
C07 949.965 58.52353286743164
C07 975.002 43.763038635253906
C07 999.976 26.77073097229004
C07 1025.028 11.424212455749512
C07 1050.014 3.9338159561157227
C07 1075.002 0.9389809089034015
C07 1099.99 0.09316482315736217
C10 319.994 43.35894775390625
C10 324.969 48.85831069946289
C10 349.982 74.93379974365234
C10 374.975 82.74907684326172
C10 400.019 87.23712158203125
C10 424.965 87.95066833496094
C10 450.035 88.75900268554688
C10 475.003 90.51399230957031
C10 500.018 92.3076171875
C10 525.002 94.0150375366211
C10 550.029 95.36583709716797
C10 575.023 96.797607421875
C10 599.982 97.96776580810547
C10 619.997 98.09407806396484
C10 624.979 98.13433837890625
C10 650.012 98.52449035644531
C10 675.004 98.78136444091797
C10 700.03 98.42993927001953
C10 725.012 98.04651641845703
C10 750.022 98.33284759521484
C10 774.987 98.53023529052734
C10 799.976 97.73504638671875
C10 824.988 96.21529388427734
C10 850.022 93.94393920898438
C10 869.967 90.88675689697266
C10 875.002 89.8477554321289
C10 899.999 82.6464614868164
C10 919.999 73.95160675048828
C10 925.012 71.2921142578125
C10 949.965 58.373355865478516
C10 975.002 43.602970123291016
C10 999.976 26.618457794189453
C10 1025.028 11.347622871398926
C10 1050.014 3.8888580799102783
C10 1075.002 0.9368102455736779
C10 1099.99 0.0929494519359344
C11 319.994 43.55698013305664
C11 324.969 49.08022689819336
C11 349.982 75.25955963134766
C11 374.975 83.02252960205078
C11 400.019 87.34568786621094
C11 424.965 87.97366333007812
C11 450.035 88.7424087524414
C11 475.003 90.46796417236328
C11 500.018 92.2409439086914
C11 525.002 93.93500518798828
C11 550.029 95.27131652832031
C11 575.023 96.69402313232422
C11 599.982 97.8593521118164
C11 619.997 97.98626708984375
C11 624.979 98.02493286132812
C11 650.012 98.41203308105469
C11 675.004 98.66853332519531
C11 700.03 98.33039855957031
C11 725.012 97.98249053955078
C11 750.022 98.31297302246094
C11 774.987 98.55315399169922
C11 799.976 97.78248596191406
C11 824.988 96.26374053955078
C11 850.022 94.00623321533203
C11 869.967 90.9631576538086
C11 875.002 89.91859436035156
C11 899.999 82.6955795288086
C11 919.999 73.9493637084961
C11 925.012 71.25218200683594
C11 949.965 58.44878005981445
C11 975.002 43.61610794067383
C11 999.976 26.660354614257812
C11 1025.028 11.335787773132324
C11 1050.014 3.8742523193359375
C11 1075.002 0.9366205283327943
C11 1099.99 0.09293062836558359
C12 319.994 43.71818542480469
C12 324.969 49.260719299316406
C12 349.982 75.5140151977539
C12 374.975 83.20946502685547
C12 400.019 87.39987182617188
C12 424.965 87.97338104248047
C12 450.035 88.71448516845703
C12 475.003 90.42317199707031
C12 500.018 92.18472290039062
C12 525.002 93.8675308227539
C12 550.029 95.19955444335938
C12 575.023 96.61279296875
C12 599.982 97.7729721069336
C12 619.997 97.89351654052734
C12 624.979 97.93464660644531
C12 650.012 98.31883239746094
C12 675.004 98.57463836669922
C12 700.03 98.24687957763672
C12 725.012 97.93455505371094
C12 750.022 98.31173706054688
C12 774.987 98.60005950927734
C12 799.976 97.84891510009766
C12 824.988 96.32777404785156
C12 850.022 94.08378601074219
C12 869.967 91.0309829711914
C12 875.002 89.99364471435547
C12 899.999 82.67225646972656
C12 919.999 73.943603515625
C12 925.012 71.2959213256836
C12 949.965 58.40888595581055
C12 975.002 43.764259338378906
C12 999.976 26.61391258239746
C12 1025.028 11.319522857666016
C12 1050.014 3.8678057193756104
C12 1075.002 0.9366083456515644
C12 1099.99 0.09292941961114395
C13 319.994 43.82499694824219
C13 324.969 49.38111114501953
C13 349.982 75.6539077758789
C13 374.975 83.29579162597656
C13 400.019 87.42906188964844
C13 424.965 87.97863006591797
C13 450.035 88.7056884765625
C13 475.003 90.40696716308594
C13 500.018 92.16322326660156
C13 525.002 93.83907318115234
C13 550.029 95.16876983642578
C13 575.023 96.57418060302734
C13 599.982 97.73384094238281
C13 619.997 97.85279083251953
C13 624.979 97.88984680175781
C13 650.012 98.27276611328125
C13 675.004 98.52896881103516
C13 700.03 98.21253204345703
C13 725.012 97.93822479248047
C13 750.022 98.36820220947266
C13 774.987 98.70454406738281
C13 799.976 97.97464752197266
C13 824.988 96.44859313964844
C13 850.022 94.20720672607422
C13 869.967 91.14344024658203
C13 875.002 90.10408020019531
C13 899.999 82.82057189941406
C13 919.999 74.08475494384766
C13 925.012 71.21664428710938
C13 949.965 58.60126876831055
C13 975.002 43.631526947021484
C13 999.976 26.61638069152832
C13 1025.028 11.403077125549316
C13 1050.014 3.8756420612335205
C13 1075.002 0.9371458618570507
C13 1099.99 0.09298275147524632
C14 319.994 44.030006408691406
C14 324.969 49.611854553222656
C14 349.982 75.97333526611328
C14 374.975 83.5479736328125
C14 400.019 87.56110382080078
C14 424.965 88.05662536621094
C14 450.035 88.75700378417969
C14 475.003 90.44425201416016
C14 500.018 92.18963623046875
C14 525.002 93.85694122314453
C14 550.029 95.17789459228516
C14 575.023 96.58259582519531
C14 599.982 97.73592376708984
C14 619.997 97.84832000732422
C14 624.979 97.88481903076172
C14 650.012 98.2658462524414
C14 675.004 98.5220718383789
C14 700.03 98.2179946899414
C14 725.012 97.97411346435547
C14 750.022 98.45379638671875
C14 774.987 98.8398666381836
C14 799.976 98.12551879882812
C14 824.988 96.59561920166016
C14 850.022 94.37255096435547
C14 869.967 91.3133544921875
C14 875.002 90.25215148925781
C14 899.999 82.87091827392578
C14 919.999 74.04822540283203
C14 925.012 71.38896942138672
C14 949.965 58.510372161865234
C14 975.002 43.831233978271484
C14 999.976 26.739274978637695
C14 1025.028 11.360270500183105
C14 1050.014 3.875797748565674
C14 1075.002 0.9379608909933739
C14 1099.99 0.09306361791740042
C15 319.994 44.08285140991211
C15 324.969 49.67174530029297
C15 349.982 76.05895233154297
C15 374.975 83.5787353515625
C15 400.019 87.51646423339844
C15 424.965 87.98135375976562
C15 450.035 88.66704559326172
C15 475.003 90.3402328491211
C15 500.018 92.0802001953125
C15 525.002 93.74239349365234
C15 550.029 95.05937957763672
C15 575.023 96.46040344238281
C15 599.982 97.60737609863281
C15 619.997 97.7228012084961
C15 624.979 97.7598876953125
C15 650.012 98.13546752929688
C15 675.004 98.38941192626953
C15 700.03 98.09464263916016
C15 725.012 97.8790054321289
C15 750.022 98.38860321044922
C15 774.987 98.79704284667969
C15 799.976 98.10033416748047
C15 824.988 96.56793975830078
C15 850.022 94.36834716796875
C15 869.967 91.3197250366211
C15 875.002 90.2625732421875
C15 899.999 82.86275482177734
C15 919.999 74.09748077392578
C15 925.012 71.36109161376953
C15 949.965 58.510711669921875
C15 975.002 43.79900360107422
C15 999.976 26.701196670532227
C15 1025.028 11.359657287597656
C15 1050.014 3.886528491973877
C15 1075.002 0.937339583791462
C15 1099.99 0.09300197238760992
C16 319.994 44.16363525390625
C16 324.969 49.76527404785156
C16 349.982 76.19486236572266
C16 374.975 83.69436645507812
C16 400.019 87.60071563720703
C16 424.965 88.05045318603516
C16 450.035 88.72974395751953
C16 475.003 90.40619659423828
C16 500.018 92.14567565917969
C16 525.002 93.80884552001953
C16 550.029 95.12767028808594
C16 575.023 96.52543640136719
C16 599.982 97.678466796875
C16 619.997 97.79166412353516
C16 624.979 97.82398986816406
C16 650.012 98.20169067382812
C16 675.004 98.45681762695312
C16 700.03 98.16221618652344
C16 725.012 97.94328308105469
C16 750.022 98.44721221923828
C16 774.987 98.85481262207031
C16 799.976 98.1549301147461
C16 824.988 96.6244125366211
C16 850.022 94.46199035644531
C16 869.967 91.39281463623047
C16 875.002 90.30055236816406
C16 899.999 82.9856948852539
C16 919.999 74.31989288330078
C16 925.012 71.5482406616211
C16 949.965 58.6135368347168
C16 975.002 43.691707611083984
C16 999.976 26.742103576660156
C16 1025.028 11.38897705078125
C16 1050.014 3.9280130863189697
C16 1075.002 0.937897972244146
C16 1099.99 0.0930573751769043
C17 319.994 44.25548553466797
C17 324.969 49.86827087402344
C17 349.982 76.3616943359375
C17 374.975 83.86627197265625
C17 400.019 87.72700500488281
C17 424.965 88.15184020996094
C17 450.035 88.81581115722656
C17 475.003 90.48670196533203
C17 500.018 92.2226791381836
C17 525.002 93.88462829589844
C17 550.029 95.20118713378906
C17 575.023 96.60426330566406
C17 599.982 97.75365447998047
C17 619.997 97.86302185058594
C17 624.979 97.899169921875
C17 650.012 98.2774887084961
C17 675.004 98.52674102783203
C17 700.03 98.21922302246094
C17 725.012 97.9571533203125
C17 750.022 98.40745544433594
C17 774.987 98.7532730102539
C17 799.976 98.03065490722656
C17 824.988 96.51862335205078
C17 850.022 94.3516616821289
C17 869.967 91.29534912109375
C17 875.002 90.21029663085938
C17 899.999 83.02548217773438
C17 919.999 74.45257568359375
C17 925.012 71.64179992675781
C17 949.965 58.55292510986328
C17 975.002 43.620643615722656
C17 999.976 26.77025604248047
C17 1025.028 11.45748233795166
C17 1050.014 3.9705276489257812
C17 1075.002 0.9375197099133927
C17 1099.99 0.09301984433594943
