lsstCam/transmission_filter_detector/r21_s20/r_57/19700101T000000.ecsv
# %ECSV 1.0
# ---
# datatype:
# - {name: wavelength, unit: nm, datatype: float32}
# - {name: efficiency, unit: '%', datatype: float64}
# meta: !!omap
# - {MODE: DETECTOR}
# - {TYPE: transmission_filter_detector}
# - {CALIBDATE: '1970-01-01T00:00:00'}
# - {INSTRUME: LSSTCam}
# - {OBSTYPE: transmission_filter_detector}
# - {CALIBCLS: lsst.ip.isr.IntermediateFilterDetectorTransmissionCurve}
# - {SOURCE: Materion (DM-46256)}
# - {DETECTOR: 87}
# - {FILTER: r_57}
# - {CALIB_ID: 'calibDate=1970-01-01T00:00:00 filter=r_57 detector=87'}
# - {DATE: '2025-04-02T15:59:44.585130'}
# - {CALIB_CREATION_DATE: '2025-04-02'}
# - {CALIB_CREATION_TIME: '15:59:44'}
# - __serialized_columns__:
#     efficiency:
#       __class__: astropy.units.quantity.Quantity
#       unit: !astropy.units.Unit {unit: '%'}
#       value: !astropy.table.SerializedColumn {name: efficiency}
#     wavelength:
#       __class__: astropy.units.quantity.Quantity
#       unit: !astropy.units.Unit {unit: nm}
#       value: !astropy.table.SerializedColumn {name: wavelength}
# schema: astropy-2.0
wavelength efficiency
[from data line 602]
902.0 8.877249513261631e-06
903.0 1.5842839193314084e-10
904.0 1.5842839193314084e-10
905.0 1.5842839193314084e-10
906.0 8.543602092458968e-06
907.0 6.781047545700858e-05
908.0 6.353504886646988e-05
909.0 5.9259610907247406e-05
910.0 1.5842839193314084e-10
911.0 1.5842839193314084e-10
912.0 1.5842839193314084e-10
913.0 5.886925009690458e-05
914.0 4.431666411619517e-05
915.0 2.9764075293314818e-05
916.0 1.4993449326539121e-05
917.0 2.2282788947336485e-07
918.0 0.00012448875850168406
919.0 0.0002487546680640662
920.0 0.00018553395193521283
921.0 0.0001223132130689919
922.0 0.00016198638377318275
923.0 0.0002016595544773736
924.0 0.0001837445211094746
925.0 0.0001658294763728918
926.0 0.00011749991699616658
927.0 6.917034056641569e-05
928.0 0.00010487166264283587
929.0 0.00014057295629754663
930.0 0.00016372134723496856
931.0 0.00018686972680370673
932.0 0.00010391107707619085
933.0 2.0952448664957046e-05
934.0 6.393274816218764e-05
935.0 0.00010691304623833275
936.0 0.00013795390714221867
937.0 0.00016899473394005327
938.0 0.0001646555460865784
939.0 0.00016031634686441976
940.0 0.0001635950638956274
941.0 0.00016687372408341616
942.0 0.0002714153879423975
943.0 0.0003759570745387464
944.0 0.0003305540076325997
945.0 0.00028515098620118806
946.0 0.00032742568691901397
947.0 0.00036970043311157497
948.0 0.0003660621814560727
949.0 0.0003624240889621433
950.0 0.000431613989348989
951.0 0.0005008039352105698
952.0 0.0006177932846185286
953.0 0.0007347827704506926
954.0 0.0009685848453955259
955.0 0.0012023871931887697
956.0 0.0013332265552890021
957.0 0.0014640657354902942
958.0 0.0016295785826514475
959.0 0.001795091520762071
960.0 0.0019341252482263371
961.0 0.002073159339488484
962.0 0.002278872489114292
963.0 0.0024845854568411596
964.0 0.002498948924767319
965.0 0.0025133122107945383
966.0 0.002517876600904856
967.0 0.002522440809116233
968.0 0.0025191277018166147
969.0 0.002515814958314877
970.0 0.002533020233386196
971.0 0.002550225872255396
972.0 0.0026637702831067145
973.0 0.002777314693958033
974.0 0.0029326422009035014
975.0 0.0030879695259500295
976.0 0.00309342794935219
977.0 0.0030988860089564696
978.0 0.0030684266675962135
979.0 0.003037967508134898
980.0 0.003030034713447094
981.0 0.0030221017368603498
982.0 0.0030458482797257602
983.0 0.0030695948225911707
984.0 0.002953001057903748
985.0 0.002836407111317385
986.0 0.002746586142166052
987.0 0.002656765173014719
988.0 0.0025475574148003943
989.0 0.0024383502022828907
990.0 0.0024585064238635823
991.0 0.0024786624635453336
992.0 0.0025203526092809625
993.0 0.0025620427550165914
994.0 0.0026278901714249514
995.0 0.002693737405934371
996.0 0.0027690275601344183
997.0 0.002844317532435525
998.0 0.0029957749575260095
999.0 0.003147232564515434
1000.0 0.0032191004720516503
1001.0 0.003290968743385747
1002.0 0.0035076420317636803
1003.0 0.0037243153201416135
1004.0 0.0037749570765299723
1005.0 0.003825598832918331
1006.0 0.004022113353130408
1007.0 0.004218628237140365
1008.0 0.00419403295381926
1009.0 0.004169436942902394
1010.0 0.004165848076809198
1011.0 0.004162259210716002
1012.0 0.004111044472665526
1013.0 0.0040598293708171695
1014.0 0.0038415269955294207
1015.0 0.0036232238926459104
1016.0 0.0033959891879931092
1017.0 0.003168754483340308
1018.0 0.00285676524072187
1019.0 0.002544776361901313
1020.0 0.0022133546735858545
1021.0 0.0018819328033714555
1022.0 0.0016230273104156367
1023.0 0.0013641215446114074
1024.0 0.0013687852515431587
1025.0 0.0013734489584749099
1026.0 0.0012358956155367196
1027.0 0.0010983422725985292
1028.0 0.0010373390978202224
1029.0 0.0009763358320924453
1030.0 0.0008973503099696245
1031.0 0.0008183645149983931
1032.0 0.0008102132596832234
1033.0 0.0008020619134185836
1034.0 0.0006874651262478437
1035.0 0.0005728680662286934
1036.0 0.0007102165454853093
1037.0 0.0008475649337924551
1038.0 0.0007852381713746581
1039.0 0.0007229114544315962
1040.0 0.0006902013410581276
1041.0 0.0006574911367351888
1042.0 0.0007284631919901585
1043.0 0.0007994350198714528
1044.0 0.0008609678843640722
1045.0 0.0009225008398061618
1046.0 0.0008964527296484448
1047.0 0.0008704048923391383
1048.0 0.0008032347977859899
1049.0 0.0007360647487075767
1050.0 0.0007876966265030205
1051.0 0.0008393284588237293
1052.0 0.0009655655958340503
1053.0 0.00109180209619808
1054.0 0.0009432441402168479
1055.0 0.0007946860932861455
1056.0 0.000791807997302385
1057.0 0.0007889297194196843
1058.0 0.000828829979582224
1059.0 0.0008687301487952936
1060.0 0.0011058032214350533
1061.0 0.0013428759302769322
1062.0 0.0013745528121944517
1063.0 0.0014062294212635607
1064.0 0.0012237747796461917
1065.0 0.0010413200470793527
1066.0 0.0014035336789675057
1067.0 0.0017657472199061885
1068.0 0.0018223307051812299
1069.0 0.0018789140085573308
1070.0 0.0016979500287561677
1071.0 0.0015169860489550047
1072.0 0.001545228406030219
1073.0 0.0015734707631054334
1074.0 0.0020192070223856717
1075.0 0.0024649430997669697
1076.0 0.002804682299029082
1077.0 0.0031444214982911944
1078.0 0.0034599514037836343
1079.0 0.003775481673073955
1080.0 0.004065607208758593
1081.0 0.004355732016847469
1082.0 0.004247230754117481
1083.0 0.004138729855185375
1084.0 0.004470332714845426
1085.0 0.0048019352107075974
1086.0 0.0046102195483399555
1087.0 0.004418503522174433
1088.0 0.004284740498405881
1089.0 0.00415097783843521
1090.0 0.0035696291888598353
1091.0 0.0029882805392844602
1092.0 0.003602429569582455
1093.0 0.00421657896367833
1094.0 0.004189216997474432
1095.0 0.004161855031270534
1096.0 0.00354585463355761
1097.0 0.002929854417743627
1098.0 0.0029949458621558733
1099.0 0.00306003748846706
1100.0 0.002375961048528552
1101.0 0.001691884062893223
