lsstCam/transmission_filter_detector/r21_s20/r_57/19700101T000000.ecsv
# %ECSV 1.0
# ---
# datatype:
# - {name: wavelength, unit: nm, datatype: float32}
# - {name: efficiency, unit: '%', datatype: float64}
# meta: !!omap
# - {MODE: DETECTOR}
# - {TYPE: transmission_filter_detector}
# - {CALIBDATE: '1970-01-01T00:00:00'}
# - {INSTRUME: LSSTCam}
# - {OBSTYPE: transmission_filter_detector}
# - {CALIBCLS: lsst.ip.isr.IntermediateFilterDetectorTransmissionCurve}
# - {SOURCE: Materion (DM-46256)}
# - {DETECTOR: 87}
# - {FILTER: r_57}
# - {CALIB_ID: 'calibDate=1970-01-01T00:00:00 filter=r_57 detector=87'}
# - {DATE: '2025-04-02T15:59:44.585130'}
# - {CALIB_CREATION_DATE: '2025-04-02'}
# - {CALIB_CREATION_TIME: '15:59:44'}
# - __serialized_columns__:
#     efficiency:
#       __class__: astropy.units.quantity.Quantity
#       unit: !astropy.units.Unit {unit: '%'}
#       value: !astropy.table.SerializedColumn {name: efficiency}
#     wavelength:
#       __class__: astropy.units.quantity.Quantity
#       unit: !astropy.units.Unit {unit: nm}
#       value: !astropy.table.SerializedColumn {name: wavelength}
# schema: astropy-2.0
wavelength efficiency
300.0 0.002244565257569775
301.0 0.00488701589347329
302.0 0.007529465801781043
303.0 0.010271394421579316
304.0 0.01301332376897335
305.0 0.011594274110393599
306.0 0.010175224451813847
307.0 0.00883509565028362
308.0 0.007494966121157631
309.0 0.007037411705823615
310.0 0.0065798543801065534
311.0 0.005909801984671503
312.0 0.00523974777024705
313.0 0.005085719749331474
314.0 0.004931691728415899
315.0 0.004727793566416949
316.0 0.00452389576821588
317.0 0.00425660255132243
318.0 0.003989307879237458
319.0 0.003731180913746357
320.0 0.0034730528568616137
321.0 0.0031378265703096986
322.0 0.0028025991923641413
323.0 0.0025698280296637677
324.0 0.0023370572307612747
325.0 0.0022598116629524156
326.0 0.0021825660951435566
327.0 0.0022750760763301514
328.0 0.0023675862394156866
329.0 0.002333159682166297
330.0 0.002298732943017967
331.0 0.0020564735677908175
332.0 0.0018142136468668468
333.0 0.0016581750969635323
334.0 0.0015021366380096879
335.0 0.0014073413694859482
336.0 0.0013125460100127384
337.0 0.0011701748917403165
338.0 0.0010278038644173648
339.0 0.0009301873433287255
340.0 0.0008325708222400863
341.0 0.0008876015272107907
342.0 0.0009426323231309652
343.0 0.0008547840479877777
344.0 0.0007669355909456499
345.0 0.0007534607902925927
346.0 0.0007399859441648005
347.0 0.0007634220310137607
348.0 0.0007868581633374561
349.0 0.0007796078534738626
350.0 0.0039055674278642982
351.0 0.00525915966136381
352.0 0.006612751167267561
353.0 0.006403224688256159
354.0 0.006193698936840519
355.0 0.004909293056698516
356.0 0.0036248875403543934
357.0 0.0044326428906060755
358.0 0.005240398968453519
359.0 0.004882828579866327
360.0 0.004525258555077016
361.0 0.0031940286135068163
362.0 0.0018627988538355567
363.0 0.00249383992922958
364.0 0.0031248808227246627
365.0 0.0028371316147968173
366.0 0.0025493822249700315
367.0 0.002671499169082381
368.0 0.0027936157493968494
369.0 0.0028304093575570732
370.0 0.0028672026019194163
371.0 0.0028637898140004836
372.0 0.0028603768441826105
373.0 0.0027319132641423494
374.0 0.0026034493203042075
375.0 0.0020192997908452526
376.0 0.0014351502613862976
377.0 0.0017118356481660157
378.0 0.001988521216844674
379.0 0.0019353643438080326
380.0 0.001882208016468212
381.0 0.0021987236323184334
382.0 0.0025152396119665354
383.0 0.003072326217079535
384.0 0.003629412458394654
385.0 0.004367190194898285
386.0 0.005104967203806154
387.0 0.004598220039042644
388.0 0.004091472874279134
389.0 0.0033946231269510463
390.0 0.0026977728339261375
391.0 0.002269394462928176
392.0 0.001841016455728095
393.0 0.001675232851994224
394.0 0.001509449339209823
395.0 0.0011472615369712003
396.0 0.0007850738256820478
397.0 0.0006890670192660764
398.0 0.0005930606221227208
399.0 0.0004957783403369831
400.0 0.0003984959221270401
401.0 0.00030818428058410063
402.0 0.00021787227524328046
403.0 0.0002950994257844286
404.0 0.0003723266900124145
405.0 0.0008925993824959733
406.0 0.001412871824868489
407.0 0.0014976643797126599
408.0 0.0015824567526578903
409.0 0.0011871507012983784
410.0 0.0007918446499388665
411.0 0.0007450903012795607
412.0 0.0006983359980949899
413.0 0.0009560998478264082
414.0 0.0012138638339820318
415.0 0.0012680421605182346
416.0 0.001322220850852318
417.0 0.001349607282463694
418.0 0.0013769938959740102
419.0 0.001999317100853659
420.0 0.002621640123834368
421.0 0.003965775249525905
422.0 0.00530990982952062
423.0 0.008301600610138848
424.0 0.011293290299363434
425.0 0.015179108595475554
426.0 0.01906492398120463
427.0 0.019559849170036614
428.0 0.0200547743588686
429.0 0.015555936261080205
430.0 0.01105709743569605
431.0 0.007743628520984203
432.0 0.004430158514878713
433.0 0.0034696917282417417
434.0 0.0025092243959079497
435.0 0.0020466812202357687
436.0 0.0015841380445635878
437.0 0.0012143503226980101
438.0 0.0008445629646303132
439.0 0.0008189204891095869
440.0 0.0007932781045383308
441.0 0.0009680315088189673
442.0 0.0011427849130996037
443.0 0.0015253232049872167
444.0 0.0019078615878243
445.0 0.001803273698897101
446.0 0.0016986861737677827
447.0 0.001548606451251544
448.0 0.001398527092533186
449.0 0.0012843260265071876
450.0 0.001170124869531719
451.0 0.0012787675586878322
452.0 0.0013874098840460647
453.0 0.0015348667147918604
454.0 0.0016823232726892456
455.0 0.0014738983736606315
456.0 0.001265473838429898
457.0 0.0009226215297530871
458.0 0.0005797691756015411
459.0 0.0008059015272010583
460.0 0.0010320338333258405
461.0 0.0015511730452999473
462.0 0.002070312257274054
463.0 0.002874431447708048
464.0 0.0036785510019399226
465.0 0.004587594958138652
466.0 0.00549663818674162
467.0 0.006087595465942286
468.0 0.006678552745142952
469.0 0.005795434844912961
470.0 0.004912317672278732
471.0 0.003759649916901253
472.0 0.0026069821615237743
473.0 0.0019811579477391206
474.0 0.0013553333701565862
475.0 0.0010382636901340447
476.0 0.0007211941465357086
477.0 0.0007405232736346079
478.0 0.0007598524007335072
479.0 0.0008415960110141896
480.0 0.000923339666769607
481.0 0.0007477547569578746
482.0 0.0005721700290450826
483.0 0.0006250265414564637
484.0 0.00067788309934258
485.0 0.0006792465683247428
486.0 0.0006806100827816408
487.0 0.00048546444304520264
488.0 0.000290318826046132
489.0 0.00045286265049071517
490.0 0.0006154064976726659
491.0 0.0007155567800509743
492.0 0.000815707153378753
493.0 0.00090349876700202
494.0 0.0009912904715747572
495.0 0.0009596365998731926
496.0 0.0009279826372221578
497.0 0.0010235226000077091
498.0 0.00111906238089432
499.0 0.0011690483006532304
500.0 0.001219034402311081
501.0 0.001287311260966817
502.0 0.001355588210572023
503.0 0.0017556045349920169
504.0 0.0021556206775130704
505.0 0.0026011563022620976
506.0 0.003046691927011125
507.0 0.0037663230614271015
508.0 0.0044859538320451975
509.0 0.004893271761829965
510.0 0.005300589691614732
511.0 0.004854920189245604
512.0 0.0044092510506743565
513.0 0.0037183610402280465
514.0 0.003027471393579617
515.0 0.0028224396373843774
516.0 0.002617408063088078
517.0 0.002633494295878336
518.0 0.0026495805286685936
519.0 0.02884317364078015
520.0 0.10367061477154493
521.0 0.0775054912082851
522.0 0.1575990696437657
523.0 0.11413451284170151
524.0 0.07843623170629144
525.0 0.06642356747761369
526.0 0.10246348101645708
527.0 0.14231217792257667
528.0 0.10479354532435536
529.0 0.09388217004016042
530.0 0.19137852359563112
531.0 0.12532940600067377
532.0 0.2738556358963251
533.0 0.26613175868988037
534.0 0.3003721125423908
535.0 0.3995968494564295
536.0 0.5592942237854004
537.0 0.7732853293418884
538.0 1.1873377487063408
539.0 1.8910584971308708
540.0 3.0080001801252365
541.0 4.504914954304695
542.0 6.688844412565231
543.0 9.531911462545395
544.0 12.8400057554245
545.0 16.69885665178299
546.0 21.249692142009735
547.0 27.095595002174377
548.0 34.3733012676239
549.0 42.33956336975098
550.0 49.3789941072464
551.0 57.33533501625061
552.0 63.06915283203125
553.0 68.39622855186462
554.0 73.30625653266907
555.0 77.05475091934204
556.0 81.00646138191223
557.0 84.07179117202759
558.0 87.2074544429779
559.0 90.62913060188293
560.0 91.64066910743713
561.0 93.8450276851654
562.0 94.76818442344666
563.0 94.98164653778076
564.0 94.99374628067017
565.0 94.82200145721436
566.0 95.44172883033752
567.0 94.67772245407104
568.0 95.28645873069763
569.0 95.85952758789062
570.0 95.28546929359436
571.0 96.57934308052063
572.0 96.27876281738281
573.0 96.55541777610779
574.0 96.48331999778748
575.0 96.44778966903687
576.0 96.63957953453064
577.0 97.08847403526306
578.0 96.81277275085449
579.0 96.80929780006409
580.0 96.42108082771301
581.0 96.08444571495056
582.0 96.49227261543274
583.0 96.21484875679016
584.0 95.67247033119202
585.0 96.1840271949768
586.0 95.88204622268677
587.0 95.85263729095459
588.0 96.13372087478638
589.0 96.66611552238464
590.0 96.00754380226135
591.0 95.44064402580261
592.0 95.77195644378662
593.0 95.2307939529419
594.0 95.65020203590393
595.0 95.96483707427979
596.0 96.87901735305786
597.0 96.72934412956238
598.0 96.50916457176208
599.0 96.58321142196655
600.0 96.20721340179443
601.0 95.45445442199707
602.0 96.06039524078369
603.0 95.95887660980225
604.0 96.05876803398132
605.0 96.21883630752563
606.0 96.06720209121704
607.0 95.72402834892273
608.0 96.34189009666443
609.0 95.32277584075928
610.0 95.54823637008667
611.0 95.62802910804749
612.0 95.75705528259277
613.0 96.37960195541382
614.0 96.42555713653564
615.0 95.96996903419495
616.0 96.22793197631836
617.0 95.99328637123108
618.0 95.82540988922119
619.0 96.70915603637695
620.0 95.76178193092346
621.0 95.41468620300293
622.0 96.42664194107056
623.0 96.20398283004761
624.0 96.13407254219055
625.0 96.37467861175537
626.0 96.01910710334778
627.0 94.7565495967865
628.0 96.93532586097717
629.0 95.15860676765442
630.0 96.00359201431274
631.0 95.65191864967346
632.0 96.2102472782135
633.0 95.94104290008545
634.0 95.70505619049072
635.0 95.82907557487488
636.0 95.69059014320374
637.0 95.23274898529053
638.0 95.02288103103638
639.0 95.04251480102539
640.0 95.20583748817444
641.0 95.31627893447876
642.0 95.67638039588928
643.0 95.5238938331604
644.0 95.643550157547
645.0 95.65570950508118
646.0 95.6122875213623
647.0 96.6140627861023
648.0 96.27214074134827
649.0 95.25348544120789
650.0 96.09163999557495
651.0 96.1360216140747
652.0 96.53438925743103
653.0 95.55871486663818
654.0 95.91652750968933
655.0 96.33983969688416
656.0 95.52881121635437
657.0 95.42397260665894
658.0 95.90768814086914
659.0 96.24026417732239
660.0 94.9886679649353
661.0 95.14343738555908
662.0 95.64763903617859
663.0 95.32899260520935
664.0 95.58407664299011
665.0 95.08921504020691
666.0 95.17306685447693
667.0 95.54104804992676
668.0 94.91320252418518
669.0 95.52918672561646
670.0 95.1768159866333
671.0 95.55478096008301
672.0 95.1721727848053
673.0 94.87507939338684
674.0 94.68063712120056
675.0 95.33675909042358
676.0 94.93547081947327
677.0 94.00074481964111
678.0 93.16326975822449
679.0 92.67427325248718
680.0 91.92670583724976
681.0 90.34906029701233
682.0 88.25242519378662
683.0 85.8946442604065
684.0 82.47814774513245
685.0 78.8616955280304
686.0 75.34545660018921
687.0 70.6901490688324
688.0 66.25845432281494
689.0 62.026023864746094
690.0 56.73372149467468
691.0 52.63105630874634
692.0 47.77995049953461
693.0 43.62308084964752
694.0 38.716286420822144
695.0 33.604639768600464
696.0 28.467097878456116
697.0 23.314103484153748
698.0 17.67793297767639
699.0 13.00659328699112
700.0 9.374216198921204
701.0 5.925898998975754
702.0 3.80132794380188
703.0 2.183512970805168
704.0 1.3113298453390598
705.0 0.7224454078823328
706.0 0.48337727785110474
707.0 0.24000478442758322
708.0 0.20706146024167538
709.0 0.18508154898881912
710.0 0.11645819758996367
711.0 0.06833028746768832
712.0 0.1061341492459178
713.0 0.07368818623945117
714.0 0.046916407882235944
715.0 0.04077992052771151
716.0 0.09157177992165089
717.0 0.0718774099368602
718.0 0.05672843544743955
719.0 0.005251743277767673
720.0 1.5842839193314084e-10
721.0 0.0047467390686506405
722.0 0.004392704795463942
723.0 0.004038670886075124
724.0 0.0037543082726188004
725.0 0.0034699460229603574
726.0 0.003229936191928573
727.0 0.0029899263608967885
728.0 0.002859062806237489
729.0 0.0027281992515781894
730.0 0.002563002271926962
731.0 0.0023978052922757342
732.0 0.0023457138013327494
733.0 0.0022936223103897646
734.0 0.0021885845853830688
735.0 0.0020835466784774326
736.0 0.001935199361469131
737.0 0.0017868522263597697
738.0 0.0017375603420077823
739.0 0.001688268457655795
740.0 0.0016297377442242578
741.0 0.0015712073945906013
742.0 0.0014320487025543116
743.0 0.0012928898286190815
744.0 0.001426209564669989
745.0 0.0015595291188219562
746.0 0.0013948723790235817
747.0 0.001230215548275737
748.0 0.0012089683878002688
749.0 0.0011877211363753304
750.0 0.0011495787475723773
751.0 0.0011114366316178348
752.0 0.0011386844562366605
753.0 0.0011659324627544265
754.0 0.0011614672985160723
755.0 0.0011570022252271883
756.0 0.001075650561688235
757.0 0.0009942988981492817
758.0 0.0009924546247930266
759.0 0.0009906103514367715
760.0 0.000967558389675105
761.0 0.0009445064279134385
762.0 0.0009868295819615014
763.0 0.0010291530088579748
764.0 0.0010405988177808467
765.0 0.0010520446267037187
766.0 0.0009286985914513934
767.0 0.0008053521924011875
768.0 0.0007357945378316799
769.0 0.0006662364285148215
770.0 0.000701391945767682
771.0 0.0007365473720710725
772.0 0.0007892190296843182
773.0 0.0008418904144491535
774.0 0.0009418505214853212
775.0 0.0010418107194709592
776.0 0.0010456410564074758
777.0 0.0010494717571418732
778.0 0.0009613600013835821
779.0 0.0008732486094231717
780.0 0.0008031083780224435
781.0 0.0007329684649448609
782.0 0.000791596630733693
783.0 0.0008502248419972602
784.0 0.0007954471584525891
785.0 0.0007406693839584477
786.0 0.0007601228389830794
787.0 0.0007795762940077111
788.0 0.0006795797617087374
789.0 0.0005795831839350285
790.0 0.00068892522904207
791.0 0.0007982673196238466
792.0 0.0008107279427349567
793.0 0.0008231882929976564
794.0 0.0008505537152814213
795.0 0.0008779191375651862
796.0 0.0007308028671104694
797.0 0.0005836865966557525
798.0 0.0007163113878050353
799.0 0.0008489362699037883
800.0 0.0008664145752845798
801.0 0.0008838926987664308
802.0 0.0008319185326399747
803.0 0.0007799442755640484
804.0 0.0007359620212810114
805.0 0.0006919796760485042
806.0 0.0006571487119799713
807.0 0.0006223176114872331
808.0 0.0006566429419763153
809.0 0.0006909680905664572
810.0 0.0006937530542927561
811.0 0.0006965379725443199
812.0 0.0006438995114876889
813.0 0.0005912610049563227
814.0 0.0005357363988878205
815.0 0.00048021192924352363
816.0 0.0006277664397202898
817.0 0.0007753210411465261
818.0 0.0006511746960313758
819.0 0.0005270281690172851
820.0 0.0005318658168107504
821.0 0.0005367034191294806
822.0 0.0005520157174032647
823.0 0.0005673280611517839
824.0 0.0005153859547135653
825.0 0.0004634437573258765
826.0 0.0004687736236519413
827.0 0.000474103444503271
828.0 0.000462940261058975
829.0 0.000451777077614679
830.0 0.00022886965780344326
831.0 5.962249360891292e-06
832.0 1.5842839193314084e-10
833.0 1.5842839193314084e-10
834.0 1.5842839193314084e-10
835.0 0.00012285953516766313
836.0 0.00022833626189822098
837.0 0.0003338130454721977
838.0 0.0006583651156688575
839.0 0.0009829172086028848
840.0 0.0013087309525872115
841.0 0.0016345447875210084
842.0 0.001947949203895405
843.0 0.0022613541659666225
844.0 0.002155253605451435
845.0 0.002049153408734128
846.0 0.0018341852410230786
847.0 0.0016192170733120292
848.0 0.0015710087609477341
849.0 0.001522800448583439
850.0 0.0014368593838298693
851.0 0.0013509182281268295
852.0 0.0012795663678843994
853.0 0.0012082145076419692
854.0 0.000992698005575221
855.0 0.0007771812306600623
856.0 0.0006353325261443388
857.0 0.0004934837306791451
858.0 0.000487320630782051
859.0 0.00048115757635969203
860.0 0.00036620710943680024
861.0 0.0002512566197765409
862.0 0.00032144148462975863
863.0 0.0003916263267456088
864.0 0.0002730840833464754
865.0 0.00015454188542207703
866.0 0.00012461551932574366
867.0 9.468911343901709e-05
868.0 6.705362807224446e-05
869.0 3.941811996810429e-05
870.0 3.155485899242194e-05
871.0 2.3691600858910533e-05
872.0 1.5842839193314084e-10
873.0 1.5842839193314084e-10
874.0 1.5842839193314084e-10
875.0 1.5842839193314084e-10
876.0 1.5842839193314084e-10
877.0 7.705319262640842e-05
878.0 0.00012129803508287296
879.0 0.00016554288322367938
880.0 0.00017798289491111063
881.0 0.0001904228952298581
882.0 0.00017117700963353855
883.0 0.0001519311126685352
884.0 6.044041924724297e-05
885.0 1.5842839193314084e-10
886.0 8.530836907993944e-05
887.0 0.00020166703507129569
888.0 0.00022186354726727586
889.0 0.00024206008220062358
890.0 0.00018380876554147108
891.0 0.00012555748298836988
892.0 2.9720550287493097e-05
893.0 1.5842839193314084e-10
894.0 1.5842839193314084e-10
895.0 3.88242284543594e-05
896.0 6.341306857393647e-06
897.0 1.5842839193314084e-10
898.0 4.46738624759746e-05
899.0 0.00011548929705895716
900.0 8.279948815470561e-05
