lsstCam/transmission_filter_detector/r13_s10/y_10/19700101T000000.ecsv
# %ECSV 1.0
# ---
# datatype:
# - {name: wavelength, unit: nm, datatype: float32}
# - {name: efficiency, unit: '%', datatype: float64}
# meta: !!omap
# - {MODE: DETECTOR}
# - {TYPE: transmission_filter_detector}
# - {CALIBDATE: '1970-01-01T00:00:00'}
# - {INSTRUME: LSSTCam}
# - {OBSTYPE: transmission_filter_detector}
# - {CALIBCLS: lsst.ip.isr.IntermediateFilterDetectorTransmissionCurve}
# - {SOURCE: Materion (DM-46256)}
# - {DETECTOR: 57}
# - {FILTER: y_10}
# - {CALIB_ID: 'calibDate=1970-01-01T00:00:00 filter=y_10 detector=57'}
# - {DATE: '2025-04-02T15:59:51.005879'}
# - {CALIB_CREATION_DATE: '2025-04-02'}
# - {CALIB_CREATION_TIME: '15:59:51'}
# - __serialized_columns__:
#     efficiency:
#       __class__: astropy.units.quantity.Quantity
#       unit: !astropy.units.Unit {unit: '%'}
#       value: !astropy.table.SerializedColumn {name: efficiency}
#     wavelength:
#       __class__: astropy.units.quantity.Quantity
#       unit: !astropy.units.Unit {unit: nm}
#       value: !astropy.table.SerializedColumn {name: wavelength}
# schema: astropy-2.0
wavelength efficiency
300.0 0.5355682224035263
301.0 0.28906362131237984
302.0 0.04255897074472159
303.0 0.040128148975782096
304.0 0.03769733011722565
305.0 0.022596526832785457
306.0 0.007495719182770699
307.0 0.015649813576601446
308.0 0.023803905060049146
309.0 0.017804653907660395
310.0 0.011805402027675882
311.0 0.010230945918010548
312.0 0.008656489080749452
313.0 0.007426469528581947
314.0 0.0061964507040102035
315.0 0.005374121246859431
316.0 0.004551794700091705
317.0 0.004698918564827181
318.0 0.004846038791583851
319.0 0.002256783773191273
320.0 1.5838071956361666e-10
321.0 0.002099879384331871
322.0 0.004532231469056569
323.0 0.0034417495044181123
324.0 0.002351267721678596
325.0 0.0010625542017805856
326.0 1.5838071956361666e-10
327.0 0.0006754155492671998
328.0 0.0015769905076012947
329.0 0.0032596341043245047
330.0 0.004942277882946655
331.0 0.0042956555262207985
332.0 0.003649032805697061
333.0 0.0024823319108691067
334.0 0.0013156301065464504
335.0 0.0015336858268710785
336.0 0.0017517417290946469
337.0 0.0025582652597222477
338.0 0.003364788426551968
339.0 0.0014954002836020663
340.0 1.5838071956361666e-10
341.0 1.5838071956361666e-10
342.0 1.5838071956361666e-10
343.0 0.00025652971089584753
344.0 0.0009810373740037903
345.0 0.0014234400623536203
346.0 0.0018658432964002714
347.0 0.0018793027265928686
348.0 0.0018927619748865254
349.0 0.0015225529750750866
350.0 0.0011523435205162968
351.0 0.0013675592526851688
352.0 0.0015827745301066898
353.0 0.0013419127753877547
354.0 0.0011010511116182897
355.0 0.001119652733905241
356.0 0.0011382544471416622
357.0 0.0009545788998366334
358.0 0.0007709031706326641
359.0 0.0008570686077291612
360.0 0.0009432342267245986
361.0 0.0013589682566816919
362.0 0.0017747021047398448
363.0 0.001392729245708324
364.0 0.0010107560228789225
365.0 0.0013448997378873173
366.0 0.0016790441804914735
367.0 0.00214510419027647
368.0 0.002611164381960407
369.0 0.0022075275410315953
370.0 0.001803890882001724
371.0 0.0017070633475668728
372.0 0.0016102352674352005
373.0 0.0021346409994293936
374.0 0.0026590470952214673
375.0 0.003452617966104299
376.0 0.004246189200785011
377.0 0.004245172021910548
378.0 0.004244155206833966
379.0 0.0036515790270641446
380.0 0.003059003211092204
381.0 0.0020561792553053237
382.0 0.0010533552085689735
383.0 0.0010910437595157418
384.0 0.0011287321285635699
385.0 0.0008738399628782645
386.0 0.0006189477062434889
387.0 0.0006568714525201358
388.0 0.0006947951987967826
389.0 0.0005768645223724889
390.0 0.00045893393689766526
391.0 0.0005120522473589517
392.0 0.0005651706487697084
393.0 0.0006332319117063889
394.0 0.0007012933565420099
395.0 0.000593684535488137
396.0 0.0004860758053837344
397.0 0.0007419321718771243
398.0 0.0009977884474210441
399.0 0.0012616962521860842
400.0 0.0015256041479005944
401.0 0.0016445086657768115
402.0 0.0017634134565014392
403.0 0.0018312448446522467
404.0 0.0018990764147019945
405.0 0.0017667856809566729
406.0 0.0016344954929081723
407.0 0.0014160105820337776
408.0 0.0011975258530583233
409.0 0.0009519700142845977
410.0 0.0007064138571877265
411.0 0.0004850349341722904
412.0 0.0002636561021063244
413.0 0.0008653478289488703
414.0 0.001467039419367211
415.0 0.002028774360951502
416.0 0.002590509393485263
417.0 0.0013325130566954613
418.0 7.451658348145429e-05
419.0 1.5838071956361666e-10
420.0 1.5838071956361666e-10
421.0 3.611804402225971e-05
422.0 0.0011583148989302572
423.0 0.0011722781891876366
424.0 0.001186241479445016
425.0 0.00043055993046436924
426.0 1.5838071956361666e-10
427.0 1.5838071956361666e-10
428.0 0.00031407012102135923
429.0 1.5838071956361666e-10
430.0 1.5838071956361666e-10
431.0 6.905604550411226e-05
432.0 0.0011170728612341918
433.0 0.0007879330951254815
434.0 0.0004587939656630624
435.0 1.5838071956361666e-10
436.0 1.5838071956361666e-10
437.0 1.5838071956361666e-10
438.0 0.0001504096076132555
439.0 1.5838071956361666e-10
440.0 1.5838071956361666e-10
441.0 1.5838071956361666e-10
442.0 1.5838071956361666e-10
443.0 1.5838071956361666e-10
444.0 0.00017944599903785274
445.0 0.00022737622202839702
446.0 0.00027530638817552244
447.0 0.0006697649041598197
448.0 0.001064223215507809
449.0 0.0008335538041137625
450.0 0.0006028842108207755
451.0 0.00039875690163171384
452.0 0.0001946296379173873
453.0 1.5838071956361666e-10
454.0 1.5838071956361666e-10
455.0 1.5838071956361666e-10
456.0 1.5838071956361666e-10
457.0 1.5838071956361666e-10
458.0 0.00021291143639246002
459.0 0.00030244925710576354
460.0 0.00039198707781906705
461.0 0.000353689506482624
462.0 0.000315391980620916
463.0 0.0004833209004573291
464.0 0.0006512498202937422
465.0 0.0006150212357169949
466.0 0.0005787926966149826
467.0 0.0010444174222357105
468.0 0.001510041875008028
469.0 0.0016838135707075708
470.0 0.001857584538811352
471.0 0.001806522959668655
472.0 0.0017554611986270174
473.0 0.002127327570633497
474.0 0.0024991937607410364
475.0 0.0025738267140695825
476.0 0.0026484596673981287
477.0 0.0032248146453639492
478.0 0.0038011694414308295
479.0 0.004410642213770188
480.0 0.005020114622311667
481.0 0.0048666053771739826
482.0 0.004713095768238418
483.0 0.004134670962230302
484.0 0.0035562457924243063
485.0 0.003850107532343827
486.0 0.004143969272263348
487.0 0.0035296554415253922
488.0 0.0029153410650906153
489.0 0.0025266555894631892
490.0 0.0021379706595325842
491.0 0.001865149533841759
492.0 0.0015923282262519933
493.0 0.001307359980273759
494.0 0.0010223922799923457
495.0 0.001215076190419495
496.0 0.0014077601917961147
497.0 0.0018898495909525082
498.0 0.0023719394448562525
499.0 0.0024390581529587507
500.0 0.0025061772248591296
501.0 0.0026067826183862053
502.0 0.0027073883757111616
503.0 0.002765388671832625
504.0 0.0028233886041562073
505.0 0.0033233653084607795
506.0 0.003823342194664292
507.0 0.0028192349418532103
508.0 0.001815127325244248
509.0 0.0019977571355411783
510.0 0.0021803867639391683
511.0 0.0021549332814174704
512.0 0.0021294797988957725
513.0 0.001961541420314461
514.0 0.0017936034055310301
515.0 0.0016657317246426828
516.0 0.0015378598618553951
517.0 0.0014677218132419512
518.0 0.0013975832189316861
519.0 0.0015603976862621494
520.0 0.0017232119716936722
521.0 0.0018400800399831496
522.0 0.0019569479263736866
523.0 0.0018302705939277075
524.0 0.001703593079582788
525.0 0.002207581201219
526.0 0.002711570050450973
527.0 0.00259453481703531
528.0 0.002477500129316468
529.0 0.0025725195882841945
530.0 0.0026675386834540404
531.0 0.002497668538126163
532.0 0.0023277980290004052
533.0 0.002550920908106491
534.0 0.0027740432415157557
535.0 0.002446557118673809
536.0 0.0021190706320339814
537.0 0.002400489211140666
538.0 0.0026819074264494702
539.0 0.0033486747270217165
540.0 0.004015441663796082
541.0 0.004037209509988315
542.0 0.004058977356180549
543.0 0.004320633161114529
544.0 0.0045822882384527475
545.0 0.005009727829019539
546.0 0.00543716705578845
547.0 0.004427173189469613
548.0 0.0034171789593528956
549.0 0.002949020745290909
550.0 0.0024808625312289223
551.0 0.002482463969499804
552.0 0.002484065407770686
553.0 0.003149957046844065
554.0 0.0038158475945238024
555.0 0.00410978464060463
556.0 0.0044037220504833385
557.0 0.0039481026760768145
558.0 0.0034924836654681712
559.0 0.0032845196983544156
560.0 0.00307655573124066
561.0 0.0033390879252692685
562.0 0.003601620119297877
563.0 0.00339795951731503
564.0 0.0031942989153321832
565.0 0.0038202746509341523
566.0 0.004446250750334002
567.0 0.004615795842255466
568.0 0.004785340570379049
569.0 0.005171493467059918
570.0 0.005557646363740787
571.0 0.005551724461838603
572.0 0.005545802559936419
573.0 0.005954971129540354
574.0 0.006364139699144289
575.0 0.006368145841406658
576.0 0.006372151256073266
577.0 0.005757901817560196
578.0 0.005143652742845006
579.0 0.005929229882895015
580.0 0.006714808114338666
581.0 0.007229372567962855
582.0 0.007743937021587044
583.0 0.00885959598235786
584.0 0.009975252760341391
585.0 0.010076105536427349
586.0 0.010176958312513307
587.0 0.010197529627475888
588.0 0.010218098032055423
589.0 0.010439915058668703
590.0 0.010661732812877744
591.0 0.009798938845051453
592.0 0.008936146332416683
593.0 0.007289850327651948
594.0 0.005643556505674496
595.0 0.005539084304473363
596.0 0.005434612103272229
597.0 0.006041909000487067
598.0 0.006649205897701904
599.0 0.00750317340134643
600.0 0.008357140177395195
601.0 0.009121325274463743
602.0 0.009885508916340768
603.0 0.010720639693317935
604.0 0.011555771925486624
605.0 0.011496154183987528
606.0 0.011436537897679955
607.0 0.00987874300335534
608.0 0.008320949564222246
609.0 0.006543605559272692
610.0 0.004766262645716779
611.0 0.003974253195337951
612.0 0.003182244108757004
613.0 0.0036739504139404744
614.0 0.004165656355326064
615.0 0.004993063703295775
616.0 0.005820472142659128
617.0 0.0071459995524492115
618.0 0.008471526234643534
619.0 0.009440912981517613
620.0 0.010410299728391692
621.0 0.011381564399925992
622.0 0.012352829799056053
623.0 0.012106871872674674
624.0 0.01186091176350601
625.0 0.010465252853464335
626.0 0.009069590305443853
627.0 0.007173537596827373
628.0 0.0052774837968172505
629.0 0.004396739677758887
630.0 0.0035159962862962857
631.0 0.0028749022021656856
632.0 0.0022338081180350855
633.0 0.002429650521662552
634.0 0.0026254931071889587
635.0 0.002836838575603906
636.0 0.0030481836802209727
637.0 0.0038574522477574646
638.0 0.0046667202695971355
639.0 0.004783230542670935
640.0 0.004899740451946855
641.0 0.005407429853221402
642.0 0.005915119618293829
643.0 0.005844725092174485
644.0 0.005774331293650903
645.0 0.005274970681057312
646.0 0.004775610432261601
647.0 0.003809158442891203
648.0 0.002842706635419745
649.0 0.0022519485355587676
650.0 0.0016611904356977902
651.0 0.0016737008991185576
652.0 0.0016862120901350863
653.0 0.0015629522749804892
654.0 0.0014396925507753622
655.0 0.0014736557204741985
656.0 0.001507618981122505
657.0 0.0013140189366822597
658.0 0.0011204189831914846
659.0 0.0016947949916357175
660.0 0.00226917090913048
661.0 0.0019438672097749077
662.0 0.0016185635104193352
663.0 0.002327546644664835
664.0 0.0030365299608092755
665.0 0.003546494190231897
666.0 0.004056458055856638
667.0 0.00477604080515448
668.0 0.00549562246305868
669.0 0.0056517495977459475
670.0 0.005807873094454408
671.0 0.0065391162934247404
672.0 0.007270359492395073
673.0 0.00773527572164312
674.0 0.008200192678486928
675.0 0.007727007323410362
676.0 0.00725382415112108
677.0 0.0057149976782966405
678.0 0.00417617084167432
679.0 0.0028389429644448683
680.0 0.0015017158148111776
681.0 0.0006471525011875201
682.0 1.5838071956361666e-10
683.0 5.7580302836868213e-05
684.0 0.00032257160000881413
685.0 0.00022307697236101376
686.0 0.00012358228786979453
687.0 0.0002050503098871559
688.0 0.000286518343273201
689.0 0.0003130149252683623
690.0 0.00033951153000089107
691.0 0.0003227253273507813
692.0 0.00030593914743803907
693.0 0.00026093543965544086
694.0 0.0002159317091354751
695.0 0.0003888175342581235
696.0 0.0005617033821181394
697.0 0.0005285644419927849
698.0 0.0004954254109179601
699.0 0.00045716483327851165
700.0 0.00041890398279065266
701.0 0.00035802800084638875
702.0 0.00029715213258896256
703.0 0.0003675657580970437
704.0 0.00043797940634249244
705.0 0.00038871990000188816
706.0 0.000339460189024976
707.0 6.966634487071133e-05
708.0 1.5838071956361666e-10
709.0 1.5838071956361666e-10
710.0 0.00011844625760204508
711.0 0.0003283666728748358
712.0 0.0005382871677284129
713.0 0.0003843195827357704
714.0 0.00023035208869259804
715.0 0.00034060649340972304
716.0 0.00045086089812684804
717.0 0.0003193475322404993
718.0 0.00018783415498546674
719.0 0.00045816782403562684
720.0 0.0007285013452928979
721.0 0.000526379199072835
722.0 0.00032425718927697744
723.0 0.0002488755853846669
724.0 0.00017349395875498885
725.0 0.0004209096459817374
726.0 0.0006683255378447939
727.0 0.000365323876394541
728.0 6.232257874216884e-05
729.0 0.00018088857132170233
730.0 0.0002994547230628086
731.0 0.0005978195986244828
732.0 0.0008961847015598323
733.0 0.00034238698845001636
734.0 1.5838071956361666e-10
735.0 1.5838071956361666e-10
736.0 1.5838071956361666e-10
737.0 0.0002632560153870145
738.0 0.0008827171768643893
739.0 0.0005744993814005284
740.0 0.00026628131308825687
741.0 5.604501893685665e-05
742.0 1.5838071956361666e-10
743.0 1.5838071956361666e-10
744.0 1.5838071956361666e-10
745.0 0.00029886705306125805
746.0 0.0007142344657040667
747.0 0.00036196852306602523
748.0 9.702586822868398e-06
749.0 1.5838071956361666e-10
750.0 1.5838071956361666e-10
751.0 1.5838071956361666e-10
752.0 7.45669353818812e-05
753.0 0.00022999506654741708
754.0 0.00038542316360690165
755.0 1.5838071956361666e-10
756.0 1.5838071956361666e-10
757.0 1.5838071956361666e-10
758.0 1.5838071956361666e-10
759.0 0.00019232943486713339
760.0 0.0007356113201240078
761.0 0.000392980700780754
762.0 5.035002459408133e-05
763.0 1.5838071956361666e-10
764.0 1.5838071956361666e-10
765.0 9.026130669553822e-05
766.0 0.0003950681275455281
767.0 1.5838071956361666e-10
768.0 1.5838071956361666e-10
769.0 1.5838071956361666e-10
770.0 1.5838071956361666e-10
771.0 1.5838071956361666e-10
772.0 1.5838071956361666e-10
773.0 0.00031780214158061426
774.0 0.0008307471034640912
775.0 0.00043476829887367785
776.0 3.8789224277024914e-05
777.0 0.0002200037670263555
778.0 0.0004012183580925921
779.0 0.0005713118753192248
780.0 0.0007414053470711224
781.0 0.0007247964731504908
782.0 0.000708187508280389
783.0 0.0005033957677369472
784.0 0.00029860404993087286
785.0 0.00023391812646877952
786.0 0.00016923180510275415
787.0 0.0004971126145392191
788.0 0.0008249932761827949
789.0 0.0007407971679640468
790.0 0.0006566011052200338
791.0 0.0006038666469976306
792.0 0.000551131961401552
793.0 0.0006999379820626928
794.0 0.000848743729875423
795.0 0.0007620938959007617
796.0 0.00067544388002716
797.0 0.0002796921762637794
798.0 1.5838071956361666e-10
799.0 0.00042738015508803073
800.0 0.0009708197467261925
801.0 0.0005608082574326545
802.0 0.00015079664308359497
803.0 0.0003309887688374147
804.0 0.0005111809514346533
805.0 0.0007602135610795813
806.0 0.0010092461707245093
807.0 0.000653832603347837
808.0 0.00029841905870853225
809.0 7.452734962498653e-05
810.0 1.5838071956361666e-10
811.0 0.0001594599552845466
812.0 0.0004682842245529173
813.0 0.0007210760941234184
814.0 0.0009738679182191845
815.0 0.0010850641046999954
816.0 0.0011962597454839852
817.0 0.0009845920430961996
818.0 0.0007729244316578843
819.0 0.0008293840437545441
820.0 0.000885843655851204
821.0 0.0008485249963996466
822.0 0.0008112063369480893
823.0 0.0007015102710283827
824.0 0.0005918143870076165
825.0 0.0006517528618132928
826.0 0.0007116914275684394
827.0 0.0007305786766664824
828.0 0.0007494661076634657
829.0 0.0003429629941820167
830.0 1.5838071956361666e-10
831.0 1.5838071956361666e-10
832.0 2.413810591406218e-05
833.0 0.000346099318448978
834.0 0.0006680604201392271
835.0 8.352529334842984e-05
836.0 1.5838071956361666e-10
837.0 1.5838071956361666e-10
838.0 0.00016435243423984502
839.0 0.0005502678050106624
840.0 0.0009361831871501636
841.0 0.0011424725016695447
842.0 0.0013487618161889259
843.0 0.0009614311238692608
844.0 0.000574100067751715
845.0 0.0005564574166783132
846.0 0.0005388146291807061
847.0 0.0009076561582332943
848.0 0.0012764975508616772
849.0 0.0010270130587741733
850.0 0.0007775282028887887
851.0 0.0010395748176961206
852.0 0.0013016213415539823
853.0 0.0005618746854452183
854.0 1.5838071956361666e-10
855.0 1.5838071956361666e-10
856.0 1.5838071956361666e-10
857.0 0.0003644697017080034
858.0 0.0012642030924325809
859.0 0.0011206097042304464
860.0 0.0009770159522304311
861.0 0.001259247619600501
862.0 0.001541479468869511
863.0 0.0017343299987260252
864.0 0.0019271805285825394
865.0 0.001978209911612794
866.0 0.0020292394765419886
867.0 0.0027320809749653563
868.0 0.003434922473388724
869.0 0.003059602022403851
870.0 0.0026842815714189783
871.0 0.0031864867196418345
872.0 0.0036886918678646907
873.0 0.002751007559709251
874.0 0.0018133232515538111
