lsstCam/transmission_filter_detector/r13_s10/y_10/19700101T000000.ecsv
# %ECSV 1.0
# ---
# datatype:
# - {name: wavelength, unit: nm, datatype: float32}
# - {name: efficiency, unit: '%', datatype: float64}
# meta: !!omap
# - {MODE: DETECTOR}
# - {TYPE: transmission_filter_detector}
# - {CALIBDATE: '1970-01-01T00:00:00'}
# - {INSTRUME: LSSTCam}
# - {OBSTYPE: transmission_filter_detector}
# - {CALIBCLS: lsst.ip.isr.IntermediateFilterDetectorTransmissionCurve}
# - {SOURCE: Materion (DM-46256)}
# - {DETECTOR: 57}
# - {FILTER: y_10}
# - {CALIB_ID: 'calibDate=1970-01-01T00:00:00 filter=y_10 detector=57'}
# - {DATE: '2025-04-02T15:59:51.005879'}
# - {CALIB_CREATION_DATE: '2025-04-02'}
# - {CALIB_CREATION_TIME: '15:59:51'}
# - __serialized_columns__:
#     efficiency:
#       __class__: astropy.units.quantity.Quantity
#       unit: !astropy.units.Unit {unit: '%'}
#       value: !astropy.table.SerializedColumn {name: efficiency}
#     wavelength:
#       __class__: astropy.units.quantity.Quantity
#       unit: !astropy.units.Unit {unit: nm}
#       value: !astropy.table.SerializedColumn {name: wavelength}
# schema: astropy-2.0
wavelength efficiency
[from data line 576]
876.0 0.003331126572447829
877.0 0.002162669989047572
878.0 0.0009942139513441361
879.0 0.0018862749129766598
880.0 0.06988721434026957
881.0 0.10081769432872534
882.0 0.06683252286165953
883.0 0.11618677526712418
884.0 0.07333518587984145
885.0 0.10013033170253038
886.0 0.07759332074783742
887.0 0.11176756815984845
888.0 0.0653439259622246
889.0 0.09681531228125095
890.0 0.07516085170209408
891.0 0.09876652620732784
892.0 0.06688872235827148
893.0 0.11124571319669485
894.0 0.07151969475671649
895.0 0.11196729028597474
896.0 0.09338924428448081
897.0 0.11206590570509434
898.0 0.09627168765291572
899.0 0.13642399571835995
900.0 0.11230187956243753
901.0 0.15224891249090433
902.0 0.17672167159616947
903.0 0.20251162350177765
904.0 0.22791491355746984
905.0 0.288473698310554
906.0 0.3540514502674341
907.0 0.4528387449681759
908.0 0.613854406401515
909.0 0.8221587166190147
910.0 1.2200351804494858
911.0 1.7259439453482628
912.0 2.5478845462203026
913.0 3.737913817167282
914.0 5.112363770604134
915.0 7.113205641508102
916.0 9.462755173444748
917.0 11.977522075176239
918.0 14.794403314590454
919.0 17.44886040687561
920.0 21.014980971813202
921.0 24.800460040569305
922.0 28.627541661262512
923.0 33.20171236991882
924.0 38.135579228401184
925.0 43.5978889465332
926.0 50.04885792732239
927.0 56.899380683898926
928.0 62.83494830131531
929.0 69.16484236717224
930.0 74.6793806552887
931.0 79.9914538860321
932.0 84.76843237876892
933.0 88.74151110649109
934.0 91.57423377037048
935.0 93.51924061775208
936.0 94.98357772827148
937.0 95.97087502479553
938.0 96.63008451461792
939.0 96.88873291015625
940.0 97.17421531677246
941.0 97.31305837631226
942.0 97.49279022216797
943.0 97.52715229988098
944.0 97.76154160499573
945.0 97.69474864006042
946.0 97.75688648223877
947.0 97.69926071166992
948.0 97.84051775932312
949.0 97.72447943687439
950.0 97.91399240493774
951.0 98.00052642822266
952.0 98.03679585456848
953.0 98.22615385055542
954.0 98.3058512210846
955.0 98.38109612464905
956.0 98.51780533790588
957.0 98.73263239860535
958.0 98.90267848968506
959.0 98.90159368515015
960.0 99.00052547454834
961.0 99.0033507347107
962.0 99.05059933662415
963.0 99.07612204551697
964.0 99.09718632698059
965.0 99.09310340881348
966.0 99.20106530189514
967.0 99.23669695854187
968.0 99.22478199005127
969.0 99.24322962760925
970.0 99.30531978607178
971.0 99.31738376617432
972.0 99.37967658042908
973.0 99.47311878204346
974.0 99.46392774581909
975.0 99.41315054893494
976.0 99.46678280830383
977.0 99.42120909690857
978.0 99.49314594268799
979.0 99.4097113609314
980.0 99.38198328018188
981.0 99.31769967079163
982.0 99.26177859306335
983.0 99.29251074790955
984.0 99.24096465110779
985.0 99.21736121177673
986.0 99.12890791893005
987.0 99.18124079704285
988.0 99.11667108535767
989.0 99.09078478813171
990.0 99.08702373504639
991.0 99.13687109947205
992.0 99.20107126235962
993.0 99.16520118713379
994.0 99.12530183792114
995.0 99.18533563613892
996.0 99.16662573814392
997.0 99.29785132408142
998.0 99.31098222732544
999.0 99.36560988426208
1000.0 99.40516352653503
1001.0 99.34728145599365
1002.0 99.46900606155396
1003.0 99.48567748069763
1004.0 99.50156807899475
1005.0 99.43847060203552
1006.0 99.55467581748962
1007.0 99.52274560928345
1008.0 99.49206113815308
1009.0 99.42939281463623
1010.0 99.45720434188843
1011.0 99.47731494903564
1012.0 99.37617182731628
1013.0 99.38198924064636
1014.0 99.38151836395264
1015.0 99.31597709655762
1016.0 99.33468699455261
1017.0 99.3773341178894
1018.0 99.40155744552612
1019.0 99.34884905815125
1020.0 99.40277338027954
1021.0 99.5423674583435
1022.0 99.42967891693115
1023.0 99.48607683181763
1024.0 99.45175647735596
1025.0 99.47248697280884
1026.0 99.54538941383362
1027.0 99.61678981781006
1028.0 99.51974153518677
1029.0 99.64218139648438
1030.0 99.69336986541748
1031.0 99.63205456733704
1032.0 99.62045550346375
1033.0 99.63191747665405
1034.0 99.60298538208008
1035.0 99.65298175811768
1036.0 99.58497881889343
1037.0 99.62481260299683
1038.0 99.57021474838257
1039.0 99.47869777679443
1040.0 99.43522810935974
1041.0 99.54221248626709
1042.0 99.45586323738098
1043.0 99.4322419166565
1044.0 99.55101609230042
1045.0 99.18665289878845
1046.0 99.40515160560608
1047.0 99.32435750961304
1048.0 99.42918419837952
1049.0 99.30415153503418
1050.0 99.26062226295471
1051.0 99.36301708221436
1052.0 99.28528070449829
1053.0 99.15831089019775
1054.0 99.38068985939026
1055.0 99.58820343017578
1056.0 99.37391877174377
1057.0 99.40995573997498
1058.0 99.15517568588257
1059.0 99.26430583000183
1060.0 99.39062595367432
1061.0 99.28739666938782
1062.0 99.2929756641388
1063.0 99.24061894416809
1064.0 99.33820962905884
1065.0 99.32879209518433
1066.0 99.26177859306335
1067.0 99.32271838188171
1068.0 99.27021265029907
1069.0 99.1342842578888
1070.0 99.45048689842224
1071.0 99.41627979278564
1072.0 99.3417739868164
1073.0 99.41478967666626
1074.0 99.1051435470581
1075.0 99.0038275718689
1076.0 98.98155331611633
1077.0 99.2425262928009
1078.0 99.44437742233276
1079.0 98.86910915374756
1080.0 99.67366456985474
1081.0 98.86374473571777
1082.0 99.08653497695923
1083.0 99.02054071426392
1084.0 99.39688444137573
1085.0 99.42668080329895
1086.0 99.11689758300781
1087.0 99.25023913383484
1088.0 98.90876412391663
1089.0 98.99001121520996
1090.0 98.84693622589111
1091.0 99.09612536430359
1092.0 98.95454049110413
1093.0 98.82313013076782
1094.0 98.74723553657532
1095.0 98.67327809333801
1096.0 98.8393247127533
1097.0 98.60249161720276
1098.0 98.04351925849915
1099.0 98.70251417160034
1100.0 98.27633500099182
