lsstCam/transmission_filter_detector/r14_s20/g_6/19700101T000000.ecsv
# %ECSV 1.0
# ---
# datatype:
# - {name: wavelength, unit: nm, datatype: float32}
# - {name: efficiency, unit: '%', datatype: float64}
# meta: !!omap
# - {MODE: DETECTOR}
# - {TYPE: transmission_filter_detector}
# - {CALIBDATE: '1970-01-01T00:00:00'}
# - {INSTRUME: LSSTCam}
# - {OBSTYPE: transmission_filter_detector}
# - {CALIBCLS: lsst.ip.isr.IntermediateFilterDetectorTransmissionCurve}
# - {SOURCE: Materion (DM-46256)}
# - {DETECTOR: 69}
# - {FILTER: g_6}
# - {CALIB_ID: 'calibDate=1970-01-01T00:00:00 filter=g_6 detector=69'}
# - {DATE: '2025-04-02T15:59:42.347825'}
# - {CALIB_CREATION_DATE: '2025-04-02'}
# - {CALIB_CREATION_TIME: '15:59:42'}
# - __serialized_columns__:
#     efficiency:
#       __class__: astropy.units.quantity.Quantity
#       unit: !astropy.units.Unit {unit: '%'}
#       value: !astropy.table.SerializedColumn {name: efficiency}
#     wavelength:
#       __class__: astropy.units.quantity.Quantity
#       unit: !astropy.units.Unit {unit: nm}
#       value: !astropy.table.SerializedColumn {name: wavelength}
# schema: astropy-2.0
wavelength efficiency
[from data line 608]
908.0 0.0004986068688594969
909.0 0.000436214486398967
910.0 0.0003733808853212395
911.0 0.00031054728424351197
912.0 0.00041864927879942115
913.0 0.0005267513188300654
914.0 0.0003578009909688262
915.0 0.0001888506744762708
916.0 0.00019663402781588957
917.0 0.00020441734704945702
918.0 0.00025270101104979403
919.0 0.00030098467505013105
920.0 0.00035473249226924963
921.0 0.0004084803094883682
922.0 0.0005266200332698645
923.0 0.0006447597115766257
924.0 0.0005971903647150612
925.0 0.0005496209269040264
926.0 0.0005574939677899238
927.0 0.0005653670996252913
928.0 0.0005341492851584917
929.0 0.0005029316071158974
930.0 0.000522372192790499
931.0 0.0005418128239398357
932.0 0.0004977292519470211
933.0 0.00045364567995420657
934.0 0.00048534393499721773
935.0 0.0005170421900402289
936.0 0.0005146888724993914
937.0 0.000512335554958554
938.0 0.0006284324626903981
939.0 0.0007445293704222422
940.0 0.000618198237134493
941.0 0.0004918670128972735
942.0 0.0006667600246146321
943.0 0.0008416531272814609
944.0 0.0007381757313851267
945.0 0.0006346981990645872
946.0 0.0005961944225418847
947.0 0.0005576906005444471
948.0 0.0008375941433769185
949.0 0.0011174977771588601
950.0 0.000954413553699851
951.0 0.000791329330240842
952.0 0.0008011512363736983
953.0 0.0008109731425065547
954.0 0.0008035016435314901
955.0 0.0007960301445564255
956.0 0.0006692383067274932
957.0 0.0005424461960501503
958.0 0.0007087851827236591
959.0 0.0008751241693971679
960.0 0.0006579564796993509
961.0 0.00044078860810259357
962.0 0.00048544270612183027
963.0 0.0005300967131915968
964.0 0.00063359671003127
965.0 0.000737096570446738
966.0 0.0007830591130186804
967.0 0.0008290216101158876
968.0 0.0007580107649118872
969.0 0.0006869998287584167
970.0 0.0006979433237574995
971.0 0.0007088868187565822
972.0 0.0007947850463096984
973.0 0.0008806834557617549
974.0 0.0008090661140158772
975.0 0.0007374490451184101
976.0 0.0007779278348607477
977.0 0.0008184068065020256
978.0 0.0009147016498900484
979.0 0.0010109965842275415
980.0 0.0010201028089795727
981.0 0.0010292091246810742
982.0 0.0009577775927027687
983.0 0.0008863460607244633
984.0 0.0008901504770619795
985.0 0.0008939551662479062
986.0 0.00107503747130977
987.0 0.0012561195944726933
988.0 0.0012847246580349747
989.0 0.0013133293577993754
990.0 0.00139496378324111
991.0 0.0014765982996323146
992.0 0.0014571844985766802
993.0 0.0014377709703694563
994.0 0.0013584385669673793
995.0 0.0012791061635653023
996.0 0.0012536809663288295
997.0 0.0012282557690923568
998.0 0.0013373069123190362
999.0 0.0014463579645962454
1000.0 0.001358440931653604
1001.0 0.0012705235349130817
1002.0 0.0011747050848498475
1003.0 0.0010788866347866133
1004.0 0.0011097608876298182
1005.0 0.0011406350495235529
1006.0 0.0013718775335291866
1007.0 0.0016031201084842905
1008.0 0.0015851901480345987
1009.0 0.0015672607332817279
1010.0 0.001678942862781696
1011.0 0.0017906251741806045
1012.0 0.0019573259123717435
1013.0 0.0021240266505628824
1014.0 0.0021264961105771363
1015.0 0.002128965934389271
1016.0 0.002490705082891509
1017.0 0.0028524444132926874
1018.0 0.0030360573873622343
1019.0 0.0032196705433307216
1020.0 0.003267220745328814
1021.0 0.003314770947326906
1022.0 0.0036519897548714653
1023.0 0.003989208926213905
1024.0 0.004087608976988122
1025.0 0.0041860090277623385
1026.0 0.004348423681221902
1027.0 0.0045108379708835855
1028.0 0.004551814708975144
1029.0 0.004592791447066702
1030.0 0.004720250217360444
1031.0 0.004847708623856306
1032.0 0.0052743165724677965
1033.0 0.005700924521079287
1034.0 0.005484946450451389
1035.0 0.005268968743621372
1036.0 0.005394908657763153
1037.0 0.005520848935702816
1038.0 0.005764146044384688
1039.0 0.006007443516864441
1040.0 0.006439352000597864
1041.0 0.006871259392937645
1042.0 0.007039718184387311
1043.0 0.0072081755206454545
1044.0 0.007397871377179399
1045.0 0.0075875650509260595
1046.0 0.008620007429271936
1047.0 0.00965244835242629
1048.0 0.011204626935068518
1049.0 0.0127568026073277
1050.0 0.015265685215126723
1051.0 0.017774563457351178
1052.0 0.021337164798751473
1053.0 0.024899773416109383
1054.0 0.02987748011946678
1055.0 0.034855183912441134
1056.0 0.04172538174316287
1057.0 0.048595567932352424
1058.0 0.05620753508992493
1059.0 0.06381948478519917
1060.0 0.07128058350645006
1061.0 0.07874165894463658
1062.0 0.08584122406318784
1063.0 0.09294076007790864
1064.0 0.09825511369854212
1065.0 0.10356943821534514
1066.0 0.10900184279307723
1067.0 0.11443423572927713
1068.0 0.12098251609131694
1069.0 0.12753084301948547
1070.0 0.1375948078930378
1071.0 0.14765877276659012
1072.0 0.16060967463999987
1073.0 0.17356055323034525
1074.0 0.1874155132099986
1075.0 0.20127054303884506
1076.0 0.21484717726707458
1077.0 0.2284238114953041
1078.0 0.2425576327368617
1079.0 0.2566913841292262
1080.0 0.2739628776907921
1081.0 0.29123437125235796
1082.0 0.3191512543708086
1083.0 0.347068184055388
1084.0 0.3861523000523448
1085.0 0.425236439332366
1086.0 0.4602478351444006
1087.0 0.4952592309564352
1088.0 0.5587356630712748
1089.0 0.622212141752243
1090.0 0.6990402471274137
1091.0 0.7758683525025845
1092.0 0.8059593848884106
1093.0 0.8360501378774643
1094.0 0.8734370581805706
1095.0 0.9108236990869045
1096.0 0.9563155472278595
1097.0 1.001807488501072
1098.0 1.025143451988697
1099.0 1.0484795086085796
1100.0 1.2095208279788494
1101.0 1.3705616816878319
