lsstCam/transmission_filter_detector/r14_s20/g_6/19700101T000000.ecsv
# %ECSV 1.0
# ---
# datatype:
# - {name: wavelength, unit: nm, datatype: float32}
# - {name: efficiency, unit: '%', datatype: float64}
# meta: !!omap
# - {MODE: DETECTOR}
# - {TYPE: transmission_filter_detector}
# - {CALIBDATE: '1970-01-01T00:00:00'}
# - {INSTRUME: LSSTCam}
# - {OBSTYPE: transmission_filter_detector}
# - {CALIBCLS: lsst.ip.isr.IntermediateFilterDetectorTransmissionCurve}
# - {SOURCE: Materion (DM-46256)}
# - {DETECTOR: 69}
# - {FILTER: g_6}
# - {CALIB_ID: 'calibDate=1970-01-01T00:00:00 filter=g_6 detector=69'}
# - {DATE: '2025-04-02T15:59:42.347825'}
# - {CALIB_CREATION_DATE: '2025-04-02'}
# - {CALIB_CREATION_TIME: '15:59:42'}
# - __serialized_columns__:
#     efficiency:
#       __class__: astropy.units.quantity.Quantity
#       unit: !astropy.units.Unit {unit: '%'}
#       value: !astropy.table.SerializedColumn {name: efficiency}
#     wavelength:
#       __class__: astropy.units.quantity.Quantity
#       unit: !astropy.units.Unit {unit: nm}
#       value: !astropy.table.SerializedColumn {name: wavelength}
# schema: astropy-2.0
wavelength efficiency
300.0 0.5012152716517448
301.0 0.37311604246497154
302.0 0.2450167667120695
303.0 0.21846410818398
304.0 0.19191146129742265
305.0 0.2007676288485527
306.0 0.20962378475815058
307.0 0.21706265397369862
308.0 0.2245014999061823
309.0 0.22081502247601748
310.0 0.2171285916119814
311.0 0.21104689221829176
312.0 0.20496523939073086
313.0 0.20080858375877142
314.0 0.19665192812681198
315.0 0.18717818893492222
316.0 0.1777044963091612
317.0 0.17868868308141828
318.0 0.1796729164198041
319.0 0.16384586924687028
320.0 0.1480187987908721
321.0 0.14185390900820494
322.0 0.1356890075840056
323.0 0.11574281379580498
324.0 0.095796660752967
325.0 0.08728985558263958
326.0 0.07878305041231215
327.0 0.07164199487306178
328.0 0.0645009393338114
329.0 0.06224386743269861
330.0 0.05998679553158581
331.0 0.055257161147892475
332.0 0.05052753258496523
333.0 0.04735867551062256
334.0 0.04418982134666294
335.0 0.042484127334319055
336.0 0.04077843332197517
337.0 0.04185679426882416
338.0 0.04293514939490706
339.0 0.04138798685744405
340.0 0.039840827230364084
341.0 0.037864744081161916
342.0 0.035888663842342794
343.0 0.032401655334979296
344.0 0.028914649737998843
345.0 0.02558934793341905
346.0 0.0222640490392223
347.0 0.020951806800439954
348.0 0.019639563106466085
349.0 0.018146932416129857
350.0 0.7058043964207172
351.0 1.0437305085361004
352.0 0.8333848789334297
353.0 0.8771182969212532
354.0 0.644505862146616
355.0 0.8135554380714893
356.0 0.587212573736906
357.0 0.8301504887640476
358.0 0.6442212965339422
359.0 0.8420120924711227
360.0 0.5312534049153328
361.0 0.7285144180059433
362.0 0.6620280910283327
363.0 0.7815363816916943
364.0 0.6135202012956142
365.0 0.7729442790150642
366.0 0.4053650423884392
367.0 0.6719483062624931
368.0 0.4153604619204998
369.0 0.754656083881855
370.0 0.4992830567061901
371.0 0.5829683039337397
372.0 0.4609745927155018
373.0 0.7208326365798712
374.0 0.3701589070260525
375.0 0.5191299598664045
376.0 0.3707417519763112
377.0 0.5765872076153755
378.0 0.33768918365240097
379.0 0.4567496944218874
380.0 0.3824186511337757
381.0 0.5374375730752945
382.0 0.5107558332383633
383.0 0.49555632285773754
384.0 0.5130130797624588
385.0 0.5558058153837919
386.0 0.6672870367765427
387.0 0.7287752814590931
388.0 0.9007946588099003
389.0 1.1568465270102024
390.0 1.7113886773586273
391.0 2.597171999514103
392.0 4.134576395153999
393.0 6.607705354690552
394.0 9.978688508272171
395.0 14.52501118183136
396.0 20.135723054409027
397.0 27.270817756652832
398.0 35.622990131378174
399.0 44.8058158159256
400.0 54.28106188774109
401.0 63.29038143157959
402.0 71.68574929237366
403.0 78.95845770835876
404.0 84.25225019454956
405.0 88.30113410949707
406.0 90.53845405578613
407.0 92.46711730957031
408.0 93.46017241477966
409.0 94.01928186416626
410.0 94.22354698181152
411.0 94.15076971054077
412.0 93.75573396682739
413.0 93.57526898384094
414.0 93.35245490074158
415.0 93.50907802581787
416.0 93.8295066356659
417.0 94.16260719299316
418.0 94.70430016517639
419.0 95.25043964385986
420.0 95.79684138298035
421.0 96.33106589317322
422.0 96.51275277137756
423.0 96.75794839859009
424.0 96.5646743774414
425.0 96.4939296245575
426.0 96.42665982246399
427.0 96.48685455322266
428.0 96.31231427192688
429.0 96.10954523086548
430.0 95.96354365348816
431.0 96.01086378097534
432.0 96.1073637008667
433.0 96.17212414741516
434.0 96.22231721878052
435.0 96.38389348983765
436.0 96.44637703895569
437.0 96.44310474395752
438.0 96.46494388580322
439.0 96.55267000198364
440.0 96.5442419052124
441.0 96.65588140487671
442.0 96.60720229148865
443.0 96.67549133300781
444.0 96.59109711647034
445.0 96.33965492248535
446.0 96.17825150489807
447.0 95.99214792251587
448.0 95.97645998001099
449.0 96.10501527786255
450.0 96.34581208229065
451.0 96.55203819274902
452.0 96.75301909446716
453.0 96.90744280815125
454.0 96.94845676422119
455.0 97.25897908210754
456.0 97.33445048332214
457.0 97.46145606040955
458.0 97.46589064598083
459.0 97.50655889511108
460.0 97.54882454872131
461.0 97.68686294555664
462.0 97.60038256645203
463.0 97.49108552932739
464.0 97.6449191570282
465.0 97.54605293273926
466.0 97.55406379699707
467.0 97.53335118293762
468.0 97.56544828414917
469.0 97.61524200439453
470.0 97.47911095619202
471.0 97.36119508743286
472.0 97.43719100952148
473.0 97.30424880981445
474.0 97.17913866043091
475.0 97.25669622421265
476.0 97.24534749984741
477.0 97.31731414794922
478.0 97.35532402992249
479.0 97.34670519828796
480.0 97.51116633415222
481.0 97.57986068725586
482.0 97.76060581207275
483.0 97.66737818717957
484.0 97.88188934326172
485.0 97.93334603309631
486.0 97.93057441711426
487.0 97.9829728603363
488.0 98.00096154212952
489.0 98.10176491737366
490.0 98.02111983299255
491.0 98.08021187782288
492.0 97.92125821113586
493.0 97.94009327888489
494.0 97.95467257499695
495.0 98.01914691925049
496.0 97.81860113143921
497.0 97.7731466293335
498.0 97.57258296012878
499.0 97.6014494895935
500.0 97.51256108283997
501.0 97.49717116355896
502.0 97.4336326122284
503.0 97.58143424987793
504.0 97.39798307418823
505.0 97.409588098526
506.0 97.40301966667175
507.0 97.38527536392212
508.0 97.41418957710266
509.0 97.40554690361023
510.0 97.35344648361206
511.0 97.35075235366821
512.0 97.24541306495667
513.0 97.32997417449951
514.0 97.2997784614563
515.0 97.3090410232544
516.0 97.39411473274231
517.0 97.40716218948364
518.0 97.49423861503601
519.0 97.50009775161743
520.0 97.52979874610901
521.0 97.66722321510315
522.0 97.65156507492065
523.0 97.61072397232056
524.0 97.64406681060791
525.0 97.61453866958618
526.0 97.7225661277771
527.0 97.69864082336426
528.0 97.79717326164246
529.0 97.90491461753845
530.0 97.87688255310059
531.0 98.04922938346863
532.0 97.93623089790344
533.0 97.93223738670349
534.0 97.93362021446228
535.0 97.77851104736328
536.0 97.45018482208252
537.0 96.91476225852966
538.0 96.19004130363464
539.0 94.89247798919678
540.0 93.21821331977844
541.0 90.69444537162781
542.0 88.03006410598755
543.0 84.42988395690918
544.0 79.96257543563843
545.0 75.93633532524109
546.0 71.01866602897644
547.0 66.42314195632935
548.0 61.87041401863098
549.0 57.68829584121704
550.0 54.47157621383667
551.0 51.28319263458252
552.0 48.89720976352692
553.0 46.384841203689575
554.0 43.58215034008026
555.0 40.48177897930145
556.0 36.31964921951294
557.0 31.490090489387512
558.0 26.148560643196106
559.0 20.784269273281097
560.0 15.599657595157623
561.0 10.692044347524643
562.0 6.9541893899440765
563.0 4.118947312235832
564.0 2.2932136431336403
565.0 1.1160960420966148
566.0 0.5904397927224636
567.0 0.3044005949050188
568.0 0.19145363476127386
569.0 0.10280467104166746
570.0 0.08323024376295507
571.0 0.05411423626355827
572.0 0.060562859289348125
573.0 0.03776165540330112
574.0 0.0440492614870891
575.0 0.03201067156624049
576.0 0.04396964213810861
577.0 0.01997723593376577
578.0 0.03221855440642685
579.0 0.024677650071680546
580.0 0.02964790037367493
581.0 0.023900024825707078
582.0 0.024285103427246213
583.0 0.020844223035965115
584.0 0.026148813776671886
585.0 0.009870222129393369
586.0 0.02144880563719198
587.0 0.01857930328696966
588.0 0.022712055942974985
589.0 0.01505548571003601
590.0 0.019885388610418886
591.0 0.01852632558438927
592.0 0.015550068928860128
593.0 0.015066956984810531
594.0 0.022979498316999525
595.0 0.010338050924474373
596.0 0.00851592849357985
597.0 0.010618356463965029
598.0 0.015047007764223963
599.0 0.005006592618883587
600.0 0.009320951357949525
601.0 0.002469819264661055
602.0 0.0025063054636120796
603.0 0.002542791662563104
604.0 0.002249870703963097
605.0 0.00195694956346415
606.0 0.002009006311709527
607.0 0.002061063059954904
608.0 0.001902984149637632
609.0 0.0017449052393203601
610.0 0.001856947892520111
611.0 0.0019689903638209216
612.0 0.0018546808860264719
613.0 0.0017403715901309624
614.0 0.0017997888789977878
615.0 0.0018592067135614343
616.0 0.0019451148546067998
617.0 0.002031022813753225
618.0 0.0018738048311206512
619.0 0.0017165870303870179
620.0 0.0016560134099563584
621.0 0.0015954399714246392
622.0 0.0015343423001468182
623.0 0.0014732443560205866
624.0 0.0014795726201555226
625.0 0.0014859007933409885
626.0 0.0014014313819643576
627.0 0.0013169622434361372
628.0 0.0014008902326168027
629.0 0.0014848184946458787
630.0 0.0013579024198406842
631.0 0.0012309861631365493
632.0 0.0013686406418855768
633.0 0.0015062947568367235
634.0 0.001416212853655452
635.0 0.0013261305866762996
636.0 0.001346622229903005
637.0 0.0013671144188265316
638.0 0.0012458808669180144
639.0 0.0011246471331105568
640.0 0.0011125676792289596
641.0 0.001100488043448422
642.0 0.00130893022287637
643.0 0.001517372493253788
644.0 0.0013852085430698935
645.0 0.0012530444109870587
646.0 0.001201698432851117
647.0 0.0011503525456646457
648.0 0.0010997832760040183
649.0 0.0010492138244444504
650.0 0.0012503584912337828
651.0 0.0014515027032757644
652.0 0.0011877827091666404
653.0 0.0009240626241080463
654.0 0.0010967229172820225
655.0 0.001269383301405469
656.0 0.0012193136171845254
657.0 0.0011692439329635818
658.0 0.001057476310961647
659.0 0.0009457090527575929
660.0 0.0008972160685516428
661.0 0.000848723175295163
662.0 0.0009993555067921989
663.0 0.0011499881111376453
664.0 0.0011838202226499561
665.0 0.0012176519703643862
666.0 0.0011439014997449704
667.0 0.0010701505743782036
668.0 0.0011730446203728206
669.0 0.0012759384844684973
670.0 0.0012475125913624652
671.0 0.001219086698256433
672.0 0.0012337026419118047
673.0 0.0012483183127187658
674.0 0.0011720630936906673
675.0 0.0010958078746625688
676.0 0.0010523293894948438
677.0 0.0010088506314787082
678.0 0.0011146835277031641
679.0 0.0012205165148770902
680.0 0.0010542633390286937
681.0 0.0008880098903318867
682.0 0.000993666526483139
683.0 0.0010993230716849212
684.0 0.0009507926733931527
685.0 0.0008022620932024438
686.0 0.001001113105303375
687.0 0.0011999638445558958
688.0 0.0011416698725952301
689.0 0.0010833759006345645
690.0 0.001001465534500312
691.0 0.0009195551683660597
692.0 0.0009057268471224234
693.0 0.0008918987077777274
694.0 0.0010150827620236669
695.0 0.0011382669072190765
696.0 0.0011636080671451055
697.0 0.0011889489542227238
698.0 0.0012710915143543389
699.0 0.001353234074485954
700.0 0.001148446972365491
701.0 0.0009436596883460879
702.0 0.0011116448149550706
703.0 0.001279629759665113
704.0 0.0012638570296985563
705.0 0.001248084026883589
706.0 0.0011716799235728104
707.0 0.001095276002160972
708.0 0.001076781154552009
709.0 0.0010582865797914565
710.0 0.0011413036190788262
711.0 0.0012243211131135467
712.0 0.001174549925053725
713.0 0.0011247788279433735
714.0 0.0011792284567491151
715.0 0.0012336782674537972
716.0 0.001436276488675503
717.0 0.0016388750736950897
718.0 0.0018830573026207276
719.0 0.0021272391677484848
720.0 0.0017792090147850104
721.0 0.0014311787708720658
722.0 0.0015509216609643772
723.0 0.0016706648239050992
724.0 0.0016483500075992197
725.0 0.0016260351912933402
726.0 0.0017967067833524197
727.0 0.0019673785573104396
728.0 0.002034837962128222
729.0 0.0021022973669460043
730.0 0.0020446528651518747
731.0 0.0019870085452566855
732.0 0.001878787406894844
733.0 0.001770566450431943
734.0 0.0015762072507641278
735.0 0.0013818484148941934
736.0 0.0012068029718648177
737.0 0.0010317572559870314
738.0 0.0010267950528941583
739.0 0.0010218328498012852
740.0 0.0008775928108661901
741.0 0.0007333525900321547
742.0 0.0007392364295810694
743.0 0.0007451202691299841
744.0 0.0008413256182393525
745.0 0.0009375310582981911
746.0 0.0009857273653324228
747.0 0.0010339237633161247
748.0 0.0012002095900243148
749.0 0.001366495416732505
750.0 0.0010900323104579002
751.0 0.0008135695679811761
752.0 0.0007144245046220021
753.0 0.0006152796231617685
754.0 0.0007523221938754432
755.0 0.0008893647645891178
756.0 0.0009012414921016898
757.0 0.0009131180377153214
758.0 0.00089971290435642
759.0 0.0008863080438459292
760.0 0.0007091868610586971
761.0 0.000532065678271465
762.0 0.0006053362540114904
763.0 0.0006786067388020456
764.0 0.0008389120011997875
765.0 0.00099921753644594
766.0 0.0008297832209791522
767.0 0.0006603490874113049
768.0 0.0006156412837299285
769.0 0.0005709335255232872
770.0 0.00045476444938685745
771.0 0.0003385954414625303
772.0 0.0005508288722921861
773.0 0.0007630625077581499
774.0 0.0008670685929246247
775.0 0.0009710748599900398
776.0 0.0008733878530620132
777.0 0.0007757007551845163
778.0 0.0007278327302628895
779.0 0.0006799647962907329
780.0 0.0006428243068512529
781.0 0.0006056837719370378
782.0 0.0005711003268515924
783.0 0.0005365167908166768
784.0 0.0007192376870079897
785.0 0.0009019585377245676
786.0 0.0008148337656166404
787.0 0.000727709357306594
788.0 0.0004565783001453383
789.0 0.00018544740214565536
790.0 0.00019297224298497895
791.0 0.000200497061086935
792.0 0.0002088358769469778
793.0 0.00021717471554438816
794.0 0.00020995869363105157
795.0 0.00020274264898034744
796.0 0.0003767294856515946
797.0 0.0005507162768481066
798.0 0.0005832559963891981
799.0 0.0006157957159302896
800.0 0.000565639857086353
801.0 0.0005154841801413568
802.0 0.000426668248110218
803.0 0.0003378524297659169
804.0 0.0003019050609509577
805.0 0.0002659577830854687
806.0 0.0002789583049889188
807.0 0.0002919588041550014
808.0 0.00040457784962200094
809.0 0.0005171969405637356
810.0 0.0003712032139446819
811.0 0.00022520946458826074
812.0 0.0003053557520615868
813.0 0.0003855019713228103
814.0 0.0003830166861007456
815.0 0.00038053133266657824
816.0 0.0005237021923676366
817.0 0.0006668729383818572
818.0 0.00047657067625550553
819.0 0.0002862684141291538
820.0 0.00040885793168854434
821.0 0.0005314473128237296
822.0 0.00042435044633748475
823.0 0.0003172535116391373
824.0 0.0004529571015154943
825.0 0.0005886605777050136
826.0 0.0006197789389261743
827.0 0.0006508972091978649
828.0 0.0005826509095641086
829.0 0.0005144045644556172
830.0 0.0004226656983519206
831.0 0.00033092678677348886
832.0 0.0004969976089341799
833.0 0.0006630683856201358
834.0 0.0005259003501123516
835.0 0.00038873236007930245
836.0 0.0004588704541674815
837.0 0.0005290086392051307
838.0 0.0005185481768421596
839.0 0.0005080877599539235
840.0 0.0006033124009263702
841.0 0.0006985369509493466
842.0 0.00037432666886161314
843.0 5.01162389809906e-05
844.0 8.848409152051318e-05
845.0 0.00012685193269135198
846.0 0.0004083773546881275
847.0 0.0006899028448970057
848.0 0.0005999442691972945
849.0 0.0005099857844470534
850.0 0.0005099514055473264
851.0 0.0005099170266475994
852.0 0.0005897615665162448
853.0 0.0006696057425870094
854.0 0.0006377594672812847
855.0 0.0006059130555513548
856.0 0.0005603127192443935
857.0 0.0005147124738869024
858.0 0.0005278127900965046
859.0 0.0005409131517808419
860.0 0.0005270391739031766
861.0 0.0005131651505507762
862.0 0.0005152128778718179
863.0 0.0005172606506675947
864.0 0.0004714755959867034
865.0 0.0004256905413058121
866.0 0.0004412991074786987
867.0 0.00045690762817685027
868.0 0.0006535390184581047
869.0 0.0008501704542140942
870.0 0.000666317782815895
871.0 0.00048246488404402044
872.0 0.00041477733248029836
873.0 0.0003470895762802684
874.0 0.00043850563997693826
875.0 0.0005299216809362406
876.0 0.0006258281700866064
877.0 0.000721734568287502
878.0 0.0007012391961325193
879.0 0.0006807437785028014
880.0 0.0006481915534095606
881.0 0.0006156396011647303
882.0 0.0005149045136931818
883.0 0.00041416969907004386
884.0 0.0004882835582975531
885.0 0.0005623976448987378
886.0 0.0006468622359534493
887.0 0.0007313270998565713
888.0 0.0006051987838873174
889.0 0.0004790705588675337
890.0 0.0005145563591213431
891.0 0.0005500423412740929
892.0 0.0005443279405881185
893.0 0.0005386136763263494
894.0 0.0005020846401748713
895.0 0.00046555564949812833
896.0 0.00030031983442313503
897.0 0.00013508400797945797
898.0 0.00028994015792704886
899.0 0.00044479634198069107
900.0 0.0003862604444293538
901.0 0.000327724524140649
902.0 0.0005363934178603813
903.0 0.000745062243368011
904.0 0.00042104438762180507
905.0 9.702642955744523e-05
906.0 0.000329012891597813
