lsstCam/transmission_filter_detector/r20_s01/g_6/19700101T000000.ecsv
# %ECSV 1.0
# ---
# datatype:
# - {name: wavelength, unit: nm, datatype: float32}
# - {name: efficiency, unit: '%', datatype: float64}
# meta: !!omap
# - {MODE: DETECTOR}
# - {TYPE: transmission_filter_detector}
# - {CALIBDATE: '1970-01-01T00:00:00'}
# - {INSTRUME: LSSTCam}
# - {OBSTYPE: transmission_filter_detector}
# - {CALIBCLS: lsst.ip.isr.IntermediateFilterDetectorTransmissionCurve}
# - {SOURCE: Materion (DM-46256)}
# - {DETECTOR: 73}
# - {FILTER: g_6}
# - {CALIB_ID: 'calibDate=1970-01-01T00:00:00 filter=g_6 detector=73'}
# - {DATE: '2025-04-02T15:59:42.366658'}
# - {CALIB_CREATION_DATE: '2025-04-02'}
# - {CALIB_CREATION_TIME: '15:59:42'}
# - __serialized_columns__:
#     efficiency:
#       __class__: astropy.units.quantity.Quantity
#       unit: !astropy.units.Unit {unit: '%'}
#       value: !astropy.table.SerializedColumn {name: efficiency}
#     wavelength:
#       __class__: astropy.units.quantity.Quantity
#       unit: !astropy.units.Unit {unit: nm}
#       value: !astropy.table.SerializedColumn {name: wavelength}
# schema: astropy-2.0
wavelength efficiency
[from data line 608]
908.0 0.00044550661186804064
909.0 0.00037446955047926167
910.0 0.00031809361189516494
911.0 0.00026171769604843576
912.0 0.00042823903640965
913.0 0.0005947604677203344
914.0 0.00035191048937122105
915.0 0.00010906054512815899
916.0 0.0001453916638638475
917.0 0.00018172273712480091
918.0 0.00025467691102676326
919.0 0.0003276310508226743
920.0 0.0003832124093605671
921.0 0.000438793813373195
922.0 0.0005226491794019239
923.0 0.0006065045909053879
924.0 0.0005164578851690749
925.0 0.00042641113395802677
926.0 0.0005184887868381338
927.0 0.000610566530667711
928.0 0.0005495598998095375
929.0 0.000488553359900834
930.0 0.0005231556315266062
931.0 0.0005577579486271134
932.0 0.0005573926046054112
933.0 0.0005570273515331792
934.0 0.0004935664037475362
935.0 0.0004301054104871582
936.0 0.0004914139026368503
937.0 0.0005527224402612774
938.0 0.0005688596502295695
939.0 0.0005849969511473319
940.0 0.0005979980414849706
941.0 0.0006109989953984041
942.0 0.0007198882485681679
943.0 0.0008287775017379317
944.0 0.000675555156703922
945.0 0.0005223328116699122
946.0 0.00048824686018633656
947.0 0.00045416090870276093
948.0 0.0008316502317029517
949.0 0.0012091396456526127
950.0 0.0010395521712780464
951.0 0.00086996460595401
952.0 0.0008532932952221017
953.0 0.0008366218025912531
954.0 0.0008039705789997242
955.0 0.0007713193554081954
956.0 0.0006588064934476279
957.0 0.00054629344958812
958.0 0.000690497017785674
959.0 0.0008347005859832279
960.0 0.0006558665518241469
961.0 0.00047703233576612547
962.0 0.0005770106781710638
963.0 0.0006769890205760021
964.0 0.000725586596672656
965.0 0.0007741840818198398
966.0 0.0007687186553084757
967.0 0.0007632532287971117
968.0 0.0007262122380780056
969.0 0.0006891712473588996
970.0 0.0007088366146490443
971.0 0.0007285020274139242
972.0 0.0008450042514596134
973.0 0.0009615066119295079
974.0 0.0008451373105344828
975.0 0.0007287682819878682
976.0 0.0008055602847889531
977.0 0.0008823526513879187
978.0 0.0009534600394545123
979.0 0.0010245676094200462
980.0 0.0010288980774930678
981.0 0.0010332286365155596
982.0 0.0009653751476434991
983.0 0.0008975215678219683
984.0 0.0008727214662940241
985.0 0.0008479217285639606
986.0 0.0011181534318893682
987.0 0.0013883849533158354
988.0 0.001417877501808107
989.0 0.0014473695046035573
990.0 0.0014821825971012004
991.0 0.0015169955986493733
992.0 0.0015364206774393097
993.0 0.0015558458471787162
994.0 0.0014657659448857885
995.0 0.0013756860425928608
996.0 0.0013057729120191652
997.0 0.0012358596904959995
998.0 0.0013373957699513994
999.0 0.0014389318494067993
1000.0 0.0013634397873829585
1001.0 0.0012879476344096474
1002.0 0.001238811182702193
1003.0 0.001189674912893679
1004.0 0.0011661069038382266
1005.0 0.001142538803833304
1006.0 0.0013818269508192316
1007.0 0.0016211153706535697
1008.0 0.0016367306670872495
1009.0 0.00165234632731881
1010.0 0.0017575097444932908
1011.0 0.0018626735254656523
1012.0 0.0019778541172854602
1013.0 0.002093035072903149
1014.0 0.0021136218492756598
1015.0 0.0021342089894460514
1016.0 0.0024527804271201603
1017.0 0.00277135222859215
1018.0 0.0029594937586807646
1019.0 0.00314763565256726
1020.0 0.003245857442379929
1021.0 0.003344079595990479
1022.0 0.003589623884181492
1023.0 0.0038351685361703858
1024.0 0.004019237167085521
1025.0 0.004203305434202775
1026.0 0.004309000360080972
1027.0 0.0044146949221612886
1028.0 0.004449240805115551
1029.0 0.004483786688069813
1030.0 0.0046745146391913295
1031.0 0.004865242226514965
1032.0 0.005178427818464115
1033.0 0.005491613410413265
1034.0 0.005408543438534252
1035.0 0.005325474194251001
1036.0 0.005392452658270486
1037.0 0.0054594311222899705
1038.0 0.005759962368756533
1039.0 0.006060493251425214
1040.0 0.006406998727470636
1041.0 0.006753503839718178
1042.0 0.006982173363212496
1043.0 0.007210842159111053
1044.0 0.007356646528933197
1045.0 0.007502449443563819
1046.0 0.008566465839976445
1047.0 0.00963048150879331
1048.0 0.011050260945921764
1049.0 0.012470038200262934
1050.0 0.014962974819354713
1051.0 0.017455908528063446
1052.0 0.021121843019500375
1053.0 0.024787781876511872
1054.0 0.029721544706262648
1055.0 0.03465531044639647
1056.0 0.04150529857724905
1057.0 0.04835527797695249
1058.0 0.05596792325377464
1059.0 0.06358055979944766
1060.0 0.07115258486010134
1061.0 0.07872458663769066
1062.0 0.08570145000703633
1063.0 0.09267827845178545
1064.0 0.09804805740714073
1065.0 0.10341780725866556
1066.0 0.10853733401745558
1067.0 0.11365687241777778
1068.0 0.12000880669802427
1069.0 0.12636077590286732
1070.0 0.13645278522744775
1071.0 0.14654480619356036
1072.0 0.15969992382451892
1073.0 0.1728550181724131
1074.0 0.18724182154983282
1075.0 0.20162868313491344
1076.0 0.2153721172362566
1077.0 0.2291155280545354
1078.0 0.2433115616440773
1079.0 0.25750757195055485
1080.0 0.27476076502352953
1081.0 0.2920139580965042
1082.0 0.31929523684084415
1083.0 0.3465765155851841
1084.0 0.3855168120935559
1085.0 0.4244571551680565
1086.0 0.459799962118268
1087.0 0.49514281563460827
1088.0 0.559643330052495
1089.0 0.6241439376026392
1090.0 0.7006284780800343
1091.0 0.7771130185574293
1092.0 0.806746818125248
1093.0 0.8363803848624229
1094.0 0.8733262307941914
1095.0 0.9102717973291874
1096.0 0.9549676440656185
1097.0 0.9996635839343071
1098.0 1.0265635326504707
1099.0 1.0534636676311493
1100.0 1.2064645998179913
1101.0 1.3594652526080608
