lsstCam/transmission_filter_detector/r20_s01/g_6/19700101T000000.ecsv
# %ECSV 1.0
# ---
# datatype:
# - {name: wavelength, unit: nm, datatype: float32}
# - {name: efficiency, unit: '%', datatype: float64}
# meta: !!omap
# - {MODE: DETECTOR}
# - {TYPE: transmission_filter_detector}
# - {CALIBDATE: '1970-01-01T00:00:00'}
# - {INSTRUME: LSSTCam}
# - {OBSTYPE: transmission_filter_detector}
# - {CALIBCLS: lsst.ip.isr.IntermediateFilterDetectorTransmissionCurve}
# - {SOURCE: Materion (DM-46256)}
# - {DETECTOR: 73}
# - {FILTER: g_6}
# - {CALIB_ID: 'calibDate=1970-01-01T00:00:00 filter=g_6 detector=73'}
# - {DATE: '2025-04-02T15:59:42.366658'}
# - {CALIB_CREATION_DATE: '2025-04-02'}
# - {CALIB_CREATION_TIME: '15:59:42'}
# - __serialized_columns__:
#     efficiency:
#       __class__: astropy.units.quantity.Quantity
#       unit: !astropy.units.Unit {unit: '%'}
#       value: !astropy.table.SerializedColumn {name: efficiency}
#     wavelength:
#       __class__: astropy.units.quantity.Quantity
#       unit: !astropy.units.Unit {unit: nm}
#       value: !astropy.table.SerializedColumn {name: wavelength}
# schema: astropy-2.0
wavelength efficiency
300.0 0.49105281941592693
301.0 0.3661753376945853
302.0 0.24129780940711498
303.0 0.2188305603340268
304.0 0.196363334544003
305.0 0.20387163385748863
306.0 0.21137988660484552
307.0 0.21567237563431263
308.0 0.21996486466377974
309.0 0.22242632694542408
310.0 0.2248878125101328
311.0 0.21503865718841553
312.0 0.205189548432827
313.0 0.20226668566465378
314.0 0.19934382289648056
315.0 0.1888849656097591
316.0 0.178426131606102
317.0 0.17573615768924356
318.0 0.17304620705544949
319.0 0.15962263569235802
320.0 0.14619904104620218
321.0 0.1413191552273929
322.0 0.13643925776705146
323.0 0.11699424358084798
324.0 0.09754927014000714
325.0 0.08855634951032698
326.0 0.07956341723911464
327.0 0.07256038952618837
328.0 0.0655573618132621
329.0 0.06246265838854015
330.0 0.05936795496381819
331.0 0.054728734539821744
332.0 0.050089508295059204
333.0 0.04703537852037698
334.0 0.043981242924928665
335.0 0.04232851497363299
336.0 0.04067578411195427
337.0 0.0414574722526595
338.0 0.04223915748298168
339.0 0.04082251980435103
340.0 0.03940588212572038
341.0 0.0375692208763212
342.0 0.03573255962692201
343.0 0.03211652801837772
344.0 0.028500499320216477
345.0 0.02543250739108771
346.0 0.0223645125515759
347.0 0.021191516134422272
348.0 0.0200185168068856
349.0 0.018325806013308465
350.0 0.8406640961766243
351.0 1.120103895664215
352.0 0.8473888970911503
353.0 0.9044438600540161
354.0 0.5871049594134092
355.0 1.0036930441856384
356.0 0.7908913306891918
357.0 0.8500082418322563
358.0 0.5233156960457563
359.0 0.8383479900658131
360.0 0.6141341757029295
361.0 0.809840764850378
362.0 0.6417319178581238
363.0 0.5721603520214558
364.0 0.5056885071098804
365.0 0.6699396297335625
366.0 0.3686911193653941
367.0 0.6265970412641764
368.0 0.4312940873205662
369.0 0.6340538617223501
370.0 0.48971776850521564
371.0 0.5705155897885561
372.0 0.443842401728034
373.0 0.6268605124205351
374.0 0.3623168682679534
375.0 0.4999542608857155
376.0 0.32745758071541786
377.0 0.45755263417959213
378.0 0.3945285454392433
379.0 0.5663304124027491
380.0 0.3332036314532161
381.0 0.5191878415644169
382.0 0.5383205134421587
383.0 0.5918209906667471
384.0 0.5581343546509743
385.0 0.5971806589514017
386.0 0.6182235199958086
387.0 0.7109406404197216
388.0 0.9467233903706074
389.0 1.243539247661829
390.0 1.6994476318359375
391.0 2.614268846809864
392.0 4.21733520925045
393.0 6.698863208293915
394.0 10.098366439342499
395.0 14.660345017910004
396.0 20.43095827102661
397.0 27.780809998512268
398.0 36.16167902946472
399.0 45.472919940948486
400.0 54.877257347106934
401.0 63.95232081413269
402.0 72.23353981971741
403.0 79.29311394691467
404.0 84.45261120796204
405.0 88.35238814353943
406.0 90.4999852180481
407.0 92.22292900085449
408.0 93.25969219207764
409.0 93.74105930328369
410.0 93.92836093902588
411.0 93.77477169036865
412.0 93.45736503601074
413.0 93.2870626449585
414.0 93.0053174495697
415.0 93.21464896202087
416.0 93.53649616241455
417.0 93.83386969566345
418.0 94.34300661087036
419.0 94.92523074150085
420.0 95.4699456691742
421.0 95.9481954574585
422.0 96.16994261741638
423.0 96.37938141822815
424.0 96.19395732879639
425.0 96.13176584243774
426.0 96.11338973045349
427.0 96.09427452087402
428.0 95.96102237701416
429.0 95.80808877944946
430.0 95.65566182136536
431.0 95.79506516456604
432.0 95.7795262336731
433.0 95.8263635635376
434.0 95.94053030014038
435.0 96.07922434806824
436.0 96.13316059112549
437.0 96.14837765693665
438.0 96.15644812583923
439.0 96.21996879577637
440.0 96.19643688201904
441.0 96.36618494987488
442.0 96.2958574295044
443.0 96.35410904884338
444.0 96.2624192237854
445.0 95.9723711013794
446.0 95.89483141899109
447.0 95.60590386390686
448.0 95.64886689186096
449.0 95.81616520881653
450.0 96.00074887275696
451.0 96.2093710899353
452.0 96.40638828277588
453.0 96.51767611503601
454.0 96.60264253616333
455.0 96.87159657478333
456.0 97.00620770454407
457.0 97.16975688934326
458.0 97.14668393135071
459.0 97.1535861492157
460.0 97.19570279121399
461.0 97.2885251045227
462.0 97.26937413215637
463.0 97.16526865959167
464.0 97.27664589881897
465.0 97.17601537704468
466.0 97.1207320690155
467.0 97.16808795928955
468.0 97.18555212020874
469.0 97.24875688552856
470.0 97.08609580993652
471.0 96.98483347892761
472.0 97.04289436340332
473.0 96.95232510566711
474.0 96.89034223556519
475.0 96.87291979789734
476.0 96.89330458641052
477.0 96.92235589027405
478.0 97.0521867275238
479.0 97.0225989818573
480.0 97.20485806465149
481.0 97.28565216064453
482.0 97.48067259788513
483.0 97.3732054233551
484.0 97.56613373756409
485.0 97.61074185371399
486.0 97.62271046638489
487.0 97.70330786705017
488.0 97.64971137046814
489.0 97.7551519870758
490.0 97.72278666496277
491.0 97.82129526138306
492.0 97.7124035358429
493.0 97.70483374595642
494.0 97.65600562095642
495.0 97.72254228591919
496.0 97.54562973976135
497.0 97.46808409690857
498.0 97.28488326072693
499.0 97.30917811393738
500.0 97.30677604675293
501.0 97.2386121749878
502.0 97.17307686805725
503.0 97.33353853225708
504.0 97.17316627502441
505.0 97.12490439414978
506.0 97.15606570243835
507.0 97.10221886634827
508.0 97.15409874916077
509.0 97.13122844696045
510.0 97.09376692771912
511.0 97.04006314277649
512.0 96.96203470230103
513.0 97.02186584472656
514.0 97.00846672058105
515.0 97.06884026527405
516.0 97.12212681770325
517.0 97.10715413093567
518.0 97.2174882888794
519.0 97.25989103317261
520.0 97.27920293807983
521.0 97.35888242721558
522.0 97.4121630191803
523.0 97.36329913139343
524.0 97.36536145210266
525.0 97.35928177833557
526.0 97.46888279914856
527.0 97.45799899101257
528.0 97.5556492805481
529.0 97.56612777709961
530.0 97.62980937957764
531.0 97.74066209793091
532.0 97.61943221092224
533.0 97.61435389518738
534.0 97.60935306549072
535.0 97.44279384613037
536.0 97.12010025978088
537.0 96.6097891330719
538.0 95.87835669517517
539.0 94.57201957702637
540.0 92.8737461566925
541.0 90.28957486152649
542.0 87.58610486984253
543.0 83.93906354904175
544.0 79.35125231742859
545.0 75.27707815170288
546.0 70.3214704990387
547.0 65.76281189918518
548.0 61.220067739486694
549.0 57.177191972732544
550.0 53.99419665336609
551.0 50.93628764152527
552.0 48.61362278461456
553.0 46.143946051597595
554.0 43.31696927547455
555.0 40.14584422111511
556.0 35.892876982688904
557.0 30.975598096847534
558.0 25.563570857048035
559.0 20.212329924106598
560.0 15.035276114940643
561.0 10.262376070022583
562.0 6.607434153556824
563.0 3.8990918546915054
564.0 2.1444380283355713
565.0 1.04160625487566
566.0 0.5444061476737261
567.0 0.2817521570250392
568.0 0.1750364899635315
569.0 0.10715918615460396
570.0 0.08699161116965115
571.0 0.05259644240140915
572.0 0.058971153339371085
573.0 0.03471615782473236
574.0 0.041852175490930676
575.0 0.029989954782649875
576.0 0.028521858621388674
577.0 0.02719893236644566
578.0 0.03555807925295085
579.0 0.02372038143221289
580.0 0.022213954071048647
581.0 0.020654760010074824
582.0 0.022514697047881782
583.0 0.015535377315245569
584.0 0.03365667362231761
585.0 0.015375521616078913
586.0 0.022450508549809456
587.0 0.014607534103561193
588.0 0.01798943558242172
589.0 0.014267434016801417
590.0 0.009184064401779324
591.0 0.010452624701429158
592.0 0.01925741962622851
593.0 0.008830417937133461
594.0 0.01096946798497811
595.0 0.010223342542303726
596.0 0.011380009527783841
597.0 0.013690210471395403
598.0 0.008239029557444155
599.0 0.009261532250093296
600.0 0.006694902549497783
601.0 0.0022851199901197106
602.0 0.002335508725082036
603.0 0.0023858972781454213
604.0 0.0021952562747173943
605.0 0.002004615089390427
606.0 0.002022676562773995
607.0 0.0020407376723596826
608.0 0.0018302440366824158
609.0 0.0016197504010051489
610.0 0.001808030174288433
611.0 0.0019963095837738365
612.0 0.0018906992409029044
613.0 0.0017850890799309127
614.0 0.0017969046893995255
615.0 0.001808720662666019
616.0 0.001901361065392848
617.0 0.0019940011043217964
618.0 0.0018253236703458242
619.0 0.001656646236369852
620.0 0.001653206163609866
621.0 0.0016497660908498801
622.0 0.0015439200069522485
623.0 0.0014380736502062064
624.0 0.0014545783415087499
625.0 0.0014710832147102337
626.0 0.001383319431624841
627.0 0.001295556103286799
628.0 0.00141232849273365
629.0 0.0015291012459783815
630.0 0.0013698475413548294
631.0 0.0012105934729333967
632.0 0.0013172198123356793
633.0 0.0014238458788895514
634.0 0.0014192526577971876
635.0 0.0014146589819574729
636.0 0.0013673435205419082
637.0 0.0013200283319747541
638.0 0.001212002280226443
639.0 0.0011039762284781318
640.0 0.001107100979425013
641.0 0.001110225548472954
642.0 0.001333556338067865
643.0 0.0015568872186122462
644.0 0.0013969411156722344
645.0 0.0012369949217827525
646.0 0.001213230370922247
647.0 0.001189465638162801
648.0 0.0011063989404647145
649.0 0.0010233320608676877
650.0 0.0012395878911775071
651.0 0.0014558431757905055
652.0 0.0012037582564516924
653.0 0.0009516733371128794
654.0 0.0010590641977614723
655.0 0.0011664551493595354
656.0 0.0011712930245266762
657.0 0.001176130990643287
658.0 0.0010782840035972185
659.0 0.0009804376531974413
660.0 0.0009406500794284511
661.0 0.0009008626875584014
662.0 0.001048752983479062
663.0 0.001196643370349193
664.0 0.001254607104783645
665.0 0.0013125705663696863
666.0 0.0011653434739855584
667.0 0.0010181160178035498
668.0 0.0011110127161373384
669.0 0.0012039095054205973
670.0 0.0011759133485611528
671.0 0.0011479171007522382
672.0 0.001157311362476321
673.0 0.0011667053513519932
674.0 0.001126007737184409
675.0 0.0010853098501684144
676.0 0.0010328657481295522
677.0 0.0009804212822928093
678.0 0.0010295333595422562
679.0 0.0010786455277411733
680.0 0.0010136604942090344
681.0 0.0009486754606768955
682.0 0.0009965111530618742
683.0 0.0010443467544973828
684.0 0.0009471442353969906
685.0 0.0008499416253471281
686.0 0.0010372889846621547
687.0 0.0012246364349266514
688.0 0.0011646873645076994
689.0 0.0011047383850382175
690.0 0.0010127110726898536
691.0 0.0009206837603414897
692.0 0.0009600193152436987
693.0 0.0009993549610953778
694.0 0.001047742898663273
695.0 0.0010961308362311684
696.0 0.0011094212823081762
697.0 0.001122711273637833
698.0 0.0012333302947808988
699.0 0.0013439491340250243
700.0 0.00116890960271121
701.0 0.0009938698894984554
702.0 0.0010995338925567921
703.0 0.0012051978046656586
704.0 0.0011961085874645505
705.0 0.001187019188364502
706.0 0.0011495516446302645
707.0 0.0011120842827949673
708.0 0.00105960161818075
709.0 0.0010071192264149431
710.0 0.0011478387023089454
711.0 0.0012885585420008283
712.0 0.001233729472005507
713.0 0.0011789006748585962
714.0 0.0012130545655963942
715.0 0.0012472086382331327
716.0 0.0014405633010028396
717.0 0.0016339183275704272
718.0 0.0019061591956415214
719.0 0.002178399881813675
720.0 0.0018112314137397334
721.0 0.0014440628547163215
722.0 0.0015579740647808649
723.0 0.0016718853657948785
724.0 0.001666972275415901
725.0 0.0016620591850369237
726.0 0.0017365433450322598
727.0 0.0018110273231286556
728.0 0.0019248853277531452
729.0 0.0020387431504786946
730.0 0.002031293115578592
731.0 0.0020238428987795487
732.0 0.0019042099665966816
733.0 0.0017845770344138145
734.0 0.0015105944839888252
735.0 0.0012366122064122465
736.0 0.001149981835624203
737.0 0.0010633513738866895
738.0 0.0010581607966742013
739.0 0.0010529701285122428
740.0 0.000910750895855017
741.0 0.000768531572248321
742.0 0.0007768164323351812
743.0 0.0007851012924220413
744.0 0.0009255526492779609
745.0 0.0010660043699317612
746.0 0.0009987238627218176
747.0 0.000931443355511874
748.0 0.0010854313586605713
749.0 0.0012394193618092686
750.0 0.0010574351108516566
751.0 0.0008754511327424552
752.0 0.0008041103683353867
753.0 0.0007327696948777884
754.0 0.0008178339157893788
755.0 0.0009028981367009692
756.0 0.0008831611921777949
757.0 0.0008634241567051504
758.0 0.00087299122242257
759.0 0.0008825586519378703
760.0 0.0007330429525609361
761.0 0.0005835272531840019
762.0 0.0006121023034211248
763.0 0.0006406771717593074
764.0 0.0007478925454051932
765.0 0.0008551081009500194
766.0 0.0007647916390851606
767.0 0.0006744752226950368
768.0 0.0006389084319380345
769.0 0.0006033416411810322
770.0 0.0004668037945521064
771.0 0.00033026599339791574
772.0 0.0005521138064068509
773.0 0.0007739617103652563
774.0 0.0008282416274596471
775.0 0.0008825216355035082
776.0 0.0008554014129913412
777.0 0.0008282810995297041
778.0 0.0007671870662306901
779.0 0.0007060930784064112
780.0 0.0006726710580551298
781.0 0.0006392489922291134
782.0 0.0006152164587547304
783.0 0.0005911837888561422
784.0 0.0007007160093053244
785.0 0.0008102481842797715
786.0 0.0007602784990012879
787.0 0.0007103090865712147
788.0 0.00047609119064873084
789.0 0.0002418733629383496
790.0 0.00021450689473567763
791.0 0.0001871404151643219
792.0 0.00028282092898734845
793.0 0.0003785014769164263
794.0 0.0003353512965986738
795.0 0.00029220111628092127
796.0 0.0003803412027991726
797.0 0.0004684812665800564
798.0 0.0005109608082420891
799.0 0.0005534403499041218
800.0 0.0005501074610947398
801.0 0.0005467747087095631
802.0 0.0004435265964275459
803.0 0.0003402785750949988
804.0 0.0002776020437522675
805.0 0.00021492560335900635
806.0 0.0002862801920855418
807.0 0.00035763480354944477
808.0 0.00040966251617646776
809.0 0.0004616902515408583
810.0 0.00042881447370746173
811.0 0.000395938604924595
812.0 0.0003348143081893795
813.0 0.00027368996597942896
814.0 0.0003248028406233061
815.0 0.0003759157380045508
816.0 0.0004662407263822388
817.0 0.0005565656465478241
818.0 0.00040759546209301334
819.0 0.00025862534585030517
820.0 0.0003789255970332306
821.0 0.0004992257345293183
822.0 0.00041593698369979393
823.0 0.00033264816465816693
824.0 0.00041376888475497253
825.0 0.0004948894911649404
826.0 0.00062190820244723
827.0 0.0007489268682547845
828.0 0.0006530486643896438
829.0 0.000557170415049768
830.0 0.0004634925517166266
831.0 0.00036981466564611765
832.0 0.0005520231297850842
833.0 0.000734231480237213
834.0 0.000627233066552435
835.0 0.000520234607392922
836.0 0.0005670339760399656
837.0 0.0006138333446870092
838.0 0.0005357692771212896
839.0 0.00045770520955557004
840.0 0.0005557446911552688
841.0 0.0006537840818054974
842.0 0.000383481665267027
843.0 0.00011317918051645393
844.0 0.00013726206589126377
845.0 0.00016134500810949248
846.0 0.00042809779188246466
847.0 0.0006948506779735908
848.0 0.0006165062131913146
849.0 0.0005381617484090384
850.0 0.000544861677553854
851.0 0.0005515615157491993
852.0 0.0005975540261715651
853.0 0.0006435462182707852
854.0 0.0006321513865259476
855.0 0.0006207563728821697
856.0 0.0006045928785169963
857.0 0.0005884293841518229
858.0 0.000596894778936985
859.0 0.0006053601282474119
860.0 0.0005641596999339527
861.0 0.0005229592261457583
862.0 0.0005285346560413018
863.0 0.0005341100859368453
864.0 0.00048230454012809787
865.0 0.00043049899431935046
866.0 0.00045132555896998383
867.0 0.0004721520781458821
868.0 0.0006077652415115153
869.0 0.0007433783594024135
870.0 0.000649084859105642
871.0 0.0005547911769099301
872.0 0.00045043902900943067
873.0 0.00034608681289682863
874.0 0.0003966827989643207
875.0 0.0004472787622944452
876.0 0.0005630050054605817
877.0 0.0006787311576772481
878.0 0.0006525014669023221
879.0 0.0006262717306526611
880.0 0.0006101989129092544
881.0 0.0005941264134889934
882.0 0.00048100246203830466
883.0 0.00036787873796129134
884.0 0.0004769801762449788
885.0 0.0005860817964276066
886.0 0.000693777110427618
887.0 0.0008014726518013049
888.0 0.0006412521543097682
889.0 0.00048103174776770175
890.0 0.0005354409950086847
891.0 0.0005898503786738729
892.0 0.0005536012395168655
893.0 0.0005173522367840633
894.0 0.0004895732217846671
895.0 0.00046179425226000603
896.0 0.0002695342118386179
897.0 7.727416573288792e-05
898.0 0.00019205128864996368
899.0 0.00030682838314533
900.0 0.00032276075216941535
901.0 0.0003386931211935007
902.0 0.0005153730398888001
903.0 0.000692052935846732
904.0 0.0004171799446339719
905.0 0.00014230694205252803
906.0 0.000329425347445067
