ts8/qe_curve/rtm-011_s02/19700101T000000.ecsv
# %ECSV 0.9
# ---
# datatype:
# - {name: amp_name, datatype: string}
# - {name: wavelength, unit: nm, datatype: float32}
# - {name: efficiency, unit: '%', datatype: float32}
# meta: !!omap
# - {MODE: AMP}
# - {TYPE: QE}
# - {CALIBDATE: '1970-01-01T00:00:00'}
# - {INSTRUME: TS8}
# - {OBSTYPE: qe_curve}
# - {DETECTOR: 74}
# - {PICKLEFILE: RaftRun10861.p}
# - {CALIB_ID: 'raftName=RTM-011 detectorName=S02 detector=74 calibDate=1970-01-01T00:00:00 ccd=74 ccdnum=74 filter=None'}
# - {DATE: '2020-01-03T18:08:37.836202'}
# - {CALIB_CREATION_DATE: '2020-01-03'}
# - {CALIB_CREATION_TIME: '18:08:37'}
# - __serialized_columns__:
#     efficiency:
#       __class__: astropy.units.quantity.Quantity
#       unit: !astropy.units.Unit {unit: '%'}
#       value: !astropy.table.SerializedColumn {name: efficiency}
#     wavelength:
#       __class__: astropy.units.quantity.Quantity
#       unit: !astropy.units.Unit {unit: nm}
#       value: !astropy.table.SerializedColumn {name: wavelength}
# schema: astropy-2.0
amp_name wavelength efficiency
C13 319.994 49.242157
C13 324.969 51.244865
C13 349.982 61.340687
C13 374.975 75.158745
C13 400.019 84.72363
C13 424.965 85.48199
C13 450.035 84.9522
C13 475.003 85.075005
C13 500.018 85.56176
C13 525.002 86.40976
C13 550.029 87.82166
C13 575.023 89.25459
C13 599.982 91.129326
C13 619.997 91.87646
C13 624.979 92.18993
C13 650.012 93.51859
C13 675.004 94.628685
C13 700.03 95.54287
C13 725.012 96.56769
C13 750.022 98.34736
C13 774.987 99.95552
C13 799.976 100.23612
C13 824.988 99.184074
C13 850.022 97.66693
C13 869.967 94.75337
C13 875.002 93.677925
C13 899.999 85.8935
C13 919.999 76.90099
C13 925.012 74.12694
C13 949.965 61.780167
C13 975.002 47.26861
C13 999.976 30.052832
C13 1025.028 14.661514
C13 1050.014 5.809848
C13 1075.002 3.1298862
C13 1099.99 2.2212842
C12 319.994 48.73044
C12 324.969 50.689266
C12 349.982 60.689144
C12 374.975 74.74799
C12 400.019 84.52462
C12 424.965 85.35828
C12 450.035 84.832184
C12 475.003 84.92781
C12 500.018 85.38036
C12 525.002 86.18297
C12 550.029 87.5513
C12 575.023 88.94809
C12 599.982 90.7975
C12 619.997 91.534485
C12 624.979 91.849335
C12 650.012 93.17402
C12 675.004 94.289665
C12 700.03 95.221794
C12 725.012 96.27267
C12 750.022 98.07648
C12 774.987 99.70575
C12 799.976 99.98844
C12 824.988 98.94099
C12 850.022 97.38685
C12 869.967 94.424576
C12 875.002 93.342
C12 899.999 85.51547
C12 919.999 76.56186
C12 925.012 73.79712
C12 949.965 61.443787
C12 975.002 46.90497
C12 999.976 29.76876
C12 1025.028 14.5257
C12 1050.014 5.770102
C12 1075.002 3.1032844
C12 1099.99 2.2055187
C06 319.994 48.524155
C06 324.969 50.442585
C06 349.982 60.37835
C06 374.975 74.8434
C06 400.019 84.99623
C06 424.965 85.94489
C06 450.035 85.444565
C06 475.003 85.5494
C06 500.018 85.9846
C06 525.002 86.755714
C06 550.029 88.06801
C06 575.023 89.40715
C06 599.982 91.22961
C06 619.997 91.9589
C06 624.979 92.27004
C06 650.012 93.61127
C06 675.004 94.762375
C06 700.03 95.60776
C06 725.012 96.46589
C06 750.022 98.01336
C06 774.987 99.39351
C06 799.976 99.56861
C06 824.988 98.483154
C06 850.022 96.79036
C06 869.967 94.03313
C06 875.002 93.01757
C06 899.999 85.42116
C06 919.999 76.32965
C06 925.012 73.45323
C06 949.965 60.10215
C06 975.002 45.94814
C06 999.976 29.645502
C06 1025.028 14.297616
C06 1050.014 5.865953
C06 1075.002 3.1691673
C06 1099.99 2.157485
C10 319.994 48.01668
C10 324.969 49.907585
C10 349.982 59.787533
C10 374.975 74.27168
C10 400.019 84.43605
C10 424.965 85.373856
C10 450.035 84.8071
C10 475.003 84.82365
C10 500.018 85.19844
C10 525.002 85.94377
C10 550.029 87.26404
C10 575.023 88.62285
C10 599.982 90.449745
C10 619.997 91.183075
C10 624.979 91.49415
C10 650.012 92.82616
C10 675.004 93.96268
C10 700.03 94.90384
C10 725.012 95.92884
C10 750.022 97.68842
C10 774.987 99.24163
C10 799.976 99.48222
C10 824.988 98.38847
C10 850.022 96.661125
C10 869.967 93.71617
C10 875.002 92.6718
C10 899.999 84.93157
C10 919.999 75.85899
C10 925.012 73.02525
C10 949.965 60.108074
C10 975.002 45.63918
C10 999.976 29.10124
C10 1025.028 14.238922
C10 1050.014 5.653603
C10 1075.002 3.0792615
C10 1099.99 2.1523027
C07 319.994 48.216
C07 324.969 50.10114
C07 349.982 60.01125
C07 374.975 74.67432
C07 400.019 84.9849
C07 424.965 85.95787
C07 450.035 85.41695
C07 475.003 85.46157
C07 500.018 85.846054
C07 525.002 86.583374
C07 550.029 87.875565
C07 575.023 89.203125
C07 599.982 91.01438
C07 619.997 91.74303
C07 624.979 92.05744
C07 650.012 93.39739
C07 675.004 94.55565
C07 700.03 95.39296
C07 725.012 96.22055
C07 750.022 97.726006
C07 774.987 99.06296
C07 799.976 99.24471
C07 824.988 98.205864
C07 850.022 96.589195
C07 869.967 93.88615
C07 875.002 92.89148
C07 899.999 85.46321
C07 919.999 76.411095
C07 925.012 73.52614
C07 949.965 60.16629
C07 975.002 46.16966
C07 999.976 29.670286
C07 1025.028 14.428444
C07 1050.014 5.8784976
C07 1075.002 3.1991348
C07 1099.99 2.176404
C16 319.994 50.2074
C16 324.969 52.32735
C16 349.982 62.5881
C16 374.975 75.637505
C16 400.019 84.559395
C16 424.965 85.15714
C16 450.035 84.68809
C16 475.003 84.93784
C16 500.018 85.567795
C16 525.002 86.537674
C16 550.029 88.04829
C16 575.023 89.549576
C16 599.982 91.462906
C16 619.997 92.21807
C16 624.979 92.53657
C16 650.012 93.84786
C16 675.004 94.92745
C16 700.03 95.774376
C16 725.012 96.68114
C16 750.022 98.31375
C16 774.987 99.782616
C16 799.976 99.97783
C16 824.988 98.942955
C16 850.022 97.46934
C16 869.967 94.63447
C16 875.002 93.589134
C16 899.999 85.97067
C16 919.999 77.15554
C16 925.012 74.4164
C16 949.965 62.012753
C16 975.002 47.565136
C16 999.976 30.293652
C16 1025.028 14.722998
C16 1050.014 5.8379073
C16 1075.002 3.166688
C16 1099.99 2.2233455
C03 319.994 49.71733
C03 324.969 51.75892
C03 349.982 61.977146
C03 374.975 75.63719
C03 400.019 85.05729
C03 424.965 85.74612
C03 450.035 85.24153
C03 475.003 85.415474
C03 500.018 85.95548
C03 525.002 86.84344
C03 550.029 88.28361
C03 575.023 89.73924
C03 599.982 91.62998
C03 619.997 92.38391
C03 624.979 92.69651
C03 650.012 94.047165
C03 675.004 95.1593
C03 700.03 95.929054
C03 725.012 96.67313
C03 750.022 98.09572
C03 774.987 99.35431
C03 799.976 99.48132
C03 824.988 98.40984
C03 850.022 96.70917
C03 869.967 93.89557
C03 875.002 92.879654
C03 899.999 85.54989
C03 919.999 76.6293
C03 925.012 73.835144
C03 949.965 60.678997
C03 975.002 46.149834
C03 999.976 29.954521
C03 1025.028 14.501643
C03 1050.014 5.900261
C03 1075.002 3.1999645
C03 1099.99 2.1881037
C05 319.994 48.851048
C05 324.969 50.799023
C05 349.982 60.795963
C05 374.975 75.001465
C05 400.019 84.93995
C05 424.965 85.825035
C05 450.035 85.342705
C05 475.003 85.48588
C05 500.018 85.95866
C05 525.002 86.761375
C05 550.029 88.10258
C05 575.023 89.4622
C05 599.982 91.29597
C05 619.997 92.02732
C05 624.979 92.34171
C05 650.012 93.68144
C05 675.004 94.819496
C05 700.03 95.647606
C05 725.012 96.48761
C05 750.022 98.023766
C05 774.987 99.39282
C05 799.976 99.563446
C05 824.988 98.468056
C05 850.022 96.73342
C05 869.967 93.943016
C05 875.002 92.9163
C05 899.999 85.35046
C05 919.999 76.284134
C05 925.012 73.44026
C05 949.965 60.193707
C05 975.002 45.85301
C05 999.976 29.645996
C05 1025.028 14.2982235
C05 1050.014 5.8568335
C05 1075.002 3.1633115
C05 1099.99 2.162678
C04 319.994 49.291348
C04 324.969 51.286827
C04 349.982 61.400097
C04 374.975 75.315216
C04 400.019 84.97559
C04 424.965 85.75506
C04 450.035 85.25866
C04 475.003 85.415054
C04 500.018 85.91882
C04 525.002 86.761475
C04 550.029 88.15375
C04 575.023 89.56213
C04 599.982 91.42541
C04 619.997 92.16775
C04 624.979 92.480156
C04 650.012 93.82597
C04 675.004 94.95128
C04 700.03 95.746475
C04 725.012 96.54526
C04 750.022 98.0289
C04 774.987 99.34869
C04 799.976 99.49961
C04 824.988 98.41378
C04 850.022 96.67826
C04 869.967 93.86612
C04 875.002 92.8406
C04 899.999 85.390045
C04 919.999 76.38669
C04 925.012 73.572365
C04 949.965 60.4012
C04 975.002 45.916916
C04 999.976 29.742657
C04 1025.028 14.384633
C04 1050.014 5.862038
C04 1075.002 3.1687448
C04 1099.99 2.1745417
C15 319.994 49.75444
C15 324.969 51.832775
C15 349.982 62.032482
C15 374.975 75.357666
C15 400.019 84.5035
C15 424.965 85.1527
C15 450.035 84.655876
C15 475.003 84.855705
C15 500.018 85.434044
C15 525.002 86.36209
C15 550.029 87.84462
C15 575.023 89.32868
C15 599.982 91.23083
C15 619.997 91.98349
C15 624.979 92.29949
C15 650.012 93.62719
C15 675.004 94.71492
C15 700.03 95.5869
C15 725.012 96.53404
C15 750.022 98.21943
C15 774.987 99.74236
C15 799.976 99.971886
C15 824.988 98.934425
C15 850.022 97.45991
C15 869.967 94.614944
C15 875.002 93.56201
C15 899.999 85.926575
C15 919.999 77.06621
C15 925.012 74.31991
C15 949.965 61.927406
C15 975.002 47.464447
C15 999.976 30.23314
C15 1025.028 14.732566
C15 1050.014 5.831755
C15 1075.002 3.1554058
C15 1099.99 2.2257056
C14 319.994 49.400795
C14 324.969 51.431576
C14 349.982 61.561954
C14 374.975 75.13045
C14 400.019 84.48011
C14 424.965 85.17876
C14 450.035 84.661545
C14 475.003 84.81631
C14 500.018 85.346634
C14 525.002 86.23158
C14 550.029 87.67838
C14 575.023 89.13558
C14 599.982 91.020195
C14 619.997 91.7682
C14 624.979 92.08185
C14 650.012 93.40965
C14 675.004 94.50716
C14 700.03 95.398766
C14 725.012 96.3836
C14 750.022 98.1202
C14 774.987 99.685905
C14 799.976 99.94271
C14 824.988 98.903366
C14 850.022 97.41984
C14 869.967 94.56116
C14 875.002 93.49955
C14 899.999 85.81016
C14 919.999 76.87672
C14 925.012 74.11936
C14 949.965 61.780792
C14 975.002 47.320145
C14 999.976 30.136738
C14 1025.028 14.709163
C14 1050.014 5.822941
C14 1075.002 3.1470149
C14 1099.99 2.2255065
C17 319.994 50.55955
C17 324.969 52.73243
C17 349.982 63.086586
C17 374.975 75.844574
C17 400.019 84.51089
C17 424.965 85.03055
C17 450.035 84.58601
C17 475.003 84.894325
C17 500.018 85.58477
C17 525.002 86.60882
C17 550.029 88.156136
C17 575.023 89.68005
C17 599.982 91.60411
C17 619.997 92.364174
C17 624.979 92.68187
C17 650.012 93.99027
C17 675.004 95.05632
C17 700.03 95.88984
C17 725.012 96.755684
C17 750.022 98.33241
C17 774.987 99.75666
C17 799.976 99.9185
C17 824.988 98.88631
C17 850.022 97.41521
C17 869.967 94.55006
C17 875.002 93.497955
C17 899.999 85.75579
C17 919.999 76.89939
C17 925.012 74.17545
C17 949.965 61.960648
C17 975.002 47.56082
C17 999.976 30.284403
C17 1025.028 14.67919
C17 1050.014 5.7983093
C17 1075.002 3.1478474
C17 1099.99 2.1990826
C11 319.994 48.39431
C11 324.969 50.3309
C11 349.982 60.282963
C11 374.975 74.58909
C11 400.019 84.55981
C11 424.965 85.456924
C11 450.035 84.911156
C11 475.003 84.97066
C11 500.018 85.386055
C11 525.002 86.16193
C11 550.029 87.50351
C11 575.023 88.88762
C11 599.982 90.734245
C11 619.997 91.47441
C11 624.979 91.78741
C11 650.012 93.10801
C11 675.004 94.238525
C11 700.03 95.18799
C11 725.012 96.24431
C11 750.022 98.05231
C11 774.987 99.66435
C11 799.976 99.92664
C11 824.988 98.863174
C11 850.022 97.2308
C11 869.967 94.26356
C11 875.002 93.20196
C11 899.999 85.41244
C11 919.999 76.40676
C11 925.012 73.59306
C11 949.965 60.945065
C11 975.002 46.4057
C11 999.976 29.485111
C11 1025.028 14.410053
C11 1050.014 5.735636
C11 1075.002 3.091442
C11 1099.99 2.18389
C01 319.994 50.44481
C01 324.969 52.56409
C01 349.982 62.88627
C01 374.975 76.01913
C01 400.019 85.02842
C01 424.965 85.616035
C01 450.035 85.15525
C01 475.003 85.417534
C01 500.018 86.05419
C01 525.002 87.02674
C01 550.029 88.53476
C01 575.023 90.03382
C01 599.982 91.952446
C01 619.997 92.71165
C01 624.979 93.03234
C01 650.012 94.372574
C01 675.004 95.4617
C01 700.03 96.18202
C01 725.012 96.82153
C01 750.022 98.10962
C01 774.987 99.24288
C01 799.976 99.31094
C01 824.988 98.2698
C01 850.022 96.63693
C01 869.967 93.85965
C01 875.002 92.87414
C01 899.999 85.74152
C01 919.999 77.00043
C01 925.012 74.24834
C01 949.965 61.123466
C01 975.002 46.5283
C01 999.976 30.279043
C01 1025.028 14.63871
C01 1050.014 5.930406
C01 1075.002 3.2451618
C01 1099.99 2.1912675
C02 319.994 50.02374
C02 324.969 52.10021
C02 349.982 62.37329
C02 374.975 75.780396
C02 400.019 84.994835
C02 424.965 85.6306
C02 450.035 85.14163
C02 475.003 85.35229
C02 500.018 85.939995
C02 525.002 86.86886
C02 550.029 88.34453
C02 575.023 89.82515
C02 599.982 91.731865
C02 619.997 92.49158
C02 624.979 92.80777
C02 650.012 94.15435
C02 675.004 95.2569
C02 700.03 95.99872
C02 725.012 96.68696
C02 750.022 98.04098
C02 774.987 99.239494
C02 799.976 99.34004
C02 824.988 98.279915
C02 850.022 96.61487
C02 869.967 93.83309
C02 875.002 92.83711
C02 899.999 85.60958
C02 919.999 76.77383
C02 925.012 74.00634
C02 949.965 60.870853
C02 975.002 46.33953
C02 999.976 30.124096
C02 1025.028 14.570068
C02 1050.014 5.9205227
C02 1075.002 3.2184725
C02 1099.99 2.186973
C00 319.994 50.62482
C00 324.969 52.78833
C00 349.982 63.167114
C00 374.975 75.95694
C00 400.019 84.6711
C00 424.965 85.17918
C00 450.035 84.743065
C00 475.003 85.06264
C00 500.018 85.75736
C00 525.002 86.772675
C00 550.029 88.30455
C00 575.023 89.81971
C00 599.982 91.737724
C00 619.997 92.49584
C00 624.979 92.81582
C00 650.012 94.14325
C00 675.004 95.22288
C00 700.03 95.9168
C00 725.012 96.50338
C00 750.022 97.722206
C00 774.987 98.7934
C00 799.976 98.832436
C00 824.988 97.816536
C00 850.022 96.215836
C00 869.967 93.422005
C00 875.002 92.432434
C00 899.999 85.37726
C00 919.999 76.769005
C00 925.012 74.04482
C00 949.965 61.101307
C00 975.002 46.50501
C00 999.976 30.210997
C00 1025.028 14.653192
C00 1050.014 5.8711004
C00 1075.002 3.2235224
C00 1099.99 2.175883
