lsstCam/transmission_filter_detector/r20_s12/i_39/19700101T000000.ecsv
# %ECSV 1.0
# ---
# datatype:
# - {name: wavelength, unit: nm, datatype: float32}
# - {name: efficiency, unit: '%', datatype: float64}
# meta: !!omap
# - {MODE: DETECTOR}
# - {TYPE: transmission_filter_detector}
# - {CALIBDATE: '1970-01-01T00:00:00'}
# - {INSTRUME: LSSTCam}
# - {OBSTYPE: transmission_filter_detector}
# - {CALIBCLS: lsst.ip.isr.IntermediateFilterDetectorTransmissionCurve}
# - {SOURCE: Materion (DM-46256)}
# - {DETECTOR: 77}
# - {FILTER: i_39}
# - {CALIB_ID: 'calibDate=1970-01-01T00:00:00 filter=i_39 detector=77'}
# - {DATE: '2025-04-02T15:59:46.836225'}
# - {CALIB_CREATION_DATE: '2025-04-02'}
# - {CALIB_CREATION_TIME: '15:59:46'}
# - __serialized_columns__:
#     efficiency:
#       __class__: astropy.units.quantity.Quantity
#       unit: !astropy.units.Unit {unit: '%'}
#       value: !astropy.table.SerializedColumn {name: efficiency}
#     wavelength:
#       __class__: astropy.units.quantity.Quantity
#       unit: !astropy.units.Unit {unit: nm}
#       value: !astropy.table.SerializedColumn {name: wavelength}
# schema: astropy-2.0
wavelength efficiency
[from data line 600]
900.0 1.602435740523378e-10
901.0 1.602435740523378e-10
902.0 1.602435740523378e-10
903.0 1.602435740523378e-10
904.0 1.602435740523378e-10
905.0 1.602435740523378e-10
906.0 3.9718054267723346e-05
907.0 0.00012305865766393254
908.0 0.00020639924969145795
909.0 7.197987201834621e-05
910.0 1.602435740523378e-10
911.0 1.602435740523378e-10
912.0 4.973619525117101e-05
913.0 0.00010152001550522982
914.0 0.00015330385849665618
915.0 2.527397384710639e-05
916.0 1.602435740523378e-10
917.0 1.602435740523378e-10
918.0 1.602435740523378e-10
919.0 1.602435740523378e-10
920.0 1.602435740523378e-10
921.0 1.8504428211940649e-06
922.0 2.0484600327108637e-05
923.0 1.602435740523378e-10
924.0 1.602435740523378e-10
925.0 0.00010419061027278076
926.0 0.00034534448332124157
927.0 5.895080334994418e-05
928.0 1.602435740523378e-10
929.0 1.602435740523378e-10
930.0 0.00014803716794631328
931.0 0.00014658802456324338
932.0 0.0001451388698114897
933.0 7.540634214819875e-05
934.0 5.673855696386454e-06
935.0 1.602435740523378e-10
936.0 1.602435740523378e-10
937.0 1.602435740523378e-10
938.0 1.602435740523378e-10
939.0 1.602435740523378e-10
940.0 1.602435740523378e-10
941.0 1.602435740523378e-10
942.0 1.3641184182233701e-05
943.0 1.602435740523378e-10
944.0 1.602435740523378e-10
945.0 1.602435740523378e-10
946.0 1.602435740523378e-10
947.0 1.602435740523378e-10
948.0 1.602435740523378e-10
949.0 1.602435740523378e-10
950.0 1.602435740523378e-10
951.0 1.602435740523378e-10
952.0 2.1456705212585803e-05
953.0 1.2802730431360487e-06
954.0 1.602435740523378e-10
955.0 5.7893902294381405e-05
956.0 0.0001346839894722507
957.0 0.00011309963383610011
958.0 9.151526114692388e-05
959.0 2.116472614943632e-05
960.0 1.602435740523378e-10
961.0 4.51598793915764e-06
962.0 5.821778472636652e-05
963.0 8.371955573238665e-05
964.0 0.00010922134379143245
965.0 3.78079107576923e-05
966.0 1.602435740523378e-10
967.0 1.602435740523378e-10
968.0 1.602435740523378e-10
969.0 5.530110342988337e-05
970.0 0.00014847166767140152
971.0 2.388986786172609e-05
972.0 1.602435740523378e-10
973.0 4.224172300837381e-06
974.0 0.00010914026233876939
975.0 1.3519181152332749e-05
976.0 1.602435740523378e-10
977.0 1.602435740523378e-10
978.0 1.602435740523378e-10
979.0 1.602435740523378e-10
980.0 1.602435740523378e-10
981.0 1.602435740523378e-10
982.0 4.882054440713546e-05
983.0 4.134594178140105e-05
984.0 3.3871290838760615e-05
985.0 9.561432534610503e-05
986.0 0.0001573573626956204
987.0 1.602435740523378e-10
988.0 1.602435740523378e-10
989.0 1.602435740523378e-10
990.0 1.602435740523378e-10
991.0 1.602435740523378e-10
992.0 1.602435740523378e-10
993.0 1.602435740523378e-10
994.0 1.602435740523378e-10
995.0 1.602435740523378e-10
996.0 1.602435740523378e-10
997.0 6.557058327416598e-05
998.0 0.0002766225406958256
999.0 0.00025155454750347417
1000.0 0.00022648650883638766
1001.0 0.00016899433603612124
1002.0 0.00011150211776111973
1003.0 0.00014565476931238663
1004.0 0.000179807398126286
1005.0 1.382976080321896e-05
1006.0 1.602435740523378e-10
1007.0 1.602435740523378e-10
1008.0 0.0001302403006775421
1009.0 0.00018951201354866498
1010.0 0.00024878368094505277
1011.0 0.00025516926598356804
1012.0 0.00026155482828471577
1013.0 0.0002787817720673047
1014.0 0.0002960087385872612
1015.0 0.00029425646062009037
1016.0 0.0002925042053902871
1017.0 0.00033557309961906867
1018.0 0.0003786420847973204
1019.0 0.0002461942813170026
1020.0 0.00011374642099326593
1021.0 0.0002074400299534318
1022.0 0.00030113360480754636
1023.0 0.00048486513151146937
1024.0 0.0006685967036901275
1025.0 0.0005169249106984353
1026.0 0.000365253072232008
1027.0 0.0002934235908469418
1028.0 0.00022159410946187563
1029.0 0.0007681421266170219
1030.0 0.001314690143772168
1031.0 0.001753248398017604
1032.0 0.002191806379414629
1033.0 0.002516182757972274
1034.0 0.002840558772732038
1035.0 0.0032593114156043157
1036.0 0.0036780635127797723
1037.0 0.0035735240089707077
1038.0 0.0034689841413637623
1039.0 0.003085676144110039
1040.0 0.0027023686925531365
1041.0 0.002232683436886873
1042.0 0.0017629979993216693
1043.0 0.002429013875371311
1044.0 0.0030950297514209524
1045.0 0.003437381747062318
1046.0 0.0037797341065015644
1047.0 0.0034969430998899043
1048.0 0.003214152457076125
1049.0 0.0026660409275791608
1050.0 0.0021179292161832564
1051.0 0.0020919067537761293
1052.0 0.002065884655166883
1053.0 0.0015274054021574557
1054.0 0.0009889263310469687
1055.0 0.0008416760465479456
1056.0 0.0006944257620489225
1057.0 0.0005427128598967101
1058.0 0.00039100018511817325
1059.0 0.0006615647635044297
1060.0 0.0009321295692643616
1061.0 0.001340675134997582
1062.0 0.0017492206097813323
1063.0 0.002274843063787557
1064.0 0.0028004653358948417
1065.0 0.003175120218656957
1066.0 0.003549775283318013
1067.0 0.00430087347922381
1068.0 0.005051972038927488
1069.0 0.004316070408094674
1070.0 0.0035801687772618607
1071.0 0.003299263698863797
1072.0 0.0030183584385667928
1073.0 0.003150248812744394
1074.0 0.0032821390050230548
1075.0 0.003562237907317467
1076.0 0.0038423364458139986
1077.0 0.0030160883397911675
1078.0 0.002189840051869396
1079.0 0.0024169245079974644
1080.0 0.002644009146024473
1081.0 0.0014470465430349577
1082.0 0.0002500840309949126
1083.0 1.602435740523378e-10
1084.0 1.602435740523378e-10
1085.0 1.602435740523378e-10
1086.0 0.0005042500106355874
1087.0 0.00022238673409447074
1088.0 1.602435740523378e-10
1089.0 1.602435740523378e-10
1090.0 1.602435740523378e-10
1091.0 1.602435740523378e-10
1092.0 1.602435740523378e-10
1093.0 1.602435740523378e-10
1094.0 1.602435740523378e-10
1095.0 1.602435740523378e-10
1096.0 1.602435740523378e-10
1097.0 1.602435740523378e-10
1098.0 1.602435740523378e-10
1099.0 0.0005568678261624882
1100.0 0.0012112611329939682
