lsstCam/transmission_filter_detector/r20_s12/i_39/19700101T000000.ecsv
# %ECSV 1.0
# ---
# datatype:
# - {name: wavelength, unit: nm, datatype: float32}
# - {name: efficiency, unit: '%', datatype: float64}
# meta: !!omap
# - {MODE: DETECTOR}
# - {TYPE: transmission_filter_detector}
# - {CALIBDATE: '1970-01-01T00:00:00'}
# - {INSTRUME: LSSTCam}
# - {OBSTYPE: transmission_filter_detector}
# - {CALIBCLS: lsst.ip.isr.IntermediateFilterDetectorTransmissionCurve}
# - {SOURCE: Materion (DM-46256)}
# - {DETECTOR: 77}
# - {FILTER: i_39}
# - {CALIB_ID: 'calibDate=1970-01-01T00:00:00 filter=i_39 detector=77'}
# - {DATE: '2025-04-02T15:59:46.836225'}
# - {CALIB_CREATION_DATE: '2025-04-02'}
# - {CALIB_CREATION_TIME: '15:59:46'}
# - __serialized_columns__:
#     efficiency:
#       __class__: astropy.units.quantity.Quantity
#       unit: !astropy.units.Unit {unit: '%'}
#       value: !astropy.table.SerializedColumn {name: efficiency}
#     wavelength:
#       __class__: astropy.units.quantity.Quantity
#       unit: !astropy.units.Unit {unit: nm}
#       value: !astropy.table.SerializedColumn {name: wavelength}
# schema: astropy-2.0
wavelength efficiency
300.0 0.05610893713310361
301.0 0.024374719941988587
302.0 1.602435740523378e-10
303.0 0.02356634067837149
304.0 0.054492149502038956
305.0 0.035565803409554064
306.0 0.016639457317069173
307.0 0.00431132830271963
308.0 1.602435740523378e-10
309.0 1.602435740523378e-10
310.0 1.602435740523378e-10
311.0 1.602435740523378e-10
312.0 0.003642570663942024
313.0 0.0007537975307059241
314.0 1.602435740523378e-10
315.0 1.602435740523378e-10
316.0 1.602435740523378e-10
317.0 1.602435740523378e-10
318.0 0.0002592377313703764
319.0 1.602435740523378e-10
320.0 1.602435740523378e-10
321.0 1.602435740523378e-10
322.0 0.0007189089046732988
323.0 1.602435740523378e-10
324.0 1.602435740523378e-10
325.0 1.602435740523378e-10
326.0 1.602435740523378e-10
327.0 1.602435740523378e-10
328.0 1.602435740523378e-10
329.0 1.602435740523378e-10
330.0 1.602435740523378e-10
331.0 0.0011829283721453976
332.0 0.002670733374543488
333.0 0.002079374280583579
334.0 0.0014880151866236702
335.0 0.0018010467101703398
336.0 0.0021140782337170094
337.0 0.0024161796318367124
338.0 0.0027182804842595942
339.0 0.0024351187676074915
340.0 0.0021519574147532694
341.0 0.0008487931154377293
342.0 1.602435740523378e-10
343.0 3.558764944955328e-05
344.0 0.0005255467385723023
345.0 3.664114842649724e-05
346.0 1.602435740523378e-10
347.0 1.602435740523378e-10
348.0 1.602435740523378e-10
349.0 1.602435740523378e-10
350.0 0.0012946538845426403
351.0 0.001048591821017908
352.0 0.0008025299393921159
353.0 1.602435740523378e-10
354.0 1.602435740523378e-10
355.0 1.602435740523378e-10
356.0 1.602435740523378e-10
357.0 0.0003964920324506238
358.0 0.0009160345143754967
359.0 0.0010755866242107004
360.0 0.0012351385521469638
361.0 0.0011648490726656746
362.0 0.0010945595931843854
363.0 0.0007872064998082351
364.0 0.0004798534973815549
365.0 0.0011428653124312405
366.0 0.0018058774003293365
367.0 0.0009949683771992568
368.0 0.00018405919490760425
369.0 0.000653054939903086
370.0 0.0011220506166864652
371.0 0.001240903111465741
372.0 0.0013597556971944869
373.0 0.001255047845916124
374.0 0.0011503399946377613
375.0 0.0008548585356038529
376.0 0.000559376758246799
377.0 0.00030375790629477706
378.0 4.813896339328494e-05
379.0 1.602435740523378e-10
380.0 1.602435740523378e-10
381.0 1.602435740523378e-10
382.0 1.602435740523378e-10
383.0 0.0003599644514906686
384.0 0.00093733560788678
385.0 0.0010152455615752842
386.0 0.0010931555152637884
387.0 0.00010557573659752961
388.0 1.602435740523378e-10
389.0 1.602435740523378e-10
390.0 1.602435740523378e-10
391.0 0.00024749299427639926
392.0 0.0009335270988231059
393.0 0.0007118569556041621
394.0 0.0004901867669104831
395.0 0.00022081712813815102
396.0 1.602435740523378e-10
397.0 0.000306099423141859
398.0 0.000660751311443164
399.0 0.00038651146496704314
400.0 0.00011227161849092226
401.0 0.0014837383787380531
402.0 0.002855204002116807
403.0 0.003737495353561826
404.0 0.004619786705006845
405.0 0.003981604095315561
406.0 0.0033434211218263954
407.0 0.0023377455363515764
408.0 0.0013320684956852347
409.0 0.0012151635019108653
410.0 0.0010982573257933836
411.0 0.00326859881170094
412.0 0.005438941298052669
413.0 0.005285022780299187
414.0 0.005131105353939347
415.0 0.005510148548637517
416.0 0.005889191379537806
417.0 0.004607920709531754
418.0 0.003326649675727822
419.0 0.0033474778319941834
420.0 0.0033683063520584255
421.0 0.0038436777686001733
422.0 0.004319049548939802
423.0 0.004366374923847616
424.0 0.00441370029875543
425.0 0.004845659350394271
426.0 0.005277617310639471
427.0 0.004741560042020865
428.0 0.004205502409604378
429.0 0.00438552706327755
430.0 0.0045655524445464835
431.0 0.0038819925975985825
432.0 0.003198433478246443
433.0 0.0031465944630326703
434.0 0.0030947558116167784
435.0 0.0023482351025450043
436.0 0.0016017143934732303
437.0 0.0016883586795302108
438.0 0.001775002783688251
439.0 0.0017933329218067229
440.0 0.0018116628780262545
441.0 0.001387143856845796
442.0 0.0009626251085137483
443.0 0.0007719062523392495
444.0 0.0005811876235384261
445.0 0.0004056010311614955
446.0 0.0002300146206835052
447.0 0.00016295547311528935
448.0 9.589621186023578e-05
449.0 1.602435740523378e-10
450.0 1.602435740523378e-10
451.0 4.5952123173265136e-05
452.0 0.00048476381380169187
453.0 0.0008982554390968289
454.0 0.0013117474736645818
455.0 0.0013975335605209693
456.0 0.001483319738326827
457.0 0.0008600437467976008
458.0 0.00023676780074310955
459.0 0.0003385695890756324
460.0 0.0004403711955092149
461.0 0.0006650839168287348
462.0 0.0008897965926735196
463.0 0.0006789466624468332
464.0 0.00046809659579594154
465.0 0.0004056502348248614
466.0 0.00034320376016694354
467.0 0.0004495149369176943
468.0 0.0005558260909310775
469.0 0.00023167478957475396
470.0 1.602435740523378e-10
471.0 0.00011626269724729354
472.0 0.00032500183806405403
473.0 0.0004646088200388476
474.0 0.0006042159384378465
475.0 0.00041335902096761856
476.0 0.00022250230813369853
477.0 0.0007437006843247218
478.0 0.0012648990377783775
479.0 0.0011765891940740403
480.0 0.001088279350369703
481.0 0.0021939853468211368
482.0 0.0032996907975757495
483.0 0.004847862874157727
484.0 0.006396035314537585
485.0 0.006806010060245171
486.0 0.007215985533548519
487.0 0.010407155787106603
488.0 0.013598323857877403
489.0 0.01656953536439687
490.0 0.019540745415724814
491.0 0.021746777929365635
492.0 0.023952808987814933
493.0 0.025524149532429874
494.0 0.027095491532236338
495.0 0.024459735141135752
496.0 0.021823974384460598
497.0 0.01818839809857309
498.0 0.014552821812685579
499.0 0.010172079782932997
500.0 0.005791337025584653
501.0 0.0040131846617441624
502.0 0.002235032297903672
503.0 0.0024079221475403756
504.0 0.002580811815278139
505.0 0.0022032823835616
506.0 0.0018257527699461207
507.0 0.001930948201334104
508.0 0.0020361432689242065
509.0 0.0022342830561683513
510.0 0.002432422843412496
511.0 0.001996811442950275
512.0 0.001561199860589113
513.0 0.0017574495359440334
514.0 0.0019536992112989537
515.0 0.0022740825443179347
516.0 0.0025944658773369156
517.0 0.002379531906626653
518.0 0.0021645981178153306
519.0 0.0022139014618005604
520.0 0.00226320480578579
521.0 0.001917624285852071
522.0 0.001572043947817292
523.0 0.001673310725891497
524.0 0.0017745776858646423
525.0 0.0022663318304694258
526.0 0.0027580859750742093
527.0 0.002601080086606089
528.0 0.0024440741981379688
529.0 0.002249848512292374
530.0 0.002055622826446779
531.0 0.0019049066395382397
532.0 0.0017541906345286407
533.0 0.001745457666402217
534.0 0.0017367248801747337
535.0 0.0018371169062447734
536.0 0.0019375087504158728
537.0 0.002353197669435758
538.0 0.002768886406556703
539.0 0.003441805165493861
540.0 0.004114724288228899
541.0 0.004867544339504093
542.0 0.005620364390779287
543.0 0.0052625218813773245
544.0 0.004904679371975362
545.0 0.004019457628601231
546.0 0.003134235885227099
547.0 0.002501178823877126
548.0 0.0018681215806282125
549.0 0.0018203027138952166
550.0 0.0017724843928590417
551.0 0.0016064477676991373
552.0 0.0014404114153876435
553.0 0.0014872409337840509
554.0 0.0015340699974331073
555.0 0.0011584133972064592
556.0 0.0007827566150808707
557.0 0.000793973322288366
558.0 0.0008051902113948017
559.0 0.0004322274890000699
560.0 5.92648405017826e-05
561.0 0.0007040639047772856
562.0 0.0013488630429492332
563.0 0.0014147604815661907
564.0 0.0014806580111326184
565.0 0.0013552293239627033
566.0 0.0012298008186917286
567.0 0.001090238401957322
568.0 0.0009506762580713257
569.0 0.0008861613423505332
570.0 0.0008216466085286811
571.0 0.0005185294867260382
572.0 0.00021541238766076276
573.0 0.0003084255240537459
574.0 0.0004014386377093615
575.0 0.00047277885641960893
576.0 0.0005441190296551213
577.0 0.0006349932846205775
578.0 0.0007258674941112986
579.0 0.0004471381544135511
580.0 0.00016840880334711983
581.0 0.0002278265128552448
582.0 0.00028724418825731846
583.0 0.00047885000640235376
584.0 0.0006704557108605513
585.0 0.0006555732852575602
586.0 0.0006406910415535094
587.0 0.0006941113042557845
588.0 0.0007475313850591192
589.0 0.000691400418872945
590.0 0.0006352694981615059
591.0 0.0008098357284325175
592.0 0.0009844021406024694
593.0 0.0007517366157117067
594.0 0.0005190710453462088
595.0 0.000615800036030123
596.0 0.000712528935764567
597.0 0.0005542010967474198
598.0 0.0003958733032050077
599.0 0.0003342620175317279
600.0 0.0002726506636463455
601.0 0.0003363344376339228
602.0 0.00040001814340939745
603.0 0.0003991010999015998
604.0 0.0003981840109190671
605.0 0.000262131038653024
606.0 0.00012607810049303225
607.0 0.0003145029040751979
608.0 0.0005029276508139446
609.0 0.00048094552766997367
610.0 0.00045896322262706235
611.0 0.0005692730610462604
612.0 0.0006795829449401936
613.0 0.00048265947043546475
614.0 0.00028573604140547104
615.0 0.00010265861192237935
616.0 1.602435740523378e-10
617.0 0.00011891255553564406
618.0 0.00031824401958147064
619.0 0.0003326188107166672
620.0 0.0003469937155387015
621.0 0.00040497079680790193
622.0 0.0004629478553397348
623.0 0.0005373596650315449
624.0 0.00061177152019809
625.0 0.00045559040700027253
626.0 0.0002994094074892928
627.0 0.0002486875700924429
628.0 0.0001979657099582255
629.0 0.00028914121230627643
630.0 0.00038031671465432737
631.0 0.00042943033804476727
632.0 0.0004785439159604721
633.0 0.00040421537050860934
634.0 0.0003298867341072764
635.0 0.000417573983213515
636.0 0.0005052611413702834
637.0 0.000532233934791293
638.0 0.0005592066372628324
639.0 0.0006161932105896994
640.0 0.0006731796474923613
641.0 0.0005976007287245011
642.0 0.0005220218099566409
643.0 0.0006957816822250606
644.0 0.0008695415999682155
645.0 0.000873106637300225
646.0 0.0008766717655817047
647.0 0.0008321018867718522
648.0 0.00078753218986094
649.0 0.0008125147360260598
650.0 0.0008374972821911797
651.0 0.000930421992961783
652.0 0.0010233467946818564
653.0 0.0011433792678872123
654.0 0.0012634117410925683
655.0 0.0016973866877378896
656.0 0.0021313615434337407
657.0 0.0031627543648937717
658.0 0.004194146458758041
659.0 0.006926821515662596
660.0 0.08341923239640892
661.0 0.09234914905391634
662.0 0.12291435850784183
663.0 0.09021149598993361
664.0 0.09243414388038218
665.0 0.15857821563258767
666.0 0.13345873448997736
667.0 0.18451857613399625
668.0 0.188818306196481
669.0 0.27544843032956123
670.0 0.3787137567996979
671.0 0.5723981652408838
672.0 0.8777689188718796
673.0 1.3480667024850845
674.0 2.060089260339737
675.0 2.959347330033779
676.0 4.007609933614731
677.0 5.289866030216217
678.0 6.6031813621521
679.0 8.03530290722847
680.0 9.940709173679352
681.0 11.972833424806595
682.0 14.4844189286232
683.0 17.210671305656433
684.0 20.162369310855865
685.0 23.01025092601776
686.0 25.986605882644653
687.0 29.261860251426697
688.0 32.47445523738861
689.0 35.84296107292175
690.0 39.715197682380676
691.0 43.8694030046463
692.0 48.8205760717392
693.0 54.019033908843994
694.0 59.97694134712219
695.0 65.622079372406
696.0 71.81532382965088
697.0 77.35335230827332
698.0 83.35358500480652
699.0 87.7889335155487
700.0 91.2373960018158
701.0 93.94946098327637
702.0 95.84416151046753
703.0 96.81076407432556
704.0 97.3045289516449
705.0 97.7038323879242
706.0 97.70222306251526
707.0 97.89541363716125
708.0 97.93745875358582
709.0 97.91644811630249
710.0 97.71602749824524
711.0 97.90260195732117
712.0 97.84247279167175
713.0 97.89935946464539
714.0 97.98566699028015
715.0 98.09167385101318
716.0 97.8997528553009
717.0 98.13178777694702
718.0 98.17723631858826
719.0 98.12309145927429
720.0 98.36995005607605
721.0 98.20724129676819
722.0 97.97267317771912
723.0 97.68894910812378
724.0 97.32915759086609
725.0 97.10134863853455
726.0 96.92665338516235
727.0 96.6290831565857
728.0 96.40725255012512
729.0 96.26486897468567
730.0 96.23419642448425
731.0 96.27528190612793
732.0 96.30585312843323
733.0 96.56590223312378
734.0 96.94448709487915
735.0 97.06300497055054
736.0 97.52591252326965
737.0 97.8743851184845
738.0 98.17106127738953
739.0 98.53345155715942
740.0 98.65087866783142
741.0 98.52110743522644
742.0 98.85413646697998
743.0 98.67907762527466
744.0 98.53594303131104
745.0 98.50346446037292
746.0 98.4200656414032
747.0 98.70122075080872
748.0 98.56829047203064
749.0 98.44020009040833
750.0 98.46669435501099
751.0 98.30324649810791
752.0 98.27341437339783
753.0 98.48981499671936
754.0 98.36441278457642
755.0 98.5139787197113
756.0 98.5704243183136
757.0 98.50502610206604
758.0 98.70214462280273
759.0 98.67261052131653
760.0 98.61060380935669
761.0 98.46465587615967
762.0 98.5939621925354
763.0 98.50614666938782
764.0 98.4118402004242
765.0 98.32919836044312
766.0 98.43571186065674
767.0 98.25747609138489
768.0 98.21691513061523
769.0 98.30503463745117
770.0 98.06209802627563
771.0 98.14056754112244
772.0 98.1113612651825
773.0 97.88318276405334
774.0 97.72146344184875
775.0 97.8784441947937
776.0 97.77328968048096
777.0 97.77059555053711
778.0 97.80104160308838
779.0 97.95436263084412
780.0 97.79000878334045
781.0 98.12924861907959
782.0 98.09399247169495
783.0 98.14171195030212
784.0 98.1928288936615
785.0 98.31028580665588
786.0 98.45078587532043
787.0 98.2318103313446
788.0 98.297780752182
789.0 98.377925157547
790.0 98.305344581604
791.0 98.3519971370697
792.0 98.18633794784546
793.0 98.14202189445496
794.0 98.03847074508667
795.0 97.88928031921387
796.0 97.93890118598938
797.0 97.97465801239014
798.0 97.88300395011902
799.0 97.77193665504456
800.0 97.54629731178284
801.0 97.63147234916687
802.0 97.45770692825317
803.0 97.28025794029236
804.0 96.99578881263733
805.0 96.57381176948547
806.0 95.98657488822937
807.0 95.08061408996582
808.0 93.91686916351318
809.0 92.52313375473022
810.0 90.93115329742432
811.0 88.82501721382141
812.0 86.33089661598206
813.0 83.43541026115417
814.0 80.0869345664978
815.0 76.30246877670288
816.0 72.41253852844238
817.0 67.94683337211609
818.0 63.00252676010132
819.0 58.68667960166931
820.0 53.82809638977051
821.0 49.37989413738251
822.0 44.98841166496277
823.0 40.435439348220825
824.0 35.753822326660156
825.0 31.543263792991638
826.0 27.11613178253174
827.0 22.508534789085388
828.0 18.382081389427185
829.0 14.379385113716125
830.0 10.453902184963226
831.0 7.5988806784152985
832.0 4.992822930216789
833.0 3.109876811504364
834.0 1.8762227147817612
835.0 1.126018725335598
836.0 0.6572531070560217
837.0 0.3475126577541232
838.0 0.20800803322345018
839.0 0.09371399646624923
840.0 0.0419349642470479
841.0 0.023742624034639448
842.0 0.0021546342395595275
843.0 0.016492004215251654
844.0 0.010347316856496036
845.0 1.602435740523378e-10
846.0 1.602435740523378e-10
847.0 1.602435740523378e-10
848.0 1.602435740523378e-10
849.0 1.602435740523378e-10
850.0 1.602435740523378e-10
851.0 0.00034486697586544324
852.0 0.0007107968031050405
853.0 0.000629882106295554
854.0 0.0005489675004355377
855.0 0.0004907968104816973
856.0 0.00043262616600259207
857.0 0.0004356857971288264
858.0 0.00043874524635612033
859.0 0.0002091261194436811
860.0 1.602435740523378e-10
861.0 0.0002226448486908339
862.0 0.00046578270485042594
863.0 0.0002612649950606283
864.0 5.674737053595891e-05
865.0 1.602435740523378e-10
866.0 1.602435740523378e-10
867.0 1.602435740523378e-10
868.0 4.791303922502266e-05
869.0 1.602435740523378e-10
870.0 1.602435740523378e-10
871.0 1.914530258773084e-05
872.0 0.0001707295268715825
873.0 0.00017700840544421226
874.0 0.00018328730675420957
875.0 0.00015615551092196256
876.0 0.0001290237378270831
877.0 1.602435740523378e-10
878.0 1.602435740523378e-10
879.0 3.702173785313789e-05
880.0 0.00031715380828245543
881.0 0.0001136299601967039
882.0 1.602435740523378e-10
883.0 5.8158263982477365e-05
884.0 0.00020621037037926726
885.0 4.690719208610972e-05
886.0 1.602435740523378e-10
887.0 1.602435740523378e-10
888.0 4.234887001075549e-05
889.0 1.0946322248628348e-05
890.0 1.602435740523378e-10
891.0 1.602435740523378e-10
892.0 1.8724543693338092e-06
893.0 2.733942778831988e-05
894.0 5.280639925331343e-05
895.0 1.602435740523378e-10
896.0 1.602435740523378e-10
897.0 1.602435740523378e-10
898.0 1.602435740523378e-10
