lsstCam/transmission_filter_detector/r33_s00/y_10/19700101T000000.ecsv
# %ECSV 1.0
# ---
# datatype:
# - {name: wavelength, unit: nm, datatype: float32}
# - {name: efficiency, unit: '%', datatype: float64}
# meta: !!omap
# - {MODE: DETECTOR}
# - {TYPE: transmission_filter_detector}
# - {CALIBDATE: '1970-01-01T00:00:00'}
# - {INSTRUME: LSSTCam}
# - {OBSTYPE: transmission_filter_detector}
# - {CALIBCLS: lsst.ip.isr.IntermediateFilterDetectorTransmissionCurve}
# - {SOURCE: Materion (DM-46256)}
# - {DETECTOR: 144}
# - {FILTER: y_10}
# - {CALIB_ID: 'calibDate=1970-01-01T00:00:00 filter=y_10 detector=144'}
# - {DATE: '2025-04-02T15:59:51.411540'}
# - {CALIB_CREATION_DATE: '2025-04-02'}
# - {CALIB_CREATION_TIME: '15:59:51'}
# - __serialized_columns__:
#     efficiency:
#       __class__: astropy.units.quantity.Quantity
#       unit: !astropy.units.Unit {unit: '%'}
#       value: !astropy.table.SerializedColumn {name: efficiency}
#     wavelength:
#       __class__: astropy.units.quantity.Quantity
#       unit: !astropy.units.Unit {unit: nm}
#       value: !astropy.table.SerializedColumn {name: wavelength}
# schema: astropy-2.0
wavelength efficiency
[from data line 577]
877.0 0.002112235415552277
878.0 0.0021089441361255012
879.0 0.0017912198018166237
880.0 0.06733137415722013
881.0 0.1038083340972662
882.0 0.0550227181520313
883.0 0.10708060581237078
884.0 0.06603786605410278
885.0 0.09352041524834931
886.0 0.06388577749021351
887.0 0.10207906598225236
888.0 0.0780326605308801
889.0 0.11825567344203591
890.0 0.07753665558993816
891.0 0.09529268136247993
892.0 0.07012249552644789
893.0 0.11043618433177471
894.0 0.07190079195424914
895.0 0.11281708721071482
896.0 0.08590460638515651
897.0 0.12321399990469217
898.0 0.09068130748346448
899.0 0.1419848995283246
900.0 0.11366751277819276
901.0 0.15247095143422484
902.0 0.18273972673341632
903.0 0.20445978734642267
904.0 0.23732951376587152
905.0 0.2966606756672263
906.0 0.36832187324762344
907.0 0.47604418359696865
908.0 0.6450983695685863
909.0 0.8844893425703049
910.0 1.2718018144369125
911.0 1.8110204488039017
912.0 2.647002786397934
913.0 3.8862820714712143
914.0 5.320616066455841
915.0 7.357589155435562
916.0 9.740331023931503
917.0 12.289299815893173
918.0 15.120671689510345
919.0 17.807309329509735
920.0 21.419034898281097
921.0 25.272643566131592
922.0 29.161059856414795
923.0 33.79538059234619
924.0 38.80235552787781
925.0 44.30869519710541
926.0 50.808972120285034
927.0 57.68096446990967
928.0 63.639748096466064
929.0 69.98175978660583
930.0 75.41890740394592
931.0 80.72036504745483
932.0 85.43509244918823
933.0 89.34352397918701
934.0 92.09946393966675
935.0 93.98909211158752
936.0 95.33479809761047
937.0 96.30608558654785
938.0 96.91089391708374
939.0 97.19412326812744
940.0 97.40405678749084
941.0 97.50962257385254
942.0 97.68860936164856
943.0 97.70643711090088
944.0 97.92788624763489
945.0 97.88934588432312
946.0 97.91997075080872
947.0 97.82071113586426
948.0 98.0177640914917
949.0 97.90481925010681
950.0 98.0962336063385
951.0 98.12054634094238
952.0 98.15491437911987
953.0 98.37231040000916
954.0 98.49161505699158
955.0 98.54121804237366
956.0 98.71184825897217
957.0 98.87046217918396
958.0 98.98945093154907
959.0 98.99641275405884
960.0 99.10425543785095
961.0 99.14425611495972
962.0 99.16590452194214
963.0 99.24114942550659
964.0 99.21990036964417
965.0 99.21870827674866
966.0 99.29482936859131
967.0 99.38201904296875
968.0 99.3567168712616
969.0 99.36400055885315
970.0 99.40739274024963
971.0 99.43662881851196
972.0 99.50717687606812
973.0 99.57125186920166
974.0 99.55141544342041
975.0 99.52381253242493
976.0 99.57554936408997
977.0 99.56515431404114
978.0 99.59360957145691
979.0 99.51293468475342
980.0 99.46984648704529
981.0 99.39047694206238
982.0 99.33114051818848
983.0 99.34528470039368
984.0 99.30614233016968
985.0 99.35017228126526
986.0 99.22372102737427
987.0 99.28042888641357
988.0 99.19938445091248
989.0 99.21431541442871
990.0 99.19704794883728
991.0 99.23806190490723
992.0 99.33784008026123
993.0 99.24848675727844
994.0 99.2382287979126
995.0 99.29538369178772
996.0 99.27088618278503
997.0 99.42546486854553
998.0 99.47513341903687
999.0 99.46337342262268
1000.0 99.50567483901978
1001.0 99.44669604301453
1002.0 99.55612421035767
1003.0 99.59802627563477
1004.0 99.62202906608582
1005.0 99.50697422027588
1006.0 99.63009357452393
1007.0 99.62557554244995
1008.0 99.56953525543213
1009.0 99.52501654624939
1010.0 99.5886743068695
1011.0 99.56344366073608
1012.0 99.5077133178711
1013.0 99.48269724845886
1014.0 99.44897890090942
1015.0 99.44949150085449
1016.0 99.41551685333252
1017.0 99.48367476463318
1018.0 99.5065689086914
1019.0 99.45369958877563
1020.0 99.5312750339508
1021.0 99.67448711395264
1022.0 99.52593445777893
1023.0 99.57891702651978
1024.0 99.58462119102478
1025.0 99.55340623855591
1026.0 99.64559674263
1027.0 99.73099827766418
1028.0 99.60994720458984
1029.0 99.73657727241516
1030.0 99.81486797332764
1031.0 99.72074627876282
1032.0 99.73189234733582
1033.0 99.71714615821838
1034.0 99.7412919998169
1035.0 99.81140494346619
1036.0 99.66903924942017
1037.0 99.66565370559692
1038.0 99.67759847640991
1039.0 99.5610237121582
1040.0 99.50060248374939
1041.0 99.6069073677063
1042.0 99.57324862480164
1043.0 99.55654740333557
1044.0 99.60412979125977
1045.0 99.32637810707092
1046.0 99.49209094047546
1047.0 99.47171211242676
1048.0 99.49171543121338
1049.0 99.43237900733948
1050.0 99.39825534820557
1051.0 99.40531253814697
1052.0 99.37692284584045
1053.0 99.21258687973022
1054.0 99.51052069664001
1055.0 99.57738518714905
1056.0 99.43677186965942
1057.0 99.50180649757385
1058.0 99.23121929168701
1059.0 99.32361841201782
1060.0 99.40602779388428
1061.0 99.3537187576294
1062.0 99.4040846824646
1063.0 99.31904673576355
1064.0 99.48748350143433
1065.0 99.41050410270691
1066.0 99.35668110847473
1067.0 99.56702589988708
1068.0 99.49311017990112
1069.0 99.16342496871948
1070.0 99.61485266685486
1071.0 99.49347972869873
1072.0 99.56430196762085
1073.0 99.59964752197266
1074.0 99.14242625236511
1075.0 99.12732243537903
1076.0 98.9672064781189
1077.0 99.36897158622742
1078.0 99.45443272590637
1079.0 99.2632269859314
1080.0 99.78982210159302
1081.0 99.16631579399109
1082.0 99.28818345069885
1083.0 99.13464188575745
1084.0 99.40708875656128
1085.0 99.2372989654541
1086.0 99.25413727760315
1087.0 99.31910634040833
1088.0 98.89636635780334
1089.0 98.80834817886353
1090.0 99.0017294883728
1091.0 98.9933431148529
1092.0 99.06590580940247
1093.0 98.95790815353394
1094.0 98.81587624549866
1095.0 98.72338771820068
1096.0 98.75867366790771
1097.0 98.52462410926819
1098.0 98.00178408622742
1099.0 98.89368414878845
1100.0 98.32218289375305
