lsstCam/transmission_filter_detector/r33_s00/y_10/19700101T000000.ecsv
# %ECSV 1.0
# ---
# datatype:
# - {name: wavelength, unit: nm, datatype: float32}
# - {name: efficiency, unit: '%', datatype: float64}
# meta: !!omap
# - {MODE: DETECTOR}
# - {TYPE: transmission_filter_detector}
# - {CALIBDATE: '1970-01-01T00:00:00'}
# - {INSTRUME: LSSTCam}
# - {OBSTYPE: transmission_filter_detector}
# - {CALIBCLS: lsst.ip.isr.IntermediateFilterDetectorTransmissionCurve}
# - {SOURCE: Materion (DM-46256)}
# - {DETECTOR: 144}
# - {FILTER: y_10}
# - {CALIB_ID: 'calibDate=1970-01-01T00:00:00 filter=y_10 detector=144'}
# - {DATE: '2025-04-02T15:59:51.411540'}
# - {CALIB_CREATION_DATE: '2025-04-02'}
# - {CALIB_CREATION_TIME: '15:59:51'}
# - __serialized_columns__:
#     efficiency:
#       __class__: astropy.units.quantity.Quantity
#       unit: !astropy.units.Unit {unit: '%'}
#       value: !astropy.table.SerializedColumn {name: efficiency}
#     wavelength:
#       __class__: astropy.units.quantity.Quantity
#       unit: !astropy.units.Unit {unit: nm}
#       value: !astropy.table.SerializedColumn {name: wavelength}
# schema: astropy-2.0
wavelength efficiency
300.0 0.014064813149161637
301.0 0.01951835147337988
302.0 0.024971886887215078
303.0 0.020539220713544637
304.0 0.016106553084682673
305.0 0.012381226406432688
306.0 0.008655896817799658
307.0 0.010015533916885033
308.0 0.011375169560778886
309.0 0.010243337601423264
310.0 0.009111507824854925
311.0 0.005182696986594237
312.0 0.00125388642118196
313.0 0.002298882282047998
314.0 0.003343876960570924
315.0 0.0018687085685087368
316.0 0.00039354040382022504
317.0 0.0019145605619996786
318.0 0.003435580219957046
319.0 0.0016745223547331989
320.0 1.5745304365877288e-10
321.0 0.00025847698452707846
322.0 0.000603490343564772
323.0 0.0031963798392098397
324.0 0.005789268834632821
325.0 0.0035819288314087316
326.0 0.001374588919134112
327.0 0.0016916103049879894
328.0 0.0020086310541955754
329.0 0.002871393007808365
330.0 0.0037341545976232737
331.0 0.002863462759705726
332.0 0.0019927711036871187
333.0 0.0027467171094031073
334.0 0.0035006629332201555
335.0 0.0037281679396983236
336.0 0.00395567221858073
337.0 0.003144447327940725
338.0 0.002333222255401779
339.0 0.002063754618575331
340.0 0.0017942869817488827
341.0 0.0017726966689224355
342.0 0.001751106174197048
343.0 0.001387142765452154
344.0 0.00102317935670726
345.0 0.001152508775703609
346.0 0.0012818383765988983
347.0 0.001298501683777431
348.0 0.001315165172854904
349.0 0.0012452016562747303
350.0 0.0011752381396945566
351.0 0.0014240576092561241
352.0 0.0016728770788176917
353.0 0.0016168169167940505
354.0 0.00156075711856829
355.0 0.0017540987755637616
356.0 0.0019474400687613524
357.0 0.00196494711417472
358.0 0.0019824541595880874
359.0 0.001369478013657499
360.0 0.0007565017313027056
361.0 0.0008131741196848452
362.0 0.0008698464625922497
363.0 0.0008301120033138432
364.0 0.0007903776349849068
365.0 0.001303882891079411
366.0 0.001817388147173915
367.0 0.001793575574993156
368.0 0.0017697630028123967
369.0 0.0014275545254349709
370.0 0.0010853459571080748
371.0 0.001244736722583184
372.0 0.0014041274880582932
373.0 0.0017813945305533707
374.0 0.0021586613002000377
375.0 0.002981956276926212
376.0 0.0038052512536523864
377.0 0.004021966378786601
378.0 0.004238681503920816
379.0 0.0037434900150401518
380.0 0.0032482988899573684
381.0 0.002407139982096851
382.0 0.0015659812561352737
383.0 0.0012830533705709968
384.0 0.0010001253031077795
385.0 0.000954670031205751
386.0 0.0009092146683542524
387.0 0.0009147759556071833
388.0 0.0009203373338095844
389.0 0.0007939785973576363
390.0 0.0006676199063804233
391.0 0.0006650345312664285
392.0 0.0006624489742534934
393.0 0.000728331588106812
394.0 0.0007942139745864552
395.0 0.0007361619736911962
396.0 0.0006781097454222618
397.0 0.0007746781193418428
398.0 0.0008712462658877485
399.0 0.0010395772733318154
400.0 0.0012079081898264121
401.0 0.0013956966540717985
402.0 0.0015834850273677148
403.0 0.001787685505405534
404.0 0.0019918856196454726
405.0 0.00201359398488421
406.0 0.002035302168224007
407.0 0.0016761590813985094
408.0 0.0013170159036235418
409.0 0.0012152991075708997
410.0 0.0011135819477203768
411.0 0.0013441061128105503
412.0 0.0015746301869512536
413.0 0.0006450603450502967
414.0 1.5745304365877288e-10
415.0 7.18893375051266e-05
416.0 0.00042828805817407556
417.0 1.5745304365877288e-10
418.0 1.5745304365877288e-10
419.0 1.5745304365877288e-10
420.0 0.0004933250238536857
421.0 0.0003793721589318011
422.0 0.0002654196123330621
423.0 0.0005629170573229203
424.0 0.0008604146387369838
425.0 1.5745304365877288e-10
426.0 1.5745304365877288e-10
427.0 1.5745304365877288e-10
428.0 0.0002845672725015902
429.0 1.5745304365877288e-10
430.0 1.5745304365877288e-10
431.0 1.5745304365877288e-10
432.0 0.0005003466412745183
433.0 0.00012383439980112598
434.0 1.5745304365877288e-10
435.0 0.00022370229544321774
436.0 0.0007000825007708045
437.0 0.00024181865683203796
438.0 1.5745304365877288e-10
439.0 1.5745304365877288e-10
440.0 1.5745304365877288e-10
441.0 1.5745304365877288e-10
442.0 1.5745304365877288e-10
443.0 1.5745304365877288e-10
444.0 0.00020062773273821222
445.0 0.00023697600681771291
446.0 0.00027332405352353817
447.0 0.00047974763219826855
448.0 0.0006861712790851016
449.0 0.00031432723517355043
450.0 1.5745304365877288e-10
451.0 0.00025225026547559537
452.0 0.0005620175215881318
453.0 0.0004136537427257281
454.0 0.00026528980470175156
455.0 0.0006122667400632054
456.0 0.0009592434253136162
457.0 0.0002530288384150481
458.0 1.5745304365877288e-10
459.0 1.5745304365877288e-10
460.0 1.5745304365877288e-10
461.0 5.11456050844572e-05
462.0 0.00038746356949559413
463.0 0.0004813054147234652
464.0 0.0005751472144766012
465.0 0.0007348406143137254
466.0 0.0008945341505750548
467.0 0.001103561862692004
468.0 0.0013125896657584235
469.0 0.0015784273273311555
470.0 0.0018442649889038876
471.0 0.0022216896468307823
472.0 0.0025991141228587367
473.0 0.0024221539206337184
474.0 0.0022451937184087
475.0 0.0025703608116600662
476.0 0.0028955275411135517
477.0 0.0031039682653499767
478.0 0.0033124088076874614
479.0 0.003528630259097554
480.0 0.003744852074305527
481.0 0.004178405288257636
482.0 0.004611958866007626
483.0 0.0042306914110668
484.0 0.0038494239561259747
485.0 0.003667541386676021
486.0 0.003485659181023948
487.0 0.0032012914743972942
488.0 0.0029169235858717
489.0 0.0026851064831134863
490.0 0.002453289562254213
491.0 0.0020472885807976127
492.0 0.0016412881450378336
493.0 0.0016545664038858376
494.0 0.0016678444808349013
495.0 0.0015036321201478131
496.0 0.0013394197594607249
497.0 0.0015300554878194816
498.0 0.001720691034279298
499.0 0.002019860767177306
500.0 0.002319030500075314
501.0 0.0026539120881352574
502.0 0.0029887942218920216
503.0 0.0028196489438414574
504.0 0.002650503665790893
505.0 0.0022819174773758277
506.0 0.0019133314708597027
507.0 0.0020936864530085586
508.0 0.002274041617056355
509.0 0.0019572711607906967
510.0 0.0016405007045250386
511.0 0.001720051841402892
512.0 0.001799602796381805
513.0 0.001979549415409565
514.0 0.002159496034437325
515.0 0.0020337276509962976
516.0 0.0019079594494542107
517.0 0.0017053318515536375
518.0 0.0015027044355520047
519.0 0.0014688188457512297
520.0 0.0014349333468999248
521.0 0.0015079865988809615
522.0 0.0015810399418114685
523.0 0.0018003775039687753
524.0 0.0020197147023282014
525.0 0.0020986864910810255
526.0 0.002177658097934909
527.0 0.002127682455466129
528.0 0.0020777068129973486
529.0 0.0021894102246733382
530.0 0.0023011134544503875
531.0 0.0021590771211776882
532.0 0.00201704133360181
533.0 0.0019165314370184205
534.0 0.0018160217223339714
535.0 0.0016405600035795942
536.0 0.0014650983757746872
537.0 0.0018991366232512519
538.0 0.002333175143576227
539.0 0.002827877142408397
540.0 0.0033225795050384477
541.0 0.0037168621929595247
542.0 0.004111144517082721
543.0 0.004592634650180116
544.0 0.005074124419479631
545.0 0.004905999958282337
546.0 0.004737875133287162
547.0 0.00402349432988558
548.0 0.0033091135264839977
549.0 0.002799436333589256
550.0 0.0022897595044923946
551.0 0.002529869379941374
552.0 0.002769979619188234
553.0 0.0029208726118667983
554.0 0.0030717656045453623
555.0 0.0036980451113777235
556.0 0.0043243249820079654
557.0 0.004448289473657496
558.0 0.004572253965307027
559.0 0.0041072747990256175
560.0 0.0036422952689463273
561.0 0.0038167956518009305
562.0 0.003991296034655534
563.0 0.0036400157114258036
564.0 0.003288736115791835
565.0 0.0034579006751300767
566.0 0.0036270652344683185
567.0 0.003990926416008733
568.0 0.004354787961347029
569.0 0.005156117185833864
570.0 0.00595744677411858
571.0 0.006215402390807867
572.0 0.006473359098890796
573.0 0.006489416409749538
574.0 0.0065054744482040405
575.0 0.00622361694695428
576.0 0.00594175944570452
577.0 0.005778659033239819
578.0 0.005615558256977238
579.0 0.00578680592298042
580.0 0.005958052861387841
581.0 0.006840180139988661
582.0 0.0077223070547915995
583.0 0.008751043787924573
584.0 0.009779781976249069
585.0 0.010188583837589249
586.0 0.010597385698929429
587.0 0.010650696640368551
588.0 0.010704009036999196
589.0 0.010385525820311159
590.0 0.010067044058814645
591.0 0.009438239794690162
592.0 0.008809434075374156
593.0 0.007605990685988218
594.0 0.00640254802419804
595.0 0.005826168489875272
596.0 0.005249790410744026
597.0 0.005896665606996976
598.0 0.006543540075654164
599.0 0.007574423216283321
600.0 0.00860530708450824
601.0 0.009790030890144408
602.0 0.010974753968184814
603.0 0.010907577961916104
604.0 0.01084040486603044
605.0 0.010733208910096437
606.0 0.010626011498970911
607.0 0.009323315316578373
608.0 0.008020618406590074
609.0 0.006452648085542023
610.0 0.004884677036898211
611.0 0.004041867214255035
612.0 0.0031990570278139785
613.0 0.0033144511689897627
614.0 0.003429845310165547
615.0 0.004515394539339468
616.0 0.0056009430409176275
617.0 0.007079247006913647
618.0 0.008557546971132979
619.0 0.00964635910349898
620.0 0.01073517050826922
621.0 0.01107200441765599
622.0 0.011408836871851236
623.0 0.011514996003825217
624.0 0.011621151497820392
625.0 0.010246779129374772
626.0 0.008872404578141868
627.0 0.007236306555569172
628.0 0.005600209624390118
629.0 0.004630964394891635
630.0 0.003661719529191032
631.0 0.0029370410629780963
632.0 0.00221236241486622
633.0 0.0024336597562069073
634.0 0.0026549570975475945
635.0 0.002949424015241675
636.0 0.003243891114834696
637.0 0.003903197284671478
638.0 0.004562503818306141
639.0 0.004928863927489147
640.0 0.005295223672874272
641.0 0.0052214960305718705
642.0 0.005147768024471588
643.0 0.005300858902046457
644.0 0.005453949052025564
645.0 0.0048185571358771995
646.0 0.004183165219728835
647.0 0.003487681897240691
648.0 0.0027921989385504276
649.0 0.0022818281649961136
650.0 0.00177145757334074
651.0 0.0017265825590584427
652.0 0.001681707362877205
653.0 0.0016962756490102038
654.0 0.0017108437532442622
655.0 0.0016243831851170398
656.0 0.0015379224350908771
657.0 0.0014738326171936933
658.0 0.0014097427992965095
659.0 0.0015901530787232332
660.0 0.0017705635400488973
661.0 0.0016975405742414296
662.0 0.0016245176084339619
663.0 0.0017675851267995313
664.0 0.0019106524632661603
665.0 0.002655496609804686
666.0 0.0034003405744442716
667.0 0.004245570016792044
668.0 0.005090799095341936
669.0 0.005798926576972008
670.0 0.006507054786197841
671.0 0.007060899952193722
672.0 0.0076147458457853645
673.0 0.007497717160731554
674.0 0.007380687748081982
675.0 0.007348244253080338
676.0 0.007315801485674456
677.0 0.005858408258063719
678.0 0.004401013575261459
679.0 0.003139983891742304
680.0 0.001878953116829507
681.0 0.0012298470210225787
682.0 0.0005807410161651205
683.0 0.0004311312295612879
684.0 0.000281521556644293
685.0 0.0002695353941817302
686.0 0.00025754918624443235
687.0 0.00021466717043949757
688.0 0.00017178516600324656
689.0 0.00021303033008734928
690.0 0.0002542754600654007
691.0 0.00013555811619880842
692.0 1.684062453932711e-05
693.0 0.00020636193767131772
694.0 0.000395883216697257
695.0 0.00021039343209849903
696.0 2.4903749817895005e-05
697.0 0.00020844304344791453
698.0 0.0003919823939213529
699.0 0.0002524092678868328
700.0 0.00011283630101388553
701.0 5.979160846436571e-05
702.0 6.7468960196492844e-06
703.0 1.5745304365877288e-10
704.0 1.5745304365877288e-10
705.0 0.00011067565992561867
706.0 0.00028239601306268014
707.0 0.00038298758227028884
708.0 0.0004835792424273677
709.0 0.0006950642728043022
710.0 0.000906549485080177
711.0 0.0007299812750716228
712.0 0.0005534130650630686
713.0 0.000385446946893353
714.0 0.0002174807832489023
715.0 0.0002626516788950539
716.0 0.00030782252906647045
717.0 9.120645927396254e-05
718.0 1.5745304365877288e-10
719.0 0.00022069154965720372
720.0 0.0005667928235197905
721.0 0.0005656741905113449
722.0 0.0005645557848765748
723.0 0.0006590416887775064
724.0 0.000753527638153173
725.0 0.00023765744572301628
726.0 1.5745304365877288e-10
727.0 9.213800353791157e-05
728.0 0.00046248874241427984
729.0 0.00048056022023956757
730.0 0.0004986316525901202
731.0 0.0003439325837462093
732.0 0.00018923373090729
733.0 0.0002766393208730733
734.0 0.0003640451495812158
735.0 0.0004838128916162532
736.0 0.0006035807018633932
737.0 0.00036317478588898666
738.0 0.00012276897223273409
739.0 0.00023987959139049053
740.0 0.00035699022191693075
741.0 0.0005119438810652355
742.0 0.0006668974947388051
743.0 0.0005088882971904241
744.0 0.00035087891774310265
745.0 0.00044963071559323
746.0 0.0005483822860696819
747.0 0.00050319972615398
748.0 0.00045801716623827815
749.0 0.0003931204446416814
750.0 0.0003282237685198197
751.0 0.0004299015927244909
752.0 0.0005315794169291621
753.0 0.0003561993707990041
754.0 0.00018081926782542723
755.0 0.0003758772209039307
756.0 0.0005709350716642803
757.0 0.0003608241286201519
758.0 0.00015071323105075862
759.0 0.00034997815419046674
760.0 0.0005492430318554398
761.0 0.0006917467999301152
762.0 0.0008342506589542609
763.0 0.0007387428013316821
764.0 0.0006432348072848981
765.0 0.0006616738119191723
766.0 0.0006801127710787114
767.0 0.0005942427378613502
768.0 0.000508372704643989
769.0 0.0004352147243480431
770.0 0.0003620566985773621
771.0 0.0004234018433635356
772.0 0.000484746942674974
773.0 0.00022367789824784268
774.0 1.5745304365877288e-10
775.0 0.00035140299132763175
776.0 0.0007401973107334925
777.0 0.00043036156966991257
778.0 0.00012052594229317037
779.0 0.000597412417846499
780.0 0.00107429887066246
781.0 0.0008128779882099479
782.0 0.0005514569693332305
783.0 0.0007564833595097298
784.0 0.0009615097951609641
785.0 0.0008390185939788353
786.0 0.0007165274382714415
787.0 0.00026130869628104847
788.0 1.5745304365877288e-10
789.0 0.00018984676444233628
790.0 0.000573603529119282
791.0 0.0007126740456442349
792.0 0.0008517444257449824
793.0 0.0008832684216031339
794.0 0.0009147925084107555
795.0 0.0008137022632581647
796.0 0.000712612018105574
797.0 0.0008577722837799229
798.0 0.0010029325494542718
799.0 0.00046958243729022797
800.0 1.5745304365877288e-10
801.0 0.00028310153084021294
802.0 0.0006299706456047716
803.0 0.0005737223546020687
804.0 0.0005174741090741009
805.0 0.000677323441777844
806.0 0.0008371726835321169
807.0 0.0007970344995555934
808.0 0.0007568963155790698
809.0 0.0006190869498823304
810.0 0.0004812774477613857
811.0 0.0006390483576979022
812.0 0.0007968192221596837
813.0 0.0008604623872088268
814.0 0.0009241054613084998
815.0 0.000748775300962734
816.0 0.0005734450951422332
817.0 0.0007348851795541123
818.0 0.0008963254003901966
819.0 0.0008438690201728605
820.0 0.0007914126399555244
821.0 0.0007235931661853101
822.0 0.0006557736924150959
823.0 0.00048155770855373703
824.0 0.00030734161100554047
825.0 0.0005585380677075591
826.0 0.0008097345016722102
827.0 0.00082268743426539
828.0 0.0008356401849596296
829.0 0.0006366778507072013
830.0 0.0004377155619295081
831.0 0.0005506511115527246
832.0 0.0006635870249738218
833.0 0.0009415880413143896
834.0 0.0012195890121802222
835.0 0.0010375730198575184
836.0 0.000855556754686404
837.0 0.00039796459532226436
838.0 1.5745304365877288e-10
839.0 5.902960538151092e-05
840.0 0.00017768680891094846
841.0 0.0005548705303226598
842.0 0.0009320541721535847
843.0 0.0008590295692556538
844.0 0.0007860048754082527
845.0 0.0008945159606810194
846.0 0.001003027045953786
847.0 0.0009391985258844215
848.0 0.0008753700967645273
849.0 0.000620553919361555
850.0 0.0003657376510091126
851.0 0.0006434560873458395
852.0 0.000921174341783626
853.0 0.0011087709026469383
854.0 0.001296367645409191
855.0 0.001017882732412545
856.0 0.0007393978648906341
857.0 0.0009180320375890005
858.0 0.001096666164812632
859.0 0.0008517764399584848
860.0 0.0006068867151043378
861.0 0.0010425856089568697
862.0 0.0014782845028094016
863.0 0.001578014598635491
864.0 0.00167774451256264
865.0 0.0019763907403103076
866.0 0.0022750371499569155
867.0 0.002843226866389159
868.0 0.0034114164009224623
869.0 0.0030578215955756605
870.0 0.0027042262445320375
871.0 0.0030709539714735
872.0 0.0034376815165160224
873.0 0.0028396565539878793
874.0 0.0022416312276618555
875.0 0.0021785790522699244
