lsstCam/transmission_filter_detector/r01_s11/u_24/19700101T000000.ecsv
# %ECSV 1.0
# ---
# datatype:
# - {name: wavelength, unit: nm, datatype: float32}
# - {name: efficiency, unit: '%', datatype: float64}
# meta: !!omap
# - {MODE: DETECTOR}
# - {TYPE: transmission_filter_detector}
# - {CALIBDATE: '1970-01-01T00:00:00'}
# - {INSTRUME: LSSTCam}
# - {OBSTYPE: transmission_filter_detector}
# - {CALIBCLS: lsst.ip.isr.IntermediateFilterDetectorTransmissionCurve}
# - {SOURCE: Materion (DM-46256)}
# - {DETECTOR: 4}
# - {FILTER: u_24}
# - {CALIB_ID: 'calibDate=1970-01-01T00:00:00 filter=u_24 detector=4'}
# - {DATE: '2025-04-02T15:59:39.764434'}
# - {CALIB_CREATION_DATE: '2025-04-02'}
# - {CALIB_CREATION_TIME: '15:59:39'}
# - __serialized_columns__:
#     efficiency:
#       __class__: astropy.units.quantity.Quantity
#       unit: !astropy.units.Unit {unit: '%'}
#       value: !astropy.table.SerializedColumn {name: efficiency}
#     wavelength:
#       __class__: astropy.units.quantity.Quantity
#       unit: !astropy.units.Unit {unit: nm}
#       value: !astropy.table.SerializedColumn {name: wavelength}
# schema: astropy-2.0
wavelength efficiency
295.0 1.6751821284299862e-10
296.0 1.6751821284299862e-10
297.0 1.6751821284299862e-10
298.0 1.6751821284299862e-10
299.0 1.6751821284299862e-10
300.0 1.6751821284299862e-10
301.0 1.6751821284299862e-10
302.0 1.6751821284299862e-10
303.0 1.6751821284299862e-10
304.0 0.3242515493184328
305.0 1.2963236309587955
306.0 2.39421259611845
307.0 4.778444394469261
308.0 7.295827567577362
309.0 10.881242156028748
310.0 14.831328392028809
311.0 18.568824231624603
312.0 22.362348437309265
313.0 25.169169902801514
314.0 27.87923514842987
315.0 30.271360278129578
316.0 32.71759748458862
317.0 35.73532998561859
318.0 39.3335223197937
319.0 44.04502511024475
320.0 50.395435094833374
321.0 55.93365430831909
322.0 61.86521649360657
323.0 66.64894223213196
324.0 70.37389874458313
325.0 72.87677526473999
326.0 74.96374249458313
327.0 76.56479477882385
328.0 78.2486081123352
329.0 79.53677177429199
330.0 80.57471513748169
331.0 80.91826438903809
332.0 81.16731643676758
333.0 81.27384781837463
334.0 81.22857809066772
335.0 81.65729641914368
336.0 82.07926750183105
337.0 82.76565074920654
338.0 83.6279809474945
339.0 84.24561023712158
340.0 84.56292152404785
341.0 84.93898510932922
342.0 85.1754903793335
343.0 85.22735238075256
344.0 85.35418510437012
345.0 85.90496182441711
346.0 86.17240190505981
347.0 86.5610420703888
348.0 86.78856492042542
349.0 86.97121143341064
350.0 87.01387047767639
351.0 87.18582391738892
352.0 87.16833591461182
353.0 87.1317207813263
354.0 87.00509071350098
355.0 87.22020387649536
356.0 87.29308843612671
357.0 87.1708869934082
358.0 86.83657050132751
359.0 86.58801913261414
360.0 86.3299012184143
361.0 86.11794710159302
362.0 85.97294092178345
363.0 86.1768126487732
364.0 86.31037473678589
365.0 86.79109215736389
366.0 87.0663046836853
367.0 87.1019959449768
368.0 87.16856837272644
369.0 87.32870817184448
370.0 87.16326355934143
371.0 87.16002702713013
372.0 87.18487024307251
373.0 87.42319941520691
374.0 87.46055960655212
375.0 87.74311542510986
376.0 88.01734447479248
377.0 88.08265924453735
378.0 88.11625838279724
379.0 87.57240176200867
380.0 86.59536242485046
381.0 85.00706553459167
382.0 83.11140537261963
383.0 81.02445006370544
384.0 78.95143628120422
385.0 76.41764879226685
386.0 73.56048226356506
387.0 69.86858248710632
388.0 65.97390174865723
389.0 61.41824722290039
390.0 57.208770513534546
391.0 52.95122265815735
392.0 48.76827895641327
393.0 45.292168855667114
394.0 41.756030917167664
395.0 37.51721382141113
396.0 32.67026245594025
397.0 26.143372058868408
398.0 19.272315502166748
399.0 12.483563274145126
400.0 6.9654300808906555
401.0 3.1821396201848984
402.0 1.102650724351406
403.0 0.36970514338463545
404.0 0.12827132595703006
405.0 0.06688392022624612
406.0 0.01629016041988507
407.0 0.005931347914156504
408.0 1.6751821284299862e-10
409.0 1.6751821284299862e-10
410.0 1.6751821284299862e-10
411.0 1.6751821284299862e-10
412.0 1.6751821284299862e-10
413.0 1.6751821284299862e-10
414.0 1.6751821284299862e-10
415.0 1.6751821284299862e-10
416.0 1.6751821284299862e-10
417.0 1.6751821284299862e-10
418.0 1.6751821284299862e-10
419.0 1.6751821284299862e-10
420.0 1.6751821284299862e-10
421.0 1.6751821284299862e-10
422.0 1.6751821284299862e-10
423.0 1.6751821284299862e-10
424.0 1.6751821284299862e-10
425.0 1.6751821284299862e-10
426.0 1.6751821284299862e-10
427.0 1.6751821284299862e-10
428.0 1.6751821284299862e-10
429.0 0.0012195805538794957
430.0 0.0035801887861452997
431.0 0.001580767820996698
432.0 1.6751821284299862e-10
433.0 1.6751821284299862e-10
434.0 1.6751821284299862e-10
435.0 0.0008436775715381373
436.0 0.00190091577678686
437.0 1.6751821284299862e-10
438.0 1.6751821284299862e-10
439.0 1.6751821284299862e-10
440.0 0.002109689921780955
441.0 1.6751821284299862e-10
442.0 1.6751821284299862e-10
443.0 1.6751821284299862e-10
444.0 1.6751821284299862e-10
445.0 1.6751821284299862e-10
446.0 1.6751821284299862e-10
447.0 1.6751821284299862e-10
448.0 1.6751821284299862e-10
449.0 0.0003882259989040904
450.0 0.0008830307706375606
451.0 1.6751821284299862e-10
452.0 1.6751821284299862e-10
453.0 1.6751821284299862e-10
454.0 1.6751821284299862e-10
455.0 1.6751821284299862e-10
456.0 1.6751821284299862e-10
457.0 1.6751821284299862e-10
458.0 1.6751821284299862e-10
459.0 1.6751821284299862e-10
460.0 1.6751821284299862e-10
461.0 1.6751821284299862e-10
462.0 1.6751821284299862e-10
463.0 1.6751821284299862e-10
464.0 1.6751821284299862e-10
465.0 1.6751821284299862e-10
466.0 1.601413117668926e-05
467.0 1.6751821284299862e-10
468.0 1.6751821284299862e-10
469.0 1.6751821284299862e-10
470.0 0.00048373653953603934
471.0 0.00019059734768234193
472.0 1.6751821284299862e-10
473.0 1.6751821284299862e-10
474.0 1.6751821284299862e-10
475.0 7.059825293254107e-05
476.0 0.0007952426130941603
477.0 0.00044674188757198863
478.0 9.824129847402219e-05
479.0 1.6751821284299862e-10
480.0 1.6751821284299862e-10
481.0 0.00010110901484949864
482.0 0.0003860974629787961
483.0 0.00021269129319989588
484.0 3.928500120764511e-05
485.0 1.6751821284299862e-10
486.0 1.6751821284299862e-10
487.0 1.6751821284299862e-10
488.0 1.6751821284299862e-10
489.0 1.6751821284299862e-10
490.0 1.6751821284299862e-10
491.0 1.6751821284299862e-10
492.0 1.6751821284299862e-10
493.0 1.6751821284299862e-10
494.0 1.6751821284299862e-10
495.0 1.6751821284299862e-10
496.0 1.6751821284299862e-10
497.0 0.00036010535495734075
498.0 0.0007291196652658982
499.0 0.0004383040050015552
500.0 0.00014748844705536612
501.0 1.6751821284299862e-10
502.0 1.6751821284299862e-10
503.0 1.6751821284299862e-10
504.0 1.6751821284299862e-10
505.0 1.6751821284299862e-10
506.0 1.6751821284299862e-10
507.0 1.6751821284299862e-10
508.0 1.6751821284299862e-10
509.0 1.6751821284299862e-10
510.0 1.6751821284299862e-10
511.0 0.0002261495410493808
512.0 0.0006690218469884712
513.0 0.0006087778729124693
514.0 0.0005485337169375271
515.0 0.0007144128630898194
516.0 0.0008802920092421118
517.0 7.78547700974741e-05
518.0 1.6751821284299862e-10
519.0 1.6751821284299862e-10
520.0 0.00030236462862376356
521.0 0.0005452687673823675
522.0 0.0007881728379288688
523.0 0.0003074614596698666
524.0 1.6751821284299862e-10
525.0 1.6751821284299862e-10
526.0 1.6751821284299862e-10
527.0 1.6751821284299862e-10
528.0 1.6751821284299862e-10
529.0 1.6751821284299862e-10
530.0 1.6751821284299862e-10
531.0 3.084294917243824e-05
532.0 0.00042015858525701333
533.0 1.6751821284299862e-10
534.0 1.6751821284299862e-10
535.0 1.6751821284299862e-10
536.0 1.6751821284299862e-10
537.0 1.6751821284299862e-10
538.0 1.6751821284299862e-10
539.0 1.6751821284299862e-10
540.0 1.6751821284299862e-10
541.0 1.6751821284299862e-10
542.0 1.6751821284299862e-10
543.0 1.6751821284299862e-10
544.0 1.6751821284299862e-10
545.0 1.6751821284299862e-10
546.0 1.6751821284299862e-10
547.0 1.6751821284299862e-10
548.0 1.6751821284299862e-10
549.0 1.6751821284299862e-10
550.0 1.6751821284299862e-10
551.0 1.6751821284299862e-10
552.0 1.6751821284299862e-10
553.0 1.6751821284299862e-10
554.0 1.6751821284299862e-10
555.0 1.6751821284299862e-10
556.0 1.6751821284299862e-10
557.0 1.6751821284299862e-10
558.0 1.6751821284299862e-10
559.0 1.6751821284299862e-10
560.0 1.6751821284299862e-10
561.0 1.6751821284299862e-10
562.0 1.6751821284299862e-10
563.0 1.6751821284299862e-10
564.0 1.6751821284299862e-10
565.0 1.6751821284299862e-10
566.0 1.6751821284299862e-10
567.0 1.6751821284299862e-10
568.0 3.936652319680434e-05
569.0 0.00030347584925038973
570.0 0.0005675850388797699
571.0 0.0005820896149089094
572.0 0.0005965944183117244
573.0 0.0005801163752039429
574.0 0.0005636387413687771
575.0 0.0003573670937839779
576.0 0.00015109559399206773
577.0 0.00017927177395904437
578.0 0.00020744794255733723
579.0 0.0004459745468921028
580.0 0.0006845010830147658
581.0 0.0008615042133897077
582.0 0.0010385077075625304
583.0 0.0012153337593190372
584.0 0.0013921601748734247
585.0 0.0010619718523230404
586.0 0.0007317830750253052
587.0 0.0008659990271553397
588.0 0.0010002149792853743
589.0 0.0011151127182529308
590.0 0.001230010275321547
591.0 0.0010977328201988712
592.0 0.0009654553650761954
593.0 0.0006169381322251866
594.0 0.0002684207174752373
595.0 0.0006563302576978458
596.0 0.0010442395250720438
597.0 0.001366191736451583
598.0 0.0016881440387805924
599.0 0.0022885329599375837
600.0 0.002888921335397754
601.0 0.002664753992576152
602.0 0.00244058646785561
603.0 0.001886083191493526
604.0 0.0013315801879798528
605.0 0.0010947991540888324
606.0 0.0008580182111472823
607.0 0.0008376687219424639
608.0 0.0008173193236871157
609.0 0.0007222082786029205
610.0 0.0006270971425692551
611.0 0.0006917316113685956
612.0 0.0007563660801679362
613.0 0.0006797818059567362
614.0 0.0006031976226950064
615.0 0.0006661281986453105
616.0 0.0007290588200703496
617.0 0.0006504748398583615
618.0 0.0005718910415453138
619.0 0.00038007201510481536
620.0 0.00018825310235115467
621.0 0.0003743751676665852
622.0 0.0005604972102446482
623.0 0.0006798432877985761
624.0 0.000799189365352504
625.0 0.0009414199666935019
626.0 0.0010836505680344999
627.0 0.00099391327239573
628.0 0.0009041761586559005
629.0 0.0011158786037412938
630.0 0.001327581048826687
631.0 0.0018387627278571017
632.0 0.0023499438611906953
633.0 0.002388768916716799
634.0 0.002427593972242903
635.0 0.002355126343900338
636.0 0.0022826585336588323
637.0 0.001935425643750932
638.0 0.0015881925719440915
639.0 0.0010991592716891319
640.0 0.0006101257895352319
641.0 0.000770616861700546
642.0 0.0009311080248153303
643.0 0.0007742242814856581
644.0 0.0006173404926812509
645.0 0.0006009905519022141
646.0 0.000584640520173707
647.0 0.00018594937500893138
648.0 1.6751821284299862e-10
649.0 3.169225237797946e-05
650.0 0.0002761262749118032
651.0 0.0007545528660557466
652.0 0.0012329796845733654
653.0 0.0015206932403089013
654.0 0.0018084063412970863
655.0 0.002049352406174876
656.0 0.0022902981072547846
657.0 0.0031471299735130742
658.0 0.004003962021670304
659.0 0.004231064667692408
660.0 0.004458167313714512
661.0 0.004094789255759679
662.0 0.003731411197804846
663.0 0.0028644361009355634
664.0 0.001997461004066281
665.0 0.0017147103790193796
666.0 0.0014319592992251273
667.0 0.0014580387869500555
668.0 0.0014841181837255135
669.0 0.0009137121196545195
670.0 0.0003433062374824658
671.0 0.0003790692517213756
672.0 0.0004148321295360802
673.0 0.0007018365067779087
674.0 0.000988840838545002
675.0 0.0011805173926404677
676.0 0.0013721938557864632
677.0 0.002006617978622671
678.0 0.00264104255620623
679.0 0.002979106648126617
680.0 0.0033171709219459444
681.0 0.0048080521082738414
682.0 0.0062989340221975
683.0 0.007923049997771159
684.0 0.00954716742853634
685.0 0.009088696242542937
686.0 0.008630227239336818
687.0 0.007404998177662492
688.0 0.006179769115988165
689.0 0.005019308446208015
690.0 0.0038588481402257457
691.0 0.0035467484849505126
692.0 0.0032346488296752796
693.0 0.002915282857429702
694.0 0.0025959167032851838
695.0 0.002180842056986876
696.0 0.0017657675925875083
697.0 0.0013536940969061106
698.0 0.0009416204193257727
699.0 0.0007948853635753039
700.0 0.0006481502623501001
701.0 0.0005584709469985683
702.0 0.0004687917680712417
703.0 0.0006652532647422049
704.0 0.0008617149433121085
705.0 0.001044874170474941
706.0 0.0012280334885872435
707.0 0.001043967222358333
708.0 0.0008599006832810119
709.0 0.0006672708423138829
710.0 0.00047464091039728373
711.0 0.0005051220341556473
712.0 0.0005356031579140108
713.0 0.0006954333912290167
714.0 0.0008552636245440226
715.0 0.0007798298611305654
716.0 0.0007043960977171082
717.0 0.0006767372269678162
718.0 0.0006490783107437892
719.0 0.00037949648685753345
720.0 0.00010991466297127772
721.0 0.00022873800844536163
722.0 0.000347561331182078
723.0 0.00025170875233015977
724.0 0.00015585620758429286
725.0 0.00017136621863755863
726.0 0.00018687616147872177
727.0 0.0004337081918492913
728.0 0.0006805402790632797
729.0 0.0005086857981950743
730.0 0.00033683161291264696
731.0 0.00029439645459206076
732.0 0.00025196129627147457
733.0 0.0001856465928540274
734.0 0.00011933193491131533
735.0 0.00036841624933003914
736.0 0.0006175005637487629
737.0 0.0006647474492638139
738.0 0.0007119942893041298
739.0 0.0008672525837027933
740.0 0.001022510878101457
741.0 0.0016151183444890194
742.0 0.002207725810876582
743.0 0.0029203418307588436
744.0 0.003632957668742165
745.0 0.004000708213425241
746.0 0.004368458030512556
747.0 0.004151618122705258
748.0 0.003934777487302199
749.0 0.0033319862268399447
750.0 0.0027291955120745115
751.0 0.0023018586944090202
752.0 0.0018745222405414097
753.0 0.0018232709408039227
754.0 0.0017720196410664357
755.0 0.0020139616026426665
756.0 0.0022559037461178377
757.0 0.0020851024601142853
758.0 0.0019143008103128523
759.0 0.0016685769878677092
760.0 0.001422853529220447
761.0 0.001266333583771484
762.0 0.0011098137292719912
763.0 0.00086770742200315
764.0 0.0006256011147343088
765.0 0.0007507607278967043
766.0 0.0008759204320085701
767.0 0.0007719089808233548
768.0 0.0006678973932139343
769.0 0.0006374022632371634
770.0 0.0006069069058867171
771.0 0.0005415446139522828
772.0 0.0004761822765431134
773.0 0.0004545078354567522
774.0 0.0004328335307945963
775.0 0.000450457673650817
776.0 0.0004680818619817728
777.0 0.0005786186193290632
778.0 0.0006891551947774133
779.0 0.0008391878509428352
780.0 0.0009892203706840519
781.0 0.0011480407920316793
782.0 0.0013068612133793067
783.0 0.0012109854651498608
784.0 0.0011151096259709448
785.0 0.0012595296539075207
786.0 0.001403949318046216
787.0 0.001063724539562827
788.0 0.0007234998065541731
789.0 0.0007945101970108226
790.0 0.0008655209057906177
791.0 0.000813624956208514
792.0 0.0007617288247274701
793.0 0.00023975217118277214
794.0 1.6751821284299862e-10
795.0 5.4034865115681896e-05
796.0 0.0003902942808053922
797.0 0.00048085585149237886
798.0 0.0005714173312298954
799.0 0.00038776433939347044
800.0 0.00020411127934494289
801.0 7.81561993790092e-05
802.0 1.6751821284299862e-10
803.0 1.6751821284299862e-10
804.0 1.6751821284299862e-10
805.0 8.39279721276398e-05
806.0 0.00028139945698058
807.0 0.00010481410299689742
808.0 1.6751821284299862e-10
809.0 8.785320346760273e-05
810.0 0.00024747776024014456
811.0 1.6751821284299862e-10
812.0 1.6751821284299862e-10
813.0 7.507064196943247e-05
814.0 0.0004110967438464286
815.0 0.0003493667463771999
816.0 0.00028763668069586856
817.0 0.0002680224270079634
818.0 0.0002484081505826907
819.0 0.00010465253126312746
820.0 1.6751821284299862e-10
821.0 1.6751821284299862e-10
822.0 1.6751821284299862e-10
823.0 1.6751821284299862e-10
824.0 0.00016590161067142617
825.0 1.6751821284299862e-10
826.0 1.6751821284299862e-10
827.0 0.000105399078620394
828.0 0.00039855381146480795
829.0 0.00045521783249569125
830.0 0.0005118822173244553
831.0 0.00018644786905497313
832.0 1.6751821284299862e-10
833.0 1.6751821284299862e-10
834.0 1.6751821284299862e-10
835.0 1.6751821284299862e-10
836.0 1.6751821284299862e-10
837.0 1.6751821284299862e-10
838.0 1.6751821284299862e-10
839.0 1.6751821284299862e-10
840.0 1.6751821284299862e-10
841.0 1.6751821284299862e-10
842.0 9.574334569606435e-06
843.0 1.6751821284299862e-10
844.0 1.6751821284299862e-10
845.0 0.00013145855746188317
846.0 0.0004622937467502197
847.0 0.0002642436356836697
848.0 6.619346777370083e-05
849.0 0.00019835422335745534
850.0 0.00033051485388568835
851.0 0.00027168821361556184
852.0 0.0002128614596585976
853.0 0.0002701473704291857
854.0 0.00032743312203820096
855.0 0.00039074175219866447
856.0 0.00045405035962176044
857.0 0.0006663427484454587
858.0 0.0008786352736933623
859.0 0.0010464856131875422
860.0 0.0012143361345806625
861.0 0.0012322906513873022
862.0 0.001250245168193942
863.0 0.001477041769248899
864.0 0.0017038379155565053
865.0 0.002104076156683732
866.0 0.002504314215912018
867.0 0.002318596489203628
868.0 0.0021328789443941787
869.0 0.0022328067643684335
870.0 0.0023327340386458673
871.0 0.002148365274479147
872.0 0.001963996146514546
873.0 0.0021625748559017666
874.0 0.0023611537471879274
875.0 0.0025506307792966254
