lsstCam/transmission_filter_detector/r01_s11/u_24/19700101T000000.ecsv
# %ECSV 1.0
# ---
# datatype:
# - {name: wavelength, unit: nm, datatype: float32}
# - {name: efficiency, unit: '%', datatype: float64}
# meta: !!omap
# - {MODE: DETECTOR}
# - {TYPE: transmission_filter_detector}
# - {CALIBDATE: '1970-01-01T00:00:00'}
# - {INSTRUME: LSSTCam}
# - {OBSTYPE: transmission_filter_detector}
# - {CALIBCLS: lsst.ip.isr.IntermediateFilterDetectorTransmissionCurve}
# - {SOURCE: Materion (DM-46256)}
# - {DETECTOR: 4}
# - {FILTER: u_24}
# - {CALIB_ID: 'calibDate=1970-01-01T00:00:00 filter=u_24 detector=4'}
# - {DATE: '2025-04-02T15:59:39.764434'}
# - {CALIB_CREATION_DATE: '2025-04-02'}
# - {CALIB_CREATION_TIME: '15:59:39'}
# - __serialized_columns__:
#     efficiency:
#       __class__: astropy.units.quantity.Quantity
#       unit: !astropy.units.Unit {unit: '%'}
#       value: !astropy.table.SerializedColumn {name: efficiency}
#     wavelength:
#       __class__: astropy.units.quantity.Quantity
#       unit: !astropy.units.Unit {unit: nm}
#       value: !astropy.table.SerializedColumn {name: wavelength}
# schema: astropy-2.0
wavelength efficiency
[from data line 582]
877.0 0.002871403376047965
878.0 0.0030026987587916665
879.0 0.0030709670681972057
880.0 0.003139235923299566
881.0 0.003199194179615006
882.0 0.003259153527324088
883.0 0.002788528217934072
884.0 0.002317903272341937
885.0 0.0023684500774834305
886.0 0.002418997246422805
887.0 0.00223421047849115
888.0 0.0020494240743573755
889.0 0.0021749772713519633
890.0 0.0023005306502454914
891.0 0.0025323493900941685
892.0 0.002764168311841786
893.0 0.0028133445084677078
894.0 0.0028625201593968086
895.0 0.003300068055978045
896.0 0.003737615770660341
897.0 0.004315229307394475
898.0 0.004892842116532847
899.0 0.00500531677971594
900.0 0.005117790715303272
901.0 0.00510673453391064
902.0 0.005095678716315888
903.0 0.005408503056969494
904.0 0.005721327397623099
905.0 0.005737868923461065
906.0 0.00575441044929903
907.0 0.005960676935501397
908.0 0.006166943057905883
909.0 0.006014328027958982
910.0 0.005861712998012081
911.0 0.005694394712918438
912.0 0.005527076791622676
913.0 0.005448561205412261
914.0 0.005370045619201846
915.0 0.004823253402719274
916.0 0.004276461550034583
917.0 0.004102060484001413
918.0 0.003927660145564005
919.0 0.0043281801481498405
920.0 0.004728700514533557
921.0 0.005024772690376267
922.0 0.005320845230016857
923.0 0.006463740282924846
924.0 0.007606633880641311
925.0 0.007963465031934902
926.0 0.008320295455632731
927.0 0.00898254438652657
928.0 0.009644789679441601
929.0 0.009369039617013186
930.0 0.009093291009776294
931.0 0.008140155114233494
932.0 0.0071870177634991705
933.0 0.006716338248224929
934.0 0.006245658732950687
935.0 0.006042463792255148
936.0 0.005839268851559609
937.0 0.0061226412071846426
938.0 0.006406015018001199
939.0 0.006301999383140355
940.0 0.006197984475875273
941.0 0.005596375922323205
942.0 0.004994766277377494
943.0 0.003964246207033284
944.0 0.0029337268642848358
945.0 0.0023378794139716774
946.0 0.0017420323274563998
947.0 0.0015800358596607111
948.0 0.0014180394828144927
949.0 0.0014560015188180842
950.0 0.0014939634638722055
951.0 0.0013419258721114602
952.0 0.001189888280350715
953.0 0.0015063148566696327
954.0 0.0018227417967864312
955.0 0.0025937415557564236
956.0 0.0033647411328274757
957.0 0.003413937520235777
958.0 0.0034631331800483167
959.0 0.003985529474448413
960.0 0.004507925768848509
961.0 0.004985819396097213
962.0 0.005463712659548037
963.0 0.0055585438531124964
964.0 0.005653374682879075
965.0 0.005691307887900621
966.0 0.005729241092922166
967.0 0.00535482722625602
968.0 0.004980413359589875
969.0 0.00489831691083964
970.0 0.004816220098291524
971.0 0.0047522480599582195
972.0 0.004688275657827035
973.0 0.004402896229294129
974.0 0.004117516073165461
975.0 0.004103185347048566
976.0 0.004088854257133789
977.0 0.003983845817856491
978.0 0.0038788377423770726
979.0 0.0035810597182717174
980.0 0.003283282057964243
981.0 0.0032145606382982805
982.0 0.003145839218632318
983.0 0.0032156924135051668
984.0 0.0032855456083780155
985.0 0.003978136373916641
986.0 0.004670727867051028
987.0 0.005424195478553884
988.0 0.0061776634538546205
989.0 0.007628102321177721
990.0 0.009078542643692344
991.0 0.009579314064467326
992.0 0.01008008694043383
993.0 0.010615124483592808
994.0 0.01115016420953907
995.0 0.010059005580842495
996.0 0.008967844041762874
997.0 0.007815841672709212
998.0 0.0066638422140385956
999.0 0.005999308996251784
1000.0 0.005334774687071331
1001.0 0.004987569627701305
1002.0 0.004640364568331279
1003.0 0.004192159030935727
1004.0 0.0037439531297422945
1005.0 0.004229216938256286
1006.0 0.004714480019174516
1007.0 0.004491696381592192
1008.0 0.004268910197424702
1009.0 0.004083231033291668
1010.0 0.0038975522329565138
1011.0 0.003803235449595377
1012.0 0.00370891866623424
1013.0 0.0034410964872222394
1014.0 0.003173274308210239
1015.0 0.002882149965444114
1016.0 0.0025910256226779893
1017.0 0.0024983391995192505
1018.0 0.002405652412562631
1019.0 0.0019423872799961828
1020.0 0.001479121874581324
1021.0 0.001361536305921618
1022.0 0.0012439506463124417
1023.0 0.0014997982361819595
1024.0 0.001755646189849358
1025.0 0.001808522574719973
1026.0 0.0018613993233884685
1027.0 0.0017294043573201634
1028.0 0.0015974093912518583
1029.0 0.0018623832147568464
1030.0 0.0021273575839586556
1031.0 0.0026198234991170466
1032.0 0.0031122894142754376
1033.0 0.0029572633138741367
1034.0 0.0028022370315738954
1035.0 0.0028538324841065332
1036.0 0.0029054275728412904
1037.0 0.0029104949135216884
1038.0 0.0029155622542020865
1039.0 0.00252000772889005
1040.0 0.0021244535673758946
1041.0 0.0018573686247691512
1042.0 0.0015902840459602885
1043.0 0.0018046201148536056
1044.0 0.0020189565475448035
1045.0 0.0016219157259911299
1046.0 0.0012248749044374563
1047.0 0.001625471850275062
1048.0 0.002026068978011608
1049.0 0.0016565334590268321
1050.0 0.0012869975762441754
1051.0 0.0015285384506569244
1052.0 0.0017700787793728523
1053.0 0.0016816045899759047
1054.0 0.0015931302186800167
1055.0 0.0011927315426873975
1056.0 0.0007923332304926589
1057.0 0.0015037989214761183
1058.0 0.0022152646124595776
1059.0 0.00140096062750672
1060.0 0.0005866570973012131
1061.0 0.0018350239770370536
1062.0 0.003083390765823424
1063.0 0.0023743321435176767
1064.0 0.001665273157414049
1065.0 0.0017320000551990233
1066.0 0.0017987271348829381
1067.0 0.001655454616411589
1068.0 0.0015121813703444786
1069.0 0.002834648512362037
1070.0 0.004157115472480655
1071.0 0.0027031648642150685
1072.0 0.0012492147106968332
1073.0 0.002394516923232004
1074.0 0.003539818135323003
1075.0 0.004388140587252565
1076.0 0.005236461583990604
1077.0 0.00605750574322883
1078.0 0.006878549902467057
1079.0 0.007654986256966367
1080.0 0.008431420428678393
1081.0 0.006026468690834008
1082.0 0.0036215173167875037
1083.0 0.003610798012232408
1084.0 0.0036000779800815508
1085.0 0.0036407338484423235
1086.0 0.003681388989207335
1087.0 0.0042044361180160195
1088.0 0.0047274839744204655
1089.0 0.005124810559209436
1090.0 0.005522137143998407
1091.0 0.004372349940240383
1092.0 0.00322256310028024
1093.0 0.0021806818040204234
1094.0 0.0011388005077606067
1095.0 0.0018259133867104538
1096.0 0.002513026811357122
1097.0 0.0035118584492010996
1098.0 0.004510690268944018
1099.0 0.0034773074730765074
1100.0 0.0024439241315121762
