lsstCam/transmission_filter_detector/r31_s12/u_24/19700101T000000.ecsv
# %ECSV 1.0
# ---
# datatype:
# - {name: wavelength, unit: nm, datatype: float32}
# - {name: efficiency, unit: '%', datatype: float64}
# meta: !!omap
# - {MODE: DETECTOR}
# - {TYPE: transmission_filter_detector}
# - {CALIBDATE: '1970-01-01T00:00:00'}
# - {INSTRUME: LSSTCam}
# - {OBSTYPE: transmission_filter_detector}
# - {CALIBCLS: lsst.ip.isr.IntermediateFilterDetectorTransmissionCurve}
# - {SOURCE: Materion (DM-46256)}
# - {DETECTOR: 131}
# - {FILTER: u_24}
# - {CALIB_ID: 'calibDate=1970-01-01T00:00:00 filter=u_24 detector=131'}
# - {DATE: '2025-04-02T15:59:40.357238'}
# - {CALIB_CREATION_DATE: '2025-04-02'}
# - {CALIB_CREATION_TIME: '15:59:40'}
# - __serialized_columns__:
#     efficiency:
#       __class__: astropy.units.quantity.Quantity
#       unit: !astropy.units.Unit {unit: '%'}
#       value: !astropy.table.SerializedColumn {name: efficiency}
#     wavelength:
#       __class__: astropy.units.quantity.Quantity
#       unit: !astropy.units.Unit {unit: nm}
#       value: !astropy.table.SerializedColumn {name: wavelength}
# schema: astropy-2.0
wavelength efficiency
[from data line 587]
882.0 0.002681524529180024
883.0 0.00258015061262995
884.0 0.002478776514180936
885.0 0.002383493301749695
886.0 0.0022882102712173946
887.0 0.0021324982299120165
888.0 0.0019767861886066385
889.0 0.002334921373403631
890.0 0.002693056740099564
891.0 0.002835996201611124
892.0 0.002978935845021624
893.0 0.002896445948863402
894.0 0.0028139562346041203
895.0 0.0031348532502306625
896.0 0.003455750265857205
897.0 0.0034348970075370744
898.0 0.0034140430216211826
899.0 0.0035758759622694924
900.0 0.003737709266715683
901.0 0.004012417412013747
902.0 0.0042871255573118106
903.0 0.004406032167025842
904.0 0.004524938776739873
905.0 0.004849251854466274
906.0 0.005173564204596914
907.0 0.005221284300205298
908.0 0.0052690040320158005
909.0 0.0054360880312742665
910.0 0.005603171666734852
911.0 0.005441753819468431
912.0 0.0052803359722020105
913.0 0.005102376962895505
914.0 0.0049244183173868805
915.0 0.00469218248326797
916.0 0.004459947012946941
917.0 0.004199594332021661
918.0 0.0039392412872985005
919.0 0.004048572372994386
920.0 0.004157903458690271
921.0 0.004508640631684102
922.0 0.004859377440880053
923.0 0.005219440208747983
924.0 0.005579502976615913
925.0 0.005887823135708459
926.0 0.0061961429310031235
927.0 0.00636576151009649
928.0 0.006535380089189857
929.0 0.006929049413884059
930.0 0.007322719466174021
931.0 0.00736610236344859
932.0 0.007409485260723159
933.0 0.007666346209589392
934.0 0.00792320424807258
935.0 0.007640219700988382
936.0 0.007357233698712662
937.0 0.0068476671003736556
938.0 0.006338101229630411
939.0 0.006168339314172044
940.0 0.005998575579724275
941.0 0.005416468775365502
942.0 0.00483436269860249
943.0 0.004176856964477338
944.0 0.0035193512303521857
945.0 0.003104905044892803
946.0 0.0026904590413323604
947.0 0.00218882123590447
948.0 0.0016871832485776395
949.0 0.0015014545169833582
950.0 0.0013157256944396067
951.0 0.0012915596926177386
952.0 0.0012673935088969301
953.0 0.001529907967778854
954.0 0.0017924225176102482
955.0 0.0019207878722227179
956.0 0.002049152863037307
957.0 0.002293522993568331
958.0 0.0025378933059982955
959.0 0.0027329393560648896
960.0 0.002927985042333603
961.0 0.0035224300518166274
962.0 0.004116874697501771
963.0 0.003987447053077631
964.0 0.0038580194086534902
965.0 0.004245207310304977
966.0 0.0046323955757543445
967.0 0.004487963451538235
968.0 0.004343530963524245
969.0 0.004527804048848338
970.0 0.004712076770374551
971.0 0.0046063705667620525
972.0 0.004500663999351673
973.0 0.004417196396389045
974.0 0.004333728429628536
975.0 0.004187996455584653
976.0 0.004042265209136531
977.0 0.003414051025174558
978.0 0.002785836477414705
979.0 0.0027936614060308784
980.0 0.0028014865165459923
981.0 0.0025957138859666884
982.0 0.002389941619185265
983.0 0.0024540147933294065
984.0 0.0025180881493724883
985.0 0.002728860272327438
986.0 0.002939632940979209
987.0 0.003209960414096713
988.0 0.0034802873415173963
989.0 0.00401785691792611
990.0 0.004555426494334824
991.0 0.00504346244269982
992.0 0.005531499118660577
993.0 0.006116953591117635
994.0 0.006702407699776813
995.0 0.006615196616621688
996.0 0.0065279869886580855
997.0 0.0063371357100550085
998.0 0.006146285159047693
999.0 0.00624061212874949
1000.0 0.006334940553642809
1001.0 0.006546209624502808
1002.0 0.006757480150554329
1003.0 0.0064089537772815675
1004.0 0.006060428131604567
1005.0 0.005600564327323809
1006.0 0.005140700159245171
1007.0 0.005094433799968101
1008.0 0.005048168168286793
1009.0 0.004507391349761747
1010.0 0.003966614895034581
1011.0 0.0039260405173990875
1012.0 0.0038854661397635937
1013.0 0.0031313717045122758
1014.0 0.0023772776330588385
1015.0 0.002110156128765084
1016.0 0.0018430348063702695
1017.0 0.0015110551430552732
1018.0 0.0011790755706897471
1019.0 0.00111677436507307
1020.0 0.0010544731594563928
1021.0 0.0010241671589028556
1022.0 0.0009938613402482588
1023.0 0.0011797549632319715
1024.0 0.0013656486771651544
1025.0 0.0011274792086624075
1026.0 0.0008893099220586009
1027.0 0.0012220480130054057
1028.0 0.0015547857401543297
1029.0 0.0015688672647229396
1030.0 0.0015829489711904898
1031.0 0.001805684769351501
1032.0 0.002028420931310393
1033.0 0.0018580754840513691
1034.0 0.0016877296729944646
1035.0 0.001432922545063775
1036.0 0.0011781148714362644
1037.0 0.0015703199096606113
1038.0 0.001962524765986018
1039.0 0.0018351505786995403
1040.0 0.0017077763914130628
1041.0 0.0017258484149351716
1042.0 0.0017439204384572804
1043.0 0.001689210330368951
1044.0 0.0016345005860785022
1045.0 0.0017927750377566554
1046.0 0.0019510496713337488
1047.0 0.002067280547635164
1048.0 0.0021835114239365794
1049.0 0.0019827246433123946
1050.0 0.0017819378626882099
1051.0 0.0016246718587353826
1052.0 0.0014674060366814956
1053.0 0.001479693855799269
1054.0 0.001491982038714923
1055.0 0.001579832678544335
1056.0 0.0016676833183737472
1057.0 0.0013473160834109876
1058.0 0.0010269491212966386
1059.0 0.0009149891411652789
1060.0 0.0008030292519833893
1061.0 0.0011048579835915007
1062.0 0.0014066868061490823
1063.0 0.0011653136425593402
1064.0 0.0009239404789695982
1065.0 0.0011768740478146356
1066.0 0.001429807616659673
1067.0 0.0018404929505777545
1068.0 0.002251178193546366
1069.0 0.002164815305150114
1070.0 0.002078452416753862
1071.0 0.002069592483167071
1072.0 0.00206073273147922
1073.0 0.0018587690647109412
1074.0 0.0016568055798416026
1075.0 0.0020753157514263876
1076.0 0.0024938259230111726
1077.0 0.002929327092715539
1078.0 0.003364828080520965
1079.0 0.004112635360797867
1080.0 0.0048604422772768885
1081.0 0.005424505798146129
1082.0 0.0059885696828132495
1083.0 0.005297810639603995
1084.0 0.004607050868798979
1085.0 0.005343930024537258
1086.0 0.006080809544073418
1087.0 0.004452849316294305
1088.0 0.002824889452313073
1089.0 0.004699153214460239
1090.0 0.0065734158852137625
1091.0 0.004793401603819802
1092.0 0.0030133869586279616
1093.0 0.003959327659686096
1094.0 0.0049052683607442304
1095.0 0.0040351704228669405
1096.0 0.0031650728487875313
1097.0 0.0031998315535020083
1098.0 0.0032345902582164854
1099.0 0.003887268030666746
1100.0 0.004539946166914888
