lsstCam/transmission_filter_detector/r31_s12/u_24/19700101T000000.ecsv
# %ECSV 1.0
# ---
# datatype:
# - {name: wavelength, unit: nm, datatype: float32}
# - {name: efficiency, unit: '%', datatype: float64}
# meta: !!omap
# - {MODE: DETECTOR}
# - {TYPE: transmission_filter_detector}
# - {CALIBDATE: '1970-01-01T00:00:00'}
# - {INSTRUME: LSSTCam}
# - {OBSTYPE: transmission_filter_detector}
# - {CALIBCLS: lsst.ip.isr.IntermediateFilterDetectorTransmissionCurve}
# - {SOURCE: Materion (DM-46256)}
# - {DETECTOR: 131}
# - {FILTER: u_24}
# - {CALIB_ID: 'calibDate=1970-01-01T00:00:00 filter=u_24 detector=131'}
# - {DATE: '2025-04-02T15:59:40.357238'}
# - {CALIB_CREATION_DATE: '2025-04-02'}
# - {CALIB_CREATION_TIME: '15:59:40'}
# - __serialized_columns__:
#     efficiency:
#       __class__: astropy.units.quantity.Quantity
#       unit: !astropy.units.Unit {unit: '%'}
#       value: !astropy.table.SerializedColumn {name: efficiency}
#     wavelength:
#       __class__: astropy.units.quantity.Quantity
#       unit: !astropy.units.Unit {unit: nm}
#       value: !astropy.table.SerializedColumn {name: wavelength}
# schema: astropy-2.0
wavelength efficiency
295.0 1.576913946643721e-10
296.0 1.576913946643721e-10
297.0 1.576913946643721e-10
298.0 1.576913946643721e-10
299.0 0.08057162631303072
300.0 1.576913946643721e-10
301.0 1.576913946643721e-10
302.0 0.2773782704025507
303.0 1.576913946643721e-10
304.0 0.07368725491687655
305.0 0.6312407087534666
306.0 1.2981363572180271
307.0 2.6550794020295143
308.0 4.656800627708435
309.0 7.762493193149567
310.0 10.836324840784073
311.0 14.596898853778839
312.0 18.282578885555267
313.0 21.401089429855347
314.0 24.593088030815125
315.0 27.102497220039368
316.0 29.118746519088745
317.0 31.587865948677063
318.0 34.13083851337433
319.0 37.50467300415039
320.0 42.5275981426239
321.0 47.713083028793335
322.0 53.7845253944397
323.0 59.30306315422058
324.0 64.09232020378113
325.0 67.54106879234314
326.0 70.19763588905334
327.0 72.14043736457825
328.0 74.01663661003113
329.0 75.36224126815796
330.0 76.78101062774658
331.0 77.74133682250977
332.0 78.11756730079651
333.0 78.3485472202301
334.0 78.15409302711487
335.0 78.31313610076904
336.0 78.37545871734619
337.0 78.81657481193542
338.0 79.65381741523743
339.0 80.34017086029053
340.0 80.75106739997864
341.0 81.29093050956726
342.0 81.68436288833618
343.0 81.56886100769043
344.0 81.67497515678406
345.0 82.00392127037048
346.0 82.32182264328003
347.0 82.64070153236389
348.0 82.93067216873169
349.0 83.13300609588623
350.0 83.2716703414917
351.0 83.41166377067566
352.0 83.27546119689941
353.0 83.2174003124237
354.0 83.16143155097961
355.0 83.35230946540833
356.0 83.54595303535461
357.0 83.41196179389954
358.0 83.15874338150024
359.0 82.97760486602783
360.0 82.86212682723999
361.0 82.7090859413147
362.0 82.47665166854858
363.0 82.65289068222046
364.0 82.70617723464966
365.0 82.95308351516724
366.0 83.08135271072388
367.0 83.1360936164856
368.0 83.10815095901489
369.0 83.08504223823547
370.0 82.81853795051575
371.0 82.59976506233215
372.0 82.49457478523254
373.0 82.66270756721497
374.0 82.65109062194824
375.0 83.01440477371216
376.0 83.0783486366272
377.0 83.13103318214417
378.0 83.16948413848877
379.0 82.94988870620728
380.0 82.38663673400879
381.0 81.14667534828186
382.0 79.48713898658752
383.0 77.47005820274353
384.0 75.42290687561035
385.0 73.14030528068542
386.0 70.71288228034973
387.0 67.56265759468079
388.0 64.344322681427
389.0 60.55689454078674
390.0 56.64575695991516
391.0 52.42903232574463
392.0 47.97452986240387
393.0 44.06704902648926
394.0 40.72299301624298
395.0 37.51826882362366
396.0 34.21187102794647
397.0 29.88632619380951
398.0 24.86780881881714
399.0 18.475337326526642
400.0 12.20366582274437
401.0 7.155762612819672
402.0 3.393487259745598
403.0 1.256697904318571
404.0 0.3931114450097084
405.0 0.16806110506877303
406.0 0.08549592457711697
407.0 0.03805249580182135
408.0 0.011399070353945717
409.0 1.576913946643721e-10
410.0 0.003991943958681077
411.0 1.576913946643721e-10
412.0 1.576913946643721e-10
413.0 1.576913946643721e-10
414.0 1.576913946643721e-10
415.0 1.576913946643721e-10
416.0 1.576913946643721e-10
417.0 1.576913946643721e-10
418.0 1.576913946643721e-10
419.0 1.576913946643721e-10
420.0 1.576913946643721e-10
421.0 1.576913946643721e-10
422.0 1.576913946643721e-10
423.0 1.576913946643721e-10
424.0 1.576913946643721e-10
425.0 1.576913946643721e-10
426.0 1.576913946643721e-10
427.0 1.576913946643721e-10
428.0 1.576913946643721e-10
429.0 1.576913946643721e-10
430.0 1.5297078448384127e-05
431.0 1.576913946643721e-10
432.0 1.576913946643721e-10
433.0 1.576913946643721e-10
434.0 1.576913946643721e-10
435.0 1.576913946643721e-10
436.0 0.0017906166249304079
437.0 0.00045318747652345337
438.0 1.576913946643721e-10
439.0 0.00011171507594553987
440.0 0.0011076728696934879
441.0 1.576913946643721e-10
442.0 1.576913946643721e-10
443.0 1.576913946643721e-10
444.0 1.576913946643721e-10
445.0 1.576913946643721e-10
446.0 1.576913946643721e-10
447.0 1.576913946643721e-10
448.0 1.576913946643721e-10
449.0 1.576913946643721e-10
450.0 1.576913946643721e-10
451.0 1.576913946643721e-10
452.0 0.0006177387149364222
453.0 0.00037849272302992176
454.0 0.0001392467879668402
455.0 1.576913946643721e-10
456.0 1.576913946643721e-10
457.0 1.576913946643721e-10
458.0 9.30618739403144e-05
459.0 0.0002164427996831364
460.0 0.0003398235321583343
461.0 1.576913946643721e-10
462.0 1.576913946643721e-10
463.0 1.576913946643721e-10
464.0 0.0005419425178843085
465.0 0.0003178873612341704
466.0 9.383227848047682e-05
467.0 1.576913946643721e-10
468.0 1.576913946643721e-10
469.0 1.576913946643721e-10
470.0 1.576913946643721e-10
471.0 1.576913946643721e-10
472.0 0.00012464101928344462
473.0 1.576913946643721e-10
474.0 1.576913946643721e-10
475.0 1.576913946643721e-10
476.0 1.576913946643721e-10
477.0 1.576913946643721e-10
478.0 1.576913946643721e-10
479.0 1.576913946643721e-10
480.0 1.576913946643721e-10
481.0 1.576913946643721e-10
482.0 1.576913946643721e-10
483.0 1.576913946643721e-10
484.0 0.0005093477284390246
485.0 0.0004938509391649859
486.0 0.0004783540134667419
487.0 5.184932092561212e-05
488.0 1.576913946643721e-10
489.0 1.576913946643721e-10
490.0 1.576913946643721e-10
491.0 1.576913946643721e-10
492.0 1.576913946643721e-10
493.0 1.576913946643721e-10
494.0 1.576913946643721e-10
495.0 1.576913946643721e-10
496.0 4.271624618468195e-05
497.0 1.576913946643721e-10
498.0 1.576913946643721e-10
499.0 1.576913946643721e-10
500.0 1.576913946643721e-10
501.0 1.576913946643721e-10
502.0 1.576913946643721e-10
503.0 1.576913946643721e-10
504.0 0.00014957164466977702
505.0 6.207843625816167e-05
506.0 1.576913946643721e-10
507.0 1.576913946643721e-10
508.0 1.576913946643721e-10
509.0 1.576913946643721e-10
510.0 1.576913946643721e-10
511.0 1.576913946643721e-10
512.0 0.00027261689865554217
513.0 1.576913946643721e-10
514.0 1.576913946643721e-10
515.0 1.576913946643721e-10
516.0 1.576913946643721e-10
517.0 1.576913946643721e-10
518.0 1.576913946643721e-10
519.0 1.576913946643721e-10
520.0 1.576913946643721e-10
521.0 1.576913946643721e-10
522.0 1.576913946643721e-10
523.0 1.576913946643721e-10
524.0 1.576913946643721e-10
525.0 1.576913946643721e-10
526.0 8.714324195580048e-06
527.0 1.576913946643721e-10
528.0 1.576913946643721e-10
529.0 1.4879192633543425e-05
530.0 4.515891873779765e-05
531.0 1.576913946643721e-10
532.0 1.576913946643721e-10
533.0 1.576913946643721e-10
534.0 0.0005118326498632086
535.0 1.576913946643721e-10
536.0 1.576913946643721e-10
537.0 1.576913946643721e-10
538.0 1.576913946643721e-10
539.0 1.576913946643721e-10
540.0 1.576913946643721e-10
541.0 1.576913946643721e-10
542.0 1.576913946643721e-10
543.0 1.576913946643721e-10
544.0 1.576913946643721e-10
545.0 1.576913946643721e-10
546.0 0.00020248094187991228
547.0 3.60758207307299e-05
548.0 1.576913946643721e-10
549.0 0.00010992264378728578
550.0 0.0003501746050460497
551.0 0.00018964792616316117
552.0 2.912140928401641e-05
553.0 1.576913946643721e-10
554.0 1.576913946643721e-10
555.0 1.576913946643721e-10
556.0 0.000164853361184214
557.0 1.576913946643721e-10
558.0 1.576913946643721e-10
559.0 1.576913946643721e-10
560.0 4.163209155194636e-05
561.0 9.235395737050567e-05
562.0 0.00014307579476735555
563.0 1.576913946643721e-10
564.0 1.576913946643721e-10
565.0 1.576913946643721e-10
566.0 1.576913946643721e-10
567.0 1.576913946643721e-10
568.0 1.576913946643721e-10
569.0 1.576913946643721e-10
570.0 0.00018835208948075888
571.0 0.0002481209776306059
572.0 0.0003078899226238718
573.0 0.00031309277801483404
574.0 0.0003182957016178989
575.0 0.00031720064725959674
576.0 0.00031610561563866213
577.0 0.00035811654015560634
578.0 0.00040012746467255056
579.0 0.0005983035862300312
580.0 0.0007964797077875119
581.0 0.0009586986379872542
582.0 0.0011209175681869965
583.0 0.0013454508007271215
584.0 0.0015699839423177764
585.0 0.0014205434126779437
586.0 0.0012711030649370514
587.0 0.0009456867701373994
588.0 0.0006202703843882773
589.0 0.0008419669029535726
590.0 0.0010636634215188678
591.0 0.0008633287507109344
592.0 0.0006629942618019413
593.0 0.0008052710654737893
594.0 0.0009475479600951076
595.0 0.0008897868610802107
596.0 0.0008320258530147839
597.0 0.000928536792343948
598.0 0.0010250474588247016
599.0 0.0010713472875067964
600.0 0.0011176471161888912
601.0 0.0014520859622280113
602.0 0.0017865248082671314
603.0 0.001867438550107181
604.0 0.0019483526557451114
605.0 0.001921346120070666
606.0 0.0018943399481941015
607.0 0.0014147504771244712
608.0 0.0009351606422569603
609.0 0.0005336411049938761
610.0 0.00013212140856921906
611.0 0.00035596433463069843
612.0 0.0005798072379548103
613.0 0.0006516526354971575
614.0 0.0007234979420900345
615.0 0.0006885971288284054
616.0 0.0006536960427183658
617.0 0.0006241706159926252
618.0 0.0005946451437921496
619.0 0.0005434401373349829
620.0 0.0004922350399283459
621.0 0.0005839754521730356
622.0 0.0006757156825187849
623.0 0.0005189315288589569
624.0 0.00036214721603755606
625.0 0.0004906829417450354
626.0 0.0006192187811393524
627.0 0.0007714354978816118
628.0 0.0009236524419975467
629.0 0.0008239087947004009
630.0 0.0007241649200295797
631.0 0.0011089166946476325
632.0 0.0014936686056898907
633.0 0.0019054728909395635
634.0 0.002317277539987117
635.0 0.0026357651222497225
636.0 0.0029542530683102086
637.0 0.0026182464353041723
638.0 0.0022822401660960168
639.0 0.0021520374502870254
640.0 0.002021835098275915
641.0 0.0018320008166483603
642.0 0.0016421667169197462
643.0 0.0011318565157125704
644.0 0.0006215463145053945
645.0 3.587047103792429e-05
646.0 1.576913946643721e-10
647.0 1.576913946643721e-10
648.0 0.00031876706998446025
649.0 0.00020329459857748589
650.0 8.782218969827227e-05
651.0 0.00041223875086870976
652.0 0.0007366552836174378
653.0 0.0008254231033788528
654.0 0.0009141910595644731
655.0 0.001248492299055215
656.0 0.0015827938113943674
657.0 0.0018717986677074805
658.0 0.0021608033421216533
659.0 0.0026359995899838395
660.0 0.003111195474048145
661.0 0.0030454391890089028
662.0 0.00297968272207072
663.0 0.0029566661396529526
664.0 0.0029336491934373043
665.0 0.0024726768970140256
666.0 0.0020117044186918065
667.0 0.0017620255675865337
668.0 0.001512346716481261
669.0 0.0011756279491237365
670.0 0.0008389090908167418
671.0 0.0006010729066474596
672.0 0.00036323665426607477
673.0 0.00046953614400990773
674.0 0.0005758357474405784
675.0 0.0005599069936579326
676.0 0.0005439781489258166
677.0 0.0007230302799143828
678.0 0.000902082410902949
679.0 0.0014687583643535618
680.0 0.0020354344087536447
681.0 0.003026032391062472
682.0 0.004016629827674478
683.0 0.005194715049583465
684.0 0.006372800271492451
685.0 0.007359545270446688
686.0 0.008346291724592447
687.0 0.008046961011132225
688.0 0.0077476302976720035
689.0 0.007037450995994732
690.0 0.0063272724219132215
691.0 0.005313722795108333
692.0 0.004300173168303445
693.0 0.0034105014492524788
694.0 0.002520829366403632
695.0 0.0020148183466517366
696.0 0.001508807145000901
697.0 0.0012287116078368854
698.0 0.0009486160706728697
699.0 0.0008307734788104426
700.0 0.0007129308869480155
701.0 0.0007372597792709712
702.0 0.0007615886261191918
703.0 0.0005059368959337007
704.0 0.00025028509753610706
705.0 0.0005746824172092602
706.0 0.0008990797141450457
707.0 0.0009760378816281445
708.0 0.0010529960491112433
709.0 0.0010021552952821366
710.0 0.0009513146324025001
711.0 0.0007207209819171112
712.0 0.000490127195007517
713.0 0.0006076682439015713
714.0 0.0007252093837450957
715.0 0.0006352260243147612
716.0 0.0005452427558338968
717.0 0.0007179369731602492
718.0 0.0008906311450118665
719.0 0.0007802637810527813
720.0 0.0006698963261442259
721.0 0.0004896711743640481
722.0 0.0003094460225838702
723.0 0.0004546484888123814
724.0 0.0005998508640914224
725.0 0.00038682546801283024
726.0 0.00017380001509081922
727.0 1.576913946643721e-10
728.0 1.576913946643721e-10
729.0 1.576913946643721e-10
730.0 3.401035542083264e-05
731.0 0.00022824376628705068
732.0 0.0004224772965244483
733.0 0.0003828279659501277
734.0 0.00034317872632527724
735.0 0.0004923985216009896
736.0 0.000641618316876702
737.0 0.0005535110631171847
738.0 0.00046540385483240243
739.0 0.0005171037628315389
740.0 0.0005688036708306754
741.0 0.0009619923730497248
742.0 0.0013551810297940392
743.0 0.0017034453776432201
744.0 0.0020517094526439905
745.0 0.0026028284992207773
746.0 0.003153947545797564
747.0 0.0029948319934192114
748.0 0.0028357164410408586
749.0 0.0029910404919064604
750.0 0.003146364906569943
751.0 0.003204503082088195
752.0 0.0032626416214043275
753.0 0.0031676081562181935
754.0 0.0030725746910320595
755.0 0.002808661520248279
756.0 0.0025447483494644985
757.0 0.0023580947527079843
758.0 0.0021714409740525298
759.0 0.0017480761016486213
760.0 0.0013247109563963022
761.0 0.0010361545719206333
762.0 0.0007475983238691697
763.0 0.00048689826144254766
764.0 0.00022619844912696863
765.0 7.215529649329255e-05
766.0 1.576913946643721e-10
767.0 0.00029012765025981935
768.0 0.0006621431566600222
769.0 0.0006079178547224728
770.0 0.0005536925982596586
771.0 0.0006593231773877051
772.0 0.0007649538019904867
773.0 0.0007785582056385465
774.0 0.0007921626092866063
775.0 0.0007235424618556863
776.0 0.0006549225872731768
777.0 0.0005674549811374163
778.0 0.00047998751142586116
779.0 0.0006736614068358904
780.0 0.0008673351658217143
781.0 0.0011301833183097187
782.0 0.001393031379848253
783.0 0.001068473284249194
784.0 0.0007439150977006648
785.0 0.000992755940387724
786.0 0.0012415969649737235
787.0 0.0011586699656618293
788.0 0.0010757431482488755
789.0 0.0009627577128412668
790.0 0.000849772277433658
791.0 0.0008949178663897328
792.0 0.0009400633643963374
793.0 0.0007625606031069765
794.0 0.0005850580237165559
795.0 0.0006021357876306865
796.0 0.000619213460595347
797.0 0.0003806618678936502
798.0 0.000142110195611167
799.0 0.00011440420166763943
800.0 8.669830435792392e-05
801.0 8.662252639624057e-05
802.0 8.654687917442061e-05
803.0 9.994865877160919e-05
804.0 0.00011335044973748154
805.0 1.576913946643721e-10
806.0 1.576913946643721e-10
807.0 4.3222576096013654e-05
808.0 0.0003094614157816977
809.0 0.00024332696284545818
810.0 0.0001771924871718511
811.0 8.70614030645811e-05
812.0 1.576913946643721e-10
813.0 1.576913946643721e-10
814.0 1.576913946643721e-10
815.0 0.00019826579773507547
816.0 0.0005887807219551178
817.0 0.0005519171736523276
818.0 0.0005150536253495375
819.0 0.0002224990566901397
820.0 1.576913946643721e-10
821.0 1.576913946643721e-10
822.0 1.576913946643721e-10
823.0 1.576913946643721e-10
824.0 7.310406147098547e-06
825.0 7.004906024121738e-05
826.0 0.00013278776123115676
827.0 5.672557108482579e-05
828.0 1.576913946643721e-10
829.0 1.576913946643721e-10
830.0 1.576913946643721e-10
831.0 1.576913946643721e-10
832.0 1.576913946643721e-10
833.0 7.48280513107602e-05
834.0 0.0002065991793642752
835.0 8.204921186916181e-05
836.0 1.576913946643721e-10
837.0 1.576913946643721e-10
838.0 1.576913946643721e-10
839.0 1.576913946643721e-10
840.0 1.576913946643721e-10
841.0 1.576913946643721e-10
842.0 1.576913946643721e-10
843.0 2.9100380061208853e-05
844.0 0.0002441237029415788
845.0 0.00022604504010814708
846.0 0.00020796644548681797
847.0 1.576913946643721e-10
848.0 1.576913946643721e-10
849.0 1.576913946643721e-10
850.0 5.105246145831188e-05
851.0 6.257759821437503e-06
852.0 1.576913946643721e-10
853.0 1.576913946643721e-10
854.0 1.576913946643721e-10
855.0 1.576913946643721e-10
856.0 1.576913946643721e-10
857.0 0.00019060823888139566
858.0 0.0004095942131243646
859.0 0.0007229903076222399
860.0 0.0010363862202211749
861.0 0.0010044027476396877
862.0 0.0009724194569571409
863.0 0.001066795266524423
864.0 0.0011611712579906452
865.0 0.0010693076546886005
866.0 0.0009774439604370855
867.0 0.0013538643543142825
868.0 0.0017302843843935989
869.0 0.0017768041288945824
870.0 0.001823323873395566
871.0 0.0018012497093877755
872.0 0.0017791755453799851
873.0 0.002302341817994602
874.0 0.00282550863630604
875.0 0.002743413278949447
876.0 0.002661317921592854
877.0 0.0027407597372075543
878.0 0.0028202019166201353
879.0 0.002583163404779043
880.0 0.002346125074836891
