lsstCam/transmission_filter_detector/r43_s11/y_10/19700101T000000.ecsv
# %ECSV 1.0
# ---
# datatype:
# - {name: wavelength, unit: nm, datatype: float32}
# - {name: efficiency, unit: '%', datatype: float64}
# meta: !!omap
# - {MODE: DETECTOR}
# - {TYPE: transmission_filter_detector}
# - {CALIBDATE: '1970-01-01T00:00:00'}
# - {INSTRUME: LSSTCam}
# - {OBSTYPE: transmission_filter_detector}
# - {CALIBCLS: lsst.ip.isr.IntermediateFilterDetectorTransmissionCurve}
# - {SOURCE: Materion (DM-46256)}
# - {DETECTOR: 184}
# - {FILTER: y_10}
# - {CALIB_ID: 'calibDate=1970-01-01T00:00:00 filter=y_10 detector=184'}
# - {DATE: '2025-04-02T15:59:51.594299'}
# - {CALIB_CREATION_DATE: '2025-04-02'}
# - {CALIB_CREATION_TIME: '15:59:51'}
# - __serialized_columns__:
#     efficiency:
#       __class__: astropy.units.quantity.Quantity
#       unit: !astropy.units.Unit {unit: '%'}
#       value: !astropy.table.SerializedColumn {name: efficiency}
#     wavelength:
#       __class__: astropy.units.quantity.Quantity
#       unit: !astropy.units.Unit {unit: nm}
#       value: !astropy.table.SerializedColumn {name: wavelength}
# schema: astropy-2.0
wavelength efficiency
300.0 0.01920084614539519
301.0 0.019501129281707108
302.0 0.019801412418019027
303.0 0.015109084779396653
304.0 0.010416754957986996
305.0 0.012444707681424916
306.0 0.014472661132458597
307.0 0.011779154010582715
308.0 0.009085647616302595
309.0 0.009369435429107398
310.0 0.00965322251431644
311.0 0.00741172771085985
312.0 0.00517023254360538
313.0 0.0044619140680879354
314.0 0.0037535937735810876
315.0 0.004497969712247141
316.0 0.0052423460147110745
317.0 0.004901101056020707
318.0 0.00455985646112822
319.0 0.00312618249154184
320.0 0.0016925079762586392
321.0 0.003209587521268986
322.0 0.0047266672481782734
323.0 0.003199604543624446
324.0 0.0016725423847674392
325.0 0.00229564120672876
326.0 0.0029187398467911407
327.0 0.002486238008714281
328.0 0.0020537361706374213
329.0 0.0021104333427501842
330.0 0.002167130514862947
331.0 0.001960815097845625
332.0 0.0017544993170304224
333.0 0.0017357229808112606
334.0 0.001716946644592099
335.0 0.002356181721552275
336.0 0.002995416616613511
337.0 0.0023835698812035844
338.0 0.001771723327692598
339.0 0.0016213736671488732
340.0 0.001471023824706208
341.0 0.0018021650248556398
342.0 0.0021333065888029523
343.0 0.0021270938304951414
344.0 0.0021208810721873306
345.0 0.001231146052305121
346.0 0.0003414109414734412
347.0 0.0007312554771488067
348.0 0.001121099921874702
349.0 0.001411566699971445
350.0 0.0017020332961692475
351.0 0.0015697307389928028
352.0 0.0014374279999174178
353.0 0.0014922588889021426
354.0 0.0015470894140889868
355.0 0.002001433495024685
356.0 0.002455777575960383
357.0 0.0017611955627216958
358.0 0.0010666135494830087
359.0 0.0009727845281304326
360.0 0.0008789555067778565
361.0 0.0009562187187839299
362.0 0.0010334819307900034
363.0 0.0009746237083163578
364.0 0.0009157657586911228
365.0 0.0011769428965635598
366.0 0.0014381202163349371
367.0 0.0016901749404496513
368.0 0.001942229937412776
369.0 0.0016416634025517851
370.0 0.0013410965038929135
371.0 0.0015401099517475814
372.0 0.0017391233996022493
373.0 0.0019238264940213412
374.0 0.002108529406541493
375.0 0.002824094735842664
376.0 0.0035396598832448944
377.0 0.004098823046660982
378.0 0.00465798621007707
379.0 0.004405228537507355
380.0 0.004152470864937641
381.0 0.0033016771340044215
382.0 0.0024508835849701427
383.0 0.0018571441614767537
384.0 0.0012634047379833646
385.0 0.0009728860277391504
386.0 0.0006823673629696714
387.0 0.0006701133315800689
388.0 0.0006578593456652015
389.0 0.0005103901912661968
390.0 0.000362921036867192
391.0 0.0004811709914065432
392.0 0.0005994210368953645
393.0 0.00068209988057788
394.0 0.0007647786333109252
395.0 0.0008142250408127438
396.0 0.0008636714483145624
397.0 0.0008850885024003219
398.0 0.0009065056474355515
399.0 0.0010921217835857533
400.0 0.001277737919735955
401.0 0.0015680883734603412
402.0 0.0018584387362352572
403.0 0.0019522813090588897
404.0 0.0020461235180846415
405.0 0.002005451824516058
406.0 0.0019647797671495937
407.0 0.001819355929910671
408.0 0.0016739317288738675
409.0 0.0016816495190141723
410.0 0.001689367309154477
411.0 0.0009663623131928034
412.0 0.0002433574991300702
413.0 0.00042487959035497624
414.0 0.0006064013632567367
415.0 0.0003872001343552256
416.0 0.00016799901914055226
417.0 1.6822555718234988e-10
418.0 1.6822555718234988e-10
419.0 0.00013961341664980864
420.0 0.0007007653948676307
421.0 0.0003580482371035032
422.0 1.533109923457232e-05
423.0 1.6822555718234988e-10
424.0 1.6822555718234988e-10
425.0 1.6822555718234988e-10
426.0 1.6822555718234988e-10
427.0 1.6822555718234988e-10
428.0 0.0005862279067514464
429.0 1.6822555718234988e-10
430.0 1.6822555718234988e-10
431.0 1.6822555718234988e-10
432.0 1.6822555718234988e-10
433.0 1.6822555718234988e-10
434.0 1.6822555718234988e-10
435.0 1.6822555718234988e-10
436.0 0.00018016351077676518
437.0 1.6822555718234988e-10
438.0 1.6822555718234988e-10
439.0 0.0002136357124982169
440.0 0.0007361619282164611
441.0 1.6822555718234988e-10
442.0 1.6822555718234988e-10
443.0 1.6822555718234988e-10
444.0 0.0005542995040741516
445.0 0.00041461676119070034
446.0 0.0002749340865193517
447.0 0.0001997766275962931
448.0 0.0001246191800419183
449.0 9.646645366956363e-05
450.0 6.831351697655919e-05
451.0 1.6822555718234988e-10
452.0 1.6822555718234988e-10
453.0 1.6822555718234988e-10
454.0 1.6822555718234988e-10
455.0 4.430729632076691e-05
456.0 0.00024678429326741025
457.0 0.0004044065008201869
458.0 0.0005620286628982285
459.0 0.00043984623516735155
460.0 0.00031766378469910705
461.0 0.00021604621451842831
462.0 0.00011442861023169826
463.0 0.00026212248940282734
464.0 0.00040981644815474283
465.0 0.0006344080702547217
466.0 0.0008589998287789058
467.0 0.0007197645572887268
468.0 0.0005805293312732829
469.0 0.0010126344022864942
470.0 0.0014447394278249703
471.0 0.0013062933248875197
472.0 0.0011678474947984796
473.0 0.0019160605006618425
474.0 0.0026642735974746756
475.0 0.002666301043063868
476.0 0.0026683281248551793
477.0 0.00243670838244725
478.0 0.0022050882762414403
479.0 0.0026204344976576976
480.0 0.003035780719073955
481.0 0.003318785093142651
482.0 0.003601790012908168
483.0 0.003703125548781827
484.0 0.0038044614484533668
485.0 0.0033486361644463614
486.0 0.002892810880439356
487.0 0.0024378252419410273
488.0 0.001982839785341639
489.0 0.0019669707398861647
490.0 0.0019511018763296306
491.0 0.001719228021102026
492.0 0.0014873544387228321
493.0 0.0016072604921646416
494.0 0.0017271666365559213
495.0 0.0016564228644710965
496.0 0.0015856790923862718
497.0 0.0014034498235560022
498.0 0.0012212205547257327
499.0 0.001600114228494931
500.0 0.0019790073565673083
501.0 0.0022079409973230213
502.0 0.002436874456179794
503.0 0.0026139307010453194
504.0 0.002790986945910845
505.0 0.0025034125428646803
506.0 0.002215837776020635
507.0 0.0019293926015961915
508.0 0.0016429476090706885
509.0 0.0016545694961678237
510.0 0.0016661913832649589
511.0 0.0018550126696936786
512.0 0.0020438339561223984
513.0 0.0019245711882831529
514.0 0.0018053080566460267
515.0 0.0018262799130752683
516.0 0.0018472515876055695
517.0 0.0014246801583794877
518.0 0.0010021083653555252
519.0 0.0011089522558904719
520.0 0.001215796328324359
521.0 0.001214747862832155
522.0 0.0012136993973399512
523.0 0.0013050659617874771
524.0 0.0013964327081339434
525.0 0.0018248332708026282
526.0 0.002253233833471313
527.0 0.0021788873709738255
528.0 0.0021045407265773974
529.0 0.002265739931317512
530.0 0.002426938954158686
531.0 0.002214769301644992
532.0 0.0020026000129291788
533.0 0.0019781193259404972
534.0 0.0019536390027496964
535.0 0.0018464937966200523
536.0 0.0017393485904904082
537.0 0.0018654707673704252
538.0 0.0019915931261493824
539.0 0.0024825410946505144
540.0 0.0029734892450505868
541.0 0.0035658064007293433
542.0 0.0041581235564081
543.0 0.004377520235721022
544.0 0.004596917278831825
545.0 0.004658481702790596
546.0 0.0047200461267493665
547.0 0.004303800960769877
548.0 0.003887555794790387
549.0 0.003424591341172345
550.0 0.002961627069453243
551.0 0.002441929973429069
552.0 0.0019222326955059543
553.0 0.0022457406885223463
554.0 0.0025692488634376787
555.0 0.00295459230983397
556.0 0.0033399359381292015
557.0 0.004053174416185357
558.0 0.004766412530443631
559.0 0.004637090023607016
560.0 0.004507767152972519
561.0 0.004125639679841697
562.0 0.0037435118429129943
563.0 0.003339476461405866
564.0 0.0029354407161008567
565.0 0.003140646731480956
566.0 0.003345852383063175
567.0 0.004119513323530555
568.0 0.004893173536402173
569.0 0.005428943404695019
570.0 0.005964713272987865
571.0 0.006420926365535706
572.0 0.006877139821881428
573.0 0.00693536494509317
574.0 0.006993590795900673
575.0 0.0067626271629706025
576.0 0.006531664257636294
577.0 0.0060330017731757835
578.0 0.005534339288715273
579.0 0.0051939525292254984
580.0 0.004853565769735724
581.0 0.005392269667936489
582.0 0.005930973929935135
583.0 0.007197904051281512
584.0 0.008464835991617292
585.0 0.0097710668342188
586.0 0.011077300587203354
587.0 0.011241631000302732
588.0 0.011405965051380917
589.0 0.01075829059118405
590.0 0.010110619041370228
591.0 0.009657469490775838
592.0 0.009204318484989926
593.0 0.008031418110476807
594.0 0.006858514825580642
595.0 0.0059799822338391095
596.0 0.005101447823108174
597.0 0.005189433431951329
598.0 0.005277419404592365
599.0 0.006186005339259282
600.0 0.0070945912739261985
601.0 0.008220069867093116
602.0 0.00934554627747275
603.0 0.01015033049043268
604.0 0.01095511470339261
605.0 0.010722372098825872
606.0 0.01048963240464218
607.0 0.010001429473049939
608.0 0.009513226541457698
609.0 0.008350620191777125
610.0 0.007188014569692314
611.0 0.005541146674659103
612.0 0.003894278415828012
613.0 0.0036518267734209076
614.0 0.0034093758586095646
615.0 0.0034995362511835992
616.0 0.003589696643757634
617.0 0.004926431938656606
618.0 0.006263166142161936
619.0 0.007840759644750506
620.0 0.009418352419743314
621.0 0.01048564663506113
622.0 0.011552939395187423
623.0 0.011529021139722317
624.0 0.011505102884257212
625.0 0.01096154737751931
626.0 0.010417991143185645
627.0 0.009091592801269144
628.0 0.007765193731756881
629.0 0.0063572777435183525
630.0 0.004949360300088301
631.0 0.0038545364077435806
632.0 0.0027597123334999196
633.0 0.002659437814145349
634.0 0.0025591632947907783
635.0 0.0024421053240075707
636.0 0.0023250469894264825
637.0 0.0029637372790602967
638.0 0.0036024277505930513
639.0 0.004392283517518081
640.0 0.00518213928444311
641.0 0.005535493255592883
642.0 0.005888847226742655
643.0 0.005810059155919589
644.0 0.005731271085096523
645.0 0.005317044997354969
646.0 0.004902818909613416
647.0 0.004355647615739144
648.0 0.0038084759580669925
649.0 0.00304836685245391
650.0 0.002288257746840827
651.0 0.002322274485777598
652.0 0.0023562912247143686
653.0 0.001969899130926933
654.0 0.001583507219038438
655.0 0.0018265474864165299
656.0 0.002069587935693562
657.0 0.002018043778662104
658.0 0.0019664996216306463
659.0 0.0016617914297967218
660.0 0.001357083147013327
661.0 0.0015909181456663646
662.0 0.001824753599066753
663.0 0.001990281270991545
664.0 0.0021558089429163374
665.0 0.002345761276956182
666.0 0.0025357139747939073
667.0 0.0027655156372929923
668.0 0.0029953174816910177
669.0 0.004191761763649993
670.0 0.005388205318013206
671.0 0.006244749965844676
672.0 0.007101293886080384
673.0 0.007447286770911887
674.0 0.0077932782005518675
675.0 0.007557880599051714
676.0 0.0073224815423600376
677.0 0.006874032260384411
678.0 0.006425581523217261
679.0 0.005351109575713053
680.0 0.004276637264410965
681.0 0.0028465667128330097
682.0 0.0014164954336592928
683.0 0.0008785538739175536
684.0 0.0003406122232263442
685.0 0.00022399492536351318
686.0 0.00010737752518252819
687.0 0.00017234485767403385
688.0 0.00023731220153422328
689.0 0.00027330859211360803
690.0 0.00030930495995562524
691.0 0.00023109896574169397
692.0 0.0001528928919469763
693.0 0.0003378113433427643
694.0 0.0005227296696830308
695.0 0.000421233653469244
696.0 0.00031973775094229495
697.0 0.00043139107219758444
698.0 0.0005430443252407713
699.0 0.00026339594114688225
700.0 1.6822555718234988e-10
701.0 1.6822555718234988e-10
702.0 1.6822555718234988e-10
703.0 4.8854951728571905e-05
704.0 0.0003965694759244798
705.0 0.0002933779796876479
706.0 0.00019018642660739715
707.0 0.0001408547518622072
708.0 9.152308848570101e-05
709.0 0.00027448443233879516
710.0 0.0004574457761918893
711.0 0.00024073030999716138
712.0 2.4014818222894974e-05
713.0 4.1186439148077625e-05
714.0 5.8358023125038017e-05
715.0 8.464465395263687e-05
716.0 0.00011093120519944932
717.0 0.00010929866220976692
718.0 0.00010766598279587924
719.0 9.775652642929344e-05
720.0 8.784709280007519e-05
721.0 0.0002843599304469535
722.0 0.0004808728135685669
723.0 0.00036966707739338744
724.0 0.0002584613639555755
725.0 0.00032445868782815523
726.0 0.0003904560799128376
727.0 0.0003317353957754676
728.0 0.0002730146206886275
729.0 0.00025137965167232323
730.0 0.00022974461444391636
731.0 0.0002964021632578806
732.0 0.00036305950743553694
733.0 0.0003448608595135738
734.0 0.00032666239349055104
735.0 0.00048754645831650123
736.0 0.0006484304776677163
737.0 0.0007208362603705609
738.0 0.0007932419975986704
739.0 0.0005748234343627701
740.0 0.00035640496207633987
741.0 0.00028414588086889125
742.0 0.00021188689061091281
743.0 0.0003803278559644241
744.0 0.0005487689122674055
745.0 0.0005690783382306108
746.0 0.0005893878551432863
747.0 0.00045231081458041444
748.0 0.0003152339786538505
749.0 0.00034462786970834713
750.0 0.0003740217152881087
751.0 0.0001012646634990233
752.0 1.6822555718234988e-10
753.0 9.470784902987361e-05
754.0 0.0003609080067690229
755.0 0.0003474547384030302
756.0 0.00033400149277440505
757.0 0.00032484888379258336
758.0 0.00031569600196235115
759.0 0.00015558802033410757
760.0 1.6822555718234988e-10
761.0 1.6822555718234988e-10
762.0 1.6822555718234988e-10
763.0 0.00013609242159873247
764.0 0.00031463559935218655
765.0 0.0002535624616939458
766.0 0.00019248936951044016
767.0 0.00010937910701613873
768.0 2.626882746881165e-05
769.0 9.292712093156297e-05
770.0 0.0001595854882907588
771.0 8.041984074225184e-05
772.0 1.254175518994316e-06
773.0 6.324377750388521e-05
774.0 0.00012523329360192292
775.0 0.00032393108995165676
776.0 0.0005226288067206042
777.0 0.00026269613044860307
778.0 2.7633724641873414e-06
779.0 0.00047248877308447845
780.0 0.00094221413746709
781.0 0.0009167454663838726
782.0 0.0008912767953006551
783.0 0.0007499133971577976
784.0 0.0006085501354391454
785.0 0.00045754809434583876
786.0 0.00030654605325253215
787.0 0.0005574066108238185
788.0 0.0008082671229203697
789.0 0.0005118369699630421
790.0 0.0002154066123694065
791.0 0.00038781877265137155
792.0 0.0005602310466201743
793.0 0.0006460466465796344
794.0 0.0007318621555896243
795.0 0.0005989149030938279
796.0 0.0004659676051232964
797.0 0.0006333498276944738
798.0 0.0008007320502656512
799.0 0.0008423489816777874
800.0 0.0008839660040393937
801.0 0.0007984031981322914
802.0 0.0007128404831746593
803.0 0.0007105223630787805
804.0 0.0007082041975081665
805.0 0.000762791205488611
806.0 0.0008173781679943204
807.0 0.0010089323950523976
808.0 0.001200486713059945
809.0 0.001028300539474003
810.0 0.0008561145477870014
811.0 0.0008345823516719975
812.0 0.0008130502465064637
813.0 0.000595882147536031
814.0 0.0003787141395150684
815.0 0.00017867358792500454
816.0 1.6822555718234988e-10
817.0 0.00022110548343334813
818.0 0.00046357813516806345
819.0 0.0003809062491200166
820.0 0.0002982343175972346
821.0 0.00039910737541504204
822.0 0.0004999804332328495
823.0 0.0004593807716446463
824.0 0.00041878142837958876
825.0 0.00043648501559800934
826.0 0.0004541886028164299
827.0 0.0005413971848611254
828.0 0.0006286056304816157
829.0 0.0007085864126565866
830.0 0.000788566921983147
831.0 0.000899398401088547
832.0 0.0010102296982950065
833.0 0.0009648142622609157
834.0 0.0009193989171762951
835.0 0.0007320042186620412
836.0 0.0005446096565719927
837.0 0.0007851783266232815
838.0 0.0010257469511998352
839.0 0.0008888237061910331
840.0 0.0007519005066569662
841.0 0.00048204542508756276
842.0 0.00021219027530605672
843.0 0.00032572563668509247
844.0 0.00043926111175096594
845.0 0.0007893418114690576
846.0 0.0011394226930860896
847.0 0.0008155005161825102
848.0 0.0004915783847536659
849.0 0.0007971508239279501
850.0 0.0011027233085769694
851.0 0.0007011662546574371
852.0 0.00029960929168737493
853.0 0.0004553446160571184
854.0 0.0006110802132752724
855.0 0.0007031915629340801
856.0 0.0007953029125928879
857.0 0.0010404798558738548
858.0 0.0012856567991548218
859.0 0.0012626846000785008
860.0 0.0012397123100527097
861.0 0.0012874415006081108
862.0 0.0013351708730624523
863.0 0.0014430062947212718
864.0 0.0015508416254306212
865.0 0.0016641095498926006
866.0 0.0017773776562535204
867.0 0.0021993315385770984
868.0 0.0026212859665974975
869.0 0.002640846105350647
870.0 0.002660406426002737
871.0 0.002850837518053595
872.0 0.003041268792003393
873.0 0.002671882975846529
874.0 0.002302497341588605
