lsstCam/transmission_filter_detector/r43_s11/y_10/19700101T000000.ecsv
# %ECSV 1.0
# ---
# datatype:
# - {name: wavelength, unit: nm, datatype: float32}
# - {name: efficiency, unit: '%', datatype: float64}
# meta: !!omap
# - {MODE: DETECTOR}
# - {TYPE: transmission_filter_detector}
# - {CALIBDATE: '1970-01-01T00:00:00'}
# - {INSTRUME: LSSTCam}
# - {OBSTYPE: transmission_filter_detector}
# - {CALIBCLS: lsst.ip.isr.IntermediateFilterDetectorTransmissionCurve}
# - {SOURCE: Materion (DM-46256)}
# - {DETECTOR: 184}
# - {FILTER: y_10}
# - {CALIB_ID: 'calibDate=1970-01-01T00:00:00 filter=y_10 detector=184'}
# - {DATE: '2025-04-02T15:59:51.594299'}
# - {CALIB_CREATION_DATE: '2025-04-02'}
# - {CALIB_CREATION_TIME: '15:59:51'}
# - __serialized_columns__:
#     efficiency:
#       __class__: astropy.units.quantity.Quantity
#       unit: !astropy.units.Unit {unit: '%'}
#       value: !astropy.table.SerializedColumn {name: efficiency}
#     wavelength:
#       __class__: astropy.units.quantity.Quantity
#       unit: !astropy.units.Unit {unit: nm}
#       value: !astropy.table.SerializedColumn {name: wavelength}
# schema: astropy-2.0
wavelength efficiency
[from data line 576]
876.0 0.0017618665879126638
877.0 0.0014536238268192392
878.0 0.0011453811566752847
879.0 0.0015132040061871521
880.0 0.06242427043616772
881.0 0.07940331124700606
882.0 0.05988920456729829
883.0 0.0959752534981817
884.0 0.05455168429762125
885.0 0.09009110508486629
886.0 0.055628950940445065
887.0 0.0963640515692532
888.0 0.0769223493989557
889.0 0.08973359945230186
890.0 0.05926649901084602
891.0 0.08288173703476787
892.0 0.06813587970100343
893.0 0.09719294030219316
894.0 0.06631814176216722
895.0 0.09279568330384791
896.0 0.07508618291467428
897.0 0.09095694404095411
898.0 0.07374383276328444
899.0 0.12295045889914036
900.0 0.08073562057688832
901.0 0.11646640487015247
902.0 0.13362790923565626
903.0 0.13375512789934874
904.0 0.15848159091547132
905.0 0.17311845440417528
906.0 0.19917837344110012
907.0 0.2618738217279315
908.0 0.31039328314363956
909.0 0.39058481343090534
910.0 0.5430169403553009
911.0 0.7287522312253714
912.0 1.0435285978019238
913.0 1.5681533142924309
914.0 2.2268492728471756
915.0 3.2735388725996017
916.0 4.666252061724663
917.0 6.326518207788467
918.0 8.38049128651619
919.0 10.500850528478622
920.0 13.517610728740692
921.0 16.689428687095642
922.0 19.7225421667099
923.0 23.195448517799377
924.0 26.944178342819214
925.0 31.0639888048172
926.0 36.2608402967453
927.0 42.09599494934082
928.0 47.61222004890442
929.0 53.80508303642273
930.0 59.691065549850464
931.0 65.78459739685059
932.0 71.9230055809021
933.0 77.51801609992981
934.0 82.06465244293213
935.0 85.6539249420166
936.0 88.72775435447693
937.0 91.09317064285278
938.0 92.82547235488892
939.0 94.00820732116699
940.0 94.74462866783142
941.0 95.22526860237122
942.0 95.62720656394958
943.0 95.93508839607239
944.0 96.32700085639954
945.0 96.5015172958374
946.0 96.69192433357239
947.0 96.81556224822998
948.0 96.9948410987854
949.0 96.92462682723999
950.0 97.03488945960999
951.0 97.08734154701233
952.0 97.08620309829712
953.0 97.19328880310059
954.0 97.20338582992554
955.0 97.22424745559692
956.0 97.46672511100769
957.0 97.63955473899841
958.0 97.80861139297485
959.0 97.93300032615662
960.0 98.11169505119324
961.0 98.25183153152466
962.0 98.35337996482849
963.0 98.46739172935486
964.0 98.51106405258179
965.0 98.59821200370789
966.0 98.68663549423218
967.0 98.746258020401
968.0 98.74345064163208
969.0 98.74586462974548
970.0 98.80866408348083
971.0 98.87416362762451
972.0 98.89573454856873
973.0 98.95901679992676
974.0 98.98909330368042
975.0 98.94105792045593
976.0 99.0210771560669
977.0 99.00680184364319
978.0 99.08409714698792
979.0 99.05401468276978
980.0 99.0127444267273
981.0 98.92578125
982.0 98.90142679214478
983.0 98.9433228969574
984.0 98.89405965805054
985.0 98.8753080368042
986.0 98.75163435935974
987.0 98.8435447216034
988.0 98.69416356086731
989.0 98.66568446159363
990.0 98.60987067222595
991.0 98.61022233963013
992.0 98.67368936538696
993.0 98.59155416488647
994.0 98.53326082229614
995.0 98.56964349746704
996.0 98.54784607887268
997.0 98.6537218093872
998.0 98.67321848869324
999.0 98.71828556060791
1000.0 98.74555468559265
1001.0 98.75758290290833
1002.0 98.86113405227661
1003.0 98.89975786209106
1004.0 99.00406002998352
1005.0 98.97314310073853
1006.0 99.09546971321106
1007.0 99.08148646354675
1008.0 99.08186197280884
1009.0 99.06384348869324
1010.0 99.09289479255676
1011.0 99.09226894378662
1012.0 99.01406764984131
1013.0 99.03311133384705
1014.0 99.00784492492676
1015.0 98.97438287734985
1016.0 98.9344596862793
1017.0 98.9351212978363
1018.0 99.01999235153198
1019.0 98.90223145484924
1020.0 98.93195033073425
1021.0 99.02487397193909
1022.0 98.89045357704163
1023.0 98.96206855773926
1024.0 98.88539910316467
1025.0 98.90570640563965
1026.0 98.9306628704071
1027.0 99.04412031173706
1028.0 98.92120957374573
1029.0 99.0403413772583
1030.0 99.08871054649353
1031.0 99.08007979393005
1032.0 99.06604290008545
1033.0 99.00564551353455
1034.0 99.0772545337677
1035.0 99.10368919372559
1036.0 99.0724503993988
1037.0 99.05056953430176
1038.0 98.98552894592285
1039.0 98.99564981460571
1040.0 98.89710545539856
1041.0 98.98350238800049
1042.0 98.94950985908508
1043.0 98.8560438156128
1044.0 98.92919659614563
1045.0 98.64901900291443
1046.0 98.89476895332336
1047.0 98.6928641796112
1048.0 98.80490899085999
1049.0 98.70690107345581
1050.0 98.71401190757751
1051.0 98.66741299629211
1052.0 98.65669012069702
1053.0 98.5457718372345
1054.0 98.8221287727356
1055.0 98.83686304092407
1056.0 98.68165850639343
1057.0 98.84596467018127
1058.0 98.73434901237488
1059.0 98.70817065238953
1060.0 98.81066679954529
1061.0 98.84271621704102
1062.0 98.76978993415833
1063.0 98.72028827667236
1064.0 98.88322353363037
1065.0 98.79761338233948
1066.0 98.9808201789856
1067.0 98.93787503242493
1068.0 98.9356517791748
1069.0 98.68680834770203
1070.0 99.0723192691803
1071.0 98.83095622062683
1072.0 98.91915321350098
1073.0 99.07479882240295
1074.0 98.62000346183777
1075.0 98.68236184120178
1076.0 98.30077290534973
1077.0 98.79670739173889
1078.0 98.98033142089844
1079.0 98.66778254508972
1080.0 99.31835532188416
1081.0 98.61565232276917
1082.0 98.51383566856384
1083.0 98.60689043998718
1084.0 99.15819764137268
1085.0 98.78255724906921
1086.0 98.71852397918701
1087.0 98.72934818267822
1088.0 98.46905469894409
1089.0 98.37896823883057
1090.0 98.43268394470215
1091.0 98.60439896583557
1092.0 98.72937798500061
1093.0 98.51681590080261
1094.0 98.33288788795471
1095.0 98.33624958992004
1096.0 98.54848384857178
1097.0 98.17245602607727
1098.0 97.79516458511353
1099.0 98.56996536254883
1100.0 98.15263748168945
