lsstCam/transmission_filter_detector/r13_s20/z_20/19700101T000000.ecsv
# %ECSV 1.0
# ---
# datatype:
# - {name: wavelength, unit: nm, datatype: float32}
# - {name: efficiency, unit: '%', datatype: float64}
# meta: !!omap
# - {MODE: DETECTOR}
# - {TYPE: transmission_filter_detector}
# - {CALIBDATE: '1970-01-01T00:00:00'}
# - {INSTRUME: LSSTCam}
# - {OBSTYPE: transmission_filter_detector}
# - {CALIBCLS: lsst.ip.isr.IntermediateFilterDetectorTransmissionCurve}
# - {SOURCE: Materion (DM-46256)}
# - {DETECTOR: 60}
# - {FILTER: z_20}
# - {CALIB_ID: 'calibDate=1970-01-01T00:00:00 filter=z_20 detector=60'}
# - {DATE: '2025-04-02T15:59:48.915383'}
# - {CALIB_CREATION_DATE: '2025-04-02'}
# - {CALIB_CREATION_TIME: '15:59:48'}
# - __serialized_columns__:
#     efficiency:
#       __class__: astropy.units.quantity.Quantity
#       unit: !astropy.units.Unit {unit: '%'}
#       value: !astropy.table.SerializedColumn {name: efficiency}
#     wavelength:
#       __class__: astropy.units.quantity.Quantity
#       unit: !astropy.units.Unit {unit: nm}
#       value: !astropy.table.SerializedColumn {name: wavelength}
# schema: astropy-2.0
wavelength efficiency
300.0 0.866156630218029
301.0 0.5871015600860119
302.0 0.30804655980318785
303.0 0.2985025988891721
304.0 0.28895868454128504
305.0 0.24409506004303694
306.0 0.1992313889786601
307.0 0.1848330139182508
308.0 0.17043465049937367
309.0 0.1480586943216622
310.0 0.12568271486088634
311.0 0.12710326118394732
312.0 0.12852384243160486
313.0 0.11351387947797775
314.0 0.09850395144894719
315.0 0.09666833793744445
316.0 0.0948327244259417
317.0 0.07974056643433869
318.0 0.06464842008426785
319.0 0.06450790679082274
320.0 0.06436739931814373
321.0 0.06403187871910632
322.0 0.063696363940835
323.0 0.05618171999230981
324.0 0.048667078954167664
325.0 0.04488927952479571
326.0 0.04111148009542376
327.0 0.040332594653591514
328.0 0.039553706301376224
329.0 0.03486793430056423
330.0 0.03018216521013528
331.0 0.02750843996182084
332.0 0.0248347147135064
333.0 0.02414582559140399
334.0 0.023456933558918536
335.0 0.022241767146624625
336.0 0.021026600734330714
337.0 0.024986869539134204
338.0 0.02894713543355465
339.0 0.024697411572560668
340.0 0.020447692077141255
341.0 0.01725310576148331
342.0 0.014058519445825368
343.0 0.01411128614563495
344.0 0.014164057211019099
345.0 0.013256535748951137
346.0 0.012349014286883175
347.0 0.011795704631367698
348.0 0.011242396431043744
349.0 0.013677832612302154
350.0 0.016113268793560565
351.0 0.013511990255210549
352.0 0.01091070516849868
353.0 0.01136202918132767
354.0 0.011813353194156662
355.0 0.010150286834686995
356.0 0.008487219020025805
357.0 0.00943085688049905
358.0 0.01037449692375958
359.0 0.010149406443815678
360.0 0.009924315236276016
361.0 0.009030840737977996
362.0 0.008137368422467262
363.0 0.009303387196268886
364.0 0.010469404514878988
365.0 0.010212326014880091
366.0 0.00995525042526424
367.0 0.008674454147694632
368.0 0.007393656414933503
369.0 0.007949660357553512
370.0 0.008505666482960805
371.0 0.008405905828112736
372.0 0.00830614662845619
373.0 0.007319381256820634
374.0 0.006332618067972362
375.0 0.006568396929651499
376.0 0.006804175063734874
377.0 0.007126298442017287
378.0 0.007448420365108177
379.0 0.00626163455308415
380.0 0.005074848013464361
381.0 0.0032853029551915824
382.0 0.0014957585335650947
383.0 0.00365530613635201
384.0 0.005814853648189455
385.0 0.005573472662945278
386.0 0.005332092041498981
387.0 0.005987617259961553
388.0 0.006643142842222005
389.0 0.005889980457141064
390.0 0.0051368187996558845
391.0 0.004756285852636211
392.0 0.004375752541818656
393.0 0.004826876102015376
394.0 0.005278000026009977
395.0 0.0044102685933467
396.0 0.003542536069289781
397.0 0.0037145484384382144
398.0 0.003886560079990886
399.0 0.004107139102416113
400.0 0.0043277173972455785
401.0 0.004596111102728173
402.0 0.004864504808210768
403.0 0.004967553832102567
404.0 0.0050706035835901275
405.0 0.004184064891887829
406.0 0.0032975265639834106
407.0 0.0019443436030996963
408.0 0.0005911614152864786
409.0 0.0020409053831826895
410.0 0.0034906493965536356
411.0 0.004211567647871561
412.0 0.004932485899189487
413.0 0.004716379044111818
414.0 0.004500271461438388
415.0 0.003726761497091502
416.0 0.0029532517146435566
417.0 0.003996643135906197
418.0 0.005040034375269897
419.0 0.00452073581982404
420.0 0.004001436900580302
421.0 0.003994431244791485
422.0 0.00398742631659843
423.0 0.003811348506133072
424.0 0.0036352714232634753
425.0 0.0026214809622615576
426.0 0.0016076906831585802
427.0 0.0018066775737679563
428.0 0.002005664828175213
429.0 0.0014374054444488138
430.0 0.0008691465154697653
431.0 0.0007905473466962576
432.0 0.0007119481779227499
433.0 0.0007357647973549319
434.0 0.0007595815986860543
435.0 0.0012965303540113382
436.0 0.0018334792912355624
437.0 0.0019108538253931329
438.0 0.0019882285414496437
439.0 0.0020957568267476745
440.0 0.0022032851120457053
441.0 0.0016808189684525132
442.0 0.0011583530067582615
443.0 0.0023122125639929436
444.0 0.003466072303126566
445.0 0.0034744167351163924
446.0 0.0034827615309040993
447.0 0.002736178612394724
448.0 0.001989595875784289
449.0 0.0025908513634931296
450.0 0.003192107396898791
451.0 0.0025651073883636855
452.0 0.001938107016030699
453.0 0.0017901829778566025
454.0 0.001642258939682506
455.0 0.0023805387172615156
456.0 0.003118818494840525
457.0 0.002271948687848635
458.0 0.001425078880856745
459.0 0.001494091975473566
460.0 0.001563105070090387
461.0 0.0007266988632181892
462.0 1.585112575051839e-10
463.0 0.0009097283509618137
464.0 0.0019291643184260465
465.0 0.0021964320694678463
466.0 0.0024637000024085864
467.0 0.0021374793504946865
468.0 0.0018112581528839655
469.0 0.0016138614228111692
470.0 0.0014164643289404921
471.0 0.0013364776350499596
472.0 0.0012564912140078377
473.0 0.0012406249879859388
474.0 0.00122475885291351
475.0 0.001037722086039139
476.0 0.0008506852282152977
477.0 0.0012696087651420385
478.0 0.001688532211119309
479.0 0.0020589994164765812
480.0 0.002429466439934913
481.0 0.001901361065392848
482.0 0.0013732555089518428
483.0 0.0009552702977089211
484.0 0.0005372850409912644
485.0 0.0013583267900685314
486.0 0.002179368311772123
487.0 0.0015400597476400435
488.0 0.0009007512744574342
489.0 0.0016701371350791305
490.0 0.0024395229047513567
491.0 0.0023192887965706177
492.0 0.0021990546883898787
493.0 0.001961896305147093
494.0 0.0017247382857021876
495.0 0.0015805977454874665
496.0 0.0014364571143232752
497.0 0.0012506507118814625
498.0 0.0010648445822880603
499.0 0.0011770638593588956
500.0 0.0012892833183286712
501.0 0.0008565188181819394
502.0 0.00042375399971206207
503.0 0.0012635540770133957
504.0 0.0021033541997894645
505.0 0.002288342875544913
506.0 0.0024733315513003618
507.0 0.002354961725359317
508.0 0.002236591899418272
509.0 0.001848213651101105
510.0 0.001459835584682878
511.0 0.0011628341781033669
512.0 0.0008658327715238556
513.0 0.0013341051271709148
514.0 0.0018023778466158547
515.0 0.001392147987644421
516.0 0.0009819185834203381
517.0 0.0009291619790019467
518.0 0.0008764052836340852
519.0 0.0010856381777557544
520.0 0.0012948707990290131
521.0 0.00162033575179521
522.0 0.0019458006136119366
523.0 0.0012669842362811323
524.0 0.0005881678589503281
525.0 0.0006914535333635285
526.0 0.0007947393896756694
527.0 0.0011429002370277885
528.0 0.0014910614481777884
529.0 0.0012981481631868519
530.0 0.0011052343324990943
531.0 0.001158263512479607
532.0 0.0012112926924601197
533.0 0.0008506267477059737
534.0 0.0004899608029518276
535.0 0.001075460204447154
536.0 0.0016609596059424803
537.0 0.0016382300600525923
538.0 0.001615500332263764
539.0 0.0011397421985748224
540.0 0.0006639836101385299
541.0 0.0007483215540560195
542.0 0.0008326594979735091
543.0 0.0012882666851510294
544.0 0.00174387405422749
545.0 0.001157742826762842
546.0 0.0005716118266718695
547.0 0.0012145239452365786
548.0 0.001857435745478142
549.0 0.0016507985492353328
550.0 0.001444161171093583
551.0 0.0015675883332733065
552.0 0.0016910151316551492
553.0 0.001420361422788119
554.0 0.001149707350123208
555.0 0.0010214520443696529
556.0 0.0008931965567171574
557.0 0.0012970387615496293
558.0 0.0017008807844831608
559.0 0.0017463104086345993
560.0 0.001791739668988157
561.0 0.0015902183804428205
562.0 0.0013886970009480137
563.0 0.0011679397175612394
564.0 0.0009471823432249948
565.0 0.001656764288782142
566.0 0.00236634659813717
567.0 0.0027806678190245293
568.0 0.003194988676114008
569.0 0.002987802326970268
570.0 0.0027806161597254686
571.0 0.0026036821509478614
572.0 0.002426747596473433
573.0 0.001929813515744172
574.0 0.001432879435014911
575.0 0.0019007724404218607
576.0 0.0023686654458288103
577.0 0.0019738430637517013
578.0 0.0015790212273714133
579.0 0.0016934489394770935
580.0 0.0018078764696838334
581.0 0.0016678621250321157
582.0 0.0015278475984814577
583.0 0.0019722436263691634
584.0 0.0024166394723579288
585.0 0.002538666558393743
586.0 0.0026606934625306167
587.0 0.0020797731849597767
588.0 0.001498852543591056
589.0 0.0019934188458137214
590.0 0.002487985148036387
591.0 0.0015804196664248593
592.0 0.0006728538664901862
593.0 0.0005969032372377114
594.0 0.0005209524715610314
595.0 0.00100549659691751
596.0 0.0014900408132234588
597.0 0.0013856339137419127
598.0 0.0012812271052098367
599.0 0.0009728463737701531
600.0 0.0006644658242294099
601.0 0.0005789868737338111
602.0 0.0004935079232382122
603.0 0.000959390581556363
604.0 0.0014252728760766331
605.0 0.0008805237484921236
606.0 0.0003357744162713061
607.0 0.000742379324947251
608.0 0.0011489842108858284
609.0 0.0011377911505405791
610.0 0.0011265978173469193
611.0 0.0009864955245575402
612.0 0.0008463928679702803
613.0 0.0007868433385738172
614.0 0.0007272938546520891
615.0 0.001181363404612057
616.0 0.0016354331819457002
617.0 0.002135756949428469
618.0 0.0026360807169112377
619.0 0.0021870373529964127
620.0 0.0017379934433847666
621.0 0.0014737549463461619
622.0 0.0012095160855096765
623.0 0.0015443225493072532
624.0 0.0018791291950037703
625.0 0.0016862943084561266
626.0 0.0014934596947568934
627.0 0.0018878281480283476
628.0 0.0022821970560471527
629.0 0.002063517604256049
630.0 0.0018448381524649449
631.0 0.001621260162210092
632.0 0.0013976819900562987
633.0 0.0017697040675557218
634.0 0.0021417265088530257
635.0 0.0050602473493199795
636.0 0.007978767825989053
637.0 0.015279644867405295
638.0 0.022580524091608822
639.0 0.019790788064710796
640.0 0.017001049127429724
641.0 0.014790843124501407
642.0 0.012580641487147659
643.0 0.01004496734822169
644.0 0.007509295392083004
645.0 0.00679238437442109
646.0 0.006075473356759176
647.0 0.005581000368692912
648.0 0.005086527016828768
649.0 0.004190741310594603
650.0 0.0032949559681583196
651.0 0.0036743327655130997
652.0 0.004053709199069999
653.0 0.003319045572425239
654.0 0.0025843815819825977
655.0 0.0027684229280566797
656.0 0.002952465001726523
657.0 0.002916073026426602
658.0 0.0028796806873288006
659.0 0.002763522570603527
660.0 0.002647364635777194
661.0 0.0027609408789430745
662.0 0.0028745169402100146
663.0 0.0019341794541105628
664.0 0.0009938422408595216
665.0 0.0015843812434468418
666.0 0.002174920700781513
667.0 0.002460912764945533
668.0 0.0027469048291095532
669.0 0.00200547856366029
670.0 0.001264052298211027
671.0 0.0009236665391654242
672.0 0.0005832808255945565
673.0 0.0012942242392455228
674.0 0.0020051678802701645
675.0 0.002083361687255092
676.0 0.0021615551304421388
677.0 0.0018935614207293838
678.0 0.0016255673472187482
679.0 0.0013737883818976115
680.0 0.0011220093256270047
681.0 0.0012387627066345885
682.0 0.0013555159966927022
683.0 0.0024461080101900734
684.0 0.0035367003874853253
685.0 0.002938488069048617
686.0 0.00234027629630873
687.0 0.0017528145690448582
688.0 0.0011653526598820463
689.0 0.001486139626649674
690.0 0.001806926229619421
691.0 0.002100671008520294
692.0 0.002394415423623286
693.0 0.0027181329642189667
694.0 0.003041850504814647
695.0 0.0032684933103155345
696.0 0.003495135752018541
697.0 0.0036621353501686826
698.0 0.003829135312116705
699.0 0.005636350397253409
700.0 0.0074435651185922325
701.0 0.007178314263001084
702.0 0.006913062679814175
703.0 0.006368631147779524
704.0 0.005824199251946993
705.0 0.005223027619649656
706.0 0.004621855623554438
707.0 0.004366670691524632
708.0 0.0041114853956969455
709.0 0.004304178946767934
710.0 0.004496873225434683
711.0 0.004048869959660806
712.0 0.0036008674214826897
713.0 0.0025615145204938017
714.0 0.0015221616195049137
715.0 0.002175821100536268
716.0 0.0028294803996686824
717.0 0.002502737333998084
718.0 0.0021759935407317244
719.0 0.0017580241546966136
720.0 0.0013400542229646817
721.0 0.001242280541191576
722.0 0.0011445064956205897
723.0 0.0010145597116206773
724.0 0.0008846128366712946
725.0 0.0012618048458534759
726.0 0.0016389967640861869
727.0 0.0016847872757352889
728.0 0.0017305774235865101
729.0 0.0018012717191595584
730.0 0.0018719660147326067
731.0 0.0014420646948565263
732.0 0.001012163374980446
733.0 0.0009631043212721124
734.0 0.0009140451766143087
735.0 0.0010215800102741923
736.0 0.0011291146620351356
737.0 0.001283814708585851
738.0 0.0014385144822881557
739.0 0.001180931485578185
740.0 0.000923348397918744
741.0 0.001039104063238483
742.0 0.0011548597285582218
743.0 0.0016039219190133736
744.0 0.002052984018519055
745.0 0.001385980885970639
746.0 0.0007189776624727529
747.0 0.0012145802429586183
748.0 0.0017101827324950136
749.0 0.0024076276531559415
750.0 0.0031050727557158098
751.0 0.0030273495212895796
752.0 0.002949626104964409
753.0 0.0029045160772511736
754.0 0.0028594062314368784
755.0 0.0018773449482978322
756.0 0.0008952836651587859
757.0 0.0018594848370412365
758.0 0.0028236861908226274
759.0 0.002669252899067942
760.0 0.002514819243515376
761.0 0.004317444108892232
762.0 0.006120068428572267
763.0 0.005700953261111863
764.0 0.005281838093651459
765.0 0.005374413376557641
766.0 0.005466986840474419
767.0 0.004565620474750176
768.0 0.0036642544728238136
769.0 0.0034136875910917297
770.0 0.0031631221645511687
771.0 0.00396247451135423
772.0 0.004761827221955173
773.0 0.003981098780059256
774.0 0.0032003703381633386
775.0 1.585112575051839e-10
776.0 0.0788876204751432
777.0 1.585112575051839e-10
778.0 1.585112575051839e-10
779.0 0.07086824043653905
780.0 0.06719342200085521
781.0 0.05789916031062603
782.0 1.585112575051839e-10
783.0 0.001578015144332312
784.0 0.03278309013694525
785.0 0.12788429157808423
786.0 0.13507180847227573
787.0 0.00618610210949555
788.0 0.05211021052673459
789.0 1.585112575051839e-10
790.0 0.048799291835166514
791.0 0.1387675409205258
792.0 0.016500022320542485
793.0 0.06490430096164346
794.0 0.024685022071935236
795.0 0.06912098033353686
796.0 0.08351405849680305
797.0 0.13512985315173864
798.0 0.04364002088550478
799.0 0.06131133995950222
800.0 0.1352211693301797
801.0 0.19462286727502942
802.0 0.4002264700829983
803.0 0.6721377372741699
804.0 1.1442231014370918
805.0 1.7318055033683777
806.0 2.9236286878585815
807.0 4.271275177598
808.0 6.021926179528236
809.0 8.221989125013351
810.0 10.851256549358368
811.0 14.163172245025635
812.0 17.141377925872803
813.0 20.372192561626434
814.0 22.9396253824234
815.0 25.959211587905884
816.0 30.21811842918396
817.0 35.250574350357056
818.0 40.744417905807495
819.0 46.37833535671234
820.0 53.21171283721924
821.0 60.83121299743652
822.0 67.21264719963074
823.0 73.77522587776184
824.0 79.7908365726471
825.0 85.01775860786438
826.0 89.3822729587555
827.0 93.21040511131287
828.0 96.48221731185913
829.0 98.04900884628296
830.0 98.71596693992615
831.0 99.13756251335144
832.0 98.92649054527283
833.0 99.95803236961365
834.0 98.81879687309265
835.0 99.88288283348083
836.0 99.31655526161194
837.0 99.38705563545227
838.0 98.56575131416321
839.0 99.01553392410278
840.0 99.06478524208069
841.0 99.58804845809937
842.0 100.11404752731323
843.0 99.97077584266663
844.0 98.68430495262146
845.0 98.7967312335968
846.0 99.0025281906128
847.0 99.13320541381836
848.0 100.20735263824463
849.0 99.1996705532074
850.0 98.45983386039734
851.0 99.64194893836975
852.0 99.74687695503235
853.0 99.02286529541016
854.0 99.85147714614868
855.0 98.77893328666687
856.0 99.05482530593872
857.0 98.31708073616028
858.0 98.86914491653442
859.0 99.4219183921814
860.0 98.68779182434082
861.0 98.87794852256775
862.0 98.85811805725098
863.0 98.62826466560364
864.0 99.23592805862427
865.0 99.97349381446838
866.0 98.52363467216492
867.0 99.5726466178894
868.0 99.56372380256653
869.0 99.07051920890808
870.0 98.28929305076599
871.0 99.05214309692383
872.0 99.16781783103943
873.0 99.55276250839233
874.0 99.98496770858765
875.0 98.99784326553345
876.0 99.43724870681763
877.0 99.69637393951416
878.0 99.35593605041504
879.0 98.85838031768799
880.0 98.87155890464783
881.0 100.17210245132446
882.0 98.92317652702332
883.0 99.37074780464172
884.0 99.17294383049011
885.0 98.7837553024292
886.0 99.02499914169312
887.0 99.03106689453125
888.0 99.12877678871155
889.0 99.64506030082703
890.0 98.65937232971191
891.0 99.65106844902039
892.0 99.18155670166016
893.0 98.76253604888916
894.0 98.6897349357605
895.0 100.27827024459839
896.0 99.40350651741028
