lsstCam/transmission_filter_detector/r13_s20/z_20/19700101T000000.ecsv
# %ECSV 1.0
# ---
# datatype:
# - {name: wavelength, unit: nm, datatype: float32}
# - {name: efficiency, unit: '%', datatype: float64}
# meta: !!omap
# - {MODE: DETECTOR}
# - {TYPE: transmission_filter_detector}
# - {CALIBDATE: '1970-01-01T00:00:00'}
# - {INSTRUME: LSSTCam}
# - {OBSTYPE: transmission_filter_detector}
# - {CALIBCLS: lsst.ip.isr.IntermediateFilterDetectorTransmissionCurve}
# - {SOURCE: Materion (DM-46256)}
# - {DETECTOR: 60}
# - {FILTER: z_20}
# - {CALIB_ID: 'calibDate=1970-01-01T00:00:00 filter=z_20 detector=60'}
# - {DATE: '2025-04-02T15:59:48.915383'}
# - {CALIB_CREATION_DATE: '2025-04-02'}
# - {CALIB_CREATION_TIME: '15:59:48'}
# - __serialized_columns__:
#     efficiency:
#       __class__: astropy.units.quantity.Quantity
#       unit: !astropy.units.Unit {unit: '%'}
#       value: !astropy.table.SerializedColumn {name: efficiency}
#     wavelength:
#       __class__: astropy.units.quantity.Quantity
#       unit: !astropy.units.Unit {unit: nm}
#       value: !astropy.table.SerializedColumn {name: wavelength}
# schema: astropy-2.0
wavelength efficiency
[from data line 598]
898.0 99.4047999382019
899.0 98.87562394142151
900.0 98.90730381011963
901.0 99.40999746322632
902.0 99.60911273956299
903.0 98.92130494117737
904.0 97.96259999275208
905.0 99.00671243667603
906.0 98.27386736869812
907.0 99.028080701828
908.0 98.5227882862091
909.0 98.38118553161621
910.0 97.89932370185852
911.0 96.92668318748474
912.0 96.09048962593079
913.0 95.0879156589508
914.0 92.93068647384644
915.0 90.53811430931091
916.0 88.69873285293579
917.0 86.96847558021545
918.0 83.73801708221436
919.0 82.87580609321594
920.0 79.95472550392151
921.0 76.04342699050903
922.0 71.78078889846802
923.0 66.48780107498169
924.0 60.99345088005066
925.0 55.396854877471924
926.0 49.50159192085266
927.0 42.69665479660034
928.0 36.76200807094574
929.0 30.28886616230011
930.0 24.719202518463135
931.0 19.54360157251358
932.0 13.882096111774445
933.0 9.445803612470627
934.0 6.222614273428917
935.0 3.72600220143795
936.0 2.29277890175581
937.0 1.2718015350401402
938.0 0.7328547537326813
939.0 0.4882916808128357
940.0 0.3535524941980839
941.0 0.23199643474072218
942.0 0.18887629266828299
943.0 0.117059878539294
944.0 0.31432616524398327
945.0 0.11155446991324425
946.0 0.0762393290642649
947.0 0.14702193439006805
948.0 1.585112575051839e-10
949.0 1.585112575051839e-10
950.0 0.05983993178233504
951.0 0.08905426948331296
952.0 0.001592824628460221
953.0 0.16211762558668852
954.0 0.0017950493202079087
955.0 0.12891938677057624
956.0 1.585112575051839e-10
957.0 0.09130155085586011
958.0 1.585112575051839e-10
959.0 1.585112575051839e-10
960.0 1.585112575051839e-10
961.0 1.585112575051839e-10
962.0 0.07217211532406509
963.0 1.585112575051839e-10
964.0 0.03760671534109861
965.0 1.585112575051839e-10
966.0 0.04491080471780151
967.0 0.05779046332463622
968.0 0.032038232893683016
969.0 0.0631732342299074
970.0 1.585112575051839e-10
971.0 0.014948903117328882
972.0 1.585112575051839e-10
973.0 1.585112575051839e-10
974.0 0.04759412258863449
975.0 0.0036788460420211777
976.0 0.0066594904637895525
977.0 0.006638707418460399
978.0 0.00661792655591853
979.0 0.006404972373275086
980.0 0.00619201673544012
981.0 0.006062406464479864
982.0 0.005932796921115369
983.0 0.005829757355968468
984.0 0.005726718518417329
985.0 0.005431785757537
986.0 0.005136851905263029
987.0 0.0051354090828681365
988.0 0.005133966260473244
989.0 0.005062688433099538
990.0 0.004991411333321594
991.0 0.005092414721730165
992.0 0.005193418473936617
993.0 0.005117381442687474
994.0 0.005041343320044689
995.0 0.004993434777134098
996.0 0.004945526234223507
997.0 0.004748516221297905
998.0 0.004551505844574422
999.0 0.004505883043748327
1000.0 0.00446025951532647
1001.0 0.0046431094233412296
1002.0 0.004825958967558108
1003.0 0.004704481398221105
1004.0 0.004583003828884102
1005.0 0.004435151640791446
1006.0 0.00428729981649667
1007.0 0.0044264572352403775
1008.0 0.004565614653984085
1009.0 0.004616922524292022
1010.0 0.00466823075839784
1011.0 0.0047381316107930616
1012.0 0.0048080331907840446
1013.0 0.00459592993138358
1014.0 0.004383826671983115
1015.0 0.004578041625791229
1016.0 0.0047722562158014625
1017.0 0.005001774479751475
1018.0 0.0052312931074993685
1019.0 0.005072309431852773
1020.0 0.004913326120004058
1021.0 0.004869681288255379
1022.0 0.004826036092708819
1023.0 0.004727364284917712
1024.0 0.004628692113328725
1025.0 0.004889255069429055
1026.0 0.005149818025529385
1027.0 0.004977518256055191
1028.0 0.004805218850378878
1029.0 0.00483060757687781
1030.0 0.004855997030972503
1031.0 0.005007126310374588
1032.0 0.005158255589776672
1033.0 0.005225003042141907
1034.0 0.005291750858305022
1035.0 0.005454892379930243
1036.0 0.005618034265353344
1037.0 0.0056498032790841535
1038.0 0.0056815722928149626
1039.0 0.005582998346653767
1040.0 0.00548442367289681
1041.0 0.0059054385928902775
1042.0 0.006326453876681626
1043.0 0.005774823875981383
1044.0 0.00522319387528114
1045.0 0.006020560977049172
1046.0 0.006817927351221442
1047.0 0.0064890089561231434
1048.0 0.006160089105833322
1049.0 0.006321467662928626
1050.0 0.006482845492428169
1051.0 0.006809801561757922
1052.0 0.00713675981387496
1053.0 0.007174339407356456
1054.0 0.007211919000837952
1055.0 0.00793740400695242
1056.0 0.008662889013066888
1057.0 0.00828625779831782
1058.0 0.007909627311164513
1059.0 0.00815022358438
1060.0 0.008390818402403966
1061.0 0.008838328358251601
1062.0 0.009285838314099237
1063.0 0.009307868458563462
1064.0 0.00932990005821921
1065.0 0.00940067766350694
1066.0 0.009471458179177716
1067.0 0.009793927893042564
1068.0 0.010116400517290458
1069.0 0.010752608795883134
1070.0 0.011388816346880049
1071.0 0.0112581743451301
1072.0 0.011127532343380153
1073.0 0.011233040277147666
1074.0 0.01133854893851094
1075.0 0.012060597509844229
1076.0 0.012782649719156325
1077.0 0.012829840125050396
1078.0 0.012877029075752944
1079.0 0.013870716793462634
1080.0 0.014864405966363847
1081.0 0.014882400864735246
1082.0 0.014900395763106644
1083.0 0.014799115888308734
1084.0 0.0146978345583193
1085.0 0.01517890632385388
1086.0 0.015659979544579983
1087.0 0.015995891590137035
1088.0 0.016331806546077132
1089.0 0.01759319711709395
1090.0 0.018854586232919246
1091.0 0.01872879365691915
1092.0 0.01860299671534449
1093.0 0.018270940927322954
1094.0 0.017938883684109896
1095.0 0.018933482351712883
1096.0 0.019928083929698914
1097.0 0.020471336029004306
1098.0 0.02101458958350122
1099.0 0.023445382248610258
1100.0 0.025876169092953205
1101.0 0.025497667957097292
1102.0 0.025119163910858333
1103.0 0.02671943511813879
1104.0 0.0283197034150362
1105.0 0.028104858938604593
1106.0 0.02789001737255603
1107.0 0.02910114999394864
1108.0 0.030312282615341246
1109.0 0.0320888968417421
1110.0 0.03386551106814295
1111.0 0.03330876352265477
1112.0 0.032752021797932684
1113.0 0.034894797136075795
1114.0 0.037037578294984996
1115.0 0.03626405668910593
1116.0 0.03549054090399295
1117.0 0.036388137959875166
1118.0 0.03728573792614043
1119.0 0.040239974623546004
1120.0 0.04319420550018549
1121.0 0.04490799910854548
1122.0 0.04662179562728852
1123.0 0.04640127008315176
1124.0 0.046180744539014995
1125.0 0.046765056322328746
1126.0 0.0473493681056425
1127.0 0.05145022878423333
1128.0 0.05555109237320721
1129.0 0.059558963403105736
1130.0 0.06356683443300426
1131.0 0.06297436775639653
1132.0 0.06238189525902271
1133.0 0.06563790957443416
1134.0 0.06889392388984561
1135.0 0.06784132565371692
1136.0 0.06678873323835433
1137.0 0.07207451853901148
1138.0 0.07736030966043472
1139.0 0.08263757918030024
1140.0 0.0879148137755692
1141.0 0.09795359801501036
1142.0 0.10799235897138715
1143.0 0.1286168466322124
1144.0 0.14924128772690892
1145.0 0.2987453481182456
1146.0 0.4482494667172432
1147.0 0.9557811543345451
1148.0 1.463312841951847
1149.0 1.658269576728344
1150.0 1.8532278016209602
