lsstCam/transmission_filter_detector/r43_s22/u_24/19700101T000000.ecsv
# %ECSV 1.0
# ---
# datatype:
# - {name: wavelength, unit: nm, datatype: float32}
# - {name: efficiency, unit: '%', datatype: float64}
# meta: !!omap
# - {MODE: DETECTOR}
# - {TYPE: transmission_filter_detector}
# - {CALIBDATE: '1970-01-01T00:00:00'}
# - {INSTRUME: LSSTCam}
# - {OBSTYPE: transmission_filter_detector}
# - {CALIBCLS: lsst.ip.isr.IntermediateFilterDetectorTransmissionCurve}
# - {SOURCE: Materion (DM-46256)}
# - {DETECTOR: 188}
# - {FILTER: u_24}
# - {CALIB_ID: 'calibDate=1970-01-01T00:00:00 filter=u_24 detector=188'}
# - {DATE: '2025-04-02T15:59:40.622222'}
# - {CALIB_CREATION_DATE: '2025-04-02'}
# - {CALIB_CREATION_TIME: '15:59:40'}
# - __serialized_columns__:
#     efficiency:
#       __class__: astropy.units.quantity.Quantity
#       unit: !astropy.units.Unit {unit: '%'}
#       value: !astropy.table.SerializedColumn {name: efficiency}
#     wavelength:
#       __class__: astropy.units.quantity.Quantity
#       unit: !astropy.units.Unit {unit: nm}
#       value: !astropy.table.SerializedColumn {name: wavelength}
# schema: astropy-2.0
wavelength efficiency
295.0 2.690920836850852e-10
296.0 2.690920836850852e-10
297.0 2.690920836850852e-10
298.0 2.690920836850852e-10
299.0 2.690920836850852e-10
300.0 2.690920836850852e-10
301.0 2.690920836850852e-10
302.0 2.690920836850852e-10
303.0 0.06322538247331977
304.0 0.6329284515231848
305.0 1.6556952148675919
306.0 3.536282107234001
307.0 5.959060043096542
308.0 8.931347727775574
309.0 12.839116156101227
310.0 17.0424222946167
311.0 20.625494420528412
312.0 23.984596133232117
313.0 26.740124821662903
314.0 29.377436637878418
315.0 31.91758096218109
316.0 34.640246629714966
317.0 38.18204998970032
318.0 42.72248148918152
319.0 48.129042983055115
320.0 54.52403426170349
321.0 60.03928184509277
322.0 65.45749306678772
323.0 69.6911096572876
324.0 73.01661372184753
325.0 75.19717216491699
326.0 77.02070474624634
327.0 78.46842408180237
328.0 80.23779392242432
329.0 81.2315285205841
330.0 81.98293447494507
331.0 82.22242593765259
332.0 82.38987326622009
333.0 82.68833756446838
334.0 82.66355395317078
335.0 83.27633142471313
336.0 84.00663733482361
337.0 84.76848006248474
338.0 85.50764322280884
339.0 85.91879606246948
340.0 86.17042303085327
341.0 86.52210831642151
342.0 86.756831407547
343.0 86.65530681610107
344.0 86.99034452438354
345.0 87.48294711112976
346.0 87.88356184959412
347.0 88.26941251754761
348.0 88.39940428733826
349.0 88.53623270988464
350.0 88.56396675109863
351.0 88.7384295463562
352.0 88.56581449508667
353.0 88.6579692363739
354.0 88.61079812049866
355.0 88.74594569206238
356.0 88.70306015014648
357.0 88.32501769065857
358.0 87.96359300613403
359.0 87.45145201683044
360.0 87.38579154014587
361.0 87.18506097793579
362.0 87.15612292289734
363.0 87.49873638153076
364.0 87.81403303146362
365.0 88.26377987861633
366.0 88.47168684005737
367.0 88.59658241271973
368.0 88.64208459854126
369.0 88.79650235176086
370.0 88.71138095855713
371.0 88.78952860832214
372.0 88.99431228637695
373.0 89.33430314064026
374.0 89.36487436294556
375.0 89.81691002845764
376.0 90.08511900901794
377.0 90.08092284202576
378.0 89.77876305580139
379.0 89.12105560302734
380.0 87.7051293849945
381.0 85.88654398918152
382.0 83.76260995864868
383.0 81.58222436904907
384.0 79.37778234481812
385.0 76.60892009735107
386.0 73.48406314849854
387.0 69.20324563980103
388.0 64.8743212223053
389.0 59.980618953704834
390.0 55.706846714019775
391.0 51.600706577301025
392.0 47.63975143432617
393.0 44.10606622695923
394.0 40.06659388542175
395.0 35.15670299530029
396.0 29.314517974853516
397.0 21.872980892658234
398.0 14.95877057313919
399.0 8.775897324085236
400.0 4.17807549238205
401.0 1.557762734591961
402.0 0.491458922624588
403.0 0.17512644408270717
404.0 0.10486900573596358
405.0 0.038798851892352104
406.0 0.01204775326186791
407.0 2.690920836850852e-10
408.0 2.690920836850852e-10
409.0 2.690920836850852e-10
410.0 2.690920836850852e-10
411.0 2.690920836850852e-10
412.0 2.690920836850852e-10
413.0 2.690920836850852e-10
414.0 2.690920836850852e-10
415.0 2.690920836850852e-10
416.0 2.690920836850852e-10
417.0 2.690920836850852e-10
418.0 2.690920836850852e-10
419.0 2.690920836850852e-10
420.0 2.690920836850852e-10
421.0 2.690920836850852e-10
422.0 2.690920836850852e-10
423.0 2.690920836850852e-10
424.0 2.690920836850852e-10
425.0 2.690920836850852e-10
426.0 2.690920836850852e-10
427.0 2.690920836850852e-10
428.0 2.690920836850852e-10
429.0 2.690920836850852e-10
430.0 2.690920836850852e-10
431.0 2.690920836850852e-10
432.0 1.949323547023596e-05
433.0 2.690920836850852e-10
434.0 2.690920836850852e-10
435.0 2.690920836850852e-10
436.0 2.690920836850852e-10
437.0 2.690920836850852e-10
438.0 2.690920836850852e-10
439.0 0.00017960097693503485
440.0 0.0015089099179022014
441.0 0.0013836325706506614
442.0 0.0012583554962475318
443.0 0.0007204506346170092
444.0 0.00018254564793096506
445.0 2.690920836850852e-10
446.0 2.690920836850852e-10
447.0 2.690920836850852e-10
448.0 2.690920836850852e-10
449.0 0.0005609580057353014
450.0 0.001622219497221522
451.0 0.000883629127201857
452.0 0.00014503888223771355
453.0 2.690920836850852e-10
454.0 2.690920836850852e-10
455.0 2.690920836850852e-10
456.0 0.0007668800208193716
457.0 0.00035642751754494384
458.0 2.690920836850852e-10
459.0 2.690920836850852e-10
460.0 2.690920836850852e-10
461.0 2.690920836850852e-10
462.0 2.690920836850852e-10
463.0 2.690920836850852e-10
464.0 0.00046673794713569805
465.0 0.0003298399406048702
466.0 0.00019294218418508535
467.0 0.0007374159849860007
468.0 0.0012818899449484888
469.0 2.690920836850852e-10
470.0 2.690920836850852e-10
471.0 2.690920836850852e-10
472.0 2.690920836850852e-10
473.0 2.690920836850852e-10
474.0 0.00022103122319094837
475.0 2.690920836850852e-10
476.0 2.690920836850852e-10
477.0 2.690920836850852e-10
478.0 2.690920836850852e-10
479.0 2.690920836850852e-10
480.0 2.690920836850852e-10
481.0 2.690920836850852e-10
482.0 5.402633291851089e-05
483.0 0.00043758091123891063
484.0 0.0008211353815568145
485.0 2.690920836850852e-10
486.0 2.690920836850852e-10
487.0 2.690920836850852e-10
488.0 0.0003028706032637274
489.0 0.0001422077161805646
490.0 2.690920836850852e-10
491.0 5.328932957127108e-05
492.0 0.00012503363677751622
493.0 0.0001407008312526159
494.0 0.0001563679802529805
495.0 0.0002686672360141529
496.0 0.00038096645766927395
497.0 8.365066719306924e-05
498.0 2.690920836850852e-10
499.0 2.690920836850852e-10
500.0 2.690920836850852e-10
501.0 2.690920836850852e-10
502.0 6.556272751367942e-05
503.0 0.00027937312552239746
504.0 0.0004931836883770302
505.0 0.00014322162087410106
506.0 2.690920836850852e-10
507.0 2.690920836850852e-10
508.0 6.0813295021944214e-05
509.0 2.690920836850852e-10
510.0 2.690920836850852e-10
511.0 2.690920836850852e-10
512.0 6.478550744759559e-05
513.0 2.690920836850852e-10
514.0 2.690920836850852e-10
515.0 2.690920836850852e-10
516.0 2.690920836850852e-10
517.0 2.690920836850852e-10
518.0 0.000205715195988887
519.0 2.690920836850852e-10
520.0 2.690920836850852e-10
521.0 2.690920836850852e-10
522.0 2.690920836850852e-10
523.0 2.690920836850852e-10
524.0 0.00024311061679327395
525.0 0.00011312049537082203
526.0 2.690920836850852e-10
527.0 2.690920836850852e-10
528.0 2.690920836850852e-10
529.0 2.690920836850852e-10
530.0 2.690920836850852e-10
531.0 8.986709190139663e-05
532.0 0.0003078797135458444
533.0 8.072363471001154e-05
534.0 2.690920836850852e-10
535.0 2.690920836850852e-10
536.0 2.690920836850852e-10
537.0 2.690920836850852e-10
538.0 2.690920836850852e-10
539.0 2.690920836850852e-10
540.0 0.0002431717348372331
541.0 2.690920836850852e-10
542.0 2.690920836850852e-10
543.0 2.690920836850852e-10
544.0 2.690920836850852e-10
545.0 2.690920836850852e-10
546.0 2.690920836850852e-10
547.0 2.690920836850852e-10
548.0 2.690920836850852e-10
549.0 2.690920836850852e-10
550.0 0.00022856786472402746
551.0 3.695181192142627e-05
552.0 2.690920836850852e-10
553.0 2.690920836850852e-10
554.0 2.690920836850852e-10
555.0 2.690920836850852e-10
556.0 2.690920836850852e-10
557.0 2.690920836850852e-10
558.0 2.690920836850852e-10
559.0 2.690920836850852e-10
560.0 2.690920836850852e-10
561.0 2.690920836850852e-10
562.0 2.690920836850852e-10
563.0 2.690920836850852e-10
564.0 2.690920836850852e-10
565.0 2.690920836850852e-10
566.0 9.445402042729256e-05
567.0 0.0003350980932737002
568.0 0.0005757421149610309
569.0 0.00033504204566270346
570.0 9.434197068003414e-05
571.0 0.00019329456790728727
572.0 0.00029224718218756607
573.0 0.0002478156829965883
574.0 0.00020338418380561052
575.0 0.0001620332909624267
576.0 0.00012068243222529418
577.0 0.0002762954181889654
578.0 0.00043190857468289323
579.0 0.0007752068995614536
580.0 0.0011185053153894842
581.0 0.0010511403161217459
582.0 0.0009837754078034777
583.0 0.0009784439498616848
584.0 0.0009731123100209516
585.0 0.0007798280421411619
586.0 0.000586543683311902
587.0 0.0005374119609768968
588.0 0.0004882803295913618
589.0 0.0006158331871120026
590.0 0.0007433860901073785
591.0 0.0006767647391825449
592.0 0.0006101432518335059
593.0 0.0008059697393036913
594.0 0.0010017961358244065
595.0 0.0009425212738278788
596.0 0.0008832463208818808
597.0 0.001565627462696284
598.0 0.0022480086045106873
599.0 0.0024785578716546297
600.0 0.0027091069568996318
601.0 0.002794468673528172
602.0 0.0028798305720556527
603.0 0.0025396602723049
604.0 0.0021994896087562665
605.0 0.0017274674974032678
606.0 0.0012554451132018585
607.0 0.0009984200914914254
608.0 0.0007413947969325818
609.0 0.0007322153578570578
610.0 0.0007230358733067987
611.0 0.0005336577032721834
612.0 0.0003442793740759953
613.0 0.0005392386356106726
614.0 0.0007341979653574526
615.0 0.0005531349870580016
616.0 0.00037207198602118297
617.0 0.0004629639988706913
618.0 0.0005538558070838917
619.0 0.000635345986665925
620.0 0.0007168358479248127
621.0 0.000724555457054521
622.0 0.0007322750661842292
623.0 0.0007986946911842097
624.0 0.0008651143616589252
625.0 0.00112899379018927
626.0 0.0013928732187196147
627.0 0.001358665667794412
628.0 0.0013244581168692093
629.0 0.0018139453459298238
630.0 0.002303432484040968
631.0 0.0024655217202962376
632.0 0.002627611320349388
633.0 0.0027809561288449913
634.0 0.002934300937340595
635.0 0.0027721953301806934
636.0 0.0026100893592229113
637.0 0.0022356729459716007
638.0 0.0018612563508213498
639.0 0.0015177677596511785
640.0 0.0011742793503799476
641.0 0.0010298597771907225
642.0 0.0008854402040014975
643.0 0.00044702819650410675
644.0 8.61611582081423e-06
645.0 0.00011522929526108783
646.0 0.00022184242425282719
647.0 0.000459063585367403
648.0 0.000696284587320406
649.0 0.0006713678430969594
650.0 0.0006464509624493076
651.0 0.0011445124982856214
652.0 0.0016425739886472002
653.0 0.001696375329629518
654.0 0.0017501764887128957
655.0 0.002269435026391875
656.0 0.0027886932002729736
657.0 0.0033545402402523905
658.0 0.003920387098332867
659.0 0.0037731566408183426
660.0 0.003625926183303818
661.0 0.003116719744866714
662.0 0.0026075127607327886
663.0 0.0019248571334173903
664.0 0.001242201506101992
665.0 0.0012125689863751177
666.0 0.0011829365575977135
667.0 0.0009060135198524222
668.0 0.0006290905275818659
669.0 0.0005173300905880751
670.0 0.00040556947169534396
671.0 0.0005182726908969926
672.0 0.0006309760010481114
673.0 0.0008134432391670998
674.0 0.000995910340861883
675.0 0.0013788763681077398
676.0 0.0017618423953535967
677.0 0.0023834616513340734
678.0 0.0030050807254156098
679.0 0.003947149889427237
680.0 0.004889219417236745
681.0 0.007111467857612297
682.0 0.009333716297987849
683.0 0.011009049194399267
684.0 0.01268438354600221
685.0 0.011937504314118996
686.0 0.011190627265023068
687.0 0.00918093355721794
688.0 0.007171239849412814
689.0 0.005706072624889202
690.0 0.00424090503656771
691.0 0.0037401994632091373
692.0 0.0032394935260526836
693.0 0.0025224404453183524
694.0 0.0018053873645840213
695.0 0.0013695627785637043
696.0 0.0009337381925433874
697.0 0.0007168109277699841
698.0 0.0004998837084713159
699.0 0.0005397091172198998
700.0 0.0005795344350190135
701.0 0.0006722845682816114
702.0 0.0007650345651200041
703.0 0.0006686483175144531
704.0 0.0005722619789594319
705.0 0.0006941562332940521
706.0 0.0008160503966792021
707.0 0.0008654230441607069
708.0 0.0009147959644906223
709.0 0.000912529958441155
710.0 0.0009102641342906281
711.0 0.0007295137038454413
712.0 0.0005487631369760493
713.0 0.0004653559699363541
714.0 0.0003819488028966589
715.0 0.00033762094062694814
716.0 0.0002932931238319725
717.0 0.0004501685452851234
718.0 0.0006070438757888041
719.0 0.0002938359784820932
720.0 2.690920836850852e-10
721.0 9.363247386318108e-05
722.0 0.0002066369461317663
723.0 0.000419783418692532
724.0 0.0006329300504148705
725.0 0.0005035979029344162
726.0 0.00037426589187816717
727.0 0.0004322616405261215
728.0 0.0004902573436993407
729.0 0.0002989311951751006
730.0 0.00010760505801954423
731.0 0.0002798769628498121
732.0 0.00045214892452349886
733.0 0.0005168959887669189
734.0 0.0005816430075356038
735.0 0.0004298828116588993
736.0 0.00027812270673166495
737.0 0.0005319987394614145
738.0 0.0007858748176658992
739.0 0.0013106645383231808
740.0 0.0018354541680309922
741.0 0.0023578584659844637
742.0 0.0028802627639379352
743.0 0.0034825439797714353
744.0 0.004084824831807055
745.0 0.004596962025971152
746.0 0.005109099220135249
747.0 0.004926024121232331
748.0 0.004742948658531532
749.0 0.004370524766272865
750.0 0.003998100874014199
751.0 0.0035962882975582033
752.0 0.0031944760849000886
753.0 0.0031236464565154165
754.0 0.003052817191928625
755.0 0.0024853046852513216
756.0 0.0019177921785740182
757.0 0.001526134838059079
758.0 0.0011344774975441396
759.0 0.0011012064533133525
760.0 0.0010679354090825655
761.0 0.0009074447916646022
762.0 0.0007469540378224337
763.0 0.0007460992492269725
764.0 0.000745244369682041
765.0 0.0005601511929853586
766.0 0.00037505803902604384
767.0 0.0002598145329102408
768.0 0.00014457108363785665
769.0 0.0003768561100514489
770.0 0.0006091412615205627
771.0 0.0007622780231031356
772.0 0.0009154149665846489
773.0 0.0010260721865051892
774.0 0.0011367294064257294
775.0 0.0008536914720025379
776.0 0.0005706534921046114
777.0 0.0008340040949406102
778.0 0.0010973547432513442
779.0 0.0010334748367313296
780.0 0.0009695948392618448
781.0 0.0011836977137136273
782.0 0.0013978004972159397
783.0 0.0013342327292775735
784.0 0.0012706648703897372
785.0 0.0014020430171512999
786.0 0.001533421345811803
787.0 0.0013691004824067932
788.0 0.0012047798009007238
789.0 0.0011514821380842477
790.0 0.0010981842933688313
791.0 0.0008978171536000445
792.0 0.0006974500138312578
793.0 0.0006826720436947653
794.0 0.0006678939371340675
795.0 0.0004200288458378054
796.0 0.00017216370906680822
797.0 0.00010241158179269405
798.0 3.2659443149896106e-05
799.0 9.56686108111171e-05
800.0 0.00015867783531575697
801.0 2.690920836850852e-10
802.0 2.690920836850852e-10
803.0 2.690920836850852e-10
804.0 2.690920836850852e-10
805.0 8.607568133811583e-05
806.0 0.00036612530038837576
807.0 0.00019967726530012442
808.0 3.322917336845421e-05
809.0 0.00012138119700466632
810.0 0.00020953316379745957
811.0 0.000313028112941538
812.0 0.0004165230166108813
813.0 0.00039684800867689773
814.0 0.000377172909793444
815.0 0.0002549317287048325
816.0 0.0001326903429799131
817.0 0.0003755760417334386
818.0 0.0006184617632243317
819.0 0.0006285415111051407
820.0 0.0006386214863596251
821.0 0.0006449206921388395
822.0 0.0006512197614938486
823.0 0.00035668588225235
824.0 6.21520143795351e-05
825.0 6.904329552526178e-05
826.0 7.59344800371764e-05
827.0 0.0001409418587172695
828.0 0.00020594934539985843
829.0 0.0001456478003092343
830.0 8.534629500900337e-05
831.0 2.690920836850852e-10
832.0 2.690920836850852e-10
833.0 2.690920836850852e-10
834.0 2.690920836850852e-10
835.0 2.690920836850852e-10
836.0 2.690920836850852e-10
837.0 2.690920836850852e-10
838.0 2.690920836850852e-10
839.0 2.690920836850852e-10
840.0 2.690920836850852e-10
841.0 2.690920836850852e-10
842.0 2.690920836850852e-10
843.0 0.00012057189451297745
844.0 0.0005605319074675208
845.0 0.00029804673431499396
846.0 3.5561663480621064e-05
847.0 0.000250352263719833
848.0 0.0004651428753277287
849.0 0.00040145164348359685
850.0 0.0003377603889020975
851.0 0.0005728113137593027
852.0 0.0008078622158791404
853.0 0.0008295533916680142
854.0 0.0008512448403052986
855.0 0.0010121877494384535
856.0 0.001173131022369489
857.0 0.0012020006579405162
858.0 0.0012308703844610136
859.0 0.0012870135833509266
860.0 0.0013431562365440186
861.0 0.001737634556775447
862.0 0.0021321129679563455
863.0 0.0020435709302546456
864.0 0.0019550292563508265
865.0 0.0018328541045775637
866.0 0.0017106791347032413
867.0 0.0016880328985280357
868.0 0.0016653868442517705
869.0 0.0018393660866422579
870.0 0.002013345692830626
871.0 0.0019685363440657966
872.0 0.0019237271771999076
873.0 0.002290077645739075
874.0 0.0026564284780761227
875.0 0.0027311778467264958
876.0 0.002805927215376869
877.0 0.0031072024285094813
878.0 0.0034084776416420937
879.0 0.0035654167731991038
880.0 0.003722355904756114
