lsstCam/transmission_filter_detector/r43_s22/u_24/19700101T000000.ecsv
# %ECSV 1.0
# ---
# datatype:
# - {name: wavelength, unit: nm, datatype: float32}
# - {name: efficiency, unit: '%', datatype: float64}
# meta: !!omap
# - {MODE: DETECTOR}
# - {TYPE: transmission_filter_detector}
# - {CALIBDATE: '1970-01-01T00:00:00'}
# - {INSTRUME: LSSTCam}
# - {OBSTYPE: transmission_filter_detector}
# - {CALIBCLS: lsst.ip.isr.IntermediateFilterDetectorTransmissionCurve}
# - {SOURCE: Materion (DM-46256)}
# - {DETECTOR: 188}
# - {FILTER: u_24}
# - {CALIB_ID: 'calibDate=1970-01-01T00:00:00 filter=u_24 detector=188'}
# - {DATE: '2025-04-02T15:59:40.622222'}
# - {CALIB_CREATION_DATE: '2025-04-02'}
# - {CALIB_CREATION_TIME: '15:59:40'}
# - __serialized_columns__:
#     efficiency:
#       __class__: astropy.units.quantity.Quantity
#       unit: !astropy.units.Unit {unit: '%'}
#       value: !astropy.table.SerializedColumn {name: efficiency}
#     wavelength:
#       __class__: astropy.units.quantity.Quantity
#       unit: !astropy.units.Unit {unit: nm}
#       value: !astropy.table.SerializedColumn {name: wavelength}
# schema: astropy-2.0
wavelength efficiency
[from data line 587]
882.0 0.0035889162973035127
883.0 0.003345561708556488
884.0 0.003102206756011583
885.0 0.0029174803785281256
886.0 0.002732754364842549
887.0 0.0028393786124070175
888.0 0.0029460024961736053
889.0 0.0028957181712030433
890.0 0.0028454334824346006
891.0 0.0028700216716970317
892.0 0.0028946093152626418
893.0 0.0031609186407877132
894.0 0.0034272274206159636
895.0 0.003391258360352367
896.0 0.0033552896638866514
897.0 0.0033904874726431444
898.0 0.003425685645197518
899.0 0.003756077421712689
900.0 0.004086469562025741
901.0 0.004370358510641381
902.0 0.0046542474592570215
903.0 0.004901350257568993
904.0 0.005148452692083083
905.0 0.005529636837309226
906.0 0.005910820254939608
907.0 0.006150652916403487
908.0 0.006390485214069486
909.0 0.006178997864481062
910.0 0.005967511242488399
911.0 0.005859035809407942
912.0 0.0057505607401253656
913.0 0.0055555916333105415
914.0 0.0053606225264957175
915.0 0.005248390152701177
916.0 0.005136157415108755
917.0 0.005079973925603554
918.0 0.005023790436098352
919.0 0.005168340067029931
920.0 0.005312890425557271
921.0 0.005018426963943057
922.0 0.004723963866126724
923.0 0.004978718425263651
924.0 0.005233472984400578
925.0 0.005787214468000457
926.0 0.006340955587802455
927.0 0.00672135574859567
928.0 0.007101755909388885
929.0 0.007335763802984729
930.0 0.007569771696580574
931.0 0.007827666559023783
932.0 0.008085562149062753
933.0 0.008003135008038953
934.0 0.007920707139419392
935.0 0.007855153671698645
936.0 0.007789599476382136
937.0 0.00730251704226248
938.0 0.006815436063334346
939.0 0.006269742880249396
940.0 0.005724049697164446
941.0 0.00529064163856674
942.0 0.004857233216171153
943.0 0.004142084799241275
944.0 0.0034269371099071577
945.0 0.003326620571897365
946.0 0.0032263040338875726
947.0 0.0027179004973731935
948.0 0.002209496778959874
949.0 0.0020451238015084527
950.0 0.0018807504602591507
951.0 0.0019091496142209508
952.0 0.0019375485862838104
953.0 0.001893643093353603
954.0 0.0018497374185244553
955.0 0.0019123794118058868
956.0 0.0019750210412894376
957.0 0.0021375593860284425
958.0 0.0023000977307674475
959.0 0.00265714534180006
960.0 0.003014192589034792
961.0 0.0033067844924516976
962.0 0.003599376213969663
963.0 0.003979118264396675
964.0 0.004358860314823687
965.0 0.004794716733158566
966.0 0.005230573151493445
967.0 0.005306108869262971
968.0 0.005381644587032497
969.0 0.005326327664079145
970.0 0.0052710103773279116
971.0 0.005466281800181605
972.0 0.005661553586833179
973.0 0.005392865568865091
974.0 0.0051241771870991215
975.0 0.0047654149966547266
976.0 0.004406652806210332
977.0 0.004311008524382487
978.0 0.0042153638787567616
979.0 0.0038758942537242547
980.0 0.0035364249924896285
981.0 0.0034807297197403386
982.0 0.0034250344469910488
983.0 0.003445709080551751
984.0 0.003466383714112453
985.0 0.0034712327760644257
986.0 0.0034760814742185175
987.0 0.004246041135047562
988.0 0.005016000068280846
989.0 0.00556114646315109
990.0 0.006106293585617095
991.0 0.006665153341600671
992.0 0.007224016007967293
993.0 0.007776624261168763
994.0 0.008329234697157517
995.0 0.008450372115476057
996.0 0.008571508078603074
997.0 0.008416627679252997
998.0 0.008261748007498682
999.0 0.007789692608639598
1000.0 0.007317637937376276
1001.0 0.006296242645476013
1002.0 0.005274848808767274
1003.0 0.005075666558695957
1004.0 0.004876484672422521
1005.0 0.004871860801358707
1006.0 0.004867237294092774
1007.0 0.004445101149030961
1008.0 0.004022964640171267
1009.0 0.004077266567037441
1010.0 0.004131568130105734
1011.0 0.0037365454772952944
1012.0 0.003341521733091213
1013.0 0.002913544449256733
1014.0 0.0024855671654222533
1015.0 0.002205228156526573
1016.0 0.001924889329529833
1017.0 0.0018614342479850166
1018.0 0.0017979789845412597
1019.0 0.001497548510087654
1020.0 0.001197117853735108
1021.0 0.001185370911116479
1022.0 0.0011736240594473202
1023.0 0.0014505022591038141
1024.0 0.001727380367810838
1025.0 0.001755853918439243
1026.0 0.0017843272871687077
1027.0 0.0019722303477465175
1028.0 0.0021601339540211484
1029.0 0.0022284428268903866
1030.0 0.002296751699759625
1031.0 0.00214732535823714
1032.0 0.001997898652916774
1033.0 0.0023639286155230366
1034.0 0.0027299583962303586
1035.0 0.002754068009380717
1036.0 0.0027781778044300154
1037.0 0.0027817395675810985
1038.0 0.002785300966934301
1039.0 0.002895995567087084
1040.0 0.003006689985340927
1041.0 0.002891718759201467
1042.0 0.0027767475330620073
1043.0 0.0026843479645322077
1044.0 0.0025919480322045274
1045.0 0.0024295251932926476
1046.0 0.0022671016267850064
1047.0 0.00235265488299774
1048.0 0.0024382085030083545
1049.0 0.001966135823749937
1050.0 0.00149406323544099
1051.0 0.001560302553116344
1052.0 0.0016265415979432873
1053.0 0.001616122608538717
1054.0 0.001605703255336266
1055.0 0.001699706626823172
1056.0 0.0017937096345121972
1057.0 0.0018728778741206042
1058.0 0.0019520461137290113
1059.0 0.0014863922842778265
1060.0 0.0010207387276750524
1061.0 0.0011990216989943292
1062.0 0.001377304670313606
1063.0 0.0018221615391667
1064.0 0.0022670186808682047
1065.0 0.0018827300664270297
1066.0 0.0014984413610363845
1067.0 0.0015906969565548934
1068.0 0.0016829524611239322
1069.0 0.0021093495888635516
1070.0 0.00253574617090635
1071.0 0.002164293618989177
1072.0 0.0017928408851730637
1073.0 0.002258315362269059
1074.0 0.0027237902031629346
1075.0 0.0032292511605191976
1076.0 0.00373471193597652
1077.0 0.004572777106659487
1078.0 0.005410841549746692
1079.0 0.004514598549576476
1080.0 0.0036183555494062603
1081.0 0.0033873948268592358
1082.0 0.0031564337405143306
1083.0 0.0036279558116802946
1084.0 0.004099477882846259
1085.0 0.005309695916366763
1086.0 0.006519912858493626
1087.0 0.004756479029310867
1088.0 0.002993044108734466
1089.0 0.0035927580029238015
1090.0 0.004192471897113137
1091.0 0.004683997030952014
1092.0 0.005175522164790891
1093.0 0.0033036350941983983
1094.0 0.0014317484783532564
1095.0 0.003209318674635142
1096.0 0.004986888961866498
1097.0 0.0032412252039648592
1098.0 0.0014955605365685187
1099.0 0.0031133415177464485
1100.0 0.004731122680823319
