lsstCam/transmission_filter_detector/r13_s00/y_10/19700101T000000.ecsv
# %ECSV 1.0
# ---
# datatype:
# - {name: wavelength, unit: nm, datatype: float32}
# - {name: efficiency, unit: '%', datatype: float64}
# meta: !!omap
# - {MODE: DETECTOR}
# - {TYPE: transmission_filter_detector}
# - {CALIBDATE: '1970-01-01T00:00:00'}
# - {INSTRUME: LSSTCam}
# - {OBSTYPE: transmission_filter_detector}
# - {CALIBCLS: lsst.ip.isr.IntermediateFilterDetectorTransmissionCurve}
# - {SOURCE: Materion (DM-46256)}
# - {DETECTOR: 54}
# - {FILTER: y_10}
# - {CALIB_ID: 'calibDate=1970-01-01T00:00:00 filter=y_10 detector=54'}
# - {DATE: '2025-04-02T15:59:50.991939'}
# - {CALIB_CREATION_DATE: '2025-04-02'}
# - {CALIB_CREATION_TIME: '15:59:50'}
# - __serialized_columns__:
#     efficiency:
#       __class__: astropy.units.quantity.Quantity
#       unit: !astropy.units.Unit {unit: '%'}
#       value: !astropy.table.SerializedColumn {name: efficiency}
#     wavelength:
#       __class__: astropy.units.quantity.Quantity
#       unit: !astropy.units.Unit {unit: nm}
#       value: !astropy.table.SerializedColumn {name: wavelength}
# schema: astropy-2.0
wavelength efficiency
[from data line 579]
879.0 0.001842348683567252
880.0 0.06159750046208501
881.0 0.09984779171645641
882.0 0.06902887835167348
883.0 0.10151561582461
884.0 0.07049975101836026
885.0 0.09634877787902951
886.0 0.07820367463864386
887.0 0.09952994296327233
888.0 0.0639881705865264
889.0 0.0959121622145176
890.0 0.06800133851356804
891.0 0.10164951672777534
892.0 0.0620773178525269
893.0 0.11195223778486252
894.0 0.07371026440523565
895.0 0.10332197416573763
896.0 0.08636708371341228
897.0 0.11737928725779057
898.0 0.08386782137677073
899.0 0.13390046078711748
900.0 0.10675301309674978
901.0 0.13836082071065903
902.0 0.16090503195300698
903.0 0.19525004317983985
904.0 0.21435613743960857
905.0 0.2625653287395835
906.0 0.3117833752185106
907.0 0.40580094791948795
908.0 0.5497932899743319
909.0 0.7334484718739986
910.0 1.0810201056301594
911.0 1.520045194774866
912.0 2.2516854107379913
913.0 3.3199574798345566
914.0 4.596368595957756
915.0 6.465265899896622
916.0 8.70632454752922
917.0 11.152711510658264
918.0 13.90814334154129
919.0 16.533365845680237
920.0 20.025362074375153
921.0 23.694202303886414
922.0 27.372103929519653
923.0 31.769850850105286
924.0 36.525219678878784
925.0 41.83920919895172
926.0 48.15743863582611
927.0 54.94505763053894
928.0 60.88640093803406
929.0 67.30579137802124
930.0 72.92134761810303
931.0 78.38599681854248
932.0 83.37395787239075
933.0 87.5609040260315
934.0 90.59610366821289
935.0 92.72478222846985
936.0 94.32393908500671
937.0 95.41627168655396
938.0 96.18071913719177
939.0 96.53629660606384
940.0 96.8219518661499
941.0 97.00908064842224
942.0 97.1959114074707
943.0 97.2693145275116
944.0 97.54520654678345
945.0 97.47158288955688
946.0 97.543466091156
947.0 97.47927188873291
948.0 97.62734174728394
949.0 97.54018783569336
950.0 97.67835736274719
951.0 97.76684641838074
952.0 97.7881669998169
953.0 97.99525141716003
954.0 98.07944297790527
955.0 98.14589619636536
956.0 98.32480549812317
957.0 98.55309724807739
958.0 98.72902631759644
959.0 98.74719977378845
960.0 98.87415766716003
961.0 98.84653091430664
962.0 98.89358282089233
963.0 98.93972873687744
964.0 98.97545576095581
965.0 98.96859526634216
966.0 99.06954765319824
967.0 99.09839034080505
968.0 99.08283352851868
969.0 99.09635782241821
970.0 99.14758205413818
971.0 99.17507767677307
972.0 99.26190376281738
973.0 99.33279752731323
974.0 99.3384301662445
975.0 99.30832386016846
976.0 99.32870268821716
977.0 99.3394672870636
978.0 99.37361478805542
979.0 99.32199120521545
980.0 99.28672313690186
981.0 99.22198057174683
982.0 99.16037321090698
983.0 99.17614459991455
984.0 99.13303852081299
985.0 99.10178780555725
986.0 99.0132212638855
987.0 99.07084107398987
988.0 98.98355007171631
989.0 98.95886778831482
990.0 98.94260168075562
991.0 98.99505376815796
992.0 99.05375242233276
993.0 99.0049958229065
994.0 98.97895455360413
995.0 99.03392195701599
996.0 99.02312755584717
997.0 99.15699362754822
998.0 99.18521642684937
999.0 99.2330551147461
1000.0 99.26530718803406
1001.0 99.20676946640015
1002.0 99.30415153503418
1003.0 99.34958219528198
1004.0 99.3617594242096
1005.0 99.31799173355103
1006.0 99.45186972618103
1007.0 99.4106113910675
1008.0 99.39432144165039
1009.0 99.32025074958801
1010.0 99.34538006782532
1011.0 99.36664700508118
1012.0 99.2807924747467
1013.0 99.2511510848999
1014.0 99.26397800445557
1015.0 99.22017455101013
1016.0 99.21016097068787
1017.0 99.23396706581116
1018.0 99.2943286895752
1019.0 99.2384135723114
1020.0 99.27056431770325
1021.0 99.39627051353455
1022.0 99.26169514656067
1023.0 99.35263991355896
1024.0 99.32586550712585
1025.0 99.33014512062073
1026.0 99.38634634017944
1027.0 99.46619868278503
1028.0 99.3719756603241
1029.0 99.48645234107971
1030.0 99.5473563671112
1031.0 99.50276017189026
1032.0 99.52447414398193
1033.0 99.48542714118958
1034.0 99.47381615638733
1035.0 99.53177571296692
1036.0 99.44393038749695
1037.0 99.46768879890442
1038.0 99.43691492080688
1039.0 99.3834376335144
1040.0 99.330735206604
1041.0 99.41378831863403
1042.0 99.35095310211182
1043.0 99.28811192512512
1044.0 99.44783449172974
1045.0 99.07092452049255
1046.0 99.26708936691284
1047.0 99.21472072601318
1048.0 99.27229285240173
1049.0 99.15738701820374
1050.0 99.1324782371521
1051.0 99.178546667099
1052.0 99.15558099746704
1053.0 99.00714159011841
1054.0 99.28488731384277
1055.0 99.41233992576599
1056.0 99.32053685188293
1057.0 99.3139922618866
1058.0 99.0171730518341
1059.0 99.13075566291809
1060.0 99.25709366798401
1061.0 99.1611897945404
1062.0 99.25002455711365
1063.0 99.14648532867432
1064.0 99.25423264503479
1065.0 99.26453828811646
1066.0 99.18289184570312
1067.0 99.29073452949524
1068.0 99.15614128112793
1069.0 99.0629255771637
1070.0 99.29147958755493
1071.0 99.29829835891724
1072.0 99.27775263786316
1073.0 99.2967963218689
1074.0 98.97363185882568
1075.0 98.93634915351868
1076.0 98.77486228942871
1077.0 99.14427995681763
1078.0 99.25575852394104
1079.0 98.83977770805359
1080.0 99.63718056678772
1081.0 98.82290363311768
1082.0 99.01388883590698
1083.0 98.88492226600647
1084.0 99.2676854133606
1085.0 99.23667311668396
1086.0 99.12726879119873
1087.0 99.16436076164246
1088.0 98.79559874534607
1089.0 98.83893728256226
1090.0 98.75478148460388
1091.0 98.99066686630249
1092.0 98.88589978218079
1093.0 98.70386719703674
1094.0 98.61725568771362
1095.0 98.70338439941406
1096.0 98.79974126815796
1097.0 98.57041239738464
1098.0 97.94190526008606
1099.0 98.68137240409851
1100.0 98.34120869636536
