lsstCam/transmission_filter_detector/r13_s00/y_10/19700101T000000.ecsv
# %ECSV 1.0
# ---
# datatype:
# - {name: wavelength, unit: nm, datatype: float32}
# - {name: efficiency, unit: '%', datatype: float64}
# meta: !!omap
# - {MODE: DETECTOR}
# - {TYPE: transmission_filter_detector}
# - {CALIBDATE: '1970-01-01T00:00:00'}
# - {INSTRUME: LSSTCam}
# - {OBSTYPE: transmission_filter_detector}
# - {CALIBCLS: lsst.ip.isr.IntermediateFilterDetectorTransmissionCurve}
# - {SOURCE: Materion (DM-46256)}
# - {DETECTOR: 54}
# - {FILTER: y_10}
# - {CALIB_ID: 'calibDate=1970-01-01T00:00:00 filter=y_10 detector=54'}
# - {DATE: '2025-04-02T15:59:50.991939'}
# - {CALIB_CREATION_DATE: '2025-04-02'}
# - {CALIB_CREATION_TIME: '15:59:50'}
# - __serialized_columns__:
#     efficiency:
#       __class__: astropy.units.quantity.Quantity
#       unit: !astropy.units.Unit {unit: '%'}
#       value: !astropy.table.SerializedColumn {name: efficiency}
#     wavelength:
#       __class__: astropy.units.quantity.Quantity
#       unit: !astropy.units.Unit {unit: nm}
#       value: !astropy.table.SerializedColumn {name: wavelength}
# schema: astropy-2.0
wavelength efficiency
300.0 0.5371988285332918
301.0 0.2917023142799735
302.0 0.04620578547473997
303.0 0.04226299934089184
304.0 0.03832021611742675
305.0 0.023463371326215565
306.0 0.00860652289702557
307.0 0.014164672757033259
308.0 0.01972281897906214
309.0 0.015369117318186909
310.0 0.011015414202120155
311.0 0.009070503438124433
312.0 0.007125590491341427
313.0 0.0067431981733534485
314.0 0.00636080585536547
315.0 0.005061251795268618
316.0 0.00376170028175693
317.0 0.0040181756048696116
318.0 0.004274647290003486
319.0 0.0020210494767525233
320.0 1.589319821582169e-10
321.0 0.001800798054318875
322.0 0.003834146264125593
323.0 0.0028058357202098705
324.0 0.0017775255400920287
325.0 0.0007431582162098493
326.0 1.589319821582169e-10
327.0 0.0005702812813979108
328.0 0.0014317717614176217
329.0 0.00324588872899767
330.0 0.005060005423729308
331.0 0.004316450213082135
332.0 0.003572894638637081
333.0 0.0023261129172169603
334.0 0.0010793308319989592
335.0 0.0015061774320201948
336.0 0.0019330243958393112
337.0 0.002590536132629495
338.0 0.0032480475056217983
339.0 0.0015148845704970881
340.0 1.589319821582169e-10
341.0 1.589319821582169e-10
342.0 1.589319821582169e-10
343.0 0.00025327049115730915
344.0 0.0009523111657472327
345.0 0.0013984732504468411
346.0 0.001844636062742211
347.0 0.0018177977835875936
348.0 0.0017909591406350955
349.0 0.001440282903786283
350.0 0.0010896063031395897
351.0 0.001314677774644224
352.0 0.0015397487004520372
353.0 0.0012737835277221166
354.0 0.0010078182640427258
355.0 0.00117002791739651
356.0 0.001332237388851354
357.0 0.00109609582068515
358.0 0.0008599538887210656
359.0 0.0009167762982542627
360.0 0.0009735987077874597
361.0 0.0013578771358879749
362.0 0.0017421554730390199
363.0 0.0013819614650856238
364.0 0.001021767093334347
365.0 0.0013503863556252327
366.0 0.0016790061636129394
367.0 0.0021345536879380234
368.0 0.002590101030364167
369.0 0.002154128196707461
370.0 0.0017181553630507551
371.0 0.001677034560998436
372.0 0.0016359133951482363
373.0 0.0021132866095285863
374.0 0.0025906600058078766
375.0 0.003368476973264478
376.0 0.004146293576923199
377.0 0.004154299676883966
378.0 0.004162305413046852
379.0 0.0036537894629873335
380.0 0.0031452731491299346
381.0 0.0021081265003886074
382.0 0.00107097976069781
383.0 0.0011041557627322618
384.0 0.001137331491918303
385.0 0.0009204174602928106
386.0 0.000703503383192583
387.0 0.0007191635631897952
388.0 0.0007348238341364777
389.0 0.0006573988230229588
390.0 0.0005799739483336452
391.0 0.0005815668373543303
392.0 0.0005831598627992207
393.0 0.0006348727310978575
394.0 0.0006865857812954346
395.0 0.0005960393991699675
396.0 0.0005054930625192355
397.0 0.0007519869541283697
398.0 0.0009984807547880337
399.0 0.001276544662687229
400.0 0.0015546085705864243
401.0 0.0016570413208683021
402.0 0.0017594742530491203
403.0 0.0017950736946659163
404.0 0.0018306729543837719
405.0 0.0017446238416596316
406.0 0.0016585752746323124
407.0 0.0014308135177998338
408.0 0.0012030519428662956
409.0 0.0009504949957772624
410.0 0.0006979376394156134
411.0 0.0004895576239505317
412.0 0.0002811777449096553
413.0 0.0007209292107290821
414.0 0.0011606805855990387
415.0 0.0018750022718450055
416.0 0.0025893241399899125
417.0 0.0013730332284467295
418.0 0.00015674227142881136
419.0 1.589319821582169e-10
420.0 1.589319821582169e-10
421.0 1.589319821582169e-10
422.0 0.0008280634574475698
423.0 0.00107852074506809
424.0 0.0013289780326886103
425.0 0.0004612507837009616
426.0 1.589319821582169e-10
427.0 3.5121391306347505e-05
428.0 0.0004767193786392454
429.0 4.296186517649403e-06
430.0 1.589319821582169e-10
431.0 0.0003475018729659496
432.0 0.0011631310371740256
433.0 0.0008276679182017688
434.0 0.0004922053904010681
435.0 1.589319821582169e-10
436.0 1.589319821582169e-10
437.0 1.589319821582169e-10
438.0 0.00018548420257502585
439.0 1.589319821582169e-10
440.0 1.589319821582169e-10
441.0 1.589319821582169e-10
442.0 1.589319821582169e-10
443.0 1.589319821582169e-10
444.0 0.00010443857263453538
445.0 0.00024290882265631808
446.0 0.00038137895899126306
447.0 0.000579607012696215
448.0 0.0007778348845022265
449.0 0.0007122572242224123
450.0 0.0006466792910941876
451.0 0.0003648334086392424
452.0 8.298765692416055e-05
453.0 1.589319821582169e-10
454.0 1.589319821582169e-10
455.0 1.589319821582169e-10
456.0 1.589319821582169e-10
457.0 1.589319821582169e-10
458.0 0.00010313868870071019
459.0 0.00023001196041150251
460.0 0.0003568851980162435
461.0 0.0003947184723074315
462.0 0.00043255172386125196
463.0 0.000458544946013717
464.0 0.0004845382136409171
465.0 0.0005079059974377742
466.0 0.0005312738721841015
467.0 0.0009946487807610538
468.0 0.0014580235074390657
469.0 0.0016657657397445291
470.0 0.0018735072444542311
471.0 0.001869311927293893
472.0 0.001865116246335674
473.0 0.0021744597688666545
474.0 0.0024838031094986945
475.0 0.0026493644327274524
476.0 0.0028149259378551506
477.0 0.0032534549973206595
478.0 0.003691983874887228
479.0 0.004307110793888569
480.0 0.00492223771288991
481.0 0.0048212728870566934
482.0 0.004720308061223477
483.0 0.0041222556319553405
484.0 0.0035242024750914425
485.0 0.0037666446587536484
486.0 0.004009086842415854
487.0 0.0035401953937252983
488.0 0.0030713035812368616
489.0 0.0025882023692247458
490.0 0.0021051018848083913
491.0 0.0018466034816810861
492.0 0.0015881047147559002
493.0 0.001266036542801885
494.0 0.0009439689165446907
495.0 0.001238236109202262
496.0 0.0015325034837587737
497.0 0.001968084507097956
498.0 0.002403666076133959
499.0 0.0024574810595368035
500.0 0.0025112962248385884
501.0 0.002523700641177129
502.0 0.00253610523941461
503.0 0.0026185747628915124
504.0 0.002701043922570534
505.0 0.003311228647362441
506.0 0.003921413372154348
507.0 0.0028122620278736576
508.0 0.0017031099559972063
509.0 0.001946546763065271
510.0 0.0021899833882343955
511.0 0.0020395335013745353
512.0 0.001889083614514675
513.0 0.0018762488252832554
514.0 0.0018634143998497166
515.0 0.0017358870536554605
516.0 0.0016083593436633237
517.0 0.0015364681530627422
518.0 0.0014645764167653397
519.0 0.0016048294128268026
520.0 0.0017450824088882655
521.0 0.00182622952706879
522.0 0.001907376281451434
523.0 0.0018532202375354245
524.0 0.0017990641936194152
525.0 0.00223570332309464
526.0 0.0026723428163677454
527.0 0.002503531868569553
528.0 0.0023347214664681815
529.0 0.0025078217731788754
530.0 0.002680921897990629
531.0 0.0024687738914508373
532.0 0.0022566255211131647
533.0 0.0025491232008789666
534.0 0.0028416199711500667
535.0 0.0024616829250589944
536.0 0.002081745333271101
537.0 0.002454245804983657
538.0 0.0028267460947972722
539.0 0.003437433042563498
540.0 0.004048119444632903
541.0 0.00400125136366114
542.0 0.003954382918891497
543.0 0.004245723539497703
544.0 0.004537063796306029
545.0 0.005011028042645194
546.0 0.005484991925186478
547.0 0.004544845432974398
548.0 0.003604698576964438
549.0 0.003153583747916855
550.0 0.0027024687369703315
551.0 0.0026243531465297565
552.0 0.002546237374190241
553.0 0.003168546754750423
554.0 0.0037908557715127245
555.0 0.00411310356867034
556.0 0.004435351365827955
557.0 0.003969575845985673
558.0 0.003503800689941272
559.0 0.0032762127375463024
560.0 0.0030486251489492133
561.0 0.003329004903207533
562.0 0.003609384293667972
563.0 0.0033721276849973947
564.0 0.0031348707125289366
565.0 0.003806685344898142
566.0 0.004478499977267347
567.0 0.004617267404682934
568.0 0.004756034468300641
569.0 0.005198569124331698
570.0 0.005641103780362755
571.0 0.005596275514108129
572.0 0.005551447247853503
573.0 0.006014806422172114
574.0 0.006478165596490726
575.0 0.00638905621599406
576.0 0.006299946107901633
577.0 0.005767474431195296
578.0 0.005235003482084721
579.0 0.005929339749854989
580.0 0.006623676745221019
581.0 0.0072270791861228645
582.0 0.007830480899428949
583.0 0.008758169860811904
584.0 0.009685855911811814
585.0 0.0097603457106743
586.0 0.00983483696472831
587.0 0.01000443153316155
588.0 0.010174023918807507
589.0 0.010487043618923053
590.0 0.010800065501825884
591.0 0.010021876369137317
592.0 0.00924368723644875
593.0 0.007526220724685118
594.0 0.005808757487102412
595.0 0.005709550896426663
596.0 0.005610344669548795
597.0 0.006112338451202959
598.0 0.006614332232857123
599.0 0.007422959606628865
600.0 0.008231585525209084
601.0 0.008988800254883245
602.0 0.009746013529365882
603.0 0.010604399722069502
604.0 0.011462786642368883
605.0 0.011466320574982092
606.0 0.011469855235191062
607.0 0.009946267527993768
608.0 0.008422682003583759
609.0 0.006558724999194965
610.0 0.004694770177593455
611.0 0.003990677578258328
612.0 0.0032865853427210823
613.0 0.003734040365088731
614.0 0.004181495023658499
615.0 0.004950772199663334
616.0 0.0057200501032639295
617.0 0.006996258889557794
618.0 0.008272466948255897
619.0 0.009209923155140132
620.0 0.010147380089620128
621.0 0.01121661698562093
622.0 0.012285854609217495
623.0 0.01210840928251855
624.0 0.011930963228223845
625.0 0.010617318912409246
626.0 0.009303671686211601
627.0 0.007311326771741733
628.0 0.005318980402080342
629.0 0.00439867508248426
630.0 0.003478370126686059
631.0 0.0028688082238659263
632.0 0.0022592461391468532
633.0 0.0024544164261897095
634.0 0.0026495870770304464
635.0 0.002796369335555937
636.0 0.002943151230283547
637.0 0.0037899801100138575
638.0 0.004636808444047347
639.0 0.004663990694098175
640.0 0.004691172580351122
641.0 0.0052322375267976895
642.0 0.005773302473244257
643.0 0.0058808509493246675
644.0 0.005988399789202958
645.0 0.005465864160214551
646.0 0.004943329258821905
647.0 0.003955925421905704
648.0 0.002968522130686324
649.0 0.0022593962057726458
650.0 0.001550270098960027
651.0 0.0016932026483118534
652.0 0.0018361357433605008
653.0 0.001655439155001659
654.0 0.0014747422937944066
655.0 0.0014878373804094736
656.0 0.0015009326489234809
657.0 0.001322116168012144
658.0 0.0011432998689997476
659.0 0.0016663256246829405
660.0 0.0021893512894166633
661.0 0.001871205859060865
662.0 0.0015530600649071857
663.0 0.002312391370651312
664.0 0.0030717230401933193
665.0 0.003617795664467849
666.0 0.004163868288742378
667.0 0.004746641934616491
668.0 0.005329414125299081
669.0 0.005403009708970785
670.0 0.005476601654663682
671.0 0.006235832552192733
672.0 0.006995064904913306
673.0 0.007666951569262892
674.0 0.00833883896120824
675.0 0.007865751103963703
676.0 0.007392666157102212
677.0 0.0058343135606264696
678.0 0.004275960600352846
679.0 0.0028920007025590166
680.0 0.0015080418052093592
681.0 0.0006695466709061293
682.0 1.589319821582169e-10
683.0 6.565404078173742e-05
684.0 0.00030025657906662673
685.0 0.0002427009121674928
686.0 0.00018514523389967508
687.0 0.00021771729734609835
688.0 0.0002502894176359405
689.0 0.00033863395856315037
690.0 0.0004269785222277278
691.0 0.0003768945134652313
692.0 0.00032681050470273476
693.0 0.00026411044018459506
694.0 0.00020141037566645537
695.0 0.00037202298699412495
696.0 0.0005426355983217945
697.0 0.0004756431280839024
698.0 0.000408650521421805
699.0 0.0004122044629184529
700.0 0.0004157581315666903
701.0 0.0003359844185979455
702.0 0.00025621084205340594
703.0 0.0003866349288728088
704.0 0.0005170590611669468
705.0 0.0004001562047051266
706.0 0.0002832531436069985
707.0 1.589319821582169e-10
708.0 1.589319821582169e-10
709.0 1.589319821582169e-10
710.0 9.573237775839516e-05
711.0 0.00034399952255625976
712.0 0.0005922667696722783
713.0 0.0004162319328315789
714.0 0.00024019723241508473
715.0 0.00032689124509488465
716.0 0.0004135852577746846
717.0 0.00032507325613551075
718.0 0.00023656127723370446
719.0 0.00045532833610195667
720.0 0.0006740953267581062
721.0 0.0003885395926772617
722.0 0.00010298390407115221
723.0 0.00017049191001206054
724.0 0.0002379998704782338
725.0 0.00039446390474040527
726.0 0.0005509280981641496
727.0 0.0002343263986404054
728.0 1.589319821582169e-10
729.0 7.92382024883409e-05
730.0 0.00024075156943581533
731.0 0.0004964564141118899
732.0 0.0007521614406869048
733.0 0.0002778475618470111
734.0 1.589319821582169e-10
735.0 1.589319821582169e-10
736.0 1.589319821582169e-10
737.0 0.00021830039713677252
738.0 0.0007890844244684558
739.0 0.0005256106305751018
740.0 0.0002621365183586022
741.0 5.119336492498405e-05
742.0 1.589319821582169e-10
743.0 1.589319821582169e-10
744.0 1.589319821582169e-10
745.0 0.00022200101739144884
746.0 0.0007669194019399583
747.0 0.0003711526233018958
748.0 1.589319821582169e-10
749.0 1.589319821582169e-10
750.0 1.589319821582169e-10
751.0 1.589319821582169e-10
752.0 5.88254636113561e-05
753.0 0.0002444214942443068
754.0 0.00043001750782423187
755.0 1.589319821582169e-10
756.0 1.589319821582169e-10
757.0 1.589319821582169e-10
758.0 1.589319821582169e-10
759.0 0.00011491524674056564
760.0 0.0007185038157331292
761.0 0.0003470879391898052
762.0 1.589319821582169e-10
763.0 1.589319821582169e-10
764.0 1.589319821582169e-10
765.0 8.373066862077394e-05
766.0 0.00040653158066561446
767.0 1.589319821582169e-10
768.0 1.589319821582169e-10
769.0 1.589319821582169e-10
770.0 1.589319821582169e-10
771.0 1.589319821582169e-10
772.0 1.589319821582169e-10
773.0 0.00033676394650683505
774.0 0.0007604993697896134
775.0 0.00043267596083751414
776.0 0.0001048524154612096
777.0 0.00027290616344544105
778.0 0.0004409599114296725
779.0 0.0006107275112299249
780.0 0.000780494974605972
781.0 0.000690112301526824
782.0 0.000599729582972941
783.0 0.000421031518271775
784.0 0.00024233347630797653
785.0 0.00019045462522626622
786.0 0.00013857543308404274
787.0 0.0005091357252240414
788.0 0.0008796959264145698
789.0 0.000715070791557082
790.0 0.0005504457021743292
791.0 0.0005084419171907939
792.0 0.00046643795030831825
793.0 0.0006448610747611383
794.0 0.0008232838808908127
795.0 0.0007400037247862201
796.0 0.0006567234322574222
797.0 0.000248237734012946
798.0 1.589319821582169e-10
799.0 0.0004395984433358535
800.0 0.0010394448509032372
801.0 0.0005481399966811296
802.0 5.683514245902188e-05
803.0 0.0003597978320613038
804.0 0.0006627605216635857
805.0 0.0009176395906251855
806.0 0.0011725186595867854
807.0 0.0006795768513256917
808.0 0.00018663509990801685
809.0 5.1565473313530674e-05
810.0 1.589319821582169e-10
811.0 0.00023406475975207286
812.0 0.0005516336386790499
813.0 0.0007486423328373348
814.0 0.0009456510269956198
815.0 0.0010545125405769795
816.0 0.001163373417512048
817.0 0.0009660365321906283
818.0 0.0007686996468692087
819.0 0.000855947109812405
820.0 0.0009431945727556013
821.0 0.0009375517038279213
822.0 0.0009319087439507712
823.0 0.0008007838005141821
824.0 0.0006696589480270632
825.0 0.0006852309525129385
826.0 0.0007008030479482841
827.0 0.0007033271231193794
828.0 0.0007058512892399449
829.0 0.00038980815588729456
830.0 7.376503958766989e-05
831.0 7.296073363249889e-05
832.0 7.215660957626824e-05
833.0 0.00042689425754360855
834.0 0.0007816318429831881
835.0 0.00012447613926269696
836.0 1.589319821582169e-10
837.0 1.589319821582169e-10
838.0 0.00018651638811206794
839.0 0.0005330573458195431
840.0 0.0008795983376330696
841.0 0.001126492952607805
842.0 0.0013733876585320104
843.0 0.0009923955076374114
844.0 0.0006114032203186071
845.0 0.0006249493708310183
846.0 0.0006384953849192243
847.0 0.0009656584552431013
848.0 0.0012928214346175082
849.0 0.0010237732567475177
850.0 0.0007547247150796466
851.0 0.000983985410130117
852.0 0.0012132461051805876
853.0 0.00046159366320353
854.0 1.589319821582169e-10
855.0 1.589319821582169e-10
856.0 1.589319821582169e-10
857.0 0.0002558636197136366
858.0 0.0011716861081367824
859.0 0.001109345794247929
860.0 0.0010470051165611949
861.0 0.0013303658306540456
862.0 0.0016137266356963664
863.0 0.0018088587239617482
864.0 0.0020039904484292492
865.0 0.002113727532560006
866.0 0.0022234647985897027
867.0 0.0028039403332513757
868.0 0.003384416049811989
869.0 0.003016164919245057
870.0 0.002647913606779184
871.0 0.0031416369893122464
872.0 0.003635360553744249
873.0 0.0027663940272759646
874.0 0.001897427864605561
875.0 0.0026446003175806254
876.0 0.0033917724067578092
877.0 0.0021798728994326666
