lsstCam/transmission_filter_detector/r32_s22/z_20/19700101T000000.ecsv
# %ECSV 1.0
# ---
# datatype:
# - {name: wavelength, unit: nm, datatype: float32}
# - {name: efficiency, unit: '%', datatype: float64}
# meta: !!omap
# - {MODE: DETECTOR}
# - {TYPE: transmission_filter_detector}
# - {CALIBDATE: '1970-01-01T00:00:00'}
# - {INSTRUME: LSSTCam}
# - {OBSTYPE: transmission_filter_detector}
# - {CALIBCLS: lsst.ip.isr.IntermediateFilterDetectorTransmissionCurve}
# - {SOURCE: Materion (DM-46256)}
# - {DETECTOR: 143}
# - {FILTER: z_20}
# - {CALIB_ID: 'calibDate=1970-01-01T00:00:00 filter=z_20 detector=143'}
# - {DATE: '2025-04-02T15:59:49.302488'}
# - {CALIB_CREATION_DATE: '2025-04-02'}
# - {CALIB_CREATION_TIME: '15:59:49'}
# - __serialized_columns__:
#     efficiency:
#       __class__: astropy.units.quantity.Quantity
#       unit: !astropy.units.Unit {unit: '%'}
#       value: !astropy.table.SerializedColumn {name: efficiency}
#     wavelength:
#       __class__: astropy.units.quantity.Quantity
#       unit: !astropy.units.Unit {unit: nm}
#       value: !astropy.table.SerializedColumn {name: wavelength}
# schema: astropy-2.0
wavelength efficiency
300.0 0.37984291557222605
301.0 0.3296191804111004
302.0 0.2793954452499747
303.0 0.2321624429896474
304.0 0.1849294756539166
305.0 0.1706185401417315
306.0 0.15630759298801422
307.0 0.1480177277699113
308.0 0.13972787419334054
309.0 0.13326937332749367
310.0 0.12681089574471116
311.0 0.11640632292255759
312.0 0.10600175010040402
313.0 0.09788234019652009
314.0 0.08976290700957179
315.0 0.08484074496664107
316.0 0.07991857128217816
317.0 0.07378535810858011
318.0 0.06765213911421597
319.0 0.0648899469524622
320.0 0.06212775479070842
321.0 0.05984675954096019
322.0 0.05756576429121196
323.0 0.05508653703145683
324.0 0.0526073039509356
325.0 0.049607548862695694
326.0 0.046607793774455786
327.0 0.04197652451694012
328.0 0.03734525525942445
329.0 0.03728411684278399
330.0 0.03722297551576048
331.0 0.035660809953697026
332.0 0.03409864439163357
333.0 0.030461204005405307
334.0 0.026823763619177043
335.0 0.02580563013907522
336.0 0.02478749956935644
337.0 0.02032712654909119
338.0 0.01586675352882594
339.0 0.017457327339798212
340.0 0.01904790406115353
341.0 0.01746836496749893
342.0 0.015888825873844326
343.0 0.01582073891768232
344.0 0.015752653416711837
345.0 0.014523450226988643
346.0 0.013294248492456973
347.0 0.013464377843774855
348.0 0.01363450865028426
349.0 0.013631660840474069
350.0 0.013628811575472355
351.0 0.012530649837572128
352.0 0.011432491010054946
353.0 0.011527095921337605
354.0 0.011621702287811786
355.0 0.011552246724022552
356.0 0.01148279188782908
357.0 0.011084602738264948
358.0 0.010686413588700816
359.0 0.010409405513200909
360.0 0.01013239671010524
361.0 0.010236648085992783
362.0 0.010340900917071849
363.0 0.010135457705473527
364.0 0.009930013766279444
365.0 0.00984020225587301
366.0 0.009750391473062336
367.0 0.009093412518268451
368.0 0.008436432835878804
369.0 0.008687254012329504
370.0 0.008938075188780203
371.0 0.008692734991200268
372.0 0.008447396248811856
373.0 0.008102002175292
374.0 0.0077566081017721444
375.0 0.006396767275873572
376.0 0.0050369268137728795
377.0 0.004951226219418459
378.0 0.004865525261266157
379.0 0.005116945612826385
380.0 0.005368366328184493
381.0 0.0052340601541800424
382.0 0.005099753616377711
383.0 0.004867838288191706
384.0 0.00463592259620782
385.0 0.004508369602262974
386.0 0.004380816608318128
387.0 0.004473446824704297
388.0 0.004566077041090466
389.0 0.004537793938652612
390.0 0.004509511200012639
391.0 0.004213909778627567
392.0 0.003918308357242495
393.0 0.0039012003981042653
394.0 0.003884092438966036
395.0 0.0036916691897204146
396.0 0.0034992459404747933
397.0 0.0036484634620137513
398.0 0.00379768134735059
399.0 0.0039000806282274425
400.0 0.004002479909104295
401.0 0.004882743451162241
402.0 0.005763006993220188
403.0 0.005160154250916094
404.0 0.004557300781016238
405.0 0.004440843986230902
406.0 0.004324386827647686
407.0 0.00417923329223413
408.0 0.004034079756820574
409.0 0.003843948434223421
410.0 0.003653817475424148
411.0 0.00427454688178841
412.0 0.004895276651950553
413.0 0.004919934144709259
414.0 0.004944592001265846
415.0 0.004565974450088106
416.0 0.004187357626506127
417.0 0.0032886127883102745
418.0 0.0023898684958112426
419.0 0.0028672877306235023
420.0 0.0033447071473347023
421.0 0.0027275258617009968
422.0 0.0021103447579662316
423.0 0.0027527677957550623
424.0 0.0033951910154428333
425.0 0.0034347242035437375
426.0 0.0034742573916446418
427.0 0.003139637556159869
428.0 0.0028050180844729766
429.0 0.0022507356334244832
430.0 0.0016964530004770495
431.0 0.0018687858755583875
432.0 0.002041118932538666
433.0 0.0022977266780799255
434.0 0.0025543342417222448
435.0 0.0031592280720360577
436.0 0.0037641213566530496
437.0 0.002987016341648996
438.0 0.002209911326644942
439.0 0.0020707269868580624
440.0 0.001931542828970123
441.0 0.001888658334792126
442.0 0.0018457736587151885
443.0 0.001856712879089173
444.0 0.001867651917564217
445.0 0.0016887046513147652
446.0 0.0015097577488631941
447.0 0.0017994809240917675
448.0 0.0020892044631182216
449.0 0.0021700279830838554
450.0 0.002250851503049489
451.0 0.0020003139070468023
452.0 0.0017497761291451752
453.0 0.0022703059585182928
454.0 0.00279083560599247
455.0 0.002436994509480428
456.0 0.0020831535948673263
457.0 0.0015957994037307799
458.0 0.0011084453035437036
459.0 0.0014416329577215947
460.0 0.001774820702848956
461.0 0.001446883015887579
462.0 0.001118945419875672
463.0 0.0011700625691446476
464.0 0.001221179718413623
465.0 0.001185338624054566
466.0 0.0011494974387460388
467.0 0.001034088109008735
468.0 0.0009186785973724909
469.0 0.0010572833161859307
470.0 0.0011958881259488408
471.0 0.0011688400263665244
472.0 0.001141791926784208
473.0 0.0012865390090155415
474.0 0.0014312860002974048
475.0 0.0014502445083053317
476.0 0.001469202743464848
477.0 0.0012879126188636292
478.0 0.0011066224942624103
479.0 0.0014659431144536939
480.0 0.0018252638255944476
481.0 0.0015268524293787777
482.0 0.001228441033163108
483.0 0.0011381924196030013
484.0 0.0010479438060428947
485.0 0.0014465929780271836
486.0 0.0018452423319104128
487.0 0.0014412307791644707
488.0 0.001037219408317469
489.0 0.001184676875709556
490.0 0.001332134343101643
491.0 0.0014356481187860481
492.0 0.0015391618944704533
493.0 0.0015358471500803716
494.0 0.00153253240569029
495.0 0.001446918395231478
496.0 0.0013613043847726658
497.0 0.0015290346709662117
498.0 0.0016967649571597576
499.0 0.0018394963262835518
500.0 0.0019822275135084055
501.0 0.001639351285120938
502.0 0.0012964749657840002
503.0 0.0012035645340802148
504.0 0.0011106541933258995
505.0 0.0015610294212820008
506.0 0.002011404467339162
507.0 0.0017201155060320161
508.0 0.00142882627187646
509.0 0.0011858862308145035
510.0 0.0009429461897525471
511.0 0.0010080339961859863
512.0 0.0010731214388215449
513.0 0.0013376978131418582
514.0 0.0016022740965127014
515.0 0.0014801936231378932
516.0 0.0013581133316620253
517.0 0.0011343871847202536
518.0 0.0009106612196774222
519.0 0.0013052313988737296
520.0 0.001699801578070037
521.0 0.001802602673706133
522.0 0.0019054039512411691
523.0 0.001551498644403182
524.0 0.0011975930647167843
525.0 0.001163930028269533
526.0 0.0011302669918222819
527.0 0.0011647514838841744
528.0 0.001199236066895537
529.0 0.0011929330867133103
530.0 0.0011866301065310836
531.0 0.0013004409083805513
532.0 0.0014142518921289593
533.0 0.0014786526662646793
534.0 0.0015430534404003993
535.0 0.0016452277122880332
536.0 0.0017474019841756672
537.0 0.0016400401364080608
538.0 0.0015326782886404544
539.0 0.001237760534422705
540.0 0.0009428426892554853
541.0 0.001060539943864569
542.0 0.0011782369256252423
543.0 0.0009986802979256026
544.0 0.0008191237611754332
545.0 0.0013402420336205978
546.0 0.0018613602151162922
547.0 0.001728724964777939
548.0 0.0015960895325406455
549.0 0.0018020557035924867
550.0 0.002008021874644328
551.0 0.0018412740246276371
552.0 0.001674525992712006
553.0 0.0018535334675107151
554.0 0.0020325409423094243
555.0 0.0019045482986257412
556.0 0.001776555654942058
557.0 0.0014212870155461133
558.0 0.0010660184670996387
559.0 0.0011776527571782935
560.0 0.0012892869563074782
561.0 0.0011726293450919911
562.0 0.001055971733876504
563.0 0.001322013031312963
564.0 0.0015880545106483623
565.0 0.001744809742376674
566.0 0.0019015649741049856
567.0 0.002092141039611306
568.0 0.0022827171051176265
569.0 0.0024586321160313673
570.0 0.0026345473088440485
571.0 0.0026510911993682384
572.0 0.0026676350898924284
573.0 0.0024050872525549494
574.0 0.00214253923331853
575.0 0.001997141407628078
576.0 0.001851743581937626
577.0 0.001930423422891181
578.0 0.0020091030819457956
579.0 0.001987892756005749
580.0 0.0019666827938635834
581.0 0.0019072896975558251
582.0 0.0018478966012480669
583.0 0.0016343872630386613
584.0 0.001420878015778726
585.0 0.0018623124560690485
586.0 0.0023037466235109605
587.0 0.002072290953947231
588.0 0.0018408352843835019
589.0 0.002006331123993732
590.0 0.0021718271455029026
591.0 0.0017968157408176921
592.0 0.0014218044270819519
593.0 0.0012538748705992475
594.0 0.0010859453141165432
595.0 0.0009898586540657561
596.0 0.0008937719030654989
597.0 0.0007647155143786222
598.0 0.0006356591256917454
599.0 0.0007902424840722233
600.0 0.000944825751503231
601.0 0.0008533919753972441
602.0 0.0007619581538165221
603.0 0.001179953233076958
604.0 0.0015979479940142483
605.0 0.001205995704367524
606.0 0.0008140431418723892
607.0 0.0008369654096895829
608.0 0.0008598877684562467
609.0 0.000807214109954657
610.0 0.0007545405878772726
611.0 0.001050607897923328
612.0 0.001346674980595708
613.0 0.0012749311281368136
614.0 0.0012031874575768597
615.0 0.0011799274943768978
616.0 0.0011566675311769359
617.0 0.0014114101759332698
618.0 0.001666153002588544
619.0 0.0017206102711497806
620.0 0.0017750677216099575
621.0 0.0015366149455076084
622.0 0.001298162078455789
623.0 0.0013257185855763964
624.0 0.001353275183646474
625.0 0.0015499002984142862
626.0 0.0017465255950810388
627.0 0.0018904291209764779
628.0 0.002034332646871917
629.0 0.0020304476493038237
630.0 0.0020265622879378498
631.0 0.0021918876882409677
632.0 0.002357213270443026
633.0 0.0028123184165451676
634.0 0.0032674237445462495
635.0 0.005743754081777297
636.0 0.008220085874199867
637.0 0.015123623597901314
638.0 0.022027162776794285
639.0 0.019810502999462187
640.0 0.01759384322213009
641.0 0.01533687609480694
642.0 0.013079908967483789
643.0 0.009492885146755725
644.0 0.005905862417421304
645.0 0.006014063910697587
646.0 0.006122265767771751
647.0 0.00580097439524252
648.0 0.005479683386511169
649.0 0.004397565862745978
650.0 0.003315448702778667
651.0 0.003475626726867631
652.0 0.0036358043871587142
653.0 0.003000772267114371
654.0 0.002365739783272147
655.0 0.0023603510271641426
656.0 0.0023549620891571976
657.0 0.002498204958101269
658.0 0.00264144782704534
659.0 0.002371083610341884
660.0 0.0021007193936384283
661.0 0.0023403752493322827
662.0 0.002580031105026137
663.0 0.0021135354472789913
664.0 0.0016470397895318456
665.0 0.0015903886378509924
666.0 0.0015337376680690795
667.0 0.0015489524230360985
668.0 0.001564166996104177
669.0 0.0014615819964092225
670.0 0.0013589967238658573
671.0 0.0011917946721951012
672.0 0.0010245925295748748
673.0 0.0013310274880495854
674.0 0.001637462446524296
675.0 0.0013808496078127064
676.0 0.001124236860050587
677.0 0.0013773194041277748
678.0 0.0016304020391544327
679.0 0.0016473310097353533
680.0 0.0016642603441141546
681.0 0.001944003815879114
682.0 0.0022237472876440734
683.0 0.002551248144300189
684.0 0.002878748819057364
685.0 0.0026929610612569377
686.0 0.002507173121557571
687.0 0.002420934833935462
688.0 0.0023346967282122932
689.0 0.0022377489585778676
690.0 0.002140801188943442
691.0 0.002151366243197117
692.0 0.0021619311155518517
693.0 0.0025626646674936637
694.0 0.0029633982194354758
695.0 0.003426705370657146
696.0 0.003890012521878816
697.0 0.0038447647966677323
698.0 0.0037995170714566484
699.0 0.0054858013754710555
700.0 0.007172085315687582
701.0 0.007149980956455693
702.0 0.007127879507606849
703.0 0.006498894072137773
704.0 0.0058699104556581005
705.0 0.004874736623605713
706.0 0.0038795635191490874
707.0 0.0035401073546381667
708.0 0.003200651190127246
709.0 0.003770134935621172
710.0 0.004339618317317218
711.0 0.004134167829761282
712.0 0.003928717342205346
713.0 0.003190515417372808
714.0 0.0024523136744392104
715.0 0.0024599803509772755
716.0 0.0024676468456164002
717.0 0.002282038076373283
718.0 0.0020964289433322847
719.0 0.001999800224439241
720.0 0.0019031716874451376
721.0 0.0022726024326402694
722.0 0.002642033541633282
723.0 0.0025824829208431765
724.0 0.0025229324819520116
725.0 0.001995638376683928
726.0 0.001468344453314785
727.0 0.0014370493772730697
728.0 0.0014057543012313545
729.0 0.0012947211871505715
730.0 0.0011836878911708482
731.0 0.0009815523299039342
732.0 0.0007794168595864903
733.0 0.001058058023772901
734.0 0.0013366992789087817
735.0 0.0012552834959933534
736.0 0.0011738678949768655
737.0 0.0013054796909273136
738.0 0.0014370913959282916
739.0 0.0014159566489979625
740.0 0.0013948218111181632
741.0 0.0012084969057468697
742.0 0.0010221720003755763
743.0 0.0012318498193053529
744.0 0.0014415275472856592
745.0 0.001855715163401328
746.0 0.002269902870466467
747.0 0.0022449019525083713
748.0 0.002219901216449216
749.0 0.0028372589440550655
750.0 0.0034546170354587957
751.0 0.0030619758035754785
752.0 0.0026693352992879227
753.0 0.002653531737450976
754.0 0.002637728175614029
755.0 0.002385333755228203
756.0 0.0021329395167413168
757.0 0.0022876987713971175
758.0 0.0024424580260529183
759.0 0.0026356645321357064
760.0 0.0028288704925216734
761.0 0.0045289973058970645
762.0 0.006229124119272456
763.0 0.005687745215254836
764.0 0.005146366311237216
765.0 0.004640397310140543
766.0 0.00413442867284175
767.0 0.004125116902287118
768.0 0.004115805131732486
769.0 0.004947975685354322
770.0 0.005780146238976158
771.0 0.004820052345166914
772.0 0.0038599580875597894
773.0 0.003932588879251853
774.0 0.004005219670943916
775.0 1.5916470615454092e-10
776.0 1.5916470615454092e-10
777.0 1.5916470615454092e-10
778.0 1.5916470615454092e-10
779.0 1.5916470615454092e-10
780.0 0.11547559406608343
781.0 0.11390872532501817
782.0 0.02809834259096533
783.0 0.016878241149242967
784.0 0.0836470746435225
785.0 0.01852994755608961
786.0 0.0486273696878925
787.0 0.07277469849213958
788.0 0.09493760881014168
789.0 0.055446388432756066
790.0 1.5916470615454092e-10
791.0 0.1326708123087883
792.0 0.012042794696753845
793.0 0.03961991751566529
794.0 0.0445077515905723
795.0 0.10921512730419636
796.0 0.033692800207063556
797.0 0.04502448718994856
798.0 0.09830157505348325
799.0 0.21981112658977509
800.0 0.18460904248058796
801.0 0.35955484490841627
802.0 0.5043415818363428
803.0 0.9342093020677567
804.0 1.4683550223708153
805.0 2.3160649463534355
806.0 3.5462364554405212
807.0 5.339298397302628
808.0 7.3118627071380615
809.0 9.797122329473495
810.0 12.761425971984863
811.0 16.042326390743256
812.0 19.047313928604126
813.0 21.988976001739502
814.0 24.881233274936676
815.0 28.5770446062088
816.0 33.2411527633667
817.0 38.71348798274994
818.0 44.512251019477844
819.0 50.3321647644043
820.0 57.853132486343384
821.0 65.51229357719421
822.0 71.7839777469635
823.0 77.77737379074097
824.0 83.17129611968994
825.0 88.52581977844238
826.0 91.73466563224792
827.0 94.7663426399231
828.0 97.29693531990051
829.0 98.54342937469482
830.0 98.75853657722473
831.0 99.04987215995789
832.0 98.77973198890686
833.0 99.93209838867188
834.0 98.33629727363586
835.0 99.30073618888855
836.0 99.19183850288391
837.0 99.35344457626343
838.0 98.11207056045532
839.0 98.83138537406921
840.0 98.68548512458801
841.0 99.63052868843079
842.0 99.53168630599976
843.0 99.65028166770935
844.0 98.4191358089447
845.0 98.6103355884552
846.0 99.00434613227844
847.0 98.47732782363892
848.0 99.77458715438843
849.0 98.73117208480835
850.0 98.39768409729004
851.0 99.18440580368042
852.0 99.14054870605469
853.0 98.7987220287323
854.0 99.85684752464294
855.0 98.55638146400452
856.0 98.87773990631104
857.0 98.09308052062988
858.0 98.78604412078857
859.0 99.27583336830139
860.0 98.54361414909363
861.0 98.98434281349182
862.0 98.7305998802185
863.0 98.53348731994629
864.0 99.30424094200134
865.0 99.7981607913971
866.0 98.5081136226654
867.0 99.57365989685059
868.0 99.52091574668884
869.0 98.96015524864197
870.0 98.03328514099121
871.0 98.92271161079407
872.0 99.1729199886322
873.0 99.10271167755127
874.0 99.70272779464722
875.0 98.87410998344421
876.0 98.99576902389526
877.0 99.55534934997559
878.0 99.48650598526001
879.0 98.7852156162262
880.0 98.4836757183075
881.0 100.10969638824463
882.0 99.0147590637207
883.0 98.74317646026611
884.0 99.2325484752655
885.0 99.20760989189148
886.0 98.86658787727356
887.0 98.78784418106079
888.0 99.09512400627136
889.0 99.61575865745544
890.0 98.31926822662354
891.0 99.30617809295654
892.0 98.83375763893127
893.0 98.77035021781921
894.0 98.2115626335144
895.0 99.63363409042358
896.0 99.28850531578064
