lsstCam/transmission_filter_detector/r32_s22/z_20/19700101T000000.ecsv
# %ECSV 1.0
# ---
# datatype:
# - {name: wavelength, unit: nm, datatype: float32}
# - {name: efficiency, unit: '%', datatype: float64}
# meta: !!omap
# - {MODE: DETECTOR}
# - {TYPE: transmission_filter_detector}
# - {CALIBDATE: '1970-01-01T00:00:00'}
# - {INSTRUME: LSSTCam}
# - {OBSTYPE: transmission_filter_detector}
# - {CALIBCLS: lsst.ip.isr.IntermediateFilterDetectorTransmissionCurve}
# - {SOURCE: Materion (DM-46256)}
# - {DETECTOR: 143}
# - {FILTER: z_20}
# - {CALIB_ID: 'calibDate=1970-01-01T00:00:00 filter=z_20 detector=143'}
# - {DATE: '2025-04-02T15:59:49.302488'}
# - {CALIB_CREATION_DATE: '2025-04-02'}
# - {CALIB_CREATION_TIME: '15:59:49'}
# - __serialized_columns__:
#     efficiency:
#       __class__: astropy.units.quantity.Quantity
#       unit: !astropy.units.Unit {unit: '%'}
#       value: !astropy.table.SerializedColumn {name: efficiency}
#     wavelength:
#       __class__: astropy.units.quantity.Quantity
#       unit: !astropy.units.Unit {unit: nm}
#       value: !astropy.table.SerializedColumn {name: wavelength}
# schema: astropy-2.0
wavelength efficiency
[from data line 598]
898.0 98.77448081970215
899.0 98.61152768135071
900.0 98.98681640625
901.0 99.11734461784363
902.0 99.3121862411499
903.0 98.76229763031006
904.0 97.85306453704834
905.0 98.53607416152954
906.0 98.15923571586609
907.0 98.94728660583496
908.0 98.16742539405823
909.0 98.46639633178711
910.0 97.89901971817017
911.0 96.9027578830719
912.0 96.16962671279907
913.0 94.90647912025452
914.0 92.35539436340332
915.0 90.33925533294678
916.0 88.18531632423401
917.0 86.71674132347107
918.0 83.27416777610779
919.0 82.11820721626282
920.0 79.23803925514221
921.0 75.441974401474
922.0 71.15522623062134
923.0 65.43059349060059
924.0 59.79553461074829
925.0 54.412561655044556
926.0 48.408058285713196
927.0 41.69563055038452
928.0 35.80173850059509
929.0 29.593482613563538
930.0 23.796339333057404
931.0 18.692094087600708
932.0 13.111396133899689
933.0 8.81551057100296
934.0 5.656750127673149
935.0 3.4990835934877396
936.0 2.059292607009411
937.0 1.286200899630785
938.0 0.6972507108002901
939.0 0.41941176168620586
940.0 0.28106612153351307
941.0 0.11899889213964343
942.0 0.1324492390267551
943.0 1.5916470615454092e-10
944.0 0.22140552755445242
945.0 0.03947878140024841
946.0 1.5916470615454092e-10
947.0 0.05655562272295356
948.0 1.5916470615454092e-10
949.0 0.07876225281506777
950.0 1.5916470615454092e-10
951.0 1.5916470615454092e-10
952.0 1.5916470615454092e-10
953.0 1.5916470615454092e-10
954.0 0.12847253819927573
955.0 0.026063169934786856
956.0 0.0294891040539369
957.0 0.007999042281880975
958.0 1.5916470615454092e-10
959.0 0.010326872870791703
960.0 1.5916470615454092e-10
961.0 0.008097050158539787
962.0 1.5916470615454092e-10
963.0 1.5916470615454092e-10
964.0 0.044386202353052795
965.0 1.5916470615454092e-10
966.0 1.5916470615454092e-10
967.0 0.0689102744217962
968.0 1.5916470615454092e-10
969.0 0.01815623982110992
970.0 1.5916470615454092e-10
971.0 1.5916470615454092e-10
972.0 1.5916470615454092e-10
973.0 0.005197385689825751
974.0 1.5916470615454092e-10
975.0 1.5916470615454092e-10
976.0 0.006217756890691817
977.0 0.0061347600421868265
978.0 0.006051764285075478
979.0 0.005910621985094622
980.0 0.005769480048911646
981.0 0.005666094875778072
982.0 0.0055627093388466164
983.0 0.005396307096816599
984.0 0.005229904854786582
985.0 0.005182927270652726
986.0 0.00513594968651887
987.0 0.005087943281978369
988.0 0.005039936877437867
989.0 0.004953585448674858
990.0 0.004867234019911848
991.0 0.004747845741803758
992.0 0.004628457827493548
993.0 0.00472663450636901
994.0 0.004824811185244471
995.0 0.004632703348761424
996.0 0.004440595148480497
997.0 0.00447616730525624
998.0 0.004511739098234102
999.0 0.004570226519717835
1000.0 0.004628713577403687
1001.0 0.004471638385439292
1002.0 0.004314563557272777
1003.0 0.004301696390029974
1004.0 0.004288829586585052
1005.0 0.0042490049963817
1006.0 0.004209180406178348
1007.0 0.0041922336095012724
1008.0 0.004175286812824197
1009.0 0.0042779727664310485
1010.0 0.0043806587200379
1011.0 0.00418047966377344
1012.0 0.0039803009713068604
1013.0 0.0041084731492446736
1014.0 0.004236644963384606
1015.0 0.004171339969616383
1016.0 0.004106034975848161
1017.0 0.004171864929958247
1018.0 0.004237694884068333
1019.0 0.004283266389393248
1020.0 0.004328838258516043
1021.0 0.004270803037798032
1022.0 0.004212767817080021
1023.0 0.004365833956399001
1024.0 0.0045189000957179815
1025.0 0.004372316107037477
1026.0 0.004225732845952734
1027.0 0.004444835212780163
1028.0 0.004663937943405472
1029.0 0.004677200195146725
1030.0 0.004690462446887977
1031.0 0.004635157893062569
1032.0 0.004579853339237161
1033.0 0.004721094956039451
1034.0 0.00486233584524598
1035.0 0.004945201362716034
1036.0 0.005028066152590327
1037.0 0.00522948284924496
1038.0 0.005430899545899592
1039.0 0.005362187948776409
1040.0 0.005293476351653226
1041.0 0.005287833482725546
1042.0 0.0052821909775957465
1043.0 0.005577261981670745
1044.0 0.005872333713341504
1045.0 0.0058954563428414986
1046.0 0.005918578972341493
1047.0 0.0059043064538855106
1048.0 0.005890033935429528
1049.0 0.006152966670924798
1050.0 0.0064158986788243055
1051.0 0.006598480831598863
1052.0 0.0067810629843734205
1053.0 0.006928945367690176
1054.0 0.007076826295815408
1055.0 0.007004197686910629
1056.0 0.0069315676228143275
1057.0 0.007350205123657361
1058.0 0.007768843352096155
1059.0 0.008033795893425122
1060.0 0.008298748434754089
1061.0 0.008325970702571794
1062.0 0.008353193697985262
1063.0 0.008714561408851296
1064.0 0.00907592911971733
1065.0 0.00919710291782394
1066.0 0.009318274533143267
1067.0 0.009667257108958438
1068.0 0.010016237501986325
1069.0 0.010028651013271883
1070.0 0.010041061614174396
1071.0 0.01024310477077961
1072.0 0.010445147199789062
1073.0 0.010351801029173657
1074.0 0.010258455586154014
1075.0 0.010746664338512346
1076.0 0.011234871635679156
1077.0 0.011749060649890453
1078.0 0.01226324966410175
1079.0 0.012352076009847224
1080.0 0.01244090381078422
1081.0 0.013405307254288346
1082.0 0.01436971069779247
1083.0 0.014296289009507746
1084.0 0.014222865866031498
1085.0 0.014479938545264304
1086.0 0.014737012679688632
1087.0 0.015382525452878326
1088.0 0.01602803822606802
1089.0 0.01579928648425266
1090.0 0.015570534742437303
1091.0 0.016865374345798045
1092.0 0.018160216859541833
1093.0 0.017730225226841867
1094.0 0.017300235049333423
1095.0 0.01741976448101923
1096.0 0.01753929100232199
1097.0 0.018897691916208714
1098.0 0.020256094285286963
1099.0 0.02060852129943669
1100.0 0.020960948313586414
1101.0 0.02193810505559668
1102.0 0.022915260342415422
1103.0 0.023582979338243604
1104.0 0.024250699789263308
1105.0 0.024655976449139416
1106.0 0.02506125019863248
1107.0 0.02557647239882499
1108.0 0.026091697509400547
1109.0 0.027650780975818634
1110.0 0.029209867352619767
1111.0 0.02918527170550078
1112.0 0.029160676058381796
1113.0 0.029389455448836088
1114.0 0.029618240660056472
1115.0 0.02990399661939591
1116.0 0.030189755489118397
1117.0 0.031540097552351654
1118.0 0.032890436705201864
1119.0 0.03376720997039229
1120.0 0.03464398323558271
1121.0 0.0366869498975575
1122.0 0.03872991073876619
1123.0 0.040303298737853765
1124.0 0.041876680916175246
1125.0 0.04372211406007409
1126.0 0.04556754429358989
1127.0 0.04591635661199689
1128.0 0.046265171840786934
1129.0 0.05040837568230927
1130.0 0.054551573703065515
1131.0 0.058068864746019244
1132.0 0.061586161609739065
1133.0 0.061362358974292874
1134.0 0.061138556338846684
1135.0 0.06784227443858981
1136.0 0.07454599835909903
1137.0 0.0770279613789171
1138.0 0.07950993021950126
1139.0 0.08708269451744854
1140.0 0.09465544717386365
1141.0 0.11022493708878756
1142.0 0.12579442700371146
1143.0 0.20168290939182043
1144.0 0.2775714034214616
1145.0 0.633440725505352
1146.0 0.9893098846077919
1147.0 1.3812917284667492
1148.0 1.7732731997966766
1149.0 1.7351001501083374
1150.0 1.6969261690974236
