lsstCam/transmission_filter_detector/r11_s10/y_10/19700101T000000.ecsv
# %ECSV 1.0
# ---
# datatype:
# - {name: wavelength, unit: nm, datatype: float32}
# - {name: efficiency, unit: '%', datatype: float64}
# meta: !!omap
# - {MODE: DETECTOR}
# - {TYPE: transmission_filter_detector}
# - {CALIBDATE: '1970-01-01T00:00:00'}
# - {INSTRUME: LSSTCam}
# - {OBSTYPE: transmission_filter_detector}
# - {CALIBCLS: lsst.ip.isr.IntermediateFilterDetectorTransmissionCurve}
# - {SOURCE: Materion (DM-46256)}
# - {DETECTOR: 39}
# - {FILTER: y_10}
# - {CALIB_ID: 'calibDate=1970-01-01T00:00:00 filter=y_10 detector=39'}
# - {DATE: '2025-04-02T15:59:50.922960'}
# - {CALIB_CREATION_DATE: '2025-04-02'}
# - {CALIB_CREATION_TIME: '15:59:50'}
# - __serialized_columns__:
#     efficiency:
#       __class__: astropy.units.quantity.Quantity
#       unit: !astropy.units.Unit {unit: '%'}
#       value: !astropy.table.SerializedColumn {name: efficiency}
#     wavelength:
#       __class__: astropy.units.quantity.Quantity
#       unit: !astropy.units.Unit {unit: nm}
#       value: !astropy.table.SerializedColumn {name: wavelength}
# schema: astropy-2.0
wavelength efficiency
300.0 0.535958306863904
301.0 0.2865178044885397
302.0 0.03707727591972798
303.0 0.03072528343182057
304.0 0.024373293854296207
305.0 0.01724143512547016
306.0 0.01010957348626107
307.0 0.017237312567885965
308.0 0.024365047283936292
309.0 0.01752015232341364
310.0 0.010675254452507943
311.0 0.009104699711315334
312.0 0.0075341427873354405
313.0 0.007932743028504774
314.0 0.008331342542078346
315.0 0.007605367136420682
316.0 0.006879394641146064
317.0 0.006336760998237878
318.0 0.005794122625957243
319.0 0.002622273132146802
320.0 1.600358517581113e-10
321.0 0.0020936233340762556
322.0 0.0047368244850076735
323.0 0.003584856676752679
324.0 0.0024328892322955653
325.0 0.001041742962115677
326.0 1.600358517581113e-10
327.0 0.0008786607395450119
328.0 0.002106725332851056
329.0 0.003331371772219427
330.0 0.0045560180296888575
331.0 0.00416578259319067
332.0 0.0037755471566924825
333.0 0.0028992897568969056
334.0 0.0020230321752023883
335.0 0.0020861731172772124
336.0 0.002149314241250977
337.0 0.002510483500373084
338.0 0.00287165221379837
339.0 0.0015375999282696284
340.0 0.00020354757452878403
341.0 1.600358517581113e-10
342.0 1.600358517581113e-10
343.0 0.00041997341213573236
344.0 0.0012785034414264373
345.0 0.001470777624490438
346.0 0.0016630523532512598
347.0 0.0015946956409607083
348.0 0.001526338564872276
349.0 0.0012576105291373096
350.0 0.0009888821296044625
351.0 0.0011971919775533024
352.0 0.001405501188855851
353.0 0.0011956490197917446
354.0 0.000985796759778168
355.0 0.001104679085983662
356.0 0.0012235614121891558
357.0 0.0008146996151481289
358.0 0.00040583754525869153
359.0 0.0006104825388320023
360.0 0.0008151275324053131
361.0 0.0012806744052795693
362.0 0.0017462209143559448
363.0 0.0012548699487524573
364.0 0.0007635184374521486
365.0 0.0011557925063243601
366.0 0.001548067302792333
367.0 0.002122616206179373
368.0 0.002697165109566413
369.0 0.00228616099775536
370.0 0.0018751568859443069
371.0 0.0017462773030274548
372.0 0.0016173975382116623
373.0 0.0020419027350726537
374.0 0.002466407750034705
375.0 0.0033512151276227087
376.0 0.0042360225052107126
377.0 0.00414218520745635
378.0 0.004048347909701988
379.0 0.0035765475331572816
380.0 0.003104747156612575
381.0 0.002156017035304103
382.0 0.001207286913995631
383.0 0.0011340383935021237
384.0 0.0010607895092107356
385.0 0.0008178311873052735
386.0 0.0005748726835008711
387.0 0.000695418657414848
388.0 0.0008159647222782951
389.0 0.0007225850367831299
390.0 0.0006292055331869051
391.0 0.0005076444267615443
392.0 0.0003860833658109186
393.0 0.0005780020728707314
394.0 0.0007699209163547494
395.0 0.0007167645435401937
396.0 0.0006636082162003731
397.0 0.0008271891601907555
398.0 0.0009907700587064028
399.0 0.0012306682037888095
400.0 0.0014705664398206864
401.0 0.001591384716448374
402.0 0.001712203084025532
403.0 0.0017894415577757172
404.0 0.0018666800315259025
405.0 0.0017997372196987271
406.0 0.0017327947716694325
407.0 0.001412433175573824
408.0 0.0010920717613771558
409.0 0.0008867404176271521
410.0 0.0006814088465034729
411.0 0.0003422383315410116
412.0 3.067885145924265e-06
413.0 0.00042837214095925447
414.0 0.000853676101542078
415.0 0.0017372452930430882
416.0 0.0026208144845440984
417.0 0.0012592901839525439
418.0 1.600358517581113e-10
419.0 1.600358517581113e-10
420.0 1.600358517581113e-10
421.0 1.600358517581113e-10
422.0 0.0007412889317492954
423.0 0.0004388619345263578
424.0 0.00013643464171764208
425.0 1.600358517581113e-10
426.0 1.600358517581113e-10
427.0 5.622608227895398e-05
428.0 0.0003906811343767913
429.0 0.00012929309605169692
430.0 1.600358517581113e-10
431.0 0.0004833781986235408
432.0 0.0010988514077325817
433.0 0.0010806458703882527
434.0 0.0010624406968418043
435.0 0.0004059887032781262
436.0 1.600358517581113e-10
437.0 1.600358517581113e-10
438.0 0.00011572877838261775
439.0 1.600358517581113e-10
440.0 1.600358517581113e-10
441.0 1.600358517581113e-10
442.0 1.600358517581113e-10
443.0 1.600358517581113e-10
444.0 1.600358517581113e-10
445.0 0.00023061022602632875
446.0 0.0005651995707012247
447.0 0.0008135908501571976
448.0 0.00106198194771423
449.0 0.0010842135452548973
450.0 0.0011064449608966243
451.0 0.0006596889761567581
452.0 0.00021293301415425958
453.0 0.0001255065967598057
454.0 3.808010831107822e-05
455.0 1.600358517581113e-10
456.0 1.600358517581113e-10
457.0 1.600358517581113e-10
458.0 1.600358517581113e-10
459.0 1.600358517581113e-10
460.0 0.00014335715832203277
461.0 0.000266863116848981
462.0 0.00039036899579514284
463.0 0.000434243065683404
464.0 0.0004781171810464002
465.0 0.0005747181603510398
466.0 0.0006713193215546198
467.0 0.001185226210509427
468.0 0.0016991329175652936
469.0 0.0016545565813430585
470.0 0.001609980063221883
471.0 0.0016187996152439155
472.0 0.0016276189853670076
473.0 0.0022702985006617382
474.0 0.002912978015956469
475.0 0.0027143158149556257
476.0 0.0025156536139547825
477.0 0.0030237102691899054
478.0 0.0035317669244250283
479.0 0.00415041322412435
480.0 0.004769059887621552
481.0 0.004766463825944811
482.0 0.004763868128065951
483.0 0.004088124114787206
484.0 0.0034123797377105802
485.0 0.0037717069062637165
486.0 0.004131033711018972
487.0 0.0035449898859951645
488.0 0.0029589453333755955
489.0 0.0024667226171004586
490.0 0.0019745004465221427
491.0 0.001723304194456432
492.0 0.0014721076695423108
493.0 0.0011038738193747122
494.0 0.0007356404239544645
495.0 0.0009408312507730443
496.0 0.0011460221685410943
497.0 0.001814137249311898
498.0 0.002482252602931112
499.0 0.0024688508347026072
500.0 0.0024554490664741024
501.0 0.0025968742193072103
502.0 0.002738299735938199
503.0 0.002791824772430118
504.0 0.0028453494451241568
505.0 0.003114062565146014
506.0 0.003382776048965752
507.0 0.0025556826585670933
508.0 0.001728588540572673
509.0 0.0019082362996414304
510.0 0.0020878838768112473
511.0 0.0022168220311868936
512.0 0.0023457600036635995
513.0 0.0020251636669854634
514.0 0.0017045675122062676
515.0 0.0014890019883750938
516.0 0.0012734361916955095
517.0 0.001369050642097136
518.0 0.0014646649105998222
519.0 0.001522604998172028
520.0 0.0015805448128958233
521.0 0.001843125392042566
522.0 0.002105705425492488
523.0 0.001896510730148293
524.0 0.001687315852905158
525.0 0.002069229412882123
526.0 0.0024511437004548497
527.0 0.0023233635147335008
528.0 0.0021955836928100325
529.0 0.0024506125555490144
530.0 0.002705640872591175
531.0 0.0026128960598725826
532.0 0.0025201508833561093
533.0 0.002649936141096987
534.0 0.0027797208531410433
535.0 0.0023765142032061704
536.0 0.0019733071894734167
537.0 0.002292926365043968
538.0 0.0026125451768166386
539.0 0.0033053809602279216
540.0 0.003998216197942384
541.0 0.004044095476274379
542.0 0.004089974754606374
543.0 0.004439376789378002
544.0 0.004788778824149631
545.0 0.005025494101573713
546.0 0.005262209378997795
547.0 0.004384554267744534
548.0 0.0035068987926933914
549.0 0.003134414873784408
550.0 0.002761931136774365
551.0 0.0027770678570959717
552.0 0.002792204213619698
553.0 0.0031471761758439243
554.0 0.0035021475923713297
555.0 0.0038231868529692292
556.0 0.00414422684116289
557.0 0.0036661520425695926
558.0 0.0031880776077741757
559.0 0.003116502921329811
560.0 0.0030449276891886257
561.0 0.0033327120036119595
562.0 0.0036204954085405916
563.0 0.0034654538467293605
564.0 0.0033104122849181294
565.0 0.0038532216422026977
566.0 0.004396031363285147
567.0 0.004462067226995714
568.0 0.004528103090706281
569.0 0.005157337727723643
570.0 0.005786572364741005
571.0 0.005830699956277385
572.0 0.005874827184015885
573.0 0.006312647019512951
574.0 0.006750467582605779
575.0 0.006640319770667702
576.0 0.006530171231133863
577.0 0.005795510878670029
578.0 0.005060851253801957
579.0 0.005821737795486115
580.0 0.006582624337170273
581.0 0.007188419112935662
582.0 0.007794212433509529
583.0 0.008700632315594703
584.0 0.009607050014892593
585.0 0.009768018207978457
586.0 0.009928987128660083
587.0 0.009954546840162948
588.0 0.009980103641282767
589.0 0.010393532284069806
590.0 0.01080696310964413
591.0 0.009913408575812355
592.0 0.009019853314384818
593.0 0.007419732719426975
594.0 0.005819614671054296
595.0 0.005775429599452764
596.0 0.005731244891649112
597.0 0.006041902088327333
598.0 0.0063525592850055546
599.0 0.007295400428120047
600.0 0.008238240843638778
601.0 0.008910083852242678
602.0 0.009581925405655056
603.0 0.010512196604395285
604.0 0.011442469985922799
605.0 0.011458581138867885
606.0 0.011474692291812971
607.0 0.009964370110537857
608.0 0.008454049384454265
609.0 0.00659493452985771
610.0 0.004735820766654797
611.0 0.0039632897824049
612.0 0.003190759161952883
613.0 0.003788882168009877
614.0 0.00438700444647111
615.0 0.005076185334473848
616.0 0.005765367313870229
617.0 0.006937696889508516
618.0 0.008110026101348922
619.0 0.009274511830881238
620.0 0.010438997560413554
621.0 0.011402454401832074
622.0 0.01236590906046331
623.0 0.01233065704582259
624.0 0.012295402120798826
625.0 0.010732422379078344
626.0 0.009169438999379054
627.0 0.007245464803418145
628.0 0.00532148769707419
629.0 0.004431611887412146
630.0 0.0035417364415479824
631.0 0.0029967613954795524
632.0 0.0024517863494111225
633.0 0.002589782525319606
634.0 0.0027277787012280896
635.0 0.0029147942768759094
636.0 0.0031018094887258485
637.0 0.003840961289824918
638.0 0.004580112727126107
639.0 0.004694860399467871
640.0 0.004809607708011754
641.0 0.0051865521527361125
642.0 0.005563496597460471
643.0 0.005649439845001325
644.0 0.005735383092542179
645.0 0.005222866457188502
646.0 0.004710349458036944
647.0 0.0037486704968614504
648.0 0.002786991899483837
649.0 0.0020035340639878996
650.0 0.0012200759556435514
651.0 0.001392486592521891
652.0 0.0015648976841475815
653.0 0.0015689327483414672
654.0 0.0015729676306364127
655.0 0.0016205571228056215
656.0 0.0016681467968737707
657.0 0.001570407948747743
658.0 0.0014726688277733047
659.0 0.0016814656191854738
660.0 0.0018902621377492324
661.0 0.0016835203496157192
662.0 0.0014767783795832656
663.0 0.002247888915007934
664.0 0.0030189996323315427
665.0 0.0035699540603673086
666.0 0.0041209084884030744
667.0 0.004758540308102965
668.0 0.005396170672611333
669.0 0.005586650513578206
670.0 0.005777126716566272
671.0 0.0063920240791048855
672.0 0.0070069218054413795
673.0 0.007814458513166755
674.0 0.008621995220892131
675.0 0.007970945443958044
676.0 0.007319897849811241
677.0 0.005896207585465163
678.0 0.004472517321119085
679.0 0.002858106017811224
680.0 0.0012436956239980645
681.0 0.0004937180619890569
682.0 1.600358517581113e-10
683.0 8.672863600622804e-05
684.0 0.0004297169198252959
685.0 0.00024189748728531413
686.0 5.407806611401611e-05
687.0 0.00013947779962109053
688.0 0.00022487756723421626
689.0 0.00026824425276572583
690.0 0.00031161096103460295
691.0 0.00040254071791423485
692.0 0.0004934704975312343
693.0 0.0004199945124128135
694.0 0.00034651859550649533
695.0 0.00047979447117540985
696.0 0.0006130703695816919
697.0 0.0005622431217489066
698.0 0.0005114158284413861
699.0 0.00045850260903534945
700.0 0.00040558916225563735
701.0 0.0002639037120388821
702.0 0.00012221833003422944
703.0 0.0002556040499257506
704.0 0.0003889897925546393
705.0 0.0004644610271498095
706.0 0.0005399320798460394
707.0 0.00018561357819635305
708.0 1.600358517581113e-10
709.0 6.498203788396495e-05
710.0 0.000298669010589947
711.0 0.00043477275539771654
712.0 0.0005708765456802212
713.0 0.0003558723847163492
714.0 0.00014086825785852852
715.0 0.0003051502972084563
716.0 0.00046943232518970035
717.0 0.0003409879809623817
718.0 0.00021254368220979813
719.0 0.00037337983940233244
720.0 0.0005342159056453966
721.0 0.0004012455519841751
722.0 0.0002682752665350563
723.0 0.00025153622118523344
724.0 0.00023479719857277814
725.0 0.00039619349081476685
726.0 0.0005575899194809608
727.0 0.0001907197543005168
728.0 1.600358517581113e-10
729.0 0.0001822737772272376
730.0 0.000540697783435462
731.0 0.0007265553904289845
732.0 0.0009124132702709176
733.0 0.00030725711894774577
734.0 1.600358517581113e-10
735.0 1.600358517581113e-10
736.0 1.600358517581113e-10
737.0 0.00047470493882428855
738.0 0.0010827644473465625
739.0 0.0007107218152668793
740.0 0.0003386788648640504
741.0 0.00010399196526122978
742.0 1.600358517581113e-10
743.0 1.600358517581113e-10
744.0 1.600358517581113e-10
745.0 0.0003728137471625814
746.0 0.0008180400982382707
747.0 0.0004946299668517895
748.0 0.00017121992641477846
749.0 1.0198961319929367e-05
750.0 1.600358517581113e-10
751.0 1.600358517581113e-10
752.0 0.00013260817013360793
753.0 0.00030316216452774825
754.0 0.000473716136184521
755.0 1.600358517581113e-10
756.0 1.600358517581113e-10
757.0 1.600358517581113e-10
758.0 1.600358517581113e-10
759.0 0.0001400234054926841
760.0 0.0006376619694492547
761.0 0.0003252494025218766
762.0 1.2836680696182157e-05
763.0 1.600358517581113e-10
764.0 1.600358517581113e-10
765.0 1.9404235729325592e-05
766.0 0.00036240560348232975
767.0 1.600358517581113e-10
768.0 1.600358517581113e-10
769.0 1.600358517581113e-10
770.0 1.600358517581113e-10
771.0 1.600358517581113e-10
772.0 1.600358517581113e-10
773.0 0.0001569773985465872
774.0 0.0006986267635511467
775.0 0.00043852492126461584
776.0 0.0001784230676094012
777.0 0.0002794183274090756
778.0 0.0003804135758400662
779.0 0.0005083736596134258
780.0 0.0006363337888615206
781.0 0.0004928406269755214
782.0 0.00034934748782688985
783.0 0.0003379338522790931
784.0 0.00032652023946866393
785.0 0.00017078344853871386
786.0 1.5046317969336087e-05
787.0 0.0004930153863824671
788.0 0.0009709843652672134
789.0 0.0008398193131142762
790.0 0.0007086544428602792
791.0 0.0004991644345864188
792.0 0.000289674244413618
793.0 0.0004234594143781578
794.0 0.0005572443114942871
795.0 0.0006960013251955388
796.0 0.0008347581569978502
797.0 0.000395077313442016
798.0 1.600358517581113e-10
799.0 0.0005836420768901007
800.0 0.0012118876838940196
801.0 0.0007295347586477874
802.0 0.00024718181066418765
803.0 0.0003173271807099809
804.0 0.0003874725734931417
805.0 0.0006738975571352057
806.0 0.0009603225407772698
807.0 0.0005530278031073976
808.0 0.00014573317912436323
809.0 1.600358517581113e-10
810.0 1.600358517581113e-10
811.0 0.00016978145822577062
812.0 0.0005756426162406569
813.0 0.0008222635187848937
814.0 0.0010688842849049252
815.0 0.0009671862244431395
816.0 0.0008654876182845328
817.0 0.0008526327292202041
818.0 0.0008397779311053455
819.0 0.0008835577318677679
820.0 0.0009273377145291306
821.0 0.000774875206843717
822.0 0.0006224126991583034
823.0 0.0005903448709432269
824.0 0.0005582773155765608
825.0 0.0005486096597451251
826.0 0.0005389421858126298
827.0 0.0006402766757673817
828.0 0.0007416112111968687
829.0 0.00041171251723426394
830.0 8.181380621863354e-05
831.0 0.00018371925989413285
832.0 0.00028562487841554685
833.0 0.0004900039130006917
834.0 0.0006943827884242637
835.0 0.00013877785249860608
836.0 1.600358517581113e-10
837.0 1.600358517581113e-10
838.0 5.782115977126523e-05
839.0 0.0003249860355936107
840.0 0.0005921508545725374
841.0 0.0009429052624909673
842.0 0.0012936597158841323
843.0 0.0008671440809848718
844.0 0.00044062808228773065
845.0 0.0005838053766638041
846.0 0.0007269825800904073
847.0 0.0009218988452630583
848.0 0.0011168152013851795
849.0 0.0010456171366968192
850.0 0.0009744188901095185
851.0 0.0011480105058581103
852.0 0.0013216022125561722
853.0 0.0005027178758609807
854.0 1.600358517581113e-10
855.0 1.600358517581113e-10
856.0 1.600358517581113e-10
857.0 0.0003760367462746217
858.0 0.0013622141523228493
859.0 0.0012428399713826366
860.0 0.001123465335695073
861.0 0.0013659197065862827
862.0 0.0016083746231743135
863.0 0.0017784379451768473
864.0 0.0019485014490783215
865.0 0.0019277629689895548
866.0 0.0019070246707997285
867.0 0.0026649351639207453
868.0 0.0034228454751428217
869.0 0.003064542033826001
870.0 0.0027062385925091803
871.0 0.00321434490615502
872.0 0.0037224515835987404
873.0 0.0026936197173199616
874.0 0.001664788396738004
875.0 0.002241713991679717
876.0 0.0028186394047224894
