lsstCam/transmission_filter_detector/r11_s10/y_10/19700101T000000.ecsv
# %ECSV 1.0
# ---
# datatype:
# - {name: wavelength, unit: nm, datatype: float32}
# - {name: efficiency, unit: '%', datatype: float64}
# meta: !!omap
# - {MODE: DETECTOR}
# - {TYPE: transmission_filter_detector}
# - {CALIBDATE: '1970-01-01T00:00:00'}
# - {INSTRUME: LSSTCam}
# - {OBSTYPE: transmission_filter_detector}
# - {CALIBCLS: lsst.ip.isr.IntermediateFilterDetectorTransmissionCurve}
# - {SOURCE: Materion (DM-46256)}
# - {DETECTOR: 39}
# - {FILTER: y_10}
# - {CALIB_ID: 'calibDate=1970-01-01T00:00:00 filter=y_10 detector=39'}
# - {DATE: '2025-04-02T15:59:50.922960'}
# - {CALIB_CREATION_DATE: '2025-04-02'}
# - {CALIB_CREATION_TIME: '15:59:50'}
# - __serialized_columns__:
#     efficiency:
#       __class__: astropy.units.quantity.Quantity
#       unit: !astropy.units.Unit {unit: '%'}
#       value: !astropy.table.SerializedColumn {name: efficiency}
#     wavelength:
#       __class__: astropy.units.quantity.Quantity
#       unit: !astropy.units.Unit {unit: nm}
#       value: !astropy.table.SerializedColumn {name: wavelength}
# schema: astropy-2.0
wavelength efficiency
[from data line 578]
878.0 0.000750861090637045
879.0 0.0016560516087338328
880.0 0.06418233388103545
881.0 0.08710553520359099
882.0 0.054301240015774965
883.0 0.08752885041758418
884.0 0.06512321997433901
885.0 0.08127532782964408
886.0 0.0733749708160758
887.0 0.10016035521402955
888.0 0.07187197334133089
889.0 0.09664169047027826
890.0 0.07769471849314868
891.0 0.0860133848618716
892.0 0.07871207199059427
893.0 0.09836064418777823
894.0 0.08008396252989769
895.0 0.09978830348700285
896.0 0.08164734463207424
897.0 0.10724945459514856
898.0 0.09566682856529951
899.0 0.11867868015542626
900.0 0.10022408096119761
901.0 0.14523750869557261
902.0 0.145733542740345
903.0 0.16210582107305527
904.0 0.18382294801995158
905.0 0.2238246612250805
906.0 0.29217712581157684
907.0 0.3745437366887927
908.0 0.48851948231458664
909.0 0.6482485681772232
910.0 0.9127533994615078
911.0 1.2799909338355064
912.0 1.8902655690908432
913.0 2.8207849711179733
914.0 3.94565686583519
915.0 5.603265389800072
916.0 7.637836039066315
917.0 9.936270117759705
918.0 12.572726607322693
919.0 15.12889564037323
920.0 18.546998500823975
921.0 22.075414657592773
922.0 25.618746876716614
923.0 29.772424697875977
924.0 34.31501388549805
925.0 39.384183287620544
926.0 45.519280433654785
927.0 52.19084620475769
928.0 58.13865065574646
929.0 64.64322209358215
930.0 70.43339610099792
931.0 76.09055042266846
932.0 81.34985566139221
933.0 85.89509129524231
934.0 89.238840341568
935.0 91.66970252990723
936.0 93.53976845741272
937.0 94.8404610157013
938.0 95.68800926208496
939.0 96.14214897155762
940.0 96.49342894554138
941.0 96.69103026390076
942.0 96.91972732543945
943.0 97.03974723815918
944.0 97.33624458312988
945.0 97.29752540588379
946.0 97.37563133239746
947.0 97.33976721763611
948.0 97.49584197998047
949.0 97.37023115158081
950.0 97.51902222633362
951.0 97.55910038948059
952.0 97.60836958885193
953.0 97.79511094093323
954.0 97.91000485420227
955.0 98.00180196762085
956.0 98.19738268852234
957.0 98.37056994438171
958.0 98.5508680343628
959.0 98.5963225364685
960.0 98.7291932106018
961.0 98.7791121006012
962.0 98.83082509040833
963.0 98.84965419769287
964.0 98.88548851013184
965.0 98.93934726715088
966.0 98.98204207420349
967.0 99.04510974884033
968.0 99.03813004493713
969.0 99.02021288871765
970.0 99.07369017601013
971.0 99.08471703529358
972.0 99.19312596321106
973.0 99.27712082862854
974.0 99.2668867111206
975.0 99.23779368400574
976.0 99.3001639842987
977.0 99.29064512252808
978.0 99.32650923728943
979.0 99.26669597625732
980.0 99.22431111335754
981.0 99.13751482963562
982.0 99.0969181060791
983.0 99.12394285202026
984.0 99.07262325286865
985.0 99.07085299491882
986.0 98.97215366363525
987.0 99.01935458183289
988.0 98.9041805267334
989.0 98.90862107276917
990.0 98.86414408683777
991.0 98.90961647033691
992.0 98.96982312202454
993.0 98.91616106033325
994.0 98.87977242469788
995.0 98.90338778495789
996.0 98.92843961715698
997.0 99.03159737586975
998.0 99.05780553817749
999.0 99.12744164466858
1000.0 99.15327429771423
1001.0 99.13312792778015
1002.0 99.23586845397949
1003.0 99.26119446754456
1004.0 99.32471513748169
1005.0 99.21233057975769
1006.0 99.38056468963623
1007.0 99.3630051612854
1008.0 99.32510256767273
1009.0 99.26100373268127
1010.0 99.30291175842285
1011.0 99.28529858589172
1012.0 99.18555021286011
1013.0 99.21792149543762
1014.0 99.17640686035156
1015.0 99.1427481174469
1016.0 99.10740256309509
1017.0 99.1589903831482
1018.0 99.17758703231812
1019.0 99.09323453903198
1020.0 99.18290972709656
1021.0 99.29095506668091
1022.0 99.16552305221558
1023.0 99.23059344291687
1024.0 99.20118451118469
1025.0 99.19992685317993
1026.0 99.26692843437195
1027.0 99.35256242752075
1028.0 99.27893877029419
1029.0 99.38594698905945
1030.0 99.4096577167511
1031.0 99.37900900840759
1032.0 99.38705563545227
1033.0 99.3822991847992
1034.0 99.37187433242798
1035.0 99.46613311767578
1036.0 99.35048818588257
1037.0 99.46555495262146
1038.0 99.31173920631409
1039.0 99.28535223007202
1040.0 99.22011494636536
1041.0 99.26116466522217
1042.0 99.22016859054565
1043.0 99.24063086509705
1044.0 99.25127029418945
1045.0 98.97875785827637
1046.0 99.18164610862732
1047.0 99.10363554954529
1048.0 99.13154244422913
1049.0 99.09215569496155
1050.0 99.1087555885315
1051.0 99.0911602973938
1052.0 99.01798367500305
1053.0 98.88251423835754
1054.0 99.19476509094238
1055.0 99.23909902572632
1056.0 99.12644624710083
1057.0 99.16377067565918
1058.0 99.07723069190979
1059.0 99.0916907787323
1060.0 99.21078085899353
1061.0 99.06862378120422
1062.0 99.11907315254211
1063.0 99.06973242759705
1064.0 99.17546510696411
1065.0 99.12150502204895
1066.0 99.09480810165405
1067.0 99.2184042930603
1068.0 99.08698201179504
1069.0 98.99056553840637
1070.0 99.38624501228333
1071.0 99.14447665214539
1072.0 99.13216233253479
1073.0 99.2950975894928
1074.0 98.83368611335754
1075.0 99.04018640518188
1076.0 98.62215518951416
1077.0 99.14739727973938
1078.0 99.26319718360901
1079.0 98.82029294967651
1080.0 99.62249994277954
1081.0 98.91131520271301
1082.0 98.80861043930054
1083.0 98.68174195289612
1084.0 99.04536604881287
1085.0 99.06153082847595
1086.0 98.98186922073364
1087.0 98.90025854110718
1088.0 98.68176579475403
1089.0 98.60634207725525
1090.0 98.69449734687805
1091.0 99.01569485664368
1092.0 98.76943826675415
1093.0 98.85426163673401
1094.0 98.33115935325623
1095.0 98.52763414382935
1096.0 98.85121583938599
1097.0 98.46472144126892
1098.0 97.86873459815979
1099.0 98.67725968360901
1100.0 98.30968976020813
