lsstCam/transmission_filter_detector/r24_s11/i_39/19700101T000000.ecsv
# %ECSV 1.0
# ---
# datatype:
# - {name: wavelength, unit: nm, datatype: float32}
# - {name: efficiency, unit: '%', datatype: float64}
# meta: !!omap
# - {MODE: DETECTOR}
# - {TYPE: transmission_filter_detector}
# - {CALIBDATE: '1970-01-01T00:00:00'}
# - {INSTRUME: LSSTCam}
# - {OBSTYPE: transmission_filter_detector}
# - {CALIBCLS: lsst.ip.isr.IntermediateFilterDetectorTransmissionCurve}
# - {SOURCE: Materion (DM-46256)}
# - {DETECTOR: 112}
# - {FILTER: i_39}
# - {CALIB_ID: 'calibDate=1970-01-01T00:00:00 filter=i_39 detector=112'}
# - {DATE: '2025-04-02T15:59:46.999384'}
# - {CALIB_CREATION_DATE: '2025-04-02'}
# - {CALIB_CREATION_TIME: '15:59:46'}
# - __serialized_columns__:
#     efficiency:
#       __class__: astropy.units.quantity.Quantity
#       unit: !astropy.units.Unit {unit: '%'}
#       value: !astropy.table.SerializedColumn {name: efficiency}
#     wavelength:
#       __class__: astropy.units.quantity.Quantity
#       unit: !astropy.units.Unit {unit: nm}
#       value: !astropy.table.SerializedColumn {name: wavelength}
# schema: astropy-2.0
wavelength efficiency
300.0 0.04308460920583457
301.0 0.02147592749679461
302.0 1.6397474740872942e-10
303.0 0.008675035496708006
304.0 0.017482799012213945
305.0 0.014180236030369997
306.0 0.010877672320930287
307.0 0.0026400060960440896
308.0 1.6397474740872942e-10
309.0 1.6397474740872942e-10
310.0 1.6397474740872942e-10
311.0 1.6397474740872942e-10
312.0 1.6397474740872942e-10
313.0 1.6397474740872942e-10
314.0 1.6397474740872942e-10
315.0 1.6397474740872942e-10
316.0 1.6397474740872942e-10
317.0 1.6397474740872942e-10
318.0 1.6397474740872942e-10
319.0 1.6397474740872942e-10
320.0 1.6397474740872942e-10
321.0 1.6397474740872942e-10
322.0 1.6397474740872942e-10
323.0 1.6397474740872942e-10
324.0 1.6397474740872942e-10
325.0 1.6397474740872942e-10
326.0 1.6397474740872942e-10
327.0 1.6397474740872942e-10
328.0 1.6397474740872942e-10
329.0 1.6397474740872942e-10
330.0 1.6397474740872942e-10
331.0 0.0002312850938324118
332.0 0.0017725506040733308
333.0 0.0015637215255992487
334.0 0.001354892629024107
335.0 0.0007423621809721226
336.0 0.0001298318466069759
337.0 0.0005922528544033412
338.0 0.0010546732482907828
339.0 0.0012585502190631814
340.0 0.0014624270988861099
341.0 1.6397474740872942e-10
342.0 1.6397474740872942e-10
343.0 1.6397474740872942e-10
344.0 0.0003657758270492195
345.0 1.6397474740872942e-10
346.0 1.6397474740872942e-10
347.0 1.6397474740872942e-10
348.0 1.6397474740872942e-10
349.0 1.6397474740872942e-10
350.0 1.6397474740872942e-10
351.0 0.00018573255147202872
352.0 0.0004117907337786164
353.0 1.6397474740872942e-10
354.0 1.6397474740872942e-10
355.0 1.6397474740872942e-10
356.0 0.00042984579522453714
357.0 0.0006608106559724547
358.0 0.0008917758350435179
359.0 0.000863493187353015
360.0 0.0008352103577635717
361.0 0.0008667697329656221
362.0 0.0008983290172182024
363.0 0.00041207372305507306
364.0 1.6397474740872942e-10
365.0 0.00019385372524993727
366.0 0.0004618892035068711
367.0 0.00032003658816393
368.0 0.00017818389324020245
369.0 0.0005512683856068179
370.0 0.0009243530257663224
371.0 0.0004378157427709084
372.0 1.6397474740872942e-10
373.0 0.00027088385650131386
374.0 0.0005904889803787228
375.0 6.332516591101012e-05
376.0 1.6397474740872942e-10
377.0 1.6397474740872942e-10
378.0 1.6397474740872942e-10
379.0 1.6397474740872942e-10
380.0 3.9184692468552385e-05
381.0 1.6397474740872942e-10
382.0 1.6397474740872942e-10
383.0 0.00039193373595480807
384.0 0.0011611012268986087
385.0 0.0009937050890584942
386.0 0.0008263090421678498
387.0 8.066996315392316e-05
388.0 1.6397474740872942e-10
389.0 1.6397474740872942e-10
390.0 1.6397474740872942e-10
391.0 1.6397474740872942e-10
392.0 1.6397474740872942e-10
393.0 1.6397474740872942e-10
394.0 1.6397474740872942e-10
395.0 1.6397474740872942e-10
396.0 0.00019490767044771928
397.0 0.00014247895023800083
398.0 9.005030960906879e-05
399.0 0.0005312386292644078
400.0 0.0009724269148136955
401.0 0.0022011141481925733
402.0 0.0034298005630262196
403.0 0.0030153307307045907
404.0 0.002600861625978723
405.0 0.0023416745534632355
406.0 0.002082487662846688
407.0 0.001356237225991208
408.0 0.0006299853794189403
409.0 1.6397474740872942e-10
410.0 1.6397474740872942e-10
411.0 0.002623220825626049
412.0 0.005913649874855764
413.0 0.004758113209391013
414.0 0.0036025765439262614
415.0 0.004199284376227297
416.0 0.004795991844730452
417.0 0.0035415949241723865
418.0 0.002287198367412202
419.0 0.0030647664971183985
420.0 0.0038423342630267143
421.0 0.004651402559829876
422.0 0.005460470856633037
423.0 0.005027472070651129
424.0 0.0045944732846692204
425.0 0.004718503259937279
426.0 0.004842532507609576
427.0 0.005102263821754605
428.0 0.005361995863495395
429.0 0.005222088293521665
430.0 0.005082181451143697
431.0 0.0038841179048176855
432.0 0.002686054904188495
433.0 0.0028444921554182656
434.0 0.003002929406648036
435.0 0.002631240204209462
436.0 0.002259550819871947
437.0 0.0019185888959327713
438.0 0.0015776269719935954
439.0 0.0018754786651697941
440.0 0.002173330358345993
441.0 0.0012986577530682553
442.0 0.00042398519326525275
443.0 0.0004724941391032189
444.0 0.0005210032668401254
445.0 0.0005126035375724314
446.0 0.0005042039902036777
447.0 0.0004812437055079499
448.0 0.00045828360271116253
449.0 0.0001380573735332291
450.0 1.6397474740872942e-10
451.0 0.0002700574441405479
452.0 0.0007222838121379027
453.0 0.0011002529390680138
454.0 0.0014782222933718003
455.0 0.0013015176591579802
456.0 0.0011248131158936303
457.0 0.0006943122116354061
458.0 0.00026381130737718195
459.0 0.0002817219638018287
460.0 0.00029963264296384295
461.0 0.0005272372163744876
462.0 0.0007548417670477647
463.0 0.0006212533207872184
464.0 0.00048766487452667207
465.0 0.00020604686596925603
466.0 1.6397474740872942e-10
467.0 0.00031044776278577046
468.0 0.0006964666226849658
469.0 0.0005245902684691828
470.0 0.0003527140052028699
471.0 0.00052512750698952
472.0 0.0006975410997256404
473.0 0.0008060895197559148
474.0 0.0009146381671598647
475.0 0.000552559095012839
476.0 0.0001904802729768562
477.0 0.0005284976850816747
478.0 0.0008665150744491257
479.0 0.00131815377244493
480.0 0.0017697924704407342
481.0 0.0026372383217676543
482.0 0.0035046836273977533
483.0 0.004856773011852056
484.0 0.006208862032508478
485.0 0.006488913641078398
486.0 0.006768965249648318
487.0 0.009885569306788966
488.0 0.01300217118114233
489.0 0.01617502566659823
490.0 0.019347878696862608
491.0 0.021789592574350536
492.0 0.024231306451838464
493.0 0.0262875750195235
494.0 0.028343845042400062
495.0 0.026100879767909646
496.0 0.02385790867265314
497.0 0.019562624220270663
498.0 0.015267336857505143
499.0 0.01093528771889396
500.0 0.006603237852687016
501.0 0.0045363063691183925
502.0 0.0024693747036508285
503.0 0.002270330696774181
504.0 0.002071286326099653
505.0 0.00184713899216149
506.0 0.001622991476324387
507.0 0.0018520260709919967
508.0 0.0020810603018617257
509.0 0.0023638525817659684
510.0 0.0026466446797712706
511.0 0.002133761336153839
512.0 0.001620877992536407
513.0 0.0016924979718169197
514.0 0.0017641179510974325
515.0 0.002205275450251065
516.0 0.0026464331313036382
517.0 0.0023703087208559737
518.0 0.0020941841285093687
519.0 0.0019476747183944099
520.0 0.001801165308279451
521.0 0.001780626735126134
522.0 0.001760088161972817
523.0 0.001686351424723398
524.0 0.0016126148693729192
525.0 0.002189278711739462
526.0 0.002765942372207064
527.0 0.002687219785002526
528.0 0.0026084971977979876
529.0 0.0025057361199287698
530.0 0.002402974678261671
531.0 0.0023821452487027273
532.0 0.0023613158191437833
533.0 0.002064392356260214
534.0 0.0017674692571745254
535.0 0.001943639108503703
536.0 0.0021198087779339403
537.0 0.002564413080108352
538.0 0.0030090172003838234
539.0 0.003608734186855145
540.0 0.004208450991427526
541.0 0.004759275179821998
542.0 0.00531009936821647
543.0 0.005180609514354728
544.0 0.0050511196604929864
545.0 0.00411146211263258
546.0 0.0031718045647721738
547.0 0.002590641815913841
548.0 0.002009478703257628
549.0 0.0019185454220860265
550.0 0.0018276121409144253
551.0 0.001562898796692025
552.0 0.0012981855434190948
553.0 0.0015138404705794528
554.0 0.0017294953067903407
555.0 0.0012244871868460905
556.0 0.0007194790669018403
557.0 0.000840995016915258
558.0 0.0009625108759792056
559.0 0.0005134435923537239
560.0 6.437618935706269e-05
561.0 0.0007418070708808955
562.0 0.0014192381058819592
563.0 0.0014617573469877243
564.0 0.0015042768609419
565.0 0.0012952227734785993
566.0 0.0010861689588637091
567.0 0.0010661266060196795
568.0 0.0010460844350745901
569.0 0.0008508768587489612
570.0 0.0006556692824233323
571.0 0.00043859531615453307
572.0 0.0002215213498857338
573.0 0.0004093478764843894
574.0 0.0005971744485577801
575.0 0.00045985880205989815
576.0 0.00032254324651148636
577.0 0.0004136385086894734
578.0 0.0005047338163421955
579.0 0.0003253551312809577
580.0 0.0001459764234823524
581.0 0.0002905572955569369
582.0 0.0004351381903688889
583.0 0.0004819300102099078
584.0 0.0005287218755256617
585.0 0.0006084107553760987
586.0 0.000688099817125476
587.0 0.0006829624908277765
588.0 0.0006778250735806068
589.0 0.0006737871444784105
590.0 0.000669749169901479
591.0 0.000792926311987685
592.0 0.0009161035450233612
593.0 0.0006344172106764745
594.0 0.0003527308308548527
595.0 0.0004887802788289264
596.0 0.0006248296358535299
597.0 0.0005776645139121683
598.0 0.0005304993919708068
599.0 0.00044620310291065834
600.0 0.0003619067456384073
601.0 0.00038312364267767407
602.0 0.0004043404715048382
603.0 0.0003005091230079415
604.0 0.00019667768356157467
605.0 0.00016016766721804743
606.0 0.00012365765087452019
607.0 0.0003348387053847546
608.0 0.0005460197371576214
609.0 0.0005146286639501341
610.0 0.00048323745431844145
611.0 0.000567745701118838
612.0 0.0006522539479192346
613.0 0.00047066037041076925
614.0 0.00028906688385177404
615.0 0.00022003273443260696
616.0 0.00015099859638212365
617.0 0.00024172384200937813
618.0 0.000332449167217419
619.0 0.00036240878671378596
620.0 0.0003923685198969906
621.0 0.0004127437478018692
622.0 0.00043311897570674773
623.0 0.0004377865934657166
624.0 0.0004424542566994205
625.0 0.0003982640919275582
626.0 0.00035407397263043094
627.0 0.0002780715931294253
628.0 0.00020206919089105213
629.0 0.0003177806775056524
630.0 0.00043349218685762025
631.0 0.0004740948043036042
632.0 0.0005146974672243232
633.0 0.000500375199408154
634.0 0.00048605288611724973
635.0 0.0004583002009894699
636.0 0.00043054751586169004
637.0 0.0004333927790867165
638.0 0.0004362379968370078
639.0 0.0005650495950249024
640.0 0.0006938611022633268
641.0 0.0005652193067362532
642.0 0.00043657751120917965
643.0 0.0006140894129202934
644.0 0.0007916013601061422
645.0 0.0007759836989862379
646.0 0.0007603661742905388
647.0 0.0007525163709942717
648.0 0.0007446667041222099
649.0 0.0007566269232484046
650.0 0.0007685871423745994
651.0 0.0008776448339631315
652.0 0.000986702707450604
653.0 0.0011312056813039817
654.0 0.0012757088370562997
655.0 0.001737663842504844
656.0 0.0021996187570039183
657.0 0.0032022478990256786
658.0 0.004204876677249558
659.0 0.006826878961874172
660.0 0.04251522768754512
661.0 0.09254904580302536
662.0 0.06171761779114604
663.0 0.06127782980911434
664.0 0.12012205552309752
665.0 0.1495060627348721
666.0 0.11916727526113391
667.0 0.1712172059342265
668.0 0.1930349157191813
669.0 0.22173523902893066
670.0 0.33504210878163576
671.0 0.4945260938256979
672.0 0.8142514154314995
673.0 1.3186058029532433
674.0 1.9489791244268417
675.0 2.7908524498343468
676.0 3.9132975041866302
677.0 5.264789238572121
678.0 6.602918356657028
679.0 8.012223243713379
680.0 9.861643612384796
681.0 11.932193487882614
682.0 14.458127319812775
683.0 17.267368733882904
684.0 20.232723653316498
685.0 23.17536771297455
686.0 26.172873377799988
687.0 29.35890555381775
688.0 32.59490728378296
689.0 35.88821291923523
690.0 39.702364802360535
691.0 43.77336502075195
692.0 48.698773980140686
693.0 53.83386015892029
694.0 59.79264974594116
695.0 65.40387272834778
696.0 71.64971232414246
697.0 77.18357443809509
698.0 83.1763505935669
699.0 87.68256306648254
700.0 91.19815230369568
701.0 94.0306305885315
702.0 95.85808515548706
703.0 96.86732292175293
704.0 97.36663103103638
705.0 97.8141725063324
706.0 97.79782891273499
707.0 98.09975624084473
708.0 98.03059101104736
709.0 98.07567000389099
710.0 97.83769845962524
711.0 98.0189561843872
712.0 97.96284437179565
713.0 98.08719158172607
714.0 98.11199307441711
715.0 98.20664525032043
716.0 97.95840978622437
717.0 98.27110767364502
718.0 98.27748537063599
719.0 98.24798703193665
720.0 98.47006797790527
721.0 98.43689799308777
722.0 98.1760025024414
723.0 97.921884059906
724.0 97.57914543151855
725.0 97.3634660243988
726.0 97.01823592185974
727.0 96.74801230430603
728.0 96.47542238235474
729.0 96.28912210464478
730.0 96.26237750053406
731.0 96.31420373916626
732.0 96.34276032447815
733.0 96.58940434455872
734.0 96.96111679077148
735.0 97.23754525184631
736.0 97.5632905960083
737.0 97.8996992111206
738.0 98.22145104408264
739.0 98.66137504577637
740.0 98.76403212547302
741.0 98.58593940734863
742.0 98.85146021842957
743.0 98.69306683540344
744.0 98.58941435813904
745.0 98.61975312232971
746.0 98.52849245071411
747.0 98.75874519348145
748.0 98.67775440216064
749.0 98.58137369155884
750.0 98.46940636634827
751.0 98.53423833847046
752.0 98.35314750671387
753.0 98.58388304710388
754.0 98.52059483528137
755.0 98.5987663269043
756.0 98.68177771568298
757.0 98.72168898582458
758.0 98.7641990184784
759.0 98.83033633232117
760.0 98.68543744087219
761.0 98.61479997634888
762.0 98.76062273979187
763.0 98.7102210521698
764.0 98.54819774627686
765.0 98.4694242477417
766.0 98.50369095802307
767.0 98.3281135559082
768.0 98.39245080947876
769.0 98.3716368675232
770.0 98.12434911727905
771.0 98.1912910938263
772.0 98.22250604629517
773.0 98.055899143219
774.0 97.9258120059967
775.0 97.98790216445923
776.0 97.87876605987549
777.0 97.97059893608093
778.0 97.92236089706421
779.0 97.96805381774902
780.0 97.91432619094849
781.0 98.18930625915527
782.0 98.08816909790039
783.0 98.1427013874054
784.0 98.1865406036377
785.0 98.30804467201233
786.0 98.4394907951355
787.0 98.17935824394226
788.0 98.32093715667725
789.0 98.37178587913513
790.0 98.2646644115448
791.0 98.33768010139465
792.0 98.26570749282837
793.0 98.13816547393799
794.0 98.1225311756134
795.0 98.07208180427551
796.0 97.96004295349121
797.0 98.03102016448975
798.0 97.97427654266357
799.0 97.84308671951294
800.0 97.70315289497375
801.0 97.77640104293823
802.0 97.64717817306519
803.0 97.41392731666565
804.0 97.15859889984131
805.0 96.83583378791809
806.0 96.5185284614563
807.0 95.67464590072632
808.0 94.78105902671814
809.0 93.64115595817566
810.0 92.33519434928894
811.0 90.42493104934692
812.0 88.30279111862183
813.0 85.70104837417603
814.0 82.64573812484741
815.0 79.10909652709961
816.0 75.35850405693054
817.0 71.11935615539551
818.0 66.1529004573822
819.0 61.87145113945007
820.0 56.82721734046936
821.0 52.3295521736145
822.0 47.88087606430054
823.0 43.27560365200043
824.0 38.685035705566406
825.0 34.379637241363525
826.0 29.960528016090393
827.0 25.35339891910553
828.0 21.191051602363586
829.0 17.093558609485626
830.0 12.937410175800323
831.0 9.74324643611908
832.0 6.66654109954834
833.0 4.350791499018669
834.0 2.7094779536128044
835.0 1.6545724123716354
836.0 1.0232090018689632
837.0 0.5310074426233768
838.0 0.3305689198896289
839.0 0.20800591446459293
840.0 0.11148665798828006
841.0 0.060098484391346574
842.0 0.028308489709161222
843.0 0.024449604097753763
844.0 0.015539300511591136
845.0 1.6397474740872942e-10
846.0 0.004230952254147269
847.0 1.6397474740872942e-10
848.0 1.6397474740872942e-10
849.0 1.6397474740872942e-10
850.0 1.6397474740872942e-10
851.0 1.6397474740872942e-10
852.0 0.0005627618065773277
853.0 0.000571293503526249
854.0 0.0005798252914246405
855.0 0.0005298075393511681
856.0 0.0004797898782271659
857.0 0.0003502329263938009
858.0 0.00022067576992412796
859.0 1.6397474740872942e-10
860.0 1.6397474740872942e-10
861.0 1.6397474740872942e-10
862.0 0.00019274048099759966
863.0 3.279749876128335e-05
864.0 1.6397474740872942e-10
865.0 1.6397474740872942e-10
866.0 1.6397474740872942e-10
867.0 1.6397474740872942e-10
868.0 1.6397474740872942e-10
869.0 1.6397474740872942e-10
870.0 1.6397474740872942e-10
871.0 3.4500533274695044e-05
872.0 0.00011658507901302073
873.0 0.00017075647065212252
874.0 0.0002249278622912243
875.0 0.000177618221641751
876.0 0.00013030860372964526
877.0 1.6397474740872942e-10
878.0 1.6397474740872942e-10
879.0 1.4711740448092314e-05
880.0 0.00023352060907200212
881.0 0.00010749847660918022
882.0 1.6397474740872942e-10
883.0 2.2796771759203693e-05
884.0 6.411717095033964e-05
885.0 3.825211436492282e-06
886.0 1.6397474740872942e-10
887.0 1.6397474740872942e-10
888.0 1.6397474740872942e-10
889.0 1.6397474740872942e-10
890.0 1.6397474740872942e-10
891.0 4.048458777106134e-05
892.0 0.00019688404790940695
893.0 9.412121926288819e-05
894.0 1.6397474740872942e-10
895.0 1.6397474740872942e-10
