lsstCam/transmission_filter_detector/r24_s11/i_39/19700101T000000.ecsv
# %ECSV 1.0
# ---
# datatype:
# - {name: wavelength, unit: nm, datatype: float32}
# - {name: efficiency, unit: '%', datatype: float64}
# meta: !!omap
# - {MODE: DETECTOR}
# - {TYPE: transmission_filter_detector}
# - {CALIBDATE: '1970-01-01T00:00:00'}
# - {INSTRUME: LSSTCam}
# - {OBSTYPE: transmission_filter_detector}
# - {CALIBCLS: lsst.ip.isr.IntermediateFilterDetectorTransmissionCurve}
# - {SOURCE: Materion (DM-46256)}
# - {DETECTOR: 112}
# - {FILTER: i_39}
# - {CALIB_ID: 'calibDate=1970-01-01T00:00:00 filter=i_39 detector=112'}
# - {DATE: '2025-04-02T15:59:46.999384'}
# - {CALIB_CREATION_DATE: '2025-04-02'}
# - {CALIB_CREATION_TIME: '15:59:46'}
# - __serialized_columns__:
#     efficiency:
#       __class__: astropy.units.quantity.Quantity
#       unit: !astropy.units.Unit {unit: '%'}
#       value: !astropy.table.SerializedColumn {name: efficiency}
#     wavelength:
#       __class__: astropy.units.quantity.Quantity
#       unit: !astropy.units.Unit {unit: nm}
#       value: !astropy.table.SerializedColumn {name: wavelength}
# schema: astropy-2.0
wavelength efficiency
[from data line 597]
897.0 1.6397474740872942e-10
898.0 1.6397474740872942e-10
899.0 1.6397474740872942e-10
900.0 1.6397474740872942e-10
901.0 1.6397474740872942e-10
902.0 1.6397474740872942e-10
903.0 1.6397474740872942e-10
904.0 1.6397474740872942e-10
905.0 1.6397474740872942e-10
906.0 9.879548201752186e-06
907.0 8.483959845762001e-05
908.0 0.00015979965155565878
909.0 3.618144432948611e-05
910.0 1.6397474740872942e-10
911.0 5.574988222178945e-05
912.0 0.0001989365046028979
913.0 0.00013765420590061694
914.0 7.637190151399409e-05
915.0 7.143164282297221e-06
916.0 1.6397474740872942e-10
917.0 1.6397474740872942e-10
918.0 1.6397474740872942e-10
919.0 1.6397474740872942e-10
920.0 7.344318646573811e-05
921.0 3.9737477663948084e-05
922.0 6.031753230217873e-06
923.0 1.6397474740872942e-10
924.0 1.6397474740872942e-10
925.0 7.658456411263614e-05
926.0 0.00024667451725690626
927.0 2.4845539314810594e-05
928.0 1.6397474740872942e-10
929.0 1.6397474740872942e-10
930.0 0.0001137724439104204
931.0 0.00015402886219817447
932.0 0.00019428525774856098
933.0 0.00013652228290084167
934.0 7.87593364748318e-05
935.0 1.6397474740872942e-10
936.0 1.6397474740872942e-10
937.0 1.6397474740872942e-10
938.0 1.6397474740872942e-10
939.0 1.6397474740872942e-10
940.0 1.6397474740872942e-10
941.0 1.6397474740872942e-10
942.0 1.6397474740872942e-10
943.0 1.6397474740872942e-10
944.0 1.6397474740872942e-10
945.0 1.6397474740872942e-10
946.0 1.6397474740872942e-10
947.0 1.6397474740872942e-10
948.0 1.6397474740872942e-10
949.0 1.6397474740872942e-10
950.0 1.6397474740872942e-10
951.0 1.6397474740872942e-10
952.0 2.230200664143922e-05
953.0 1.6397474740872942e-10
954.0 1.6397474740872942e-10
955.0 1.6397474740872942e-10
956.0 7.364868110926182e-05
957.0 0.0001476787588217121
958.0 0.0002217088422185043
959.0 0.00021167436443647603
960.0 0.0002016399093918153
961.0 0.00010784316373246838
962.0 1.4046392493582971e-05
963.0 4.911968076726225e-06
964.0 1.6397474740872942e-10
965.0 1.6397474740872942e-10
966.0 1.6397474740872942e-10
967.0 1.6397474740872942e-10
968.0 1.6397474740872942e-10
969.0 1.6397474740872942e-10
970.0 7.48692968954856e-05
971.0 1.6397474740872942e-10
972.0 1.6397474740872942e-10
973.0 1.6397474740872942e-10
974.0 6.62029947307019e-05
975.0 1.6397474740872942e-10
976.0 1.6397474740872942e-10
977.0 1.6397474740872942e-10
978.0 1.6397474740872942e-10
979.0 1.6397474740872942e-10
980.0 1.6397474740872942e-10
981.0 1.6397474740872942e-10
982.0 1.6397474740872942e-10
983.0 1.6397474740872942e-10
984.0 1.6397474740872942e-10
985.0 1.7840811494806985e-05
986.0 0.00014154945802147267
987.0 1.6397474740872942e-10
988.0 1.6397474740872942e-10
989.0 1.6397474740872942e-10
990.0 1.6397474740872942e-10
991.0 1.6397474740872942e-10
992.0 1.6397474740872942e-10
993.0 7.935411616699639e-06
994.0 7.233243763948849e-05
995.0 2.7112236011817004e-05
996.0 1.6397474740872942e-10
997.0 8.3534416717157e-05
998.0 0.00018517675925977528
999.0 0.00020468266939133173
1000.0 0.0002241885340481531
1001.0 0.00020598392893589335
1002.0 0.00018777931245494983
1003.0 0.00021072232812002767
1004.0 0.00023366533241642173
1005.0 9.889402008411707e-05
1006.0 1.6397474740872942e-10
1007.0 4.115843523777585e-05
1008.0 0.00011819421388281626
1009.0 0.000116941487249278
1010.0 0.00011568872650968842
1011.0 0.00019719075226021232
1012.0 0.00027869280074810376
1013.0 0.00030358410185726825
1014.0 0.00032847540296643274
1015.0 0.000319537957693683
1016.0 0.0003106005578956683
1017.0 0.0003272278945587459
1018.0 0.0003438552994339261
1019.0 0.0002527431661292212
1020.0 0.0001616309873497812
1021.0 0.0001953201717697084
1022.0 0.00022900935618963558
1023.0 0.0004054348210047465
1024.0 0.0005818603312945925
1025.0 0.000535898197995266
1026.0 0.0004899361101706745
1027.0 0.00044785447244066745
1028.0 0.0004057727892359253
1029.0 0.0008786670150584541
1030.0 0.0013515611499315128
1031.0 0.0017397283954778686
1032.0 0.0021278952772263438
1033.0 0.0024301372832269408
1034.0 0.0027323787435307167
1035.0 0.0032809661206556484
1036.0 0.0038295533158816397
1037.0 0.0037292986235115677
1038.0 0.0036290442949393764
1039.0 0.0030748549761483446
1040.0 0.002520666203054134
1041.0 0.002208295882155653
1042.0 0.001895925379358232
1043.0 0.00241793277382385
1044.0 0.0029399399863905273
1045.0 0.0032836167520144954
1046.0 0.0036272944271331653
1047.0 0.0034655415220186114
1048.0 0.0033037886169040576
1049.0 0.0028018057491863146
1050.0 0.002299823063367512
1051.0 0.002278927422594279
1052.0 0.0022580321456189267
1053.0 0.0017079833924071863
1054.0 0.0011579349120438565
1055.0 0.001010572577797575
1056.0 0.0008632102435512934
1057.0 0.0007516033292631619
1058.0 0.000639996733298176
1059.0 0.0008902244189812336
1060.0 0.0011404523320379667
1061.0 0.001527396307210438
1062.0 0.0019143401004839689
1063.0 0.0024187784219975583
1064.0 0.002923216925410088
1065.0 0.003362016286700964
1066.0 0.00380081582989078
1067.0 0.0044733660615747795
1068.0 0.00514591702085454
1069.0 0.004451345012057573
1070.0 0.003756773003260605
1071.0 0.003322325210319832
1072.0 0.002887877053581178
1073.0 0.002851679346349556
1074.0 0.002815481821016874
1075.0 0.0030362632969627157
1076.0 0.0032570449548074976
1077.0 0.0028882159313070588
1078.0 0.0025193872716045007
1079.0 0.0024785869754850864
1080.0 0.002437786679365672
1081.0 0.0016605654309387319
1082.0 0.0008833441825117916
1083.0 0.0006831300197518431
1084.0 0.00048291581151715945
1085.0 0.0008009123121155426
1086.0 0.0011189090400876012
1087.0 0.0005580417109740665
1088.0 1.6397474740872942e-10
1089.0 1.6397474740872942e-10
1090.0 1.6397474740872942e-10
1091.0 1.6397474740872942e-10
1092.0 1.6397474740872942e-10
1093.0 1.6397474740872942e-10
1094.0 1.6397474740872942e-10
1095.0 1.6397474740872942e-10
1096.0 1.6397474740872942e-10
1097.0 1.6397474740872942e-10
1098.0 1.6397474740872942e-10
1099.0 1.6397474740872942e-10
1100.0 0.0010409721653559245
