lsstCam/transmission_filter_detector/r13_s00/u_24/19700101T000000.ecsv
# %ECSV 1.0
# ---
# datatype:
# - {name: wavelength, unit: nm, datatype: float32}
# - {name: efficiency, unit: '%', datatype: float64}
# meta: !!omap
# - {MODE: DETECTOR}
# - {TYPE: transmission_filter_detector}
# - {CALIBDATE: '1970-01-01T00:00:00'}
# - {INSTRUME: LSSTCam}
# - {OBSTYPE: transmission_filter_detector}
# - {CALIBCLS: lsst.ip.isr.IntermediateFilterDetectorTransmissionCurve}
# - {SOURCE: Materion (DM-46256)}
# - {DETECTOR: 54}
# - {FILTER: u_24}
# - {CALIB_ID: 'calibDate=1970-01-01T00:00:00 filter=u_24 detector=54'}
# - {DATE: '2025-04-02T15:59:39.999447'}
# - {CALIB_CREATION_DATE: '2025-04-02'}
# - {CALIB_CREATION_TIME: '15:59:39'}
# - __serialized_columns__:
#     efficiency:
#       __class__: astropy.units.quantity.Quantity
#       unit: !astropy.units.Unit {unit: '%'}
#       value: !astropy.table.SerializedColumn {name: efficiency}
#     wavelength:
#       __class__: astropy.units.quantity.Quantity
#       unit: !astropy.units.Unit {unit: nm}
#       value: !astropy.table.SerializedColumn {name: wavelength}
# schema: astropy-2.0
wavelength efficiency
295.0 1.589319821582169e-10
296.0 1.589319821582169e-10
297.0 1.589319821582169e-10
298.0 1.589319821582169e-10
299.0 0.01712849480099976
300.0 1.589319821582169e-10
301.0 1.589319821582169e-10
302.0 1.589319821582169e-10
303.0 1.589319821582169e-10
304.0 0.13990121660754085
305.0 0.768278306350112
306.0 1.8023574724793434
307.0 3.0912596732378006
308.0 5.258731916546822
309.0 8.315322548151016
310.0 11.652439087629318
311.0 15.501496195793152
312.0 19.326838850975037
313.0 22.247034311294556
314.0 25.443896651268005
315.0 27.616482973098755
316.0 30.06996214389801
317.0 32.23712742328644
318.0 35.126081109046936
319.0 38.865405321121216
320.0 43.96165609359741
321.0 49.428024888038635
322.0 55.50001263618469
323.0 60.860127210617065
324.0 65.46930074691772
325.0 68.8627302646637
326.0 71.26848101615906
327.0 73.21721911430359
328.0 74.9464213848114
329.0 76.38328671455383
330.0 77.74969339370728
331.0 78.39614748954773
332.0 78.79818677902222
333.0 78.94867658615112
334.0 78.75381112098694
335.0 78.8970947265625
336.0 79.06697988510132
337.0 79.59231734275818
338.0 80.33519387245178
339.0 81.10217452049255
340.0 81.49830102920532
341.0 81.95673823356628
342.0 82.29179978370667
343.0 82.2599470615387
344.0 82.50090479850769
345.0 82.80222415924072
346.0 83.14912915229797
347.0 83.4633469581604
348.0 83.73574614524841
349.0 83.96522402763367
350.0 84.0236485004425
351.0 84.27891135215759
352.0 84.08782482147217
353.0 84.01895761489868
354.0 83.89291167259216
355.0 84.13146138191223
356.0 84.309983253479
357.0 84.32590961456299
358.0 84.02944803237915
359.0 83.76978635787964
360.0 83.61459970474243
361.0 83.39828848838806
362.0 83.25180411338806
363.0 83.3733856678009
364.0 83.43549370765686
365.0 83.68430137634277
366.0 83.92179608345032
367.0 83.95144939422607
368.0 83.98263454437256
369.0 84.01446342468262
370.0 83.73239040374756
371.0 83.56503248214722
372.0 83.4870994091034
373.0 83.63150358200073
374.0 83.63382816314697
375.0 83.89056324958801
376.0 84.03358459472656
377.0 84.06816720962524
378.0 84.12067294120789
379.0 83.91773104667664
380.0 83.2377552986145
381.0 81.97702169418335
382.0 80.27440905570984
383.0 78.29583883285522
384.0 76.1853277683258
385.0 73.89879822731018
386.0 71.4389443397522
387.0 68.24091672897339
388.0 64.919912815094
389.0 61.01835370063782
390.0 57.01954364776611
391.0 52.7871310710907
392.0 48.36273193359375
393.0 44.580429792404175
394.0 41.33351445198059
395.0 37.905871868133545
396.0 34.363698959350586
397.0 29.575923085212708
398.0 24.015268683433533
399.0 17.262160778045654
400.0 11.056184023618698
401.0 6.147855892777443
402.0 2.7743611484766006
403.0 0.9160458110272884
404.0 0.30932778026908636
405.0 0.12090555392205715
406.0 0.04659684200305492
407.0 0.03882024611812085
408.0 0.005898802191950381
409.0 1.589319821582169e-10
410.0 1.589319821582169e-10
411.0 1.589319821582169e-10
412.0 1.589319821582169e-10
413.0 1.589319821582169e-10
414.0 1.589319821582169e-10
415.0 1.589319821582169e-10
416.0 1.589319821582169e-10
417.0 1.589319821582169e-10
418.0 1.589319821582169e-10
419.0 1.589319821582169e-10
420.0 1.589319821582169e-10
421.0 1.589319821582169e-10
422.0 1.589319821582169e-10
423.0 1.589319821582169e-10
424.0 1.589319821582169e-10
425.0 1.589319821582169e-10
426.0 1.589319821582169e-10
427.0 0.00029295279091456905
428.0 0.0010744048267952166
429.0 0.0009515795682091266
430.0 0.0008287541277240962
431.0 0.00011822795613625203
432.0 1.589319821582169e-10
433.0 1.589319821582169e-10
434.0 1.589319821582169e-10
435.0 0.0002697746822377667
436.0 0.0005828921985084889
437.0 1.589319821582169e-10
438.0 1.589319821582169e-10
439.0 0.0003610665089581744
440.0 0.001720601721899584
441.0 1.589319821582169e-10
442.0 1.589319821582169e-10
443.0 1.589319821582169e-10
444.0 1.589319821582169e-10
445.0 1.589319821582169e-10
446.0 1.589319821582169e-10
447.0 1.589319821582169e-10
448.0 1.589319821582169e-10
449.0 0.00015125812069527456
450.0 0.0009756870895216707
451.0 1.589319821582169e-10
452.0 1.589319821582169e-10
453.0 1.589319821582169e-10
454.0 1.0326998811649446e-06
455.0 1.589319821582169e-10
456.0 1.589319821582169e-10
457.0 1.589319821582169e-10
458.0 1.589319821582169e-10
459.0 1.589319821582169e-10
460.0 1.589319821582169e-10
461.0 1.589319821582169e-10
462.0 1.589319821582169e-10
463.0 1.589319821582169e-10
464.0 1.589319821582169e-10
465.0 8.255467776052683e-06
466.0 0.00025452222871535923
467.0 4.3597347598733904e-05
468.0 1.589319821582169e-10
469.0 0.0001963463546417188
470.0 0.0005600201347988332
471.0 1.589319821582169e-10
472.0 1.589319821582169e-10
473.0 1.589319821582169e-10
474.0 1.589319821582169e-10
475.0 1.589319821582169e-10
476.0 1.589319821582169e-10
477.0 0.0003473634706097073
478.0 0.0008559181878808886
479.0 0.0005222719664743636
480.0 0.0001886260179162491
481.0 0.0002935579459517612
482.0 0.0003984899194620084
483.0 1.589319821582169e-10
484.0 1.589319821582169e-10
485.0 1.589319821582169e-10
486.0 1.589319821582169e-10
487.0 1.589319821582169e-10
488.0 1.589319821582169e-10
489.0 1.589319821582169e-10
490.0 1.589319821582169e-10
491.0 1.589319821582169e-10
492.0 1.589319821582169e-10
493.0 1.589319821582169e-10
494.0 1.589319821582169e-10
495.0 0.00013525786926038563
496.0 0.0010314940482203383
497.0 0.0005142152531334432
498.0 1.589319821582169e-10
499.0 0.0003743614342965884
500.0 0.0007517869107687147
501.0 0.00039999808905122336
502.0 4.820949470740743e-05
503.0 1.589319821582169e-10
504.0 1.589319821582169e-10
505.0 1.589319821582169e-10
506.0 2.4237985485342506e-05
507.0 1.589319821582169e-10
508.0 1.589319821582169e-10
509.0 1.589319821582169e-10
510.0 1.589319821582169e-10
511.0 4.987876991435769e-05
512.0 0.00045691458581131883
513.0 0.00041368439269717783
514.0 0.00037045390399725875
515.0 0.00040837489905243274
516.0 0.00044629591684497427
517.0 0.00010024672292274772
518.0 1.589319821582169e-10
519.0 2.6358307536611392e-05
520.0 0.00029851910312572727
521.0 0.000395881170334178
522.0 0.0004932431238557911
523.0 0.0001307097022618109
524.0 1.589319821582169e-10
525.0 1.589319821582169e-10
526.0 1.589319821582169e-10
527.0 1.589319821582169e-10
528.0 1.589319821582169e-10
529.0 1.589319821582169e-10
530.0 1.589319821582169e-10
531.0 6.5093097134649724e-06
532.0 0.0003754762019525515
533.0 1.589319821582169e-10
534.0 1.589319821582169e-10
535.0 1.589319821582169e-10
536.0 1.589319821582169e-10
537.0 1.589319821582169e-10
538.0 1.589319821582169e-10
539.0 1.589319821582169e-10
540.0 1.589319821582169e-10
541.0 1.589319821582169e-10
542.0 1.589319821582169e-10
543.0 1.589319821582169e-10
544.0 1.589319821582169e-10
545.0 1.589319821582169e-10
546.0 1.589319821582169e-10
547.0 1.589319821582169e-10
548.0 0.00019062118781221216
549.0 1.589319821582169e-10
550.0 1.589319821582169e-10
551.0 1.589319821582169e-10
552.0 1.589319821582169e-10
553.0 1.589319821582169e-10
554.0 1.589319821582169e-10
555.0 1.589319821582169e-10
556.0 1.589319821582169e-10
557.0 1.589319821582169e-10
558.0 1.589319821582169e-10
559.0 1.589319821582169e-10
560.0 0.00018498990357329603
561.0 6.482500225502008e-05
562.0 1.589319821582169e-10
563.0 1.589319821582169e-10
564.0 1.589319821582169e-10
565.0 1.589319821582169e-10
566.0 1.589319821582169e-10
567.0 1.589319821582169e-10
568.0 5.247978265288111e-05
569.0 0.00028994293188588927
570.0 0.0005274058821669314
571.0 0.0004792070285475347
572.0 0.0004310083113523433
573.0 0.0004479336439544568
574.0 0.000464859340354451
575.0 0.00021141372599231545
576.0 1.589319821582169e-10
577.0 0.00014816029079156579
578.0 0.00033835231079137884
579.0 0.0004387110038805986
580.0 0.0005390696514950832
581.0 0.0008497644557792228
582.0 0.0011604594874370378
583.0 0.001470356437494047
584.0 0.0017802536603994668
585.0 0.0014814054338785354
586.0 0.0011825569345091935
587.0 0.0011730506230378523
588.0 0.0011635441296675708
589.0 0.0009742625479702838
590.0 0.0007849806934245862
591.0 0.000937522327149054
592.0 0.0010900638699240517
593.0 0.0009279341611545533
594.0 0.0007658041795366444
595.0 0.0007476088740077103
596.0 0.0007294133411051007
597.0 0.0009236173355020583
598.0 0.0011178211025253404
599.0 0.001565593083796557
600.0 0.002013364792219363
601.0 0.0022820742742624134
602.0 0.0025507841201033443
603.0 0.0021967482098261826
604.0 0.0018427126633469015
605.0 0.0015468873243662529
606.0 0.0012510618034866638
607.0 0.001157301085186191
608.0 0.0010635402759362478
609.0 0.000672767600917723
610.0 0.0002819949258991983
611.0 0.0004670524958783062
612.0 0.0006521100658574142
613.0 0.0006195789865159895
614.0 0.0005870478162250947
615.0 0.0007441110483341618
616.0 0.0009011742804432288
617.0 0.0009012356713355985
618.0 0.0009012971531774383
619.0 0.0004822555183636723
620.0 6.321391765595763e-05
621.0 0.00036225817439117236
622.0 0.0006613023288082331
623.0 0.000647546949039679
624.0 0.00063379161474586
625.0 0.0007362226369878044
626.0 0.0008386536137550138
627.0 0.0007805876521160826
628.0 0.0007225216904771514
629.0 0.0008686054570716806
630.0 0.00101468940556515
631.0 0.0014542194548994303
632.0 0.0018937495042337105
633.0 0.0019912986317649484
634.0 0.002088847577397246
635.0 0.0023359249098575674
636.0 0.002583002242317889
637.0 0.002392728129052557
638.0 0.002202453833888285
639.0 0.0015387571693281643
640.0 0.0008750602319196332
641.0 0.000982476194621995
642.0 0.001089892157324357
643.0 0.0007667136742384173
644.0 0.00044353510020300746
645.0 0.0004862569312535925
646.0 0.0005289787623041775
647.0 0.0002130514758391655
648.0 1.589319821582169e-10
649.0 5.739217456834922e-06
650.0 0.00011435419082772569
651.0 0.00047112730499065947
652.0 0.0008279005669464823
653.0 0.0012008788871753495
654.0 0.0015738567526568659
655.0 0.001607472040632274
656.0 0.0016410873286076821
657.0 0.002577983650553506
658.0 0.0035148805181961507
659.0 0.004013396755908616
660.0 0.0045119126298232
661.0 0.004328529757913202
662.0 0.004145146886003204
663.0 0.0031419211154570803
664.0 0.0021386957087088376
665.0 0.0018087477656081319
666.0 0.0014787993677600753
667.0 0.0014109366020420566
668.0 0.0013430736544250976
669.0 0.0008946502930484712
670.0 0.00044622711357078515
671.0 0.00048360348046116997
672.0 0.0005209797564020846
673.0 0.0004264069502823986
674.0 0.00033183409868797753
675.0 0.0006198877599672414
676.0 0.0009079414667212404
677.0 0.001593329398019705
678.0 0.00227871751121711
679.0 0.0023036056518321857
680.0 0.002328493428649381
681.0 0.003305561767774634
682.0 0.004282629743102007
683.0 0.006045135160093196
684.0 0.007807640940882266
685.0 0.00842673543957062
686.0 0.009045833576237783
687.0 0.008217359572881833
688.0 0.007388886297121644
689.0 0.005937413152423687
690.0 0.004485941099119373
691.0 0.004046423418913037
692.0 0.003606906102504581
693.0 0.0031954306905390695
694.0 0.002783955824270379
695.0 0.0023820566639187746
696.0 0.0019801576854661107
697.0 0.0013879775906389114
698.0 0.0007957973139127716
699.0 0.000679286677041091
700.0 0.0005627759037452051
701.0 0.0005266489097266458
702.0 0.0004905218702333514
703.0 0.0006373614723997889
704.0 0.000784201347414637
705.0 0.0007590328095830046
706.0 0.0007338645445997827
707.0 0.0008198066097975243
708.0 0.000905748220247915
709.0 0.0006892111287015723
710.0 0.00047267380978155416
711.0 0.00056386852520518
712.0 0.0006550631042046007
713.0 0.0007693583029322326
714.0 0.0008836535016598646
715.0 0.0006958498943276936
716.0 0.0005080462415207876
717.0 0.0005650310868077213
718.0 0.0006220158411451848
719.0 0.0005636411060550017
720.0 0.0005052663254900835
721.0 0.0004202695890853647
722.0 0.00033527282994327834
723.0 0.00047380285650433507
724.0 0.0006123329058027593
725.0 0.0004305229595047422
726.0 0.0002487128540451522
727.0 0.00040045956666290294
728.0 0.0005522063474927563
729.0 0.00040852469282981474
730.0 0.00026484312911634333
731.0 0.0003046687879759702
732.0 0.00034449456052243477
733.0 0.00022505714696308132
734.0 0.00010561982435319806
735.0 0.00026855955184146296
736.0 0.0004314992565923603
737.0 0.00048567117119091563
738.0 0.0005398430403147358
739.0 0.0005594602498604218
740.0 0.0005790772320324322
741.0 0.0009747240255819634
742.0 0.00137037104650517
743.0 0.0019726607206393965
744.0 0.002574949940026272
745.0 0.0031747818866278976
746.0 0.0037746129237348214
747.0 0.004259991692379117
748.0 0.004745370461023413
749.0 0.004095530312042683
750.0 0.003445690526859835
751.0 0.0031679799576522782
752.0 0.002890269570343662
753.0 0.0024557382857892662
754.0 0.0020212070012348704
755.0 0.0022820688172942027
756.0 0.002542931179050356
757.0 0.002096313073707279
758.0 0.0016496947864652611
759.0 0.0013276609934109729
760.0 0.0010056272003566846
761.0 0.0012629194316104986
762.0 0.0015202116628643125
763.0 0.0011205827831872739
764.0 0.00072095376708603
765.0 0.000874052602739539
766.0 0.001027151392918313
767.0 0.000894129516382236
768.0 0.0007611075943714241
769.0 0.0006806442343076924
770.0 0.0006001806923450204
771.0 0.00041236976358050015
772.0 0.0002245586074423045
773.0 0.0003283718569946359
774.0 0.0004321850610722322
775.0 0.0004597632596414769
776.0 0.00048734132178651635
777.0 0.0005406271156971343
778.0 0.0005939125912846066
779.0 0.0007340982847381383
780.0 0.0008742838872421999
781.0 0.000990852277027443
782.0 0.0011074208487116266
783.0 0.0009744941962708253
784.0 0.0008415673619310837
785.0 0.0010687393114494625
786.0 0.001295911079068901
787.0 0.0010713987649069168
788.0 0.0008468864507449325
789.0 0.0009170739758701529
790.0 0.0009872615009953734
791.0 0.0008976510798675008
792.0 0.0008080406587396283
793.0 0.00023686388885835186
794.0 1.589319821582169e-10
795.0 1.589319821582169e-10
796.0 1.589319821582169e-10
797.0 0.0002740277977864025
798.0 0.0005823242190672318
799.0 0.0003067007355639362
800.0 3.107715826899948e-05
801.0 1.589319821582169e-10
802.0 1.589319821582169e-10
803.0 1.589319821582169e-10
804.0 1.589319821582169e-10
805.0 1.589319821582169e-10
806.0 1.589319821582169e-10
807.0 1.589319821582169e-10
808.0 1.589319821582169e-10
809.0 9.73431383499701e-05
810.0 0.00038005471196811413
811.0 0.00012774703463946935
812.0 1.589319821582169e-10
813.0 0.0001544475594528194
814.0 0.00043345571612007916
815.0 0.0003327636704852921
816.0 0.00023207157937576994
817.0 0.00018506084416003432
818.0 0.00013805004073219607
819.0 8.297510589727608e-05
820.0 2.7900199484065524e-05
821.0 1.589319821582169e-10
822.0 1.589319821582169e-10
823.0 1.589319821582169e-10
824.0 1.589319821582169e-10
825.0 1.589319821582169e-10
826.0 1.589319821582169e-10
827.0 0.0002377370719841565
828.0 0.0006130389920144808
829.0 0.0003703084985318128
830.0 0.0001275784370591282
831.0 1.589319821582169e-10
832.0 1.589319821582169e-10
833.0 1.589319821582169e-10
834.0 1.589319821582169e-10
835.0 1.589319821582169e-10
836.0 1.589319821582169e-10
837.0 1.589319821582169e-10
838.0 1.589319821582169e-10
839.0 1.589319821582169e-10
840.0 1.589319821582169e-10
841.0 1.589319821582169e-10
842.0 0.00017971995021071052
843.0 9.676194849816966e-05
844.0 1.3803855836158618e-05
845.0 8.037238217184495e-05
846.0 0.00014694082892674487
847.0 7.436871669597167e-05
848.0 1.7966325316365328e-06
849.0 7.476106134163274e-05
850.0 0.00014772532495044288
851.0 0.00011783690752054099
852.0 8.794851282800664e-05
853.0 0.0003381624765097513
854.0 0.0005883764970349148
855.0 0.00043331388042133767
856.0 0.0002782511728582904
857.0 0.0004642449312086683
858.0 0.0006502386440843111
859.0 0.0007758359060971998
860.0 0.0009014331226353534
861.0 0.0009200398380926345
862.0 0.0009386466444993857
863.0 0.0010973478310916107
864.0 0.0012560488357848953
865.0 0.0017468113583163358
866.0 0.002237573789898306
867.0 0.002102116559399292
868.0 0.0019666596926981583
869.0 0.0018878366972785443
870.0 0.00180901351995999
871.0 0.0017040969396475703
872.0 0.0015991799955372699
873.0 0.001640011032577604
874.0 0.001680841887718998
875.0 0.001996657192648854
876.0 0.002312472861376591
877.0 0.002465004399709869
878.0 0.0026175361199420877
879.0 0.002747598227870185
880.0 0.0028776608814951032
