lsstCam/transmission_filter_detector/r13_s00/u_24/19700101T000000.ecsv
# %ECSV 1.0
# ---
# datatype:
# - {name: wavelength, unit: nm, datatype: float32}
# - {name: efficiency, unit: '%', datatype: float64}
# meta: !!omap
# - {MODE: DETECTOR}
# - {TYPE: transmission_filter_detector}
# - {CALIBDATE: '1970-01-01T00:00:00'}
# - {INSTRUME: LSSTCam}
# - {OBSTYPE: transmission_filter_detector}
# - {CALIBCLS: lsst.ip.isr.IntermediateFilterDetectorTransmissionCurve}
# - {SOURCE: Materion (DM-46256)}
# - {DETECTOR: 54}
# - {FILTER: u_24}
# - {CALIB_ID: 'calibDate=1970-01-01T00:00:00 filter=u_24 detector=54'}
# - {DATE: '2025-04-02T15:59:39.999447'}
# - {CALIB_CREATION_DATE: '2025-04-02'}
# - {CALIB_CREATION_TIME: '15:59:39'}
# - __serialized_columns__:
#     efficiency:
#       __class__: astropy.units.quantity.Quantity
#       unit: !astropy.units.Unit {unit: '%'}
#       value: !astropy.table.SerializedColumn {name: efficiency}
#     wavelength:
#       __class__: astropy.units.quantity.Quantity
#       unit: !astropy.units.Unit {unit: nm}
#       value: !astropy.table.SerializedColumn {name: wavelength}
# schema: astropy-2.0
wavelength efficiency
[from data line 587]
882.0 0.003140179978800006
883.0 0.0029169068511691876
884.0 0.002693633723538369
885.0 0.0026064266421599314
886.0 0.0025192199245793745
887.0 0.002264991417177953
888.0 0.002010763273574412
889.0 0.0019399056327529252
890.0 0.001869047810032498
891.0 0.0022153257305035368
892.0 0.0025616036509745754
893.0 0.0024373790438403375
894.0 0.0023131537091103382
895.0 0.0027619718821370043
896.0 0.0032107895094668493
897.0 0.003637545887613669
898.0 0.004064302265760489
899.0 0.004257723048795015
900.0 0.00445114346803166
901.0 0.004296561019145884
902.0 0.004141979297855869
903.0 0.004494724998949096
904.0 0.004847470336244442
905.0 0.004992134927306324
906.0 0.005136799518368207
907.0 0.005510465052793734
908.0 0.005884130951017141
909.0 0.005827479253639467
910.0 0.005770828283857554
911.0 0.005866110586794093
912.0 0.005961393253528513
913.0 0.005852230970049277
914.0 0.005743068686570041
915.0 0.005019081072532572
916.0 0.0042950938222929835
917.0 0.003996591840405017
918.0 0.0036980902223149315
919.0 0.004066005567437969
920.0 0.0044339212763588876
921.0 0.004563147012959234
922.0 0.004692372385761701
923.0 0.005554899689741433
924.0 0.006417425174731761
925.0 0.006655738252447918
926.0 0.006894051330164075
927.0 0.007407188968500122
928.0 0.007920324424048886
929.0 0.007837441080482677
930.0 0.0077545577369164675
931.0 0.007276472024386749
932.0 0.006798384856665507
933.0 0.006672897870885208
934.0 0.0065474108851049095
935.0 0.006746269355062395
936.0 0.00694512709742412
937.0 0.007104037649696693
938.0 0.007262949657160789
939.0 0.0070127447543200105
940.0 0.006762540579074994
941.0 0.00612332732998766
942.0 0.0054841126257088035
943.0 0.004369472662801854
944.0 0.003254832699894905
945.0 0.0026168918338953517
946.0 0.001978951331693679
947.0 0.0017154141460196115
948.0 0.001451877051295014
949.0 0.001338034689979395
950.0 0.0012241922377143055
951.0 0.0011765730050683487
952.0 0.0011289536814729217
953.0 0.0014154447853798047
954.0 0.0017019361621350981
955.0 0.002242277878394816
956.0 0.0027826194127555937
957.0 0.0028628428481169976
958.0 0.0029430651920847595
959.0 0.0031525596568826586
960.0 0.003362053757882677
961.0 0.003704939445015043
962.0 0.004047824768349528
963.0 0.004253581937518902
964.0 0.004459339470486157
965.0 0.004539738074527122
966.0 0.0046201366785680875
967.0 0.004681138671003282
968.0 0.004742141027236357
969.0 0.004699168493971229
970.0 0.0046561959607061
971.0 0.004770150189870037
972.0 0.004884103691438213
973.0 0.004749947402160615
974.0 0.004615790021489374
975.0 0.0043037012801505625
976.0 0.003991611811215989
977.0 0.0037321235140552744
978.0 0.0034726352168945596
979.0 0.0032678766729077324
980.0 0.0030631177651230246
981.0 0.0029993736461619847
982.0 0.0029356293453020044
983.0 0.0030458613764494658
984.0 0.003156092861900106
985.0 0.0034459761081961915
986.0 0.0037358597182901576
987.0 0.004110012014280073
988.0 0.004484164310269989
989.0 0.005450363460113294
990.0 0.006416562246158719
991.0 0.006543223571497947
992.0 0.006669885624432936
993.0 0.007002265192568302
994.0 0.007334644760703668
995.0 0.007109933358151466
996.0 0.006885219045216218
997.0 0.006691263115499169
998.0 0.006497309368569404
999.0 0.006493670662166551
1000.0 0.006490031955763698
1001.0 0.006000788926030509
1002.0 0.005511546987690963
1003.0 0.004951796654495411
1004.0 0.00439204704889562
1005.0 0.004704046659753658
1006.0 0.005016045179218054
1007.0 0.004916288889944553
1008.0 0.004816529690288007
1009.0 0.004344309854786843
1010.0 0.0038720907468814403
1011.0 0.0038102018152130768
1012.0 0.0037483136111404747
1013.0 0.0031773473892826587
1014.0 0.0026063809855259024
1015.0 0.00218089044210501
1016.0 0.0017554002624819987
1017.0 0.0016478219549753703
1018.0 0.001540243647468742
1019.0 0.0013508837582776323
1020.0 0.0011615237781370524
1021.0 0.0010791231034090742
1022.0 0.0009967226105800364
1023.0 0.0011336195711919572
1024.0 0.0012705167137028184
1025.0 0.0013523773304768838
1026.0 0.0014342382200993598
1027.0 0.0011207779607502744
1028.0 0.0008073176104517188
1029.0 0.0008601487024861854
1030.0 0.0009129800673690625
1031.0 0.0016441172192571685
1032.0 0.0023752543711452745
1033.0 0.0021813888452015817
1034.0 0.0019875231373589486
1035.0 0.002283837784489151
1036.0 0.002580152067821473
1037.0 0.002694072463782504
1038.0 0.0028079928597435355
1039.0 0.0025485280275461264
1040.0 0.002289063559146598
1041.0 0.001814703682612162
1042.0 0.0013403438970271964
1043.0 0.001210463869938394
1044.0 0.0010805842066474725
1045.0 0.0013197001862863544
1046.0 0.001558816438773647
1047.0 0.001681673529674299
1048.0 0.0018045308024738915
1049.0 0.001409671767760301
1050.0 0.0010148121873498894
1051.0 0.0009429755664314143
1052.0 0.0008711386726645287
1053.0 0.0007354462013609009
1054.0 0.0005997535481583327
1055.0 0.0006188899533299264
1056.0 0.0006380267677741358
1057.0 0.0011647197425190825
1058.0 0.0016914127627387643
1059.0 0.0010553265383350663
1060.0 0.000419240677729249
1061.0 0.0014016680324857589
1062.0 0.0023840952053433284
1063.0 0.0019756684196181595
1064.0 0.0015672410881961696
1065.0 0.0011673076187435072
1066.0 0.0007673745130887255
1067.0 0.0007349764473474352
1068.0 0.0007025777904345887
1069.0 0.0015729525330243632
1070.0 0.002443326775392052
1071.0 0.0012753554983646609
1072.0 0.00010738456239778316
1073.0 0.0008060447726165876
1074.0 0.0015047050510474946
1075.0 0.0031082669011084363
1076.0 0.004711828296422027
1077.0 0.0048606911150272936
1078.0 0.00500955393363256
1079.0 0.005794030221295543
1080.0 0.006578503962373361
1081.0 0.004627190355677158
1082.0 0.0026758763851830736
1083.0 0.002579969986982178
1084.0 0.0024840637706802227
1085.0 0.0037686244468204677
1086.0 0.005053184941061772
1087.0 0.004588955926010385
1088.0 0.0041247261833632365
1089.0 0.0059633315686369315
1090.0 0.007801937317708507
1091.0 0.005155389226274565
1092.0 0.0025088411348406225
1093.0 0.0015642557627870701
1094.0 0.0006196706181071931
1095.0 0.0005705874173145276
1096.0 0.0005215044438955374
1097.0 0.0019409782908041961
1098.0 0.003360452683409676
1099.0 0.002794910324155353
1100.0 0.00222936796490103
