lsstCam/transmission_sensor/r32_s02/19700101T000000.ecsv
# %ECSV 1.0
# ---
# datatype:
# - {name: amp_name, datatype: string}
# - {name: wavelength, unit: nm, datatype: float32}
# - {name: efficiency, unit: '%', datatype: float64}
# meta: !!omap
# - {MODE: AMP}
# - {TYPE: transmission_sensor}
# - {CALIBDATE: '1970-01-01T00:00:00'}
# - {INSTRUME: LSSTCAM}
# - {OBSTYPE: transmission_sensor}
# - {DETECTOR: 137}
# - {PARQUETFILE: qe_raft_allvalues_nircorrected_20230725.parquet}
# - {CALIBCLS: lsst.ip.isr.IntermediateSensorTransmissionCurve}
# - {CALIB_ID: 'raftName=R32 detectorName=S02 detector=137 calibDate=1970-01-01T00:00:00 ccd=137 ccdnum=137 filter=None'}
# - {DATE: '2024-01-18T22:42:25.462926'}
# - {CALIB_CREATION_DATE: '2024-01-18'}
# - {CALIB_CREATION_TIME: '22:42:25'}
# - __serialized_columns__:
#     efficiency:
#       __class__: astropy.units.quantity.Quantity
#       unit: !astropy.units.Unit {unit: '%'}
#       value: !astropy.table.SerializedColumn {name: efficiency}
#     wavelength:
#       __class__: astropy.units.quantity.Quantity
#       unit: !astropy.units.Unit {unit: nm}
#       value: !astropy.table.SerializedColumn {name: wavelength}
# schema: astropy-2.0
amp_name wavelength efficiency
C00 319.992 49.32234794089341
C00 330.006 57.11711833522772
C00 349.994 77.89280606412576
C00 370.001 77.92944823929707
C00 400.009 84.03585290743354
C00 429.983 86.12180871737864
C00 449.989 87.73100186522896
C00 469.993 89.45565720319021
C00 500.016 92.06259465078055
C00 549.99 95.31587923854443
C00 569.998 96.37067099632081
C00 599.983 97.33094438420596
C00 630.013 97.70713465834096
C00 649.987 97.97621651689397
C00 670.017 97.80341903969904
C00 699.987 97.52912877792599
C00 720.012 97.25002930894618
C00 749.995 97.34954880716897
C00 770.007 97.2548678258841
C00 800.008 96.40389976861833
C00 830.013 94.5322885087116
C00 869.994 89.75143972331945
C00 900.005 81.57340492373096
C00 919.989 73.23636648429985
C00 959.989 51.87641381795213
C00 1000.013 25.826194504342862
C00 1030.002 9.40021091898844
C00 1049.996 3.974574240881848
C00 1080.005 0.5662052835321819
C00 1100.007 0.11540309127167958
C01 319.992 49.732424010605634
C01 330.006 57.59751433459673
C01 349.994 78.6329612117988
C01 370.001 78.70707258717862
C01 400.009 84.41153160096546
C01 429.983 86.30389562203469
C01 449.989 87.83937185116406
C01 469.993 89.51854994620813
C01 500.016 92.07846178299229
C01 549.99 95.291161956169
C01 569.998 96.34311189987493
C01 599.983 97.30015828945214
C01 630.013 97.67681521850953
C01 649.987 97.94493299922644
C01 670.017 97.77398819939418
C01 699.987 97.50656332668129
C01 720.012 97.22592886042104
C01 749.995 97.32767849667644
C01 770.007 97.237307790607
C01 800.008 96.38113989693615
C01 830.013 94.51170008840168
C01 869.994 89.67442204730499
C01 900.005 81.51922385650622
C01 919.989 73.17151147372076
C01 959.989 51.73942896247821
C01 1000.013 25.757607968977123
C01 1030.002 9.33117662372487
C01 1049.996 3.9514400266857432
C01 1080.005 0.5660780851647045
C01 1100.007 0.11537716589578052
C02 319.992 50.273128368969886
C02 330.006 58.231494072691305
C02 349.994 79.54249763137433
C02 370.001 79.59462436093926
C02 400.009 84.94529192206629
C02 429.983 86.6795211490651
C02 449.989 88.16771021005047
C02 469.993 89.81285937844525
C02 500.016 92.3426445301275
C02 549.99 95.53068253786331
C02 569.998 96.57788143520052
C02 599.983 97.5302864690539
C02 630.013 97.90150213025552
C02 649.987 98.1675934941433
C02 670.017 97.990086940841
C02 699.987 97.71930127618906
C02 720.012 97.43340935098246
C02 749.995 97.52936269379339
C02 770.007 97.43416048964423
C02 800.008 96.57132889021
C02 830.013 94.69165668069937
C02 869.994 89.82298461756454
C02 900.005 81.63743709408749
C02 919.989 73.2551663522156
C02 959.989 51.84831832798805
C02 1000.013 25.893555356234465
C02 1030.002 9.36150888036863
C02 1049.996 3.951761667146545
C02 1080.005 0.5672511162182099
C02 1100.007 0.1156162512834825
C03 319.992 50.59394948627077
C03 330.006 58.61846871802176
C03 349.994 80.14967803452271
C03 370.001 80.21061886926405
C03 400.009 85.3155657206755
C03 429.983 86.93076234373935
C03 449.989 88.37635233977889
C03 469.993 89.99518604792779
C03 500.016 92.50623535611835
C03 549.99 95.67869280608333
C03 569.998 96.72578191946013
C03 599.983 97.67816926096707
C03 630.013 98.05009288992905
C03 649.987 98.31801848566295
C03 670.017 98.14048894938186
C03 699.987 97.86512125672219
C03 720.012 97.57905652385112
C03 749.995 97.67564574418121
C03 770.007 97.58246439472113
C03 800.008 96.71129542775742
C03 830.013 94.83263169425335
C03 869.994 89.98147637760567
C03 900.005 81.78571398078677
C03 919.989 73.34691393912593
C03 959.989 51.99193469171471
C03 1000.013 25.977005310847712
C03 1030.002 9.352617193345464
C03 1049.996 3.975369545880899
C03 1080.005 0.5681019305596904
C03 1100.007 0.11578966295582262
C04 319.992 50.81085926332012
C04 330.006 58.89207116198622
C04 349.994 80.62399202287722
C04 370.001 80.71525082816953
C04 400.009 85.5463901505662
C04 429.983 87.03103376779828
C04 449.989 88.43345132897169
C04 469.993 90.01774715662255
C04 500.016 92.50453393146101
C04 549.99 95.6648631738639
C04 569.998 96.71237291371041
C04 599.983 97.66496309854699
C04 630.013 98.03645184702756
C04 649.987 98.30731521351107
C04 670.017 98.13391619028889
C04 699.987 97.86149907021775
C04 720.012 97.57480896486547
C04 749.995 97.66695689757327
C04 770.007 97.57092494296761
C04 800.008 96.7027457553663
C04 830.013 94.82885270773797
C04 869.994 90.00626807902094
C04 900.005 81.81556885456367
C04 919.989 73.36028844322998
C04 959.989 52.036866844298224
C04 1000.013 26.125546729610054
C04 1030.002 9.39450702181668
C04 1049.996 3.9797998195963977
C04 1080.005 0.568051390102183
C04 1100.007 0.11577936187739704
C05 319.992 51.25964820147102
C05 330.006 59.4066292088339
C05 349.994 81.28984071307742
C05 370.001 81.31754712026955
C05 400.009 85.9395770079931
C05 429.983 87.33287379543911
C05 449.989 88.70127058730618
C05 469.993 90.27400874774798
C05 500.016 92.73314073587403
C05 549.99 95.87348136128566
C05 569.998 96.91184827846162
C05 599.983 97.85146928721093
C05 630.013 98.21747969285263
C05 649.987 98.47462913446515
C05 670.017 98.2958436707604
C05 699.987 98.01339970001045
C05 720.012 97.71582173366781
C05 749.995 97.80009748249036
C05 770.007 97.69970898740165
C05 800.008 96.8171496360675
C05 830.013 94.92927025813002
C05 869.994 90.11583317004386
C05 900.005 81.88614265227457
C05 919.989 73.3845061187404
C05 959.989 52.16189287988972
C05 1000.013 26.19866847224109
C05 1030.002 9.415347709452641
C05 1049.996 3.9915089928628946
C05 1080.005 0.5688257563072274
C05 1100.007 0.11593719200798319
C06 319.992 51.461762103237845
C06 330.006 59.65670250008852
C06 349.994 81.69794976025341
C06 370.001 81.73558569900473
C06 400.009 86.19596304919924
C06 429.983 87.50774979228056
C06 449.989 88.85193952897423
C06 469.993 90.4020472688375
C06 500.016 92.85228665441299
C06 549.99 95.98184050641981
C06 569.998 97.01822484681578
C06 599.983 97.96434649205499
C06 630.013 98.32871795374835
C06 649.987 98.58817957726534
C06 670.017 98.40950148732958
C06 699.987 98.12106341377017
C06 720.012 97.8224207640946
C06 749.995 97.89671995266922
C06 770.007 97.79016668698313
C06 800.008 96.89572183192651
C06 830.013 95.00691980677796
C06 869.994 90.17795706138594
C06 900.005 81.92655227940695
C06 919.989 73.36100628384573
C06 959.989 52.22746375982423
C06 1000.013 26.163323471795476
C06 1030.002 9.41510374200458
C06 1049.996 4.005406914528283
C06 1080.005 0.5693877232213224
C06 1100.007 0.11605173124130573
C07 319.992 51.746660100946166
C07 330.006 60.00297817258492
C07 349.994 82.25374318182551
C07 370.001 82.29717459798891
C07 400.009 86.56601356867345
C07 429.983 87.79392791186548
C07 449.989 89.11040332574342
C07 469.993 90.64449075760284
C07 500.016 93.08341865017267
C07 549.99 96.21156992471143
C07 569.998 97.24951282682007
C07 599.983 98.19406583602108
C07 630.013 98.56519876434288
C07 649.987 98.82677142171273
C07 670.017 98.6438141773897
C07 699.987 98.35768467386788
C07 720.012 98.06084112420724
C07 749.995 98.13135000981485
C07 770.007 98.0218337238175
C07 800.008 97.114543199131
C07 830.013 95.21262368479454
C07 869.994 90.38342092552766
C07 900.005 82.1068104553943
C07 919.989 73.41794237900051
C07 959.989 52.31796911078901
C07 1000.013 26.265263941002555
C07 1030.002 9.523940245550893
C07 1049.996 4.037019292449664
C07 1080.005 0.5707523765797661
C07 1100.007 0.11632987279289325
C10 319.992 46.8999783986347
C10 330.006 54.27375229125014
C10 349.994 73.86205796582409
C10 370.001 74.170381313058
C10 400.009 82.55211685977953
C10 429.983 85.64646291847895
C10 449.989 87.61788513281115
C10 469.993 89.58155803231752
C10 500.016 92.42129500207076
C10 549.99 95.87740400403689
C10 569.998 96.98743122336406
C10 599.983 97.99513258680881
C10 630.013 98.40539375353619
C10 649.987 98.6882698444806
C10 670.017 98.5249413547796
C10 699.987 98.26252906371818
C10 720.012 97.98628834026236
C10 749.995 98.08831915996204
C10 770.007 98.00501058287792
C10 800.008 97.14976251074407
C10 830.013 95.27559633975619
C10 869.994 90.48561339768125
C10 900.005 82.42772135192085
C10 919.989 73.79970513089236
C10 959.989 52.1505566849488
C10 1000.013 25.949761953278458
C10 1030.002 9.461685311557657
C10 1049.996 4.009682508723933
C10 1080.005 0.5705021344436096
C10 1100.007 0.11627886882504129
C11 319.992 47.86685431670005
C11 330.006 55.40215407895604
C11 349.994 75.48713547067331
C11 370.001 75.76045263609755
C11 400.009 83.3489000018919
C11 429.983 86.08148274883581
C11 449.989 87.92673805904394
C11 469.993 89.80206326508211
C11 500.016 92.55913349557824
C11 549.99 95.94425880903736
C11 569.998 97.04151498518476
C11 599.983 98.0336788447604
C11 630.013 98.44096093735068
C11 649.987 98.71994720549571
C11 670.017 98.54909547299573
C11 699.987 98.28984189131764
C11 720.012 98.00904256790682
C11 749.995 98.11673340430023
C11 770.007 98.03026097289022
C11 800.008 97.17022990828649
C11 830.013 95.29097885333124
C11 869.994 90.45917204347549
C11 900.005 82.31751116908164
C11 919.989 73.74643380098644
C11 959.989 52.15938395926744
C11 1000.013 26.057409789929153
C11 1030.002 9.43941556143321
C11 1049.996 3.987145769068017
C11 1080.005 0.5706673989334834
C11 1100.007 0.11631255277954256
C12 319.992 48.73452744622481
C12 330.006 56.41251713187751
C12 349.994 76.85451975952576
C12 370.001 77.02274629850824
C12 400.009 84.01542671622273
C12 429.983 86.47796020037471
C12 449.989 88.2249012201767
C12 469.993 90.04253823175273
C12 500.016 92.73839128617408
C12 549.99 96.0702157943882
C12 569.998 97.15330301757493
C12 599.983 98.13110514812816
C12 630.013 98.52088276434453
C12 649.987 98.7918892569869
C12 670.017 98.61784715026882
C12 699.987 98.34563127026586
C12 720.012 98.0588836880991
C12 749.995 98.153883293343
C12 770.007 98.05919583459013
C12 800.008 97.1921418785745
C12 830.013 95.30425234746097
C12 869.994 90.44334006764265
C12 900.005 82.28786507064584
C12 919.989 73.81771915223928
C12 959.989 52.108442923372706
C12 1000.013 25.955471104831936
C12 1030.002 9.41459882203296
C12 1049.996 3.9763693199448147
C12 1080.005 0.570883458069019
C12 1100.007 0.11635658962070862
C13 319.992 49.36535430084887
C13 330.006 57.15815360075347
C13 349.994 77.92733229689091
C13 370.001 78.05143374021219
C13 400.009 84.54799364884347
C13 429.983 86.7896980027547
C13 449.989 88.46615710239465
C13 469.993 90.23511505729871
C13 500.016 92.88914059031671
C13 549.99 96.18879852023622
C13 569.998 97.26563142440523
C13 599.983 98.23369975104116
C13 630.013 98.61736705872529
C13 649.987 98.88920717593196
C13 670.017 98.71194869418457
C13 699.987 98.43656356508697
C13 720.012 98.1437497618944
C13 749.995 98.2363961373874
C13 770.007 98.14019149730576
C13 800.008 97.26442547242682
C13 830.013 95.37090990628619
C13 869.994 90.5047055877967
C13 900.005 82.31700856177899
C13 919.989 73.85590827299738
C13 959.989 52.188908907677096
C13 1000.013 25.97939423395087
C13 1030.002 9.438486014574142
C13 1049.996 3.989953567476604
C13 1080.005 0.571363367694965
C13 1100.007 0.11645440406359
C14 319.992 49.891650627062866
C14 330.006 57.781678036848994
C14 349.994 78.82690238123527
C14 370.001 78.91920510750637
C14 400.009 84.99539114038846
C14 429.983 87.05138046946624
C14 449.989 88.65612665104806
C14 469.993 90.38732180082438
C14 500.016 92.9990480039289
C14 549.99 96.2598616722828
C14 569.998 97.32806783114314
C14 599.983 98.2931197680516
C14 630.013 98.6725881644086
C14 649.987 98.93976585037515
C14 670.017 98.75981720377608
C14 699.987 98.48012999127765
C14 720.012 98.18892553041391
C14 749.995 98.27029355871429
C14 770.007 98.17024737911488
C14 800.008 97.28800969268667
C14 830.013 95.38742141168325
C14 869.994 90.51187493191459
C14 900.005 82.33225689409913
C14 919.989 73.84021401027191
C14 959.989 52.221650137589336
C14 1000.013 26.076109045376654
C14 1030.002 9.439555302281626
C14 1049.996 4.00549288447601
C14 1080.005 0.5715605133236097
C14 1100.007 0.11649458598283027
C15 319.992 50.41929419784155
C15 330.006 58.40857295700059
C15 349.994 79.71269911409556
C15 370.001 79.74962529652471
C15 400.009 85.48655134239038
C15 429.983 87.38708573720454
C15 449.989 88.94649870648382
C15 469.993 90.63809306079504
C15 500.016 93.21784659561135
C15 549.99 96.46071179157906
C15 569.998 97.52001655190702
C15 599.983 98.4807058999041
C15 630.013 98.85395607022667
C15 649.987 99.11952831008017
C15 670.017 98.93586223018677
C15 699.987 98.6503419298673
C15 720.012 98.35211225923972
C15 749.995 98.43115421620287
C15 770.007 98.32457186771536
C15 800.008 97.431878146835
C15 830.013 95.52922748866177
C15 869.994 90.63501252172554
C15 900.005 82.4145453081716
C15 919.989 73.91962985102529
C15 959.989 52.24361885076213
C15 1000.013 26.139393206237102
C15 1030.002 9.433825927496619
C15 1049.996 4.009536791322187
C15 1080.005 0.5724961070948337
C15 1100.007 0.1166852772683305
C16 319.992 50.72070614786565
C16 330.006 58.77439139131091
C16 349.994 80.2617141896564
C16 370.001 80.27666492509721
C16 400.009 85.77640615600264
C16 429.983 87.5622679297069
C16 449.989 89.08117134255741
C16 469.993 90.74956062440766
C16 500.016 93.31185608199537
C16 549.99 96.5387940031943
C16 569.998 97.59769923749106
C16 599.983 98.55616307326461
C16 630.013 98.93196119544174
C16 649.987 99.19653626815985
C16 670.017 99.01148753228598
C16 699.987 98.72159110908767
C16 720.012 98.42264959124735
C16 749.995 98.49398846061365
C16 770.007 98.38263757365175
C16 800.008 97.4881536764031
C16 830.013 95.57564159690045
C16 869.994 90.70369593293121
C16 900.005 82.47174975163225
C16 919.989 73.9658361180288
C16 959.989 52.32460061904174
C16 1000.013 26.19952306086425
C16 1030.002 9.431370039989394
C16 1049.996 4.020113418404726
C16 1080.005 0.5728615568027305
C16 1100.007 0.11675976266651072
C17 319.992 51.10070055989841
C17 330.006 59.21313621831432
C17 349.994 80.86880947658774
C17 370.001 80.82615778281418
C17 400.009 86.06127183584007
C17 429.983 87.74071110599805
C17 449.989 89.22453228842895
C17 469.993 90.87021718764206
C17 500.016 93.40997670307182
C17 549.99 96.61693798871111
C17 569.998 97.67253337781219
C17 599.983 98.62392950834662
C17 630.013 98.99263098964943
C17 649.987 99.25108743300889
C17 670.017 99.06508020531292
C17 699.987 98.76928836924937
C17 720.012 98.46873057725561
C17 749.995 98.53211331000291
C17 770.007 98.41897273593273
C17 800.008 97.51361427104446
C17 830.013 95.6023218689167
C17 869.994 90.76103504935493
C17 900.005 82.54489071279663
C17 919.989 73.9425856382954
C17 959.989 52.32798637242189
C17 1000.013 26.335705950623172
C17 1030.002 9.459032551584434
C17 1049.996 4.033312294858094
C17 1080.005 0.5730832932247514
C17 1100.007 0.11680495664348864
