lsstCam/transmission_sensor/r32_s02/19700101T000000.ecsv
# %ECSV 1.0
# ---
# datatype:
# - {name: amp_name, datatype: string}
# - {name: wavelength, unit: nm, datatype: float32}
# - {name: efficiency, unit: '%', datatype: float64}
# meta: !!omap
# - {MODE: AMP}
# - {TYPE: transmission_sensor}
# - {CALIBDATE: '1970-01-01T00:00:00'}
# - {INSTRUME: LSSTCAM}
# - {OBSTYPE: transmission_sensor}
# - {DETECTOR: 137}
# - {PARQUETFILE: qe_raft_allvalues_nircorrected_20230725.parquet}
# - {CALIBCLS: lsst.ip.isr.IntermediateSensorTransmissionCurve}
# - {CALIB_ID: 'raftName=R32 detectorName=S02 detector=137 calibDate=1970-01-01T00:00:00 ccd=137 ccdnum=137 filter=None'}
# - {DATE: '2023-08-02T16:57:55.977391'}
# - {CALIB_CREATION_DATE: '2023-08-02'}
# - {CALIB_CREATION_TIME: '16:57:55'}
# - __serialized_columns__:
#     efficiency:
#       __class__: astropy.units.quantity.Quantity
#       unit: !astropy.units.Unit {unit: '%'}
#       value: !astropy.table.SerializedColumn {name: efficiency}
#     wavelength:
#       __class__: astropy.units.quantity.Quantity
#       unit: !astropy.units.Unit {unit: nm}
#       value: !astropy.table.SerializedColumn {name: wavelength}
# schema: astropy-2.0
amp_name wavelength efficiency
C00 319.992 55.30349349975586
C00 330.006 57.66322708129883
C00 349.994 76.80116271972656
C00 370.001 78.3004379272461
C00 400.009 83.27306365966797
C00 429.983 85.83495330810547
C00 449.989 87.28462982177734
C00 469.993 88.75596618652344
C00 500.016 91.23318481445312
C00 549.99 94.17601013183594
C00 569.998 95.24412536621094
C00 599.983 96.26493835449219
C00 630.013 96.45249938964844
C00 649.987 96.7959976196289
C00 670.017 96.7243881225586
C00 699.987 96.54981994628906
C00 720.012 95.8987045288086
C00 749.995 95.2241439819336
C00 770.007 94.65074920654297
C00 800.008 93.6834945678711
C00 830.013 91.99028015136719
C00 869.994 87.58332061767578
C00 900.005 80.48653411865234
C00 919.989 73.94561767578125
C00 959.989 53.71433639526367
C00 1000.013 27.610158920288086
C00 1030.002 11.611621856689453
C00 1049.996 5.709706783294678
C00 1080.005 0.6601415363225467
C00 1100.007 0.08979981995852555
C01 319.992 55.76329803466797
C01 330.006 58.148216247558594
C01 349.994 77.53094482421875
C01 370.001 79.0817642211914
C01 400.009 83.64533233642578
C01 429.983 86.01643371582031
C01 449.989 87.39244842529297
C01 469.993 88.81836700439453
C01 500.016 91.24890899658203
C01 549.99 94.1515884399414
C01 569.998 95.21688842773438
C01 599.983 96.23448944091797
C01 630.013 96.42256927490234
C01 649.987 96.76509094238281
C01 670.017 96.69528198242188
C01 699.987 96.52748107910156
C01 720.012 95.87493896484375
C01 749.995 95.20275115966797
C01 770.007 94.63365936279297
C01 800.008 93.661376953125
C01 830.013 91.97024536132812
C01 869.994 87.50816345214844
C01 900.005 80.43307495117188
C01 919.989 73.88013458251953
C01 959.989 53.5724983215332
C01 1000.013 27.536834716796875
C01 1030.002 11.526347160339355
C01 1049.996 5.676473140716553
C01 1080.005 0.659993235117725
C01 1100.007 0.08977964637337772
C02 319.992 56.369571685791016
C02 330.006 58.78825759887695
C02 349.994 78.427734375
C02 370.001 79.97354125976562
C02 400.009 84.17424774169922
C02 429.983 86.39080810546875
C02 449.989 87.7191162109375
C02 469.993 89.1103744506836
C02 500.016 91.51071166992188
C02 549.99 94.38824462890625
C02 569.998 95.44891357421875
C02 599.983 96.46209716796875
C02 630.013 96.64437103271484
C02 649.987 96.98506927490234
C02 670.017 96.90899658203125
C02 699.987 96.73808288574219
C02 720.012 96.07953643798828
C02 749.995 95.40003204345703
C02 770.007 94.82524108886719
C02 800.008 93.84619903564453
C02 830.013 92.1453628540039
C02 869.994 87.65313720703125
C02 900.005 80.54971313476562
C02 919.989 73.964599609375
C02 959.989 53.685245513916016
C02 1000.013 27.682172775268555
C02 1030.002 11.563815116882324
C02 1049.996 5.676935195922852
C02 1080.005 0.6613608778161194
C02 1100.007 0.08996568839819497
C03 319.992 56.72929763793945
C03 330.006 59.178932189941406
C03 349.994 79.02640533447266
C03 370.001 80.59246826171875
C03 400.009 84.5411605834961
C03 429.983 86.6412124633789
C03 449.989 87.92669677734375
C03 469.993 89.29127502441406
C03 500.016 91.6728286743164
C03 549.99 94.53448486328125
C03 569.998 95.59508514404297
C03 599.983 96.60836029052734
C03 630.013 96.79105377197266
C03 649.987 97.13368225097656
C03 670.017 97.0577392578125
C03 699.987 96.88243865966797
C03 720.012 96.22315979003906
C03 749.995 95.54312133789062
C03 770.007 94.96957397460938
C03 800.008 93.98221588134766
C03 830.013 92.28254699707031
C03 869.994 87.80780029296875
C03 900.005 80.69601440429688
C03 919.989 74.05723571777344
C03 959.989 53.83395004272461
C03 1000.013 27.771387100219727
C03 1030.002 11.552831649780273
C03 1049.996 5.710849285125732
C03 1080.005 0.6623528464586695
C03 1100.007 0.09010062704483995
C04 319.992 56.972511291503906
C04 330.006 59.45515060424805
C04 349.994 79.49407196044922
C04 370.001 81.09950256347656
C04 400.009 84.76988983154297
C04 429.983 86.74114990234375
C04 449.989 87.98350524902344
C04 469.993 89.31365966796875
C04 500.016 91.671142578125
C04 549.99 94.52082061767578
C04 569.998 95.58183288574219
C04 599.983 96.59529876708984
C04 630.013 96.777587890625
C04 649.987 97.12310791015625
C04 670.017 97.05123901367188
C04 699.987 96.87885284423828
C04 720.012 96.2189712524414
C04 749.995 95.53462219238281
C04 770.007 94.95834350585938
C04 800.008 93.97390747070312
C04 830.013 92.27886962890625
C04 869.994 87.83199310302734
C04 900.005 80.72547149658203
C04 919.989 74.07073974609375
C04 959.989 53.88047409057617
C04 1000.013 27.93018913269043
C04 1030.002 11.604576110839844
C04 1049.996 5.7172136306762695
C04 1080.005 0.6622939210896635
C04 1100.007 0.0900926113584506
C05 319.992 57.47572326660156
C05 330.006 59.97462844848633
C05 349.994 80.15058898925781
C05 370.001 81.70466613769531
C05 400.009 85.15950775146484
C05 429.983 87.04198455810547
C05 449.989 88.24996185302734
C05 469.993 89.56791687011719
C05 500.016 91.89768981933594
C05 549.99 94.72694396972656
C05 569.998 95.77897644042969
C05 599.983 96.7797622680664
C05 630.013 96.95629119873047
C05 649.987 97.28840637207031
C05 670.017 97.21138000488281
C05 699.987 97.02922821044922
C05 720.012 96.35802459716797
C05 749.995 95.66485595703125
C05 770.007 95.08367919921875
C05 800.008 94.0850830078125
C05 830.013 92.3765869140625
C05 869.994 87.93891143798828
C05 900.005 80.79510498046875
C05 919.989 74.0951919555664
C05 959.989 54.00992965698242
C05 1000.013 28.00836181640625
C05 1030.002 11.630319595336914
C05 1049.996 5.734034538269043
C05 1080.005 0.6631967584723973
C05 1100.007 0.09021542537629439
C06 319.992 57.70234680175781
C06 330.006 60.22709274291992
C06 349.994 80.552978515625
C06 370.001 82.12469482421875
C06 400.009 85.41356658935547
C06 429.983 87.21627807617188
C06 449.989 88.39986419677734
C06 469.993 89.69495391845703
C06 500.016 92.01576232910156
C06 549.99 94.8340072631836
C06 569.998 95.88410949707031
C06 599.983 96.89140319824219
C06 630.013 97.06610107421875
C06 649.987 97.40058898925781
C06 670.017 97.32378387451172
C06 699.987 97.13581085205078
C06 720.012 96.46314239501953
C06 749.995 95.75936889648438
C06 770.007 95.17171478271484
C06 800.008 94.16143798828125
C06 830.013 92.4521484375
C06 869.994 87.9995346069336
C06 900.005 80.83497619628906
C06 919.989 74.07146453857422
C06 959.989 54.077823638916016
C06 1000.013 27.9705753326416
C06 1030.002 11.63001823425293
C06 1049.996 5.753999710083008
C06 1080.005 0.6638519584728614
C06 1100.007 0.09030455299339034
C07 319.992 58.021793365478516
C07 330.006 60.57667922973633
C07 349.994 81.10098266601562
C07 370.001 82.68895721435547
C07 400.009 85.78025817871094
C07 429.983 87.50150299072266
C07 449.989 88.65701293945312
C07 469.993 89.93550109863281
C07 500.016 92.24481201171875
C07 549.99 95.06098937988281
C07 569.998 96.1126937866211
C07 599.983 97.11860656738281
C07 630.013 97.29954528808594
C07 649.987 97.63630676269531
C07 670.017 97.55551147460938
C07 699.987 97.37005615234375
C07 720.012 96.69824981689453
C07 749.995 95.98887634277344
C07 770.007 95.39717864990234
C07 800.008 94.37408447265625
C07 830.013 92.6523208618164
C07 869.994 88.20003509521484
C07 900.005 81.01283264160156
C07 919.989 74.12895202636719
C07 959.989 54.17153549194336
C07 1000.013 28.079557418823242
C07 1030.002 11.764458656311035
C07 1049.996 5.799412727355957
C07 1080.005 0.6654430145629262
C07 1100.007 0.09052098620137732
C10 319.992 52.587371826171875
C10 330.006 54.79267501831055
C10 349.994 72.826904296875
C10 370.001 74.52347564697266
C10 400.009 81.80279541015625
C10 429.983 85.36119079589844
C10 449.989 87.17208862304688
C10 469.993 88.8808822631836
C10 500.016 91.58865356445312
C10 549.99 94.73081970214844
C10 569.998 95.85367584228516
C10 599.983 96.9218521118164
C10 630.013 97.14179229736328
C10 649.987 97.49947357177734
C10 670.017 97.43795013427734
C10 699.987 97.2758560180664
C10 720.012 96.6247329711914
C10 749.995 95.94678497314453
C10 770.007 95.38080596923828
C10 800.008 94.40830993652344
C10 830.013 92.7136001586914
C10 869.994 88.29975891113281
C10 900.005 81.3294677734375
C10 919.989 74.51441192626953
C10 959.989 53.998191833496094
C10 1000.013 27.74226188659668
C10 1030.002 11.6875581741333
C10 1049.996 5.760141849517822
C10 1080.005 0.6651512560205397
C10 1100.007 0.09048129794797088
C11 319.992 53.6714973449707
C11 330.006 55.93186569213867
C11 349.994 74.42920684814453
C11 370.001 76.1211166381836
C11 400.009 82.59234619140625
C11 429.983 85.79476165771484
C11 449.989 87.4793701171875
C11 469.993 89.09966278076172
C11 500.016 91.72525024414062
C11 549.99 94.796875
C11 569.998 95.9071273803711
C11 599.983 96.95997619628906
C11 630.013 97.1769027709961
C11 649.987 97.53076934814453
C11 670.017 97.46183776855469
C11 699.987 97.30289459228516
C11 720.012 96.64717102050781
C11 749.995 95.97457885742188
C11 770.007 95.40538024902344
C11 800.008 94.4281997680664
C11 830.013 92.72856903076172
C11 869.994 88.27395629882812
C11 900.005 81.2207260131836
C11 919.989 74.46062469482422
C11 959.989 54.00733184814453
C11 1000.013 27.857345581054688
C11 1030.002 11.660049438476562
C11 1049.996 5.727766513824463
C11 1080.005 0.665343938705456
C11 1100.007 0.09050750879740631
C12 319.992 54.64439010620117
C12 330.006 56.95188903808594
C12 349.994 75.77742767333984
C12 370.001 77.38941955566406
C12 400.009 83.25282287597656
C12 429.983 86.1899185180664
C12 449.989 87.77601623535156
C12 469.993 89.3382568359375
C12 500.016 91.90289306640625
C12 549.99 94.92132568359375
C12 569.998 96.01760864257812
C12 599.983 97.05633544921875
C12 630.013 97.25579833984375
C12 649.987 97.60184478759766
C12 670.017 97.52983093261719
C12 699.987 97.35812377929688
C12 720.012 96.69631958007812
C12 749.995 96.01091766357422
C12 770.007 95.43354034423828
C12 800.008 94.44949340820312
C12 830.013 92.74148559570312
C12 869.994 88.25850677490234
C12 900.005 81.19147491455078
C12 919.989 74.53260040283203
C12 959.989 53.954586029052734
C12 1000.013 27.74836540222168
C12 1030.002 11.62939453125
C12 1049.996 5.71228551864624
C12 1080.005 0.6655958431186031
C12 1100.007 0.09054177564732062
C13 319.992 55.351715087890625
C13 330.006 57.704654693603516
C13 349.994 76.835205078125
C13 370.001 78.42300415039062
C13 400.009 83.78055572509766
C13 429.983 86.50061798095703
C13 449.989 88.01604461669922
C13 469.993 89.52932739257812
C13 500.016 92.05228424072266
C13 549.99 95.03849029541016
C13 569.998 96.12862396240234
C13 599.983 97.15780639648438
C13 630.013 97.35104370117188
C13 649.987 97.69799041748047
C13 670.017 97.62289428710938
C13 699.987 97.4481430053711
C13 720.012 96.7800064086914
C13 749.995 96.09162902832031
C13 770.007 95.51236724853516
C13 800.008 94.51973724365234
C13 830.013 92.80635070800781
C13 869.994 88.31838989257812
C13 900.005 81.22023010253906
C13 919.989 74.57115936279297
C13 959.989 54.03790283203125
C13 1000.013 27.773941040039062
C13 1030.002 11.65890121459961
C13 1049.996 5.731800079345703
C13 1080.005 0.6661553721215676
C13 1100.007 0.09061788902750222
C14 319.992 55.94183349609375
C14 330.006 58.33414077758789
C14 349.994 77.72216796875
C14 370.001 79.29490661621094
C14 400.009 84.22389221191406
C14 429.983 86.76142883300781
C14 449.989 88.20504760742188
C14 469.993 89.68034362792969
C14 500.016 92.16120147705078
C14 549.99 95.10870361328125
C14 569.998 96.1903305053711
C14 599.983 97.2165756225586
C14 630.013 97.40555572509766
C14 649.987 97.74794006347656
C14 670.017 97.67023468017578
C14 699.987 97.49127197265625
C14 720.012 96.82455444335938
C14 749.995 96.12478637695312
C14 770.007 95.54161834716797
C14 800.008 94.54265594482422
C14 830.013 92.82241821289062
C14 869.994 88.32538604736328
C14 900.005 81.23527526855469
C14 919.989 74.55531311035156
C14 959.989 54.07180404663086
C14 1000.013 27.877336502075195
C14 1030.002 11.660222053527832
C14 1049.996 5.754123210906982
C14 1080.005 0.6663852251836248
C14 1100.007 0.09064915620651451
C15 319.992 56.53346252441406
C15 330.006 58.9670295715332
C15 349.994 78.59555053710938
C15 370.001 80.12928009033203
C15 400.009 84.7105941772461
C15 429.983 87.09601593017578
C15 449.989 88.49394226074219
C15 469.993 89.92915344238281
C15 500.016 92.3780288696289
C15 549.99 95.3071517944336
C15 569.998 96.38003540039062
C15 599.983 97.40210723876953
C15 630.013 97.5845947265625
C15 649.987 97.925537109375
C15 670.017 97.8443374633789
C15 699.987 97.65977478027344
C15 720.012 96.9854736328125
C15 749.995 96.28213500976562
C15 770.007 95.69181060791016
C15 800.008 94.68246459960938
C15 830.013 92.96041107177734
C15 869.994 88.44554901123047
C15 900.005 81.31646728515625
C15 919.989 74.635498046875
C15 959.989 54.09455108642578
C15 1000.013 27.944992065429688
C15 1030.002 11.653144836425781
C15 1049.996 5.759932518005371
C15 1080.005 0.6674760385820032
C15 1100.007 0.09079754082010573
C16 319.992 56.87142562866211
C16 330.006 59.33634567260742
C16 349.994 79.13687133789062
C16 370.001 80.65882873535156
C16 400.009 84.99781799316406
C16 429.983 87.27061462402344
C16 449.989 88.6279296875
C16 469.993 90.03974914550781
C16 500.016 92.47119140625
C16 549.99 95.3843002319336
C16 569.998 96.4568099975586
C16 599.983 97.47673797607422
C16 630.013 97.6615982055664
C16 649.987 98.00161743164062
C16 670.017 97.91912841796875
C16 699.987 97.73030853271484
C16 720.012 97.0550308227539
C16 749.995 96.34359741210938
C16 770.007 95.74832153320312
C16 800.008 94.73715209960938
C16 830.013 93.00557708740234
C16 869.994 88.5125732421875
C16 900.005 81.37290954589844
C16 919.989 74.6821517944336
C16 959.989 54.178401947021484
C16 1000.013 28.009275436401367
C16 1030.002 11.650111198425293
C16 1049.996 5.7751264572143555
C16 1080.005 0.6679021182012443
C16 1100.007 0.09085550092561431
C17 319.992 57.29750061035156
C17 330.006 59.7792854309082
C17 349.994 79.73545837402344
C17 370.001 81.2109375
C17 400.009 85.28009796142578
C17 429.983 87.4484634399414
C17 449.989 88.77056121826172
C17 469.993 90.15946197509766
C17 500.016 92.56842803955078
C17 549.99 95.46150970458984
C17 569.998 96.53076934814453
C17 599.983 97.54376220703125
C17 630.013 97.72148895263672
C17 649.987 98.05551147460938
C17 670.017 97.97212982177734
C17 699.987 97.77752685546875
C17 720.012 97.10047149658203
C17 749.995 96.38088989257812
C17 770.007 95.78368377685547
C17 800.008 94.76189422607422
C17 830.013 93.03153991699219
C17 869.994 88.56852722167969
C17 900.005 81.44507598876953
C17 919.989 74.65867614746094
C17 959.989 54.181907653808594
C17 1000.013 28.154865264892578
C17 1030.002 11.684281349182129
C17 1049.996 5.7940874099731445
C17 1080.005 0.6681606417907424
C17 1100.007 0.090890668189776
