lsstcam/transmission_sensor/r32_s02/19700101T000000.ecsv
# %ECSV 0.9
# ---
# datatype:
# - {name: amp_name, datatype: string}
# - {name: wavelength, unit: nm, datatype: float32}
# - {name: efficiency, unit: '%', datatype: float32}
# meta: !!omap
# - {MODE: AMP}
# - {TYPE: transmission_sensor}
# - {CALIBDATE: '1970-01-01T00:00:00'}
# - {INSTRUME: LSSTCAM}
# - {OBSTYPE: transmission_sensor}
# - {DETECTOR: 137}
# - {CALIBCLS: lsst.ip.isr.IntermediateSensorTransmissionCurve}
# - {PICKLEFILE: RaftRun12002.p}
# - {CALIB_ID: 'raftName=R32 detectorName=S02 detector=137 calibDate=1970-01-01T00:00:00 ccd=137 ccdnum=137 filter=None'}
# - {DATE: '2020-07-23T19:16:16.581482'}
# - {CALIB_CREATION_DATE: '2020-07-23'}
# - {CALIB_CREATION_TIME: '19:16:16'}
# - __serialized_columns__:
#     efficiency:
#       __class__: astropy.units.quantity.Quantity
#       unit: !astropy.units.Unit {unit: '%'}
#       value: !astropy.table.SerializedColumn {name: efficiency}
#     wavelength:
#       __class__: astropy.units.quantity.Quantity
#       unit: !astropy.units.Unit {unit: nm}
#       value: !astropy.table.SerializedColumn {name: wavelength}
# schema: astropy-2.0
amp_name wavelength efficiency
C01 349.982 76.901306
C01 450.035 85.85286
C01 500.018 90.50568
C01 619.997 97.66698
C01 750.022 96.22824
C01 869.967 89.73666
C01 999.976 30.325506
C04 349.982 78.34737
C04 450.035 86.04051
C04 500.018 90.51644
C04 619.997 97.591
C04 750.022 96.40687
C04 869.967 90.11749
C04 999.976 30.642618
C17 349.982 78.15352
C17 450.035 86.28988
C17 500.018 90.86553
C17 619.997 97.97883
C17 750.022 96.09853
C17 869.967 89.37043
C17 999.976 30.33962
C11 349.982 74.09311
C11 450.035 85.77149
C11 500.018 90.76741
C11 619.997 98.16846
C11 750.022 96.032265
C11 869.967 89.135895
C11 999.976 30.295275
C07 349.982 79.23122
C07 450.035 86.11914
C07 500.018 90.49887
C07 619.997 97.516846
C07 750.022 96.2491
C07 869.967 89.85744
C07 999.976 30.558226
C06 349.982 78.97365
C06 450.035 86.11992
C06 500.018 90.52947
C06 619.997 97.55886
C06 750.022 96.39316
C06 869.967 90.09836
C06 999.976 30.619732
C15 349.982 77.25478
C15 450.035 86.121124
C15 500.018 90.769455
C15 619.997 97.927246
C15 750.022 96.15461
C15 869.967 89.45527
C15 999.976 30.3294
C05 349.982 78.76743
C05 450.035 86.130844
C05 500.018 90.568214
C05 619.997 97.606346
C05 750.022 96.44873
C05 869.967 90.18885
C05 999.976 30.677124
C03 349.982 77.97809
C03 450.035 86.06432
C03 500.018 90.60497
C03 619.997 97.7075
C03 750.022 96.43611
C03 869.967 90.0722
C03 999.976 30.565552
C00 349.982 76.309364
C00 450.035 85.83962
C00 500.018 90.58288
C00 619.997 97.79698
C00 750.022 96.26598
C00 869.967 89.72505
C00 999.976 30.378277
C13 349.982 75.78827
C13 450.035 85.77246
C13 500.018 90.560036
C13 619.997 97.79565
C13 750.022 95.85377
C13 869.967 89.067085
C13 999.976 30.144005
C02 349.982 77.56248
C02 450.035 85.99747
C02 500.018 90.5888
C02 619.997 97.71138
C02 750.022 96.34483
C02 869.967 89.90757
C02 999.976 30.409328
C12 349.982 75.254456
C12 450.035 85.99973
C12 500.018 90.890686
C12 619.997 98.21
C12 750.022 96.147995
C12 869.967 89.27136
C12 999.976 30.197805
C10 349.982 72.60856
C10 450.035 85.44656
C10 500.018 90.59409
C10 619.997 98.08496
C10 750.022 95.8594
C10 869.967 88.96375
C10 999.976 30.180387
C16 349.982 77.70205
C16 450.035 86.21349
C16 500.018 90.81853
C16 619.997 97.96104
C16 750.022 96.202644
C16 869.967 89.519455
C16 999.976 30.335733
C14 349.982 76.67925
C14 450.035 86.06185
C14 500.018 90.782745
C14 619.997 97.99256
C14 750.022 96.14779
C14 869.967 89.3975
C14 999.976 30.344606
