lsstCam/transmission_sensor/r32_s02/19700101T000000.ecsv
# %ECSV 1.0
# ---
# datatype:
# - {name: amp_name, datatype: string}
# - {name: wavelength, unit: nm, datatype: float32}
# - {name: efficiency, unit: '%', datatype: float64}
# meta: !!omap
# - {MODE: AMP}
# - {TYPE: transmission_sensor}
# - {CALIBDATE: '1970-01-01T00:00:00'}
# - {INSTRUME: LSSTCam}
# - {OBSTYPE: transmission_sensor}
# - {DETECTOR: 137}
# - {PARQUETFILE: qe_raft_allvalues_nircorrected_20230725_adjust.parquet}
# - {CORRFILE: qe_corr_factor_bydetnum.parquet}
# - {CALIBCLS: lsst.ip.isr.IntermediateSensorTransmissionCurve}
# - {CALIB_ID: 'raftName=R32 detectorName=S02 detector=137 calibDate=1970-01-01T00:00:00 ccd=137 ccdnum=137 filter=None'}
# - {DATE: '2025-03-03T21:56:48.154601'}
# - {CALIB_CREATION_DATE: '2025-03-03'}
# - {CALIB_CREATION_TIME: '21:56:48'}
# - __serialized_columns__:
#     efficiency:
#       __class__: astropy.units.quantity.Quantity
#       unit: !astropy.units.Unit {unit: '%'}
#       value: !astropy.table.SerializedColumn {name: efficiency}
#     wavelength:
#       __class__: astropy.units.quantity.Quantity
#       unit: !astropy.units.Unit {unit: nm}
#       value: !astropy.table.SerializedColumn {name: wavelength}
# schema: astropy-2.0
amp_name wavelength efficiency
C00 319.992 55.22031893561949
C00 330.006 57.57650355850357
C00 349.994 76.68565639580133
C00 370.001 78.18267674464893
C00 400.009 83.14782381791686
C00 429.983 85.70586047187987
C00 449.989 87.15335672162026
C00 469.993 88.6224802467591
C00 500.016 91.09597322253536
C00 549.99 94.0343726312167
C00 569.998 95.10088145678378
C00 599.983 96.12015917721861
C00 630.013 96.30743812698819
C00 649.987 96.65041974737038
C00 670.017 96.57891794853629
C00 699.987 96.40461231683771
C00 720.012 95.7544761546922
C00 749.995 95.0809301238255
C00 770.007 94.50839771458035
C00 800.008 93.54259779382754
C00 830.013 91.85192991393768
C00 869.994 87.4515982967699
C00 900.005 80.36548512209671
C00 919.989 73.8344059940092
C00 959.989 53.633551869100415
C00 1000.013 27.56863418489427
C00 1030.002 11.594158374263143
C00 1049.996 5.701119579431162
C00 1080.005 0.6591487060133333
C00 1100.007 0.08966476409836352
C01 319.992 55.67943194022566
C01 330.006 58.06076331763258
C01 349.994 77.41434093294986
C01 370.001 78.96282795055126
C01 400.009 83.51953261530771
C01 429.983 85.8870679392639
C01 449.989 87.26101316964106
C01 469.993 88.68478721593276
C01 500.016 91.11167375603175
C01 549.99 94.00998766871213
C01 569.998 95.07368548173181
C01 599.983 96.08975605776976
C01 630.013 96.27755302611176
C01 649.987 96.61955955271058
C01 670.017 96.54985558303959
C01 699.987 96.382307046543
C01 720.012 95.73074633332334
C01 749.995 95.05956947563342
C01 770.007 94.49133357337128
C01 800.008 93.5205134432181
C01 830.013 91.83192525553811
C01 869.994 87.37655416505089
C01 900.005 80.31210635537708
C01 919.989 73.76902138508176
C01 959.989 53.491927114985295
C01 1000.013 27.495420258499138
C01 1030.002 11.509011928141955
C01 1049.996 5.667935919115661
C01 1080.005 0.6590006278484553
C01 1100.007 0.08964462085359828
C02 319.992 56.284793776497814
C02 330.006 58.69984206863301
C02 349.994 78.30978174289598
C02 370.001 79.85326378693739
C02 400.009 84.04765254988817
C02 429.983 86.26087928262517
C02 449.989 87.58718965810039
C02 469.993 88.97635549300243
C02 500.016 91.37308268709842
C02 549.99 94.24628793485688
C02 569.998 95.30536167032572
C02 599.983 96.31702147057793
C02 630.013 96.49902120166095
C02 649.987 96.83920704533612
C02 670.017 96.7632487631952
C02 699.987 96.5925921152641
C02 720.012 95.9350360988607
C02 749.995 95.25655365571566
C02 770.007 94.6826271670771
C02 800.008 93.70505755964213
C02 830.013 92.00677937748983
C02 869.994 87.52130988436107
C02 900.005 80.42856911912901
C02 919.989 73.85335937942357
C02 959.989 53.60450473944408
C02 1000.013 27.64053973349804
C02 1030.002 11.546423534158812
C02 1049.996 5.668397279406721
C02 1080.005 0.6603662136589727
C02 1100.007 0.08983038307756849
C03 319.992 56.64397871310844
C03 330.006 59.089929098464445
C03 349.994 78.90755232170615
C03 370.001 80.47125994383242
C03 400.009 84.41401356731083
C03 429.983 86.510907040939
C03 449.989 87.79445803042917
C03 469.993 89.15698399845257
C03 500.016 91.53495587305896
C03 549.99 94.39230822891737
C03 569.998 95.45131340310458
C03 599.983 96.46306461839897
C03 630.013 96.64548333509204
C03 649.987 96.98759651257342
C03 670.017 96.9117677350756
C03 699.987 96.73673078303949
C03 720.012 96.07844344629856
C03 749.995 95.39942774874073
C03 770.007 94.82674298109194
C03 800.008 93.84086984065792
C03 830.013 92.14375720029356
C03 869.994 87.67574036230319
C03 900.005 80.57465035655098
C03 919.989 73.94585616628096
C03 959.989 53.75298562172357
C03 1000.013 27.729619883153532
C03 1030.002 11.535456585815904
C03 1049.996 5.70226036297851
C03 1080.005 0.6613566904145866
C03 1100.007 0.08996511878110068
C04 319.992 56.886826581650155
C04 330.006 59.36573208971619
C04 349.994 79.37451559306052
C04 370.001 80.97753168332912
C04 400.009 84.64239881438584
C04 429.983 86.61069417741118
C04 449.989 87.85118106410897
C04 469.993 89.1793349762684
C04 500.016 91.5332723126986
C04 549.99 94.3786645338703
C04 569.998 95.43808107574736
C04 599.983 96.45002273904632
C04 630.013 96.63203770596971
C04 649.987 96.9770380752003
C04 670.017 96.90527726708
C04 699.987 96.73315036055365
C04 720.012 96.07426120811832
C04 749.995 95.3909413856573
C04 770.007 94.81552940258312
C04 800.008 93.83257392557904
C04 830.013 92.14008536276555
C04 869.994 87.69989678720228
C04 900.005 80.60406314637608
C04 919.989 73.9593398850042
C04 959.989 53.7994396989972
C04 1000.013 27.88818308279472
C04 1030.002 11.587123224974492
C04 1049.996 5.708615136770851
C04 1080.005 0.6612978536673216
C04 1100.007 0.08995711515002972
C05 319.992 57.389281743135356
C05 330.006 59.88442865703074
C05 349.994 80.03004524269532
C05 370.001 81.5817851122147
C05 400.009 85.03143076227198
C05 429.983 86.91107638813214
C05 449.989 88.11723692648705
C05 469.993 89.43320978427445
C05 500.016 91.75947883460138
C05 549.99 94.5844778834442
C05 569.998 95.63492813326631
C05 599.983 96.63420881322176
C05 630.013 96.81047225040727
C05 649.987 97.142087933877
C05 670.017 97.06517741171324
C05 699.987 96.88329956735313
C05 720.012 96.21310542136678
C05 749.995 95.52097928317465
C05 770.007 94.94067659534323
C05 800.008 93.9435822584802
C05 830.013 92.23765568446456
C05 869.994 87.80665432064154
C05 900.005 80.67359190388287
C05 919.989 73.9837553191895
C05 959.989 53.92870056865593
C05 1000.013 27.96623819746591
C05 1030.002 11.612827992150706
C05 1049.996 5.725410746293487
C05 1080.005 0.6621993332134878
C05 1100.007 0.09007974445978803
C06 319.992 57.615564444239965
C06 330.006 60.136513253793886
C06 349.994 80.43182958896718
C06 370.001 82.00118208994877
C06 400.009 85.28510750435329
C06 429.983 87.08510777470414
C06 449.989 88.26691382223521
C06 469.993 89.56005577323529
C06 500.016 91.87737376734763
C06 549.99 94.69138015736694
C06 569.998 95.73990307338285
C06 599.983 96.74568183925408
C06 630.013 96.92011697559575
C06 649.987 97.25410183224226
C06 670.017 97.1774122297638
C06 699.987 96.98972191230436
C06 720.012 96.31806512564295
C06 749.995 95.61535007839697
C06 770.007 95.02857977633052
C06 800.008 94.01982240366789
C06 830.013 92.31310356595326
C06 869.994 87.86718631441266
C06 900.005 80.71340315475724
C06 919.989 73.96006358742154
C06 959.989 53.99649244036108
C06 1000.013 27.928508543281428
C06 1030.002 11.612527084303492
C06 1049.996 5.745345891171386
C06 1080.005 0.6628535478155437
C06 1100.007 0.09016873803199395
C07 319.992 57.93453057124644
C07 330.006 60.48557397448181
C07 349.994 80.97900955984456
C07 370.001 82.56459584873531
C07 400.009 85.65124760209065
C07 429.983 87.36990372073146
C07 449.989 88.52367582199048
C07 469.993 89.80024117867319
C07 500.016 92.10607896707032
C07 549.99 94.91802090072012
C07 569.998 95.96814357997438
C07 599.983 96.97254350229255
C07 630.013 97.15321009734362
C07 649.987 97.48946509420455
C07 670.017 97.40879131947058
C07 699.987 97.2236149156714
C07 720.012 96.55281895399062
C07 749.995 95.84451235333061
C07 770.007 95.25370455356736
C07 800.008 94.23214907499793
C07 830.013 92.5129749377847
C07 869.994 88.06738525681197
C07 900.005 80.89099211005454
C07 919.989 74.0174646159976
C07 959.989 54.090063353964226
C07 1000.013 28.037326724130093
C07 1030.002 11.746765312561543
C07 1049.996 5.79069060881842
C07 1080.005 0.664442211011626
C07 1100.007 0.09038484573183307
C10 319.992 52.50828221620468
C10 330.006 54.71026870771222
C10 349.994 72.71737512179097
C10 370.001 74.41139488656117
C10 400.009 81.67976680160359
C10 429.983 85.2328104822996
C10 449.989 87.04098478100639
C10 469.993 88.74720845390917
C10 500.016 91.4509073596841
C10 549.99 94.58834778689697
C10 569.998 95.70951518977436
C10 599.983 96.77608495870291
C10 630.013 96.99569436172754
C10 649.987 97.35283769572922
C10 670.017 97.29140678737656
C10 699.987 97.12955645517657
C10 720.012 96.47941267511088
C10 749.995 95.80248428768309
C10 770.007 95.23735649685545
C10 800.008 94.26632306493717
C10 830.013 92.57416207269152
C10 869.994 88.16695909151902
C10 900.005 81.2071510334737
C10 919.989 74.40234479738422
C10 959.989 53.91698039845496
C10 1000.013 27.700538472856373
C10 1030.002 11.669980486080805
C10 1049.996 5.751478793038408
C10 1080.005 0.664150891264116
C10 1100.007 0.09034521716820335
C11 319.992 53.59077724727499
C11 330.006 55.847746077700606
C11 349.994 74.3172678647847
C11 370.001 76.00663308032331
C11 400.009 82.46813012546278
C11 429.983 85.66572926835782
C11 449.989 87.34780413428167
C11 469.993 88.96565993306604
C11 500.016 91.58729860263375
C11 549.99 94.65430373983811
C11 569.998 95.76288633857382
C11 599.983 96.81415170585548
C11 630.013 97.03075203040797
C11 649.987 97.38408640431834
C11 670.017 97.31525849546836
C11 699.987 97.15655436430379
C11 720.012 96.50181697836797
C11 749.995 95.83023637090838
C11 770.007 95.26189381776368
C11 800.008 94.28618298285328
C11 830.013 92.58910843208983
C11 869.994 88.1411952854614
C11 900.005 81.0985728171108
C11 919.989 74.34863846009674
C11 959.989 53.92610666683374
C11 1000.013 27.81544908537109
C11 1030.002 11.642513122622338
C11 1049.996 5.719152148743452
C11 1080.005 0.6643432841608594
C11 1100.007 0.09037138859741703
C12 319.992 54.56220681104277
C12 330.006 56.86623534339653
C12 349.994 75.66346101193656
C12 370.001 77.27302851356222
C12 400.009 83.12761347567236
C12 429.983 86.06029182629655
C12 449.989 87.64400410682238
C12 469.993 89.20389515093717
C12 500.016 91.76467425616593
C12 549.99 94.77856725385705
C12 569.998 95.87320144073837
C12 599.983 96.91036603776199
C12 630.013 97.10952894301646
C12 649.987 97.45505494873964
C12 670.017 97.38314940013588
C12 699.987 97.21170048850578
C12 720.012 96.55089162018443
C12 749.995 95.8665205247382
C12 770.007 95.29001156115774
C12 800.008 94.30744459808297
C12 830.013 92.60200557095901
C12 869.994 88.12576899709158
C12 900.005 81.06936571113063
C12 919.989 74.42050591909958
C12 959.989 53.87344017565118
C12 1000.013 27.70663280900247
C12 1030.002 11.611904319328563
C12 1049.996 5.7036944364528885
C12 1080.005 0.6645948097183784
C12 1100.007 0.09040560391116019
C13 319.992 55.26846800013375
C13 330.006 57.617868865095204
C13 349.994 76.7196475556562
C13 370.001 78.30505863238275
C13 400.009 83.65455263262452
C13 429.983 86.37052400781364
C13 449.989 87.88367149368786
C13 469.993 89.39467834399075
C13 500.016 91.91384075126184
C13 549.99 94.89555565410157
C13 569.998 95.9840497973157
C13 599.983 97.01168437619087
C13 630.013 97.20463105857631
C13 649.987 97.55105597888105
C13 670.017 97.4760727905235
C13 699.987 97.30158432874055
C13 720.012 96.6344525866676
C13 749.995 95.94711050235017
C13 770.007 95.3687199124846
C13 800.008 94.37758278920437
C13 830.013 92.66677312835166
C13 869.994 88.18556205260498
C13 900.005 81.09807765229893
C13 919.989 74.45900688770256
C13 959.989 53.95663167300551
C13 1000.013 27.732169981934664
C13 1030.002 11.641366625634852
C13 1049.996 5.723179647920001
C13 1080.005 0.6651534972088452
C13 1100.007 0.09048160281941929
C14 319.992 55.8576988904192
C14 330.006 58.246408223522984
C14 349.994 77.6052764844071
C14 370.001 79.17564978669317
C14 400.009 84.0972223565165
C14 429.983 86.63094260925658
C14 449.989 88.07239023037195
C14 469.993 89.54546745608558
C14 500.016 92.02259417978897
C14 549.99 94.96566337354224
C14 569.998 96.04566353575275
C14 599.983 97.0703652153576
C14 630.013 97.25906109828115
C14 649.987 97.60093050231667
C14 670.017 97.52334198525668
C14 699.987 97.3446484315329
C14 720.012 96.67893362261394
C14 749.995 95.98021798346385
C14 770.007 95.39792701846476
C14 800.008 94.40046702143296
C14 830.013 92.68281646825626
C14 869.994 88.19254768541245
C14 900.005 81.11310019089906
C14 919.989 74.44318446748325
C14 959.989 53.99048190133699
C14 1000.013 27.835409940729605
C14 1030.002 11.642685478066468
C14 1049.996 5.745469206254342
C14 1080.005 0.6653830045797526
C14 1100.007 0.09051282297366296
C15 319.992 56.44843812890081
C15 330.006 58.87834517435221
C15 349.994 78.47734551523294
C15 370.001 80.00876839162527
C15 400.009 84.5831923387265
C15 429.983 86.96502649886547
C15 449.989 88.36085039600712
C15 469.993 89.79390306908124
C15 500.016 92.23909547137907
C15 549.99 95.16381309541242
C15 569.998 96.23508312109364
C15 599.983 97.2556177983586
C15 630.013 97.43783083120674
C15 649.987 97.77826044832776
C15 670.017 97.6971829238241
C15 699.987 97.5128978166863
C15 720.012 96.8396107951058
C15 749.995 96.13732996931024
C15 770.007 95.54789339517986
C15 800.008 94.54006540877951
C15 830.013 92.82060179059935
C15 869.994 88.31252992828875
C15 900.005 81.19417009748253
C15 919.989 74.52324880860262
C15 959.989 54.01319473036148
C15 1000.013 27.902963752429052
C15 1030.002 11.635618904857065
C15 1049.996 5.751269776353397
C15 1080.005 0.6664721774320602
C15 1100.007 0.09066098442186662
C16 319.992 56.78589294819051
C16 330.006 59.2471058366324
C16 349.994 79.01785218803033
C16 370.001 80.53752061358087
C16 400.009 84.86998417984167
C16 429.983 87.13936260224477
C16 449.989 88.49463631025432
C16 469.993 89.90433244004853
C16 500.016 92.33211789472908
C16 549.99 95.2408455042991
C16 569.998 96.31174225189137
C16 599.983 97.33013629358501
C16 630.013 97.51471849960994
C16 649.987 97.85422634838886
C16 670.017 97.77186139537434
C16 699.987 97.58332548877463
C16 720.012 96.90906337341076
C16 749.995 96.19869993430144
C16 770.007 95.60431932997254
C16 800.008 94.59467066064855
C16 830.013 92.86569987808048
C16 869.994 88.37945335709308
C16 900.005 81.25052747099356
C16 919.989 74.56983239051934
C16 959.989 54.096919482128584
C16 1000.013 27.96715044340778
C16 1030.002 11.632589829344449
C16 1049.996 5.766440864397089
C16 1080.005 0.666897616242116
C16 1100.007 0.09071885735735741
C17 319.992 57.21132712766931
C17 330.006 59.68937942867488
C17 349.994 79.6155389697185
C17 370.001 81.0887990255165
C17 400.009 85.1518396086785
C17 429.983 87.31694393962188
C17 449.989 88.63705332806845
C17 469.993 90.02386522563405
C17 500.016 92.42920828745659
C17 549.99 95.31793885654723
C17 569.998 96.38559037014171
C17 599.983 97.39705972238934
C17 630.013 97.57451917304353
C17 649.987 97.9080393365589
C17 670.017 97.82478308688303
C17 699.987 97.63047279678489
C17 720.012 96.95443570601846
C17 749.995 96.2359363281541
C17 770.007 95.639628390019
C17 800.008 94.61937557580079
C17 830.013 92.89162366046193
C17 869.994 88.43532318371243
C17 900.005 81.32258537800098
C17 919.989 74.54639205011742
C17 959.989 54.1004199164525
C17 1000.013 28.11252130977271
C17 1030.002 11.666708589362369
C17 1049.996 5.78537330053095
C17 1080.005 0.6671557510209709
C17 1100.007 0.09075397173115568
