lsstCam/transmission_filter_detector/r01_s01/y_10/19700101T000000.ecsv
# %ECSV 1.0
# ---
# datatype:
# - {name: wavelength, unit: nm, datatype: float32}
# - {name: efficiency, unit: '%', datatype: float64}
# meta: !!omap
# - {MODE: DETECTOR}
# - {TYPE: transmission_filter_detector}
# - {CALIBDATE: '1970-01-01T00:00:00'}
# - {INSTRUME: LSSTCam}
# - {OBSTYPE: transmission_filter_detector}
# - {CALIBCLS: lsst.ip.isr.IntermediateFilterDetectorTransmissionCurve}
# - {SOURCE: Materion (DM-46256)}
# - {DETECTOR: 1}
# - {FILTER: y_10}
# - {CALIB_ID: 'calibDate=1970-01-01T00:00:00 filter=y_10 detector=1'}
# - {DATE: '2025-04-02T15:59:50.746105'}
# - {CALIB_CREATION_DATE: '2025-04-02'}
# - {CALIB_CREATION_TIME: '15:59:50'}
# - __serialized_columns__:
#     efficiency:
#       __class__: astropy.units.quantity.Quantity
#       unit: !astropy.units.Unit {unit: '%'}
#       value: !astropy.table.SerializedColumn {name: efficiency}
#     wavelength:
#       __class__: astropy.units.quantity.Quantity
#       unit: !astropy.units.Unit {unit: nm}
#       value: !astropy.table.SerializedColumn {name: wavelength}
# schema: astropy-2.0
wavelength efficiency
[from data line 576]
876.0 0.003585596277844161
877.0 0.002194743137806654
878.0 0.0008038903615670279
879.0 0.0016846741345943883
880.0 0.06755472859367728
881.0 0.09873621165752411
882.0 0.0730314408428967
883.0 0.10277816327288747
884.0 0.075176713289693
885.0 0.09671389125287533
886.0 0.07850661058910191
887.0 0.10178944794461131
888.0 0.06544176721945405
889.0 0.12607085518538952
890.0 0.07687339093536139
891.0 0.11974179651588202
892.0 0.06852434598840773
893.0 0.08241873001679778
894.0 0.08336189202964306
895.0 0.10522431693971157
896.0 0.08360063657164574
897.0 0.12148846872150898
898.0 0.07865726365707815
899.0 0.12788998428732157
900.0 0.0888834532815963
901.0 0.12252929154783487
902.0 0.1178785809315741
903.0 0.14908697921782732
904.0 0.15908349305391312
905.0 0.17662765458226204
906.0 0.1795187359675765
907.0 0.2212336054071784
908.0 0.2573783975094557
909.0 0.336158974096179
910.0 0.4037348087877035
911.0 0.5159309599548578
912.0 0.7180634420365095
913.0 1.0495607741177082
914.0 1.441387366503477
915.0 2.1195000037550926
916.0 3.039016015827656
917.0 4.219610244035721
918.0 5.717269331216812
919.0 7.308860868215561
920.0 9.722559154033661
921.0 12.365417927503586
922.0 14.947789907455444
923.0 17.81281977891922
924.0 20.840471982955933
925.0 24.105599522590637
926.0 28.287890553474426
927.0 33.138009905815125
928.0 37.857359647750854
929.0 43.37327182292938
930.0 48.78645837306976
931.0 54.71298098564148
932.0 61.03336811065674
933.0 67.26253628730774
934.0 72.69600033760071
935.0 77.37540006637573
936.0 81.73625469207764
937.0 85.34999489784241
938.0 88.3700966835022
939.0 90.60050845146179
940.0 92.20445156097412
941.0 93.29087734222412
942.0 94.020676612854
943.0 94.48465704917908
944.0 95.0842022895813
945.0 95.4451858997345
946.0 95.84298729896545
947.0 96.10857367515564
948.0 96.54738306999207
949.0 96.61943912506104
950.0 96.88559770584106
951.0 96.97728753089905
952.0 96.9612717628479
953.0 97.00849056243896
954.0 96.96314334869385
955.0 96.9513475894928
956.0 97.03698754310608
957.0 97.17915058135986
958.0 97.32276201248169
959.0 97.43388891220093
960.0 97.5940465927124
961.0 97.77405261993408
962.0 97.95268177986145
963.0 98.1133222579956
964.0 98.2516884803772
965.0 98.36871027946472
966.0 98.49532842636108
967.0 98.65660667419434
968.0 98.64547848701477
969.0 98.68037700653076
970.0 98.73115420341492
971.0 98.78429174423218
972.0 98.8099753856659
973.0 98.8567590713501
974.0 98.88657927513123
975.0 98.82217049598694
976.0 98.8871693611145
977.0 98.86646866798401
978.0 98.91194701194763
979.0 98.9048957824707
980.0 98.88349175453186
981.0 98.87450933456421
982.0 98.824942111969
983.0 98.89919757843018
984.0 98.85163903236389
985.0 98.85912537574768
986.0 98.77151250839233
987.0 98.83906841278076
988.0 98.72961640357971
989.0 98.64239692687988
990.0 98.60234260559082
991.0 98.59055876731873
992.0 98.60054850578308
993.0 98.51788282394409
994.0 98.48514199256897
995.0 98.47965240478516
996.0 98.41021299362183
997.0 98.47056865692139
998.0 98.52856993675232
999.0 98.54673147201538
1000.0 98.57398867607117
1001.0 98.54468703269958
1002.0 98.7261950969696
1003.0 98.74340891838074
1004.0 98.82868528366089
1005.0 98.8178551197052
1006.0 99.00170564651489
1007.0 98.9614486694336
1008.0 98.97273182868958
1009.0 98.96296262741089
1010.0 99.00628924369812
1011.0 99.06161427497864
1012.0 98.9547848701477
1013.0 98.99221658706665
1014.0 98.9698052406311
1015.0 98.8990843296051
1016.0 98.88598322868347
1017.0 98.89704585075378
1018.0 98.88170957565308
1019.0 98.79893064498901
1020.0 98.83198142051697
1021.0 98.91738891601562
1022.0 98.81702065467834
1023.0 98.83898496627808
1024.0 98.81424307823181
1025.0 98.76859188079834
1026.0 98.83720874786377
1027.0 98.94315600395203
1028.0 98.84607195854187
1029.0 98.94334077835083
1030.0 98.9256501197815
1031.0 98.98719787597656
1032.0 98.98483753204346
1033.0 98.93898963928223
1034.0 98.9811360836029
1035.0 99.00926947593689
1036.0 98.96799921989441
1037.0 98.98163676261902
1038.0 98.95825386047363
1039.0 98.85403513908386
1040.0 98.80385398864746
1041.0 98.89756441116333
1042.0 98.87785911560059
1043.0 98.76570105552673
1044.0 98.90528321266174
1045.0 98.64246249198914
1046.0 98.79705309867859
1047.0 98.65611791610718
1048.0 98.67270588874817
1049.0 98.63101243972778
1050.0 98.56024980545044
1051.0 98.55217933654785
1052.0 98.46407771110535
1053.0 98.34603667259216
1054.0 98.58537316322327
1055.0 98.70083332061768
1056.0 98.56948256492615
1057.0 98.62725138664246
1058.0 98.44884872436523
1059.0 98.53816032409668
1060.0 98.64384531974792
1061.0 98.55049848556519
1062.0 98.65041971206665
1063.0 98.5061526298523
1064.0 98.75940084457397
1065.0 98.69343042373657
1066.0 98.64287972450256
1067.0 98.83929491043091
1068.0 98.68032932281494
1069.0 98.55935573577881
1070.0 98.9946186542511
1071.0 98.70433807373047
1072.0 98.98747205734253
1073.0 99.00297522544861
1074.0 98.55007529258728
1075.0 98.56250882148743
1076.0 98.3765959739685
1077.0 98.71037602424622
1078.0 98.87881278991699
1079.0 98.48415851593018
1080.0 99.27682876586914
1081.0 98.45994114875793
1082.0 98.43595623970032
1083.0 98.56979250907898
1084.0 98.75373840332031
1085.0 98.8606870174408
1086.0 98.58699440956116
1087.0 98.52159023284912
1088.0 98.3623206615448
1089.0 98.36400747299194
1090.0 98.46059083938599
1091.0 98.65534901618958
1092.0 98.807692527771
1093.0 98.43798279762268
1094.0 98.16941618919373
1095.0 98.15835952758789
1096.0 98.60856533050537
1097.0 98.1580376625061
1098.0 97.4385917186737
1099.0 98.51024150848389
1100.0 98.12690019607544
