lsstCam/transmission_filter_detector/r01_s01/y_10/19700101T000000.ecsv
# %ECSV 1.0
# ---
# datatype:
# - {name: wavelength, unit: nm, datatype: float32}
# - {name: efficiency, unit: '%', datatype: float64}
# meta: !!omap
# - {MODE: DETECTOR}
# - {TYPE: transmission_filter_detector}
# - {CALIBDATE: '1970-01-01T00:00:00'}
# - {INSTRUME: LSSTCam}
# - {OBSTYPE: transmission_filter_detector}
# - {CALIBCLS: lsst.ip.isr.IntermediateFilterDetectorTransmissionCurve}
# - {SOURCE: Materion (DM-46256)}
# - {DETECTOR: 1}
# - {FILTER: y_10}
# - {CALIB_ID: 'calibDate=1970-01-01T00:00:00 filter=y_10 detector=1'}
# - {DATE: '2025-04-02T15:59:50.746105'}
# - {CALIB_CREATION_DATE: '2025-04-02'}
# - {CALIB_CREATION_TIME: '15:59:50'}
# - __serialized_columns__:
#     efficiency:
#       __class__: astropy.units.quantity.Quantity
#       unit: !astropy.units.Unit {unit: '%'}
#       value: !astropy.table.SerializedColumn {name: efficiency}
#     wavelength:
#       __class__: astropy.units.quantity.Quantity
#       unit: !astropy.units.Unit {unit: nm}
#       value: !astropy.table.SerializedColumn {name: wavelength}
# schema: astropy-2.0
wavelength efficiency
300.0 0.5314623471349478
301.0 0.2862874185666442
302.0 0.041112478356808424
303.0 0.038821029011160135
304.0 0.03652958257589489
305.0 0.021129158267285675
306.0 0.005728729229304008
307.0 0.013583761756308377
308.0 0.02143879100913182
309.0 0.014798437769059092
310.0 0.008158083073794842
311.0 0.007886117236921564
312.0 0.0076141492172610015
313.0 0.007798126898705959
314.0 0.007982104580150917
315.0 0.006784762081224471
316.0 0.005587422856478952
317.0 0.005118409535498358
318.0 0.004649392940336838
319.0 0.0019391587557038292
320.0 1.9562962361163727e-10
321.0 0.002747212056419812
322.0 0.006265500996960327
323.0 0.004316856211517006
324.0 0.0023682114260736853
325.0 0.0013017608580412343
326.0 0.00023531003989774035
327.0 0.001078575132851256
328.0 0.0019218405213905498
329.0 0.0038668327761115506
330.0 0.005811824667034671
331.0 0.00473504769615829
332.0 0.003658270725281909
333.0 0.002317697180842515
334.0 0.0009771231816557702
335.0 0.0015227828953356948
336.0 0.00206844288186403
337.0 0.002476883673807606
338.0 0.0028853239200543612
339.0 0.0014063047274248675
340.0 1.9562962361163727e-10
341.0 1.9562962361163727e-10
342.0 1.9562962361163727e-10
343.0 0.00012923328540637158
344.0 0.0009636272807256319
345.0 0.0011820071449619718
346.0 0.0014003875548951328
347.0 0.0014284155440691393
348.0 0.0014564433513442054
349.0 0.0011913540220120922
350.0 0.0009262644198315684
351.0 0.0011372830158506986
352.0 0.0013483009752235375
353.0 0.0010918937732640188
354.0 0.0008354864803550299
355.0 0.00113088681246154
356.0 0.00142628705361858
357.0 0.0009406749086338095
358.0 0.00045506249080062844
359.0 0.0007271325557667296
360.0 0.0009992026207328308
361.0 0.0012697099919023458
362.0 0.0015402172721223906
363.0 0.0012733402400044724
364.0 0.0010064629350381438
365.0 0.0013288519767229445
366.0 0.0016512416550540365
367.0 0.0021378928067861125
368.0 0.0026245439585181884
369.0 0.0023303817215492018
370.0 0.002036219484580215
371.0 0.001961863563337829
372.0 0.0018875070963986218
373.0 0.0021720758013543673
374.0 0.0024566443244111724
375.0 0.0032801905035739765
376.0 0.00410373650083784
377.0 0.004021557469968684
378.0 0.003939378439099528
379.0 0.0035143766581313685
380.0 0.0030893752409610897
381.0 0.0021752544853370637
382.0 0.0012611332749656867
383.0 0.0012792335837730207
384.0 0.001297333619731944
385.0 0.0009504956324235536
386.0 0.0006036577360646334
387.0 0.0007204611847555498
388.0 0.0008372647243959364
389.0 0.0007453179478034144
390.0 0.0006533713985845679
391.0 0.0005327247436071048
392.0 0.00041207822505384684
393.0 0.0005399910151027143
394.0 0.000667903941575787
395.0 0.0005906833393964916
396.0 0.0005134628281666664
397.0 0.0007389318398054456
398.0 0.0009644008059694897
399.0 0.0011750221347028855
400.0 0.0013856436453352217
401.0 0.0015652685760869645
402.0 0.0017448935977881774
403.0 0.0017997845134232193
404.0 0.0018546756109572016
405.0 0.001731127304083202
406.0 0.0016075793610070832
407.0 0.001405326747772051
408.0 0.0012030744073854294
409.0 0.0009969116035790648
410.0 0.0007907483450253494
411.0 0.00044599037209991366
412.0 0.0001012323195936915
413.0 0.000962880949373357
414.0 0.001824529499572236
415.0 0.0020785982997040264
416.0 0.002332667281734757
417.0 0.0009910726475936826
418.0 1.9562962361163727e-10
419.0 1.9562962361163727e-10
420.0 1.9562962361163727e-10
421.0 5.004908416594844e-05
422.0 0.0007633362656633835
423.0 0.0008508541213814169
424.0 0.0009383716133015696
425.0 0.00021360492610256188
426.0 1.9562962361163727e-10
427.0 1.9562962361163727e-10
428.0 1.9562962361163727e-10
429.0 1.9562962361163727e-10
430.0 1.9562962361163727e-10
431.0 0.000494936966788373
432.0 0.0016087347830762155
433.0 0.0011785949027398601
434.0 0.0007484555681003258
435.0 0.0003266473868279718
436.0 1.9562962361163727e-10
437.0 1.9562962361163727e-10
438.0 1.9562962361163727e-10
439.0 1.9562962361163727e-10
440.0 1.9562962361163727e-10
441.0 1.9562962361163727e-10
442.0 1.9562962361163727e-10
443.0 1.9562962361163727e-10
444.0 0.0006315982318483293
445.0 0.0005534465344680939
446.0 0.00047529483708785847
447.0 0.0006659137852693675
448.0 0.0008565325515519362
449.0 0.0009584831786924042
450.0 0.0010604333510855213
451.0 0.0006058569852029905
452.0 0.00015128073300729739
453.0 1.9562962361163727e-10
454.0 1.9562962361163727e-10
455.0 1.9562962361163727e-10
456.0 1.9562962361163727e-10
457.0 1.9562962361163727e-10
458.0 1.9562962361163727e-10
459.0 1.9562962361163727e-10
460.0 6.41761573660915e-05
461.0 0.00013876731372874929
462.0 0.00021335852125048405
463.0 0.0002396302079432644
464.0 0.0002659019628481474
465.0 0.00037544796214206144
466.0 0.0004849939614359755
467.0 0.00105740609797067
468.0 0.0016298179616569541
469.0 0.0016152029274962842
470.0 0.0016005873476387933
471.0 0.001787741348380223
472.0 0.001974895167222712
473.0 0.0023418997443513945
474.0 0.002708904503379017
475.0 0.002740968375292141
476.0 0.0027730320653063245
477.0 0.003057085268665105
478.0 0.003341138653922826
479.0 0.0037338559195632115
480.0 0.004126573185203597
481.0 0.004171368345851079
482.0 0.00421616350649856
483.0 0.0038148176827235147
484.0 0.0034134714951505885
485.0 0.0035429748095339164
486.0 0.0036724777601193637
487.0 0.002888944436563179
488.0 0.002105410567310173
489.0 0.001846570557972882
490.0 0.0015877310943324119
491.0 0.0016116127881105058
492.0 0.0016354942999896593
493.0 0.0014192460184858646
494.0 0.0012029980098304804
495.0 0.0014083268979447894
496.0 0.0016136560589075089
497.0 0.0020681034584413283
498.0 0.002522551039874088
499.0 0.002326381581951864
500.0 0.00213021212402964
501.0 0.002177400529035367
502.0 0.0022245891159400344
503.0 0.0023457158022210933
504.0 0.0024668426704010926
505.0 0.003041630407096818
506.0 0.0036164186894893646
507.0 0.002507201315893326
508.0 0.0013979834875499364
509.0 0.0018861222997657023
510.0 0.0023742606572341174
511.0 0.002152976048819255
512.0 0.0019316914404043928
513.0 0.0019039245671592653
514.0 0.0018761580577120185
515.0 0.0014995304809417576
516.0 0.0011229028132220265
517.0 0.0013800474334857427
518.0 0.0016371917809010483
519.0 0.0016105757822515443
520.0 0.0015839594198041596
521.0 0.0016481924831168726
522.0 0.001712425182631705
523.0 0.0015640922356396914
524.0 0.001415759379597148
525.0 0.002028045491897501
526.0 0.0026403324227430858
527.0 0.0026403764422866516
528.0 0.0026404210075270385
529.0 0.0028372405722620897
530.0 0.0030340597731992602
531.0 0.0027045385650126263
532.0 0.0023750169930281118
533.0 0.002586613663879689
534.0 0.002798209789034445
535.0 0.002295813465025276
536.0 0.0017934167772182263
537.0 0.0021225261662038974
538.0 0.0024516355551895685
539.0 0.0031250663596438244
540.0 0.003798496618401259
541.0 0.00400718672608491
542.0 0.004215876469970681
543.0 0.004330747469794005
544.0 0.0044456184696173295
545.0 0.004609564348356798
546.0 0.004773509863298386
547.0 0.003994139478891157
548.0 0.0032147694582818076
549.0 0.0029289560188772157
550.0 0.0026431423975736834
551.0 0.002415481321804691
552.0 0.002187819882237818
553.0 0.002981875695695635
554.0 0.0037759309634566307
555.0 0.00390711247746367
556.0 0.004038294719066471
557.0 0.003643749005277641
558.0 0.0032492032914888114
559.0 0.0034297729143872857
560.0 0.00361034253728576
561.0 0.0036223082133801654
562.0 0.0036342738894745708
563.0 0.00338816134899389
564.0 0.0031420488085132092
565.0 0.0038878992199897766
566.0 0.004633749995264225
567.0 0.004929852366331033
568.0 0.005225954373599961
569.0 0.006007781848893501
570.0 0.006789608596591279
571.0 0.006696276250295341
572.0 0.006602943176403642
573.0 0.006560030305990949
574.0 0.006517118163174018
575.0 0.006491438398370519
576.0 0.006465759361162782
577.0 0.005601394150289707
578.0 0.0047370296670123935
579.0 0.0052662595408037305
580.0 0.005795489778392948
581.0 0.006691888120258227
582.0 0.007588285370729864
583.0 0.00907703215489164
584.0 0.01056577602867037
585.0 0.010960060899378732
586.0 0.01135434431489557
587.0 0.010929520794888958
588.0 0.0105046943644993
589.0 0.010454669973114505
590.0 0.010404648492112756
591.0 0.009416162356501445
592.0 0.008427674765698612
593.0 0.006933999975444749
594.0 0.005440328459371813
595.0 0.005384316318668425
596.0 0.005328304541762918
597.0 0.006019474676577374
598.0 0.006710645538987592
599.0 0.007717992411926389
600.0 0.008725338557269424
601.0 0.009272670286009088
602.0 0.00982000055955723
603.0 0.010460470366524532
604.0 0.011100941628683358
605.0 0.010987598943756893
606.0 0.010874256258830428
607.0 0.0096707051852718
608.0 0.008467157022096217
609.0 0.006561006739502773
610.0 0.004654858639696613
611.0 0.003888506762450561
612.0 0.003122154885204509
613.0 0.003640864815679379
614.0 0.004159574382356368
615.0 0.004661334241973236
616.0 0.005163094829185866
617.0 0.006541631591971964
618.0 0.00792016799096018
619.0 0.008732458081794903
620.0 0.009544748900225386
621.0 0.010344621841795743
622.0 0.011144496238557622
623.0 0.011170106154168025
624.0 0.011195713886991143
625.0 0.009865874744718894
626.0 0.008536031964467838
627.0 0.006896635750308633
628.0 0.0052572380809579045
629.0 0.004390197864267975
630.0 0.0035231580113759264
631.0 0.0030051856811041944
632.0 0.002487213168933522
633.0 0.0026822399377124384
634.0 0.002877266888390295
635.0 0.003159838161082007
636.0 0.003442409069975838
637.0 0.004345638808445074
638.0 0.005248868546914309
639.0 0.005217444049776532
640.0 0.005186019552638754
641.0 0.00557015991944354
642.0 0.005954300286248326
643.0 0.005583535312325694
644.0 0.005212770338403061
645.0 0.0047158719098661095
646.0 0.004218973481329158
647.0 0.0034788408811436966
648.0 0.002738708644756116
649.0 0.00204296793526737
650.0 0.0013472271348291542
651.0 0.0013769422366749495
652.0 0.0014066578842175659
653.0 0.0015227408766804729
654.0 0.0016388237781939097
655.0 0.0017390266293659806
656.0 0.001839229662436992
657.0 0.001736849662847817
658.0 0.001634469663258642
659.0 0.0019647559383884072
660.0 0.002295041849720292
661.0 0.002011192736972589
662.0 0.001727343442325946
663.0 0.0023027354473015293
664.0 0.002878127634176053
665.0 0.0035021053918171674
666.0 0.004126082785660401
667.0 0.004641334089683369
668.0 0.0051565843023126945
669.0 0.005351519212126732
670.0 0.005546450847759843
671.0 0.006158582255011424
672.0 0.006770713662263006
673.0 0.007704473682679236
674.0 0.008638233703095466
675.0 0.008205894118873402
676.0 0.007773557445034385
677.0 0.006113346898928285
678.0 0.004453136716620065
679.0 0.0030441638955380768
680.0 0.0016351921658497304
681.0 0.0007560832273156848
682.0 1.9562962361163727e-10
683.0 0.00010485318853170611
684.0 0.0003327322701807134
685.0 0.0001633024567126995
686.0 1.9562962361163727e-10
687.0 0.0001597362597749452
688.0 0.000325599967254675
689.0 0.00036168828501104144
690.0 0.0003977766027674079
691.0 0.0004250339770806022
692.0 0.00045229148781800177
693.0 0.00038805183066870086
694.0 0.0003238120598325622
695.0 0.0004621816515282262
696.0 0.0006005511750117876
697.0 0.0006861338988528587
698.0 0.0007717164407949895
699.0 0.0005275533112580888
700.0 0.00028338984066067496
701.0 0.00031899448913463857
702.0 0.0003545991603459697
703.0 0.0004286659532226622
704.0 0.0005027327006246196
705.0 0.0004469519808480982
706.0 0.00039117112464737147
707.0 0.00010571520761004649
708.0 1.9562962361163727e-10
709.0 5.989473947920487e-05
710.0 0.00029953025659779087
711.0 0.0004133592938160291
712.0 0.0005271884219837375
713.0 0.00037365321077231783
714.0 0.0002201181132477359
715.0 0.00040993136281031184
716.0 0.0005997447260597255
717.0 0.0005042025804868899
718.0 0.0004086605258635245
719.0 0.00035549142012314405
720.0 0.0003023221779585583
721.0 0.00026118664209207054
722.0 0.00022005110622558277
723.0 0.0003144503352814354
724.0 0.00040884956433728803
725.0 0.00044191383494762704
726.0 0.0004749783329316415
727.0 0.00015202074337139493
728.0 1.9562962361163727e-10
729.0 0.00012852696045229095
730.0 0.0004279906079318607
731.0 0.0005812207746203057
732.0 0.0007344511686824262
733.0 0.00019365586467756657
734.0 1.9562962361163727e-10
735.0 1.9562962361163727e-10
736.0 1.9562962361163727e-10
737.0 0.000286399586002517
738.0 0.0008343406079802662
739.0 0.0005659893759002443
740.0 0.00029763782549707685
741.0 0.00011225835123696015
742.0 1.9562962361163727e-10
743.0 1.9562962361163727e-10
744.0 1.9562962361163727e-10
745.0 1.9562962361163727e-10
746.0 0.0003562934125511674
747.0 0.0001965671572179417
748.0 3.6840913253399776e-05
749.0 8.252437311284666e-06
750.0 1.9562962361163727e-10
751.0 7.597444096063555e-05
752.0 0.00017228495607923833
753.0 0.000248784567702387
754.0 0.0003252842361689545
755.0 1.9562962361163727e-10
756.0 1.9562962361163727e-10
757.0 1.9562962361163727e-10
758.0 1.9562962361163727e-10
759.0 0.00021124958493601298
760.0 0.0007897826435510069
761.0 0.0004072010142408544
762.0 2.4619274086035148e-05
763.0 9.588131888449425e-05
764.0 0.00016714341199985938
765.0 0.0002906368081312394
766.0 0.0004141299996263115
767.0 1.9562962361163727e-10
768.0 1.9562962361163727e-10
769.0 1.9562962361163727e-10
770.0 1.9562962361163727e-10
771.0 1.9562962361163727e-10
772.0 1.9562962361163727e-10
773.0 0.0002566750708865584
774.0 0.0006596810180781176
775.0 0.0004406916559673846
776.0 0.0002217021801698138
777.0 0.000302721127809491
778.0 0.00038374009818653576
779.0 0.0005801530278404243
780.0 0.0007765658665448427
781.0 0.0006574918188562151
782.0 0.0005384175892686471
783.0 0.00043037084651587065
784.0 0.0003223242174499319
785.0 0.00019894143861165503
786.0 7.555829029115557e-05
787.0 0.0006301856501522707
788.0 0.001184812845167471
789.0 0.0009255670192942489
790.0 0.0006663212388957618
791.0 0.00041579146454751026
792.0 0.00016526155377505347
793.0 0.00040573127080278937
794.0 0.0006462008059315849
795.0 0.0007417276719934307
796.0 0.0008372544471058063
797.0 0.00045316719479160383
798.0 6.908005047989718e-05
799.0 0.0004476639787753811
800.0 0.0008262479241238907
801.0 0.0002726551883824868
802.0 1.9562962361163727e-10
803.0 0.00012318295148361358
804.0 0.0005273033366393065
805.0 0.0007978788744367193
806.0 0.0010684544577088673
807.0 0.0006602775556530105
808.0 0.0002521007445466239
809.0 1.9562962361163727e-10
810.0 1.9562962361163727e-10
811.0 5.847921329404926e-05
812.0 0.0004461684966372559
813.0 0.0009019742719829082
814.0 0.0013577800928032957
815.0 0.0013038345059612766
816.0 0.0012498883734224364
817.0 0.0009991596925829072
818.0 0.0007484310117433779
819.0 0.000911204915610142
820.0 0.0010739790013758466
821.0 0.0007839069439796731
822.0 0.0004938348865834996
823.0 0.000715301666787127
824.0 0.0009367686288896948
825.0 0.0009591416528564878
826.0 0.000981514767772751
827.0 0.0007713146260357462
828.0 0.0005611145752482116
829.0 0.00021070973161840811
830.0 1.9562962361163727e-10
831.0 1.9562962361163727e-10
832.0 0.00013135980907463818
833.0 0.000407158222515136
834.0 0.0006829564881627448
835.0 1.989553766179597e-05
836.0 1.9562962361163727e-10
837.0 1.9562962361163727e-10
838.0 1.9562962361163727e-10
839.0 0.0004261202775523998
840.0 0.0009347593731945381
841.0 0.0011161641850776505
842.0 0.0012975689969607629
843.0 0.0009411553946847562
844.0 0.0005847413831361337
845.0 0.0005807959951198427
846.0 0.0005768504706793465
847.0 0.0008859215085976757
848.0 0.0011949926374654751
849.0 0.0009312379006587435
850.0 0.000667482754579396
851.0 0.0008859993613441475
852.0 0.0011045159226341639
853.0 0.00032931102396105416
854.0 1.9562962361163727e-10
855.0 1.9562962361163727e-10
856.0 1.9562962361163727e-10
857.0 0.0004293215624784352
858.0 0.0012944819900440052
859.0 0.0012255231013114098
860.0 0.0011565638487809338
861.0 0.00120001732284436
862.0 0.0012434709788067266
863.0 0.0016749207134125754
864.0 0.002106370448018424
865.0 0.0020953730199835263
866.0 0.0020843757738475688
867.0 0.0028129248676123098
868.0 0.0035414737794781104
869.0 0.0030619372410001233
870.0 0.0025824007025221363
871.0 0.003292567635071464
872.0 0.004002734931418672
873.0 0.0028939730327692814
874.0 0.0017852114979177713
