lsstCam/transmission_filter_detector/r11_s22/g_6/19700101T000000.ecsv
# %ECSV 1.0
# ---
# datatype:
# - {name: wavelength, unit: nm, datatype: float32}
# - {name: efficiency, unit: '%', datatype: float64}
# meta: !!omap
# - {MODE: DETECTOR}
# - {TYPE: transmission_filter_detector}
# - {CALIBDATE: '1970-01-01T00:00:00'}
# - {INSTRUME: LSSTCam}
# - {OBSTYPE: transmission_filter_detector}
# - {CALIBCLS: lsst.ip.isr.IntermediateFilterDetectorTransmissionCurve}
# - {SOURCE: Materion (DM-46256)}
# - {DETECTOR: 44}
# - {FILTER: g_6}
# - {CALIB_ID: 'calibDate=1970-01-01T00:00:00 filter=g_6 detector=44'}
# - {DATE: '2025-04-02T15:59:42.230474'}
# - {CALIB_CREATION_DATE: '2025-04-02'}
# - {CALIB_CREATION_TIME: '15:59:42'}
# - __serialized_columns__:
#     efficiency:
#       __class__: astropy.units.quantity.Quantity
#       unit: !astropy.units.Unit {unit: '%'}
#       value: !astropy.table.SerializedColumn {name: efficiency}
#     wavelength:
#       __class__: astropy.units.quantity.Quantity
#       unit: !astropy.units.Unit {unit: nm}
#       value: !astropy.table.SerializedColumn {name: wavelength}
# schema: astropy-2.0
wavelength efficiency
300.0 0.5023719742894173
301.0 0.37426312919706106
302.0 0.2461541909724474
303.0 0.21960590966045856
304.0 0.19305759342387319
305.0 0.20152281504124403
306.0 0.2099880250170827
307.0 0.2168669132515788
308.0 0.22374580148607492
309.0 0.22243533749133348
310.0 0.22112492006272078
311.0 0.21381285041570663
312.0 0.20650082733482122
313.0 0.20344112999737263
314.0 0.20038143265992403
315.0 0.18856058595702052
316.0 0.17673977417871356
317.0 0.17749678809195757
318.0 0.17825383692979813
319.0 0.1612305175513029
320.0 0.14420716324821115
321.0 0.13950126012787223
322.0 0.1347953686490655
323.0 0.1153509714640677
324.0 0.09590661502443254
325.0 0.08782309014350176
326.0 0.07973956526257098
327.0 0.07186942966654897
328.0 0.06399929407052696
329.0 0.06105115753598511
330.0 0.058103015180677176
331.0 0.05472111515700817
332.0 0.05133922095410526
333.0 0.04720396245829761
334.0 0.04306870396248996
335.0 0.04152480396442115
336.0 0.0399809010559693
337.0 0.04128689179196954
338.0 0.042592876707203686
339.0 0.04087302659172565
340.0 0.039153179386630654
341.0 0.0376195355784148
342.0 0.03608589468058199
343.0 0.03250740992370993
344.0 0.028928928077220917
345.0 0.025717748212628067
346.0 0.022506563982460648
347.0 0.021070928778499365
348.0 0.019635290664155036
349.0 0.018040092254523188
350.0 0.7378349546343088
351.0 1.221801433712244
352.0 0.8467919193208218
353.0 0.9947962127625942
354.0 0.6916304118931293
355.0 0.8779493160545826
356.0 0.5740553606301546
357.0 1.0122459381818771
358.0 0.6365924142301083
359.0 0.8301110938191414
360.0 0.3973389510065317
361.0 0.7884783670306206
362.0 0.5294951144605875
363.0 0.8727735839784145
364.0 0.6283595692366362
365.0 0.8082444779574871
366.0 0.4736943170428276
367.0 0.7706194650381804
368.0 0.45512113720178604
369.0 0.6518329493701458
370.0 0.4359904211014509
371.0 0.7469754200428724
372.0 0.4072297364473343
373.0 0.5824792664498091
374.0 0.5153638310730457
375.0 0.5496480502188206
376.0 0.41145910508930683
377.0 0.5258162505924702
378.0 0.40445560589432716
379.0 0.5729057360440493
380.0 0.4305550828576088
381.0 0.5323871038854122
382.0 0.5802166182547808
383.0 0.574581092223525
384.0 0.5743472371250391
385.0 0.6291927769780159
386.0 0.7068231701850891
387.0 0.7983455434441566
388.0 0.9859283454716206
389.0 1.221517100930214
390.0 1.7728742212057114
391.0 2.7325233444571495
392.0 4.351509734988213
393.0 6.921453028917313
394.0 10.40593907237053
395.0 15.151101350784302
396.0 20.923064649105072
397.0 28.288227319717407
398.0 36.81779503822327
399.0 46.19576036930084
400.0 55.76760768890381
401.0 64.87578749656677
402.0 73.31117391586304
403.0 80.50647974014282
404.0 85.78304052352905
405.0 89.80368375778198
406.0 92.0466661453247
407.0 93.89227032661438
408.0 94.93258595466614
409.0 95.43483257293701
410.0 95.5994725227356
411.0 95.43688297271729
412.0 95.02117037773132
413.0 94.8522686958313
414.0 94.63547468185425
415.0 94.84364986419678
416.0 95.22597193717957
417.0 95.61178088188171
418.0 96.1759626865387
419.0 96.67097926139832
420.0 97.20776677131653
421.0 97.73446321487427
422.0 97.93793559074402
423.0 98.09666872024536
424.0 97.93989658355713
425.0 97.79434204101562
426.0 97.77002930641174
427.0 97.73396849632263
428.0 97.56951928138733
429.0 97.31580018997192
430.0 97.1734881401062
431.0 97.22849726676941
432.0 97.25728034973145
433.0 97.29982018470764
434.0 97.42241501808167
435.0 97.62869477272034
436.0 97.5931465625763
437.0 97.62066602706909
438.0 97.6568877696991
439.0 97.77975678443909
440.0 97.71795272827148
441.0 97.85448908805847
442.0 97.84250259399414
443.0 97.8317141532898
444.0 97.70711064338684
445.0 97.46050834655762
446.0 97.34748005867004
447.0 97.18281030654907
448.0 97.27038741111755
449.0 97.48378992080688
450.0 97.78420925140381
451.0 97.99350500106812
452.0 98.15440773963928
453.0 98.26734066009521
454.0 98.2768177986145
455.0 98.54834079742432
456.0 98.59113097190857
457.0 98.7427830696106
458.0 98.7064003944397
459.0 98.74130487442017
460.0 98.90611171722412
461.0 99.0153968334198
462.0 98.94052743911743
463.0 98.8416314125061
464.0 98.97013902664185
465.0 98.86291027069092
466.0 98.86575937271118
467.0 98.86521697044373
468.0 98.89819025993347
469.0 98.96714687347412
470.0 98.84429574012756
471.0 98.66748452186584
472.0 98.75416159629822
473.0 98.6289918422699
474.0 98.46034049987793
475.0 98.48769903182983
476.0 98.47645163536072
477.0 98.53129982948303
478.0 98.63008260726929
479.0 98.60833287239075
480.0 98.75258803367615
481.0 98.84455800056458
482.0 99.00740385055542
483.0 98.9041805267334
484.0 99.09153580665588
485.0 99.14113879203796
486.0 99.15785193443298
487.0 99.18314814567566
488.0 99.17343258857727
489.0 99.2360770702362
490.0 99.17945861816406
491.0 99.15707111358643
492.0 99.07839894294739
493.0 99.05147552490234
494.0 98.99823665618896
495.0 99.0654706954956
496.0 98.88824224472046
497.0 98.79909157752991
498.0 98.64193797111511
499.0 98.65218997001648
500.0 98.5650360584259
501.0 98.51410388946533
502.0 98.46333861351013
503.0 98.55942726135254
504.0 98.42036366462708
505.0 98.4907329082489
506.0 98.51910471916199
507.0 98.47923517227173
508.0 98.47601056098938
509.0 98.44899773597717
510.0 98.3716607093811
511.0 98.34287166595459
512.0 98.29263091087341
513.0 98.37455153465271
514.0 98.35165143013
515.0 98.37124943733215
516.0 98.48945140838623
517.0 98.50471019744873
518.0 98.5475242137909
519.0 98.58548045158386
520.0 98.63629341125488
521.0 98.76458048820496
522.0 98.75013828277588
523.0 98.75761270523071
524.0 98.77727627754211
525.0 98.79060387611389
526.0 98.88703227043152
527.0 98.89501929283142
528.0 98.99821281433105
529.0 99.13525581359863
530.0 99.12832379341125
531.0 99.25093054771423
532.0 99.09948110580444
533.0 99.08909201622009
534.0 99.08834099769592
535.0 98.87204170227051
536.0 98.5009491443634
537.0 97.86543846130371
538.0 97.01224565505981
539.0 95.52866220474243
540.0 93.70331764221191
541.0 90.87855815887451
542.0 87.93836236000061
543.0 84.11983251571655
544.0 79.30377721786499
545.0 75.1713752746582
546.0 70.06688714027405
547.0 65.45772552490234
548.0 60.89012622833252
549.0 56.85085654258728
550.0 53.64595651626587
551.0 50.6029486656189
552.0 48.267704248428345
553.0 45.75164616107941
554.0 42.79351532459259
555.0 39.464640617370605
556.0 35.04422605037689
557.0 29.99691069126129
558.0 24.496160447597504
559.0 19.150646030902863
560.0 14.047186076641083
561.0 9.448770433664322
562.0 5.9745192527771
563.0 3.471076861023903
564.0 1.8893664702773094
565.0 0.9152086451649666
566.0 0.49473270773887634
567.0 0.2501261653378606
568.0 0.16994704492390156
569.0 0.09613079018890858
570.0 0.08299153414554894
571.0 0.05772602744400501
572.0 0.05299425101839006
573.0 0.0397434807382524
574.0 0.0469566963147372
575.0 0.03474913537502289
576.0 0.04736930422950536
577.0 0.024718642816878855
578.0 0.039382383693009615
579.0 0.025257575907744467
580.0 0.029385570087470114
581.0 0.02342094958294183
582.0 0.031837489223107696
583.0 0.013985730765853077
584.0 0.02602212189231068
585.0 0.019348651403561234
586.0 0.029535547946579754
587.0 0.013125194527674466
588.0 0.021943145839031786
589.0 0.014417906641028821
590.0 0.025865327916108072
591.0 0.015917010023258626
592.0 0.018583048949949443
593.0 0.02182113821618259
594.0 0.016331247752532363
595.0 0.005870127279195003
596.0 0.014832823944743723
597.0 0.017433562607038766
598.0 0.0178440022864379
599.0 0.0073892922955565155
600.0 0.010910496348515153
601.0 0.002434140151308384
602.0 0.0024524497348465957
603.0 0.002470759136485867
604.0 0.0022766036636312492
605.0 0.0020824483726755716
606.0 0.002081860111502465
607.0 0.0020812714865314774
608.0 0.0019003487977897748
609.0 0.0017194261090480722
610.0 0.001881772004708182
611.0 0.002044117536570411
612.0 0.001928095480252523
613.0 0.0018120736058335751
614.0 0.0018157597878598608
615.0 0.0018194465155829675
616.0 0.002018624400079716
617.0 0.0022178022845764644
618.0 0.002001542452489957
619.0 0.00178528262040345
620.0 0.0017421984011889435
621.0 0.0016991143638733774
622.0 0.001584968231327366
623.0 0.0014708218259329442
624.0 0.0014765490959689487
625.0 0.0014822763660049532
626.0 0.0014129156625131145
627.0 0.0013435554137686267
628.0 0.0014922078662493732
629.0 0.0016408606825280003
630.0 0.0015026390428829473
631.0 0.0013644171303894836
632.0 0.0015060489204188343
633.0 0.0016476804375997745
634.0 0.0015068055290612392
635.0 0.0013659303476742934
636.0 0.0014151456525723916
637.0 0.001464361594116781
638.0 0.0013677684364665765
639.0 0.001271175187866902
640.0 0.0010832261978066526
641.0 0.0008952769348979928
642.0 0.001126725874200929
643.0 0.0013581750863522757
644.0 0.0013347164895094465
645.0 0.001311257710767677
646.0 0.0012931601304444484
647.0 0.00127506264107069
648.0 0.0011073607311118394
649.0 0.0009396588211529888
650.0 0.0012416467143339105
651.0 0.0015436338799190708
652.0 0.0012405131201376207
653.0 0.0009373922694067005
654.0 0.0010386205758550204
655.0 0.0011398489732528105
656.0 0.0011712081686710007
657.0 0.0012025674550386611
658.0 0.0010366916285420302
659.0 0.0008708162567927502
660.0 0.0009408074220118579
661.0 0.0010107986781804357
662.0 0.0011178934983036015
663.0 0.001224988591275178
664.0 0.0012187633728899527
665.0 0.001212537881656317
666.0 0.0010580486559774727
667.0 0.0009035591574502178
668.0 0.0010507210390642285
669.0 0.001197882738779299
670.0 0.0011970269952144008
671.0 0.0011961712516495027
672.0 0.0012129212336731143
673.0 0.0012296710337977856
674.0 0.0011539170372998342
675.0 0.001078163131751353
676.0 0.0010340992957935669
677.0 0.0009900351869873703
678.0 0.0010919162377831526
679.0 0.001193797288578935
680.0 0.0011020018973795231
681.0 0.001010206324281171
682.0 0.001070877715392271
683.0 0.001131549015553901
684.0 0.0009912198947858997
685.0 0.000850890592118958
686.0 0.0010099513019667938
687.0 0.0011690119208651595
688.0 0.001131536737375427
689.0 0.001094061735784635
690.0 0.000994819765764987
691.0 0.0008955777957453392
692.0 0.0008436004463874269
693.0 0.0007916231879789848
694.0 0.000979686046775896
695.0 0.001167748723673867
696.0 0.0012380732187011745
697.0 0.001308397258981131
698.0 0.0013457031855068635
699.0 0.001383009112032596
700.0 0.001245727798959706
701.0 0.0011084462130384054
702.0 0.0011978570000792388
703.0 0.0012872676052211318
704.0 0.0012325062925810926
705.0 0.0011777447070926428
706.0 0.0011368798368494026
707.0 0.0010960149666061625
708.0 0.001078734658221947
709.0 0.001061454531736672
710.0 0.0012279509974177927
711.0 0.0013944476449978538
712.0 0.0012480986697482876
713.0 0.0011017500582966022
714.0 0.0012310949387028813
715.0 0.0013604400010081008
716.0 0.0015412806533277035
717.0 0.0017221214875462465
718.0 0.001955316838575527
719.0 0.0021885120077058673
720.0 0.0018765929780784063
721.0 0.0015646739484509453
722.0 0.0017553473298903555
723.0 0.0019460212570265867
724.0 0.001920283648360055
725.0 0.0018945460396935232
726.0 0.0020415178369148634
727.0 0.0021884896341362037
728.0 0.002115887400577776
729.0 0.0020432851670193486
730.0 0.002074355143122375
731.0 0.002105424937326461
732.0 0.0020175239114905708
733.0 0.0019296232494525611
734.0 0.0016791211237432435
735.0 0.0014286192708823364
736.0 0.0012594361578521784
737.0 0.0010902529538725503
738.0 0.0010325988114345819
739.0 0.0009749446689966135
740.0 0.0008525672456016764
741.0 0.0007301896857825341
742.0 0.0006917697191965999
743.0 0.0006533497980854008
744.0 0.0007542388630099595
745.0 0.0008551282007829286
746.0 0.0009435638276045211
747.0 0.0010319995453755837
748.0 0.0011299318430246785
749.0 0.0012278643225727137
750.0 0.000990893749985844
751.0 0.0007539234957221197
752.0 0.0007276937594724586
753.0 0.0007014642960712081
754.0 0.0007692641702305991
755.0 0.0008370640898647252
756.0 0.0008622047062090132
757.0 0.0008873453225533012
758.0 0.0008608911230112426
759.0 0.0008344372872670647
760.0 0.0006210724677657709
761.0 0.00040770760278974194
762.0 0.0005218215392233105
763.0 0.0006359353392326739
764.0 0.000776525484980084
765.0 0.0009171158126264345
766.0 0.0007602950518048601
767.0 0.0006034744728822261
768.0 0.0005041531949245837
769.0 0.0004048319169669412
770.0 0.0004310952135710977
771.0 0.0004573585101752542
772.0 0.0006252692401176319
773.0 0.0007931801519589499
774.0 0.0008856511158228386
775.0 0.0009781222615856677
776.0 0.0008772237379162107
777.0 0.0007763251232972834
778.0 0.0007193382771220058
779.0 0.0006623515218961984
780.0 0.0005104740921524353
781.0 0.0003585966851460398
782.0 0.0004595322479872266
783.0 0.0005604676971415756
784.0 0.0006899187610542867
785.0 0.0008193696885427926
786.0 0.0007368149908870691
787.0 0.0006542606570292264
788.0 0.0004532942512014415
789.0 0.00025232802727259696
790.0 0.00019071990209340584
791.0 0.00012911176554553094
792.0 0.0002266089268232463
793.0 0.0003241060994696454
794.0 0.00032821055810927646
795.0 0.00033231499401153997
796.0 0.000456761790701421
797.0 0.0005812085419165669
798.0 0.0005825318112329114
799.0 0.000583855126023991
800.0 0.0006645767825830262
801.0 0.0007452986665157368
802.0 0.0006294816103036283
803.0 0.0005136647814651951
804.0 0.0004084575266460888
805.0 0.00030325045372592285
806.0 0.00036215044474374736
807.0 0.00042105043576157186
808.0 0.000515805913892109
809.0 0.000610561392022646
810.0 0.0004580052518576849
811.0 0.00030544906621798873
812.0 0.0002900373829106684
813.0 0.0002746256768659805
814.0 0.0003389819312360487
815.0 0.00040333820834348444
816.0 0.00048239317038678564
817.0 0.0005614480414806167
818.0 0.0004349690698290942
819.0 0.0003084900981775718
820.0 0.0004084944066562457
821.0 0.0005084986241854494
822.0 0.0005053164386481512
823.0 0.000502134253110853
824.0 0.00043422924136393704
825.0 0.00036632422961702105
826.0 0.0005490624516824028
827.0 0.0007318006282730494
828.0 0.000621412118562148
829.0 0.0005110235179017764
830.0 0.0004252394319337327
831.0 0.0003394553232283215
832.0 0.0004988189175492153
833.0 0.0006581824436580064
834.0 0.0005617587703454774
835.0 0.0004653350515582133
836.0 0.00045101501200406346
837.0 0.0004366950179246487
838.0 0.0004061657364218263
839.0 0.0003756365231311065
840.0 0.0005766781214333605
841.0 0.0007777196515235119
842.0 0.000470383747597225
843.0 0.0001630476617719978
844.0 0.00017782391523724073
845.0 0.00019260016870248364
846.0 0.00045046349441690836
847.0 0.0007083268883434357
848.0 0.0005923286153119989
849.0 0.0004763303877552971
850.0 0.0005208534275880083
851.0 0.0005653764674207196
852.0 0.0006519644102809252
853.0 0.0007385519438685151
854.0 0.000689988655722118
855.0 0.0006414252311515156
856.0 0.0005969737230770988
857.0 0.0005525223059521522
858.0 0.0006199421477504075
859.0 0.0006873620350233978
860.0 0.0006273255621636054
861.0 0.0005672890438290779
862.0 0.0005350186256691813
863.0 0.0005027482075092848
864.0 0.0005088359102956019
865.0 0.0005149236585566541
866.0 0.000485535929328762
867.0 0.00045614824557560496
868.0 0.0005362679985410068
869.0 0.0006163878424558789
870.0 0.000542681982551585
871.0 0.0004689759407483507
872.0 0.00040823701965564396
873.0 0.00034749796213873196
874.0 0.0004774444278154988
875.0 0.0006073908934922656
876.0 0.0007217880465759663
877.0 0.0008361850632354617
878.0 0.0007678370820940472
879.0 0.0006994889645284275
880.0 0.0007001419817243004
881.0 0.0007007952262938488
882.0 0.0006243410552997375
883.0 0.0005478871116793016
884.0 0.0005907878403377254
885.0 0.0006336887508950895
886.0 0.0006425453193514841
887.0 0.0006514021606562892
888.0 0.0005811571554659167
889.0 0.0005109123321744846
890.0 0.0006036453214619542
891.0 0.000696378492648364
892.0 0.0006129913799668429
893.0 0.0005296043127600569
894.0 0.0004979264303983655
895.0 0.00046624854803667404
896.0 0.00025081562853301875
897.0 3.538270334502158e-05
898.0 0.00020291197415645001
899.0 0.0003704412620209041
900.0 0.0003390801111891051
901.0 0.00030771896035730606
902.0 0.0005268735094432486
903.0 0.0007460280357918236
904.0 0.0004119270215596771
905.0 7.782596753713733e-05
906.0 0.00030100802632659907
