lsstCam/transmission_filter_detector/r11_s22/g_6/19700101T000000.ecsv
# %ECSV 1.0
# ---
# datatype:
# - {name: wavelength, unit: nm, datatype: float32}
# - {name: efficiency, unit: '%', datatype: float64}
# meta: !!omap
# - {MODE: DETECTOR}
# - {TYPE: transmission_filter_detector}
# - {CALIBDATE: '1970-01-01T00:00:00'}
# - {INSTRUME: LSSTCam}
# - {OBSTYPE: transmission_filter_detector}
# - {CALIBCLS: lsst.ip.isr.IntermediateFilterDetectorTransmissionCurve}
# - {SOURCE: Materion (DM-46256)}
# - {DETECTOR: 44}
# - {FILTER: g_6}
# - {CALIB_ID: 'calibDate=1970-01-01T00:00:00 filter=g_6 detector=44'}
# - {DATE: '2025-04-02T15:59:42.230474'}
# - {CALIB_CREATION_DATE: '2025-04-02'}
# - {CALIB_CREATION_TIME: '15:59:42'}
# - __serialized_columns__:
#     efficiency:
#       __class__: astropy.units.quantity.Quantity
#       unit: !astropy.units.Unit {unit: '%'}
#       value: !astropy.table.SerializedColumn {name: efficiency}
#     wavelength:
#       __class__: astropy.units.quantity.Quantity
#       unit: !astropy.units.Unit {unit: nm}
#       value: !astropy.table.SerializedColumn {name: wavelength}
# schema: astropy-2.0
wavelength efficiency
[from data line 608]
908.0 0.0004928235739498632
909.0 0.0004614571025740588
910.0 0.00038940574995649513
911.0 0.00031735444281366654
912.0 0.00043176842154935
913.0 0.0005461824457597686
914.0 0.00033908613659150433
915.0 0.00013198988426665892
916.0 0.0002340054834348848
917.0 0.00033602109397179447
918.0 0.0003137869498459622
919.0 0.0002915528284574975
920.0 0.00030923479243938345
921.0 0.00032691677915863693
922.0 0.0005501502982951934
923.0 0.0007733838174317498
924.0 0.0006572221536771394
925.0 0.000541060444447794
926.0 0.0005973994575469987
927.0 0.0006537386525451439
928.0 0.0005802580744784791
929.0 0.0005067775418865494
930.0 0.0005228329882811522
931.0 0.0005388884801504901
932.0 0.00047679609451733995
933.0 0.0004147037543589249
934.0 0.00042868055061262567
935.0 0.0004426573468663264
936.0 0.00048176516429521143
937.0 0.0005208729817240965
938.0 0.0006192966793605592
939.0 0.000717720376997022
940.0 0.000541327199243824
941.0 0.0003649338623290532
942.0 0.0006192470209498424
943.0 0.0008735602023079991
944.0 0.0007382443982351106
945.0 0.0006029285032127518
946.0 0.0006272905466175871
947.0 0.0006516525445476873
948.0 0.0009763655725691933
949.0 0.0013010785551159643
950.0 0.0011198947504453827
951.0 0.0009387108548253309
952.0 0.000978156731434865
953.0 0.001017602608044399
954.0 0.0008781584256212227
955.0 0.0007387142431980465
956.0 0.0007241597359097796
957.0 0.0007096050012478372
958.0 0.0008647213689982891
959.0 0.001019837691274006
960.0 0.0008213406545110047
961.0 0.0006228434358490631
962.0 0.0006611341177631402
963.0 0.0006994247087277472
964.0 0.0007694092346355319
965.0 0.0008393934876949061
966.0 0.0007696847205806989
967.0 0.0006999758170422865
968.0 0.0007142765298340237
969.0 0.0007285772881004959
970.0 0.0007634438588866033
971.0 0.0007983104296727106
972.0 0.0008642575267003849
973.0 0.0009302048965764698
974.0 0.000870255462359637
975.0 0.000810306391940685
976.0 0.0009194302037940361
977.0 0.0010285543794452678
978.0 0.0010741396181401797
979.0 0.0011197250387340318
980.0 0.0010943640518235043
981.0 0.0010690031558624469
982.0 0.0010581932656350546
983.0 0.0010473831935087219
984.0 0.001044603868649574
985.0 0.0010418247256893665
986.0 0.001082470225810539
987.0 0.001123115453083301
988.0 0.001164154673460871
989.0 0.0012051935300405603
990.0 0.001288429575652117
991.0 0.0013716654393647332
992.0 0.001356409484287724
993.0 0.0013411538020591252
994.0 0.0012905560652143322
995.0 0.0012399584193190094
996.0 0.0011951276064792182
997.0 0.0011502967026899569
998.0 0.0012930358934681863
999.0 0.0014357748113980051
1000.0 0.001404327940690564
1001.0 0.0013728807971347123
1002.0 0.0012761210200551432
1003.0 0.001179361242975574
1004.0 0.0011326520507282112
1005.0 0.0010859427675313782
1006.0 0.0013065467101114336
1007.0 0.0015271507436409593
1008.0 0.0016112191588035785
1009.0 0.001695288301561959
1010.0 0.0018025848476099782
1011.0 0.0019098815755569376
1012.0 0.0020622212105081417
1013.0 0.002214561027358286
1014.0 0.0022015929062035866
1015.0 0.002188625330745708
1016.0 0.0026665245968615636
1017.0 0.0031444240448763594
1018.0 0.003278527219663374
1019.0 0.003412630030652508
1020.0 0.0034725639125099406
1021.0 0.0035324974305694923
1022.0 0.0039010974433040246
1023.0 0.004269697819836438
1024.0 0.004391983020468615
1025.0 0.004514267857302912
1026.0 0.0047062236262718216
1027.0 0.0048981793952407315
1028.0 0.004953811730956659
1029.0 0.005009444430470467
1030.0 0.005093537765787914
1031.0 0.005177630373509601
1032.0 0.005597960262093693
1033.0 0.006018290150677785
1034.0 0.005755553502240218
1035.0 0.005492816853802651
1036.0 0.005618826617137529
1037.0 0.005744836016674526
1038.0 0.005841469101142138
1039.0 0.00593810182181187
1040.0 0.006389201007550582
1041.0 0.006840298738097772
1042.0 0.00699559532222338
1043.0 0.007150891178753227
1044.0 0.007498485501855612
1045.0 0.007846078369766474
1046.0 0.008963407890405506
1047.0 0.010080736683448777
1048.0 0.01163682754850015
1049.0 0.01319291623076424
1050.0 0.01574904308654368
1051.0 0.018305167031940073
1052.0 0.022081182396505028
1053.0 0.025857205037027597
1054.0 0.031037829467095435
1055.0 0.03621845680754632
1056.0 0.0432183820521459
1057.0 0.05021829856559634
1058.0 0.05842000828124583
1059.0 0.06662170053459704
1060.0 0.07439531036652625
1061.0 0.082168891094625
1062.0 0.09032977395690978
1063.0 0.09849063353613019
1064.0 0.105736602563411
1065.0 0.11298255994915962
1066.0 0.12077123392373323
1067.0 0.12855990789830685
1068.0 0.13714383821934462
1069.0 0.14572780346497893
1070.0 0.15522909816354513
1071.0 0.16473036957904696
1072.0 0.17462631221860647
1073.0 0.18452220829203725
1074.0 0.1949073513969779
1075.0 0.20529255270957947
1076.0 0.2158544259145856
1077.0 0.2264162991195917
1078.0 0.2385294297710061
1079.0 0.2506425604224205
1080.0 0.26708797086030245
1081.0 0.2835334278643131
1082.0 0.31268990132957697
1083.0 0.3418463980779052
1084.0 0.3833685303106904
1085.0 0.4248907323926687
1086.0 0.4622483626008034
1087.0 0.49960603937506676
1088.0 0.5663909483700991
1089.0 0.6331759039312601
1090.0 0.7139152381569147
1091.0 0.794654618948698
1092.0 0.8333058096468449
1093.0 0.8719567209482193
1094.0 0.9243189357221127
1095.0 0.9766808710992336
1096.0 1.0483070276677608
1097.0 1.119933370500803
1098.0 1.1918839998543262
1099.0 1.2638349086046219
1100.0 1.5037933364510536
1101.0 1.7437513917684555
