lsstCam/transmission_filter_detector/r33_s10/g_6/19700101T000000.ecsv
# %ECSV 1.0
# ---
# datatype:
# - {name: wavelength, unit: nm, datatype: float32}
# - {name: efficiency, unit: '%', datatype: float64}
# meta: !!omap
# - {MODE: DETECTOR}
# - {TYPE: transmission_filter_detector}
# - {CALIBDATE: '1970-01-01T00:00:00'}
# - {INSTRUME: LSSTCam}
# - {OBSTYPE: transmission_filter_detector}
# - {CALIBCLS: lsst.ip.isr.IntermediateFilterDetectorTransmissionCurve}
# - {SOURCE: Materion (DM-46256)}
# - {DETECTOR: 147}
# - {FILTER: g_6}
# - {CALIB_ID: 'calibDate=1970-01-01T00:00:00 filter=g_6 detector=147'}
# - {DATE: '2025-04-02T15:59:42.707684'}
# - {CALIB_CREATION_DATE: '2025-04-02'}
# - {CALIB_CREATION_TIME: '15:59:42'}
# - __serialized_columns__:
#     efficiency:
#       __class__: astropy.units.quantity.Quantity
#       unit: !astropy.units.Unit {unit: '%'}
#       value: !astropy.table.SerializedColumn {name: efficiency}
#     wavelength:
#       __class__: astropy.units.quantity.Quantity
#       unit: !astropy.units.Unit {unit: nm}
#       value: !astropy.table.SerializedColumn {name: wavelength}
# schema: astropy-2.0
wavelength efficiency
300.0 0.35570894833654165
301.0 0.30603513587266207
302.0 0.25636127684265375
303.0 0.2431746106594801
304.0 0.2299879677593708
305.0 0.2248798729851842
306.0 0.21977180149406195
307.0 0.21429378539323807
308.0 0.20881579257547855
309.0 0.20293458364903927
310.0 0.19705335143953562
311.0 0.19980324432253838
312.0 0.20255313720554113
313.0 0.19437293522059917
314.0 0.1861927448771894
315.0 0.18155958969146013
316.0 0.17692645778879523
317.0 0.1749707735143602
318.0 0.17301507759839296
319.0 0.16127462731674314
320.0 0.14953415375202894
321.0 0.13951591681689024
322.0 0.12949765659868717
323.0 0.11488895397633314
324.0 0.10028025135397911
325.0 0.08956341771408916
326.0 0.07884658989496529
327.0 0.0720469222869724
328.0 0.06524726049974561
329.0 0.06184165831655264
330.0 0.05843606195412576
331.0 0.05428101867437363
332.0 0.05012598121538758
333.0 0.047006900422275066
334.0 0.043887816718779504
335.0 0.0415810412960127
336.0 0.039274265873245895
337.0 0.03955497231800109
338.0 0.03983567585237324
339.0 0.03931438841391355
340.0 0.03879309515468776
341.0 0.037135861930437386
342.0 0.035478631616570055
343.0 0.032751576509326696
344.0 0.030024521402083337
345.0 0.02624233311507851
346.0 0.02246014919364825
347.0 0.02062821004074067
348.0 0.018796269432641566
349.0 0.0173669628566131
350.0 0.7381563540548086
351.0 1.0513774119317532
352.0 0.6517047993838787
353.0 0.8984441868960857
354.0 0.6225382909178734
355.0 0.892165768891573
356.0 0.6562607828527689
357.0 1.0036725550889969
358.0 0.6841771304607391
359.0 0.8464101701974869
360.0 0.5608361214399338
361.0 0.7898126728832722
362.0 0.4572825040668249
363.0 0.7808624301105738
364.0 0.4651341587305069
365.0 0.8647412993013859
366.0 0.5083451978862286
367.0 0.877314992249012
368.0 0.4272167105227709
369.0 0.5654440727084875
370.0 0.36919296253472567
371.0 0.5800228100270033
372.0 0.42459997348487377
373.0 0.6209708284586668
374.0 0.4659827332943678
375.0 0.6476590875536203
376.0 0.32896113116294146
377.0 0.5515191238373518
378.0 0.35763797350227833
379.0 0.4966035019606352
380.0 0.45079514384269714
381.0 0.458510871976614
382.0 0.529816560447216
383.0 0.5489128641784191
384.0 0.6118371151387691
385.0 0.5223370622843504
386.0 0.6552002392709255
387.0 0.6995444186031818
388.0 0.8932157419621944
389.0 1.1820649728178978
390.0 1.6648085787892342
391.0 2.5271961465477943
392.0 4.031135141849518
393.0 6.436039507389069
394.0 9.716608375310898
395.0 14.237523078918457
396.0 19.825197756290436
397.0 26.909223198890686
398.0 35.26325225830078
399.0 44.437018036842346
400.0 53.871357440948486
401.0 62.99957633018494
402.0 71.54322862625122
403.0 78.97918820381165
404.0 84.51476693153381
405.0 88.74346017837524
406.0 91.1489486694336
407.0 93.1128203868866
408.0 94.32292580604553
409.0 94.93973851203918
410.0 95.2139675617218
411.0 95.01120448112488
412.0 94.62688565254211
413.0 94.41090822219849
414.0 94.26156282424927
415.0 94.3726897239685
416.0 94.67852711677551
417.0 95.03373503684998
418.0 95.54592967033386
419.0 96.11037969589233
420.0 96.64754867553711
421.0 97.26889729499817
422.0 97.4397599697113
423.0 97.62979745864868
424.0 97.40943908691406
425.0 97.34615683555603
426.0 97.34132885932922
427.0 97.3416805267334
428.0 97.14163541793823
429.0 96.94369435310364
430.0 96.7568576335907
431.0 96.7303991317749
432.0 96.86233401298523
433.0 96.90349102020264
434.0 97.02592492103577
435.0 97.13910818099976
436.0 97.14635610580444
437.0 97.15960621833801
438.0 97.26148843765259
439.0 97.33692407608032
440.0 97.30872511863708
441.0 97.43817448616028
442.0 97.46500849723816
443.0 97.40346670150757
444.0 97.36652970314026
445.0 97.11543321609497
446.0 97.01638221740723
447.0 96.79431319236755
448.0 96.8423843383789
449.0 96.99141383171082
450.0 97.25541472434998
451.0 97.43379354476929
452.0 97.68796563148499
453.0 97.74923920631409
454.0 97.86010384559631
455.0 98.05054664611816
456.0 98.11279773712158
457.0 98.33260178565979
458.0 98.30535054206848
459.0 98.41970801353455
460.0 98.3816921710968
461.0 98.56637716293335
462.0 98.44794869422913
463.0 98.43990206718445
464.0 98.49103689193726
465.0 98.4298050403595
466.0 98.45236539840698
467.0 98.43713641166687
468.0 98.43229055404663
469.0 98.51709604263306
470.0 98.39779138565063
471.0 98.26762080192566
472.0 98.38588833808899
473.0 98.22627902030945
474.0 98.01592826843262
475.0 98.11636805534363
476.0 98.08924198150635
477.0 98.12798500061035
478.0 98.24618101119995
479.0 98.17824959754944
480.0 98.35711121559143
481.0 98.43760132789612
482.0 98.61464500427246
483.0 98.48439693450928
484.0 98.69668483734131
485.0 98.75165224075317
486.0 98.74870181083679
487.0 98.78953099250793
488.0 98.73329997062683
489.0 98.88882040977478
490.0 98.80860447883606
491.0 98.84588718414307
492.0 98.70951175689697
493.0 98.7187147140503
494.0 98.65487813949585
495.0 98.77830743789673
496.0 98.5727846622467
497.0 98.477303981781
498.0 98.30336570739746
499.0 98.37199449539185
500.0 98.29239249229431
501.0 98.2288122177124
502.0 98.13552498817444
503.0 98.30120801925659
504.0 98.11013340950012
505.0 98.10099601745605
506.0 98.14439415931702
507.0 98.13287854194641
508.0 98.08678030967712
509.0 98.14091324806213
510.0 98.08595180511475
511.0 98.02839159965515
512.0 97.9850172996521
513.0 98.03749322891235
514.0 97.98948764801025
515.0 98.02910089492798
516.0 98.12514185905457
517.0 98.13705086708069
518.0 98.18994402885437
519.0 98.16775321960449
520.0 98.27465415000916
521.0 98.40726256370544
522.0 98.44793677330017
523.0 98.4228253364563
524.0 98.4557569026947
525.0 98.41622114181519
526.0 98.55257868766785
527.0 98.493492603302
528.0 98.59510660171509
529.0 98.67863655090332
530.0 98.75432252883911
531.0 98.87055158615112
532.0 98.73331785202026
533.0 98.68826270103455
534.0 98.736971616745
535.0 98.5380232334137
536.0 98.19969534873962
537.0 97.72202968597412
538.0 96.95584177970886
539.0 95.66595554351807
540.0 93.95488500595093
541.0 91.40586256980896
542.0 88.61913681030273
543.0 85.02987623214722
544.0 80.43537735939026
545.0 76.39269828796387
546.0 71.42064571380615
547.0 66.7484700679779
548.0 62.13387846946716
549.0 57.922470569610596
550.0 54.589372873306274
551.0 51.38030648231506
552.0 48.98107945919037
553.0 46.50827944278717
554.0 43.67123544216156
555.0 40.54775834083557
556.0 36.4161491394043
557.0 31.6141277551651
558.0 26.264160871505737
559.0 20.93748152256012
560.0 15.706154704093933
561.0 10.846105217933655
562.0 7.044711709022522
563.0 4.2063158005476
564.0 2.3279977962374687
565.0 1.1446362361311913
566.0 0.603552209213376
567.0 0.3043078351765871
568.0 0.18198674079030752
569.0 0.10395731078460813
570.0 0.07530995644629002
571.0 0.053351972019299865
572.0 0.061653245938941836
573.0 0.03580965276341885
574.0 0.04623273271135986
575.0 0.034322182182222605
576.0 0.03841389261651784
577.0 0.023691519163548946
578.0 0.0374370370991528
579.0 0.022875386639498174
580.0 0.030315897311083972
581.0 0.02579770516604185
582.0 0.038123218109831214
583.0 0.023438762582372874
584.0 0.028781307628378272
585.0 0.015816200175322592
586.0 0.028695244691334665
587.0 0.015879939019214362
588.0 0.025856978027150035
589.0 0.01556970237288624
590.0 0.022461646585725248
591.0 0.01184855354949832
592.0 0.024145067436620593
593.0 0.015254894969984889
594.0 0.023295091523323208
595.0 0.010433934949105605
596.0 0.015008919581305236
597.0 0.010266236495226622
598.0 0.026186296599917114
599.0 0.015206368698272854
600.0 0.019858588348142803
601.0 0.0023737840820103884
602.0 0.0022623140466748737
603.0 0.0021508436475414783
604.0 0.0019717928807949647
605.0 0.0017927417502505705
606.0 0.0018133239791495726
607.0 0.0018339062080485746
608.0 0.0018112694306182675
609.0 0.0017886326531879604
610.0 0.0018889188140747137
611.0 0.0019892046111635864
612.0 0.001855954178608954
613.0 0.0017227037460543215
614.0 0.0017258495063288137
615.0 0.0017289956304011866
616.0 0.0015446583347511478
617.0 0.001360321039101109
618.0 0.00158158964040922
619.0 0.0018028582417173311
620.0 0.001607289414096158
621.0 0.0014117200407781638
622.0 0.0014559169358108193
623.0 0.0015001136489445344
624.0 0.001486801920691505
625.0 0.0014734903743374161
626.0 0.0014887186807754915
627.0 0.0015039467143651564
628.0 0.0015012503354228102
629.0 0.0014985537745815236
630.0 0.00145929279824486
631.0 0.0014200319128576666
632.0 0.0013810575183015317
633.0 0.0013420833965938073
634.0 0.0014224501683202107
635.0 0.0015028172128950246
636.0 0.0014253930203267373
637.0 0.0013479686458595097
638.0 0.0011756365893234033
639.0 0.001003304623736767
640.0 0.0011735356565623078
641.0 0.0013437666893878486
642.0 0.0012915735169372056
643.0 0.0012393804354360327
644.0 0.001152417462435551
645.0 0.0010654546713340096
646.0 0.0012202941434225067
647.0 0.001375133706460474
648.0 0.0013870497241441626
649.0 0.0013989654689794406
650.0 0.001286019596591359
651.0 0.0011730733604053967
652.0 0.0011349112355674151
653.0 0.0010967492016789038
654.0 0.0011069377251260448
655.0 0.0011171262485731859
656.0 0.0011311838534311391
657.0 0.0011452416401880328
658.0 0.0011655709386104718
659.0 0.0011859002370329108
660.0 0.001135396996687632
661.0 0.001084893574443413
662.0 0.0010483956430107355
663.0 0.0010118978025275283
664.0 0.001078780314855976
665.0 0.0011456627362349536
666.0 0.001168725884781452
667.0 0.00119178894237848
668.0 0.0011868359251820948
669.0 0.0011818827260867693
670.0 0.001232265913131414
671.0 0.0012826491911255289
672.0 0.0012352727026154753
673.0 0.0011878965779033024
674.0 0.0011578437806747388
675.0 0.0011277908015472349
676.0 0.0011230860764044337
677.0 0.0011183809874637518
678.0 0.00101132927738945
679.0 0.0009042775673151482
680.0 0.000938952507567592
681.0 0.0009736276297189761
682.0 0.0009297702490584925
683.0 0.0008859130502969492
684.0 0.0008541129318473395
685.0 0.0008223129043472
686.0 0.0008896487997844815
687.0 0.0009569847861712333
688.0 0.0010114486030943226
689.0 0.001065912420017412
690.0 0.0010473268957866821
691.0 0.0010287413715559524
692.0 0.0010152550203201827
693.0 0.0010017688509833533
694.0 0.0010594740160740912
695.0 0.0011171792721142992
696.0 0.0011294212526991032
697.0 0.0011416634151828475
698.0 0.0011589353562158067
699.0 0.0011762071153498255
700.0 0.001181140305561712
701.0 0.0011860734957735986
702.0 0.0012595469343068544
703.0 0.00133302028189064
704.0 0.0012728585716104135
705.0 0.0012126966794312466
706.0 0.0011889709639945067
707.0 0.0011652450666588265
708.0 0.0011339915545249823
709.0 0.0011027381333406083
710.0 0.0011265659850323573
711.0 0.0011503938367241062
712.0 0.0012940924534632359
713.0 0.001437790797353955
714.0 0.0013848078197042923
715.0 0.0013318249330040999
716.0 0.0014394266145245638
717.0 0.0015470282960450277
718.0 0.0016665779185132124
719.0 0.0017861277228803374
720.0 0.0015982544937287457
721.0 0.0014103810826782137
722.0 0.0015635536328773014
723.0 0.0017167260011774488
724.0 0.0018112421457772143
725.0 0.0019057579265790991
726.0 0.0019901084669982083
727.0 0.0020744590074173175
728.0 0.002072645838779863
729.0 0.002070832488243468
730.0 0.0020846737243118696
731.0 0.002098515506077092
732.0 0.0019072806026088074
733.0 0.001716045881039463
734.0 0.0015272838936652988
735.0 0.0013385217243921943
736.0 0.0011392694432288408
737.0 0.000940016980166547
738.0 0.000964705668593524
739.0 0.0009893944479699712
740.0 0.0008599682587373536
741.0 0.0007305420240300009
742.0 0.0008625206646684092
743.0 0.0009944995326804928
744.0 0.0009034683898789808
745.0 0.000812437338026939
746.0 0.000673196473144344
747.0 0.0005339555627870141
748.0 0.000748937918615411
749.0 0.0009639201380196027
750.0 0.0009430643331143074
751.0 0.000922208528209012
752.0 0.0008599555258115288
753.0 0.0007977024324645754
754.0 0.0007531837582064327
755.0 0.0007086649475240847
756.0 0.0007607316547364462
757.0 0.0008127984074235428
758.0 0.0008763153346080799
759.0 0.0009398327165399678
760.0 0.0009255382792616729
761.0 0.0009112437510339078
762.0 0.0008310298653668724
763.0 0.000750815979699837
764.0 0.000734523382561747
765.0 0.0007182309673225973
766.0 0.0007566334716102574
767.0 0.0007950360668473877
768.0 0.0007042172001092695
769.0 0.0006133983333711512
770.0 0.0006907338956807507
771.0 0.0007680696398892906
772.0 0.0006696290711261099
773.0 0.000571188365938724
774.0 0.0005005385446565924
775.0 0.00042988863242499065
776.0 0.0005781935215054546
777.0 0.0007264982286869781
778.0 0.0006306690011115279
779.0 0.0005348398644855479
780.0 0.0006125446816440672
781.0 0.0006902494988025865
782.0 0.0005984866675134981
783.0 0.0005067238362244098
784.0 0.00038335924728016835
785.0 0.0002599946355985594
786.0 0.00029700054255954456
787.0 0.0003340064495205297
788.0 0.0003160689857395482
789.0 0.0002981315446959343
790.0 0.0003571307161109871
791.0 0.00041612988752603997
792.0 0.0004706441814050777
793.0 0.0005251584752841154
794.0 0.00041801654333539773
795.0 0.0003108744976998423
796.0 0.00028046347324561793
797.0 0.00025005249426612863
798.0 0.0002926371280409512
799.0 0.0003352218072905089
800.0 0.00045862229853810277
801.0 0.0005820229034725344
802.0 0.0005288288321025902
803.0 0.00047563489715685137
804.0 0.0005433272235677578
805.0 0.0006110195045039291
806.0 0.0005894631613045931
807.0 0.000567906772630522
808.0 0.000554046800971264
809.0 0.0005401869202614762
810.0 0.00039873521018307656
811.0 0.0002572835228420445
812.0 0.0003077952669627848
813.0 0.00035830705655826023
814.0 0.0004419026936375303
815.0 0.0005254983079794329
816.0 0.0006236192803044105
817.0 0.0007217402981041232
818.0 0.0005272201633488294
819.0 0.0003327000740682706
820.0 0.0003560246568667935
821.0 0.0003793492169279489
822.0 0.0004296153292671079
823.0 0.00047988137339416426
824.0 0.00046623322305094916
825.0 0.00045258507270773407
826.0 0.0004421255198394647
827.0 0.0004316659669711953
828.0 0.00035837113046000013
829.0 0.00028507629394880496
830.0 0.00036128744795860257
831.0 0.00043749851101893
832.0 0.00041282000893261284
833.0 0.0003881414613715606
834.0 0.0003258271817685454
835.0 0.00026351285669079516
836.0 0.00032852490221557673
837.0 0.0003935369477403583
838.0 0.0005534174761123722
839.0 0.0007132979590096511
840.0 0.000578277376916958
841.0 0.00044325679482426494
842.0 0.0004646137313102372
843.0 0.00048597071327094454
844.0 0.0005568837423197692
845.0 0.0006277967713685939
846.0 0.00047899507080728654
847.0 0.00033019325655914145
848.0 0.000376601974494406
849.0 0.00042301066969230305
850.0 0.0003441068656684365
851.0 0.0002652030389072024
852.0 0.00021377097709773807
853.0 0.0001623388811822224
854.0 0.00018643919474925497
855.0 0.0002105395196849713
856.0 0.0003004468908329727
857.0 0.0003903543074557092
858.0 0.0003858991931338096
859.0 0.00038144410154927755
860.0 0.0004282325789972674
861.0 0.00047502103370788973
862.0 0.0005409717687143711
863.0 0.0006069225037208525
864.0 0.00039168262446764857
865.0 0.0001764426542649744
866.0 0.0004214055479678791
867.0 0.0006663683507213136
868.0 0.0005159442935109837
869.0 0.00036552016808855115
870.0 0.00042198489609290846
871.0 0.0004784496923093684
872.0 0.0004551883193926187
873.0 0.0004319271283748094
874.0 0.0005421621608547866
875.0 0.000652397284284234
876.0 0.00047480698412982747
877.0 0.0002972167521875235
878.0 0.00047255407480406575
879.0 0.0006478914656327106
880.0 0.0007106403700163355
881.0 0.0007733893653494306
882.0 0.0006089186172175687
883.0 0.00044444786908570677
884.0 0.00048402857828477863
885.0 0.0005236092420091154
886.0 0.0005038744347984903
887.0 0.0004841396275878651
888.0 0.00047055627874215133
889.0 0.00045697297537117265
890.0 0.0005127846634422895
891.0 0.0005685963515134063
892.0 0.000564385572943138
893.0 0.0005601748853223398
894.0 0.000406741673941724
895.0 0.0002533084852984757
896.0 0.0003615140485635493
897.0 0.0004697196800407255
898.0 0.0004548715423879912
899.0 0.000440023450209992
900.0 0.00036997394090576563
901.0 0.00029992443160153925
902.0 0.000385257135349093
903.0 0.00047058979362191167
904.0 0.0004778153652296169
905.0 0.0004850408458878519
906.0 0.0004364976120996289
