lsstCam/transmission_filter_detector/r33_s10/g_6/19700101T000000.ecsv
# %ECSV 1.0
# ---
# datatype:
# - {name: wavelength, unit: nm, datatype: float32}
# - {name: efficiency, unit: '%', datatype: float64}
# meta: !!omap
# - {MODE: DETECTOR}
# - {TYPE: transmission_filter_detector}
# - {CALIBDATE: '1970-01-01T00:00:00'}
# - {INSTRUME: LSSTCam}
# - {OBSTYPE: transmission_filter_detector}
# - {CALIBCLS: lsst.ip.isr.IntermediateFilterDetectorTransmissionCurve}
# - {SOURCE: Materion (DM-46256)}
# - {DETECTOR: 147}
# - {FILTER: g_6}
# - {CALIB_ID: 'calibDate=1970-01-01T00:00:00 filter=g_6 detector=147'}
# - {DATE: '2025-04-02T15:59:42.707684'}
# - {CALIB_CREATION_DATE: '2025-04-02'}
# - {CALIB_CREATION_TIME: '15:59:42'}
# - __serialized_columns__:
#     efficiency:
#       __class__: astropy.units.quantity.Quantity
#       unit: !astropy.units.Unit {unit: '%'}
#       value: !astropy.table.SerializedColumn {name: efficiency}
#     wavelength:
#       __class__: astropy.units.quantity.Quantity
#       unit: !astropy.units.Unit {unit: nm}
#       value: !astropy.table.SerializedColumn {name: wavelength}
# schema: astropy-2.0
wavelength efficiency
[from data line 608]
908.0 0.00040411082409264054
909.0 0.000420267178924405
910.0 0.00041833682189462706
911.0 0.0004164064648648491
912.0 0.00047829043978708796
913.0 0.0005401744147093268
914.0 0.0004999927114113234
915.0 0.0004598110535880551
916.0 0.00032431387353426544
917.0 0.00018881678442994598
918.0 0.0002643242169142468
919.0 0.00033983167213591514
920.0 0.00040307909330294933
921.0 0.00046632653720735107
922.0 0.0004053305929119233
923.0 0.000344334625879128
924.0 0.0004090367383469129
925.0 0.00047373878260259517
926.0 0.0004091215942025883
927.0 0.0003445043375904788
928.0 0.00048685028559702914
929.0 0.000629196256340947
930.0 0.0005625555331789656
931.0 0.0004959149009664543
932.0 0.0005321198841556907
933.0 0.0005683250037691323
934.0 0.000609452808930655
935.0 0.0006505806140921777
936.0 0.0005674178282788489
937.0 0.0004842550879402552
938.0 0.0005240808604867198
939.0 0.0005639067239826545
940.0 0.0006190804924699478
941.0 0.0006742542609572411
942.0 0.0006753718935215147
943.0 0.0006764895715605235
944.0 0.0006554797437274829
945.0 0.0006344698704197071
946.0 0.0007773292963975109
947.0 0.0009201888133247849
948.0 0.000819902379589621
949.0 0.000719615900379722
950.0 0.0006627778020629194
951.0 0.0006059396582713816
952.0 0.0008252895895566326
953.0 0.0010446397027408239
954.0 0.0009831145689531695
955.0 0.0009215891623171046
956.0 0.000776575780037092
957.0 0.0006315623977570795
958.0 0.0006646617293881718
959.0 0.0006977608791203238
960.0 0.0007343357992795063
961.0 0.0007709106284892187
962.0 0.0007109473244781839
963.0 0.0006509839295176789
964.0 0.0006094283889979124
965.0 0.0005678726665792055
966.0 0.000660439400235191
967.0 0.0007530062248406466
968.0 0.0006906812359375181
969.0 0.0006283563379838597
970.0 0.0005862961643288145
971.0 0.0005442360816232394
972.0 0.0006030147233104799
973.0 0.0006617932740482502
974.0 0.0006872814083180856
975.0 0.0007127695880626561
976.0 0.0007416781045321841
977.0 0.0007705866664764471
978.0 0.0007873928552726284
979.0 0.0008041989531193394
980.0 0.000791459660831606
981.0 0.0007787202775944024
982.0 0.0008662636901135556
983.0 0.0009538070116832387
984.0 0.0011187837117176969
985.0 0.001283760411752155
986.0 0.001274587611987954
987.0 0.0012654149031732231
988.0 0.0012246549886185676
989.0 0.0011838951650133822
990.0 0.001268572304979898
991.0 0.001353249535895884
992.0 0.0013527813280234113
993.0 0.0013523131201509386
994.0 0.0013403111552179325
995.0 0.0013283091902849264
996.0 0.001253847949556075
997.0 0.001179386345029343
998.0 0.0010979442777170334
999.0 0.0010165023923036642
1000.0 0.0011281558727205265
1001.0 0.0012398090802889783
1002.0 0.0012488639185903594
1003.0 0.0012579187568917405
1004.0 0.001279129628528608
1005.0 0.0013003405001654755
1006.0 0.0013627016414829995
1007.0 0.0014250626918510534
1008.0 0.0014427317182708066
1009.0 0.0014604004718421493
1010.0 0.0014840531548543368
1011.0 0.0015077061107149348
1012.0 0.0015712783351773396
1013.0 0.001634850377740804
1014.0 0.00194474050658755
1015.0 0.0022546302716364153
1016.0 0.0023854438040871173
1017.0 0.002516257154638879
1018.0 0.002762434996839147
1019.0 0.003008613384736236
1020.0 0.0031118353945203125
1021.0 0.00321505795000121
1022.0 0.003451154043432325
1023.0 0.0036872501368634403
1024.0 0.0038240970752667636
1025.0 0.003960944013670087
1026.0 0.00433722889283672
1027.0 0.004713514135801233
1028.0 0.004798564259544946
1029.0 0.00488361474708654
1030.0 0.004974030525772832
1031.0 0.005064446304459125
1032.0 0.00517178195877932
1033.0 0.0052791176130995154
1034.0 0.005302100180415437
1035.0 0.005325082747731358
1036.0 0.005608502760878764
1037.0 0.00589192241022829
1038.0 0.005932529893470928
1039.0 0.0059731373767135665
1040.0 0.006044764086254872
1041.0 0.006116391159594059
1042.0 0.00622766965534538
1043.0 0.006338948151096702
1044.0 0.006734686030540615
1045.0 0.007130423182388768
1046.0 0.007929089042590931
1047.0 0.008727754175197333
1048.0 0.009622086508898064
1049.0 0.010516419570194557
1050.0 0.012489379150792956
1051.0 0.014462336548604071
1052.0 0.017411058070138097
1053.0 0.020359781046863645
1054.0 0.024588729138486087
1055.0 0.028817669954150915
1056.0 0.03464184992481023
1057.0 0.04046602116432041
1058.0 0.04779988375958055
1059.0 0.05513373762369156
1060.0 0.06361647974699736
1061.0 0.07209922769106925
1062.0 0.08040049578994513
1063.0 0.08870175806805491
1064.0 0.09642610093578696
1065.0 0.10415042052045465
1066.0 0.11122283758595586
1067.0 0.11829526629298925
1068.0 0.1263159909285605
1069.0 0.1343367388471961
1070.0 0.14403341338038445
1071.0 0.1537300762720406
1072.0 0.1634230837225914
1073.0 0.17311607953161
1074.0 0.18367719603702426
1075.0 0.1942383125424385
1076.0 0.2049393719062209
1077.0 0.21564050111919641
1078.0 0.22569196298718452
1079.0 0.23574342485517263
1080.0 0.24983570910990238
1081.0 0.2639279467985034
1082.0 0.2837038831785321
1083.0 0.30347981955856085
1084.0 0.3397722961381078
1085.0 0.37606474943459034
1086.0 0.4158358555287123
1087.0 0.4556069150567055
1088.0 0.5040164105594158
1089.0 0.5524259060621262
1090.0 0.6289218552410603
1091.0 0.7054178044199944
1092.0 0.7747277617454529
1093.0 0.8440379984676838
1094.0 0.8894043043255806
1095.0 0.9347708895802498
1096.0 0.9906698949635029
1097.0 1.046568714082241
1098.0 1.1399063281714916
1099.0 1.2332439422607422
1100.0 1.3838638551533222
1101.0 1.5344839543104172
