lsstcam/qe_curves/r22_s12/19700101T000000.ecsv
# %ECSV 0.9
# ---
# datatype:
# - {name: amp_name, datatype: string}
# - {name: wavelength, unit: nm, datatype: float32}
# - {name: efficiency, unit: '%', datatype: float32}
# meta: !!omap
# - {MODE: AMP}
# - {TYPE: QE}
# - {CALIBDATE: '1970-01-01T00:00:00'}
# - {INSTRUME: LSSTCAM}
# - {OBSTYPE: qe_curves}
# - {DETECTOR: 95}
# - {PICKLEFILE: RaftRun11351.p}
# - {CALIB_ID: 'raftName=R22 detectorName=S12 detector=95 calibDate=1970-01-01T00:00:00 ccd=95 ccdnum=95 filter=None'}
# - {DATE: '2019-12-12T17:29:00.677700'}
# - {CALIB_CREATION_DATE: '2019-12-12'}
# - {CALIB_CREATION_TIME: '17:29:00'}
# - __serialized_columns__:
#     efficiency:
#       __class__: astropy.units.quantity.Quantity
#       unit: !astropy.units.Unit {unit: '%'}
#       value: !astropy.table.SerializedColumn {name: efficiency}
#     wavelength:
#       __class__: astropy.units.quantity.Quantity
#       unit: !astropy.units.Unit {unit: nm}
#       value: !astropy.table.SerializedColumn {name: wavelength}
# schema: astropy-2.0
amp_name wavelength efficiency
C05 319.994 45.802933
C05 324.969 51.778725
C05 349.982 78.09061
C05 374.975 83.2601
C05 400.019 88.301926
C05 424.965 88.3219
C05 450.035 89.11195
C05 475.003 91.12159
C05 500.018 93.03988
C05 525.002 94.936485
C05 550.029 96.45333
C05 575.023 97.17188
C05 599.982 98.69369
C05 619.997 98.88475
C05 624.979 99.0068
C05 650.012 99.37821
C05 675.004 99.627304
C05 700.03 98.98785
C05 725.012 98.4671
C05 750.022 98.735664
C05 774.987 98.90603
C05 799.976 98.09519
C05 824.988 96.201294
C05 850.022 94.2368
C05 869.967 91.02548
C05 875.002 90.484146
C05 899.999 83.23422
C05 919.999 74.216324
C05 925.012 72.163376
C05 949.965 58.02934
C05 975.002 43.588993
C05 999.976 26.132866
C05 1025.028 11.209436
C05 1050.014 4.0059037
C05 1075.002 2.152705
C05 1099.99 1.5891188
C13 319.994 46.042145
C13 324.969 52.04293
C13 349.982 78.22407
C13 374.975 83.13502
C13 400.019 88.13482
C13 424.965 88.17645
C13 450.035 88.98862
C13 475.003 91.01091
C13 500.018 92.9332
C13 525.002 94.82602
C13 550.029 96.32734
C13 575.023 97.03306
C13 599.982 98.54015
C13 619.997 98.721146
C13 624.979 98.83573
C13 650.012 99.19747
C13 675.004 99.427536
C13 700.03 98.77236
C13 725.012 98.222176
C13 750.022 98.45456
C13 774.987 98.58721
C13 799.976 97.77409
C13 824.988 95.91074
C13 850.022 93.938866
C13 869.967 90.822945
C13 875.002 90.30461
C13 899.999 83.10824
C13 919.999 74.04093
C13 925.012 72.06279
C13 949.965 58.262535
C13 975.002 43.87109
C13 999.976 26.22776
C13 1025.028 11.282019
C13 1050.014 4.0043116
C13 1075.002 2.1440978
C13 1099.99 1.5856942
C11 319.994 46.257805
C11 324.969 52.286175
C11 349.982 78.54198
C11 374.975 83.425385
C11 400.019 88.37217
C11 424.965 88.39166
C11 450.035 89.19102
C11 475.003 91.212776
C11 500.018 93.13446
C11 525.002 95.02761
C11 550.029 96.52832
C11 575.023 97.23203
C11 599.982 98.735756
C11 619.997 98.91575
C11 624.979 99.02835
C11 650.012 99.38383
C11 675.004 99.616646
C11 700.03 98.9672
C11 725.012 98.44585
C11 750.022 98.70927
C11 774.987 98.8773
C11 799.976 98.070854
C11 824.988 96.22115
C11 850.022 94.33281
C11 869.967 91.127
C11 875.002 90.58182
C11 899.999 83.50435
C11 919.999 74.3873
C11 925.012 72.39788
C11 949.965 58.485603
C11 975.002 43.936687
C11 999.976 26.44395
C11 1025.028 11.394373
C11 1050.014 4.0698733
C11 1075.002 2.183892
C11 1099.99 1.6017315
C07 319.994 46.157948
C07 324.969 52.175575
C07 349.982 78.5115
C07 374.975 83.551384
C07 400.019 88.5187
C07 424.965 88.52555
C07 450.035 89.3166
C07 475.003 91.33094
C07 500.018 93.25303
C07 525.002 95.14783
C07 550.029 96.65684
C07 575.023 97.37056
C07 599.982 98.883
C07 619.997 99.06666
C07 624.979 99.18652
C07 650.012 99.547226
C07 675.004 99.784355
C07 700.03 99.127464
C07 725.012 98.56343
C07 750.022 98.778
C07 774.987 98.89137
C07 799.976 98.05557
C07 824.988 96.20484
C07 850.022 94.2273
C07 869.967 91.055885
C07 875.002 90.55227
C07 899.999 83.46086
C07 919.999 74.33422
C07 925.012 72.15663
C07 949.965 57.833866
C07 975.002 43.60756
C07 999.976 26.282063
C07 1025.028 11.446178
C07 1050.014 4.1296196
C07 1075.002 2.195198
C07 1099.99 1.599642
C00 319.994 45.0838
C00 324.969 50.97799
C00 349.982 77.34033
C00 374.975 82.94731
C00 400.019 88.068474
C00 424.965 88.082436
C00 450.035 88.84593
C00 475.003 90.83885
C00 500.018 92.75013
C00 525.002 94.65545
C00 550.029 96.18367
C00 575.023 96.9297
C00 599.982 98.47899
C00 619.997 98.69472
C00 624.979 98.821594
C00 650.012 99.22325
C00 675.004 99.48479
C00 700.03 98.81005
C00 725.012 98.12972
C00 750.022 98.17323
C00 774.987 98.11125
C00 799.976 97.20944
C00 824.988 95.34489
C00 850.022 93.30528
C00 869.967 90.168304
C00 875.002 89.64494
C00 899.999 82.53359
C00 919.999 73.59628
C00 925.012 71.60998
C00 949.965 57.897514
C00 975.002 43.022655
C00 999.976 25.878223
C00 1025.028 11.218858
C00 1050.014 4.021525
C00 1075.002 2.1495981
C00 1099.99 1.5633377
C01 319.994 45.32384
C01 324.969 51.23949
C01 349.982 77.58641
C01 374.975 83.0962
C01 400.019 88.2341
C01 424.965 88.25612
C01 450.035 89.031555
C01 475.003 91.02682
C01 500.018 92.94446
C01 525.002 94.84723
C01 550.029 96.37212
C01 575.023 97.10852
C01 599.982 98.6505
C01 619.997 98.860245
C01 624.979 98.98759
C01 650.012 99.383026
C01 675.004 99.6359
C01 700.03 98.96857
C01 725.012 98.31431
C01 750.022 98.40031
C01 774.987 98.38349
C01 799.976 97.503105
C01 824.988 95.63296
C01 850.022 93.59423
C01 869.967 90.48032
C01 875.002 89.96558
C01 899.999 82.79307
C01 919.999 73.78481
C01 925.012 71.77326
C01 949.965 58.152237
C01 975.002 43.239418
C01 999.976 25.990213
C01 1025.028 11.205543
C01 1050.014 3.9984167
C01 1075.002 2.147494
C01 1099.99 1.5706872
C12 319.994 46.09424
C12 324.969 52.099728
C12 349.982 78.288445
C12 374.975 83.14263
C12 400.019 88.11667
C12 424.965 88.14853
C12 450.035 88.95411
C12 475.003 90.97561
C12 500.018 92.89576
C12 525.002 94.78422
C12 550.029 96.28581
C12 575.023 96.98715
C12 599.982 98.48858
C12 619.997 98.666985
C12 624.979 98.78331
C12 650.012 99.13839
C12 675.004 99.37039
C12 700.03 98.72318
C12 725.012 98.198875
C12 750.022 98.463135
C12 774.987 98.63085
C12 799.976 97.83061
C12 824.988 95.96556
C12 850.022 94.04424
C12 869.967 90.88866
C12 875.002 90.36836
C12 899.999 83.21769
C12 919.999 74.12401
C12 925.012 72.07506
C12 949.965 58.31054
C12 975.002 43.897697
C12 999.976 26.29241
C12 1025.028 11.30416
C12 1050.014 4.0180554
C12 1075.002 2.1563516
C12 1099.99 1.5918918
C10 319.994 46.296307
C10 324.969 52.331364
C10 349.982 78.621056
C10 374.975 83.520546
C10 400.019 88.44279
C10 424.965 88.44777
C10 450.035 89.24095
C10 475.003 91.25909
C10 500.018 93.180016
C10 525.002 95.0747
C10 550.029 96.5736
C10 575.023 97.27903
C10 599.982 98.782715
C10 619.997 98.9621
C10 624.979 99.07705
C10 650.012 99.43161
C10 675.004 99.66079
C10 700.03 99.000145
C10 725.012 98.4356
C10 750.022 98.64772
C10 774.987 98.76041
C10 799.976 97.93723
C10 824.988 96.12252
C10 850.022 94.22692
C10 869.967 91.00647
C10 875.002 90.4823
C10 899.999 83.616936
C10 919.999 74.389946
C10 925.012 72.355545
C10 949.965 58.33953
C10 975.002 43.893913
C10 999.976 26.62407
C10 1025.028 11.525496
C10 1050.014 4.1425214
C10 1075.002 2.200901
C10 1099.99 1.6068546
C02 319.994 45.375076
C02 324.969 51.295353
C02 349.982 77.57624
C02 374.975 82.967476
C02 400.019 88.08938
C02 424.965 88.1202
C02 450.035 88.903625
C02 475.003 90.904915
C02 500.018 92.81923
C02 525.002 94.71693
C02 550.029 96.23747
C02 575.023 96.96838
C02 599.982 98.50266
C02 619.997 98.70693
C02 624.979 98.83187
C02 650.012 99.21641
C02 675.004 99.47119
C02 700.03 98.80731
C02 725.012 98.192795
C02 750.022 98.3292
C02 774.987 98.365486
C02 799.976 97.506294
C02 824.988 95.63803
C02 850.022 93.650116
C02 869.967 90.47734
C02 875.002 89.9651
C02 899.999 82.88771
C02 919.999 73.76696
C02 925.012 71.77446
C02 949.965 58.07919
C02 975.002 43.249187
C02 999.976 26.093943
C02 1025.028 11.279388
C02 1050.014 3.9857175
C02 1075.002 2.1315162
C02 1099.99 1.571089
C06 319.994 45.969444
C06 324.969 51.96398
C06 349.982 78.27728
C06 374.975 83.38527
C06 400.019 88.38312
C06 424.965 88.396576
C06 450.035 89.1881
C06 475.003 91.20109
C06 500.018 93.11802
C06 525.002 95.01577
C06 550.029 96.52669
C06 575.023 97.24289
C06 599.982 98.76025
C06 619.997 98.95021
C06 624.979 99.068924
C06 650.012 99.43706
C06 675.004 99.68454
C06 700.03 99.04427
C06 725.012 98.5225
C06 750.022 98.79163
C06 774.987 98.963875
C06 799.976 98.15063
C06 824.988 96.269356
C06 850.022 94.312485
C06 869.967 91.068375
C06 875.002 90.54493
C06 899.999 83.42217
C06 919.999 74.38883
C06 925.012 72.31396
C06 949.965 57.993732
C06 975.002 43.514473
C06 999.976 26.112436
C06 1025.028 11.294064
C06 1050.014 4.059363
C06 1075.002 2.1807063
C06 1099.99 1.5946445
C16 319.994 45.79121
C16 324.969 51.765358
C16 349.982 77.961174
C16 374.975 83.00358
C16 400.019 88.03504
C16 424.965 88.07286
C16 450.035 88.87483
C16 475.003 90.88688
C16 500.018 92.80705
C16 525.002 94.699524
C16 550.029 96.20595
C16 575.023 96.92078
C16 599.982 98.43665
C16 619.997 98.62533
C16 624.979 98.74472
C16 650.012 99.114784
C16 675.004 99.3464
C16 700.03 98.66252
C16 725.012 98.000084
C16 750.022 98.07865
C16 774.987 98.06014
C16 799.976 97.18458
C16 824.988 95.35053
C16 850.022 93.29221
C16 869.967 90.17616
C16 875.002 89.69847
C16 899.999 82.65485
C16 919.999 73.6331
C16 925.012 71.69571
C16 949.965 58.03639
C16 975.002 43.636612
C16 999.976 26.224752
C16 1025.028 11.222189
C16 1050.014 3.9632547
C16 1075.002 2.1201375
C16 1099.99 1.5664922
C15 319.994 45.872852
C15 324.969 51.853672
C15 349.982 78.022285
C15 374.975 82.986244
C15 400.019 88.01204
C15 424.965 88.057724
C15 450.035 88.863625
C15 475.003 90.883835
C15 500.018 92.802895
C15 525.002 94.693535
C15 550.029 96.20088
C15 575.023 96.91035
C15 599.982 98.41823
C15 619.997 98.60257
C15 624.979 98.72081
C15 650.012 99.08325
C15 675.004 99.31726
C15 700.03 98.63819
C15 725.012 98.017525
C15 750.022 98.14387
C15 774.987 98.17397
C15 799.976 97.31991
C15 824.988 95.475235
C15 850.022 93.42603
C15 869.967 90.33006
C15 875.002 89.848724
C15 899.999 82.73868
C15 919.999 73.73122
C15 925.012 71.766975
C15 949.965 58.016556
C15 975.002 43.725758
C15 999.976 26.165094
C15 1025.028 11.213478
C15 1050.014 3.9602218
C15 1075.002 2.121042
C15 1099.99 1.5709394
C14 319.994 46.019424
C14 324.969 52.016994
C14 349.982 78.208855
C14 374.975 83.151344
C14 400.019 88.13626
C14 424.965 88.16745
C14 450.035 88.97053
C14 475.003 90.98903
C14 500.018 92.90512
C14 525.002 94.79598
C14 550.029 96.30069
C14 575.023 97.0091
C14 599.982 98.51309
C14 619.997 98.6962
C14 624.979 98.81323
C14 650.012 99.17501
C14 675.004 99.40689
C14 700.03 98.739
C14 725.012 98.1526
C14 750.022 98.33899
C14 774.987 98.422104
C14 799.976 97.585815
C14 824.988 95.73234
C14 850.022 93.706375
C14 869.967 90.6026
C14 875.002 90.12679
C14 899.999 82.94246
C14 919.999 73.85844
C14 925.012 71.92272
C14 949.965 58.13966
C14 975.002 43.80793
C14 999.976 26.206715
C14 1025.028 11.2550535
C14 1050.014 3.982522
C14 1075.002 2.1307871
C14 1099.99 1.5782912
C04 319.994 45.581688
C04 324.969 51.527023
C04 349.982 77.77106
C04 374.975 83.022026
C04 400.019 88.09923
C04 424.965 88.137054
C04 450.035 88.92943
C04 475.003 90.939674
C04 500.018 92.85559
C04 525.002 94.75215
C04 550.029 96.26909
C04 575.023 96.99416
C04 599.982 98.51471
C04 619.997 98.71102
C04 624.979 98.83465
C04 650.012 99.21131
C04 675.004 99.45879
C04 700.03 98.817184
C04 725.012 98.27256
C04 750.022 98.50982
C04 774.987 98.64682
C04 799.976 97.82618
C04 824.988 95.94118
C04 850.022 93.944405
C04 869.967 90.76305
C04 875.002 90.27328
C04 899.999 83.00321
C04 919.999 73.859055
C04 925.012 71.91586
C04 949.965 58.01697
C04 975.002 43.523094
C04 999.976 26.19494
C04 1025.028 11.214203
C04 1050.014 3.9646082
C04 1075.002 2.1319456
C04 1099.99 1.5802367
C17 319.994 45.704784
C17 324.969 51.676407
C17 349.982 78.01521
C17 374.975 83.1564
C17 400.019 88.13916
C17 424.965 88.14104
C17 450.035 88.92134
C17 475.003 90.92654
C17 500.018 92.84569
C17 525.002 94.7428
C17 550.029 96.26124
C17 575.023 96.98738
C17 599.982 98.51468
C17 619.997 98.71221
C17 624.979 98.83305
C17 650.012 99.21139
C17 675.004 99.45095
C17 700.03 98.76162
C17 725.012 98.074265
C17 750.022 98.108696
C17 774.987 98.051636
C17 799.976 97.15862
C17 824.988 95.33211
C17 850.022 93.267555
C17 869.967 90.128944
C17 875.002 89.65292
C17 899.999 82.64564
C17 919.999 73.593735
C17 925.012 71.675476
C17 949.965 58.1209
C17 975.002 43.61377
C17 999.976 26.279709
C17 1025.028 11.264708
C17 1050.014 3.9896858
C17 1075.002 2.1264427
C17 1099.99 1.563644
C03 319.994 45.63169
C03 324.969 51.58637
C03 349.982 77.9263
C03 374.975 83.26858
C03 400.019 88.36817
C03 424.965 88.39886
C03 450.035 89.18214
C03 475.003 91.19388
C03 500.018 93.11059
C03 525.002 95.014915
C03 550.029 96.53659
C03 575.023 97.26713
C03 599.982 98.79562
C03 619.997 98.997505
C03 624.979 99.12039
C03 650.012 99.50389
C03 675.004 99.758606
C03 700.03 99.101715
C03 725.012 98.51921
C03 750.022 98.71108
C03 774.987 98.80091
C03 799.976 97.95931
C03 824.988 96.0747
C03 850.022 94.08406
C03 869.967 90.90892
C03 875.002 90.393906
C03 899.999 83.24251
C03 919.999 73.94456
C03 925.012 71.96361
C03 949.965 58.28908
C03 975.002 43.531296
C03 999.976 26.290602
C03 1025.028 11.316622
C03 1050.014 3.9731464
C03 1075.002 2.127503
C03 1099.99 1.5796058
