lsstCam/transmission_filter_detector/r24_s22/i_39/19700101T000000.ecsv
# %ECSV 1.0
# ---
# datatype:
# - {name: wavelength, unit: nm, datatype: float32}
# - {name: efficiency, unit: '%', datatype: float64}
# meta: !!omap
# - {MODE: DETECTOR}
# - {TYPE: transmission_filter_detector}
# - {CALIBDATE: '1970-01-01T00:00:00'}
# - {INSTRUME: LSSTCam}
# - {OBSTYPE: transmission_filter_detector}
# - {CALIBCLS: lsst.ip.isr.IntermediateFilterDetectorTransmissionCurve}
# - {SOURCE: Materion (DM-46256)}
# - {DETECTOR: 116}
# - {FILTER: i_39}
# - {CALIB_ID: 'calibDate=1970-01-01T00:00:00 filter=i_39 detector=116'}
# - {DATE: '2025-04-02T15:59:47.017659'}
# - {CALIB_CREATION_DATE: '2025-04-02'}
# - {CALIB_CREATION_TIME: '15:59:47'}
# - __serialized_columns__:
#     efficiency:
#       __class__: astropy.units.quantity.Quantity
#       unit: !astropy.units.Unit {unit: '%'}
#       value: !astropy.table.SerializedColumn {name: efficiency}
#     wavelength:
#       __class__: astropy.units.quantity.Quantity
#       unit: !astropy.units.Unit {unit: nm}
#       value: !astropy.table.SerializedColumn {name: wavelength}
# schema: astropy-2.0
wavelength efficiency
[from data line 597]
897.0 1.7057277899162893e-10
898.0 1.7057277899162893e-10
899.0 1.7057277899162893e-10
900.0 1.7057277899162893e-10
901.0 1.7057277899162893e-10
902.0 1.7057277899162893e-10
903.0 1.7057277899162893e-10
904.0 1.7057277899162893e-10
905.0 1.7057277899162893e-10
906.0 3.5196802627979196e-05
907.0 6.50804793167481e-05
908.0 9.496416737420077e-05
909.0 6.852201295259874e-05
910.0 4.207983579362917e-05
911.0 0.0001531943667032465
912.0 0.0002643088919285219
913.0 0.00014870895483909408
914.0 3.310902059183718e-05
915.0 1.7057277899162893e-10
916.0 1.7057277899162893e-10
917.0 1.7057277899162893e-10
918.0 1.7057277899162893e-10
919.0 1.7057277899162893e-10
920.0 8.664680990477791e-05
921.0 4.020079700239876e-05
922.0 1.7057277899162893e-10
923.0 1.7057277899162893e-10
924.0 1.7057277899162893e-10
925.0 3.196423392637371e-05
926.0 0.00021026773993071401
927.0 1.7057277899162893e-10
928.0 1.7057277899162893e-10
929.0 1.7057277899162893e-10
930.0 1.252068386747851e-05
931.0 0.0001131912767959875
932.0 0.00021386183561844518
933.0 0.00014447452940657968
934.0 7.50872516164236e-05
935.0 1.7057277899162893e-10
936.0 1.7057277899162893e-10
937.0 1.7057277899162893e-10
938.0 1.7057277899162893e-10
939.0 1.7057277899162893e-10
940.0 1.7057277899162893e-10
941.0 1.7057277899162893e-10
942.0 1.7057277899162893e-10
943.0 4.689671868618461e-05
944.0 9.941195457940921e-05
945.0 1.7057277899162893e-10
946.0 1.7057277899162893e-10
947.0 1.7057277899162893e-10
948.0 1.7057277899162893e-10
949.0 1.7057277899162893e-10
950.0 1.7057277899162893e-10
951.0 1.7057277899162893e-10
952.0 7.107397550498717e-05
953.0 1.7057277899162893e-10
954.0 1.7057277899162893e-10
955.0 1.7057277899162893e-10
956.0 1.691913098511577e-05
957.0 0.00011875945347128436
958.0 0.0002205997589044273
959.0 0.00024867235879355576
960.0 0.00027674498142005177
961.0 0.0002042127107415581
962.0 0.00013168039458832936
963.0 5.6687747473915806e-05
964.0 1.7057277899162893e-10
965.0 2.412573962828901e-05
966.0 6.655635047536634e-05
967.0 1.7057277899162893e-10
968.0 1.7057277899162893e-10
969.0 1.7057277899162893e-10
970.0 0.00010013309292844497
971.0 1.7057277899162893e-10
972.0 1.7057277899162893e-10
973.0 1.7057277899162893e-10
974.0 7.470362106687389e-05
975.0 1.7057277899162893e-10
976.0 1.7057277899162893e-10
977.0 1.7057277899162893e-10
978.0 1.7057277899162893e-10
979.0 1.7057277899162893e-10
980.0 1.7057277899162893e-10
981.0 1.7057277899162893e-10
982.0 1.7057277899162893e-10
983.0 1.7057277899162893e-10
984.0 1.7057277899162893e-10
985.0 1.7057277899162893e-10
986.0 0.00021313589968485758
987.0 3.138601414320874e-05
988.0 1.7057277899162893e-10
989.0 1.7057277899162893e-10
990.0 1.4592912123134738e-05
991.0 3.916058233244257e-05
992.0 6.372827670020342e-05
993.0 4.188499929114187e-05
994.0 2.0041727566422196e-05
995.0 1.7057277899162893e-10
996.0 1.7057277899162893e-10
997.0 6.510782668556203e-05
998.0 0.0001505088903286378
999.0 0.0002200523567807977
1000.0 0.0002895958004955901
1001.0 0.0002692140924409614
1002.0 0.0002488323843863327
1003.0 0.00013733011883232393
1004.0 2.582785327831516e-05
1005.0 1.7057277899162893e-10
1006.0 1.7057277899162893e-10
1007.0 1.7057277899162893e-10
1008.0 2.20832546915517e-05
1009.0 1.9005985052444885e-05
1010.0 1.5928695518141467e-05
1011.0 0.00011774046697610174
1012.0 0.00021955222564429278
1013.0 0.00025863503196887905
1014.0 0.0002977178155560978
1015.0 0.0003449277528488892
1016.0 0.00039213773561641574
1017.0 0.00035446414585749153
1018.0 0.0003167906015733024
1019.0 0.00023780385163263418
1020.0 0.00015881711306064972
1021.0 0.00021776561425213004
1022.0 0.0002767141268122941
1023.0 0.00044591902224055957
1024.0 0.0006151240086182952
1025.0 0.0005317428531270707
1026.0 0.0004483617885853164
1027.0 0.0005065281584393233
1028.0 0.0005646945282933302
1029.0 0.0009480702829023357
1030.0 0.001331445855612401
1031.0 0.001693047488515731
1032.0 0.0020546489395201206
1033.0 0.0023238826543092728
1034.0 0.0025931161871994846
1035.0 0.0031960174965206534
1036.0 0.0037989189877407625
1037.0 0.003677370841614902
1038.0 0.0035558226954890415
1039.0 0.002947289431176614
1040.0 0.0023387565306620672
1041.0 0.0021580795873887837
1042.0 0.001977403007913381
1043.0 0.0023273400074685924
1044.0 0.0026772771889227442
1045.0 0.0030435472581302747
1046.0 0.0034098175092367455
1047.0 0.0035775723517872393
1048.0 0.003745327194337733
1049.0 0.003251263842685148
1050.0 0.002757200309133623
1051.0 0.0026809093469637446
1052.0 0.002604618748591747
1053.0 0.002104622035403736
1054.0 0.0016046251403167844
1055.0 0.0012734171832562424
1056.0 0.0009422091352462303
1057.0 0.0008675414392200764
1058.0 0.0007928740160423331
1059.0 0.0008809510291030165
1060.0 0.0009690279512142297
1061.0 0.0013021689483139198
1062.0 0.0016353096725651994
1063.0 0.002061092345684301
1064.0 0.0024868748369044624
1065.0 0.003291758184786886
1066.0 0.004096641350770369
1067.0 0.004460758282220922
1068.0 0.004824876305065118
1069.0 0.0043521675252122805
1070.0 0.003879458745359443
1071.0 0.003539300450938754
1072.0 0.003199142520315945
1073.0 0.0028699221729766577
1074.0 0.002540702189435251
1075.0 0.0022055968656786717
1076.0 0.0018704915419220924
1077.0 0.0023003070964477956
1078.0 0.0027301224690745585
1079.0 0.002473451786499936
1080.0 0.002216781103925314
1081.0 0.0015387557141366415
1082.0 0.0008607304152974393
1083.0 0.0008243735464930069
1084.0 0.0007880164048401639
1085.0 0.000681514575262554
1086.0 0.0005750128366344143
1087.0 0.00028740971629304113
1088.0 1.7057277899162893e-10
1089.0 1.7057277899162893e-10
1090.0 1.7057277899162893e-10
1091.0 1.7057277899162893e-10
1092.0 1.7057277899162893e-10
1093.0 1.7057277899162893e-10
1094.0 8.80225684340985e-05
1095.0 1.7057277899162893e-10
1096.0 1.7057277899162893e-10
1097.0 1.7057277899162893e-10
1098.0 1.7057277899162893e-10
1099.0 0.00029841633022442693
1100.0 0.0013200813555158675
