lsstCam/transmission_filter_detector/r24_s22/i_39/19700101T000000.ecsv
# %ECSV 1.0
# ---
# datatype:
# - {name: wavelength, unit: nm, datatype: float32}
# - {name: efficiency, unit: '%', datatype: float64}
# meta: !!omap
# - {MODE: DETECTOR}
# - {TYPE: transmission_filter_detector}
# - {CALIBDATE: '1970-01-01T00:00:00'}
# - {INSTRUME: LSSTCam}
# - {OBSTYPE: transmission_filter_detector}
# - {CALIBCLS: lsst.ip.isr.IntermediateFilterDetectorTransmissionCurve}
# - {SOURCE: Materion (DM-46256)}
# - {DETECTOR: 116}
# - {FILTER: i_39}
# - {CALIB_ID: 'calibDate=1970-01-01T00:00:00 filter=i_39 detector=116'}
# - {DATE: '2025-04-02T15:59:47.017659'}
# - {CALIB_CREATION_DATE: '2025-04-02'}
# - {CALIB_CREATION_TIME: '15:59:47'}
# - __serialized_columns__:
#     efficiency:
#       __class__: astropy.units.quantity.Quantity
#       unit: !astropy.units.Unit {unit: '%'}
#       value: !astropy.table.SerializedColumn {name: efficiency}
#     wavelength:
#       __class__: astropy.units.quantity.Quantity
#       unit: !astropy.units.Unit {unit: nm}
#       value: !astropy.table.SerializedColumn {name: wavelength}
# schema: astropy-2.0
wavelength efficiency
300.0 0.006994479917921126
301.0 0.006919936276972294
302.0 0.006845420284662396
303.0 0.007034185546217486
304.0 0.007222952990559861
305.0 0.002827641219482757
306.0 1.7057277899162893e-10
307.0 1.7057277899162893e-10
308.0 1.7057277899162893e-10
309.0 1.7057277899162893e-10
310.0 1.7057277899162893e-10
311.0 1.7057277899162893e-10
312.0 1.7057277899162893e-10
313.0 1.7057277899162893e-10
314.0 1.7057277899162893e-10
315.0 1.7057277899162893e-10
316.0 1.7057277899162893e-10
317.0 1.7057277899162893e-10
318.0 1.7057277899162893e-10
319.0 1.7057277899162893e-10
320.0 1.7057277899162893e-10
321.0 1.7057277899162893e-10
322.0 1.7057277899162893e-10
323.0 7.554038461421442e-05
324.0 0.0002003430154218222
325.0 0.0004525320946413558
326.0 0.000704720741850906
327.0 0.00105191193142673
328.0 0.0013991030755278189
329.0 0.000937366894504521
330.0 0.000475631122753839
331.0 0.001976118073798716
332.0 0.0034766057069646195
333.0 0.003951991311623715
334.0 0.00442737691628281
335.0 0.0022027836166671477
336.0 1.7057277899162893e-10
337.0 0.0007400563845294528
338.0 0.0015019219972600695
339.0 0.0015854346202104352
340.0 0.0016689471522113308
341.0 0.0009399477676197421
342.0 0.00021094804196764017
343.0 0.0003642673163994914
344.0 0.0005175866590434453
345.0 2.4757827077337424e-05
346.0 1.7057277899162893e-10
347.0 1.7057277899162893e-10
348.0 1.7057277899162893e-10
349.0 1.7057277899162893e-10
350.0 0.0010968188689730596
351.0 0.0003858563559333561
352.0 1.7057277899162893e-10
353.0 1.7057277899162893e-10
354.0 1.7057277899162893e-10
355.0 5.012382757740852e-05
356.0 0.0005778365448350087
357.0 0.0007588134394609369
358.0 0.0009397906069352757
359.0 0.0007660259143449366
360.0 0.0005922610398556571
361.0 0.0009000015779747628
362.0 0.0012077420251443982
363.0 0.0004670250291383127
364.0 1.7057277899162893e-10
365.0 0.00015041184724395862
366.0 0.0005745158432546305
367.0 0.0003258026481489651
368.0 7.708943599027407e-05
369.0 0.0006235198725335067
370.0 0.0011699506103468593
371.0 0.0005214275461185025
372.0 1.7057277899162893e-10
373.0 0.00016398117850258132
374.0 0.0004550575340545038
375.0 7.275385200955498e-05
376.0 1.7057277899162893e-10
377.0 1.7057277899162893e-10
378.0 1.7057277899162893e-10
379.0 1.7057277899162893e-10
380.0 1.7057277899162893e-10
381.0 1.7057277899162893e-10
382.0 1.7057277899162893e-10
383.0 0.0006539780315506505
384.0 0.001817398333514575
385.0 0.0011776672181440517
386.0 0.000537936330147204
387.0 0.00015036720242278534
388.0 1.7057277899162893e-10
389.0 0.00010971588153552148
390.0 0.00045663368837267626
391.0 0.00011280062608420849
392.0 1.7057277899162893e-10
393.0 1.7057277899162893e-10
394.0 1.7057277899162893e-10
395.0 0.00028799283882108284
396.0 0.0009114406566368416
397.0 0.0006176261649670778
398.0 0.00032381165055994643
399.0 0.0011612943126237951
400.0 0.001998776861000806
401.0 0.0036110814107814804
402.0 0.005223385960562155
403.0 0.004982641985407099
404.0 0.0047418994654435664
405.0 0.004195377550786361
406.0 0.003648856363724917
407.0 0.001955177322088275
408.0 0.0002614971435832558
409.0 0.0005295064966048812
410.0 0.0007975152584549505
411.0 0.0031448267691303045
412.0 0.005492138006957248
413.0 0.004887273462372832
414.0 0.004282408190192655
415.0 0.0035383665817789733
416.0 0.0027943253371631727
417.0 0.0031972831493476406
418.0 0.0036002405977342278
419.0 0.003714722697623074
420.0 0.0038292044337140396
421.0 0.004583569534588605
422.0 0.005337935363058932
423.0 0.005057433008914813
424.0 0.004776931018568575
425.0 0.00438698916696012
426.0 0.003997046951553784
427.0 0.004724835162051022
428.0 0.005452624463941902
429.0 0.005253104609437287
430.0 0.005053585846326314
431.0 0.004202334457659163
432.0 0.0033510837965877727
433.0 0.0038558348023798317
434.0 0.004360585808171891
435.0 0.003667876444524154
436.0 0.002975166898977477
437.0 0.001897727452160325
438.0 0.0008202880053431727
439.0 0.0017747845049598254
440.0 0.0027292811864754185
441.0 0.001917682857310865
442.0 0.0011060846190957818
443.0 0.001143261124525452
444.0 0.0011804379028035328
445.0 0.0009817409591050819
446.0 0.0007830441973055713
447.0 0.0005155134203960188
448.0 0.000247982757173304
449.0 0.00020698332718893653
450.0 0.00016598370393694495
451.0 0.00036015640034747776
452.0 0.0005543289717024891
453.0 0.0009115648026636336
454.0 0.0012688007700489834
455.0 0.0012014265848847572
456.0 0.0011340524906700011
457.0 0.000526773692399729
458.0 1.7057277899162893e-10
459.0 0.00011629228993115248
460.0 0.0003130896402581129
461.0 0.0006408732588170096
462.0 0.0009686567864264362
463.0 0.0008026084287848789
464.0 0.0006365599801938515
465.0 0.0003422905592742609
466.0 4.8021229304140434e-05
467.0 0.00034315344237256795
468.0 0.0006382857463904656
469.0 0.0006573129212483764
470.0 0.0006763401870557573
471.0 0.0007132233804441057
472.0 0.0007501066647819243
473.0 0.0007391093276964966
474.0 0.0007281119906110689
475.0 0.0005308325398800662
476.0 0.00033355324831063626
477.0 0.00030318976769194705
478.0 0.0002728263098106254
479.0 0.0012751951544487383
480.0 0.0022775640900363214
481.0 0.0027804504497908056
482.0 0.0032833366276463494
483.0 0.004559920125757344
484.0 0.005836503623868339
485.0 0.006065645357011817
486.0 0.006294786726357415
487.0 0.009130544640356675
488.0 0.011966301826760173
489.0 0.015538449224550277
490.0 0.01911059662234038
491.0 0.022836224525235593
492.0 0.026561852428130805
493.0 0.02915488730650395
494.0 0.0317479221848771
495.0 0.028904664213769138
496.0 0.026061406242661178
497.0 0.020014445181004703
498.0 0.013967484119348228
499.0 0.009976602450478822
500.0 0.005985721873003058
501.0 0.004158672891207971
502.0 0.002331623363716062
503.0 0.0022424637791118585
504.0 0.002153303830709774
505.0 0.0018899667338700965
506.0 0.001626629637030419
507.0 0.001976031853700988
508.0 0.002325434070371557
509.0 0.002639530248416122
510.0 0.0029536260626628064
511.0 0.0024390283215325326
512.0 0.0019244307623011991
513.0 0.0017785612726584077
514.0 0.001632692146813497
515.0 0.0019682584024849348
516.0 0.0023038244762574323
517.0 0.002220117130491417
518.0 0.0021364097847254016
519.0 0.0020090259567950852
520.0 0.0018816419469658285
521.0 0.0017779271729523316
522.0 0.0016742123989388347
523.0 0.0015426227037096396
524.0 0.0014110330994299147
525.0 0.002178859358537011
526.0 0.0029466853447956964
527.0 0.002961503378173802
528.0 0.002976321593450848
529.0 0.003290773747721687
530.0 0.0036052257200935856
531.0 0.003268581349402666
532.0 0.0029319369787117466
533.0 0.002375003168708645
534.0 0.0018180695406044833
535.0 0.001943996176123619
536.0 0.002069922993541695
537.0 0.0026246296329190955
538.0 0.003179335908498615
539.0 0.0036345958505989984
540.0 0.004089856156497262
541.0 0.00453754655609373
542.0 0.004985237319488078
543.0 0.005326044265530072
544.0 0.005666851575369947
545.0 0.004633266507880762
546.0 0.0035996814403915778
547.0 0.0027612424673861824
548.0 0.0019228031305829063
549.0 0.0017592394215171225
550.0 0.0015956757124513388
551.0 0.0015064967556099873
552.0 0.0014173180716170464
553.0 0.0017664029655861668
554.0 0.002115487768605817
555.0 0.001410122149536619
556.0 0.0007047565304674208
557.0 0.0007844188075978309
558.0 0.0008640812666271813
559.0 0.00041203084037988447
560.0 1.7057277899162893e-10
561.0 0.0006904731890244875
562.0 0.0014209661458153278
563.0 0.0015210832316370215
564.0 0.0016212003174587153
565.0 0.001278988565900363
566.0 0.0009367769962409511
567.0 0.0011262315638305154
568.0 0.0013156861314200796
569.0 0.0009733962542668451
570.0 0.0006311063771136105
571.0 0.0005186755061004078
572.0 0.00040624449866299983
573.0 0.0006203349130373681
574.0 0.0008344253728864715
575.0 0.0006581594789167866
576.0 0.00048189367589657195
577.0 0.0005362435331335291
578.0 0.0005905934813199565
579.0 0.0003170778200001223
580.0 4.3562144469433406e-05
581.0 0.0002568528316260199
582.0 0.0004701435045717517
583.0 0.00048047013478935696
584.0 0.0004907967195322271
585.0 0.0006394438969437033
586.0 0.00078809134720359
587.0 0.0006202620625117561
588.0 0.0004524327778199222
589.0 0.0005230902843322838
590.0 0.0005937478363193804
591.0 0.0007964020369399805
592.0 0.000999056010186905
593.0 0.0006718690656271065
594.0 0.00034468200738047017
595.0 0.00041146531657432206
596.0 0.0004782485575560713
597.0 0.0005106025582790608
598.0 0.0005429566044767853
599.0 0.0005492134732776321
600.0 0.0005554703875532141
601.0 0.0004893952336715301
602.0 0.0004233200343151111
603.0 0.00021702003323298413
604.0 1.0719949017357067e-05
605.0 9.308161565968476e-05
606.0 0.000175443267380615
607.0 0.0003110843408649089
608.0 0.00044672538024315145
609.0 0.00041683651943458244
610.0 0.00038694752220180817
611.0 0.0004811712642549537
612.0 0.0005753949608333642
613.0 0.0003815321178990416
614.0 0.00018766936591418926
615.0 0.00021105063297000015
616.0 0.0002344318772884435
617.0 0.00022850358618597966
618.0 0.00022257536329561844
619.0 0.0003174876383127412
620.0 0.0004124000042793341
621.0 0.00037257038911775453
622.0 0.0003327407512188074
623.0 0.0003550228711901582
624.0 0.0003773049684241414
625.0 0.0004010084467154229
626.0 0.0004247119250067044
627.0 0.00035318541904416634
628.0 0.0002816588903442607
629.0 0.0003222096665922436
630.0 0.0003627604201028589
631.0 0.0003942191597161582
632.0 0.00042567789932945743
633.0 0.00045014430725132115
634.0 0.0004746106696984498
635.0 0.0004889951469522202
636.0 0.0005033796242059907
637.0 0.00045914925976831
638.0 0.00041491871343168896
639.0 0.000492485423819744
640.0 0.000570052088733064
641.0 0.000538479071110487
642.0 0.000506906098962645
643.0 0.000651514392302488
644.0 0.000796122731117066
645.0 0.0007145128620322794
646.0 0.0006329029929474927
647.0 0.000625260599917965
648.0 0.0006176182978379074
649.0 0.0006235254204511875
650.0 0.0006294325885392027
651.0 0.0007200813342933543
652.0 0.000810730125522241
653.0 0.0010129547263204586
654.0 0.0012151794180681463
655.0 0.0016462541680084541
656.0 0.002077329008898232
657.0 0.0030047947802813724
658.0 0.0039322600059676915
659.0 0.0063280167523771524
660.0 0.0469090708065778
661.0 0.061474740505218506
662.0 0.0946317333728075
663.0 0.07991645252332091
664.0 0.1322934520430863
665.0 0.1346006989479065
666.0 0.14570705825462937
667.0 0.17737767193466425
668.0 0.18300891388207674
669.0 0.18751340685412288
670.0 0.33593117259442806
671.0 0.44322735629975796
672.0 0.6914947647601366
673.0 1.1292988434433937
674.0 1.7460601404309273
675.0 2.5605376809835434
676.0 3.6133665591478348
677.0 4.972587525844574
678.0 6.339430063962936
679.0 7.788144797086716
680.0 9.624693542718887
681.0 11.698317527770996
682.0 14.275732636451721
683.0 17.12159663438797
684.0 20.18198072910309
685.0 23.17427545785904
686.0 26.189252734184265
687.0 29.368308186531067
688.0 32.56136178970337
689.0 35.718345642089844
690.0 39.36280310153961
691.0 43.28388571739197
692.0 48.03977012634277
693.0 53.096556663513184
694.0 58.869898319244385
695.0 64.5113468170166
696.0 70.73342800140381
697.0 76.29277110099792
698.0 82.33582377433777
699.0 86.99181079864502
700.0 90.58809280395508
701.0 93.49229335784912
702.0 95.53649425506592
703.0 96.65623307228088
704.0 97.16423153877258
705.0 97.64077663421631
706.0 97.69195914268494
707.0 97.9292631149292
708.0 97.9605495929718
709.0 97.99684882164001
710.0 97.741037607193
711.0 97.94383645057678
712.0 97.87002801895142
713.0 97.94709086418152
714.0 98.01972508430481
715.0 98.12305569648743
716.0 97.8983461856842
717.0 98.14218878746033
718.0 98.2031762599945
719.0 98.15464615821838
720.0 98.38849306106567
721.0 98.31076860427856
722.0 98.08593392372131
723.0 97.78617024421692
724.0 97.46629595756531
725.0 97.17345833778381
726.0 96.85415625572205
727.0 96.55342102050781
728.0 96.29396796226501
729.0 96.12583518028259
730.0 96.09549641609192
731.0 96.15670442581177
732.0 96.18809819221497
733.0 96.5349793434143
734.0 96.90625071525574
735.0 97.2174346446991
736.0 97.5927472114563
737.0 97.91966080665588
738.0 98.22276830673218
739.0 98.61070513725281
740.0 98.72138500213623
741.0 98.53386878967285
742.0 98.83211851119995
743.0 98.60820174217224
744.0 98.44810366630554
745.0 98.51968288421631
746.0 98.41899871826172
747.0 98.68891835212708
748.0 98.55630397796631
749.0 98.45242500305176
750.0 98.36989045143127
751.0 98.4089732170105
752.0 98.27541708946228
753.0 98.5306441783905
754.0 98.43984842300415
755.0 98.47687482833862
756.0 98.56536388397217
757.0 98.62335324287415
758.0 98.69723320007324
759.0 98.67826104164124
760.0 98.5474705696106
761.0 98.44784140586853
762.0 98.5160768032074
763.0 98.49002957344055
764.0 98.30941557884216
765.0 98.30893874168396
766.0 98.33090901374817
767.0 98.12564849853516
768.0 98.19847345352173
769.0 98.26325178146362
770.0 97.95969128608704
771.0 98.09927940368652
772.0 98.12698364257812
773.0 98.023122549057
774.0 97.9192316532135
775.0 98.01267385482788
776.0 97.93200492858887
777.0 97.97324538230896
778.0 97.89674282073975
779.0 97.88918495178223
780.0 97.8216826915741
781.0 98.00266027450562
782.0 97.89981842041016
783.0 97.96494245529175
784.0 97.95867204666138
785.0 98.06537628173828
786.0 98.18471074104309
787.0 97.9713499546051
788.0 98.1247067451477
789.0 98.14502000808716
790.0 98.10218811035156
791.0 98.11055064201355
792.0 97.97308444976807
793.0 97.96437621116638
794.0 97.97035455703735
795.0 97.87651300430298
796.0 97.9265809059143
797.0 97.9975700378418
798.0 97.98396825790405
799.0 97.9047954082489
800.0 97.66086935997009
801.0 97.76219725608826
802.0 97.64019846916199
803.0 97.45702743530273
804.0 97.22477197647095
805.0 96.91281914710999
806.0 96.75061106681824
807.0 96.1064875125885
808.0 95.35354971885681
809.0 94.48866844177246
810.0 93.42584013938904
811.0 91.78928732872009
812.0 89.91832137107849
813.0 87.56149411201477
814.0 84.74563360214233
815.0 81.51559829711914
816.0 78.0316174030304
817.0 73.90124201774597
818.0 69.10708546638489
819.0 64.87099528312683
820.0 59.78562831878662
821.0 55.1691472530365
822.0 50.590187311172485
823.0 45.94182372093201
824.0 41.26329720020294
825.0 36.95719242095947
826.0 32.45096206665039
827.0 27.7646005153656
828.0 23.565873503684998
829.0 19.39736306667328
830.0 15.113180875778198
831.0 11.73693761229515
832.0 8.333361148834229
833.0 5.694413557648659
834.0 3.66719551384449
835.0 2.283976785838604
836.0 1.3679992407560349
837.0 0.7649405393749475
838.0 0.4253105726093054
839.0 0.23912570904940367
840.0 0.14557295944541693
841.0 0.09847803739830852
842.0 0.060604716418311
843.0 0.030100852018222213
844.0 0.007515393372159451
845.0 1.7057277899162893e-10
846.0 1.7057277899162893e-10
847.0 1.7057277899162893e-10
848.0 1.7057277899162893e-10
849.0 1.7057277899162893e-10
850.0 1.7057277899162893e-10
851.0 1.7057277899162893e-10
852.0 0.0016796982890809886
853.0 0.001197775054606609
854.0 0.0007158519110816997
855.0 0.00041874627640936524
856.0 0.00012164072131781722
857.0 0.00020728573417727603
858.0 0.0002929305082943756
859.0 0.00010287138820785913
860.0 1.7057277899162893e-10
861.0 1.7057277899162893e-10
862.0 7.328468427658663e-05
863.0 7.529098411396262e-05
864.0 7.729730100436427e-05
865.0 3.9897142301015265e-05
866.0 2.4969015299802777e-06
867.0 1.7057277899162893e-10
868.0 1.7057277899162893e-10
869.0 1.7057277899162893e-10
870.0 3.999892612682743e-05
871.0 4.948391278958297e-05
872.0 5.896885113543249e-05
873.0 9.186430816043867e-05
874.0 0.00012475973107939353
875.0 1.7057277899162893e-10
876.0 1.7057277899162893e-10
877.0 1.7057277899162893e-10
878.0 1.7057277899162893e-10
879.0 8.328523648515329e-06
880.0 4.3269579919069656e-05
881.0 8.891185530046641e-05
882.0 0.00013455414773488883
883.0 2.1015563334003673e-05
884.0 1.7057277899162893e-10
885.0 1.7057277899162893e-10
886.0 1.7057277899162893e-10
887.0 1.7057277899162893e-10
888.0 1.7057277899162893e-10
889.0 1.7057277899162893e-10
890.0 1.7057277899162893e-10
891.0 1.7057277899162893e-10
892.0 6.656072173427674e-05
893.0 3.617975892211689e-05
894.0 5.7987872281728414e-06
895.0 1.7057277899162893e-10
