comCamSim/transmission_sensor/r22_s20/19700101T000000.ecsv
# %ECSV 1.0
# ---
# datatype:
# - {name: amp_name, datatype: string}
# - {name: wavelength, unit: nm, datatype: float32}
# - {name: efficiency, unit: '%', datatype: float64}
# meta: !!omap
# - {MODE: AMP}
# - {TYPE: transmission_sensor}
# - {CALIBDATE: '1970-01-01T00:00:00'}
# - {INSTRUME: LSSTCAM}
# - {OBSTYPE: transmission_sensor}
# - {DETECTOR: 6}
# - {PARQUETFILE: qe_raft_allvalues_nircorrected_20230725.parquet}
# - {CALIBCLS: lsst.ip.isr.IntermediateSensorTransmissionCurve}
# - {CALIB_ID: 'raftName=R22 detectorName=S20 detector=6 calibDate=1970-01-01T00:00:00 ccd=6 ccdnum=6 filter=None'}
# - {DATE: '2024-02-21T16:42:25.606145'}
# - {CALIB_CREATION_DATE: '2024-02-21'}
# - {CALIB_CREATION_TIME: '16:42:25'}
# - __serialized_columns__:
#     efficiency:
#       __class__: astropy.units.quantity.Quantity
#       unit: !astropy.units.Unit {unit: '%'}
#       value: !astropy.table.SerializedColumn {name: efficiency}
#     wavelength:
#       __class__: astropy.units.quantity.Quantity
#       unit: !astropy.units.Unit {unit: nm}
#       value: !astropy.table.SerializedColumn {name: wavelength}
# schema: astropy-2.0
amp_name wavelength efficiency
C00 319.994 47.611056375503495
C00 324.969 49.98167696173758
C00 349.982 61.845292495598834
C00 374.975 75.6405327677736
C00 400.019 84.20839165150397
C00 424.965 84.8789885546541
C00 450.035 83.94807234846544
C00 475.003 84.8161329899147
C00 500.018 85.34412912468163
C00 525.002 86.17016943715491
C00 550.029 87.63516758697652
C00 575.023 89.40721282490067
C00 599.982 91.0651389301247
C00 619.997 92.13051161663944
C00 624.979 92.49956558771572
C00 650.012 93.72939997421356
C00 675.004 95.00472621657192
C00 700.03 95.84956595999225
C00 725.012 96.3240003964686
C00 750.022 97.41174898168975
C00 774.987 98.67700818381455
C00 799.976 98.75054633278319
C00 824.988 98.16448094653782
C00 850.022 96.63112782098779
C00 869.967 94.23711845628456
C00 875.002 93.10710392565957
C00 899.999 86.6654109095915
C00 919.999 78.9436776163217
C00 925.012 75.96769649948398
C00 949.965 63.274207236371055
C00 975.002 48.02732468716782
C00 999.976 30.775746906915057
C00 1025.028 15.13671470901033
C00 1050.014 6.200549901148349
C00 1075.002 0.8324106919388642
C00 1099.99 0.09019958615482983
C01 319.994 48.00291192912302
C01 324.969 50.41050075260715
C01 349.982 62.29616753610361
C01 374.975 75.66712476031488
C01 400.019 84.02351712053735
C01 424.965 84.69258468685611
C01 450.035 83.77120114199147
C01 475.003 84.6113067782398
C01 500.018 85.15096935141138
C01 525.002 86.04132942657152
C01 550.029 87.61333276207391
C01 575.023 89.53181306833828
C01 599.982 91.30800395514274
C01 619.997 92.43797974732662
C01 624.979 92.8204627292633
C01 650.012 94.08724830444976
C01 675.004 95.37480979716494
C01 700.03 96.23418985558112
C01 725.012 96.74601972689725
C01 750.022 97.888728292626
C01 774.987 99.20551386326494
C01 799.976 99.27377320072625
C01 824.988 98.63204395706852
C01 850.022 97.05621182515324
C01 869.967 94.6611634205865
C01 875.002 93.53633702184614
C01 899.999 87.07862989930658
C01 919.999 79.16796449129835
C01 925.012 76.1429249149757
C01 949.965 63.359681151594685
C01 975.002 48.20191933688118
C01 999.976 30.919934954811854
C01 1025.028 15.258961217303458
C01 1050.014 6.258840287933195
C01 1075.002 0.8364862310733726
C01 1099.99 0.09064120943868532
C02 319.994 47.85846368513913
C02 324.969 50.260111723202606
C02 349.982 62.25494311756169
C02 374.975 75.8636454945266
C02 400.019 84.28203821334188
C02 424.965 84.85746538097193
C02 450.035 83.81238959673941
C02 475.003 84.54529847888013
C02 500.018 85.03515006218589
C02 525.002 85.9138464336539
C02 550.029 87.50843564062315
C02 575.023 89.47129056766262
C02 599.982 91.29583969150175
C02 619.997 92.44668009435188
C02 624.979 92.83450760249265
C02 650.012 94.11484576365399
C02 675.004 95.40757769392852
C02 700.03 96.27125993112323
C02 725.012 96.79705610761157
C02 750.022 97.96143780917218
C02 774.987 99.29740034230608
C02 799.976 99.36813716213854
C02 824.988 98.71674358982666
C02 850.022 97.13955761969034
C02 869.967 94.73510953318855
C02 875.002 93.61344274158455
C02 899.999 87.13507764480221
C02 919.999 79.18743539112343
C02 925.012 76.15701420741267
C02 949.965 63.40401777798936
C02 975.002 48.26996675669709
C02 999.976 30.96161536101119
C02 1025.028 15.298310856914654
C02 1050.014 6.275700639129686
C02 1075.002 0.8371073960194072
C02 1099.99 0.09070851854656778
C03 319.994 47.61319074659098
C03 324.969 49.9923769940354
C03 349.982 62.002218661665694
C03 374.975 75.88399723281819
C03 400.019 84.47775859301616
C03 424.965 85.03351390416715
C03 450.035 83.90829289226195
C03 475.003 84.56370514848953
C03 500.018 85.01054659929126
C03 525.002 85.86812950517377
C03 550.029 87.46764782175829
C03 575.023 89.45110376664817
C03 599.982 91.29263816733996
C03 619.997 92.461840944247
C03 624.979 92.84904808742662
C03 650.012 94.14658475557097
C03 675.004 95.44897959852888
C03 700.03 96.32349261807683
C03 725.012 96.8493923425264
C03 750.022 98.01333612425597
C03 774.987 99.34923393650718
C03 799.976 99.42662056075275
C03 824.988 98.78204432361346
C03 850.022 97.19808828899762
C03 869.967 94.78212785786307
C03 875.002 93.66039656040725
C03 899.999 87.18429000969773
C03 919.999 79.25120817899071
C03 925.012 76.22495495193859
C03 949.965 63.46678671694011
C03 975.002 48.31354104031373
C03 999.976 30.98811002796393
C03 1025.028 15.305227214020855
C03 1050.014 6.275100984428415
C03 1075.002 0.8375508890235519
C03 1099.99 0.09075657521597844
C04 319.994 47.2994157296666
C04 324.969 49.645920059686915
C04 349.982 61.6214243538343
C04 374.975 75.74114110933199
C04 400.019 84.5421606547074
C04 424.965 85.14161266429524
C04 450.035 83.97020504992578
C04 475.003 84.5669204524698
C04 500.018 84.97551365726108
C04 525.002 85.82005887938632
C04 550.029 87.42697436126409
C04 575.023 89.43012101591293
C04 599.982 91.29664198275948
C04 619.997 92.48359943032764
C04 624.979 92.87697008838532
C04 650.012 94.19618362885367
C04 675.004 95.50883592945415
C04 700.03 96.38926823929515
C04 725.012 96.91651346878608
C04 750.022 98.06013844132772
C04 774.987 99.38969910800016
C04 799.976 99.4574049323855
C04 824.988 98.82801475964338
C04 850.022 97.24527187112719
C04 869.967 94.83481004407655
C04 875.002 93.70916639715468
C04 899.999 87.2805507497671
C04 919.999 79.37430985910012
C04 925.012 76.34592384132262
C04 949.965 63.558783152620315
C04 975.002 48.40743551505284
C04 999.976 31.03930766313816
C04 1025.028 15.386190982293789
C04 1050.014 6.291499924672133
C04 1075.002 0.8379509604034667
C04 1099.99 0.09079992674095304
C05 319.994 47.004011282137306
C05 324.969 49.32077263959024
C05 349.982 61.23965259190749
C05 374.975 75.55706148807515
C05 400.019 84.58817428388932
C05 424.965 85.23139986390812
C05 450.035 84.03076913871195
C05 475.003 84.59271853852326
C05 500.018 84.98123379009091
C05 525.002 85.8016816401499
C05 550.029 87.39502263250472
C05 575.023 89.39271895950841
C05 599.982 91.2622657125831
C05 619.997 92.45199781959147
C05 624.979 92.84612016597166
C05 650.012 94.17236790192321
C05 675.004 95.4991839047359
C05 700.03 96.37974027936606
C05 725.012 96.89373181358786
C05 750.022 98.02150650430224
C05 774.987 99.32518388175191
C05 799.976 99.39407094218019
C05 824.988 98.77817216617636
C05 850.022 97.20141363697562
C05 869.967 94.81169577248403
C05 875.002 93.69889313872919
C05 899.999 87.3191198182763
C05 919.999 79.42935356627517
C05 925.012 76.39476385809351
C05 949.965 63.60151667008421
C05 975.002 48.46530390198707
C05 999.976 31.0576647715676
C05 1025.028 15.488605261176588
C05 1050.014 6.323348651111449
C05 1075.002 0.8376209841110758
C05 1099.99 0.09076417068291245
C06 319.994 46.85170331023651
C06 324.969 49.14555017838588
C06 349.982 61.029387028450806
C06 374.975 75.54079112819433
C06 400.019 84.75792496733567
C06 424.965 85.43339423571949
C06 450.035 84.20818109597865
C06 475.003 84.74563839582491
C06 500.018 85.10560647740333
C06 525.002 85.89566853034577
C06 550.029 87.46096929291238
C06 575.023 89.43382028699631
C06 599.982 91.2919352073808
C06 619.997 92.48484886720343
C06 624.979 92.87838067554462
C06 650.012 94.20937375984089
C06 675.004 95.53953717540573
C06 700.03 96.42405707941928
C06 725.012 96.92280749965165
C06 750.022 98.0254124189462
C06 774.987 99.31293744117177
C06 799.976 99.37660267246288
C06 824.988 98.76625079957864
C06 850.022 97.19945175741684
C06 869.967 94.87302042471111
C06 875.002 93.77588629537308
C06 899.999 87.42575887639872
C06 919.999 79.51858497047543
C06 925.012 76.4654322552711
C06 949.965 63.595510171815654
C06 975.002 48.4090701774762
C06 999.976 31.052995117731445
C06 1025.028 15.574658606669216
C06 1050.014 6.374313914599341
C06 1075.002 0.8376545406010659
C06 1099.99 0.09076780684657448
C07 319.994 46.328325563499746
C07 324.969 48.57496982422511
C07 349.982 60.335904766073455
C07 374.975 74.92855285014176
C07 400.019 84.29957568767871
C07 424.965 85.057413211696
C07 450.035 83.84595422693063
C07 475.003 84.38218799931629
C07 500.018 84.74039858576494
C07 525.002 85.51377155877898
C07 550.029 87.08595769998836
C07 575.023 89.02814366548346
C07 599.982 90.8699911327687
C07 619.997 92.04193873177475
C07 624.979 92.43910858454767
C07 650.012 93.78276526911306
C07 675.004 95.10394841833464
C07 700.03 95.99412784842941
C07 725.012 96.50008883246016
C07 750.022 97.56951131535621
C07 774.987 98.85223001131718
C07 799.976 98.9029255186213
C07 824.988 98.32284303888692
C07 850.022 96.76455835545755
C07 869.967 94.52280874708413
C07 875.002 93.45050391018017
C07 899.999 87.16620523845211
C07 919.999 79.27114078225738
C07 925.012 76.24212985669283
C07 949.965 63.242440910476546
C07 975.002 48.14484989538495
C07 999.976 31.022033689656013
C07 1025.028 15.548556228003694
C07 1050.014 6.355958017396389
C07 1075.002 0.8337588985266464
C07 1099.99 0.09034567711383219
C10 319.994 47.46702377220505
C10 324.969 49.8174148650696
C10 349.982 61.66517223952294
C10 374.975 75.63100692511215
C10 400.019 84.330318485656
C10 424.965 84.99362551533451
C10 450.035 84.05259719183834
C10 475.003 84.9112303335194
C10 500.018 85.41496075610878
C10 525.002 86.22401313809672
C10 550.029 87.63790456398073
C10 575.023 89.367968713428
C10 599.982 90.98610177993478
C10 619.997 92.02693787074787
C10 624.979 92.39246008594984
C10 650.012 93.59893021076901
C10 675.004 94.8772444785207
C10 700.03 95.77358561233751
C10 725.012 96.37708917855214
C10 750.022 97.68149358304915
C10 774.987 99.13972360236777
C10 799.976 99.32349176453502
C10 824.988 98.72313874748362
C10 850.022 97.29844713947676
C10 869.967 95.05033012996671
C10 875.002 93.92811662438655
C10 899.999 87.26298121416949
C10 919.999 79.26531177630751
C10 925.012 76.19005388454514
C10 949.965 63.44220341990284
C10 975.002 48.339859439616674
C10 999.976 31.233653911230952
C10 1025.028 15.578653220585814
C10 1050.014 6.233272974412572
C10 1075.002 0.8347141169039175
C10 1099.99 0.09044918407638292
C11 319.994 47.76863287393076
C11 324.969 50.139758997438044
C11 349.982 61.89731174582394
C11 374.975 75.4476600609831
C11 400.019 84.01430356432422
C11 424.965 84.72995130783211
C11 450.035 83.83053902123355
C11 475.003 84.6839499519305
C11 500.018 85.20175371677622
C11 525.002 86.0617613592228
C11 550.029 87.57075332873555
C11 575.023 89.4269144756091
C11 599.982 91.14461160985454
C11 619.997 92.24555123142156
C11 624.979 92.62324739480223
C11 650.012 93.86825997768247
C11 675.004 95.17290566709498
C11 700.03 96.09065452308205
C11 725.012 96.74819375205131
C11 750.022 98.12559302657232
C11 774.987 99.6500123197083
C11 799.976 99.84922835312729
C11 824.988 99.21173184141782
C11 850.022 97.78672790487305
C11 869.967 95.54249938903385
C11 875.002 94.41399897393616
C11 899.999 87.69612510244457
C11 919.999 79.48656150833257
C11 925.012 76.35975540280039
C11 949.965 63.5868203581694
C11 975.002 48.629057630966344
C11 999.976 31.483986062535852
C11 1025.028 15.695487047733744
C11 1050.014 6.290283259993807
C11 1075.002 0.8385085627958127
C11 1099.99 0.09086034824384291
C12 319.994 47.64051069651079
C12 324.969 50.00401271321964
C12 349.982 61.796961090108205
C12 374.975 75.4765527533235
C12 400.019 84.12201939699554
C12 424.965 84.82521894518814
C12 450.035 83.87086684443811
C12 475.003 84.65893866967457
C12 500.018 85.14321998805956
C12 525.002 85.99105077203978
C12 550.029 87.5137342451299
C12 575.023 89.39786610103631
C12 599.982 91.1397749397008
C12 619.997 92.25333735634257
C12 624.979 92.63061294721243
C12 650.012 93.88840880226653
C12 675.004 95.1888341868719
C12 700.03 96.12042464528663
C12 725.012 96.80291685374365
C12 750.022 98.21478824926227
C12 774.987 99.78143250780428
C12 799.976 99.99080115769915
C12 824.988 99.34763084721739
C12 850.022 97.92937700082166
C12 869.967 95.67969571635163
C12 875.002 94.55193378994703
C12 899.999 87.80197658607644
C12 919.999 79.53395103814029
C12 925.012 76.39719798381941
C12 949.965 63.679229611600014
C12 975.002 48.777113252092626
C12 999.976 31.592730314102724
C12 1025.028 15.738172666336471
C12 1050.014 6.313180254874641
C12 1075.002 0.8392704821286752
C12 1099.99 0.09094290942328605
C13 319.994 47.510523752772265
C13 324.969 49.85179003935221
C13 349.982 61.673050285877586
C13 374.975 75.59135924912172
C13 400.019 84.38814496146885
C13 424.965 85.10911328523099
C13 450.035 84.10869818253236
C13 475.003 84.85394496472269
C13 500.018 85.30096394561625
C13 525.002 86.11263035477299
C13 550.029 87.62516504149042
C13 575.023 89.49595742853418
C13 599.982 91.24007662865507
C13 619.997 92.35449603217548
C13 624.979 92.73347906270494
C13 650.012 93.99712212214426
C13 675.004 95.30134418792953
C13 700.03 96.23700337926329
C13 725.012 96.94132472089385
C13 750.022 98.36058109059204
C13 774.987 99.95544801510013
C13 799.976 100.16981254736814
C13 824.988 99.52456100160742
C13 850.022 98.09921971690915
C13 869.967 95.83280802111484
C13 875.002 94.6979056109058
C13 899.999 87.91062506322614
C13 919.999 79.61359488181164
C13 925.012 76.47643593539084
C13 949.965 63.72774257756973
C13 975.002 48.81294211068896
C13 999.976 31.594799819780114
C13 1025.028 15.739879317840415
C13 1050.014 6.307698381557641
C13 1075.002 0.8405162249475824
C13 1099.99 0.09107789746201374
C14 319.994 47.25520054755954
C14 324.969 49.56648477054785
C14 349.982 61.351343272825765
C14 374.975 75.46582140700018
C14 400.019 84.41051742542213
C14 424.965 85.16329680188316
C14 450.035 84.1417296781392
C14 475.003 84.85623728732509
C14 500.018 85.26499679179858
C14 525.002 86.04362945651351
C14 550.029 87.52616881196515
C14 575.023 89.37230474428803
C14 599.982 91.1051770843199
C14 619.997 92.21777411648807
C14 624.979 92.59306845438867
C14 650.012 93.85810901210556
C14 675.004 95.16376647794858
C14 700.03 96.10326975494345
C14 725.012 96.81272277139654
C14 750.022 98.2294278004376
C14 774.987 99.83174674933989
C14 799.976 100.04485608899047
C14 824.988 99.40857921506604
C14 850.022 97.97873455759742
C14 869.967 95.6902938317678
C14 875.002 94.55093573050905
C14 899.999 87.74903244298736
C14 919.999 79.4633681245098
C14 925.012 76.33489152442964
C14 949.965 63.58399255657905
C14 975.002 48.67805738925194
C14 999.976 31.492997620440253
C14 1025.028 15.671607734538572
C14 1050.014 6.291957744878192
C14 1075.002 0.8393954655689764
C14 1099.99 0.09095645256334968
C15 319.994 47.14976636034846
C15 324.969 49.44304201429954
C15 349.982 61.22125620486876
C15 374.975 75.54228027977665
C15 400.019 84.667383017782
C15 424.965 85.44869347171294
C15 450.035 84.39317879676032
C15 475.003 85.06821282196789
C15 500.018 85.4427803579439
C15 525.002 86.20067550095207
C15 550.029 87.66671524949294
C15 575.023 89.52195087227376
C15 599.982 91.26314441253204
C15 619.997 92.37994188074317
C15 624.979 92.76273540286837
C15 650.012 94.03483992561145
C15 675.004 95.35991460279402
C15 700.03 96.3052655470872
C15 725.012 97.01295352867923
C15 750.022 98.43511387588804
C15 774.987 100.02880449957269
C15 799.976 100.25023105795603
C15 824.988 99.61732508824048
C15 850.022 98.1820276989031
C15 869.967 95.8508150390753
C15 875.002 94.69360570069557
C15 899.999 87.86748511846803
C15 919.999 79.58038109048347
C15 925.012 76.46149469894979
C15 949.965 63.69214392689219
C15 975.002 48.70306538432184
C15 999.976 31.500457829443206
C15 1025.028 15.651181767145477
C15 1050.014 6.315009141867737
C15 1075.002 0.8411531232889493
C15 1099.99 0.09114691143236556
C16 319.994 46.94787357802577
C16 324.969 49.21945812361933
C16 349.982 60.95624931782963
C16 374.975 75.40206365777233
C16 400.019 84.65613489793827
C16 424.965 85.46267433666888
C16 450.035 84.38763419708272
C16 475.003 85.02473434673351
C16 500.018 85.37083839283491
C16 525.002 86.10737095297232
C16 550.029 87.5555512893306
C16 575.023 89.41237512737564
C16 599.982 91.15387998409858
C16 619.997 92.27664240148286
C16 624.979 92.66198135571707
C16 650.012 93.93633881393856
C16 675.004 95.27274786410129
C16 700.03 96.22319430086647
C16 725.012 96.92413015831181
C16 750.022 98.34533124025359
C16 774.987 99.92616802780285
C16 799.976 100.15450094891206
C16 824.988 99.52558239746682
C16 850.022 98.08684245359245
C16 869.967 95.71042949888566
C16 875.002 94.54650824879171
C16 899.999 87.71089764452434
C16 919.999 79.47115937008635
C16 925.012 76.37603540839069
C16 949.965 63.65598109195575
C16 975.002 48.582585080844474
C16 999.976 31.403134876931478
C16 1025.028 15.601015049959921
C16 1050.014 6.311095826407053
C16 1075.002 0.840385935616455
C16 1099.99 0.09106377937840203
C17 319.994 46.65868127371427
C17 324.969 48.90694624942019
C17 349.982 60.59607890198747
C17 374.975 75.149175778482
C17 400.019 84.52819720469506
C17 424.965 85.38708262055293
C17 450.035 84.32160928691077
C17 475.003 84.95545022002453
C17 500.018 85.28847460606406
C17 525.002 86.00509628821882
C17 550.029 87.44009507832322
C17 575.023 89.27293231676332
C17 599.982 91.00845896298348
C17 619.997 92.12917075755324
C17 624.979 92.51383920480875
C17 650.012 93.79962230244668
C17 675.004 95.1406659144278
C17 700.03 96.10572588507681
C17 725.012 96.81155974395398
C17 750.022 98.23167064986207
C17 774.987 99.810032985618
C17 799.976 100.04290664237
C17 824.988 99.41963163294754
C17 850.022 97.96026713534154
C17 869.967 95.59745313724568
C17 875.002 94.4523529723384
C17 899.999 87.6148429987142
C17 919.999 79.34059107963274
C17 925.012 76.23471293242213
C17 949.965 63.455984652470896
C17 975.002 48.389009626959634
C17 999.976 31.251205691659237
C17 1025.028 15.581228386487803
C17 1050.014 6.262097095202967
C17 1075.002 0.8394146757670886
C17 1099.99 0.09095853417034541
