lsstCam/transmission_sensor/r11_s00/19700101T000000.ecsv
# %ECSV 1.0
# ---
# datatype:
# - {name: amp_name, datatype: string}
# - {name: wavelength, unit: nm, datatype: float32}
# - {name: efficiency, unit: '%', datatype: float64}
# meta: !!omap
# - {MODE: AMP}
# - {TYPE: transmission_sensor}
# - {CALIBDATE: '1970-01-01T00:00:00'}
# - {INSTRUME: LSSTCAM}
# - {OBSTYPE: transmission_sensor}
# - {DETECTOR: 36}
# - {PARQUETFILE: qe_raft_allvalues_nircorrected_20230725.parquet}
# - {CALIBCLS: lsst.ip.isr.IntermediateSensorTransmissionCurve}
# - {CALIB_ID: 'raftName=R11 detectorName=S00 detector=36 calibDate=1970-01-01T00:00:00 ccd=36 ccdnum=36 filter=None'}
# - {DATE: '2024-01-18T22:42:25.099483'}
# - {CALIB_CREATION_DATE: '2024-01-18'}
# - {CALIB_CREATION_TIME: '22:42:25'}
# - __serialized_columns__:
#     efficiency:
#       __class__: astropy.units.quantity.Quantity
#       unit: !astropy.units.Unit {unit: '%'}
#       value: !astropy.table.SerializedColumn {name: efficiency}
#     wavelength:
#       __class__: astropy.units.quantity.Quantity
#       unit: !astropy.units.Unit {unit: nm}
#       value: !astropy.table.SerializedColumn {name: wavelength}
# schema: astropy-2.0
amp_name wavelength efficiency
C00 319.992 42.95790429079337
C00 330.006 53.59319516573935
C00 349.994 72.1961418573296
C00 370.001 78.38232260829776
C00 400.009 85.46283894581019
C00 429.983 87.088585168098
C00 449.989 88.45797280721813
C00 469.993 90.11905787619021
C00 500.016 92.58053588941645
C00 549.99 96.03479158935983
C00 569.998 97.10515621802078
C00 599.983 98.22713341857035
C00 630.013 98.89927217018685
C00 649.987 98.97554792056403
C00 670.017 99.155350855108
C00 699.987 98.59909999895571
C00 720.012 98.41776921965861
C00 749.995 98.50106016512532
C00 770.007 98.53477907765946
C00 800.008 97.71866834583672
C00 830.013 95.94120677144366
C00 869.994 91.08820111151873
C00 900.005 82.87513740110353
C00 919.989 74.30199529627437
C00 959.989 53.27899806187178
C00 1000.013 26.697262550726887
C00 1030.002 9.546516654594221
C00 1049.996 4.032231293112203
C00 1080.005 0.5601120881784998
C00 1100.007 0.11779391646434093
C01 319.992 42.73381827327152
C01 330.006 53.320123591913784
C01 349.994 71.89924071551428
C01 370.001 78.13216919912324
C01 400.009 85.05335246343755
C01 429.983 86.58824767690695
C01 449.989 87.91657671461684
C01 469.993 89.54180275977389
C01 500.016 91.96162266870668
C01 549.99 95.37248957145081
C01 569.998 96.44014541002467
C01 599.983 97.55346634964373
C01 630.013 98.21888581667244
C01 649.987 98.3012204923415
C01 670.017 98.48555709704844
C01 699.987 97.93932402799024
C01 720.012 97.76030712426085
C01 749.995 97.85063833205233
C01 770.007 97.89003595202077
C01 800.008 97.08232580275688
C01 830.013 95.30292386073982
C01 869.994 90.42663160377572
C01 900.005 82.19276166913346
C01 919.989 73.73465525027378
C01 959.989 52.78967255896079
C01 1000.013 26.37115360842271
C01 1030.002 9.437921174309528
C01 1049.996 3.9703407216012163
C01 1080.005 0.5564135663173516
C01 1100.007 0.11701610183696803
C02 319.992 43.250718539394484
C02 330.006 53.96905009720319
C02 349.994 72.82077044264861
C02 370.001 79.18522085171944
C02 400.009 86.06425040465993
C02 429.983 87.53903337861466
C02 449.989 88.8493913883328
C02 469.993 90.46894921469647
C02 500.016 92.89765165165593
C02 549.99 96.33256648244726
C02 569.998 97.40484814331386
C02 599.983 98.52993030011031
C02 630.013 99.20737193491296
C02 649.987 99.29066311946949
C02 670.017 99.4777716469718
C02 699.987 98.93341246585183
C02 720.012 98.75425459500906
C02 749.995 98.85216120479765
C02 770.007 98.89499707787957
C02 800.008 98.08070747668683
C02 830.013 96.27492334558373
C02 869.994 91.27518628241445
C02 900.005 82.94027097006727
C02 919.989 74.37290014431925
C02 959.989 53.21114134596694
C02 1000.013 26.61483885983516
C02 1030.002 9.535417576839325
C02 1049.996 4.00005408654564
C02 1080.005 0.5621085870079598
C02 1100.007 0.1182137885244198
C03 319.992 42.58903871393491
C03 330.006 53.14078118161064
C03 349.994 71.8561303543497
C03 370.001 78.4183767970064
C03 400.009 85.48406215323287
C03 429.983 87.0019994357854
C03 449.989 88.31186130399692
C03 469.993 89.92513496166086
C03 500.016 92.34205707254964
C03 549.99 95.77389679729801
C03 569.998 96.8496895199874
C03 599.983 97.98340579644069
C03 630.013 98.67211310401737
C03 649.987 98.76436336980512
C03 670.017 98.95978340759369
C03 699.987 98.42911899075263
C03 720.012 98.26069725906406
C03 749.995 98.36731530145116
C03 770.007 98.4161624806481
C03 800.008 97.6027318605169
C03 830.013 95.79482845299741
C03 869.994 90.73151860546534
C03 900.005 82.43874917550843
C03 919.989 73.930010655848
C03 959.989 52.68565728807347
C03 1000.013 26.32018407903208
C03 1030.002 9.476464579627615
C03 1049.996 3.989458485619987
C03 1080.005 0.5593515895762785
C03 1100.007 0.11763398042526595
C04 319.992 43.055399401804536
C04 330.006 53.73071304064293
C04 349.994 72.6184671181634
C04 370.001 79.11207976287794
C04 400.009 85.72467181518525
C04 429.983 87.04610264524825
C04 449.989 88.28524191884128
C04 469.993 89.85324303462342
C04 500.016 92.22564692197612
C04 549.99 95.61381762966911
C04 569.998 96.67925050416459
C04 599.983 97.79688478759927
C04 630.013 98.47326334621006
C04 649.987 98.56067493828242
C04 670.017 98.7526586109223
C04 699.987 98.21648163591725
C04 720.012 98.05228940178485
C04 749.995 98.15545062640696
C04 770.007 98.2057679885513
C04 800.008 97.39178130335895
C04 830.013 95.59787923250394
C04 869.994 90.49899419243972
C04 900.005 82.31803624879201
C04 919.989 73.87347049496186
C04 959.989 52.36265274862593
C04 1000.013 26.305005831400607
C04 1030.002 9.531287147890822
C04 1049.996 4.0050523971113625
C04 1080.005 0.5581468521414993
C04 1100.007 0.11738061910036515
C05 319.992 42.9638398935655
C05 330.006 53.61593652668592
C05 349.994 72.51009989089896
C05 370.001 79.05011009964562
C05 400.009 85.56278214869893
C05 429.983 86.81751983198627
C05 449.989 88.03322834951032
C05 469.993 89.58037240805253
C05 500.016 91.92952290934629
C05 549.99 95.29718956884761
C05 569.998 96.35877369999442
C05 599.983 97.47301059467773
C05 630.013 98.15187784176364
C05 649.987 98.24253723192163
C05 670.017 98.43491025807528
C05 699.987 97.90641577673271
C05 720.012 97.74141953004865
C05 749.995 97.84791901933784
C05 770.007 97.89915913891448
C05 800.008 97.09771910151622
C05 830.013 95.29809571097019
C05 869.994 90.2291513263065
C05 900.005 81.94514712367976
C05 919.989 73.57162400729393
C05 959.989 52.262608486870484
C05 1000.013 26.112942685343537
C05 1030.002 9.446814075717121
C05 1049.996 3.9797140190531883
C05 1080.005 0.5563981200944494
C05 1100.007 0.11701285343164233
C06 319.992 43.19652308351016
C06 330.006 53.90571819989381
C06 349.994 72.92245007306356
C06 370.001 79.54059220390492
C06 400.009 85.97639112459973
C06 429.983 87.17874961112194
C06 449.989 88.37171803120525
C06 469.993 89.91008953775508
C06 500.016 92.24846761136328
C06 549.99 95.61887268221295
C06 569.998 96.6765724669296
C06 599.983 97.79778971688935
C06 630.013 98.48003410824194
C06 649.987 98.57305067776366
C06 670.017 98.76321097319614
C06 699.987 98.23345276276112
C06 720.012 98.07020302247561
C06 749.995 98.18182040609105
C06 770.007 98.23407034390239
C06 800.008 97.42652270095414
C06 830.013 95.62188397713325
C06 869.994 90.54806958278877
C06 900.005 82.17948532742726
C06 919.989 73.68955042191432
C06 959.989 52.56079072363719
C06 1000.013 26.310477429874307
C06 1030.002 9.45197447545874
C06 1049.996 3.9670437781278247
C06 1080.005 0.5582968046127134
C06 1100.007 0.11741215473267985
C07 319.992 43.39264749714499
C07 330.006 54.16017026162635
C07 349.994 73.34563416212434
C07 370.001 80.07305960978215
C07 400.009 86.47033419396173
C07 429.983 87.62512043812325
C07 449.989 88.80259350583775
C07 469.993 90.33219891100906
C07 500.016 92.6741701409647
C07 549.99 96.05466628331375
C07 569.998 97.12034429997983
C07 599.983 98.2505032174868
C07 630.013 98.93780532921716
C07 649.987 99.03171242477113
C07 670.017 99.22815240492476
C07 699.987 98.70064952748328
C07 720.012 98.53584477887492
C07 749.995 98.64951953204341
C07 770.007 98.70391826077719
C07 800.008 97.89461892231755
C07 830.013 96.0900029426697
C07 869.994 90.95666093128987
C07 900.005 82.7072329117023
C07 919.989 73.95745256072225
C07 959.989 52.75274147491305
C07 1000.013 26.54629997754733
C07 1030.002 9.569199212750057
C07 1049.996 4.011704889707856
C07 1080.005 0.5609563108028346
C07 1100.007 0.11797146001568902
C10 319.992 41.13609767128676
C10 330.006 51.31861366314623
C10 349.994 69.23010817966835
C10 370.001 75.44262580593309
C10 400.009 83.33198238801758
C10 429.983 85.34023098372276
C10 449.989 86.81787782365053
C10 469.993 88.53434486965773
C10 500.016 91.03921742083482
C10 549.99 94.51657077876845
C10 569.998 95.59052305207456
C10 599.983 96.72231141993261
C10 630.013 97.40370863724122
C10 649.987 97.48987272614438
C10 670.017 97.67865012854797
C10 699.987 97.1448280302465
C10 720.012 96.96959795902413
C10 749.995 97.0642735241943
C10 770.007 97.10041388837907
C10 800.008 96.28649834120708
C10 830.013 94.50417863914748
C10 869.994 89.61210101793787
C10 900.005 81.35950220817004
C10 919.989 73.13222081248355
C10 959.989 52.028874749544215
C10 1000.013 25.966727183989637
C10 1030.002 9.355473594187
C10 1049.996 3.9666218174499175
C10 1080.005 0.5519420147775865
C10 1100.007 0.1160757158327059
C11 319.992 42.16704004066917
C11 330.006 52.601950756061925
C11 349.994 71.0143801378421
C11 370.001 77.44048281164085
C11 400.009 85.31254606446919
C11 429.983 87.24740512276001
C11 449.989 88.72087612502185
C11 469.993 90.44340164021213
C11 500.016 92.97068980179131
C11 549.99 96.49860956050676
C11 569.998 97.59272449147004
C11 599.983 98.74535625869254
C11 630.013 99.44008302594857
C11 649.987 99.53195244597742
C11 670.017 99.72579340986867
C11 699.987 99.18408312746843
C11 720.012 99.00727043957089
C11 749.995 99.10521591381989
C11 770.007 99.1439470830002
C11 800.008 98.31761521203924
C11 830.013 96.48075061925297
C11 869.994 91.45237904285715
C11 900.005 82.94293069604981
C11 919.989 74.57460610141682
C11 959.989 53.07791678607792
C11 1000.013 26.37701675247526
C11 1030.002 9.48886500614569
C11 1049.996 4.011523362464653
C11 1080.005 0.5635475419869255
C11 1100.007 0.1185164067791685
C12 319.992 42.505588675725306
C12 330.006 53.028023606906075
C12 349.994 71.63534110425734
C12 370.001 78.18167654746614
C12 400.009 85.92276235517535
C12 429.983 87.76259279671834
C12 449.989 89.20113911745696
C12 469.993 90.90398431173944
C12 500.016 93.41430101109171
C12 549.99 96.94580519691446
C12 569.998 98.04335691429078
C12 599.983 99.19653892057426
C12 630.013 99.9020746885903
C12 649.987 99.99291490761506
C12 670.017 100.19027734756835
C12 699.987 99.65142225484404
C12 720.012 99.47743742679296
C12 749.995 99.58017409399066
C12 770.007 99.62566348490299
C12 800.008 98.79477705203958
C12 830.013 96.94163869381985
C12 869.994 91.82362927063386
C12 900.005 83.30849443060679
C12 919.989 74.80550434319346
C12 959.989 53.26494222761187
C12 1000.013 26.51061243863386
C12 1030.002 9.534018503884854
C12 1049.996 4.009019248242201
C12 1080.005 0.5662483311122587
C12 1100.007 0.11908439403624034
C13 319.992 41.91261439751274
C13 330.006 52.286193038041894
C13 349.994 70.69031327366655
C13 370.001 77.22991434780097
C13 400.009 84.70264241436568
C13 429.983 86.4178995803634
C13 449.989 87.79441380458165
C13 469.993 89.44199897735263
C13 500.016 91.8938772463356
C13 549.99 95.34854379506189
C13 569.998 96.4290496096831
C13 599.983 97.56524551256967
C13 630.013 98.25368001044737
C13 649.987 98.34803928319795
C13 670.017 98.54577381111855
C13 699.987 98.0194891874174
C13 720.012 97.85273721144688
C13 749.995 97.96061187041401
C13 770.007 98.01110208300277
C13 800.008 97.19137180948186
C13 830.013 95.37189311128323
C13 869.994 90.28702175196983
C13 900.005 82.01425542281295
C13 919.989 73.56682131229222
C13 959.989 52.42261288915323
C13 1000.013 25.934275752552658
C13 1030.002 9.379046918892241
C13 1049.996 3.9425562338867124
C13 1080.005 0.557038931370411
C13 1100.007 0.11714761872505976
C14 319.992 42.14612932797324
C14 330.006 52.58099102686073
C14 349.994 71.1604372530352
C14 370.001 77.81688519242472
C14 400.009 85.11576425258326
C14 429.983 86.71610591717716
C14 449.989 88.04710613872257
C14 469.993 89.67022990531046
C14 500.016 92.09323168208432
C14 549.99 95.53184015052584
C14 569.998 96.61189335415895
C14 599.983 97.75031863454696
C14 630.013 98.44255417886104
C14 649.987 98.53693096180504
C14 670.017 98.73933878476855
C14 699.987 98.21829488655575
C14 720.012 98.05494909870883
C14 749.995 98.16626744809346
C14 770.007 98.21937314007859
C14 800.008 97.40592731901724
C14 830.013 95.58288098947932
C14 869.994 90.48329308987694
C14 900.005 82.1104661811203
C14 919.989 73.71569039139654
C14 959.989 52.5545580570156
C14 1000.013 26.012116352245773
C14 1030.002 9.370507652507813
C14 1049.996 3.961793012455662
C14 1080.005 0.5582083657243025
C14 1100.007 0.11739355566429063
C15 319.992 42.5603587886933
C15 330.006 53.10235561988924
C15 349.994 71.95157292075552
C15 370.001 78.7790233507912
C15 400.009 85.92290776940915
C15 429.983 87.40648908067122
C15 449.989 88.69883840233341
C15 469.993 90.301396555466
C15 500.016 92.70912155336596
C15 549.99 96.14803828654173
C15 569.998 97.23472507570416
C15 599.983 98.37949334671104
C15 630.013 99.08424938889773
C15 649.987 99.1853339977242
C15 670.017 99.39061528450962
C15 699.987 98.87099768147681
C15 720.012 98.70651490824977
C15 749.995 98.82550438654926
C15 770.007 98.88566154748374
C15 800.008 98.06774029566674
C15 830.013 96.2468158070187
C15 869.994 91.08009366058039
C15 900.005 82.77720302148906
C15 919.989 74.20096510985279
C15 959.989 52.779045914805074
C15 1000.013 26.374560389613062
C15 1030.002 9.541963691552432
C15 1049.996 4.00945653655157
C15 1080.005 0.5619570305981579
C15 1100.007 0.11818191557710687
C16 319.992 42.33505918614606
C16 330.006 52.826757633834575
C16 349.994 71.68242178607782
C16 370.001 78.61568747904903
C16 400.009 85.53082737082202
C16 429.983 86.88864670737377
C16 449.989 88.1189888076725
C16 469.993 89.67813060574572
C16 500.016 92.04176755626325
C16 549.99 95.43754426696667
C16 569.998 96.51610086497294
C16 599.983 97.65960701429333
C16 630.013 98.36691724389605
C16 649.987 98.47043579778796
C16 670.017 98.67700709830238
C16 699.987 98.17070080368059
C16 720.012 98.01123267180354
C16 749.995 98.13754093072349
C16 770.007 98.19716049301981
C16 800.008 97.39360659570197
C16 830.013 95.5883513813936
C16 869.994 90.4084370633661
C16 900.005 82.23739008806413
C16 919.989 73.4942890450073
C16 959.989 52.43806347045857
C16 1000.013 26.15689451320551
C16 1030.002 9.398698621014548
C16 1049.996 3.9609893637001607
C16 1080.005 0.5580450276472015
C16 1100.007 0.11735920498303315
C17 319.992 42.52183029961641
C17 330.006 53.07192549571367
C17 349.994 72.16458343977558
C17 370.001 79.29378115129927
C17 400.009 86.10682769231573
C17 429.983 87.36726993131848
C17 449.989 88.56200827010049
C17 469.993 90.09778675963376
C17 500.016 92.4510693483496
C17 549.99 95.85723380766035
C17 569.998 96.94192383048761
C17 599.983 98.103399420306
C17 630.013 98.82003168520711
C17 649.987 98.93452602833459
C17 670.017 99.15160840395332
C17 699.987 98.64818514330634
C17 720.012 98.4986614666674
C17 749.995 98.63154185354209
C17 770.007 98.69648623820375
C17 800.008 97.89115847225061
C17 830.013 96.07885815251286
C17 869.994 90.8029896012023
C17 900.005 82.6729462206144
C17 919.989 73.95842901226627
C17 959.989 52.50025730362255
C17 1000.013 26.512556780354483
C17 1030.002 9.55926579477331
C17 1049.996 4.013778628082186
C17 1080.005 0.5608540997547504
C17 1100.007 0.11794996460447782
