lsstCam/transmission_sensor/r11_s00/19700101T000000.ecsv
# %ECSV 1.0
# ---
# datatype:
# - {name: amp_name, datatype: string}
# - {name: wavelength, unit: nm, datatype: float32}
# - {name: efficiency, unit: '%', datatype: float64}
# meta: !!omap
# - {MODE: AMP}
# - {TYPE: transmission_sensor}
# - {CALIBDATE: '1970-01-01T00:00:00'}
# - {INSTRUME: LSSTCam}
# - {OBSTYPE: transmission_sensor}
# - {DETECTOR: 36}
# - {PARQUETFILE: qe_raft_allvalues_nircorrected_20230725_adjust.parquet}
# - {CORRFILE: qe_corr_factor_bydetnum.parquet}
# - {CALIBCLS: lsst.ip.isr.IntermediateSensorTransmissionCurve}
# - {CALIB_ID: 'raftName=R11 detectorName=S00 detector=36 calibDate=1970-01-01T00:00:00 ccd=36 ccdnum=36 filter=None'}
# - {DATE: '2025-03-03T21:56:47.575522'}
# - {CALIB_CREATION_DATE: '2025-03-03'}
# - {CALIB_CREATION_TIME: '21:56:47'}
# - __serialized_columns__:
#     efficiency:
#       __class__: astropy.units.quantity.Quantity
#       unit: !astropy.units.Unit {unit: '%'}
#       value: !astropy.table.SerializedColumn {name: efficiency}
#     wavelength:
#       __class__: astropy.units.quantity.Quantity
#       unit: !astropy.units.Unit {unit: nm}
#       value: !astropy.table.SerializedColumn {name: wavelength}
# schema: astropy-2.0
amp_name wavelength efficiency
C00 319.992 43.51659022953881
C00 330.006 56.21969415673844
C00 349.994 78.5551125432545
C00 370.001 86.04146711749986
C00 400.009 90.03416402504716
C00 429.983 90.96229490195324
C00 449.989 91.83588931958184
C00 469.993 93.13548854839523
C00 500.016 94.9933741406016
C00 549.99 97.93206971684579
C00 569.998 98.87411811432872
C00 599.983 99.77115861367758
C00 630.013 100.6943260600202
C00 649.987 100.83087401782073
C00 670.017 101.26689760551325
C00 699.987 100.79463637893845
C00 720.012 100.61822778432894
C00 749.995 99.88291239750603
C00 770.007 99.52118707596401
C00 800.008 98.41545270449797
C00 830.013 97.25954785434266
C00 869.994 92.33885028334541
C00 900.005 85.44316692499656
C00 919.989 78.68473620903438
C00 959.989 58.37278897324446
C00 1000.013 30.552532791523195
C00 1030.002 13.000935612207869
C00 1049.996 6.422846224466208
C00 1080.005 0.6924386660479985
C00 1100.007 0.09419323602908415
C01 319.992 43.28958987741135
C01 330.006 55.93323987246045
C01 349.994 78.23206061818607
C01 370.001 85.76686991734567
C01 400.009 89.60277450447022
C01 429.983 90.43970234477278
C01 449.989 91.27381910634573
C01 469.993 92.53891176928201
C01 500.016 94.35833077462159
C01 549.99 97.25668315830757
C01 569.998 98.19699282317028
C01 599.983 99.08690222089172
C01 630.013 100.0015904733551
C01 649.987 100.14390612130111
C01 670.017 100.58284036271911
C01 699.987 100.12016897420828
C01 720.012 99.94606592373395
C01 749.995 99.22336592292649
C01 770.007 98.86998958180757
C01 800.008 97.77457271183685
C01 830.013 96.6124942119375
C01 869.994 91.66819736691863
C01 900.005 84.73964660031702
C01 919.989 78.08393132240415
C01 959.989 57.83668102527817
C01 1000.013 30.179331451706954
C01 1030.002 12.853044721944912
C01 1049.996 6.324262191293699
C01 1080.005 0.6878663677563991
C01 1100.007 0.09357126098162753
C02 319.992 43.81321265281833
C02 330.006 56.613969012507944
C02 349.994 79.23475784777
C02 370.001 86.92282072519139
C02 400.009 90.66774440454935
C02 429.983 91.43277909783248
C02 449.989 92.2422548777347
C02 469.993 93.49709131609617
C02 500.016 95.3187545886504
C02 549.99 98.23572749656441
C02 569.998 99.17926951898542
C02 599.983 100.07871513746534
C02 630.013 101.00801793547667
C02 649.987 101.15189614489637
C02 670.017 101.59618445724625
C02 699.987 101.13639308400064
C02 720.012 100.96223641622085
C02 749.995 100.23893896543815
C02 770.007 99.8850111320344
C02 800.008 98.78007336053533
C02 830.013 97.5978500730096
C02 869.994 92.52840277741001
C02 900.005 85.51031877028949
C02 919.989 78.7598234155368
C02 959.989 58.29844474940355
C02 1000.013 30.45820654687609
C02 1030.002 12.985820319324905
C02 1049.996 6.371591910244961
C02 1080.005 0.6949068380718045
C02 1100.007 0.09452898433633225
C03 319.992 43.142927397914775
C03 330.006 55.745108236990795
C03 349.994 78.18515313551538
C03 370.001 86.08104434855137
C03 400.009 90.05652244142792
C03 429.983 90.87185782685644
C03 449.989 91.68419830279373
C03 469.993 92.93507472016555
C03 500.016 94.74868007766922
C03 549.99 97.66602064710645
C03 569.998 98.61399758665128
C03 599.983 99.52359985471013
C03 630.013 100.46304398307026
C03 649.987 100.61573074981708
C03 670.017 101.06716548302454
C03 699.987 100.62087035152707
C03 720.012 100.45764395444799
C03 749.995 99.74729125312862
C03 770.007 99.40138303670008
C03 800.008 98.29868953241566
C03 830.013 97.11115813164845
C03 869.994 91.97727049448967
C03 900.005 84.99325645518745
C03 919.989 78.29080986575045
C03 959.989 57.722721272310416
C03 1000.013 30.121001568067506
C03 1030.002 12.905535106547607
C03 1049.996 6.35471442717063
C03 1080.005 0.691498499519249
C03 1100.007 0.09406534408414904
C04 319.992 43.615353306213514
C04 330.006 56.36395151710396
C04 349.994 79.01463582997276
C04 370.001 86.84253264005844
C04 400.009 90.31000208284222
C04 429.983 90.91792275186975
C04 449.989 91.65656241163177
C04 469.993 92.86077645401504
C04 500.016 94.62923604031346
C04 549.99 97.50277893079722
C04 569.998 98.44045368807686
C04 599.983 99.33414693564141
C04 630.013 100.26058503761767
C04 649.987 100.40822411803529
C04 670.017 100.85562989371748
C04 699.987 100.40349813553891
C04 720.012 100.24457644212751
C04 749.995 99.53245436972766
C04 770.007 99.18888233589458
C04 800.008 98.08623478930056
C04 830.013 96.9115026053104
C04 869.994 91.74155350041589
C04 900.005 84.86880302957782
C04 919.989 78.23093465477122
C04 959.989 57.368835566789535
C04 1000.013 30.103631475999176
C04 1030.002 12.98019528951003
C04 1049.996 6.37955360138123
C04 1080.005 0.6900091426567869
C04 1100.007 0.09386274514021932
C05 319.992 43.52260302736645
C05 330.006 56.243550027864806
C05 349.994 78.8967237156304
C05 370.001 86.77450759864786
C05 400.009 90.139453093759
C05 429.983 90.67917255022941
C05 449.989 91.39492528017105
C05 469.993 92.578772406091
C05 500.016 94.32539442983322
C05 549.99 97.17989551726028
C05 569.998 98.11413876698987
C05 599.983 99.00518178774122
C05 630.013 99.93336628195277
C05 649.987 100.08412282570269
C05 670.017 100.53111498217125
C05 699.987 100.08652794483375
C05 720.012 99.92675603414989
C05 749.995 99.22060846150235
C05 770.007 98.87920409873325
C05 800.008 97.79007577273259
C05 830.013 96.60759971790965
C05 869.994 91.4680056675259
C05 900.005 84.48435928974689
C05 919.989 77.91128359879256
C05 959.989 57.25922647517987
C05 1000.013 29.883833076938522
C05 1030.002 12.865155530817821
C05 1049.996 6.33919269596317
C05 1080.005 0.6878472723606602
C05 1100.007 0.09356866341276535
C06 319.992 43.75831236182516
C06 330.006 56.547533341223776
C06 349.994 79.34539332779865
C06 370.001 87.3129172609418
C06 400.009 90.57518561607898
C06 429.983 91.05646986920277
C06 449.989 91.7463407598328
C06 469.993 92.9195257015794
C06 500.016 94.65265148357346
C06 549.99 97.50793385173735
C06 569.998 98.43772686511298
C06 599.983 99.33506608944946
C06 630.013 100.26747869117803
C06 649.987 100.42083184443568
C06 670.017 100.86640697211683
C06 699.987 100.42084716366581
C06 720.012 100.26289058175286
C06 749.995 99.55919408592678
C06 770.007 99.21746801932485
C06 800.008 98.1212239109269
C06 830.013 96.93583720237847
C06 869.994 91.79130270027646
C06 900.005 84.72595886819218
C06 919.989 78.03616596284596
C06 959.989 57.58591671740515
C06 1000.013 30.1098932113165
C06 1030.002 12.872183227641852
C06 1049.996 6.319010567713344
C06 1080.005 0.690194521425304
C06 1100.007 0.09388796242942325
C07 319.992 43.95698745743462
C07 330.006 56.81445560708077
C07 349.994 79.8058510875551
C07 370.001 87.89741482709427
C07 400.009 91.09554922527492
C07 429.983 91.52269531910473
C07 449.989 92.19366993936431
C07 469.993 93.35576375849381
C07 500.016 95.08944869238776
C07 549.99 97.95233705831323
C07 569.998 98.88958287714912
C07 599.983 99.79489576077042
C07 630.013 100.7335586083937
C07 649.987 100.88809134237168
C07 670.017 101.34124948896923
C07 699.987 100.89844714194236
C07 720.012 100.73894331778584
C07 749.995 100.03345447203407
C07 770.007 99.6920194708047
C07 800.008 98.59265789907445
C07 830.013 97.4103886538583
C07 869.994 92.20550404464292
C07 900.005 85.27005962448095
C07 919.989 78.31987044531488
C07 959.989 57.79621910868641
C07 1000.013 30.379770173685607
C07 1030.002 13.031825882321447
C07 1049.996 6.390150200100569
C07 1080.005 0.693482336413591
C07 1100.007 0.09433520772116755
C10 319.992 41.671090234895885
C10 330.006 53.83363980758279
C10 349.994 75.32783330974365
C10 370.001 82.81451724743691
C10 400.009 87.78932999888295
C10 429.983 89.13617373342998
C10 449.989 90.13316454978894
C10 469.993 91.49773263360116
C10 500.016 93.41188575809018
C10 549.99 96.38385470218569
C10 569.998 97.33189291865105
C10 599.983 98.24268242704531
C10 630.013 99.17161756353342
C10 649.987 99.31734939979934
C10 670.017 99.75875003726895
C10 699.987 99.30798169057233
C10 720.012 99.13767780917127
C10 749.995 98.42596935598503
C10 770.007 98.07246280140998
C10 800.008 96.97307059121945
C10 830.013 95.80277332435314
C10 869.994 90.84248320307425
C10 900.005 83.8805671532405
C10 919.989 77.44596198346854
C10 959.989 57.00314639445031
C10 1000.013 29.716503041087247
C10 1030.002 12.74076338212873
C10 1049.996 6.31833843649121
C10 1080.005 0.6823384113906849
C10 1100.007 0.09281928665632588
C11 319.992 42.71544045121449
C11 330.006 55.17987077292447
C11 349.994 77.26926232348647
C11 370.001 85.00759525459299
C11 400.009 89.87583212199593
C11 429.983 91.12817918546061
C11 449.989 92.10883204288153
C11 469.993 93.47068862296001
C11 500.016 95.39369626246653
C11 549.99 98.40505094723689
C11 569.998 99.3705684052853
C11 599.983 100.29752736108611
C11 630.013 101.24495280834611
C11 649.987 101.39770851162854
C11 670.017 101.849487927514
C11 699.987 101.39264550606921
C11 720.012 101.2209092766506
C11 749.995 100.4955437297998
C11 770.007 100.13645331584085
C11 800.008 99.01867036987431
C11 830.013 97.80650564705144
C11 869.994 92.70802841034768
C11 900.005 85.5130609124835
C11 919.989 78.97342710091196
C11 959.989 58.15248312468562
C11 1000.013 30.186041274505698
C11 1030.002 12.922422642866712
C11 1049.996 6.389861049631787
C11 1080.005 0.6966857464138444
C11 1100.007 0.09477097130435094
C12 319.992 43.05839205622714
C12 330.006 55.62682463131769
C12 349.994 77.94491696855204
C12 370.001 85.82121488624648
C12 400.009 90.51868829534433
C12 429.983 91.66628246315187
C12 449.989 92.60743468567195
C12 469.993 93.94668774168753
C12 500.016 95.84886888782673
C12 549.99 98.86108144948457
C12 569.998 99.8294099862626
C12 599.983 100.75580213054845
C12 630.013 101.71532976961441
C12 649.987 101.86731185177506
C12 670.017 102.32386320784731
C12 699.987 101.87039101703202
C12 720.012 101.70158842018411
C12 749.995 100.97716500598655
C12 770.007 100.62299206490066
C12 800.008 99.4992346191818
C12 830.013 98.27372684691211
C12 869.994 93.08437593705273
C12 900.005 85.8899522718583
C12 919.989 79.2179449926978
C12 959.989 58.35738931715213
C12 1000.013 30.33892910614803
C12 1030.002 12.983914990076972
C12 1049.996 6.3858723050856145
C12 1080.005 0.7000245974379392
C12 1100.007 0.09522515908732594
C13 319.992 42.45770589363045
C13 330.006 54.848638378964424
C13 349.994 76.91665194387426
C13 370.001 84.77645105071424
C13 400.009 89.2333053120954
C13 429.983 90.26177714637998
C13 449.989 91.14699120006532
C13 469.993 92.43576739278895
C13 500.016 94.288819767888
C13 549.99 97.23226430547378
C13 569.998 98.18569489094637
C13 599.983 99.09886653962646
C13 630.013 100.03701619304026
C13 649.987 100.1916025443237
C13 670.017 100.64433941209256
C13 699.987 100.20211919581078
C13 720.012 100.04056259481631
C13 749.995 99.33488225868786
C13 770.007 98.99226767673815
C13 800.008 97.8843962726684
C13 830.013 96.68241117826965
C13 869.994 91.52667065932452
C13 900.005 84.55560902910071
C13 919.989 77.90619761438803
C13 959.989 57.4345282554122
C13 1000.013 29.679365397434594
C13 1030.002 12.772866743778554
C13 1049.996 6.280004935436213
C13 1080.005 0.6886394754115859
C13 1100.007 0.09367642771394842
C14 319.992 42.69425778574653
C14 330.006 55.157883847874466
C14 349.994 77.42818401689789
C14 370.001 85.42077787015553
C14 400.009 89.66852464020587
C14 429.983 90.57324773346701
C14 449.989 91.4093330161122
C14 469.993 92.67163757916407
C14 500.016 94.4933697882539
C14 549.99 97.4191818919553
C14 569.998 98.37186949476637
C14 599.983 99.2868488126023
C14 630.013 100.22931848891392
C14 649.987 100.3840350536535
C14 670.017 100.84202641735837
C14 699.987 100.40535176238515
C14 720.012 100.24729560547631
C14 749.995 99.5434229385037
C14 770.007 99.2026236853249
C14 800.008 98.10048167332529
C14 830.013 96.8962982694023
C14 869.994 91.72563682030653
C14 900.005 84.65480104421917
C14 919.989 78.06384781169832
C14 959.989 57.57908817057286
C14 1000.013 29.768446720664528
C14 1030.002 12.761237533202987
C14 1049.996 6.310646746786054
C14 1080.005 0.6900851888341846
C14 1100.007 0.09387308979006044
C15 319.992 43.11387447796541
C15 330.006 55.70479951270038
C15 349.994 78.28900219659461
C15 370.001 86.47693155329249
C15 400.009 90.51884148764567
C15 429.983 91.2943392151104
C15 449.989 92.08595277267622
C15 469.993 93.3239303982751
C15 500.016 95.12531101013174
C15 549.99 98.04755373321188
C15 569.998 99.0060473242438
C15 599.983 99.92591347649251
C15 630.013 100.88266067528913
C15 649.987 101.0445925974219
C15 670.017 101.50717207055193
C15 699.987 101.07258849049201
C15 720.012 100.91342934901353
C15 749.995 100.21190818386648
C15 770.007 99.87558214588685
C15 800.008 98.76701371684598
C15 830.013 97.56935630496012
C15 869.994 92.33063151637846
C15 900.005 85.34219787918254
C15 919.989 78.57774670577766
C15 959.989 57.82503841037623
C15 1000.013 30.183230195776087
C15 1030.002 12.994735153811082
C15 1049.996 6.386568851330776
C15 1080.005 0.6947194764339304
C15 1100.007 0.09450349731510652
C16 319.992 42.88564475761969
C16 330.006 55.41569500160918
C16 349.994 77.99614447412056
C16 370.001 86.29763528380269
C16 400.009 90.10578908553927
C16 429.983 90.75346315676485
C16 449.989 91.48396064571058
C16 469.993 92.67980272882556
C16 500.016 94.44056440198158
C16 549.99 97.3230230844034
C16 569.998 98.27433195650241
C16 599.983 99.19471130296061
C16 630.013 100.15230871902968
C16 649.987 100.31629341800041
C16 670.017 100.77836735653601
C16 699.987 100.35669788747917
C16 720.012 100.20260175156001
C16 749.995 99.51429342240365
C16 770.007 99.18018867279346
C16 800.008 98.08807309691664
C16 830.013 96.90184383071085
C16 869.994 91.64975301383716
C16 900.005 84.78565790802486
C16 919.989 77.82938699449554
C16 959.989 57.4514560047104
C16 1000.013 29.934131854180155
C16 1030.002 12.799629438822869
C16 1049.996 6.309366633617971
C16 1080.005 0.6898832621080707
C16 1100.007 0.09384562146296373
C17 319.992 43.07484490939119
C17 330.006 55.672878066908396
C17 349.994 78.52077448890886
C17 370.001 87.04198901640474
C17 400.009 90.71259911038207
C17 429.983 91.25337559373175
C17 449.989 91.94389755164248
C17 469.993 93.11350545315275
C17 500.016 94.86053343649354
C17 549.99 97.7510040762755
C17 569.998 98.70791212698853
C17 599.983 99.64547964965723
C17 630.013 100.61364733451884
C17 649.987 100.78908315801483
C17 670.017 101.26307545759478
C17 699.987 100.84481451724278
C17 720.012 100.70092864820802
C17 749.995 100.01522458817446
C17 770.007 99.68451304803898
C17 800.008 98.58917277421894
C17 830.013 97.3990907216344
C17 869.994 92.04972279340902
C17 900.005 85.23471050094645
C17 919.989 78.32090449334893
C17 959.989 57.51959594034699
C17 1000.013 30.34115422432501
C17 1030.002 13.018298044661131
C17 1049.996 6.39345340909824
C17 1080.005 0.6933559779876891
C17 1100.007 0.09431801903772334
