lsstCam/transmission_sensor/r11_s00/19700101T000000.ecsv
# %ECSV 1.0
# ---
# datatype:
# - {name: amp_name, datatype: string}
# - {name: wavelength, unit: nm, datatype: float32}
# - {name: efficiency, unit: '%', datatype: float64}
# meta: !!omap
# - {MODE: AMP}
# - {TYPE: transmission_sensor}
# - {CALIBDATE: '1970-01-01T00:00:00'}
# - {INSTRUME: LSSTCAM}
# - {OBSTYPE: transmission_sensor}
# - {DETECTOR: 36}
# - {PARQUETFILE: qe_raft_allvalues_nircorrected_20230725.parquet}
# - {CALIBCLS: lsst.ip.isr.IntermediateSensorTransmissionCurve}
# - {CALIB_ID: 'raftName=R11 detectorName=S00 detector=36 calibDate=1970-01-01T00:00:00 ccd=36 ccdnum=36 filter=None'}
# - {DATE: '2023-08-02T16:57:55.600146'}
# - {CALIB_CREATION_DATE: '2023-08-02'}
# - {CALIB_CREATION_TIME: '16:57:55'}
# - __serialized_columns__:
#     efficiency:
#       __class__: astropy.units.quantity.Quantity
#       unit: !astropy.units.Unit {unit: '%'}
#       value: !astropy.table.SerializedColumn {name: efficiency}
#     wavelength:
#       __class__: astropy.units.quantity.Quantity
#       unit: !astropy.units.Unit {unit: nm}
#       value: !astropy.table.SerializedColumn {name: wavelength}
# schema: astropy-2.0
amp_name wavelength efficiency
C00 319.992 43.34489822387695
C00 330.006 55.99788284301758
C00 349.994 78.24517822265625
C00 370.001 85.70199584960938
C00 400.009 89.67893981933594
C00 429.983 90.60340881347656
C00 449.989 91.47355651855469
C00 469.993 92.76802825927734
C00 500.016 94.61858367919922
C00 549.99 97.54568481445312
C00 569.998 98.48401641845703
C00 599.983 99.37751770019531
C00 630.013 100.29704284667969
C00 649.987 100.43305206298828
C00 670.017 100.86735534667969
C00 699.987 100.39695739746094
C00 720.012 100.22124481201172
C00 749.995 99.48883056640625
C00 770.007 99.12853240966797
C00 800.008 98.02716064453125
C00 830.013 96.87581634521484
C00 869.994 91.97453308105469
C00 900.005 85.1060562133789
C00 919.989 78.3742904663086
C00 959.989 58.14248275756836
C00 1000.013 30.431989669799805
C00 1030.002 12.949641227722168
C00 1049.996 6.397505283355713
C00 1080.005 0.6897066922709975
C00 1100.007 0.09382160246293593
C01 319.992 43.11879348754883
C01 330.006 55.71255874633789
C01 349.994 77.92340087890625
C01 370.001 85.42848205566406
C01 400.009 89.24925231933594
C01 429.983 90.08287811279297
C01 449.989 90.91370391845703
C01 469.993 92.1738052368164
C01 500.016 93.98604583740234
C01 549.99 96.87296295166016
C01 569.998 97.80956268310547
C01 599.983 98.69596099853516
C01 630.013 99.60704040527344
C01 649.987 99.74879455566406
C01 670.017 100.18599700927734
C01 699.987 99.72515106201172
C01 720.012 99.5517349243164
C01 749.995 98.8318862915039
C01 770.007 98.47990417480469
C01 800.008 97.38880920410156
C01 830.013 96.23131561279297
C01 869.994 91.30652618408203
C01 900.005 84.40531158447266
C01 919.989 77.7758560180664
C01 959.989 57.608489990234375
C01 1000.013 30.060260772705078
C01 1030.002 12.80233383178711
C01 1049.996 6.299310207366943
C01 1080.005 0.6851524336985035
C01 1100.007 0.09320208137942286
C02 319.992 43.640350341796875
C02 330.006 56.390602111816406
C02 349.994 78.9221420288086
C02 370.001 86.57987213134766
C02 400.009 90.31002044677734
C02 429.983 91.07203674316406
C02 449.989 91.8783187866211
C02 469.993 93.12820434570312
C02 500.016 94.94268035888672
C02 549.99 97.84814453125
C02 569.998 98.7879638671875
C02 599.983 99.6838607788086
C02 630.013 100.6094970703125
C02 649.987 100.7528076171875
C02 670.017 101.19534301757812
C02 699.987 100.73736572265625
C02 720.012 100.56389617919922
C02 749.995 99.84345245361328
C02 770.007 99.49092102050781
C02 800.008 98.39034271240234
C02 830.013 97.21278381347656
C02 869.994 92.16333770751953
C02 900.005 85.17294311523438
C02 919.989 78.44908142089844
C02 959.989 58.06843185424805
C02 1000.013 30.338035583496094
C02 1030.002 12.934585571289062
C02 1049.996 6.3464531898498535
C02 1080.005 0.6921651262752838
C02 1100.007 0.09415602609607779
C03 319.992 42.97270965576172
C03 330.006 55.525169372558594
C03 349.994 77.87667846679688
C03 370.001 85.74141693115234
C03 400.009 89.70121002197266
C03 429.983 90.5133285522461
C03 449.989 91.32246398925781
C03 469.993 92.56840515136719
C03 500.016 94.3748550415039
C03 549.99 97.28068542480469
C03 569.998 98.22492218017578
C03 599.983 99.13093566894531
C03 630.013 100.0666732788086
C03 649.987 100.21875762939453
C03 670.017 100.66841125488281
C03 699.987 100.223876953125
C03 720.012 100.06129455566406
C03 749.995 99.35374450683594
C03 770.007 99.00920104980469
C03 800.008 97.91085815429688
C03 830.013 96.72801208496094
C03 869.994 91.6143798828125
C03 900.005 84.65792083740234
C03 919.989 77.98191833496094
C03 959.989 57.49497985839844
C03 1000.013 30.002161026000977
C03 1030.002 12.85461711883545
C03 1049.996 6.329642295837402
C03 1080.005 0.6887702351109307
C03 1100.007 0.09369421510773128
C04 319.992 43.44327163696289
C04 330.006 56.141571044921875
C04 349.994 78.70288848876953
C04 370.001 86.4999008178711
C04 400.009 89.95368957519531
C04 429.983 90.55921173095703
C04 449.989 91.29493713378906
C04 469.993 92.49440002441406
C04 500.016 94.2558822631836
C04 549.99 97.11808776855469
C04 569.998 98.05206298828125
C04 599.983 98.94223022460938
C04 630.013 99.8650131225586
C04 649.987 100.01206970214844
C04 670.017 100.45771026611328
C04 699.987 100.00736236572266
C04 720.012 99.84906768798828
C04 749.995 99.13975524902344
C04 770.007 98.79753875732422
C04 800.008 97.6992416381836
C04 830.013 96.52914428710938
C04 869.994 91.37959289550781
C04 900.005 84.5339584350586
C04 919.989 77.92227935791016
C04 959.989 57.14249038696289
C04 1000.013 29.984859466552734
C04 1030.002 12.928982734680176
C04 1049.996 6.35438346862793
C04 1080.005 0.6872867544135246
C04 1100.007 0.09349241550535944
C05 319.992 43.350887298583984
C05 330.006 56.021644592285156
C05 349.994 78.58544158935547
C05 370.001 86.43214416503906
C05 400.009 89.7838134765625
C05 429.983 90.32140350341797
C05 449.989 91.03433227539062
C05 469.993 92.21350860595703
C05 500.016 93.95323944091797
C05 549.99 96.79647827148438
C05 569.998 97.72703552246094
C05 599.983 98.61456298828125
C05 630.013 99.5390853881836
C05 649.987 99.68924713134766
C05 670.017 100.13447570800781
C05 699.987 99.69164276123047
C05 720.012 99.53250122070312
C05 749.995 98.82913970947266
C05 770.007 98.48908233642578
C05 800.008 97.40425109863281
C05 830.013 96.2264404296875
C05 869.994 91.10712432861328
C05 900.005 84.15103149414062
C05 919.989 77.60388946533203
C05 959.989 57.0333137512207
C05 1000.013 29.765928268432617
C05 1030.002 12.814396858215332
C05 1049.996 6.314181804656982
C05 1080.005 0.6851334136424633
C05 1100.007 0.0931994940591074
C06 319.992 43.58566665649414
C06 330.006 56.32442855834961
C06 349.994 79.03234100341797
C06 370.001 86.96842956542969
C06 400.009 90.21782684326172
C06 429.983 90.69721221923828
C06 449.989 91.38436126708984
C06 469.993 92.55291748046875
C06 500.016 94.27920532226562
C06 549.99 97.12322235107422
C06 569.998 98.04934692382812
C06 599.983 98.94314575195312
C06 630.013 99.87187957763672
C06 649.987 100.02462768554688
C06 670.017 100.46844482421875
C06 699.987 100.02464294433594
C06 720.012 99.8673095703125
C06 749.995 99.16638946533203
C06 770.007 98.82601165771484
C06 800.008 97.73409271240234
C06 830.013 96.55338287353516
C06 869.994 91.42914581298828
C06 900.005 84.39167785644531
C06 919.989 77.72827911376953
C06 959.989 57.35871505737305
C06 1000.013 29.99109649658203
C06 1030.002 12.821396827697754
C06 1049.996 6.294079303741455
C06 1080.005 0.687471401781617
C06 1100.007 0.09351753330131407
C07 319.992 43.7835578918457
C07 330.006 56.59029769897461
C07 349.994 79.49098205566406
C07 370.001 87.55062103271484
C07 400.009 90.73613739013672
C07 429.983 91.1615982055664
C07 449.989 91.82992553710938
C07 469.993 92.98743438720703
C07 500.016 94.71427917480469
C07 549.99 97.56587219238281
C07 569.998 98.49942016601562
C07 599.983 99.40116119384766
C07 630.013 100.33612060546875
C07 649.987 100.49004364013672
C07 670.017 100.94141387939453
C07 699.987 100.50035858154297
C07 720.012 100.34148406982422
C07 749.995 99.63877868652344
C07 770.007 99.29869079589844
C07 800.008 98.20366668701172
C07 830.013 97.02606201171875
C07 869.994 91.84171295166016
C07 900.005 84.93363189697266
C07 919.989 78.0108642578125
C07 959.989 57.56818771362305
C07 1000.013 30.25990867614746
C07 1030.002 12.980409622192383
C07 1049.996 6.364938259124756
C07 1080.005 0.6907462448999434
C07 1100.007 0.09396301401452044
C10 319.992 41.50667953491211
C10 330.006 53.62124252319336
C10 349.994 75.03063201904297
C10 370.001 82.48777770996094
C10 400.009 87.44296264648438
C10 429.983 88.78449249267578
C10 449.989 89.77754974365234
C10 469.993 91.13673400878906
C10 500.016 93.0433349609375
C10 549.99 96.00357818603516
C10 569.998 96.9478759765625
C10 599.983 97.85507202148438
C10 630.013 98.78034210205078
C10 649.987 98.92549896240234
C10 670.017 99.36515808105469
C10 699.987 98.91616821289062
C10 720.012 98.74653625488281
C10 749.995 98.03763580322266
C10 770.007 97.6855239868164
C10 800.008 96.59046936035156
C10 830.013 95.42478942871094
C10 869.994 90.48406982421875
C10 900.005 83.54962158203125
C10 919.989 77.1404037475586
C10 959.989 56.77824401855469
C10 1000.013 29.599258422851562
C10 1030.002 12.690495491027832
C10 1049.996 6.293409824371338
C10 1080.005 0.6796462875415081
C10 1100.007 0.09245307392214641
C11 319.992 42.54690933227539
C11 330.006 54.962162017822266
C11 349.994 76.96440124511719
C11 370.001 84.67220306396484
C11 400.009 89.52123260498047
C11 429.983 90.76863861083984
C11 449.989 91.74542236328125
C11 469.993 93.1019058227539
C11 500.016 95.01732635498047
C11 549.99 98.01679992675781
C11 569.998 98.97850799560547
C11 599.983 99.90180969238281
C11 630.013 100.84549713134766
C11 649.987 100.99765014648438
C11 670.017 101.44764709472656
C11 699.987 100.99260711669922
C11 720.012 100.82154846191406
C11 749.995 100.09904479980469
C11 770.007 99.74137115478516
C11 800.008 98.62799835205078
C11 830.013 97.42061614990234
C11 869.994 92.34225463867188
C11 900.005 85.17567443847656
C11 919.989 78.6618423461914
C11 959.989 57.92304611206055
C11 1000.013 30.066944122314453
C11 1030.002 12.871438026428223
C11 1049.996 6.364650249481201
C11 1080.005 0.6939370160448776
C11 1100.007 0.09439705831953438
C12 319.992 42.88850784301758
C12 330.006 55.407352447509766
C12 349.994 77.63739013671875
C12 370.001 85.48261260986328
C12 400.009 90.16155242919922
C12 429.983 91.30461883544922
C12 449.989 92.24205780029297
C12 469.993 93.5760269165039
C12 500.016 95.470703125
C12 549.99 98.47103118896484
C12 569.998 99.43553924560547
C12 599.983 100.3582763671875
C12 630.013 101.31401824951172
C12 649.987 101.46540069580078
C12 670.017 101.92015075683594
C12 699.987 101.46846771240234
C12 720.012 101.30033111572266
C12 749.995 100.57876586914062
C12 770.007 100.22599029541016
C12 800.008 99.1066665649414
C12 830.013 97.88599395751953
C12 869.994 92.71711730957031
C12 900.005 85.55107879638672
C12 919.989 78.9053955078125
C12 959.989 58.12714385986328
C12 1000.013 30.219228744506836
C12 1030.002 12.932687759399414
C12 1049.996 6.360677242279053
C12 1080.005 0.6972626938395003
C12 1100.007 0.09484945413280323
C13 319.992 42.290191650390625
C13 330.006 54.63223648071289
C13 349.994 76.6131820678711
C13 370.001 84.44197082519531
C13 400.009 88.88124084472656
C13 429.983 89.90565490722656
C13 449.989 90.7873764038086
C13 469.993 92.0710678100586
C13 500.016 93.91680908203125
C13 549.99 96.84864044189453
C13 569.998 97.79830932617188
C13 599.983 98.70787811279297
C13 630.013 99.64232635498047
C13 649.987 99.79630279541016
C13 670.017 100.24725341796875
C13 699.987 99.80677795410156
C13 720.012 99.64585876464844
C13 749.995 98.94296264648438
C13 770.007 98.60169982910156
C13 800.008 97.49819946289062
C13 830.013 96.30095672607422
C13 869.994 91.16555786132812
C13 900.005 84.22200012207031
C13 919.989 77.59882354736328
C13 959.989 57.207923889160156
C13 1000.013 29.562267303466797
C13 1030.002 12.722472190856934
C13 1049.996 6.255227565765381
C13 1080.005 0.6859224911054238
C13 1100.007 0.09330683318292911
C14 319.992 42.52581024169922
C14 330.006 54.94026184082031
C14 349.994 77.12269592285156
C14 370.001 85.08375549316406
C14 400.009 89.31474304199219
C14 429.983 90.21589660644531
C14 449.989 91.0486831665039
C14 469.993 92.3060073852539
C14 500.016 94.12055206298828
C14 549.99 97.03482055664062
C14 569.998 97.98374938964844
C14 599.983 98.8951187133789
C14 630.013 99.83386993408203
C14 649.987 99.98797607421875
C14 670.017 100.44416046142578
C14 699.987 100.00920867919922
C14 720.012 99.85177612304688
C14 749.995 99.15068054199219
C14 770.007 98.81122589111328
C14 800.008 97.71343231201172
C14 830.013 96.51399993896484
C14 869.994 91.36373901367188
C14 900.005 84.32080078125
C14 919.989 77.75585174560547
C14 959.989 57.35191345214844
C14 1000.013 29.650997161865234
C14 1030.002 12.710888862609863
C14 1049.996 6.285748481750488
C14 1080.005 0.6873625005554495
C14 1100.007 0.09350271934102672
C15 319.992 42.94377136230469
C15 330.006 55.48501968383789
C15 349.994 77.98011779785156
C15 370.001 86.1357421875
C15 400.009 90.16170501708984
C15 429.983 90.93414306640625
C15 449.989 91.7226333618164
C15 469.993 92.95572662353516
C15 500.016 94.75
C15 549.99 97.66071319580078
C15 569.998 98.61542510986328
C15 599.983 99.53166198730469
C15 630.013 100.48463439941406
C15 649.987 100.64592742919922
C15 670.017 101.10668182373047
C15 699.987 100.67381286621094
C15 720.012 100.5152816772461
C15 749.995 99.8165283203125
C15 770.007 99.48152923583984
C15 800.008 98.37733459472656
C15 830.013 97.18440246582031
C15 869.994 91.96634674072266
C15 900.005 85.00548553466797
C15 919.989 78.2677230834961
C15 959.989 57.596893310546875
C15 1000.013 30.064144134521484
C15 1030.002 12.943465232849121
C15 1049.996 6.361371040344238
C15 1080.005 0.6919785038611223
C15 1100.007 0.09413063963231232
C16 319.992 42.7164421081543
C16 330.006 55.19705581665039
C16 349.994 77.68841552734375
C16 370.001 85.9571533203125
C16 400.009 89.75028228759766
C16 429.983 90.39540100097656
C16 449.989 91.12301635742188
C16 469.993 92.31414031982422
C16 500.016 94.06795501708984
C16 549.99 96.93904113769531
C16 569.998 97.8865966796875
C16 599.983 98.8033447265625
C16 630.013 99.75716400146484
C16 649.987 99.92050170898438
C16 670.017 100.38075256347656
C16 699.987 99.96074676513672
C16 720.012 99.80725860595703
C16 749.995 99.12166595458984
C16 770.007 98.78887939453125
C16 800.008 97.7010726928711
C16 830.013 96.51952362060547
C16 869.994 91.28815460205078
C16 900.005 84.45114135742188
C16 919.989 77.5223159790039
C16 959.989 57.22478485107422
C16 1000.013 29.816028594970703
C16 1030.002 12.749129295349121
C16 1049.996 6.284473419189453
C16 1080.005 0.6871613705186999
C16 1100.007 0.0934753593885096
C17 319.992 42.9048957824707
C17 330.006 55.453224182128906
C17 349.994 78.21097564697266
C17 370.001 86.69857025146484
C17 400.009 90.35469818115234
C17 429.983 90.89334106445312
C17 449.989 91.58113861083984
C17 469.993 92.74613189697266
C17 500.016 94.48626708984375
C17 549.99 97.3653335571289
C17 569.998 98.31846618652344
C17 599.983 99.25233459472656
C17 630.013 100.21668243408203
C17 649.987 100.39142608642578
C17 670.017 100.8635482788086
C17 699.987 100.44693756103516
C17 720.012 100.30361938476562
C17 749.995 99.62062072753906
C17 770.007 99.29121398925781
C17 800.008 98.2001953125
C17 830.013 97.01480865478516
C17 869.994 91.6865463256836
C17 900.005 84.89842224121094
C17 919.989 78.01189422607422
C17 959.989 57.29265594482422
C17 1000.013 30.221445083618164
C17 1030.002 12.966935157775879
C17 1049.996 6.368228435516357
C17 1080.005 0.6906203850133679
C17 1100.007 0.09394589314795986
