lsstCam/transmission_filter_detector/r01_s02/i_39/19700101T000000.ecsv
# %ECSV 1.0
# ---
# datatype:
# - {name: wavelength, unit: nm, datatype: float32}
# - {name: efficiency, unit: '%', datatype: float64}
# meta: !!omap
# - {MODE: DETECTOR}
# - {TYPE: transmission_filter_detector}
# - {CALIBDATE: '1970-01-01T00:00:00'}
# - {INSTRUME: LSSTCam}
# - {OBSTYPE: transmission_filter_detector}
# - {CALIBCLS: lsst.ip.isr.IntermediateFilterDetectorTransmissionCurve}
# - {SOURCE: Materion (DM-46256)}
# - {DETECTOR: 2}
# - {FILTER: i_39}
# - {CALIB_ID: 'calibDate=1970-01-01T00:00:00 filter=i_39 detector=2'}
# - {DATE: '2025-04-02T15:59:46.488100'}
# - {CALIB_CREATION_DATE: '2025-04-02'}
# - {CALIB_CREATION_TIME: '15:59:46'}
# - __serialized_columns__:
#     efficiency:
#       __class__: astropy.units.quantity.Quantity
#       unit: !astropy.units.Unit {unit: '%'}
#       value: !astropy.table.SerializedColumn {name: efficiency}
#     wavelength:
#       __class__: astropy.units.quantity.Quantity
#       unit: !astropy.units.Unit {unit: nm}
#       value: !astropy.table.SerializedColumn {name: wavelength}
# schema: astropy-2.0
wavelength efficiency
300.0 0.08914281497709453
301.0 0.054263247875496745
302.0 0.019383718608878553
303.0 0.03134131547994912
304.0 0.04329891817178577
305.0 0.03362656570971012
306.0 0.02395421324763447
307.0 0.004733139940071851
308.0 1.730942320900264e-10
309.0 1.730942320900264e-10
310.0 1.730942320900264e-10
311.0 1.730942320900264e-10
312.0 0.001775781493051909
313.0 0.0006263719569687964
314.0 1.730942320900264e-10
315.0 1.730942320900264e-10
316.0 1.730942320900264e-10
317.0 1.730942320900264e-10
318.0 1.730942320900264e-10
319.0 1.730942320900264e-10
320.0 1.730942320900264e-10
321.0 1.730942320900264e-10
322.0 0.00042807137106137816
323.0 1.730942320900264e-10
324.0 1.730942320900264e-10
325.0 1.730942320900264e-10
326.0 1.730942320900264e-10
327.0 1.730942320900264e-10
328.0 0.0035052911698585376
329.0 0.0023514783606515266
330.0 0.0011976663699897472
331.0 0.0018361786715104245
332.0 0.002474691063980572
333.0 0.002582723209343385
334.0 0.0026907557185040787
335.0 0.0024996104912133887
336.0 0.002308466901013162
337.0 0.0027625177608570084
338.0 0.0032165684388019145
339.0 0.0034692715416895226
340.0 0.003721975372172892
341.0 1.730942320900264e-10
342.0 1.730942320900264e-10
343.0 1.730942320900264e-10
344.0 1.730942320900264e-10
345.0 1.730942320900264e-10
346.0 1.730942320900264e-10
347.0 1.730942320900264e-10
348.0 1.730942320900264e-10
349.0 1.730942320900264e-10
350.0 1.730942320900264e-10
351.0 1.730942320900264e-10
352.0 1.730942320900264e-10
353.0 1.730942320900264e-10
354.0 1.730942320900264e-10
355.0 1.730942320900264e-10
356.0 1.730942320900264e-10
357.0 0.0005935900389886228
358.0 0.0012442186744010542
359.0 0.0012478234566515312
360.0 0.0012514277841546573
361.0 0.0006887971721880604
362.0 0.00012616657159014721
363.0 1.730942320900264e-10
364.0 1.730942320900264e-10
365.0 0.0006486441634478979
366.0 0.0016976668121060356
367.0 0.0010452351489220746
368.0 0.0003928034857381135
369.0 0.0011066846127505414
370.0 0.0018205659216619097
371.0 0.0013777628737443592
372.0 0.0009349598258268088
373.0 0.0007781365638948046
374.0 0.0006213133019628003
375.0 0.00017259487776755122
376.0 1.730942320900264e-10
377.0 1.730942320900264e-10
378.0 1.730942320900264e-10
379.0 1.730942320900264e-10
380.0 1.730942320900264e-10
381.0 1.730942320900264e-10
382.0 1.730942320900264e-10
383.0 0.0003137560497634695
384.0 0.0013833043340127915
385.0 0.0010617951375024859
386.0 0.000740285804567975
387.0 1.730942320900264e-10
388.0 1.730942320900264e-10
389.0 1.730942320900264e-10
390.0 1.730942320900264e-10
391.0 1.730942320900264e-10
392.0 1.730942320900264e-10
393.0 1.730942320900264e-10
394.0 1.730942320900264e-10
395.0 1.730942320900264e-10
396.0 1.730942320900264e-10
397.0 1.730942320900264e-10
398.0 1.730942320900264e-10
399.0 1.730942320900264e-10
400.0 0.0006454496087826556
401.0 1.730942320900264e-10
402.0 1.730942320900264e-10
403.0 0.0008826536031847354
404.0 0.0027892887374036945
405.0 0.0041577186493668705
406.0 0.0055261480156332254
407.0 0.0031445801141671836
408.0 0.0007630098480149172
409.0 1.730942320900264e-10
410.0 1.730942320900264e-10
411.0 0.0015223822629195638
412.0 0.004229182013659738
413.0 0.00415274735132698
414.0 0.0040763137803878635
415.0 0.003962879054597579
416.0 0.003849443601211533
417.0 0.002156000664399471
418.0 0.0004625574547389988
419.0 0.0029270015147631057
420.0 0.005391445301938802
421.0 0.004634173819795251
422.0 0.0038769023376516998
423.0 0.0038878646591911092
424.0 0.0038988262531347573
425.0 0.0032488351280335337
426.0 0.002598842365841847
427.0 0.0034633085306268185
428.0 0.00432777451351285
429.0 0.00473907457489986
430.0 0.00515037500008475
431.0 0.0046980865590739995
432.0 0.004245799209456891
433.0 0.0050014325097436085
434.0 0.005757066173828207
435.0 0.0037629757571266964
436.0 0.0017688851585262455
437.0 0.0018684751921682619
438.0 0.0019680654077092186
439.0 0.002108983971993439
440.0 0.0022499027181765996
441.0 0.0009224890163750388
442.0 1.730942320900264e-10
443.0 1.730942320900264e-10
444.0 1.730942320900264e-10
445.0 1.730942320900264e-10
446.0 0.0001242705820914125
447.0 0.00020470736217248486
448.0 0.00028514416499092476
449.0 1.730942320900264e-10
450.0 1.730942320900264e-10
451.0 1.721333120485724e-05
452.0 0.0011490293218230363
453.0 0.0017390326320310123
454.0 0.0023290360331884585
455.0 0.0020122077330597676
456.0 0.0016953794329310767
457.0 0.0012768065971613396
458.0 0.0008582336704421323
459.0 0.0004343488399172202
460.0 1.046395254888921e-05
461.0 0.00033869910112116486
462.0 0.0006669342837994918
463.0 0.00015773218819958856
464.0 1.730942320900264e-10
465.0 8.443245747002948e-05
466.0 0.0005203347427595872
467.0 0.0007371356332441792
468.0 0.000953936432779301
469.0 0.0005908412731514545
470.0 0.00022774604531150544
471.0 0.0004621533662430011
472.0 0.0006965607553865993
473.0 0.0008683505257067736
474.0 0.0010401404324511532
475.0 0.0005905063517275266
476.0 0.00014087256658967817
477.0 0.0005942653842794243
478.0 0.0010476583156560082
479.0 0.00116400024126051
480.0 0.0012803422578144819
481.0 0.00255580398516031
482.0 0.003831264257314615
483.0 0.005115272506373003
484.0 0.006399280391633511
485.0 0.00612901640124619
486.0 0.0058587524108588696
487.0 0.008937590610003099
488.0 0.012016430264338851
489.0 0.016168902220670134
490.0 0.020321374177001417
491.0 0.02401618694420904
492.0 0.027711002621799707
493.0 0.03035020490642637
494.0 0.032989413011819124
495.0 0.0291064556222409
496.0 0.025223495322279632
497.0 0.019043988140765578
498.0 0.01286447950406
499.0 0.009431139915250242
500.0 0.005997799962642603
501.0 0.00422175507992506
502.0 0.0024457111067022197
503.0 0.002097993819916155
504.0 0.0017502763512311503
505.0 0.0016079124179668725
506.0 0.0014655484847025946
507.0 0.0017872716853162274
508.0 0.0021089945221319795
509.0 0.002299617881362792
510.0 0.0024902410586946644
511.0 0.0019111674191663042
512.0 0.001332093779637944
513.0 0.0015453675587195903
514.0 0.0017586413378012367
515.0 0.0020932984625687823
516.0 0.002427955587336328
517.0 0.0021367159206420183
518.0 0.0018454762539477088
519.0 0.00211140068131499
520.0 0.0023773252905812114
521.0 0.001976400199055206
522.0 0.001575475289428141
523.0 0.0015563455235678703
524.0 0.0015372161215054803
525.0 0.002067034256469924
526.0 0.0025968523914343677
527.0 0.0028760230634361506
528.0 0.0031551939173368737
529.0 0.00323655731335748
530.0 0.0033179210731759667
531.0 0.0028979124181205407
532.0 0.0024779037630651146
533.0 0.002077696262858808
534.0 0.0016774887626525015
535.0 0.0016712467186152935
536.0 0.0016650046745780855
537.0 0.002275328733958304
538.0 0.0028856524295406416
539.0 0.003387932156329043
540.0 0.0038902122469153255
541.0 0.004578166772262193
542.0 0.005266121297609061
543.0 0.005132791920914315
544.0 0.004999462544219568
545.0 0.0042679468606365845
546.0 0.003536431904649362
547.0 0.0027760921511799097
548.0 0.002015752215811517
549.0 0.0020477998987189494
550.0 0.002079847763525322
551.0 0.0017300350009463727
552.0 0.0013802227840642445
553.0 0.0017134658264694735
554.0 0.0020467088688747026
555.0 0.0016906458768062294
556.0 0.001334582884737756
557.0 0.0010264597221976146
558.0 0.0007183366960816784
559.0 0.00028377914986776887
560.0 1.730942320900264e-10
561.0 0.0005873997451999458
562.0 0.0013255779776955023
563.0 0.0014385555914486758
564.0 0.0015515332052018493
565.0 0.0012836973837693222
566.0 0.0010158614713873249
567.0 0.001062150658981409
568.0 0.0011084397556260228
569.0 0.0009825876986724325
570.0 0.0008567355507693719
571.0 0.0005235322078078752
572.0 0.00019032884210901102
573.0 0.0003245813331886893
574.0 0.00045883393795520533
575.0 0.00048351666919188574
576.0 0.000508199309479096
577.0 0.0005655308541463455
578.0 0.00062286235333886
579.0 0.00029232862743810983
580.0 1.730942320900264e-10
581.0 0.00023946074634295655
582.0 0.0005171265456738183
583.0 0.0005169894393475261
584.0 0.0005168522420717636
585.0 0.0006511572792078368
586.0 0.0007854624527681153
587.0 0.0007636150257894769
588.0 0.0007417675078613684
589.0 0.0007248943802551366
590.0 0.00070802129812364
591.0 0.0009998831956181675
592.0 0.0012917453204863705
593.0 0.0008679912752995733
594.0 0.00044423723011277616
595.0 0.0006081991159589961
596.0 0.0007721608199062757
597.0 0.0006834522991994163
598.0 0.000594743823967292
599.0 0.0006363448846968822
600.0 0.0006779458090022672
601.0 0.00048393353608844336
602.0 0.00028992121769988444
603.0 0.000257116039392713
604.0 0.00022431070192396874
605.0 0.00023806665012671147
606.0 0.00025182257559208665
607.0 0.00047699240894871764
608.0 0.0007021620604064083
609.0 0.0005773966222477611
610.0 0.00045263086576596834
611.0 0.0006493235105153872
612.0 0.0008460162462142762
613.0 0.00048693555072532035
614.0 0.0001278549461858347
615.0 1.730942320900264e-10
616.0 1.730942320900264e-10
617.0 1.730942320900264e-10
618.0 0.00017349200334138004
619.0 0.00029928776257293066
620.0 0.0004250835900165839
621.0 0.0005677442914020503
622.0 0.0007104049473127816
623.0 0.0005401009730121586
624.0 0.0003697970441862708
625.0 0.00043746463234128896
626.0 0.0005051322204963071
627.0 0.00031842182579566725
628.0 0.00013171140835765982
629.0 0.00033649837405391736
630.0 0.0005412854079622775
631.0 0.0004849375272897305
632.0 0.00042858969209191855
633.0 0.0004285389877622947
634.0 0.0004284882379579358
635.0 0.0003495056716928957
636.0 0.00027052301447838545
637.0 0.00027879805202246644
638.0 0.00028707295314234216
639.0 0.0005747157047153451
640.0 0.0008623583198641427
641.0 0.0006461955308623146
642.0 0.00043003274186048657
643.0 0.0006083596872485941
644.0 0.0007866867235861719
645.0 0.0006896103968756506
646.0 0.0005925341156398645
647.0 0.0007234429631353123
648.0 0.000854352219903376
649.0 0.0007324481430259766
650.0 0.0006105441116233123
651.0 0.0008455689567199443
652.0 0.0010805938472913112
653.0 0.0011601652659010142
654.0 0.001239736593561247
655.0 0.0017619584468775429
656.0 0.0022841801182948984
657.0 0.003194032615283504
658.0 0.004103883838979527
659.0 0.006515724817290902
660.0 0.03709113807417452
661.0 0.08140806457959116
662.0 0.08110245689749718
663.0 0.08275638101622462
664.0 0.09718791116029024
665.0 0.09421462309546769
666.0 0.14700234169140458
667.0 0.18776754150167108
668.0 0.1699642394669354
669.0 0.24463951122015715
670.0 0.2882629632949829
671.0 0.43446687050163746
672.0 0.6431106477975845
673.0 1.0436389595270157
674.0 1.614060439169407
675.0 2.446522004902363
676.0 3.434346988797188
677.0 4.73492294549942
678.0 6.074776127934456
679.0 7.529132813215256
680.0 9.308640658855438
681.0 11.349911242723465
682.0 13.900728523731232
683.0 16.68991893529892
684.0 19.77003961801529
685.0 22.66371101140976
686.0 25.669655203819275
687.0 28.837907314300537
688.0 31.973347067832947
689.0 35.062116384506226
690.0 38.555073738098145
691.0 42.40637421607971
692.0 47.080883383750916
693.0 52.05397605895996
694.0 57.80224800109863
695.0 63.428229093551636
696.0 69.7018563747406
697.0 75.30543804168701
698.0 81.56059384346008
699.0 86.25485301017761
700.0 90.1024341583252
701.0 93.08139681816101
702.0 95.28357982635498
703.0 96.51804566383362
704.0 97.14465141296387
705.0 97.64779806137085
706.0 97.69288301467896
707.0 97.86514043807983
708.0 97.8864848613739
709.0 98.00617694854736
710.0 97.77172207832336
711.0 97.9409396648407
712.0 97.82981276512146
713.0 97.86538481712341
714.0 97.98455238342285
715.0 98.05126190185547
716.0 97.90518879890442
717.0 98.13819527626038
718.0 98.16840291023254
719.0 98.11875224113464
720.0 98.322594165802
721.0 98.26493859291077
722.0 98.03329706192017
723.0 97.80956506729126
724.0 97.45585918426514
725.0 97.13505506515503
726.0 96.87424898147583
727.0 96.63364887237549
728.0 96.3161051273346
729.0 96.09318375587463
730.0 96.10488414764404
731.0 96.14667892456055
732.0 96.14642262458801
733.0 96.5078353881836
734.0 96.93838357925415
735.0 97.16049432754517
736.0 97.58946299552917
737.0 97.96785712242126
738.0 98.23635816574097
739.0 98.57009053230286
740.0 98.65215420722961
741.0 98.49108457565308
742.0 98.74398708343506
743.0 98.63612055778503
744.0 98.43961000442505
745.0 98.4409749507904
746.0 98.40288758277893
747.0 98.6286997795105
748.0 98.52463603019714
749.0 98.4050989151001
750.0 98.40767979621887
751.0 98.3579695224762
752.0 98.24135899543762
753.0 98.41394424438477
754.0 98.39683175086975
755.0 98.47133755683899
756.0 98.56514930725098
757.0 98.52444529533386
758.0 98.71165156364441
759.0 98.69135022163391
760.0 98.49201440811157
761.0 98.35043549537659
762.0 98.47062826156616
763.0 98.37965369224548
764.0 98.30266237258911
765.0 98.22566509246826
766.0 98.29936623573303
767.0 98.12939167022705
768.0 98.17039966583252
769.0 98.30968976020813
770.0 97.99150824546814
771.0 98.05241823196411
772.0 98.12958836555481
773.0 98.09471368789673
774.0 97.95700907707214
775.0 98.06397557258606
776.0 97.89984822273254
777.0 98.005211353302
778.0 97.8413999080658
779.0 97.88951277732849
780.0 97.79326915740967
781.0 97.99129962921143
782.0 97.84007668495178
783.0 97.87753820419312
784.0 97.85913825035095
785.0 98.0552613735199
786.0 98.12402725219727
787.0 97.90590405464172
788.0 97.95410633087158
789.0 98.05892705917358
790.0 98.0623185634613
791.0 98.08446168899536
792.0 97.9465663433075
793.0 97.93605208396912
794.0 97.89438247680664
795.0 97.80710339546204
796.0 97.87821769714355
797.0 97.95286059379578
798.0 97.98257350921631
799.0 97.8263258934021
800.0 97.77026176452637
801.0 97.70522117614746
802.0 97.63962030410767
803.0 97.42436408996582
804.0 97.28103280067444
805.0 97.03355431556702
806.0 96.85080051422119
807.0 96.25719785690308
808.0 95.65080404281616
809.0 94.81710195541382
810.0 93.81569623947144
811.0 92.41861701011658
812.0 90.53587913513184
813.0 88.35386037826538
814.0 85.77465415000916
815.0 82.55515694618225
816.0 79.17291522026062
817.0 75.1310408115387
818.0 70.35943865776062
819.0 66.06855392456055
820.0 61.0801637172699
821.0 56.336307525634766
822.0 51.80113911628723
823.0 47.11368978023529
824.0 42.502036690711975
825.0 38.15654814243317
826.0 33.72238278388977
827.0 29.041311144828796
828.0 24.818290770053864
829.0 20.6058531999588
830.0 16.24450832605362
831.0 12.712979316711426
832.0 9.181150794029236
833.0 6.324777007102966
834.0 4.152768850326538
835.0 2.583237551152706
836.0 1.5302246436476707
837.0 0.8785833604633808
838.0 0.5214367993175983
839.0 0.30492572113871574
840.0 0.18613076535984874
841.0 0.05170521908439696
842.0 0.04930931609123945
843.0 0.044440742931328714
844.0 1.730942320900264e-10
845.0 1.730942320900264e-10
846.0 1.730942320900264e-10
847.0 1.730942320900264e-10
848.0 1.730942320900264e-10
849.0 1.730942320900264e-10
850.0 0.023962634440977126
851.0 1.730942320900264e-10
852.0 0.000845587783260271
853.0 0.0011073208042944316
854.0 0.0013690540072275326
855.0 0.0012161147424194496
856.0 0.001063175659510307
857.0 0.0011599323443078902
858.0 0.0012566887562570628
859.0 0.000684673068462871
860.0 0.00011265731245657662
861.0 0.00024517760266462574
862.0 0.0003776978246605722
863.0 0.00017381636325808358
864.0 1.730942320900264e-10
865.0 1.0935323757621518e-05
866.0 5.193561491978471e-05
867.0 8.279480994133337e-05
868.0 0.00011365397085683071
869.0 1.730942320900264e-10
870.0 1.730942320900264e-10
871.0 9.491275676509758e-06
872.0 0.00018216569515061565
873.0 0.00022077160792832728
874.0 0.00025937747523130383
875.0 0.00019241083464294206
876.0 0.0001254441940545803
877.0 1.730942320900264e-10
878.0 1.730942320900264e-10
879.0 1.730942320900264e-10
880.0 0.00033562967018951895
881.0 0.00014429293742068694
882.0 1.730942320900264e-10
883.0 0.00019317624264658662
884.0 0.0004333962806413183
885.0 0.00015655157312721713
886.0 1.730942320900264e-10
887.0 1.730942320900264e-10
888.0 9.286302429245552e-05
889.0 1.730942320900264e-10
890.0 1.730942320900264e-10
891.0 1.730942320900264e-10
892.0 0.0001489230953666265
893.0 0.00018484549855202204
894.0 0.00022076790173741756
895.0 1.730942320900264e-10
896.0 1.730942320900264e-10
897.0 1.730942320900264e-10
