lsstCam/transmission_filter_detector/r01_s02/i_39/19700101T000000.ecsv
# %ECSV 1.0
# ---
# datatype:
# - {name: wavelength, unit: nm, datatype: float32}
# - {name: efficiency, unit: '%', datatype: float64}
# meta: !!omap
# - {MODE: DETECTOR}
# - {TYPE: transmission_filter_detector}
# - {CALIBDATE: '1970-01-01T00:00:00'}
# - {INSTRUME: LSSTCam}
# - {OBSTYPE: transmission_filter_detector}
# - {CALIBCLS: lsst.ip.isr.IntermediateFilterDetectorTransmissionCurve}
# - {SOURCE: Materion (DM-46256)}
# - {DETECTOR: 2}
# - {FILTER: i_39}
# - {CALIB_ID: 'calibDate=1970-01-01T00:00:00 filter=i_39 detector=2'}
# - {DATE: '2025-04-02T15:59:46.488100'}
# - {CALIB_CREATION_DATE: '2025-04-02'}
# - {CALIB_CREATION_TIME: '15:59:46'}
# - __serialized_columns__:
#     efficiency:
#       __class__: astropy.units.quantity.Quantity
#       unit: !astropy.units.Unit {unit: '%'}
#       value: !astropy.table.SerializedColumn {name: efficiency}
#     wavelength:
#       __class__: astropy.units.quantity.Quantity
#       unit: !astropy.units.Unit {unit: nm}
#       value: !astropy.table.SerializedColumn {name: wavelength}
# schema: astropy-2.0
wavelength efficiency
[from data line 599]
899.0 1.730942320900264e-10
900.0 1.730942320900264e-10
901.0 1.730942320900264e-10
902.0 1.730942320900264e-10
903.0 1.730942320900264e-10
904.0 1.730942320900264e-10
905.0 1.730942320900264e-10
906.0 1.730942320900264e-10
907.0 1.730942320900264e-10
908.0 0.00012977268397662556
909.0 1.1782504749646705e-06
910.0 1.730942320900264e-10
911.0 1.730942320900264e-10
912.0 3.572601769974426e-05
913.0 0.00011899469427589793
914.0 0.00020226336800988065
915.0 2.19795666112077e-05
916.0 1.730942320900264e-10
917.0 1.730942320900264e-10
918.0 1.730942320900264e-10
919.0 1.730942320900264e-10
920.0 0.00018634373191162013
921.0 8.772288424552244e-05
922.0 1.730942320900264e-10
923.0 1.730942320900264e-10
924.0 1.730942320900264e-10
925.0 6.255426683310361e-05
926.0 0.00026452964903000975
927.0 1.730942320900264e-10
928.0 1.730942320900264e-10
929.0 1.730942320900264e-10
930.0 0.00013917824617237784
931.0 0.00012237370583534357
932.0 0.00010556914276094176
933.0 7.604310212627752e-05
934.0 4.651708138680988e-05
935.0 1.730942320900264e-10
936.0 1.730942320900264e-10
937.0 1.730942320900264e-10
938.0 1.730942320900264e-10
939.0 1.730942320900264e-10
940.0 1.730942320900264e-10
941.0 1.730942320900264e-10
942.0 9.225355483977182e-05
943.0 1.730942320900264e-10
944.0 1.730942320900264e-10
945.0 1.730942320900264e-10
946.0 1.730942320900264e-10
947.0 1.730942320900264e-10
948.0 1.730942320900264e-10
949.0 1.730942320900264e-10
950.0 1.730942320900264e-10
951.0 1.730942320900264e-10
952.0 1.730942320900264e-10
953.0 1.730942320900264e-10
954.0 1.730942320900264e-10
955.0 0.000118140087579377
956.0 0.0003345964387335698
957.0 0.00020172553831798723
958.0 6.885459811201144e-05
959.0 0.00010940916581603233
960.0 0.00014996375057307887
961.0 0.00021210857994446997
962.0 0.0002742534434219124
963.0 0.00012377596476653707
964.0 1.730942320900264e-10
965.0 1.730942320900264e-10
966.0 1.730942320900264e-10
967.0 1.730942320900264e-10
968.0 1.730942320900264e-10
969.0 1.730942320900264e-10
970.0 1.554816009274873e-05
971.0 1.730942320900264e-10
972.0 1.730942320900264e-10
973.0 1.730942320900264e-10
974.0 1.730942320900264e-10
975.0 1.730942320900264e-10
976.0 1.730942320900264e-10
977.0 1.730942320900264e-10
978.0 1.730942320900264e-10
979.0 1.730942320900264e-10
980.0 1.730942320900264e-10
981.0 1.730942320900264e-10
982.0 1.730942320900264e-10
983.0 1.730942320900264e-10
984.0 1.730942320900264e-10
985.0 8.632394496999041e-05
986.0 0.0002483385742380051
987.0 1.730942320900264e-10
988.0 1.730942320900264e-10
989.0 1.730942320900264e-10
990.0 1.730942320900264e-10
991.0 1.730942320900264e-10
992.0 1.730942320900264e-10
993.0 1.730942320900264e-10
994.0 6.106974410613475e-05
995.0 1.730942320900264e-10
996.0 1.730942320900264e-10
997.0 4.141310796512698e-05
998.0 0.00034103316011169227
999.0 0.0003577954430511454
1000.0 0.00037455772599059856
1001.0 0.00017803182572606602
1002.0 1.730942320900264e-10
1003.0 9.450583888792607e-05
1004.0 0.00020750583189510508
1005.0 1.730942320900264e-10
1006.0 1.730942320900264e-10
1007.0 1.730942320900264e-10
1008.0 9.801393616726273e-05
1009.0 5.06925061927177e-06
1010.0 1.730942320900264e-10
1011.0 4.792773324879818e-05
1012.0 0.0001837309127949993
1013.0 0.000310186669594259
1014.0 0.0004366424946056213
1015.0 0.0003532727532729041
1016.0 0.000269903102889657
1017.0 0.00038825050978630316
1018.0 0.0005065980076324195
1019.0 0.00041593848436605185
1020.0 0.0003252788928875816
1021.0 0.00017473381603849703
1022.0 2.4188730662899616e-05
1023.0 0.00040966215237858705
1024.0 0.0007951356565172318
1025.0 0.0006149429736979073
1026.0 0.00043475033635331783
1027.0 0.0004185000307188602
1028.0 0.0004022497705591377
1029.0 0.0008076513040577993
1030.0 0.0012130528375564609
1031.0 0.0017043361367541365
1032.0 0.0021956191631034017
1033.0 0.002441518699924927
1034.0 0.0026874176910496317
1035.0 0.00320220242429059
1036.0 0.0037169866118347272
1037.0 0.003732068944373168
1038.0 0.003747150913113728
1039.0 0.0030249344490584917
1040.0 0.002302718348801136
1041.0 0.0017804199160309508
1042.0 0.0012581212104123551
1043.0 0.001866162165242713
1044.0 0.0024742028472246602
1045.0 0.0030726958357263356
1046.0 0.0036711895518237725
1047.0 0.003584891601349227
1048.0 0.0034985940146725625
1049.0 0.0030331759262480773
1050.0 0.002567757837823592
1051.0 0.002655934076756239
1052.0 0.002744110497587826
1053.0 0.0018509828805690631
1054.0 0.0009578549907018896
1055.0 0.0008266830263892189
1056.0 0.0006955107892281376
1057.0 0.0009272980605601333
1058.0 0.0011590855137910694
1059.0 0.0011208477189939003
1060.0 0.0010826101970451418
1061.0 0.0017434495021007024
1062.0 0.002404288352408912
1063.0 0.0027036763640353456
1064.0 0.003003064193762839
1065.0 0.003210161958122626
1066.0 0.0034172604500781745
1067.0 0.004326831913203932
1068.0 0.005236403740127571
1069.0 0.0043674597691278905
1070.0 0.0034985154343303293
1071.0 0.0031117404432734475
1072.0 0.002724964724620804
1073.0 0.002809499346767552
1074.0 0.0028940336051164195
1075.0 0.002573367419245187
1076.0 0.0022527010514750145
1077.0 0.0017748005120665766
1078.0 0.0012968995179107878
1079.0 0.0017589767594472505
1080.0 0.0022210542738321237
1081.0 0.0013242945897218306
1082.0 0.00042753472371259704
1083.0 1.730942320900264e-10
1084.0 1.730942320900264e-10
1085.0 0.0004638238351617474
1086.0 0.0013640044926432893
1087.0 0.0014355424355017021
1088.0 0.0015070806512085255
1089.0 1.730942320900264e-10
1090.0 1.730942320900264e-10
1091.0 1.730942320900264e-10
1092.0 1.730942320900264e-10
1093.0 1.730942320900264e-10
1094.0 1.730942320900264e-10
1095.0 1.730942320900264e-10
1096.0 1.730942320900264e-10
1097.0 1.730942320900264e-10
1098.0 1.730942320900264e-10
1099.0 1.730942320900264e-10
1100.0 0.0002858901325453189
