lsstCam/transmission_filter_detector/r22_s20/r_57/19700101T000000.ecsv
# %ECSV 1.0
# ---
# datatype:
# - {name: wavelength, unit: nm, datatype: float32}
# - {name: efficiency, unit: '%', datatype: float64}
# meta: !!omap
# - {MODE: DETECTOR}
# - {TYPE: transmission_filter_detector}
# - {CALIBDATE: '1970-01-01T00:00:00'}
# - {INSTRUME: LSSTCam}
# - {OBSTYPE: transmission_filter_detector}
# - {CALIBCLS: lsst.ip.isr.IntermediateFilterDetectorTransmissionCurve}
# - {SOURCE: Materion (DM-46256)}
# - {DETECTOR: 96}
# - {FILTER: r_57}
# - {CALIB_ID: 'calibDate=1970-01-01T00:00:00 filter=r_57 detector=96'}
# - {DATE: '2025-04-02T15:59:44.626790'}
# - {CALIB_CREATION_DATE: '2025-04-02'}
# - {CALIB_CREATION_TIME: '15:59:44'}
# - __serialized_columns__:
#     efficiency:
#       __class__: astropy.units.quantity.Quantity
#       unit: !astropy.units.Unit {unit: '%'}
#       value: !astropy.table.SerializedColumn {name: efficiency}
#     wavelength:
#       __class__: astropy.units.quantity.Quantity
#       unit: !astropy.units.Unit {unit: nm}
#       value: !astropy.table.SerializedColumn {name: wavelength}
# schema: astropy-2.0
wavelength efficiency
300.0 0.0018153519704355858
301.0 0.005386926204664633
302.0 0.008958501712186262
303.0 0.010744180326582864
304.0 0.012529859668575227
305.0 0.010885504889301956
306.0 0.009241150110028684
307.0 0.008128568151732907
308.0 0.007015985465841368
309.0 0.0060856546042487025
310.0 0.005155323742656037
311.0 0.0050316117267357185
312.0 0.004907900074613281
313.0 0.004667092798626982
314.0 0.004426286250236444
315.0 0.0042652111005736515
316.0 0.00410413667850662
317.0 0.003804890002356842
318.0 0.0035056425986113027
319.0 0.00314707649522461
320.0 0.002788509300444275
321.0 0.002811493322951719
322.0 0.0028344778911559843
323.0 0.002736185342655517
324.0 0.002637893339851871
325.0 0.0023879847503849305
326.0 0.0021380759790190496
327.0 0.0021684338207705878
328.0 0.002198791662522126
329.0 0.0021725216356571764
330.0 0.0021462516087922268
331.0 0.0020976513042114675
332.0 0.0020490509996307082
333.0 0.0018631548300618306
334.0 0.0016772584785940126
335.0 0.0014709815332025755
336.0 0.0012647046787606087
337.0 0.001110073753807228
338.0 0.0009554428288538475
339.0 0.0009486786439083517
340.0 0.0009419143680133857
341.0 0.000897202335181646
342.0 0.0008524902114004362
343.0 0.0008327968316734768
344.0 0.0008131034519465175
345.0 0.000775528769736411
346.0 0.0007379542239505099
347.0 0.0007020479642960709
348.0 0.0006661418410658371
349.0 0.0006314326583378715
350.0 0.00393281334254425
351.0 0.005467396476888098
352.0 0.007001979247434065
353.0 0.006142780330264941
354.0 0.005283582140691578
355.0 0.0044304826587904245
356.0 0.0035773831768892705
357.0 0.004772199099534191
358.0 0.0059670153859769925
359.0 0.004962175444234163
360.0 0.003957335502491333
361.0 0.0029902439564466476
362.0 0.0020231524104019627
363.0 0.002824352304742206
364.0 0.003625552199082449
365.0 0.0028093358196201734
366.0 0.0019931198039557785
367.0 0.0027190382752451114
368.0 0.0034449567465344444
369.0 0.003387754986761138
370.0 0.0033305532269878313
371.0 0.0030396744477911852
372.0 0.0027487958504934795
373.0 0.0028753300284733996
374.0 0.003001863842655439
375.0 0.0024599758035037667
376.0 0.0019180879462510347
377.0 0.001652199171076063
378.0 0.0013863105778000318
379.0 0.0015640591300325468
380.0 0.0017418080460629426
381.0 0.002192310057580471
382.0 0.00264281243289588
383.0 0.0031180388759821653
384.0 0.0035932658647652715
385.0 0.004250645724823698
386.0 0.004908025584882125
387.0 0.004482888107304461
388.0 0.004057750629726797
389.0 0.0034879649319918826
390.0 0.002918178688560147
391.0 0.0023244621843332425
392.0 0.0017307460439042188
393.0 0.0015828540199436247
394.0 0.0014349619050335605
395.0 0.001153232096839929
396.0 0.0008715022886462975
397.0 0.0008038700798351783
398.0 0.0007362381438724697
399.0 0.0007054859906929778
400.0 0.0006747337010892807
401.0 0.0004860901754000224
402.0 0.0002974463995997212
403.0 0.0004019565494672861
404.0 0.0005064669039711589
405.0 0.0008033543963392731
406.0 0.001100241752283182
407.0 0.0014125169400358573
408.0 0.0017247919458895922
409.0 0.0012984395652893
410.0 0.0008720872756384779
411.0 0.0008087943569989875
412.0 0.0007455015293089673
413.0 0.0009445996511203703
414.0 0.0011436978638812434
415.0 0.0011773543519666418
416.0 0.0012110111129004508
417.0 0.0013151719940651674
418.0 0.0014193332390277646
419.0 0.0020582998331519775
420.0 0.0026972664272761904
421.0 0.003912919783033431
422.0 0.00512857259309385
423.0 0.008051576151046902
424.0 0.010974578617606312
425.0 0.014749314868822694
426.0 0.018524051120039076
427.0 0.01909976708702743
428.0 0.019675487419590354
429.0 0.015259635983966291
430.0 0.010843782365554944
431.0 0.007613969501107931
432.0 0.004384156636660919
433.0 0.0034354470699327067
434.0 0.0024867375032044947
435.0 0.002045638939307537
436.0 0.0016045400116126984
437.0 0.0012559145943669137
438.0 0.0009072892680705991
439.0 0.0008396641533181537
440.0 0.0007720390385657083
441.0 0.0009637110451876651
442.0 0.001155383051809622
443.0 0.001606595833436586
444.0 0.00205780870601302
445.0 0.001904834425658919
446.0 0.001751860327203758
447.0 0.0016125124602694996
448.0 0.0014731648661836516
449.0 0.0013869501344743185
450.0 0.0013007353118155152
451.0 0.0013838059203408193
452.0 0.0014668764379166532
453.0 0.001526623782410752
454.0 0.0015863710359553806
455.0 0.0014113750694377813
456.0 0.0012363792848191224
457.0 0.000895009270607261
458.0 0.0005536392109206645
459.0 0.0008013873411982786
460.0 0.0010491354260011576
461.0 0.0015990315660019405
462.0 0.002148927524103783
463.0 0.002818642678903416
464.0 0.0034883578337030485
465.0 0.004416863885126077
466.0 0.005345369208953343
467.0 0.005949429396423511
468.0 0.006553489220095798
469.0 0.005708376556867734
470.0 0.0048632642574375495
471.0 0.0036968805943615735
472.0 0.0025304963855887763
473.0 0.001987553514481988
474.0 0.0014446101886278484
475.0 0.0011260782230237965
476.0 0.0008075464393186849
477.0 0.0007715138963249046
478.0 0.0007354812169069191
479.0 0.0008259609785454813
480.0 0.0009164406037598383
481.0 0.0007318185907934094
482.0 0.0005471966233017156
483.0 0.0006611736807826674
484.0 0.000775150692788884
485.0 0.0007349247880483745
486.0 0.0006946988378331298
487.0 0.0005421145942818839
488.0 0.000389530350730638
489.0 0.0005134637831361033
490.0 0.0006373971700668335
491.0 0.0007551583166787168
492.0 0.0008729195542400703
493.0 0.00092570608103415
494.0 0.0009784926987776998
495.0 0.0009622110155760311
496.0 0.0009459291504754219
497.0 0.0010475707313162275
498.0 0.001149212312157033
499.0 0.0011731255654012784
500.0 0.0011970390005444642
501.0 0.0012892952327092644
502.0 0.0013815513739245944
503.0 0.0017720692994771525
504.0 0.0021625872250297107
505.0 0.002567938281572424
506.0 0.0029732897019130178
507.0 0.003668276985990815
508.0 0.004363264088169672
509.0 0.004794799679075368
510.0 0.005226334906183183
511.0 0.004747716593556106
512.0 0.004269097917131148
513.0 0.0036328634450910613
514.0 0.0029966289730509743
515.0 0.002794795000227168
516.0 0.0025929612093023024
517.0 0.0025640967578510754
518.0 0.0025352323063998483
519.0 0.0450065330369398
520.0 0.09536470170132816
521.0 0.12590355472639203
522.0 0.14811973087489605
523.0 0.1374981366097927
524.0 0.11363796656951308
525.0 0.15305798733606935
526.0 0.0868605391588062
527.0 0.0996142509393394
528.0 0.13959149364382029
529.0 0.11007779976353049
530.0 0.12745886342599988
531.0 0.15567538794130087
532.0 0.1963714836165309
533.0 0.177513319067657
534.0 0.3371498314663768
535.0 0.39575141854584217
536.0 0.48932069912552834
537.0 0.6599861197173595
538.0 0.9876024909317493
539.0 1.518700085580349
540.0 2.4302255362272263
541.0 3.726019710302353
542.0 5.637694895267487
543.0 8.235514909029007
544.0 11.35251447558403
545.0 14.960823953151703
546.0 19.29008513689041
547.0 24.70453828573227
548.0 31.687602400779724
549.0 39.39764201641083
550.0 46.557241678237915
551.0 54.513317346572876
552.0 60.55774688720703
553.0 66.3977861404419
554.0 71.44877314567566
555.0 75.67048072814941
556.0 79.72224354743958
557.0 82.86217451095581
558.0 86.35074496269226
559.0 89.68830108642578
560.0 90.73354601860046
561.0 92.97870397567749
562.0 94.30972933769226
563.0 94.4553017616272
564.0 95.06946802139282
565.0 94.27712559700012
566.0 95.0535237789154
567.0 94.44352388381958
568.0 95.04531621932983
569.0 95.60036659240723
570.0 95.25383710861206
571.0 95.93518376350403
572.0 95.74715495109558
573.0 96.12823128700256
574.0 96.05185389518738
575.0 96.13996148109436
576.0 96.79145216941833
577.0 96.54732346534729
578.0 96.18147611618042
579.0 96.34502530097961
580.0 95.99546194076538
581.0 95.74008584022522
582.0 96.3019609451294
583.0 95.9101915359497
584.0 95.43508887290955
585.0 95.73456048965454
586.0 95.93783020973206
587.0 95.25710344314575
588.0 95.70379257202148
589.0 96.61106467247009
590.0 95.93589901924133
591.0 95.31379342079163
592.0 95.6786036491394
593.0 94.98089551925659
594.0 95.38721442222595
595.0 96.00959420204163
596.0 96.38563394546509
597.0 96.17160558700562
598.0 96.0024356842041
599.0 96.24404311180115
600.0 96.0174560546875
601.0 95.41634917259216
602.0 96.15018367767334
603.0 95.51658034324646
604.0 95.89874148368835
605.0 96.06401920318604
606.0 95.55381536483765
607.0 95.6847608089447
608.0 95.63905596733093
609.0 94.94558572769165
610.0 95.31223773956299
611.0 95.38659453392029
612.0 95.33827900886536
613.0 96.42180800437927
614.0 95.96492052078247
615.0 95.75625658035278
616.0 95.87869644165039
617.0 95.72177529335022
618.0 95.76341509819031
619.0 96.12104892730713
620.0 95.33997178077698
621.0 94.98581290245056
622.0 95.78613042831421
623.0 95.8950400352478
624.0 95.69413661956787
625.0 96.17432951927185
626.0 95.55972218513489
627.0 94.38982605934143
628.0 96.54016494750977
629.0 94.98602151870728
630.0 95.61642408370972
631.0 95.36207914352417
632.0 96.334308385849
633.0 95.71912884712219
634.0 95.54269313812256
635.0 95.5411434173584
636.0 95.44641375541687
637.0 95.0096607208252
638.0 95.018070936203
639.0 94.85774636268616
640.0 95.18294334411621
641.0 95.13173699378967
642.0 95.53338885307312
643.0 95.72880268096924
644.0 95.6335961818695
645.0 95.38228511810303
646.0 95.4436182975769
647.0 96.23430967330933
648.0 95.83752155303955
649.0 95.16788125038147
650.0 95.79607248306274
651.0 96.3483452796936
652.0 96.38984203338623
653.0 95.65246105194092
654.0 95.90124487876892
655.0 95.91445326805115
656.0 95.23980617523193
657.0 95.44414281845093
658.0 95.85739970207214
659.0 95.7685112953186
660.0 94.95828747749329
661.0 94.63952779769897
662.0 95.43589353561401
663.0 95.38227319717407
664.0 95.07371783256531
665.0 94.8502242565155
666.0 95.03204226493835
667.0 95.26900053024292
668.0 94.80876922607422
669.0 95.50928473472595
670.0 95.21443843841553
671.0 95.19968628883362
672.0 94.87448334693909
673.0 95.01733183860779
674.0 94.45756673812866
675.0 95.16745805740356
676.0 94.41053867340088
677.0 93.39353442192078
678.0 92.5494909286499
679.0 91.87164306640625
680.0 90.85748195648193
681.0 89.41263556480408
682.0 87.17594146728516
683.0 84.25741195678711
684.0 80.42757511138916
685.0 76.69637799263
686.0 72.63758778572083
687.0 67.57206320762634
688.0 62.97805905342102
689.0 58.5197389125824
690.0 53.02058458328247
691.0 49.09008741378784
692.0 44.34601068496704
693.0 39.92288410663605
694.0 35.07791757583618
695.0 29.97795045375824
696.0 25.061607360839844
697.0 20.053274929523468
698.0 14.677144587039948
699.0 10.570483654737473
700.0 7.29561373591423
701.0 4.590987041592598
702.0 2.878016419708729
703.0 1.6376813873648643
704.0 0.9537562727928162
705.0 0.5658450070768595
706.0 0.4325532354414463
707.0 0.2548596356064081
708.0 0.15696230111643672
709.0 0.14765048399567604
710.0 0.09877767879515886
711.0 0.06820918060839176
712.0 0.09912218665704131
713.0 0.043117901077494025
714.0 0.10508971754461527
715.0 0.04182914271950722
716.0 0.04615036305040121
717.0 0.0889463524799794
718.0 0.06444821483455598
719.0 0.05781076033599675
720.0 1.5728710651627398e-10
721.0 0.004571627869154327
722.0 0.004239325426169671
723.0 0.003907022983185016
724.0 0.003633500455180183
725.0 0.003359978290973231
726.0 0.003127194577245973
727.0 0.002894411409215536
728.0 0.0027119143851450644
729.0 0.002529417361074593
730.0 0.0023879067157395184
731.0 0.0022463964342023246
732.0 0.002204848533438053
733.0 0.0021633008145727217
734.0 0.002076739110634662
735.0 0.0019901774066966027
736.0 0.0018560505850473419
737.0 0.0017219239452970214
738.0 0.0016793810573290102
739.0 0.001636838169360999
740.0 0.0015902291124803014
741.0 0.0015436202374985442
742.0 0.0013990201296110172
743.0 0.0012544197488750797
744.0 0.0013804401532979682
745.0 0.0015064605577208567
746.0 0.0013796552593703382
747.0 0.0012528497791208792
748.0 0.0012016513210255653
749.0 0.001150452771980781
750.0 0.00112067309601116
751.0 0.0010908936019404791
752.0 0.0011368377272447105
753.0 0.0011827820344478823
754.0 0.0011498204912641086
755.0 0.0011168591299792752
756.0 0.0010085745998367202
757.0 0.0009002900696941651
758.0 0.0009275915545003954
759.0 0.0009548931302560959
760.0 0.0009536185643810313
761.0 0.0009523442713543773
762.0 0.0010027388270827942
763.0 0.0010531337466090918
764.0 0.0010292308616044465
765.0 0.0010053279765998013
766.0 0.0008221094503824133
767.0 0.0006388909241650254
768.0 0.0006007789124851115
769.0 0.0005626668098557275
770.0 0.0005914250778005226
771.0 0.0006201834366947878
772.0 0.0006646114798058989
773.0 0.0007090393410180695
774.0 0.000837458992464235
775.0 0.0009658785529609304
776.0 0.0009894385584630072
777.0 0.0010129987458640244
778.0 0.0009041794328368269
779.0 0.0007953603017085698
780.0 0.0007411093065456953
781.0 0.0006868585387564963
782.0 0.0007530498805863317
783.0 0.0008192412678909022
784.0 0.000808627919468563
785.0 0.0007980144800967537
786.0 0.0007749007636448368
787.0 0.0007517870017181849
788.0 0.0006744010079273721
789.0 0.0005970150596112944
790.0 0.000691504556016298
791.0 0.0007859941433707718
792.0 0.0007971511877258308
793.0 0.0008083082320808899
794.0 0.0008122950021061115
795.0 0.000816281681181863
796.0 0.0007002157417446142
797.0 0.0005841498023073655
798.0 0.000712368364474969
799.0 0.0008405870175920427
800.0 0.0008009825251065195
801.0 0.0007613777597725857
802.0 0.0007030609594949055
803.0 0.0006447440227930201
804.0 0.0006745975042576902
805.0 0.0007044510311970953
806.0 0.0006844924428150989
807.0 0.0006645337634836324
808.0 0.000685509257891681
809.0 0.0007064845704007894
810.0 0.0006571912308572792
811.0 0.0006078978913137689
812.0 0.0005671153303410392
813.0 0.0005263327238935744
814.0 0.0004488524155021878
815.0 0.00037137219806027133
816.0 0.0005368332040234236
817.0 0.0007022943464107811
818.0 0.000617502155364491
819.0 0.0005327098733687308
820.0 0.0004906731646769913
821.0 0.0004486364559852518
822.0 0.0005053752829553559
823.0 0.0005621142008749302
824.0 0.0004846594947593985
825.0 0.0004072046522196615
826.0 0.00044803437049267814
827.0 0.0004888640887656948
828.0 0.00041818302634055726
829.0 0.0003475019411780522
830.0 0.00022147119125293102
831.0 9.544044132780982e-05
832.0 1.5728710651627398e-10
833.0 1.5728710651627398e-10
834.0 1.5728710651627398e-10
835.0 7.743196874798741e-05
836.0 0.00022132917365524918
837.0 0.0003652264467746136
838.0 0.0006835879503341857
839.0 0.0010019494766311254
840.0 0.0013436543667921796
841.0 0.001685359347902704
842.0 0.0019930341295548715
843.0 0.0023007092750049196
844.0 0.0021680069039575756
845.0 0.0020353045329102315
846.0 0.0017582658983883448
847.0 0.001481227172916988
848.0 0.0013661919183505233
849.0 0.001251156299986178
850.0 0.0012323344890319277
851.0 0.0012135126780776773
852.0 0.0011292444469290785
853.0 0.0010449760338815395
854.0 0.000909807477000868
855.0 0.0007746387382212561
856.0 0.0006175195267132949
857.0 0.0004604002242558636
858.0 0.0005076072739029769
859.0 0.00055481423260062
860.0 0.00041289049477200024
861.0 0.0002709666659939103
862.0 0.0003018652478203876
863.0 0.0003327638296468649
864.0 0.0002219548832727014
865.0 0.00011114601647932432
866.0 8.312987915815029e-05
867.0 5.5113719099608716e-05
868.0 7.619801749569888e-05
869.0 9.72822931544215e-05
870.0 3.333338156608079e-05
871.0 1.5728710651627398e-10
872.0 1.5728710651627398e-10
873.0 1.5728710651627398e-10
874.0 1.5728710651627398e-10
875.0 1.5728710651627398e-10
876.0 1.5728710651627398e-10
877.0 3.572337163859629e-05
878.0 0.00010736579270087532
879.0 0.00017900820239447057
880.0 0.00015454473896170384
881.0 0.00013008126416025334
882.0 0.00016842406012074207
883.0 0.00020676689018728212
884.0 7.705722282480565e-05
885.0 1.5728710651627398e-10
886.0 3.1061202321325254e-05
887.0 0.00011477485486466321
888.0 0.00013771610838375636
889.0 0.0001606573732715333
890.0 0.00010938017567241332
891.0 5.81029553359258e-05
892.0 1.5728710651627398e-10
893.0 1.5728710651627398e-10
894.0 1.5728710651627398e-10
895.0 3.0140043350002088e-05
896.0 1.5728710651627398e-10
897.0 1.5728710651627398e-10
898.0 5.284473445499316e-05
899.0 0.00013905263358537923
900.0 8.383336762562976e-05
