lsstCam/transmission_filter_detector/r22_s20/r_57/19700101T000000.ecsv
# %ECSV 1.0
# ---
# datatype:
# - {name: wavelength, unit: nm, datatype: float32}
# - {name: efficiency, unit: '%', datatype: float64}
# meta: !!omap
# - {MODE: DETECTOR}
# - {TYPE: transmission_filter_detector}
# - {CALIBDATE: '1970-01-01T00:00:00'}
# - {INSTRUME: LSSTCam}
# - {OBSTYPE: transmission_filter_detector}
# - {CALIBCLS: lsst.ip.isr.IntermediateFilterDetectorTransmissionCurve}
# - {SOURCE: Materion (DM-46256)}
# - {DETECTOR: 96}
# - {FILTER: r_57}
# - {CALIB_ID: 'calibDate=1970-01-01T00:00:00 filter=r_57 detector=96'}
# - {DATE: '2025-04-02T15:59:44.626790'}
# - {CALIB_CREATION_DATE: '2025-04-02'}
# - {CALIB_CREATION_TIME: '15:59:44'}
# - __serialized_columns__:
#     efficiency:
#       __class__: astropy.units.quantity.Quantity
#       unit: !astropy.units.Unit {unit: '%'}
#       value: !astropy.table.SerializedColumn {name: efficiency}
#     wavelength:
#       __class__: astropy.units.quantity.Quantity
#       unit: !astropy.units.Unit {unit: nm}
#       value: !astropy.table.SerializedColumn {name: wavelength}
# schema: astropy-2.0
wavelength efficiency
[from data line 602]
902.0 1.5728710651627398e-10
903.0 1.5728710651627398e-10
904.0 1.5728710651627398e-10
905.0 5.726386120841198e-06
906.0 5.174982788958005e-05
907.0 9.777330660654115e-05
908.0 6.361265718624054e-05
909.0 2.9452007765939925e-05
910.0 1.5728710651627398e-10
911.0 1.5728710651627398e-10
912.0 1.5728710651627398e-10
913.0 1.317357334329472e-06
914.0 3.3985739378294966e-05
915.0 6.665410410278128e-05
916.0 2.5443716822337592e-05
917.0 1.5728710651627398e-10
918.0 7.301621280930704e-05
919.0 0.00016179907333935262
920.0 8.884273938747356e-05
921.0 1.588638980365431e-05
922.0 0.00010786731081680045
923.0 0.00019984822756669018
924.0 0.0001617118527974526
925.0 0.000123575478028215
926.0 0.00012808411611331394
927.0 0.0001325927428297291
928.0 0.00012897123724542325
929.0 0.00012534972029243363
930.0 0.0001561023623253277
931.0 0.00018685498162085423
932.0 8.958128319136449e-05
933.0 1.5728710651627398e-10
934.0 4.9065795337810414e-05
935.0 0.00010582400591374608
936.0 0.00013074451317152125
937.0 0.00015566499769192887
938.0 0.0001623285925234086
939.0 0.00016899217598620453
940.0 0.00021814514639117988
941.0 0.00026729810542747146
942.0 0.0003666604698082665
943.0 0.0004660228569264291
944.0 0.00037682807487726677
945.0 0.00028763333830283955
946.0 0.0003553146598278545
947.0 0.0004229959813528694
948.0 0.00040425411498290487
949.0 0.0003855123395624105
950.0 0.0004243543571647024
951.0 0.00046319642024172936
952.0 0.0006475496775237843
953.0 0.0008319030712300446
954.0 0.001056884320860263
955.0 0.0012818657523894217
956.0 0.0013765974472335074
957.0 0.001471329051128123
958.0 0.001660544512560591
959.0 0.00184976033779094
960.0 0.002004556154133752
961.0 0.0021593523342744447
962.0 0.0023059297745930962
963.0 0.0024525072149117477
964.0 0.0025178149371640757
965.0 0.002583122295618523
966.0 0.002622361898829695
967.0 0.0026616015020408668
968.0 0.0026280529709765688
969.0 0.0025945048037101515
970.0 0.0026192361474386416
971.0 0.0026439678549650125
972.0 0.002701371158764232
973.0 0.002758774280664511
974.0 0.002952342401840724
975.0 0.003145910523016937
976.0 0.0031170326110441238
977.0 0.0030881546990713105
978.0 0.003064838529098779
979.0 0.003041522177227307
980.0 0.002976557152578607
981.0 0.0029115917641320266
982.0 0.002953149851236958
983.0 0.002994707574544009
984.0 0.002864806265279185
985.0 0.002734904774115421
986.0 0.002666123145900201
987.0 0.0025973415176849812
988.0 0.002506415330572054
989.0 0.0024154893253580667
990.0 0.0024256361939478666
991.0 0.0024357830625376664
992.0 0.00251233832386788
993.0 0.002588893948995974
994.0 0.002626450987008866
995.0 0.0026640078431228176
996.0 0.0027388663511374034
997.0 0.002813724677253049
998.0 0.002959239100164268
999.0 0.003104753341176547
1000.0 0.003221798033337109
1001.0 0.0033388427254976705
1002.0 0.0035683318856172264
1003.0 0.0037978206819389015
1004.0 0.003851134533761069
1005.0 0.003904448385583237
1006.0 0.0040791157516650856
1007.0 0.004253783481544815
1008.0 0.004227048702887259
1009.0 0.004200313924229704
1010.0 0.0042150950321229175
1011.0 0.0042298768676118925
1012.0 0.004079518475919031
1013.0 0.003929160084226169
1014.0 0.0036701203498523682
1015.0 0.003411080251680687
1016.0 0.0031748648325446993
1017.0 0.0029386497772065923
1018.0 0.0026477697247173637
1019.0 0.0023568898541270755
1020.0 0.002078155375784263
1021.0 0.0017994207155425102
1022.0 0.001562796205689665
1023.0 0.0013261717867862899
1024.0 0.0013618099728773814
1025.0 0.001397448249917943
1026.0 0.001256070663657738
1027.0 0.0011146928954985924
1028.0 0.0010352621757192537
1029.0 0.000955831455939915
1030.0 0.0009336281436844729
1031.0 0.0009114245585806202
1032.0 0.0008962899300968274
1033.0 0.0008811551197140943
1034.0 0.000758870919526089
1035.0 0.0006365864919644082
1036.0 0.0007019425538601354
1037.0 0.0007672984793316573
1038.0 0.0006949800081201829
1039.0 0.0006226615823834436
1040.0 0.0006264113380893832
1041.0 0.0006301610483205877
1042.0 0.0007251032911881339
1043.0 0.0008200452612072695
1044.0 0.0008006305506569333
1045.0 0.0007812159310560673
1046.0 0.000788253964856267
1047.0 0.000795292180555407
1048.0 0.0007084197932272218
1049.0 0.0006215474968485069
1050.0 0.0007054176421661396
1051.0 0.0007892877874837723
1052.0 0.0008926468581194058
1053.0 0.0009960055649571586
1054.0 0.000908457332116086
1055.0 0.0008209089173760731
1056.0 0.00099841217888752
1057.0 0.0011759153494494967
1058.0 0.0009477294042881113
1059.0 0.000719543550076196
1060.0 0.0010324243703507818
1061.0 0.001345304826827487
1062.0 0.0014115141311776824
1063.0 0.0014777233445784077
1064.0 0.001160255942522781
1065.0 0.0008427883585682139
1066.0 0.001327485642832471
1067.0 0.0018121831089956686
1068.0 0.0018163433196605183
1069.0 0.0018205031665274873
1070.0 0.0018371740225120448
1071.0 0.0018538445146987215
1072.0 0.0017656037016422488
1073.0 0.0016773627066868357
1074.0 0.0021575366190518253
1075.0 0.0026377103495178744
1076.0 0.0029033737519057468
1077.0 0.003169037154293619
1078.0 0.0035252942325314507
1079.0 0.0038815509469714016
1080.0 0.004095448457519524
1081.0 0.004309345968067646
1082.0 0.004289954085834324
1083.0 0.004270562203601003
1084.0 0.004667639950639568
1085.0 0.005064717333880253
1086.0 0.004735390393761918
1087.0 0.004406063089845702
1088.0 0.004320427979109809
1089.0 0.004234793232171796
1090.0 0.00363584840670228
1091.0 0.003036903581232764
1092.0 0.0033914755476871505
1093.0 0.0037460475141415372
1094.0 0.0037927169614704326
1095.0 0.0038393867725972086
1096.0 0.00329024696839042
1097.0 0.002741106800385751
1098.0 0.002806634620355908
1099.0 0.002872162622225005
1100.0 0.0024127843062160537
1101.0 0.001953405444510281
