lsstCam/transmission_filter_detector/r02_s20/u_24/19700101T000000.ecsv
# %ECSV 1.0
# ---
# datatype:
# - {name: wavelength, unit: nm, datatype: float32}
# - {name: efficiency, unit: '%', datatype: float64}
# meta: !!omap
# - {MODE: DETECTOR}
# - {TYPE: transmission_filter_detector}
# - {CALIBDATE: '1970-01-01T00:00:00'}
# - {INSTRUME: LSSTCam}
# - {OBSTYPE: transmission_filter_detector}
# - {CALIBCLS: lsst.ip.isr.IntermediateFilterDetectorTransmissionCurve}
# - {SOURCE: Materion (DM-46256)}
# - {DETECTOR: 15}
# - {FILTER: u_24}
# - {CALIB_ID: 'calibDate=1970-01-01T00:00:00 filter=u_24 detector=15'}
# - {DATE: '2025-04-02T15:59:39.816227'}
# - {CALIB_CREATION_DATE: '2025-04-02'}
# - {CALIB_CREATION_TIME: '15:59:39'}
# - __serialized_columns__:
#     efficiency:
#       __class__: astropy.units.quantity.Quantity
#       unit: !astropy.units.Unit {unit: '%'}
#       value: !astropy.table.SerializedColumn {name: efficiency}
#     wavelength:
#       __class__: astropy.units.quantity.Quantity
#       unit: !astropy.units.Unit {unit: nm}
#       value: !astropy.table.SerializedColumn {name: wavelength}
# schema: astropy-2.0
wavelength efficiency
295.0 1.613631971097984e-10
296.0 1.613631971097984e-10
297.0 1.613631971097984e-10
298.0 1.613631971097984e-10
299.0 1.613631971097984e-10
300.0 1.613631971097984e-10
301.0 1.613631971097984e-10
302.0 1.613631971097984e-10
303.0 0.18353852210566401
304.0 1.613631971097984e-10
305.0 0.8306671865284443
306.0 1.6758300364017487
307.0 3.209106996655464
308.0 5.821515247225761
309.0 8.991578221321106
310.0 12.233634293079376
311.0 16.102957725524902
312.0 19.737020134925842
313.0 22.90758639574051
314.0 25.837936997413635
315.0 28.40539515018463
316.0 30.589959025382996
317.0 33.0794632434845
318.0 35.73155999183655
319.0 39.667242765426636
320.0 45.40669023990631
321.0 50.815051794052124
322.0 56.7952036857605
323.0 62.28894591331482
324.0 66.71308875083923
325.0 69.83931064605713
326.0 72.19083309173584
327.0 74.09199476242065
328.0 75.79883933067322
329.0 77.08874940872192
330.0 78.58034372329712
331.0 79.15993332862854
332.0 79.48265671730042
333.0 79.62586283683777
334.0 79.44810390472412
335.0 79.67804074287415
336.0 79.92578744888306
337.0 80.40001392364502
338.0 81.19097948074341
339.0 81.89552426338196
340.0 82.30429291725159
341.0 82.77090191841125
342.0 83.02046060562134
343.0 83.0661416053772
344.0 83.21285247802734
345.0 83.57707858085632
346.0 83.90353322029114
347.0 84.32320952415466
348.0 84.59253311157227
349.0 84.7582221031189
350.0 84.79084968566895
351.0 84.98668074607849
352.0 84.9510669708252
353.0 84.82141494750977
354.0 84.75054502487183
355.0 84.96362566947937
356.0 85.19701361656189
357.0 85.11136174201965
358.0 84.82330441474915
359.0 84.63952541351318
360.0 84.38228964805603
361.0 84.19999480247498
362.0 84.05441641807556
363.0 84.10069942474365
364.0 84.22040343284607
365.0 84.48693752288818
366.0 84.70405340194702
367.0 84.84429717063904
368.0 84.85465049743652
369.0 84.92383360862732
370.0 84.65079069137573
371.0 84.51648354530334
372.0 84.50981974601746
373.0 84.5691978931427
374.0 84.65343117713928
375.0 84.95398163795471
376.0 85.09916067123413
377.0 85.1445734500885
378.0 85.2524995803833
379.0 84.93356108665466
380.0 84.24108028411865
381.0 82.96366333961487
382.0 81.16969466209412
383.0 79.2356789112091
384.0 77.11206078529358
385.0 74.84046220779419
386.0 72.27728366851807
387.0 69.02346014976501
388.0 65.64316153526306
389.0 61.546486616134644
390.0 57.47315287590027
391.0 53.196001052856445
392.0 48.774728178977966
393.0 45.0501948595047
394.0 41.813480854034424
395.0 38.24435472488403
396.0 34.45937633514404
397.0 29.399117827415466
398.0 23.466363549232483
399.0 16.545893251895905
400.0 10.320230573415756
401.0 5.633283779025078
402.0 2.3848410695791245
403.0 0.7408769335597754
404.0 0.2545844530686736
405.0 0.09195765596814454
406.0 0.06884051254019141
407.0 0.05478039965964854
408.0 1.613631971097984e-10
409.0 1.613631971097984e-10
410.0 0.008057332161115482
411.0 1.613631971097984e-10
412.0 1.613631971097984e-10
413.0 1.613631971097984e-10
414.0 1.613631971097984e-10
415.0 1.613631971097984e-10
416.0 1.613631971097984e-10
417.0 1.613631971097984e-10
418.0 1.613631971097984e-10
419.0 1.613631971097984e-10
420.0 1.613631971097984e-10
421.0 1.613631971097984e-10
422.0 1.613631971097984e-10
423.0 1.613631971097984e-10
424.0 1.613631971097984e-10
425.0 1.613631971097984e-10
426.0 1.613631971097984e-10
427.0 1.613631971097984e-10
428.0 1.613631971097984e-10
429.0 0.001001149485091446
430.0 0.002345368920941837
431.0 0.001046318266162416
432.0 1.613631971097984e-10
433.0 1.613631971097984e-10
434.0 1.613631971097984e-10
435.0 0.0007996528438525274
436.0 0.0018541897588875145
437.0 0.00030053797672735527
438.0 1.613631971097984e-10
439.0 0.0003490288918328588
440.0 0.0019511717255227268
441.0 0.0002844967866622028
442.0 1.613631971097984e-10
443.0 1.613631971097984e-10
444.0 1.613631971097984e-10
445.0 1.613631971097984e-10
446.0 1.613631971097984e-10
447.0 1.613631971097984e-10
448.0 1.613631971097984e-10
449.0 0.00015221251032926375
450.0 0.0009305193088948727
451.0 8.080999123194488e-05
452.0 1.613631971097984e-10
453.0 1.613631971097984e-10
454.0 0.00038522093745996244
455.0 1.613631971097984e-10
456.0 1.613631971097984e-10
457.0 1.613631971097984e-10
458.0 1.613631971097984e-10
459.0 1.613631971097984e-10
460.0 1.613631971097984e-10
461.0 1.613631971097984e-10
462.0 1.613631971097984e-10
463.0 1.613631971097984e-10
464.0 1.613631971097984e-10
465.0 1.613631971097984e-10
466.0 0.00016705284906493034
467.0 1.613631971097984e-10
468.0 1.613631971097984e-10
469.0 1.1542444156020792e-05
470.0 0.0008204940968425944
471.0 0.00015128030099731404
472.0 1.613631971097984e-10
473.0 1.613631971097984e-10
474.0 1.613631971097984e-10
475.0 1.613631971097984e-10
476.0 0.00022892193101142766
477.0 0.000344764248438878
478.0 0.00046060663407843094
479.0 4.759196770010021e-05
480.0 1.613631971097984e-10
481.0 9.585268117007217e-05
482.0 0.0005571278506977251
483.0 2.7405727109908185e-05
484.0 1.613631971097984e-10
485.0 1.613631971097984e-10
486.0 1.613631971097984e-10
487.0 1.613631971097984e-10
488.0 1.613631971097984e-10
489.0 1.613631971097984e-10
490.0 1.613631971097984e-10
491.0 1.613631971097984e-10
492.0 1.613631971097984e-10
493.0 1.613631971097984e-10
494.0 1.613631971097984e-10
495.0 1.613631971097984e-10
496.0 0.0007425890544254798
497.0 0.00023715822408121312
498.0 1.613631971097984e-10
499.0 1.613631971097984e-10
500.0 1.613631971097984e-10
501.0 1.613631971097984e-10
502.0 1.613631971097984e-10
503.0 1.613631971097984e-10
504.0 1.613631971097984e-10
505.0 1.613631971097984e-10
506.0 1.613631971097984e-10
507.0 1.613631971097984e-10
508.0 1.613631971097984e-10
509.0 1.613631971097984e-10
510.0 1.613631971097984e-10
511.0 1.613631971097984e-10
512.0 0.0002090548150590621
513.0 0.00020574827885866398
514.0 0.00020244153802195797
515.0 0.00043477543840708677
516.0 0.000667109316054848
517.0 1.613631971097984e-10
518.0 1.613631971097984e-10
519.0 1.613631971097984e-10
520.0 0.0002355008518861723
521.0 0.0004418799107952509
522.0 0.0006482588560174918
523.0 0.00027344829049980035
524.0 1.613631971097984e-10
525.0 1.613631971097984e-10
526.0 1.613631971097984e-10
527.0 1.613631971097984e-10
528.0 1.613631971097984e-10
529.0 1.613631971097984e-10
530.0 1.613631971097984e-10
531.0 0.00014226343409973197
532.0 0.00038153034438437317
533.0 1.613631971097984e-10
534.0 1.613631971097984e-10
535.0 1.613631971097984e-10
536.0 1.613631971097984e-10
537.0 1.613631971097984e-10
538.0 1.613631971097984e-10
539.0 1.613631971097984e-10
540.0 1.613631971097984e-10
541.0 1.613631971097984e-10
542.0 1.613631971097984e-10
543.0 1.613631971097984e-10
544.0 1.613631971097984e-10
545.0 1.613631971097984e-10
546.0 1.613631971097984e-10
547.0 1.613631971097984e-10
548.0 0.00011354276239217143
549.0 1.613631971097984e-10
550.0 1.613631971097984e-10
551.0 1.613631971097984e-10
552.0 1.613631971097984e-10
553.0 1.613631971097984e-10
554.0 1.613631971097984e-10
555.0 1.613631971097984e-10
556.0 1.613631971097984e-10
557.0 1.613631971097984e-10
558.0 1.613631971097984e-10
559.0 1.613631971097984e-10
560.0 0.00022564292976312572
561.0 1.613631971097984e-10
562.0 1.613631971097984e-10
563.0 1.613631971097984e-10
564.0 1.613631971097984e-10
565.0 1.613631971097984e-10
566.0 1.613631971097984e-10
567.0 1.613631971097984e-10
568.0 1.613631971097984e-10
569.0 0.00015904379324638285
570.0 0.00036552744404616533
571.0 0.000510146628585062
572.0 0.0006547659722855315
573.0 0.0005743429483118234
574.0 0.000493920242661261
575.0 0.0002006202294069226
576.0 1.613631971097984e-10
577.0 0.00020143140773143386
578.0 0.0004955423719366081
579.0 0.0005088963007437997
580.0 0.0005222501840762561
581.0 0.0007570110028609633
582.0 0.000991772049019346
583.0 0.0013182203474570997
584.0 0.0016446691006422043
585.0 0.0012898544810013846
586.0 0.0009350393156637438
587.0 0.0009628446605347563
588.0 0.0009906500054057688
589.0 0.0009303287697548512
590.0 0.0008700074431544635
591.0 0.0009275922820961569
592.0 0.0009851771210378502
593.0 0.0007609797648910899
594.0 0.0005367821358959191
595.0 0.000772156363382237
596.0 0.0010075301361212041
597.0 0.0010305147952749394
598.0 0.0010534991815802641
599.0 0.0014527087841997854
600.0 0.0018519182049203664
601.0 0.002029001734626945
602.0 0.002206085264333524
603.0 0.001962699752766639
604.0 0.0017193142411997542
605.0 0.001501053793617757
606.0 0.0012827935279347003
607.0 0.0013133384527463932
608.0 0.0013438834685075562
609.0 0.0008400334081670735
610.0 0.00033618339330132585
611.0 0.0005872243036719738
612.0 0.0008382653504668269
613.0 0.0006683405899821082
614.0 0.0004984159659215948
615.0 0.000699786778568523
616.0 0.0009011576366901863
617.0 0.0007967566489242017
618.0 0.0006923559340066276
619.0 0.0005183503162697889
620.0 0.0003443448349571554
621.0 0.0006139769993751543
622.0 0.0008836090273689479
623.0 0.0006699176083202474
624.0 0.00045622600737260655
625.0 0.0006298795142356539
626.0 0.0008035330210987013
627.0 0.0007640349394932855
628.0 0.0007245370852615451
629.0 0.0007591085704916622
630.0 0.0007936801921459846
631.0 0.0013961907825432718
632.0 0.0019987011910416186
633.0 0.0020000607037218288
634.0 0.0020014203983009793
635.0 0.002259056236653123
636.0 0.0025166918931063265
637.0 0.002394811417616438
638.0 0.002272930578328669
639.0 0.0017603850210434757
640.0 0.0012478394637582824
641.0 0.0011436834938649554
642.0 0.0010395275239716284
643.0 0.0007110678325261688
644.0 0.0003826080956059741
645.0 0.0003234677706132061
646.0 0.00026432742288307054
647.0 7.369998797912558e-05
648.0 1.613631971097984e-10
649.0 6.807781005591096e-05
650.0 0.0002530829078750685
651.0 0.0006238526566448854
652.0 0.0009946225873136427
653.0 0.0013934251910541207
654.0 0.0017922277038451284
655.0 0.0016653559214319102
656.0 0.001538484139018692
657.0 0.002559318636485841
658.0 0.003580153497750871
659.0 0.003954749263357371
660.0 0.00432934430136811
661.0 0.00423311757913325
662.0 0.004136890493100509
663.0 0.0032251748052658513
664.0 0.002313458753633313
665.0 0.002012340337387286
666.0 0.0017112215573433787
667.0 0.0015774037819937803
668.0 0.0014435856428463012
669.0 0.000959613225859357
670.0 0.00047564094529661816
671.0 0.00044271650949667674
672.0 0.0004097920282220002
673.0 0.00040943632484413683
674.0 0.00040908066694100853
675.0 0.0006920771284057992
676.0 0.0009750735443958547
677.0 0.0015378847820102237
678.0 0.002100696110574063
679.0 0.0022884913050802425
680.0 0.0024762861357885413
681.0 0.0032721385650802404
682.0 0.004067990812472999
683.0 0.005704297655029222
684.0 0.007340604497585446
685.0 0.007939217903185636
686.0 0.00853783349157311
687.0 0.00787303943070583
688.0 0.007208246097434312
689.0 0.006036198101355694
690.0 0.0048641511966707185
691.0 0.0042730229324661195
692.0 0.00368189430446364
693.0 0.0032379248295910656
694.0 0.0027939549909206107
695.0 0.002423487421765458
696.0 0.0020530202164081857
697.0 0.0015319625163101591
698.0 0.001010904998111073
699.0 0.0007752152669127099
700.0 0.0005395253992901416
701.0 0.0004085812179255299
702.0 0.0002776371502477559
703.0 0.0005510615665116347
704.0 0.0008244862328865565
705.0 0.000861009812069824
706.0 0.0008975335731520317
707.0 0.0009003547347674612
708.0 0.0009031756235344801
709.0 0.0007121502676454838
710.0 0.0005211248208070174
711.0 0.0006696021046082024
712.0 0.0008180792974599171
713.0 0.0009234164281224366
714.0 0.0010287537406838965
715.0 0.0008231169886130374
716.0 0.0006174801910674432
717.0 0.0006123948878666852
718.0 0.000607309539191192
719.0 0.0005391361355577828
720.0 0.00047096273192437366
721.0 0.0005166224127606256
722.0 0.0005622821390716126
723.0 0.0004236525001033442
724.0 0.0002850228156603407
725.0 0.00011723457191692432
726.0 1.613631971097984e-10
727.0 0.000249903928306594
728.0 0.0005503617103386205
729.0 0.00029119657938281307
730.0 3.2031564956014336e-05
731.0 5.548293415813532e-05
732.0 7.893432325545291e-05
733.0 6.619716828026867e-05
734.0 5.3459979199033114e-05
735.0 0.0003615097966758185
736.0 0.0006695594947814243
737.0 0.0006439369371946668
738.0 0.0006183142431837041
739.0 0.0005536032404052094
740.0 0.0004888920557277743
741.0 0.0008601202353020199
742.0 0.0012313484148762655
743.0 0.0018289742001798004
744.0 0.002426599712634925
745.0 0.0029640761567861773
746.0 0.0035015520552406088
747.0 0.004010214615846053
748.0 0.004518876448855735
749.0 0.0039972881495486945
750.0 0.0034757002140395343
751.0 0.0033333435567328706
752.0 0.0031909872632240877
753.0 0.0026298153898096643
754.0 0.0020686431525973603
755.0 0.002261864938191138
756.0 0.002455087087582797
757.0 0.002060340193565935
758.0 0.0016655929357511923
759.0 0.0013277983271109406
760.0 0.000990003809420159
761.0 0.0010562929674051702
762.0 0.0011225820344407111
763.0 0.0008834283107717056
764.0 0.0006442744961532298
765.0 0.0007828062734915875
766.0 0.0009213382327288855
767.0 0.00077170643635327
768.0 0.0006220744580787141
769.0 0.0006549282261403278
770.0 0.000687781766828266
771.0 0.0004902036835119361
772.0 0.0002926254865087685
773.0 0.0003425986278671189
774.0 0.0003925716555386316
775.0 0.00040126865314960014
776.0 0.0004099655598110985
777.0 0.0005369151040213183
778.0 0.0006638643753831275
779.0 0.0008651697498862632
780.0 0.0010664749424904585
781.0 0.0010947883311018813
782.0 0.0011231018106627744
783.0 0.0009712449354992714
784.0 0.0008193877874873579
785.0 0.0009737600521475542
786.0 0.00112813204395934
787.0 0.0009536198376736138
788.0 0.0007791075404384173
789.0 0.0008630086995253805
790.0 0.0009469099495618138
791.0 0.0009161767593468539
792.0 0.0008854433872329537
793.0 0.00035306543395563494
794.0 1.613631971097984e-10
795.0 9.825403424201795e-06
796.0 0.00019896319827239495
797.0 0.0002629114533192478
798.0 0.0003268597083661007
799.0 0.0002059447069768794
800.0 8.502957484779472e-05
801.0 1.613631971097984e-10
802.0 1.613631971097984e-10
803.0 1.613631971097984e-10
804.0 9.954392226063646e-05
805.0 2.488886252649536e-05
806.0 1.613631971097984e-10
807.0 1.613631971097984e-10
808.0 1.613631971097984e-10
809.0 2.6607222025631927e-05
810.0 0.00034809122553269845
811.0 1.6519096845968306e-05
812.0 1.613631971097984e-10
813.0 6.91665775320871e-05
814.0 0.00045338615564105567
815.0 0.0005054328539699782
816.0 0.0005574794158746954
817.0 0.00031907973152556224
818.0 8.068001307037775e-05
819.0 6.363629267980286e-05
820.0 4.6592600710937404e-05
821.0 1.613631971097984e-10
822.0 1.613631971097984e-10
823.0 1.613631971097984e-10
824.0 1.7381729833232384e-05
825.0 1.613631971097984e-10
826.0 1.613631971097984e-10
827.0 0.00013279291124490555
828.0 0.0006009574008203344
829.0 0.0005227196652413113
830.0 0.0004444822934601689
831.0 7.268006356753176e-05
832.0 1.613631971097984e-10
833.0 1.613631971097984e-10
834.0 1.613631971097984e-10
835.0 1.613631971097984e-10
836.0 1.613631971097984e-10
837.0 1.613631971097984e-10
838.0 1.613631971097984e-10
839.0 1.613631971097984e-10
840.0 1.613631971097984e-10
841.0 1.613631971097984e-10
842.0 3.9629460957257834e-05
843.0 1.613631971097984e-10
844.0 1.613631971097984e-10
845.0 1.613631971097984e-10
846.0 0.00011487808251331444
847.0 0.00019935650925617665
848.0 0.00028383490189298755
849.0 0.0003309120756966877
850.0 0.0003779891812882852
851.0 0.00033154094580822857
852.0 0.0002850927330655395
853.0 0.00021663256575266132
854.0 0.0001481723302276805
855.0 0.0001602935867595079
856.0 0.00017241480918528396
857.0 0.00048445899665239267
858.0 0.0007965031727508176
859.0 0.0007602120604133233
860.0 0.0007239209935505642
861.0 0.0008465283826808445
862.0 0.0009691357263363898
863.0 0.0010310238394595217
864.0 0.001092911679734243
865.0 0.0016458167010569014
866.0 0.002198721449531149
867.0 0.001965258525160607
868.0 0.0017317957826890051
869.0 0.0016312762454617769
870.0 0.0015307563444366679
871.0 0.0016451043848064728
872.0 0.001759452061378397
873.0 0.0018310784071218222
874.0 0.0019027049347641878
875.0 0.0020189187125652097
876.0 0.0021351328541641124
877.0 0.002344864515180234
878.0 0.002554596539994236
879.0 0.002607166607049294
880.0 0.0026597370379022323
