lsstCam/transmission_filter_detector/r02_s20/u_24/19700101T000000.ecsv
# %ECSV 1.0
# ---
# datatype:
# - {name: wavelength, unit: nm, datatype: float32}
# - {name: efficiency, unit: '%', datatype: float64}
# meta: !!omap
# - {MODE: DETECTOR}
# - {TYPE: transmission_filter_detector}
# - {CALIBDATE: '1970-01-01T00:00:00'}
# - {INSTRUME: LSSTCam}
# - {OBSTYPE: transmission_filter_detector}
# - {CALIBCLS: lsst.ip.isr.IntermediateFilterDetectorTransmissionCurve}
# - {SOURCE: Materion (DM-46256)}
# - {DETECTOR: 15}
# - {FILTER: u_24}
# - {CALIB_ID: 'calibDate=1970-01-01T00:00:00 filter=u_24 detector=15'}
# - {DATE: '2025-04-02T15:59:39.816227'}
# - {CALIB_CREATION_DATE: '2025-04-02'}
# - {CALIB_CREATION_TIME: '15:59:39'}
# - __serialized_columns__:
#     efficiency:
#       __class__: astropy.units.quantity.Quantity
#       unit: !astropy.units.Unit {unit: '%'}
#       value: !astropy.table.SerializedColumn {name: efficiency}
#     wavelength:
#       __class__: astropy.units.quantity.Quantity
#       unit: !astropy.units.Unit {unit: nm}
#       value: !astropy.table.SerializedColumn {name: wavelength}
# schema: astropy-2.0
wavelength efficiency
[from data line 587]
882.0 0.003169933188473806
883.0 0.002892638985940721
884.0 0.002615345329104457
885.0 0.0025471246772212908
886.0 0.002478904207237065
887.0 0.002272972596983891
888.0 0.002067040986730717
889.0 0.002072667302854825
890.0 0.002078293437079992
891.0 0.0022496749807032757
892.0 0.002421056524326559
893.0 0.0024874254449969158
894.0 0.0025537938199704513
895.0 0.002963381302834023
896.0 0.0033729687856975943
897.0 0.003714606646099128
898.0 0.004056244142702781
899.0 0.004209943290334195
900.0 0.004363641710369848
901.0 0.004268735574441962
902.0 0.004173829802311957
903.0 0.00449049512099009
904.0 0.0048071600758703426
905.0 0.004924590393784456
906.0 0.005042020347900689
907.0 0.0054809406719869
908.0 0.005919860996073112
909.0 0.005847791544510983
910.0 0.005775722092948854
911.0 0.005857255018781871
912.0 0.005938788672210649
913.0 0.00575531848880928
914.0 0.0055718483054079115
915.0 0.00511469115735963
916.0 0.0046575336455134675
917.0 0.00421041768277064
918.0 0.003763301356229931
919.0 0.00405431492254138
920.0 0.004345328488852829
921.0 0.00461005765828304
922.0 0.0048747875553090125
923.0 0.005621336822514422
924.0 0.006367883906932548
925.0 0.006579933688044548
926.0 0.006791983469156548
927.0 0.007332534005399793
928.0 0.007873081631259993
929.0 0.0077882745245005935
930.0 0.007703467417741194
931.0 0.007287551125045866
932.0 0.006871633377159014
933.0 0.006726015271851793
934.0 0.0065803971665445715
935.0 0.006837211549282074
936.0 0.007094025204423815
937.0 0.0072238355642184615
938.0 0.007353647379204631
939.0 0.007360472955042496
940.0 0.007367299258476123
941.0 0.006313085759757087
942.0 0.005258870805846527
943.0 0.004348814400145784
944.0 0.0034387587220408022
945.0 0.002658721678017173
946.0 0.0018786846339935437
947.0 0.0016937863620114513
948.0 0.0015088883628777694
949.0 0.0014379356798599474
950.0 0.0013669829968421254
951.0 0.0011891753274539951
952.0 0.0010113676580658648
953.0 0.0012438218618626706
954.0 0.001476276338507887
955.0 0.002144618883903604
956.0 0.002812961429299321
957.0 0.0028276977900532074
958.0 0.0028424336051102728
959.0 0.00302235839626519
960.0 0.0032022828236222267
961.0 0.0037101173802511767
962.0 0.004217951936880127
963.0 0.004445810191100463
964.0 0.004673668809118681
965.0 0.004583729969453998
966.0 0.004493791857385077
967.0 0.004597101724357344
968.0 0.0047004119551274925
969.0 0.00470752602268476
970.0 0.004714640090242028
971.0 0.004871007695328444
972.0 0.0050273749366169795
973.0 0.004729074134957045
974.0 0.00443077296949923
975.0 0.0042835756175918505
976.0 0.004136377538088709
977.0 0.00377298092644196
978.0 0.0034095846785930917
979.0 0.003126824594801292
980.0 0.002844064511009492
981.0 0.002726367711147759
982.0 0.002608670729387086
983.0 0.002896768637583591
984.0 0.003184866000083275
985.0 0.003588573235902004
986.0 0.0039922808355186135
987.0 0.004291483492124826
988.0 0.004590685784933157
989.0 0.0055205589887918904
990.0 0.0064504311012569815
991.0 0.0065997723140753806
992.0 0.006749112799298018
993.0 0.007030554115772247
994.0 0.007311996159842238
995.0 0.00695636699674651
996.0 0.006600734195671976
997.0 0.0062749597418587655
998.0 0.00594918747083284
999.0 0.006136804586276412
1000.0 0.006324422429315746
1001.0 0.0060917740484001115
1002.0 0.005859125667484477
1003.0 0.00543597197975032
1004.0 0.005012816836824641
1005.0 0.005181287269806489
1006.0 0.005349756975192577
1007.0 0.005149857679498382
1008.0 0.004949955837219022
1009.0 0.004445886952453293
1010.0 0.003941818795283325
1011.0 0.0038200465496629477
1012.0 0.003698274667840451
1013.0 0.003253500835853629
1014.0 0.0028087268219678663
1015.0 0.0024196866434067488
1016.0 0.0020306466467445716
1017.0 0.0018159957107855007
1018.0 0.0016013445929274894
1019.0 0.001522019192634616
1020.0 0.0014426936104428023
1021.0 0.0012261088158993516
1022.0 0.0010095239304064307
1023.0 0.0010532353371672798
1024.0 0.001096946834877599
1025.0 0.0012573513231473044
1026.0 0.0014177559023664799
1027.0 0.0013195648534747306
1028.0 0.0012213737136335112
1029.0 0.001339370555797359
1030.0 0.0014573676708096173
1031.0 0.0018411987184663303
1032.0 0.0022250298570725136
1033.0 0.00221767186303623
1034.0 0.002210313868999947
1035.0 0.0023668450012337416
1036.0 0.0025233757696696557
1037.0 0.0027385247449274175
1038.0 0.0029536739020841196
1039.0 0.00267066261585569
1040.0 0.0023876516934251413
1041.0 0.0019206045180908404
1042.0 0.0014535577065544203
1043.0 0.0016066160242189653
1044.0 0.0017596745237824507
1045.0 0.0016572539607295766
1046.0 0.001554833579575643
1047.0 0.0020549003238556907
1048.0 0.002554967431933619
1049.0 0.0019360239093657583
1050.0 0.0013170798411010765
1051.0 0.0013510884855350014
1052.0 0.0013850968571205158
1053.0 0.0012393206816341262
1054.0 0.0010935442332993262
1055.0 0.0006801952622481622
1056.0 0.0002668464958333061
1057.0 0.001212277311424259
1058.0 0.0021577081497525796
1059.0 0.001334197077085264
1060.0 0.0005106861863168888
1061.0 0.001140387848863611
1062.0 0.0017700893295113929
1063.0 0.0016596335626672953
1064.0 0.0015491776139242575
1065.0 0.00111410681711277
1066.0 0.0006790361112507526
1067.0 0.0005640217295876937
1068.0 0.00044900680222781375
1069.0 0.0016470559785375372
1070.0 0.0028451046091504395
1071.0 0.0014106145499681588
1072.0 1.613631971097984e-10
1073.0 0.0006382517312886193
1074.0 0.0013003784260945395
1075.0 0.002864297857740894
1076.0 0.004428216925589368
1077.0 0.004498853741097264
1078.0 0.004569491284200922
1079.0 0.005799340578960255
1080.0 0.007029186963336542
1081.0 0.0051333525334484875
1082.0 0.003237517739762552
1083.0 0.002282242348883301
1084.0 0.0013269670489535201
1085.0 0.0024036997274379246
1086.0 0.0034804321330739185
1087.0 0.0030421999326790683
1088.0 0.0026039679141831584
1089.0 0.004247998367645778
1090.0 0.005892028639209457
1091.0 0.004170557440374978
1092.0 0.00244908678723732
1093.0 0.0018319848095416091
1094.0 0.0012148831956437789
1095.0 0.0008164352038875222
1096.0 0.0004179873940302059
1097.0 0.0020274865164537914
1098.0 0.0036369860026752576
1099.0 0.003772899799514562
1100.0 0.0039088132325559855
