lsstCam/transmission_filter_detector/r24_s01/y_10/19700101T000000.ecsv
# %ECSV 1.0
# ---
# datatype:
# - {name: wavelength, unit: nm, datatype: float32}
# - {name: efficiency, unit: '%', datatype: float64}
# meta: !!omap
# - {MODE: DETECTOR}
# - {TYPE: transmission_filter_detector}
# - {CALIBDATE: '1970-01-01T00:00:00'}
# - {INSTRUME: LSSTCam}
# - {OBSTYPE: transmission_filter_detector}
# - {CALIBCLS: lsst.ip.isr.IntermediateFilterDetectorTransmissionCurve}
# - {SOURCE: Materion (DM-46256)}
# - {DETECTOR: 109}
# - {FILTER: y_10}
# - {CALIB_ID: 'calibDate=1970-01-01T00:00:00 filter=y_10 detector=109'}
# - {DATE: '2025-04-02T15:59:51.248236'}
# - {CALIB_CREATION_DATE: '2025-04-02'}
# - {CALIB_CREATION_TIME: '15:59:51'}
# - __serialized_columns__:
#     efficiency:
#       __class__: astropy.units.quantity.Quantity
#       unit: !astropy.units.Unit {unit: '%'}
#       value: !astropy.table.SerializedColumn {name: efficiency}
#     wavelength:
#       __class__: astropy.units.quantity.Quantity
#       unit: !astropy.units.Unit {unit: nm}
#       value: !astropy.table.SerializedColumn {name: wavelength}
# schema: astropy-2.0
wavelength efficiency
300.0 0.4788327496498823
301.0 0.25936237070709467
302.0 0.03989194519817829
303.0 0.03550838155206293
304.0 0.03112482081633061
305.0 0.02010432508541271
306.0 0.009083824988920242
307.0 0.015832002100069076
308.0 0.022580176300834864
309.0 0.01567847066326067
310.0 0.00877676357049495
311.0 0.007726855983491987
312.0 0.0066769454861059785
313.0 0.006371354538714513
314.0 0.006065763591323048
315.0 0.005761268403148279
316.0 0.005456775397760794
317.0 0.005196361598791555
318.0 0.00493594488943927
319.0 0.0017023498003254645
320.0 1.629248277089379e-10
321.0 0.0016649744793539867
322.0 0.0048611953388899565
323.0 0.003424986789468676
324.0 0.0019887784219463356
325.0 0.0007414827905449783
326.0 1.629248277089379e-10
327.0 0.0003192272515661898
328.0 0.0011442679351603147
329.0 0.0029331074983929284
330.0 0.004721946970676072
331.0 0.003667360942927189
332.0 0.0026127745513804257
333.0 0.0020607139958883636
334.0 0.0015086528946994804
335.0 0.0017229092918569222
336.0 0.0019371658709133044
337.0 0.002613386095617898
338.0 0.00328960559272673
339.0 0.0018253320376970805
340.0 0.00036105827803112334
341.0 4.2582416881487006e-05
342.0 1.629248277089379e-10
343.0 0.0004563066795526538
344.0 0.001188507303595543
345.0 0.0014459282283496577
346.0 0.0017033496988005936
347.0 0.0017006786947604269
348.0 0.0016980073269223794
349.0 0.0014593197192880325
350.0 0.0012206319297547452
351.0 0.0014500531506200787
352.0 0.001679473825788591
353.0 0.0014174767784425057
354.0 0.0011554797310964204
355.0 0.001286660881305579
356.0 0.0014178419405652676
357.0 0.0010896461390075274
358.0 0.0007614499736519065
359.0 0.0009980796676245518
360.0 0.001234709270647727
361.0 0.0012493328540585935
362.0 0.0012639561646210495
363.0 0.0009980328286474105
364.0 0.0007321091743506258
365.0 0.0011682326658046804
366.0 0.0016043564755818807
367.0 0.0020321500414866023
368.0 0.0024599434254923835
369.0 0.002072254028462339
370.0 0.0016845648133312352
371.0 0.0016012600099202245
372.0 0.0015179550246102735
373.0 0.0019642062397906557
374.0 0.002410457454971038
375.0 0.0033144726330647245
376.0 0.0042184874473605305
377.0 0.0042748830310301855
378.0 0.0043312786146998405
379.0 0.0037655976484529674
380.0 0.003199915954610333
381.0 0.0021636889869114384
382.0 0.0011274616554146633
383.0 0.0012332237929513212
384.0 0.0013389854757406283
385.0 0.001052910738508217
386.0 0.0007668360012758058
387.0 0.0008013629667402711
388.0 0.0008358899322047364
389.0 0.0006872741778352065
390.0 0.0005386585144151468
391.0 0.0005262685135676293
392.0 0.0005138785581948468
393.0 0.0006163354555610567
394.0 0.000718792534826207
395.0 0.0006565697276528226
396.0 0.0005943469659541734
397.0 0.0007974715117597952
398.0 0.001000595966615947
399.0 0.0012139461432525422
400.0 0.0014272962289396673
401.0 0.001625052755116485
402.0 0.0018228094631922431
403.0 0.0018915930922958069
404.0 0.001960376903298311
405.0 0.00188298163266154
406.0 0.00180558672582265
407.0 0.0015241947039612569
408.0 0.001242802773049334
409.0 0.0010087462214869447
410.0 0.0007746895789750852
411.0 0.0005644144039251842
412.0 0.0003541394562489586
413.0 0.0008331969183927868
414.0 0.0013122542441124097
415.0 0.0015226863979478367
416.0 0.0017331185517832637
417.0 0.0008169488864950836
418.0 1.629248277089379e-10
419.0 1.629248277089379e-10
420.0 1.629248277089379e-10
421.0 1.629248277089379e-10
422.0 0.00041621410673542414
423.0 0.0006505771125375759
424.0 0.0008849398909660522
425.0 9.479779805587896e-05
426.0 1.629248277089379e-10
427.0 1.629248277089379e-10
428.0 0.00014187114629748976
429.0 1.629248277089379e-10
430.0 1.629248277089379e-10
431.0 0.000518479646416381
432.0 0.0014487680346064735
433.0 0.0007850738256820478
434.0 0.00012138011697970796
435.0 1.629248277089379e-10
436.0 1.629248277089379e-10
437.0 1.629248277089379e-10
438.0 3.696081591897382e-05
439.0 1.629248277089379e-10
440.0 1.629248277089379e-10
441.0 1.629248277089379e-10
442.0 1.629248277089379e-10
443.0 1.629248277089379e-10
444.0 1.629248277089379e-10
445.0 1.629248277089379e-10
446.0 8.1406915342086e-05
447.0 0.0005197535301704193
448.0 0.0009581000995240174
449.0 0.0008240284842031542
450.0 0.0006899567324580858
451.0 0.00019335941487952368
452.0 1.629248277089379e-10
453.0 1.629248277089379e-10
454.0 1.629248277089379e-10
455.0 1.629248277089379e-10
456.0 1.629248277089379e-10
457.0 1.629248277089379e-10
458.0 0.00011822775149994413
459.0 0.00011882254966621986
460.0 0.00011941733646381181
461.0 0.0002485091954440577
462.0 0.00037760103168693604
463.0 0.0004383575742394896
464.0 0.0004991141395294107
465.0 0.00048385395530203823
466.0 0.000468593907498871
467.0 0.0009602523277862929
468.0 0.0014519104297505692
469.0 0.001547047941130586
470.0 0.001642185088712722
471.0 0.0017514394130557775
472.0 0.001860693737398833
473.0 0.0023188797058537602
474.0 0.0027770656743086874
475.0 0.002779279566311743
476.0 0.0027814938221126795
477.0 0.002992518784594722
478.0 0.0032035437470767647
479.0 0.003858318814309314
480.0 0.004513093881541863
481.0 0.0046539473260054365
482.0 0.004794800406671129
483.0 0.004035931851831265
484.0 0.0032770629331935197
485.0 0.00348404937540181
486.0 0.0036910358176101
487.0 0.003078459485550411
488.0 0.0024658833353896625
489.0 0.0022013162379153073
490.0 0.0019367498680367135
491.0 0.0016057327229646035
492.0 0.0012747155778924935
493.0 0.001189334307127865
494.0 0.0011039533092116471
495.0 0.0014295206710812636
496.0 0.0017550881239003502
497.0 0.0020380568457767367
498.0 0.0023210257495520636
499.0 0.002416911411273759
500.0 0.0025127972548943944
501.0 0.002410441629763227
502.0 0.002308086186531
503.0 0.0025437660951865837
504.0 0.0027794460038421676
505.0 0.003243848914280534
506.0 0.0037082514609210193
507.0 0.002685832623683382
508.0 0.0016634128769510426
509.0 0.0018620201444718987
510.0 0.0020606272300938144
511.0 0.0019476914530969225
512.0 0.0018347554942010902
513.0 0.0019267708921688609
514.0 0.0020187866539345123
515.0 0.0018369331883150153
516.0 0.0016550797226955183
517.0 0.0014741909581061918
518.0 0.0012933018297189847
519.0 0.0014129936062090565
520.0 0.0015326852008001879
521.0 0.001588273335073609
522.0 0.0016438609236502089
523.0 0.0016687221432221122
524.0 0.001693583544692956
525.0 0.0022407606593333185
526.0 0.0027879385015694425
527.0 0.002516417225706391
528.0 0.00224489613174228
529.0 0.0023948838133946992
530.0 0.002544871131249238
531.0 0.0024403851057286374
532.0 0.0023358988983090967
533.0 0.002304844747413881
534.0 0.0022737900508218445
535.0 0.002082658829749562
536.0 0.0018915274267783388
537.0 0.0023801585484761745
538.0 0.00286878967017401
539.0 0.003354539512656629
540.0 0.0038402889913413674
541.0 0.004012871067970991
542.0 0.004185452780802734
543.0 0.0041940711525967345
544.0 0.004202689160592854
545.0 0.004669008922064677
546.0 0.0051353286835365
547.0 0.0043608262785710394
548.0 0.0035863235098076984
549.0 0.0030335109840962104
550.0 0.002480698276485782
551.0 0.0025047864255611785
552.0 0.0025288743927376345
553.0 0.003083285264438018
554.0 0.0036376954085426405
555.0 0.003879886571667157
556.0 0.004122078098589554
557.0 0.0037531437556026503
558.0 0.0033842090488178656
559.0 0.003330158506287262
560.0 0.003276108327554539
561.0 0.003490407470962964
562.0 0.0037047058867756277
563.0 0.0034715983929345384
564.0 0.00323849126289133
565.0 0.003742112312465906
566.0 0.004245734089636244
567.0 0.004326751877670176
568.0 0.004407769665704109
569.0 0.005061828778707422
570.0 0.005715887527912855
571.0 0.005979934212518856
572.0 0.006243980169529095
573.0 0.006513287371490151
574.0 0.0067825953010469675
575.0 0.006737328658346087
576.0 0.006692062015645206
577.0 0.005906110163778067
578.0 0.005120158311910927
579.0 0.005818189310957678
580.0 0.006516220310004428
581.0 0.007099876529537141
582.0 0.007683532021474093
583.0 0.00847162154968828
584.0 0.009259709622710943
585.0 0.009659638453740627
586.0 0.010059568012366071
587.0 0.01008832041407004
588.0 0.010117069905390963
589.0 0.010486288374522701
590.0 0.010855509026441723
591.0 0.01017036775010638
592.0 0.009485226473771036
593.0 0.0078069955634418875
594.0 0.006128766835900024
595.0 0.005707645686925389
596.0 0.005286524537950754
597.0 0.005830015288665891
598.0 0.006373505311785266
599.0 0.007314165850402787
600.0 0.008254825661424547
601.0 0.00893251781235449
602.0 0.009610207780497149
603.0 0.010530450526857749
604.0 0.011450694728409871
605.0 0.011498132516862825
606.0 0.011545569577720016
607.0 0.00996116577880457
608.0 0.008376763435080647
609.0 0.006709865556331351
610.0 0.005042968405177817
611.0 0.004175315552856773
612.0 0.0033076627005357295
613.0 0.003758005186682567
614.0 0.004208347309031524
615.0 0.004799559974344447
616.0 0.005390772639657371
617.0 0.006745821883669123
618.0 0.008100870036287233
619.0 0.009047067578649148
620.0 0.009993265848606825
621.0 0.01094658364308998
622.0 0.011899901437573135
623.0 0.012217200128361583
624.0 0.012534495908766985
625.0 0.010945640678983182
626.0 0.009356783266412094
627.0 0.007531461596954614
628.0 0.005706137380911969
629.0 0.004581551547744311
630.0 0.003456965714576654
631.0 0.0029877101042075083
632.0 0.0025184546757373028
633.0 0.002615163248265162
634.0 0.002711872002691962
635.0 0.003102844493696466
636.0 0.0034938166209030896
637.0 0.003969340832554735
638.0 0.0044448646804085
639.0 0.00459913608210627
640.0 0.004753407120006159
641.0 0.005226433131610975
642.0 0.00569945914321579
643.0 0.005529486952582374
644.0 0.005359514034353197
645.0 0.005214107659412548
646.0 0.0050687009206740186
647.0 0.0041506660636514425
648.0 0.003232631934224628
649.0 0.00222600774577586
650.0 0.0012193834663776215
651.0 0.00145650728882174
652.0 0.0016936315660132095
653.0 0.0016414911442552693
654.0 0.0015893507224973291
655.0 0.0014979738807596732
656.0 0.0014065972209209576
657.0 0.0014268239283410367
658.0 0.0014470507267105859
659.0 0.0017620468497625552
660.0 0.0020770428818650544
661.0 0.0018122091205441393
662.0 0.0015473751773242839
663.0 0.0022491920390166342
664.0 0.0029510092645068653
665.0 0.003502386243781075
666.0 0.004053763404954225
667.0 0.0046650176955154166
668.0 0.005276270894682966
669.0 0.005361752846511081
670.0 0.005447231524158269
671.0 0.0062259568949230015
672.0 0.007004682265687734
673.0 0.00790238191257231
674.0 0.008800080831861123
675.0 0.008235874702222645
676.0 0.0076716693001799285
677.0 0.006165350350784138
678.0 0.004659030673792586
679.0 0.003198812555638142
680.0 0.0017385951650794595
681.0 0.0008588404853071552
682.0 1.629248277089379e-10
683.0 0.0002803972165565938
684.0 0.0005817090368509525
685.0 0.0004066227120347321
686.0 0.00023153638721851166
687.0 0.00015969892501743743
688.0 8.786148555373074e-05
689.0 0.00016832715346026816
690.0 0.0002487928213668056
691.0 0.0003156223556288751
692.0 0.0003824518898909446
693.0 0.0004145905222685542
694.0 0.0004467292001208989
695.0 0.00036853002711723093
696.0 0.0002903308313761954
697.0 0.0003821794052782934
698.0 0.00047402795644302387
699.0 0.00038920134102227166
700.0 0.0003043744300157414
701.0 0.0002659832716744859
702.0 0.00022759209059586283
703.0 0.00029439074751280714
704.0 0.000361189427167119
705.0 0.0003456278136582114
706.0 0.0003300660637250985
707.0 0.00017816209947341122
708.0 2.625796469146735e-05
709.0 0.00012452653663785895
710.0 0.00022279493805399397
711.0 0.00035518962704372825
712.0 0.000487584293296095
713.0 0.00028918898351548705
714.0 9.079367941922101e-05
715.0 0.00033315629934804747
716.0 0.0005755188794864807
717.0 0.0004734418325824663
718.0 0.00037136476294108434
719.0 0.00045804240471625235
720.0 0.0005447199782793177
721.0 0.0005485823294293368
722.0 0.000552444726054091
723.0 0.0003561036464816425
724.0 0.00015976262375261285
725.0 0.00032039345114753814
726.0 0.00048102451728482265
727.0 0.00031791739729669644
728.0 0.00015481059563171584
729.0 0.0003261726760683814
730.0 0.0004975348929292522
731.0 0.0006319931799225742
732.0 0.0007664517397643067
733.0 0.00039202836887852754
734.0 1.7605363211714575e-05
735.0 3.2723866638662e-05
736.0 4.784264433510543e-05
737.0 0.00043002792153856717
738.0 0.0008122134204313625
739.0 0.0005531011993298307
740.0 0.00029398868264252087
741.0 0.00021440014279505704
742.0 0.00013481159157890943
743.0 2.3847488250794413e-05
744.0 1.629248277089379e-10
745.0 0.00016705042753528687
746.0 0.0004212176463624928
747.0 0.0002839240778484964
748.0 0.00014663050933449995
749.0 1.629248277089379e-10
750.0 1.629248277089379e-10
751.0 2.590119834167126e-05
752.0 0.00021126029423612636
753.0 0.00036790286230825586
754.0 0.0005245453394309152
755.0 1.629248277089379e-10
756.0 1.629248277089379e-10
757.0 1.629248277089379e-10
758.0 1.629248277089379e-10
759.0 0.00016672062201905646
760.0 0.0007150996680138633
761.0 0.00041322095967188943
762.0 0.00011134217174912919
763.0 1.629248277089379e-10
764.0 1.629248277089379e-10
765.0 0.00011274406688244198
766.0 0.00036273956993682077
767.0 0.00011460250561867724
768.0 1.629248277089379e-10
769.0 1.629248277089379e-10
770.0 1.629248277089379e-10
771.0 1.629248277089379e-10
772.0 1.629248277089379e-10
773.0 2.023802920803064e-05
774.0 0.0005634033641399583
775.0 0.00035328473586559994
776.0 0.00014316599390440388
777.0 0.00018367845768807456
778.0 0.00022419092147174524
779.0 0.00042270098674634937
780.0 0.000621211074758321
781.0 0.0006821726401540218
782.0 0.0007431340691255173
783.0 0.0006331772510748124
784.0 0.0005232205239735777
785.0 0.00039186215872177854
786.0 0.00026050338419736363
787.0 0.0004869373242399888
788.0 0.0007133711733331438
789.0 0.000617343130215886
790.0 0.0005213151325733634
791.0 0.0004575940238282783
792.0 0.00039387286960845813
793.0 0.000530429770151386
794.0 0.0006669864887953736
795.0 0.000803841703600483
796.0 0.0009406968274561223
797.0 0.0005880167009308934
798.0 0.00023533661988039967
799.0 0.0005891915861866437
800.0 0.0009430465979676228
801.0 0.0005871592293260619
802.0 0.00023127181520976592
803.0 0.0004380608515930362
804.0 0.0006448498425015714
805.0 0.0007063237262627808
806.0 0.0007677975190745201
807.0 0.0005247937224339694
808.0 0.00028178985758131603
809.0 0.00010610983736114576
810.0 1.629248277089379e-10
811.0 0.0003639487431428279
812.0 0.0007974676009325776
813.0 0.0009652208063926082
814.0 0.0011329739209031686
815.0 0.0011197535059181973
816.0 0.0011065322723879945
817.0 0.0010446794476592913
818.0 0.0009828267138800584
819.0 0.0010022538845078088
820.0 0.0010216811460850295
821.0 0.000777265722717857
822.0 0.0005328502538759494
823.0 0.0004155180704401573
824.0 0.00029818600069120293
825.0 0.00043124446165165864
826.0 0.000564302990824217
827.0 0.0007323450518015306
828.0 0.0009003872037283145
829.0 0.00045051483539282344
830.0 6.425250997921239e-07
831.0 1.629248277089379e-10
832.0 1.629248277089379e-10
833.0 0.0003074936785196769
834.0 0.0007550606369477464
835.0 0.00018894261302193627
836.0 1.629248277089379e-10
837.0 1.629248277089379e-10
838.0 1.629248277089379e-10
839.0 0.00036038852613273775
840.0 0.0007790179552102927
841.0 0.001035828699968988
842.0 0.0012926394447276834
843.0 0.0010267773177474737
844.0 0.0007609149179188535
845.0 0.0007141842615965288
846.0 0.0006674536507489393
847.0 0.000859951524034841
848.0 0.0010524494427954778
849.0 0.0008759990123508032
850.0 0.0006995481726335129
851.0 0.000928325425775256
852.0 0.001157102633442264
853.0 0.0005280615368974395
854.0 1.629248277089379e-10
855.0 1.629248277089379e-10
856.0 1.629248277089379e-10
857.0 0.0005555214102059836
858.0 0.0014714647477376275
859.0 0.0012473836250137538
860.0 0.0010233020475425292
861.0 0.0012682635315286461
862.0 0.0015132252883631736
863.0 0.0016331981896655634
864.0 0.0017531709090690129
865.0 0.0019050788978347555
866.0 0.002056986886600498
867.0 0.0027551419407245703
868.0 0.003453296812949702
869.0 0.003169810224790126
870.0 0.00288632363663055
871.0 0.003456531703704968
872.0 0.0040267394069815055
873.0 0.0030109731596894562
874.0 0.0019952070942963473
875.0 0.0025618513973313384
876.0 0.003128495518467389
