lsstCam/transmission_filter_detector/r24_s01/y_10/19700101T000000.ecsv
# %ECSV 1.0
# ---
# datatype:
# - {name: wavelength, unit: nm, datatype: float32}
# - {name: efficiency, unit: '%', datatype: float64}
# meta: !!omap
# - {MODE: DETECTOR}
# - {TYPE: transmission_filter_detector}
# - {CALIBDATE: '1970-01-01T00:00:00'}
# - {INSTRUME: LSSTCam}
# - {OBSTYPE: transmission_filter_detector}
# - {CALIBCLS: lsst.ip.isr.IntermediateFilterDetectorTransmissionCurve}
# - {SOURCE: Materion (DM-46256)}
# - {DETECTOR: 109}
# - {FILTER: y_10}
# - {CALIB_ID: 'calibDate=1970-01-01T00:00:00 filter=y_10 detector=109'}
# - {DATE: '2025-04-02T15:59:51.248236'}
# - {CALIB_CREATION_DATE: '2025-04-02'}
# - {CALIB_CREATION_TIME: '15:59:51'}
# - __serialized_columns__:
#     efficiency:
#       __class__: astropy.units.quantity.Quantity
#       unit: !astropy.units.Unit {unit: '%'}
#       value: !astropy.table.SerializedColumn {name: efficiency}
#     wavelength:
#       __class__: astropy.units.quantity.Quantity
#       unit: !astropy.units.Unit {unit: nm}
#       value: !astropy.table.SerializedColumn {name: wavelength}
# schema: astropy-2.0
wavelength efficiency
[from data line 578]
878.0 0.0009001965736388229
879.0 0.0018054362953989767
880.0 0.07326198974624276
881.0 0.09440038120374084
882.0 0.06309340242296457
883.0 0.09451237274333835
884.0 0.057046778965741396
885.0 0.09987317025661469
886.0 0.06814209627918899
887.0 0.09820529958233237
888.0 0.06514785345643759
889.0 0.10524806566536427
890.0 0.06828369223512709
891.0 0.10594775667414069
892.0 0.06621037609875202
893.0 0.09848162299022079
894.0 0.07189179304987192
895.0 0.09347365703433752
896.0 0.07483608787879348
897.0 0.11068460298702121
898.0 0.07672251667827368
899.0 0.11449401499703526
900.0 0.09009104105643928
901.0 0.12963948538526893
902.0 0.1414972124621272
903.0 0.13685609446838498
904.0 0.17026419518515468
905.0 0.20340012852102518
906.0 0.2411828376352787
907.0 0.2965959021821618
908.0 0.36913705989718437
909.0 0.4961279686540365
910.0 0.6726846564561129
911.0 0.9390159510076046
912.0 1.3732039369642735
913.0 2.048679441213608
914.0 2.8939105570316315
915.0 4.211348295211792
916.0 5.881226435303688
917.0 7.821729779243469
918.0 10.135912150144577
919.0 12.45531141757965
920.0 15.623626112937927
921.0 18.901529908180237
922.0 22.10835963487625
923.0 25.816208124160767
924.0 29.81242835521698
925.0 34.318700432777405
926.0 39.86338675022125
927.0 46.04237973690033
928.0 51.71581506729126
929.0 58.04169774055481
930.0 63.904255628585815
931.0 69.87835168838501
932.0 75.6412923336029
933.0 80.85951209068298
934.0 84.99322533607483
935.0 88.10694217681885
936.0 90.71597456932068
937.0 92.65522956848145
938.0 94.0182626247406
939.0 94.8771059513092
940.0 95.37584781646729
941.0 95.77507972717285
942.0 96.10836505889893
943.0 96.31929397583008
944.0 96.71136736869812
945.0 96.80896401405334
946.0 96.9762921333313
947.0 97.0585823059082
948.0 97.16346263885498
949.0 97.07010984420776
950.0 97.18142747879028
951.0 97.1955418586731
952.0 97.20390439033508
953.0 97.34951257705688
954.0 97.44967818260193
955.0 97.49351143836975
956.0 97.67512679100037
957.0 97.89453744888306
958.0 98.07310104370117
959.0 98.20942282676697
960.0 98.34667444229126
961.0 98.43086004257202
962.0 98.55875968933105
963.0 98.60950708389282
964.0 98.6513078212738
965.0 98.68634939193726
966.0 98.73132705688477
967.0 98.87124300003052
968.0 98.82615208625793
969.0 98.84302020072937
970.0 98.8969087600708
971.0 98.93455505371094
972.0 98.96148443222046
973.0 99.04913902282715
974.0 99.05608892440796
975.0 99.05839562416077
976.0 99.09975528717041
977.0 99.0859866142273
978.0 99.11196827888489
979.0 99.10249710083008
980.0 99.0793526172638
981.0 99.00933504104614
982.0 98.95448684692383
983.0 99.00684952735901
984.0 98.93465042114258
985.0 98.92814755439758
986.0 98.81200194358826
987.0 98.8685667514801
988.0 98.75032305717468
989.0 98.73180389404297
990.0 98.69446754455566
991.0 98.66372346878052
992.0 98.76487851142883
993.0 98.71130585670471
994.0 98.67047071456909
995.0 98.67787957191467
996.0 98.66176247596741
997.0 98.78658056259155
998.0 98.79947304725647
999.0 98.8497257232666
1000.0 98.90643954277039
1001.0 98.86730313301086
1002.0 98.98320436477661
1003.0 99.00813102722168
1004.0 99.09408688545227
1005.0 99.03116822242737
1006.0 99.15750026702881
1007.0 99.17963743209839
1008.0 99.14544224739075
1009.0 99.093759059906
1010.0 99.13631677627563
1011.0 99.14470911026001
1012.0 99.06811118125916
1013.0 99.043208360672
1014.0 99.03793931007385
1015.0 99.03199672698975
1016.0 98.96813035011292
1017.0 98.99987578392029
1018.0 99.01587963104248
1019.0 98.93757104873657
1020.0 98.98831248283386
1021.0 99.08764362335205
1022.0 98.99251461029053
1023.0 98.99018406867981
1024.0 99.01391863822937
1025.0 98.94611835479736
1026.0 99.01483654975891
1027.0 99.1291880607605
1028.0 99.07897114753723
1029.0 99.15224313735962
1030.0 99.17547106742859
1031.0 99.12607669830322
1032.0 99.19797778129578
1033.0 99.1029679775238
1034.0 99.16565418243408
1035.0 99.16269779205322
1036.0 99.12918210029602
1037.0 99.13783073425293
1038.0 99.11693334579468
1039.0 99.06085133552551
1040.0 99.00136590003967
1041.0 99.07352924346924
1042.0 99.03820753097534
1043.0 98.9662766456604
1044.0 99.07135963439941
1045.0 98.7728476524353
1046.0 98.94811511039734
1047.0 98.89499545097351
1048.0 98.9132285118103
1049.0 98.8260805606842
1050.0 98.80271553993225
1051.0 98.79727959632874
1052.0 98.80220293998718
1053.0 98.70585203170776
1054.0 98.85269403457642
1055.0 99.05197620391846
1056.0 98.93015027046204
1057.0 98.91972541809082
1058.0 98.79035353660583
1059.0 98.81260395050049
1060.0 99.03193712234497
1061.0 98.85725975036621
1062.0 98.87847900390625
1063.0 98.89587163925171
1064.0 99.09452795982361
1065.0 98.89742732048035
1066.0 99.0610420703888
1067.0 98.95758628845215
1068.0 99.01723265647888
1069.0 98.8040566444397
1070.0 99.26926493644714
1071.0 98.91221523284912
1072.0 99.0683376789093
1073.0 99.13140535354614
1074.0 98.80905747413635
1075.0 98.76906871795654
1076.0 98.54995012283325
1077.0 98.84061813354492
1078.0 99.0269124507904
1079.0 98.70507717132568
1080.0 99.35571551322937
1081.0 98.67759346961975
1082.0 98.5334575176239
1083.0 98.59650135040283
1084.0 98.93020391464233
1085.0 98.88663291931152
1086.0 98.66988062858582
1087.0 98.81954193115234
1088.0 98.6371099948883
1089.0 98.61263632774353
1090.0 98.8431990146637
1091.0 98.75061511993408
1092.0 98.72344136238098
1093.0 98.49138259887695
1094.0 98.46562147140503
1095.0 98.25991988182068
1096.0 98.5328197479248
1097.0 98.3089029788971
1098.0 97.84408807754517
1099.0 98.45474362373352
1100.0 98.17873239517212
