lsstCam/transmission_filter_detector/r20_s01/i_39/19700101T000000.ecsv
# %ECSV 1.0
# ---
# datatype:
# - {name: wavelength, unit: nm, datatype: float32}
# - {name: efficiency, unit: '%', datatype: float64}
# meta: !!omap
# - {MODE: DETECTOR}
# - {TYPE: transmission_filter_detector}
# - {CALIBDATE: '1970-01-01T00:00:00'}
# - {INSTRUME: LSSTCam}
# - {OBSTYPE: transmission_filter_detector}
# - {CALIBCLS: lsst.ip.isr.IntermediateFilterDetectorTransmissionCurve}
# - {SOURCE: Materion (DM-46256)}
# - {DETECTOR: 73}
# - {FILTER: i_39}
# - {CALIB_ID: 'calibDate=1970-01-01T00:00:00 filter=i_39 detector=73'}
# - {DATE: '2025-04-02T15:59:46.817325'}
# - {CALIB_CREATION_DATE: '2025-04-02'}
# - {CALIB_CREATION_TIME: '15:59:46'}
# - __serialized_columns__:
#     efficiency:
#       __class__: astropy.units.quantity.Quantity
#       unit: !astropy.units.Unit {unit: '%'}
#       value: !astropy.table.SerializedColumn {name: efficiency}
#     wavelength:
#       __class__: astropy.units.quantity.Quantity
#       unit: !astropy.units.Unit {unit: nm}
#       value: !astropy.table.SerializedColumn {name: wavelength}
# schema: astropy-2.0
wavelength efficiency
[from data line 600]
900.0 1.644547453945322e-10
901.0 1.644547453945322e-10
902.0 1.644547453945322e-10
903.0 1.644547453945322e-10
904.0 1.644547453945322e-10
905.0 1.644547453945322e-10
906.0 1.644547453945322e-10
907.0 7.647733468729712e-05
908.0 0.00021010339423810365
909.0 1.644547453945322e-10
910.0 1.644547453945322e-10
911.0 1.644547453945322e-10
912.0 3.6778635603695875e-05
913.0 7.46970840737049e-05
914.0 0.00011261555528108147
915.0 1.644547453945322e-10
916.0 1.644547453945322e-10
917.0 1.644547453945322e-10
918.0 1.644547453945322e-10
919.0 1.644547453945322e-10
920.0 1.644547453945322e-10
921.0 2.8442994448596437e-05
922.0 7.630765139765572e-05
923.0 1.644547453945322e-10
924.0 1.644547453945322e-10
925.0 0.000102364231224783
926.0 0.000349203924088215
927.0 8.937171287470846e-05
928.0 1.644547453945322e-10
929.0 1.3238908991297649e-05
930.0 0.0001969382992683677
931.0 0.00012390278243401553
932.0 5.086725991532148e-05
933.0 8.115708851619274e-05
934.0 0.00011144693417008966
935.0 1.644547453945322e-10
936.0 1.644547453945322e-10
937.0 1.644547453945322e-10
938.0 1.644547453945322e-10
939.0 1.644547453945322e-10
940.0 1.644547453945322e-10
941.0 1.644547453945322e-10
942.0 1.644547453945322e-10
943.0 1.644547453945322e-10
944.0 1.644547453945322e-10
945.0 1.644547453945322e-10
946.0 1.644547453945322e-10
947.0 1.644547453945322e-10
948.0 1.644547453945322e-10
949.0 1.644547453945322e-10
950.0 1.644547453945322e-10
951.0 1.644547453945322e-10
952.0 1.644547453945322e-10
953.0 1.644547453945322e-10
954.0 1.644547453945322e-10
955.0 5.3317040737965726e-05
956.0 0.00030472688195004594
957.0 0.0001567177150718635
958.0 8.708546772595582e-06
959.0 6.580347076123871e-05
960.0 0.00012289839332879637
961.0 0.0001695372588983446
962.0 0.00021617613583657658
963.0 0.00010819536555572995
964.0 2.14620188287995e-07
965.0 1.644547453945322e-10
966.0 1.644547453945322e-10
967.0 1.644547453945322e-10
968.0 1.644547453945322e-10
969.0 1.644547453945322e-10
970.0 2.170446293803252e-05
971.0 1.644547453945322e-10
972.0 1.644547453945322e-10
973.0 1.644547453945322e-10
974.0 4.3616534384227634e-06
975.0 1.644547453945322e-10
976.0 1.644547453945322e-10
977.0 1.644547453945322e-10
978.0 1.644547453945322e-10
979.0 1.644547453945322e-10
980.0 1.644547453945322e-10
981.0 1.644547453945322e-10
982.0 1.644547453945322e-10
983.0 1.644547453945322e-10
984.0 1.644547453945322e-10
985.0 0.00011239993682465865
986.0 0.0002359434574827901
987.0 3.681792293264152e-05
988.0 1.644547453945322e-10
989.0 1.644547453945322e-10
990.0 1.644547453945322e-10
991.0 1.644547453945322e-10
992.0 1.644547453945322e-10
993.0 1.644547453945322e-10
994.0 2.9084623065500637e-05
995.0 1.644547453945322e-10
996.0 1.644547453945322e-10
997.0 7.12392363766412e-05
998.0 0.00039709593693260103
999.0 0.00034671877529035555
1000.0 0.000296341568173375
1001.0 0.00016292393638650537
1002.0 2.9506244914045965e-05
1003.0 0.0001194714513985673
1004.0 0.00020943666640960146
1005.0 1.644547453945322e-10
1006.0 1.644547453945322e-10
1007.0 1.644547453945322e-10
1008.0 0.00016465392036479898
1009.0 9.42724796004768e-05
1010.0 2.389097346622293e-05
1011.0 0.00014242715451473487
1012.0 0.0002609633156680502
1013.0 0.0003833766641037073
1014.0 0.0005057900580140995
1015.0 0.00044496377995528746
1016.0 0.0003841375928459456
1017.0 0.0004196256668365095
1018.0 0.0004551138772512786
1019.0 0.0004064284439664334
1020.0 0.000357742919732118
1021.0 0.00032790721888886765
1022.0 0.00029807144983351463
1023.0 0.0006110808953962987
1024.0 0.0009240903636964504
1025.0 0.0007213996468635742
1026.0 0.000518708975505433
1027.0 0.00042509832383075263
1028.0 0.0003314876721560722
1029.0 0.0008164242899511009
1030.0 0.0013013608622713946
1031.0 0.0018504868421587162
1032.0 0.002399612458248157
1033.0 0.0025871320758596994
1034.0 0.0027746511477744207
1035.0 0.003289362939540297
1036.0 0.003804074367508292
1037.0 0.0038046833651605994
1038.0 0.003805291999015026
1039.0 0.0032215866667684168
1040.0 0.002637881880218629
1041.0 0.002031203985097818
1042.0 0.0014245261809264775
1043.0 0.002098472759826109
1044.0 0.00277241924777627
1045.0 0.003242168895667419
1046.0 0.003711919271154329
1047.0 0.0034274904464837164
1048.0 0.003143061258015223
1049.0 0.002626123205118347
1050.0 0.0021091849703225307
1051.0 0.002333556767553091
1052.0 0.002557928928581532
1053.0 0.0017277186998398975
1054.0 0.0008975083801487926
1055.0 0.0008111532224575058
1056.0 0.0007247979738167487
1057.0 0.0007292210739251459
1058.0 0.0007336443559324834
1059.0 0.0007847759661672171
1060.0 0.0008359079401998315
1061.0 0.0016038613466662355
1062.0 0.0023718146621831693
1063.0 0.0027779142328654416
1064.0 0.0031840139854466543
1065.0 0.0033374231861671433
1066.0 0.003490832750685513
1067.0 0.004365161657915451
1068.0 0.005239490928943269
1069.0 0.0041482180677121505
1070.0 0.0030569455702789128
1071.0 0.0028246906367712654
1072.0 0.0025924353394657373
1073.0 0.002805990880005993
1074.0 0.003019546056748368
1075.0 0.003023019053216558
1076.0 0.003026491503987927
1077.0 0.002482104900991544
1078.0 0.0019377179341972806
1079.0 0.002063631654891651
1080.0 0.0021895453755860217
1081.0 0.0013875001968699507
1082.0 0.0005854548817296745
1083.0 1.644547453945322e-10
1084.0 1.644547453945322e-10
1085.0 1.644547453945322e-10
1086.0 0.0006250504611671204
1087.0 0.0010363732144469395
1088.0 0.001447696104150964
1089.0 1.644547453945322e-10
1090.0 1.644547453945322e-10
1091.0 1.644547453945322e-10
1092.0 1.644547453945322e-10
1093.0 1.644547453945322e-10
1094.0 0.0005546960892388597
1095.0 1.644547453945322e-10
1096.0 1.644547453945322e-10
1097.0 1.644547453945322e-10
1098.0 1.644547453945322e-10
1099.0 0.00017584558236194425
1100.0 0.0006552133072545985
