lsstCam/transmission_filter_detector/r20_s01/i_39/19700101T000000.ecsv
# %ECSV 1.0
# ---
# datatype:
# - {name: wavelength, unit: nm, datatype: float32}
# - {name: efficiency, unit: '%', datatype: float64}
# meta: !!omap
# - {MODE: DETECTOR}
# - {TYPE: transmission_filter_detector}
# - {CALIBDATE: '1970-01-01T00:00:00'}
# - {INSTRUME: LSSTCam}
# - {OBSTYPE: transmission_filter_detector}
# - {CALIBCLS: lsst.ip.isr.IntermediateFilterDetectorTransmissionCurve}
# - {SOURCE: Materion (DM-46256)}
# - {DETECTOR: 73}
# - {FILTER: i_39}
# - {CALIB_ID: 'calibDate=1970-01-01T00:00:00 filter=i_39 detector=73'}
# - {DATE: '2025-04-02T15:59:46.817325'}
# - {CALIB_CREATION_DATE: '2025-04-02'}
# - {CALIB_CREATION_TIME: '15:59:46'}
# - __serialized_columns__:
#     efficiency:
#       __class__: astropy.units.quantity.Quantity
#       unit: !astropy.units.Unit {unit: '%'}
#       value: !astropy.table.SerializedColumn {name: efficiency}
#     wavelength:
#       __class__: astropy.units.quantity.Quantity
#       unit: !astropy.units.Unit {unit: nm}
#       value: !astropy.table.SerializedColumn {name: wavelength}
# schema: astropy-2.0
wavelength efficiency
300.0 0.07819490856491029
301.0 0.03721604589372873
302.0 1.644547453945322e-10
303.0 0.02094125811709091
304.0 0.04564530390780419
305.0 0.038270713412202895
306.0 0.030896125826984644
307.0 0.014564572484232485
308.0 1.644547453945322e-10
309.0 1.644547453945322e-10
310.0 1.644547453945322e-10
311.0 1.644547453945322e-10
312.0 0.0007854258910811041
313.0 1.644547453945322e-10
314.0 1.644547453945322e-10
315.0 1.644547453945322e-10
316.0 1.644547453945322e-10
317.0 1.644547453945322e-10
318.0 1.644547453945322e-10
319.0 1.644547453945322e-10
320.0 1.644547453945322e-10
321.0 1.644547453945322e-10
322.0 1.644547453945322e-10
323.0 1.644547453945322e-10
324.0 1.644547453945322e-10
325.0 1.644547453945322e-10
326.0 1.644547453945322e-10
327.0 0.00017867329233922646
328.0 0.003143400317640044
329.0 0.0019884737412212417
330.0 0.0008335478014487308
331.0 0.0018835191440302879
332.0 0.002933490941359196
333.0 0.002522668546589557
334.0 0.002111845424224157
335.0 0.0019507640899973921
336.0 0.0017896834833663888
337.0 0.002572167977632489
338.0 0.003354652289999649
339.0 0.003150973134324886
340.0 0.0029472943424480036
341.0 0.00034438487546140095
342.0 1.644547453945322e-10
343.0 1.644547453945322e-10
344.0 1.644547453945322e-10
345.0 1.644547453945322e-10
346.0 1.644547453945322e-10
347.0 1.644547453945322e-10
348.0 1.644547453945322e-10
349.0 1.644547453945322e-10
350.0 0.0005575556770054391
351.0 0.0004945935870637186
352.0 0.0004316316335462034
353.0 1.644547453945322e-10
354.0 1.644547453945322e-10
355.0 1.644547453945322e-10
356.0 1.644547453945322e-10
357.0 0.0006529581696668174
358.0 0.0016663214410073124
359.0 0.0014931863915990107
360.0 0.001320050796493888
361.0 0.0009160480658465531
362.0 0.0005120452442497481
363.0 0.0003942819603253156
364.0 0.00027651869913825067
365.0 0.0012217586117913015
366.0 0.002166999001929071
367.0 0.0012707266250799876
368.0 0.0003744544301298447
369.0 0.0005991297257423867
370.0 0.0008238051123043988
371.0 0.0009674603461462539
372.0 0.0011111153980891686
373.0 0.0010079281310027
374.0 0.000904740682017291
375.0 0.0002604529299787828
376.0 1.644547453945322e-10
377.0 1.644547453945322e-10
378.0 1.644547453945322e-10
379.0 1.644547453945322e-10
380.0 1.644547453945322e-10
381.0 1.644547453945322e-10
382.0 1.644547453945322e-10
383.0 0.00039908563849166967
384.0 0.0015627269021933898
385.0 0.0012754990166286007
386.0 0.0009882709491648711
387.0 1.644547453945322e-10
388.0 1.644547453945322e-10
389.0 1.644547453945322e-10
390.0 1.644547453945322e-10
391.0 1.644547453945322e-10
392.0 1.644547453945322e-10
393.0 9.954001143341884e-05
394.0 0.0005167952167539624
395.0 1.644547453945322e-10
396.0 1.644547453945322e-10
397.0 1.644547453945322e-10
398.0 1.644547453945322e-10
399.0 3.2758475754235405e-05
400.0 0.00013613262126455083
401.0 1.644547453945322e-10
402.0 1.644547453945322e-10
403.0 0.0014324790754471906
404.0 0.0032794621802167967
405.0 0.004333601464168169
406.0 0.00538774038432166
407.0 0.002357949961151462
408.0 1.644547453945322e-10
409.0 1.644547453945322e-10
410.0 0.0003770699777305708
411.0 0.0034568955015856773
412.0 0.006536722503369674
413.0 0.005667519144481048
414.0 0.004798317240783945
415.0 0.004945653927279636
416.0 0.005092990613775328
417.0 0.003366091550560668
418.0 0.001639192305447068
419.0 0.003771784031414427
420.0 0.005904375211684965
421.0 0.005425865310826339
422.0 0.004947354682371952
423.0 0.004491933214012533
424.0 0.0040365113818552345
425.0 0.0038183257856871933
426.0 0.0036001394619233906
427.0 0.0042151175875915214
428.0 0.004830096077057533
429.0 0.00510084028064739
430.0 0.005371585211833008
431.0 0.004055587851325981
432.0 0.0027395908546168357
433.0 0.0034615462936926633
434.0 0.00418350136897061
435.0 0.003245500920456834
436.0 0.0023075001081451774
437.0 0.0018547325453255326
438.0 0.001401965073455358
439.0 0.002087398934236262
440.0 0.0027728330678655766
441.0 0.0012248677194293123
442.0 1.644547453945322e-10
443.0 1.644547453945322e-10
444.0 1.644547453945322e-10
445.0 1.644547453945322e-10
446.0 1.644547453945322e-10
447.0 1.644547453945322e-10
448.0 1.644547453945322e-10
449.0 1.644547453945322e-10
450.0 1.644547453945322e-10
451.0 1.644547453945322e-10
452.0 0.0006404614396160468
453.0 0.0012801231605408248
454.0 0.0019197852452634834
455.0 0.0019881919797626324
456.0 0.0020565988961607218
457.0 0.0013716585272049997
458.0 0.0006867180672998074
459.0 0.0002350295062569785
460.0 1.644547453945322e-10
461.0 0.00020344418771856
462.0 0.0006235475211724406
463.0 0.0002306476517333067
464.0 1.644547453945322e-10
465.0 0.0001771095412550494
466.0 0.000516471300215926
467.0 0.000742058182368055
468.0 0.000967645064520184
469.0 0.0005703218448616099
470.0 0.00017299872752118972
471.0 0.0003180326984875137
472.0 0.00046306672629725654
473.0 0.0008788043487584218
474.0 0.0012945421076437924
475.0 0.0006737754119967576
476.0 5.3008966460765805e-05
477.0 0.0003599907358875498
478.0 0.0006669725735264365
479.0 0.0007826607543393038
480.0 0.0008983489351521712
481.0 0.00235746156249661
482.0 0.0038165730074979365
483.0 0.005134095408720896
484.0 0.006451617809943855
485.0 0.0065397478465456516
486.0 0.00662787861074321
487.0 0.00973993373918347
488.0 0.012851989595219493
489.0 0.01624660799279809
490.0 0.019641226390376687
491.0 0.022293964866548777
492.0 0.024946703342720866
493.0 0.027329791919328272
494.0 0.02971288049593568
495.0 0.026933391927741468
496.0 0.02415389899397269
497.0 0.01928817218868062
498.0 0.014422446838580072
499.0 0.010381164611317217
500.0 0.006339883839245886
501.0 0.004565832205116749
502.0 0.0027917812985833734
503.0 0.0023626065740245394
504.0 0.0019334314856678247
505.0 0.001797253207769245
506.0 0.001661074929870665
507.0 0.0018455177269061096
508.0 0.0020299601601436734
509.0 0.0021835125153302215
510.0 0.00233706505241571
511.0 0.001964289003808517
512.0 0.0015915127733023837
513.0 0.001682911897660233
514.0 0.0017743106582202017
515.0 0.002279428008478135
516.0 0.002784545358736068
517.0 0.0023357490135822445
518.0 0.0018869528503273614
519.0 0.002029310053330846
520.0 0.0021716674382332712
521.0 0.0018168386304751039
522.0 0.0014620101865148172
523.0 0.0014869398000882939
524.0 0.001511869686510181
525.0 0.0019477853129501455
526.0 0.0023837006665416993
527.0 0.0024480214051436633
528.0 0.002512341961846687
529.0 0.0024353146727662534
530.0 0.00235828738368582
531.0 0.002277826024510432
532.0 0.0021973646653350443
533.0 0.001956350388354622
534.0 0.0017153362932731397
535.0 0.0018281873053638265
536.0 0.0019410384993534535
537.0 0.0024562586986576207
538.0 0.0029714787160628475
539.0 0.0035400847991695628
540.0 0.004108691427973099
541.0 0.004687496038968675
542.0 0.005266301013762131
543.0 0.005118923945701681
544.0 0.0049715472414391115
545.0 0.004117872231290676
546.0 0.003264198312535882
547.0 0.002626087734824978
548.0 0.0019879771571140736
549.0 0.0018308832295588218
550.0 0.0016737896658014506
551.0 0.00142417866300093
552.0 0.0011745679330488201
553.0 0.0015477347915293649
554.0 0.0019209017409593798
555.0 0.0014885549717291724
556.0 0.0010562080206000246
557.0 0.000869541872816626
558.0 0.0006828758159826975
559.0 0.0002110658442688873
560.0 1.644547453945322e-10
561.0 0.0005596124083240284
562.0 0.00137996912599192
563.0 0.0015317584256990813
564.0 0.001683547998254653
565.0 0.0013460524314723443
566.0 0.0010085568646900356
567.0 0.0009030992259795312
568.0 0.0007976415872690268
569.0 0.0008053917554207146
570.0 0.0008131418326229323
571.0 0.0005386956672737142
572.0 0.00026424945644976106
573.0 0.00037192787658568705
574.0 0.0004796063421963481
575.0 0.00044101298044552095
576.0 0.0004024195277452236
577.0 0.0005120577498018974
578.0 0.0006216959263838362
579.0 0.00031579418191540753
580.0 9.89247013194472e-06
581.0 7.923566158751782e-05
582.0 0.00014857886299068923
583.0 0.00033391365832358133
584.0 0.0005192483513383195
585.0 0.0006939517334103584
586.0 0.0008686552064318676
587.0 0.0008260429240181111
588.0 0.0007834306416043546
589.0 0.0006860773737571435
590.0 0.0005887241059099324
591.0 0.0007979310794326011
592.0 0.0010071382348542102
593.0 0.0006576669420610415
594.0 0.0003081956492678728
595.0 0.000556033592147287
596.0 0.0008038713531277608
597.0 0.0006579920864169253
598.0 0.00051211291065556
599.0 0.0004711668225354515
600.0 0.00043022064346587285
601.0 0.0003824837676802417
602.0 0.0003347468009451404
603.0 0.0002937813405878842
604.0 0.0002528157438064227
605.0 0.00020095853869861457
606.0 0.0001491013222221227
607.0 0.00038434500311268494
608.0 0.0006195885816850932
609.0 0.0004924449967802502
610.0 0.00036530118450173177
611.0 0.0006164782007545
612.0 0.0008676553079567384
613.0 0.0005754639914812287
614.0 0.0002832728341672919
615.0 3.833763742022711e-05
616.0 1.644547453945322e-10
617.0 2.3146107253069204e-05
618.0 0.0002528898903619847
619.0 0.00032547427508689
620.0 0.00039805872802389786
621.0 0.0005195821813686052
622.0 0.0006411056347133126
623.0 0.0005876535396964755
624.0 0.0005342015356291085
625.0 0.00046035343075345736
626.0 0.00038650537135254126
627.0 0.0002854353169823298
628.0 0.00018436523987475084
629.0 0.0003860254309984157
630.0 0.0005876856448594481
631.0 0.0005367304311221233
632.0 0.00048577521738479845
633.0 0.0004472647106013028
634.0 0.00040875411286833696
635.0 0.00039216251934703905
636.0 0.0003755707894015359
637.0 0.00036480423659668304
638.0 0.00035403754736762494
639.0 0.0006138469416328007
640.0 0.0008736562449485064
641.0 0.0006324568857962731
642.0 0.000391257572118775
643.0 0.0005964495812804671
644.0 0.0008016416359168943
645.0 0.0007558377092209412
646.0 0.0007100338734744582
647.0 0.000771861868997803
648.0 0.0008336902283190284
649.0 0.0006967736680962844
650.0 0.0005598571533482755
651.0 0.00078071971074678
652.0 0.0010015824045694899
653.0 0.0011397192793083377
654.0 0.0012778560630977154
655.0 0.0018448934497428127
656.0 0.0024119306544889696
657.0 0.003373425715835765
658.0 0.004334919867687859
659.0 0.006958234735066071
660.0 0.06871700752526522
661.0 0.11074889916926622
662.0 0.11699054157361388
663.0 0.12612416176125407
664.0 0.0824236951302737
665.0 0.1357511500827968
666.0 0.11359439231455326
667.0 0.14099556719884276
668.0 0.1784960739314556
669.0 0.24605672806501389
670.0 0.33581117168068886
671.0 0.48716473393142223
672.0 0.7561156991869211
673.0 1.1535976082086563
674.0 1.795695535838604
675.0 2.599191293120384
676.0 3.6449041217565536
677.0 4.92166131734848
678.0 6.239808350801468
679.0 7.63789564371109
680.0 9.372477978467941
681.0 11.365228146314621
682.0 13.851656019687653
683.0 16.566753387451172
684.0 19.51478272676468
685.0 22.395281493663788
686.0 25.4075825214386
687.0 28.630414605140686
688.0 31.83872401714325
689.0 35.08838713169098
690.0 38.75797688961029
691.0 42.73146986961365
692.0 47.47609496116638
693.0 52.50778794288635
694.0 58.32294821739197
695.0 63.911205530166626
696.0 70.11045217514038
697.0 75.75317621231079
698.0 81.9362998008728
699.0 86.63253784179688
700.0 90.36235213279724
701.0 93.41765642166138
702.0 95.5143392086029
703.0 96.75814509391785
704.0 97.36576080322266
705.0 97.82993793487549
706.0 97.88199663162231
707.0 98.03926944732666
708.0 98.12317490577698
709.0 98.13302159309387
710.0 97.91033864021301
711.0 98.09732437133789
712.0 97.98961877822876
713.0 98.04494976997375
714.0 98.14790487289429
715.0 98.16089272499084
716.0 98.03231358528137
717.0 98.30589890480042
718.0 98.33788871765137
719.0 98.32713007926941
720.0 98.54782819747925
721.0 98.49985837936401
722.0 98.25925827026367
723.0 97.94255495071411
724.0 97.62336015701294
725.0 97.36652970314026
726.0 97.06655144691467
727.0 96.81227207183838
728.0 96.51679396629333
729.0 96.3599681854248
730.0 96.3045060634613
731.0 96.3548481464386
732.0 96.33926153182983
733.0 96.63322567939758
734.0 96.99151515960693
735.0 97.20994830131531
736.0 97.64888286590576
737.0 97.99466133117676
738.0 98.31436276435852
739.0 98.701411485672
740.0 98.81631731987
741.0 98.69820475578308
742.0 98.98279905319214
743.0 98.88337850570679
744.0 98.67584705352783
745.0 98.64156246185303
746.0 98.6249327659607
747.0 98.84441494941711
748.0 98.7273097038269
749.0 98.62502217292786
750.0 98.59132766723633
751.0 98.47089648246765
752.0 98.43825697898865
753.0 98.65149259567261
754.0 98.52979183197021
755.0 98.74851107597351
756.0 98.79065752029419
757.0 98.73378276824951
758.0 98.84701371192932
759.0 98.8928496837616
760.0 98.72758984565735
761.0 98.64825010299683
762.0 98.72209429740906
763.0 98.65356683731079
764.0 98.55286478996277
765.0 98.49681258201599
766.0 98.53113293647766
767.0 98.42347502708435
768.0 98.3879566192627
769.0 98.49294424057007
770.0 98.21497797966003
771.0 98.26769828796387
772.0 98.27844500541687
773.0 98.13134670257568
774.0 98.05704355239868
775.0 98.14394116401672
776.0 97.97976613044739
777.0 98.03417325019836
778.0 98.05852174758911
779.0 98.10782074928284
780.0 97.9736328125
781.0 98.27343821525574
782.0 98.2004702091217
783.0 98.25817942619324
784.0 98.23614954948425
785.0 98.34925532341003
786.0 98.46042990684509
787.0 98.28281998634338
788.0 98.34590554237366
789.0 98.41938614845276
790.0 98.32070469856262
791.0 98.35783243179321
792.0 98.24936985969543
793.0 98.22573065757751
794.0 98.15419316291809
795.0 98.04821014404297
796.0 98.08187484741211
797.0 98.1600284576416
798.0 98.05191159248352
799.0 97.95867800712585
800.0 97.80484437942505
801.0 97.8864312171936
802.0 97.74753451347351
803.0 97.60231971740723
804.0 97.49781489372253
805.0 97.03448414802551
806.0 96.70794010162354
807.0 96.04964852333069
808.0 95.14520168304443
809.0 94.14248466491699
810.0 92.90496706962585
811.0 91.15647673606873
812.0 89.05545473098755
813.0 86.59163117408752
814.0 83.7097704410553
815.0 80.28334975242615
816.0 76.73099040985107
817.0 72.53800630569458
818.0 67.65815019607544
819.0 63.401806354522705
820.0 58.42518210411072
821.0 53.884583711624146
822.0 49.34188425540924
823.0 44.81300115585327
824.0 40.09422063827515
825.0 35.825204849243164
826.0 31.39244318008423
827.0 26.767829060554504
828.0 22.585520148277283
829.0 18.395468592643738
830.0 14.119687676429749
831.0 10.876502096652985
832.0 7.588599622249603
833.0 5.048773810267448
834.0 3.20931039750576
835.0 2.00106855481863
836.0 1.1673418805003166
837.0 0.674930727109313
838.0 0.384096777997911
839.0 0.2147157909348607
840.0 0.10643881978467107
841.0 0.06965476204641163
842.0 0.031864046468399465
843.0 0.02639694430399686
844.0 0.021594599820673466
845.0 1.644547453945322e-10
846.0 1.644547453945322e-10
847.0 1.644547453945322e-10
848.0 1.644547453945322e-10
849.0 1.644547453945322e-10
850.0 1.644547453945322e-10
851.0 1.644547453945322e-10
852.0 0.0012156155207776465
853.0 0.0014644379007222597
854.0 0.0017132606444647536
855.0 0.001148288902186323
856.0 0.0005833171599078923
857.0 0.0006364624368870864
858.0 0.0006896073955431348
859.0 0.0005243707164481748
860.0 0.00035913380997953936
861.0 0.0003604153334890725
862.0 0.000361696788786503
863.0 0.00019616700228652917
864.0 3.063724705043569e-05
865.0 7.787106959256107e-07
866.0 1.644547453945322e-10
867.0 5.619971261694445e-05
868.0 0.00014147927913654712
869.0 1.644547453945322e-10
870.0 1.644547453945322e-10
871.0 1.644547453945322e-10
872.0 0.0002365407226534444
873.0 0.0001942406925081741
874.0 0.0001519406282568525
875.0 0.00021864141217520228
876.0 0.00028534223019960336
877.0 1.1371946584404213e-05
878.0 1.644547453945322e-10
879.0 6.990829319875047e-05
880.0 0.00040241502574644983
881.0 0.00015279891840691562
882.0 1.644547453945322e-10
883.0 0.00011309660976621672
884.0 0.0003230103857276845
885.0 0.00010753362857940374
886.0 1.644547453945322e-10
887.0 9.018746283118162e-06
888.0 0.00012598064813573728
889.0 3.049536303478817e-05
890.0 1.644547453945322e-10
891.0 3.0224731517591863e-05
892.0 0.00012543933962660958
893.0 0.00022814547264715657
894.0 0.00033085157156165224
895.0 1.046694393380676e-05
896.0 1.644547453945322e-10
897.0 1.644547453945322e-10
898.0 3.3535425814079645e-05
