lsstCam/transmission_filter_detector/r11_s00/g_6/19700101T000000.ecsv
# %ECSV 1.0
# ---
# datatype:
# - {name: wavelength, unit: nm, datatype: float32}
# - {name: efficiency, unit: '%', datatype: float64}
# meta: !!omap
# - {MODE: DETECTOR}
# - {TYPE: transmission_filter_detector}
# - {CALIBDATE: '1970-01-01T00:00:00'}
# - {INSTRUME: LSSTCam}
# - {OBSTYPE: transmission_filter_detector}
# - {CALIBCLS: lsst.ip.isr.IntermediateFilterDetectorTransmissionCurve}
# - {SOURCE: Materion (DM-46256)}
# - {DETECTOR: 36}
# - {FILTER: g_6}
# - {CALIB_ID: 'calibDate=1970-01-01T00:00:00 filter=g_6 detector=36'}
# - {DATE: '2025-04-02T15:59:42.194179'}
# - {CALIB_CREATION_DATE: '2025-04-02'}
# - {CALIB_CREATION_TIME: '15:59:42'}
# - __serialized_columns__:
#     efficiency:
#       __class__: astropy.units.quantity.Quantity
#       unit: !astropy.units.Unit {unit: '%'}
#       value: !astropy.table.SerializedColumn {name: efficiency}
#     wavelength:
#       __class__: astropy.units.quantity.Quantity
#       unit: !astropy.units.Unit {unit: nm}
#       value: !astropy.table.SerializedColumn {name: wavelength}
# schema: astropy-2.0
wavelength efficiency
300.0 0.5146516021341085
301.0 0.37948882672935724
302.0 0.24432598147541285
303.0 0.21927303168922663
304.0 0.19422004697844386
305.0 0.20028282888233662
306.0 0.2063455991446972
307.0 0.21540040615946054
308.0 0.2244552131742239
309.0 0.22195992060005665
310.0 0.2194646978750825
311.0 0.21199150942265987
312.0 0.20451836753636599
313.0 0.2008551498875022
314.0 0.19719195552170277
315.0 0.18627383979037404
316.0 0.17535574734210968
317.0 0.1762173604220152
318.0 0.17707898514345288
319.0 0.1633550855331123
320.0 0.14963113935664296
321.0 0.14363351510837674
322.0 0.1376359025016427
323.0 0.1155197387561202
324.0 0.09340362157672644
325.0 0.08593332604505122
326.0 0.078463030513376
327.0 0.07158687221817672
328.0 0.06471071392297745
329.0 0.0614521442912519
330.0 0.05819356883876026
331.0 0.054606079356744885
332.0 0.05101858405396342
333.0 0.04718221025541425
334.0 0.04334583354648203
335.0 0.04215309745632112
336.0 0.04096035845577717
337.0 0.04167523002251983
338.0 0.04239009867887944
339.0 0.04088861751370132
340.0 0.0393871363485232
341.0 0.037698529195040464
342.0 0.03600992204155773
343.0 0.032663976890034974
344.0 0.029318034648895264
345.0 0.025848709628917277
346.0 0.0223793787881732
347.0 0.021046910842414945
348.0 0.01971444144146517
349.0 0.018025495228357613
350.0 0.734928110614419
351.0 0.9495706297457218
352.0 0.6606954615563154
353.0 0.7177121937274933
354.0 0.5848018452525139
355.0 0.8382863365113735
356.0 0.8850811049342155
357.0 0.607497151941061
358.0 0.3857268253341317
359.0 0.7873294875025749
360.0 0.5935391411185265
361.0 0.7734575774520636
362.0 0.5116451531648636
363.0 0.8664876222610474
364.0 0.5828371737152338
365.0 0.7610993925482035
366.0 0.45432797633111477
367.0 0.6887696217745543
368.0 0.39666853845119476
369.0 0.6018711719661951
370.0 0.41433623991906643
371.0 0.5773590877652168
372.0 0.4114873241633177
373.0 0.5845093633979559
374.0 0.4179749172180891
375.0 0.5125733092427254
376.0 0.32229910138994455
377.0 0.5303863901644945
378.0 0.42868945747613907
379.0 0.49200868234038353
380.0 0.39391620084643364
381.0 0.5380553659051657
382.0 0.5274456925690174
383.0 0.5998669192194939
384.0 0.5780640058219433
385.0 0.5549984518438578
386.0 0.6410982925444841
387.0 0.715157762169838
388.0 0.9386058896780014
389.0 1.1430658400058746
390.0 1.6934383660554886
391.0 2.5719156488776207
392.0 4.140625894069672
393.0 6.557605415582657
394.0 9.875461459159851
395.0 14.478698372840881
396.0 20.114190876483917
397.0 27.234816551208496
398.0 35.65269410610199
399.0 44.823360443115234
400.0 54.24104928970337
401.0 63.241857290267944
402.0 71.7431366443634
403.0 78.9534330368042
404.0 84.34264659881592
405.0 88.36529850959778
406.0 90.56854844093323
407.0 92.33790636062622
408.0 93.42418909072876
409.0 93.88320446014404
410.0 94.05533075332642
411.0 93.97925734519958
412.0 93.64039897918701
413.0 93.41298341751099
414.0 93.26037168502808
415.0 93.36832165718079
416.0 93.74138116836548
417.0 94.06707286834717
418.0 94.50332522392273
419.0 95.07572650909424
420.0 95.64184546470642
421.0 96.16615176200867
422.0 96.4228868484497
423.0 96.57506346702576
424.0 96.43425941467285
425.0 96.33390307426453
426.0 96.33789658546448
427.0 96.35820388793945
428.0 96.18027806282043
429.0 96.02634906768799
430.0 95.86817622184753
431.0 95.93237638473511
432.0 95.9223747253418
433.0 96.02202773094177
434.0 96.13369703292847
435.0 96.26056551933289
436.0 96.27602696418762
437.0 96.30436301231384
438.0 96.36619687080383
439.0 96.45189642906189
440.0 96.40271067619324
441.0 96.52910828590393
442.0 96.51265144348145
443.0 96.4833915233612
444.0 96.49220705032349
445.0 96.2256908416748
446.0 96.09423875808716
447.0 95.79498767852783
448.0 95.80159783363342
449.0 95.99350094795227
450.0 96.22668027877808
451.0 96.466463804245
452.0 96.59834504127502
453.0 96.73217535018921
454.0 96.76685333251953
455.0 97.09790349006653
456.0 97.21174240112305
457.0 97.3257303237915
458.0 97.32370972633362
459.0 97.34659194946289
460.0 97.42375016212463
461.0 97.50818610191345
462.0 97.46553301811218
463.0 97.33589291572571
464.0 97.48950600624084
465.0 97.42797017097473
466.0 97.39313125610352
467.0 97.37372994422913
468.0 97.42575287818909
469.0 97.4570095539093
470.0 97.32902646064758
471.0 97.2040593624115
472.0 97.24630117416382
473.0 97.15521931648254
474.0 97.0674455165863
475.0 97.09562063217163
476.0 97.10168242454529
477.0 97.15027213096619
478.0 97.2445547580719
479.0 97.20156788825989
480.0 97.3728597164154
481.0 97.46357202529907
482.0 97.66200184822083
483.0 97.5598692893982
484.0 97.75996208190918
485.0 97.76909947395325
486.0 97.7819561958313
487.0 97.84052968025208
488.0 97.8314459323883
489.0 97.96674847602844
490.0 97.88243770599365
491.0 97.92889356613159
492.0 97.85479307174683
493.0 97.84640669822693
494.0 97.82509207725525
495.0 97.87418246269226
496.0 97.69905805587769
497.0 97.66705632209778
498.0 97.43403792381287
499.0 97.4909782409668
500.0 97.41141200065613
501.0 97.38473892211914
502.0 97.28440046310425
503.0 97.4313735961914
504.0 97.26161360740662
505.0 97.29613065719604
506.0 97.34857082366943
507.0 97.23997712135315
508.0 97.25165963172913
509.0 97.26353883743286
510.0 97.19190001487732
511.0 97.1382737159729
512.0 97.07208275794983
513.0 97.1862256526947
514.0 97.10609912872314
515.0 97.12378978729248
516.0 97.24817872047424
517.0 97.26154804229736
518.0 97.35296368598938
519.0 97.36175537109375
520.0 97.38621711730957
521.0 97.50027060508728
522.0 97.52605557441711
523.0 97.52036333084106
524.0 97.53136038780212
525.0 97.48920202255249
526.0 97.58764505386353
527.0 97.60547876358032
528.0 97.71372675895691
529.0 97.76474237442017
530.0 97.77948260307312
531.0 97.91240692138672
532.0 97.76211977005005
533.0 97.82130122184753
534.0 97.78331518173218
535.0 97.60138988494873
536.0 97.31926321983337
537.0 96.80257439613342
538.0 96.13995552062988
539.0 94.77518200874329
540.0 93.14987063407898
541.0 90.66473841667175
542.0 87.98322677612305
543.0 84.44865345954895
544.0 79.91058826446533
545.0 75.89644193649292
546.0 70.99617123603821
547.0 66.41957759857178
548.0 61.83943748474121
549.0 57.70308971405029
550.0 54.458457231521606
551.0 51.29011273384094
552.0 48.90260994434357
553.0 46.39817476272583
554.0 43.59211623668671
555.0 40.49041271209717
556.0 36.348700523376465
557.0 31.537050008773804
558.0 26.197057962417603
559.0 20.85377424955368
560.0 15.636762976646423
561.0 10.77234223484993
562.0 7.003886252641678
563.0 4.1724760085344315
564.0 2.3062434047460556
565.0 1.1320221237838268
566.0 0.6060847546905279
567.0 0.3031710395589471
568.0 0.19227720331400633
569.0 0.11119592236354947
570.0 0.08318583713844419
571.0 0.05056447698734701
572.0 0.05708275130018592
573.0 0.03765817382372916
574.0 0.03709089360199869
575.0 0.03473478427622467
576.0 0.039171159733086824
577.0 0.02734918089117855
578.0 0.03401608264539391
579.0 0.03065710188820958
580.0 0.03250570152886212
581.0 0.0189687023521401
582.0 0.021223508520051837
583.0 0.01709498028503731
584.0 0.021144439233466983
585.0 0.012681759835686535
586.0 0.02625515917316079
587.0 0.010006782395066693
588.0 0.022093657753430307
589.0 0.007538498903159052
590.0 0.026426772819831967
591.0 0.017425483383703977
592.0 0.009938601579051465
593.0 0.01478906924603507
594.0 0.0045793298340868205
595.0 0.011578993871808052
596.0 0.008072194759733975
597.0 0.021865952294319868
598.0 0.01215156153193675
599.0 0.010952525917673483
600.0 0.0032216656109085307
601.0 0.0023207634512800723
602.0 0.002449297608109191
603.0 0.0025778315830393694
604.0 0.0023252456230693497
605.0 0.00207265966309933
606.0 0.0020079594833077863
607.0 0.001943259485415183
608.0 0.0018591510524856858
609.0 0.001775042801455129
610.0 0.001878786861198023
611.0 0.0019825305571430363
612.0 0.0018376673324382864
613.0 0.0016928041077335365
614.0 0.001745985537127126
615.0 0.0017991675122175366
616.0 0.0019422990590101108
617.0 0.002085430605802685
618.0 0.0019185619748895988
619.0 0.0017516933439765126
620.0 0.0017551205019117333
621.0 0.001758547659846954
622.0 0.001574636007717345
623.0 0.0013907243555877358
624.0 0.0014291962543211412
625.0 0.0014676680621050764
626.0 0.0013969314750283957
627.0 0.0013261953426990658
628.0 0.001441513541067252
629.0 0.0015568319213343784
630.0 0.001411001994711114
631.0 0.0012651717952394392
632.0 0.0013866992958355695
633.0 0.001508226432633819
634.0 0.0014623576134908944
635.0 0.0014164885214995593
636.0 0.001416023133060662
637.0 0.0014155581993691158
638.0 0.0012909338693134487
639.0 0.0011663094483083114
640.0 0.0011143258234369569
641.0 0.0010623421076161321
642.0 0.0012800539479940198
643.0 0.001497766061220318
644.0 0.0014263056073104963
645.0 0.0013548451534006745
646.0 0.0012410107956384309
647.0 0.001127176346926717
648.0 0.0010241374184261076
649.0 0.0009210983080265578
650.0 0.0011851304407173302
651.0 0.0014491619367618114
652.0 0.0012067690477124415
653.0 0.0009643761586630717
654.0 0.0010526087862672284
655.0 0.0011408415048208553
656.0 0.0011871254173456691
657.0 0.0012334092389210127
658.0 0.001156080179498531
659.0 0.0010787514838739298
660.0 0.0010188541637035087
661.0 0.0009589568435330875
662.0 0.0010517145710764453
663.0 0.0011444725714682136
664.0 0.001212397273775423
665.0 0.0012803216122847516
666.0 0.001179032915388234
667.0 0.0010777439456433058
668.0 0.001186060944746714
669.0 0.0012943779438501224
670.0 0.0011915974027942866
671.0 0.0010888166798395105
672.0 0.0011712223567883484
673.0 0.001253627851838246
674.0 0.00118797233881196
675.0 0.0011223168257856742
676.0 0.001053249798133038
677.0 0.0009841825885814615
678.0 0.0011019486009899992
679.0 0.0012197147043480072
680.0 0.001078967488865601
681.0 0.0009382202733831946
682.0 0.0009902822057483718
683.0 0.0010423440471640788
684.0 0.000917795296118129
685.0 0.0007932464541227091
686.0 0.0010050444871012587
687.0 0.0012168424291303381
688.0 0.0011464136150607374
689.0 0.0010759848919406068
690.0 0.0009929448424372822
691.0 0.0009099048838834278
692.0 0.0009137475899478886
693.0 0.0009175903869618196
694.0 0.0009875891919364221
695.0 0.0010575879059615545
696.0 0.0011215587619517464
697.0 0.0011855292541440576
698.0 0.0013021807717450429
699.0 0.0014188323802954983
700.0 0.0012065508599334862
701.0 0.0009942690667230636
702.0 0.0011163191629748326
703.0 0.0012383691682771314
704.0 0.0011825231922557577
705.0 0.0011266769433859736
706.0 0.0011348750376782846
707.0 0.0011430732229200657
708.0 0.0010933705198112875
709.0 0.0010436679986014497
710.0 0.0011705995348165743
711.0 0.0012975314348295797
712.0 0.001214357416756684
713.0 0.0011311836715321988
714.0 0.0012472652997530531
715.0 0.001363347200822318
716.0 0.001542303289170377
717.0 0.0017212600141647272
718.0 0.0019816661733784713
719.0 0.002242072150693275
720.0 0.001833449823607225
721.0 0.0014248272236727644
722.0 0.0015374305803561583
723.0 0.0016500343917869031
724.0 0.001653065010032151
725.0 0.001656095810176339
726.0 0.0018286593331140466
727.0 0.002001222856051754
728.0 0.002043500353465788
729.0 0.002085777850879822
730.0 0.0020390452846186236
731.0 0.001992312718357425
732.0 0.0019022058040718548
733.0 0.0018120990716852248
734.0 0.001585854624863714
735.0 0.0013596104508906137
736.0 0.0012087016330042388
737.0 0.0010577926332189236
738.0 0.0011117484973510727
739.0 0.0011657043614832219
740.0 0.0009466845767747145
741.0 0.0007276646101672668
742.0 0.0006875125109218061
743.0 0.0006473604571510805
744.0 0.0008167504347511567
745.0 0.0009861405487754382
746.0 0.0010243389624520205
747.0 0.001062537467078073
748.0 0.0011550333510967903
749.0 0.001247529417014448
750.0 0.001029756913339952
751.0 0.0008119847734633368
752.0 0.0007592573183501372
753.0 0.0007065301360853482
754.0 0.0008463725862384308
755.0 0.0009862149454420432
756.0 0.0009397179383086041
757.0 0.0008932207492762245
758.0 0.0009088920705835335
759.0 0.0009245635737897828
760.0 0.000722627146387822
761.0 0.000520690628036391
762.0 0.000557656721866806
763.0 0.0005946227247477509
764.0 0.0007228591584862443
765.0 0.0008510958650731482
766.0 0.000759244358050637
767.0 0.000667392987452331
768.0 0.0005617983333650045
769.0 0.00045620363380294293
770.0 0.00041742050598259084
771.0 0.0003786374008996063
772.0 0.000617592922935728
773.0 0.0008565487405576278
774.0 0.000887446276465198
775.0 0.0009183439942717087
776.0 0.0008426203748967964
777.0 0.0007668967555218842
778.0 0.0007199301307991846
779.0 0.0006729635060764849
780.0 0.0006109264177212026
781.0 0.0005488893293659203
782.0 0.0005749046522396384
783.0 0.0006009198386891512
784.0 0.0007294601346075069
785.0 0.0008580003850511275
786.0 0.0007307753548957407
787.0 0.0006035507340129698
788.0 0.00039973706407181453
789.0 0.000195923507817497
790.0 0.0002157576545869233
791.0 0.00023559177861898206
792.0 0.0002556325171099161
793.0 0.00027567327833821764
794.0 0.00028769813980034087
795.0 0.00029972302399983164
796.0 0.00038548687371076085
797.0 0.00047125072342169005
798.0 0.0004909706149192061
799.0 0.0005106905518914573
800.0 0.0005285630777507322
801.0 0.0005464357400342124
802.0 0.00043614736568997614
803.0 0.00032585905955784256
804.0 0.00030479218366963323
805.0 0.0002837253987308941
806.0 0.0003356229854034609
807.0 0.0003875205948133953
808.0 0.0004331194304540986
809.0 0.00047871831156953704
810.0 0.0003372118499100907
811.0 0.00019570534277590923
812.0 0.00022218528101802804
813.0 0.00024866521926014684
814.0 0.0003541647629390354
815.0 0.000459664306617924
816.0 0.0005665700427925913
817.0 0.0006734756880177883
818.0 0.00041034791138372384
819.0 0.0001472201461183431
820.0 0.000391690537071554
821.0 0.0006361608939187136
822.0 0.0004810455266124336
823.0 0.0003259301365687861
824.0 0.0003890401785611175
825.0 0.00045215015234134626
826.0 0.0005823219453304773
827.0 0.0007124936473701382
828.0 0.0006313643552857684
829.0 0.0005502349722519284
830.0 0.00045542296902567614
831.0 0.0003606109885367914
832.0 0.0004816632554138778
833.0 0.0006027154995535966
834.0 0.00046711197683180217
835.0 0.0003315084768473753
836.0 0.000406555454901536
837.0 0.00048160250116779935
838.0 0.0004217511559545528
839.0 0.0003618998107413063
840.0 0.0004960551905242028
841.0 0.0006302104793576291
842.0 0.0003641292323663947
843.0 9.804789442569017e-05
844.0 0.00011049161230403115
845.0 0.00012293536428842344
846.0 0.0004050751613249304
847.0 0.0006872150606795913
848.0 0.0005745557245973032
849.0 0.00046189638851501513
850.0 0.0004604140485753305
851.0 0.000458931754110381
852.0 0.0005573644557443913
853.0 0.0006557967935805209
854.0 0.0005607687398878625
855.0 0.0004657405042962637
856.0 0.0004879491370957112
857.0 0.0005101578608446289
858.0 0.0005374654847400961
859.0 0.0005647731086355634
860.0 0.0005681270977220265
861.0 0.0005714810868084896
862.0 0.0005134044840815477
863.0 0.0004553278813546058
864.0 0.00043204104258620646
865.0 0.00040875420381780714
866.0 0.0004504044682107633
867.0 0.0004920547326037195
868.0 0.0006136760475783376
869.0 0.0007352973625529557
870.0 0.000589155342822778
871.0 0.00044301318666839506
872.0 0.0003919360096915625
873.0 0.0003408587190278922
874.0 0.0004551779966277536
875.0 0.0005694972969649825
876.0 0.0006528239737235708
877.0 0.000736150605007424
878.0 0.000717287412044243
879.0 0.0006984241281315917
880.0 0.0006551091246365104
881.0 0.0006117943939898396
882.0 0.0005609354957414325
883.0 0.0005100768248667009
884.0 0.0005258065357338637
885.0 0.0005415363830252318
886.0 0.0006667233719781507
887.0 0.000791910588304745
888.0 0.0006109836704126792
889.0 0.00043005688894481864
890.0 0.000469081760456902
891.0 0.0005081067229184555
892.0 0.0004933525815431494
893.0 0.00047859848564257845
894.0 0.00045442725422617514
895.0 0.0004302560682845069
896.0 0.0002410760771454079
897.0 5.189606326894136e-05
898.0 0.0002541291678426205
899.0 0.00045636224967893213
900.0 0.00037169129427638836
901.0 0.0002870203388738446
902.0 0.0005000897999707377
903.0 0.0007131592610676307
904.0 0.0003871079570672009
905.0 6.105654506427527e-05
906.0 0.00031381769076688215
