lsstCam/transmission_filter_detector/r11_s00/g_6/19700101T000000.ecsv
# %ECSV 1.0
# ---
# datatype:
# - {name: wavelength, unit: nm, datatype: float32}
# - {name: efficiency, unit: '%', datatype: float64}
# meta: !!omap
# - {MODE: DETECTOR}
# - {TYPE: transmission_filter_detector}
# - {CALIBDATE: '1970-01-01T00:00:00'}
# - {INSTRUME: LSSTCam}
# - {OBSTYPE: transmission_filter_detector}
# - {CALIBCLS: lsst.ip.isr.IntermediateFilterDetectorTransmissionCurve}
# - {SOURCE: Materion (DM-46256)}
# - {DETECTOR: 36}
# - {FILTER: g_6}
# - {CALIB_ID: 'calibDate=1970-01-01T00:00:00 filter=g_6 detector=36'}
# - {DATE: '2025-04-02T15:59:42.194179'}
# - {CALIB_CREATION_DATE: '2025-04-02'}
# - {CALIB_CREATION_TIME: '15:59:42'}
# - __serialized_columns__:
#     efficiency:
#       __class__: astropy.units.quantity.Quantity
#       unit: !astropy.units.Unit {unit: '%'}
#       value: !astropy.table.SerializedColumn {name: efficiency}
#     wavelength:
#       __class__: astropy.units.quantity.Quantity
#       unit: !astropy.units.Unit {unit: nm}
#       value: !astropy.table.SerializedColumn {name: wavelength}
# schema: astropy-2.0
wavelength efficiency
[from data line 608]
908.0 0.0005190715000935597
909.0 0.0004715642262453912
910.0 0.0004225479642627761
911.0 0.0003735317250175285
912.0 0.00046147742978064343
913.0 0.0005494232482305961
914.0 0.0003191783662259695
915.0 8.893356948647124e-05
916.0 0.00013115823094267398
917.0 0.0001733828639771673
918.0 0.00021447633571369806
919.0 0.0002555698301875964
920.0 0.00031582753763359506
921.0 0.0003760852678169613
922.0 0.0005051281277701491
923.0 0.0006341710104607046
924.0 0.0005906271326239221
925.0 0.0005470831183629343
926.0 0.0005837320259161061
927.0 0.000620381024418748
928.0 0.0005808675723528722
929.0 0.0005413542112364667
930.0 0.0005336216418072581
931.0 0.0005258891633275198
932.0 0.00048032320592028555
933.0 0.0004347572485130513
934.0 0.00043069762796221767
935.0 0.000426638007411384
936.0 0.00047628186621295754
937.0 0.000525925679539796
938.0 0.0006237722118385136
939.0 0.0007216186986624962
940.0 0.0005895803496969165
941.0 0.00045754181883239653
942.0 0.0006637126716668718
943.0 0.0008698834790266119
944.0 0.0007140275556594133
945.0 0.0005581715413427446
946.0 0.0005412667178461561
947.0 0.0005243618488748325
948.0 0.0008844534022500739
949.0 0.0012445452739484608
950.0 0.0010587814358586911
951.0 0.0008730175977689214
952.0 0.0008778008123044856
953.0 0.0008825840268400498
954.0 0.0008046281436691061
955.0 0.0007266722604981624
956.0 0.0006502699307020521
957.0 0.0005738673735322664
958.0 0.0006522620878968155
959.0 0.0007306568477360997
960.0 0.0006161410510685528
961.0 0.0005016251634515356
962.0 0.0005716860414395342
963.0 0.0006417468739527976
964.0 0.0007270898549904814
965.0 0.0008124326086544897
966.0 0.0008369578608835582
967.0 0.0008614830221631564
968.0 0.0007869361979828682
969.0 0.0007123893738025799
970.0 0.000735731509848847
971.0 0.0007590736913698493
972.0 0.0008389480171899777
973.0 0.0009188223884848412
974.0 0.0008376953701372258
975.0 0.0007565685791632859
976.0 0.0008245981916843448
977.0 0.0008926281225285493
978.0 0.0009269797374145128
979.0 0.0009613313523004763
980.0 0.0009736691026773769
981.0 0.0009860068530542776
982.0 0.0009565369509800803
983.0 0.0009270669579564128
984.0 0.000939444998948602
985.0 0.0009518230399407912
986.0 0.0011283589628874324
987.0 0.0013048947039351333
988.0 0.0012809719919459894
989.0 0.0012570489161589649
990.0 0.0013654526810569223
991.0 0.00147385653690435
992.0 0.0014099404324952047
993.0 0.001346024509985
994.0 0.001331488510913914
995.0 0.0013169526027922984
996.0 0.0012058333595632575
997.0 0.0010947142072836868
998.0 0.0012751122994814068
999.0 0.0014555103007296566
1000.0 0.0013751543519902043
1001.0 0.0012947983123012818
1002.0 0.0011858717698487453
1003.0 0.0010769454092951491
1004.0 0.0010559015208855271
1005.0 0.0010348574505769648
1006.0 0.0013468352335621603
1007.0 0.0016588130165473558
1008.0 0.0016387566574849188
1009.0 0.0016187010260182433
1010.0 0.0017246717106900178
1011.0 0.001830642759159673
1012.0 0.0019940483980462886
1013.0 0.002157454400730785
1014.0 0.0021716530682169832
1015.0 0.002185852099501062
1016.0 0.002527178185118828
1017.0 0.0028685046345344745
1018.0 0.003060398012166843
1019.0 0.0032522915716981515
1020.0 0.0033056898246286437
1021.0 0.0033590884413570166
1022.0 0.0036950466892449185
1023.0 0.004031005664728582
1024.0 0.004144012928009033
1025.0 0.004257020555087365
1026.0 0.004306283881305717
1027.0 0.004355547207524069
1028.0 0.004492591688176617
1029.0 0.004629636532627046
1030.0 0.004746987542603165
1031.0 0.004864338552579284
1032.0 0.005248599700280465
1033.0 0.005632861211779527
1034.0 0.005482004416990094
1035.0 0.00533114762220066
1036.0 0.005418337241280824
1037.0 0.005505526132765226
1038.0 0.005679232708644122
1039.0 0.005852939284523018
1040.0 0.00632485025562346
1041.0 0.006796760862926021
1042.0 0.00697611685609445
1043.0 0.007155472121667117
1044.0 0.007416091102641076
1045.0 0.007676708628423512
1046.0 0.008659823652124032
1047.0 0.009642938675824553
1048.0 0.011133469524793327
1049.0 0.012623998918570578
1050.0 0.015176548913586885
1051.0 0.017729094543028623
1052.0 0.02127662010025233
1053.0 0.024824152933433652
1054.0 0.02978196134790778
1055.0 0.03473976976238191
1056.0 0.041575488285161555
1057.0 0.04841119807679206
1058.0 0.05622774478979409
1059.0 0.06404427695088089
1060.0 0.0716182345058769
1061.0 0.07919216295704246
1062.0 0.08626665803603828
1063.0 0.09334111819043756
1064.0 0.09881951846182346
1065.0 0.10429790709167719
1066.0 0.10971007868647575
1067.0 0.11512225028127432
1068.0 0.12203779770061374
1069.0 0.1289533800445497
1070.0 0.13902769424021244
1071.0 0.149101996794343
1072.0 0.16216064104810357
1073.0 0.17521923873573542
1074.0 0.1889855833724141
1075.0 0.20275197457522154
1076.0 0.21582806948572397
1077.0 0.22890414111316204
1078.0 0.24284773971885443
1079.0 0.2567912917584181
1080.0 0.27386301662772894
1081.0 0.29093476478010416
1082.0 0.31871218234300613
1083.0 0.3464895999059081
1084.0 0.3853818867355585
1085.0 0.4242741968482733
1086.0 0.4597893916070461
1087.0 0.4953046329319477
1088.0 0.5592366680502892
1089.0 0.6231687031686306
1090.0 0.7007693871855736
1091.0 0.7783700246363878
1092.0 0.8089463226497173
1093.0 0.8395222947001457
1094.0 0.87788887321949
1095.0 0.9162550792098045
1096.0 0.9630229324102402
1097.0 1.0097908787429333
1098.0 1.0351921431720257
1099.0 1.060593593865633
1100.0 1.2260235846042633
1101.0 1.3914532028138638
