lsstCam/transmission_filter_detector/r12_s10/i_39/19700101T000000.ecsv
# %ECSV 1.0
# ---
# datatype:
# - {name: wavelength, unit: nm, datatype: float32}
# - {name: efficiency, unit: '%', datatype: float64}
# meta: !!omap
# - {MODE: DETECTOR}
# - {TYPE: transmission_filter_detector}
# - {CALIBDATE: '1970-01-01T00:00:00'}
# - {INSTRUME: LSSTCam}
# - {OBSTYPE: transmission_filter_detector}
# - {CALIBCLS: lsst.ip.isr.IntermediateFilterDetectorTransmissionCurve}
# - {SOURCE: Materion (DM-46256)}
# - {DETECTOR: 48}
# - {FILTER: i_39}
# - {CALIB_ID: 'calibDate=1970-01-01T00:00:00 filter=i_39 detector=48'}
# - {DATE: '2025-04-02T15:59:46.701635'}
# - {CALIB_CREATION_DATE: '2025-04-02'}
# - {CALIB_CREATION_TIME: '15:59:46'}
# - __serialized_columns__:
#     efficiency:
#       __class__: astropy.units.quantity.Quantity
#       unit: !astropy.units.Unit {unit: '%'}
#       value: !astropy.table.SerializedColumn {name: efficiency}
#     wavelength:
#       __class__: astropy.units.quantity.Quantity
#       unit: !astropy.units.Unit {unit: nm}
#       value: !astropy.table.SerializedColumn {name: wavelength}
# schema: astropy-2.0
wavelength efficiency
[from data line 599]
899.0 1.590179051803864e-10
900.0 1.590179051803864e-10
901.0 1.590179051803864e-10
902.0 1.590179051803864e-10
903.0 1.590179051803864e-10
904.0 1.590179051803864e-10
905.0 1.590179051803864e-10
906.0 1.590179051803864e-10
907.0 9.00009297311044e-05
908.0 0.00021449770883918973
909.0 1.590179051803864e-10
910.0 1.590179051803864e-10
911.0 1.590179051803864e-10
912.0 0.00015508759361182456
913.0 0.00014666286460851552
914.0 0.00013823815834257402
915.0 1.590179051803864e-10
916.0 1.590179051803864e-10
917.0 1.590179051803864e-10
918.0 1.590179051803864e-10
919.0 1.590179051803864e-10
920.0 1.590179051803864e-10
921.0 5.127651636627206e-07
922.0 6.780737038525331e-06
923.0 1.590179051803864e-10
924.0 1.590179051803864e-10
925.0 4.659545709273516e-05
926.0 0.00021641765215463238
927.0 1.590179051803864e-10
928.0 1.590179051803864e-10
929.0 1.590179051803864e-10
930.0 0.00014076557590669836
931.0 0.000143136946917366
932.0 0.0001455082951906661
933.0 0.00011343950063746888
934.0 8.13707288216392e-05
935.0 1.590179051803864e-10
936.0 1.590179051803864e-10
937.0 1.590179051803864e-10
938.0 1.590179051803864e-10
939.0 1.590179051803864e-10
940.0 1.590179051803864e-10
941.0 1.590179051803864e-10
942.0 4.177780965619604e-05
943.0 1.590179051803864e-10
944.0 1.590179051803864e-10
945.0 1.590179051803864e-10
946.0 1.590179051803864e-10
947.0 1.590179051803864e-10
948.0 1.590179051803864e-10
949.0 1.590179051803864e-10
950.0 1.590179051803864e-10
951.0 1.590179051803864e-10
952.0 1.590179051803864e-10
953.0 1.590179051803864e-10
954.0 1.590179051803864e-10
955.0 5.3222868245939026e-05
956.0 0.00029423772502923384
957.0 0.000164427183335647
958.0 3.4616590482983156e-05
959.0 0.00011197481626368244
960.0 0.00018933307046609116
961.0 0.00018491519995222916
962.0 0.00018049732943836716
963.0 7.364878911175765e-05
964.0 1.590179051803864e-10
965.0 1.590179051803864e-10
966.0 1.590179051803864e-10
967.0 1.590179051803864e-10
968.0 1.590179051803864e-10
969.0 1.590179051803864e-10
970.0 4.152354904363165e-05
971.0 1.590179051803864e-10
972.0 1.590179051803864e-10
973.0 1.590179051803864e-10
974.0 1.590179051803864e-10
975.0 1.590179051803864e-10
976.0 1.590179051803864e-10
977.0 1.590179051803864e-10
978.0 1.590179051803864e-10
979.0 1.590179051803864e-10
980.0 1.590179051803864e-10
981.0 1.590179051803864e-10
982.0 1.590179051803864e-10
983.0 1.590179051803864e-10
984.0 1.590179051803864e-10
985.0 9.564172387399594e-05
986.0 0.00024177145405701594
987.0 1.8163048309816077e-05
988.0 1.590179051803864e-10
989.0 1.590179051803864e-10
990.0 1.590179051803864e-10
991.0 1.590179051803864e-10
992.0 1.590179051803864e-10
993.0 1.590179051803864e-10
994.0 2.7808022196040838e-05
995.0 1.590179051803864e-10
996.0 1.590179051803864e-10
997.0 1.1024781088053714e-05
998.0 0.0002349441501792171
999.0 0.00023482725737267174
1000.0 0.0002347102736166562
1001.0 0.00011400521771065542
1002.0 1.590179051803864e-10
1003.0 9.107569098887325e-05
1004.0 0.00018885131112256204
1005.0 5.586830411630217e-05
1006.0 1.590179051803864e-10
1007.0 3.0034311748750042e-05
1008.0 0.00013718333775614155
1009.0 6.429409040720202e-05
1010.0 1.590179051803864e-10
1011.0 6.399433800652332e-05
1012.0 0.00013658387842951925
1013.0 0.0003059466962440638
1014.0 0.0004753095709020272
1015.0 0.00039905162338982336
1016.0 0.00032279374408972217
1017.0 0.00035468008263705997
1018.0 0.0003865665803459706
1019.0 0.0003695015038829297
1020.0 0.00035243635920778615
1021.0 0.00018957139218400698
1022.0 2.670639673851838e-05
1023.0 0.00040838403947418556
1024.0 0.0007900616765255108
1025.0 0.0006908016075612977
1026.0 0.0005915414931223495
1027.0 0.00046318968998093624
1028.0 0.00033483786410215544
1029.0 0.0007954395186970942
1030.0 0.0012560411050799303
1031.0 0.0017939966710400768
1032.0 0.0023319518732023425
1033.0 0.002433209192531649
1034.0 0.0025344656023662537
1035.0 0.003121386544080451
1036.0 0.0037083074857946485
1037.0 0.0037395988329080865
1038.0 0.0037708898162236437
1039.0 0.003291506800451316
1040.0 0.0028121243303758092
1041.0 0.0025362392989336513
1042.0 0.0022603544493904337
1043.0 0.002978957309096586
1044.0 0.003697560168802738
1045.0 0.003461886808509007
1046.0 0.0032262141758110374
1047.0 0.002855614002328366
1048.0 0.0024850138288456947
1049.0 0.002219329326180741
1050.0 0.0019536446416168474
1051.0 0.0021721256416640244
1052.0 0.002390606823610142
1053.0 0.001400497421855107
1054.0 0.00041038783820113167
1055.0 0.0005096303084428655
1056.0 0.0006088726877351291
1057.0 0.0005731232249672757
1058.0 0.0005373739440983627
1059.0 0.0008489309038850479
1060.0 0.001160488318419084
1061.0 0.0016829417290864512
1062.0 0.0022053945940569974
1063.0 0.0025488194296485744
1064.0 0.002892244083341211
1065.0 0.003393723090994172
1066.0 0.003895202826242894
1067.0 0.004729089778265916
1068.0 0.005562976730288938
1069.0 0.004622050983016379
1070.0 0.0036811255995417014
1071.0 0.0034923756174976006
1072.0 0.0033036259992513806
1073.0 0.0032878146157599986
1074.0 0.0032720032322686166
1075.0 0.003499570084386505
1076.0 0.003727136936504394
1077.0 0.003021796146640554
1078.0 0.0023164549929788336
1079.0 0.0024794677301542833
1080.0 0.0026424802854307927
1081.0 0.0019648821762530133
1082.0 0.001287284067075234
1083.0 0.0005986785708955722
1084.0 1.590179051803864e-10
1085.0 0.0010342821951780934
1086.0 0.002158491770387627
1087.0 0.001544810766063165
1088.0 0.000931129943637643
1089.0 1.590179051803864e-10
1090.0 1.590179051803864e-10
1091.0 1.590179051803864e-10
1092.0 1.590179051803864e-10
1093.0 1.590179051803864e-10
1094.0 1.590179051803864e-10
1095.0 0.0005226048870099476
1096.0 0.0012101536412956193
1097.0 1.590179051803864e-10
1098.0 1.590179051803864e-10
1099.0 1.590179051803864e-10
1100.0 1.590179051803864e-10
