lsstCam/transmission_filter_detector/r12_s10/i_39/19700101T000000.ecsv
# %ECSV 1.0
# ---
# datatype:
# - {name: wavelength, unit: nm, datatype: float32}
# - {name: efficiency, unit: '%', datatype: float64}
# meta: !!omap
# - {MODE: DETECTOR}
# - {TYPE: transmission_filter_detector}
# - {CALIBDATE: '1970-01-01T00:00:00'}
# - {INSTRUME: LSSTCam}
# - {OBSTYPE: transmission_filter_detector}
# - {CALIBCLS: lsst.ip.isr.IntermediateFilterDetectorTransmissionCurve}
# - {SOURCE: Materion (DM-46256)}
# - {DETECTOR: 48}
# - {FILTER: i_39}
# - {CALIB_ID: 'calibDate=1970-01-01T00:00:00 filter=i_39 detector=48'}
# - {DATE: '2025-04-02T15:59:46.701635'}
# - {CALIB_CREATION_DATE: '2025-04-02'}
# - {CALIB_CREATION_TIME: '15:59:46'}
# - __serialized_columns__:
#     efficiency:
#       __class__: astropy.units.quantity.Quantity
#       unit: !astropy.units.Unit {unit: '%'}
#       value: !astropy.table.SerializedColumn {name: efficiency}
#     wavelength:
#       __class__: astropy.units.quantity.Quantity
#       unit: !astropy.units.Unit {unit: nm}
#       value: !astropy.table.SerializedColumn {name: wavelength}
# schema: astropy-2.0
wavelength efficiency
300.0 0.08435780764557421
301.0 0.0543542904779315
302.0 0.02435081114526838
303.0 0.03556207229848951
304.0 0.04677333636209369
305.0 0.03273797337897122
306.0 0.018702613306231797
307.0 0.007135373743949458
308.0 1.590179051803864e-10
309.0 1.590179051803864e-10
310.0 1.590179051803864e-10
311.0 1.590179051803864e-10
312.0 0.005103804869577289
313.0 1.590179051803864e-10
314.0 1.590179051803864e-10
315.0 1.590179051803864e-10
316.0 1.590179051803864e-10
317.0 1.590179051803864e-10
318.0 1.590179051803864e-10
319.0 1.590179051803864e-10
320.0 1.590179051803864e-10
321.0 1.590179051803864e-10
322.0 0.0020491053874138743
323.0 1.590179051803864e-10
324.0 1.590179051803864e-10
325.0 1.590179051803864e-10
326.0 1.590179051803864e-10
327.0 0.00047450862439291086
328.0 0.0034340839192736894
329.0 0.0022686366719426587
330.0 0.0011031895155610982
331.0 0.0016859850802575238
332.0 0.002268781463499181
333.0 0.0019944320229114965
334.0 0.0017200827642227523
335.0 0.001415014503436396
336.0 0.0011099468792963307
337.0 0.002212207436969038
338.0 0.003314468267490156
339.0 0.003120110704912804
340.0 0.0029257533242343925
341.0 1.590179051803864e-10
342.0 1.590179051803864e-10
343.0 1.590179051803864e-10
344.0 1.590179051803864e-10
345.0 1.590179051803864e-10
346.0 1.590179051803864e-10
347.0 1.590179051803864e-10
348.0 1.590179051803864e-10
349.0 1.590179051803864e-10
350.0 0.00015075602277647704
351.0 4.01997169774404e-05
352.0 1.590179051803864e-10
353.0 1.590179051803864e-10
354.0 1.590179051803864e-10
355.0 1.590179051803864e-10
356.0 0.000322064943247824
357.0 0.0008863618859322742
358.0 0.0014506589650409296
359.0 0.001293914010602748
360.0 0.0011371686014172155
361.0 0.0009046808372659143
362.0 0.0006721931640640832
363.0 0.0002711540673772106
364.0 1.590179051803864e-10
365.0 0.0009159876753983553
366.0 0.0019618606529547833
367.0 0.0010944612768071238
368.0 0.00022706201434630202
369.0 0.0007869350156397559
370.0 0.0013468080396705773
371.0 0.0011396007721486967
372.0 0.0009323935046268161
373.0 0.000984774851531256
374.0 0.0010371560165367555
375.0 0.00026624682050169213
376.0 1.590179051803864e-10
377.0 1.590179051803864e-10
378.0 0.0001175747229353874
379.0 1.590179051803864e-10
380.0 1.590179051803864e-10
381.0 1.590179051803864e-10
382.0 1.590179051803864e-10
383.0 0.000183497604666627
384.0 0.0015146800251386594
385.0 0.001352642630081391
386.0 0.0011906052350241225
387.0 1.590179051803864e-10
388.0 1.590179051803864e-10
389.0 1.590179051803864e-10
390.0 1.590179051803864e-10
391.0 1.590179051803864e-10
392.0 1.590179051803864e-10
393.0 4.968145503880805e-05
394.0 0.0012733511539408937
395.0 1.590179051803864e-10
396.0 1.590179051803864e-10
397.0 1.590179051803864e-10
398.0 1.590179051803864e-10
399.0 1.590179051803864e-10
400.0 1.590179051803864e-10
401.0 1.590179051803864e-10
402.0 5.1322314220669796e-05
403.0 0.0005071883606433403
404.0 0.0009630547538108658
405.0 0.003739699604921043
406.0 0.0065163447288796306
407.0 0.0032747713703429326
408.0 3.319531174383883e-05
409.0 0.00042149231376242824
410.0 0.0008097870704659726
411.0 0.00245680203079246
412.0 0.004103817627765238
413.0 0.004681152131524868
414.0 0.0052584877266781405
415.0 0.004431332490639761
416.0 0.003604176890803501
417.0 0.0022415722924051806
418.0 0.0008789673302089795
419.0 0.0031775129173183814
420.0 0.005476058504427783
421.0 0.004470600833883509
422.0 0.003465142799541354
423.0 0.0038381836930057034
424.0 0.004211224586470053
425.0 0.0035015898902202025
426.0 0.0027919542844756506
427.0 0.003934107735403813
428.0 0.005076261732028797
429.0 0.0054492000344907865
430.0 0.005822139064548537
431.0 0.00467786485387478
432.0 0.0035335913707967848
433.0 0.0032302272302331403
434.0 0.0029268634534673765
435.0 0.0026167823307332583
436.0 0.0023067010261001997
437.0 0.0017886399291455746
438.0 0.00127057910503936
439.0 0.001736909143801313
440.0 0.0022032394554116763
441.0 0.0007193867531896103
442.0 1.590179051803864e-10
443.0 1.590179051803864e-10
444.0 1.590179051803864e-10
445.0 1.590179051803864e-10
446.0 1.590179051803864e-10
447.0 1.590179051803864e-10
448.0 0.0007418046607199358
449.0 1.590179051803864e-10
450.0 1.590179051803864e-10
451.0 0.0002221992644990678
452.0 0.0012700697880063672
453.0 0.0016086663890746422
454.0 0.0019472634448902681
455.0 0.0018304219338460825
456.0 0.0017135806047008373
457.0 0.0011468492630228866
458.0 0.0005801177849207306
459.0 0.000482454925077036
460.0 0.0003847920652333414
461.0 0.00043821696635859553
462.0 0.0004916419129585847
463.0 0.00019745295958273346
464.0 1.590179051803864e-10
465.0 0.0003077415613006451
466.0 0.0007122189799702028
467.0 0.0007902391189418267
468.0 0.0008682592124387156
469.0 0.0005578549462370574
470.0 0.00024745081645960454
471.0 0.00044867483666166663
472.0 0.0006498989478131989
473.0 0.0009269406291423365
474.0 0.0012039824468956795
475.0 0.0006659578048129333
476.0 0.0001279334355785977
477.0 0.0007023098532954464
478.0 0.0012766861800628249
479.0 0.0011819766768894624
480.0 0.0010872670827666298
481.0 0.0024662043870193884
482.0 0.0038451398722827435
483.0 0.0054329859267454594
484.0 0.007020831253612414
485.0 0.008070339390542358
486.0 0.009119847527472302
487.0 0.01197704768856056
488.0 0.014834247122053057
489.0 0.017612287774682045
490.0 0.020390329882502556
491.0 0.022424863709602505
492.0 0.0244594004470855
493.0 0.025556058972142637
494.0 0.02665272040758282
495.0 0.023566922754980624
496.0 0.02048112073680386
497.0 0.016480308840982616
498.0 0.012479496945161372
499.0 0.008999666897580028
500.0 0.005519838305190206
501.0 0.004300793079892173
502.0 0.0030817478545941412
503.0 0.002503652467567008
504.0 0.0019255568986409344
505.0 0.001862222961790394
506.0 0.0017988890249398537
507.0 0.0017177106201415882
508.0 0.001636531851545442
509.0 0.001774783231667243
510.0 0.001913034611789044
511.0 0.0014464400919678155
512.0 0.0009798453902476467
513.0 0.0015067881577124353
514.0 0.0020337307432782836
515.0 0.0026461782908882014
516.0 0.0032586260203970596
517.0 0.0026560714104562066
518.0 0.002053516982414294
519.0 0.0022039192117517814
520.0 0.0023543212591903284
521.0 0.0018445563910063356
522.0 0.001334791613771813
523.0 0.001332369811279932
524.0 0.001329948463535402
525.0 0.0018209757399745286
526.0 0.0023120028345147148
527.0 0.0024440647393930703
528.0 0.002576126644271426
529.0 0.0019393564798519947
530.0 0.0013025862244830932
531.0 0.001252540369023336
532.0 0.0012024948773614597
533.0 0.0014183522580424324
534.0 0.0016342099115718156
535.0 0.0016336327462340705
536.0 0.0016330557627952658
537.0 0.0024061570002231747
538.0 0.0031792580557521433
539.0 0.00392410256608855
540.0 0.004668946712627076
541.0 0.005365306788007729
542.0 0.006061667227186263
543.0 0.005145993054611608
544.0 0.004230318882036954
545.0 0.0034275355574209243
546.0 0.0026247527785017155
547.0 0.002187431528000161
548.0 0.001750110459397547
549.0 0.0018698048734222539
550.0 0.0019894996512448415
551.0 0.001761503517627716
552.0 0.0015335073840105906
553.0 0.0015501913367188536
554.0 0.0015668754713260569
555.0 0.0011664301382552367
556.0 0.0007659847142349463
557.0 0.0008167155101546086
558.0 0.000867446306074271
559.0 0.0003210446720913751
560.0 1.590179051803864e-10
561.0 0.0005555904408538481
562.0 0.0013365380254981574
563.0 0.0014817337614658754
564.0 0.0016269295883830637
565.0 0.001384407460136572
566.0 0.0011418853318900801
567.0 0.0007533519237767905
568.0 0.00036481865208770614
569.0 0.0004850411642109975
570.0 0.0006052634944353485
571.0 0.00044504763536679093
572.0 0.00028483179903560085
573.0 0.0003928060777980136
574.0 0.000500780470247264
575.0 0.00041132070691674016
576.0 0.00032186085263674613
577.0 0.0004466086465981789
578.0 0.0005713564405596117
579.0 0.00021622126951115206
580.0 1.590179051803864e-10
581.0 0.00014448700085267774
582.0 0.00042788788050529547
583.0 0.0005053006589150755
584.0 0.0005827133463753853
585.0 0.0006590386419702554
586.0 0.0007353640285145957
587.0 0.0007205384918052005
588.0 0.0007057129096210701
589.0 0.0005673788109561428
590.0 0.00042904471229121555
591.0 0.0006475985173892695
592.0 0.000866152549860999
593.0 0.0004996205461793579
594.0 0.00013308855386640062
595.0 0.0005472663360706065
596.0 0.000961444038694026
597.0 0.0008184808393707499
598.0 0.0006755177764716791
599.0 0.0005759225132351276
600.0 0.00047632711357437074
601.0 0.00041804969441727735
602.0 0.00035977220704808133
603.0 0.00031532233606412774
604.0 0.0002708723286559689
605.0 0.0002909996965172468
606.0 0.00031112706437852466
607.0 0.0005276621322991559
608.0 0.0007441970410582144
609.0 0.0006787163329136092
610.0 0.0006132353064458584
611.0 0.0007594581347802887
612.0 0.000905681008589454
613.0 0.000555750966668711
614.0 0.00020582097022270318
615.0 1.590179051803864e-10
616.0 1.590179051803864e-10
617.0 1.590179051803864e-10
618.0 0.0002555868604758871
619.0 0.0003396811280254042
620.0 0.000423775509261759
621.0 0.0005540755864785751
622.0 0.0006843756636953913
623.0 0.0005862910256837495
624.0 0.00048820647862157784
625.0 0.0004528300451056566
626.0 0.00041745365706447046
627.0 0.0003458447736193193
628.0 0.0002742358446994331
629.0 0.00048530578169447836
630.0 0.0006963758551137289
631.0 0.0006263180239329813
632.0 0.0005562601927522337
633.0 0.000495554650115082
634.0 0.0004348491074779304
635.0 0.0004674851425079396
636.0 0.0005001210865884786
637.0 0.0003999562977696769
638.0 0.00029979130431456724
639.0 0.0006091468549129786
640.0 0.0009185023372992873
641.0 0.0006236623903532745
642.0 0.0003288224661446293
643.0 0.0005533247531275265
644.0 0.0007778269718983211
645.0 0.0007268874924193369
646.0 0.000675948103889823
647.0 0.0008256763067038264
648.0 0.0009754050552146509
649.0 0.0007922704753582366
650.0 0.0006091359864512924
651.0 0.0008371282092412002
652.0 0.0010651206139300484
653.0 0.0011813724995590746
654.0 0.0012976242032891605
655.0 0.00202375122171361
656.0 0.002749877967289649
657.0 0.0036768775316886604
658.0 0.004603875277098268
659.0 0.007293732051039115
660.0 1.590179051803864e-10
661.0 0.09513387340120971
662.0 0.17380404751747847
663.0 0.11989960912615061
664.0 0.15449177008122206
665.0 0.1298849005252123
666.0 0.16571686137467623
667.0 0.1769141061231494
668.0 0.25261647533625364
669.0 0.3476714715361595
670.0 0.5005287937819958
671.0 0.7451274897903204
672.0 1.1890298686921597
673.0 1.7329422757029533
674.0 2.6015155017375946
675.0 3.586679697036743
676.0 4.779228195548058
677.0 6.063389033079147
678.0 7.507555186748505
679.0 9.06263217329979
680.0 11.214765161275864
681.0 13.361862301826477
682.0 16.024570167064667
683.0 18.74808818101883
684.0 21.799209713935852
685.0 24.627317488193512
686.0 27.69773304462433
687.0 30.945289134979248
688.0 34.39677357673645
689.0 37.92223930358887
690.0 42.09069609642029
691.0 46.60534858703613
692.0 51.935744285583496
693.0 57.52459764480591
694.0 63.67822289466858
695.0 69.41842436790466
696.0 75.68857073783875
697.0 81.09976649284363
698.0 86.59292459487915
699.0 90.44522643089294
700.0 93.17358732223511
701.0 95.2624261379242
702.0 96.58725261688232
703.0 97.16670513153076
704.0 97.49714136123657
705.0 97.70721197128296
706.0 97.73286581039429
707.0 97.78769016265869
708.0 97.73363471031189
709.0 97.87060618400574
710.0 97.58880734443665
711.0 97.86266088485718
712.0 97.86481857299805
713.0 97.8699803352356
714.0 98.0567991733551
715.0 98.13244938850403
716.0 97.94888496398926
717.0 98.05302619934082
718.0 98.13346266746521
719.0 98.0238676071167
720.0 98.1867790222168
721.0 98.13292026519775
722.0 97.7504312992096
723.0 97.47549295425415
724.0 97.25201725959778
725.0 97.05955982208252
726.0 96.71516418457031
727.0 96.5627908706665
728.0 96.39685153961182
729.0 96.25681638717651
730.0 96.3248610496521
731.0 96.3466465473175
732.0 96.53390645980835
733.0 96.8196153640747
734.0 97.15115427970886
735.0 97.39875197410583
736.0 97.74025678634644
737.0 98.06278944015503
738.0 98.21879267692566
739.0 98.64690899848938
740.0 98.70381355285645
741.0 98.49712252616882
742.0 98.8005518913269
743.0 98.75538945198059
744.0 98.4757125377655
745.0 98.4779953956604
746.0 98.44186305999756
747.0 98.69382381439209
748.0 98.47733974456787
749.0 98.42550754547119
750.0 98.38827848434448
751.0 98.2928991317749
752.0 98.30495119094849
753.0 98.43726754188538
754.0 98.37056398391724
755.0 98.52181077003479
756.0 98.61412644386292
757.0 98.56890439987183
758.0 98.62779974937439
759.0 98.71271252632141
760.0 98.64187836647034
761.0 98.48482608795166
762.0 98.66328835487366
763.0 98.57934713363647
764.0 98.45412969589233
765.0 98.38651418685913
766.0 98.41346144676208
767.0 98.20976257324219
768.0 98.27268719673157
769.0 98.18069338798523
770.0 97.99830913543701
771.0 97.93986082077026
772.0 98.02519083023071
773.0 97.78974056243896
774.0 97.6806640625
775.0 97.78100252151489
776.0 97.71573543548584
777.0 97.82859086990356
778.0 97.78255820274353
779.0 97.91772365570068
780.0 97.90858030319214
781.0 98.30683469772339
782.0 98.18841814994812
783.0 98.39663505554199
784.0 98.36598038673401
785.0 98.46515655517578
786.0 98.5877513885498
787.0 98.20467829704285
788.0 98.37511777877808
789.0 98.47186207771301
790.0 98.35461974143982
791.0 98.43077659606934
792.0 98.21408987045288
793.0 98.1397032737732
794.0 97.99794554710388
795.0 97.88245558738708
796.0 97.87691235542297
797.0 97.85842299461365
798.0 97.80543446540833
799.0 97.56036400794983
800.0 97.44096994400024
801.0 97.42722511291504
802.0 97.28546142578125
803.0 96.8195378780365
804.0 96.27447724342346
805.0 95.50837278366089
806.0 94.63235139846802
807.0 93.38058233261108
808.0 91.71099662780762
809.0 89.85399007797241
810.0 87.70228028297424
811.0 85.06383299827576
812.0 81.91313743591309
813.0 78.42158675193787
814.0 74.32696223258972
815.0 70.05782723426819
816.0 65.78376889228821
817.0 61.00047826766968
818.0 56.124693155288696
819.0 51.89787149429321
820.0 47.18017876148224
821.0 42.72889494895935
822.0 38.399314880371094
823.0 33.82045328617096
824.0 29.251036047935486
825.0 25.059998035430908
826.0 20.660199224948883
827.0 16.08988791704178
828.0 12.236900627613068
829.0 8.740869164466858
830.0 5.612087622284889
831.0 3.687920793890953
832.0 2.1454256027936935
833.0 1.2908629141747952
834.0 0.6971475202590227
835.0 0.41252090595662594
836.0 0.26304584462195635
837.0 0.17846109112724662
838.0 0.1017896574921906
839.0 0.07671799976378679
840.0 0.03876973933074623
841.0 0.037648717989213765
842.0 1.590179051803864e-10
843.0 0.006532951374538243
844.0 1.590179051803864e-10
845.0 1.590179051803864e-10
846.0 1.590179051803864e-10
847.0 1.590179051803864e-10
848.0 1.590179051803864e-10
849.0 0.015360214456450194
850.0 1.590179051803864e-10
851.0 1.590179051803864e-10
852.0 0.0007781980457366444
853.0 0.000871727752382867
854.0 0.0009652577318775002
855.0 0.0009505331036052667
856.0 0.0009358086572319735
857.0 0.0008622991117590573
858.0 0.0007887893843872007
859.0 0.00048592060011287685
860.0 0.00018305171352039906
861.0 0.00023730244720354676
862.0 0.0002915531240432756
863.0 9.472063311477541e-05
864.0 1.590179051803864e-10
865.0 1.590179051803864e-10
866.0 3.555189778126078e-05
867.0 1.590179051803864e-10
868.0 1.590179051803864e-10
869.0 1.590179051803864e-10
870.0 1.590179051803864e-10
871.0 1.590179051803864e-10
872.0 0.00012924191423735465
873.0 0.0001360494479740737
874.0 0.00014285693623605766
875.0 0.00015407418914037407
876.0 0.00016529146478205803
877.0 1.590179051803864e-10
878.0 1.590179051803864e-10
879.0 0.0001025552705868904
880.0 0.0004732907655125018
881.0 0.00026338013867643895
882.0 5.3469551630769274e-05
883.0 0.0001349031208519591
884.0 0.00021633672986354213
885.0 5.2318745247248444e-05
886.0 1.590179051803864e-10
887.0 6.668682317467756e-05
888.0 0.00024507289708708413
889.0 0.00010576467275313917
890.0 1.590179051803864e-10
891.0 6.0017089253960876e-05
892.0 0.00015357766187662492
893.0 0.00020736201804538723
894.0 0.00026114637421414955
895.0 1.590179051803864e-10
896.0 1.590179051803864e-10
897.0 1.590179051803864e-10
