lsstCam/transmission_filter_detector/r21_s02/y_10/19700101T000000.ecsv
# %ECSV 1.0
# ---
# datatype:
# - {name: wavelength, unit: nm, datatype: float32}
# - {name: efficiency, unit: '%', datatype: float64}
# meta: !!omap
# - {MODE: DETECTOR}
# - {TYPE: transmission_filter_detector}
# - {CALIBDATE: '1970-01-01T00:00:00'}
# - {INSTRUME: LSSTCam}
# - {OBSTYPE: transmission_filter_detector}
# - {CALIBCLS: lsst.ip.isr.IntermediateFilterDetectorTransmissionCurve}
# - {SOURCE: Materion (DM-46256)}
# - {DETECTOR: 83}
# - {FILTER: y_10}
# - {CALIB_ID: 'calibDate=1970-01-01T00:00:00 filter=y_10 detector=83'}
# - {DATE: '2025-04-02T15:59:51.126838'}
# - {CALIB_CREATION_DATE: '2025-04-02'}
# - {CALIB_CREATION_TIME: '15:59:51'}
# - __serialized_columns__:
#     efficiency:
#       __class__: astropy.units.quantity.Quantity
#       unit: !astropy.units.Unit {unit: '%'}
#       value: !astropy.table.SerializedColumn {name: efficiency}
#     wavelength:
#       __class__: astropy.units.quantity.Quantity
#       unit: !astropy.units.Unit {unit: nm}
#       value: !astropy.table.SerializedColumn {name: wavelength}
# schema: astropy-2.0
wavelength efficiency
300.0 0.4671646747738123
301.0 0.2510001417249441
302.0 0.03483557957224548
303.0 0.0323329382808879
304.0 0.029830296989530325
305.0 0.01939787034643814
306.0 0.008965440065367147
307.0 0.01595362409716472
308.0 0.02294180594617501
309.0 0.015774845087435097
310.0 0.008607883501099423
311.0 0.0076197582529857755
312.0 0.006631630822084844
313.0 0.006631343421759084
314.0 0.006631055293837562
315.0 0.005703810529666953
316.0 0.004776567220687866
317.0 0.0047772999096196145
318.0 0.004778030051966198
319.0 0.0025266197553719394
320.0 0.00027520866296981694
321.0 0.0022930040358914994
322.0 0.00431079970439896
323.0 0.003704646587721072
324.0 0.0030984934710431844
325.0 0.001230793623108184
326.0 1.578855969575077e-10
327.0 0.00038132934605528135
328.0 0.00139956537168473
329.0 0.0028810492949560285
330.0 0.004362533218227327
331.0 0.0036864981666440144
332.0 0.0030104627512628213
333.0 0.0021198036847636104
334.0 0.0012291442544665188
335.0 0.0018659125998965465
336.0 0.0025026811272255145
337.0 0.0028780303182429634
338.0 0.0032533789635635912
339.0 0.0018208844267064705
340.0 0.00038838984437461477
341.0 1.578855969575077e-10
342.0 1.578855969575077e-10
343.0 0.0003778702875933959
344.0 0.0012096879800083116
345.0 0.0014608331184717827
346.0 0.0017119788026320748
347.0 0.0016020936527638696
348.0 0.001492208230047254
349.0 0.0013171049431548454
350.0 0.0011420014743634965
351.0 0.0015516799976467155
352.0 0.0019613580661825836
353.0 0.0015489284123759717
354.0 0.00113649884951883
355.0 0.00117044346552575
356.0 0.0012043881724821404
357.0 0.001033583794196602
358.0 0.0008627792340121232
359.0 0.0009371245141664986
360.0 0.001011469885270344
361.0 0.0012454765055736061
362.0 0.0014794829439779278
363.0 0.0011746580639737658
364.0 0.000869832729222253
365.0 0.0012481416888476815
366.0 0.0016264511941699311
367.0 0.00201258353627054
368.0 0.002398715696472209
369.0 0.002021593536483124
370.0 0.0016444713764940389
371.0 0.0016922578652156517
372.0 0.0017400439901393838
373.0 0.0021175101210246794
374.0 0.0024949760700110346
375.0 0.003421297878958285
376.0 0.004347619687905535
377.0 0.004242643262841739
378.0 0.004137667201575823
379.0 0.0035060969821643084
380.0 0.002874526944651734
381.0 0.0019349212379893288
382.0 0.0009953153494279832
383.0 0.0010456133168190718
384.0 0.0010959107385133393
385.0 0.0008572498700232245
386.0 0.0006185890470078448
387.0 0.0007052239197946619
388.0 0.0007918588380562142
389.0 0.0006423367267416324
390.0 0.000492814751851256
391.0 0.00043559653022384737
392.0 0.00037837837680854136
393.0 0.000568840414416627
394.0 0.0007593026111862855
395.0 0.0006712090907967649
396.0 0.0005831155704072444
397.0 0.0007705948519287631
398.0 0.0009580740879755467
399.0 0.001172844713437371
400.0 0.0013876153388991952
401.0 0.0015618088582414202
402.0 0.0017360025594825856
403.0 0.0018106882635038346
404.0 0.0018853739675250836
405.0 0.0018050679500447586
406.0 0.001724762114463374
407.0 0.001419901764165843
408.0 0.001115041504817782
409.0 0.000860662021295866
410.0 0.0006062822194508044
411.0 0.0002704123971852823
412.0 1.578855969575077e-10
413.0 0.0004010958036815282
414.0 0.0008676486686454155
415.0 0.0014130986528471112
416.0 0.001958548637048807
417.0 0.0008540922863176093
418.0 1.578855969575077e-10
419.0 1.578855969575077e-10
420.0 1.578855969575077e-10
421.0 1.578855969575077e-10
422.0 0.0005209658411331475
423.0 0.00037119471016922034
424.0 0.00022142328361951513
425.0 1.578855969575077e-10
426.0 1.578855969575077e-10
427.0 6.038935111973842e-05
428.0 0.0005823940682603279
429.0 0.00010812756272571278
430.0 1.578855969575077e-10
431.0 0.0003138370630040299
432.0 0.000993813227978535
433.0 0.0008487299965054262
434.0 0.0007036472197796684
435.0 0.00023534691990789725
436.0 1.578855969575077e-10
437.0 2.7098334953734593e-05
438.0 0.00028715014650515513
439.0 1.578855969575077e-10
440.0 1.578855969575077e-10
441.0 1.578855969575077e-10
442.0 1.578855969575077e-10
443.0 1.578855969575077e-10
444.0 1.578855969575077e-10
445.0 0.00018695274093261105
446.0 0.00042918081817333587
447.0 0.0006857351763756014
448.0 0.000942289534577867
449.0 0.0007942832780827302
450.0 0.0006462768851633882
451.0 0.0004405569143273169
452.0 0.0002348369889659807
453.0 8.464123766316334e-05
454.0 1.578855969575077e-10
455.0 1.578855969575077e-10
456.0 1.578855969575077e-10
457.0 1.578855969575077e-10
458.0 1.578855969575077e-10
459.0 1.578855969575077e-10
460.0 0.00019792094008153072
461.0 0.0004248705408826936
462.0 0.000651820164421224
463.0 0.0004264025847078301
464.0 0.0002009850732065388
465.0 0.00035677569485415006
466.0 0.000512566430188599
467.0 0.0011021553291357122
468.0 0.00169174400070915
469.0 0.0017944190403795801
470.0 0.0018970935343531892
471.0 0.0019943263396271504
472.0 0.0020915585992042907
473.0 0.002412903995718807
474.0 0.0027342493922333233
475.0 0.0028138769266661257
476.0 0.0028935046429978684
477.0 0.003198303238605149
478.0 0.0035031021980103105
479.0 0.004112283568247221
480.0 0.004721464574686252
481.0 0.004771683234139346
482.0 0.00482190189359244
483.0 0.0043040665332227945
484.0 0.0037862308090552688
485.0 0.003852290683425963
486.0 0.003918350193998776
487.0 0.003436635233811103
488.0 0.0029549202736234292
489.0 0.0025096671379287727
490.0 0.002064414366031997
491.0 0.0018605031073093414
492.0 0.0016565914847888052
493.0 0.0013712849977309816
494.0 0.0010859786925720982
495.0 0.0011769946468120907
496.0 0.001268010601052083
497.0 0.001737387356115505
498.0 0.002206764111178927
499.0 0.0024374401618842967
500.0 0.002668116030690726
501.0 0.002806678276101593
502.0 0.0029452407034114003
503.0 0.0029327844458748586
504.0 0.0029203280064393766
505.0 0.0031249350286088884
506.0 0.00332954186887946
507.0 0.0024536675482522696
508.0 0.0015777926819282584
509.0 0.0018351398466620594
510.0 0.0020924864656990394
511.0 0.0022271120542427525
512.0 0.0023617376427864656
513.0 0.00213379789784085
514.0 0.0019058586985920556
515.0 0.001608852471690625
516.0 0.0013118461538397241
517.0 0.0013638113159686327
518.0 0.0014157761142996605
519.0 0.0015673776943003759
520.0 0.001718979183351621
521.0 0.0018508522771298885
522.0 0.001982724825211335
523.0 0.0019334989701746963
524.0 0.0018842731151380576
525.0 0.002234729799965862
526.0 0.0025851868485915475
527.0 0.0024594730348326266
528.0 0.002333759402972646
529.0 0.002480544389982242
530.0 0.002627329195092898
531.0 0.0024658949769218452
532.0 0.0023044607587507926
533.0 0.0024196388039854355
534.0 0.0025348164854221977
535.0 0.002262130146846175
536.0 0.001989443444472272
537.0 0.002391473753959872
538.0 0.0027935038815485314
539.0 0.003433143501752056
540.0 0.0040727827581577
541.0 0.004190845356788486
542.0 0.004308907955419272
543.0 0.0045454129576683044
544.0 0.004781917596119456
545.0 0.004861333945882507
546.0 0.004940750295645557
547.0 0.004045407695230097
548.0 0.003150065094814636
549.0 0.002884296372940298
550.0 0.0026185276510659605
551.0 0.0026051073291455396
552.0 0.0025916868253261782
553.0 0.0030006031010998413
554.0 0.0034095188311766833
555.0 0.003640316936071031
556.0 0.003871115404763259
557.0 0.003636152541730553
558.0 0.003401189678697847
559.0 0.0032579668186372146
560.0 0.0031147439585765824
561.0 0.0033029944461304694
562.0 0.0034912449336843565
563.0 0.003371923594386317
564.0 0.003252602618886158
565.0 0.0038053858588682488
566.0 0.00435816909885034
567.0 0.004627280213753693
568.0 0.004896391328657046
569.0 0.005430945748230442
570.0 0.005965499804005958
571.0 0.005996516483719461
572.0 0.006027533163432963
573.0 0.006186379323480651
574.0 0.006345225847326219
575.0 0.006299617234617472
576.0 0.006254008621908724
577.0 0.005591572698904201
578.0 0.004929137139697559
579.0 0.005689400859409943
580.0 0.006449664942920208
581.0 0.0072956536314450204
582.0 0.008141643047565594
583.0 0.009177726315101609
584.0 0.0102138081274461
585.0 0.010639798711054027
586.0 0.011065790022257715
587.0 0.010662162094376981
588.0 0.010258531256113201
589.0 0.010175263741984963
590.0 0.010091997683048248
591.0 0.00928025838220492
592.0 0.008468517626170069
593.0 0.007099111826391891
594.0 0.005729707845603116
595.0 0.0056389017117908224
596.0 0.0055480963055742905
597.0 0.006169975677039474
598.0 0.006791855412302539
599.0 0.007897976320236921
600.0 0.009004095772979781
601.0 0.009695952758193016
602.0 0.010387806105427444
603.0 0.0109498665551655
604.0 0.011511928460095078
605.0 0.011139053822262213
606.0 0.010766179912025109
607.0 0.009210130519932136
608.0 0.007654081855434924
609.0 0.0060283833590801805
610.0 0.004402685954119079
611.0 0.003693223334266804
612.0 0.00298376107821241
613.0 0.0035669709177454934
614.0 0.004150180393480696
615.0 0.005049847823102027
616.0 0.005949516344117001
617.0 0.0076104202889837325
618.0 0.009271323506254703
619.0 0.01026808240567334
620.0 0.011264840577496216
621.0 0.011770236596930772
622.0 0.01227563334396109
623.0 0.011798009654739872
624.0 0.011320385237922892
625.0 0.009801722626434639
626.0 0.008283057832159102
627.0 0.006652719457633793
628.0 0.005022379264119081
629.0 0.004125146369915456
630.0 0.0032279138395097107
631.0 0.0028154085157439113
632.0 0.002402903191978112
633.0 0.0026137029635719955
634.0 0.0028245029170648195
635.0 0.0030302817322080955
636.0 0.003236060365452431
637.0 0.003978671520599164
638.0 0.004721283039543778
639.0 0.004806869037565775
640.0 0.004892455035587773
641.0 0.005243855048320256
642.0 0.00559525506105274
643.0 0.005199114093557
644.0 0.00480297276226338
645.0 0.004590786193148233
646.0 0.004378598896437325
647.0 0.0034509819670347497
648.0 0.002523365037632175
649.0 0.0019062863430008292
650.0 0.0012892073755210731
651.0 0.0014243431905924808
652.0 0.0015594794604112394
653.0 0.0016561489246669225
654.0 0.0017528182070236653
655.0 0.0016978481653495692
656.0 0.001642878123675473
657.0 0.0015875863027758896
658.0 0.0015322944818763062
659.0 0.0017143187506007962
660.0 0.0018963428374263458
661.0 0.0016818083167891018
662.0 0.0014672737961518578
663.0 0.0021739959265687503
664.0 0.0028807184207835235
665.0 0.003518765515764244
666.0 0.004156812792643905
667.0 0.005017265721107833
668.0 0.005877717194380239
669.0 0.006396212847903371
670.0 0.0069147041358519346
671.0 0.007341754826484248
672.0 0.0077688055171165615
673.0 0.008004425762919709
674.0 0.008240046008722857
675.0 0.007489098061341792
676.0 0.006738151569152251
677.0 0.005430141391116194
678.0 0.004122131213080138
679.0 0.00268829917331459
680.0 0.0012544677701953333
681.0 0.0005687897555617383
682.0 1.578855969575077e-10
683.0 0.00024732944439165294
684.0 0.0006115472388046328
685.0 0.00036652972994488664
686.0 0.00012151223245382425
687.0 0.00019782819435931742
688.0 0.00027414421310822945
689.0 0.0002985170112879132
690.0 0.0003228898322049645
691.0 0.0004137802534387447
692.0 0.0005046707428846275
693.0 0.0003355162789375754
694.0 0.00016636182635920704
695.0 0.0003862793619191507
696.0 0.0006061969088477781
697.0 0.0005260795205686009
698.0 0.00044596204133995343
699.0 0.0003802492301474558
700.0 0.0003145362143186503
701.0 0.00022967694803810446
702.0 0.00014481773860097746
703.0 0.000270415057457285
704.0 0.00039601236494490877
705.0 0.0004649389666155912
706.0 0.0005338654318620684
707.0 0.00021439113879750948
708.0 1.578855969575077e-10
709.0 6.553777325279952e-05
710.0 0.00023615873487869976
711.0 0.0004346550667833071
712.0 0.000633151421425282
713.0 0.00045406422941596247
714.0 0.00027497706014401047
715.0 0.00031732242860016413
716.0 0.00035966781979368534
717.0 0.0002655454863997875
718.0 0.00017142318711194093
719.0 0.00032765847208793275
720.0 0.0004838937002205057
721.0 0.0005254215011518681
722.0 0.0005669493475579657
723.0 0.00045462425077857915
724.0 0.00034229908578709
725.0 0.00040171644286601804
726.0 0.0004611339591065189
727.0 0.000271440262622491
728.0 8.174688446160872e-05
729.0 0.00019671190329972887
730.0 0.0003116771040367894
731.0 0.0005315658654581057
732.0 0.0007514548087783623
733.0 0.0002618536655063508
734.0 1.578855969575077e-10
735.0 1.578855969575077e-10
736.0 1.578855969575077e-10
737.0 0.00030700457500643097
738.0 0.0007101838491507806
739.0 0.0004997467385692289
740.0 0.0002893093096645316
741.0 0.00018636854974829475
742.0 8.342773298863904e-05
743.0 1.578855969575077e-10
744.0 1.578855969575077e-10
745.0 0.00022062524749344448
746.0 0.0005707140644517494
747.0 0.0003665651547635207
748.0 0.00016241630191871081
749.0 1.578855969575077e-10
750.0 1.578855969575077e-10
751.0 1.578855969575077e-10
752.0 0.0002101812924593105
753.0 0.0004393895324028563
754.0 0.0006685977496090345
755.0 1.578855969575077e-10
756.0 1.578855969575077e-10
757.0 1.578855969575077e-10
758.0 1.578855969575077e-10
759.0 0.0002056276798612089
760.0 0.0007111960258043837
761.0 0.0004222872121317778
762.0 0.00013337834161575302
763.0 5.510081564352731e-05
764.0 1.578855969575077e-10
765.0 0.00018594294033391634
766.0 0.0003950624886783771
767.0 1.578855969575077e-10
768.0 1.578855969575077e-10
769.0 1.578855969575077e-10
770.0 1.578855969575077e-10
771.0 1.578855969575077e-10
772.0 1.578855969575077e-10
773.0 0.00026241566501994384
774.0 0.0006714731625834247
775.0 0.00043047534745710436
776.0 0.00018947736180052743
777.0 0.0002906764848376042
778.0 0.0003918755737686297
779.0 0.0005491382580657955
780.0 0.0007064010333124315
781.0 0.0005984154086036142
782.0 0.0004904296474705916
783.0 0.0004194333541818196
784.0 0.0003484371063677827
785.0 0.00016956244053289993
786.0 1.578855969575077e-10
787.0 0.0004808319772564573
788.0 0.0009709762707643677
789.0 0.0008037056431930978
790.0 0.0006364349246723577
791.0 0.0005097728262626333
792.0 0.00038311059142870363
793.0 0.0004981794518243987
794.0 0.0006132480848464184
795.0 0.0006667027264484204
796.0 0.0007201572316262173
797.0 0.00038531661630258895
798.0 5.0476057822379516e-05
799.0 0.0004918553258903557
800.0 0.0009332345143775456
801.0 0.0005960445378150325
802.0 0.0002588546067272546
803.0 0.0004590672233462101
804.0 0.0006592798854399007
805.0 0.0007998984983714763
806.0 0.0009405170203535818
807.0 0.0006923881755938055
808.0 0.000444259194409824
809.0 0.0002066059096250683
810.0 1.578855969575077e-10
811.0 0.0004048142272949917
812.0 0.0008406756933254655
813.0 0.0010154780284210574
814.0 0.0011902804544661194
815.0 0.0010775800546980463
816.0 0.0009648792001826223
817.0 0.0008480324140691664
818.0 0.0007311856279557105
819.0 0.0008501242518832441
820.0 0.0009690629667602479
821.0 0.0008021597750484943
822.0 0.0006352565378620056
823.0 0.000622896232016501
824.0 0.0006105361535446718
825.0 0.000693820675223833
826.0 0.0007771052878524642
827.0 0.0008172184607246891
828.0 0.0008573318154958542
829.0 0.0005431810222944478
830.0 0.00022903025183040882
831.0 0.00015509426702919882
832.0 8.11584527582454e-05
833.0 0.00035178306916350266
834.0 0.0006224075150385033
835.0 0.00010454947414473281
836.0 1.578855969575077e-10
837.0 1.578855969575077e-10
838.0 7.567305146949366e-05
839.0 0.00044425164560379926
840.0 0.0008128302397381049
841.0 0.000966805328062037
842.0 0.001120780325436499
843.0 0.0009373316061100923
844.0 0.0007538825684605399
845.0 0.0006157200459711021
846.0 0.00047755747800692916
847.0 0.0008002419235708658
848.0 0.0011229263691348024
849.0 0.0009501351087237708
850.0 0.0007773433935653884
851.0 0.000973426995187765
852.0 0.0011695105968101416
853.0 0.0005381122264225269
854.0 1.578855969575077e-10
855.0 1.578855969575077e-10
856.0 1.578855969575077e-10
857.0 0.0004229667865729425
858.0 0.001303770113736391
859.0 0.0011122022442577872
860.0 0.0009206341928802431
861.0 0.0012467525266401935
862.0 0.0015728710422990844
863.0 0.0017250988094019704
864.0 0.0018773265765048563
865.0 0.001985220114875119
866.0 0.002093113653245382
867.0 0.0026721314497990534
868.0 0.003251148882554844
869.0 0.0029666844056919217
870.0 0.002682219746930059
871.0 0.003205796383554116
872.0 0.0037293724744813517
873.0 0.0028809199648094364
874.0 0.0020324676370364614
875.0 0.002510395643184893
876.0 0.0029883232855354436
