lsstCam/transmission_filter_detector/r21_s02/y_10/19700101T000000.ecsv
# %ECSV 1.0
# ---
# datatype:
# - {name: wavelength, unit: nm, datatype: float32}
# - {name: efficiency, unit: '%', datatype: float64}
# meta: !!omap
# - {MODE: DETECTOR}
# - {TYPE: transmission_filter_detector}
# - {CALIBDATE: '1970-01-01T00:00:00'}
# - {INSTRUME: LSSTCam}
# - {OBSTYPE: transmission_filter_detector}
# - {CALIBCLS: lsst.ip.isr.IntermediateFilterDetectorTransmissionCurve}
# - {SOURCE: Materion (DM-46256)}
# - {DETECTOR: 83}
# - {FILTER: y_10}
# - {CALIB_ID: 'calibDate=1970-01-01T00:00:00 filter=y_10 detector=83'}
# - {DATE: '2025-04-02T15:59:51.126838'}
# - {CALIB_CREATION_DATE: '2025-04-02'}
# - {CALIB_CREATION_TIME: '15:59:51'}
# - __serialized_columns__:
#     efficiency:
#       __class__: astropy.units.quantity.Quantity
#       unit: !astropy.units.Unit {unit: '%'}
#       value: !astropy.table.SerializedColumn {name: efficiency}
#     wavelength:
#       __class__: astropy.units.quantity.Quantity
#       unit: !astropy.units.Unit {unit: nm}
#       value: !astropy.table.SerializedColumn {name: wavelength}
# schema: astropy-2.0
wavelength efficiency
[from data line 578]
878.0 0.0010695083801692817
879.0 0.0017128748368122615
880.0 0.088081433204934
881.0 0.09355184738524258
882.0 0.07600717945024371
883.0 0.09967896621674299
884.0 0.056511699222028255
885.0 0.10765762999653816
886.0 0.08251692051999271
887.0 0.10347013594582677
888.0 0.06638579652644694
889.0 0.11350719723850489
890.0 0.06798926624469459
891.0 0.10511033469811082
892.0 0.07328573847189546
893.0 0.10329079814255238
894.0 0.09097931324504316
895.0 0.11068008607253432
896.0 0.08486477890983224
897.0 0.12801468838006258
898.0 0.1023594755679369
899.0 0.13705147430300713
900.0 0.11560787679627538
901.0 0.15661686193197966
902.0 0.1891380874440074
903.0 0.20705703645944595
904.0 0.2521468559280038
905.0 0.29623087029904127
906.0 0.37910202518105507
907.0 0.49329260364174843
908.0 0.675998255610466
909.0 0.9420940652489662
910.0 1.3416625559329987
911.0 1.9106058403849602
912.0 2.7932021766901016
913.0 4.091717302799225
914.0 5.56744821369648
915.0 7.6432965695858
916.0 10.105276852846146
917.0 12.699618935585022
918.0 15.56815654039383
919.0 18.2806134223938
920.0 21.961598098278046
921.0 25.854578614234924
922.0 29.822000861167908
923.0 34.538984298706055
924.0 39.63346779346466
925.0 45.19474506378174
926.0 51.75454020500183
927.0 58.64284038543701
928.0 64.59052562713623
929.0 70.8949089050293
930.0 76.2665867805481
931.0 81.45297765731812
932.0 86.05754375457764
933.0 89.88363742828369
934.0 92.52005815505981
935.0 94.33201551437378
936.0 95.6390380859375
937.0 96.57002687454224
938.0 97.12305068969727
939.0 97.34416007995605
940.0 97.57826924324036
941.0 97.68729209899902
942.0 97.83398509025574
943.0 97.89063930511475
944.0 98.12285304069519
945.0 98.0242133140564
946.0 98.06880950927734
947.0 98.03369641304016
948.0 98.19720983505249
949.0 98.06222915649414
950.0 98.22021722793579
951.0 98.29344749450684
952.0 98.37943315505981
953.0 98.52920770645142
954.0 98.60738515853882
955.0 98.65918755531311
956.0 98.87676239013672
957.0 98.98737072944641
958.0 99.10754561424255
959.0 99.14348721504211
960.0 99.19934272766113
961.0 99.23288822174072
962.0 99.29386973381042
963.0 99.31028485298157
964.0 99.32332038879395
965.0 99.31619763374329
966.0 99.38691854476929
967.0 99.49719309806824
968.0 99.4717001914978
969.0 99.44573044776917
970.0 99.49283599853516
971.0 99.5508074760437
972.0 99.57578182220459
973.0 99.68705773353577
974.0 99.65909123420715
975.0 99.61639642715454
976.0 99.64038133621216
977.0 99.62207078933716
978.0 99.68684315681458
979.0 99.5987057685852
980.0 99.5436429977417
981.0 99.45498704910278
982.0 99.40490126609802
983.0 99.42904114723206
984.0 99.37804937362671
985.0 99.43495392799377
986.0 99.29696917533875
987.0 99.36178922653198
988.0 99.30292963981628
989.0 99.31672215461731
990.0 99.29969310760498
991.0 99.33964014053345
992.0 99.40802454948425
993.0 99.36495423316956
994.0 99.33305382728577
995.0 99.38913583755493
996.0 99.406898021698
997.0 99.53495264053345
998.0 99.55381155014038
999.0 99.58625435829163
1000.0 99.58966374397278
1001.0 99.55591559410095
1002.0 99.66647028923035
1003.0 99.66881275177002
1004.0 99.70283508300781
1005.0 99.62255954742432
1006.0 99.76416826248169
1007.0 99.70385432243347
1008.0 99.68934655189514
1009.0 99.61605668067932
1010.0 99.67321753501892
1011.0 99.64516162872314
1012.0 99.57592487335205
1013.0 99.59705471992493
1014.0 99.58457350730896
1015.0 99.52306151390076
1016.0 99.51498508453369
1017.0 99.56673979759216
1018.0 99.59032535552979
1019.0 99.55151677131653
1020.0 99.6121883392334
1021.0 99.76938962936401
1022.0 99.65025186538696
1023.0 99.68224167823792
1024.0 99.66362714767456
1025.0 99.6759295463562
1026.0 99.73727464675903
1027.0 99.85854625701904
1028.0 99.73654747009277
1029.0 99.87668991088867
1030.0 99.90797638893127
1031.0 99.82103109359741
1032.0 99.85933303833008
1033.0 99.78916645050049
1034.0 99.81987476348877
1035.0 99.87810254096985
1036.0 99.77381229400635
1037.0 99.79181289672852
1038.0 99.77949261665344
1039.0 99.67111349105835
1040.0 99.64308738708496
1041.0 99.68686699867249
1042.0 99.68509078025818
1043.0 99.56881403923035
1044.0 99.66093301773071
1045.0 99.4106650352478
1046.0 99.62785243988037
1047.0 99.53855276107788
1048.0 99.57883358001709
1049.0 99.53271150588989
1050.0 99.600088596344
1051.0 99.52102899551392
1052.0 99.55325722694397
1053.0 99.38508868217468
1054.0 99.66365098953247
1055.0 99.66863989830017
1056.0 99.52960014343262
1057.0 99.70860481262207
1058.0 99.54509139060974
1059.0 99.55299496650696
1060.0 99.59900975227356
1061.0 99.47221875190735
1062.0 99.51766729354858
1063.0 99.43668842315674
1064.0 99.66115355491638
1065.0 99.48694109916687
1066.0 99.44469332695007
1067.0 99.66199994087219
1068.0 99.59659576416016
1069.0 99.24314618110657
1070.0 99.56894516944885
1071.0 99.46130514144897
1072.0 99.58303570747375
1073.0 99.66343641281128
1074.0 99.25337433815002
1075.0 99.31733012199402
1076.0 99.01970624923706
1077.0 99.44356679916382
1078.0 99.76452589035034
1079.0 99.34020042419434
1080.0 99.96288418769836
1081.0 99.11901950836182
1082.0 99.263596534729
1083.0 99.14073348045349
1084.0 99.43928122520447
1085.0 99.3140459060669
1086.0 99.2972195148468
1087.0 99.34762120246887
1088.0 99.08798336982727
1089.0 99.05402660369873
1090.0 99.15507435798645
1091.0 99.11796450614929
1092.0 99.05757904052734
1093.0 98.9545226097107
1094.0 98.62026572227478
1095.0 98.7992525100708
1096.0 98.98101091384888
1097.0 98.47094416618347
1098.0 98.22971820831299
1099.0 98.97122979164124
1100.0 98.57064485549927
