lsstCam/transmission_filter_detector/r13_s01/y_10/19700101T000000.ecsv
# %ECSV 1.0
# ---
# datatype:
# - {name: wavelength, unit: nm, datatype: float32}
# - {name: efficiency, unit: '%', datatype: float64}
# meta: !!omap
# - {MODE: DETECTOR}
# - {TYPE: transmission_filter_detector}
# - {CALIBDATE: '1970-01-01T00:00:00'}
# - {INSTRUME: LSSTCam}
# - {OBSTYPE: transmission_filter_detector}
# - {CALIBCLS: lsst.ip.isr.IntermediateFilterDetectorTransmissionCurve}
# - {SOURCE: Materion (DM-46256)}
# - {DETECTOR: 55}
# - {FILTER: y_10}
# - {CALIB_ID: 'calibDate=1970-01-01T00:00:00 filter=y_10 detector=55'}
# - {DATE: '2025-04-02T15:59:50.996812'}
# - {CALIB_CREATION_DATE: '2025-04-02'}
# - {CALIB_CREATION_TIME: '15:59:50'}
# - __serialized_columns__:
#     efficiency:
#       __class__: astropy.units.quantity.Quantity
#       unit: !astropy.units.Unit {unit: '%'}
#       value: !astropy.table.SerializedColumn {name: efficiency}
#     wavelength:
#       __class__: astropy.units.quantity.Quantity
#       unit: !astropy.units.Unit {unit: nm}
#       value: !astropy.table.SerializedColumn {name: wavelength}
# schema: astropy-2.0
wavelength efficiency
300.0 0.5374344065785408
301.0 0.2927475143224001
302.0 0.04806059587281197
303.0 0.04096290213055909
304.0 0.033865211298689246
305.0 0.02010513562709093
306.0 0.006345055589918047
307.0 0.013643462443724275
308.0 0.020941866387147456
309.0 0.01544618426123634
310.0 0.009950498497346416
311.0 0.009136438166024163
312.0 0.008322376379510388
313.0 0.006958485028007999
314.0 0.005594594404101372
315.0 0.004618226375896484
316.0 0.003641861621872522
317.0 0.003812672002823092
318.0 0.0039834794733906165
319.0 0.002127726656908635
320.0 0.00027197268082090886
321.0 0.00213876883208286
322.0 0.004005564915132709
323.0 0.0027886757379746996
324.0 0.0015717865608166903
325.0 0.0009363468052470125
326.0 0.0003009068450410268
327.0 0.0010262622708978597
328.0 0.001751617674017325
329.0 0.0031756924727233127
330.0 0.0045997672714293
331.0 0.003990190816693939
332.0 0.0033806139981606975
333.0 0.002376082193222828
334.0 0.001371549933537608
335.0 0.0015522238754783757
336.0 0.0017328984540654346
337.0 0.0023668973881285638
338.0 0.0030008961402927525
339.0 0.0015487839846173301
340.0 9.667169251770247e-05
341.0 1.6011272169214052e-10
342.0 1.6011272169214052e-10
343.0 0.00031990130082704127
344.0 0.0010954850949929096
345.0 0.0014377924344444182
346.0 0.0017801005014916882
347.0 0.001791746763046831
348.0 0.0018033928427030332
349.0 0.001333690761384787
350.0 0.0008639884072181303
351.0 0.0013656225746672135
352.0 0.0018672561054700054
353.0 0.0014660212400485761
354.0 0.0010647862836776767
355.0 0.0011987872312602121
356.0 0.0013327881788427476
357.0 0.0010706727152864914
358.0 0.0008085569788818248
359.0 0.0009125805263465736
360.0 0.0010166041647607926
361.0 0.00129765985548147
362.0 0.0015787152733537368
363.0 0.0012280243026907556
364.0 0.0008773328772804234
365.0 0.0012012973456876352
366.0 0.0015252623597916681
367.0 0.0020509029127424583
368.0 0.002576543738541659
369.0 0.0021699530407204293
370.0 0.00176336252479814
371.0 0.0017072261471184902
372.0 0.0016510894056409597
373.0 0.002032330485235434
374.0 0.002413571382930968
375.0 0.003254243711126037
376.0 0.004094915857422166
377.0 0.004104569961782545
378.0 0.004114224066142924
379.0 0.0036544137401506305
380.0 0.003194603050360456
381.0 0.002174604196625296
382.0 0.0011546051609911956
383.0 0.0011613186870818026
384.0 0.0011680320312734693
385.0 0.0009154260624200106
386.0 0.0006628199571423465
387.0 0.0007337121132877655
388.0 0.0008046043149079196
389.0 0.0006960868631722406
390.0 0.0005875695023860317
391.0 0.0005774101282440824
392.0 0.0005672508905263385
393.0 0.0005787684585811803
394.0 0.0005902861630602274
395.0 0.0005440179847937543
396.0 0.0004977498974767514
397.0 0.000708599418430822
398.0 0.0009194488484354224
399.0 0.0012522296856332105
400.0 0.0015850106137804687
401.0 0.0016763997336965986
402.0 0.0017677890355116688
403.0 0.0018071725207846612
404.0 0.001846556187956594
405.0 0.0018262191588291898
406.0 0.001805882311600726
407.0 0.0015125689969863743
408.0 0.001219255955220433
409.0 0.0009591937669028994
410.0 0.0006991313057369553
411.0 0.000567018787478446
412.0 0.00043490640564414207
413.0 0.000937220647756476
414.0 0.0014395347534446046
415.0 0.002093388502544258
416.0 0.0027472426154417917
417.0 0.001307105503656203
418.0 1.6011272169214052e-10
419.0 1.6011272169214052e-10
420.0 1.6011272169214052e-10
421.0 5.268126983537513e-05
422.0 0.0007242660103656817
423.0 0.000835173068480799
424.0 0.000946080035646446
425.0 0.00021138716874702368
426.0 1.6011272169214052e-10
427.0 1.6011272169214052e-10
428.0 0.00032148068385140505
429.0 2.2256652698615653e-05
430.0 1.6011272169214052e-10
431.0 0.00037634529235219816
432.0 0.0010296581422153395
433.0 0.0008456440809823107
434.0 0.0006616305199713679
435.0 9.595008805263205e-05
436.0 1.6011272169214052e-10
437.0 1.6011272169214052e-10
438.0 0.00025366093723278027
439.0 1.6011272169214052e-10
440.0 1.6011272169214052e-10
441.0 1.6011272169214052e-10
442.0 1.6011272169214052e-10
443.0 1.6011272169214052e-10
444.0 9.403426020071493e-05
445.0 0.00012715418051811866
446.0 0.00016027396441131714
447.0 0.0005365791821532184
448.0 0.0009128842975769658
449.0 0.0008273962521343492
450.0 0.0007419080247927923
451.0 0.0003159223069815198
452.0 1.6011272169214052e-10
453.0 1.6011272169214052e-10
454.0 1.6011272169214052e-10
455.0 1.6011272169214052e-10
456.0 1.6011272169214052e-10
457.0 1.6011272169214052e-10
458.0 7.188361905718921e-05
459.0 0.00022854630969959544
460.0 0.00038520888665516395
461.0 0.0003651230827017571
462.0 0.0003450372105362476
463.0 0.00041612397581047844
464.0 0.00048721076382207684
465.0 0.0005299962140270509
466.0 0.0005727817551814951
467.0 0.0010681023013603408
468.0 0.0015634226656402461
469.0 0.0016320691429427825
470.0 0.0017007152564474382
471.0 0.0016187323126359843
472.0 0.0015367490050266497
473.0 0.0020583987861755304
474.0 0.002580048567324411
475.0 0.002736962414928712
476.0 0.0028938766263308935
477.0 0.0031961550121195614
478.0 0.0034984339436050504
479.0 0.004152055407757871
480.0 0.0048056765081128106
481.0 0.004754363908432424
482.0 0.004703050581156276
483.0 0.004033112054457888
484.0 0.003363173163961619
485.0 0.0036946927139069885
486.0 0.004026212627650239
487.0 0.0034890268580056727
488.0 0.002951841088361107
489.0 0.0026131792765227146
490.0 0.0022745180103811435
491.0 0.0018599115719553083
492.0 0.0014453047697315924
493.0 0.0011125313903903589
494.0 0.0007797585567459464
495.0 0.001063335184880998
496.0 0.0013469118130160496
497.0 0.00187760542758042
498.0 0.002408299405942671
499.0 0.002373673487454653
500.0 0.002339047750865575
501.0 0.002375973417656496
502.0 0.002412899448245298
503.0 0.002683521233848296
504.0 0.002954142473754473
505.0 0.0034596974728628993
506.0 0.003965252471971326
507.0 0.002819649671437219
508.0 0.001674046325206291
509.0 0.0018579596144263633
510.0 0.0020418727217474952
511.0 0.0019673791030072607
512.0 0.0018928854842670262
513.0 0.0018643808289198205
514.0 0.0018358767192694359
515.0 0.0016623365809209645
516.0 0.001488796442572493
517.0 0.0014663482033938635
518.0 0.0014438996004173532
519.0 0.001495261585660046
520.0 0.0015466233890037984
521.0 0.001751400668581482
522.0 0.0019561777662602253
523.0 0.0017910628230310977
524.0 0.0016259476979030296
525.0 0.0021642210413119756
526.0 0.002702495112316683
527.0 0.0024606486476841383
528.0 0.0022188025468494743
529.0 0.0024855882656993344
530.0 0.002752373620751314
531.0 0.002534152372390963
532.0 0.0023159307602327317
533.0 0.0025649456802057102
534.0 0.0028139598725829273
535.0 0.0024325019694515504
536.0 0.002051043884421233
537.0 0.0024142431357176974
538.0 0.0027774422051152214
539.0 0.0033772688766475767
540.0 0.0039770948205841705
541.0 0.003948682933696546
542.0 0.00392027068301104
543.0 0.004174894638708793
544.0 0.004429518594406545
545.0 0.004918713239021599
546.0 0.005407907519838773
547.0 0.004543348040897399
548.0 0.003678788198158145
549.0 0.0030986808269517496
550.0 0.002518573273846414
551.0 0.0026144751245738007
552.0 0.0027103769753011875
553.0 0.0032083324185805395
554.0 0.00370628695236519
555.0 0.0040153361624106765
556.0 0.004324385736254044
557.0 0.00395721108361613
558.0 0.003590036794776097
559.0 0.003316685979370959
560.0 0.0030433351639658213
561.0 0.0034633612813195214
562.0 0.0038833870348753408
563.0 0.0035431519791018218
564.0 0.003202916559530422
565.0 0.003874153844662942
566.0 0.004545391493593343
567.0 0.004574487684294581
568.0 0.00460358387499582
569.0 0.00508716912008822
570.0 0.005570754001382738
571.0 0.005619800504064187
572.0 0.0056688470067456365
573.0 0.006076234421925619
574.0 0.0064836225647013634
575.0 0.006393882358679548
576.0 0.006304141425061971
577.0 0.005815267650177702
578.0 0.005326393875293434
579.0 0.005927756865276024
580.0 0.006529120582854375
581.0 0.0071078145992942154
582.0 0.007686507888138294
583.0 0.008545142190996557
584.0 0.009403774311067536
585.0 0.009535696153761819
586.0 0.009667618724051863
587.0 0.009789034083951265
588.0 0.00991044580587186
589.0 0.010458343604113907
590.0 0.011006244312739
591.0 0.010168353765038773
592.0 0.009330463944934309
593.0 0.007696035754634067
594.0 0.0060616097471211106
595.0 0.005895126741961576
596.0 0.005728644100599922
597.0 0.006123346247477457
598.0 0.006518048030557111
599.0 0.00733417909941636
600.0 0.008150309440679848
601.0 0.008798843919066712
602.0 0.009447376214666292
603.0 0.010420104808872566
604.0 0.0113928341306746
605.0 0.011540791456354782
606.0 0.011688751692418009
607.0 0.010141611710423604
608.0 0.008594473183620721
609.0 0.006677067722193897
610.0 0.004759663715958595
611.0 0.004055765384691767
612.0 0.0033518670534249395
613.0 0.003707352516357787
614.0 0.004062837615492754
615.0 0.004817775698029436
616.0 0.00557271450816188
617.0 0.006906241469550878
618.0 0.008239768067141995
619.0 0.009083130862563848
620.0 0.009926495113177225
621.0 0.01107885327655822
622.0 0.0122312136227265
623.0 0.01220416888827458
624.0 0.012177123426226899
625.0 0.01076875560102053
626.0 0.009360386320622638
627.0 0.0073832503403536975
628.0 0.005406112541095354
629.0 0.004534283289103769
630.0 0.003662453673314303
631.0 0.003037194619537331
632.0 0.002411935565760359
633.0 0.0025377608835697174
634.0 0.002663586383278016
635.0 0.0027268861231277697
636.0 0.002790185135381762
637.0 0.003666800694190897
638.0 0.004543415707303211
639.0 0.004606905713444576
640.0 0.004670394991990179
641.0 0.005215974306338467
642.0 0.005761553984484635
643.0 0.0058973477280233055
644.0 0.0060331418353598565
645.0 0.005584617247222923
646.0 0.00513609302288387
647.0 0.00408089799748268
648.0 0.00302570297208149
649.0 0.002330733150301967
650.0 0.0016357631466235034
651.0 0.0017000596926664002
652.0 0.0017643564206082374
653.0 0.0016705014786566608
654.0 0.0015766461729072034
655.0 0.0015323417756007984
656.0 0.0014880374692438636
657.0 0.001269474068976706
658.0 0.0010509106687095482
659.0 0.0015787567463121377
660.0 0.0021066025510663167
661.0 0.001843627615016885
662.0 0.0015806526789674535
663.0 0.0023386202883557416
664.0 0.0030965878977440298
665.0 0.0035946741263614967
666.0 0.004092759991181083
667.0 0.004657144017983228
668.0 0.005221526225795969
669.0 0.005320911077433266
670.0 0.005420292291091755
671.0 0.006168684194562957
672.0 0.006917076098034158
673.0 0.007754443504381925
674.0 0.008591811638325453
675.0 0.008178105053957552
676.0 0.007764401379972696
677.0 0.006138307071523741
678.0 0.0045122127630747855
679.0 0.0030100396543275565
680.0 0.0015078677279234398
681.0 0.0006108920388214756
682.0 1.6011272169214052e-10
683.0 0.00011850349892483791
684.0 0.0005230906026554294
685.0 0.0002926682554971194
686.0 6.224587991709996e-05
687.0 0.00015392872683150927
688.0 0.00024561165901104687
689.0 0.00033065714433178073
690.0 0.0004157026978646172
691.0 0.00044069456635043025
692.0 0.00046568652578571346
693.0 0.00036904343687638175
694.0 0.0002724003934417851
695.0 0.0003975187155447202
696.0 0.0005226370376476552
697.0 0.0005690298166882712
698.0 0.0006154225502541522
699.0 0.0005343898010323755
700.0 0.0004533568699116586
701.0 0.0003678245093396981
702.0 0.00028229223971720785
703.0 0.0003777592155529419
704.0 0.00047322619138867594
705.0 0.0004389352852740558
706.0 0.0004046441972604953
707.0 8.413409773311287e-05
708.0 1.6011272169214052e-10
709.0 1.6011272169214052e-10
710.0 0.00016245815004367614
711.0 0.0004208292921248358
712.0 0.000679200502418098
713.0 0.00038594466786889825
714.0 9.268889584745921e-05
715.0 0.00027489522835821845
716.0 0.00045710153244726826
717.0 0.0003967279099015286
718.0 0.00033635433283052407
719.0 0.00047903954509820323
720.0 0.0006217248028406175
721.0 0.00037825643630640116
722.0 0.00013478813798428746
723.0 0.00016842272998474073
724.0 0.0002020572765104589
725.0 0.0003531881702656392
726.0 0.0005043192231823923
727.0 0.00019271383280283771
728.0 1.6011272169214052e-10
729.0 0.00011187654536115588
730.0 0.00034264455734955845
731.0 0.0005127944859850686
732.0 0.0006829446647316217
733.0 0.00027570920337893767
734.0 1.6011272169214052e-10
735.0 1.6011272169214052e-10
736.0 1.6011272169214052e-10
737.0 0.000212626969187113
738.0 0.0007293333510460798
739.0 0.00046805566853436176
740.0 0.00020677769043686567
741.0 3.471959928447177e-05
742.0 1.6011272169214052e-10
743.0 1.6011272169214052e-10
744.0 1.6011272169214052e-10
745.0 0.000227984878620191
746.0 0.0007161475423345109
747.0 0.0002862101382561377
748.0 1.6011272169214052e-10
749.0 1.6011272169214052e-10
750.0 1.6011272169214052e-10
751.0 1.6011272169214052e-10
752.0 4.9825285941551556e-05
753.0 0.0002529122411942808
754.0 0.00045599922486871947
755.0 1.6011272169214052e-10
756.0 1.6011272169214052e-10
757.0 1.6011272169214052e-10
758.0 1.6011272169214052e-10
759.0 0.00014201400517777074
760.0 0.0006351834599627182
761.0 0.0003474742925391183
762.0 5.976503416604828e-05
763.0 1.6011272169214052e-10
764.0 1.6011272169214052e-10
765.0 0.00013079139762339764
766.0 0.00041901539589161985
767.0 1.6011272169214052e-10
768.0 1.6011272169214052e-10
769.0 1.6011272169214052e-10
770.0 1.6011272169214052e-10
771.0 1.6011272169214052e-10
772.0 1.6011272169214052e-10
773.0 0.0003520290192682296
774.0 0.0008194770089176018
775.0 0.0004252864073350793
776.0 3.109564374881302e-05
777.0 0.00025297556476289174
778.0 0.00047485546019743197
779.0 0.000573614306631498
780.0 0.0006723730621160939
781.0 0.0006398493951564888
782.0 0.0006073257281968836
783.0 0.0003955992724513635
784.0 0.0001838727939684759
785.0 0.000162758044552902
786.0 0.00014164298818286625
787.0 0.0005972901817585807
788.0 0.0010529372957535088
789.0 0.0008246723155025393
790.0 0.0005964075626252452
791.0 0.0004693441042036284
792.0 0.00034228044114570366
793.0 0.0005582628091360675
794.0 0.0007742449270153884
795.0 0.0007826543878763914
796.0 0.0007910635758889839
797.0 0.0003549878556441399
798.0 1.6011272169214052e-10
799.0 0.000528721466253046
800.0 0.001138530842581531
801.0 0.0005318800049280981
802.0 1.6011272169214052e-10
803.0 0.00029168159016990103
804.0 0.0006581340585398721
805.0 0.0008445338607998565
806.0 0.001030933708534576
807.0 0.0006764328645658679
808.0 0.0003219320888092625
809.0 0.0001486101950831653
810.0 1.6011272169214052e-10
811.0 0.0002704761072891415
812.0 0.0005656639132212149
813.0 0.00069172870098555
814.0 0.0008177934432751499
815.0 0.0009100098395720124
816.0 0.0010022256901720539
817.0 0.0009410546226717997
818.0 0.0008798834642220754
819.0 0.0008904455171432346
820.0 0.0009010075700643938
821.0 0.0009303104889113456
822.0 0.000959613225859357
823.0 0.0008429847184743267
824.0 0.0007263563475135015
825.0 0.0007355778961937176
826.0 0.0007447994448739337
827.0 0.0007809741873643361
828.0 0.0008171490662789438
829.0 0.00038736366150260437
830.0 1.6011272169214052e-10
831.0 4.356074612132943e-05
832.0 0.00012954346857441124
833.0 0.0004390489721117774
834.0 0.0007485544756491436
835.0 8.562131483813573e-05
836.0 1.6011272169214052e-10
837.0 1.6011272169214052e-10
838.0 5.4968785434539313e-05
839.0 0.00038716748349543195
840.0 0.0007193661986093502
841.0 0.0010333485079172533
842.0 0.0013473309081746265
843.0 0.0008972605428425595
844.0 0.00044718990466208197
845.0 0.0004367590918263886
846.0 0.0004263281880412251
847.0 0.0007361007646977669
848.0 0.0010458732504048385
849.0 0.0008874118066160008
850.0 0.0007289498626050772
851.0 0.001060958493326325
852.0 0.0013929670785728376
853.0 0.0005154260634299135
854.0 1.6011272169214052e-10
855.0 1.6011272169214052e-10
856.0 1.6011272169214052e-10
857.0 0.000292829395220906
858.0 0.001338576930720592
859.0 0.0011690400242514443
860.0 0.000999502753984416
861.0 0.0012725390661216807
862.0 0.0015455754692084156
863.0 0.0017520153051009402
864.0 0.0019584549590945244
865.0 0.0020821133148274384
866.0 0.002205772034358233
867.0 0.00274848316621501
868.0 0.003291193934273906
869.0 0.002922009298345074
870.0 0.0025528242986183614
871.0 0.003150730117340572
872.0 0.003748635936062783
873.0 0.002782338015094865
874.0 0.0018160402760258876
875.0 0.0025514285880490206
