lsstCam/transmission_filter_detector/r13_s01/y_10/19700101T000000.ecsv
# %ECSV 1.0
# ---
# datatype:
# - {name: wavelength, unit: nm, datatype: float32}
# - {name: efficiency, unit: '%', datatype: float64}
# meta: !!omap
# - {MODE: DETECTOR}
# - {TYPE: transmission_filter_detector}
# - {CALIBDATE: '1970-01-01T00:00:00'}
# - {INSTRUME: LSSTCam}
# - {OBSTYPE: transmission_filter_detector}
# - {CALIBCLS: lsst.ip.isr.IntermediateFilterDetectorTransmissionCurve}
# - {SOURCE: Materion (DM-46256)}
# - {DETECTOR: 55}
# - {FILTER: y_10}
# - {CALIB_ID: 'calibDate=1970-01-01T00:00:00 filter=y_10 detector=55'}
# - {DATE: '2025-04-02T15:59:50.996812'}
# - {CALIB_CREATION_DATE: '2025-04-02'}
# - {CALIB_CREATION_TIME: '15:59:50'}
# - __serialized_columns__:
#     efficiency:
#       __class__: astropy.units.quantity.Quantity
#       unit: !astropy.units.Unit {unit: '%'}
#       value: !astropy.table.SerializedColumn {name: efficiency}
#     wavelength:
#       __class__: astropy.units.quantity.Quantity
#       unit: !astropy.units.Unit {unit: nm}
#       value: !astropy.table.SerializedColumn {name: wavelength}
# schema: astropy-2.0
wavelength efficiency
[from data line 577]
877.0 0.0021242805814836174
878.0 0.0009617446266929619
879.0 0.0019373781469766982
880.0 0.07233222713693976
881.0 0.09615413146093488
882.0 0.06549921236000955
883.0 0.10158855002373457
884.0 0.08085509180091321
885.0 0.08798135095275939
886.0 0.07576416828669608
887.0 0.09075148263946176
888.0 0.05174686084501445
889.0 0.09319400414824486
890.0 0.06708948058076203
891.0 0.10510744759812951
892.0 0.0615107303019613
893.0 0.10969438590109348
894.0 0.07674554944969714
895.0 0.10160553501918912
896.0 0.08668193477205932
897.0 0.1155534409917891
898.0 0.08259746828116477
899.0 0.13665780425071716
900.0 0.10570095619186759
901.0 0.1415157807059586
902.0 0.14787594554945827
903.0 0.1773542258888483
904.0 0.1899906899780035
905.0 0.22863047197461128
906.0 0.2764882519841194
907.0 0.3639878937974572
908.0 0.4801105707883835
909.0 0.6245890166610479
910.0 0.9110790677368641
911.0 1.2651914730668068
912.0 1.8812606111168861
913.0 2.7923529967665672
914.0 3.9087966084480286
915.0 5.564279854297638
916.0 7.6178476214408875
917.0 9.881148487329483
918.0 12.510664761066437
919.0 15.042215585708618
920.0 18.427467346191406
921.0 21.918493509292603
922.0 25.36616623401642
923.0 29.521748423576355
924.0 33.99597406387329
925.0 39.04089629650116
926.0 45.134639739990234
927.0 51.78701877593994
928.0 57.713907957077026
929.0 64.20153975486755
930.0 69.96307373046875
931.0 75.70379972457886
932.0 81.02415204048157
933.0 85.58376431465149
934.0 88.98200988769531
935.0 91.43332242965698
936.0 93.32702159881592
937.0 94.66049671173096
938.0 95.55544257164001
939.0 96.02625966072083
940.0 96.38779759407043
941.0 96.6018557548523
942.0 96.87805771827698
943.0 97.01132774353027
944.0 97.27150797843933
945.0 97.26693034172058
946.0 97.32226729393005
947.0 97.30236530303955
948.0 97.41353392601013
949.0 97.32207655906677
950.0 97.45069146156311
951.0 97.53783941268921
952.0 97.56409525871277
953.0 97.72741198539734
954.0 97.84404039382935
955.0 97.89005517959595
956.0 98.0925977230072
957.0 98.34450483322144
958.0 98.49883317947388
959.0 98.58506917953491
960.0 98.70579242706299
961.0 98.69194030761719
962.0 98.77629280090332
963.0 98.7870454788208
964.0 98.82612228393555
965.0 98.85768294334412
966.0 98.93465042114258
967.0 98.97706508636475
968.0 98.96293878555298
969.0 98.96618127822876
970.0 99.02418851852417
971.0 99.06268119812012
972.0 99.13726449012756
973.0 99.20779466629028
974.0 99.21804666519165
975.0 99.20745491981506
976.0 99.21692609786987
977.0 99.22472834587097
978.0 99.2871880531311
979.0 99.2287278175354
980.0 99.20257925987244
981.0 99.13324117660522
982.0 99.07431602478027
983.0 99.07357692718506
984.0 99.04574751853943
985.0 99.01177883148193
986.0 98.9294707775116
987.0 98.98256659507751
988.0 98.88386130332947
989.0 98.8398551940918
990.0 98.82466197013855
991.0 98.8605797290802
992.0 98.93965125083923
993.0 98.86614680290222
994.0 98.86413812637329
995.0 98.91796112060547
996.0 98.87092113494873
997.0 99.01410341262817
998.0 99.05045628547668
999.0 99.1054356098175
1000.0 99.12347793579102
1001.0 99.06694293022156
1002.0 99.17042255401611
1003.0 99.23642873764038
1004.0 99.24697875976562
1005.0 99.19936060905457
1006.0 99.33723211288452
1007.0 99.29924011230469
1008.0 99.30897951126099
1009.0 99.22123551368713
1010.0 99.28489923477173
1011.0 99.28340315818787
1012.0 99.1879940032959
1013.0 99.17528629302979
1014.0 99.14979338645935
1015.0 99.12710189819336
1016.0 99.10522699356079
1017.0 99.1059958934784
1018.0 99.1908311843872
1019.0 99.11894798278809
1020.0 99.12864565849304
1021.0 99.2605984210968
1022.0 99.12430047988892
1023.0 99.1955041885376
1024.0 99.19746518135071
1025.0 99.17348623275757
1026.0 99.25089478492737
1027.0 99.33338165283203
1028.0 99.20964241027832
1029.0 99.33739304542542
1030.0 99.39560294151306
1031.0 99.33561086654663
1032.0 99.39009547233582
1033.0 99.32509660720825
1034.0 99.36632513999939
1035.0 99.4050920009613
1036.0 99.29609894752502
1037.0 99.33616518974304
1038.0 99.32110905647278
1039.0 99.25524592399597
1040.0 99.24545288085938
1041.0 99.2752194404602
1042.0 99.23478960990906
1043.0 99.18161034584045
1044.0 99.31976795196533
1045.0 98.91971945762634
1046.0 99.13102984428406
1047.0 99.04760718345642
1048.0 99.12800192832947
1049.0 99.04318451881409
1050.0 98.99877905845642
1051.0 99.05961155891418
1052.0 99.02222156524658
1053.0 98.9199697971344
1054.0 99.13711547851562
1055.0 99.22042489051819
1056.0 99.1849958896637
1057.0 99.19567108154297
1058.0 98.9467442035675
1059.0 99.09757971763611
1060.0 99.14600253105164
1061.0 99.09693598747253
1062.0 99.11097288131714
1063.0 99.01898503303528
1064.0 99.19140338897705
1065.0 99.14737343788147
1066.0 99.06612634658813
1067.0 99.1673231124878
1068.0 99.11109805107117
1069.0 98.9738404750824
1070.0 99.20807480812073
1071.0 99.14703965187073
1072.0 99.19827580451965
1073.0 99.18147325515747
1074.0 98.92183542251587
1075.0 98.82789850234985
1076.0 98.63752126693726
1077.0 99.14486408233643
1078.0 99.20791983604431
1079.0 98.75117540359497
1080.0 99.61623549461365
1081.0 98.74125719070435
1082.0 98.83500337600708
1083.0 98.76744747161865
1084.0 99.1328477859497
1085.0 99.10087585449219
1086.0 98.97762537002563
1087.0 99.05038475990295
1088.0 98.77594113349915
1089.0 98.66287112236023
1090.0 98.66467118263245
1091.0 98.92764687538147
1092.0 98.86814951896667
1093.0 98.6859917640686
1094.0 98.61741065979004
1095.0 98.60147833824158
1096.0 98.61724376678467
1097.0 98.43791127204895
1098.0 97.87219762802124
1099.0 98.61832857131958
1100.0 98.23490381240845
