lsstCam/transmission_filter_detector/r02_s20/i_39/19700101T000000.ecsv
# %ECSV 1.0
# ---
# datatype:
# - {name: wavelength, unit: nm, datatype: float32}
# - {name: efficiency, unit: '%', datatype: float64}
# meta: !!omap
# - {MODE: DETECTOR}
# - {TYPE: transmission_filter_detector}
# - {CALIBDATE: '1970-01-01T00:00:00'}
# - {INSTRUME: LSSTCam}
# - {OBSTYPE: transmission_filter_detector}
# - {CALIBCLS: lsst.ip.isr.IntermediateFilterDetectorTransmissionCurve}
# - {SOURCE: Materion (DM-46256)}
# - {DETECTOR: 15}
# - {FILTER: i_39}
# - {CALIB_ID: 'calibDate=1970-01-01T00:00:00 filter=i_39 detector=15'}
# - {DATE: '2025-04-02T15:59:46.548609'}
# - {CALIB_CREATION_DATE: '2025-04-02'}
# - {CALIB_CREATION_TIME: '15:59:46'}
# - __serialized_columns__:
#     efficiency:
#       __class__: astropy.units.quantity.Quantity
#       unit: !astropy.units.Unit {unit: '%'}
#       value: !astropy.table.SerializedColumn {name: efficiency}
#     wavelength:
#       __class__: astropy.units.quantity.Quantity
#       unit: !astropy.units.Unit {unit: nm}
#       value: !astropy.table.SerializedColumn {name: wavelength}
# schema: astropy-2.0
wavelength efficiency
[from data line 600]
900.0 1.613631971097984e-10
901.0 1.613631971097984e-10
902.0 1.613631971097984e-10
903.0 1.613631971097984e-10
904.0 1.613631971097984e-10
905.0 1.613631971097984e-10
906.0 1.613631971097984e-10
907.0 6.270669672403528e-06
908.0 7.344416417254251e-05
909.0 1.613631971097984e-10
910.0 1.613631971097984e-10
911.0 1.613631971097984e-10
912.0 3.6115918078394316e-05
913.0 6.94257380473573e-05
914.0 0.00010273556654283311
915.0 1.613631971097984e-10
916.0 1.613631971097984e-10
917.0 1.613631971097984e-10
918.0 1.613631971097984e-10
919.0 1.613631971097984e-10
920.0 0.00014845883242742275
921.0 7.431309541061637e-05
922.0 1.6730087315508513e-07
923.0 1.613631971097984e-10
924.0 1.613631971097984e-10
925.0 1.613631971097984e-10
926.0 0.00019372248516447144
927.0 1.613631971097984e-10
928.0 1.613631971097984e-10
929.0 1.613631971097984e-10
930.0 3.567407134141831e-05
931.0 0.00011585248103074264
932.0 0.0001960308736670413
933.0 0.00011159904715896118
934.0 2.7167200755684462e-05
935.0 1.613631971097984e-10
936.0 1.613631971097984e-10
937.0 1.613631971097984e-10
938.0 1.613631971097984e-10
939.0 1.613631971097984e-10
940.0 1.613631971097984e-10
941.0 1.613631971097984e-10
942.0 5.918661827308824e-05
943.0 1.613631971097984e-10
944.0 1.613631971097984e-10
945.0 1.613631971097984e-10
946.0 1.613631971097984e-10
947.0 1.613631971097984e-10
948.0 1.613631971097984e-10
949.0 1.613631971097984e-10
950.0 1.613631971097984e-10
951.0 1.613631971097984e-10
952.0 1.613631971097984e-10
953.0 1.613631971097984e-10
954.0 1.613631971097984e-10
955.0 0.00013278498727231636
956.0 0.000294377082354913
957.0 0.00017836823644756805
958.0 6.235932801246236e-05
959.0 0.00014796288496654597
960.0 0.00023356647034233902
961.0 0.00015010404013082734
962.0 6.66415985506319e-05
963.0 1.902697732703018e-05
964.0 1.613631971097984e-10
965.0 1.613631971097984e-10
966.0 1.613631971097984e-10
967.0 1.613631971097984e-10
968.0 1.613631971097984e-10
969.0 1.613631971097984e-10
970.0 1.613631971097984e-10
971.0 1.613631971097984e-10
972.0 1.613631971097984e-10
973.0 1.613631971097984e-10
974.0 1.613631971097984e-10
975.0 1.613631971097984e-10
976.0 1.613631971097984e-10
977.0 1.613631971097984e-10
978.0 1.2103245694561338e-05
979.0 1.613631971097984e-10
980.0 1.613631971097984e-10
981.0 1.613631971097984e-10
982.0 1.613631971097984e-10
983.0 1.613631971097984e-10
984.0 1.613631971097984e-10
985.0 0.000115508964881883
986.0 0.00026699872250901535
987.0 3.0011784701855504e-05
988.0 1.613631971097984e-10
989.0 1.613631971097984e-10
990.0 1.613631971097984e-10
991.0 1.613631971097984e-10
992.0 1.613631971097984e-10
993.0 1.613631971097984e-10
994.0 8.297561748804583e-05
995.0 1.613631971097984e-10
996.0 1.613631971097984e-10
997.0 1.0635210401233053e-05
998.0 0.00026394852739031194
999.0 0.0002780099748633802
1000.0 0.00029207137686171336
1001.0 0.0001676184297139116
1002.0 4.3165451302229485e-05
1003.0 0.00012186133062641602
1004.0 0.00020055724689882481
1005.0 2.9400575840554666e-05
1006.0 1.613631971097984e-10
1007.0 1.613631971097984e-10
1008.0 0.00013667013263329864
1009.0 5.542187864193693e-05
1010.0 1.613631971097984e-10
1011.0 9.105619369620399e-05
1012.0 0.00020793879684788408
1013.0 0.0003139152340736473
1014.0 0.00041989173951151315
1015.0 0.00039452406781492755
1016.0 0.0003691564643304446
1017.0 0.0003768898977796198
1018.0 0.0003846234449156327
1019.0 0.0002894259978347691
1020.0 0.00019422843706706772
1021.0 0.0001437468654330587
1022.0 9.326527674602403e-05
1023.0 0.0004331480340624694
1024.0 0.0007730308425379917
1025.0 0.000609359449299518
1026.0 0.00044568805606104434
1027.0 0.00045612714529852383
1028.0 0.00046656618906126823
1029.0 0.0008726561645744368
1030.0 0.0012787461855623405
1031.0 0.0018198697944171727
1032.0 0.002360992948524654
1033.0 0.0024618851966806687
1034.0 0.002562776717240922
1035.0 0.00321978768624831
1036.0 0.0038767979276599362
1037.0 0.003779010148718953
1038.0 0.0036812220059800893
1039.0 0.003105966607108712
1040.0 0.002530711572035216
1041.0 0.002156802293029614
1042.0 0.0017828928321250714
1043.0 0.002501535345800221
1044.0 0.003220178041374311
1045.0 0.0036003497370984405
1046.0 0.003980522160418332
1047.0 0.003348247628309764
1048.0 0.002715972914302256
1049.0 0.0023616668840986677
1050.0 0.0020073604900971986
1051.0 0.002256701009173412
1052.0 0.002506041892047506
1053.0 0.0016460833649034612
1054.0 0.0007861247468099464
1055.0 0.0007416645985358628
1056.0 0.0006972045412112493
1057.0 0.0008408868779952172
1058.0 0.0009845694876275957
1059.0 0.0010546755220275372
1060.0 0.0011247817383264191
1061.0 0.0018862601791624911
1062.0 0.0026477382562006824
1063.0 0.002881986802094616
1064.0 0.0031162351660896093
1065.0 0.0033940261346288025
1066.0 0.003671817103167996
1067.0 0.004450862979865633
1068.0 0.005229909220361151
1069.0 0.0042006533476524055
1070.0 0.003171397838741541
1071.0 0.0029742930564680137
1072.0 0.002777188092295546
1073.0 0.0029544115022872575
1074.0 0.003131635094177909
1075.0 0.0033667714887997136
1076.0 0.003601907519623637
1077.0 0.003089995516347699
1078.0 0.00257808333117282
1079.0 0.0025193399778800085
1080.0 0.002460596806486137
1081.0 0.0018355054635321721
1082.0 0.001210414120578207
1083.0 0.0004369001089798985
1084.0 1.613631971097984e-10
1085.0 0.00043422642193036154
1086.0 0.0012050673831254244
1087.0 0.0011762230315071065
1088.0 0.001147378861787729
1089.0 1.613631971097984e-10
1090.0 1.613631971097984e-10
1091.0 1.613631971097984e-10
1092.0 1.613631971097984e-10
1093.0 1.613631971097984e-10
1094.0 5.5482655625382904e-05
1095.0 0.0004380111931823194
1096.0 0.0008205399353755638
1097.0 1.613631971097984e-10
1098.0 1.613631971097984e-10
1099.0 1.613631971097984e-10
1100.0 1.613631971097984e-10
