lsstCam/transmission_filter_detector/r02_s20/i_39/19700101T000000.ecsv
# %ECSV 1.0
# ---
# datatype:
# - {name: wavelength, unit: nm, datatype: float32}
# - {name: efficiency, unit: '%', datatype: float64}
# meta: !!omap
# - {MODE: DETECTOR}
# - {TYPE: transmission_filter_detector}
# - {CALIBDATE: '1970-01-01T00:00:00'}
# - {INSTRUME: LSSTCam}
# - {OBSTYPE: transmission_filter_detector}
# - {CALIBCLS: lsst.ip.isr.IntermediateFilterDetectorTransmissionCurve}
# - {SOURCE: Materion (DM-46256)}
# - {DETECTOR: 15}
# - {FILTER: i_39}
# - {CALIB_ID: 'calibDate=1970-01-01T00:00:00 filter=i_39 detector=15'}
# - {DATE: '2025-04-02T15:59:46.548609'}
# - {CALIB_CREATION_DATE: '2025-04-02'}
# - {CALIB_CREATION_TIME: '15:59:46'}
# - __serialized_columns__:
#     efficiency:
#       __class__: astropy.units.quantity.Quantity
#       unit: !astropy.units.Unit {unit: '%'}
#       value: !astropy.table.SerializedColumn {name: efficiency}
#     wavelength:
#       __class__: astropy.units.quantity.Quantity
#       unit: !astropy.units.Unit {unit: nm}
#       value: !astropy.table.SerializedColumn {name: wavelength}
# schema: astropy-2.0
wavelength efficiency
300.0 0.07089708815328777
301.0 0.038854614831507206
302.0 0.006812185165472329
303.0 0.030451445491053164
304.0 0.054090714547783136
305.0 0.037504875217564404
306.0 0.020919032976962626
307.0 0.007819171150913462
308.0 1.613631971097984e-10
309.0 1.613631971097984e-10
310.0 1.613631971097984e-10
311.0 1.613631971097984e-10
312.0 0.006709613808197901
313.0 0.0015861382053117268
314.0 1.613631971097984e-10
315.0 1.613631971097984e-10
316.0 1.613631971097984e-10
317.0 1.613631971097984e-10
318.0 1.613631971097984e-10
319.0 1.613631971097984e-10
320.0 1.613631971097984e-10
321.0 1.613631971097984e-10
322.0 1.613631971097984e-10
323.0 1.613631971097984e-10
324.0 1.613631971097984e-10
325.0 1.613631971097984e-10
326.0 1.613631971097984e-10
327.0 1.613631971097984e-10
328.0 0.0017194355677929707
329.0 0.001014426743495278
330.0 0.0003094181010965258
331.0 0.001003686247713631
332.0 0.0016979551219264977
333.0 0.0020335424778750166
334.0 0.0023691298338235356
335.0 0.0019819975932477973
336.0 0.0015948660802678205
337.0 0.0023197995687951334
338.0 0.0030447332392213866
339.0 0.0031167091947281733
340.0 0.0031886858778307214
341.0 1.613631971097984e-10
342.0 1.613631971097984e-10
343.0 1.613631971097984e-10
344.0 1.613631971097984e-10
345.0 1.613631971097984e-10
346.0 1.613631971097984e-10
347.0 1.613631971097984e-10
348.0 1.613631971097984e-10
349.0 1.613631971097984e-10
350.0 0.0004512688974500634
351.0 0.00028526767437142553
352.0 0.00011926657634830917
353.0 1.613631971097984e-10
354.0 1.613631971097984e-10
355.0 1.613631971097984e-10
356.0 1.613631971097984e-10
357.0 0.0005847104148415383
358.0 0.0012946473361807875
359.0 0.001636162050999701
360.0 0.0019776762201217934
361.0 0.0014615266081818845
362.0 0.0009453772690903861
363.0 0.000315057513944339
364.0 1.613631971097984e-10
365.0 0.000979525430011563
366.0 0.0022743133740732446
367.0 0.001285810776607832
368.0 0.00029730813366768416
369.0 0.0006353816388582345
370.0 0.00097345518952352
371.0 0.000993969206319889
372.0 0.001014483132166788
373.0 0.000544015256309649
374.0 7.354726108133036e-05
375.0 1.613631971097984e-10
376.0 1.613631971097984e-10
377.0 1.613631971097984e-10
378.0 1.613631971097984e-10
379.0 1.613631971097984e-10
380.0 1.613631971097984e-10
381.0 1.613631971097984e-10
382.0 1.613631971097984e-10
383.0 9.510131917522813e-05
384.0 0.001118319505621912
385.0 0.000999054918793263
386.0 0.0008797901500656735
387.0 1.613631971097984e-10
388.0 1.613631971097984e-10
389.0 1.613631971097984e-10
390.0 1.613631971097984e-10
391.0 1.613631971097984e-10
392.0 1.613631971097984e-10
393.0 1.613631971097984e-10
394.0 0.00044860062189400196
395.0 1.613631971097984e-10
396.0 1.613631971097984e-10
397.0 1.613631971097984e-10
398.0 1.613631971097984e-10
399.0 1.613631971097984e-10
400.0 0.00010569349342404166
401.0 1.613631971097984e-10
402.0 1.613631971097984e-10
403.0 0.00038753955777792726
404.0 0.0026030373192043044
405.0 0.004362664549262263
406.0 0.006122291961219162
407.0 0.0035021676012547687
408.0 0.0008820404218568001
409.0 0.00025458491563767893
410.0 1.613631971097984e-10
411.0 0.0029948852898087353
412.0 0.006362643762258813
413.0 0.005814452742924914
414.0 0.005266262814984657
415.0 0.004502815136220306
416.0 0.0037393663660623133
417.0 0.002606885573186446
418.0 0.0014744045074621681
419.0 0.0033539148716954514
420.0 0.005233424963080324
421.0 0.005024153142585419
422.0 0.004814880594494753
423.0 0.005162153684068471
424.0 0.005509426046046428
425.0 0.004291018194635399
426.0 0.003072608888032846
427.0 0.004103749597561546
428.0 0.005134890670888126
429.0 0.005447558942250907
430.0 0.005760228305007331
431.0 0.004371472823549993
432.0 0.002982718069688417
433.0 0.003474212280707434
434.0 0.003965706491726451
435.0 0.0027023246730095707
436.0 0.0014389428542926908
437.0 0.0014845722034806386
438.0 0.0015302017345675267
439.0 0.0019229713871027343
440.0 0.0023157412215368822
441.0 0.0008694190000824165
442.0 1.613631971097984e-10
443.0 1.613631971097984e-10
444.0 1.613631971097984e-10
445.0 1.613631971097984e-10
446.0 1.613631971097984e-10
447.0 1.613631971097984e-10
448.0 0.000596871223024209
449.0 1.613631971097984e-10
450.0 1.613631971097984e-10
451.0 0.00045539482016465627
452.0 0.0018276594346389174
453.0 0.0017959504475584254
454.0 0.0017642416423768736
455.0 0.0018207570974482223
456.0 0.001877272552519571
457.0 0.0012802343917428516
458.0 0.0006831960945419269
459.0 0.0007464635473297676
460.0 0.0008097311365418136
461.0 0.000501053864354617
462.0 0.00019237666037952295
463.0 1.613631971097984e-10
464.0 1.613631971097984e-10
465.0 0.0002535252178859082
466.0 0.000817550335341366
467.0 0.0009376132766192313
468.0 0.0010576760359981563
469.0 0.0006165593276818981
470.0 0.00017544268757774262
471.0 0.0002826356194418622
472.0 0.00038982866499281954
473.0 0.0005775293629994849
474.0 0.0007652301974303555
475.0 0.00041218154365196824
476.0 5.9133111562914564e-05
477.0 0.0006738085630786372
478.0 0.001288484054384753
479.0 0.0012247810445842333
480.0 0.0011610781257331837
481.0 0.002413652873656247
482.0 0.0036662258935393766
483.0 0.00512101141794119
484.0 0.006575796578545123
485.0 0.0069282752519939095
486.0 0.007280753197846934
487.0 0.01063457311829552
488.0 0.013988392311148345
489.0 0.017060976824723184
490.0 0.020133561338298023
491.0 0.02220084279542789
492.0 0.0242681271629408
493.0 0.026089613675139844
494.0 0.02791110600810498
495.0 0.025238809757865965
496.0 0.022566510597243905
497.0 0.018237864424008876
498.0 0.013909215340390801
499.0 0.010160959209315479
500.0 0.006412704533431679
501.0 0.004634599463315681
502.0 0.0028564951207954437
503.0 0.0022688007447868586
504.0 0.0016811060049803928
505.0 0.0016741798390285112
506.0 0.0016672536730766296
507.0 0.0016617877918179147
508.0 0.001656321546761319
509.0 0.0019113324015052058
510.0 0.002166343074350152
511.0 0.0015056329175422434
512.0 0.0008449228516838048
513.0 0.0013057077921985183
514.0 0.0017664926417637616
515.0 0.0024608827516203746
516.0 0.0031552728614769876
517.0 0.00258267446042737
518.0 0.002010075877478812
519.0 0.0022222493498702534
520.0 0.002434422822261695
521.0 0.0018481821825844236
522.0 0.0012619417248060927
523.0 0.0013787726857117377
524.0 0.0014956041013647337
525.0 0.001960600638994947
526.0 0.00242559690377675
527.0 0.002473704080330208
528.0 0.002521811256883666
529.0 0.0020514145944616757
530.0 0.0015810179320396855
531.0 0.0016244564903900027
532.0 0.0016678952306392603
533.0 0.001634301406738814
534.0 0.001600707764737308
535.0 0.0016327398043358698
536.0 0.0016647718439344317
537.0 0.0022882855773787014
538.0 0.002911799310822971
539.0 0.0036853820347459987
540.0 0.004458965122466907
541.0 0.005080843402538449
542.0 0.005702722046407871
543.0 0.0050219823606312275
544.0 0.004341242674854584
545.0 0.003495594864943996
546.0 0.002649947418831289
547.0 0.0022628208171227016
548.0 0.0018756943973130547
549.0 0.001966626768989954
550.0 0.002057559322565794
551.0 0.0017422862583771348
552.0 0.0014270134670368861
553.0 0.0015685925973230042
554.0 0.0017101718185585923
555.0 0.0012870690625277348
556.0 0.0008639663974463474
557.0 0.0008525007615389768
558.0 0.0008410352165810764
559.0 0.0003344453034515027
560.0 1.613631971097984e-10
561.0 0.0006461106750066392
562.0 0.0014643660506408196
563.0 0.0015056357369758189
564.0 0.0015469055142602883
565.0 0.0012919041182613
566.0 0.001036902813211782
567.0 0.000797934080765117
568.0 0.0005589652573689818
569.0 0.0006359328835969791
570.0 0.0007129003734007711
571.0 0.0005559664714382961
572.0 0.0003990325694758212
573.0 0.00045063256948196795
574.0 0.0005022326604375849
575.0 0.0004959021225658944
576.0 0.0004895714937447337
577.0 0.0006105826287239324
578.0 0.0007315936727536609
579.0 0.0003070950924666249
580.0 1.613631971097984e-10
581.0 0.000253847269959806
582.0 0.0006250980277400231
583.0 0.0005434346348920371
584.0 0.0004617711056198459
585.0 0.0005629598035739036
586.0 0.0006641486379521666
587.0 0.0007331907909247093
588.0 0.0008022328984225169
589.0 0.0006465523711085552
590.0 0.0004908718437945936
591.0 0.0007122897841327358
592.0 0.0009337079973192886
593.0 0.0005345378667698242
594.0 0.0001353678158011462
595.0 0.00047654771151428577
596.0 0.0008177275049092714
597.0 0.0007059564268274698
598.0 0.0005941854396951385
599.0 0.0005918851456954144
600.0 0.00058958466979675
601.0 0.00040852632992027793
602.0 0.00022746796730643837
603.0 0.00018278319657838438
604.0 0.00013809827805744135
605.0 0.00018043079990093247
606.0 0.00022276331037573982
607.0 0.00039983588067116216
608.0 0.0005769083600171143
609.0 0.0005289811269904021
610.0 0.0004810536211152794
611.0 0.0006714129085594323
612.0 0.0008617722414783202
613.0 0.0006017171017447254
614.0 0.0003416620529606007
615.0 1.613631971097984e-10
616.0 1.613631971097984e-10
617.0 1.613631971097984e-10
618.0 0.0001510615106781188
619.0 0.0002806420297929435
620.0 0.0004102226284885546
621.0 0.0005351736490410985
622.0 0.0006601246241189074
623.0 0.0005547268756345147
624.0 0.00044932917262485716
625.0 0.00047779467422515154
626.0 0.000506260221300181
627.0 0.0003626149691626779
628.0 0.00021896971702517476
629.0 0.0004150082986598136
630.0 0.0006110469257691875
631.0 0.0005789020633528708
632.0 0.0005467571554618189
633.0 0.000546641240362078
634.0 0.000546525325262337
635.0 0.0005642617907142267
636.0 0.0005819981652166462
637.0 0.0004457093837118009
638.0 0.00030942044304538285
639.0 0.0006349970590235898
640.0 0.0009605735613149591
641.0 0.0007029461812635418
642.0 0.0004453188012121245
643.0 0.000564225047128275
644.0 0.0006831312475696905
645.0 0.000664388380755554
646.0 0.0006456456503656227
647.0 0.0007617714800289832
648.0 0.0008778977644396946
649.0 0.0007739633474557195
650.0 0.0006700289759464795
651.0 0.0008397963938477915
652.0 0.0010095639481733087
653.0 0.0011934826943615917
654.0 0.0013774013496004045
655.0 0.00200774084078148
656.0 0.0026380801500636153
657.0 0.003568393367459066
658.0 0.004498705311561935
659.0 0.007225677836686373
660.0 0.011529283074196428
661.0 0.10453680297359824
662.0 0.12414094526320696
663.0 0.05184859619475901
664.0 0.09631537250243127
665.0 0.11532611679285765
666.0 0.1245572348125279
667.0 0.19229213939979672
668.0 0.21197451278567314
669.0 0.29675757978111506
670.0 0.4152313806116581
671.0 0.5735576618462801
672.0 0.9175593964755535
673.0 1.4197669923305511
674.0 2.164364792406559
675.0 3.0731450766324997
676.0 4.164297878742218
677.0 5.436231195926666
678.0 6.776808947324753
679.0 8.241315186023712
680.0 10.14881581068039
681.0 12.209893763065338
682.0 14.7906094789505
683.0 17.483016848564148
684.0 20.488345623016357
685.0 23.333728313446045
686.0 26.29176378250122
687.0 29.52723205089569
688.0 32.825303077697754
689.0 36.175742745399475
690.0 40.08186757564545
691.0 44.28999125957489
692.0 49.309536814689636
693.0 54.61072325706482
694.0 60.57151556015015
695.0 66.25775098800659
696.0 72.54729866981506
697.0 78.07995676994324
698.0 83.99811387062073
699.0 88.2811963558197
700.0 91.63174629211426
701.0 94.20304298400879
702.0 96.00490927696228
703.0 96.91977500915527
704.0 97.36961126327515
705.0 97.67382740974426
706.0 97.75975942611694
707.0 97.82156944274902
708.0 97.88386225700378
709.0 97.95664548873901
710.0 97.68823385238647
711.0 97.92490601539612
712.0 97.86307215690613
713.0 97.90001511573792
714.0 98.00494313240051
715.0 98.07736277580261
716.0 97.9210913181305
717.0 98.08950424194336
718.0 98.14786911010742
719.0 98.12476634979248
720.0 98.33378791809082
721.0 98.26257228851318
722.0 97.9626476764679
723.0 97.71503806114197
724.0 97.45901823043823
725.0 97.18456864356995
726.0 96.81362509727478
727.0 96.63835763931274
728.0 96.41203880310059
729.0 96.17811441421509
730.0 96.27980589866638
731.0 96.24199867248535
732.0 96.29403948783875
733.0 96.53420448303223
734.0 96.96512222290039
735.0 97.13847637176514
736.0 97.49280214309692
737.0 97.87865877151489
738.0 98.12502861022949
739.0 98.60199689865112
740.0 98.64547848701477
741.0 98.53460788726807
742.0 98.83062243461609
743.0 98.63709211349487
744.0 98.48727583885193
745.0 98.4516978263855
746.0 98.43564629554749
747.0 98.6447274684906
748.0 98.56242537498474
749.0 98.44593405723572
750.0 98.35748076438904
751.0 98.34792017936707
752.0 98.29192161560059
753.0 98.4295129776001
754.0 98.31308722496033
755.0 98.51487278938293
756.0 98.5219955444336
757.0 98.59539270401001
758.0 98.72554540634155
759.0 98.74165058135986
760.0 98.64394664764404
761.0 98.56364130973816
762.0 98.6210584640503
763.0 98.53487014770508
764.0 98.3962893486023
765.0 98.40312600135803
766.0 98.45781326293945
767.0 98.28110933303833
768.0 98.26299548149109
769.0 98.29162359237671
770.0 98.06394577026367
771.0 98.0315625667572
772.0 98.05758595466614
773.0 97.97104597091675
774.0 97.7315366268158
775.0 97.90531992912292
776.0 97.70577549934387
777.0 97.77636528015137
778.0 97.80812859535217
779.0 97.89462685585022
780.0 97.8550374507904
781.0 98.13054203987122
782.0 98.0742871761322
783.0 98.18882346153259
784.0 98.1501579284668
785.0 98.3258843421936
786.0 98.43305349349976
787.0 98.16323518753052
788.0 98.2431709766388
789.0 98.33822250366211
790.0 98.28565716743469
791.0 98.40243458747864
792.0 98.17628860473633
793.0 98.10903072357178
794.0 98.00484776496887
795.0 97.84712195396423
796.0 97.87374138832092
797.0 97.90545105934143
798.0 97.80780673027039
799.0 97.6753294467926
800.0 97.49997854232788
801.0 97.53434658050537
802.0 97.50502705574036
803.0 97.1869170665741
804.0 96.95355892181396
805.0 96.42391800880432
806.0 95.98796367645264
807.0 95.10699510574341
808.0 93.89480352401733
809.0 92.56119132041931
810.0 90.96371531486511
811.0 88.94818425178528
812.0 86.43925786018372
813.0 83.51747393608093
814.0 80.15686869621277
815.0 76.35754346847534
816.0 72.42206335067749
817.0 67.94375777244568
818.0 62.934088706970215
819.0 58.62443447113037
820.0 53.7604033946991
821.0 49.24899637699127
822.0 44.93113458156586
823.0 40.37957191467285
824.0 35.76679825782776
825.0 31.57346248626709
826.0 27.20145285129547
827.0 22.59189337491989
828.0 18.419623374938965
829.0 14.441533386707306
830.0 10.49339771270752
831.0 7.584672421216965
832.0 4.9770887941122055
833.0 3.111020103096962
834.0 1.867707259953022
835.0 1.0988684371113777
836.0 0.6239309441298246
837.0 0.37653816398233175
838.0 0.21988269872963428
839.0 0.1448372844606638
840.0 0.04681757418438792
841.0 0.05664569907821715
842.0 1.613631971097984e-10
843.0 0.012534116103779525
844.0 1.613631971097984e-10
845.0 1.613631971097984e-10
846.0 0.00821394205559045
847.0 1.613631971097984e-10
848.0 0.029646692564710975
849.0 1.613631971097984e-10
850.0 0.0035946082789450884
851.0 1.613631971097984e-10
852.0 0.0011934825124626514
853.0 0.001220403009938309
854.0 0.0012473237802623771
855.0 0.0010706825378292706
856.0 0.0008940413863456342
857.0 0.0009867050721368287
858.0 0.001079368666978553
859.0 0.0006533652140205959
860.0 0.0002273616928505362
861.0 0.00024669795948284445
862.0 0.00026603413516568253
863.0 0.0001086270458472427
864.0 1.613631971097984e-10
865.0 3.349328210333624e-05
866.0 0.00011576645420063869
867.0 7.034959139673447e-05
868.0 2.4932634801189124e-05
869.0 1.613631971097984e-10
870.0 1.613631971097984e-10
871.0 2.1911169767463434e-06
872.0 0.00021594323698082007
873.0 0.00020914781089231838
874.0 0.00020235236206644913
875.0 0.00013672504337591818
876.0 7.109774742275476e-05
877.0 1.613631971097984e-10
878.0 1.613631971097984e-10
879.0 5.153606252861209e-05
880.0 0.0005072512067272328
881.0 0.0002733768951657112
882.0 3.950262339458277e-05
883.0 0.00018664392200662405
884.0 0.00033378526040905854
885.0 0.00010550450042501325
886.0 1.613631971097984e-10
887.0 1.1097908725332672e-05
888.0 0.00014497210258923587
889.0 5.897513801755849e-05
890.0 1.613631971097984e-10
891.0 0.00010259579994453816
892.0 0.0002322133468624088
893.0 0.0002894773615480517
894.0 0.00034674135349632706
895.0 1.3232138940111327e-05
896.0 1.613631971097984e-10
897.0 1.613631971097984e-10
898.0 1.613631971097984e-10
