lsstcam/qe_curves/r31_s10/19700101T000000.ecsv
# %ECSV 0.9
# ---
# datatype:
# - {name: amp_name, datatype: string}
# - {name: wavelength, unit: nm, datatype: float32}
# - {name: efficiency, unit: '%', datatype: float32}
# meta: !!omap
# - {MODE: AMP}
# - {TYPE: QE}
# - {CALIBDATE: '1970-01-01T00:00:00'}
# - {INSTRUME: LSSTCAM}
# - {OBSTYPE: qe_curves}
# - {DETECTOR: 129}
# - {PICKLEFILE: RaftRun11903.p}
# - {CALIB_ID: 'raftName=R31 detectorName=S10 detector=129 calibDate=1970-01-01T00:00:00 ccd=129 ccdnum=129 filter=None'}
# - {DATE: '2020-01-23T01:58:27.411083'}
# - {CALIB_CREATION_DATE: '2020-01-23'}
# - {CALIB_CREATION_TIME: '01:58:27'}
# - __serialized_columns__:
#     efficiency:
#       __class__: astropy.units.quantity.Quantity
#       unit: !astropy.units.Unit {unit: '%'}
#       value: !astropy.table.SerializedColumn {name: efficiency}
#     wavelength:
#       __class__: astropy.units.quantity.Quantity
#       unit: !astropy.units.Unit {unit: nm}
#       value: !astropy.table.SerializedColumn {name: wavelength}
# schema: astropy-2.0
amp_name wavelength efficiency
C07 319.994 39.79514
C07 324.969 44.96524
C07 349.982 67.33707
C07 374.975 73.60036
C07 400.019 82.6802
C07 424.965 85.126785
C07 450.035 87.20074
C07 475.003 90.11633
C07 500.018 92.08181
C07 525.002 94.12201
C07 550.029 96.914955
C07 575.023 98.09579
C07 599.982 98.56226
C07 619.997 98.73306
C07 624.979 99.802536
C07 650.012 99.39116
C07 675.004 99.92192
C07 700.03 98.855934
C07 725.012 98.934166
C07 750.022 98.61158
C07 774.987 98.06745
C07 799.976 97.046585
C07 824.988 95.206055
C07 850.022 93.33791
C07 869.967 90.09512
C07 875.002 89.163864
C07 899.999 82.574814
C07 919.999 73.70637
C07 925.012 71.23028
C07 949.965 57.175087
C07 975.002 41.942585
C07 999.976 25.58548
C07 1025.028 10.928799
C07 1050.014 3.7958238
C07 1075.002 2.0772934
C07 1099.99 1.6346751
C11 319.994 40.526608
C11 324.969 45.79836
C11 349.982 68.66271
C11 374.975 74.76972
C11 400.019 83.28693
C11 424.965 85.45392
C11 450.035 87.3754
C11 475.003 90.20763
C11 500.018 92.109375
C11 525.002 94.11177
C11 550.029 96.87531
C11 575.023 98.03516
C11 599.982 98.48842
C11 619.997 98.65238
C11 624.979 99.71747
C11 650.012 99.299995
C11 675.004 99.82983
C11 700.03 98.77286
C11 725.012 98.879
C11 750.022 98.59641
C11 774.987 98.0791
C11 799.976 97.07517
C11 824.988 95.20767
C11 850.022 93.296906
C11 869.967 90.183014
C11 875.002 89.2229
C11 899.999 82.225044
C11 919.999 73.13986
C11 925.012 70.87981
C11 949.965 57.339256
C11 975.002 41.753334
C11 999.976 25.495085
C11 1025.028 10.865463
C11 1050.014 3.777217
C11 1075.002 2.0682213
C11 1099.99 1.6377519
C01 319.994 38.025696
C01 324.969 42.948734
C01 349.982 64.02418
C01 374.975 70.3315
C01 400.019 80.65487
C01 424.965 83.8294
C01 450.035 86.29213
C01 475.003 89.43653
C01 500.018 91.54988
C01 525.002 93.678314
C01 550.029 96.521225
C01 575.023 97.72889
C01 599.982 98.21742
C01 619.997 98.40054
C01 624.979 99.463875
C01 650.012 99.06293
C01 675.004 99.60178
C01 700.03 98.575294
C01 725.012 98.75952
C01 750.022 98.57927
C01 774.987 98.17665
C01 799.976 97.2242
C01 824.988 95.43096
C01 850.022 93.59872
C01 869.967 90.52615
C01 875.002 89.65019
C01 899.999 83.04287
C01 919.999 73.67409
C01 925.012 71.29295
C01 949.965 57.89546
C01 975.002 42.385143
C01 999.976 25.718353
C01 1025.028 10.90649
C01 1050.014 3.8269033
C01 1075.002 2.0976603
C01 1099.99 1.6381941
C03 319.994 38.756485
C03 324.969 43.781605
C03 349.982 65.36871
C03 374.975 71.60212
C03 400.019 81.32027
C03 424.965 84.15778
C03 450.035 86.438126
C03 475.003 89.47086
C03 500.018 91.509186
C03 525.002 93.59105
C03 550.029 96.39986
C03 575.023 97.59
C03 599.982 98.06178
C03 619.997 98.237686
C03 624.979 99.30401
C03 650.012 98.89413
C03 675.004 99.42993
C03 700.03 98.40921
C03 725.012 98.59041
C03 750.022 98.41176
C03 774.987 98.00879
C03 799.976 97.046074
C03 824.988 95.24569
C03 850.022 93.360344
C03 869.967 90.23942
C03 875.002 89.372345
C03 899.999 82.70903
C03 919.999 73.2428
C03 925.012 70.8126
C03 949.965 57.55388
C03 975.002 42.33097
C03 999.976 25.663427
C03 1025.028 10.834331
C03 1050.014 3.7555768
C03 1075.002 2.0860388
C03 1099.99 1.6385988
C04 319.994 39.240078
C04 324.969 44.329823
C04 349.982 66.244026
C04 374.975 72.47978
C04 400.019 81.96415
C04 424.965 84.667366
C04 450.035 86.87257
C04 475.003 89.87119
C04 500.018 91.88609
C04 525.002 93.957115
C04 550.029 96.76434
C04 575.023 97.95064
C04 599.982 98.424736
C04 619.997 98.59646
C04 624.979 99.66281
C04 650.012 99.255875
C04 675.004 99.78822
C04 700.03 98.74792
C04 725.012 98.90957
C04 750.022 98.69664
C04 774.987 98.25858
C04 799.976 97.28194
C04 824.988 95.472084
C04 850.022 93.55241
C04 869.967 90.33491
C04 875.002 89.541466
C04 899.999 83.04161
C04 919.999 73.746185
C04 925.012 70.953224
C04 949.965 57.133533
C04 975.002 41.956062
C04 999.976 25.45974
C04 1025.028 10.806356
C04 1050.014 3.7605042
C04 1075.002 2.095879
C04 1099.99 1.6486955
C06 319.994 39.604767
C06 324.969 44.74682
C06 349.982 66.97172
C06 374.975 73.26072
C06 400.019 82.499245
C06 424.965 85.03925
C06 450.035 87.155365
C06 475.003 90.096596
C06 500.018 92.07375
C06 525.002 94.12535
C06 550.029 96.92151
C06 575.023 98.10156
C06 599.982 98.56981
C06 619.997 98.74508
C06 624.979 99.81218
C06 650.012 99.40148
C06 675.004 99.93607
C06 700.03 98.87514
C06 725.012 98.976654
C06 750.022 98.691216
C06 774.987 98.17847
C06 799.976 97.16827
C06 824.988 95.329124
C06 850.022 93.469315
C06 869.967 90.22298
C06 875.002 89.2994
C06 899.999 82.71011
C06 919.999 73.7154
C06 925.012 71.197136
C06 949.965 57.264797
C06 975.002 42.027084
C06 999.976 25.607264
C06 1025.028 10.877114
C06 1050.014 3.7775583
C06 1075.002 2.0813894
C06 1099.99 1.6422094
C02 319.994 38.425602
C02 324.969 43.403076
C02 349.982 64.74764
C02 374.975 70.98898
C02 400.019 80.93898
C02 424.965 83.91218
C02 450.035 86.26345
C02 475.003 89.33846
C02 500.018 91.40083
C02 525.002 93.500465
C02 550.029 96.316826
C02 575.023 97.51386
C02 599.982 97.99292
C02 619.997 98.1695
C02 624.979 99.23299
C02 650.012 98.82534
C02 675.004 99.36503
C02 700.03 98.3459
C02 725.012 98.53991
C02 750.022 98.37977
C02 774.987 97.9946
C02 799.976 97.04526
C02 824.988 95.249176
C02 850.022 93.37682
C02 869.967 90.29786
C02 875.002 89.433464
C02 899.999 82.75766
C02 919.999 73.32349
C02 925.012 70.946106
C02 949.965 57.69176
C02 975.002 42.325264
C02 999.976 25.656433
C02 1025.028 10.8512945
C02 1050.014 3.7796333
C02 1075.002 2.0919948
C02 1099.99 1.6372658
C17 319.994 39.21292
C17 324.969 44.30212
C17 349.982 66.0642
C17 374.975 72.07344
C17 400.019 81.583435
C17 424.965 84.3491
C17 450.035 86.602974
C17 475.003 89.62789
C17 500.018 91.66254
C17 525.002 93.74313
C17 550.029 96.55078
C17 575.023 97.738205
C17 599.982 98.20502
C17 619.997 98.37216
C17 624.979 99.43122
C17 650.012 99.017426
C17 675.004 99.54219
C17 700.03 98.492836
C17 725.012 98.61985
C17 750.022 98.36248
C17 774.987 97.87877
C17 799.976 96.89366
C17 824.988 95.103386
C17 850.022 93.24818
C17 869.967 90.13498
C17 875.002 89.2449
C17 899.999 82.624565
C17 919.999 73.3666
C17 925.012 71.00774
C17 949.965 57.57963
C17 975.002 42.233795
C17 999.976 25.578365
C17 1025.028 10.871345
C17 1050.014 3.843686
C17 1075.002 2.1099017
C17 1099.99 1.6374058
C05 319.994 39.51079
C05 324.969 44.637203
C05 349.982 66.76669
C05 374.975 73.00096
C05 400.019 82.30028
C05 424.965 84.88747
C05 450.035 87.03159
C05 475.003 89.994
C05 500.018 91.98405
C05 525.002 94.041954
C05 550.029 96.83867
C05 575.023 98.02155
C05 599.982 98.491295
C05 619.997 98.66569
C05 624.979 99.73383
C05 650.012 99.32066
C05 675.004 99.85305
C05 700.03 98.80648
C05 725.012 98.936165
C05 750.022 98.68253
C05 774.987 98.20806
C05 799.976 97.2178
C05 824.988 95.38577
C05 850.022 93.532875
C05 869.967 90.29197
C05 875.002 89.36991
C05 899.999 82.791885
C05 919.999 73.61952
C05 925.012 71.15989
C05 949.965 57.418682
C05 975.002 42.189877
C05 999.976 25.709831
C05 1025.028 10.904976
C05 1050.014 3.7814226
C05 1075.002 2.0933115
C05 1099.99 1.649483
C00 319.994 37.403435
C00 324.969 42.244286
C00 349.982 62.912743
C00 374.975 69.29025
C00 400.019 80.01999
C00 424.965 83.43276
C00 450.035 86.02259
C00 475.003 89.24238
C00 500.018 91.40242
C00 525.002 93.564354
C00 550.029 96.43221
C00 575.023 97.65645
C00 599.982 98.1548
C00 619.997 98.34214
C00 624.979 99.41017
C00 650.012 99.01488
C00 675.004 99.55381
C00 700.03 98.51251
C00 725.012 98.63132
C00 750.022 98.37393
C00 774.987 97.89684
C00 799.976 96.92353
C00 824.988 95.1566
C00 850.022 93.35427
C00 869.967 90.302284
C00 875.002 89.434814
C00 899.999 83.02706
C00 919.999 73.8209
C00 925.012 71.420555
C00 949.965 57.80581
C00 975.002 42.292046
C00 999.976 25.724386
C00 1025.028 10.966886
C00 1050.014 3.8636916
C00 1075.002 2.1040335
C00 1099.99 1.639292
C12 319.994 40.31449
C12 324.969 45.556084
C12 349.982 68.24761
C12 374.975 74.28162
C12 400.019 82.846466
C12 424.965 85.062836
C12 450.035 87.00993
C12 475.003 89.85016
C12 500.018 91.75849
C12 525.002 93.76131
C12 550.029 96.521095
C12 575.023 97.67785
C12 599.982 98.13382
C12 619.997 98.29421
C12 624.979 99.35365
C12 650.012 98.93692
C12 675.004 99.46339
C12 700.03 98.422035
C12 725.012 98.554565
C12 750.022 98.307686
C12 774.987 97.83015
C12 799.976 96.84819
C12 824.988 94.9902
C12 850.022 93.129395
C12 869.967 89.985725
C12 875.002 89.02957
C12 899.999 82.10428
C12 919.999 73.01527
C12 925.012 70.73335
C12 949.965 57.1767
C12 975.002 41.73557
C12 999.976 25.493223
C12 1025.028 10.853826
C12 1050.014 3.7569847
C12 1075.002 2.0632544
C12 1099.99 1.6371291
C14 319.994 39.925663
C14 324.969 45.113068
C14 349.982 67.45548
C14 374.975 73.45144
C14 400.019 82.35008
C14 424.965 84.76086
C14 450.035 86.816086
C14 475.003 89.71694
C14 500.018 91.66732
C14 525.002 93.69095
C14 550.029 96.46479
C14 575.023 97.62436
C14 599.982 98.08116
C14 619.997 98.246315
C14 624.979 99.30305
C14 650.012 98.88713
C14 675.004 99.41563
C14 700.03 98.3869
C14 725.012 98.575096
C14 750.022 98.40168
C14 774.987 97.9946
C14 799.976 97.03308
C14 824.988 95.17512
C14 850.022 93.362595
C14 869.967 90.10309
C14 875.002 89.14403
C14 899.999 82.40093
C14 919.999 73.19047
C14 925.012 70.818634
C14 949.965 57.15149
C14 975.002 41.937622
C14 999.976 25.587124
C14 1025.028 10.847944
C14 1050.014 3.7530615
C14 1075.002 2.0640168
C14 1099.99 1.6357135
C10 319.994 40.59873
C10 324.969 45.8851
C10 349.982 68.826805
C10 374.975 74.91455
C10 400.019 83.31251
C10 424.965 85.419426
C10 450.035 87.30636
C10 475.003 90.11756
C10 500.018 92.00932
C10 525.002 94.001915
C10 550.029 96.76167
C10 575.023 97.92188
C10 599.982 98.37454
C10 619.997 98.53313
C10 624.979 99.59955
C10 650.012 99.18344
C10 675.004 99.70876
C10 700.03 98.645775
C10 725.012 98.73098
C10 750.022 98.41622
C10 774.987 97.86476
C10 799.976 96.83938
C10 824.988 94.98138
C10 850.022 93.00126
C10 869.967 89.949425
C10 875.002 89.026085
C10 899.999 81.94272
C10 919.999 72.81346
C10 925.012 70.50813
C10 949.965 57.199318
C10 975.002 41.593483
C10 999.976 25.341818
C10 1025.028 10.855404
C10 1050.014 3.7834294
C10 1075.002 2.0676606
C10 1099.99 1.629516
C15 319.994 39.78816
C15 324.969 44.960403
C15 349.982 67.22685
C15 374.975 73.23134
C15 400.019 82.22921
C15 424.965 84.69939
C15 450.035 86.78737
C15 475.003 89.715996
C15 500.018 91.68014
C15 525.002 93.71763
C15 550.029 96.50098
C15 575.023 97.669914
C15 599.982 98.1328
C15 619.997 98.29577
C15 624.979 99.357376
C15 650.012 98.93981
C15 675.004 99.47586
C15 700.03 98.4544
C15 725.012 98.65642
C15 750.022 98.50236
C15 774.987 98.11352
C15 799.976 97.149086
C15 824.988 95.32637
C15 850.022 93.47264
C15 869.967 90.18688
C15 875.002 89.28013
C15 899.999 82.71491
C15 919.999 73.292244
C15 925.012 70.85797
C15 949.965 57.276123
C15 975.002 42.142097
C15 999.976 25.652138
C15 1025.028 10.838391
C15 1050.014 3.7554786
C15 1075.002 2.0732694
C15 1099.99 1.6361781
C13 319.994 40.214157
C13 324.969 45.44269
C13 349.982 68.0063
C13 374.975 74.00851
C13 400.019 82.74243
C13 424.965 85.05597
C13 450.035 87.0616
C13 475.003 89.93531
C13 500.018 91.8701
C13 525.002 93.88367
C13 550.029 96.6556
C13 575.023 97.816765
C13 599.982 98.27411
C13 619.997 98.43566
C13 624.979 99.49823
C13 650.012 99.078476
C13 675.004 99.607735
C13 700.03 98.571785
C13 725.012 98.73528
C13 750.022 98.52527
C13 774.987 98.08729
C13 799.976 97.11119
C13 824.988 95.256096
C13 850.022 93.413376
C13 869.967 90.201096
C13 875.002 89.24522
C13 899.999 82.41021
C13 919.999 73.24151
C13 925.012 70.8806
C13 949.965 57.24298
C13 975.002 41.89872
C13 999.976 25.586926
C13 1025.028 10.882543
C13 1050.014 3.7646015
C13 1075.002 2.0698583
C13 1099.99 1.6398635
C16 319.994 39.553562
C16 324.969 44.692863
C16 349.982 66.76272
C16 374.975 72.779785
C16 400.019 81.98128
C16 424.965 84.57358
C16 450.035 86.72707
C16 475.003 89.689964
C16 500.018 91.6809
C16 525.002 93.7397
C16 550.029 96.53361
C16 575.023 97.71186
C16 599.982 98.17777
C16 619.997 98.33477
C16 624.979 99.40205
C16 650.012 98.985435
C16 675.004 99.515816
C16 700.03 98.486465
C16 725.012 98.678444
C16 750.022 98.49965
C16 774.987 98.09159
C16 799.976 97.12454
C16 824.988 95.32505
C16 850.022 93.44476
C16 869.967 90.21502
C16 875.002 89.342384
C16 899.999 82.79949
C16 919.999 73.217316
C16 925.012 70.80271
C16 949.965 57.39565
C16 975.002 42.291935
C16 999.976 25.609316
C16 1025.028 10.830974
C16 1050.014 3.7768865
C16 1075.002 2.0899436
C16 1099.99 1.6381376
