lsstCam/transmission_filter_detector/r12_s00/g_6/19700101T000000.ecsv
# %ECSV 1.0
# ---
# datatype:
# - {name: wavelength, unit: nm, datatype: float32}
# - {name: efficiency, unit: '%', datatype: float64}
# meta: !!omap
# - {MODE: DETECTOR}
# - {TYPE: transmission_filter_detector}
# - {CALIBDATE: '1970-01-01T00:00:00'}
# - {INSTRUME: LSSTCam}
# - {OBSTYPE: transmission_filter_detector}
# - {CALIBCLS: lsst.ip.isr.IntermediateFilterDetectorTransmissionCurve}
# - {SOURCE: Materion (DM-46256)}
# - {DETECTOR: 45}
# - {FILTER: g_6}
# - {CALIB_ID: 'calibDate=1970-01-01T00:00:00 filter=g_6 detector=45'}
# - {DATE: '2025-04-02T15:59:42.235308'}
# - {CALIB_CREATION_DATE: '2025-04-02'}
# - {CALIB_CREATION_TIME: '15:59:42'}
# - __serialized_columns__:
#     efficiency:
#       __class__: astropy.units.quantity.Quantity
#       unit: !astropy.units.Unit {unit: '%'}
#       value: !astropy.table.SerializedColumn {name: efficiency}
#     wavelength:
#       __class__: astropy.units.quantity.Quantity
#       unit: !astropy.units.Unit {unit: nm}
#       value: !astropy.table.SerializedColumn {name: wavelength}
# schema: astropy-2.0
wavelength efficiency
[from data line 608]
908.0 0.0005496511221281253
909.0 0.0004655258180719102
910.0 0.0004272954356565606
911.0 0.0003890650077664759
912.0 0.00048443830564792734
913.0 0.000579811694478849
914.0 0.0003593145493141492
915.0 0.0001388174609928683
916.0 0.00017684943713902612
917.0 0.0002148813564417651
918.0 0.00022013809939380735
919.0 0.0002253948423458496
920.0 0.00022389226614905056
921.0 0.00022238971268961905
922.0 0.0004764202913065674
923.0 0.0007304508471861482
924.0 0.0006051628133718623
925.0 0.00047987464313337114
926.0 0.0005351084382709814
927.0 0.000590342369832797
928.0 0.000538868971489137
929.0 0.00048739570956968237
930.0 0.0005336550657375483
931.0 0.0005799144673801493
932.0 0.0005542679446080001
933.0 0.0005286214218358509
934.0 0.0004966982942278264
935.0 0.0004647751211450668
936.0 0.0005428678832686273
937.0 0.0006209606453921879
938.0 0.0007139045919757336
939.0 0.0008068484930845443
940.0 0.0005737980700359913
941.0 0.0003407473968763952
942.0 0.0006022656179993646
943.0 0.0008637838618597016
944.0 0.0007626340448041447
945.0 0.0006614841367991176
946.0 0.0006816865607106593
947.0 0.0007018889391474659
948.0 0.0008808976417640224
949.0 0.0010599064808047842
950.0 0.0009658257113187574
951.0 0.0008717449418327305
952.0 0.0009505631169304252
953.0 0.0010293812920281198
954.0 0.0009714248335512821
955.0 0.0009134683750744443
956.0 0.0007895707312854938
957.0 0.0006656728146481328
958.0 0.000806055231805658
959.0 0.0009464376489631832
960.0 0.000700869168213103
961.0 0.0004553005055640824
962.0 0.0005647833404509583
963.0 0.000674266038913629
964.0 0.0007283227660082048
965.0 0.0007823793566785753
966.0 0.0008247820005635731
967.0 0.0008671845534991007
968.0 0.0008754939699429087
969.0 0.0008838035682856571
970.0 0.0008443914339295588
971.0 0.0008049793905229308
972.0 0.0008284006980829872
973.0 0.000851822187541984
974.0 0.0008400978913414292
975.0 0.0008283739589387551
976.0 0.0008776191862125415
977.0 0.0009268646863347385
978.0 0.0009684494216344319
979.0 0.0010100340659846552
980.0 0.0010293231753166765
981.0 0.001048612375598168
982.0 0.0010270090569974855
983.0 0.001005405829346273
984.0 0.001020040417643031
985.0 0.0010346752787881996
986.0 0.0011541425919858739
987.0 0.001273609814234078
988.0 0.0012059722394042183
989.0 0.001138334391725948
990.0 0.0012981866348127369
991.0 0.001458039059798466
992.0 0.0014073050806473475
993.0 0.0013565711924456991
994.0 0.0013612655493489
995.0 0.0013659599972015712
996.0 0.0012548535778478254
997.0 0.0011437472494435497
998.0 0.0013114994544594083
999.0 0.0014792515685257968
1000.0 0.0014183109669829719
1001.0 0.0013573700016422663
1002.0 0.0012404164408508223
1003.0 0.0011234629710088484
1004.0 0.0011316845302644651
1005.0 0.0011399059076211415
1006.0 0.0013757511624135077
1007.0 0.0016115964172058739
1008.0 0.001637163950363174
1009.0 0.001662731847318355
1010.0 0.001806998989195563
1011.0 0.0019512666767695919
1012.0 0.0020114101062063128
1013.0 0.0020715538994409144
1014.0 0.0021856716557522304
1015.0 0.002299789775861427
1016.0 0.0025430257664993405
1017.0 0.0027862619390361942
1018.0 0.0030678198527311906
1019.0 0.0033493775845272467
1020.0 0.003391312202438712
1021.0 0.0034332468203501776
1022.0 0.003772060154005885
1023.0 0.004110873851459473
1024.0 0.004242555587552488
1025.0 0.004374237687443383
1026.0 0.00449357794423122
1027.0 0.004612918201019056
1028.0 0.004655205339076929
1029.0 0.004697492113336921
1030.0 0.004927431291434914
1031.0 0.005157370469532907
1032.0 0.005566369145526551
1033.0 0.005975368185318075
1034.0 0.005605913247563876
1035.0 0.005236458673607558
1036.0 0.005538189725484699
1037.0 0.005839920413563959
1038.0 0.0059730235079769045
1039.0 0.00610612696618773
1040.0 0.006544493226101622
1041.0 0.006982858030823991
1042.0 0.007118906796677038
1043.0 0.007254954834934324
1044.0 0.007564915722468868
1045.0 0.007874875154811889
1046.0 0.008886972500476986
1047.0 0.009899069118546322
1048.0 0.011429966980358586
1049.0 0.012960862659383565
1050.0 0.015518833242822438
1051.0 0.018076800915878266
1052.0 0.02192717365687713
1053.0 0.025777550763450563
1054.0 0.030684450757689774
1055.0 0.035591350751928985
1056.0 0.04268201009836048
1057.0 0.049772660713642836
1058.0 0.057547487085685134
1059.0 0.06532229599542916
1060.0 0.07308782078325748
1061.0 0.08085331064648926
1062.0 0.08820310467854142
1063.0 0.09555286378599703
1064.0 0.10171658359467983
1065.0 0.10788029758259654
1066.0 0.11444436386227608
1067.0 0.12100843014195561
1068.0 0.1285697682760656
1069.0 0.1361311413347721
1070.0 0.14626001939177513
1071.0 0.15638892073184252
1072.0 0.1681037712842226
1073.0 0.17981858691200614
1074.0 0.19202587427571416
1075.0 0.20423324313014746
1076.0 0.21630751434713602
1077.0 0.22838180884718895
1078.0 0.2412018133327365
1079.0 0.25402179453521967
1080.0 0.27128474321216345
1081.0 0.2885476918891072
1082.0 0.31721689738333225
1083.0 0.3458860795944929
1084.0 0.386263569816947
1085.0 0.42664106003940105
1086.0 0.46317679807543755
1087.0 0.49971258267760277
1088.0 0.5648928228765726
1089.0 0.6300730165094137
1090.0 0.7082777563482523
1091.0 0.7864824496209621
1092.0 0.8196968585252762
1093.0 0.8529108017683029
1094.0 0.8961853571236134
1095.0 0.9394596330821514
1096.0 0.9943429380655289
1097.0 1.0492263361811638
1098.0 1.0904522612690926
1099.0 1.1316782794892788
1100.0 1.3242676854133606
1101.0 1.516856625676155
