lsstCam/transmission_filter_detector/r12_s00/g_6/19700101T000000.ecsv
# %ECSV 1.0
# ---
# datatype:
# - {name: wavelength, unit: nm, datatype: float32}
# - {name: efficiency, unit: '%', datatype: float64}
# meta: !!omap
# - {MODE: DETECTOR}
# - {TYPE: transmission_filter_detector}
# - {CALIBDATE: '1970-01-01T00:00:00'}
# - {INSTRUME: LSSTCam}
# - {OBSTYPE: transmission_filter_detector}
# - {CALIBCLS: lsst.ip.isr.IntermediateFilterDetectorTransmissionCurve}
# - {SOURCE: Materion (DM-46256)}
# - {DETECTOR: 45}
# - {FILTER: g_6}
# - {CALIB_ID: 'calibDate=1970-01-01T00:00:00 filter=g_6 detector=45'}
# - {DATE: '2025-04-02T15:59:42.235308'}
# - {CALIB_CREATION_DATE: '2025-04-02'}
# - {CALIB_CREATION_TIME: '15:59:42'}
# - __serialized_columns__:
#     efficiency:
#       __class__: astropy.units.quantity.Quantity
#       unit: !astropy.units.Unit {unit: '%'}
#       value: !astropy.table.SerializedColumn {name: efficiency}
#     wavelength:
#       __class__: astropy.units.quantity.Quantity
#       unit: !astropy.units.Unit {unit: nm}
#       value: !astropy.table.SerializedColumn {name: wavelength}
# schema: astropy-2.0
wavelength efficiency
300.0 0.4913461394608021
301.0 0.36894697695970535
302.0 0.24654774460941553
303.0 0.21630304399877787
304.0 0.18605833174660802
305.0 0.19689847249537706
306.0 0.20773857831954956
307.0 0.21459104027599096
308.0 0.22144350223243237
309.0 0.21771220490336418
310.0 0.21398095414042473
311.0 0.20941910333931446
312.0 0.20485729910433292
313.0 0.20175771787762642
314.0 0.19865813665091991
315.0 0.18898951821029186
316.0 0.179320911411196
317.0 0.17687396612018347
318.0 0.1744270557537675
319.0 0.1598091796040535
320.0 0.14519128017127514
321.0 0.1403489732183516
322.0 0.13550667790696025
323.0 0.1154196448624134
324.0 0.09533266420476139
325.0 0.0877089740242809
326.0 0.08008527802303433
327.0 0.0714271969627589
328.0 0.06276911008171737
329.0 0.06120463367551565
330.0 0.05964015144854784
331.0 0.056039547780528665
332.0 0.05243894411250949
333.0 0.04786955541931093
334.0 0.04330016963649541
335.0 0.04240847774781287
336.0 0.04151678585913032
337.0 0.041951745515689254
338.0 0.04238669935148209
339.0 0.04052910371683538
340.0 0.03867151099257171
341.0 0.037133085425011814
342.0 0.035594659857451916
343.0 0.03216705517843366
344.0 0.028739450499415398
345.0 0.02543366572353989
346.0 0.022127878037281334
347.0 0.020940032845828682
348.0 0.019752184743992984
349.0 0.01803002814995125
350.0 0.6971599534153938
351.0 1.244452316313982
352.0 0.6124946288764477
353.0 1.0312994942069054
354.0 0.7889493368566036
355.0 0.6253505125641823
356.0 0.745478505268693
357.0 1.081318873912096
358.0 0.6277234293520451
359.0 0.8592666126787663
360.0 0.6358176469802856
361.0 0.9628823958337307
362.0 0.6364429835230112
363.0 0.8501417003571987
364.0 0.5416887812316418
365.0 0.788186676800251
366.0 0.5350393708795309
367.0 0.758425984531641
368.0 0.4689352121204138
369.0 0.6192301865667105
370.0 0.3999270498752594
371.0 0.612775981426239
372.0 0.3642224473878741
373.0 0.6146944127976894
374.0 0.4540833178907633
375.0 0.40077976882457733
376.0 0.3622963558882475
377.0 0.5675808992236853
378.0 0.3884294768795371
379.0 0.6346143782138824
380.0 0.39563756436109543
381.0 0.5288390908390284
382.0 0.5842925049364567
383.0 0.6499183364212513
384.0 0.5959451198577881
385.0 0.6151364184916019
386.0 0.6651108618825674
387.0 0.7763206027448177
388.0 0.9257325902581215
389.0 1.1852925643324852
390.0 1.6961116343736649
391.0 2.591557800769806
392.0 4.067971929907799
393.0 6.461405009031296
394.0 9.856757521629333
395.0 14.327992498874664
396.0 19.925813376903534
397.0 27.086636424064636
398.0 35.36841571331024
399.0 44.65279281139374
400.0 54.098325967788696
401.0 63.243573904037476
402.0 71.77646160125732
403.0 79.16041016578674
404.0 84.56540703773499
405.0 88.68855834007263
406.0 91.02739095687866
407.0 92.89040565490723
408.0 94.05474662780762
409.0 94.63218450546265
410.0 94.76646184921265
411.0 94.70901489257812
412.0 94.29884552955627
413.0 94.05322074890137
414.0 93.88570189476013
415.0 94.08357739448547
416.0 94.38117742538452
417.0 94.73676085472107
418.0 95.21424174308777
419.0 95.86839079856873
420.0 96.39195203781128
421.0 96.93922400474548
422.0 97.02646732330322
423.0 97.30055928230286
424.0 97.0311164855957
425.0 97.0475435256958
426.0 97.02924489974976
427.0 97.06177115440369
428.0 96.83709144592285
429.0 96.63159847259521
430.0 96.49978280067444
431.0 96.52840495109558
432.0 96.52349352836609
433.0 96.61179184913635
434.0 96.69913649559021
435.0 96.89643383026123
436.0 96.94806337356567
437.0 96.96382880210876
438.0 97.00138568878174
439.0 97.08904027938843
440.0 96.98567986488342
441.0 97.19541072845459
442.0 97.1249520778656
443.0 97.13588953018188
444.0 97.06768989562988
445.0 96.87385559082031
446.0 96.79673314094543
447.0 96.4678168296814
448.0 96.5334415435791
449.0 96.70495390892029
450.0 96.88735604286194
451.0 97.1323311328888
452.0 97.34432697296143
453.0 97.47350215911865
454.0 97.51399159431458
455.0 97.76229858398438
456.0 97.84532189369202
457.0 97.93797731399536
458.0 97.99072742462158
459.0 98.05274605751038
460.0 98.04446697235107
461.0 98.23986887931824
462.0 98.17302823066711
463.0 98.10178279876709
464.0 98.18324446678162
465.0 98.1150209903717
466.0 98.08495044708252
467.0 98.08482527732849
468.0 98.17759394645691
469.0 98.17391633987427
470.0 98.07504415512085
471.0 97.98312187194824
472.0 98.03915023803711
473.0 97.85416722297668
474.0 97.72809147834778
475.0 97.80271053314209
476.0 97.77480363845825
477.0 97.80393242835999
478.0 97.93500304222107
479.0 97.87248969078064
480.0 98.02901148796082
481.0 98.15032482147217
482.0 98.31897616386414
483.0 98.22922945022583
484.0 98.35589528083801
485.0 98.41614365577698
486.0 98.42125177383423
487.0 98.47113490104675
488.0 98.46941232681274
489.0 98.53512048721313
490.0 98.47253561019897
491.0 98.51595163345337
492.0 98.47947955131531
493.0 98.40868711471558
494.0 98.35641980171204
495.0 98.49465489387512
496.0 98.27733039855957
497.0 98.20798635482788
498.0 97.9845643043518
499.0 98.03019165992737
500.0 97.96982407569885
501.0 97.90259599685669
502.0 97.78657555580139
503.0 97.93941378593445
504.0 97.75857925415039
505.0 97.79469966888428
506.0 97.79326319694519
507.0 97.80835509300232
508.0 97.85813689231873
509.0 97.81579375267029
510.0 97.77323603630066
511.0 97.70507216453552
512.0 97.58464097976685
513.0 97.70411849021912
514.0 97.67202734947205
515.0 97.69749641418457
516.0 97.80035614967346
517.0 97.83563613891602
518.0 97.81970977783203
519.0 97.87116050720215
520.0 97.96856641769409
521.0 98.08773398399353
522.0 98.0659544467926
523.0 98.09983968734741
524.0 98.10575842857361
525.0 98.09740781784058
526.0 98.19214344024658
527.0 98.21572303771973
528.0 98.31811189651489
529.0 98.43490719795227
530.0 98.42677116394043
531.0 98.55003356933594
532.0 98.39169979095459
533.0 98.42662215232849
534.0 98.44446778297424
535.0 98.2809066772461
536.0 97.94780015945435
537.0 97.44936227798462
538.0 96.68293595314026
539.0 95.38084268569946
540.0 93.77131462097168
541.0 91.17570519447327
542.0 88.45084309577942
543.0 84.91185307502747
544.0 80.30253648757935
545.0 76.29461884498596
546.0 71.31088376045227
547.0 66.71122908592224
548.0 62.08312511444092
549.0 57.894110679626465
550.0 54.59190011024475
551.0 51.40087604522705
552.0 49.03673231601715
553.0 46.479833126068115
554.0 43.6947762966156
555.0 40.57319462299347
556.0 36.44825518131256
557.0 31.626659631729126
558.0 26.286405324935913
559.0 20.953752100467682
560.0 15.7416433095932
561.0 10.835568606853485
562.0 7.01565146446228
563.0 4.203881323337555
564.0 2.3274842649698257
565.0 1.1502066627144814
566.0 0.5997581873089075
567.0 0.30744043178856373
568.0 0.18325743731111288
569.0 0.11143534211441875
570.0 0.08634572150185704
571.0 0.05639887531287968
572.0 0.05716717569157481
573.0 0.03576560120563954
574.0 0.042517497786320746
575.0 0.03334633947815746
576.0 0.041339502786286175
577.0 0.021220275084488094
578.0 0.029729085508733988
579.0 0.02382941311225295
580.0 0.03848574997391552
581.0 0.014417171769309789
582.0 0.03488912479951978
583.0 0.017551107157487422
584.0 0.01052735751727596
585.0 0.019021256593987346
586.0 0.02301079803146422
587.0 0.01869701372925192
588.0 0.020783289801329374
589.0 0.02053764765150845
590.0 0.01899970229715109
591.0 0.014864355034660548
592.0 0.03073337720707059
593.0 0.015133841952774674
594.0 0.008701573096914217
595.0 0.016197070362977684
596.0 0.013168394798412919
597.0 0.015795808576513082
598.0 0.01943790994118899
599.0 0.00942913829931058
600.0 0.015496504784096032
601.0 0.0023199725546874106
602.0 0.0024238806872745045
603.0 0.002527788637962658
604.0 0.0023241333110490814
605.0 0.002120478166034445
606.0 0.0021752093743998557
607.0 0.002229940400866326
608.0 0.0019061519196839072
609.0 0.0015823636204004288
610.0 0.0018528828150010668
611.0 0.002123401645803824
612.0 0.001988492840609979
613.0 0.0018535840354161337
614.0 0.001821549449232407
615.0 0.0017895152268465608
616.0 0.0019729219275177456
617.0 0.002156328810087871
618.0 0.0020003648387501016
619.0 0.0018444010493112728
620.0 0.0017727341401041485
621.0 0.001701067594694905
622.0 0.001552722096676007
623.0 0.0014043764167581685
624.0 0.001418943065800704
625.0 0.0014335097148432396
626.0 0.001444250392523827
627.0 0.0014549915249517653
628.0 0.00149370926010306
629.0 0.0015324274500017054
630.0 0.0014883942640153691
631.0 0.001444360714231152
632.0 0.0015378111129393801
633.0 0.0016312611478497274
634.0 0.0015596753655700013
635.0 0.0014880890375934541
636.0 0.0014049641322344542
637.0 0.0013218398635217454
638.0 0.0012383867215248756
639.0 0.0011549335795280058
640.0 0.0010990473128913436
641.0 0.0010431607734062709
642.0 0.0012962045730091631
643.0 0.001549248736409936
644.0 0.0014653448488388676
645.0 0.0013814406884193886
646.0 0.0013291510185808875
647.0 0.0012768614396918565
648.0 0.0011244457709835842
649.0 0.0009720299203763716
650.0 0.0011995573913736735
651.0 0.001427084225724684
652.0 0.0011774011909437831
653.0 0.0009277182471123524
654.0 0.0010707158253353555
655.0 0.0012137134945078287
656.0 0.001220494323206367
657.0 0.001227275060955435
658.0 0.0011707735211530235
659.0 0.0011142723451484926
660.0 0.0009763994967215694
661.0 0.0008385264663957059
662.0 0.0010620940884109586
663.0 0.0012856618923251517
664.0 0.0012786133083864115
665.0 0.0012715646334982011
666.0 0.0011488129530334845
667.0 0.0010260609087708872
668.0 0.0011182378329976927
669.0 0.0012104148481739685
670.0 0.0012165067346359137
671.0 0.001222598621097859
672.0 0.001165530557045713
673.0 0.0011084624929935671
674.0 0.001148512546933489
675.0 0.0011885626008734107
676.0 0.001130572763941018
677.0 0.0010725825632107444
678.0 0.0010866954653465655
679.0 0.0011008084584318567
680.0 0.0009975341527024284
681.0 0.0008942597560235299
682.0 0.001014019926515175
683.0 0.0011337801879562903
684.0 0.0009673914973973297
685.0 0.0008010027158888988
686.0 0.001017347676679492
687.0 0.0012336926374700852
688.0 0.0011630489098024555
689.0 0.001092405273084296
690.0 0.00100296756500029
691.0 0.000913529765966814
692.0 0.0009185690942103975
693.0 0.0009236085134034511
694.0 0.0009940258678398095
695.0 0.0010644431313266978
696.0 0.001125410562963225
697.0 0.001186377448902931
698.0 0.0012827681530325208
699.0 0.0013791589481115807
700.0 0.001159819930762751
701.0 0.000940480731514981
702.0 0.0011118885595351458
703.0 0.0012832962056563701
704.0 0.0012346515177341644
705.0 0.0011860068298119586
706.0 0.001163858178188093
707.0 0.0011417097084631678
708.0 0.001011242602544371
709.0 0.0008807755875750445
710.0 0.001117116516979877
711.0 0.0013534577192331199
712.0 0.0012413698641466908
713.0 0.0011292821909592021
714.0 0.0011878521036123857
715.0 0.00124642238006345
716.0 0.0015433004591614008
717.0 0.0018401789930067025
718.0 0.0020173391021671705
719.0 0.0021944992113276385
720.0 0.0018025653844233602
721.0 0.0014106314665696118
722.0 0.0016288342521875165
723.0 0.0018470376744517125
724.0 0.0018136321159545332
725.0 0.001780226557457354
726.0 0.0019060566046391614
727.0 0.002031886833719909
728.0 0.002062810744973831
729.0 0.0020937346562277526
730.0 0.002073164978355635
731.0 0.0020525953004835173
732.0 0.0019359697034815326
733.0 0.0018193442883784883
734.0 0.001572611290612258
735.0 0.001325878383795498
736.0 0.0012385671652737074
737.0 0.0011512558558024466
738.0 0.0011074844223912805
739.0 0.0010637129889801145
740.0 0.0008934645848057698
741.0 0.0007232160896819551
742.0 0.0006983074854360893
743.0 0.0006733988357154885
744.0 0.0008805283869151026
745.0 0.0010876582564378623
746.0 0.001013168366625905
747.0 0.000938678567763418
748.0 0.0010875734005821869
749.0 0.001236468324350426
750.0 0.00105782673927024
751.0 0.0008791854270384647
752.0 0.0008195680493372492
753.0 0.0007599506716360338
754.0 0.0008593823622504715
755.0 0.0009588140528649092
756.0 0.0009221964319294784
757.0 0.0008855786290951073
758.0 0.0009082151336770039
759.0 0.0009308520020567812
760.0 0.0007451664714608341
761.0 0.0005594808499154169
762.0 0.0006582545211131219
763.0 0.0007570280558866216
764.0 0.0008826612429402303
765.0 0.0010082947483169846
766.0 0.0008600410183134954
767.0 0.0007117875611584168
768.0 0.0006259338078962173
769.0 0.0005400800546340179
770.0 0.0004338560756877996
771.0 0.0003276320740042138
772.0 0.0004828973032999784
773.0 0.0006381626008078456
774.0 0.000827956864668522
775.0 0.0010177511285291985
776.0 0.000929602265387075
777.0 0.0008414533112954814
778.0 0.0007386146535282023
779.0 0.0006357760867103934
780.0 0.000551185348740546
781.0 0.00046659456529596355
782.0 0.0005627704922517296
783.0 0.0006589462827832904
784.0 0.0007637332601007074
785.0 0.0008685201464686543
786.0 0.0007702050424995832
787.0 0.000671890347803128
788.0 0.00045678361857426353
789.0 0.00024167707124433946
790.0 0.00016211396314247395
791.0 8.25508323032409e-05
792.0 0.00022003289359417977
793.0 0.0003575149776224862
794.0 0.00039072137951734476
795.0 0.0004239277586748358
796.0 0.0004802083822141867
797.0 0.0005364889602788026
798.0 0.0005838076958752936
799.0 0.0006311264769465197
800.0 0.0005949621026957175
801.0 0.0005587979103438556
802.0 0.000545531656825915
803.0 0.0005322655397321796
804.0 0.0003893029315804597
805.0 0.00024634041437820997
806.0 0.0002613113792904187
807.0 0.00027628236693999497
808.0 0.00033159803933813237
809.0 0.0003869137344736373
810.0 0.00033410979085601866
811.0 0.0002813058472384
812.0 0.00031999434213503264
813.0 0.0003586827460821951
814.0 0.0003578924861358246
815.0 0.00035710215797735145
816.0 0.00044095204430050217
817.0 0.0005248018169368152
818.0 0.00034887016227003187
819.0 0.00017293856444666744
820.0 0.00040634854485688265
821.0 0.0006397584911610465
822.0 0.0005384134510677541
823.0 0.0004370684564491967
824.0 0.0004930186605633935
825.0 0.0005489687737281201
826.0 0.0007175133305281634
827.0 0.0008860578418534715
828.0 0.0006254664185689762
829.0 0.00036487497254711343
830.0 0.00029870648177166004
831.0 0.00023253805920830928
832.0 0.00048006691031332593
833.0 0.0007275955795194022
834.0 0.0005618653176497901
835.0 0.00039613505578017794
836.0 0.00045021811274637
837.0 0.0005043012151872972
838.0 0.0005471477379614953
839.0 0.0005899943062104285
840.0 0.0006833633051428478
841.0 0.000776732213125797
842.0 0.0004301855369703844
843.0 8.363878691852733e-05
844.0 0.0001188186956824211
845.0 0.00015399862149934052
846.0 0.0004157136118010385
847.0 0.0006774287157895742
848.0 0.0005255694759398466
849.0 0.0003737103497769567
850.0 0.00045933179535495583
851.0 0.0005449532181955874
852.0 0.000534390028406051
853.0 0.0005238264748186339
854.0 0.0005512637471838389
855.0 0.0005787007921753684
856.0 0.0006168807431095047
857.0 0.0006550607849931112
858.0 0.0006434594979509711
859.0 0.0006318582563835662
860.0 0.0006082642812543781
861.0 0.0005846703061251901
862.0 0.00046670757001265883
863.0 0.00034874483390012756
864.0 0.000351443895851844
865.0 0.0003541429578035604
866.0 0.00045654842324438505
867.0 0.0005589539796346799
868.0 0.0006750768079655245
869.0 0.0007911998181953095
870.0 0.0006891518296470167
871.0 0.0005871037046745187
872.0 0.00041508337744744495
873.0 0.0002430629820082686
874.0 0.00033234432521567214
875.0 0.00042162569116044324
876.0 0.0006517979272757657
877.0 0.000881970117916353
878.0 0.0007528020887548337
879.0 0.0006236340595933143
880.0 0.0005817009878228419
881.0 0.000539768234375515
882.0 0.0005389848411141429
883.0 0.0005382018571253866
884.0 0.0006077915259083966
885.0 0.000677381422065082
886.0 0.0006879052762087667
887.0 0.000698429403200862
888.0 0.000597842836214113
889.0 0.0004972564056515694
890.0 0.0004905814876110526
891.0 0.00048390670599474106
892.0 0.00042951123759848997
893.0 0.0003751157919396064
894.0 0.00037851780234632315
895.0 0.0003819198354904074
896.0 0.0002360942744417116
897.0 9.026871907735767e-05
898.0 0.0002958401182695525
899.0 0.0005014115686208243
900.0 0.00039847095649747644
901.0 0.0002955303443741286
902.0 0.00041182870518241543
903.0 0.0005281271569401724
904.0 0.00032700779684091685
905.0 0.00012588841400429374
906.0 0.0003798324769377359
