lsstCam/transmission_filter_detector/r03_s00/r_57/19700101T000000.ecsv
# %ECSV 1.0
# ---
# datatype:
# - {name: wavelength, unit: nm, datatype: float32}
# - {name: efficiency, unit: '%', datatype: float64}
# meta: !!omap
# - {MODE: DETECTOR}
# - {TYPE: transmission_filter_detector}
# - {CALIBDATE: '1970-01-01T00:00:00'}
# - {INSTRUME: LSSTCam}
# - {OBSTYPE: transmission_filter_detector}
# - {CALIBCLS: lsst.ip.isr.IntermediateFilterDetectorTransmissionCurve}
# - {SOURCE: Materion (DM-46256)}
# - {DETECTOR: 18}
# - {FILTER: r_57}
# - {CALIB_ID: 'calibDate=1970-01-01T00:00:00 filter=r_57 detector=18'}
# - {DATE: '2025-04-02T15:59:44.268362'}
# - {CALIB_CREATION_DATE: '2025-04-02'}
# - {CALIB_CREATION_TIME: '15:59:44'}
# - __serialized_columns__:
#     efficiency:
#       __class__: astropy.units.quantity.Quantity
#       unit: !astropy.units.Unit {unit: '%'}
#       value: !astropy.table.SerializedColumn {name: efficiency}
#     wavelength:
#       __class__: astropy.units.quantity.Quantity
#       unit: !astropy.units.Unit {unit: nm}
#       value: !astropy.table.SerializedColumn {name: wavelength}
# schema: astropy-2.0
wavelength efficiency
300.0 0.003710008240886964
301.0 0.009462820162298158
302.0 0.015215632447507232
303.0 0.018412659119348973
304.0 0.021609687246382236
305.0 0.019520323257893324
306.0 0.017430962179787457
307.0 0.015213547158055007
308.0 0.012996129225939512
309.0 0.01195791846839711
310.0 0.010919706983258948
311.0 0.010007377568399534
312.0 0.00909504815354012
313.0 0.008414308103965595
314.0 0.00773356732679531
315.0 0.007073921733535826
316.0 0.006414276140276343
317.0 0.006063783075660467
318.0 0.00571328928344883
319.0 0.005358743146643974
320.0 0.00500419846503064
321.0 0.004363377593108453
322.0 0.0037225578125799075
323.0 0.0036861114494968206
324.0 0.0036496639950200915
325.0 0.003894395922543481
326.0 0.004139128577662632
327.0 0.004185687794233672
328.0 0.004232246283208951
329.0 0.00421931290475186
330.0 0.004206379526294768
331.0 0.003876808477798477
332.0 0.0035472352465149015
333.0 0.0032755495340097696
334.0 0.003003863457706757
335.0 0.0026720947062131017
336.0 0.0023403259547194466
337.0 0.0020503290215856396
338.0 0.0017603320884518325
339.0 0.001672594589763321
340.0 0.0015848570910748094
341.0 0.0016049176338128746
342.0 0.00162497835844988
343.0 0.001593782872078009
344.0 0.0015625875676050782
345.0 0.001460406474507181
346.0 0.0013582252904598136
347.0 0.0012941554814460687
348.0 0.0012300855814828537
349.0 0.001159174553322373
350.0 0.005711746052838862
351.0 0.005886974759050645
352.0 0.006062203465262428
353.0 0.005650486127706245
354.0 0.005238769517745823
355.0 0.005420022353064269
356.0 0.005601275915978476
357.0 0.0069796209572814405
358.0 0.008357965998584405
359.0 0.0064005638705566525
360.0 0.0044431617425289005
361.0 0.00303592187265167
362.0 0.0016286818208754994
363.0 0.002816498999891337
364.0 0.004004315997008234
365.0 0.003914657281711698
366.0 0.0038249989302130416
367.0 0.0033443153370171785
368.0 0.0028636313800234348
369.0 0.0025019444365170784
370.0 0.002140257856808603
371.0 0.0026448657081346028
372.0 0.0031494739232584834
373.0 0.0035531320463633165
374.0 0.0039567901694681495
375.0 0.0033846630685729906
376.0 0.0028125365133746527
377.0 0.0013430988474283367
378.0 1.7283993247046991e-10
379.0 0.0008383794011024293
380.0 0.0018030974388238974
381.0 0.0026508803784963675
382.0 0.0034986638638656586
383.0 0.0035557790397433564
384.0 0.003612894579418935
385.0 0.0045664317440241575
386.0 0.00551996890862938
387.0 0.004825507494388148
388.0 0.004131046443944797
389.0 0.003572670539142564
390.0 0.0030142942705424502
391.0 0.0022132449885248207
392.0 0.0014121959793556016
393.0 0.0015244114365486894
394.0 0.0016366266208933666
395.0 0.0012986948604520876
396.0 0.0009607631909602787
397.0 0.0007599545824632514
398.0 0.0005591462013398996
399.0 0.0005924749984842492
400.0 0.0006258032499317778
401.0 0.0003500383627397241
402.0 7.427299237861007e-05
403.0 0.0003062750693061389
404.0 0.0005382773906603688
405.0 0.0009689243597676978
406.0 0.001399571010551881
407.0 0.0020012763343402185
408.0 0.0026029814762296155
409.0 0.002128076084773056
410.0 0.0016531705114175566
411.0 0.001277312640013406
412.0 0.0009014547686092556
413.0 0.0009111008694162592
414.0 0.0009207469702232629
415.0 0.0008420067388215102
416.0 0.0007632667802681681
417.0 0.0012964824236405548
418.0 0.0018296985217602924
419.0 0.0024083032258204184
420.0 0.0029869079298805445
421.0 0.004695274037658237
422.0 0.006403639417840168
423.0 0.009974993008654565
424.0 0.013546344416681677
425.0 0.017924827989190817
426.0 0.022303305740933865
427.0 0.022522220388054848
428.0 0.022741136490367353
429.0 0.01729796058498323
430.0 0.011854784679599106
431.0 0.008630313095636666
432.0 0.005405839692684822
433.0 0.0044088719732826576
434.0 0.0034119038900826126
435.0 0.002680882971617393
436.0 0.0019498615074553527
437.0 0.001677100226515904
438.0 0.0014043394003238063
439.0 0.001186344616144197
440.0 0.0009683498319645878
441.0 0.001199126199935563
442.0 0.0014299027498054784
443.0 0.0017150576240965165
444.0 0.002000212771235965
445.0 0.0019042430722038262
446.0 0.0018082735550706275
447.0 0.0017560665583005175
448.0 0.0017038601072272286
449.0 0.0017850532458396628
450.0 0.0018662456568563357
451.0 0.0019080158381257206
452.0 0.0019497860193951055
453.0 0.0017824282622314058
454.0 0.0016150708688655868
455.0 0.0014365850802278146
456.0 0.0012580997463373933
457.0 0.0009349485480925068
458.0 0.0006117973953223554
459.0 0.000876963804330444
460.0 0.0011421303497627378
461.0 0.0018465219909558073
462.0 0.002550913268350996
463.0 0.0034018255973933265
464.0 0.004252737926435657
465.0 0.005427600626717322
466.0 0.006602462963201106
467.0 0.007146991993067786
468.0 0.007691521750530228
469.0 0.0065099302446469665
470.0 0.005328339830157347
471.0 0.004029854972031899
472.0 0.0027313695682096295
473.0 0.002229834171885159
474.0 0.0017282985936617479
475.0 0.00146626944115269
476.0 0.0012042405614920426
477.0 0.000980868480837671
478.0 0.0007574961728096241
479.0 0.0009594896255293861
480.0 0.0011614829418249428
481.0 0.0008991027243610006
482.0 0.0006367226433212636
483.0 0.0007324466423597187
484.0 0.0008281704140244983
485.0 0.0007246295353979804
486.0 0.0006210885658219922
487.0 0.0006827666311437497
488.0 0.000744444605516037
489.0 0.0007343568995565875
490.0 0.0007242690116981976
491.0 0.0008398765203310177
492.0 0.0009554839380143676
493.0 0.0011184926734131295
494.0 0.001281501681660302
495.0 0.0011139952221128624
496.0 0.0009464886716159526
497.0 0.0011703324162226636
498.0 0.001394175887980964
499.0 0.0014336795175040606
500.0 0.0014731832379766274
501.0 0.001631855957384687
502.0 0.001790528949641157
503.0 0.0021782727344543673
504.0 0.0025660163373686373
505.0 0.0032553813070990145
506.0 0.003944746640627272
507.0 0.0046148303226800635
508.0 0.005284914004732855
509.0 0.005740456617786549
510.0 0.006195998867042363
511.0 0.005465994399855845
512.0 0.004735989568871446
513.0 0.004058496779180132
514.0 0.0033810039894888178
515.0 0.0031891177059151232
516.0 0.0029972314223414287
517.0 0.0028032918635290116
518.0 0.002609351940918714
519.0 0.07219632971100509
520.0 0.10354737751185894
521.0 0.10588690638542175
522.0 0.12442416045814753
523.0 0.046892103273421526
524.0 0.07692986400797963
525.0 0.08700841572135687
526.0 0.12296689674258232
527.0 0.14575544046238065
528.0 0.11766999959945679
529.0 0.17884416738525033
530.0 0.25090156123042107
531.0 0.3290498163551092
532.0 0.3252659924328327
533.0 0.35795613657683134
534.0 0.5911349318921566
535.0 0.8259468711912632
536.0 1.3018707744777203
537.0 2.08332147449255
538.0 3.253285214304924
539.0 4.9725241959095
540.0 7.515421509742737
541.0 10.35722941160202
542.0 13.942773640155792
543.0 18.400128185749054
544.0 23.819032311439514
545.0 29.80341613292694
546.0 37.089887261390686
547.0 44.197484850883484
548.0 52.90043354034424
549.0 60.197848081588745
550.0 65.39400219917297
551.0 71.6407835483551
552.0 75.23099780082703
553.0 78.94463539123535
554.0 82.68881440162659
555.0 85.94679236412048
556.0 89.10398483276367
557.0 91.17850661277771
558.0 93.86457204818726
559.0 95.27087211608887
560.0 94.75955367088318
561.0 95.73367238044739
562.0 96.01595997810364
563.0 95.73055505752563
564.0 96.10861539840698
565.0 95.05799412727356
566.0 96.32890224456787
567.0 95.645010471344
568.0 96.20949625968933
569.0 97.12966680526733
570.0 96.67882323265076
571.0 97.5911021232605
572.0 97.16378450393677
573.0 97.26296067237854
574.0 97.48331308364868
575.0 96.90130949020386
576.0 97.43075966835022
577.0 97.2720742225647
578.0 97.33591079711914
579.0 97.08418250083923
580.0 96.69398069381714
581.0 96.67258262634277
582.0 96.60061001777649
583.0 96.88053727149963
584.0 96.52187824249268
585.0 96.74794673919678
586.0 96.73821926116943
587.0 96.32530212402344
588.0 96.64372205734253
589.0 97.5840151309967
590.0 97.1639096736908
591.0 96.19894623756409
592.0 96.1808443069458
593.0 96.0684061050415
594.0 95.9991455078125
595.0 96.63576483726501
596.0 97.44763374328613
597.0 97.54935503005981
598.0 97.14877605438232
599.0 97.22713828086853
600.0 96.99351787567139
601.0 96.55900001525879
602.0 97.04049825668335
603.0 96.35091423988342
604.0 96.40786051750183
605.0 96.87185883522034
606.0 96.48124575614929
607.0 96.34250402450562
608.0 96.39690518379211
609.0 95.91460824012756
610.0 95.91798782348633
611.0 95.86445093154907
612.0 96.13129496574402
613.0 97.1532940864563
614.0 97.03381657600403
615.0 96.27216458320618
616.0 96.74081206321716
617.0 96.88682556152344
618.0 96.60971760749817
619.0 97.26722240447998
620.0 96.2812066078186
621.0 95.75032591819763
622.0 96.85201644897461
623.0 96.89164757728577
624.0 96.80272340774536
625.0 97.11774587631226
626.0 96.58840298652649
627.0 95.57725787162781
628.0 97.66122698783875
629.0 96.17351293563843
630.0 96.62765264511108
631.0 96.42230272293091
632.0 97.19746112823486
633.0 96.55182361602783
634.0 96.24244570732117
635.0 96.43701314926147
636.0 96.51374816894531
637.0 96.04654908180237
638.0 95.86207866668701
639.0 95.92820405960083
640.0 95.9834337234497
641.0 95.99765539169312
642.0 96.33117914199829
643.0 96.29059433937073
644.0 96.55373096466064
645.0 96.65425419807434
646.0 96.47939801216125
647.0 97.62467741966248
648.0 96.7808485031128
649.0 96.27556204795837
650.0 96.73107862472534
651.0 97.335684299469
652.0 97.0445454120636
653.0 96.1536169052124
654.0 96.85778021812439
655.0 96.94554805755615
656.0 96.11034989356995
657.0 96.04727625846863
658.0 96.67346477508545
659.0 96.58554196357727
660.0 95.86799740791321
661.0 95.49437761306763
662.0 95.85476517677307
663.0 96.20294570922852
664.0 95.7728624343872
665.0 95.48789858818054
666.0 95.54415941238403
667.0 95.97302675247192
668.0 95.21291255950928
669.0 95.9804117679596
670.0 95.75995802879333
671.0 95.82659006118774
672.0 95.19551396369934
673.0 95.47791481018066
674.0 94.66662406921387
675.0 95.52881717681885
676.0 94.70487236976624
677.0 93.48617792129517
678.0 92.37790703773499
679.0 91.09492897987366
680.0 89.57793712615967
681.0 87.82145380973816
682.0 84.95281338691711
683.0 82.1190595626831
684.0 78.39939594268799
685.0 74.15733337402344
686.0 69.93774771690369
687.0 65.4634952545166
688.0 60.88176965713501
689.0 56.668275594711304
690.0 51.78767442703247
691.0 47.75402247905731
692.0 42.80266761779785
693.0 37.931784987449646
694.0 32.5005978345871
695.0 26.887476444244385
696.0 21.306219696998596
697.0 16.258910298347473
698.0 11.179082095623016
699.0 7.4580080807209015
700.0 4.916507005691528
701.0 2.9377488419413567
702.0 1.7539484426379204
703.0 1.0067347437143326
704.0 0.5901001393795013
705.0 0.36438831593841314
706.0 0.2762783085927367
707.0 0.1746710273437202
708.0 0.10680760024115443
709.0 0.1216578297317028
710.0 0.06850874051451683
711.0 0.04028246330562979
712.0 0.04385513602755964
713.0 0.05505170556716621
714.0 0.0065125634137075394
715.0 0.07721263100393116
716.0 0.026552032795734704
717.0 0.05050289328210056
718.0 0.041572030750103295
719.0 0.03232162562198937
720.0 1.7283993247046991e-10
721.0 0.004056308898725547
722.0 0.003824851955869235
723.0 0.003593395376810804
724.0 0.0033250504202442244
725.0 0.0030567054636776447
726.0 0.002851727003871929
727.0 0.0026467489078640938
728.0 0.0025075700250454247
729.0 0.0023683911422267556
730.0 0.0022000107492203824
731.0 0.0020316310838097706
732.0 0.001982100548048038
733.0 0.0019325700122863054
734.0 0.0018683493181015365
735.0 0.0018041282601188868
736.0 0.001617571797396522
737.0 0.001431015243724687
738.0 0.0014208725588105153
739.0 0.0014107299648458138
740.0 0.001408842308592284
741.0 0.001406954925187165
742.0 0.0012955053534824401
743.0 0.0011840556908282451
744.0 0.0012331373909546528
745.0 0.0012822189091821201
746.0 0.0012056296327500604
747.0 0.0011290403563180007
748.0 0.001007684022624744
749.0 0.0008863275070325471
750.0 0.0009072135981114116
751.0 0.0009281000529881567
752.0 0.0009881930964183994
753.0 0.0010482862307981122
754.0 0.001021581374516245
755.0 0.0009948767910827883
756.0 0.0009496059647062793
757.0 0.0009043349564308301
758.0 0.0009522936124994885
759.0 0.0010002520866692066
760.0 0.0010304732313670684
761.0 0.0010606947398628108
762.0 0.0010139854566659778
763.0 0.0009672766282164957
764.0 0.0009291950846090913
765.0 0.0008911137229006272
766.0 0.0007277779786818428
767.0 0.0005644422799377935
768.0 0.000550426602785592
769.0 0.0005364107892091852
770.0 0.000678238620821503
771.0 0.0008200667252822313
772.0 0.0007438316515617771
773.0 0.0006675964868918527
774.0 0.0007746528353891335
775.0 0.000881709001987474
776.0 0.0008777696166362148
777.0 0.0008738300493860152
778.0 0.0008612725650891662
779.0 0.0008487151717417873
780.0 0.000717427474228316
781.0 0.0005861398676643148
782.0 0.0006456285063904943
783.0 0.0007051171451166738
784.0 0.0007210308467620052
785.0 0.0007369442755589262
786.0 0.0006446702172979712
787.0 0.0005523961590370163
788.0 0.0005627985501632793
789.0 0.0005732009867642773
790.0 0.0006808012585679535
791.0 0.0007884014848968945
792.0 0.0007745281436655205
793.0 0.0007606548024341464
794.0 0.0007757701496302616
795.0 0.0007908852239779662
796.0 0.000632233150099637
797.0 0.0004735809397971025
798.0 0.0005945825250819325
799.0 0.0007155840648920275
800.0 0.0006769372703274712
801.0 0.0006382902483892394
802.0 0.0005422900358098559
803.0 0.00044628959585679695
804.0 0.0005527682333195116
805.0 0.0006592469162569614
806.0 0.0006102430234022904
807.0 0.0005612392214970896
808.0 0.0006731263511028374
809.0 0.00078501343523385
810.0 0.0006538373781950213
811.0 0.0005226616394793382
812.0 0.0006061301064619329
813.0 0.0006895985279697925
814.0 0.0005474318641063292
815.0 0.0004052652457176009
816.0 0.0005416597559815273
817.0 0.000678054448144394
818.0 0.0006048705017747125
819.0 0.000531686600879766
820.0 0.0004386572527437238
821.0 0.000345627881870314
822.0 0.0003627508249337552
823.0 0.0003798738134719315
824.0 0.00034946547202707734
825.0 0.00031905717605695827
826.0 0.00039658316381974146
827.0 0.0004741091743198922
828.0 0.0003538904593369807
829.0 0.00023367174435406923
830.0 0.00016043572941271123
831.0 8.719974289306265e-05
832.0 2.4414603672084922e-05
833.0 1.7283993247046991e-10
834.0 1.7283993247046991e-10
835.0 1.7283993247046991e-10
836.0 0.0001628214590709831
837.0 0.0004381361122796079
838.0 0.0006310488515737234
839.0 0.0008239616363425739
840.0 0.0013461529306368902
841.0 0.0018683442249312066
842.0 0.0028069494874216616
843.0 0.0037455542042152956
844.0 0.00428841267421376
845.0 0.004831270780414343
846.0 0.00496410284540616
847.0 0.005096934910397977
848.0 0.004264293238520622
849.0 0.003431650111451745
850.0 0.0025503974029561505
851.0 0.0016691448763594963
852.0 0.001381076162942918
853.0 0.0010930071766779292
854.0 0.0009323584890807979
855.0 0.000771709528635256
856.0 0.0006517006568174111
857.0 0.0005316919214237714
858.0 0.0006455523816839559
859.0 0.0007594127964694053
860.0 0.0006016591669322224
861.0 0.0004439055373950396
862.0 0.00048759052333480213
863.0 0.0005312754637998296
864.0 0.0003797946192207746
865.0 0.0002283137973790872
866.0 0.00022635081222688314
867.0 0.00022438780433731154
868.0 0.00023402565147989662
869.0 0.00024366345314774662
870.0 0.00015507915804846562
871.0 6.649481747444952e-05
872.0 1.7283993247046991e-10
873.0 1.7283993247046991e-10
874.0 1.7283993247046991e-10
875.0 1.7283993247046991e-10
876.0 1.7283993247046991e-10
877.0 9.858838438958628e-05
878.0 0.00015850300769670866
879.0 0.0002184176082664635
880.0 0.00020948089058947517
881.0 0.00020054417291248683
882.0 0.00019768976926570758
883.0 0.00019483536561892834
884.0 7.71813915889652e-05
885.0 1.7283993247046991e-10
886.0 7.318589609894843e-05
887.0 0.00018684440874494612
888.0 0.0002466673549861298
889.0 0.000306490323964681
890.0 0.0002717454435696709
891.0 0.00023700049496255815
892.0 8.660429671181191e-05
893.0 1.7283993247046991e-10
894.0 1.1613313688485505e-05
895.0 8.701854881110194e-05
896.0 0.00010323055903427303
897.0 0.0001194426204165211
898.0 9.780193295227946e-05
899.0 7.616125685672159e-05
900.0 2.680824593426223e-05
901.0 1.7283993247046991e-10
