lsstCam/transmission_filter_detector/r03_s00/r_57/19700101T000000.ecsv
# %ECSV 1.0
# ---
# datatype:
# - {name: wavelength, unit: nm, datatype: float32}
# - {name: efficiency, unit: '%', datatype: float64}
# meta: !!omap
# - {MODE: DETECTOR}
# - {TYPE: transmission_filter_detector}
# - {CALIBDATE: '1970-01-01T00:00:00'}
# - {INSTRUME: LSSTCam}
# - {OBSTYPE: transmission_filter_detector}
# - {CALIBCLS: lsst.ip.isr.IntermediateFilterDetectorTransmissionCurve}
# - {SOURCE: Materion (DM-46256)}
# - {DETECTOR: 18}
# - {FILTER: r_57}
# - {CALIB_ID: 'calibDate=1970-01-01T00:00:00 filter=r_57 detector=18'}
# - {DATE: '2025-04-02T15:59:44.268362'}
# - {CALIB_CREATION_DATE: '2025-04-02'}
# - {CALIB_CREATION_TIME: '15:59:44'}
# - __serialized_columns__:
#     efficiency:
#       __class__: astropy.units.quantity.Quantity
#       unit: !astropy.units.Unit {unit: '%'}
#       value: !astropy.table.SerializedColumn {name: efficiency}
#     wavelength:
#       __class__: astropy.units.quantity.Quantity
#       unit: !astropy.units.Unit {unit: nm}
#       value: !astropy.table.SerializedColumn {name: wavelength}
# schema: astropy-2.0
wavelength efficiency
[from data line 603]
903.0 1.7283993247046991e-10
904.0 1.7283993247046991e-10
905.0 3.347261952058034e-05
906.0 1.7283993247046991e-10
907.0 1.7283993247046991e-10
908.0 1.7283993247046991e-10
909.0 1.7283993247046991e-10
910.0 1.7283993247046991e-10
911.0 1.7283993247046991e-10
912.0 1.7283993247046991e-10
913.0 1.7283993247046991e-10
914.0 1.7283993247046991e-10
915.0 0.00011168048104082118
916.0 7.791509233356919e-05
917.0 4.414975762756512e-05
918.0 0.00012605604524651426
919.0 0.00020796228454855736
920.0 0.0001195750996885181
921.0 3.118787503808562e-05
922.0 0.0001396984998791595
923.0 0.00024820913040457526
924.0 0.00024365808712900616
925.0 0.00023910704385343706
926.0 0.00018058303794532549
927.0 0.00012205903203721391
928.0 0.0001799873643903993
929.0 0.0002379156967435847
930.0 0.0003082871216975036
931.0 0.00037865856938879006
932.0 0.0002101450718328124
933.0 4.163161406722793e-05
934.0 0.00016248858401013422
935.0 0.0002833455255313311
936.0 0.00027558885449252557
937.0 0.00026783218345372006
938.0 0.00031281140309147304
939.0 0.00035779064546659356
940.0 0.0003370023478055373
941.0 0.0003162140046697459
942.0 0.00041166804294334725
943.0 0.0005071221039543161
944.0 0.0004287497176846955
945.0 0.00035037742236454505
946.0 0.00027261694413027726
947.0 0.00019485642042127438
948.0 0.0003603385266615078
949.0 0.0005258206783764763
950.0 0.0005495893219631398
951.0 0.0005733580110245384
952.0 0.0007193497822299832
953.0 0.0008653416443848982
954.0 0.0011885028470715042
955.0 0.0015116643226065207
956.0 0.0015188064935500734
957.0 0.0015259485735441558
958.0 0.001637437344470527
959.0 0.0017489262972958386
960.0 0.0018913528037955984
961.0 0.002033779674093239
962.0 0.0022281668861978687
963.0 0.002422554280201439
964.0 0.002418394979031291
965.0 0.002414235314063262
966.0 0.0023677195713389665
967.0 0.0023212036467157304
968.0 0.0022770233044866472
969.0 0.0022328431441565044
970.0 0.0022861137040308677
971.0 0.0023393844458041713
972.0 0.002454802415741142
973.0 0.0025702198399812914
974.0 0.002868968113034498
975.0 0.003167716204188764
976.0 0.0032959207601379603
977.0 0.0034241253160871565
978.0 0.0033363656257279217
979.0 0.0032486062991665676
980.0 0.0032056515919975936
981.0 0.0031626972486265004
982.0 0.0032952200854197145
983.0 0.0034277432860108092
984.0 0.003362101051607169
985.0 0.0032964584534056485
986.0 0.0031620365916751325
987.0 0.0030276147299446166
988.0 0.002805929398164153
989.0 0.00258424424828263
990.0 0.002650494388944935
991.0 0.0027167443477082998
992.0 0.00274560024990933
993.0 0.002774456334009301
994.0 0.0027933527235290967
995.0 0.0028122487492510118
996.0 0.0028609307264559902
997.0 0.002909612339863088
998.0 0.0030359955417225137
999.0 0.003162378561682999
1000.0 0.0032719435694161803
1001.0 0.0033815085771493614
1002.0 0.003631904110079631
1003.0 0.0038822992792120203
1004.0 0.0040000901208259165
1005.0 0.004117880962439813
1006.0 0.004348695802036673
1007.0 0.004579511369229294
1008.0 0.0045572563976747915
1009.0 0.004535001062322408
1010.0 0.004533217361313291
1011.0 0.0045314340241020545
1012.0 0.004492655716603622
1013.0 0.0044538770453073084
1014.0 0.004109638030058704
1015.0 0.0037653986510122195
1016.0 0.003605473830248229
1017.0 0.0034455493732821196
1018.0 0.0030371527827810496
1019.0 0.0026287567379768007
1020.0 0.0021958914658171125
1021.0 0.001763026011758484
1022.0 0.0015604116924805567
1023.0 0.0013577971003542189
1024.0 0.0013970256077300292
1025.0 0.0014362544789037202
1026.0 0.0013454930012812838
1027.0 0.001254731341759907
1028.0 0.0011617269592534285
1029.0 0.0010687223948480096
1030.0 0.0010318535714759491
1031.0 0.0009949841114575975
1032.0 0.0009365785444970243
1033.0 0.0008781728865869809
1034.0 0.0008761809112911578
1035.0 0.0008741886631469242
1036.0 0.0009457786291022785
1037.0 0.001017368231259752
1038.0 0.000864180128701264
1039.0 0.0007109922080417164
1040.0 0.0008136825272231363
1041.0 0.000916372755455086
1042.0 0.0010922394722001627
1043.0 0.0012681057341978885
1044.0 0.0011466964679129887
1045.0 0.0010252873835270293
1046.0 0.0010240100891678594
1047.0 0.0010227328857581597
1048.0 0.0009269264410249889
1049.0 0.0008311199962918181
1050.0 0.0007957879461173434
1051.0 0.0007604558959428687
1052.0 0.001029051600198727
1053.0 0.0012976468497072347
1054.0 0.0011598133824008983
1055.0 0.0010219799150945619
1056.0 0.0009936943570210133
1057.0 0.0009654092536948156
1058.0 0.0008385143701161724
1059.0 0.0007116196229617344
1060.0 0.0010903394468186889
1061.0 0.0014690588614030275
1062.0 0.0014779900084249675
1063.0 0.0014869210644974373
1064.0 0.0011452834769443143
1065.0 0.0008036457984417211
1066.0 0.0011343066034896765
1067.0 0.0014649674085376319
1068.0 0.001750242336129304
1069.0 0.0020355168089736253
1070.0 0.001445261477783788
1071.0 0.0008550061465939507
1072.0 0.0014021982678968925
1073.0 0.0019493903891998343
1074.0 0.002495766784704756
1075.0 0.0030421429983107373
1076.0 0.003281437238911167
1077.0 0.003520731843309477
1078.0 0.003969852696172893
1079.0 0.004418973549036309
1080.0 0.004389398236526176
1081.0 0.004359822560218163
1082.0 0.004147928120801225
1083.0 0.003936034408980049
1084.0 0.004694708331953734
1085.0 0.005453381891129538
1086.0 0.005318335388437845
1087.0 0.005183289613341913
1088.0 0.005319294359651394
1089.0 0.005455299833556637
1090.0 0.0050409573304932564
1091.0 0.004626614827429876
1092.0 0.004031251955893822
1093.0 0.003435889448155649
1094.0 0.003852902227663435
1095.0 0.004269915007171221
1096.0 0.0031608731660526246
1097.0 0.002051831688731909
1098.0 0.0016676234736223705
1099.0 0.0012834158042096533
1100.0 0.0016884898286662064
1101.0 0.0020935636712238193
