lsstCam/transmission_filter_detector/r11_s12/g_6/19700101T000000.ecsv
# %ECSV 1.0
# ---
# datatype:
# - {name: wavelength, unit: nm, datatype: float32}
# - {name: efficiency, unit: '%', datatype: float64}
# meta: !!omap
# - {MODE: DETECTOR}
# - {TYPE: transmission_filter_detector}
# - {CALIBDATE: '1970-01-01T00:00:00'}
# - {INSTRUME: LSSTCam}
# - {OBSTYPE: transmission_filter_detector}
# - {CALIBCLS: lsst.ip.isr.IntermediateFilterDetectorTransmissionCurve}
# - {SOURCE: Materion (DM-46256)}
# - {DETECTOR: 41}
# - {FILTER: g_6}
# - {CALIB_ID: 'calibDate=1970-01-01T00:00:00 filter=g_6 detector=41'}
# - {DATE: '2025-04-02T15:59:42.216854'}
# - {CALIB_CREATION_DATE: '2025-04-02'}
# - {CALIB_CREATION_TIME: '15:59:42'}
# - __serialized_columns__:
#     efficiency:
#       __class__: astropy.units.quantity.Quantity
#       unit: !astropy.units.Unit {unit: '%'}
#       value: !astropy.table.SerializedColumn {name: efficiency}
#     wavelength:
#       __class__: astropy.units.quantity.Quantity
#       unit: !astropy.units.Unit {unit: nm}
#       value: !astropy.table.SerializedColumn {name: wavelength}
# schema: astropy-2.0
wavelength efficiency
[from data line 609]
909.0 0.0004892116521659773
910.0 0.00043100044422317296
911.0 0.0003727893044924713
912.0 0.00046429345275100786
913.0 0.0005557977146963822
914.0 0.00030426842840824975
915.0 5.273922170090373e-05
916.0 0.00016218646123888902
917.0 0.000271633666670823
918.0 0.00028474694317992544
919.0 0.00029786021968902787
920.0 0.000321068478115194
921.0 0.0003442767592787277
922.0 0.0005031635737395845
923.0 0.0006620504336751765
924.0 0.0005561512807616964
925.0 0.00045025203689874616
926.0 0.0005507317837327719
927.0 0.0006512116669910029
928.0 0.0006162903446238488
929.0 0.0005813690677314298
930.0 0.0005805449291074183
931.0 0.0005797208359581418
932.0 0.0005129057171870954
933.0 0.0004460906438907841
934.0 0.0004444445494300453
935.0 0.00044279850044404157
936.0 0.0005121523827256169
937.0 0.0005815063104819274
938.0 0.0006824841875641141
939.0 0.0007834619282220956
940.0 0.0005592328307102434
941.0 0.00033500350582471583
942.0 0.0006185829533933429
943.0 0.0009021624464367051
944.0 0.000819156502984697
945.0 0.0007361506504821591
946.0 0.0006687586846965132
947.0 0.0006013667189108673
948.0 0.0009345563739771023
949.0 0.0012677461199928075
950.0 0.0010575878150120843
951.0 0.0008474293281324208
952.0 0.0009049028449226171
953.0 0.0009623762707633432
954.0 0.0008796524525678251
955.0 0.0007969287253217772
956.0 0.0007223146440082928
957.0 0.0006477002898463979
958.0 0.0007487164566555293
959.0 0.0008497325325151905
960.0 0.0007311906301765703
961.0 0.0006126486368884798
962.0 0.0006592790668946691
963.0 0.0007059094514261233
964.0 0.000774558156990679
965.0 0.0008432067261310294
966.0 0.0008050013093452435
967.0 0.0007667957106605172
968.0 0.0007743667083559558
969.0 0.0007819377060513943
970.0 0.0007989491678017657
971.0 0.0008159606295521371
972.0 0.0008697061275597662
973.0 0.0009234516255673952
974.0 0.0008946348316385411
975.0 0.0008658183105580974
976.0 0.0009417311048309784
977.0 0.00101764417195227
978.0 0.001045897624862846
979.0 0.0010741511687228922
980.0 0.0010446842679812107
981.0 0.0010152174581889994
982.0 0.0009997123015637044
983.0 0.0009842070539889392
984.0 0.0009980060895031784
985.0 0.001011805306916358
986.0 0.0011219884981983341
987.0 0.0012321715985308401
988.0 0.0012243629498698283
989.0 0.001216554028360406
990.0 0.001331826024397742
991.0 0.001447098020435078
992.0 0.001370608606521273
993.0 0.0012941193745064083
994.0 0.0012988592970941681
995.0 0.0013035993106313981
996.0 0.0012222934856254142
997.0 0.0011409877515689004
998.0 0.0013053022485109977
999.0 0.0014696166545036249
1000.0 0.0014043253031559289
1001.0 0.0013390338608587626
1002.0 0.001219137993757613
1003.0 0.0010992420357069932
1004.0 0.0011075415386585519
1005.0 0.0011158407687617
1006.0 0.00134098181661102
1007.0 0.0015661231373087503
1008.0 0.001631777013244573
1009.0 0.0016974314348772168
1010.0 0.0017943324564839713
1011.0 0.0018912338418886065
1012.0 0.002005523674597498
1013.0 0.00211981368920533
1014.0 0.0021611322154058143
1015.0 0.002202450923505239
1016.0 0.0026070207240991294
1017.0 0.0030115908884909004
1018.0 0.003160376218147576
1019.0 0.0033091611840063706
1020.0 0.0033688244002405554
1021.0 0.0034284872526768595
1022.0 0.003818170807790011
1023.0 0.0042078547267010435
1024.0 0.004340661325841211
1025.0 0.004473467924981378
1026.0 0.004652180359698832
1027.0 0.004830892794416286
1028.0 0.004851597986998968
1029.0 0.004872302815783769
1030.0 0.004986403655493632
1031.0 0.005100503767607734
1032.0 0.0055615197197766975
1033.0 0.006022535308147781
1034.0 0.005705715375370346
1035.0 0.005388895442592911
1036.0 0.005583562233368866
1037.0 0.00577822866034694
1038.0 0.005843627150170505
1039.0 0.00590902563999407
1040.0 0.006379342084983364
1041.0 0.006849657074781135
1042.0 0.007011601701378822
1043.0 0.00717354632797651
1044.0 0.007489511335734278
1045.0 0.007805474888300523
1046.0 0.008866530697559938
1047.0 0.009927586506819353
1048.0 0.011576379620237276
1049.0 0.013225170550867915
1050.0 0.015673202869948
1051.0 0.018121230823453516
1052.0 0.021859844855498523
1053.0 0.025598466163501143
1054.0 0.030762009555473924
1055.0 0.035925552947446704
1056.0 0.04286524199414998
1057.0 0.04980492522008717
1058.0 0.05773591692559421
1059.0 0.06566689698956907
1060.0 0.07340632728300989
1061.0 0.08114572265185416
1062.0 0.08877099025994539
1063.0 0.09639622294344008
1064.0 0.10307042393833399
1065.0 0.1097446191124618
1066.0 0.11687846854329109
1067.0 0.12401231797412038
1068.0 0.1322334515862167
1069.0 0.14045463176444173
1070.0 0.15033686067909002
1071.0 0.16021908959373832
1072.0 0.17120485426858068
1073.0 0.18219058401882648
1074.0 0.1936401124112308
1075.0 0.20508966408669949
1076.0 0.2163394121453166
1077.0 0.22758913692086935
1078.0 0.24013901129364967
1079.0 0.25268886238336563
1080.0 0.2693961374461651
1081.0 0.2861034357920289
1082.0 0.314580462872982
1083.0 0.3430575132369995
1084.0 0.3839133074507117
1085.0 0.4247691482305527
1086.0 0.4615712445229292
1087.0 0.498373294249177
1088.0 0.5638628266751766
1089.0 0.6293523591011763
1090.0 0.7084384094923735
1091.0 0.7875245064496994
1092.0 0.8230957202613354
1093.0 0.858666654676199
1094.0 0.9052961133420467
1095.0 0.9519253857433796
1096.0 1.013857126235962
1097.0 1.0757891461253166
1098.0 1.1294139549136162
1099.0 1.1830389499664307
1100.0 1.3970299623906612
1101.0 1.611020788550377
