lsstCam/transmission_filter_detector/r11_s12/g_6/19700101T000000.ecsv
# %ECSV 1.0
# ---
# datatype:
# - {name: wavelength, unit: nm, datatype: float32}
# - {name: efficiency, unit: '%', datatype: float64}
# meta: !!omap
# - {MODE: DETECTOR}
# - {TYPE: transmission_filter_detector}
# - {CALIBDATE: '1970-01-01T00:00:00'}
# - {INSTRUME: LSSTCam}
# - {OBSTYPE: transmission_filter_detector}
# - {CALIBCLS: lsst.ip.isr.IntermediateFilterDetectorTransmissionCurve}
# - {SOURCE: Materion (DM-46256)}
# - {DETECTOR: 41}
# - {FILTER: g_6}
# - {CALIB_ID: 'calibDate=1970-01-01T00:00:00 filter=g_6 detector=41'}
# - {DATE: '2025-04-02T15:59:42.216854'}
# - {CALIB_CREATION_DATE: '2025-04-02'}
# - {CALIB_CREATION_TIME: '15:59:42'}
# - __serialized_columns__:
#     efficiency:
#       __class__: astropy.units.quantity.Quantity
#       unit: !astropy.units.Unit {unit: '%'}
#       value: !astropy.table.SerializedColumn {name: efficiency}
#     wavelength:
#       __class__: astropy.units.quantity.Quantity
#       unit: !astropy.units.Unit {unit: nm}
#       value: !astropy.table.SerializedColumn {name: wavelength}
# schema: astropy-2.0
wavelength efficiency
300.0 0.4994033370167017
301.0 0.3738994710147381
302.0 0.2483955817297101
303.0 0.22099062334746122
304.0 0.1935856300406158
305.0 0.20174726378172636
306.0 0.20990886259824038
307.0 0.2176137175410986
308.0 0.2253185724839568
309.0 0.2224302850663662
310.0 0.2195420442149043
311.0 0.213686958886683
312.0 0.20783189684152603
313.0 0.20411449950188398
314.0 0.2003971254453063
315.0 0.18875005189329386
316.0 0.17710300162434578
317.0 0.17754442524164915
318.0 0.17798588378354907
319.0 0.16163128893822432
320.0 0.145276659168303
321.0 0.14043671544641256
322.0 0.1355967717245221
323.0 0.11518419487401843
324.0 0.09477167041040957
325.0 0.08717310847714543
326.0 0.07957455236464739
327.0 0.07180324755609035
328.0 0.06403194274753332
329.0 0.06142613710835576
330.0 0.05882032564841211
331.0 0.055325054563581944
332.0 0.05182978347875178
333.0 0.047472401638515294
334.0 0.04311501979827881
335.0 0.041828598477877676
336.0 0.0405421742470935
337.0 0.041630573105067015
338.0 0.04271896614227444
339.0 0.04078405618201941
340.0 0.03884914913214743
341.0 0.0375126488506794
342.0 0.036176148569211364
343.0 0.03261037345509976
344.0 0.02904459834098816
345.0 0.02575643884483725
346.0 0.022468279348686337
347.0 0.021114072296768427
348.0 0.01975986233446747
349.0 0.01808905799407512
350.0 0.7375877350568771
351.0 1.320564653724432
352.0 0.6805040873587132
353.0 0.9382955729961395
354.0 0.7274617440998554
355.0 0.9860996156930923
356.0 0.6341221742331982
357.0 1.0442396625876427
358.0 0.6059700157493353
359.0 0.8373995311558247
360.0 0.4324064124375582
361.0 0.7937915623188019
362.0 0.5988444201648235
363.0 0.9243186563253403
364.0 0.670692790299654
365.0 0.7729985285550356
366.0 0.4929494112730026
367.0 0.7267623208463192
368.0 0.46461857855319977
369.0 0.5821062717586756
370.0 0.37786306347697973
371.0 0.7295356597751379
372.0 0.4306182265281677
373.0 0.6109169218689203
374.0 0.4626849200576544
375.0 0.5162892397493124
376.0 0.3656295593827963
377.0 0.5542800296097994
378.0 0.42368872091174126
379.0 0.5969883408397436
380.0 0.3799824742600322
381.0 0.5003806669265032
382.0 0.5846007261425257
383.0 0.5976723041385412
384.0 0.6129600573331118
385.0 0.5988402757793665
386.0 0.7007583975791931
387.0 0.764227844774723
388.0 0.9245161898434162
389.0 1.1708722449839115
390.0 1.7149919643998146
391.0 2.624823711812496
392.0 4.165094718337059
393.0 6.619086861610413
394.0 9.964760392904282
395.0 14.569392800331116
396.0 20.190569758415222
397.0 27.41720974445343
398.0 35.7636034488678
399.0 45.07509171962738
400.0 54.50807809829712
401.0 63.683515787124634
402.0 72.22905158996582
403.0 79.5379638671875
404.0 84.95351672172546
405.0 89.05683755874634
406.0 91.357421875
407.0 93.22928786277771
408.0 94.34290528297424
409.0 94.90219354629517
410.0 95.06842494010925
411.0 94.99267935752869
412.0 94.57526803016663
413.0 94.3329393863678
414.0 94.16202306747437
415.0 94.34762001037598
416.0 94.68931555747986
417.0 95.03198862075806
418.0 95.59529423713684
419.0 96.11682295799255
420.0 96.6653823852539
421.0 97.22957611083984
422.0 97.36905097961426
423.0 97.59073853492737
424.0 97.41372466087341
425.0 97.32391834259033
426.0 97.29313850402832
427.0 97.3032534122467
428.0 97.14953899383545
429.0 96.885085105896
430.0 96.7469573020935
431.0 96.8179702758789
432.0 96.79683446884155
433.0 96.86013460159302
434.0 96.97418808937073
435.0 97.18827605247498
436.0 97.17060327529907
437.0 97.20355868339539
438.0 97.20415472984314
439.0 97.3663866519928
440.0 97.2997784614563
441.0 97.39498496055603
442.0 97.39493131637573
443.0 97.41553068161011
444.0 97.3235547542572
445.0 97.08693027496338
446.0 97.0030665397644
447.0 96.74288034439087
448.0 96.8083143234253
449.0 96.98953032493591
450.0 97.26011157035828
451.0 97.45762944221497
452.0 97.62725234031677
453.0 97.78900146484375
454.0 97.7742850780487
455.0 98.05799722671509
456.0 98.1196939945221
457.0 98.25513362884521
458.0 98.25398325920105
459.0 98.27442765235901
460.0 98.41604232788086
461.0 98.52059483528137
462.0 98.47095012664795
463.0 98.40076565742493
464.0 98.50793480873108
465.0 98.40542674064636
466.0 98.39452505111694
467.0 98.40395450592041
468.0 98.46517443656921
469.0 98.4776258468628
470.0 98.3809232711792
471.0 98.21553230285645
472.0 98.3001172542572
473.0 98.17270636558533
474.0 98.0327844619751
475.0 98.03147315979004
476.0 98.04458618164062
477.0 98.10404777526855
478.0 98.1856107711792
479.0 98.1556236743927
480.0 98.33340644836426
481.0 98.41798543930054
482.0 98.57866764068604
483.0 98.47951531410217
484.0 98.67585897445679
485.0 98.69265556335449
486.0 98.67324233055115
487.0 98.74867796897888
488.0 98.7272560596466
489.0 98.831045627594
490.0 98.75080585479736
491.0 98.75295758247375
492.0 98.69679808616638
493.0 98.64043593406677
494.0 98.60530495643616
495.0 98.69888424873352
496.0 98.52638244628906
497.0 98.4204351902008
498.0 98.24195504188538
499.0 98.27713370323181
500.0 98.20811152458191
501.0 98.12386631965637
502.0 98.05665016174316
503.0 98.18851947784424
504.0 98.02339673042297
505.0 98.05429577827454
506.0 98.10795187950134
507.0 98.05619716644287
508.0 98.06599617004395
509.0 98.06790351867676
510.0 97.99154996871948
511.0 97.95193672180176
512.0 97.86832928657532
513.0 97.95153737068176
514.0 97.92981147766113
515.0 97.93808460235596
516.0 98.07065725326538
517.0 98.08475971221924
518.0 98.12617897987366
519.0 98.15871715545654
520.0 98.21979999542236
521.0 98.35571050643921
522.0 98.33844900131226
523.0 98.35420250892639
524.0 98.37971329689026
525.0 98.38829636573792
526.0 98.4599232673645
527.0 98.48605394363403
528.0 98.59110713005066
529.0 98.69357943534851
530.0 98.70901107788086
531.0 98.8268494606018
532.0 98.69278073310852
533.0 98.72956275939941
534.0 98.69042038917542
535.0 98.50002527236938
536.0 98.18100929260254
537.0 97.60116934776306
538.0 96.84213995933533
539.0 95.4810619354248
540.0 93.77233386039734
541.0 91.13079309463501
542.0 88.32847476005554
543.0 84.70041155815125
544.0 80.03231883049011
545.0 76.00616216659546
546.0 70.96225619316101
547.0 66.38995409011841
548.0 61.788153648376465
549.0 57.63394832611084
550.0 54.337918758392334
551.0 51.17555260658264
552.0 48.81167411804199
553.0 46.26670777797699
554.0 43.396157026290894
555.0 40.23580253124237
556.0 36.010003089904785
557.0 31.138920783996582
558.0 25.760817527770996
559.0 20.42238414287567
560.0 15.234215557575226
561.0 10.450545698404312
562.0 6.731569021940231
563.0 4.001405090093613
564.0 2.203395962715149
565.0 1.0935151018202305
566.0 0.5829303991049528
567.0 0.28815914411097765
568.0 0.18299418734386563
569.0 0.1055146218277514
570.0 0.08350643329322338
571.0 0.051122152945026755
572.0 0.05097418325021863
573.0 0.035954080522060394
574.0 0.048123361193574965
575.0 0.03304749843664467
576.0 0.04867093812208623
577.0 0.02242479386040941
578.0 0.0332871190039441
579.0 0.02634634729474783
580.0 0.03247527638450265
581.0 0.022770161740481853
582.0 0.027779597439803183
583.0 0.015259036445058882
584.0 0.021903881861362606
585.0 0.01792902039596811
586.0 0.024043205485213548
587.0 0.015670110587961972
588.0 0.019905847148038447
589.0 0.012712697207462043
590.0 0.023698675795458257
591.0 0.016319654241669923
592.0 0.020679614681284875
593.0 0.019665547006297857
594.0 0.014241602912079543
595.0 0.008647333743283525
596.0 0.006626736285397783
597.0 0.017865411064121872
598.0 0.013373342517297715
599.0 0.009208580013364553
600.0 0.01498772471677512
601.0 0.0023534790670964867
602.0 0.0024139866582117975
603.0 0.002474494067428168
604.0 0.0022845693820272572
605.0 0.0020946446966263466
606.0 0.0020737070371978916
607.0 0.0020527691958704963
608.0 0.001895451350719668
609.0 0.0017381335055688396
610.0 0.001901001451187767
611.0 0.002063869033008814
612.0 0.0019506671378621832
613.0 0.0018374656065134332
614.0 0.001843977952376008
615.0 0.001850490843935404
616.0 0.002011060314544011
617.0 0.002171629785152618
618.0 0.001999504638661165
619.0 0.0018273798559675924
620.0 0.0017899219528771937
621.0 0.0017524644135846756
622.0 0.0015392522982438095
623.0 0.0013260399100545328
624.0 0.0013624763596453704
625.0 0.0013989129001856782
626.0 0.0013851295079803094
627.0 0.0013713465705222916
628.0 0.0014918568012944888
629.0 0.001612367486814037
630.0 0.0015247952433128376
631.0 0.0014372225450642873
632.0 0.0014996536265243776
633.0 0.0015620844351360574
634.0 0.0014732510862813797
635.0 0.0013844174645782914
636.0 0.0013844751265423838
637.0 0.0013845333342032973
638.0 0.0013269948794913944
639.0 0.0012694562428805511
640.0 0.0011054941751353908
641.0 0.00094153183454182
642.0 0.00119866817840375
643.0 0.0014558047951140907
644.0 0.0013920738638262264
645.0 0.0013283426596899517
646.0 0.0012660772881645244
647.0 0.001203811916639097
648.0 0.0010808824299601838
649.0 0.0009579527613823302
650.0 0.001217421049659606
651.0 0.0014768887012905907
652.0 0.0011932763300137594
653.0 0.0009096640496863984
654.0 0.0010503613339096773
655.0 0.0011910587090824265
656.0 0.0012094059457012918
657.0 0.0012277530913706869
658.0 0.001068994970410131
659.0 0.0009102372132474557
660.0 0.0009625949132896494
661.0 0.0010149526133318432
662.0 0.0011040108802262694
663.0 0.001193069329019636
664.0 0.0012319998859311454
665.0 0.0012709302609437145
666.0 0.001106322724808706
667.0 0.0009417148248758167
668.0 0.0010543853932176717
669.0 0.0011670558706100564
670.0 0.0011383523997210432
671.0 0.0011096487469330896
672.0 0.001178329603135353
673.0 0.0012470104593376163
674.0 0.0011833408279926516
675.0 0.001119671287597157
676.0 0.0010657288839865942
677.0 0.0010117861165781505
678.0 0.0011001538041455206
679.0 0.0011885215826623607
680.0 0.0011114774679299444
681.0 0.001034433353197528
682.0 0.0010746741281764116
683.0 0.0011149149031552952
684.0 0.0009526672329229768
685.0 0.0007904193807917181
686.0 0.0009777204468264244
687.0 0.001165021603810601
688.0 0.0011169236131536309
689.0 0.0010688258043956012
690.0 0.0009710935046314262
691.0 0.0008733612958167214
692.0 0.0008783849807514343
693.0 0.0008834087566356175
694.0 0.0010019534784078132
695.0 0.0011204981092305388
696.0 0.0011649428415694274
697.0 0.0012093872101104353
698.0 0.0012965017958777025
699.0 0.00138361647259444
700.0 0.00122760593512794
701.0 0.0010715951248130295
702.0 0.001164681543741608
703.0 0.0012577677807712462
704.0 0.0012050812983943615
705.0 0.0011523945431690663
706.0 0.001103843987948494
707.0 0.001055293523677392
708.0 0.0010394615856057499
709.0 0.0010236299203825183
710.0 0.0012055782462994102
711.0 0.0013875267541152425
712.0 0.001224129391630413
713.0 0.0010607323929434642
714.0 0.0012127657100791112
715.0 0.0013647993000631686
716.0 0.001555623566673603
717.0 0.0017464481061324477
718.0 0.001959899782377761
719.0 0.0021733510948251933
720.0 0.0018359247405896895
721.0 0.0014984982044552453
722.0 0.001682599395280704
723.0 0.0018667007680051029
724.0 0.0018466938854544424
725.0 0.0018266870029037818
726.0 0.0020043748008902185
727.0 0.0021820624169777147
728.0 0.0021137970179552212
729.0 0.0020455314370337874
730.0 0.0020212803065078333
731.0 0.0019970291759818792
732.0 0.0019473980501061305
733.0 0.0018977672880282626
734.0 0.0016535112081328407
735.0 0.0014092554010858294
736.0 0.0012716500350506976
737.0 0.0011340444871166255
738.0 0.0010639992979122326
739.0 0.0009939541996573098
740.0 0.0008688697562320158
741.0 0.0007437851309077814
742.0 0.0006910017418704228
743.0 0.0006382183528330643
744.0 0.0007690103302593343
745.0 0.0008998025805340149
746.0 0.0009652464541431982
747.0 0.0010306903277523816
748.0 0.0011102774806204252
749.0 0.001189864724437939
750.0 0.0009774332283996046
751.0 0.000765002187108621
752.0 0.0007359264600381721
753.0 0.0007068508693919284
754.0 0.0007603747690154705
755.0 0.0008138986231642775
756.0 0.0008651394637126941
757.0 0.0009163802133116405
758.0 0.0008892251571523957
759.0 0.0008620703738415614
760.0 0.0006912259323144099
761.0 0.0005203814453125233
762.0 0.0005914799658057746
763.0 0.0006625783044000855
764.0 0.0008097858881228603
765.0 0.0009569936992193107
766.0 0.000812400958238868
767.0 0.0006678083991573658
768.0 0.0005398694156610873
769.0 0.00041193043216480874
770.0 0.00041762150431168266
771.0 0.0004233125764585566
772.0 0.0006063043201720575
773.0 0.0007892962457844988
774.0 0.0008626789167465176
775.0 0.0009360616786580067
776.0 0.0009109248821914662
777.0 0.0008857880857249256
778.0 0.0007495812951674452
779.0 0.0006133745500846999
780.0 0.000499686757393647
781.0 0.0003859989647025941
782.0 0.00047071234803297557
783.0 0.0005554255494644167
784.0 0.0006931922598596429
785.0 0.0008309589247801341
786.0 0.0007648977771168575
787.0 0.0006988371751504019
788.0 0.00048327478907594923
789.0 0.0002677125166883343
790.0 0.0001837363925005775
791.0 9.976023420676938e-05
792.0 0.00018974038766828016
793.0 0.0002797205524984747
794.0 0.0003174147423123941
795.0 0.00035510893212631345
796.0 0.00045860506361350417
797.0 0.0005621011951006949
798.0 0.0005917788257647771
799.0 0.0006214565019035945
800.0 0.0006189152372826356
801.0 0.0006163741090858821
802.0 0.0005666764991474338
803.0 0.0005169790711079258
804.0 0.0004482151325646555
805.0 0.00037945139865769306
806.0 0.0003236360953451367
807.0 0.0002678208147699479
808.0 0.000414000987802865
809.0 0.0005601811608357821
810.0 0.0004234506377542857
811.0 0.00028672006919805426
812.0 0.00027743544706027023
813.0 0.0002681507794477511
814.0 0.0003532004257067456
815.0 0.000438250026491005
816.0 0.0005042858902015723
817.0 0.0005703216629626695
818.0 0.0003735606014743098
819.0 0.00017679957409200142
820.0 0.000396879431718844
821.0 0.0006169591870275326
822.0 0.000511966209160164
823.0 0.0004069732312927954
824.0 0.0004212662588543026
825.0 0.0004355591954663396
826.0 0.0006315516657195985
827.0 0.0008275440450233873
828.0 0.0006413603841792792
829.0 0.00045517663238570094
830.0 0.0003603586947065196
831.0 0.00026554075702733826
832.0 0.0004261755293555325
833.0 0.0005868102107342565
834.0 0.0005216965746512869
835.0 0.00045658293856831733
836.0 0.0004405854724609526
837.0 0.000424588097303058
838.0 0.00042276678868802264
839.0 0.00042094548007298727
840.0 0.0005541797690966632
841.0 0.0006874140126456041
842.0 0.0004166708549746545
843.0 0.0001459275836168672
844.0 0.0001725099082250381
845.0 0.00019909223283320898
846.0 0.00043318173084117007
847.0 0.0006672712970612338
848.0 0.0005591540684690699
849.0 0.0004510368853516411
850.0 0.0005151003279024735
851.0 0.0005791637704533059
852.0 0.0006621241027460201
853.0 0.0007450841167155886
854.0 0.0006477774149971083
855.0 0.0005504705768544227
856.0 0.0005687002158083487
857.0 0.000586929945711745
858.0 0.0006303856935119256
859.0 0.0006738414413121063
860.0 0.000623973528490751
861.0 0.0005741054792451905
862.0 0.0005201343356020516
863.0 0.00046616323743364774
864.0 0.00046534291868738364
865.0 0.00046452264541585464
866.0 0.00045929850784887094
867.0 0.00045407437028188724
868.0 0.0005596114533545915
869.0 0.0006651485819020309
870.0 0.000565073014513473
871.0 0.00046499721975123975
872.0 0.0004081302904523909
873.0 0.00035126320199196925
874.0 0.0004438381438376382
875.0 0.0005364130629459396
876.0 0.0006647050213359762
877.0 0.0007929968887765426
878.0 0.0007591153007524554
879.0 0.000725233667253633
880.0 0.0006600204415008193
881.0 0.000594807443121681
882.0 0.0005772303211415419
883.0 0.0005596534265350783
884.0 0.000588647981203394
885.0 0.00061764271777065
886.0 0.0006564598606928485
887.0 0.0006952772764634574
888.0 0.0005669649453921011
889.0 0.00043865270527021494
890.0 0.0005205658453633077
891.0 0.0006024791673553409
892.0 0.0005721489287680015
893.0 0.0005418187811301323
894.0 0.0004920112587569747
895.0 0.00044220373638381716
896.0 0.0002153738250854076
897.0 1.589976739678478e-10
898.0 0.00018393456002741004
899.0 0.0003793251835304545
900.0 0.00033734197586454684
901.0 0.00029535876819863915
902.0 0.0004455338967090938
903.0 0.0005957090252195485
904.0 0.00034602264804561855
905.0 9.63362367656373e-05
906.0 0.0003026970034625265
907.0 0.0005090577815280994
