ts8/transmission_sensor/rtm-013_s12/19700101T000000.ecsv
# %ECSV 0.9
# ---
# datatype:
# - {name: amp_name, datatype: string}
# - {name: wavelength, unit: nm, datatype: float32}
# - {name: efficiency, unit: '%', datatype: float32}
# meta: !!omap
# - {MODE: AMP}
# - {TYPE: transmission_sensor}
# - {CALIBDATE: '1970-01-01T00:00:00'}
# - {INSTRUME: TS8}
# - {OBSTYPE: transmission_sensor}
# - {DETECTOR: 113}
# - {CALIBCLS: lsst.ip.isr.IntermediateSensorTransmissionCurve}
# - {PICKLEFILE: RaftRun10982.p}
# - {CALIB_ID: 'raftName=RTM-013 detectorName=S12 detector=113 calibDate=1970-01-01T00:00:00 ccd=113 ccdnum=113 filter=None'}
# - {DATE: '2020-07-23T19:15:16.886471'}
# - {CALIB_CREATION_DATE: '2020-07-23'}
# - {CALIB_CREATION_TIME: '19:15:16'}
# - __serialized_columns__:
#     efficiency:
#       __class__: astropy.units.quantity.Quantity
#       unit: !astropy.units.Unit {unit: '%'}
#       value: !astropy.table.SerializedColumn {name: efficiency}
#     wavelength:
#       __class__: astropy.units.quantity.Quantity
#       unit: !astropy.units.Unit {unit: nm}
#       value: !astropy.table.SerializedColumn {name: wavelength}
# schema: astropy-2.0
amp_name wavelength efficiency
C15 319.994 46.681946
C15 324.969 48.42344
C15 349.982 56.41146
C15 374.975 71.88875
C15 400.019 84.11939
C15 424.965 86.10442
C15 450.035 85.62941
C15 475.003 85.47516
C15 500.018 85.7069
C15 525.002 86.3161
C15 550.029 87.61456
C15 575.023 89.14265
C15 599.982 90.814255
C15 619.997 91.92649
C15 624.979 92.14025
C15 650.012 93.61965
C15 675.004 94.91809
C15 700.03 95.996925
C15 725.012 96.63653
C15 750.022 98.49266
C15 774.987 99.49076
C15 799.976 100.316635
C15 824.988 99.09533
C15 850.022 98.26309
C15 869.967 96.21314
C15 875.002 95.079155
C15 899.999 88.38817
C15 919.999 80.02582
C15 925.012 77.34041
C15 949.965 63.977734
C15 975.002 49.26254
C15 999.976 31.9373
C15 1025.028 15.419647
C15 1050.014 6.177734
C15 1075.002 3.3956358
C15 1099.99 2.2585127
C17 319.994 46.23123
C17 324.969 47.897427
C17 349.982 55.642643
C17 374.975 71.29876
C17 400.019 83.92665
C17 424.965 86.077675
C17 450.035 85.59165
C17 475.003 85.37754
C17 500.018 85.56114
C17 525.002 86.13921
C17 550.029 87.42186
C17 575.023 88.941345
C17 599.982 90.59719
C17 619.997 91.696526
C17 624.979 91.90247
C17 650.012 93.378136
C17 675.004 94.67542
C17 700.03 95.74843
C17 725.012 96.36923
C17 750.022 98.191734
C17 774.987 99.14907
C17 799.976 99.98107
C17 824.988 98.80198
C17 850.022 98.039764
C17 869.967 95.9832
C17 875.002 94.855644
C17 899.999 88.22074
C17 919.999 80.01689
C17 925.012 77.40636
C17 949.965 64.216385
C17 975.002 49.35347
C17 999.976 31.884863
C17 1025.028 15.369221
C17 1050.014 6.16279
C17 1075.002 3.4137924
C17 1099.99 2.2796154
C10 319.994 47.070454
C10 324.969 48.94929
C10 349.982 57.261036
C10 374.975 72.18976
C10 400.019 83.71388
C10 424.965 85.39
C10 450.035 84.934044
C10 475.003 85.01647
C10 500.018 85.50271
C10 525.002 86.37286
C10 550.029 87.81559
C10 575.023 89.358955
C10 599.982 91.00467
C10 619.997 92.09787
C10 624.979 92.30099
C10 650.012 93.7635
C10 675.004 95.02846
C10 700.03 96.01537
C10 725.012 96.441734
C10 750.022 98.01444
C10 774.987 98.7226
C10 799.976 99.404755
C10 824.988 98.17961
C10 850.022 97.31524
C10 869.967 95.34239
C10 875.002 94.28164
C10 899.999 87.77081
C10 919.999 79.537476
C10 925.012 76.89495
C10 949.965 62.961876
C10 975.002 48.598087
C10 999.976 31.862389
C10 1025.028 15.475487
C10 1050.014 6.2312326
C10 1075.002 3.355697
C10 1099.99 2.2129564
C16 319.994 46.48785
C16 324.969 48.184387
C16 349.982 56.03971
C16 374.975 71.58494
C16 400.019 84.01286
C16 424.965 86.09927
C16 450.035 85.63871
C16 475.003 85.47754
C16 500.018 85.69473
C16 525.002 86.30145
C16 550.029 87.58466
C16 575.023 89.09155
C16 599.982 90.74775
C16 619.997 91.85255
C16 624.979 92.05759
C16 650.012 93.53768
C16 675.004 94.831795
C16 700.03 95.92034
C16 725.012 96.57482
C16 750.022 98.45045
C16 774.987 99.45567
C16 799.976 100.29382
C16 824.988 99.090324
C16 850.022 98.28242
C16 869.967 96.23097
C16 875.002 95.09559
C16 899.999 88.39823
C16 919.999 80.052956
C16 925.012 77.386406
C16 949.965 64.07815
C16 975.002 49.3188
C16 999.976 31.929768
C16 1025.028 15.405411
C16 1050.014 6.166915
C16 1075.002 3.4006534
C16 1099.99 2.2655876
C07 319.994 46.139748
C07 324.969 47.79334
C07 349.982 55.593216
C07 374.975 71.28534
C07 400.019 83.91065
C07 424.965 86.02519
C07 450.035 85.535835
C07 475.003 85.29104
C07 500.018 85.46363
C07 525.002 86.01929
C07 550.029 87.38847
C07 575.023 88.90358
C07 599.982 90.58156
C07 619.997 91.66739
C07 624.979 91.909706
C07 650.012 93.35564
C07 675.004 94.69626
C07 700.03 95.81227
C07 725.012 96.4428
C07 750.022 98.200005
C07 774.987 99.21885
C07 799.976 99.99075
C07 824.988 98.791466
C07 850.022 97.91971
C07 869.967 95.64894
C07 875.002 94.39731
C07 899.999 87.17666
C07 919.999 78.91382
C07 925.012 76.31675
C07 949.965 63.416096
C07 975.002 48.779224
C07 999.976 31.425129
C07 1025.028 14.938772
C07 1050.014 5.9480104
C07 1075.002 3.2219927
C07 1099.99 2.2463524
C03 319.994 46.708984
C03 324.969 48.49405
C03 349.982 56.629635
C03 374.975 71.84496
C03 400.019 83.68599
C03 424.965 85.5146
C03 450.035 85.11046
C03 475.003 85.09712
C03 500.018 85.45319
C03 525.002 86.13344
C03 550.029 87.51038
C03 575.023 88.97597
C03 599.982 90.60411
C03 619.997 91.661766
C03 624.979 91.88998
C03 650.012 93.314674
C03 675.004 94.62089
C03 700.03 95.68679
C03 725.012 96.25103
C03 750.022 97.95275
C03 774.987 98.88831
C03 799.976 99.60722
C03 824.988 98.360214
C03 850.022 97.37826
C03 869.967 95.03726
C03 875.002 93.819016
C03 899.999 86.79165
C03 919.999 78.65698
C03 925.012 76.03375
C03 949.965 63.003433
C03 975.002 48.460217
C03 999.976 31.33611
C03 1025.028 14.967387
C03 1050.014 6.0031743
C03 1075.002 3.2065668
C03 1099.99 2.212452
C12 319.994 47.214508
C12 324.969 49.074593
C12 349.982 57.39472
C12 374.975 72.53077
C12 400.019 84.158104
C12 424.965 85.86074
C12 450.035 85.38984
C12 475.003 85.37615
C12 500.018 85.75759
C12 525.002 86.47529
C12 550.029 87.846176
C12 575.023 89.38927
C12 599.982 91.05728
C12 619.997 92.15632
C12 624.979 92.36711
C12 650.012 93.821495
C12 675.004 95.09178
C12 700.03 96.09996
C12 725.012 96.59086
C12 750.022 98.25571
C12 774.987 99.066635
C12 799.976 99.7816
C12 824.988 98.538025
C12 850.022 97.63291
C12 869.967 95.60371
C12 875.002 94.49844
C12 899.999 87.960785
C12 919.999 79.68378
C12 925.012 76.99209
C12 949.965 63.33128
C12 975.002 48.767914
C12 999.976 31.730871
C12 1025.028 15.389527
C12 1050.014 6.221665
C12 1075.002 3.3850813
C12 1099.99 2.242322
C13 319.994 47.044178
C13 324.969 48.869568
C13 349.982 57.109394
C13 374.975 72.37463
C13 400.019 84.18562
C13 424.965 85.95661
C13 450.035 85.469406
C13 475.003 85.36266
C13 500.018 85.65972
C13 525.002 86.32147
C13 550.029 87.66402
C13 575.023 89.222275
C13 599.982 90.91481
C13 619.997 92.02379
C13 624.979 92.242325
C13 650.012 93.70814
C13 675.004 94.99825
C13 700.03 96.03139
C13 725.012 96.575714
C13 750.022 98.308075
C13 774.987 99.18934
C13 799.976 99.941315
C13 824.988 98.70385
C13 850.022 97.82588
C13 869.967 95.78174
C13 875.002 94.663216
C13 899.999 88.085815
C13 919.999 79.81089
C13 925.012 77.12105
C13 949.965 63.556328
C13 975.002 48.94613
C13 999.976 31.730516
C13 1025.028 15.397329
C13 1050.014 6.1925497
C13 1075.002 3.3898933
C13 1099.99 2.2505586
C14 319.994 46.907604
C14 324.969 48.692425
C14 349.982 56.812084
C14 374.975 72.2117
C14 400.019 84.25568
C14 424.965 86.14276
C14 450.035 85.66276
C14 475.003 85.523346
C14 500.018 85.78219
C14 525.002 86.41107
C14 550.029 87.74159
C14 575.023 89.28941
C14 599.982 90.98136
C14 619.997 92.09681
C14 624.979 92.31474
C14 650.012 93.793335
C14 675.004 95.097015
C14 700.03 96.16018
C14 725.012 96.76648
C14 750.022 98.565186
C14 774.987 99.525055
C14 799.976 100.31835
C14 824.988 99.09092
C14 850.022 98.23747
C14 869.967 96.18828
C14 875.002 95.057846
C14 899.999 88.40416
C14 919.999 80.084206
C14 925.012 77.389885
C14 949.965 63.91284
C14 975.002 49.23389
C14 999.976 31.874853
C14 1025.028 15.448192
C14 1050.014 6.194382
C14 1075.002 3.4010007
C14 1099.99 2.2621753
C05 319.994 46.23744
C05 324.969 47.911835
C05 349.982 55.71426
C05 374.975 71.17191
C05 400.019 83.52532
C05 424.965 85.59239
C05 450.035 85.24175
C05 475.003 85.20063
C05 500.018 85.50126
C05 525.002 86.122734
C05 550.029 87.46724
C05 575.023 88.864174
C05 599.982 90.44786
C05 619.997 91.47117
C05 624.979 91.71047
C05 650.012 93.12427
C05 675.004 94.45265
C05 700.03 95.57186
C05 725.012 96.236244
C05 750.022 98.03891
C05 774.987 99.1171
C05 799.976 99.9031
C05 824.988 98.67676
C05 850.022 97.72404
C05 869.967 95.43235
C05 875.002 94.19731
C05 899.999 87.06635
C05 919.999 78.74212
C05 925.012 76.08045
C05 949.965 63.102104
C05 975.002 48.56149
C05 999.976 31.378263
C05 1025.028 14.945672
C05 1050.014 5.9469533
C05 1075.002 3.1937068
C05 1099.99 2.2119126
C00 319.994 47.129147
C00 324.969 49.01452
C00 349.982 57.444035
C00 374.975 72.39892
C00 400.019 83.83236
C00 424.965 85.43278
C00 450.035 84.99492
C00 475.003 85.07931
C00 500.018 85.56922
C00 525.002 86.41021
C00 550.029 87.92469
C00 575.023 89.44506
C00 599.982 91.095184
C00 619.997 92.1643
C00 624.979 92.39372
C00 650.012 93.82571
C00 675.004 95.119156
C00 700.03 96.131615
C00 725.012 96.5564
C00 750.022 98.064026
C00 774.987 98.81798
C00 799.976 99.43063
C00 824.988 98.18413
C00 850.022 97.068474
C00 869.967 94.80215
C00 875.002 93.62472
C00 899.999 87.14507
C00 919.999 79.1278
C00 925.012 76.51039
C00 949.965 62.654045
C00 975.002 48.21727
C00 999.976 31.524563
C00 1025.028 15.073352
C00 1050.014 6.0507035
C00 1075.002 3.2147336
C00 1099.99 2.2132568
C02 319.994 47.149643
C02 324.969 49.001442
C02 349.982 57.3574
C02 374.975 72.52465
C02 400.019 84.13975
C02 424.965 85.825264
C02 450.035 85.37226
C02 475.003 85.35317
C02 500.018 85.72818
C02 525.002 86.431725
C02 550.029 87.845436
C02 575.023 89.36231
C02 599.982 91.0275
C02 619.997 92.10352
C02 624.979 92.33577
C02 650.012 93.76766
C02 675.004 95.05711
C02 700.03 96.09405
C02 725.012 96.595375
C02 750.022 98.220406
C02 774.987 99.072334
C02 799.976 99.738174
C02 824.988 98.47731
C02 850.022 97.42583
C02 869.967 95.08408
C02 875.002 93.86659
C02 899.999 86.91297
C02 919.999 78.836914
C02 925.012 76.21491
C02 949.965 62.993217
C02 975.002 48.365833
C02 999.976 31.41912
C02 1025.028 15.02768
C02 1050.014 6.044649
C02 1075.002 3.2186422
C02 1099.99 2.2195482
C04 319.994 46.61569
C04 324.969 48.36015
C04 349.982 56.419117
C04 374.975 71.794495
C04 400.019 83.855675
C04 424.965 85.7578
C04 450.035 85.35138
C04 475.003 85.29206
C04 500.018 85.60247
C04 525.002 86.235725
C04 550.029 87.605095
C04 575.023 89.0683
C04 599.982 90.69651
C04 619.997 91.74797
C04 624.979 91.98773
C04 650.012 93.41309
C04 675.004 94.73263
C04 700.03 95.82671
C04 725.012 96.44423
C04 750.022 98.19489
C04 774.987 99.20877
C04 799.976 99.95509
C04 824.988 98.70989
C04 850.022 97.73128
C04 869.967 95.39946
C04 875.002 94.16985
C04 899.999 87.070145
C04 919.999 78.82456
C04 925.012 76.16942
C04 949.965 63.13331
C04 975.002 48.611824
C04 999.976 31.380758
C04 1025.028 14.979736
C04 1050.014 5.9869423
C04 1075.002 3.2025497
C04 1099.99 2.2139192
C11 319.994 47.35068
C11 324.969 49.237267
C11 349.982 57.604282
C11 374.975 72.649895
C11 400.019 84.170815
C11 424.965 85.82636
C11 450.035 85.34993
C11 475.003 85.39467
C11 500.018 85.83993
C11 525.002 86.64431
C11 550.029 88.0578
C11 575.023 89.606255
C11 599.982 91.26539
C11 619.997 92.35784
C11 624.979 92.562065
C11 650.012 94.02162
C11 675.004 95.28103
C11 700.03 96.26568
C11 725.012 96.71962
C11 750.022 98.332466
C11 774.987 99.07399
C11 799.976 99.76142
C11 824.988 98.520676
C11 850.022 97.62191
C11 869.967 95.62538
C11 875.002 94.542564
C11 899.999 88.04784
C11 919.999 79.763115
C11 925.012 77.07399
C11 949.965 63.28225
C11 975.002 48.7788
C11 999.976 31.864124
C11 1025.028 15.484724
C11 1050.014 6.2856994
C11 1075.002 3.3968406
C11 1099.99 2.24309
C06 319.994 46.31297
C06 324.969 47.977924
C06 349.982 55.805546
C06 374.975 71.388145
C06 400.019 83.86051
C06 424.965 85.94373
C06 450.035 85.547134
C06 475.003 85.43552
C06 500.018 85.691635
C06 525.002 86.27061
C06 550.029 87.627205
C06 575.023 89.066414
C06 599.982 90.68937
C06 619.997 91.73116
C06 624.979 91.977646
C06 650.012 93.40343
C06 675.004 94.741714
C06 700.03 95.87309
C06 725.012 96.540985
C06 750.022 98.34306
C06 774.987 99.43186
C06 799.976 100.21999
C06 824.988 98.99822
C06 850.022 98.07104
C06 869.967 95.80244
C06 875.002 94.56253
C06 899.999 87.418915
C06 919.999 79.05266
C06 925.012 76.39466
C06 949.965 63.41933
C06 975.002 48.813877
C06 999.976 31.52287
C06 1025.028 14.996934
C06 1050.014 5.955226
C06 1075.002 3.210998
C06 1099.99 2.2297769
C01 319.994 47.237328
C01 324.969 49.122173
C01 349.982 57.573986
C01 374.975 72.601814
C01 400.019 84.022354
C01 424.965 85.61977
C01 450.035 85.1675
C01 475.003 85.206245
C01 500.018 85.6448
C01 525.002 86.407646
C01 550.029 87.86498
C01 575.023 89.388054
C01 599.982 91.045425
C01 619.997 92.115814
C01 624.979 92.3454
C01 650.012 93.76975
C01 675.004 95.05113
C01 700.03 96.06448
C01 725.012 96.51444
C01 750.022 98.065994
C01 774.987 98.854164
C01 799.976 99.48342
C01 824.988 98.226654
C01 850.022 97.12301
C01 869.967 94.874596
C01 875.002 93.68625
C01 899.999 86.99749
C01 919.999 78.989914
C01 925.012 76.351295
C01 949.965 62.78928
C01 975.002 48.23744
C01 999.976 31.48504
C01 1025.028 15.083786
C01 1050.014 6.0759645
C01 1075.002 3.2325897
C01 1099.99 2.2315588
