lsstCam/transmission_filter_detector/r23_s12/u_24/19700101T000000.ecsv
# %ECSV 1.0
# ---
# datatype:
# - {name: wavelength, unit: nm, datatype: float32}
# - {name: efficiency, unit: '%', datatype: float64}
# meta: !!omap
# - {MODE: DETECTOR}
# - {TYPE: transmission_filter_detector}
# - {CALIBDATE: '1970-01-01T00:00:00'}
# - {INSTRUME: LSSTCam}
# - {OBSTYPE: transmission_filter_detector}
# - {CALIBCLS: lsst.ip.isr.IntermediateFilterDetectorTransmissionCurve}
# - {SOURCE: Materion (DM-46256)}
# - {DETECTOR: 104}
# - {FILTER: u_24}
# - {CALIB_ID: 'calibDate=1970-01-01T00:00:00 filter=u_24 detector=104'}
# - {DATE: '2025-04-02T15:59:40.230536'}
# - {CALIB_CREATION_DATE: '2025-04-02'}
# - {CALIB_CREATION_TIME: '15:59:40'}
# - __serialized_columns__:
#     efficiency:
#       __class__: astropy.units.quantity.Quantity
#       unit: !astropy.units.Unit {unit: '%'}
#       value: !astropy.table.SerializedColumn {name: efficiency}
#     wavelength:
#       __class__: astropy.units.quantity.Quantity
#       unit: !astropy.units.Unit {unit: nm}
#       value: !astropy.table.SerializedColumn {name: wavelength}
# schema: astropy-2.0
wavelength efficiency
295.0 1.5772373641517734e-10
296.0 1.5772373641517734e-10
297.0 1.5772373641517734e-10
298.0 1.5772373641517734e-10
299.0 1.5772373641517734e-10
300.0 0.047557364450767636
301.0 1.5772373641517734e-10
302.0 1.5772373641517734e-10
303.0 1.5772373641517734e-10
304.0 0.33570241648703814
305.0 0.44966014102101326
306.0 1.4731825329363346
307.0 3.0175233259797096
308.0 4.834655672311783
309.0 8.066944032907486
310.0 11.418762803077698
311.0 15.162225067615509
312.0 18.778930604457855
313.0 21.974799036979675
314.0 24.941682815551758
315.0 27.578255534172058
316.0 29.755547642707825
317.0 32.00908899307251
318.0 34.6959114074707
319.0 38.16247284412384
320.0 43.548983335494995
321.0 48.692744970321655
322.0 54.79151010513306
323.0 60.451602935791016
324.0 65.0408923625946
325.0 68.33313703536987
326.0 70.81859707832336
327.0 72.68738150596619
328.0 74.5463490486145
329.0 75.87214708328247
330.0 77.23149061203003
331.0 78.11993360519409
332.0 78.61766815185547
333.0 78.61347198486328
334.0 78.48595976829529
335.0 78.631591796875
336.0 78.72001528739929
337.0 79.2342483997345
338.0 80.13173937797546
339.0 80.68480491638184
340.0 81.16995692253113
341.0 81.61395192146301
342.0 81.89356327056885
343.0 81.87794089317322
344.0 82.08792805671692
345.0 82.40561485290527
346.0 82.80172944068909
347.0 83.13658833503723
348.0 83.40487480163574
349.0 83.61746072769165
350.0 83.65209698677063
351.0 83.85236859321594
352.0 83.76518487930298
353.0 83.6263656616211
354.0 83.56297016143799
355.0 83.8182270526886
356.0 83.96135568618774
357.0 83.87449979782104
358.0 83.60447287559509
359.0 83.37838053703308
360.0 83.2925021648407
361.0 83.09836387634277
362.0 82.89940357208252
363.0 82.9943597316742
364.0 83.10074806213379
365.0 83.37196707725525
366.0 83.5623025894165
367.0 83.57200026512146
368.0 83.57142806053162
369.0 83.56702923774719
370.0 83.29480290412903
371.0 83.0914318561554
372.0 83.08339715003967
373.0 83.16819667816162
374.0 83.21946263313293
375.0 83.49818587303162
376.0 83.56105089187622
377.0 83.6377739906311
378.0 83.69407653808594
379.0 83.47407579421997
380.0 82.84468054771423
381.0 81.53388500213623
382.0 79.82271313667297
383.0 77.85407900810242
384.0 75.75225830078125
385.0 73.46858382225037
386.0 71.05782628059387
387.0 67.84533262252808
388.0 64.65035080909729
389.0 60.72760820388794
390.0 56.771767139434814
391.0 52.506184577941895
392.0 48.09576869010925
393.0 44.303351640701294
394.0 41.00450277328491
395.0 37.692880630493164
396.0 34.2477023601532
397.0 29.6372652053833
398.0 24.2257222533226
399.0 17.63266921043396
400.0 11.401432752609253
401.0 6.468489766120911
402.0 2.9480960220098495
403.0 0.9687129408121109
404.0 0.3217807738110423
405.0 0.11869374429807067
406.0 0.056496402248740196
407.0 0.007881924830144271
408.0 0.002430399035802111
409.0 0.014779303455725312
410.0 0.0087331238319166
411.0 1.5772373641517734e-10
412.0 1.5772373641517734e-10
413.0 1.5772373641517734e-10
414.0 1.5772373641517734e-10
415.0 1.5772373641517734e-10
416.0 1.5772373641517734e-10
417.0 1.5772373641517734e-10
418.0 1.5772373641517734e-10
419.0 1.5772373641517734e-10
420.0 1.5772373641517734e-10
421.0 1.5772373641517734e-10
422.0 1.5772373641517734e-10
423.0 1.5772373641517734e-10
424.0 1.5772373641517734e-10
425.0 1.5772373641517734e-10
426.0 0.00025191886834363686
427.0 0.0005627005066344282
428.0 0.0008734814400668256
429.0 0.0008069522664300166
430.0 0.0007404229108942673
431.0 1.5772373641517734e-10
432.0 1.5772373641517734e-10
433.0 0.0006586471954506123
434.0 0.0024121025489876047
435.0 0.0017101385310525075
436.0 0.0010081741493195295
437.0 0.00010072473060063203
438.0 1.5772373641517734e-10
439.0 1.5772373641517734e-10
440.0 0.0005665066510118777
441.0 1.5772373641517734e-10
442.0 1.5772373641517734e-10
443.0 1.5772373641517734e-10
444.0 1.5772373641517734e-10
445.0 1.5772373641517734e-10
446.0 1.5772373641517734e-10
447.0 1.5772373641517734e-10
448.0 1.5738226011308143e-05
449.0 0.000306601646116178
450.0 0.0005974648502160562
451.0 1.5772373641517734e-10
452.0 1.5772373641517734e-10
453.0 1.5772373641517734e-10
454.0 3.0427284514189523e-05
455.0 1.5772373641517734e-10
456.0 1.5772373641517734e-10
457.0 1.5772373641517734e-10
458.0 1.5772373641517734e-10
459.0 1.5772373641517734e-10
460.0 1.5772373641517734e-10
461.0 1.5772373641517734e-10
462.0 1.5772373641517734e-10
463.0 1.5772373641517734e-10
464.0 0.00018345147054787958
465.0 0.00015812620404176414
466.0 0.0001328006874246057
467.0 1.5772373641517734e-10
468.0 1.5772373641517734e-10
469.0 1.5772373641517734e-10
470.0 1.5772373641517734e-10
471.0 1.5772373641517734e-10
472.0 1.5772373641517734e-10
473.0 1.5772373641517734e-10
474.0 1.5772373641517734e-10
475.0 1.5772373641517734e-10
476.0 1.5772373641517734e-10
477.0 0.0003878505594911985
478.0 0.0011795912541856524
479.0 0.0005357961072149919
480.0 1.5772373641517734e-10
481.0 1.5772373641517734e-10
482.0 6.584822358490783e-05
483.0 1.5772373641517734e-10
484.0 1.5772373641517734e-10
485.0 1.5772373641517734e-10
486.0 1.5772373641517734e-10
487.0 1.5772373641517734e-10
488.0 1.5772373641517734e-10
489.0 1.5772373641517734e-10
490.0 1.5772373641517734e-10
491.0 1.5772373641517734e-10
492.0 1.5772373641517734e-10
493.0 1.5772373641517734e-10
494.0 1.5772373641517734e-10
495.0 2.1096894897709717e-05
496.0 0.00016443977983726654
497.0 1.5772373641517734e-10
498.0 1.5772373641517734e-10
499.0 1.5772373641517734e-10
500.0 1.5772373641517734e-10
501.0 2.7364865218260093e-05
502.0 0.00017494743360657594
503.0 1.5772373641517734e-10
504.0 1.5772373641517734e-10
505.0 1.5772373641517734e-10
506.0 4.8404638164356584e-05
507.0 1.5772373641517734e-10
508.0 1.5772373641517734e-10
509.0 1.5772373641517734e-10
510.0 1.5772373641517734e-10
511.0 0.00022756946691515623
512.0 0.0005810672519146465
513.0 0.0003024508714588592
514.0 2.3834346052353794e-05
515.0 5.641063580696937e-05
516.0 8.898695682546531e-05
517.0 1.5772373641517734e-10
518.0 1.5772373641517734e-10
519.0 1.5772373641517734e-10
520.0 7.925344789327937e-05
521.0 1.655060231087191e-05
522.0 1.5772373641517734e-10
523.0 1.5772373641517734e-10
524.0 1.5772373641517734e-10
525.0 1.5772373641517734e-10
526.0 1.5772373641517734e-10
527.0 1.5772373641517734e-10
528.0 1.5772373641517734e-10
529.0 1.5772373641517734e-10
530.0 1.5772373641517734e-10
531.0 1.5772373641517734e-10
532.0 1.5772373641517734e-10
533.0 1.5772373641517734e-10
534.0 2.8077073466192815e-05
535.0 1.5772373641517734e-10
536.0 1.5772373641517734e-10
537.0 1.5772373641517734e-10
538.0 1.5772373641517734e-10
539.0 1.5772373641517734e-10
540.0 1.5772373641517734e-10
541.0 1.5772373641517734e-10
542.0 1.5772373641517734e-10
543.0 1.5772373641517734e-10
544.0 1.5772373641517734e-10
545.0 1.5772373641517734e-10
546.0 1.5772373641517734e-10
547.0 1.5772373641517734e-10
548.0 5.393160904532124e-05
549.0 1.5772373641517734e-10
550.0 1.5772373641517734e-10
551.0 1.5772373641517734e-10
552.0 1.5772373641517734e-10
553.0 1.5772373641517734e-10
554.0 1.5772373641517734e-10
555.0 1.5772373641517734e-10
556.0 1.5772373641517734e-10
557.0 1.5772373641517734e-10
558.0 1.5772373641517734e-10
559.0 1.5772373641517734e-10
560.0 1.5772373641517734e-10
561.0 5.654857773151889e-05
562.0 0.0001326038955085096
563.0 1.5772373641517734e-10
564.0 1.5772373641517734e-10
565.0 1.5772373641517734e-10
566.0 1.409751337888565e-06
567.0 0.0001611392121958488
568.0 0.0003208686621292145
569.0 0.0003463210305199027
570.0 0.0003717732397490181
571.0 0.00041326088648929726
572.0 0.0004547485332295764
573.0 0.0005015444003220182
574.0 0.0005483404038386652
575.0 0.0004227757926855702
576.0 0.00029721127248194534
577.0 0.00029477694170054747
578.0 0.0002923426109191496
579.0 0.0005579828666668618
580.0 0.0008236230314651038
581.0 0.000993155572359683
582.0 0.0011626881132542621
583.0 0.0015449204511241987
584.0 0.0019271530618425459
585.0 0.0015382567653432488
586.0 0.0011493604688439518
587.0 0.0011598145647440106
588.0 0.0011702686606440693
589.0 0.0010768209904199466
590.0 0.0009833730473474134
591.0 0.0008902561603463255
592.0 0.0007971390914462972
593.0 0.0007169594482547836
594.0 0.0006367793957906542
595.0 0.0006526969627884682
596.0 0.0006686142114631366
597.0 0.0009533784577797633
598.0 0.00123814270409639
599.0 0.0014734469004906714
600.0 0.0017087510059354827
601.0 0.0019925231754314154
602.0 0.0022762958906241693
603.0 0.001960978261195123
604.0 0.0016456609955639578
605.0 0.0015067083040776197
606.0 0.0013677557035407517
607.0 0.0011785626156779472
608.0 0.0009893695278151426
609.0 0.0007283709237526637
610.0 0.00046737231969018467
611.0 0.0003087405957558076
612.0 0.00015010889455879806
613.0 0.000326832696373458
614.0 0.0005035564299760154
615.0 0.0004915669705951586
616.0 0.0004795776021637721
617.0 0.0005266275366011541
618.0 0.0005736776074627414
619.0 0.00042506826503085904
620.0 0.0002764589908110793
621.0 0.0003848967025987804
622.0 0.0004933343006996438
623.0 0.0006024701633577934
624.0 0.0007116061169654131
625.0 0.0007755295882816426
626.0 0.000839452968648402
627.0 0.0007575801191705978
628.0 0.0006757071787433233
629.0 0.0007851225745980628
630.0 0.0008945380614022724
631.0 0.0012859525668318383
632.0 0.0016773668903624639
633.0 0.0019216304281144403
634.0 0.002165893602068536
635.0 0.002422520628897473
636.0 0.0026791476557264104
637.0 0.0024715898689464666
638.0 0.0022640319002675824
639.0 0.0019479039110592566
640.0 0.0016317761037498713
641.0 0.0015112487744772807
642.0 0.00139072144520469
643.0 0.0010821949217643123
644.0 0.0007736683073744643
645.0 0.0006587233201571507
646.0 0.0005437783329398371
647.0 0.0003728298452188028
648.0 0.00020188153939670883
649.0 6.197984703248949e-05
650.0 1.5772373641517734e-10
651.0 0.0002466062596795382
652.0 0.0005711343874281738
653.0 0.0010554381333349738
654.0 0.0015397417882923037
655.0 0.0014983039363869466
656.0 0.0014568659025826491
657.0 0.0022315540263662115
658.0 0.003006242332048714
659.0 0.00350695954693947
660.0 0.004007676398032345
661.0 0.003957282388000749
662.0 0.0039068880141712725
663.0 0.0030689610866829753
664.0 0.0022310337953967974
665.0 0.0018426142560201697
666.0 0.001454194716643542
667.0 0.0013473766557581257
668.0 0.0012405585948727094
669.0 0.000991973683994729
670.0 0.000743388864066219
671.0 0.0005153230176802026
672.0 0.0002872569439205108
673.0 0.0003058936499655829
674.0 0.0003245302877985523
675.0 0.0006524936452478869
676.0 0.000980457025434589
677.0 0.0013247912647784688
678.0 0.001669125776970759
679.0 0.0019387542124604806
680.0 0.0022083826479502022
681.0 0.0031353658414445817
682.0 0.004062349762534723
683.0 0.005880838943994604
684.0 0.007699328125454485
685.0 0.008229318336816505
686.0 0.008759310730965808
687.0 0.007952108717290685
688.0 0.007144908886402845
689.0 0.005902099655941129
690.0 0.004659290789277293
691.0 0.004176930451649241
692.0 0.003694570841616951
693.0 0.003192221265635453
694.0 0.0026898718715528958
695.0 0.0022516092940350063
696.0 0.0018133468984160572
697.0 0.0012860830793215428
698.0 0.0007588189873786177
699.0 0.0007078809176164214
700.0 0.0006569426204805495
701.0 0.0006570669029315468
702.0 0.0006571911853825441
703.0 0.0006310950084298383
704.0 0.0006049991498002782
705.0 0.0005063056050857995
706.0 0.00040761219679552596
707.0 0.0006802416464779526
708.0 0.0009528707778372336
709.0 0.0008903325579012744
710.0 0.000827794247015845
711.0 0.000691173181621707
712.0 0.0005545522526517743
713.0 0.0006246328212000662
714.0 0.0006947134806978283
715.0 0.0006546609711222118
716.0 0.000614608370597125
717.0 0.000578989920541062
718.0 0.0005433714250102639
719.0 0.0006459743872255785
720.0 0.000748577258491423
721.0 0.0003752373459064984
722.0 1.89734308264633e-06
723.0 0.00017529304159324965
724.0 0.00034868876355176326
725.0 0.00018747872445601388
726.0 2.6268642727700353e-05
727.0 0.00021996322630002396
728.0 0.00041365783545188606
729.0 0.0004890050604444696
730.0 0.0005643523763865232
731.0 0.00035333368941792287
732.0 0.0001423150820301089
733.0 0.00012174368748674169
734.0 0.0001011723270494258
735.0 0.00031425583983946126
736.0 0.0005273393526294967
737.0 0.0003553433316483279
738.0 0.00018334731066715904
739.0 0.00046492282308463473
740.0 0.0007464982900273753
741.0 0.0010468798791407607
742.0 0.0013472615137288813
743.0 0.0018395112419966608
744.0 0.0023317608793149702
745.0 0.002769928687484935
746.0 0.0032080963137559593
747.0 0.0036859139072475955
748.0 0.004163731864537112
749.0 0.0038599231629632413
750.0 0.0035561151889851317
751.0 0.003275357812526636
752.0 0.0029946000722702593
753.0 0.0025669289243523963
754.0 0.0021392577764345333
755.0 0.0022980550056672655
756.0 0.002456852416798938
757.0 0.0021006711904192343
758.0 0.0017444899640395306
759.0 0.0015096151400939561
760.0 0.0012747403161483817
761.0 0.001228841665579239
762.0 0.001182942924060626
763.0 0.0008779046765994281
764.0 0.0005728662927140249
765.0 0.0007230567462102044
766.0 0.0008732470632821787
767.0 0.0008847936442180071
768.0 0.0008963403161033057
769.0 0.0007351070507866098
770.0 0.000573873876419384
771.0 0.00044000762500218116
772.0 0.000306141237160773
773.0 0.0004084791271452559
774.0 0.000510817108079209
775.0 0.0006071142252039863
776.0 0.0007034112513792934
777.0 0.0005744439022237202
778.0 0.0004454764166439418
779.0 0.0005443715053843334
780.0 0.00064326654864999
781.0 0.0007455635113728931
782.0 0.0008478606105200015
783.0 0.0009300287274527363
784.0 0.0010121966624865308
785.0 0.0012281473573239055
786.0 0.0014440978702623397
787.0 0.001078691002476262
788.0 0.0007132840892154491
789.0 0.0006822813702456187
790.0 0.0006512786058010533
791.0 0.000616377155893133
792.0 0.0005814757514599478
793.0 0.00025404085590707837
794.0 1.5772373641517734e-10
795.0 1.5772373641517734e-10
796.0 1.5772373641517734e-10
797.0 0.00016658810864100815
798.0 0.0004557086867862381
799.0 0.00024112760002026334
800.0 2.654647346389538e-05
801.0 1.5772373641517734e-10
802.0 1.5772373641517734e-10
803.0 1.5772373641517734e-10
804.0 1.5772373641517734e-10
805.0 1.5772373641517734e-10
806.0 4.338851624652307e-05
807.0 1.5772373641517734e-10
808.0 1.5772373641517734e-10
809.0 1.5772373641517734e-10
810.0 0.00028328333883109735
811.0 0.00012585459217007156
812.0 1.5772373641517734e-10
813.0 0.0002187740847148234
814.0 0.00046912227844586596
815.0 0.000437726794189075
816.0 0.00040633135540701915
817.0 0.0003068296564379125
818.0 0.00020732786651933566
819.0 0.00020727475202875212
820.0 0.00020722163753816858
821.0 0.00010815216455739574
822.0 9.082661023285254e-06
823.0 7.974498572593802e-06
824.0 6.866333990274143e-06
825.0 1.5772373641517734e-10
826.0 1.5772373641517734e-10
827.0 1.5772373641517734e-10
828.0 4.173381569216872e-05
829.0 1.5772373641517734e-10
830.0 1.5772373641517734e-10
831.0 1.5772373641517734e-10
832.0 1.5772373641517734e-10
833.0 1.5772373641517734e-10
834.0 1.5772373641517734e-10
835.0 1.5772373641517734e-10
836.0 1.3352224925711198e-05
837.0 1.5772373641517734e-10
838.0 1.5772373641517734e-10
839.0 1.5772373641517734e-10
840.0 1.5772373641517734e-10
841.0 1.5772373641517734e-10
842.0 0.00014364874232342117
843.0 1.5772373641517734e-10
844.0 1.5772373641517734e-10
845.0 1.5772373641517734e-10
846.0 1.5772373641517734e-10
847.0 1.5772373641517734e-10
848.0 1.5772373641517734e-10
849.0 1.5772373641517734e-10
850.0 1.5772373641517734e-10
851.0 1.5772373641517734e-10
852.0 1.5772373641517734e-10
853.0 7.331282176892273e-05
854.0 0.00015243321058733272
855.0 1.5772373641517734e-10
856.0 1.5772373641517734e-10
857.0 0.0003641055627667811
858.0 0.0008843618161336053
859.0 0.0010671274139895104
860.0 0.0012498929208959453
861.0 0.0011459181223472115
862.0 0.0010419434147479478
863.0 0.0011421780982345808
864.0 0.0012424129636201542
865.0 0.0015636143871233799
866.0 0.001884815537778195
867.0 0.0018691218429012224
868.0 0.0018534283299231902
869.0 0.0018285272744833492
870.0 0.0018036264009424485
871.0 0.001781688115443103
872.0 0.0017597494661458768
873.0 0.0018581673430162482
874.0 0.0019565852198866196
