lsstCam/transmission_filter_detector/r23_s12/u_24/19700101T000000.ecsv
# %ECSV 1.0
# ---
# datatype:
# - {name: wavelength, unit: nm, datatype: float32}
# - {name: efficiency, unit: '%', datatype: float64}
# meta: !!omap
# - {MODE: DETECTOR}
# - {TYPE: transmission_filter_detector}
# - {CALIBDATE: '1970-01-01T00:00:00'}
# - {INSTRUME: LSSTCam}
# - {OBSTYPE: transmission_filter_detector}
# - {CALIBCLS: lsst.ip.isr.IntermediateFilterDetectorTransmissionCurve}
# - {SOURCE: Materion (DM-46256)}
# - {DETECTOR: 104}
# - {FILTER: u_24}
# - {CALIB_ID: 'calibDate=1970-01-01T00:00:00 filter=u_24 detector=104'}
# - {DATE: '2025-04-02T15:59:40.230536'}
# - {CALIB_CREATION_DATE: '2025-04-02'}
# - {CALIB_CREATION_TIME: '15:59:40'}
# - __serialized_columns__:
#     efficiency:
#       __class__: astropy.units.quantity.Quantity
#       unit: !astropy.units.Unit {unit: '%'}
#       value: !astropy.table.SerializedColumn {name: efficiency}
#     wavelength:
#       __class__: astropy.units.quantity.Quantity
#       unit: !astropy.units.Unit {unit: nm}
#       value: !astropy.table.SerializedColumn {name: wavelength}
# schema: astropy-2.0
wavelength efficiency
[from data line 581]
876.0 0.0027116118872072548
877.0 0.002703118843783159
878.0 0.002694625800359063
879.0 0.002774105996650178
880.0 0.002853586556739174
881.0 0.0030045537641854025
882.0 0.0031555216992273927
883.0 0.0029172839276725426
884.0 0.002679046338016633
885.0 0.0026834055461222306
886.0 0.0026877649361267686
887.0 0.0024350942112505436
888.0 0.0021824238501721993
889.0 0.00212783688766649
890.0 0.0020732499251607805
891.0 0.002341183972021099
892.0 0.002609118200780358
893.0 0.0026275476557202637
894.0 0.002645976928761229
895.0 0.002678916098375339
896.0 0.0027118554498883896
897.0 0.003294322596048005
898.0 0.0038767899241065606
899.0 0.004027229806524701
900.0 0.004177669688942842
901.0 0.004246395474183373
902.0 0.004315121259423904
903.0 0.004481698488234542
904.0 0.0046482757170451805
905.0 0.0049269114242633805
906.0 0.0052055467676837
907.0 0.005350217179511674
908.0 0.005494887591339648
909.0 0.005669836536981165
910.0 0.005844785118824802
911.0 0.005761235661339015
912.0 0.005677686567651108
913.0 0.00548499301658012
914.0 0.0052922994655091316
915.0 0.004800724855158478
916.0 0.0043091502448078245
917.0 0.004057145997649059
918.0 0.0038051421142881736
919.0 0.004188119419268332
920.0 0.004571096724248491
921.0 0.004737955896416679
922.0 0.004904815068584867
923.0 0.0054623043979518116
924.0 0.006019792635925114
925.0 0.006465764454333112
926.0 0.006911736272741109
927.0 0.007447630923707038
928.0 0.007983524119481444
929.0 0.00779026304371655
930.0 0.0075970005127601326
931.0 0.007506433030357584
932.0 0.007415863365167752
933.0 0.007197731611086056
934.0 0.006979599857004359
935.0 0.00712762339389883
936.0 0.007275646203197539
937.0 0.0073033290391322225
938.0 0.007331012602662668
939.0 0.007036030001472682
940.0 0.006741048127878457
941.0 0.00585452580708079
942.0 0.00496800166729372
943.0 0.003904483310179785
944.0 0.00284096513496479
945.0 0.0026261239327141084
946.0 0.0024112827304634266
947.0 0.0018084449038724415
948.0 0.0012056071682309266
949.0 0.0011228942639718298
950.0 0.001040181359712733
951.0 0.001298092865908984
952.0 0.0015560040992568247
953.0 0.0016890440747374669
954.0 0.001822084050218109
955.0 0.002242221853521187
956.0 0.002662359293026384
957.0 0.0028308619221206754
958.0 0.002999364005518146
959.0 0.003317174196126871
960.0 0.003634984022937715
961.0 0.0039523532905150205
962.0 0.004269722558092326
963.0 0.004493046071729623
964.0 0.00471636958536692
965.0 0.004786757563124411
966.0 0.004857145904679783
967.0 0.004804919444723055
968.0 0.0047526933485642076
969.0 0.004671638089348562
970.0 0.004590583193930797
971.0 0.004595307837007567
972.0 0.004600031752488576
973.0 0.004541581074590795
974.0 0.004483129669097252
975.0 0.004244398951414041
976.0 0.00400566823373083
977.0 0.003581447890610434
978.0 0.0031572279112879187
979.0 0.002966771353385411
980.0 0.0027763146135839634
981.0 0.00284577181446366
982.0 0.002915229015343357
983.0 0.002869879790523555
984.0 0.0028245307476026937
985.0 0.0032867003028513864
986.0 0.0037488705856958404
987.0 0.004054083547089249
988.0 0.004359296872280538
989.0 0.005185846021049656
990.0 0.0060123944422230124
991.0 0.006246522389119491
992.0 0.006480648880824447
993.0 0.006788707105442882
994.0 0.007096764602465555
995.0 0.006904402107466012
996.0 0.006712038157274947
997.0 0.006490125088021159
998.0 0.006268214201554656
999.0 0.0063321553170681
1000.0 0.00639609424979426
1001.0 0.0060619426221819595
1002.0 0.005727789539378136
1003.0 0.005481481275637634
1004.0 0.005235174103290774
1005.0 0.005099362169858068
1006.0 0.004963549872627482
1007.0 0.004945835098624229
1008.0 0.004928119233227335
1009.0 0.004573785554384813
1010.0 0.004219452239340171
1011.0 0.0038758047594456
1012.0 0.00353215764334891
1013.0 0.003000000651809387
1014.0 0.002467843660269864
1015.0 0.0020594812667695805
1016.0 0.0016511188732692972
1017.0 0.0015436606190633029
1018.0 0.0014362021829583682
1019.0 0.001131963017542148
1020.0 0.0008277238521259278
1021.0 0.0009995496839110274
1022.0 0.0011713756975950673
1023.0 0.0011577470104384702
1024.0 0.0011441184142313432
1025.0 0.0014225732229533605
1026.0 0.0017010283045237884
1027.0 0.0015266878108377568
1028.0 0.0013523472262022551
1029.0 0.001358442568744067
1030.0 0.0013645380931848194
1031.0 0.0015264457033481449
1032.0 0.0016883537682588212
1033.0 0.0016654854334774427
1034.0 0.0016426170986960642
1035.0 0.0018426238966640085
1036.0 0.0020426305127330124
1037.0 0.0021889225536142476
1038.0 0.0023352145944954827
1039.0 0.002021434556809254
1040.0 0.001707654882920906
1041.0 0.0018716949853114784
1042.0 0.002035735269600991
1043.0 0.0019157518181600608
1044.0 0.0017957685486180708
1045.0 0.0015901174265309237
1046.0 0.0013844663953932468
1047.0 0.0012589887774083763
1048.0 0.0011335110684740357
1049.0 0.001348949626844842
1050.0 0.001564388003316708
1051.0 0.0018078477296512574
1052.0 0.002051307455985807
1053.0 0.001600966788828373
1054.0 0.001150626121670939
1055.0 0.0011934449503314681
1056.0 0.0012362637789919972
1057.0 0.0011188588359800633
1058.0 0.0010014538929681294
1059.0 0.0006408918579836609
1060.0 0.00028032984573655995
1061.0 0.0005784687800769461
1062.0 0.00087660782810417
1063.0 0.0010076852959173266
1064.0 0.0011387628546799533
1065.0 0.0013498669432010502
1066.0 0.0015609712136210874
1067.0 0.0008962141691881698
1068.0 0.00023145696559367934
1069.0 0.0012830476407543756
1070.0 0.002334638156753499
1071.0 0.002397462594672106
1072.0 0.0024602870325907134
1073.0 0.002656212200236041
1074.0 0.002852137549780309
1075.0 0.0032696989364922047
1076.0 0.003687260687001981
1077.0 0.003813744115177542
1078.0 0.003940227543353103
1079.0 0.0040444145270157605
1080.0 0.0041485996916890144
1081.0 0.0037304271245375276
1082.0 0.003312255284981802
1083.0 0.0032481686503160745
1084.0 0.0031840823794482276
1085.0 0.003420863868086599
1086.0 0.00365764535672497
1087.0 0.0038668993511237204
1088.0 0.004076153345522471
1089.0 0.004556648127618246
1090.0 0.0050371432735119015
1091.0 0.004047262700623833
1092.0 0.003057382127735764
1093.0 0.0033223881473531947
1094.0 0.003587393803172745
1095.0 0.0032810345146572217
1096.0 0.0029746752261416987
1097.0 0.003094784915447235
1098.0 0.003214895332348533
1099.0 0.002562326335464604
1100.0 0.0019097578842774965
