lsstCam/transmission_filter_detector/r21_s01/g_6/19700101T000000.ecsv
# %ECSV 1.0
# ---
# datatype:
# - {name: wavelength, unit: nm, datatype: float32}
# - {name: efficiency, unit: '%', datatype: float64}
# meta: !!omap
# - {MODE: DETECTOR}
# - {TYPE: transmission_filter_detector}
# - {CALIBDATE: '1970-01-01T00:00:00'}
# - {INSTRUME: LSSTCam}
# - {OBSTYPE: transmission_filter_detector}
# - {CALIBCLS: lsst.ip.isr.IntermediateFilterDetectorTransmissionCurve}
# - {SOURCE: Materion (DM-46256)}
# - {DETECTOR: 82}
# - {FILTER: g_6}
# - {CALIB_ID: 'calibDate=1970-01-01T00:00:00 filter=g_6 detector=82'}
# - {DATE: '2025-04-02T15:59:42.408021'}
# - {CALIB_CREATION_DATE: '2025-04-02'}
# - {CALIB_CREATION_TIME: '15:59:42'}
# - __serialized_columns__:
#     efficiency:
#       __class__: astropy.units.quantity.Quantity
#       unit: !astropy.units.Unit {unit: '%'}
#       value: !astropy.table.SerializedColumn {name: efficiency}
#     wavelength:
#       __class__: astropy.units.quantity.Quantity
#       unit: !astropy.units.Unit {unit: nm}
#       value: !astropy.table.SerializedColumn {name: wavelength}
# schema: astropy-2.0
wavelength efficiency
[from data line 609]
909.0 0.00041367470657860395
910.0 0.0003800651711571845
911.0 0.00034645561299839756
912.0 0.0004561396053759381
913.0 0.0005658236204908462
914.0 0.0003921391453332035
915.0 0.00021845476112503093
916.0 0.00028186138933961047
917.0 0.00034526804029155755
918.0 0.0003302622417322709
919.0 0.0003152564431729843
920.0 0.0004057646947330795
921.0 0.0004962729690305423
922.0 0.000652675316814566
923.0 0.0008090776645985898
924.0 0.0006436244348151376
925.0 0.00047817111408221535
926.0 0.0005767749826190993
927.0 0.0006753789875801886
928.0 0.0006139674951555207
929.0 0.0005525560027308529
930.0 0.0005169543783267727
931.0 0.0004813527993974276
932.0 0.0004891876415058505
933.0 0.0004970225745637435
934.0 0.0004101631020603236
935.0 0.00032330365229427116
936.0 0.0004249607627571095
937.0 0.0005266178959573153
938.0 0.0005925655386818107
939.0 0.000658513135931571
940.0 0.0004957175406161696
941.0 0.0003329217861391953
942.0 0.0005417722150014015
943.0 0.0007506226666009752
944.0 0.0007306543466256699
945.0 0.0007106859811756294
946.0 0.0007070068932080176
947.0 0.0007033277142909355
948.0 0.001041038558469154
949.0 0.0013787494935968425
950.0 0.0012042609341733623
951.0 0.001029772283800412
952.0 0.001073866860679118
953.0 0.0011179613466083538
954.0 0.0009599952136341017
955.0 0.0008020291716093197
956.0 0.0007856340744183399
957.0 0.0007692386134294793
958.0 0.0008850141057337169
959.0 0.0010007895070884842
960.0 0.0008085279660008382
961.0 0.000616266333963722
962.0 0.0005949410024186363
963.0 0.0005736157163482858
964.0 0.0007393513897113735
965.0 0.0009050869266502559
966.0 0.0007652710337424651
967.0 0.0006254550498852041
968.0 0.0006726693754899316
969.0 0.000719883701094659
970.0 0.0007922252734715585
971.0 0.0008645669367979281
972.0 0.0009008226697915234
973.0 0.000937078584684059
974.0 0.0008621704182587564
975.0 0.0007872626156313345
976.0 0.0008735752999200486
977.0 0.0009598883480066434
978.0 0.0009922100616677199
979.0 0.0010245318662782665
980.0 0.001070096914190799
981.0 0.0011156620530528016
982.0 0.0010412016308691818
983.0 0.0009667410267866217
984.0 0.00100314191513462
985.0 0.0010395428034826182
986.0 0.0010340314474888146
987.0 0.0010285199095960706
988.0 0.0011622062629612628
989.0 0.0012958921615791041
990.0 0.0013420121831586584
991.0 0.001388132386637153
992.0 0.0013902077625971287
993.0 0.001392283502354985
994.0 0.0013429566024569795
995.0 0.0012936298844579142
996.0 0.0011890332643815782
997.0 0.0010844367352547124
998.0 0.001275663908018032
999.0 0.001466891171730822
1000.0 0.0014245578313420992
1001.0 0.0013822243090544362
1002.0 0.001297355083806906
1003.0 0.0012124859495088458
1004.0 0.0011801796063082293
1005.0 0.0011478730812086724
1006.0 0.0013607445907837246
1007.0 0.0015736161003587767
1008.0 0.0016944213712122291
1009.0 0.0018152271877625026
1010.0 0.001873061410151422
1011.0 0.0019308958144392818
1012.0 0.002010455500567332
1013.0 0.0020900150047964416
1014.0 0.0021132662368472666
1015.0 0.002136517650797032
1016.0 0.002591505653981585
1017.0 0.003046494020964019
1018.0 0.0032593645300948992
1019.0 0.0034722350392257795
1020.0 0.0035252203815616667
1021.0 0.003578205723897554
1022.0 0.003887085767928511
1023.0 0.0041959661757573485
1024.0 0.004317775528761558
1025.0 0.004439584881765768
1026.0 0.004672322393162176
1027.0 0.004905059540760703
1028.0 0.004994258415536024
1029.0 0.005083457290311344
1030.0 0.005053254426456988
1031.0 0.005023051198804751
1032.0 0.005539193807635456
1033.0 0.006055336416466162
1034.0 0.0057477387599647045
1035.0 0.005440140739665367
1036.0 0.005616270573227666
1037.0 0.005792400042992085
1038.0 0.005865855564479716
1039.0 0.005939311085967347
1040.0 0.006295233470154926
1041.0 0.0066511543991509825
1042.0 0.0068874884163960814
1043.0 0.0071238209784496576
1044.0 0.007392397674266249
1045.0 0.007660971459699795
1046.0 0.008810380677459762
1047.0 0.009959789167623967
1048.0 0.011567991896299645
1049.0 0.013176191714592278
1050.0 0.015589113172609359
1051.0 0.01800203026505187
1052.0 0.021781846589874476
1053.0 0.025561670190654695
1054.0 0.030538655119016767
1055.0 0.035515642957761884
1056.0 0.04257413966115564
1057.0 0.04963263054378331
1058.0 0.057681690668687224
1059.0 0.06573073333129287
1060.0 0.07345173507928848
1061.0 0.08117270190268755
1062.0 0.0893842545337975
1063.0 0.09759577224031091
1064.0 0.10442022467032075
1065.0 0.11124466545879841
1066.0 0.11891303583979607
1067.0 0.1265814178623259
1068.0 0.13477704487740993
1069.0 0.14297273010015488
1070.0 0.15312890755012631
1071.0 0.1632850500755012
1072.0 0.1736712409183383
1073.0 0.18405737355351448
1074.0 0.1946672797203064
1075.0 0.20527723245322704
1076.0 0.2161040436476469
1077.0 0.2269308315590024
1078.0 0.23868305142968893
1079.0 0.2504352480173111
1080.0 0.2670356538146734
1081.0 0.28363605961203575
1082.0 0.3118596039712429
1083.0 0.3400831716135144
1084.0 0.380964670330286
1085.0 0.4218462388962507
1086.0 0.4587693139910698
1087.0 0.49569238908588886
1088.0 0.5621639546006918
1089.0 0.628635473549366
1090.0 0.7091570645570755
1091.0 0.7896785624325275
1092.0 0.8270478807389736
1093.0 0.8644168265163898
1094.0 0.9139052592217922
1095.0 0.9633934125304222
1096.0 1.0302227921783924
1097.0 1.09705226495862
1098.0 1.1610137298703194
1099.0 1.224975474178791
1100.0 1.4547179453074932
1101.0 1.6844598576426506
