lsstCam/transmission_filter_detector/r21_s01/g_6/19700101T000000.ecsv
# %ECSV 1.0
# ---
# datatype:
# - {name: wavelength, unit: nm, datatype: float32}
# - {name: efficiency, unit: '%', datatype: float64}
# meta: !!omap
# - {MODE: DETECTOR}
# - {TYPE: transmission_filter_detector}
# - {CALIBDATE: '1970-01-01T00:00:00'}
# - {INSTRUME: LSSTCam}
# - {OBSTYPE: transmission_filter_detector}
# - {CALIBCLS: lsst.ip.isr.IntermediateFilterDetectorTransmissionCurve}
# - {SOURCE: Materion (DM-46256)}
# - {DETECTOR: 82}
# - {FILTER: g_6}
# - {CALIB_ID: 'calibDate=1970-01-01T00:00:00 filter=g_6 detector=82'}
# - {DATE: '2025-04-02T15:59:42.408021'}
# - {CALIB_CREATION_DATE: '2025-04-02'}
# - {CALIB_CREATION_TIME: '15:59:42'}
# - __serialized_columns__:
#     efficiency:
#       __class__: astropy.units.quantity.Quantity
#       unit: !astropy.units.Unit {unit: '%'}
#       value: !astropy.table.SerializedColumn {name: efficiency}
#     wavelength:
#       __class__: astropy.units.quantity.Quantity
#       unit: !astropy.units.Unit {unit: nm}
#       value: !astropy.table.SerializedColumn {name: wavelength}
# schema: astropy-2.0
wavelength efficiency
300.0 0.5033169407397509
301.0 0.3708292730152607
302.0 0.2383415587246418
303.0 0.21215600427240133
304.0 0.18597047310322523
305.0 0.1985862385481596
306.0 0.21120202727615833
307.0 0.2176601206883788
308.0 0.22411819081753492
309.0 0.22247263696044683
310.0 0.2208271063864231
311.0 0.21032362710684538
312.0 0.19982021767646074
313.0 0.20035016350448132
314.0 0.20088013261556625
315.0 0.1903917291201651
316.0 0.1799033605493605
317.0 0.17690672539174557
318.0 0.17391012515872717
319.0 0.158692616969347
320.0 0.14347508549690247
321.0 0.1393181039020419
322.0 0.13516113394871354
323.0 0.1149055315181613
324.0 0.09464996983297169
325.0 0.08693013223819435
326.0 0.07921030046418309
327.0 0.0717656163033098
328.0 0.0643209321424365
329.0 0.061611959245055914
330.0 0.05890297470614314
331.0 0.05538968835026026
332.0 0.05187639617361128
333.0 0.04776176356244832
334.0 0.04364713095128536
335.0 0.04193159693386406
336.0 0.040216060006059706
337.0 0.04122306127101183
338.0 0.04223005671519786
339.0 0.040596892358735204
340.0 0.03896373091265559
341.0 0.03739116946235299
342.0 0.035818610922433436
343.0 0.032277440186589956
344.0 0.028736272361129522
345.0 0.02560154243838042
346.0 0.02246681397082284
347.0 0.02091305359499529
348.0 0.019359290308784693
349.0 0.017895300698000938
350.0 1.010597962886095
351.0 0.822503212839365
352.0 0.8786078542470932
353.0 1.0432776063680649
354.0 0.8604107424616814
355.0 0.77415038831532
356.0 0.6168990861624479
357.0 0.9939355775713921
358.0 0.6836571730673313
359.0 0.8023340255022049
360.0 0.5699294619262218
361.0 0.6967336405068636
362.0 0.5415759980678558
363.0 0.8333253674209118
364.0 0.7011651992797852
365.0 0.7667327765375376
366.0 0.45533827506005764
367.0 0.6873600650578737
368.0 0.431573623791337
369.0 0.7125413045287132
370.0 0.45074704103171825
371.0 0.7538987323641777
372.0 0.4375928547233343
373.0 0.4593427758663893
374.0 0.45454329811036587
375.0 0.5134362727403641
376.0 0.41285897605121136
377.0 0.443071685731411
378.0 0.3715852741152048
379.0 0.5342864897102118
380.0 0.4626012407243252
381.0 0.4443204961717129
382.0 0.4991190042346716
383.0 0.5678202491253614
384.0 0.5556824617087841
385.0 0.6238161586225033
386.0 0.6996458396315575
387.0 0.7987638004124165
388.0 0.9673605673015118
389.0 1.274737250059843
390.0 1.7279839143157005
391.0 2.602826990187168
392.0 4.166051745414734
393.0 6.678815186023712
394.0 10.052790492773056
395.0 14.674831926822662
396.0 20.3627347946167
397.0 27.628004550933838
398.0 36.06562912464142
399.0 45.32809853553772
400.0 54.81754541397095
401.0 64.00181651115417
402.0 72.50977158546448
403.0 79.8193097114563
404.0 85.17758846282959
405.0 89.33994174003601
406.0 91.66833162307739
407.0 93.53089332580566
408.0 94.57725882530212
409.0 95.13465762138367
410.0 95.32464742660522
411.0 95.17603516578674
412.0 94.83990669250488
413.0 94.68128681182861
414.0 94.417804479599
415.0 94.61307525634766
416.0 94.97912526130676
417.0 95.29158473014832
418.0 95.82699537277222
419.0 96.36726975440979
420.0 96.91914916038513
421.0 97.44924902915955
422.0 97.64007329940796
423.0 97.84427881240845
424.0 97.6567268371582
425.0 97.50892519950867
426.0 97.53232002258301
427.0 97.52667546272278
428.0 97.31542468070984
429.0 97.089684009552
430.0 96.92384004592896
431.0 96.96965217590332
432.0 96.99899554252625
433.0 97.09550738334656
434.0 97.19206690788269
435.0 97.34575748443604
436.0 97.40224480628967
437.0 97.41487503051758
438.0 97.41688966751099
439.0 97.5136935710907
440.0 97.46214747428894
441.0 97.62026071548462
442.0 97.61918783187866
443.0 97.58147597312927
444.0 97.5261926651001
445.0 97.2739577293396
446.0 97.13702201843262
447.0 97.00537919998169
448.0 97.0538318157196
449.0 97.2264051437378
450.0 97.50482439994812
451.0 97.65218496322632
452.0 97.87841439247131
453.0 97.97266125679016
454.0 98.0297327041626
455.0 98.28543066978455
456.0 98.34603071212769
457.0 98.50016236305237
458.0 98.52638840675354
459.0 98.51296544075012
460.0 98.63035678863525
461.0 98.8030731678009
462.0 98.67700338363647
463.0 98.61993193626404
464.0 98.74566197395325
465.0 98.66716861724854
466.0 98.66472482681274
467.0 98.66558909416199
468.0 98.64732623100281
469.0 98.73350262641907
470.0 98.60818386077881
471.0 98.45914840698242
472.0 98.5349714756012
473.0 98.43031167984009
474.0 98.25698137283325
475.0 98.30487370491028
476.0 98.26189279556274
477.0 98.30067157745361
478.0 98.41957092285156
479.0 98.41872453689575
480.0 98.4983742237091
481.0 98.63476753234863
482.0 98.82718920707703
483.0 98.69822263717651
484.0 98.9012598991394
485.0 98.90450835227966
486.0 98.95899295806885
487.0 98.946213722229
488.0 98.94017577171326
489.0 99.0632176399231
490.0 99.01075959205627
491.0 98.96669387817383
492.0 98.8843023777008
493.0 98.87515306472778
494.0 98.82965087890625
495.0 98.83577227592468
496.0 98.67271780967712
497.0 98.62961173057556
498.0 98.47320914268494
499.0 98.50383400917053
500.0 98.37100505828857
501.0 98.34049940109253
502.0 98.25211763381958
503.0 98.34577441215515
504.0 98.24711680412292
505.0 98.31594228744507
506.0 98.2727587223053
507.0 98.28722476959229
508.0 98.2819676399231
509.0 98.20672273635864
510.0 98.16423058509827
511.0 98.17907810211182
512.0 98.12333583831787
513.0 98.18583726882935
514.0 98.1835126876831
515.0 98.16885590553284
516.0 98.31072688102722
517.0 98.23744297027588
518.0 98.32476377487183
519.0 98.42116236686707
520.0 98.44796061515808
521.0 98.57245683670044
522.0 98.59088063240051
523.0 98.5700786113739
524.0 98.62203598022461
525.0 98.60517978668213
526.0 98.69219660758972
527.0 98.7297534942627
528.0 98.77541065216064
529.0 98.94086718559265
530.0 98.91498684883118
531.0 99.10215139389038
532.0 98.94903302192688
533.0 98.87871742248535
534.0 98.9211916923523
535.0 98.72230291366577
536.0 98.36747646331787
537.0 97.79625535011292
538.0 97.0180332660675
539.0 95.56185603141785
540.0 93.7687873840332
541.0 91.10937714576721
542.0 88.25705647468567
543.0 84.56266522407532
544.0 79.83568906784058
545.0 75.80787539482117
546.0 70.72952389717102
547.0 66.1677896976471
548.0 61.54271960258484
549.0 57.43989944458008
550.0 54.150474071502686
551.0 51.01394057273865
552.0 48.6135333776474
553.0 46.09341025352478
554.0 43.19954812526703
555.0 39.97628390789032
556.0 35.679879784584045
557.0 30.771607160568237
558.0 25.388529896736145
559.0 20.080667734146118
560.0 14.937527477741241
561.0 10.205783694982529
562.0 6.548360735177994
563.0 3.8646161556243896
564.0 2.13431753218174
565.0 1.0454243049025536
566.0 0.5475915037095547
567.0 0.28156626503914595
568.0 0.18871373031288385
569.0 0.10356730781495571
570.0 0.08594055543653667
571.0 0.060674146516248584
572.0 0.054932618513703346
573.0 0.04479929921217263
574.0 0.05376263288781047
575.0 0.04055644676554948
576.0 0.040738171082921326
577.0 0.024281600781250745
578.0 0.03645624092314392
579.0 0.02784111420623958
580.0 0.035347839002497494
581.0 0.02972297661472112
582.0 0.03798379621002823
583.0 0.01591596519574523
584.0 0.02321991923963651
585.0 0.018773988995235413
586.0 0.04005766531918198
587.0 0.011703729978762567
588.0 0.020900506933685392
589.0 0.017417666094843298
590.0 0.02603359753265977
591.0 0.01433168799849227
592.0 0.018604872457217425
593.0 0.023172512010205537
594.0 0.013973517343401909
595.0 0.014406869013328105
596.0 0.015657873882446438
597.0 0.01790780806913972
598.0 0.01147035727626644
599.0 0.00794099541963078
600.0 0.007903354708105326
601.0 0.0025047072995221242
602.0 0.002496761408110615
603.0 0.002488815152901225
604.0 0.002253457023471128
605.0 0.0020180988940410316
606.0 0.0021392675989773124
607.0 0.0022604363039135933
608.0 0.001951793637999799
609.0 0.0016431507901870646
610.0 0.0018067146811517887
611.0 0.0019702780264196917
612.0 0.0018455597455613315
613.0 0.001720841828500852
614.0 0.0017668995496933348
615.0 0.0018129576346836984
616.0 0.001994383637793362
617.0 0.0021758094590040855
618.0 0.0019436605725786649
619.0 0.0017115116861532442
620.0 0.0017452901374781504
621.0 0.0017790689526009373
622.0 0.0016180125385290012
623.0 0.0014569559425581247
624.0 0.0014611601727665402
625.0 0.0014653644029749557
626.0 0.0014170419490255881
627.0 0.0013687198588741012
628.0 0.0015595785953337327
629.0 0.0017504376955912448
630.0 0.0015094838090590201
631.0 0.0012685295587289147
632.0 0.0013218193089414854
633.0 0.0013751086044067051
634.0 0.0013101016520522535
635.0 0.0012450943358999211
636.0 0.0013378860785451252
637.0 0.0014306782759376802
638.0 0.0013545488400268368
639.0 0.0012784193131665234
640.0 0.001182698269985849
641.0 0.001086976863007294
642.0 0.001184444499813253
643.0 0.0012819123185181525
644.0 0.001263038666365901
645.0 0.001244164741365239
646.0 0.0012242178854648955
647.0 0.001204271029564552
648.0 0.0011011437891284004
649.0 0.0009980163667933084
650.0 0.0012812881323043257
651.0 0.001564559352118522
652.0 0.0012668001545534935
653.0 0.0009690408660389949
654.0 0.0010047367140941788
655.0 0.001040432744048303
656.0 0.0011281838851573411
657.0 0.0012159350262663793
658.0 0.0010303034287062474
659.0 0.0008446721949439961
660.0 0.0009346540537080728
661.0 0.0010246359124721494
662.0 0.001106041054299567
663.0 0.0011874465599248651
664.0 0.0012604996300069615
665.0 0.0013335525181901176
666.0 0.001132658599090064
667.0 0.0009317645890405402
668.0 0.0010619069144013338
669.0 0.0011920491488126572
670.0 0.0011660718882922083
671.0 0.0011400945368222892
672.0 0.0011144239579152782
673.0 0.0010887531061598565
674.0 0.001118625732487999
675.0 0.0011484984497656114
676.0 0.0010826412108144723
677.0 0.0010167835171159822
678.0 0.001166296442534076
679.0 0.00131580945890164
680.0 0.0011989303857262712
681.0 0.001082051130651962
682.0 0.0010743753591668792
683.0 0.0010666994967323262
684.0 0.0008800277100817766
685.0 0.0006933557870070217
686.0 0.0009137232154898811
687.0 0.0011340906894474756
688.0 0.0011440991329436656
689.0 0.0011541075764398556
690.0 0.0010502930308575742
691.0 0.0009464784852752928
692.0 0.0008949942639446817
693.0 0.0008435098607151303
694.0 0.0009733138540468644
695.0 0.0011031177564291283
696.0 0.0011742753486032598
697.0 0.0012454324860300403
698.0 0.0013325447980605531
699.0 0.0014196569281921256
700.0 0.0012516394235717598
701.0 0.001083621918951394
702.0 0.001176485420728568
703.0 0.001269348922505742
704.0 0.0012329360288276803
705.0 0.0011965229532506783
706.0 0.0011392932719900273
707.0 0.0010820636816788465
708.0 0.001063669151335489
709.0 0.0010452748028910719
710.0 0.0012735245945805218
711.0 0.001501774568168912
712.0 0.001334347416559467
713.0 0.001166920719697373
714.0 0.0012201733625261113
715.0 0.00127342618725379
716.0 0.0014834328794677276
717.0 0.0016934398445300758
718.0 0.0019377395801711828
719.0 0.0021820391339133494
720.0 0.0018533102775109
721.0 0.001524581512057921
722.0 0.0016914898878894746
723.0 0.0018583987184683792
724.0 0.0018615388398757204
725.0 0.001864679143182002
726.0 0.0020092324120923877
727.0 0.0021537856810027733
728.0 0.0021537207430810668
729.0 0.00215365580515936
730.0 0.0021425765226013027
731.0 0.002131497058144305
732.0 0.002016560574702453
733.0 0.0019016242731595412
734.0 0.00168203314387938
735.0 0.001462442014599219
736.0 0.0012871441867901012
737.0 0.0011118463589809835
738.0 0.0010992614988936111
739.0 0.0010866766388062388
740.0 0.0009048609172168653
741.0 0.0007230451501527568
742.0 0.000665051175019471
743.0 0.0006070571998861851
744.0 0.0007566387466795277
745.0 0.0009062204298970755
746.0 0.0009882902304525487
747.0 0.001070360031008022
748.0 0.001206537945108721
749.0 0.0013427159501588903
750.0 0.001055017582984874
751.0 0.0007673194886592682
752.0 0.0007621439181093592
753.0 0.0007569684839836555
754.0 0.0007708221346547361
755.0 0.0007846758308005519
756.0 0.0008368981980311219
757.0 0.0008891204743122216
758.0 0.0008363937922695186
759.0 0.0007836673830752261
760.0 0.000579011475565494
761.0 0.00037435549984365935
762.0 0.000503754245073651
763.0 0.00063315292209154
764.0 0.0007669488695682958
765.0 0.0009007450898934621
766.0 0.0007557778644695645
767.0 0.0006108107299951371
768.0 0.0005553202299779514
769.0 0.0004998297299607657
770.0 0.00037726999835285824
771.0 0.00025471028948231833
772.0 0.000541647796126199
773.0 0.0008285855074063875
774.0 0.0008627471288491506
775.0 0.0008969089321908541
776.0 0.0008053917554207146
777.0 0.0007138745786505751
778.0 0.0007401879884127993
779.0 0.0007665014891244937
780.0 0.0005962321210972732
781.0 0.0004259627075953176
782.0 0.0005247818080533762
783.0 0.0006236007266124943
784.0 0.000728835357222124
785.0 0.0008340699423570186
786.0 0.0007688277037232183
787.0 0.0007035858288872987
788.0 0.0004866955350735225
789.0 0.0002698053776839515
790.0 0.0002584399680927163
791.0 0.000247074513026746
792.0 0.00019994213289464824
793.0 0.00015280977549991803
794.0 0.00026197089937340934
795.0 0.0003711320459842682
796.0 0.0005224905180511996
797.0 0.000673848990118131
798.0 0.0006219732313184068
799.0 0.0005700974725186825
800.0 0.0006218395355972461
801.0 0.0006735818260494852
802.0 0.0005585069629887585
803.0 0.00044343223635223694
804.0 0.0003306828830318409
805.0 0.00021793364339828258
806.0 0.00033917474411282456
807.0 0.00046041591303946916
808.0 0.0005866373157914495
809.0 0.0007128586275939597
810.0 0.0005384540145314531
811.0 0.0003640493559942115
812.0 0.000319408422910783
813.0 0.00027476739887788426
814.0 0.0003755770649149781
815.0 0.00047638673095207196
816.0 0.0005629579845845001
817.0 0.000649529147267458
818.0 0.000488891419081483
819.0 0.0003282537818449782
820.0 0.0004130776687816251
821.0 0.0004979014192940667
822.0 0.000567487131775124
823.0 0.0006370728442561813
824.0 0.0005521328603208531
825.0 0.00046719292186025996
826.0 0.0006504881184810074
827.0 0.0008337833605764899
828.0 0.0007260295205924194
829.0 0.0006182756806083489
830.0 0.00047923927013471257
831.0 0.0003402028596610762
832.0 0.0005431030331237707
833.0 0.00074600307016226
834.0 0.0005712194251827896
835.0 0.00039643578020331915
836.0 0.00047120302042458206
837.0 0.0005459703970700502
838.0 0.00045867318476666696
839.0 0.00037137606341275387
840.0 0.0005542890448850812
841.0 0.0007372019354079384
842.0 0.0004470198746275855
843.0 0.00015683764331697603
844.0 0.00012086467222616193
845.0 8.489170113534783e-05
846.0 0.00035834355003316887
847.0 0.0006317955012491439
848.0 0.000533475895281299
849.0 0.00043515638026292436
850.0 0.0005553320079343393
851.0 0.0006755076810804894
852.0 0.0005542919552681269
853.0 0.0004330758201831486
854.0 0.0005476948444993468
855.0 0.0006623137323913397
856.0 0.0006787395705032395
857.0 0.0006951655905140797
858.0 0.0006947737347218208
859.0 0.0006943818789295619
860.0 0.0006055331596144242
861.0 0.0005166843948245514
862.0 0.0004976784566679271
863.0 0.00047867251851130277
864.0 0.00043958061723969877
865.0 0.00040048876144282985
866.0 0.00047393396016559564
867.0 0.0005473791588883614
868.0 0.000609850894761621
869.0 0.0006723227215843508
870.0 0.0006135772764537251
871.0 0.000554831649424159
872.0 0.0004743742010759888
873.0 0.0003939166163036134
874.0 0.0005028968644182896
875.0 0.0006118770670582308
876.0 0.00069647899181291
877.0 0.0007810808710928541
878.0 0.0008169826287485193
879.0 0.0008528842954547144
880.0 0.0008231491847254802
881.0 0.0007934142558951862
882.0 0.0006731235316692619
883.0 0.000552833034817013
884.0 0.0006294810646068072
885.0 0.000706129367245012
886.0 0.0006778685019526165
887.0 0.0006496079549833667
888.0 0.0006599059815926012
889.0 0.0006702040991513059
890.0 0.0006544714324263623
891.0 0.0006387389476003591
892.0 0.0005533241164812353
893.0 0.0004679093763115816
894.0 0.0004491708750720136
895.0 0.0004304324193071807
896.0 0.0002571886852820171
897.0 8.394494557251164e-05
898.0 0.00027583553219301393
899.0 0.0004677261586039094
900.0 0.0004184476892987732
901.0 0.00036916926546837203
902.0 0.0005384076303016627
903.0 0.0007076459951349534
904.0 0.0003955875854444457
905.0 8.352909048880974e-05
906.0 0.00031670335829403484
907.0 0.0005498776317836018
