lsstCam/transmission_filter_detector/r12_s12/i_39/19700101T000000.ecsv
# %ECSV 1.0
# ---
# datatype:
# - {name: wavelength, unit: nm, datatype: float32}
# - {name: efficiency, unit: '%', datatype: float64}
# meta: !!omap
# - {MODE: DETECTOR}
# - {TYPE: transmission_filter_detector}
# - {CALIBDATE: '1970-01-01T00:00:00'}
# - {INSTRUME: LSSTCam}
# - {OBSTYPE: transmission_filter_detector}
# - {CALIBCLS: lsst.ip.isr.IntermediateFilterDetectorTransmissionCurve}
# - {SOURCE: Materion (DM-46256)}
# - {DETECTOR: 50}
# - {FILTER: i_39}
# - {CALIB_ID: 'calibDate=1970-01-01T00:00:00 filter=i_39 detector=50'}
# - {DATE: '2025-04-02T15:59:46.710804'}
# - {CALIB_CREATION_DATE: '2025-04-02'}
# - {CALIB_CREATION_TIME: '15:59:46'}
# - __serialized_columns__:
#     efficiency:
#       __class__: astropy.units.quantity.Quantity
#       unit: !astropy.units.Unit {unit: '%'}
#       value: !astropy.table.SerializedColumn {name: efficiency}
#     wavelength:
#       __class__: astropy.units.quantity.Quantity
#       unit: !astropy.units.Unit {unit: nm}
#       value: !astropy.table.SerializedColumn {name: wavelength}
# schema: astropy-2.0
wavelength efficiency
300.0 0.08219308219850063
301.0 0.03937456349376589
302.0 1.589092464386599e-10
303.0 0.014771487622056156
304.0 0.0329869071720168
305.0 0.030049605993553996
306.0 0.02711230772547424
307.0 0.010034672595793381
308.0 1.589092464386599e-10
309.0 1.589092464386599e-10
310.0 1.589092464386599e-10
311.0 1.589092464386599e-10
312.0 0.004165965219726786
313.0 0.001202834118885221
314.0 1.589092464386599e-10
315.0 1.589092464386599e-10
316.0 1.589092464386599e-10
317.0 1.589092464386599e-10
318.0 1.589092464386599e-10
319.0 1.589092464386599e-10
320.0 1.589092464386599e-10
321.0 1.589092464386599e-10
322.0 0.0011375542271707673
323.0 1.589092464386599e-10
324.0 1.589092464386599e-10
325.0 1.589092464386599e-10
326.0 1.589092464386599e-10
327.0 1.589092464386599e-10
328.0 0.002198639231210109
329.0 0.0020189607312204316
330.0 0.0018392825950286351
331.0 0.001157804399554152
332.0 0.00047632711357437074
333.0 0.0015767647710163146
334.0 0.002677202610357199
335.0 0.0015323908883146942
336.0 0.0003875798938679509
337.0 0.001550264460092876
338.0 0.002712948844418861
339.0 0.0028824508262914605
340.0 0.00305195280816406
341.0 1.589092464386599e-10
342.0 1.589092464386599e-10
343.0 1.589092464386599e-10
344.0 1.589092464386599e-10
345.0 1.589092464386599e-10
346.0 0.00015225315337374923
347.0 1.589092464386599e-10
348.0 1.589092464386599e-10
349.0 1.589092464386599e-10
350.0 1.589092464386599e-10
351.0 1.589092464386599e-10
352.0 1.589092464386599e-10
353.0 1.589092464386599e-10
354.0 1.589092464386599e-10
355.0 1.589092464386599e-10
356.0 0.00017738551605361863
357.0 0.0004725966846308438
358.0 0.0007678079782635905
359.0 0.0009992220839194488
360.0 0.001230635643878486
361.0 0.0010838693924597465
362.0 0.0009371031410410069
363.0 0.0004773158252646681
364.0 1.7528782336739823e-05
365.0 0.0009913641406456009
366.0 0.0019651999537018128
367.0 0.0012538463124656118
368.0 0.0005424925802799407
369.0 0.0008671580872032791
370.0 0.0011918236850760877
371.0 0.0010654161997081246
372.0 0.0009390088052896317
373.0 0.0010894517799897585
374.0 0.001239894572790945
375.0 0.0004003204139735317
376.0 1.589092464386599e-10
377.0 1.589092464386599e-10
378.0 0.00012983281294509652
379.0 1.589092464386599e-10
380.0 1.589092464386599e-10
381.0 1.589092464386599e-10
382.0 1.589092464386599e-10
383.0 7.648143309779698e-05
384.0 0.0015926192645565607
385.0 0.0012309887097217143
386.0 0.0008693578820384573
387.0 1.589092464386599e-10
388.0 1.589092464386599e-10
389.0 1.589092464386599e-10
390.0 1.589092464386599e-10
391.0 1.589092464386599e-10
392.0 1.589092464386599e-10
393.0 1.584440667556919e-05
394.0 0.0008490945219818968
395.0 1.589092464386599e-10
396.0 1.589092464386599e-10
397.0 1.589092464386599e-10
398.0 1.589092464386599e-10
399.0 1.589092464386599e-10
400.0 1.589092464386599e-10
401.0 0.0006976908025535522
402.0 0.0016894367945496924
403.0 0.002022661101364065
404.0 0.002355885771976318
405.0 0.003985616422141902
406.0 0.005615346890408546
407.0 0.0025145081963273697
408.0 1.589092464386599e-10
409.0 9.503113460596069e-05
410.0 0.0007763932444504462
411.0 0.002006556860578712
412.0 0.003236721022403799
413.0 0.003987655509263277
414.0 0.004738591451314278
415.0 0.004211022314848378
416.0 0.003683452814584598
417.0 0.0021499625290744007
418.0 0.0006164720161905279
419.0 0.0025069271941902116
420.0 0.00439738214481622
421.0 0.00380148267140612
422.0 0.0032055828341981396
423.0 0.003751504118554294
424.0 0.004297425039112568
425.0 0.003531288166414015
426.0 0.0027651500204228796
427.0 0.003960423418902792
428.0 0.0051556973630795255
429.0 0.005400758163887076
430.0 0.005645820056088269
431.0 0.004408803943078965
432.0 0.0031717889214633033
433.0 0.0036759480281034485
434.0 0.004180107862339355
435.0 0.003400084824534133
436.0 0.0026200616048299707
437.0 0.0021233690858935006
438.0 0.0016266765669570304
439.0 0.0018851380445994437
440.0 0.0021435997041407973
441.0 0.0007902603101683781
442.0 1.589092464386599e-10
443.0 1.589092464386599e-10
444.0 1.589092464386599e-10
445.0 1.589092464386599e-10
446.0 1.589092464386599e-10
447.0 4.512922089361382e-05
448.0 0.0007487770290026674
449.0 7.832810524632805e-05
450.0 1.589092464386599e-10
451.0 0.0002485529648765805
452.0 0.0010892266800510697
453.0 0.0015672159861424007
454.0 0.0020452056560316123
455.0 0.00185328462976031
456.0 0.0016613636034890078
457.0 0.0012772668014804367
458.0 0.0008931698175729252
459.0 0.00040877494029700756
460.0 1.589092464386599e-10
461.0 0.0003591223276089295
462.0 0.0007938647286209743
463.0 0.00022992016965872608
464.0 1.589092464386599e-10
465.0 1.589092464386599e-10
466.0 0.00028665481295320205
467.0 0.0006050342562957667
468.0 0.0009234136996383313
469.0 0.0005969844551145798
470.0 0.000270555369752401
471.0 0.00040064060158329085
472.0 0.0005307258561515482
473.0 0.0008262883966381196
474.0 0.0011218510735488962
475.0 0.000821269532025326
476.0 0.0005206883088249015
477.0 0.0009386418241774663
478.0 0.0013565953850047663
479.0 0.0013010796465096064
480.0 0.0012455640899133869
481.0 0.0027055830287281424
482.0 0.004165600330452435
483.0 0.005500371480593458
484.0 0.0068351422669366
485.0 0.008260665345005691
486.0 0.009686189150670543
487.0 0.012088923540432006
488.0 0.014491657202597708
489.0 0.017535104416310787
490.0 0.020578550174832344
491.0 0.02253956045024097
492.0 0.02450057363603264
493.0 0.025627840659581125
494.0 0.0267551135038957
495.0 0.023551411868538707
496.0 0.02034770732279867
497.0 0.016581296222284436
498.0 0.012814882211387157
499.0 0.009081648022402078
500.0 0.005348412742023356
501.0 0.00406990475312341
502.0 0.002791396764223464
503.0 0.002522703471186105
504.0 0.002254009996249806
505.0 0.001974436418095138
506.0 0.0016948628399404697
507.0 0.001624161632207688
508.0 0.0015534604244749062
509.0 0.0016788117136457004
510.0 0.001804163184715435
511.0 0.0015054530194902327
512.0 0.0012067428542650305
513.0 0.0016011659681680612
514.0 0.0019955889001721516
515.0 0.002602567838039249
516.0 0.0032095467759063467
517.0 0.002601862979645375
518.0 0.0019941790014854632
519.0 0.0021470999854500405
520.0 0.0023000207875156775
521.0 0.0018027667465503328
522.0 0.001305512705584988
523.0 0.001304166653426364
524.0 0.0013028208741161507
525.0 0.0017538088286528364
526.0 0.0022047968741389923
527.0 0.002366357330174651
528.0 0.00252791796810925
529.0 0.0018341943359700963
530.0 0.0011404705219320022
531.0 0.0012316076208662707
532.0 0.00132274508359842
533.0 0.0014183107850840315
534.0 0.0015138766684685834
535.0 0.0016165306078619324
536.0 0.0017191847291542217
537.0 0.0025068122340599075
538.0 0.0032944397389655933
539.0 0.003980210749432445
540.0 0.004665982487495057
541.0 0.005403044997365214
542.0 0.006140107871033251
543.0 0.005182089080335572
544.0 0.004224070653435774
545.0 0.00340376645908691
546.0 0.0025834631742327474
547.0 0.002021942964347545
548.0 0.001460422936361283
549.0 0.0017036352801369503
550.0 0.0019468479877104983
551.0 0.0018322594769415446
552.0 0.0017176709661725909
553.0 0.001600119867362082
554.0 0.0014825689504505135
555.0 0.0011114067092421465
556.0 0.0007402444225590443
557.0 0.0007171092420321656
558.0 0.0006939741524547571
559.0 0.0001850307171480381
560.0 1.589092464386599e-10
561.0 0.0005097349458083045
562.0 0.00134338270072476
563.0 0.0015386063751066104
564.0 0.0017338301404379308
565.0 0.0013911838323110715
566.0 0.0010485377060831524
567.0 0.0007123761861294042
568.0 0.000376214666175656
569.0 0.0005132988917466719
570.0 0.0006503829354187474
571.0 0.0004779359187523369
572.0 0.0003054889020859264
573.0 0.00042569231482048053
574.0 0.0005458958185045049
575.0 0.0004651099970942596
576.0 0.00038432408473454416
577.0 0.0005107344350108178
578.0 0.0006371448762365617
579.0 0.00030364560643647565
580.0 1.589092464386599e-10
581.0 0.00016587881646046299
582.0 0.0003616112508098013
583.0 0.00046692703108419664
584.0 0.0005722427431464894
585.0 0.0007050943622743944
586.0 0.0008379461178265046
587.0 0.0008194578185793944
588.0 0.0008009695193322841
589.0 0.0006621715328947175
590.0 0.000523373591931886
591.0 0.0006520348961203126
592.0 0.0007806964276824147
593.0 0.0005189369403524324
594.0 0.00025717743028508266
595.0 0.0006032301371305948
596.0 0.0009492828212387394
597.0 0.0007859606739657465
598.0 0.0006226386631169589
599.0 0.0006149071850813925
600.0 0.0006071755251468858
601.0 0.00046734799070691224
602.0 0.0003275203880548361
603.0 0.00025020983684953535
604.0 0.00017289914922002936
605.0 0.00021716309674957301
606.0 0.00026142704427911667
607.0 0.0004943797648593318
608.0 0.0007273323717527092
609.0 0.0006239535650820471
610.0 0.0005205744855629746
611.0 0.0007087748144840589
612.0 0.0008969751434051432
613.0 0.0005700282599718776
614.0 0.00024308146748808213
615.0 1.589092464386599e-10
616.0 1.589092464386599e-10
617.0 1.589092464386599e-10
618.0 0.00016130499034261447
619.0 0.00026261197945132153
620.0 0.000363919048140815
621.0 0.00048392676035291515
622.0 0.0006039344498276478
623.0 0.0005284953658701852
624.0 0.0004530563273874577
625.0 0.0003611312649809406
626.0 0.0002692062480491586
627.0 0.00028656427275564056
628.0 0.0003039222974621225
629.0 0.00048279721340804826
630.0 0.0006616721748287091
631.0 0.0005725010396417929
632.0 0.0004833298589801416
633.0 0.0005016556769987801
634.0 0.0005199814950174186
635.0 0.0004485202680371003
636.0 0.0003770589273699443
637.0 0.00036649100820795866
638.0 0.0003559229298844002
639.0 0.0006592880254174815
640.0 0.0009626530300010927
641.0 0.0006580682111234637
642.0 0.0003534833467710996
643.0 0.0006016017778165406
644.0 0.0008497202543367166
645.0 0.0006709004537697183
646.0 0.0004920808351016603
647.0 0.0006897053026477806
648.0 0.0008873302249412518
649.0 0.0008027322110137902
650.0 0.0007181341970863286
651.0 0.0008786138096184004
652.0 0.0010390936040494125
653.0 0.0011747331882361323
654.0 0.0013103726814733818
655.0 0.0019836501451209188
656.0 0.0026569274268695153
657.0 0.003576225572032854
658.0 0.004495522080105729
659.0 0.007285903120646253
660.0 0.030817717197351158
661.0 0.06486196652986109
662.0 0.11612508678808808
663.0 0.08020951645448804
664.0 0.1400887151248753
665.0 0.1679779263213277
666.0 0.20737890154123306
667.0 0.14858900103718042
668.0 0.26738541200757027
669.0 0.3736143233254552
670.0 0.4983748774975538
671.0 0.7942887023091316
672.0 1.188442762941122
673.0 1.8035884946584702
674.0 2.6360606774687767
675.0 3.617294505238533
676.0 4.772061854600906
677.0 6.12766332924366
678.0 7.513467967510223
679.0 9.06430333852768
680.0 11.233074963092804
681.0 13.448244333267212
682.0 15.99331796169281
683.0 18.803881108760834
684.0 21.834799647331238
685.0 24.762901663780212
686.0 27.645692229270935
687.0 31.01556897163391
688.0 34.40670967102051
689.0 37.95049488544464
690.0 42.17250943183899
691.0 46.70339524745941
692.0 51.984310150146484
693.0 57.60892033576965
694.0 63.691818714141846
695.0 69.5817232131958
696.0 75.74210166931152
697.0 81.22109174728394
698.0 86.67890429496765
699.0 90.49137234687805
700.0 93.30947995185852
701.0 95.20255327224731
702.0 96.57509922981262
703.0 97.08325266838074
704.0 97.3469078540802
705.0 97.6827323436737
706.0 97.59989380836487
707.0 97.65952229499817
708.0 97.77224659919739
709.0 97.81086444854736
710.0 97.60521650314331
711.0 97.8513777256012
712.0 97.76576161384583
713.0 97.85143733024597
714.0 97.9066014289856
715.0 98.00054430961609
716.0 97.89391160011292
717.0 98.0170488357544
718.0 98.08644652366638
719.0 97.95546531677246
720.0 98.21292757987976
721.0 98.02746772766113
722.0 97.6930558681488
723.0 97.46050834655762
724.0 97.10614085197449
725.0 96.9904363155365
726.0 96.74389958381653
727.0 96.54725193977356
728.0 96.33554220199585
729.0 96.22220993041992
730.0 96.31346464157104
731.0 96.33954763412476
732.0 96.40158414840698
733.0 96.71846032142639
734.0 97.15311527252197
735.0 97.27835059165955
736.0 97.61766195297241
737.0 98.0089783668518
738.0 98.25090765953064
739.0 98.49807024002075
740.0 98.62992763519287
741.0 98.49132895469666
742.0 98.7313449382782
743.0 98.60658645629883
744.0 98.38555455207825
745.0 98.40149283409119
746.0 98.47760796546936
747.0 98.63786101341248
748.0 98.49048852920532
749.0 98.4240710735321
750.0 98.39017391204834
751.0 98.2886016368866
752.0 98.20401668548584
753.0 98.45691919326782
754.0 98.36504459381104
755.0 98.5143780708313
756.0 98.48732352256775
757.0 98.53850603103638
758.0 98.62030148506165
759.0 98.7143337726593
760.0 98.56011867523193
761.0 98.47897291183472
762.0 98.64543676376343
763.0 98.53799343109131
764.0 98.46464991569519
765.0 98.39687943458557
766.0 98.45306873321533
767.0 98.17498922348022
768.0 98.22463393211365
769.0 98.18013310432434
770.0 97.93334007263184
771.0 97.96814322471619
772.0 97.93939590454102
773.0 97.82294631004333
774.0 97.6805567741394
775.0 97.76743650436401
776.0 97.68286943435669
777.0 97.70304560661316
778.0 97.7500855922699
779.0 97.9205071926117
780.0 97.91760444641113
781.0 98.25038313865662
782.0 98.24246764183044
783.0 98.40072989463806
784.0 98.4387755393982
785.0 98.4043538570404
786.0 98.54864478111267
787.0 98.33617806434631
788.0 98.35572838783264
789.0 98.4581708908081
790.0 98.33742380142212
791.0 98.39007258415222
792.0 98.16774725914001
793.0 98.16466569900513
794.0 98.0991005897522
795.0 97.87747859954834
796.0 97.94192314147949
797.0 97.79855012893677
798.0 97.70988821983337
799.0 97.63033390045166
800.0 97.49102592468262
801.0 97.35888242721558
802.0 97.18212485313416
803.0 96.84836864471436
804.0 96.31737470626831
805.0 95.49295902252197
806.0 94.69590783119202
807.0 93.33993792533875
808.0 91.73946976661682
809.0 89.87749218940735
810.0 87.68708109855652
811.0 85.08751392364502
812.0 81.8968415260315
813.0 78.40452194213867
814.0 74.33127760887146
815.0 69.97478604316711
816.0 65.69705009460449
817.0 60.996222496032715
818.0 56.002408266067505
819.0 51.86241269111633
820.0 47.083255648612976
821.0 42.692869901657104
822.0 38.318049907684326
823.0 33.76934230327606
824.0 29.218673706054688
825.0 25.049790740013123
826.0 20.590001344680786
827.0 16.069738566875458
828.0 12.182289361953735
829.0 8.747577667236328
830.0 5.590845271945
831.0 3.6372244358062744
832.0 2.20501609146595
833.0 1.2539740651845932
834.0 0.7361344527453184
835.0 0.4477251786738634
836.0 0.2192943124100566
837.0 0.16594770131632686
838.0 0.05748777184635401
839.0 0.03531174443196505
840.0 0.051195581909269094
841.0 1.589092464386599e-10
842.0 1.589092464386599e-10
843.0 1.589092464386599e-10
844.0 1.589092464386599e-10
845.0 0.007116724009392783
846.0 1.589092464386599e-10
847.0 1.589092464386599e-10
848.0 1.589092464386599e-10
849.0 1.589092464386599e-10
850.0 1.589092464386599e-10
851.0 1.589092464386599e-10
852.0 0.0007931951586215291
853.0 0.0010857193046831526
854.0 0.0013782437235931866
855.0 0.0010192857189395
856.0 0.0006603278052352834
857.0 0.0008030675417103339
858.0 0.0009458070053369738
859.0 0.0004867903953709174
860.0 2.7773756983151543e-05
861.0 8.936394237935019e-05
862.0 0.00015095405387910432
863.0 9.889334933177452e-05
864.0 4.68326902591798e-05
865.0 2.7217993192607537e-06
866.0 1.589092464386599e-10
867.0 1.589092464386599e-10
868.0 3.859242667658691e-05
869.0 1.589092464386599e-10
870.0 1.589092464386599e-10
871.0 0.0001334793410023849
872.0 0.00032600244139757706
873.0 0.0002365404725424014
874.0 0.0001470784809498582
875.0 0.00017234604001714615
876.0 0.00019761362182180164
877.0 1.589092464386599e-10
878.0 1.589092464386599e-10
879.0 5.855413220956507e-06
880.0 0.00044005205381836277
881.0 0.00017406815686626942
882.0 1.589092464386599e-10
883.0 8.209451607399387e-05
884.0 0.0002561047949711792
885.0 0.00010391391924713389
886.0 1.589092464386599e-10
887.0 7.721849897279753e-05
888.0 0.00020271393168513896
889.0 4.0292982816936274e-05
890.0 1.589092464386599e-10
891.0 8.599377565587929e-06
892.0 0.0001393266643390234
893.0 0.00026144498406210914
894.0 0.0003835632924165111
895.0 7.436251507897396e-05
896.0 1.589092464386599e-10
897.0 1.589092464386599e-10
898.0 1.589092464386599e-10
