lsstCam/transmission_filter_detector/r12_s12/i_39/19700101T000000.ecsv
# %ECSV 1.0
# ---
# datatype:
# - {name: wavelength, unit: nm, datatype: float32}
# - {name: efficiency, unit: '%', datatype: float64}
# meta: !!omap
# - {MODE: DETECTOR}
# - {TYPE: transmission_filter_detector}
# - {CALIBDATE: '1970-01-01T00:00:00'}
# - {INSTRUME: LSSTCam}
# - {OBSTYPE: transmission_filter_detector}
# - {CALIBCLS: lsst.ip.isr.IntermediateFilterDetectorTransmissionCurve}
# - {SOURCE: Materion (DM-46256)}
# - {DETECTOR: 50}
# - {FILTER: i_39}
# - {CALIB_ID: 'calibDate=1970-01-01T00:00:00 filter=i_39 detector=50'}
# - {DATE: '2025-04-02T15:59:46.710804'}
# - {CALIB_CREATION_DATE: '2025-04-02'}
# - {CALIB_CREATION_TIME: '15:59:46'}
# - __serialized_columns__:
#     efficiency:
#       __class__: astropy.units.quantity.Quantity
#       unit: !astropy.units.Unit {unit: '%'}
#       value: !astropy.table.SerializedColumn {name: efficiency}
#     wavelength:
#       __class__: astropy.units.quantity.Quantity
#       unit: !astropy.units.Unit {unit: nm}
#       value: !astropy.table.SerializedColumn {name: wavelength}
# schema: astropy-2.0
wavelength efficiency
[from data line 600]
900.0 1.589092464386599e-10
901.0 1.589092464386599e-10
902.0 1.589092464386599e-10
903.0 1.1434993041348207e-05
904.0 5.4439914265458356e-05
905.0 1.589092464386599e-10
906.0 1.589092464386599e-10
907.0 8.007816632016329e-05
908.0 0.00028623458092624787
909.0 1.589092464386599e-10
910.0 1.589092464386599e-10
911.0 1.589092464386599e-10
912.0 0.000115437660497264
913.0 0.00014052210417503375
914.0 0.0001656065478528035
915.0 3.7469753522145766e-06
916.0 1.589092464386599e-10
917.0 1.589092464386599e-10
918.0 1.589092464386599e-10
919.0 1.589092464386599e-10
920.0 8.712581802683417e-05
921.0 1.589092464386599e-10
922.0 1.589092464386599e-10
923.0 1.589092464386599e-10
924.0 1.589092464386599e-10
925.0 0.00011883080333063845
926.0 0.00030047403924982063
927.0 1.589092464386599e-10
928.0 1.589092464386599e-10
929.0 1.589092464386599e-10
930.0 0.0001599228539816977
931.0 0.00011380465139154694
932.0 6.768645448573807e-05
933.0 0.0001321053787251003
934.0 0.00019652434275485575
935.0 1.589092464386599e-10
936.0 1.589092464386599e-10
937.0 1.589092464386599e-10
938.0 1.589092464386599e-10
939.0 1.589092464386599e-10
940.0 1.589092464386599e-10
941.0 1.589092464386599e-10
942.0 1.589092464386599e-10
943.0 1.589092464386599e-10
944.0 1.589092464386599e-10
945.0 1.589092464386599e-10
946.0 1.589092464386599e-10
947.0 1.589092464386599e-10
948.0 1.589092464386599e-10
949.0 1.589092464386599e-10
950.0 1.589092464386599e-10
951.0 1.589092464386599e-10
952.0 1.589092464386599e-10
953.0 1.589092464386599e-10
954.0 1.589092464386599e-10
955.0 6.129961889200786e-05
956.0 0.00023849700028222287
957.0 0.00023794486878614407
958.0 0.00023739271455269773
959.0 0.00018426477481625625
960.0 0.00013113685781718232
961.0 0.0001410858089911926
962.0 0.00015103477153388667
963.0 4.675329137171502e-05
964.0 1.589092464386599e-10
965.0 1.589092464386599e-10
966.0 1.589092464386599e-10
967.0 1.589092464386599e-10
968.0 1.589092464386599e-10
969.0 1.589092464386599e-10
970.0 4.219808431571437e-05
971.0 1.589092464386599e-10
972.0 1.589092464386599e-10
973.0 1.589092464386599e-10
974.0 1.589092464386599e-10
975.0 1.589092464386599e-10
976.0 1.589092464386599e-10
977.0 1.589092464386599e-10
978.0 1.589092464386599e-10
979.0 1.589092464386599e-10
980.0 1.589092464386599e-10
981.0 1.589092464386599e-10
982.0 1.589092464386599e-10
983.0 1.589092464386599e-10
984.0 1.589092464386599e-10
985.0 6.290455871749145e-05
986.0 0.00022669553345622262
987.0 7.347837822635483e-05
988.0 1.589092464386599e-10
989.0 1.589092464386599e-10
990.0 1.589092464386599e-10
991.0 1.589092464386599e-10
992.0 1.589092464386599e-10
993.0 1.589092464386599e-10
994.0 3.976552989115589e-05
995.0 1.589092464386599e-10
996.0 1.589092464386599e-10
997.0 1.589092464386599e-10
998.0 0.000202281762540224
999.0 0.00029553809781646123
1000.0 0.0003887943421432283
1001.0 0.00023875579699961236
1002.0 8.871716659086815e-05
1003.0 0.00011294384876237018
1004.0 0.0001371705820929492
1005.0 9.500142539309309e-06
1006.0 1.589092464386599e-10
1007.0 2.2836728419406427e-05
1008.0 0.0001638437652218272
1009.0 0.00012965050473212614
1010.0 9.545717603032244e-05
1011.0 0.00018535091612648102
1012.0 0.0002752446562226396
1013.0 0.0003962260961998254
1014.0 0.0005172075816517463
1015.0 0.0004272544629202457
1016.0 0.0003373014351382153
1017.0 0.0004086955414095428
1018.0 0.0004800897841050755
1019.0 0.0003613567287175101
1020.0 0.0002426236051178421
1021.0 0.00014467046867139288
1022.0 4.6717266855011985e-05
1023.0 0.000519174227520125
1024.0 0.0009916312592395116
1025.0 0.0007980172995303292
1026.0 0.0006044032488716766
1027.0 0.0005524510015675332
1028.0 0.0005004987542633899
1029.0 0.000915265718504088
1030.0 0.0013300327736942563
1031.0 0.0019204029740649275
1032.0 0.002510772719688248
1033.0 0.0026529958631726913
1034.0 0.002795218097162433
1035.0 0.0032326763175660744
1036.0 0.003670134537969716
1037.0 0.003752428528969176
1038.0 0.003834722883766517
1039.0 0.003340465627843514
1040.0 0.0028462090995162725
1041.0 0.002551954639784526
1042.0 0.0022576999981538393
1043.0 0.0030569332011509687
1044.0 0.0038561665860470384
1045.0 0.0035289907827973366
1046.0 0.003201815707143396
1047.0 0.0029234839530545287
1048.0 0.0026451523808646016
1049.0 0.0023021937522571534
1050.0 0.001959234941750765
1051.0 0.002142921948689036
1052.0 0.0023266091375262477
1053.0 0.0014657055544375908
1054.0 0.0006048018349247286
1055.0 0.0005900598353036912
1056.0 0.0005753178356826538
1057.0 0.000747862168282154
1058.0 0.0009204065463563893
1059.0 0.0008400044862355571
1060.0 0.0007596028353873407
1061.0 0.0017070495232474059
1062.0 0.002654495619935915
1063.0 0.002923270221799612
1064.0 0.003192044823663309
1065.0 0.003548456879798323
1066.0 0.0039048689359333366
1067.0 0.004597014049068093
1068.0 0.00528915916220285
1069.0 0.004149462984059937
1070.0 0.003009766987815965
1071.0 0.00293363154924009
1072.0 0.0028574957468663342
1073.0 0.003075239874306135
1074.0 0.003292984183644876
1075.0 0.0035425804526312277
1076.0 0.00379217708541546
1077.0 0.0028159483917988837
1078.0 0.0018397195162833668
1079.0 0.00197636127268197
1080.0 0.0021130026652826928
1081.0 0.0014265364370658062
1082.0 0.0007400701633741846
1083.0 0.0004049862582178321
1084.0 6.990221663727425e-05
1085.0 0.0006674069027212681
1086.0 0.0012649118616536725
1087.0 0.0012599753063113894
1088.0 0.0012550388419185765
1089.0 1.589092464386599e-10
1090.0 1.589092464386599e-10
1091.0 1.589092464386599e-10
1092.0 1.589092464386599e-10
1093.0 1.589092464386599e-10
1094.0 0.000546609953744337
1095.0 0.0005277563104755245
1096.0 0.0005089027126814472
1097.0 1.589092464386599e-10
1098.0 1.589092464386599e-10
1099.0 1.589092464386599e-10
1100.0 1.589092464386599e-10
