lsstCam/transmission_filter_detector/r24_s20/u_24/19700101T000000.ecsv
# %ECSV 1.0
# ---
# datatype:
# - {name: wavelength, unit: nm, datatype: float32}
# - {name: efficiency, unit: '%', datatype: float64}
# meta: !!omap
# - {MODE: DETECTOR}
# - {TYPE: transmission_filter_detector}
# - {CALIBDATE: '1970-01-01T00:00:00'}
# - {INSTRUME: LSSTCam}
# - {OBSTYPE: transmission_filter_detector}
# - {CALIBCLS: lsst.ip.isr.IntermediateFilterDetectorTransmissionCurve}
# - {SOURCE: Materion (DM-46256)}
# - {DETECTOR: 114}
# - {FILTER: u_24}
# - {CALIB_ID: 'calibDate=1970-01-01T00:00:00 filter=u_24 detector=114'}
# - {DATE: '2025-04-02T15:59:40.276575'}
# - {CALIB_CREATION_DATE: '2025-04-02'}
# - {CALIB_CREATION_TIME: '15:59:40'}
# - __serialized_columns__:
#     efficiency:
#       __class__: astropy.units.quantity.Quantity
#       unit: !astropy.units.Unit {unit: '%'}
#       value: !astropy.table.SerializedColumn {name: efficiency}
#     wavelength:
#       __class__: astropy.units.quantity.Quantity
#       unit: !astropy.units.Unit {unit: nm}
#       value: !astropy.table.SerializedColumn {name: wavelength}
# schema: astropy-2.0
wavelength efficiency
[from data line 581]
876.0 0.0026616999093675986
877.0 0.002712323112064041
878.0 0.002762946496659424
879.0 0.0029252953027025796
880.0 0.0030876442906446755
881.0 0.003238214776501991
882.0 0.0033887848985614255
883.0 0.0031867159123066813
884.0 0.0029846467441529967
885.0 0.0029718756195507012
886.0 0.002959104676847346
887.0 0.002657653749338351
888.0 0.0023562024580314755
889.0 0.0023963526473380625
890.0 0.002436502654745709
891.0 0.0025957297111744992
892.0 0.0027549574951990508
893.0 0.002939662772405427
894.0 0.0031243682315107435
895.0 0.0031586841942043975
896.0 0.003193000884493813
897.0 0.003493913754937239
898.0 0.0037948262615827844
899.0 0.0039135709812399
900.0 0.004032315337099135
901.0 0.004036320387967862
902.0 0.0040403254388365895
903.0 0.004246153184794821
904.0 0.004451980930753052
905.0 0.00487370380142238
906.0 0.005295426308293827
907.0 0.005388116915128194
908.0 0.00548080715816468
909.0 0.005867652362212539
910.0 0.0062544975662603974
911.0 0.006138230673968792
912.0 0.006021964145475067
913.0 0.005652671097777784
914.0 0.005283378413878381
915.0 0.004910849020234309
916.0 0.004538319262792356
917.0 0.004363496191217564
918.0 0.004188672755844891
919.0 0.004340489613241516
920.0 0.00449230574304238
921.0 0.0048130481445696205
922.0 0.0051337898185011
923.0 0.005540648271562532
924.0 0.005947505997028202
925.0 0.006387387111317366
926.0 0.006827269680798054
927.0 0.007291358633665368
928.0 0.007755448314128444
929.0 0.007639890827704221
930.0 0.007524332613684237
931.0 0.007409756653942168
932.0 0.007295177783817053
933.0 0.007133165490813553
934.0 0.006971152470214292
935.0 0.007018316682660952
936.0 0.007065479439916089
937.0 0.0072275732236448675
938.0 0.007389667007373646
939.0 0.007074220047798008
940.0 0.006758774543413892
941.0 0.005753750883741304
942.0 0.0047487268602708355
943.0 0.004004643051302992
944.0 0.0032605588785372674
945.0 0.003124905560980551
946.0 0.002989252061524894
947.0 0.002212391518696677
948.0 0.0014355313396663405
949.0 0.0011912676200154237
950.0 0.000947003900364507
951.0 0.0011841204468510114
952.0 0.0014212367204891052
953.0 0.0016748812413425185
954.0 0.0019285254893475212
955.0 0.002224675699835643
956.0 0.0025208257284248248
957.0 0.0027940717700403184
958.0 0.003067317811655812
959.0 0.0033372987672919407
960.0 0.003607279359130189
961.0 0.004181327676633373
962.0 0.004755375630338676
963.0 0.004689496199716814
964.0 0.0046236167690949515
965.0 0.004670979978982359
966.0 0.004718343552667648
967.0 0.004520100992522202
968.0 0.0043218580685788766
969.0 0.004344313856563531
970.0 0.0043667692807503045
971.0 0.004457731483853422
972.0 0.004548693323158659
973.0 0.004589925083564594
974.0 0.004631156480172649
975.0 0.0046187844418454915
976.0 0.004606412403518334
977.0 0.00399535165342968
978.0 0.003384290903341025
979.0 0.0030898449040250853
980.0 0.0027953990866080858
981.0 0.0029706990972044878
982.0 0.0031459989259019494
983.0 0.0030249564588302746
984.0 0.0029039141736575402
985.0 0.0032789692340884358
986.0 0.0036540248402161524
987.0 0.003983863280154765
988.0 0.004313702083891258
989.0 0.004899641862721182
990.0 0.0054855812777532265
991.0 0.006133603164926171
992.0 0.0067816246883012354
993.0 0.007135487976484001
994.0 0.007489349081879482
995.0 0.007479925261577591
996.0 0.007470501441275701
997.0 0.007084828393999487
998.0 0.006699156074319035
999.0 0.006489696534117684
1000.0 0.006280234083533287
1001.0 0.006053075048839673
1002.0 0.0058259138313587755
1003.0 0.005499714461620897
1004.0 0.005173515091883019
1005.0 0.004954138785251416
1006.0 0.004734762478619814
1007.0 0.004814167550648563
1008.0 0.004893573714070953
1009.0 0.004478318078326993
1010.0 0.004063062806380913
1011.0 0.0036507262848317623
1012.0 0.0032383901270804927
1013.0 0.0029318087399587967
1014.0 0.00262522698903922
1015.0 0.0020896577552775852
1016.0 0.0015540883396170102
1017.0 0.0016548245184822008
1018.0 0.001755560515448451
1019.0 0.0013559823855757713
1020.0 0.0009564043466525618
1021.0 0.0011888901099155191
1022.0 0.0014213760550774168
1023.0 0.001362203238386428
1024.0 0.0013030306035943795
1025.0 0.0013260157174954657
1026.0 0.0013490011042449623
1027.0 0.0015129220628296025
1028.0 0.0016768428395153023
1029.0 0.0017483787814853713
1030.0 0.001819915087253321
1031.0 0.0017451457097195089
1032.0 0.0016703765140846372
1033.0 0.0018183365682489239
1034.0 0.0019662960767163895
1035.0 0.001917297049658373
1036.0 0.0018682976588024758
1037.0 0.0023675307602388784
1038.0 0.0028667640435742214
1039.0 0.002316875361429993
1040.0 0.001766986861184705
1041.0 0.0021044967070338316
1042.0 0.0024420067347818986
1043.0 0.00239596138271736
1044.0 0.0023499162125517614
1045.0 0.002143501660611946
1046.0 0.0019370869267731905
1047.0 0.0017345264495816082
1048.0 0.0015319656085921451
1049.0 0.0016463845895486884
1050.0 0.0017608033886062913
1051.0 0.002070388654829003
1052.0 0.0023799739210517146
1053.0 0.0021378184101195075
1054.0 0.001895663262985181
1055.0 0.0016617375877103768
1056.0 0.0014278117305366322
1057.0 0.0009545336070004851
1058.0 0.00048125561988854315
1059.0 0.0006746151029801695
1060.0 0.0008679746315465309
1061.0 0.0009234119715983979
1062.0 0.0009788495844986755
1063.0 0.0010439207471790724
1064.0 0.00110899236460682
1065.0 0.0013179769666749053
1066.0 0.0015269617506419308
1067.0 0.0014606362128688488
1068.0 0.0013943109479441773
1069.0 0.0017086133084376343
1070.0 0.0020229157598805614
1071.0 0.0028079404728487134
1072.0 0.003592965003917925
1073.0 0.003629622733569704
1074.0 0.0036662808270193636
1075.0 0.0031660620152251795
1076.0 0.0026658433853299357
1077.0 0.003224458487238735
1078.0 0.003783073407248594
1079.0 0.003920354720321484
1080.0 0.004057636033394374
1081.0 0.004811331018572673
1082.0 0.005565026731346734
1083.0 0.004984569750376977
1084.0 0.004404111678013578
1085.0 0.003727383227669634
1086.0 0.0030506551411235705
1087.0 0.0037867779610678554
1088.0 0.00452290078101214
1089.0 0.00438276183558628
1090.0 0.004242621798766777
1091.0 0.003945312710129656
1092.0 0.003648003257694654
1093.0 0.004175309368292801
1094.0 0.004702614751295187
1095.0 0.004913653901894577
1096.0 0.005124692324898206
1097.0 0.004634593278751709
1098.0 0.0041444942326052114
1099.0 0.0035266606573713943
1100.0 0.0029088272640365176
