lsstCam/transmission_filter_detector/r24_s20/u_24/19700101T000000.ecsv
# %ECSV 1.0
# ---
# datatype:
# - {name: wavelength, unit: nm, datatype: float32}
# - {name: efficiency, unit: '%', datatype: float64}
# meta: !!omap
# - {MODE: DETECTOR}
# - {TYPE: transmission_filter_detector}
# - {CALIBDATE: '1970-01-01T00:00:00'}
# - {INSTRUME: LSSTCam}
# - {OBSTYPE: transmission_filter_detector}
# - {CALIBCLS: lsst.ip.isr.IntermediateFilterDetectorTransmissionCurve}
# - {SOURCE: Materion (DM-46256)}
# - {DETECTOR: 114}
# - {FILTER: u_24}
# - {CALIB_ID: 'calibDate=1970-01-01T00:00:00 filter=u_24 detector=114'}
# - {DATE: '2025-04-02T15:59:40.276575'}
# - {CALIB_CREATION_DATE: '2025-04-02'}
# - {CALIB_CREATION_TIME: '15:59:40'}
# - __serialized_columns__:
#     efficiency:
#       __class__: astropy.units.quantity.Quantity
#       unit: !astropy.units.Unit {unit: '%'}
#       value: !astropy.table.SerializedColumn {name: efficiency}
#     wavelength:
#       __class__: astropy.units.quantity.Quantity
#       unit: !astropy.units.Unit {unit: nm}
#       value: !astropy.table.SerializedColumn {name: wavelength}
# schema: astropy-2.0
wavelength efficiency
295.0 1.6111361376969224e-10
296.0 1.6111361376969224e-10
297.0 1.6111361376969224e-10
298.0 1.6111361376969224e-10
299.0 1.6111361376969224e-10
300.0 1.6111361376969224e-10
301.0 0.049421400763094425
302.0 1.6111361376969224e-10
303.0 1.6111361376969224e-10
304.0 0.2595099387690425
305.0 0.6831920240074396
306.0 1.568329706788063
307.0 3.353876620531082
308.0 5.35365492105484
309.0 8.71107429265976
310.0 12.37383484840393
311.0 16.259053349494934
312.0 19.81379985809326
313.0 22.98293113708496
314.0 25.761690735816956
315.0 28.461268544197083
316.0 30.684763193130493
317.0 33.15267562866211
318.0 35.906848311424255
319.0 39.71832990646362
320.0 45.28302550315857
321.0 50.685787200927734
322.0 56.78689479827881
323.0 62.2771680355072
324.0 66.6597306728363
325.0 69.81534957885742
326.0 72.21208810806274
327.0 73.97260069847107
328.0 75.74488520622253
329.0 77.06641554832458
330.0 78.43477725982666
331.0 79.17349934577942
332.0 79.55191731452942
333.0 79.56987023353577
334.0 79.39821481704712
335.0 79.62886691093445
336.0 79.8625111579895
337.0 80.37825226783752
338.0 81.2681257724762
339.0 81.79724216461182
340.0 82.18726515769958
341.0 82.69796967506409
342.0 83.00796151161194
343.0 83.0023467540741
344.0 83.16192030906677
345.0 83.58482718467712
346.0 83.9048683643341
347.0 84.3018114566803
348.0 84.52240228652954
349.0 84.75003838539124
350.0 84.73854064941406
351.0 85.02151370048523
352.0 84.85583066940308
353.0 84.78291630744934
354.0 84.68176126480103
355.0 84.96592044830322
356.0 85.07487773895264
357.0 85.08960604667664
358.0 84.74903106689453
359.0 84.48631763458252
360.0 84.35109257698059
361.0 84.10458564758301
362.0 83.94922018051147
363.0 84.03416275978088
364.0 84.1394305229187
365.0 84.43820476531982
366.0 84.66910719871521
367.0 84.74980592727661
368.0 84.75322723388672
369.0 84.843909740448
370.0 84.66066718101501
371.0 84.45709347724915
372.0 84.44703817367554
373.0 84.61214900016785
374.0 84.66445803642273
375.0 84.95960831642151
376.0 85.07890701293945
377.0 85.15046834945679
378.0 85.216623544693
379.0 84.88690257072449
380.0 84.2744529247284
381.0 82.85812735557556
382.0 81.11717104911804
383.0 79.12235856056213
384.0 77.00327038764954
385.0 74.66745376586914
386.0 72.15690016746521
387.0 68.83795261383057
388.0 65.56109189987183
389.0 61.449259519577026
390.0 57.358717918395996
391.0 53.03516983985901
392.0 48.59316051006317
393.0 44.81145441532135
394.0 41.526636481285095
395.0 38.005128502845764
396.0 34.27089750766754
397.0 29.27393913269043
398.0 23.389936983585358
399.0 16.56239777803421
400.0 10.415434092283249
401.0 5.653088912367821
402.0 2.384038269519806
403.0 0.7457270286977291
404.0 0.23315856233239174
405.0 0.09184664231725037
406.0 0.038197089452296495
407.0 0.022005497885402292
408.0 0.00632035662420094
409.0 1.6111361376969224e-10
410.0 1.6111361376969224e-10
411.0 1.6111361376969224e-10
412.0 1.6111361376969224e-10
413.0 1.6111361376969224e-10
414.0 1.6111361376969224e-10
415.0 1.6111361376969224e-10
416.0 1.6111361376969224e-10
417.0 1.6111361376969224e-10
418.0 1.6111361376969224e-10
419.0 1.6111361376969224e-10
420.0 1.6111361376969224e-10
421.0 1.6111361376969224e-10
422.0 1.6111361376969224e-10
423.0 1.6111361376969224e-10
424.0 1.6111361376969224e-10
425.0 1.6111361376969224e-10
426.0 1.6111361376969224e-10
427.0 0.00035292180200485745
428.0 0.000758941223466536
429.0 0.0004620459094439866
430.0 0.00016515061815880472
431.0 1.6111361376969224e-10
432.0 1.6111361376969224e-10
433.0 1.6111361376969224e-10
434.0 0.0015842748325667344
435.0 0.0008560881724406499
436.0 0.00012790122809747118
437.0 6.17306909589388e-05
438.0 1.6111361376969224e-10
439.0 3.5419137844883153e-06
440.0 1.1524247156557976e-05
441.0 1.6111361376969224e-10
442.0 1.6111361376969224e-10
443.0 1.6111361376969224e-10
444.0 1.6111361376969224e-10
445.0 1.6111361376969224e-10
446.0 0.0007955475666676648
447.0 0.0009688582395028789
448.0 0.0011421687304391526
449.0 0.0005998490451020189
450.0 5.7529246078047436e-05
451.0 1.6111361376969224e-10
452.0 1.6111361376969224e-10
453.0 1.6111361376969224e-10
454.0 0.0003082723878833349
455.0 1.6111361376969224e-10
456.0 1.6111361376969224e-10
457.0 1.6111361376969224e-10
458.0 9.027056080412876e-06
459.0 1.6111361376969224e-10
460.0 1.6111361376969224e-10
461.0 1.6111361376969224e-10
462.0 1.6111361376969224e-10
463.0 1.6353207854535867e-05
464.0 0.00044063926907256246
465.0 0.0001745989379742241
466.0 1.6111361376969224e-10
467.0 1.6111361376969224e-10
468.0 1.6111361376969224e-10
469.0 1.6111361376969224e-10
470.0 1.6111361376969224e-10
471.0 1.6111361376969224e-10
472.0 1.6111361376969224e-10
473.0 1.6111361376969224e-10
474.0 1.6111361376969224e-10
475.0 1.6111361376969224e-10
476.0 1.6111361376969224e-10
477.0 1.6111361376969224e-10
478.0 9.904830449158908e-05
479.0 1.6111361376969224e-10
480.0 1.6111361376969224e-10
481.0 1.6111361376969224e-10
482.0 1.6111361376969224e-10
483.0 1.6111361376969224e-10
484.0 1.6111361376969224e-10
485.0 1.6111361376969224e-10
486.0 1.6111361376969224e-10
487.0 1.6111361376969224e-10
488.0 1.6111361376969224e-10
489.0 1.6111361376969224e-10
490.0 1.6111361376969224e-10
491.0 1.6111361376969224e-10
492.0 1.6111361376969224e-10
493.0 1.6830645677146094e-05
494.0 4.87653153413703e-05
495.0 1.6111361376969224e-10
496.0 1.6111361376969224e-10
497.0 1.6111361376969224e-10
498.0 1.6111361376969224e-10
499.0 1.6111361376969224e-10
500.0 1.6111361376969224e-10
501.0 1.6111361376969224e-10
502.0 0.0002713058620429365
503.0 0.0001186980171041796
504.0 1.6111361376969224e-10
505.0 1.6111361376969224e-10
506.0 1.6111361376969224e-10
507.0 1.6111361376969224e-10
508.0 1.6111361376969224e-10
509.0 1.6111361376969224e-10
510.0 1.6111361376969224e-10
511.0 0.00020773413780261762
512.0 0.00045115452849131543
513.0 0.0001330908048657875
514.0 1.6111361376969224e-10
515.0 1.6111361376969224e-10
516.0 6.275579380599083e-05
517.0 1.6111361376969224e-10
518.0 1.6111361376969224e-10
519.0 1.6111361376969224e-10
520.0 1.6111361376969224e-10
521.0 1.6111361376969224e-10
522.0 1.6111361376969224e-10
523.0 1.6111361376969224e-10
524.0 1.6111361376969224e-10
525.0 1.6111361376969224e-10
526.0 1.6111361376969224e-10
527.0 1.6111361376969224e-10
528.0 1.6111361376969224e-10
529.0 1.6111361376969224e-10
530.0 1.6111361376969224e-10
531.0 1.6111361376969224e-10
532.0 1.6111361376969224e-10
533.0 2.930773632670025e-05
534.0 0.0004765912763105007
535.0 0.00011039431910830899
536.0 1.6111361376969224e-10
537.0 1.6111361376969224e-10
538.0 1.6111361376969224e-10
539.0 1.6111361376969224e-10
540.0 1.6111361376969224e-10
541.0 1.6111361376969224e-10
542.0 0.00017398442651028745
543.0 1.6111361376969224e-10
544.0 1.6111361376969224e-10
545.0 1.6111361376969224e-10
546.0 0.00017884567569126375
547.0 0.00011069840866184677
548.0 4.255109331552376e-05
549.0 1.6111361376969224e-10
550.0 1.6111361376969224e-10
551.0 1.6111361376969224e-10
552.0 1.6111361376969224e-10
553.0 1.6111361376969224e-10
554.0 1.6111361376969224e-10
555.0 1.6111361376969224e-10
556.0 1.6111361376969224e-10
557.0 1.6111361376969224e-10
558.0 1.6111361376969224e-10
559.0 1.6111361376969224e-10
560.0 1.6111361376969224e-10
561.0 1.6111361376969224e-10
562.0 7.528587531169251e-06
563.0 1.6111361376969224e-10
564.0 1.6111361376969224e-10
565.0 1.6111361376969224e-10
566.0 1.6111361376969224e-10
567.0 8.851407073962037e-06
568.0 0.00019869351035595173
569.0 0.0002519496774766594
570.0 0.000305205799122632
571.0 0.000265476501226658
572.0 0.0002257471578559489
573.0 0.00034478953239158727
574.0 0.0004638318841898581
575.0 0.0003447143853918533
576.0 0.000225596909331216
577.0 0.00028009383186144987
578.0 0.0003345907771290513
579.0 0.0007300350262084976
580.0 0.001125479320762679
581.0 0.001457768212276278
582.0 0.0017900569218909368
583.0 0.0019163355318596587
584.0 0.00204261395992944
585.0 0.0014282526535680518
586.0 0.0008138912562571932
587.0 0.0006501318239315879
588.0 0.0004863723006565124
589.0 0.0006426450909202686
590.0 0.0007989177902345546
591.0 0.0007209207069536205
592.0 0.0006429236236726865
593.0 0.0005907216745981714
594.0 0.0005385197255236562
595.0 0.000595697974858922
596.0 0.0006528763151436578
597.0 0.000900494706002064
598.0 0.0011481130968604703
599.0 0.0014936224943085108
600.0 0.0018391319827060215
601.0 0.0023165835955296643
602.0 0.002794035572151188
603.0 0.0023483598852180876
604.0 0.001902684562082868
605.0 0.001561843055242207
606.0 0.0012210018212499563
607.0 0.000959973294811789
608.0 0.0006989447228988865
609.0 0.0006298169410001719
610.0 0.000560688977202517
611.0 0.0003395333351363661
612.0 0.00011837769307021517
613.0 0.00040311674638360273
614.0 0.0006878557087475201
615.0 0.0006875644430692773
616.0 0.0006872729954920942
617.0 0.000448642185801873
618.0 0.00021001139884901932
619.0 0.0003447482640694943
620.0 0.0004794851065526018
621.0 0.0005486540885613067
622.0 0.0006178229796205414
623.0 0.0006833109637227608
624.0 0.0007487989478249801
625.0 0.0008555584827263374
626.0 0.0009623179721529596
627.0 0.000939358324103523
628.0 0.0009163985851046164
629.0 0.0010593032129690982
630.0 0.0012022080227325205
631.0 0.0014952623132558074
632.0 0.0017883166947285645
633.0 0.00235797451750841
634.0 0.0029276319764903747
635.0 0.00291151136480039
636.0 0.0028953909350093454
637.0 0.0022961225113249384
638.0 0.001696853905741591
639.0 0.0016449799659312703
640.0 0.0015931062080198899
641.0 0.0014838528841210064
642.0 0.0013745993783231825
643.0 0.0011708930287568364
644.0 0.0009671866791904904
645.0 0.0005332676664693281
646.0 9.934867648553336e-05
647.0 0.00033012877338478575
648.0 0.0005609089839708759
649.0 0.0002682451167856925
650.0 1.6111361376969224e-10
651.0 0.00038469656828965526
652.0 0.0007938119779282715
653.0 0.0012139159480284434
654.0 0.0016340200090780854
655.0 0.0017051834220183082
656.0 0.0017763466530595906
657.0 0.0024655448214616627
658.0 0.003154743171762675
659.0 0.00354278163285926
660.0 0.003930820457753725
661.0 0.0037098037864780053
662.0 0.003488787479000166
663.0 0.002755338209681213
664.0 0.0020218887584633194
665.0 0.001536806666990742
666.0 0.0010517247574171051
667.0 0.0010033177204604726
668.0 0.0009549105925543699
669.0 0.000947698481468251
670.0 0.000940486370382132
671.0 0.0007324023954424774
672.0 0.0005243183295533527
673.0 0.0005896205038879998
674.0 0.0006549226782226469
675.0 0.0009363572644360829
676.0 0.0012177917597000487
677.0 0.0014633940736530349
678.0 0.0017089965695049614
679.0 0.0020535433577606454
680.0 0.00239809032791527
681.0 0.003529350578901358
682.0 0.004660610647988506
683.0 0.0065874359279405326
684.0 0.00851426157169044
685.0 0.00933193150558509
686.0 0.010149602894671261
687.0 0.008683108171680942
688.0 0.00721661708666943
689.0 0.005745773160015233
690.0 0.004274929233361036
691.0 0.00382454672944732
692.0 0.003374163861735724
693.0 0.00302433345495956
694.0 0.0026745026843855157
695.0 0.0021403428036137484
696.0 0.0016061827409430407
697.0 0.001207114473800175
698.0 0.0008080460247583687
699.0 0.0006517272595374379
700.0 0.0004954083578923019
701.0 0.0005018174306314904
702.0 0.0005082264578959439
703.0 0.00046426871449511964
704.0 0.00042031106204376556
705.0 0.0005137409061717335
706.0 0.0006071707048249664
707.0 0.0008143642844515853
708.0 0.0010215575457550585
709.0 0.0009777878403838258
710.0 0.0009340181350125931
711.0 0.0007325810656766407
712.0 0.0005311441327648936
713.0 0.0004944590727973264
714.0 0.00045777410377922934
715.0 0.000520800904268981
716.0 0.0005838277502334677
717.0 0.0006016810857545352
718.0 0.0006195344667503377
719.0 0.0005769999006588478
720.0 0.0005344653800420929
721.0 0.00019940775928262156
722.0 1.6111361376969224e-10
723.0 1.6111361376969224e-10
724.0 1.6111361376969224e-10
725.0 5.7670484920890885e-05
726.0 0.0001659141730669944
727.0 0.00020454663172131404
728.0 0.0002431789198453771
729.0 0.00038294110709102824
730.0 0.0005227032943366794
731.0 0.00034470076570869423
732.0 0.00016669825981807662
733.0 0.000152089398852695
734.0 0.00013748064020546735
735.0 0.00022771291696699336
736.0 0.00031794520509720314
737.0 0.00017096618876166758
738.0 2.3987081476661842e-05
739.0 0.0005516041710507125
740.0 0.0010792212378873955
741.0 0.001233555576618528
742.0 0.0013878898244001903
743.0 0.002177585702156648
744.0 0.002967281579913106
745.0 0.003562958590919152
746.0 0.004158635420026258
747.0 0.004288769923732616
748.0 0.004418904427438974
749.0 0.00404012571380008
750.0 0.003661347000161186
751.0 0.003145018854411319
752.0 0.0026286905267625116
753.0 0.0022799207727075554
754.0 0.0019311506548547186
755.0 0.002016573489527218
756.0 0.002101996142300777
757.0 0.0019613666154327802
758.0 0.0018207370885647833
759.0 0.0015513307516812347
760.0 0.001281924414797686
761.0 0.0010998974175890908
762.0 0.0009178704203804955
763.0 0.0006967222361708991
764.0 0.00047557414291077293
765.0 0.0005480976142280269
766.0 0.0006206210400705459
767.0 0.0007033801466604928
768.0 0.0007861392987251747
769.0 0.0006836836291768122
770.0 0.0005812281415273901
771.0 0.0005213286840444198
772.0 0.00046142931751091965
773.0 0.0004572895250021247
774.0 0.0004531497779680649
775.0 0.0006311073320830474
776.0 0.0008090649316727649
777.0 0.0005719940872950247
778.0 0.0003349233566041221
779.0 0.0006121906608314021
780.0 0.0008894578968465794
781.0 0.000852825087349629
782.0 0.0008161923688021488
783.0 0.0008220104973588604
784.0 0.0008278287168650422
785.0 0.0011291373084532097
786.0 0.0014304459000413772
787.0 0.001061103648680728
788.0 0.0006917613063706085
789.0 0.0007816417564754374
790.0 0.0008715221156307962
791.0 0.0006800038590881741
792.0 0.0004884857389697572
793.0 0.00041266616790380795
794.0 0.0003368465741004911
795.0 0.00022788449314248282
796.0 0.00011892237807842321
797.0 0.00025963017833419144
798.0 0.0004003378762718057
799.0 0.00016023960824895767
800.0 1.6111361376969224e-10
801.0 1.6111361376969224e-10
802.0 1.6111361376969224e-10
803.0 1.038714358969628e-06
804.0 1.7317792355697748e-05
805.0 0.00010118026239069877
806.0 0.00018504281342757167
807.0 5.4049053233029554e-05
808.0 1.6111361376969224e-10
809.0 1.6111361376969224e-10
810.0 2.409578598872031e-05
811.0 0.00016882847830856917
812.0 0.0003135612587357173
813.0 0.00031880840651865583
814.0 0.00032405559977632947
815.0 0.00044652188080362976
816.0 0.0005689882527804002
817.0 0.0004895704023510916
818.0 0.0004101526428712532
819.0 0.0004405697382026119
820.0 0.00047098678805923555
821.0 0.00021198745798756136
822.0 1.6111361376969224e-10
823.0 1.6111361376969224e-10
824.0 1.6111361376969224e-10
825.0 1.6111361376969224e-10
826.0 1.6111361376969224e-10
827.0 1.6111361376969224e-10
828.0 1.6111361376969224e-10
829.0 1.6111361376969224e-10
830.0 1.6111361376969224e-10
831.0 1.6111361376969224e-10
832.0 1.6111361376969224e-10
833.0 1.6111361376969224e-10
834.0 1.6111361376969224e-10
835.0 7.217968231998384e-05
836.0 0.00033558867471583653
837.0 1.6111361376969224e-10
838.0 1.6111361376969224e-10
839.0 1.6111361376969224e-10
840.0 1.6111361376969224e-10
841.0 1.6111361376969224e-10
842.0 9.340816973235633e-05
843.0 1.6111361376969224e-10
844.0 1.6111361376969224e-10
845.0 1.6111361376969224e-10
846.0 1.6111361376969224e-10
847.0 1.6111361376969224e-10
848.0 1.6111361376969224e-10
849.0 1.2917111291699257e-05
850.0 0.00015914029063424096
851.0 0.00022136773623060435
852.0 0.000283595318251173
853.0 0.00014932043086446356
854.0 1.5045607426600327e-05
855.0 1.6111361376969224e-10
856.0 1.6111361376969224e-10
857.0 0.00036325029668660136
858.0 0.000747575904824771
859.0 0.0010977359124808572
860.0 0.0014478958291874733
861.0 0.0013916040188632905
862.0 0.0013353123904380482
863.0 0.0014664661648566835
864.0 0.001597620030224789
865.0 0.0016458254322060384
866.0 0.0016940308341872878
867.0 0.0017237416614079848
868.0 0.0017534524886286817
869.0 0.0018175962395616807
870.0 0.00188174017239362
871.0 0.0017731388652464375
872.0 0.001664537558099255
873.0 0.0018879851268138736
874.0 0.002111433059326373
