lsstCam/transmission_filter_detector/r13_s10/g_6/19700101T000000.ecsv
# %ECSV 1.0
# ---
# datatype:
# - {name: wavelength, unit: nm, datatype: float32}
# - {name: efficiency, unit: '%', datatype: float64}
# meta: !!omap
# - {MODE: DETECTOR}
# - {TYPE: transmission_filter_detector}
# - {CALIBDATE: '1970-01-01T00:00:00'}
# - {INSTRUME: LSSTCam}
# - {OBSTYPE: transmission_filter_detector}
# - {CALIBCLS: lsst.ip.isr.IntermediateFilterDetectorTransmissionCurve}
# - {SOURCE: Materion (DM-46256)}
# - {DETECTOR: 57}
# - {FILTER: g_6}
# - {CALIB_ID: 'calibDate=1970-01-01T00:00:00 filter=g_6 detector=57'}
# - {DATE: '2025-04-02T15:59:42.291052'}
# - {CALIB_CREATION_DATE: '2025-04-02'}
# - {CALIB_CREATION_TIME: '15:59:42'}
# - __serialized_columns__:
#     efficiency:
#       __class__: astropy.units.quantity.Quantity
#       unit: !astropy.units.Unit {unit: '%'}
#       value: !astropy.table.SerializedColumn {name: efficiency}
#     wavelength:
#       __class__: astropy.units.quantity.Quantity
#       unit: !astropy.units.Unit {unit: nm}
#       value: !astropy.table.SerializedColumn {name: wavelength}
# schema: astropy-2.0
wavelength efficiency
[from data line 608]
908.0 0.00048205588427663315
909.0 0.0003868948624585755
910.0 0.00042335641410318203
911.0 0.00045981792027305346
912.0 0.0005121431513543939
913.0 0.0005644682914862642
914.0 0.00033673927646304946
915.0 0.00010901029554588604
916.0 0.0001793188516785449
917.0 0.00024962739644251997
918.0 0.00027037337986257626
919.0 0.000291119340545265
920.0 0.00036548558455251623
921.0 0.00043985187403450254
922.0 0.0005334034085535677
923.0 0.0006269549430726329
924.0 0.000597218513576081
925.0 0.0005674820386047941
926.0 0.0005851863988937112
927.0 0.0006028908501320984
928.0 0.0005399469955591485
929.0 0.00047700323193566874
930.0 0.0005389753368945094
931.0 0.0006009474873280851
932.0 0.0005622699063678738
933.0 0.0005235923254076624
934.0 0.0005311857876222348
935.0 0.000538779204362072
936.0 0.0004850357072427869
937.0 0.0004312922555982368
938.0 0.0005800318376714131
939.0 0.0007287714652193245
940.0 0.0006540095455420669
941.0 0.000579247443965869
942.0 0.0006995957392064156
943.0 0.0008199440344469622
944.0 0.0007087786343618063
945.0 0.0005976130523777101
946.0 0.0006065330126148183
947.0 0.0006154528364277212
948.0 0.0010173977898375597
949.0 0.0014193428796716034
950.0 0.0012027737284370232
951.0 0.000986204577202443
952.0 0.0010009393008658662
953.0 0.0010156740245292895
954.0 0.000837448715174105
955.0 0.0006592235422431258
956.0 0.0006883941296109697
957.0 0.0007175644896051381
958.0 0.0008143857485265471
959.0 0.0009112070983974263
960.0 0.0007067913429636974
961.0 0.0005023755420552334
962.0 0.000549241622138652
963.0 0.0005961076567473356
964.0 0.0006633963948843302
965.0 0.0007306849511223845
966.0 0.0007851806913095061
967.0 0.0008396764314966276
968.0 0.0008107374014798552
969.0 0.0007817984624125529
970.0 0.0007473076948372182
971.0 0.0007128168817871483
972.0 0.0008000934940355364
973.0 0.0008873700608091895
974.0 0.0007781692147545982
975.0 0.0006689685960736824
976.0 0.000713724693923723
977.0 0.000758481064622174
978.0 0.0008483406418235973
979.0 0.0009382001735502854
980.0 0.0009985182259697467
981.0 0.001058836278389208
982.0 0.0009805261470319238
983.0 0.0009022160156746395
984.0 0.000927125529415207
985.0 0.000952035316004185
986.0 0.0011168066521349829
987.0 0.0012815778973163106
988.0 0.0012522400538728107
989.0 0.0012229020285303704
990.0 0.0013007878806092776
991.0 0.001378673823637655
992.0 0.0013363929610932246
993.0 0.0012941121894982643
994.0 0.0013175742424209602
995.0 0.0013410363862931263
996.0 0.0012426346074789762
997.0 0.0011442328286648262
998.0 0.0013305275388120208
999.0 0.0015168223399086855
1000.0 0.001379354034725111
1001.0 0.001241885547642596
1002.0 0.0011466182513686363
1003.0 0.0010513508641452063
1004.0 0.001093378432415193
1005.0 0.0011354059097357094
1006.0 0.0013782783753413241
1007.0 0.0016211508409469388
1008.0 0.0016168283764272928
1009.0 0.0016125064576044679
1010.0 0.0017694170310278423
1011.0 0.0019263281501480378
1012.0 0.002047022462647874
1013.0 0.0021677171389455907
1014.0 0.002148608837160282
1015.0 0.0021295007172739133
1016.0 0.0024780305466265418
1017.0 0.0028265605578781106
1018.0 0.003123388160020113
1019.0 0.0034202159440610558
1020.0 0.003523204577504657
1021.0 0.0036261932109482586
1022.0 0.00385894272767473
1023.0 0.004091692971996963
1024.0 0.004262060974724591
1025.0 0.004432429341250099
1026.0 0.004649770926334895
1027.0 0.0048671121476218104
1028.0 0.004873177385888994
1029.0 0.004879242624156177
1030.0 0.005085360680823214
1031.0 0.005291478373692371
1032.0 0.005600084114121273
1033.0 0.005908689854550175
1034.0 0.00570311640331056
1035.0 0.005497542952070944
1036.0 0.005539583435165696
1037.0 0.005581623554462567
1038.0 0.005827475979458541
1039.0 0.006073328768252395
1040.0 0.0064954911067616194
1041.0 0.006917652353877202
1042.0 0.0070120855525601655
1043.0 0.007106518023647368
1044.0 0.007526626723119989
1045.0 0.007946733239805326
1046.0 0.008885305578587577
1047.0 0.009823876462178305
1048.0 0.011303927021799609
1049.0 0.012783975398633629
1050.0 0.015369777975138277
1051.0 0.0179555790964514
1052.0 0.02176892594434321
1053.0 0.025582281523384154
1054.0 0.030600425088778138
1055.0 0.03561857156455517
1056.0 0.042727607069537044
1057.0 0.04983663675375283
1058.0 0.057796493638306856
1059.0 0.0657563447020948
1060.0 0.07346848142333329
1061.0 0.08118059486150742
1062.0 0.08866366697475314
1063.0 0.09614670998416841
1064.0 0.10258328402414918
1065.0 0.10901984060183167
1066.0 0.1159213948994875
1067.0 0.12282294919714332
1068.0 0.13055956223979592
1069.0 0.13829621020704508
1070.0 0.14886914286762476
1071.0 0.15944207552820444
1072.0 0.1705964677967131
1073.0 0.18175083678215742
1074.0 0.19287336617708206
1075.0 0.2039959654211998
1076.0 0.21552890539169312
1077.0 0.22706184536218643
1078.0 0.23981919512152672
1079.0 0.2525764983147383
1080.0 0.26952363550662994
1081.0 0.2864707726985216
1082.0 0.31519317999482155
1083.0 0.3439156338572502
1084.0 0.38448995910584927
1085.0 0.42506433092057705
1086.0 0.46148886904120445
1087.0 0.49791340716183186
1088.0 0.5628821905702353
1089.0 0.6278509739786386
1090.0 0.70719956420362
1091.0 0.7865481078624725
1092.0 0.8214029483497143
1093.0 0.8562574163079262
1094.0 0.9017543867230415
1095.0 0.9472510777413845
1096.0 1.0066988877952099
1097.0 1.0661468841135502
1098.0 1.1153314262628555
1099.0 1.1645161546766758
1100.0 1.3705209828913212
1101.0 1.5765255317091942
