lsstCam/transmission_filter_detector/r13_s10/g_6/19700101T000000.ecsv
# %ECSV 1.0
# ---
# datatype:
# - {name: wavelength, unit: nm, datatype: float32}
# - {name: efficiency, unit: '%', datatype: float64}
# meta: !!omap
# - {MODE: DETECTOR}
# - {TYPE: transmission_filter_detector}
# - {CALIBDATE: '1970-01-01T00:00:00'}
# - {INSTRUME: LSSTCam}
# - {OBSTYPE: transmission_filter_detector}
# - {CALIBCLS: lsst.ip.isr.IntermediateFilterDetectorTransmissionCurve}
# - {SOURCE: Materion (DM-46256)}
# - {DETECTOR: 57}
# - {FILTER: g_6}
# - {CALIB_ID: 'calibDate=1970-01-01T00:00:00 filter=g_6 detector=57'}
# - {DATE: '2025-04-02T15:59:42.291052'}
# - {CALIB_CREATION_DATE: '2025-04-02'}
# - {CALIB_CREATION_TIME: '15:59:42'}
# - __serialized_columns__:
#     efficiency:
#       __class__: astropy.units.quantity.Quantity
#       unit: !astropy.units.Unit {unit: '%'}
#       value: !astropy.table.SerializedColumn {name: efficiency}
#     wavelength:
#       __class__: astropy.units.quantity.Quantity
#       unit: !astropy.units.Unit {unit: nm}
#       value: !astropy.table.SerializedColumn {name: wavelength}
# schema: astropy-2.0
wavelength efficiency
300.0 0.5059574730694294
301.0 0.37552269641309977
302.0 0.2450878731906414
303.0 0.2188266720622778
304.0 0.19256544765084982
305.0 0.20426379051059484
306.0 0.2159621100872755
307.0 0.2224581316113472
308.0 0.22895410656929016
309.0 0.22391851525753736
310.0 0.21888294722884893
311.0 0.21139336749911308
312.0 0.20390378776937723
313.0 0.20141901914030313
314.0 0.19893422722816467
315.0 0.18914222018793225
316.0 0.17935024807229638
317.0 0.17856635386124253
318.0 0.17778248293325305
319.0 0.1621839706785977
320.0 0.14658542349934578
321.0 0.1401316374540329
322.0 0.13367782812565565
323.0 0.11422428069636226
324.0 0.09477078565396369
325.0 0.08684716885909438
326.0 0.07892355206422508
327.0 0.0714822206646204
328.0 0.06404087762348354
329.0 0.061305786948651075
330.0 0.05857068463228643
331.0 0.054473523050546646
332.0 0.05037636146880686
333.0 0.04706022155005485
334.0 0.04374408454168588
335.0 0.04245870222803205
336.0 0.041173319914378226
337.0 0.04165516293141991
338.0 0.04213700594846159
339.0 0.04069281567353755
340.0 0.03924862539861351
341.0 0.03756002988666296
342.0 0.03587143437471241
343.0 0.03238292993046343
344.0 0.028894428396597505
345.0 0.025494900182820857
346.0 0.022095376334618777
347.0 0.02093795483233407
348.0 0.01978053041966632
349.0 0.01812073023756966
350.0 0.640238868072629
351.0 1.2644348666071892
352.0 0.8659832179546356
353.0 1.008132193237543
354.0 0.7233159616589546
355.0 0.8391079492866993
356.0 0.5419647786766291
357.0 0.8300122804939747
358.0 0.5282341036945581
359.0 0.7801457308232784
360.0 0.7395978085696697
361.0 0.8234458975493908
362.0 0.4127081949263811
363.0 0.806149560958147
364.0 0.49571720883250237
365.0 0.8424589410424232
366.0 0.5268367473036051
367.0 0.6523866672068834
368.0 0.5779123865067959
369.0 0.6307927891612053
370.0 0.46213562600314617
371.0 0.5795398261398077
372.0 0.4810089245438576
373.0 0.5831360351294279
374.0 0.41141752153635025
375.0 0.5712827667593956
376.0 0.4579072818160057
377.0 0.5773397628217936
378.0 0.45215263962745667
379.0 0.6215109955519438
380.0 0.3823935054242611
381.0 0.5151040386408567
382.0 0.5224063526839018
383.0 0.537374010309577
384.0 0.5451034288853407
385.0 0.6466676015406847
386.0 0.6268327590078115
387.0 0.7307485211640596
388.0 0.8975403383374214
389.0 1.235597487539053
390.0 1.7009375616908073
391.0 2.631925418972969
392.0 4.170125722885132
393.0 6.579404324293137
394.0 9.967651218175888
395.0 14.571306109428406
396.0 20.325559377670288
397.0 27.474957704544067
398.0 35.97519099712372
399.0 45.18003463745117
400.0 54.63295578956604
401.0 63.804447650909424
402.0 72.2937285900116
403.0 79.63420152664185
404.0 84.98847484588623
405.0 89.07998204231262
406.0 91.37795567512512
407.0 93.29906105995178
408.0 94.34574842453003
409.0 94.90335583686829
410.0 95.09737491607666
411.0 94.96136903762817
412.0 94.59741711616516
413.0 94.3852961063385
414.0 94.22036409378052
415.0 94.29941177368164
416.0 94.7369396686554
417.0 95.02751231193542
418.0 95.53533792495728
419.0 96.13839387893677
420.0 96.681147813797
421.0 97.22432494163513
422.0 97.36321568489075
423.0 97.55080938339233
424.0 97.42488265037537
425.0 97.27150201797485
426.0 97.29570746421814
427.0 97.30845093727112
428.0 97.10894227027893
429.0 96.95062637329102
430.0 96.72722816467285
431.0 96.76123857498169
432.0 96.70289754867554
433.0 96.84938788414001
434.0 96.95433378219604
435.0 97.10984826087952
436.0 97.19257950782776
437.0 97.15872406959534
438.0 97.24631309509277
439.0 97.33107089996338
440.0 97.31471538543701
441.0 97.43227958679199
442.0 97.43207097053528
443.0 97.41346836090088
444.0 97.35274910926819
445.0 97.13585376739502
446.0 96.97248339653015
447.0 96.75898551940918
448.0 96.82045578956604
449.0 97.03817367553711
450.0 97.2513496875763
451.0 97.42701053619385
452.0 97.6686179637909
453.0 97.74628281593323
454.0 97.79866933822632
455.0 98.06329607963562
456.0 98.17578196525574
457.0 98.2922911643982
458.0 98.29409718513489
459.0 98.34334254264832
460.0 98.38986396789551
461.0 98.53387475013733
462.0 98.43996167182922
463.0 98.36704134941101
464.0 98.50003123283386
465.0 98.40518236160278
466.0 98.39093685150146
467.0 98.434317111969
468.0 98.44207763671875
469.0 98.50345253944397
470.0 98.33158850669861
471.0 98.22679162025452
472.0 98.25173616409302
473.0 98.15247654914856
474.0 98.02154898643494
475.0 98.08880686759949
476.0 98.058021068573
477.0 98.08657765388489
478.0 98.21476936340332
479.0 98.17450642585754
480.0 98.33492040634155
481.0 98.39069843292236
482.0 98.57602119445801
483.0 98.47780466079712
484.0 98.62344861030579
485.0 98.66359829902649
486.0 98.71147871017456
487.0 98.7765908241272
488.0 98.7142264842987
489.0 98.80006909370422
490.0 98.78644943237305
491.0 98.80250692367554
492.0 98.6844003200531
493.0 98.68224859237671
494.0 98.66775870323181
495.0 98.67826104164124
496.0 98.48923087120056
497.0 98.42594861984253
498.0 98.21274280548096
499.0 98.28419089317322
500.0 98.20797443389893
501.0 98.17686080932617
502.0 98.03668856620789
503.0 98.16448092460632
504.0 98.01899790763855
505.0 98.05798530578613
506.0 98.12614917755127
507.0 98.04695844650269
508.0 98.06687235832214
509.0 98.03707003593445
510.0 97.95892834663391
511.0 97.98805117607117
512.0 97.8422224521637
513.0 97.94967770576477
514.0 97.96197414398193
515.0 97.97264337539673
516.0 98.08434844017029
517.0 98.07700514793396
518.0 98.14033508300781
519.0 98.12548756599426
520.0 98.20656180381775
521.0 98.3338713645935
522.0 98.32902550697327
523.0 98.29838275909424
524.0 98.40099215507507
525.0 98.35787415504456
526.0 98.48465323448181
527.0 98.49041700363159
528.0 98.57076406478882
529.0 98.6351490020752
530.0 98.65900874137878
531.0 98.81397485733032
532.0 98.69552254676819
533.0 98.68021607398987
534.0 98.70743751525879
535.0 98.50978255271912
536.0 98.1513500213623
537.0 97.63009548187256
538.0 96.82939052581787
539.0 95.44366002082825
540.0 93.67205500602722
541.0 91.02306365966797
542.0 88.25677037239075
543.0 84.5707893371582
544.0 79.91652488708496
545.0 75.83333253860474
546.0 70.86001634597778
547.0 66.23620986938477
548.0 61.62765026092529
549.0 57.500165700912476
550.0 54.21765446662903
551.0 51.073479652404785
552.0 48.6878365278244
553.0 46.20903730392456
554.0 43.322327733039856
555.0 40.12371599674225
556.0 35.88933050632477
557.0 30.982422828674316
558.0 25.595277547836304
559.0 20.264950394630432
560.0 15.077230334281921
561.0 10.307348519563675
562.0 6.6430822014808655
563.0 3.916628658771515
564.0 2.151547558605671
565.0 1.0622079484164715
566.0 0.5599446129053831
567.0 0.28654802590608597
568.0 0.17674799310043454
569.0 0.10720834834501147
570.0 0.08560526184737682
571.0 0.05823347601108253
572.0 0.05448766169138253
573.0 0.04359666781965643
574.0 0.04840768233407289
575.0 0.03198851190973073
576.0 0.04741778539028019
577.0 0.025092464056797326
578.0 0.028415484121069312
579.0 0.025138756609521806
580.0 0.03246950218454003
581.0 0.02292001008754596
582.0 0.025314101367257535
583.0 0.019767785852309316
584.0 0.02255649451399222
585.0 0.015098456060513854
586.0 0.03441862354520708
587.0 0.021187389211263508
588.0 0.021124132035765797
589.0 0.016572224558331072
590.0 0.009592847345629707
591.0 0.017543858848512173
592.0 0.010812233813339844
593.0 0.00863439854583703
594.0 0.01891085266834125
595.0 0.013322944869287312
596.0 0.01856399030657485
597.0 0.013564579421654344
598.0 0.011824799003079534
599.0 0.007093842577887699
600.0 0.006049343573977239
601.0 0.0026681886083679274
602.0 0.0025907465897034854
603.0 0.0025133042072411627
604.0 0.0022934524167794734
605.0 0.002073600990115665
606.0 0.00213055573112797
607.0 0.0021875101083423942
608.0 0.001923670424730517
609.0 0.0016598307411186397
610.0 0.0018882896256400272
611.0 0.002116748146363534
612.0 0.001923208219523076
613.0 0.0017296684745815583
614.0 0.001803881059458945
615.0 0.0018780941900331527
616.0 0.001969506593013648
617.0 0.002060918995994143
618.0 0.0019226894437451847
619.0 0.0017844600733951665
620.0 0.0017255961211048998
621.0 0.0016667323507135734
622.0 0.001595786670804955
623.0 0.0015248408999468666
624.0 0.0015288695067283697
625.0 0.001532898204459343
626.0 0.0014445767192228232
627.0 0.001356255597784184
628.0 0.0014523483514494728
629.0 0.0015484416508115828
630.0 0.0014326405107567552
631.0 0.0013168389159545768
632.0 0.0014763726539968047
633.0 0.0016359059372916818
634.0 0.0015345563951996155
635.0 0.0014332063074107282
636.0 0.001416701798007125
637.0 0.0014001977433508728
638.0 0.0014302127055998426
639.0 0.001460227485949872
640.0 0.00127916146084317
641.0 0.0010980950719385874
642.0 0.001370467543893028
643.0 0.001642840106796939
644.0 0.0014657406609330792
645.0 0.0012886408512713388
646.0 0.0013318242963578086
647.0 0.0013750078323937487
648.0 0.0012516490642155986
649.0 0.001128290023189038
650.0 0.00127700177472434
651.0 0.0014257127986638807
652.0 0.0012448661436792463
653.0 0.0010640195796440821
654.0 0.0011333700058457907
655.0 0.00120272079584538
656.0 0.0012698290447588079
657.0 0.0013369373846217059
658.0 0.001180916115117725
659.0 0.001024895300361095
660.0 0.0009353272616863251
661.0 0.0008457590411126148
662.0 0.0009929839507094584
663.0 0.0011402090422052424
664.0 0.0011916764378838707
665.0 0.0012431435607140884
666.0 0.001168375092674978
667.0 0.001093606260837987
668.0 0.0012080381566192955
669.0 0.0013224699614511337
670.0 0.0012596644410223234
671.0 0.0011968589205935132
672.0 0.0011864402949868236
673.0 0.0011760214874811936
674.0 0.0011578952580748592
675.0 0.0011397689377190545
676.0 0.0010911688150372356
677.0 0.001042568328557536
678.0 0.0011409432772779837
679.0 0.0012393182259984314
680.0 0.0011377501323295292
681.0 0.0010361818567616865
682.0 0.0010700393431761768
683.0 0.0011038967386411969
684.0 0.0009734248124004807
685.0 0.0008429528861597646
686.0 0.0010014514373324346
687.0 0.0011599500794545747
688.0 0.0011780605746025685
689.0 0.0011961711607000325
690.0 0.0010979169928759802
691.0 0.0009996626431529876
692.0 0.0009810660230868962
693.0 0.0009624694030208047
694.0 0.00106769148260355
695.0 0.001172913471236825
696.0 0.0011866706699947827
697.0 0.0012004275049548596
698.0 0.0013178312656236812
699.0 0.0014352350262925029
700.0 0.0012326478099566884
701.0 0.0010300605026714038
702.0 0.001175461511593312
703.0 0.00132086242956575
704.0 0.0013181918802729342
705.0 0.0013155212400306482
706.0 0.0011861796338052955
707.0 0.0010568383913778234
708.0 0.0010592782018647995
709.0 0.001061718285200186
710.0 0.0011860931408591568
711.0 0.0013104682693665382
712.0 0.0012438866178854369
713.0 0.0011773050573538058
714.0 0.00124932075777906
715.0 0.0013213366401032545
716.0 0.0015314475604100153
717.0 0.0017415588445146568
718.0 0.001974911538127344
719.0 0.0022082642317400314
720.0 0.0018337816072744317
721.0 0.001459298982808832
722.0 0.001594847890373785
723.0 0.0017303971617366187
724.0 0.0017156928151962347
725.0 0.00170098810485797
726.0 0.0018401206034468487
727.0 0.001979252920136787
728.0 0.0020639139620470814
729.0 0.0021485751858563162
730.0 0.0020983838112442754
731.0 0.002048192618531175
732.0 0.0018654222003533505
733.0 0.001682651782175526
734.0 0.0015042596714920364
735.0 0.0013258678336569574
736.0 0.0011729304787877481
737.0 0.0010199929420195986
738.0 0.0009915193913911935
739.0 0.0009630456588638481
740.0 0.0008819580216368195
741.0 0.0008008702025108505
742.0 0.0007957379239087459
743.0 0.0007906056453066412
744.0 0.0009493972356722225
745.0 0.0011081890988862142
746.0 0.0010918542102444917
747.0 0.0010755195035017096
748.0 0.0011455928870418575
749.0 0.0012156664524809457
750.0 0.0009718984983919654
751.0 0.0007281309081008658
752.0 0.0007173853646236239
753.0 0.0007066400030453224
754.0 0.0008861565220286138
755.0 0.0010656731319613755
756.0 0.000974563772615511
757.0 0.0008834545042191166
758.0 0.000852192533784546
759.0 0.000820930927147856
760.0 0.0006506940280814888
761.0 0.0004804570835403865
762.0 0.0006124902938609011
763.0 0.0007445233222824754
764.0 0.000830718272482045
765.0 0.0009169135410047602
766.0 0.0008419859113928396
767.0 0.0007670582817809191
768.0 0.0005937567948421929
769.0 0.0004204551714792615
770.0 0.0003280107648606645
771.0 0.00023556638097943505
772.0 0.00045976339606568217
773.0 0.0006839606157882372
774.0 0.0008164242899511009
775.0 0.0009488881914876401
776.0 0.0008750903361942619
777.0 0.0008012924809008837
778.0 0.0006797910373279592
779.0 0.0005582896847045049
780.0 0.0005836681793880416
781.0 0.0006090466285968432
782.0 0.0006407845376088517
783.0 0.0006725223101966549
784.0 0.000799045756139094
785.0 0.000925569111132063
786.0 0.0007382903731922852
787.0 0.0005510119081009179
788.0 0.00040568770600657444
789.0 0.00026036359486170113
790.0 0.00021281468889355892
791.0 0.00016526573745068163
792.0 0.00019746571524592582
793.0 0.00022966569304117002
794.0 0.0002676466010598233
795.0 0.0003056275090784766
796.0 0.0004151729172008345
797.0 0.0005247183707979275
798.0 0.000486630142404465
799.0 0.0004485419594857376
800.0 0.0004887214345217217
801.0 0.000528901045981911
802.0 0.0004084911324753193
803.0 0.00028808137813030044
804.0 0.00032123373330250615
805.0 0.0003543862021615496
806.0 0.00037065740343678044
807.0 0.0003869286501867464
808.0 0.0004425860879564425
809.0 0.0004982435712008737
810.0 0.0003437976829445688
811.0 0.00018935178331958014
812.0 0.00027329376734996913
813.0 0.0003572356717995717
814.0 0.00047916887524479534
815.0 0.0006011020559526514
816.0 0.0006033436420693761
817.0 0.0006055850462871604
818.0 0.0004290669494366739
819.0 0.00025254892079829006
820.0 0.00046715617827430833
821.0 0.0006817632765887538
822.0 0.0005080385562905576
823.0 0.00033431385872972896
824.0 0.0003873531568387989
825.0 0.0004403923412610311
826.0 0.0005930658062425209
827.0 0.0007457391802745406
828.0 0.0006345039309962885
829.0 0.0005232686362433014
830.0 0.0004801115210284479
831.0 0.00043695440581359435
832.0 0.0005805369255540427
833.0 0.0007241193543450208
834.0 0.0005518488251254894
835.0 0.000379578341380693
836.0 0.00048204260565398727
837.0 0.0005845069154020166
838.0 0.00043723762246372644
839.0 0.0002899683522628038
840.0 0.00043045452002843376
841.0 0.0005709406650566962
842.0 0.000320593949254544
843.0 7.024709134384466e-05
844.0 0.0001880077775240352
845.0 0.0003057684807572514
846.0 0.00048308643272321206
847.0 0.0006604044756386429
848.0 0.000580781807002495
849.0 0.0005011591383663472
850.0 0.0004871576948062284
851.0 0.0004731562057713745
852.0 0.0004808285211765906
853.0 0.0004885004727839259
854.0 0.0005426290954346769
855.0 0.0005967575816612225
856.0 0.0006556182597705629
857.0 0.0007144789833546383
858.0 0.00059527374105528
859.0 0.0004760685897053918
860.0 0.0005466288712341338
861.0 0.0006171891072881408
862.0 0.0005256882559478981
863.0 0.00043418745008239057
864.0 0.0004322572294768179
865.0 0.0004303269633965101
866.0 0.0004753923349198885
867.0 0.000520457751918002
868.0 0.000646268563286867
869.0 0.000772079420130467
870.0 0.0006137220225355122
871.0 0.00045536448851635214
872.0 0.00035427408420218853
873.0 0.00025318354346381966
874.0 0.0003529147079461836
875.0 0.0004526458724285476
876.0 0.0006098461199144367
877.0 0.0007670463674003258
878.0 0.0007268491572176572
879.0 0.0006866518560855184
880.0 0.0007080085197230801
881.0 0.0007293655016837874
882.0 0.0006763654710084666
883.0 0.0006233658041310264
884.0 0.0006153253707452677
885.0 0.0006072851192584494
886.0 0.0006528009180328809
887.0 0.0006983169896557229
888.0 0.0005890411557629704
889.0 0.0004797654582944233
890.0 0.000529084172740113
891.0 0.000578403069084743
892.0 0.0005509864422492683
893.0 0.0005235699063632637
894.0 0.00046661466512887273
895.0 0.0004096594693692168
896.0 0.00027062869776273146
897.0 0.00013159790341887856
898.0 0.0002694410341064213
899.0 0.00040728414205659647
900.0 0.0003264941142333555
901.0 0.00024570404093537945
902.0 0.0004803009687748272
903.0 0.00071489794208901
904.0 0.00037579418403765885
905.0 3.6690352089863154e-05
906.0 0.0003069536887778668
