lsstCam/transmission_filter_detector/r21_s11/i_39/19700101T000000.ecsv
# %ECSV 1.0
# ---
# datatype:
# - {name: wavelength, unit: nm, datatype: float32}
# - {name: efficiency, unit: '%', datatype: float64}
# meta: !!omap
# - {MODE: DETECTOR}
# - {TYPE: transmission_filter_detector}
# - {CALIBDATE: '1970-01-01T00:00:00'}
# - {INSTRUME: LSSTCam}
# - {OBSTYPE: transmission_filter_detector}
# - {CALIBCLS: lsst.ip.isr.IntermediateFilterDetectorTransmissionCurve}
# - {SOURCE: Materion (DM-46256)}
# - {DETECTOR: 85}
# - {FILTER: i_39}
# - {CALIB_ID: 'calibDate=1970-01-01T00:00:00 filter=i_39 detector=85'}
# - {DATE: '2025-04-02T15:59:46.874329'}
# - {CALIB_CREATION_DATE: '2025-04-02'}
# - {CALIB_CREATION_TIME: '15:59:46'}
# - __serialized_columns__:
#     efficiency:
#       __class__: astropy.units.quantity.Quantity
#       unit: !astropy.units.Unit {unit: '%'}
#       value: !astropy.table.SerializedColumn {name: efficiency}
#     wavelength:
#       __class__: astropy.units.quantity.Quantity
#       unit: !astropy.units.Unit {unit: nm}
#       value: !astropy.table.SerializedColumn {name: wavelength}
# schema: astropy-2.0
wavelength efficiency
[from data line 599]
899.0 1.583631554884224e-10
900.0 1.583631554884224e-10
901.0 1.583631554884224e-10
902.0 1.583631554884224e-10
903.0 1.583631554884224e-10
904.0 2.3891070100034995e-05
905.0 6.606098281736195e-05
906.0 0.00010823089269251795
907.0 0.00016040577293097158
908.0 0.0002125806531694252
909.0 5.3871275440542377e-05
910.0 1.583631554884224e-10
911.0 3.9361754033961915e-05
912.0 0.0001835615989875805
913.0 0.00014215833061825833
914.0 0.00010075503951156861
915.0 5.626534615998935e-06
916.0 1.583631554884224e-10
917.0 1.583631554884224e-10
918.0 1.583631554884224e-10
919.0 1.583631554884224e-10
920.0 3.884418902089237e-05
921.0 5.8980384665119345e-05
922.0 7.911656894066255e-05
923.0 1.9265665684997657e-05
924.0 1.583631554884224e-10
925.0 0.00011833393500637612
926.0 0.00027725309337256476
927.0 2.742063429650443e-05
928.0 1.583631554884224e-10
929.0 1.583631554884224e-10
930.0 0.00022123742837720783
931.0 0.00015769927586006816
932.0 9.416109492121905e-05
933.0 1.583631554884224e-10
934.0 1.583631554884224e-10
935.0 1.583631554884224e-10
936.0 1.583631554884224e-10
937.0 1.583631554884224e-10
938.0 1.583631554884224e-10
939.0 1.583631554884224e-10
940.0 1.583631554884224e-10
941.0 1.583631554884224e-10
942.0 1.583631554884224e-10
943.0 1.583631554884224e-10
944.0 1.583631554884224e-10
945.0 1.583631554884224e-10
946.0 1.583631554884224e-10
947.0 1.583631554884224e-10
948.0 0.00012107307156838942
949.0 1.583631554884224e-10
950.0 1.583631554884224e-10
951.0 1.583631554884224e-10
952.0 1.583631554884224e-10
953.0 1.583631554884224e-10
954.0 1.583631554884224e-10
955.0 1.583631554884224e-10
956.0 1.583631554884224e-10
957.0 4.888973421657283e-05
958.0 0.00012548508721010876
959.0 8.591215987507894e-05
960.0 4.6339232540049125e-05
961.0 4.5810088522557635e-05
962.0 4.5280944505066145e-05
963.0 4.282047427750513e-05
964.0 4.036003247165354e-05
965.0 1.583631554884224e-10
966.0 1.583631554884224e-10
967.0 1.583631554884224e-10
968.0 1.583631554884224e-10
969.0 1.583631554884224e-10
970.0 1.583631554884224e-10
971.0 1.583631554884224e-10
972.0 1.583631554884224e-10
973.0 1.583631554884224e-10
974.0 0.00011001052371284459
975.0 1.5128968300359702e-05
976.0 1.583631554884224e-10
977.0 1.583631554884224e-10
978.0 1.583631554884224e-10
979.0 1.583631554884224e-10
980.0 1.583631554884224e-10
981.0 1.583631554884224e-10
982.0 1.583631554884224e-10
983.0 1.583631554884224e-10
984.0 1.583631554884224e-10
985.0 3.316447987344873e-05
986.0 0.00012279116390345735
987.0 1.583631554884224e-10
988.0 1.583631554884224e-10
989.0 1.583631554884224e-10
990.0 1.993051910176291e-05
991.0 5.572856665025938e-06
992.0 1.583631554884224e-10
993.0 1.0126829153023209e-05
994.0 2.9038463367214717e-05
995.0 2.1829926311056624e-05
996.0 1.462137788621476e-05
997.0 6.848804332548752e-05
998.0 0.00012235468602739275
999.0 0.00020600921288860263
1000.0 0.000289663717012445
1001.0 0.00024186529117287137
1002.0 0.0001940668425959302
1003.0 0.00016070174524429603
1004.0 0.00012733661378661054
1005.0 5.767262223344005e-05
1006.0 1.583631554884224e-10
1007.0 0.00012088506764484919
1008.0 0.000253761595558899
1009.0 0.0002510542572053964
1010.0 0.00024834685063979123
1011.0 0.00024721509817027254
1012.0 0.0002460832774886512
1013.0 0.00025676779387140414
1014.0 0.00026745231025415706
1015.0 0.0003218318624931271
1016.0 0.00037621146020683227
1017.0 0.0003756042360691936
1018.0 0.0003749970801436575
1019.0 0.00019745455119846156
1020.0 1.9911983883957873e-05
1021.0 3.929989418338664e-05
1022.0 5.868781727258465e-05
1023.0 0.0003103112248936668
1024.0 0.0005619347120955354
1025.0 0.0005059625436842907
1026.0 0.000449990329798311
1027.0 0.0004372177045297576
1028.0 0.00042444503378646914
1029.0 0.0008882628208084498
1030.0 0.0013520805623556953
1031.0 0.0017904636479215696
1032.0 0.0022288460968411528
1033.0 0.002441441756673157
1034.0 0.0026540368708083406
1035.0 0.003231515802326612
1036.0 0.0038089947338448837
1037.0 0.0035846423998009413
1038.0 0.0033602904295548797
1039.0 0.0031132993171922863
1040.0 0.002866308386728633
1041.0 0.002638897785800509
1042.0 0.0024114873667713255
1043.0 0.00290612497337861
1044.0 0.0034007625799858943
1045.0 0.0032090520107885823
1046.0 0.0030173416234902106
1047.0 0.0029342643756535836
1048.0 0.002851186945918016
1049.0 0.0025091032512136735
1050.0 0.002167019556509331
1051.0 0.0020299426978453994
1052.0 0.0018928658391814679
1053.0 0.0013565760127676185
1054.0 0.0008202863682527095
1055.0 0.0009285442502005026
1056.0 0.0010368021321482956
1057.0 0.0007202683718787739
1058.0 0.00040373474803345744
1059.0 0.0005400358077167766
1060.0 0.0006763370492990362
1061.0 0.0011407603778934572
1062.0 0.0016051839338615537
1063.0 0.0021594445570372045
1064.0 0.002713704998313915
1065.0 0.003305606878711842
1066.0 0.0038975085772108287
1067.0 0.0045722808863502
1068.0 0.005247053923085332
1069.0 0.004500160503084771
1070.0 0.0037532670830842108
1071.0 0.0037072026316309348
1072.0 0.0036611374525818974
1073.0 0.0034167376725235954
1074.0 0.0031723378924652934
1075.0 0.0034708406019490212
1076.0 0.0037693429476348683
1077.0 0.0030577837605960667
1078.0 0.002346224027860444
1079.0 0.002356257027713582
1080.0 0.00236629020946566
1081.0 0.0013759833564108703
1082.0 0.0003856768216792261
1083.0 0.00011228198673052248
1084.0 1.583631554884224e-10
1085.0 9.881501910058432e-05
1086.0 0.0003587431365303928
1087.0 1.583631554884224e-10
1088.0 1.583631554884224e-10
1089.0 1.583631554884224e-10
1090.0 1.583631554884224e-10
1091.0 1.583631554884224e-10
1092.0 0.00010817249176398036
1093.0 1.583631554884224e-10
1094.0 1.583631554884224e-10
1095.0 1.583631554884224e-10
1096.0 1.583631554884224e-10
1097.0 1.583631554884224e-10
1098.0 1.583631554884224e-10
1099.0 0.0003852684585581301
1100.0 0.0011859525329782628
