lsstCam/transmission_filter_detector/r21_s11/i_39/19700101T000000.ecsv
# %ECSV 1.0
# ---
# datatype:
# - {name: wavelength, unit: nm, datatype: float32}
# - {name: efficiency, unit: '%', datatype: float64}
# meta: !!omap
# - {MODE: DETECTOR}
# - {TYPE: transmission_filter_detector}
# - {CALIBDATE: '1970-01-01T00:00:00'}
# - {INSTRUME: LSSTCam}
# - {OBSTYPE: transmission_filter_detector}
# - {CALIBCLS: lsst.ip.isr.IntermediateFilterDetectorTransmissionCurve}
# - {SOURCE: Materion (DM-46256)}
# - {DETECTOR: 85}
# - {FILTER: i_39}
# - {CALIB_ID: 'calibDate=1970-01-01T00:00:00 filter=i_39 detector=85'}
# - {DATE: '2025-04-02T15:59:46.874329'}
# - {CALIB_CREATION_DATE: '2025-04-02'}
# - {CALIB_CREATION_TIME: '15:59:46'}
# - __serialized_columns__:
#     efficiency:
#       __class__: astropy.units.quantity.Quantity
#       unit: !astropy.units.Unit {unit: '%'}
#       value: !astropy.table.SerializedColumn {name: efficiency}
#     wavelength:
#       __class__: astropy.units.quantity.Quantity
#       unit: !astropy.units.Unit {unit: nm}
#       value: !astropy.table.SerializedColumn {name: wavelength}
# schema: astropy-2.0
wavelength efficiency
300.0 0.04016091988887638
301.0 0.01514135510660708
302.0 1.583631554884224e-10
303.0 0.006817078246967867
304.0 0.023512342886533588
305.0 0.020510170725174248
306.0 0.017507997108623385
307.0 0.01256387768080458
308.0 0.007619757525390014
309.0 0.0011951246051467024
310.0 1.583631554884224e-10
311.0 1.583631554884224e-10
312.0 0.00031850020150159253
313.0 1.583631554884224e-10
314.0 1.583631554884224e-10
315.0 1.583631554884224e-10
316.0 1.583631554884224e-10
317.0 1.583631554884224e-10
318.0 0.0011649222869891673
319.0 0.0007032531357253902
320.0 0.00024158566702681128
321.0 0.0010579336048976984
322.0 0.001874281770142261
323.0 0.001768923903000541
324.0 0.001663564944465179
325.0 1.583631554884224e-10
326.0 1.583631554884224e-10
327.0 1.583631554884224e-10
328.0 1.583631554884224e-10
329.0 1.583631554884224e-10
330.0 8.486489946335496e-05
331.0 0.0011601669029914774
332.0 0.0022354692191584036
333.0 0.0018894108507083729
334.0 0.0015433521184604615
335.0 0.001899816925288178
336.0 0.0022562817321158946
337.0 0.0023939257516758516
338.0 0.002531568861741107
339.0 0.002857120671251323
340.0 0.0031826726626604795
341.0 0.0013013684110774193
342.0 1.583631554884224e-10
343.0 0.0005108845471113455
344.0 0.0016017052985262126
345.0 0.00012373467370707658
346.0 1.583631554884224e-10
347.0 1.583631554884224e-10
348.0 1.583631554884224e-10
349.0 1.583631554884224e-10
350.0 1.583631554884224e-10
351.0 1.583631554884224e-10
352.0 1.583631554884224e-10
353.0 1.583631554884224e-10
354.0 1.583631554884224e-10
355.0 1.583631554884224e-10
356.0 1.583631554884224e-10
357.0 0.00044375551624398213
358.0 0.0014595406355510931
359.0 0.001128141775552649
360.0 0.0007967427336552646
361.0 0.0009917423994920682
362.0 0.001186742156278342
363.0 0.0006832564849901246
364.0 0.00017977085917664226
365.0 0.0007122640454326756
366.0 0.0012447573681129143
367.0 0.0007244238076964393
368.0 0.00020409027001733193
369.0 0.00038095265608717455
370.0 0.0005578151103691198
371.0 0.000671435873300652
372.0 0.0007850567271816544
373.0 0.0009267891073250212
374.0 0.0010685213965189178
375.0 0.0006401738573913462
376.0 0.00021182602267799666
377.0 0.00016447082771264832
378.0 0.00011711548495441093
379.0 1.583631554884224e-10
380.0 1.583631554884224e-10
381.0 1.583631554884224e-10
382.0 1.583631554884224e-10
383.0 0.0004407572760101175
384.0 0.0014480010577244684
385.0 0.0010091123840538785
386.0 0.0005702238013327587
387.0 6.120254170127737e-05
388.0 1.583631554884224e-10
389.0 1.583631554884224e-10
390.0 1.583631554884224e-10
391.0 7.374283654826286e-05
392.0 0.0006685800144623499
393.0 0.0005122733000462176
394.0 0.0003559665856300853
395.0 1.583631554884224e-10
396.0 1.583631554884224e-10
397.0 7.680537805754284e-05
398.0 0.0006384209427778842
399.0 0.0007268011813721387
400.0 0.0008151812835421879
401.0 0.002259359280287754
402.0 0.0037035362765891477
403.0 0.00446783124061767
404.0 0.005232126932241954
405.0 0.003936504799639806
406.0 0.0026408823032397777
407.0 0.002810828482324723
408.0 0.0029807735700160265
409.0 0.002412225876469165
410.0 0.0018436770915286615
411.0 0.003560469122021459
412.0 0.005277261880110018
413.0 0.005069398321211338
414.0 0.004861535126110539
415.0 0.004732366505777463
416.0 0.004603197521646507
417.0 0.003829498018603772
418.0 0.0030557985155610368
419.0 0.0030973489629104733
420.0 0.0031388990464620292
421.0 0.0037932350096525624
422.0 0.004447571336640976
423.0 0.004543253089650534
424.0 0.004638934842660092
425.0 0.0047812514821998775
426.0 0.004923567394143902
427.0 0.004342922693467699
428.0 0.0037622776289936155
429.0 0.0040512644773116335
430.0 0.004340251689427532
431.0 0.0034661028621485457
432.0 0.00259195439866744
433.0 0.003176870450261049
434.0 0.0037617872294504195
435.0 0.0030567785870516673
436.0 0.0023517695808550343
437.0 0.002045934525085613
438.0 0.0017400996512151323
439.0 0.0016933374354266562
440.0 0.0016465750377392396
441.0 0.0015282708773156628
442.0 0.0014099668078415561
443.0 0.0012740092643070966
444.0 0.0011380519026715774
445.0 0.0008988648005470168
446.0 0.0006596778803213965
447.0 0.0005612819222733378
448.0 0.000462885873275809
449.0 0.000165038034083409
450.0 1.583631554884224e-10
451.0 0.0001486921178184275
452.0 0.0004301940862205811
453.0 0.0007070463198033394
454.0 0.0009838988262345083
455.0 0.0010890576049860101
456.0 0.0011942164746869821
457.0 0.0007278425528056687
458.0 0.00026146858544962015
459.0 0.0003341139745316468
460.0 0.00040675918171473313
461.0 0.0006652536285400856
462.0 0.0009237481208401732
463.0 0.0006331767508527264
464.0 0.00034260531265317695
465.0 0.0002609890543681104
466.0 0.00017937277334567625
467.0 0.00031007107281766366
468.0 0.000440769326814916
469.0 0.0002509087607904803
470.0 6.104817771301896e-05
471.0 0.00023282798338186694
472.0 0.00040460781747242436
473.0 0.0005336311460268917
474.0 0.0006626546564802993
475.0 0.0005438294920168119
476.0 0.0004250043730280595
477.0 0.0006065829438739456
478.0 0.0007881614692450967
479.0 0.001110291213990422
480.0 0.0014324211406346876
481.0 0.002439377931295894
482.0 0.00344633444910869
483.0 0.005128301563672721
484.0 0.006810267950640991
485.0 0.007782501052133739
486.0 0.008754734153626487
487.0 0.011531241761986166
488.0 0.014307747187558562
489.0 0.01692342630121857
490.0 0.019539103959687054
491.0 0.0218611370655708
492.0 0.02418317017145455
493.0 0.02522328868508339
494.0 0.026263410109095275
495.0 0.02323608787264675
496.0 0.0202087641810067
497.0 0.016528117703273892
498.0 0.012847469770349562
499.0 0.009081698954105377
500.0 0.005315928865456954
501.0 0.0037138317566132173
502.0 0.002111734647769481
503.0 0.002228291668870952
504.0 0.0023448483261745423
505.0 0.0021673218725482
506.0 0.001989795418921858
507.0 0.001975782106455881
508.0 0.001961769157787785
509.0 0.002089979352604132
510.0 0.0022181897293194197
511.0 0.001844113830884453
512.0 0.0014700381143484265
513.0 0.0016853709894348867
514.0 0.0019007040464202873
515.0 0.002122175646945834
516.0 0.0023436470655724406
517.0 0.002292581120855175
518.0 0.0022415153580368496
519.0 0.002278853571624495
520.0 0.0023161916033132
521.0 0.0019373608665773645
522.0 0.0015585299479425885
523.0 0.0015733763575553894
524.0 0.0015882227671681903
525.0 0.002165912701457273
526.0 0.002743602635746356
527.0 0.002685937943169847
528.0 0.0026282734324922785
529.0 0.002157463131879922
530.0 0.0016866528312675655
531.0 0.0016559371943003498
532.0 0.0016252217392320745
533.0 0.0016752710507716984
534.0 0.0017253203623113222
535.0 0.0019143019017064944
536.0 0.002103283259202726
537.0 0.0026177474865107797
538.0 0.0031322117138188332
539.0 0.0038892481825314462
540.0 0.004646284651244059
541.0 0.00514882558491081
542.0 0.005651366518577561
543.0 0.005202887405175716
544.0 0.004754408291773871
545.0 0.003728242518263869
546.0 0.0027020772904506885
547.0 0.002231438338640146
548.0 0.0017607990230317228
549.0 0.0017997635950450785
550.0 0.0018387283489573747
551.0 0.0016166057321242988
552.0 0.001394483115291223
553.0 0.0014010372979100794
554.0 0.0014075913895794656
555.0 0.0010532038686505985
556.0 0.0006988163931964664
557.0 0.0008088317372312304
558.0 0.0009188472176901996
559.0 0.0004932043793814955
560.0 6.756156381015899e-05
561.0 0.0007527144589403179
562.0 0.0014378674677573144
563.0 0.0015398241885122843
564.0 0.0016417810911661945
565.0 0.0013930694876762573
566.0 0.0011443579751357902
567.0 0.0009302569196734112
568.0 0.0007161559096857673
569.0 0.0006936623321962543
570.0 0.0006711687092320062
571.0 0.00046191435103537515
572.0 0.0002526599928387441
573.0 0.00031224378744809655
574.0 0.0003718276047948166
575.0 0.0004233436811773572
576.0 0.0004748597348225303
577.0 0.0005027041424909839
578.0 0.0005305485956341727
579.0 0.00039731812648824416
580.0 0.0002640876800796832
581.0 0.0002620637815198279
582.0 0.0002600398829599726
583.0 0.0004237766006554011
584.0 0.0005875132956134621
585.0 0.0006725288585585076
586.0 0.0007575446034024935
587.0 0.0008137390068441164
588.0 0.0008699332283867989
589.0 0.0007510120212828042
590.0 0.0006320908141788095
591.0 0.0006966610726522049
592.0 0.0007612313311256003
593.0 0.0006544685675180517
594.0 0.000547705712961033
595.0 0.0006257267614273587
596.0 0.0007037477644189494
597.0 0.0005471558779390762
598.0 0.00039056403693393804
599.0 0.00036923320294590667
600.0 0.0003479023234831402
601.0 0.0003257182697780081
602.0 0.000303534216072876
603.0 0.00035581840620579896
604.0 0.00040810255086398683
605.0 0.00029039460969215725
606.0 0.0001726866912576952
607.0 0.0004006426934211049
608.0 0.0006285986728471471
609.0 0.0005247464741842123
610.0 0.0004208941390970722
611.0 0.0005977922683086945
612.0 0.0007746903975203168
613.0 0.0004876406819676049
614.0 0.0002005909436775255
615.0 0.00013115804904373363
616.0 6.17251373569161e-05
617.0 0.00015266177797457203
618.0 0.00024359851522604004
619.0 0.00031321981168730417
620.0 0.0003828411990980385
621.0 0.0004181147232884541
622.0 0.00045338824747886974
623.0 0.00047210578486556187
624.0 0.000490823322252254
625.0 0.00037743764096376253
626.0 0.00026405200515000615
627.0 0.00025794336124818074
628.0 0.00025183467187162023
629.0 0.0003887778802891262
630.0 0.000525720997757162
631.0 0.0005305149443302071
632.0 0.0005353087544790469
633.0 0.00046522277443727944
634.0 0.0003951366124965716
635.0 0.0004247454853611998
636.0 0.00045435431275109295
637.0 0.0004913623342872597
638.0 0.0005283703103486914
639.0 0.0006112391474744072
640.0 0.0006941078936506528
641.0 0.0005856311418028781
642.0 0.0004771543899551034
643.0 0.0006268805009312928
644.0 0.0007766067028569523
645.0 0.0008338696716236882
646.0 0.0008911328222893644
647.0 0.0007950696272018831
648.0 0.0006990064775891369
649.0 0.0007499570074287476
650.0 0.0008009075827430934
651.0 0.0008898791747924406
652.0 0.0009788509487407282
653.0 0.0010886582458624616
654.0 0.0011984656339336652
655.0 0.0017072996342903934
656.0 0.0022161335436976515
657.0 0.003179929990437813
658.0 0.004143725527683273
659.0 0.006881739682285115
660.0 0.07535292534157634
661.0 0.09339646203443408
662.0 0.10639152023941278
663.0 0.12680365471169353
664.0 0.11445459676906466
665.0 0.1507547334767878
666.0 0.19887012895196676
667.0 0.22635420318692923
668.0 0.19507647957652807
669.0 0.35509157460182905
670.0 0.4704269114881754
671.0 0.7638806477189064
672.0 1.1467237956821918
673.0 1.7738178372383118
674.0 2.6150833815336227
675.0 3.593812882900238
676.0 4.76110614836216
677.0 6.083546206355095
678.0 7.42470771074295
679.0 9.05957892537117
680.0 11.15371584892273
681.0 13.316264748573303
682.0 15.979698300361633
683.0 18.726642429828644
684.0 21.668560802936554
685.0 24.583978950977325
686.0 27.62092351913452
687.0 31.018733978271484
688.0 34.398242831230164
689.0 37.99460828304291
690.0 42.09320843219757
691.0 46.66856825351715
692.0 51.90132260322571
693.0 57.42473006248474
694.0 63.622915744781494
695.0 69.26066279411316
696.0 75.48530697822571
697.0 80.88654279708862
698.0 86.3490343093872
699.0 90.23535251617432
700.0 93.09492707252502
701.0 95.14188170433044
702.0 96.52281999588013
703.0 97.1856415271759
704.0 97.47727513313293
705.0 97.74892926216125
706.0 97.696852684021
707.0 97.83745408058167
708.0 97.91885614395142
709.0 97.82096743583679
710.0 97.62459397315979
711.0 97.88662195205688
712.0 97.93920516967773
713.0 97.92553186416626
714.0 97.99663424491882
715.0 98.12225103378296
716.0 97.96718955039978
717.0 98.12511205673218
718.0 98.12360405921936
719.0 98.05538654327393
720.0 98.21243286132812
721.0 98.04194569587708
722.0 97.79505133628845
723.0 97.47371673583984
724.0 97.17414975166321
725.0 96.97396755218506
726.0 96.82248830795288
727.0 96.59518599510193
728.0 96.47974967956543
729.0 96.3090717792511
730.0 96.32722735404968
731.0 96.4546799659729
732.0 96.60096764564514
733.0 96.78791165351868
734.0 97.1561849117279
735.0 97.35660552978516
736.0 97.70092964172363
737.0 98.14402461051941
738.0 98.36945533752441
739.0 98.7083911895752
740.0 98.78091812133789
741.0 98.55622053146362
742.0 98.86245131492615
743.0 98.70972633361816
744.0 98.58906269073486
745.0 98.50316643714905
746.0 98.4614372253418
747.0 98.69134426116943
748.0 98.62339496612549
749.0 98.48914742469788
750.0 98.44498634338379
751.0 98.39076399803162
752.0 98.24528694152832
753.0 98.53433966636658
754.0 98.46829175949097
755.0 98.54177832603455
756.0 98.58952164649963
757.0 98.52564930915833
758.0 98.74645471572876
759.0 98.73968958854675
760.0 98.67069125175476
761.0 98.52847456932068
762.0 98.59527945518494
763.0 98.66674542427063
764.0 98.50321412086487
765.0 98.41047525405884
766.0 98.44497442245483
767.0 98.26390147209167
768.0 98.23318719863892
769.0 98.2401967048645
770.0 97.99360036849976
771.0 97.99229502677917
772.0 98.03655743598938
773.0 97.86681532859802
774.0 97.69933819770813
775.0 97.80158996582031
776.0 97.67482876777649
777.0 97.75122404098511
778.0 97.90355563163757
779.0 98.02802801132202
780.0 98.02205562591553
781.0 98.28909635543823
782.0 98.26867580413818
783.0 98.3713150024414
784.0 98.42694997787476
785.0 98.50178956985474
786.0 98.6626386642456
787.0 98.32994937896729
788.0 98.38472604751587
789.0 98.48714470863342
790.0 98.34361672401428
791.0 98.47308993339539
792.0 98.23506474494934
793.0 98.14218878746033
794.0 98.12591075897217
795.0 97.88743257522583
796.0 97.95342683792114
797.0 97.93814420700073
798.0 97.92276620864868
799.0 97.6825475692749
800.0 97.52028584480286
801.0 97.50621318817139
802.0 97.25633263587952
803.0 96.87415957450867
804.0 96.3708221912384
805.0 95.62784433364868
806.0 94.63905692100525
807.0 93.19134950637817
808.0 91.610187292099
809.0 89.64328169822693
810.0 87.48621940612793
811.0 84.76002216339111
812.0 81.50295615196228
813.0 78.00483107566833
814.0 73.94428253173828
815.0 69.62373852729797
816.0 65.40334820747375
817.0 60.70568561553955
818.0 55.81710934638977
819.0 51.69960260391235
820.0 46.91027104854584
821.0 42.37644374370575
822.0 38.03549408912659
823.0 33.401888608932495
824.0 28.781449794769287
825.0 24.555522203445435
826.0 20.1853409409523
827.0 15.760880708694458
828.0 11.921525001525879
829.0 8.537205308675766
830.0 5.5037278681993484
831.0 3.617198020219803
832.0 2.1106965839862823
833.0 1.2642056681215763
834.0 0.7541002705693245
835.0 0.4153572488576174
836.0 0.25136065669357777
837.0 0.10821048635989428
838.0 0.14680576277896762
839.0 0.07001672638580203
840.0 0.0017333260984742083
841.0 0.020996903185732663
842.0 1.583631554884224e-10
843.0 0.012833354412578046
844.0 0.00338741228915751
845.0 1.583631554884224e-10
846.0 1.583631554884224e-10
847.0 1.583631554884224e-10
848.0 1.583631554884224e-10
849.0 1.583631554884224e-10
850.0 1.583631554884224e-10
851.0 1.583631554884224e-10
852.0 0.0005771876658400288
853.0 0.0005186931957723573
854.0 0.00046019881665415596
855.0 0.0003297369858046295
856.0 0.00019927529137930833
857.0 0.0002633260919537861
858.0 0.0003273768243161612
859.0 1.583631554884224e-10
860.0 1.583631554884224e-10
861.0 1.583631554884224e-10
862.0 0.00027333219350111904
863.0 5.663686124535161e-05
864.0 1.583631554884224e-10
865.0 1.583631554884224e-10
866.0 1.583631554884224e-10
867.0 1.583631554884224e-10
868.0 1.583631554884224e-10
869.0 1.583631554884224e-10
870.0 1.583631554884224e-10
871.0 1.583631554884224e-10
872.0 9.85071892500855e-05
873.0 0.00017166828456538497
874.0 0.0002448293571433169
875.0 0.0001518796238997311
876.0 5.8929896340487176e-05
877.0 1.583631554884224e-10
878.0 1.583631554884224e-10
879.0 2.575172288743488e-05
880.0 0.00022505453216581373
881.0 7.412839408971195e-05
882.0 1.583631554884224e-10
883.0 3.0337039902406104e-05
884.0 0.0001374717953694926
885.0 5.166077130525082e-05
886.0 1.583631554884224e-10
887.0 1.583631554884224e-10
888.0 1.583631554884224e-10
889.0 1.583631554884224e-10
890.0 1.583631554884224e-10
891.0 1.583631554884224e-10
892.0 6.992308385633805e-05
893.0 5.749728870796389e-05
894.0 4.507149924393161e-05
895.0 1.583631554884224e-10
896.0 1.583631554884224e-10
897.0 1.583631554884224e-10
