lsstCam/transmission_filter_detector/r32_s22/y_10/19700101T000000.ecsv
# %ECSV 1.0
# ---
# datatype:
# - {name: wavelength, unit: nm, datatype: float32}
# - {name: efficiency, unit: '%', datatype: float64}
# meta: !!omap
# - {MODE: DETECTOR}
# - {TYPE: transmission_filter_detector}
# - {CALIBDATE: '1970-01-01T00:00:00'}
# - {INSTRUME: LSSTCam}
# - {OBSTYPE: transmission_filter_detector}
# - {CALIBCLS: lsst.ip.isr.IntermediateFilterDetectorTransmissionCurve}
# - {SOURCE: Materion (DM-46256)}
# - {DETECTOR: 143}
# - {FILTER: y_10}
# - {CALIB_ID: 'calibDate=1970-01-01T00:00:00 filter=y_10 detector=143'}
# - {DATE: '2025-04-02T15:59:51.406958'}
# - {CALIB_CREATION_DATE: '2025-04-02'}
# - {CALIB_CREATION_TIME: '15:59:51'}
# - __serialized_columns__:
#     efficiency:
#       __class__: astropy.units.quantity.Quantity
#       unit: !astropy.units.Unit {unit: '%'}
#       value: !astropy.table.SerializedColumn {name: efficiency}
#     wavelength:
#       __class__: astropy.units.quantity.Quantity
#       unit: !astropy.units.Unit {unit: nm}
#       value: !astropy.table.SerializedColumn {name: wavelength}
# schema: astropy-2.0
wavelength efficiency
[from data line 576]
876.0 0.002648759982548654
877.0 0.0023710897949058563
878.0 0.0020934197891619988
879.0 0.0017773581930669025
880.0 0.039347074925899506
881.0 0.10088803246617317
882.0 0.035652038059197366
883.0 0.10057598119601607
884.0 0.0365655985660851
885.0 0.09818837279453874
886.0 0.03140209009870887
887.0 0.10062038199976087
888.0 0.04556170606520027
889.0 0.10922683868557215
890.0 0.04663189756684005
891.0 0.10262647410854697
892.0 0.0387838896131143
893.0 0.11664644116535783
894.0 0.04792913387063891
895.0 0.11104905279353261
896.0 0.05889406311325729
897.0 0.1316110254265368
898.0 0.05796938785351813
899.0 0.13688739854842424
900.0 0.07842570776119828
901.0 0.1433482626453042
902.0 0.15308602014556527
903.0 0.18106165807694197
904.0 0.21603433415293694
905.0 0.2653947798535228
906.0 0.3246290376409888
907.0 0.3985494840890169
908.0 0.5419946275651455
909.0 0.7419281173497438
910.0 1.0593729093670845
911.0 1.5035687014460564
912.0 2.220779098570347
913.0 3.286305069923401
914.0 4.574254527688026
915.0 6.4358189702034
916.0 8.666273951530457
917.0 11.086181551218033
918.0 13.862818479537964
919.0 16.50090217590332
920.0 19.994226098060608
921.0 23.632997274398804
922.0 27.277860045433044
923.0 31.634598970413208
924.0 36.369967460632324
925.0 41.6665256023407
926.0 47.972989082336426
927.0 54.7341525554657
928.0 60.695743560791016
929.0 67.12730526924133
930.0 72.7484941482544
931.0 78.29104661941528
932.0 83.33364725112915
933.0 87.57664561271667
934.0 90.65189957618713
935.0 92.84498691558838
936.0 94.44809556007385
937.0 95.58161497116089
938.0 96.3192343711853
939.0 96.64626121520996
940.0 96.93230986595154
941.0 97.10171222686768
942.0 97.24782705307007
943.0 97.32350707054138
944.0 97.57639169692993
945.0 97.54546284675598
946.0 97.60372638702393
947.0 97.54163026809692
948.0 97.67971634864807
949.0 97.60521650314331
950.0 97.72694110870361
951.0 97.78373837471008
952.0 97.8576123714447
953.0 98.07847738265991
954.0 98.13165664672852
955.0 98.21754693984985
956.0 98.40168952941895
957.0 98.59671592712402
958.0 98.72283935546875
959.0 98.751300573349
960.0 98.88338446617126
961.0 98.92792105674744
962.0 98.98474216461182
963.0 99.00352358818054
964.0 99.05586838722229
965.0 99.04552698135376
966.0 99.11196231842041
967.0 99.17266964912415
968.0 99.16439652442932
969.0 99.14671778678894
970.0 99.21696782112122
971.0 99.27299618721008
972.0 99.31704998016357
973.0 99.39418435096741
974.0 99.40748810768127
975.0 99.34555292129517
976.0 99.42704439163208
977.0 99.38510060310364
978.0 99.4419813156128
979.0 99.36922192573547
980.0 99.33337569236755
981.0 99.24370050430298
982.0 99.19236302375793
983.0 99.21649098396301
984.0 99.16000366210938
985.0 99.1766631603241
986.0 99.05596971511841
987.0 99.14318323135376
988.0 99.024498462677
989.0 99.01294112205505
990.0 98.99884462356567
991.0 99.01507496833801
992.0 99.11208152770996
993.0 99.0401566028595
994.0 99.0310788154602
995.0 99.09406900405884
996.0 99.06587600708008
997.0 99.21097159385681
998.0 99.22983050346375
999.0 99.23923015594482
1000.0 99.30790662765503
1001.0 99.2470920085907
1002.0 99.35224652290344
1003.0 99.36227202415466
1004.0 99.44241046905518
1005.0 99.34861660003662
1006.0 99.48755502700806
1007.0 99.46014881134033
1008.0 99.40442442893982
1009.0 99.33873414993286
1010.0 99.44773316383362
1011.0 99.40749406814575
1012.0 99.33016896247864
1013.0 99.32276010513306
1014.0 99.28030967712402
1015.0 99.26338791847229
1016.0 99.24629330635071
1017.0 99.2963194847107
1018.0 99.34214949607849
1019.0 99.25621151924133
1020.0 99.30103421211243
1021.0 99.4242250919342
1022.0 99.30296540260315
1023.0 99.36429858207703
1024.0 99.34296607971191
1025.0 99.36675429344177
1026.0 99.42856431007385
1027.0 99.52452182769775
1028.0 99.40876364707947
1029.0 99.52043890953064
1030.0 99.57829117774963
1031.0 99.50171709060669
1032.0 99.5394766330719
1033.0 99.49665069580078
1034.0 99.5406985282898
1035.0 99.55945611000061
1036.0 99.47704672813416
1037.0 99.5360255241394
1038.0 99.46674108505249
1039.0 99.38890337944031
1040.0 99.31470155715942
1041.0 99.45191144943237
1042.0 99.35922026634216
1043.0 99.40721392631531
1044.0 99.43684339523315
1045.0 99.13302063941956
1046.0 99.33025240898132
1047.0 99.26153421401978
1048.0 99.3326485157013
1049.0 99.24747347831726
1050.0 99.19593930244446
1051.0 99.19102787971497
1052.0 99.21155571937561
1053.0 99.02750253677368
1054.0 99.31646585464478
1055.0 99.39355850219727
1056.0 99.21796917915344
1057.0 99.32212829589844
1058.0 99.15176033973694
1059.0 99.1578459739685
1060.0 99.34188723564148
1061.0 99.20133352279663
1062.0 99.2459774017334
1063.0 99.12142157554626
1064.0 99.28003549575806
1065.0 99.24344420433044
1066.0 99.26753640174866
1067.0 99.36805963516235
1068.0 99.27178025245667
1069.0 99.03973340988159
1070.0 99.46439862251282
1071.0 99.23046231269836
1072.0 99.27834272384644
1073.0 99.42412376403809
1074.0 98.95407557487488
1075.0 99.03315305709839
1076.0 98.858642578125
1077.0 99.24220442771912
1078.0 99.25715923309326
1079.0 98.93559217453003
1080.0 99.67840909957886
1081.0 98.92778396606445
1082.0 98.97817373275757
1083.0 98.87370467185974
1084.0 99.38653707504272
1085.0 99.12030696868896
1086.0 99.01706576347351
1087.0 99.1388201713562
1088.0 98.92284274101257
1089.0 98.79458546638489
1090.0 98.99580478668213
1091.0 98.91950488090515
1092.0 98.8696277141571
1093.0 98.82500171661377
1094.0 98.74609112739563
1095.0 98.64843487739563
1096.0 98.64614009857178
1097.0 98.63288998603821
1098.0 98.03044199943542
1099.0 98.62772226333618
1100.0 98.17175269126892
