lsstCam/transmission_filter_detector/r32_s22/y_10/19700101T000000.ecsv
# %ECSV 1.0
# ---
# datatype:
# - {name: wavelength, unit: nm, datatype: float32}
# - {name: efficiency, unit: '%', datatype: float64}
# meta: !!omap
# - {MODE: DETECTOR}
# - {TYPE: transmission_filter_detector}
# - {CALIBDATE: '1970-01-01T00:00:00'}
# - {INSTRUME: LSSTCam}
# - {OBSTYPE: transmission_filter_detector}
# - {CALIBCLS: lsst.ip.isr.IntermediateFilterDetectorTransmissionCurve}
# - {SOURCE: Materion (DM-46256)}
# - {DETECTOR: 143}
# - {FILTER: y_10}
# - {CALIB_ID: 'calibDate=1970-01-01T00:00:00 filter=y_10 detector=143'}
# - {DATE: '2025-04-02T15:59:51.406958'}
# - {CALIB_CREATION_DATE: '2025-04-02'}
# - {CALIB_CREATION_TIME: '15:59:51'}
# - __serialized_columns__:
#     efficiency:
#       __class__: astropy.units.quantity.Quantity
#       unit: !astropy.units.Unit {unit: '%'}
#       value: !astropy.table.SerializedColumn {name: efficiency}
#     wavelength:
#       __class__: astropy.units.quantity.Quantity
#       unit: !astropy.units.Unit {unit: nm}
#       value: !astropy.table.SerializedColumn {name: wavelength}
# schema: astropy-2.0
wavelength efficiency
300.0 0.020089921599719673
301.0 0.019818237342406064
302.0 0.019546548719517887
303.0 0.016268821491394192
304.0 0.012991092808078974
305.0 0.01125601411331445
306.0 0.00952093250816688
307.0 0.007839935278752819
308.0 0.006158938049338758
309.0 0.006641376967309043
310.0 0.007123816612875089
311.0 0.005208688162383623
312.0 0.0032935600756900385
313.0 0.005443015470518731
314.0 0.007592470501549542
315.0 0.005910489198868163
316.0 0.004228507896186784
317.0 0.0044588192395167425
318.0 0.004689131674240343
319.0 0.0022721511413692497
320.0 1.5916470615454092e-10
321.0 0.0007756952982163057
322.0 0.0016962205336312763
323.0 0.002859120831999462
324.0 0.004022021312266588
325.0 0.0034548240364529192
326.0 0.0028876274882350117
327.0 0.0030111898013274185
328.0 0.003134752478217706
329.0 0.003282117540948093
330.0 0.0034294829674763605
331.0 0.0031471670808969066
332.0 0.0028648515581153333
333.0 0.0024864337319741026
334.0 0.0021080153601360507
335.0 0.001967811294889543
336.0 0.0018276072296430357
337.0 0.0017474687410867773
338.0 0.001667330252530519
339.0 0.0016183132174774073
340.0 0.0015692961824242957
341.0 0.0013532145203498658
342.0 0.0011371328582754359
343.0 0.0013556455996877048
344.0 0.0015741585229989141
345.0 0.0013240040061646141
346.0 0.001073849489330314
347.0 0.001150051048171008
348.0 0.001226252607011702
349.0 0.0012874342246504966
350.0 0.0013486158422892913
351.0 0.001311738378717564
352.0 0.0012748607332468964
353.0 0.0012437505574780516
354.0 0.0012126402907597367
355.0 0.0015603016436216421
356.0 0.0019079632693319581
357.0 0.001665842137299478
358.0 0.0014237212781154085
359.0 0.0010893772014242131
360.0 0.000755033261157223
361.0 0.0007942829142848495
362.0 0.0008335327038366813
363.0 0.0009101734576688614
364.0 0.0009868143024505116
365.0 0.0012534125744423363
366.0 0.0015200109373836312
367.0 0.0016560637959628366
368.0 0.0017921163816936314
369.0 0.0016429081370006315
370.0 0.001493700074206572
371.0 0.0013342123565962538
372.0 0.001174724820884876
373.0 0.0015344565326813608
374.0 0.001894188426376786
375.0 0.002796531771309674
376.0 0.003698874934343621
377.0 0.004041615829919465
378.0 0.004384357089293189
379.0 0.004095480471733026
380.0 0.0038066042179707438
381.0 0.0029663679015357047
382.0 0.0021261319488985464
383.0 0.0015486763004446402
384.0 0.0009712208338896744
385.0 0.0008637293831270654
386.0 0.0007562377959402511
387.0 0.0006260801001189975
388.0 0.000495922449772479
389.0 0.0005070040970167611
390.0 0.0005180858352105133
391.0 0.0005668788617185783
392.0 0.000615671797277173
393.0 0.0006596425009774975
394.0 0.0007036131137283519
395.0 0.0007409686531900661
396.0 0.0007783241926517803
397.0 0.0007548022949777078
398.0 0.0007312803518289002
399.0 0.0009216475518769585
400.0 0.0011120146155008115
401.0 0.0014212307178240735
402.0 0.0017304468201473355
403.0 0.0018393999198451638
404.0 0.0019483530195429921
405.0 0.0018778770026983693
406.0 0.0018074009858537465
407.0 0.0016842566765262745
408.0 0.0015611123671988025
409.0 0.0013607500477519352
410.0 0.0011603880011534784
411.0 0.0007419995654345257
412.0 0.0003236111979276757
413.0 0.0005596051323664142
414.0 0.0007955993169161957
415.0 0.0006361687155731488
416.0 0.00047673797780589666
417.0 0.0002817090944517986
418.0 8.668000646139262e-05
419.0 0.00010803411214510561
420.0 0.00012938814961671596
421.0 9.090636012842879e-05
422.0 5.2424667273953673e-05
423.0 8.207266546378378e-05
424.0 0.00011172047607033164
425.0 1.5916470615454092e-10
426.0 1.5916470615454092e-10
427.0 1.5916470615454092e-10
428.0 0.0002124721504515037
429.0 1.5916470615454092e-10
430.0 1.5916470615454092e-10
431.0 1.5916470615454092e-10
432.0 0.00013163295307094813
433.0 0.00015060188616189407
434.0 0.0001695708647275751
435.0 0.00037403128771984484
436.0 0.000578491790292901
437.0 0.000328737155541603
438.0 7.898256058069819e-05
439.0 0.0005016050636186264
440.0 0.0009242275154974777
441.0 0.00044767220970243216
442.0 1.5916470615454092e-10
443.0 0.0003226423359592445
444.0 0.0006741677680111025
445.0 0.0004966884716850473
446.0 0.0003192090844095219
447.0 0.0004790724233316723
448.0 0.000638935898678028
449.0 0.0003539471890690038
450.0 6.895838282616751e-05
451.0 0.0002683495949895587
452.0 0.00046774089241807815
453.0 0.00031430765830009477
454.0 0.0001608742991265899
455.0 0.00034011495699814986
456.0 0.0005193556262383936
457.0 0.00019149360923620407
458.0 1.5916470615454092e-10
459.0 1.5916470615454092e-10
460.0 1.5916470615454092e-10
461.0 1.5916470615454092e-10
462.0 0.0001226030462930794
463.0 0.00022424865164794028
464.0 0.0003258942797401687
465.0 0.0004898560746369185
466.0 0.0006538180514326086
467.0 0.0008646999049233273
468.0 0.0010755818948382512
469.0 0.0013843371561961249
470.0 0.0016930924175539985
471.0 0.0017864362234831788
472.0 0.0018797802113112994
473.0 0.002176182715629693
474.0 0.0024725854018470272
475.0 0.0024739150831010193
476.0 0.0024752449462539516
477.0 0.002632339055708144
478.0 0.0027894329832633957
479.0 0.0033963442547246814
480.0 0.004003255889983848
481.0 0.004330680894781835
482.0 0.004658106263377704
483.0 0.004529261423158459
484.0 0.004400415855343454
485.0 0.0041037023038370535
486.0 0.003806989116128534
487.0 0.0033310570870526135
488.0 0.0028551252398756333
489.0 0.0026676070774556138
490.0 0.0024800890969345346
491.0 0.0021265275790938176
492.0 0.0017729664250509813
493.0 0.0016442512787762098
494.0 0.001515535950602498
495.0 0.0016831674656714313
496.0 0.0018507989807403646
497.0 0.001618596252228599
498.0 0.0013863936146663036
499.0 0.0019322120351716876
500.0 0.002478030182828661
501.0 0.0025517727408441715
502.0 0.002625515298859682
503.0 0.002813172250171192
504.0 0.0030008288376848213
505.0 0.0025577977794455364
506.0 0.0021147667212062515
507.0 0.00197400149772875
508.0 0.0018332360923523083
509.0 0.0019483992218738422
510.0 0.002063562351395376
511.0 0.0021020608983235434
512.0 0.0021405592633527704
513.0 0.0020628849597414955
514.0 0.0019852106561302207
515.0 0.0017364551240461878
516.0 0.0014876993191137444
517.0 0.001415506994817406
518.0 0.0013433143067231867
519.0 0.0013122905329510104
520.0 0.001281266759178834
521.0 0.0012923499525641091
522.0 0.001303433054999914
523.0 0.0015508157957810909
524.0 0.0017981983546633273
525.0 0.0020136178136453964
526.0 0.002229037090728525
527.0 0.0021685989850084297
528.0 0.002108160697389394
529.0 0.002318309088877868
530.0 0.002528457116568461
531.0 0.002316397331014741
532.0 0.0021043377273599617
533.0 0.00208455585379852
534.0 0.0020647741621360183
535.0 0.0019150887965224683
536.0 0.0017654034309089184
537.0 0.001876208625617437
538.0 0.001987014002224896
539.0 0.002420796408841852
540.0 0.002854578815458808
541.0 0.0035448872949928045
542.0 0.004235195592627861
543.0 0.004499723218032159
544.0 0.0047642504796385765
545.0 0.0048827630962478
546.0 0.005001275349059142
547.0 0.004555269697448239
548.0 0.004109263682039455
549.0 0.0035297827707836404
550.0 0.0029503014957299456
551.0 0.0026412439183332026
552.0 0.0023321861590375192
553.0 0.002446447979309596
554.0 0.002560709799581673
555.0 0.0031991046853363514
556.0 0.0038374993891920894
557.0 0.004119852746953256
558.0 0.004402205740916543
559.0 0.004094743417226709
560.0 0.0037872807297389954
561.0 0.0037042631447548047
562.0 0.003621245195972733
563.0 0.003259458389948122
564.0 0.0028976712201256305
565.0 0.0031409676012117416
566.0 0.0033842639822978526
567.0 0.003939299494959414
568.0 0.004494334643823095
569.0 0.004811915641766973
570.0 0.005129496639710851
571.0 0.0056608048907946795
572.0 0.006192113505676389
573.0 0.006363308057188988
574.0 0.006534502608701587
575.0 0.0064131279941648245
576.0 0.006291752652032301
577.0 0.006033059980836697
578.0 0.0057743680372368544
579.0 0.005594436879619025
580.0 0.005414505722001195
581.0 0.0059995840274496
582.0 0.006584662332898006
583.0 0.007875926530687138
584.0 0.009167191456072032
585.0 0.009878988203126937
586.0 0.010590786405373365
587.0 0.010561254748608917
588.0 0.010531725274631754
589.0 0.010358801227994263
590.0 0.010185877908952534
591.0 0.009648763807490468
592.0 0.009111649706028402
593.0 0.008022686233744025
594.0 0.00693372348905541
595.0 0.006007487900205888
596.0 0.005081253038952127
597.0 0.005390839578467421
598.0 0.005700426117982715
599.0 0.00669410583213903
600.0 0.007687785546295345
601.0 0.008952313510235399
602.0 0.010216839291388169
603.0 0.010560506780166179
604.0 0.010904175724135712
605.0 0.010652084893081337
606.0 0.010399994789622724
607.0 0.009633954323362559
608.0 0.008867913857102394
609.0 0.00749465762055479
610.0 0.00612140356679447
611.0 0.004875679223914631
612.0 0.0036299563362263143
613.0 0.0034700362448347732
614.0 0.003310116153443232
615.0 0.004082934174221009
616.0 0.004855752194998786
617.0 0.006216030305949971
618.0 0.007576307689305395
619.0 0.009074782428797334
620.0 0.01057325498550199
621.0 0.010884854418691248
622.0 0.011196453124284744
623.0 0.011340100900270045
624.0 0.011483747948659584
625.0 0.010853500134544447
626.0 0.010223251592833549
627.0 0.008637571590952575
628.0 0.007051891589071602
629.0 0.005612827953882515
630.0 0.004173764318693429
631.0 0.003464117253315635
632.0 0.002754470369836781
633.0 0.002613093784020748
634.0 0.0024717170163057745
635.0 0.002696667070267722
636.0 0.0029216171242296696
637.0 0.0033703356166370213
638.0 0.0038190544728422537
639.0 0.004542931856121868
640.0 0.0052668099669972435
641.0 0.005356731344363652
642.0 0.005446652721730061
643.0 0.005751643402618356
644.0 0.0060566337197087705
645.0 0.0052225030231056735
646.0 0.0043883723265025765
647.0 0.003981445843237452
648.0 0.0035745197237702087
649.0 0.0028430196834960952
650.0 0.002111519825120922
651.0 0.0019234492356190458
652.0 0.001735378464218229
653.0 0.001588357554282993
654.0 0.0014413364624488167
655.0 0.0014106914022704586
656.0 0.0013800464330415707
657.0 0.0015447791156475432
658.0 0.001709511889202986
659.0 0.0016480769772897474
660.0 0.001586642065376509
661.0 0.0015023122614366002
662.0 0.0014179825484461617
663.0 0.001578005321789533
664.0 0.001738028004183434
665.0 0.002364613101235591
666.0 0.002991198380186688
667.0 0.0035926565033150837
668.0 0.004194114444544539
669.0 0.005249246169114485
670.0 0.006304377893684432
671.0 0.006938012666068971
672.0 0.007571645983261988
673.0 0.0076525509939529
674.0 0.00773345454945229
675.0 0.007303251186385751
676.0 0.00687304709572345
677.0 0.0060647471400443465
678.0 0.005256447184365243
679.0 0.0041202041757060215
680.0 0.0029839608032489195
681.0 0.0017889251466840506
682.0 0.0005938899448665325
683.0 0.0005082800271338783
684.0 0.00042267015487595927
685.0 0.00023298337055166485
686.0 4.3296651597302116e-05
687.0 5.5284272093558684e-05
688.0 6.727187269461865e-05
689.0 0.00027900293844140833
690.0 0.0004907339643978048
691.0 0.0004214687578496523
692.0 0.00035220341487729456
693.0 0.0003627211071943748
694.0 0.000373238799511455
695.0 0.00027952692107646726
696.0 0.00018581507674753084
697.0 0.00020148563635302708
698.0 0.000217156161852472
699.0 0.00025645194909884594
700.0 0.000295747781819955
701.0 0.00026221889584121527
702.0 0.00022868989617563784
703.0 0.00017760570472091786
704.0 0.00012652153600356542
705.0 0.00017349517520415247
706.0 0.000220468791667372
707.0 0.0003612007276387885
708.0 0.0005019326636102051
709.0 0.0005035850335843861
710.0 0.0005052374945080373
711.0 0.0004592212917486904
712.0 0.0004132050435146084
713.0 0.0003160097321597277
714.0 0.00021881437533011194
715.0 0.00013797807696391828
716.0 5.714167059522879e-05
717.0 1.5916470615454092e-10
718.0 1.5916470615454092e-10
719.0 1.5916470615454092e-10
720.0 4.7815274228923954e-05
721.0 0.00018471035900802235
722.0 0.000321605580211326
723.0 0.0003797325916821137
724.0 0.00043785958041553386
725.0 0.0005895730282645673
726.0 0.0007412865670630708
727.0 0.00027607009087660117
728.0 1.5916470615454092e-10
729.0 1.5916470615454092e-10
730.0 9.538283620713628e-05
731.0 0.00018166208519687643
732.0 0.00026794123186846264
733.0 0.0003596730721255881
734.0 0.0004514050942816539
735.0 0.0002312212245669798
736.0 1.103738256347242e-05
737.0 6.435750066202672e-06
738.0 1.8341150820333496e-06
739.0 1.5916470615454092e-10
740.0 1.5916470615454092e-10
741.0 0.0001674907366577827
742.0 0.0003814313004113501
743.0 0.000520515686730505
744.0 0.0006595999366254546
745.0 0.0007182221452239901
746.0 0.0007768442628730554
747.0 0.0005539681296795607
748.0 0.00033109197374869836
749.0 0.00044005323616147507
750.0 0.0005490144758368842
751.0 0.00048694673751015216
752.0 0.0004248789991834201
753.0 0.00037394499941001413
754.0 0.000323011158798181
755.0 0.0005612425411527511
756.0 0.0007994739462446887
757.0 0.0006003449016134255
758.0 0.0004012159479316324
759.0 0.00025188833205902483
760.0 0.0001025606593429984
761.0 0.0003363272071510437
762.0 0.0005700936071661999
763.0 0.00045488500290957745
764.0 0.0003396761030671769
765.0 0.00023167021936387755
766.0 0.00012366435839794576
767.0 0.00024051869331742637
768.0 0.0003573730509742745
769.0 0.00018259264606967918
770.0 7.812267455165056e-06
771.0 0.0002484802735125413
772.0 0.000489148396809469
773.0 0.00027025205326935975
774.0 5.135576657266938e-05
775.0 0.0002421819772280287
776.0 0.00043300833567627706
777.0 0.0003509576799842762
778.0 0.0002689069106054376
779.0 0.0005944917120359605
780.0 0.0009200766726280563
781.0 0.00080318868640461
782.0 0.0006863005637569586
783.0 0.0006238581590878312
784.0 0.0005614157544187037
785.0 0.0005341881205822574
786.0 0.000506960441271076
787.0 0.00020810796286241384
788.0 1.5916470615454092e-10
789.0 0.00011721266446329537
790.0 0.0003251697762607364
791.0 0.00048225419959635474
792.0 0.000639338577457238
793.0 0.0008563190021959599
794.0 0.0010732994269346818
795.0 0.0007957698471727781
796.0 0.0005182401309866691
797.0 0.0008112203431664966
798.0 0.0011042003279726487
799.0 0.0007780638952681329
800.0 0.00045192755351308733
801.0 0.0006289824341365602
802.0 0.0008060374966589734
803.0 0.000790962076280266
804.0 0.0007758865649520885
805.0 0.0005901003078179201
806.0 0.0004043140506837517
807.0 0.0002967021600852604
808.0 0.00018909021264335024
809.0 0.0005042322300141677
810.0 0.0008193742360163014
811.0 0.0006505018063762691
812.0 0.00048162937673623674
813.0 0.0005443164809548762
814.0 0.0006070035396987805
815.0 0.0003354647788000875
816.0 6.392586442416359e-05
817.0 0.00045807355490978807
818.0 0.0008522211828676518
819.0 0.000736514311938663
820.0 0.0006208075319591444
821.0 0.0008512894964951556
822.0 0.0010817714610311668
823.0 0.000932070270209806
824.0 0.0007823693522368558
825.0 0.0009556762961437926
826.0 0.0011289832400507294
827.0 0.0006813942036387743
828.0 0.00023380507627734914
829.0 0.00036304900277173147
830.0 0.0004922928837913787
831.0 0.00039856704461271875
832.0 0.00030484129638352897
833.0 0.0005592164143308764
834.0 0.000813591577752959
835.0 0.0008447998880001251
836.0 0.0008760081982472911
837.0 0.0007171288416429888
838.0 0.0005582495759881567
839.0 0.000720741400073166
840.0 0.0008832331332087051
841.0 0.0008026408977457322
842.0 0.0007220485713332891
843.0 0.0007062167242111173
844.0 0.0006903849225636804
845.0 0.0006664198735961691
846.0 0.0006424547791539226
847.0 0.0007261910013767192
848.0 0.000809927314548986
849.0 0.0008481283657602035
850.0 0.0008863295988703612
851.0 0.000532172361999983
852.0 0.00017801522744775866
853.0 0.00046062264118518215
854.0 0.0007432302481902298
855.0 0.0007659102266188711
856.0 0.0007885900231485721
857.0 0.0009985252290789504
858.0 0.0012084603440598585
859.0 0.0010586006283119787
860.0 0.000908741003513569
861.0 0.0010278102308802772
862.0 0.0011468793672975153
863.0 0.0012854725355282426
864.0 0.0014240656128094997
865.0 0.001753925062075723
866.0 0.0020837846022914164
867.0 0.0025274503059335984
868.0 0.002971116191474721
869.0 0.0027896565370610915
870.0 0.0026081965188495815
871.0 0.0027995796699542552
872.0 0.002990962821058929
873.0 0.0026732417609309778
874.0 0.0023555207008030266
