lsstCam/transmission_filter_detector/r13_s02/u_24/19700101T000000.ecsv
# %ECSV 1.0
# ---
# datatype:
# - {name: wavelength, unit: nm, datatype: float32}
# - {name: efficiency, unit: '%', datatype: float64}
# meta: !!omap
# - {MODE: DETECTOR}
# - {TYPE: transmission_filter_detector}
# - {CALIBDATE: '1970-01-01T00:00:00'}
# - {INSTRUME: LSSTCam}
# - {OBSTYPE: transmission_filter_detector}
# - {CALIBCLS: lsst.ip.isr.IntermediateFilterDetectorTransmissionCurve}
# - {SOURCE: Materion (DM-46256)}
# - {DETECTOR: 56}
# - {FILTER: u_24}
# - {CALIB_ID: 'calibDate=1970-01-01T00:00:00 filter=u_24 detector=56'}
# - {DATE: '2025-04-02T15:59:40.008860'}
# - {CALIB_CREATION_DATE: '2025-04-02'}
# - {CALIB_CREATION_TIME: '15:59:40'}
# - __serialized_columns__:
#     efficiency:
#       __class__: astropy.units.quantity.Quantity
#       unit: !astropy.units.Unit {unit: '%'}
#       value: !astropy.table.SerializedColumn {name: efficiency}
#     wavelength:
#       __class__: astropy.units.quantity.Quantity
#       unit: !astropy.units.Unit {unit: nm}
#       value: !astropy.table.SerializedColumn {name: wavelength}
# schema: astropy-2.0
wavelength efficiency
[from data line 586]
881.0 0.003165693487972021
882.0 0.0032416464819107205
883.0 0.0029768816602881998
884.0 0.00271211720246356
885.0 0.0026952191547024995
886.0 0.00267832147073932
887.0 0.0023696431526332162
888.0 0.002060965016426053
889.0 0.0020617539121303707
890.0 0.0020625428078346886
891.0 0.002319674240425229
892.0 0.0025768060368136503
893.0 0.0024417062377324328
894.0 0.002306605711055454
895.0 0.0028465015930123627
896.0 0.003386397293070331
897.0 0.003755724537768401
898.0 0.004125052146264352
899.0 0.004212388375890441
900.0 0.00429972424171865
901.0 0.0042163708712905645
902.0 0.00413301786466036
903.0 0.004442968202056363
904.0 0.0047529185394523665
905.0 0.004877453466178849
906.0 0.0050019880291074514
907.0 0.005405712363426574
908.0 0.005809437061543576
909.0 0.005870416862308048
910.0 0.005931396663072519
911.0 0.006135908188298345
912.0 0.006340420804917812
913.0 0.0061635182646568865
914.0 0.00598661536059808
915.0 0.005245245120022446
916.0 0.004503874515648931
917.0 0.004045637615490705
918.0 0.0035874003515345976
919.0 0.004068805719725788
920.0 0.004550210724119097
921.0 0.0045856893848394975
922.0 0.004621168045559898
923.0 0.005614474503090605
924.0 0.006607779505429789
925.0 0.0067133842094335705
926.0 0.006818988913437352
927.0 0.007240802369778976
928.0 0.007662612915737554
929.0 0.007755366823403165
930.0 0.007848121458664536
931.0 0.007260117854457349
932.0 0.006672112795058638
933.0 0.006588846736121923
934.0 0.006505581404780969
935.0 0.006666670378763229
936.0 0.00682776008034125
937.0 0.00705253696651198
938.0 0.0072773153078742325
939.0 0.0070476162363775074
940.0 0.006817917164880782
941.0 0.006065182242309675
942.0 0.005312446228344925
943.0 0.004487477781367488
944.0 0.003662510061985813
945.0 0.0029303457267815247
946.0 0.0021981815734761767
947.0 0.0018273707610205747
948.0 0.001456560039514443
949.0 0.00128554302136763
950.0 0.001114525912271347
951.0 0.001172463635157328
952.0 0.0012304013580433093
953.0 0.0013980553376313765
954.0 0.0015657096810173243
955.0 0.002081346246995963
956.0 0.002596982812974602
957.0 0.0028289330657571554
958.0 0.0030608825909439474
959.0 0.0031739429687149823
960.0 0.0032870026188902557
961.0 0.0037080622860230505
962.0 0.004129121589357965
963.0 0.004165055725025013
964.0 0.004200990224489942
965.0 0.004370123133412562
966.0 0.004539256406133063
967.0 0.004545784759102389
968.0 0.004552314203465357
969.0 0.004533424362307414
970.0 0.004514534521149471
971.0 0.004755014379043132
972.0 0.004995493873138912
973.0 0.004913123848382384
974.0 0.004830753096030094
975.0 0.004464150333660655
976.0 0.004097546843695454
977.0 0.003890854350174777
978.0 0.0036841614928562194
979.0 0.003481728708720766
980.0 0.003279295560787432
981.0 0.003133366408292204
982.0 0.002987437619594857
983.0 0.0031309391488321126
984.0 0.0032744403142714873
985.0 0.0035065335396211594
986.0 0.0037386267649708316
987.0 0.004044795423396863
988.0 0.0043509640818228945
989.0 0.005309357584337704
990.0 0.006267749995458871
991.0 0.006636443140450865
992.0 0.007005136285442859
993.0 0.007308209751499817
994.0 0.007611283217556775
995.0 0.007235684461193159
996.0 0.006860082794446498
997.0 0.006784926517866552
998.0 0.00670977242407389
999.0 0.00654962204862386
1000.0 0.00638947167317383
1001.0 0.005927202073507942
1002.0 0.005464933565235697
1003.0 0.004837324740947224
1004.0 0.00420971518906299
1005.0 0.004533503306447528
1006.0 0.004857290332438424
1007.0 0.0048627138312440366
1008.0 0.004868134783464484
1009.0 0.004327391798142344
1010.0 0.0037866491766180843
1011.0 0.0038491874875035137
1012.0 0.003911726162186824
1013.0 0.003405054667382501
1014.0 0.0028983831725781783
1015.0 0.00234709405049216
1016.0 0.001795805110305082
1017.0 0.0016649737517582253
1018.0 0.0015341423932113685
1019.0 0.0012621600944839884
1020.0 0.000990177613857668
1021.0 0.0009644044439482968
1022.0 0.0009386314559378661
1023.0 0.001051324034051504
1024.0 0.0011640167940640822
1025.0 0.001175112720375182
1026.0 0.0011862089195346925
1027.0 0.0010042512258223724
1028.0 0.0008222933502111118
1029.0 0.0010266441677231342
1030.0 0.0012309951671340968
1031.0 0.0018952139726025052
1032.0 0.002559432869020384
1033.0 0.002292804856551811
1034.0 0.0020261768440832384
1035.0 0.0024304992621182464
1036.0 0.0028348216801532544
1037.0 0.002898134152928833
1038.0 0.0029614468076033518
1039.0 0.0026251220333506353
1040.0 0.0022887974409968592
1041.0 0.0018416749298921786
1042.0 0.0013945526916359086
1043.0 0.0014731624105479568
1044.0 0.0015517724023084156
1045.0 0.001503953171777539
1046.0 0.0014561340321961325
1047.0 0.0015910734873614274
1048.0 0.0017260132153751329
1049.0 0.0014483982340607326
1050.0 0.0011707826161000412
1051.0 0.0009445063369639684
1052.0 0.0007182296940300148
1053.0 0.000569682197237853
1054.0 0.0004211344730720157
1055.0 0.0002615436187625164
1056.0 0.00010195320783168427
1057.0 0.0008460396202281117
1058.0 0.0015901261576800607
1059.0 0.001120404795074137
1060.0 0.0006506837962660939
1061.0 0.001684246126387734
1062.0 0.0027178082746104337
1063.0 0.0026471227101865225
1064.0 0.0025764367819647305
1065.0 0.0013281645806273445
1066.0 7.989260666363407e-05
1067.0 0.0008265647011285182
1068.0 0.001573236113472376
1069.0 0.00230429013754474
1070.0 0.0030353437978192233
1071.0 0.0016742764273658395
1072.0 0.0003132093524982338
1073.0 0.0008366794645553455
1074.0 0.0013601495084003545
1075.0 0.0033177799195982516
1076.0 0.0052754097850993276
1077.0 0.005483311178977601
1078.0 0.005691212209057994
1079.0 0.006419023702619597
1080.0 0.007146831922000274
1081.0 0.005184423935133964
1082.0 0.0032220159482676536
1083.0 0.002821420639520511
1084.0 0.0024208253307733685
1085.0 0.0034229255106765777
1086.0 0.004425025690579787
1087.0 0.004198540409561247
1088.0 0.003972054764744826
1089.0 0.005394955223891884
1090.0 0.006817856046836823
1091.0 0.004943520616507158
1092.0 0.003069185186177492
1093.0 0.0020198922356939875
1094.0 0.0009705996490083635
1095.0 0.0005877784133190289
1096.0 0.00020495722310442943
1097.0 0.0018572309272713028
1098.0 0.0035095054045086727
1099.0 0.003051812745979987
1100.0 0.0025941200874513015
