lsstCam/transmission_filter_detector/r13_s02/u_24/19700101T000000.ecsv
# %ECSV 1.0
# ---
# datatype:
# - {name: wavelength, unit: nm, datatype: float32}
# - {name: efficiency, unit: '%', datatype: float64}
# meta: !!omap
# - {MODE: DETECTOR}
# - {TYPE: transmission_filter_detector}
# - {CALIBDATE: '1970-01-01T00:00:00'}
# - {INSTRUME: LSSTCam}
# - {OBSTYPE: transmission_filter_detector}
# - {CALIBCLS: lsst.ip.isr.IntermediateFilterDetectorTransmissionCurve}
# - {SOURCE: Materion (DM-46256)}
# - {DETECTOR: 56}
# - {FILTER: u_24}
# - {CALIB_ID: 'calibDate=1970-01-01T00:00:00 filter=u_24 detector=56'}
# - {DATE: '2025-04-02T15:59:40.008860'}
# - {CALIB_CREATION_DATE: '2025-04-02'}
# - {CALIB_CREATION_TIME: '15:59:40'}
# - __serialized_columns__:
#     efficiency:
#       __class__: astropy.units.quantity.Quantity
#       unit: !astropy.units.Unit {unit: '%'}
#       value: !astropy.table.SerializedColumn {name: efficiency}
#     wavelength:
#       __class__: astropy.units.quantity.Quantity
#       unit: !astropy.units.Unit {unit: nm}
#       value: !astropy.table.SerializedColumn {name: wavelength}
# schema: astropy-2.0
wavelength efficiency
295.0 1.623034063917561e-10
296.0 1.623034063917561e-10
297.0 1.623034063917561e-10
298.0 1.623034063917561e-10
299.0 1.623034063917561e-10
300.0 1.623034063917561e-10
301.0 1.623034063917561e-10
302.0 1.623034063917561e-10
303.0 1.623034063917561e-10
304.0 0.43734367936849594
305.0 0.9898144751787186
306.0 2.106045186519623
307.0 3.868193179368973
308.0 6.174503266811371
309.0 9.517746418714523
310.0 12.937885522842407
311.0 16.93354845046997
312.0 20.824405550956726
313.0 23.635832965373993
314.0 26.729175448417664
315.0 29.038336873054504
316.0 31.204557418823242
317.0 33.78627002239227
318.0 36.93071007728577
319.0 41.027289628982544
320.0 46.819448471069336
321.0 52.367764711380005
322.0 58.33407640457153
323.0 63.60809803009033
324.0 67.75481700897217
325.0 70.73522210121155
326.0 73.05522561073303
327.0 74.92671608924866
328.0 76.56508684158325
329.0 77.91578769683838
330.0 79.20669913291931
331.0 79.62722778320312
332.0 79.99691963195801
333.0 80.08921146392822
334.0 79.96202111244202
335.0 80.19771575927734
336.0 80.60420155525208
337.0 81.07510209083557
338.0 81.96818828582764
339.0 82.54470825195312
340.0 82.95086622238159
341.0 83.43028426170349
342.0 83.70331525802612
343.0 83.68642330169678
344.0 83.9068055152893
345.0 84.32646989822388
346.0 84.623122215271
347.0 85.01543998718262
348.0 85.18917560577393
349.0 85.44706702232361
350.0 85.49596071243286
351.0 85.67913770675659
352.0 85.59182286262512
353.0 85.53354144096375
354.0 85.41586399078369
355.0 85.72704195976257
356.0 85.8233630657196
357.0 85.78944802284241
358.0 85.47767996788025
359.0 85.17816662788391
360.0 84.99664068222046
361.0 84.70457196235657
362.0 84.63250398635864
363.0 84.71196293830872
364.0 84.82088446617126
365.0 85.16217470169067
366.0 85.39726734161377
367.0 85.49067378044128
368.0 85.6132447719574
369.0 85.64513921737671
370.0 85.45194864273071
371.0 85.336172580719
372.0 85.33790111541748
373.0 85.51989197731018
374.0 85.56613326072693
375.0 85.80569624900818
376.0 85.97862720489502
377.0 86.07255816459656
378.0 86.06867790222168
379.0 85.76831817626953
380.0 84.92202758789062
381.0 83.56366753578186
382.0 81.7814290523529
383.0 79.72942590713501
384.0 77.61843204498291
385.0 75.23649334907532
386.0 72.648686170578
387.0 69.2409873008728
388.0 65.75173139572144
389.0 61.5838885307312
390.0 57.39459991455078
391.0 53.11901569366455
392.0 48.7452507019043
393.0 45.067793130874634
394.0 41.68160855770111
395.0 37.9255086183548
396.0 33.896273374557495
397.0 28.44550907611847
398.0 22.209586203098297
399.0 15.360283851623535
400.0 9.39638465642929
401.0 4.8736270517110825
402.0 1.9776580855250359
403.0 0.6390110123902559
404.0 0.22559927310794592
405.0 0.10377935832366347
406.0 0.018133825506083667
407.0 0.014132834621705115
408.0 0.004568782969727181
409.0 1.623034063917561e-10
410.0 1.623034063917561e-10
411.0 0.0012192208487249445
412.0 1.623034063917561e-10
413.0 1.623034063917561e-10
414.0 1.623034063917561e-10
415.0 1.623034063917561e-10
416.0 1.623034063917561e-10
417.0 1.623034063917561e-10
418.0 1.623034063917561e-10
419.0 1.623034063917561e-10
420.0 1.623034063917561e-10
421.0 1.623034063917561e-10
422.0 1.623034063917561e-10
423.0 1.623034063917561e-10
424.0 1.623034063917561e-10
425.0 1.623034063917561e-10
426.0 1.623034063917561e-10
427.0 0.0004265895313437795
428.0 0.0024663921067258343
429.0 0.0016540107026230544
430.0 0.0008416291166213341
431.0 0.00023074057935446035
432.0 1.623034063917561e-10
433.0 1.623034063917561e-10
434.0 1.623034063917561e-10
435.0 0.00010920396107394481
436.0 0.00025880030989355873
437.0 1.623034063917561e-10
438.0 1.623034063917561e-10
439.0 0.00037124252685316605
440.0 0.0017566673705005087
441.0 0.0005786946985608665
442.0 1.623034063917561e-10
443.0 1.623034063917561e-10
444.0 1.623034063917561e-10
445.0 0.000227787631956744
446.0 0.0006624977231695084
447.0 0.00011214040114282398
448.0 1.623034063917561e-10
449.0 0.0005019574928155635
450.0 0.0014421315427171066
451.0 1.623034063917561e-10
452.0 1.623034063917561e-10
453.0 1.623034063917561e-10
454.0 1.623034063917561e-10
455.0 1.623034063917561e-10
456.0 1.623034063917561e-10
457.0 1.623034063917561e-10
458.0 0.00022020817596057896
459.0 1.623034063917561e-10
460.0 1.623034063917561e-10
461.0 1.623034063917561e-10
462.0 1.623034063917561e-10
463.0 1.623034063917561e-10
464.0 3.5079452231912e-05
465.0 0.00021432413177535636
466.0 0.00039356887100439053
467.0 1.623034063917561e-10
468.0 1.623034063917561e-10
469.0 1.623034063917561e-10
470.0 0.00045665378820558544
471.0 1.623034063917561e-10
472.0 1.623034063917561e-10
473.0 1.623034063917561e-10
474.0 1.623034063917561e-10
475.0 1.623034063917561e-10
476.0 1.623034063917561e-10
477.0 0.00030085120670264587
478.0 0.0007024079877737677
479.0 0.0003806977701970027
480.0 5.898781409996445e-05
481.0 0.00011473862286948133
482.0 0.00017048936342689558
483.0 2.8383584549374063e-05
484.0 1.623034063917561e-10
485.0 1.623034063917561e-10
486.0 1.623034063917561e-10
487.0 1.623034063917561e-10
488.0 1.623034063917561e-10
489.0 1.623034063917561e-10
490.0 1.623034063917561e-10
491.0 1.623034063917561e-10
492.0 7.688028063057573e-05
493.0 1.623034063917561e-10
494.0 1.623034063917561e-10
495.0 9.685281838756055e-05
496.0 0.0011524346518854145
497.0 0.00044009530029143207
498.0 1.623034063917561e-10
499.0 0.0001438084495930525
500.0 0.0005598614734481089
501.0 0.00014440405493587605
502.0 1.623034063917561e-10
503.0 1.623034063917561e-10
504.0 1.623034063917561e-10
505.0 1.623034063917561e-10
506.0 0.00022859205728309462
507.0 1.623034063917561e-10
508.0 1.623034063917561e-10
509.0 1.623034063917561e-10
510.0 1.623034063917561e-10
511.0 6.228938218555413e-05
512.0 0.00045850106289435644
513.0 0.0005359985152608715
514.0 0.0006134957402537111
515.0 0.0005605173555522924
516.0 0.0005075389253761386
517.0 0.0002627078856676235
518.0 1.787680474762965e-05
519.0 0.00013905553259974113
520.0 0.0002602341965030064
521.0 0.00040022005123319104
522.0 0.000540205792276538
523.0 0.00016836844451972865
524.0 1.623034063917561e-10
525.0 1.623034063917561e-10
526.0 1.623034063917561e-10
527.0 1.623034063917561e-10
528.0 1.623034063917561e-10
529.0 1.623034063917561e-10
530.0 1.623034063917561e-10
531.0 0.0002160244093829533
532.0 0.000608782829658594
533.0 0.00016859622746778768
534.0 1.623034063917561e-10
535.0 1.623034063917561e-10
536.0 0.00011882291346410057
537.0 1.623034063917561e-10
538.0 1.623034063917561e-10
539.0 1.623034063917561e-10
540.0 4.7160634153442516e-05
541.0 1.623034063917561e-10
542.0 1.623034063917561e-10
543.0 1.623034063917561e-10
544.0 1.623034063917561e-10
545.0 1.623034063917561e-10
546.0 1.623034063917561e-10
547.0 6.50302069971076e-05
548.0 0.0004406691914482508
549.0 1.623034063917561e-10
550.0 1.623034063917561e-10
551.0 1.623034063917561e-10
552.0 1.623034063917561e-10
553.0 1.623034063917561e-10
554.0 1.623034063917561e-10
555.0 1.623034063917561e-10
556.0 1.623034063917561e-10
557.0 1.623034063917561e-10
558.0 1.623034063917561e-10
559.0 1.623034063917561e-10
560.0 0.0001557295490783872
561.0 1.623034063917561e-10
562.0 1.623034063917561e-10
563.0 1.623034063917561e-10
564.0 1.623034063917561e-10
565.0 1.623034063917561e-10
566.0 1.623034063917561e-10
567.0 1.623034063917561e-10
568.0 1.623034063917561e-10
569.0 0.00023498112113884417
570.0 0.0005302920726535376
571.0 0.00038182556636456866
572.0 0.00023335924197454005
573.0 0.0004049412837048294
574.0 0.0005765237801824696
575.0 0.0002674221605047933
576.0 1.623034063917561e-10
577.0 7.070153174026927e-05
578.0 0.0001830824089665839
579.0 0.00033605356293264776
580.0 0.000489024751004763
581.0 0.0008953912583820056
582.0 0.0013017580386076588
583.0 0.0015359702956629917
584.0 0.0017701828255667351
585.0 0.0014877140529279131
586.0 0.0012052452802890912
587.0 0.0011353665286151227
588.0 0.0010654878678906243
589.0 0.0008930790500016883
590.0 0.0007206701411632821
591.0 0.0008792933840595651
592.0 0.0010379167179053184
593.0 0.0009087178113986738
594.0 0.0007795186320436187
595.0 0.0007647196980542503
596.0 0.0007499206276406767
597.0 0.001012427583191311
598.0 0.0012749344932672102
599.0 0.0017170945284306072
600.0 0.0021592546545434743
601.0 0.002429146297799889
602.0 0.0026990383048541844
603.0 0.0023316795704886317
604.0 0.0019643211999209598
605.0 0.0015114006600924768
606.0 0.0010584799383650534
607.0 0.0009800822226679884
608.0 0.0009016844160214532
609.0 0.0005717253316106508
610.0 0.00024176631541195093
611.0 0.00044365492612996604
612.0 0.0006455436050600838
613.0 0.0007243514573929133
614.0 0.000803159400675213
615.0 0.0009143720490101259
616.0 0.0010255846973450389
617.0 0.0008959971637523267
618.0 0.0007664097211090848
619.0 0.0005188794602872804
620.0 0.00027134929041494615
621.0 0.0004625458132068161
622.0 0.0006537422905239509
623.0 0.0005794990102003794
624.0 0.000505255775351543
625.0 0.000787142835179111
626.0 0.0010690299859561492
627.0 0.0009653088454797398
628.0 0.0008615877050033305
629.0 0.0010242079952149652
630.0 0.00118682837637607
631.0 0.0016173156836885028
632.0 0.002047802809101995
633.0 0.002195892193412874
634.0 0.0023439815777237527
635.0 0.002430395397823304
636.0 0.002516809036023915
637.0 0.0022262267521000467
638.0 0.0019356442862772383
639.0 0.0013325949112186208
640.0 0.0007295452178368578
641.0 0.0007970129445311613
642.0 0.0008644806257507298
643.0 0.0006332569228106877
644.0 0.00040203317439591046
645.0 0.0004528449608187657
646.0 0.0005036566562921507
647.0 0.0003088629455305636
648.0 0.00011406942803660058
649.0 7.774468713250826e-05
650.0 4.1420074126108375e-05
651.0 0.0005317325758369407
652.0 0.0010220452168141492
653.0 0.0013160393791622482
654.0 0.0016100331777124666
655.0 0.001626515768293757
656.0 0.001642998176976107
657.0 0.002661974031070713
658.0 0.0036809502489631996
659.0 0.004177935625193641
660.0 0.004674920637626201
661.0 0.00442973650933709
662.0 0.004184552381047979
663.0 0.003032692438864615
664.0 0.0018808328604791313
665.0 0.0016427840819233097
666.0 0.0014047351214685477
667.0 0.0013253229553811252
668.0 0.0012459106073947623
669.0 0.0008527367754140869
670.0 0.0004595629889081465
671.0 0.0005308913387125358
672.0 0.0006022195975674549
673.0 0.00047095040827116463
674.0 0.0003396811962375068
675.0 0.0006635028057644377
676.0 0.000987324438028736
677.0 0.0016484853404108435
678.0 0.0023096465156413615
679.0 0.0024351491447305307
680.0 0.0025606515919207595
681.0 0.0034691202017711475
682.0 0.004377588993520476
683.0 0.006340977415675297
684.0 0.008304366201628
685.0 0.008886664727469906
686.0 0.00946896689129062
687.0 0.008471305045532063
688.0 0.007473644654965028
689.0 0.0058050813095178455
690.0 0.004136518691666424
691.0 0.0037242502003209665
692.0 0.003311981345177628
693.0 0.0030587343644583598
694.0 0.002805487201840151
695.0 0.0023391512513626367
696.0 0.0018728154827840626
697.0 0.0013269075680000242
698.0 0.0007809993803675752
699.0 0.0006053767265257193
700.0 0.00042975398173439316
701.0 0.0003590817186704953
702.0 0.0002884096147681703
703.0 0.0005438032985694008
704.0 0.000799197096057469
705.0 0.000807603464636486
706.0 0.0008160099241649732
707.0 0.0008807842277747113
708.0 0.0009455581675865687
709.0 0.0006642469543294283
710.0 0.00038293555917334743
711.0 0.0005839917321281973
712.0 0.000785047814133577
713.0 0.0008423723556916229
714.0 0.0008996968063001987
715.0 0.0006366190973494668
716.0 0.0003735413201866322
717.0 0.0004668719157052692
718.0 0.0005602023520623334
719.0 0.0004637453912437195
720.0 0.00036728838495037053
721.0 0.0003498296791804023
722.0 0.00033237095067306655
723.0 0.00038643329389742576
724.0 0.0004404956143844174
725.0 0.0002987109155583312
726.0 0.00015692605757067213
727.0 0.0002403537337158923
728.0 0.00032378143259848
729.0 0.00032300072234647814
730.0 0.00032222001209447626
731.0 0.0004023454039270291
732.0 0.00048247084123431705
733.0 0.00029051377623545704
734.0 9.85568476608023e-05
735.0 0.00020865111309831263
736.0 0.00031874537853582297
737.0 0.0004187795639154501
738.0 0.0005188137492950773
739.0 0.0005872822839592118
740.0 0.0006557507276738761
741.0 0.0009330489774583839
742.0 0.0012103475455660373
743.0 0.0020351075363578275
744.0 0.002859867163351737
745.0 0.0034509899705881253
746.0 0.004042112050228752
747.0 0.00449211620434653
748.0 0.004942120358464308
749.0 0.0042307150579290465
750.0 0.0035193101211916655
751.0 0.0030860668630339205
752.0 0.0026528241505729966
753.0 0.0022240592443267815
754.0 0.001795294156181626
755.0 0.001962190435733646
756.0 0.0021290868971846066
757.0 0.0018374328647041693
758.0 0.0015457786503247917
759.0 0.0013108774510328658
760.0 0.0010759761607914697
761.0 0.0012986110959900543
762.0 0.001521246122138109
763.0 0.0011199413165741134
764.0 0.0007186363745859126
765.0 0.0008735835763218347
766.0 0.001028530823532492
767.0 0.0008616356353741139
768.0 0.0006947403107915306
769.0 0.0006786666745028924
770.0 0.0006625929017900489
771.0 0.0004951193204760784
772.0 0.00032764564821263775
773.0 0.0003455109663264011
774.0 0.0003633761934906943
775.0 0.0004470223757380154
776.0 0.0005306684670358663
777.0 0.0005531400347535964
778.0 0.000575611375097651
779.0 0.0008067403541645035
780.0 0.0010378692422818858
781.0 0.0010141441634914372
782.0 0.0009904190847009886
783.0 0.0008507400707458146
784.0 0.0007110609203664353
785.0 0.0011072093002439942
786.0 0.0015033573617984075
787.0 0.0011780789463955443
788.0 0.0008528002581442706
789.0 0.0010349043805035762
790.0 0.0012170084119134117
791.0 0.0010385722816863563
792.0 0.0008601360605098307
793.0 0.0002682547574295313
794.0 1.623034063917561e-10
795.0 1.623034063917561e-10
796.0 4.36240981116498e-05
797.0 0.00034202917049697135
798.0 0.0006404342002497287
799.0 0.0004035646725242259
800.0 0.00016669503111188533
801.0 0.00010485046004760079
802.0 4.300586908811965e-05
803.0 1.623034063917561e-10
804.0 1.623034063917561e-10
805.0 1.623034063917561e-10
806.0 1.623034063917561e-10
807.0 1.623034063917561e-10
808.0 7.489711606467608e-05
809.0 0.00022585609258385375
810.0 0.00037681518278986914
811.0 0.00016735555163904792
812.0 1.623034063917561e-10
813.0 0.0002931518565674196
814.0 0.0006284078608587151
815.0 0.0004204589913570089
816.0 0.00021251007638056763
817.0 0.0003099562263741973
818.0 0.00040740237636782695
819.0 0.00025812908006628277
820.0 0.0001088558178707899
821.0 1.623034063917561e-10
822.0 1.623034063917561e-10
823.0 1.623034063917561e-10
824.0 1.623034063917561e-10
825.0 1.623034063917561e-10
826.0 1.623034063917561e-10
827.0 0.00010275166459905449
828.0 0.00040820268623065203
829.0 0.00023476452497561695
830.0 6.132676730885578e-05
831.0 1.623034063917561e-10
832.0 1.623034063917561e-10
833.0 1.623034063917561e-10
834.0 1.623034063917561e-10
835.0 1.623034063917561e-10
836.0 9.070730015992012e-05
837.0 1.623034063917561e-10
838.0 1.623034063917561e-10
839.0 1.623034063917561e-10
840.0 1.623034063917561e-10
841.0 1.623034063917561e-10
842.0 0.00012533943163361982
843.0 8.522088705831266e-05
844.0 4.510225153353531e-05
845.0 0.00010167607342737028
846.0 0.00015824981574041885
847.0 0.00020052739273523912
848.0 0.00024280489014927298
849.0 0.00032225345876213396
850.0 0.0004017018454760546
851.0 0.00024136752472259104
852.0 8.103322102215316e-05
853.0 0.0003200078708687215
854.0 0.0005589825832430506
855.0 0.00044864877963846084
856.0 0.00033831486234703334
857.0 0.00042805463635886554
858.0 0.0005177943421585951
859.0 0.0006985663276282139
860.0 0.0008793382221483625
861.0 0.001019024603010621
862.0 0.0011587109838728793
863.0 0.0013532580851460807
864.0 0.0015478051864192821
865.0 0.002009335730690509
866.0 0.0024708660930627957
867.0 0.0022793241441831924
868.0 0.00208778255910147
869.0 0.001960899135156069
870.0 0.001834015711210668
871.0 0.0015904737665550783
872.0 0.0013469318218994886
873.0 0.0015357169104390778
874.0 0.0017245016351807863
875.0 0.002001938264584169
876.0 0.0022793750758864917
877.0 0.0024996985303005204
878.0 0.0027200223485124297
879.0 0.0029048813303234056
