lsstcam/qe_curves/r43_s00/19700101T000000.ecsv
# %ECSV 0.9
# ---
# datatype:
# - {name: amp_name, datatype: string}
# - {name: wavelength, unit: nm, datatype: float32}
# - {name: efficiency, unit: '%', datatype: float32}
# meta: !!omap
# - {MODE: AMP}
# - {TYPE: QE}
# - {CALIBDATE: '1970-01-01T00:00:00'}
# - {INSTRUME: LSSTCAM}
# - {OBSTYPE: qe_curves}
# - {DETECTOR: 180}
# - {PICKLEFILE: RaftRun11671.p}
# - {CALIB_ID: 'raftName=R43 detectorName=S00 detector=180 calibDate=1970-01-01T00:00:00 ccd=180 ccdnum=180 filter=None'}
# - {DATE: '2020-01-23T15:40:02.521290'}
# - {CALIB_CREATION_DATE: '2020-01-23'}
# - {CALIB_CREATION_TIME: '15:40:02'}
# - __serialized_columns__:
#     efficiency:
#       __class__: astropy.units.quantity.Quantity
#       unit: !astropy.units.Unit {unit: '%'}
#       value: !astropy.table.SerializedColumn {name: efficiency}
#     wavelength:
#       __class__: astropy.units.quantity.Quantity
#       unit: !astropy.units.Unit {unit: nm}
#       value: !astropy.table.SerializedColumn {name: wavelength}
# schema: astropy-2.0
amp_name wavelength efficiency
C12 319.994 46.492516
C12 324.969 47.659275
C12 349.982 55.099632
C12 374.975 70.54995
C12 400.019 83.625
C12 424.965 86.22487
C12 450.035 86.85798
C12 475.003 86.00256
C12 500.018 86.05034
C12 525.002 86.678825
C12 550.029 87.55906
C12 575.023 89.61429
C12 599.982 90.8085
C12 619.997 92.02238
C12 624.979 92.13248
C12 650.012 93.23332
C12 675.004 94.40869
C12 700.03 95.52064
C12 725.012 96.73078
C12 750.022 98.57844
C12 774.987 99.9435
C12 799.976 100.38706
C12 824.988 100.01978
C12 850.022 98.37044
C12 869.967 96.434044
C12 875.002 95.318924
C12 899.999 88.69695
C12 919.999 80.38104
C12 925.012 78.03195
C12 949.965 65.301384
C12 975.002 48.98627
C12 999.976 30.341923
C12 1025.028 14.39048
C12 1050.014 5.7574253
C12 1075.002 3.272327
C12 1099.99 2.2192166
C04 319.994 46.894115
C04 324.969 48.09456
C04 349.982 55.609116
C04 374.975 70.881096
C04 400.019 83.72415
C04 424.965 86.20772
C04 450.035 86.82973
C04 475.003 86.00356
C04 500.018 86.1161
C04 525.002 86.83196
C04 550.029 87.79857
C04 575.023 89.92977
C04 599.982 91.175
C04 619.997 92.41585
C04 624.979 92.53711
C04 650.012 93.65517
C04 675.004 94.83895
C04 700.03 95.86861
C04 725.012 96.86371
C04 750.022 98.43574
C04 774.987 99.534004
C04 799.976 99.876724
C04 824.988 99.594604
C04 850.022 97.96583
C04 869.967 95.984985
C04 875.002 94.84841
C04 899.999 88.2984
C04 919.999 80.601524
C04 925.012 78.403114
C04 949.965 65.99534
C04 975.002 49.8025
C04 999.976 30.6254
C04 1025.028 14.432513
C04 1050.014 5.809392
C04 1075.002 3.2815092
C04 1099.99 2.2567506
C14 319.994 46.77496
C14 324.969 48.024338
C14 349.982 55.732044
C14 374.975 71.029976
C14 400.019 83.69842
C14 424.965 86.08502
C14 450.035 86.6697
C14 475.003 85.858284
C14 500.018 85.97398
C14 525.002 86.666885
C14 550.029 87.59477
C14 575.023 89.685646
C14 599.982 90.90166
C14 619.997 92.12071
C14 624.979 92.237434
C14 650.012 93.33917
C14 675.004 94.51531
C14 700.03 95.619446
C14 725.012 96.832375
C14 750.022 98.68491
C14 774.987 100.051506
C14 799.976 100.480644
C14 824.988 100.097046
C14 850.022 98.420456
C14 869.967 96.46032
C14 875.002 95.348076
C14 899.999 88.715836
C14 919.999 80.39944
C14 925.012 78.045906
C14 949.965 65.2924
C14 975.002 49.03296
C14 999.976 30.270847
C14 1025.028 14.34865
C14 1050.014 5.734351
C14 1075.002 3.2555146
C14 1099.99 2.20288
C01 319.994 47.326897
C01 324.969 48.664734
C01 349.982 56.626263
C01 374.975 71.62163
C01 400.019 83.795525
C01 424.965 85.928246
C01 450.035 86.48133
C01 475.003 85.74048
C01 500.018 85.97454
C01 525.002 86.78916
C01 550.029 87.82889
C01 575.023 90.00351
C01 599.982 91.27295
C01 619.997 92.523
C01 624.979 92.636314
C01 650.012 93.7558
C01 675.004 94.91538
C01 700.03 95.9335
C01 725.012 96.9052
C01 750.022 98.45977
C01 774.987 99.534775
C01 799.976 99.84129
C01 824.988 99.515205
C01 850.022 97.87896
C01 869.967 95.89115
C01 875.002 94.75427
C01 899.999 88.216576
C01 919.999 80.51344
C01 925.012 78.30206
C01 949.965 65.83912
C01 975.002 49.53347
C01 999.976 30.452435
C01 1025.028 14.357668
C01 1050.014 5.8001785
C01 1075.002 3.2540216
C01 1099.99 2.2428334
C06 319.994 46.68313
C06 324.969 47.815178
C06 349.982 55.118378
C06 374.975 70.6007
C06 400.019 83.83439
C06 424.965 86.52917
C06 450.035 87.188614
C06 475.003 86.32125
C06 500.018 86.37041
C06 525.002 87.01015
C06 550.029 87.91173
C06 575.023 89.99935
C06 599.982 91.212715
C06 619.997 92.43836
C06 624.979 92.55491
C06 650.012 93.66999
C06 675.004 94.848885
C06 700.03 95.87385
C06 725.012 96.83072
C06 750.022 98.359215
C06 774.987 99.41023
C06 799.976 99.75174
C06 824.988 99.499
C06 850.022 97.842064
C06 869.967 95.802185
C06 875.002 94.677704
C06 899.999 88.14584
C06 919.999 80.62429
C06 925.012 78.47109
C06 949.965 66.05983
C06 975.002 49.979275
C06 999.976 30.755287
C06 1025.028 14.499178
C06 1050.014 5.88691
C06 1075.002 3.3138878
C06 1099.99 2.2585077
C03 319.994 47.100506
C03 324.969 48.346565
C03 349.982 56.018993
C03 374.975 71.238655
C03 400.019 83.89152
C03 424.965 86.272446
C03 450.035 86.86905
C03 475.003 86.07168
C03 500.018 86.22952
C03 525.002 86.97856
C03 550.029 87.96788
C03 575.023 90.1128
C03 599.982 91.365204
C03 619.997 92.61201
C03 624.979 92.73143
C03 650.012 93.84992
C03 675.004 95.02902
C03 700.03 96.06256
C03 725.012 97.06843
C03 750.022 98.65966
C03 774.987 99.7788
C03 799.976 100.116684
C03 824.988 99.81565
C03 850.022 98.187996
C03 869.967 96.214516
C03 875.002 95.076515
C03 899.999 88.51003
C03 919.999 80.77146
C03 925.012 78.55827
C03 949.965 66.061455
C03 975.002 49.709766
C03 999.976 30.58224
C03 1025.028 14.423218
C03 1050.014 5.8077893
C03 1075.002 3.2725863
C03 1099.99 2.2550437
C00 319.994 47.54094
C00 324.969 48.9267
C00 349.982 57.057384
C00 374.975 71.98691
C00 400.019 83.980896
C00 424.965 86.01556
C00 450.035 86.5407
C00 475.003 85.825836
C00 500.018 86.097046
C00 525.002 86.93608
C00 550.029 87.98187
C00 575.023 90.1591
C00 599.982 91.41922
C00 619.997 92.66866
C00 624.979 92.78518
C00 650.012 93.9039
C00 675.004 95.05685
C00 700.03 96.04124
C00 725.012 96.94162
C00 750.022 98.408226
C00 774.987 99.38712
C00 799.976 99.65174
C00 824.988 99.32634
C00 850.022 97.65436
C00 869.967 95.681496
C00 875.002 94.5475
C00 899.999 87.912445
C00 919.999 80.05987
C00 925.012 77.85328
C00 949.965 65.50947
C00 975.002 49.490868
C00 999.976 30.388906
C00 1025.028 14.288272
C00 1050.014 5.7706647
C00 1075.002 3.223057
C00 1099.99 2.22603
C13 319.994 46.66074
C13 324.969 47.86559
C13 349.982 55.434933
C13 374.975 70.81648
C13 400.019 83.700424
C13 424.965 86.199066
C13 450.035 86.81244
C13 475.003 85.977135
C13 500.018 86.06023
C13 525.002 86.720215
C13 550.029 87.622444
C13 575.023 89.69677
C13 599.982 90.90306
C13 619.997 92.121376
C13 624.979 92.23402
C13 650.012 93.33337
C13 675.004 94.509895
C13 700.03 95.619576
C13 725.012 96.83131
C13 750.022 98.68796
C13 774.987 100.05721
C13 799.976 100.49735
C13 824.988 100.123055
C13 850.022 98.45678
C13 869.967 96.509964
C13 875.002 95.39326
C13 899.999 88.75921
C13 919.999 80.451385
C13 925.012 78.09937
C13 949.965 65.36916
C13 975.002 49.09436
C13 999.976 30.331306
C13 1025.028 14.378025
C13 1050.014 5.7410293
C13 1075.002 3.2655678
C13 1099.99 2.2113194
C17 319.994 47.36083
C17 324.969 48.751144
C17 349.982 56.943233
C17 374.975 71.97737
C17 400.019 83.99573
C17 424.965 86.03003
C17 450.035 86.56372
C17 475.003 85.8329
C17 500.018 86.05855
C17 525.002 86.84049
C17 550.029 87.81388
C17 575.023 89.924385
C17 599.982 91.14854
C17 619.997 92.37699
C17 624.979 92.48905
C17 650.012 93.58202
C17 675.004 94.74169
C17 700.03 95.78932
C17 725.012 96.8757
C17 750.022 98.56128
C17 774.987 99.75157
C17 799.976 100.08236
C17 824.988 99.694115
C17 850.022 97.95698
C17 869.967 95.93689
C17 875.002 94.825806
C17 899.999 88.292694
C17 919.999 80.03196
C17 925.012 77.690506
C17 949.965 64.92056
C17 975.002 48.89034
C17 999.976 30.071142
C17 1025.028 14.185547
C17 1050.014 5.705601
C17 1075.002 3.228398
C17 1099.99 2.183381
C11 319.994 46.824593
C11 324.969 47.96545
C11 349.982 55.35927
C11 374.975 71.03241
C11 400.019 84.410675
C11 424.965 87.130035
C11 450.035 87.7873
C11 475.003 86.89426
C11 500.018 86.90615
C11 525.002 87.51273
C11 550.029 88.3795
C11 575.023 90.439766
C11 599.982 91.645065
C11 619.997 92.86271
C11 624.979 92.97522
C11 650.012 94.0872
C11 675.004 95.27637
C11 700.03 96.399315
C11 725.012 97.613914
C11 750.022 99.4738
C11 774.987 100.847115
C11 799.976 101.295845
C11 824.988 100.93357
C11 850.022 99.306786
C11 869.967 97.36425
C11 875.002 96.24004
C11 899.999 89.60459
C11 919.999 81.195305
C11 925.012 78.82263
C11 949.965 65.88126
C11 975.002 49.330723
C11 999.976 30.6888
C11 1025.028 14.565461
C11 1050.014 5.8559966
C11 1075.002 3.314396
C11 1099.99 2.2476869
C10 319.994 45.968372
C10 324.969 47.059956
C10 349.982 54.261555
C10 374.975 69.8151
C10 400.019 83.23365
C10 424.965 86.00698
C10 450.035 86.62716
C10 475.003 85.66606
C10 500.018 85.62161
C10 525.002 86.188515
C10 550.029 87.04136
C10 575.023 89.09492
C10 599.982 90.30093
C10 619.997 91.51458
C10 624.979 91.631134
C10 650.012 92.741066
C10 675.004 93.92716
C10 700.03 95.04748
C10 725.012 96.24757
C10 750.022 98.084145
C10 774.987 99.44306
C10 799.976 99.8985
C10 824.988 99.55751
C10 850.022 97.9848
C10 869.967 96.06701
C10 875.002 94.97115
C10 899.999 88.4795
C10 919.999 80.14636
C10 925.012 77.778244
C10 949.965 64.83615
C10 975.002 48.552326
C10 999.976 30.372166
C10 1025.028 14.363105
C10 1050.014 5.7797923
C10 1075.002 3.2365973
C10 1099.99 2.1992915
C07 319.994 46.930275
C07 324.969 48.037804
C07 349.982 55.318348
C07 374.975 71.08239
C07 400.019 84.685196
C07 424.965 87.51247
C07 450.035 88.17446
C07 475.003 87.25711
C07 500.018 87.2575
C07 525.002 87.856255
C07 550.029 88.73644
C07 575.023 90.82083
C07 599.982 92.03603
C07 619.997 93.27083
C07 624.979 93.38792
C07 650.012 94.5227
C07 675.004 95.709175
C07 700.03 96.7548
C07 725.012 97.711815
C07 750.022 99.247116
C07 774.987 100.29705
C07 799.976 100.65108
C07 824.988 100.39418
C07 850.022 98.70705
C07 869.967 96.62931
C07 875.002 95.51066
C07 899.999 89.03126
C07 919.999 81.56247
C07 925.012 79.40955
C07 949.965 66.674065
C07 975.002 50.3182
C07 999.976 30.947924
C07 1025.028 14.574838
C07 1050.014 5.9263306
C07 1075.002 3.2885835
C07 1099.99 2.2404168
C15 319.994 47.06995
C15 324.969 48.367214
C15 349.982 56.25176
C15 374.975 71.49706
C15 400.019 83.96547
C15 424.965 86.23485
C15 450.035 86.802475
C15 475.003 86.01846
C15 500.018 86.17407
C15 525.002 86.89774
C15 550.029 87.84515
C15 575.023 89.949104
C15 599.982 91.17354
C15 619.997 92.40315
C15 624.979 92.517746
C15 650.012 93.62367
C15 675.004 94.794174
C15 700.03 95.89459
C15 725.012 97.09492
C15 750.022 98.932
C15 774.987 100.279594
C15 799.976 100.69052
C15 824.988 100.29407
C15 850.022 98.60165
C15 869.967 96.63857
C15 875.002 95.52484
C15 899.999 88.8978
C15 919.999 80.52349
C15 925.012 78.16355
C15 949.965 65.33386
C15 975.002 49.02545
C15 999.976 30.287737
C15 1025.028 14.367191
C15 1050.014 5.748235
C15 1075.002 3.2571247
C15 1099.99 2.200937
C02 319.994 47.081196
C02 324.969 48.369766
C02 349.982 56.158154
C02 374.975 71.21569
C02 400.019 83.592
C02 424.965 85.843704
C02 450.035 86.416214
C02 475.003 85.64873
C02 500.018 85.84496
C02 525.002 86.628174
C02 550.029 87.64246
C02 575.023 89.799904
C02 599.982 91.061424
C02 619.997 92.30937
C02 624.979 92.42462
C02 650.012 93.54135
C02 675.004 94.70975
C02 700.03 95.73474
C02 725.012 96.73927
C02 750.022 98.323074
C02 774.987 99.43659
C02 799.976 99.76371
C02 824.988 99.44697
C02 850.022 97.8209
C02 869.967 95.84426
C02 875.002 94.70969
C02 899.999 88.163536
C02 919.999 80.4486
C02 925.012 78.237885
C02 949.965 65.78907
C02 975.002 49.492775
C02 999.976 30.458326
C02 1025.028 14.36434
C02 1050.014 5.7919574
C02 1075.002 3.2583566
C02 1099.99 2.24515
C16 319.994 47.152466
C16 324.969 48.490463
C16 349.982 56.48633
C16 374.975 71.58286
C16 400.019 83.797485
C16 424.965 85.94668
C16 450.035 86.50132
C16 475.003 85.74958
C16 500.018 85.947395
C16 525.002 86.70991
C16 550.029 87.68002
C16 575.023 89.79351
C16 599.982 91.02215
C16 619.997 92.256004
C16 624.979 92.37027
C16 650.012 93.473434
C16 675.004 94.63487
C16 700.03 95.71946
C16 725.012 96.87963
C16 750.022 98.66653
C16 774.987 99.95825
C16 799.976 100.3354
C16 824.988 99.935234
C16 850.022 98.22836
C16 869.967 96.25821
C16 875.002 95.15054
C16 899.999 88.57168
C16 919.999 80.22827
C16 925.012 77.87651
C16 949.965 65.04537
C16 975.002 48.803288
C16 999.976 30.122538
C16 1025.028 14.2972765
C16 1050.014 5.733568
C16 1075.002 3.2446842
C16 1099.99 2.1905885
C05 319.994 46.744907
C05 324.969 47.91013
C05 349.982 55.31402
C05 374.975 70.674576
C05 400.019 83.70503
C05 424.965 86.28761
C05 450.035 86.91532
C05 475.003 86.05836
C05 500.018 86.13341
C05 525.002 86.81163
C05 550.029 87.750404
C05 575.023 89.86688
C05 599.982 91.10544
C05 619.997 92.34506
C05 624.979 92.46359
C05 650.012 93.58358
C05 675.004 94.76609
C05 700.03 95.79452
C05 725.012 96.76896
C05 750.022 98.31666
C05 774.987 99.39215
C05 799.976 99.73116
C05 824.988 99.46808
C05 850.022 97.82749
C05 869.967 95.81424
C05 875.002 94.685524
C05 899.999 88.131645
C05 919.999 80.485886
C05 925.012 78.305824
C05 949.965 65.96064
C05 975.002 49.930527
C05 999.976 30.713806
C05 1025.028 14.472002
C05 1050.014 5.840295
C05 1075.002 3.3029213
C05 1099.99 2.2609427
