lsstCam/transmission_filter_detector/r22_s11/z_20/19700101T000000.ecsv
# %ECSV 1.0
# ---
# datatype:
# - {name: wavelength, unit: nm, datatype: float32}
# - {name: efficiency, unit: '%', datatype: float64}
# meta: !!omap
# - {MODE: DETECTOR}
# - {TYPE: transmission_filter_detector}
# - {CALIBDATE: '1970-01-01T00:00:00'}
# - {INSTRUME: LSSTCam}
# - {OBSTYPE: transmission_filter_detector}
# - {CALIBCLS: lsst.ip.isr.IntermediateFilterDetectorTransmissionCurve}
# - {SOURCE: Materion (DM-46256)}
# - {DETECTOR: 94}
# - {FILTER: z_20}
# - {CALIB_ID: 'calibDate=1970-01-01T00:00:00 filter=z_20 detector=94'}
# - {DATE: '2025-04-02T15:59:49.074549'}
# - {CALIB_CREATION_DATE: '2025-04-02'}
# - {CALIB_CREATION_TIME: '15:59:49'}
# - __serialized_columns__:
#     efficiency:
#       __class__: astropy.units.quantity.Quantity
#       unit: !astropy.units.Unit {unit: '%'}
#       value: !astropy.table.SerializedColumn {name: efficiency}
#     wavelength:
#       __class__: astropy.units.quantity.Quantity
#       unit: !astropy.units.Unit {unit: nm}
#       value: !astropy.table.SerializedColumn {name: wavelength}
# schema: astropy-2.0
wavelength efficiency
[from data line 597]
897.0 99.72044229507446
898.0 99.21971559524536
899.0 98.55279326438904
900.0 99.03642535209656
901.0 99.77033138275146
902.0 99.41462278366089
903.0 99.20258522033691
904.0 97.98451662063599
905.0 99.07981753349304
906.0 98.73321652412415
907.0 99.19865727424622
908.0 98.41792583465576
909.0 98.49722385406494
910.0 98.32397699356079
911.0 97.58621454238892
912.0 96.19686603546143
913.0 95.28717994689941
914.0 93.34715604782104
915.0 91.07921123504639
916.0 89.3276035785675
917.0 87.25091218948364
918.0 83.86312127113342
919.0 83.08981657028198
920.0 79.681396484375
921.0 76.43316984176636
922.0 72.35947847366333
923.0 66.94137454032898
924.0 61.387473344802856
925.0 55.79989552497864
926.0 50.093984603881836
927.0 42.80498027801514
928.0 37.12024390697479
929.0 30.86523711681366
930.0 25.191566348075867
931.0 20.021937787532806
932.0 14.480741322040558
933.0 9.822461009025574
934.0 6.5934523940086365
935.0 4.153340682387352
936.0 2.38588135689497
937.0 1.5374411828815937
938.0 0.9318366646766663
939.0 0.4855699837207794
940.0 0.42361021041870117
941.0 0.14095670776441693
942.0 0.20937512163072824
943.0 0.1664963667280972
944.0 0.08036206127144396
945.0 0.015935831470414996
946.0 0.13729830970987678
947.0 1.5825038762046217e-10
948.0 0.17916804645210505
949.0 1.5825038762046217e-10
950.0 0.090942217502743
951.0 1.5825038762046217e-10
952.0 1.5825038762046217e-10
953.0 1.5825038762046217e-10
954.0 0.12759417295455933
955.0 0.02846647403202951
956.0 0.06360330735333264
957.0 1.5825038762046217e-10
958.0 1.5825038762046217e-10
959.0 0.015281008381862193
960.0 0.04279018030501902
961.0 0.030573541880585253
962.0 1.5825038762046217e-10
963.0 1.5825038762046217e-10
964.0 0.008973573130788282
965.0 0.09780803229659796
966.0 0.036208549863658845
967.0 1.5825038762046217e-10
968.0 0.022314458328764886
969.0 1.5825038762046217e-10
970.0 1.5825038762046217e-10
971.0 0.06939138984307647
972.0 0.023015745682641864
973.0 0.011226176866330206
974.0 0.11387295089662075
975.0 0.002797245542751625
976.0 0.006714798655593768
977.0 0.006656360346823931
978.0 0.006597924220841378
979.0 0.00641357182757929
980.0 0.0062292179791256785
981.0 0.006011805817252025
982.0 0.0057943936553783715
983.0 0.005819488796987571
984.0 0.005844584302394651
985.0 0.005548930857912637
986.0 0.005253276322036982
987.0 0.0053399915486807
988.0 0.005426706775324419
989.0 0.005306501407176256
990.0 0.005186296039028093
991.0 0.005179714935366064
992.0 0.005173133831704035
993.0 0.00514696876052767
994.0 0.005120803325553425
995.0 0.005017251169192605
996.0 0.004913698649033904
997.0 0.004770440864376724
998.0 0.0046271830797195435
999.0 0.004564501068671234
1000.0 0.004501818693825044
1001.0 0.004567668293020688
1002.0 0.004633517164620571
1003.0 0.0046603094233432785
1004.0 0.004687101682065986
1005.0 0.004691481080953963
1006.0 0.00469586047984194
1007.0 0.004635955701814964
1008.0 0.004576050196192227
1009.0 0.00463793367089238
1010.0 0.004699817145592533
1011.0 0.004721965524367988
1012.0 0.004744114266941324
1013.0 0.004722492303699255
1014.0 0.004700870704255067
1015.0 0.004718044147011824
1016.0 0.004735217589768581
1017.0 0.004876268212683499
1018.0 0.005017319199396297
1019.0 0.004929109854856506
1020.0 0.004840900510316715
1021.0 0.0049239355575991794
1022.0 0.005006970604881644
1023.0 0.004954051109962165
1024.0 0.004901131978840567
1025.0 0.00488886798848398
1026.0 0.004876603998127393
1027.0 0.004929381248075515
1028.0 0.004982158861821517
1029.0 0.0049629648856353015
1030.0 0.004943771273246966
1031.0 0.005123362279846333
1032.0 0.0053029532864457
1033.0 0.0052942632464692
1034.0 0.00528557357029058
1035.0 0.005450434764497913
1036.0 0.005615295594907366
1037.0 0.005738000618293881
1038.0 0.005860705277882516
1039.0 0.005847202191944234
1040.0 0.00583369837841019
1041.0 0.006111158290877938
1042.0 0.006388617475749925
1043.0 0.0061117847508285195
1044.0 0.005834952025907114
1045.0 0.006178539479151368
1046.0 0.006522126932395622
1047.0 0.006379433034453541
1048.0 0.0062367384089156985
1049.0 0.006424367165891454
1050.0 0.006611995922867209
1051.0 0.006813260552007705
1052.0 0.007014525181148201
1053.0 0.007218903192551807
1054.0 0.007423281931551173
1055.0 0.007876703602960333
1056.0 0.008330126729561016
1057.0 0.008176504343282431
1058.0 0.008022881957003847
1059.0 0.008079576218733564
1060.0 0.008136269025271758
1061.0 0.008882312249625102
1062.0 0.009628355473978445
1063.0 0.00974315480561927
1064.0 0.009857954137260094
1065.0 0.009988336387323216
1066.0 0.010118720820173621
1067.0 0.010120178194483742
1068.0 0.010121636296389624
1069.0 0.011099004768766463
1070.0 0.012076371058356017
1071.0 0.011474324855953455
1072.0 0.010872279381146654
1073.0 0.011384421668481082
1074.0 0.011896563228219748
1075.0 0.012246594997122884
1076.0 0.012596629676409066
1077.0 0.012746582797262818
1078.0 0.012896534462925047
1079.0 0.013840141764376312
1080.0 0.014783749065827578
1081.0 0.015222199726849794
1082.0 0.01566065038787201
1083.0 0.015474467363674194
1084.0 0.015288284339476377
1085.0 0.015676287875976413
1086.0 0.016064294322859496
1087.0 0.016878968745004386
1088.0 0.017693641711957753
1089.0 0.018067807832267135
1090.0 0.01844197540776804
1091.0 0.017908483278006315
1092.0 0.017374988237861544
1093.0 0.01841679768403992
1094.0 0.019458605675026774
1095.0 0.020764709915965796
1096.0 0.022070814156904817
1097.0 0.022409333905670792
1098.0 0.022747858020011336
1099.0 0.02376590418862179
1100.0 0.02478394890204072
1101.0 0.025111879222095013
1102.0 0.02543981245253235
1103.0 0.026313308626413345
1104.0 0.027186807710677385
1105.0 0.027285615215077996
1106.0 0.027384425629861653
1107.0 0.028866089996881783
1108.0 0.03034775727428496
1109.0 0.031101363128982484
1110.0 0.03185496898368001
1111.0 0.0320948485750705
1112.0 0.03233473107684404
1113.0 0.03323117853142321
1114.0 0.03412762889638543
1115.0 0.03405338211450726
1116.0 0.033979135332629085
1117.0 0.035100203240290284
1118.0 0.03622127405833453
1119.0 0.03984931972809136
1120.0 0.04347736539784819
1121.0 0.04547572461888194
1122.0 0.04747408675029874
1123.0 0.04655340453609824
1124.0 0.04563272523228079
1125.0 0.04629926988855004
1126.0 0.046965814544819295
1127.0 0.052141305059194565
1128.0 0.05731679266318679
1129.0 0.05824344698339701
1130.0 0.05917010712437332
1131.0 0.05999260465614498
1132.0 0.060815090546384454
1133.0 0.06475498666986823
1134.0 0.06869487697258592
1135.0 0.06953674019314349
1136.0 0.07037859177216887
1137.0 0.07802803884260356
1138.0 0.08567749755457044
1139.0 0.08811583393253386
1140.0 0.09055416448973119
1141.0 0.10309097124263644
1142.0 0.11562774889171124
1143.0 0.13723989250138402
1144.0 0.15885198954492807
1145.0 0.30758059583604336
1146.0 0.45630931854248047
1147.0 0.9632215835154057
1148.0 1.4701339416205883
1149.0 1.65754035115242
1150.0 1.8449477851390839
