lsstCam/transmission_filter_detector/r22_s11/z_20/19700101T000000.ecsv
# %ECSV 1.0
# ---
# datatype:
# - {name: wavelength, unit: nm, datatype: float32}
# - {name: efficiency, unit: '%', datatype: float64}
# meta: !!omap
# - {MODE: DETECTOR}
# - {TYPE: transmission_filter_detector}
# - {CALIBDATE: '1970-01-01T00:00:00'}
# - {INSTRUME: LSSTCam}
# - {OBSTYPE: transmission_filter_detector}
# - {CALIBCLS: lsst.ip.isr.IntermediateFilterDetectorTransmissionCurve}
# - {SOURCE: Materion (DM-46256)}
# - {DETECTOR: 94}
# - {FILTER: z_20}
# - {CALIB_ID: 'calibDate=1970-01-01T00:00:00 filter=z_20 detector=94'}
# - {DATE: '2025-04-02T15:59:49.074549'}
# - {CALIB_CREATION_DATE: '2025-04-02'}
# - {CALIB_CREATION_TIME: '15:59:49'}
# - __serialized_columns__:
#     efficiency:
#       __class__: astropy.units.quantity.Quantity
#       unit: !astropy.units.Unit {unit: '%'}
#       value: !astropy.table.SerializedColumn {name: efficiency}
#     wavelength:
#       __class__: astropy.units.quantity.Quantity
#       unit: !astropy.units.Unit {unit: nm}
#       value: !astropy.table.SerializedColumn {name: wavelength}
# schema: astropy-2.0
wavelength efficiency
300.0 0.6008333060890436
301.0 0.4508758429437876
302.0 0.300918472930789
303.0 0.26873641181737185
304.0 0.2365543507039547
305.0 0.2080368809401989
306.0 0.17951944610103965
307.0 0.16041903290897608
308.0 0.1413186313584447
309.0 0.1356680761091411
310.0 0.13001753250136971
311.0 0.12124947970733047
312.0 0.11248145019635558
313.0 0.10503360535949469
314.0 0.0975857547018677
315.0 0.08719360921531916
316.0 0.07680145790800452
317.0 0.0708896026480943
318.0 0.06497775320895016
319.0 0.0688333937432617
320.0 0.07268903427757323
321.0 0.06702995742671192
322.0 0.061370880575850606
323.0 0.05844210973009467
324.0 0.055513333063572645
325.0 0.04845764196943492
326.0 0.04140195087529719
327.0 0.041114172199741006
328.0 0.04082639352418482
329.0 0.038477848283946514
330.0 0.03612930595409125
331.0 0.03211235161870718
332.0 0.028095400193706155
333.0 0.026805177913047373
334.0 0.025514958542771637
335.0 0.024193934223148972
336.0 0.02287290699314326
337.0 0.0234324557823129
338.0 0.023992001661099494
339.0 0.02222623588750139
340.0 0.02046047302428633
341.0 0.01955954503500834
342.0 0.018658618500921875
343.0 0.016822917677927762
344.0 0.014987219765316695
345.0 0.014801924407947809
346.0 0.014616626140195876
347.0 0.013305473839864135
348.0 0.01199432008434087
349.0 0.013077435141894966
350.0 0.014160553109832108
351.0 0.013467013195622712
352.0 0.012773473281413317
353.0 0.013567802670877427
354.0 0.014362132060341537
355.0 0.012010464706690982
356.0 0.009658798080636188
357.0 0.01009322950267233
358.0 0.010527661652304232
359.0 0.010258021939080209
360.0 0.00998838440864347
361.0 0.009311040776083246
362.0 0.00863370078150183
363.0 0.008555368549423292
364.0 0.008477037044940516
365.0 0.008884709677658975
366.0 0.009292384493164718
367.0 0.009072760440176353
368.0 0.00885313784237951
369.0 0.008950993651524186
370.0 0.009048849460668862
371.0 0.008219809387810528
372.0 0.007390769314952195
373.0 0.006800764094805345
374.0 0.006210759602254257
375.0 0.00633115996606648
376.0 0.006451559602282941
377.0 0.006642875814577565
378.0 0.006834192026872188
379.0 0.006022451998433098
380.0 0.0052107119699940085
381.0 0.004430058834259398
382.0 0.003649405698524788
383.0 0.00443437384092249
384.0 0.005219342347118072
385.0 0.004723943857243285
386.0 0.004228545731166378
387.0 0.005107629840495065
388.0 0.0059867146774195135
389.0 0.005327358667273074
390.0 0.004668003020924516
391.0 0.0044147087464807555
392.0 0.004161414835834876
393.0 0.004638779137167148
394.0 0.005116143438499421
395.0 0.004425916267791763
396.0 0.0037356883694883436
397.0 0.0038286743802018464
398.0 0.003921660027117468
399.0 0.0039675080188317224
400.0 0.004013356374343857
401.0 0.004725614417111501
402.0 0.005437872096081264
403.0 0.004945637556375004
404.0 0.004453403016668744
405.0 0.004444221485755406
406.0 0.004435039954842068
407.0 0.0031772815418662503
408.0 0.0019195234926883131
409.0 0.0029653310775756836
410.0 0.004011139026260935
411.0 0.004265470488462597
412.0 0.0045198019506642595
413.0 0.004156557042733766
414.0 0.003793311771005392
415.0 0.0034291639167349786
416.0 0.003065016062464565
417.0 0.0035030312574235722
418.0 0.0039410464523825794
419.0 0.0035192177165299654
420.0 0.003097389344475232
421.0 0.0036592344258679077
422.0 0.004221079507260583
423.0 0.004072272713528946
424.0 0.003923465919797309
425.0 0.002858305197150912
426.0 0.0017931448383023962
427.0 0.002379999386903364
428.0 0.0029668541174032725
429.0 0.002381046761001926
430.0 0.0017952395864995196
431.0 0.0011775699931604322
432.0 0.000559900036023464
433.0 0.0009114185559155885
434.0 0.0012629369848582428
435.0 0.0014792436559218913
436.0 0.00169555041793501
437.0 0.001640081791265402
438.0 0.0015846133464947343
439.0 0.0022111507860245183
440.0 0.0028376884074532427
441.0 0.0023796388632035814
442.0 0.0019215895008528605
443.0 0.002472973574185744
444.0 0.0030243578294175677
445.0 0.003097762237302959
446.0 0.00317116646328941
447.0 0.002488587961124722
448.0 0.001806009458960034
449.0 0.002327561014681123
450.0 0.0028491125704022124
451.0 0.0023493184926337563
452.0 0.0018495242329663597
453.0 0.00175944333022926
454.0 0.001669362791290041
455.0 0.0022923561118659563
456.0 0.0029153497962397523
457.0 0.0021173871573409997
458.0 0.0013194246093917172
459.0 0.0013255397789180279
460.0 0.0013316548574948683
461.0 0.0012730268281302415
462.0 0.0012143988897150848
463.0 0.0017065862266463228
464.0 0.002198773654527031
465.0 0.002029885035881307
466.0 0.0018609965991345234
467.0 0.0018478322090231813
468.0 0.001834667637012899
469.0 0.0015233275917125866
470.0 0.0012119876373617444
471.0 0.0013180416317482013
472.0 0.001424095535185188
473.0 0.0014114613804849796
474.0 0.0013988269529363606
475.0 0.001204876298288582
476.0 0.001010925552691333
477.0 0.0010713847586885095
478.0 0.0011318438737362158
479.0 0.0016721573047107086
480.0 0.0022124708266346715
481.0 0.001500938833487453
482.0 0.0007894069312897045
483.0 0.0007338232535403222
484.0 0.0006782397122151451
485.0 0.000771013401390519
486.0 0.0008637870450911578
487.0 0.0011274226380919572
488.0 0.001391058412991697
489.0 0.0018023481970885769
490.0 0.0022136378902359866
491.0 0.002122666955983732
492.0 0.0020316960217314772
493.0 0.0021191395717323758
494.0 0.0022065836674300954
495.0 0.0016989301002467982
496.0 0.0011912763511645608
497.0 0.001190295643027639
498.0 0.0011893150258401874
499.0 0.0011470918252598494
500.0 0.0011048687156289816
501.0 0.0008808677193883341
502.0 0.0006568668140971567
503.0 0.0011527215974638239
504.0 0.0016485764717799611
505.0 0.0019361194063094445
506.0 0.0022236623408389278
507.0 0.0020570802007569
508.0 0.0018904980606748722
509.0 0.001696108483884018
510.0 0.0015017189980426338
511.0 0.0012952455108461436
512.0 0.001088771841750713
513.0 0.0014758435099793132
514.0 0.0018629156329552643
515.0 0.001252453603228787
516.0 0.0006419918918254552
517.0 0.0009778140338312369
518.0 0.001313635948463343
519.0 0.0013033582945354283
520.0 0.0012930801858601626
521.0 0.0017459648006479256
522.0 0.0021988495063851587
523.0 0.0015184409676294308
524.0 0.0008380322469747625
525.0 0.0007284530056494987
526.0 0.0006188737643242348
527.0 0.0008754955160839017
528.0 0.001132117449742509
529.0 0.0010667523383744992
530.0 0.0010013871360570192
531.0 0.0012438496924005449
532.0 0.0014863122487440705
533.0 0.0008929004252422601
534.0 0.00029948844257887686
535.0 0.0009102470357902348
536.0 0.0015210055607894901
537.0 0.0015911777154542506
538.0 0.0016613497791695409
539.0 0.0013136443158145994
540.0 0.0009659387615101878
541.0 0.0010865976946661249
542.0 0.0012072567187715322
543.0 0.0012628850527107716
544.0 0.0013185132957005408
545.0 0.0010156432836083695
546.0 0.0007127735443646088
547.0 0.0011800682841567323
548.0 0.0016473628420499153
549.0 0.00157563899847446
550.0 0.0015039150639495347
551.0 0.0016574402252444997
552.0 0.0018109652955899946
553.0 0.0017144764569820836
554.0 0.0016179874364752322
555.0 0.0011633717804215848
556.0 0.0007087561243679374
557.0 0.0011693555279634893
558.0 0.0016299549315590411
559.0 0.001489124679210363
560.0 0.001348294063063804
561.0 0.0012736450116790365
562.0 0.0011989957783953287
563.0 0.0010300424037268385
564.0 0.0008610889381088782
565.0 0.001459740087739192
566.0 0.002058391328318976
567.0 0.002464120007061865
568.0 0.002869848503905814
569.0 0.0025564069801475853
570.0 0.0022429656382882968
571.0 0.0021497562556760386
572.0 0.0020565465092658997
573.0 0.0016411486285505816
574.0 0.0012257508387847338
575.0 0.001800003883545287
576.0 0.00237425683735637
577.0 0.0021426913008326665
578.0 0.001911126310005784
579.0 0.001811958645703271
580.0 0.0017127907995018177
581.0 0.0016051495549618267
582.0 0.0014975077647250146
583.0 0.0020282745026634075
584.0 0.00255904105870286
585.0 0.0026065888960147277
586.0 0.002654136551427655
587.0 0.0021879006453673355
588.0 0.0017216645574080758
589.0 0.0020322895579738542
590.0 0.002342914740438573
591.0 0.0017353018847643398
592.0 0.0011276890290901065
593.0 0.0009853682968241628
594.0 0.000843047473608749
595.0 0.0011913012713193893
596.0 0.0015395549780805595
597.0 0.001185717155749444
598.0 0.0008318793334183283
599.0 0.0008519846232957207
600.0 0.000872089913173113
601.0 0.0007520688086515293
602.0 0.0006320475222310051
603.0 0.0010440729965921491
604.0 0.0014560982890543528
605.0 0.0012020170288451482
606.0 0.0009479355867370032
607.0 0.0008654996236145962
608.0 0.000783063569542719
609.0 0.0010302272130502388
610.0 0.001277390583709348
611.0 0.0008928951501729898
612.0 0.0005083996711618965
613.0 0.00048197102842095774
614.0 0.0004555421128316084
615.0 0.0007450716111634392
616.0 0.0010346012459194753
617.0 0.0015875404642429203
618.0 0.002140479591616895
619.0 0.001920518661790993
620.0 0.0017005575500661507
621.0 0.0018142520275432616
622.0 0.0019279461412224919
623.0 0.0017449081497034058
624.0 0.0015618699762853794
625.0 0.001584088931849692
626.0 0.0016063078874140047
627.0 0.00185241769941058
628.0 0.0020985278752050363
629.0 0.002105320709233638
630.0 0.00211211372516118
631.0 0.0021367477529565804
632.0 0.002161381780751981
633.0 0.0022846494175610133
634.0 0.0024079170543700457
635.0 0.005373764361138456
636.0 0.008339611667906865
637.0 0.015575088036712259
638.0 0.02281056367792189
639.0 0.02031150506809354
640.0 0.017812445003073663
641.0 0.01520404766779393
642.0 0.01259565178770572
643.0 0.00982115016086027
644.0 0.0070466492616105825
645.0 0.006664898683084175
646.0 0.006283148832153529
647.0 0.006100004247855395
648.0 0.0059168592997593805
649.0 0.004503614400164224
650.0 0.0030903698643669486
651.0 0.0034611392038641497
652.0 0.003831908543361351
653.0 0.0031065690563991666
654.0 0.002381229023740161
655.0 0.0025095419914578088
656.0 0.002637855322973337
657.0 0.0027372798285796307
658.0 0.0028367039703880437
659.0 0.002560941175033804
660.0 0.002285178197780624
661.0 0.0022869155145599507
662.0 0.0022886528313392773
663.0 0.002065966691588983
664.0 0.0018432810975355096
665.0 0.001980164597625844
666.0 0.002117048279615119
667.0 0.0023496555513702333
668.0 0.0025822628231253475
669.0 0.0018159926185035147
670.0 0.0010497222319827415
671.0 0.0009730832061904948
672.0 0.0008964441803982481
673.0 0.0012377582606859505
674.0 0.0015790725228725933
675.0 0.0016134097677422687
676.0 0.0016477466488140635
677.0 0.0018750963135971688
678.0 0.0021024457964813337
679.0 0.0015528428775724024
680.0 0.0010032400496129412
681.0 0.0011968497346970253
682.0 0.0013904595107305795
683.0 0.0024025279344641604
684.0 0.003414596721995622
685.0 0.0028541251595015638
686.0 0.002293653778906446
687.0 0.0017699219824862666
688.0 0.0012461903679650277
689.0 0.0015501836969633587
690.0 0.00185417720786063
691.0 0.0021913618184044026
692.0 0.002528546428948175
693.0 0.002954952469735872
694.0 0.003381358692422509
695.0 0.003166059104842134
696.0 0.0029507589715649374
697.0 0.0032088653824757785
698.0 0.00346697197528556
699.0 0.005026649159844965
700.0 0.00658632634440437
701.0 0.0069621572038158774
702.0 0.007337987335631624
703.0 0.006383929576259106
704.0 0.005429869997897185
705.0 0.0048070651246234775
706.0 0.004184260978945531
707.0 0.00377405303879641
708.0 0.0033638447348494083
709.0 0.003967914381064475
710.0 0.004571984391077422
711.0 0.004255537351127714
712.0 0.003939091038773768
713.0 0.003196440593455918
714.0 0.002453789420542307
715.0 0.002362136910960544
716.0 0.0022704838556819595
717.0 0.002202351242885925
718.0 0.00213421844819095
719.0 0.0018040353097603656
720.0 0.0014738518075319007
721.0 0.0011898225238837767
722.0 0.0009057929673872422
723.0 0.0008783910743659362
724.0 0.0008509889994456898
725.0 0.00120136137411464
726.0 0.0015517340216320008
727.0 0.0014580721654056106
728.0 0.0013644103091792203
729.0 0.0013454400686896406
730.0 0.0013264697372505907
731.0 0.001373214035993442
732.0 0.0014199584256857634
733.0 0.0015748229998280294
734.0 0.0017296877558692358
735.0 0.001365668504149653
736.0 0.0010016490705311298
737.0 0.0010434974683448672
738.0 0.0010853454114112537
739.0 0.0014008608559379354
740.0 0.0017163760276162066
741.0 0.0015594683645758778
742.0 0.0014025606105860788
743.0 0.001735167643346358
744.0 0.002067774403258227
745.0 0.0017469747035647742
746.0 0.0014261749129218515
747.0 0.0015224308299366385
748.0 0.001618687019799836
749.0 0.0023395399693981744
750.0 0.003060392918996513
751.0 0.003216898039681837
752.0 0.0033734027965692803
753.0 0.0031199640943668783
754.0 0.0028665255740634166
755.0 0.0020428615243872628
756.0 0.001219197474711109
757.0 0.0019759125279961154
758.0 0.002732627581281122
759.0 0.002915838012995664
760.0 0.003099048262811266
761.0 0.004434090442373417
762.0 0.005769131530541927
763.0 0.005463916750159115
764.0 0.005158703061169945
765.0 0.005321404387359507
766.0 0.005484107168740593
767.0 0.004623224958777428
768.0 0.0037623438402079046
769.0 0.0039036593079799786
770.0 0.004044974775752053
771.0 0.004127388820052147
772.0 0.0042098025005543604
773.0 0.0037316640373319387
774.0 0.0032535259379073977
775.0 1.5825038762046217e-10
776.0 0.015319597150664777
777.0 1.5825038762046217e-10
778.0 0.044348681694827974
779.0 0.03916646528523415
780.0 0.06077190046198666
781.0 1.5825038762046217e-10
782.0 0.06818541442044079
783.0 0.13340121367946267
784.0 0.11487494921311736
785.0 0.1863957615569234
786.0 0.04667057655751705
787.0 0.08469107560813427
788.0 0.06609742413274944
789.0 0.04425299703143537
790.0 0.04657275858335197
791.0 0.038656615652143955
792.0 0.13293161755427718
793.0 1.5825038762046217e-10
794.0 0.10241669369861484
795.0 1.5825038762046217e-10
796.0 1.5825038762046217e-10
797.0 0.08837280911393464
798.0 0.1888082013465464
799.0 0.11750322300940752
800.0 0.0949093431700021
801.0 0.14771487331017852
802.0 0.22245324216783047
803.0 0.42968420311808586
804.0 0.8459381759166718
805.0 1.2260395102202892
806.0 2.1630505099892616
807.0 3.3895738422870636
808.0 4.928015172481537
809.0 6.858449429273605
810.0 9.300076216459274
811.0 12.374431639909744
812.0 15.477907657623291
813.0 18.69342029094696
814.0 21.165195107460022
815.0 24.114759266376495
816.0 27.785438299179077
817.0 32.478126883506775
818.0 37.66007423400879
819.0 42.62117147445679
820.0 49.59515333175659
821.0 56.54641389846802
822.0 63.402003049850464
823.0 70.17174959182739
824.0 76.43773555755615
825.0 81.87469244003296
826.0 86.95780634880066
827.0 90.88938236236572
828.0 94.80057954788208
829.0 97.25862145423889
830.0 98.02218079566956
831.0 98.8421082496643
832.0 98.86834621429443
833.0 99.82235431671143
834.0 98.51440191268921
835.0 99.96535778045654
836.0 99.56944584846497
837.0 99.21659231185913
838.0 98.41293096542358
839.0 98.69142770767212
840.0 99.20939207077026
841.0 100.3602147102356
842.0 99.68152046203613
843.0 100.20320415496826
844.0 98.5082745552063
845.0 99.33338165283203
846.0 99.2782711982727
847.0 99.23555254936218
848.0 100.40053129196167
849.0 99.00209307670593
850.0 98.44033718109131
851.0 99.34508800506592
852.0 99.64706301689148
853.0 99.03506636619568
854.0 99.83131289482117
855.0 98.56764674186707
856.0 99.32700395584106
857.0 98.50974678993225
858.0 98.63489866256714
859.0 99.34269785881042
860.0 98.87033700942993
861.0 99.0019142627716
862.0 99.23579692840576
863.0 98.5812246799469
864.0 99.53016638755798
865.0 100.08562803268433
866.0 99.13110733032227
867.0 99.2735743522644
868.0 100.01561641693115
869.0 98.77296090126038
870.0 98.82726669311523
871.0 99.43298697471619
872.0 99.6840238571167
873.0 99.36437010765076
874.0 99.89638328552246
875.0 99.61514472961426
876.0 99.35318231582642
877.0 99.58927631378174
878.0 99.12395477294922
879.0 99.32167530059814
880.0 98.93719553947449
881.0 100.0464916229248
882.0 99.08273816108704
883.0 99.4770884513855
884.0 99.90350604057312
885.0 99.22382831573486
886.0 99.13511872291565
887.0 98.91783595085144
888.0 99.30581450462341
889.0 99.72473382949829
890.0 98.78672361373901
891.0 99.64656829833984
892.0 99.01160597801208
893.0 98.90695214271545
894.0 98.52487444877625
895.0 99.991774559021
