lsstCam/transmission_sensor/r33_s22/19700101T000000.ecsv
# %ECSV 1.0
# ---
# datatype:
# - {name: amp_name, datatype: string}
# - {name: wavelength, unit: nm, datatype: float32}
# - {name: efficiency, unit: '%', datatype: float64}
# meta: !!omap
# - {MODE: AMP}
# - {TYPE: transmission_sensor}
# - {CALIBDATE: '1970-01-01T00:00:00'}
# - {INSTRUME: LSSTCAM}
# - {OBSTYPE: transmission_sensor}
# - {DETECTOR: 152}
# - {PARQUETFILE: qe_raft_allvalues_nircorrected_20230725.parquet}
# - {CALIBCLS: lsst.ip.isr.IntermediateSensorTransmissionCurve}
# - {CALIB_ID: 'raftName=R33 detectorName=S22 detector=152 calibDate=1970-01-01T00:00:00 ccd=152 ccdnum=152 filter=None'}
# - {DATE: '2023-08-02T16:57:56.032463'}
# - {CALIB_CREATION_DATE: '2023-08-02'}
# - {CALIB_CREATION_TIME: '16:57:56'}
# - __serialized_columns__:
#     efficiency:
#       __class__: astropy.units.quantity.Quantity
#       unit: !astropy.units.Unit {unit: '%'}
#       value: !astropy.table.SerializedColumn {name: efficiency}
#     wavelength:
#       __class__: astropy.units.quantity.Quantity
#       unit: !astropy.units.Unit {unit: nm}
#       value: !astropy.table.SerializedColumn {name: wavelength}
# schema: astropy-2.0
amp_name wavelength efficiency
C00 319.994 45.411842346191406
C00 324.969 50.476234436035156
C00 349.982 65.4307632446289
C00 374.975 68.43985748291016
C00 400.019 79.97404479980469
C00 424.965 85.03550720214844
C00 450.035 89.44381713867188
C00 475.003 92.74304962158203
C00 500.018 94.97602844238281
C00 525.002 96.60038757324219
C00 550.029 97.83448791503906
C00 575.023 98.90404510498047
C00 599.982 99.42374420166016
C00 619.997 98.86632537841797
C00 624.979 99.22132110595703
C00 650.012 99.02009582519531
C00 675.004 98.49070739746094
C00 700.03 97.52442932128906
C00 725.012 97.0608139038086
C00 750.022 96.43036651611328
C00 774.987 96.4180908203125
C00 799.976 95.69949340820312
C00 824.988 93.64225769042969
C00 850.022 91.43130493164062
C00 869.967 88.1946792602539
C00 875.002 87.36625671386719
C00 899.999 80.03462982177734
C00 919.999 72.1813735961914
C00 925.012 69.59224700927734
C00 949.965 57.58369064331055
C00 975.002 43.077449798583984
C00 999.976 26.382553100585938
C00 1025.028 11.769404411315918
C00 1050.014 4.258888244628906
C00 1075.002 0.9186875740783029
C00 1099.99 0.09115133711911945
C01 319.994 45.946807861328125
C01 324.969 51.098915100097656
C01 349.982 66.48463439941406
C01 374.975 69.39675903320312
C01 400.019 80.5580062866211
C01 424.965 85.39569854736328
C01 450.035 89.68180847167969
C01 475.003 92.90702056884766
C01 500.018 95.0965805053711
C01 525.002 96.7033920288086
C01 550.029 97.93006134033203
C01 575.023 99.00569152832031
C01 599.982 99.53234100341797
C01 619.997 98.9828872680664
C01 624.979 99.33847045898438
C01 650.012 99.15029907226562
C01 675.004 98.6290054321289
C01 700.03 97.6810302734375
C01 725.012 97.25700378417969
C01 750.022 96.67803955078125
C01 774.987 96.70637512207031
C01 799.976 96.00407409667969
C01 824.988 93.95660400390625
C01 850.022 91.71298217773438
C01 869.967 88.43307495117188
C01 875.002 87.6272964477539
C01 899.999 80.36882781982422
C01 919.999 72.20883178710938
C01 925.012 69.54034423828125
C01 949.965 57.56269454956055
C01 975.002 43.187503814697266
C01 999.976 26.40064811706543
C01 1025.028 11.709105491638184
C01 1050.014 4.245173931121826
C01 1075.002 0.9210469405889804
C01 1099.99 0.0913854312968034
C02 319.994 46.29336166381836
C02 324.969 51.50252151489258
C02 349.982 67.1357421875
C02 374.975 69.91950988769531
C02 400.019 80.7058334350586
C02 424.965 85.33535766601562
C02 450.035 89.50316619873047
C02 475.003 92.6600341796875
C02 500.018 94.80813598632812
C02 525.002 96.39060974121094
C02 550.029 97.6011734008789
C02 575.023 98.66792297363281
C02 599.982 99.1926498413086
C02 619.997 98.64573669433594
C02 624.979 98.99958801269531
C02 650.012 98.817626953125
C02 675.004 98.29874420166016
C02 700.03 97.36788177490234
C02 725.012 96.9857406616211
C02 750.022 96.45532989501953
C02 774.987 96.53638458251953
C02 799.976 95.84747314453125
C02 824.988 93.79981231689453
C02 850.022 91.59681701660156
C02 869.967 88.22378540039062
C02 875.002 87.38922882080078
C02 899.999 80.33558654785156
C02 919.999 72.26375579833984
C02 925.012 69.5185546875
C02 949.965 57.233699798583984
C02 975.002 42.98457717895508
C02 999.976 26.350637435913086
C02 1025.028 11.639341354370117
C02 1050.014 4.215547561645508
C02 1075.002 0.9189251959064293
C02 1099.99 0.09117491373860746
C03 319.994 46.81906509399414
C03 324.969 52.09278106689453
C03 349.982 67.96398162841797
C03 374.975 70.6954345703125
C03 400.019 81.27536010742188
C03 424.965 85.78208923339844
C03 450.035 89.88700103759766
C03 475.003 93.01177215576172
C03 500.018 95.13726043701172
C03 525.002 96.7050552368164
C03 550.029 97.91040802001953
C03 575.023 98.97551727294922
C03 599.982 99.49815368652344
C03 619.997 98.94698333740234
C03 624.979 99.30226135253906
C03 650.012 99.11837768554688
C03 675.004 98.60242462158203
C03 700.03 97.6830825805664
C03 725.012 97.33792877197266
C03 750.022 96.86094665527344
C03 774.987 96.99100494384766
C03 799.976 96.32061767578125
C03 824.988 94.24544525146484
C03 850.022 92.07426452636719
C03 869.967 88.69608306884766
C03 875.002 87.8367691040039
C03 899.999 80.62753295898438
C03 919.999 72.64351654052734
C03 925.012 69.92752838134766
C03 949.965 57.5201416015625
C03 975.002 43.06531524658203
C03 999.976 26.45315933227539
C03 1025.028 11.649272918701172
C03 1050.014 4.2144904136657715
C03 1075.002 0.9227894859902969
C03 1099.99 0.09155832505067846
C04 319.994 47.077613830566406
C04 324.969 52.37956619262695
C04 349.982 68.33159637451172
C04 374.975 70.99176788330078
C04 400.019 81.33794403076172
C04 424.965 85.72013854980469
C04 450.035 89.7484359741211
C04 475.003 92.82074737548828
C04 500.018 94.91152954101562
C04 525.002 96.4559555053711
C04 550.029 97.64290618896484
C04 575.023 98.69481658935547
C04 599.982 99.20655822753906
C04 619.997 98.65341186523438
C04 624.979 99.00523376464844
C04 650.012 98.81360626220703
C04 675.004 98.29815673828125
C04 700.03 97.39265441894531
C04 725.012 97.08353424072266
C04 750.022 96.65432739257812
C04 774.987 96.8268814086914
C04 799.976 96.1772232055664
C04 824.988 94.09197998046875
C04 850.022 91.94026184082031
C04 869.967 88.60398864746094
C04 875.002 87.74143981933594
C04 899.999 80.48966979980469
C04 919.999 72.54122924804688
C04 925.012 69.82949829101562
C04 949.965 57.514503479003906
C04 975.002 42.99999237060547
C04 999.976 26.429967880249023
C04 1025.028 11.682036399841309
C04 1050.014 4.216825008392334
C04 1075.002 0.9208210336780188
C04 1099.99 0.09136301702063421
C05 319.994 47.56146240234375
C05 324.969 52.91164779663086
C05 349.982 69.00357055664062
C05 374.975 71.5775146484375
C05 400.019 81.71356201171875
C05 424.965 85.97914123535156
C05 450.035 89.94903564453125
C05 475.003 92.98210906982422
C05 500.018 95.0451431274414
C05 525.002 96.570556640625
C05 550.029 97.74182891845703
C05 575.023 98.78504180908203
C05 599.982 99.28766632080078
C05 619.997 98.72724914550781
C05 624.979 99.07875061035156
C05 650.012 98.881591796875
C05 675.004 98.35981750488281
C05 700.03 97.45930480957031
C05 725.012 97.17662048339844
C05 750.022 96.7742691040039
C05 774.987 96.97537994384766
C05 799.976 96.33277130126953
C05 824.988 94.23033142089844
C05 850.022 92.08905029296875
C05 869.967 88.74347686767578
C05 875.002 87.87821960449219
C05 899.999 80.5467529296875
C05 919.999 72.59276580810547
C05 925.012 69.87178802490234
C05 949.965 57.56939697265625
C05 975.002 43.034488677978516
C05 999.976 26.501270294189453
C05 1025.028 11.724477767944336
C05 1050.014 4.221904277801514
C05 1075.002 0.9219637120768943
C05 1099.99 0.09147639252161356
C06 319.994 47.94978713989258
C06 324.969 53.34498977661133
C06 349.982 69.56517028808594
C06 374.975 72.09478759765625
C06 400.019 82.10139465332031
C06 424.965 86.28522491455078
C06 450.035 90.21526336669922
C06 475.003 93.22600555419922
C06 500.018 95.2728042602539
C06 525.002 96.78272247314453
C06 550.029 97.94855499267578
C06 575.023 98.98391723632812
C06 599.982 99.48485565185547
C06 619.997 98.91935729980469
C06 624.979 99.26993560791016
C06 650.012 99.06693267822266
C06 675.004 98.54641723632812
C06 700.03 97.64140319824219
C06 725.012 97.35557556152344
C06 750.022 96.9536361694336
C06 774.987 97.15192413330078
C06 799.976 96.50193786621094
C06 824.988 94.38259887695312
C06 850.022 92.23094177246094
C06 869.967 88.88469696044922
C06 875.002 87.99798583984375
C06 899.999 80.63324737548828
C06 919.999 72.72695922851562
C06 925.012 70.04122924804688
C06 949.965 57.55852127075195
C06 975.002 42.96586227416992
C06 999.976 26.50534439086914
C06 1025.028 11.774381637573242
C06 1050.014 4.254544734954834
C06 1075.002 0.923672533270095
C06 1099.99 0.09164594019054118
C07 319.994 48.15983581542969
C07 324.969 53.58108139038086
C07 349.982 69.87472534179688
C07 374.975 72.34695434570312
C07 400.019 82.1889877319336
C07 424.965 86.28456115722656
C07 450.035 90.1677017211914
C07 475.003 93.14747619628906
C07 500.018 95.17735290527344
C07 525.002 96.67554473876953
C07 550.029 97.83146667480469
C07 575.023 98.8591537475586
C07 599.982 99.35652923583984
C07 619.997 98.78627014160156
C07 624.979 99.1390151977539
C07 650.012 98.93106079101562
C07 675.004 98.40727233886719
C07 700.03 97.49039459228516
C07 725.012 97.16512298583984
C07 750.022 96.71036529541016
C07 774.987 96.84664916992188
C07 799.976 96.17076110839844
C07 824.988 94.05614471435547
C07 850.022 91.88165283203125
C07 869.967 88.54106903076172
C07 875.002 87.67339324951172
C07 899.999 80.4047622680664
C07 919.999 72.48543548583984
C07 925.012 69.78489685058594
C07 949.965 57.40212631225586
C07 975.002 42.76127624511719
C07 999.976 26.420063018798828
C07 1025.028 11.753253936767578
C07 1050.014 4.262722015380859
C07 1075.002 0.9213549044414958
C07 1099.99 0.09141598718732942
C10 319.994 42.571205139160156
C10 324.969 47.26412582397461
C10 349.982 60.91389083862305
C10 374.975 64.44539642333984
C10 400.019 77.4750747680664
C10 424.965 83.40579986572266
C10 450.035 88.2827377319336
C10 475.003 91.86274719238281
C10 500.018 94.27696228027344
C10 525.002 96.01835632324219
C10 550.029 97.31700897216797
C10 575.023 98.42351531982422
C10 599.982 98.97242736816406
C10 619.997 98.43629455566406
C10 624.979 98.78960418701172
C10 650.012 98.6076431274414
C10 675.004 98.09784698486328
C10 700.03 97.2181167602539
C10 725.012 96.98827362060547
C10 750.022 96.65685272216797
C10 774.987 96.94627380371094
C10 799.976 96.35398864746094
C10 824.988 94.26762390136719
C10 850.022 92.15778350830078
C10 869.967 88.87108612060547
C10 875.002 87.99051666259766
C10 899.999 80.61541748046875
C10 919.999 72.33857727050781
C10 925.012 69.65083312988281
C10 949.965 57.770973205566406
C10 975.002 43.030479431152344
C10 999.976 26.535673141479492
C10 1025.028 11.731879234313965
C10 1050.014 4.298815727233887
C10 1075.002 0.9208450908595828
C10 1099.99 0.09136540395208811
C11 319.994 43.573238372802734
C11 324.969 48.406002044677734
C11 349.982 62.61930847167969
C11 374.975 65.9712905883789
C11 400.019 78.43289947509766
C11 424.965 84.02372741699219
C11 450.035 88.71879577636719
C11 475.003 92.19015502929688
C11 500.018 94.5393295288086
C11 525.002 96.24200439453125
C11 550.029 97.5244140625
C11 575.023 98.62836456298828
C11 599.982 99.17735290527344
C11 619.997 98.64187622070312
C11 624.979 98.99855041503906
C11 650.012 98.8205337524414
C11 675.004 98.31669616699219
C11 700.03 97.44829559326172
C11 725.012 97.24978637695312
C11 750.022 96.9544677734375
C11 774.987 97.27916717529297
C11 799.976 96.69901275634766
C11 824.988 94.60107421875
C11 850.022 92.47057342529297
C11 869.967 89.20466613769531
C11 875.002 88.34579467773438
C11 899.999 80.81721496582031
C11 919.999 72.52291107177734
C11 925.012 69.84846496582031
C11 949.965 58.00044250488281
C11 975.002 43.29119873046875
C11 999.976 26.592077255249023
C11 1025.028 11.772810935974121
C11 1050.014 4.29664421081543
C11 1075.002 0.9236804542804133
C11 1099.99 0.09164672610590807
C12 319.994 44.269378662109375
C12 324.969 49.20289993286133
C12 349.982 63.809452056884766
C12 374.975 66.94978332519531
C12 400.019 78.83197784423828
C12 424.965 84.0979232788086
C12 450.035 88.60661315917969
C12 475.003 91.96224975585938
C12 500.018 94.24028015136719
C12 525.002 95.89842224121094
C12 550.029 97.15621948242188
C12 575.023 98.24788665771484
C12 599.982 98.78253936767578
C12 619.997 98.24779510498047
C12 624.979 98.60074615478516
C12 650.012 98.42279815673828
C12 675.004 97.9274673461914
C12 700.03 97.07001495361328
C12 725.012 96.89958190917969
C12 750.022 96.64720916748047
C12 774.987 96.99848937988281
C12 799.976 96.43029022216797
C12 824.988 94.33047485351562
C12 850.022 92.19901275634766
C12 869.967 88.96298217773438
C12 875.002 88.11859130859375
C12 899.999 80.52749633789062
C12 919.999 72.18567657470703
C12 925.012 69.531982421875
C12 949.965 57.79338073730469
C12 975.002 43.261871337890625
C12 999.976 26.515871047973633
C12 1025.028 11.750991821289062
C12 1050.014 4.267382621765137
C12 1075.002 0.9207532159449402
C12 1099.99 0.09135628820746101
C13 319.994 44.90711975097656
C13 324.969 49.931671142578125
C13 349.982 64.87508392333984
C13 374.975 67.91686248779297
C13 400.019 79.45964050292969
C13 424.965 84.52523040771484
C13 450.035 88.9292984008789
C13 475.003 92.22342681884766
C13 500.018 94.4616470336914
C13 525.002 96.1010971069336
C13 550.029 97.34333801269531
C13 575.023 98.43244171142578
C13 599.982 98.96834564208984
C13 619.997 98.43189239501953
C13 624.979 98.78518676757812
C13 650.012 98.60376739501953
C13 675.004 98.10824584960938
C13 700.03 97.26421356201172
C13 725.012 97.12493896484375
C13 750.022 96.90597534179688
C13 774.987 97.29650115966797
C13 799.976 96.73531341552734
C13 824.988 94.62679290771484
C13 850.022 92.48905944824219
C13 869.967 89.22611999511719
C13 875.002 88.37523651123047
C13 899.999 80.79839324951172
C13 919.999 72.33970642089844
C13 925.012 69.65459442138672
C13 949.965 57.89824676513672
C13 975.002 43.40673065185547
C13 999.976 26.612998962402344
C13 1025.028 11.787092208862305
C13 1050.014 4.268110275268555
C13 1075.002 0.9232184680777529
C13 1099.99 0.0916008882592981
C14 319.994 45.52283477783203
C14 324.969 50.62749481201172
C14 349.982 65.85487365722656
C14 374.975 68.78873443603516
C14 400.019 80.02043914794922
C14 424.965 84.9013900756836
C14 450.035 89.20762634277344
C14 475.003 92.44853973388672
C14 500.018 94.64898681640625
C14 525.002 96.26612854003906
C14 550.029 97.49661254882812
C14 575.023 98.57990264892578
C14 599.982 99.11063385009766
C14 619.997 98.57041931152344
C14 624.979 98.92613220214844
C14 650.012 98.7436294555664
C14 675.004 98.24430847167969
C14 700.03 97.40835571289062
C14 725.012 97.29461669921875
C14 750.022 97.10977172851562
C14 774.987 97.52798461914062
C14 799.976 96.97759246826172
C14 824.988 94.86283111572266
C14 850.022 92.7242431640625
C14 869.967 89.4095687866211
C14 875.002 88.57209014892578
C14 899.999 81.03112030029297
C14 919.999 72.58474731445312
C14 925.012 69.77826690673828
C14 949.965 57.9439697265625
C14 975.002 43.484657287597656
C14 999.976 26.597091674804688
C14 1025.028 11.7861328125
C14 1050.014 4.284588813781738
C14 1075.002 0.9251600257022918
C14 1099.99 0.09179352782313252
C15 319.994 45.97651290893555
C15 324.969 51.1416015625
C15 349.982 66.57482147216797
C15 374.975 69.38180541992188
C15 400.019 80.27631378173828
C15 424.965 84.96905517578125
C15 450.035 89.17057037353516
C15 475.003 92.34786987304688
C15 500.018 94.50775909423828
C15 525.002 96.0992660522461
C15 550.029 97.3165054321289
C15 575.023 98.38529968261719
C15 599.982 98.9091796875
C15 619.997 98.36754608154297
C15 624.979 98.72126770019531
C15 650.012 98.53472900390625
C15 675.004 98.03837585449219
C15 700.03 97.20809936523438
C15 725.012 97.11114501953125
C15 750.022 96.94844055175781
C15 774.987 97.37960815429688
C15 799.976 96.83260345458984
C15 824.988 94.72173309326172
C15 850.022 92.59774780273438
C15 869.967 89.2533950805664
C15 875.002 88.37688446044922
C15 899.999 80.91893768310547
C15 919.999 72.42125701904297
C15 925.012 69.80585479736328
C15 949.965 57.610572814941406
C15 975.002 43.49471664428711
C15 999.976 26.617002487182617
C15 1025.028 11.696795463562012
C15 1050.014 4.280315399169922
C15 1075.002 0.9236230311640568
C15 1099.99 0.09164102863705671
C16 319.994 46.412208557128906
C16 324.969 51.634429931640625
C16 349.982 67.26740264892578
C16 374.975 70.01148986816406
C16 400.019 80.70512390136719
C16 424.965 85.27928161621094
C16 450.035 89.41586303710938
C16 475.003 92.55465698242188
C16 500.018 94.68949127197266
C16 525.002 96.26769256591797
C16 550.029 97.47525787353516
C16 575.023 98.54253387451172
C16 599.982 99.06050872802734
C16 619.997 98.51370239257812
C16 624.979 98.86859130859375
C16 650.012 98.67987060546875
C16 675.004 98.17924499511719
C16 700.03 97.34732055664062
C16 725.012 97.24920654296875
C16 750.022 97.07487487792969
C16 774.987 97.4977035522461
C16 799.976 96.93949127197266
C16 824.988 94.81534576416016
C16 850.022 92.68405151367188
C16 869.967 89.37113189697266
C16 875.002 88.4394302368164
C16 899.999 81.15045928955078
C16 919.999 72.57270812988281
C16 925.012 69.78233337402344
C16 949.965 57.91908264160156
C16 975.002 43.228816986083984
C16 999.976 26.858922958374023
C16 1025.028 11.725500106811523
C16 1050.014 4.28781795501709
C16 1075.002 0.9248275650022212
C16 1099.99 0.0917605413778969
C17 319.994 46.80360794067383
C17 324.969 52.07675552368164
C17 349.982 67.90330505371094
C17 374.975 70.58129119873047
C17 400.019 81.08531188964844
C17 424.965 85.5567398071289
C17 450.035 89.63829803466797
C17 475.003 92.74689483642578
C17 500.018 94.86412048339844
C17 525.002 96.43065643310547
C17 550.029 97.6304702758789
C17 575.023 98.68939208984375
C17 599.982 99.21127319335938
C17 619.997 98.66094970703125
C17 624.979 99.01715087890625
C17 650.012 98.82378387451172
C17 675.004 98.32099151611328
C17 700.03 97.47952270507812
C17 725.012 97.34141540527344
C17 750.022 97.11859130859375
C17 774.987 97.48451232910156
C17 799.976 96.90367126464844
C17 824.988 94.7913589477539
C17 850.022 92.67534637451172
C17 869.967 89.30973052978516
C17 875.002 88.44482421875
C17 899.999 81.08831024169922
C17 919.999 72.72352600097656
C17 925.012 69.99847412109375
C17 949.965 57.73816680908203
C17 975.002 43.364444732666016
C17 999.976 26.653730392456055
C17 1025.028 11.793597221374512
C17 1050.014 4.34071683883667
C17 1075.002 0.9252440500272587
C17 1099.99 0.09180186463946419
