lsstCam/transmission_sensor/r33_s22/19700101T000000.ecsv
# %ECSV 1.0
# ---
# datatype:
# - {name: amp_name, datatype: string}
# - {name: wavelength, unit: nm, datatype: float32}
# - {name: efficiency, unit: '%', datatype: float64}
# meta: !!omap
# - {MODE: AMP}
# - {TYPE: transmission_sensor}
# - {CALIBDATE: '1970-01-01T00:00:00'}
# - {INSTRUME: LSSTCam}
# - {OBSTYPE: transmission_sensor}
# - {DETECTOR: 152}
# - {PARQUETFILE: qe_raft_allvalues_nircorrected_20230725_adjust.parquet}
# - {CORRFILE: qe_corr_factor_bydetnum.parquet}
# - {CALIBCLS: lsst.ip.isr.IntermediateSensorTransmissionCurve}
# - {CALIB_ID: 'raftName=R33 detectorName=S22 detector=152 calibDate=1970-01-01T00:00:00 ccd=152 ccdnum=152 filter=None'}
# - {DATE: '2025-03-03T21:56:48.239099'}
# - {CALIB_CREATION_DATE: '2025-03-03'}
# - {CALIB_CREATION_TIME: '21:56:48'}
# - __serialized_columns__:
#     efficiency:
#       __class__: astropy.units.quantity.Quantity
#       unit: !astropy.units.Unit {unit: '%'}
#       value: !astropy.table.SerializedColumn {name: efficiency}
#     wavelength:
#       __class__: astropy.units.quantity.Quantity
#       unit: !astropy.units.Unit {unit: nm}
#       value: !astropy.table.SerializedColumn {name: wavelength}
# schema: astropy-2.0
amp_name wavelength efficiency
C00 319.994 45.18622301242773
C00 324.969 50.2254537190244
C00 349.982 65.10568404836194
C00 374.975 68.09982822511304
C00 400.019 79.57671032108954
C00 424.965 84.61302589573181
C00 450.035 88.99943405731028
C00 475.003 92.28227498691038
C00 500.018 94.50415971489686
C00 525.002 96.12044855382436
C00 550.029 97.34841752365902
C00 575.023 98.41266084021082
C00 599.982 98.92977791955995
C00 619.997 98.37512851629788
C00 624.979 98.72836052108538
C00 650.012 98.52813498645675
C00 675.004 98.00137671548758
C00 700.03 97.03989939181798
C00 725.012 96.57858735152307
C00 750.022 95.95127221110592
C00 774.987 95.93905750455738
C00 799.976 95.22403029486632
C00 824.988 93.17701552669675
C00 850.022 90.97704742879455
C00 869.967 87.7565022617409
C00 875.002 86.93219556120704
C00 899.999 79.63699433892788
C00 919.999 71.82275539046503
C00 925.012 69.24649234278192
C00 949.965 57.29759800211016
C00 975.002 42.86342841073316
C00 999.976 26.25147684941424
C00 1025.028 11.710930562978445
C00 1050.014 4.23772884041443
C00 1075.002 0.9141232651295403
C00 1099.99 0.09069847057836769
C01 319.994 45.71853066219551
C01 324.969 50.8450407231666
C01 349.982 66.15431926257453
C01 374.975 69.05197560823065
C01 400.019 80.15777051619894
C01 424.965 84.9714277048447
C01 450.035 89.23624297966879
C01 475.003 92.44543127848341
C01 500.018 94.62411283992688
C01 525.002 96.22294125308584
C01 550.029 97.44351611218198
C01 575.023 98.5138022543476
C01 599.982 99.03783518059896
C01 619.997 98.49111129233792
C01 624.979 98.8449278418142
C01 650.012 98.65769134565949
C01 675.004 98.13898764501225
C01 700.03 97.1957223045682
C01 725.012 96.77380250310507
C01 750.022 96.19771473359499
C01 774.987 96.22590952546649
C01 799.976 95.5270977372718
C01 824.988 93.4898000756169
C01 850.022 91.25732521982732
C01 869.967 87.99371353304103
C01 875.002 87.19193837323807
C01 899.999 79.96953194343489
C01 919.999 71.8500771610481
C01 925.012 69.19484743995429
C01 949.965 57.2767062231036
C01 975.002 42.97293564625991
C01 999.976 26.269481964551886
C01 1025.028 11.650931225995038
C01 1050.014 4.224082663633733
C01 1075.002 0.9164709096163417
C01 1099.99 0.09093140170761145
C02 319.994 46.06336268389044
C02 324.969 51.24664190307775
C02 349.982 66.8021921564618
C02 374.975 69.57212928336563
C02 400.019 80.30486321606489
C02 424.965 84.91138661466923
C02 450.035 89.05848825385536
C02 475.003 92.19967199004614
C02 500.018 94.33710139773902
C02 525.002 95.91171295950592
C02 550.029 97.11626218434232
C02 575.023 98.17771183277114
C02 599.982 98.69983170367743
C02 619.997 98.15563578140811
C02 624.979 98.50772906277592
C02 650.012 98.32667203904538
C02 675.004 97.81036724906896
C02 700.03 96.884129619494
C02 725.012 96.50388709519147
C02 750.022 95.97611156463407
C02 774.987 96.0567635487059
C02 799.976 95.37127482452156
C02 824.988 93.33378737563005
C02 850.022 91.14173720123944
C02 869.967 87.78546379404833
C02 875.002 86.95505353598492
C02 899.999 79.93645582383766
C02 919.999 71.90472829370371
C02 925.012 69.17316614604341
C02 949.965 56.94934601441143
C02 975.002 42.771017209480675
C02 999.976 26.21971975111148
C02 1025.028 11.581513697394618
C02 1050.014 4.194603486638445
C02 1075.002 0.9143597063828259
C02 1099.99 0.09072193006230457
C03 319.994 46.586454265448204
C03 324.969 51.833968872740165
C03 349.982 67.62631666124852
C03 374.975 70.34419894489363
C03 400.019 80.87156031310727
C03 424.965 85.35589868877899
C03 450.035 89.440416088819
C03 475.003 92.54966242883226
C03 500.018 94.66459066175209
C03 525.002 96.22459619778911
C03 550.029 97.42396043532119
C03 575.023 98.48377791351513
C03 599.982 99.00381771630812
C03 619.997 98.45538574291756
C03 624.979 98.80889863281524
C03 650.012 98.62592855373963
C03 675.004 98.11253889571762
C03 700.03 97.19776441523419
C03 725.012 96.85432543185601
C03 750.022 96.37971310201914
C03 774.987 96.50912522292205
C03 799.976 95.84206863515774
C03 824.988 93.77720627525692
C03 850.022 91.61681261193364
C03 869.967 88.25541494935395
C03 875.002 87.40037030797794
C03 899.999 80.22695175968977
C03 919.999 72.28260227329328
C03 925.012 69.5801079387929
C03 949.965 57.23436469061484
C03 975.002 42.85135414673972
C03 999.976 26.32173228866431
C03 1025.028 11.591395918805151
C03 1050.014 4.193551590879507
C03 1075.002 0.9182047975417182
C03 1099.99 0.09110343647467721
C04 319.994 46.84371845616905
C04 324.969 52.119329165969475
C04 349.982 67.99210498961047
C04 374.975 70.63905998718788
C04 400.019 80.93383330118532
C04 424.965 85.2942557943265
C04 450.035 89.30253945716308
C04 475.003 92.3595867156178
C04 500.018 94.43998126296319
C04 525.002 95.97673406677016
C04 550.029 97.15778763171365
C04 575.023 98.20447183313384
C04 599.982 98.71367098897139
C04 619.997 98.16327281980949
C04 624.979 98.51334676497972
C04 650.012 98.32267132409754
C04 675.004 97.80978270438018
C04 700.03 96.90877918578553
C04 725.012 96.60119480714863
C04 750.022 96.17412038433903
C04 774.987 96.34581710155973
C04 799.976 95.69938659067073
C04 824.988 93.62450346467664
C04 850.022 91.48347569097754
C04 869.967 88.16377808002684
C04 875.002 87.30551464711785
C04 899.999 80.08977354506457
C04 919.999 72.18082317404149
C04 925.012 69.48256489066236
C04 949.965 57.2287545799005
C04 975.002 42.78635581394388
C04 999.976 26.298656058564315
C04 1025.028 11.623996621374662
C04 1050.014 4.195874586655672
C04 1075.002 0.9162461250770811
C04 1099.99 0.09090909879213134
C05 319.994 47.32516312652406
C05 324.969 52.64876723271964
C05 349.982 68.6607406071834
C05 374.975 71.22189659083199
C05 400.019 81.30758510199561
C05 424.965 85.5519716786705
C05 450.035 89.50214248965561
C05 475.003 92.52014671779393
C05 500.018 94.57293101795659
C05 525.002 96.0907658300178
C05 550.029 97.25621888411155
C05 575.023 98.2942487875421
C05 599.982 98.79437611346948
C05 619.997 98.23674325484781
C05 624.979 98.58649835746053
C05 650.012 98.39031908671653
C05 675.004 97.87113712223302
C05 700.03 96.97509843774822
C05 725.012 96.69381857010613
C05 750.022 96.2934661902119
C05 774.987 96.49357785249856
C05 799.976 95.85416187787484
C05 824.988 93.76216753462755
C05 850.022 91.63152491851602
C05 869.967 88.302573281908
C05 875.002 87.44161487023906
C05 899.999 80.14657306923866
C05 919.999 72.23210368537481
C05 925.012 69.5246445167646
C05 949.965 57.28337534659825
C05 975.002 42.820680733558035
C05 999.976 26.369604221228034
C05 1025.028 11.666227128330009
C05 1050.014 4.200928620766725
C05 1075.002 0.9173831263149841
C05 1099.99 0.09102191101041449
C06 319.994 47.711558553037634
C06 324.969 53.079956242819044
C06 349.982 69.21955014667208
C06 374.975 71.73659957653138
C06 400.019 81.69349087743872
C06 424.965 85.8565346445005
C06 450.035 89.76704751452259
C06 475.003 92.76283145299803
C06 500.018 94.79946106358004
C06 525.002 96.30187756053867
C06 550.029 97.46191788264416
C06 575.023 98.49213614341565
C06 599.982 98.99058575017133
C06 619.997 98.42789695956625
C06 624.979 98.77673349195376
C06 650.012 98.57473914027987
C06 675.004 98.05680977155804
C06 700.03 97.15629210828912
C06 725.012 96.87188454698762
C06 750.022 96.47194210752447
C06 774.987 96.66924491870924
C06 799.976 96.02248797377327
C06 824.988 93.9136784813619
C06 850.022 91.77271143957852
C06 869.967 88.44309175189761
C06 875.002 87.56078607185424
C06 899.999 80.23263778529875
C06 919.999 72.36563039356753
C06 925.012 69.69324390628374
C06 949.965 57.27255367836647
C06 975.002 42.75239528582403
C06 999.976 26.373658076602126
C06 1025.028 11.71588306091791
C06 1050.014 4.233406910568619
C06 1075.002 0.9190834575839886
C06 1099.99 0.09119061631686289
C07 319.994 47.92056364523207
C07 324.969 53.31487488430086
C07 349.982 69.52756724020846
C07 374.975 71.9875134863151
C07 400.019 81.78064876798172
C07 424.965 85.85587418491707
C07 450.035 89.71972216920031
C07 475.003 92.68469225193898
C07 500.018 94.70448393888853
C07 525.002 96.19523231654007
C07 550.029 97.34541129383105
C07 575.023 98.36799251620116
C07 599.982 98.86289689737688
C07 619.997 98.2954710173459
C07 624.979 98.64646353274135
C07 650.012 98.43954230440495
C07 675.004 97.9183561867028
C07 700.03 97.00603375731643
C07 725.012 96.68237819548298
C07 750.022 96.22987987445647
C07 774.987 96.36548665076249
C07 799.976 95.69295659909422
C07 824.988 93.58884623866143
C07 850.022 91.42515786891053
C07 869.967 88.10117106641235
C07 875.002 87.23780615258315
C07 899.999 80.00528785881312
C07 919.999 72.12530661158692
C07 925.012 69.43818504325235
C07 949.965 57.11693573583178
C07 975.002 42.54882570008624
C07 999.976 26.288800407366907
C07 1025.028 11.694860328718086
C07 1050.014 4.241543563870388
C07 1075.002 0.9167773434142361
C07 1099.99 0.09096180578752361
C10 319.994 42.35969892305484
C10 324.969 47.02930380336522
C10 349.982 60.611252787447036
C10 374.975 64.12521281805193
C10 400.019 77.09015590440951
C10 424.965 82.99141542268961
C10 450.035 87.84412323314123
C10 475.003 91.40634615801727
C10 500.018 93.80856671823514
C10 525.002 95.54130900554951
C10 550.029 96.8335095677441
C10 575.023 97.93451846777292
C10 599.982 98.48070336028196
C10 619.997 97.9472342126261
C10 624.979 98.29878849824193
C10 650.012 98.11773147451139
C10 675.004 97.61046814848731
C10 700.03 96.73510868130404
C10 725.012 96.50640746969373
C10 750.022 96.17663316735181
C10 774.987 96.46461632019114
C10 799.976 95.87527381007588
C10 824.988 93.79927473513048
C10 850.022 91.69991664710254
C10 869.967 88.42954853469277
C10 875.002 87.5533540036684
C10 899.999 80.21489647442
C10 919.999 71.97917803088298
C10 925.012 69.30478739038053
C10 949.965 57.48395008974225
C10 975.002 42.816691405844395
C10 999.976 26.403836145096246
C10 1025.028 11.673591822046847
C10 1050.014 4.2774579515911935
C10 1075.002 0.9162700627355208
C10 1099.99 0.09091147386461065
C11 319.994 43.356753762100254
C11 324.969 48.165506848551885
C11 349.982 62.30819740619112
C11 374.975 65.6435258939494
C11 400.019 78.04322185775234
C11 424.965 83.60627292889538
C11 450.035 88.27801481349003
C11 475.003 91.7321273369008
C11 500.018 94.06963044943302
C11 525.002 95.76384592771458
C11 550.029 97.03988420883906
C11 575.023 98.13834995989723
C11 599.982 98.68461076730092
C11 619.997 98.15179448773902
C11 624.979 98.50669662020873
C11 650.012 98.3295643965314
C11 675.004 97.82823002377916
C11 700.03 96.96414391845082
C11 725.012 96.76662095407157
C11 750.022 96.47276957987611
C11 774.987 96.79585577999971
C11 799.976 96.21858373813316
C11 824.988 94.13106837366998
C11 850.022 92.01115253217192
C11 869.967 88.76147122855316
C11 875.002 87.90686689356609
C11 899.999 80.41569137075848
C11 919.999 72.162596007837
C11 925.012 69.50143733347133
C11 949.965 57.71227931836881
C11 975.002 43.07611537531792
C11 999.976 26.459960026707982
C11 1025.028 11.714320163024388
C11 1050.014 4.275297223902333
C11 1075.002 0.9190913392404075
C11 1099.99 0.09119139832757205
C12 319.994 44.049435422552286
C12 324.969 48.95844551461806
C12 349.982 63.49242800947553
C12 374.975 66.61715719225182
C12 400.019 78.44031748866625
C12 424.965 83.68010016393853
C12 450.035 88.16638955240266
C12 475.003 91.50535436361449
C12 500.018 93.77206683688938
C12 525.002 95.42197079116612
C12 550.029 96.67351892727781
C12 575.023 97.75976238029799
C12 599.982 98.29175877899772
C12 619.997 97.7596712824244
C12 624.979 98.1108687680354
C12 650.012 97.93380486776324
C12 675.004 97.44093500576402
C12 700.03 96.58774268781737
C12 725.012 96.41815640466784
C12 750.022 96.16703752466857
C12 774.987 96.51657247408681
C12 799.976 95.95119629621126
C12 824.988 93.8618134253398
C12 850.022 91.7409410561692
C12 869.967 88.52098802529379
C12 875.002 87.68079233731052
C12 899.999 80.12741214983002
C12 919.999 71.82703699052307
C12 925.012 69.1865271675011
C12 949.965 57.506246294299764
C12 975.002 43.04693368981603
C12 999.976 26.384132434190896
C12 1025.028 11.692609452091835
C12 1050.014 4.246181014997071
C12 1075.002 0.9161786442823641
C12 1099.99 0.09090240340967283
C13 319.994 44.684008026897594
C13 324.969 49.68359597551016
C13 349.982 64.55276550469779
C13 374.975 67.57943162231521
C13 400.019 79.06486173542883
C13 424.965 84.10528430587145
C13 450.035 88.48747159930761
C13 475.003 91.7652338224559
C13 500.018 93.99233390370455
C13 525.002 95.62363870879302
C13 550.029 96.8597077978864
C13 575.023 97.94340051044648
C13 599.982 98.4766419134184
C13 619.997 97.94285392320504
C13 624.979 98.29439302584193
C13 650.012 98.11387499786338
C13 675.004 97.62081534862754
C13 700.03 96.78097646064911
C13 725.012 96.64239382047298
C13 750.022 96.42451807283916
C13 774.987 96.81310364406328
C13 799.976 96.25470404500568
C13 824.988 94.15665928465512
C13 850.022 92.02954671114462
C13 869.967 88.78281849692759
C13 875.002 87.93616245140996
C13 899.999 80.39696316624932
C13 919.999 71.98030157132374
C13 925.012 69.30852999468657
C13 949.965 57.610591316990586
C13 975.002 43.19107330028025
C13 999.976 26.48077778869226
C13 1025.028 11.72853048236592
C13 1050.014 4.246905053304757
C13 1075.002 0.9186316483205162
C13 1099.99 0.0911457882168098
C14 319.994 45.296664001158625
C14 324.969 50.37596258914942
C14 349.982 65.52768735620919
C14 374.975 68.44697185534993
C14 400.019 79.62287416852374
C14 424.965 84.47957510243373
C14 450.035 88.76441672646543
C14 475.003 91.98922831059816
C14 500.018 94.17874292750761
C14 525.002 95.78785021740163
C14 550.029 97.01222082123007
C14 575.023 98.09012881881813
C14 599.982 98.61822319193307
C14 619.997 98.08069259741364
C14 624.979 98.43463820221082
C14 650.012 98.2530421827283
C14 675.004 97.75620197173909
C14 700.03 96.92440247110366
C14 725.012 96.81122854616552
C14 750.022 96.62730193941736
C14 774.987 97.04343702590847
C14 799.976 96.4957793844433
C14 824.988 94.39152478571069
C14 850.022 92.26356196538016
C14 869.967 88.96535586110373
C14 875.002 88.13203806257538
C14 899.999 80.62853396087726
C14 919.999 72.22412502994753
C14 925.012 69.43158803890762
C14 949.965 57.656087113351894
C14 975.002 43.2686127736716
C14 999.976 26.464949533158585
C14 1025.028 11.72757585256575
C14 1050.014 4.263301721612094
C14 1075.002 0.9205635597181003
C14 1099.99 0.09133747069086756
C15 319.994 45.7480881264259
C15 324.969 50.887515106721
C15 349.982 66.24405825953548
C15 374.975 69.03709628888005
C15 400.019 79.87747754218724
C15 424.965 84.5469040224952
C15 450.035 88.7275448621359
C15 475.003 91.88905860711287
C15 500.018 94.03821686602855
C15 525.002 95.62181675132152
C15 550.029 96.83300852943944
C15 575.023 97.89649269704476
C15 599.982 98.4177699126205
C15 619.997 97.87882730106067
C15 624.979 98.23079152710757
C15 650.012 98.04517960969828
C15 675.004 97.5512924881108
C15 700.03 96.72514105563704
C15 725.012 96.62866840752099
C15 750.022 96.4667723031991
C15 774.987 96.89579773880108
C15 799.976 96.35151071865818
C15 824.988 94.2511277795525
C15 850.022 92.1376950700572
C15 869.967 88.80995807176352
C15 875.002 87.9378022131343
C15 899.999 80.5169086997899
C15 919.999 72.06144700221077
C15 925.012 69.45903886481159
C15 949.965 57.32434661523865
C15 975.002 43.278622152530666
C15 999.976 26.484761422788807
C15 1025.028 11.638682357743917
C15 1050.014 4.259049538575739
C15 1075.002 0.9190342014189121
C15 1099.99 0.09118572916541472
C16 319.994 46.18161911102513
C16 324.969 51.37789496017583
C16 349.982 66.93319849015228
C16 374.975 69.66365228035075
C16 400.019 80.30415720754468
C16 424.965 84.85558916710447
C16 450.035 88.97161883991201
C16 475.003 92.0948183375612
C16 500.018 94.21904614507514
C16 525.002 95.78940647274187
C16 550.029 96.99097224221867
C16 575.023 98.05294570342056
C16 599.982 98.5683471061507
C16 619.997 98.02425746473386
C16 624.979 98.37738318866886
C16 650.012 98.18960010527269
C16 675.004 97.69146174958505
C16 700.03 96.86367055538692
C16 725.012 96.76604400087226
C16 750.022 96.59257846660631
C16 774.987 97.01330640422351
C16 799.976 96.45786748605713
C16 824.988 94.34427535528306
C16 850.022 92.22356999888069
C16 869.967 88.92710993718111
C16 875.002 88.00003724376505
C16 899.999 80.74728003908243
C16 919.999 72.2121456595724
C16 925.012 69.43563430279224
C16 949.965 57.63132367471839
C16 975.002 43.01404356171068
C16 999.976 26.725479962221577
C16 1025.028 11.667244387918265
C16 1050.014 4.266514819527983
C16 1075.002 0.9202327507801643
C16 1099.99 0.09130464813195349
C17 319.994 46.571073907792936
C17 324.969 51.81802294911979
C17 349.982 67.56594154553662
C17 374.975 70.23062267101386
C17 400.019 80.68245631054427
C17 424.965 85.13166886446332
C17 450.035 89.19294871525221
C17 475.003 92.28610109760054
C17 500.018 94.39280774743021
C17 525.002 95.95156068770557
C17 550.029 97.14541350388636
C17 575.023 98.1990742841245
C17 599.982 98.7183625294605
C17 619.997 98.1707732114005
C17 624.979 98.52520467152341
C17 650.012 98.33279837104331
C17 675.004 97.83250403234771
C17 700.03 96.99521588482939
C17 725.012 96.85779474254133
C17 750.022 96.63607770123843
C17 774.987 97.00018071893923
C17 799.976 96.42222544302085
C17 824.988 94.32040771240638
C17 850.022 92.21490810940159
C17 869.967 88.86601362997007
C17 875.002 88.00540442681651
C17 899.999 80.68543976590385
C17 919.999 72.36221422330847
C17 925.012 69.65070119932416
C17 949.965 57.4513066850445
C17 975.002 43.14899746992275
C17 999.976 26.521306853071355
C17 1025.028 11.73500317607067
C17 1050.014 4.319150886198828
C17 1075.002 0.9206471665856103
C17 1099.99 0.09134576608745386
