lsstCam/transmission_filter_detector/r33_s00/u_24/19700101T000000.ecsv
# %ECSV 1.0
# ---
# datatype:
# - {name: wavelength, unit: nm, datatype: float32}
# - {name: efficiency, unit: '%', datatype: float64}
# meta: !!omap
# - {MODE: DETECTOR}
# - {TYPE: transmission_filter_detector}
# - {CALIBDATE: '1970-01-01T00:00:00'}
# - {INSTRUME: LSSTCam}
# - {OBSTYPE: transmission_filter_detector}
# - {CALIBCLS: lsst.ip.isr.IntermediateFilterDetectorTransmissionCurve}
# - {SOURCE: Materion (DM-46256)}
# - {DETECTOR: 144}
# - {FILTER: u_24}
# - {CALIB_ID: 'calibDate=1970-01-01T00:00:00 filter=u_24 detector=144'}
# - {DATE: '2025-04-02T15:59:40.417160'}
# - {CALIB_CREATION_DATE: '2025-04-02'}
# - {CALIB_CREATION_TIME: '15:59:40'}
# - __serialized_columns__:
#     efficiency:
#       __class__: astropy.units.quantity.Quantity
#       unit: !astropy.units.Unit {unit: '%'}
#       value: !astropy.table.SerializedColumn {name: efficiency}
#     wavelength:
#       __class__: astropy.units.quantity.Quantity
#       unit: !astropy.units.Unit {unit: nm}
#       value: !astropy.table.SerializedColumn {name: wavelength}
# schema: astropy-2.0
wavelength efficiency
295.0 1.5745304365877288e-10
296.0 1.5745304365877288e-10
297.0 1.5745304365877288e-10
298.0 1.5745304365877288e-10
299.0 1.5745304365877288e-10
300.0 1.5745304365877288e-10
301.0 1.5745304365877288e-10
302.0 1.5745304365877288e-10
303.0 1.5745304365877288e-10
304.0 0.3696763888001442
305.0 0.3324896562844515
306.0 1.415854785591364
307.0 2.8047723695635796
308.0 4.596386104822159
309.0 7.307422161102295
310.0 10.574489831924438
311.0 13.993494212627411
312.0 17.83158928155899
313.0 21.076449751853943
314.0 24.16379004716873
315.0 26.744717359542847
316.0 28.70790660381317
317.0 31.20601773262024
318.0 33.632901310920715
319.0 36.935922503471375
320.0 41.884684562683105
321.0 46.95861339569092
322.0 52.87785530090332
323.0 58.41171741485596
324.0 63.28161954879761
325.0 66.85696244239807
326.0 69.48580741882324
327.0 71.39628529548645
328.0 73.23772311210632
329.0 74.6063232421875
330.0 76.10161900520325
331.0 76.97652578353882
332.0 77.59701609611511
333.0 77.70353555679321
334.0 77.52570509910583
335.0 77.64078974723816
336.0 77.71937847137451
337.0 78.20466756820679
338.0 79.0217936038971
339.0 79.65558171272278
340.0 80.14707565307617
341.0 80.66791892051697
342.0 80.90742230415344
343.0 80.86609840393066
344.0 81.05683922767639
345.0 81.38096332550049
346.0 81.70219659805298
347.0 81.90426230430603
348.0 82.23876953125
349.0 82.45057463645935
350.0 82.51763582229614
351.0 82.77770280838013
352.0 82.52347111701965
353.0 82.52745270729065
354.0 82.39613771438599
355.0 82.62710571289062
356.0 82.79947638511658
357.0 82.70274996757507
358.0 82.3945939540863
359.0 82.21353888511658
360.0 82.17854499816895
361.0 82.03128576278687
362.0 81.86292052268982
363.0 81.99524283409119
364.0 82.13497996330261
365.0 82.2617769241333
366.0 82.39423036575317
367.0 82.47084021568298
368.0 82.27937817573547
369.0 82.26170539855957
370.0 81.92748427391052
371.0 81.69378638267517
372.0 81.68432116508484
373.0 81.81352615356445
374.0 81.83895349502563
375.0 82.09010362625122
376.0 82.16049075126648
377.0 82.21787810325623
378.0 82.2426974773407
379.0 82.03513026237488
380.0 81.41531944274902
381.0 80.20997047424316
382.0 78.52454781532288
383.0 76.63232684135437
384.0 74.51351881027222
385.0 72.17323780059814
386.0 69.80555653572083
387.0 66.68089032173157
388.0 63.518303632736206
389.0 59.754735231399536
390.0 55.89554309844971
391.0 51.7488956451416
392.0 47.35800325870514
393.0 43.463435769081116
394.0 40.209221839904785
395.0 36.98513209819794
396.0 33.77469480037689
397.0 29.584646224975586
398.0 24.66762363910675
399.0 18.398678302764893
400.0 12.198203802108765
401.0 7.2307288646698
402.0 3.4321416169404984
403.0 1.241002231836319
404.0 0.3835422685369849
405.0 0.14623933238908648
406.0 0.08768061525188386
407.0 0.03074640699196607
408.0 0.04720349970739335
409.0 0.0017662254322203808
410.0 0.01200409242301248
411.0 1.5745304365877288e-10
412.0 1.5745304365877288e-10
413.0 1.5745304365877288e-10
414.0 1.5745304365877288e-10
415.0 1.5745304365877288e-10
416.0 1.5745304365877288e-10
417.0 1.5745304365877288e-10
418.0 1.5745304365877288e-10
419.0 1.5745304365877288e-10
420.0 1.5745304365877288e-10
421.0 1.5745304365877288e-10
422.0 1.5745304365877288e-10
423.0 0.0013386254067881964
424.0 1.5745304365877288e-10
425.0 1.5745304365877288e-10
426.0 0.004253992301528342
427.0 0.0015854320736252703
428.0 1.5745304365877288e-10
429.0 1.5745304365877288e-10
430.0 1.5745304365877288e-10
431.0 1.5745304365877288e-10
432.0 1.5745304365877288e-10
433.0 0.0002945583673863439
434.0 0.001915353277581744
435.0 0.0009006515938381199
436.0 1.5745304365877288e-10
437.0 1.5745304365877288e-10
438.0 7.838405053917086e-05
439.0 1.5745304365877288e-10
440.0 1.5745304365877288e-10
441.0 1.5745304365877288e-10
442.0 1.5745304365877288e-10
443.0 1.5745304365877288e-10
444.0 0.00032116072361532133
445.0 1.5745304365877288e-10
446.0 1.5745304365877288e-10
447.0 1.5745304365877288e-10
448.0 1.5745304365877288e-10
449.0 1.5745304365877288e-10
450.0 1.5745304365877288e-10
451.0 1.5745304365877288e-10
452.0 8.732540663913824e-05
453.0 6.339997753457283e-05
454.0 3.947473032894777e-05
455.0 0.00014195228459357168
456.0 0.0002444300434945035
457.0 1.5745304365877288e-10
458.0 1.5745304365877288e-10
459.0 1.5745304365877288e-10
460.0 1.5745304365877288e-10
461.0 1.5745304365877288e-10
462.0 1.5745304365877288e-10
463.0 0.00019994938611489488
464.0 0.001066853837983217
465.0 0.00037564345802820753
466.0 1.5745304365877288e-10
467.0 1.5745304365877288e-10
468.0 1.5745304365877288e-10
469.0 1.5745304365877288e-10
470.0 0.0004157319835940143
471.0 0.00011339872116877814
472.0 1.5745304365877288e-10
473.0 1.5745304365877288e-10
474.0 1.5745304365877288e-10
475.0 1.5745304365877288e-10
476.0 1.5745304365877288e-10
477.0 1.5745304365877288e-10
478.0 1.5745304365877288e-10
479.0 1.5745304365877288e-10
480.0 1.5745304365877288e-10
481.0 1.5745304365877288e-10
482.0 1.5745304365877288e-10
483.0 1.5745304365877288e-10
484.0 1.5745304365877288e-10
485.0 1.5745304365877288e-10
486.0 1.5745304365877288e-10
487.0 1.5745304365877288e-10
488.0 0.00018648117929842556
489.0 1.5745304365877288e-10
490.0 1.5745304365877288e-10
491.0 1.5745304365877288e-10
492.0 1.5745304365877288e-10
493.0 1.5745304365877288e-10
494.0 1.5745304365877288e-10
495.0 1.5745304365877288e-10
496.0 1.5745304365877288e-10
497.0 1.5745304365877288e-10
498.0 1.5745304365877288e-10
499.0 1.5745304365877288e-10
500.0 1.5745304365877288e-10
501.0 1.5745304365877288e-10
502.0 1.5745304365877288e-10
503.0 7.723401722614653e-05
504.0 0.00027373473585612373
505.0 4.707751770638424e-05
506.0 1.5745304365877288e-10
507.0 1.5745304365877288e-10
508.0 6.169298103486653e-05
509.0 0.00011060236602133955
510.0 0.00015951152363413712
511.0 0.00024050586944213137
512.0 0.0003215002152501256
513.0 0.00024085272798402002
514.0 0.0001602052066118631
515.0 1.5745304365877288e-10
516.0 1.5745304365877288e-10
517.0 1.5745304365877288e-10
518.0 1.5745304365877288e-10
519.0 1.5745304365877288e-10
520.0 1.5745304365877288e-10
521.0 1.5745304365877288e-10
522.0 1.5745304365877288e-10
523.0 1.5745304365877288e-10
524.0 1.5745304365877288e-10
525.0 1.5745304365877288e-10
526.0 1.5745304365877288e-10
527.0 1.5745304365877288e-10
528.0 1.5745304365877288e-10
529.0 1.5745304365877288e-10
530.0 1.5745304365877288e-10
531.0 1.5745304365877288e-10
532.0 1.5745304365877288e-10
533.0 0.00018610393226481392
534.0 0.0006929610663064523
535.0 0.00019496690129017225
536.0 1.5745304365877288e-10
537.0 1.5745304365877288e-10
538.0 1.5745304365877288e-10
539.0 1.5745304365877288e-10
540.0 1.5745304365877288e-10
541.0 1.5745304365877288e-10
542.0 1.5745304365877288e-10
543.0 1.5745304365877288e-10
544.0 1.5745304365877288e-10
545.0 0.00023405971205647802
546.0 0.0005439266715256963
547.0 0.00015147245449043112
548.0 1.5745304365877288e-10
549.0 1.5745304365877288e-10
550.0 1.1988605308488332e-05
551.0 2.493346187293355e-05
552.0 3.787836817537027e-05
553.0 1.5745304365877288e-10
554.0 1.5745304365877288e-10
555.0 1.5745304365877288e-10
556.0 1.5745304365877288e-10
557.0 1.5745304365877288e-10
558.0 1.5745304365877288e-10
559.0 1.5745304365877288e-10
560.0 4.188052287190658e-05
561.0 1.5745304365877288e-10
562.0 1.5745304365877288e-10
563.0 1.5745304365877288e-10
564.0 1.5745304365877288e-10
565.0 1.5745304365877288e-10
566.0 1.5745304365877288e-10
567.0 1.7936914176175378e-06
568.0 0.00021496587123692734
569.0 0.0003737696488315123
570.0 0.0005325732672645245
571.0 0.00025503768483758904
572.0 1.5745304365877288e-10
573.0 0.00017702212744552526
574.0 0.000376542197955132
575.0 0.00021740881948062452
576.0 5.82753727940144e-05
577.0 1.5745304365877288e-10
578.0 1.5745304365877288e-10
579.0 0.0004185642865195405
580.0 0.0009190852324536536
581.0 0.0008989850357465912
582.0 0.0008788848390395287
583.0 0.0013705374840355944
584.0 0.0018621898561832495
585.0 0.001693839112704154
586.0 0.0015254882782755885
587.0 0.0011227591130591463
588.0 0.000720029902367969
589.0 0.0009313265763921663
590.0 0.0011426230230426881
591.0 0.000954113420448266
592.0 0.0007656036359549034
593.0 0.0006231416591617744
594.0 0.00048067968236864544
595.0 0.000504328272654675
596.0 0.0005279768629407045
597.0 0.0006728265361743979
598.0 0.000817676027509151
599.0 0.0010774083420983516
600.0 0.0013371404747886118
601.0 0.0015842237189644948
602.0 0.0018313072359887883
603.0 0.0018409467884339392
604.0 0.0018505865227780305
605.0 0.0018230633941129781
606.0 0.0017955402654479258
607.0 0.0014449612535827328
608.0 0.0010943819688691292
609.0 0.0008244796845247038
610.0 0.0005545771728066029
611.0 0.0003660968559415778
612.0 0.00017761649360181764
613.0 0.00012066786894138204
614.0 6.371914764713438e-05
615.0 0.00019782239633059362
616.0 0.00033192552564287325
617.0 0.0005814228643430397
618.0 0.0008309200893563684
619.0 0.0006015339749865234
620.0 0.0003721478151419433
621.0 0.0004341336534707807
622.0 0.0004961194008501479
623.0 0.0005306707407726208
624.0 0.0005652219442708883
625.0 0.0006060798568796599
626.0 0.0006469378149631666
627.0 0.0006391886472556507
628.0 0.0006314394340733998
629.0 0.0006746215603925521
630.0 0.0007178037321864394
631.0 0.0011696854016918223
632.0 0.0016215672076214105
633.0 0.002132328700099606
634.0 0.002643090374476742
635.0 0.002528861296013929
636.0 0.0024146320356521755
637.0 0.002334496639377903
638.0 0.0022543610612046905
639.0 0.0021215868400759064
640.0 0.001988812982745003
641.0 0.0019730423446162604
642.0 0.001957271342689637
643.0 0.001477620844525518
644.0 0.000997970528260339
645.0 0.0006849086275906302
646.0 0.0003718466359714512
647.0 0.00016287466451103683
648.0 1.5745304365877288e-10
649.0 1.5745304365877288e-10
650.0 1.5745304365877288e-10
651.0 0.00019293618152005365
652.0 0.0005034513833379606
653.0 0.0007669298611290287
654.0 0.0010304086572432425
655.0 0.001156647613242967
656.0 0.001282886751141632
657.0 0.0018043949239654467
658.0 0.0023259031877387315
659.0 0.0028747406759066507
660.0 0.00342357816407457
661.0 0.00340584920195397
662.0 0.00338812023983337
663.0 0.0032539126550545916
664.0 0.0031197050702758133
665.0 0.0024913677407312207
666.0 0.001863030411186628
667.0 0.0017051897884812206
668.0 0.0015473489838768728
669.0 0.0013441968803817872
670.0 0.0011410450497351121
671.0 0.0008013525985006709
672.0 0.0004616601927409647
673.0 0.0006152726655273
674.0 0.0007688853656873107
675.0 0.0008049220923567191
676.0 0.0008409586371271871
677.0 0.000915003602131037
678.0 0.0009890484761854168
679.0 0.0014362427464220673
680.0 0.001883437107608188
681.0 0.0029092991098877974
682.0 0.003935161294066347
683.0 0.00535622239112854
684.0 0.006777282396797091
685.0 0.007510615978389978
686.0 0.008243949559982866
687.0 0.007654542423551902
688.0 0.0070651374699082226
689.0 0.0064001011196523905
690.0 0.005735066224588081
691.0 0.005044552017352544
692.0 0.004354037446319126
693.0 0.0034731405321508646
694.0 0.0025922430722857825
695.0 0.0020651994418585673
696.0 0.001538155811431352
697.0 0.001112397603719728
698.0 0.0006866391686344286
699.0 0.0007428880508086877
700.0 0.0007991366146598011
701.0 0.0007050015483400784
702.0 0.0006108661636972101
703.0 0.0004699396868090844
704.0 0.00032901327813306125
705.0 0.0004464837275008904
706.0 0.000563954154131352
707.0 0.0007070568244671449
708.0 0.0008501591764797922
709.0 0.0008786111720837653
710.0 0.0009070632586372085
711.0 0.0006431433575926349
712.0 0.0003792235020227963
713.0 0.0005708003300242126
714.0 0.0007623772489750991
715.0 0.0006720695182593772
716.0 0.0005817617875436554
717.0 0.0006417900749511318
718.0 0.0007018183168838732
719.0 0.0007511773219448514
720.0 0.0008005363270058297
721.0 0.0003575797336452524
722.0 1.5745304365877288e-10
723.0 0.00023580839751957683
724.0 0.0005569936547544785
725.0 0.00020562185909511754
726.0 1.5745304365877288e-10
727.0 1.5745304365877288e-10
728.0 9.851427762441745e-06
729.0 0.00024055209451034898
730.0 0.00047125276978476904
731.0 0.00038272355595836416
732.0 0.0002941944103440619
733.0 0.0002590151325421175
734.0 0.0002238359684270108
735.0 0.0002673239805517369
736.0 0.0003108120154138305
737.0 0.00023648635760764591
738.0 0.00016216063158935867
739.0 0.00047291782721003983
740.0 0.0007836749318812508
741.0 0.0010143688996322453
742.0 0.0012450626854842994
743.0 0.0016648189557599835
744.0 0.0020845751350861974
745.0 0.0024166347429854795
746.0 0.002748694532783702
747.0 0.0028414275220711716
748.0 0.002934160511358641
749.0 0.0030435352528002113
750.0 0.0031529099942417815
751.0 0.0031494837458012626
752.0 0.0031460574973607436
753.0 0.002951306669274345
754.0 0.0027565558411879465
755.0 0.002864790440071374
756.0 0.0029730248570558615
757.0 0.0025072220523725264
758.0 0.0020414194295881316
759.0 0.0017106392988353036
760.0 0.0013798594409308862
761.0 0.0010293309969711117
762.0 0.0006788025075366022
763.0 0.0005783722372143529
764.0 0.00047794205784157384
765.0 0.00042206702346447855
766.0 0.0003661920118247508
767.0 0.0006381652383424807
768.0 0.0009101386240217835
769.0 0.0007559988716820953
770.0 0.0006018593467160827
771.0 0.0006968588422751054
772.0 0.0007918584742583334
773.0 0.0008432309186900966
774.0 0.0008946035450208001
775.0 0.0008137764780258294
776.0 0.0007329495019803289
777.0 0.000518494016432669
778.0 0.00030403850814764155
779.0 0.0003817617198365042
780.0 0.0004594849087879993
781.0 0.0006812116680521285
782.0 0.0009029384273162577
783.0 0.0009989633326767944
784.0 0.0010949880561383907
785.0 0.0011394884495530277
786.0 0.0011839888429676648
787.0 0.0009470731129113119
788.0 0.0007101573373802239
789.0 0.0008170129149220884
790.0 0.0009238683560397476
791.0 0.0006653890523011796
792.0 0.0004069095211889362
793.0 0.0005586382485489594
794.0 0.0007103668394847773
795.0 0.00038106884403532604
796.0 5.1770905429293634e-05
797.0 0.00020155678157607326
798.0 0.0003513426463541691
799.0 9.327867473984952e-05
800.0 1.5745304365877288e-10
801.0 1.5745304365877288e-10
802.0 1.5745304365877288e-10
803.0 2.500862876786414e-05
804.0 0.00011847972700707032
805.0 3.74173140471612e-05
806.0 1.5745304365877288e-10
807.0 1.865230672137841e-05
808.0 8.094970667116286e-05
809.0 0.00016967848068816238
810.0 0.0002584072262834525
811.0 0.0001753378228386282
812.0 9.22684705528809e-05
813.0 8.137984650602448e-05
814.0 7.049130203995446e-05
815.0 0.0002785952347039711
816.0 0.0004866991275775945
817.0 0.00014923294884283678
818.0 1.5745304365877288e-10
819.0 2.510544732103881e-05
820.0 0.0002384441813774174
821.0 8.270407647614775e-05
822.0 1.5745304365877288e-10
823.0 1.5745304365877288e-10
824.0 1.5745304365877288e-10
825.0 1.5745304365877288e-10
826.0 1.5745304365877288e-10
827.0 1.5745304365877288e-10
828.0 1.5745304365877288e-10
829.0 1.5745304365877288e-10
830.0 1.5745304365877288e-10
831.0 1.5745304365877288e-10
832.0 1.5745304365877288e-10
833.0 1.5745304365877288e-10
834.0 1.5745304365877288e-10
835.0 1.5745304365877288e-10
836.0 1.5745304365877288e-10
837.0 1.5745304365877288e-10
838.0 1.5745304365877288e-10
839.0 1.5745304365877288e-10
840.0 1.5745304365877288e-10
841.0 1.5745304365877288e-10
842.0 1.5745304365877288e-10
843.0 1.5745304365877288e-10
844.0 1.5745304365877288e-10
845.0 0.00013553785720432643
846.0 0.00034978481835423736
847.0 1.5745304365877288e-10
848.0 1.5745304365877288e-10
849.0 1.5745304365877288e-10
850.0 0.00038356315599230584
851.0 0.0002630098379086121
852.0 0.00014245655393096968
853.0 1.9495220726639673e-05
854.0 1.5745304365877288e-10
855.0 0.0002143217898264993
856.0 0.0005321096068655606
857.0 0.0005488722308655269
858.0 0.0005656347639160231
859.0 0.0007267651199072134
860.0 0.0008878952030499931
861.0 0.0009368541213916615
862.0 0.0009858127668849193
863.0 0.0009830430826696102
864.0 0.000980273398454301
865.0 0.0010994102922268212
866.0 0.0012185471859993413
867.0 0.0013748719538853038
868.0 0.0015311967217712663
869.0 0.001452221749786986
870.0 0.0013732466868532356
871.0 0.0014341438145493157
872.0 0.0014950406693969853
873.0 0.002171458982047625
874.0 0.002847877658496145
