lsstCam/transmission_filter_detector/r33_s00/u_24/19700101T000000.ecsv
# %ECSV 1.0
# ---
# datatype:
# - {name: wavelength, unit: nm, datatype: float32}
# - {name: efficiency, unit: '%', datatype: float64}
# meta: !!omap
# - {MODE: DETECTOR}
# - {TYPE: transmission_filter_detector}
# - {CALIBDATE: '1970-01-01T00:00:00'}
# - {INSTRUME: LSSTCam}
# - {OBSTYPE: transmission_filter_detector}
# - {CALIBCLS: lsst.ip.isr.IntermediateFilterDetectorTransmissionCurve}
# - {SOURCE: Materion (DM-46256)}
# - {DETECTOR: 144}
# - {FILTER: u_24}
# - {CALIB_ID: 'calibDate=1970-01-01T00:00:00 filter=u_24 detector=144'}
# - {DATE: '2025-04-02T15:59:40.417160'}
# - {CALIB_CREATION_DATE: '2025-04-02'}
# - {CALIB_CREATION_TIME: '15:59:40'}
# - __serialized_columns__:
#     efficiency:
#       __class__: astropy.units.quantity.Quantity
#       unit: !astropy.units.Unit {unit: '%'}
#       value: !astropy.table.SerializedColumn {name: efficiency}
#     wavelength:
#       __class__: astropy.units.quantity.Quantity
#       unit: !astropy.units.Unit {unit: nm}
#       value: !astropy.table.SerializedColumn {name: wavelength}
# schema: astropy-2.0
wavelength efficiency
[from data line 581]
876.0 0.0025867882868624292
877.0 0.0027682950531016104
878.0 0.0029498018193407916
879.0 0.002814080289681442
880.0 0.002678358941921033
881.0 0.0026094416170963086
882.0 0.002540524110372644
883.0 0.0024500141080352478
884.0 0.0023595041056978516
885.0 0.0025104089218075387
886.0 0.002661313737917226
887.0 0.0024136797946994193
888.0 0.0021660458514816128
889.0 0.0022977887056185864
890.0 0.00242953155975556
891.0 0.00257146566582378
892.0 0.0027133999537909403
893.0 0.002872901859518606
894.0 0.0030324035833473317
895.0 0.0029490893211914226
896.0 0.0028657750590355136
897.0 0.003274314076406881
898.0 0.0036828529118793085
899.0 0.003766087320400402
900.0 0.003849322092719376
901.0 0.004098717181477696
902.0 0.004348112270236015
903.0 0.004445234662853181
904.0 0.004542356691672467
905.0 0.004990633169654757
906.0 0.0054389089200412855
907.0 0.005353668166208081
908.0 0.005268427048576996
909.0 0.005326816972228698
910.0 0.00538520653208252
911.0 0.005409059303929098
912.0 0.005432912439573556
913.0 0.00513285121996887
914.0 0.004832789636566304
915.0 0.0045511445932788774
916.0 0.004269499549991451
917.0 0.004190215258859098
918.0 0.004110930967726745
919.0 0.00432351698691491
920.0 0.004536103006103076
921.0 0.004633544449461624
922.0 0.004730985529022291
923.0 0.005158140629646368
924.0 0.005585295002674684
925.0 0.006017788473400287
926.0 0.006450283399317414
927.0 0.006807003228459507
928.0 0.007163724512793124
929.0 0.007341749733313918
930.0 0.0075197749538347125
931.0 0.007550428563263267
932.0 0.007581080717500299
933.0 0.007537264173151925
934.0 0.007493445446016267
935.0 0.007447567622875795
936.0 0.007401687616948038
937.0 0.007057490438455716
938.0 0.00671329180477187
939.0 0.0064583568018861115
940.0 0.00620342034380883
941.0 0.005299999611452222
942.0 0.004396579606691375
943.0 0.0038589649193454534
944.0 0.003321350595797412
945.0 0.0029715321943513118
946.0 0.002621713611006271
947.0 0.0022736685423296876
948.0 0.0019256232917541638
949.0 0.0016502595826750621
950.0 0.0013748957826464903
951.0 0.001339404389000265
952.0 0.001303912722505629
953.0 0.001578112642164342
954.0 0.0018523127437219955
955.0 0.002235411375295371
956.0 0.0026185098249698058
957.0 0.002607463102322072
958.0 0.002596416561573278
959.0 0.003005423968716059
960.0 0.0034144311939598992
961.0 0.0037984576920280233
962.0 0.004182484190096147
963.0 0.0043749150790972635
964.0 0.00456734633189626
965.0 0.004743606405099854
966.0 0.004919866842101328
967.0 0.004798822192242369
968.0 0.004677776814787649
969.0 0.004663440631702542
970.0 0.004649104812415317
971.0 0.004540432200883515
972.0 0.004431759225553833
973.0 0.004326983980718069
974.0 0.004222208008286543
975.0 0.003976046355091967
976.0 0.0037298843380995095
977.0 0.0032448977435706183
978.0 0.0027599113309406675
979.0 0.0025749941414687783
980.0 0.0023900771338958293
981.0 0.0026258972866344266
982.0 0.002861717439373024
983.0 0.0028266000299481675
984.0 0.002791482984321192
985.0 0.0030711562430951744
986.0 0.0033508298656670377
987.0 0.0036246325180400163
988.0 0.003898435170412995
989.0 0.004410929250298068
990.0 0.004923423693981022
991.0 0.005496368612512015
992.0 0.006069313531043008
993.0 0.006342824053717777
994.0 0.006616333848796785
995.0 0.006663959356956184
996.0 0.006711584865115583
997.0 0.0064033447415567935
998.0 0.006095104254200123
999.0 0.006269064760999754
1000.0 0.00644302272121422
1001.0 0.006350708281388506
1002.0 0.00625839238637127
1003.0 0.006245931581361219
1004.0 0.006233472231542692
1005.0 0.005728569158236496
1006.0 0.00522366572113242
1007.0 0.005161924855201505
1008.0 0.0051001861720578745
1009.0 0.004740623262478039
1010.0 0.0043810607166960835
1011.0 0.003688148717628792
1012.0 0.002995237082359381
1013.0 0.0026226387490169145
1014.0 0.002250040415674448
1015.0 0.0019058046746067703
1016.0 0.001561569115438033
1017.0 0.0013043673789070453
1018.0 0.0010471659152244683
1019.0 0.0011554091543075629
1020.0 0.0012636524843401276
1021.0 0.0014148751688480843
1022.0 0.001566097853356041
1023.0 0.0014716237274114974
1024.0 0.001377149692416424
1025.0 0.0013601837963506114
1026.0 0.0013432182640826795
1027.0 0.001652532591833733
1028.0 0.001961846646736376
1029.0 0.0017708478480926715
1030.0 0.0015798494132468477
1031.0 0.0014799123164266348
1032.0 0.0013799754015053622
1033.0 0.0015490784790017642
1034.0 0.0017181813745992258
1035.0 0.0016729114577174187
1036.0 0.0016276413589366712
1037.0 0.001775442433427088
1038.0 0.0019232435079175048
1039.0 0.001744781548040919
1040.0 0.001566319406265393
1041.0 0.0016365464034606703
1042.0 0.0017067734006559476
1043.0 0.0017584954548510723
1044.0 0.001810217509046197
1045.0 0.0018015924069914035
1046.0 0.0017929673049366102
1047.0 0.001693835474725347
1048.0 0.0015947036445140839
1049.0 0.0015900501239229925
1050.0 0.0015853964214329608
1051.0 0.0017737089365255088
1052.0 0.0019620218154159375
1053.0 0.001962053283932619
1054.0 0.0019620849343482405
1055.0 0.0017918076991918497
1056.0 0.0016215306459343992
1057.0 0.000994801212073071
1058.0 0.000368071960110683
1059.0 0.00038416105780925136
1060.0 0.0004002502009825548
1061.0 0.0002933410542027559
1062.0 0.00018643204384716228
1063.0 0.0002087024995489628
1064.0 0.00023097327357390895
1065.0 0.0007659038601559587
1066.0 0.001300834719586419
1067.0 0.00117061272248975
1068.0 0.0010403909982414916
1069.0 0.0019115097529720515
1070.0 0.0027826286896015517
1071.0 0.002972880974994041
1072.0 0.00316313307848759
1073.0 0.0031070994737092406
1074.0 0.0030510655051330104
1075.0 0.002910194052674342
1076.0 0.002769322964013554
1077.0 0.0022059066395740956
1078.0 0.001642490315134637
1079.0 0.00297812312055612
1080.0 0.004313755925977603
1081.0 0.004586566865327768
1082.0 0.004859378168475814
1083.0 0.005127707117935643
1084.0 0.0053960342484060675
1085.0 0.005317051545716822
1086.0 0.005238068843027577
1087.0 0.004800881652045064
1088.0 0.00436369409726467
1089.0 0.0055753233027644455
1090.0 0.0067869521444663405
1091.0 0.005962712020846084
1092.0 0.005138471533427946
1093.0 0.004919074126519263
1094.0 0.0046996752644190565
1095.0 0.004422900383360684
1096.0 0.004146125866100192
1097.0 0.004300909859011881
1098.0 0.0044556945795193315
1099.0 0.0031311446946347132
1100.0 0.0018065955373458564
