lsstCam/transmission_filter_detector/r13_s10/z_20/19700101T000000.ecsv
# %ECSV 1.0
# ---
# datatype:
# - {name: wavelength, unit: nm, datatype: float32}
# - {name: efficiency, unit: '%', datatype: float64}
# meta: !!omap
# - {MODE: DETECTOR}
# - {TYPE: transmission_filter_detector}
# - {CALIBDATE: '1970-01-01T00:00:00'}
# - {INSTRUME: LSSTCam}
# - {OBSTYPE: transmission_filter_detector}
# - {CALIBCLS: lsst.ip.isr.IntermediateFilterDetectorTransmissionCurve}
# - {SOURCE: Materion (DM-46256)}
# - {DETECTOR: 57}
# - {FILTER: z_20}
# - {CALIB_ID: 'calibDate=1970-01-01T00:00:00 filter=z_20 detector=57'}
# - {DATE: '2025-04-02T15:59:48.901404'}
# - {CALIB_CREATION_DATE: '2025-04-02'}
# - {CALIB_CREATION_TIME: '15:59:48'}
# - __serialized_columns__:
#     efficiency:
#       __class__: astropy.units.quantity.Quantity
#       unit: !astropy.units.Unit {unit: '%'}
#       value: !astropy.table.SerializedColumn {name: efficiency}
#     wavelength:
#       __class__: astropy.units.quantity.Quantity
#       unit: !astropy.units.Unit {unit: nm}
#       value: !astropy.table.SerializedColumn {name: wavelength}
# schema: astropy-2.0
wavelength efficiency
300.0 0.8718699216842651
301.0 0.5891523323953152
302.0 0.30643483623862267
303.0 0.29775076545774937
304.0 0.28906671795994043
305.0 0.24384954012930393
306.0 0.19863233901560307
307.0 0.18401173874735832
308.0 0.16939113847911358
309.0 0.1474277232773602
310.0 0.12546429643407464
311.0 0.12675209436565638
312.0 0.12803993886336684
313.0 0.11304542422294617
314.0 0.09805093286558986
315.0 0.09678450878709555
316.0 0.09551809052936733
317.0 0.07993292529135942
318.0 0.0643477716948837
319.0 0.06396363605745137
320.0 0.06357950042001903
321.0 0.06347727030515671
322.0 0.06337505183182657
323.0 0.055627134861424565
324.0 0.04787922080140561
325.0 0.04434751172084361
326.0 0.04081579972989857
327.0 0.04020601627416909
328.0 0.03959622990805656
329.0 0.03484250046312809
330.0 0.030088768107816577
331.0 0.02739303163252771
332.0 0.02469729515723884
333.0 0.023898670042399317
334.0 0.023100042017176747
335.0 0.022030672698747367
336.0 0.020961301925126463
337.0 0.02494163636583835
338.0 0.028921966440975666
339.0 0.024656092864461243
340.0 0.02039022365352139
341.0 0.017185730393975973
342.0 0.013981235679239035
343.0 0.013905565720051527
344.0 0.013829898671247065
345.0 0.01296442496823147
346.0 0.012098950537620112
347.0 0.011574268864933401
348.0 0.011049587919842452
349.0 0.013564754044637084
350.0 0.01607992162462324
351.0 0.013440223119687289
352.0 0.010800519521581009
353.0 0.011348458792781457
354.0 0.011896397336386144
355.0 0.010202141857007518
356.0 0.008507886377628893
357.0 0.009430560021428391
358.0 0.010353235848015174
359.0 0.010122749517904595
360.0 0.00989226100500673
361.0 0.009013660746859387
362.0 0.008135061216307804
363.0 0.009279697405872867
364.0 0.010424333595437929
365.0 0.010164572449866682
366.0 0.009904814214678481
367.0 0.008657149010105059
368.0 0.007409483805531636
369.0 0.007953433669172227
370.0 0.00849738426040858
371.0 0.008439198427367955
372.0 0.008381014777114615
373.0 0.007293328235391527
374.0 0.006205643876455724
375.0 0.006508889782708138
376.0 0.006812134961364791
377.0 0.0071353540988639
378.0 0.007458571053575724
379.0 0.006260874943109229
380.0 0.005063178105046973
381.0 0.00325779001286719
382.0 0.0014524023754347581
383.0 0.0036568842915585265
384.0 0.005861366298631765
385.0 0.005586959741776809
386.0 0.0053125528211239725
387.0 0.005973312363494188
388.0 0.006634072633460164
389.0 0.005888373561901972
390.0 0.005142675945535302
391.0 0.004744045145343989
392.0 0.004345414345152676
393.0 0.004806056676898152
394.0 0.005266699372441508
395.0 0.004375138087198138
396.0 0.003483576074359007
397.0 0.0036522134905681014
398.0 0.003820850542979315
399.0 0.0040668957808520645
400.0 0.004312940654926933
401.0 0.004623163113137707
402.0 0.004933385571348481
403.0 0.005002357283956371
404.0 0.005071329724160023
405.0 0.004213935972074978
406.0 0.003356543311383575
407.0 0.0019326045730849728
408.0 0.0005086667897558073
409.0 0.0019885335859726183
410.0 0.0034684009733609855
411.0 0.004150601307628676
412.0 0.004832802005694248
413.0 0.004731530134449713
414.0 0.004630258263205178
415.0 0.0038029796996852383
416.0 0.002975701318064239
417.0 0.00393828158848919
418.0 0.004900862404610962
419.0 0.0043761021515820175
420.0 0.003851342262350954
421.0 0.003955131978727877
422.0 0.004058922422700562
423.0 0.0038169673644006252
424.0 0.0035750137612922117
425.0 0.002573605888755992
426.0 0.0015721981981187128
427.0 0.0017912621842697263
428.0 0.00201032617042074
429.0 0.0014352836842590477
430.0 0.0008602416528447066
431.0 0.000832043861009879
432.0 0.0008038459782255813
433.0 0.000775170155975502
434.0 0.0007464944701496279
435.0 0.001268282994715264
436.0 0.0017900716557051055
437.0 0.0019278611944173463
438.0 0.0020656509150285274
439.0 0.002143605161109008
440.0 0.0022215594071894884
441.0 0.0016626700016786344
442.0 0.0011037807780667208
443.0 0.0022891321350471117
444.0 0.003474483673926443
445.0 0.0034185013646492735
446.0 0.003362519055372104
447.0 0.002618549478938803
448.0 0.001874579902505502
449.0 0.0025257995730498806
450.0 0.0031770196073921397
451.0 0.0025169416403514333
452.0 0.0018568633095128462
453.0 0.0017459722585044801
454.0 0.0016350813893950544
455.0 0.0024031265638768673
456.0 0.0031711719202576205
457.0 0.0022989153876551427
458.0 0.001426658946002135
459.0 0.0015369270840892568
460.0 0.0016471951312269084
461.0 0.0007993627150426619
462.0 1.5838071956361666e-10
463.0 0.0009127271368924994
464.0 0.0018739243387244642
465.0 0.002170139123336412
466.0 0.00246635390794836
467.0 0.0021447365725180134
468.0 0.0018231185094919056
469.0 0.0016166533896466717
470.0 0.0014101879969530273
471.0 0.0013157645298633724
472.0 0.001221341335622128
473.0 0.0012100675121473614
474.0 0.001198793779622065
475.0 0.0010621725778037217
476.0 0.0009255512850359082
477.0 0.0013155677152099088
478.0 0.0017055837815860286
479.0 0.0020651594240916893
480.0 0.00242473506659735
481.0 0.0018928571080323309
482.0 0.0013609790585178416
483.0 0.0009555797987559345
484.0 0.0005501804935192922
485.0 0.001362184775643982
486.0 0.0021741889213444665
487.0 0.0015001141946413554
488.0 0.0008260393769887742
489.0 0.0016209874956985004
490.0 0.0024159355234587565
491.0 0.0022964381059864536
492.0 0.0021769406885141507
493.0 0.0019604254703153856
494.0 0.001743910434015561
495.0 0.001577791408635676
496.0 0.001411672474205261
497.0 0.0012121625331928954
498.0 0.0010126526831299998
499.0 0.0011662987162708305
500.0 0.0013199449313106015
501.0 0.0008724597137188539
502.0 0.00042497440517763607
503.0 0.0012651576071220916
504.0 0.0021053409000160173
505.0 0.0022550493667949922
506.0 0.002404757651675027
507.0 0.0022815178454038687
508.0 0.00215827767533483
509.0 0.0018394974176771939
510.0 0.0015207175238174386
511.0 0.0012069104741385672
512.0 0.000893103515409166
513.0 0.0013523939742299262
514.0 0.001811684705899097
515.0 0.0013931644389231224
516.0 0.0009746445357450284
517.0 0.0009206733921018895
518.0 0.0008667022484587505
519.0 0.0010890635167015716
520.0 0.0013114246030454524
521.0 0.0016321433577104472
522.0 0.0019528619304765016
523.0 0.001284755580854835
524.0 0.0006166492767079035
525.0 0.0007073726010276005
526.0 0.0007980960617715027
527.0 0.0011569080015760846
528.0 0.0015157203051785473
529.0 0.0012983629858354107
530.0 0.001081005120795453
531.0 0.0011558583537407685
532.0 0.0012307114047871437
533.0 0.0008793349479674362
534.0 0.0005279583547235234
535.0 0.001074737883755006
536.0 0.0016215173673117533
537.0 0.0016536976545467041
538.0 0.0016858777598827146
539.0 0.0011884339073731098
540.0 0.0006909899184392998
541.0 0.0007694535270275082
542.0 0.000847917272039922
543.0 0.0013064778613625094
544.0 0.001765038541634567
545.0 0.0011700132745318115
546.0 0.0005749882802774664
547.0 0.0012154227079008706
548.0 0.0018558568626758642
549.0 0.0016408817828050815
550.0 0.0014259066119848285
551.0 0.0015189177247521002
552.0 0.0016119285646709614
553.0 0.0013810662494506687
554.0 0.0011502036613819655
555.0 0.001042910025716992
556.0 0.0009356162991025485
557.0 0.0013436406334221829
558.0 0.0017516646039439365
559.0 0.0017541553461342119
560.0 0.0017566457245266065
561.0 0.0015800906112417579
562.0 0.001403535407007439
563.0 0.001195081858895719
564.0 0.000986628310783999
565.0 0.0016717007383704185
566.0 0.0023567734388052486
567.0 0.002759171366051305
568.0 0.0031615691113984212
569.0 0.0029810018531861715
570.0 0.0028004344130749814
571.0 0.0026384535885881633
572.0 0.0024764720365055837
573.0 0.001980401611945126
574.0 0.001484331278334139
575.0 0.0019198170775780454
576.0 0.002355302422074601
577.0 0.001969503500731662
578.0 0.0015837047612876631
579.0 0.0017158845366793685
580.0 0.0018480641301721334
581.0 0.001678311309660785
582.0 0.0015085580344020855
583.0 0.001947573218785692
584.0 0.0023865884941187687
585.0 0.0025452694899286143
586.0 0.00270395048573846
587.0 0.0020680234229075722
588.0 0.0014320959053293336
589.0 0.002018819759541657
590.0 0.00260554352280451
591.0 0.0016837009752634913
592.0 0.0007618582912982674
593.0 0.000638007350062253
594.0 0.0005141562724020332
595.0 0.0009816152669372968
596.0 0.0014490741705230903
597.0 0.001365040134260198
598.0 0.0012810060070478357
599.0 0.0009762878107721917
600.0 0.0006715698418702232
601.0 0.0005518713805940934
602.0 0.00043217287384322844
603.0 0.000913730855245376
604.0 0.0013952882909507025
605.0 0.0008691195944265928
606.0 0.00034295064779144013
607.0 0.0007617039045726415
608.0 0.0011804571840912104
609.0 0.0011523977264005225
610.0 0.001124337904911954
611.0 0.0010030144039774314
612.0 0.000881690539245028
613.0 0.0008035890459723305
614.0 0.0007254875526996329
615.0 0.0011700734830810688
616.0 0.001614659595361445
617.0 0.0021217838366283104
618.0 0.002628908259794116
619.0 0.002170248990296386
620.0 0.0017115893570007756
621.0 0.0014802414625592064
622.0 0.0012488932952692267
623.0 0.001567404433444608
624.0 0.0018859158444683999
625.0 0.0016833713743835688
626.0 0.0014808271771471482
627.0 0.001908735248434823
628.0 0.0023366437744698487
629.0 0.002110478817485273
630.0 0.001884313860500697
631.0 0.0016534837413928472
632.0 0.0014226532584871165
633.0 0.0017649535948294215
634.0 0.002107254294969607
635.0 0.0050456219469197094
636.0 0.00798398905317299
637.0 0.0153279397636652
638.0 0.02267189120175317
639.0 0.019868604431394488
640.0 0.01706531475065276
641.0 0.014815886970609426
642.0 0.012566462100949138
643.0 0.010054589074570686
644.0 0.00754271968617104
645.0 0.006805177690694109
646.0 0.006067635695217177
647.0 0.00559398795303423
648.0 0.005120339847053401
649.0 0.004213780630379915
650.0 0.0033072225051000714
651.0 0.003663446841528639
652.0 0.004019671177957207
653.0 0.003309024396003224
654.0 0.00259837706835242
655.0 0.002813161518133711
656.0 0.0030279465136118233
657.0 0.0029601098503917456
658.0 0.0028922730052727275
659.0 0.002731357562879566
660.0 0.0025704424842842855
661.0 0.0027376387151889503
662.0 0.0029048345822957344
663.0 0.0019728742699953727
664.0 0.0010409141395939514
665.0 0.0015878376871114597
666.0 0.0021347615984268486
667.0 0.0024490125724696554
668.0 0.0027632637284114026
669.0 0.0020224104446242563
670.0 0.0012815571608371101
671.0 0.0009322729965788312
672.0 0.000582988650421612
673.0 0.0012617791071534157
674.0 0.0019405697457841597
675.0 0.0020244644474587403
676.0 0.0021083589672343805
677.0 0.001882536344055552
678.0 0.0016567133570788428
679.0 0.0014196374650055077
680.0 0.0011825614819827024
681.0 0.0012647999028558843
682.0 0.0013470385056280065
683.0 0.0024245871827588417
684.0 0.0035021363146370277
685.0 0.0029177548640291207
686.0 0.0023333739591180347
687.0 0.0017225856936420314
688.0 0.0011117971553176176
689.0 0.0014639167602581438
690.0 0.0018160360923502594
691.0 0.0021212545107118785
692.0 0.0024264729290734977
693.0 0.002738033072091639
694.0 0.003049593397008721
695.0 0.0032815874874358997
696.0 0.0035135810321662575
697.0 0.0036635879951063544
698.0 0.003813594958046451
699.0 0.005643331678584218
700.0 0.007473066943930462
701.0 0.00715975183993578
702.0 0.006846436735941097
703.0 0.006284323171712458
704.0 0.005722209243685938
705.0 0.005155276812729426
706.0 0.0045883451093686745
707.0 0.004329202056396753
708.0 0.00407005863962695
709.0 0.004212004569126293
710.0 0.004353950134827755
711.0 0.003956749787903391
712.0 0.003559549804776907
713.0 0.0025290251869591884
714.0 0.001498500114394119
715.0 0.0021863863366888836
716.0 0.002874272468034178
717.0 0.002501880044292193
718.0 0.0021294870748533867
719.0 0.0017095439034164883
720.0 0.0012896004591311794
721.0 0.0012157264791312627
722.0 0.001141852408181876
723.0 0.0009926100574375596
724.0 0.0008433677066932432
725.0 0.0012444967069313861
726.0 0.001645625707169529
727.0 0.0017076219592127018
728.0 0.0017696176655590534
729.0 0.0018095590348821133
730.0 0.0018495004042051733
731.0 0.0014055348401598167
732.0 0.0009615694580134004
733.0 0.0009239756764145568
734.0 0.0008863818948157132
735.0 0.001043924112309469
736.0 0.0012014661479042843
737.0 0.00134540896397084
738.0 0.0014893515071889851
739.0 0.001172019892692333
740.0 0.000854688278195681
741.0 0.0009995583241106942
742.0 0.0011444280971772969
743.0 0.001596419133420568
744.0 0.0020484099877648987
745.0 0.0013735469110542908
746.0 0.0006986837433942128
747.0 0.0012037797205266543
748.0 0.0017088754248106852
749.0 0.00237401054619113
750.0 0.003039145485672634
751.0 0.003012318120454438
752.0 0.0029854903914383613
753.0 0.002935022348538041
754.0 0.002884554305637721
755.0 0.0019100343706668355
756.0 0.0009355144356959499
757.0 0.0018653667211765423
758.0 0.002795219188556075
759.0 0.002631839925015811
760.0 0.002468460297677666
761.0 0.0042813677282538265
762.0 0.006094274431234226
763.0 0.005685630458174273
764.0 0.005276986485114321
765.0 0.005343911107047461
766.0 0.005410834637586959
767.0 0.004573852856992744
768.0 0.00373687144019641
769.0 0.0033954183891182765
770.0 0.0030539664294337854
771.0 0.003950063182855956
772.0 0.004846159936278127
773.0 0.003969638419221155
774.0 0.003093116174568422
775.0 1.5838071956361666e-10
776.0 0.07260902784764767
777.0 0.07506255060434341
778.0 1.5838071956361666e-10
779.0 0.10332745732739568
780.0 0.0886805122718215
781.0 0.006439512799261138
782.0 1.5838071956361666e-10
783.0 0.029144505970180035
784.0 1.5838071956361666e-10
785.0 0.12472197413444519
786.0 0.09276167256757617
787.0 0.06423634476959705
788.0 0.08676730212755501
789.0 1.5838071956361666e-10
790.0 1.5838071956361666e-10
791.0 0.1654637511819601
792.0 1.5838071956361666e-10
793.0 0.04130160668864846
794.0 1.5838071956361666e-10
795.0 0.013232427590992302
796.0 0.062260503182187676
797.0 0.16481189522892237
798.0 0.01866774691734463
799.0 0.07894379668869078
800.0 1.5838071956361666e-10
801.0 0.25482417549937963
802.0 0.5132237449288368
803.0 0.8126731030642986
804.0 1.3593503274023533
805.0 2.094210311770439
806.0 3.4138262271881104
807.0 5.041429400444031
808.0 6.81949257850647
809.0 9.197137504816055
810.0 12.122341245412827
811.0 15.528324246406555
812.0 18.481411039829254
813.0 21.552087366580963
814.0 24.33703988790512
815.0 27.76205539703369
816.0 32.096755504608154
817.0 37.527066469192505
818.0 43.06252300739288
819.0 48.95834028720856
820.0 56.218087673187256
821.0 63.93480896949768
822.0 70.37373781204224
823.0 76.53149366378784
824.0 82.04067349433899
825.0 87.10328340530396
826.0 91.09236001968384
827.0 94.19471621513367
828.0 97.26831316947937
829.0 98.30226302146912
830.0 98.96228909492493
831.0 99.16956424713135
832.0 98.72772693634033
833.0 99.5718002319336
834.0 98.53981733322144
835.0 99.83105063438416
836.0 99.12811517715454
837.0 99.39732551574707
838.0 98.30492734909058
839.0 98.77450466156006
840.0 99.11208748817444
841.0 99.44565892219543
842.0 99.9173104763031
843.0 100.17679929733276
844.0 98.53969812393188
845.0 98.88458251953125
846.0 98.81272912025452
847.0 98.8232970237732
848.0 99.88289475440979
849.0 98.89644384384155
850.0 98.39012026786804
851.0 99.4010865688324
852.0 99.61659908294678
853.0 98.97125363349915
854.0 99.77372288703918
855.0 98.7301230430603
856.0 98.81547093391418
857.0 98.19458723068237
858.0 98.74577522277832
859.0 99.36911463737488
860.0 98.60273003578186
861.0 98.74697923660278
862.0 98.835289478302
863.0 98.38141202926636
864.0 99.34837818145752
865.0 100.14591217041016
866.0 98.76827001571655
867.0 99.53542947769165
868.0 99.4313895702362
869.0 99.10268187522888
870.0 98.3264684677124
871.0 99.07041788101196
872.0 99.21277165412903
873.0 99.56861138343811
874.0 99.62484240531921
875.0 99.00402426719666
876.0 99.33453798294067
877.0 99.72565770149231
878.0 99.12219643592834
879.0 98.63843321800232
880.0 98.76368641853333
881.0 100.12362003326416
882.0 99.05965924263
883.0 99.0526556968689
884.0 99.18747544288635
885.0 98.68831038475037
886.0 98.80017638206482
887.0 98.77209067344666
888.0 98.97679686546326
889.0 99.71877932548523
890.0 98.63649606704712
891.0 99.62631464004517
892.0 98.97109270095825
893.0 98.72478246688843
894.0 98.58468174934387
895.0 99.86636638641357
