lsstCam/transmission_filter_detector/r13_s10/z_20/19700101T000000.ecsv
# %ECSV 1.0
# ---
# datatype:
# - {name: wavelength, unit: nm, datatype: float32}
# - {name: efficiency, unit: '%', datatype: float64}
# meta: !!omap
# - {MODE: DETECTOR}
# - {TYPE: transmission_filter_detector}
# - {CALIBDATE: '1970-01-01T00:00:00'}
# - {INSTRUME: LSSTCam}
# - {OBSTYPE: transmission_filter_detector}
# - {CALIBCLS: lsst.ip.isr.IntermediateFilterDetectorTransmissionCurve}
# - {SOURCE: Materion (DM-46256)}
# - {DETECTOR: 57}
# - {FILTER: z_20}
# - {CALIB_ID: 'calibDate=1970-01-01T00:00:00 filter=z_20 detector=57'}
# - {DATE: '2025-04-02T15:59:48.901404'}
# - {CALIB_CREATION_DATE: '2025-04-02'}
# - {CALIB_CREATION_TIME: '15:59:48'}
# - __serialized_columns__:
#     efficiency:
#       __class__: astropy.units.quantity.Quantity
#       unit: !astropy.units.Unit {unit: '%'}
#       value: !astropy.table.SerializedColumn {name: efficiency}
#     wavelength:
#       __class__: astropy.units.quantity.Quantity
#       unit: !astropy.units.Unit {unit: nm}
#       value: !astropy.table.SerializedColumn {name: wavelength}
# schema: astropy-2.0
wavelength efficiency
[from data line 597]
897.0 99.60359334945679
898.0 99.04730916023254
899.0 98.78387451171875
900.0 98.7716019153595
901.0 99.51097369194031
902.0 99.54121112823486
903.0 98.81238341331482
904.0 97.99844026565552
905.0 98.84026646614075
906.0 97.95851707458496
907.0 98.69877696037292
908.0 98.37493896484375
909.0 98.29397201538086
910.0 97.9551911354065
911.0 96.87509536743164
912.0 96.05945348739624
913.0 94.91647481918335
914.0 92.76906251907349
915.0 90.32594561576843
916.0 88.44968676567078
917.0 86.60174608230591
918.0 83.27692747116089
919.0 82.39775896072388
920.0 79.65244650840759
921.0 75.50010681152344
922.0 71.26455903053284
923.0 66.04449152946472
924.0 60.4558527469635
925.0 54.79235649108887
926.0 48.87485206127167
927.0 41.8993204832077
928.0 36.151862144470215
929.0 29.85665798187256
930.0 24.17185604572296
931.0 19.040478765964508
932.0 13.500125706195831
933.0 9.02988612651825
934.0 5.902296304702759
935.0 3.626647964119911
936.0 2.1644236519932747
937.0 1.257047988474369
938.0 0.7034372072666883
939.0 0.3985308576375246
940.0 0.1711054821498692
941.0 0.30079593416303396
942.0 0.20891884341835976
943.0 0.15950477682054043
944.0 0.1718097017146647
945.0 0.11554390657693148
946.0 0.14584475429728627
947.0 0.15049527864903212
948.0 1.5838071956361666e-10
949.0 1.5838071956361666e-10
950.0 0.11151785729452968
951.0 0.14893441693857312
952.0 0.04697321564890444
953.0 0.08199241710826755
954.0 0.027318840147927403
955.0 0.16192648326978087
956.0 0.002266174487886019
957.0 0.02730421838350594
958.0 1.5838071956361666e-10
959.0 0.01216622840729542
960.0 1.5838071956361666e-10
961.0 1.5838071956361666e-10
962.0 1.5838071956361666e-10
963.0 0.006405179010471329
964.0 0.017081020632758737
965.0 1.5838071956361666e-10
966.0 0.05842058453708887
967.0 0.025392757379449904
968.0 0.032388686668127775
969.0 0.015623672516085207
970.0 1.5838071956361666e-10
971.0 0.0273550656856969
972.0 1.5838071956361666e-10
973.0 1.5838071956361666e-10
974.0 0.06293572369031608
975.0 1.5838071956361666e-10
976.0 0.00650499205221422
977.0 0.006506226054625586
978.0 0.006507462967419997
979.0 0.006273523467825726
980.0 0.006039582513039932
981.0 0.005923830030951649
982.0 0.005808078640257008
983.0 0.005705335570382886
984.0 0.005602592864306644
985.0 0.005320373747963458
986.0 0.005038153540226631
987.0 0.005034710557083599
988.0 0.005031267210142687
989.0 0.004971276939613745
990.0 0.004911287032882683
991.0 0.005020555909140967
992.0 0.005129825149197131
993.0 0.0050351118261460215
994.0 0.00494039777549915
995.0 0.004895563688478433
996.0 0.004850729601457715
997.0 0.004626448935596272
998.0 0.004402167905936949
999.0 0.004401331898407079
1000.0 0.00440049589087721
1001.0 0.004575083221425302
1002.0 0.004749670188175514
1003.0 0.004614272256731056
1004.0 0.004478874689084478
1005.0 0.0043631891458062455
1006.0 0.004247503966325894
1007.0 0.004352609175839461
1008.0 0.004457714021555148
1009.0 0.0045089578634360805
1010.0 0.004560201705317013
1011.0 0.004602109402185306
1012.0 0.004644017099053599
1013.0 0.0044950553274247795
1014.0 0.00434609355579596
1015.0 0.004518214336712845
1016.0 0.0046903347538318485
1017.0 0.004931735747959465
1018.0 0.0051731374696828425
1019.0 0.004979397272109054
1020.0 0.004785657438333146
1021.0 0.004785452256328426
1022.0 0.004785246710525826
1023.0 0.004625399742508307
1024.0 0.004465552046895027
1025.0 0.004738994903163984
1026.0 0.00501243703183718
1027.0 0.004878168329014443
1028.0 0.004743899989989586
1029.0 0.004745869591715746
1030.0 0.0047478399210376665
1031.0 0.0049046753701986745
1032.0 0.0050615108193596825
1033.0 0.005125105235492811
1034.0 0.005188699651625939
1035.0 0.00537909654667601
1036.0 0.005569493441726081
1037.0 0.005612592212855816
1038.0 0.005655690983985551
1039.0 0.005489462637342513
1040.0 0.005323233199305832
1041.0 0.005779830462415703
1042.0 0.006236428453121334
1043.0 0.005666099605150521
1044.0 0.005095771484775469
1045.0 0.00584121844440233
1046.0 0.006586664676433429
1047.0 0.006308769661700353
1048.0 0.006030874283169396
1049.0 0.006223512173164636
1050.0 0.0064161489717662334
1051.0 0.006746288272552192
1052.0 0.007076429028529674
1053.0 0.0070383044658228755
1054.0 0.007000179903116077
1055.0 0.007708854536758736
1056.0 0.008417529170401394
1057.0 0.008123341831378639
1058.0 0.007829154492355883
1059.0 0.008054087084019557
1060.0 0.008279017492895946
1061.0 0.00873009194037877
1062.0 0.009181167115457356
1063.0 0.009235708421329036
1064.0 0.009290250454796478
1065.0 0.009362817218061537
1066.0 0.00943538616411388
1067.0 0.009641272481530905
1068.0 0.009847160981735215
1069.0 0.010571176972007379
1070.0 0.011295193689875305
1071.0 0.010984206892317161
1072.0 0.010673220822354779
1073.0 0.010828771337401122
1074.0 0.010984321852447465
1075.0 0.011756844469346106
1076.0 0.012529372179415077
1077.0 0.01256700197700411
1078.0 0.012604631774593145
1079.0 0.013588584261015058
1080.0 0.014572539657820016
1081.0 0.014529796317219734
1082.0 0.014487055887002498
1083.0 0.0143618875881657
1084.0 0.014236720744520426
1085.0 0.01489932619733736
1086.0 0.015561933105345815
1087.0 0.015780328249093145
1088.0 0.015998727758415043
1089.0 0.017170992214232683
1090.0 0.018343256670050323
1091.0 0.01829323882702738
1092.0 0.018243215163238347
1093.0 0.01794453855836764
1094.0 0.017645859043113887
1095.0 0.018709295545704663
1096.0 0.019772736413870007
1097.0 0.02034358331002295
1098.0 0.02091443311655894
1099.0 0.02307296817889437
1100.0 0.025231495965272188
1101.0 0.024953862885013223
1102.0 0.02467622107360512
1103.0 0.026285237981937826
1104.0 0.02789424906950444
1105.0 0.02755889727268368
1106.0 0.02722354547586292
1107.0 0.028347544139251113
1108.0 0.029471542802639306
1109.0 0.03129797405563295
1110.0 0.03312440530862659
1111.0 0.032655138056725264
1112.0 0.03218587371520698
1113.0 0.03443088207859546
1114.0 0.036675893352366984
1115.0 0.03559212200343609
1116.0 0.03450835356488824
1117.0 0.035548603045754135
1118.0 0.036588849616236985
1119.0 0.03992482670582831
1120.0 0.04326080088503659
1121.0 0.04399247991386801
1122.0 0.044724164763465524
1123.0 0.04506319237407297
1124.0 0.04540221707429737
1125.0 0.046201120130717754
1126.0 0.047000026097521186
1127.0 0.05019460222683847
1128.0 0.05338917835615575
1129.0 0.057724607177078724
1130.0 0.062060035998001695
1131.0 0.06148007232695818
1132.0 0.06090010283514857
1133.0 0.06427366170100868
1134.0 0.06764721474610269
1135.0 0.06727832369506359
1136.0 0.0669094268232584
1137.0 0.07166565046645701
1138.0 0.07642187993042171
1139.0 0.0808332406450063
1140.0 0.08524456643499434
1141.0 0.0953161739744246
1142.0 0.10538776405155659
1143.0 0.1274713664315641
1144.0 0.14955494552850723
1145.0 0.30062422156333923
1146.0 0.45169354416429996
1147.0 0.9669343940913677
1148.0 1.4821752905845642
1149.0 1.6831105574965477
1150.0 1.8840471282601357
