lsstCam/transmission_filter_detector/r30_s22/z_20/19700101T000000.ecsv
# %ECSV 1.0
# ---
# datatype:
# - {name: wavelength, unit: nm, datatype: float32}
# - {name: efficiency, unit: '%', datatype: float64}
# meta: !!omap
# - {MODE: DETECTOR}
# - {TYPE: transmission_filter_detector}
# - {CALIBDATE: '1970-01-01T00:00:00'}
# - {INSTRUME: LSSTCam}
# - {OBSTYPE: transmission_filter_detector}
# - {CALIBCLS: lsst.ip.isr.IntermediateFilterDetectorTransmissionCurve}
# - {SOURCE: Materion (DM-46256)}
# - {DETECTOR: 125}
# - {FILTER: z_20}
# - {CALIB_ID: 'calibDate=1970-01-01T00:00:00 filter=z_20 detector=125'}
# - {DATE: '2025-04-02T15:59:49.218523'}
# - {CALIB_CREATION_DATE: '2025-04-02'}
# - {CALIB_CREATION_TIME: '15:59:49'}
# - __serialized_columns__:
#     efficiency:
#       __class__: astropy.units.quantity.Quantity
#       unit: !astropy.units.Unit {unit: '%'}
#       value: !astropy.table.SerializedColumn {name: efficiency}
#     wavelength:
#       __class__: astropy.units.quantity.Quantity
#       unit: !astropy.units.Unit {unit: nm}
#       value: !astropy.table.SerializedColumn {name: wavelength}
# schema: astropy-2.0
wavelength efficiency
[from data line 597]
897.0 99.08531308174133
898.0 98.38789701461792
899.0 98.44944477081299
900.0 98.78348708152771
901.0 99.01742339134216
902.0 99.40053224563599
903.0 98.7730622291565
904.0 97.84035086631775
905.0 98.4797716140747
906.0 97.87631630897522
907.0 98.89567494392395
908.0 98.24702739715576
909.0 98.03288578987122
910.0 98.08302521705627
911.0 96.793133020401
912.0 96.03321552276611
913.0 95.04873752593994
914.0 92.67521500587463
915.0 90.32920002937317
916.0 88.07191848754883
917.0 86.43672466278076
918.0 82.81182050704956
919.0 81.98555707931519
920.0 78.867506980896
921.0 75.10898113250732
922.0 70.18281817436218
923.0 64.46239948272705
924.0 59.143900871276855
925.0 53.55730056762695
926.0 47.29154407978058
927.0 40.09882211685181
928.0 33.99167060852051
929.0 27.723658084869385
930.0 22.1285343170166
931.0 17.013001441955566
932.0 11.733447760343552
933.0 7.621236890554428
934.0 4.813618212938309
935.0 2.8860948979854584
936.0 1.6765667125582695
937.0 1.1002536863088608
938.0 0.7649577222764492
939.0 0.4119460005313158
940.0 0.20258743315935135
941.0 0.15226221876218915
942.0 0.08847634308040142
943.0 1.6625933485850397e-10
944.0 1.6625933485850397e-10
945.0 0.011764347436837852
946.0 1.6625933485850397e-10
947.0 0.052666920237243176
948.0 1.6625933485850397e-10
949.0 0.0017470541934017092
950.0 0.08548400946892798
951.0 1.6625933485850397e-10
952.0 0.06030168733559549
953.0 0.01750139199430123
954.0 0.00042370643313915934
955.0 1.6625933485850397e-10
956.0 1.6625933485850397e-10
957.0 1.6625933485850397e-10
958.0 1.6625933485850397e-10
959.0 0.02324827655684203
960.0 0.0763456104323268
961.0 1.6625933485850397e-10
962.0 1.6625933485850397e-10
963.0 1.6625933485850397e-10
964.0 0.05258109886199236
965.0 1.6625933485850397e-10
966.0 0.007433055725414306
967.0 1.6625933485850397e-10
968.0 1.6625933485850397e-10
969.0 0.053845043294131756
970.0 1.6625933485850397e-10
971.0 0.0030050390705582686
972.0 1.6625933485850397e-10
973.0 1.6625933485850397e-10
974.0 1.6625933485850397e-10
975.0 1.6625933485850397e-10
976.0 0.00609454364166595
977.0 0.005960520502412692
978.0 0.005826498090755194
979.0 0.005764765955973417
980.0 0.005703033457393758
981.0 0.00551673692825716
982.0 0.005330440399120562
983.0 0.005197551581659354
984.0 0.005064662400400266
985.0 0.005066901576356031
986.0 0.005069140752311796
987.0 0.0050000515329884365
988.0 0.004930962677462958
989.0 0.004869248368777335
990.0 0.004807534060091712
991.0 0.004597556835506111
992.0 0.004387579610920511
993.0 0.004545582851278596
994.0 0.004703586455434561
995.0 0.004512925079325214
996.0 0.004322264067013748
997.0 0.004333463220973499
998.0 0.00434466237493325
999.0 0.004441204873728566
1000.0 0.004537747736321762
1001.0 0.004357817306299694
1002.0 0.0041778868762776256
1003.0 0.004198594251647592
1004.0 0.004219301627017558
1005.0 0.004135234485147521
1006.0 0.004051167343277484
1007.0 0.004016455568489619
1008.0 0.003981743793701753
1009.0 0.004096073462278582
1010.0 0.004210403130855411
1011.0 0.0040602146327728406
1012.0 0.003910025770892389
1013.0 0.00406846302212216
1014.0 0.0042269010009476915
1015.0 0.004098475619684905
1016.0 0.003970050602219999
1017.0 0.004108580469619483
1018.0 0.004247109973221086
1019.0 0.004182339034741744
1020.0 0.004117567732464522
1021.0 0.004028535840916447
1022.0 0.003939503585570492
1023.0 0.004186401929473504
1024.0 0.004433299909578636
1025.0 0.004329028161009774
1026.0 0.004224756412440911
1027.0 0.004303967943997122
1028.0 0.004383179111755453
1029.0 0.004457183604245074
1030.0 0.004531188460532576
1031.0 0.004520031507126987
1032.0 0.004508874917519279
1033.0 0.004551390520646237
1034.0 0.004593906123773195
1035.0 0.004772742613567971
1036.0 0.004951578739564866
1037.0 0.005003145633963868
1038.0 0.005054712892160751
1039.0 0.0050463724619476125
1040.0 0.005038031304138713
1041.0 0.004912112854071893
1042.0 0.004786194404005073
1043.0 0.005045534635428339
1044.0 0.005304874503053725
1045.0 0.005559351484407671
1046.0 0.005813828465761617
1047.0 0.0056609838793519884
1048.0 0.005508139656740241
1049.0 0.005864426930202171
1050.0 0.006220714567461982
1051.0 0.006367773312376812
1052.0 0.00651483132969588
1053.0 0.006810162449255586
1054.0 0.007105492113623768
1055.0 0.007012770947767422
1056.0 0.006920049054315314
1057.0 0.007347551581915468
1058.0 0.007775055564707145
1059.0 0.007840959005989134
1060.0 0.007906863174866885
1061.0 0.008225793862948194
1062.0 0.008544725278625265
1063.0 0.008433283073827624
1064.0 0.008321843051817268
1065.0 0.008406158303841949
1066.0 0.008490472828270867
1067.0 0.008955009252531454
1068.0 0.00941954567679204
1069.0 0.009885672625387087
1070.0 0.010351798846386373
1071.0 0.01030870625982061
1072.0 0.010265613673254848
1073.0 0.010171320172958076
1074.0 0.010077025945065543
1075.0 0.010392265539849177
1076.0 0.010707503679441288
1077.0 0.01179024766315706
1078.0 0.012872992374468595
1079.0 0.012446749315131456
1080.0 0.012020506983390078
1081.0 0.012905772018712014
1082.0 0.013791039236821234
1083.0 0.013604939158540219
1084.0 0.013418839080259204
1085.0 0.013858913735020906
1086.0 0.01429898984497413
1087.0 0.014970284246373922
1088.0 0.01564158301334828
1089.0 0.014851955347694457
1090.0 0.014062330592423677
1091.0 0.015662469377275556
1092.0 0.017262608162127435
1093.0 0.017091013432946056
1094.0 0.016919421614147723
1095.0 0.017299964383710176
1096.0 0.017680504242889583
1097.0 0.018475849356036633
1098.0 0.019271194469183683
1099.0 0.01974667247850448
1100.0 0.02022214903263375
1101.0 0.021855228987988085
1102.0 0.023488308943342417
1103.0 0.02380739606451243
1104.0 0.02412648609606549
1105.0 0.023580774723086506
1106.0 0.023035060439724475
1107.0 0.02456578949932009
1108.0 0.026096522924490273
1109.0 0.027079734718427062
1110.0 0.028062952333129942
1111.0 0.028897833544760942
1112.0 0.029732717666774988
1113.0 0.03000532742589712
1114.0 0.0302779400954023
1115.0 0.030703580705448985
1116.0 0.031129218405112624
1117.0 0.03135933948215097
1118.0 0.031589457648806274
1119.0 0.03281420504208654
1120.0 0.034038949524983764
1121.0 0.03588461258914322
1122.0 0.03773027565330267
1123.0 0.03897963906638324
1124.0 0.04022900538984686
1125.0 0.042592830141074955
1126.0 0.044956657802686095
1127.0 0.04435503506101668
1128.0 0.043753418140113354
1129.0 0.047265185276046395
1130.0 0.05077695241197944
1131.0 0.05452660261653364
1132.0 0.05827625864185393
1133.0 0.05623247125186026
1134.0 0.05418868386186659
1135.0 0.06112128612585366
1136.0 0.06805389421060681
1137.0 0.07309948559850454
1138.0 0.07814508280716836
1139.0 0.08383244276046753
1140.0 0.08951979107223451
1141.0 0.10305013274773955
1142.0 0.11658044531941414
1143.0 0.17650355584919453
1144.0 0.23642668966203928
1145.0 0.5374233238399029
1146.0 0.8384198881685734
1147.0 1.2368356809020042
1148.0 1.6352513805031776
1149.0 1.6367992386221886
1150.0 1.6383461654186249
