lsstCam/transmission_filter_detector/r30_s22/z_20/19700101T000000.ecsv
# %ECSV 1.0
# ---
# datatype:
# - {name: wavelength, unit: nm, datatype: float32}
# - {name: efficiency, unit: '%', datatype: float64}
# meta: !!omap
# - {MODE: DETECTOR}
# - {TYPE: transmission_filter_detector}
# - {CALIBDATE: '1970-01-01T00:00:00'}
# - {INSTRUME: LSSTCam}
# - {OBSTYPE: transmission_filter_detector}
# - {CALIBCLS: lsst.ip.isr.IntermediateFilterDetectorTransmissionCurve}
# - {SOURCE: Materion (DM-46256)}
# - {DETECTOR: 125}
# - {FILTER: z_20}
# - {CALIB_ID: 'calibDate=1970-01-01T00:00:00 filter=z_20 detector=125'}
# - {DATE: '2025-04-02T15:59:49.218523'}
# - {CALIB_CREATION_DATE: '2025-04-02'}
# - {CALIB_CREATION_TIME: '15:59:49'}
# - __serialized_columns__:
#     efficiency:
#       __class__: astropy.units.quantity.Quantity
#       unit: !astropy.units.Unit {unit: '%'}
#       value: !astropy.table.SerializedColumn {name: efficiency}
#     wavelength:
#       __class__: astropy.units.quantity.Quantity
#       unit: !astropy.units.Unit {unit: nm}
#       value: !astropy.table.SerializedColumn {name: wavelength}
# schema: astropy-2.0
wavelength efficiency
300.0 0.418991781771183
301.0 0.34443798940628767
302.0 0.26988417375832796
303.0 0.23305760696530342
304.0 0.19623101688921452
305.0 0.17676128773018718
306.0 0.1572915236465633
307.0 0.15409189509227872
308.0 0.15089224325492978
309.0 0.13990673469379544
310.0 0.12892121449112892
311.0 0.11988980695605278
312.0 0.11085837613791227
313.0 0.10280463611707091
314.0 0.09475088445469737
315.0 0.08511964697390795
316.0 0.07548840949311852
317.0 0.07059441413730383
318.0 0.06570041296072304
319.0 0.06502034957520664
320.0 0.06434029201045632
321.0 0.0618285674136132
322.0 0.05931684281677008
323.0 0.05599936121143401
324.0 0.05268188542686403
325.0 0.050196610391139984
326.0 0.04771133535541594
327.0 0.04217860987409949
328.0 0.0366458814824
329.0 0.03518079756759107
330.0 0.03371570783201605
331.0 0.03387790056876838
332.0 0.03404009039513767
333.0 0.029561301926150918
334.0 0.025082510546781123
335.0 0.024837959790602326
336.0 0.024593411944806576
337.0 0.020387442782521248
338.0 0.016181475075427443
339.0 0.017432392633054405
340.0 0.018683313101064414
341.0 0.017594786186236888
342.0 0.01650625781621784
343.0 0.015772423648741096
344.0 0.015038589481264353
345.0 0.013714181841351092
346.0 0.012389774201437831
347.0 0.013098926865495741
348.0 0.013808079529553652
349.0 0.01290480577154085
350.0 0.012001529103145003
351.0 0.01187041780212894
352.0 0.01173930722870864
353.0 0.011301209451630712
354.0 0.010863113129744306
355.0 0.01110193261411041
356.0 0.011340753553668037
357.0 0.011100513802375644
358.0 0.010860275506274775
359.0 0.01068612837116234
360.0 0.010511981963645667
361.0 0.01025268793455325
362.0 0.009993394633056596
363.0 0.009990039689000696
364.0 0.009986682562157512
365.0 0.009943679469870403
366.0 0.009900676377583295
367.0 0.009183192014461383
368.0 0.00846570692374371
369.0 0.008599119610153139
370.0 0.00873253375175409
371.0 0.008334450831171125
372.0 0.007936369365779683
373.0 0.007873008871683851
374.0 0.007809647649992257
375.0 0.00639121572021395
376.0 0.004972784154233523
377.0 0.004688371336669661
378.0 0.004403958155307919
379.0 0.005036998481955379
380.0 0.005670039536198601
381.0 0.005542628423427232
382.0 0.005415216583060101
383.0 0.0050049573474098
384.0 0.004594697747961618
385.0 0.0043806354369735345
386.0 0.00416657276218757
387.0 0.004563388938549906
388.0 0.004960205114912242
389.0 0.004852988786296919
390.0 0.004745772457681596
391.0 0.004368610098026693
392.0 0.003991447374573909
393.0 0.003828983608400449
394.0 0.0036665202060248703
395.0 0.003464307519607246
396.0 0.003262095560785383
397.0 0.003619625567807816
398.0 0.003977155574830249
399.0 0.003918308357242495
400.0 0.0038594611396547407
401.0 0.004748108040075749
402.0 0.005636755304294638
403.0 0.004838065069634467
404.0 0.004039374834974296
405.0 0.0042762290831888095
406.0 0.004513082967605442
407.0 0.00467545360152144
408.0 0.004837824963033199
409.0 0.00438686074630823
410.0 0.003935896893381141
411.0 0.004619418177753687
412.0 0.005302939098328352
413.0 0.005562315345741808
414.0 0.005821691593155265
415.0 0.004813804116565734
416.0 0.003805917003774084
417.0 0.0029105625799275003
418.0 0.002015207974181976
419.0 0.0028235881472937763
420.0 0.0036319685023045167
421.0 0.0027850161131937057
422.0 0.001938063905981835
423.0 0.002346802648389712
424.0 0.0027555415726965293
425.0 0.0030598443117924035
426.0 0.0033641470508882776
427.0 0.0031145722459768876
428.0 0.0028649974410654977
429.0 0.002481744195392821
430.0 0.0020984911316190846
431.0 0.002057103301922325
432.0 0.002015715654124506
433.0 0.002156064692826476
434.0 0.002296413731528446
435.0 0.002958592631330248
436.0 0.0036207718949299306
437.0 0.0028184414986753836
438.0 0.002016111284319777
439.0 0.0020288798623369075
440.0 0.002041648440354038
441.0 0.0021389920220826752
442.0 0.0022363356038113125
443.0 0.0022250846086535603
444.0 0.002213833613495808
445.0 0.0017664064216660336
446.0 0.0013189795026846696
447.0 0.0014954332982597407
448.0 0.001671887184784282
449.0 0.002120677709172014
450.0 0.002569468051660806
451.0 0.001977681677090004
452.0 0.001385895211569732
453.0 0.0018946109776152298
454.0 0.0024033266527112573
455.0 0.002227722870884463
456.0 0.0020521194528555498
457.0 0.0015380122931674123
458.0 0.0010239051334792748
459.0 0.001270701250177808
460.0 0.001517497639724752
461.0 0.0013466431482811458
462.0 0.0011757889296859503
463.0 0.001203094780066749
464.0 0.0012304006304475479
465.0 0.0012612758837349247
466.0 0.0012921512279717717
467.0 0.001120591605285881
468.0 0.0009490317097515799
469.0 0.0010966440640913788
470.0 0.001244256509380648
471.0 0.0011610687579377554
472.0 0.0010778809155453928
473.0 0.001307990987697849
474.0 0.001538100877951365
475.0 0.0014386123439180665
476.0 0.001339123809884768
477.0 0.0014074195860303007
478.0 0.0014757153621758334
479.0 0.0017199701687786728
480.0 0.0019642251572804525
481.0 0.001720360160106793
482.0 0.0014764952538826037
483.0 0.0012307077668083366
484.0 0.0009849202797340695
485.0 0.0011218092367926147
486.0 0.0012586981938511599
487.0 0.0010582074537524022
488.0 0.0008577169865020551
489.0 0.0008656325007905252
490.0 0.0008735481060284656
491.0 0.0011893273040186614
492.0 0.0015051065020088572
493.0 0.001714912650641054
494.0 0.0019247188902227208
495.0 0.001725544461805839
496.0 0.001526369851490017
497.0 0.0015591838746331632
498.0 0.0015919978977763094
499.0 0.001706451985228341
500.0 0.0018209058907814324
501.0 0.0015652949514333159
502.0 0.001309683830186259
503.0 0.001072989107342437
504.0 0.0008362945663975552
505.0 0.0014790810382692143
506.0 0.0021218671463429928
507.0 0.0017299666069447994
508.0 0.0013380656127992552
509.0 0.0012564084499899764
510.0 0.0011747511052817572
511.0 0.0011938541319977958
512.0 0.0012129570677643642
513.0 0.0013758040040556807
514.0 0.0015386507584480569
515.0 0.0014839386494713835
516.0 0.0014292263585957699
517.0 0.0011709181308106054
518.0 0.0009126100849243812
519.0 0.00132738250613329
520.0 0.0017421549273421988
521.0 0.0018351194739807397
522.0 0.001928084202518221
523.0 0.0018302243915968575
524.0 0.0017323640349786729
525.0 0.0013130232218827587
526.0 0.0008936824997363146
527.0 0.0009786804184841458
528.0 0.001063678428181447
529.0 0.0009639899872126989
530.0 0.0008643015462439507
531.0 0.0011507694580359384
532.0 0.001437237278878456
533.0 0.0014126731912256218
534.0 0.0013881090126233175
535.0 0.001618154601601418
536.0 0.001848200372478459
537.0 0.0016921161659411155
538.0 0.0015360321413027123
539.0 0.0012171931302873418
540.0 0.0008983542102214415
541.0 0.0011340009223204106
542.0 0.0013696476344193798
543.0 0.0010582997674646322
544.0 0.0007469518095604144
545.0 0.001210870141221676
546.0 0.0016747884728829376
547.0 0.001434321984561393
548.0 0.0011938554962398484
549.0 0.0016777992641436867
550.0 0.0021617432139464654
551.0 0.002022783155553043
552.0 0.0018838230971596204
553.0 0.001819766293920111
554.0 0.0017557094906806014
555.0 0.0017001681044348516
556.0 0.0016446265362901613
557.0 0.0015404819350806065
558.0 0.0014363373338710517
559.0 0.0014203244063537568
560.0 0.001404311478836462
561.0 0.001245827843376901
562.0 0.00108734420791734
563.0 0.0014342902431963012
564.0 0.0017812362784752622
565.0 0.0017573414879734628
566.0 0.0017334466974716634
567.0 0.001961249108717311
568.0 0.002189051519962959
569.0 0.002417593168502208
570.0 0.0026461346351425163
571.0 0.0026935935238725506
572.0 0.002741052594501525
573.0 0.0023276705178432167
574.0 0.0019142882592859678
575.0 0.0018062206436297856
576.0 0.0016981532098725438
577.0 0.0017749285689205863
578.0 0.0018517037460696883
579.0 0.0018236914911540225
580.0 0.0017956790543394163
581.0 0.0018887709302362055
582.0 0.001981862988031935
583.0 0.0017919322999659926
584.0 0.0016020014300011098
585.0 0.001981679270102177
586.0 0.0023613569283043034
587.0 0.002063278589048423
588.0 0.001765200067893602
589.0 0.0019634197087725624
590.0 0.0021616395315504633
591.0 0.0018863607692765072
592.0 0.0016110821889014915
593.0 0.0012670501746470109
594.0 0.0009230179784935899
595.0 0.0009520940693619195
596.0 0.000981170069280779
597.0 0.0007372274467343232
598.0 0.0004932848696626024
599.0 0.0007543262199760647
600.0 0.0010153673429158516
601.0 0.0008365957910427824
602.0 0.0006578241482202429
603.0 0.0011006463864760008
604.0 0.001543468351883348
605.0 0.0013228252100816462
606.0 0.001102181886381004
607.0 0.0009079180927074049
608.0 0.0007136543899832759
609.0 0.0006071004918339895
610.0 0.0005005467301089084
611.0 0.0007832481060177088
612.0 0.001065949436451774
613.0 0.0011747290045605041
614.0 0.0012835089364671148
615.0 0.0011672873370116577
616.0 0.0010510656466067303
617.0 0.0014870463928673416
618.0 0.0019230272300774232
619.0 0.0017433099856134504
620.0 0.001563592923048418
621.0 0.0014399432075151708
622.0 0.0013162937648303341
623.0 0.0013563791071646847
624.0 0.0013964644494990353
625.0 0.0015417714166687801
626.0 0.0016870782928890549
627.0 0.0018822976926458068
628.0 0.002077517274301499
629.0 0.002216488246631343
630.0 0.0023554590370622464
631.0 0.002461768963257782
632.0 0.0025680787075543776
633.0 0.0029033893952146173
634.0 0.003238700082874857
635.0 0.005739999323850498
636.0 0.00824129965621978
637.0 0.015298911603167653
638.0 0.022356527915690094
639.0 0.019905235967598855
640.0 0.01745394547469914
641.0 0.015207058459054679
642.0 0.012960169988218695
643.0 0.009495299309492111
644.0 0.006030428266967647
645.0 0.006038000719854608
646.0 0.006045572808943689
647.0 0.005698199674952775
648.0 0.005350826540961862
649.0 0.004269272903911769
650.0 0.003187719266861677
651.0 0.0033679509215289727
652.0 0.0035481822123983875
653.0 0.0028784857931896113
654.0 0.002208789373980835
655.0 0.002328619302716106
656.0 0.0024484494133503176
657.0 0.002525688432797324
658.0 0.00260292745224433
659.0 0.002434247471683193
660.0 0.002265567491122056
661.0 0.002521806163713336
662.0 0.002778044654405676
663.0 0.0022603173420066014
664.0 0.0017425902115064673
665.0 0.00158870479936013
666.0 0.0014348197510116734
667.0 0.0013270007002574857
668.0 0.001219181558553828
669.0 0.0013009776012040675
670.0 0.0013827737348037772
671.0 0.001201435225084424
672.0 0.0010200966244156007
673.0 0.0014558043403667398
674.0 0.001891512147267349
675.0 0.0015439323760801926
676.0 0.0011963528777414467
677.0 0.0013955703252577223
678.0 0.001594787863723468
679.0 0.0016555286492803134
680.0 0.0017162696167360991
681.0 0.0018206474123871885
682.0 0.0019250255718361586
683.0 0.002382712409598753
684.0 0.0028403994292602874
685.0 0.0027134919946547598
686.0 0.002586584560049232
687.0 0.0025136627300526015
688.0 0.0024407412638538517
689.0 0.002376682823523879
690.0 0.002312624746991787
691.0 0.0022238109522731975
692.0 0.002134997157554608
693.0 0.0026772982891998254
694.0 0.0032195996027439833
695.0 0.003509855378069915
696.0 0.0038001107895979658
697.0 0.0038934373151278123
698.0 0.003986763840657659
699.0 0.005711148332920857
700.0 0.007435532461386174
701.0 0.007388006633846089
702.0 0.007340480078710243
703.0 0.0065896376327145845
704.0 0.0058387955505168065
705.0 0.0047340661694761366
706.0 0.0036293367884354666
707.0 0.003300020398455672
708.0 0.0029707041903748177
709.0 0.0036250985431252047
710.0 0.004279492713976651
711.0 0.004112739770789631
712.0 0.00394598682760261
713.0 0.0032765354262664914
714.0 0.002607084024930373
715.0 0.0024751745513640344
716.0 0.0023432652596966363
717.0 0.0021933219613856636
718.0 0.0020433784811757505
719.0 0.0018223468941869214
720.0 0.0016013154890970327
721.0 0.002269184733449947
722.0 0.002937054341600742
723.0 0.0027234233130002394
724.0 0.0025097921025007963
725.0 0.0019508097466314211
726.0 0.0013918272998125758
727.0 0.001467637048335746
728.0 0.0015434468878083862
729.0 0.0013641176337841898
730.0 0.0011847882888105232
731.0 0.0009534317541692872
732.0 0.0007220752195280511
733.0 0.0011041165635106154
734.0 0.0014861579984426498
735.0 0.001245945804839721
736.0 0.0010057337931357324
737.0 0.0010441043741593603
738.0 0.0010824750461324584
739.0 0.0014711416042700876
740.0 0.001859808253357187
741.0 0.0014702741282235365
742.0 0.0010807400030898862
743.0 0.0013374056834436487
744.0 0.001594071181898471
745.0 0.0018139753592549823
746.0 0.0020338795366114937
747.0 0.002009895797527861
748.0 0.001985912058444228
749.0 0.002702554047573358
750.0 0.0034191958548035473
751.0 0.003160048072459176
752.0 0.0029009004720137455
753.0 0.002866336035367567
754.0 0.0028317719625192694
755.0 0.002663707891770173
756.0 0.002495643639122136
757.0 0.0023996315576368943
758.0 0.0023036192942527123
759.0 0.0025162651581922546
760.0 0.002728911022131797
761.0 0.004459571209736168
762.0 0.0061902312154415995
763.0 0.005775383033324033
764.0 0.005360537033993751
765.0 0.004936090408591554
766.0 0.004511643055593595
767.0 0.004424115832080133
768.0 0.00433658788097091
769.0 0.005219340528128669
770.0 0.006102094266680069
771.0 0.004846776573685929
772.0 0.0035914596082875505
773.0 0.003828157059615478
774.0 0.004064854510943405
775.0 1.6625933485850397e-10
776.0 1.6625933485850397e-10
777.0 1.6625933485850397e-10
778.0 1.6625933485850397e-10
779.0 0.0060392561863409355
780.0 1.6625933485850397e-10
781.0 1.6625933485850397e-10
782.0 0.01963436370715499
783.0 1.6625933485850397e-10
784.0 0.02950844937004149
785.0 0.00690996675984934
786.0 0.039445230504497886
787.0 1.6625933485850397e-10
788.0 0.06578826578333974
789.0 0.01877839968074113
790.0 0.04766110214404762
791.0 1.6625933485850397e-10
792.0 1.6625933485850397e-10
793.0 0.04948369460180402
794.0 1.6625933485850397e-10
795.0 0.09233939344994724
796.0 0.11060138931497931
797.0 0.16577112255617976
798.0 0.04583233967423439
799.0 0.20617288537323475
800.0 0.3281729528680444
801.0 0.5670946557074785
802.0 0.9735733270645142
803.0 1.5136785805225372
804.0 2.472897805273533
805.0 3.739609196782112
806.0 5.380410328507423
807.0 7.629036158323288
808.0 10.090521723031998
809.0 13.191305100917816
810.0 16.48969054222107
811.0 19.493916630744934
812.0 22.627130150794983
813.0 26.082277297973633
814.0 30.024072527885437
815.0 35.06071865558624
816.0 40.49111008644104
817.0 46.56740725040436
818.0 52.99636125564575
819.0 59.62492227554321
820.0 67.50723123550415
821.0 74.71669912338257
822.0 80.43712377548218
823.0 84.9095106124878
824.0 89.66166973114014
825.0 93.21584105491638
826.0 95.3309953212738
827.0 97.07037806510925
828.0 98.92569184303284
829.0 99.0105926990509
830.0 98.56270551681519
831.0 99.14669990539551
832.0 98.31229448318481
833.0 99.71360564231873
834.0 98.4937071800232
835.0 99.25020933151245
836.0 99.02458786964417
837.0 98.85135293006897
838.0 98.24392795562744
839.0 98.29717874526978
840.0 98.79813194274902
841.0 99.31229948997498
842.0 99.18459057807922
843.0 99.7968077659607
844.0 97.99059629440308
845.0 98.48347902297974
846.0 98.9259123802185
847.0 98.77299666404724
848.0 99.48111772537231
849.0 98.91405701637268
850.0 98.1201708316803
851.0 99.08872246742249
852.0 99.41161870956421
853.0 98.59235286712646
854.0 99.60182905197144
855.0 98.35406541824341
856.0 98.85925054550171
857.0 97.65072464942932
858.0 98.68061542510986
859.0 98.96622896194458
860.0 98.30287098884583
861.0 98.70253801345825
862.0 98.73157739639282
863.0 98.52176308631897
864.0 99.55490231513977
865.0 99.46600794792175
866.0 98.55344891548157
867.0 99.32379126548767
868.0 99.25459027290344
869.0 98.81649017333984
870.0 97.94301986694336
871.0 98.92211556434631
872.0 99.32465553283691
873.0 98.89762997627258
874.0 99.62756633758545
875.0 99.01573657989502
876.0 98.89044761657715
877.0 99.3398368358612
878.0 99.28084015846252
879.0 98.41098189353943
880.0 98.9142656326294
881.0 99.76637959480286
882.0 99.03826117515564
883.0 98.91005158424377
884.0 99.25472736358643
885.0 98.84266257286072
886.0 98.51187467575073
887.0 98.60295057296753
888.0 98.87747764587402
889.0 99.54504370689392
890.0 98.20405840873718
891.0 99.43570494651794
892.0 98.67335557937622
893.0 98.97750616073608
894.0 98.10328483581543
895.0 99.46449398994446
