lsstCam/transmission_filter_detector/r10_s21/i_39/19700101T000000.ecsv
# %ECSV 1.0
# ---
# datatype:
# - {name: wavelength, unit: nm, datatype: float32}
# - {name: efficiency, unit: '%', datatype: float64}
# meta: !!omap
# - {MODE: DETECTOR}
# - {TYPE: transmission_filter_detector}
# - {CALIBDATE: '1970-01-01T00:00:00'}
# - {INSTRUME: LSSTCam}
# - {OBSTYPE: transmission_filter_detector}
# - {CALIBCLS: lsst.ip.isr.IntermediateFilterDetectorTransmissionCurve}
# - {SOURCE: Materion (DM-46256)}
# - {DETECTOR: 34}
# - {FILTER: i_39}
# - {CALIB_ID: 'calibDate=1970-01-01T00:00:00 filter=i_39 detector=34'}
# - {DATE: '2025-04-02T15:59:46.636890'}
# - {CALIB_CREATION_DATE: '2025-04-02'}
# - {CALIB_CREATION_TIME: '15:59:46'}
# - __serialized_columns__:
#     efficiency:
#       __class__: astropy.units.quantity.Quantity
#       unit: !astropy.units.Unit {unit: '%'}
#       value: !astropy.table.SerializedColumn {name: efficiency}
#     wavelength:
#       __class__: astropy.units.quantity.Quantity
#       unit: !astropy.units.Unit {unit: nm}
#       value: !astropy.table.SerializedColumn {name: wavelength}
# schema: astropy-2.0
wavelength efficiency
[from data line 600]
900.0 1.640742880101853e-10
901.0 1.640742880101853e-10
902.0 1.640742880101853e-10
903.0 1.640742880101853e-10
904.0 1.640742880101853e-10
905.0 1.640742880101853e-10
906.0 1.640742880101853e-10
907.0 0.00011887523214682005
908.0 0.00026479472126084147
909.0 3.250463294079964e-05
910.0 1.640742880101853e-10
911.0 1.640742880101853e-10
912.0 9.419536013410834e-05
913.0 0.00010692747309803963
914.0 0.00011965961448368034
915.0 1.640742880101853e-10
916.0 1.640742880101853e-10
917.0 1.640742880101853e-10
918.0 1.640742880101853e-10
919.0 1.640742880101853e-10
920.0 1.640742880101853e-10
921.0 2.1750929590780288e-05
922.0 5.900946007386665e-05
923.0 1.640742880101853e-10
924.0 1.640742880101853e-10
925.0 8.953907126851846e-05
926.0 0.0003337165935590747
927.0 6.231566658243537e-05
928.0 1.640742880101853e-10
929.0 1.640742880101853e-10
930.0 0.0002037721515080193
931.0 0.0001325986204392393
932.0 6.142506094874989e-05
933.0 7.874498351156944e-05
934.0 9.606492312741466e-05
935.0 1.640742880101853e-10
936.0 1.640742880101853e-10
937.0 1.640742880101853e-10
938.0 1.640742880101853e-10
939.0 1.640742880101853e-10
940.0 1.640742880101853e-10
941.0 1.640742880101853e-10
942.0 1.640742880101853e-10
943.0 1.640742880101853e-10
944.0 1.640742880101853e-10
945.0 1.640742880101853e-10
946.0 1.640742880101853e-10
947.0 1.640742880101853e-10
948.0 1.640742880101853e-10
949.0 1.640742880101853e-10
950.0 1.640742880101853e-10
951.0 1.640742880101853e-10
952.0 1.640742880101853e-10
953.0 1.640742880101853e-10
954.0 1.640742880101853e-10
955.0 0.00012022466080452432
956.0 0.0003861947789118858
957.0 0.0001770199901329761
958.0 1.640742880101853e-10
959.0 6.222705337677326e-05
960.0 0.00015660892813684768
961.0 0.00017102324818552006
962.0 0.00018543759097155998
963.0 5.7711167755769566e-05
964.0 1.640742880101853e-10
965.0 1.640742880101853e-10
966.0 1.640742880101853e-10
967.0 1.640742880101853e-10
968.0 1.640742880101853e-10
969.0 1.640742880101853e-10
970.0 4.126772807921952e-05
971.0 1.640742880101853e-10
972.0 1.640742880101853e-10
973.0 1.640742880101853e-10
974.0 1.640742880101853e-10
975.0 1.640742880101853e-10
976.0 1.640742880101853e-10
977.0 1.640742880101853e-10
978.0 1.640742880101853e-10
979.0 1.640742880101853e-10
980.0 1.640742880101853e-10
981.0 1.640742880101853e-10
982.0 1.640742880101853e-10
983.0 1.640742880101853e-10
984.0 1.640742880101853e-10
985.0 9.989387308451114e-05
986.0 0.00023314451027545147
987.0 7.505098409410493e-06
988.0 1.640742880101853e-10
989.0 1.640742880101853e-10
990.0 1.640742880101853e-10
991.0 1.640742880101853e-10
992.0 1.640742880101853e-10
993.0 1.640742880101853e-10
994.0 4.932601314067142e-05
995.0 1.640742880101853e-10
996.0 1.640742880101853e-10
997.0 8.308095402753679e-05
998.0 0.00042957908590324223
999.0 0.00038724115256627556
1000.0 0.00034490319649194134
1001.0 0.00018214882402389776
1002.0 1.939438192266607e-05
1003.0 9.961687510440242e-05
1004.0 0.0001798394123397884
1005.0 1.640742880101853e-10
1006.0 1.640742880101853e-10
1007.0 1.640742880101853e-10
1008.0 0.0001520524847364868
1009.0 6.252863045119739e-05
1010.0 1.640742880101853e-10
1011.0 9.429410283701145e-05
1012.0 0.00021558346361416625
1013.0 0.00040127056308847386
1014.0 0.000586957685300149
1015.0 0.0005120160949445562
1016.0 0.00043707459553843364
1017.0 0.0005406952823250322
1018.0 0.000644316105535836
1019.0 0.00048310680540453177
1020.0 0.00032189734611165477
1021.0 0.000278092966254917
1022.0 0.00023428851818607654
1023.0 0.0006304860562522663
1024.0 0.001026683639793191
1025.0 0.0008229387276514899
1026.0 0.0006191938155097887
1027.0 0.0004894986886938568
1028.0 0.00035980356187792495
1029.0 0.0007934757377370261
1030.0 0.0012271480045455974
1031.0 0.001826863081078045
1032.0 0.0024265778847620822
1033.0 0.002590758776932489
1034.0 0.0027549389415071346
1035.0 0.003308895611553453
1036.0 0.00386285173590295
1037.0 0.0038492689782287925
1038.0 0.0038356854929588735
1039.0 0.003210501017747447
1040.0 0.0025853165425360203
1041.0 0.0020157969629508443
1042.0 0.0014462772924161982
1043.0 0.0021218629626673646
1044.0 0.0027974483600701205
1045.0 0.00323868116538506
1046.0 0.00367991415259894
1047.0 0.0034751785278785974
1048.0 0.003270442903158255
1049.0 0.0027681309802574106
1050.0 0.0022658186935586855
1051.0 0.0024325108824996278
1052.0 0.0025992034352384508
1053.0 0.001753525975800585
1054.0 0.0009078484254132491
1055.0 0.0007985666343302
1056.0 0.000689284843247151
1057.0 0.0007681291208427865
1058.0 0.0008469735803373624
1059.0 0.0008486201295454521
1060.0 0.0008502671335008927
1061.0 0.001649885052756872
1062.0 0.0024495026082149707
1063.0 0.002876401413232088
1064.0 0.003303300036350265
1065.0 0.00345772787113674
1066.0 0.0036121560697210953
1067.0 0.004474570960155688
1068.0 0.0053369854867924005
1069.0 0.004148414882365614
1070.0 0.0029598440960398875
1071.0 0.0028658489100052975
1072.0 0.002771853542071767
1073.0 0.0028053802452632226
1074.0 0.0028389067665557377
1075.0 0.0029103204724378884
1076.0 0.002981733632623218
1077.0 0.00239677719946485
1078.0 0.0018118204025086015
1079.0 0.002083529034280218
1080.0 0.0023552380298497155
1081.0 0.0014549927072948776
1082.0 0.0005547472028410994
1083.0 1.640742880101853e-10
1084.0 1.640742880101853e-10
1085.0 1.640742880101853e-10
1086.0 0.0002381462309131166
1087.0 0.0008181497832993045
1088.0 0.0013981533811602276
1089.0 1.640742880101853e-10
1090.0 1.640742880101853e-10
1091.0 1.640742880101853e-10
1092.0 1.640742880101853e-10
1093.0 1.640742880101853e-10
1094.0 0.0006997479431447573
1095.0 0.00010943336974378326
1096.0 1.640742880101853e-10
1097.0 1.640742880101853e-10
1098.0 1.640742880101853e-10
1099.0 1.640742880101853e-10
1100.0 0.0005564707862504292
