lsstCam/transmission_filter_detector/r10_s21/i_39/19700101T000000.ecsv
# %ECSV 1.0
# ---
# datatype:
# - {name: wavelength, unit: nm, datatype: float32}
# - {name: efficiency, unit: '%', datatype: float64}
# meta: !!omap
# - {MODE: DETECTOR}
# - {TYPE: transmission_filter_detector}
# - {CALIBDATE: '1970-01-01T00:00:00'}
# - {INSTRUME: LSSTCam}
# - {OBSTYPE: transmission_filter_detector}
# - {CALIBCLS: lsst.ip.isr.IntermediateFilterDetectorTransmissionCurve}
# - {SOURCE: Materion (DM-46256)}
# - {DETECTOR: 34}
# - {FILTER: i_39}
# - {CALIB_ID: 'calibDate=1970-01-01T00:00:00 filter=i_39 detector=34'}
# - {DATE: '2025-04-02T15:59:46.636890'}
# - {CALIB_CREATION_DATE: '2025-04-02'}
# - {CALIB_CREATION_TIME: '15:59:46'}
# - __serialized_columns__:
#     efficiency:
#       __class__: astropy.units.quantity.Quantity
#       unit: !astropy.units.Unit {unit: '%'}
#       value: !astropy.table.SerializedColumn {name: efficiency}
#     wavelength:
#       __class__: astropy.units.quantity.Quantity
#       unit: !astropy.units.Unit {unit: nm}
#       value: !astropy.table.SerializedColumn {name: wavelength}
# schema: astropy-2.0
wavelength efficiency
300.0 0.07948661805130541
301.0 0.03710338496603072
302.0 1.640742880101853e-10
303.0 0.01550099259475246
304.0 0.0362818012945354
305.0 0.03706069546751678
306.0 0.03783958964049816
307.0 0.01863739307736978
308.0 1.640742880101853e-10
309.0 1.640742880101853e-10
310.0 1.640742880101853e-10
311.0 1.640742880101853e-10
312.0 0.002766395300568547
313.0 7.52210880250459e-06
314.0 1.640742880101853e-10
315.0 1.640742880101853e-10
316.0 1.640742880101853e-10
317.0 1.640742880101853e-10
318.0 1.640742880101853e-10
319.0 1.640742880101853e-10
320.0 1.640742880101853e-10
321.0 1.640742880101853e-10
322.0 0.000591966499996488
323.0 1.640742880101853e-10
324.0 1.640742880101853e-10
325.0 1.640742880101853e-10
326.0 1.640742880101853e-10
327.0 0.0009310498171544168
328.0 0.003335673682158813
329.0 0.0019129769498249516
330.0 0.0004902804903395008
331.0 0.0009352506822324358
332.0 0.001380221510771662
333.0 0.0018116194041795097
334.0 0.002243017115688417
335.0 0.00163473032444017
336.0 0.0010264444426866248
337.0 0.0019257766325608827
338.0 0.0028251088224351406
339.0 0.0029996543162269518
340.0 0.0031742005376145244
341.0 0.0002892831389544881
342.0 1.640742880101853e-10
343.0 1.640742880101853e-10
344.0 1.640742880101853e-10
345.0 1.640742880101853e-10
346.0 1.640742880101853e-10
347.0 1.640742880101853e-10
348.0 1.640742880101853e-10
349.0 1.640742880101853e-10
350.0 0.0007301035111595411
351.0 0.00035954913073510397
352.0 1.640742880101853e-10
353.0 1.640742880101853e-10
354.0 1.640742880101853e-10
355.0 1.640742880101853e-10
356.0 1.640742880101853e-10
357.0 0.000570161364521482
358.0 0.0015362147678388283
359.0 0.0014778171134821605
360.0 0.001419419095327612
361.0 0.0010327859854442067
362.0 0.0006461529210355366
363.0 0.0004892085144092562
364.0 0.00033226419873244595
365.0 0.001199954749608878
366.0 0.0020676456188084558
367.0 0.0012433751180651598
368.0 0.0004191044808976585
369.0 0.0007881966666900553
370.0 0.0011572889889066573
371.0 0.001084979794541141
372.0 0.0010126704182766844
373.0 0.0009125310498347972
374.0 0.0008123915904434398
375.0 0.00012047661357428296
376.0 1.640742880101853e-10
377.0 1.640742880101853e-10
378.0 1.640742880101853e-10
379.0 1.640742880101853e-10
380.0 1.640742880101853e-10
381.0 1.640742880101853e-10
382.0 1.640742880101853e-10
383.0 0.00040095787881000433
384.0 0.0016227220839937218
385.0 0.0013481256246450357
386.0 0.0010735288924479391
387.0 1.640742880101853e-10
388.0 1.640742880101853e-10
389.0 1.640742880101853e-10
390.0 1.640742880101853e-10
391.0 1.640742880101853e-10
392.0 1.640742880101853e-10
393.0 1.0253844351382213e-05
394.0 0.0005782619155070279
395.0 1.640742880101853e-10
396.0 1.640742880101853e-10
397.0 1.640742880101853e-10
398.0 1.640742880101853e-10
399.0 1.640742880101853e-10
400.0 3.727199953118543e-05
401.0 1.640742880101853e-10
402.0 1.640742880101853e-10
403.0 0.00048597303248243406
404.0 0.0016843809135025367
405.0 0.0035614542866824195
406.0 0.005438527659862302
407.0 0.002190009217883926
408.0 1.640742880101853e-10
409.0 1.640742880101853e-10
410.0 1.640742880101853e-10
411.0 0.0032577379897702485
412.0 0.006947261863388121
413.0 0.005847838110639714
414.0 0.004748415813082829
415.0 0.004936617551720701
416.0 0.005124819654156454
417.0 0.0032047963031800464
418.0 0.0012847732250520494
419.0 0.003776771336561069
420.0 0.006268769357120618
421.0 0.005622464959742501
422.0 0.004976160198566504
423.0 0.004752777022076771
424.0 0.0045293938455870375
425.0 0.003808511610259302
426.0 0.003087628647335805
427.0 0.0040215931221609935
428.0 0.0049555583245819435
429.0 0.005331429929356091
430.0 0.005707302261725999
431.0 0.004167982478975318
432.0 0.0026286632419214584
433.0 0.003434852260397747
434.0 0.004241041460772976
435.0 0.0032670763175701723
436.0 0.0022931108105694875
437.0 0.0019526978576323017
438.0 0.0016122850865940563
439.0 0.0022488300601253286
440.0 0.0028853753974544816
441.0 0.0011937215276702773
442.0 1.640742880101853e-10
443.0 1.640742880101853e-10
444.0 1.640742880101853e-10
445.0 1.640742880101853e-10
446.0 1.640742880101853e-10
447.0 1.640742880101853e-10
448.0 0.0002394539478700608
449.0 1.640742880101853e-10
450.0 1.640742880101853e-10
451.0 1.640742880101853e-10
452.0 0.0007549250767624471
453.0 0.001380085086566396
454.0 0.002005245551117696
455.0 0.002077530552924145
456.0 0.002149815918528475
457.0 0.0015393579815281555
458.0 0.0009288997716794256
459.0 0.0003156542334181722
460.0 1.640742880101853e-10
461.0 0.00018185504586654133
462.0 0.0006613015102630015
463.0 0.00022587312287214445
464.0 1.640742880101853e-10
465.0 0.0001510017568762123
466.0 0.0005115587555337697
467.0 0.0007751199518679641
468.0 0.0010386811482021585
469.0 0.0006288936219789321
470.0 0.00021910627765464596
471.0 0.0003933123025490204
472.0 0.000567518418392865
473.0 0.0009508568837190978
474.0 0.0013341956218937412
475.0 0.0006023071819072356
476.0 1.640742880101853e-10
477.0 0.0003340612693136791
478.0 0.0007977034329087473
479.0 0.0009771111763257068
480.0 0.001156518828793196
481.0 0.002567829506006092
482.0 0.003979138637077995
483.0 0.005186855923966505
484.0 0.006394572847057134
485.0 0.00652066883048974
486.0 0.006646765541518107
487.0 0.009747519652592018
488.0 0.01284827449126169
489.0 0.01627191959414631
490.0 0.01969556324183941
491.0 0.022426772920880467
492.0 0.025157982599921525
493.0 0.027759248041547835
494.0 0.030360519303940237
495.0 0.027402673731558025
496.0 0.024444822338409722
497.0 0.01940524234669283
498.0 0.014365662354975939
499.0 0.010395341814728454
500.0 0.00642502200207673
501.0 0.004656293822336011
502.0 0.0028875663701910526
503.0 0.0023783974029356614
504.0 0.0018692282537813298
505.0 0.001860684460552875
506.0 0.0018521404854254797
507.0 0.00194979857042199
508.0 0.0020474562916206196
509.0 0.0021340047169360332
510.0 0.0022205529603525065
511.0 0.0018154009012505412
512.0 0.001410248842148576
513.0 0.0015706584235886112
514.0 0.001731067823129706
515.0 0.0023183174562291242
516.0 0.0029055672712274827
517.0 0.00245266219280893
518.0 0.001999757114390377
519.0 0.002107362888636999
520.0 0.002214968844782561
521.0 0.001865389094746206
522.0 0.0015158096175582614
523.0 0.0015307477951864712
524.0 0.0015456862456630915
525.0 0.0019723400328075513
526.0 0.0023989936380530708
527.0 0.002512800529075321
528.0 0.002626607420097571
529.0 0.0025113793526543304
530.0 0.00239615128521109
531.0 0.002267849959025625
532.0 0.00213954845094122
533.0 0.0019135803086101077
534.0 0.001687612348177936
535.0 0.001795174102880992
536.0 0.001902735857584048
537.0 0.0024091959858196788
538.0 0.002915655932156369
539.0 0.0035686683986568823
540.0 0.004221681592753157
541.0 0.004765071571455337
542.0 0.005308462277753279
543.0 0.005121545109432191
544.0 0.004934628304908983
545.0 0.004064248059876263
546.0 0.0031938681786414236
547.0 0.002580425098130945
548.0 0.0019669818357215263
549.0 0.0018757555153570138
550.0 0.0017845297406893224
551.0 0.0014577340152754914
552.0 0.001130938562710071
553.0 0.0015595716831739992
554.0 0.0019882048945873976
555.0 0.0015104956219147425
556.0 0.001032786167343147
557.0 0.0008298141437990125
558.0 0.0006268422566790832
559.0 0.0001294234607485123
560.0 1.640742880101853e-10
561.0 0.0005392615548771573
562.0 0.0014465185813605785
563.0 0.001611930383660365
564.0 0.0017773423678590916
565.0 0.0013781625057163183
566.0 0.0009789825526240747
567.0 0.0008799964234640356
568.0 0.0007810103852534667
569.0 0.0008344986781594343
570.0 0.0008879868801159319
571.0 0.0005720035460399231
572.0 0.00025602021196391433
573.0 0.00035653047234518453
574.0 0.0004570408236759249
575.0 0.00041691105252539273
576.0 0.0003767812131627579
577.0 0.00047077619456104003
578.0 0.0005647711986966897
579.0 0.00025744591312104603
580.0 1.640742880101853e-10
581.0 5.564342586694693e-05
582.0 0.00016116626966322656
583.0 0.0003268300133640878
584.0 0.0004924936547467951
585.0 0.0006984628271311522
586.0 0.0009044320904649794
587.0 0.0008471864930470474
588.0 0.0007899408956291154
589.0 0.000698673602528288
590.0 0.0006074063549021957
591.0 0.0008028125193959568
592.0 0.000998218820313923
593.0 0.0006310641765594482
594.0 0.0002639095328049734
595.0 0.0005639909431920387
596.0 0.0008640722626296338
597.0 0.0007534561973443488
598.0 0.0006428402230085339
599.0 0.0005386200882639969
600.0 0.00043439981709525455
601.0 0.000389671913580969
602.0 0.0003449439191172132
603.0 0.0002826422360158176
604.0 0.00022034041649021674
605.0 0.00022733036075806012
606.0 0.0002343203050259035
607.0 0.0004624164375854889
608.0 0.0006905124791956041
609.0 0.0005345831596059725
610.0 0.0003786535671679303
611.0 0.0005978298759146128
612.0 0.0008170062756107654
613.0 0.0005376311946747592
614.0 0.00025825625016295817
615.0 1.692139335318643e-05
616.0 1.640742880101853e-10
617.0 1.640742880101853e-10
618.0 0.00021998835109116044
619.0 0.0003144215952488594
620.0 0.0004088549303560285
621.0 0.0005238298854237655
622.0 0.0006388048404915025
623.0 0.0005471208623930579
624.0 0.00045543692976934835
625.0 0.0004407532742334297
626.0 0.0004260696641722461
627.0 0.00031979561754269525
628.0 0.0002135215254384093
629.0 0.00040650029404787347
630.0 0.0005994790626573376
631.0 0.0005193414381210459
632.0 0.00043920376811001915
633.0 0.00046764989747316577
634.0 0.0004960960268363124
635.0 0.00045774645514029544
636.0 0.0004193968379695434
637.0 0.0004098389581486117
638.0 0.00040028089642873965
639.0 0.0006504955763375619
640.0 0.0009007100743474439
641.0 0.0006500638392026303
642.0 0.0003994175585830817
643.0 0.0005786969268228859
644.0 0.000757976249587955
645.0 0.0006825368473073468
646.0 0.0006070975814509438
647.0 0.00075936136454402
648.0 0.000911625556909712
649.0 0.0007405869837384671
650.0 0.0005695484105672222
651.0 0.0007768074283376336
652.0 0.000984066446108045
653.0 0.0011368366358510684
654.0 0.0012896068255940918
655.0 0.0018798178643919528
656.0 0.002470028994139284
657.0 0.0034126231184927747
658.0 0.004355216151452623
659.0 0.006931698590051383
660.0 0.057625636691227555
661.0 0.11581716826185584
662.0 0.1034977613016963
663.0 0.12351671466603875
664.0 0.08271387778222561
665.0 0.13264266308397055
666.0 0.12347912415862083
667.0 0.14028748264536262
668.0 0.20135734230279922
669.0 0.24578864686191082
670.0 0.3224344691261649
671.0 0.4587180446833372
672.0 0.722205126658082
673.0 1.096923928707838
674.0 1.754908449947834
675.0 2.534749358892441
676.0 3.5736069083213806
677.0 4.880927130579948
678.0 6.187903881072998
679.0 7.597033679485321
680.0 9.362324327230453
681.0 11.361955851316452
682.0 13.849879801273346
683.0 16.59165322780609
684.0 19.530878961086273
685.0 22.418442368507385
686.0 25.4126638174057
687.0 28.599628806114197
688.0 31.784048676490784
689.0 34.96035635471344
690.0 38.635942339897156
691.0 42.56977140903473
692.0 47.32079803943634
693.0 52.36183404922485
694.0 58.202797174453735
695.0 63.83079290390015
696.0 70.11683583259583
697.0 75.81321597099304
698.0 81.98745250701904
699.0 86.65856719017029
700.0 90.38982391357422
701.0 93.44755411148071
702.0 95.54584622383118
703.0 96.7519223690033
704.0 97.35841751098633
705.0 97.77881503105164
706.0 97.84998893737793
707.0 98.0448305606842
708.0 98.10827374458313
709.0 98.12206029891968
710.0 97.8804886341095
711.0 98.07427525520325
712.0 97.98926711082458
713.0 98.01360964775085
714.0 98.13063144683838
715.0 98.15366864204407
716.0 98.0345368385315
717.0 98.26563000679016
718.0 98.33582043647766
719.0 98.29680919647217
720.0 98.53382110595703
721.0 98.45560789108276
722.0 98.26963543891907
723.0 97.89646863937378
724.0 97.62983918190002
725.0 97.33922481536865
726.0 97.066330909729
727.0 96.79360389709473
728.0 96.45308256149292
729.0 96.28406763076782
730.0 96.23609185218811
731.0 96.34091258049011
732.0 96.30138874053955
733.0 96.62379026412964
734.0 96.98730707168579
735.0 97.21742868423462
736.0 97.63239026069641
737.0 98.01635146141052
738.0 98.28518629074097
739.0 98.64329695701599
740.0 98.7715482711792
741.0 98.62789511680603
742.0 98.96808862686157
743.0 98.87354373931885
744.0 98.66010546684265
745.0 98.65332245826721
746.0 98.6056923866272
747.0 98.8771140575409
748.0 98.76784086227417
749.0 98.58766794204712
750.0 98.58593940734863
751.0 98.4656274318695
752.0 98.40259552001953
753.0 98.64742755889893
754.0 98.50767254829407
755.0 98.72900247573853
756.0 98.73843789100647
757.0 98.69897961616516
758.0 98.81147742271423
759.0 98.87509346008301
760.0 98.7087070941925
761.0 98.65744709968567
762.0 98.70335459709167
763.0 98.61016869544983
764.0 98.54349493980408
765.0 98.46020340919495
766.0 98.51313829421997
767.0 98.39760065078735
768.0 98.37409257888794
769.0 98.48809242248535
770.0 98.23601245880127
771.0 98.2618510723114
772.0 98.28521013259888
773.0 98.16398024559021
774.0 98.02871346473694
775.0 98.12425971031189
776.0 97.93485999107361
777.0 98.02735447883606
778.0 98.0126678943634
779.0 98.06163907051086
780.0 97.957444190979
781.0 98.23209047317505
782.0 98.14450740814209
783.0 98.19576144218445
784.0 98.21765422821045
785.0 98.31671118736267
786.0 98.43046069145203
787.0 98.24572801589966
788.0 98.3071506023407
789.0 98.40443730354309
790.0 98.33568930625916
791.0 98.34269285202026
792.0 98.22591543197632
793.0 98.18286299705505
794.0 98.12936782836914
795.0 98.05939793586731
796.0 98.06666374206543
797.0 98.13162088394165
798.0 98.06281328201294
799.0 97.97263741493225
800.0 97.75358438491821
801.0 97.86302447319031
802.0 97.75922298431396
803.0 97.57956266403198
804.0 97.47462272644043
805.0 97.07659482955933
806.0 96.80030941963196
807.0 96.1471438407898
808.0 95.31598091125488
809.0 94.37699913978577
810.0 93.21683645248413
811.0 91.5382981300354
812.0 89.48082327842712
813.0 87.07129955291748
814.0 84.2106282711029
815.0 80.76578378677368
816.0 77.18842625617981
817.0 72.93849587440491
818.0 68.01320314407349
819.0 63.783520460128784
820.0 58.70268940925598
821.0 54.17070388793945
822.0 49.63178336620331
823.0 45.11832594871521
824.0 40.457478165626526
825.0 36.21078133583069
826.0 31.771093606948853
827.0 27.108296751976013
828.0 22.85304069519043
829.0 18.563304841518402
830.0 14.22136276960373
831.0 10.90427115559578
832.0 7.572074234485626
833.0 4.996272176504135
834.0 3.162924200296402
835.0 1.9647404551506042
836.0 1.1419967748224735
837.0 0.6583285983651876
838.0 0.36937862168997526
839.0 0.2129225293174386
840.0 0.10957543272525072
841.0 0.05694407154805958
842.0 0.021996251598466188
843.0 0.03359087568242103
844.0 0.0024721119189052843
845.0 1.640742880101853e-10
846.0 1.640742880101853e-10
847.0 1.640742880101853e-10
848.0 1.640742880101853e-10
849.0 1.640742880101853e-10
850.0 1.640742880101853e-10
851.0 1.640742880101853e-10
852.0 0.0011853461728605907
853.0 0.001466865523980232
854.0 0.001748385329847224
855.0 0.0012547289770736825
856.0 0.0007610727152496111
857.0 0.0008572458682465367
858.0 0.0009534185664961115
859.0 0.0007388877293124096
860.0 0.0005243566192802973
861.0 0.0004100216756341979
862.0 0.0002956866865133634
863.0 0.0001538950982649112
864.0 1.2103534174912056e-05
865.0 1.8683834923649556e-05
866.0 2.5264080250053667e-05
867.0 9.348317462354316e-05
868.0 0.00016170224625966512
869.0 1.640742880101853e-10
870.0 1.640742880101853e-10
871.0 1.640742880101853e-10
872.0 0.00028016208943881793
873.0 0.00023150209926825482
874.0 0.00018284204088558909
875.0 0.00019596170659497147
876.0 0.0002090813950417214
877.0 1.640742880101853e-10
878.0 1.640742880101853e-10
879.0 1.598784393763708e-05
880.0 0.0004093264124094276
881.0 0.0001509177991465549
882.0 1.640742880101853e-10
883.0 0.00012655742693823413
884.0 0.0003606056907301536
885.0 0.00015094735772436252
886.0 1.640742880101853e-10
887.0 5.030769330005569e-05
888.0 0.00015932638461890747
889.0 2.343377900615451e-05
890.0 1.640742880101853e-10
891.0 2.1375372227794287e-05
892.0 0.00015520951137659722
893.0 0.0002591807287899428
894.0 0.00036315191209723707
895.0 3.272673154697259e-05
896.0 1.640742880101853e-10
897.0 1.640742880101853e-10
898.0 8.733039180697233e-05
