lsstCam/transmission_filter_detector/r43_s11/u_24/19700101T000000.ecsv
# %ECSV 1.0
# ---
# datatype:
# - {name: wavelength, unit: nm, datatype: float32}
# - {name: efficiency, unit: '%', datatype: float64}
# meta: !!omap
# - {MODE: DETECTOR}
# - {TYPE: transmission_filter_detector}
# - {CALIBDATE: '1970-01-01T00:00:00'}
# - {INSTRUME: LSSTCam}
# - {OBSTYPE: transmission_filter_detector}
# - {CALIBCLS: lsst.ip.isr.IntermediateFilterDetectorTransmissionCurve}
# - {SOURCE: Materion (DM-46256)}
# - {DETECTOR: 184}
# - {FILTER: u_24}
# - {CALIB_ID: 'calibDate=1970-01-01T00:00:00 filter=u_24 detector=184'}
# - {DATE: '2025-04-02T15:59:40.603748'}
# - {CALIB_CREATION_DATE: '2025-04-02'}
# - {CALIB_CREATION_TIME: '15:59:40'}
# - __serialized_columns__:
#     efficiency:
#       __class__: astropy.units.quantity.Quantity
#       unit: !astropy.units.Unit {unit: '%'}
#       value: !astropy.table.SerializedColumn {name: efficiency}
#     wavelength:
#       __class__: astropy.units.quantity.Quantity
#       unit: !astropy.units.Unit {unit: nm}
#       value: !astropy.table.SerializedColumn {name: wavelength}
# schema: astropy-2.0
wavelength efficiency
295.0 1.6822555718234988e-10
296.0 1.6822555718234988e-10
297.0 1.6822555718234988e-10
298.0 1.6822555718234988e-10
299.0 1.6822555718234988e-10
300.0 1.6822555718234988e-10
301.0 0.07281537400558591
302.0 1.6822555718234988e-10
303.0 0.16535131726413965
304.0 0.4038172774016857
305.0 1.093085203319788
306.0 2.667541429400444
307.0 4.460820555686951
308.0 7.176809757947922
309.0 10.509984940290451
310.0 14.431150257587433
311.0 18.175499141216278
312.0 21.862465143203735
313.0 24.96880143880844
314.0 27.6140034198761
315.0 30.199965834617615
316.0 32.4281245470047
317.0 35.30227243900299
318.0 38.973766565322876
319.0 43.48912239074707
320.0 49.62528049945831
321.0 55.142390727996826
322.0 60.90565323829651
323.0 65.98532795906067
324.0 69.90624070167542
325.0 72.44517803192139
326.0 74.64471459388733
327.0 76.3123095035553
328.0 77.975594997406
329.0 79.32303547859192
330.0 80.31003475189209
331.0 80.77331781387329
332.0 81.05180859565735
333.0 81.17945790290833
334.0 81.1491072177887
335.0 81.48959279060364
336.0 81.99047446250916
337.0 82.64074325561523
338.0 83.43397974967957
339.0 83.93726944923401
340.0 84.30458903312683
341.0 84.74389314651489
342.0 85.02261638641357
343.0 84.94665026664734
344.0 85.18527746200562
345.0 85.58785915374756
346.0 85.98118424415588
347.0 86.36936545372009
348.0 86.56029105186462
349.0 86.7674708366394
350.0 86.81454658508301
351.0 86.99408173561096
352.0 86.83547377586365
353.0 86.84147596359253
354.0 86.84251308441162
355.0 87.01803684234619
356.0 87.16672658920288
357.0 86.99840903282166
358.0 86.64841651916504
359.0 86.288321018219
360.0 86.19418144226074
361.0 85.84936261177063
362.0 85.71712970733643
363.0 85.86189150810242
364.0 85.99763512611389
365.0 86.43850684165955
366.0 86.70544624328613
367.0 86.83876991271973
368.0 86.9495689868927
369.0 87.09763288497925
370.0 86.89872622489929
371.0 86.87676787376404
372.0 86.99530959129333
373.0 87.24762797355652
374.0 87.24139928817749
375.0 87.51986622810364
376.0 87.78117895126343
377.0 87.83965110778809
378.0 87.84855008125305
379.0 87.41376996040344
380.0 86.43704056739807
381.0 84.88550782203674
382.0 82.87243247032166
383.0 80.76556921005249
384.0 78.68852615356445
385.0 76.1522889137268
386.0 73.42718839645386
387.0 69.74655389785767
388.0 65.94738960266113
389.0 61.34876012802124
390.0 57.005637884140015
391.0 52.73271203041077
392.0 48.4519898891449
393.0 44.920459389686584
394.0 41.42802655696869
395.0 37.433457374572754
396.0 32.89196789264679
397.0 26.70658826828003
398.0 20.03534585237503
399.0 13.22462111711502
400.0 7.560738921165466
401.0 3.5626787692308426
402.0 1.245225127786398
403.0 0.37954202853143215
404.0 0.16886693192645907
405.0 0.07150871097110212
406.0 0.03571253037080169
407.0 0.007283848390216008
408.0 1.6822555718234988e-10
409.0 1.6822555718234988e-10
410.0 1.6822555718234988e-10
411.0 1.6822555718234988e-10
412.0 1.6822555718234988e-10
413.0 1.6822555718234988e-10
414.0 1.6822555718234988e-10
415.0 1.6822555718234988e-10
416.0 1.6822555718234988e-10
417.0 1.6822555718234988e-10
418.0 1.6822555718234988e-10
419.0 1.6822555718234988e-10
420.0 1.6822555718234988e-10
421.0 1.6822555718234988e-10
422.0 1.6822555718234988e-10
423.0 1.6822555718234988e-10
424.0 1.6822555718234988e-10
425.0 1.6822555718234988e-10
426.0 1.6822555718234988e-10
427.0 1.6822555718234988e-10
428.0 1.6822555718234988e-10
429.0 1.6822555718234988e-10
430.0 1.6822555718234988e-10
431.0 1.6822555718234988e-10
432.0 1.6822555718234988e-10
433.0 1.6822555718234988e-10
434.0 1.6822555718234988e-10
435.0 1.6822555718234988e-10
436.0 8.223909730986634e-05
437.0 1.6822555718234988e-10
438.0 1.6822555718234988e-10
439.0 1.6822555718234988e-10
440.0 0.00010856573453565943
441.0 0.0003694509359775111
442.0 0.0006303353075054474
443.0 0.0006135127478046343
444.0 0.0005966899607301457
445.0 0.000197348845176748
446.0 1.6822555718234988e-10
447.0 1.6822555718234988e-10
448.0 1.6822555718234988e-10
449.0 1.6822555718234988e-10
450.0 0.0011986066965619102
451.0 0.0007394719887088286
452.0 0.0002803372581183794
453.0 9.955914492820739e-05
454.0 1.6822555718234988e-10
455.0 0.00023889595013315557
456.0 0.0005590106866293354
457.0 0.0004471135980566032
458.0 0.0003352166459080763
459.0 5.2705949826759024e-06
460.0 1.6822555718234988e-10
461.0 1.6822555718234988e-10
462.0 1.6822555718234988e-10
463.0 1.6822555718234988e-10
464.0 1.6822555718234988e-10
465.0 1.6822555718234988e-10
466.0 1.6822555718234988e-10
467.0 0.0004505954620981356
468.0 0.0010602011570881587
469.0 1.6822555718234988e-10
470.0 1.6822555718234988e-10
471.0 1.6822555718234988e-10
472.0 1.6822555718234988e-10
473.0 1.6822555718234988e-10
474.0 0.0001623668140382506
475.0 1.6822555718234988e-10
476.0 1.6822555718234988e-10
477.0 1.6822555718234988e-10
478.0 1.6822555718234988e-10
479.0 1.6822555718234988e-10
480.0 1.6822555718234988e-10
481.0 1.6822555718234988e-10
482.0 6.983204343669058e-05
483.0 0.00022662507035420276
484.0 0.0003834179096884327
485.0 1.6822555718234988e-10
486.0 1.6822555718234988e-10
487.0 1.6822555718234988e-10
488.0 0.00014428920849240967
489.0 1.6822555718234988e-10
490.0 1.6822555718234988e-10
491.0 2.8702737608909956e-05
492.0 0.00027843625503010117
493.0 0.000311741291625367
494.0 0.00034504632822063286
495.0 0.00034019697068288224
496.0 0.00033534756767039653
497.0 5.245733447623024e-06
498.0 1.6822555718234988e-10
499.0 1.6822555718234988e-10
500.0 1.6822555718234988e-10
501.0 1.6822555718234988e-10
502.0 0.00021462331005750457
503.0 0.00038747944017814007
504.0 0.0005603356385108782
505.0 8.698771694071183e-05
506.0 1.6822555718234988e-10
507.0 1.6822555718234988e-10
508.0 0.00021183595890761353
509.0 1.6822555718234988e-10
510.0 1.6822555718234988e-10
511.0 1.6822555718234988e-10
512.0 0.00016341322179869167
513.0 4.8928501428235904e-05
514.0 1.6822555718234988e-10
515.0 1.6822555718234988e-10
516.0 1.6822555718234988e-10
517.0 8.154302122420631e-05
518.0 0.0002527642891436699
519.0 1.6822555718234988e-10
520.0 1.6822555718234988e-10
521.0 1.6822555718234988e-10
522.0 1.6822555718234988e-10
523.0 1.6822555718234988e-10
524.0 1.6822555718234988e-10
525.0 1.6822555718234988e-10
526.0 1.6822555718234988e-10
527.0 1.6822555718234988e-10
528.0 1.6822555718234988e-10
529.0 1.6822555718234988e-10
530.0 1.6822555718234988e-10
531.0 6.388598308149085e-05
532.0 0.00028855081382062053
533.0 7.359629989878158e-05
534.0 1.6822555718234988e-10
535.0 1.6822555718234988e-10
536.0 8.567965323891258e-05
537.0 1.6822555718234988e-10
538.0 1.6822555718234988e-10
539.0 1.6822555718234988e-10
540.0 8.76776937275281e-05
541.0 1.6822555718234988e-10
542.0 1.6822555718234988e-10
543.0 1.6822555718234988e-10
544.0 1.6822555718234988e-10
545.0 1.6822555718234988e-10
546.0 1.6822555718234988e-10
547.0 1.6822555718234988e-10
548.0 1.6822555718234988e-10
549.0 1.6822555718234988e-10
550.0 5.974790724394552e-05
551.0 1.6822555718234988e-10
552.0 1.6822555718234988e-10
553.0 1.6822555718234988e-10
554.0 1.6822555718234988e-10
555.0 1.6822555718234988e-10
556.0 1.6822555718234988e-10
557.0 1.6822555718234988e-10
558.0 0.00014737890978722135
559.0 1.6822555718234988e-10
560.0 1.6822555718234988e-10
561.0 1.6822555718234988e-10
562.0 1.6822555718234988e-10
563.0 1.6822555718234988e-10
564.0 1.6822555718234988e-10
565.0 1.6822555718234988e-10
566.0 1.6822555718234988e-10
567.0 0.00021307387214619666
568.0 0.00044697458179143723
569.0 0.00024069254322967026
570.0 3.4410436455800664e-05
571.0 0.00019978119780716952
572.0 0.00036515193642117083
573.0 0.00023482684810005594
574.0 0.00010450179388499237
575.0 0.00011256640846113442
576.0 0.00012063102303727646
577.0 0.0002581581384220044
578.0 0.0003956854015996214
579.0 0.0008419796358793974
580.0 0.0012882740520581137
581.0 0.001187598809337942
582.0 0.0010869237485167105
583.0 0.0009900594704959076
584.0 0.0008931950105761643
585.0 0.0007623655619681813
586.0 0.0006315361588349333
587.0 0.0006580532499356195
588.0 0.0006845704319857759
589.0 0.0006211425898072775
590.0 0.0005577148385782493
591.0 0.0006349195700749988
592.0 0.000712124210622278
593.0 0.0007324108082684688
594.0 0.0007526973604399245
595.0 0.0007370352250291035
596.0 0.0007213730896182824
597.0 0.0012978442100575194
598.0 0.0018743154214462265
599.0 0.002182010211981833
600.0 0.0024897051844163798
601.0 0.0026975492801284418
602.0 0.0029053933758405037
603.0 0.0025593111786292866
604.0 0.002213228799519129
605.0 0.0018577933587948792
606.0 0.0015023577361716889
607.0 0.001205797707370948
608.0 0.0009092374057217967
609.0 0.0008897462976165116
610.0 0.0008702551895112265
611.0 0.0006037624189048074
612.0 0.000337269466399448
613.0 0.0005700369001715444
614.0 0.0008028043339436408
615.0 0.0006252025741559919
616.0 0.0004476007688936079
617.0 0.000436780328527675
618.0 0.0004259596607880667
619.0 0.0005340066309145186
620.0 0.0006420534191420302
621.0 0.0006070642484701239
622.0 0.0005720750777982175
623.0 0.0006455130915128393
624.0 0.0007189511507021962
625.0 0.0009533441698295064
626.0 0.0011877372344315518
627.0 0.0012117195183236618
628.0 0.0012357017112663016
629.0 0.0016398544175899588
630.0 0.0020440069420146756
631.0 0.00218203949771123
632.0 0.0023200720534077846
633.0 0.0026024243197753094
634.0 0.0028847765861428343
635.0 0.0027911446522921324
636.0 0.00269751253654249
637.0 0.0023239590518642217
638.0 0.0019504052033880726
639.0 0.001679562592471484
640.0 0.0014087199815548956
641.0 0.00134340834847535
642.0 0.0012780967153958045
643.0 0.0006942707841517404
644.0 0.00011044485290767625
645.0 0.00014897452729201177
646.0 0.00018750411072687712
647.0 0.000216218677451252
648.0 0.0002449331532261567
649.0 0.00036310732411948266
650.0 0.0004812814040633384
651.0 0.0009415894965059124
652.0 0.0014018975889484864
653.0 0.00139776984724449
654.0 0.0013936420145910233
655.0 0.0019340124708833173
656.0 0.0024743829271756113
657.0 0.0030665531085105613
658.0 0.0036587232898455113
659.0 0.0037168283597566187
660.0 0.003774933793465607
661.0 0.0032888739951886237
662.0 0.0028028136512148194
663.0 0.0020714749553008005
664.0 0.001340135986538371
665.0 0.0012625643648789264
666.0 0.0011849927432194818
667.0 0.0009860751561063807
668.0 0.0007871574780438095
669.0 0.0006949769158381969
670.0 0.0006027961717336439
671.0 0.0005634927219944075
672.0 0.0005241893177299062
673.0 0.0007027088031463791
674.0 0.000881228334037587
675.0 0.0011550284398254007
676.0 0.0014288284546637442
677.0 0.0019660494217532687
678.0 0.002503270297893323
679.0 0.0032127856684383005
680.0 0.003922301402781159
681.0 0.005801066436106339
682.0 0.0076798314694315195
683.0 0.009620085620554164
684.0 0.01156034049927257
685.0 0.011287808592896909
686.0 0.011015277414117008
687.0 0.009304924606112763
688.0 0.007594574708491564
689.0 0.006154978473205119
690.0 0.004715382965514436
691.0 0.004117625576327555
692.0 0.003519868550938554
693.0 0.0027983443942503072
694.0 0.0020768209651578218
695.0 0.0015739155060146004
696.0 0.0010710103197197895
697.0 0.0009065674930752721
698.0 0.0007421247573802248
699.0 0.0006746060989826219
700.0 0.0006070874405850191
701.0 0.0006785961431887699
702.0 0.0007501048457925208
703.0 0.0006619295618293108
704.0 0.0005737542778661009
705.0 0.0006503195891127689
706.0 0.0007268850822583772
707.0 0.0008150550456775818
708.0 0.0009032252819451969
709.0 0.0008895985956769437
710.0 0.0008759720913076308
711.0 0.0008602733032603282
712.0 0.0008445745152130257
713.0 0.0006422930255212123
714.0 0.0004400114903546637
715.0 0.0004052061285619857
716.0 0.0003704007440319401
717.0 0.0004518688456300879
718.0 0.0005333368335413979
719.0 0.0003531177299009869
720.0 0.00017289856941715698
721.0 0.00010457869166202727
722.0 3.6258848012948874e-05
723.0 0.0002394255261606304
724.0 0.00044259231799514964
725.0 0.0004139540124015184
726.0 0.00038531575228262227
727.0 0.00045054885049466975
728.0 0.0005157819032319821
729.0 0.00028992349143663887
730.0 6.40651194316888e-05
731.0 0.00026574098228593357
732.0 0.00046741688493057154
733.0 0.0005508120011654682
734.0 0.0006342069809761597
735.0 0.0004772938154928852
736.0 0.00032038058179750806
737.0 0.0004912148597213672
738.0 0.0006620491149078589
739.0 0.0010226031918136869
740.0 0.001383157359668985
741.0 0.0018644659576239064
742.0 0.002345774737477768
743.0 0.0029995870136190206
744.0 0.0036533994716592133
745.0 0.004256141619407572
746.0 0.00485888340335805
747.0 0.004797699875780381
748.0 0.004736516348202713
749.0 0.004336908023105934
750.0 0.003937300061807036
751.0 0.0036487348552327603
752.0 0.0033601696486584842
753.0 0.0032881525839911774
754.0 0.003216136246919632
755.0 0.0028014092094963416
756.0 0.0023866823539719917
757.0 0.0018839107724488713
758.0 0.001381139281875221
759.0 0.0012446101209206972
760.0 0.0011080811418651138
761.0 0.0009700444934424013
762.0 0.0008320077540702187
763.0 0.0007464163900294807
764.0 0.0006608249805140076
765.0 0.000551935318071628
766.0 0.00044304570110398345
767.0 0.0003188711843904457
768.0 0.00019469671315164305
769.0 0.00042622496039257385
770.0 0.0006577532985829748
771.0 0.0007483768968086224
772.0 0.0008390005859837402
773.0 0.0009581713129591662
774.0 0.0010773420399345923
775.0 0.0008341933607880492
776.0 0.000591044681641506
777.0 0.0007269482466654154
778.0 0.0008628519026387949
779.0 0.0008819175491225906
780.0 0.0009009832865558565
781.0 0.001104230250348337
782.0 0.0013074771231913473
783.0 0.0012399253137118649
784.0 0.0011723736861313228
785.0 0.0013322828635864425
786.0 0.0014921921319910325
787.0 0.0013040228623140138
788.0 0.0011158536835864652
789.0 0.0011127133802801836
790.0 0.0011095729860244319
791.0 0.0009130258149525616
792.0 0.0007164787348301616
793.0 0.0006718521945003886
794.0 0.0006272255177464103
795.0 0.0004874836577073438
796.0 0.0003477417067188071
797.0 0.00023863503884058446
798.0 0.00012952839369972935
799.0 0.00015100246173460619
800.0 0.00017247655250685057
801.0 3.289942185347172e-05
802.0 1.6822555718234988e-10
803.0 1.6822555718234988e-10
804.0 1.6822555718234988e-10
805.0 1.698749088063778e-05
806.0 0.00023623999823030317
807.0 0.00019582555523811607
808.0 0.00015541112361461273
809.0 0.0001897859874588903
810.0 0.000224160794459749
811.0 0.0003357262812642148
812.0 0.00044729176806868054
813.0 0.0003993010523117846
814.0 0.00035131029108015355
815.0 0.00021766011286672438
816.0 8.400986075685068e-05
817.0 0.00024810535705910297
818.0 0.0004122008704143809
819.0 0.00043502295739017427
820.0 0.0004578451353154378
821.0 0.0005322454398992704
822.0 0.0006066456080588978
823.0 0.00029695072498725494
824.0 1.6822555718234988e-10
825.0 0.00011573170013434719
826.0 0.00024420733097940683
827.0 0.00012007845953121432
828.0 1.6822555718234988e-10
829.0 5.382840484458029e-06
830.0 1.4815994120453979e-05
831.0 1.6822555718234988e-10
832.0 1.6822555718234988e-10
833.0 1.6822555718234988e-10
834.0 1.6822555718234988e-10
835.0 1.6822555718234988e-10
836.0 1.6822555718234988e-10
837.0 1.6822555718234988e-10
838.0 1.6822555718234988e-10
839.0 1.6822555718234988e-10
840.0 1.6822555718234988e-10
841.0 1.6822555718234988e-10
842.0 1.6822555718234988e-10
843.0 6.779615091545566e-05
844.0 0.00034276845326530747
845.0 0.0001404692739015445
846.0 1.6822555718234988e-10
847.0 0.00015874069276833325
848.0 0.00037931129099888494
849.0 0.00032605055366730085
850.0 0.00027278977086098166
851.0 0.0004599678504746407
852.0 0.0006471458164014621
853.0 0.0007598505362693686
854.0 0.0008725554835109506
855.0 0.0009842443432717118
856.0 0.0010959335668303538
857.0 0.0010131871022167616
858.0 0.0009304405466536991
859.0 0.0010039778317150194
860.0 0.0010775145710795186
861.0 0.0013951766050013248
862.0 0.001712838638923131
863.0 0.0017915726857609116
864.0 0.0018703069144976325
865.0 0.0016542573575861752
866.0 0.0014382080735231284
867.0 0.0015007108231657185
868.0 0.001563213299959898
869.0 0.0016841884644236416
870.0 0.0018051638107863255
871.0 0.0018459315469954163
872.0 0.001886699283204507
873.0 0.0021944673790130764
874.0 0.0025022354748216458
