lsstCam/transmission_filter_detector/r43_s11/u_24/19700101T000000.ecsv
# %ECSV 1.0
# ---
# datatype:
# - {name: wavelength, unit: nm, datatype: float32}
# - {name: efficiency, unit: '%', datatype: float64}
# meta: !!omap
# - {MODE: DETECTOR}
# - {TYPE: transmission_filter_detector}
# - {CALIBDATE: '1970-01-01T00:00:00'}
# - {INSTRUME: LSSTCam}
# - {OBSTYPE: transmission_filter_detector}
# - {CALIBCLS: lsst.ip.isr.IntermediateFilterDetectorTransmissionCurve}
# - {SOURCE: Materion (DM-46256)}
# - {DETECTOR: 184}
# - {FILTER: u_24}
# - {CALIB_ID: 'calibDate=1970-01-01T00:00:00 filter=u_24 detector=184'}
# - {DATE: '2025-04-02T15:59:40.603748'}
# - {CALIB_CREATION_DATE: '2025-04-02'}
# - {CALIB_CREATION_TIME: '15:59:40'}
# - __serialized_columns__:
#     efficiency:
#       __class__: astropy.units.quantity.Quantity
#       unit: !astropy.units.Unit {unit: '%'}
#       value: !astropy.table.SerializedColumn {name: efficiency}
#     wavelength:
#       __class__: astropy.units.quantity.Quantity
#       unit: !astropy.units.Unit {unit: nm}
#       value: !astropy.table.SerializedColumn {name: wavelength}
# schema: astropy-2.0
wavelength efficiency
[from data line 581]
876.0 0.0023925083951326087
877.0 0.00281225802609697
878.0 0.003232007657061331
879.0 0.003432446828810498
880.0 0.0036328860005596653
881.0 0.0034823686291929334
882.0 0.003331850894028321
883.0 0.0032033363822847605
884.0 0.0030748215067433193
885.0 0.0029888271456002258
886.0 0.0029028329663560726
887.0 0.0028535305318655446
888.0 0.002804227733577136
889.0 0.002825967749231495
890.0 0.0028477075829869136
891.0 0.002864010639314074
892.0 0.002880313331843354
893.0 0.003145866867271252
894.0 0.0034114200389012694
895.0 0.003229080539313145
896.0 0.00304674085782608
897.0 0.0031856608984526247
898.0 0.0033245811209781095
899.0 0.003458118226262741
900.0 0.0035916556953452528
901.0 0.003995760926045477
902.0 0.004399865792947821
903.0 0.004653377254726365
904.0 0.004906888352707028
905.0 0.005136340769240633
906.0 0.005365792821976356
907.0 0.005780861829407513
908.0 0.006195931200636551
909.0 0.006013481834088452
910.0 0.005831033195136115
911.0 0.0057610370276961476
912.0 0.00569104086025618
913.0 0.005581552613875829
914.0 0.005472064367495477
915.0 0.00522783120686654
916.0 0.004983598046237603
917.0 0.004975180127075873
918.0 0.004966762207914144
919.0 0.0050609316531335935
920.0 0.005155101098353043
921.0 0.0049264410336036235
922.0 0.004697780605056323
923.0 0.004885854650638066
924.0 0.005073928696219809
925.0 0.005498687824001536
926.0 0.0059234465879853815
927.0 0.006290483725024387
928.0 0.006657520134467632
929.0 0.006887543713673949
930.0 0.007117567292880267
931.0 0.0073605915531516075
932.0 0.007603615813422948
933.0 0.007643106073373929
934.0 0.007682595605729148
935.0 0.007739621651126072
936.0 0.007796646241331473
937.0 0.007377134897978976
938.0 0.006957625009818003
939.0 0.006639866478508338
940.0 0.0063221086747944355
941.0 0.005693501952919178
942.0 0.00506489523104392
943.0 0.004394851566758007
944.0 0.0037248079024720937
945.0 0.0035430050047580153
946.0 0.003361202107043937
947.0 0.002897542253776919
948.0 0.0024338824005099013
949.0 0.0020793533622054383
950.0 0.0017248239601030946
951.0 0.0017722164557198994
952.0 0.0018196085875388235
953.0 0.0018306662241229787
954.0 0.0018417236788081937
955.0 0.001911218168970663
956.0 0.001980712295335252
957.0 0.0020054814740433358
958.0 0.00203025083465036
959.0 0.0023601174689247273
960.0 0.002689983921300154
961.0 0.003056857894989662
962.0 0.00342373205057811
963.0 0.0036991521483287215
964.0 0.003974572609877214
965.0 0.004390749745653011
966.0 0.004806926881428808
967.0 0.004895038000540808
968.0 0.004983149119652808
969.0 0.005072613203083165
970.0 0.005162077650311403
971.0 0.005320572017808445
972.0 0.005479066749103367
973.0 0.00522977534274105
974.0 0.004980483936378732
975.0 0.0047890258429106325
976.0 0.004597567749442533
977.0 0.004366067878436297
978.0 0.004134568007430062
979.0 0.003761554035008885
980.0 0.0033885400625877082
981.0 0.003328021557535976
982.0 0.003267503052484244
983.0 0.0031624265830032527
984.0 0.0030573501135222614
985.0 0.003064184420509264
986.0 0.003071017999900505
987.0 0.003714428748935461
988.0 0.004357839497970417
989.0 0.004813243140233681
990.0 0.005268647146294825
991.0 0.0058763213019119576
992.0 0.0064839965489227325
993.0 0.006917268183315173
994.0 0.007350539817707613
995.0 0.007703088340349495
996.0 0.008055635407799855
997.0 0.00806082462077029
998.0 0.008066013833740726
999.0 0.007679376722080633
1000.0 0.00729273961042054
1001.0 0.006373470387188718
1002.0 0.005454202982946299
1003.0 0.005118083572597243
1004.0 0.004781964162248187
1005.0 0.004885693851974793
1006.0 0.00498942426929716
1007.0 0.004444412479642779
1008.0 0.0038994003261905164
1009.0 0.004068434645887464
1010.0 0.004237468965584412
1011.0 0.003868460771627724
1012.0 0.0034994522138731554
1013.0 0.003033786197192967
1014.0 0.002568119998613838
1015.0 0.002245653740828857
1016.0 0.0019231874830438755
1017.0 0.001853980211308226
1018.0 0.001784772757673636
1019.0 0.00142765666168998
1020.0 0.0010705404747568537
1021.0 0.0011781075954786502
1022.0 0.0012856746252509765
1023.0 0.0013625816791318357
1024.0 0.0014394884601642843
1025.0 0.001579828494868707
1026.0 0.0017201686205225997
1027.0 0.001721488661132753
1028.0 0.0017228090655407868
1029.0 0.0019355435142642818
1030.0 0.002148278144886717
1031.0 0.001941476330102887
1032.0 0.0017346743334201165
1033.0 0.0020091061742277816
1034.0 0.002283537651237566
1035.0 0.0023516593500971794
1036.0 0.002419781048956793
1037.0 0.00269252104772022
1038.0 0.0029652606826857664
1039.0 0.002869027048291173
1040.0 0.002772793231997639
1041.0 0.0027725791369448416
1042.0 0.0027723650418920442
1043.0 0.0026190915377810597
1044.0 0.0024658180336700752
1045.0 0.002148461680917535
1046.0 0.0018311053281649947
1047.0 0.00215477921301499
1048.0 0.002478453461662866
1049.0 0.0020742265405715443
1050.0 0.0016699996194802225
1051.0 0.001630735096114222
1052.0 0.0015914700270514004
1053.0 0.0015232528312481008
1054.0 0.0014550355444953311
1055.0 0.0016389763914048672
1056.0 0.001822917147364933
1057.0 0.0017545100490679033
1058.0 0.001686103132669814
1059.0 0.0013526512702810578
1060.0 0.001019199589791242
1061.0 0.0011865804481203668
1062.0 0.0013539612155000214
1063.0 0.0016194659110624343
1064.0 0.0018849706975743175
1065.0 0.0014332147657114547
1066.0 0.0009814587428991217
1067.0 0.0012742801118292846
1068.0 0.0015671013898099773
1069.0 0.0018509765141061507
1070.0 0.002134851456503384
1071.0 0.0021818823370267637
1072.0 0.0022289130356512032
1073.0 0.002559373388066888
1074.0 0.0028898337404825725
1075.0 0.0028038417440257035
1076.0 0.0027178497475688346
1077.0 0.0035272030800115317
1078.0 0.004336555866757408
1079.0 0.00367720058420673
1080.0 0.003017845119757112
1081.0 0.003398698754608631
1082.0 0.003779552935156971
1083.0 0.003783739884966053
1084.0 0.003787926470977254
1085.0 0.005169063661014661
1086.0 0.0065502004872541875
1087.0 0.0050895359891001135
1088.0 0.0036288714909460396
1089.0 0.003427419505896978
1090.0 0.003225968248443678
1091.0 0.004180785981588997
1092.0 0.005135603350936435
1093.0 0.0035766890505328774
1094.0 0.002017774386331439
1095.0 0.0032266903872368857
1096.0 0.004435606024344452
1097.0 0.002686029620235786
1098.0 0.0009364530342281796
1099.0 0.0031387939088745043
1100.0 0.005341134601621889
