lsstCam/transmission_filter_detector/r01_s00/y_10/19700101T000000.ecsv
# %ECSV 1.0
# ---
# datatype:
# - {name: wavelength, unit: nm, datatype: float32}
# - {name: efficiency, unit: '%', datatype: float64}
# meta: !!omap
# - {MODE: DETECTOR}
# - {TYPE: transmission_filter_detector}
# - {CALIBDATE: '1970-01-01T00:00:00'}
# - {INSTRUME: LSSTCam}
# - {OBSTYPE: transmission_filter_detector}
# - {CALIBCLS: lsst.ip.isr.IntermediateFilterDetectorTransmissionCurve}
# - {SOURCE: Materion (DM-46256)}
# - {DETECTOR: 0}
# - {FILTER: y_10}
# - {CALIB_ID: 'calibDate=1970-01-01T00:00:00 filter=y_10 detector=0'}
# - {DATE: '2025-04-02T15:59:50.741084'}
# - {CALIB_CREATION_DATE: '2025-04-02'}
# - {CALIB_CREATION_TIME: '15:59:50'}
# - __serialized_columns__:
#     efficiency:
#       __class__: astropy.units.quantity.Quantity
#       unit: !astropy.units.Unit {unit: '%'}
#       value: !astropy.table.SerializedColumn {name: efficiency}
#     wavelength:
#       __class__: astropy.units.quantity.Quantity
#       unit: !astropy.units.Unit {unit: nm}
#       value: !astropy.table.SerializedColumn {name: wavelength}
# schema: astropy-2.0
wavelength efficiency
[from data line 576]
876.0 0.0036681049095932394
877.0 0.002157109702238813
878.0 0.0006461149496317375
879.0 0.0015528497897321358
880.0 0.06715860799886286
881.0 0.0906608474906534
882.0 0.06572428974322975
883.0 0.09148025419563055
884.0 0.06930890958756208
885.0 0.09602654608897865
886.0 0.07470652926713228
887.0 0.09463353781029582
888.0 0.05941877025179565
889.0 0.12917962158098817
890.0 0.07728568743914366
891.0 0.1199037884362042
892.0 0.06645451067015529
893.0 0.08572849328629673
894.0 0.07783134351484478
895.0 0.10277868714183569
896.0 0.07039600168354809
897.0 0.11870729504153132
898.0 0.07750231889076531
899.0 0.12371793854981661
900.0 0.08368396665900946
901.0 0.10737372795119882
902.0 0.12022830778732896
903.0 0.15324861742556095
904.0 0.14852999011054635
905.0 0.17789517296478152
906.0 0.1729857292957604
907.0 0.2212479943409562
908.0 0.26495379861444235
909.0 0.3438500687479973
910.0 0.4057625774294138
911.0 0.533672608435154
912.0 0.7344975601881742
913.0 1.0759074240922928
914.0 1.4978201128542423
915.0 2.2356731817126274
916.0 3.2352451235055923
917.0 4.521412402391434
918.0 6.153487414121628
919.0 7.892096042633057
920.0 10.494212806224823
921.0 13.293571770191193
922.0 16.00983589887619
923.0 18.992267549037933
924.0 22.136591374874115
925.0 25.539731979370117
926.0 29.917141795158386
927.0 34.990108013153076
928.0 39.897701144218445
929.0 45.57355344295502
930.0 51.06956362724304
931.0 57.0379912853241
932.0 63.29951286315918
933.0 69.40220594406128
934.0 74.62548613548279
935.0 79.08577919006348
936.0 83.20667147636414
937.0 86.56631112098694
938.0 89.33972716331482
939.0 91.28099083900452
940.0 92.69598722457886
941.0 93.6136782169342
942.0 94.29029822349548
943.0 94.71937417984009
944.0 95.30907273292542
945.0 95.61664462089539
946.0 96.04105949401855
947.0 96.25685214996338
948.0 96.63919806480408
949.0 96.71083688735962
950.0 96.90667986869812
951.0 96.97933793067932
952.0 96.95534706115723
953.0 97.02276587486267
954.0 96.96127772331238
955.0 96.94521427154541
956.0 97.0749020576477
957.0 97.22541570663452
958.0 97.36948013305664
959.0 97.51197099685669
960.0 97.65360951423645
961.0 97.84181714057922
962.0 98.03184866905212
963.0 98.15881252288818
964.0 98.29307794570923
965.0 98.39820265769958
966.0 98.51429462432861
967.0 98.66132140159607
968.0 98.66122603416443
969.0 98.69160056114197
970.0 98.73641729354858
971.0 98.76890182495117
972.0 98.7940788269043
973.0 98.8365113735199
974.0 98.86791110038757
975.0 98.82104992866516
976.0 98.86565804481506
977.0 98.84845614433289
978.0 98.90363216400146
979.0 98.91746044158936
980.0 98.88112545013428
981.0 98.8590657711029
982.0 98.81321787834167
983.0 98.88014793395996
984.0 98.8347053527832
985.0 98.83228540420532
986.0 98.75046610832214
987.0 98.80072474479675
988.0 98.68643879890442
989.0 98.59653115272522
990.0 98.54515790939331
991.0 98.56424927711487
992.0 98.5464334487915
993.0 98.47588539123535
994.0 98.44445586204529
995.0 98.46082925796509
996.0 98.39357137680054
997.0 98.46677780151367
998.0 98.51158857345581
999.0 98.53587746620178
1000.0 98.59787821769714
1001.0 98.5522210597992
1002.0 98.7341582775116
1003.0 98.74825477600098
1004.0 98.83601665496826
1005.0 98.81970882415771
1006.0 99.00403618812561
1007.0 98.9686131477356
1008.0 98.97213578224182
1009.0 98.95044565200806
1010.0 99.00013208389282
1011.0 99.03796911239624
1012.0 98.91456961631775
1013.0 98.9684522151947
1014.0 98.92381429672241
1015.0 98.86553287506104
1016.0 98.86437058448792
1017.0 98.87806177139282
1018.0 98.86642694473267
1019.0 98.77226948738098
1020.0 98.82314801216125
1021.0 98.88877272605896
1022.0 98.79691004753113
1023.0 98.82676005363464
1024.0 98.81537556648254
1025.0 98.76135587692261
1026.0 98.80231022834778
1027.0 98.9425539970398
1028.0 98.82454872131348
1029.0 98.93712997436523
1030.0 98.91685247421265
1031.0 98.9904522895813
1032.0 98.96243214607239
1033.0 98.92117977142334
1034.0 98.97637367248535
1035.0 98.97856712341309
1036.0 98.96929264068604
1037.0 98.95466566085815
1038.0 98.94974827766418
1039.0 98.81170988082886
1040.0 98.77746105194092
1041.0 98.87349605560303
1042.0 98.8454282283783
1043.0 98.74169826507568
1044.0 98.87864589691162
1045.0 98.5716462135315
1046.0 98.76406192779541
1047.0 98.61186742782593
1048.0 98.6356258392334
1049.0 98.62533807754517
1050.0 98.53618144989014
1051.0 98.53774905204773
1052.0 98.47302436828613
1053.0 98.31244349479675
1054.0 98.58782887458801
1055.0 98.63384366035461
1056.0 98.53196144104004
1057.0 98.60341548919678
1058.0 98.44499826431274
1059.0 98.51073622703552
1060.0 98.57524037361145
1061.0 98.50634932518005
1062.0 98.58333468437195
1063.0 98.5097885131836
1064.0 98.77004027366638
1065.0 98.70245456695557
1066.0 98.6844539642334
1067.0 98.86431097984314
1068.0 98.6421525478363
1069.0 98.51850271224976
1070.0 98.92850518226624
1071.0 98.66090416908264
1072.0 98.94806146621704
1073.0 98.96574020385742
1074.0 98.54738712310791
1075.0 98.57949018478394
1076.0 98.35822582244873
1077.0 98.69201183319092
1078.0 98.86029362678528
1079.0 98.46745729446411
1080.0 99.27710294723511
1081.0 98.40235710144043
1082.0 98.43575358390808
1083.0 98.59979748725891
1084.0 98.69415163993835
1085.0 98.82216453552246
1086.0 98.57856631278992
1087.0 98.50172996520996
1088.0 98.29108119010925
1089.0 98.25606942176819
1090.0 98.42885732650757
1091.0 98.69058728218079
1092.0 98.71993064880371
1093.0 98.32546710968018
1094.0 98.0234682559967
1095.0 98.15613031387329
1096.0 98.51704835891724
1097.0 98.08741211891174
1098.0 97.4642813205719
1099.0 98.51694107055664
1100.0 98.03378582000732
