lsstCam/transmission_filter_detector/r01_s00/y_10/19700101T000000.ecsv
# %ECSV 1.0
# ---
# datatype:
# - {name: wavelength, unit: nm, datatype: float32}
# - {name: efficiency, unit: '%', datatype: float64}
# meta: !!omap
# - {MODE: DETECTOR}
# - {TYPE: transmission_filter_detector}
# - {CALIBDATE: '1970-01-01T00:00:00'}
# - {INSTRUME: LSSTCam}
# - {OBSTYPE: transmission_filter_detector}
# - {CALIBCLS: lsst.ip.isr.IntermediateFilterDetectorTransmissionCurve}
# - {SOURCE: Materion (DM-46256)}
# - {DETECTOR: 0}
# - {FILTER: y_10}
# - {CALIB_ID: 'calibDate=1970-01-01T00:00:00 filter=y_10 detector=0'}
# - {DATE: '2025-04-02T15:59:50.741084'}
# - {CALIB_CREATION_DATE: '2025-04-02'}
# - {CALIB_CREATION_TIME: '15:59:50'}
# - __serialized_columns__:
#     efficiency:
#       __class__: astropy.units.quantity.Quantity
#       unit: !astropy.units.Unit {unit: '%'}
#       value: !astropy.table.SerializedColumn {name: efficiency}
#     wavelength:
#       __class__: astropy.units.quantity.Quantity
#       unit: !astropy.units.Unit {unit: nm}
#       value: !astropy.table.SerializedColumn {name: wavelength}
# schema: astropy-2.0
wavelength efficiency
300.0 0.5313993897289038
301.0 0.2855436410754919
302.0 0.03968784585595131
303.0 0.03761953848879784
304.0 0.03555123403202742
305.0 0.020417431369423866
306.0 0.005283626160235144
307.0 0.013042264617979527
308.0 0.02080089907394722
309.0 0.014630031364504248
310.0 0.008459162199869752
311.0 0.00761647243052721
312.0 0.006773781205993146
313.0 0.007043286314001307
314.0 0.007312790694413707
315.0 0.0063849089201539755
316.0 0.005457029328681529
317.0 0.005198555663810112
318.0 0.004940078724757768
319.0 0.0019718938347068615
320.0 2.6926598971355187e-10
321.0 0.002680902980500832
322.0 0.006358099199132994
323.0 0.004454543159226887
324.0 0.0025509873012197204
325.0 0.0015589355825795792
326.0 0.0005668836365657626
327.0 0.0013548642527894117
328.0 0.0021428451873362064
329.0 0.0037843106838408858
330.0 0.005425776544143446
331.0 0.004534074105322361
332.0 0.0036423709389055148
333.0 0.0024038034098339267
334.0 0.0011652352441160474
335.0 0.0015203445400402416
336.0 0.0018754541088128462
337.0 0.0023016633349470794
338.0 0.0027278723791823722
339.0 0.001382777736580465
340.0 3.768309113638679e-05
341.0 2.6926598971355187e-10
342.0 2.6926598971355187e-10
343.0 0.00012212257161081652
344.0 0.0009479998880124185
345.0 0.0012028021046717186
346.0 0.0014576048670278396
347.0 0.0014492343325400725
348.0 0.0014408635252038948
349.0 0.0012023255294479895
350.0 0.0009637872608436737
351.0 0.0011817881386377849
352.0 0.0013997885616845451
353.0 0.0011174464816576801
354.0 0.0008351044016308151
355.0 0.001113658527174266
356.0 0.0013922125617682468
357.0 0.0009970489372790325
358.0 0.0006018850854161428
359.0 0.0008041200089792255
360.0 0.0010063548870675731
361.0 0.0012555630746646784
362.0 0.0015047711713123135
363.0 0.0012587759556481615
364.0 0.0010127803761861287
365.0 0.0013661555385624524
366.0 0.0017195314285345376
367.0 0.0021905103494646028
368.0 0.0026614890884957276
369.0 0.002324426532140933
370.0 0.0019873641576850787
371.0 0.0019342338418937288
372.0 0.0018811033442034386
373.0 0.00223834522330435
374.0 0.0025955871024052612
375.0 0.0033922009606612846
376.0 0.004188815000816248
377.0 0.004005015944130719
378.0 0.0038212172512430698
379.0 0.0033956184779526666
380.0 0.0029700197046622634
381.0 0.0020815254174522124
382.0 0.0011930311302421615
383.0 0.0012511139175330754
384.0 0.0013091966138745192
385.0 0.0009597259122529067
386.0 0.0006102552561060293
387.0 0.000719148556527216
388.0 0.0008280419024231378
389.0 0.0007590401764900889
390.0 0.0006900386779307155
391.0 0.0005703734132112004
392.0 0.00045070833039062563
393.0 0.0005535930995392846
394.0 0.0006564780051121488
395.0 0.0005945343218627386
396.0 0.0005325906840880634
397.0 0.000791245201980928
398.0 0.0010498995834495872
399.0 0.0012667057490034495
400.0 0.0014835119145573117
401.0 0.0016345822587027214
402.0 0.001785652966646012
403.0 0.001828947279136628
404.0 0.0018722419554251246
405.0 0.0017229436707566492
406.0 0.001573645931784995
407.0 0.0013584621228801552
408.0 0.001143278586823726
409.0 0.0009313550435763318
410.0 0.0007194310001068516
411.0 0.0004678036475525005
412.0 0.00021617622678604675
413.0 0.0010354147889302112
414.0 0.001854653237387538
415.0 0.00213553685171064
416.0 0.002416420647932682
417.0 0.0009733483238960616
418.0 2.6926598971355187e-10
419.0 2.6926598971355187e-10
420.0 2.6926598971355187e-10
421.0 2.6926598971355187e-10
422.0 0.0009395303095516283
423.0 0.00089157683760277
424.0 0.0008436230018560309
425.0 0.0002951118858618429
426.0 2.6926598971355187e-10
427.0 2.6926598971355187e-10
428.0 2.6926598971355187e-10
429.0 2.6926598971355187e-10
430.0 2.6926598971355187e-10
431.0 0.00031255297017196426
432.0 0.0012920248082082253
433.0 0.0011295172043901403
434.0 0.0009670101462688763
435.0 0.0005093578238302143
436.0 5.1705740133911604e-05
437.0 2.6926598971355187e-10
438.0 2.6926598971355187e-10
439.0 2.6926598971355187e-10
440.0 2.6926598971355187e-10
441.0 2.6926598971355187e-10
442.0 2.6926598971355187e-10
443.0 2.6926598971355187e-10
444.0 0.00042721944737422746
445.0 0.0004577679192152573
446.0 0.000488316345581552
447.0 0.0006294281774898991
448.0 0.0007705398274993058
449.0 0.0009926701750373468
450.0 0.0012148000678280368
451.0 0.0007764228030282538
452.0 0.0003380455154911033
453.0 0.00013234566722530872
454.0 2.6926598971355187e-10
455.0 2.6926598971355187e-10
456.0 2.6926598971355187e-10
457.0 2.6926598971355187e-10
458.0 2.6926598971355187e-10
459.0 2.6926598971355187e-10
460.0 0.00012686933814620716
461.0 0.00022099738998804241
462.0 0.00031512545319856144
463.0 0.00040561158130003605
464.0 0.0004960978003509808
465.0 0.0005125013103679521
466.0 0.0005289047749101883
467.0 0.0011186128176632337
468.0 0.0017083206330426037
469.0 0.001701218388916459
470.0 0.001694115599093493
471.0 0.0018223550796392374
472.0 0.0019505943782860413
473.0 0.002270076220156625
474.0 0.0025895580620272085
475.0 0.0026514990167925134
476.0 0.0027134399715578184
477.0 0.0031940537155605853
478.0 0.003674667823361233
479.0 0.003992386336904019
480.0 0.004310104486648925
481.0 0.0043250242015346885
482.0 0.004339944280218333
483.0 0.0038576887163799256
484.0 0.003375433516339399
485.0 0.0035148055758327246
486.0 0.0036541776353260502
487.0 0.002878446139220614
488.0 0.002102714279317297
489.0 0.0018326025383430533
490.0 0.0015624913430656306
491.0 0.0016184565538424067
492.0 0.0016744215827202424
493.0 0.0014189673493092414
494.0 0.001163513479696121
495.0 0.0013321529877430294
496.0 0.0015007928595878184
497.0 0.002006235081353225
498.0 0.0025116778488154523
499.0 0.0023741977202007547
500.0 0.002236717591586057
501.0 0.0021667663531843573
502.0 0.002096815296681598
503.0 0.002171111736970488
504.0 0.002245408177259378
505.0 0.0029194947273936123
506.0 0.003593581641325727
507.0 0.0024590606699348427
508.0 0.0013245392437966075
509.0 0.0018468088455847465
510.0 0.0023690783564234152
511.0 0.002212315121141728
512.0 0.002055551885860041
513.0 0.001909991078719031
514.0 0.001764430635375902
515.0 0.0014415461919270456
516.0 0.001118661657528719
517.0 0.0014505188119073864
518.0 0.0017823753296397626
519.0 0.0016838961528264917
520.0 0.0015854166122153401
521.0 0.001656843232922256
522.0 0.0017282696717302315
523.0 0.0015360270481323823
524.0 0.001343784333585063
525.0 0.0020006909835501574
526.0 0.0026575986339594238
527.0 0.0026581099518807605
528.0 0.002658621633599978
529.0 0.002829102231771685
530.0 0.0029995824661455117
531.0 0.0027178906748304144
532.0 0.0024361987016163766
533.0 0.00266272654698696
534.0 0.0028892536647617817
535.0 0.0024118760848068632
536.0 0.0019344983229530044
537.0 0.002264320937683806
538.0 0.0025941435524146073
539.0 0.003276892675785348
540.0 0.003959641617257148
541.0 0.004236663153278641
542.0 0.004513684325502254
543.0 0.00454981745861005
544.0 0.004585949864122085
545.0 0.004634858123608865
546.0 0.004683766019297764
547.0 0.003921686948160641
548.0 0.003159607877023518
549.0 0.0028873189876321703
550.0 0.002615029916341882
551.0 0.002487939127604477
552.0 0.002360848338867072
553.0 0.003089829988311976
554.0 0.0038188110920600593
555.0 0.003967592783737928
556.0 0.004116374839213677
557.0 0.0037800768041051924
558.0 0.003443779132794589
559.0 0.0036299348721513525
560.0 0.003816090611508116
561.0 0.0037169611459830776
562.0 0.0036178309528622776
563.0 0.0033885960874613374
564.0 0.0031593612220603973
565.0 0.0039700647903373465
566.0 0.004780768722412176
567.0 0.005125396637595259
568.0 0.00547002418898046
569.0 0.006336346996249631
570.0 0.007202670531114563
571.0 0.007036620081635192
572.0 0.006870568904560059
573.0 0.006652797310380265
574.0 0.006435025716200471
575.0 0.006266716081881896
576.0 0.00609840608376544
577.0 0.00549173892068211
578.0 0.004885072121396661
579.0 0.005470147880259901
580.0 0.006055224366718903
581.0 0.007022452336968854
582.0 0.007989679579623044
583.0 0.009465734183322638
584.0 0.010941785876639187
585.0 0.011321039346512407
586.0 0.011700292088789865
587.0 0.011188025382580236
588.0 0.010675755038391799
589.0 0.010377352009527385
590.0 0.010078950435854495
591.0 0.009077882714336738
592.0 0.008076813537627459
593.0 0.006508119986392558
594.0 0.004939429345540702
595.0 0.005089123078505509
596.0 0.005238817539066076
597.0 0.006076039062463678
598.0 0.0069132605858612806
599.0 0.008067009912338108
600.0 0.00922075705602765
601.0 0.009722710092319176
602.0 0.010224660945823416
603.0 0.0107070583908353
604.0 0.011189458018634468
605.0 0.01091602462111041
606.0 0.01064259122358635
607.0 0.009330527245765552
608.0 0.008018465450732037
609.0 0.006147596286609769
610.0 0.004276727850083262
611.0 0.0037004443584010005
612.0 0.0031241608667187393
613.0 0.0036693396396003664
614.0 0.004214517684886232
615.0 0.004895310121355578
616.0 0.005576103285420686
617.0 0.00705406055203639
618.0 0.008532017818652093
619.0 0.009192905417876318
620.0 0.009853794472292066
621.0 0.010439558536745608
622.0 0.011025323328794912
623.0 0.010972031304845586
624.0 0.010918736370513216
625.0 0.009503040928393602
626.0 0.008087341848295182
627.0 0.006610862328670919
628.0 0.005134380262461491
629.0 0.004286273178877309
630.0 0.0034381664590910077
631.0 0.0028965641831746325
632.0 0.002354961725359317
633.0 0.002639319427544251
634.0 0.0029236773116281256
635.0 0.0032395048037869856
636.0 0.003555331568350084
637.0 0.004489443745114841
638.0 0.005423555558081716
639.0 0.00541568297194317
640.0 0.005407810749602504
641.0 0.0056397271691821516
642.0 0.00587164395255968
643.0 0.005445921124191955
644.0 0.00502019829582423
645.0 0.004508410347625613
646.0 0.003996622399426997
647.0 0.0033426738809794188
648.0 0.002688725362531841
649.0 0.0020265406419639476
650.0 0.0013643559213960543
651.0 0.0014383035704668146
652.0 0.0015122516742849257
653.0 0.0016254587535513565
654.0 0.0017386659237672575
655.0 0.0017774547814042307
656.0 0.0018162438209401444
657.0 0.0017184021999128163
658.0 0.0016205603969865479
659.0 0.0019309443814563565
660.0 0.002241328365926165
661.0 0.0019492859792080708
662.0 0.001657243410591036
663.0 0.002282524474139791
664.0 0.0029078057195874862
665.0 0.0035588458558777347
666.0 0.0042098861740669236
667.0 0.004872766658081673
668.0 0.0055356456869049
669.0 0.005713655264116824
670.0 0.005891661567147821
671.0 0.006478426803369075
672.0 0.00706519276718609
673.0 0.007753028330625966
674.0 0.00844086316647008
675.0 0.007872191054048017
676.0 0.0073035203968174756
677.0 0.0057106295571429655
678.0 0.004117739081266336
679.0 0.0027779140509665012
680.0 0.0014380895663634874
681.0 0.0006891387783980463
682.0 2.6926598971355187e-10
683.0 0.0001490979684604099
684.0 0.0003580081738618901
685.0 0.00019269916720077163
686.0 2.7390117907089007e-05
687.0 0.00013952725339549943
688.0 0.0002516644372008159
689.0 0.0003244734443796915
690.0 0.00039728251977066975
691.0 0.00044312023419479374
692.0 0.0004889580395683879
693.0 0.00042486872189329006
694.0 0.0003607793587434571
695.0 0.0004547899607132422
696.0 0.0005488005172082921
697.0 0.0006570416644535726
698.0 0.0007652826752746478
699.0 0.0005601945304078981
700.0 0.00035510611269273795
701.0 0.00038190728446352296
702.0 0.00040870845623430796
703.0 0.0004016496404801728
704.0 0.0003945907337765675
705.0 0.0004264501967554679
706.0 0.00045830952331016306
707.0 0.00011110493005617172
708.0 2.6926598971355187e-10
709.0 2.6323098722969007e-05
710.0 0.00028874592317151837
711.0 0.0003716131914188736
712.0 0.00045448050514096394
713.0 0.0002972614765894832
714.0 0.0001400425162501051
715.0 0.0003553768920028233
716.0 0.0005707113814423792
717.0 0.0004484883902478032
718.0 0.00032626555821479997
719.0 0.00037562704164884053
720.0 0.0004249884113960434
721.0 0.00026440607143740635
722.0 0.0001038237428474531
723.0 0.0002159601308449055
724.0 0.00032809646199893905
725.0 0.0003316027687105816
726.0 0.0003351092118464294
727.0 3.996084672053257e-05
728.0 2.6926598971355187e-10
729.0 3.237542784972902e-05
730.0 0.0003199382035745657
731.0 0.0005406031505117426
732.0 0.0007612683020852273
733.0 0.00021415005448943703
734.0 2.6926598971355187e-10
735.0 2.6926598971355187e-10
736.0 2.6926598971355187e-10
737.0 0.00028535027922771405
738.0 0.0008361603249795735
739.0 0.0005203826276556356
740.0 0.0002046046347459196
741.0 7.015466962911887e-05
742.0 2.6926598971355187e-10
743.0 2.6926598971355187e-10
744.0 2.6926598971355187e-10
745.0 6.087621500228124e-05
746.0 0.00047711523620819207
747.0 0.00028957294944120804
748.0 0.00010203071951764286
749.0 8.75907858244318e-05
750.0 7.315087486858829e-05
751.0 0.00011169090612384025
752.0 0.00015023101695987862
753.0 0.00028434471914806636
754.0 0.0004184584668109892
755.0 2.6926598971355187e-10
756.0 2.6926598971355187e-10
757.0 2.6926598971355187e-10
758.0 2.6926598971355187e-10
759.0 0.00029998209356563166
760.0 0.00085676019807579
761.0 0.00039559713513881434
762.0 2.6926598971355187e-10
763.0 1.2780132863099425e-05
764.0 9.112625320994994e-05
765.0 0.000280060044133279
766.0 0.0004689936304203002
767.0 2.6926598971355187e-10
768.0 2.6926598971355187e-10
769.0 2.6926598971355187e-10
770.0 2.6926598971355187e-10
771.0 2.6926598971355187e-10
772.0 2.6926598971355187e-10
773.0 0.00036589260616892716
774.0 0.0008126362445182167
775.0 0.0004889280717179645
776.0 0.00016521978523087455
777.0 0.0002374539462834946
778.0 0.0003096881528108497
779.0 0.0005302767021930777
780.0 0.0007508652743126731
781.0 0.0007040928721835371
782.0 0.0006573203791049309
783.0 0.0004706376330432249
784.0 0.00028395500066835666
785.0 0.00015624239040334942
786.0 2.8529379392239207e-05
787.0 0.0006072491032682592
788.0 0.0011859686310344841
789.0 0.0009536697689327411
790.0 0.0007213710887299385
791.0 0.0004721446202893276
792.0 0.00022291810637398157
793.0 0.0004605574758898001
794.0 0.0006981965725572081
795.0 0.0007242186256917194
796.0 0.0007502404969272902
797.0 0.00035646557989821304
798.0 2.6926598971355187e-10
799.0 0.00034176805456809234
800.0 0.0007208454462670488
801.0 0.0001715471057650575
802.0 2.6926598971355187e-10
803.0 8.8825203192755e-05
804.0 0.000555401584279025
805.0 0.0008424810403084848
806.0 0.0011295604053884745
807.0 0.0007223608463391429
808.0 0.00031516131002717884
809.0 2.6926598971355187e-10
810.0 2.6926598971355187e-10
811.0 6.366957450154587e-05
812.0 0.00045123179006623104
813.0 0.0009022141057357658
814.0 0.0013531963304558303
815.0 0.0012899914509034716
816.0 0.0012267860256542917
817.0 0.001080916899809381
818.0 0.0009350477739644703
819.0 0.000993317644315539
820.0 0.0010515876056160778
821.0 0.0009200096428685356
822.0 0.0007884317710704636
823.0 0.0008702216291567311
824.0 0.0009520116691419389
825.0 0.0008919996616896242
826.0 0.0008319877451867796
827.0 0.0007167533112806268
828.0 0.000601518922849209
829.0 0.0002219068164777127
830.0 2.6926598971355187e-10
831.0 2.6926598971355187e-10
832.0 4.113456100185431e-05
833.0 0.0003546368134266231
834.0 0.0006681389095319901
835.0 2.6926598971355187e-10
836.0 2.6926598971355187e-10
837.0 2.6926598971355187e-10
838.0 2.6926598971355187e-10
839.0 0.0004276954769011354
840.0 0.0009395625966135412
841.0 0.0010818330338224769
842.0 0.0012241033800819423
843.0 0.0009268094800063409
844.0 0.0006295153070823289
845.0 0.0005733058060286567
846.0 0.000517096123076044
847.0 0.000878927039593691
848.0 0.0012407580470608082
849.0 0.0011021497812180314
850.0 0.000963541151577374
851.0 0.001121887908084318
852.0 0.001280234573641792
853.0 0.0004220612936478574
854.0 2.6926598971355187e-10
855.0 2.6926598971355187e-10
856.0 2.6926598971355187e-10
857.0 0.0004509243808570318
858.0 0.0013077486073598266
859.0 0.0013129317267157603
860.0 0.0013181143913243432
861.0 0.0014176381228026003
862.0 0.0015171620361797977
863.0 0.0017677688447292894
864.0 0.0020183759261271916
865.0 0.0020562802092172205
866.0 0.00209418467420619
867.0 0.002803007373586297
868.0 0.0035118297091685236
869.0 0.0029624732633237727
870.0 0.002413116271782201
871.0 0.003159665720886551
872.0 0.003906215715687722
873.0 0.002794358806568198
874.0 0.0016825022612465546
