lsstCam/transmission_filter_detector/r24_s01/z_20/19700101T000000.ecsv
# %ECSV 1.0
# ---
# datatype:
# - {name: wavelength, unit: nm, datatype: float32}
# - {name: efficiency, unit: '%', datatype: float64}
# meta: !!omap
# - {MODE: DETECTOR}
# - {TYPE: transmission_filter_detector}
# - {CALIBDATE: '1970-01-01T00:00:00'}
# - {INSTRUME: LSSTCam}
# - {OBSTYPE: transmission_filter_detector}
# - {CALIBCLS: lsst.ip.isr.IntermediateFilterDetectorTransmissionCurve}
# - {SOURCE: Materion (DM-46256)}
# - {DETECTOR: 109}
# - {FILTER: z_20}
# - {CALIB_ID: 'calibDate=1970-01-01T00:00:00 filter=z_20 detector=109'}
# - {DATE: '2025-04-02T15:59:49.144112'}
# - {CALIB_CREATION_DATE: '2025-04-02'}
# - {CALIB_CREATION_TIME: '15:59:49'}
# - __serialized_columns__:
#     efficiency:
#       __class__: astropy.units.quantity.Quantity
#       unit: !astropy.units.Unit {unit: '%'}
#       value: !astropy.table.SerializedColumn {name: efficiency}
#     wavelength:
#       __class__: astropy.units.quantity.Quantity
#       unit: !astropy.units.Unit {unit: nm}
#       value: !astropy.table.SerializedColumn {name: wavelength}
# schema: astropy-2.0
wavelength efficiency
[from data line 598]
898.0 98.84980916976929
899.0 98.49051833152771
900.0 98.81760478019714
901.0 99.4910478591919
902.0 99.30571913719177
903.0 98.6573338508606
904.0 97.71391749382019
905.0 98.24644923210144
906.0 98.08540940284729
907.0 98.70449900627136
908.0 98.28120470046997
909.0 98.12160730361938
910.0 98.27210903167725
911.0 96.96198105812073
912.0 95.76966762542725
913.0 94.73466873168945
914.0 92.07577109336853
915.0 89.99073505401611
916.0 87.54547834396362
917.0 86.48113012313843
918.0 82.59236812591553
919.0 81.77823424339294
920.0 78.68033051490784
921.0 74.60699081420898
922.0 69.79030966758728
923.0 64.1613245010376
924.0 58.50924253463745
925.0 52.89570689201355
926.0 46.855929493904114
927.0 39.72283601760864
928.0 33.83287191390991
929.0 27.54426598548889
930.0 21.900862455368042
931.0 17.016860842704773
932.0 11.702551692724228
933.0 7.636702060699463
934.0 4.939606413245201
935.0 3.0531663447618484
936.0 1.6243141144514084
937.0 1.0003842413425446
938.0 0.5149716511368752
939.0 0.35642320290207863
940.0 0.12326105497777462
941.0 0.13602474937215447
942.0 0.12885008472949266
943.0 0.03544542414601892
944.0 0.026060896925628185
945.0 0.013572504394687712
946.0 1.629248277089379e-10
947.0 1.629248277089379e-10
948.0 1.629248277089379e-10
949.0 0.08849177393130958
950.0 1.629248277089379e-10
951.0 0.029836618341505527
952.0 0.08069365285336971
953.0 1.629248277089379e-10
954.0 1.629248277089379e-10
955.0 1.629248277089379e-10
956.0 1.629248277089379e-10
957.0 0.024448937620036304
958.0 1.629248277089379e-10
959.0 0.0696909730322659
960.0 1.629248277089379e-10
961.0 1.629248277089379e-10
962.0 0.03105744835920632
963.0 0.016080914065241814
964.0 1.629248277089379e-10
965.0 1.629248277089379e-10
966.0 1.629248277089379e-10
967.0 1.629248277089379e-10
968.0 1.629248277089379e-10
969.0 0.004119624645682052
970.0 1.629248277089379e-10
971.0 0.09721842943690717
972.0 1.629248277089379e-10
973.0 1.629248277089379e-10
974.0 1.629248277089379e-10
975.0 1.629248277089379e-10
976.0 0.006302217661868781
977.0 0.00626825203653425
978.0 0.006234288593987003
979.0 0.006037174534867518
980.0 0.0058400590205565095
981.0 0.005668813901138492
982.0 0.005497569145518355
983.0 0.005455780046759173
984.0 0.005413991311797872
985.0 0.00517781991220545
986.0 0.004941647785017267
987.0 0.004918838749290444
988.0 0.004896029713563621
989.0 0.004825910582439974
990.0 0.004755792178912088
991.0 0.004864960646955296
992.0 0.0049741291149985045
993.0 0.0049057423893827945
994.0 0.004837354936171323
995.0 0.004735706897918135
996.0 0.0046340592234628275
997.0 0.004492486550589092
998.0 0.004350913877715357
999.0 0.004273024751455523
1000.0 0.0041951356251956895
1001.0 0.004361663741292432
1002.0 0.004528192221187055
1003.0 0.004475040623219684
1004.0 0.004421889752848074
1005.0 0.004299982174416073
1006.0 0.0041780745959840715
1007.0 0.004191680272924714
1008.0 0.004205286313663237
1009.0 0.004293868187232874
1010.0 0.004382449697004631
1011.0 0.004438783798832446
1012.0 0.0044951179006602615
1013.0 0.004350098970462568
1014.0 0.004205079676466994
1015.0 0.004361844185041264
1016.0 0.004518607966019772
1017.0 0.004761412856169045
1018.0 0.005004217746318318
1019.0 0.004767916470882483
1020.0 0.004531614467850886
1021.0 0.004630002149497159
1022.0 0.004728389831143431
1023.0 0.004619042738340795
1024.0 0.004509695645538159
1025.0 0.00466984165541362
1026.0 0.004829987665289082
1027.0 0.004744313991977833
1028.0 0.004658640318666585
1029.0 0.004623176937457174
1030.0 0.004587713556247763
1031.0 0.00472947140224278
1032.0 0.004871229612035677
1033.0 0.004955663825967349
1034.0 0.005040098403696902
1035.0 0.005250629328656942
1036.0 0.0054611598898191005
1037.0 0.005518473335541785
1038.0 0.005575786053668708
1039.0 0.0053867966926191
1040.0 0.005197806967771612
1041.0 0.005639386290567927
1042.0 0.006080965613364242
1043.0 0.00559311083634384
1044.0 0.0051052560593234375
1045.0 0.005692731065209955
1046.0 0.00628020497970283
1047.0 0.006178702460601926
1048.0 0.00607719921390526
1049.0 0.00605862915108446
1050.0 0.00604005872446578
1051.0 0.006283697439357638
1052.0 0.006527337245643139
1053.0 0.0067077176936436445
1054.0 0.006888097414048389
1055.0 0.007584141712868586
1056.0 0.008280186011688784
1057.0 0.007985554111655802
1058.0 0.007690922939218581
1059.0 0.007714096864219755
1060.0 0.007737270061625168
1061.0 0.008522858115611598
1062.0 0.009308446169598028
1063.0 0.009035281982505694
1064.0 0.008762118523009121
1065.0 0.008995914686238393
1066.0 0.00922971375985071
1067.0 0.009468224743613973
1068.0 0.00970673791016452
1069.0 0.010422237392049283
1070.0 0.011137736873934045
1071.0 0.010885397932725027
1072.0 0.010633058263920248
1073.0 0.010846705117728561
1074.0 0.011060351243941113
1075.0 0.011507525050546974
1076.0 0.011954702495131642
1077.0 0.012075266567990184
1078.0 0.012195829913252965
1079.0 0.013272985233925283
1080.0 0.01435013982700184
1081.0 0.014152073708828539
1082.0 0.013954010501038283
1083.0 0.013936498726252466
1084.0 0.013918988406658173
1085.0 0.014634113176725805
1086.0 0.01534923940198496
1087.0 0.015267480921465904
1088.0 0.015185725351329893
1089.0 0.01654798979870975
1090.0 0.017910252790898085
1091.0 0.017629448848310858
1092.0 0.01734863908495754
1093.0 0.017396216571796685
1094.0 0.017443791148252785
1095.0 0.018503086175769567
1096.0 0.019562384113669395
1097.0 0.019624743435997516
1098.0 0.019687105668708682
1099.0 0.02157304697902873
1100.0 0.02345898683415726
1101.0 0.023863041133154184
1102.0 0.024267093976959586
1103.0 0.02537015243433416
1104.0 0.02647320507094264
1105.0 0.02671003167051822
1106.0 0.026946861180476844
1107.0 0.02778319176286459
1108.0 0.028619522345252335
1109.0 0.029816379537805915
1110.0 0.03101323964074254
1111.0 0.031214754562824965
1112.0 0.03141626948490739
1113.0 0.0332874886225909
1114.0 0.035158710670657456
1115.0 0.03375910164322704
1116.0 0.03235949843656272
1117.0 0.03313971101306379
1118.0 0.033919926499947906
1119.0 0.03806666063610464
1120.0 0.04221339477226138
1121.0 0.04361163591966033
1122.0 0.04500987706705928
1123.0 0.04421649209689349
1124.0 0.043423104216344655
1125.0 0.043801870197057724
1126.0 0.04418063908815384
1127.0 0.04747237253468484
1128.0 0.050764105981215835
1129.0 0.053741486044600606
1130.0 0.05671887192875147
1131.0 0.05791380535811186
1132.0 0.05910873296670616
1133.0 0.06295371567830443
1134.0 0.06679869838990271
1135.0 0.0648155517410487
1136.0 0.06283239927142859
1137.0 0.06836661486886442
1138.0 0.07390084210783243
1139.0 0.07779774023219943
1140.0 0.08169460343196988
1141.0 0.09326148428954184
1142.0 0.10482835350558162
1143.0 0.12551859254017472
1144.0 0.14620879665017128
1145.0 0.2890427131205797
1146.0 0.4318766761571169
1147.0 0.9142886847257614
1148.0 1.3967008329927921
1149.0 1.5879230573773384
1150.0 1.7791464924812317
