lsstCam/transmission_filter_detector/r24_s01/z_20/19700101T000000.ecsv
# %ECSV 1.0
# ---
# datatype:
# - {name: wavelength, unit: nm, datatype: float32}
# - {name: efficiency, unit: '%', datatype: float64}
# meta: !!omap
# - {MODE: DETECTOR}
# - {TYPE: transmission_filter_detector}
# - {CALIBDATE: '1970-01-01T00:00:00'}
# - {INSTRUME: LSSTCam}
# - {OBSTYPE: transmission_filter_detector}
# - {CALIBCLS: lsst.ip.isr.IntermediateFilterDetectorTransmissionCurve}
# - {SOURCE: Materion (DM-46256)}
# - {DETECTOR: 109}
# - {FILTER: z_20}
# - {CALIB_ID: 'calibDate=1970-01-01T00:00:00 filter=z_20 detector=109'}
# - {DATE: '2025-04-02T15:59:49.144112'}
# - {CALIB_CREATION_DATE: '2025-04-02'}
# - {CALIB_CREATION_TIME: '15:59:49'}
# - __serialized_columns__:
#     efficiency:
#       __class__: astropy.units.quantity.Quantity
#       unit: !astropy.units.Unit {unit: '%'}
#       value: !astropy.table.SerializedColumn {name: efficiency}
#     wavelength:
#       __class__: astropy.units.quantity.Quantity
#       unit: !astropy.units.Unit {unit: nm}
#       value: !astropy.table.SerializedColumn {name: wavelength}
# schema: astropy-2.0
wavelength efficiency
300.0 0.8042799308896065
301.0 0.5553493276238441
302.0 0.306418864056468
303.0 0.2920691156759858
304.0 0.2777193672955036
305.0 0.23608682677149773
306.0 0.19445427460595965
307.0 0.17849827418103814
308.0 0.1625422853976488
309.0 0.14421353116631508
310.0 0.12588478857651353
311.0 0.12440443970263004
312.0 0.12292410247027874
313.0 0.10873778956010938
314.0 0.09455149411223829
315.0 0.09177261963486671
316.0 0.08899374515749514
317.0 0.07693289080634713
318.0 0.0648720539174974
319.0 0.06531214457936585
320.0 0.0657522410620004
321.0 0.06447492050938308
322.0 0.06319759995676577
323.0 0.056338246213272214
324.0 0.049478886649012566
325.0 0.04486877005547285
326.0 0.04025865055155009
327.0 0.03913483815267682
328.0 0.03801102575380355
329.0 0.03465352929197252
330.0 0.031296032830141485
331.0 0.028638742514885962
332.0 0.02598145219963044
333.0 0.024836169905029237
334.0 0.023690881789661944
335.0 0.02184840413974598
336.0 0.020005925034638494
337.0 0.02379490906605497
338.0 0.02758388582151383
339.0 0.02364389947615564
340.0 0.019703918951563537
341.0 0.017360763740725815
342.0 0.01501761144027114
343.0 0.014439180085901171
344.0 0.013860751641914248
345.0 0.013300863793119788
346.0 0.012740975944325328
347.0 0.01182392006739974
348.0 0.010906866373261437
349.0 0.013045688683632761
350.0 0.015184511721599847
351.0 0.013100368960294873
352.0 0.011016222561011091
353.0 0.011844762047985569
354.0 0.012673302262555808
355.0 0.010653069330146536
356.0 0.008632837852928787
357.0 0.009553213021717966
358.0 0.010473590373294428
359.0 0.010177085641771555
360.0 0.00988058018265292
361.0 0.008981931023299694
362.0 0.008083284046733752
363.0 0.009028435306390747
364.0 0.009973585838451982
365.0 0.009818043326959014
366.0 0.00966250299825333
367.0 0.008643759065307677
368.0 0.007625015132362023
369.0 0.008081283885985613
370.0 0.008537553367204964
371.0 0.008346675167558715
372.0 0.008155796967912465
373.0 0.00726643847883679
374.0 0.006377082172548398
375.0 0.006504934572149068
376.0 0.006632787699345499
377.0 0.006869319622637704
378.0 0.007105851545929909
379.0 0.006117690645623952
380.0 0.005129530109115876
381.0 0.003588533218135126
382.0 0.0020475368728511967
383.0 0.003795726297539659
384.0 0.005543916267924942
385.0 0.005289495311444625
386.0 0.0050350743549643084
387.0 0.0056956851040013134
388.0 0.006356296944431961
389.0 0.005607540879282169
390.0 0.0048587862693239
391.0 0.0045244491047924384
392.0 0.0041901119402609766
393.0 0.004656962482840754
394.0 0.005123813389218412
395.0 0.00427248451160267
396.0 0.0034211556339869276
397.0 0.0035579858376877382
398.0 0.003694815677590668
399.0 0.003932046456611715
400.0 0.004169277235632762
401.0 0.004494887616601773
402.0 0.004820497997570783
403.0 0.00479810441902373
404.0 0.004775710840476677
405.0 0.003926732460968196
406.0 0.003077754081459716
407.0 0.001955385596374981
408.0 0.0008330179298354778
409.0 0.0022344082026393153
410.0 0.003635798566392623
411.0 0.004172309490968473
412.0 0.004708820051746443
413.0 0.004417727905092761
414.0 0.004126635394641198
415.0 0.003486016794340685
416.0 0.0028453980121412314
417.0 0.00370006964658387
418.0 0.00455474182672333
419.0 0.004181045369477943
420.0 0.003807349276030436
421.0 0.00379570119548589
422.0 0.003784053842537105
423.0 0.0035254455724498257
424.0 0.0032668383937561885
425.0 0.0023960597900440916
426.0 0.001525281277281465
427.0 0.0017944968931260519
428.0 0.0020637127818190493
429.0 0.001421499291609507
430.0 0.0007792861651978455
431.0 0.0007610338343511103
432.0 0.0007427813216054346
433.0 0.0007256118806253653
434.0 0.0007084427579684416
435.0 0.0012248453458596487
436.0 0.0017412477973266505
437.0 0.0018323280528420582
438.0 0.0019234081264585257
439.0 0.0021119200027897023
440.0 0.0023004320610198192
441.0 0.0018374945284449495
442.0 0.0013745573596679606
443.0 0.0022827449356555007
444.0 0.0031909323297441006
445.0 0.003218341589672491
446.0 0.0032457504858030006
447.0 0.0025885976356221363
448.0 0.0019314446035423316
449.0 0.002447095903335139
450.0 0.0029627477488247678
451.0 0.0023015090846456587
452.0 0.0016402698747697286
453.0 0.001656745735090226
454.0 0.0016732215954107232
455.0 0.002345075517951045
456.0 0.003016929440491367
457.0 0.002194953412981704
458.0 0.0013729773854720406
459.0 0.0014779744560655672
460.0 0.0015829715266590938
461.0 0.0008477971277898178
462.0 0.00011262277439527679
463.0 0.0010669260518625379
464.0 0.002021229374804534
465.0 0.0021780691895401105
466.0 0.0023349091861746274
467.0 0.002076770397252403
468.0 0.001818631062633358
469.0 0.0015861802239669487
470.0 0.001353729203401599
471.0 0.0013002245395909995
472.0 0.0012467201486288104
473.0 0.0013087149454804603
474.0 0.0013707097423321102
475.0 0.0011381462172721513
476.0 0.0009055826012627222
477.0 0.0011601458936638664
478.0 0.0014147089132166002
479.0 0.001805694046197459
480.0 0.002196679088228848
481.0 0.0016753101590438746
482.0 0.0011539414117578417
483.0 0.0009062994649866596
484.0 0.0006586574727407424
485.0 0.0011723541319952346
486.0 0.0016860505638760515
487.0 0.0013801899513055105
488.0 0.0010743293387349695
489.0 0.0017176533219753765
490.0 0.002360977123316843
491.0 0.0021777586880489253
492.0 0.001994540070882067
493.0 0.0019695005903486162
494.0 0.0019444614736130461
495.0 0.001682254696788732
496.0 0.0014200478290149476
497.0 0.0012633139704121277
498.0 0.0011065803846577182
499.0 0.0011423224350437522
500.0 0.0011780646673287265
501.0 0.0008393023563257884
502.0 0.0005005399088986451
503.0 0.0012367657291179057
504.0 0.001972991412912961
505.0 0.002090036832669284
506.0 0.002207082070526667
507.0 0.002123821286659222
508.0 0.0020405601389938965
509.0 0.0018257347619510256
510.0 0.0016109097487060353
511.0 0.001326578694715863
512.0 0.0010422475497762207
513.0 0.0013844178283761721
514.0 0.001726588379824534
515.0 0.001287167197006056
516.0 0.0008477462870359886
517.0 0.0008606890332885087
518.0 0.0008736316885915585
519.0 0.0011008523870259523
520.0 0.0013280726307129953
521.0 0.0017092694179154932
522.0 0.0020904662960674614
523.0 0.0013995281733514275
524.0 0.0007085901415848639
525.0 0.0007895717317296658
526.0 0.000870553503773408
527.0 0.0011599796380323824
528.0 0.0014494058632408269
529.0 0.0012448755114746746
530.0 0.0010403447049611714
531.0 0.0011170584002684336
532.0 0.0011937720046262257
533.0 0.0008471896762785036
534.0 0.0005006071660318412
535.0 0.00104104674392147
536.0 0.0015814863218110986
537.0 0.0016696194506948814
538.0 0.0017577523976797238
539.0 0.001280358719668584
540.0 0.0008029647688090336
541.0 0.0008838482244755141
542.0 0.0009647316801419947
543.0 0.0012851417523052078
544.0 0.0016055517335189506
545.0 0.0011092356544395443
546.0 0.0006129197572590783
547.0 0.0012311401405895595
548.0 0.0018493601601221599
549.0 0.001685030474618543
550.0 0.0015207005162665155
551.0 0.0015273784811142832
552.0 0.0015340561731136404
553.0 0.0013957314877188765
554.0 0.0012574062566272914
555.0 0.0010433551324240398
556.0 0.0008293040991702583
557.0 0.0012739587873511482
558.0 0.0017186132026836276
559.0 0.0016636317013762891
560.0 0.0016086496543721296
561.0 0.001462506679672515
562.0 0.0013163636140234303
563.0 0.0010717744771682192
564.0 0.0008271853403130081
565.0 0.00156696423800895
566.0 0.0023067434085533023
567.0 0.002670711728569586
568.0 0.003034679866686929
569.0 0.002908405804191716
570.0 0.002782131741696503
571.0 0.0026054360205307603
572.0 0.0024287397536681965
573.0 0.0019631212126114406
574.0 0.0014975025806052145
575.0 0.0019670018446049653
576.0 0.0024365008357563056
577.0 0.002062370731437113
578.0 0.0016882411728147417
579.0 0.0017729285900713876
580.0 0.0018576160073280334
581.0 0.0016751753719290718
582.0 0.0014927344636816997
583.0 0.0019456627342151478
584.0 0.0023985909137991257
585.0 0.0025639192244852893
586.0 0.002729247535171453
587.0 0.0020822004444198683
588.0 0.0014351528079714626
589.0 0.0020807159671676345
590.0 0.0027262791263638064
591.0 0.0020060486349393614
592.0 0.0012858176887675654
593.0 0.0009826922905631363
594.0 0.0006795668468839722
595.0 0.0010931734323094133
596.0 0.0015067799722601194
597.0 0.0013038374163443223
598.0 0.001100894769479055
599.0 0.0008602817615610547
600.0 0.0006196688900672598
601.0 0.0005499846338352654
602.0 0.0004803002411790658
603.0 0.0009612398571334779
604.0 0.0014421790183405392
605.0 0.0009669633982412051
606.0 0.000491747732667136
607.0 0.0007728035598120186
608.0 0.0010538595233811066
609.0 0.0011483851267257705
610.0 0.0012429105481714942
611.0 0.0009760647117218468
612.0 0.0007092188297974644
613.0 0.0007121939233911689
614.0 0.0007151690169848735
615.0 0.0011064793397963513
616.0 0.0014977897990320344
617.0 0.002015732206928078
618.0 0.002533674705773592
619.0 0.0021887439288548194
620.0 0.0018438129700371064
621.0 0.0015706955309724435
622.0 0.0012975777281099
623.0 0.001532572423457168
624.0 0.0017675671188044362
625.0 0.001601345866220072
626.0 0.0014351249774335884
627.0 0.001843888639996294
628.0 0.0022526526663568802
629.0 0.00209922236535931
630.0 0.00194579206436174
631.0 0.0017588505215826444
632.0 0.001571908978803549
633.0 0.0019039020116906613
634.0 0.0022358954083756544
635.0 0.005236565266386606
636.0 0.008237234578700736
637.0 0.015552625700365752
638.0 0.02286801754962653
639.0 0.01999883388634771
640.0 0.017129647312685847
641.0 0.01471764117013663
642.0 0.01230563793797046
643.0 0.009811307972995564
644.0 0.007316979463212192
645.0 0.006689587462460622
646.0 0.006062195461709052
647.0 0.005644413977279328
648.0 0.005226631765253842
649.0 0.004175874346401542
650.0 0.0031251172913471237
651.0 0.0035534561902750283
652.0 0.003981795453000814
653.0 0.0032298226869897917
654.0 0.0024778499209787697
655.0 0.002669576133484952
656.0 0.0028613027097890154
657.0 0.0028176293199067004
658.0 0.0027739553843275644
659.0 0.002603044231364038
660.0 0.0024321330784005113
661.0 0.0025712843125802465
662.0 0.0027104355467599817
663.0 0.002024954665102996
664.0 0.0013394738743954804
665.0 0.0017355889212922193
666.0 0.0021317042410373688
667.0 0.002362555096624419
668.0 0.0025934061341104098
669.0 0.0018601123883854598
670.0 0.0011268186426605098
671.0 0.0009479916116106324
672.0 0.0007691644896112848
673.0 0.0013289006346894894
674.0 0.0018886368707171641
675.0 0.001954276012838818
676.0 0.0020199147911625914
677.0 0.0019156817870680243
678.0 0.0018114484191755764
679.0 0.0013942376426712144
680.0 0.0009770268661668524
681.0 0.001139086907642195
682.0 0.0013011469491175376
683.0 0.0023606629838468507
684.0 0.003420179200475104
685.0 0.002845818926289212
686.0 0.002271459197800141
687.0 0.0017452230167691596
688.0 0.0012189868357381783
689.0 0.0015168458048719913
690.0 0.0018147044102079235
691.0 0.002127885090885684
692.0 0.002441065589664504
693.0 0.0028115975510445423
694.0 0.0031821295124245808
695.0 0.0032700609153835103
696.0 0.00335799231834244
697.0 0.0036150380765320733
698.0 0.003872083834721707
699.0 0.005669629535987042
700.0 0.007467174873454496
701.0 0.007252563227666542
702.0 0.007037950854282826
703.0 0.006284860137384385
704.0 0.005531768329092301
705.0 0.004977862772648223
706.0 0.004423957580002025
707.0 0.004133593029109761
708.0 0.0038432281144196168
709.0 0.004103174069314264
710.0 0.00436311966041103
711.0 0.003964483039453626
712.0 0.003565846782294102
713.0 0.0026422554583405145
714.0 0.0017186637705890462
715.0 0.0022209382223081775
716.0 0.0027232124921283685
717.0 0.0024621913325972855
718.0 0.002201169809268322
719.0 0.001758236248861067
720.0 0.0013153024156054016
721.0 0.0011995367458439432
722.0 0.0010837709851330146
723.0 0.0009697031600808259
724.0 0.0008556353350286372
725.0 0.0012280323971936014
726.0 0.0016004296412575059
727.0 0.0016504505765624344
728.0 0.0017004711480694823
729.0 0.0016315900211338885
730.0 0.0015627087122993544
731.0 0.0012625931049115025
732.0 0.0009624777703720611
733.0 0.0010269890481140465
734.0 0.0010915002349065617
735.0 0.0011027786968043074
736.0 0.0011140567039547022
737.0 0.0012156440789112821
738.0 0.0013172311810194515
739.0 0.0011521241503942292
740.0 0.0009870169378700666
741.0 0.0011358318261045497
742.0 0.0012846465324400924
743.0 0.0016257044990197755
744.0 0.001966762101801578
745.0 0.0014416243175219279
746.0 0.0009164864422928076
747.0 0.00128839519675239
748.0 0.001660303860262502
749.0 0.002313741970283445
750.0 0.002967180080304388
751.0 0.0029957840524730273
752.0 0.0030243880246416666
753.0 0.0029167997126933187
754.0 0.002809211400744971
755.0 0.0018602800992084667
756.0 0.0009113487976719625
757.0 0.0018637036191648804
758.0 0.002816058440657798
759.0 0.002743166987784207
760.0 0.002670275353011675
761.0 0.004436353628989309
762.0 0.006202431541169062
763.0 0.005677995068253949
764.0 0.005153558595338836
765.0 0.005202449392527342
766.0 0.005251339098322205
767.0 0.004559032458928414
768.0 0.00386672472814098
769.0 0.0035873865272151306
770.0 0.0033080494176829234
771.0 0.003935638233087957
772.0 0.0045632270484929904
773.0 0.0038593952922383323
774.0 0.0031555631721857935
775.0 0.05821546074002981
776.0 1.629248277089379e-10
777.0 1.629248277089379e-10
778.0 0.07320173899643123
779.0 0.08487426675856113
780.0 0.09435936226509511
781.0 0.08847076678648591
782.0 0.10382143082097173
783.0 0.035146987647749484
784.0 0.1211557537317276
785.0 0.07037450559437275
786.0 0.06350849289447069
787.0 1.629248277089379e-10
788.0 0.12511578388512135
789.0 1.629248277089379e-10
790.0 0.06847057375125587
791.0 0.24906564503908157
792.0 0.02780629729386419
793.0 0.04895869642496109
794.0 1.629248277089379e-10
795.0 0.13025699881836772
796.0 0.07591049652546644
797.0 0.08037507068365812
798.0 0.21200813353061676
799.0 0.20680960733443499
800.0 0.17252404941245914
801.0 0.5374189000576735
802.0 0.956458318978548
803.0 1.4211894944310188
804.0 2.517146058380604
805.0 3.9073605090379715
806.0 5.511331930756569
807.0 7.769609242677689
808.0 10.208959877490997
809.0 13.136619329452515
810.0 16.689160466194153
811.0 19.693556427955627
812.0 22.80741035938263
813.0 26.238921284675598
814.0 29.90444302558899
815.0 34.94277894496918
816.0 40.4730886220932
817.0 46.59523367881775
818.0 52.81689763069153
819.0 59.30156707763672
820.0 67.46612191200256
821.0 74.63321685791016
822.0 80.22458553314209
823.0 84.85480546951294
824.0 89.4654631614685
825.0 93.39182376861572
826.0 95.45899033546448
827.0 97.34184741973877
828.0 98.9457905292511
829.0 99.349445104599
830.0 98.93020391464233
831.0 98.82597923278809
832.0 98.56926202774048
833.0 99.54283237457275
834.0 98.11207056045532
835.0 99.28905963897705
836.0 99.23118948936462
837.0 98.85367155075073
838.0 97.94829487800598
839.0 98.22455048561096
840.0 98.81228804588318
841.0 99.67586398124695
842.0 99.23961162567139
843.0 99.43437576293945
844.0 98.08895587921143
845.0 98.27516078948975
846.0 98.9605724811554
847.0 98.86749386787415
848.0 99.90666508674622
849.0 98.5588788986206
850.0 98.47139120101929
851.0 99.16284084320068
852.0 99.40189123153687
853.0 98.62445592880249
854.0 99.46430921554565
855.0 98.91258478164673
856.0 98.88640642166138
857.0 97.74384498596191
858.0 98.83186221122742
859.0 99.15682673454285
860.0 98.81928563117981
861.0 98.86002540588379
862.0 98.99502396583557
863.0 98.26911091804504
864.0 99.28938150405884
865.0 99.6968150138855
866.0 98.71079921722412
867.0 99.31405186653137
868.0 99.51748847961426
869.0 98.82286190986633
870.0 98.3077883720398
871.0 98.9644467830658
872.0 99.12202954292297
873.0 99.16553497314453
874.0 99.45772886276245
875.0 99.08761382102966
876.0 98.92441034317017
877.0 99.71339702606201
878.0 98.95328879356384
879.0 98.55259656906128
880.0 98.29091429710388
881.0 99.8961865901947
882.0 98.72318506240845
883.0 98.86023998260498
884.0 99.11836385726929
885.0 99.05515909194946
886.0 98.70960712432861
887.0 98.30324649810791
888.0 99.05791878700256
889.0 99.65264201164246
890.0 98.32561612129211
891.0 99.47192072868347
892.0 98.67419004440308
893.0 98.54264259338379
894.0 98.18639159202576
895.0 99.55620765686035
896.0 98.83559346199036
