lsstCam/transmission_filter_detector/r14_s20/u_24/19700101T000000.ecsv
# %ECSV 1.0
# ---
# datatype:
# - {name: wavelength, unit: nm, datatype: float32}
# - {name: efficiency, unit: '%', datatype: float64}
# meta: !!omap
# - {MODE: DETECTOR}
# - {TYPE: transmission_filter_detector}
# - {CALIBDATE: '1970-01-01T00:00:00'}
# - {INSTRUME: LSSTCam}
# - {OBSTYPE: transmission_filter_detector}
# - {CALIBCLS: lsst.ip.isr.IntermediateFilterDetectorTransmissionCurve}
# - {SOURCE: Materion (DM-46256)}
# - {DETECTOR: 69}
# - {FILTER: u_24}
# - {CALIB_ID: 'calibDate=1970-01-01T00:00:00 filter=u_24 detector=69'}
# - {DATE: '2025-04-02T15:59:40.068729'}
# - {CALIB_CREATION_DATE: '2025-04-02'}
# - {CALIB_CREATION_TIME: '15:59:40'}
# - __serialized_columns__:
#     efficiency:
#       __class__: astropy.units.quantity.Quantity
#       unit: !astropy.units.Unit {unit: '%'}
#       value: !astropy.table.SerializedColumn {name: efficiency}
#     wavelength:
#       __class__: astropy.units.quantity.Quantity
#       unit: !astropy.units.Unit {unit: nm}
#       value: !astropy.table.SerializedColumn {name: wavelength}
# schema: astropy-2.0
wavelength efficiency
295.0 1.6175210042906896e-10
296.0 1.6175210042906896e-10
297.0 1.6175210042906896e-10
298.0 1.6175210042906896e-10
299.0 1.6175210042906896e-10
300.0 1.6175210042906896e-10
301.0 1.6175210042906896e-10
302.0 1.6175210042906896e-10
303.0 1.6175210042906896e-10
304.0 0.2973786322399974
305.0 0.7463926915079355
306.0 1.8204279243946075
307.0 3.730388730764389
308.0 5.865321308374405
309.0 9.041960537433624
310.0 12.606450915336609
311.0 16.443727910518646
312.0 20.304548740386963
313.0 23.33756536245346
314.0 26.352712512016296
315.0 28.761333227157593
316.0 30.711567401885986
317.0 33.52474868297577
318.0 36.425548791885376
319.0 40.394917130470276
320.0 46.12495303153992
321.0 51.57913565635681
322.0 57.569605112075806
323.0 62.932705879211426
324.0 67.31393337249756
325.0 70.29982805252075
326.0 72.62147068977356
327.0 74.51549768447876
328.0 76.24618411064148
329.0 77.54127979278564
330.0 78.74114513397217
331.0 79.4482946395874
332.0 79.738450050354
333.0 79.80828881263733
334.0 79.78894114494324
335.0 79.94987368583679
336.0 80.18655180931091
337.0 80.76995015144348
338.0 81.56571984291077
339.0 82.18417763710022
340.0 82.61725902557373
341.0 83.11431407928467
342.0 83.33621621131897
343.0 83.35292339324951
344.0 83.50710868835449
345.0 83.92890691757202
346.0 84.31729674339294
347.0 84.66488122940063
348.0 84.85005497932434
349.0 85.07789373397827
350.0 85.14712452888489
351.0 85.35144329071045
352.0 85.21825075149536
353.0 85.14588475227356
354.0 85.09225845336914
355.0 85.35873889923096
356.0 85.47431826591492
357.0 85.45243740081787
358.0 85.09718775749207
359.0 84.86196994781494
360.0 84.71689820289612
361.0 84.4673752784729
362.0 84.2530608177185
363.0 84.39904451370239
364.0 84.46313738822937
365.0 84.80415344238281
366.0 85.03116369247437
367.0 85.14301180839539
368.0 85.17430424690247
369.0 85.25102734565735
370.0 85.06793975830078
371.0 84.93004441261292
372.0 84.93503332138062
373.0 85.08824706077576
374.0 85.14339923858643
375.0 85.38496494293213
376.0 85.53985357284546
377.0 85.63619256019592
378.0 85.69668531417847
379.0 85.33061742782593
380.0 84.56950187683105
381.0 83.22376608848572
382.0 81.4416766166687
383.0 79.4373869895935
384.0 77.35819816589355
385.0 74.9319851398468
386.0 72.40199446678162
387.0 69.01791095733643
388.0 65.64743518829346
389.0 61.52574419975281
390.0 57.413941621780396
391.0 53.12187671661377
392.0 48.67275655269623
393.0 44.97624635696411
394.0 41.6431725025177
395.0 37.95125484466553
396.0 34.071677923202515
397.0 28.879374265670776
398.0 22.827449440956116
399.0 15.99244624376297
400.0 9.925451874732971
401.0 5.298766493797302
402.0 2.2067783400416374
403.0 0.6595791317522526
404.0 0.2433942398056388
405.0 0.10783971520140767
406.0 0.02403636317467317
407.0 0.024940542061813176
408.0 1.6175210042906896e-10
409.0 1.6175210042906896e-10
410.0 1.6175210042906896e-10
411.0 1.6175210042906896e-10
412.0 1.6175210042906896e-10
413.0 1.6175210042906896e-10
414.0 1.6175210042906896e-10
415.0 1.6175210042906896e-10
416.0 1.6175210042906896e-10
417.0 1.6175210042906896e-10
418.0 1.6175210042906896e-10
419.0 1.6175210042906896e-10
420.0 1.6175210042906896e-10
421.0 1.6175210042906896e-10
422.0 1.6175210042906896e-10
423.0 1.6175210042906896e-10
424.0 1.6175210042906896e-10
425.0 1.6175210042906896e-10
426.0 1.6175210042906896e-10
427.0 1.6175210042906896e-10
428.0 0.0028093585569877177
429.0 0.002378364297328517
430.0 0.0019473698557703756
431.0 0.00041155876715492923
432.0 1.6175210042906896e-10
433.0 1.6175210042906896e-10
434.0 0.0009141390364675317
435.0 0.000659162060401286
436.0 0.0004041858574055368
437.0 1.6175210042906896e-10
438.0 1.6175210042906896e-10
439.0 0.00014063203934711055
440.0 0.0022654756321571767
441.0 1.6175210042906896e-10
442.0 1.6175210042906896e-10
443.0 1.6175210042906896e-10
444.0 0.0001733343083287764
445.0 0.000482757059216965
446.0 0.0007921805263322312
447.0 1.6175210042906896e-10
448.0 1.6175210042906896e-10
449.0 0.000560258604309638
450.0 0.002133670750481542
451.0 1.6175210042906896e-10
452.0 1.6175210042906896e-10
453.0 1.6175210042906896e-10
454.0 1.6175210042906896e-10
455.0 1.6175210042906896e-10
456.0 1.6175210042906896e-10
457.0 1.6175210042906896e-10
458.0 1.6175210042906896e-10
459.0 1.6175210042906896e-10
460.0 1.6175210042906896e-10
461.0 1.6175210042906896e-10
462.0 0.000290485286313924
463.0 1.6175210042906896e-10
464.0 1.6175210042906896e-10
465.0 1.6175210042906896e-10
466.0 1.6175210042906896e-10
467.0 1.6175210042906896e-10
468.0 1.6175210042906896e-10
469.0 1.6175210042906896e-10
470.0 1.6175210042906896e-10
471.0 1.6175210042906896e-10
472.0 1.6175210042906896e-10
473.0 1.6175210042906896e-10
474.0 1.6175210042906896e-10
475.0 1.6175210042906896e-10
476.0 0.0007478833595087053
477.0 0.000619602815277176
478.0 0.0004913224074698519
479.0 0.00033595049444556935
480.0 0.00018057882016364601
481.0 0.00040946838453237433
482.0 0.0006383579147950513
483.0 0.00020253808088455116
484.0 1.6175210042906896e-10
485.0 1.6175210042906896e-10
486.0 1.6175210042906896e-10
487.0 1.6175210042906896e-10
488.0 1.6175210042906896e-10
489.0 1.6175210042906896e-10
490.0 1.6175210042906896e-10
491.0 1.6175210042906896e-10
492.0 1.6175210042906896e-10
493.0 1.6175210042906896e-10
494.0 1.6175210042906896e-10
495.0 7.280667091436044e-05
496.0 0.000976267438090872
497.0 0.0005060639978182735
498.0 3.5860304592461034e-05
499.0 5.198335202294402e-05
500.0 6.810656714151264e-05
501.0 1.6175210042906896e-10
502.0 1.6175210042906896e-10
503.0 1.6175210042906896e-10
504.0 1.6175210042906896e-10
505.0 1.6175210042906896e-10
506.0 0.0005347094429453136
507.0 1.6175210042906896e-10
508.0 1.6175210042906896e-10
509.0 1.6175210042906896e-10
510.0 1.6175210042906896e-10
511.0 0.00029286518383742077
512.0 0.0006560938345501199
513.0 0.0005968823643343057
514.0 0.0005376706667448161
515.0 0.00042114952520933
516.0 0.00030462845188594656
517.0 1.6175210042906896e-10
518.0 1.6175210042906896e-10
519.0 1.6175210042906896e-10
520.0 0.0004101401373191038
521.0 0.0005346592843125109
522.0 0.0006591784313059179
523.0 0.00032805050977913197
524.0 1.6175210042906896e-10
525.0 1.6175210042906896e-10
526.0 1.6175210042906896e-10
527.0 1.6175210042906896e-10
528.0 1.6175210042906896e-10
529.0 1.6175210042906896e-10
530.0 1.6175210042906896e-10
531.0 1.6175210042906896e-10
532.0 0.00041229518501495477
533.0 1.6175210042906896e-10
534.0 1.6175210042906896e-10
535.0 1.6175210042906896e-10
536.0 1.6175210042906896e-10
537.0 1.6175210042906896e-10
538.0 1.6175210042906896e-10
539.0 1.6175210042906896e-10
540.0 9.322695291302807e-05
541.0 1.6175210042906896e-10
542.0 1.6175210042906896e-10
543.0 1.6175210042906896e-10
544.0 1.6175210042906896e-10
545.0 1.6175210042906896e-10
546.0 1.6175210042906896e-10
547.0 6.683823698949709e-05
548.0 0.0002708426791286911
549.0 1.6175210042906896e-10
550.0 1.6175210042906896e-10
551.0 1.6175210042906896e-10
552.0 1.6175210042906896e-10
553.0 1.6175210042906896e-10
554.0 1.6175210042906896e-10
555.0 1.6175210042906896e-10
556.0 1.6175210042906896e-10
557.0 1.6175210042906896e-10
558.0 1.6175210042906896e-10
559.0 1.6175210042906896e-10
560.0 0.00017956815554498462
561.0 1.6175210042906896e-10
562.0 1.6175210042906896e-10
563.0 1.6175210042906896e-10
564.0 1.6175210042906896e-10
565.0 1.6175210042906896e-10
566.0 1.6175210042906896e-10
567.0 1.6175210042906896e-10
568.0 1.6175210042906896e-10
569.0 0.0002087072743961471
570.0 0.0005343983957573073
571.0 0.0005376969511416974
572.0 0.0005409956884250278
573.0 0.0005319018328009406
574.0 0.0005228083864494693
575.0 0.00023952522951731225
576.0 1.6175210042906896e-10
577.0 0.00012461772485039546
578.0 0.0002929931952166953
579.0 0.0005565736046264647
580.0 0.0008201540367736015
581.0 0.00103601441878709
582.0 0.0012518751645984594
583.0 0.0014272584849095438
584.0 0.0016026418961700983
585.0 0.0013671519809577148
586.0 0.0011316617019474506
587.0 0.0010207275408902206
588.0 0.0009097933798329905
589.0 0.0009516201316728257
590.0 0.0009934465197147802
591.0 0.00098518212325871
592.0 0.0009769176358531695
593.0 0.0007333041139645502
594.0 0.0004896903192275204
595.0 0.0005471993517858209
596.0 0.0006047081114957109
597.0 0.0008890835488273297
598.0 0.001173458804260008
599.0 0.001814351708162576
600.0 0.002455244612065144
601.0 0.002627031790325418
602.0 0.002798818786686752
603.0 0.0023534727006335743
604.0 0.001908126796479337
605.0 0.00144956648000516
606.0 0.0009910060725815129
607.0 0.0009293616130889859
608.0 0.000867717153596459
609.0 0.0006069747087167343
610.0 0.0003462323320491123
611.0 0.0004890468062512809
612.0 0.000631861257716082
613.0 0.0007712566002737731
614.0 0.0009106518518819939
615.0 0.0009470203622186091
616.0 0.0009833891454036348
617.0 0.0007287661901500542
618.0 0.00047414341679541394
619.0 0.0002928595677076373
620.0 0.00011157578683196334
621.0 0.00033957180676225107
622.0 0.0005675677130057011
623.0 0.0005166566552361473
624.0 0.0004657455519918585
625.0 0.000698645908414619
626.0 0.0009315463103121147
627.0 0.0008475380127492826
628.0 0.0007635298061359208
629.0 0.0010438003300805576
630.0 0.001324070672126254
631.0 0.0017104606740758754
632.0 0.0020968500393792056
633.0 0.0021905645553488284
634.0 0.0022842787075205706
635.0 0.00242763853748329
636.0 0.002570998367446009
637.0 0.0022942820578464307
638.0 0.0020175652025500312
639.0 0.0013532995581044815
640.0 0.0006890335498610511
641.0 0.00085311285147327
642.0 0.001017192244034959
643.0 0.0007742565685475711
644.0 0.0005313208930601832
645.0 0.0005701633199350908
646.0 0.0006090056103857933
647.0 0.00031199256227409933
648.0 1.4979652007696131e-05
649.0 1.6175210042906896e-10
650.0 1.6175210042906896e-10
651.0 0.0003397176669750479
652.0 0.0007379340786428656
653.0 0.0012069222975696903
654.0 0.001675910061749164
655.0 0.0016366013369406573
656.0 0.0015972924302332103
657.0 0.002625584056659136
658.0 0.0036538760468829423
659.0 0.004059715502080508
660.0 0.004465554593480192
661.0 0.004498681300901808
662.0 0.0045318080083234236
663.0 0.003185651803505607
664.0 0.00183949541678885
665.0 0.0016308147678500973
666.0 0.0014221335732145235
667.0 0.0014329847545013763
668.0 0.001443835935788229
669.0 0.0009202428373100702
670.0 0.0003966498297813814
671.0 0.000508960101797129
672.0 0.0006212702828634065
673.0 0.00045983447307662573
674.0 0.000298398663289845
675.0 0.0006699388450215338
676.0 0.0010414791177026927
677.0 0.0016845415302668698
678.0 0.0023276043066289276
679.0 0.0025196370188496076
680.0 0.0027116697310702875
681.0 0.00353061368514318
682.0 0.004349557275418192
683.0 0.006252372986637056
684.0 0.008155189425451681
685.0 0.008789278217591345
686.0 0.009423370647709817
687.0 0.008440711826551706
688.0 0.0074580530053935945
689.0 0.0057005447160918266
690.0 0.003943036426790059
691.0 0.003545683284755796
692.0 0.003148329778923653
693.0 0.002946629138023127
694.0 0.0027449283152236603
695.0 0.002427509389235638
696.0 0.0021100908270454966
697.0 0.0014806512808718253
698.0 0.000851211734698154
699.0 0.0006277259217313258
700.0 0.00040424015423923265
701.0 0.00046899294829927385
702.0 0.0005337459242582554
703.0 0.0006136073807283537
704.0 0.0006934690645721275
705.0 0.0007837929842935409
706.0 0.0008741171768633649
707.0 0.0008867515134625137
708.0 0.0008993854862637818
709.0 0.0007644529432582203
710.0 0.0006295202638284536
711.0 0.0007678385372855701
712.0 0.0009061569471668918
713.0 0.000928838926483877
714.0 0.0009515209967503324
715.0 0.0007446650670317467
716.0 0.000537809091838426
717.0 0.00048282900024787523
718.0 0.0004278488177078543
719.0 0.00040431227716908325
720.0 0.0003807757593676797
721.0 0.00033066330615838524
722.0 0.0002805508074743557
723.0 0.000344077352565364
724.0 0.00040760382944426965
725.0 0.0002236633463326143
726.0 3.972271542806993e-05
727.0 0.000303966930914612
728.0 0.0005682112259819405
729.0 0.00048416795834782533
730.0 0.00040012459976424
731.0 0.0002514935204089852
732.0 0.00010286240694767912
733.0 6.751899945811601e-05
734.0 3.217559196855291e-05
735.0 0.0002818944039972848
736.0 0.0005316132501320681
737.0 0.0006375607881636824
738.0 0.000743508417144767
739.0 0.0004938019628752954
740.0 0.00024409546313108876
741.0 0.0006818694146204507
742.0 0.001119643548008753
743.0 0.0019010154574061744
744.0 0.0026823872758541256
745.0 0.0033640120818745345
746.0 0.004045636160299182
747.0 0.004475087553146295
748.0 0.0049045389459934086
749.0 0.0043834486859850585
750.0 0.00386235915357247
751.0 0.0032173629733733833
752.0 0.0025723671569721773
753.0 0.0020707060684799217
754.0 0.001569044979987666
755.0 0.001955212610482704
756.0 0.002341380786674563
757.0 0.0019574961697799154
758.0 0.0015736111890873872
759.0 0.0013578581274487078
760.0 0.0011421051567594986
761.0 0.0013379873053054325
762.0 0.0015338695448008366
763.0 0.0012030945981678087
764.0 0.0008723194696358405
765.0 0.0007897902833065018
766.0 0.0007072610060276929
767.0 0.0005100580438011093
768.0 0.00031285496788768796
769.0 0.00045410188249661587
770.0 0.000595348637943971
771.0 0.000568356153962668
772.0 0.0005413633061834844
773.0 0.00036876176636724267
774.0 0.00019615997643995797
775.0 0.000263820834334183
776.0 0.0003314816012789379
777.0 0.0003587725814213627
778.0 0.0003860633569274796
779.0 0.0008642054126539733
780.0 0.0013423475138552021
781.0 0.0012083347428415436
782.0 0.0010743221537268255
783.0 0.0009761129149410408
784.0 0.0008779036761552561
785.0 0.0011887772416230291
786.0 0.0014996505342423916
787.0 0.0011991583050985355
788.0 0.000898665894055739
789.0 0.0009675731234892737
790.0 0.001036480171023868
791.0 0.0008191698725568131
792.0 0.000601859528615023
793.0 0.00010297576409357134
794.0 1.6175210042906896e-10
795.0 1.6175210042906896e-10
796.0 1.6175210042906896e-10
797.0 0.00022454596546594985
798.0 0.00048255733418045565
799.0 0.0002098817049045465
800.0 1.6175210042906896e-10
801.0 1.6175210042906896e-10
802.0 1.6175210042906896e-10
803.0 1.6175210042906896e-10
804.0 1.6175210042906896e-10
805.0 2.1634873803577648e-05
806.0 5.334488264452375e-05
807.0 1.6175210042906896e-10
808.0 1.6175210042906896e-10
809.0 0.0001695847117844096
810.0 0.0004525192707660608
811.0 0.00012963942026544828
812.0 1.6175210042906896e-10
813.0 0.0002758127493507345
814.0 0.0007448660653608385
815.0 0.0006727914751536446
816.0 0.0006007170668453909
817.0 0.0004109801921003964
818.0 0.00022124334009276936
819.0 1.1115766085367795e-05
820.0 1.6175210042906896e-10
821.0 1.6175210042906896e-10
822.0 1.6175210042906896e-10
823.0 1.6175210042906896e-10
824.0 4.317973036904732e-05
825.0 1.6175210042906896e-10
826.0 1.6175210042906896e-10
827.0 0.00011140543847432127
828.0 0.0007062958047754364
829.0 0.0005380354195949621
830.0 0.00036977542094973614
831.0 3.8574333416363515e-05
832.0 1.6175210042906896e-10
833.0 1.6175210042906896e-10
834.0 1.6175210042906896e-10
835.0 1.6175210042906896e-10
836.0 0.00023605732621945208
837.0 1.6175210042906896e-10
838.0 1.6175210042906896e-10
839.0 1.6175210042906896e-10
840.0 1.6175210042906896e-10
841.0 1.6175210042906896e-10
842.0 4.9143159230879974e-05
843.0 5.2675653705591685e-05
844.0 5.620808565254265e-05
845.0 0.0001593647198205872
846.0 0.0002625212573548197
847.0 0.0002921081659224001
848.0 0.00032169496080314275
849.0 0.0004062246716785012
850.0 0.0004907542006549193
851.0 0.0002622281954245409
852.0 3.3702249879752344e-05
853.0 0.0002939390014944365
854.0 0.0005541756308957702
855.0 0.00036190174341754755
856.0 0.0001696278786766925
857.0 0.0005033989509684034
858.0 0.0008371700459974818
859.0 0.0009735010280564893
860.0 0.001109831646317616
861.0 0.0010778920113807544
862.0 0.0010459521945449524
863.0 0.00135800291900523
864.0 0.0016700536434655078
865.0 0.00198616453417344
866.0 0.002302275061083492
867.0 0.002149595457012765
868.0 0.001996916216739919
869.0 0.0019371640519239008
870.0 0.0018774118871078826
871.0 0.001770081689755898
872.0 0.0016627511286060326
873.0 0.0018125705537386239
874.0 0.0019623897969722748
875.0 0.0020884266632492654
