lsstCam/transmission_filter_detector/r14_s20/u_24/19700101T000000.ecsv
# %ECSV 1.0
# ---
# datatype:
# - {name: wavelength, unit: nm, datatype: float32}
# - {name: efficiency, unit: '%', datatype: float64}
# meta: !!omap
# - {MODE: DETECTOR}
# - {TYPE: transmission_filter_detector}
# - {CALIBDATE: '1970-01-01T00:00:00'}
# - {INSTRUME: LSSTCam}
# - {OBSTYPE: transmission_filter_detector}
# - {CALIBCLS: lsst.ip.isr.IntermediateFilterDetectorTransmissionCurve}
# - {SOURCE: Materion (DM-46256)}
# - {DETECTOR: 69}
# - {FILTER: u_24}
# - {CALIB_ID: 'calibDate=1970-01-01T00:00:00 filter=u_24 detector=69'}
# - {DATE: '2025-04-02T15:59:40.068729'}
# - {CALIB_CREATION_DATE: '2025-04-02'}
# - {CALIB_CREATION_TIME: '15:59:40'}
# - __serialized_columns__:
#     efficiency:
#       __class__: astropy.units.quantity.Quantity
#       unit: !astropy.units.Unit {unit: '%'}
#       value: !astropy.table.SerializedColumn {name: efficiency}
#     wavelength:
#       __class__: astropy.units.quantity.Quantity
#       unit: !astropy.units.Unit {unit: nm}
#       value: !astropy.table.SerializedColumn {name: wavelength}
# schema: astropy-2.0
wavelength efficiency
[from data line 582]
877.0 0.0023159056581789628
878.0 0.00241734796873061
879.0 0.0026584475563140586
880.0 0.0028995478714932688
881.0 0.0031491446861764416
882.0 0.0033987420465564355
883.0 0.003131537596345879
884.0 0.002864333873731084
885.0 0.00278661882475717
886.0 0.002708903957682196
887.0 0.0024508100977982394
888.0 0.0021927169655100442
889.0 0.002205400596722029
890.0 0.002218084227934014
891.0 0.0025186203856719658
892.0 0.002819156361510977
893.0 0.002602715903776698
894.0 0.0023862749003455974
895.0 0.0028346930776024237
896.0 0.003283110709162429
897.0 0.0038318405131576583
898.0 0.004380570680950768
899.0 0.004382497354527004
900.0 0.004384423664305359
901.0 0.004301285298424773
902.0 0.004218147660139948
903.0 0.004594409983837977
904.0 0.004970671943738125
905.0 0.004954917676514015
906.0 0.004939163409289904
907.0 0.005429900920717046
908.0 0.005920638795942068
909.0 0.005977803812129423
910.0 0.006034969192114659
911.0 0.006154528091428801
912.0 0.006274088082136586
913.0 0.006087538713472895
914.0 0.005900989708607085
915.0 0.005288605825626291
916.0 0.004676221578847617
917.0 0.004136656207265332
918.0 0.0035970908356830478
919.0 0.004033381264889613
920.0 0.004469671694096178
921.0 0.004562694812193513
922.0 0.004655717930290848
923.0 0.00563229805266019
924.0 0.006608876719838008
925.0 0.0067864581069443375
926.0 0.006964039494050667
927.0 0.007458031905116513
928.0 0.007952022133395076
929.0 0.007795174315106124
930.0 0.007638327224412933
931.0 0.007113040919648483
932.0 0.006587753887288272
933.0 0.0066444270487409085
934.0 0.006701100210193545
935.0 0.0067981440224684775
936.0 0.006895188562339172
937.0 0.007099121285136789
938.0 0.007303056918317452
939.0 0.007319598807953298
940.0 0.007336139969993383
941.0 0.006421474245144054
942.0 0.0055068077926989645
943.0 0.0045897297241026536
944.0 0.003672652383102104
945.0 0.002840422894223593
946.0 0.0020081935872440226
947.0 0.0017109859982156195
948.0 0.0014137786820356268
949.0 0.0013728910744248424
950.0 0.001332003466814058
951.0 0.001488583529862808
952.0 0.001645163501962088
953.0 0.0016104506357805803
954.0 0.001575737951498013
955.0 0.0021186704543652013
956.0 0.0026616029572323896
957.0 0.002739082628977485
958.0 0.0028165619369246997
959.0 0.003165917587466538
960.0 0.003515273056109436
961.0 0.0038529040466528386
962.0 0.00419053430960048
963.0 0.00442055934399832
964.0 0.004650584378396161
965.0 0.004586703289533034
966.0 0.004522822564467788
967.0 0.004632211130228825
968.0 0.0047416004235856235
969.0 0.004600365718943067
970.0 0.00445913101430051
971.0 0.00470561244583223
972.0 0.004952093513566069
973.0 0.004897712642559782
974.0 0.004843331043957733
975.0 0.004514402098720893
976.0 0.004185472789686173
977.0 0.003814533556578681
978.0 0.003443593959673308
979.0 0.0033344869734719396
980.0 0.0032253799872705713
981.0 0.0031213261536322534
982.0 0.003017272501892876
983.0 0.0030691920983372256
984.0 0.003121111512882635
985.0 0.00344115833286196
986.0 0.0037612058804370463
987.0 0.004140789314988069
988.0 0.004520372749539092
989.0 0.005507180685526691
990.0 0.006493987893918529
991.0 0.006595870945602655
992.0 0.006697753997286782
993.0 0.007225586159620434
994.0 0.007753419049549848
995.0 0.0072413982707075775
996.0 0.006729375309078023
997.0 0.006696590571664274
998.0 0.00666380874463357
999.0 0.00658748613204807
1000.0 0.006511165702249855
1001.0 0.005885923746973276
1002.0 0.0052606817916966975
1003.0 0.004888685725745745
1004.0 0.004516689295996912
1005.0 0.004722754238173366
1006.0 0.004928818088956177
1007.0 0.004888468902208842
1008.0 0.004848117532674223
1009.0 0.004250141864758916
1010.0 0.00365216656064149
1011.0 0.0036505058233160526
1012.0 0.003648845449788496
1013.0 0.0032128209568327293
1014.0 0.0027767968276748434
1015.0 0.0024079708964563906
1016.0 0.0020391451471368782
1017.0 0.001685907227511052
1018.0 0.0013326689440873452
1019.0 0.0012130481991334818
1020.0 0.001093427181331208
1021.0 0.0010123984793608543
1022.0 0.0009313697773905005
1023.0 0.0010029987606685609
1024.0 0.0010746278348960914
1025.0 0.001267350853595417
1026.0 0.001460074054193683
1027.0 0.0012982685802853666
1028.0 0.00113646301542758
1029.0 0.0011216338862141129
1030.0 0.0011068051207985263
1031.0 0.0019183602489647456
1032.0 0.0027299156499793753
1033.0 0.00247692660195753
1034.0 0.002223937372036744
1035.0 0.00262387784459861
1036.0 0.0030238181352615356
1037.0 0.0029395383535302244
1038.0 0.0028552587536978535
1039.0 0.002658685298229102
1040.0 0.0024621122065582313
1041.0 0.0019390174202271737
1042.0 0.0014159229067445267
1043.0 0.0015652371075702831
1044.0 0.0017145512174465694
1045.0 0.0013676100934389979
1046.0 0.0010206689694314264
1047.0 0.0015292811440303922
1048.0 0.0020378936824272387
1049.0 0.001685528150119353
1050.0 0.0013331621630641166
1051.0 0.0013834291166858748
1052.0 0.0014336958884086926
1053.0 0.0011199615073564928
1054.0 0.0008062267625064123
1055.0 0.0003182490218023304
1056.0 1.6175210042906896e-10
1057.0 0.0005275173407426337
1058.0 0.0012247632184880786
1059.0 0.0006164993919810513
1060.0 8.235647186438655e-06
1061.0 0.0013647881132783368
1062.0 0.0027213402063352987
1063.0 0.0026159827029914595
1064.0 0.00251062501774868
1065.0 0.001455372512282338
1066.0 0.0004001200522907311
1067.0 0.0007285391347977566
1068.0 0.0010569573532848153
1069.0 0.00217141023313161
1070.0 0.003285862840129994
1071.0 0.0018341919712838717
1072.0 0.00038252137528616004
1073.0 0.0006762612883903785
1074.0 0.0009700012924440671
1075.0 0.0026394549422548153
1076.0 0.004308908319217153
1077.0 0.004868845280725509
1078.0 0.005428782242233865
1079.0 0.00594308839936275
1080.0 0.006457391282310709
1081.0 0.004757657370646484
1082.0 0.0030579230951843783
1083.0 0.002696802584978286
1084.0 0.0023356818928732537
1085.0 0.0030273104130174033
1086.0 0.0037189387512626126
1087.0 0.004022926441393793
1088.0 0.004326913767727092
1089.0 0.005652013351209462
1090.0 0.0069771129346918315
1091.0 0.004951488153892569
1092.0 0.002925863918790128
1093.0 0.0022386358978110366
1094.0 0.001551407876831945
1095.0 0.0014912034203007352
1096.0 0.0014309994185168762
1097.0 0.002175187000830192
1098.0 0.0029193754016887397
1099.0 0.0031652954930905253
1100.0 0.0034112159482901916
