lsstCam/transmission_filter_detector/r41_s21/r_57/19700101T000000.ecsv
# %ECSV 1.0
# ---
# datatype:
# - {name: wavelength, unit: nm, datatype: float32}
# - {name: efficiency, unit: '%', datatype: float64}
# meta: !!omap
# - {MODE: DETECTOR}
# - {TYPE: transmission_filter_detector}
# - {CALIBDATE: '1970-01-01T00:00:00'}
# - {INSTRUME: LSSTCam}
# - {OBSTYPE: transmission_filter_detector}
# - {CALIBCLS: lsst.ip.isr.IntermediateFilterDetectorTransmissionCurve}
# - {SOURCE: Materion (DM-46256)}
# - {DETECTOR: 169}
# - {FILTER: r_57}
# - {CALIB_ID: 'calibDate=1970-01-01T00:00:00 filter=r_57 detector=169'}
# - {DATE: '2025-04-02T15:59:44.966593'}
# - {CALIB_CREATION_DATE: '2025-04-02'}
# - {CALIB_CREATION_TIME: '15:59:44'}
# - __serialized_columns__:
#     efficiency:
#       __class__: astropy.units.quantity.Quantity
#       unit: !astropy.units.Unit {unit: '%'}
#       value: !astropy.table.SerializedColumn {name: efficiency}
#     wavelength:
#       __class__: astropy.units.quantity.Quantity
#       unit: !astropy.units.Unit {unit: nm}
#       value: !astropy.table.SerializedColumn {name: wavelength}
# schema: astropy-2.0
wavelength efficiency
300.0 0.00359915939043276
301.0 0.008266580698546022
302.0 0.012934001279063523
303.0 0.016608064470347017
304.0 0.02028212766163051
305.0 0.018435258243698627
306.0 0.016588390280958265
307.0 0.014074082719162107
308.0 0.011559773702174425
309.0 0.010475630551809445
310.0 0.009391488129040226
311.0 0.008500140393152833
312.0 0.007608793384861201
313.0 0.007529819413321093
314.0 0.007450845441780984
315.0 0.006772502820240334
316.0 0.0060941594711039215
317.0 0.005580990182352252
318.0 0.005067820893600583
319.0 0.004847340460401028
320.0 0.0046268614823929965
321.0 0.004483578959479928
322.0 0.004340297891758382
323.0 0.004117649223189801
324.0 0.0038950020098127425
325.0 0.003752470001927577
326.0 0.0036099405406275764
327.0 0.0035182718420401216
328.0 0.0034266049624420702
329.0 0.0034397955460008234
330.0 0.0034529872209532186
331.0 0.003217461926396936
332.0 0.002981936813739594
333.0 0.0027263169613434
334.0 0.0024706967451493256
335.0 0.0022526270186062902
336.0 0.0020345574739621952
337.0 0.0018861497665056959
338.0 0.0017377420590491965
339.0 0.00166080553754
340.0 0.001583868834131863
341.0 0.0015431878637173213
342.0 0.0015025069842522498
343.0 0.0014806689250690397
344.0 0.0014588308658858296
345.0 0.001378557317366358
346.0 0.001298283677897416
347.0 0.0012265559234947432
348.0 0.0011548281690920703
349.0 0.001105216233554529
350.0 0.0069720204919576645
351.0 0.006160663906484842
352.0 0.005349309503799304
353.0 0.005038916788180359
354.0 0.004728524436359294
355.0 0.004973417162545957
356.0 0.0052183102525305
357.0 0.00527710399182979
358.0 0.005335898094926961
359.0 0.004233673462294973
360.0 0.0031314484658651054
361.0 0.0038250887882895768
362.0 0.0045187298383098096
363.0 0.00350608752341941
364.0 0.0024934452085290104
365.0 0.002551408761064522
366.0 0.0026093723136000335
367.0 0.00395745228161104
368.0 0.005305531885824166
369.0 0.004654921212932095
370.0 0.004004312359029427
371.0 0.003388555342098698
372.0 0.0027727985070669092
373.0 0.0032243391615338624
374.0 0.003675879634101875
375.0 0.002832833524735179
376.0 0.0019897874153684825
377.0 0.0020107334421481937
378.0 0.0020316796508268453
379.0 0.002408853470114991
380.0 0.0027860271075041965
381.0 0.003983919305028394
382.0 0.005181811866350472
383.0 0.005379747744882479
384.0 0.005577684714808129
385.0 0.0058191038988297805
386.0 0.0060605227190535516
387.0 0.004769847146235406
388.0 0.0034791712096193805
389.0 0.002646270877448842
390.0 0.001813370363379363
391.0 0.0015585299479425885
392.0 0.0013036893506068736
393.0 0.0010132739589607809
394.0 0.0007228586127894232
395.0 0.0013961684999230783
396.0 0.002069478614430409
397.0 0.002000063796003815
398.0 0.0019306487956782803
399.0 0.0012885854630440008
400.0 0.0006465223123086616
401.0 0.0007813716365490109
402.0 0.0009162210517388303
403.0 0.0013657027920999099
404.0 0.0018151846234104596
405.0 0.0017518126696813852
406.0 0.0016884407159523107
407.0 0.0016565001715207472
408.0 0.0016245599908870645
409.0 0.001525655807199655
410.0 0.0014267516235122457
411.0 0.0017047121218638495
412.0 0.001982672620215453
413.0 0.0016762605810072273
414.0 0.001369848905596882
415.0 0.0015559142411802895
416.0 0.001741979576763697
417.0 0.002276058330608066
418.0 0.0028101372663513757
419.0 0.0037222191167529672
420.0 0.004634301149053499
421.0 0.00655691183055751
422.0 0.008479520329274237
423.0 0.012057678395649418
424.0 0.015635835006833076
425.0 0.020871649030596018
426.0 0.02610746305435896
427.0 0.025556364562362432
428.0 0.02500526315998286
429.0 0.019557736231945455
430.0 0.014110207848716527
431.0 0.010133804607903585
432.0 0.006157402094686404
433.0 0.005062312266090885
434.0 0.0039672228012932464
435.0 0.0032765128707978874
436.0 0.002585802758403588
437.0 0.0022137886844575405
438.0 0.0018417740648146719
439.0 0.0016102118024718948
440.0 0.0013786495401291177
441.0 0.001355461063212715
442.0 0.0013322726772457827
443.0 0.0014524488506140187
444.0 0.001572624569234904
445.0 0.00111462495624437
446.0 0.0006566250249306904
447.0 0.001091512240236625
448.0 0.0015263995010172948
449.0 0.0019578183128032833
450.0 0.0023892369426903315
451.0 0.002401514575467445
452.0 0.002413792026345618
453.0 0.0021968322471366264
454.0 0.001979872649826575
455.0 0.0016651758414809592
456.0 0.001350479396933224
457.0 0.001430499651178252
458.0 0.0015105203601706307
459.0 0.0017406840925104916
460.0 0.0019708477339008823
461.0 0.002652665352798067
462.0 0.0033344829716952518
463.0 0.004382625047583133
464.0 0.005430767487268895
465.0 0.0066095344664063305
466.0 0.007788300717948005
467.0 0.008236229768954217
468.0 0.008684160275151953
469.0 0.007380088936770335
470.0 0.006076018689782359
471.0 0.004453203655430116
472.0 0.002830389166774694
473.0 0.0020926681827404536
474.0 0.001354947471554624
475.0 0.001166277434094809
476.0 0.0009776075785339344
477.0 0.00113325677375542
478.0 0.001288905696128495
479.0 0.0011927442756132223
480.0 0.0010965827641484793
481.0 0.001053839787346078
482.0 0.001011096901493147
483.0 0.0009021012374432757
484.0 0.000793105300544994
485.0 0.0009915439477481414
486.0 0.001189982231153408
487.0 0.0011427782737882808
488.0 0.0010955743164231535
489.0 0.0010253951586491894
490.0 0.0009552160918246955
491.0 0.0009560981197864749
492.0 0.0009569800567987841
493.0 0.0009693726497062016
494.0 0.0009817653335630894
495.0 0.0011773659025493544
496.0 0.0013729668353335
497.0 0.0014550896594300866
498.0 0.0015372128473245539
499.0 0.0015794170394656248
500.0 0.0016216210497077554
501.0 0.0018917617126135156
502.0 0.002161902557418216
503.0 0.0026479774533072487
504.0 0.003134052167297341
505.0 0.003874312824336812
506.0 0.004614573481376283
507.0 0.005475337457028218
508.0 0.006336101068882272
509.0 0.006480109004769474
510.0 0.0066241162130609155
511.0 0.00598570732108783
512.0 0.005347298065316863
513.0 0.004536722190096043
514.0 0.0037261463148752227
515.0 0.003527147782733664
516.0 0.003328149250592105
517.0 0.003456220292719081
518.0 0.0035842916986439377
519.0 0.05495735094882548
520.0 0.03290639724582434
521.0 0.1444988534785807
522.0 0.0708653125911951
523.0 0.0993215711787343
524.0 0.07477391045540571
525.0 0.03138765168841928
526.0 0.09014891693368554
527.0 0.08858182118274271
528.0 0.14553681248798966
529.0 0.15058675780892372
530.0 0.19066466484218836
531.0 0.2192390151321888
532.0 0.23347737733274698
533.0 0.33784061670303345
534.0 0.5571148358285427
535.0 0.7929223589599133
536.0 1.1963672004640102
537.0 1.8654042854905128
538.0 2.936449833214283
539.0 4.467670246958733
540.0 6.683342158794403
541.0 9.364266693592072
542.0 12.613590061664581
543.0 17.015011608600616
544.0 22.133509814739227
545.0 28.13931107521057
546.0 35.25417745113373
547.0 42.73127615451813
548.0 51.53305530548096
549.0 59.26324725151062
550.0 64.5817518234253
551.0 70.6699788570404
552.0 74.43625926971436
553.0 78.12150120735168
554.0 81.49778842926025
555.0 85.31016111373901
556.0 88.23109865188599
557.0 90.54700136184692
558.0 93.05452704429626
559.0 95.03302574157715
560.0 94.97571587562561
561.0 95.540452003479
562.0 95.96647620201111
563.0 95.5778956413269
564.0 95.67161202430725
565.0 95.38206458091736
566.0 96.26370668411255
567.0 95.81863284111023
568.0 96.48464918136597
569.0 97.48152494430542
570.0 96.96412086486816
571.0 97.60767221450806
572.0 97.3020076751709
573.0 97.14587926864624
574.0 97.25583791732788
575.0 97.07788228988647
576.0 97.57239818572998
577.0 97.22793102264404
578.0 97.15772271156311
579.0 97.13716506958008
580.0 96.6542661190033
581.0 96.76606059074402
582.0 97.17908501625061
583.0 96.95327877998352
584.0 96.67525887489319
585.0 96.50463461875916
586.0 96.63853049278259
587.0 96.39791250228882
588.0 97.12365865707397
589.0 97.84651398658752
590.0 96.89129590988159
591.0 96.13232612609863
592.0 96.08251452445984
593.0 96.01412415504456
594.0 96.29783034324646
595.0 96.90783023834229
596.0 97.17594385147095
597.0 97.68125414848328
598.0 97.35332727432251
599.0 97.45880365371704
600.0 97.48445749282837
601.0 96.48362398147583
602.0 96.98392152786255
603.0 96.46655321121216
604.0 96.6629147529602
605.0 96.88531756401062
606.0 96.58564329147339
607.0 96.38993740081787
608.0 96.43545150756836
609.0 96.02200388908386
610.0 96.06199860572815
611.0 96.07467651367188
612.0 96.31808400154114
613.0 97.23538160324097
614.0 96.89754843711853
615.0 96.46881222724915
616.0 96.53841853141785
617.0 96.58509492874146
618.0 96.49466276168823
619.0 97.48825430870056
620.0 96.55259847640991
621.0 95.94261646270752
622.0 96.75425887107849
623.0 97.07576036453247
624.0 96.49888873100281
625.0 97.14663028717041
626.0 96.4766800403595
627.0 95.56496739387512
628.0 97.54635691642761
629.0 95.83773612976074
630.0 96.95568680763245
631.0 96.7585563659668
632.0 97.11477160453796
633.0 96.93273305892944
634.0 96.14142179489136
635.0 96.74548506736755
636.0 96.08675837516785
637.0 96.23271822929382
638.0 95.78630924224854
639.0 95.35574316978455
640.0 95.65380215644836
641.0 95.90128660202026
642.0 96.2794303894043
643.0 96.43694162368774
644.0 96.2834358215332
645.0 96.60599827766418
646.0 96.61328792572021
647.0 97.54678606987
648.0 96.73822522163391
649.0 95.90175747871399
650.0 96.54243588447571
651.0 97.05536365509033
652.0 97.34782576560974
653.0 96.2783694267273
654.0 96.64018750190735
655.0 96.95014357566833
656.0 96.0985004901886
657.0 96.07260227203369
658.0 96.39317989349365
659.0 96.6439425945282
660.0 95.7279920578003
661.0 95.79942226409912
662.0 96.01898789405823
663.0 95.81457376480103
664.0 95.79262137413025
665.0 95.59487104415894
666.0 95.37806510925293
667.0 95.79215049743652
668.0 95.27496695518494
669.0 95.88326215744019
670.0 95.6426203250885
671.0 95.73199152946472
672.0 95.42839527130127
673.0 95.41233777999878
674.0 94.8712408542633
675.0 95.37076950073242
676.0 94.91719603538513
677.0 93.67084503173828
678.0 92.55062341690063
679.0 91.75794720649719
680.0 90.43368697166443
681.0 88.81943821907043
682.0 85.76850891113281
683.0 83.16168189048767
684.0 79.09691333770752
685.0 75.11284947395325
686.0 70.7362949848175
687.0 66.28992557525635
688.0 61.6399884223938
689.0 57.62602686882019
690.0 52.91664004325867
691.0 48.868244886398315
692.0 44.17688250541687
693.0 39.45614695549011
694.0 33.83697867393494
695.0 28.166744112968445
696.0 22.39355891942978
697.0 17.047026753425598
698.0 11.789944767951965
699.0 7.985220849514008
700.0 5.213785544037819
701.0 3.131909668445587
702.0 1.889043115079403
703.0 1.0656134225428104
704.0 0.6389051675796509
705.0 0.3736303187906742
706.0 0.25510259438306093
707.0 0.17469035228714347
708.0 0.15751593746244907
709.0 0.08299340843223035
710.0 0.09250199655070901
711.0 0.03507290966808796
712.0 0.05860257078893483
713.0 0.012571598927024752
714.0 0.03544246137607843
715.0 0.03945383068639785
716.0 0.06157018360681832
717.0 0.046270020538941026
718.0 0.027501961449161172
719.0 0.031925205257721245
720.0 1.9519431643938434e-10
721.0 0.003455638579907827
722.0 0.0033337113563902676
723.0 0.003211784132872708
724.0 0.0030649156542494893
725.0 0.002918047539424151
726.0 0.002650263013492804
727.0 0.0023824783056625165
728.0 0.0023361402782029472
729.0 0.0022898020688444376
730.0 0.002144746213161852
731.0 0.001999690539378207
732.0 0.001976793646463193
733.0 0.001953896753548179
734.0 0.0018359227397013456
735.0 0.001717948543955572
736.0 0.0016459767721244134
737.0 0.0015740050002932549
738.0 0.0013361336641537491
739.0 0.0010982625099131837
740.0 0.0012020498616038822
741.0 0.0013058373042440508
742.0 0.001219070782099152
743.0 0.0011323042599542532
744.0 0.0011466672731330618
745.0 0.001161030559160281
746.0 0.0010905945600825362
747.0 0.0010201585610047914
748.0 0.0009255787517759018
749.0 0.0008309989425470121
750.0 0.0008700299076735973
751.0 0.0009090607818507124
752.0 0.0009255116310669109
753.0 0.0009419623893336393
754.0 0.0009734740160638466
755.0 0.0010049859156424645
756.0 0.000923167317523621
757.0 0.000841348992253188
758.0 0.0008608024472778197
759.0 0.0008802560842013918
760.0 0.0009704729563964065
761.0 0.001060689737641951
762.0 0.0010974068572977558
763.0 0.0011341239769535605
764.0 0.0010164916602661833
765.0 0.0008988597073766869
766.0 0.0007633165296283551
767.0 0.0006277731699810829
768.0 0.0007152951184252743
769.0 0.0008028170668694656
770.0 0.0006695614956697682
771.0 0.0005363061518437462
772.0 0.0005242390216153581
773.0 0.0005121718004374998
774.0 0.0004853677182836691
775.0 0.0004585637270793086
776.0 0.00047539992920064833
777.0 0.0004922361767967232
778.0 0.0005538660388992867
779.0 0.0006154958555271151
780.0 0.0005537075139727676
781.0 0.0004919192178931553
782.0 0.0004937393896398135
783.0 0.0004955596978106769
784.0 0.0004920357241644524
785.0 0.0004885117505182279
786.0 0.00047812504817557056
787.0 0.0004677383458329132
788.0 0.0005375942237151321
789.0 0.0006074503289710265
790.0 0.0004921758318232605
791.0 0.00037690117551392177
792.0 0.0005396144388214452
793.0 0.0007023277248663362
794.0 0.0007274170002347091
795.0 0.000752506275603082
796.0 0.0007525191449531121
797.0 0.0007525321962020826
798.0 0.000759145359552349
799.0 0.0007657586138520855
800.0 0.0007421487225656165
801.0 0.0007185387858044123
802.0 0.0006622513410547981
803.0 0.0006059638508304488
804.0 0.0005983756636851467
805.0 0.0005907872491661692
806.0 0.0005934573891863693
807.0 0.0005961274837318342
808.0 0.0006368102731357794
809.0 0.0006774930625397246
810.0 0.0005327584858605405
811.0 0.0003880240456055617
812.0 0.0005408865035860799
813.0 0.0006937490525160683
814.0 0.00067135274548491
815.0 0.0006489564839284867
816.0 0.0005501372015714878
817.0 0.00045131782826501876
818.0 0.00026913749024970457
819.0 8.695719770912547e-05
820.0 0.00023821980903449003
821.0 0.00038948255678405985
822.0 0.0004084366537426831
823.0 0.0004273907052265713
824.0 0.0003562410256563453
825.0 0.0002850914370355895
826.0 0.0003339990144013427
827.0 0.00038290659176709596
828.0 0.0004050858024129411
829.0 0.0004272649675840512
830.0 0.00025279377950937487
831.0 7.832261985640798e-05
832.0 0.00011611977015490993
833.0 0.00015391693750643753
834.0 0.00019813173821603414
835.0 0.00024234650481957942
836.0 0.0007234721579152392
837.0 0.0012045974472130183
838.0 0.0022169855583342724
839.0 0.0032293737604049966
840.0 0.004257303589838557
841.0 0.005285232691676356
842.0 0.00602299151069019
843.0 0.0067607470555230975
844.0 0.006479102739831433
845.0 0.0061974576965440065
846.0 0.005948293983237818
847.0 0.005699130997527391
848.0 0.005288289321470074
849.0 0.004877448373008519
850.0 0.00441822012362536
851.0 0.0039589918742422014
852.0 0.0032876934710657224
853.0 0.0026163945221924223
854.0 0.0020880152078461833
855.0 0.0015596355297020636
856.0 0.001240479923581006
857.0 0.0009213239536620677
858.0 0.0007069863386277575
859.0 0.0004926487235934474
860.0 0.00041507255446049385
861.0 0.0003374963171154377
862.0 0.00028508140985650243
863.0 0.00023266643438546453
864.0 0.0002659646725078346
865.0 0.0002992629106302047
866.0 0.00024216485599026782
867.0 0.00018506684682506602
868.0 0.00013404926448856713
869.0 8.303172194246144e-05
870.0 0.00013708998949368834
871.0 0.00019114827409794088
872.0 0.00015589696431561606
873.0 0.00012064566590197501
874.0 0.00013464507446769858
875.0 0.00014864451713947346
876.0 0.0001658513269831019
877.0 0.00018305812545804656
878.0 8.244398372880823e-05
879.0 1.9519431643938434e-10
880.0 5.599657129096158e-05
881.0 0.00013016334605708835
882.0 0.00011854465356009314
883.0 0.00010692599516914925
884.0 0.0001424699348717695
885.0 0.00017801395415517618
886.0 0.00027406233584770234
887.0 0.0003701107289089123
888.0 0.00030080934720899677
889.0 0.00023150794277171372
890.0 0.00029396999252639944
891.0 0.0003564320650184527
892.0 0.00034440174658811884
893.0 0.00033237140542041743
894.0 0.00021461903543240624
895.0 9.686667681307881e-05
896.0 2.2478323558061675e-05
897.0 1.9519431643938434e-10
898.0 5.106750791128434e-05
899.0 0.00015404499436044716
900.0 0.00020967945602023974
901.0 0.000265313883573981
902.0 0.0002479093154761358
