lsstCam/transmission_filter_detector/r41_s21/r_57/19700101T000000.ecsv
# %ECSV 1.0
# ---
# datatype:
# - {name: wavelength, unit: nm, datatype: float32}
# - {name: efficiency, unit: '%', datatype: float64}
# meta: !!omap
# - {MODE: DETECTOR}
# - {TYPE: transmission_filter_detector}
# - {CALIBDATE: '1970-01-01T00:00:00'}
# - {INSTRUME: LSSTCam}
# - {OBSTYPE: transmission_filter_detector}
# - {CALIBCLS: lsst.ip.isr.IntermediateFilterDetectorTransmissionCurve}
# - {SOURCE: Materion (DM-46256)}
# - {DETECTOR: 169}
# - {FILTER: r_57}
# - {CALIB_ID: 'calibDate=1970-01-01T00:00:00 filter=r_57 detector=169'}
# - {DATE: '2025-04-02T15:59:44.966593'}
# - {CALIB_CREATION_DATE: '2025-04-02'}
# - {CALIB_CREATION_TIME: '15:59:44'}
# - __serialized_columns__:
#     efficiency:
#       __class__: astropy.units.quantity.Quantity
#       unit: !astropy.units.Unit {unit: '%'}
#       value: !astropy.table.SerializedColumn {name: efficiency}
#     wavelength:
#       __class__: astropy.units.quantity.Quantity
#       unit: !astropy.units.Unit {unit: nm}
#       value: !astropy.table.SerializedColumn {name: wavelength}
# schema: astropy-2.0
wavelength efficiency
[from data line 604]
904.0 0.0002167549610021524
905.0 0.00020300519736338174
906.0 0.00012524499197752448
907.0 4.748478374949627e-05
908.0 0.00014836444961474626
909.0 0.00024924413537519285
910.0 0.0001985998778764042
911.0 0.00014795565448366688
912.0 0.00024187322651414433
913.0 0.00033579085538804065
914.0 0.0002530551000745618
915.0 0.0001703193447610829
916.0 0.00023259717636392452
917.0 0.00029487500796676613
918.0 0.00020447025690373266
919.0 0.00011406556268411805
920.0 0.0001289402234760928
921.0 0.00014381495248017018
922.0 0.00020226732431183336
923.0 0.00026071977572428295
924.0 0.0003199930461050826
925.0 0.0003792663392232498
926.0 0.0003911382009391673
927.0 0.00040301006265508477
928.0 0.00035562447919801343
929.0 0.0003082388957409421
930.0 0.0002436152271911851
931.0 0.00017899154727274436
932.0 0.00016507350437677815
933.0 0.00015115546148081194
934.0 0.0001726481400510238
935.0 0.00019414082998991944
936.0 0.0001780741058610147
937.0 0.00016200738173210993
938.0 8.890812637218914e-05
939.0 1.580892217134533e-05
940.0 0.00018845202021111618
941.0 0.0003610950898291776
942.0 0.00028204897262185114
943.0 0.00020300283267715713
944.0 0.00018754167285806034
945.0 0.00017208046756422846
946.0 0.00036604158140107756
947.0 0.0005600027179752942
948.0 0.000625046686764108
949.0 0.0006900907919771271
950.0 0.000700357713867561
951.0 0.0007106245448085247
952.0 0.0005632043212244753
953.0 0.00041578423406463116
954.0 0.0007763086614431813
955.0 0.0011368331797712017
956.0 0.0009468316420679912
957.0 0.0007568303772131912
958.0 0.0010305662726750597
959.0 0.0013043018952885177
960.0 0.001370827158098109
961.0 0.0014373525118571706
962.0 0.001668591721681878
963.0 0.0018998309315065853
964.0 0.0019163879187544808
965.0 0.0019329445422044955
966.0 0.002075013799185399
967.0 0.0022170832380652428
968.0 0.002189541919506155
969.0 0.0021620007828460075
970.0 0.0022681708287564106
971.0 0.002374341056565754
972.0 0.0024639330149511807
973.0 0.002553524791437667
974.0 0.0028057947929482907
975.0 0.003058064976357855
976.0 0.003235447366023436
977.0 0.0034128293918911368
978.0 0.0035233944799983874
979.0 0.0036339599319035187
980.0 0.003672393359011039
981.0 0.003710826422320679
982.0 0.003679667497635819
983.0 0.0036485093005467206
984.0 0.0035767665394814685
985.0 0.003505024506011978
986.0 0.0033912307117134333
987.0 0.0032774372812127694
988.0 0.0032885614928090945
989.0 0.0032996857044054195
990.0 0.00313777090923395
991.0 0.002975856841658242
992.0 0.002963254701171536
993.0 0.0029506529244827107
994.0 0.002996174771396909
995.0 0.0030416968002100475
996.0 0.0030844104912830517
997.0 0.0031271236366592348
998.0 0.0031142462830757722
999.0 0.0031013692932901904
1000.0 0.003122087218798697
1001.0 0.0031428051443072036
1002.0 0.0033034310035873204
1003.0 0.003464057226665318
1004.0 0.0038299898733384907
1005.0 0.004195922883809544
1006.0 0.004253714723745361
1007.0 0.004311506563681178
1008.0 0.004317283310228959
1009.0 0.00432306005677674
1010.0 0.0043296349758747965
1011.0 0.004336210622568615
1012.0 0.0042492883949307725
1013.0 0.00416236616729293
1014.0 0.004180691030342132
1015.0 0.004199016257189214
1016.0 0.003616671165218577
1017.0 0.0030343266189447604
1018.0 0.002694092836463824
1019.0 0.0023538590539828874
1020.0 0.0021403213395387866
1021.0 0.0019267830793978646
1022.0 0.0017946522348211147
1023.0 0.0016625212083454244
1024.0 0.0014587370969820768
1025.0 0.0012549528037197888
1026.0 0.0011755304512917064
1027.0 0.0010961082807625644
1028.0 0.0009549768947181292
1029.0 0.0008138456905726343
1030.0 0.0008305380106321536
1031.0 0.0008472303306916729
1032.0 0.0005910892014071578
1033.0 0.00033494791296106996
1034.0 0.0005328865427145502
1035.0 0.0007308250587811926
1036.0 0.000822679703560425
1037.0 0.0009145343938143924
1038.0 0.0010876723536057398
1039.0 0.0012608104043465573
1040.0 0.0011345283382979687
1041.0 0.0010082466360472608
1042.0 0.000921688842936419
1043.0 0.0008351306860276964
1044.0 0.0009055057489604224
1045.0 0.0009758807209436782
1046.0 0.000958986856858246
1047.0 0.0009420929018233437
1048.0 0.0012420282473613042
1049.0 0.0015419638657476753
1050.0 0.0014522669516736642
1051.0 0.0013625703104480635
1052.0 0.0016376801795559004
1053.0 0.001912789957714267
1054.0 0.0015365991202997975
1055.0 0.0011604086466832086
1056.0 0.001209330093843164
1057.0 0.0012582518138515297
1058.0 0.0011427689059928525
1059.0 0.001027285816235235
1060.0 0.001094648087018868
1061.0 0.001162010357802501
1062.0 0.0009233694981958251
1063.0 0.0006847285931144143
1064.0 0.000800753514340613
1065.0 0.0009167783900920767
1066.0 0.001137972139986232
1067.0 0.0013591656170319766
1068.0 0.0012132803931308445
1069.0 0.0010673952601791825
1070.0 0.0014593592823075596
1071.0 0.0018513232134864666
1072.0 0.002113316259055864
1073.0 0.0023753093046252616
1074.0 0.002334330383746419
1075.0 0.002293351644766517
1076.0 0.0027168955057277344
1077.0 0.003140439366688952
1078.0 0.0031585092074237764
1079.0 0.003176579048158601
1080.0 0.0030117016649455763
1081.0 0.0028468240998336114
1082.0 0.00350171685568057
1083.0 0.004156609429628588
1084.0 0.003653512612800114
1085.0 0.0031504157959716395
1086.0 0.003295080750831403
1087.0 0.003439746069489047
1088.0 0.003681812813738361
1089.0 0.003923879557987675
1090.0 0.004110176087124273
1091.0 0.004296472616260871
1092.0 0.003974727951572277
1093.0 0.003652983286883682
1094.0 0.0029679806175408885
1095.0 0.0022829783119959757
1096.0 0.002173044595110696
1097.0 0.0020631106963264756
1098.0 0.0026489024094189517
1099.0 0.003234694304410368
1100.0 0.0026025141778518446
1101.0 0.0019703336874954402
