lsstCam/transmission_filter_detector/r42_s20/u_24/19700101T000000.ecsv
# %ECSV 1.0
# ---
# datatype:
# - {name: wavelength, unit: nm, datatype: float32}
# - {name: efficiency, unit: '%', datatype: float64}
# meta: !!omap
# - {MODE: DETECTOR}
# - {TYPE: transmission_filter_detector}
# - {CALIBDATE: '1970-01-01T00:00:00'}
# - {INSTRUME: LSSTCam}
# - {OBSTYPE: transmission_filter_detector}
# - {CALIBCLS: lsst.ip.isr.IntermediateFilterDetectorTransmissionCurve}
# - {SOURCE: Materion (DM-46256)}
# - {DETECTOR: 177}
# - {FILTER: u_24}
# - {CALIB_ID: 'calibDate=1970-01-01T00:00:00 filter=u_24 detector=177'}
# - {DATE: '2025-04-02T15:59:40.571162'}
# - {CALIB_CREATION_DATE: '2025-04-02'}
# - {CALIB_CREATION_TIME: '15:59:40'}
# - __serialized_columns__:
#     efficiency:
#       __class__: astropy.units.quantity.Quantity
#       unit: !astropy.units.Unit {unit: '%'}
#       value: !astropy.table.SerializedColumn {name: efficiency}
#     wavelength:
#       __class__: astropy.units.quantity.Quantity
#       unit: !astropy.units.Unit {unit: nm}
#       value: !astropy.table.SerializedColumn {name: wavelength}
# schema: astropy-2.0
wavelength efficiency
[from data line 592]
887.0 0.003406132964300923
888.0 0.0034266508009750396
889.0 0.0030756353226024657
890.0 0.0027246200261288323
891.0 0.0030181608963175677
892.0 0.0033117015846073627
893.0 0.003296571594546549
894.0 0.0032814416044857353
895.0 0.0031977975595509633
896.0 0.003114153878414072
897.0 0.0032982148695737123
898.0 0.003482275496935472
899.0 0.0038211637729546055
900.0 0.004160052048973739
901.0 0.004283278394723311
902.0 0.004406504740472883
903.0 0.004615403668140061
904.0 0.004824302595807239
905.0 0.005060485636931844
906.0 0.005296669041854329
907.0 0.005499086546478793
908.0 0.005701503687305376
909.0 0.005733445141231641
910.0 0.005765386595157906
911.0 0.005782138759968802
912.0 0.005798891288577579
913.0 0.005709750985261053
914.0 0.005620610681944527
915.0 0.005389802390709519
916.0 0.005158993735676631
917.0 0.005266352309263311
918.0 0.005373710519052111
919.0 0.0053155537898419425
920.0 0.005257397060631774
921.0 0.0051610950322356075
922.0 0.005064793003839441
923.0 0.005120073910802603
924.0 0.005175354817765765
925.0 0.0055861673899926245
926.0 0.005996979962219484
927.0 0.00643824168946594
928.0 0.006879503052914515
929.0 0.007117292261682451
930.0 0.007355082198046148
931.0 0.007530986476922408
932.0 0.007706890755798668
933.0 0.0076296266342978925
934.0 0.007552362512797117
935.0 0.0076970478403382
936.0 0.007841733167879283
937.0 0.007339441071962938
938.0 0.006837148248450831
939.0 0.006398061668733135
940.0 0.00595897545281332
941.0 0.005644022530759685
942.0 0.005329069244908169
943.0 0.004755183181259781
944.0 0.004181297117611393
945.0 0.003370189733686857
946.0 0.0025590823497623205
947.0 0.0025043222194653936
948.0 0.0024495620891684666
949.0 0.0022023417841410264
950.0 0.0019551214791135862
951.0 0.0017983313227887265
952.0 0.0016415406207670458
953.0 0.0016778341887402348
954.0 0.0017141273929155432
955.0 0.0018266087863594294
956.0 0.0019390899979043752
957.0 0.002283019057358615
958.0 0.0026269482987117954
959.0 0.002942274841188919
960.0 0.0032576004741713405
961.0 0.0035608289181254804
962.0 0.0038640569982817397
963.0 0.004228142643114552
964.0 0.004592228651745245
965.0 0.004927381451125257
966.0 0.00526253497810103
967.0 0.0052562347264029086
968.0 0.005249934474704787
969.0 0.0051196006097598
970.0 0.004989267108612694
971.0 0.005257807424641214
972.0 0.005526348468265496
973.0 0.005339414929039776
974.0 0.0051524813898140565
975.0 0.004613578494172543
976.0 0.004074675962328911
977.0 0.004317718776292168
978.0 0.004560761954053305
979.0 0.004252853977959603
980.0 0.003944946365663782
981.0 0.00391569483326748
982.0 0.003886442573275417
983.0 0.0039596659917151555
984.0 0.004032889773952775
985.0 0.0040712751797400415
986.0 0.004109660221729428
987.0 0.00471038329123985
988.0 0.005311105269356631
989.0 0.005728559699491598
990.0 0.006146015221020207
991.0 0.006539099558722228
992.0 0.00693218462402001
993.0 0.007281126454472542
994.0 0.007630068284925073
995.0 0.0075872885645367205
996.0 0.007544506661361083
997.0 0.007477173494407907
998.0 0.007409838872263208
999.0 0.007229023321997374
1000.0 0.007048209226923063
1001.0 0.006592503632418811
1002.0 0.006136799493106082
1003.0 0.005945273005636409
1004.0 0.005753747609560378
1005.0 0.005303326906869188
1006.0 0.004852906931773759
1007.0 0.004477798938751221
1008.0 0.004102690581930801
1009.0 0.004148940570303239
1010.0 0.004195190194877796
1011.0 0.003733469930011779
1012.0 0.003271748937550001
1013.0 0.002652867988217622
1014.0 0.002033986856986303
1015.0 0.001860468000813853
1016.0 0.0016869489627424628
1017.0 0.001441713175154291
1018.0 0.0011964773875661194
1019.0 0.0013683456018043216
1020.0 0.0015402138160425238
1021.0 0.0014288415513874497
1022.0 0.0013174691957829054
1023.0 0.0012778113159583881
1024.0 0.0012381534361338709
1025.0 0.0014144664419291075
1026.0 0.0015907795386738144
1027.0 0.0018163009372074157
1028.0 0.0020418225176399574
1029.0 0.0019745222743949853
1030.0 0.0019072220311500132
1031.0 0.0020141200366197154
1032.0 0.0021210180420894176
1033.0 0.0024665554519742727
1034.0 0.002812092861859128
1035.0 0.0026698784495238215
1036.0 0.0025276642190874554
1037.0 0.002625210072437767
1038.0 0.0027227559257880785
1039.0 0.002819534347509034
1040.0 0.002916312587331049
1041.0 0.002812899947457481
1042.0 0.002709487671381794
1043.0 0.0024263308660010807
1044.0 0.002143173878721427
1045.0 0.002231978032796178
1046.0 0.0023207820049719885
1047.0 0.002562293957453221
1048.0 0.0028038062737323344
1049.0 0.002278495958307758
1050.0 0.0017531854609842412
1051.0 0.0017073831259040162
1052.0 0.0016615807908237912
1053.0 0.0013923361620982178
1054.0 0.0011230916243221145
1055.0 0.0013024519830651116
1056.0 0.0014818124327575788
1057.0 0.0013402136573859025
1058.0 0.0011986148820142262
1059.0 0.0010501457836653572
1060.0 0.0009016769581648987
1061.0 0.0017547483366797678
1062.0 0.0026078199880430475
1063.0 0.002659743040567264
1064.0 0.00271166591119254
1065.0 0.0017549798940308392
1066.0 0.0007982938768691383
1067.0 0.0011192039892193861
1068.0 0.001440114101569634
1069.0 0.001179724404209992
1070.0 0.0009193344340019394
1071.0 0.0006497482900158502
1072.0 0.0003801623279287014
1073.0 0.0016269656043732539
1074.0 0.002873768789868336
1075.0 0.002697628951864317
1076.0 0.0025214894776581787
1077.0 0.0036900295526720583
1078.0 0.004858569445786998
1079.0 0.005045329453423619
1080.0 0.00523208909726236
1081.0 0.0035837438190355897
1082.0 0.0019353985408088192
1083.0 0.0033193271519849077
1084.0 0.004703256126958877
1085.0 0.004903177250525914
1086.0 0.005103099101688713
1087.0 0.004026378519483842
1088.0 0.0029496581191779114
1089.0 0.0030655548471258953
1090.0 0.0031814517569728196
1091.0 0.004522498056758195
1092.0 0.00586354399274569
1093.0 0.0038737551221856847
1094.0 0.0018839664335246198
1095.0 0.0030136628993204795
1096.0 0.0041433595470152795
1097.0 0.0023475622583646327
1098.0 0.0005517651516129263
1099.0 0.0030024695661268197
1100.0 0.005453173434943892
