lsstCam/transmission_filter_detector/r42_s20/u_24/19700101T000000.ecsv
# %ECSV 1.0
# ---
# datatype:
# - {name: wavelength, unit: nm, datatype: float32}
# - {name: efficiency, unit: '%', datatype: float64}
# meta: !!omap
# - {MODE: DETECTOR}
# - {TYPE: transmission_filter_detector}
# - {CALIBDATE: '1970-01-01T00:00:00'}
# - {INSTRUME: LSSTCam}
# - {OBSTYPE: transmission_filter_detector}
# - {CALIBCLS: lsst.ip.isr.IntermediateFilterDetectorTransmissionCurve}
# - {SOURCE: Materion (DM-46256)}
# - {DETECTOR: 177}
# - {FILTER: u_24}
# - {CALIB_ID: 'calibDate=1970-01-01T00:00:00 filter=u_24 detector=177'}
# - {DATE: '2025-04-02T15:59:40.571162'}
# - {CALIB_CREATION_DATE: '2025-04-02'}
# - {CALIB_CREATION_TIME: '15:59:40'}
# - __serialized_columns__:
#     efficiency:
#       __class__: astropy.units.quantity.Quantity
#       unit: !astropy.units.Unit {unit: '%'}
#       value: !astropy.table.SerializedColumn {name: efficiency}
#     wavelength:
#       __class__: astropy.units.quantity.Quantity
#       unit: !astropy.units.Unit {unit: nm}
#       value: !astropy.table.SerializedColumn {name: wavelength}
# schema: astropy-2.0
wavelength efficiency
295.0 1.70721293005216e-10
296.0 1.70721293005216e-10
297.0 1.70721293005216e-10
298.0 1.70721293005216e-10
299.0 1.70721293005216e-10
300.0 1.70721293005216e-10
301.0 1.70721293005216e-10
302.0 0.004506976256379858
303.0 1.70721293005216e-10
304.0 0.34871893003582954
305.0 1.1368370614945889
306.0 2.92645413428545
307.0 4.986768960952759
308.0 7.511428743600845
309.0 11.14143282175064
310.0 15.058404207229614
311.0 18.92816424369812
312.0 22.477546334266663
313.0 25.419139862060547
314.0 28.16891372203827
315.0 30.648279190063477
316.0 33.08490216732025
317.0 36.04689538478851
318.0 39.819902181625366
319.0 44.58518624305725
320.0 50.8838951587677
321.0 56.46803379058838
322.0 62.18353509902954
323.0 67.0007050037384
324.0 70.64476609230042
325.0 73.18007946014404
326.0 75.3887414932251
327.0 76.9193708896637
328.0 78.61239910125732
329.0 80.03981113433838
330.0 80.91845512390137
331.0 81.28568530082703
332.0 81.58923983573914
333.0 81.69193267822266
334.0 81.70091509819031
335.0 82.10198879241943
336.0 82.57582187652588
337.0 83.35593938827515
338.0 84.20084714889526
339.0 84.75372791290283
340.0 84.99814867973328
341.0 85.33862233161926
342.0 85.63398122787476
343.0 85.58453917503357
344.0 85.81056594848633
345.0 86.30140423774719
346.0 86.58818006515503
347.0 87.0189368724823
348.0 87.2184693813324
349.0 87.36920356750488
350.0 87.41686344146729
351.0 87.57551312446594
352.0 87.49238848686218
353.0 87.52557635307312
354.0 87.4770998954773
355.0 87.65033483505249
356.0 87.73087859153748
357.0 87.56496906280518
358.0 87.16350197792053
359.0 86.82643175125122
360.0 86.62375807762146
361.0 86.45384311676025
362.0 86.33305430412292
363.0 86.5747332572937
364.0 86.72851920127869
365.0 87.12970018386841
366.0 87.47776746749878
367.0 87.5220775604248
368.0 87.53611445426941
369.0 87.72032260894775
370.0 87.61311769485474
371.0 87.59892582893372
372.0 87.71804571151733
373.0 88.00695538520813
374.0 88.0064845085144
375.0 88.35647702217102
376.0 88.5858416557312
377.0 88.64688277244568
378.0 88.64895105361938
379.0 88.13895583152771
380.0 87.1278464794159
381.0 85.4555606842041
382.0 83.47169160842896
383.0 81.4239501953125
384.0 79.28032279014587
385.0 76.65991187095642
386.0 73.88249635696411
387.0 70.041024684906
388.0 66.1304771900177
389.0 61.44041419029236
390.0 57.1053147315979
391.0 52.749139070510864
392.0 48.49762320518494
393.0 44.94834244251251
394.0 41.422733664512634
395.0 37.2540682554245
396.0 32.50403702259064
397.0 26.036730408668518
398.0 19.214268028736115
399.0 12.460248172283173
400.0 6.901974231004715
401.0 3.088522143661976
402.0 1.0433643124997616
403.0 0.31865560449659824
404.0 0.1582343247719109
405.0 0.06747596198692918
406.0 0.03420634020585567
407.0 1.70721293005216e-10
408.0 0.002130614848283585
409.0 1.70721293005216e-10
410.0 1.70721293005216e-10
411.0 1.70721293005216e-10
412.0 1.70721293005216e-10
413.0 1.70721293005216e-10
414.0 1.70721293005216e-10
415.0 1.70721293005216e-10
416.0 1.70721293005216e-10
417.0 1.70721293005216e-10
418.0 1.70721293005216e-10
419.0 1.70721293005216e-10
420.0 1.70721293005216e-10
421.0 1.70721293005216e-10
422.0 1.70721293005216e-10
423.0 1.70721293005216e-10
424.0 1.70721293005216e-10
425.0 1.70721293005216e-10
426.0 1.70721293005216e-10
427.0 1.70721293005216e-10
428.0 1.70721293005216e-10
429.0 1.70721293005216e-10
430.0 1.70721293005216e-10
431.0 1.70721293005216e-10
432.0 0.000648126615487854
433.0 0.0012120247447455768
434.0 0.001775922646629624
435.0 0.000987216208159225
436.0 0.00019850961052725324
437.0 1.70721293005216e-10
438.0 1.70721293005216e-10
439.0 9.983797326640342e-05
440.0 0.0011887065738847014
441.0 0.001273889392905403
442.0 0.0013590723028755747
443.0 1.70721293005216e-10
444.0 1.70721293005216e-10
445.0 1.70721293005216e-10
446.0 1.70721293005216e-10
447.0 0.0002696827095860499
448.0 0.0013901987585995812
449.0 0.0008893212907423731
450.0 0.0003884438683599001
451.0 0.0008062734195846133
452.0 0.0012241031072335318
453.0 0.0007366000318143051
454.0 0.00024909711555665126
455.0 1.92260145581713e-05
456.0 1.70721293005216e-10
457.0 1.70721293005216e-10
458.0 1.70721293005216e-10
459.0 1.70721293005216e-10
460.0 1.70721293005216e-10
461.0 1.70721293005216e-10
462.0 1.70721293005216e-10
463.0 6.313277367553383e-05
464.0 0.0002593767931102775
465.0 1.70721293005216e-10
466.0 1.70721293005216e-10
467.0 0.00023962120394571684
468.0 0.0009515855708741583
469.0 0.000643954490442411
470.0 0.00033632343274803134
471.0 0.00018351273638472776
472.0 3.070192633458646e-05
473.0 1.70721293005216e-10
474.0 1.70721293005216e-10
475.0 1.70721293005216e-10
476.0 1.70721293005216e-10
477.0 1.70721293005216e-10
478.0 1.70721293005216e-10
479.0 1.70721293005216e-10
480.0 1.70721293005216e-10
481.0 1.70721293005216e-10
482.0 1.70721293005216e-10
483.0 1.70721293005216e-10
484.0 1.70721293005216e-10
485.0 1.70721293005216e-10
486.0 1.70721293005216e-10
487.0 1.70721293005216e-10
488.0 1.70721293005216e-10
489.0 8.555328463444312e-05
490.0 0.0004540405370789813
491.0 0.00045062770368531346
492.0 0.00044721477934217546
493.0 0.00043016293602704536
494.0 0.0004131112746108556
495.0 1.70721293005216e-10
496.0 1.70721293005216e-10
497.0 1.70721293005216e-10
498.0 0.00027265243716101395
499.0 0.00011249790077272337
500.0 1.70721293005216e-10
501.0 0.00023807890556781786
502.0 0.0005238142875896301
503.0 7.98868370566197e-05
504.0 1.70721293005216e-10
505.0 1.70721293005216e-10
506.0 9.885804956866195e-05
507.0 0.00025032875328179216
508.0 0.0004017994342575548
509.0 1.70721293005216e-10
510.0 1.70721293005216e-10
511.0 1.70721293005216e-10
512.0 1.70721293005216e-10
513.0 1.70721293005216e-10
514.0 1.70721293005216e-10
515.0 1.70721293005216e-10
516.0 1.70721293005216e-10
517.0 1.70721293005216e-10
518.0 1.70721293005216e-10
519.0 0.00013905405467085075
520.0 0.0003348661039126455
521.0 0.0002679497811186593
522.0 0.00020103364022361347
523.0 0.00033306000659649726
524.0 0.00046508616833307315
525.0 0.00020662409951910377
526.0 1.70721293005216e-10
527.0 1.70721293005216e-10
528.0 1.70721293005216e-10
529.0 1.70721293005216e-10
530.0 1.70721293005216e-10
531.0 1.70721293005216e-10
532.0 1.70721293005216e-10
533.0 0.00010840542472578818
534.0 0.00035828275031235535
535.0 0.00014478234788839472
536.0 1.70721293005216e-10
537.0 1.70721293005216e-10
538.0 1.70721293005216e-10
539.0 1.70721293005216e-10
540.0 1.70721293005216e-10
541.0 1.70721293005216e-10
542.0 1.70721293005216e-10
543.0 1.70721293005216e-10
544.0 1.70721293005216e-10
545.0 1.70721293005216e-10
546.0 0.00018224243376607774
547.0 1.70721293005216e-10
548.0 1.70721293005216e-10
549.0 1.70721293005216e-10
550.0 1.70721293005216e-10
551.0 1.70721293005216e-10
552.0 1.70721293005216e-10
553.0 1.70721293005216e-10
554.0 1.70721293005216e-10
555.0 1.70721293005216e-10
556.0 1.70721293005216e-10
557.0 1.70721293005216e-10
558.0 1.70721293005216e-10
559.0 1.70721293005216e-10
560.0 1.70721293005216e-10
561.0 1.70721293005216e-10
562.0 1.70721293005216e-10
563.0 1.70721293005216e-10
564.0 1.70721293005216e-10
565.0 0.0001910062337628915
566.0 0.0005441120720206527
567.0 0.0004267277290637139
568.0 0.00030934329515730496
569.0 0.0002484657443346805
570.0 0.0001875882048807398
571.0 0.0001437292667105794
572.0 9.98704081212054e-05
573.0 0.00036073217870580265
574.0 0.0006215940175025025
575.0 0.0005335756668500835
576.0 0.0004455572252481943
577.0 0.0003792075403907802
578.0 0.00031285794648283627
579.0 0.000621183880866738
580.0 0.0009295097697759047
581.0 0.0007188510608102661
582.0 0.0005081923518446274
583.0 0.0007744300091871992
584.0 0.0010406675755803008
585.0 0.0009721397873363458
586.0 0.0009036119990923908
587.0 0.0006428692813642556
588.0 0.00038212638173718005
589.0 0.00042133051465498284
590.0 0.00046053446567384526
591.0 0.0005930623501626542
592.0 0.0007255902801261982
593.0 0.0008084465662250295
594.0 0.0008913028068491258
595.0 0.0010441701306262985
596.0 0.0011970375453529414
597.0 0.001768055881257169
598.0 0.0023390743081108667
599.0 0.0023277041691471823
600.0 0.0023163338482845575
601.0 0.0023958606107044034
602.0 0.0024753875550231896
603.0 0.002259243410662748
604.0 0.002043099084403366
605.0 0.001729190262267366
606.0 0.001415281349181896
607.0 0.0009662123375164811
608.0 0.0005171430530026555
609.0 0.00046303871386044193
610.0 0.00040893432924349327
611.0 0.0002427304707453004
612.0 7.652656677237246e-05
613.0 0.0005054570920037804
614.0 0.0009343878446088638
615.0 0.0007126894161046948
616.0 0.0004909911694994662
617.0 0.0004636760877474444
618.0 0.0004363609150459524
619.0 0.000514434714204981
620.0 0.0005925083769398043
621.0 0.0005209889422985725
622.0 0.0004494695531320758
623.0 0.000768631070968695
624.0 0.0010877925888053142
625.0 0.001227433585881954
626.0 0.0013670744920091238
627.0 0.0014143467524263542
628.0 0.0014616190128435846
629.0 0.0016498283002874814
630.0 0.0018380373148829676
631.0 0.002152019806089811
632.0 0.002466002479195595
633.0 0.002682739432202652
634.0 0.002899476203310769
635.0 0.002992600821016822
636.0 0.0030857252568239346
637.0 0.0025640772946644574
638.0 0.0020424293325049803
639.0 0.0016475405573146418
640.0 0.0012526515092758927
641.0 0.0009757424777490087
642.0 0.0006988333097979194
643.0 0.0004010237717011478
644.0 0.00010321411991753848
645.0 9.643166265504988e-06
646.0 1.70721293005216e-10
647.0 0.0004321189862821484
648.0 0.0009481658707954921
649.0 0.0008478394192934502
650.0 0.000747512831367203
651.0 0.0011188942153239623
652.0 0.0014902755538059864
653.0 0.0018035647372016683
654.0 0.00211685382964788
655.0 0.0025052275304915383
656.0 0.0028936010494362563
657.0 0.003198629929102026
658.0 0.0035036591725656763
659.0 0.0035197430406697094
660.0 0.0035358269087737426
661.0 0.003105432551819831
662.0 0.0026750381948659196
663.0 0.0022821570382802747
664.0 0.0018892758816946298
665.0 0.001593749584571924
666.0 0.0012982235602976289
667.0 0.0010044132068287581
668.0 0.0007106029443093576
669.0 0.0005951146249572048
670.0 0.0004796261237061117
671.0 0.0005799882274004631
672.0 0.0006803503765695496
673.0 0.000729058001525118
674.0 0.0007777655810059514
675.0 0.001207367949973559
676.0 0.0016369704098906368
677.0 0.0025381463274243288
678.0 0.0034393222449580207
679.0 0.004855100269196555
680.0 0.00627087865723297
681.0 0.007908530096756294
682.0 0.009546181536279619
683.0 0.010413067502668127
684.0 0.011279954924248159
685.0 0.010646981536410749
686.0 0.010014011058956385
687.0 0.008540245471522212
688.0 0.0070664784288965166
689.0 0.005853365291841328
690.0 0.00464025215478614
691.0 0.003910539817297831
692.0 0.0031808274798095226
693.0 0.002468709681124892
694.0 0.001756592064339202
695.0 0.0013258627404866274
696.0 0.0008951335075835232
697.0 0.0006808680609537987
698.0 0.0004666027052735444
699.0 0.00045865435822634026
700.0 0.0004507061476033414
701.0 0.0004477501533983741
702.0 0.00044479406824393664
703.0 0.00047774733502592426
704.0 0.0005107005563331768
705.0 0.0005875010174349882
706.0 0.0006643014330620645
707.0 0.0007305859071493614
708.0 0.0007968705176608637
709.0 0.0008199419426091481
710.0 0.0008430134585069027
711.0 0.0008577519110986032
712.0 0.0008724904546397738
713.0 0.0007722884220129345
714.0 0.0006720862984366249
715.0 0.0005325062829797389
716.0 0.0003929262220481178
717.0 0.0004029646788694663
718.0 0.00041300304474134464
719.0 0.00020262855287001003
720.0 1.70721293005216e-10
721.0 9.2359130121622e-05
722.0 0.00019246426745667122
723.0 0.0003237290457036579
724.0 0.00045499400584958494
725.0 0.00032594273307040567
726.0 0.00019689155124069657
727.0 0.0002577139866843936
728.0 0.00031853637665335555
729.0 0.0002290008978889091
730.0 0.00013946538501841133
731.0 0.00023738871277600992
732.0 0.0003353120519022923
733.0 0.0003354090495122364
734.0 0.0003355060016474454
735.0 0.0005053052973380545
736.0 0.0006751046385033987
737.0 0.000687913097863202
738.0 0.0007007215572230052
739.0 0.001418155625287909
740.0 0.002135589784302283
741.0 0.0026972920750267804
742.0 0.003258994547650218
743.0 0.003348146492498927
744.0 0.0034372984373476356
745.0 0.003907565769623034
746.0 0.004377833101898432
747.0 0.004502667798078619
748.0 0.004627502494258806
749.0 0.00453249886049889
750.0 0.0044374952267389745
751.0 0.004267464100848883
752.0 0.004097432611160912
753.0 0.0034604225220391527
754.0 0.0028234127967152745
755.0 0.0023313230485655367
756.0 0.0018392331185168587
757.0 0.0012858474292443134
758.0 0.000732461694497033
759.0 0.0006947089332243195
760.0 0.0006569560810021358
761.0 0.0006187787676026346
762.0 0.0005806014087283984
763.0 0.0005577784577326383
764.0 0.0005349555522116134
765.0 0.00046870300138834864
766.0 0.00040245049603981897
767.0 0.0003770570401684381
768.0 0.0003516636525091599
769.0 0.00042399806261528283
770.0 0.0004963326318829786
771.0 0.0006731491794198519
772.0 0.0008499659088556655
773.0 0.0009294933988712728
774.0 0.00100902079793741
775.0 0.0008027186595427338
776.0 0.0005964165666227927
777.0 0.0008030640856304672
778.0 0.0010097115591634065
779.0 0.0010110273251484614
780.0 0.001012343000184046
781.0 0.0011845052540593315
782.0 0.0013566675079346169
783.0 0.0013417604350252077
784.0 0.0013268533621157985
785.0 0.0014659459338872693
786.0 0.00160503841470927
787.0 0.0013906033018429298
788.0 0.00117616837087553
789.0 0.0011224474292248487
790.0 0.0010687263966246974
791.0 0.0009080791642190889
792.0 0.0007474319772882154
793.0 0.00077368658821797
794.0 0.0007999410627235193
795.0 0.0006104757630964741
796.0 0.0004210105544188991
797.0 0.00023380107450066134
798.0 4.6591591740252625e-05
799.0 6.457458994191256e-05
800.0 8.255768761955551e-05
801.0 0.000141089083172119
802.0 0.0001996206265175715
803.0 0.00012369646356091835
804.0 4.7772311972948955e-05
805.0 1.70721293005216e-10
806.0 1.70721293005216e-10
807.0 0.00017751880250216345
808.0 0.0004126319254282862
809.0 0.00028755398489010986
810.0 0.00016247614667008747
811.0 0.00025415051823074464
812.0 0.0003458249238974531
813.0 0.00026087398055096855
814.0 0.00017592309404790285
815.0 0.000164874768415757
816.0 0.00015382636320282472
817.0 0.0001587931024005229
818.0 0.00016375993254769128
819.0 0.0003771735464397352
820.0 0.0005905872058065142
821.0 0.0003891306732839439
822.0 0.00018767418623610865
823.0 1.70721293005216e-10
824.0 1.70721293005216e-10
825.0 1.70721293005216e-10
826.0 0.00015778891793161165
827.0 0.00011618041071415064
828.0 7.457192623405717e-05
829.0 0.00012488679885791498
830.0 0.00017520177379992674
831.0 7.605479481753719e-05
832.0 1.70721293005216e-10
833.0 1.70721293005216e-10
834.0 1.70721293005216e-10
835.0 1.70721293005216e-10
836.0 1.70721293005216e-10
837.0 1.70721293005216e-10
838.0 9.541930694467737e-05
839.0 0.0001657014081501984
840.0 0.00023598365714860847
841.0 0.00015901242704785545
842.0 8.204115715670923e-05
843.0 0.00010823395086845267
844.0 0.00013442660247164895
845.0 1.70721293005216e-10
846.0 1.70721293005216e-10
847.0 1.70721293005216e-10
848.0 7.177542897807143e-05
849.0 0.00011916216635654564
850.0 0.0001665487161517376
851.0 0.0003349466396684875
852.0 0.0005033446086599724
853.0 0.0007486981758120237
854.0 0.0009940516974893399
855.0 0.0009294987648900133
856.0 0.0008649461051390972
857.0 0.0009798632163438015
858.0 0.0010947803275485057
859.0 0.0012781365512637421
860.0 0.0014614926840295084
861.0 0.001624410469958093
862.0 0.0017873286196845584
863.0 0.0018979164451593533
864.0 0.0020085044525330886
865.0 0.0018682139852899127
866.0 0.001727923154248856
867.0 0.0018479857317288406
868.0 0.0019680484911077656
869.0 0.002131893052137457
870.0 0.002295737976965029
871.0 0.002263516216771677
872.0 0.002231294274679385
873.0 0.0024302013116539456
874.0 0.0026291087124263868
875.0 0.0027682519430527464
876.0 0.0029073953555780463
877.0 0.0030778370273765177
878.0 0.0032482785172760487
879.0 0.0032172563805943355
880.0 0.0031862338801147416
881.0 0.0033009277103701606
882.0 0.0034156215406255797
883.0 0.003300735625089146
884.0 0.003185849345754832
885.0 0.0032857322366908193
