lsstCam/transmission_filter_detector/r12_s21/g_6/19700101T000000.ecsv
# %ECSV 1.0
# ---
# datatype:
# - {name: wavelength, unit: nm, datatype: float32}
# - {name: efficiency, unit: '%', datatype: float64}
# meta: !!omap
# - {MODE: DETECTOR}
# - {TYPE: transmission_filter_detector}
# - {CALIBDATE: '1970-01-01T00:00:00'}
# - {INSTRUME: LSSTCam}
# - {OBSTYPE: transmission_filter_detector}
# - {CALIBCLS: lsst.ip.isr.IntermediateFilterDetectorTransmissionCurve}
# - {SOURCE: Materion (DM-46256)}
# - {DETECTOR: 52}
# - {FILTER: g_6}
# - {CALIB_ID: 'calibDate=1970-01-01T00:00:00 filter=g_6 detector=52'}
# - {DATE: '2025-04-02T15:59:42.267791'}
# - {CALIB_CREATION_DATE: '2025-04-02'}
# - {CALIB_CREATION_TIME: '15:59:42'}
# - __serialized_columns__:
#     efficiency:
#       __class__: astropy.units.quantity.Quantity
#       unit: !astropy.units.Unit {unit: '%'}
#       value: !astropy.table.SerializedColumn {name: efficiency}
#     wavelength:
#       __class__: astropy.units.quantity.Quantity
#       unit: !astropy.units.Unit {unit: nm}
#       value: !astropy.table.SerializedColumn {name: wavelength}
# schema: astropy-2.0
wavelength efficiency
300.0 0.5023173056542873
301.0 0.37363599985837936
302.0 0.2449546242132783
303.0 0.21966490894556046
304.0 0.19437517039477825
305.0 0.20436549093574286
306.0 0.21435576491057873
307.0 0.22017653100192547
308.0 0.22599725052714348
309.0 0.22245475556701422
310.0 0.2189123071730137
311.0 0.21140940953046083
312.0 0.20390651188790798
313.0 0.20133706275373697
314.0 0.1987675903365016
315.0 0.18866945756599307
316.0 0.1785713597200811
317.0 0.17873969627544284
318.0 0.17890806775540113
319.0 0.16263560391962528
320.0 0.14636311680078506
321.0 0.14065171126276255
322.0 0.13494030572474003
323.0 0.11512938654050231
324.0 0.09531851392239332
325.0 0.08695767028257251
326.0 0.07859683246351779
327.0 0.07140657398849726
328.0 0.06421630969271064
329.0 0.06090664537623525
330.0 0.057596975238993764
331.0 0.0542129622772336
332.0 0.050828943494707346
333.0 0.04707595508079976
334.0 0.043322963756509125
335.0 0.04195716755930334
336.0 0.04059136554133147
337.0 0.041346633224748075
338.0 0.04210190090816468
339.0 0.040651869494467974
340.0 0.03920183808077127
341.0 0.03732753684744239
342.0 0.03545323561411351
343.0 0.03207499394193292
344.0 0.028696752269752324
345.0 0.025521795032545924
346.0 0.022346836340148002
347.0 0.021046766778454185
348.0 0.01974669430637732
349.0 0.018053043459076434
350.0 0.8285827934741974
351.0 1.3338644057512283
352.0 0.7853617891669273
353.0 1.1795181781053543
354.0 0.6456070579588413
355.0 0.8877929300069809
356.0 0.547333899885416
357.0 1.0113191790878773
358.0 0.5253844428807497
359.0 0.8990746922791004
360.0 0.568412197753787
361.0 0.9169294498860836
362.0 0.5676815286278725
363.0 0.8585331030189991
364.0 0.591046828776598
365.0 0.85898507386446
366.0 0.5535504780709743
367.0 0.7423885632306337
368.0 0.5062664393335581
369.0 0.6670807488262653
370.0 0.4618861712515354
371.0 0.6800236646085978
372.0 0.4667784087359905
373.0 0.7007506210356951
374.0 0.4346910398453474
375.0 0.5868298467248678
376.0 0.4382715094834566
377.0 0.5412914324551821
378.0 0.4601776134222746
379.0 0.5961182061582804
380.0 0.42496942915022373
381.0 0.5935344845056534
382.0 0.5982943344861269
383.0 0.5744468420743942
384.0 0.5719697568565607
385.0 0.6291654892265797
386.0 0.6812241859734058
387.0 0.838036835193634
388.0 1.0119324550032616
389.0 1.2741643004119396
390.0 1.847689040005207
391.0 2.845933474600315
392.0 4.531687498092651
393.0 7.156624644994736
394.0 10.783277451992035
395.0 15.659232437610626
396.0 21.577730774879456
397.0 29.024088382720947
398.0 37.69574761390686
399.0 47.163331508636475
400.0 56.7180335521698
401.0 65.74929356575012
402.0 74.1434633731842
403.0 81.16081953048706
404.0 86.3735556602478
405.0 90.3010904788971
406.0 92.53297448158264
407.0 94.343501329422
408.0 95.29036283493042
409.0 95.86511254310608
410.0 95.91104388237
411.0 95.73385715484619
412.0 95.34609913825989
413.0 95.15328407287598
414.0 95.04070281982422
415.0 95.18470168113708
416.0 95.62563300132751
417.0 95.98531126976013
418.0 96.52365446090698
419.0 97.12318181991577
420.0 97.60614037513733
421.0 98.19310307502747
422.0 98.26835989952087
423.0 98.43624830245972
424.0 98.2736349105835
425.0 98.14568758010864
426.0 98.11593890190125
427.0 98.07681441307068
428.0 97.8787899017334
429.0 97.64532446861267
430.0 97.50422835350037
431.0 97.5512444972992
432.0 97.53138422966003
433.0 97.60974645614624
434.0 97.65578508377075
435.0 97.87740707397461
436.0 97.90438413619995
437.0 97.87365198135376
438.0 97.96534776687622
439.0 98.065847158432
440.0 98.0168342590332
441.0 98.15201163291931
442.0 98.12164902687073
443.0 98.0962872505188
444.0 97.97772169113159
445.0 97.74832129478455
446.0 97.63399958610535
447.0 97.48908877372742
448.0 97.62173891067505
449.0 97.84269332885742
450.0 98.16277027130127
451.0 98.37384819984436
452.0 98.51532578468323
453.0 98.60783219337463
454.0 98.61563444137573
455.0 98.87099266052246
456.0 98.91685247421265
457.0 99.06888604164124
458.0 99.08300042152405
459.0 99.11109805107117
460.0 99.18243288993835
461.0 99.3137538433075
462.0 99.23592209815979
463.0 99.161696434021
464.0 99.27139282226562
465.0 99.16765689849854
466.0 99.17198419570923
467.0 99.18782711029053
468.0 99.22648072242737
469.0 99.25386905670166
470.0 99.14515614509583
471.0 99.01989698410034
472.0 99.02024269104004
473.0 98.9189624786377
474.0 98.74436259269714
475.0 98.79001379013062
476.0 98.78208041191101
477.0 98.84508848190308
478.0 98.93109202384949
479.0 98.92059564590454
480.0 99.06283020973206
481.0 99.15015697479248
482.0 99.31149482727051
483.0 99.21234250068665
484.0 99.37703013420105
485.0 99.42442774772644
486.0 99.42932724952698
487.0 99.49870109558105
488.0 99.43837523460388
489.0 99.51136112213135
490.0 99.39005970954895
491.0 99.42973256111145
492.0 99.32628870010376
493.0 99.3192732334137
494.0 99.25046563148499
495.0 99.30720925331116
496.0 99.15128946304321
497.0 99.06235933303833
498.0 98.85129928588867
499.0 98.9005982875824
500.0 98.85019659996033
501.0 98.79766702651978
502.0 98.71556162834167
503.0 98.81971478462219
504.0 98.69301915168762
505.0 98.74454736709595
506.0 98.78615140914917
507.0 98.73799085617065
508.0 98.75375032424927
509.0 98.75614047050476
510.0 98.66166710853577
511.0 98.64832758903503
512.0 98.52294325828552
513.0 98.6504852771759
514.0 98.65396618843079
515.0 98.64469766616821
516.0 98.7515926361084
517.0 98.7658143043518
518.0 98.82579445838928
519.0 98.79680275917053
520.0 98.879474401474
521.0 99.04250502586365
522.0 99.02733564376831
523.0 98.99595975875854
524.0 99.04180765151978
525.0 99.0652859210968
526.0 99.16786551475525
527.0 99.1614818572998
528.0 99.2607593536377
529.0 99.37547445297241
530.0 99.36032891273499
531.0 99.49585795402527
532.0 99.33144450187683
533.0 99.37162399291992
534.0 99.32276606559753
535.0 99.1054356098175
536.0 98.66129755973816
537.0 97.99416065216064
538.0 97.05390930175781
539.0 95.48075199127197
540.0 93.53537559509277
541.0 90.55819511413574
542.0 87.5033438205719
543.0 83.5869312286377
544.0 78.70101928710938
545.0 74.46037530899048
546.0 69.40377354621887
547.0 64.80088829994202
548.0 60.27464270591736
549.0 56.311434507369995
550.0 53.18206548690796
551.0 50.206923484802246
552.0 47.86916375160217
553.0 45.297011733055115
554.0 42.22760796546936
555.0 38.77890110015869
556.0 34.237706661224365
557.0 29.072123765945435
558.0 23.552247881889343
559.0 18.24497878551483
560.0 13.27938586473465
561.0 8.827654272317886
562.0 5.528173595666885
563.0 3.1690072268247604
564.0 1.7119012773036957
565.0 0.8304120972752571
566.0 0.4484993405640125
567.0 0.23208782076835632
568.0 0.14913672348484397
569.0 0.09766797302290797
570.0 0.076010957127437
571.0 0.0575785874389112
572.0 0.052909256191924214
573.0 0.039796793134883046
574.0 0.04520723596215248
575.0 0.03222718078177422
576.0 0.038786843651905656
577.0 0.026445617550052702
578.0 0.029469295986928046
579.0 0.026034953771159053
580.0 0.031257051159627736
581.0 0.019379265722818673
582.0 0.030143168987706304
583.0 0.02000674285227433
584.0 0.02663256018422544
585.0 0.021558356820605695
586.0 0.029414231539703906
587.0 0.017527434101793915
588.0 0.01975362974917516
589.0 0.01661739806877449
590.0 0.020440704247448593
591.0 0.014561775606125593
592.0 0.024826155276969075
593.0 0.009855091775534675
594.0 0.020389456767588854
595.0 0.007992849714355543
596.0 0.01803572231438011
597.0 0.010026772361015901
598.0 0.03328812017571181
599.0 0.008789097046246752
600.0 0.011258201993769035
601.0 0.0024850387490005232
602.0 0.0024690654754522257
603.0 0.0024530918381060474
604.0 0.002227261029474903
605.0 0.002001430402742699
606.0 0.002055597178696189
607.0 0.002109763772750739
608.0 0.0019050183254876174
609.0 0.0017002728782244958
610.0 0.001902202347991988
611.0 0.00210413163586054
612.0 0.0019268743926659226
613.0 0.001749617513269186
614.0 0.0018193966752733104
615.0 0.0018891763829742558
616.0 0.001971402161871083
617.0 0.0020536279407679103
618.0 0.0019119936041533947
619.0 0.0017703590856399387
620.0 0.0016771029550000094
621.0 0.0015838470062590204
622.0 0.001465902187192114
623.0 0.0013479571862262674
624.0 0.0014152888979879208
625.0 0.0014826206097495742
626.0 0.0014461291357292794
627.0 0.001409637934557395
628.0 0.001472139592806343
629.0 0.0015346417058026418
630.0 0.0014395786820387002
631.0 0.001344515294476878
632.0 0.0015410738342325203
633.0 0.001737632010190282
634.0 0.0016586604033363983
635.0 0.0015796884326846339
636.0 0.0014863435353618115
637.0 0.0013929992746852804
638.0 0.0013159146874386352
639.0 0.0012388299182930496
640.0 0.0011312252354400698
641.0 0.0010236201887892094
642.0 0.0013044535990047734
643.0 0.0015852871001698077
644.0 0.0014747586646990385
645.0 0.001364230047329329
646.0 0.0013654844224220142
647.0 0.0013667388884641696
648.0 0.0011445182281022426
649.0 0.0009222973858413752
650.0 0.0011755662853829563
651.0 0.0014288346392277163
652.0 0.0012322622751526069
653.0 0.0010356898201280273
654.0 0.0011590135727601591
655.0 0.0012823375072912313
656.0 0.0012606361451616976
657.0 0.001238934783032164
658.0 0.0011201899724255782
659.0 0.0010014456165663432
660.0 0.0009017108823172748
661.0 0.0008019762390176766
662.0 0.0010353482139180414
663.0 0.0012687204616668168
664.0 0.001243636324943509
665.0 0.0012185520063212607
666.0 0.0011135813110740855
667.0 0.0010086102520290297
668.0 0.0011269592505414039
669.0 0.001245308158104308
670.0 0.001238395088876132
671.0 0.0012314818377490155
672.0 0.0011614669347181916
673.0 0.0010914518497884274
674.0 0.0010764086255221628
675.0 0.0010613654012558982
676.0 0.0010588579243631102
677.0 0.0010563501746219117
678.0 0.001098483789974125
679.0 0.0011406174053263385
680.0 0.0010698446203605272
681.0 0.0009990715625463054
682.0 0.0010643101632012986
683.0 0.0011295485819573514
684.0 0.0009908320862450637
685.0 0.000852115590532776
686.0 0.0009690987099020276
687.0 0.0010860818292712793
688.0 0.0011281382285233121
689.0 0.001170194627775345
690.0 0.0010348993782827165
691.0 0.000899604128790088
692.0 0.0009105213393922895
693.0 0.0009214386409439612
694.0 0.0010297585504304152
695.0 0.0011380781870684586
696.0 0.0011833742064482067
697.0 0.0012286696801311336
698.0 0.0012874271305918228
699.0 0.0013461847629514523
700.0 0.0012031127880618442
701.0 0.0010600406312732957
702.0 0.001162593707704218
703.0 0.0012651466931856703
704.0 0.001261434499610914
705.0 0.0012577221241372172
706.0 0.0011641899618552998
707.0 0.0010706579814723227
708.0 0.0010684412700356916
709.0 0.0010662247404980008
710.0 0.001195822551380843
711.0 0.0013254206351120956
712.0 0.0012215262358949985
713.0 0.0011176320185768418
714.0 0.001178096681542229
715.0 0.0012385615264065564
716.0 0.0014838472452538554
717.0 0.001729133327899035
718.0 0.0019541961592040025
719.0 0.00217925899050897
720.0 0.0018516208001528867
721.0 0.0015239827007462736
722.0 0.0017427571947337128
723.0 0.0019615323253674433
724.0 0.0019190265447832644
725.0 0.0018765207641990855
726.0 0.0019820607121801004
727.0 0.0020876008420600556
728.0 0.0020491690520429984
729.0 0.002010737080127001
730.0 0.001986069946724456
731.0 0.001961402813321911
732.0 0.0018626013115863316
733.0 0.0017638003555475734
734.0 0.0015404761143145151
735.0 0.0013171520549803972
736.0 0.0012052111742377747
737.0 0.001093270202545682
738.0 0.001065719607140636
739.0 0.0010381691026850604
740.0 0.0009017118827614468
741.0 0.000765254571888363
742.0 0.0007524701231886866
743.0 0.0007396857199637452
744.0 0.0008728078682906926
745.0 0.0010059303349407855
746.0 0.0010049669072031975
747.0 0.0010040036613645498
748.0 0.001131111912400229
749.0 0.0012582203453348484
750.0 0.0010629385542415548
751.0 0.0008676572178956121
752.0 0.0008112815521599259
753.0 0.0007549061137979152
754.0 0.0008397064448217861
755.0 0.000924506730370922
756.0 0.0009045522347150836
757.0 0.0008845975571603049
758.0 0.0008407481800531968
759.0 0.0007968990757944994
760.0 0.000636111872154288
761.0 0.00047532462303934153
762.0 0.0006222546744538704
763.0 0.0007691844984947238
764.0 0.000830127282824833
765.0 0.0008910702490538824
766.0 0.0007804623237461783
767.0 0.0006698546258121496
768.0 0.0005623771357932128
769.0 0.0004548995548248058
770.0 0.0004167120550846448
771.0 0.0003785245098697487
772.0 0.0005776768830401124
773.0 0.0007768293471599463
774.0 0.0008808990060060751
775.0 0.0009849688467511442
776.0 0.0009211244105244987
777.0 0.0008572799742978532
778.0 0.0007312713933060877
779.0 0.0006052629487385275
780.0 0.0005814696123707108
781.0 0.0005576762305281591
782.0 0.000581810854782816
783.0 0.0006059452971385326
784.0 0.0007552529496024363
785.0 0.0009045605111168697
786.0 0.0007701420145167504
787.0 0.0006357239726639818
788.0 0.0004783480562764453
789.0 0.0003209722308383789
790.0 0.00022488372906082077
791.0 0.00012879521591457888
792.0 0.0002404869064775994
793.0 0.0003521786084093037
794.0 0.00038537614273082
795.0 0.00041857365431496873
796.0 0.0005029070507589495
797.0 0.0005872404017281951
798.0 0.0005751781372964615
799.0 0.000563115918339463
800.0 0.000621948220214108
801.0 0.0006807807039876934
802.0 0.0005753857294621412
803.0 0.0004699909368355293
804.0 0.00042475257941987365
805.0 0.00037951438116579084
806.0 0.00040738905227044597
807.0 0.00043526370063773356
808.0 0.0004507945504883537
809.0 0.00046632540033897385
810.0 0.00033599430935282726
811.0 0.00020566319562931312
812.0 0.000240173267229693
813.0 0.00027468331609270535
814.0 0.0003637502231867984
815.0 0.00045281713028089143
816.0 0.0005027637143939501
817.0 0.0005527102075575385
818.0 0.0004688357421400724
819.0 0.00038496132219734136
820.0 0.0005131388661538949
821.0 0.0006413163191609783
822.0 0.0005427510586741846
823.0 0.0004441857981873909
824.0 0.0004929048373014666
825.0 0.0005416238309408072
826.0 0.0006133337592473254
827.0 0.0006850436875538435
828.0 0.0005840533049195074
829.0 0.00048306283133570105
830.0 0.0004585445367411012
831.0 0.0004340262421465013
832.0 0.0005529454483621521
833.0 0.0006718646091030678
834.0 0.0005700298061128706
835.0 0.00046819509407214355
836.0 0.000507126151205739
837.0 0.0005460573447635397
838.0 0.00044501475713332184
839.0 0.00034397221497783903
840.0 0.000524980259797303
841.0 0.0007059882136672968
842.0 0.0004054007604281651
843.0 0.0001048130911840417
844.0 0.00018786817008731305
845.0 0.0002709232376219006
846.0 0.00045684837459702976
847.0 0.0006427736479963642
848.0 0.0005645079454552615
849.0 0.00048624233386362903
850.0 0.00048696401790948585
851.0 0.00048768570195534267
852.0 0.000539603570359759
853.0 0.0005915210294915596
854.0 0.0006082218988012755
855.0 0.0006249226316867862
856.0 0.0005867702839168487
857.0 0.0005486180270963814
858.0 0.0005720044555346249
859.0 0.0005953908384981332
860.0 0.0005654637334373547
861.0 0.0005355365374271059
862.0 0.00046970517360023223
863.0 0.00040387376429862343
864.0 0.0004006388735433575
865.0 0.0003974039827880915
866.0 0.0004749630079459166
867.0 0.0005525220785784768
868.0 0.0006585470600839471
869.0 0.0007645720870641526
870.0 0.0006284818027779693
871.0 0.0004923913365928456
872.0 0.0003983690476161428
873.0 0.00030434659947786713
874.0 0.00039030123843986075
875.0 0.0004762559001392219
876.0 0.0006616645350732142
877.0 0.0008470730790577363
878.0 0.0007617609298904426
879.0 0.0006764486442989437
880.0 0.0006769742412870983
881.0 0.0006775001111236634
882.0 0.0006319514341157628
883.0 0.0005864030299562728
884.0 0.0006026350547472248
885.0 0.0006188672614371171
886.0 0.0006455340553657152
887.0 0.0006722010766679887
888.0 0.0005917967428104021
889.0 0.0005113925908517558
890.0 0.0005805984983453527
891.0 0.00064980458773789
892.0 0.000598430688114604
893.0 0.000547056788491318
894.0 0.0005446748673421098
895.0 0.0005422929461929016
896.0 0.0003673792207337101
897.0 0.00019246547253715107
898.0 0.000322468167723855
899.0 0.0004524708856479265
900.0 0.00036137280403636396
901.0 0.00027027476789953653
902.0 0.0005123648861626862
903.0 0.0007544550499005709
904.0 0.0004184090812486829
905.0 8.23630557533761e-05
906.0 0.0003326060777908424
