lsstCam/transmission_filter_detector/r12_s21/g_6/19700101T000000.ecsv
# %ECSV 1.0
# ---
# datatype:
# - {name: wavelength, unit: nm, datatype: float32}
# - {name: efficiency, unit: '%', datatype: float64}
# meta: !!omap
# - {MODE: DETECTOR}
# - {TYPE: transmission_filter_detector}
# - {CALIBDATE: '1970-01-01T00:00:00'}
# - {INSTRUME: LSSTCam}
# - {OBSTYPE: transmission_filter_detector}
# - {CALIBCLS: lsst.ip.isr.IntermediateFilterDetectorTransmissionCurve}
# - {SOURCE: Materion (DM-46256)}
# - {DETECTOR: 52}
# - {FILTER: g_6}
# - {CALIB_ID: 'calibDate=1970-01-01T00:00:00 filter=g_6 detector=52'}
# - {DATE: '2025-04-02T15:59:42.267791'}
# - {CALIB_CREATION_DATE: '2025-04-02'}
# - {CALIB_CREATION_TIME: '15:59:42'}
# - __serialized_columns__:
#     efficiency:
#       __class__: astropy.units.quantity.Quantity
#       unit: !astropy.units.Unit {unit: '%'}
#       value: !astropy.table.SerializedColumn {name: efficiency}
#     wavelength:
#       __class__: astropy.units.quantity.Quantity
#       unit: !astropy.units.Unit {unit: nm}
#       value: !astropy.table.SerializedColumn {name: wavelength}
# schema: astropy-2.0
wavelength efficiency
[from data line 608]
908.0 0.00043790764721052255
909.0 0.00029296634238562547
910.0 0.0003112586227871361
911.0 0.00032955090318864677
912.0 0.0004725923645310104
913.0 0.0006156338713481091
914.0 0.0003768261422010255
915.0 0.00013801843579130946
916.0 0.00018033491642199806
917.0 0.00022265137431531912
918.0 0.00029150237423891667
919.0 0.00036035337416251423
920.0 0.0003659893764051958
921.0 0.00037162537864787737
922.0 0.0005479952051246073
923.0 0.0007243650088639697
924.0 0.0006311473498499254
925.0 0.000537929690835881
926.0 0.0005660250735672889
927.0 0.0005941205927229021
928.0 0.0005327806775312638
929.0 0.0004714407623396255
930.0 0.0005284266990202013
931.0 0.0005854126811755123
932.0 0.0005614597284875344
933.0 0.0005375068667490268
934.0 0.000597234384258627
935.0 0.0006569620381924324
936.0 0.0006350519925035769
937.0 0.0006131420377641916
938.0 0.0007005272891547065
939.0 0.0007879125405452214
940.0 0.0006473460416600574
941.0 0.0005067794063506881
942.0 0.0006694961030007107
943.0 0.0008322128451254684
944.0 0.0006516492703667609
945.0 0.0004710855591838481
946.0 0.0005069345661468105
947.0 0.0005427835276350379
948.0 0.0009051619599631522
949.0 0.0012675405741902068
950.0 0.0011216266102564987
951.0 0.0009757126463227905
952.0 0.000999146777758142
953.0 0.0010225810001429636
954.0 0.0009376765774504747
955.0 0.000852772245707456
956.0 0.0008324560440087225
957.0 0.0008121397513605189
958.0 0.0008829728358250577
959.0 0.0009538059202895965
960.0 0.0007343410288740415
961.0 0.0005148760010342812
962.0 0.0005966143362456933
963.0 0.0006783526714571053
964.0 0.0007565046416857513
965.0 0.000834656475490192
966.0 0.000830735189083498
967.0 0.0008268138117273338
968.0 0.0008144804269250017
969.0 0.0008021471330721397
970.0 0.0007308582553378073
971.0 0.0006595693321287399
972.0 0.0007642277523700614
973.0 0.0008688862180861179
974.0 0.0008353908015124034
975.0 0.0008018956577870995
976.0 0.0008788935701886658
977.0 0.0009558917554386426
978.0 0.0009903636964736506
979.0 0.0010248357284581289
980.0 0.0010332572855986655
981.0 0.0010416790246381424
982.0 0.0010225669939245563
983.0 0.0010034548722615
984.0 0.0010329908946005162
985.0 0.001062527189787943
986.0 0.0011334861483192071
987.0 0.0012044450159010012
988.0 0.0012131871699239127
989.0 0.0012219290510984138
990.0 0.001322161278949352
991.0 0.0014223935068002902
992.0 0.0013755978216067888
993.0 0.0013288022273627575
994.0 0.0012924354450660758
995.0 0.0012560688446683343
996.0 0.0012207423424115404
997.0 0.0011854157492052764
998.0 0.0012843844160670415
999.0 0.0013833531738782767
1000.0 0.0013255334124551155
1001.0 0.001267713560082484
1002.0 0.0012070846423739567
1003.0 0.0011464557246654294
1004.0 0.0011329217159072869
1005.0 0.001119387525250204
1006.0 0.0013478115761245135
1007.0 0.0015762356269988231
1008.0 0.0015938971046125516
1009.0 0.0016115593098220415
1010.0 0.0018028806152869947
1011.0 0.0019942022845498286
1012.0 0.0021351184841478243
1013.0 0.002276035047543701
1014.0 0.002287463576067239
1015.0 0.002298892468388658
1016.0 0.0026617639377946034
1017.0 0.003024635589099489
1018.0 0.0032599218684481457
1019.0 0.003495208511594683
1020.0 0.0035817836760543287
1021.0 0.003668359204311855
1022.0 0.004014167643617839
1023.0 0.004359976446721703
1024.0 0.004517065099207684
1025.0 0.004674153751693666
1026.0 0.004832853301195428
1027.0 0.00499155285069719
1028.0 0.004969731526216492
1029.0 0.0049479102017357945
1030.0 0.00520422872796189
1031.0 0.0054605468903901055
1032.0 0.005772599615738727
1033.0 0.006084652341087349
1034.0 0.005800812505185604
1035.0 0.00551697303308174
1036.0 0.00557168314117007
1037.0 0.005626392885460518
1038.0 0.005864856575499289
1039.0 0.00610332062933594
1040.0 0.006552282866323367
1041.0 0.007001244375715032
1042.0 0.007069658022373915
1043.0 0.007138070213841274
1044.0 0.007599990931339562
1045.0 0.008061910193646327
1046.0 0.009083990880753845
1047.0 0.010106070840265602
1048.0 0.011620877921814099
1049.0 0.01313568209297955
1050.0 0.01572248147567734
1051.0 0.018309276492800564
1052.0 0.022183281544130296
1053.0 0.02605729387141764
1054.0 0.031185310217551887
1055.0 0.03631332365330309
1056.0 0.04326936032157391
1057.0 0.0502253882586956
1058.0 0.05861260578967631
1059.0 0.06699980585835874
1060.0 0.0749682483728975
1061.0 0.08293666178360581
1062.0 0.09143458446487784
1063.0 0.09993248386308551
1064.0 0.10750741930678487
1065.0 0.11508234310895205
1066.0 0.1231228350661695
1067.0 0.13116333866491914
1068.0 0.13965892139822245
1069.0 0.14815452741459012
1070.0 0.15727150021120906
1071.0 0.166388473007828
1072.0 0.17581071006134152
1073.0 0.18523290054872632
1074.0 0.1946680131368339
1075.0 0.2041031839326024
1076.0 0.21451490465551615
1077.0 0.22492660209536552
1078.0 0.23694108240306377
1079.0 0.24895553942769766
1080.0 0.2654619747772813
1081.0 0.2819684101268649
1082.0 0.31132716685533524
1083.0 0.34068592358380556
1084.0 0.38239629939198494
1085.0 0.4241066984832287
1086.0 0.46238857321441174
1087.0 0.5006705410778522
1088.0 0.5681980401277542
1089.0 0.6357254926115274
1090.0 0.7181001361459494
1091.0 0.8004747331142426
1092.0 0.8405688218772411
1093.0 0.8806626312434673
1094.0 0.9359019808471203
1095.0 0.9911410510540009
1096.0 1.0685351677238941
1097.0 1.1459293775260448
1098.0 1.2269141152501106
1099.0 1.3078990392386913
1100.0 1.5600711107254028
1101.0 1.812242902815342
