lsstCam/transmission_filter_detector/r42_s01/r_57/19700101T000000.ecsv
# %ECSV 1.0
# ---
# datatype:
# - {name: wavelength, unit: nm, datatype: float32}
# - {name: efficiency, unit: '%', datatype: float64}
# meta: !!omap
# - {MODE: DETECTOR}
# - {TYPE: transmission_filter_detector}
# - {CALIBDATE: '1970-01-01T00:00:00'}
# - {INSTRUME: LSSTCam}
# - {OBSTYPE: transmission_filter_detector}
# - {CALIBCLS: lsst.ip.isr.IntermediateFilterDetectorTransmissionCurve}
# - {SOURCE: Materion (DM-46256)}
# - {DETECTOR: 172}
# - {FILTER: r_57}
# - {CALIB_ID: 'calibDate=1970-01-01T00:00:00 filter=r_57 detector=172'}
# - {DATE: '2025-04-02T15:59:44.980193'}
# - {CALIB_CREATION_DATE: '2025-04-02'}
# - {CALIB_CREATION_TIME: '15:59:44'}
# - __serialized_columns__:
#     efficiency:
#       __class__: astropy.units.quantity.Quantity
#       unit: !astropy.units.Unit {unit: '%'}
#       value: !astropy.table.SerializedColumn {name: efficiency}
#     wavelength:
#       __class__: astropy.units.quantity.Quantity
#       unit: !astropy.units.Unit {unit: nm}
#       value: !astropy.table.SerializedColumn {name: wavelength}
# schema: astropy-2.0
wavelength efficiency
300.0 0.002042565029114485
301.0 0.004884463487542234
302.0 0.007726362673565745
303.0 0.010091078729601577
304.0 0.012455793330445886
305.0 0.011474971688585356
306.0 0.010494149319129065
307.0 0.00928137669689022
308.0 0.008068602619459853
309.0 0.007408579404000193
310.0 0.006748555460944772
311.0 0.006107395165599883
312.0 0.0054662348702549934
313.0 0.0051750401325989515
314.0 0.00488384575874079
315.0 0.004452337816474028
316.0 0.004020828419015743
317.0 0.0036737787013407797
318.0 0.003326728256070055
319.0 0.003133360223728232
320.0 0.0029399923732853495
321.0 0.002809271063597407
322.0 0.0026785501177073456
323.0 0.002434795351291541
324.0 0.0021910407667746767
325.0 0.0021758198272436857
326.0 0.0021605992515105754
327.0 0.0020972731363144703
328.0 0.002033946839219425
329.0 0.0021767891666968353
330.0 0.002319632039871067
331.0 0.00240729350480251
332.0 0.0024949549697339535
333.0 0.0021855659724678844
334.0 0.0018761771571007557
335.0 0.001624374090170022
336.0 0.0013725710232392885
337.0 0.0011989514860033523
338.0 0.001025331857817946
339.0 0.0009843903171713464
340.0 0.0009434485036763363
341.0 0.0009102234798774589
342.0 0.0008769983651291113
343.0 0.000858297153172316
344.0 0.0008395961231144611
345.0 0.0008132371476676781
346.0 0.0007868781722208951
347.0 0.0007732363883405924
348.0 0.0007595944680360844
349.0 0.0007931337677291594
350.0 0.004217679452267475
351.0 0.004964433537679724
352.0 0.0057111887144856155
353.0 0.004620233812602237
354.0 0.003529280365910381
355.0 0.004668942710850388
356.0 0.0058086050557903945
357.0 0.005617408896796405
358.0 0.0054262149205897
359.0 0.003789275433518924
360.0 0.0021523359464481473
361.0 0.002323269654880278
362.0 0.0024942033633124083
363.0 0.002710511216719169
364.0 0.0029268188882269897
365.0 0.003100446701864712
366.0 0.003274073969805613
367.0 0.0030269258786574937
368.0 0.0027797779694083147
369.0 0.0034689262975007296
370.0 0.004158075898885727
371.0 0.003915800334652886
372.0 0.0036735247704200447
373.0 0.003964767893194221
374.0 0.004256011015968397
375.0 0.0030752478778595105
376.0 0.0018944845578516833
377.0 0.0017990192645811476
378.0 0.0017035541532095522
379.0 0.001833205169532448
380.0 0.0019628558220574632
381.0 0.0027863508876180276
382.0 0.0036098455893807113
383.0 0.003926908175344579
384.0 0.004243971125106327
385.0 0.0044951040763407946
386.0 0.004746237391373143
387.0 0.004227887620800175
388.0 0.003709537850227207
389.0 0.002578858402557671
390.0 0.0014481790458376054
391.0 0.0009262736057280563
392.0 0.00040436825656797737
393.0 0.0008220326890295837
394.0 0.00123969712149119
395.0 0.0011687307051033713
396.0 0.001097764470614493
397.0 0.00098739319582819
398.0 0.0008770218300924171
399.0 0.0010702473446144722
400.0 0.0012634733138838783
401.0 0.0012317163964326028
402.0 0.001199959297082387
403.0 0.0012509658517956268
404.0 0.0013019724974583369
405.0 0.0012170668924227357
406.0 0.0011321613783366047
407.0 0.0011381674084987026
408.0 0.001144173711509211
409.0 0.0016224335922743194
410.0 0.0021006932001910172
411.0 0.0018815559087670408
412.0 0.001662418435444124
413.0 0.0016926614989642985
414.0 0.0017229047443834133
415.0 0.0016239810065599158
416.0 0.0015250574506353587
417.0 0.001488042835262604
418.0 0.0014510282198898494
419.0 0.002242400478280615
420.0 0.0030337725547724403
421.0 0.00476382665510755
422.0 0.006493880209745839
423.0 0.009390811464982107
424.0 0.012287741992622614
425.0 0.01631245104363188
426.0 0.020337161549832672
427.0 0.020597598631866276
428.0 0.020858037169091403
429.0 0.016686742310412228
430.0 0.012515447451733053
431.0 0.008694338612258434
432.0 0.004873227953794412
433.0 0.003967333759646863
434.0 0.003061439565499313
435.0 0.0025539375201333314
436.0 0.0020464352928684093
437.0 0.0014792522961215582
438.0 0.0009120690265262965
439.0 0.0009121374205278698
440.0 0.0009122059054789133
441.0 0.001126980805565836
442.0 0.0013417558875516988
443.0 0.0015824423826416023
444.0 0.0018231286958325654
445.0 0.0014294195352704264
446.0 0.0010357103747082874
447.0 0.0012456402146199252
448.0 0.001455569508834742
449.0 0.0014713575183122884
450.0 0.0014871452549414244
451.0 0.0014440942322835326
452.0 0.001401043300575111
453.0 0.0014426469533646014
454.0 0.0014842506061540917
455.0 0.0012056933883286547
456.0 0.0009271362614526879
457.0 0.001018185412249295
458.0 0.0011092348358943127
459.0 0.0011952633030887228
460.0 0.0012812915883841924
461.0 0.0019510696802171879
462.0 0.002620848135848064
463.0 0.0034601638617459685
464.0 0.004299479769542813
465.0 0.005130286444909871
466.0 0.0059610923926811665
467.0 0.006477783608715981
468.0 0.00699447700753808
469.0 0.006040075459168293
470.0 0.005085674638394266
471.0 0.0036827826988883317
472.0 0.0022798903955845162
473.0 0.0017269399904762395
474.0 0.001173989676317433
475.0 0.0010529395694902632
476.0 0.0009318897355115041
477.0 0.0008714467185200192
478.0 0.0008110037015285343
479.0 0.0007534471478720661
480.0 0.0006958905487408629
481.0 0.0006191602551552933
482.0 0.0005424298251455184
483.0 0.0005229182079347083
484.0 0.0005034066361986334
485.0 0.0006223522632353706
486.0 0.0007412977083731676
487.0 0.000729099565432989
488.0 0.0007169013770180754
489.0 0.00085451847553486
490.0 0.0009921355740516447
491.0 0.0009080219570023473
492.0 0.00082390833995305
493.0 0.0008830471415421925
494.0 0.0009421859431313351
495.0 0.0010035440027422737
496.0 0.001064902335201623
497.0 0.0010772465429909062
498.0 0.0010895909326791298
499.0 0.001166368201666046
500.0 0.001243145379703492
501.0 0.0015819750842638314
502.0 0.0019208047888241708
503.0 0.0021361141989473253
504.0 0.002351423063373659
505.0 0.0028523101718747057
506.0 0.0033531970984768122
507.0 0.0041196988604497164
508.0 0.00488620025862474
509.0 0.005258517558104359
510.0 0.005630834493786097
511.0 0.005054226494394243
512.0 0.004477618495002389
513.0 0.0037659992813132703
514.0 0.0030543800676241517
515.0 0.0029528315280913375
516.0 0.002851282806659583
517.0 0.0027945679903496057
518.0 0.002737853537837509
519.0 0.05832720780745149
520.0 0.10215919464826584
521.0 0.0014270855899667367
522.0 0.10992973111569881
523.0 0.14579613925889134
524.0 0.08645675261504948
525.0 0.047630202607251704
526.0 0.04352276446297765
527.0 0.08532173233106732
528.0 0.20836452022194862
529.0 0.08273025159724057
530.0 0.14966223388910294
531.0 0.11233121622353792
532.0 0.18419715343043208
533.0 0.31088406685739756
534.0 0.4075330216437578
535.0 0.46114493161439896
536.0 0.561840832233429
537.0 0.8581916801631451
538.0 1.345896814018488
539.0 2.1161315962672234
540.0 3.4607142210006714
541.0 5.105836316943169
542.0 7.485488802194595
543.0 10.467106103897095
544.0 14.00102972984314
545.0 17.98027753829956
546.0 22.97675311565399
547.0 29.05421257019043
548.0 36.78802847862244
549.0 44.95064616203308
550.0 51.78738236427307
551.0 59.51613187789917
552.0 65.1239275932312
553.0 70.12828588485718
554.0 74.37989711761475
555.0 78.52246761322021
556.0 82.36695528030396
557.0 85.2317750453949
558.0 88.85328769683838
559.0 91.82353615760803
560.0 92.30170845985413
561.0 94.28585767745972
562.0 95.109623670578
563.0 94.80762481689453
564.0 95.51950097084045
565.0 95.30012607574463
566.0 96.00292444229126
567.0 95.08350491523743
568.0 95.56551575660706
569.0 96.28969430923462
570.0 95.93981504440308
571.0 96.93831205368042
572.0 96.60478234291077
573.0 96.67176008224487
574.0 97.18445539474487
575.0 96.7347264289856
576.0 97.37146496772766
577.0 97.05989956855774
578.0 96.8828022480011
579.0 96.63858413696289
580.0 96.6651201248169
581.0 96.49147987365723
582.0 96.7907726764679
583.0 96.71218991279602
584.0 95.90843915939331
585.0 96.49978280067444
586.0 96.20131850242615
587.0 96.122807264328
588.0 96.21361494064331
589.0 97.27550148963928
590.0 96.42801880836487
591.0 95.70634961128235
592.0 95.70960402488708
593.0 95.8897054195404
594.0 96.01127505302429
595.0 96.14761471748352
596.0 96.58451080322266
597.0 97.05544710159302
598.0 96.50525450706482
599.0 96.47108912467957
600.0 96.21115922927856
601.0 95.75126767158508
602.0 96.39093279838562
603.0 95.82996368408203
604.0 96.41183614730835
605.0 96.35740518569946
606.0 96.33626937866211
607.0 95.97304463386536
608.0 96.35756015777588
609.0 95.43498754501343
610.0 95.83112597465515
611.0 95.96794247627258
612.0 95.45844793319702
613.0 97.18067049980164
614.0 96.58954739570618
615.0 96.01118564605713
616.0 95.99529504776001
617.0 96.44170999526978
618.0 95.95280885696411
619.0 96.63979411125183
620.0 95.84341645240784
621.0 95.60695290565491
622.0 96.38118743896484
623.0 96.67226076126099
624.0 96.29934430122375
625.0 96.77428007125854
626.0 95.90035676956177
627.0 95.01892328262329
628.0 97.02650308609009
629.0 95.41422724723816
630.0 96.53648138046265
631.0 96.15914821624756
632.0 96.54407501220703
633.0 96.37914299964905
634.0 95.83799242973328
635.0 96.0976779460907
636.0 96.41538262367249
637.0 95.44463753700256
638.0 95.30202150344849
639.0 95.27832269668579
640.0 95.61327695846558
641.0 95.34720778465271
642.0 96.06285095214844
643.0 95.83836793899536
644.0 95.99093198776245
645.0 96.07104659080505
646.0 96.19059562683105
647.0 96.97408080101013
648.0 96.34836316108704
649.0 95.6859827041626
650.0 96.37338519096375
651.0 96.55435681343079
652.0 96.54585719108582
653.0 95.81614136695862
654.0 96.60082459449768
655.0 96.45994305610657
656.0 95.62280178070068
657.0 95.91472744941711
658.0 96.4831292629242
659.0 96.03345990180969
660.0 95.0302004814148
661.0 95.50079107284546
662.0 95.59878706932068
663.0 95.59735655784607
664.0 95.44180035591125
665.0 95.24767398834229
666.0 95.39408683776855
667.0 95.43668031692505
668.0 95.07655501365662
669.0 95.53678631782532
670.0 95.33045887947083
671.0 95.54260969161987
672.0 95.28396725654602
673.0 95.36222815513611
674.0 94.78596448898315
675.0 95.73172330856323
676.0 95.08028626441956
677.0 94.09453272819519
678.0 93.2047426700592
679.0 92.54821538925171
680.0 92.00060963630676
681.0 90.4708981513977
682.0 88.59162926673889
683.0 85.98846197128296
684.0 82.83447623252869
685.0 79.34573292732239
686.0 75.36190748214722
687.0 71.09894752502441
688.0 66.52387976646423
689.0 62.118422985076904
690.0 56.722187995910645
691.0 52.489256858825684
692.0 48.04590344429016
693.0 43.747732043266296
694.0 38.74998390674591
695.0 33.754220604896545
696.0 28.438135981559753
697.0 23.377226293087006
698.0 17.558057606220245
699.0 12.979798018932343
700.0 9.263941645622253
701.0 5.971666052937508
702.0 3.775152936577797
703.0 2.231309376657009
704.0 1.2556360103189945
705.0 0.7268649991601706
706.0 0.4856138024479151
707.0 0.3010869026184082
708.0 0.23134779185056686
709.0 0.16804536571726203
710.0 0.11320053599774837
711.0 0.08262223564088345
712.0 0.031306041637435555
713.0 0.01818326418288052
714.0 0.07602066616527736
715.0 0.05509760230779648
716.0 0.10609278688207269
717.0 0.08947947644628584
718.0 0.08155781542882323
719.0 0.06898497813381255
720.0 1.6066321450319831e-10
721.0 0.004307098060962744
722.0 0.004277035259292461
723.0 0.004246972093824297
724.0 0.0038828529795864597
725.0 0.0035187335015507415
726.0 0.003339647446409799
727.0 0.0031605606636730954
728.0 0.0030173870982252993
729.0 0.0028742131689796224
730.0 0.0026840765713131987
731.0 0.002493939973646775
732.0 0.002412861977063585
733.0 0.002331784344278276
734.0 0.002217406108684372
735.0 0.002103028236888349
736.0 0.002032150950981304
737.0 0.0019612733012763783
738.0 0.0017696931536193006
739.0 0.0015781131878611632
740.0 0.0015981409887899645
741.0 0.0016181687897187658
742.0 0.0015372230336652137
743.0 0.001456276913813781
744.0 0.001471956966270227
745.0 0.0014876371096761432
746.0 0.0013889414731238503
747.0 0.0012902460184704978
748.0 0.0012933664947922807
749.0 0.0012964868801645935
750.0 0.0012632758625841234
751.0 0.0012300647540541831
752.0 0.001147778039012337
753.0 0.0010654912330210209
754.0 0.0011249431736359838
755.0 0.0011843949323520064
756.0 0.0011411179912101943
757.0 0.001097840959118912
758.0 0.001148865521827247
759.0 0.0011998904483334627
760.0 0.0012517383765953127
761.0 0.0013035864867561031
762.0 0.0011920663382625207
763.0 0.0010805461897689383
764.0 0.0010677003047021572
765.0 0.0010548541467869654
766.0 0.000907822231965838
767.0 0.0007607902261952404
768.0 0.0008356047146662604
769.0 0.0009104192031372804
770.0 0.0008649816663819365
771.0 0.0008195438567781821
772.0 0.0008580912435718346
773.0 0.0008966384484665468
774.0 0.0008513998182024807
775.0 0.0008061610969889443
776.0 0.0008272655577457044
777.0 0.0008483702004014049
778.0 0.0008078528480837122
779.0 0.0007673354048165493
780.0 0.0006910297997819725
781.0 0.0006147239218989853
782.0 0.0007007138265180402
783.0 0.0007867038220865652
784.0 0.000802099566499237
785.0 0.0008174951290129684
786.0 0.0007420054771500872
787.0 0.0006665158252872061
788.0 0.0007155472758313408
789.0 0.0007645790901733562
790.0 0.0006340716026898008
791.0 0.000503563933307305
792.0 0.0005282077381707495
793.0 0.0005528515885089291
794.0 0.0006754901278327452
795.0 0.0007981286216818262
796.0 0.0007430136065522674
797.0 0.0006878985914227087
798.0 0.0007020747943897732
799.0 0.0007162510428315727
800.0 0.0007067150818329537
801.0 0.0006971789844101295
802.0 0.0006910996489750687
803.0 0.0006850203135400079
804.0 0.0007109814305295004
805.0 0.0007369425020442577
806.0 0.0006235616638150532
807.0 0.0005101809620100539
808.0 0.0006349943305394845
809.0 0.0007598076990689151
810.0 0.0007563558028778061
811.0 0.0007529036338382866
812.0 0.000702127545082476
813.0 0.0006513512289529899
814.0 0.0007652729436813388
815.0 0.0008791945219854824
816.0 0.0008418420293310191
817.0 0.0008044894457270857
818.0 0.0006012938229105202
819.0 0.00039809842746763024
820.0 0.0005377691650210181
821.0 0.000677439902574406
822.0 0.0006197320544742979
823.0 0.0005620243427983951
824.0 0.0005905338184675202
825.0 0.0006190435215103207
826.0 0.0006693318027828354
827.0 0.00071961999310588
828.0 0.0006226488949323539
829.0 0.0005256778422335628
830.0 0.00025560807443980593
831.0 1.6066321450319831e-10
832.0 2.1415953455061754e-06
833.0 1.874495723086511e-05
834.0 1.6066321450319831e-10
835.0 1.6066321450319831e-10
836.0 0.0002212032995885238
837.0 0.0005697540927940281
838.0 0.0013947186744189821
839.0 0.002219683301518671
840.0 0.0028493997888290323
841.0 0.0034791162761393934
842.0 0.0038771217077737674
843.0 0.0042751256842166185
844.0 0.003733521225512959
845.0 0.0031919167668092996
846.0 0.002746528116404079
847.0 0.0023011396478977986
848.0 0.002198198126279749
849.0 0.0020952567865606397
850.0 0.0021154988644411787
851.0 0.0021357409423217177
852.0 0.0019157268980052322
853.0 0.001695713035587687
854.0 0.001481823801441351
855.0 0.001267934658244485
856.0 0.001066571167029906
857.0 0.0008652075848658569
858.0 0.0006386247605405515
859.0 0.0004120420271647163
860.0 0.0003084692934862687
861.0 0.00020489655980782118
862.0 0.00022210840597836068
863.0 0.00023932025214890018
864.0 0.00020219736143189948
865.0 0.00016507448208358255
866.0 0.00019301883185107727
867.0 0.00022096319298725575
868.0 0.00010607271860862966
869.0 1.6066321450319831e-10
870.0 0.00016018448150134645
871.0 0.00032918671877268935
872.0 0.0002790717189782299
873.0 0.00022895674192113802
874.0 0.000253869075095281
875.0 0.00027878138553205645
876.0 0.00016851452073751716
877.0 5.8247667311661644e-05
878.0 3.0314453169921762e-05
879.0 2.3812487981444974e-06
880.0 9.481065035288339e-05
881.0 0.00018724007304626866
882.0 0.00014239261645343504
883.0 9.75452053353365e-05
884.0 0.00013588348792836769
885.0 0.00017422180462745018
886.0 0.00020651455088227522
887.0 0.0002388072743997327
888.0 0.0001909477987283026
889.0 0.00014308830031950492
890.0 0.00015506680028920528
891.0 0.0001670453116275894
892.0 0.00016667984255036572
893.0 0.00016631436210445827
894.0 7.342155754486157e-05
895.0 1.6066321450319831e-10
896.0 1.6066321450319831e-10
897.0 1.6066321450319831e-10
898.0 1.6066321450319831e-10
899.0 1.252351022884568e-06
900.0 6.100152205590348e-06
