lsstCam/transmission_filter_detector/r42_s01/r_57/19700101T000000.ecsv
# %ECSV 1.0
# ---
# datatype:
# - {name: wavelength, unit: nm, datatype: float32}
# - {name: efficiency, unit: '%', datatype: float64}
# meta: !!omap
# - {MODE: DETECTOR}
# - {TYPE: transmission_filter_detector}
# - {CALIBDATE: '1970-01-01T00:00:00'}
# - {INSTRUME: LSSTCam}
# - {OBSTYPE: transmission_filter_detector}
# - {CALIBCLS: lsst.ip.isr.IntermediateFilterDetectorTransmissionCurve}
# - {SOURCE: Materion (DM-46256)}
# - {DETECTOR: 172}
# - {FILTER: r_57}
# - {CALIB_ID: 'calibDate=1970-01-01T00:00:00 filter=r_57 detector=172'}
# - {DATE: '2025-04-02T15:59:44.980193'}
# - {CALIB_CREATION_DATE: '2025-04-02'}
# - {CALIB_CREATION_TIME: '15:59:44'}
# - __serialized_columns__:
#     efficiency:
#       __class__: astropy.units.quantity.Quantity
#       unit: !astropy.units.Unit {unit: '%'}
#       value: !astropy.table.SerializedColumn {name: efficiency}
#     wavelength:
#       __class__: astropy.units.quantity.Quantity
#       unit: !astropy.units.Unit {unit: nm}
#       value: !astropy.table.SerializedColumn {name: wavelength}
# schema: astropy-2.0
wavelength efficiency
[from data line 602]
902.0 1.2467174315133889e-05
903.0 1.3986419844513875e-05
904.0 0.00012301222795940703
905.0 0.00023203801902127452
906.0 0.00015682500134062138
907.0 8.161199502865202e-05
908.0 0.00014020445178175578
909.0 0.00019879689716617577
910.0 0.00014602675264541176
911.0 9.325660812464776e-05
912.0 0.0001494267166890495
913.0 0.0002055968025160837
914.0 0.00018083683244185522
915.0 0.00015607682826157543
916.0 0.00014785119901716826
917.0 0.0001396255584040773
918.0 0.00012228076684550615
919.0 0.00010493597528693499
920.0 0.00015061447129482985
921.0 0.00019629296730272472
922.0 0.00017497974340585642
923.0 0.0001536665308776719
924.0 0.0002079675823551952
925.0 0.00026226864520140225
926.0 0.0002611071067804005
927.0 0.00025994561383413384
928.0 0.0002581077069407911
929.0 0.0002562697545727133
930.0 0.00020718771338579245
931.0 0.00015810567219887162
932.0 0.00015594941942254081
933.0 0.00015379316664621
934.0 0.00012162464599896339
935.0 8.945611398303299e-05
936.0 5.6308516604985925e-05
937.0 2.3160917805853387e-05
938.0 1.6066321450319831e-10
939.0 1.6066321450319831e-10
940.0 1.510218368139249e-05
941.0 7.694732744312205e-05
942.0 0.00022250494566833368
943.0 0.00036806250136578456
944.0 0.00033740025173756294
945.0 0.0003067379338972387
946.0 0.0005003100795875071
947.0 0.0006938822934898781
948.0 0.0006066306923457887
949.0 0.0005193792731006397
950.0 0.0005522199444385478
951.0 0.0005850605248269858
952.0 0.0006342500000755535
953.0 0.0006834395662735915
954.0 0.00091887304733973
955.0 0.0011543066648300737
956.0 0.00106117649920634
957.0 0.0009680466064310167
958.0 0.001226624590344727
959.0 0.0014852024833089672
960.0 0.0016406231225118972
961.0 0.0017960439436137676
962.0 0.0018811662812368013
963.0 0.0019662884369608946
964.0 0.002102706457662862
965.0 0.0022391246602637693
966.0 0.002238801243947819
967.0 0.002238478191429749
968.0 0.002246473013656214
969.0 0.0022544678358826786
970.0 0.002372526068938896
971.0 0.002490584120096173
972.0 0.0025482562705292366
973.0 0.002605928966659121
974.0 0.0027883741495315917
975.0 0.0029708200599998236
976.0 0.003080684837186709
977.0 0.0031905496143735945
978.0 0.003206803376087919
979.0 0.003223057501600124
980.0 0.0032438339985674247
981.0 0.0032646104955347255
982.0 0.003204612949048169
983.0 0.0031446154025616124
984.0 0.0031114686862565577
985.0 0.003078321969951503
986.0 0.0029357201128732413
987.0 0.0027931188014918007
988.0 0.0027401472834753804
989.0 0.0026871759473579004
990.0 0.002683621278265491
991.0 0.002680066791072022
992.0 0.00260620527114952
993.0 0.002532343933125958
994.0 0.002557509833422955
995.0 0.002582676097517833
996.0 0.0026406620236230083
997.0 0.0026986479497281834
998.0 0.0027698473786585964
999.0 0.0028410469894879498
1000.0 0.002923655483755283
1001.0 0.0030062639780226164
1002.0 0.0032302956242347136
1003.0 0.0034543270885478705
1004.0 0.003703664697241038
1005.0 0.003953002669732086
1006.0 0.004003442882094532
1007.0 0.004053883094456978
1008.0 0.004055501995026134
1009.0 0.004057120167999528
1010.0 0.004057745900354348
1011.0 0.004058371632709168
1012.0 0.004072960655321367
1013.0 0.0040875493141356856
1014.0 0.004046899266541004
1015.0 0.004006249218946323
1016.0 0.0035073135222774
1017.0 0.0030083774618105963
1018.0 0.0028565344109665602
1019.0 0.002704691360122524
1020.0 0.0024422122805844992
1021.0 0.002179732655349653
1022.0 0.001937886372616049
1023.0 0.0016960399079835042
1024.0 0.00151626036313246
1025.0 0.0013364810001803562
1026.0 0.0011723701391019858
1027.0 0.0010082598237204365
1028.0 0.000922372146305861
1029.0 0.0008364846507902257
1030.0 0.0009105159733735491
1031.0 0.0009845472959568724
1032.0 0.0007580666988360463
1033.0 0.0005315861471899552
1034.0 0.0006552039849339053
1035.0 0.0007788218681525905
1036.0 0.0006869191111036344
1037.0 0.0005950163085799431
1038.0 0.0008580905159760732
1039.0 0.0011211646778974682
1040.0 0.0009457624400965869
1041.0 0.0007703602022957057
1042.0 0.0008545139280613512
1043.0 0.0009386677447764669
1044.0 0.0008959807928476948
1045.0 0.0008532938409189228
1046.0 0.0006083817424951121
1047.0 0.0003634695758591988
1048.0 0.0004980724497727351
1049.0 0.0006326754828478443
1050.0 0.0008519731636624783
1051.0 0.0010712707990023773
1052.0 0.001160751980933128
1053.0 0.0012502331628638785
1054.0 0.0011944014659093227
1055.0 0.001138569859904237
1056.0 0.0010968197784677614
1057.0 0.0010550699698796961
1058.0 0.0010742602171376348
1059.0 0.0010934504643955734
1060.0 0.0010871941412915476
1061.0 0.0010809375453391112
1062.0 0.0009776287697604857
1063.0 0.0008743198122829199
1064.0 0.0010744489372882526
1065.0 0.0012745780622935854
1066.0 0.0016004438293748535
1067.0 0.0019263094145571813
1068.0 0.0018958338841912337
1069.0 0.0018653581719263457
1070.0 0.001761150087986607
1071.0 0.0016569420040468685
1072.0 0.002236930959043093
1073.0 0.0028169204597361386
1074.0 0.0026932155378744937
1075.0 0.0025695107979117893
1076.0 0.0023992710339371115
1077.0 0.0022290312699624337
1078.0 0.002832294376275968
1079.0 0.0034355573006905615
1080.0 0.00338674035447184
1081.0 0.003337923772050999
1082.0 0.00400630924559664
1083.0 0.004674695446738042
1084.0 0.003765829387702979
1085.0 0.0028569633286679164
1086.0 0.0033304964745184407
1087.0 0.0038040292565710843
1088.0 0.0035637633118312806
1089.0 0.003323497003293596
1090.0 0.0035509419831214473
1091.0 0.0037783869629492983
1092.0 0.003813118746620603
1093.0 0.0038478505302919075
1094.0 0.0031627758289687335
1095.0 0.0024777011276455596
1096.0 0.0025762095901882276
1097.0 0.0026747178708319552
1098.0 0.002432666951790452
1099.0 0.0021906163965468295
1100.0 0.0019456327208899893
1101.0 0.001700649045233149
