lsstCam/transmission_filter_detector/r21_s20/y_10/19700101T000000.ecsv
# %ECSV 1.0
# ---
# datatype:
# - {name: wavelength, unit: nm, datatype: float32}
# - {name: efficiency, unit: '%', datatype: float64}
# meta: !!omap
# - {MODE: DETECTOR}
# - {TYPE: transmission_filter_detector}
# - {CALIBDATE: '1970-01-01T00:00:00'}
# - {INSTRUME: LSSTCam}
# - {OBSTYPE: transmission_filter_detector}
# - {CALIBCLS: lsst.ip.isr.IntermediateFilterDetectorTransmissionCurve}
# - {SOURCE: Materion (DM-46256)}
# - {DETECTOR: 87}
# - {FILTER: y_10}
# - {CALIB_ID: 'calibDate=1970-01-01T00:00:00 filter=y_10 detector=87'}
# - {DATE: '2025-04-02T15:59:51.146145'}
# - {CALIB_CREATION_DATE: '2025-04-02'}
# - {CALIB_CREATION_TIME: '15:59:51'}
# - __serialized_columns__:
#     efficiency:
#       __class__: astropy.units.quantity.Quantity
#       unit: !astropy.units.Unit {unit: '%'}
#       value: !astropy.table.SerializedColumn {name: efficiency}
#     wavelength:
#       __class__: astropy.units.quantity.Quantity
#       unit: !astropy.units.Unit {unit: nm}
#       value: !astropy.table.SerializedColumn {name: wavelength}
# schema: astropy-2.0
wavelength efficiency
[from data line 577]
877.0 0.0018882088625105098
878.0 0.0017661990568740293
879.0 0.0017814507373259403
880.0 0.07232917123474181
881.0 0.10250372579321265
882.0 0.0708334962837398
883.0 0.10036298772320151
884.0 0.0661978148855269
885.0 0.10663128923624754
886.0 0.07879136828705668
887.0 0.09450207580812275
888.0 0.06340245599858463
889.0 0.10395951103419065
890.0 0.066335778683424
891.0 0.1024802215397358
892.0 0.07067793630994856
893.0 0.1137377112172544
894.0 0.07374215638265014
895.0 0.09667023550719023
896.0 0.09429566562175751
897.0 0.11979341506958008
898.0 0.08682208717800677
899.0 0.12873333180323243
900.0 0.11239070445299149
901.0 0.13928668340668082
902.0 0.16751443035900593
903.0 0.19812416285276413
904.0 0.22148136049509048
905.0 0.25471693370491266
906.0 0.31724972650408745
907.0 0.3908153623342514
908.0 0.5258506629616022
909.0 0.7225570268929005
910.0 1.0228016413748264
911.0 1.465744711458683
912.0 2.142401784658432
913.0 3.1949952244758606
914.0 4.435467347502708
915.0 6.246596947312355
916.0 8.433671295642853
917.0 10.822364687919617
918.0 13.552144169807434
919.0 16.151495277881622
920.0 19.64164525270462
921.0 23.26057404279709
922.0 26.86096727848053
923.0 31.175699830055237
924.0 35.88646352291107
925.0 41.1116749048233
926.0 47.39454388618469
927.0 54.162395000457764
928.0 60.09523272514343
929.0 66.54831767082214
930.0 72.22036719322205
931.0 77.7675211429596
932.0 82.9019844532013
933.0 87.23323345184326
934.0 90.35062193870544
935.0 92.57826805114746
936.0 94.25694942474365
937.0 95.48864364624023
938.0 96.2546706199646
939.0 96.59557938575745
940.0 96.8807578086853
941.0 97.08868265151978
942.0 97.2762405872345
943.0 97.31210470199585
944.0 97.5871205329895
945.0 97.5519061088562
946.0 97.62052297592163
947.0 97.5767433643341
948.0 97.74851202964783
949.0 97.64623641967773
950.0 97.75002002716064
951.0 97.79222011566162
952.0 97.85314202308655
953.0 98.06497097015381
954.0 98.16193580627441
955.0 98.22111129760742
956.0 98.40043187141418
957.0 98.5680878162384
958.0 98.7103819847107
959.0 98.76288175582886
960.0 98.87654185295105
961.0 98.9114761352539
962.0 98.9747405052185
963.0 98.98542165756226
964.0 99.01251792907715
965.0 99.00792241096497
966.0 99.11465644836426
967.0 99.1961121559143
968.0 99.17478561401367
969.0 99.12301301956177
970.0 99.21191930770874
971.0 99.25442934036255
972.0 99.27831292152405
973.0 99.36739206314087
974.0 99.3726909160614
975.0 99.35072660446167
976.0 99.40937757492065
977.0 99.3528425693512
978.0 99.42532777786255
979.0 99.38113689422607
980.0 99.33687448501587
981.0 99.24283623695374
982.0 99.15364980697632
983.0 99.20780062675476
984.0 99.15510416030884
985.0 99.17699694633484
986.0 99.08543229103088
987.0 99.10137057304382
988.0 99.02896881103516
989.0 99.0252673625946
990.0 98.98812174797058
991.0 99.03178215026855
992.0 99.10467267036438
993.0 99.06364679336548
994.0 99.03215765953064
995.0 99.10073280334473
996.0 99.04322028160095
997.0 99.20512437820435
998.0 99.22689199447632
999.0 99.23748970031738
1000.0 99.29082989692688
1001.0 99.2399275302887
1002.0 99.35359358787537
1003.0 99.35672283172607
1004.0 99.42773580551147
1005.0 99.34682846069336
1006.0 99.50660467147827
1007.0 99.45298433303833
1008.0 99.42408800125122
1009.0 99.37411546707153
1010.0 99.3759274482727
1011.0 99.38223361968994
1012.0 99.30670261383057
1013.0 99.32235479354858
1014.0 99.28223490715027
1015.0 99.2409348487854
1016.0 99.2559552192688
1017.0 99.31797981262207
1018.0 99.34006929397583
1019.0 99.23785924911499
1020.0 99.3259608745575
1021.0 99.46140050888062
1022.0 99.33114051818848
1023.0 99.34232234954834
1024.0 99.34618473052979
1025.0 99.37188625335693
1026.0 99.44341778755188
1027.0 99.53168034553528
1028.0 99.48035478591919
1029.0 99.58012700080872
1030.0 99.57477450370789
1031.0 99.50865507125854
1032.0 99.54924583435059
1033.0 99.51211810112
1034.0 99.5576024055481
1035.0 99.59592819213867
1036.0 99.49202537536621
1037.0 99.55798387527466
1038.0 99.48718547821045
1039.0 99.41359162330627
1040.0 99.32516813278198
1041.0 99.44828152656555
1042.0 99.36455488204956
1043.0 99.31040406227112
1044.0 99.36537146568298
1045.0 99.13936853408813
1046.0 99.28231239318848
1047.0 99.20192956924438
1048.0 99.25174117088318
1049.0 99.19825792312622
1050.0 99.19365048408508
1051.0 99.20488595962524
1052.0 99.19772744178772
1053.0 99.0343451499939
1054.0 99.29518699645996
1055.0 99.36201572418213
1056.0 99.20606017112732
1057.0 99.3827760219574
1058.0 99.08286333084106
1059.0 99.17119145393372
1060.0 99.3046224117279
1061.0 99.17123317718506
1062.0 99.2214560508728
1063.0 99.19393658638
1064.0 99.35174584388733
1065.0 99.2250144481659
1066.0 99.23895001411438
1067.0 99.35351014137268
1068.0 99.18290376663208
1069.0 99.01621341705322
1070.0 99.4733214378357
1071.0 99.24231171607971
1072.0 99.29691553115845
1073.0 99.38043355941772
1074.0 99.03513789176941
1075.0 98.91629219055176
1076.0 98.91672134399414
1077.0 99.2995023727417
1078.0 99.38924908638
1079.0 98.97605776786804
1080.0 99.65115785598755
1081.0 98.89427423477173
1082.0 99.03498888015747
1083.0 98.86019825935364
1084.0 99.32205080986023
1085.0 99.0504264831543
1086.0 99.05571341514587
1087.0 99.11275506019592
1088.0 98.76022934913635
1089.0 98.78745079040527
1090.0 98.8382339477539
1091.0 98.80534410476685
1092.0 98.89179468154907
1093.0 98.74754548072815
1094.0 98.78500699996948
1095.0 98.79927039146423
1096.0 98.77751469612122
1097.0 98.37856888771057
1098.0 97.98595309257507
1099.0 98.7174391746521
1100.0 98.3919084072113
