lsstCam/transmission_filter_detector/r21_s20/y_10/19700101T000000.ecsv
# %ECSV 1.0
# ---
# datatype:
# - {name: wavelength, unit: nm, datatype: float32}
# - {name: efficiency, unit: '%', datatype: float64}
# meta: !!omap
# - {MODE: DETECTOR}
# - {TYPE: transmission_filter_detector}
# - {CALIBDATE: '1970-01-01T00:00:00'}
# - {INSTRUME: LSSTCam}
# - {OBSTYPE: transmission_filter_detector}
# - {CALIBCLS: lsst.ip.isr.IntermediateFilterDetectorTransmissionCurve}
# - {SOURCE: Materion (DM-46256)}
# - {DETECTOR: 87}
# - {FILTER: y_10}
# - {CALIB_ID: 'calibDate=1970-01-01T00:00:00 filter=y_10 detector=87'}
# - {DATE: '2025-04-02T15:59:51.146145'}
# - {CALIB_CREATION_DATE: '2025-04-02'}
# - {CALIB_CREATION_TIME: '15:59:51'}
# - __serialized_columns__:
#     efficiency:
#       __class__: astropy.units.quantity.Quantity
#       unit: !astropy.units.Unit {unit: '%'}
#       value: !astropy.table.SerializedColumn {name: efficiency}
#     wavelength:
#       __class__: astropy.units.quantity.Quantity
#       unit: !astropy.units.Unit {unit: nm}
#       value: !astropy.table.SerializedColumn {name: wavelength}
# schema: astropy-2.0
wavelength efficiency
300.0 0.09627408580854535
301.0 0.05371643346734345
302.0 0.011158778943354264
303.0 0.01467085094191134
304.0 0.018182923668064177
305.0 0.013199141540098935
306.0 0.008215356501750648
307.0 0.010256457608193159
308.0 0.012297557259444147
309.0 0.010549628495937213
310.0 0.00880170046002604
311.0 0.007235555676743388
312.0 0.005669410529662855
313.0 0.004891963908448815
314.0 0.004114516923436895
315.0 0.0034028875234071165
316.0 0.00269125921477098
317.0 0.003260660741943866
318.0 0.0038300611777231097
319.0 0.0033543798053869978
320.0 0.002878698433050886
321.0 0.0027693722586263902
322.0 0.002660046266100835
323.0 0.003855018803733401
324.0 0.005049991159467027
325.0 0.0028342701625660993
326.0 0.0006185492566146422
327.0 0.0012853774933319073
328.0 0.0019522054572007619
329.0 0.002608157774375286
330.0 0.0032641099096508697
331.0 0.002705896804400254
332.0 0.002147684062947519
333.0 0.0029612656362587586
334.0 0.003774847573367879
335.0 0.0034318487450946122
336.0 0.0030888491892255843
337.0 0.002519691588531714
338.0 0.0019505334421410225
339.0 0.001173651708086254
340.0 0.0003967699740314856
341.0 0.0006142520760477055
342.0 0.000831733996164985
343.0 0.0010158248187508434
344.0 0.0011999156413367018
345.0 0.0012145048458478414
346.0 0.001229094141308451
347.0 0.0012126669389544986
348.0 0.0011962397366005462
349.0 0.0010357635801483411
350.0 0.0008752872417971957
351.0 0.001352971503365552
352.0 0.0018306556739844382
353.0 0.001746422094583977
354.0 0.0016621886970824562
355.0 0.0017448639482608996
356.0 0.0018275388356414624
357.0 0.0017951380868908018
358.0 0.0017627373381401412
359.0 0.0013170086276659276
360.0 0.000871279917191714
361.0 0.00085545207184623
362.0 0.0008396241355512757
363.0 0.0007999240551725961
364.0 0.0007602239293191815
365.0 0.001201217219204409
366.0 0.001642210736463312
367.0 0.0018092594473273493
368.0 0.0019763081581913866
369.0 0.001672525831963867
370.0 0.0013687435966858175
371.0 0.0013385752026806585
372.0 0.001308406535827089
373.0 0.0017401083823642693
374.0 0.0021718102289014496
375.0 0.0031246760045178235
376.0 0.004077541962033138
377.0 0.004099589204997756
378.0 0.0041216364479623735
379.0 0.0036648874811362475
380.0 0.003208138150512241
381.0 0.0024152317564585246
382.0 0.0016223249986069277
383.0 0.0013227346244093496
384.0 0.001023143977363361
385.0 0.0008885125680535566
386.0 0.0007538812042184873
387.0 0.0008039301974349655
388.0 0.0008539791451767087
389.0 0.0007117582299542846
390.0 0.0005695373602065956
391.0 0.0005655574568663724
392.0 0.0005615774171019439
393.0 0.0006986904281802708
394.0 0.0008358033483091276
395.0 0.0007447805728588719
396.0 0.0006537576155096758
397.0 0.0008349847121280618
398.0 0.0010162115358980373
399.0 0.0011662699762382545
400.0 0.0013163283256290015
401.0 0.0014273900887928903
402.0 0.001538451761007309
403.0 0.0016864791177795269
404.0 0.0018345066564506851
405.0 0.0018637252651387826
406.0 0.0018929442376247607
407.0 0.0016665497241774574
408.0 0.001440155210730154
409.0 0.0011872714821947739
410.0 0.0009343873898615129
411.0 0.0009070136002264917
412.0 0.0008796396286925301
413.0 0.0004995743438485079
414.0 0.00011950909311053692
415.0 0.0003742973603948485
416.0 0.0006290856617852114
417.0 2.734231543399801e-05
418.0 1.5842839193314084e-10
419.0 1.5842839193314084e-10
420.0 1.5842839193314084e-10
421.0 1.5842839193314084e-10
422.0 1.5842839193314084e-10
423.0 0.0005668737685482483
424.0 0.001371609960187925
425.0 0.00033124872516054893
426.0 1.5842839193314084e-10
427.0 1.5842839193314084e-10
428.0 0.0003522215365592274
429.0 1.5842839193314084e-10
430.0 1.5842839193314084e-10
431.0 1.868425130169271e-05
432.0 0.0008937090569816064
433.0 0.00019925985270674573
434.0 1.5842839193314084e-10
435.0 4.764545167290635e-05
436.0 0.0005904802037548507
437.0 0.0001899602011690149
438.0 1.5842839193314084e-10
439.0 1.5842839193314084e-10
440.0 0.0001754128447828407
441.0 1.5842839193314084e-10
442.0 1.5842839193314084e-10
443.0 1.5842839193314084e-10
444.0 0.0003374769221409224
445.0 0.0004881877885054564
446.0 0.0006388985639205202
447.0 0.0004814873136638198
448.0 0.00032407606340711936
449.0 3.575672735678381e-05
450.0 1.5842839193314084e-10
451.0 1.5842839193314084e-10
452.0 8.351552764906955e-05
453.0 4.960829187439231e-05
454.0 1.5701161260039953e-05
455.0 0.00025955478122341447
456.0 0.0005034083187638316
457.0 1.5842839193314084e-10
458.0 1.5842839193314084e-10
459.0 1.5842839193314084e-10
460.0 1.5842839193314084e-10
461.0 4.5903476575404056e-05
462.0 0.0005457524366647704
463.0 0.0006121989372331882
464.0 0.0006786454832763411
465.0 0.0006358939117490081
466.0 0.0005931424311711453
467.0 0.0010046938768937252
468.0 0.0014162451407173648
469.0 0.0015655747120035812
470.0 0.0017149042832897976
471.0 0.002040886647591833
472.0 0.002366868829994928
473.0 0.0025320605345768854
474.0 0.002697251875360962
475.0 0.0027979362130281515
476.0 0.0028986201868974604
477.0 0.0029985174478497356
478.0 0.0030984145269030705
479.0 0.0035132768971379846
480.0 0.003928139267372899
481.0 0.004146507490077056
482.0 0.0043648753489833325
483.0 0.004095669646630995
484.0 0.0038264639442786574
485.0 0.003585048398235813
486.0 0.003343632852192968
487.0 0.003160837513860315
488.0 0.0029780419936287217
489.0 0.0025834977350314148
490.0 0.0021889532945351675
491.0 0.001977562533284072
492.0 0.0017661717720329762
493.0 0.0016567082639085129
494.0 0.001547244391986169
495.0 0.0017193189705722034
496.0 0.0018913931853603572
497.0 0.0019492017599986866
498.0 0.0020070105165359564
499.0 0.00203265681193443
500.0 0.0020583029254339635
501.0 0.002505026350263506
502.0 0.0029517501388909295
503.0 0.002932874485850334
504.0 0.0029139986509107985
505.0 0.0027529906219569966
506.0 0.002591982229205314
507.0 0.002340613900742028
508.0 0.0020892455722787417
509.0 0.0018302496755495667
510.0 0.001571253415022511
511.0 0.001619502654648386
512.0 0.0016677517123753205
513.0 0.0017511312762508169
514.0 0.0018345108401263133
515.0 0.0017044627384166233
516.0 0.001574415000504814
517.0 0.001495383185101673
518.0 0.0014163515515974723
519.0 0.0011817047379736323
520.0 0.0009470578334003221
521.0 0.0013933517948316876
522.0 0.0018396456653135829
523.0 0.0019582144886953756
524.0 0.002076783130178228
525.0 0.0021076408302178606
526.0 0.0021384985302574933
527.0 0.0021483225282281637
528.0 0.0021581467080977745
529.0 0.0021287340132403187
530.0 0.0020993215002818033
531.0 0.00205522828764515
532.0 0.0020111354388063774
533.0 0.001957361564564053
534.0 0.0019035876903217286
535.0 0.0015783385606482625
536.0 0.001253089249075856
537.0 0.002024288914981298
538.0 0.0027954885808867402
539.0 0.003094517524004914
540.0 0.0033935470128199086
541.0 0.0035981509427074343
542.0 0.00380275487259496
543.0 0.00433900895586703
544.0 0.004875262675341219
545.0 0.005073008287581615
546.0 0.005270753899822012
547.0 0.004518623245530762
548.0 0.0037664922274416313
549.0 0.002904209031839855
550.0 0.0020419256543391384
551.0 0.0022775428078603
552.0 0.002513159779482521
553.0 0.00292038621410029
554.0 0.003327612648718059
555.0 0.003862326411763206
556.0 0.004397040174808353
557.0 0.004110756344744004
558.0 0.0038244721508817747
559.0 0.0036896388337481767
560.0 0.0035548055166145787
561.0 0.003734240817721002
562.0 0.003913676118827425
563.0 0.0036420620745047927
564.0 0.0033704480301821604
565.0 0.0036027555324835703
566.0 0.00383506303478498
567.0 0.004032590732094832
568.0 0.004230118429404683
569.0 0.0048338137276005
570.0 0.0054375090257963166
571.0 0.005718074316973798
572.0 0.005998639244353399
573.0 0.006292104080785066
574.0 0.0065855696448124945
575.0 0.0064279010985046625
576.0 0.0062702325521968305
577.0 0.0059085483371745795
578.0 0.005546864485950209
579.0 0.005840802259626798
580.0 0.006134740397101268
581.0 0.007055627065710723
582.0 0.00797651446191594
583.0 0.00875300174811855
584.0 0.00952948976191692
585.0 0.009897511336021125
586.0 0.010265533637721092
587.0 0.010435244621476158
588.0 0.010604955605231225
589.0 0.010515362373553216
590.0 0.01042577059706673
591.0 0.009722510003484786
592.0 0.00901924868230708
593.0 0.0077458389569073915
594.0 0.006472429231507704
595.0 0.00595526144024916
596.0 0.005438094376586378
597.0 0.005998405686113983
598.0 0.006558716268045828
599.0 0.007536533667007461
600.0 0.008514351065969095
601.0 0.009363456047140062
602.0 0.010212560300715268
603.0 0.010572474275249988
604.0 0.01093238970497623
605.0 0.01107117350329645
606.0 0.011209957301616669
607.0 0.009719440276967362
608.0 0.008228923252318054
609.0 0.006498826405731961
610.0 0.004768729559145868
611.0 0.004008020550827496
612.0 0.0032473115425091237
613.0 0.0035000139178009704
614.0 0.003752716293092817
615.0 0.004648652975447476
616.0 0.005544588930206373
617.0 0.007014920993242413
618.0 0.008485250873491168
619.0 0.009590061381459236
620.0 0.010694871161831543
621.0 0.011326999083394185
622.0 0.01195912846014835
623.0 0.012003419396933168
624.0 0.012047708878526464
625.0 0.010603539703879505
626.0 0.009159368346445262
627.0 0.007309276406886056
628.0 0.0054591859225183725
629.0 0.0044645646994467825
630.0 0.0034699434763751924
631.0 0.002952215618279297
632.0 0.002434488123981282
633.0 0.002577692794147879
634.0 0.0027208972824155353
635.0 0.0029384938898147084
636.0 0.0031560899515170604
637.0 0.0035477503843139857
638.0 0.003939410817110911
639.0 0.004321178130339831
640.0 0.004702945807366632
641.0 0.005072445856058039
642.0 0.005441945904749446
643.0 0.005541634527617134
644.0 0.005641322786686942
645.0 0.00514276216563303
646.0 0.0046442015445791185
647.0 0.003652421582955867
648.0 0.0026606416213326156
649.0 0.0022415886633098125
650.0 0.0018225358871859498
651.0 0.0017806114556151442
652.0 0.0017386870240443386
653.0 0.0016515745301148854
654.0 0.0015644620361854322
655.0 0.0015290206647478044
656.0 0.0014935791114112362
657.0 0.0015479537978535518
658.0 0.0016023284842958674
659.0 0.0017928679881151766
660.0 0.0019834073100355454
661.0 0.0018744889530353248
662.0 0.0017655705960351042
663.0 0.0020726518414448947
664.0 0.0023797332687536255
665.0 0.002937442150141578
666.0 0.003495151031529531
667.0 0.004232409264659509
668.0 0.004969667497789487
669.0 0.005525936285266653
670.0 0.006082203617552295
671.0 0.006635438330704346
672.0 0.007188673771452159
673.0 0.0075557596574071795
674.0 0.007922846998553723
675.0 0.007729807839496061
676.0 0.007536769408034161
677.0 0.005934337241342291
678.0 0.0043319028918631375
679.0 0.0029103395718266256
680.0 0.0014887751603964716
681.0 0.0010292234946973622
682.0 0.0005696720108971931
683.0 0.000630784961686004
684.0 0.0006918980488990201
685.0 0.00044191574488650076
686.0 0.00019193334992451128
687.0 0.00017005631889333017
688.0 0.00014817924238741398
689.0 0.00023781954041623976
690.0 0.00032745983844506554
691.0 0.0003127625404886203
692.0 0.0002980652197948075
693.0 0.0002741250000326545
694.0 0.00025018475753313396
695.0 0.0003030385641977773
696.0 0.0003558924390745233
697.0 0.0003222202394681517
698.0 0.00028854810807388276
699.0 0.00017432063259548158
700.0 6.009319690747361e-05
701.0 1.3665439269061608e-05
702.0 1.5842839193314084e-10
703.0 3.591327413232648e-05
704.0 0.00010458887800268712
705.0 0.0001432517819921486
706.0 0.00018191461776950746
707.0 0.0002648217787282192
708.0 0.00034772890558087965
709.0 0.0004692174115916714
710.0 0.0005907060312893009
711.0 0.0005265449090074981
712.0 0.00046238383220043033
713.0 0.00023229736143548507
714.0 2.2109166053496665e-06
715.0 0.00011623347972999909
716.0 0.00023025604605209082
717.0 0.00013681016071132035
718.0 4.336437484653288e-05
719.0 0.0003603010327424272
720.0 0.0006772377219022019
721.0 0.0006332739758363459
722.0 0.0005893103207199601
723.0 0.0006451379704230931
724.0 0.0007009657565504313
725.0 0.0003162502025588765
726.0 1.5842839193314084e-10
727.0 0.00014370936014529434
728.0 0.0003558839807737968
729.0 0.0002842094772859127
730.0 0.00021253497379802866
731.0 0.0003833005393971689
732.0 0.000554066309632617
733.0 0.0005797420271846931
734.0 0.0006054179721104447
735.0 0.00040339182305615395
736.0 0.0002013658104260685
737.0 0.00025593938062229427
738.0 0.00031051310998009285
739.0 0.0002903321956182481
740.0 0.00027015119030693313
741.0 0.0004806734978046734
742.0 0.0006911959189892514
743.0 0.0004269829332770314
744.0 0.00016276994756481145
745.0 0.00025912540877470747
746.0 0.0003554809154593386
747.0 0.00021710682176490081
748.0 7.873270533309551e-05
749.0 0.00013843213082509465
750.0 0.0001981315108423587
751.0 0.0005150692231836729
752.0 0.0008320069355249871
753.0 0.0007047755389066879
754.0 0.0005775441877631238
755.0 0.000237626773014199
756.0 1.5842839193314084e-10
757.0 8.594798259764502e-05
758.0 0.0002741865728239645
759.0 0.00044409794099919964
760.0 0.0006140094683360076
761.0 0.000559750742468168
762.0 0.0005054920166003285
763.0 0.0004772204647451872
764.0 0.0004489488219405757
765.0 0.0004318998890084913
766.0 0.0004148509106016718
767.0 0.0002636019416968338
768.0 0.00011235301826673094
769.0 0.00022838116819912102
770.0 0.0003444093636062462
771.0 0.00045206170398159884
772.0 0.0005597140898316866
773.0 0.0005858279109816067
774.0 0.0006119417776062619
775.0 0.0005713874998036772
776.0 0.0005308332220010925
777.0 0.0004866569270234322
778.0 0.000442480677520507
779.0 0.0006401864538929658
780.0 0.0008378922757401597
781.0 0.0006505495093733771
782.0 0.00046320678848132957
783.0 0.0006750875854777405
784.0 0.0008869683369994164
785.0 0.0008155964678735472
786.0 0.0007442243713740027
787.0 0.0005008846528653521
788.0 0.00025754486614459893
789.0 0.00040970412555907387
790.0 0.0005618633622361813
791.0 0.00069903626354062
792.0 0.0008362090738955885
793.0 0.0006489738098025555
794.0 0.00046173854570952244
795.0 0.000506988681081566
796.0 0.0005522387709788745
797.0 0.0006120927992014913
798.0 0.000671946827424108
799.0 0.0004324093424656894
800.0 0.00019287185750727076
801.0 0.0003325378656882094
802.0 0.0004722038738691481
803.0 0.0006236743502086028
804.0 0.0007751448720227927
805.0 0.0008069659998000134
806.0 0.0008387869456782937
807.0 0.0008151630936481524
808.0 0.0007915392416180111
809.0 0.0005726756171497982
810.0 0.00035381194720685016
811.0 0.0006096735887695104
812.0 0.0008655350939079653
813.0 0.0007635318070242647
814.0 0.0006615286565647693
815.0 0.0005257783868728438
816.0 0.000390027935281978
817.0 0.0006632932127104141
818.0 0.0009365587175125256
819.0 0.001023047479975503
820.0 0.00110953606053954
821.0 0.0008929287105274852
822.0 0.0006763211786164902
823.0 0.0005902725661144359
824.0 0.0005042239990871167
825.0 0.0006319841759250266
826.0 0.0007597443072882015
827.0 0.0008841163435135968
828.0 0.001008488288789522
829.0 0.0007465780981874559
830.0 0.0004846680440095952
831.0 0.0003588786739783245
832.0 0.00023308937215915648
833.0 0.0006260258942347718
834.0 0.0010189623935730197
835.0 0.0007877913049014751
836.0 0.0005566201252804603
837.0 0.0003843463673547376
838.0 0.0002120725866916473
839.0 0.0003282411398686236
840.0 0.0004444097612577025
841.0 0.0007500243555114139
842.0 0.0010556389497651253
843.0 0.0008837762834446039
844.0 0.0007119136171240825
845.0 0.0008195854206860531
846.0 0.0009272571332985535
847.0 0.0009596473319106735
848.0 0.0009920375305227935
849.0 0.0006956565357540967
850.0 0.0003992754045611946
851.0 0.0007785978596075438
852.0 0.001157920269179158
853.0 0.0009656930160417687
854.0 0.00077346603575279
855.0 0.0006222563570190687
856.0 0.00047104681470955256
857.0 0.0007551793714810628
858.0 0.001039311882777838
859.0 0.0009264283107768279
860.0 0.0008135446478263475
861.0 0.0011793721569119953
862.0 0.001545199665997643
863.0 0.001604405952093657
864.0 0.0016636118743917905
865.0 0.0020409483113326132
866.0 0.0024182845663744956
867.0 0.0027342222892912105
868.0 0.0030501596484100446
869.0 0.0028632628527702764
870.0 0.002676366057130508
871.0 0.0031095551094040275
872.0 0.0035427445254754275
873.0 0.0028447449949453585
874.0 0.00214674582821317
875.0 0.00207848206628114
