lsstCam/transmission_filter_detector/r13_s02/r_57/19700101T000000.ecsv
# %ECSV 1.0
# ---
# datatype:
# - {name: wavelength, unit: nm, datatype: float32}
# - {name: efficiency, unit: '%', datatype: float64}
# meta: !!omap
# - {MODE: DETECTOR}
# - {TYPE: transmission_filter_detector}
# - {CALIBDATE: '1970-01-01T00:00:00'}
# - {INSTRUME: LSSTCam}
# - {OBSTYPE: transmission_filter_detector}
# - {CALIBCLS: lsst.ip.isr.IntermediateFilterDetectorTransmissionCurve}
# - {SOURCE: Materion (DM-46256)}
# - {DETECTOR: 56}
# - {FILTER: r_57}
# - {CALIB_ID: 'calibDate=1970-01-01T00:00:00 filter=r_57 detector=56'}
# - {DATE: '2025-04-02T15:59:44.443240'}
# - {CALIB_CREATION_DATE: '2025-04-02'}
# - {CALIB_CREATION_TIME: '15:59:44'}
# - __serialized_columns__:
#     efficiency:
#       __class__: astropy.units.quantity.Quantity
#       unit: !astropy.units.Unit {unit: '%'}
#       value: !astropy.table.SerializedColumn {name: efficiency}
#     wavelength:
#       __class__: astropy.units.quantity.Quantity
#       unit: !astropy.units.Unit {unit: nm}
#       value: !astropy.table.SerializedColumn {name: wavelength}
# schema: astropy-2.0
wavelength efficiency
[from data line 604]
904.0 1.623034063917561e-10
905.0 6.79597292219114e-05
906.0 2.0680830914443504e-05
907.0 1.623034063917561e-10
908.0 1.623034063917561e-10
909.0 1.623034063917561e-10
910.0 1.623034063917561e-10
911.0 1.623034063917561e-10
912.0 1.623034063917561e-10
913.0 1.623034063917561e-10
914.0 1.623034063917561e-10
915.0 3.029661570508324e-05
916.0 1.623034063917561e-10
917.0 1.623034063917561e-10
918.0 5.3918228104521404e-05
919.0 0.00017082682006730465
920.0 7.648321798114921e-05
921.0 1.623034063917561e-10
922.0 9.296967959926405e-05
923.0 0.00020379977740958566
924.0 0.0002182830030506011
925.0 0.00023276627416635165
926.0 0.00019519625311659183
927.0 0.00015762625480419956
928.0 0.0001769573827914428
929.0 0.00019628851077868603
930.0 0.00026158265882259
931.0 0.0003268768523412291
932.0 0.0001448844159313012
933.0 1.623034063917561e-10
934.0 0.0001170356199509115
935.0 0.00027117916943097953
936.0 0.0002748472297753324
937.0 0.00027851529011968523
938.0 0.0002892608790716622
939.0 0.0003000064907610067
940.0 0.0002698280013646581
941.0 0.00023964951196830953
942.0 0.00033492317470518174
943.0 0.0004301968147046864
944.0 0.00035909076814277796
945.0 0.0002879847215808695
946.0 0.00030867583973304136
947.0 0.0003293669124104781
948.0 0.0004588664978655288
949.0 0.0005883661742700497
950.0 0.000598763654124923
951.0 0.0006091611794545315
952.0 0.0007324720627366332
953.0 0.0008557830369682051
954.0 0.0011838287719001528
955.0 0.001511874779680511
956.0 0.001555041853862349
957.0 0.001598209018993657
958.0 0.0017093536371248774
959.0 0.0018204984371550381
960.0 0.0019676805095514283
961.0 0.002114862945745699
962.0 0.002265477814944461
963.0 0.002416092684143223
964.0 0.0024073871827567928
965.0 0.0023986814994714223
966.0 0.0023649847207707353
967.0 0.0023312879420700483
968.0 0.002282768218719866
969.0 0.0022342486772686243
970.0 0.002353823947487399
971.0 0.0024733992177061737
972.0 0.002539668457757216
973.0 0.002605937515909318
974.0 0.002841033165168483
975.0 0.0030761286325287074
976.0 0.0031935607694322243
977.0 0.0033109925425378606
978.0 0.0031881827453617007
979.0 0.0030653729481855407
980.0 0.0029842993171769194
981.0 0.0029032258680672385
982.0 0.003071286846534349
983.0 0.0032393480069004
984.0 0.0031334482628153637
985.0 0.0030275485187303275
986.0 0.002934332405857276
987.0 0.0028411161110852845
988.0 0.002677639713510871
989.0 0.002514163679734338
990.0 0.0025508699764031917
991.0 0.0025875762730720453
992.0 0.0026370338673586957
993.0 0.002686492007342167
994.0 0.0027269636120763607
995.0 0.002767434671113733
996.0 0.0028249600291019306
997.0 0.002882485387090128
998.0 0.003025332080142107
999.0 0.003168178955093026
1000.0 0.003269407170591876
1001.0 0.0033706357498886064
1002.0 0.0035829783882945776
1003.0 0.003795321026700549
1004.0 0.003929313243133947
1005.0 0.004063305095769465
1006.0 0.0042231433326378465
1007.0 0.004382981933304109
1008.0 0.004326670023147017
1009.0 0.004270357749192044
1010.0 0.00427018640039023
1011.0 0.004270015051588416
1012.0 0.004251553036738187
1013.0 0.004233091385685839
1014.0 0.003995267252321355
1015.0 0.0037574431189568713
1016.0 0.0036086279578739777
1017.0 0.003459812796791084
1018.0 0.003037034548469819
1019.0 0.002614256845845375
1020.0 0.002196694003941957
1021.0 0.0017791311620385386
1022.0 0.001577612965775188
1023.0 0.0013760942238150164
1024.0 0.0014475997886620462
1025.0 0.0015191054444585461
1026.0 0.0013763195056526456
1027.0 0.0012335332030488644
1028.0 0.0011117212125100195
1029.0 0.0009899090400722343
1030.0 0.0009288212822866626
1031.0 0.0008677328878547996
1032.0 0.0008591860932938289
1033.0 0.0008506389349349774
1034.0 0.0008054821591940708
1035.0 0.0007603252925036941
1036.0 0.000814499071566388
1037.0 0.0008686725777806714
1038.0 0.0008198718205676414
1039.0 0.0007710712452535518
1040.0 0.0007812346666469239
1041.0 0.0007913981789897662
1042.0 0.0008868715667631477
1043.0 0.0009823446816881187
1044.0 0.0009445560863241553
1045.0 0.0009067677638086025
1046.0 0.0007815529897925444
1047.0 0.0006563384886248969
1048.0 0.0006153909453132655
1049.0 0.0005744434020016342
1050.0 0.0006562598173331935
1051.0 0.0007380761871900177
1052.0 0.0009889749890135136
1053.0 0.0012398732906149235
1054.0 0.001120845445257146
1055.0 0.0010018175089498982
1056.0 0.0010002750968851615
1057.0 0.0009987329576688353
1058.0 0.0007872336936998181
1059.0 0.0005757346116297413
1060.0 0.0010664333785825875
1061.0 0.0015571316907880828
1062.0 0.001619825889065396
1063.0 0.0016825202692416497
1064.0 0.0012608274118974805
1065.0 0.0008391341907554306
1066.0 0.0012023020644846838
1067.0 0.001565469938213937
1068.0 0.001806238833523821
1069.0 0.002047007183136884
1070.0 0.0014529337022395339
1071.0 0.0008588598575443029
1072.0 0.0012447896551748272
1073.0 0.0016307194528053515
1074.0 0.002290876000188291
1075.0 0.00295103218377335
1076.0 0.0032605435990262777
1077.0 0.0035700551961781457
1078.0 0.003938834925065748
1079.0 0.0043076153815491125
1080.0 0.0044090709707234055
1081.0 0.0045105265598976985
1082.0 0.004288047784939408
1083.0 0.004065569373778999
1084.0 0.0045253622374730185
1085.0 0.004985154373571277
1086.0 0.0048703393986215815
1087.0 0.004755524423671886
1088.0 0.00474616936116945
1089.0 0.004736814662464894
1090.0 0.004620465551852249
1091.0 0.004504116805037484
1092.0 0.004062608059030026
1093.0 0.003621099313022569
1094.0 0.004072937372257002
1095.0 0.004524775431491435
1096.0 0.0036032215575687587
1097.0 0.002681667137949262
1098.0 0.0019711524146259762
1099.0 0.0012606377822521608
1100.0 0.0015629744666512124
1101.0 0.0018653106963029131
