lsstCam/transmission_filter_detector/r13_s02/r_57/19700101T000000.ecsv
# %ECSV 1.0
# ---
# datatype:
# - {name: wavelength, unit: nm, datatype: float32}
# - {name: efficiency, unit: '%', datatype: float64}
# meta: !!omap
# - {MODE: DETECTOR}
# - {TYPE: transmission_filter_detector}
# - {CALIBDATE: '1970-01-01T00:00:00'}
# - {INSTRUME: LSSTCam}
# - {OBSTYPE: transmission_filter_detector}
# - {CALIBCLS: lsst.ip.isr.IntermediateFilterDetectorTransmissionCurve}
# - {SOURCE: Materion (DM-46256)}
# - {DETECTOR: 56}
# - {FILTER: r_57}
# - {CALIB_ID: 'calibDate=1970-01-01T00:00:00 filter=r_57 detector=56'}
# - {DATE: '2025-04-02T15:59:44.443240'}
# - {CALIB_CREATION_DATE: '2025-04-02'}
# - {CALIB_CREATION_TIME: '15:59:44'}
# - __serialized_columns__:
#     efficiency:
#       __class__: astropy.units.quantity.Quantity
#       unit: !astropy.units.Unit {unit: '%'}
#       value: !astropy.table.SerializedColumn {name: efficiency}
#     wavelength:
#       __class__: astropy.units.quantity.Quantity
#       unit: !astropy.units.Unit {unit: nm}
#       value: !astropy.table.SerializedColumn {name: wavelength}
# schema: astropy-2.0
wavelength efficiency
300.0 0.003010054206242785
301.0 0.007361955795204267
302.0 0.011713858839357272
303.0 0.013727083569392562
304.0 0.015740310482215136
305.0 0.013964352547191083
306.0 0.012188395339762792
307.0 0.010788324289023876
308.0 0.009388253965880722
309.0 0.008490575419273227
310.0 0.0075928976002614945
311.0 0.006818507245043293
312.0 0.00604411652602721
313.0 0.00552949495613575
314.0 0.00501487375004217
315.0 0.004831970727536827
316.0 0.004649068068829365
317.0 0.004600159445544705
318.0 0.004551250458462164
319.0 0.00420660107920412
320.0 0.003861952427541837
321.0 0.0034796517866197973
322.0 0.0030973511456977576
323.0 0.002923909414676018
324.0 0.002750466410361696
325.0 0.0026658326532924548
326.0 0.0025811983505263925
327.0 0.0028041855330229737
328.0 0.0030271725336206146
329.0 0.002963398947031237
330.0 0.0028996255423408
331.0 0.0027451929781818762
332.0 0.0025907611416187137
333.0 0.002340261562494561
334.0 0.0020897619833704084
335.0 0.0017732470951159485
336.0 0.0014567322068614885
337.0 0.0013535761354432907
338.0 0.001250420154974563
339.0 0.0012070546290487982
340.0 0.0011636891031230334
341.0 0.0011109199476777576
342.0 0.0010581507922324818
343.0 0.0010325308721803594
344.0 0.0010069110430777073
345.0 0.0009896029041556176
346.0 0.0009722946742840577
347.0 0.0009506357855570968
348.0 0.000928976896830136
349.0 0.0009589713954483159
350.0 0.005818117642775178
351.0 0.005964696174487472
352.0 0.006111274706199765
353.0 0.005163785317563452
354.0 0.004216297020320781
355.0 0.004738082498079166
356.0 0.0052598687034333125
357.0 0.006647213740507141
358.0 0.00803455914137885
359.0 0.00600812491029501
360.0 0.003981690315413289
361.0 0.0028256832592887804
362.0 0.001669676203164272
363.0 0.00253514590440318
364.0 0.003400615241844207
365.0 0.0036235087463865057
366.0 0.003846402614726685
367.0 0.0033235766750294715
368.0 0.0028007503715343773
369.0 0.0022424042981583625
370.0 0.0016840587704791687
371.0 0.0022895208530826494
372.0 0.002894983299484011
373.0 0.0030290455470094457
374.0 0.0031631076126359403
375.0 0.003086449214606546
376.0 0.003009791726071853
377.0 0.0013736386790696997
378.0 1.623034063917561e-10
379.0 0.0006511478204629384
380.0 0.0015648100088583305
381.0 0.002462629163346719
382.0 0.003360448681632988
383.0 0.0033383897971361876
384.0 0.0033163316402351484
385.0 0.004325340341893025
386.0 0.00533434867975302
387.0 0.004847799573326483
388.0 0.004361250103102066
389.0 0.0036965466279070824
390.0 0.0030318427889142185
391.0 0.00207057182706194
392.0 0.0011093008652096614
393.0 0.0012529726518550888
394.0 0.0013966441656521056
395.0 0.0012115321624150965
396.0 0.0010264202501275577
397.0 0.000850709511723835
398.0 0.0006749991371179931
399.0 0.0005658253030560445
400.0 0.00045665092329727486
401.0 0.00022624396933679236
402.0 1.623034063917561e-10
403.0 0.00010242074495181441
404.0 0.0002090053158099181
405.0 0.0006924511581019033
406.0 0.0011758967048081104
407.0 0.0017042133549693972
408.0 0.002232529914181214
409.0 0.0018483871826902032
410.0 0.0014642440874013118
411.0 0.0009900210898194928
412.0 0.0005157981377124088
413.0 0.0006141510311863385
414.0 0.0007125040156097384
415.0 0.0007123508112272248
416.0 0.0007121979706425918
417.0 0.0012574299034895375
418.0 0.0018026621546596289
419.0 0.0022548611013917252
420.0 0.002707060230022762
421.0 0.00407205407100264
422.0 0.005437048093881458
423.0 0.008627006900496781
424.0 0.01181696425192058
425.0 0.01604876742931083
426.0 0.020280564785934985
427.0 0.02083387953462079
428.0 0.02138719573849812
429.0 0.016328130732290447
430.0 0.011269063543295488
431.0 0.008067172166192904
432.0 0.004865278970100917
433.0 0.00391394023608882
434.0 0.002962601138278842
435.0 0.002365231739531737
436.0 0.0017678621588856913
437.0 0.0015599965990986675
438.0 0.0013521311302611139
439.0 0.0011147420082124881
440.0 0.0008773528861638624
441.0 0.0011823947716038674
442.0 0.0014874365660944022
443.0 0.0017386413674103096
444.0 0.001989846168726217
445.0 0.0018665139577933587
446.0 0.00174318156496156
447.0 0.0015924502804409713
448.0 0.0014417190868698526
449.0 0.0013737744666286744
450.0 0.0013058294825896155
451.0 0.0015278599676094018
452.0 0.001749890361679718
453.0 0.0016836098438943736
454.0 0.0016173295080079697
455.0 0.0014487829503195826
456.0 0.0012802367564290762
457.0 0.0009281106940761674
458.0 0.0005759846317232586
459.0 0.000799426379671786
460.0 0.001022867945721373
461.0 0.001674497798376251
462.0 0.0023261274691321887
463.0 0.0030250255804276094
464.0 0.0037239238736219704
465.0 0.004800697206519544
466.0 0.005877470539417118
467.0 0.006469131039921194
468.0 0.007060792995616794
469.0 0.006069301889510825
470.0 0.00507781223859638
471.0 0.003875456241075881
472.0 0.0026731000616564415
473.0 0.0021780013412353583
474.0 0.0016829024389153346
475.0 0.0013791712262900546
476.0 0.001075440195563715
477.0 0.0008867602446116507
478.0 0.0006980802936595865
479.0 0.0009277204298996367
480.0 0.0011573603842407465
481.0 0.0009070503438124433
482.0 0.0006567404852830805
483.0 0.0007151160843932303
484.0 0.0007734915016044397
485.0 0.0006993155238887994
486.0 0.0006251393642742187
487.0 0.0006490827217930928
488.0 0.0006730259428877616
489.0 0.0006457631116063567
490.0 0.0006185002803249517
491.0 0.0007591691428388003
492.0 0.000899838050827384
493.0 0.0010132064744539093
494.0 0.0011265748071309645
495.0 0.0010229492545477115
496.0 0.0009193235200655181
497.0 0.0011066706974816043
498.0 0.0012940176929987501
499.0 0.0012973498087376356
500.0 0.0013006821063754614
501.0 0.0014934544196876232
502.0 0.0016862270058481954
503.0 0.002085659980366472
504.0 0.0024850927729858086
505.0 0.002985813989653252
506.0 0.0034865352063206956
507.0 0.004163165795034729
508.0 0.004839796019950882
509.0 0.00530763718415983
510.0 0.005775477256975137
511.0 0.00517076114192605
512.0 0.004566044299281202
513.0 0.003864850805257447
514.0 0.003163656947435811
515.0 0.003010741784237325
516.0 0.0028578268029377796
517.0 0.0026630412321537733
518.0 0.002468255661369767
519.0 0.06825934397056699
520.0 0.12584228534251451
521.0 0.024031184148043394
522.0 0.05471277399919927
523.0 0.13053942238911986
524.0 0.12614550068974495
525.0 0.11042312253266573
526.0 0.08266754448413849
527.0 0.131993496324867
528.0 0.10160593083128333
529.0 0.17629754729568958
530.0 0.14280538307502866
531.0 0.18130962271243334
532.0 0.22932172287255526
533.0 0.30646128579974174
534.0 0.3741299035027623
535.0 0.5047101061791182
536.0 0.7706031203269958
537.0 1.2350262142717838
538.0 1.798422820866108
539.0 2.8421053662896156
540.0 4.525668919086456
541.0 6.558921188116074
542.0 9.19218361377716
543.0 12.44661882519722
544.0 16.5105402469635
545.0 21.04003131389618
546.0 26.613765954971313
547.0 33.23473334312439
548.0 41.24261438846588
549.0 49.31139051914215
550.0 55.903685092926025
551.0 63.21394443511963
552.0 68.21025013923645
553.0 73.03904891014099
554.0 76.35622024536133
555.0 80.81783056259155
556.0 84.22432541847229
557.0 87.22509145736694
558.0 90.38918018341064
559.0 92.82473921775818
560.0 93.39562058448792
561.0 94.826340675354
562.0 95.4577386379242
563.0 95.07706761360168
564.0 95.59683799743652
565.0 95.2316403388977
566.0 95.69905400276184
567.0 95.40358185768127
568.0 96.01221084594727
569.0 96.54669165611267
570.0 95.86862921714783
571.0 97.22849130630493
572.0 96.89494371414185
573.0 96.74655795097351
574.0 96.84279561042786
575.0 97.19780683517456
576.0 97.46671319007874
577.0 97.03084826469421
578.0 97.25022912025452
579.0 97.10371494293213
580.0 96.43589854240417
581.0 96.7682957649231
582.0 96.7206597328186
583.0 96.64021730422974
584.0 96.09917998313904
585.0 96.60112857818604
586.0 96.61122560501099
587.0 96.40737175941467
588.0 96.363365650177
589.0 96.84832096099854
590.0 96.47141098976135
591.0 96.18048667907715
592.0 95.91003656387329
593.0 95.93738317489624
594.0 95.7681655883789
595.0 96.64932489395142
596.0 96.83328866958618
597.0 97.33587503433228
598.0 96.83398604393005
599.0 96.81196808815002
600.0 96.79400324821472
601.0 95.997554063797
602.0 96.80843353271484
603.0 96.37570381164551
604.0 96.33090496063232
605.0 96.82254195213318
606.0 96.22438549995422
607.0 95.90112566947937
608.0 96.382075548172
609.0 95.48732042312622
610.0 96.18720412254333
611.0 95.83313465118408
612.0 95.71123719215393
613.0 96.77934646606445
614.0 96.44807577133179
615.0 96.28286957740784
616.0 96.34296298027039
617.0 96.30558490753174
618.0 96.42105102539062
619.0 97.04005718231201
620.0 96.09407782554626
621.0 95.71730494499207
622.0 96.4994490146637
623.0 96.62808775901794
624.0 96.5525209903717
625.0 97.01474905014038
626.0 96.33806943893433
627.0 95.02004981040955
628.0 97.07837104797363
629.0 95.57083249092102
630.0 96.35210037231445
631.0 96.16430401802063
632.0 96.93447947502136
633.0 96.45196199417114
634.0 95.47356963157654
635.0 96.34731411933899
636.0 96.03721499443054
637.0 95.48587203025818
638.0 95.5100417137146
639.0 95.4796314239502
640.0 95.38940191268921
641.0 95.64370512962341
642.0 95.83470225334167
643.0 96.25664353370667
644.0 96.0571825504303
645.0 96.27348780632019
646.0 95.9703266620636
647.0 97.51108288764954
648.0 96.57567143440247
649.0 95.84781527519226
650.0 96.17778658866882
651.0 97.03474044799805
652.0 96.9744622707367
653.0 96.14831209182739
654.0 96.47817015647888
655.0 96.65408134460449
656.0 95.64356803894043
657.0 96.03559374809265
658.0 96.5815782546997
659.0 96.47742509841919
660.0 95.51360011100769
661.0 95.78638672828674
662.0 95.52967548370361
663.0 95.84622383117676
664.0 95.30858397483826
665.0 95.430588722229
666.0 95.42192816734314
667.0 95.7965075969696
668.0 94.85759139060974
669.0 95.5412745475769
670.0 95.24197578430176
671.0 95.66559791564941
672.0 95.31204104423523
673.0 95.1954185962677
674.0 95.0880765914917
675.0 95.71771025657654
676.0 95.2206552028656
677.0 93.85902881622314
678.0 93.41086745262146
679.0 92.3060953617096
680.0 91.57798290252686
681.0 89.6771252155304
682.0 87.88518905639648
683.0 85.23412942886353
684.0 81.70445561408997
685.0 78.22266221046448
686.0 74.29612874984741
687.0 69.79965567588806
688.0 65.35553336143494
689.0 60.83764433860779
690.0 55.71892857551575
691.0 51.61753296852112
692.0 46.991702914237976
693.0 42.64039099216461
694.0 37.435561418533325
695.0 32.3108047246933
696.0 26.770317554473877
697.0 21.72904461622238
698.0 16.017308831214905
699.0 11.577675491571426
700.0 8.115572482347488
701.0 5.054612085223198
702.0 3.145170211791992
703.0 1.8344780430197716
704.0 1.0602999478578568
705.0 0.6340662017464638
706.0 0.4031340591609478
707.0 0.26919033844023943
708.0 0.15578563325107098
709.0 0.1606234349310398
710.0 0.08105389424599707
711.0 0.08685156353749335
712.0 0.09332997142337263
713.0 0.0934769690502435
714.0 0.05293724243529141
715.0 0.037706096190959215
716.0 0.02890484465751797
717.0 0.05498687387444079
718.0 0.053049030248075724
719.0 0.04407430533319712
720.0 1.623034063917561e-10
721.0 0.004453126530279405
722.0 0.004190040272078477
723.0 0.00392695474147331
724.0 0.0036452536733122543
725.0 0.003363552605151199
726.0 0.0031001221941551194
727.0 0.002836692328855861
728.0 0.002734658664849121
729.0 0.002632624818943441
730.0 0.0024584376660641283
731.0 0.0022842508769826964
732.0 0.002227862387371715
733.0 0.0021714742615586147
734.0 0.0020895779016427696
735.0 0.0020076811779290438
736.0 0.0018021330106421374
737.0 0.001596584843355231
738.0 0.0015952429748722352
739.0 0.001593900924490299
740.0 0.0016170361050171778
741.0 0.0016401714674429968
742.0 0.0014835831279924605
743.0 0.0013269948794913944
744.0 0.0013702436262974516
745.0 0.0014134921002550982
746.0 0.001350175625702832
747.0 0.0012868589692516252
748.0 0.0011277774319751188
749.0 0.0009686959856480826
750.0 0.0010092642696690746
751.0 0.0010498330084374174
752.0 0.001107675507228123
753.0 0.0011655180060188286
754.0 0.0011207969691895414
755.0 0.0010760762052086648
756.0 0.0010205426406173501
757.0 0.0009650088941270951
758.0 0.0010322232810722198
759.0 0.0010994375770678744
760.0 0.0010665415175026283
761.0 0.0010336457307857927
762.0 0.001009628704196075
763.0 0.0009856119504547678
764.0 0.000994410402199719
765.0 0.0010032089448941406
766.0 0.000834422553452896
767.0 0.0006656361620116513
768.0 0.0006272588507272303
769.0 0.000588881403018604
770.0 0.0007359800292761065
771.0 0.0008830788829072844
772.0 0.0008078380233200733
773.0 0.0007325969363591867
774.0 0.0008119641279336065
775.0 0.0008913311830838211
776.0 0.000835862010717392
777.0 0.0007803928383509628
778.0 0.0008370398063561879
779.0 0.0008936868653108831
780.0 0.0007532022209488787
781.0 0.0006127175765868742
782.0 0.0007252158411574783
783.0 0.0008377141057280824
784.0 0.0008561684808228165
785.0 0.0008746226740186103
786.0 0.0007646172889508307
787.0 0.000654611812933581
788.0 0.0007019470103841741
789.0 0.0007492824806831777
790.0 0.0008031931429286487
791.0 0.0008571037142246496
792.0 0.0008300827175844461
793.0 0.0008030617209442426
794.0 0.0008547033758077305
795.0 0.0009063446668733377
796.0 0.0007448722499248106
797.0 0.0005833997875015484
798.0 0.0007442261903634062
799.0 0.0009050525477505289
800.0 0.0008320931556227151
801.0 0.0007591334451717557
802.0 0.0006579926775884815
803.0 0.0005568515916820616
804.0 0.0006598393156309612
805.0 0.000762827085054596
806.0 0.0006580527497135336
807.0 0.0005532785053219413
808.0 0.0006926399237272562
809.0 0.0008320012057083659
810.0 0.0007334827387239784
811.0 0.0006349644991132664
812.0 0.0006565287094417727
813.0 0.0006780928288208088
814.0 0.000589723731536651
815.0 0.0005013546342524933
816.0 0.0006323350135062356
817.0 0.0007633154382347129
818.0 0.000704881267665769
819.0 0.0006464470061473548
820.0 0.0004947659363097046
821.0 0.0003430848892094218
822.0 0.00039968335840967484
823.0 0.0004562818958220305
824.0 0.00047687908590887673
825.0 0.0004974763214704581
826.0 0.0005320081072568428
827.0 0.0005665399385179626
828.0 0.00041036901166080497
829.0 0.0002541980620662798
830.0 0.00017286436104768654
831.0 9.153067708211893e-05
832.0 7.084644835231302e-05
833.0 5.016223099119088e-05
834.0 1.623034063917561e-10
835.0 1.623034063917561e-10
836.0 0.00025648073460615706
837.0 0.0005820398655487224
838.0 0.0007202439974207664
839.0 0.0008584482202422805
840.0 0.0011939257092308253
841.0 0.00152940319821937
842.0 0.0020365352611406706
843.0 0.002543667324061971
844.0 0.0025742243451531976
845.0 0.002604781366244424
846.0 0.00283314711850835
847.0 0.0030615126888733357
848.0 0.002959303128591273
849.0 0.00285709338641027
850.0 0.0022973010345594957
851.0 0.0017375085008097813
852.0 0.0015071287634782493
853.0 0.0012767487532983068
854.0 0.001082248127204366
855.0 0.0008877473192114849
856.0 0.0007072739208524581
857.0 0.0005268005679681664
858.0 0.0005939103175478522
859.0 0.0006610199761780677
860.0 0.0005492543095897418
861.0 0.0004374885975266807
862.0 0.0004230304057273315
863.0 0.0004085721684532473
864.0 0.00028166889478598023
865.0 0.00015476563248739694
866.0 0.0001728629058561637
867.0 0.0001909601678562467
868.0 0.00020868164938292466
869.0 0.00022640308543486753
870.0 9.121788480115356e-05
871.0 1.623034063917561e-10
872.0 1.623034063917561e-10
873.0 1.623034063917561e-10
874.0 1.623034063917561e-10
875.0 1.623034063917561e-10
876.0 1.623034063917561e-10
877.0 4.726661586573755e-05
878.0 0.00015534307067355257
879.0 0.00026341949705965817
880.0 0.00020331503947090823
881.0 0.00014321054777610698
882.0 0.0001299210339311685
883.0 0.0001166315655609651
884.0 1.623034063917561e-10
885.0 1.623034063917561e-10
886.0 1.623034063917561e-10
887.0 3.9879174096313363e-05
888.0 0.00012570873195727472
889.0 0.00021153828129172325
890.0 0.00020257405140000628
891.0 0.00019360982150828931
892.0 5.6376887869191705e-05
893.0 1.623034063917561e-10
894.0 6.731045232299948e-06
895.0 9.431815328753146e-05
896.0 0.0001100346935345442
897.0 0.00012575127357195015
898.0 9.897732979879947e-05
899.0 7.220336897262314e-05
900.0 3.401084995857673e-05
901.0 1.623034063917561e-10
902.0 1.623034063917561e-10
