lsstCam/transmission_filter_detector/r43_s10/y_10/19700101T000000.ecsv
# %ECSV 1.0
# ---
# datatype:
# - {name: wavelength, unit: nm, datatype: float32}
# - {name: efficiency, unit: '%', datatype: float64}
# meta: !!omap
# - {MODE: DETECTOR}
# - {TYPE: transmission_filter_detector}
# - {CALIBDATE: '1970-01-01T00:00:00'}
# - {INSTRUME: LSSTCam}
# - {OBSTYPE: transmission_filter_detector}
# - {CALIBCLS: lsst.ip.isr.IntermediateFilterDetectorTransmissionCurve}
# - {SOURCE: Materion (DM-46256)}
# - {DETECTOR: 183}
# - {FILTER: y_10}
# - {CALIB_ID: 'calibDate=1970-01-01T00:00:00 filter=y_10 detector=183'}
# - {DATE: '2025-04-02T15:59:51.589637'}
# - {CALIB_CREATION_DATE: '2025-04-02'}
# - {CALIB_CREATION_TIME: '15:59:51'}
# - __serialized_columns__:
#     efficiency:
#       __class__: astropy.units.quantity.Quantity
#       unit: !astropy.units.Unit {unit: '%'}
#       value: !astropy.table.SerializedColumn {name: efficiency}
#     wavelength:
#       __class__: astropy.units.quantity.Quantity
#       unit: !astropy.units.Unit {unit: nm}
#       value: !astropy.table.SerializedColumn {name: wavelength}
# schema: astropy-2.0
wavelength efficiency
[from data line 576]
876.0 0.0018328970327274874
877.0 0.0013568336726166308
878.0 0.0008807704034552444
879.0 0.0013007538655074313
880.0 0.05307317478582263
881.0 0.08830066653899848
882.0 0.05580647848546505
883.0 0.09427153854630888
884.0 0.052167457761242986
885.0 0.08797614136710763
886.0 0.05956723471172154
887.0 0.09328589658252895
888.0 0.07215107907541096
889.0 0.09793274803087115
890.0 0.05953200161457062
891.0 0.08190986118279397
892.0 0.05801915540359914
893.0 0.10837081354111433
894.0 0.0604814849793911
895.0 0.09077422437258065
896.0 0.06937484722584486
897.0 0.09457392152398825
898.0 0.0688818865455687
899.0 0.1154776313342154
900.0 0.08250877726823092
901.0 0.11493412312120199
902.0 0.1305673853494227
903.0 0.14032569015398622
904.0 0.16415793215855956
905.0 0.1839345321059227
906.0 0.2138339215889573
907.0 0.27617786545306444
908.0 0.3377541434019804
909.0 0.42768302373588085
910.0 0.5847841501235962
911.0 0.8014858700335026
912.0 1.1599447578191757
913.0 1.7262237146496773
914.0 2.4543102830648422
915.0 3.5944830626249313
916.0 5.0876472145318985
917.0 6.849679350852966
918.0 9.008903801441193
919.0 11.21477410197258
920.0 14.31180089712143
921.0 17.567983269691467
922.0 20.692597329616547
923.0 24.287623167037964
924.0 28.17998230457306
925.0 32.49984085559845
926.0 37.86111772060394
927.0 43.866413831710815
928.0 49.461829662323
929.0 55.75558543205261
930.0 61.70719861984253
931.0 67.86800622940063
932.0 73.9534318447113
933.0 79.44337725639343
934.0 83.80277752876282
935.0 87.18052506446838
936.0 90.0120496749878
937.0 92.09842681884766
938.0 93.60951781272888
939.0 94.58439350128174
940.0 95.16777396202087
941.0 95.58870196342468
942.0 95.89340090751648
943.0 96.19941115379333
944.0 96.58408164978027
945.0 96.68239951133728
946.0 96.85268998146057
947.0 96.94474935531616
948.0 97.07598686218262
949.0 96.98185324668884
950.0 97.06308841705322
951.0 97.12129235267639
952.0 97.13027477264404
953.0 97.28966951370239
954.0 97.28003740310669
955.0 97.30455875396729
956.0 97.57614731788635
957.0 97.75784611701965
958.0 97.93756008148193
959.0 98.06459546089172
960.0 98.22914600372314
961.0 98.36172461509705
962.0 98.45903515815735
963.0 98.53634238243103
964.0 98.60703945159912
965.0 98.65249395370483
966.0 98.7652838230133
967.0 98.80765676498413
968.0 98.79786968231201
969.0 98.78491759300232
970.0 98.83188605308533
971.0 98.89896512031555
972.0 98.94443154335022
973.0 99.00763034820557
974.0 99.01357889175415
975.0 98.99242520332336
976.0 99.0670382976532
977.0 99.03615117073059
978.0 99.12405610084534
979.0 99.08706545829773
980.0 99.05872344970703
981.0 98.96903038024902
982.0 98.92919063568115
983.0 98.9458978176117
984.0 98.91080260276794
985.0 98.87800812721252
986.0 98.77368211746216
987.0 98.85563254356384
988.0 98.71913194656372
989.0 98.67678880691528
990.0 98.62546920776367
991.0 98.64720702171326
992.0 98.71408343315125
993.0 98.61857891082764
994.0 98.5674262046814
995.0 98.61704707145691
996.0 98.59411120414734
997.0 98.68929386138916
998.0 98.72907400131226
999.0 98.78935813903809
1000.0 98.81852269172668
1001.0 98.80399703979492
1002.0 98.93168807029724
1003.0 98.96450638771057
1004.0 99.04703497886658
1005.0 99.00864958763123
1006.0 99.15379881858826
1007.0 99.12026524543762
1008.0 99.11864399909973
1009.0 99.08357262611389
1010.0 99.12280440330505
1011.0 99.10516738891602
1012.0 99.03737306594849
1013.0 99.07557964324951
1014.0 99.01732802391052
1015.0 98.97522330284119
1016.0 98.95520806312561
1017.0 98.95135164260864
1018.0 99.03111457824707
1019.0 98.91544580459595
1020.0 98.96460771560669
1021.0 99.05639290809631
1022.0 98.92884492874146
1023.0 98.98854494094849
1024.0 98.91602396965027
1025.0 98.93683791160583
1026.0 98.97990226745605
1027.0 99.0825891494751
1028.0 98.98462295532227
1029.0 99.10404682159424
1030.0 99.14836883544922
1031.0 99.09529685974121
1032.0 99.09852147102356
1033.0 99.07086491584778
1034.0 99.12188649177551
1035.0 99.12393093109131
1036.0 99.10531640052795
1037.0 99.10146594047546
1038.0 99.0340530872345
1039.0 99.02797341346741
1040.0 98.97534847259521
1041.0 99.00798201560974
1042.0 98.98260235786438
1043.0 98.91232252120972
1044.0 98.97853136062622
1045.0 98.7052321434021
1046.0 98.9395797252655
1047.0 98.73605370521545
1048.0 98.85945916175842
1049.0 98.75775575637817
1050.0 98.78968000411987
1051.0 98.729807138443
1052.0 98.69694113731384
1053.0 98.62365126609802
1054.0 98.88893961906433
1055.0 98.87512922286987
1056.0 98.7719714641571
1057.0 98.9400565624237
1058.0 98.80102872848511
1059.0 98.77236485481262
1060.0 98.92746806144714
1061.0 98.87088537216187
1062.0 98.7897515296936
1063.0 98.72015118598938
1064.0 99.025958776474
1065.0 98.85091781616211
1066.0 99.03525710105896
1067.0 99.00495409965515
1068.0 98.99628758430481
1069.0 98.75149130821228
1070.0 99.0835428237915
1071.0 98.89952540397644
1072.0 98.97529482841492
1073.0 99.13395047187805
1074.0 98.70297908782959
1075.0 98.79695773124695
1076.0 98.39393496513367
1077.0 98.89044761657715
1078.0 99.0358829498291
1079.0 98.67358207702637
1080.0 99.39211010932922
1081.0 98.67878556251526
1082.0 98.60536456108093
1083.0 98.6531138420105
1084.0 99.16883707046509
1085.0 98.76294136047363
1086.0 98.79111051559448
1087.0 98.81752133369446
1088.0 98.67091774940491
1089.0 98.32238554954529
1090.0 98.56746196746826
1091.0 98.7161934375763
1092.0 98.7460732460022
1093.0 98.44911694526672
1094.0 98.5277533531189
1095.0 98.43999743461609
1096.0 98.42875003814697
1097.0 98.14802408218384
1098.0 97.80911207199097
1099.0 98.47729802131653
1100.0 98.10458421707153
