lsstCam/transmission_filter_detector/r43_s10/y_10/19700101T000000.ecsv
# %ECSV 1.0
# ---
# datatype:
# - {name: wavelength, unit: nm, datatype: float32}
# - {name: efficiency, unit: '%', datatype: float64}
# meta: !!omap
# - {MODE: DETECTOR}
# - {TYPE: transmission_filter_detector}
# - {CALIBDATE: '1970-01-01T00:00:00'}
# - {INSTRUME: LSSTCam}
# - {OBSTYPE: transmission_filter_detector}
# - {CALIBCLS: lsst.ip.isr.IntermediateFilterDetectorTransmissionCurve}
# - {SOURCE: Materion (DM-46256)}
# - {DETECTOR: 183}
# - {FILTER: y_10}
# - {CALIB_ID: 'calibDate=1970-01-01T00:00:00 filter=y_10 detector=183'}
# - {DATE: '2025-04-02T15:59:51.589637'}
# - {CALIB_CREATION_DATE: '2025-04-02'}
# - {CALIB_CREATION_TIME: '15:59:51'}
# - __serialized_columns__:
#     efficiency:
#       __class__: astropy.units.quantity.Quantity
#       unit: !astropy.units.Unit {unit: '%'}
#       value: !astropy.table.SerializedColumn {name: efficiency}
#     wavelength:
#       __class__: astropy.units.quantity.Quantity
#       unit: !astropy.units.Unit {unit: nm}
#       value: !astropy.table.SerializedColumn {name: wavelength}
# schema: astropy-2.0
wavelength efficiency
300.0 0.02140110154869035
301.0 0.020376898464746773
302.0 0.01935269683599472
303.0 0.014306015509646386
304.0 0.009259330545319244
305.0 0.010257434041704983
306.0 0.011255538993282244
307.0 0.008443865226581693
308.0 0.005632192551274784
309.0 0.008031297329580411
310.0 0.010430401744088158
311.0 0.007718154665781185
312.0 0.005005906859878451
313.0 0.004570461896946654
314.0 0.004135015478823334
315.0 0.004881520362687297
316.0 0.005628025610349141
317.0 0.005362384399631992
318.0 0.005096743916510604
319.0 0.0031848281651036814
320.0 0.0012729125955956988
321.0 0.0027695421522366814
322.0 0.004266171890776604
323.0 0.00324000466207508
324.0 0.002213837069575675
325.0 0.0026197594706900418
326.0 0.0030256816899054684
327.0 0.0026964758944814093
328.0 0.002367270462855231
329.0 0.002164268880733289
330.0 0.001961267480510287
331.0 0.0019411065295571461
332.0 0.0019209452148061246
333.0 0.0020524492356344126
334.0 0.0021839530745637603
335.0 0.002353266791033093
336.0 0.0025225801437045448
337.0 0.0021225427190074697
338.0 0.001722505476209335
339.0 0.0015124905075936113
340.0 0.0013024754480284173
341.0 0.001763043474056758
342.0 0.002223611772933509
343.0 0.00210243870242266
344.0 0.001981265813810751
345.0 0.0013158041838323697
346.0 0.0006503425993287237
347.0 0.0007891984751040582
348.0 0.0009280541235057171
349.0 0.0012254786270204931
350.0 0.0015229029486363288
351.0 0.0013903944818594027
352.0 0.0012578861060319468
353.0 0.001447306294721784
354.0 0.001636726301512681
355.0 0.00198512298084097
356.0 0.002333519842068199
357.0 0.0018186898159910925
358.0 0.0013038595170655753
359.0 0.0011038519005523995
360.0 0.0009038442840392236
361.0 0.0010210590517090168
362.0 0.0011382739103282802
363.0 0.0009928239705914166
364.0 0.0008473741218040232
365.0 0.001157778206106741
366.0 0.0014681825632578693
367.0 0.0016887228412088007
368.0 0.001909263119159732
369.0 0.0017463196854805574
370.0 0.0015833757061045617
371.0 0.0016451791452709585
372.0 0.0017069825844373554
373.0 0.0019218712623114698
374.0 0.002136759940185584
375.0 0.002814816798490938
376.0 0.0034928736567962915
377.0 0.004111945236218162
378.0 0.004731016088044271
379.0 0.004464856465347111
380.0 0.004198696478852071
381.0 0.003294940324849449
382.0 0.0023911843527457677
383.0 0.0018183307474828325
384.0 0.0012454772331693675
385.0 0.0009829042937781196
386.0 0.0007203312634374015
387.0 0.0007439893124683294
388.0 0.0007676474524487276
389.0 0.0006112365554145072
390.0 0.00045482565838028677
391.0 0.0005340316874935525
392.0 0.0006132377166068181
393.0 0.0006471946107922122
394.0 0.0006811515049776062
395.0 0.0007646060112165287
396.0 0.0008480606084049214
397.0 0.0008604813956480939
398.0 0.0008729022738407366
399.0 0.0010461778401804622
400.0 0.0012194534065201879
401.0 0.0015017080841062125
402.0 0.0017839623978943564
403.0 0.0018837861716747284
404.0 0.00198360976355616
405.0 0.001985613926080987
406.0 0.0019876179067068733
407.0 0.0018399367036181502
408.0 0.0016922553186304867
409.0 0.001668512231844943
410.0 0.0016447691450593993
411.0 0.000975473813014105
412.0 0.0003061786856051185
413.0 0.0004766922302223975
414.0 0.0006472055247286335
415.0 0.0005452713594422676
416.0 0.0004433371486811666
417.0 6.277384727582103e-05
418.0 1.6420361164531938e-10
419.0 0.00012752830116369296
420.0 0.0005728459655074403
421.0 0.0003638279849838
422.0 0.00015480989077332197
423.0 0.00013400814395936322
424.0 0.00011320615840304527
425.0 1.6420361164531938e-10
426.0 1.6420361164531938e-10
427.0 1.6420361164531938e-10
428.0 2.7980431127616612e-05
429.0 1.6420361164531938e-10
430.0 1.6420361164531938e-10
431.0 1.6420361164531938e-10
432.0 1.6420361164531938e-10
433.0 1.6420361164531938e-10
434.0 1.6420361164531938e-10
435.0 1.6420361164531938e-10
436.0 9.01952375897963e-05
437.0 1.6420361164531938e-10
438.0 1.6420361164531938e-10
439.0 0.0001557050950395933
440.0 0.0006863924681965727
441.0 1.6420361164531938e-10
442.0 1.6420361164531938e-10
443.0 1.6420361164531938e-10
444.0 0.0005761049123975681
445.0 0.0005642779797199182
446.0 0.0005524510925170034
447.0 0.00041641637835709844
448.0 0.0002803818006213987
449.0 0.00014443961617871537
450.0 8.497203651813834e-06
451.0 1.6420361164531938e-10
452.0 1.6420361164531938e-10
453.0 1.6420361164531938e-10
454.0 1.6420361164531938e-10
455.0 8.311244528158568e-05
456.0 0.00025024964998010546
457.0 0.00030077485462243203
458.0 0.00035130003652739106
459.0 0.00022338599592330866
460.0 9.547196668791003e-05
461.0 9.950435924110934e-05
462.0 0.0001035366949508898
463.0 0.0002823217528202804
464.0 0.00046110685616440605
465.0 0.000624000676907599
466.0 0.0007868946340749972
467.0 0.0007251040187838953
468.0 0.0006633134944422636
469.0 0.0010679615115805063
470.0 0.0014726096196682192
471.0 0.001466527010052232
472.0 0.0014604447642341256
473.0 0.0020617522750399075
474.0 0.002663059603946749
475.0 0.0026488607545616105
476.0 0.002634661905176472
477.0 0.0024153609047061764
478.0 0.0021960597223369405
479.0 0.0025567442207830027
480.0 0.002917428719229065
481.0 0.003208290581824258
482.0 0.003499152444419451
483.0 0.003703329639392905
484.0 0.003907506834366359
485.0 0.003316977381473407
486.0 0.0027264479285804555
487.0 0.002339694765396416
488.0 0.001952941602212377
489.0 0.0020990220946259797
490.0 0.002245102405140642
491.0 0.0017963289792533033
492.0 0.0013475554624164943
493.0 0.0014446326531469822
494.0 0.0015417095710290596
495.0 0.0014896038919687271
496.0 0.0014374981219589245
497.0 0.0013409318853518926
498.0 0.0012443656487448607
499.0 0.0016121843145811
500.0 0.0019800027075689286
501.0 0.0021248448319965973
502.0 0.0022696871383232065
503.0 0.0024551403839723207
504.0 0.0026405934477224946
505.0 0.0023168382540461607
506.0 0.001993082696571946
507.0 0.0018266351617057808
508.0 0.0016601876268396154
509.0 0.001746197449392639
510.0 0.0018322074538446032
511.0 0.0019268127289251424
512.0 0.002021418185904622
513.0 0.0020206853150739335
514.0 0.0020199522623443045
515.0 0.0019460982002783567
516.0 0.0018722437744145282
517.0 0.0014848452337901108
518.0 0.001097446511266753
519.0 0.0011602049198700115
520.0 0.0012229635103722103
521.0 0.00129356103570899
522.0 0.0013641585610457696
523.0 0.0013368766303756274
524.0 0.0013095947906549554
525.0 0.0017336802557110786
526.0 0.002157765811716672
527.0 0.0021262341761030257
528.0 0.0020947025404893793
529.0 0.0022317735783872195
530.0 0.002368844252487179
531.0 0.0021919568098383024
532.0 0.0020150695490883663
533.0 0.0019326556866872124
534.0 0.0018502418242860585
535.0 0.001834691283875145
536.0 0.0018191405615652911
537.0 0.0018848639228963293
538.0 0.0019505872842273675
539.0 0.0024897672119550407
540.0 0.003028947139682714
541.0 0.003650401413324289
542.0 0.0042718558688648045
543.0 0.0043638508941512555
544.0 0.004455846283235587
545.0 0.004531926606432535
546.0 0.004608007293427363
547.0 0.004325032205088064
548.0 0.004042057116748765
549.0 0.0034919445170089602
550.0 0.002941831735370215
551.0 0.002464179488015361
552.0 0.0019865272406605072
553.0 0.002194872831751127
554.0 0.002403218786639627
555.0 0.0028871098038507625
556.0 0.0033710010029608384
557.0 0.0040289283788297325
558.0 0.004686855390900746
559.0 0.004492406878853217
560.0 0.004297958730603568
561.0 0.003970739635406062
562.0 0.0036435205402085558
563.0 0.0033580341550987214
564.0 0.0030725474061910063
565.0 0.003382881186553277
566.0 0.003693214603117667
567.0 0.004368456939118914
568.0 0.005043698911322281
569.0 0.005474872159538791
570.0 0.00590604504395742
571.0 0.006261422822717577
572.0 0.0066168009652756155
573.0 0.006827309698564932
574.0 0.007037817704258487
575.0 0.006834421947132796
576.0 0.0066310261900071055
577.0 0.006059527368051931
578.0 0.005488028546096757
579.0 0.005186285488889553
580.0 0.004884542431682348
581.0 0.005550649802898988
582.0 0.006216757174115628
583.0 0.007384078344330192
584.0 0.008551400969736278
585.0 0.009750942990649492
586.0 0.010950488649541512
587.0 0.011090822954429314
588.0 0.011231158714508638
589.0 0.010715667303884402
590.0 0.010200176620855927
591.0 0.00971178596955724
592.0 0.009223394590662792
593.0 0.008077703387243673
594.0 0.006932010728633031
595.0 0.006015708640916273
596.0 0.005099404734210111
597.0 0.0051514769438654184
598.0 0.005203549517318606
599.0 0.006151766865514219
600.0 0.007099984941305593
601.0 0.008276040898635983
602.0 0.00945209467317909
603.0 0.010214036592515185
604.0 0.010975978511851281
605.0 0.010714788368204609
606.0 0.010453601134940982
607.0 0.009895785478875041
608.0 0.009337969095213339
609.0 0.008210413943743333
610.0 0.007082859519869089
611.0 0.005530734779313207
612.0 0.0039786096749594435
613.0 0.003754621502594091
614.0 0.003530633694026619
615.0 0.0036474622902460396
616.0 0.00376429088646546
617.0 0.0051303115469636396
618.0 0.006496330752270296
619.0 0.00795567175373435
620.0 0.009415012027602643
621.0 0.010384399502072483
622.0 0.011353786248946562
623.0 0.011381357035133988
624.0 0.01140892636612989
625.0 0.010830449173226953
626.0 0.010251971252728254
627.0 0.008921106200432405
628.0 0.007590241875732318
629.0 0.006252331513678655
630.0 0.004914420787827112
631.0 0.003925813143723644
632.0 0.0029372053177212365
633.0 0.0027963145839748904
634.0 0.0026554240321274847
635.0 0.002551142097217962
636.0 0.00244686034420738
637.0 0.003077342626056634
638.0 0.003707825089804828
639.0 0.0044306227209744975
640.0 0.005153420352144167
641.0 0.005494921060744673
642.0 0.005836421769345179
643.0 0.005837191201862879
644.0 0.005837960634380579
645.0 0.005378826244850643
646.0 0.004919692219118588
647.0 0.00432258311775513
648.0 0.0037254736525937915
649.0 0.0029882119633839466
650.0 0.002250950456073042
651.0 0.002313055119884666
652.0 0.0023751596017973498
653.0 0.001958320353878662
654.0 0.0015414812878589146
655.0 0.001711192453512922
656.0 0.0018809038010658696
657.0 0.0018176951925852336
658.0 0.0017544865841045976
659.0 0.0014989687770139426
660.0 0.0012434507880243473
661.0 0.0015469155187020078
662.0 0.0018503804312786087
663.0 0.001952140337380115
664.0 0.002053900243481621
665.0 0.0023135919036576524
666.0 0.002573283745732624
667.0 0.002860942367988173
668.0 0.003148601172142662
669.0 0.004395279393065721
670.0 0.0056419576139887795
671.0 0.00638780984445475
672.0 0.007133661711122841
673.0 0.007439548062393442
674.0 0.007745434413664043
675.0 0.007601622201036662
676.0 0.007457809260813519
677.0 0.006895460683153942
678.0 0.006333110650302842
679.0 0.005327267354005016
680.0 0.004321422966313548
681.0 0.0028410171580617316
682.0 0.0013606106222141534
683.0 0.0009635344213165808
684.0 0.0005664581294695381
685.0 0.00028953893433936173
686.0 1.2619608469321975e-05
687.0 8.723565656509891e-05
688.0 0.00016185174445126904
689.0 0.00021219661903160159
690.0 0.0002625415163493017
691.0 0.00020063489500898868
692.0 0.0001387281827192055
693.0 0.000254466954174859
694.0 0.00037020565741840983
695.0 0.0003365901193319587
696.0 0.00030297476314444793
697.0 0.00041202761167369317
698.0 0.0005210804374655709
699.0 0.0002565893964856514
700.0 1.6420361164531938e-10
701.0 1.6420361164531938e-10
702.0 1.6420361164531938e-10
703.0 2.2168075020090328e-05
704.0 0.00025661722702352563
705.0 0.00020628781385312323
706.0 0.00015595834383930196
707.0 0.00014085484281167737
708.0 0.000125751330415369
709.0 0.00025419146822969196
710.0 0.0003826316060440149
711.0 0.0001912285142680048
712.0 1.6420361164531938e-10
713.0 6.020953833285603e-05
714.0 0.00012059369964845246
715.0 0.00015922358898023958
716.0 0.00019785334188782144
717.0 0.00013255863677841262
718.0 6.72637668230891e-05
719.0 2.2936347932045464e-05
720.0 1.6420361164531938e-10
721.0 0.0001360030182695482
722.0 0.0002933971245511202
723.0 0.00031879933430900564
724.0 0.00034420152132952353
725.0 0.0004037427970615681
726.0 0.00046328418648045044
727.0 0.0003275352355558425
728.0 0.00019178621641913196
729.0 0.00018363247136221617
730.0 0.00017547864672451396
731.0 0.00023605100523127476
732.0 0.0002966231704704114
733.0 0.0003319493544040597
734.0 0.0003672756974992808
735.0 0.0004716154762718361
736.0 0.0005759552550443914
737.0 0.0006258131179492921
738.0 0.0006756709353794577
739.0 0.00042518472582742106
740.0 0.00017469857311880332
741.0 0.00021415303308458533
742.0 0.00025360752715641866
743.0 0.00037010784126323415
744.0 0.00048660826905688737
745.0 0.0005327276994648855
746.0 0.0005788471753476188
747.0 0.0004661432740249438
748.0 0.00035343955460120924
749.0 0.0003692580548886326
750.0 0.0003850764642265858
751.0 0.00018543216810940066
752.0 1.6420361164531938e-10
753.0 0.00015996743059076834
754.0 0.0003341470119266887
755.0 0.0003320194309708313
756.0 0.000329891895489709
757.0 0.0002867342573154019
758.0 0.0002435763917674194
759.0 0.00018802787735694437
760.0 0.00013247932884041802
761.0 1.6175911810023536e-05
762.0 1.6420361164531938e-10
763.0 4.8817764763953164e-05
764.0 0.0001977632337002433
765.0 0.00023123395749280462
766.0 0.00026470472676010104
767.0 0.0001404585759701149
768.0 1.6212406706017646e-05
769.0 5.2719860832439736e-05
770.0 8.922739880290464e-05
771.0 8.386447802877228e-05
772.0 7.85014833581954e-05
773.0 4.898544716525066e-05
774.0 1.9469347023459704e-05
775.0 0.00018382963844487676
776.0 0.00034818992844520835
777.0 0.00016493075918333489
778.0 1.6420361164531938e-10
779.0 0.0005002503257856006
780.0 0.00101882924354868
781.0 0.0009419506568519864
782.0 0.0008650721611047629
783.0 0.0007687518518650904
784.0 0.0006724316790496232
785.0 0.0004765587618749123
786.0 0.0002806858447002014
787.0 0.0005265490926831262
788.0 0.0007724122951913159
789.0 0.0003806962013186421
790.0 1.6420361164531938e-10
791.0 0.00021029520667070756
792.0 0.00043161053326912224
793.0 0.0005748987405240769
794.0 0.0007181868568295613
795.0 0.0006729787855874747
796.0 0.0006277705324464478
797.0 0.0006862895588710671
798.0 0.0007448085852956865
799.0 0.0007095419732650043
800.0 0.0006742753157595871
801.0 0.0006276970452745445
802.0 0.0005811187747895019
803.0 0.0005757182407251094
804.0 0.0005703175702365115
805.0 0.0005899662937736139
806.0 0.0006096149718359811
807.0 0.000861636726767756
808.0 0.001113658527174266
809.0 0.0010122299499926157
810.0 0.0009108013728109654
811.0 0.0008046981747611426
812.0 0.0006985952040849952
813.0 0.0005437900199467549
814.0 0.00038898501770745497
815.0 0.0002679895487744943
816.0 0.00014699410257890122
817.0 0.0003656921990113915
818.0 0.0005843905455549248
819.0 0.0005833901923324447
820.0 0.0005823897936352296
821.0 0.0005394873369368725
822.0 0.0004965848802385153
823.0 0.00047861408347671386
824.0 0.0004606435595633229
825.0 0.0004939629434375092
826.0 0.0005272823273116956
827.0 0.0005808301011711592
828.0 0.0006343778295558877
829.0 0.0005697153937944677
830.0 0.0005050528216088424
831.0 0.000624571111984551
832.0 0.0007440893568855245
833.0 0.0008252173756773118
834.0 0.0009063454854185693
835.0 0.0007605777227581711
836.0 0.0006148100965219783
837.0 0.0007700193236814812
838.0 0.000925228505366249
839.0 0.0008940546649682801
840.0 0.0008628809155197814
841.0 0.0004967417225998361
842.0 0.00013060242736173677
843.0 0.0001850031026151555
844.0 0.0002394039256614633
845.0 0.0007514201570302248
846.0 0.0012634365702979267
847.0 0.0009082375981961377
848.0 0.0005530386715690838
849.0 0.0007814913260517642
850.0 0.0010099440260091797
851.0 0.0007341170658037299
852.0 0.00045829028749722056
853.0 0.0005226369466981851
854.0 0.0005869838787475601
855.0 0.0007231748895719647
856.0 0.0008593658094468992
857.0 0.0011288822861388326
858.0 0.001398398762830766
859.0 0.0013495288840204012
860.0 0.0013006591871089768
861.0 0.0013006068911636248
862.0 0.0013005547771172132
863.0 0.001432822955393931
864.0 0.0015650910427211784
865.0 0.0017124859368777834
866.0 0.0018598810129333287
867.0 0.002024407331191469
868.0 0.00218893401324749
869.0 0.0023693160983384587
870.0 0.002549698365328368
871.0 0.0027684232918545604
872.0 0.0029871485821786337
873.0 0.002716893686738331
874.0 0.0024466389731969684
