lsstCam/transmission_filter_detector/r34_s10/u_24/19700101T000000.ecsv
# %ECSV 1.0
# ---
# datatype:
# - {name: wavelength, unit: nm, datatype: float32}
# - {name: efficiency, unit: '%', datatype: float64}
# meta: !!omap
# - {MODE: DETECTOR}
# - {TYPE: transmission_filter_detector}
# - {CALIBDATE: '1970-01-01T00:00:00'}
# - {INSTRUME: LSSTCam}
# - {OBSTYPE: transmission_filter_detector}
# - {CALIBCLS: lsst.ip.isr.IntermediateFilterDetectorTransmissionCurve}
# - {SOURCE: Materion (DM-46256)}
# - {DETECTOR: 156}
# - {FILTER: u_24}
# - {CALIB_ID: 'calibDate=1970-01-01T00:00:00 filter=u_24 detector=156'}
# - {DATE: '2025-04-02T15:59:40.473258'}
# - {CALIB_CREATION_DATE: '2025-04-02'}
# - {CALIB_CREATION_TIME: '15:59:40'}
# - __serialized_columns__:
#     efficiency:
#       __class__: astropy.units.quantity.Quantity
#       unit: !astropy.units.Unit {unit: '%'}
#       value: !astropy.table.SerializedColumn {name: efficiency}
#     wavelength:
#       __class__: astropy.units.quantity.Quantity
#       unit: !astropy.units.Unit {unit: nm}
#       value: !astropy.table.SerializedColumn {name: wavelength}
# schema: astropy-2.0
wavelength efficiency
[from data line 582]
877.0 0.0025361287043779157
878.0 0.0027118785510538146
879.0 0.002946043787233066
880.0 0.0031802093872101977
881.0 0.0032160365663003176
882.0 0.0032518637453904375
883.0 0.003085563366767019
884.0 0.002919263170042541
885.0 0.0027422587663750164
886.0 0.0025652541808085516
887.0 0.0022603153411182575
888.0 0.0019553765014279634
889.0 0.002251859950774815
890.0 0.002548343582020607
891.0 0.0028583437597262673
892.0 0.003168344119330868
893.0 0.003241972081013955
894.0 0.0033155996788991615
895.0 0.003724113048519939
896.0 0.0041326267819385976
897.0 0.00403148696932476
898.0 0.003930347156710923
899.0 0.003884377656504512
900.0 0.0038384085200959817
901.0 0.003880626172758639
902.0 0.003922844189219177
903.0 0.00393592199543491
904.0 0.003948999801650643
905.0 0.004797670044354163
906.0 0.005646339923259802
907.0 0.00568165305594448
908.0 0.005716966188629158
909.0 0.0059467958635650575
910.0 0.006176625902298838
911.0 0.006147220847196877
912.0 0.0061178165196906775
913.0 0.005660141687258147
914.0 0.005202466854825616
915.0 0.0048188310756813735
916.0 0.00443519493273925
917.0 0.004353825352154672
918.0 0.004272455771570094
919.0 0.004354175689513795
920.0 0.004435895971255377
921.0 0.004629772956832312
922.0 0.0048236495786113665
923.0 0.005223900734563358
924.0 0.00562415189051535
925.0 0.006001137808198109
926.0 0.006378123362082988
927.0 0.006658606434939429
928.0 0.006939088780200109
929.0 0.0072150229243561625
930.0 0.0074909592512995005
931.0 0.007275192183442414
932.0 0.007059425843181089
933.0 0.00719874442438595
934.0 0.007338063005590811
935.0 0.007275406096596271
936.0 0.007212749915197492
937.0 0.00695141643518582
938.0 0.006690082227578387
939.0 0.006745262362528592
940.0 0.006800441769883037
941.0 0.006117787415860221
942.0 0.005435132698039524
943.0 0.004788874866790138
944.0 0.004142616671742871
945.0 0.0033966090995818377
946.0 0.002650601527420804
947.0 0.002250203942821827
948.0 0.001849805994424969
949.0 0.0015928664652165025
950.0 0.0013359272088564467
951.0 0.001437969785911264
952.0 0.001540012272016611
953.0 0.0016137708371388726
954.0 0.0016875295841600746
955.0 0.001916527071443852
956.0 0.0021455241949297488
957.0 0.002223850788141135
958.0 0.002302177563251462
959.0 0.0026143514332943596
960.0 0.0029265253033372574
961.0 0.0035538836527848616
962.0 0.004181242184131406
963.0 0.004256300235283561
964.0 0.004331357922637835
965.0 0.004462122524273582
966.0 0.004592887489707209
967.0 0.004526614065980539
968.0 0.004460340278455988
969.0 0.004577537765726447
970.0 0.004694734889199026
971.0 0.004745110345538706
972.0 0.0047954854380805045
973.0 0.004827597877010703
974.0 0.004859709952143021
975.0 0.004729505963041447
976.0 0.004599301610141993
977.0 0.004059708953718655
978.0 0.003520116297295317
979.0 0.003266811472713016
980.0 0.003013506284332834
981.0 0.0030816208891337737
982.0 0.0031497351301368326
983.0 0.002837977990566287
984.0 0.002526220850995742
985.0 0.002872613549698144
986.0 0.0032190062484005466
987.0 0.003545547224348411
988.0 0.003872088564094156
989.0 0.004565845301840454
990.0 0.005259602039586753
991.0 0.0057341439969604835
992.0 0.006208687409525737
993.0 0.006906580529175699
994.0 0.00760447364882566
995.0 0.007784940680721775
996.0 0.007965407712617889
997.0 0.007781205204082653
998.0 0.007597001240355894
999.0 0.007047817052807659
1000.0 0.006498632137663662
1001.0 0.006102410770836286
1002.0 0.005706186857423745
1003.0 0.005320473792380653
1004.0 0.004934760363539681
1005.0 0.004869446638622321
1006.0 0.004804133277502842
1007.0 0.004770273153553717
1008.0 0.004736413393402472
1009.0 0.004473251465242356
1010.0 0.004210090264678001
1011.0 0.003757576268981211
1012.0 0.0033050622732844204
1013.0 0.0030477141990559176
1014.0 0.0027903661248274148
1015.0 0.0023044145564199425
1016.0 0.00181846280611353
1017.0 0.001697213519946672
1018.0 0.0015759645975776948
1019.0 0.0014104362890066113
1020.0 0.0012449078894860577
1021.0 0.0012247503036633134
1022.0 0.0012045928087900393
1023.0 0.001215713746205438
1024.0 0.0012268346836208366
1025.0 0.0011383129276509862
1026.0 0.001049791171681136
1027.0 0.0013731341823586263
1028.0 0.0016964771930361167
1029.0 0.0017845030015450902
1030.0 0.0018725291738519445
1031.0 0.0018935259504360147
1032.0 0.0019145229089190252
1033.0 0.0021766465579275973
1034.0 0.002438770025037229
1035.0 0.002063563442789018
1036.0 0.0016883568605408072
1037.0 0.0022890664695296437
1038.0 0.0028897758966195397
1039.0 0.002401020174147561
1040.0 0.0019122644516755827
1041.0 0.002012519871641416
1042.0 0.0021127752916072495
1043.0 0.00208760829991661
1044.0 0.00206244094442809
1045.0 0.0020279647287679836
1046.0 0.001993488331208937
1047.0 0.0020796293028979562
1048.0 0.0021657700926880352
1049.0 0.001843273093982134
1050.0 0.0015207758224278223
1051.0 0.0013464589756040368
1052.0 0.0011721422197297215
1053.0 0.0010992426723532844
1054.0 0.001026342943077907
1055.0 0.0011259038728894666
1056.0 0.001225464711751556
1057.0 0.0008611661542090587
1058.0 0.000496867869514972
1059.0 0.0008346172762685455
1060.0 0.0011723667739715893
1061.0 0.0011628379070316441
1062.0 0.0011533092219906393
1063.0 0.001132898705691332
1064.0 0.0011124884622404352
1065.0 0.0017153370208689012
1066.0 0.002318185943295248
1067.0 0.001990097007364966
1068.0 0.0016620082533336245
1069.0 0.0018275182810612023
1070.0 0.00199302830878878
1071.0 0.0026384506782051176
1072.0 0.0032838732295203954
1073.0 0.002823049908329267
1074.0 0.002362226769037079
1075.0 0.002439156378386542
1076.0 0.0025160861696349457
1077.0 0.0030299175705295056
1078.0 0.0035437493352219462
1079.0 0.0044236639951122925
1080.0 0.005303578655002639
1081.0 0.004749783329316415
1082.0 0.00419598763983231
1083.0 0.004458805415197276
1084.0 0.004721621735370718
1085.0 0.004597187580657192
1086.0 0.004472754153539427
1087.0 0.0037327816244214773
1088.0 0.0029928098228992894
1089.0 0.004016672755824402
1090.0 0.005040536052547395
1091.0 0.004854132930631749
1092.0 0.004667730536311865
1093.0 0.004723486927105114
1094.0 0.004779244045494124
1095.0 0.004332244498073123
1096.0 0.003885245314450003
1097.0 0.0037711404729634523
1098.0 0.003657035995274782
1099.0 0.0033613538107601926
1100.0 0.0030656712624477223
