lsstCam/transmission_filter_detector/r34_s10/u_24/19700101T000000.ecsv
# %ECSV 1.0
# ---
# datatype:
# - {name: wavelength, unit: nm, datatype: float32}
# - {name: efficiency, unit: '%', datatype: float64}
# meta: !!omap
# - {MODE: DETECTOR}
# - {TYPE: transmission_filter_detector}
# - {CALIBDATE: '1970-01-01T00:00:00'}
# - {INSTRUME: LSSTCam}
# - {OBSTYPE: transmission_filter_detector}
# - {CALIBCLS: lsst.ip.isr.IntermediateFilterDetectorTransmissionCurve}
# - {SOURCE: Materion (DM-46256)}
# - {DETECTOR: 156}
# - {FILTER: u_24}
# - {CALIB_ID: 'calibDate=1970-01-01T00:00:00 filter=u_24 detector=156'}
# - {DATE: '2025-04-02T15:59:40.473258'}
# - {CALIB_CREATION_DATE: '2025-04-02'}
# - {CALIB_CREATION_TIME: '15:59:40'}
# - __serialized_columns__:
#     efficiency:
#       __class__: astropy.units.quantity.Quantity
#       unit: !astropy.units.Unit {unit: '%'}
#       value: !astropy.table.SerializedColumn {name: efficiency}
#     wavelength:
#       __class__: astropy.units.quantity.Quantity
#       unit: !astropy.units.Unit {unit: nm}
#       value: !astropy.table.SerializedColumn {name: wavelength}
# schema: astropy-2.0
wavelength efficiency
295.0 1.6285583992470265e-10
296.0 1.6285583992470265e-10
297.0 1.6285583992470265e-10
298.0 1.6285583992470265e-10
299.0 1.6285583992470265e-10
300.0 1.6285583992470265e-10
301.0 0.13242700370028615
302.0 1.6285583992470265e-10
303.0 1.6285583992470265e-10
304.0 0.19043403444811702
305.0 0.9440712630748749
306.0 1.9528426229953766
307.0 3.8630012422800064
308.0 6.244542822241783
309.0 9.5512755215168
310.0 13.200180232524872
311.0 17.195871472358704
312.0 20.686303079128265
313.0 23.719370365142822
314.0 26.582390069961548
315.0 29.149970412254333
316.0 31.50177299976349
317.0 34.20633673667908
318.0 37.2201532125473
319.0 41.420215368270874
320.0 47.16017246246338
321.0 52.73517370223999
322.0 58.67316722869873
323.0 63.91540765762329
324.0 67.97719597816467
325.0 71.01112008094788
326.0 73.20196628570557
327.0 74.98478889465332
328.0 76.6824722290039
329.0 78.11309099197388
330.0 79.33136224746704
331.0 79.88852858543396
332.0 80.11342883110046
333.0 80.1964282989502
334.0 80.13059496879578
335.0 80.41043281555176
336.0 80.67197799682617
337.0 81.30668997764587
338.0 82.15745091438293
339.0 82.67634510993958
340.0 83.11000466346741
341.0 83.57877135276794
342.0 83.86542201042175
343.0 83.89968276023865
344.0 84.05873775482178
345.0 84.49079990386963
346.0 84.77914333343506
347.0 85.15040874481201
348.0 85.38423180580139
349.0 85.60473918914795
350.0 85.60688495635986
351.0 85.88089942932129
352.0 85.71154475212097
353.0 85.7104480266571
354.0 85.65118908882141
355.0 85.79480648040771
356.0 85.94880104064941
357.0 85.95199584960938
358.0 85.50758361816406
359.0 85.27321815490723
360.0 85.14142036437988
361.0 84.84616279602051
362.0 84.6429169178009
363.0 84.82214212417603
364.0 84.89570617675781
365.0 85.23953557014465
366.0 85.5006992816925
367.0 85.61647534370422
368.0 85.66452264785767
369.0 85.80402731895447
370.0 85.6075644493103
371.0 85.48099398612976
372.0 85.52998900413513
373.0 85.68857312202454
374.0 85.76529622077942
375.0 86.02701425552368
376.0 86.18300557136536
377.0 86.26952171325684
378.0 86.30520701408386
379.0 85.90446710586548
380.0 85.14307141304016
381.0 83.6917519569397
382.0 81.8516492843628
383.0 79.83161807060242
384.0 77.66439318656921
385.0 75.2464234828949
386.0 72.64125943183899
387.0 69.15774345397949
388.0 65.68453311920166
389.0 61.394596099853516
390.0 57.231420278549194
391.0 52.88662910461426
392.0 48.4962522983551
393.0 44.806429743766785
394.0 41.43342971801758
395.0 37.66699433326721
396.0 33.590131998062134
397.0 28.101688623428345
398.0 21.885982155799866
399.0 15.068215131759644
400.0 9.176501631736755
401.0 4.736810922622681
402.0 1.8769584596157074
403.0 0.5738153588026762
404.0 0.20008424762636423
405.0 0.08278119494207203
406.0 0.05042070406489074
407.0 0.0019751872969209217
408.0 1.6285583992470265e-10
409.0 1.6285583992470265e-10
410.0 1.6285583992470265e-10
411.0 1.6285583992470265e-10
412.0 1.6285583992470265e-10
413.0 1.6285583992470265e-10
414.0 1.6285583992470265e-10
415.0 1.6285583992470265e-10
416.0 1.6285583992470265e-10
417.0 1.6285583992470265e-10
418.0 1.6285583992470265e-10
419.0 1.6285583992470265e-10
420.0 1.6285583992470265e-10
421.0 1.6285583992470265e-10
422.0 1.6285583992470265e-10
423.0 1.6285583992470265e-10
424.0 1.6285583992470265e-10
425.0 1.6285583992470265e-10
426.0 0.0025024277420016006
427.0 0.0008840828741085716
428.0 1.6285583992470265e-10
429.0 0.0004857450676354347
430.0 0.001705751674307976
431.0 1.6285583992470265e-10
432.0 1.6285583992470265e-10
433.0 1.6285583992470265e-10
434.0 1.6285583992470265e-10
435.0 1.6285583992470265e-10
436.0 0.0004956782049703179
437.0 0.0001879457840914256
438.0 1.6285583992470265e-10
439.0 1.6285583992470265e-10
440.0 1.6285583992470265e-10
441.0 1.6285583992470265e-10
442.0 1.6285583992470265e-10
443.0 1.6285583992470265e-10
444.0 1.6285583992470265e-10
445.0 1.6285583992470265e-10
446.0 1.6285583992470265e-10
447.0 1.6285583992470265e-10
448.0 1.6285583992470265e-10
449.0 1.6285583992470265e-10
450.0 0.00019728392999240896
451.0 3.54445461425712e-05
452.0 1.6285583992470265e-10
453.0 0.00015655189145036275
454.0 0.0004394987627165392
455.0 1.6285583992470265e-10
456.0 1.6285583992470265e-10
457.0 1.6285583992470265e-10
458.0 0.00040259878915094305
459.0 1.6285583992470265e-10
460.0 1.6285583992470265e-10
461.0 1.6285583992470265e-10
462.0 0.00037353718198573915
463.0 0.0003048059625143651
464.0 0.00023607501589140156
465.0 1.6285583992470265e-10
466.0 1.6285583992470265e-10
467.0 1.6285583992470265e-10
468.0 0.00034139193303417414
469.0 1.6285583992470265e-10
470.0 1.6285583992470265e-10
471.0 0.00020230759218975436
472.0 0.0009463185051572509
473.0 0.0003990317964053247
474.0 1.6285583992470265e-10
475.0 1.6285583992470265e-10
476.0 1.6285583992470265e-10
477.0 1.6285583992470265e-10
478.0 1.6285583992470265e-10
479.0 1.6285583992470265e-10
480.0 0.0005689913905371213
481.0 6.960414680179383e-05
482.0 1.6285583992470265e-10
483.0 2.052669714203148e-05
484.0 0.0004708364031102974
485.0 1.6285583992470265e-10
486.0 1.6285583992470265e-10
487.0 1.6285583992470265e-10
488.0 1.6285583992470265e-10
489.0 1.6285583992470265e-10
490.0 1.6285583992470265e-10
491.0 1.6285583992470265e-10
492.0 1.6285583992470265e-10
493.0 1.6285583992470265e-10
494.0 1.6285583992470265e-10
495.0 1.6285583992470265e-10
496.0 1.6285583992470265e-10
497.0 1.6285583992470265e-10
498.0 4.4214138483766874e-05
499.0 1.6285583992470265e-10
500.0 1.6285583992470265e-10
501.0 1.6285583992470265e-10
502.0 1.6285583992470265e-10
503.0 1.6285583992470265e-10
504.0 0.00032094696962303715
505.0 1.6285583992470265e-10
506.0 1.6285583992470265e-10
507.0 1.6285583992470265e-10
508.0 1.6285583992470265e-10
509.0 1.6285583992470265e-10
510.0 1.6285583992470265e-10
511.0 1.6285583992470265e-10
512.0 1.6285583992470265e-10
513.0 1.6285583992470265e-10
514.0 0.00030333944778249133
515.0 0.0001876103738140955
516.0 7.188114068412688e-05
517.0 1.6285583992470265e-10
518.0 1.6285583992470265e-10
519.0 1.6285583992470265e-10
520.0 1.6285583992470265e-10
521.0 1.6285583992470265e-10
522.0 1.6285583992470265e-10
523.0 1.6285583992470265e-10
524.0 1.6285583992470265e-10
525.0 1.6285583992470265e-10
526.0 1.6285583992470265e-10
527.0 1.6285583992470265e-10
528.0 1.6285583992470265e-10
529.0 3.4889961852968554e-05
530.0 0.00012962602795596467
531.0 1.6285583992470265e-10
532.0 1.6285583992470265e-10
533.0 1.6285583992470265e-10
534.0 0.00035310729344928404
535.0 0.00011997997262369609
536.0 1.6285583992470265e-10
537.0 4.194604628082743e-05
538.0 0.00019703934412973467
539.0 0.00012783641523128608
540.0 5.863334422429034e-05
541.0 1.6285583992470265e-10
542.0 1.6285583992470265e-10
543.0 1.6285583992470265e-10
544.0 1.6285583992470265e-10
545.0 0.00018017993852481595
546.0 0.0007070937499520369
547.0 0.00021129189917701297
548.0 1.6285583992470265e-10
549.0 1.6285583992470265e-10
550.0 1.6285583992470265e-10
551.0 1.6285583992470265e-10
552.0 2.802792664624576e-05
553.0 1.6285583992470265e-10
554.0 1.6285583992470265e-10
555.0 4.312493899760739e-05
556.0 0.00028328163352853153
557.0 0.00018254465885547688
558.0 8.180764439202903e-05
559.0 1.6285583992470265e-10
560.0 1.6285583992470265e-10
561.0 1.6285583992470265e-10
562.0 0.00018321971992918407
563.0 0.000285795272247924
564.0 0.0003883705630869372
565.0 0.00016628803223284194
566.0 1.6285583992470265e-10
567.0 2.2626346662946162e-05
568.0 0.00010104721468451316
569.0 0.00015381577895823284
570.0 0.00020658440007537138
571.0 0.00014905983789503807
572.0 9.153528708338854e-05
573.0 0.0002246593567178934
574.0 0.00035778346045844955
575.0 0.0002767245860013645
576.0 0.0001956657797563821
577.0 0.0003067638544962392
578.0 0.0004178619747108314
579.0 0.0006638465038122376
580.0 0.0009098312148125842
581.0 0.0012635047824005596
582.0 0.0016171781680895947
583.0 0.0014991438547440339
584.0 0.0013811093594995327
585.0 0.0010613005542836618
586.0 0.0007414917945425259
587.0 0.0003441066155573935
588.0 1.6285583992470265e-10
589.0 0.0003774578999582445
590.0 0.0008081943633442279
591.0 0.0008140222234942485
592.0 0.0008198501745937392
593.0 0.00078059656516416
594.0 0.0007413430012093158
595.0 0.0009629119631426875
596.0 0.0011844812433992047
597.0 0.0012463560778996907
598.0 0.0013082306395517662
599.0 0.0017033167750923894
600.0 0.0020984029106330127
601.0 0.002610097362776287
602.0 0.0031217914511216804
603.0 0.0026710167730925605
604.0 0.002220242276962381
605.0 0.0017543490685056895
606.0 0.0012884560419479385
607.0 0.0010272710824210662
608.0 0.0007660858500457834
609.0 0.0007123735940695042
610.0 0.0006586612016690196
611.0 0.0006622352884733118
612.0 0.0006658093298028689
613.0 0.0007023939360806253
614.0 0.0007389784059341764
615.0 0.0007685181117267348
616.0 0.0007980574082466774
617.0 0.0005931112809776096
618.0 0.0003881650627590716
619.0 0.0004366094344732119
620.0 0.0004850536697631469
621.0 0.000589874525758205
622.0 0.0006946952908037929
623.0 0.0006284318260441069
624.0 0.0005621683158096857
625.0 0.0008250034625234548
626.0 0.0010878387911361642
627.0 0.000981901030172594
628.0 0.0008759633601584937
629.0 0.0011419928341638297
630.0 0.0014080222172196954
631.0 0.001619429895072244
632.0 0.0018308377548237331
633.0 0.0025272882339777425
634.0 0.0032237388950306922
635.0 0.0032160132832359523
636.0 0.003208288035239093
637.0 0.0024458173356833868
638.0 0.001683346818026621
639.0 0.00143434099300066
640.0 0.0011853352589241695
641.0 0.0012105752830393612
642.0 0.001235815307154553
643.0 0.001039384187606629
644.0 0.0008429531590081751
645.0 0.00035594362088886555
646.0 1.6285583992470265e-10
647.0 3.124103784557519e-05
648.0 0.00019354781670699595
649.0 0.00015567951550110593
650.0 0.0001178112142952159
651.0 0.000575021931581432
652.0 0.001032232557918178
653.0 0.0011746185919037089
654.0 0.0013170045349397697
655.0 0.0018061975424643606
656.0 0.002295390731887892
657.0 0.0026028752472484484
658.0 0.0029103601264068857
659.0 0.003401787398615852
660.0 0.0038932146708248183
661.0 0.003473372635198757
662.0 0.003053530599572696
663.0 0.002501320341252722
664.0 0.001949110082932748
665.0 0.001479060301790014
666.0 0.00100901052064728
667.0 0.001205984972330043
668.0 0.001402959333063336
669.0 0.0011205154805793427
670.0 0.0008380716280953493
671.0 0.0007530319635407068
672.0 0.0006679922989860643
673.0 0.0005944088115938939
674.0 0.0005208255061006639
675.0 0.0009124789357883856
676.0 0.0013041323654761072
677.0 0.0016557887647650205
678.0 0.002007444891205523
679.0 0.002448505620122887
680.0 0.0028895663490402512
681.0 0.004037656253785826
682.0 0.00518574561283458
683.0 0.006920941086718813
684.0 0.008656136196805164
685.0 0.009698951907921582
686.0 0.010741770529421046
687.0 0.009338802919955924
688.0 0.007935836765682325
689.0 0.006268086872296408
690.0 0.004600338070304133
691.0 0.0040112732676789165
692.0 0.0034222084650537
693.0 0.0030469154808088206
694.0 0.0026716221327660605
695.0 0.0019293511286377907
696.0 0.0011870799426105805
697.0 0.0009851885806710925
698.0 0.000783297491580015
699.0 0.0006940963885426754
700.0 0.0006048952855053358
701.0 0.0006104920430516358
702.0 0.0006160887551232008
703.0 0.0005156600309419446
704.0 0.00041523121581121814
705.0 0.0007005117822700413
706.0 0.0009857923032541294
707.0 0.0009873672752291895
708.0 0.0009889422472042497
709.0 0.000978522530203918
710.0 0.0009681028132035863
711.0 0.0007589837423438439
712.0 0.0005498645350598963
713.0 0.0005220378170633921
714.0 0.0004942111445416231
715.0 0.00040637023630551994
716.0 0.00031852939628151944
717.0 0.0004615184025169583
718.0 0.0006045073405402945
719.0 0.0004703152626461815
720.0 0.0003361232984389062
721.0 0.00017223976556124398
722.0 8.356103364803857e-06
723.0 0.00010878490002141916
724.0 0.0002092137492581969
725.0 0.0002550825911384891
726.0 0.0003009513193319435
727.0 0.00040302579691342544
728.0 0.0005051000243838644
729.0 0.0005062031959823798
730.0 0.00050730623115669
731.0 0.0003400867171876598
732.0 0.0001728673169054673
733.0 0.00026488630737731
734.0 0.00035690536606125534
735.0 0.0003271410832894617
736.0 0.00029737682325503556
737.0 0.00030003980100445915
738.0 0.0003027027560165152
739.0 0.0004888372131972574
740.0 0.0006749716703779995
741.0 0.0010165218554902822
742.0 0.001358072131552035
743.0 0.002158279858122114
744.0 0.002958487493742723
745.0 0.003929882223019376
746.0 0.00490127713419497
747.0 0.0046554909204132855
748.0 0.004409704706631601
749.0 0.004267461554263718
750.0 0.004125218038097955
751.0 0.003339684189995751
752.0 0.002554149614297785
753.0 0.0023791806597728282
754.0 0.002204211341449991
755.0 0.0021216013919911347
756.0 0.0020389914425322786
757.0 0.0020390010831761174
758.0 0.002039010541921016
759.0 0.0015971596440067515
760.0 0.0011553088370419573
761.0 0.0010406039109511767
762.0 0.0009258990758098662
763.0 0.0007511529474868439
764.0 0.000576407001062762
765.0 0.00043864347389899194
766.0 0.0003008799012604868
767.0 0.0003222041186745628
768.0 0.0003435283588260063
769.0 0.0005170413260202622
770.0 0.0006905543614266207
771.0 0.000738092239771504
772.0 0.0007856302545405924
773.0 0.0006872194262541598
774.0 0.0005888085979677271
775.0 0.0006949324415472802
776.0 0.0008010564670257736
777.0 0.0006816195764258737
778.0 0.0005621827767754439
779.0 0.0007798837941663805
780.0 0.000997584720607847
781.0 0.0010657424354576506
782.0 0.0011339002412569243
783.0 0.000996697781374678
784.0 0.0008594953214924317
785.0 0.001144496945926221
786.0 0.0014294985703600105
787.0 0.0012528211300377734
788.0 0.0010761438716144767
789.0 0.001014022018352989
790.0 0.0009519001650915015
791.0 0.000594949551668833
792.0 0.00023799889277142938
793.0 0.0004888270723313326
794.0 0.0007396554792649113
795.0 0.000627442341283313
796.0 0.0005152292487764498
797.0 0.00045669175960938446
798.0 0.00039815413401811384
799.0 0.00015965296142894658
800.0 1.6285583992470265e-10
801.0 1.6285583992470265e-10
802.0 1.6285583992470265e-10
803.0 1.6285583992470265e-10
804.0 1.6285583992470265e-10
805.0 9.321785228166846e-05
806.0 0.0002500358050383511
807.0 0.00034020590646832716
808.0 0.00043037603063567076
809.0 0.0003529716423145146
810.0 0.0002755672312559909
811.0 0.00020799427602469223
812.0 0.0001404213321620773
813.0 1.6285583992470265e-10
814.0 1.6285583992470265e-10
815.0 5.225329573477211e-05
816.0 0.000440816529589938
817.0 0.000538196400157176
818.0 0.0006355764071486192
819.0 0.00037038962545921095
820.0 0.00010520295745664043
821.0 1.6285583992470265e-10
822.0 1.6285583992470265e-10
823.0 1.6285583992470265e-10
824.0 1.6285583992470265e-10
825.0 1.6285583992470265e-10
826.0 1.6285583992470265e-10
827.0 1.6285583992470265e-10
828.0 3.0602866019080466e-06
829.0 1.6285583992470265e-10
830.0 1.6285583992470265e-10
831.0 1.6285583992470265e-10
832.0 8.571324201511743e-05
833.0 9.601953934179619e-05
834.0 0.00010632583098413306
835.0 0.00017883983218780486
836.0 0.00025135384476016043
837.0 4.557597037546657e-05
838.0 1.6285583992470265e-10
839.0 1.6285583992470265e-10
840.0 1.6285583992470265e-10
841.0 1.6285583992470265e-10
842.0 1.6285583992470265e-10
843.0 1.6285583992470265e-10
844.0 0.0001442675511498237
845.0 0.00018110652035829844
846.0 0.00021794548956677318
847.0 0.00015889031601545867
848.0 9.983513109546038e-05
849.0 0.00023265270101546776
850.0 0.00036547030504152644
851.0 0.0004721365257864818
852.0 0.0005788027920061722
853.0 0.0002066665956590441
854.0 1.6285583992470265e-10
855.0 2.4840059609232412e-05
856.0 0.0002151496573787881
857.0 0.00042298584048694465
858.0 0.0006308220690698363
859.0 0.0008080411134869792
860.0 0.0009852599760051817
861.0 0.0011601146979955956
862.0 0.0013349690561881289
863.0 0.001646977943892125
864.0 0.001958986831596121
865.0 0.0015714364053565077
866.0 0.0011838860700663645
867.0 0.0013606081665784586
868.0 0.0015373301721410826
869.0 0.0016212328773690388
870.0 0.001705135582596995
871.0 0.0016635580323054455
872.0 0.0016219806639128365
873.0 0.0020433108147699386
874.0 0.0024646413294249214
875.0 0.0024125103664118797
