lsstCam/transmission_filter_detector/r23_s10/g_6/19700101T000000.ecsv
# %ECSV 1.0
# ---
# datatype:
# - {name: wavelength, unit: nm, datatype: float32}
# - {name: efficiency, unit: '%', datatype: float64}
# meta: !!omap
# - {MODE: DETECTOR}
# - {TYPE: transmission_filter_detector}
# - {CALIBDATE: '1970-01-01T00:00:00'}
# - {INSTRUME: LSSTCam}
# - {OBSTYPE: transmission_filter_detector}
# - {CALIBCLS: lsst.ip.isr.IntermediateFilterDetectorTransmissionCurve}
# - {SOURCE: Materion (DM-46256)}
# - {DETECTOR: 102}
# - {FILTER: g_6}
# - {CALIB_ID: 'calibDate=1970-01-01T00:00:00 filter=g_6 detector=102'}
# - {DATE: '2025-04-02T15:59:42.500476'}
# - {CALIB_CREATION_DATE: '2025-04-02'}
# - {CALIB_CREATION_TIME: '15:59:42'}
# - __serialized_columns__:
#     efficiency:
#       __class__: astropy.units.quantity.Quantity
#       unit: !astropy.units.Unit {unit: '%'}
#       value: !astropy.table.SerializedColumn {name: efficiency}
#     wavelength:
#       __class__: astropy.units.quantity.Quantity
#       unit: !astropy.units.Unit {unit: nm}
#       value: !astropy.table.SerializedColumn {name: wavelength}
# schema: astropy-2.0
wavelength efficiency
[from data line 609]
909.0 0.0004264442395651713
910.0 0.0003903278411598876
911.0 0.00035421146549197147
912.0 0.0004907377842755523
913.0 0.0006272640803217655
914.0 0.0004963915216649184
915.0 0.0003655188720586011
916.0 0.000296955363410234
917.0 0.0002283918774992344
918.0 0.0003073932703046012
919.0 0.0003863946858473355
920.0 0.0004825792075280333
921.0 0.0005787637292087311
922.0 0.0006229937298485311
923.0 0.000667223685013596
924.0 0.0005241116923571099
925.0 0.0003809996314885211
926.0 0.0005075501121609705
927.0 0.0006341006610455224
928.0 0.0005855948529642774
929.0 0.0005370890903577674
930.0 0.0005371660790842725
931.0 0.0005372430678107776
932.0 0.0005384315500123193
933.0 0.0005396201686380664
934.0 0.0005386810698837508
935.0 0.0005377420620789053
936.0 0.0005907580543862423
937.0 0.0006437741376430495
938.0 0.0007666407327633351
939.0 0.0008895073733583558
940.0 0.0006967939043533988
941.0 0.0005040803898737067
942.0 0.0007146584266592981
943.0 0.0009252364179701544
944.0 0.000771909617469646
945.0 0.0006185826350701973
946.0 0.0006747068255208433
947.0 0.0007308309704967542
948.0 0.000860246473166626
949.0 0.0009896620213112328
950.0 0.0008863945367920678
951.0 0.0007831269613234326
952.0 0.000891347553988453
953.0 0.0009995681466534734
954.0 0.0009487837814958766
955.0 0.0008979994163382798
956.0 0.000811889458418591
957.0 0.0007257794095494319
958.0 0.0008393932148464955
959.0 0.000953006929194089
960.0 0.0008543170224584173
961.0 0.0007556268883490702
962.0 0.0007369460035988595
963.0 0.0007182650278991787
964.0 0.0007118827852536924
965.0 0.0007055002242850605
966.0 0.0007306272891582921
967.0 0.0007557542176073184
968.0 0.0007444125458277995
969.0 0.0007330708285735454
970.0 0.0007054139587125974
971.0 0.0006777571343263844
972.0 0.0008289239303849172
973.0 0.000980090771918185
974.0 0.0009225164831150323
975.0 0.0008649421943118796
976.0 0.0008987011824501678
977.0 0.0009324603524873964
978.0 0.0010107989510288462
979.0 0.0010891376405197661
980.0 0.0011201982488273643
981.0 0.0011512587661854923
982.0 0.0010525353900447953
983.0 0.0009538119229546282
984.0 0.0010614229722705204
985.0 0.001169034294434823
986.0 0.0011896609066752717
987.0 0.00121028742796625
988.0 0.0012088042240065988
989.0 0.001207320747198537
990.0 0.0012679770406975877
991.0 0.0013286332432471681
992.0 0.0012519559277279768
993.0 0.0011752787031582557
994.0 0.0012193001566629391
995.0 0.0012633216101676226
996.0 0.0011659647498163395
997.0 0.0010686078894650564
998.0 0.0011644811820588075
999.0 0.0012603543837030884
1000.0 0.0011901061043317895
1001.0 0.0011198575521120802
1002.0 0.0011834640645247418
1003.0 0.0012470703950384632
1004.0 0.0012343574780970812
1005.0 0.0012216445611556992
1006.0 0.001405133298248984
1007.0 0.0015886220353422686
1008.0 0.0016238393072853796
1009.0 0.0016590569430263713
1010.0 0.0017543912690598518
1011.0 0.001849725958891213
1012.0 0.001977148531295825
1013.0 0.0021045711037004367
1014.0 0.002219238376710564
1015.0 0.002333906013518572
1016.0 0.0026726807845989242
1017.0 0.0030114559194771573
1018.0 0.003165637099300511
1019.0 0.003319818279123865
1020.0 0.0034184889955213293
1021.0 0.0035171600757166743
1022.0 0.003868188287015073
1023.0 0.004219217225909233
1024.0 0.004369999442133121
1025.0 0.004520781294559129
1026.0 0.004738878124044277
1027.0 0.004956974953529425
1028.0 0.005061147385276854
1029.0 0.005165319817024283
1030.0 0.005223589687375352
1031.0 0.00528185919392854
1032.0 0.005510789560503326
1033.0 0.005739719563280232
1034.0 0.005659196176566184
1035.0 0.005578673153650016
1036.0 0.00561049600946717
1037.0 0.005642318501486443
1038.0 0.005854854316567071
1039.0 0.006067390131647699
1040.0 0.006332978227874264
1041.0 0.006598565960302949
1042.0 0.006916378333698958
1043.0 0.007234189979499206
1044.0 0.007548363646492362
1045.0 0.007862537313485518
1046.0 0.008797855116426945
1047.0 0.00973317219177261
1048.0 0.01117714200518094
1049.0 0.012621110363397747
1050.0 0.015099174925126135
1051.0 0.017577236576471478
1052.0 0.0214240382774733
1053.0 0.025270844344049692
1054.0 0.030445671291090548
1055.0 0.03562049532774836
1056.0 0.042601776658557355
1057.0 0.049583049258217216
1058.0 0.057666696375235915
1059.0 0.06575032602995634
1060.0 0.07393560954369605
1061.0 0.08212088141590357
1062.0 0.09050758089870214
1063.0 0.09889425709843636
1064.0 0.10636398801580071
1065.0 0.11383370729163289
1066.0 0.12201423523947597
1067.0 0.13019477482885122
1068.0 0.1386862131766975
1069.0 0.1471776864491403
1070.0 0.15642248326912522
1071.0 0.16566726844757795
1072.0 0.17495588399469852
1073.0 0.18424446461722255
1074.0 0.19414244452491403
1075.0 0.20404045935720205
1076.0 0.21447804756462574
1077.0 0.2249156590551138
1078.0 0.2365203807130456
1079.0 0.2481250325217843
1080.0 0.2642473205924034
1081.0 0.2803696086630225
1082.0 0.30848069582134485
1083.0 0.33659180626273155
1084.0 0.3797646379098296
1085.0 0.4229375161230564
1086.0 0.4600893706083298
1087.0 0.49724127165973186
1088.0 0.5635925102978945
1089.0 0.6299437023699284
1090.0 0.7116001099348068
1091.0 0.7932564243674278
1092.0 0.8330149576067924
1093.0 0.8727732114493847
1094.0 0.9276518598198891
1095.0 0.9825303219258785
1096.0 1.0588393546640873
1097.0 1.1351482942700386
1098.0 1.2349072843790054
1099.0 1.3346662744879723
1100.0 1.5651647001504898
1101.0 1.7956629395484924
