lsstCam/transmission_filter_detector/r23_s10/g_6/19700101T000000.ecsv
# %ECSV 1.0
# ---
# datatype:
# - {name: wavelength, unit: nm, datatype: float32}
# - {name: efficiency, unit: '%', datatype: float64}
# meta: !!omap
# - {MODE: DETECTOR}
# - {TYPE: transmission_filter_detector}
# - {CALIBDATE: '1970-01-01T00:00:00'}
# - {INSTRUME: LSSTCam}
# - {OBSTYPE: transmission_filter_detector}
# - {CALIBCLS: lsst.ip.isr.IntermediateFilterDetectorTransmissionCurve}
# - {SOURCE: Materion (DM-46256)}
# - {DETECTOR: 102}
# - {FILTER: g_6}
# - {CALIB_ID: 'calibDate=1970-01-01T00:00:00 filter=g_6 detector=102'}
# - {DATE: '2025-04-02T15:59:42.500476'}
# - {CALIB_CREATION_DATE: '2025-04-02'}
# - {CALIB_CREATION_TIME: '15:59:42'}
# - __serialized_columns__:
#     efficiency:
#       __class__: astropy.units.quantity.Quantity
#       unit: !astropy.units.Unit {unit: '%'}
#       value: !astropy.table.SerializedColumn {name: efficiency}
#     wavelength:
#       __class__: astropy.units.quantity.Quantity
#       unit: !astropy.units.Unit {unit: nm}
#       value: !astropy.table.SerializedColumn {name: wavelength}
# schema: astropy-2.0
wavelength efficiency
300.0 0.4494947846978903
301.0 0.34915292635560036
302.0 0.2488110214471817
303.0 0.22857256699353456
304.0 0.2083340659737587
305.0 0.20995265804231167
306.0 0.21157122682780027
307.0 0.21401813719421625
308.0 0.21646502427756786
309.0 0.21282804664224386
310.0 0.2091911155730486
311.0 0.2003547502681613
312.0 0.19151841988787055
313.0 0.189685239456594
314.0 0.18785204738378525
315.0 0.1831619651056826
316.0 0.17847191775217652
317.0 0.17702983459457755
318.0 0.1755878096446395
319.0 0.1620851457118988
320.0 0.14858247013762593
321.0 0.14011574676260352
322.0 0.1316490350291133
323.0 0.11548975016921759
324.0 0.09933047695085406
325.0 0.08930696058087051
326.0 0.07928344421088696
327.0 0.07174433558247983
328.0 0.06420522113330662
329.0 0.06114692077971995
330.0 0.058088614605367184
331.0 0.053883373038843274
332.0 0.049678131472319365
333.0 0.0465035525849089
334.0 0.043328970787115395
335.0 0.04228789475746453
336.0 0.041246815817430615
337.0 0.04126853309571743
338.0 0.0412902474636212
339.0 0.04017034079879522
340.0 0.03905043413396925
341.0 0.03724551934283227
342.0 0.03544060746207833
343.0 0.03216387121938169
344.0 0.028887134976685047
345.0 0.02559179556556046
346.0 0.02229645469924435
347.0 0.020961339760106057
348.0 0.019626221910584718
349.0 0.01791238464647904
350.0 0.8681538514792919
351.0 1.304973941296339
352.0 0.7578178774565458
353.0 1.2801709584891796
354.0 0.7953627966344357
355.0 0.9557867422699928
356.0 0.7388547994196415
357.0 1.1252284049987793
358.0 0.6935732439160347
359.0 0.9997683577239513
360.0 0.6377611309289932
361.0 0.891391932964325
362.0 0.4909293260425329
363.0 0.8384889923036098
364.0 0.5236037075519562
365.0 0.8057030849158764
366.0 0.5873285233974457
367.0 0.6825252436101437
368.0 0.500838365405798
369.0 0.6984386127442122
370.0 0.49164178781211376
371.0 0.5941676907241344
372.0 0.4233890678733587
373.0 0.7319425232708454
374.0 0.34233161713927984
375.0 0.6360019091516733
376.0 0.42062848806381226
377.0 0.5873936228454113
378.0 0.48174248076975346
379.0 0.6108625791966915
380.0 0.5077828653156757
381.0 0.5992281716316938
382.0 0.5777447018772364
383.0 0.5724217742681503
384.0 0.5669556092470884
385.0 0.6200440227985382
386.0 0.7043027319014072
387.0 0.78580342233181
388.0 0.9979652240872383
389.0 1.2884211726486683
390.0 1.8640298396348953
391.0 2.7929842472076416
392.0 4.4558946043252945
393.0 7.091017067432404
394.0 10.656684637069702
395.0 15.528339147567749
396.0 21.388307213783264
397.0 28.82561981678009
398.0 37.52951920032501
399.0 46.96793854236603
400.0 56.53305649757385
401.0 65.67574739456177
402.0 73.97550344467163
403.0 81.03342056274414
404.0 86.29354238510132
405.0 90.2586817741394
406.0 92.46901869773865
407.0 94.28343176841736
408.0 95.32620310783386
409.0 95.86508870124817
410.0 95.95833420753479
411.0 95.79155445098877
412.0 95.41232585906982
413.0 95.16196250915527
414.0 94.99572515487671
415.0 95.19460201263428
416.0 95.57176232337952
417.0 95.97387909889221
418.0 96.45659327507019
419.0 97.09529280662537
420.0 97.61024713516235
421.0 98.17781448364258
422.0 98.29370379447937
423.0 98.45513701438904
424.0 98.26508164405823
425.0 98.1147825717926
426.0 98.10843467712402
427.0 98.07303547859192
428.0 97.86480069160461
429.0 97.62693047523499
430.0 97.47812747955322
431.0 97.50823378562927
432.0 97.52077460289001
433.0 97.57955074310303
434.0 97.72480726242065
435.0 97.85643815994263
436.0 97.89080619812012
437.0 97.81341552734375
438.0 97.91753888130188
439.0 97.99293875694275
440.0 97.98247218132019
441.0 98.14471006393433
442.0 98.05183410644531
443.0 98.03133010864258
444.0 97.93713092803955
445.0 97.7191150188446
446.0 97.65446186065674
447.0 97.46614694595337
448.0 97.54708409309387
449.0 97.79184460639954
450.0 98.14388155937195
451.0 98.34147095680237
452.0 98.5031247138977
453.0 98.60111474990845
454.0 98.57867956161499
455.0 98.79129528999329
456.0 98.88221621513367
457.0 99.05781745910645
458.0 99.01884198188782
459.0 99.1420567035675
460.0 99.15032386779785
461.0 99.31092262268066
462.0 99.20737147331238
463.0 99.14966821670532
464.0 99.22659993171692
465.0 99.1422712802887
466.0 99.16121363639832
467.0 99.15810227394104
468.0 99.21005964279175
469.0 99.23186302185059
470.0 99.09239411354065
471.0 99.00920987129211
472.0 99.01386499404907
473.0 98.84719252586365
474.0 98.74269962310791
475.0 98.81553649902344
476.0 98.78955483436584
477.0 98.84406328201294
478.0 98.91695976257324
479.0 98.88981580734253
480.0 99.0401566028595
481.0 99.13756251335144
482.0 99.29929375648499
483.0 99.18280839920044
484.0 99.3426263332367
485.0 99.36071634292603
486.0 99.392569065094
487.0 99.43196773529053
488.0 99.37033653259277
489.0 99.47144985198975
490.0 99.3675708770752
491.0 99.39470887184143
492.0 99.3029236793518
493.0 99.27341938018799
494.0 99.22201633453369
495.0 99.25522208213806
496.0 99.11010265350342
497.0 99.04545545578003
498.0 98.84027242660522
499.0 98.90073537826538
500.0 98.8259494304657
501.0 98.73009920120239
502.0 98.67390990257263
503.0 98.80940318107605
504.0 98.66052865982056
505.0 98.69823455810547
506.0 98.80121946334839
507.0 98.74144792556763
508.0 98.7284779548645
509.0 98.70525002479553
510.0 98.6293375492096
511.0 98.6002504825592
512.0 98.55104684829712
513.0 98.64557385444641
514.0 98.65288138389587
515.0 98.6426591873169
516.0 98.72682094573975
517.0 98.72428774833679
518.0 98.75949025154114
519.0 98.81930351257324
520.0 98.8448977470398
521.0 98.98935556411743
522.0 99.02392029762268
523.0 99.02129173278809
524.0 99.03461337089539
525.0 98.98344278335571
526.0 99.0808367729187
527.0 99.15891885757446
528.0 99.23100471496582
529.0 99.34068322181702
530.0 99.35089349746704
531.0 99.46447610855103
532.0 99.32407736778259
533.0 99.32119250297546
534.0 99.29278492927551
535.0 99.08398389816284
536.0 98.6477792263031
537.0 97.98744916915894
538.0 97.10631370544434
539.0 95.51246166229248
540.0 93.57364177703857
541.0 90.67573547363281
542.0 87.5950574874878
543.0 83.74353051185608
544.0 78.80253195762634
545.0 74.55257177352905
546.0 69.47294473648071
547.0 64.7795557975769
548.0 60.23973226547241
549.0 56.23382329940796
550.0 53.13917398452759
551.0 50.18126368522644
552.0 47.879207134246826
553.0 45.36782503128052
554.0 42.3600435256958
555.0 38.94200026988983
556.0 34.41878259181976
557.0 29.20091152191162
558.0 23.63804429769516
559.0 18.275874853134155
560.0 13.250866532325745
561.0 8.77067968249321
562.0 5.471542477607727
563.0 3.1292475759983063
564.0 1.6686003655195236
565.0 0.8086885325610638
566.0 0.42473897337913513
567.0 0.23427910637110472
568.0 0.1491305069066584
569.0 0.09245800320059061
570.0 0.08494305075146258
571.0 0.051362242083996534
572.0 0.06590574630536139
573.0 0.03956567088607699
574.0 0.04526055126916617
575.0 0.03995347651652992
576.0 0.0409778265748173
577.0 0.02398711658315733
578.0 0.03736468497663736
579.0 0.034854127443395555
580.0 0.03940651367884129
581.0 0.030175133724696934
582.0 0.023934425553306937
583.0 0.018680436187423766
584.0 0.03255660703871399
585.0 0.01884799130493775
586.0 0.029997804085724056
587.0 0.018068053759634495
588.0 0.017894641496241093
589.0 0.017920215032063425
590.0 0.026411237195134163
591.0 0.01672744401730597
592.0 0.015568062372040004
593.0 0.010712075891206041
594.0 0.0282200489891693
595.0 0.00512734659423586
596.0 0.012853840598836541
597.0 0.014329428086057305
598.0 0.012758299999404699
599.0 0.010220783588010818
600.0 0.012179472832940519
601.0 0.0022929538317839615
602.0 0.00230247405852424
603.0 0.0023119941033655778
604.0 0.002110771310981363
605.0 0.0019095487004960887
606.0 0.001972341851796955
607.0 0.0020351351849967614
608.0 0.0019003346096724272
609.0 0.0017655336705502123
610.0 0.0018333337720832787
611.0 0.0019011338736163452
612.0 0.0018451553842169233
613.0 0.0017891768948175013
614.0 0.0017720552932587452
615.0 0.0017549338735989295
616.0 0.001804002204153221
617.0 0.0018530705347075127
618.0 0.0017780013877199963
619.0 0.0017029326045303605
620.0 0.001656576023378875
621.0 0.00161021962412633
622.0 0.0015102041288628243
623.0 0.0014101885426498484
624.0 0.001443256223865319
625.0 0.0014763239960302599
626.0 0.0014134802768239751
627.0 0.0013506367395166308
628.0 0.0014218854630598798
629.0 0.001493134277552599
630.0 0.0013974435205454938
631.0 0.0013017523997405078
632.0 0.0013640513316204306
633.0 0.0014263499906519428
634.0 0.0014322127753985114
635.0 0.0014380752872966696
636.0 0.0014220489902072586
637.0 0.0014060230569157284
638.0 0.001251552839676151
639.0 0.0010970825314871036
640.0 0.0010672772077668924
641.0 0.0010374717021477409
642.0 0.0011946158338105306
643.0 0.0013517599654733203
644.0 0.0013001251318200957
645.0 0.001248490298166871
646.0 0.0012899297871626914
647.0 0.001331369458057452
648.0 0.001179821356345201
649.0 0.0010282731636834797
650.0 0.0011665449164866004
651.0 0.0013048163964413106
652.0 0.0011904739039891865
653.0 0.0010761313205875922
654.0 0.001131503904616693
655.0 0.0011868766705447342
656.0 0.001133136174757965
657.0 0.0010793955880217254
658.0 0.0010672059033822734
659.0 0.001055016491591232
660.0 0.000982639267022023
661.0 0.0009102620424528141
662.0 0.0010749998182291165
663.0 0.0012397379578032997
664.0 0.0012473338756535668
665.0 0.001254929793503834
666.0 0.0011617657946771942
667.0 0.0010686014320526738
668.0 0.0010979149010381661
669.0 0.0011272285519225989
670.0 0.0011203733265574556
671.0 0.0011135180102428421
672.0 0.001128161238739267
673.0 0.0011428042853367515
674.0 0.0010253997970721684
675.0 0.000907995126908645
676.0 0.0009170712473860476
677.0 0.0009261470040655695
678.0 0.0010210505934082903
679.0 0.001115954182751011
680.0 0.0010647118870110717
681.0 0.0010134695912711322
682.0 0.0010281402865075506
683.0 0.0010428107998450287
684.0 0.0009770269571163226
685.0 0.0009112430234381463
686.0 0.0009553421477903612
687.0 0.000999441272142576
688.0 0.0010500525604584254
689.0 0.0011006637578248046
690.0 0.0010568886864348315
691.0 0.0010131136150448583
692.0 0.0010485406164661981
693.0 0.001083967617887538
694.0 0.0011715147593349684
695.0 0.0012590618098329287
696.0 0.00120000704555423
697.0 0.001140952099376591
698.0 0.001219282694364665
699.0 0.0012976132893527392
700.0 0.0011827751222881489
701.0 0.0010679370461730286
702.0 0.0011462855582067277
703.0 0.0012246339792909566
704.0 0.0011249897397647146
705.0 0.001025345227390062
706.0 0.0010756456504168455
707.0 0.0011259460734436288
708.0 0.0011548256225069053
709.0 0.0011837050806207117
710.0 0.001181177231046604
711.0 0.0011786495633714367
712.0 0.0012117706319259014
713.0 0.0012448917914298363
714.0 0.0012284977856324986
715.0 0.0012121041436330415
716.0 0.0014070620636630338
717.0 0.0016020203474909067
718.0 0.0018462555090081878
719.0 0.002090490670525469
720.0 0.001775881537469104
721.0 0.0014612721315643284
722.0 0.0016108073396026157
723.0 0.0017603430023882538
724.0 0.0018369435565546155
725.0 0.0019135441107209772
726.0 0.0019561948647606187
727.0 0.0019988458006992005
728.0 0.002040412073256448
729.0 0.002081978163914755
730.0 0.002047242014668882
731.0 0.002012506047321949
732.0 0.001836613409977872
733.0 0.001660720954532735
734.0 0.0014482540791505016
735.0 0.001235787112818798
736.0 0.0012072965546394698
737.0 0.0011788059055106714
738.0 0.001103250451706117
739.0 0.0010276952707499731
740.0 0.0009367633538204245
741.0 0.0008458312549919356
742.0 0.000797757093096152
743.0 0.0007496831130993087
744.0 0.0008782028999121394
745.0 0.0010067227776744403
746.0 0.0009688668797025457
747.0 0.0009310108907811809
748.0 0.0010340416338294744
749.0 0.001137072376877768
750.0 0.0010516886504774448
751.0 0.0009663051969255321
752.0 0.0008954199984145816
753.0 0.0008245349818025716
754.0 0.0008543617695977446
755.0 0.0008841886483423878
756.0 0.0008947227797762025
757.0 0.0009052570931089576
758.0 0.0008607874406152405
759.0 0.0008163179700204637
760.0 0.0007256721346493578
761.0 0.0006350261628540466
762.0 0.0007016785275482107
763.0 0.0007683308467676397
764.0 0.0008184348189388402
765.0 0.000868538973008981
766.0 0.0007432166512444383
767.0 0.0006178942840051604
768.0 0.0005510362825589254
769.0 0.0004841781901632203
770.0 0.00045741753638139926
771.0 0.00043065692807431333
772.0 0.0006035121714376146
773.0 0.0007763674148009159
774.0 0.0007968672434799373
775.0 0.0008173670721589588
776.0 0.0008323915608343668
777.0 0.0008474159585603047
778.0 0.0007936494512250647
779.0 0.0007398829893645598
780.0 0.0006867217052786145
781.0 0.0006335604666674044
782.0 0.0005483412678586319
783.0 0.00046312188715091906
784.0 0.00047089274630707223
785.0 0.0004786635599884903
786.0 0.0005058746864960995
787.0 0.000533086040377384
788.0 0.0004294206064514583
789.0 0.00032575521800026763
790.0 0.00027877501906914404
791.0 0.00023179484287538799
792.0 0.0002935013071692083
793.0 0.0003552077487256611
794.0 0.00029732766506640473
795.0 0.00023944760414451594
796.0 0.00032431530598842073
797.0 0.000409182985094958
798.0 0.0004122990048927022
799.0 0.00041541507016518153
800.0 0.00045231317926663905
801.0 0.0004892113793175668
802.0 0.00043098334572277963
803.0 0.0003727553576027276
804.0 0.0003356054321557167
805.0 0.00029845557492080843
806.0 0.00035416046557656955
807.0 0.0004098653334949631
808.0 0.00045322672121983487
809.0 0.0004965881089447066
810.0 0.0003669708348752465
811.0 0.0002373535608057864
812.0 0.00024280805064336164
813.0 0.00024826251774356933
814.0 0.0003464081828497001
815.0 0.0004445538706931984
816.0 0.0005114396572025726
817.0 0.0005783253982372116
818.0 0.0005046096248406684
819.0 0.000430893760494655
820.0 0.0005049541869084351
821.0 0.000579014522372745
822.0 0.0005512968527909834
823.0 0.0005235791377344867
824.0 0.00047610033107048366
825.0 0.0004286214789317455
826.0 0.0005322521701600635
827.0 0.0006358828613883816
828.0 0.0005591185981757008
829.0 0.00048235428948828485
830.0 0.0004582047495205188
831.0 0.0004340551640780177
832.0 0.000618769718130352
833.0 0.0008034841812332161
834.0 0.0006216089332156116
835.0 0.00043973373067274224
836.0 0.0006111370566941332
837.0 0.0007825404281902593
838.0 0.0006538474281114759
839.0 0.0005251544735074276
840.0 0.0005869630967936246
841.0 0.0006487716291303514
842.0 0.0003954219209845178
843.0 0.00014207211052053026
844.0 0.000228925955525483
845.0 0.00031577976642438443
846.0 0.0004644178261514753
847.0 0.0006130559540906688
848.0 0.0005576943294727243
849.0 0.0005023326593800448
850.0 0.00045617512114404235
851.0 0.00041001749195856974
852.0 0.000470803888674709
853.0 0.0005315900125424378
854.0 0.0005430971214082092
855.0 0.0005546040938497754
856.0 0.00046462082536891103
857.0 0.00037463760236278176
858.0 0.00046830841711198445
859.0 0.0005619792318611871
860.0 0.0005068857262813253
861.0 0.0004517922207014635
862.0 0.0005232429430179764
863.0 0.0005946936198597541
864.0 0.0005261638762021903
865.0 0.0004576340870698914
866.0 0.0005502237854670966
867.0 0.0006428134838643018
868.0 0.0006972566552576609
869.0 0.00075169982665102
870.0 0.0006515298537124181
871.0 0.000551359744349611
872.0 0.000441795327787986
873.0 0.00033223079753952334
874.0 0.00048412266551167704
875.0 0.0006360145107464632
876.0 0.0006123235834820662
877.0 0.0005886327016924042
878.0 0.0006193521130626323
879.0 0.0006500714789581252
880.0 0.0007365974852291401
881.0 0.0008231238098233007
882.0 0.000673485283186892
883.0 0.0005238468929746887
884.0 0.000598668702878058
885.0 0.0006734906037308974
886.0 0.0007161095254559768
887.0 0.0007587286290799966
888.0 0.0006513029347843258
889.0 0.00054387728596339
890.0 0.000508944685861934
891.0 0.00047401208576047793
892.0 0.0004971439466316951
893.0 0.0005202758529776474
894.0 0.0005302818408381427
895.0 0.0005402878286986379
896.0 0.0004843571787205292
897.0 0.0004284264377929503
898.0 0.0003959826699428959
899.0 0.000363538924830209
900.0 0.0003469736611805274
901.0 0.0003304084430055809
902.0 0.0005097413122712169
903.0 0.0006890742497489555
904.0 0.0004655490101868054
905.0 0.00024202370241255267
906.0 0.000368636005987355
907.0 0.0004952482868247898
