lsstCam/transmission_sensor/r12_s02/19700101T000000.ecsv
# %ECSV 1.0
# ---
# datatype:
# - {name: amp_name, datatype: string}
# - {name: wavelength, unit: nm, datatype: float32}
# - {name: efficiency, unit: '%', datatype: float64}
# meta: !!omap
# - {MODE: AMP}
# - {TYPE: transmission_sensor}
# - {CALIBDATE: '1970-01-01T00:00:00'}
# - {INSTRUME: LSSTCAM}
# - {OBSTYPE: transmission_sensor}
# - {DETECTOR: 47}
# - {PARQUETFILE: qe_raft_allvalues_nircorrected_20230725.parquet}
# - {CALIBCLS: lsst.ip.isr.IntermediateSensorTransmissionCurve}
# - {CALIB_ID: 'raftName=R12 detectorName=S02 detector=47 calibDate=1970-01-01T00:00:00 ccd=47 ccdnum=47 filter=None'}
# - {DATE: '2023-08-02T16:57:55.638935'}
# - {CALIB_CREATION_DATE: '2023-08-02'}
# - {CALIB_CREATION_TIME: '16:57:55'}
# - __serialized_columns__:
#     efficiency:
#       __class__: astropy.units.quantity.Quantity
#       unit: !astropy.units.Unit {unit: '%'}
#       value: !astropy.table.SerializedColumn {name: efficiency}
#     wavelength:
#       __class__: astropy.units.quantity.Quantity
#       unit: !astropy.units.Unit {unit: nm}
#       value: !astropy.table.SerializedColumn {name: wavelength}
# schema: astropy-2.0
amp_name wavelength efficiency
C00 319.994 43.04812240600586
C00 324.969 48.553218841552734
C00 349.982 72.70068359375
C00 374.975 78.274658203125
C00 400.019 84.9271240234375
C00 424.965 86.31049346923828
C00 450.035 88.73079681396484
C00 475.003 90.322021484375
C00 500.018 92.42787170410156
C00 525.002 95.14112091064453
C00 550.029 96.24534606933594
C00 575.023 97.22521209716797
C00 599.982 98.00098419189453
C00 619.997 98.94064331054688
C00 624.979 98.62757873535156
C00 650.012 98.91343688964844
C00 675.004 99.17467498779297
C00 700.03 98.99150085449219
C00 725.012 98.8078842163086
C00 750.022 99.28271484375
C00 774.987 99.1868896484375
C00 799.976 98.91130065917969
C00 824.988 96.8481674194336
C00 850.022 94.81913757324219
C00 869.967 91.90392303466797
C00 875.002 90.58124542236328
C00 899.999 83.64668273925781
C00 919.999 74.03026580810547
C00 925.012 71.7120590209961
C00 949.965 58.39946746826172
C00 975.002 43.85475540161133
C00 999.976 26.374826431274414
C00 1025.028 11.25865650177002
C00 1050.014 4.003752708435059
C00 1075.002 0.9458615344598955
C00 1099.99 0.09384751250397672
C01 319.994 43.208648681640625
C01 324.969 48.727203369140625
C01 349.982 72.98175811767578
C01 374.975 78.57337188720703
C01 400.019 85.10102081298828
C01 424.965 86.41341400146484
C01 450.035 88.7905044555664
C01 475.003 90.34882354736328
C01 500.018 92.43697357177734
C01 525.002 95.13259887695312
C01 550.029 96.22884368896484
C01 575.023 97.20465087890625
C01 599.982 97.97164916992188
C01 619.997 98.91422271728516
C01 624.979 98.6005630493164
C01 650.012 98.8906021118164
C01 675.004 99.15135955810547
C01 700.03 98.98344421386719
C01 725.012 98.83197021484375
C01 750.022 99.33999633789062
C01 774.987 99.27792358398438
C01 799.976 99.0134506225586
C01 824.988 96.94383239746094
C01 850.022 94.90898895263672
C01 869.967 91.96802520751953
C01 875.002 90.65878295898438
C01 899.999 83.65663146972656
C01 919.999 73.95135498046875
C01 925.012 71.6655044555664
C01 949.965 58.4555778503418
C01 975.002 43.8054084777832
C01 999.976 26.327865600585938
C01 1025.028 11.242042541503906
C01 1050.014 3.9830334186553955
C01 1075.002 0.946407251707515
C01 1099.99 0.09390165806794538
C02 319.994 43.4135627746582
C02 324.969 48.95962142944336
C02 349.982 73.3794174194336
C02 374.975 79.00599670410156
C02 400.019 85.42365264892578
C02 424.965 86.66667175292969
C02 450.035 89.0114974975586
C02 475.003 90.5479965209961
C02 500.018 92.62178039550781
C02 525.002 95.31501007080078
C02 550.029 96.40621948242188
C02 575.023 97.38370513916016
C02 599.982 98.14969635009766
C02 619.997 99.09475708007812
C02 624.979 98.77983856201172
C02 650.012 99.07136535644531
C02 675.004 99.34001159667969
C02 700.03 99.18170928955078
C02 725.012 99.05972290039062
C02 750.022 99.61283111572266
C02 774.987 99.58402252197266
C02 799.976 99.3310546875
C02 824.988 97.24034881591797
C02 850.022 95.20989227294922
C02 869.967 92.24567413330078
C02 875.002 90.9161605834961
C02 899.999 83.8076400756836
C02 919.999 74.1677017211914
C02 925.012 71.8663558959961
C02 949.965 58.54252624511719
C02 975.002 43.90127182006836
C02 999.976 26.416337966918945
C02 1025.028 11.255314826965332
C02 1050.014 3.974915027618408
C02 1075.002 0.9490065342331252
C02 1099.99 0.09415955649222464
C03 319.994 43.360931396484375
C03 324.969 48.90512466430664
C03 349.982 73.38856506347656
C03 374.975 79.05167388916016
C03 400.019 85.36113739013672
C03 424.965 86.54054260253906
C03 450.035 88.84490203857422
C03 475.003 90.35906219482422
C03 500.018 92.41429138183594
C03 525.002 95.09366607666016
C03 550.029 96.18037414550781
C03 575.023 97.15788269042969
C03 599.982 97.9271469116211
C03 619.997 98.87124633789062
C03 624.979 98.5578384399414
C03 650.012 98.85021209716797
C03 675.004 99.12327575683594
C03 700.03 98.98334503173828
C03 725.012 98.88993072509766
C03 750.022 99.48440551757812
C03 774.987 99.4941635131836
C03 799.976 99.2518539428711
C03 824.988 97.15130615234375
C03 850.022 95.13316345214844
C03 869.967 92.19947052001953
C03 875.002 90.81329345703125
C03 899.999 83.73429870605469
C03 919.999 74.10503387451172
C03 925.012 71.53084564208984
C03 949.965 58.637874603271484
C03 975.002 43.88023376464844
C03 999.976 26.126306533813477
C03 1025.028 11.232647895812988
C03 1050.014 3.957645893096924
C03 1075.002 0.9477828682938632
C03 1099.99 0.09403814548188986
C04 319.994 43.387882232666016
C04 324.969 48.93913650512695
C04 349.982 73.5090103149414
C04 374.975 79.18152618408203
C04 400.019 85.38044738769531
C04 424.965 86.50041961669922
C04 450.035 88.77297973632812
C04 475.003 90.26216125488281
C04 500.018 92.30917358398438
C04 525.002 94.97985076904297
C04 550.029 96.06427001953125
C04 575.023 97.03895568847656
C04 599.982 97.80966186523438
C04 619.997 98.75286865234375
C04 624.979 98.43842315673828
C04 650.012 98.73577880859375
C04 675.004 99.013916015625
C04 700.03 98.88268280029297
C04 725.012 98.82115173339844
C04 750.022 99.4443359375
C04 774.987 99.48042297363281
C04 799.976 99.25152587890625
C04 824.988 97.14073944091797
C04 850.022 95.13977813720703
C04 869.967 92.2284164428711
C04 875.002 90.85709381103516
C04 899.999 83.60565948486328
C04 919.999 73.76209259033203
C04 925.012 71.50360107421875
C04 949.965 58.62147521972656
C04 975.002 43.62683868408203
C04 999.976 26.273324966430664
C04 1025.028 11.2204008102417
C04 1050.014 3.932272434234619
C04 1075.002 0.9474007165641379
C04 1099.99 0.0940002287383421
C05 319.994 43.36025619506836
C05 324.969 48.91107940673828
C05 349.982 73.53495025634766
C05 374.975 79.1894302368164
C05 400.019 85.22288513183594
C05 424.965 86.2670669555664
C05 450.035 88.48661804199219
C05 475.003 89.95132446289062
C05 500.018 91.97721099853516
C05 525.002 94.62957000732422
C05 550.029 95.70542907714844
C05 575.023 96.67711639404297
C05 599.982 97.44429016113281
C05 619.997 98.38572692871094
C05 624.979 98.07665252685547
C05 650.012 98.37462615966797
C05 675.004 98.65217590332031
C05 700.03 98.52954864501953
C05 725.012 98.4801254272461
C05 750.022 99.120361328125
C05 774.987 99.16776275634766
C05 799.976 98.94420623779297
C05 824.988 96.84073638916016
C05 850.022 94.81828308105469
C05 869.967 91.93659210205078
C05 875.002 90.60001373291016
C05 899.999 83.35479736328125
C05 919.999 73.41869354248047
C05 925.012 71.16180419921875
C05 949.965 58.28006362915039
C05 975.002 43.587379455566406
C05 999.976 26.24715805053711
C05 1025.028 11.192032814025879
C05 1050.014 3.9104135036468506
C05 1075.002 0.944314058303779
C05 1099.99 0.09369397334140396
C06 319.994 43.56816864013672
C06 324.969 49.146759033203125
C06 349.982 73.9477310180664
C06 374.975 79.64358520507812
C06 400.019 85.63005065917969
C06 424.965 86.62989807128906
C06 450.035 88.84038543701172
C06 475.003 90.29463195800781
C06 500.018 92.3201675415039
C06 525.002 94.98371887207031
C06 550.029 96.06478118896484
C06 575.023 97.04190063476562
C06 599.982 97.81187438964844
C06 619.997 98.75786590576172
C06 624.979 98.44486236572266
C06 650.012 98.74415588378906
C06 675.004 99.0280532836914
C06 700.03 98.90644836425781
C06 725.012 98.85078430175781
C06 750.022 99.48339080810547
C06 774.987 99.50994873046875
C06 799.976 99.27665710449219
C06 824.988 97.1723403930664
C06 850.022 95.12226867675781
C06 869.967 92.25053405761719
C06 875.002 90.91864776611328
C06 899.999 83.79105377197266
C06 919.999 73.72998809814453
C06 925.012 71.41226959228516
C06 949.965 58.40941619873047
C06 975.002 43.7065544128418
C06 999.976 26.384632110595703
C06 1025.028 11.250593185424805
C06 1050.014 3.9465529918670654
C06 1075.002 0.9477729344969972
C06 1099.99 0.0940371598596908
C07 319.994 43.538246154785156
C07 324.969 49.11705017089844
C07 349.982 73.9405288696289
C07 374.975 79.64262390136719
C07 400.019 85.56587219238281
C07 424.965 86.53336334228516
C07 450.035 88.7224349975586
C07 475.003 90.17298889160156
C07 500.018 92.19055938720703
C07 525.002 94.84689331054688
C07 550.029 95.92578887939453
C07 575.023 96.9016342163086
C07 599.982 97.6759033203125
C07 619.997 98.62091827392578
C07 624.979 98.30708312988281
C07 650.012 98.60952758789062
C07 675.004 98.891845703125
C07 700.03 98.75669860839844
C07 725.012 98.65540313720703
C07 750.022 99.22374725341797
C07 774.987 99.18321228027344
C07 799.976 98.92611694335938
C07 824.988 96.83500671386719
C07 850.022 94.78567504882812
C07 869.967 91.92781066894531
C07 875.002 90.58343505859375
C07 899.999 83.63519287109375
C07 919.999 73.66553497314453
C07 925.012 71.33235931396484
C07 949.965 58.254329681396484
C07 975.002 43.47018814086914
C07 999.976 26.344669342041016
C07 1025.028 11.287869453430176
C07 1050.014 4.010433197021484
C07 1075.002 0.9452997510631039
C07 1099.99 0.09379177287144685
C10 319.994 42.035274505615234
C10 324.969 47.41118240356445
C10 349.982 71.16950225830078
C10 374.975 77.13803100585938
C10 400.019 84.4638900756836
C10 424.965 86.15450286865234
C10 450.035 88.72880554199219
C10 475.003 90.40962219238281
C10 500.018 92.5802001953125
C10 525.002 95.34315490722656
C10 550.029 96.48829650878906
C10 575.023 97.50830078125
C10 599.982 98.31116485595703
C10 619.997 99.27944946289062
C10 624.979 98.96649169921875
C10 650.012 99.27692413330078
C10 675.004 99.54952239990234
C10 700.03 99.27763366699219
C10 725.012 98.83598327636719
C10 750.022 98.97453308105469
C10 774.987 98.55534362792969
C10 799.976 98.15547180175781
C10 824.988 96.12279510498047
C10 850.022 94.00926971435547
C10 869.967 91.0889892578125
C10 875.002 89.80355072021484
C10 899.999 83.05399322509766
C10 919.999 73.9025650024414
C10 925.012 71.65382385253906
C10 949.965 57.84561538696289
C10 975.002 43.012367248535156
C10 999.976 25.87563705444336
C10 1025.028 11.1307373046875
C10 1050.014 3.958512783050537
C10 1075.002 0.9429255093668873
C10 1099.99 0.09355620279151926
C11 319.994 42.25260543823242
C11 324.969 47.65230178833008
C11 349.982 71.583984375
C11 374.975 77.59613800048828
C11 400.019 84.74259185791016
C11 424.965 86.32377624511719
C11 450.035 88.83757781982422
C11 475.003 90.47466278076172
C11 500.018 92.61722564697266
C11 525.002 95.36064910888672
C11 550.029 96.49288940429688
C11 575.023 97.50802612304688
C11 599.982 98.30523681640625
C11 619.997 99.27127075195312
C11 624.979 98.96440124511719
C11 650.012 99.27550506591797
C11 675.004 99.5464859008789
C11 700.03 99.29389190673828
C11 725.012 98.88538360595703
C11 750.022 99.0748062133789
C11 774.987 98.70018005371094
C11 799.976 98.31478881835938
C11 824.988 96.26953125
C11 850.022 94.1666030883789
C11 869.967 91.20718383789062
C11 875.002 89.91679382324219
C11 899.999 83.12552642822266
C11 919.999 73.85171508789062
C11 925.012 71.58657836914062
C11 949.965 57.87671661376953
C11 975.002 43.06468200683594
C11 999.976 25.885038375854492
C11 1025.028 11.094061851501465
C11 1050.014 3.9295146465301514
C11 1075.002 0.9438808054488566
C11 1099.99 0.09365098639115978
C12 319.994 42.30985641479492
C12 324.969 47.71794509887695
C12 349.982 71.76354217529297
C12 374.975 77.79956817626953
C12 400.019 84.74732208251953
C12 424.965 86.22381591796875
C12 450.035 88.6739501953125
C12 475.003 90.27172088623047
C12 500.018 92.383544921875
C12 525.002 95.10894012451172
C12 550.029 96.23265075683594
C12 575.023 97.23836517333984
C12 599.982 98.03622436523438
C12 619.997 98.99893188476562
C12 624.979 98.69217681884766
C12 650.012 99.00225067138672
C12 675.004 99.27835083007812
C12 700.03 99.04048919677734
C12 725.012 98.67643737792969
C12 750.022 98.91744232177734
C12 774.987 98.59260559082031
C12 799.976 98.22804260253906
C12 824.988 96.15859985351562
C12 850.022 94.07506561279297
C12 869.967 91.15271759033203
C12 875.002 89.84310150146484
C12 899.999 82.91426086425781
C12 919.999 73.57625579833984
C12 925.012 71.35413360595703
C12 949.965 57.9030876159668
C12 975.002 43.01750183105469
C12 999.976 25.816146850585938
C12 1025.028 11.053118705749512
C12 1050.014 3.899421215057373
C12 1075.002 0.9423816062501728
C12 1099.99 0.09350223722395236
C13 319.994 42.372989654541016
C13 324.969 47.791996002197266
C13 349.982 71.9566879272461
C13 374.975 78.01014709472656
C13 400.019 84.78688049316406
C13 424.965 86.16936492919922
C13 450.035 88.56552124023438
C13 475.003 90.12926483154297
C13 500.018 92.22321319580078
C13 525.002 94.92986297607422
C13 550.029 96.04715728759766
C13 575.023 97.04838562011719
C13 599.982 97.84259033203125
C13 619.997 98.80542755126953
C13 624.979 98.50019073486328
C13 650.012 98.81316375732422
C13 675.004 99.09158325195312
C13 700.03 98.87564849853516
C13 725.012 98.5511245727539
C13 750.022 98.84689331054688
C13 774.987 98.57241821289062
C13 799.976 98.23242950439453
C13 824.988 96.15779113769531
C13 850.022 94.06990814208984
C13 869.967 91.17692565917969
C13 875.002 89.87010192871094
C13 899.999 82.99999237060547
C13 919.999 73.43143463134766
C13 925.012 71.17412567138672
C13 949.965 57.876075744628906
C13 975.002 43.01148223876953
C13 999.976 25.886629104614258
C13 1025.028 11.057684898376465
C13 1050.014 3.8900110721588135
C13 1075.002 0.9417094880800025
C13 1099.99 0.09343555027657034
C14 319.994 42.487892150878906
C14 324.969 47.925045013427734
C14 349.982 72.2406234741211
C14 374.975 78.30274200439453
C14 400.019 84.90348052978516
C14 424.965 86.19214630126953
C14 450.035 88.53397369384766
C14 475.003 90.0606918334961
C14 500.018 92.13471984863281
C14 525.002 94.8302993774414
C14 550.029 95.9374008178711
C14 575.023 96.9376449584961
C14 599.982 97.73072814941406
C14 619.997 98.69540405273438
C14 624.979 98.39109802246094
C14 650.012 98.70455169677734
C14 675.004 98.98841094970703
C14 700.03 98.78292846679688
C14 725.012 98.50022888183594
C14 750.022 98.84638214111328
C14 774.987 98.61750793457031
C14 799.976 98.29240417480469
C14 824.988 96.22184753417969
C14 850.022 94.11180877685547
C14 869.967 91.24430084228516
C14 875.002 89.95370483398438
C14 899.999 83.1629638671875
C14 919.999 73.41730499267578
C14 925.012 71.09375
C14 949.965 57.84686279296875
C14 975.002 43.078163146972656
C14 999.976 25.983177185058594
C14 1025.028 11.111410140991211
C14 1050.014 3.8911173343658447
C14 1075.002 0.9417046170830758
C14 1099.99 0.09343506698073017
C15 319.994 42.69110107421875
C15 324.969 48.15605163574219
C15 349.982 72.68086242675781
C15 374.975 78.7710189819336
C15 400.019 85.19715881347656
C15 424.965 86.3842544555664
C15 450.035 88.67036437988281
C15 475.003 90.17053985595703
C15 500.018 92.2230224609375
C15 525.002 94.90670776367188
C15 550.029 96.01185607910156
C15 575.023 97.01314544677734
C15 599.982 97.8069076538086
C15 619.997 98.77178192138672
C15 624.979 98.46558380126953
C15 650.012 98.78365325927734
C15 675.004 99.06875610351562
C15 700.03 98.87767028808594
C15 725.012 98.6194076538086
C15 750.022 98.99645233154297
C15 774.987 98.79931640625
C15 799.976 98.48046112060547
C15 824.988 96.40467071533203
C15 850.022 94.26094818115234
C15 869.967 91.3801040649414
C15 875.002 90.08412170410156
C15 899.999 83.354248046875
C15 919.999 73.49945068359375
C15 925.012 71.1414566040039
C15 949.965 57.7981071472168
C15 975.002 43.103302001953125
C15 999.976 26.077526092529297
C15 1025.028 11.152381896972656
C15 1050.014 3.892608880996704
C15 1075.002 0.9431343277308103
C15 1099.99 0.0935769215577502
C16 319.994 42.840816497802734
C16 324.969 48.32863235473633
C16 349.982 73.01066589355469
C16 374.975 79.13032531738281
C16 400.019 85.42369842529297
C16 424.965 86.53372192382812
C16 450.035 88.77989959716797
C16 475.003 90.25697326660156
C16 500.018 92.2961196899414
C16 525.002 94.9758071899414
C16 550.029 96.07611846923828
C16 575.023 97.07758331298828
C16 599.982 97.86943817138672
C16 619.997 98.83712768554688
C16 624.979 98.5312728881836
C16 650.012 98.84900665283203
C16 675.004 99.13836669921875
C16 700.03 98.95173645019531
C16 725.012 98.69383239746094
C16 750.022 99.07085418701172
C16 774.987 98.86775207519531
C16 799.976 98.53743743896484
C16 824.988 96.46205139160156
C16 850.022 94.27726745605469
C16 869.967 91.36616516113281
C16 875.002 90.06871795654297
C16 899.999 83.47608947753906
C16 919.999 73.57801055908203
C16 925.012 71.16561889648438
C16 949.965 57.62453079223633
C16 975.002 42.96713638305664
C16 999.976 26.096708297729492
C16 1025.028 11.19015121459961
C16 1050.014 3.9040350914001465
C16 1075.002 0.9438431505517827
C16 1099.99 0.09364725030686494
C17 319.994 42.988128662109375
C17 324.969 48.498924255371094
C17 349.982 73.32341766357422
C17 374.975 79.45903778076172
C17 400.019 85.65904998779297
C17 424.965 86.71174621582031
C17 450.035 88.92976379394531
C17 475.003 90.39080810546875
C17 500.018 92.42228698730469
C17 525.002 95.10115051269531
C17 550.029 96.19993591308594
C17 575.023 97.20178985595703
C17 599.982 97.99689483642578
C17 619.997 98.96256256103516
C17 624.979 98.65685272216797
C17 650.012 98.97796630859375
C17 675.004 99.26615142822266
C17 700.03 99.06602478027344
C17 725.012 98.76404571533203
C17 750.022 99.08106231689453
C17 774.987 98.81266784667969
C17 799.976 98.45315551757812
C17 824.988 96.37726593017578
C17 850.022 94.17027282714844
C17 869.967 91.28228759765625
C17 875.002 89.9914321899414
C17 899.999 83.45797729492188
C17 919.999 73.59722900390625
C17 925.012 71.15402221679688
C17 949.965 57.596561431884766
C17 975.002 42.792232513427734
C17 999.976 26.040124893188477
C17 1025.028 11.234055519104004
C17 1050.014 3.940319776535034
C17 1075.002 0.9439404042264505
C17 1099.99 0.09365689972712038
