lsstCam/transmission_sensor/r12_s02/19700101T000000.ecsv
# %ECSV 1.0
# ---
# datatype:
# - {name: amp_name, datatype: string}
# - {name: wavelength, unit: nm, datatype: float32}
# - {name: efficiency, unit: '%', datatype: float64}
# meta: !!omap
# - {MODE: AMP}
# - {TYPE: transmission_sensor}
# - {CALIBDATE: '1970-01-01T00:00:00'}
# - {INSTRUME: LSSTCam}
# - {OBSTYPE: transmission_sensor}
# - {DETECTOR: 47}
# - {PARQUETFILE: qe_raft_allvalues_nircorrected_20230725_adjust.parquet}
# - {CORRFILE: qe_corr_factor_bydetnum.parquet}
# - {CALIBCLS: lsst.ip.isr.IntermediateSensorTransmissionCurve}
# - {CALIB_ID: 'raftName=R12 detectorName=S02 detector=47 calibDate=1970-01-01T00:00:00 ccd=47 ccdnum=47 filter=None'}
# - {DATE: '2025-03-03T21:56:47.635821'}
# - {CALIB_CREATION_DATE: '2025-03-03'}
# - {CALIB_CREATION_TIME: '21:56:47'}
# - __serialized_columns__:
#     efficiency:
#       __class__: astropy.units.quantity.Quantity
#       unit: !astropy.units.Unit {unit: '%'}
#       value: !astropy.table.SerializedColumn {name: efficiency}
#     wavelength:
#       __class__: astropy.units.quantity.Quantity
#       unit: !astropy.units.Unit {unit: nm}
#       value: !astropy.table.SerializedColumn {name: wavelength}
# schema: astropy-2.0
amp_name wavelength efficiency
C00 319.994 42.51992252380858
C00 324.969 47.95747150022784
C00 349.982 71.80864718510695
C00 374.975 77.31422920108903
C00 400.019 83.88506935537433
C00 424.965 85.25146487670483
C00 450.035 87.64207113198556
C00 475.003 89.21377149711863
C00 500.018 91.29378296300841
C00 525.002 93.97374063832612
C00 550.029 95.06441696919087
C00 575.023 96.03226005405715
C00 599.982 96.79851343562866
C00 619.997 97.72664294954943
C00 624.979 97.41741967247576
C00 650.012 97.69977035106903
C00 675.004 97.95780306126738
C00 700.03 97.77687647211542
C00 725.012 97.5955128076096
C00 750.022 98.06451726964679
C00 774.987 97.9698678481903
C00 799.976 97.69766033211936
C00 824.988 95.65984170944095
C00 850.022 93.6557080321376
C00 869.967 90.7762631366928
C00 875.002 89.46981476087873
C00 899.999 82.62033906850796
C00 919.999 73.12191544359762
C00 925.012 70.83215302254703
C00 949.965 57.68290678888547
C00 975.002 43.31665814342082
C00 999.976 26.05120766614962
C00 1025.028 11.120512938112412
C00 1050.014 3.954626716620666
C00 1075.002 0.9342558261698878
C00 1099.99 0.09269600478938723
C01 319.994 42.6784791442031
C01 324.969 48.129321240005254
C01 349.982 72.08627292840936
C01 374.975 77.60927767229012
C01 400.019 84.05683243365918
C01 424.965 85.35312257538699
C01 450.035 87.70104616162874
C01 475.003 89.24024469915499
C01 500.018 91.30277315089037
C01 525.002 93.96532316987334
C01 550.029 95.0481170728047
C01 575.023 96.01195112166661
C01 599.982 96.76953835398055
C01 619.997 97.70054653661123
C01 624.979 97.39073546854443
C01 650.012 97.67721575565348
C01 675.004 97.93477371158816
C01 700.03 97.7689186863624
C01 725.012 97.61930327126709
C01 750.022 98.12109592062572
C01 774.987 98.05978479857397
C01 799.976 97.79855691682324
C01 824.988 95.75433287947622
C01 850.022 93.74445693631698
C01 869.967 90.83957877674673
C01 875.002 89.54640091296967
C01 899.999 82.63016572818785
C01 919.999 73.0439728507533
C01 925.012 70.78616968100822
C01 949.965 57.73832869733306
C01 975.002 43.26791670568351
C01 999.976 26.004823044221272
C01 1025.028 11.104102830915027
C01 1050.014 3.9341616522475746
C01 1075.002 0.9347948474742281
C01 1099.99 0.09274948598801519
C02 319.994 42.88087894405891
C02 324.969 48.35888753383803
C02 349.982 72.47905295588984
C02 374.975 78.03659418850746
C02 400.019 84.37550558131457
C02 424.965 85.60327285765196
C02 450.035 87.91932762197177
C02 475.003 89.43697382308356
C02 500.018 91.48531239738244
C02 525.002 94.145496180829
C02 550.029 95.2233164676647
C02 575.023 96.1888083885585
C02 599.982 96.94540089765333
C02 619.997 97.87886574520397
C02 624.979 97.56781127311325
C02 650.012 97.85576103770511
C02 675.004 98.12111099218964
C02 700.03 97.96475105223736
C02 725.012 97.84426143442943
C02 750.022 98.39058301940798
C02 774.987 98.36212790671533
C02 799.976 98.11226398416497
C02 824.988 96.04721104547194
C02 850.022 94.04166817694147
C02 869.967 91.11382095394771
C02 875.002 89.80062051749472
C02 899.999 82.7793214605834
C02 919.999 73.25766501988082
C02 925.012 70.98455667696868
C02 949.965 57.82421023647548
C02 975.002 43.36260380604981
C02 999.976 26.09220985581082
C02 1025.028 11.117212265612578
C02 1050.014 3.926142873759282
C02 1075.002 0.9373622368382533
C02 1099.99 0.09300422000210162
C03 319.994 42.82889335218649
C03 324.969 48.30505944327563
C03 349.982 72.48808835846359
C03 374.975 78.08171091512052
C03 400.019 84.31375738390896
C03 424.965 85.47869131023805
C03 450.035 87.75477628702562
C03 475.003 89.25035771854947
C03 500.018 91.2803692711141
C03 525.002 93.92686807451567
C03 550.029 95.00024224999315
C03 575.023 95.96575677823283
C03 599.982 96.72558213778981
C03 619.997 97.65809747681311
C03 624.979 97.34853508955109
C03 650.012 97.63732132594085
C03 675.004 97.90703449818201
C03 700.03 97.76882072119687
C03 725.012 97.67655260684073
C03 750.022 98.2637332016232
C03 774.987 98.27337146675399
C03 799.976 98.03403503160607
C03 824.988 95.95926093418065
C03 850.022 93.96588081773862
C03 869.967 91.0681842583792
C03 875.002 89.6990155692863
C03 899.999 82.70687998857215
C03 919.999 73.19576610683595
C03 925.012 70.65316312935958
C03 949.965 57.91838867155927
C03 975.002 43.34182388728657
C03 999.976 25.805737104483736
C03 1025.028 11.094823457400219
C03 1050.014 3.9090856312858144
C03 1075.002 0.936153585263587
C03 1099.99 0.09288429870322863
C04 319.994 42.85551350197113
C04 324.969 48.33865395926711
C04 349.982 72.60705574831498
C04 374.975 78.20996992413241
C04 400.019 84.33283044805756
C04 424.965 85.43906063289413
C04 450.035 87.68373647045951
C04 475.003 89.15464575183618
C04 500.018 91.17654126722657
C04 525.002 93.81444927919021
C04 550.029 94.88556272007875
C04 575.023 95.8482890089921
C04 599.982 96.6095386313401
C04 619.997 97.5411722838737
C04 624.979 97.23058503026472
C04 650.012 97.52429213227637
C04 675.004 97.799016599523
C04 700.03 97.66939361397579
C04 725.012 97.60861753244342
C04 750.022 98.22415527475302
C04 774.987 98.25979952343846
C04 799.976 98.03371099298165
C04 824.988 95.94882387616175
C04 850.022 93.97241434070062
C04 869.967 91.09677501514719
C04 875.002 89.74227849353643
C04 899.999 82.5798191688924
C04 919.999 72.8570327075948
C04 925.012 70.62625285196937
C04 949.965 57.902190508229594
C04 975.002 43.09153796094627
C04 999.976 25.95095162291259
C04 1025.028 11.08272664340396
C04 1050.014 3.8840235044220486
C04 1075.002 0.9357761225304392
C04 1099.99 0.09284684719761357
C05 319.994 42.82822643548276
C05 324.969 48.31094112109783
C05 349.982 72.6326774069895
C05 374.975 78.21777699424618
C05 400.019 84.17720147895571
C05 424.965 85.20857120577088
C05 450.035 87.40088843025667
C05 475.003 88.84762292309573
C05 500.018 90.8486518582303
C05 525.002 93.46846645770056
C05 550.029 94.53112475122651
C05 575.023 95.49088947782835
C05 599.982 96.24865003312745
C05 619.997 97.17853538424562
C05 624.979 96.87325332113865
C05 650.012 97.1675708214893
C05 675.004 97.44171503352477
C05 700.03 97.32059241003194
C05 725.012 97.271775614475
C05 750.022 97.90415582947212
C05 774.987 97.95097564280883
C05 799.976 97.73016215972619
C05 824.988 95.6525018578089
C05 850.022 93.65486402455772
C05 869.967 90.80853135505878
C05 875.002 89.48835278450795
C05 899.999 82.33203512216384
C05 919.999 72.51784716143585
C05 925.012 70.28864982002267
C05 949.965 57.56496803327204
C05 975.002 43.05256289663314
C05 999.976 25.925105774724663
C05 1025.028 11.054706722119679
C05 1050.014 3.86243278261822
C05 1075.002 0.9327273375253671
C05 1099.99 0.09254434955027156
C06 319.994 43.033587797650064
C06 324.969 48.54372896171982
C06 349.982 73.04039335432084
C06 374.975 78.66635948716338
C06 400.019 84.5793710907622
C06 424.965 85.56695038858983
C06 450.035 87.75031510410346
C06 475.003 89.18671803987112
C06 500.018 91.18740032903538
C06 525.002 93.81826992064549
C06 550.029 94.88606761747029
C06 575.023 95.85119782082985
C06 599.982 96.6117240081094
C06 619.997 97.54610822105954
C06 624.979 97.23694523024157
C06 650.012 97.53256642087186
C06 675.004 97.81298040350062
C06 700.03 97.69286757479084
C06 725.012 97.63788650958809
C06 750.022 98.2627309426221
C06 774.987 98.28896299963563
C06 799.976 98.05853385876809
C06 824.988 95.9800370850529
C06 850.022 93.95511972109531
C06 869.967 91.1186212470582
C06 875.002 89.80307718241468
C06 899.999 82.76293867059563
C06 919.999 72.82532213709409
C06 925.012 70.53604200608915
C06 949.965 57.69273344856535
C06 975.002 43.17027557878768
C06 999.976 26.060893029917686
C06 1025.028 11.112548558550166
C06 1050.014 3.8981288398046594
C06 1075.002 0.9361437733542748
C06 1099.99 0.09288332517460067
C07 319.994 43.0040324607908
C07 324.969 48.51438462675553
C07 349.982 73.03327957614768
C07 374.975 78.66540997863603
C07 400.019 84.51598009288864
C07 424.965 85.47160013941078
C07 450.035 87.63381191495401
C07 475.003 89.06656753225151
C07 500.018 91.05938246504631
C07 525.002 93.68312320691933
C07 550.029 94.74878074166661
C07 575.023 95.71265246943834
C07 599.982 96.4774213019631
C07 619.997 97.41084093482198
C07 624.979 97.10085654377002
C07 650.012 97.39959001235107
C07 675.004 97.67844408811347
C07 700.03 97.54495524641919
C07 725.012 97.44490266929516
C07 750.022 98.00627321085402
C07 774.987 97.9662356012841
C07 799.976 97.7122948206917
C07 824.988 95.64684248555461
C07 850.022 93.62265609244746
C07 869.967 90.79985767001925
C07 875.002 89.47197753030214
C07 899.999 82.60899018087154
C07 919.999 72.76165985106985
C07 925.012 70.45711222580768
C07 949.965 57.53954984071052
C07 975.002 42.93680951778901
C07 999.976 26.02142060399499
C07 1025.028 11.149367447249107
C07 1050.014 3.9612252357021016
C07 1075.002 0.9337009358478093
C07 1099.99 0.09264094908139787
C10 319.994 41.51950225351584
C10 324.969 46.82944783395399
C10 349.982 70.29625342402343
C10 374.975 76.19154840422702
C10 400.019 83.42751928192105
C10 424.965 85.09738827868736
C10 450.035 87.64010429289318
C10 475.003 89.3002973456189
C10 500.018 91.44424238568358
C10 525.002 94.17329568049087
C10 550.029 95.3043864100237
C10 575.023 96.31187524379783
C10 599.982 97.10488818712028
C10 619.997 98.06129195496659
C10 624.979 97.75217417884039
C10 650.012 98.0587976111368
C10 675.004 98.32805110067821
C10 700.03 98.05949843885936
C10 725.012 97.62326709257968
C10 750.022 97.7601168930295
C10 774.987 97.34607088884917
C10 799.976 96.95110548459938
C10 824.988 94.94336970351766
C10 850.022 92.85577724097301
C10 869.967 89.97132858630472
C10 875.002 88.70166236225253
C10 899.999 82.03492184670486
C10 919.999 72.99578152509932
C10 925.012 70.77463239882272
C10 949.965 57.13585046516551
C10 975.002 42.48460608163854
C10 999.976 25.55814333624975
C10 1025.028 10.994163307855422
C10 1050.014 3.909941884511371
C10 1075.002 0.9313558260652317
C10 1099.99 0.0924082694431786
C11 319.994 41.73416653851658
C11 324.969 47.06760868711567
C11 349.982 70.70564985073254
C11 374.975 76.64403443220111
C11 400.019 83.70280139703293
C11 424.965 85.26458467310258
C11 450.035 87.74754193634105
C11 475.003 89.36453988685429
C11 500.018 91.48081353555048
C11 525.002 94.19057522853224
C11 550.029 95.30892295076548
C11 575.023 96.31160395564716
C11 599.982 97.09903288453496
C11 619.997 98.05321359670215
C11 624.979 97.75010937458251
C11 650.012 98.05739595569166
C11 675.004 98.3250518594569
C11 700.03 98.07555719022272
C11 725.012 97.67206128079073
C11 750.022 97.85915967537046
C11 774.987 97.48913017363657
C11 799.976 97.10846768355275
C11 824.988 95.08830539801389
C11 850.022 93.01118013661598
C11 869.967 90.088072920477
C11 875.002 88.81351597393076
C11 899.999 82.10557733839086
C11 919.999 72.94555553831528
C11 925.012 70.70821201659999
C11 949.965 57.166570080338076
C11 975.002 42.536278938559484
C11 999.976 25.567429303573775
C11 1025.028 10.957937861986075
C11 1050.014 3.881299554735576
C11 1075.002 0.93229940067714
C11 1099.99 0.09250189004932798
C12 319.994 41.79071504636766
C12 324.969 47.13244655512615
C12 349.982 70.883004479234
C12 374.975 76.8449685224651
C12 400.019 83.70747358185005
C12 424.965 85.1658508578221
C12 450.035 87.58592202057854
C12 475.003 89.16408808663594
C12 500.018 91.25000006980282
C12 525.002 93.94195471000579
C12 550.029 95.05187742800427
C12 575.023 96.04525174216153
C12 599.982 96.8333212125162
C12 619.997 97.78421632374747
C12 624.979 97.48122513835729
C12 650.012 97.78749438890142
C12 675.004 98.0602068023639
C12 700.03 97.82526372810047
C12 725.012 97.46567882016743
C12 750.022 97.70372663659965
C12 774.987 97.38287564795692
C12 799.976 97.02278584263236
C12 824.988 94.97873512827047
C12 850.022 92.92076582462275
C12 869.967 90.03427497304247
C12 875.002 88.74072785594922
C12 899.999 81.89690400005077
C12 919.999 72.67347613053771
C12 925.012 70.47861934753035
C12 949.965 57.192617510693516
C12 975.002 42.4896776628997
C12 999.976 25.499383076392512
C12 1025.028 10.917497088081122
C12 1050.014 3.8515753692617034
C12 1075.002 0.9308185966324345
C12 1099.99 0.092354966032399
C13 319.994 41.85307364211227
C13 324.969 47.205588854859954
C13 349.982 71.07378033541173
C13 374.975 77.0529636404285
C13 400.019 83.74654661132871
C13 424.965 85.11206798195148
C13 450.035 87.47882348731902
C13 475.003 89.02337996582102
C13 500.018 91.09163561184836
C13 525.002 93.765074835768
C13 550.029 94.86865996113553
C13 575.023 95.85760323549849
C13 599.982 96.64206306629283
C13 619.997 97.59308628581748
C13 624.979 97.29159472103794
C13 650.012 97.60072756872806
C13 675.004 97.87573085990732
C13 700.03 97.66244562300581
C13 725.012 97.34190360142357
C13 750.022 97.63404326078691
C13 774.987 97.36293596888257
C13 799.976 97.02711891726113
C13 824.988 94.97793633538238
C13 850.022 92.9156716360157
C13 869.967 90.05818600921137
C13 875.002 88.76739698831662
C13 899.999 81.98158358197007
C13 919.999 72.53043191731422
C13 925.012 70.30082010789307
C13 949.965 57.16593707465317
C13 975.002 42.483731930930816
C13 999.976 25.569000514113082
C13 1025.028 10.922007253586035
C13 1050.014 3.842280688689784
C13 1075.002 0.9301547253431609
C13 1099.99 0.0922890973329633
C14 319.994 41.96656628636748
C14 324.969 47.33700535651438
C14 349.982 71.3542319969503
C14 374.975 77.34196841449518
C14 400.019 83.8617159670707
C14 424.965 85.13456982689328
C14 450.035 87.44766302890162
C14 475.003 88.95564835753672
C14 500.018 91.00422807685841
C14 525.002 93.6667328811496
C14 550.029 94.76025020181443
C14 575.023 95.74822136030414
C14 599.982 96.53157343114992
C14 619.997 97.48441277412768
C14 624.979 97.18384057474763
C14 650.012 97.49344817670142
C14 675.004 97.77382448042037
C14 700.03 97.57086326480831
C14 725.012 97.29163239994776
C14 750.022 97.63353836339537
C14 774.987 97.40747244028447
C14 799.976 97.08635769927302
C14 824.988 95.04120676074453
C14 850.022 92.95705815055702
C14 869.967 90.12473449972747
C14 875.002 88.84997408706822
C14 899.999 82.14255542048376
C14 919.999 72.51647564911858
C14 925.012 70.22143064491186
C14 949.965 57.13708256551648
C14 975.002 42.549594665288275
C14 999.976 25.664363950910566
C14 1025.028 10.97507328819741
C14 1050.014 3.8433733770744327
C14 1075.002 0.930149914113301
C14 1099.99 0.09228861996715658
C15 319.994 42.16728183895454
C15 324.969 47.56517753068398
C15 349.982 71.78906922356683
C15 374.975 77.80449963982608
C15 400.019 84.15179082217614
C15 424.965 85.32432081672404
C15 450.035 87.58238020305588
C15 475.003 89.06414854624137
C15 500.018 91.09144721729929
C15 525.002 93.74220373751001
C15 550.029 94.83379189799228
C15 575.023 95.82279545861094
C15 599.982 96.60681821405143
C15 619.997 97.55985348736023
C15 624.979 97.25741241405333
C15 650.012 97.5715791640948
C15 675.004 97.85318380027373
C15 700.03 97.66444260522603
C15 725.012 97.40934884999328
C15 750.022 97.78176719460947
C15 774.987 97.58705012446504
C15 799.976 97.27210718888138
C15 824.988 95.2217867039262
C15 850.022 93.10436761637162
C15 869.967 90.25887141867057
C15 875.002 88.97879074394538
C15 899.999 82.3314925458625
C15 919.999 72.59761341351522
C15 925.012 70.26855188952709
C15 949.965 57.088925150881316
C15 975.002 42.574425066856676
C15 999.976 25.757555198557192
C15 1025.028 11.015542321284725
C15 1050.014 3.8448466224482183
C15 1075.002 0.9315620822306414
C15 1099.99 0.0924287339904269
C16 319.994 42.315160256307344
C16 324.969 47.73564068658019
C16 349.982 72.11482600626752
C16 374.975 78.15939729137807
C16 400.019 84.37555079600635
C16 424.965 85.47195432116304
C16 450.035 87.69057142470004
C16 475.003 89.14952142010128
C16 500.018 91.1636475442877
C16 525.002 93.81045531474977
C16 550.029 94.89726578946744
C16 575.023 95.88644267307124
C16 599.982 96.66858148302096
C16 619.997 97.62439745987415
C16 624.979 97.3222954967556
C16 650.012 97.63613067239068
C16 675.004 97.92194027490501
C16 700.03 97.73759997652377
C16 725.012 97.48286040304328
C16 750.022 97.85525614031359
C16 774.987 97.65464608867401
C16 799.976 97.32838440858178
C16 824.988 95.27846332007064
C16 850.022 93.12048665399068
C16 869.967 90.245103545024
C16 875.002 88.9635760001619
C16 899.999 82.45183898381315
C16 919.999 72.67520936038922
C16 925.012 70.29241771100422
C16 949.965 56.91747857543892
C16 975.002 42.439930198270325
C16 999.976 25.776502038357904
C16 1025.028 11.05284820989303
C16 1050.014 3.856132633403886
C16 1075.002 0.9322622078051461
C16 1099.99 0.09249819980673711
C17 319.994 42.46066490234178
C17 324.969 47.90384310788747
C17 349.982 72.42374031628071
C17 374.975 78.48407645725806
C17 400.019 84.60801459800393
C17 424.965 85.64779425748992
C17 450.035 87.83859678980113
C17 475.003 89.2817141072979
C17 500.018 91.28826677061141
C17 525.002 93.93426067662146
C17 550.029 95.01956399494652
C17 575.023 96.00912520343044
C17 599.982 96.79447425649644
C17 619.997 97.7482932511294
C17 624.979 97.44633446786816
C17 650.012 97.76350799491289
C17 675.004 98.04815708700491
C17 700.03 97.85048599033094
C17 725.012 97.55221220444965
C17 750.022 97.86533901658021
C17 774.987 97.60023774290046
C17 799.976 97.24513662523546
C17 824.988 95.19471817511476
C17 850.022 93.01480484774022
C17 869.967 90.16225515812172
C17 875.002 88.88723852887573
C17 899.999 82.43394903743275
C17 919.999 72.69419199515426
C17 925.012 70.28096332242032
C17 949.965 56.889852398762216
C17 975.002 42.26717239676635
C17 999.976 25.720612911428606
C17 1025.028 11.096213809172411
C17 1050.014 3.8919721059408103
C17 1075.002 0.9323582681785355
C17 1099.99 0.09250773082873597
