lsstCam/transmission_filter_detector/r14_s02/g_6/19700101T000000.ecsv
# %ECSV 1.0
# ---
# datatype:
# - {name: wavelength, unit: nm, datatype: float32}
# - {name: efficiency, unit: '%', datatype: float64}
# meta: !!omap
# - {MODE: DETECTOR}
# - {TYPE: transmission_filter_detector}
# - {CALIBDATE: '1970-01-01T00:00:00'}
# - {INSTRUME: LSSTCam}
# - {OBSTYPE: transmission_filter_detector}
# - {CALIBCLS: lsst.ip.isr.IntermediateFilterDetectorTransmissionCurve}
# - {SOURCE: Materion (DM-46256)}
# - {DETECTOR: 65}
# - {FILTER: g_6}
# - {CALIB_ID: 'calibDate=1970-01-01T00:00:00 filter=g_6 detector=65'}
# - {DATE: '2025-04-02T15:59:42.328182'}
# - {CALIB_CREATION_DATE: '2025-04-02'}
# - {CALIB_CREATION_TIME: '15:59:42'}
# - __serialized_columns__:
#     efficiency:
#       __class__: astropy.units.quantity.Quantity
#       unit: !astropy.units.Unit {unit: '%'}
#       value: !astropy.table.SerializedColumn {name: efficiency}
#     wavelength:
#       __class__: astropy.units.quantity.Quantity
#       unit: !astropy.units.Unit {unit: nm}
#       value: !astropy.table.SerializedColumn {name: wavelength}
# schema: astropy-2.0
wavelength efficiency
300.0 0.5144365131855011
301.0 0.37836164701730013
302.0 0.24228673428297043
303.0 0.21791229955852032
304.0 0.19353782990947366
305.0 0.2026751870289445
306.0 0.21181250922381878
307.0 0.22048051469027996
308.0 0.22914849687367678
309.0 0.22323180455714464
310.0 0.21731515880674124
311.0 0.2113359048962593
312.0 0.20535667426884174
313.0 0.20166619215160608
314.0 0.1979757333174348
315.0 0.18748558359220624
316.0 0.17699546879157424
317.0 0.1769314520061016
318.0 0.1768674817867577
319.0 0.15997152077034116
320.0 0.14307552482932806
321.0 0.13816175051033497
322.0 0.13324797619134188
323.0 0.11331508867442608
324.0 0.09338224772363901
325.0 0.08665569475851953
326.0 0.07992914179340005
327.0 0.0724986253771931
328.0 0.06506811478175223
329.0 0.06129939574748278
330.0 0.05753067089244723
331.0 0.05429036682471633
332.0 0.051050056936219335
333.0 0.04767339560203254
334.0 0.04429674008861184
335.0 0.04311234224587679
336.0 0.04192794440314174
337.0 0.04261762660462409
338.0 0.0433073058957234
339.0 0.04161088727414608
340.0 0.03991446865256876
341.0 0.03784692962653935
342.0 0.03577939351089299
343.0 0.0320513267070055
344.0 0.028323265723884106
345.0 0.025436433497816324
346.0 0.02254959981655702
347.0 0.021403201390057802
348.0 0.02025680150836706
349.0 0.01846942468546331
350.0 0.5457648076117039
351.0 0.9594886563718319
352.0 0.9193452075123787
353.0 0.8644853718578815
354.0 0.5875407718122005
355.0 0.6792198866605759
356.0 0.601930869743228
357.0 0.6858556065708399
358.0 0.722399028018117
359.0 0.619726674631238
360.0 0.3937999252229929
361.0 0.7975582964718342
362.0 0.6701992824673653
363.0 0.6615453399717808
364.0 0.5146119743585587
365.0 0.6441220175474882
366.0 0.5130159202963114
367.0 0.8116624318063259
368.0 0.38957924116402864
369.0 0.658077048137784
370.0 0.3345178673043847
371.0 0.5994322709739208
372.0 0.3607443068176508
373.0 0.6033550016582012
374.0 0.4523343872278929
375.0 0.45668003149330616
376.0 0.3763366723433137
377.0 0.45942538417875767
378.0 0.36985152401030064
379.0 0.5205417517572641
380.0 0.4152440931648016
381.0 0.5315865390002728
382.0 0.5411788355559111
383.0 0.6044653244316578
384.0 0.5438175052404404
385.0 0.6129647139459848
386.0 0.5892043001949787
387.0 0.7946863770484924
388.0 1.0261843912303448
389.0 1.5393814072012901
390.0 2.280697412788868
391.0 3.657369315624237
392.0 5.723093077540398
393.0 8.976173400878906
394.0 13.363003730773926
395.0 19.12921518087387
396.0 26.088476181030273
397.0 34.47251915931702
398.0 43.91108453273773
399.0 53.65842580795288
400.0 62.99715042114258
401.0 71.40852808952332
402.0 78.5539984703064
403.0 83.9510977268219
404.0 87.75835633277893
405.0 90.39251804351807
406.0 91.74319505691528
407.0 92.74128079414368
408.0 93.3264434337616
409.0 93.46580505371094
410.0 93.42355728149414
411.0 93.26088428497314
412.0 92.7698016166687
413.0 92.61295795440674
414.0 92.57146120071411
415.0 92.94210076332092
416.0 93.42830777168274
417.0 93.83687376976013
418.0 94.39210891723633
419.0 94.89858746528625
420.0 95.30500769615173
421.0 95.80873250961304
422.0 95.7664966583252
423.0 95.96484899520874
424.0 95.7312524318695
425.0 95.60299515724182
426.0 95.51506042480469
427.0 95.45141458511353
428.0 95.30871510505676
429.0 95.1723575592041
430.0 95.25958895683289
431.0 95.38099765777588
432.0 95.3802227973938
433.0 95.48755288124084
434.0 95.502769947052
435.0 95.62007784843445
436.0 95.62526345252991
437.0 95.61156034469604
438.0 95.7280158996582
439.0 95.87323069572449
440.0 95.88835835456848
441.0 95.98215222358704
442.0 95.83985209465027
443.0 95.76326608657837
444.0 95.64836621284485
445.0 95.33502459526062
446.0 95.26044130325317
447.0 95.13250589370728
448.0 95.35586833953857
449.0 95.64327597618103
450.0 95.89109420776367
451.0 96.11074924468994
452.0 96.32064700126648
453.0 96.33863568305969
454.0 96.37674689292908
455.0 96.65307402610779
456.0 96.73658013343811
457.0 96.92899584770203
458.0 96.91906571388245
459.0 96.93889021873474
460.0 96.88140749931335
461.0 96.94735407829285
462.0 96.85642123222351
463.0 96.71207070350647
464.0 96.78133130073547
465.0 96.6726005077362
466.0 96.68430089950562
467.0 96.71249389648438
468.0 96.6920018196106
469.0 96.7277467250824
470.0 96.59594893455505
471.0 96.45557999610901
472.0 96.48957848548889
473.0 96.39606475830078
474.0 96.34824395179749
475.0 96.45475745201111
476.0 96.56314849853516
477.0 96.59363031387329
478.0 96.76879048347473
479.0 96.73019647598267
480.0 96.92829251289368
481.0 96.92668914794922
482.0 97.1359133720398
483.0 97.04278707504272
484.0 97.21391201019287
485.0 97.23041653633118
486.0 97.26197719573975
487.0 97.26800322532654
488.0 97.26632833480835
489.0 97.38175868988037
490.0 97.3798155784607
491.0 97.46094346046448
492.0 97.39759564399719
493.0 97.3981499671936
494.0 97.3523199558258
495.0 97.39705324172974
496.0 97.23694324493408
497.0 97.13310599327087
498.0 96.93482518196106
499.0 97.00936079025269
500.0 96.96153998374939
501.0 96.975177526474
502.0 96.88161015510559
503.0 97.08479046821594
504.0 96.89309000968933
505.0 96.94634079933167
506.0 96.9389021396637
507.0 96.8936026096344
508.0 96.86869382858276
509.0 96.86230421066284
510.0 96.82928919792175
511.0 96.85333967208862
512.0 96.75711989402771
513.0 96.8551516532898
514.0 96.85882329940796
515.0 96.95117473602295
516.0 97.00276255607605
517.0 97.00372815132141
518.0 97.10443615913391
519.0 97.04793095588684
520.0 97.04824686050415
521.0 97.1832275390625
522.0 97.14787602424622
523.0 97.08102941513062
524.0 97.07602858543396
525.0 97.03153967857361
526.0 97.18712568283081
527.0 97.08937406539917
528.0 97.19891548156738
529.0 97.24841117858887
530.0 97.2568690776825
531.0 97.36863970756531
532.0 97.21226692199707
533.0 97.12962508201599
534.0 97.00106382369995
535.0 96.67668342590332
536.0 96.00188732147217
537.0 95.03778219223022
538.0 93.75446438789368
539.0 91.67503118515015
540.0 89.23321962356567
541.0 85.63528656959534
542.0 82.0557177066803
543.0 77.54178643226624
544.0 72.16671109199524
545.0 67.70190596580505
546.0 62.74328827857971
547.0 58.580923080444336
548.0 54.80029582977295
549.0 51.728808879852295
550.0 49.38291907310486
551.0 47.075167298316956
552.0 44.82172131538391
553.0 41.93848967552185
554.0 38.034677505493164
555.0 33.62613916397095
556.0 28.068265318870544
557.0 22.22159206867218
558.0 16.639219224452972
559.0 11.805137246847153
560.0 7.789205014705658
561.0 4.619135335087776
562.0 2.596559002995491
563.0 1.3363244943320751
564.0 0.6860797759145498
565.0 0.3216636134311557
566.0 0.190433650277555
567.0 0.10845905635505915
568.0 0.08775043534114957
569.0 0.05202803295105696
570.0 0.05246467189863324
571.0 0.042411271715536714
572.0 0.03458519349806011
573.0 0.022785173496231437
574.0 0.03443608584348112
575.0 0.027364652487449348
576.0 0.028483651112765074
577.0 0.02216814464190975
578.0 0.0173105756402947
579.0 0.017388651031069458
580.0 0.0316720426781103
581.0 0.006623520312132314
582.0 0.025359168648719788
583.0 0.017327840032521635
584.0 0.016317090194206685
585.0 0.008446975698461756
586.0 0.019603145483415574
587.0 0.006763877172488719
588.0 0.007266423926921561
589.0 0.010757915151771158
590.0 0.020348273392301053
591.0 0.010959251812892035
592.0 0.020528554159682244
593.0 0.016509737179148942
594.0 0.006656248297076672
595.0 0.017327179375570267
596.0 0.002116784526151605
597.0 0.0046054436097620055
598.0 0.010556689812801778
599.0 0.0022495081793749705
600.0 2.669442791813914e-10
601.0 0.002225685784651432
602.0 0.002258682252431754
603.0 0.0022916785383131355
604.0 0.0020912013496854343
605.0 0.001890724161057733
606.0 0.0019423281628405675
607.0 0.001993932164623402
608.0 0.0018440228814142756
609.0 0.0016941137801040895
610.0 0.001821930163714569
611.0 0.0019497460016282275
612.0 0.001844303187681362
613.0 0.0017388607375323772
614.0 0.0017207357814186253
615.0 0.0017026113710016944
616.0 0.0018435712263453752
617.0 0.001984531081689056
618.0 0.0017530081095173955
619.0 0.0015214853192446753
620.0 0.00150246605699067
621.0 0.001483446885686135
622.0 0.0014221747733245138
623.0 0.0013609025700134225
624.0 0.0014068597920413595
625.0 0.0014528171959682368
626.0 0.0013219462744018529
627.0 0.0011910756256838795
628.0 0.001302771761402255
629.0 0.001414468169969041
630.0 0.001272689587494824
631.0 0.001130910823121667
632.0 0.0012538945156848058
633.0 0.001376877844450064
634.0 0.0013429259524855297
635.0 0.0013089736967231147
636.0 0.0013304405911185313
637.0 0.0013519079402612988
638.0 0.0012443435480236076
639.0 0.0011367791557859164
640.0 0.0010892835234699305
641.0 0.0010417878911539447
642.0 0.0012459196113923099
643.0 0.0014500515135296155
644.0 0.0013274521734274458
645.0 0.0012048524695273954
646.0 0.0011600354810070712
647.0 0.0011152185834362172
648.0 0.0010422506420582067
649.0 0.0009692824278317858
650.0 0.0012402606444084086
651.0 0.0015112383152882103
652.0 0.001190939474327024
653.0 0.0008706406333658379
654.0 0.0009777249033504631
655.0 0.0010848092642845586
656.0 0.0010886268682952505
657.0 0.0010924444723059423
658.0 0.0009926360689860303
659.0 0.0008928281204134692
660.0 0.0008830679689708631
661.0 0.0008733078175282571
662.0 0.0010164928426092956
663.0 0.0011596782314882148
664.0 0.0011700531103997491
665.0 0.001180427716462873
666.0 0.0010605843272060156
667.0 0.0009407406651007477
668.0 0.001035552122630179
669.0 0.0011303636711090803
670.0 0.0011253820957790595
671.0 0.0011204005204490386
672.0 0.001148261253547389
673.0 0.0011761218047467992
674.0 0.0010697920515667647
675.0 0.0009634622074372601
676.0 0.0009572712770022918
677.0 0.0009510800737189129
678.0 0.0010441686754347757
679.0 0.0011372573681001086
680.0 0.0010046714123745915
681.0 0.0008720854566490743
682.0 0.0009495830454397947
683.0 0.0010270805432810448
684.0 0.0008741333658690564
685.0 0.0007211860065581277
686.0 0.0009410892744199373
687.0 0.0011609924513322767
688.0 0.001136833361670142
689.0 0.0011126744539069477
690.0 0.0009960524948837701
691.0 0.0008794304449111223
692.0 0.0009129929821938276
693.0 0.0009465557013754733
694.0 0.0009872976079350337
695.0 0.0010280396054440644
696.0 0.001068747224053368
697.0 0.0011094544788647909
698.0 0.0012832059837819543
699.0 0.0014569575796485879
700.0 0.0012000861715932842
701.0 0.0009432144906895701
702.0 0.0010712297807913274
703.0 0.0011992449799436145
704.0 0.0011803489542216994
705.0 0.0011614526556513738
706.0 0.0011511238881212194
707.0 0.0011407953024900053
708.0 0.0010757818017737009
709.0 0.0010107686648552772
710.0 0.0011648365216387901
711.0 0.001318904833169654
712.0 0.0011881602404173464
713.0 0.0010574160114629194
714.0 0.0011455756066425238
715.0 0.0012337354746705387
716.0 0.0014214748262020294
717.0 0.0016092142686829902
718.0 0.0018483702660887502
719.0 0.00208752608159557
720.0 0.0017675707567832433
721.0 0.0014476152500719763
722.0 0.0016130832591443323
723.0 0.001778551632014569
724.0 0.0016546186088817194
725.0 0.00153068558574887
726.0 0.00163126242114231
727.0 0.0017318388927378692
728.0 0.0018203156287199818
729.0 0.001908792182803154
730.0 0.0019194065316696651
731.0 0.0019300210624351166
732.0 0.0018695518519962206
733.0 0.0018090830053552054
734.0 0.0016107996998471208
735.0 0.0014125169400358573
736.0 0.0012914971193822566
737.0 0.0011704772077791858
738.0 0.0011969197657890618
739.0 0.0012233623237989377
740.0 0.001013924520520959
741.0 0.0008044867172429804
742.0 0.0008579333552916069
743.0 0.0009113799023907632
744.0 0.0009960081115423236
745.0 0.0010806364116433542
746.0 0.0010540891707933042
747.0 0.0010275420208927244
748.0 0.0011871912647620775
749.0 0.0013468405995809007
750.0 0.001100919962482294
751.0 0.0008549997801310383
752.0 0.0007991437996679451
753.0 0.0007432881375279976
754.0 0.000842907411424676
755.0 0.0009425264579476789
756.0 0.0008834712389216293
757.0 0.0008244159289461095
758.0 0.0008401329978369176
759.0 0.0008558503395761363
760.0 0.000666552705297363
761.0 0.0004772549800691195
762.0 0.0005814543783344561
763.0 0.0006856536401755875
764.0 0.0007865632142056711
765.0 0.00088747292465996
766.0 0.0007547281711595133
767.0 0.0006219834631338017
768.0 0.0005403567683970323
769.0 0.00045873002818552777
770.0 0.0003954206476919353
771.0 0.0003321112444609753
772.0 0.0005446189788926858
773.0 0.0007571269179607043
774.0 0.0008876821084413677
775.0 0.0010182373443967663
776.0 0.0009318412594438996
777.0 0.0008454450835415628
778.0 0.0007512630872952286
779.0 0.0006570811819983646
780.0 0.0006266305717872456
781.0 0.0005961799161013914
782.0 0.0005871297162229894
783.0 0.000578079334445647
784.0 0.0006860079338366631
785.0 0.0007939364877529442
786.0 0.0007274124527612003
787.0 0.0006608886906178668
788.0 0.0004430099124874687
789.0 0.00022513124804390827
790.0 0.00020173076791252242
791.0 0.00017833026504376903
792.0 0.0003061408733628923
793.0 0.0004339514816820156
794.0 0.0003507089786580764
795.0 0.0002674664983715047
796.0 0.0003559135848263395
797.0 0.00044436069401854184
798.0 0.00047171652113320306
799.0 0.0004990723482478643
800.0 0.0005143487214809284
801.0 0.0005296252766129328
802.0 0.0004353459644335089
803.0 0.0003410667886782903
804.0 0.0003008607109222794
805.0 0.00026065472411573865
806.0 0.0002584885578471585
807.0 0.00025632241431594593
808.0 0.00034071899790433235
809.0 0.0004251156497048214
810.0 0.0003743812840184546
811.0 0.00032364689559472026
812.0 0.0002746238806139445
813.0 0.00022560082015843363
814.0 0.0003102421715084347
815.0 0.0003948835001210682
816.0 0.0005330122348823352
817.0 0.0006711407877446618
818.0 0.0004984293809684459
819.0 0.0003257180196669651
820.0 0.0005225916083873017
821.0 0.000719465060683433
822.0 0.0005825339030707255
823.0 0.00044560269998328295
824.0 0.0004621889274858404
825.0 0.00047877506403892767
826.0 0.0006016955467202934
827.0 0.0007246159839269239
828.0 0.0005995570518280147
829.0 0.0004744980742543703
830.0 0.00041210105337086134
831.0 0.00034970407796208747
832.0 0.0005191331638343399
833.0 0.0006885621132823871
834.0 0.0006006468538544141
835.0 0.000512731594426441
836.0 0.0005204127319302643
837.0 0.0005280939603835577
838.0 0.0005079711627331562
839.0 0.00048784841055748984
840.0 0.0005522706487681717
841.0 0.0006166928415041184
842.0 0.00034319305086683016
843.0 6.969318064875551e-05
844.0 0.00013395150517681031
845.0 0.0001982098410735489
846.0 0.00041490111470920965
847.0 0.0006315925020317081
848.0 0.0005415486612037057
849.0 0.00045150491132517345
850.0 0.00048738415898696985
851.0 0.0005232634521235013
852.0 0.0005704714567400515
853.0 0.0006176791430334561
854.0 0.0006165623744891491
855.0 0.0006154454240459017
856.0 0.0005990111731080106
857.0 0.0005825770585943246
858.0 0.000562307468499057
859.0 0.0005420379238785245
860.0 0.0005216235422267346
861.0 0.0005012091151002096
862.0 0.00043003442442568485
863.0 0.00035885975648852764
864.0 0.00035492328152031405
865.0 0.00035098685202683555
866.0 0.0004380268364911899
867.0 0.0005250668891676469
868.0 0.0006288165877776919
869.0 0.0007325662409130018
870.0 0.0006082301297283266
871.0 0.00048389388211944606
872.0 0.00038643820516881533
873.0 0.00028898239179397933
874.0 0.0004300162800063845
875.0 0.0005710501682187896
876.0 0.0006999609013291774
877.0 0.0008288716344395652
878.0 0.0007905146958364639
879.0 0.0007521577572333626
880.0 0.0007240918876050273
881.0 0.0006960262908251025
882.0 0.0006104929070716025
883.0 0.0005249597961665131
884.0 0.0005729958957090275
885.0 0.0006210321771504823
886.0 0.0007096596618794138
887.0 0.0007982874194567557
888.0 0.0006156964900583262
889.0 0.00043310569708410185
890.0 0.00047422790885320865
891.0 0.0005153503025212558
892.0 0.000488941668663756
893.0 0.00046253312575572636
894.0 0.0004508033271122258
895.0 0.00043907352846872527
896.0 0.00025348579129058635
897.0 6.789803705942177e-05
898.0 0.0002329442622794886
899.0 0.0003979904704465298
900.0 0.0003856966031889897
901.0 0.0003734027586688171
902.0 0.000520021194461151
903.0 0.0006666396075161174
904.0 0.0003852903773804428
905.0 0.00010394105629529804
906.0 0.0003572063633328071
