lsstCam/transmission_filter_detector/r14_s02/g_6/19700101T000000.ecsv
# %ECSV 1.0
# ---
# datatype:
# - {name: wavelength, unit: nm, datatype: float32}
# - {name: efficiency, unit: '%', datatype: float64}
# meta: !!omap
# - {MODE: DETECTOR}
# - {TYPE: transmission_filter_detector}
# - {CALIBDATE: '1970-01-01T00:00:00'}
# - {INSTRUME: LSSTCam}
# - {OBSTYPE: transmission_filter_detector}
# - {CALIBCLS: lsst.ip.isr.IntermediateFilterDetectorTransmissionCurve}
# - {SOURCE: Materion (DM-46256)}
# - {DETECTOR: 65}
# - {FILTER: g_6}
# - {CALIB_ID: 'calibDate=1970-01-01T00:00:00 filter=g_6 detector=65'}
# - {DATE: '2025-04-02T15:59:42.328182'}
# - {CALIB_CREATION_DATE: '2025-04-02'}
# - {CALIB_CREATION_TIME: '15:59:42'}
# - __serialized_columns__:
#     efficiency:
#       __class__: astropy.units.quantity.Quantity
#       unit: !astropy.units.Unit {unit: '%'}
#       value: !astropy.table.SerializedColumn {name: efficiency}
#     wavelength:
#       __class__: astropy.units.quantity.Quantity
#       unit: !astropy.units.Unit {unit: nm}
#       value: !astropy.table.SerializedColumn {name: wavelength}
# schema: astropy-2.0
wavelength efficiency
[from data line 608]
908.0 0.0005324771791492822
909.0 0.00045448282435245346
910.0 0.0004075692231708672
911.0 0.00036065564472664846
912.0 0.00041701950976857916
913.0 0.0004733834430226125
914.0 0.00037953907394694397
915.0 0.000285694727608643
916.0 0.00021822309008712182
917.0 0.0001507514184595493
918.0 0.0001908810190798249
919.0 0.00023101063106878428
920.0 0.00037106472063896945
921.0 0.0005111188329465222
922.0 0.0006008368472976144
923.0 0.0006905547706992365
924.0 0.0005586438419413753
925.0 0.0004267327312845737
926.0 0.0004719077423942508
927.0 0.000517082798978663
928.0 0.00048342171794502065
929.0 0.00044976063691137824
930.0 0.0004818734396394575
931.0 0.0005139863333170069
932.0 0.0004517597517406102
933.0 0.0003895331701642135
934.0 0.0003971593741880497
935.0 0.0004047855782118859
936.0 0.0004643281499738805
937.0 0.0005238707217358751
938.0 0.0006481694526883075
939.0 0.0007724681381660048
940.0 0.0006847742042737082
941.0 0.0005970800884824712
942.0 0.0007203550012491178
943.0 0.0008436299140157644
944.0 0.0006899898835399654
945.0 0.0005363497621146962
946.0 0.00048606048039800953
947.0 0.0004357711077318527
948.0 0.0007615878075739602
949.0 0.0010874045983655378
950.0 0.0009945098099706229
951.0 0.0009016150215757079
952.0 0.0009548760317557026
953.0 0.0010081370419356972
954.0 0.0009583648534317035
955.0 0.00090859275587718
956.0 0.0007621601525897859
957.0 0.0006157273674034514
958.0 0.000746766909287544
959.0 0.0008778065421211068
960.0 0.0006806955298088724
961.0 0.0004835844265471678
962.0 0.0005459879048430594
963.0 0.0006083913376642158
964.0 0.000751214020056068
965.0 0.0008940364750742447
966.0 0.0008576006621296983
967.0 0.000821164849185152
968.0 0.000803952480055159
969.0 0.0007867401109251659
970.0 0.0007791935786372051
971.0 0.0007716470463492442
972.0 0.0008233502740040421
973.0 0.0008750535926083103
974.0 0.0007817120604158845
975.0 0.0006883708010718692
976.0 0.0007758842912153341
977.0 0.0008633979632577393
978.0 0.0009706418495625257
979.0 0.0010778857358673122
980.0 0.0010792716238938738
981.0 0.0010806576028699055
982.0 0.0009959745511878282
983.0 0.0009112914995057508
984.0 0.00096155899882433
985.0 0.0010118264981429093
986.0 0.001199383223138284
987.0 0.0013869398571841884
988.0 0.0014878972251608502
989.0 0.0015888543202891015
990.0 0.0017209322322742082
991.0 0.0018530103261582553
992.0 0.001771753522916697
993.0 0.0016904970834730193
994.0 0.0016343799870810471
995.0 0.001578262890689075
996.0 0.001400244582328014
997.0 0.0012222260920680128
998.0 0.0014054782695893664
999.0 0.00158873044711072
1000.0 0.0014690423995489255
1001.0 0.0013493540791387204
1002.0 0.0012701772902801167
1003.0 0.001191000501421513
1004.0 0.0011908853593922686
1005.0 0.0011907700354640838
1006.0 0.0013665124242834281
1007.0 0.0015422549040522426
1008.0 0.0016045114534790628
1009.0 0.0016667687305016443
1010.0 0.001751325726218056
1011.0 0.001835882903833408
1012.0 0.0019296481696073897
1013.0 0.0020234134353813715
1014.0 0.002073682117043063
1015.0 0.002123950980603695
1016.0 0.002448033592372667
1017.0 0.00277211656793952
1018.0 0.0030517632694682106
1019.0 0.0033314096071990207
1020.0 0.00334005308104679
1021.0 0.003348696554894559
1022.0 0.003651712540886365
1023.0 0.003954728890676051
1024.0 0.004040582643938251
1025.0 0.00412643639720045
1026.0 0.004238468682160601
1027.0 0.004350500967120752
1028.0 0.004354599877842702
1029.0 0.004358698788564652
1030.0 0.004525512849795632
1031.0 0.004692326547228731
1032.0 0.005073978900327347
1033.0 0.005455631253425963
1034.0 0.005285764200380072
1035.0 0.0051158975111320615
1036.0 0.0052484654588624835
1037.0 0.0053810334065929055
1038.0 0.005679277091985568
1039.0 0.005977520777378231
1040.0 0.0063702507759444416
1041.0 0.00676298004691489
1042.0 0.006938764272490516
1043.0 0.007114547770470381
1044.0 0.007438813190674409
1045.0 0.0077630764280911535
1046.0 0.008641579188406467
1047.0 0.009520081948721781
1048.0 0.01099774453905411
1049.0 0.012475404946599156
1050.0 0.014918364468030632
1051.0 0.017361321079079062
1052.0 0.02088454202748835
1053.0 0.02440776879666373
1054.0 0.02924352011177689
1055.0 0.03407926997169852
1056.0 0.040865171467885375
1057.0 0.04765106423292309
1058.0 0.05541138234548271
1059.0 0.0631716859061271
1060.0 0.07057836628518999
1061.0 0.07798501756042242
1062.0 0.08518545073457062
1063.0 0.09238584898412228
1064.0 0.09761627297848463
1065.0 0.1028466853313148
1066.0 0.10779722360894084
1067.0 0.11274776188656688
1068.0 0.1187775400467217
1069.0 0.12480735313147306
1070.0 0.13453864958137274
1071.0 0.1442699576728046
1072.0 0.1575652277097106
1073.0 0.17086045118048787
1074.0 0.18558537121862173
1075.0 0.20031032618135214
1076.0 0.21444580052047968
1077.0 0.22858125157654285
1078.0 0.2431488363072276
1079.0 0.257716397754848
1080.0 0.2749617211520672
1081.0 0.29220706783235073
1082.0 0.3188830800354481
1083.0 0.3455591620877385
1084.0 0.38355407305061817
1085.0 0.4215490072965622
1086.0 0.45660813339054585
1087.0 0.4916673060506582
1088.0 0.5557275842875242
1089.0 0.6197878625243902
1090.0 0.6972463335841894
1091.0 0.7747047580778599
1092.0 0.8041922934353352
1093.0 0.8336794562637806
1094.0 0.8702732622623444
1095.0 0.9068666957318783
1096.0 0.9505082853138447
1097.0 0.994150061160326
1098.0 1.0139063000679016
1099.0 1.0336627252399921
1100.0 1.1909138411283493
1101.0 1.3481645844876766
