lsstCam/transmission_filter_detector/r22_s12/i_39/19700101T000000.ecsv
# %ECSV 1.0
# ---
# datatype:
# - {name: wavelength, unit: nm, datatype: float32}
# - {name: efficiency, unit: '%', datatype: float64}
# meta: !!omap
# - {MODE: DETECTOR}
# - {TYPE: transmission_filter_detector}
# - {CALIBDATE: '1970-01-01T00:00:00'}
# - {INSTRUME: LSSTCam}
# - {OBSTYPE: transmission_filter_detector}
# - {CALIBCLS: lsst.ip.isr.IntermediateFilterDetectorTransmissionCurve}
# - {SOURCE: Materion (DM-46256)}
# - {DETECTOR: 95}
# - {FILTER: i_39}
# - {CALIB_ID: 'calibDate=1970-01-01T00:00:00 filter=i_39 detector=95'}
# - {DATE: '2025-04-02T15:59:46.920961'}
# - {CALIB_CREATION_DATE: '2025-04-02'}
# - {CALIB_CREATION_TIME: '15:59:46'}
# - __serialized_columns__:
#     efficiency:
#       __class__: astropy.units.quantity.Quantity
#       unit: !astropy.units.Unit {unit: '%'}
#       value: !astropy.table.SerializedColumn {name: efficiency}
#     wavelength:
#       __class__: astropy.units.quantity.Quantity
#       unit: !astropy.units.Unit {unit: nm}
#       value: !astropy.table.SerializedColumn {name: wavelength}
# schema: astropy-2.0
wavelength efficiency
[from data line 597]
897.0 1.5786067114956226e-10
898.0 1.5786067114956226e-10
899.0 1.5786067114956226e-10
900.0 1.5786067114956226e-10
901.0 1.5786067114956226e-10
902.0 1.5786067114956226e-10
903.0 1.5786067114956226e-10
904.0 1.5786067114956226e-10
905.0 1.5786067114956226e-10
906.0 3.639059187321436e-06
907.0 5.7771114825300174e-05
908.0 0.00011190317081855028
909.0 3.844997991109267e-05
910.0 1.5786067114956226e-10
911.0 1.5786067114956226e-10
912.0 3.331655875626893e-05
913.0 4.969671749677218e-05
914.0 6.607683644688223e-05
915.0 1.2289073936244677e-05
916.0 1.5786067114956226e-10
917.0 1.5786067114956226e-10
918.0 1.5786067114956226e-10
919.0 1.5786067114956226e-10
920.0 1.5786067114956226e-10
921.0 1.5786067114956226e-10
922.0 7.052937007756555e-05
923.0 1.2769324087003042e-05
924.0 1.5786067114956226e-10
925.0 0.00010036445701189223
926.0 0.0002457196160321473
927.0 2.7421887693890312e-05
928.0 1.5786067114956226e-10
929.0 1.5786067114956226e-10
930.0 0.00014080859500609222
931.0 0.0001479587467656529
932.0 0.00015510887578784605
933.0 9.890547971735941e-05
934.0 4.270211491075315e-05
935.0 1.5786067114956226e-10
936.0 1.5786067114956226e-10
937.0 1.5786067114956226e-10
938.0 1.5786067114956226e-10
939.0 1.5786067114956226e-10
940.0 1.5786067114956226e-10
941.0 1.5786067114956226e-10
942.0 1.5786067114956226e-10
943.0 1.5786067114956226e-10
944.0 1.5786067114956226e-10
945.0 1.5786067114956226e-10
946.0 1.5786067114956226e-10
947.0 1.5786067114956226e-10
948.0 1.5786067114956226e-10
949.0 1.5786067114956226e-10
950.0 1.5786067114956226e-10
951.0 1.5786067114956226e-10
952.0 0.00012717305253318045
953.0 2.72699537617882e-05
954.0 1.5786067114956226e-10
955.0 2.762868120953499e-05
956.0 0.00012789049605999026
957.0 7.401646371363313e-05
958.0 2.0142392997968273e-05
959.0 8.184135253941349e-05
960.0 0.00014354031918628607
961.0 6.772095275664469e-05
962.0 1.5786067114956226e-10
963.0 4.659733576772851e-05
964.0 0.00010129309657713748
965.0 5.1204443707320024e-05
966.0 1.1158051371751299e-06
967.0 1.5786067114956226e-10
968.0 1.5786067114956226e-10
969.0 5.303611487761373e-05
970.0 0.00011534498298715334
971.0 4.903344574813673e-06
972.0 1.5786067114956226e-10
973.0 1.533487647975562e-05
974.0 0.0001362079842692765
975.0 3.4223572242808586e-05
976.0 1.5786067114956226e-10
977.0 1.5786067114956226e-10
978.0 1.5786067114956226e-10
979.0 1.5786067114956226e-10
980.0 1.5786067114956226e-10
981.0 1.5786067114956226e-10
982.0 1.5786067114956226e-10
983.0 7.446055150239772e-06
984.0 6.0465549722721335e-05
985.0 0.000128163151202898
986.0 0.00019586072994570713
987.0 1.5786067114956226e-10
988.0 1.5786067114956226e-10
989.0 1.5786067114956226e-10
990.0 1.5786067114956226e-10
991.0 1.5786067114956226e-10
992.0 1.5786067114956226e-10
993.0 1.5786067114956226e-10
994.0 1.5786067114956226e-10
995.0 1.5786067114956226e-10
996.0 1.5786067114956226e-10
997.0 6.24551546479779e-05
998.0 0.00025642630134825595
999.0 0.00026281040845788084
1000.0 0.0002691944473554031
1001.0 0.00019499823338264832
1002.0 0.000120801996672526
1003.0 0.00011541003459569765
1004.0 0.00011001804978150176
1005.0 5.822084290230123e-05
1006.0 6.4235202046347695e-06
1007.0 0.00010747447731773718
1008.0 0.00020852542093052762
1009.0 0.00023997567950573284
1010.0 0.0002714259153435705
1011.0 0.00022927126792637864
1012.0 0.00018711663187787053
1013.0 0.00023032855551718967
1014.0 0.00027354046778782504
1015.0 0.00024925864181568613
1016.0 0.00022497686131828232
1017.0 0.0003043966444238322
1018.0 0.0003838164957414847
1019.0 0.0003147738880215911
1020.0 0.0002457311893522274
1021.0 0.00025572187496436527
1022.0 0.0002657125833138707
1023.0 0.00036092455957259517
1024.0 0.00045613660404342227
1025.0 0.0004817460194317391
1026.0 0.000507355434820056
1027.0 0.0003932072104362305
1028.0 0.00027905896331503754
1029.0 0.0007808701411704533
1030.0 0.0012826812962885015
1031.0 0.001700303801044356
1032.0 0.0021179261239012703
1033.0 0.0024056489564827643
1034.0 0.002693371607165318
1035.0 0.003325685247546062
1036.0 0.003957998706027865
1037.0 0.0037930058169877157
1038.0 0.003628012927947566
1039.0 0.003279396696598269
1040.0 0.002930780829046853
1041.0 0.0029935301427030936
1042.0 0.003056279820157215
1043.0 0.0032164432923309505
1044.0 0.003376606764504686
1045.0 0.003046004530915525
1046.0 0.0027154026611242443
1047.0 0.0025481116608716547
1048.0 0.002380820660619065
1049.0 0.0021400503101176582
1050.0 0.0018992799596162513
1051.0 0.0018043117961497046
1052.0 0.0017093438145820983
1053.0 0.0013253314136818517
1054.0 0.000941318921832135
1055.0 0.0006953116553631844
1056.0 0.0004493042979447637
1057.0 0.0004526309567154385
1058.0 0.0004559577519103186
1059.0 0.0007456966613972327
1060.0 0.0010354357982578222
1061.0 0.0015163897842285223
1062.0 0.0019973438611486927
1063.0 0.0024629935069242492
1064.0 0.0029286429708008654
1065.0 0.003202118750778027
1066.0 0.003475594348856248
1067.0 0.004323197208577767
1068.0 0.005170799340703525
1069.0 0.004419088872964494
1070.0 0.003667378769023344
1071.0 0.003530756657710299
1072.0 0.003394134182599373
1073.0 0.0034553839213913307
1074.0 0.003516633660183288
1075.0 0.003568003376130946
1076.0 0.003619372728280723
1077.0 0.00276922346529318
1078.0 0.0019190738385077566
1079.0 0.001817298834794201
1080.0 0.0017155240129795857
1081.0 0.000977344734565122
1082.0 0.00023916552436276106
1083.0 1.5786067114956226e-10
1084.0 1.5786067114956226e-10
1085.0 0.0005887004590476863
1086.0 0.0018775892385747284
1087.0 0.0009095702807826456
1088.0 1.5786067114956226e-10
1089.0 1.5786067114956226e-10
1090.0 1.5786067114956226e-10
1091.0 1.5786067114956226e-10
1092.0 1.5786067114956226e-10
1093.0 1.5786067114956226e-10
1094.0 1.5786067114956226e-10
1095.0 1.5786067114956226e-10
1096.0 1.5786067114956226e-10
1097.0 1.5786067114956226e-10
1098.0 1.5786067114956226e-10
1099.0 2.130362872776459e-05
1100.0 0.0012787431842298247
