lsstCam/transmission_filter_detector/r22_s12/i_39/19700101T000000.ecsv
# %ECSV 1.0
# ---
# datatype:
# - {name: wavelength, unit: nm, datatype: float32}
# - {name: efficiency, unit: '%', datatype: float64}
# meta: !!omap
# - {MODE: DETECTOR}
# - {TYPE: transmission_filter_detector}
# - {CALIBDATE: '1970-01-01T00:00:00'}
# - {INSTRUME: LSSTCam}
# - {OBSTYPE: transmission_filter_detector}
# - {CALIBCLS: lsst.ip.isr.IntermediateFilterDetectorTransmissionCurve}
# - {SOURCE: Materion (DM-46256)}
# - {DETECTOR: 95}
# - {FILTER: i_39}
# - {CALIB_ID: 'calibDate=1970-01-01T00:00:00 filter=i_39 detector=95'}
# - {DATE: '2025-04-02T15:59:46.920961'}
# - {CALIB_CREATION_DATE: '2025-04-02'}
# - {CALIB_CREATION_TIME: '15:59:46'}
# - __serialized_columns__:
#     efficiency:
#       __class__: astropy.units.quantity.Quantity
#       unit: !astropy.units.Unit {unit: '%'}
#       value: !astropy.table.SerializedColumn {name: efficiency}
#     wavelength:
#       __class__: astropy.units.quantity.Quantity
#       unit: !astropy.units.Unit {unit: nm}
#       value: !astropy.table.SerializedColumn {name: wavelength}
# schema: astropy-2.0
wavelength efficiency
300.0 0.05326251266524196
301.0 0.013231855700723827
302.0 1.5786067114956226e-10
303.0 0.004113044997211546
304.0 0.03502487379591912
305.0 0.03004508907906711
306.0 0.02506531309336424
307.0 0.005876198702026159
308.0 1.5786067114956226e-10
309.0 1.5786067114956226e-10
310.0 0.0022566058760276064
311.0 0.0048289482947438955
312.0 0.007401295442832634
313.0 0.004263249502400868
314.0 0.0011252027434238698
315.0 1.5786067114956226e-10
316.0 1.5786067114956226e-10
317.0 0.0005549939942284254
318.0 0.003303235280327499
319.0 1.5786067114956226e-10
320.0 1.5786067114956226e-10
321.0 1.5786067114956226e-10
322.0 0.00362288519681897
323.0 0.0029296335924300365
324.0 0.002236381988041103
325.0 1.5786067114956226e-10
326.0 1.5786067114956226e-10
327.0 1.5786067114956226e-10
328.0 5.10008760556957e-05
329.0 1.5786067114956226e-10
330.0 1.5786067114956226e-10
331.0 0.0006435633622459136
332.0 0.0031237064831657335
333.0 0.0020346125893411227
334.0 0.0009455184226681013
335.0 0.0019086046449956484
336.0 0.0028716907763737254
337.0 0.0025925031877704896
338.0 0.0023133145077736117
339.0 0.002821042653522454
340.0 0.003328770981170237
341.0 0.0006416437827283517
342.0 1.5786067114956226e-10
343.0 1.5786067114956226e-10
344.0 0.0006433740963984746
345.0 1.5786067114956226e-10
346.0 1.5786067114956226e-10
347.0 1.5786067114956226e-10
348.0 1.5786067114956226e-10
349.0 1.5786067114956226e-10
350.0 0.0010170771020057146
351.0 0.0008830949809635058
352.0 0.0007491128599212971
353.0 1.5786067114956226e-10
354.0 1.5786067114956226e-10
355.0 1.5786067114956226e-10
356.0 1.5786067114956226e-10
357.0 0.0005587131454376504
358.0 0.0013802017747366335
359.0 0.0011755289961001836
360.0 0.0009708559446153231
361.0 0.0007547371751570608
362.0 0.0005386185421230039
363.0 0.00015699033610871993
364.0 1.5786067114956226e-10
365.0 0.00026135840016650036
366.0 0.0007473548976122402
367.0 0.00013886475471736048
368.0 1.5786067114956226e-10
369.0 0.000526343774254201
370.0 0.0015223129594232887
371.0 0.0014550425476045348
372.0 0.001387772226735251
373.0 0.00112519774120301
374.0 0.0008626232556707691
375.0 0.0003392187409190228
376.0 1.5786067114956226e-10
377.0 1.5786067114956226e-10
378.0 1.5786067114956226e-10
379.0 1.5786067114956226e-10
380.0 1.5786067114956226e-10
381.0 1.5786067114956226e-10
382.0 1.5786067114956226e-10
383.0 0.00035494917938194703
384.0 0.001207061177410651
385.0 0.000982028359430842
386.0 0.000756995450501563
387.0 2.759989854439482e-05
388.0 1.5786067114956226e-10
389.0 1.5786067114956226e-10
390.0 1.5786067114956226e-10
391.0 1.5786067114956226e-10
392.0 0.00027105288609163836
393.0 0.00031892936931399163
394.0 0.0003668059434858151
395.0 6.503157692350214e-05
396.0 1.5786067114956226e-10
397.0 5.368224265112076e-05
398.0 0.00034410697935527423
399.0 0.0003547176447682432
400.0 0.0003653282419691095
401.0 0.0030260604034992866
402.0 0.005686791337211616
403.0 0.005426254574558698
404.0 0.00516571817570366
405.0 0.004131296373088844
406.0 0.0030968734790803865
407.0 0.0027487343686516397
408.0 0.0024005930754356086
409.0 0.002370694710407406
410.0 0.002340795435884502
411.0 0.0037294164940249175
412.0 0.0051180377340642735
413.0 0.0043221283704042435
414.0 0.003526219734339975
415.0 0.004121237725485116
416.0 0.004716255352832377
417.0 0.0038622205465799198
418.0 0.003008185376529582
419.0 0.0031201365345623344
420.0 0.003232087692595087
421.0 0.003565357474144548
422.0 0.0038986272556940094
423.0 0.004678812183556147
424.0 0.0054589971114182845
425.0 0.005486673398991115
426.0 0.005514348958968185
427.0 0.0043494266719790176
428.0 0.003184503657394089
429.0 0.0036924826417816803
430.0 0.0042004619899671525
431.0 0.003675585685414262
432.0 0.003150710108457133
433.0 0.0030052811780478805
434.0 0.0028598520657396875
435.0 0.0021223097064648755
436.0 0.001384767165291123
437.0 0.0014476729120360687
438.0 0.0015105787497304846
439.0 0.0016438705642940477
440.0 0.0017771622879081406
441.0 0.0010852707418962382
442.0 0.00039337942325801123
443.0 0.0003292389237685711
444.0 0.00026509844701649854
445.0 0.0003889387699018698
446.0 0.0005127792064740788
447.0 0.0002774196218524594
448.0 4.2059954807882605e-05
449.0 1.5786067114956226e-10
450.0 1.5786067114956226e-10
451.0 7.412292006847565e-05
452.0 0.0008478777090203948
453.0 0.0012303464245633222
454.0 0.00161281532200519
455.0 0.00157509002747247
456.0 0.0015373649148386903
457.0 0.001049710226652678
458.0 0.000562055583941401
459.0 0.00045165993469709065
460.0 0.00034126419450331014
461.0 0.0005337710717867594
462.0 0.0007262779035954736
463.0 0.0006243963980523404
464.0 0.000522514847034472
465.0 0.00042700685298768803
466.0 0.0003314988816782716
467.0 0.00042323617890360765
468.0 0.0005149734988663113
469.0 0.0003200900437150267
470.0 0.0001252066795132123
471.0 0.0003765373776332126
472.0 0.0006278682121774182
473.0 0.0007552673196187243
474.0 0.0008826666999084409
475.0 0.0006646153906331165
476.0 0.0004465642177819973
477.0 0.0008745246304897591
478.0 0.001302485088672256
479.0 0.0013530132491723634
480.0 0.0014035414096724708
481.0 0.0024771603420958854
482.0 0.003550778637873009
483.0 0.0053222247515805066
484.0 0.007093670865288004
485.0 0.008423339750152081
486.0 0.00975300936261192
487.0 0.012054106628056616
488.0 0.014355203893501312
489.0 0.017227997886948287
490.0 0.02010079042520374
491.0 0.022266247833613306
492.0 0.024431702331639826
493.0 0.025160732911899686
494.0 0.025889763492159545
495.0 0.022614376212004572
496.0 0.01933898456627503
497.0 0.015386073209811002
498.0 0.01143316039815545
499.0 0.007922149234218523
500.0 0.004411138070281595
501.0 0.0032899213692871854
502.0 0.0021687050320906565
503.0 0.0022960557544138283
504.0 0.0024234062948380597
505.0 0.0021840167391928844
506.0 0.0019446271835477091
507.0 0.0019595081539591774
508.0 0.001974388760572765
509.0 0.00198618490685476
510.0 0.001997981235035695
511.0 0.0015199571862467565
512.0 0.001041933228407288
513.0 0.0015566105503239669
514.0 0.002071287963190116
515.0 0.002341889739909675
516.0 0.0026124911528313532
517.0 0.0023720071112620644
518.0 0.0021315230696927756
519.0 0.002042933556367643
520.0 0.0019543440430425107
521.0 0.001741449159453623
522.0 0.0015285539120668545
523.0 0.0014125047528068535
524.0 0.0012964556844963226
525.0 0.0019796620108536445
526.0 0.0026628684281604365
527.0 0.002603611756057944
528.0 0.002544355265854392
529.0 0.0021251767975627445
530.0 0.001705997965473216
531.0 0.0014596619621443097
532.0 0.0012133260497648735
533.0 0.001410734694218263
534.0 0.0016081432477221824
535.0 0.0018435772290104069
536.0 0.0020790112102986313
537.0 0.0026775009246193804
538.0 0.00327599082083907
539.0 0.0038638110709143803
540.0 0.004451631684787571
541.0 0.0051273007557028905
542.0 0.0058029698266182095
543.0 0.005069962207926437
544.0 0.004336954953032546
545.0 0.003377245957381092
546.0 0.002417537325527519
547.0 0.002038683851424139
548.0 0.0016598301954218186
549.0 0.0017468993974034674
550.0 0.001833968963182997
551.0 0.001559481279400643
552.0 0.0012849937775172293
553.0 0.0011868024557770696
554.0 0.0010886111340369098
555.0 0.0009118715752265416
556.0 0.0007351319709414383
557.0 0.0007682207979087252
558.0 0.0008013096703507472
559.0 0.0005064291599410353
560.0 0.00021154858131922083
561.0 0.0008602060916018672
562.0 0.0015088636246218812
563.0 0.0016233610949711874
564.0 0.0017378588381689042
565.0 0.001398773747496307
566.0 0.0010596889296721201
567.0 0.0007836333679733798
568.0 0.0005075780336483149
569.0 0.0005977718956273748
570.0 0.0006879658030811697
571.0 0.0005732387307944009
572.0 0.0004585116585076321
573.0 0.0003766650024772389
574.0 0.0002948183691842132
575.0 0.00035225270949013066
576.0 0.00040968707253341563
577.0 0.00039417905099981
578.0 0.0003786711658904096
579.0 0.00030944463560445
580.0 0.00024021817353059305
581.0 0.00020896011392324
582.0 0.00017770208842193824
583.0 0.00043160330278624315
584.0 0.0006855044375697616
585.0 0.0005800069629913196
586.0 0.0004745096703118179
587.0 0.0006972616574785206
588.0 0.000920013462746283
589.0 0.0007716354048170615
590.0 0.0006232573014131049
591.0 0.0007088593974913238
592.0 0.0007944615390442777
593.0 0.0006346502232190687
594.0 0.00047483877096965443
595.0 0.000601760530116735
596.0 0.0007286821528396104
597.0 0.0006032619694451569
598.0 0.00047784183152543847
599.0 0.00041456155486230273
600.0 0.00035128125546179945
601.0 0.00035959303659183206
602.0 0.00036790479498449713
603.0 0.0004116902346140705
604.0 0.0004554755378194386
605.0 0.00038328398659359664
606.0 0.00031109248084248975
607.0 0.0004260612513462547
608.0 0.0005410300673247548
609.0 0.0005970513029751601
610.0 0.000653072356726625
611.0 0.0006086806934035849
612.0 0.0005642890755552799
613.0 0.00041325688471260946
614.0 0.0002622247620820417
615.0 4.6706449552402773e-05
616.0 1.5786067114956226e-10
617.0 5.885934797333903e-05
618.0 0.0002865306896637776
619.0 0.0003310950660306844
620.0 0.00037565957882179646
621.0 0.0004935965534969
622.0 0.000611533505434636
623.0 0.0005722964942833642
624.0 0.0005330595740815625
625.0 0.00035240998386143474
626.0 0.00017176049595946097
627.0 0.00021314403966243844
628.0 0.00025452757199673215
629.0 0.000386783267458668
630.0 0.0005190389401832363
631.0 0.0004996586085326271
632.0 0.0004802781859325478
633.0 0.00043377185647841543
634.0 0.0003872653451253427
635.0 0.0003804985453825793
636.0 0.00037373170016508084
637.0 0.0004153816462348914
638.0 0.000457031637779437
639.0 0.0006098487574490719
640.0 0.0007626657406945014
641.0 0.0006341853350022575
642.0 0.0005057048383605434
643.0 0.0006443988240789622
644.0 0.0007830929462215863
645.0 0.0008084826731646899
646.0 0.0008338725820067339
647.0 0.0008412333954765927
648.0 0.0008485942089464515
649.0 0.0008603813512308989
650.0 0.000872168402565876
651.0 0.0009976613910112064
652.0 0.001123154470406007
653.0 0.0012307220458751544
654.0 0.001338289712293772
655.0 0.0018379412722424604
656.0 0.0023375927412416786
657.0 0.0033265001547988504
658.0 0.0043154072045581415
659.0 0.0071314265369437635
660.0 0.044912242447026074
661.0 0.15741689130663872
662.0 0.12705347035080194
663.0 0.14540626434609294
664.0 0.15450796345248818
665.0 0.1797221601009369
666.0 0.18181295599788427
667.0 0.26138066314160824
668.0 0.24993414990603924
669.0 0.3647689474746585
670.0 0.637533888220787
671.0 0.8898459374904633
672.0 1.4224831946194172
673.0 2.112780883908272
674.0 2.980675920844078
675.0 4.0892742574214935
676.0 5.1933057606220245
677.0 6.649227440357208
678.0 8.149749040603638
679.0 9.811121970415115
680.0 12.01845109462738
681.0 14.416871964931488
682.0 16.976813971996307
683.0 19.872373342514038
684.0 22.930751740932465
685.0 25.812914967536926
686.0 28.763335943222046
687.0 32.265082001686096
688.0 35.82296371459961
689.0 39.59915339946747
690.0 44.002801179885864
691.0 48.80003333091736
692.0 54.36716675758362
693.0 60.06297469139099
694.0 66.3005530834198
695.0 72.13174104690552
696.0 78.2448410987854
697.0 83.44613909721375
698.0 88.44203352928162
699.0 91.88766479492188
700.0 94.26577091217041
701.0 95.81466913223267
702.0 96.87396883964539
703.0 97.25349545478821
704.0 97.44550585746765
705.0 97.78217077255249
706.0 97.63636589050293
707.0 97.69203066825867
708.0 97.79324531555176
709.0 97.8867769241333
710.0 97.64402508735657
711.0 97.99198508262634
712.0 97.81650304794312
713.0 98.00039529800415
714.0 98.029625415802
715.0 98.1404721736908
716.0 97.90843725204468
717.0 98.10070991516113
718.0 98.06181192398071
719.0 97.94565439224243
720.0 98.06094169616699
721.0 97.90015816688538
722.0 97.54680395126343
723.0 97.29785919189453
724.0 96.98571562767029
725.0 96.88425064086914
726.0 96.75480723381042
727.0 96.57387137413025
728.0 96.44308090209961
729.0 96.23379111289978
730.0 96.51873111724854
731.0 96.48528695106506
732.0 96.66684865951538
733.0 97.1167266368866
734.0 97.42828011512756
735.0 97.6261854171753
736.0 97.94350862503052
737.0 98.2070803642273
738.0 98.40469360351562
739.0 98.60014319419861
740.0 98.69311451911926
741.0 98.59740138053894
742.0 98.85619878768921
743.0 98.65329265594482
744.0 98.53925704956055
745.0 98.5481858253479
746.0 98.51060509681702
747.0 98.69673252105713
748.0 98.52718114852905
749.0 98.46423864364624
750.0 98.38538765907288
751.0 98.37289452552795
752.0 98.33337068557739
753.0 98.5646665096283
754.0 98.40536117553711
755.0 98.55037331581116
756.0 98.55443239212036
757.0 98.6080527305603
758.0 98.64373803138733
759.0 98.69785904884338
760.0 98.59315156936646
761.0 98.5788345336914
762.0 98.64648580551147
763.0 98.5937774181366
764.0 98.55380654335022
765.0 98.44675660133362
766.0 98.3827292919159
767.0 98.1993556022644
768.0 98.20529818534851
769.0 98.09831380844116
770.0 97.89664149284363
771.0 97.93204665184021
772.0 97.86021709442139
773.0 97.8936493396759
774.0 97.73256182670593
775.0 97.72946238517761
776.0 97.79088497161865
777.0 97.92076349258423
778.0 97.95956015586853
779.0 98.088139295578
780.0 98.05682301521301
781.0 98.41060042381287
782.0 98.40736985206604
783.0 98.48504066467285
784.0 98.48446846008301
785.0 98.56595993041992
786.0 98.6956536769867
787.0 98.36386442184448
788.0 98.44353199005127
789.0 98.59809279441833
790.0 98.49608540534973
791.0 98.42166900634766
792.0 98.30739498138428
793.0 98.21404218673706
794.0 98.1249988079071
795.0 97.81278371810913
796.0 97.87362813949585
797.0 97.8853166103363
798.0 97.81748652458191
799.0 97.68754839897156
800.0 97.36820459365845
801.0 97.32435345649719
802.0 97.04442024230957
803.0 96.47305607795715
804.0 95.68675756454468
805.0 94.57087516784668
806.0 93.45930814743042
807.0 91.75763726234436
808.0 89.78407382965088
809.0 87.49938607215881
810.0 84.86529588699341
811.0 81.69920444488525
812.0 78.19033861160278
813.0 74.19117093086243
814.0 69.83922719955444
815.0 65.32604098320007
816.0 60.933905839920044
817.0 56.24289512634277
818.0 51.57831907272339
819.0 47.468337416648865
820.0 42.59089231491089
821.0 38.16073536872864
822.0 33.63940119743347
823.0 29.023194313049316
824.0 24.38633441925049
825.0 20.144392549991608
826.0 15.862831473350525
827.0 11.603734642267227
828.0 8.197582513093948
829.0 5.389660969376564
830.0 3.1615879386663437
831.0 1.9634081050753593
832.0 1.1045143008232117
833.0 0.6119565572589636
834.0 0.3326120553538203
835.0 0.16378577565774322
836.0 0.11422540992498398
837.0 0.03372619394212961
838.0 0.06310779717750847
839.0 0.04832260892726481
840.0 0.0295019504847005
841.0 1.5786067114956226e-10
842.0 1.5786067114956226e-10
843.0 1.5786067114956226e-10
844.0 0.002158334609703161
845.0 0.011335924500599504
846.0 1.5786067114956226e-10
847.0 1.5786067114956226e-10
848.0 1.5786067114956226e-10
849.0 1.5786067114956226e-10
850.0 1.5786067114956226e-10
851.0 1.5786067114956226e-10
852.0 1.5786067114956226e-10
853.0 0.0002820216650434304
854.0 0.0006311433935479727
855.0 0.0006731313987984322
856.0 0.0007151194495236268
857.0 0.0004598935447575059
858.0 0.00020466750356717966
859.0 0.00012168458169981022
860.0 3.870165130592795e-05
861.0 0.0001526936898699205
862.0 0.00026668565169529757
863.0 3.432850803619658e-05
864.0 1.5786067114956226e-10
865.0 1.5786067114956226e-10
866.0 1.5786067114956226e-10
867.0 1.5786067114956226e-10
868.0 1.5786067114956226e-10
869.0 1.5786067114956226e-10
870.0 1.5786067114956226e-10
871.0 1.5786067114956226e-10
872.0 1.5786067114956226e-10
873.0 0.0001645340489631053
874.0 0.00037908430385868996
875.0 0.00033601563700358383
876.0 0.0002929470156232128
877.0 2.3094733592188277e-05
878.0 1.5786067114956226e-10
879.0 1.5786067114956226e-10
880.0 0.00021472096705110744
881.0 9.475371030021051e-05
882.0 1.5786067114956226e-10
883.0 9.408831260770967e-05
884.0 0.00021339012619137065
885.0 0.00014995903256931342
886.0 8.652795600028185e-05
887.0 4.310488179726235e-05
888.0 1.5786067114956226e-10
889.0 1.5786067114956226e-10
890.0 1.5786067114956226e-10
891.0 6.85016516399628e-05
892.0 0.00017558598983669071
893.0 0.00013154907492207712
894.0 8.751219979785674e-05
895.0 1.5786067114956226e-10
