ts8/qe_curve/rtm-011_s20/19700101T000000.ecsv
# %ECSV 0.9
# ---
# datatype:
# - {name: amp_name, datatype: string}
# - {name: wavelength, unit: nm, datatype: float32}
# - {name: efficiency, unit: '%', datatype: float32}
# meta: !!omap
# - {MODE: AMP}
# - {TYPE: QE}
# - {CALIBDATE: '1970-01-01T00:00:00'}
# - {INSTRUME: TS8}
# - {OBSTYPE: qe_curve}
# - {DETECTOR: 78}
# - {PICKLEFILE: RaftRun10861.p}
# - {CALIB_ID: 'raftName=RTM-011 detectorName=S20 detector=78 calibDate=1970-01-01T00:00:00 ccd=78 ccdnum=78 filter=None'}
# - {DATE: '2020-01-03T18:08:38.022507'}
# - {CALIB_CREATION_DATE: '2020-01-03'}
# - {CALIB_CREATION_TIME: '18:08:38'}
# - __serialized_columns__:
#     efficiency:
#       __class__: astropy.units.quantity.Quantity
#       unit: !astropy.units.Unit {unit: '%'}
#       value: !astropy.table.SerializedColumn {name: efficiency}
#     wavelength:
#       __class__: astropy.units.quantity.Quantity
#       unit: !astropy.units.Unit {unit: nm}
#       value: !astropy.table.SerializedColumn {name: wavelength}
# schema: astropy-2.0
amp_name wavelength efficiency
C13 319.994 48.383476
C13 324.969 50.3535
C13 349.982 60.362457
C13 374.975 74.24648
C13 400.019 83.97356
C13 424.965 84.648674
C13 450.035 83.91086
C13 475.003 83.781166
C13 500.018 84.25743
C13 525.002 85.2049
C13 550.029 86.86142
C13 575.023 88.70481
C13 599.982 90.95451
C13 619.997 91.92361
C13 624.979 92.280815
C13 650.012 93.80811
C13 675.004 94.96132
C13 700.03 95.81638
C13 725.012 96.485374
C13 750.022 97.77954
C13 774.987 98.97654
C13 799.976 99.17819
C13 824.988 98.330734
C13 850.022 97.04614
C13 869.967 94.51356
C13 875.002 93.53799
C13 899.999 86.6602
C13 919.999 78.619156
C13 925.012 75.97746
C13 949.965 63.02
C13 975.002 48.105347
C13 999.976 30.977112
C13 1025.028 14.966356
C13 1050.014 5.9722757
C13 1075.002 3.2597072
C13 1099.99 2.290853
C12 319.994 48.120552
C12 324.969 50.047947
C12 349.982 59.980984
C12 374.975 74.12056
C12 400.019 84.11637
C12 424.965 84.86321
C12 450.035 84.09084
C12 475.003 83.900505
C12 500.018 84.33704
C12 525.002 85.248505
C12 550.029 86.8902
C12 575.023 88.73806
C12 599.982 91.00151
C12 619.997 91.97953
C12 624.979 92.341995
C12 650.012 93.8892
C12 675.004 95.040855
C12 700.03 95.91631
C12 725.012 96.5796
C12 750.022 97.85859
C12 774.987 99.04237
C12 799.976 99.24974
C12 824.988 98.41521
C12 850.022 97.117325
C12 869.967 94.57964
C12 875.002 93.60288
C12 899.999 86.8207
C12 919.999 78.78068
C12 925.012 76.11471
C12 949.965 63.063244
C12 975.002 48.2258
C12 999.976 30.976137
C12 1025.028 15.015475
C12 1050.014 6.05941
C12 1075.002 3.2893867
C12 1099.99 2.2907515
C06 319.994 47.900597
C06 324.969 49.799984
C06 349.982 59.693733
C06 374.975 74.033646
C06 400.019 84.149475
C06 424.965 84.93543
C06 450.035 84.18275
C06 475.003 84.00661
C06 500.018 84.40809
C06 525.002 85.26874
C06 550.029 86.84544
C06 575.023 88.60682
C06 599.982 90.800514
C06 619.997 91.73282
C06 624.979 92.08574
C06 650.012 93.60175
C06 675.004 94.709946
C06 700.03 95.673935
C06 725.012 96.52008
C06 750.022 98.06005
C06 774.987 99.50258
C06 799.976 99.82707
C06 824.988 98.938095
C06 850.022 97.68346
C06 869.967 95.145424
C06 875.002 94.15397
C06 899.999 86.87436
C06 919.999 78.50408
C06 925.012 75.89286
C06 949.965 63.367573
C06 975.002 48.45418
C06 999.976 30.95058
C06 1025.028 15.147271
C06 1050.014 6.0207634
C06 1075.002 3.2783966
C06 1099.99 2.300803
C10 319.994 47.210762
C10 324.969 49.052986
C10 349.982 58.77125
C10 374.975 73.34232
C10 400.019 83.866554
C10 424.965 84.80864
C10 450.035 84.022705
C10 475.003 83.77215
C10 500.018 84.14098
C10 525.002 84.97691
C10 550.029 86.57766
C10 575.023 88.39454
C10 599.982 90.636894
C10 619.997 91.60711
C10 624.979 91.97074
C10 650.012 93.52362
C10 675.004 94.71059
C10 700.03 95.58351
C10 725.012 96.2355
C10 750.022 97.49502
C10 774.987 98.64763
C10 799.976 98.86447
C10 824.988 98.05102
C10 850.022 96.76113
C10 869.967 94.366234
C10 875.002 93.44666
C10 899.999 86.90279
C10 919.999 78.86985
C10 925.012 76.16991
C10 949.965 62.87438
C10 975.002 48.142742
C10 999.976 30.858229
C10 1025.028 15.2416315
C10 1050.014 6.138745
C10 1075.002 3.3062975
C10 1099.99 2.24715
C07 319.994 47.687347
C07 324.969 49.55581
C07 349.982 59.398834
C07 374.975 74.02126
C07 400.019 84.41658
C07 424.965 85.300064
C07 450.035 84.55283
C07 475.003 84.36973
C07 500.018 84.750984
C07 525.002 85.58636
C07 550.029 87.144646
C07 575.023 88.883064
C07 599.982 91.05052
C07 619.997 91.98186
C07 624.979 92.333534
C07 650.012 93.84834
C07 675.004 94.986824
C07 700.03 95.94801
C07 725.012 96.806755
C07 750.022 98.35451
C07 774.987 99.80447
C07 799.976 100.131424
C07 824.988 99.25508
C07 850.022 97.982025
C07 869.967 95.48637
C07 875.002 94.51159
C07 899.999 87.35192
C07 919.999 79.05382
C07 925.012 76.385666
C07 949.965 63.454506
C07 975.002 48.52679
C07 999.976 31.1271
C07 1025.028 15.21532
C07 1050.014 6.053988
C07 1075.002 3.3099284
C07 1099.99 2.298322
C16 319.994 49.099556
C16 324.969 51.17842
C16 349.982 61.42525
C16 374.975 74.5947
C16 400.019 83.6413
C16 424.965 84.10114
C16 450.035 83.35583
C16 475.003 83.230484
C16 500.018 83.75702
C16 525.002 84.804085
C16 550.029 86.53054
C16 575.023 88.4566
C16 599.982 90.784195
C16 619.997 91.7895
C16 624.979 92.147156
C16 650.012 93.69044
C16 675.004 94.814255
C16 700.03 95.628815
C16 725.012 96.25349
C16 750.022 97.50505
C16 774.987 98.643845
C16 799.976 98.79259
C16 824.988 97.87371
C16 850.022 96.52948
C16 869.967 93.94534
C16 875.002 92.950775
C16 899.999 85.94972
C16 919.999 77.86047
C16 925.012 75.23466
C16 949.965 62.352486
C16 975.002 47.47017
C16 999.976 30.54568
C16 1025.028 14.76751
C16 1050.014 5.875516
C16 1075.002 3.2093194
C16 1099.99 2.260728
C03 319.994 48.570034
C03 324.969 50.56202
C03 349.982 60.607178
C03 374.975 74.23796
C03 400.019 83.71431
C03 424.965 84.335724
C03 450.035 83.64845
C03 475.003 83.60004
C03 500.018 84.12223
C03 525.002 85.09387
C03 550.029 86.73843
C03 575.023 88.53416
C03 599.982 90.738106
C03 619.997 91.667336
C03 624.979 92.01883
C03 650.012 93.516304
C03 675.004 94.61645
C03 700.03 95.52983
C03 725.012 96.36134
C03 750.022 97.89008
C03 774.987 99.32312
C03 799.976 99.625404
C03 824.988 98.714584
C03 850.022 97.47339
C03 869.967 94.97822
C03 875.002 94.00314
C03 899.999 86.876015
C03 919.999 78.29093
C03 925.012 75.58564
C03 949.965 63.229263
C03 975.002 48.44515
C03 999.976 30.996971
C03 1025.028 15.143296
C03 1050.014 6.008465
C03 1075.002 3.245309
C03 1099.99 2.296349
C05 319.994 48.10156
C05 324.969 50.03367
C05 349.982 60.015476
C05 374.975 74.178535
C05 400.019 84.10344
C05 424.965 84.81639
C05 450.035 84.04207
C05 475.003 83.84132
C05 500.018 84.23613
C05 525.002 85.12421
C05 550.029 86.722244
C05 575.023 88.522644
C05 599.982 90.759415
C05 619.997 91.722115
C05 624.979 92.0794
C05 650.012 93.61535
C05 675.004 94.739975
C05 700.03 95.68717
C05 725.012 96.53719
C05 750.022 98.07844
C05 774.987 99.521515
C05 799.976 99.84299
C05 824.988 98.94281
C05 850.022 97.697586
C05 869.967 95.16464
C05 875.002 94.16985
C05 899.999 86.91414
C05 919.999 78.39511
C05 925.012 75.738266
C05 949.965 63.401695
C05 975.002 48.500553
C05 999.976 30.992363
C05 1025.028 15.186305
C05 1050.014 6.0248227
C05 1075.002 3.2670336
C05 1099.99 2.3057237
C04 319.994 48.39912
C04 324.969 50.36528
C04 349.982 60.439796
C04 374.975 74.437386
C04 400.019 84.18543
C04 424.965 84.84098
C04 450.035 84.060394
C04 475.003 83.84866
C04 500.018 84.25307
C04 525.002 85.171394
C04 550.029 86.793655
C04 575.023 88.63051
C04 599.982 90.90567
C04 619.997 91.89081
C04 624.979 92.25143
C04 650.012 93.79816
C04 675.004 94.93267
C04 700.03 95.87277
C04 725.012 96.71784
C04 750.022 98.26363
C04 774.987 99.70962
C04 799.976 100.025665
C04 824.988 99.11814
C04 850.022 97.870995
C04 869.967 95.35206
C04 875.002 94.36362
C04 899.999 87.17164
C04 919.999 78.552284
C04 925.012 75.85097
C04 949.965 63.492386
C04 975.002 48.635616
C04 999.976 31.119246
C04 1025.028 15.220901
C04 1050.014 6.031222
C04 1075.002 3.2569187
C04 1099.99 2.3054535
C15 319.994 48.92965
C15 324.969 50.97746
C15 349.982 61.16604
C15 374.975 74.58825
C15 400.019 83.85611
C15 424.965 84.378334
C15 450.035 83.61917
C15 475.003 83.48206
C15 500.018 83.98538
C15 525.002 85.00632
C15 550.029 86.70508
C15 575.023 88.61064
C15 599.982 90.92795
C15 619.997 91.92768
C15 624.979 92.29083
C15 650.012 93.83459
C15 675.004 94.9734
C15 700.03 95.818794
C15 725.012 96.47877
C15 750.022 97.77197
C15 774.987 98.96014
C15 799.976 99.13738
C15 824.988 98.241
C15 850.022 96.93224
C15 869.967 94.38467
C15 875.002 93.39701
C15 899.999 86.40088
C15 919.999 78.3061
C15 925.012 75.67112
C15 949.965 62.775146
C15 975.002 47.871277
C15 999.976 30.815805
C15 1025.028 14.890019
C15 1050.014 5.935333
C15 1075.002 3.2402349
C15 1099.99 2.2818806
C14 319.994 48.760845
C14 324.969 50.774082
C14 349.982 60.90258
C14 374.975 74.59442
C14 400.019 84.10819
C14 424.965 84.703705
C14 450.035 83.94741
C14 475.003 83.799965
C14 500.018 84.28166
C14 525.002 85.263214
C14 550.029 86.94178
C14 575.023 88.82065
C14 599.982 91.11791
C14 619.997 92.10814
C14 624.979 92.46935
C14 650.012 94.013054
C14 675.004 95.16846
C14 700.03 96.020615
C14 725.012 96.69335
C14 750.022 97.998665
C14 774.987 99.20175
C14 799.976 99.39418
C14 824.988 98.52266
C14 850.022 97.23555
C14 869.967 94.693695
C14 875.002 93.709755
C14 899.999 86.73994
C14 919.999 78.659676
C14 925.012 76.02064
C14 949.965 63.08985
C14 975.002 48.127575
C14 999.976 31.00573
C14 1025.028 14.962927
C14 1050.014 5.9415092
C14 1075.002 3.2483385
C14 1099.99 2.292322
C17 319.994 49.43896
C17 324.969 51.54852
C17 349.982 61.866215
C17 374.975 74.89464
C17 400.019 83.83164
C17 424.965 84.2689
C17 450.035 83.559586
C17 475.003 83.51314
C17 500.018 84.10457
C17 525.002 85.177795
C17 550.029 86.92639
C17 575.023 88.8481
C17 599.982 91.15346
C17 619.997 92.13304
C17 624.979 92.48443
C17 650.012 94.01173
C17 675.004 95.109215
C17 700.03 95.88453
C17 725.012 96.429375
C17 750.022 97.5803
C17 774.987 98.62662
C17 799.976 98.72921
C17 824.988 97.811424
C17 850.022 96.44835
C17 869.967 93.83438
C17 875.002 92.8234
C17 899.999 85.76096
C17 919.999 77.61055
C17 925.012 75.01373
C17 949.965 62.27634
C17 975.002 47.27559
C17 999.976 30.385378
C17 1025.028 14.656139
C17 1050.014 5.797206
C17 1075.002 3.1892743
C17 1099.99 2.2520943
C11 319.994 47.681274
C11 324.969 49.5702
C11 349.982 59.409702
C11 374.975 73.74095
C11 400.019 83.96492
C11 424.965 84.78433
C11 450.035 83.974464
C11 475.003 83.7196
C11 500.018 84.10848
C11 525.002 84.97952
C11 550.029 86.59958
C11 575.023 88.44804
C11 599.982 90.72584
C11 619.997 91.71564
C11 624.979 92.079796
C11 650.012 93.64253
C11 675.004 94.80578
C11 700.03 95.68926
C11 725.012 96.34525
C11 750.022 97.60763
C11 774.987 98.77136
C11 799.976 98.98317
C11 824.988 98.15835
C11 850.022 96.85177
C11 869.967 94.37968
C11 875.002 93.43145
C11 899.999 86.787964
C11 919.999 78.72479
C11 925.012 76.038376
C11 949.965 62.874878
C11 975.002 48.17441
C11 999.976 30.881075
C11 1025.028 15.040498
C11 1050.014 6.1269665
C11 1075.002 3.3098853
C11 1099.99 2.2724676
C01 319.994 48.936726
C01 324.969 50.997128
C01 349.982 61.12628
C01 374.975 74.19303
C01 400.019 83.20264
C01 424.965 83.70808
C01 450.035 83.05304
C01 475.003 83.06954
C01 500.018 83.667946
C01 525.002 84.70855
C01 550.029 86.404236
C01 575.023 88.23355
C01 599.982 90.45304
C01 619.997 91.388985
C01 624.979 91.735374
C01 650.012 93.22062
C01 675.004 94.27635
C01 700.03 95.16737
C01 725.012 95.92378
C01 750.022 97.36177
C01 774.987 98.7029
C01 799.976 98.94892
C01 824.988 98.01158
C01 850.022 96.73999
C01 869.967 94.25725
C01 875.002 93.296074
C01 899.999 86.25906
C01 919.999 77.7534
C01 925.012 75.06151
C01 949.965 62.659267
C01 975.002 47.89681
C01 999.976 30.599413
C01 1025.028 14.971203
C01 1050.014 5.9254827
C01 1075.002 3.2080019
C01 1099.99 2.2659886
C02 319.994 48.802963
C02 324.969 50.825558
C02 349.982 60.88995
C02 374.975 74.18403
C02 400.019 83.3984
C02 424.965 83.966095
C02 450.035 83.327034
C02 475.003 83.367615
C02 500.018 83.9578
C02 525.002 84.97481
C02 550.029 86.65052
C02 575.023 88.442635
C02 599.982 90.62628
C02 619.997 91.53663
C02 624.979 91.88123
C02 650.012 93.355644
C02 675.004 94.42474
C02 700.03 95.325134
C02 725.012 96.12881
C02 750.022 97.62444
C02 774.987 99.0291
C02 799.976 99.3079
C02 824.988 98.38713
C02 850.022 97.14123
C02 869.967 94.665146
C02 875.002 93.69705
C02 899.999 86.59844
C02 919.999 78.06377
C02 925.012 75.375084
C02 949.965 63.012047
C02 975.002 48.209244
C02 999.976 30.811405
C02 1025.028 15.092585
C02 1050.014 5.973587
C02 1075.002 3.2278867
C02 1099.99 2.2839212
C00 319.994 49.28069
C00 324.969 51.37542
C00 349.982 61.62287
C00 374.975 74.595985
C00 400.019 83.49946
C00 424.965 83.936455
C00 450.035 83.226524
C00 475.003 83.16461
C00 500.018 83.72924
C00 525.002 84.79118
C00 550.029 86.53591
C00 575.023 88.45063
C00 599.982 90.75007
C00 619.997 91.732506
C00 624.979 92.08345
C00 650.012 93.596275
C00 675.004 94.661705
C00 700.03 95.523506
C00 725.012 96.209114
C00 750.022 97.557396
C00 774.987 98.79961
C00 799.976 98.99772
C00 824.988 98.06154
C00 850.022 96.79429
C00 869.967 94.25627
C00 875.002 93.274574
C00 899.999 86.25837
C00 919.999 77.81481
C00 925.012 75.11941
C00 949.965 62.70552
C00 975.002 47.966682
C00 999.976 30.629543
C00 1025.028 14.925788
C00 1050.014 5.95166
C00 1075.002 3.237697
C00 1099.99 2.2776647
