lsstCam/transmission_filter_detector/r24_s10/r_57/19700101T000000.ecsv
# %ECSV 1.0
# ---
# datatype:
# - {name: wavelength, unit: nm, datatype: float32}
# - {name: efficiency, unit: '%', datatype: float64}
# meta: !!omap
# - {MODE: DETECTOR}
# - {TYPE: transmission_filter_detector}
# - {CALIBDATE: '1970-01-01T00:00:00'}
# - {INSTRUME: LSSTCam}
# - {OBSTYPE: transmission_filter_detector}
# - {CALIBCLS: lsst.ip.isr.IntermediateFilterDetectorTransmissionCurve}
# - {SOURCE: Materion (DM-46256)}
# - {DETECTOR: 111}
# - {FILTER: r_57}
# - {CALIB_ID: 'calibDate=1970-01-01T00:00:00 filter=r_57 detector=111'}
# - {DATE: '2025-04-02T15:59:44.696556'}
# - {CALIB_CREATION_DATE: '2025-04-02'}
# - {CALIB_CREATION_TIME: '15:59:44'}
# - __serialized_columns__:
#     efficiency:
#       __class__: astropy.units.quantity.Quantity
#       unit: !astropy.units.Unit {unit: '%'}
#       value: !astropy.table.SerializedColumn {name: efficiency}
#     wavelength:
#       __class__: astropy.units.quantity.Quantity
#       unit: !astropy.units.Unit {unit: nm}
#       value: !astropy.table.SerializedColumn {name: wavelength}
# schema: astropy-2.0
wavelength efficiency
[from data line 604]
904.0 1.60789795106836e-10
905.0 1.60789795106836e-10
906.0 1.60789795106836e-10
907.0 1.60789795106836e-10
908.0 1.60789795106836e-10
909.0 1.60789795106836e-10
910.0 1.60789795106836e-10
911.0 1.60789795106836e-10
912.0 1.60789795106836e-10
913.0 1.60789795106836e-10
914.0 1.60789795106836e-10
915.0 6.384461244124395e-05
916.0 3.117058611223911e-05
917.0 1.60789795106836e-10
918.0 0.00010872929578908952
919.0 0.00021896196358284215
920.0 0.00011101177506134263
921.0 3.0615368018516165e-06
922.0 9.667307949712267e-05
923.0 0.00019028462929782108
924.0 0.00018006883237831062
925.0 0.00016985304682748392
926.0 0.0001421371052856557
927.0 0.00011442115237514372
928.0 0.0001613699964764237
929.0 0.0002083188292090199
930.0 0.0002457752543705283
931.0 0.00028323167953203665
932.0 0.00012020328767903266
933.0 1.60789795106836e-10
934.0 8.396325483772671e-05
935.0 0.00021075154563732212
936.0 0.00024768007733655395
937.0 0.00028460858629841823
938.0 0.0002983827243951964
939.0 0.00031215688522934215
940.0 0.00031090071388462093
941.0 0.0003096445425398997
942.0 0.00033524374885018915
943.0 0.00036084302337258123
944.0 0.0003006026418006513
945.0 0.00024036232844082406
946.0 0.00030835444704280235
947.0 0.00037634656564478064
948.0 0.0004574482318275841
949.0 0.0005385500571719604
950.0 0.0005693493676517392
951.0 0.000600148678131518
952.0 0.0007263903171406128
953.0 0.0008526320925739128
954.0 0.0011161247130075935
955.0 0.0013796176062896848
956.0 0.0014742735402251128
957.0 0.0015689292922616005
958.0 0.0017055133866961114
959.0 0.0018420976630295627
960.0 0.001954510844370816
961.0 0.0020669242076110095
962.0 0.002234412568213884
963.0 0.0024019011107156985
964.0 0.0024597622541477904
965.0 0.002517623215680942
966.0 0.0024860228222678415
967.0 0.0024544220650568604
968.0 0.0024506614863639697
969.0 0.002446900907671079
970.0 0.0025032875782926567
971.0 0.002559674612712115
972.0 0.0026095256544067524
973.0 0.00265937669610139
974.0 0.002892618613259401
975.0 0.0031258605304174125
976.0 0.003202422522008419
977.0 0.0032789845135994256
978.0 0.0031614465115126222
979.0 0.0030439083275268786
980.0 0.003004291284014471
981.0 0.0029646744224010035
982.0 0.0030338613214553334
983.0 0.0031030482205096632
984.0 0.003019868199771736
985.0 0.0029366883609327488
986.0 0.002845937888196204
987.0 0.0027551875973585993
988.0 0.002581047374405898
989.0 0.002406907151453197
990.0 0.0024717241103644483
991.0 0.0025365410692756996
992.0 0.002566412149462849
993.0 0.0025962834115489386
994.0 0.002678078271856066
995.0 0.002759872586466372
996.0 0.002793630301312078
997.0 0.002827387834258843
998.0 0.00297242895612726
999.0 0.003117470259894617
1000.0 0.0032412084692623466
1001.0 0.003364947042427957
1002.0 0.003594558802433312
1003.0 0.003824170198640786
1004.0 0.003940763781429268
1005.0 0.00405735700041987
1006.0 0.004228043326293118
1007.0 0.004398729652166367
1008.0 0.004337720383773558
1009.0 0.004276710751582868
1010.0 0.004266223913873546
1011.0 0.004255737439962104
1012.0 0.004205303048365749
1013.0 0.004154868656769395
1014.0 0.003959491732530296
1015.0 0.003764114808291197
1016.0 0.003552702401066199
1017.0 0.0033412907214369625
1018.0 0.0029640053980983794
1019.0 0.0025867206204566173
1020.0 0.0022311554857878946
1021.0 0.0018755901692202315
1022.0 0.001642212737351656
1023.0 0.00140883512358414
1024.0 0.0014563127479050308
1025.0 0.001503790554124862
1026.0 0.0013445016520563513
1027.0 0.00118521238618996
1028.0 0.0010958195161947515
1029.0 0.0010064264643006027
1030.0 0.0009171009878627956
1031.0 0.0008277748747786973
1032.0 0.0007748445568722673
1033.0 0.0007219139661174268
1034.0 0.0007436759005940985
1035.0 0.0007654376531718299
1036.0 0.0007972771527420264
1037.0 0.0008291163794638123
1038.0 0.0007903309779067058
1039.0 0.0007515456672990695
1040.0 0.0007437042768287938
1041.0 0.000735862795409048
1042.0 0.0008722729035071097
1043.0 0.001008682738756761
1044.0 0.0008851062375470065
1045.0 0.0007615300546603976
1046.0 0.0007821030521881767
1047.0 0.000802676186140161
1048.0 0.0006946217126824195
1049.0 0.0005865672392246779
1050.0 0.000558721694687847
1051.0 0.0005308761046762811
1052.0 0.0009048730134963989
1053.0 0.0012788694220944308
1054.0 0.0010578085493762046
1055.0 0.0008367474947590381
1056.0 0.0008971584975370206
1057.0 0.0009575697731634136
1058.0 0.000837864718050696
1059.0 0.0007181597538874485
1060.0 0.0009418526133231353
1061.0 0.0011655451089609414
1062.0 0.0012946574315719772
1063.0 0.0014237696632335428
1064.0 0.0010250555533275474
1065.0 0.0006263411705731414
1066.0 0.0011022774742741603
1067.0 0.0015782137779751793
1068.0 0.0019313541997689754
1069.0 0.00228449389396701
1070.0 0.0017192516679642722
1071.0 0.001154009260062594
1072.0 0.0014435756384045817
1073.0 0.0017331420167465694
1074.0 0.0022970094505581073
1075.0 0.0028608765205717646
1076.0 0.0031280662369681522
1077.0 0.0033952561352634802
1078.0 0.0037619200156768784
1079.0 0.004128584623686038
1080.0 0.0040691349568078294
1081.0 0.00400968492613174
1082.0 0.003929503509425558
1083.0 0.003849322456517257
1084.0 0.004264582821633667
1085.0 0.004679842822952196
1086.0 0.004810478640138172
1087.0 0.0049411140935262665
1088.0 0.0051999868446728215
1089.0 0.005458859959617257
1090.0 0.00487504767079372
1091.0 0.004291235018172301
1092.0 0.003694812039611861
1093.0 0.0030983894248493016
1094.0 0.003727290459210053
1095.0 0.004356191857368685
1096.0 0.003412371370359324
1097.0 0.0024685512471478432
1098.0 0.0019356657503522001
1099.0 0.0014027807083039079
1100.0 0.0015025095308374148
1101.0 0.0016022378986235708
