lsstCam/transmission_filter_detector/r24_s10/r_57/19700101T000000.ecsv
# %ECSV 1.0
# ---
# datatype:
# - {name: wavelength, unit: nm, datatype: float32}
# - {name: efficiency, unit: '%', datatype: float64}
# meta: !!omap
# - {MODE: DETECTOR}
# - {TYPE: transmission_filter_detector}
# - {CALIBDATE: '1970-01-01T00:00:00'}
# - {INSTRUME: LSSTCam}
# - {OBSTYPE: transmission_filter_detector}
# - {CALIBCLS: lsst.ip.isr.IntermediateFilterDetectorTransmissionCurve}
# - {SOURCE: Materion (DM-46256)}
# - {DETECTOR: 111}
# - {FILTER: r_57}
# - {CALIB_ID: 'calibDate=1970-01-01T00:00:00 filter=r_57 detector=111'}
# - {DATE: '2025-04-02T15:59:44.696556'}
# - {CALIB_CREATION_DATE: '2025-04-02'}
# - {CALIB_CREATION_TIME: '15:59:44'}
# - __serialized_columns__:
#     efficiency:
#       __class__: astropy.units.quantity.Quantity
#       unit: !astropy.units.Unit {unit: '%'}
#       value: !astropy.table.SerializedColumn {name: efficiency}
#     wavelength:
#       __class__: astropy.units.quantity.Quantity
#       unit: !astropy.units.Unit {unit: nm}
#       value: !astropy.table.SerializedColumn {name: wavelength}
# schema: astropy-2.0
wavelength efficiency
300.0 0.0022219914171728306
301.0 0.005474049976328388
302.0 0.008726107625989243
303.0 0.010502838267711923
304.0 0.012279569637030363
305.0 0.011116361565655097
306.0 0.009953155677067116
307.0 0.008264310599770397
308.0 0.006575465522473678
309.0 0.005828437133459374
310.0 0.005081407289253548
311.0 0.00491486098326277
312.0 0.004748314313474111
313.0 0.0045811611926183105
314.0 0.00441400843556039
315.0 0.0041492476157145575
316.0 0.0038844882510602474
317.0 0.003834415474557318
318.0 0.003784342698054388
319.0 0.003472412208793685
320.0 0.00316048099193722
321.0 0.0028951240892638452
322.0 0.00262976700469153
323.0 0.0024273296730825678
324.0 0.0022248917957767844
325.0 0.0023724602215224877
326.0 0.0025200284653692506
327.0 0.002615973244246561
328.0 0.002711918750719633
329.0 0.002547428994148504
330.0 0.0023829396013752557
331.0 0.002257587038911879
332.0 0.0021322346583474427
333.0 0.0018805400031851605
334.0 0.0016288455299218185
335.0 0.001501658607594436
336.0 0.0013744717762165237
337.0 0.0013238412066129968
338.0 0.0012732105460599996
339.0 0.0011448759323684499
340.0 0.00101654122772743
341.0 0.0009470650184084661
342.0 0.0008775887181400321
343.0 0.0008744928891246673
344.0 0.0008713970601093024
345.0 0.0008317599167639855
346.0 0.000792122955317609
347.0 0.0007909955456852913
348.0 0.0007898684089013841
349.0 0.0007698556146351621
350.0 0.005223841799306683
351.0 0.005473392593557946
352.0 0.0057229433878092095
353.0 0.0052975570724811405
354.0 0.004872171120950952
355.0 0.004740822987514548
356.0 0.0046094752178760245
357.0 0.005769835115643218
358.0 0.006930196104804054
359.0 0.005494361903402023
360.0 0.004058527338202111
361.0 0.0029164712032070383
362.0 0.0017744152501109056
363.0 0.0027827680241898634
364.0 0.0037911206163698807
365.0 0.003676893174997531
366.0 0.0035626660974230617
367.0 0.0031657316867494956
368.0 0.0027687967303791083
369.0 0.002591789234429598
370.0 0.0024147817384800874
371.0 0.0025034491045516916
372.0 0.002592116652522236
373.0 0.0028345919417915866
374.0 0.003077067231060937
375.0 0.00279889482044382
376.0 0.0025207225917256437
377.0 0.0015018021258583758
378.0 0.00048288170546584297
379.0 0.0010192607078352012
380.0 0.0015556401194771752
381.0 0.0022368541976902634
382.0 0.0029180688216001727
383.0 0.002901203879446257
384.0 0.002884338937292341
385.0 0.004092970630154014
386.0 0.005301601413520984
387.0 0.00492154540552292
388.0 0.004541489033726975
389.0 0.003675004336400889
390.0 0.0028085190933779813
391.0 0.002101075187965762
392.0 0.0013936311916040722
393.0 0.0015061808881000616
394.0 0.0016187303117476404
395.0 0.0011714583706634585
396.0 0.0007241863386298064
397.0 0.0007859545803512447
398.0 0.0008477232768200338
399.0 0.0006808060334151378
400.0 0.0005138884716870962
401.0 0.00014877707599225687
402.0 1.60789795106836e-10
403.0 1.60789795106836e-10
404.0 9.586228770785965e-05
405.0 0.0005362141564546619
406.0 0.0009765657523530535
407.0 0.0014801010365772527
408.0 0.001983636320801452
409.0 0.0016050238627940416
410.0 0.0012264113138371613
411.0 0.0009942167707777116
412.0 0.000762022227718262
413.0 0.0007728059244982433
414.0 0.0007835897122276947
415.0 0.0007983418072399218
416.0 0.0008130942660500295
417.0 0.0012662085282499902
418.0 0.0017193231542478316
419.0 0.002227594632131513
420.0 0.002735866110015195
421.0 0.004085052205482498
422.0 0.00543423775525298
423.0 0.008368019189219922
424.0 0.01130179880419746
425.0 0.015428499318659306
426.0 0.019555195467546582
427.0 0.020166675676591694
428.0 0.02077815734082833
429.0 0.015959407028276473
430.0 0.011140656715724617
431.0 0.007859816832933575
432.0 0.004578976950142533
433.0 0.0037478937883861363
434.0 0.002916810080932919
435.0 0.002322864020243287
436.0 0.0017289179595536552
437.0 0.001470728329877602
438.0 0.001212538882100489
439.0 0.0009947249054675922
440.0 0.0007769108378852252
441.0 0.001080140191334067
442.0 0.001383369726681849
443.0 0.0017279779058299027
444.0 0.0020725861759274267
445.0 0.001989853808481712
446.0 0.0019071216229349375
447.0 0.0016231480913120322
448.0 0.0013391750144364778
449.0 0.00129712634588941
450.0 0.0012550772225949913
451.0 0.00135830550789251
452.0 0.0014615337931900285
453.0 0.0014796776667935774
454.0 0.001497821449447656
455.0 0.00139965259222663
456.0 0.0013014840078540146
457.0 0.0008549838639737573
458.0 0.00040848376556823496
459.0 0.0006644748737016926
460.0 0.0009204660273098852
461.0 0.0015883686501183547
462.0 0.0022562710000784136
463.0 0.0029185683160903864
464.0 0.0035808658140012994
465.0 0.004597847510012798
466.0 0.005614828842226416
467.0 0.006256799679249525
468.0 0.006898771243868396
469.0 0.005928867176407948
470.0 0.004958964200341143
471.0 0.0037646343116648495
472.0 0.0025703044229885563
473.0 0.0020999972548452206
474.0 0.0016296897229040042
475.0 0.0013345993465918582
476.0 0.0010395092431281228
477.0 0.0008689680726092774
478.0 0.0006984269020904321
479.0 0.0009167505595542025
480.0 0.0011350741260685027
481.0 0.0008267045814136509
482.0 0.0005183352641324745
483.0 0.00062300855461217
484.0 0.0007276817086676601
485.0 0.0006530404789373279
486.0 0.0005783991127827903
487.0 0.0005438137122837361
488.0 0.0005092282663099468
489.0 0.0005458773557620589
490.0 0.000582526445214171
491.0 0.0007438780812663026
492.0 0.0009052297173184343
493.0 0.0009603091712051537
494.0 0.0010153886250918731
495.0 0.0009653773304307833
496.0 0.0009153660357696936
497.0 0.001081187747331569
498.0 0.0012470093679439742
499.0 0.0012684646208072081
500.0 0.0012899201465188526
501.0 0.001441586937289685
502.0 0.0015932540918583982
503.0 0.0019532359146978706
504.0 0.0023132179194362834
505.0 0.00279792002402246
506.0 0.0032826224924065173
507.0 0.003945421485695988
508.0 0.004608220115187578
509.0 0.005086689270683564
510.0 0.0055651573347859085
511.0 0.004956193515681662
512.0 0.0043472289689816535
513.0 0.0037376212276285514
514.0 0.0031280131224775687
515.0 0.002891358599299565
516.0 0.0026547042580205016
517.0 0.0025065171939786524
518.0 0.0023583297661389224
519.0 0.07653561187908053
520.0 0.08147144108079374
521.0 0.13317475095391273
522.0 0.12643900699913502
523.0 0.1619896967895329
524.0 0.12391068739816546
525.0 0.07736417464911938
526.0 0.1175763551145792
527.0 0.1249028486199677
528.0 0.133918144274503
529.0 0.18291169544681907
530.0 0.11451534228399396
531.0 0.1893016160465777
532.0 0.1918823574669659
533.0 0.2531759440898895
534.0 0.35924192052334547
535.0 0.4805359058082104
536.0 0.6256015971302986
537.0 0.9573184885084629
538.0 1.3673679903149605
539.0 2.2198067978024483
540.0 3.536476194858551
541.0 5.243193730711937
542.0 7.5508274137973785
543.0 10.5469711124897
544.0 14.143295586109161
545.0 18.281462788581848
546.0 23.26655238866806
547.0 29.51067090034485
548.0 37.11806237697601
549.0 45.174673199653625
550.0 52.13862657546997
551.0 59.86597537994385
552.0 65.47476053237915
553.0 70.39263248443604
554.0 74.8500645160675
555.0 78.74995470046997
556.0 82.68260359764099
557.0 85.61210632324219
558.0 88.77455592155457
559.0 91.71947836875916
560.0 92.41076707839966
561.0 94.53568458557129
562.0 95.55570483207703
563.0 95.0749158859253
564.0 95.58292627334595
565.0 95.04504203796387
566.0 95.67030668258667
567.0 95.44807076454163
568.0 95.91379761695862
569.0 96.23358249664307
570.0 95.80223560333252
571.0 96.67910933494568
572.0 96.62694334983826
573.0 96.74538969993591
574.0 96.59208059310913
575.0 96.68602347373962
576.0 97.09916710853577
577.0 97.03069925308228
578.0 97.10569977760315
579.0 96.81613445281982
580.0 96.42735719680786
581.0 96.06998562812805
582.0 96.85211777687073
583.0 96.45403027534485
584.0 96.1756944656372
585.0 96.17406725883484
586.0 96.42972350120544
587.0 95.99128365516663
588.0 96.34993076324463
589.0 97.29474186897278
590.0 96.58792614936829
591.0 95.73187232017517
592.0 95.72556614875793
593.0 95.36042809486389
594.0 95.81291675567627
595.0 96.2839663028717
596.0 96.98878526687622
597.0 97.16501235961914
598.0 96.54988050460815
599.0 96.60575985908508
600.0 96.78032994270325
601.0 95.9705114364624
602.0 96.628737449646
603.0 96.10588550567627
604.0 96.27265334129333
605.0 96.88335657119751
606.0 95.95090746879578
607.0 96.2150514125824
608.0 96.18414044380188
609.0 95.37887573242188
610.0 95.76340913772583
611.0 95.63813209533691
612.0 95.34187912940979
613.0 96.95220589637756
614.0 96.45406007766724
615.0 96.19459509849548
616.0 96.31552696228027
617.0 96.23250365257263
618.0 96.34634852409363
619.0 97.23471403121948
620.0 96.0383415222168
621.0 95.6133246421814
622.0 96.37128114700317
623.0 96.49718403816223
624.0 96.32654190063477
625.0 96.64990901947021
626.0 95.8960771560669
627.0 94.81586217880249
628.0 96.89353704452515
629.0 95.25805115699768
630.0 96.32172584533691
631.0 95.92648148536682
632.0 96.48844003677368
633.0 96.55900597572327
634.0 95.67906260490417
635.0 96.1720883846283
636.0 95.82281112670898
637.0 95.39555311203003
638.0 95.53837776184082
639.0 95.27696967124939
640.0 95.43665051460266
641.0 95.1797604560852
642.0 95.8795964717865
643.0 95.72270512580872
644.0 95.94928026199341
645.0 96.04191184043884
646.0 95.87296843528748
647.0 96.75783514976501
648.0 96.34722471237183
649.0 95.53619623184204
650.0 96.30883932113647
651.0 96.89908623695374
652.0 96.824049949646
653.0 95.529705286026
654.0 96.52644395828247
655.0 96.59188389778137
656.0 95.55901885032654
657.0 95.84230184555054
658.0 96.1064875125885
659.0 95.92447876930237
660.0 95.2742338180542
661.0 95.32896280288696
662.0 95.5577552318573
663.0 95.53545713424683
664.0 95.242840051651
665.0 95.20623087882996
666.0 94.89359855651855
667.0 95.72305083274841
668.0 94.91116404533386
669.0 95.6509530544281
670.0 95.29932141304016
671.0 95.86559534072876
672.0 95.31556367874146
673.0 95.2435553073883
674.0 95.11563777923584
675.0 95.38849592208862
676.0 95.18848061561584
677.0 94.07476782798767
678.0 93.70728731155396
679.0 92.51090288162231
680.0 92.06417798995972
681.0 90.31738638877869
682.0 88.20772171020508
683.0 85.63963770866394
684.0 82.20999836921692
685.0 78.67084741592407
686.0 75.0914454460144
687.0 70.39883732795715
688.0 66.20626449584961
689.0 61.410337686538696
690.0 56.220632791519165
691.0 52.09625959396362
692.0 47.519904375076294
693.0 43.12906861305237
694.0 38.25336992740631
695.0 33.12190771102905
696.0 27.71289050579071
697.0 22.784458100795746
698.0 17.030073702335358
699.0 12.45167851448059
700.0 8.846012502908707
701.0 5.585149303078651
702.0 3.5013683140277863
703.0 2.117537520825863
704.0 1.2024955824017525
705.0 0.7212426513433456
706.0 0.447721965610981
707.0 0.2650945680215955
708.0 0.209167692810297
709.0 0.1455020857974887
710.0 0.11531126219779253
711.0 0.07435393636114895
712.0 0.0799102708697319
713.0 0.047989480663090944
714.0 0.054543110309168696
715.0 0.07598100928589702
716.0 0.07238834514282644
717.0 0.04462946380954236
718.0 0.07735856925137341
719.0 0.039989594370126724
720.0 1.60789795106836e-10
721.0 0.004562096364679746
722.0 0.004288244235794991
723.0 0.004014392106910236
724.0 0.003738317172974348
725.0 0.0034622418752405792
726.0 0.0031835297704674304
727.0 0.0029048176656942815
728.0 0.002780598333629314
729.0 0.002656378819665406
730.0 0.002463777309458237
731.0 0.0022711757992510684
732.0 0.0022364598407875746
733.0 0.0022017440642230213
734.0 0.00212020368053345
735.0 0.0020386631149449386
736.0 0.0018659728084458038
737.0 0.0016932826838456094
738.0 0.0016697329556336626
739.0 0.0016461835912195966
740.0 0.0016020490875234827
741.0 0.0015579147657263093
742.0 0.0014539585208694916
743.0 0.0013500021850632038
744.0 0.0014084150279813912
745.0 0.0014668278708995786
746.0 0.0013855305951437913
747.0 0.001304233319388004
748.0 0.0011955196896451525
749.0 0.0010868059689528309
750.0 0.0010794537956826389
751.0 0.0010721018952608574
752.0 0.001108031483454397
753.0 0.0011439611625974067
754.0 0.001127197356254328
755.0 0.0011104340956080705
756.0 0.001090153818950057
757.0 0.001069873269443633
758.0 0.0010760457371361554
759.0 0.0010822182957781479
760.0 0.0010668372851796448
761.0 0.0010514565474295523
762.0 0.001027290454658214
763.0 0.0010031247256847564
764.0 0.0009725023119244725
765.0 0.0009418799891136587
766.0 0.0007789294613758102
767.0 0.0006159789336379617
768.0 0.0006310895059868926
769.0 0.0006461999419116182
770.0 0.0007337330316659063
771.0 0.0008212663487938698
772.0 0.0007478092811652459
773.0 0.0006743520771124167
774.0 0.000836622803035425
775.0 0.0009988934834836982
776.0 0.0009795820915314835
777.0 0.0009602707905287389
778.0 0.0009011001566250343
779.0 0.0008419297955697402
780.0 0.0007580912551929941
781.0 0.0006742527602909831
782.0 0.0007416439984808676
783.0 0.0008090352821454871
784.0 0.0008313539183291141
785.0 0.0008536722816643305
786.0 0.0007291795100172749
787.0 0.0006046867383702192
788.0 0.0006007749107084237
789.0 0.0005968632649455685
790.0 0.0006509311788249761
791.0 0.0007049990927043837
792.0 0.0007510760951845441
793.0 0.0007971530976647045
794.0 0.0008362937478523236
795.0 0.0008754340342420619
796.0 0.0007434129202010809
797.0 0.0006113917152106296
798.0 0.0007002476195339113
799.0 0.0007891035238571931
800.0 0.0007315672519325744
801.0 0.0006740307981090154
802.0 0.0006015179224050371
803.0 0.0005290047738526482
804.0 0.0006141071025922429
805.0 0.0006992094768065726
806.0 0.0006956330253160559
807.0 0.0006920566647750093
808.0 0.0007624572845088551
809.0 0.000832857949717436
810.0 0.0007467822797480039
811.0 0.0006607068371522473
812.0 0.0006520168426504824
813.0 0.0006433268026739825
814.0 0.0005374522515921853
815.0 0.00043157774598512333
816.0 0.0005670071459462633
817.0 0.0007024366368568735
818.0 0.0006523262527480256
819.0 0.0006022159141139127
820.0 0.000470325267087901
821.0 0.0003384346200618893
822.0 0.0004263708888174733
823.0 0.0005143072030477924
824.0 0.0005394422714743996
825.0 0.0005645772944262717
826.0 0.0006032736109773396
827.0 0.0006419698820536723
828.0 0.0004912448275717907
829.0 0.00034051963666570373
830.0 0.00017089460015995428
831.0 1.269592075914261e-06
832.0 1.60789795106836e-10
833.0 1.60789795106836e-10
834.0 1.60789795106836e-10
835.0 2.88753426502808e-05
836.0 0.0002508977786419564
837.0 0.0004729203283204697
838.0 0.0007206881491583772
839.0 0.0009684560609457549
840.0 0.001285333200939931
841.0 0.001602210249984637
842.0 0.002040177787421271
843.0 0.0024781453248579055
844.0 0.0023504855562350713
845.0 0.0022228259695111774
846.0 0.002185151788580697
847.0 0.0021474776076502167
848.0 0.002163686804124154
849.0 0.0021798960005980916
850.0 0.0019357496057637036
851.0 0.001691603392828256
852.0 0.001448980128770927
853.0 0.0012063564099662472
854.0 0.0010205151738773566
855.0 0.0008346734830411151
856.0 0.0006587197276530787
857.0 0.00048276601773977745
858.0 0.0005549171874008607
859.0 0.000627068357061944
860.0 0.0005146275725564919
861.0 0.0004021867425763048
862.0 0.00042385299821035005
863.0 0.0004455192083696602
864.0 0.0003190919642293011
865.0 0.0001926647883010446
866.0 0.00015131132613532827
867.0 0.00010995784123224439
868.0 0.00012771845376846613
869.0 0.00014547904356732033
870.0 6.978168016757991e-05
871.0 1.60789795106836e-10
872.0 1.60789795106836e-10
873.0 1.60789795106836e-10
874.0 1.60789795106836e-10
875.0 1.60789795106836e-10
876.0 1.60789795106836e-10
877.0 2.9565620707217022e-05
878.0 0.00011193532145625795
879.0 0.00019430499378358945
880.0 0.00014999694712969358
881.0 0.00010568887773843016
882.0 0.0001497111156822939
883.0 0.00019373337636352517
884.0 6.88679278937343e-05
885.0 1.60789795106836e-10
886.0 3.23574056437792e-05
887.0 0.00012071230912624742
888.0 0.00018465891571395332
889.0 0.0002486054881956079
890.0 0.00017700643866191967
891.0 0.00010540735502218013
892.0 1.60789795106836e-10
893.0 1.60789795106836e-10
894.0 1.60789795106836e-10
895.0 2.4412494781245186e-05
896.0 4.547282799194363e-05
897.0 6.653320383520622e-05
898.0 7.544546178905875e-05
899.0 8.43577140585694e-05
900.0 2.7526260737431585e-05
901.0 1.60789795106836e-10
902.0 1.60789795106836e-10
