lsstCam/transmission_filter_detector/r10_s10/r_57/19700101T000000.ecsv
# %ECSV 1.0
# ---
# datatype:
# - {name: wavelength, unit: nm, datatype: float32}
# - {name: efficiency, unit: '%', datatype: float64}
# meta: !!omap
# - {MODE: DETECTOR}
# - {TYPE: transmission_filter_detector}
# - {CALIBDATE: '1970-01-01T00:00:00'}
# - {INSTRUME: LSSTCam}
# - {OBSTYPE: transmission_filter_detector}
# - {CALIBCLS: lsst.ip.isr.IntermediateFilterDetectorTransmissionCurve}
# - {SOURCE: Materion (DM-46256)}
# - {DETECTOR: 30}
# - {FILTER: r_57}
# - {CALIB_ID: 'calibDate=1970-01-01T00:00:00 filter=r_57 detector=30'}
# - {DATE: '2025-04-02T15:59:44.323348'}
# - {CALIB_CREATION_DATE: '2025-04-02'}
# - {CALIB_CREATION_TIME: '15:59:44'}
# - __serialized_columns__:
#     efficiency:
#       __class__: astropy.units.quantity.Quantity
#       unit: !astropy.units.Unit {unit: '%'}
#       value: !astropy.table.SerializedColumn {name: efficiency}
#     wavelength:
#       __class__: astropy.units.quantity.Quantity
#       unit: !astropy.units.Unit {unit: nm}
#       value: !astropy.table.SerializedColumn {name: wavelength}
# schema: astropy-2.0
wavelength efficiency
[from data line 603]
903.0 1.9570621165310165e-10
904.0 1.9570621165310165e-10
905.0 4.467191558887862e-05
906.0 1.9570621165310165e-10
907.0 1.9570621165310165e-10
908.0 1.9570621165310165e-10
909.0 1.9570621165310165e-10
910.0 1.9570621165310165e-10
911.0 1.9570621165310165e-10
912.0 1.9570621165310165e-10
913.0 1.9570621165310165e-10
914.0 2.3614929034465604e-05
915.0 8.905689696803165e-05
916.0 7.425413173223205e-05
917.0 5.9451383549458114e-05
918.0 0.00010913587402683333
919.0 0.000158820341766841
920.0 9.256677913072053e-05
921.0 2.6313196599403454e-05
922.0 0.00014888006489854888
923.0 0.0002714469246711815
924.0 0.0002545842335166526
925.0 0.00023772156509949127
926.0 0.00023583461370435543
927.0 0.0002339476623092196
928.0 0.00023261811747943284
929.0 0.000231288527174911
930.0 0.000296104053632007
931.0 0.0003609196028264705
932.0 0.00017441237787352293
933.0 1.9570621165310165e-10
934.0 0.00013552646578318672
935.0 0.0002831476876963279
936.0 0.0003066229737669346
937.0 0.00033009825983754126
938.0 0.0003357260993652744
939.0 0.00034135398436774267
940.0 0.00031509534892393276
941.0 0.0002888367362174904
942.0 0.0003567447720342898
943.0 0.00042465285332582425
944.0 0.00035202119761379436
945.0 0.0002793896101138671
946.0 0.0003513880301397876
947.0 0.00042338642742834054
948.0 0.000525395262229722
949.0 0.0006274041879805736
950.0 0.0005821651484438917
951.0 0.0005369260634324746
952.0 0.000682542122376617
953.0 0.0008281582267954946
954.0 0.001157072347268695
955.0 0.0014859866496408358
956.0 0.001542983045510482
957.0 0.0015999794413801283
958.0 0.0016780699297669344
959.0 0.0017561609638505615
960.0 0.0018889168131863698
961.0 0.002021673026320059
962.0 0.0021751880922238342
963.0 0.0023287035219254903
964.0 0.0023391605282085948
965.0 0.0023496171706938185
966.0 0.0023019772925181314
967.0 0.002254337232443504
968.0 0.0022455305952462368
969.0 0.00223672413994791
970.0 0.002343204141652677
971.0 0.0024496846890542656
972.0 0.0025430923415115103
973.0 0.002636499448271934
974.0 0.0029324586648726836
975.0 0.003228417699574493
976.0 0.0033156309655169025
977.0 0.0034028435038635507
978.0 0.003339115937706083
979.0 0.0032753883715486154
980.0 0.003249951987527311
981.0 0.0032245163311017677
982.0 0.0033125226764241233
983.0 0.003400529021746479
984.0 0.0033284817618550733
985.0 0.0032564348657615483
986.0 0.0031397954444400966
987.0 0.0030231556593207642
988.0 0.0028410622689989395
989.0 0.002658968878677115
990.0 0.0026451083613210358
991.0 0.002631248025863897
992.0 0.0027140325983054936
993.0 0.002796817534544971
994.0 0.002815572952385992
995.0 0.002834328006429132
996.0 0.002866962313419208
997.0 0.0028995964385103434
998.0 0.003028611172339879
999.0 0.0031576259061694145
1000.0 0.0032812989957164973
1001.0 0.003404972449061461
1002.0 0.0036548353818943724
1003.0 0.003904698314727284
1004.0 0.00397312905988656
1005.0 0.004041559805045836
1006.0 0.004281362635083497
1007.0 0.004521165828919038
1008.0 0.004462166907615028
1009.0 0.0044031679863110185
1010.0 0.0043976899178233
1011.0 0.004392212213133462
1012.0 0.00433997338404879
1013.0 0.004287734191166237
1014.0 0.004006848394055851
1015.0 0.003725962233147584
1016.0 0.0035292760003358126
1017.0 0.003332590131321922
1018.0 0.0029153536161174998
1019.0 0.0024981174647109583
1020.0 0.002115014285664074
1021.0 0.0017319109247182496
1022.0 0.0015138106391532347
1023.0 0.0012957100807398092
1024.0 0.0013653557289217133
1025.0 0.0014350014680530876
1026.0 0.0013063506230537314
1027.0 0.0011776995052059647
1028.0 0.0010987819223373663
1029.0 0.0010198640666203573
1030.0 0.0009545935427013319
1031.0 0.0008893223821360152
1032.0 0.0008760246601013932
1033.0 0.0008627266652183607
1034.0 0.0008049564712564461
1035.0 0.0007471860044461209
1036.0 0.0008416283890255727
1037.0 0.0009360704098071437
1038.0 0.0008657209946250077
1039.0 0.0007953717613418121
1040.0 0.0008542116120224819
1041.0 0.0009130514627031516
1042.0 0.0010093662240251433
1043.0 0.001105680530599784
1044.0 0.0010373312761657871
1045.0 0.0009689822036307305
1046.0 0.000978182470134925
1047.0 0.0009873830094875302
1048.0 0.0008185037586372346
1049.0 0.0006496244168374687
1050.0 0.0007291560450539691
1051.0 0.0008086874913715292
1052.0 0.001153296761913225
1053.0 0.0014979054867580999
1054.0 0.0011668980732792988
1055.0 0.0008358904779015575
1056.0 0.0009230109753843863
1057.0 0.0010101318366650958
1058.0 0.000964804166869726
1059.0 0.0009194767699227668
1060.0 0.0012909918041259516
1061.0 0.0016625062926323153
1062.0 0.0017234926417586394
1063.0 0.0017844789908849634
1064.0 0.0012276503184693865
1065.0 0.000670821282255929
1066.0 0.0010611864126985893
1067.0 0.0014515515431412496
1068.0 0.001578939554747194
1069.0 0.0017063272025552578
1070.0 0.0012493285794334952
1071.0 0.0007923298653622624
1072.0 0.0011242810614930931
1073.0 0.0014562324395228643
1074.0 0.00210766611417057
1075.0 0.002759099515969865
1076.0 0.003069168087677099
1077.0 0.0033792366593843326
1078.0 0.003851064684567973
1079.0 0.004322893073549494
1080.0 0.004160798198427074
1081.0 0.0039987029595067725
1082.0 0.0038863709050929174
1083.0 0.0037740388506790623
1084.0 0.004378979065222666
1085.0 0.004983918915968388
1086.0 0.00509250421600882
1087.0 0.00520108915225137
1088.0 0.005219746162765659
1089.0 0.005238403537077829
1090.0 0.005070470069767907
1091.0 0.004902536602457985
1092.0 0.0041953957406803966
1093.0 0.003488254878902808
1094.0 0.004123936014366336
1095.0 0.004759617513627745
1096.0 0.0035912391467718408
1097.0 0.002422860598016996
1098.0 0.001751300078467466
1099.0 0.0010797398317663465
1100.0 0.001276558487006696
1101.0 0.0014733768693986349
