lsstCam/transmission_filter_detector/r10_s10/r_57/19700101T000000.ecsv
# %ECSV 1.0
# ---
# datatype:
# - {name: wavelength, unit: nm, datatype: float32}
# - {name: efficiency, unit: '%', datatype: float64}
# meta: !!omap
# - {MODE: DETECTOR}
# - {TYPE: transmission_filter_detector}
# - {CALIBDATE: '1970-01-01T00:00:00'}
# - {INSTRUME: LSSTCam}
# - {OBSTYPE: transmission_filter_detector}
# - {CALIBCLS: lsst.ip.isr.IntermediateFilterDetectorTransmissionCurve}
# - {SOURCE: Materion (DM-46256)}
# - {DETECTOR: 30}
# - {FILTER: r_57}
# - {CALIB_ID: 'calibDate=1970-01-01T00:00:00 filter=r_57 detector=30'}
# - {DATE: '2025-04-02T15:59:44.323348'}
# - {CALIB_CREATION_DATE: '2025-04-02'}
# - {CALIB_CREATION_TIME: '15:59:44'}
# - __serialized_columns__:
#     efficiency:
#       __class__: astropy.units.quantity.Quantity
#       unit: !astropy.units.Unit {unit: '%'}
#       value: !astropy.table.SerializedColumn {name: efficiency}
#     wavelength:
#       __class__: astropy.units.quantity.Quantity
#       unit: !astropy.units.Unit {unit: nm}
#       value: !astropy.table.SerializedColumn {name: wavelength}
# schema: astropy-2.0
wavelength efficiency
300.0 0.00321246734529268
301.0 0.00840189604787156
302.0 0.013591322931461036
303.0 0.016866652003955096
304.0 0.020141979621257633
305.0 0.01806974469218403
306.0 0.015997508307918906
307.0 0.013680881238542497
308.0 0.011364252713974565
309.0 0.010631467011990026
310.0 0.009898682037601247
311.0 0.00917130964808166
312.0 0.008443937258562073
313.0 0.00791586353443563
314.0 0.007387791265500709
315.0 0.0067628185206558555
316.0 0.006137845775811002
317.0 0.005648625665344298
318.0 0.005159405918675475
319.0 0.005005161074222997
320.0 0.00485091695736628
321.0 0.004691227513831109
322.0 0.0045315391616895795
323.0 0.0043024254409829155
324.0 0.004073311356478371
325.0 0.0039393013139488176
326.0 0.003805290543823503
327.0 0.0038565154682146385
328.0 0.003907740756403655
329.0 0.0038804453652119264
330.0 0.0038531481550307944
331.0 0.003381282658665441
332.0 0.002909416434704326
333.0 0.0026003042876254767
334.0 0.002291191049152985
335.0 0.0021521158487303182
336.0 0.002013040466408711
337.0 0.001913209598569665
338.0 0.0018133787307306193
339.0 0.0017298962120548822
340.0 0.0016464136933791451
341.0 0.0016495538147864863
342.0 0.0016526939361938275
343.0 0.001560048622195609
344.0 0.0014674033081973903
345.0 0.0013709914128412493
346.0 0.0012745797903335188
347.0 0.0012974724995729048
348.0 0.0013203651178628206
349.0 0.001221765523951035
350.0 0.00568060640944168
351.0 0.006144781218608841
352.0 0.0066089553001802415
353.0 0.005807699562865309
354.0 0.005006444553146139
355.0 0.004855236693401821
356.0 0.004704029197455384
357.0 0.0066864522523246706
358.0 0.008668875670991838
359.0 0.0061754843045491725
360.0 0.0036820922105107456
361.0 0.002458144081174396
362.0 0.0012341960427875165
363.0 0.002783173113130033
364.0 0.00433215027442202
365.0 0.0042771021981025115
366.0 0.004222054849378765
367.0 0.0033584958146093413
368.0 0.0024949365979409777
369.0 0.002043745007540565
370.0 0.0015925535990390927
371.0 0.0022532785806106403
372.0 0.0029140037440811284
373.0 0.0032275023841066286
374.0 0.0035410004784353077
375.0 0.00316278928949032
376.0 0.0027845788281410933
377.0 0.0012757147487718612
378.0 1.9570621165310165e-10
379.0 0.0007530590664828196
380.0 0.00173926746356301
381.0 0.0026797868486028165
382.0 0.003620306233642623
383.0 0.003572882997104898
384.0 0.003525460124365054
385.0 0.004558084037853405
386.0 0.005590707223745994
387.0 0.004893901859759353
388.0 0.004197096131974831
389.0 0.0036030705814482644
390.0 0.003009044303325936
391.0 0.0022703012291458435
392.0 0.0015315581549657509
393.0 0.0015573512428090908
394.0 0.0015831437849556096
395.0 0.001154108849732438
396.0 0.0007250738235597964
397.0 0.0007514645403716713
398.0 0.0007778556209814269
399.0 0.000639701784166391
400.0 0.0005015474471292691
401.0 0.00024374749045819044
402.0 1.9570621165310165e-10
403.0 0.00016113588117150357
404.0 0.0003363251607879647
405.0 0.0007053079571051057
406.0 0.0010742903214122634
407.0 0.0015979248928488232
408.0 0.002121559373335913
409.0 0.0018933194951387122
410.0 0.0016650796169415116
411.0 0.0012056020750605967
412.0 0.0007461245331796817
413.0 0.0007672006177017465
414.0 0.0007882765203248709
415.0 0.0006915973244758788
416.0 0.0005949184014752973
417.0 0.0012219900781929027
418.0 0.0018490623915567994
419.0 0.0023503060219809413
420.0 0.0028515498343040235
421.0 0.004439293843461201
422.0 0.006027037670719437
423.0 0.00941336402320303
424.0 0.012799690011888742
425.0 0.01698322594165802
426.0 0.021166760416235775
427.0 0.021476161782629788
428.0 0.02178556751459837
429.0 0.016588837024755776
430.0 0.01139210580731742
431.0 0.008299542969325557
432.0 0.0052069794037379324
433.0 0.004209429971524514
434.0 0.0032118801755132154
435.0 0.0025528890546411276
436.0 0.0018938977518700995
437.0 0.0017781881979317404
438.0 0.0016624790077912621
439.0 0.0012171004527772311
440.0 0.0007717218977632001
441.0 0.0011064070349675603
442.0 0.0014410921721719205
443.0 0.0017362795915687457
444.0 0.0020314673747634515
445.0 0.001889587838377338
446.0 0.0017477083019912243
447.0 0.0016861089534359053
448.0 0.0016245096048805863
449.0 0.0017470199964009225
450.0 0.0018695298422244377
451.0 0.0018908167476183735
452.0 0.0019121038349112496
453.0 0.0017300410036114044
454.0 0.0015479783542104997
455.0 0.001365162188449176
456.0 0.0011823461136373226
457.0 0.0008690004506206606
458.0 0.0005556548330787336
459.0 0.0008258670277427882
460.0 0.0010960790859826375
461.0 0.0018363925846642815
462.0 0.0025767059923964553
463.0 0.00333185053023044
464.0 0.004086994886165485
465.0 0.00516409709234722
466.0 0.006241200026124716
467.0 0.006787972233723849
468.0 0.007334745896514505
469.0 0.006224691605893895
470.0 0.005114639498060569
471.0 0.0038714275433449075
472.0 0.0026282150429324247
473.0 0.002189211591030471
474.0 0.0017502075934316963
475.0 0.0014619086869060993
476.0 0.0011736099622794427
477.0 0.0009458876775170211
478.0 0.0007181652108556591
479.0 0.0009156850865110755
480.0 0.0011132046893180814
481.0 0.0008783013072388712
482.0 0.0006433980161091313
483.0 0.0006868244781799149
484.0 0.0007302508038264932
485.0 0.000652470089335111
486.0 0.0005746891929447884
487.0 0.0006003375801810762
488.0 0.0006259857855184237
489.0 0.0006223621312528849
490.0 0.000618738431512611
491.0 0.000782047300162958
492.0 0.0009453560778638348
493.0 0.0010676024430722464
494.0 0.001189848808280658
495.0 0.001025250821840018
496.0 0.0008606529263488483
497.0 0.001162123771791812
498.0 0.0014635944353358354
499.0 0.0014178966921463143
500.0 0.0013721990399062634
501.0 0.0015476585758733563
502.0 0.0017231182937393896
503.0 0.0021528017896343954
504.0 0.002582485285529401
505.0 0.0031766074243932962
506.0 0.0037707297451561317
507.0 0.004454776717466302
508.0 0.005138823689776473
509.0 0.005585593680734746
510.0 0.0060323625802993774
511.0 0.005276711090118624
512.0 0.004521059599937871
513.0 0.003886235208483413
514.0 0.0032514111808268353
515.0 0.0030783616239205003
516.0 0.0029053122489131056
517.0 0.00271379467449151
518.0 0.0025222767362720333
519.0 0.0671131128910929
520.0 0.04195135261397809
521.0 0.08810918661765754
522.0 0.01000230695353821
523.0 0.11464416747912765
524.0 0.08581139263696969
525.0 0.12391250347718596
526.0 0.0965588609687984
527.0 0.12109216768294573
528.0 0.11798565974459052
529.0 0.13922335347160697
530.0 0.2388826571404934
531.0 0.20906664431095123
532.0 0.33997674472630024
533.0 0.37852737586945295
534.0 0.5155556369572878
535.0 0.8224379271268845
536.0 1.3098333030939102
537.0 2.006238140165806
538.0 2.984761632978916
539.0 4.576210677623749
540.0 6.926099210977554
541.0 9.529576450586319
542.0 12.878356873989105
543.0 17.22605973482132
544.0 22.549469769001007
545.0 28.518298268318176
546.0 35.600489377975464
547.0 43.26557815074921
548.0 51.7553448677063
549.0 59.550946950912476
550.0 65.02702832221985
551.0 71.11198902130127
552.0 74.56125020980835
553.0 78.38085889816284
554.0 81.7381203174591
555.0 85.2962076663971
556.0 88.66606950759888
557.0 90.82244634628296
558.0 93.19838285446167
559.0 95.09980082511902
560.0 94.81084942817688
561.0 95.9132432937622
562.0 96.07531428337097
563.0 95.22513747215271
564.0 95.55298089981079
565.0 95.54040431976318
566.0 96.15830183029175
567.0 96.00640535354614
568.0 96.52888774871826
569.0 97.05474972724915
570.0 96.69221639633179
571.0 97.4448561668396
572.0 97.13934659957886
573.0 97.09045886993408
574.0 97.32081294059753
575.0 97.22198843955994
576.0 97.88684844970703
577.0 97.31705784797668
578.0 97.46482968330383
579.0 97.56789207458496
580.0 96.87089920043945
581.0 96.6549813747406
582.0 96.91061973571777
583.0 96.97873592376709
584.0 96.55335545539856
585.0 96.71955704689026
586.0 96.86822891235352
587.0 96.91902995109558
588.0 96.52411937713623
589.0 97.79080748558044
590.0 96.69923186302185
591.0 96.41830325126648
592.0 96.37984037399292
593.0 96.17775082588196
594.0 96.64272665977478
595.0 96.75355553627014
596.0 97.2147285938263
597.0 97.8360116481781
598.0 97.15030193328857
599.0 97.13832139968872
600.0 97.4270224571228
601.0 96.24985456466675
602.0 96.90236449241638
603.0 96.56046628952026
604.0 96.2602972984314
605.0 97.32972979545593
606.0 96.36949896812439
607.0 96.58088684082031
608.0 96.64414525032043
609.0 95.87666392326355
610.0 96.05050086975098
611.0 95.90203762054443
612.0 96.46689295768738
613.0 96.98284268379211
614.0 97.10977077484131
615.0 96.30876183509827
616.0 96.50073051452637
617.0 96.68153524398804
618.0 96.67826294898987
619.0 97.33754396438599
620.0 96.38335108757019
621.0 95.90535163879395
622.0 96.79606556892395
623.0 97.0951497554779
624.0 96.58767580986023
625.0 96.92438244819641
626.0 96.44319415092468
627.0 95.6113874912262
628.0 98.03104400634766
629.0 95.71771025657654
630.0 96.54054045677185
631.0 96.53766751289368
632.0 97.12194204330444
633.0 96.96112871170044
634.0 95.95422744750977
635.0 96.56042456626892
636.0 96.4307188987732
637.0 95.79721093177795
638.0 95.69472670555115
639.0 95.51962614059448
640.0 95.95034718513489
641.0 95.8881139755249
642.0 96.25476002693176
643.0 96.42377495765686
644.0 96.27380967140198
645.0 96.49055004119873
646.0 96.64407968521118
647.0 97.5751280784607
648.0 96.71947956085205
649.0 95.92432379722595
650.0 96.93378806114197
651.0 96.84739112854004
652.0 97.25534319877625
653.0 96.20079398155212
654.0 97.06883430480957
655.0 96.83602452278137
656.0 95.86970806121826
657.0 96.14288806915283
658.0 96.49162888526917
659.0 96.43386006355286
660.0 95.8028495311737
661.0 95.81272006034851
662.0 96.0026502609253
663.0 95.82815766334534
664.0 95.63136100769043
665.0 95.66234350204468
666.0 95.60289978981018
667.0 95.95024585723877
668.0 95.43233513832092
669.0 95.85095643997192
670.0 95.7886815071106
671.0 95.75971364974976
672.0 95.40148973464966
673.0 95.71449160575867
674.0 95.07250189781189
675.0 95.60537934303284
676.0 95.0954258441925
677.0 93.47422122955322
678.0 92.66576766967773
679.0 91.47680401802063
680.0 90.39993286132812
681.0 88.95986676216125
682.0 86.3701581954956
683.0 83.03034901618958
684.0 79.46153283119202
685.0 75.52995681762695
686.0 71.3419497013092
687.0 66.53217077255249
688.0 62.41030693054199
689.0 58.067917823791504
690.0 53.133606910705566
691.0 49.455416202545166
692.0 44.673433899879456
693.0 39.96770679950714
694.0 34.51269567012787
695.0 28.759866952896118
696.0 22.952614724636078
697.0 17.74737685918808
698.0 12.200095504522324
699.0 8.25752392411232
700.0 5.364391952753067
701.0 3.2188497483730316
702.0 1.881558820605278
703.0 1.073617860674858
704.0 0.6139129400253296
705.0 0.36703646183013916
706.0 0.26448466815054417
707.0 0.21309414878487587
708.0 0.09963841876015067
709.0 0.09196391911245883
710.0 0.08746339590288699
711.0 0.07237319950945675
712.0 0.032536202343180776
713.0 0.04785450582858175
714.0 0.011760772758862004
715.0 0.06656247423961759
716.0 0.021254255261737853
717.0 0.03478032595012337
718.0 0.043920084135606885
719.0 0.04040036874357611
720.0 1.9570621165310165e-10
721.0 0.004347632784629241
722.0 0.0040870014345273376
723.0 0.003826370448223315
724.0 0.0035286717320559546
725.0 0.003230973379686475
726.0 0.002983404374390375
727.0 0.002735835369094275
728.0 0.0025883093258016743
729.0 0.0024407831006101333
730.0 0.0022966236429056153
731.0 0.002152464548998978
732.0 0.0021175703295739368
733.0 0.0020826761101488955
734.0 0.001998366496991366
735.0 0.001914056520035956
736.0 0.0017425030819140375
737.0 0.0015709496437921189
738.0 0.0015903722669463605
739.0 0.001609794890100602
740.0 0.0015718132999609224
741.0 0.0015338317098212428
742.0 0.0014032346371095628
743.0 0.0012726375643978827
744.0 0.0013351436791708693
745.0 0.0013976495210954454
746.0 0.0013116240552335512
747.0 0.001225598589371657
748.0 0.0010999090591212735
749.0 0.0009742193469719496
750.0 0.0009599007171345875
751.0 0.0009455823601456359
752.0 0.0010462897989782505
753.0 0.001146997237810865
754.0 0.0011252220247115474
755.0 0.0011034472663595807
756.0 0.0010342962013965007
757.0 0.0009651449545344803
758.0 0.0009885753570415545
759.0 0.0010120056685991585
760.0 0.0010360821761423722
761.0 0.0010601590474834666
762.0 0.0010730287613114342
763.0 0.0010858988389372826
764.0 0.0010253306754748337
765.0 0.000964762602961855
766.0 0.0007770365300530102
767.0 0.0005893105480936356
768.0 0.0005957599569228478
769.0 0.0006022092748025898
770.0 0.000702864190316177
771.0 0.0008035193786781747
772.0 0.000704813555785222
773.0 0.000606107596468064
774.0 0.0007306538009288488
775.0 0.0008551999599148985
776.0 0.0008622113455203362
777.0 0.000869222822075244
778.0 0.0008695809810888022
779.0 0.0008699392310518306
780.0 0.0007360053132288158
781.0 0.0006020714408805361
782.0 0.0006648825547017623
783.0 0.0007276936230482534
784.0 0.0007791131793055683
785.0 0.0008305324627144728
786.0 0.0007561659003840759
787.0 0.0006817993380536791
788.0 0.000649065395919024
789.0 0.0006163316811580444
790.0 0.0006595240847673267
791.0 0.000702716488376609
792.0 0.0007284499588422477
793.0 0.0007541834293078864
794.0 0.0007950113285914995
795.0 0.0008358389095519669
796.0 0.0006413936716853641
797.0 0.0004469483428692911
798.0 0.000613046813668916
799.0 0.0007791452844685409
800.0 0.0007468316198355751
801.0 0.000714517773303669
802.0 0.0005881962351850234
803.0 0.0004618744242179673
804.0 0.0006155657956696814
805.0 0.0007692572580708656
806.0 0.0006579781256732531
807.0 0.0005466991296998458
808.0 0.0006366885827446822
809.0 0.0007266779903147835
810.0 0.0006521077011711895
811.0 0.0005775376848760061
812.0 0.000648950481263455
813.0 0.0007203632321761688
814.0 0.0005755948677688139
815.0 0.0004308265033614589
816.0 0.0005782208518212428
817.0 0.000725615336705232
818.0 0.0006324288278847234
819.0 0.0005392422735894797
820.0 0.0004306053597247228
821.0 0.0003219684685973334
822.0 0.00038775833672843874
823.0 0.0004535482730716467
824.0 0.0004395292762637837
825.0 0.00042551032493065577
826.0 0.00047714179345348384
827.0 0.0005287732165015768
828.0 0.0004129242825001711
829.0 0.00029707539397350047
830.0 0.00019763199361477746
831.0 9.818861599342199e-05
832.0 7.21733272257552e-05
833.0 4.6158029931575584e-05
834.0 2.6238788564114657e-05
835.0 6.319519485487035e-06
836.0 0.00026588747914502164
837.0 0.0005254556072031846
838.0 0.0006835979093011701
839.0 0.0008417401659244206
840.0 0.0012490878361859359
841.0 0.0016564352335990407
842.0 0.002561830660852138
843.0 0.003467225906206295
844.0 0.0038663427403662354
845.0 0.004265459210728295
846.0 0.00429531755798962
847.0 0.004325175905250944
848.0 0.0036845463910140097
849.0 0.003043916331080254
850.0 0.002279467116750311
851.0 0.0015150171748246066
852.0 0.0013121004485583398
853.0 0.0011091833584941924
854.0 0.0010365903108322527
855.0 0.0009639968993724324
856.0 0.000752531423131586
857.0 0.0005410659923654748
858.0 0.0005985197731206426
859.0 0.0006559734629263403
860.0 0.0005668686753779184
861.0 0.00047776379688002635
862.0 0.0004402962076710537
863.0 0.000402828572987346
864.0 0.0003160877440677723
865.0 0.0002293469606229337
866.0 0.00018902862848335644
867.0 0.00014871026223772787
868.0 0.0001553155811961915
869.0 0.00016192087741728756
870.0 8.149003178914427e-05
871.0 1.059162357819332e-06
872.0 1.9570621165310165e-10
873.0 1.9570621165310165e-10
874.0 1.9570621165310165e-10
875.0 1.9570621165310165e-10
876.0 1.9570621165310165e-10
877.0 5.9153836673431215e-05
878.0 0.00016146864254551474
879.0 0.00026378340862720506
880.0 0.00021688772449124372
881.0 0.00016999199488054728
882.0 0.00014370236840477446
883.0 0.00011741278740373673
884.0 4.805476692126831e-05
885.0 1.9570621165310165e-10
886.0 6.763975193280203e-05
887.0 0.0001565827005833853
888.0 0.0002301617996636196
889.0 0.00030374087600648636
890.0 0.0002517536586310598
891.0 0.0001997664185182657
892.0 7.683642593292461e-05
893.0 1.9570621165310165e-10
894.0 1.3021156064496608e-05
895.0 7.213588446575159e-05
896.0 5.595873631136783e-05
897.0 3.9781639316061046e-05
898.0 5.962161822026246e-05
899.0 7.946160280880576e-05
900.0 6.191795591803384e-05
901.0 4.437430618509097e-05
