lsstCam/transmission_filter_detector/r33_s22/i_39/19700101T000000.ecsv
# %ECSV 1.0
# ---
# datatype:
# - {name: wavelength, unit: nm, datatype: float32}
# - {name: efficiency, unit: '%', datatype: float64}
# meta: !!omap
# - {MODE: DETECTOR}
# - {TYPE: transmission_filter_detector}
# - {CALIBDATE: '1970-01-01T00:00:00'}
# - {INSTRUME: LSSTCam}
# - {OBSTYPE: transmission_filter_detector}
# - {CALIBCLS: lsst.ip.isr.IntermediateFilterDetectorTransmissionCurve}
# - {SOURCE: Materion (DM-46256)}
# - {DETECTOR: 152}
# - {FILTER: i_39}
# - {CALIB_ID: 'calibDate=1970-01-01T00:00:00 filter=i_39 detector=152'}
# - {DATE: '2025-04-02T15:59:47.183426'}
# - {CALIB_CREATION_DATE: '2025-04-02'}
# - {CALIB_CREATION_TIME: '15:59:47'}
# - __serialized_columns__:
#     efficiency:
#       __class__: astropy.units.quantity.Quantity
#       unit: !astropy.units.Unit {unit: '%'}
#       value: !astropy.table.SerializedColumn {name: efficiency}
#     wavelength:
#       __class__: astropy.units.quantity.Quantity
#       unit: !astropy.units.Unit {unit: nm}
#       value: !astropy.table.SerializedColumn {name: wavelength}
# schema: astropy-2.0
wavelength efficiency
300.0 1.6244841843232605e-10
301.0 0.002397935895714909
302.0 0.017877724894788116
303.0 0.01955740444827825
304.0 0.02123708836734295
305.0 0.018143656780011952
306.0 0.015050225192680955
307.0 0.015223251830320805
308.0 0.01539627555757761
309.0 0.009777800732990727
310.0 0.004159326999797486
311.0 1.6244841843232605e-10
312.0 1.6244841843232605e-10
313.0 1.6244841843232605e-10
314.0 1.6244841843232605e-10
315.0 0.0003631527988545713
316.0 0.003003159690706525
317.0 0.0021159521566005424
318.0 0.0012287451681913808
319.0 0.004105280822841451
320.0 0.006981813930906355
321.0 0.0023561146008432843
322.0 1.6244841843232605e-10
323.0 1.6244841843232605e-10
324.0 0.0018189755792263895
325.0 0.0022217696823645383
326.0 0.0026245636036037467
327.0 0.0018856015230994672
328.0 0.001146640170190949
329.0 0.0014632420061388984
330.0 0.0017798440239857882
331.0 0.0017991393178817816
332.0 0.001818434066080954
333.0 0.0019172492102370597
334.0 0.0020160643543931656
335.0 0.0012800024705938995
336.0 0.0005439400410978124
337.0 0.0019421515389694832
338.0 0.003340363400639035
339.0 0.0017799829947762191
340.0 0.00021960258891340345
341.0 0.00012418646520018228
342.0 2.8770190851901134e-05
343.0 6.0116195754744695e-05
344.0 9.146233423962258e-05
345.0 0.0006906931048433762
346.0 0.0012899238754471298
347.0 0.0007257556262629805
348.0 0.00016158713833647198
349.0 0.00024467210550938034
350.0 0.00032775717500044266
351.0 0.0002056410266959574
352.0 8.352459417437785e-05
353.0 1.6244841843232605e-10
354.0 1.6244841843232605e-10
355.0 0.000501386830364936
356.0 0.001247272393811727
357.0 1.6244841843232605e-10
358.0 1.6244841843232605e-10
359.0 1.6244841843232605e-10
360.0 0.0002660165364432032
361.0 8.17018076304521e-05
362.0 1.6244841843232605e-10
363.0 1.6244841843232605e-10
364.0 1.6244841843232605e-10
365.0 1.6244841843232605e-10
366.0 0.00024408641365880612
367.0 0.0002021309455813025
368.0 0.00016017554571590154
369.0 1.6244841843232605e-10
370.0 1.6244841843232605e-10
371.0 1.6244841843232605e-10
372.0 1.6244841843232605e-10
373.0 1.6244841843232605e-10
374.0 0.00026327722935093334
375.0 0.00035164107430318836
376.0 0.000440004987467546
377.0 0.0008268150850199163
378.0 0.0012136251825722866
379.0 0.001069284371624235
380.0 0.0009249434697267134
381.0 0.00038981629586487543
382.0 1.6244841843232605e-10
383.0 1.6244841843232605e-10
384.0 1.6244841843232605e-10
385.0 0.00017097551108236075
386.0 0.00040647196328791324
387.0 0.00015763874898766517
388.0 1.6244841843232605e-10
389.0 1.6244841843232605e-10
390.0 1.6244841843232605e-10
391.0 1.6244841843232605e-10
392.0 1.6244841843232605e-10
393.0 1.6244841843232605e-10
394.0 0.0005396457709139213
395.0 0.0007140537945815595
396.0 0.0008884619091986679
397.0 0.0005094957487017382
398.0 0.00013052965641691117
399.0 0.0008696001714270096
400.0 0.0016086707546492107
401.0 0.001335324577667052
402.0 0.001061977854988072
403.0 0.0026456693376530893
404.0 0.004229359547025524
405.0 0.003674761683214456
406.0 0.003120164546999149
407.0 0.0033357180655002594
408.0 0.0035512719477992505
409.0 0.0031382092856802046
410.0 0.0027251466235611588
411.0 0.0024684062736923806
412.0 0.0022116664695204236
413.0 0.003310762986075133
414.0 0.004409860412124544
415.0 0.005352998414309695
416.0 0.006296136416494846
417.0 0.00573595316382125
418.0 0.005175768819754012
419.0 0.002991301516885869
420.0 0.0008068338502198458
421.0 0.002804677751555573
422.0 0.00480252128909342
423.0 0.004820164394914173
424.0 0.0048378071369370446
425.0 0.004856373561779037
426.0 0.00487493998662103
427.0 0.004847959644393995
428.0 0.004820979302166961
429.0 0.0037912606785539538
430.0 0.0027615420549409464
431.0 0.0034034190321108326
432.0 0.0040452963730786
433.0 0.003059857408516109
434.0 0.00207441917154938
435.0 0.002029330971708987
436.0 0.0019842431356664747
437.0 0.0014707629816257395
438.0 0.0009572829185344744
439.0 0.0015359897588496096
440.0 0.0021146968720131554
441.0 0.0014307739547803067
442.0 0.0007468513558706036
443.0 0.0012566742043418344
444.0 0.0017664968254393898
445.0 0.000850479682412697
446.0 1.6244841843232605e-10
447.0 0.0003486181412881706
448.0 0.0007627738341398071
449.0 0.0008222948963521048
450.0 0.0008818155038170516
451.0 0.0009086192221730016
452.0 0.0009354232133773621
453.0 0.0007215398909465875
454.0 0.0005076567049400182
455.0 0.0006457301878981525
456.0 0.0007838036253815517
457.0 0.0005677217359334463
458.0 0.00035163957363693044
459.0 0.0004035755864606472
460.0 0.0004555115992843639
461.0 0.0004184560566500295
462.0 0.00038140055949043017
463.0 0.00037951997455820674
464.0 0.0003776393896259833
465.0 0.00024028174721024698
466.0 0.0001029243662742374
467.0 0.00023299089662032202
468.0 0.0003630573246482527
469.0 0.0005832258466398343
470.0 0.0008033944141061511
471.0 0.0005682465598511044
472.0 0.00033309897844446823
473.0 0.00035484470117808087
474.0 0.00037659044664906105
475.0 0.00028399906568665756
476.0 0.00019140768472425407
477.0 0.0004939206519338768
478.0 0.0007964336873556022
479.0 0.0008532316314813215
480.0 0.0009100296665565111
481.0 0.0013047164429735858
482.0 0.0016994034012896009
483.0 0.002725628473854158
484.0 0.003751853000721894
485.0 0.004768824874190614
486.0 0.005785795656265691
487.0 0.007948825805215165
488.0 0.010111855226568878
489.0 0.013651572226081043
490.0 0.01719128922559321
491.0 0.020765996305271983
492.0 0.024340706295333803
493.0 0.026865769177675247
494.0 0.02939083206001669
495.0 0.02781638177111745
496.0 0.02624193439260125
497.0 0.021872080105822533
498.0 0.017502225819043815
499.0 0.01295716647291556
500.0 0.008412106399191543
501.0 0.005632712782244198
502.0 0.0028533175282063894
503.0 0.0021509005819098093
504.0 0.0014484836356132291
505.0 0.001512157905381173
506.0 0.001575831811351236
507.0 0.0018578784874989651
508.0 0.002139924981747754
509.0 0.002223185947514139
510.0 0.0023064470951794647
511.0 0.002055301592918113
512.0 0.001804156090656761
513.0 0.0019165081539540552
514.0 0.0020288603991502896
515.0 0.002169269100704696
516.0 0.002309678166056983
517.0 0.002257610140077304
518.0 0.0022055424778955057
519.0 0.0019176926798536442
520.0 0.0016298426999128424
521.0 0.0018240081772091798
522.0 0.0020181736545055173
523.0 0.0020027753635076806
524.0 0.001987377072509844
525.0 0.0022250067559070885
526.0 0.0024626366212032735
527.0 0.002797322304104455
528.0 0.003132008350803517
529.0 0.0030197614250937477
530.0 0.002907514681282919
531.0 0.002516034510335885
532.0 0.002124554703186732
533.0 0.0017556008970132098
534.0 0.0013866469998902176
535.0 0.0016490330381202511
536.0 0.001911419167299755
537.0 0.0022770353098167107
538.0 0.002642651816131547
539.0 0.0033646203519310802
540.0 0.004086589251528494
541.0 0.0047630972403567284
542.0 0.0054396055929828435
543.0 0.005165922993910499
544.0 0.004892240394838154
545.0 0.004366026041680016
546.0 0.0038398113247239962
547.0 0.002802119342959486
548.0 0.0017644273611949757
549.0 0.0016868227248778567
550.0 0.001609218270459678
551.0 0.0016109328498714603
552.0 0.001612647611182183
553.0 0.001604550561751239
554.0 0.0015964536942192353
555.0 0.0013532230696000624
556.0 0.00110999262687983
557.0 0.0009534621312923264
558.0 0.0007969316357048228
559.0 0.0006222121101018274
560.0 0.0004474926299735671
561.0 0.0007626264959981199
562.0 0.0010777603165479377
563.0 0.0013671138731297106
564.0 0.0016564674297114834
565.0 0.0015571889889542945
566.0 0.001457910821045516
567.0 0.0013318267519935034
568.0 0.001205742773890961
569.0 0.0009518792467133608
570.0 0.0006980159923841711
571.0 0.0005481316293298732
572.0 0.0003982473117503105
573.0 0.0003740551619557664
574.0 0.00034986294394911965
575.0 0.00030591795621148776
576.0 0.0002619729229991208
577.0 0.0002820549980242504
578.0 0.0003021370957867475
579.0 0.0003007270152011188
580.0 0.00029931695735285757
581.0 0.00047132839426922146
582.0 0.000643339899397688
583.0 0.0004852960955759045
584.0 0.00032725213259254815
585.0 0.0004608539711625781
586.0 0.0005944556505710352
587.0 0.0004825320047530113
588.0 0.0003706083816723549
589.0 0.0006084451342758257
590.0 0.0008462820005661342
591.0 0.0005720377885154448
592.0 0.00029779362193949055
593.0 0.0004898569841316203
594.0 0.0006819203917984851
595.0 0.0005005455932405312
596.0 0.00031917079468257725
597.0 0.0002793463636407978
598.0 0.00023952193259901833
599.0 0.0002741468051681295
600.0 0.0003087717459493433
601.0 0.0003763896984310122
602.0 0.00044400776459951885
603.0 0.0002871775222956785
604.0 0.000130347336835257
605.0 0.0002664344719960354
606.0 0.00040252152757602744
607.0 0.0003658433342934586
608.0 0.0003291650955361547
609.0 0.00029080331387376646
610.0 0.0002524415322113782
611.0 0.00029585728498204844
612.0 0.0003392729922779836
613.0 0.00032824307254486484
614.0 0.00031721317554911366
615.0 0.0003889904292009305
616.0 0.00046076775106485
617.0 0.00036498117879091296
618.0 0.00026919462925434345
619.0 0.00017323870906693628
620.0 7.728284003860608e-05
621.0 0.00024616824703116436
622.0 0.00041505363697069697
623.0 0.00037041738778498257
624.0 0.00032578118407400325
625.0 0.0003103516974078957
626.0 0.00029492221074178815
627.0 0.00030958578918216517
628.0 0.00032424939035990974
629.0 0.0003673256742331432
630.0 0.00041040193536900915
631.0 0.0004707414973381674
632.0 0.0005310808774083853
633.0 0.0003966493750340305
634.0 0.0002622178726596758
635.0 0.0003502467961880029
636.0 0.00043827576519106515
637.0 0.00037619697650370654
638.0 0.0003141181196042453
639.0 0.0003539248837114428
640.0 0.0003937316705560079
641.0 0.0005860367309651338
642.0 0.0007783416549500544
643.0 0.0006179657248139847
644.0 0.0004575896127789747
645.0 0.0006075576948205708
646.0 0.0007575258223369019
647.0 0.0008566225005779415
648.0 0.0009557189514453057
649.0 0.0008783627890807111
650.0 0.0008010064448171761
651.0 0.0008402125786233228
652.0 0.0008794186214799993
653.0 0.0008457387593807653
654.0 0.0008120589882310014
655.0 0.0011006049135176
656.0 0.001389150656905258
657.0 0.002162518649129197
658.0 0.002935886732302606
659.0 0.004912340227747336
660.0 0.04953715833835304
661.0 0.09114308631978929
662.0 0.12727626599371433
663.0 0.12273973552510142
664.0 0.12588718673214316
665.0 0.1805170439183712
666.0 0.1317672897130251
667.0 0.1815323601476848
668.0 0.21509835496544838
669.0 0.2460234798491001
670.0 0.3462056163698435
671.0 0.552363833412528
672.0 0.8186118677258492
673.0 1.3566289097070694
674.0 2.0401068031787872
675.0 2.9228631407022476
676.0 3.941817954182625
677.0 5.289909616112709
678.0 6.622170656919479
679.0 8.046989142894745
680.0 9.886971116065979
681.0 11.979047954082489
682.0 14.460337162017822
683.0 17.244333028793335
684.0 20.2605202794075
685.0 23.168715834617615
686.0 26.181823015213013
687.0 29.430055618286133
688.0 32.731711864471436
689.0 36.006975173950195
690.0 39.85443413257599
691.0 43.96725594997406
692.0 48.872584104537964
693.0 54.02934551239014
694.0 59.897130727767944
695.0 65.50172567367554
696.0 71.69176936149597
697.0 77.25755572319031
698.0 83.12084078788757
699.0 87.68860697746277
700.0 91.19882583618164
701.0 93.96367073059082
702.0 95.86848020553589
703.0 96.9433069229126
704.0 97.44479060173035
705.0 97.85795211791992
706.0 97.85934686660767
707.0 98.04093837738037
708.0 98.08312654495239
709.0 98.11924695968628
710.0 97.8974461555481
711.0 98.0911910533905
712.0 97.98712730407715
713.0 98.09351563453674
714.0 98.1507420539856
715.0 98.19086790084839
716.0 98.02573323249817
717.0 98.23787212371826
718.0 98.30793738365173
719.0 98.25912714004517
720.0 98.56506586074829
721.0 98.45811128616333
722.0 98.13456535339355
723.0 97.97927141189575
724.0 97.61156439781189
725.0 97.31656312942505
726.0 97.04713225364685
727.0 96.788889169693
728.0 96.53158187866211
729.0 96.30404710769653
730.0 96.32897973060608
731.0 96.42857909202576
732.0 96.4048981666565
733.0 96.67226672172546
734.0 96.99124097824097
735.0 97.1210777759552
736.0 97.56967425346375
737.0 97.9993999004364
738.0 98.25901985168457
739.0 98.64722490310669
740.0 98.75552654266357
741.0 98.63985180854797
742.0 98.91477823257446
743.0 98.83527755737305
744.0 98.65345358848572
745.0 98.64572882652283
746.0 98.53947758674622
747.0 98.81495237350464
748.0 98.73927235603333
749.0 98.59164357185364
750.0 98.6031711101532
751.0 98.51014018058777
752.0 98.37876558303833
753.0 98.57704639434814
754.0 98.50553870201111
755.0 98.59459400177002
756.0 98.6832857131958
757.0 98.71028065681458
758.0 98.84557127952576
759.0 98.84111285209656
760.0 98.79088997840881
761.0 98.66839647293091
762.0 98.75966310501099
763.0 98.70842099189758
764.0 98.58569502830505
765.0 98.5694944858551
766.0 98.60155582427979
767.0 98.35031032562256
768.0 98.46441745758057
769.0 98.47428798675537
770.0 98.1496512889862
771.0 98.24307560920715
772.0 98.19628596305847
773.0 98.09330105781555
774.0 97.91925549507141
775.0 98.04982542991638
776.0 97.91563749313354
777.0 97.9940414428711
778.0 97.96238541603088
779.0 98.10194373130798
780.0 98.04388880729675
781.0 98.24016690254211
782.0 98.17464351654053
783.0 98.29099178314209
784.0 98.35508465766907
785.0 98.30840229988098
786.0 98.56188297271729
787.0 98.24667572975159
788.0 98.35387468338013
789.0 98.48065376281738
790.0 98.28226566314697
791.0 98.42281341552734
792.0 98.26267957687378
793.0 98.22155833244324
794.0 98.14316034317017
795.0 98.09495210647583
796.0 98.02137017250061
797.0 98.11433553695679
798.0 97.95183539390564
799.0 97.8721022605896
800.0 97.70859479904175
801.0 97.73820042610168
802.0 97.65608310699463
803.0 97.3825752735138
804.0 97.24944233894348
805.0 96.73572778701782
806.0 96.41005396842957
807.0 95.5432653427124
808.0 94.57013010978699
809.0 93.23446154594421
810.0 91.78076982498169
811.0 89.94060754776001
812.0 87.6328706741333
813.0 85.00366806983948
814.0 81.90542459487915
815.0 78.2707691192627
816.0 74.56735372543335
817.0 70.21952271461487
818.0 65.29430150985718
819.0 60.98267436027527
820.0 56.0208261013031
821.0 51.513224840164185
822.0 47.12992012500763
823.0 42.47419834136963
824.0 37.79224455356598
825.0 33.498501777648926
826.0 29.088789224624634
827.0 24.492603540420532
828.0 20.410670340061188
829.0 16.34310781955719
830.0 12.319529801607132
831.0 9.174719452857971
832.0 6.227698922157288
833.0 4.022613540291786
834.0 2.4785682559013367
835.0 1.493067666888237
836.0 0.8743882179260254
837.0 0.46844598837196827
838.0 0.24747175630182028
839.0 0.17992405919358134
840.0 0.12010883074253798
841.0 0.03669619909487665
842.0 0.01115291815949604
843.0 0.00748367456253618
844.0 0.03093087289016694
845.0 0.0005776959369541146
846.0 1.6244841843232605e-10
847.0 1.6244841843232605e-10
848.0 1.6244841843232605e-10
849.0 1.6244841843232605e-10
850.0 1.6244841843232605e-10
851.0 0.0022555435862159356
852.0 0.00260546676145168
853.0 0.001176238674815977
854.0 1.6244841843232605e-10
855.0 1.6244841843232605e-10
856.0 0.00018581016547614126
857.0 0.0003169627461829805
858.0 0.0004481154519453412
859.0 0.00024485441372235073
860.0 4.159338118370215e-05
861.0 2.207603557735638e-05
862.0 2.5586114560383066e-06
863.0 2.8774800853170746e-05
864.0 5.499101121131389e-05
865.0 8.769419537202339e-05
866.0 0.00012039736247970723
867.0 2.9572930770882522e-05
868.0 1.6244841843232605e-10
869.0 8.918462413021189e-05
870.0 0.00023962074919836596
871.0 0.00012257791013325914
872.0 5.534990421551811e-06
873.0 5.9654496453731554e-05
874.0 0.00011377399005141342
875.0 9.927853170665912e-05
876.0 8.478306767756294e-05
877.0 5.349543030774839e-06
878.0 1.6244841843232605e-10
879.0 1.6244841843232605e-10
880.0 1.6244841843232605e-10
881.0 1.792763129060404e-05
882.0 8.375387210435292e-05
883.0 3.934868288979487e-05
884.0 1.6244841843232605e-10
885.0 0.00014833262866886798
886.0 0.0003017217295564478
887.0 0.00017803687342166086
888.0 5.4351966127796913e-05
889.0 8.959837032307405e-05
890.0 0.00012484475746532553
891.0 1.6244841843232605e-10
892.0 1.6244841843232605e-10
893.0 1.6244841843232605e-10
894.0 0.00013614293266073219
895.0 0.00013181230542613775
