lsstCam/transmission_filter_detector/r33_s22/i_39/19700101T000000.ecsv
# %ECSV 1.0
# ---
# datatype:
# - {name: wavelength, unit: nm, datatype: float32}
# - {name: efficiency, unit: '%', datatype: float64}
# meta: !!omap
# - {MODE: DETECTOR}
# - {TYPE: transmission_filter_detector}
# - {CALIBDATE: '1970-01-01T00:00:00'}
# - {INSTRUME: LSSTCam}
# - {OBSTYPE: transmission_filter_detector}
# - {CALIBCLS: lsst.ip.isr.IntermediateFilterDetectorTransmissionCurve}
# - {SOURCE: Materion (DM-46256)}
# - {DETECTOR: 152}
# - {FILTER: i_39}
# - {CALIB_ID: 'calibDate=1970-01-01T00:00:00 filter=i_39 detector=152'}
# - {DATE: '2025-04-02T15:59:47.183426'}
# - {CALIB_CREATION_DATE: '2025-04-02'}
# - {CALIB_CREATION_TIME: '15:59:47'}
# - __serialized_columns__:
#     efficiency:
#       __class__: astropy.units.quantity.Quantity
#       unit: !astropy.units.Unit {unit: '%'}
#       value: !astropy.table.SerializedColumn {name: efficiency}
#     wavelength:
#       __class__: astropy.units.quantity.Quantity
#       unit: !astropy.units.Unit {unit: nm}
#       value: !astropy.table.SerializedColumn {name: wavelength}
# schema: astropy-2.0
wavelength efficiency
[from data line 597]
897.0 0.00010905314411502331
898.0 9.062461572284519e-05
899.0 6.401974133041222e-05
900.0 3.741484988495358e-05
901.0 1.6244841843232605e-10
902.0 1.6244841843232605e-10
903.0 1.6244841843232605e-10
904.0 1.6244841843232605e-10
905.0 2.981967099913163e-05
906.0 0.00010403624628452235
907.0 1.6244841843232605e-10
908.0 1.6244841843232605e-10
909.0 1.6244841843232605e-10
910.0 1.6244841843232605e-10
911.0 1.6244841843232605e-10
912.0 1.6244841843232605e-10
913.0 1.6244841843232605e-10
914.0 5.604218813459738e-05
915.0 0.00013505709830496926
916.0 0.00021407199710665736
917.0 3.1409538792104286e-05
918.0 1.6244841843232605e-10
919.0 1.6244841843232605e-10
920.0 9.707558774607605e-05
921.0 1.6244841843232605e-10
922.0 1.6244841843232605e-10
923.0 1.6244841843232605e-10
924.0 1.6244841843232605e-10
925.0 1.6244841843232605e-10
926.0 3.4166106388511253e-06
927.0 1.6244841843232605e-10
928.0 1.6244841843232605e-10
929.0 1.6244841843232605e-10
930.0 1.6244841843232605e-10
931.0 1.6244841843232605e-10
932.0 1.6244841843232605e-10
933.0 1.6244841843232605e-10
934.0 1.6244841843232605e-10
935.0 1.6244841843232605e-10
936.0 1.6244841843232605e-10
937.0 4.251881762229459e-05
938.0 0.00014555233747159946
939.0 1.6244841843232605e-10
940.0 1.6244841843232605e-10
941.0 1.6244841843232605e-10
942.0 5.936891867008853e-06
943.0 3.0107750603747263e-05
944.0 5.427867222351779e-05
945.0 2.245464791883478e-06
946.0 1.6244841843232605e-10
947.0 0.0001603675400474458
948.0 0.00037052279822091805
949.0 0.000244816328631714
950.0 0.00011910990451724501
951.0 8.068939223448979e-05
952.0 4.2268837319170416e-05
953.0 1.6244841843232605e-10
954.0 1.6244841843232605e-10
955.0 1.6244841843232605e-10
956.0 0.0001578163050908188
957.0 0.00012884056559414603
958.0 9.986484883484081e-05
959.0 0.00013038974202572717
960.0 0.00016091466932266485
961.0 0.00013298210888024187
962.0 0.00010504954843781888
963.0 0.0001395786853208847
964.0 0.00017410784494131804
965.0 1.6244841843232605e-10
966.0 1.6244841843232605e-10
967.0 1.6244841843232605e-10
968.0 1.6244841843232605e-10
969.0 1.6244841843232605e-10
970.0 1.6244841843232605e-10
971.0 1.6244841843232605e-10
972.0 1.6244841843232605e-10
973.0 1.3234485152224806e-05
974.0 4.690498087711603e-05
975.0 9.131198908107763e-05
976.0 0.00013571900581155205
977.0 4.558589239422872e-05
978.0 1.6244841843232605e-10
979.0 1.882000191244515e-05
980.0 8.218723905883962e-05
981.0 1.6244841843232605e-10
982.0 1.6244841843232605e-10
983.0 1.6244841843232605e-10
984.0 1.6244841843232605e-10
985.0 4.8793225460030953e-05
986.0 0.00012892116956209065
987.0 1.4242382917473151e-05
988.0 1.6244841843232605e-10
989.0 1.6244841843232605e-10
990.0 1.6244841843232605e-10
991.0 1.6244841843232605e-10
992.0 3.902551100054552e-05
993.0 9.983673407987226e-05
994.0 0.00016064794863268617
995.0 0.00022231558887142455
996.0 0.00028398321774147917
997.0 0.0001472797748647281
998.0 1.0576328435263349e-05
999.0 1.5352344462371548e-05
1000.0 2.012833135722758e-05
1001.0 0.00012570732224048697
1002.0 0.00023128629891289165
1003.0 0.00023526376935478766
1004.0 0.00023924123979668366
1005.0 0.00023318175408348907
1006.0 0.00022712231384502957
1007.0 0.00022447034098149743
1008.0 0.00022181839085533284
1009.0 0.00022912101940164575
1010.0 0.00023642357973585604
1011.0 0.00025007698241097387
1012.0 0.00026373036234872416
1013.0 0.00022440679003921105
1014.0 0.00018508326320443302
1015.0 0.00012704093705906416
1016.0 6.899864501974662e-05
1017.0 0.00021354087493818952
1018.0 0.0003580830707505811
1019.0 0.00016065378076746128
1020.0 1.6244841843232605e-10
1021.0 7.858558319639997e-05
1022.0 0.0001939467438205611
1023.0 0.00013693668279302074
1024.0 7.992666724021547e-05
1025.0 0.0002288963059982052
1026.0 0.00037786599023093004
1027.0 0.0004784766133525409
1028.0 0.0005790871455246815
1029.0 0.0008606474693806376
1030.0 0.0011422077477618586
1031.0 0.001464183151256293
1032.0 0.0017861584638012573
1033.0 0.0020577448594849557
1034.0 0.0023293310732697137
1035.0 0.002630098788358737
1036.0 0.0029308663215488195
1037.0 0.0032111696782521904
1038.0 0.003491473034955561
1039.0 0.003286906940047629
1040.0 0.003082340845139697
1041.0 0.002948101973743178
1042.0 0.0028138629204477184
1043.0 0.0029064602131256834
1044.0 0.0029990576877025887
1045.0 0.003306321013951674
1046.0 0.0036135843402007595
1047.0 0.0034628334105946124
1048.0 0.0033120824809884652
1049.0 0.003052765896427445
1050.0 0.002793449311866425
1051.0 0.0024038217816269025
1052.0 0.0020141940694884397
1053.0 0.001919187889143359
1054.0 0.0018241813450003974
1055.0 0.0012186947060399689
1056.0 0.0006132080216048053
1057.0 0.0010155682502954733
1058.0 0.0014179285244608764
1059.0 0.0009232711818185635
1060.0 0.0004286138846509857
1061.0 0.0007947891390358564
1062.0 0.001160964347945992
1063.0 0.0016874802895472385
1064.0 0.002213996231148485
1065.0 0.0023940230676089413
1066.0 0.0025740502678672783
1067.0 0.0035136963560944423
1068.0 0.004453342990018427
1069.0 0.004289748176233843
1070.0 0.004126153726247139
1071.0 0.0040083774365484715
1072.0 0.0038906011468498036
1073.0 0.0033850195904960856
1074.0 0.002879437670344487
1075.0 0.0028913415007991716
1076.0 0.0029032455131527968
1077.0 0.0036038713005837053
1078.0 0.004304497269913554
1079.0 0.0038307694921968505
1080.0 0.0033570417144801468
1081.0 0.0032653108064550906
1082.0 0.0031735802622279152
1083.0 0.0025373268726980314
1084.0 0.0019010734831681475
1085.0 0.0012584117030201014
1086.0 0.0006157500592962606
1087.0 0.0011327521860948764
1088.0 0.0016497546312166378
1089.0 0.0006513378593808739
1090.0 1.6244841843232605e-10
1091.0 0.0001912964307848597
1092.0 0.0007296717740246095
1093.0 1.6244841843232605e-10
1094.0 1.6244841843232605e-10
1095.0 1.6244841843232605e-10
1096.0 1.6244841843232605e-10
1097.0 1.6244841843232605e-10
1098.0 1.6244841843232605e-10
1099.0 0.0004644443833967671
1100.0 0.0014372710211318918
