ts8/transmission_sensor/rtm-012_s20/19700101T000000.ecsv
# %ECSV 0.9
# ---
# datatype:
# - {name: amp_name, datatype: string}
# - {name: wavelength, unit: nm, datatype: float32}
# - {name: efficiency, unit: '%', datatype: float32}
# meta: !!omap
# - {MODE: AMP}
# - {TYPE: transmission_sensor}
# - {CALIBDATE: '1970-01-01T00:00:00'}
# - {INSTRUME: TS8}
# - {OBSTYPE: transmission_sensor}
# - {DETECTOR: 87}
# - {CALIBCLS: lsst.ip.isr.IntermediateSensorTransmissionCurve}
# - {PICKLEFILE: RaftRun11063.p}
# - {CALIB_ID: 'raftName=RTM-012 detectorName=S20 detector=87 calibDate=1970-01-01T00:00:00 ccd=87 ccdnum=87 filter=None'}
# - {DATE: '2020-07-23T20:30:39.553459'}
# - {CALIB_CREATION_DATE: '2020-07-23'}
# - {CALIB_CREATION_TIME: '20:30:39'}
# - __serialized_columns__:
#     efficiency:
#       __class__: astropy.units.quantity.Quantity
#       unit: !astropy.units.Unit {unit: '%'}
#       value: !astropy.table.SerializedColumn {name: efficiency}
#     wavelength:
#       __class__: astropy.units.quantity.Quantity
#       unit: !astropy.units.Unit {unit: nm}
#       value: !astropy.table.SerializedColumn {name: wavelength}
# schema: astropy-2.0
amp_name wavelength efficiency
C15 319.994 39.290005
C15 324.969 44.26203
C15 349.982 66.19756
C15 374.975 72.7707
C15 400.019 81.459206
C15 424.965 84.580185
C15 450.035 86.76716
C15 475.003 89.34921
C15 500.018 91.670586
C15 525.002 93.676414
C15 550.029 95.19082
C15 575.023 96.68561
C15 599.982 97.86824
C15 619.997 97.97289
C15 624.979 98.00861
C15 650.012 98.359604
C15 675.004 98.57123
C15 700.03 98.213326
C15 725.012 97.91664
C15 750.022 98.34454
C15 774.987 98.737236
C15 799.976 98.005005
C15 824.988 96.41011
C15 850.022 94.09757
C15 869.967 90.842445
C15 875.002 89.795395
C15 899.999 82.12325
C15 919.999 73.02776
C15 925.012 70.224655
C15 949.965 57.234318
C15 975.002 43.213955
C15 999.976 26.173998
C15 1025.028 11.222332
C15 1050.014 3.8265183
C15 1075.002 2.067258
C15 1099.99 1.586969
C05 319.994 40.211617
C05 324.969 45.310863
C05 349.982 68.01358
C05 374.975 74.59536
C05 400.019 82.59372
C05 424.965 85.34421
C05 450.035 87.328285
C05 475.003 89.7947
C05 500.018 92.04633
C05 525.002 94.01429
C05 550.029 95.5075
C05 575.023 96.99204
C05 599.982 98.16916
C05 619.997 98.26974
C05 624.979 98.30712
C05 650.012 98.6575
C05 675.004 98.86416
C05 700.03 98.4381
C05 725.012 97.949776
C05 750.022 98.122604
C05 774.987 98.24857
C05 799.976 97.39118
C05 824.988 95.825645
C05 850.022 93.438576
C05 869.967 90.02728
C05 875.002 88.948975
C05 899.999 81.68406
C05 919.999 72.78934
C05 925.012 69.946106
C05 949.965 56.553574
C05 975.002 42.60466
C05 999.976 25.943033
C05 1025.028 11.110311
C05 1050.014 3.7791402
C05 1075.002 2.0397444
C05 1099.99 1.5709767
C04 319.994 39.88925
C04 324.969 44.94622
C04 349.982 67.37997
C04 374.975 73.93404
C04 400.019 82.135315
C04 424.965 84.99775
C04 450.035 87.04575
C04 475.003 89.54829
C04 500.018 91.82178
C04 525.002 93.79834
C04 550.029 95.29589
C04 575.023 96.78439
C04 599.982 97.962135
C04 619.997 98.06043
C04 624.979 98.09859
C04 650.012 98.446434
C04 675.004 98.65215
C04 700.03 98.23601
C04 725.012 97.772514
C04 750.022 97.97936
C04 774.987 98.136406
C04 799.976 97.29995
C04 824.988 95.74034
C04 850.022 93.35747
C04 869.967 90.02442
C04 875.002 88.977615
C04 899.999 81.61698
C04 919.999 72.68595
C04 925.012 69.84677
C04 949.965 56.680126
C04 975.002 42.695656
C04 999.976 25.921701
C04 1025.028 11.095529
C04 1050.014 3.7737088
C04 1075.002 2.0399048
C04 1099.99 1.5689117
C03 319.994 39.667023
C03 324.969 44.6891
C03 349.982 66.89687
C03 374.975 73.36152
C03 400.019 81.69508
C03 424.965 84.64712
C03 450.035 86.74112
C03 475.003 89.27343
C03 500.018 91.5607
C03 525.002 93.54359
C03 550.029 95.043915
C03 575.023 96.52878
C03 599.982 97.6998
C03 619.997 97.80022
C03 624.979 97.83246
C03 650.012 98.179504
C03 675.004 98.38017
C03 700.03 97.97097
C03 725.012 97.528
C03 750.022 97.75744
C03 774.987 97.94336
C03 799.976 97.12053
C03 824.988 95.55766
C03 850.022 93.18701
C03 869.967 89.92926
C03 875.002 88.89745
C03 899.999 81.41212
C03 919.999 72.49775
C03 925.012 69.71134
C03 949.965 56.72302
C03 975.002 42.71878
C03 999.976 25.862532
C03 1025.028 11.089256
C03 1050.014 3.7618186
C03 1075.002 2.0325298
C03 1099.99 1.563446
C17 319.994 39.62595
C17 324.969 44.64631
C17 349.982 66.9091
C17 374.975 73.494125
C17 400.019 81.92157
C17 424.965 84.88467
C17 450.035 86.98146
C17 475.003 89.517876
C17 500.018 91.811584
C17 525.002 93.80286
C17 550.029 95.30975
C17 575.023 96.80662
C17 599.982 97.98923
C17 619.997 98.09537
C17 624.979 98.12943
C17 650.012 98.48631
C17 675.004 98.694115
C17 700.03 98.32539
C17 725.012 98.002975
C17 750.022 98.39946
C17 774.987 98.759636
C17 799.976 98.00623
C17 824.988 96.40866
C17 850.022 94.08663
C17 869.967 90.761536
C17 875.002 89.68647
C17 899.999 82.17078
C17 919.999 73.03286
C17 925.012 70.20903
C17 949.965 57.017513
C17 975.002 43.056446
C17 999.976 26.241917
C17 1025.028 11.291638
C17 1050.014 3.8503392
C17 1075.002 2.0735002
C17 1099.99 1.5871611
C13 319.994 38.797523
C13 324.969 43.69249
C13 349.982 65.16472
C13 374.975 71.66616
C13 400.019 80.77265
C13 424.965 84.144
C13 450.035 86.47121
C13 475.003 89.13443
C13 500.018 91.50748
C13 525.002 93.542656
C13 550.029 95.0754
C13 575.023 96.5766
C13 599.982 97.76184
C13 619.997 97.8629
C13 624.979 97.89943
C13 650.012 98.24686
C13 675.004 98.46153
C13 700.03 98.10542
C13 725.012 97.82276
C13 750.022 98.27697
C13 774.987 98.69627
C13 799.976 97.98579
C13 824.988 96.37957
C13 850.022 94.12202
C13 869.967 91.007965
C13 875.002 89.95909
C13 899.999 82.00562
C13 919.999 73.204834
C13 925.012 70.472824
C13 949.965 57.657406
C13 975.002 43.374855
C13 999.976 26.23457
C13 1025.028 11.282152
C13 1050.014 3.8259022
C13 1075.002 2.0609236
C13 1099.99 1.582148
C11 319.994 38.081676
C11 324.969 42.880863
C11 349.982 63.8332
C11 374.975 70.32945
C11 400.019 79.92634
C11 424.965 83.58151
C11 450.035 86.066696
C11 475.003 88.8238
C11 500.018 91.252205
C11 525.002 93.33412
C11 550.029 94.88365
C11 575.023 96.39877
C11 599.982 97.591934
C11 619.997 97.69606
C11 624.979 97.730255
C11 650.012 98.08503
C11 675.004 98.29241
C11 700.03 97.92728
C11 725.012 97.61519
C11 750.022 98.02611
C11 774.987 98.39985
C11 799.976 97.673805
C11 824.988 96.086266
C11 850.022 93.91204
C11 869.967 90.781906
C11 875.002 89.708336
C11 899.999 81.992645
C11 919.999 73.455894
C11 925.012 70.74983
C11 949.965 57.667187
C11 975.002 43.327248
C11 999.976 26.286903
C11 1025.028 11.338515
C11 1050.014 3.8500915
C11 1075.002 2.0476134
C11 1099.99 1.5770946
C16 319.994 39.451702
C16 324.969 44.446346
C16 349.982 66.54271
C16 374.975 73.139565
C16 400.019 81.6955
C16 424.965 84.734795
C16 450.035 86.874374
C16 475.003 89.42583
C16 500.018 91.7268
C16 525.002 93.72429
C16 550.029 95.234184
C16 575.023 96.72883
C16 599.982 97.91396
C16 619.997 98.01642
C16 624.979 98.05677
C16 650.012 98.407616
C16 675.004 98.62289
C16 700.03 98.25739
C16 725.012 97.94694
C16 750.022 98.36273
C16 774.987 98.73797
C16 799.976 97.99713
C16 824.988 96.402405
C16 850.022 94.09283
C16 869.967 90.81398
C16 875.002 89.71768
C16 899.999 82.15761
C16 919.999 72.942154
C16 925.012 70.26327
C16 949.965 57.170483
C16 975.002 43.20435
C16 999.976 26.273438
C16 1025.028 11.248989
C16 1050.014 3.8311932
C16 1075.002 2.0736225
C16 1099.99 1.5875176
C07 319.994 40.41428
C07 324.969 45.54716
C07 349.982 68.549675
C07 374.975 75.19874
C07 400.019 82.94041
C07 424.965 85.53423
C07 450.035 87.42783
C07 475.003 89.846794
C07 500.018 92.07243
C07 525.002 94.02264
C07 550.029 95.509415
C07 575.023 96.99763
C07 599.982 98.17979
C07 619.997 98.285095
C07 624.979 98.32296
C07 650.012 98.67626
C07 675.004 98.88366
C07 700.03 98.447365
C07 725.012 97.91838
C07 750.022 98.03077
C07 774.987 98.09175
C07 799.976 97.19447
C07 824.988 95.611275
C07 850.022 93.17565
C07 869.967 89.70699
C07 875.002 88.608765
C07 899.999 81.31662
C07 919.999 72.586174
C07 925.012 69.728035
C07 949.965 56.0582
C07 975.002 42.035885
C07 999.976 25.63237
C07 1025.028 11.023952
C07 1050.014 3.7691917
C07 1075.002 2.0314276
C07 1099.99 1.560679
C00 319.994 39.128254
C00 324.969 44.07426
C00 349.982 65.73444
C00 374.975 72.12084
C00 400.019 81.034096
C00 424.965 84.33072
C00 450.035 86.62529
C00 475.003 89.2801
C00 500.018 91.64302
C00 525.002 93.67653
C00 550.029 95.20589
C00 575.023 96.70271
C00 599.982 97.88076
C00 619.997 97.978195
C00 624.979 98.01516
C00 650.012 98.35535
C00 675.004 98.54888
C00 700.03 98.10394
C00 725.012 97.58768
C00 750.022 97.724495
C00 774.987 97.82289
C00 799.976 96.966896
C00 824.988 95.4078
C00 850.022 93.15864
C00 869.967 89.95677
C00 875.002 88.8938
C00 899.999 81.44565
C00 919.999 73.295235
C00 925.012 70.57907
C00 949.965 57.196945
C00 975.002 42.940613
C00 999.976 26.065912
C00 1025.028 11.3129635
C00 1050.014 3.8184354
C00 1075.002 2.0260727
C00 1099.99 1.5658112
C02 319.994 39.61718
C02 324.969 44.63372
C02 349.982 66.726555
C02 374.975 73.145096
C02 400.019 81.648125
C02 424.965 84.705925
C02 450.035 86.86444
C02 475.003 89.439026
C02 500.018 91.75417
C02 525.002 93.75613
C02 550.029 95.26603
C02 575.023 96.75755
C02 599.982 97.93569
C02 619.997 98.03476
C02 624.979 98.06962
C02 650.012 98.41099
C02 675.004 98.61393
C02 700.03 98.2034
C02 725.012 97.76583
C02 750.022 98.0047
C02 774.987 98.19906
C02 799.976 97.382744
C02 824.988 95.8028
C02 850.022 93.45003
C02 869.967 90.2885
C02 875.002 89.25932
C02 899.999 81.50372
C02 919.999 72.77428
C02 925.012 70.040215
C02 949.965 57.14327
C02 975.002 42.940086
C02 999.976 25.926338
C02 1025.028 11.152016
C02 1050.014 3.777576
C02 1075.002 2.0373387
C02 1099.99 1.56394
C06 319.994 40.312447
C06 324.969 45.42558
C06 349.982 68.24426
C06 374.975 74.8409
C06 400.019 82.6927
C06 424.965 85.35389
C06 450.035 87.29085
C06 475.003 89.72845
C06 500.018 91.9599
C06 525.002 93.91441
C06 550.029 95.39655
C06 575.023 96.880066
C06 599.982 98.05367
C06 619.997 98.15401
C06 624.979 98.19214
C06 650.012 98.54265
C06 675.004 98.74604
C06 700.03 98.313
C06 725.012 97.804855
C06 750.022 97.94142
C06 774.987 98.03169
C06 799.976 97.15757
C06 824.988 95.58743
C06 850.022 93.15899
C06 869.967 89.72759
C06 875.002 88.67868
C06 899.999 81.374405
C06 919.999 72.54897
C06 925.012 69.616455
C06 949.965 56.21132
C06 975.002 42.24822
C06 999.976 25.697699
C06 1025.028 11.039035
C06 1050.014 3.770715
C06 1075.002 2.032523
C06 1099.99 1.5636319
C01 319.994 39.317303
C01 324.969 44.294952
C01 349.982 66.15967
C01 374.975 72.57876
C01 400.019 81.287766
C01 424.965 84.460724
C01 450.035 86.69001
C01 475.003 89.301445
C01 500.018 91.638985
C01 525.002 93.65554
C01 550.029 95.17628
C01 575.023 96.673515
C01 599.982 97.848816
C01 619.997 97.94676
C01 624.979 97.98274
C01 650.012 98.32422
C01 675.004 98.52606
C01 700.03 98.1088
C01 725.012 97.654274
C01 750.022 97.87252
C01 774.987 98.04463
C01 799.976 97.22445
C01 824.988 95.63986
C01 850.022 93.34575
C01 869.967 90.23053
C01 875.002 89.17329
C01 899.999 81.3503
C01 919.999 73.01036
C01 925.012 70.31287
C01 949.965 57.30549
C01 975.002 42.940037
C01 999.976 25.94758
C01 1025.028 11.2009
C01 1050.014 3.798349
C01 1075.002 2.0323465
C01 1099.99 1.5619667
C14 319.994 38.974876
C14 324.969 43.901463
C14 349.982 65.5668
C14 374.975 72.107445
C14 400.019 81.01726
C14 424.965 84.269035
C14 450.035 86.52863
C14 475.003 89.14918
C14 500.018 91.49416
C14 525.002 93.51706
C14 550.029 95.03783
C14 575.023 96.53249
C14 599.982 97.71631
C14 619.997 97.819374
C14 624.979 97.85432
C14 650.012 98.20716
C14 675.004 98.418045
C14 700.03 98.06242
C14 725.012 97.77107
C14 750.022 98.21725
C14 774.987 98.62408
C14 799.976 97.90459
C14 824.988 96.306496
C14 850.022 94.01927
C14 869.967 90.83746
C14 875.002 89.805336
C14 899.999 81.9988
C14 919.999 73.00823
C14 925.012 70.230286
C14 949.965 57.36069
C14 975.002 43.261673
C14 999.976 26.17428
C14 1025.028 11.240511
C14 1050.014 3.8200471
C14 1075.002 2.061282
C14 1099.99 1.5829636
C12 319.994 38.47213
C12 324.969 43.327038
C12 349.982 64.55591
C12 374.975 71.018936
C12 400.019 80.30225
C12 424.965 83.786964
C12 450.035 86.17341
C12 475.003 88.87404
C12 500.018 91.26322
C12 525.002 93.31523
C12 550.029 94.85363
C12 575.023 96.35729
C12 599.982 97.54125
C12 619.997 97.644905
C12 624.979 97.68262
C12 650.012 98.02995
C12 675.004 98.24127
C12 700.03 97.88521
C12 725.012 97.59922
C12 750.022 98.04824
C12 774.987 98.45942
C12 799.976 97.74636
C12 824.988 96.14256
C12 850.022 93.93636
C12 869.967 90.84532
C12 875.002 89.78108
C12 899.999 81.86213
C12 919.999 73.252106
C12 925.012 70.54768
C12 949.965 57.685135
C12 975.002 43.295097
C12 999.976 26.21593
C12 1025.028 11.282856
C12 1050.014 3.8284585
C12 1075.002 2.052317
C12 1099.99 1.5748576
C10 319.994 37.758434
C10 324.969 42.51131
C10 349.982 63.195194
C10 374.975 69.694725
C10 400.019 79.59721
C10 424.965 83.43267
C10 450.035 86.019005
C10 475.003 88.84012
C10 500.018 91.31186
C10 525.002 93.41695
C10 550.029 94.98358
C10 575.023 96.510284
C10 599.982 97.70701
C10 619.997 97.81302
C10 624.979 97.8522
C10 650.012 98.20463
C10 675.004 98.40602
C10 700.03 98.01664
C10 725.012 97.642494
C10 750.022 97.97411
C10 774.987 98.26955
C10 799.976 97.50752
C10 824.988 95.9551
C10 850.022 93.77521
C10 869.967 90.62408
C10 875.002 89.58792
C10 899.999 82.162796
C10 919.999 73.61072
C10 925.012 70.87744
C10 949.965 57.599213
C10 975.002 43.378357
C10 999.976 26.376669
C10 1025.028 11.439552
C10 1050.014 3.862809
C10 1075.002 2.0527506
C10 1099.99 1.5857586
