lsstCam/transmission_filter_detector/r01_s01/u_24/19700101T000000.ecsv
# %ECSV 1.0
# ---
# datatype:
# - {name: wavelength, unit: nm, datatype: float32}
# - {name: efficiency, unit: '%', datatype: float64}
# meta: !!omap
# - {MODE: DETECTOR}
# - {TYPE: transmission_filter_detector}
# - {CALIBDATE: '1970-01-01T00:00:00'}
# - {INSTRUME: LSSTCam}
# - {OBSTYPE: transmission_filter_detector}
# - {CALIBCLS: lsst.ip.isr.IntermediateFilterDetectorTransmissionCurve}
# - {SOURCE: Materion (DM-46256)}
# - {DETECTOR: 1}
# - {FILTER: u_24}
# - {CALIB_ID: 'calibDate=1970-01-01T00:00:00 filter=u_24 detector=1'}
# - {DATE: '2025-04-02T15:59:39.750157'}
# - {CALIB_CREATION_DATE: '2025-04-02'}
# - {CALIB_CREATION_TIME: '15:59:39'}
# - __serialized_columns__:
#     efficiency:
#       __class__: astropy.units.quantity.Quantity
#       unit: !astropy.units.Unit {unit: '%'}
#       value: !astropy.table.SerializedColumn {name: efficiency}
#     wavelength:
#       __class__: astropy.units.quantity.Quantity
#       unit: !astropy.units.Unit {unit: nm}
#       value: !astropy.table.SerializedColumn {name: wavelength}
# schema: astropy-2.0
wavelength efficiency
[from data line 581]
876.0 0.002791491169773508
877.0 0.0029023743991274387
878.0 0.00301325781038031
879.0 0.0030252949727582745
880.0 0.0030373326808330603
881.0 0.0030873354262439534
882.0 0.0031373390811495483
883.0 0.0026730462195700966
884.0 0.0022087535398895852
885.0 0.002312511242053006
886.0 0.002416269308014307
887.0 0.0021879672203795053
888.0 0.0019596656784415245
889.0 0.002111422327288892
890.0 0.0022631793399341404
891.0 0.0024960472728707828
892.0 0.002728915569605306
893.0 0.0027548250727704726
894.0 0.0027807340302388184
895.0 0.003160136111546308
896.0 0.0035395383747527376
897.0 0.0041194536606781185
898.0 0.004699368946603499
899.0 0.004807757431990467
900.0 0.004916145917377435
901.0 0.004910642019240186
902.0 0.004905138848698698
903.0 0.005314810550771654
904.0 0.005724482252844609
905.0 0.005717677413485944
906.0 0.0057108722103293985
907.0 0.00592444084759336
908.0 0.006138009484857321
909.0 0.005936863090028055
910.0 0.005735716695198789
911.0 0.005631913882098161
912.0 0.005528111432795413
913.0 0.005443052214104682
914.0 0.005357992631616071
915.0 0.0047754023398738354
916.0 0.004192812411929481
917.0 0.0040181719668908045
918.0 0.003843531521852128
919.0 0.004257673572283238
920.0 0.004671815622714348
921.0 0.004952824747306295
922.0 0.005233834599494003
923.0 0.00635672768112272
924.0 0.007479619671357796
925.0 0.007828680099919438
926.0 0.008177741256076843
927.0 0.008745381637709215
928.0 0.009313019108958542
929.0 0.009032396337715909
930.0 0.008751776476856321
931.0 0.007935297617223114
932.0 0.007118818029994145
933.0 0.006674244650639594
934.0 0.006229671271285042
935.0 0.00610486458754167
936.0 0.005980057903798297
937.0 0.006284841219894588
938.0 0.006589627446373925
939.0 0.006489735096693039
940.0 0.006389843474607915
941.0 0.0057208781072404236
942.0 0.00505191128468141
943.0 0.004013255602330901
944.0 0.0029746002837782726
945.0 0.002271331140946131
946.0 0.0015680619981139898
947.0 0.0014909946912666783
948.0 0.001413927475368837
949.0 0.0014177706361806486
950.0 0.0014216135241440497
951.0 0.00134197189254337
952.0 0.0012623300790437497
953.0 0.0015166474440775346
954.0 0.0017709649910102598
955.0 0.0025552924853400327
956.0 0.0033396197977708653
957.0 0.003300122989458032
958.0 0.0032606254535494372
959.0 0.00380082092306111
960.0 0.0043410156649770215
961.0 0.004768151848111302
962.0 0.005195288031245582
963.0 0.0053122763347346336
964.0 0.005429265002021566
965.0 0.0055009561037877575
966.0 0.00557264756935183
967.0 0.0052319748647278175
968.0 0.004891302523901686
969.0 0.004807834193343297
970.0 0.0047243654989870265
971.0 0.004680504935095087
972.0 0.004636644371203147
973.0 0.004405457366374321
974.0 0.004174269633949734
975.0 0.0041028131818166
976.0 0.004031356002087705
977.0 0.003941817703889683
978.0 0.0038522797694895416
979.0 0.00356686650775373
980.0 0.003281453246017918
981.0 0.0031820596632314846
982.0 0.0030826657166471705
983.0 0.003097471926594153
984.0 0.003112277408945374
985.0 0.0038205569580895826
986.0 0.004528836507233791
987.0 0.005249436071608216
988.0 0.00597003563598264
989.0 0.007390102109638974
990.0 0.008810171129880473
991.0 0.009315538773080334
992.0 0.009820907871471718
993.0 0.010323992319172248
994.0 0.010827078949660063
995.0 0.009721612877910957
996.0 0.008616143168183044
997.0 0.007490787538699806
998.0 0.006365434092003852
999.0 0.005756675091106445
1000.0 0.005147916090209037
1001.0 0.004800471288035624
1002.0 0.004453026849660091
1003.0 0.004082137820660137
1004.0 0.0037112480640644208
1005.0 0.0042676791053963825
1006.0 0.004824109055334702
1007.0 0.004640987754100934
1008.0 0.004457863906282
1009.0 0.004249214907758869
1010.0 0.0040405666368315
1011.0 0.003929579906980507
1012.0 0.0038185935409273952
1013.0 0.003529555397108197
1014.0 0.003240517253288999
1015.0 0.0028924336220370606
1016.0 0.002544349990785122
1017.0 0.0024430999474134296
1018.0 0.0023418499040417373
1019.0 0.0019154322217218578
1020.0 0.001489014357503038
1021.0 0.0013310974281921517
1022.0 0.0011731804079317953
1023.0 0.0014268943232309539
1024.0 0.001680608511378523
1025.0 0.001825369690777734
1026.0 0.001970131415873766
1027.0 0.001768284164427314
1028.0 0.001566436912980862
1029.0 0.0018431333955959417
1030.0 0.002119830242008902
1031.0 0.0025797651687753387
1032.0 0.0030397002774407156
1033.0 0.0029105642170179635
1034.0 0.002781428338494152
1035.0 0.0028306432795943692
1036.0 0.0028798580387956463
1037.0 0.002880707870644983
1038.0 0.002881557520595379
1039.0 0.0024119704903569072
1040.0 0.001942383823916316
1041.0 0.0016709389456082135
1042.0 0.001399494067300111
1043.0 0.0016561416487093084
1044.0 0.001912789412017446
1045.0 0.0015338962839450687
1046.0 0.0011550032468221616
1047.0 0.0015344430721597746
1048.0 0.0019138833522447385
1049.0 0.0015167698620643932
1050.0 0.001119655826187227
1051.0 0.0014267539881984703
1052.0 0.001733851786411833
1053.0 0.001611389780009631
1054.0 0.0014889279555063695
1055.0 0.0010408458365418483
1056.0 0.0005927640813752078
1057.0 0.0013284082342579495
1058.0 0.0020640523871406913
1059.0 0.0013593332369055133
1060.0 0.0006546144959429512
1061.0 0.0019925535525544547
1062.0 0.003330492472741753
1063.0 0.0023876888008089736
1064.0 0.0014448845831793733
1065.0 0.0015613115465384908
1066.0 0.001677738327998668
1067.0 0.001655151936574839
1068.0 0.0016325648175552487
1069.0 0.002739658702921588
1070.0 0.0038467522244900465
1071.0 0.0026677311325329356
1072.0 0.0014887100405758247
1073.0 0.0024318540454260074
1074.0 0.0033749973226804286
1075.0 0.004442782301339321
1076.0 0.005510566188604571
1077.0 0.006382283027051017
1078.0 0.007254000229295343
1079.0 0.007738074782537296
1080.0 0.008222148608183488
1081.0 0.005840979429194704
1082.0 0.0034598106140038
1083.0 0.003439291685936041
1084.0 0.003418772394070402
1085.0 0.0035096196370432153
1086.0 0.0036004661524202675
1087.0 0.004240978159941733
1088.0 0.004881490531261079
1089.0 0.005378065907279961
1090.0 0.005874641283298843
1091.0 0.0046188870328478515
1092.0 0.0033631327823968604
1093.0 0.0022165681002661586
1094.0 0.0010700034181354567
1095.0 0.0018988672309205867
1096.0 0.0027277314075035974
1097.0 0.00365773776138667
1098.0 0.004587744479067624
1099.0 0.0030399798561120406
1100.0 0.001492214960308047
