lsstCam/transmission_filter_detector/r01_s01/u_24/19700101T000000.ecsv
# %ECSV 1.0
# ---
# datatype:
# - {name: wavelength, unit: nm, datatype: float32}
# - {name: efficiency, unit: '%', datatype: float64}
# meta: !!omap
# - {MODE: DETECTOR}
# - {TYPE: transmission_filter_detector}
# - {CALIBDATE: '1970-01-01T00:00:00'}
# - {INSTRUME: LSSTCam}
# - {OBSTYPE: transmission_filter_detector}
# - {CALIBCLS: lsst.ip.isr.IntermediateFilterDetectorTransmissionCurve}
# - {SOURCE: Materion (DM-46256)}
# - {DETECTOR: 1}
# - {FILTER: u_24}
# - {CALIB_ID: 'calibDate=1970-01-01T00:00:00 filter=u_24 detector=1'}
# - {DATE: '2025-04-02T15:59:39.750157'}
# - {CALIB_CREATION_DATE: '2025-04-02'}
# - {CALIB_CREATION_TIME: '15:59:39'}
# - __serialized_columns__:
#     efficiency:
#       __class__: astropy.units.quantity.Quantity
#       unit: !astropy.units.Unit {unit: '%'}
#       value: !astropy.table.SerializedColumn {name: efficiency}
#     wavelength:
#       __class__: astropy.units.quantity.Quantity
#       unit: !astropy.units.Unit {unit: nm}
#       value: !astropy.table.SerializedColumn {name: wavelength}
# schema: astropy-2.0
wavelength efficiency
295.0 1.9562962361163727e-10
296.0 1.9562962361163727e-10
297.0 1.9562962361163727e-10
298.0 1.9562962361163727e-10
299.0 1.9562962361163727e-10
300.0 1.9562962361163727e-10
301.0 1.9562962361163727e-10
302.0 1.9562962361163727e-10
303.0 0.19882384222000837
304.0 0.7659159600734711
305.0 1.7227159813046455
306.0 3.1571924686431885
307.0 5.769498273730278
308.0 8.825329691171646
309.0 12.501877546310425
310.0 16.558408737182617
311.0 20.26638388633728
312.0 23.877355456352234
313.0 26.585379242897034
314.0 29.245087504386902
315.0 31.51881992816925
316.0 34.248086810112
317.0 37.78679668903351
318.0 41.957977414131165
319.0 47.4219411611557
320.0 54.07409071922302
321.0 59.374815225601196
322.0 65.06571769714355
323.0 69.30360198020935
324.0 72.38865494728088
325.0 74.69579577445984
326.0 76.69423818588257
327.0 78.1162440776825
328.0 79.93108034133911
329.0 80.96720576286316
330.0 81.68305158615112
331.0 82.05893635749817
332.0 82.27696418762207
333.0 82.36404061317444
334.0 82.50899910926819
335.0 83.16181898117065
336.0 83.73156785964966
337.0 84.40689444541931
338.0 85.29225587844849
339.0 85.73475480079651
340.0 86.04843020439148
341.0 86.31489276885986
342.0 86.58737540245056
343.0 86.56706809997559
344.0 86.81394457817078
345.0 87.34315037727356
346.0 87.63254880905151
347.0 88.00845146179199
348.0 88.22206258773804
349.0 88.34545016288757
350.0 88.42527270317078
351.0 88.61504197120667
352.0 88.50502967834473
353.0 88.51305842399597
354.0 88.32746744155884
355.0 88.51591944694519
356.0 88.46964240074158
357.0 88.2261872291565
358.0 87.82186508178711
359.0 87.60332465171814
360.0 87.37604022026062
361.0 87.15767860412598
362.0 87.16820478439331
363.0 87.42203712463379
364.0 87.72560954093933
365.0 88.243168592453
366.0 88.45805525779724
367.0 88.48158121109009
368.0 88.48862051963806
369.0 88.63717317581177
370.0 88.57263922691345
371.0 88.61677050590515
372.0 88.73572945594788
373.0 89.04797434806824
374.0 89.08392190933228
375.0 89.49030041694641
376.0 89.78949189186096
377.0 89.82954621315002
378.0 89.71385955810547
379.0 89.05442357063293
380.0 87.83032894134521
381.0 86.09604239463806
382.0 84.11428928375244
383.0 82.12690949440002
384.0 79.94754314422607
385.0 77.29378938674927
386.0 74.27629232406616
387.0 70.25584578514099
388.0 65.96977710723877
389.0 61.16176247596741
390.0 56.897592544555664
391.0 52.70042419433594
392.0 48.7035870552063
393.0 45.256662368774414
394.0 41.51735603809357
395.0 36.701610684394836
396.0 30.960774421691895
397.0 23.475202918052673
398.0 16.353031992912292
399.0 9.752698987722397
400.0 4.7413550317287445
401.0 1.8311409279704094
402.0 0.5720530636608601
403.0 0.24520354345440865
404.0 0.0983049045316875
405.0 0.04150121530983597
406.0 1.9562962361163727e-10
407.0 1.9562962361163727e-10
408.0 1.9562962361163727e-10
409.0 1.9562962361163727e-10
410.0 1.9562962361163727e-10
411.0 1.9562962361163727e-10
412.0 1.9562962361163727e-10
413.0 1.9562962361163727e-10
414.0 1.9562962361163727e-10
415.0 1.9562962361163727e-10
416.0 1.9562962361163727e-10
417.0 1.9562962361163727e-10
418.0 1.9562962361163727e-10
419.0 1.9562962361163727e-10
420.0 1.9562962361163727e-10
421.0 1.9562962361163727e-10
422.0 1.9562962361163727e-10
423.0 1.9562962361163727e-10
424.0 1.9562962361163727e-10
425.0 1.9562962361163727e-10
426.0 1.9562962361163727e-10
427.0 1.9562962361163727e-10
428.0 1.9562962361163727e-10
429.0 0.0015080430785019416
430.0 0.003830219429801218
431.0 0.0018066271877614781
432.0 1.9562962361163727e-10
433.0 1.9562962361163727e-10
434.0 1.9562962361163727e-10
435.0 0.0008282952876470517
436.0 0.0018958671716973186
437.0 1.9562962361163727e-10
438.0 1.9562962361163727e-10
439.0 1.9562962361163727e-10
440.0 0.0017275175196118653
441.0 1.9562962361163727e-10
442.0 1.9562962361163727e-10
443.0 1.9562962361163727e-10
444.0 1.9562962361163727e-10
445.0 1.9562962361163727e-10
446.0 1.9562962361163727e-10
447.0 1.9562962361163727e-10
448.0 8.986089028439892e-05
449.0 0.0004175265075900825
450.0 0.000745192073736689
451.0 1.9562962361163727e-10
452.0 1.9562962361163727e-10
453.0 1.9562962361163727e-10
454.0 1.9562962361163727e-10
455.0 1.9562962361163727e-10
456.0 1.9562962361163727e-10
457.0 1.9562962361163727e-10
458.0 1.9562962361163727e-10
459.0 1.9562962361163727e-10
460.0 1.9562962361163727e-10
461.0 1.9562962361163727e-10
462.0 1.9562962361163727e-10
463.0 1.9562962361163727e-10
464.0 1.9562962361163727e-10
465.0 1.9562962361163727e-10
466.0 0.0002374530822635279
467.0 1.9562962361163727e-10
468.0 1.9562962361163727e-10
469.0 1.9562962361163727e-10
470.0 0.00017631443824939197
471.0 2.7520118806023675e-05
472.0 1.9562962361163727e-10
473.0 1.9562962361163727e-10
474.0 1.9562962361163727e-10
475.0 1.9562962361163727e-10
476.0 0.0007353298769885441
477.0 0.0004895655365544371
478.0 0.00024380135528190294
479.0 2.096095954584598e-05
480.0 1.9562962361163727e-10
481.0 3.181476131430827e-05
482.0 0.0002655084699654253
483.0 0.0002560491338954307
484.0 0.00024658957045176066
485.0 1.9562962361163727e-10
486.0 1.9562962361163727e-10
487.0 1.9562962361163727e-10
488.0 1.9562962361163727e-10
489.0 1.9562962361163727e-10
490.0 1.9562962361163727e-10
491.0 1.9562962361163727e-10
492.0 1.9562962361163727e-10
493.0 1.9562962361163727e-10
494.0 1.9562962361163727e-10
495.0 1.9562962361163727e-10
496.0 1.9562962361163727e-10
497.0 0.000419719799538143
498.0 0.0008582955160818528
499.0 0.0005845175564900273
500.0 0.0003107396651103045
501.0 1.9562962361163727e-10
502.0 1.9562962361163727e-10
503.0 1.9562962361163727e-10
504.0 1.9562962361163727e-10
505.0 1.9562962361163727e-10
506.0 1.9562962361163727e-10
507.0 1.9562962361163727e-10
508.0 1.9562962361163727e-10
509.0 1.9562962361163727e-10
510.0 1.9562962361163727e-10
511.0 0.0002946896529465448
512.0 0.0008250257451436482
513.0 0.000711222855898086
514.0 0.0005974198302283185
515.0 0.0007432583515765145
516.0 0.0008890969183994457
517.0 0.0001361476279271301
518.0 1.9562962361163727e-10
519.0 1.9562962361163727e-10
520.0 0.00015677328519814182
521.0 0.00047720950533403084
522.0 0.0007976456799951848
523.0 0.0002654358240761212
524.0 1.9562962361163727e-10
525.0 1.9562962361163727e-10
526.0 1.9562962361163727e-10
527.0 1.9562962361163727e-10
528.0 1.9562962361163727e-10
529.0 1.9562962361163727e-10
530.0 1.9562962361163727e-10
531.0 8.918664207158145e-05
532.0 0.0005629828592645936
533.0 1.9562962361163727e-10
534.0 1.9562962361163727e-10
535.0 1.9562962361163727e-10
536.0 1.9562962361163727e-10
537.0 1.9562962361163727e-10
538.0 1.9562962361163727e-10
539.0 1.9562962361163727e-10
540.0 1.9562962361163727e-10
541.0 1.9562962361163727e-10
542.0 1.9562962361163727e-10
543.0 1.9562962361163727e-10
544.0 1.9562962361163727e-10
545.0 1.9562962361163727e-10
546.0 1.9562962361163727e-10
547.0 1.9562962361163727e-10
548.0 1.9562962361163727e-10
549.0 1.9562962361163727e-10
550.0 5.1280005664011696e-05
551.0 1.9562962361163727e-10
552.0 1.9562962361163727e-10
553.0 1.9562962361163727e-10
554.0 1.9562962361163727e-10
555.0 1.9562962361163727e-10
556.0 1.9562962361163727e-10
557.0 1.9562962361163727e-10
558.0 1.9562962361163727e-10
559.0 1.9562962361163727e-10
560.0 1.9562962361163727e-10
561.0 1.9562962361163727e-10
562.0 1.9562962361163727e-10
563.0 1.9562962361163727e-10
564.0 1.9562962361163727e-10
565.0 1.9562962361163727e-10
566.0 1.9562962361163727e-10
567.0 1.9562962361163727e-10
568.0 0.00011937746648982284
569.0 0.00032203865885094274
570.0 0.0005246997261565411
571.0 0.0005735677405027673
572.0 0.0006224359822226688
573.0 0.0005938783033343498
574.0 0.0005653209882439114
575.0 0.00028599249617400346
576.0 6.6641483442708704e-06
577.0 8.120125585264759e-05
578.0 0.00015573838254567818
579.0 0.000371588771486131
580.0 0.0005874390353710623
581.0 0.0008015312232600991
582.0 0.0010156238204217516
583.0 0.0011310784429952037
584.0 0.0012465333384170663
585.0 0.0009610088454792276
586.0 0.0006754839432687731
587.0 0.0008674927812535316
588.0 0.001059501664713025
589.0 0.0011655270100163762
590.0 0.001271552264370257
591.0 0.0010965864930767566
592.0 0.0009216208127327263
593.0 0.0005672447514371015
594.0 0.00021286853097990388
595.0 0.0006328789822873659
596.0 0.0010528892744332552
597.0 0.0013749080608249642
598.0 0.0016969268472166732
599.0 0.002257858432130888
600.0 0.0028187896532472223
601.0 0.0025725421437527984
602.0 0.0023262946342583746
603.0 0.0017868784198071808
604.0 0.0012474622963054571
605.0 0.0010058483894681558
606.0 0.0007642344826308545
607.0 0.0007800766979926266
608.0 0.0007959189133543987
609.0 0.0007358726634265622
610.0 0.0006758262770745205
611.0 0.00071774502430344
612.0 0.0007596637260576244
613.0 0.0007159997494454728
614.0 0.0006723358637827914
615.0 0.0007026248113106703
616.0 0.0007329138497880194
617.0 0.0006262704573600786
618.0 0.0005196272468310781
619.0 0.00036534124774334487
620.0 0.00021105536234244937
621.0 0.0003965450105170021
622.0 0.0005820345904794522
623.0 0.0006590648808924016
624.0 0.000736095171305351
625.0 0.0009091282663575839
626.0 0.001082161452359287
627.0 0.0009662088814366143
628.0 0.0008502564014634117
629.0 0.0010798208677442744
630.0 0.0013093853340251371
631.0 0.0018001863281824626
632.0 0.002290986776642967
633.0 0.0023266044081537984
634.0 0.00236222222156357
635.0 0.002304199915670324
636.0 0.0022461772459791973
637.0 0.0018809369066730142
638.0 0.0015156962035689503
639.0 0.0010928399206022732
640.0 0.0006699834557366557
641.0 0.0008558485205867328
642.0 0.0010417135854368098
643.0 0.0008768901352596004
644.0 0.0007120666850823909
645.0 0.000706332502886653
646.0 0.0007005981842667097
647.0 0.0002400479388597887
648.0 1.9562962361163727e-10
649.0 3.432144808357407e-05
650.0 0.00028914521408296423
651.0 0.0007444042239512783
652.0 0.0011996634384559002
653.0 0.001498783240094781
654.0 0.0017979024050873704
655.0 0.002009420313697774
656.0 0.0022209376766113564
657.0 0.0030955623515183106
658.0 0.003970187026425265
659.0 0.004151550092501566
660.0 0.004332913158577867
661.0 0.003951431062887423
662.0 0.003569948603399098
663.0 0.0027982341634924524
664.0 0.002026519723585807
665.0 0.00176469638972776
666.0 0.0015028726011223625
667.0 0.0015261801308952272
668.0 0.0015494873878196813
669.0 0.0010007572200265713
670.0 0.00045202718865766656
671.0 0.00048302599680027924
672.0 0.0005140245775692165
673.0 0.0007518573966081021
674.0 0.0009896902156469878
675.0 0.0011599242498050444
676.0 0.0013301581930136308
677.0 0.0019752040316234343
678.0 0.002620250052132178
679.0 0.0029236409318400547
680.0 0.003227031629648991
681.0 0.004708601409220137
682.0 0.006190170824993402
683.0 0.00777164168539457
684.0 0.009353114728583023
685.0 0.00882712920429185
686.0 0.008301145862787962
687.0 0.007119771180441603
688.0 0.005938395406701602
689.0 0.004857451858697459
690.0 0.003776508674491197
691.0 0.003550433393684216
692.0 0.003324358112877235
693.0 0.0029941904358565807
694.0 0.0026640227588359267
695.0 0.0022174401237862185
696.0 0.0017708574887365103
697.0 0.001391967452946119
698.0 0.0010130772352567874
699.0 0.000838892265164759
700.0 0.0006647073405474657
701.0 0.0005935112312727142
702.0 0.0005223153038969031
703.0 0.0006751257387804799
704.0 0.0008279364010377321
705.0 0.0009890176443150267
706.0 0.0011500990694912616
707.0 0.0010114486030943226
708.0 0.0008727978638489731
709.0 0.0006736805062246276
710.0 0.00047456310312554706
711.0 0.0005530446742341155
712.0 0.0006315261998679489
713.0 0.0007257827292050933
714.0 0.0008200392585422378
715.0 0.0007372476375167025
716.0 0.0006544561074406374
717.0 0.0006586987638002029
718.0 0.0006629414201597683
719.0 0.00038151279113662895
720.0 0.00010008413937612204
721.0 0.0002653203864610987
722.0 0.00043055665628344286
723.0 0.0003106101303274045
724.0 0.00019066362710873364
725.0 0.00021234352516330546
726.0 0.0002340233777431422
727.0 0.0004280567281966796
728.0 0.0006220901923370548
729.0 0.00044610851546167396
730.0 0.00027012713417207124
731.0 0.00023570648863824317
732.0 0.0002012858431044151
733.0 0.00012143796084274072
734.0 4.159010131843388e-05
735.0 0.0002606501766422298
736.0 0.0004797102519660257
737.0 0.0005865842922503361
738.0 0.0006934583325346466
739.0 0.0008160445759131107
740.0 0.0009386308192915749
741.0 0.0015634514056728221
742.0 0.002188271719205659
743.0 0.002855633465514984
744.0 0.0035229950299253687
745.0 0.0038861642678966746
746.0 0.0042493331420701
747.0 0.003973138154833578
748.0 0.003696942440001294
749.0 0.003166522947140038
750.0 0.002636103454278782
751.0 0.0022336060283123516
752.0 0.0018311087842448615
753.0 0.0018451999494573101
754.0 0.0018592909327708185
755.0 0.0020888946892227978
756.0 0.0023184988094726577
757.0 0.002172772838093806
758.0 0.002027046684816014
759.0 0.001702235203993041
760.0 0.0013774239960184786
761.0 0.0013011655028094538
762.0 0.0012249070096004289
763.0 0.0009112055522564333
764.0 0.0005975040039629675
765.0 0.0007082175216055475
766.0 0.0008189312211470678
767.0 0.0007363642907876056
768.0 0.0006537972694786731
769.0 0.0006453894457081333
770.0 0.0006369814855133882
771.0 0.0005557006261369679
772.0 0.00047441972128581256
773.0 0.00044716002776112873
774.0 0.00041990047066065017
775.0 0.0004290432116249576
776.0 0.0004381858616397949
777.0 0.0005476220394484699
778.0 0.0006570580353582045
779.0 0.0008181167686416302
780.0 0.0009791752745513804
781.0 0.001159486419055611
782.0 0.0013397976545093115
783.0 0.0012330177014518995
784.0 0.0011262376574450172
785.0 0.0012582732779264916
786.0 0.0013903086255595554
787.0 0.0010434303476358764
788.0 0.0006965522970858729
789.0 0.0007967721103341319
790.0 0.0008969920600065961
791.0 0.0008295864972751588
792.0 0.000762180752644781
793.0 0.00028725823995046085
794.0 1.9562962361163727e-10
795.0 0.00013234607649792451
796.0 0.00045235651668917853
797.0 0.0005001641966373427
798.0 0.0005479718311107717
799.0 0.0003292760084150359
800.0 0.00011058011750719743
801.0 1.9562962361163727e-10
802.0 1.9562962361163727e-10
803.0 1.9562962361163727e-10
804.0 1.9562962361163727e-10
805.0 0.0001000689621832862
806.0 0.00029958478080516215
807.0 0.00014375851833392517
808.0 1.9562962361163727e-10
809.0 0.00013717996125706122
810.0 0.000286427780338272
811.0 3.7028982102782493e-07
812.0 1.9562962361163727e-10
813.0 9.891523404803593e-05
814.0 0.0004835176696360577
815.0 0.00040356844692723826
816.0 0.0003236192014810513
817.0 0.00032461109640280483
818.0 0.0003256029458498233
819.0 8.934908350965998e-05
820.0 1.9562962361163727e-10
821.0 1.9562962361163727e-10
822.0 1.9562962361163727e-10
823.0 1.9562962361163727e-10
824.0 0.00016473600226163398
825.0 1.9562962361163727e-10
826.0 1.9562962361163727e-10
827.0 4.6626982452835364e-05
828.0 0.00037158397390157916
829.0 0.0004621172593033407
830.0 0.0005526508175535128
831.0 0.00021956886939733522
832.0 1.9562962361163727e-10
833.0 1.9562962361163727e-10
834.0 1.9562962361163727e-10
835.0 1.9562962361163727e-10
836.0 1.9562962361163727e-10
837.0 1.9562962361163727e-10
838.0 1.9562962361163727e-10
839.0 1.9562962361163727e-10
840.0 1.9562962361163727e-10
841.0 1.9562962361163727e-10
842.0 1.9562962361163727e-10
843.0 1.9562962361163727e-10
844.0 1.9562962361163727e-10
845.0 0.00013944045349489897
846.0 0.0004065506345796166
847.0 0.0002251367050121189
848.0 4.37227214433733e-05
849.0 0.00023953914478624938
850.0 0.00043535542317840736
851.0 0.0003338788019391359
852.0 0.00023240208975039423
853.0 0.00023292061541724252
854.0 0.00023343900465988554
855.0 0.0003284154217908508
856.0 0.000423391793447081
857.0 0.0006590889370272635
858.0 0.0008947862625063863
859.0 0.0010206745173491072
860.0 0.0011465630450402386
861.0 0.0011419819202274084
862.0 0.0011374007954145782
863.0 0.0013630124158225954
864.0 0.0015886238543316722
865.0 0.0019732575310627
866.0 0.0023578912077937275
867.0 0.002152444540115539
868.0 0.0019469978724373505
869.0 0.002106320607708767
870.0 0.0022656427972833626
871.0 0.002064502223220188
872.0 0.0018633614672580734
873.0 0.0020985178707633168
874.0 0.0023336744561675005
