lsstCam/transmission_filter_detector/r43_s12/r_57/19700101T000000.ecsv
# %ECSV 1.0
# ---
# datatype:
# - {name: wavelength, unit: nm, datatype: float32}
# - {name: efficiency, unit: '%', datatype: float64}
# meta: !!omap
# - {MODE: DETECTOR}
# - {TYPE: transmission_filter_detector}
# - {CALIBDATE: '1970-01-01T00:00:00'}
# - {INSTRUME: LSSTCam}
# - {OBSTYPE: transmission_filter_detector}
# - {CALIBCLS: lsst.ip.isr.IntermediateFilterDetectorTransmissionCurve}
# - {SOURCE: Materion (DM-46256)}
# - {DETECTOR: 185}
# - {FILTER: r_57}
# - {CALIB_ID: 'calibDate=1970-01-01T00:00:00 filter=r_57 detector=185'}
# - {DATE: '2025-04-02T15:59:45.040152'}
# - {CALIB_CREATION_DATE: '2025-04-02'}
# - {CALIB_CREATION_TIME: '15:59:45'}
# - __serialized_columns__:
#     efficiency:
#       __class__: astropy.units.quantity.Quantity
#       unit: !astropy.units.Unit {unit: '%'}
#       value: !astropy.table.SerializedColumn {name: efficiency}
#     wavelength:
#       __class__: astropy.units.quantity.Quantity
#       unit: !astropy.units.Unit {unit: nm}
#       value: !astropy.table.SerializedColumn {name: wavelength}
# schema: astropy-2.0
wavelength efficiency
300.0 0.0033456279197707772
301.0 0.009132385457633063
302.0 0.014919144450686872
303.0 0.01862140925368294
304.0 0.022323675511870533
305.0 0.01966985291801393
306.0 0.017016028868965805
307.0 0.01470319548388943
308.0 0.012390359188430011
309.0 0.01111215169657953
310.0 0.009833943477133289
311.0 0.009232482989318669
312.0 0.008631021773908287
313.0 0.007951374573167413
314.0 0.007271729555213824
315.0 0.006915171252330765
316.0 0.006558612221851945
317.0 0.006003956877975725
318.0 0.005449301170301624
319.0 0.005075869194115512
320.0 0.004702436490333639
321.0 0.004524834002950229
322.0 0.004347231879364699
323.0 0.003926363206119277
324.0 0.003505495988065377
325.0 0.0036435336369322613
326.0 0.003781569466809742
327.0 0.0038988524465821683
328.0 0.004016134698758833
329.0 0.003963239578297362
330.0 0.00391034445783589
331.0 0.003609096529544331
332.0 0.003307847146061249
333.0 0.0029022839953540824
334.0 0.002496721026545856
335.0 0.0022612468455918133
336.0 0.0020257726646377705
337.0 0.00191519739018986
338.0 0.0018046221157419495
339.0 0.001679351225902792
340.0 0.0015540803360636346
341.0 0.0015664103557355702
342.0 0.0015787401935085654
343.0 0.0014798485608480405
344.0 0.0013809569281875156
345.0 0.0013561116247728933
346.0 0.0013312664123077411
347.0 0.0012545530807983596
348.0 0.001177839749288978
349.0 0.0011219598491152283
350.0 0.0060446400311775506
351.0 0.005857348878635094
352.0 0.00567005954508204
353.0 0.005210404560784809
354.0 0.0047507495764875785
355.0 0.004596855069394223
356.0 0.004442960562300868
357.0 0.004820552567252889
358.0 0.005198146027396433
359.0 0.0037722595152445138
360.0 0.0023463730030925944
361.0 0.0033606611395953223
362.0 0.004374950003693812
363.0 0.003266352359787561
364.0 0.0021577547158813104
365.0 0.0026910711312666535
366.0 0.0032243875466519967
367.0 0.0036681976780528203
368.0 0.004112008173251525
369.0 0.004000432090833783
370.0 0.0038888578274054453
371.0 0.003592507346183993
372.0 0.0032961572287604213
373.0 0.004090121365152299
374.0 0.004884084773948416
375.0 0.003835944880847819
376.0 0.002787804805848282
377.0 0.0023885706468718126
378.0 0.001989336669794284
379.0 0.002283859794260934
380.0 0.0025783831006265245
381.0 0.00344958680216223
382.0 0.004320790321798995
383.0 0.004680893835029565
384.0 0.005040998075855896
385.0 0.005325891106622294
386.0 0.005610784864984453
387.0 0.004737935523735359
388.0 0.003865085818688385
389.0 0.002729110201471485
390.0 0.0015931344023556449
391.0 0.0014595362699765246
392.0 0.0013259381375974044
393.0 0.0011903149243153166
394.0 0.0010546920748311095
395.0 0.00137722972795018
396.0 0.0016997675629681908
397.0 0.0015741670722491108
398.0 0.0014485663086816203
399.0 0.0011877872566401493
400.0 0.0009270084774470888
401.0 0.0008520264600520022
402.0 0.0007770444426569156
403.0 0.0010679247679945547
404.0 0.0013588053661806043
405.0 0.001343426811217796
406.0 0.0013280484381539281
407.0 0.0013079721611575224
408.0 0.001287896157009527
409.0 0.001453383629268501
410.0 0.0016188709196285345
411.0 0.0017617559933569282
412.0 0.001904641067085322
413.0 0.0017245009075850248
414.0 0.001544360929983668
415.0 0.0014612040104111657
416.0 0.0013780471817881335
417.0 0.0017989552361541428
418.0 0.0022198633814696223
419.0 0.002972949732793495
420.0 0.003726036084117368
421.0 0.005689767203875817
422.0 0.007653496868442744
423.0 0.010901659697992727
424.0 0.014149821072351187
425.0 0.019133620662614703
426.0 0.024117418797686696
427.0 0.023700017482042313
428.0 0.023282614711206406
429.0 0.01846023806137964
430.0 0.013637859956361353
431.0 0.009744983253767714
432.0 0.0058521040045889094
433.0 0.004859938417212106
434.0 0.003867772829835303
435.0 0.0032697116694180295
436.0 0.002671650145202875
437.0 0.002130722896254156
438.0 0.001589795465406496
439.0 0.0014500413271889556
440.0 0.0013102871889714152
441.0 0.0013580560334958136
442.0 0.001405824878020212
443.0 0.0014767547327210195
444.0 0.0015476842236239463
445.0 0.001067095399776008
446.0 0.0005865064395038644
447.0 0.0010176815521845128
448.0 0.0014488564374914858
449.0 0.0017660548110143282
450.0 0.0020832530935877003
451.0 0.0019820361558231525
452.0 0.0018808190361596644
453.0 0.001750308001646772
454.0 0.0016197969671338797
455.0 0.0013871559531253297
456.0 0.0011545152119651902
457.0 0.0012449476344045252
458.0 0.0013353804206417408
459.0 0.0014498494238068815
460.0 0.0015643181541236117
461.0 0.00228472981689265
462.0 0.003005141843459569
463.0 0.004012064528069459
464.0 0.00501898757647723
465.0 0.006048463546903804
466.0 0.007077938789734617
467.0 0.007577243377454579
468.0 0.008076550147961825
469.0 0.006872076482977718
470.0 0.005667604636983015
471.0 0.004155602437094785
472.0 0.0026436006010044366
473.0 0.0019347098714206368
474.0 0.0012258193237357773
475.0 0.0011382699995010626
476.0 0.0010507210390642285
477.0 0.0010688937436498236
478.0 0.0010870663572859485
479.0 0.0009767036317498423
480.0 0.0008663409062137362
481.0 0.0008484947102260776
482.0 0.000830648514238419
483.0 0.0007417863798764301
484.0 0.0006529241545649711
485.0 0.0007851749614928849
486.0 0.0009174255865218583
487.0 0.000929307771002641
488.0 0.0009411898645339534
489.0 0.0009628443876863457
490.0 0.000984498910838738
491.0 0.0009361938282381743
492.0 0.0008878887456376106
493.0 0.0009348656931251753
494.0 0.0009818423677643295
495.0 0.00106508041426423
496.0 0.001148318642663071
497.0 0.001218635770783294
498.0 0.0012889531717519276
499.0 0.001378057186229853
500.0 0.0014671611097583082
501.0 0.0017299149476457387
502.0 0.0019926688764826395
503.0 0.0024127333745127544
504.0 0.002832797690643929
505.0 0.0034827848139684647
506.0 0.0041327719372930005
507.0 0.0050068865675712
508.0 0.005881000470253639
509.0 0.00606021421845071
510.0 0.006239427602849901
511.0 0.005604736725217663
512.0 0.004970045119989663
513.0 0.004221789640723728
514.0 0.003473533797659911
515.0 0.003309194289613515
516.0 0.003144854781567119
517.0 0.0031726569432066754
518.0 0.0032004601962398738
519.0 0.05272727576084435
520.0 0.0522735936101526
521.0 0.12053486425429583
522.0 0.0728562125004828
523.0 0.09940795134752989
524.0 0.07027447572909296
525.0 0.08221542811952531
526.0 0.09109837119467556
527.0 0.06287683499976993
528.0 0.132620963267982
529.0 0.11180409928783774
530.0 0.22523084189742804
531.0 0.29126096051186323
532.0 0.26831929571926594
533.0 0.3653522115200758
534.0 0.5476980470120907
535.0 0.733506353572011
536.0 1.1240377090871334
537.0 1.7431331798434258
538.0 2.7465183287858963
539.0 4.391809552907944
540.0 6.717412918806076
541.0 9.35656651854515
542.0 12.790805101394653
543.0 17.09056943655014
544.0 22.56941795349121
545.0 28.339791297912598
546.0 35.31421422958374
547.0 42.895787954330444
548.0 51.499491930007935
549.0 59.277886152267456
550.0 64.66774940490723
551.0 70.71692943572998
552.0 74.50457215309143
553.0 78.56643199920654
554.0 81.92804455757141
555.0 85.33397912979126
556.0 88.8890266418457
557.0 91.04350805282593
558.0 93.1736946105957
559.0 94.99975442886353
560.0 94.7187066078186
561.0 95.79973816871643
562.0 96.07437252998352
563.0 95.538330078125
564.0 95.88242173194885
565.0 95.73917388916016
566.0 96.14670872688293
567.0 95.79703211784363
568.0 96.56011462211609
569.0 97.41451740264893
570.0 96.71329259872437
571.0 97.26130366325378
572.0 97.20423817634583
573.0 97.07998633384705
574.0 97.31181263923645
575.0 97.19322323799133
576.0 97.6173460483551
577.0 97.07920551300049
578.0 97.52026200294495
579.0 97.26623296737671
580.0 96.85397148132324
581.0 97.0058798789978
582.0 97.17755913734436
583.0 97.06326723098755
584.0 96.53127789497375
585.0 96.90491557121277
586.0 96.8066394329071
587.0 96.91641330718994
588.0 97.02946543693542
589.0 98.0054497718811
590.0 97.11326956748962
591.0 96.222323179245
592.0 96.35390639305115
593.0 96.22377157211304
594.0 96.10280394554138
595.0 96.66134715080261
596.0 97.38797545433044
597.0 97.70056009292603
598.0 97.23066091537476
599.0 97.41095900535583
600.0 97.25642800331116
601.0 96.32318615913391
602.0 97.05642461776733
603.0 96.64891362190247
604.0 96.64325714111328
605.0 97.17222452163696
606.0 96.35990858078003
607.0 96.44370675086975
608.0 96.5295672416687
609.0 95.99654078483582
610.0 96.30922675132751
611.0 95.91188430786133
612.0 96.04052901268005
613.0 96.96308970451355
614.0 97.112375497818
615.0 96.84654474258423
616.0 96.81734442710876
617.0 96.57998085021973
618.0 96.50145769119263
619.0 97.11125493049622
620.0 96.38024568557739
621.0 96.18465900421143
622.0 97.03588485717773
623.0 97.02019691467285
624.0 96.78876996040344
625.0 97.30483889579773
626.0 96.05857729911804
627.0 95.68173289299011
628.0 97.55617380142212
629.0 96.396005153656
630.0 96.69172763824463
631.0 96.40230536460876
632.0 97.34966158866882
633.0 96.6535747051239
634.0 96.08732461929321
635.0 96.43970727920532
636.0 96.27870321273804
637.0 96.15925550460815
638.0 95.53319215774536
639.0 95.81906795501709
640.0 95.65932750701904
641.0 95.90094685554504
642.0 96.3969349861145
643.0 96.74887657165527
644.0 96.57639265060425
645.0 96.68429493904114
646.0 96.55745029449463
647.0 97.57318496704102
648.0 96.71921730041504
649.0 96.21822834014893
650.0 96.63847088813782
651.0 97.24511504173279
652.0 97.0402717590332
653.0 95.87373733520508
654.0 97.11610078811646
655.0 96.99394106864929
656.0 96.15803956985474
657.0 96.29507064819336
658.0 96.57863974571228
659.0 96.35426998138428
660.0 95.88936567306519
661.0 95.71167230606079
662.0 96.12929224967957
663.0 96.37892842292786
664.0 95.83104848861694
665.0 95.71607112884521
666.0 95.55603861808777
667.0 95.97375392913818
668.0 95.48366665840149
669.0 95.78865766525269
670.0 95.8523154258728
671.0 95.78536748886108
672.0 95.67946791648865
673.0 95.49641013145447
674.0 95.16796469688416
675.0 95.8092749118805
676.0 95.1393723487854
677.0 93.69930624961853
678.0 93.03397536277771
679.0 91.54731631278992
680.0 90.21238684654236
681.0 88.59215378761292
682.0 85.56397557258606
683.0 82.39321112632751
684.0 78.5118043422699
685.0 74.66691136360168
686.0 70.57100534439087
687.0 65.60232639312744
688.0 61.36428117752075
689.0 56.954944133758545
690.0 52.204859256744385
691.0 48.14147651195526
692.0 43.1827187538147
693.0 38.506731390953064
694.0 32.848161458969116
695.0 27.343076467514038
696.0 21.575646102428436
697.0 16.442757844924927
698.0 11.315781623125076
699.0 7.614710181951523
700.0 4.953187331557274
701.0 2.9351508244872093
702.0 1.7733894288539886
703.0 1.0389379225671291
704.0 0.5700989626348019
705.0 0.3477867692708969
706.0 0.23096625227481127
707.0 0.20535383373498917
708.0 0.11248101945966482
709.0 0.12480959994718432
710.0 0.025799829745665193
711.0 0.06226653349585831
712.0 0.04907894181087613
713.0 0.07357484428212047
714.0 0.03181234351359308
715.0 0.056587293511256576
716.0 0.023651278752367944
717.0 0.0414994457969442
718.0 0.054300541523844004
719.0 0.012522393080871552
720.0 1.7194834965594818e-10
721.0 0.003723176268977113
722.0 0.003643108721007593
723.0 0.003563040809240192
724.0 0.003328183083795011
725.0 0.00309332535834983
726.0 0.0028644899430219084
727.0 0.002635654527693987
728.0 0.0025444966013310477
729.0 0.002453338493069168
730.0 0.0023453470930689946
731.0 0.002237355693068821
732.0 0.0021722775272792205
733.0 0.0021071991795906797
734.0 0.0019557346604415216
735.0 0.0018042705050902441
736.0 0.0017327511159237474
737.0 0.0016612317267572507
738.0 0.0014365797142090742
739.0 0.0012119279745093081
740.0 0.0013547880371334031
741.0 0.0014976483726059087
742.0 0.0013864831998944283
743.0 0.001275318118132418
744.0 0.0012416410754667595
745.0 0.0012079642147000413
746.0 0.0011586304935917724
747.0 0.0011092966815340333
748.0 0.001040802635543514
749.0 0.0009723084986035246
750.0 0.0009210053576680366
751.0 0.000869701943884138
752.0 0.0008876450920070056
753.0 0.000905588149180403
754.0 0.0010145040505449288
755.0 0.0011234200428589247
756.0 0.001051417893904727
757.0 0.0009794158358999994
758.0 0.001015508041746216
759.0 0.0010516003385419026
760.0 0.0010973321877827402
761.0 0.0011430640370235778
762.0 0.0011405398254282773
763.0 0.0011380153409845661
764.0 0.0010170651876251213
765.0 0.0008961151252151467
766.0 0.0007044708581815939
767.0 0.0005128264547238359
768.0 0.0006265565389185213
769.0 0.0007402864866890013
770.0 0.0006951066097826697
771.0 0.0006499268238258082
772.0 0.0006053765446267789
773.0 0.0005608261290035443
774.0 0.0005475851139635779
775.0 0.0005343441443983465
776.0 0.000600412886342383
777.0 0.0006664816737611545
778.0 0.0006410091828001896
779.0 0.0006155366463644896
780.0 0.0005976225111226086
781.0 0.0005797083304059925
782.0 0.0006255229891394265
783.0 0.0006713379207212711
784.0 0.000711086386218085
785.0 0.0007508348971896339
786.0 0.0006776530881325016
787.0 0.0006044713700248394
788.0 0.0006351626325340476
789.0 0.0006658542133664014
790.0 0.0005368650818127207
791.0 0.0004078756774106296
792.0 0.0005067773599876091
793.0 0.0006056790425645886
794.0 0.0007388855919998605
795.0 0.0008720920959603973
796.0 0.0007783315595588647
797.0 0.0006845712050562724
798.0 0.0006569151082658209
799.0 0.0006292590114753693
800.0 0.0006619583018618869
801.0 0.0006946575012989342
802.0 0.0006726395895384485
803.0 0.0006506216323032277
804.0 0.000561442038815585
805.0 0.000472262308903737
806.0 0.0005219070772000123
807.0 0.0005715518454962876
808.0 0.0006698893230350222
809.0 0.0007682268005737569
810.0 0.000640174221189227
811.0 0.0005121216872794321
812.0 0.0006279637091211043
813.0 0.0007438057764375117
814.0 0.0007467395334970206
815.0 0.0007496732450817944
816.0 0.0006901547294546617
817.0 0.0006306362593022641
818.0 0.0004065489974891534
819.0 0.00018246188346893177
820.0 0.00036025869576405967
821.0 0.0005380555649026064
822.0 0.0005055697783973301
823.0 0.00047308403736678883
824.0 0.00044330918171908706
825.0 0.00041353446249559056
826.0 0.00042461633711354807
827.0 0.0004356982117315056
828.0 0.0004199452632747125
829.0 0.0004041923148179194
830.0 0.00020341749404906295
831.0 2.6427105837001363e-06
832.0 4.788296905644529e-05
833.0 9.312323072663276e-05
834.0 6.15753378951922e-05
835.0 3.0027408115529397e-05
836.0 0.0002606596353871282
837.0 0.000491291666548932
838.0 0.0013538508028432261
839.0 0.00221640984818805
840.0 0.0031961950298864394
841.0 0.004175979483989067
842.0 0.005116295142215677
843.0 0.006056608253857121
844.0 0.006009718345012516
845.0 0.005962829527561553
846.0 0.00559403415536508
847.0 0.005225240238360129
848.0 0.004520765287452377
849.0 0.003816291064140387
850.0 0.003456860576989129
851.0 0.00309742936224211
852.0 0.0027284819225315005
853.0 0.00235953411902301
854.0 0.002005603710131254
855.0 0.0016516729374416173
856.0 0.001315362624154659
857.0 0.0009790520380192902
858.0 0.0007683126568736043
859.0 0.0005575733212026535
860.0 0.0004182436896371655
861.0 0.0002789140125969425
862.0 0.00029179723242123146
863.0 0.00030468047498288797
864.0 0.0003030826746908133
865.0 0.0003014849198734737
866.0 0.0002411261448287405
867.0 0.0001807673811526911
868.0 7.740803766864701e-05
869.0 1.7194834965594818e-10
870.0 8.199630201488617e-05
871.0 0.00018994392121385317
872.0 0.0001710526362330711
873.0 0.0001521613626209728
874.0 0.0001950205842149444
875.0 0.0002378798399149673
876.0 0.00012619066183106042
877.0 1.4501506484521087e-05
878.0 3.580967131711077e-05
879.0 5.711783614970045e-05
880.0 9.871134807326598e-05
881.0 0.0001403049054715666
882.0 8.615212436779984e-05
883.0 3.199938305442629e-05
884.0 8.83779023297393e-05
885.0 0.00014475647276412928
886.0 0.0002394352804913069
887.0 0.000334114065481117
888.0 0.00028579493118741084
889.0 0.00023747579689370468
890.0 0.0002482595846231561
891.0 0.00025904334961524
892.0 0.00029133436783013167
893.0 0.00032362538604502333
894.0 0.0001869420998446003
895.0 5.0258807959835394e-05
896.0 1.3061782055956428e-05
897.0 1.7194834965594818e-10
898.0 4.923915071231022e-05
899.0 0.00012261351685083355
900.0 0.00010442722668813076
901.0 8.624090810371854e-05
902.0 0.00010727643484642613
