lsstCam/transmission_filter_detector/r43_s12/r_57/19700101T000000.ecsv
# %ECSV 1.0
# ---
# datatype:
# - {name: wavelength, unit: nm, datatype: float32}
# - {name: efficiency, unit: '%', datatype: float64}
# meta: !!omap
# - {MODE: DETECTOR}
# - {TYPE: transmission_filter_detector}
# - {CALIBDATE: '1970-01-01T00:00:00'}
# - {INSTRUME: LSSTCam}
# - {OBSTYPE: transmission_filter_detector}
# - {CALIBCLS: lsst.ip.isr.IntermediateFilterDetectorTransmissionCurve}
# - {SOURCE: Materion (DM-46256)}
# - {DETECTOR: 185}
# - {FILTER: r_57}
# - {CALIB_ID: 'calibDate=1970-01-01T00:00:00 filter=r_57 detector=185'}
# - {DATE: '2025-04-02T15:59:45.040152'}
# - {CALIB_CREATION_DATE: '2025-04-02'}
# - {CALIB_CREATION_TIME: '15:59:45'}
# - __serialized_columns__:
#     efficiency:
#       __class__: astropy.units.quantity.Quantity
#       unit: !astropy.units.Unit {unit: '%'}
#       value: !astropy.table.SerializedColumn {name: efficiency}
#     wavelength:
#       __class__: astropy.units.quantity.Quantity
#       unit: !astropy.units.Unit {unit: nm}
#       value: !astropy.table.SerializedColumn {name: wavelength}
# schema: astropy-2.0
wavelength efficiency
[from data line 604]
904.0 0.00019141486973239807
905.0 0.000254517749453953
906.0 0.00015040253629194922
907.0 4.6287323129945435e-05
908.0 0.00012553490478239837
909.0 0.00020478246369748376
910.0 0.00011716554126905976
911.0 2.9548598945439153e-05
912.0 0.00010749013199529145
913.0 0.0001854316678873147
914.0 0.00018269727206643438
915.0 0.0001799628648768703
916.0 0.00016434714780189097
917.0 0.0001487314079895441
918.0 0.00011714187166944612
919.0 8.555234671803191e-05
920.0 0.00014550623745890334
921.0 0.00020546012819977477
922.0 0.0001922245928653865
923.0 0.00017898910300573334
924.0 0.0002294252908541239
925.0 0.000279861501439882
926.0 0.0002974898961838335
927.0 0.000315118290927785
928.0 0.0002704080770854489
929.0 0.0002256978632431128
930.0 0.00017981379869524972
931.0 0.00013392972277870285
932.0 0.00011840572824439732
933.0 0.00010288174507877557
934.0 7.770432830511709e-05
935.0 5.252692290014238e-05
936.0 6.0525013623191626e-05
937.0 6.85230929775571e-05
938.0 1.7194834965594818e-10
939.0 1.7194834965594818e-10
940.0 9.664876188253402e-05
941.0 0.0002907400812546257
942.0 0.00030658093237434514
943.0 0.0003224217380193295
944.0 0.00029846030429325765
945.0 0.0002744987796177156
946.0 0.00042366959860373754
947.0 0.0005728404175897595
948.0 0.0006121948445070302
949.0 0.0006515493623737711
950.0 0.0006262323040573392
951.0 0.0006009151547914371
952.0 0.0006419880264729727
953.0 0.0006830608981545083
954.0 0.0009731588761496823
955.0 0.0012632570360437967
956.0 0.0010685521374398377
957.0 0.0008738475116842892
958.0 0.0011412273124733474
959.0 0.001408606840413995
960.0 0.0015076222553034313
961.0 0.0016066376701928675
962.0 0.001738478931656573
963.0 0.001870320011221338
964.0 0.0019569672076613642
965.0 0.0020436144041013904
966.0 0.0021010791897424497
967.0 0.0021585443391813897
968.0 0.002116280302288942
969.0 0.0020740162653964944
970.0 0.0021419224140117876
971.0 0.0022098283807281405
972.0 0.0023609900381416082
973.0 0.002512151695555076
974.0 0.002754712841124274
975.0 0.0029972745323902927
976.0 0.003132248457404785
977.0 0.0032672222005203366
978.0 0.0033001782867358997
979.0 0.0033331347367493436
980.0 0.003391412610653788
981.0 0.003449690848356113
982.0 0.0034639029763638973
983.0 0.0034781158319674432
984.0 0.0034164499083999544
985.0 0.003354784712428227
986.0 0.0032232757803285494
987.0 0.0030917672120267525
988.0 0.0030557028367184103
989.0 0.003019638461410068
990.0 0.0029409990020212717
991.0 0.0028623600883292966
992.0 0.0028023652703268453
993.0 0.002742370998021215
994.0 0.0028035083232680336
995.0 0.002864645648514852
996.0 0.002903321546909865
997.0 0.002941997445304878
998.0 0.002945888445538003
999.0 0.0029497796276700683
1000.0 0.0030208195312297903
1001.0 0.003091859252890572
1002.0 0.003269918670412153
1003.0 0.003447978087933734
1004.0 0.003751160329557024
1005.0 0.004054342571180314
1006.0 0.004163924677413888
1007.0 0.004273506783647463
1008.0 0.004319285289966501
1009.0 0.00436506379628554
1010.0 0.00433957829955034
1011.0 0.004314092802815139
1012.0 0.004278344931663014
1013.0 0.004242596696713008
1014.0 0.004186191290500574
1015.0 0.00412978588428814
1016.0 0.0036646608350565657
1017.0 0.0031995357858249918
1018.0 0.0028330627174000256
1019.0 0.0024665891032782383
1020.0 0.002299912739545107
1021.0 0.0021332360120140947
1022.0 0.0019013885321328416
1023.0 0.0016695406884537078
1024.0 0.0014604548596253153
1025.0 0.0012513687579485122
1026.0 0.001210933260153979
1027.0 0.0011704980352078564
1028.0 0.0009847129149420653
1029.0 0.0007989280675246846
1030.0 0.0008313241778523661
1031.0 0.000863720470078988
1032.0 0.0006557393135153688
1033.0 0.0004477582024264848
1034.0 0.0005674211479345104
1035.0 0.000687084138917271
1036.0 0.0008034416168811731
1037.0 0.0009197990948450752
1038.0 0.0010834554814209696
1039.0 0.0012471119589463342
1040.0 0.0010420108992548194
1041.0 0.0008369098395633046
1042.0 0.0008482669727527536
1043.0 0.0008596240149927326
1044.0 0.0008684754902787972
1045.0 0.0008773268746153917
1046.0 0.0007962867130117957
1047.0 0.0007152465059334645
1048.0 0.0010143170584342442
1049.0 0.0013133878383086994
1050.0 0.0012801872799172997
1051.0 0.0012469869943743106
1052.0 0.0015041931874293368
1053.0 0.0017613992895348929
1054.0 0.0015188995348580647
1055.0 0.0012764001439791173
1056.0 0.0013830545867676847
1057.0 0.0014897092114551924
1058.0 0.001332270312559558
1059.0 0.001174831049866043
1060.0 0.0011102374628535472
1061.0 0.0010456436029926408
1062.0 0.0007338544037338579
1063.0 0.0004220652954245452
1064.0 0.0007781961357977707
1065.0 0.001134326885221526
1066.0 0.0012832600987167098
1067.0 0.001432193039363483
1068.0 0.0014412783457373735
1069.0 0.0014503633792628534
1070.0 0.0014835778529231902
1071.0 0.0015167919627856463
1072.0 0.001970538141904399
1073.0 0.0024242843210231513
1074.0 0.0024413373466813937
1075.0 0.0024583905542385764
1076.0 0.002640556158439722
1077.0 0.0028227217626408674
1078.0 0.0030372295441338792
1079.0 0.0032517375075258315
1080.0 0.0032169020414585248
1081.0 0.0031820669391890988
1082.0 0.003802897481364198
1083.0 0.004423728023539297
1084.0 0.003653540989034809
1085.0 0.0028833541364292614
1086.0 0.003155227386741899
1087.0 0.0034271011827513576
1088.0 0.0034918015444418415
1089.0 0.003556502633728087
1090.0 0.003890411971951835
1091.0 0.0042243216739734635
1092.0 0.004050654752063565
1093.0 0.003876988193951547
1094.0 0.003318012022646144
1095.0 0.0027590362151386216
1096.0 0.0027399879400036298
1097.0 0.0027209394829696976
1098.0 0.0026958978196489625
1099.0 0.0026708561563282274
1100.0 0.0019286417227704078
1101.0 0.0011864268344652373
