lsstCam/transmission_filter_detector/r00_sw1/i_39/19700101T000000.ecsv
# %ECSV 1.0
# ---
# datatype:
# - {name: wavelength, unit: nm, datatype: float32}
# - {name: efficiency, unit: '%', datatype: float64}
# meta: !!omap
# - {MODE: DETECTOR}
# - {TYPE: transmission_filter_detector}
# - {CALIBDATE: '1970-01-01T00:00:00'}
# - {INSTRUME: LSSTCam}
# - {OBSTYPE: transmission_filter_detector}
# - {CALIBCLS: lsst.ip.isr.IntermediateFilterDetectorTransmissionCurve}
# - {SOURCE: Materion (DM-46256)}
# - {DETECTOR: 192}
# - {FILTER: i_39}
# - {CALIB_ID: 'calibDate=1970-01-01T00:00:00 filter=i_39 detector=192'}
# - {DATE: '2025-04-02T15:59:47.369574'}
# - {CALIB_CREATION_DATE: '2025-04-02'}
# - {CALIB_CREATION_TIME: '15:59:47'}
# - __serialized_columns__:
#     efficiency:
#       __class__: astropy.units.quantity.Quantity
#       unit: !astropy.units.Unit {unit: '%'}
#       value: !astropy.table.SerializedColumn {name: efficiency}
#     wavelength:
#       __class__: astropy.units.quantity.Quantity
#       unit: !astropy.units.Unit {unit: nm}
#       value: !astropy.table.SerializedColumn {name: wavelength}
# schema: astropy-2.0
wavelength efficiency
300.0 0.07647345191799104
301.0 0.04070643335580826
302.0 0.00493944862682838
303.0 0.019142412929795682
304.0 0.033345381962135434
305.0 0.02872983750421554
306.0 0.024114294501487166
307.0 0.006321616092463955
308.0 1.653876688378908e-10
309.0 1.653876688378908e-10
310.0 1.653876688378908e-10
311.0 1.653876688378908e-10
312.0 0.003568531246855855
313.0 1.653876688378908e-10
314.0 1.653876688378908e-10
315.0 1.653876688378908e-10
316.0 1.653876688378908e-10
317.0 1.653876688378908e-10
318.0 1.653876688378908e-10
319.0 1.653876688378908e-10
320.0 1.653876688378908e-10
321.0 1.653876688378908e-10
322.0 1.653876688378908e-10
323.0 1.653876688378908e-10
324.0 1.653876688378908e-10
325.0 1.653876688378908e-10
326.0 1.653876688378908e-10
327.0 0.00011206896033399971
328.0 0.0042292864236515015
329.0 0.0035350301914149895
330.0 0.0028407734134816565
331.0 0.0016881398551049642
332.0 0.0005355067060008878
333.0 0.0013313995623320807
334.0 0.0021272924641380087
335.0 0.0017128410036093555
336.0 0.001298390361625934
337.0 0.002265305920445826
338.0 0.003232221570215188
339.0 0.003068157093366608
340.0 0.0029040927984169684
341.0 1.653876688378908e-10
342.0 1.653876688378908e-10
343.0 1.653876688378908e-10
344.0 1.653876688378908e-10
345.0 1.653876688378908e-10
346.0 1.653876688378908e-10
347.0 1.653876688378908e-10
348.0 1.653876688378908e-10
349.0 1.653876688378908e-10
350.0 0.0005959188911219826
351.0 0.00040018317122303415
352.0 0.00020444788333406905
353.0 1.653876688378908e-10
354.0 1.653876688378908e-10
355.0 1.653876688378908e-10
356.0 0.00023310344658966642
357.0 0.0008583331691625062
358.0 0.0014835631191090215
359.0 0.0015241723303915933
360.0 0.0015647810869268142
361.0 0.0011082219316449482
362.0 0.0006516627308883471
363.0 0.00044836351662524976
364.0 0.00024506439331162255
365.0 0.0011228619769099168
366.0 0.002000660060730297
367.0 0.0014019775335327722
368.0 0.0008032950063352473
369.0 0.0012061652341799345
370.0 0.001609035643923562
371.0 0.0014847757483948953
372.0 0.0013605157619167585
373.0 0.0009974422027880792
374.0 0.0006343685527099296
375.0 2.6878066705648962e-05
376.0 1.653876688378908e-10
377.0 1.653876688378908e-10
378.0 1.653876688378908e-10
379.0 1.653876688378908e-10
380.0 1.653876688378908e-10
381.0 1.653876688378908e-10
382.0 1.653876688378908e-10
383.0 7.26396592654055e-05
384.0 0.0013865983419236727
385.0 0.000998671293928055
386.0 0.0006107442004577024
387.0 1.653876688378908e-10
388.0 1.653876688378908e-10
389.0 1.653876688378908e-10
390.0 1.653876688378908e-10
391.0 1.653876688378908e-10
392.0 1.653876688378908e-10
393.0 1.653876688378908e-10
394.0 0.0009265048902307171
395.0 1.653876688378908e-10
396.0 1.653876688378908e-10
397.0 1.653876688378908e-10
398.0 1.653876688378908e-10
399.0 1.653876688378908e-10
400.0 0.0001665596641942102
401.0 1.653876688378908e-10
402.0 1.653876688378908e-10
403.0 1.653876688378908e-10
404.0 0.0006370482424244983
405.0 0.0034331020287936553
406.0 0.006229154678294435
407.0 0.0033010244806064293
408.0 0.00037289116789906984
409.0 0.0003738431587407831
410.0 0.0003747932623809902
411.0 0.003277094947407022
412.0 0.006179398042149842
413.0 0.005396291453507729
414.0 0.004613186320057139
415.0 0.004675447416957468
416.0 0.004737708150059916
417.0 0.002980339922942221
418.0 0.0012229714229761157
419.0 0.003549893881427124
420.0 0.0058768167946254835
421.0 0.0048484624130651355
422.0 0.003820107667706907
423.0 0.004537523273029365
424.0 0.005254938514553942
425.0 0.003934872438549064
426.0 0.0026148049073526636
427.0 0.003654662214103155
428.0 0.004694519520853646
429.0 0.0051177725254092366
430.0 0.005541025893762708
431.0 0.004165790960541926
432.0 0.002790556573017966
433.0 0.003911856401828118
434.0 0.00503315641253721
435.0 0.003761395055335015
436.0 0.00248963351623388
437.0 0.0018299793737241998
438.0 0.0011703255950124003
439.0 0.0018211461792816408
440.0 0.0024719669454498217
441.0 0.0005015167971578194
442.0 1.653876688378908e-10
443.0 1.653876688378908e-10
444.0 1.653876688378908e-10
445.0 1.653876688378908e-10
446.0 1.653876688378908e-10
447.0 0.00010132905572390882
448.0 0.0005083948963147122
449.0 1.653876688378908e-10
450.0 1.653876688378908e-10
451.0 1.653876688378908e-10
452.0 0.0009521021638647653
453.0 0.0016655360013828613
454.0 0.0023789700207998976
455.0 0.0021429785192594863
456.0 0.0019069871996180154
457.0 0.0012731089555018116
458.0 0.0006392305294866674
459.0 0.00028718882276734803
460.0 1.653876688378908e-10
461.0 0.0002693108399398625
462.0 0.0006034746547811665
463.0 0.00011403860753489425
464.0 1.653876688378908e-10
465.0 0.00019753838387259748
466.0 0.000770474252931308
467.0 0.0008003792572708335
468.0 0.0008302844435092993
469.0 0.0005247824446996674
470.0 0.00021928049136477057
471.0 0.00045888909880886786
472.0 0.0006984977517277002
473.0 0.0009085676538234111
474.0 0.0011186379197170027
475.0 0.0007759551408526022
476.0 0.00043327277126081754
477.0 0.0007801560968800914
478.0 0.0011270395589235704
479.0 0.0011718290807039011
480.0 0.001216618693433702
481.0 0.0024745511836954392
482.0 0.003732481854967773
483.0 0.0051259346946608275
484.0 0.006519387534353882
485.0 0.006440993456635624
486.0 0.006362600106513128
487.0 0.00944158309721388
488.0 0.012520566815510392
489.0 0.016202688857447356
490.0 0.019884809444192797
491.0 0.022681558039039373
492.0 0.025478305178694427
493.0 0.02787770063150674
494.0 0.030277101905085146
495.0 0.027382723055779934
496.0 0.024488341296091676
497.0 0.01936494227265939
498.0 0.014241540338844061
499.0 0.010368537186877802
500.0 0.0064955347625073045
501.0 0.0047631885536247864
502.0 0.003030842708540149
503.0 0.0024590810426161624
504.0 0.0018873190128942952
505.0 0.0018283715689904056
506.0 0.0017694241250865161
507.0 0.0019352926756255329
508.0 0.002101160862366669
509.0 0.0021637830286636017
510.0 0.0022264055587584153
511.0 0.0018029073544312268
512.0 0.0013794093320029788
513.0 0.001568176958244294
514.0 0.001756944584485609
515.0 0.00221623031393392
516.0 0.0026755162252811715
517.0 0.0022561678633792326
518.0 0.0018368195014772937
519.0 0.002002272776735481
520.0 0.002167726051993668
521.0 0.0016985861293505877
522.0 0.0012294462067075074
523.0 0.0013976875379739795
524.0 0.0015659292330383323
525.0 0.002010477692238055
526.0 0.0024550257876398973
527.0 0.0025594286853447556
528.0 0.002663831583049614
529.0 0.002472404776199255
530.0 0.002280977787449956
531.0 0.0022594129404751584
532.0 0.002237848093500361
533.0 0.0019598519429564476
534.0 0.0016818557924125344
535.0 0.001764915396051947
536.0 0.0018479748177924193
537.0 0.0024970366212073714
538.0 0.0031460978789255023
539.0 0.0036555367842083797
540.0 0.004164975689491257
541.0 0.004758508657687344
542.0 0.00535204162588343
543.0 0.005080903429188766
544.0 0.004809765596291982
545.0 0.003957145599997602
546.0 0.0031045266950968653
547.0 0.0024797949663479812
548.0 0.0018550632375990972
549.0 0.0019265789887867868
550.0 0.0019980949218734168
551.0 0.001620492730580736
552.0 0.0012428906302375253
553.0 0.0015325078493333422
554.0 0.0018221251593786292
555.0 0.001360790975013515
556.0 0.0008994566996989306
557.0 0.0008486680599162355
558.0 0.0007978796020324808
559.0 0.00031772169677424245
560.0 1.653876688378908e-10
561.0 0.0006716006282658782
562.0 0.001505637374066282
563.0 0.0015220318346109707
564.0 0.0015384262951556593
565.0 0.001254430662811501
566.0 0.0009704350304673426
567.0 0.0008690059985383414
568.0 0.0007675770575588103
569.0 0.0008020045243029017
570.0 0.0008364317181985825
571.0 0.0005556171345233452
572.0 0.0002748025508481078
573.0 0.00042862775444518775
574.0 0.0005824530489917379
575.0 0.000472628062198055
576.0 0.00036280300719226943
577.0 0.0004803710908163339
578.0 0.0005979391517030308
579.0 0.00034958291053044377
580.0 0.00010122668072654051
581.0 0.0002200285962317139
582.0 0.0003388305003682035
583.0 0.0004599667590809986
584.0 0.0005811029495816911
585.0 0.0006924128229002235
586.0 0.0008037227416934911
587.0 0.0006477084298239788
588.0 0.0004916939815302612
589.0 0.0005055067049397621
590.0 0.000519319428349263
591.0 0.0006518392638099613
592.0 0.0007843593266443349
593.0 0.0005338538358046208
594.0 0.00028334832222753903
595.0 0.0005515750672202557
596.0 0.0008198016985261347
597.0 0.0007009022283455124
598.0 0.0005820028036396252
599.0 0.0005812148174300091
600.0 0.0005804266947961878
601.0 0.0004986555723007768
602.0 0.0004168844043306308
603.0 0.0002825693854902056
604.0 0.00014825424159425893
605.0 0.00011972339279964217
606.0 9.119256105805107e-05
607.0 0.00030131423045531847
608.0 0.0005114357463753549
609.0 0.0005250296453596093
610.0 0.000538623226020718
611.0 0.0007332463155762525
612.0 0.0009278694051317871
613.0 0.0006396112439688295
614.0 0.0003513531964927097
615.0 1.8556046654794045e-05
616.0 1.653876688378908e-10
617.0 1.653876688378908e-10
618.0 9.928882036547293e-05
619.0 0.00030015701213415014
620.0 0.0005010252607462462
621.0 0.0005640757990477141
622.0 0.0006271262918744469
623.0 0.0005231131126492983
624.0 0.00041909993342414964
625.0 0.0004338308826845605
626.0 0.0004485619228944415
627.0 0.00039459487197746057
628.0 0.0003406277983231121
629.0 0.0004430950866662897
630.0 0.0005455624886963051
631.0 0.000525446057508816
632.0 0.0005053296263213269
633.0 0.00042532701627351344
634.0 0.00034532440622569993
635.0 0.0003729613808900467
636.0 0.0004005982646049233
637.0 0.00033537348826939706
638.0 0.000270148552772298
639.0 0.0005513560154213337
640.0 0.0008325634553330019
641.0 0.0006477579063357553
642.0 0.0004629523573385086
643.0 0.0005879632226424292
644.0 0.0007129740879463498
645.0 0.0006796807156206341
646.0 0.0006463874342443887
647.0 0.000789743717177771
648.0 0.0009331003639090341
649.0 0.000798311157268472
650.0 0.0006635220415773802
651.0 0.0009014951501740143
652.0 0.0011394683497201186
653.0 0.0012196119314467069
654.0 0.0012997553312743548
655.0 0.0018922648450825363
656.0 0.0024847742679412477
657.0 0.0034610282455105335
658.0 0.004437280585989356
659.0 0.006962806219235063
660.0 0.04199308459647
661.0 0.09163666400127113
662.0 0.07293142261914909
663.0 0.1533176633529365
664.0 0.1293065375648439
665.0 0.11807548580691218
666.0 0.15099943848326802
667.0 0.17720210598781705
668.0 0.20245241466909647
669.0 0.26867431588470936
670.0 0.334480800665915
671.0 0.45497799292206764
672.0 0.7398766465485096
673.0 1.1516199447214603
674.0 1.7622776329517365
675.0 2.551305666565895
676.0 3.6469880491495132
677.0 4.947615414857864
678.0 6.254076957702637
679.0 7.677679508924484
680.0 9.492947906255722
681.0 11.469487845897675
682.0 13.959231972694397
683.0 16.716302931308746
684.0 19.68124806880951
685.0 22.568392753601074
686.0 25.523704290390015
687.0 28.694909811019897
688.0 31.857049465179443
689.0 35.05669832229614
690.0 38.668093085289
691.0 42.70230829715729
692.0 47.46772050857544
693.0 52.561259269714355
694.0 58.35617184638977
695.0 64.02464509010315
696.0 70.292729139328
697.0 75.9381651878357
698.0 82.12711215019226
699.0 86.76962852478027
700.0 90.45469164848328
701.0 93.44428181648254
702.0 95.503830909729
703.0 96.74476981163025
704.0 97.2449541091919
705.0 97.67614006996155
706.0 97.78989553451538
707.0 97.98545837402344
708.0 97.96330332756042
709.0 97.99258708953857
710.0 97.7592945098877
711.0 97.95194268226624
712.0 97.85031080245972
713.0 97.93566465377808
714.0 97.92922735214233
715.0 98.03285002708435
716.0 97.89979457855225
717.0 98.12372922897339
718.0 98.17427396774292
719.0 98.18667769432068
720.0 98.41191172599792
721.0 98.30763339996338
722.0 98.0783224105835
723.0 97.82707691192627
724.0 97.47412204742432
725.0 97.18939065933228
726.0 96.8976616859436
727.0 96.67003154754639
728.0 96.3868796825409
729.0 96.22493982315063
730.0 96.15267515182495
731.0 96.15266919136047
732.0 96.17728590965271
733.0 96.45214080810547
734.0 96.91254496574402
735.0 97.01841473579407
736.0 97.55841493606567
737.0 97.76142835617065
738.0 98.1537938117981
739.0 98.52468371391296
740.0 98.62757921218872
741.0 98.52480888366699
742.0 98.79846572875977
743.0 98.69623184204102
744.0 98.48799705505371
745.0 98.47807288169861
746.0 98.49134087562561
747.0 98.66782426834106
748.0 98.56464266777039
749.0 98.45011234283447
750.0 98.42126369476318
751.0 98.32249283790588
752.0 98.22811484336853
753.0 98.42416048049927
754.0 98.34430813789368
755.0 98.52189421653748
756.0 98.57789278030396
757.0 98.6093819141388
758.0 98.71474504470825
759.0 98.70688915252686
760.0 98.57731461524963
761.0 98.47639799118042
762.0 98.53156208992004
763.0 98.55424165725708
764.0 98.40599298477173
765.0 98.31811189651489
766.0 98.42748641967773
767.0 98.19783568382263
768.0 98.30824136734009
769.0 98.29822182655334
770.0 98.11553359031677
771.0 98.12496900558472
772.0 98.0794608592987
773.0 98.04003238677979
774.0 97.81889319419861
775.0 97.99721240997314
776.0 97.78933525085449
777.0 97.89353013038635
778.0 97.86258339881897
779.0 97.9278028011322
780.0 97.79974818229675
781.0 98.08552265167236
782.0 97.98588752746582
783.0 98.05336594581604
784.0 97.97435998916626
785.0 98.1269121170044
786.0 98.30802083015442
787.0 98.0194091796875
788.0 98.17544221878052
789.0 98.23936223983765
790.0 98.18308353424072
791.0 98.23776483535767
792.0 98.13006520271301
793.0 98.03684949874878
794.0 97.9812502861023
795.0 97.88571000099182
796.0 97.91057705879211
797.0 97.95001149177551
798.0 97.98502922058105
799.0 97.79672622680664
800.0 97.57577180862427
801.0 97.74929881095886
802.0 97.58257269859314
803.0 97.37509489059448
804.0 97.23092317581177
805.0 96.88481092453003
806.0 96.58563733100891
807.0 95.93241810798645
808.0 95.1464831829071
809.0 94.09671425819397
810.0 92.95517206192017
811.0 91.31867289543152
812.0 89.28731679916382
813.0 86.90823316574097
814.0 83.979332447052
815.0 80.55779337882996
816.0 76.9861102104187
817.0 72.75924682617188
818.0 67.92694926261902
819.0 63.57352137565613
820.0 58.511483669281006
821.0 53.952616453170776
822.0 49.48049485683441
823.0 44.91111636161804
824.0 40.31904935836792
825.0 36.008983850479126
826.0 31.606391072273254
827.0 26.98768377304077
828.0 22.826236486434937
829.0 18.563877046108246
830.0 14.264187216758728
831.0 10.883884876966476
832.0 7.575511187314987
833.0 5.071595683693886
834.0 3.155362233519554
835.0 1.9062375649809837
836.0 1.139701995998621
837.0 0.6331508979201317
838.0 0.35225742030888796
839.0 0.22221014369279146
840.0 0.11713887797668576
841.0 0.04085435648448765
842.0 0.058731663739308715
843.0 0.03782596904784441
844.0 1.653876688378908e-10
845.0 1.653876688378908e-10
846.0 1.653876688378908e-10
847.0 0.013967887207400054
848.0 1.653876688378908e-10
849.0 1.653876688378908e-10
850.0 1.653876688378908e-10
851.0 1.653876688378908e-10
852.0 0.001202255953103304
853.0 0.00123819399959757
854.0 0.001274132046091836
855.0 0.0009963227057596669
856.0 0.0007185135473264381
857.0 0.0008609209544374608
858.0 0.0010033279977506027
859.0 0.0006117763859947445
860.0 0.0002202246605520486
861.0 0.00018728974282566924
862.0 0.0001543547341498197
863.0 0.0001253914319931937
864.0 9.642815257393522e-05
865.0 4.3425075091363396e-05
866.0 1.653876688378908e-10
867.0 2.8204064506098803e-05
868.0 6.598613708774792e-05
869.0 1.653876688378908e-10
870.0 1.653876688378908e-10
871.0 1.653876688378908e-10
872.0 0.00023523864456365118
873.0 0.00026274326501152245
874.0 0.0002902478627220262
875.0 0.0002255939307360677
876.0 0.000160940010118793
877.0 1.653876688378908e-10
878.0 1.653876688378908e-10
879.0 6.510207413157332e-05
880.0 0.0005329375198925845
881.0 0.00022767683276470052
882.0 1.653876688378908e-10
883.0 0.00013235503502073698
884.0 0.00034229392440465745
885.0 0.00014495517461909913
886.0 1.653876688378908e-10
887.0 5.982131483506237e-05
888.0 0.00017202619346790016
889.0 7.381619298030273e-05
890.0 1.653876688378908e-10
891.0 0.00010572003930064966
892.0 0.00023583384063385893
893.0 0.0002600308107503224
894.0 0.00028422775812941836
895.0 5.391932518250542e-05
896.0 1.653876688378908e-10
897.0 1.653876688378908e-10
