lsstCam/transmission_filter_detector/r00_sw1/i_39/19700101T000000.ecsv
# %ECSV 1.0
# ---
# datatype:
# - {name: wavelength, unit: nm, datatype: float32}
# - {name: efficiency, unit: '%', datatype: float64}
# meta: !!omap
# - {MODE: DETECTOR}
# - {TYPE: transmission_filter_detector}
# - {CALIBDATE: '1970-01-01T00:00:00'}
# - {INSTRUME: LSSTCam}
# - {OBSTYPE: transmission_filter_detector}
# - {CALIBCLS: lsst.ip.isr.IntermediateFilterDetectorTransmissionCurve}
# - {SOURCE: Materion (DM-46256)}
# - {DETECTOR: 192}
# - {FILTER: i_39}
# - {CALIB_ID: 'calibDate=1970-01-01T00:00:00 filter=i_39 detector=192'}
# - {DATE: '2025-04-02T15:59:47.369574'}
# - {CALIB_CREATION_DATE: '2025-04-02'}
# - {CALIB_CREATION_TIME: '15:59:47'}
# - __serialized_columns__:
#     efficiency:
#       __class__: astropy.units.quantity.Quantity
#       unit: !astropy.units.Unit {unit: '%'}
#       value: !astropy.table.SerializedColumn {name: efficiency}
#     wavelength:
#       __class__: astropy.units.quantity.Quantity
#       unit: !astropy.units.Unit {unit: nm}
#       value: !astropy.table.SerializedColumn {name: wavelength}
# schema: astropy-2.0
wavelength efficiency
[from data line 599]
899.0 1.653876688378908e-10
900.0 1.653876688378908e-10
901.0 1.653876688378908e-10
902.0 1.653876688378908e-10
903.0 1.4682885307593097e-05
904.0 8.510045290677226e-05
905.0 1.653876688378908e-10
906.0 1.653876688378908e-10
907.0 3.792156633153354e-05
908.0 0.00020612317257473478
909.0 1.653876688378908e-10
910.0 1.653876688378908e-10
911.0 1.653876688378908e-10
912.0 0.00016692803228579578
913.0 0.00010743951861513779
914.0 4.795102199750545e-05
915.0 1.653876688378908e-10
916.0 1.653876688378908e-10
917.0 1.653876688378908e-10
918.0 1.653876688378908e-10
919.0 1.653876688378908e-10
920.0 1.653876688378908e-10
921.0 1.653876688378908e-10
922.0 1.653876688378908e-10
923.0 1.653876688378908e-10
924.0 1.653876688378908e-10
925.0 6.115548671914439e-05
926.0 0.0002736798705882393
927.0 1.752957388134746e-05
928.0 1.653876688378908e-10
929.0 1.653876688378908e-10
930.0 6.778271313123696e-05
931.0 0.00013904192428526585
932.0 0.00021030111838626908
933.0 0.00015913999504846288
934.0 0.00010797889444802422
935.0 1.653876688378908e-10
936.0 1.653876688378908e-10
937.0 1.653876688378908e-10
938.0 1.653876688378908e-10
939.0 1.653876688378908e-10
940.0 1.653876688378908e-10
941.0 1.653876688378908e-10
942.0 1.653876688378908e-10
943.0 1.653876688378908e-10
944.0 1.653876688378908e-10
945.0 1.653876688378908e-10
946.0 1.653876688378908e-10
947.0 1.653876688378908e-10
948.0 1.653876688378908e-10
949.0 1.653876688378908e-10
950.0 1.653876688378908e-10
951.0 1.653876688378908e-10
952.0 1.653876688378908e-10
953.0 1.653876688378908e-10
954.0 1.653876688378908e-10
955.0 7.534027304245683e-05
956.0 0.00026416287255415227
957.0 0.00019926569621020462
958.0 0.00013436848576020566
959.0 0.00022357075977197383
960.0 0.0003127730678897933
961.0 0.0002747696271399036
962.0 0.00023676620912738144
963.0 5.8926866586261895e-05
964.0 1.653876688378908e-10
965.0 1.653876688378908e-10
966.0 1.653876688378908e-10
967.0 1.653876688378908e-10
968.0 1.653876688378908e-10
969.0 1.653876688378908e-10
970.0 3.285214802417613e-05
971.0 1.653876688378908e-10
972.0 1.653876688378908e-10
973.0 6.430127541534603e-06
974.0 7.003555992923793e-05
975.0 4.006057565675292e-05
976.0 1.0085551593874698e-05
977.0 1.653876688378908e-10
978.0 1.653876688378908e-10
979.0 1.653876688378908e-10
980.0 1.653876688378908e-10
981.0 1.653876688378908e-10
982.0 1.653876688378908e-10
983.0 1.653876688378908e-10
984.0 1.653876688378908e-10
985.0 0.00011508229817991378
986.0 0.00029445743621181464
987.0 8.23950756512204e-05
988.0 1.653876688378908e-10
989.0 1.653876688378908e-10
990.0 1.653876688378908e-10
991.0 1.653876688378908e-10
992.0 1.653876688378908e-10
993.0 1.653876688378908e-10
994.0 0.00013416413366940105
995.0 1.653876688378908e-10
996.0 1.653876688378908e-10
997.0 3.506188761548401e-05
998.0 0.00029001232633163454
999.0 0.00029767122668999946
1000.0 0.0003053300815736293
1001.0 0.00011398906281101517
1002.0 1.653876688378908e-10
1003.0 1.653876688378908e-10
1004.0 4.953807319907355e-05
1005.0 1.653876688378908e-10
1006.0 1.653876688378908e-10
1007.0 1.653876688378908e-10
1008.0 0.00017800846308091423
1009.0 8.90632861683116e-05
1010.0 1.1804990318609043e-07
1011.0 7.848515792829858e-05
1012.0 0.00015685224070693948
1013.0 0.00036141152577329194
1014.0 0.0005659708676830633
1015.0 0.00046318200475070626
1016.0 0.00036039318729308434
1017.0 0.000427791201218497
1018.0 0.00049518939704285
1019.0 0.0003628084868978476
1020.0 0.00023042750854074256
1021.0 0.00015077646366989939
1022.0 7.112539606168866e-05
1023.0 0.0005244811745797051
1024.0 0.0009778370440471917
1025.0 0.0007663625183340628
1026.0 0.000554888083570404
1027.0 0.00046990498958621174
1028.0 0.0003849218501272844
1029.0 0.0007528561582148541
1030.0 0.0011207904208276886
1031.0 0.0017818298147176392
1032.0 0.0024428691176581196
1033.0 0.002496287379472051
1034.0 0.0025497049136902206
1035.0 0.0031678344384999946
1036.0 0.0037859634176129475
1037.0 0.00387166473956313
1038.0 0.0039573656977154315
1039.0 0.003171574280713685
1040.0 0.0023857830456108786
1041.0 0.0019801143935183063
1042.0 0.0015744455595267937
1043.0 0.0022678828827338293
1044.0 0.002961320205940865
1045.0 0.0032799027394503355
1046.0 0.0035984856367576867
1047.0 0.0034217435313621536
1048.0 0.003245001789764501
1049.0 0.0027370648240321316
1050.0 0.0022291276764008217
1051.0 0.0025321343855466694
1052.0 0.0028351414584903978
1053.0 0.0018527098291087896
1054.0 0.0008702783816261217
1055.0 0.0006908868726895889
1056.0 0.0005114953637530562
1057.0 0.0006870771358080674
1058.0 0.000862659089762019
1059.0 0.0010007518540078308
1060.0 0.0011388448911020532
1061.0 0.0018219518096884713
1062.0 0.002505058546375949
1063.0 0.0027129597583552822
1064.0 0.002920861152233556
1065.0 0.0031740717531647533
1066.0 0.0034272827178938314
1067.0 0.0045565946493297815
1068.0 0.005685906944563612
1069.0 0.004382385668577626
1070.0 0.0030788640287937596
1071.0 0.0028178556021885015
1072.0 0.002556846993684303
1073.0 0.0028178254069644026
1074.0 0.003078803638345562
1075.0 0.002985045466630254
1076.0 0.0028912871130160056
1077.0 0.0020842408048338257
1078.0 0.0012771942238032352
1079.0 0.001548691034258809
1080.0 0.0018201881175627932
1081.0 0.0010823365300893784
1082.0 0.00034448464703018544
1083.0 0.00028297693006607005
1084.0 0.00022146884930407396
1085.0 0.000564270158065483
1086.0 0.0009070718988368753
1087.0 0.0010956065125355963
1088.0 0.0012841413990827277
1089.0 1.653876688378908e-10
1090.0 1.653876688378908e-10
1091.0 1.653876688378908e-10
1092.0 1.653876688378908e-10
1093.0 1.653876688378908e-10
1094.0 0.000748916863813065
1095.0 0.00034617542041814886
1096.0 1.653876688378908e-10
1097.0 1.653876688378908e-10
1098.0 1.653876688378908e-10
1099.0 1.653876688378908e-10
1100.0 0.00022126066596683813
