lsstcam/qe_curve/r43_s21/19700101T000000.ecsv
# %ECSV 0.9
# ---
# datatype:
# - {name: amp_name, datatype: string}
# - {name: wavelength, unit: nm, datatype: float32}
# - {name: efficiency, unit: '%', datatype: float32}
# meta: !!omap
# - {MODE: AMP}
# - {TYPE: QE}
# - {CALIBDATE: '1970-01-01T00:00:00'}
# - {INSTRUME: LSSTCAM}
# - {OBSTYPE: qe_curve}
# - {DETECTOR: 187}
# - {PICKLEFILE: RaftRun11671.p}
# - {CALIB_ID: 'raftName=R43 detectorName=S21 detector=187 calibDate=1970-01-01T00:00:00 ccd=187 ccdnum=187 filter=None'}
# - {DATE: '2020-07-23T19:16:37.667468'}
# - {CALIB_CREATION_DATE: '2020-07-23'}
# - {CALIB_CREATION_TIME: '19:16:37'}
# - __serialized_columns__:
#     efficiency:
#       __class__: astropy.units.quantity.Quantity
#       unit: !astropy.units.Unit {unit: '%'}
#       value: !astropy.table.SerializedColumn {name: efficiency}
#     wavelength:
#       __class__: astropy.units.quantity.Quantity
#       unit: !astropy.units.Unit {unit: nm}
#       value: !astropy.table.SerializedColumn {name: wavelength}
# schema: astropy-2.0
amp_name wavelength efficiency
C14 319.994 47.71036
C14 324.969 49.137623
C14 349.982 57.198986
C14 374.975 71.000725
C14 400.019 82.5758
C14 424.965 84.50689
C14 450.035 85.05931
C14 475.003 84.48322
C14 500.018 84.976715
C14 525.002 85.98939
C14 550.029 87.2316
C14 575.023 89.69818
C14 599.982 91.25644
C14 619.997 92.7005
C14 624.979 92.855835
C14 650.012 94.14419
C14 675.004 95.3946
C14 700.03 96.47006
C14 725.012 97.58627
C14 750.022 99.29113
C14 774.987 100.55321
C14 799.976 100.9449
C14 824.988 100.506485
C14 850.022 98.592064
C14 869.967 96.21452
C14 875.002 95.03343
C14 899.999 88.17559
C14 919.999 79.886055
C14 925.012 77.470276
C14 949.965 64.335175
C14 975.002 49.20188
C14 999.976 31.97254
C14 1025.028 16.191423
C14 1050.014 6.7053947
C14 1075.002 3.7469344
C14 1099.99 2.5522432
C03 319.994 48.253662
C03 324.969 49.742954
C03 349.982 57.995834
C03 374.975 71.73679
C03 400.019 83.184395
C03 424.965 85.03313
C03 450.035 85.56418
C03 475.003 84.99599
C03 500.018 85.54966
C03 525.002 86.62989
C03 550.029 87.952446
C03 575.023 90.49244
C03 599.982 92.09767
C03 619.997 93.563095
C03 624.979 93.722534
C03 650.012 95.028275
C03 675.004 96.27185
C03 700.03 97.24414
C03 725.012 98.0922
C03 750.022 99.41795
C03 774.987 100.29654
C03 799.976 100.522995
C03 824.988 100.10002
C03 850.022 98.07334
C03 869.967 95.63324
C03 875.002 94.46123
C03 899.999 88.075264
C03 919.999 80.01722
C03 925.012 77.60634
C03 949.965 64.30963
C03 975.002 49.151836
C03 999.976 31.851284
C03 1025.028 16.092176
C03 1050.014 6.779326
C03 1075.002 3.6580963
C03 1099.99 2.4943256
C15 319.994 47.758503
C15 324.969 49.15674
C15 349.982 57.159622
C15 374.975 71.135895
C15 400.019 82.93429
C15 424.965 84.951904
C15 450.035 85.50692
C15 475.003 84.90145
C15 500.018 85.36562
C15 525.002 86.34732
C15 550.029 87.56788
C15 575.023 90.027145
C15 599.982 91.583115
C15 619.997 93.029884
C15 624.979 93.18778
C15 650.012 94.486824
C15 675.004 95.75
C15 700.03 96.84302
C15 725.012 97.98516
C15 750.022 99.72317
C15 774.987 101.01841
C15 799.976 101.43793
C15 824.988 101.01442
C15 850.022 99.12677
C15 869.967 96.77911
C15 875.002 95.60602
C15 899.999 88.75405
C15 919.999 80.442245
C15 925.012 78.01272
C15 949.965 64.80741
C15 975.002 49.619343
C15 999.976 32.291046
C15 1025.028 16.348679
C15 1050.014 6.7815037
C15 1075.002 3.7814095
C15 1099.99 2.568595
C11 319.994 48.40882
C11 324.969 49.96254
C11 349.982 58.373463
C11 374.975 71.778015
C11 400.019 82.75125
C11 424.965 84.43453
C11 450.035 84.970406
C11 475.003 84.49102
C11 500.018 85.118484
C11 525.002 86.24046
C11 550.029 87.579575
C11 575.023 90.12295
C11 599.982 91.72377
C11 619.997 93.18027
C11 624.979 93.338844
C11 650.012 94.63093
C11 675.004 95.857155
C11 700.03 96.88066
C11 725.012 97.95331
C11 750.022 99.585815
C11 774.987 100.7767
C11 799.976 101.08812
C11 824.988 100.512115
C11 850.022 98.39334
C11 869.967 95.92002
C11 875.002 94.71041
C11 899.999 87.74237
C11 919.999 79.1409
C11 925.012 76.61016
C11 949.965 63.21711
C11 975.002 48.23119
C11 999.976 31.35525
C11 1025.028 15.729165
C11 1050.014 6.5489674
C11 1075.002 3.6313615
C11 1099.99 2.4690037
C05 319.994 47.67253
C05 324.969 49.081352
C05 349.982 57.09974
C05 374.975 71.01031
C05 400.019 82.7663
C05 424.965 84.76319
C05 450.035 85.29022
C05 475.003 84.66602
C05 500.018 85.1554
C05 525.002 86.15648
C05 550.029 87.415855
C05 575.023 89.90133
C05 599.982 91.473236
C05 619.997 92.92463
C05 624.979 93.083824
C05 650.012 94.39137
C05 675.004 95.64484
C05 700.03 96.63562
C05 725.012 97.522095
C05 750.022 98.89339
C05 774.987 99.816574
C05 799.976 100.08177
C05 824.988 99.69012
C05 850.022 97.69476
C05 869.967 95.24762
C05 875.002 94.06546
C05 899.999 87.70337
C05 919.999 79.68775
C05 925.012 77.27779
C05 949.965 64.10804
C05 975.002 48.906216
C05 999.976 31.536972
C05 1025.028 16.010807
C05 1050.014 6.7313924
C05 1075.002 3.6440241
C05 1099.99 2.4788663
C02 319.994 48.219414
C02 324.969 49.739586
C02 349.982 58.060875
C02 374.975 71.604805
C02 400.019 82.79214
C02 424.965 84.55454
C02 450.035 85.08055
C02 475.003 84.54946
C02 500.018 85.14245
C02 525.002 86.24662
C02 550.029 87.58925
C02 575.023 90.13829
C02 599.982 91.74504
C02 619.997 93.20566
C02 624.979 93.36642
C02 650.012 94.66449
C02 675.004 95.89625
C02 700.03 96.844696
C02 725.012 97.68132
C02 750.022 98.98036
C02 774.987 99.835625
C02 799.976 100.04629
C02 824.988 99.596214
C02 850.022 97.54826
C02 869.967 95.13071
C02 875.002 93.98143
C02 899.999 87.66191
C02 919.999 79.54823
C02 925.012 77.125404
C02 949.965 63.86309
C02 975.002 48.814632
C02 999.976 31.702732
C02 1025.028 16.003756
C02 1050.014 6.71582
C02 1075.002 3.6260052
C02 1099.99 2.4767218
C07 319.994 47.307842
C07 324.969 48.64941
C07 349.982 56.46722
C07 374.975 70.5207
C07 400.019 82.54671
C07 424.965 84.678
C07 450.035 85.216545
C07 475.003 84.55722
C07 500.018 84.99062
C07 525.002 85.926094
C07 550.029 87.13069
C07 575.023 89.57404
C07 599.982 91.124954
C07 619.997 92.56513
C07 624.979 92.72329
C07 650.012 94.03136
C07 675.004 95.290016
C07 700.03 96.30596
C07 725.012 97.246574
C07 750.022 98.68284
C07 774.987 99.67776
C07 799.976 99.99264
C07 824.988 99.6204
C07 850.022 97.681755
C07 869.967 95.2733
C07 875.002 94.08217
C07 899.999 87.569496
C07 919.999 79.52771
C07 925.012 77.15269
C07 949.965 64.20851
C07 975.002 48.88522
C07 999.976 31.390532
C07 1025.028 15.893759
C07 1050.014 6.67311
C07 1075.002 3.6214497
C07 1099.99 2.4496677
C13 319.994 47.68202
C13 324.969 49.139862
C13 349.982 57.263725
C13 374.975 70.87529
C13 400.019 82.206154
C13 424.965 84.05056
C13 450.035 84.596596
C13 475.003 84.049675
C13 500.018 84.57493
C13 525.002 85.62158
C13 550.029 86.88672
C13 575.023 89.36696
C13 599.982 90.930534
C13 619.997 92.37214
C13 624.979 92.52735
C13 650.012 93.80647
C13 675.004 95.03387
C13 700.03 96.101456
C13 725.012 97.18279
C13 750.022 98.86175
C13 774.987 100.09164
C13 799.976 100.45141
C13 824.988 99.98329
C13 850.022 98.02403
C13 869.967 95.60588
C13 875.002 94.41913
C13 899.999 87.53874
C13 919.999 79.25569
C13 925.012 76.84267
C13 949.965 63.73175
C13 975.002 48.687798
C13 999.976 31.623688
C13 1025.028 16.01803
C13 1050.014 6.651149
C13 1075.002 3.7200744
C13 1099.99 2.5346298
C06 319.994 47.520897
C06 324.969 48.897972
C06 349.982 56.81909
C06 374.975 70.816956
C06 400.019 82.71763
C06 424.965 84.77782
C06 450.035 85.30803
C06 475.003 84.65766
C06 500.018 85.11104
C06 525.002 86.08368
C06 550.029 87.31516
C06 575.023 89.78227
C06 599.982 91.349075
C06 619.997 92.795456
C06 624.979 92.95802
C06 650.012 94.26176
C06 675.004 95.526024
C06 700.03 96.525406
C06 725.012 97.443504
C06 750.022 98.84384
C06 774.987 99.80112
C06 799.976 100.08564
C06 824.988 99.70774
C06 850.022 97.73633
C06 869.967 95.30957
C06 875.002 94.13068
C06 899.999 87.74389
C06 919.999 79.71832
C06 925.012 77.30597
C06 949.965 64.18801
C06 975.002 48.945145
C06 999.976 31.4975
C06 1025.028 15.994439
C06 1050.014 6.72441
C06 1075.002 3.6420517
C06 1099.99 2.4701364
C17 319.994 47.224792
C17 324.969 48.554424
C17 349.982 56.344185
C17 374.975 70.43252
C17 400.019 82.46005
C17 424.965 84.60417
C17 450.035 85.17731
C17 475.003 84.54565
C17 500.018 84.95948
C17 525.002 85.8808
C17 550.029 87.0471
C17 575.023 89.452576
C17 599.982 90.97053
C17 619.997 92.39541
C17 624.979 92.55027
C17 650.012 93.83547
C17 675.004 95.10249
C17 700.03 96.20884
C17 725.012 97.39174
C17 750.022 99.18604
C17 774.987 100.54008
C17 799.976 100.99737
C17 824.988 100.605515
C17 850.022 98.77019
C17 869.967 96.42503
C17 875.002 95.23036
C17 899.999 88.3284
C17 919.999 80.07538
C17 925.012 77.712105
C17 949.965 64.936775
C17 975.002 49.67635
C17 999.976 32.112923
C17 1025.028 16.25172
C17 1050.014 6.7605815
C17 1075.002 3.7429845
C17 1099.99 2.5337813
C04 319.994 47.812355
C04 324.969 49.256054
C04 349.982 57.368244
C04 374.975 71.15434
C04 400.019 82.71891
C04 424.965 84.62972
C04 450.035 85.157845
C04 475.003 84.55642
C04 500.018 85.06894
C04 525.002 86.11203
C04 550.029 87.403076
C04 575.023 89.911606
C04 599.982 91.49655
C04 619.997 92.951584
C04 624.979 93.11119
C04 650.012 94.407036
C04 675.004 95.654175
C04 700.03 96.63443
C04 725.012 97.49213
C04 750.022 98.837776
C04 774.987 99.73105
C04 799.976 99.96805
C04 824.988 99.56431
C04 850.022 97.55886
C04 869.967 95.10565
C04 875.002 93.92435
C04 899.999 87.548454
C04 919.999 79.556816
C04 925.012 77.159874
C04 949.965 63.951515
C04 975.002 48.841427
C04 999.976 31.571455
C04 1025.028 15.978375
C04 1050.014 6.7330375
C04 1075.002 3.6386185
C04 1099.99 2.4793031
C16 319.994 47.48976
C16 324.969 48.85313
C16 349.982 56.753204
C16 374.975 70.78314
C16 400.019 82.68602
C16 424.965 84.75989
C16 450.035 85.31846
C16 475.003 84.69214
C16 500.018 85.124985
C16 525.002 86.07843
C16 550.029 87.271194
C16 575.023 89.70355
C16 599.982 91.245735
C16 619.997 92.68288
C16 624.979 92.838036
C16 650.012 94.12919
C16 675.004 95.39513
C16 700.03 96.49605
C16 725.012 97.65792
C16 750.022 99.42248
C16 774.987 100.74528
C16 799.976 101.18293
C16 824.988 100.7836
C16 850.022 98.93647
C16 869.967 96.62061
C16 875.002 95.45047
C16 899.999 88.63601
C16 919.999 80.3683
C16 925.012 77.955475
C16 949.965 64.849236
C16 975.002 49.694477
C16 999.976 32.33119
C16 1025.028 16.36465
C16 1050.014 6.81536
C16 1075.002 3.7905104
C16 1099.99 2.5667596
C12 319.994 48.088856
C12 324.969 49.593906
C12 349.982 57.867435
C12 374.975 71.4021
C12 400.019 82.57362
C12 424.965 84.34037
C12 450.035 84.88201
C12 475.003 84.36685
C12 500.018 84.9447
C12 525.002 86.02481
C12 550.029 87.32917
C12 575.023 89.840904
C12 599.982 91.42444
C12 619.997 92.87577
C12 624.979 93.031906
C12 650.012 94.3179
C12 675.004 95.5538
C12 700.03 96.594086
C12 725.012 97.679436
C12 750.022 99.32832
C12 774.987 100.537094
C12 799.976 100.8755
C12 824.988 100.351166
C12 850.022 98.30576
C12 869.967 95.83068
C12 875.002 94.62288
C12 899.999 87.67506
C12 919.999 79.2714
C12 925.012 76.81158
C12 949.965 63.562172
C12 975.002 48.49467
C12 999.976 31.51545
C12 1025.028 15.886121
C12 1050.014 6.6052284
C12 1075.002 3.6820683
C12 1099.99 2.502953
C10 319.994 48.467903
C10 324.969 50.062668
C10 349.982 58.56417
C10 374.975 71.76547
C10 400.019 82.47878
C10 424.965 84.06661
C10 450.035 84.612724
C10 475.003 84.18636
C10 500.018 84.86233
C10 525.002 86.020996
C10 550.029 87.38457
C10 575.023 89.9357
C10 599.982 91.53465
C10 619.997 92.987015
C10 624.979 93.14218
C10 650.012 94.41985
C10 675.004 95.62943
C10 700.03 96.637505
C10 725.012 97.68721
C10 750.022 99.301445
C10 774.987 100.4713
C10 799.976 100.75992
C10 824.988 100.1592
C10 850.022 98.014755
C10 869.967 95.566216
C10 875.002 94.353714
C10 899.999 87.39989
C10 919.999 78.654305
C10 925.012 76.087296
C10 949.965 62.697998
C10 975.002 47.844925
C10 999.976 31.070753
C10 1025.028 15.5329
C10 1050.014 6.508075
C10 1075.002 3.5743008
C10 1099.99 2.4334524
C01 319.994 48.557213
C01 324.969 50.12715
C01 349.982 58.585716
C01 374.975 72.00798
C01 400.019 82.98828
C01 424.965 84.66464
C01 450.035 85.18333
C01 475.003 84.68408
C01 500.018 85.32107
C01 525.002 86.45993
C01 550.029 87.834694
C01 575.023 90.41693
C01 599.982 92.03975
C01 619.997 93.51114
C01 624.979 93.67129
C01 650.012 94.977356
C01 675.004 96.20004
C01 700.03 97.13546
C01 725.012 97.96285
C01 750.022 99.24646
C01 774.987 100.08982
C01 799.976 100.28235
C01 824.988 99.783875
C01 850.022 97.6815
C01 869.967 95.274826
C01 875.002 94.13349
C01 899.999 87.79538
C01 919.999 79.49328
C01 925.012 77.03028
C01 949.965 63.679436
C01 975.002 48.67889
C01 999.976 31.681068
C01 1025.028 15.941973
C01 1050.014 6.6720405
C01 1075.002 3.6019514
C01 1099.99 2.462736
C00 319.994 48.682987
C00 324.969 50.295486
C00 349.982 58.852116
C00 374.975 72.07383
C00 400.019 82.79848
C00 424.965 84.38198
C00 450.035 84.903114
C00 475.003 84.45793
C00 500.018 85.14725
C00 525.002 86.31513
C00 550.029 87.71306
C00 575.023 90.305725
C00 599.982 91.93675
C00 619.997 93.40731
C00 624.979 93.56799
C00 650.012 94.86752
C00 675.004 96.075005
C00 700.03 96.99392
C00 725.012 97.81294
C00 750.022 99.08226
C00 774.987 99.917274
C00 799.976 100.092804
C00 824.988 99.56445
C00 850.022 97.41428
C00 869.967 95.052025
C00 875.002 93.93524
C00 899.999 87.61529
C00 919.999 79.14794
C00 925.012 76.65378
C00 949.965 63.424706
C00 975.002 48.529552
C00 999.976 31.583956
C00 1025.028 15.866308
C00 1050.014 6.5861635
C00 1075.002 3.5761867
C00 1099.99 2.4533355
