lsstCam/transmission_filter_detector/r03_s20/y_10/19700101T000000.ecsv
# %ECSV 1.0
# ---
# datatype:
# - {name: wavelength, unit: nm, datatype: float32}
# - {name: efficiency, unit: '%', datatype: float64}
# meta: !!omap
# - {MODE: DETECTOR}
# - {TYPE: transmission_filter_detector}
# - {CALIBDATE: '1970-01-01T00:00:00'}
# - {INSTRUME: LSSTCam}
# - {OBSTYPE: transmission_filter_detector}
# - {CALIBCLS: lsst.ip.isr.IntermediateFilterDetectorTransmissionCurve}
# - {SOURCE: Materion (DM-46256)}
# - {DETECTOR: 24}
# - {FILTER: y_10}
# - {CALIB_ID: 'calibDate=1970-01-01T00:00:00 filter=y_10 detector=24'}
# - {DATE: '2025-04-02T15:59:50.853445'}
# - {CALIB_CREATION_DATE: '2025-04-02'}
# - {CALIB_CREATION_TIME: '15:59:50'}
# - __serialized_columns__:
#     efficiency:
#       __class__: astropy.units.quantity.Quantity
#       unit: !astropy.units.Unit {unit: '%'}
#       value: !astropy.table.SerializedColumn {name: efficiency}
#     wavelength:
#       __class__: astropy.units.quantity.Quantity
#       unit: !astropy.units.Unit {unit: nm}
#       value: !astropy.table.SerializedColumn {name: wavelength}
# schema: astropy-2.0
wavelength efficiency
300.0 0.5378603469580412
301.0 0.29119858518242836
302.0 0.044536791392602026
303.0 0.037429563235491514
304.0 0.030322340899147093
305.0 0.021450458734761924
306.0 0.012578575115185231
307.0 0.01628533354960382
308.0 0.01999209198402241
309.0 0.01535262999823317
310.0 0.01071316801244393
311.0 0.0088020387920551
312.0 0.006890907388878986
313.0 0.007378317241091281
314.0 0.007865727093303576
315.0 0.006417743134079501
316.0 0.0049697609938448295
317.0 0.0044873660954181105
318.0 0.004004967195214704
319.0 0.001884442644950468
320.0 1.624616131727652e-10
321.0 0.0017959033357328735
322.0 0.003827890395768918
323.0 0.0026710613383329473
324.0 0.0015142325537453871
325.0 0.0004795961103809532
326.0 1.624616131727652e-10
327.0 0.0004303818968764972
328.0 0.0014158042176859453
329.0 0.0030057391995796934
330.0 0.004595673817675561
331.0 0.0042069015762535855
332.0 0.0038181289710337296
333.0 0.0026650061045074835
334.0 0.0015118826922844164
335.0 0.0017121894416050054
336.0 0.0019124965547234751
337.0 0.00255539889622014
338.0 0.003198300692019984
339.0 0.0017011898307828233
340.0 0.00020407874217198696
341.0 1.624616131727652e-10
342.0 1.624616131727652e-10
343.0 0.00030398864510061685
344.0 0.0008442841135547496
345.0 0.001247200634679757
346.0 0.0016501177015015855
347.0 0.0017339740224997513
348.0 0.0018178299797000363
349.0 0.001490089653088944
350.0 0.001162348962679971
351.0 0.001412791789334733
352.0 0.001663234070292674
353.0 0.0013601951650343835
354.0 0.0010571561688266229
355.0 0.0012691762094618753
356.0 0.0014811961591476575
357.0 0.00114611748358584
358.0 0.000811038444226142
359.0 0.0008866200914781075
360.0 0.0009622016477806028
361.0 0.0012657719707931392
362.0 0.001569342020957265
363.0 0.0012807759048882872
364.0 0.0009922093340719584
365.0 0.0013619858691527043
366.0 0.001731762858980801
367.0 0.0021914807803113945
368.0 0.0026511985197430477
369.0 0.0021557078071055003
370.0 0.0016602170944679528
371.0 0.001637995410419535
372.0 0.0016157733625732362
373.0 0.002088846486003604
374.0 0.002561919427535031
375.0 0.003368651232449338
376.0 0.004175382491666824
377.0 0.0041620492993388325
378.0 0.004148715743212961
379.0 0.0037185349356150255
380.0 0.003288353400421329
381.0 0.002213952029705979
382.0 0.0011395503861422185
383.0 0.0011582677871047053
384.0 0.0011769849152187817
385.0 0.0009335131835541688
386.0 0.0006900413154653506
387.0 0.0007248670499393484
388.0 0.0007596928298880812
389.0 0.0006687590030196588
390.0 0.0005778252671007067
391.0 0.0005229455382504966
392.0 0.0004680659912992269
393.0 0.0005866468654858181
394.0 0.0007052278760966146
395.0 0.0006342855158436578
396.0 0.0005633432465401711
397.0 0.0007707983968430199
398.0 0.0009782535926206037
399.0 0.0012665895155805629
400.0 0.001554925438540522
401.0 0.0016615542335784994
402.0 0.0017681832105154172
403.0 0.0017787919205147773
404.0 0.0017894006305141374
405.0 0.00175446220964659
406.0 0.0017195241525769234
407.0 0.00145344474731246
408.0 0.001187365432997467
409.0 0.0009393515938427299
410.0 0.000691337299940642
411.0 0.00034710383260971867
412.0 2.870381088371232e-06
413.0 0.0007834442840248812
414.0 0.001564018202770967
415.0 0.002195805609517265
416.0 0.002827593380061444
417.0 0.0013904023944633082
418.0 1.624616131727652e-10
419.0 1.624616131727652e-10
420.0 1.624616131727652e-10
421.0 1.624616131727652e-10
422.0 0.0006463760655606166
423.0 0.0008093445103440899
424.0 0.0009723128641780932
425.0 0.00012028925766571774
426.0 1.624616131727652e-10
427.0 1.624616131727652e-10
428.0 0.00028118413410993526
429.0 4.496085637128999e-05
430.0 1.624616131727652e-10
431.0 0.0005263498678687029
432.0 0.0012439623787940945
433.0 0.000923398147278931
434.0 0.0006028343705111183
435.0 4.36440672046956e-05
436.0 1.624616131727652e-10
437.0 1.624616131727652e-10
438.0 0.00012275783092263737
439.0 1.624616131727652e-10
440.0 1.624616131727652e-10
441.0 1.624616131727652e-10
442.0 1.624616131727652e-10
443.0 1.624616131727652e-10
444.0 8.116111871458997e-05
445.0 0.00027396481527830474
446.0 0.00046676836973347235
447.0 0.0004620642812369624
448.0 0.0004573600563162472
449.0 0.0006067037702450762
450.0 0.0007560472113254946
451.0 0.0004550133780867327
452.0 0.0001539797153782274
453.0 1.8324600148389436e-05
454.0 1.624616131727652e-10
455.0 1.624616131727652e-10
456.0 1.624616131727652e-10
457.0 1.624616131727652e-10
458.0 0.00014750370382898836
459.0 0.00013556045814766549
460.0 0.00012361724657239392
461.0 0.000249451204581419
462.0 0.00037528518532781163
463.0 0.00036049841583007947
464.0 0.0003457116918070824
465.0 0.00042008718992292415
466.0 0.0004944628017256036
467.0 0.0009267122550227214
468.0 0.001358961617370369
469.0 0.001536411582492292
470.0 0.0017138609109679237
471.0 0.0016684591173543595
472.0 0.001623057141841855
473.0 0.00218576878978638
474.0 0.0027484802558319643
475.0 0.0027872116334037855
476.0 0.0028259430109756067
477.0 0.0032321520848199725
478.0 0.0036383607948664576
479.0 0.004154634370934218
480.0 0.004670907947001979
481.0 0.0046319826651597396
482.0 0.0045930573833175
483.0 0.003966892109019682
484.0 0.0033407264709239826
485.0 0.0036272012948757038
486.0 0.003913676118827425
487.0 0.003424174792598933
488.0 0.00293467292067362
489.0 0.002490438419044949
490.0 0.002046204281214159
491.0 0.0017736514564603567
492.0 0.0015010982679086737
493.0 0.0011633490430540405
494.0 0.0008256002729467582
495.0 0.0011388205166440457
496.0 0.0014520409422402736
497.0 0.0018756105419015512
498.0 0.0022991804144112393
499.0 0.0022482785425381735
500.0 0.0021973766706651077
501.0 0.002273876998515334
502.0 0.0023503773263655603
503.0 0.0025049341275007464
504.0 0.002659490564838052
505.0 0.003237370037822984
506.0 0.0038152498746057972
507.0 0.0028193884645588696
508.0 0.001823526508815121
509.0 0.0019477232854114845
510.0 0.002071920062007848
511.0 0.0018925260519608855
512.0 0.0017131318600149825
513.0 0.0017964064682018943
514.0 0.0018796812582877465
515.0 0.0017263218978769146
516.0 0.001572962173668202
517.0 0.0015231758879963309
518.0 0.0014733891475771088
519.0 0.0014898251720296685
520.0 0.0015062607417348772
521.0 0.001686422729108017
522.0 0.001866584352683276
523.0 0.0017928294255398214
524.0 0.0017190744983963668
525.0 0.002149567808373831
526.0 0.0025800616640481167
527.0 0.0024279332137666643
528.0 0.0022758051272830926
529.0 0.002483615571691189
530.0 0.002691425834200345
531.0 0.0025525561795802787
532.0 0.0024136865249602124
533.0 0.002658706762304064
534.0 0.0029037266358500347
535.0 0.002402355494268704
536.0 0.0019009841707884334
537.0 0.002412479261693079
538.0 0.0029239741706987843
539.0 0.0034847129427362233
540.0 0.004045450987177901
541.0 0.0039799619116820395
542.0 0.003914472472388297
543.0 0.004104848267161287
544.0 0.004295224061934277
545.0 0.004880232154391706
546.0 0.005465239883051254
547.0 0.004517322304309346
548.0 0.003569404361769557
549.0 0.0032104955607792363
550.0 0.002851586395991035
551.0 0.002710827175178565
552.0 0.002570067772467155
553.0 0.003150701741105877
554.0 0.003731334800249897
555.0 0.003892719541909173
556.0 0.004054104283568449
557.0 0.003732813274837099
558.0 0.003411521902307868
559.0 0.0032227351766778156
560.0 0.003033948269148823
561.0 0.003554267095751129
562.0 0.004074585740454495
563.0 0.003640097565948963
564.0 0.0032056093914434314
565.0 0.0038011759897926822
566.0 0.004396742588141933
567.0 0.004623478889698163
568.0 0.004850215191254392
569.0 0.005353820233722217
570.0 0.005857424912392162
571.0 0.005844736733706668
572.0 0.005832047827425413
573.0 0.006353529897751287
574.0 0.0068750130594708025
575.0 0.006711164314765483
576.0 0.006547316297655925
577.0 0.005921894990024157
578.0 0.00529647440998815
579.0 0.0058918925788020715
580.0 0.0064873114752117544
581.0 0.007015469600446522
582.0 0.007543626998085529
583.0 0.008475998765788972
584.0 0.009408368350705132
585.0 0.009518122533336282
586.0 0.009627878171158955
587.0 0.009848641639109701
588.0 0.010069402924273163
589.0 0.010471004497958347
590.0 0.010872608982026577
591.0 0.010149310401175171
592.0 0.009426012547919527
593.0 0.007660550181753933
594.0 0.005895090362173505
595.0 0.005775643512606621
596.0 0.0056561966630397364
597.0 0.006093519186833873
598.0 0.00653084134683013
599.0 0.007487634138669819
600.0 0.008444426202913746
601.0 0.009028688509715721
602.0 0.009612949361326173
603.0 0.010531563748372719
604.0 0.011450178863015026
605.0 0.011521349370013922
606.0 0.01159252060460858
607.0 0.010068716801470146
608.0 0.008544914453523234
609.0 0.006607884279219434
610.0 0.004670855196309276
611.0 0.004039546547573991
612.0 0.0034082378988387063
613.0 0.0038143152778502554
614.0 0.004220391929266043
615.0 0.0049582264182390645
616.0 0.0056960616348078474
617.0 0.006825784657848999
618.0 0.00795550731709227
619.0 0.008881073881639168
620.0 0.009806641901377589
621.0 0.011013940093107522
622.0 0.012221239740028977
623.0 0.012166290252935141
624.0 0.012111339310649782
625.0 0.010776357521535829
626.0 0.00944137282203883
627.0 0.007430164259858429
628.0 0.005418953878688626
629.0 0.004453802466741763
630.0 0.0034886510547949
631.0 0.0028920212571392767
632.0 0.0022953909137868322
633.0 0.002541547473811079
634.0 0.002787704397633206
635.0 0.0028731472411891446
636.0 0.0029585897209472023
637.0 0.003711952012963593
638.0 0.004465314123081043
639.0 0.0045279703044798225
640.0 0.00459062575828284
641.0 0.005194946061237715
642.0 0.00579926636419259
643.0 0.005767522088717669
644.0 0.005735778177040629
645.0 0.005361787407309748
646.0 0.004987796637578867
647.0 0.004045169407618232
648.0 0.0031025421776575968
649.0 0.0023228887584991753
650.0 0.0015432351574418135
651.0 0.0016331801816704683
652.0 0.0017231255696970038
653.0 0.0016033200154197402
654.0 0.0014835141882940661
655.0 0.0015305653505492955
656.0 0.0015776166037539952
657.0 0.0013964259778731503
658.0 0.0012152355338912457
659.0 0.001680914283497259
660.0 0.002146592851204332
661.0 0.0019665509171318263
662.0 0.0017865088011603802
663.0 0.002414004302409012
664.0 0.003041500167455524
665.0 0.0036480989365372807
666.0 0.0042546973418211564
667.0 0.0047278379497583956
668.0 0.005200977102504112
669.0 0.00528305972693488
670.0 0.005365139077184722
671.0 0.00608059017395135
672.0 0.00679604199831374
673.0 0.007695284148212522
674.0 0.008594526298111305
675.0 0.008123084990074858
676.0 0.007651645137229934
677.0 0.006103804480517283
678.0 0.004555963823804632
679.0 0.003033629218407441
680.0 0.001511295613454422
681.0 0.0006763955752830952
682.0 1.624616131727652e-10
683.0 0.0001412115921084478
684.0 0.00044092771531722974
685.0 0.0002645929271238856
686.0 8.825815598356712e-05
687.0 0.0001790448209249007
688.0 0.00026983154839399504
689.0 0.00030513569981849287
690.0 0.00034043987398035824
691.0 0.0003659353978946456
692.0 0.0003914308763341978
693.0 0.0003739093699550722
694.0 0.000356387840838579
695.0 0.00043713703234971035
696.0 0.0005178862465982093
697.0 0.0004815246484213276
698.0 0.00044516295929497574
699.0 0.00043843833736900706
700.0 0.00043171344259462785
701.0 0.0003146245035168249
702.0 0.00019753570086322725
703.0 0.0003493521262498689
704.0 0.0005011685516365105
705.0 0.0004429180989973247
706.0 0.0003846674644591985
707.0 6.838972126388398e-05
708.0 1.624616131727652e-10
709.0 1.624616131727652e-10
710.0 0.0001063512968357827
711.0 0.0003650236294561182
712.0 0.000623695996182505
713.0 0.0004226632427162258
714.0 0.00022163058019941673
715.0 0.00031742677037982503
716.0 0.00041322291508549824
717.0 0.0003550819656084059
718.0 0.0002969410161313135
719.0 0.00046123341235215776
720.0 0.0006255257630982669
721.0 0.0003605528036132455
722.0 9.557981002217275e-05
723.0 0.00014908648608980002
724.0 0.00020259315078874351
725.0 0.00034863298878917703
726.0 0.0004946729859511834
727.0 0.00019673655060614692
728.0 1.624616131727652e-10
729.0 7.88197326073714e-05
730.0 0.00025883925900416216
731.0 0.0004831258138437988
732.0 0.0007074125733197434
733.0 0.0002665524334588554
734.0 1.624616131727652e-10
735.0 1.624616131727652e-10
736.0 1.624616131727652e-10
737.0 0.00028177817057439825
738.0 0.0008248013728007209
739.0 0.0005405781848821789
740.0 0.0002563547695899615
741.0 8.779023232818872e-05
742.0 1.624616131727652e-10
743.0 1.624616131727652e-10
744.0 1.624616131727652e-10
745.0 0.00026901086584985023
746.0 0.0008435503332293592
747.0 0.00041422390495426953
748.0 1.624616131727652e-10
749.0 1.624616131727652e-10
750.0 1.624616131727652e-10
751.0 1.624616131727652e-10
752.0 8.45570014007535e-05
753.0 0.00027909632080991287
754.0 0.000473635600428679
755.0 1.624616131727652e-10
756.0 1.624616131727652e-10
757.0 1.624616131727652e-10
758.0 1.624616131727652e-10
759.0 0.00016665549082972575
760.0 0.0007031017503322801
761.0 0.0003463956772975507
762.0 1.624616131727652e-10
763.0 1.624616131727652e-10
764.0 1.624616131727652e-10
765.0 4.367348935829796e-05
766.0 0.0004729384727397701
767.0 1.4197347297795204e-05
768.0 1.624616131727652e-10
769.0 1.624616131727652e-10
770.0 1.624616131727652e-10
771.0 1.624616131727652e-10
772.0 1.624616131727652e-10
773.0 0.0003109565568593098
774.0 0.000663764103592257
775.0 0.0004525360509433085
776.0 0.00024130790734488983
777.0 0.00032308162190020084
778.0 0.00040485542740498204
779.0 0.0005664513082592748
780.0 0.0007280471891135676
781.0 0.0007098554760887055
782.0 0.0006916637175891083
783.0 0.0004674354386224877
784.0 0.0002432071369184996
785.0 0.00010596993433864554
786.0 1.624616131727652e-10
787.0 0.00042937876969517674
788.0 0.0008900249667931348
789.0 0.000747857529859175
790.0 0.0006056901383999502
791.0 0.0004964316303812666
792.0 0.0003871728949889075
793.0 0.0005425232757261256
794.0 0.000697873338140198
795.0 0.0007484886737074703
796.0 0.0007991038728505373
797.0 0.00029048960641375743
798.0 1.624616131727652e-10
799.0 0.0003487712774585816
800.0 0.0009156671694654506
801.0 0.000566725339012919
802.0 0.00021778344034828478
803.0 0.0004004920810984913
804.0 0.0005832005626871251
805.0 0.0008375033758056816
806.0 0.001091806097974768
807.0 0.0006925365141796647
808.0 0.0002932669303845614
809.0 4.447823584996513e-05
810.0 1.624616131727652e-10
811.0 0.0001675196017458802
812.0 0.0005393495484895539
813.0 0.0007660615665372461
814.0 0.0009927735845849384
815.0 0.0010605600436974782
816.0 0.001128345957113197
817.0 0.0009713960025692359
818.0 0.0008144460480252746
819.0 0.000900891245692037
820.0 0.0009873365343082696
821.0 0.0009233061973645817
822.0 0.0008592758604208939
823.0 0.0007169331183831673
824.0 0.0005745905582443811
825.0 0.0006216940619196976
826.0 0.0006687977020192193
827.0 0.000692789581080433
828.0 0.000716781642040587
829.0 0.00037832419366168324
830.0 3.986683054790774e-05
831.0 6.20656010141829e-05
832.0 8.426462159150105e-05
833.0 0.00047846160668996163
834.0 0.0008726585292606615
835.0 0.00023344280180026544
836.0 1.624616131727652e-10
837.0 1.624616131727652e-10
838.0 0.00014932126077837893
839.0 0.0004810014615941327
840.0 0.0008126817192533053
841.0 0.001100448025681544
842.0 0.0013882142411603127
843.0 0.000959875342232408
844.0 0.0005315361704560928
845.0 0.0006044353995093843
846.0 0.0006773344921384705
847.0 0.0009286837666877545
848.0 0.0011800329957623035
849.0 0.0010006044249166735
850.0 0.0008211753993236925
851.0 0.0010136543096450623
852.0 0.0012061333109159023
853.0 0.0004360983439255506
854.0 1.624616131727652e-10
855.0 1.624616131727652e-10
856.0 1.624616131727652e-10
857.0 0.0003582136287150206
858.0 0.0013798308827972505
859.0 0.0012604186849785037
860.0 0.0011410062143113464
861.0 0.0013099888747092336
862.0 0.001478971626056591
863.0 0.001785946915333625
864.0 0.0020929221136611886
865.0 0.00206736567633925
866.0 0.002041809420916252
867.0 0.002677892734936904
868.0 0.0033139756851596758
869.0 0.0030248465918703005
870.0 0.0027357171347830445
871.0 0.003336917143315077
872.0 0.00393811751564499
873.0 0.002754048182396218
874.0 0.0015699793948442675
875.0 0.0023880873413872905
876.0 0.0032061947422334924
877.0 0.0020624831449822523
