lsstCam/transmission_filter_detector/r03_s20/y_10/19700101T000000.ecsv
# %ECSV 1.0
# ---
# datatype:
# - {name: wavelength, unit: nm, datatype: float32}
# - {name: efficiency, unit: '%', datatype: float64}
# meta: !!omap
# - {MODE: DETECTOR}
# - {TYPE: transmission_filter_detector}
# - {CALIBDATE: '1970-01-01T00:00:00'}
# - {INSTRUME: LSSTCam}
# - {OBSTYPE: transmission_filter_detector}
# - {CALIBCLS: lsst.ip.isr.IntermediateFilterDetectorTransmissionCurve}
# - {SOURCE: Materion (DM-46256)}
# - {DETECTOR: 24}
# - {FILTER: y_10}
# - {CALIB_ID: 'calibDate=1970-01-01T00:00:00 filter=y_10 detector=24'}
# - {DATE: '2025-04-02T15:59:50.853445'}
# - {CALIB_CREATION_DATE: '2025-04-02'}
# - {CALIB_CREATION_TIME: '15:59:50'}
# - __serialized_columns__:
#     efficiency:
#       __class__: astropy.units.quantity.Quantity
#       unit: !astropy.units.Unit {unit: '%'}
#       value: !astropy.table.SerializedColumn {name: efficiency}
#     wavelength:
#       __class__: astropy.units.quantity.Quantity
#       unit: !astropy.units.Unit {unit: nm}
#       value: !astropy.table.SerializedColumn {name: wavelength}
# schema: astropy-2.0
wavelength efficiency
[from data line 579]
879.0 0.0017960381228476763
880.0 0.057090166956186295
881.0 0.09132256964221597
882.0 0.06922956672497094
883.0 0.09562941268086433
884.0 0.0639887060970068
885.0 0.0919628597330302
886.0 0.06990503170527518
887.0 0.09916563285514712
888.0 0.06707265856675804
889.0 0.093827024102211
890.0 0.06835992680862546
891.0 0.10773952817544341
892.0 0.06367643945850432
893.0 0.10670475894585252
894.0 0.07065549725666642
895.0 0.10444422950968146
896.0 0.07192787597887218
897.0 0.11359868803992867
898.0 0.07616522489115596
899.0 0.12020010035485029
900.0 0.09655198082327843
901.0 0.13793455436825752
902.0 0.13814347330480814
903.0 0.16646486474201083
904.0 0.1930521335452795
905.0 0.2138082403689623
906.0 0.270427530631423
907.0 0.3346388228237629
908.0 0.4542723298072815
909.0 0.6018873769789934
910.0 0.8557973429560661
911.0 1.2008090503513813
912.0 1.7741948366165161
913.0 2.6433540508151054
914.0 3.6919958889484406
915.0 5.284656211733818
916.0 7.252036780118942
917.0 9.46725681424141
918.0 12.038645893335342
919.0 14.543670415878296
920.0 17.87954419851303
921.0 21.319790184497833
922.0 24.730847775936127
923.0 28.74787747859955
924.0 33.11114013195038
925.0 38.02412450313568
926.0 43.99631917476654
927.0 50.51984786987305
928.0 56.35367035865784
929.0 62.78073191642761
930.0 68.54490637779236
931.0 74.32806491851807
932.0 79.73447442054749
933.0 84.42736268043518
934.0 87.97668218612671
935.0 90.60232639312744
936.0 92.67648458480835
937.0 94.12675499916077
938.0 95.19550800323486
939.0 95.74093818664551
940.0 96.13537788391113
941.0 96.38952612876892
942.0 96.67144417762756
943.0 96.86605334281921
944.0 97.15086221694946
945.0 97.14637994766235
946.0 97.22628593444824
947.0 97.22208380699158
948.0 97.37938046455383
949.0 97.29495644569397
950.0 97.38340377807617
951.0 97.43661284446716
952.0 97.44307398796082
953.0 97.64665961265564
954.0 97.7074921131134
955.0 97.78431057929993
956.0 98.0322539806366
957.0 98.23863506317139
958.0 98.37416410446167
959.0 98.47549200057983
960.0 98.60742688179016
961.0 98.65397810935974
962.0 98.69601726531982
963.0 98.74836206436157
964.0 98.81555438041687
965.0 98.81083965301514
966.0 98.90276789665222
967.0 98.94341230392456
968.0 98.9335298538208
969.0 98.92908930778503
970.0 98.98051619529724
971.0 98.99932146072388
972.0 99.08599257469177
973.0 99.16955828666687
974.0 99.17194843292236
975.0 99.14979934692383
976.0 99.18610453605652
977.0 99.21079874038696
978.0 99.25134778022766
979.0 99.18800592422485
980.0 99.17141199111938
981.0 99.08753037452698
982.0 99.04012680053711
983.0 99.0696132183075
984.0 99.0094244480133
985.0 98.9972710609436
986.0 98.89244437217712
987.0 98.96983504295349
988.0 98.83667826652527
989.0 98.81630539894104
990.0 98.7614095211029
991.0 98.82034659385681
992.0 98.87872338294983
993.0 98.82236123085022
994.0 98.77961874008179
995.0 98.86229634284973
996.0 98.84153604507446
997.0 98.9603579044342
998.0 98.97193908691406
999.0 99.02735948562622
1000.0 99.0738034248352
1001.0 99.03461933135986
1002.0 99.1003692150116
1003.0 99.14040565490723
1004.0 99.19074177742004
1005.0 99.17715787887573
1006.0 99.30919408798218
1007.0 99.27542209625244
1008.0 99.24666285514832
1009.0 99.1704523563385
1010.0 99.21655058860779
1011.0 99.23641681671143
1012.0 99.15498495101929
1013.0 99.12727475166321
1014.0 99.14747476577759
1015.0 99.10898208618164
1016.0 99.07820224761963
1017.0 99.07879829406738
1018.0 99.13426637649536
1019.0 99.05173182487488
1020.0 99.11006689071655
1021.0 99.22066926956177
1022.0 99.0721046924591
1023.0 99.14758801460266
1024.0 99.12523627281189
1025.0 99.08095598220825
1026.0 99.16651248931885
1027.0 99.24558401107788
1028.0 99.19633865356445
1029.0 99.27663803100586
1030.0 99.32923316955566
1031.0 99.33709502220154
1032.0 99.32568073272705
1033.0 99.3060827255249
1034.0 99.2998480796814
1035.0 99.3401288986206
1036.0 99.25257563591003
1037.0 99.24647212028503
1038.0 99.26810264587402
1039.0 99.20458793640137
1040.0 99.17222261428833
1041.0 99.22692775726318
1042.0 99.17300939559937
1043.0 99.09707903862
1044.0 99.2333710193634
1045.0 98.88250231742859
1046.0 99.09797310829163
1047.0 99.00425672531128
1048.0 99.06485080718994
1049.0 98.97937178611755
1050.0 98.96891117095947
1051.0 98.96313548088074
1052.0 98.96249175071716
1053.0 98.88660907745361
1054.0 99.14686679840088
1055.0 99.17680621147156
1056.0 99.16933178901672
1057.0 99.14087057113647
1058.0 98.89190793037415
1059.0 98.96824955940247
1060.0 99.07549023628235
1061.0 98.99730086326599
1062.0 99.12105202674866
1063.0 99.00859594345093
1064.0 99.20914769172668
1065.0 99.09828901290894
1066.0 99.10567998886108
1067.0 99.15209412574768
1068.0 99.06792640686035
1069.0 98.93473982810974
1070.0 99.19033646583557
1071.0 99.13007020950317
1072.0 99.22779202461243
1073.0 99.1685688495636
1074.0 98.87886643409729
1075.0 98.84926080703735
1076.0 98.54976534843445
1077.0 98.98358583450317
1078.0 99.1096019744873
1079.0 98.68935346603394
1080.0 99.49073791503906
1081.0 98.73164296150208
1082.0 98.89798760414124
1083.0 98.707115650177
1084.0 99.09687042236328
1085.0 99.0718424320221
1086.0 98.92661571502686
1087.0 98.97229075431824
1088.0 98.84412884712219
1089.0 98.5463798046112
1090.0 98.6975371837616
1091.0 98.76142740249634
1092.0 98.85892868041992
1093.0 98.61646890640259
1094.0 98.48268032073975
1095.0 98.51073622703552
1096.0 98.64675998687744
1097.0 98.42470288276672
1098.0 97.77299165725708
1099.0 98.75457882881165
1100.0 98.35198521614075
