lsstCam/transmission_filter_detector/r01_s22/i_39/19700101T000000.ecsv
# %ECSV 1.0
# ---
# datatype:
# - {name: wavelength, unit: nm, datatype: float32}
# - {name: efficiency, unit: '%', datatype: float64}
# meta: !!omap
# - {MODE: DETECTOR}
# - {TYPE: transmission_filter_detector}
# - {CALIBDATE: '1970-01-01T00:00:00'}
# - {INSTRUME: LSSTCam}
# - {OBSTYPE: transmission_filter_detector}
# - {CALIBCLS: lsst.ip.isr.IntermediateFilterDetectorTransmissionCurve}
# - {SOURCE: Materion (DM-46256)}
# - {DETECTOR: 8}
# - {FILTER: i_39}
# - {CALIB_ID: 'calibDate=1970-01-01T00:00:00 filter=i_39 detector=8'}
# - {DATE: '2025-04-02T15:59:46.516060'}
# - {CALIB_CREATION_DATE: '2025-04-02'}
# - {CALIB_CREATION_TIME: '15:59:46'}
# - __serialized_columns__:
#     efficiency:
#       __class__: astropy.units.quantity.Quantity
#       unit: !astropy.units.Unit {unit: '%'}
#       value: !astropy.table.SerializedColumn {name: efficiency}
#     wavelength:
#       __class__: astropy.units.quantity.Quantity
#       unit: !astropy.units.Unit {unit: nm}
#       value: !astropy.table.SerializedColumn {name: wavelength}
# schema: astropy-2.0
wavelength efficiency
[from data line 597]
897.0 1.6221126004911657e-10
898.0 1.6221126004911657e-10
899.0 1.6221126004911657e-10
900.0 1.6221126004911657e-10
901.0 1.6221126004911657e-10
902.0 1.6221126004911657e-10
903.0 1.6221126004911657e-10
904.0 1.6221126004911657e-10
905.0 1.6221126004911657e-10
906.0 1.6221126004911657e-10
907.0 2.7839059058010207e-06
908.0 0.00013605615549749928
909.0 1.6221126004911657e-10
910.0 1.6221126004911657e-10
911.0 1.6221126004911657e-10
912.0 6.185899792399141e-05
913.0 9.622068546377704e-05
914.0 0.00013058239574093022
915.0 1.6221126004911657e-10
916.0 1.6221126004911657e-10
917.0 1.6221126004911657e-10
918.0 1.6221126004911657e-10
919.0 1.6221126004911657e-10
920.0 8.505218715981755e-05
921.0 3.5028023148697685e-05
922.0 1.6221126004911657e-10
923.0 1.6221126004911657e-10
924.0 1.6221126004911657e-10
925.0 1.6221126004911657e-10
926.0 0.00016162176734724198
927.0 1.6221126004911657e-10
928.0 1.6221126004911657e-10
929.0 1.6221126004911657e-10
930.0 7.535814461334667e-05
931.0 0.00010852259038074408
932.0 0.00014168701909511583
933.0 0.0001269615722776507
934.0 0.00011223612546018558
935.0 1.6221126004911657e-10
936.0 1.6221126004911657e-10
937.0 1.6221126004911657e-10
938.0 1.6221126004911657e-10
939.0 1.6221126004911657e-10
940.0 1.6221126004911657e-10
941.0 1.6221126004911657e-10
942.0 9.085849939083346e-06
943.0 1.6221126004911657e-10
944.0 1.6221126004911657e-10
945.0 1.6221126004911657e-10
946.0 1.6221126004911657e-10
947.0 1.6221126004911657e-10
948.0 1.6221126004911657e-10
949.0 1.6221126004911657e-10
950.0 1.6221126004911657e-10
951.0 1.6221126004911657e-10
952.0 1.6221126004911657e-10
953.0 1.6221126004911657e-10
954.0 1.6221126004911657e-10
955.0 0.00016601959487161366
956.0 0.0003535417135935859
957.0 0.00021027180991950445
958.0 6.70018721393717e-05
959.0 0.00013139551811036654
960.0 0.00019578917545004515
961.0 0.00020369436697365018
962.0 0.00021159953575988766
963.0 8.12524206139642e-05
964.0 1.6221126004911657e-10
965.0 1.6221126004911657e-10
966.0 1.6221126004911657e-10
967.0 1.6221126004911657e-10
968.0 1.6221126004911657e-10
969.0 1.6221126004911657e-10
970.0 1.6221126004911657e-10
971.0 1.6221126004911657e-10
972.0 1.6221126004911657e-10
973.0 1.6221126004911657e-10
974.0 1.6221126004911657e-10
975.0 1.6221126004911657e-10
976.0 1.6221126004911657e-10
977.0 1.6221126004911657e-10
978.0 1.6221126004911657e-10
979.0 1.6221126004911657e-10
980.0 1.6221126004911657e-10
981.0 1.6221126004911657e-10
982.0 1.6221126004911657e-10
983.0 1.6221126004911657e-10
984.0 1.6221126004911657e-10
985.0 0.00012114579703847994
986.0 0.0002994449687321321
987.0 5.381933192438737e-05
988.0 1.6221126004911657e-10
989.0 1.6221126004911657e-10
990.0 1.6221126004911657e-10
991.0 1.6221126004911657e-10
992.0 1.6221126004911657e-10
993.0 1.6221126004911657e-10
994.0 7.724051442892232e-05
995.0 1.6221126004911657e-10
996.0 1.6221126004911657e-10
997.0 3.098086676089906e-07
998.0 0.000260293495557562
999.0 0.00025074248242162867
1000.0 0.00024119140107359271
1001.0 0.00010669330094970064
1002.0 1.6221126004911657e-10
1003.0 6.993611236794095e-05
1004.0 0.0001676770807534922
1005.0 1.6221126004911657e-10
1006.0 1.6221126004911657e-10
1007.0 1.6221126004911657e-10
1008.0 0.00021789344373246422
1009.0 0.00010429067742734333
1010.0 1.6221126004911657e-10
1011.0 0.00010762207693915116
1012.0 0.00022455628823081497
1013.0 0.00031958400086296024
1014.0 0.0004146117589698406
1015.0 0.00033130813790194225
1016.0 0.0002480046077835141
1017.0 0.0003449828909651842
1018.0 0.0004419613560457947
1019.0 0.0003376748281880282
1020.0 0.00023338823211815907
1021.0 0.00016775320546003059
1022.0 0.00010211812195848324
1023.0 0.00047825292313063983
1024.0 0.0008543878720956855
1025.0 0.0006674589258182095
1026.0 0.00048052993406599853
1027.0 0.0004651479684980586
1028.0 0.0004497659574553836
1029.0 0.0008409430847677868
1030.0 0.0012321203030296601
1031.0 0.0018138465748052113
1032.0 0.0023955724827828817
1033.0 0.0024477387341903523
1034.0 0.0024999042580020614
1035.0 0.003149399344692938
1036.0 0.0037988942494848743
1037.0 0.0038155081711011007
1038.0 0.0038321217289194465
1039.0 0.0032112930057337508
1040.0 0.0025904644644469954
1041.0 0.0021129722881596535
1042.0 0.0016354799299733713
1043.0 0.002391497946518939
1044.0 0.0031475159630645066
1045.0 0.003495916462270543
1046.0 0.0038443176890723407
1047.0 0.0033890137274283916
1048.0 0.002933710129582323
1049.0 0.002495255284884479
1050.0 0.002056800076388754
1051.0 0.0022874084606883116
1052.0 0.0025180175725836307
1053.0 0.0016215124560403638
1054.0 0.0007250071575981565
1055.0 0.0007306014140340267
1056.0 0.0007361956249951618
1057.0 0.0008362931112060323
1058.0 0.0009363907338411082
1059.0 0.0010082771041197702
1060.0 0.001080163838196313
1061.0 0.0018515545889385976
1062.0 0.0026229450668324716
1063.0 0.002976049290737137
1064.0 0.0033291533327428624
1065.0 0.0034865315683418885
1066.0 0.0036439098039409146
1067.0 0.004436583549249917
1068.0 0.005229256930761039
1069.0 0.004238363180775195
1070.0 0.0032474690669914708
1071.0 0.0030395529392990284
1072.0 0.0028316364478087053
1073.0 0.003061169627471827
1074.0 0.0032907028071349487
1075.0 0.0033762818929972127
1076.0 0.003461860615061596
1077.0 0.0028092033971915953
1078.0 0.002156545997422654
1079.0 0.0021888645278522745
1080.0 0.002221183240180835
1081.0 0.0015147079466260038
1082.0 0.0008082325621217024
1083.0 0.00025343356355733704
1084.0 1.6221126004911657e-10
1085.0 0.00031998147278500255
1086.0 0.0009413291081727948
1087.0 0.0009390373634232674
1088.0 0.0009367457096232101
1089.0 1.6221126004911657e-10
1090.0 1.6221126004911657e-10
1091.0 1.6221126004911657e-10
1092.0 1.6221126004911657e-10
1093.0 1.6221126004911657e-10
1094.0 0.0001158657255473372
1095.0 0.00014144842452878947
1096.0 0.00016703135088391718
1097.0 1.6221126004911657e-10
1098.0 1.6221126004911657e-10
1099.0 1.6221126004911657e-10
1100.0 1.6221126004911657e-10
