lsstCam/transmission_filter_detector/r01_s22/i_39/19700101T000000.ecsv
# %ECSV 1.0
# ---
# datatype:
# - {name: wavelength, unit: nm, datatype: float32}
# - {name: efficiency, unit: '%', datatype: float64}
# meta: !!omap
# - {MODE: DETECTOR}
# - {TYPE: transmission_filter_detector}
# - {CALIBDATE: '1970-01-01T00:00:00'}
# - {INSTRUME: LSSTCam}
# - {OBSTYPE: transmission_filter_detector}
# - {CALIBCLS: lsst.ip.isr.IntermediateFilterDetectorTransmissionCurve}
# - {SOURCE: Materion (DM-46256)}
# - {DETECTOR: 8}
# - {FILTER: i_39}
# - {CALIB_ID: 'calibDate=1970-01-01T00:00:00 filter=i_39 detector=8'}
# - {DATE: '2025-04-02T15:59:46.516060'}
# - {CALIB_CREATION_DATE: '2025-04-02'}
# - {CALIB_CREATION_TIME: '15:59:46'}
# - __serialized_columns__:
#     efficiency:
#       __class__: astropy.units.quantity.Quantity
#       unit: !astropy.units.Unit {unit: '%'}
#       value: !astropy.table.SerializedColumn {name: efficiency}
#     wavelength:
#       __class__: astropy.units.quantity.Quantity
#       unit: !astropy.units.Unit {unit: nm}
#       value: !astropy.table.SerializedColumn {name: wavelength}
# schema: astropy-2.0
wavelength efficiency
300.0 0.07748775533400476
301.0 0.040311727207154036
302.0 0.00313573436869774
303.0 0.025897540035657585
304.0 0.0486593518871814
305.0 0.037480590981431305
306.0 0.02630183007568121
307.0 0.009257033525500447
308.0 1.6221126004911657e-10
309.0 1.6221126004911657e-10
310.0 1.6221126004911657e-10
311.0 1.6221126004911657e-10
312.0 0.0034661832614801824
313.0 0.0003648433676062268
314.0 1.6221126004911657e-10
315.0 1.6221126004911657e-10
316.0 1.6221126004911657e-10
317.0 1.6221126004911657e-10
318.0 1.6221126004911657e-10
319.0 1.6221126004911657e-10
320.0 1.6221126004911657e-10
321.0 1.6221126004911657e-10
322.0 1.6221126004911657e-10
323.0 1.6221126004911657e-10
324.0 1.6221126004911657e-10
325.0 1.6221126004911657e-10
326.0 1.6221126004911657e-10
327.0 1.6221126004911657e-10
328.0 0.002577079794718884
329.0 0.001432748103979975
330.0 0.0002884167543015792
331.0 0.00048743190745881293
332.0 0.0006864476290502353
333.0 0.0016443014828837477
334.0 0.0026021551093435846
335.0 0.002328714617760852
336.0 0.0020552752175717615
337.0 0.0029277007342898287
338.0 0.0038001260691089556
339.0 0.0037858444557059556
340.0 0.003771563569898717
341.0 1.6221126004911657e-10
342.0 1.6221126004911657e-10
343.0 1.6221126004911657e-10
344.0 1.6221126004911657e-10
345.0 1.6221126004911657e-10
346.0 1.6221126004911657e-10
347.0 1.6221126004911657e-10
348.0 1.6221126004911657e-10
349.0 1.6221126004911657e-10
350.0 1.6221126004911657e-10
351.0 2.1165934782629847e-06
352.0 0.00019689732653205283
353.0 1.6221126004911657e-10
354.0 1.6221126004911657e-10
355.0 1.6221126004911657e-10
356.0 0.00036046187688043574
357.0 0.000740291989131947
358.0 0.001120122215070296
359.0 0.001354880259896163
360.0 0.001589637940924149
361.0 0.0012354666068858933
362.0 0.0008812954547465779
363.0 0.0007464194823114667
364.0 0.0006115436008258257
365.0 0.001427227289241273
366.0 0.0022429112505051307
367.0 0.0013281856809044257
368.0 0.00041346006582898553
369.0 0.0008491455446346663
370.0 0.0012848311598645523
371.0 0.001210942991747288
372.0 0.0011370545507816132
373.0 0.0007462220310117118
374.0 0.0003553894202923402
375.0 1.6221126004911657e-10
376.0 1.6221126004911657e-10
377.0 1.6221126004911657e-10
378.0 1.6221126004911657e-10
379.0 1.6221126004911657e-10
380.0 1.6221126004911657e-10
381.0 1.6221126004911657e-10
382.0 1.6221126004911657e-10
383.0 0.00011423770729379612
384.0 0.0012423161024344154
385.0 0.0008507186066708528
386.0 0.0004591209290083498
387.0 1.6221126004911657e-10
388.0 1.6221126004911657e-10
389.0 1.6221126004911657e-10
390.0 1.6221126004911657e-10
391.0 1.6221126004911657e-10
392.0 1.6221126004911657e-10
393.0 1.6221126004911657e-10
394.0 0.0006809557817177847
395.0 1.6221126004911657e-10
396.0 1.6221126004911657e-10
397.0 1.6221126004911657e-10
398.0 1.6221126004911657e-10
399.0 1.6221126004911657e-10
400.0 0.00029719481062784325
401.0 1.6221126004911657e-10
402.0 1.6221126004911657e-10
403.0 0.0009802080057852436
404.0 0.002681132173165679
405.0 0.004221429844619706
406.0 0.005761727152275853
407.0 0.0031138002668740228
408.0 0.0004658710622607032
409.0 1.7211654324000847e-05
410.0 1.6221126004911657e-10
411.0 0.0027852047423948534
412.0 0.006001860310789198
413.0 0.0048863952542888
414.0 0.0037709316529799253
415.0 0.003999155160272494
416.0 0.004227378303767182
417.0 0.002890096766350325
418.0 0.0015528154108324088
419.0 0.0034665583370951936
420.0 0.005380300717661157
421.0 0.004975402771378867
422.0 0.004570504097500816
423.0 0.0049747446610126644
424.0 0.0053789844969287515
425.0 0.004058900594827719
426.0 0.002738815419434104
427.0 0.0038283516914816573
428.0 0.004917888509226032
429.0 0.005230838723946363
430.0 0.005543789666262455
431.0 0.004241621354594827
432.0 0.0029394541343208402
433.0 0.003442079105298035
434.0 0.00394470444007311
435.0 0.002691919871722348
436.0 0.0014391351214726456
437.0 0.0014990422641858459
438.0 0.0015589495887979865
439.0 0.001919235182867851
440.0 0.002279520958836656
441.0 0.0007028613708826015
442.0 1.6221126004911657e-10
443.0 1.6221126004911657e-10
444.0 1.6221126004911657e-10
445.0 1.6221126004911657e-10
446.0 1.6221126004911657e-10
447.0 1.6221126004911657e-10
448.0 0.0004057847945659887
449.0 1.6221126004911657e-10
450.0 1.6221126004911657e-10
451.0 0.00015838515992072644
452.0 0.001509896173956804
453.0 0.0018609236576594412
454.0 0.002211951323261019
455.0 0.0020273650079616345
456.0 0.0018427786926622503
457.0 0.0012995771612622775
458.0 0.0007563756753370399
459.0 0.0006026239134371281
460.0 0.00044887228796142153
461.0 0.0004287488536647288
462.0 0.0004086254648427712
463.0 4.156025283919007e-05
464.0 1.6221126004911657e-10
465.0 0.00017607403606234584
466.0 0.0006776530426577665
467.0 0.000907251796888886
468.0 0.0011368506420694757
469.0 0.000685889381202287
470.0 0.00023492823402193608
471.0 0.0003300992148069781
472.0 0.0004252703092788579
473.0 0.0006556604603247251
474.0 0.0008860507477947976
475.0 0.0005223387688602088
476.0 0.0001586270968800818
477.0 0.000736427637093584
478.0 0.0013142282114131376
479.0 0.0013266009773360565
480.0 0.0013389738342084456
481.0 0.002569822572695557
482.0 0.003800669583142735
483.0 0.005246013824944384
484.0 0.006691357702948153
485.0 0.006891803786857054
486.0 0.007092249870765954
487.0 0.01042722724378109
488.0 0.013762204616796225
489.0 0.017068856686819345
490.0 0.02037550730165094
491.0 0.02242389164166525
492.0 0.02447227598167956
493.0 0.02641458122525364
494.0 0.028356886468827724
495.0 0.02565002941992134
496.0 0.022943168005440384
497.0 0.018416090460959822
498.0 0.013889011461287737
499.0 0.010161758837057278
500.0 0.006434507668018341
501.0 0.0046275195927591994
502.0 0.0028205318812979385
503.0 0.0023022708774078637
504.0 0.0017840095097199082
505.0 0.0017595513781998307
506.0 0.0017350934285786934
507.0 0.0018004069715971127
508.0 0.0018657201508176513
509.0 0.0019612229152699
510.0 0.0020567258616210893
511.0 0.0015204556802927982
512.0 0.0009841855899139773
513.0 0.001387823522236431
514.0 0.0017914613636094145
515.0 0.002364463398407679
516.0 0.0029374654332059436
517.0 0.00248788419412449
518.0 0.002038303136941977
519.0 0.002243265771539882
520.0 0.002448228588036727
521.0 0.0018813576389220543
522.0 0.0013144867807568517
523.0 0.0014334445950225927
524.0 0.0015524028640356846
525.0 0.0020932006009388715
526.0 0.002633998155943118
527.0 0.0025399154765182175
528.0 0.0024458329789922573
529.0 0.0020528281311271712
530.0 0.0016598231013631448
531.0 0.0017736569134285673
532.0 0.0018874907254939899
533.0 0.0017708585801301524
534.0 0.001654226434766315
535.0 0.0016667951058479957
536.0 0.0016793635950307362
537.0 0.0023177844923338853
538.0 0.002956205207738094
539.0 0.003703810943989083
540.0 0.004451417044037953
541.0 0.004994839400751516
542.0 0.00553826212126296
543.0 0.004902345608570613
544.0 0.0042664294596761465
545.0 0.0035124590795021504
546.0 0.0027584892450249754
547.0 0.0023388791305478662
548.0 0.0019192691979696974
549.0 0.0019871475160471164
550.0 0.002055026197922416
551.0 0.001759449514793232
552.0 0.0014638730135629885
553.0 0.0015937466741888784
554.0 0.0017236203348147683
555.0 0.00131129509099992
556.0 0.0008989698471850716
557.0 0.0008446032552456018
558.0 0.0007902369361545425
559.0 0.0002969241677419632
560.0 1.6221126004911657e-10
561.0 0.0005859033080923837
562.0 0.0013681952623301186
563.0 0.0014412099517358001
564.0 0.0015142247320909519
565.0 0.0013457138265948743
566.0 0.0011772030120482668
567.0 0.000885322970134439
568.0 0.0005934428372711409
569.0 0.0006811711045884294
570.0 0.0007688990990573075
571.0 0.0005479223545989953
572.0 0.0003269456328780507
573.0 0.00040895033635024447
574.0 0.0004909551989840111
575.0 0.0004411245299706934
576.0 0.00039129372453317046
577.0 0.0005328889528755099
578.0 0.0006744840902683791
579.0 0.00035305317851452855
580.0 3.162225539199426e-05
581.0 0.0002677676548046293
582.0 0.0005039130428485805
583.0 0.0005295226401358377
584.0 0.0005551321464736247
585.0 0.0006544754796777852
586.0 0.0007538188583566807
587.0 0.0007148341865104157
588.0 0.0006758493782399455
589.0 0.0006047550414223224
590.0 0.0005336607046046993
591.0 0.0006991831924096914
592.0 0.000864705907588359
593.0 0.0005217516445554793
594.0 0.00017879732467918075
595.0 0.0004787133548234124
596.0 0.000778629237174755
597.0 0.0006843687515356578
598.0 0.0005901082658965606
599.0 0.0006202654276421526
600.0 0.0006504223620140692
601.0 0.000464842423752998
602.0 0.0002792623945424566
603.0 0.00018960799934575334
604.0 9.995346772484481e-05
605.0 0.0001757511085997976
606.0 0.00025154874947475037
607.0 0.000441037627751939
608.0 0.0006305263013928197
609.0 0.0005689713361789472
610.0 0.0005074160981166642
611.0 0.0006356674020935316
612.0 0.0007639187970198691
613.0 0.0005199256520427298
614.0 0.0002759326207524282
615.0 1.6221126004911657e-10
616.0 1.6221126004911657e-10
617.0 1.6221126004911657e-10
618.0 0.00013819111472912482
619.0 0.00032685595670045586
620.0 0.0005155208782525733
621.0 0.0005836496256961254
622.0 0.0006517783276649425
623.0 0.0005191584932617843
624.0 0.00038653870433336124
625.0 0.0004465221536520403
626.0 0.0005065056939201895
627.0 0.000356436589754594
628.0 0.00020636748558899853
629.0 0.00041700627662066836
630.0 0.0006276451131270733
631.0 0.0005871661414857954
632.0 0.0005466871243697824
633.0 0.0004993511993234279
634.0 0.00045201522880233824
635.0 0.00046422865125350654
636.0 0.0004764419372804696
637.0 0.0003785582066484494
638.0 0.0002806742941174889
639.0 0.0005705145667889155
640.0 0.0008603547939856071
641.0 0.000669909695716342
642.0 0.0004794646429218119
643.0 0.0006042819677531952
644.0 0.0007290993380593136
645.0 0.0006826848675700603
646.0 0.0006362704880302772
647.0 0.0007680677299504168
648.0 0.0008998653356684372
649.0 0.000795490723248804
650.0 0.0006911161563039059
651.0 0.0008886010618880391
652.0 0.0010860861038963776
653.0 0.0011935978363908362
654.0 0.0013011094779358245
655.0 0.0019687009626068175
656.0 0.0026362924472778104
657.0 0.00359143377863802
658.0 0.004546573836705647
659.0 0.007303303573280573
660.0 0.03573954454623163
661.0 0.09660878567956388
662.0 0.11640276061370969
663.0 0.05678596789948642
664.0 0.11284665670245886
665.0 0.11172277154400945
666.0 0.1559032709337771
667.0 0.2048709662631154
668.0 0.18802345730364323
669.0 0.2763601951301098
670.0 0.37741397973150015
671.0 0.5499136634171009
672.0 0.8865783922374249
673.0 1.3669812120497227
674.0 2.1132219582796097
675.0 3.012974001467228
676.0 4.119811579585075
677.0 5.362958833575249
678.0 6.711842864751816
679.0 8.142127096652985
680.0 10.057682543992996
681.0 12.079055607318878
682.0 14.622050523757935
683.0 17.335115373134613
684.0 20.3218474984169
685.0 23.197463154792786
686.0 26.127508282661438
687.0 29.380789399147034
688.0 32.68327713012695
689.0 36.01084053516388
690.0 39.85486924648285
691.0 44.02948617935181
692.0 49.02402460575104
693.0 54.23650145530701
694.0 60.156625509262085
695.0 65.79930782318115
696.0 72.07028865814209
697.0 77.56660580635071
698.0 83.53362679481506
699.0 87.94455528259277
700.0 91.3505494594574
701.0 94.0596342086792
702.0 95.92210054397583
703.0 96.92226648330688
704.0 97.34424948692322
705.0 97.73257970809937
706.0 97.80480861663818
707.0 97.88503050804138
708.0 97.93251156806946
709.0 97.98938035964966
710.0 97.74019122123718
711.0 97.95175790786743
712.0 97.88746237754822
713.0 97.93667197227478
714.0 98.05378913879395
715.0 98.0929970741272
716.0 97.94624447822571
717.0 98.14932346343994
718.0 98.19107055664062
719.0 98.18804264068604
720.0 98.37525486946106
721.0 98.30519556999207
722.0 98.03871512413025
723.0 97.79264330863953
724.0 97.4439024925232
725.0 97.2198486328125
726.0 96.88263535499573
727.0 96.70163989067078
728.0 96.43383622169495
729.0 96.22869491577148
730.0 96.29099369049072
731.0 96.22222185134888
732.0 96.2977647781372
733.0 96.53308987617493
734.0 96.97537422180176
735.0 97.13361263275146
736.0 97.52762913703918
737.0 97.873055934906
738.0 98.20274710655212
739.0 98.62487316131592
740.0 98.648601770401
741.0 98.54658842086792
742.0 98.85189533233643
743.0 98.69481921195984
744.0 98.51232767105103
745.0 98.45911860466003
746.0 98.47866892814636
747.0 98.7074077129364
748.0 98.56157302856445
749.0 98.4928548336029
750.0 98.41368198394775
751.0 98.35447072982788
752.0 98.28850626945496
753.0 98.43421578407288
754.0 98.34967851638794
755.0 98.55289459228516
756.0 98.54623079299927
757.0 98.60594868659973
758.0 98.74969124794006
759.0 98.76953959465027
760.0 98.65762591362
761.0 98.5603392124176
762.0 98.62843751907349
763.0 98.56661558151245
764.0 98.45004677772522
765.0 98.40771555900574
766.0 98.4831690788269
767.0 98.2731282711029
768.0 98.31103682518005
769.0 98.32340478897095
770.0 98.05280566215515
771.0 98.05403351783752
772.0 98.04527759552002
773.0 98.01135063171387
774.0 97.78974652290344
775.0 97.92165160179138
776.0 97.76135087013245
777.0 97.84985780715942
778.0 97.84314632415771
779.0 97.9306161403656
780.0 97.88415431976318
781.0 98.17187190055847
782.0 98.1009840965271
783.0 98.19676876068115
784.0 98.1103241443634
785.0 98.31588864326477
786.0 98.44099879264832
787.0 98.14300537109375
788.0 98.24255704879761
789.0 98.3465850353241
790.0 98.29675555229187
791.0 98.36024045944214
792.0 98.20750951766968
793.0 98.11408519744873
794.0 98.00035357475281
795.0 97.91153073310852
796.0 97.93256521224976
797.0 97.91468381881714
798.0 97.89230227470398
799.0 97.74283170700073
800.0 97.54074811935425
801.0 97.60311245918274
802.0 97.53230810165405
803.0 97.23840951919556
804.0 97.02891707420349
805.0 96.55957221984863
806.0 96.1722731590271
807.0 95.28718590736389
808.0 94.19715404510498
809.0 92.87815690040588
810.0 91.37157797813416
811.0 89.4288957118988
812.0 86.99697852134705
813.0 84.23910737037659
814.0 80.9847891330719
815.0 77.29419469833374
816.0 73.45184683799744
817.0 69.0331757068634
818.0 64.1144335269928
819.0 59.79861617088318
820.0 54.87771034240723
821.0 50.363361835479736
822.0 46.00520730018616
823.0 41.42664074897766
824.0 36.80289089679718
825.0 32.55777359008789
826.0 28.193381428718567
827.0 23.624326288700104
828.0 19.492147862911224
829.0 15.450419485569
830.0 11.488158255815506
831.0 8.464660495519638
832.0 5.663120374083519
833.0 3.632446378469467
834.0 2.193927578628063
835.0 1.3040191493928432
836.0 0.7706813048571348
837.0 0.4501575604081154
838.0 0.2559573156759143
839.0 0.1592877204529941
840.0 0.07092247251421213
841.0 0.04700274730566889
842.0 0.005773987504653633
843.0 0.01930836879182607
844.0 1.6221126004911657e-10
845.0 1.6221126004911657e-10
846.0 1.6221126004911657e-10
847.0 1.6221126004911657e-10
848.0 0.009756546205608174
849.0 1.6221126004911657e-10
850.0 1.6221126004911657e-10
851.0 1.6221126004911657e-10
852.0 0.0007432631264236988
853.0 0.0009647527804190759
854.0 0.0011862425708386581
855.0 0.0009947303624358028
856.0 0.0008032182449824177
857.0 0.0009179851986118592
858.0 0.0010327518793928903
859.0 0.0006126905645942315
860.0 0.00019262911337136757
861.0 0.00022785911824030336
862.0 0.000263089032159769
863.0 9.814159511734033e-05
864.0 1.6221126004911657e-10
865.0 1.6221126004911657e-10
866.0 4.7071472408788395e-05
867.0 4.6487025429087225e-05
868.0 4.5902484657744935e-05
869.0 1.6221126004911657e-10
870.0 1.6221126004911657e-10
871.0 4.631084493667004e-05
872.0 0.0002847096766345203
873.0 0.00026868210625252686
874.0 0.00025265449039579835
875.0 0.00021262098925944883
876.0 0.0001725875335978344
877.0 1.6221126004911657e-10
878.0 1.6221126004911657e-10
879.0 1.6221126004911657e-10
880.0 0.0004237887878844049
881.0 0.00021216519598965533
882.0 5.416185278050989e-07
883.0 0.000176913363247877
884.0 0.00035328514513821574
885.0 0.00013670241969521157
886.0 1.6221126004911657e-10
887.0 7.262917165462568e-05
888.0 0.00022513866042572772
889.0 0.0001054926769938902
890.0 1.6221126004911657e-10
891.0 9.162744163404568e-05
892.0 0.0001974080987565685
893.0 0.0002494347427273169
894.0 0.0003014613866980653
895.0 1.6221126004911657e-10
