lsstCam/transmission_filter_detector/r02_s21/z_20/19700101T000000.ecsv
# %ECSV 1.0
# ---
# datatype:
# - {name: wavelength, unit: nm, datatype: float32}
# - {name: efficiency, unit: '%', datatype: float64}
# meta: !!omap
# - {MODE: DETECTOR}
# - {TYPE: transmission_filter_detector}
# - {CALIBDATE: '1970-01-01T00:00:00'}
# - {INSTRUME: LSSTCam}
# - {OBSTYPE: transmission_filter_detector}
# - {CALIBCLS: lsst.ip.isr.IntermediateFilterDetectorTransmissionCurve}
# - {SOURCE: Materion (DM-46256)}
# - {DETECTOR: 16}
# - {FILTER: z_20}
# - {CALIB_ID: 'calibDate=1970-01-01T00:00:00 filter=z_20 detector=16'}
# - {DATE: '2025-04-02T15:59:48.708658'}
# - {CALIB_CREATION_DATE: '2025-04-02'}
# - {CALIB_CREATION_TIME: '15:59:48'}
# - __serialized_columns__:
#     efficiency:
#       __class__: astropy.units.quantity.Quantity
#       unit: !astropy.units.Unit {unit: '%'}
#       value: !astropy.table.SerializedColumn {name: efficiency}
#     wavelength:
#       __class__: astropy.units.quantity.Quantity
#       unit: !astropy.units.Unit {unit: nm}
#       value: !astropy.table.SerializedColumn {name: wavelength}
# schema: astropy-2.0
wavelength efficiency
300.0 0.8788393810391426
301.0 0.5930513609200716
302.0 0.3072634572163224
303.0 0.298841018229723
304.0 0.2904186025261879
305.0 0.24428348988294601
306.0 0.1981483306735754
307.0 0.18227618420496583
308.0 0.16640406101942062
309.0 0.14546123566105962
310.0 0.12451841030269861
311.0 0.1265068305656314
312.0 0.12849528575316072
313.0 0.11312810238450766
314.0 0.09776094229891896
315.0 0.09657096234150231
316.0 0.09538097656331956
317.0 0.07978070643730462
318.0 0.06418044213205576
319.0 0.06432989030145109
320.0 0.06447933847084641
321.0 0.06362441927194595
322.0 0.06276950007304549
323.0 0.054874393390491605
324.0 0.04697929252870381
325.0 0.04342534521128982
326.0 0.03987139498349279
327.0 0.03954707644879818
328.0 0.03922275791410357
329.0 0.034577143378555775
330.0 0.029931528843007982
331.0 0.02706605300772935
332.0 0.024200578627642244
333.0 0.0235363986575976
334.0 0.022872212866786867
335.0 0.021515137632377446
336.0 0.0201580609427765
337.0 0.024388344900216907
338.0 0.028618623036891222
339.0 0.02452075423207134
340.0 0.020422888337634504
341.0 0.017011200543493032
342.0 0.013599512749351561
343.0 0.013594276970252395
344.0 0.013589042646344751
345.0 0.012706780398730189
346.0 0.011824518878711388
347.0 0.011335704766679555
348.0 0.010846891382243484
349.0 0.013462670904118568
350.0 0.016078453336376697
351.0 0.013369675434660167
352.0 0.010660893894964829
353.0 0.011243796325288713
354.0 0.011826699483208358
355.0 0.010096223559230566
356.0 0.008365747635252774
357.0 0.009330395550932735
358.0 0.010295047832187265
359.0 0.010070636926684529
360.0 0.00984622529358603
361.0 0.008945307490648702
362.0 0.008044392598094419
363.0 0.0092195718025323
364.0 0.01039474955177866
365.0 0.010138282959815115
366.0 0.009881819278234616
367.0 0.008634867845103145
368.0 0.0073879149567801505
369.0 0.007894745067460462
370.0 0.008401576633332297
371.0 0.008382034138776362
372.0 0.00836249309941195
373.0 0.007261074642883614
374.0 0.006159657641546801
375.0 0.006425681203836575
376.0 0.00669170476612635
377.0 0.00705382481100969
378.0 0.007415943400701508
379.0 0.006236374611034989
380.0 0.00505680545757059
381.0 0.0032191164791584015
382.0 0.0013814279554935638
383.0 0.0035856926842825487
384.0 0.0057899578678188846
385.0 0.00551613156858366
386.0 0.0052423059969441965
387.0 0.005885731297894381
388.0 0.006529157690238208
389.0 0.005772807344328612
390.0 0.0050164584536105394
391.0 0.0046698161895619705
392.0 0.004323174289311282
393.0 0.0048180667363340035
394.0 0.005312959910952486
395.0 0.004351676398073323
396.0 0.0033903921575983986
397.0 0.003585562444641255
398.0 0.0037807323678862303
399.0 0.004001049092039466
400.0 0.0042213658161927015
401.0 0.004616395017364994
402.0 0.005011423854739405
403.0 0.005106304161017761
404.0 0.005201184467296116
405.0 0.004261797948856838
406.0 0.0033224117942154408
407.0 0.0018800634279614314
408.0 0.00043771578930318356
409.0 0.0019965080355177633
410.0 0.003555300645530224
411.0 0.0040458406147081405
412.0 0.004536380947683938
413.0 0.004396264921524562
414.0 0.004256148895365186
415.0 0.0035424669476924464
416.0 0.002828785727615468
417.0 0.0038095629861345515
418.0 0.0047903406084515154
419.0 0.004289497519494034
420.0 0.003788654794334434
421.0 0.003749041206901893
422.0 0.0037094279832672328
423.0 0.00355728916474618
424.0 0.0034051514376187697
425.0 0.0025234916392946616
426.0 0.001641831659071613
427.0 0.0018344744603382424
428.0 0.002027117443503812
429.0 0.0014214009752322454
430.0 0.0008156847798090894
431.0 0.0007852368980820756
432.0 0.0007547887435066514
433.0 0.000666008963889908
434.0 0.0005772292752226349
435.0 0.0011620456461969297
436.0 0.0017468619262217544
437.0 0.0018694452592171729
438.0 0.0019920285922125913
439.0 0.0020813942683162168
440.0 0.0021707601263187826
441.0 0.0016043344658100978
442.0 0.0010379092600487638
443.0 0.002286908056703396
444.0 0.0035359069443074986
445.0 0.0034142831282224506
446.0 0.0032926596759352833
447.0 0.0025277118766098283
448.0 0.001762763895385433
449.0 0.0025859912057057954
450.0 0.003409219061722979
451.0 0.0026657340640667826
452.0 0.0019222485207137652
453.0 0.0017012695025186986
454.0 0.0014802905752731021
455.0 0.0022840740712126717
456.0 0.0030878578400006518
457.0 0.0023060227249516174
458.0 0.0015241877918015234
459.0 0.0016215277355513535
460.0 0.0017188676793011837
461.0 0.0008306619747600053
462.0 1.6105393928211864e-10
463.0 0.0009520855201117229
464.0 0.0019617151338024996
465.0 0.002206574208685197
466.0 0.0024514332835678943
467.0 0.0021351948817027733
468.0 0.0018189557522418909
469.0 0.001628792415431235
470.0 0.0014386286238732282
471.0 0.0013184019735490438
472.0 0.00119817568702274
473.0 0.0011876190910697915
474.0 0.001177062495116843
475.0 0.0010656066478986759
476.0 0.000954150891629979
477.0 0.001348089335806435
478.0 0.0017420275980839506
479.0 0.0020342276911833324
480.0 0.0023264276023837738
481.0 0.0018038981579593383
482.0 0.001281368804484373
483.0 0.000851405093271751
484.0 0.0004214412911096588
485.0 0.0012583842362801079
486.0 0.0020953269995516166
487.0 0.0014308247955341358
488.0 0.0007663225915166549
489.0 0.0016316802430083044
490.0 0.002497038076398894
491.0 0.00235978550335858
492.0 0.0022225331122172065
493.0 0.002048746682703495
494.0 0.0018749606169876643
495.0 0.0016369755030609667
496.0 0.0013989903891342692
497.0 0.0012409038390615024
498.0 0.001082817561837146
499.0 0.001211488779517822
500.0 0.0013401601790974382
501.0 0.0008678975063958205
502.0 0.00039563465179526247
503.0 0.0012268419595784508
504.0 0.0020580493583111092
505.0 0.0022425852876040153
506.0 0.0024271213987958618
507.0 0.0022564832761418074
508.0 0.0020858447896898724
509.0 0.001816346230043564
510.0 0.0015468480341951363
511.0 0.0011673098015307914
512.0 0.0007877718417148571
513.0 0.001248409171239473
514.0 0.0017090467736124992
515.0 0.00134733263621456
516.0 0.0009856190445134416
517.0 0.0009208467417920474
518.0 0.0008560745300201233
519.0 0.0010956126970995683
520.0 0.0013351505003811326
521.0 0.0016512580259586684
522.0 0.0019673656424856745
523.0 0.0013508506526704878
524.0 0.0007343357992795063
525.0 0.0007531806204497116
526.0 0.0007720255780441221
527.0 0.0011512754099385347
528.0 0.0015305255146813579
529.0 0.0012969433555554133
530.0 0.0010633604688337073
531.0 0.0011492455087136477
532.0 0.0012351302757451776
533.0 0.000882942185853608
534.0 0.0005307540504873032
535.0 0.0011158205779793207
536.0 0.0017008871509460732
537.0 0.0016815518392832018
538.0 0.00166221634572139
539.0 0.0011878698387590703
540.0 0.0007135231498978101
541.0 0.0007946585355966818
542.0 0.0008757941031944938
543.0 0.0012339089153101668
544.0 0.00159202390932478
545.0 0.0010766020750452299
546.0 0.0005611805136140902
547.0 0.0012355540093267336
548.0 0.0019099270502920263
549.0 0.001639470792724751
550.0 0.0013690143532585353
551.0 0.0014317440218292177
552.0 0.0014944732356525492
553.0 0.0013244883120933082
554.0 0.0011545031156856567
555.0 0.0010828168342413846
556.0 0.0010111304618476424
557.0 0.0013643780221173074
558.0 0.0017176253095385619
559.0 0.0017395606846548617
560.0 0.0017614956959732808
561.0 0.0016090527424239554
562.0 0.0014566096069756895
563.0 0.0011604235623963177
564.0 0.0008642375178169459
565.0 0.0016008511011023074
566.0 0.00233746523008449
567.0 0.0027224115910939872
568.0 0.003107357770204544
569.0 0.0029791997803840786
570.0 0.0028510414267657325
571.0 0.0026673124011722393
572.0 0.0024835826479829848
573.0 0.001989909833355341
574.0 0.0014962371096771676
575.0 0.001925694232340902
576.0 0.002355151082156226
577.0 0.001972156132978853
578.0 0.0015891617294983007
579.0 0.001742809581628535
580.0 0.0018964574337587692
581.0 0.0016921921996981837
582.0 0.0014879266018397175
583.0 0.0019501736460370012
584.0 0.0024124205083353445
585.0 0.002543418850109447
586.0 0.002674417191883549
587.0 0.0020482359104789793
588.0 0.0014220539924281184
589.0 0.0020133376892772503
590.0 0.0026046214770758525
591.0 0.0017806878531700931
592.0 0.0009567539564159233
593.0 0.0007238612852233928
594.0 0.0004909683411824517
595.0 0.0009761275578057393
596.0 0.0014612866834795568
597.0 0.0013836754078511149
598.0 0.001306064132222673
599.0 0.0009326153303845786
600.0 0.0005591667559201596
601.0 0.0005297004463500343
602.0 0.0005002340458304388
603.0 0.0009339049938716926
604.0 0.0013675755326403305
605.0 0.000874515808391152
606.0 0.00038145574308146024
607.0 0.0008054985300987028
608.0 0.001229541430802783
609.0 0.0011949596228078008
610.0 0.001160377541964408
611.0 0.0009909334949043114
612.0 0.0008214892659452744
613.0 0.000777281638875138
614.0 0.0007330741482292069
615.0 0.0011977071153523866
616.0 0.001662340400798712
617.0 0.00217718134081224
618.0 0.0026920222808257677
619.0 0.0022330232241074555
620.0 0.001774023985490203
621.0 0.001534004150016699
622.0 0.0012939838597958442
623.0 0.001604137651156634
624.0 0.0019142917153658345
625.0 0.0017225351257366128
626.0 0.0015307787180063315
627.0 0.0018997734514414333
628.0 0.0022687689124722965
629.0 0.002064970431092661
630.0 0.0018611719497130252
631.0 0.0016497320757480338
632.0 0.0014382922017830424
633.0 0.001774412885424681
634.0 0.00211053375096526
635.0 0.005082836651126854
636.0 0.008055138459894806
637.0 0.015398531104438007
638.0 0.022741922293789685
639.0 0.019876461010426283
640.0 0.017010998271871358
641.0 0.01471924624638632
642.0 0.012427495676092803
643.0 0.009940660675056279
644.0 0.007453827129211277
645.0 0.006772939377697185
646.0 0.006092051262385212
647.0 0.005563300146604888
648.0 0.005034548667026684
649.0 0.004108159919269383
650.0 0.0031817718991078436
651.0 0.0036104818718740717
652.0 0.004039191480842419
653.0 0.003268935688538477
654.0 0.0024986797143355943
655.0 0.0027776617571362294
656.0 0.0030566443456336856
657.0 0.002929386573669035
658.0 0.0028021282560075633
659.0 0.0026540876206126995
660.0 0.0025060473490157165
661.0 0.0027015381419914775
662.0 0.002897028753068298
663.0 0.001986188544833567
664.0 0.0010753485184977762
665.0 0.0016089517885120586
666.0 0.0021425554223242216
667.0 0.002440772732370533
668.0 0.002738990224315785
669.0 0.001964998955372721
670.0 0.0011910075954801869
671.0 0.0008914144018490333
672.0 0.000591821344642085
673.0 0.0013328867680684198
674.0 0.00207395241886843
675.0 0.0021324442059267312
676.0 0.0021909354472882114
677.0 0.00193270061572548
678.0 0.0016744650565669872
679.0 0.0013808396033709869
680.0 0.001087213877326576
681.0 0.0012024352145090234
682.0 0.0013176564607420005
683.0 0.002371743721596431
684.0 0.0034258315281476825
685.0 0.0028526876121759415
686.0 0.002279544423799962
687.0 0.0017050486349035054
688.0 0.001130552755057579
689.0 0.0015003977750893682
690.0 0.001870242522272747
691.0 0.0021839843611815013
692.0 0.002497725836292375
693.0 0.002780971954052802
694.0 0.00306421825371217
695.0 0.0032483014365425333
696.0 0.003432384255575016
697.0 0.0036460900446400046
698.0 0.003859795833704993
699.0 0.005713207428925671
700.0 0.00756661975174211
701.0 0.007181746332207695
702.0 0.006796872185077518
703.0 0.006227741687325761
704.0 0.005658612280967645
705.0 0.005140574285178445
706.0 0.0046225359255913645
707.0 0.004370825263322331
708.0 0.004119113873457536
709.0 0.004214235377730802
710.0 0.004309356518206187
711.0 0.0038884270907146856
712.0 0.003467498390818946
713.0 0.002466485784680117
714.0 0.0014654729966423474
715.0 0.002187001518905163
716.0 0.002908529859269038
717.0 0.0025120882128248923
718.0 0.002115646202582866
719.0 0.001668099321250338
720.0 0.0012205520761199296
721.0 0.0011879069461429026
722.0 0.0011552615433174651
723.0 0.0010294579624314792
724.0 0.0009036543815454934
725.0 0.0012703239917755127
726.0 0.0016369938748539425
727.0 0.0017160593415610492
728.0 0.0017951244444702752
729.0 0.0018330361854168586
730.0 0.0018709477444645017
731.0 0.001432917360943975
732.0 0.0009948872502718586
733.0 0.0009481588676862884
734.0 0.000901430394151248
735.0 0.0009917103852785658
736.0 0.0010819900126080029
737.0 0.0012926400813739747
738.0 0.001503289877291536
739.0 0.0011993228326900862
740.0 0.0008953559699875768
741.0 0.0010410448339825962
742.0 0.0011867335160786752
743.0 0.0016407402654294856
744.0 0.002094746923830826
745.0 0.0013921315257903188
746.0 0.0006895159458508715
747.0 0.0011789715244958643
748.0 0.0016684272850397974
749.0 0.0023152262656367384
750.0 0.0029620252462336794
751.0 0.0029434930183924735
752.0 0.0029249607905512676
753.0 0.00289971267193323
754.0 0.002874464735214133
755.0 0.0018559932868811302
756.0 0.0008375218385481276
757.0 0.0018403216017759405
758.0 0.002843121183104813
759.0 0.0026715142666944303
760.0 0.002499907168385107
761.0 0.004345320849097334
762.0 0.0061907339841127396
763.0 0.005678152592736296
764.0 0.005165570473764092
765.0 0.005234427590039559
766.0 0.005303286525304429
767.0 0.004538254870567471
768.0 0.0037732228520326316
769.0 0.003335452129249461
770.0 0.0028976815883652307
771.0 0.0038751040847273543
772.0 0.004852526399190538
773.0 0.003988710523117334
774.0 0.003124894283246249
775.0 1.6105393928211864e-10
776.0 0.117821607273072
777.0 1.6105393928211864e-10
778.0 1.6105393928211864e-10
779.0 0.0377548742108047
780.0 0.017277726146858186
781.0 0.08698023157194257
782.0 0.11672209948301315
783.0 1.6105393928211864e-10
784.0 0.04257645341567695
785.0 0.0702494231518358
786.0 1.6105393928211864e-10
787.0 1.6105393928211864e-10
788.0 0.1391778001561761
789.0 0.006813825166318566
790.0 0.004190772597212344
791.0 0.0752044259570539
792.0 0.034021405735984445
793.0 0.06826345343142748
794.0 0.06575083243660629
795.0 1.6105393928211864e-10
796.0 0.009117356239585206
797.0 0.019266727031208575
798.0 0.18298850627616048
799.0 0.2357822610065341
800.0 0.18781619146466255
801.0 0.4126074258238077
802.0 0.6007814314216375
803.0 1.1432775296270847
804.0 1.8430901691317558
805.0 2.8963645920157433
806.0 4.477718845009804
807.0 6.31256103515625
808.0 8.562538027763367
809.0 11.228550225496292
810.0 14.56090360879898
811.0 17.81488060951233
812.0 20.574285089969635
813.0 23.76602590084076
814.0 26.748058199882507
815.0 31.406953930854797
816.0 36.198633909225464
817.0 41.978323459625244
818.0 47.960010170936584
819.0 54.015129804611206
820.0 61.88107132911682
821.0 69.70292925834656
822.0 75.67713856697083
823.0 80.96325993537903
824.0 86.13885045051575
825.0 90.7357394695282
826.0 94.00184750556946
827.0 95.78075408935547
828.0 98.26610088348389
829.0 98.6363172531128
830.0 98.62247705459595
831.0 98.9858090877533
832.0 98.41793179512024
833.0 99.59368109703064
834.0 98.4408438205719
835.0 99.0757942199707
836.0 98.96821975708008
837.0 98.98884892463684
838.0 98.19443821907043
839.0 98.66262674331665
840.0 98.75802993774414
841.0 99.44952726364136
842.0 99.4426965713501
843.0 99.97405409812927
844.0 98.2515811920166
845.0 98.5694169998169
846.0 98.8915503025055
847.0 98.86726140975952
848.0 99.73421096801758
849.0 98.82237911224365
850.0 98.1122076511383
851.0 99.11525249481201
852.0 99.31085109710693
853.0 98.84729385375977
854.0 99.87932443618774
855.0 98.30666184425354
856.0 98.88136386871338
857.0 97.99330830574036
858.0 98.72650504112244
859.0 99.55511689186096
860.0 98.80198836326599
861.0 98.85530471801758
862.0 98.90234470367432
863.0 98.23863506317139
864.0 99.46176409721375
865.0 99.42331314086914
866.0 98.78116250038147
867.0 99.2407500743866
868.0 99.36790466308594
869.0 98.82054924964905
870.0 98.45284819602966
871.0 98.79047274589539
872.0 99.63094592094421
873.0 99.48217868804932
874.0 99.88499879837036
875.0 98.95846843719482
876.0 99.16925430297852
877.0 99.56321716308594
878.0 99.1558313369751
879.0 98.84618520736694
880.0 98.39352369308472
881.0 99.95790123939514
882.0 98.88669848442078
883.0 98.8559365272522
884.0 99.27047491073608
885.0 99.01058077812195
886.0 98.62172603607178
887.0 98.42609167098999
888.0 98.74948859214783
889.0 99.69183802604675
890.0 98.62030148506165
891.0 99.40382838249207
892.0 98.8488495349884
893.0 98.77738356590271
894.0 98.35736751556396
895.0 99.45681691169739
