lsstCam/transmission_filter_detector/r02_s21/z_20/19700101T000000.ecsv
# %ECSV 1.0
# ---
# datatype:
# - {name: wavelength, unit: nm, datatype: float32}
# - {name: efficiency, unit: '%', datatype: float64}
# meta: !!omap
# - {MODE: DETECTOR}
# - {TYPE: transmission_filter_detector}
# - {CALIBDATE: '1970-01-01T00:00:00'}
# - {INSTRUME: LSSTCam}
# - {OBSTYPE: transmission_filter_detector}
# - {CALIBCLS: lsst.ip.isr.IntermediateFilterDetectorTransmissionCurve}
# - {SOURCE: Materion (DM-46256)}
# - {DETECTOR: 16}
# - {FILTER: z_20}
# - {CALIB_ID: 'calibDate=1970-01-01T00:00:00 filter=z_20 detector=16'}
# - {DATE: '2025-04-02T15:59:48.708658'}
# - {CALIB_CREATION_DATE: '2025-04-02'}
# - {CALIB_CREATION_TIME: '15:59:48'}
# - __serialized_columns__:
#     efficiency:
#       __class__: astropy.units.quantity.Quantity
#       unit: !astropy.units.Unit {unit: '%'}
#       value: !astropy.table.SerializedColumn {name: efficiency}
#     wavelength:
#       __class__: astropy.units.quantity.Quantity
#       unit: !astropy.units.Unit {unit: nm}
#       value: !astropy.table.SerializedColumn {name: wavelength}
# schema: astropy-2.0
wavelength efficiency
[from data line 597]
897.0 99.20520186424255
898.0 98.92802834510803
899.0 98.56671094894409
900.0 99.0382432937622
901.0 99.39178824424744
902.0 99.3769884109497
903.0 98.49463105201721
904.0 97.77666926383972
905.0 98.78061413764954
906.0 98.12407493591309
907.0 98.68225455284119
908.0 98.11456203460693
909.0 98.18668961524963
910.0 98.03746342658997
911.0 96.96261882781982
912.0 96.0284173488617
913.0 94.90640163421631
914.0 92.729252576828
915.0 90.32113552093506
916.0 88.12750577926636
917.0 86.35873198509216
918.0 83.30901265144348
919.0 81.80848956108093
920.0 79.02741432189941
921.0 75.39663314819336
922.0 70.98463177680969
923.0 65.48232436180115
924.0 59.92645025253296
925.0 54.120129346847534
926.0 48.150208592414856
927.0 41.34741723537445
928.0 35.3273868560791
929.0 29.04846966266632
930.0 23.497414588928223
931.0 18.398134410381317
932.0 12.994226813316345
933.0 8.572906255722046
934.0 5.443231016397476
935.0 3.4344814717769623
936.0 1.932363584637642
937.0 1.231213565915823
938.0 0.692848302423954
939.0 0.45812944881618023
940.0 0.17798517365008593
941.0 0.03800105187110603
942.0 0.16197231598198414
943.0 0.04964799154549837
944.0 0.031073193531483412
945.0 0.1953061087988317
946.0 0.1556325238198042
947.0 1.6105393928211864e-10
948.0 1.6105393928211864e-10
949.0 1.6105393928211864e-10
950.0 0.12820727424696088
951.0 0.009778188541531563
952.0 0.020888612198177725
953.0 0.01762704341672361
954.0 0.0013730862519878428
955.0 0.033829783205874264
956.0 0.037687140866182745
957.0 0.04885894013568759
958.0 1.6105393928211864e-10
959.0 1.6105393928211864e-10
960.0 0.021208656835369766
961.0 1.6105393928211864e-10
962.0 1.6105393928211864e-10
963.0 0.04946861881762743
964.0 0.04061340296175331
965.0 0.01863917423179373
966.0 0.05105785094201565
967.0 1.6105393928211864e-10
968.0 0.03777405945584178
969.0 0.029084895504638553
970.0 1.6105393928211864e-10
971.0 0.06070685340091586
972.0 1.6105393928211864e-10
973.0 1.6105393928211864e-10
974.0 1.6105393928211864e-10
975.0 1.6105393928211864e-10
976.0 0.006422458682209253
977.0 0.006372677307808772
978.0 0.006322898116195574
979.0 0.006115743599366397
980.0 0.005908587263547815
981.0 0.005795381730422378
982.0 0.005682176924892701
983.0 0.005554255039896816
984.0 0.0054263335186988115
985.0 0.005188083378016017
986.0 0.004949832145939581
987.0 0.004942885061609559
988.0 0.004935938341077417
989.0 0.004875080048805103
990.0 0.004814222120330669
991.0 0.004850327968597412
992.0 0.004886433816864155
993.0 0.004907692709821276
994.0 0.004928950875182636
995.0 0.004848391472478397
996.0 0.004767832069774158
997.0 0.004560818342724815
998.0 0.004353804615675472
999.0 0.004370936949271709
1000.0 0.004388068919070065
1001.0 0.004534519393928349
1002.0 0.004680969141190872
1003.0 0.004555325722321868
1004.0 0.004429682303452864
1005.0 0.004292919402359985
1006.0 0.004156156137469225
1007.0 0.0042641528125386685
1008.0 0.004372149487608112
1009.0 0.0043862757593160495
1010.0 0.004400402394821867
1011.0 0.004481840369408019
1012.0 0.00456327834399417
1013.0 0.004435644950717688
1014.0 0.004308011193643324
1015.0 0.004459799311007373
1016.0 0.004611587064573541
1017.0 0.004893375444225967
1018.0 0.005175163823878393
1019.0 0.004954163887305185
1020.0 0.004733163950731978
1021.0 0.004760965020977892
1022.0 0.004788765727425925
1023.0 0.0046511690015904605
1024.0 0.004513572275754996
1025.0 0.004740073927678168
1026.0 0.00496657557960134
1027.0 0.004841132613364607
1028.0 0.004715689647127874
1029.0 0.004673344301409088
1030.0 0.004630999683286063
1031.0 0.004722403537016362
1032.0 0.004813807754544541
1033.0 0.004892942888545804
1034.0 0.004972078386344947
1035.0 0.005159461943549104
1036.0 0.0053468451369553804
1037.0 0.005491433694260195
1038.0 0.005636021523969248
1039.0 0.005471214899444021
1040.0 0.005306407547323033
1041.0 0.005693121420335956
1042.0 0.006079835293348879
1043.0 0.005592191882897168
1044.0 0.005104548836243339
1045.0 0.005867047366336919
1046.0 0.006629545532632619
1047.0 0.006242457311600447
1048.0 0.005855367271578871
1049.0 0.006065746856620535
1050.0 0.006276126077864319
1051.0 0.006551335536642
1052.0 0.006826546450611204
1053.0 0.0068790322984568775
1054.0 0.00693151741870679
1055.0 0.007635565270902589
1056.0 0.00833961385069415
1057.0 0.007993973849806935
1058.0 0.0076483338489197195
1059.0 0.007819222082616761
1060.0 0.00799010886112228
1061.0 0.008682103361934423
1062.0 0.009374097862746567
1063.0 0.009276632044930011
1064.0 0.009179166227113456
1065.0 0.009281337406719103
1066.0 0.009383511496707797
1067.0 0.009437980043003336
1068.0 0.009492450772086158
1069.0 0.010475144517840818
1070.0 0.011457839718787
1071.0 0.0110767905425746
1072.0 0.010695740638766438
1073.0 0.01080870715668425
1074.0 0.0109216729470063
1075.0 0.01151361720985733
1076.0 0.012105565110687166
1077.0 0.012344318383838981
1078.0 0.01258307311218232
1079.0 0.013426975056063384
1080.0 0.014270878455135971
1081.0 0.014218669093679637
1082.0 0.014166462642606348
1083.0 0.014076051593292505
1084.0 0.013985640543978661
1085.0 0.014411994197871536
1086.0 0.014838349306955934
1087.0 0.015128815721254796
1088.0 0.015419282135553658
1089.0 0.016802460595499724
1090.0 0.018185636145062745
1091.0 0.018141759210266173
1092.0 0.018097873544320464
1093.0 0.017699197633191943
1094.0 0.017300518811680377
1095.0 0.018379568064119667
1096.0 0.01945861877175048
1097.0 0.020010695152450353
1098.0 0.020562771533150226
1099.0 0.02243203780381009
1100.0 0.024301299708895385
1101.0 0.023930506722535938
1102.0 0.023559709370601922
1103.0 0.02539267879910767
1104.0 0.02722564386203885
1105.0 0.02707712701521814
1106.0 0.026928610168397427
1107.0 0.02788304991554469
1108.0 0.02883748966269195
1109.0 0.030424961005337536
1110.0 0.03201243816874921
1111.0 0.03194315650034696
1112.0 0.031873880652710795
1113.0 0.03347250749357045
1114.0 0.03507114015519619
1115.0 0.03459375002421439
1116.0 0.03411636280361563
1117.0 0.03421567380428314
1118.0 0.034314984804950655
1119.0 0.03806591557804495
1120.0 0.041816840530373156
1121.0 0.042793824104592204
1122.0 0.04377080767881125
1123.0 0.04451151471585035
1124.0 0.045252221752889454
1125.0 0.04593526537064463
1126.0 0.04661831189878285
1127.0 0.049730954924598336
1128.0 0.05284359212964773
1129.0 0.05683193448930979
1130.0 0.060820276848971844
1131.0 0.06076234858483076
1132.0 0.06070441449992359
1133.0 0.06458435673266649
1134.0 0.0684642989654094
1135.0 0.06587973330169916
1136.0 0.06329516763798892
1137.0 0.07056737085804343
1138.0 0.07783958571963012
1139.0 0.08106874884106219
1140.0 0.08429787121713161
1141.0 0.09431345388293266
1142.0 0.10432902490720153
1143.0 0.12745480053126812
1144.0 0.15058054123073816
1145.0 0.30244148802012205
1146.0 0.4543024580925703
1147.0 0.9703374467790127
1148.0 1.4863724820315838
1149.0 1.6885239630937576
1150.0 1.8906764686107635
