lsstCam/transmission_filter_detector/r01_s01/z_20/19700101T000000.ecsv
# %ECSV 1.0
# ---
# datatype:
# - {name: wavelength, unit: nm, datatype: float32}
# - {name: efficiency, unit: '%', datatype: float64}
# meta: !!omap
# - {MODE: DETECTOR}
# - {TYPE: transmission_filter_detector}
# - {CALIBDATE: '1970-01-01T00:00:00'}
# - {INSTRUME: LSSTCam}
# - {OBSTYPE: transmission_filter_detector}
# - {CALIBCLS: lsst.ip.isr.IntermediateFilterDetectorTransmissionCurve}
# - {SOURCE: Materion (DM-46256)}
# - {DETECTOR: 1}
# - {FILTER: z_20}
# - {CALIB_ID: 'calibDate=1970-01-01T00:00:00 filter=z_20 detector=1'}
# - {DATE: '2025-04-02T15:59:48.637689'}
# - {CALIB_CREATION_DATE: '2025-04-02'}
# - {CALIB_CREATION_TIME: '15:59:48'}
# - __serialized_columns__:
#     efficiency:
#       __class__: astropy.units.quantity.Quantity
#       unit: !astropy.units.Unit {unit: '%'}
#       value: !astropy.table.SerializedColumn {name: efficiency}
#     wavelength:
#       __class__: astropy.units.quantity.Quantity
#       unit: !astropy.units.Unit {unit: nm}
#       value: !astropy.table.SerializedColumn {name: wavelength}
# schema: astropy-2.0
wavelength efficiency
[from data line 597]
897.0 99.02963638305664
898.0 98.5129714012146
899.0 98.33924174308777
900.0 98.4993040561676
901.0 98.94902110099792
902.0 98.69710206985474
903.0 98.4880268573761
904.0 97.66004681587219
905.0 98.28916788101196
906.0 97.87496328353882
907.0 98.49333763122559
908.0 98.09408783912659
909.0 98.16104769706726
910.0 97.71820306777954
911.0 96.53170704841614
912.0 95.72814702987671
913.0 94.15228962898254
914.0 91.75741076469421
915.0 89.56698179244995
916.0 87.6200795173645
917.0 86.0750138759613
918.0 82.64408111572266
919.0 81.46215677261353
920.0 77.9754102230072
921.0 73.82147908210754
922.0 69.05964016914368
923.0 63.118940591812134
924.0 57.85317420959473
925.0 52.18946933746338
926.0 45.41858732700348
927.0 37.874835729599
928.0 31.893712282180786
929.0 25.290313363075256
930.0 19.616563618183136
931.0 14.491036534309387
932.0 9.397483617067337
933.0 5.917862057685852
934.0 3.482629731297493
935.0 2.1717842668294907
936.0 1.1766564100980759
937.0 0.80667519941926
938.0 0.50215027295053
939.0 0.19533648155629635
940.0 0.10793650289997458
941.0 0.05423561087809503
942.0 0.049583992222324014
943.0 1.9562962361163727e-10
944.0 0.0212613376788795
945.0 0.17701025353744626
946.0 0.05254828720353544
947.0 1.9562962361163727e-10
948.0 0.14934325590729713
949.0 1.9562962361163727e-10
950.0 1.9562962361163727e-10
951.0 0.04363570478744805
952.0 1.9562962361163727e-10
953.0 0.0021516552806133404
954.0 1.9562962361163727e-10
955.0 1.9562962361163727e-10
956.0 1.9562962361163727e-10
957.0 1.9562962361163727e-10
958.0 0.05351339350454509
959.0 0.02256016741739586
960.0 1.9562962361163727e-10
961.0 1.9562962361163727e-10
962.0 1.9562962361163727e-10
963.0 1.9562962361163727e-10
964.0 1.9562962361163727e-10
965.0 1.9562962361163727e-10
966.0 0.003040027877432294
967.0 0.04550421435851604
968.0 1.9562962361163727e-10
969.0 1.9562962361163727e-10
970.0 0.03950841201003641
971.0 0.10446993401274085
972.0 1.9562962361163727e-10
973.0 0.08280040929093957
974.0 0.036158415605314076
975.0 1.9562962361163727e-10
976.0 0.006317669613054022
977.0 0.006334936188068241
978.0 0.006352204218273982
979.0 0.006168861727928743
980.0 0.00598551778239198
981.0 0.0058033754612552
982.0 0.0056212338677141815
983.0 0.005537534525501542
984.0 0.005453835547086783
985.0 0.005228399095358327
986.0 0.005002962279831991
987.0 0.004964526306139305
988.0 0.00492609033244662
989.0 0.004808512676390819
990.0 0.004690935384132899
991.0 0.004833719503949396
992.0 0.004976503987563774
993.0 0.004894250741926953
994.0 0.004811997132492252
995.0 0.0047986490244511515
996.0 0.004785300916410051
997.0 0.004600996180670336
998.0 0.0044166914449306205
999.0 0.004376366996439174
1000.0 0.004336041820351966
1001.0 0.004435775917954743
1002.0 0.004535509651759639
1003.0 0.004517231718637049
1004.0 0.004498953785514459
1005.0 0.004328522118157707
1006.0 0.004158090450800955
1007.0 0.004198298120172694
1008.0 0.004238505425746553
1009.0 0.004385015199659392
1010.0 0.004531524973572232
1011.0 0.00455037625215482
1012.0 0.004569227894535288
1013.0 0.0044581374822882935
1014.0 0.004347047070041299
1015.0 0.004414338764036074
1016.0 0.004481629730435088
1017.0 0.004819561945623718
1018.0 0.005157494524610229
1019.0 0.004996977440896444
1020.0 0.004836460357182659
1021.0 0.004718908166978508
1022.0 0.004601355976774357
1023.0 0.004545832780422643
1024.0 0.004490309584070928
1025.0 0.004658575926441699
1026.0 0.00482684226881247
1027.0 0.004689235720434226
1028.0 0.004551628808258101
1029.0 0.00466915917058941
1030.0 0.004786689896718599
1031.0 0.0048189060180447996
1032.0 0.004851122503168881
1033.0 0.004923238520859741
1034.0 0.004995355266146362
1035.0 0.005170059375814162
1036.0 0.0053447634854819626
1037.0 0.005424899427453056
1038.0 0.005505035005626269
1039.0 0.005421611786005087
1040.0 0.005338188202586025
1041.0 0.005743679867009632
1042.0 0.006149172259029001
1043.0 0.005617939314106479
1044.0 0.005086707096779719
1045.0 0.005835140109411441
1046.0 0.006583573122043163
1047.0 0.006228291022125632
1048.0 0.00587300855841022
1049.0 0.006108433444751427
1050.0 0.006343857967294753
1051.0 0.006608429248444736
1052.0 0.006873001984786242
1053.0 0.0069283414632081985
1054.0 0.006983681669225916
1055.0 0.007562856626464054
1056.0 0.008142031583702192
1057.0 0.007923728844616562
1058.0 0.0077054261055309325
1059.0 0.007835772703401744
1060.0 0.007966117118485272
1061.0 0.00871023439685814
1062.0 0.009454353130422533
1063.0 0.009057320858119056
1064.0 0.00866028931341134
1065.0 0.00894294207682833
1066.0 0.009225597750628367
1067.0 0.009232111915480345
1068.0 0.009238628263119608
1069.0 0.010187893349211663
1070.0 0.011137157707707956
1071.0 0.011042306869057938
1072.0 0.01094745603040792
1073.0 0.010860912880161777
1074.0 0.010774369002319872
1075.0 0.01149179515778087
1076.0 0.012209225678816438
1077.0 0.012283324031159282
1078.0 0.012357422383502126
1079.0 0.013418222079053521
1080.0 0.014479024684987962
1081.0 0.014185774489305913
1082.0 0.013892530114389956
1083.0 0.013687959290109575
1084.0 0.013483388465829194
1085.0 0.014200853183865547
1086.0 0.014918320812284946
1087.0 0.015066163905430585
1088.0 0.015214006998576224
1089.0 0.016610084276180714
1090.0 0.01800615864340216
1091.0 0.01811022957554087
1092.0 0.018214293231721967
1093.0 0.01786067005014047
1094.0 0.017507043958175927
1095.0 0.01882910291897133
1096.0 0.020151161879766732
1097.0 0.019868706294801086
1098.0 0.019586253620218486
1099.0 0.02185536432079971
1100.0 0.024124470655806363
1101.0 0.023952721676323563
1102.0 0.023780969786457717
1103.0 0.02538033586461097
1104.0 0.02697969612199813
1105.0 0.02683427883312106
1106.0 0.026688858633860946
1107.0 0.027203059289604425
1108.0 0.02771726285573095
1109.0 0.029781091143377125
1110.0 0.0318449194310233
1111.0 0.03203555243089795
1112.0 0.03222618834115565
1113.0 0.033325349795632064
1114.0 0.03442451998125762
1115.0 0.03358595131430775
1116.0 0.03274738846812397
1117.0 0.03392926009837538
1118.0 0.03511112881824374
1119.0 0.03733758057933301
1120.0 0.03956402651965618
1121.0 0.042092494550161064
1122.0 0.04462096549104899
1123.0 0.04414368013385683
1124.0 0.043666400597430766
1125.0 0.044947926653549075
1126.0 0.04622945562005043
1127.0 0.049413280794396996
1128.0 0.05259710596874356
1129.0 0.05672257975675166
1130.0 0.06084805354475975
1131.0 0.05902615957893431
1132.0 0.05720425979234278
1133.0 0.059896090533584356
1134.0 0.06258792709559202
1135.0 0.06292082834988832
1136.0 0.06325372378341854
1137.0 0.06876426050439477
1138.0 0.0742748030461371
1139.0 0.0799960398580879
1140.0 0.08571723592467606
1141.0 0.09309396264143288
1142.0 0.10047067189589143
1143.0 0.1202862593345344
1144.0 0.14010181184858084
1145.0 0.2720927819609642
1146.0 0.40408377535641193
1147.0 0.8452942594885826
1148.0 1.2865046970546246
1149.0 1.4672129414975643
1150.0 1.6479222103953362
