lsstCam/transmission_filter_detector/r01_s01/z_20/19700101T000000.ecsv
# %ECSV 1.0
# ---
# datatype:
# - {name: wavelength, unit: nm, datatype: float32}
# - {name: efficiency, unit: '%', datatype: float64}
# meta: !!omap
# - {MODE: DETECTOR}
# - {TYPE: transmission_filter_detector}
# - {CALIBDATE: '1970-01-01T00:00:00'}
# - {INSTRUME: LSSTCam}
# - {OBSTYPE: transmission_filter_detector}
# - {CALIBCLS: lsst.ip.isr.IntermediateFilterDetectorTransmissionCurve}
# - {SOURCE: Materion (DM-46256)}
# - {DETECTOR: 1}
# - {FILTER: z_20}
# - {CALIB_ID: 'calibDate=1970-01-01T00:00:00 filter=z_20 detector=1'}
# - {DATE: '2025-04-02T15:59:48.637689'}
# - {CALIB_CREATION_DATE: '2025-04-02'}
# - {CALIB_CREATION_TIME: '15:59:48'}
# - __serialized_columns__:
#     efficiency:
#       __class__: astropy.units.quantity.Quantity
#       unit: !astropy.units.Unit {unit: '%'}
#       value: !astropy.table.SerializedColumn {name: efficiency}
#     wavelength:
#       __class__: astropy.units.quantity.Quantity
#       unit: !astropy.units.Unit {unit: nm}
#       value: !astropy.table.SerializedColumn {name: wavelength}
# schema: astropy-2.0
wavelength efficiency
300.0 0.8608954958617687
301.0 0.5796108860522509
302.0 0.29832636937499046
303.0 0.29046095442026854
304.0 0.28259551618248224
305.0 0.23940575774759054
306.0 0.19621597602963448
307.0 0.1782938838005066
308.0 0.1603717915713787
309.0 0.14097922248765826
310.0 0.12158665340393782
311.0 0.12336801737546921
312.0 0.12514939298853278
313.0 0.10867287637665868
314.0 0.09219637140631676
315.0 0.0920563586987555
316.0 0.09191634599119425
317.0 0.07686230237595737
318.0 0.061808276223018765
319.0 0.06250262376852334
320.0 0.06319696549326181
321.0 0.061980204191058874
322.0 0.06076343706808984
323.0 0.05400336813181639
324.0 0.04724330210592598
325.0 0.04309984506107867
326.0 0.038956390926614404
327.0 0.03848325868602842
328.0 0.038010129355825484
329.0 0.03378997789695859
330.0 0.02956982934847474
331.0 0.0272321020020172
332.0 0.02489437465555966
333.0 0.024037914408836514
334.0 0.023181448341347277
335.0 0.021529490186367184
336.0 0.019877530576195568
337.0 0.024012182257138193
338.0 0.028146826662123203
339.0 0.0237392756389454
340.0 0.019331727526150644
341.0 0.016558020433876663
342.0 0.013784316251985729
343.0 0.013575430784840137
344.0 0.013366546772886068
345.0 0.01263478334294632
346.0 0.011903015547432005
347.0 0.011432020255597308
348.0 0.010961027146549895
349.0 0.013333155948203057
350.0 0.015705284022260457
351.0 0.013043575745541602
352.0 0.010381862375652418
353.0 0.01113982216338627
354.0 0.011897784133907408
355.0 0.009939425945049152
356.0 0.007981071394169703
357.0 0.0090887384430971
358.0 0.010196408402407542
359.0 0.009880879952106625
360.0 0.009565350774209946
361.0 0.008577483094995841
362.0 0.007589617598569021
363.0 0.009036451228894293
364.0 0.010483283404028043
365.0 0.010198129166383296
366.0 0.009912977111525834
367.0 0.008657288708491251
368.0 0.007401599577860907
369.0 0.007791548705426976
370.0 0.008181498560588807
371.0 0.008090296614682302
372.0 0.00799909612396732
373.0 0.007116344204405323
374.0 0.0062335937400348485
375.0 0.006458409916376695
376.0 0.006683226092718542
377.0 0.007001896301517263
378.0 0.007320565782720223
379.0 0.006102597035351209
380.0 0.004884627924184315
381.0 0.0031031955586513504
382.0 0.001321763193118386
383.0 0.003582447607186623
384.0 0.00584313202125486
385.0 0.0055437511036871
386.0 0.00524436982232146
387.0 0.005863896876689978
388.0 0.006483424658654258
389.0 0.005733027137466706
390.0 0.004982630707672797
391.0 0.004615943544195034
392.0 0.004249256016919389
393.0 0.00477693865832407
394.0 0.005304622027324513
395.0 0.004382819315651432
396.0 0.0034610166039783508
397.0 0.0035660272260429338
398.0 0.0036710378481075168
399.0 0.003945636490243487
400.0 0.004220234768581577
401.0 0.004639869075617753
402.0 0.00505950374645181
403.0 0.004874061414739117
404.0 0.004688619446824305
405.0 0.003936476423405111
406.0 0.0031843341275816783
407.0 0.0017044185369741172
408.0 0.00022450369669968495
409.0 0.0018542161342338659
410.0 0.003483928958303295
411.0 0.0042429088352946565
412.0 0.0050018890760838985
413.0 0.004808088851859793
414.0 0.004614288627635688
415.0 0.0038444206438725814
416.0 0.0030745533877052367
417.0 0.0038336231227731332
418.0 0.0045926932216389105
419.0 0.004037969483761117
420.0 0.0034832457458833233
421.0 0.0035353827115613967
422.0 0.0035875204048352316
423.0 0.003532667687977664
424.0 0.003477816062513739
425.0 0.0024617958843009546
426.0 0.0014457760698860511
427.0 0.001803658960852772
428.0 0.0021615420337184332
429.0 0.0013311346265254542
430.0 0.0005007276740798261
431.0 0.0005617207989416784
432.0 0.0006227138783287955
433.0 0.0007642682248842902
434.0 0.00090582261691452
435.0 0.00128614319692133
436.0 0.00166646386787761
437.0 0.0018210608686786145
438.0 0.0019756582332774997
439.0 0.002004457201110199
440.0 0.002033256350841839
441.0 0.0015663852536818013
442.0 0.0010995146112691145
443.0 0.002213708467024844
444.0 0.0033279022318311036
445.0 0.0032712443498894572
446.0 0.0032145868317456916
447.0 0.0026275736672687344
448.0 0.0020405605027917773
449.0 0.002513827530492563
450.0 0.00298709546768805
451.0 0.0025426728825550526
452.0 0.0020982499336241744
453.0 0.0018429254851071164
454.0 0.001587601400387939
455.0 0.002370309994148556
456.0 0.0031530187698081136
457.0 0.0022240381440497003
458.0 0.0012950577911396977
459.0 0.001534883449494373
460.0 0.0017747090168995783
461.0 0.0008492957931593992
462.0 1.9562962361163727e-10
463.0 0.000924084542930359
464.0 0.0019242868802393787
465.0 0.002174379915231839
466.0 0.0024244731321232393
467.0 0.0021049969291198067
468.0 0.0017855199985206127
469.0 0.0016344123650924303
470.0 0.0014833044588158373
471.0 0.0013663299796462525
472.0 0.0012493557733250782
473.0 0.001294892808800796
474.0 0.0013404300261754543
475.0 0.0011753520993806887
476.0 0.0010102741725859232
477.0 0.0013027479326410685
478.0 0.0015952215107972734
479.0 0.0019417970179347321
480.0 0.0022883723431732506
481.0 0.0018302976968698204
482.0 0.0013722232324653305
483.0 0.0009420924470759928
484.0 0.00051196161621192
485.0 0.0013158116416889243
486.0 0.002119661439792253
487.0 0.0015995728972484358
488.0 0.0010794842637551483
489.0 0.0016830081221996807
490.0 0.002286531889694743
491.0 0.002155670154024847
492.0 0.002024808418354951
493.0 0.0019134062313241884
494.0 0.0018020044080913067
495.0 0.0016135223631863482
496.0 0.0014250403182813898
497.0 0.0011766650459321681
498.0 0.0009282899554818869
499.0 0.0011281429578957614
500.0 0.001327996051259106
501.0 0.0008921665539673995
502.0 0.0004563367838272825
503.0 0.0012685934962064493
504.0 0.002080850026686676
505.0 0.0021946294509689324
506.0 0.0023084086933522485
507.0 0.002288768155267462
508.0 0.0022691270714858547
509.0 0.001897171932796482
510.0 0.0015252175217028707
511.0 0.0012252146916580386
512.0 0.0009252120435121469
513.0 0.0012975471690879203
514.0 0.0016698826584615745
515.0 0.0013163225958123803
516.0 0.0009627633517084178
517.0 0.0008439114026259631
518.0 0.0007250593625940382
519.0 0.000988743340712972
520.0 0.001252426955034025
521.0 0.0016543202946195379
522.0 0.00205621327040717
523.0 0.0013925145140092354
524.0 0.0007288156666618306
525.0 0.0007994688530743588
526.0 0.0008701220394868869
527.0 0.001215487009176286
528.0 0.0015608522517140955
529.0 0.0013374744412431028
530.0 0.0011140962669742294
531.0 0.0011962879398197401
532.0 0.0012784795217157807
533.0 0.0009497757673671003
534.0 0.00062107201301842
535.0 0.001191847968584625
536.0 0.0017626240151003003
537.0 0.0017394550013705157
538.0 0.0017162858057417907
539.0 0.001233771581610199
540.0 0.0007512572210544022
541.0 0.0008000330126378685
542.0 0.0008488090315950103
543.0 0.0012666216207435355
544.0 0.001684434391791001
545.0 0.0011816492587968241
546.0 0.000678864489600528
547.0 0.0013235512597020715
548.0 0.001968237484106794
549.0 0.0017577367543708533
550.0 0.0015472358427359723
551.0 0.001617622547200881
552.0 0.0016880087059689686
553.0 0.001381104902975494
554.0 0.0010742006452346686
555.0 0.0010222951459581964
556.0 0.0009703896466817241
557.0 0.0013512792065739632
558.0 0.0017321684936177917
559.0 0.0016795449482742697
560.0 0.001626921039132867
561.0 0.0014419464605452958
562.0 0.0012569717910082545
563.0 0.001157470433099661
564.0 0.0010579690751910675
565.0 0.0018544473277870566
566.0 0.002650925853231456
567.0 0.002935102929768618
568.0 0.00321927982440684
569.0 0.00302060398098547
570.0 0.0028219283194630407
571.0 0.002586613663879689
572.0 0.002351298462599516
573.0 0.0019326849724166095
574.0 0.0015140717550821137
575.0 0.0019602181055233814
576.0 0.002406364365015179
577.0 0.0020289127860451117
578.0 0.0016514615708729252
579.0 0.0016617703295196407
580.0 0.001672079088166356
581.0 0.0015864181477809325
582.0 0.001500757298344979
583.0 0.001927535777213052
584.0 0.0023543141651316546
585.0 0.0026019621145678684
586.0 0.002849609882105142
587.0 0.0022296697352430783
588.0 0.001609729224583134
589.0 0.00224628129217308
590.0 0.0028828333597630262
591.0 0.0019390397937968373
592.0 0.0009952459549822379
593.0 0.0007697441105847247
594.0 0.0005442420842882711
595.0 0.0009967115147446748
596.0 0.0014491808542516083
597.0 0.0014067924894334283
598.0 0.0013644041246152483
599.0 0.0009652612789068371
600.0 0.0005661187969963066
601.0 0.0004923408596368972
602.0 0.00041856278585328255
603.0 0.0009176447747449856
604.0 0.0014167262634146027
605.0 0.0008674978744238615
606.0 0.00031826916710997466
607.0 0.0007199977972049965
608.0 0.0011217263818252832
609.0 0.0011486034964036662
610.0 0.0011754801562346984
611.0 0.0010137927347386722
612.0 0.0008521050403942354
613.0 0.0008326504030264914
614.0 0.0008131956747092772
615.0 0.0012281918316148221
616.0 0.0016431882613687776
617.0 0.0020922685507684946
618.0 0.0025413488401682116
619.0 0.002134627357008867
620.0 0.001727905691950582
621.0 0.0014881185052217916
622.0 0.0012483309546951205
623.0 0.0015821266060811467
624.0 0.0019159224393661134
625.0 0.0016750671420595609
626.0 0.0014342121176014189
627.0 0.001876279930002056
628.0 0.0023183483790489845
629.0 0.0021486563127837144
630.0 0.0019789642465184443
631.0 0.0017109818145399913
632.0 0.001442999200662598
633.0 0.0017521071640658192
634.0 0.002061215491266921
635.0 0.004992101094103418
636.0 0.007922986696939915
637.0 0.015221862122416496
638.0 0.022520740458276123
639.0 0.0195218701264821
640.0 0.016522998339496553
641.0 0.014348336844705045
642.0 0.012173681170679629
643.0 0.009765553841134533
644.0 0.007357429421972483
645.0 0.006656347977695987
646.0 0.005955266169621609
647.0 0.005448879528557882
648.0 0.004942492887494154
649.0 0.0040340008126804605
650.0 0.003125509465462528
651.0 0.0035911456507164985
652.0 0.004056781835970469
653.0 0.0032453317544423044
654.0 0.0024338814910151996
655.0 0.0027161167963640764
656.0 0.0029983528293087147
657.0 0.002911251795012504
658.0 0.0028241505788173527
659.0 0.0026496374630369246
660.0 0.0024751247110543773
661.0 0.002604114342830144
662.0 0.00273310379270697
663.0 0.0019524741219356656
664.0 0.001171844360214891
665.0 0.0016646321455482394
666.0 0.0021574202037299983
667.0 0.0024429584300378338
668.0 0.002728496656345669
669.0 0.0019157605493091978
670.0 0.0011030243513232563
671.0 0.0008677734513184987
672.0 0.0006325226877379464
673.0 0.0012908123608212918
674.0 0.0019491022612783127
675.0 0.0020708079318865202
676.0 0.002192513602494728
677.0 0.0019810649973805994
678.0 0.0017696158465696499
679.0 0.0013988134014653042
680.0 0.0010280105925630778
681.0 0.0011793924386438448
682.0 0.0013307742847246118
683.0 0.0023539663743576966
684.0 0.003377158645889722
685.0 0.0028131093131378293
686.0 0.002249060707981698
687.0 0.0017457494323025458
688.0 0.0012424380656739231
689.0 0.0014908312550687697
690.0 0.001739224353514146
691.0 0.0020550096451188438
692.0 0.0023707945729256608
693.0 0.0027097910788143054
694.0 0.0030487879485008307
695.0 0.0032665597245795652
696.0 0.0034843309549614787
697.0 0.003699231820064597
698.0 0.003914132685167715
699.0 0.005758723273174837
700.0 0.0076033138611819595
701.0 0.007178021041909233
702.0 0.006752726767444983
703.0 0.006136458978289738
704.0 0.0055201911891344935
705.0 0.005013086047256365
706.0 0.004505980177782476
707.0 0.004281473593437113
708.0 0.00405696700909175
709.0 0.004229958358337171
710.0 0.004402949707582593
711.0 0.0038880585634615272
712.0 0.003373167783138342
713.0 0.0024196711819968186
714.0 0.0014661744899058249
715.0 0.002150104228348937
716.0 0.0028340338758425787
717.0 0.0025241441107937135
718.0 0.002214254163845908
719.0 0.0017452392057748511
720.0 0.0012762237929564435
721.0 0.0011964192708546761
722.0 0.001116614384955028
723.0 0.0008826394150673877
724.0 0.000648664217806072
725.0 0.0010642145753081422
726.0 0.001479765160183888
727.0 0.0016441572370240465
728.0 0.001808549313864205
729.0 0.0018152271877625026
730.0 0.0018219050616608001
731.0 0.0013312253940966912
732.0 0.0008405458174820524
733.0 0.0008464458005619235
734.0 0.000852345419843914
735.0 0.000992715467873495
736.0 0.001133084879256785
737.0 0.00129961435959558
738.0 0.0014661435670859646
739.0 0.001169670849776594
740.0 0.0008731981324672233
741.0 0.001075969157682266
742.0 0.0012787400009983685
743.0 0.0016385090930270962
744.0 0.001998278094106354
745.0 0.0013293977644934785
746.0 0.0006605174348806031
747.0 0.001160713054559892
748.0 0.001660908674239181
749.0 0.0022836600692244247
750.0 0.002906411282310728
751.0 0.002957427204819396
752.0 0.0030084427635301836
753.0 0.0029481483579729684
754.0 0.0028878541343146935
755.0 0.0019373781469766982
756.0 0.0009869018867902923
757.0 0.001932078339450527
758.0 0.0028772547011612915
759.0 0.002758202754193917
760.0 0.0026391504434286617
761.0 0.004434077345649712
762.0 0.00622900333837606
763.0 0.00564191177545581
764.0 0.005054820576333441
765.0 0.005110041092848405
766.0 0.005165260881767608
767.0 0.00449594299425371
768.0 0.00382662437914405
769.0 0.0035536311770556495
770.0 0.0032806383387651294
771.0 0.004003190042567439
772.0 0.00472574211016763
773.0 0.003938627560273744
774.0 0.0031515126465819776
775.0 1.9562962361163727e-10
776.0 1.9562962361163727e-10
777.0 0.04651165218092501
778.0 1.9562962361163727e-10
779.0 0.029711940442211926
780.0 1.9562962361163727e-10
781.0 0.04656645760405809
782.0 1.9562962361163727e-10
783.0 1.9562962361163727e-10
784.0 1.9562962361163727e-10
785.0 0.04435325390659273
786.0 0.05281463381834328
787.0 1.9562962361163727e-10
788.0 0.003818701225100085
789.0 0.04983082180842757
790.0 1.9562962361163727e-10
791.0 0.12063861358910799
792.0 0.1155372941866517
793.0 0.20025938283652067
794.0 0.12728945584967732
795.0 1.9562962361163727e-10
796.0 0.008224455814342946
797.0 0.15024174936115742
798.0 0.256635551340878
799.0 0.2688642591238022
800.0 0.5320124328136444
801.0 0.700146472081542
802.0 1.5280037187039852
803.0 2.3140432313084602
804.0 3.652935102581978
805.0 5.166888236999512
806.0 7.142838090658188
807.0 9.585975110530853
808.0 12.293315678834915
809.0 15.474656224250793
810.0 18.563440442085266
811.0 21.817725896835327
812.0 25.301671028137207
813.0 29.632508754730225
814.0 34.46630239486694
815.0 40.283799171447754
816.0 46.25419080257416
817.0 53.52522134780884
818.0 60.385894775390625
819.0 67.52037405967712
820.0 75.13569593429565
821.0 81.62623643875122
822.0 86.61237359046936
823.0 90.15181064605713
824.0 93.41112971305847
825.0 96.25537991523743
826.0 97.08304405212402
827.0 98.29216599464417
828.0 99.48606491088867
829.0 98.8497793674469
830.0 98.44921231269836
831.0 98.95583391189575
832.0 98.41200113296509
833.0 99.58701729774475
834.0 97.98980355262756
835.0 99.11097884178162
836.0 98.7978458404541
837.0 99.01859760284424
838.0 97.69965410232544
839.0 97.95244932174683
840.0 98.53197932243347
841.0 98.85169863700867
842.0 98.91980290412903
843.0 99.18811917304993
844.0 98.01139831542969
845.0 98.35141897201538
846.0 99.16871190071106
847.0 98.77352118492126
848.0 99.83486533164978
849.0 98.59758019447327
850.0 97.89944291114807
851.0 99.30572509765625
852.0 98.93093705177307
853.0 98.04990291595459
854.0 99.615478515625
855.0 98.58919382095337
856.0 98.69934916496277
857.0 97.70479798316956
858.0 98.33574891090393
859.0 99.24824833869934
860.0 98.22835326194763
861.0 98.79375696182251
862.0 98.99448752403259
863.0 98.25049042701721
864.0 99.49471950531006
865.0 99.40177202224731
866.0 98.66811037063599
867.0 99.63734745979309
868.0 99.55847263336182
869.0 98.86302947998047
870.0 98.0880618095398
871.0 98.97807836532593
872.0 99.42719340324402
873.0 98.91084432601929
874.0 99.41439628601074
875.0 99.27411079406738
876.0 98.82091879844666
877.0 99.33540225028992
878.0 98.83020520210266
879.0 98.5633909702301
880.0 98.10224771499634
881.0 99.60026741027832
882.0 98.92033338546753
883.0 98.68285059928894
884.0 98.84603023529053
885.0 98.60597848892212
886.0 98.6477255821228
887.0 98.39177131652832
888.0 99.00851249694824
889.0 99.38969016075134
890.0 98.15213680267334
891.0 99.66731071472168
892.0 98.42358231544495
893.0 98.31345677375793
894.0 97.94504046440125
895.0 99.19354915618896
