lsstCam/transmission_filter_detector/r20_s12/y_10/19700101T000000.ecsv
# %ECSV 1.0
# ---
# datatype:
# - {name: wavelength, unit: nm, datatype: float32}
# - {name: efficiency, unit: '%', datatype: float64}
# meta: !!omap
# - {MODE: DETECTOR}
# - {TYPE: transmission_filter_detector}
# - {CALIBDATE: '1970-01-01T00:00:00'}
# - {INSTRUME: LSSTCam}
# - {OBSTYPE: transmission_filter_detector}
# - {CALIBCLS: lsst.ip.isr.IntermediateFilterDetectorTransmissionCurve}
# - {SOURCE: Materion (DM-46256)}
# - {DETECTOR: 77}
# - {FILTER: y_10}
# - {CALIB_ID: 'calibDate=1970-01-01T00:00:00 filter=y_10 detector=77'}
# - {DATE: '2025-04-02T15:59:51.098583'}
# - {CALIB_CREATION_DATE: '2025-04-02'}
# - {CALIB_CREATION_TIME: '15:59:51'}
# - __serialized_columns__:
#     efficiency:
#       __class__: astropy.units.quantity.Quantity
#       unit: !astropy.units.Unit {unit: '%'}
#       value: !astropy.table.SerializedColumn {name: efficiency}
#     wavelength:
#       __class__: astropy.units.quantity.Quantity
#       unit: !astropy.units.Unit {unit: nm}
#       value: !astropy.table.SerializedColumn {name: wavelength}
# schema: astropy-2.0
wavelength efficiency
300.0 0.3068341873586178
301.0 0.16394860576838255
302.0 0.021062997984699905
303.0 0.025821721646934748
304.0 0.030580448219552636
305.0 0.02060582337435335
306.0 0.010631193435983732
307.0 0.016306611360050738
308.0 0.021982025646138936
309.0 0.016093409794848412
310.0 0.010204791760770604
311.0 0.008769439591560513
312.0 0.007334085239563137
313.0 0.0062097453337628394
314.0 0.005085405064164661
315.0 0.005244492058409378
316.0 0.005403580507845618
317.0 0.004871104101766832
318.0 0.004338625876698643
319.0 0.0035790584661299363
320.0 0.0028194908736622892
321.0 0.0038561614928767085
322.0 0.004892832657787949
323.0 0.00401026445615571
324.0 0.0031276969821192324
325.0 0.00162929263751721
326.0 0.00013088837249597418
327.0 0.0007479837677237811
328.0 0.0013650793334818445
329.0 0.0023128312022890896
330.0 0.0032605828891973943
331.0 0.0027689982744050212
332.0 0.002277413477713708
333.0 0.0024232804207713343
334.0 0.0025691471819300205
335.0 0.0027375470381230116
336.0 0.0029059468943160027
337.0 0.002635832061059773
338.0 0.002365717045904603
339.0 0.000923683910514228
340.0 1.602435740523378e-10
341.0 1.602435740523378e-10
342.0 1.602435740523378e-10
343.0 0.0005493660410138546
344.0 0.0015786617950652726
345.0 0.0013596145436167717
346.0 0.0011405675650166813
347.0 0.0014187998203851748
348.0 0.0016970319848041981
349.0 0.0015592624549753964
350.0 0.001421492561348714
351.0 0.0017016689525917172
352.0 0.00198184516193578
353.0 0.0018443730368744582
354.0 0.001706901275611017
355.0 0.001702189001662191
356.0 0.001697476727713365
357.0 0.0015340232494054362
358.0 0.0013705698620469775
359.0 0.0013778595530311577
360.0 0.001385149244015338
361.0 0.0012553942724480294
362.0 0.0011256391189817805
363.0 0.0009753021913638804
364.0 0.0008249649908975698
365.0 0.0012477824384404812
366.0 0.0016706002497812733
367.0 0.001988769872696139
368.0 0.0023069394956110045
369.0 0.001827591950132046
370.0 0.0013482444046530873
371.0 0.0013898255929234438
372.0 0.0014314064173959196
373.0 0.0018881652067648247
374.0 0.00234492399613373
375.0 0.003366218152223155
376.0 0.004387511944514699
377.0 0.004265031384420581
378.0 0.004142550824326463
379.0 0.0035966346331406385
380.0 0.0030507186238537543
381.0 0.002201145798608195
382.0 0.0013515726095647551
383.0 0.001175416400656104
384.0 0.0009992598279495724
385.0 0.0008366376277990639
386.0 0.0006740155640727608
387.0 0.0007625553735124413
388.0 0.0008510952284268569
389.0 0.0007339256626437418
390.0 0.0006167560513858916
391.0 0.000596198651692248
392.0 0.0005756411610491341
393.0 0.0006741599918314023
394.0 0.0007726788680884056
395.0 0.0006835657131887274
396.0 0.0005944525582890492
397.0 0.0008136655196722131
398.0 0.0010328783901059069
399.0 0.0011913193702639546
400.0 0.0013497604413714726
401.0 0.0014568498045264278
402.0 0.0015639392586308531
403.0 0.0017221838788827881
404.0 0.0018804286810336635
405.0 0.0018593707864056341
406.0 0.0018383130736765452
407.0 0.0016364680050173774
408.0 0.00143462311825715
409.0 0.0011246304893575143
410.0 0.000814637587609468
411.0 0.0005856277766724816
412.0 0.00035661792026076
413.0 0.0005351550498744473
414.0 0.0007136919975891942
415.0 0.0009608009349904023
416.0 0.0012079100088158157
417.0 0.0006387722805811791
418.0 6.963476835153415e-05
419.0 1.602435740523378e-10
420.0 1.602435740523378e-10
421.0 1.602435740523378e-10
422.0 1.602435740523378e-10
423.0 0.0004390024514577817
424.0 0.001076812986866571
425.0 0.00030656892704428174
426.0 1.602435740523378e-10
427.0 1.602435740523378e-10
428.0 0.00044245416574995033
429.0 1.602435740523378e-10
430.0 1.602435740523378e-10
431.0 4.3421437112556305e-06
432.0 0.0009643272278481163
433.0 0.00038401567508117296
434.0 1.602435740523378e-10
435.0 1.602435740523378e-10
436.0 5.689111048923223e-05
437.0 1.602435740523378e-10
438.0 1.602435740523378e-10
439.0 1.602435740523378e-10
440.0 1.602435740523378e-10
441.0 1.602435740523378e-10
442.0 1.602435740523378e-10
443.0 1.602435740523378e-10
444.0 0.00022294509562925668
445.0 0.00019524857179931132
446.0 0.0001675518660704256
447.0 0.00025411400201846845
448.0 0.00034067611522914376
449.0 0.0003288892003183719
450.0 0.00031710226267023245
451.0 1.602435740523378e-10
452.0 1.602435740523378e-10
453.0 1.602435740523378e-10
454.0 1.602435740523378e-10
455.0 1.602435740523378e-10
456.0 1.602435740523378e-10
457.0 1.602435740523378e-10
458.0 1.602435740523378e-10
459.0 1.602435740523378e-10
460.0 1.602435740523378e-10
461.0 0.00024025316633924376
462.0 0.0006854242201370653
463.0 0.0006860833309474401
464.0 0.000686742441757815
465.0 0.0005271223017189186
466.0 0.0003675021844173898
467.0 0.00098833188530989
468.0 0.001609161336091347
469.0 0.0016104690075735562
470.0 0.0016117763152578846
471.0 0.0018077656932291575
472.0 0.0020037550712004304
473.0 0.0023798815163900144
474.0 0.0027560079615795985
475.0 0.002749777013377752
476.0 0.0027435458832769655
477.0 0.0028611775633180514
478.0 0.0029788094252580777
479.0 0.003712288526003249
480.0 0.00444576762674842
481.0 0.004492354128160514
482.0 0.004538940629572608
483.0 0.004053267548442818
484.0 0.003567594103515148
485.0 0.0035316417779540643
486.0 0.0034956894523929805
487.0 0.003143011053907685
488.0 0.002790332473523449
489.0 0.002491748455213383
490.0 0.002193164255004376
491.0 0.0018658300177776255
492.0 0.0015384959624498151
493.0 0.0013820488675264642
494.0 0.001225602136400994
495.0 0.0013888742614653893
496.0 0.0015521462046308443
497.0 0.0020646230041165836
498.0 0.002577099803602323
499.0 0.0025116127289948054
500.0 0.002446125290589407
501.0 0.0026238858481519856
502.0 0.002801646405714564
503.0 0.0028685604775091633
504.0 0.0029354745493037626
505.0 0.0031053266866365448
506.0 0.0032751791877672076
507.0 0.0024708553610253148
508.0 0.0016665311704855412
509.0 0.0017084288629121147
510.0 0.0017503261915408075
511.0 0.0018365622963756323
512.0 0.0019227982193115167
513.0 0.0018974469639942981
514.0 0.0018720957086770795
515.0 0.0015959038137225434
516.0 0.0013197120097174775
517.0 0.0014010199265612755
518.0 0.0014823277524556033
519.0 0.0012716294804704376
520.0 0.0010609310265863314
521.0 0.0014081629160500597
522.0 0.0017553946236148477
523.0 0.00193054602277698
524.0 0.0021056976038380526
525.0 0.002313056029379368
526.0 0.0025204148187185638
527.0 0.0023690128728048876
528.0 0.0022176111087901518
529.0 0.002245636824227404
530.0 0.0022736623577657156
531.0 0.0021761969037470408
532.0 0.0020787312678294256
533.0 0.002198904985561967
534.0 0.0023190783394966274
535.0 0.0018540224118623883
536.0 0.0013889662113797385
537.0 0.0021926718545728363
538.0 0.0029963775887154043
539.0 0.003418826963752508
540.0 0.003841276338789612
541.0 0.003874932008329779
542.0 0.003908587677869946
543.0 0.004212489147903398
544.0 0.004516390254138969
545.0 0.00496644206577912
546.0 0.005416493877419271
547.0 0.004479549534153193
548.0 0.003542604827089235
549.0 0.0027428657631389797
550.0 0.0019431266991887242
551.0 0.0020759753169841133
552.0 0.0022088239347795025
553.0 0.00282328728644643
554.0 0.0034377502743154764
555.0 0.0038466172554763034
556.0 0.004255484964232892
557.0 0.003892903623636812
558.0 0.0035303219192428514
559.0 0.0033704764064168558
560.0 0.0032106305297929794
561.0 0.0035035747714573517
562.0 0.0037965186493238434
563.0 0.0036525547329802066
564.0 0.00350859081663657
565.0 0.003895835834555328
566.0 0.004283080852474086
567.0 0.0043242624087724835
568.0 0.004365443965070881
569.0 0.004967687709722668
570.0 0.005569931454374455
571.0 0.005818600038764998
572.0 0.006067268623155542
573.0 0.006454555841628462
574.0 0.006841843423899263
575.0 0.0066516884544398636
576.0 0.0064615327573847026
577.0 0.006023784226272255
578.0 0.005586035695159808
579.0 0.006088470036047511
580.0 0.006590904376935214
581.0 0.007444862421834841
582.0 0.008298820466734469
583.0 0.008900931425159797
584.0 0.009503041655989364
585.0 0.00976308438112028
586.0 0.010023128561442718
587.0 0.01016652095131576
588.0 0.01030991188599728
589.0 0.010418231249786913
590.0 0.01052655206876807
591.0 0.009960006718756631
592.0 0.009393461368745193
593.0 0.007760214066365734
594.0 0.0061269682191777974
595.0 0.005866894935024902
596.0 0.005606822378467768
597.0 0.006103658961364999
598.0 0.00660049554426223
599.0 0.007495708996430039
600.0 0.008390920993406326
601.0 0.009034144022734836
602.0 0.0096773641416803
603.0 0.010542787640588358
604.0 0.011408212594687939
605.0 0.011371673463145271
606.0 0.011335135786794126
607.0 0.009836301614996046
608.0 0.008337468170793727
609.0 0.0065184387494809926
610.0 0.0046994104195619
611.0 0.003962764822063036
612.0 0.0032261199521599337
613.0 0.0036635512515204027
614.0 0.004100982187082991
615.0 0.004863718640990555
616.0 0.005626455458696
617.0 0.0070136491558514535
618.0 0.008400841761613265
619.0 0.00959830213105306
620.0 0.010795762500492856
621.0 0.011522003478603438
622.0 0.012248243729118258
623.0 0.012241092917975038
624.0 0.012233940651640296
625.0 0.01067088742274791
626.0 0.00910783201106824
627.0 0.007263362203957513
628.0 0.005418891669251025
629.0 0.004423102654982358
630.0 0.0034273140045115724
631.0 0.0029594069928862154
632.0 0.0024914999812608585
633.0 0.0026599413104122505
634.0 0.0028283826395636424
635.0 0.003018135430465918
636.0 0.003207887493772432
637.0 0.003686304989969358
638.0 0.0041647224861662835
639.0 0.004407206870382652
640.0 0.0046496905270032585
641.0 0.005112824874231592
642.0 0.005575959221459925
643.0 0.005583621168625541
644.0 0.005591283115791157
645.0 0.005237682489678264
646.0 0.0048840818635653704
647.0 0.003849222048302181
648.0 0.002814361869241111
649.0 0.0021789355741930194
650.0 0.0015435092791449279
651.0 0.0016092599253170192
652.0 0.0016750105714891106
653.0 0.0015434945453307591
654.0 0.0014119785191724077
655.0 0.0015488889403059147
656.0 0.0016857995433383621
657.0 0.0016708101611584425
658.0 0.0016558209608774632
659.0 0.0017797861801227555
660.0 0.0019037512174691074
661.0 0.0019155497284373268
662.0 0.0019273482394055463
663.0 0.0024691735234227963
664.0 0.003010999171237927
665.0 0.0035366629163036123
666.0 0.004062326843268238
667.0 0.004588243245962076
668.0 0.005114159284858033
669.0 0.0054590171203017235
670.0 0.0058038716815644875
671.0 0.006469577783718705
672.0 0.007135284977266565
673.0 0.007849936082493514
674.0 0.008564586460124701
675.0 0.008045635331654921
676.0 0.007526684203185141
677.0 0.0059723843151004985
678.0 0.004418082971824333
679.0 0.0028995522370678373
680.0 0.0013810215023113415
681.0 0.0006720319106534589
682.0 1.602435740523378e-10
683.0 0.0002609921011753613
684.0 0.0005589418833551463
685.0 0.00029567861474788515
686.0 3.241534045628214e-05
687.0 0.00011727760238500196
688.0 0.00020213988136674743
689.0 0.0002324570232303813
690.0 0.0002627741650940152
691.0 0.00029211009859864134
692.0 0.0003214461230527377
693.0 0.00031699216833658284
694.0 0.000312538213620428
695.0 0.000369806116395921
696.0 0.00042707401917141397
697.0 0.0003905468929588096
698.0 0.0003540197667462053
699.0 0.0002801943310259958
700.0 0.00020636875888158102
701.0 0.00015031639577500755
702.0 9.426411224922049e-05
703.0 0.00014224775668481016
704.0 0.0001902314465951349
705.0 0.0002957539891212946
706.0 0.0004012764293293003
707.0 0.0002554332240833901
708.0 0.00010958987104459084
709.0 0.00019104863895336166
710.0 0.0002725073500187136
711.0 0.00036212341001373716
712.0 0.0004517395154834958
713.0 0.00023473826331610326
714.0 1.773699835894149e-05
715.0 0.00015154681705098483
716.0 0.0002853566229532589
717.0 0.00011581211083466769
718.0 1.602435740523378e-10
719.0 0.0003356931074449676
720.0 0.0007251183888001833
721.0 0.0006029797532391967
722.0 0.00048084107220347505
723.0 0.00040053691918728873
724.0 0.0003202328116458375
725.0 0.0002827685193551588
726.0 0.00024530443170078797
727.0 0.00021436876522784587
728.0 0.0001834332920225279
729.0 0.00011558782944121049
730.0 4.7742508968440234e-05
731.0 0.0004059710590809118
732.0 0.0007641998308827169
733.0 0.0004329056082497118
734.0 0.00010161151067222818
735.0 7.502851531171473e-05
736.0 4.844570753448352e-05
737.0 0.0003417955895201885
738.0 0.0006351456704578595
739.0 0.000459538114228053
740.0 0.000283930285149836
741.0 0.00042837227738345973
742.0 0.0005728143605665537
743.0 0.00022733620426151901
744.0 1.602435740523378e-10
745.0 0.00014403566410692292
746.0 0.0004062134394189343
747.0 0.00017877791833598167
748.0 1.602435740523378e-10
749.0 1.602435740523378e-10
750.0 1.602435740523378e-10
751.0 0.00014769744893783354
752.0 0.0004603712568496121
753.0 0.0006268281595112057
754.0 0.0007932851076475345
755.0 1.0366794356286846e-05
756.0 1.602435740523378e-10
757.0 1.602435740523378e-10
758.0 3.407364204122132e-05
759.0 0.0003523048007991747
760.0 0.0006705361101921881
761.0 0.0005678591605828842
762.0 0.0004651821200241102
763.0 0.0002785685865092091
764.0 9.195488814839337e-05
765.0 0.00014340114375954727
766.0 0.00019484727999952156
767.0 1.602435740523378e-10
768.0 1.602435740523378e-10
769.0 1.602435740523378e-10
770.0 9.282568385060586e-05
771.0 4.628762724223634e-05
772.0 1.602435740523378e-10
773.0 0.0004658282250602497
774.0 0.0009319069249613676
775.0 0.000667699760015239
776.0 0.00040349245864490513
777.0 0.00046074164856690913
778.0 0.0005179908839636482
779.0 0.0006049947842257097
780.0 0.0006919987754372414
781.0 0.0006044152996764751
782.0 0.0005168317784409737
783.0 0.000495753693030565
784.0 0.0004746755621454213
785.0 0.00043159052438568324
786.0 0.00038850535020173993
787.0 0.0004483284556044964
788.0 0.0005081515155325178
789.0 0.0004516885837801965
790.0 0.0003952256520278752
791.0 0.00046697509787918534
792.0 0.0005387244982557604
793.0 0.0004803745923709357
794.0 0.00042202450458717067
795.0 0.0005999692348268582
796.0 0.0007779139195918106
797.0 0.000578983781451825
798.0 0.00038005368878657464
799.0 0.0004728169642476132
800.0 0.0005655802397086518
801.0 0.00028931488031957997
802.0 1.3049563563072297e-05
803.0 0.0004391878974274732
804.0 0.0008653262739244383
805.0 0.0009527387192065362
806.0 0.0010401508916402236
807.0 0.0008011477802938316
808.0 0.0005621444870484993
809.0 0.00042964461499650497
810.0 0.000297144674732408
811.0 0.0005862696980329929
812.0 0.0008753947440709453
813.0 0.000929422185436124
814.0 0.0009834498996497132
815.0 0.0007787912181811407
816.0 0.0005741321729146875
817.0 0.0007210041530925082
818.0 0.0008678761332703289
819.0 0.0009705578122520819
820.0 0.0010732393093348946
821.0 0.0007675920642213896
822.0 0.00046194472815841436
823.0 0.0003784154387176386
824.0 0.0002948862857010681
825.0 0.00036071057820663555
826.0 0.0004265347797627328
827.0 0.0007123050181689905
828.0 0.0009980754839489236
829.0 0.0006574484359589405
830.0 0.0003168215243931627
831.0 0.00015698047945988947
832.0 1.602435740523378e-10
833.0 0.0003244417484893347
834.0 0.0006517438123410102
835.0 0.0001309974436480843
836.0 1.602435740523378e-10
837.0 1.602435740523378e-10
838.0 0.00015649201259293477
839.0 0.00046244699660746846
840.0 0.0007684020602027886
841.0 0.0009416167813469656
842.0 0.0011148314115416724
843.0 0.0009377004062116612
844.0 0.0007605691735079745
845.0 0.0007910996828286443
846.0 0.0008216302376240492
847.0 0.00094954984888318
848.0 0.0010774694601423107
849.0 0.0008503377102897502
850.0 0.0006232058240129845
851.0 0.0009777952982403804
852.0 0.0013323848179425113
853.0 0.0006978489182074554
854.0 6.331330268949387e-05
855.0 1.602435740523378e-10
856.0 1.602435740523378e-10
857.0 0.000510918698637397
858.0 0.0011225668458791915
859.0 0.0010379111699876375
860.0 0.0009532551302982029
861.0 0.001341847837466048
862.0 0.0017304404536844231
863.0 0.0018741193343885243
864.0 0.0020177978512947448
865.0 0.002195344859501347
866.0 0.0023728916858090088
867.0 0.0027947602575295605
868.0 0.003216628829250112
869.0 0.003052689498872496
870.0 0.00288874998659594
871.0 0.003194926102878526
872.0 0.003501102401060052
873.0 0.0028282867788220756
874.0 0.0021554713384830393
875.0 0.0022723968868376687
876.0 0.002389322435192298
