lsstCam/transmission_filter_detector/r20_s12/y_10/19700101T000000.ecsv
# %ECSV 1.0
# ---
# datatype:
# - {name: wavelength, unit: nm, datatype: float32}
# - {name: efficiency, unit: '%', datatype: float64}
# meta: !!omap
# - {MODE: DETECTOR}
# - {TYPE: transmission_filter_detector}
# - {CALIBDATE: '1970-01-01T00:00:00'}
# - {INSTRUME: LSSTCam}
# - {OBSTYPE: transmission_filter_detector}
# - {CALIBCLS: lsst.ip.isr.IntermediateFilterDetectorTransmissionCurve}
# - {SOURCE: Materion (DM-46256)}
# - {DETECTOR: 77}
# - {FILTER: y_10}
# - {CALIB_ID: 'calibDate=1970-01-01T00:00:00 filter=y_10 detector=77'}
# - {DATE: '2025-04-02T15:59:51.098583'}
# - {CALIB_CREATION_DATE: '2025-04-02'}
# - {CALIB_CREATION_TIME: '15:59:51'}
# - __serialized_columns__:
#     efficiency:
#       __class__: astropy.units.quantity.Quantity
#       unit: !astropy.units.Unit {unit: '%'}
#       value: !astropy.table.SerializedColumn {name: efficiency}
#     wavelength:
#       __class__: astropy.units.quantity.Quantity
#       unit: !astropy.units.Unit {unit: nm}
#       value: !astropy.table.SerializedColumn {name: wavelength}
# schema: astropy-2.0
wavelength efficiency
[from data line 578]
878.0 0.0013227609088062309
879.0 0.0017076992662623525
880.0 0.06194509915076196
881.0 0.09999170433729887
882.0 0.06463615573011339
883.0 0.0988744548521936
884.0 0.07561383536085486
885.0 0.0932136143092066
886.0 0.0766059325542301
887.0 0.09669311111792922
888.0 0.0691214285325259
889.0 0.08708634413778782
890.0 0.06950127426534891
891.0 0.102745380718261
892.0 0.0742908101528883
893.0 0.09938564617186785
894.0 0.06719090160913765
895.0 0.10336220730096102
896.0 0.07737472769804299
897.0 0.11945057194679976
898.0 0.08032288169488311
899.0 0.12363026617094874
900.0 0.10105473920702934
901.0 0.1337426481768489
902.0 0.16336367698386312
903.0 0.18269006395712495
904.0 0.19954247400164604
905.0 0.21420721895992756
906.0 0.2787456149235368
907.0 0.3524739295244217
908.0 0.47684391029179096
909.0 0.6349449045956135
910.0 0.8870809338986874
911.0 1.2463483028113842
912.0 1.833089254796505
913.0 2.754165232181549
914.0 3.8705065846443176
915.0 5.540582910180092
916.0 7.576309144496918
917.0 9.846903383731842
918.0 12.503278255462646
919.0 15.056280791759491
920.0 18.470054864883423
921.0 22.00176864862442
922.0 25.437670946121216
923.0 29.547491669654846
924.0 34.053048491477966
925.0 39.06238377094269
926.0 45.18378973007202
927.0 51.827746629714966
928.0 57.73102045059204
929.0 64.19915556907654
930.0 69.98902559280396
931.0 75.71072578430176
932.0 81.03929162025452
933.0 85.62136888504028
934.0 88.98144364356995
935.0 91.47350192070007
936.0 93.38333010673523
937.0 94.77397799491882
938.0 95.67975401878357
939.0 96.11703753471375
940.0 96.47401571273804
941.0 96.701180934906
942.0 96.91833853721619
943.0 97.02078104019165
944.0 97.295081615448
945.0 97.32677340507507
946.0 97.39624261856079
947.0 97.41009473800659
948.0 97.50776290893555
949.0 97.49930500984192
950.0 97.52136468887329
951.0 97.54946231842041
952.0 97.62324690818787
953.0 97.82459735870361
954.0 97.89594411849976
955.0 97.95849323272705
956.0 98.20795059204102
957.0 98.38060140609741
958.0 98.49762320518494
959.0 98.60100746154785
960.0 98.70729446411133
961.0 98.78036379814148
962.0 98.81716966629028
963.0 98.83521795272827
964.0 98.88935685157776
965.0 98.92712235450745
966.0 98.9611268043518
967.0 99.07466173171997
968.0 99.0491509437561
969.0 99.02048707008362
970.0 99.08989071846008
971.0 99.11271333694458
972.0 99.20127391815186
973.0 99.25917983055115
974.0 99.27951693534851
975.0 99.25486445426941
976.0 99.30794835090637
977.0 99.28085803985596
978.0 99.32800531387329
979.0 99.27733540534973
980.0 99.2541491985321
981.0 99.17073845863342
982.0 99.07074570655823
983.0 99.1381287574768
984.0 99.05314445495605
985.0 99.09181594848633
986.0 98.95955324172974
987.0 99.01595711708069
988.0 98.9209771156311
989.0 98.91002774238586
990.0 98.86971712112427
991.0 98.90883564949036
992.0 98.99665117263794
993.0 98.92310500144958
994.0 98.91243577003479
995.0 98.93935918807983
996.0 98.91073107719421
997.0 99.05330538749695
998.0 99.0873396396637
999.0 99.10730123519897
1000.0 99.17641878128052
1001.0 99.1134524345398
1002.0 99.2566168308258
1003.0 99.2306649684906
1004.0 99.30110573768616
1005.0 99.23824071884155
1006.0 99.40223693847656
1007.0 99.35288429260254
1008.0 99.3248462677002
1009.0 99.2952287197113
1010.0 99.29097294807434
1011.0 99.27349090576172
1012.0 99.2279589176178
1013.0 99.21503067016602
1014.0 99.20496940612793
1015.0 99.15629029273987
1016.0 99.17546510696411
1017.0 99.1987407207489
1018.0 99.18455481529236
1019.0 99.12573099136353
1020.0 99.1927981376648
1021.0 99.31243062019348
1022.0 99.20814633369446
1023.0 99.23465251922607
1024.0 99.22033548355103
1025.0 99.22739267349243
1026.0 99.28140640258789
1027.0 99.39135313034058
1028.0 99.36420321464539
1029.0 99.46058392524719
1030.0 99.40510988235474
1031.0 99.37384128570557
1032.0 99.40617084503174
1033.0 99.38979148864746
1034.0 99.45479035377502
1035.0 99.5024561882019
1036.0 99.39907193183899
1037.0 99.43927526473999
1038.0 99.40046072006226
1039.0 99.32348132133484
1040.0 99.23012256622314
1041.0 99.30244088172913
1042.0 99.31695461273193
1043.0 99.22646284103394
1044.0 99.3093729019165
1045.0 99.01598691940308
1046.0 99.18994903564453
1047.0 99.11565780639648
1048.0 99.1226851940155
1049.0 99.03957843780518
1050.0 99.1126298904419
1051.0 99.09358024597168
1052.0 99.11749362945557
1053.0 98.86895418167114
1054.0 99.15066957473755
1055.0 99.2539644241333
1056.0 99.06506538391113
1057.0 99.21603798866272
1058.0 99.00410175323486
1059.0 99.0901529788971
1060.0 99.19577836990356
1061.0 99.11792874336243
1062.0 99.11350011825562
1063.0 99.09451007843018
1064.0 99.18631315231323
1065.0 99.19414520263672
1066.0 99.07448887825012
1067.0 99.22229647636414
1068.0 99.12196397781372
1069.0 98.93879890441895
1070.0 99.40336346626282
1071.0 99.18214082717896
1072.0 99.22001957893372
1073.0 99.16680455207825
1074.0 98.95182847976685
1075.0 98.8939642906189
1076.0 98.82751107215881
1077.0 99.07511472702026
1078.0 99.29823875427246
1079.0 98.85444045066833
1080.0 99.59006905555725
1081.0 98.80455136299133
1082.0 98.84060025215149
1083.0 98.7263560295105
1084.0 99.14215207099915
1085.0 99.07863140106201
1086.0 98.88026118278503
1087.0 99.00015592575073
1088.0 98.66093397140503
1089.0 98.82019758224487
1090.0 98.78947138786316
1091.0 98.77482056617737
1092.0 99.00060892105103
1093.0 98.67849946022034
1094.0 98.56654405593872
1095.0 98.5594391822815
1096.0 98.75374436378479
1097.0 98.44232201576233
1098.0 97.9631245136261
1099.0 98.46794009208679
1100.0 98.26169610023499
