lsstCam/transmission_sensor/r13_s22/19700101T000000.ecsv
# %ECSV 1.0
# ---
# datatype:
# - {name: amp_name, datatype: string}
# - {name: wavelength, unit: nm, datatype: float32}
# - {name: efficiency, unit: '%', datatype: float64}
# meta: !!omap
# - {MODE: AMP}
# - {TYPE: transmission_sensor}
# - {CALIBDATE: '1970-01-01T00:00:00'}
# - {INSTRUME: LSSTCAM}
# - {OBSTYPE: transmission_sensor}
# - {DETECTOR: 62}
# - {PARQUETFILE: qe_raft_allvalues_nircorrected_20230725.parquet}
# - {CALIBCLS: lsst.ip.isr.IntermediateSensorTransmissionCurve}
# - {CALIB_ID: 'raftName=R13 detectorName=S22 detector=62 calibDate=1970-01-01T00:00:00 ccd=62 ccdnum=62 filter=None'}
# - {DATE: '2024-01-18T22:42:25.191694'}
# - {CALIB_CREATION_DATE: '2024-01-18'}
# - {CALIB_CREATION_TIME: '22:42:25'}
# - __serialized_columns__:
#     efficiency:
#       __class__: astropy.units.quantity.Quantity
#       unit: !astropy.units.Unit {unit: '%'}
#       value: !astropy.table.SerializedColumn {name: efficiency}
#     wavelength:
#       __class__: astropy.units.quantity.Quantity
#       unit: !astropy.units.Unit {unit: nm}
#       value: !astropy.table.SerializedColumn {name: wavelength}
# schema: astropy-2.0
amp_name wavelength efficiency
C00 319.994 43.026302337646484
C00 324.969 48.58271408081055
C00 349.982 71.79638671875
C00 374.975 76.55143737792969
C00 400.019 83.95438385009766
C00 424.965 86.34648132324219
C00 450.035 88.40225982666016
C00 475.003 90.95238494873047
C00 500.018 93.8909683227539
C00 525.002 94.60025024414062
C00 550.029 96.23719024658203
C00 575.023 97.60990905761719
C00 599.982 98.68839263916016
C00 619.997 99.2066879272461
C00 624.979 99.05831146240234
C00 650.012 99.39933013916016
C00 675.004 99.64221954345703
C00 700.03 99.47736358642578
C00 725.012 99.0164794921875
C00 750.022 98.47579193115234
C00 774.987 98.50460052490234
C00 799.976 97.3839340209961
C00 824.988 96.13208770751953
C00 850.022 93.76256561279297
C00 869.967 90.70783233642578
C00 875.002 90.34406280517578
C00 899.999 82.89342498779297
C00 919.999 74.31027221679688
C00 925.012 70.84458923339844
C00 949.965 57.576255798339844
C00 975.002 42.54825210571289
C00 999.976 25.931333541870117
C00 1025.028 11.360960960388184
C00 1050.014 3.9545273780822754
C00 1075.002 0.9381740382605323
C00 1099.99 0.0930847661934335
C01 319.994 43.22937774658203
C01 324.969 48.81489944458008
C01 349.982 72.31824493408203
C01 374.975 77.17666625976562
C01 400.019 84.31288146972656
C01 424.965 86.53648376464844
C01 450.035 88.49571228027344
C01 475.003 90.98509216308594
C01 500.018 93.88687133789062
C01 525.002 94.57575988769531
C01 550.029 96.20231628417969
C01 575.023 97.57427215576172
C01 599.982 98.6557388305664
C01 619.997 99.18092346191406
C01 624.979 99.03606414794922
C01 650.012 99.37986755371094
C01 675.004 99.63317108154297
C01 700.03 99.49248504638672
C01 725.012 99.07431030273438
C01 750.022 98.58602905273438
C01 774.987 98.6685562133789
C01 799.976 97.56501770019531
C01 824.988 96.30245971679688
C01 850.022 93.93531799316406
C01 869.967 90.79632568359375
C01 875.002 90.42877197265625
C01 899.999 83.10821533203125
C01 919.999 74.33625793457031
C01 925.012 70.84329986572266
C01 949.965 57.60136032104492
C01 975.002 42.4753532409668
C01 999.976 25.92893409729004
C01 1025.028 11.329161643981934
C01 1050.014 3.9519166946411133
C01 1075.002 0.9392242610908317
C01 1099.99 0.09318896833783594
C02 319.994 43.28628158569336
C02 324.969 48.888916015625
C02 349.982 72.63389587402344
C02 374.975 77.53614807128906
C02 400.019 84.397705078125
C02 424.965 86.45901489257812
C02 450.035 88.32173919677734
C02 475.003 90.7496566772461
C02 500.018 93.60822296142578
C02 525.002 94.27723693847656
C02 550.029 95.89191436767578
C02 575.023 97.25888061523438
C02 599.982 98.3407211303711
C02 619.997 98.87191772460938
C02 624.979 98.72698974609375
C02 650.012 99.07722473144531
C02 675.004 99.34110260009766
C02 700.03 99.21526336669922
C02 725.012 98.8459243774414
C02 750.022 98.41796112060547
C02 774.987 98.55550384521484
C02 799.976 97.46734619140625
C02 824.988 96.18998718261719
C02 850.022 93.87139129638672
C02 869.967 90.68504333496094
C02 875.002 90.28567504882812
C02 899.999 82.92218017578125
C02 919.999 74.30585479736328
C02 925.012 70.84785461425781
C02 949.965 57.4661865234375
C02 975.002 42.30282211303711
C02 999.976 25.79319953918457
C02 1025.028 11.201753616333008
C02 1050.014 3.9285430908203125
C02 1075.002 0.937623085228641
C02 1099.99 0.09303010113975942
C03 319.994 43.52460861206055
C03 324.969 49.163997650146484
C03 349.982 73.19441986083984
C03 374.975 78.10424041748047
C03 400.019 84.66809844970703
C03 424.965 86.57099914550781
C03 450.035 88.34260559082031
C03 475.003 90.71536254882812
C03 500.018 93.5406723022461
C03 525.002 94.18975830078125
C03 550.029 95.79541778564453
C03 575.023 97.1601791381836
C03 599.982 98.24342346191406
C03 619.997 98.77689361572266
C03 624.979 98.6292724609375
C03 650.012 98.98758697509766
C03 675.004 99.25829315185547
C03 700.03 99.15584564208984
C03 725.012 98.82972717285156
C03 750.022 98.45957946777344
C03 774.987 98.65322875976562
C03 799.976 97.58807373046875
C03 824.988 96.28730010986328
C03 850.022 93.96627044677734
C03 869.967 90.83951568603516
C03 875.002 90.45050811767578
C03 899.999 82.85370635986328
C03 919.999 74.18226623535156
C03 925.012 70.74055480957031
C03 949.965 57.611507415771484
C03 975.002 42.385196685791016
C03 999.976 25.815998077392578
C03 1025.028 11.170994758605957
C03 1050.014 3.8956921100616455
C03 1075.002 0.9380195802678023
C03 1099.99 0.09306944101329248
C04 319.994 43.71204376220703
C04 324.969 49.38291549682617
C04 349.982 73.69033813476562
C04 374.975 78.6908950805664
C04 400.019 85.0469970703125
C04 424.965 86.81986236572266
C04 450.035 88.52073669433594
C04 475.003 90.84943389892578
C04 500.018 93.65009307861328
C04 525.002 94.28755187988281
C04 550.029 95.89127349853516
C04 575.023 97.25331115722656
C04 599.982 98.3459701538086
C04 619.997 98.88196563720703
C04 624.979 98.73722076416016
C04 650.012 99.10238647460938
C04 675.004 99.38050842285156
C04 700.03 99.29759216308594
C04 725.012 99.01619720458984
C04 750.022 98.70310974121094
C04 774.987 98.94580078125
C04 799.976 97.90052795410156
C04 824.988 96.59676361083984
C04 850.022 94.25582885742188
C04 869.967 91.13033294677734
C04 875.002 90.74933624267578
C04 899.999 83.1087875366211
C04 919.999 74.33101654052734
C04 925.012 70.82501220703125
C04 949.965 57.68519973754883
C04 975.002 42.57328414916992
C04 999.976 25.913238525390625
C04 1025.028 11.234602928161621
C04 1050.014 3.9081504344940186
C04 1075.002 0.9403396803262741
C04 1099.99 0.09329963920966194
C05 319.994 43.79836654663086
C05 324.969 49.48381042480469
C05 349.982 74.01790618896484
C05 374.975 79.10502624511719
C05 400.019 85.2869644165039
C05 424.965 86.95425415039062
C05 450.035 88.58895874023438
C05 475.003 90.88037872314453
C05 500.018 93.6615219116211
C05 525.002 94.28532409667969
C05 550.029 95.88156127929688
C05 575.023 97.25013732910156
C05 599.982 98.34500885009766
C05 619.997 98.88501739501953
C05 624.979 98.74224090576172
C05 650.012 99.10916137695312
C05 675.004 99.3973159790039
C05 700.03 99.33428192138672
C05 725.012 99.0849609375
C05 750.022 98.81137084960938
C05 774.987 99.09431457519531
C05 799.976 98.06298828125
C05 824.988 96.75006103515625
C05 850.022 94.40937805175781
C05 869.967 91.2728042602539
C05 875.002 90.88024139404297
C05 899.999 83.16272735595703
C05 919.999 74.44656372070312
C05 925.012 70.92718505859375
C05 949.965 57.691471099853516
C05 975.002 42.62751770019531
C05 999.976 25.93021011352539
C05 1025.028 11.257502555847168
C05 1050.014 3.9254565238952637
C05 1075.002 0.9413710779755281
C05 1099.99 0.09340197353689536
C06 319.994 44.00010681152344
C06 324.969 49.712520599365234
C06 349.982 74.43163299560547
C06 374.975 79.5055160522461
C06 400.019 85.48619842529297
C06 424.965 87.03923797607422
C06 450.035 88.61286926269531
C06 475.003 90.86862182617188
C06 500.018 93.62247467041016
C06 525.002 94.23445892333984
C06 550.029 95.82521057128906
C06 575.023 97.1889877319336
C06 599.982 98.27809143066406
C06 619.997 98.81827545166016
C06 624.979 98.67753601074219
C06 650.012 99.04608154296875
C06 675.004 99.33323669433594
C06 700.03 99.27397155761719
C06 725.012 99.03189086914062
C06 750.022 98.76602935791016
C06 774.987 99.0452651977539
C06 799.976 98.0072250366211
C06 824.988 96.6870346069336
C06 850.022 94.32943725585938
C06 869.967 91.18556213378906
C06 875.002 90.78812408447266
C06 899.999 83.00657653808594
C06 919.999 74.27727508544922
C06 925.012 70.73334503173828
C06 949.965 57.51017761230469
C06 975.002 42.474342346191406
C06 999.976 25.840076446533203
C06 1025.028 11.22673511505127
C06 1050.014 3.9309778213500977
C06 1075.002 0.9409391116970564
C06 1099.99 0.09335911423958466
C07 319.994 44.14362716674805
C07 324.969 49.8779296875
C07 349.982 74.68186950683594
C07 374.975 79.7330322265625
C07 400.019 85.61180114746094
C07 424.965 87.10890197753906
C07 450.035 88.65852355957031
C07 475.003 90.89176177978516
C07 500.018 93.63928985595703
C07 525.002 94.24479675292969
C07 550.029 95.82905578613281
C07 575.023 97.18840789794922
C07 599.982 98.27622985839844
C07 619.997 98.81708526611328
C07 624.979 98.67129516601562
C07 650.012 99.03840637207031
C07 675.004 99.3258056640625
C07 700.03 99.2520523071289
C07 725.012 98.97346496582031
C07 750.022 98.65762329101562
C07 774.987 98.88235473632812
C07 799.976 97.82606506347656
C07 824.988 96.50999450683594
C07 850.022 94.15925598144531
C07 869.967 91.03495025634766
C07 875.002 90.62863159179688
C07 899.999 82.8628921508789
C07 919.999 74.25737762451172
C07 925.012 70.75847625732422
C07 949.965 57.448341369628906
C07 975.002 42.4111328125
C07 999.976 25.82480812072754
C07 1025.028 11.27072525024414
C07 1050.014 3.9709548950195312
C07 1075.002 0.9399063332140426
C07 1099.99 0.09325664290729414
C10 319.994 41.415157318115234
C10 324.969 46.749855041503906
C10 349.982 68.7970962524414
C10 374.975 73.68942260742188
C10 400.019 82.18635559082031
C10 424.965 85.16159057617188
C10 450.035 87.52684783935547
C10 475.003 90.25812530517578
C10 500.018 93.30484008789062
C10 525.002 94.08733367919922
C10 550.029 95.76168823242188
C10 575.023 97.15740203857422
C10 599.982 98.24617767333984
C10 619.997 98.77432250976562
C10 624.979 98.62924194335938
C10 650.012 98.97032165527344
C10 675.004 99.22531127929688
C10 700.03 99.138916015625
C10 725.012 98.9095687866211
C10 750.022 98.6679916381836
C10 774.987 99.00386810302734
C10 799.976 98.00071716308594
C10 824.988 96.71124267578125
C10 850.022 94.44005584716797
C10 869.967 91.39307403564453
C10 875.002 91.00066375732422
C10 899.999 83.01212310791016
C10 919.999 74.28855895996094
C10 925.012 70.7203369140625
C10 949.965 57.64008712768555
C10 975.002 42.62774658203125
C10 999.976 25.79827880859375
C10 1025.028 11.298457145690918
C10 1050.014 4.0111918449401855
C10 1075.002 0.9400051107571639
C10 1099.99 0.09326644352437756
C11 319.994 41.85568618774414
C11 324.969 47.25592803955078
C11 349.982 69.7276382446289
C11 374.975 74.65485382080078
C11 400.019 82.73117065429688
C11 424.965 85.47455596923828
C11 450.035 87.71143341064453
C11 475.003 90.36221313476562
C11 500.018 93.35973358154297
C11 525.002 94.11296844482422
C11 550.029 95.77452850341797
C11 575.023 97.16670227050781
C11 599.982 98.25418090820312
C11 619.997 98.7850570678711
C11 624.979 98.63826751708984
C11 650.012 98.99052429199219
C11 675.004 99.25700378417969
C11 700.03 99.18589782714844
C11 725.012 98.98687744140625
C11 750.022 98.79268646240234
C11 774.987 99.16812896728516
C11 799.976 98.17799377441406
C11 824.988 96.88426208496094
C11 850.022 94.6042709350586
C11 869.967 91.49639129638672
C11 875.002 91.08502960205078
C11 899.999 83.16767883300781
C11 919.999 74.36984252929688
C11 925.012 70.79500579833984
C11 949.965 57.67017364501953
C11 975.002 42.65163040161133
C11 999.976 25.83804702758789
C11 1025.028 11.233118057250977
C11 1050.014 3.990619659423828
C11 1075.002 0.9411930714591594
C11 1099.99 0.0933843118938725
C12 319.994 42.163597106933594
C12 324.969 47.608642578125
C12 349.982 70.40342712402344
C12 374.975 75.33270263671875
C12 400.019 83.107177734375
C12 424.965 85.67074584960938
C12 450.035 87.81153869628906
C12 475.003 90.40384674072266
C12 500.018 93.3650131225586
C12 525.002 94.1002197265625
C12 550.029 95.7502212524414
C12 575.023 97.13824462890625
C12 599.982 98.22956085205078
C12 619.997 98.76021575927734
C12 624.979 98.61346435546875
C12 650.012 98.9677963256836
C12 675.004 99.23961639404297
C12 700.03 99.18488311767578
C12 725.012 99.0234146118164
C12 750.022 98.86917877197266
C12 774.987 99.2801742553711
C12 799.976 98.30374908447266
C12 824.988 96.99529266357422
C12 850.022 94.7068862915039
C12 869.967 91.59327697753906
C12 875.002 91.17491912841797
C12 899.999 83.21539306640625
C12 919.999 74.27893829345703
C12 925.012 70.7743148803711
C12 949.965 57.68532180786133
C12 975.002 42.60953903198242
C12 999.976 25.877120971679688
C12 1025.028 11.232187271118164
C12 1050.014 3.971961259841919
C12 1075.002 0.9419218093374784
C12 1099.99 0.09345661659668157
C13 319.994 42.482662200927734
C13 324.969 47.97654342651367
C13 349.982 71.06507110595703
C13 374.975 75.99935913085938
C13 400.019 83.50404357910156
C13 424.965 85.91351318359375
C13 450.035 87.96575927734375
C13 475.003 90.50367736816406
C13 500.018 93.43474578857422
C13 525.002 94.14864349365234
C13 550.029 95.7893295288086
C13 575.023 97.17125701904297
C13 599.982 98.26275634765625
C13 619.997 98.79573822021484
C13 624.979 98.64979553222656
C13 650.012 99.00531005859375
C13 675.004 99.27885437011719
C13 700.03 99.2430648803711
C13 725.012 99.11418151855469
C13 750.022 99.0009536743164
C13 774.987 99.45558166503906
C13 799.976 98.4866943359375
C13 824.988 97.16545104980469
C13 850.022 94.89060974121094
C13 869.967 91.746337890625
C13 875.002 91.31153869628906
C13 899.999 83.36387634277344
C13 919.999 74.35624694824219
C13 925.012 70.84134674072266
C13 949.965 57.76597595214844
C13 975.002 42.64319610595703
C13 999.976 25.930742263793945
C13 1025.028 11.218624114990234
C13 1050.014 3.9667181968688965
C13 1075.002 0.9431772217253399
C13 1099.99 0.09358117746048153
C14 319.994 42.65990447998047
C14 324.969 48.17781448364258
C14 349.982 71.44188690185547
C14 374.975 76.41761779785156
C14 400.019 83.77132415771484
C14 424.965 86.07908630371094
C14 450.035 88.07002258300781
C14 475.003 90.57465362548828
C14 500.018 93.4814453125
C14 525.002 94.18365478515625
C14 550.029 95.81814575195312
C14 575.023 97.20072937011719
C14 599.982 98.28929138183594
C14 619.997 98.82283020019531
C14 624.979 98.67499542236328
C14 650.012 99.03154754638672
C14 675.004 99.31472778320312
C14 700.03 99.29080963134766
C14 725.012 99.19538879394531
C14 750.022 99.11964416503906
C14 774.987 99.60792541503906
C14 799.976 98.6528091430664
C14 824.988 97.31570434570312
C14 850.022 95.04084014892578
C14 869.967 91.87168884277344
C14 875.002 91.4461669921875
C14 899.999 83.4542465209961
C14 919.999 74.37210845947266
C14 925.012 70.8102035522461
C14 949.965 57.80723571777344
C14 975.002 42.70790100097656
C14 999.976 25.983610153198242
C14 1025.028 11.208893775939941
C14 1050.014 3.9586434364318848
C14 1075.002 0.9443079796361958
C14 1099.99 0.0936933702215907
C15 319.994 42.78087615966797
C15 324.969 48.31888961791992
C15 349.982 71.74984741210938
C15 374.975 76.74271392822266
C15 400.019 83.94770812988281
C15 424.965 86.1702651977539
C15 450.035 88.11106872558594
C15 475.003 90.58634948730469
C15 500.018 93.47482299804688
C15 525.002 94.16707611083984
C15 550.029 95.79548645019531
C15 575.023 97.17449188232422
C15 599.982 98.26702117919922
C15 619.997 98.80148315429688
C15 624.979 98.65573120117188
C15 650.012 99.01678466796875
C15 675.004 99.30182647705078
C15 700.03 99.2880630493164
C15 725.012 99.2169189453125
C15 750.022 99.1703872680664
C15 774.987 99.67514038085938
C15 799.976 98.7253189086914
C15 824.988 97.37744140625
C15 850.022 95.11429595947266
C15 869.967 91.92826843261719
C15 875.002 91.4875717163086
C15 899.999 83.49008178710938
C15 919.999 74.36502838134766
C15 925.012 70.84162902832031
C15 949.965 57.77821731567383
C15 975.002 42.6160888671875
C15 999.976 25.93433952331543
C15 1025.028 11.181755065917969
C15 1050.014 3.9524879455566406
C15 1075.002 0.9447914062480408
C15 1099.99 0.09374133536590307
C16 319.994 42.95880889892578
C16 324.969 48.52360153198242
C16 349.982 72.1189956665039
C16 374.975 77.0825424194336
C16 400.019 84.02980041503906
C16 424.965 86.12259674072266
C16 450.035 87.99274444580078
C16 475.003 90.42475891113281
C16 500.018 93.28154754638672
C16 525.002 93.95455169677734
C16 550.029 95.57083892822266
C16 575.023 96.94346618652344
C16 599.982 98.0289077758789
C16 619.997 98.56228637695312
C16 624.979 98.41305541992188
C16 650.012 98.77369689941406
C16 675.004 99.05647277832031
C16 700.03 99.04603576660156
C16 725.012 98.9726791381836
C16 750.022 98.92046356201172
C16 774.987 99.41490936279297
C16 799.976 98.45557403564453
C16 824.988 97.11787414550781
C16 850.022 94.85105895996094
C16 869.967 91.6642837524414
C16 875.002 91.22633361816406
C16 899.999 83.23419189453125
C16 919.999 74.14350891113281
C16 925.012 70.65033721923828
C16 949.965 57.612300872802734
C16 975.002 42.48723220825195
C16 999.976 25.861385345458984
C16 1025.028 11.164422988891602
C16 1050.014 3.9620296955108643
C16 1075.002 0.9424103954737567
C16 1099.99 0.09350509366426825
C17 319.994 43.12210464477539
C17 324.969 48.70681381225586
C17 349.982 72.38438415527344
C17 374.975 77.3387451171875
C17 400.019 84.20768737792969
C17 424.965 86.24861145019531
C17 450.035 88.09183502197266
C17 475.003 90.5054702758789
C17 500.018 93.3513412475586
C17 525.002 94.02104187011719
C17 550.029 95.63197326660156
C17 575.023 96.99835968017578
C17 599.982 98.0811767578125
C17 619.997 98.61265563964844
C17 624.979 98.46485900878906
C17 650.012 98.81926727294922
C17 675.004 99.09705352783203
C17 700.03 99.0741195678711
C17 725.012 98.9648666381836
C17 750.022 98.86609649658203
C17 774.987 99.30294036865234
C17 799.976 98.3232421875
C17 824.988 96.9941635131836
C17 850.022 94.70941925048828
C17 869.967 91.52762603759766
C17 875.002 91.08074951171875
C17 899.999 83.15681457519531
C17 919.999 74.14860534667969
C17 925.012 70.63928985595703
C17 949.965 57.48971176147461
C17 975.002 42.41741180419922
C17 999.976 25.8553524017334
C17 1025.028 11.219733238220215
C17 1050.014 3.9937784671783447
C17 1075.002 0.9418924438255589
C17 1099.99 0.09345370297756646
