lsstCam/transmission_sensor/r13_s22/19700101T000000.ecsv
# %ECSV 1.0
# ---
# datatype:
# - {name: amp_name, datatype: string}
# - {name: wavelength, unit: nm, datatype: float32}
# - {name: efficiency, unit: '%', datatype: float64}
# meta: !!omap
# - {MODE: AMP}
# - {TYPE: transmission_sensor}
# - {CALIBDATE: '1970-01-01T00:00:00'}
# - {INSTRUME: LSSTCam}
# - {OBSTYPE: transmission_sensor}
# - {DETECTOR: 62}
# - {PARQUETFILE: qe_raft_allvalues_nircorrected_20230725_adjust.parquet}
# - {CORRFILE: qe_corr_factor_bydetnum.parquet}
# - {CALIBCLS: lsst.ip.isr.IntermediateSensorTransmissionCurve}
# - {CALIB_ID: 'raftName=R13 detectorName=S22 detector=62 calibDate=1970-01-01T00:00:00 ccd=62 ccdnum=62 filter=None'}
# - {DATE: '2025-03-03T21:56:47.722206'}
# - {CALIB_CREATION_DATE: '2025-03-03'}
# - {CALIB_CREATION_TIME: '21:56:47'}
# - __serialized_columns__:
#     efficiency:
#       __class__: astropy.units.quantity.Quantity
#       unit: !astropy.units.Unit {unit: '%'}
#       value: !astropy.table.SerializedColumn {name: efficiency}
#     wavelength:
#       __class__: astropy.units.quantity.Quantity
#       unit: !astropy.units.Unit {unit: nm}
#       value: !astropy.table.SerializedColumn {name: wavelength}
# schema: astropy-2.0
amp_name wavelength efficiency
C00 319.994 43.00101723541904
C00 324.969 48.55416366338494
C00 349.982 71.75419441127494
C00 374.975 76.50645068805406
C00 400.019 83.90504669903518
C00 424.965 86.29573841742366
C00 450.035 88.35030880936583
C00 475.003 90.89893530917716
C00 500.018 93.83579177716919
C00 525.002 94.54465687756698
C00 550.029 96.18063490574954
C00 575.023 97.55254701638098
C00 599.982 98.63039680961009
C00 619.997 99.14838751309007
C00 624.979 99.00009824407488
C00 650.012 99.34091651569362
C00 675.004 99.58366318210497
C00 700.03 99.4189041053423
C00 725.012 98.95829085709367
C00 750.022 98.41792103984572
C00 774.987 98.44671270375981
C00 799.976 97.32670477764377
C00 824.988 96.07559413189345
C00 850.022 93.70746452513681
C00 869.967 90.65452641216908
C00 875.002 90.29097065596562
C00 899.999 82.84471132635974
C00 919.999 74.26660258386383
C00 925.012 70.80295626510451
C00 949.965 57.54242018071437
C00 975.002 42.52324793743346
C00 999.976 25.916094574450728
C00 1025.028 11.354284507993293
C00 1050.014 3.952203436130876
C00 1075.002 0.9376227051183441
C00 1099.99 0.09303006342556494
C01 319.994 43.20397330380715
C01 324.969 48.78621257967143
C01 349.982 72.27574594818921
C01 374.975 77.13131214402874
C01 400.019 84.26333364174165
C01 424.965 86.48562920082323
C01 450.035 88.44370634413377
C01 475.003 90.9316233026093
C01 500.018 93.8316971999653
C01 525.002 94.5201809132756
C01 550.029 96.14578143759506
C01 575.023 97.51693105712707
C01 599.982 98.59776219055492
C01 619.997 99.12263818866266
C01 624.979 98.97786400361579
C01 650.012 99.32146536774742
C01 675.004 99.57462003766585
C01 700.03 99.4340166789328
C01 725.012 99.01608768242971
C01 750.022 98.52809337880092
C01 774.987 98.61057204102518
C01 799.976 97.50768204009111
C01 824.988 96.24586601930493
C01 850.022 93.88011538477848
C01 869.967 90.7429677547908
C01 875.002 90.37563004273423
C01 899.999 83.05937544557946
C01 919.999 74.29257303071007
C01 925.012 70.8016676551465
C01 949.965 57.567509950340785
C01 975.002 42.45039191288388
C01 999.976 25.913696539943054
C01 1025.028 11.322503878969467
C01 1050.014 3.9495942869000484
C01 1075.002 0.938672310768217
C01 1099.99 0.09313420433389245
C02 319.994 43.2608437024574
C02 324.969 48.86018565368166
C02 349.982 72.59121139075225
C02 374.975 77.49058270025346
C02 400.019 84.34810740217516
C02 424.965 86.40820585458812
C02 450.035 88.26983549873303
C02 475.003 90.69632617423929
C02 500.018 93.55321257572415
C02 525.002 94.22183339589455
C02 550.029 95.83556193379603
C02 575.023 97.20172486153784
C02 599.982 98.2829296156044
C02 619.997 98.81381404357558
C02 624.979 98.66897123432976
C02 650.012 99.0190003984295
C02 675.004 99.28272319498589
C02 700.03 99.15695791304756
C02 725.012 98.78783597181834
C02 750.022 98.36012421450968
C02 774.987 98.49758610991312
C02 799.976 97.41006792954336
C02 824.988 96.13345958142844
C02 850.022 93.81622625555808
C02 869.967 90.6317508030294
C02 875.002 90.23261721212701
C02 899.999 82.87344961589689
C02 919.999 74.26218776039819
C02 925.012 70.80621972701003
C02 949.965 57.432415589801046
C02 975.002 42.277962175661045
C02 999.976 25.77804174844524
C02 1025.028 11.195170724707951
C02 1050.014 3.9262344189554423
C02 1075.002 0.93707207586291
C02 1099.99 0.09297543049669348
C03 319.994 43.499030672094214
C03 324.969 49.13510563203304
C03 349.982 73.15140597658512
C03 374.975 78.05834119779259
C03 400.019 84.6183418727206
C03 424.965 86.52012429816098
C03 450.035 88.29068963030217
C03 475.003 90.66205219932036
C03 500.018 93.4857016137815
C03 525.002 94.13440616643504
C03 550.029 95.73912205954139
C03 575.023 97.10308138800588
C03 599.982 98.18568912569538
C03 619.997 98.71884577714282
C03 624.979 98.57131137431604
C03 650.012 98.92941531915864
C03 675.004 99.19996241105484
C03 700.03 99.09757510622472
C03 725.012 98.77164828577764
C03 750.022 98.40171810398304
C03 774.987 98.59525359483783
C03 799.976 97.53072452111559
C03 824.988 96.23071532115945
C03 850.022 93.91104964868195
C03 869.967 90.78613237592897
C03 875.002 90.3973534141567
C03 899.999 82.80501603972394
C03 919.999 74.13867182720314
C03 925.012 70.69898297878761
C03 949.965 57.57765108196307
C03 975.002 42.360288339665416
C03 999.976 25.80082688872366
C03 1025.028 11.16442994292096
C03 1050.014 3.89340274360676
C03 1075.002 0.9374683378953509
C03 1099.99 0.0930147472515138
C04 319.994 43.686355672944224
C04 324.969 49.353894828100614
C04 349.982 73.64703281611912
C04 374.975 78.64465110378059
C04 400.019 84.99701782742557
C04 424.965 86.7688412698808
C04 450.035 88.46871605219475
C04 475.003 90.79604476022143
C04 500.018 93.59505808726031
C04 525.002 94.2321422755587
C04 550.029 95.83492144127253
C04 575.023 97.19615867651207
C04 599.982 98.28817555436841
C04 619.997 98.82385605135494
C04 624.979 98.67919623997298
C04 650.012 99.04414735488837
C04 675.004 99.32210586027094
C04 700.03 99.23923832758597
C04 725.012 98.9580087353869
C04 750.022 98.64510526291791
C04 774.987 98.88765368164341
C04 799.976 97.84299512597205
C04 824.988 96.5399969609062
C04 850.022 94.20043789564482
C04 869.967 91.07677873320588
C04 875.002 90.69600592797752
C04 899.999 83.05994731390402
C04 919.999 74.28733471685706
C04 925.012 70.7833907434934
C04 949.965 57.65130009725605
C04 975.002 42.54826527040543
C04 999.976 25.898010191800235
C04 1025.028 11.228000732107354
C04 1050.014 3.9058537467033516
C04 1075.002 0.9397870745095114
C04 1099.99 0.09324481016819128
C05 319.994 43.7726277283881
C05 324.969 49.45473046354341
C05 349.982 73.9744083696551
C05 374.975 79.05853889745677
C05 400.019 85.23684415292612
C05 424.965 86.90315407704362
C05 450.035 88.5368980063049
C05 475.003 90.8269713992139
C05 500.018 93.60648020392962
C05 525.002 94.2299158015484
C05 550.029 95.8252149295769
C05 575.023 97.19298671353849
C05 599.982 98.28721481558314
C05 619.997 98.82690601575261
C05 624.979 98.68421343140716
C05 650.012 99.05091827585122
C05 675.004 99.33890353919116
C05 700.03 99.27590652455707
C05 725.012 99.02673205817761
C05 750.022 98.75330274992561
C05 774.987 99.0360801990565
C05 799.976 98.00535998068254
C05 824.988 96.69320429751265
C05 850.022 94.35389685431409
C05 869.967 91.21916632111157
C05 875.002 90.82683415081601
C05 899.999 83.11385543463302
C05 919.999 74.40281399386423
C05 925.012 70.88550355152772
C05 949.965 57.65756777409328
C05 975.002 42.6024669502077
C05 999.976 25.91497180630683
C05 1025.028 11.250886902456445
C05 1050.014 3.9231496659013514
C05 1075.002 0.9408178660412609
C05 1099.99 0.09334708435700273
C06 319.994 43.974249437352235
C06 324.969 49.68330623287204
C06 349.982 74.38789204304857
C06 374.975 79.4587933502753
C06 400.019 85.43596107862867
C06 424.965 86.98808796060801
C06 450.035 88.56079447736072
C06 475.003 90.81522141137184
C06 500.018 93.5674559094613
C06 525.002 94.17908051995006
C06 550.029 95.76889733697375
C06 575.023 97.13187305191997
C06 599.982 98.22033672125302
C06 619.997 98.76020329437536
C06 624.979 98.61954656126535
C06 650.012 98.98787551175117
C06 675.004 99.27486191175088
C06 700.03 99.21563160314793
C06 725.012 98.97369317730197
C06 750.022 98.70798790388707
C06 774.987 98.98705964627479
C06 799.976 97.94962950622593
C06 824.988 96.63021490778956
C06 850.022 94.27400303691687
C06 869.967 91.1319754638929
C06 875.002 90.73477097547205
C06 899.999 82.95779638131472
C06 919.999 74.23362484381391
C06 925.012 70.69177743789808
C06 949.965 57.476380826593605
C06 975.002 42.44938161217715
C06 999.976 25.824891107821355
C06 1025.028 11.220137542644585
C06 1050.014 3.9286677186764662
C06 1075.002 0.9403861536147569
C06 1099.99 0.09330425024665107
C07 319.994 44.11768545051962
C07 324.969 49.848618115681795
C07 349.982 74.63798149874734
C07 374.975 79.68617582103334
C07 400.019 85.56148998832619
C07 424.965 87.05771102289606
C07 450.035 88.60642194475001
C07 475.003 90.83834776641726
C07 500.018 93.58426121329252
C07 525.002 94.1894122743472
C07 550.029 95.77274029211482
C07 575.023 97.13129355868442
C07 599.982 98.21847624297043
C07 619.997 98.75901380826026
C07 624.979 98.6133093840721
C07 650.012 98.980204851291
C07 675.004 99.26743524844252
C07 700.03 99.19372523386158
C07 725.012 98.91530160890838
C07 750.022 98.59964554357049
C07 774.987 98.82424492181565
C07 799.976 97.76857599466865
C07 824.988 96.45327884816916
C07 850.022 94.10392177228023
C07 869.967 90.9814520959564
C07 875.002 90.57537221113829
C07 899.999 82.81419643256096
C07 919.999 74.21373907594105
C07 925.012 70.71689389471298
C07 949.965 57.414580922985614
C07 975.002 42.3862092245902
C07 999.976 25.80963175469421
C07 1025.028 11.264101826323268
C07 1050.014 3.9686212991722
C07 1075.002 0.9393539820607169
C07 1099.99 0.09320183913329574
C10 319.994 41.39081903130786
C10 324.969 46.72238173332682
C10 349.982 68.75666652650206
C10 374.975 73.64611782679981
C10 400.019 82.13805745015027
C10 424.965 85.11154399055845
C10 450.035 87.47541127206932
C10 475.003 90.20508365852696
C10 500.018 93.25000799003978
C10 525.002 94.03204173633792
C10 550.029 95.70541232803603
C10 575.023 97.10030592040398
C10 599.982 98.18844171856428
C10 619.997 98.71627618213778
C10 624.979 98.57128087467207
C10 650.012 98.91216014557877
C10 675.004 99.16699992082692
C10 700.03 99.0806554287286
C10 725.012 98.85144297933195
C10 750.022 98.6100077976116
C10 774.987 98.94568687922026
C10 799.976 97.94312545714789
C10 824.988 96.65440875037416
C10 850.022 94.38455662142177
C10 869.967 91.33936541802414
C10 875.002 90.94718574594846
C10 899.999 82.96333969160752
C10 919.999 74.24490208717434
C10 925.012 70.67877696465297
C10 949.965 57.60621399854735
C10 975.002 42.60269569753753
C10 999.976 25.78311803293963
C10 1025.028 11.29181742467331
C10 1050.014 4.0088346031986735
C10 1075.002 0.9394527015556179
C10 1099.99 0.09321163399088807
C11 319.994 41.83108901702396
C11 324.969 47.228157329394094
C11 349.982 69.68666167064265
C11 374.975 74.61098168891688
C11 400.019 82.68255234424609
C11 424.965 85.42432546445153
C11 450.035 87.659888368663
C11 475.003 90.30911031922082
C11 500.018 93.30486922464306
C11 525.002 94.05766143727843
C11 550.029 95.71824505323927
C11 575.023 97.10960068690592
C11 599.982 98.1964402501972
C11 619.997 98.72700443190661
C11 624.979 98.5803011443782
C11 650.012 98.93235090989141
C11 675.004 99.19867380109683
C11 700.03 99.12760963063089
C11 725.012 98.92870620243617
C11 750.022 98.7346293429008
C11 774.987 99.10985121292539
C11 799.976 98.12029788900911
C11 824.988 96.82732648190063
C11 850.022 94.54867520566093
C11 869.967 91.4426219627076
C11 875.002 91.03150201172232
C11 899.999 83.11880400186826
C11 919.999 74.32613788890654
C11 925.012 70.7534019685532
C11 949.965 57.636282835052974
C11 975.002 42.626565481404874
C11 999.976 25.822862881496896
C11 1025.028 11.226516733805108
C11 1050.014 3.9882745072597507
C11 1075.002 0.9406399641332996
C11 1099.99 0.09332943309312995
C12 319.994 42.13881898738338
C12 324.969 47.58066458956695
C12 349.982 70.36205341177589
C12 374.975 75.28843215601856
C12 400.019 83.05833845768424
C12 424.965 85.62040005066737
C12 450.035 87.7599348258179
C12 475.003 90.35071945851618
C12 500.018 93.31014566305103
C12 525.002 94.04492021100712
C12 550.029 95.69395208681175
C12 575.023 97.08115976889755
C12 599.982 98.1718346624189
C12 619.997 98.70217772170949
C12 624.979 98.55551255873605
C12 650.012 98.9096363000397
C12 675.004 99.18129662894104
C12 700.03 99.12659551746866
C12 725.012 98.9652219011874
C12 750.022 98.81107670052866
C12 774.987 99.2218306557862
C12 799.976 98.2459792969265
C12 824.988 96.93829181159923
C12 850.022 94.65123025853292
C12 869.967 91.53945070742294
C12 875.002 91.12133871305599
C12 899.999 83.16649019522598
C12 919.999 74.23528707441065
C12 925.012 70.73272320993694
C12 949.965 57.651422095831954
C12 975.002 42.58449884744987
C12 999.976 25.861913863153692
C12 1025.028 11.225586494663816
C12 1050.014 3.969627072588029
C12 1075.002 0.941368273757022
C12 1099.99 0.09340169530491138
C13 319.994 42.457696577616325
C13 324.969 47.94834923507376
C13 349.982 71.0233085679259
C13 374.975 75.95469687869176
C13 400.019 83.45497107778054
C13 424.965 85.86302471850281
C13 450.035 87.91406477665466
C13 475.003 90.45049141887529
C13 500.018 93.37983734953802
C13 525.002 94.0933155210873
C13 550.029 95.73303738056802
C13 575.023 97.11415275876945
C13 599.982 98.20501065015468
C13 619.997 98.73767930729849
C13 624.979 98.59182238489043
C13 650.012 98.94712798739818
C13 675.004 99.22051154618421
C13 700.03 99.18474308871042
C13 725.012 99.05593546728541
C13 750.022 98.94277416322048
C13 774.987 99.39713498445386
C13 799.976 98.42881703765643
C13 824.988 97.10835020150287
C13 850.022 94.83484574018425
C13 869.967 91.69242167178858
C13 875.002 91.25787799422913
C13 899.999 83.3148862129951
C13 919.999 74.31255029751489
C13 925.012 70.79971567793199
C13 949.965 57.73202884240714
C13 975.002 42.618136142300784
C13 999.976 25.915503643848677
C13 1025.028 11.212031309143876
C13 1050.014 3.9643870907857335
C13 1075.002 0.9426229483814961
C13 1099.99 0.0935261829685058
C14 319.994 42.63483469737808
C14 324.969 48.14950201201175
C14 349.982 71.39990292192944
C14 374.975 76.37270974921579
C14 400.019 83.72209458464035
C14 424.965 86.02850053689895
C14 450.035 88.0182668103014
C14 475.003 90.52142596585432
C14 500.018 93.42650942973353
C14 525.002 94.12830623763969
C14 550.029 95.76183666939312
C14 575.023 97.14360778994005
C14 599.982 98.2315300905925
C14 619.997 98.76475536623889
C14 624.979 98.61700746590428
C14 650.012 98.97335005630723
C14 675.004 99.25636387767894
C14 700.03 99.23245978171212
C14 725.012 99.13709501990766
C14 750.022 99.06139490355724
C14 774.987 99.54938920718605
C14 799.976 98.59483422473315
C14 824.988 97.25851519862265
C14 850.022 94.98498786257103
C14 869.967 91.8176989594233
C14 875.002 91.39242717363278
C14 899.999 83.4052032837214
C14 919.999 74.32840248747182
C14 925.012 70.76859079125366
C14 949.965 57.773264361063774
C14 975.002 42.68280301244259
C14 999.976 25.968340464582987
C14 1025.028 11.202306688284649
C14 1050.014 3.956317075612247
C14 1075.002 0.9437530417841833
C14 1099.99 0.09363830979772494
C15 319.994 42.755735286102116
C15 324.969 48.29049424120551
C15 349.982 71.70768245421031
C15 374.975 76.69761483158965
C15 400.019 83.89837490191526
C15 424.965 86.11962584819062
C15 450.035 88.05928883145019
C15 475.003 90.53311495440843
C15 500.018 93.41989100699055
C15 525.002 94.11173730604929
C15 550.029 95.73919068374035
C15 575.023 97.117385721031
C15 599.982 98.20927297540042
C15 619.997 98.74342086527712
C15 624.979 98.59775456564392
C15 650.012 98.95859585353344
C15 675.004 99.24347015318776
C15 700.03 99.22971481375421
C15 725.012 99.15861251873329
C15 750.022 99.11210818657968
C15 774.987 99.61656467304495
C15 799.976 98.66730137882202
C15 824.988 97.32021597838771
C15 850.022 95.0584005056232
C15 869.967 91.87424529935628
C15 875.002 91.4338075655983
C15 899.999 83.44101749066115
C15 919.999 74.3213265700692
C15 925.012 70.79999779963876
C15 949.965 57.744263012097335
C15 975.002 42.59104483353839
C15 999.976 25.919098789382442
C15 1025.028 11.175183926764404
C15 1050.014 3.950165202110739
C15 1075.002 0.9442361843025637
C15 1099.99 0.09368624675454475
C16 319.994 42.93356346030885
C16 324.969 48.49508585300188
C16 349.982 72.07661377266469
C16 374.975 77.0372436170933
C16 400.019 83.98041894421286
C16 424.965 86.07198540429887
C16 450.035 87.94103408684114
C16 475.003 90.37161933955127
C16 500.018 93.2267291367745
C16 525.002 93.89933778539486
C16 550.029 95.51467517951612
C16 575.023 96.88649579121562
C16 599.982 97.97129950327145
C16 619.997 98.50436465578696
C16 624.979 98.35522139674042
C16 650.012 98.71565093943624
C16 675.004 98.99826064052527
C16 700.03 98.9878297622852
C16 725.012 98.91451624307598
C16 750.022 98.86233135223166
C16 774.987 99.35648658394378
C16 799.976 98.3977150257111
C16 824.988 97.06080125654303
C16 850.022 94.79531820159032
C16 869.967 91.61041575404596
C16 875.002 91.17272298824591
C16 899.999 83.1852779759157
C16 919.999 74.09993727935262
C16 925.012 70.60881840628119
C16 949.965 57.57844407270647
C16 975.002 42.46226389930185
C16 999.976 25.846187484228153
C16 1025.028 11.15786203521333
C16 1050.014 3.959701344701329
C16 1075.002 0.9418565727677578
C16 1099.99 0.0934501438841655
C17 319.994 43.09676324277321
C17 324.969 48.6781904656166
C17 349.982 72.34184630159794
C17 374.975 77.29329575318953
C17 400.019 84.15820136895361
C17 424.965 86.19792605919007
C17 450.035 88.04006643083382
C17 475.003 90.45228327295892
C17 500.018 93.29648182254942
C17 525.002 93.96578888470931
C17 550.029 95.57577359131265
C17 575.023 96.94135702581889
C17 599.982 98.02353776849272
C17 619.997 98.55470431817068
C17 624.979 98.40699454239103
C17 650.012 98.76119453280461
C17 675.004 99.03881754210343
C17 700.03 99.01589705965486
C17 725.012 98.90670833421791
C17 750.022 98.807996236487
C17 774.987 99.2445833901929
C17 799.976 98.26546094451669
C17 824.988 96.93716332477209
C17 850.022 94.65376172898299
C17 869.967 91.47383834831786
C17 875.002 91.02722443665458
C17 899.999 83.10794612861251
C17 919.999 74.10503071989673
C17 925.012 70.59777753516158
C17 949.965 57.455927002851666
C17 975.002 42.39248452633843
C17 999.976 25.84015808585949
C17 1025.028 11.213139780579658
C17 1050.014 3.991431458689818
C17 1075.002 0.9413389255022204
C17 1099.99 0.09339878339803165
