lsstCam/transmission_sensor/r13_s22/19700101T000000.ecsv
# %ECSV 0.9
# ---
# datatype:
# - {name: amp_name, datatype: string}
# - {name: wavelength, unit: nm, datatype: float32}
# - {name: efficiency, unit: '%', datatype: float32}
# meta: !!omap
# - {MODE: AMP}
# - {TYPE: transmission_sensor}
# - {CALIBDATE: '1970-01-01T00:00:00'}
# - {INSTRUME: LSSTCAM}
# - {OBSTYPE: transmission_sensor}
# - {DETECTOR: 62}
# - {CALIBCLS: lsst.ip.isr.IntermediateSensorTransmissionCurve}
# - {PICKLEFILE: RaftRun11808.p}
# - {CALIB_ID: 'raftName=R13 detectorName=S22 detector=62 calibDate=1970-01-01T00:00:00 ccd=62 ccdnum=62 filter=None'}
# - {DATE: '2020-07-23T19:15:38.273754'}
# - {CALIB_CREATION_DATE: '2020-07-23'}
# - {CALIB_CREATION_TIME: '19:15:38'}
# - __serialized_columns__:
#     efficiency:
#       __class__: astropy.units.quantity.Quantity
#       unit: !astropy.units.Unit {unit: '%'}
#       value: !astropy.table.SerializedColumn {name: efficiency}
#     wavelength:
#       __class__: astropy.units.quantity.Quantity
#       unit: !astropy.units.Unit {unit: nm}
#       value: !astropy.table.SerializedColumn {name: wavelength}
# schema: astropy-2.0
amp_name wavelength efficiency
C05 319.994 43.798367
C05 324.969 49.48381
C05 349.982 74.01791
C05 374.975 79.10503
C05 400.019 85.286964
C05 424.965 86.954254
C05 450.035 88.58896
C05 475.003 90.88038
C05 500.018 93.66152
C05 525.002 94.285324
C05 550.029 95.88156
C05 575.023 97.25014
C05 599.982 98.34501
C05 619.997 98.88502
C05 624.979 98.74224
C05 650.012 99.10916
C05 675.004 99.397316
C05 700.03 99.33428
C05 725.012 99.08496
C05 750.022 98.81137
C05 774.987 99.094315
C05 799.976 98.06299
C05 824.988 96.75006
C05 850.022 94.40938
C05 869.967 91.272804
C05 875.002 90.88024
C05 899.999 83.16273
C05 919.999 74.44656
C05 925.012 70.927185
C05 949.965 57.69147
C05 975.002 42.627518
C05 999.976 25.93021
C05 1025.028 11.257503
C05 1050.014 3.9254565
C05 1075.002 2.1489599
C05 1099.99 1.7117548
C10 319.994 41.415157
C10 324.969 46.749855
C10 349.982 68.7971
C10 374.975 73.68942
C10 400.019 82.186356
C10 424.965 85.16159
C10 450.035 87.52685
C10 475.003 90.258125
C10 500.018 93.30484
C10 525.002 94.08733
C10 550.029 95.76169
C10 575.023 97.1574
C10 599.982 98.24618
C10 619.997 98.77432
C10 624.979 98.62924
C10 650.012 98.97032
C10 675.004 99.22531
C10 700.03 99.138916
C10 725.012 98.90957
C10 750.022 98.66799
C10 774.987 99.00387
C10 799.976 98.00072
C10 824.988 96.71124
C10 850.022 94.440056
C10 869.967 91.393074
C10 875.002 91.00066
C10 899.999 83.01212
C10 919.999 74.28856
C10 925.012 70.72034
C10 949.965 57.640087
C10 975.002 42.627747
C10 999.976 25.798279
C10 1025.028 11.298457
C10 1050.014 4.011192
C10 1075.002 2.1883469
C10 1099.99 1.714389
C13 319.994 42.482662
C13 324.969 47.976543
C13 349.982 71.06507
C13 374.975 75.99936
C13 400.019 83.50404
C13 424.965 85.91351
C13 450.035 87.96576
C13 475.003 90.50368
C13 500.018 93.434746
C13 525.002 94.14864
C13 550.029 95.78933
C13 575.023 97.17126
C13 599.982 98.26276
C13 619.997 98.79574
C13 624.979 98.649796
C13 650.012 99.00531
C13 675.004 99.278854
C13 700.03 99.243065
C13 725.012 99.11418
C13 750.022 99.00095
C13 774.987 99.45558
C13 799.976 98.486694
C13 824.988 97.16545
C13 850.022 94.89061
C13 869.967 91.74634
C13 875.002 91.31154
C13 899.999 83.36388
C13 919.999 74.35625
C13 925.012 70.84135
C13 949.965 57.765976
C13 975.002 42.643196
C13 999.976 25.930742
C13 1025.028 11.218624
C13 1050.014 3.9667182
C13 1075.002 2.1967645
C13 1099.99 1.7252799
C06 319.994 44.000107
C06 324.969 49.71252
C06 349.982 74.43163
C06 374.975 79.505516
C06 400.019 85.4862
C06 424.965 87.03924
C06 450.035 88.61287
C06 475.003 90.86862
C06 500.018 93.622475
C06 525.002 94.23446
C06 550.029 95.82521
C06 575.023 97.18899
C06 599.982 98.27809
C06 619.997 98.818275
C06 624.979 98.677536
C06 650.012 99.04608
C06 675.004 99.33324
C06 700.03 99.27397
C06 725.012 99.03189
C06 750.022 98.76603
C06 774.987 99.045265
C06 799.976 98.007225
C06 824.988 96.687035
C06 850.022 94.32944
C06 869.967 91.18556
C06 875.002 90.788124
C06 899.999 83.00658
C06 919.999 74.277275
C06 925.012 70.733345
C06 949.965 57.510178
C06 975.002 42.474342
C06 999.976 25.840076
C06 1025.028 11.226735
C06 1050.014 3.9309778
C06 1075.002 2.1512876
C06 1099.99 1.709273
C17 319.994 43.122105
C17 324.969 48.706814
C17 349.982 72.384384
C17 374.975 77.338745
C17 400.019 84.20769
C17 424.965 86.24861
C17 450.035 88.091835
C17 475.003 90.50547
C17 500.018 93.35134
C17 525.002 94.02104
C17 550.029 95.63197
C17 575.023 96.99836
C17 599.982 98.08118
C17 619.997 98.612656
C17 624.979 98.46486
C17 650.012 98.81927
C17 675.004 99.09705
C17 700.03 99.07412
C17 725.012 98.96487
C17 750.022 98.8661
C17 774.987 99.30294
C17 799.976 98.32324
C17 824.988 96.99416
C17 850.022 94.70942
C17 869.967 91.527626
C17 875.002 91.08075
C17 899.999 83.156815
C17 919.999 74.148605
C17 925.012 70.63929
C17 949.965 57.48971
C17 975.002 42.41741
C17 999.976 25.855352
C17 1025.028 11.219733
C17 1050.014 3.9937785
C17 1075.002 2.208157
C17 1099.99 1.72406
C07 319.994 44.143627
C07 324.969 49.87793
C07 349.982 74.68187
C07 374.975 79.73303
C07 400.019 85.6118
C07 424.965 87.1089
C07 450.035 88.65852
C07 475.003 90.89176
C07 500.018 93.63929
C07 525.002 94.2448
C07 550.029 95.829056
C07 575.023 97.18841
C07 599.982 98.27623
C07 619.997 98.817085
C07 624.979 98.671295
C07 650.012 99.03841
C07 675.004 99.325806
C07 700.03 99.25205
C07 725.012 98.973465
C07 750.022 98.65762
C07 774.987 98.882355
C07 799.976 97.826065
C07 824.988 96.509995
C07 850.022 94.159256
C07 869.967 91.03495
C07 875.002 90.62863
C07 899.999 82.86289
C07 919.999 74.25738
C07 925.012 70.75848
C07 949.965 57.44834
C07 975.002 42.411133
C07 999.976 25.824808
C07 1025.028 11.270725
C07 1050.014 3.970955
C07 1075.002 2.1637
C07 1099.99 1.7096411
C11 319.994 41.855686
C11 324.969 47.255928
C11 349.982 69.72764
C11 374.975 74.654854
C11 400.019 82.73117
C11 424.965 85.474556
C11 450.035 87.71143
C11 475.003 90.36221
C11 500.018 93.35973
C11 525.002 94.11297
C11 550.029 95.77453
C11 575.023 97.1667
C11 599.982 98.25418
C11 619.997 98.78506
C11 624.979 98.63827
C11 650.012 98.990524
C11 675.004 99.257
C11 700.03 99.1859
C11 725.012 98.98688
C11 750.022 98.79269
C11 774.987 99.16813
C11 799.976 98.17799
C11 824.988 96.88426
C11 850.022 94.60427
C11 869.967 91.49639
C11 875.002 91.08503
C11 899.999 83.16768
C11 919.999 74.36984
C11 925.012 70.795006
C11 949.965 57.670174
C11 975.002 42.65163
C11 999.976 25.838047
C11 1025.028 11.233118
C11 1050.014 3.9906197
C11 1075.002 2.1933901
C11 1099.99 1.7201142
C12 319.994 42.163597
C12 324.969 47.608643
C12 349.982 70.40343
C12 374.975 75.3327
C12 400.019 83.10718
C12 424.965 85.670746
C12 450.035 87.81154
C12 475.003 90.40385
C12 500.018 93.36501
C12 525.002 94.10022
C12 550.029 95.75022
C12 575.023 97.138245
C12 599.982 98.22956
C12 619.997 98.760216
C12 624.979 98.613464
C12 650.012 98.9678
C12 675.004 99.23962
C12 700.03 99.18488
C12 725.012 99.023415
C12 750.022 98.86918
C12 774.987 99.280174
C12 799.976 98.30375
C12 824.988 96.99529
C12 850.022 94.70689
C12 869.967 91.59328
C12 875.002 91.17492
C12 899.999 83.21539
C12 919.999 74.27894
C12 925.012 70.774315
C12 949.965 57.68532
C12 975.002 42.60954
C12 999.976 25.877121
C12 1025.028 11.232187
C12 1050.014 3.9719613
C12 1075.002 2.1920085
C12 1099.99 1.7217513
C01 319.994 43.229378
C01 324.969 48.8149
C01 349.982 72.318245
C01 374.975 77.17667
C01 400.019 84.31288
C01 424.965 86.53648
C01 450.035 88.49571
C01 475.003 90.98509
C01 500.018 93.88687
C01 525.002 94.57576
C01 550.029 96.20232
C01 575.023 97.57427
C01 599.982 98.65574
C01 619.997 99.18092
C01 624.979 99.036064
C01 650.012 99.37987
C01 675.004 99.63317
C01 700.03 99.492485
C01 725.012 99.07431
C01 750.022 98.58603
C01 774.987 98.66856
C01 799.976 97.56502
C01 824.988 96.30246
C01 850.022 93.93532
C01 869.967 90.796326
C01 875.002 90.42877
C01 899.999 83.108215
C01 919.999 74.33626
C01 925.012 70.8433
C01 949.965 57.60136
C01 975.002 42.475353
C01 999.976 25.928934
C01 1025.028 11.329162
C01 1050.014 3.9519167
C01 1075.002 2.1653185
C01 1099.99 1.6973729
C04 319.994 43.712044
C04 324.969 49.382915
C04 349.982 73.69034
C04 374.975 78.690895
C04 400.019 85.047
C04 424.965 86.81986
C04 450.035 88.52074
C04 475.003 90.849434
C04 500.018 93.65009
C04 525.002 94.28755
C04 550.029 95.89127
C04 575.023 97.25331
C04 599.982 98.34597
C04 619.997 98.881966
C04 624.979 98.73722
C04 650.012 99.10239
C04 675.004 99.38051
C04 700.03 99.29759
C04 725.012 99.0162
C04 750.022 98.70311
C04 774.987 98.9458
C04 799.976 97.90053
C04 824.988 96.59676
C04 850.022 94.25583
C04 869.967 91.13033
C04 875.002 90.74934
C04 899.999 83.10879
C04 919.999 74.33102
C04 925.012 70.82501
C04 949.965 57.6852
C04 975.002 42.573284
C04 999.976 25.913239
C04 1025.028 11.234603
C04 1050.014 3.9081504
C04 1075.002 2.1450887
C04 1099.99 1.7086416
C03 319.994 43.52461
C03 324.969 49.163998
C03 349.982 73.19442
C03 374.975 78.10424
C03 400.019 84.6681
C03 424.965 86.571
C03 450.035 88.342606
C03 475.003 90.71536
C03 500.018 93.54067
C03 525.002 94.18976
C03 550.029 95.79542
C03 575.023 97.16018
C03 599.982 98.24342
C03 619.997 98.77689
C03 624.979 98.62927
C03 650.012 98.98759
C03 675.004 99.25829
C03 700.03 99.155846
C03 725.012 98.82973
C03 750.022 98.45958
C03 774.987 98.65323
C03 799.976 97.58807
C03 824.988 96.2873
C03 850.022 93.96627
C03 869.967 90.839516
C03 875.002 90.45051
C03 899.999 82.85371
C03 919.999 74.18227
C03 925.012 70.740555
C03 949.965 57.611507
C03 975.002 42.385197
C03 999.976 25.815998
C03 1025.028 11.170995
C03 1050.014 3.895692
C03 1075.002 2.1494684
C03 1099.99 1.7051544
C15 319.994 42.780876
C15 324.969 48.31889
C15 349.982 71.74985
C15 374.975 76.742714
C15 400.019 83.94771
C15 424.965 86.170265
C15 450.035 88.11107
C15 475.003 90.58635
C15 500.018 93.47482
C15 525.002 94.167076
C15 550.029 95.79549
C15 575.023 97.17449
C15 599.982 98.26702
C15 619.997 98.80148
C15 624.979 98.65573
C15 650.012 99.016785
C15 675.004 99.30183
C15 700.03 99.28806
C15 725.012 99.21692
C15 750.022 99.17039
C15 774.987 99.67514
C15 799.976 98.72532
C15 824.988 97.37744
C15 850.022 95.114296
C15 869.967 91.92827
C15 875.002 91.48757
C15 899.999 83.49008
C15 919.999 74.36503
C15 925.012 70.84163
C15 949.965 57.778217
C15 975.002 42.61609
C15 999.976 25.93434
C15 1025.028 11.181755
C15 1050.014 3.952488
C15 1075.002 2.199316
C15 1099.99 1.7302387
C14 319.994 42.659904
C14 324.969 48.177814
C14 349.982 71.44189
C14 374.975 76.41762
C14 400.019 83.771324
C14 424.965 86.07909
C14 450.035 88.07002
C14 475.003 90.57465
C14 500.018 93.481445
C14 525.002 94.183655
C14 550.029 95.818146
C14 575.023 97.20073
C14 599.982 98.28929
C14 619.997 98.82283
C14 624.979 98.674995
C14 650.012 99.03155
C14 675.004 99.31473
C14 700.03 99.29081
C14 725.012 99.19539
C14 750.022 99.119644
C14 774.987 99.607925
C14 799.976 98.65281
C14 824.988 97.315704
C14 850.022 95.04084
C14 869.967 91.87169
C14 875.002 91.44617
C14 899.999 83.45425
C14 919.999 74.37211
C14 925.012 70.8102
C14 949.965 57.807236
C14 975.002 42.7079
C14 999.976 25.98361
C14 1025.028 11.208894
C14 1050.014 3.9586434
C14 1075.002 2.1972182
C14 1099.99 1.729271
C00 319.994 43.026302
C00 324.969 48.582714
C00 349.982 71.79639
C00 374.975 76.55144
C00 400.019 83.954384
C00 424.965 86.34648
C00 450.035 88.40226
C00 475.003 90.952385
C00 500.018 93.89097
C00 525.002 94.60025
C00 550.029 96.23719
C00 575.023 97.60991
C00 599.982 98.68839
C00 619.997 99.20669
C00 624.979 99.05831
C00 650.012 99.39933
C00 675.004 99.64222
C00 700.03 99.47736
C00 725.012 99.01648
C00 750.022 98.47579
C00 774.987 98.5046
C00 799.976 97.383934
C00 824.988 96.13209
C00 850.022 93.762566
C00 869.967 90.70783
C00 875.002 90.34406
C00 899.999 82.893425
C00 919.999 74.31027
C00 925.012 70.84459
C00 949.965 57.576256
C00 975.002 42.548252
C00 999.976 25.931334
C00 1025.028 11.360961
C00 1050.014 3.9545274
C00 1075.002 2.158567
C00 1099.99 1.6932192
C16 319.994 42.95881
C16 324.969 48.5236
C16 349.982 72.118996
C16 374.975 77.08254
C16 400.019 84.0298
C16 424.965 86.1226
C16 450.035 87.992744
C16 475.003 90.42476
C16 500.018 93.28155
C16 525.002 93.95455
C16 550.029 95.57084
C16 575.023 96.94347
C16 599.982 98.02891
C16 619.997 98.56229
C16 624.979 98.413055
C16 650.012 98.7737
C16 675.004 99.05647
C16 700.03 99.046036
C16 725.012 98.97268
C16 750.022 98.92046
C16 774.987 99.41491
C16 799.976 98.455574
C16 824.988 97.117874
C16 850.022 94.85106
C16 869.967 91.66428
C16 875.002 91.22633
C16 899.999 83.23419
C16 919.999 74.14351
C16 925.012 70.65034
C16 949.965 57.6123
C16 975.002 42.487232
C16 999.976 25.861385
C16 1025.028 11.164423
C16 1050.014 3.9620297
C16 1075.002 2.2025828
C16 1099.99 1.7273773
C02 319.994 43.28628
C02 324.969 48.888916
C02 349.982 72.633896
C02 374.975 77.53615
C02 400.019 84.397705
C02 424.965 86.459015
C02 450.035 88.32174
C02 475.003 90.74966
C02 500.018 93.60822
C02 525.002 94.27724
C02 550.029 95.891914
C02 575.023 97.25888
C02 599.982 98.34072
C02 619.997 98.87192
C02 624.979 98.72699
C02 650.012 99.077225
C02 675.004 99.3411
C02 700.03 99.21526
C02 725.012 98.845924
C02 750.022 98.41796
C02 774.987 98.555504
C02 799.976 97.46735
C02 824.988 96.18999
C02 850.022 93.87139
C02 869.967 90.68504
C02 875.002 90.285675
C02 899.999 82.92218
C02 919.999 74.305855
C02 925.012 70.847855
C02 949.965 57.466187
C02 975.002 42.302822
C02 999.976 25.7932
C02 1025.028 11.201754
C02 1050.014 3.928543
C02 1075.002 2.167192
C02 1099.99 1.6991961
