lsstCam/transmission_filter_detector/r41_s12/y_10/19700101T000000.ecsv
# %ECSV 1.0
# ---
# datatype:
# - {name: wavelength, unit: nm, datatype: float32}
# - {name: efficiency, unit: '%', datatype: float64}
# meta: !!omap
# - {MODE: DETECTOR}
# - {TYPE: transmission_filter_detector}
# - {CALIBDATE: '1970-01-01T00:00:00'}
# - {INSTRUME: LSSTCam}
# - {OBSTYPE: transmission_filter_detector}
# - {CALIBCLS: lsst.ip.isr.IntermediateFilterDetectorTransmissionCurve}
# - {SOURCE: Materion (DM-46256)}
# - {DETECTOR: 167}
# - {FILTER: y_10}
# - {CALIB_ID: 'calibDate=1970-01-01T00:00:00 filter=y_10 detector=167'}
# - {DATE: '2025-04-02T15:59:51.516676'}
# - {CALIB_CREATION_DATE: '2025-04-02'}
# - {CALIB_CREATION_TIME: '15:59:51'}
# - __serialized_columns__:
#     efficiency:
#       __class__: astropy.units.quantity.Quantity
#       unit: !astropy.units.Unit {unit: '%'}
#       value: !astropy.table.SerializedColumn {name: efficiency}
#     wavelength:
#       __class__: astropy.units.quantity.Quantity
#       unit: !astropy.units.Unit {unit: nm}
#       value: !astropy.table.SerializedColumn {name: wavelength}
# schema: astropy-2.0
wavelength efficiency
300.0 0.02408690343145281
301.0 0.023722251353319734
302.0 0.023357599275186658
303.0 0.01852812129072845
304.0 0.013698641851078719
305.0 0.01054257299983874
306.0 0.00738650414859876
307.0 0.008525031444150954
308.0 0.009663558739703149
309.0 0.010642516281222925
310.0 0.0116214738227427
311.0 0.007927624392323196
312.0 0.0042337735067121685
313.0 0.004837879168917425
314.0 0.00544198410352692
315.0 0.0052092684200033545
316.0 0.0049765534640755504
317.0 0.004303685636841692
318.0 0.0036308181734057143
319.0 0.0027192059860681184
320.0 0.001807593616831582
321.0 0.0029318747692741454
322.0 0.00405615646741353
323.0 0.0030328244974953122
324.0 0.002009492709476035
325.0 0.0027586920623434708
326.0 0.0035078908695140854
327.0 0.0028241596737643704
328.0 0.0021404281142167747
329.0 0.002344895801797975
330.0 0.002549363489379175
331.0 0.002546361065469682
332.0 0.0025433586415601894
333.0 0.002386190135439392
334.0 0.0022290214474196546
335.0 0.0024616223527118564
336.0 0.002694223076105118
337.0 0.002247258998977486
338.0 0.001800295285647735
339.0 0.0016374771803384647
340.0 0.001474658893130254
341.0 0.001599207280378323
342.0 0.0017237558495253325
343.0 0.0018249125787406228
344.0 0.0019260693079559132
345.0 0.0012626634088519495
346.0 0.0005992574187985156
347.0 0.0007126944183255546
348.0 0.0008261312359536532
349.0 0.0012350651559245307
350.0 0.001643998984945938
351.0 0.001655843880143948
352.0 0.0016676887753419578
353.0 0.0014884339179843664
354.0 0.0013091787877783645
355.0 0.001711267395876348
356.0 0.002113356276822742
357.0 0.0014676276805403177
358.0 0.0008218989023589529
359.0 0.0007876402378315106
360.0 0.0007533813914051279
361.0 0.0007779836778354365
362.0 0.0008025860552152153
363.0 0.0008047805749811232
364.0 0.0008069751856965013
365.0 0.001167212576547172
366.0 0.001527450149296783
367.0 0.0016676149243721738
368.0 0.0018077796994475648
369.0 0.001615351538930554
370.0 0.0014229231965146028
371.0 0.0015982213881216012
372.0 0.0017735195797285996
373.0 0.0020461846361286007
374.0 0.002318849328730721
375.0 0.0030732502636965364
376.0 0.0038276510167634115
377.0 0.00423950441472698
378.0 0.004651358176488429
379.0 0.004439201802597381
380.0 0.004227045064908452
381.0 0.0033811542380135506
382.0 0.0025352632292197086
383.0 0.0018893157175625674
384.0 0.0012433679330570158
385.0 0.0009592060450813733
386.0 0.0006750441571057308
387.0 0.0007098426522134105
388.0 0.0007446412382705603
389.0 0.000646564058115473
390.0 0.0005484869234351208
391.0 0.0005380238235375145
392.0 0.0005275607236399082
393.0 0.0005998617780278437
394.0 0.0006721628324157791
395.0 0.0007382080184470396
396.0 0.0008042531590035651
397.0 0.0008472521585645154
398.0 0.0008902512490749359
399.0 0.0010852309060283005
400.0 0.0012802106539311353
401.0 0.0016105852409964427
402.0 0.0019409595552133396
403.0 0.0019382719983696006
404.0 0.0019355842596269213
405.0 0.0019344641259522177
406.0 0.0019333436284796335
407.0 0.0018069637008011341
408.0 0.0016805835912236944
409.0 0.0016065407180576585
410.0 0.0015324978448916227
411.0 0.0008378195161640178
412.0 0.000143141437547456
413.0 0.0004782346422871342
414.0 0.0008133277333399747
415.0 0.0003585862032196019
416.0 1.6572204762990705e-10
417.0 1.6572204762990705e-10
418.0 1.6572204762990705e-10
419.0 0.00015745685004731058
420.0 0.0005295640221447684
421.0 0.0002782920773825026
422.0 2.70202292540489e-05
423.0 1.158941529411095e-05
424.0 1.6572204762990705e-10
425.0 1.6572204762990705e-10
426.0 1.6572204762990705e-10
427.0 1.6572204762990705e-10
428.0 1.6572204762990705e-10
429.0 1.6572204762990705e-10
430.0 1.6572204762990705e-10
431.0 1.6572204762990705e-10
432.0 1.6572204762990705e-10
433.0 1.6572204762990705e-10
434.0 4.6579410195590754e-05
435.0 1.6572204762990705e-10
436.0 1.6572204762990705e-10
437.0 1.6572204762990705e-10
438.0 1.6572204762990705e-10
439.0 5.0658610462051e-05
440.0 0.0001320239562119241
441.0 1.6572204762990705e-10
442.0 1.6572204762990705e-10
443.0 1.6572204762990705e-10
444.0 1.6572204762990705e-10
445.0 0.00015684971685914206
446.0 0.00042781712181749754
447.0 0.0003919268237950746
448.0 0.00035603632113634376
449.0 0.00024877335818018764
450.0 0.00014151013374430477
451.0 1.6572204762990705e-10
452.0 1.6572204762990705e-10
453.0 1.6572204762990705e-10
454.0 1.6572204762990705e-10
455.0 1.6572204762990705e-10
456.0 0.00019337230696692131
457.0 1.569071628182428e-05
458.0 1.6572204762990705e-10
459.0 1.6572204762990705e-10
460.0 1.6572204762990705e-10
461.0 1.6572204762990705e-10
462.0 0.0001298667598348402
463.0 0.0002735257339736563
464.0 0.00041718462853168603
465.0 0.00042015331018774305
466.0 0.00042312208279327024
467.0 0.0005384077212511329
468.0 0.0006536933597089956
469.0 0.0010534096873016097
470.0 0.0014531259694194887
471.0 0.0015154460925259627
472.0 0.0015777664884808473
473.0 0.0019094910385319963
474.0 0.0022412155885831453
475.0 0.0024228009351645596
476.0 0.002604386281745974
477.0 0.0024977876819320954
478.0 0.0023911889002192765
479.0 0.0027477806725073606
480.0 0.0031043724447954446
481.0 0.0032655560062266886
482.0 0.0034267399314558133
483.0 0.0035651166399475187
484.0 0.003703493348439224
485.0 0.0033462816645624116
486.0 0.00298907052638242
487.0 0.002453115666867234
488.0 0.0019171604435541667
489.0 0.002022282023972366
490.0 0.002127403422491625
491.0 0.0018395965525996871
492.0 0.001551789500808809
493.0 0.0016520669305464253
494.0 0.0017523441783851013
495.0 0.0017301976185990497
496.0 0.0017080512407119386
497.0 0.0014265085155784618
498.0 0.0011449658813944552
499.0 0.0015643774531781673
500.0 0.001983788752113469
501.0 0.002082283936033491
502.0 0.002180778938054573
503.0 0.0024862367354216985
504.0 0.0027916947146877646
505.0 0.0022758085833629593
506.0 0.0017599220882402733
507.0 0.0018128448573406786
508.0 0.0018657676264410838
509.0 0.0018001774151343852
510.0 0.0017345870219287463
511.0 0.0017390399079886265
512.0 0.0017434926121495664
513.0 0.001973696635104716
514.0 0.0022039006580598652
515.0 0.0020170155039522797
516.0 0.0018301301679457538
517.0 0.0015368676031357609
518.0 0.0012436047654773574
519.0 0.0012404252629494295
520.0 0.0012372458513709716
521.0 0.0012137104931753129
522.0 0.001190175134979654
523.0 0.00131860524561489
524.0 0.001447035356250126
525.0 0.0017664886399870738
526.0 0.0020859422875219025
527.0 0.00215422514884267
528.0 0.0022225080101634376
529.0 0.0022776221157982945
530.0 0.002332736039534211
531.0 0.002234212661278434
532.0 0.002135689283022657
533.0 0.001958162465598434
534.0 0.0017806356481742114
535.0 0.001656092172197532
536.0 0.0015315486962208524
537.0 0.001633143619983457
538.0 0.0017347385437460616
539.0 0.002370033325860277
540.0 0.0030053282898734324
541.0 0.0037133198929950595
542.0 0.004421311678015627
543.0 0.004591368997353129
544.0 0.004761426316690631
545.0 0.004714313035947271
546.0 0.00466719975520391
547.0 0.00422493030782789
548.0 0.0037826612242497504
549.0 0.003129622564301826
550.0 0.002476584086252842
551.0 0.0022101745344116352
552.0 0.001943764800671488
553.0 0.002028140806942247
554.0 0.002112516995111946
555.0 0.0026069859814015217
556.0 0.0031014551495900378
557.0 0.003928941077901982
558.0 0.0047564273700118065
559.0 0.004521101072896272
560.0 0.004285775139578618
561.0 0.003934139022021554
562.0 0.0035825032682623714
563.0 0.003508353984216228
564.0 0.003434204700170085
565.0 0.0036441928386921063
566.0 0.0038541809772141278
567.0 0.00437718590546865
568.0 0.004900190469925292
569.0 0.005469809184432961
570.0 0.00603942789894063
571.0 0.006518554437207058
572.0 0.006997681339271367
573.0 0.007306989573407918
574.0 0.007616297079948708
575.0 0.007278855628101155
576.0 0.006941411993466318
577.0 0.006267795106396079
578.0 0.005594177491730079
579.0 0.005290743138175458
580.0 0.004987309148418717
581.0 0.005542041981243528
582.0 0.0060967751778662205
583.0 0.0074511030106805265
584.0 0.008805432298686355
585.0 0.009915450209518895
586.0 0.011025470303138718
587.0 0.01110311714001
588.0 0.011180766887264326
589.0 0.010747207124950364
590.0 0.010313650273019448
591.0 0.009747481090016663
592.0 0.009181313362205401
593.0 0.008133066876325756
594.0 0.00708481966285035
595.0 0.00622944935457781
596.0 0.005374078318709508
597.0 0.005276167576084845
598.0 0.005178256833460182
599.0 0.006021825538482517
600.0 0.0068653949711006135
601.0 0.008113566582323983
602.0 0.009361738193547353
603.0 0.010285058669978753
604.0 0.011208378418814391
605.0 0.01085176772903651
606.0 0.010495157039258629
607.0 0.009961258911062032
608.0 0.009427360055269673
609.0 0.008179313590517268
610.0 0.006931267125764862
611.0 0.005374652391765267
612.0 0.0038180376577656716
613.0 0.003611352076404728
614.0 0.0034046664950437844
615.0 0.0037738420360255986
616.0 0.004143017213209532
617.0 0.005401630915002897
618.0 0.0066602435254026204
619.0 0.0082393191405572
620.0 0.009818394755711779
621.0 0.010640562686603516
622.0 0.011462730617495254
623.0 0.011455619824118912
624.0 0.011448506120359525
625.0 0.010969652066705748
626.0 0.010490796557860449
627.0 0.009076294372789562
628.0 0.007661792915314436
629.0 0.006214977474883199
630.0 0.004768160943058319
631.0 0.003914801709470339
632.0 0.003061442112084478
633.0 0.0029289190933923237
634.0 0.002796395892801229
635.0 0.002850774399121292
636.0 0.0029051527235424146
637.0 0.003332127016619779
638.0 0.0037591016734950244
639.0 0.004544377588899806
640.0 0.005329653504304588
641.0 0.005501634223037399
642.0 0.005673615305568092
643.0 0.005730944758397527
644.0 0.005788273847429082
645.0 0.0052523108024615794
646.0 0.004716347757494077
647.0 0.004265957613824867
648.0 0.0038155671063577756
649.0 0.0029975082725286484
650.0 0.002179449438699521
651.0 0.002028548806265462
652.0 0.001877647991932463
653.0 0.0017557458704686724
654.0 0.0016338437490048818
655.0 0.0017673235561233014
656.0 0.001900803363241721
657.0 0.0017787306205718778
658.0 0.0016566576960030943
659.0 0.0014253394510888029
660.0 0.0011940213880734518
661.0 0.0014420940715353936
662.0 0.0016901669368962757
663.0 0.0018085922420141287
664.0 0.0019270179109298624
665.0 0.002302259781572502
666.0 0.002677502197911963
667.0 0.003022185410372913
668.0 0.0033668689866317436
669.0 0.0042664782085921615
670.0 0.005166087066754699
671.0 0.006129968096502125
672.0 0.00709384839865379
673.0 0.007485703827114776
674.0 0.007877556345192716
675.0 0.007657749665668234
676.0 0.007437942986143753
677.0 0.006847509212093428
678.0 0.00625707398285158
679.0 0.00526011899637524
680.0 0.00426316364610102
681.0 0.002871253491321113
682.0 0.0014793426998949144
683.0 0.0008290026016766205
684.0 0.00017866243524622405
685.0 0.00011075710517616244
686.0 4.285173531570763e-05
687.0 0.0001337597382189415
688.0 0.00022466783775598742
689.0 0.00018587114709589514
690.0 0.00014707449054185417
691.0 0.0001079263824976806
692.0 6.877823466311384e-05
693.0 0.0002412585899946862
694.0 0.0004137389169045491
695.0 0.0003739647354450426
696.0 0.0003341906449350063
697.0 0.00041585922190279234
698.0 0.0004975277533958433
699.0 0.0003344074912092765
700.0 0.00017128711533587193
701.0 8.042556487453112e-05
702.0 1.6572204762990705e-10
703.0 8.919175229493703e-05
704.0 0.00018881974028772675
705.0 0.00014465924778050976
706.0 0.00010049872116724146
707.0 7.007818112469977e-05
708.0 3.965763539781619e-05
709.0 0.0002909448767240974
710.0 0.0005422320555226179
711.0 0.00029327745778573444
712.0 4.43228401536544e-05
713.0 8.8146390453403e-05
714.0 0.00013196993222663878
715.0 8.60190084495116e-05
716.0 4.006805909284594e-05
717.0 0.00015386596032840316
718.0 0.0002676637905096868
719.0 0.0001153017933575029
720.0 1.6572204762990705e-10
721.0 6.535076408908935e-05
722.0 0.00016776168649812462
723.0 0.00024157113784895046
724.0 0.00031538056646240875
725.0 0.00037066233744553756
726.0 0.00042594415390340146
727.0 0.00036707797335111536
728.0 0.00030821172458672663
729.0 0.00033568830986041576
730.0 0.0003631648041846347
731.0 0.0003149465101159876
732.0 0.00026672812509787036
733.0 0.00025625413400121033
734.0 0.0002457803020661231
735.0 0.000518036949870293
736.0 0.0007902935976744629
737.0 0.0008359555977222044
738.0 0.0008816174158710055
739.0 0.0005423461971076904
740.0 0.00020307493286964018
741.0 0.00022702827209286625
742.0 0.0002509816113160923
743.0 0.0002581001126600313
744.0 0.0002652186594787054
745.0 0.00041591924855310936
746.0 0.0005666197921527782
747.0 0.00042069355004059616
748.0 0.000274767512564722
749.0 0.000387654336009291
750.0 0.0005005411821912276
751.0 0.00015238555306495982
752.0 1.6572204762990705e-10
753.0 0.00017995985217567068
754.0 0.0005556897122005466
755.0 0.0004176225502305897
756.0 0.00027955543373536784
757.0 0.00034719507766567403
758.0 0.00041483453969703987
759.0 0.00016702728089512675
760.0 1.6572204762990705e-10
761.0 1.6572204762990705e-10
762.0 3.444077663061762e-05
763.0 0.00019154592791892355
764.0 0.0003486510877337423
765.0 0.0002602678023322369
766.0 0.00017188451693073148
767.0 5.180681910132989e-05
768.0 1.6572204762990705e-10
769.0 1.6572204762990705e-10
770.0 1.6572204762990705e-10
771.0 1.6572204762990705e-10
772.0 0.00010935199270534213
773.0 8.695465680830239e-05
774.0 6.455728680521133e-05
775.0 0.00030011685794306686
776.0 0.0005356764631869737
777.0 0.0003146476728943526
778.0 9.361877459923562e-05
779.0 0.0004572063062369125
780.0 0.0008207937753468286
781.0 0.0009154719009529799
782.0 0.001010149935609661
783.0 0.0008954839358921163
784.0 0.0007808179361745715
785.0 0.0005002058514946839
786.0 0.00021959390323900152
787.0 0.0006187441613292322
788.0 0.001017894555843668
789.0 0.0005331925422069617
790.0 4.849038646170811e-05
791.0 0.00038312168726406526
792.0 0.0007177530733315507
793.0 0.0008788802006165497
794.0 0.0010400071914773434
795.0 0.0008154758688760921
796.0 0.0005909443643759005
797.0 0.0009036304618348368
798.0 0.0012163164683443028
799.0 0.0009959254384739324
800.0 0.000775534408603562
801.0 0.0007798694241500925
802.0 0.0007842043487471528
803.0 0.0006485017820523353
804.0 0.0005127989879838424
805.0 0.0005519494152395055
806.0 0.0005910998424951686
807.0 0.0007605363862239756
808.0 0.0009299729754275177
809.0 0.0008238676855398808
810.0 0.0007177623956522439
811.0 0.0006086721896281233
812.0 0.000499582120028208
813.0 0.0005526714176085079
814.0 0.0006057607606635429
815.0 0.0002604063183753169
816.0 1.6572204762990705e-10
817.0 0.0002745602614595555
818.0 0.0006340688742056955
819.0 0.0004871589680988109
820.0 0.00034024903925455874
821.0 0.00039934761844051536
822.0 0.0004584463567880448
823.0 0.00035540513181331335
824.0 0.00025236408873752225
825.0 0.0002640201728354441
826.0 0.00027567625693336595
827.0 0.00029145717235223856
828.0 0.0003072380422963761
829.0 0.0004651144536182983
830.0 0.0006229907739907503
831.0 0.0006331164968287339
832.0 0.0006432421287172474
833.0 0.0009102487638301682
834.0 0.0011772554898925591
835.0 0.0008750776942179073
836.0 0.0005728998530685203
837.0 0.0008761155186221004
838.0 0.001179330956802005
839.0 0.001016638179862639
840.0 0.0008539453119738027
841.0 0.000571469990973128
842.0 0.0002889944425987778
843.0 0.00020444015262910398
844.0 0.00011988611277047312
845.0 0.0007123759587557288
846.0 0.0013048660548520274
847.0 0.000842043027660111
848.0 0.00037922018236713484
849.0 0.0006570830919372384
850.0 0.000934946092456812
851.0 0.0006138403023214778
852.0 0.0002927345349235111
853.0 0.0004523098141362425
854.0 0.000611885388934752
855.0 0.0006770042091375217
856.0 0.0007421229383908212
857.0 0.0010344588190491777
858.0 0.001326794608758064
859.0 0.001225820233230479
860.0 0.0011248458577028941
861.0 0.0010090578143717721
862.0 0.0008932698619901203
863.0 0.0011961643394897692
864.0 0.0014990588169894181
865.0 0.0018818505850504152
866.0 0.0022646423531114124
867.0 0.002226447577413637
868.0 0.0021882529836148024
869.0 0.0024697286789887585
870.0 0.002751204556261655
871.0 0.002906854933826253
872.0 0.003062505493289791
873.0 0.002761988071142696
874.0 0.0024614710127934813
