lsstCam/transmission_filter_detector/r41_s12/y_10/19700101T000000.ecsv
# %ECSV 1.0
# ---
# datatype:
# - {name: wavelength, unit: nm, datatype: float32}
# - {name: efficiency, unit: '%', datatype: float64}
# meta: !!omap
# - {MODE: DETECTOR}
# - {TYPE: transmission_filter_detector}
# - {CALIBDATE: '1970-01-01T00:00:00'}
# - {INSTRUME: LSSTCam}
# - {OBSTYPE: transmission_filter_detector}
# - {CALIBCLS: lsst.ip.isr.IntermediateFilterDetectorTransmissionCurve}
# - {SOURCE: Materion (DM-46256)}
# - {DETECTOR: 167}
# - {FILTER: y_10}
# - {CALIB_ID: 'calibDate=1970-01-01T00:00:00 filter=y_10 detector=167'}
# - {DATE: '2025-04-02T15:59:51.516676'}
# - {CALIB_CREATION_DATE: '2025-04-02'}
# - {CALIB_CREATION_TIME: '15:59:51'}
# - __serialized_columns__:
#     efficiency:
#       __class__: astropy.units.quantity.Quantity
#       unit: !astropy.units.Unit {unit: '%'}
#       value: !astropy.table.SerializedColumn {name: efficiency}
#     wavelength:
#       __class__: astropy.units.quantity.Quantity
#       unit: !astropy.units.Unit {unit: nm}
#       value: !astropy.table.SerializedColumn {name: wavelength}
# schema: astropy-2.0
wavelength efficiency
[from data line 576]
876.0 0.0022823667677585036
877.0 0.0015865894965827465
878.0 0.0008908121344575193
879.0 0.0014327451026474591
880.0 0.05716402665711939
881.0 0.07829535170458257
882.0 0.057570438366383314
883.0 0.08974798838607967
884.0 0.062318803975358605
885.0 0.1008891616947949
886.0 0.05626048077829182
887.0 0.1026351354084909
888.0 0.057568325428292155
889.0 0.08876660722307861
890.0 0.07096587214618921
891.0 0.10326752671971917
892.0 0.05384297692216933
893.0 0.10918850312009454
894.0 0.05870139575563371
895.0 0.10419937316328287
896.0 0.0688476487994194
897.0 0.10148865403607488
898.0 0.07545965490862727
899.0 0.11360121425241232
900.0 0.09540349710732698
901.0 0.11893234914168715
902.0 0.14032908948138356
903.0 0.1476286561228335
904.0 0.16310909995809197
905.0 0.1735480036586523
906.0 0.21793826017528772
907.0 0.25206811260432005
908.0 0.324038858525455
909.0 0.4099502693861723
910.0 0.5582244601100683
911.0 0.7696231827139854
912.0 1.1175384745001793
913.0 1.6543488949537277
914.0 2.3441221565008163
915.0 3.442225232720375
916.0 4.874733090400696
917.0 6.582339107990265
918.0 8.699480444192886
919.0 10.876771062612534
920.0 13.95203322172165
921.0 17.15446710586548
922.0 20.268264412879944
923.0 23.78288209438324
924.0 27.616816759109497
925.0 31.850823760032654
926.0 37.13591992855072
927.0 43.07220280170441
928.0 48.58873188495636
929.0 54.82192635536194
930.0 60.76591610908508
931.0 66.94831848144531
932.0 73.03555011749268
933.0 78.59546542167664
934.0 83.05477499961853
935.0 86.53306365013123
936.0 89.5009994506836
937.0 91.7599618434906
938.0 93.40986609458923
939.0 94.37591433525085
940.0 95.09027600288391
941.0 95.48289775848389
942.0 95.87082862854004
943.0 96.0938811302185
944.0 96.57447338104248
945.0 96.59870266914368
946.0 96.81984186172485
947.0 96.92830443382263
948.0 97.10825085639954
949.0 97.0594048500061
950.0 97.12855815887451
951.0 97.16517329216003
952.0 97.1610963344574
953.0 97.3164975643158
954.0 97.31919169425964
955.0 97.39518761634827
956.0 97.54531979560852
957.0 97.7801263332367
958.0 97.93732166290283
959.0 98.08195233345032
960.0 98.22723865509033
961.0 98.34914207458496
962.0 98.45113754272461
963.0 98.52713942527771
964.0 98.63160252571106
965.0 98.67351651191711
966.0 98.76815676689148
967.0 98.86725544929504
968.0 98.81282448768616
969.0 98.82517457008362
970.0 98.85156750679016
971.0 98.90824556350708
972.0 98.97977709770203
973.0 99.06136989593506
974.0 99.03785586357117
975.0 99.03045296669006
976.0 99.07071590423584
977.0 99.06513690948486
978.0 99.11491274833679
979.0 99.07967448234558
980.0 99.0546703338623
981.0 99.04273748397827
982.0 98.967045545578
983.0 98.96907806396484
984.0 98.95966053009033
985.0 98.90902042388916
986.0 98.84212017059326
987.0 98.89688491821289
988.0 98.74077439308167
989.0 98.71332049369812
990.0 98.64389896392822
991.0 98.68123531341553
992.0 98.72593879699707
993.0 98.65398406982422
994.0 98.62366318702698
995.0 98.64790439605713
996.0 98.60009551048279
997.0 98.71873259544373
998.0 98.76329302787781
999.0 98.78600239753723
1000.0 98.85841608047485
1001.0 98.79053831100464
1002.0 98.94599318504333
1003.0 98.96966218948364
1004.0 99.01461601257324
1005.0 99.01654124259949
1006.0 99.15671944618225
1007.0 99.15831685066223
1008.0 99.10240769386292
1009.0 99.05736446380615
1010.0 99.12808537483215
1011.0 99.1117537021637
1012.0 99.02834892272949
1013.0 99.03804659843445
1014.0 99.00771379470825
1015.0 98.99232387542725
1016.0 98.93733859062195
1017.0 98.96944761276245
1018.0 98.99370074272156
1019.0 98.92383217811584
1020.0 98.97778034210205
1021.0 99.10416007041931
1022.0 98.91990423202515
1023.0 98.96812438964844
1024.0 98.9596962928772
1025.0 98.91548156738281
1026.0 99.00095462799072
1027.0 99.10160899162292
1028.0 98.9997386932373
1029.0 99.14109110832214
1030.0 99.14597272872925
1031.0 99.14909601211548
1032.0 99.1403341293335
1033.0 99.16566610336304
1034.0 99.18251037597656
1035.0 99.14977550506592
1036.0 99.17573928833008
1037.0 99.15679097175598
1038.0 99.1341233253479
1039.0 99.13326501846313
1040.0 99.03039932250977
1041.0 99.05502796173096
1042.0 99.07017350196838
1043.0 98.96758794784546
1044.0 98.99813532829285
1045.0 98.75205159187317
1046.0 98.94703030586243
1047.0 98.83452653884888
1048.0 98.88803958892822
1049.0 98.77890944480896
1050.0 98.78631830215454
1051.0 98.76251816749573
1052.0 98.72324466705322
1053.0 98.70077967643738
1054.0 98.87145161628723
1055.0 98.95797967910767
1056.0 98.83030652999878
1057.0 98.89377355575562
1058.0 98.720782995224
1059.0 98.83085489273071
1060.0 98.94903898239136
1061.0 98.82753491401672
1062.0 98.9178717136383
1063.0 98.75348806381226
1064.0 99.05027747154236
1065.0 98.9351749420166
1066.0 98.91008734703064
1067.0 98.98616671562195
1068.0 98.94986748695374
1069.0 98.724764585495
1070.0 99.11452531814575
1071.0 98.8470196723938
1072.0 99.07083511352539
1073.0 99.06954169273376
1074.0 98.76461029052734
1075.0 98.69691729545593
1076.0 98.4083354473114
1077.0 98.8382339477539
1078.0 99.05275702476501
1079.0 98.63025546073914
1080.0 99.37433004379272
1081.0 98.67756962776184
1082.0 98.56328964233398
1083.0 98.48541021347046
1084.0 99.01848435401917
1085.0 98.87956976890564
1086.0 98.5296368598938
1087.0 98.93267154693604
1088.0 98.56387376785278
1089.0 98.51446151733398
1090.0 98.5946536064148
1091.0 98.5231101512909
1092.0 98.7413763999939
1093.0 98.63379001617432
1094.0 98.29404950141907
1095.0 98.33835363388062
1096.0 98.36934208869934
1097.0 98.26048612594604
1098.0 98.00875782966614
1099.0 98.75739216804504
1100.0 98.04078936576843
