lsstCam/transmission_filter_detector/r31_s01/g_6/19700101T000000.ecsv
# %ECSV 1.0
# ---
# datatype:
# - {name: wavelength, unit: nm, datatype: float32}
# - {name: efficiency, unit: '%', datatype: float64}
# meta: !!omap
# - {MODE: DETECTOR}
# - {TYPE: transmission_filter_detector}
# - {CALIBDATE: '1970-01-01T00:00:00'}
# - {INSTRUME: LSSTCam}
# - {OBSTYPE: transmission_filter_detector}
# - {CALIBCLS: lsst.ip.isr.IntermediateFilterDetectorTransmissionCurve}
# - {SOURCE: Materion (DM-46256)}
# - {DETECTOR: 127}
# - {FILTER: g_6}
# - {CALIB_ID: 'calibDate=1970-01-01T00:00:00 filter=g_6 detector=127'}
# - {DATE: '2025-04-02T15:59:42.615861'}
# - {CALIB_CREATION_DATE: '2025-04-02'}
# - {CALIB_CREATION_TIME: '15:59:42'}
# - __serialized_columns__:
#     efficiency:
#       __class__: astropy.units.quantity.Quantity
#       unit: !astropy.units.Unit {unit: '%'}
#       value: !astropy.table.SerializedColumn {name: efficiency}
#     wavelength:
#       __class__: astropy.units.quantity.Quantity
#       unit: !astropy.units.Unit {unit: nm}
#       value: !astropy.table.SerializedColumn {name: wavelength}
# schema: astropy-2.0
wavelength efficiency
[from data line 608]
908.0 0.0005127392341819359
909.0 0.00048033207349362783
910.0 0.0004575362254399806
911.0 0.0004347403773863334
912.0 0.0003876576101902174
913.0 0.0003405748202567338
914.0 0.00045558108467957936
915.0 0.0005705872354155872
916.0 0.00048317092478100676
917.0 0.0003957546596211614
918.0 0.00043131731217727065
919.0 0.0004668799647333799
920.0 0.0004894692665402545
921.0 0.000512058568347129
922.0 0.0004466595783014782
923.0 0.0003812605882558273
924.0 0.0004452114808373153
925.0 0.0005091622369945981
926.0 0.0005094919742987258
927.0 0.0005098216661281185
928.0 0.0006135157946118852
929.0 0.000717209968570387
930.0 0.0005863169917574851
931.0 0.0004554239694698481
932.0 0.0005295072242006427
933.0 0.0006035905698809074
934.0 0.0006234183729247889
935.0 0.0006432462669181405
936.0 0.0005485744623001665
937.0 0.0004539027031569276
938.0 0.00041373273234057706
939.0 0.0003735629206857993
940.0 0.0005712156507797772
941.0 0.0007688682671869174
942.0 0.0006206685611687135
943.0 0.00047246880967577454
944.0 0.0006213612323335838
945.0 0.0007702537004661281
946.0 0.0008149782843247522
947.0 0.0008597028681833763
948.0 0.0007654928595002275
949.0 0.0006712828508170787
950.0 0.0007056969025143189
951.0 0.000740110863262089
952.0 0.0008622401765023824
953.0 0.0009843693987932056
954.0 0.0008884347153070848
955.0 0.0007925000318209641
956.0 0.0006573101018148009
957.0 0.0005221203082328429
958.0 0.0006232705800357508
959.0 0.0007244207608891884
960.0 0.0007471913704648614
961.0 0.0007699618436163291
962.0 0.0006549201771122171
963.0 0.0005398784196586348
964.0 0.0005716887699236395
965.0 0.0006034988928149687
966.0 0.0006757686605851632
967.0 0.0007480382919311523
968.0 0.0006602306712011341
969.0 0.0005724229595216457
970.0 0.0005562782007473288
971.0 0.0005401334419730119
972.0 0.0006105961801949888
973.0 0.0006810588729422307
974.0 0.0007875462870288175
975.0 0.0008940338375396095
976.0 0.0008061474545684177
977.0 0.0007182609806477558
978.0 0.0008150844223564491
979.0 0.0009119078640651423
980.0 0.000987128441920504
981.0 0.0010623488378769252
982.0 0.001048517424351303
983.0 0.0010346861017751507
984.0 0.0011402496966184117
985.0 0.0012458131095627323
986.0 0.0013171779755793978
987.0 0.001388542750646593
988.0 0.0012999564205529168
989.0 0.0012113697266613599
990.0 0.0011534248187672347
991.0 0.0010954798199236393
992.0 0.0011710985745594371
993.0 0.0012467170563468244
994.0 0.0012515037269622553
995.0 0.001256290306628216
996.0 0.0012521933967946097
997.0 0.0012480962141125929
998.0 0.0011707365956681315
999.0 0.0010933767043752596
1000.0 0.0011303566679998767
1001.0 0.0011673361768771429
1002.0 0.0011876889402628876
1003.0 0.0012080416126991622
1004.0 0.001252629044756759
1005.0 0.0012972165677638259
1006.0 0.0014626620213675778
1007.0 0.0016281073840218596
1008.0 0.0015349040040746331
1009.0 0.0014417004422284663
1010.0 0.001508078639744781
1011.0 0.001574457019160036
1012.0 0.0017301250409218483
1013.0 0.0018857928807847202
1014.0 0.0020370262063806877
1015.0 0.0021882591681787744
1016.0 0.0024246290195151232
1017.0 0.0026609985070535913
1018.0 0.002755333662207704
1019.0 0.002849668999260757
1020.0 0.00305922185361851
1021.0 0.0032687748898752034
1022.0 0.0035436267353361472
1023.0 0.003818478580797091
1024.0 0.0039581136661581695
1025.0 0.004097749115317129
1026.0 0.004401213300297968
1027.0 0.004704677121480927
1028.0 0.004948895366396755
1029.0 0.005193113975110464
1030.0 0.005124315430293791
1031.0 0.0050555165216792375
1032.0 0.005314129884936847
1033.0 0.005572742884396575
1034.0 0.005621609670924954
1035.0 0.005670475729857571
1036.0 0.0057758577895583585
1037.0 0.005881240213057026
1038.0 0.005967494143988006
1039.0 0.006053748074918985
1040.0 0.0061292936152312905
1041.0 0.006204839883139357
1042.0 0.006333211786113679
1043.0 0.006461583689088002
1044.0 0.006927755748620257
1045.0 0.007393928535748273
1046.0 0.00846031034598127
1047.0 0.009526691428618506
1048.0 0.010576443310128525
1049.0 0.011626195919234306
1050.0 0.013771011435892433
1051.0 0.01591582695255056
1052.0 0.019068591063842177
1053.0 0.022221355175133795
1054.0 0.02714208676479757
1055.0 0.03206281689926982
1056.0 0.03820593992713839
1057.0 0.044349057134240866
1058.0 0.05212074611335993
1059.0 0.0598924292717129
1060.0 0.06843684241175652
1061.0 0.07698126137256622
1062.0 0.08493801578879356
1063.0 0.09289475856348872
1064.0 0.1006038743071258
1065.0 0.10831295512616634
1066.0 0.11590300127863884
1067.0 0.12349303578957915
1068.0 0.13170924503356218
1069.0 0.13992543099448085
1070.0 0.14922503614798188
1071.0 0.15852459473535419
1072.0 0.16826334176585078
1073.0 0.1780020771548152
1074.0 0.18815795192494988
1075.0 0.1983138034120202
1076.0 0.20904794801026583
1077.0 0.2197821158915758
1078.0 0.23072047624737024
1079.0 0.24165885988622904
1080.0 0.25734787341207266
1081.0 0.2730368636548519
1082.0 0.2955652540549636
1083.0 0.31809366773813963
1084.0 0.35932499449700117
1085.0 0.40055629797279835
1086.0 0.43891449458897114
1087.0 0.4772726446390152
1088.0 0.5325020756572485
1089.0 0.5877314601093531
1090.0 0.6722585763782263
1091.0 0.756785785779357
1092.0 0.8069158531725407
1093.0 0.857046153396368
1094.0 0.9055383503437042
1095.0 0.9540306404232979
1096.0 1.0162622667849064
1097.0 1.0784938000142574
1098.0 1.1827954091131687
1099.0 1.2870969250798225
1100.0 1.4548547565937042
1101.0 1.622612588107586
