lsstCam/transmission_filter_detector/r31_s01/g_6/19700101T000000.ecsv
# %ECSV 1.0
# ---
# datatype:
# - {name: wavelength, unit: nm, datatype: float32}
# - {name: efficiency, unit: '%', datatype: float64}
# meta: !!omap
# - {MODE: DETECTOR}
# - {TYPE: transmission_filter_detector}
# - {CALIBDATE: '1970-01-01T00:00:00'}
# - {INSTRUME: LSSTCam}
# - {OBSTYPE: transmission_filter_detector}
# - {CALIBCLS: lsst.ip.isr.IntermediateFilterDetectorTransmissionCurve}
# - {SOURCE: Materion (DM-46256)}
# - {DETECTOR: 127}
# - {FILTER: g_6}
# - {CALIB_ID: 'calibDate=1970-01-01T00:00:00 filter=g_6 detector=127'}
# - {DATE: '2025-04-02T15:59:42.615861'}
# - {CALIB_CREATION_DATE: '2025-04-02'}
# - {CALIB_CREATION_TIME: '15:59:42'}
# - __serialized_columns__:
#     efficiency:
#       __class__: astropy.units.quantity.Quantity
#       unit: !astropy.units.Unit {unit: '%'}
#       value: !astropy.table.SerializedColumn {name: efficiency}
#     wavelength:
#       __class__: astropy.units.quantity.Quantity
#       unit: !astropy.units.Unit {unit: nm}
#       value: !astropy.table.SerializedColumn {name: wavelength}
# schema: astropy-2.0
wavelength efficiency
300.0 0.3704894334077835
301.0 0.31924115028232336
302.0 0.26799284387379885
303.0 0.2523938659578562
304.0 0.2367948880419135
305.0 0.23133608046919107
306.0 0.22587727289646864
307.0 0.21766233257949352
308.0 0.20944741554558277
309.0 0.20442220848053694
310.0 0.19939697813242674
311.0 0.20305621437728405
312.0 0.206715427339077
313.0 0.19455327419564128
314.0 0.18239113269373775
315.0 0.1795039395801723
316.0 0.1766167231835425
317.0 0.17467059660702944
318.0 0.1727244583889842
319.0 0.16151972813531756
320.0 0.15031498624011874
321.0 0.1386737683787942
322.0 0.12703253887593746
323.0 0.1139726024121046
324.0 0.10091265430673957
325.0 0.09005625615827739
326.0 0.07919985800981522
327.0 0.07131501915864646
328.0 0.06343018030747771
329.0 0.06231018924154341
330.0 0.0611902039963752
331.0 0.05653224070556462
332.0 0.05187427741475403
333.0 0.047954500769264996
334.0 0.04403472121339291
335.0 0.04173882189206779
336.0 0.03944291966035962
337.0 0.03989658725913614
338.0 0.040350251947529614
339.0 0.039783676038496196
340.0 0.03921709721907973
341.0 0.03730873577296734
342.0 0.035400374326854944
343.0 0.03276486822869629
344.0 0.03012936213053763
345.0 0.026466092094779015
346.0 0.0228028220590204
347.0 0.020784967637155205
348.0 0.01876711321529001
349.0 0.01737167767714709
350.0 0.48555233515799046
351.0 1.0189348831772804
352.0 0.926384050399065
353.0 1.045363675802946
354.0 0.49934210255742073
355.0 0.7861487567424774
356.0 0.5603697150945663
357.0 0.9790957905352116
358.0 0.6790376268327236
359.0 0.8310446515679359
360.0 0.6049995310604572
361.0 0.8089601993560791
362.0 0.558502646163106
363.0 0.8768346160650253
364.0 0.6225720979273319
365.0 0.8048167452216148
366.0 0.40770084597170353
367.0 0.606032507494092
368.0 0.5385603755712509
369.0 0.6530431099236012
370.0 0.5285221617668867
371.0 0.6200088188052177
372.0 0.36296758335083723
373.0 0.6300030741840601
374.0 0.46919602900743484
375.0 0.6655222270637751
376.0 0.5058893002569675
377.0 0.5584532860666513
378.0 0.4550978075712919
379.0 0.5434124730527401
380.0 0.42757540941238403
381.0 0.5598058458417654
382.0 0.6128196604549885
383.0 0.5276624113321304
384.0 0.5682514980435371
385.0 0.6361125037074089
386.0 0.6462749559432268
387.0 0.7445886731147766
388.0 0.9306389838457108
389.0 1.1532286182045937
390.0 1.6862349584698677
391.0 2.5766270235180855
392.0 4.090740159153938
393.0 6.467834115028381
394.0 9.776582568883896
395.0 14.334620535373688
396.0 19.89322453737259
397.0 27.004215121269226
398.0 35.411545634269714
399.0 44.65312063694
400.0 54.12834286689758
401.0 63.24531435966492
402.0 71.73241376876831
403.0 79.23023104667664
404.0 84.72642302513123
405.0 88.89403939247131
406.0 91.32940769195557
407.0 93.27389597892761
408.0 94.43631768226624
409.0 95.0426459312439
410.0 95.24864554405212
411.0 95.14889121055603
412.0 94.75535750389099
413.0 94.51972842216492
414.0 94.365793466568
415.0 94.45034861564636
416.0 94.84477043151855
417.0 95.20485997200012
418.0 95.69901823997498
419.0 96.26491665840149
420.0 96.78948521614075
421.0 97.35031723976135
422.0 97.51272797584534
423.0 97.74927496910095
424.0 97.56971597671509
425.0 97.4780023097992
426.0 97.41385579109192
427.0 97.43028283119202
428.0 97.22214937210083
429.0 97.05713391304016
430.0 96.91388010978699
431.0 96.90207242965698
432.0 96.93536162376404
433.0 97.03716039657593
434.0 97.15003371238708
435.0 97.24252223968506
436.0 97.3040223121643
437.0 97.27617502212524
438.0 97.36169576644897
439.0 97.41708636283875
440.0 97.39660024642944
441.0 97.5679337978363
442.0 97.5272536277771
443.0 97.46467471122742
444.0 97.42132425308228
445.0 97.23288416862488
446.0 97.07503318786621
447.0 96.92493677139282
448.0 96.92127704620361
449.0 97.09174633026123
450.0 97.32586145401001
451.0 97.54805564880371
452.0 97.7623701095581
453.0 97.89607524871826
454.0 97.92792201042175
455.0 98.16263914108276
456.0 98.18583130836487
457.0 98.32231998443604
458.0 98.40846061706543
459.0 98.4623908996582
460.0 98.53748083114624
461.0 98.64598512649536
462.0 98.52650761604309
463.0 98.47244620323181
464.0 98.58545660972595
465.0 98.51170778274536
466.0 98.56969714164734
467.0 98.50741624832153
468.0 98.58477115631104
469.0 98.59660863876343
470.0 98.46644401550293
471.0 98.38480949401855
472.0 98.3868956565857
473.0 98.26287627220154
474.0 98.08657765388489
475.0 98.16923141479492
476.0 98.19974303245544
477.0 98.21301102638245
478.0 98.30691814422607
479.0 98.26529026031494
480.0 98.42064380645752
481.0 98.56279492378235
482.0 98.66777658462524
483.0 98.60249757766724
484.0 98.77594113349915
485.0 98.78699779510498
486.0 98.81295561790466
487.0 98.86375069618225
488.0 98.82903099060059
489.0 98.94788265228271
490.0 98.88221025466919
491.0 98.89352321624756
492.0 98.8315761089325
493.0 98.82540106773376
494.0 98.6960232257843
495.0 98.78996014595032
496.0 98.60806465148926
497.0 98.52280020713806
498.0 98.30899834632874
499.0 98.42864274978638
500.0 98.33253622055054
501.0 98.35628271102905
502.0 98.18472266197205
503.0 98.30017685890198
504.0 98.21279644966125
505.0 98.22056293487549
506.0 98.24315905570984
507.0 98.21359515190125
508.0 98.22194576263428
509.0 98.14249873161316
510.0 98.11663031578064
511.0 98.11150431632996
512.0 97.98866510391235
513.0 98.11323881149292
514.0 98.05693030357361
515.0 98.0890691280365
516.0 98.20625185966492
517.0 98.20224046707153
518.0 98.28081727027893
519.0 98.30006957054138
520.0 98.37339520454407
521.0 98.5171377658844
522.0 98.49521517753601
523.0 98.48847389221191
524.0 98.50208163261414
525.0 98.51886630058289
526.0 98.61812591552734
527.0 98.6152172088623
528.0 98.7245261669159
529.0 98.79938960075378
530.0 98.84018301963806
531.0 98.97342324256897
532.0 98.79773259162903
533.0 98.81105422973633
534.0 98.83898496627808
535.0 98.6495316028595
536.0 98.35044145584106
537.0 97.81680703163147
538.0 97.10853695869446
539.0 95.7645833492279
540.0 94.06137466430664
541.0 91.45297408103943
542.0 88.70992660522461
543.0 85.06145477294922
544.0 80.42737245559692
545.0 76.36083364486694
546.0 71.33292555809021
547.0 66.69880747795105
548.0 62.089067697525024
549.0 57.90284872055054
550.0 54.575419425964355
551.0 51.40344500541687
552.0 48.981302976608276
553.0 46.47098481655121
554.0 43.675655126571655
555.0 40.55668115615845
556.0 36.37513816356659
557.0 31.528040766716003
558.0 26.15513503551483
559.0 20.79545706510544
560.0 15.593771636486053
561.0 10.733199119567871
562.0 6.972853094339371
563.0 4.156896844506264
564.0 2.2971609607338905
565.0 1.1476900428533554
566.0 0.5958440247923136
567.0 0.30489847995340824
568.0 0.1864348305389285
569.0 0.10780817829072475
570.0 0.09111769031733274
571.0 0.05434547201730311
572.0 0.05347730475477874
573.0 0.04202969721518457
574.0 0.05424621049314737
575.0 0.032960675889626145
576.0 0.04344694607425481
577.0 0.035689809010364115
578.0 0.030979534494690597
579.0 0.030509268981404603
580.0 0.03413331869523972
581.0 0.027484173187986016
582.0 0.02753053850028664
583.0 0.024915943504311144
584.0 0.02775095636025071
585.0 0.019217055523768067
586.0 0.024348303850274533
587.0 0.019257102394476533
588.0 0.027083404711447656
589.0 0.022739464475307614
590.0 0.017455358465667814
591.0 0.01318669383181259
592.0 0.022884948702994734
593.0 0.012805141159333289
594.0 0.017189510981552303
595.0 0.02198595175286755
596.0 0.0202688665012829
597.0 0.015140547475311905
598.0 0.00840570719446987
599.0 0.006512677646242082
600.0 0.013895519077777863
601.0 0.002119742384820711
602.0 0.0021395237126853317
603.0 0.002159304858651012
604.0 0.0019769457139773294
605.0 0.0017945863874047063
606.0 0.0019019240426132455
607.0 0.002009261879720725
608.0 0.0019678813259815797
609.0 0.001926500590343494
610.0 0.0019345305190654472
611.0 0.0019425606296863407
612.0 0.0018038654161500745
613.0 0.0016651702026138082
614.0 0.001593917295394931
615.0 0.001522664479125524
616.0 0.0014423814718611538
617.0 0.001362098555546254
618.0 0.0016365227565984242
619.0 0.0019109471395495348
620.0 0.0016386316929128952
621.0 0.0013663163372257259
622.0 0.001430242627975531
623.0 0.0014941685549274553
624.0 0.0014037977962289006
625.0 0.001313427128479816
626.0 0.0013608307199319825
627.0 0.001408234311384149
628.0 0.0015543660992989317
629.0 0.001700497705314774
630.0 0.001605443139851559
631.0 0.001510388119640993
632.0 0.0013643655620398931
633.0 0.0012183430953882635
634.0 0.0013651600056618918
635.0 0.0015119770978344604
636.0 0.0014613484381698072
637.0 0.0014107199604040943
638.0 0.0013337884411157575
639.0 0.0012568570127768908
640.0 0.0012390098163450602
641.0 0.0012211625289637595
642.0 0.001249186880158959
643.0 0.0012772111404046882
644.0 0.0011149771125928964
645.0 0.000952743266680045
646.0 0.001114514179789694
647.0 0.0012762852747982834
648.0 0.0013756414773524739
649.0 0.0014749976799066644
650.0 0.001258418160432484
651.0 0.0010418385500088334
652.0 0.0011032484508177731
653.0 0.001164658442576183
654.0 0.0010893639228015672
655.0 0.0010140694939764217
656.0 0.0010353406651120167
657.0 0.0010566121090960223
658.0 0.0011035622264898848
659.0 0.0011505127986310981
660.0 0.0011409980288590305
661.0 0.0011314832590869628
662.0 0.0010746744919742923
663.0 0.0010178657248616219
664.0 0.0010798116818477865
665.0 0.0011417574569350109
666.0 0.0011926522347494029
667.0 0.0012435468306648545
668.0 0.0012092789802409243
669.0 0.0011750112207664642
670.0 0.0011685614481393714
671.0 0.001162111402663868
672.0 0.0012133315976825543
673.0 0.0012645517017517705
674.0 0.0011989388440269977
675.0 0.001133326077251695
676.0 0.0010969621143885888
677.0 0.0010605977877276018
678.0 0.0010851158549485262
679.0 0.001109634104068391
680.0 0.001007366427074885
681.0 0.0009050989319803193
682.0 0.0009391274033987429
683.0 0.0009731557838676963
684.0 0.0010533581189520191
685.0 0.0011335602721374016
686.0 0.0010822490366990678
687.0 0.001030937801260734
688.0 0.0010115979421243537
689.0 0.0009922579010890331
690.0 0.0011212727258680388
691.0 0.0012502876415965147
692.0 0.0011447388715168927
693.0 0.0010391901923867408
694.0 0.0010914026461250614
695.0 0.0011436150089139119
696.0 0.0011282709238003008
697.0 0.00111292692963616
698.0 0.0011572358744160738
699.0 0.001201544455398107
700.0 0.0012653894373215735
701.0 0.0013292341463966295
702.0 0.001335074284725124
703.0 0.0013409143321041483
704.0 0.0012830369087168947
705.0 0.0012251593034307007
706.0 0.0011449639714555815
707.0 0.001064768457581522
708.0 0.0011102501048299018
709.0 0.0011557320249266922
710.0 0.001202064686367521
711.0 0.0012483976206567604
712.0 0.001296998561883811
713.0 0.0013455995940603316
714.0 0.0013712592590309214
715.0 0.001396918833052041
716.0 0.001497694211138878
717.0 0.0015984694982762448
718.0 0.0018313116015633568
719.0 0.002064153886749409
720.0 0.0017320253391517326
721.0 0.0013998966096551158
722.0 0.001539005825179629
723.0 0.0016781152226030827
724.0 0.0017380412828060798
725.0 0.001797967343009077
726.0 0.0019117909687338397
727.0 0.002025614412559662
728.0 0.0021380452380981296
729.0 0.0022504760636365972
730.0 0.002190291888837237
731.0 0.0021301080778357573
732.0 0.0019578388673835434
733.0 0.0017855702026281506
734.0 0.0014937284504412673
735.0 0.0012018863344565034
736.0 0.001130053715314716
737.0 0.0010582209142739885
738.0 0.0010497118637431413
739.0 0.0010412030860607047
740.0 0.0009770046744961292
741.0 0.0009128060810326133
742.0 0.0009351148037239909
743.0 0.0009574237083143089
744.0 0.0009559215868648607
745.0 0.0009544193744659424
746.0 0.000682305608279421
747.0 0.00041019175114342943
748.0 0.0005907937520532869
749.0 0.0007713956620136742
750.0 0.0007778216058795806
751.0 0.0007842477316444274
752.0 0.0008338965926668607
753.0 0.0008835452717903536
754.0 0.0008031869583646767
755.0 0.0007228285539895296
756.0 0.0008160766810760833
757.0 0.0009093246262636967
758.0 0.000954211918724468
759.0 0.0009990993021347094
760.0 0.0008989073648990598
761.0 0.0007987153367139399
762.0 0.0007204863322840538
763.0 0.0006422575552278431
764.0 0.0008325871931447182
765.0 0.0010229168765363283
766.0 0.0008828328645904548
767.0 0.0007427487616951112
768.0 0.000757772113502142
769.0 0.000772795556258643
770.0 0.0007319944415939972
771.0 0.0006911933724040864
772.0 0.0006679958914901363
773.0 0.0006447983651014511
774.0 0.0006294726517808158
775.0 0.0006141468929854454
776.0 0.0006785958248656243
777.0 0.0007430446203215979
778.0 0.0006665931323368568
779.0 0.0005901417353015859
780.0 0.0005883017820451641
781.0 0.0005864617833140073
782.0 0.0005784515906270826
783.0 0.0005704413069906877
784.0 0.0006045614100003149
785.0 0.0006386815584846772
786.0 0.0005557159965974279
787.0 0.0004727504347101785
788.0 0.0004225379143463215
789.0 0.00037232539398246445
790.0 0.0005456159215100342
791.0 0.000718906449037604
792.0 0.0005808313744637417
793.0 0.0004427562998898793
794.0 0.00046020400077395607
795.0 0.00047765170165803283
796.0 0.0003753880719159497
797.0 0.00027312444217386656
798.0 0.00029777593226754107
799.0 0.0003224273768864805
800.0 0.0003571319439288345
801.0 0.00039183655644592363
802.0 0.00047045759856700897
803.0 0.0005490787316375645
804.0 0.0004657143108488526
805.0 0.00038234984458540566
806.0 0.0003653999101516092
807.0 0.0003484499302430777
808.0 0.0003540592842909973
809.0 0.000359668683813652
810.0 0.00032105376703839283
811.0 0.00028243885026313365
812.0 0.000418372701460612
813.0 0.0005543065981328255
814.0 0.0005256876193016069
815.0 0.0004970686404703883
816.0 0.0005152615813130978
817.0 0.0005334545221558074
818.0 0.00046366149035748094
819.0 0.00039386841308441944
820.0 0.0004918742433801526
821.0 0.0005898800282011507
822.0 0.00045441602196660824
823.0 0.0003189518338331254
824.0 0.0003879190899169771
825.0 0.0004568863005260937
826.0 0.0004774904482474085
827.0 0.0004980946414434584
828.0 0.0004868441465077922
829.0 0.0004755936060973909
830.0 0.0004451367203728296
831.0 0.0004146797436987981
832.0 0.00041978591980296187
833.0 0.0004248921413818607
834.0 0.00036840624488831963
835.0 0.00031192034839477856
836.0 0.00044680950850306544
837.0 0.0005816986686113523
838.0 0.0006735443093930371
839.0 0.000765389995649457
840.0 0.0006599072094104486
841.0 0.0005544246505451156
842.0 0.0004727549367089523
843.0 0.00039108513192331884
844.0 0.0004290497145120753
845.0 0.0004670141606766265
846.0 0.00036524982078844914
847.0 0.0002634853899508016
848.0 0.00031259303341357736
849.0 0.00036170060866425047
850.0 0.0004101918420928996
851.0 0.0004586830073094461
852.0 0.000405178070650436
853.0 0.0003516732022035285
854.0 0.00044433782022679225
855.0 0.0005370025064621586
856.0 0.0004355250894150231
857.0 0.0003340476951052551
858.0 0.0004927019290335011
859.0 0.0006513560947496444
860.0 0.0006084900633140933
861.0 0.000565623940929072
862.0 0.000678492051520152
863.0 0.0007913600711617619
864.0 0.00069266238824639
865.0 0.0005939646598562831
866.0 0.0006342322194541339
867.0 0.0006744996881025145
868.0 0.0004860919034399558
869.0 0.00029768405056529446
870.0 0.00035393989037402207
871.0 0.00041019570744538214
872.0 0.0005306098501023371
873.0 0.0006510239472845569
874.0 0.0006781347110518254
875.0 0.0007052454293443589
876.0 0.0006363149623211939
877.0 0.0005673844952980289
878.0 0.0006180498530738987
879.0 0.0006687151653750334
880.0 0.0007586228548461804
881.0 0.0008485306352667976
882.0 0.0006701849088130984
883.0 0.0004918391823593993
884.0 0.00047288085625041276
885.0 0.00045392248466669116
886.0 0.0005090146714792354
887.0 0.0005641068128170446
888.0 0.0006360044153552735
889.0 0.0007079019724187674
890.0 0.0005466677066578995
891.0 0.0003854333954222966
892.0 0.0005183371285966132
893.0 0.0006512409072456649
894.0 0.0005138039341545664
895.0 0.0003763669155887328
896.0 0.00041854523260553833
897.0 0.00046072350414760876
898.0 0.00037469176277227234
899.0 0.0002886600213969359
900.0 0.00034220379347971175
901.0 0.00039574761103722267
902.0 0.0003709942120622145
903.0 0.0003462408585619414
904.0 0.0004667165740102064
905.0 0.0005871923349332064
906.0 0.0005661693649017252
