lsstCam/transmission_filter_detector/r23_s01/g_6/19700101T000000.ecsv
# %ECSV 1.0
# ---
# datatype:
# - {name: wavelength, unit: nm, datatype: float32}
# - {name: efficiency, unit: '%', datatype: float64}
# meta: !!omap
# - {MODE: DETECTOR}
# - {TYPE: transmission_filter_detector}
# - {CALIBDATE: '1970-01-01T00:00:00'}
# - {INSTRUME: LSSTCam}
# - {OBSTYPE: transmission_filter_detector}
# - {CALIBCLS: lsst.ip.isr.IntermediateFilterDetectorTransmissionCurve}
# - {SOURCE: Materion (DM-46256)}
# - {DETECTOR: 100}
# - {FILTER: g_6}
# - {CALIB_ID: 'calibDate=1970-01-01T00:00:00 filter=g_6 detector=100'}
# - {DATE: '2025-04-02T15:59:42.491365'}
# - {CALIB_CREATION_DATE: '2025-04-02'}
# - {CALIB_CREATION_TIME: '15:59:42'}
# - __serialized_columns__:
#     efficiency:
#       __class__: astropy.units.quantity.Quantity
#       unit: !astropy.units.Unit {unit: '%'}
#       value: !astropy.table.SerializedColumn {name: efficiency}
#     wavelength:
#       __class__: astropy.units.quantity.Quantity
#       unit: !astropy.units.Unit {unit: nm}
#       value: !astropy.table.SerializedColumn {name: wavelength}
# schema: astropy-2.0
wavelength efficiency
300.0 0.5183673929423094
301.0 0.38231657817959785
302.0 0.2462657168507576
303.0 0.22099826019257307
304.0 0.19573078025132418
305.0 0.20434653852134943
306.0 0.21296227350831032
307.0 0.21772189065814018
308.0 0.22248150780797005
309.0 0.22145065013319254
310.0 0.22041983902454376
311.0 0.21110055968165398
312.0 0.20178130362182856
313.0 0.19817112479358912
314.0 0.19456094596534967
315.0 0.18667859258130193
316.0 0.17879626248031855
317.0 0.17856517806649208
318.0 0.17833411693572998
319.0 0.16134397592395544
320.0 0.14435382327064872
321.0 0.13981051743030548
322.0 0.13526719994843006
323.0 0.11596082476899028
324.0 0.09665448451414704
325.0 0.08708934765309095
326.0 0.07752421079203486
327.0 0.07072672015056014
328.0 0.06392921786755323
329.0 0.06142552592791617
330.0 0.05892182816751301
331.0 0.05481826374307275
332.0 0.050714699318632483
333.0 0.04720140423160046
334.0 0.0436881062341854
335.0 0.04241286660544574
336.0 0.04113762697670609
337.0 0.04124745028093457
338.0 0.04135727067478001
339.0 0.04015408921986818
340.0 0.03895090485457331
341.0 0.03740039246622473
342.0 0.03584988007787615
343.0 0.03231033915653825
344.0 0.028770798235200346
345.0 0.025489888503216207
346.0 0.02220898022642359
347.0 0.021088836365379393
348.0 0.019968688138760626
349.0 0.018153533164877445
350.0 0.8188733831048012
351.0 1.293257251381874
352.0 0.9311111643910408
353.0 1.198298390954733
354.0 0.8191562257707119
355.0 0.8492017164826393
356.0 0.8423906750977039
357.0 0.8666165173053741
358.0 0.5504264496266842
359.0 0.9989750571548939
360.0 0.6675697863101959
361.0 0.9517863392829895
362.0 0.6134205963462591
363.0 0.7323930505663157
364.0 0.5478046834468842
365.0 0.7277023047208786
366.0 0.6545196287333965
367.0 0.7253846619278193
368.0 0.49580070190131664
369.0 0.6442470010370016
370.0 0.46918559819459915
371.0 0.5439592991024256
372.0 0.38317933212965727
373.0 0.5309151485562325
374.0 0.3594509558752179
375.0 0.5352484062314034
376.0 0.4255683161318302
377.0 0.6327512208372355
378.0 0.41405935771763325
379.0 0.6594686768949032
380.0 0.4411610774695873
381.0 0.5217669066041708
382.0 0.5009139887988567
383.0 0.5099289119243622
384.0 0.5342270713299513
385.0 0.586567958816886
386.0 0.6671993061900139
387.0 0.7292619440704584
388.0 0.9288359433412552
389.0 1.295568235218525
390.0 1.7682099714875221
391.0 2.684110403060913
392.0 4.293203353881836
393.0 6.76436722278595
394.0 10.200261324644089
395.0 14.93062973022461
396.0 20.65349370241165
397.0 27.88456380367279
398.0 36.46293580532074
399.0 45.6380695104599
400.0 55.22462725639343
401.0 64.32623863220215
402.0 72.70222902297974
403.0 79.9910843372345
404.0 85.31574010848999
405.0 89.37599658966064
406.0 91.68494939804077
407.0 93.58494877815247
408.0 94.6614682674408
409.0 95.17877697944641
410.0 95.37672996520996
411.0 95.24059891700745
412.0 94.82150077819824
413.0 94.58010196685791
414.0 94.40219402313232
415.0 94.60022449493408
416.0 94.93211507797241
417.0 95.27318477630615
418.0 95.8275854587555
419.0 96.41559720039368
420.0 96.94956541061401
421.0 97.47623205184937
422.0 97.61486053466797
423.0 97.86427021026611
424.0 97.66092300415039
425.0 97.58288264274597
426.0 97.54918217658997
427.0 97.52364754676819
428.0 97.39059805870056
429.0 97.12881445884705
430.0 96.9616949558258
431.0 97.02723622322083
432.0 97.0399022102356
433.0 97.06422686576843
434.0 97.21822738647461
435.0 97.35638499259949
436.0 97.43934869766235
437.0 97.37756252288818
438.0 97.44212627410889
439.0 97.52176403999329
440.0 97.54720330238342
441.0 97.67423868179321
442.0 97.59967923164368
443.0 97.59736061096191
444.0 97.52888083457947
445.0 97.28831052780151
446.0 97.19617366790771
447.0 96.99200391769409
448.0 97.02849984169006
449.0 97.26855158805847
450.0 97.50385284423828
451.0 97.72351384162903
452.0 97.91436195373535
453.0 98.02070260047913
454.0 98.05024266242981
455.0 98.27463030815125
456.0 98.38526248931885
457.0 98.51833581924438
458.0 98.46512079238892
459.0 98.56806993484497
460.0 98.57985377311707
461.0 98.76912236213684
462.0 98.66165518760681
463.0 98.61372113227844
464.0 98.69310855865479
465.0 98.61119389533997
466.0 98.62574934959412
467.0 98.62720966339111
468.0 98.65248799324036
469.0 98.69313836097717
470.0 98.54066371917725
471.0 98.46307039260864
472.0 98.44779968261719
473.0 98.35960268974304
474.0 98.24951887130737
475.0 98.30731749534607
476.0 98.27297329902649
477.0 98.2852578163147
478.0 98.41057062149048
479.0 98.36434125900269
480.0 98.56491684913635
481.0 98.63550066947937
482.0 98.78875017166138
483.0 98.6732006072998
484.0 98.86115789413452
485.0 98.82316589355469
486.0 98.86986017227173
487.0 98.95238876342773
488.0 98.90106916427612
489.0 98.97897839546204
490.0 98.94347190856934
491.0 98.97264242172241
492.0 98.86319041252136
493.0 98.83853793144226
494.0 98.86015057563782
495.0 98.83047938346863
496.0 98.64544868469238
497.0 98.65317940711975
498.0 98.41315150260925
499.0 98.49804639816284
500.0 98.39063286781311
501.0 98.33680987358093
502.0 98.23666214942932
503.0 98.36148023605347
504.0 98.20448756217957
505.0 98.25835824012756
506.0 98.31146001815796
507.0 98.27779531478882
508.0 98.27408790588379
509.0 98.23036193847656
510.0 98.18376302719116
511.0 98.13863039016724
512.0 98.07294607162476
513.0 98.18934202194214
514.0 98.18408489227295
515.0 98.16215634346008
516.0 98.27901124954224
517.0 98.27871918678284
518.0 98.33785891532898
519.0 98.3722984790802
520.0 98.41272234916687
521.0 98.50206971168518
522.0 98.55717420578003
523.0 98.53097796440125
524.0 98.57338666915894
525.0 98.51188063621521
526.0 98.66416454315186
527.0 98.69543313980103
528.0 98.76853823661804
529.0 98.9079475402832
530.0 98.86816740036011
531.0 99.01430010795593
532.0 98.93398880958557
533.0 98.88760447502136
534.0 98.87593388557434
535.0 98.69999885559082
536.0 98.3319878578186
537.0 97.72613644599915
538.0 96.9481110572815
539.0 95.44777870178223
540.0 93.63841414451599
541.0 90.91633558273315
542.0 88.03434371948242
543.0 84.30089354515076
544.0 79.6015202999115
545.0 75.4697859287262
546.0 70.50064206123352
547.0 65.86180925369263
548.0 61.297643184661865
549.0 57.19245672225952
550.0 53.9498507976532
551.0 50.860726833343506
552.0 48.48484396934509
553.0 45.954373478889465
554.0 43.03242862224579
555.0 39.76966440677643
556.0 35.442450642585754
557.0 30.451107025146484
558.0 25.046443939208984
559.0 19.71382647752762
560.0 14.591492712497711
561.0 9.923835098743439
562.0 6.356653571128845
563.0 3.733087331056595
564.0 2.0334292203187943
565.0 1.002432405948639
566.0 0.5151611287146807
567.0 0.2719726413488388
568.0 0.17467758152633905
569.0 0.10129095753654838
570.0 0.08729000110179186
571.0 0.05687416414730251
572.0 0.0686432234942913
573.0 0.04099542566109449
574.0 0.043784332228824496
575.0 0.03145418013446033
576.0 0.04841554909944534
577.0 0.02179214352509007
578.0 0.02282112109242007
579.0 0.03150644770357758
580.0 0.032390994601882994
581.0 0.024578400189056993
582.0 0.02394613256910816
583.0 0.019189117301721126
584.0 0.030555101693607867
585.0 0.009142667840933427
586.0 0.026106031145900488
587.0 0.012996872828807682
588.0 0.017652392853051424
589.0 0.01962125243153423
590.0 0.020983917056582868
591.0 0.016109607531689107
592.0 0.009042016608873382
593.0 0.0084387902461458
594.0 0.021022965665906668
595.0 0.005783057349617593
596.0 0.007762425229884684
597.0 0.02020661486312747
598.0 0.010342919267714024
599.0 0.011571536742849275
600.0 0.00365531122952234
601.0 0.002435911119391676
602.0 0.0024501985535607673
603.0 0.0024644858058309183
604.0 0.0022447291485150345
605.0 0.002024972673098091
606.0 0.0020695091734523885
607.0 0.0021140454919077456
608.0 0.002018335544562433
609.0 0.0019226254153181799
610.0 0.0019638415324152447
611.0 0.0020050576495123096
612.0 0.0018749771697912365
613.0 0.0017448970538680442
614.0 0.0017780264897737652
615.0 0.001811156289477367
616.0 0.0018778053345158696
617.0 0.0019444545614533126
618.0 0.0018591093976283446
619.0 0.0017737642338033766
620.0 0.0017506314179627225
621.0 0.0017274989659199491
622.0 0.0016504240193171427
623.0 0.0015733488908153959
624.0 0.0015676125258323736
625.0 0.0015618761608493514
626.0 0.0014358616681420244
627.0 0.001309847448283108
628.0 0.001469946528231958
629.0 0.0016300458810292184
630.0 0.0014372587429534178
631.0 0.0012444712410797365
632.0 0.001385429368383484
633.0 0.0015263871318893507
634.0 0.0014666034985566512
635.0 0.0014068194104766008
636.0 0.0014122506399871781
637.0 0.0014176822332956363
638.0 0.0014123062101134565
639.0 0.0014069301869312767
640.0 0.0012492624591686763
641.0 0.0010915945495071355
642.0 0.0013477480933943298
643.0 0.0016039019101299345
644.0 0.001429635813110508
645.0 0.001255369443242671
646.0 0.0012348058589850552
647.0 0.0012142424566263799
648.0 0.0011659226402116474
649.0 0.0011176027328474447
650.0 0.001290218369831564
651.0 0.0014628335520683322
652.0 0.001224686548084719
653.0 0.0009865394531516358
654.0 0.0010901378118433058
655.0 0.0011937361705349758
656.0 0.0011898358934558928
657.0 0.00118593570732628
658.0 0.001114046790462453
659.0 0.0010421582373965066
660.0 0.0009221904292644467
661.0 0.0008022225301829167
662.0 0.0010005799595091958
663.0 0.0011989377526333556
664.0 0.0011908490705536678
665.0 0.0011827603884739801
666.0 0.0011842109415738378
667.0 0.001185661312774755
668.0 0.001206477372761583
669.0 0.0012272934327484109
670.0 0.0011722834642569069
671.0 0.0011172733138664626
672.0 0.0011401707524782978
673.0 0.0011630679182417225
674.0 0.0011170943253091536
675.0 0.0010711206414271146
676.0 0.0009950880667020101
677.0 0.0009190550372295547
678.0 0.0010753527931228746
679.0 0.0012316504580667242
680.0 0.0011330093911965378
681.0 0.001034368142427411
682.0 0.0010396343895990867
683.0 0.0010449005458212923
684.0 0.0010438381650601514
685.0 0.0010427758752484806
686.0 0.0011169805475219619
687.0 0.001191185128845973
688.0 0.001170044833997963
689.0 0.0011489043572510127
690.0 0.001088740009436151
691.0 0.0010285756616212893
692.0 0.0010273882253386546
693.0 0.0010262009709549602
694.0 0.001121474451792892
695.0 0.001216747932630824
696.0 0.0011788561096182093
697.0 0.0011409640137571841
698.0 0.0012965725545655005
699.0 0.0014521810044243466
700.0 0.0012198008334962651
701.0 0.0009874205716187134
702.0 0.0011416178494982887
703.0 0.0012958150364283938
704.0 0.0011807804185082205
705.0 0.0010657455277396366
706.0 0.0010902175745286513
707.0 0.0011146898941660766
708.0 0.0011554326192708686
709.0 0.001196175526274601
710.0 0.0012227505976625253
711.0 0.00124932594189886
712.0 0.0012581738701555878
713.0 0.0012670221622101963
714.0 0.0012883026101917494
715.0 0.0013095834219711833
716.0 0.0015483234165003523
717.0 0.001787063774827402
718.0 0.0019606597561505623
719.0 0.002134255555574782
720.0 0.0017689937521936372
721.0 0.0014037317669135518
722.0 0.0015832205463084392
723.0 0.0017627096895012073
724.0 0.0018004562662099488
725.0 0.0018382028429186903
726.0 0.00191634135262575
727.0 0.00199448004423175
728.0 0.0020509969544946216
729.0 0.002107513864757493
730.0 0.0020572953872033395
731.0 0.002007077091548126
732.0 0.0018261165678268299
733.0 0.0016451558622065932
734.0 0.001496911863796413
735.0 0.001348668047285173
736.0 0.0012190526831545867
737.0 0.00108943713712506
738.0 0.0010185389328398742
739.0 0.0009476407285546884
740.0 0.0009357996532344259
741.0 0.0009239583960152231
742.0 0.0008276375410787296
743.0 0.0007313167316169711
744.0 0.0008789093953964766
745.0 0.0010265022865496576
746.0 0.0010205619219050277
747.0 0.001014621648209868
748.0 0.0011157587323396
749.0 0.0012168959983682726
750.0 0.0009456897714699153
751.0 0.0006744839538441738
752.0 0.0007119843303371454
753.0 0.0007494848887290573
754.0 0.0008724950021132827
755.0 0.0009955051609722432
756.0 0.0009909771506499965
757.0 0.0009864491403277498
758.0 0.0008748859727347735
759.0 0.0007633230779902078
760.0 0.0006562073849636363
761.0 0.0005490916919370648
762.0 0.0006275083251239266
763.0 0.0007059248218865832
764.0 0.0008090725714282598
765.0 0.0009122205483436119
766.0 0.0008621585038781632
767.0 0.0008120965503621846
768.0 0.0006269015557336388
769.0 0.0004417065156303579
770.0 0.0003809341023952584
771.0 0.0003201617118975264
772.0 0.0005491817319125403
773.0 0.0007782017746649217
774.0 0.0008997802069643512
775.0 0.0010213586392637808
776.0 0.0008965261258708779
777.0 0.0007716935215285048
778.0 0.0007418427685479401
779.0 0.0007119921065168455
780.0 0.0006562971066159662
781.0 0.0006006021067150868
782.0 0.0004942222858517198
783.0 0.00038784232856414746
784.0 0.0005298994437907822
785.0 0.000671956559017417
786.0 0.0006397637207555817
787.0 0.0006075712917663623
788.0 0.00048520532800466754
789.0 0.000362839455192443
790.0 0.00028844233384006657
791.0 0.00021404521248769015
792.0 0.00030801006687397603
793.0 0.0004019749212602619
794.0 0.0003385288209756254
795.0 0.0002750827434283565
796.0 0.00038214316191442776
797.0 0.0004892035576631315
798.0 0.0005206578407523921
799.0 0.0005521121238416526
800.0 0.0005179500021768035
801.0 0.0004837880624108948
802.0 0.0004253083716321271
803.0 0.0003668288400149322
804.0 0.000297483234135143
805.0 0.00022813771920482395
806.0 0.0003406521273063845
807.0 0.0004531665126705775
808.0 0.0004826008535019355
809.0 0.0005120352398080286
810.0 0.0003687798425744404
811.0 0.00022552439986611716
812.0 0.00033137723676190944
813.0 0.00043722993723349646
814.0 0.000459702778243809
815.0 0.00048217557377938647
816.0 0.0006075828423490748
817.0 0.0007329899744945578
818.0 0.000549751530343201
819.0 0.0003665130407171091
820.0 0.0005333916305971798
821.0 0.00070027003857831
822.0 0.0005188816885492997
823.0 0.00033749336125765694
824.0 0.0003691089204949094
825.0 0.0004007244115200592
826.0 0.0005576467174250865
827.0 0.0007145689323806437
828.0 0.0006533777650474804
829.0 0.0005921864612901118
830.0 0.00045434421735990327
831.0 0.0003165019279549597
832.0 0.000512646920469706
833.0 0.0007087918675097171
834.0 0.0005510377377504483
835.0 0.00039328369894064963
836.0 0.0005358470389182912
837.0 0.0006784104243706679
838.0 0.0005520570994121954
839.0 0.00042570381992845796
840.0 0.0005198854069021763
841.0 0.0006140669029264245
842.0 0.0003298373258076026
843.0 4.5607620791088266e-05
844.0 0.0001113409439312818
845.0 0.00017707427559798816
846.0 0.00044475441427493934
847.0 0.0007124347121134633
848.0 0.0006238150945137022
849.0 0.0005351955678634113
850.0 0.000576292586629279
851.0 0.0006173896508698817
852.0 0.0006217265308805509
853.0 0.0006260630470933393
854.0 0.0006642683274549199
855.0 0.0007024734259175602
856.0 0.0006250880687730387
857.0 0.0005477028025779873
858.0 0.0005472675638884539
859.0 0.0005468323706736555
860.0 0.0005603034878731705
861.0 0.0005737746050726855
862.0 0.0005043254986958345
863.0 0.00043487639231898356
864.0 0.000426512815465685
865.0 0.0004181492386123864
866.0 0.0004501709554460831
867.0 0.0004821926722797798
868.0 0.0006446546194638358
869.0 0.000807116612122627
870.0 0.000656297515888582
871.0 0.0005054782377555966
872.0 0.00038022112676117104
873.0 0.00025496387934254017
874.0 0.0004648499725590227
875.0 0.0006747361567249754
876.0 0.0007429081051668618
877.0 0.0008110800990834832
878.0 0.0007711091711826157
879.0 0.0007311381068575429
880.0 0.0007422995622619055
881.0 0.0007534612905146787
882.0 0.000677218804412405
883.0 0.0006009765911585419
884.0 0.0006335727448458783
885.0 0.0006661690804321552
886.0 0.0007295469458767911
887.0 0.0007929250386951026
888.0 0.000590645549891633
889.0 0.0003883661520376336
890.0 0.00038734137888241094
891.0 0.00038631678762612864
892.0 0.0004322098448028555
893.0 0.00047810294745431747
894.0 0.0005071374744147761
895.0 0.0005361720013752347
896.0 0.00033852195429062704
897.0 0.00014087180488786544
898.0 0.0002763004431471927
899.0 0.0004117290700378362
900.0 0.0003686662239488214
901.0 0.00032560337785980664
902.0 0.0005507411515282001
903.0 0.0007758790161460638
904.0 0.00043729319259000476
905.0 9.870727808447555e-05
906.0 0.00035012390071642585
