lsstCam/transmission_filter_detector/r23_s01/g_6/19700101T000000.ecsv
# %ECSV 1.0
# ---
# datatype:
# - {name: wavelength, unit: nm, datatype: float32}
# - {name: efficiency, unit: '%', datatype: float64}
# meta: !!omap
# - {MODE: DETECTOR}
# - {TYPE: transmission_filter_detector}
# - {CALIBDATE: '1970-01-01T00:00:00'}
# - {INSTRUME: LSSTCam}
# - {OBSTYPE: transmission_filter_detector}
# - {CALIBCLS: lsst.ip.isr.IntermediateFilterDetectorTransmissionCurve}
# - {SOURCE: Materion (DM-46256)}
# - {DETECTOR: 100}
# - {FILTER: g_6}
# - {CALIB_ID: 'calibDate=1970-01-01T00:00:00 filter=g_6 detector=100'}
# - {DATE: '2025-04-02T15:59:42.491365'}
# - {CALIB_CREATION_DATE: '2025-04-02'}
# - {CALIB_CREATION_TIME: '15:59:42'}
# - __serialized_columns__:
#     efficiency:
#       __class__: astropy.units.quantity.Quantity
#       unit: !astropy.units.Unit {unit: '%'}
#       value: !astropy.table.SerializedColumn {name: efficiency}
#     wavelength:
#       __class__: astropy.units.quantity.Quantity
#       unit: !astropy.units.Unit {unit: nm}
#       value: !astropy.table.SerializedColumn {name: wavelength}
# schema: astropy-2.0
wavelength efficiency
[from data line 608]
908.0 0.0005279408924252493
909.0 0.00045434144340106286
910.0 0.00043584450395428576
911.0 0.00041734756450750865
912.0 0.0004973772320226999
913.0 0.0005774069904873613
914.0 0.0003870444288622821
915.0 0.00019668188997457037
916.0 0.0002012425966313458
917.0 0.0002058032350760186
918.0 0.0002517593429729459
919.0 0.00029771545086987317
920.0 0.00038795938053226564
921.0 0.0004782033101946581
922.0 0.0005890572538191918
923.0 0.0006999111974437255
924.0 0.000569903340874589
925.0 0.0004398953933559824
926.0 0.0005048745151725598
927.0 0.0005698537279386073
928.0 0.0005230538135947427
929.0 0.0004762539902003482
930.0 0.0004923994765704265
931.0 0.0005085449629405048
932.0 0.0004696375526691554
933.0 0.00043073018787254114
934.0 0.0004987504780729068
935.0 0.0005667708137480076
936.0 0.000530768829776207
937.0 0.0004947669822286116
938.0 0.0007277945769601502
939.0 0.0009608222171664238
940.0 0.0007470533546438674
941.0 0.0005332844466465758
942.0 0.0007167681360442657
943.0 0.0009002518709166907
944.0 0.0006902735094627133
945.0 0.0004802949661097955
946.0 0.0006005979230394587
947.0 0.0007209007890196517
948.0 0.0010116567864315584
949.0 0.0013024129657424055
950.0 0.0010969687536999118
951.0 0.0008915244507079478
952.0 0.0009235616744263098
953.0 0.0009555989890941419
954.0 0.0008525698831363115
955.0 0.0007495408681279514
956.0 0.0006786834546801401
957.0 0.0006078258138586534
958.0 0.000820166042103665
959.0 0.0010325062248739414
960.0 0.0008042976332944818
961.0 0.0005760889052908169
962.0 0.0006422452315746341
963.0 0.0007084016488079214
964.0 0.0007060227289912291
965.0 0.0007036437182250666
966.0 0.0007583770639030263
967.0 0.0008131103641062509
968.0 0.0007452188583556563
969.0 0.0006773273980797967
970.0 0.0007531861683673924
971.0 0.0008290450750791933
972.0 0.0008306446943606716
973.0 0.0008322445864905603
974.0 0.0007756028935546055
975.0 0.0007189615644165315
976.0 0.0007958464266266674
977.0 0.000872731652634684
978.0 0.0009709308869787492
979.0 0.0010691303032217547
980.0 0.0010944946552626789
981.0 0.0011198591892025433
982.0 0.0010093617675011046
983.0 0.0008988642548501957
984.0 0.0009738398148328997
985.0 0.0010488156476640143
986.0 0.0011432450264692307
987.0 0.0012376741324260365
988.0 0.001192879062728025
989.0 0.0011480838111310732
990.0 0.0011989408449153416
991.0 0.00124979787869961
992.0 0.0012785233593604062
993.0 0.0013072487490717322
994.0 0.0012535569112515077
995.0 0.001199864982481813
996.0 0.0011443264156696387
997.0 0.0010887880307564046
998.0 0.0012720870472548995
999.0 0.0014553860637533944
1000.0 0.0012904027244076133
1001.0 0.0011254192031628918
1002.0 0.0011449985322542489
1003.0 0.001164577861345606
1004.0 0.0011352370165695902
1005.0 0.0011058958079956938
1006.0 0.0013169435078452807
1007.0 0.0015279911167453974
1008.0 0.0016158339349203743
1009.0 0.0017036771168932319
1010.0 0.0017767968529369682
1011.0 0.001849916770879645
1012.0 0.002014278834394645
1013.0 0.0021786410798085853
1014.0 0.0021653982912539504
1015.0 0.0021521560483961366
1016.0 0.0025564426323398948
1017.0 0.002960729761980474
1018.0 0.003128961907350458
1019.0 0.003297194416518323
1020.0 0.0033395768696209416
1021.0 0.00338195932272356
1022.0 0.00389612941944506
1023.0 0.004410299879964441
1024.0 0.0044460088247433305
1025.0 0.004481718133320101
1026.0 0.004725744656752795
1027.0 0.004969770816387609
1028.0 0.004988955333828926
1029.0 0.0050081398512702435
1030.0 0.0051006714784307405
1031.0 0.005193202741793357
1032.0 0.0055121854529716074
1033.0 0.005831168164149858
1034.0 0.005677045919583179
1035.0 0.005522924038814381
1036.0 0.005536240496439859
1037.0 0.005549556590267457
1038.0 0.005789333954453468
1039.0 0.00602911131863948
1040.0 0.006409106572391465
1041.0 0.006789100734749809
1042.0 0.007057718903524801
1043.0 0.007326337072299793
1044.0 0.007508163980673999
1045.0 0.007689989433856681
1046.0 0.008676278230268508
1047.0 0.009662565571488813
1048.0 0.011258730228291824
1049.0 0.01285489124711603
1050.0 0.015468944911845028
1051.0 0.01808299421099946
1052.0 0.021934963297098875
1053.0 0.025786939659155905
1054.0 0.03092135302722454
1055.0 0.03605576930567622
1056.0 0.04320962761994451
1057.0 0.05036348011344671
1058.0 0.058278144570067525
1059.0 0.06619279156439006
1060.0 0.07395700085908175
1061.0 0.08172117522917688
1062.0 0.08955918019637465
1063.0 0.09739716188050807
1064.0 0.10401462204754353
1065.0 0.1106320763938129
1066.0 0.11799245839938521
1067.0 0.12535284040495753
1068.0 0.1333545777015388
1069.0 0.1413563615642488
1070.0 0.1517866738140583
1071.0 0.16221697442233562
1072.0 0.17288540257140994
1073.0 0.1835538074374199
1074.0 0.19438434392213821
1075.0 0.20521492697298527
1076.0 0.21633387077599764
1077.0 0.22745279129594564
1078.0 0.2398852724581957
1079.0 0.25231768377125263
1080.0 0.2688824897632003
1081.0 0.2854473190382123
1082.0 0.3146187635138631
1083.0 0.34379023127257824
1084.0 0.38520165253430605
1085.0 0.4266131203621626
1086.0 0.4633935634046793
1087.0 0.500174006447196
1088.0 0.5658650305122137
1089.0 0.6315561011433601
1090.0 0.7114142645150423
1091.0 0.7912724278867245
1092.0 0.8275765925645828
1093.0 0.8638804778456688
1094.0 0.9117222391068935
1095.0 0.9595637209713459
1096.0 1.0225463658571243
1097.0 1.0855292901396751
1098.0 1.1414805427193642
1099.0 1.1974318884313107
1100.0 1.415371336042881
1101.0 1.633310317993164
