lsstCam/transmission_filter_detector/r32_s20/g_6/19700101T000000.ecsv
# %ECSV 1.0
# ---
# datatype:
# - {name: wavelength, unit: nm, datatype: float32}
# - {name: efficiency, unit: '%', datatype: float64}
# meta: !!omap
# - {MODE: DETECTOR}
# - {TYPE: transmission_filter_detector}
# - {CALIBDATE: '1970-01-01T00:00:00'}
# - {INSTRUME: LSSTCam}
# - {OBSTYPE: transmission_filter_detector}
# - {CALIBCLS: lsst.ip.isr.IntermediateFilterDetectorTransmissionCurve}
# - {SOURCE: Materion (DM-46256)}
# - {DETECTOR: 141}
# - {FILTER: g_6}
# - {CALIB_ID: 'calibDate=1970-01-01T00:00:00 filter=g_6 detector=141'}
# - {DATE: '2025-04-02T15:59:42.680018'}
# - {CALIB_CREATION_DATE: '2025-04-02'}
# - {CALIB_CREATION_TIME: '15:59:42'}
# - __serialized_columns__:
#     efficiency:
#       __class__: astropy.units.quantity.Quantity
#       unit: !astropy.units.Unit {unit: '%'}
#       value: !astropy.table.SerializedColumn {name: efficiency}
#     wavelength:
#       __class__: astropy.units.quantity.Quantity
#       unit: !astropy.units.Unit {unit: nm}
#       value: !astropy.table.SerializedColumn {name: wavelength}
# schema: astropy-2.0
wavelength efficiency
[from data line 608]
908.0 0.00036233716400602134
909.0 0.00044335779421089683
910.0 0.0004063186679559294
911.0 0.000369279541700962
912.0 0.00036690057640953455
913.0 0.0003645216111181071
914.0 0.00041895577851391863
915.0 0.00047338999138446525
916.0 0.0003766867621379788
917.0 0.00027998357836622745
918.0 0.00036875785554002505
919.0 0.00045753217818855774
920.0 0.00041418143155169673
921.0 0.0003708307303895708
922.0 0.00037361182876338717
923.0 0.0003763929726119386
924.0 0.00041414459701627493
925.0 0.00045189617594587617
926.0 0.0004463974619284272
927.0 0.0004408987024362432
928.0 0.00046396908146562055
929.0 0.0004870395514444681
930.0 0.0005248144134384347
931.0 0.0005625893209071364
932.0 0.0004760934643854853
933.0 0.00038959756238909904
934.0 0.0005030008196627023
935.0 0.0006164040314615704
936.0 0.0006606020633626031
937.0 0.0007048001407383708
938.0 0.000576471120439237
939.0 0.0004481421910895733
940.0 0.0005851132300449535
941.0 0.0007220842235255986
942.0 0.0007382313469861401
943.0 0.0007543784704466816
944.0 0.0006172182565933326
945.0 0.0004800579063157784
946.0 0.0007998336513992399
947.0 0.0011196095329069067
948.0 0.0009495684025750961
949.0 0.0007795272722432856
950.0 0.0007320398708543507
951.0 0.0006845523785159457
952.0 0.0008893702215573285
953.0 0.0010941881555481814
954.0 0.0010557600035099313
955.0 0.0010173318514716811
956.0 0.0008212065040424932
957.0 0.0006250811111385701
958.0 0.000636108779872302
959.0 0.0006471364031312987
960.0 0.0007115372682164889
961.0 0.000775938133301679
962.0 0.0007311798981390893
963.0 0.0006864216629764996
964.0 0.0006423045761039248
965.0 0.0005981873982818797
966.0 0.0005976704869681271
967.0 0.0005971536211291095
968.0 0.000682217887515435
969.0 0.0007672821993764956
970.0 0.0007159720553318039
971.0 0.000664661820337642
972.0 0.0006783387107134331
973.0 0.0006920156010892242
974.0 0.0007064957117108861
975.0 0.0007209757768578129
976.0 0.0007669677870580927
977.0 0.0008129597517836373
978.0 0.000807560900284443
979.0 0.0008021618668863084
980.0 0.0008511562555213459
981.0 0.0009001507351058535
982.0 0.0009670632607594598
983.0 0.0010339758773625363
984.0 0.001192100899061188
985.0 0.00135022592075984
986.0 0.0013245509762782604
987.0 0.0012988763046450913
988.0 0.0012394351870170794
989.0 0.001179993796540657
990.0 0.001241562858922407
991.0 0.001303131921304157
992.0 0.0012826479178329464
993.0 0.001262164005311206
994.0 0.00130892003653571
995.0 0.0013556763406086247
996.0 0.0013103673154546414
997.0 0.0012650581993511878
998.0 0.0012650961252802517
999.0 0.001265134233108256
1000.0 0.001256927407666808
1001.0 0.0012487204003264196
1002.0 0.0012417617654136848
1003.0 0.00123480313050095
1004.0 0.0012594048712344375
1005.0 0.0012840065210184548
1006.0 0.0013395887435763143
1007.0 0.001395171057083644
1008.0 0.0013959727766632568
1009.0 0.0013967743143439293
1010.0 0.0014551095773640554
1011.0 0.001513445022283122
1012.0 0.0015336539945565164
1013.0 0.0015538627849309705
1014.0 0.0017891181414597668
1015.0 0.0020243736798875034
1016.0 0.0021517143977689557
1017.0 0.0022790552975493483
1018.0 0.002498192225175444
1019.0 0.0027173295165994205
1020.0 0.0028209575248183683
1021.0 0.0029245857149362564
1022.0 0.0032422416552435607
1023.0 0.0035598979593487456
1024.0 0.003706204370246269
1025.0 0.003852510781143792
1026.0 0.004115090632694773
1027.0 0.004377670484245755
1028.0 0.004471985812415369
1029.0 0.004566301140584983
1030.0 0.004681816426455043
1031.0 0.004797331712325104
1032.0 0.004924785389448516
1033.0 0.005052239430369809
1034.0 0.005196034180698916
1035.0 0.005339828931028023
1036.0 0.005547102045966312
1037.0 0.005754375160904601
1038.0 0.0057297333114547655
1039.0 0.0057050918258028105
1040.0 0.0059186881117057055
1041.0 0.006132284761406481
1042.0 0.006184544326970354
1043.0 0.006236805347725749
1044.0 0.006549385580001399
1045.0 0.006861965812277049
1046.0 0.007379033195320517
1047.0 0.007896099123172462
1048.0 0.008742698992136866
1049.0 0.009589299588697031
1050.0 0.010972686141030863
1051.0 0.01235607051057741
1052.0 0.014656817074865103
1053.0 0.016957563639152795
1054.0 0.020657664572354406
1055.0 0.024357764050364494
1056.0 0.029103000997565687
1057.0 0.033848226303234696
1058.0 0.04063849046360701
1059.0 0.04742875462397933
1060.0 0.05544009618461132
1061.0 0.06345143192447722
1062.0 0.07202623528428376
1063.0 0.08060104446485639
1064.0 0.08949976763688028
1065.0 0.09839850245043635
1066.0 0.10643524583429098
1067.0 0.11447198921814561
1068.0 0.12288198340684175
1069.0 0.13129198923707008
1070.0 0.14039906673133373
1071.0 0.1495061325840652
1072.0 0.1585464458912611
1073.0 0.16758674755692482
1074.0 0.17688258085399866
1075.0 0.18617839086800814
1076.0 0.1956448657438159
1077.0 0.20511134061962366
1078.0 0.21465674508363008
1079.0 0.2242021495476365
1080.0 0.2365647116675973
1081.0 0.24892727378755808
1082.0 0.26537778321653605
1083.0 0.281828292645514
1084.0 0.3093748353421688
1085.0 0.33692135475575924
1086.0 0.37404659669846296
1087.0 0.4111717455089092
1088.0 0.45959590934216976
1089.0 0.5080200731754303
1090.0 0.5683873314410448
1091.0 0.6287546828389168
1092.0 0.7037563715130091
1093.0 0.7787581998854876
1094.0 0.8529389277100563
1095.0 0.9271197021007538
1096.0 0.9801460430026054
1097.0 1.0331721976399422
1098.0 1.119173876941204
1099.0 1.205175742506981
1100.0 1.338640134781599
1101.0 1.4721046201884747
