lsstCam/transmission_filter_detector/r32_s20/g_6/19700101T000000.ecsv
# %ECSV 1.0
# ---
# datatype:
# - {name: wavelength, unit: nm, datatype: float32}
# - {name: efficiency, unit: '%', datatype: float64}
# meta: !!omap
# - {MODE: DETECTOR}
# - {TYPE: transmission_filter_detector}
# - {CALIBDATE: '1970-01-01T00:00:00'}
# - {INSTRUME: LSSTCam}
# - {OBSTYPE: transmission_filter_detector}
# - {CALIBCLS: lsst.ip.isr.IntermediateFilterDetectorTransmissionCurve}
# - {SOURCE: Materion (DM-46256)}
# - {DETECTOR: 141}
# - {FILTER: g_6}
# - {CALIB_ID: 'calibDate=1970-01-01T00:00:00 filter=g_6 detector=141'}
# - {DATE: '2025-04-02T15:59:42.680018'}
# - {CALIB_CREATION_DATE: '2025-04-02'}
# - {CALIB_CREATION_TIME: '15:59:42'}
# - __serialized_columns__:
#     efficiency:
#       __class__: astropy.units.quantity.Quantity
#       unit: !astropy.units.Unit {unit: '%'}
#       value: !astropy.table.SerializedColumn {name: efficiency}
#     wavelength:
#       __class__: astropy.units.quantity.Quantity
#       unit: !astropy.units.Unit {unit: nm}
#       value: !astropy.table.SerializedColumn {name: wavelength}
# schema: astropy-2.0
wavelength efficiency
300.0 0.3407201496884227
301.0 0.2991399262100458
302.0 0.25755970273166895
303.0 0.24717329069972038
304.0 0.23678690195083618
305.0 0.22891608532518148
306.0 0.2210452686995268
307.0 0.21306935232132673
308.0 0.2050934126600623
309.0 0.19906875677406788
310.0 0.19304410088807344
311.0 0.19333033123984933
312.0 0.19361653830856085
313.0 0.19185692071914673
314.0 0.19009729148820043
315.0 0.1847411273047328
316.0 0.17938497476279736
317.0 0.17425554106011987
318.0 0.16912610735744238
319.0 0.1567778759635985
320.0 0.1444296445697546
321.0 0.1342702773399651
322.0 0.12411089846864343
323.0 0.11288021923974156
324.0 0.1016495400108397
325.0 0.09126004879362881
326.0 0.08087054593488574
327.0 0.0740054587367922
328.0 0.06714037735946476
329.0 0.06259406800381839
330.0 0.05804775864817202
331.0 0.054420012747868896
332.0 0.05079226684756577
333.0 0.047184163122437894
334.0 0.043576062307693064
335.0 0.04193734785076231
336.0 0.04029863339383155
337.0 0.04053142620250583
338.0 0.04076421610079706
339.0 0.03986095543950796
340.0 0.038957688957452774
341.0 0.03724904381670058
342.0 0.03554039867594838
343.0 0.032432147418148816
344.0 0.029323893249966204
345.0 0.025888363597914577
346.0 0.02245283976662904
347.0 0.020559917902573943
348.0 0.01866699894890189
349.0 0.01733554236125201
350.0 0.16650744946673512
351.0 1.3300592079758644
352.0 0.4647376947104931
353.0 0.8132534101605415
354.0 0.24000469129532576
355.0 1.0115433484315872
356.0 0.29620558489114046
357.0 0.9932983666658401
358.0 0.32534997444599867
359.0 0.7957093417644501
360.0 0.3515419317409396
361.0 0.5990983918309212
362.0 0.3241589292883873
363.0 0.7720940746366978
364.0 0.2662677550688386
365.0 0.8379759266972542
366.0 0.2505341777577996
367.0 0.805364828556776
368.0 0.22919571492820978
369.0 0.533909909427166
370.0 0.1895148539915681
371.0 0.6142354104667902
372.0 0.21507565397769213
373.0 0.6948267109692097
374.0 0.25809453800320625
375.0 0.5746249109506607
376.0 0.25681990664452314
377.0 0.5231551826000214
378.0 0.22614016197621822
379.0 0.5569301079958677
380.0 0.24256538599729538
381.0 0.5324449855834246
382.0 0.5720235407352448
383.0 0.4965473897755146
384.0 0.5844804923981428
385.0 0.6075835321098566
386.0 0.6427648942917585
387.0 0.7315023802220821
388.0 0.8849990554153919
389.0 1.1418051086366177
390.0 1.6433145850896835
391.0 2.480311132967472
392.0 3.9462894201278687
393.0 6.325539946556091
394.0 9.508903324604034
395.0 13.956750929355621
396.0 19.442832469940186
397.0 26.463183760643005
398.0 34.66797173023224
399.0 43.82515847682953
400.0 53.20727229118347
401.0 62.41353750228882
402.0 70.97048759460449
403.0 78.41408252716064
404.0 84.04053449630737
405.0 88.28478455543518
406.0 90.81540107727051
407.0 92.83638596534729
408.0 94.00832653045654
409.0 94.70366835594177
410.0 94.91148591041565
411.0 94.75713968276978
412.0 94.43788528442383
413.0 94.26913857460022
414.0 94.0599799156189
415.0 94.12057399749756
416.0 94.46102380752563
417.0 94.8473572731018
418.0 95.3242838382721
419.0 95.8769142627716
420.0 96.4412271976471
421.0 97.02031016349792
422.0 97.14519381523132
423.0 97.39388227462769
424.0 97.21767902374268
425.0 97.13072180747986
426.0 97.10068702697754
427.0 97.15887904167175
428.0 96.92635536193848
429.0 96.77749276161194
430.0 96.64437174797058
431.0 96.58887386322021
432.0 96.64890766143799
433.0 96.70779705047607
434.0 96.7900812625885
435.0 96.9389259815216
436.0 97.03320264816284
437.0 97.00860381126404
438.0 97.11317420005798
439.0 97.17886447906494
440.0 97.12424874305725
441.0 97.2041666507721
442.0 97.27374315261841
443.0 97.21654057502747
444.0 97.1665620803833
445.0 96.93548083305359
446.0 96.85532450675964
447.0 96.59644365310669
448.0 96.61473631858826
449.0 96.78022861480713
450.0 96.99214100837708
451.0 97.20103740692139
452.0 97.41782546043396
453.0 97.50927686691284
454.0 97.57655262947083
455.0 97.83337712287903
456.0 97.9199230670929
457.0 98.0882465839386
458.0 98.09238314628601
459.0 98.1084942817688
460.0 98.13787937164307
461.0 98.33765625953674
462.0 98.27675223350525
463.0 98.20485711097717
464.0 98.27712774276733
465.0 98.24362397193909
466.0 98.24386239051819
467.0 98.23608994483948
468.0 98.25446605682373
469.0 98.31072092056274
470.0 98.126620054245
471.0 98.02600145339966
472.0 98.0621874332428
473.0 97.95979261398315
474.0 97.793447971344
475.0 97.91028499603271
476.0 97.89876341819763
477.0 97.88915514945984
478.0 97.97711372375488
479.0 97.92202115058899
480.0 98.09873104095459
481.0 98.19732904434204
482.0 98.39633703231812
483.0 98.28712940216064
484.0 98.48279356956482
485.0 98.49730730056763
486.0 98.52569103240967
487.0 98.56176972389221
488.0 98.5472559928894
489.0 98.66269826889038
490.0 98.59750270843506
491.0 98.61751794815063
492.0 98.54601621627808
493.0 98.56187105178833
494.0 98.47864508628845
495.0 98.57789278030396
496.0 98.38412404060364
497.0 98.30164313316345
498.0 98.10360670089722
499.0 98.15095067024231
500.0 98.1002688407898
501.0 98.06874990463257
502.0 97.96187281608582
503.0 98.092120885849
504.0 97.90146350860596
505.0 97.929447889328
506.0 97.98476099967957
507.0 97.95685410499573
508.0 97.92808890342712
509.0 97.91772365570068
510.0 97.89159297943115
511.0 97.8510856628418
512.0 97.78169989585876
513.0 97.83225059509277
514.0 97.85603284835815
515.0 97.83762097358704
516.0 97.92644381523132
517.0 97.90281057357788
518.0 98.05353283882141
519.0 98.04197549819946
520.0 98.08288216590881
521.0 98.21147918701172
522.0 98.24966192245483
523.0 98.2283890247345
524.0 98.24311137199402
525.0 98.23631048202515
526.0 98.35659861564636
527.0 98.30480813980103
528.0 98.39752316474915
529.0 98.54510426521301
530.0 98.49997758865356
531.0 98.65784049034119
532.0 98.5339879989624
533.0 98.52709174156189
534.0 98.57878088951111
535.0 98.38647246360779
536.0 98.11149835586548
537.0 97.6244330406189
538.0 96.88166975975037
539.0 95.62917947769165
540.0 94.03950572013855
541.0 91.54852032661438
542.0 88.85239362716675
543.0 85.31162738800049
544.0 80.8375358581543
545.0 76.87109708786011
546.0 71.91277742385864
547.0 67.31235384941101
548.0 62.66498565673828
549.0 58.42514634132385
550.0 55.017268657684326
551.0 51.75516605377197
552.0 49.28939640522003
553.0 46.7485636472702
554.0 43.973055481910706
555.0 40.95604419708252
556.0 36.908429861068726
557.0 32.213595509529114
558.0 26.97037160396576
559.0 21.67089730501175
560.0 16.418640315532684
561.0 11.462444067001343
562.0 7.538279891014099
563.0 4.567829892039299
564.0 2.5610918179154396
565.0 1.0502414777874947
566.0 0.669721094891429
567.0 0.30843978747725487
568.0 0.20159948617219925
569.0 0.09296070202253759
570.0 0.09628618136048317
571.0 0.04990994930267334
572.0 0.06321216933429241
573.0 0.025748839834704995
574.0 0.05210174713283777
575.0 0.021264109818730503
576.0 0.04338953003752977
577.0 0.017257759463973343
578.0 0.030800735112279654
579.0 0.01670020428718999
580.0 0.03830572823062539
581.0 0.01455374585930258
582.0 0.0307398266158998
583.0 0.013676426897291094
584.0 0.026194480597041547
585.0 0.00828771444503218
586.0 0.015767359582241625
587.0 0.00495715212309733
588.0 0.018027506303042173
589.0 0.01463699882151559
590.0 0.018417979299556464
591.0 0.003965064024669118
592.0 0.015116861322894692
593.0 0.00689345906721428
594.0 0.024399095855187625
595.0 0.005600745498668402
596.0 0.006212614243850112
597.0 0.005379590220400132
598.0 0.020708932424895465
599.0 0.00619240163359791
600.0 0.0164592478540726
601.0 0.0023428883650922216
602.0 0.0023005788534646854
603.0 0.00225826970563503
604.0 0.0020975465304218233
605.0 0.0019368233552086167
606.0 0.001964027978829108
607.0 0.0019912324205506593
608.0 0.002020165993599221
609.0 0.0020490993847488426
610.0 0.0020233825125615112
611.0 0.0019976654584752396
612.0 0.001930498365254607
613.0 0.0018633316358318552
614.0 0.0018293176253791898
615.0 0.001795303433027584
616.0 0.0016641526599414647
617.0 0.0015330020687542856
618.0 0.0015676048860768788
619.0 0.001602207703399472
620.0 0.0014959842701500747
621.0 0.0013897607459512074
622.0 0.001422845343768131
623.0 0.0014559298506355844
624.0 0.0015839528714423068
625.0 0.0017119760741479695
626.0 0.0015404504665639251
627.0 0.0013689248589798808
628.0 0.001477762452850584
629.0 0.001586600046721287
630.0 0.0015610268746968359
631.0 0.001535453884571325
632.0 0.0014764577827008907
633.0 0.0014174618627293967
634.0 0.0014031777027412318
635.0 0.0013888934518035967
636.0 0.0013931009561929386
637.0 0.0013973084605822805
638.0 0.001358388635708252
639.0 0.0013194687198847532
640.0 0.0013588326510216575
641.0 0.0013981967640575022
642.0 0.001358640474791173
643.0 0.001319084367423784
644.0 0.001216288364958018
645.0 0.001113492817239603
646.0 0.0011575654752959963
647.0 0.0012016381333523896
648.0 0.0012277728274057154
649.0 0.0012539077033579815
650.0 0.0011836566045531072
651.0 0.001113405596697703
652.0 0.0011579884812817909
653.0 0.0012025713658658788
654.0 0.0011986043318756856
655.0 0.0011946372069360223
656.0 0.0011998586160189006
657.0 0.0012050801160512492
658.0 0.0011573415577004198
659.0 0.0011096029993495904
660.0 0.001071797942131525
661.0 0.0010339925211155787
662.0 0.0010786409802676644
663.0 0.0011232894394197501
664.0 0.0011673930202960037
665.0 0.0012114966921217274
666.0 0.0012132004485465586
667.0 0.00121490429592086
668.0 0.0012163251994934399
669.0 0.0012177459211670794
670.0 0.0011381493095541373
671.0 0.0010585526979411952
672.0 0.0009758623491507024
673.0 0.00089317227320862
674.0 0.0010401011422800366
675.0 0.0011870300113514531
676.0 0.0011379543138900772
677.0 0.0010888784345297609
678.0 0.0010611902325763367
679.0 0.0010335020306229126
680.0 0.0010320321962353773
681.0 0.0010305626346962526
682.0 0.0010302122063876595
683.0 0.001029862050927477
684.0 0.0009496664461039472
685.0 0.0008694707503309473
686.0 0.0009333037269243505
687.0 0.0009971365216188133
688.0 0.0010090476280311123
689.0 0.0010209588253928814
690.0 0.0011297916898911353
691.0 0.0012386245543893892
692.0 0.0011230522432015277
693.0 0.0010074800229631364
694.0 0.0010279451089445502
695.0 0.001048410285875434
696.0 0.0011083317076554522
697.0 0.0011682533113344107
698.0 0.0011779880878748372
699.0 0.0011877228644152638
700.0 0.0011906338841072284
701.0 0.0011935446309507824
702.0 0.001223600975208683
703.0 0.0012536572285171133
704.0 0.001202726434712531
705.0 0.0011517954590090085
706.0 0.0010521510375838261
707.0 0.0009525066161586437
708.0 0.0010101655789185315
709.0 0.0010678247235773597
710.0 0.0011267965419392567
711.0 0.0011857682693516836
712.0 0.0012103644621674903
713.0 0.001234960654983297
714.0 0.0013230946024123114
715.0 0.001411228640790796
716.0 0.001425587288395036
717.0 0.0014399462088476866
718.0 0.001612829692021478
719.0 0.0017857133570942096
720.0 0.0014842566088191234
721.0 0.0011827995876956265
722.0 0.0013151747225492727
723.0 0.0014475498574029189
724.0 0.001531028829049319
725.0 0.001614507709746249
726.0 0.0017297887097811326
727.0 0.0018450697098160163
728.0 0.0019137429262627847
729.0 0.0019824163246084936
730.0 0.001983716902032029
731.0 0.0019850176613545045
732.0 0.0018275861293659545
733.0 0.001670154779276345
734.0 0.0015440846254932694
735.0 0.001418014562659664
736.0 0.001255827555723954
737.0 0.0010936404578387737
738.0 0.0010146624845219776
739.0 0.0009356843293062411
740.0 0.0009102164767682552
741.0 0.0008847486242302693
742.0 0.0008790996616880875
743.0 0.0008734507900953759
744.0 0.0008316190360346809
745.0 0.0007897873729234561
746.0 0.0006653207492490765
747.0 0.0005408540800999617
748.0 0.0005971316113573266
749.0 0.0006534090971399564
750.0 0.0007561196525784908
751.0 0.0008588302080170251
752.0 0.0009015757314045914
753.0 0.0009443212547921576
754.0 0.0008231765605160035
755.0 0.0007020315479167039
756.0 0.0007634203029738273
757.0 0.0008248089216067456
758.0 0.0008914252248359844
759.0 0.0009580418009136338
760.0 0.0009202891305903904
761.0 0.0008825365512166172
762.0 0.0008301619345729705
763.0 0.0007777872269798536
764.0 0.000709582809577114
765.0 0.0006413784831238445
766.0 0.0006789702183596091
767.0 0.0007165619990701089
768.0 0.0006566972388100112
769.0 0.0005968324785499135
770.0 0.000559614272788167
771.0 0.0005223961125011556
772.0 0.0005849263288837392
773.0 0.0006474564088421175
774.0 0.0006141119683888974
775.0 0.0005807674824609421
776.0 0.0005499726739799371
777.0 0.0005191776381252566
778.0 0.00048649135351297446
779.0 0.0004538050689006923
780.0 0.0005672508450516034
781.0 0.0006806966666772496
782.0 0.0005586143743130378
783.0 0.0004365321274235612
784.0 0.00039874848880572245
785.0 0.0003609648956626188
786.0 0.00045937772483739536
787.0 0.000557790599486907
788.0 0.0004830270427191863
789.0 0.00040826344047673047
790.0 0.0004135898961976636
791.0 0.00041891644286806695
792.0 0.0003978363110945793
793.0 0.0003767561565837241
794.0 0.0003704225946421502
795.0 0.00036408898722584127
796.0 0.0004435926257428946
797.0 0.0005230963324720506
798.0 0.00040738086681813
799.0 0.000291665423901577
800.0 0.00032060377179732313
801.0 0.0003495421424304368
802.0 0.0004942924533679616
803.0 0.0006390428097802214
804.0 0.0005620544470730238
805.0 0.0004850660843658261
806.0 0.0005068950940767536
807.0 0.0005287241492624162
808.0 0.0005029059593653074
809.0 0.0004770878604176687
810.0 0.0004097516466572415
811.0 0.0003424153874220792
812.0 0.00033606766010052525
813.0 0.0003297199555163388
814.0 0.0003764428811336984
815.0 0.0004231658294884255
816.0 0.0005420819434220903
817.0 0.0006609981483052252
818.0 0.000546535602552467
819.0 0.00043207310227444395
820.0 0.00044911257646162994
821.0 0.0004661521415982861
822.0 0.0004492790594667895
823.0 0.00043240593186055776
824.0 0.0004322022505220957
825.0 0.00043199861465836875
826.0 0.00048551969484833535
827.0 0.0005390407750383019
828.0 0.00046412133087869734
829.0 0.00038920184124435764
830.0 0.00029676891699637054
831.0 0.0002043359700110159
832.0 0.0002946808763226727
833.0 0.00038502575989696197
834.0 0.00038385901461879257
835.0 0.0003826922238658881
836.0 0.00041417333704885095
837.0 0.00044565431380760856
838.0 0.000452364974989905
839.0 0.0004590755906974664
840.0 0.00043872323658433743
841.0 0.00041837088247120846
842.0 0.0005031160526414169
843.0 0.0005878611318621552
844.0 0.0006296028004726395
845.0 0.0006713445145578589
846.0 0.0004703862487076549
847.0 0.0002694279601200833
848.0 0.0002788837036860059
849.0 0.0002883394927266636
850.0 0.00022506596906168852
851.0 0.0001617925022401323
852.0 0.000161158163791697
853.0 0.00016052380260589416
854.0 0.0002092426257149782
855.0 0.000257961460192746
856.0 0.0003292074779892573
857.0 0.00040045356399787124
858.0 0.00046431641749222763
859.0 0.000528179270986584
860.0 0.0005036588845541701
861.0 0.00047913845264702104
862.0 0.00036134181300440105
863.0 0.00024354517336178105
864.0 0.0002926367187683354
865.0 0.0003417282641748898
866.0 0.00043938794078712817
867.0 0.0005370475264498964
868.0 0.0005240208338364027
869.0 0.000510994095748174
870.0 0.0004440520115167601
871.0 0.0003771099727600813
872.0 0.00039901124182506464
873.0 0.0004209126018395182
874.0 0.0005528906967811054
875.0 0.0006848687917226925
876.0 0.0005222289019002346
877.0 0.00035958903481514426
878.0 0.0004428531610756181
879.0 0.0005261172191239893
880.0 0.000559738418814959
881.0 0.0005933595275564585
882.0 0.0005435768798633944
883.0 0.0004937942321703304
884.0 0.0005453842732094927
885.0 0.0005969742687739199
886.0 0.0005864952527190326
887.0 0.0005760161911894102
888.0 0.0005760490239481442
889.0 0.0005760819021816133
890.0 0.0005653861990140285
891.0 0.0005546904958464438
892.0 0.000526206804352114
893.0 0.0004977231128577841
894.0 0.0005365726337913657
895.0 0.000575422063775477
896.0 0.0005511084964382462
897.0 0.0005267949745757505
898.0 0.0004792971594724804
899.0 0.0004317993898439454
900.0 0.00033850642466859426
901.0 0.00024521345949324314
902.0 0.0004339867246017093
903.0 0.0006227599442354403
904.0 0.0005103398962091887
905.0 0.0003979198936576722
906.0 0.0003396181909920415
