ts8/qe_curve/rtm-022_s10/19700101T000000.ecsv
# %ECSV 0.9
# ---
# datatype:
# - {name: amp_name, datatype: string}
# - {name: wavelength, unit: nm, datatype: float32}
# - {name: efficiency, unit: '%', datatype: float32}
# meta: !!omap
# - {MODE: AMP}
# - {TYPE: QE}
# - {CALIBDATE: '1970-01-01T00:00:00'}
# - {INSTRUME: TS8}
# - {OBSTYPE: qe_curve}
# - {DETECTOR: 165}
# - {PICKLEFILE: RaftRun11671.p}
# - {CALIB_ID: 'raftName=RTM-022 detectorName=S10 detector=165 calibDate=1970-01-01T00:00:00 ccd=165 ccdnum=165 filter=None'}
# - {DATE: '2020-07-23T19:16:37.507590'}
# - {CALIB_CREATION_DATE: '2020-07-23'}
# - {CALIB_CREATION_TIME: '19:16:37'}
# - __serialized_columns__:
#     efficiency:
#       __class__: astropy.units.quantity.Quantity
#       unit: !astropy.units.Unit {unit: '%'}
#       value: !astropy.table.SerializedColumn {name: efficiency}
#     wavelength:
#       __class__: astropy.units.quantity.Quantity
#       unit: !astropy.units.Unit {unit: nm}
#       value: !astropy.table.SerializedColumn {name: wavelength}
# schema: astropy-2.0
amp_name wavelength efficiency
C14 319.994 47.602673
C14 324.969 47.442593
C14 349.982 49.612972
C14 374.975 62.35256
C14 400.019 78.327156
C14 424.965 84.00616
C14 450.035 86.13276
C14 475.003 85.638054
C14 500.018 85.51426
C14 525.002 85.73844
C14 550.029 86.21217
C14 575.023 87.97069
C14 599.982 89.008804
C14 619.997 90.17677
C14 624.979 90.29749
C14 650.012 91.46806
C14 675.004 92.735985
C14 700.03 93.976395
C14 725.012 95.09927
C14 750.022 96.8809
C14 774.987 98.232285
C14 799.976 98.986015
C14 824.988 99.16268
C14 850.022 97.93439
C14 869.967 96.43001
C14 875.002 95.454544
C14 899.999 89.60253
C14 919.999 81.25256
C14 925.012 78.78621
C14 949.965 65.250435
C14 975.002 50.172253
C14 999.976 32.762806
C14 1025.028 16.133427
C14 1050.014 6.643168
C14 1075.002 3.54126
C14 1099.99 2.358932
C03 319.994 47.486538
C03 324.969 47.402187
C03 349.982 49.853542
C03 374.975 62.713825
C03 400.019 78.54973
C03 424.965 84.01906
C03 450.035 86.04572
C03 475.003 85.51234
C03 500.018 85.385284
C03 525.002 85.6829
C03 550.029 86.23084
C03 575.023 88.05019
C03 599.982 89.132095
C03 619.997 90.32102
C03 624.979 90.441
C03 650.012 91.60857
C03 675.004 92.89663
C03 700.03 94.15806
C03 725.012 95.29909
C03 750.022 97.11837
C03 774.987 98.48891
C03 799.976 99.211334
C03 824.988 99.36355
C03 850.022 98.02353
C03 869.967 96.37365
C03 875.002 95.41355
C03 899.999 89.77508
C03 919.999 81.809006
C03 925.012 79.3758
C03 949.965 65.79733
C03 975.002 50.31523
C03 999.976 32.425293
C03 1025.028 15.832015
C03 1050.014 6.443327
C03 1075.002 3.5858757
C03 1099.99 2.3939075
C15 319.994 47.748657
C15 324.969 47.529022
C15 349.982 49.467167
C15 374.975 62.10675
C15 400.019 78.21504
C15 424.965 84.07094
C15 450.035 86.308556
C15 475.003 85.86675
C15 500.018 85.74272
C15 525.002 85.932495
C15 550.029 86.37098
C15 575.023 88.07728
C15 599.982 89.06962
C15 619.997 90.21032
C15 624.979 90.32635
C15 650.012 91.47685
C15 675.004 92.73878
C15 700.03 93.96839
C15 725.012 95.06566
C15 750.022 96.81719
C15 774.987 98.14369
C15 799.976 98.89705
C15 824.988 99.099655
C15 850.022 97.897606
C15 869.967 96.396805
C15 875.002 95.43153
C15 899.999 89.576195
C15 919.999 81.27897
C15 925.012 78.84981
C15 949.965 65.250206
C15 975.002 50.158276
C15 999.976 32.779446
C15 1025.028 16.148914
C15 1050.014 6.670672
C15 1075.002 3.5661538
C15 1099.99 2.3731983
C11 319.994 47.323647
C11 324.969 47.35817
C11 349.982 50.259228
C11 374.975 63.306297
C11 400.019 78.81229
C11 424.965 83.95493
C11 450.035 85.80268
C11 475.003 85.261604
C11 500.018 85.19915
C11 525.002 85.51668
C11 550.029 86.10352
C11 575.023 87.96193
C11 599.982 89.07928
C11 619.997 90.29096
C11 624.979 90.42023
C11 650.012 91.6212
C11 675.004 92.8951
C11 700.03 94.13905
C11 725.012 95.25641
C11 750.022 97.04016
C11 774.987 98.37913
C11 799.976 99.10342
C11 824.988 99.23362
C11 850.022 97.983795
C11 869.967 96.460625
C11 875.002 95.487526
C11 899.999 89.61458
C11 919.999 81.26376
C11 925.012 78.78046
C11 949.965 65.24895
C11 975.002 50.21049
C11 999.976 32.761635
C11 1025.028 16.073353
C11 1050.014 6.6282144
C11 1075.002 3.5198975
C11 1099.99 2.342307
C05 319.994 47.624767
C05 324.969 47.421066
C05 349.982 49.413357
C05 374.975 62.053753
C05 400.019 78.13026
C05 424.965 83.90626
C05 450.035 86.100914
C05 475.003 85.589874
C05 500.018 85.42053
C05 525.002 85.6476
C05 550.029 86.129684
C05 575.023 87.89941
C05 599.982 88.945816
C05 619.997 90.110466
C05 624.979 90.232155
C05 650.012 91.37825
C05 675.004 92.651955
C05 700.03 93.90523
C05 725.012 94.98833
C05 750.022 96.7632
C05 774.987 98.081345
C05 799.976 98.80183
C05 824.988 99.00498
C05 850.022 97.664116
C05 869.967 96.0253
C05 875.002 95.06862
C05 899.999 89.636505
C05 919.999 81.972015
C05 925.012 79.583664
C05 949.965 66.00334
C05 975.002 50.34944
C05 999.976 32.515064
C05 1025.028 15.931957
C05 1050.014 6.489239
C05 1075.002 3.6151254
C05 1099.99 2.4065127
C02 319.994 47.27525
C02 324.969 47.257168
C02 349.982 49.96415
C02 374.975 62.901043
C02 400.019 78.54823
C02 424.965 83.81539
C02 450.035 85.74187
C02 475.003 85.17893
C02 500.018 85.07124
C02 525.002 85.414825
C02 550.029 86.0046
C02 575.023 87.86616
C02 599.982 88.976425
C02 619.997 90.18359
C02 624.979 90.30936
C02 650.012 91.48209
C02 675.004 92.76732
C02 700.03 94.03704
C02 725.012 95.17238
C02 750.022 96.99596
C02 774.987 98.36168
C02 799.976 99.077126
C02 824.988 99.217
C02 850.022 97.87596
C02 869.967 96.240845
C02 875.002 95.28579
C02 899.999 89.62553
C02 919.999 81.60968
C02 925.012 79.17012
C02 949.965 65.617195
C02 975.002 50.21814
C02 999.976 32.370888
C02 1025.028 15.790726
C02 1050.014 6.420842
C02 1075.002 3.571222
C02 1099.99 2.3843434
C07 319.994 47.7051
C07 324.969 47.400784
C07 349.982 49.01144
C07 374.975 61.466778
C07 400.019 77.75437
C07 424.965 83.81713
C07 450.035 86.13003
C07 475.003 85.631035
C07 500.018 85.43155
C07 525.002 85.56543
C07 550.029 85.96775
C07 575.023 87.698265
C07 599.982 88.73325
C07 619.997 89.904594
C07 624.979 90.020935
C07 650.012 91.18759
C07 675.004 92.48172
C07 700.03 93.69461
C07 725.012 94.77309
C07 750.022 96.45559
C07 774.987 97.72165
C07 799.976 98.456924
C07 824.988 98.64625
C07 850.022 97.378975
C07 869.967 95.90669
C07 875.002 94.99679
C07 899.999 89.67356
C07 919.999 81.92922
C07 925.012 79.48616
C07 949.965 65.80446
C07 975.002 50.27334
C07 999.976 32.67702
C07 1025.028 15.9123535
C07 1050.014 6.4592433
C07 1075.002 3.552933
C07 1099.99 2.3768268
C13 319.994 47.535496
C13 324.969 47.43454
C13 349.982 49.821697
C13 374.975 62.655434
C13 400.019 78.48986
C13 424.965 84.0104
C13 450.035 86.06777
C13 475.003 85.585884
C13 500.018 85.497154
C13 525.002 85.74746
C13 550.029 86.24255
C13 575.023 88.00073
C13 599.982 89.04185
C13 619.997 90.21071
C13 624.979 90.33311
C13 650.012 91.50467
C13 675.004 92.77212
C13 700.03 94.02256
C13 725.012 95.1609
C13 750.022 96.96844
C13 774.987 98.34557
C13 799.976 99.09987
C13 824.988 99.26412
C13 850.022 98.03395
C13 869.967 96.526146
C13 875.002 95.55062
C13 899.999 89.68706
C13 919.999 81.30788
C13 925.012 78.823944
C13 949.965 65.31022
C13 975.002 50.256775
C13 999.976 32.80634
C13 1025.028 16.147947
C13 1050.014 6.643984
C13 1075.002 3.531131
C13 1099.99 2.3525932
C06 319.994 47.489475
C06 324.969 47.234013
C06 349.982 49.02268
C06 374.975 61.513813
C06 400.019 77.6126
C06 424.965 83.49281
C06 450.035 85.747246
C06 475.003 85.24491
C06 500.018 85.04891
C06 525.002 85.24506
C06 550.029 85.682144
C06 575.023 87.41976
C06 599.982 88.45485
C06 619.997 89.61276
C06 624.979 89.733604
C06 650.012 90.871445
C06 675.004 92.136894
C06 700.03 93.37866
C06 725.012 94.43305
C06 750.022 96.164764
C06 774.987 97.45207
C06 799.976 98.1621
C06 824.988 98.37382
C06 850.022 97.06683
C06 869.967 95.48837
C06 875.002 94.55439
C06 899.999 89.253746
C06 919.999 81.65887
C06 925.012 79.2708
C06 949.965 65.69586
C06 975.002 50.109623
C06 999.976 32.450485
C06 1025.028 15.910876
C06 1050.014 6.4792624
C06 1075.002 3.5953784
C06 1099.99 2.394707
C17 319.994 47.827404
C17 324.969 47.499027
C17 349.982 49.025745
C17 374.975 61.450333
C17 400.019 77.78935
C17 424.965 83.93385
C17 450.035 86.3059
C17 475.003 85.88165
C17 500.018 85.72917
C17 525.002 85.83735
C17 550.029 86.19357
C17 575.023 87.86526
C17 599.982 88.85405
C17 619.997 89.99347
C17 624.979 90.110985
C17 650.012 91.271095
C17 675.004 92.53535
C17 700.03 93.75476
C17 725.012 94.8203
C17 750.022 96.51719
C17 774.987 97.79058
C17 799.976 98.544044
C17 824.988 98.7805
C17 850.022 97.62632
C17 869.967 96.13499
C17 875.002 95.1642
C17 899.999 89.23902
C17 919.999 81.02897
C17 925.012 78.58745
C17 949.965 65.02279
C17 975.002 50.086246
C17 999.976 32.53132
C17 1025.028 16.121199
C17 1050.014 6.776739
C17 1075.002 3.5927925
C17 1099.99 2.3765564
C04 319.994 47.56797
C04 324.969 47.417965
C04 349.982 49.627804
C04 374.975 62.37287
C04 400.019 78.34479
C04 424.965 83.98265
C04 450.035 86.09952
C04 475.003 85.576645
C04 500.018 85.433136
C04 525.002 85.69476
C04 550.029 86.21424
C04 575.023 88.00431
C04 599.982 89.06197
C04 619.997 90.23467
C04 624.979 90.357414
C04 650.012 91.511185
C04 675.004 92.78919
C04 700.03 94.04941
C04 725.012 95.16453
C04 750.022 96.96514
C04 774.987 98.31711
C04 799.976 99.041336
C04 824.988 99.21593
C04 850.022 97.87004
C04 869.967 96.21306
C04 875.002 95.25298
C04 899.999 89.69296
C04 919.999 81.86799
C04 925.012 79.45881
C04 949.965 65.8781
C04 975.002 50.305225
C04 999.976 32.43542
C04 1025.028 15.861487
C04 1050.014 6.4553714
C04 1075.002 3.5950937
C04 1099.99 2.3976853
C16 319.994 47.761856
C16 324.969 47.482933
C16 349.982 49.187107
C16 374.975 61.68291
C16 400.019 77.85389
C16 424.965 83.838326
C16 450.035 86.16057
C16 475.003 85.756004
C16 500.018 85.62415
C16 525.002 85.77442
C16 550.029 86.15472
C16 575.023 87.81487
C16 599.982 88.77713
C16 619.997 89.90219
C16 624.979 90.01705
C16 650.012 91.15147
C16 675.004 92.40366
C16 700.03 93.621475
C16 725.012 94.69248
C16 750.022 96.41363
C16 774.987 97.70921
C16 799.976 98.45543
C16 824.988 98.68196
C16 850.022 97.516464
C16 869.967 96.03757
C16 875.002 95.07909
C16 899.999 89.22178
C16 919.999 80.99769
C16 925.012 78.58708
C16 949.965 64.970604
C16 975.002 49.975853
C16 999.976 32.5973
C16 1025.028 16.086943
C16 1050.014 6.720213
C16 1075.002 3.5899534
C16 1099.99 2.3824308
C12 319.994 47.375835
C12 324.969 47.34514
C12 349.982 49.99475
C12 374.975 62.93322
C12 400.019 78.60041
C12 424.965 83.92823
C12 450.035 85.8666
C12 475.003 85.33999
C12 500.018 85.25415
C12 525.002 85.54303
C12 550.029 86.10387
C12 575.023 87.93032
C12 599.982 89.016594
C12 619.997 90.210655
C12 624.979 90.338745
C12 650.012 91.526184
C12 675.004 92.79622
C12 700.03 94.04679
C12 725.012 95.18771
C12 750.022 96.99658
C12 774.987 98.37118
C12 799.976 99.12021
C12 824.988 99.26865
C12 850.022 98.03809
C12 869.967 96.53149
C12 875.002 95.55052
C12 899.999 89.672905
C12 919.999 81.303215
C12 925.012 78.824394
C12 949.965 65.33396
C12 975.002 50.292603
C12 999.976 32.834347
C12 1025.028 16.146177
C12 1050.014 6.6458206
C12 1075.002 3.532801
C12 1099.99 2.3527648
C10 319.994 47.260677
C10 324.969 47.36159
C10 349.982 50.50616
C10 374.975 63.613247
C10 400.019 78.925186
C10 424.965 83.87143
C10 450.035 85.61361
C10 475.003 85.06128
C10 500.018 85.026886
C10 525.002 85.37519
C10 550.029 85.99107
C10 575.023 87.88572
C10 599.982 89.03166
C10 619.997 90.25973
C10 624.979 90.393135
C10 650.012 91.61102
C10 675.004 92.88212
C10 700.03 94.10191
C10 725.012 95.15406
C10 750.022 96.84439
C10 774.987 98.08992
C10 799.976 98.76793
C10 824.988 98.887215
C10 850.022 97.58131
C10 869.967 95.99678
C10 875.002 95.03167
C10 899.999 89.245026
C10 919.999 81.13804
C10 925.012 78.66411
C10 949.965 64.96844
C10 975.002 49.939816
C10 999.976 32.501198
C10 1025.028 15.915407
C10 1050.014 6.5883074
C10 1075.002 3.4876118
C10 1099.99 2.3087394
C01 319.994 47.31549
C01 324.969 47.369823
C01 349.982 50.350533
C01 374.975 63.437733
C01 400.019 78.9452
C01 424.965 84.01897
C01 450.035 85.85366
C01 475.003 85.25919
C01 500.018 85.16098
C01 525.002 85.53389
C01 550.029 86.166435
C01 575.023 88.07394
C01 599.982 89.230804
C01 619.997 90.46858
C01 624.979 90.603424
C01 650.012 91.78689
C01 675.004 93.08405
C01 700.03 94.35754
C01 725.012 95.47055
C01 750.022 97.26814
C01 774.987 98.60505
C01 799.976 99.279724
C01 824.988 99.41174
C01 850.022 98.04561
C01 869.967 96.38824
C01 875.002 95.42548
C01 899.999 89.73361
C01 919.999 81.691
C01 925.012 79.24586
C01 949.965 65.6121
C01 975.002 50.239506
C01 999.976 32.349373
C01 1025.028 15.774304
C01 1050.014 6.421008
C01 1075.002 3.5657
C01 1099.99 2.3822877
C00 319.994 47.040276
C00 324.969 47.16828
C00 349.982 50.41743
C00 374.975 63.55119
C00 400.019 78.77968
C00 424.965 83.64138
C00 450.035 85.34718
C00 475.003 84.75709
C00 500.018 84.703674
C00 525.002 85.08022
C00 550.029 85.732574
C00 575.023 87.662964
C00 599.982 88.84112
C00 619.997 90.090355
C00 624.979 90.226715
C00 650.012 91.436325
C00 675.004 92.750206
C00 700.03 93.94096
C00 725.012 95.03166
C00 750.022 96.67747
C00 774.987 97.91454
C00 799.976 98.56001
C00 824.988 98.65616
C00 850.022 97.24048
C00 869.967 95.48995
C00 875.002 94.509636
C00 899.999 88.87658
C00 919.999 81.078674
C00 925.012 78.696304
C00 949.965 65.14877
C00 975.002 49.82044
C00 999.976 32.048477
C00 1025.028 15.675227
C00 1050.014 6.4287333
C00 1075.002 3.556334
C00 1099.99 2.36819
