lsstCam/transmission_sensor/r32_s20/19700101T000000.ecsv
# %ECSV 1.0
# ---
# datatype:
# - {name: amp_name, datatype: string}
# - {name: wavelength, unit: nm, datatype: float32}
# - {name: efficiency, unit: '%', datatype: float64}
# meta: !!omap
# - {MODE: AMP}
# - {TYPE: transmission_sensor}
# - {CALIBDATE: '1970-01-01T00:00:00'}
# - {INSTRUME: LSSTCam}
# - {OBSTYPE: transmission_sensor}
# - {DETECTOR: 141}
# - {PARQUETFILE: qe_raft_allvalues_nircorrected_20230725_adjust.parquet}
# - {CORRFILE: qe_corr_factor_bydetnum.parquet}
# - {CALIBCLS: lsst.ip.isr.IntermediateSensorTransmissionCurve}
# - {CALIB_ID: 'raftName=R32 detectorName=S20 detector=141 calibDate=1970-01-01T00:00:00 ccd=141 ccdnum=141 filter=None'}
# - {DATE: '2025-03-03T21:56:48.176227'}
# - {CALIB_CREATION_DATE: '2025-03-03'}
# - {CALIB_CREATION_TIME: '21:56:48'}
# - __serialized_columns__:
#     efficiency:
#       __class__: astropy.units.quantity.Quantity
#       unit: !astropy.units.Unit {unit: '%'}
#       value: !astropy.table.SerializedColumn {name: efficiency}
#     wavelength:
#       __class__: astropy.units.quantity.Quantity
#       unit: !astropy.units.Unit {unit: nm}
#       value: !astropy.table.SerializedColumn {name: wavelength}
# schema: astropy-2.0
amp_name wavelength efficiency
C00 319.992 49.29730428104314
C00 330.006 51.45523488089862
C00 349.994 70.77024093390969
C00 370.001 75.52234177005754
C00 400.009 82.56077213312501
C00 429.983 85.46577554735141
C00 449.989 86.93083195124596
C00 469.993 88.37661199674301
C00 500.016 90.84332509810727
C00 549.99 93.88968847391527
C00 569.998 95.03505961330673
C00 599.983 96.19000817111394
C00 630.013 96.52110127261982
C00 649.987 96.95196357976377
C00 670.017 96.96059161094563
C00 699.987 96.89727127999215
C00 720.012 96.302590306861
C00 749.995 95.70891188664886
C00 770.007 95.18412859922776
C00 800.008 94.26559265286213
C00 830.013 92.62477049402874
C00 869.994 88.2131123248664
C00 900.005 81.1944671917538
C00 919.989 74.26917340657799
C00 959.989 53.96661475284431
C00 1000.013 27.870988237685413
C00 1030.002 11.73701329145207
C00 1049.996 5.823134005736192
C00 1080.005 0.663502286477905
C00 1100.007 0.09025698670576277
C01 319.992 49.800073177284126
C01 330.006 51.97765609288174
C01 349.994 71.52333286334365
C01 370.001 76.31105470850814
C01 400.009 83.03015677667247
C01 429.983 85.78145819527631
C01 449.989 87.18913363475279
C01 469.993 88.6012294211904
C01 500.016 91.03156200375086
C01 549.99 94.04872222824353
C01 569.998 95.18817678639319
C01 599.983 96.33742142569902
C01 630.013 96.65947636073798
C01 649.987 97.09251846097102
C01 670.017 97.10016672452747
C01 699.987 97.02607654479243
C01 720.012 96.43561085097987
C01 749.995 95.8369804269556
C01 770.007 95.30950087979018
C01 800.008 94.38848893151848
C01 830.013 92.73731465428645
C01 869.994 88.22522650597121
C01 900.005 81.2050167826971
C01 919.989 74.31126543898102
C01 959.989 53.79247814639887
C01 1000.013 27.824914475223324
C01 1030.002 11.679155734642576
C01 1049.996 5.804897701053458
C01 1080.005 0.6643901176151814
C01 1100.007 0.09037775940660678
C02 319.992 50.00116098852605
C02 330.006 52.196280985108615
C02 349.994 71.88511775534766
C02 370.001 76.75540590947162
C02 400.009 83.34324949622324
C02 429.983 86.02054428116861
C02 449.989 87.39848491247875
C02 469.993 88.79056002092746
C02 500.016 91.21062403116588
C02 549.99 94.22075879012753
C02 569.998 95.36376025898312
C02 599.983 96.51213905713162
C02 630.013 96.83850041266363
C02 649.987 97.27289444031777
C02 670.017 97.27976800389135
C02 699.987 97.21351596515953
C02 720.012 96.62226038116836
C02 749.995 96.02488314829287
C02 770.007 95.49918085402933
C02 800.008 94.575077700924
C02 830.013 92.90776384071533
C02 869.994 88.34883672382747
C02 900.005 81.30262138544185
C02 919.989 74.36724890539077
C02 959.989 53.842047552656254
C02 1000.013 27.821397944908885
C02 1030.002 11.68301594313569
C02 1049.996 5.8129333146013495
C02 1080.005 0.6656927574206098
C02 1100.007 0.09055495901239122
C03 319.992 50.344641694660105
C03 330.006 52.559284890320974
C03 349.994 72.40946052709222
C03 370.001 77.33676508093643
C03 400.009 83.81987226804209
C03 429.983 86.42905421527718
C03 449.989 87.78086011481199
C03 469.993 89.15921847650505
C03 500.016 91.56806452718747
C03 549.99 94.57641443814936
C03 569.998 95.71817031095404
C03 599.983 96.8685770002342
C03 630.013 97.18940152941799
C03 649.987 97.62337782668921
C03 670.017 97.63552238818549
C03 699.987 97.5646525299479
C03 720.012 96.9727437675398
C03 749.995 96.37574628955787
C03 770.007 95.84718823849471
C03 800.008 94.92139897366194
C03 830.013 93.24114306668048
C03 869.994 88.64818231623109
C03 900.005 81.49748881152715
C03 919.989 74.5626327981313
C03 959.989 53.9873493700331
C03 1000.013 27.909064362088973
C03 1030.002 11.656845134645478
C03 1049.996 5.827948348399397
C03 1080.005 0.6681251182531885
C03 1100.007 0.09088583588170097
C04 319.992 50.60627762613245
C04 330.006 52.83479326805535
C04 349.994 72.85445731137477
C04 370.001 77.84495307950863
C04 400.009 84.07209027815396
C04 429.983 86.55737339381368
C04 449.989 87.86104915813773
C04 469.993 89.21217909396199
C04 500.016 91.59097893746534
C04 549.99 94.56856110695038
C04 569.998 95.70909416899778
C04 599.983 96.8572830896995
C04 630.013 97.18369761091661
C04 649.987 97.61640552684331
C04 670.017 97.62466899332733
C04 699.987 97.55718654874036
C04 720.012 96.96633350493637
C04 749.995 96.36602456428254
C04 770.007 95.84027669943177
C04 800.008 94.91821662765383
C04 830.013 93.23698095304698
C04 869.994 88.6611699335911
C04 900.005 81.3477894324828
C04 919.989 74.53460688698601
C04 959.989 53.87652549944326
C04 1000.013 27.868977435523973
C04 1030.002 11.654829585547867
C04 1049.996 5.824489256012612
C04 1080.005 0.6680577218990454
C04 1100.007 0.09087666787736418
C05 319.992 50.701106220605226
C05 330.006 52.94131451570107
C05 349.994 73.0500538668557
C05 370.001 78.09981418367973
C05 400.009 84.26298546805255
C05 429.983 86.70165746807577
C05 449.989 87.98872275335516
C05 469.993 89.32186749742006
C05 500.016 91.69169753033734
C05 549.99 94.66517834697186
C05 569.998 95.80995706872933
C05 599.983 96.96116124328597
C05 630.013 97.28258578520162
C05 649.987 97.7223723323444
C05 670.017 97.73160797135598
C05 699.987 97.6673914188537
C05 720.012 97.07797384854739
C05 749.995 96.48080168331441
C05 770.007 95.95201577931512
C05 800.008 95.0310342114349
C05 830.013 93.32878290101802
C05 869.994 88.77413182423173
C05 900.005 81.2639547421788
C05 919.989 74.57994202618012
C05 959.989 53.817393864965844
C05 1000.013 27.79862974026504
C05 1030.002 11.583037872306141
C05 1049.996 5.7912507342594886
C05 1080.005 0.6688534156332637
C05 1100.007 0.09098490702025006
C06 319.992 50.890330488972104
C06 330.006 53.14798092632951
C06 349.994 73.41589454112302
C06 370.001 78.56259868717699
C06 400.009 84.61286884169213
C06 429.983 86.98263811382645
C06 449.989 88.24558136826644
C06 469.993 89.56482708322676
C06 500.016 91.92124417330324
C06 549.99 94.90001877315407
C06 569.998 96.04875454090254
C06 599.983 97.20554111239461
C06 630.013 97.53554051980701
C06 649.987 97.97569163164763
C06 670.017 97.98995522545003
C06 699.987 97.9298855963855
C06 720.012 97.34362758679367
C06 749.995 96.74258192164632
C06 770.007 96.21687203228491
C06 800.008 95.29274609388597
C06 830.013 93.57977810037261
C06 869.994 88.96182947792646
C06 900.005 81.38969158743905
C06 919.989 74.60489951778538
C06 959.989 53.81141652294109
C06 1000.013 27.882052396509508
C06 1030.002 11.611844179757714
C06 1049.996 5.7968611381183335
C06 1080.005 0.6706682093963799
C06 1100.007 0.0912317755237797
C07 319.992 51.06748994437034
C07 330.006 53.34139768872137
C07 349.994 73.72154406475985
C07 370.001 78.89231707596814
C07 400.009 84.79256126223046
C07 429.983 87.08933404872322
C07 449.989 88.32617295177936
C07 469.993 89.63468679344746
C07 500.016 91.97790360342351
C07 549.99 94.95218190533453
C07 569.998 96.09605681044532
C07 599.983 97.25595737206466
C07 630.013 97.58436180892407
C07 649.987 98.02562940015177
C07 670.017 98.04019679786903
C07 699.987 97.97456755716267
C07 720.012 97.384876563333
C07 749.995 96.78578283833858
C07 770.007 96.25635894611808
C07 800.008 95.32513159120941
C07 830.013 93.60263934496538
C07 869.994 88.96997901794242
C07 900.005 81.28507670935903
C07 919.989 74.38451256285235
C07 959.989 53.8180280556381
C07 1000.013 27.768910122294436
C07 1030.002 11.582186271957315
C07 1049.996 5.794449694544179
C07 1080.005 0.6709676990034287
C07 1100.007 0.09127251544289193
C10 319.992 47.70191979522512
C10 330.006 49.75892293701714
C10 349.994 68.3303689084228
C10 370.001 73.02483814192281
C10 400.009 81.38722318063085
C10 429.983 84.92650081319177
C10 449.989 86.61690377092934
C10 469.993 88.2146237493428
C10 500.016 90.82749691414337
C10 549.99 93.99372612455706
C10 569.998 95.1696143671956
C10 599.983 96.35038625776542
C10 630.013 96.6933277119506
C10 649.987 97.13372946202098
C10 670.017 97.14400562944091
C10 699.987 97.08532590328684
C10 720.012 96.49148039092154
C10 749.995 95.89499937959486
C10 770.007 95.36436027171496
C10 800.008 94.45040416936575
C10 830.013 92.84618278717441
C10 869.994 88.5646134543526
C10 900.005 81.69563731989287
C10 919.989 74.54503495636338
C10 959.989 54.3367010868217
C10 1000.013 28.098263946387767
C10 1030.002 11.77392451771961
C10 1049.996 5.812845496282212
C10 1080.005 0.6647923339728403
C10 1100.007 0.09043247336492452
C11 319.992 48.256289786404075
C11 330.006 50.34326318439645
C11 349.994 69.13130235934841
C11 370.001 73.81611062835607
C11 400.009 81.7063388127936
C11 429.983 85.02068002679654
C11 449.989 86.6267773981621
C11 469.993 88.1665847553065
C11 500.016 90.72235797431024
C11 549.99 93.83547466530956
C11 569.998 94.9957473867246
C11 599.983 96.16161010017295
C11 630.013 96.49110823112584
C11 649.987 96.92891245772421
C11 670.017 96.93378091545975
C11 699.987 96.86954917276172
C11 720.012 96.2736150084818
C11 749.995 95.67279719627058
C11 770.007 95.14512777165837
C11 800.008 94.22768551938621
C11 830.013 92.60948915711158
C11 869.994 88.20628433188006
C11 900.005 81.4220998700561
C11 919.989 74.30364755581606
C11 959.989 53.87764577637928
C11 1000.013 27.935218081608973
C11 1030.002 11.693361415823707
C11 1049.996 5.791126839225463
C11 1080.005 0.6632519138866673
C11 1100.007 0.09022292823136205
C12 319.992 48.838735056864486
C12 330.006 50.95988639527795
C12 349.994 70.02172884849216
C12 370.001 74.76332566428393
C12 400.009 82.35587917784954
C12 429.983 85.52421982547148
C12 449.989 87.08123767439236
C12 469.993 88.59042919201733
C12 500.016 91.11980185082024
C12 549.99 94.21482701869
C12 569.998 95.37510733520291
C12 599.983 96.53585095268598
C12 630.013 96.86825041102573
C12 649.987 97.30183176320763
C12 670.017 97.30738377975159
C12 699.987 97.24058489397304
C12 720.012 96.6442254042123
C12 749.995 96.04154679302262
C12 770.007 95.51156086355964
C12 800.008 94.58599185656513
C12 830.013 92.9493166211695
C12 869.994 88.45366426464788
C12 900.005 81.55565207102597
C12 919.989 74.51094056201887
C12 959.989 53.988538002849964
C12 1000.013 27.84158571505094
C12 1030.002 11.699744146197345
C12 1049.996 5.808554265984897
C12 1080.005 0.6658082715445196
C12 1100.007 0.0905706725328395
C13 319.992 49.08815427341077
C13 330.006 51.23165418731068
C13 349.994 70.47227764931867
C13 370.001 75.28409874002895
C13 400.009 82.64314856463771
C13 429.983 85.68285103961254
C13 449.989 87.18772854164659
C13 469.993 88.66937263929216
C13 500.016 91.16881301738408
C13 549.99 94.24747074934108
C13 569.998 95.40589786197339
C13 599.983 96.56972508919222
C13 630.013 96.90106123382996
C13 649.987 97.33859203690497
C13 670.017 97.3466960063337
C13 699.987 97.28127942836774
C13 720.012 96.69053271593394
C13 749.995 96.08969211842911
C13 770.007 95.55903022525558
C13 800.008 94.6391043759795
C13 830.013 92.97301332652813
C13 869.994 88.48567760217563
C13 900.005 81.45815379965141
C13 919.989 74.54389569168268
C13 959.989 53.94019900244774
C13 1000.013 27.91772657121125
C13 1030.002 11.711939025217035
C13 1049.996 5.8211270011236875
C13 1080.005 0.6661420403737299
C13 1100.007 0.09061607549435867
C14 319.992 49.4735827050883
C14 330.006 51.63935524349595
C14 349.994 71.07126504294288
C14 370.001 75.92391737980957
C14 400.009 82.98472290120604
C14 429.983 85.87461207066845
C14 449.989 87.32694668562847
C14 469.993 88.77201279192562
C14 500.016 91.2357789953158
C14 549.99 94.28976784938664
C14 569.998 95.44554427286184
C14 599.983 96.60296883257512
C14 630.013 96.93076566160482
C14 649.987 97.36724834117358
C14 670.017 97.37561054392994
C14 699.987 97.3073533993601
C14 720.012 96.71621933693486
C14 749.995 96.11498379434072
C14 770.007 95.58467127566928
C14 800.008 94.66159346077657
C14 830.013 92.9958214054358
C14 869.994 88.46730506042483
C14 900.005 81.36903292122896
C14 919.989 74.4365389832711
C14 959.989 53.82092558547602
C14 1000.013 27.861306386673906
C14 1030.002 11.716552097786648
C14 1049.996 5.824181179855206
C14 1080.005 0.6663173751560966
C14 1100.007 0.09063992648846018
C15 319.992 49.78444626341382
C15 330.006 51.969123000423274
C15 349.994 71.5475004647703
C15 370.001 76.4422752144315
C15 400.009 83.43047160017785
C15 429.983 86.26596467868563
C15 449.989 87.70018498522248
C15 469.993 89.1310482585002
C15 500.016 91.58695353559352
C15 549.99 94.63773725836266
C15 569.998 95.79144022011897
C15 599.983 96.95204712584035
C15 630.013 97.28036801662319
C15 649.987 97.71930391280439
C15 670.017 97.72567619991845
C15 699.987 97.66020645626739
C15 720.012 97.06525965471073
C15 749.995 96.46348486016774
C15 770.007 95.9313115425178
C15 800.008 95.00718560411886
C15 830.013 93.32530434619294
C15 869.994 88.77329636346587
C15 900.005 81.553525443622
C15 919.989 74.65051567560073
C15 959.989 53.882973737536034
C15 1000.013 27.902473715911107
C15 1030.002 11.698037147950759
C15 1049.996 5.8443015435036525
C15 1080.005 0.6687333609154853
C15 1100.007 0.0909685758375438
C16 319.992 49.947885174507455
C16 330.006 52.14581535730242
C16 349.994 71.81114909717856
C16 370.001 76.73251428448737
C16 400.009 83.61640719116643
C16 429.983 86.39853711203008
C16 449.989 87.81189368471433
C16 469.993 89.23292130624866
C16 500.016 91.68575056870408
C16 549.99 94.72827842008705
C16 569.998 95.88353078180913
C16 599.983 97.04728965314712
C16 630.013 97.37503331649172
C16 649.987 97.81555658812803
C16 670.017 97.82441247224604
C16 699.987 97.76062884032241
C16 720.012 97.17004162494392
C16 749.995 96.56751491571166
C16 770.007 96.03635174607861
C16 800.008 95.11480814095593
C16 830.013 93.42138233426556
C16 869.994 88.88537722275343
C16 900.005 81.53687698908799
C16 919.989 74.69405077659931
C16 959.989 53.94531809841303
C16 1000.013 27.883282802364665
C16 1030.002 11.679107315893646
C16 1049.996 5.848239601749948
C16 1080.005 0.6694545505806883
C16 1100.007 0.091066680105383
C17 319.992 49.94511296378441
C17 330.006 52.154769977692744
C17 349.994 71.88259618285437
C17 370.001 76.81151849254518
C17 400.009 83.47362694628288
C17 429.983 86.15588892523611
C17 449.989 87.53665493295439
C17 469.993 88.93707705396373
C17 500.016 91.36314878661838
C17 549.99 94.39210419810524
C17 569.998 95.54244253150456
C17 599.983 96.70573050677451
C17 630.013 97.03212983779589
C17 649.987 97.47282779668325
C17 670.017 97.48565591698797
C17 699.987 97.42396853207684
C17 720.012 96.83091290989016
C17 749.995 96.23085460746607
C17 770.007 95.70581308671734
C17 800.008 94.78805184033459
C17 830.013 93.10143124133695
C17 869.994 88.59401407821261
C17 900.005 81.1606614111284
C17 919.989 74.2315245064297
C17 959.989 53.93794705592889
C17 1000.013 27.78428829670946
C17 1030.002 11.636914648443815
C17 1049.996 5.833280581798703
C17 1080.005 0.6671206553725877
C17 1100.007 0.09074919762934155
