lsstCam/transmission_sensor/r32_s20/19700101T000000.ecsv
# %ECSV 1.0
# ---
# datatype:
# - {name: amp_name, datatype: string}
# - {name: wavelength, unit: nm, datatype: float32}
# - {name: efficiency, unit: '%', datatype: float64}
# meta: !!omap
# - {MODE: AMP}
# - {TYPE: transmission_sensor}
# - {CALIBDATE: '1970-01-01T00:00:00'}
# - {INSTRUME: LSSTCAM}
# - {OBSTYPE: transmission_sensor}
# - {DETECTOR: 141}
# - {PARQUETFILE: qe_raft_allvalues_nircorrected_20230725.parquet}
# - {CALIBCLS: lsst.ip.isr.IntermediateSensorTransmissionCurve}
# - {CALIB_ID: 'raftName=R32 detectorName=S20 detector=141 calibDate=1970-01-01T00:00:00 ccd=141 ccdnum=141 filter=None'}
# - {DATE: '2023-08-02T16:57:55.991452'}
# - {CALIB_CREATION_DATE: '2023-08-02'}
# - {CALIB_CREATION_TIME: '16:57:55'}
# - __serialized_columns__:
#     efficiency:
#       __class__: astropy.units.quantity.Quantity
#       unit: !astropy.units.Unit {unit: '%'}
#       value: !astropy.table.SerializedColumn {name: efficiency}
#     wavelength:
#       __class__: astropy.units.quantity.Quantity
#       unit: !astropy.units.Unit {unit: nm}
#       value: !astropy.table.SerializedColumn {name: wavelength}
# schema: astropy-2.0
amp_name wavelength efficiency
C00 319.992 49.51991271972656
C00 330.006 51.68758773803711
C00 349.994 71.08981323242188
C00 370.001 75.86337280273438
C00 400.009 82.93358612060547
C00 429.983 85.8517074584961
C00 449.989 87.32337951660156
C00 469.993 88.77568817138672
C00 500.016 91.2535400390625
C00 549.99 94.31365966796875
C00 569.998 95.46420288085938
C00 599.983 96.6243667602539
C00 630.013 96.95695495605469
C00 649.987 97.38976287841797
C00 670.017 97.39842987060547
C00 699.987 97.33482360839844
C00 720.012 96.73745727539062
C00 749.995 96.14109802246094
C00 770.007 95.61394500732422
C00 800.008 94.6912612915039
C00 830.013 93.04302978515625
C00 869.994 88.6114501953125
C00 900.005 81.56111145019531
C00 919.989 74.60454559326172
C00 959.989 54.21030807495117
C00 1000.013 27.996843338012695
C00 1030.002 11.790013313293457
C00 1049.996 5.849429130554199
C00 1080.005 0.6664984180151121
C00 1100.007 0.09066455395885832
C01 319.992 50.02495193481445
C01 330.006 52.21236801147461
C01 349.994 71.84630584716797
C01 370.001 76.65564727783203
C01 400.009 83.40509033203125
C01 429.983 86.16881561279297
C01 449.989 87.58284759521484
C01 469.993 89.0013198852539
C01 500.016 91.442626953125
C01 549.99 94.4734115600586
C01 569.998 95.61801147460938
C01 599.983 96.77244567871094
C01 630.013 97.09595489501953
C01 649.987 97.53095245361328
C01 670.017 97.53863525390625
C01 699.987 97.4642105102539
C01 720.012 96.87107849121094
C01 749.995 96.26974487304688
C01 770.007 95.73988342285156
C01 800.008 94.81471252441406
C01 830.013 93.15608215332031
C01 869.994 88.62361907958984
C01 900.005 81.57170867919922
C01 919.989 74.6468276977539
C01 959.989 54.03538513183594
C01 1000.013 27.9505615234375
C01 1030.002 11.731894493103027
C01 1049.996 5.83111047744751
C01 1080.005 0.6673902582702533
C01 1100.007 0.09078587202466219
C02 319.992 50.22694778442383
C02 330.006 52.43198013305664
C02 349.994 72.20972442626953
C02 370.001 77.10200500488281
C02 400.009 83.71959686279297
C02 429.983 86.40898132324219
C02 449.989 87.79314422607422
C02 469.993 89.1915054321289
C02 500.016 91.62249755859375
C02 549.99 94.64622497558594
C02 569.998 95.79438781738281
C02 599.983 96.94795227050781
C02 630.013 97.27578735351562
C02 649.987 97.71214294433594
C02 670.017 97.71904754638672
C02 699.987 97.65249633789062
C02 720.012 97.0585708618164
C02 749.995 96.45849609375
C02 770.007 95.930419921875
C02 800.008 95.00214385986328
C02 830.013 93.32730102539062
C02 869.994 88.74778747558594
C02 900.005 81.66975402832031
C02 919.989 74.70306396484375
C02 959.989 54.08517837524414
C02 1000.013 27.94702911376953
C02 1030.002 11.735772132873535
C02 1049.996 5.839182376861572
C02 1080.005 0.668698780316455
C02 1100.007 0.0909638717984914
C03 319.992 50.57197952270508
C03 330.006 52.79662322998047
C03 349.994 72.73643493652344
C03 370.001 77.68598937988281
C03 400.009 84.19837188720703
C03 429.983 86.8193359375
C03 449.989 88.17724609375
C03 469.993 89.56182861328125
C03 500.016 91.98155212402344
C03 549.99 95.00348663330078
C03 569.998 96.15039825439453
C03 599.983 97.30599975585938
C03 630.013 97.6282730102539
C03 649.987 98.064208984375
C03 670.017 98.07640838623047
C03 699.987 98.00521850585938
C03 720.012 97.41063690185547
C03 749.995 96.81094360351562
C03 770.007 96.27999877929688
C03 800.008 95.35002899169922
C03 830.013 93.66218566894531
C03 869.994 89.0484848022461
C03 900.005 81.8655014038086
C03 919.989 74.89933013916016
C03 959.989 54.231136322021484
C03 1000.013 28.035091400146484
C03 1030.002 11.70948314666748
C03 1049.996 5.854265213012695
C03 1080.005 0.6711421247931731
C03 1100.007 0.09129624278567125
C04 319.992 50.83479690551758
C04 330.006 53.0733757019043
C04 349.994 73.18344116210938
C04 370.001 78.19647216796875
C04 400.009 84.45172882080078
C04 429.983 86.94823455810547
C04 449.989 88.25779724121094
C04 469.993 89.61502838134766
C04 500.016 92.00457000732422
C04 549.99 94.99559783935547
C04 569.998 96.14128112792969
C04 599.983 97.2946548461914
C04 630.013 97.62254333496094
C04 649.987 98.05720520019531
C04 670.017 98.06550598144531
C04 699.987 97.99771881103516
C04 720.012 97.4041976928711
C04 749.995 96.80117797851562
C04 770.007 96.27305603027344
C04 800.008 95.34683227539062
C04 830.013 93.65800476074219
C04 869.994 89.06153106689453
C04 900.005 81.71512603759766
C04 919.989 74.87117767333984
C04 959.989 54.11981201171875
C04 1000.013 27.994823455810547
C04 1030.002 11.70745849609375
C04 1049.996 5.850790500640869
C04 1080.005 0.6710744241019596
C04 1100.007 0.09128703338200925
C05 319.992 50.9300537109375
C05 330.006 53.18037796020508
C05 349.994 73.37992095947266
C05 370.001 78.45248413085938
C05 400.009 84.64348602294922
C05 429.983 87.09317016601562
C05 449.989 88.38604736328125
C05 469.993 89.72521209716797
C05 500.016 92.10574340820312
C05 549.99 95.0926513671875
C05 569.998 96.24259948730469
C05 599.983 97.39900207519531
C05 630.013 97.72187805175781
C05 649.987 98.16365051269531
C05 670.017 98.17292785644531
C05 699.987 98.1084213256836
C05 720.012 97.51634216308594
C05 749.995 96.91647338867188
C05 770.007 96.38529968261719
C05 800.008 95.46015930175781
C05 830.013 93.7502212524414
C05 869.994 89.17500305175781
C05 900.005 81.63091278076172
C05 919.989 74.91671752929688
C05 959.989 54.0604133605957
C05 1000.013 27.924158096313477
C05 1030.002 11.635342597961426
C05 1049.996 5.817401885986328
C05 1080.005 0.6718737108955232
C05 1100.007 0.09139576129293131
C06 319.992 51.12013244628906
C06 330.006 53.387977600097656
C06 349.994 73.7474136352539
C06 370.001 78.9173583984375
C06 400.009 84.99494934082031
C06 429.983 87.37541961669922
C06 449.989 88.6440658569336
C06 469.993 89.96926879882812
C06 500.016 92.3363265991211
C06 549.99 95.32855224609375
C06 569.998 96.48247528076172
C06 599.983 97.64448547363281
C06 630.013 97.9759750366211
C06 649.987 98.4181137084961
C06 670.017 98.43244171142578
C06 699.987 98.37210083007812
C06 720.012 97.78319549560547
C06 749.995 97.17943572998047
C06 770.007 96.65135192871094
C06 800.008 95.72305297851562
C06 830.013 94.00234985351562
C06 869.994 89.3635482788086
C06 900.005 81.75721740722656
C06 919.989 74.94178771972656
C06 959.989 54.05440902709961
C06 1000.013 28.007957458496094
C06 1030.002 11.664278984069824
C06 1049.996 5.823037624359131
C06 1080.005 0.6736966995977346
C06 1100.007 0.09164374456354471
C07 319.992 51.298091888427734
C07 330.006 53.58226776123047
C07 349.994 74.054443359375
C07 370.001 79.24856567382812
C07 400.009 85.17545318603516
C07 429.983 87.48259735107422
C07 449.989 88.72502136230469
C07 469.993 90.03944396972656
C07 500.016 92.39324188232422
C07 549.99 95.38095092773438
C07 569.998 96.52999114990234
C07 599.983 97.69512939453125
C07 630.013 98.02501678466797
C07 649.987 98.46827697753906
C07 670.017 98.48291015625
C07 699.987 98.41698455810547
C07 720.012 97.82463073730469
C07 749.995 97.22283172607422
C07 770.007 96.6910171508789
C07 800.008 95.75558471679688
C07 830.013 94.02531433105469
C07 869.994 89.37173461914062
C07 900.005 81.65213012695312
C07 919.989 74.72040557861328
C07 959.989 54.06105041503906
C07 1000.013 27.894304275512695
C07 1030.002 11.63448715209961
C07 1049.996 5.820615291595459
C07 1080.005 0.6739975415893568
C07 1100.007 0.09168466844910132
C10 319.992 47.91732406616211
C10 330.006 49.98361587524414
C10 349.994 68.63892364501953
C10 370.001 73.3545913696289
C10 400.009 81.7547378540039
C10 429.983 85.30999755859375
C10 449.989 87.0080337524414
C10 469.993 88.61296844482422
C10 500.016 91.23764038085938
C10 549.99 94.41816711425781
C10 569.998 95.599365234375
C10 599.983 96.78546905517578
C10 630.013 97.12995910644531
C10 649.987 97.57234954833984
C10 670.017 97.58267211914062
C10 699.987 97.52372741699219
C10 720.012 96.92720031738281
C10 749.995 96.3280258178711
C10 770.007 95.79499053955078
C10 800.008 94.87690734863281
C10 830.013 93.26544189453125
C10 869.994 88.96453857421875
C10 900.005 82.06454467773438
C10 919.989 74.88165283203125
C10 959.989 54.58206558227539
C10 1000.013 28.22514533996582
C10 1030.002 11.827091217041016
C10 1049.996 5.839094161987305
C10 1080.005 0.6677942908885922
C10 1100.007 0.09084083305102986
C11 319.992 48.47419738769531
C11 330.006 50.570594787597656
C11 349.994 69.44347381591797
C11 370.001 74.1494369506836
C11 400.009 82.0752944946289
C11 429.983 85.40460205078125
C11 449.989 87.01795196533203
C11 469.993 88.56471252441406
C11 500.016 91.13202667236328
C11 549.99 94.25920104980469
C11 569.998 95.42471313476562
C11 599.983 96.59584045410156
C11 630.013 96.92682647705078
C11 649.987 97.36660766601562
C11 670.017 97.37149810791016
C11 699.987 97.30697631835938
C11 720.012 96.7083511352539
C11 749.995 96.10482025146484
C11 770.007 95.57476806640625
C11 800.008 94.65318298339844
C11 830.013 93.02767944335938
C11 869.994 88.6045913696289
C11 900.005 81.7897720336914
C11 919.989 74.63917541503906
C11 959.989 54.12093734741211
C11 1000.013 28.061363220214844
C11 1030.002 11.746164321899414
C11 1049.996 5.817277431488037
C11 1080.005 0.6662469148336233
C11 1100.007 0.09063034168895254
C12 319.992 49.05927276611328
C12 330.006 51.19000244140625
C12 349.994 70.33792114257812
C12 370.001 75.1009292602539
C12 400.009 82.72776794433594
C12 429.983 85.91041564941406
C12 449.989 87.4744644165039
C12 469.993 88.99047088623047
C12 500.016 91.53126525878906
C12 549.99 94.64026641845703
C12 569.998 95.8057861328125
C12 599.983 96.97177124023438
C12 630.013 97.30567169189453
C12 649.987 97.7412109375
C12 670.017 97.74678802490234
C12 699.987 97.6796875
C12 720.012 97.08063507080078
C12 749.995 96.47523498535156
C12 770.007 95.94285583496094
C12 800.008 95.01310729980469
C12 830.013 93.3690414428711
C12 869.994 88.85308837890625
C12 900.005 81.9239273071289
C12 919.989 74.84740447998047
C12 959.989 54.232330322265625
C12 1000.013 27.967308044433594
C12 1030.002 11.752575874328613
C12 1049.996 5.834783554077148
C12 1080.005 0.6688148160595313
C12 1100.007 0.09097965627540078
C13 319.992 49.309818267822266
C13 330.006 51.46299743652344
C13 349.994 70.7905044555664
C13 370.001 75.62405395507812
C13 400.009 83.0163345336914
C13 429.983 86.06976318359375
C13 449.989 87.58143615722656
C13 469.993 89.06977081298828
C13 500.016 91.58049774169922
C13 549.99 94.67305755615234
C13 569.998 95.83671569824219
C13 599.983 97.00579833984375
C13 630.013 97.33863067626953
C13 649.987 97.77813720703125
C13 670.017 97.7862777709961
C13 699.987 97.72056579589844
C13 720.012 97.12715148925781
C13 749.995 96.52359771728516
C13 770.007 95.99053955078125
C13 800.008 95.06645965576172
C13 830.013 93.3928451538086
C13 869.994 88.88524627685547
C13 900.005 81.82598876953125
C13 919.989 74.88050842285156
C13 959.989 54.183773040771484
C13 1000.013 28.043792724609375
C13 1030.002 11.764825820922852
C13 1049.996 5.847413063049316
C13 1080.005 0.6691500920656357
C13 1100.007 0.09102526425994346
C14 319.992 49.69698715209961
C14 330.006 51.87253952026367
C14 349.994 71.39219665527344
C14 370.001 76.26676177978516
C14 400.009 83.35945129394531
C14 429.983 86.26239013671875
C14 449.989 87.72128295898438
C14 469.993 89.1728744506836
C14 500.016 91.64776611328125
C14 549.99 94.71554565429688
C14 569.998 95.87654113769531
C14 599.983 97.03919219970703
C14 630.013 97.36846923828125
C14 649.987 97.80692291259766
C14 670.017 97.81532287597656
C14 699.987 97.74675750732422
C14 720.012 97.1529541015625
C14 749.995 96.54900360107422
C14 770.007 96.01629638671875
C14 800.008 95.08905029296875
C14 830.013 93.41575622558594
C14 869.994 88.86679077148438
C14 900.005 81.73646545410156
C14 919.989 74.77266693115234
C14 959.989 54.063961029052734
C14 1000.013 27.987117767333984
C14 1030.002 11.76945972442627
C14 1049.996 5.850481033325195
C14 1080.005 0.6693262185951926
C14 1100.007 0.09104922295633491
C15 319.992 50.009254455566406
C15 330.006 52.20379638671875
C15 349.994 71.8705825805664
C15 370.001 76.78746032714844
C15 400.009 83.80721282958984
C15 429.983 86.65550994873047
C15 449.989 88.09620666503906
C15 469.993 89.53353118896484
C15 500.016 92.00052642822266
C15 549.99 95.0650863647461
C15 569.998 96.2239990234375
C15 599.983 97.38984680175781
C15 630.013 97.71965026855469
C15 649.987 98.16056823730469
C15 670.017 98.1669692993164
C15 699.987 98.10120391845703
C15 720.012 97.50357055664062
C15 749.995 96.89907836914062
C15 770.007 96.364501953125
C15 800.008 95.43620300292969
C15 830.013 93.7467269897461
C15 869.994 89.17416381835938
C15 900.005 81.92179107666016
C15 919.989 74.98760986328125
C15 959.989 54.12628936767578
C15 1000.013 28.028470993041992
C15 1030.002 11.750861167907715
C15 1049.996 5.870692253112793
C15 1080.005 0.6717531140549314
C15 1100.007 0.09137935636462907
C16 319.992 50.173431396484375
C16 330.006 52.38128662109375
C16 349.994 72.13542175292969
C16 370.001 77.07901000976562
C16 400.009 83.99398803710938
C16 429.983 86.78868103027344
C16 449.989 88.20841979980469
C16 469.993 89.6358642578125
C16 500.016 92.09976959228516
C16 549.99 95.15603637695312
C16 569.998 96.3165054321289
C16 599.983 97.48551940917969
C16 630.013 97.81474304199219
C16 649.987 98.25725555419922
C16 670.017 98.26615142822266
C16 699.987 98.20207977294922
C16 720.012 97.60882568359375
C16 749.995 97.00357818603516
C16 770.007 96.47001647949219
C16 800.008 95.5443115234375
C16 830.013 93.8432388305664
C16 869.994 89.28675079345703
C16 900.005 81.90506744384766
C16 919.989 75.03134155273438
C16 959.989 54.18891525268555
C16 1000.013 28.009193420410156
C16 1030.002 11.73184585571289
C16 1049.996 5.874648094177246
C16 1080.005 0.6724775603465911
C16 1100.007 0.09147790363514785
C17 319.992 50.17064666748047
C17 330.006 52.390281677246094
C17 349.994 72.20719146728516
C17 370.001 77.15837097167969
C17 400.009 83.8505630493164
C17 429.983 86.54493713378906
C17 449.989 87.93193817138672
C17 469.993 89.33868408203125
C17 500.016 91.77571105957031
C17 549.99 94.81834411621094
C17 569.998 95.973876953125
C17 599.983 97.14241790771484
C17 630.013 97.47029113769531
C17 649.987 97.91297912597656
C17 670.017 97.92586517333984
C17 699.987 97.86389923095703
C17 720.012 97.2681655883789
C17 749.995 96.66539764404297
C17 770.007 96.13798522949219
C17 800.008 95.21607971191406
C17 830.013 93.52184295654297
C17 869.994 88.99407196044922
C17 900.005 81.52715301513672
C17 919.989 74.56672668457031
C17 959.989 54.18151092529297
C17 1000.013 27.909751892089844
C17 1030.002 11.689462661743164
C17 1049.996 5.859621524810791
C17 1080.005 0.670133126128784
C17 1100.007 0.09115898752537466
