lsstCam/transmission_sensor/r32_s20/19700101T000000.ecsv
# %ECSV 1.0
# ---
# datatype:
# - {name: amp_name, datatype: string}
# - {name: wavelength, unit: nm, datatype: float32}
# - {name: efficiency, unit: '%', datatype: float64}
# meta: !!omap
# - {MODE: AMP}
# - {TYPE: transmission_sensor}
# - {CALIBDATE: '1970-01-01T00:00:00'}
# - {INSTRUME: LSSTCAM}
# - {OBSTYPE: transmission_sensor}
# - {DETECTOR: 141}
# - {PARQUETFILE: qe_raft_allvalues_nircorrected_20230725.parquet}
# - {CALIBCLS: lsst.ip.isr.IntermediateSensorTransmissionCurve}
# - {CALIB_ID: 'raftName=R32 detectorName=S20 detector=141 calibDate=1970-01-01T00:00:00 ccd=141 ccdnum=141 filter=None'}
# - {DATE: '2024-01-18T22:42:25.476475'}
# - {CALIB_CREATION_DATE: '2024-01-18'}
# - {CALIB_CREATION_TIME: '22:42:25'}
# - __serialized_columns__:
#     efficiency:
#       __class__: astropy.units.quantity.Quantity
#       unit: !astropy.units.Unit {unit: '%'}
#       value: !astropy.table.SerializedColumn {name: efficiency}
#     wavelength:
#       __class__: astropy.units.quantity.Quantity
#       unit: !astropy.units.Unit {unit: nm}
#       value: !astropy.table.SerializedColumn {name: wavelength}
# schema: astropy-2.0
amp_name wavelength efficiency
C00 319.992 44.16426902896847
C00 330.006 51.198072232995
C00 349.994 72.10027607857646
C00 370.001 75.50392999822546
C00 400.009 83.69326572156241
C00 429.983 86.138618859163
C00 449.989 87.76994972530287
C00 469.993 89.47553466262306
C00 500.016 92.08313492673442
C00 549.99 95.45519483011505
C00 569.998 96.59335158345755
C00 599.983 97.6943529810356
C00 630.013 98.21815208420246
C00 649.987 98.57722146530033
C00 670.017 98.48498021381522
C00 699.987 98.32209476476677
C00 720.012 98.10060106159753
C00 749.995 98.28696928048069
C00 770.007 98.24456395698405
C00 800.008 97.44093027931157
C00 830.013 95.61412924172201
C00 869.994 90.80502057826138
C00 900.005 82.6624930891947
C00 919.989 73.8889742786241
C00 959.989 52.355415027389434
C00 1000.013 26.18789423279376
C00 1030.002 9.544628067507373
C00 1049.996 4.071836125488257
C00 1080.005 0.5716575991388776
C00 1100.007 0.11651437386458696
C01 319.992 44.614687588701415
C01 330.006 51.71788249154441
C01 349.994 72.8675213967808
C01 370.001 76.29245065446759
C01 400.009 84.16908895677506
C01 429.983 86.45678677042227
C01 449.989 88.03074471905227
C01 469.993 89.70294510179798
C01 500.016 92.27394084848872
C01 549.99 95.6168802958005
C01 569.998 96.74897942221081
C01 599.983 97.84407167636931
C01 630.013 98.35896010721774
C01 649.987 98.72013254354164
C01 670.017 98.62674969016706
C01 699.987 98.4527940433388
C01 720.012 98.23610515645126
C01 749.995 98.41848753138123
C01 770.007 98.37396730623368
C01 800.008 97.56796632059802
C01 830.013 95.73030563629645
C01 869.994 90.81749070243589
C01 900.005 82.67323342063114
C01 919.989 73.93085083328208
C01 959.989 52.186477354651096
C01 1000.013 26.14460280702965
C01 1030.002 9.49757786428033
C01 1049.996 4.059084359149131
C01 1080.005 0.572422533076137
C01 1100.007 0.1166702815248399
C02 319.992 44.79483732150435
C02 330.006 51.935414741665724
C02 349.994 73.23610556790022
C02 370.001 76.73669352599195
C02 400.009 84.48647639751503
C02 429.983 86.69775510067274
C02 449.989 88.24211680313908
C02 469.993 89.89462994076979
C02 500.016 92.45544667528341
C02 549.99 95.79178537642716
C02 569.998 96.92744194087638
C02 599.983 98.02152177000922
C02 630.013 98.54113179120112
C02 649.987 98.90353226239783
C02 670.017 98.80917461302128
C02 699.987 98.64298966194126
C02 720.012 98.42623951359587
C02 749.995 98.61145168315915
C02 770.007 98.56974602097047
C02 800.008 97.76084033495339
C02 830.013 95.90625587567015
C02 869.994 90.94473287857387
C02 900.005 82.77260275057338
C02 919.989 73.98654770884755
C02 959.989 52.23456684199716
C02 1000.013 26.141298635568074
C02 1030.002 9.500717015051903
C02 1049.996 4.064703275269306
C02 1080.005 0.5735448561771874
C02 1100.007 0.11689903169555335
C03 319.992 45.10255342349408
C03 330.006 52.29660442825329
C03 349.994 73.77030268385882
C03 370.001 77.31791096651772
C03 400.009 84.9696370470601
C03 429.983 87.10948109612531
C03 449.989 88.62818296093006
C03 469.993 90.2678724952809
C03 500.016 92.81776544100329
C03 549.99 96.15337118767187
C03 569.998 97.28766326229221
C03 599.983 98.38353415457364
C03 630.013 98.89820251249917
C03 649.987 99.25989099019009
C03 670.017 99.17052207301587
C03 699.987 98.99928950550171
C03 720.012 98.783266575439
C03 749.995 98.9717658284919
C03 770.007 98.92894281400481
C03 800.008 98.11882744394416
C03 830.013 96.25039453564116
C03 869.994 91.25287394696876
C03 900.005 82.97099345155603
C03 919.989 74.18093139137666
C03 959.989 52.37553060242272
C03 1000.013 26.223670987825603
C03 1030.002 9.479434715452996
C03 1049.996 4.075202562591921
C03 1080.005 0.5756405197221807
C03 1100.007 0.11732616662062657
C04 319.992 45.33694676068986
C04 330.006 52.5707358719575
C04 349.994 74.22366260714652
C04 370.001 77.82597507272564
C04 400.009 85.22531475445872
C04 429.983 87.23881048840529
C04 449.989 88.7091460455255
C04 469.993 90.32149165374328
C04 500.016 92.84099258214002
C04 549.99 96.14538691089079
C04 569.998 97.27843829863596
C04 599.983 98.37206361513518
C04 630.013 98.89239830670937
C04 649.987 99.25280180993366
C04 670.017 99.15949804397377
C04 699.987 98.99171374096157
C04 720.012 98.77673663047746
C04 749.995 98.9617822345438
C04 770.007 98.9218090496735
C04 800.008 98.11553790057236
C04 830.013 96.24609809454068
C04 869.994 91.26624317100539
C04 900.005 82.81858745255505
C04 919.989 74.15304895061739
C04 959.989 52.26801543278968
C04 1000.013 26.18600486045153
C04 1030.002 9.477795655667444
C04 1049.996 4.072783786495057
C04 1080.005 0.5755824526457209
C04 1100.007 0.11731433147828604
C05 319.992 45.42190141731893
C05 330.006 52.67672474838451
C05 349.994 74.42293514690465
C05 370.001 78.08077404370027
C05 400.009 85.41882847096548
C05 429.983 87.38423046266648
C05 449.989 88.83805203643753
C05 469.993 90.43254398222655
C05 500.016 92.94308576033498
C05 549.99 96.24361513616348
C05 569.998 97.38095504956073
C05 599.983 98.47756635077735
C05 630.013 98.99302515009587
C05 649.987 99.36054499396168
C05 670.017 99.26811828813952
C05 699.987 99.1035391158115
C05 720.012 98.89046134729001
C05 749.995 99.07965104059343
C05 770.007 99.03714085279705
C05 800.008 98.23215574602499
C05 830.013 96.34086284560165
C05 869.994 91.38252414708528
C05 900.005 82.73323700014649
C05 919.989 74.19815200993774
C05 959.989 52.210649202232304
C05 1000.013 26.119905374231276
C05 1030.002 9.419414090936623
C05 1049.996 4.049541694951419
C05 1080.005 0.5762680032143069
C05 1100.007 0.11745405934225853
C06 319.992 45.59142288744479
C06 330.006 52.882358282931186
C06 349.994 74.7956513234693
C06 370.001 78.5434457238596
C06 400.009 85.77351122652836
C06 429.983 87.66742317455746
C06 449.989 89.0973900320743
C06 469.993 90.6785246591308
C06 500.016 93.17576520566989
C06 549.99 96.48237126582558
C06 569.998 97.62366808915603
C06 599.983 98.72576815102762
C06 630.013 99.2504273788968
C06 649.987 99.61811082086011
C06 670.017 99.53052720897034
C06 699.987 99.36989313236482
C06 720.012 99.16107495501522
C06 749.995 99.34848270669406
C06 770.007 99.31051297341455
C06 800.008 98.5026833963957
C06 830.013 96.59995862853465
C06 869.994 91.57573679832328
C06 900.005 82.86124721391926
C06 919.989 74.22298173902581
C06 959.989 52.20485031668242
C06 1000.013 26.198290240950673
C06 1030.002 9.442839598243816
C06 1049.996 4.053464779168357
C06 1080.005 0.5778315858374541
C06 1100.007 0.11777274635104835
C07 319.992 45.75013578185841
C07 330.006 53.07480838824956
C07 349.994 75.10704513457814
C07 370.001 78.87308372981833
C07 400.009 85.95566850427299
C07 429.983 87.77495909067166
C07 449.989 89.17875954245905
C07 469.993 90.74925304283038
C07 500.016 93.23319791129799
C07 549.99 96.5354041603443
C07 569.998 97.6717459750566
C07 599.983 98.7769728859251
C07 630.013 99.30010705242127
C07 649.987 99.66888572302355
C07 670.017 99.58155866601271
C07 699.987 99.41523211790874
C07 720.012 99.20309406767656
C07 749.995 99.39284730230088
C07 770.007 99.35126950172064
C07 800.008 98.53615979958744
C07 830.013 96.6235576937033
C07 869.994 91.58412579094976
C07 900.005 82.75474086027951
C07 919.989 74.0037229901066
C07 959.989 52.21126445883131
C07 1000.013 26.091980486695324
C07 1030.002 9.41872156308564
C07 1049.996 4.0517785732438245
C07 1080.005 0.5780896188739961
C07 1100.007 0.11782533824825107
C10 319.992 42.73500244606114
C10 330.006 49.510238106232975
C10 349.994 69.61454981408227
C10 370.001 73.00703524245715
C10 400.009 82.50361909180484
C10 429.983 85.59509859636006
C10 449.989 87.4529912885172
C10 469.993 89.31153216560803
C10 500.016 92.06709072317825
C10 549.99 95.56096719311994
C10 569.998 96.73011263461592
C10 599.983 97.85723926938981
C10 630.013 98.39340663878254
C10 649.987 98.76203438675667
C10 670.017 98.67127781867023
C10 699.987 98.51291463253276
C10 720.012 98.29301780471803
C10 749.995 98.47806930807612
C10 770.007 98.43059058070088
C10 800.008 97.63196717397959
C10 830.013 95.84268736391354
C10 869.994 91.16684963581385
C10 900.005 83.17272455799623
C10 919.989 74.16342363656928
C10 959.989 52.71445225253483
C10 1000.013 26.401445046651617
C10 1030.002 9.574644556156649
C10 1049.996 4.064641868163786
C10 1080.005 0.5727690730083116
C10 1100.007 0.11674091276157536
C11 319.992 43.23164918545352
C11 330.006 50.09165794161455
C11 349.994 70.43053577329685
C11 370.001 73.79811482268363
C11 400.009 82.82711206199455
C11 429.983 85.69001925124445
C11 449.989 87.46296022297201
C11 469.993 89.26289582869786
C11 500.016 91.9605168700938
C11 549.99 95.40007706641751
C11 569.998 96.55339475342844
C11 599.983 97.6655107840212
C11 630.013 98.1876316998297
C11 649.987 98.55378392491006
C11 670.017 98.457748007714
C11 699.987 98.29396501850887
C11 720.012 98.07108478194313
C11 749.995 98.2498817889001
C11 770.007 98.20430914397159
C11 800.008 97.40174624358691
C11 830.013 95.59835471709765
C11 869.994 90.79799196281756
C11 900.005 82.89424145023266
C11 919.989 73.92327194762312
C11 959.989 52.26910226330888
C11 1000.013 26.248245317043608
C11 1030.002 9.509130031765583
C11 1049.996 4.049455061143091
C11 1080.005 0.5714418841408828
C11 1100.007 0.11647040716500592
C12 319.992 43.753447892186365
C12 330.006 50.70519939690721
C12 349.994 71.33769667663329
C12 370.001 74.74509893479863
C12 400.009 83.48556223106335
C12 429.983 86.19752324943198
C12 449.989 87.92180727069436
C12 469.993 89.69201057672505
C12 500.016 92.36338497368811
C12 549.99 95.78575469928401
C12 569.998 96.93897507535542
C12 599.983 98.04560450311405
C12 630.013 98.57140485921533
C12 649.987 98.9329546771876
C12 670.017 98.83722455675614
C12 699.987 98.67045662513665
C12 720.012 98.44861463306127
C12 749.995 98.62856418716079
C12 770.007 98.58252408235515
C12 800.008 97.77212213405905
C12 830.013 95.949149724686
C12 869.994 91.05264049854664
C12 900.005 83.03020832422723
C12 919.989 74.12950377842067
C12 959.989 52.37668374802445
C12 1000.013 26.160267291604505
C12 1030.002 9.514320516427974
C12 1049.996 4.061641218250839
C12 1080.005 0.5736443803658552
C12 1100.007 0.11691931656283137
C13 319.992 43.97689656836034
C13 330.006 50.97560894958537
C13 349.994 71.79671295943496
C13 370.001 75.2657450500334
C13 400.009 83.77677211804655
C13 429.983 86.35740331378
C13 449.989 88.02932606299524
C13 469.993 89.77193564958581
C13 500.016 92.41306503393183
C13 549.99 95.81894272791556
C13 569.998 96.97027047507297
C13 599.983 98.08000840754954
C13 630.013 98.60479256762008
C13 649.987 98.97033118311475
C13 670.017 98.87715483969662
C13 699.987 98.7117495512873
C13 720.012 98.49578652219701
C13 749.995 98.67800637625214
C13 770.007 98.63151971649886
C13 800.008 97.82702374933103
C13 830.013 95.97361121416314
C13 869.994 91.08559446305794
C13 900.005 82.93094724816557
C13 919.989 74.16229020401809
C13 959.989 52.32978793216388
C13 1000.013 26.23181009700903
C13 1030.002 9.524237484372106
C13 1049.996 4.0704327241794145
C13 1080.005 0.5739319475550907
C13 1100.007 0.11697792806567545
C14 319.992 44.3221926285866
C14 330.006 51.38127240000702
C14 349.994 72.40695754639665
C14 370.001 75.90540770690176
C14 400.009 84.12303186072415
C14 429.983 86.55067401495106
C14 449.989 88.1698880388083
C14 469.993 89.87585208547578
C14 500.016 92.48094494888132
C14 549.99 95.86194508516292
C14 569.998 97.01056696903585
C14 599.983 98.1137720599518
C14 630.013 98.63501926381706
C14 649.987 98.99946786841706
C14 670.017 98.90652396395365
C14 699.987 98.73820692632933
C14 720.012 98.52195272345288
C14 749.995 98.70397931988272
C14 770.007 98.65798519823792
C14 800.008 97.85027037922099
C14 830.013 95.99715539778488
C14 869.994 91.06668209291492
C14 900.005 82.84021503140872
C14 919.989 74.05548307661094
C14 959.989 52.21407548149622
C14 1000.013 26.178797056615263
C14 1030.002 9.52798886991049
C14 1049.996 4.072568363730289
C14 1080.005 0.5740830117831665
C14 1100.007 0.1170087177446268
C15 319.992 44.600687812479855
C15 330.006 51.709392045721536
C15 349.994 72.89214319701807
C15 370.001 76.42363916983084
C15 400.009 84.57489493496882
C15 429.983 86.94510761045333
C15 449.989 88.54672909802301
C15 469.993 90.23935199352599
C15 500.016 92.83691224246402
C15 549.99 96.21571649785595
C15 569.998 97.36213457977499
C15 599.983 98.46830969487543
C15 630.013 98.99076838832407
C15 649.987 99.35742513685537
C15 670.017 99.26209325897095
C15 699.987 99.09624850212384
C15 720.012 98.8775097739895
C15 749.995 99.06186776387341
C15 770.007 99.01577091700892
C15 800.008 98.20750379808361
C15 830.013 96.33727202438993
C15 869.994 91.38166413852153
C15 900.005 83.02804324661585
C15 919.989 74.26836437837547
C15 959.989 52.27427115557476
C15 1000.013 26.21747834249994
C15 1030.002 9.51293237253046
C15 1049.996 4.086637561430531
C15 1080.005 0.5761645669592568
C15 1100.007 0.11743297712361885
C16 319.992 44.74710880130696
C16 330.006 51.885201330655434
C16 349.994 73.16074676447133
C16 370.001 76.71380748181154
C16 400.009 84.76338102129819
C16 429.983 87.07872374198615
C16 449.989 88.6595160887627
C16 469.993 90.34249178593328
C16 500.016 92.93705763587026
C16 549.99 96.30776733296919
C16 569.998 97.45573515243785
C16 599.983 98.56504174905055
C16 630.013 99.08709810998073
C16 649.987 99.45529134751959
C16 670.017 99.36238183668081
C16 699.987 99.19814754459564
C16 720.012 98.98424806864533
C16 749.995 99.16870001880073
C16 770.007 99.12418845624212
C16 800.008 98.31875160137321
C16 830.013 96.43645081986615
C16 869.994 91.49703819647964
C16 900.005 83.01109378188677
C16 919.989 74.31167661426495
C16 959.989 52.33475419501092
C16 1000.013 26.199446344140252
C16 1030.002 9.49753848978713
C16 1049.996 4.0893912552002005
C16 1080.005 0.576785926615336
C16 1100.007 0.11755962169439312
C17 319.992 44.74462524440739
C17 330.006 51.89411119770053
C17 349.994 73.23353660571331
C17 370.001 76.79279242924504
C17 400.009 84.61864224686472
C17 429.983 86.83416526761144
C17 449.989 88.3816205382177
C17 469.993 90.04296884596096
C17 500.016 92.61005305523298
C17 549.99 95.96598777892316
C17 569.998 97.10905407056434
C17 599.983 98.218140855246
C17 630.013 98.73816564260633
C17 649.987 99.10681720909751
C17 670.017 99.01829944106427
C17 699.987 98.85653682332767
C17 720.012 98.63878767471394
C17 749.995 98.82297128025151
C17 770.007 98.78302205657266
C17 800.008 97.98098851082098
C17 830.013 96.10617367059886
C17 869.994 91.1971141189985
C17 900.005 82.62807608759381
C17 919.989 73.85151811091578
C17 959.989 52.32760321861173
C17 1000.013 26.106429992455205
C17 1030.002 9.463227093183537
C17 1049.996 4.078931135652998
C17 1080.005 0.5747750986822676
C17 1100.007 0.11714977783344592
