lsstCam/transmission_filter_detector/r44_sg1/g_6/19700101T000000.ecsv
# %ECSV 1.0
# ---
# datatype:
# - {name: wavelength, unit: nm, datatype: float32}
# - {name: efficiency, unit: '%', datatype: float64}
# meta: !!omap
# - {MODE: DETECTOR}
# - {TYPE: transmission_filter_detector}
# - {CALIBDATE: '1970-01-01T00:00:00'}
# - {INSTRUME: LSSTCam}
# - {OBSTYPE: transmission_filter_detector}
# - {CALIBCLS: lsst.ip.isr.IntermediateFilterDetectorTransmissionCurve}
# - {SOURCE: Materion (DM-46256)}
# - {DETECTOR: 202}
# - {FILTER: g_6}
# - {CALIB_ID: 'calibDate=1970-01-01T00:00:00 filter=g_6 detector=202'}
# - {DATE: '2025-04-02T15:59:42.963213'}
# - {CALIB_CREATION_DATE: '2025-04-02'}
# - {CALIB_CREATION_TIME: '15:59:42'}
# - __serialized_columns__:
#     efficiency:
#       __class__: astropy.units.quantity.Quantity
#       unit: !astropy.units.Unit {unit: '%'}
#       value: !astropy.table.SerializedColumn {name: efficiency}
#     wavelength:
#       __class__: astropy.units.quantity.Quantity
#       unit: !astropy.units.Unit {unit: nm}
#       value: !astropy.table.SerializedColumn {name: wavelength}
# schema: astropy-2.0
wavelength efficiency
300.0 0.3383694216609001
301.0 0.2864508656784892
302.0 0.2345323096960783
303.0 0.22943955846130848
304.0 0.22434680722653866
305.0 0.2215093933045864
306.0 0.2186719560995698
307.0 0.21021629218012094
308.0 0.20176065154373646
309.0 0.19472207641229033
310.0 0.18768348963931203
311.0 0.1890293788164854
312.0 0.1903752563521266
313.0 0.19007023656740785
314.0 0.18976524006575346
315.0 0.18470134818926454
316.0 0.17963749123737216
317.0 0.1760188490152359
318.0 0.17240021843463182
319.0 0.1611914369277656
320.0 0.14998266706243157
321.0 0.13750579673796892
322.0 0.12502893805503845
323.0 0.11170757934451103
324.0 0.09838620899245143
325.0 0.08906566654331982
326.0 0.0797451299149543
327.0 0.07326574996113777
328.0 0.06678637000732124
329.0 0.0628442969173193
330.0 0.058902218006551266
331.0 0.053352495888248086
332.0 0.04780276503879577
333.0 0.045923495781607926
334.0 0.04404422652442008
335.0 0.04210872284602374
336.0 0.04017321625724435
337.0 0.040106833330355585
338.0 0.040040453313849866
339.0 0.039429080788977444
340.0 0.03881770244333893
341.0 0.037103521754033864
342.0 0.03538933815434575
343.0 0.032341224141418934
344.0 0.029293110128492117
345.0 0.02581830194685608
346.0 0.022343490854837
347.0 0.020664854673668742
348.0 0.01898622140288353
349.0 0.017355474119540304
350.0 0.8072034455835819
351.0 1.1258185841143131
352.0 0.5764543078839779
353.0 0.9619982913136482
354.0 0.6682432256639004
355.0 0.9240324608981609
356.0 0.6711466703563929
357.0 0.8597742766141891
358.0 0.5219709128141403
359.0 0.7626895792782307
360.0 0.5687442608177662
361.0 0.7464518770575523
362.0 0.5815655458718538
363.0 0.7113550323992968
364.0 0.4757219925522804
365.0 0.8667977526783943
366.0 0.5139135289937258
367.0 0.7267329376190901
368.0 0.3983687609434128
369.0 0.6587022449821234
370.0 0.34254153724759817
371.0 0.5036436952650547
372.0 0.34156376495957375
373.0 0.5616225302219391
374.0 0.40026907809078693
375.0 0.6371821742504835
376.0 0.34824174363166094
377.0 0.5114891566336155
378.0 0.4240197129547596
379.0 0.5888551007956266
380.0 0.41476162150502205
381.0 0.45496830716729164
382.0 0.5284080281853676
383.0 0.5533576477319002
384.0 0.5194466561079025
385.0 0.5605658981949091
386.0 0.6816811393946409
387.0 0.7274590898305178
388.0 0.9007601998746395
389.0 1.2435068376362324
390.0 1.8351102247834206
391.0 2.8356924653053284
392.0 4.470309987664223
393.0 7.100852578878403
394.0 10.7750803232193
395.0 15.572230517864227
396.0 21.583189070224762
397.0 29.072609543800354
398.0 37.834516167640686
399.0 47.1948117017746
400.0 56.55785799026489
401.0 65.47644138336182
402.0 73.57634902000427
403.0 80.29627799987793
404.0 85.22709012031555
405.0 88.80959153175354
406.0 90.80630540847778
407.0 92.33281016349792
408.0 93.26245784759521
409.0 93.74223351478577
410.0 93.84640455245972
411.0 93.73779892921448
412.0 93.36414933204651
413.0 93.07969212532043
414.0 92.91953444480896
415.0 93.17408800125122
416.0 93.53013634681702
417.0 93.91061067581177
418.0 94.4161057472229
419.0 94.99477744102478
420.0 95.41705846786499
421.0 96.03135585784912
422.0 96.16177082061768
423.0 96.3785707950592
424.0 96.11961245536804
425.0 95.98190188407898
426.0 95.97142934799194
427.0 96.04696035385132
428.0 95.76382637023926
429.0 95.66776752471924
430.0 95.58638334274292
431.0 95.64122557640076
432.0 95.74836492538452
433.0 95.76818346977234
434.0 95.84648609161377
435.0 95.91922760009766
436.0 95.98570466041565
437.0 96.00414633750916
438.0 96.11287117004395
439.0 96.16177082061768
440.0 96.2036669254303
441.0 96.29666805267334
442.0 96.24146819114685
443.0 96.24038338661194
444.0 96.14987969398499
445.0 95.85403203964233
446.0 95.70146799087524
447.0 95.5600380897522
448.0 95.56252360343933
449.0 95.77192068099976
450.0 96.02968692779541
451.0 96.21012210845947
452.0 96.40315175056458
453.0 96.52383327484131
454.0 96.61023616790771
455.0 96.84287905693054
456.0 97.05190062522888
457.0 97.12983965873718
458.0 97.14273810386658
459.0 97.12963104248047
460.0 97.13650345802307
461.0 97.26122617721558
462.0 97.17327356338501
463.0 97.09479212760925
464.0 97.18413949012756
465.0 97.02736139297485
466.0 97.10444211959839
467.0 97.067791223526
468.0 97.11827039718628
469.0 97.12239503860474
470.0 96.96893095970154
471.0 96.84576988220215
472.0 96.89092636108398
473.0 96.7978835105896
474.0 96.7144787311554
475.0 96.8045175075531
476.0 96.78288102149963
477.0 96.85099124908447
478.0 96.97756171226501
479.0 96.99936509132385
480.0 97.13025093078613
481.0 97.22431898117065
482.0 97.40946292877197
483.0 97.37107753753662
484.0 97.48660922050476
485.0 97.4769115447998
486.0 97.54582047462463
487.0 97.58524894714355
488.0 97.56562113761902
489.0 97.71139025688171
490.0 97.67867922782898
491.0 97.7043628692627
492.0 97.66449332237244
493.0 97.69254922866821
494.0 97.67891764640808
495.0 97.66141772270203
496.0 97.57968187332153
497.0 97.44556546211243
498.0 97.25900888442993
499.0 97.31931686401367
500.0 97.24650382995605
501.0 97.19502925872803
502.0 97.13189601898193
503.0 97.29430079460144
504.0 97.11653590202332
505.0 97.16154932975769
506.0 97.17456698417664
507.0 97.14787602424622
508.0 97.08281755447388
509.0 97.1196174621582
510.0 97.08166122436523
511.0 97.06138372421265
512.0 96.96796536445618
513.0 97.0965027809143
514.0 97.00486063957214
515.0 97.06698656082153
516.0 97.18780517578125
517.0 97.19744324684143
518.0 97.24863767623901
519.0 97.27244973182678
520.0 97.27509021759033
521.0 97.37756252288818
522.0 97.37000465393066
523.0 97.32657670974731
524.0 97.34856486320496
525.0 97.31781482696533
526.0 97.42298126220703
527.0 97.34151363372803
528.0 97.48089909553528
529.0 97.52302169799805
530.0 97.52710461616516
531.0 97.65493273735046
532.0 97.55538702011108
533.0 97.53461480140686
534.0 97.48780727386475
535.0 97.32962250709534
536.0 96.92668914794922
537.0 96.33814096450806
538.0 95.52899599075317
539.0 94.03290152549744
540.0 92.23085641860962
541.0 89.4471287727356
542.0 86.51917576789856
543.0 82.62938857078552
544.0 77.91240811347961
545.0 73.65797162055969
546.0 68.61830949783325
547.0 64.13265466690063
548.0 59.71672534942627
549.0 55.86051940917969
550.0 52.901893854141235
551.0 50.038957595825195
552.0 47.82668650150299
553.0 45.374441146850586
554.0 42.38002598285675
555.0 38.97075653076172
556.0 34.41903293132782
557.0 29.19986844062805
558.0 23.638159036636353
559.0 18.280987441539764
560.0 13.2880300283432
561.0 8.776964992284775
562.0 5.513647943735123
563.0 3.141755238175392
564.0 1.6931068152189255
565.0 0.8067874237895012
566.0 0.4330095835030079
567.0 0.22365760523825884
568.0 0.14613043749704957
569.0 0.08816702174954116
570.0 0.08167402702383697
571.0 0.043476911378093064
572.0 0.042096563265658915
573.0 0.03800325794145465
574.0 0.033717448241077363
575.0 0.02548429765738547
576.0 0.03913239052053541
577.0 0.030707093537785113
578.0 0.033510164939798415
579.0 0.019533123122528195
580.0 0.02914128708653152
581.0 0.02189607039326802
582.0 0.029953147168271244
583.0 0.024787263828329742
584.0 0.012289742880966514
585.0 0.013246638991404325
586.0 0.017205691256094724
587.0 0.017068060697056353
588.0 0.021632519201375544
589.0 0.015448153135366738
590.0 0.020297155424486846
591.0 0.004975791671313345
592.0 0.009981638140743598
593.0 0.012455818068701774
594.0 0.014115571684669703
595.0 1.6507642692023539e-10
596.0 0.01922515220940113
597.0 0.0024866552848834544
598.0 0.018094539700541645
599.0 0.013508772826753557
600.0 0.008645852358313277
601.0 0.002126658546330873
602.0 0.0021420157281681895
603.0 0.0021573730919044465
604.0 0.0021416381059680134
605.0 0.00212590293813264
606.0 0.0020047251382493414
607.0 0.0018835475202649832
608.0 0.0018750537492451258
609.0 0.0018665596144273877
610.0 0.0019101096768281423
611.0 0.001953659375431016
612.0 0.0018798984456225298
613.0 0.0018061378796119243
614.0 0.0018436821846989915
615.0 0.001881226671684999
616.0 0.0017653534087003209
617.0 0.001649480327614583
618.0 0.0016342104572686367
619.0 0.00161894040502375
620.0 0.0016452853742521256
621.0 0.001671630161581561
622.0 0.0016528376363567077
623.0 0.0016340452930307947
624.0 0.0016402927940362133
625.0 0.0016465406588395126
626.0 0.001517115470051067
627.0 0.0013876905541110318
628.0 0.0013922718608228024
629.0 0.0013968534403829835
630.0 0.0014881857168802526
631.0 0.001579518175276462
632.0 0.0015134191016841214
633.0 0.0014473204828391317
634.0 0.001348059049632866
635.0 0.0012487976164266001
636.0 0.0012686647096415982
637.0 0.0012885318028565962
638.0 0.0012394045370456297
639.0 0.0011902773621841334
640.0 0.0012756591786455829
641.0 0.0013610410860565025
642.0 0.0012688922652159818
643.0 0.0011767437172238715
644.0 0.001203598549182061
645.0 0.0012304536539886612
646.0 0.001203163992613554
647.0 0.0011758742402889766
648.0 0.001235053969139699
649.0 0.0012942336979904212
650.0 0.0011673989320115652
651.0 0.001040564075083239
652.0 0.0011297172022750601
653.0 0.0012188706023152918
654.0 0.001138817060564179
655.0 0.0010587635188130662
656.0 0.001058618727256544
657.0 0.0010584738447505515
658.0 0.0010435194781166501
659.0 0.0010285650205332786
660.0 0.0010494802154425997
661.0 0.0010703953194024507
662.0 0.0011451296813902445
663.0 0.0012198640433780383
664.0 0.0012173730283393525
665.0 0.0012148819223511964
666.0 0.0011562196959857829
667.0 0.001097557287721429
668.0 0.0011234025805606507
669.0 0.0011492478733998723
670.0 0.0010795336493174545
671.0 0.0010098194252350368
672.0 0.000992939567368012
673.0 0.0009760599823493976
674.0 0.0009975700777431484
675.0 0.0010190802640863694
676.0 0.0010102657142851967
677.0 0.0010014508916356135
678.0 0.000998190080281347
679.0 0.0009949291779776104
680.0 0.0010324279173801187
681.0 0.0010699270205805078
682.0 0.0010434254363644868
683.0 0.0010169243068958167
684.0 0.0009906556442729197
685.0 0.0009643868907005526
686.0 0.0010305658179277088
687.0 0.001096744654205395
688.0 0.0010654746802174486
689.0 0.0010342046152800322
690.0 0.0010149821719096508
691.0 0.0009957598194887396
692.0 0.0010210293112322688
693.0 0.0010462986210768577
694.0 0.0010089369425259065
695.0 0.0009715751730254851
696.0 0.0009935462003340945
697.0 0.001015517318592174
698.0 0.0010584042684058659
699.0 0.0011012911272700876
700.0 0.001067529956344515
701.0 0.001033768512570532
702.0 0.001043890824803384
703.0 0.001054013137036236
704.0 0.001109503227780806
705.0 0.0011649935004243162
706.0 0.0011288247151242103
707.0 0.0010926557479251642
708.0 0.0011100268238806166
709.0 0.0011273980817350093
710.0 0.0011193319551239256
711.0 0.0011112657375633717
712.0 0.001118070213124156
713.0 0.0011248747796344105
714.0 0.0012668330782616977
715.0 0.0014087912859395146
716.0 0.0014214657312550116
717.0 0.0014341404494189192
718.0 0.0015404910300276242
719.0 0.0016468420653836802
720.0 0.0014010174709255807
721.0 0.0011551926036190707
722.0 0.001332277406618232
723.0 0.0015093623005668633
724.0 0.0015231591532938182
725.0 0.0015369558241218328
726.0 0.0015123578123166226
727.0 0.0014877598005114123
728.0 0.0015440778952324763
729.0 0.0016003959899535403
730.0 0.0016909512851270847
731.0 0.0017815067621995695
732.0 0.0017193260646308772
733.0 0.001657145367062185
734.0 0.0015017905752756633
735.0 0.0013464361472870223
736.0 0.001182436153612798
737.0 0.0010184360689891037
738.0 0.0008950960364018101
739.0 0.0007717559128650464
740.0 0.0009006415893964004
741.0 0.0010295273568772245
742.0 0.0010256033419864252
743.0 0.0010216796908935066
744.0 0.0010402992302260827
745.0 0.0010589190424070694
746.0 0.0009424399650015403
747.0 0.0008259609785454813
748.0 0.0008575564606871922
749.0 0.0008891520337783732
750.0 0.0008847606295603327
751.0 0.0008803693162917625
752.0 0.0008716546290088445
753.0 0.0008629400326753967
754.0 0.000789780642662663
755.0 0.0007166212526499294
756.0 0.0007703277333348524
757.0 0.0008240343049692456
758.0 0.0008013539627427235
759.0 0.0007786738024151418
760.0 0.0007650342922715936
761.0 0.0007513949185522506
762.0 0.000717673219696735
763.0 0.0006839513389422791
764.0 0.0005955183496553218
765.0 0.0005070854513178347
766.0 0.0005556853466259781
767.0 0.0006042853328835918
768.0 0.0006229724931472447
769.0 0.0006416596988856327
770.0 0.0005933130523771979
771.0 0.0005449665422929684
772.0 0.000581462018089951
773.0 0.0006179574484121986
774.0 0.0005650573257298674
775.0 0.0005121571575728012
776.0 0.0005405665433499962
777.0 0.0005689757927029859
778.0 0.0006097418918216135
779.0 0.0006505079909402411
780.0 0.0006929055871296441
781.0 0.0007353032742685173
782.0 0.0005973938186798478
783.0 0.0004594844085659133
784.0 0.0004720151991932653
785.0 0.00048454608077008743
786.0 0.0005548733497562353
787.0 0.0006252008006413234
788.0 0.0005306962520990055
789.0 0.0004361916126072174
790.0 0.0002818057964759646
791.0 0.00012742004855681444
792.0 0.0001784487494660425
793.0 0.00022947745037527056
794.0 0.00022455499220086494
795.0 0.00021963253402645933
796.0 0.00028304766601650044
797.0 0.00034646279800654156
798.0 0.00037456977679539705
799.0 0.000402676732846885
800.0 0.0003600447826102027
801.0 0.0003174128096361528
802.0 0.0003073070502068731
803.0 0.0002972012907775934
804.0 0.000348635785485385
805.0 0.00040007030293054413
806.0 0.0004002731657237746
807.0 0.00040047598304226995
808.0 0.0004699948021880118
809.0 0.0005395136668084888
810.0 0.0005335460173228057
811.0 0.0005275782768876525
812.0 0.0004110970166948391
813.0 0.0002946157337646582
814.0 0.0003698857426570612
815.0 0.00044515572881209664
816.0 0.0004139008524361998
817.0 0.000382646021535038
818.0 0.0004229200385452714
819.0 0.0004631941465049749
820.0 0.0004121615802432643
821.0 0.0003611290594562888
822.0 0.00047063749661901966
823.0 0.0005801459337817505
824.0 0.0003695044370033429
825.0 0.0001588628947502002
826.0 0.00031103768378670793
827.0 0.00046321247282321565
828.0 0.00037785639506182633
829.0 0.00029250027182570193
830.0 0.0002633477379276883
831.0 0.00023419515855493955
832.0 0.00029174407245591283
833.0 0.00034929296361951856
834.0 0.0004209148301015375
835.0 0.0004925368102703942
836.0 0.00040326726775674615
837.0 0.00031399765703099547
838.0 0.00036389803881320404
839.0 0.00041379839785804506
840.0 0.0004233145773469005
841.0 0.0004328307568357559
842.0 0.0004409230314195156
843.0 0.0004490153514780104
844.0 0.0004387156877783127
845.0 0.0004284160695533501
846.0 0.00038380790101655293
847.0 0.00033919973247975577
848.0 0.000392043466490577
849.0 0.0004448872005013982
850.0 0.00035989071420772234
851.0 0.0002748943416008842
852.0 0.00013725954204346635
853.0 1.6507642692023539e-10
854.0 0.0001513349161541555
855.0 0.0003030450216101599
856.0 0.0003715477305377135
857.0 0.00044005046220263466
858.0 0.0004932572210236685
859.0 0.0005464639798447024
860.0 0.0004871500095759984
861.0 0.0004278359938325593
862.0 0.00040335185076401103
863.0 0.0003788677304328303
864.0 0.0003182005002599908
865.0 0.00025753329282451887
866.0 0.00028127794848842314
867.0 0.0003050225586775923
868.0 0.00035165860481356503
869.0 0.00039829460547480267
870.0 0.0004046650246891659
871.0 0.000411035398428794
872.0 0.00043228492359048687
873.0 0.00045353444875217974
874.0 0.0005292269179335563
875.0 0.0006049192961654626
876.0 0.0005014378530177055
877.0 0.0003979564553446835
878.0 0.0004938877282256726
879.0 0.0005898190011066617
880.0 0.000605734157943516
881.0 0.00062164913288143
882.0 0.0006412537914002314
883.0 0.0006608582680200925
884.0 0.000538894073542906
885.0 0.00041692983359098434
886.0 0.00037441450331243686
887.0 0.0003318991275591543
888.0 0.000429755937148002
889.0 0.0005276127467368497
890.0 0.0005560501904255943
891.0 0.0005844876795890741
892.0 0.0005697326287190663
893.0 0.0005549775778490584
894.0 0.0005382420113164699
895.0 0.0005215064447838813
896.0 0.0004825215455639409
897.0 0.00044353669181873556
898.0 0.00045017122829449363
899.0 0.0004568057647702517
900.0 0.00039393121369357686
901.0 0.0003310566398795345
902.0 0.00037080924357724143
903.0 0.00041056177906284574
904.0 0.00031221263725456083
905.0 0.00021386349544627592
