lsstCam/transmission_filter_detector/r44_sg1/g_6/19700101T000000.ecsv
# %ECSV 1.0
# ---
# datatype:
# - {name: wavelength, unit: nm, datatype: float32}
# - {name: efficiency, unit: '%', datatype: float64}
# meta: !!omap
# - {MODE: DETECTOR}
# - {TYPE: transmission_filter_detector}
# - {CALIBDATE: '1970-01-01T00:00:00'}
# - {INSTRUME: LSSTCam}
# - {OBSTYPE: transmission_filter_detector}
# - {CALIBCLS: lsst.ip.isr.IntermediateFilterDetectorTransmissionCurve}
# - {SOURCE: Materion (DM-46256)}
# - {DETECTOR: 202}
# - {FILTER: g_6}
# - {CALIB_ID: 'calibDate=1970-01-01T00:00:00 filter=g_6 detector=202'}
# - {DATE: '2025-04-02T15:59:42.963213'}
# - {CALIB_CREATION_DATE: '2025-04-02'}
# - {CALIB_CREATION_TIME: '15:59:42'}
# - __serialized_columns__:
#     efficiency:
#       __class__: astropy.units.quantity.Quantity
#       unit: !astropy.units.Unit {unit: '%'}
#       value: !astropy.table.SerializedColumn {name: efficiency}
#     wavelength:
#       __class__: astropy.units.quantity.Quantity
#       unit: !astropy.units.Unit {unit: nm}
#       value: !astropy.table.SerializedColumn {name: wavelength}
# schema: astropy-2.0
wavelength efficiency
[from data line 607]
907.0 0.0002515033202143968
908.0 0.0003295221858934383
909.0 0.00040754098336037714
910.0 0.00036549986361933406
911.0 0.000323458743878291
912.0 0.000345953617397754
913.0 0.0003684485363919521
914.0 0.00038054395190556534
915.0 0.0003926394128939137
916.0 0.0003811321221292019
917.0 0.00036962485410185764
918.0 0.00029799743970215786
919.0 0.00022637004803982563
920.0 0.0002933900304924464
921.0 0.00036040996747033205
922.0 0.00037982572393957525
923.0 0.00039924143493408337
924.0 0.0003628446393122431
925.0 0.00032644782095303526
926.0 0.0004209076905681286
927.0 0.0005153675829205895
928.0 0.0005315183898346731
929.0 0.0005476691512740217
930.0 0.0005012789642933058
931.0 0.0004548888227873249
932.0 0.00041328335100843105
933.0 0.00037167785649216967
934.0 0.0004602627541316906
935.0 0.0005488476745085791
936.0 0.0005193914148549084
937.0 0.0004899352006759727
938.0 0.0005728559244744247
939.0 0.0006557766482728766
940.0 0.0005542105100175831
941.0 0.0004526443262875546
942.0 0.0005247583885648055
943.0 0.0005968724963167915
944.0 0.000627737335889833
945.0 0.0006586021299881395
946.0 0.0007577140877401689
947.0 0.0008568260454921983
948.0 0.0007305331564566586
949.0 0.0006042401309969136
950.0 0.000631192278888193
951.0 0.000658144290355267
952.0 0.0007406559234368615
953.0 0.000823167556518456
954.0 0.0007498475952161243
955.0 0.0006765277248632628
956.0 0.0007424048817483708
957.0 0.000808282129582949
958.0 0.0007584391823911574
959.0 0.0007085962351993658
960.0 0.0006714928986184532
961.0 0.0006343896529870108
962.0 0.0006159765689517371
963.0 0.0005975634849164635
964.0 0.0005557048098125961
965.0 0.0005138460437592585
966.0 0.0005543281531572575
967.0 0.0005948102170805214
968.0 0.0005674834028468467
969.0 0.0005401565886131721
970.0 0.0005714994131267304
971.0 0.0006028422376402887
972.0 0.0006216394922375912
973.0 0.0006404368377843639
974.0 0.0006854862022009911
975.0 0.0007305355666176183
976.0 0.0007878496944613289
977.0 0.0008451637768303044
978.0 0.000884168275661068
979.0 0.0009231727744918317
980.0 0.0008957505087892059
981.0 0.0008683284249855205
982.0 0.0009396150744578335
983.0 0.0010109017239301465
984.0 0.001160556621471187
985.0 0.0013102115190122277
986.0 0.0013076213690510485
987.0 0.00130503149193828
988.0 0.001327349673374556
989.0 0.0013496675819624215
990.0 0.0014540029951604083
991.0 0.001558338408358395
992.0 0.0015619114492437802
993.0 0.0015654841263312846
994.0 0.0016061621863627806
995.0 0.0016468402463942766
996.0 0.0015628385881427675
997.0 0.0014788372936891392
998.0 0.0014246619684854522
999.0 0.0013704869161301758
1000.0 0.0013463247341860551
1001.0 0.0013221627341408748
1002.0 0.0012720101949525997
1003.0 0.0012218577467137948
1004.0 0.0012976995094504673
1005.0 0.0013735411812376697
1006.0 0.0012824723853555042
1007.0 0.001191403680422809
1008.0 0.0012269378203200176
1009.0 0.0012624719602172263
1010.0 0.001370833251712611
1011.0 0.0014791948160564061
1012.0 0.001485165921621956
1013.0 0.0014911367543390952
1014.0 0.0015979027011781
1015.0 0.001704668829916045
1016.0 0.0018072003513225354
1017.0 0.0019097318727290258
1018.0 0.0021042980733909644
1019.0 0.002298864274052903
1020.0 0.002430672429909464
1021.0 0.002562480585766025
1022.0 0.002852203033398837
1023.0 0.003141925117233768
1024.0 0.003276812640251592
1025.0 0.0034117001632694155
1026.0 0.0036240719055058435
1027.0 0.0038364436477422714
1028.0 0.003925314740627073
1029.0 0.004014185833511874
1030.0 0.0041496678022667766
1031.0 0.00428515013481956
1032.0 0.004446278762770817
1033.0 0.004607407754519954
1034.0 0.004751424785354175
1035.0 0.004895441816188395
1036.0 0.005001298268325627
1037.0 0.005107154720462859
1038.0 0.005149138087290339
1039.0 0.005191121090319939
1040.0 0.005457769293570891
1041.0 0.005724417496821843
1042.0 0.005894544301554561
1043.0 0.006064671106287278
1044.0 0.00631782750133425
1045.0 0.006570984260179102
1046.0 0.006880021101096645
1047.0 0.007189057942014188
1048.0 0.007862566417315975
1049.0 0.008536075620213524
1050.0 0.009578721801517531
1051.0 0.010621367255225778
1052.0 0.012369237083476037
1053.0 0.014117108366917819
1054.0 0.0166972546139732
1055.0 0.019277397950645536
1056.0 0.023090570175554603
1057.0 0.026903735124506056
1058.0 0.03245795960538089
1059.0 0.038012181175872684
1060.0 0.04505254328250885
1061.0 0.05209290538914502
1062.0 0.05993899540044367
1063.0 0.06778508541174233
1064.0 0.07655565277673304
1065.0 0.08532622014172375
1066.0 0.09309072047472
1067.0 0.10085522662848234
1068.0 0.10835323482751846
1069.0 0.11585126630961895
1070.0 0.1242525759153068
1071.0 0.13265390880405903
1072.0 0.142765324562788
1073.0 0.15287675196304917
1074.0 0.1640040660277009
1075.0 0.17513136845082045
1076.0 0.18633786821737885
1077.0 0.19754439126700163
1078.0 0.2074630232527852
1079.0 0.21738172508776188
1080.0 0.229745008982718
1081.0 0.2421082928776741
1082.0 0.2549752127379179
1083.0 0.26784210931509733
1084.0 0.28789418283849955
1085.0 0.3079462330788374
1086.0 0.33837719820439816
1087.0 0.3688081633299589
1088.0 0.4072523210197687
1089.0 0.4456964321434498
1090.0 0.4938789177685976
1091.0 0.5420614033937454
1092.0 0.6131581496447325
1093.0 0.684254989027977
1094.0 0.7597451563924551
1095.0 0.8352354168891907
1096.0 0.8961685001850128
1097.0 0.957101583480835
1098.0 1.0151167400181293
1099.0 1.0731318965554237
1100.0 1.1588752269744873
1101.0 1.2446188367903233
