lsstCam/transmission_filter_detector/r03_s20/g_6/19700101T000000.ecsv
# %ECSV 1.0
# ---
# datatype:
# - {name: wavelength, unit: nm, datatype: float32}
# - {name: efficiency, unit: '%', datatype: float64}
# meta: !!omap
# - {MODE: DETECTOR}
# - {TYPE: transmission_filter_detector}
# - {CALIBDATE: '1970-01-01T00:00:00'}
# - {INSTRUME: LSSTCam}
# - {OBSTYPE: transmission_filter_detector}
# - {CALIBCLS: lsst.ip.isr.IntermediateFilterDetectorTransmissionCurve}
# - {SOURCE: Materion (DM-46256)}
# - {DETECTOR: 24}
# - {FILTER: g_6}
# - {CALIB_ID: 'calibDate=1970-01-01T00:00:00 filter=g_6 detector=24'}
# - {DATE: '2025-04-02T15:59:42.139942'}
# - {CALIB_CREATION_DATE: '2025-04-02'}
# - {CALIB_CREATION_TIME: '15:59:42'}
# - __serialized_columns__:
#     efficiency:
#       __class__: astropy.units.quantity.Quantity
#       unit: !astropy.units.Unit {unit: '%'}
#       value: !astropy.table.SerializedColumn {name: efficiency}
#     wavelength:
#       __class__: astropy.units.quantity.Quantity
#       unit: !astropy.units.Unit {unit: nm}
#       value: !astropy.table.SerializedColumn {name: wavelength}
# schema: astropy-2.0
wavelength efficiency
300.0 0.5016016308218241
301.0 0.37215014453977346
302.0 0.24269861169159412
303.0 0.2199916634708643
304.0 0.1972846919670701
305.0 0.2074013464152813
306.0 0.2175180008634925
307.0 0.22195074707269669
308.0 0.22638351656496525
309.0 0.22232714109122753
310.0 0.21827081218361855
311.0 0.21033992525190115
312.0 0.20240906160324812
313.0 0.19925995729863644
314.0 0.19611087627708912
315.0 0.1856311340816319
316.0 0.1751514384523034
317.0 0.17654922557994723
318.0 0.17794702434912324
319.0 0.16224770806729794
320.0 0.14654835686087608
321.0 0.14042251277714968
322.0 0.13429666869342327
323.0 0.11467045405879617
324.0 0.0950442859902978
325.0 0.08717633318156004
326.0 0.0793083745520562
327.0 0.07168375886976719
328.0 0.0640591373667121
329.0 0.06155234877951443
330.0 0.05904556019231677
331.0 0.054957804968580604
332.0 0.05087004974484444
333.0 0.0469897233415395
334.0 0.04310939693823457
335.0 0.04223230353090912
336.0 0.04135520721320063
337.0 0.042115210089832544
338.0 0.04287520714569837
339.0 0.04132539324928075
340.0 0.03977557935286313
341.0 0.038033584132790565
342.0 0.036291591823101044
343.0 0.03263631951995194
344.0 0.028981047216802835
345.0 0.025611493038013577
346.0 0.022241935948841274
347.0 0.02108589105773717
348.0 0.019929843256250024
349.0 0.018210460257250816
350.0 0.6108032539486885
351.0 1.1830246075987816
352.0 0.7459563203155994
353.0 0.7802401203662157
354.0 0.6614095065742731
355.0 0.8816604502499104
356.0 0.5732077173888683
357.0 0.7709756959229708
358.0 0.44230595231056213
359.0 0.8349544368684292
360.0 0.7534972857683897
361.0 0.915193185210228
362.0 0.45933867804706097
363.0 0.867302343249321
364.0 0.5642830859869719
365.0 0.7306504063308239
366.0 0.541008124127984
367.0 0.6930988747626543
368.0 0.5410320591181517
369.0 0.7046476937830448
370.0 0.4647576715797186
371.0 0.6259049288928509
372.0 0.4832390695810318
373.0 0.5253114271908998
374.0 0.4400853533297777
375.0 0.5366136319935322
376.0 0.3563839476555586
377.0 0.5463142413645983
378.0 0.38095498457551
379.0 0.5278139375150204
380.0 0.3948680590838194
381.0 0.5205704364925623
382.0 0.5522594321519136
383.0 0.5132426973432302
384.0 0.5122489295899868
385.0 0.5756884813308716
386.0 0.6559128873050213
387.0 0.7190286181867123
388.0 0.8743586950004101
389.0 1.1279108002781868
390.0 1.6187842935323715
391.0 2.648416720330715
392.0 4.0956709533929825
393.0 6.525784730911255
394.0 9.946677088737488
395.0 14.466449618339539
396.0 20.138002932071686
397.0 27.290600538253784
398.0 35.67981719970703
399.0 44.954219460487366
400.0 54.35473322868347
401.0 63.45648169517517
402.0 71.86364531517029
403.0 79.12184000015259
404.0 84.35474634170532
405.0 88.36756944656372
406.0 90.59051275253296
407.0 92.44915843009949
408.0 93.51990222930908
409.0 94.03325915336609
410.0 94.17026042938232
411.0 94.11439895629883
412.0 93.69240403175354
413.0 93.54029893875122
414.0 93.34450960159302
415.0 93.4897780418396
416.0 93.858402967453
417.0 94.0887451171875
418.0 94.65494751930237
419.0 95.17765641212463
420.0 95.76175808906555
421.0 96.27765417098999
422.0 96.50792479515076
423.0 96.67664766311646
424.0 96.55290842056274
425.0 96.40324115753174
426.0 96.4590072631836
427.0 96.47400975227356
428.0 96.24393582344055
429.0 96.11158967018127
430.0 95.92729210853577
431.0 95.99254727363586
432.0 96.0365891456604
433.0 96.11197710037231
434.0 96.18822932243347
435.0 96.35388255119324
436.0 96.40117287635803
437.0 96.45498394966125
438.0 96.4617669582367
439.0 96.54771089553833
440.0 96.50242924690247
441.0 96.66138291358948
442.0 96.63852453231812
443.0 96.65553569793701
444.0 96.57994508743286
445.0 96.32101058959961
446.0 96.13480567932129
447.0 95.90334296226501
448.0 95.89279890060425
449.0 96.12358808517456
450.0 96.32366299629211
451.0 96.51188850402832
452.0 96.73497080802917
453.0 96.82227969169617
454.0 96.92952632904053
455.0 97.18737602233887
456.0 97.29136228561401
457.0 97.43645191192627
458.0 97.44110703468323
459.0 97.46924638748169
460.0 97.50325083732605
461.0 97.63545989990234
462.0 97.56805896759033
463.0 97.47676253318787
464.0 97.58191704750061
465.0 97.49904274940491
466.0 97.48365879058838
467.0 97.51150608062744
468.0 97.53614664077759
469.0 97.58747220039368
470.0 97.42156863212585
471.0 97.28978872299194
472.0 97.39084839820862
473.0 97.25625514984131
474.0 97.15256690979004
475.0 97.22334146499634
476.0 97.19674587249756
477.0 97.23458290100098
478.0 97.37175107002258
479.0 97.33312129974365
480.0 97.49842286109924
481.0 97.56588339805603
482.0 97.78568744659424
483.0 97.6902425289154
484.0 97.80030250549316
485.0 97.86527752876282
486.0 97.87355065345764
487.0 97.94796705245972
488.0 97.92991876602173
489.0 98.01788330078125
490.0 97.98358082771301
491.0 98.04790616035461
492.0 97.94146418571472
493.0 97.9706883430481
494.0 97.92471528053284
495.0 97.97341823577881
496.0 97.79822826385498
497.0 97.74171710014343
498.0 97.50972390174866
499.0 97.56384491920471
500.0 97.49510884284973
501.0 97.46281504631042
502.0 97.35146760940552
503.0 97.51930832862854
504.0 97.33781814575195
505.0 97.35466241836548
506.0 97.3649263381958
507.0 97.33191728591919
508.0 97.33372330665588
509.0 97.31423854827881
510.0 97.25069999694824
511.0 97.2286581993103
512.0 97.14952111244202
513.0 97.23100066184998
514.0 97.22217321395874
515.0 97.25094437599182
516.0 97.33322262763977
517.0 97.38126993179321
518.0 97.41803407669067
519.0 97.40822315216064
520.0 97.50157594680786
521.0 97.60615229606628
522.0 97.57897853851318
523.0 97.57529497146606
524.0 97.5981593132019
525.0 97.58678078651428
526.0 97.69517183303833
527.0 97.65674471855164
528.0 97.76946306228638
529.0 97.8342354297638
530.0 97.8290319442749
531.0 97.98740744590759
532.0 97.85341620445251
533.0 97.89144992828369
534.0 97.93857336044312
535.0 97.7285087108612
536.0 97.43509888648987
537.0 96.9115674495697
538.0 96.1361825466156
539.0 94.85512971878052
540.0 93.21467280387878
541.0 90.69844484329224
542.0 88.00961375236511
543.0 84.44612622261047
544.0 79.89541292190552
545.0 75.88454484939575
546.0 70.8962619304657
547.0 66.34356379508972
548.0 61.791497468948364
549.0 57.63225555419922
550.0 54.41319942474365
551.0 51.25185251235962
552.0 48.90163838863373
553.0 46.408286690711975
554.0 43.6161607503891
555.0 40.472033619880676
556.0 36.31802797317505
557.0 31.448885798454285
558.0 26.082536578178406
559.0 20.716029405593872
560.0 15.522284805774689
561.0 10.604221373796463
562.0 6.881356239318848
563.0 4.075127094984055
564.0 2.2492608055472374
565.0 1.106345560401678
566.0 0.5880853161215782
567.0 0.29444743413478136
568.0 0.18286716658622026
569.0 0.1001178054139018
570.0 0.08643416804261506
571.0 0.05958697875030339
572.0 0.06823205039836466
573.0 0.03940356255043298
574.0 0.03352925705257803
575.0 0.03283573314547539
576.0 0.03193654993083328
577.0 0.021921067673247308
578.0 0.02790781727526337
579.0 0.019680318655446172
580.0 0.028648311854340136
581.0 0.01983271213248372
582.0 0.019430859538260847
583.0 0.020464298722799867
584.0 0.025214807828888297
585.0 0.01694776728982106
586.0 0.02640087332110852
587.0 0.020471356401685625
588.0 0.011994451051577926
589.0 0.017700364696793258
590.0 0.017316472076345235
591.0 0.020012029563076794
592.0 0.019083180814050138
593.0 0.00879492363310419
594.0 0.017822229710873216
595.0 0.004319872823543847
596.0 0.014743089559487998
597.0 0.007358880975516513
598.0 0.005173007593839429
599.0 0.001939744470291771
600.0 0.012882828013971448
601.0 0.002433027657389175
602.0 0.0024532339011784643
603.0 0.0024734395992709324
604.0 0.0022180505766300485
605.0 0.0019626615539891645
606.0 0.0019837736545014195
607.0 0.002004885573114734
608.0 0.0019079952835454606
609.0 0.001811104993976187
610.0 0.001894436172733549
611.0 0.0019777669876930304
612.0 0.0018871323845814914
613.0 0.0017964977814699523
614.0 0.0018253047528560273
615.0 0.001854112088039983
616.0 0.0019540069843060337
617.0 0.002053901698673144
618.0 0.0019061813873122446
619.0 0.0017584607121534646
620.0 0.001683858863543719
621.0 0.0016092570149339736
622.0 0.0015160440852923784
623.0 0.0014228308828023728
624.0 0.0014165568245516624
625.0 0.0014102828572504222
626.0 0.0013742109331360552
627.0 0.001338139372819569
628.0 0.00144802233990049
629.0 0.0015579056707792915
630.0 0.0014566250683856197
631.0 0.001355344102194067
632.0 0.0014303470379672945
633.0 0.0015053497008921113
634.0 0.0014450562048295978
635.0 0.0013847624359186739
636.0 0.0013758197383140214
637.0 0.0013668776773556601
638.0 0.0012604732546606101
639.0 0.0011540686500666197
640.0 0.0011250170246057678
641.0 0.0010959651262965053
642.0 0.0013130687875673175
643.0 0.00153017263073707
644.0 0.0013716727153223474
645.0 0.0012131726180086844
646.0 0.00119763699331088
647.0 0.0011821013686130755
648.0 0.0010666186426533386
649.0 0.0009511357347946614
650.0 0.001225652977154823
651.0 0.0015001696738181636
652.0 0.0012056681043759454
653.0 0.0009111664439842571
654.0 0.0010639710126270074
655.0 0.0012167758541181684
656.0 0.001214816074934788
657.0 0.0012128562048019376
658.0 0.0010795428352139425
659.0 0.000946229829423828
660.0 0.0009179962944472209
661.0 0.0008897627594706137
662.0 0.001020531271933578
663.0 0.0011512999662954826
664.0 0.001173114014818566
665.0 0.001194927881442709
666.0 0.0011258906852162909
667.0 0.0010568532161414623
668.0 0.00111515846583643
669.0 0.0011734637155313976
670.0 0.0011774245649576187
671.0 0.00118138550533331
672.0 0.0012083331967005506
673.0 0.001235280797118321
674.0 0.0011627811545622535
675.0 0.001090281512006186
676.0 0.001046242414304288
677.0 0.0010022028618550394
678.0 0.0010814476809173357
679.0 0.001160692499979632
680.0 0.0010521283002162818
681.0 0.0009435641004529316
682.0 0.0009809641596802976
683.0 0.0010183642189076636
684.0 0.0008885963325155899
685.0 0.0007588283096993109
686.0 0.0009996306289394852
687.0 0.0012404329027049243
688.0 0.001224238621944096
689.0 0.0012080444321327377
690.0 0.0010564835974946618
691.0 0.0009049226719071157
692.0 0.0009248606147593819
693.0 0.0009447986485611182
694.0 0.001061473085428588
695.0 0.0011781473403971177
696.0 0.0011652450666588265
697.0 0.001152342611021595
698.0 0.0012644670277950354
699.0 0.0013765914445684757
700.0 0.0011640042430371977
701.0 0.0009514168596069794
702.0 0.0010990543160005473
703.0 0.0012466915904951748
704.0 0.0011889404049725272
705.0 0.001131188855651999
706.0 0.0011034025192202535
707.0 0.0010756162737379782
708.0 0.0010795962225529365
709.0 0.0010835763532668352
710.0 0.0012109610906918533
711.0 0.0013383461919147521
712.0 0.0012693762073467951
713.0 0.0012004064956272487
714.0 0.0012684589819400571
715.0 0.0013365118320507463
716.0 0.0014853266293357592
717.0 0.001634141881368123
718.0 0.0018798142264131457
719.0 0.0021254865714581683
720.0 0.0017578051483724266
721.0 0.0013901236343372148
722.0 0.0015170986443990842
723.0 0.0016440741092083044
724.0 0.0016238986063399352
725.0 0.001603723103471566
726.0 0.0017620979633647949
727.0 0.0019204728232580237
728.0 0.002027820301009342
729.0 0.0021351677787606604
730.0 0.002090040834445972
731.0 0.0020449138901312836
732.0 0.0019107126718154177
733.0 0.0017765116353984922
734.0 0.0015714962501078844
735.0 0.001366481046716217
736.0 0.0012032857739541214
737.0 0.0010400904102425557
738.0 0.0010738069249782711
739.0 0.0011075232578150462
740.0 0.0009572935596224852
741.0 0.000807063770480454
742.0 0.0008087929927569348
743.0 0.0008105223059828859
744.0 0.0009299824341724161
745.0 0.0010494428352103569
746.0 0.0010276461580360774
747.0 0.001005849571811268
748.0 0.0011596100193855818
749.0 0.0013133705579093657
750.0 0.0011261417967034504
751.0 0.0009389133083459456
752.0 0.0008170825822162442
753.0 0.0006952519925107481
754.0 0.0008389459253521636
755.0 0.000982639812718844
756.0 0.0009272325769416057
757.0 0.0008718251592654269
758.0 0.0008937588063417934
759.0 0.0009156926353171002
760.0 0.0007259524409164442
761.0 0.0005362122465157881
762.0 0.000578700064579607
763.0 0.0006211877916939557
764.0 0.000806638490757905
765.0 0.0009920893717207946
766.0 0.0008657914804643951
767.0 0.000739493771106936
768.0 0.0005723934464185731
769.0 0.00040529312173021026
770.0 0.00038671687434543855
771.0 0.00036814067243540194
772.0 0.0005434068953036331
773.0 0.0007186733455455396
774.0 0.0007831203220121097
775.0 0.0008475672984786797
776.0 0.0007819192433089484
777.0 0.0007162710971897468
778.0 0.0006634719284193125
779.0 0.0006106728051236132
780.0 0.0005856499228684697
781.0 0.0005606270406133262
782.0 0.0005866919764230261
783.0 0.0006127567303337855
784.0 0.00076504784374265
785.0 0.0009173389116767794
786.0 0.000774058025854174
787.0 0.0006307773674052441
788.0 0.00042987821871065535
789.0 0.00022897913822816918
790.0 0.00017075396954169264
791.0 0.0001125288008552161
792.0 0.00018488225350665743
793.0 0.00025723570615809876
794.0 0.0002556461822678102
795.0 0.00025405665837752167
796.0 0.00041582402445783373
797.0 0.0005775913450634107
798.0 0.0004820941285288427
799.0 0.0003865969574690098
800.0 0.0004565157723845914
801.0 0.0005264347237243783
802.0 0.0004598501618602313
803.0 0.0003932657364202896
804.0 0.00027727792257792316
805.0 0.0001612901996850269
806.0 0.00023262480226549087
807.0 0.00030395940484595485
808.0 0.0003901565378328087
809.0 0.0004763537162943976
810.0 0.0003418131200305652
811.0 0.00020727252376673277
812.0 0.0002542284846640541
813.0 0.00030118444556137547
814.0 0.0004223551968607353
815.0 0.0005435259481600951
816.0 0.0005653733751387335
817.0 0.0005872206656931667
818.0 0.00035633179322758224
819.0 0.00012544294349936536
820.0 0.00032408088372903876
821.0 0.0005227187557466095
822.0 0.0004578619609674206
823.0 0.00039300516618823167
824.0 0.00040095214899338316
825.0 0.00040889913179853465
826.0 0.000566072822039132
827.0 0.0007232464213302592
828.0 0.0006015294275130145
829.0 0.0004798123427462997
830.0 0.0004414782324602129
831.0 0.0004031441221741261
832.0 0.0005371369752538158
833.0 0.0006711296919093002
834.0 0.0005299683380144415
835.0 0.00038880693864484783
836.0 0.0004399052158987615
837.0 0.0004910035386274103
838.0 0.00046888362703612074
839.0 0.00044676376091956627
840.0 0.0005887052793696057
841.0 0.0007306467978196451
842.0 0.0003983317583333701
843.0 6.601666200367617e-05
844.0 0.00010942663948299014
845.0 0.00015283662833098788
846.0 0.00042547467273834627
847.0 0.0006981128080951748
848.0 0.0006046357157174498
849.0 0.0005111586688144598
850.0 0.0005122157745063305
851.0 0.0005132728801982012
852.0 0.0006004484475852223
853.0 0.0006876236966490978
854.0 0.0006221295734576415
855.0 0.00055663531384198
856.0 0.000595505116507411
857.0 0.0006343750101223122
858.0 0.00059467356550158
859.0 0.0005549720754061127
860.0 0.0005528609563043574
861.0 0.000550749791727867
862.0 0.0005448838692245772
863.0 0.0005390179921960225
864.0 0.0004818610250367783
865.0 0.00042470405787753407
866.0 0.0004278612777852686
867.0 0.00043101849769300316
868.0 0.0006211517757037655
869.0 0.0008112850991892628
870.0 0.000621572735326481
871.0 0.000431860235039494
872.0 0.00037999120650056284
873.0 0.00032812206427479396
874.0 0.0004223215000820346
875.0 0.0005165209131519077
876.0 0.0006517937890748726
877.0 0.0007870665285736322
878.0 0.0007664804797968827
879.0 0.0007458943855453981
880.0 0.0007109926627890673
881.0 0.0006760912128811469
882.0 0.0005635566594719421
883.0 0.00045102233343641274
884.0 0.0005144560873304727
885.0 0.000577890068598208
886.0 0.0006636342277488438
887.0 0.0007493786597478902
888.0 0.0006022492016199976
889.0 0.0004551198799163103
890.0 0.0005071947725809878
891.0 0.0005592698016698705
892.0 0.0005048486400482943
893.0 0.00045042756937618833
894.0 0.0004913677457807353
895.0 0.0005323079221852822
896.0 0.0003119477014479344
897.0 9.15874124984839e-05
898.0 0.0002471008883730974
899.0 0.00040261438698507845
900.0 0.0003243176024625427
901.0 0.00024602081794000696
902.0 0.00044472508307080716
903.0 0.0006434293482016074
904.0 0.0003463821713012294
905.0 4.933491482006502e-05
906.0 0.0003247136874051648
