lsstCam/transmission_filter_detector/r03_s20/g_6/19700101T000000.ecsv
# %ECSV 1.0
# ---
# datatype:
# - {name: wavelength, unit: nm, datatype: float32}
# - {name: efficiency, unit: '%', datatype: float64}
# meta: !!omap
# - {MODE: DETECTOR}
# - {TYPE: transmission_filter_detector}
# - {CALIBDATE: '1970-01-01T00:00:00'}
# - {INSTRUME: LSSTCam}
# - {OBSTYPE: transmission_filter_detector}
# - {CALIBCLS: lsst.ip.isr.IntermediateFilterDetectorTransmissionCurve}
# - {SOURCE: Materion (DM-46256)}
# - {DETECTOR: 24}
# - {FILTER: g_6}
# - {CALIB_ID: 'calibDate=1970-01-01T00:00:00 filter=g_6 detector=24'}
# - {DATE: '2025-04-02T15:59:42.139942'}
# - {CALIB_CREATION_DATE: '2025-04-02'}
# - {CALIB_CREATION_TIME: '15:59:42'}
# - __serialized_columns__:
#     efficiency:
#       __class__: astropy.units.quantity.Quantity
#       unit: !astropy.units.Unit {unit: '%'}
#       value: !astropy.table.SerializedColumn {name: efficiency}
#     wavelength:
#       __class__: astropy.units.quantity.Quantity
#       unit: !astropy.units.Unit {unit: nm}
#       value: !astropy.table.SerializedColumn {name: wavelength}
# schema: astropy-2.0
wavelength efficiency
[from data line 608]
908.0 0.0005275213425193215
909.0 0.00045495035010389984
910.0 0.00038135699469421525
911.0 0.0003077636620218982
912.0 0.0003846368144877488
913.0 0.000461510035165702
914.0 0.0002934870963144931
915.0 0.00012546421430670307
916.0 0.00017709013491185033
917.0 0.0002287160441483138
918.0 0.0002535863131924998
919.0 0.00027845660497405333
920.0 0.00031803410820430145
921.0 0.0003576116341719171
922.0 0.0005352147127268836
923.0 0.0007128177912818501
924.0 0.0006272116934269434
925.0 0.0005416054591478314
926.0 0.0005754187441198155
927.0 0.0006092321200412698
928.0 0.0005617304395855172
929.0 0.0005142288046044996
930.0 0.0005166289156477433
931.0 0.000519029072165722
932.0 0.00051343899940548
933.0 0.000507848972119973
934.0 0.0004959118541592034
935.0 0.0004839747361984337
936.0 0.0004692922630056273
937.0 0.00045460978981282096
938.0 0.000603125590714626
939.0 0.0007516413916164311
940.0 0.0006202701115398668
941.0 0.0004888987405138323
942.0 0.0006672121344308835
943.0 0.0008455254828731995
944.0 0.0007234569238789845
945.0 0.0006013882284605643
946.0 0.0005932337899139384
947.0 0.0005850793513673125
948.0 0.0009015935575007461
949.0 0.0012181078091089148
950.0 0.0009774433237907942
951.0 0.0007367787475232035
952.0 0.0007992148312041536
953.0 0.0008616508239356335
954.0 0.0007789583833073266
955.0 0.0006962659881537547
956.0 0.0006475243026216049
957.0 0.0005987823897157796
958.0 0.0007558676770713646
959.0 0.0009129530553764198
960.0 0.0007258427103806753
961.0 0.0005387322744354606
962.0 0.000589668297834578
963.0 0.0006406042757589603
964.0 0.000710003996573505
965.0 0.0007794035809638444
966.0 0.0008111003808153328
967.0 0.0008427970897173509
968.0 0.0007784812623867765
969.0 0.0007141654805309372
970.0 0.0006931135885679396
971.0 0.0006720617875544121
972.0 0.0007946333425934426
973.0 0.0009172050340566784
974.0 0.0008206233360397164
975.0 0.000724042001820635
976.0 0.0007919674317236058
977.0 0.0008598932254244573
978.0 0.0009088002116186544
979.0 0.0009577071978128515
980.0 0.001050780792866135
981.0 0.0011438543879194185
982.0 0.0010326519259251654
983.0 0.000921449282031972
984.0 0.0009235346624336671
985.0 0.0009256202247343026
986.0 0.001086717747966759
987.0 0.0012478150893002748
988.0 0.0012813244211429264
989.0 0.001314833207288757
990.0 0.0013865674191038124
991.0 0.001458301721868338
992.0 0.0014270022802520543
993.0 0.0013957029295852408
994.0 0.0014293067579274066
995.0 0.0014629107681685127
996.0 0.001363274895993527
997.0 0.0012636392057174817
998.0 0.0013740631402470171
999.0 0.0014844871657260228
1000.0 0.0014066670701140538
1001.0 0.0013288469745020848
1002.0 0.001201073064294178
1003.0 0.0010732992450357415
1004.0 0.0011130522580060642
1005.0 0.0011528053619258571
1006.0 0.0013749469871982
1007.0 0.0015970887034200132
1008.0 0.0016180307284230366
1009.0 0.0016389731172239408
1010.0 0.0017027070498443209
1011.0 0.0017664411643636413
1012.0 0.0019188213627785444
1013.0 0.002071201743092388
1014.0 0.002095202580676414
1015.0 0.002119203782058321
1016.0 0.002454787681926973
1017.0 0.0027903717636945657
1018.0 0.003059908704017289
1019.0 0.0033294458262389526
1020.0 0.0033506385079817846
1021.0 0.0033718315535224974
1022.0 0.003637500776676461
1023.0 0.0039031703636283055
1024.0 0.004071847070008516
1025.0 0.004240523776388727
1026.0 0.0043627038394333795
1027.0 0.004484883902478032
1028.0 0.004592552431859076
1029.0 0.004700221325038001
1030.0 0.0048074216465465724
1031.0 0.0049146212404593825
1032.0 0.00528130512975622
1033.0 0.005647989019053057
1034.0 0.005475734360516071
1035.0 0.005303479701979086
1036.0 0.005445919305202551
1037.0 0.005588358180830255
1038.0 0.005818591307615861
1039.0 0.0060488244344014674
1040.0 0.006483153265435249
1041.0 0.006917481368873268
1042.0 0.007012311834841967
1043.0 0.0071071415732149035
1044.0 0.007411995466100052
1045.0 0.007716847176197916
1046.0 0.008748049003770575
1047.0 0.009779250103747472
1048.0 0.011341677600285038
1049.0 0.01290410291403532
1050.0 0.015302497195079923
1051.0 0.017700890020933002
1052.0 0.021505799668375403
1053.0 0.02531071368139237
1054.0 0.030201993649825454
1055.0 0.03509327652864158
1056.0 0.04211823979858309
1057.0 0.049143191426992416
1058.0 0.05675290594808757
1059.0 0.06436260300688446
1060.0 0.07188409799709916
1061.0 0.07940556388348341
1062.0 0.08634862606413662
1063.0 0.09329165914095938
1064.0 0.0987506820820272
1065.0 0.10420968756079674
1066.0 0.10955602629110217
1067.0 0.11490235337987542
1068.0 0.12121899053454399
1069.0 0.1275356742553413
1070.0 0.13759845169261098
1071.0 0.14766122912988067
1072.0 0.16055494779720902
1073.0 0.17344863153994083
1074.0 0.18728270661085844
1075.0 0.20111685153096914
1076.0 0.21462638396769762
1077.0 0.2281359164044261
1078.0 0.24228477850556374
1079.0 0.25643359404057264
1080.0 0.2740847412496805
1081.0 0.2917358884587884
1082.0 0.3202002262696624
1083.0 0.34866456408053637
1084.0 0.38785054348409176
1085.0 0.4270365461707115
1086.0 0.4623010288923979
1087.0 0.49756551161408424
1088.0 0.561769912019372
1089.0 0.625974265858531
1090.0 0.703038414940238
1091.0 0.7801025174558163
1092.0 0.8100791834294796
1093.0 0.8400554768741131
1094.0 0.8780749514698982
1095.0 0.9160940535366535
1096.0 0.9614026173949242
1097.0 1.0067112743854523
1098.0 1.029497291892767
1099.0 1.0522834956645966
1100.0 1.214052364230156
1101.0 1.3758208602666855
