lsstCam/transmission_sensor/r41_s10/19700101T000000.ecsv
# %ECSV 1.0
# ---
# datatype:
# - {name: amp_name, datatype: string}
# - {name: wavelength, unit: nm, datatype: float32}
# - {name: efficiency, unit: '%', datatype: float64}
# meta: !!omap
# - {MODE: AMP}
# - {TYPE: transmission_sensor}
# - {CALIBDATE: '1970-01-01T00:00:00'}
# - {INSTRUME: LSSTCAM}
# - {OBSTYPE: transmission_sensor}
# - {DETECTOR: 165}
# - {PARQUETFILE: qe_raft_allvalues_nircorrected_20230725.parquet}
# - {CALIBCLS: lsst.ip.isr.IntermediateSensorTransmissionCurve}
# - {CALIB_ID: 'raftName=R41 detectorName=S10 detector=165 calibDate=1970-01-01T00:00:00 ccd=165 ccdnum=165 filter=None'}
# - {DATE: '2024-01-18T22:42:25.562578'}
# - {CALIB_CREATION_DATE: '2024-01-18'}
# - {CALIB_CREATION_TIME: '22:42:25'}
# - __serialized_columns__:
#     efficiency:
#       __class__: astropy.units.quantity.Quantity
#       unit: !astropy.units.Unit {unit: '%'}
#       value: !astropy.table.SerializedColumn {name: efficiency}
#     wavelength:
#       __class__: astropy.units.quantity.Quantity
#       unit: !astropy.units.Unit {unit: nm}
#       value: !astropy.table.SerializedColumn {name: wavelength}
# schema: astropy-2.0
amp_name wavelength efficiency
C00 319.994 49.34587097167969
C00 324.969 49.69575119018555
C00 349.982 53.31931686401367
C00 374.975 65.28125
C00 400.019 79.07428741455078
C00 424.965 82.16616821289062
C00 450.035 83.12432861328125
C00 475.003 83.6169662475586
C00 500.018 84.17439270019531
C00 525.002 84.35990905761719
C00 550.029 86.25820922851562
C00 575.023 87.77043914794922
C00 599.982 89.22537231445312
C00 619.997 90.90401458740234
C00 624.979 91.0609359741211
C00 650.012 92.64044952392578
C00 675.004 94.01187896728516
C00 700.03 95.09027099609375
C00 725.012 96.15836334228516
C00 750.022 97.3077163696289
C00 774.987 99.12635040283203
C00 799.976 99.03095245361328
C00 824.988 99.04133605957031
C00 850.022 97.93893432617188
C00 869.967 95.79904174804688
C00 875.002 95.14375305175781
C00 899.999 88.8716049194336
C00 919.999 81.5413818359375
C00 925.012 78.20713806152344
C00 949.965 65.55138397216797
C00 975.002 49.244834899902344
C00 999.976 30.117040634155273
C00 1025.028 14.141315460205078
C00 1050.014 5.591557502746582
C00 1075.002 0.9270340366792126
C00 1099.99 0.0919794654706441
C01 319.994 49.85782241821289
C01 324.969 50.204368591308594
C01 349.982 53.81636047363281
C01 374.975 65.68115997314453
C01 400.019 79.25190734863281
C01 424.965 82.17922973632812
C01 450.035 83.0824203491211
C01 475.003 83.57049560546875
C01 500.018 84.1187973022461
C01 525.002 84.29375457763672
C01 550.029 86.16797637939453
C01 575.023 87.68305969238281
C01 599.982 89.1670913696289
C01 619.997 90.87458038330078
C01 624.979 91.02886962890625
C01 650.012 92.63267517089844
C01 675.004 94.03179168701172
C01 700.03 95.14469146728516
C01 725.012 96.28623962402344
C01 750.022 97.51329040527344
C01 774.987 99.416748046875
C01 799.976 99.33795166015625
C01 824.988 99.32598876953125
C01 850.022 98.20158386230469
C01 869.967 96.05145263671875
C01 875.002 95.3794937133789
C01 899.999 88.99552154541016
C01 919.999 81.62965393066406
C01 925.012 78.30059051513672
C01 949.965 65.7980728149414
C01 975.002 49.253334045410156
C01 999.976 30.088319778442383
C01 1025.028 14.199813842773438
C01 1050.014 5.5871100425720215
C01 1075.002 0.9289918297607976
C01 1099.99 0.09217371590161143
C02 319.994 49.94321823120117
C02 324.969 50.25607681274414
C02 349.982 53.768550872802734
C02 374.975 65.62025451660156
C02 400.019 79.24539947509766
C02 424.965 82.20665740966797
C02 450.035 83.12608337402344
C02 475.003 83.6010513305664
C02 500.018 84.11373138427734
C02 525.002 84.26215362548828
C02 550.029 86.09862518310547
C02 575.023 87.58745574951172
C02 599.982 89.0531234741211
C02 619.997 90.75605773925781
C02 624.979 90.9095458984375
C02 650.012 92.5210189819336
C02 675.004 93.92340850830078
C02 700.03 95.05088806152344
C02 725.012 96.2164535522461
C02 750.022 97.48580932617188
C02 774.987 99.42444610595703
C02 799.976 99.36090087890625
C02 824.988 99.36023712158203
C02 850.022 98.24274444580078
C02 869.967 96.0704574584961
C02 875.002 95.39347839355469
C02 899.999 88.98567199707031
C02 919.999 81.60499572753906
C02 925.012 78.28495788574219
C02 949.965 65.86833190917969
C02 975.002 49.379783630371094
C02 999.976 30.178438186645508
C02 1025.028 14.235567092895508
C02 1050.014 5.585030555725098
C02 1075.002 0.9287296669146389
C02 1099.99 0.09214770434485961
C03 319.994 50.04799270629883
C03 324.969 50.315399169921875
C03 349.982 53.70089340209961
C03 374.975 65.59355163574219
C03 400.019 79.3665542602539
C03 424.965 82.41458892822266
C03 450.035 83.36705017089844
C03 475.003 83.83582305908203
C03 500.018 84.31395721435547
C03 525.002 84.42923736572266
C03 550.029 86.22725677490234
C03 575.023 87.68498229980469
C03 599.982 89.13109588623047
C03 619.997 90.81997680664062
C03 624.979 90.97288513183594
C03 650.012 92.5857162475586
C03 675.004 93.98832702636719
C03 700.03 95.11654663085938
C03 725.012 96.28498840332031
C03 750.022 97.55790710449219
C03 774.987 99.49932861328125
C03 799.976 99.44639587402344
C03 824.988 99.4494400024414
C03 850.022 98.32781219482422
C03 869.967 96.12715148925781
C03 875.002 95.43865203857422
C03 899.999 89.01679992675781
C03 919.999 81.61802673339844
C03 925.012 78.2923812866211
C03 949.965 65.89028930664062
C03 975.002 49.46768569946289
C03 999.976 30.213546752929688
C03 1025.028 14.222770690917969
C03 1050.014 5.564164161682129
C03 1075.002 0.9294165097996054
C03 1099.99 0.09221585226491641
C04 319.994 50.20744705200195
C04 324.969 50.40625
C04 349.982 53.564266204833984
C04 374.975 65.43986511230469
C04 400.019 79.3490219116211
C04 424.965 82.50725555419922
C04 450.035 83.49188232421875
C04 475.003 83.94367218017578
C04 500.018 84.38838958740234
C04 525.002 84.46023559570312
C04 550.029 86.226318359375
C04 575.023 87.65087127685547
C04 599.982 89.08001708984375
C04 619.997 90.76432800292969
C04 624.979 90.91632080078125
C04 650.012 92.52196502685547
C04 675.004 93.93155670166016
C04 700.03 95.06249237060547
C04 725.012 96.2205810546875
C04 750.022 97.48066711425781
C04 774.987 99.4073257446289
C04 799.976 99.3597412109375
C04 824.988 99.39263916015625
C04 850.022 98.27203369140625
C04 869.967 96.06227111816406
C04 875.002 95.36846923828125
C04 899.999 88.94033813476562
C04 919.999 81.56336975097656
C04 925.012 78.27017974853516
C04 949.965 65.9609603881836
C04 975.002 49.639869689941406
C04 999.976 30.337364196777344
C04 1025.028 14.257328987121582
C04 1050.014 5.584163665771484
C04 1075.002 0.9286807654419852
C04 1099.99 0.09214285238566779
C05 319.994 50.128475189208984
C05 324.969 50.28572082519531
C05 349.982 53.301570892333984
C05 374.975 65.18571472167969
C05 400.019 79.24533081054688
C05 424.965 82.50466918945312
C05 450.035 83.51787567138672
C05 475.003 83.95357513427734
C05 500.018 84.36595916748047
C05 525.002 84.41471099853516
C05 550.029 86.1565933227539
C05 575.023 87.57256317138672
C05 599.982 88.9979019165039
C05 619.997 90.6828384399414
C05 624.979 90.83494567871094
C05 650.012 92.44052124023438
C05 675.004 93.85394287109375
C05 700.03 94.97943878173828
C05 725.012 96.12638854980469
C05 750.022 97.34581756591797
C05 774.987 99.24360656738281
C05 799.976 99.19216918945312
C05 824.988 99.24028015136719
C05 850.022 98.10749053955078
C05 869.967 95.87139892578125
C05 875.002 95.1707534790039
C05 899.999 88.72248840332031
C05 919.999 81.41517639160156
C05 925.012 78.16471862792969
C05 949.965 65.91121673583984
C05 975.002 49.639495849609375
C05 999.976 30.358806610107422
C05 1025.028 14.264251708984375
C05 1050.014 5.5922465324401855
C05 1075.002 0.9273963861447232
C05 1099.99 0.09201541745172845
C06 319.994 50.0592155456543
C06 324.969 50.168331146240234
C06 349.982 53.018218994140625
C06 374.975 64.88472747802734
C06 400.019 79.09500122070312
C06 424.965 82.463134765625
C06 450.035 83.4932861328125
C06 475.003 83.89860534667969
C06 500.018 84.28577423095703
C06 525.002 84.30824279785156
C06 550.029 86.05036926269531
C06 575.023 87.48017120361328
C06 599.982 88.91458892822266
C06 619.997 90.60736083984375
C06 624.979 90.76084899902344
C06 650.012 92.37545013427734
C06 675.004 93.7963638305664
C06 700.03 94.92433166503906
C06 725.012 96.05014038085938
C06 750.022 97.24824523925781
C06 774.987 99.11365509033203
C06 799.976 99.05717468261719
C06 824.988 99.11930847167969
C06 850.022 97.95987701416016
C06 869.967 95.6929702758789
C06 875.002 94.98719787597656
C06 899.999 88.56217193603516
C06 919.999 81.39990997314453
C06 925.012 78.20418548583984
C06 949.965 65.85649871826172
C06 975.002 49.48396682739258
C06 999.976 30.291519165039062
C06 1025.028 14.24201774597168
C06 1050.014 5.590779781341553
C06 1075.002 0.9264670347418155
C06 1099.99 0.09192320805930954
C07 319.994 49.958831787109375
C07 324.969 50.01761245727539
C07 349.982 52.67072296142578
C07 374.975 64.5103988647461
C07 400.019 79.03242492675781
C07 424.965 82.56901550292969
C07 450.035 83.61744689941406
C07 475.003 83.98064422607422
C07 500.018 84.3544921875
C07 525.002 84.39595794677734
C07 550.029 86.19780731201172
C07 575.023 87.70191955566406
C07 599.982 89.20166015625
C07 619.997 90.93201446533203
C07 624.979 91.09029388427734
C07 650.012 92.74301147460938
C07 675.004 94.19340515136719
C07 700.03 95.3435287475586
C07 725.012 96.47926330566406
C07 750.022 97.66505432128906
C07 774.987 99.52685546875
C07 799.976 99.47298431396484
C07 824.988 99.53919982910156
C07 850.022 98.35185241699219
C07 869.967 96.03802490234375
C07 875.002 95.33300018310547
C07 899.999 89.03164672851562
C07 919.999 82.06233215332031
C07 925.012 78.85264587402344
C07 949.965 66.14441680908203
C07 975.002 49.465274810791016
C07 999.976 30.332731246948242
C07 1025.028 14.162538528442383
C07 1050.014 5.600203990936279
C07 1075.002 0.9304380404644236
C07 1099.99 0.09231720759901872
C10 319.994 49.50223159790039
C10 324.969 49.83325958251953
C10 349.982 53.38325881958008
C10 374.975 65.35535430908203
C10 400.019 79.20488739013672
C10 424.965 82.32595825195312
C10 450.035 83.30062103271484
C10 475.003 83.80146026611328
C10 500.018 84.35462188720703
C10 525.002 84.54617309570312
C10 550.029 86.4428482055664
C10 575.023 87.93425750732422
C10 599.982 89.36595916748047
C10 619.997 91.0356216430664
C10 624.979 91.18023681640625
C10 650.012 92.7539291381836
C10 675.004 94.12557983398438
C10 700.03 95.20274353027344
C10 725.012 96.24712371826172
C10 750.022 97.41336059570312
C10 774.987 99.23404693603516
C10 799.976 99.12992095947266
C10 824.988 99.12586212158203
C10 850.022 97.95738220214844
C10 869.967 95.74480438232422
C10 875.002 95.0561294555664
C10 899.999 88.69496154785156
C10 919.999 81.59097290039062
C10 925.012 78.37969207763672
C10 949.965 65.79581451416016
C10 975.002 49.19525146484375
C10 999.976 30.10578155517578
C10 1025.028 14.022478103637695
C10 1050.014 5.577773094177246
C10 1075.002 0.9280403929229891
C10 1099.99 0.09207931521263113
C11 319.994 50.11179733276367
C11 324.969 50.439979553222656
C11 349.982 54.003170013427734
C11 374.975 65.89266204833984
C11 400.019 79.47164916992188
C11 424.965 82.40413665771484
C11 450.035 83.32061004638672
C11 475.003 83.82689666748047
C11 500.018 84.36750793457031
C11 525.002 84.52462768554688
C11 550.029 86.36211395263672
C11 575.023 87.83720397949219
C11 599.982 89.28418731689453
C11 619.997 90.97247314453125
C11 624.979 91.11932373046875
C11 650.012 92.7137451171875
C11 675.004 94.10381317138672
C11 700.03 95.212890625
C11 725.012 96.32184600830078
C11 750.022 97.57613372802734
C11 774.987 99.47647094726562
C11 799.976 99.39439392089844
C11 824.988 99.35645294189453
C11 850.022 98.18260192871094
C11 869.967 95.96501159667969
C11 875.002 95.2638931274414
C11 899.999 88.86734008789062
C11 919.999 81.72464752197266
C11 925.012 78.48748016357422
C11 949.965 65.90142059326172
C11 975.002 49.168609619140625
C11 999.976 30.09864044189453
C11 1025.028 14.080802917480469
C11 1050.014 5.578610420227051
C11 1075.002 0.9295903755762802
C11 1099.99 0.09223310306755088
C12 319.994 50.2192497253418
C12 324.969 50.5096549987793
C12 349.982 53.9488639831543
C12 374.975 65.798583984375
C12 400.019 79.42611694335938
C12 424.965 82.3907699584961
C12 450.035 83.31560516357422
C12 475.003 83.80449676513672
C12 500.018 84.32188415527344
C12 525.002 84.4553451538086
C12 550.029 86.27274322509766
C12 575.023 87.73717498779297
C12 599.982 89.18122100830078
C12 619.997 90.87125396728516
C12 624.979 91.02339172363281
C12 650.012 92.62915802001953
C12 675.004 94.0286865234375
C12 700.03 95.15479278564453
C12 725.012 96.29591369628906
C12 750.022 97.58496856689453
C12 774.987 99.5277099609375
C12 799.976 99.4631576538086
C12 824.988 99.42398071289062
C12 850.022 98.25460815429688
C12 869.967 96.0374526977539
C12 875.002 95.3396987915039
C12 899.999 88.9043197631836
C12 919.999 81.71832275390625
C12 925.012 78.47049713134766
C12 949.965 65.91817474365234
C12 975.002 49.192317962646484
C12 999.976 30.14945411682129
C12 1025.028 14.118189811706543
C12 1050.014 5.571993350982666
C12 1075.002 0.929674221100167
C12 1099.99 0.09224142214340361
C13 319.994 50.265342712402344
C13 324.969 50.50991439819336
C13 349.982 53.80687713623047
C13 374.975 65.67733001708984
C13 400.019 79.46528625488281
C13 424.965 82.52774047851562
C13 450.035 83.47107696533203
C13 475.003 83.93840026855469
C13 500.018 84.42231750488281
C13 525.002 84.52494812011719
C13 550.029 86.3224868774414
C13 575.023 87.773193359375
C13 599.982 89.21492767333984
C13 619.997 90.90320587158203
C13 624.979 91.05789947509766
C13 650.012 92.66472625732422
C13 675.004 94.07307434082031
C13 700.03 95.20581817626953
C13 725.012 96.34788513183594
C13 750.022 97.64196014404297
C13 774.987 99.5831527709961
C13 799.976 99.52488708496094
C13 824.988 99.48582458496094
C13 850.022 98.3092041015625
C13 869.967 96.08837890625
C13 875.002 95.3896255493164
C13 899.999 88.97569274902344
C13 919.999 81.76412963867188
C13 925.012 78.50487518310547
C13 949.965 65.893798828125
C13 975.002 49.14372634887695
C13 999.976 30.14409828186035
C13 1025.028 14.128271102905273
C13 1050.014 5.549898624420166
C13 1075.002 0.9302171507978051
C13 1099.99 0.09229529112922401
C14 319.994 50.412967681884766
C14 324.969 50.59864807128906
C14 349.982 53.71125793457031
C14 374.975 65.58549499511719
C14 400.019 79.50838470458984
C14 424.965 82.6746826171875
C14 450.035 83.651611328125
C14 475.003 84.09856414794922
C14 500.018 84.54692840576172
C14 525.002 84.61381530761719
C14 550.029 86.37114715576172
C14 575.023 87.78809356689453
C14 599.982 89.21161651611328
C14 619.997 90.89169311523438
C14 624.979 91.0462417602539
C14 650.012 92.65211486816406
C14 675.004 94.06013488769531
C14 700.03 95.19127655029297
C14 725.012 96.32074737548828
C14 750.022 97.60271453857422
C14 774.987 99.52843475341797
C14 799.976 99.4731674194336
C14 824.988 99.45425415039062
C14 850.022 98.26524353027344
C14 869.967 96.08146667480469
C14 875.002 95.38638305664062
C14 899.999 89.03075408935547
C14 919.999 81.86121368408203
C14 925.012 78.59693908691406
C14 949.965 65.9494400024414
C14 975.002 49.154300689697266
C14 999.976 30.18863296508789
C14 1025.028 14.13314151763916
C14 1050.014 5.578429222106934
C14 1075.002 0.9298433743260496
C14 1099.99 0.09225820537107782
C15 319.994 50.437644958496094
C15 324.969 50.57500457763672
C15 349.982 53.53913879394531
C15 374.975 65.43020629882812
C15 400.019 79.47412872314453
C15 424.965 82.73126220703125
C15 450.035 83.7424087524414
C15 475.003 84.18848419189453
C15 500.018 84.60380554199219
C15 525.002 84.63123321533203
C15 550.029 86.35218048095703
C15 575.023 87.73810577392578
C15 599.982 89.13702392578125
C15 619.997 90.80290985107422
C15 624.979 90.95330047607422
C15 650.012 92.55421447753906
C15 675.004 93.96285247802734
C15 700.03 95.08878326416016
C15 725.012 96.19580841064453
C15 750.022 97.44715881347656
C15 774.987 99.34812927246094
C15 799.976 99.2914047241211
C15 824.988 99.29337310791016
C15 850.022 98.09486389160156
C15 869.967 95.965576171875
C15 875.002 95.27408599853516
C15 899.999 89.02960968017578
C15 919.999 81.93804931640625
C15 925.012 78.66438293457031
C15 949.965 65.93629455566406
C15 975.002 49.073486328125
C15 999.976 30.192167282104492
C15 1025.028 14.10503101348877
C15 1050.014 5.654265403747559
C15 1075.002 0.9283616541340739
C15 1099.99 0.09211119045485835
C16 319.994 50.53406524658203
C16 324.969 50.620418548583984
C16 349.982 53.421260833740234
C16 374.975 65.3196792602539
C16 400.019 79.48304748535156
C16 424.965 82.82566833496094
C16 450.035 83.86329650878906
C16 475.003 84.29898071289062
C16 500.018 84.68993377685547
C16 525.002 84.67877197265625
C16 550.029 86.37327575683594
C16 575.023 87.73280334472656
C16 599.982 89.1179428100586
C16 619.997 90.77957916259766
C16 624.979 90.92630004882812
C16 650.012 92.51968383789062
C16 675.004 93.93225860595703
C16 700.03 95.0513687133789
C16 725.012 96.14820098876953
C16 750.022 97.36365509033203
C16 774.987 99.23839569091797
C16 799.976 99.17828369140625
C16 824.988 99.1978759765625
C16 850.022 98.01304626464844
C16 869.967 95.9185791015625
C16 875.002 95.23754119873047
C16 899.999 89.16529083251953
C16 919.999 82.1075668334961
C16 925.012 78.81122589111328
C16 949.965 65.85608673095703
C16 975.002 48.87953567504883
C16 999.976 30.16014289855957
C16 1025.028 14.120000839233398
C16 1050.014 5.746448516845703
C16 1075.002 0.9275664070654613
C16 1099.99 0.09203228677128908
C17 319.994 50.733219146728516
C17 324.969 50.7769660949707
C17 349.982 53.434051513671875
C17 374.975 65.38013458251953
C17 400.019 79.79151916503906
C17 424.965 83.25242614746094
C17 450.035 84.30489349365234
C17 475.003 84.71464538574219
C17 500.018 85.09318542480469
C17 525.002 85.07512664794922
C17 550.029 86.79696655273438
C17 575.023 88.19515991210938
C17 599.982 89.60679626464844
C17 619.997 91.29486083984375
C17 624.979 91.44850158691406
C17 650.012 93.06389617919922
C17 675.004 94.49858856201172
C17 700.03 95.63202667236328
C17 725.012 96.7292709350586
C17 750.022 97.93889617919922
C17 774.987 99.80769348144531
C17 799.976 99.75489044189453
C17 824.988 99.79244995117188
C17 850.022 98.63522338867188
C17 869.967 96.522705078125
C17 875.002 95.87040710449219
C17 899.999 89.91030883789062
C17 919.999 82.75041198730469
C17 925.012 79.40187072753906
C17 949.965 66.09318542480469
C17 975.002 49.01985549926758
C17 999.976 30.41014862060547
C17 1025.028 14.248966217041016
C17 1050.014 5.81389856338501
C17 1075.002 0.9330467520262135
C17 1099.99 0.09257604156360545
