lsstCam/transmission_sensor/r41_s10/19700101T000000.ecsv
# %ECSV 1.0
# ---
# datatype:
# - {name: amp_name, datatype: string}
# - {name: wavelength, unit: nm, datatype: float32}
# - {name: efficiency, unit: '%', datatype: float64}
# meta: !!omap
# - {MODE: AMP}
# - {TYPE: transmission_sensor}
# - {CALIBDATE: '1970-01-01T00:00:00'}
# - {INSTRUME: LSSTCam}
# - {OBSTYPE: transmission_sensor}
# - {DETECTOR: 165}
# - {PARQUETFILE: qe_raft_allvalues_nircorrected_20230725_adjust.parquet}
# - {CORRFILE: qe_corr_factor_bydetnum.parquet}
# - {CALIBCLS: lsst.ip.isr.IntermediateSensorTransmissionCurve}
# - {CALIB_ID: 'raftName=R41 detectorName=S10 detector=165 calibDate=1970-01-01T00:00:00 ccd=165 ccdnum=165 filter=None'}
# - {DATE: '2025-03-03T21:56:48.314655'}
# - {CALIB_CREATION_DATE: '2025-03-03'}
# - {CALIB_CREATION_TIME: '21:56:48'}
# - __serialized_columns__:
#     efficiency:
#       __class__: astropy.units.quantity.Quantity
#       unit: !astropy.units.Unit {unit: '%'}
#       value: !astropy.table.SerializedColumn {name: efficiency}
#     wavelength:
#       __class__: astropy.units.quantity.Quantity
#       unit: !astropy.units.Unit {unit: nm}
#       value: !astropy.table.SerializedColumn {name: wavelength}
# schema: astropy-2.0
amp_name wavelength efficiency
C00 319.994 49.2971842785277
C00 324.969 49.64671929062616
C00 349.982 53.26670980352179
C00 374.975 65.2168407976748
C00 400.019 78.99626942658632
C00 424.965 82.0850996464537
C00 450.035 83.04231468585493
C00 475.003 83.53446626330802
C00 500.018 84.09134273577172
C00 525.002 84.2766760550226
C00 550.029 86.17310328384684
C00 575.023 87.68384117420865
C00 599.982 89.13733884300547
C00 619.997 90.81432489751845
C00 624.979 90.97109145905621
C00 650.012 92.54904659495485
C00 675.004 93.91912292886101
C00 700.03 94.99645097114409
C00 725.012 96.06348949290616
C00 750.022 97.2117085206454
C00 774.987 99.02854821370644
C00 799.976 98.93324438808081
C00 824.988 98.94361774913939
C00 850.022 97.84230369124181
C00 869.967 95.70452242033011
C00 875.002 95.04988025918277
C00 899.999 88.7839204896437
C00 919.999 81.46092970978263
C00 925.012 78.12997563925549
C00 949.965 65.48670824440602
C00 975.002 49.19624789315019
C00 999.976 30.087325906516917
C00 1025.028 14.127363048928933
C00 1050.014 5.5860406390451764
C00 1075.002 0.9261193862576778
C00 1099.99 0.0918887146960915
C01 319.994 49.80863061242442
C01 324.969 50.154834868620895
C01 349.982 53.76326300919774
C01 374.975 65.61635620297065
C01 400.019 79.17371411343778
C01 424.965 82.09814828284775
C01 450.035 83.00044777013504
C01 475.003 83.48804147109065
C01 500.018 84.03580219055947
C01 525.002 84.21058684580956
C01 550.029 86.08295946221581
C01 575.023 87.59654793085528
C01 599.982 89.0791154005907
C01 619.997 90.78491973442954
C01 624.979 90.93905675183416
C01 650.012 92.54127991242825
C01 675.004 93.93901600186828
C01 700.03 95.05081774883024
C01 725.012 96.19123960657468
C01 750.022 97.41707972837756
C01 774.987 99.31865933932934
C01 799.976 99.23994069641016
C01 824.988 99.22798960887168
C01 850.022 98.10469408639442
C01 869.967 95.95668426989815
C01 875.002 95.28538832924089
C01 899.999 88.90771485431195
C01 919.999 81.54911471158115
C01 925.012 78.22333588878271
C01 949.965 65.7331536936846
C01 975.002 49.20473865304678
C01 999.976 30.058633387997425
C01 1025.028 14.185803714554702
C01 1050.014 5.5815975669202045
C01 1075.002 0.9280752476990032
C01 1099.99 0.09208277347148681
C02 319.994 49.89394217034411
C02 324.969 50.20649207256985
C02 349.982 53.71550057931266
C02 374.975 65.55551083828978
C02 400.019 79.16721266084191
C02 424.965 82.12554889490183
C02 450.035 83.04406771527704
C02 475.003 83.5185670486363
C02 500.018 84.03074127083654
C02 525.002 84.17901707247772
C02 550.029 86.01367669070773
C02 575.023 87.50103831481923
C02 599.982 88.96525995055903
C02 619.997 90.66651402976748
C02 624.979 90.81985075113158
C02 650.012 92.42973388811353
C02 675.004 93.83073975851913
C02 700.03 94.9571068934186
C02 725.012 96.1215223886446
C02 750.022 97.38962576325412
C02 774.987 99.32634980318542
C02 799.976 99.26286727250437
C02 824.988 99.26220417007079
C02 850.022 98.14581405914316
C02 869.967 95.97567034072615
C02 875.002 95.29935921154829
C02 899.999 88.89787502394705
C02 919.999 81.52448083726716
C02 925.012 78.20771868319196
C02 949.965 65.80334346737195
C02 975.002 49.331063477576485
C02 999.976 30.14866288162267
C02 1025.028 14.221521689029922
C02 1050.014 5.579520131781682
C02 1075.002 0.927813343513636
C02 1099.99 0.09205678757882112
C03 319.994 49.998613270577394
C03 324.969 50.2657558998373
C03 349.982 53.64790986229025
C03 374.975 65.5288343036057
C03 400.019 79.28824790963711
C03 424.965 82.33327525955323
C03 450.035 83.28479676426618
C03 475.003 83.75310714157874
C03 500.018 84.23076954976483
C03 525.002 84.34593596092954
C03 550.029 86.14218136921447
C03 575.023 87.59846864135254
C03 599.982 89.04315543183655
C03 619.997 90.73037003193413
C03 624.979 90.88312749140222
C03 650.012 92.49436732071953
C03 675.004 93.89559422526966
C03 700.03 95.02270068127322
C03 725.012 96.18998962037806
C03 750.022 97.46165240690114
C03 774.987 99.40115842830663
C03 799.976 99.34827791469573
C03 824.988 99.35131903964972
C03 850.022 98.23079787677959
C03 869.967 96.03230843479399
C03 875.002 95.34448828636671
C03 899.999 88.92897224152163
C03 919.999 81.537498986193
C03 925.012 78.21513475983413
C03 949.965 65.8252792007493
C03 975.002 49.418878818822954
C03 999.976 30.183736808331947
C03 1025.028 14.208737912515959
C03 1050.014 5.558674325392836
C03 1075.002 0.928499508730783
C03 1099.99 0.09212486826129943
C04 319.994 50.15791029197661
C04 324.969 50.3565170926996
C04 349.982 53.51141746711239
C04 374.975 65.37529941369824
C04 400.019 79.27073285915026
C04 424.965 82.42585045677404
C04 450.035 83.40950575298072
C04 475.003 83.86084985423422
C04 500.018 84.30512848472995
C04 525.002 84.37690360676423
C04 550.029 86.141243879567
C04 575.023 87.56439127376038
C04 599.982 88.99212703191944
C04 619.997 90.6747761336525
C04 624.979 90.82661896907429
C04 650.012 92.43067899962806
C04 675.004 93.8388799125313
C04 700.03 94.96869975320558
C04 725.012 96.12564581872006
C04 750.022 97.38448862486067
C04 774.987 99.3092463335194
C04 799.976 99.26170874871237
C04 824.988 99.29457423944315
C04 850.022 98.17507440675807
C04 869.967 95.96749207737872
C04 875.002 95.2743747313499
C04 899.999 88.85258588992053
C04 919.999 81.48289593062822
C04 925.012 78.19295512671108
C04 949.965 65.89588055525749
C04 975.002 49.59089292539943
C04 999.976 30.3074320887285
C04 1025.028 14.243262112064066
C04 1050.014 5.5786540971378304
C04 1075.002 0.9277644902892136
C04 1099.99 0.09205194040677447
C05 319.994 50.07901634611521
C05 324.969 50.23610683700271
C05 349.982 53.24898134075745
C05 374.975 65.12139977844221
C05 400.019 79.16714406403844
C05 424.965 82.42326664384322
C05 450.035 83.43547345402891
C05 475.003 83.87074303766848
C05 500.018 84.28272019559532
C05 525.002 84.33142392606139
C05 550.029 86.07158763657334
C05 575.023 87.48616043033256
C05 599.982 88.91009287683235
C05 619.997 90.59336697166374
C05 624.979 90.74532413509131
C05 650.012 92.3493155688416
C05 675.004 93.76134265900525
C05 700.03 94.88572810847104
C05 725.012 96.03154624808873
C05 750.022 97.24977212470606
C05 774.987 99.14568868843777
C05 799.976 99.09430206076918
C05 824.988 99.14236555440284
C05 850.022 98.01069360003477
C05 869.967 95.77680820745691
C05 875.002 95.0768540466819
C05 899.999 88.63495109810076
C05 919.999 81.33484878499861
C05 925.012 78.08759805844306
C05 949.965 65.84618598207457
C05 975.002 49.59051945391385
C05 999.976 30.328853346079818
C05 1025.028 14.250178003680915
C05 1050.014 5.586728988913364
C05 1075.002 0.9264813782141021
C05 1099.99 0.09192463120545274
C06 319.994 50.00982503701176
C06 324.969 50.11883297959796
C06 349.982 52.965909009357624
C06 374.975 64.82070950135031
C06 400.019 79.01696279563411
C06 424.965 82.38177319960889
C06 450.035 83.4109081765184
C06 475.003 83.81582748555454
C06 500.018 84.20261437287255
C06 525.002 84.22506077134244
C06 550.029 85.96546838160006
C06 575.023 87.39385962032564
C06 599.982 88.82686208861803
C06 619.997 90.51796384091242
C06 624.979 90.67130056227651
C06 650.012 92.28430866475003
C06 675.004 93.70382042835932
C06 700.03 94.83067536275016
C06 725.012 95.9553733087651
C06 750.022 97.15229606697042
C06 774.987 99.01586542693093
C06 799.976 98.95944074514057
C06 824.988 99.0215132304169
C06 850.022 97.86322571630117
C06 869.967 95.59855560269789
C06 875.002 94.89347954726354
C06 899.999 88.47479280572459
C06 919.999 81.31959742902637
C06 925.012 78.12702597670614
C06 949.965 65.79152195157337
C06 975.002 49.43514388311319
C06 999.976 30.261632289609462
C06 1025.028 14.22796597762289
C06 1050.014 5.585263684972502
C06 1075.002 0.9255529437480261
C06 1099.99 0.09183251279066389
C07 319.994 49.909540321267244
C07 324.969 49.96826299597396
C07 349.982 52.618755830713106
C07 374.975 64.44675021628181
C07 400.019 78.95444824206874
C07 424.965 82.4875494705648
C07 450.035 83.53494644093233
C07 475.003 83.89778542197108
C07 500.018 84.27126452941526
C07 525.002 84.31268937684612
C07 550.029 86.11276096239146
C07 575.023 87.6153891862093
C07 599.982 89.113650080206
C07 619.997 90.84229714960148
C07 624.979 91.00042040347459
C07 650.012 92.65150735374287
C07 675.004 94.1004700116434
C07 700.03 95.24945884795495
C07 725.012 96.38407284300533
C07 750.022 97.56869390778776
C07 774.987 99.42865812463239
C07 799.976 99.37484012137402
C07 824.988 99.44099030552348
C07 850.022 98.25481437986232
C07 869.967 95.94326978388558
C07 875.002 95.23894067142238
C07 899.999 88.94380439480598
C07 919.999 81.9813660358679
C07 925.012 78.7748465668414
C07 949.965 66.07915597040419
C07 975.002 49.416470308834334
C07 999.976 30.302803709960813
C07 1025.028 14.148565177602489
C07 1050.014 5.59467859624922
C07 1075.002 0.9295200315108675
C07 1099.99 0.09222612359400438
C10 319.994 49.4533906328371
C10 324.969 49.78409201144859
C10 349.982 53.33058867128958
C10 374.975 65.29087199235666
C10 400.019 79.12674054679263
C10 424.965 82.24473203000323
C10 450.035 83.21843316783924
C10 475.003 83.71877825237385
C10 500.018 84.27139410115517
C10 525.002 84.46275631724465
C10 550.029 86.35756008838669
C10 575.023 87.84749790356196
C10 599.982 89.27778698718362
C10 619.997 90.94580210417571
C10 624.979 91.09027459415763
C10 650.012 92.66241424549514
C10 675.004 94.03271161354583
C10 700.03 95.10881253523343
C10 725.012 96.15216229419603
C10 750.022 97.31724851372267
C10 774.987 99.13613848902087
C10 799.976 99.03211524748706
C10 824.988 99.02806041421508
C10 850.022 97.86073336577498
C10 869.967 95.65033856745322
C10 875.002 94.96234311608373
C10 899.999 88.607451401775
C10 919.999 81.5104718456245
C10 925.012 78.30235940638401
C10 949.965 65.73089762103703
C10 975.002 49.14671337917538
C10 999.976 30.07607793621405
C10 1025.028 14.00864294225096
C10 1050.014 5.572269830747901
C10 1075.002 0.9271247495884369
C10 1099.99 0.0919884659221611
C11 319.994 50.06235494473824
C11 324.969 50.390213366939115
C11 349.982 53.94988823491404
C11 374.975 65.82764960140267
C11 400.019 79.3932391282866
C11 424.965 82.32283330169118
C11 450.035 83.23840245951703
C11 475.003 83.7441895571272
C11 500.018 84.28426743460699
C11 525.002 84.44123216468812
C11 550.029 86.27690549123614
C11 575.023 87.7505401327859
C11 599.982 89.19609581611391
C11 619.997 90.88271591058138
C11 624.979 91.02942160760972
C11 650.012 92.62226987172912
C11 675.004 94.01096642684477
C11 700.03 95.11894961841338
C11 725.012 96.22681086010914
C11 750.022 97.47986104728977
C11 774.987 99.37832331461706
C11 799.976 99.29632726886526
C11 824.988 99.2584237240127
C11 850.022 98.08573088116756
C11 869.967 95.87032851619225
C11 875.002 95.16990179965998
C11 899.999 88.7796598659613
C11 919.999 81.644014578253
C11 925.012 78.41004114410308
C11 949.965 65.83639950477905
C11 975.002 49.12009781942772
C11 999.976 30.06894386865282
C11 1025.028 14.06691021040128
C11 1050.014 5.573106330656923
C11 1075.002 0.9286732029642354
C11 1099.99 0.09214210204357295
C12 319.994 50.16970132030698
C12 324.969 50.45982006779693
C12 349.982 53.89563578523367
C12 374.975 65.73366435877713
C12 400.019 79.34775182571671
C12 424.965 82.30947979061503
C12 450.035 83.23340251473053
C12 475.003 83.72181175546078
C12 500.018 84.23868866963248
C12 525.002 84.37201798998352
C12 550.029 86.18762294058203
C12 575.023 87.65060983385933
C12 599.982 89.0932310983721
C12 619.997 90.78159660039461
C12 624.979 90.9335842512904
C12 650.012 92.537766231717
C12 675.004 93.93591390197788
C12 700.03 95.06090910080788
C12 725.012 96.20090413399738
C12 750.022 97.48868716933669
C12 774.987 99.42951177374228
C12 799.976 99.36502315661028
C12 824.988 99.32588486929521
C12 850.022 98.15766606240996
C12 869.967 95.94269814385663
C12 875.002 95.24563267069456
C12 899.999 88.81660305556524
C12 919.999 81.6376960504664
C12 925.012 78.393074868044
C12 949.965 65.85313712482655
C12 975.002 49.14378277129366
C12 999.976 30.119707408689862
C12 1025.028 14.104260217159139
C12 1050.014 5.5664957900888705
C12 1075.002 0.9287569657626334
C12 1099.99 0.0921504129114787
C13 319.994 50.21574883010523
C13 324.969 50.46007921127672
C13 349.982 53.753789028451365
C13 374.975 65.61253002571024
C13 400.019 79.38688249116474
C13 424.965 82.44631516981026
C13 450.035 83.3887209215283
C13 475.003 83.85558314410088
C13 500.018 84.33902292751283
C13 525.002 84.44155228310433
C13 550.029 86.23731751376495
C13 575.023 87.68659266821463
C13 599.982 89.12690450701047
C13 619.997 90.81351697961088
C13 624.979 90.96805795596929
C13 650.012 92.5732993759162
C13 675.004 93.98025792448988
C13 700.03 95.11188414765563
C13 725.012 96.25282429235965
C13 750.022 97.54562251621957
C13 774.987 99.48489988161349
C13 799.976 99.42669168293283
C13 824.988 99.38766772362354
C13 850.022 98.21220814303832
C13 869.967 95.9935741064327
C13 875.002 95.29551016868673
C13 899.999 88.88790562184225
C13 919.999 81.68345774025019
C13 925.012 78.427419000983
C13 949.965 65.8287852595935
C13 975.002 49.095239100035684
C13 999.976 30.114356858018944
C13 1025.028 14.11433156173576
C13 1050.014 5.544422863104557
C13 1075.002 0.9292993597832013
C13 1099.99 0.0922042287479123
C14 319.994 50.36322814663941
C14 324.969 50.54872533603192
C14 349.982 53.6582641686812
C14 374.975 65.52078561199816
C14 400.019 79.42993841814484
C14 424.965 82.59311232924323
C14 450.035 83.56907716159384
C14 475.003 84.01558899913599
C14 500.018 84.46351088208286
C14 525.002 84.53033179053295
C14 550.029 86.2859297818264
C14 575.023 87.70147817456835
C14 599.982 89.12359661670963
C14 619.997 90.8020155822285
C14 624.979 90.95641174311292
C14 650.012 92.56070042967826
C14 675.004 93.96733123796868
C14 700.03 95.09735686905339
C14 725.012 96.22571331125357
C14 750.022 97.50641563210102
C14 774.987 99.43023585111229
C14 799.976 99.37502304618329
C14 824.988 99.3561284377599
C14 850.022 98.16829094508127
C14 869.967 95.98666869488305
C14 875.002 95.29227087518937
C14 899.999 88.94291263636083
C14 919.999 81.78044599849444
C14 925.012 78.51939207070664
C14 949.965 65.88437153600808
C14 975.002 49.10580300777058
C14 999.976 30.1588476014717
C14 1025.028 14.119197171115461
C14 1050.014 5.572925311314425
C14 1075.002 0.9289259520948927
C14 1099.99 0.09216717958012091
C15 319.994 50.387881075621024
C15 324.969 50.525105170035935
C15 349.982 53.48631484797467
C15 374.975 65.36565013000966
C15 400.019 79.3957162350787
C15 424.965 82.64963609530527
C15 450.035 83.65978500138677
C15 475.003 84.10542032421786
C15 500.018 84.52033190095995
C15 525.002 84.54773251301403
C15 550.029 86.26698182033365
C15 575.023 87.65153970163975
C15 599.982 89.04907762253642
C15 619.997 90.71331991533746
C15 624.979 90.8635621586782
C15 650.012 92.46289663165938
C15 675.004 93.87014481118105
C15 700.03 94.99496470706883
C15 725.012 96.10089761640029
C15 750.022 97.35101338476566
C15 774.987 99.25010826705831
C15 799.976 99.19343968552228
C15 824.988 99.19540612722184
C15 850.022 97.99807941006273
C15 869.967 95.87089253435414
C15 875.002 95.18008461404224
C15 899.999 88.94176935630294
C15 919.999 81.85720582158113
C15 925.012 78.58676937545158
C15 949.965 65.87123905907646
C15 975.002 49.02506838101598
C15 999.976 30.162378431383814
C15 1025.028 14.091114401960176
C15 1050.014 5.648686669817214
C15 1075.002 0.92744569382982
C15 1099.99 0.09202030971494572
C16 319.994 50.48420623143171
C16 324.969 50.5704743336665
C16 349.982 53.36855319107856
C16 374.975 65.25523214201873
C16 400.019 79.40462619766318
C16 424.965 82.74394907821407
C16 450.035 83.78055348483512
C16 475.003 84.2158078247406
C16 500.018 84.60637515811669
C16 525.002 84.59522436661874
C16 550.029 86.28805628273408
C16 575.023 87.6462425040382
C16 599.982 89.03001533303788
C16 619.997 90.69001224589064
C16 624.979 90.83658837117908
C16 650.012 92.42840006137934
C16 675.004 93.83958112430014
C16 700.03 94.95758707104291
C16 725.012 96.05333716599209
C16 750.022 97.26759204987502
C16 774.987 99.14048295324085
C16 799.976 99.08043026273346
C16 824.988 99.10000321732453
C16 850.022 97.9163425077907
C16 869.967 95.82394183331016
C16 875.002 95.14357587086032
C16 899.999 89.07731663996628
C16 919.999 82.02655608562273
C16 925.012 78.73346745061286
C16 949.965 65.79111037075253
C16 975.002 48.83130908773845
C16 999.976 30.130385644430547
C16 1025.028 14.106069457850747
C16 1050.014 5.740778831213568
C16 1075.002 0.9266512313851131
C16 1099.99 0.09194148388103954
C17 319.994 50.68316363803911
C17 324.969 50.72686742371869
C17 349.982 53.38133125119223
C17 374.975 65.31562781654348
C17 400.019 79.71279352633368
C17 424.965 83.17028583366799
C17 450.035 84.22171477170635
C17 475.003 84.63106238550004
C17 500.018 85.00922894118156
C17 525.002 84.99118798186808
C17 550.029 86.71132904763286
C17 575.023 88.10814289115953
C17 599.982 89.51838646443287
C17 619.997 91.20478552475582
C17 624.979 91.35827468346096
C17 650.012 92.97207546010794
C17 675.004 94.40535231561422
C17 700.03 95.53767212868176
C17 725.012 96.6338338044518
C17 750.022 97.84226558190655
C17 774.987 99.7092190508384
C17 799.976 99.65646810896739
C17 824.988 99.69399056046731
C17 850.022 98.53790576592978
C17 869.967 96.4274717540028
C17 875.002 95.77581736474008
C17 899.999 89.82159957951919
C17 919.999 82.66876698160728
C17 925.012 79.32352953222357
C17 949.965 66.02797513314601
C17 975.002 48.97149046656976
C17 999.976 30.380144700410252
C17 1025.028 14.234907593041042
C17 1050.014 5.808162328725483
C17 1075.002 0.9321261692090933
C17 1099.99 0.09248470218221284
