lsstCam/transmission_filter_detector/r03_s10/u_24/19700101T000000.ecsv
# %ECSV 1.0
# ---
# datatype:
# - {name: wavelength, unit: nm, datatype: float32}
# - {name: efficiency, unit: '%', datatype: float64}
# meta: !!omap
# - {MODE: DETECTOR}
# - {TYPE: transmission_filter_detector}
# - {CALIBDATE: '1970-01-01T00:00:00'}
# - {INSTRUME: LSSTCam}
# - {OBSTYPE: transmission_filter_detector}
# - {CALIBCLS: lsst.ip.isr.IntermediateFilterDetectorTransmissionCurve}
# - {SOURCE: Materion (DM-46256)}
# - {DETECTOR: 21}
# - {FILTER: u_24}
# - {CALIB_ID: 'calibDate=1970-01-01T00:00:00 filter=u_24 detector=21'}
# - {DATE: '2025-04-02T15:59:39.844990'}
# - {CALIB_CREATION_DATE: '2025-04-02'}
# - {CALIB_CREATION_TIME: '15:59:39'}
# - __serialized_columns__:
#     efficiency:
#       __class__: astropy.units.quantity.Quantity
#       unit: !astropy.units.Unit {unit: '%'}
#       value: !astropy.table.SerializedColumn {name: efficiency}
#     wavelength:
#       __class__: astropy.units.quantity.Quantity
#       unit: !astropy.units.Unit {unit: nm}
#       value: !astropy.table.SerializedColumn {name: wavelength}
# schema: astropy-2.0
wavelength efficiency
[from data line 581]
876.0 0.0021775602363049984
877.0 0.0023764318029861897
878.0 0.0025753035515663214
879.0 0.0027087769922218286
880.0 0.002842251160473097
881.0 0.003027521051990334
882.0 0.003212791489204392
883.0 0.0030870374757796526
884.0 0.0029612836442538537
885.0 0.0028122527510276996
886.0 0.0026632220397004858
887.0 0.002435400710965041
888.0 0.0022075795641285367
889.0 0.0020581777789629996
890.0 0.0019087759937974624
891.0 0.0022142488887766376
892.0 0.0025197216018568724
893.0 0.0023830563804949634
894.0 0.0022463906134362333
895.0 0.0027683152438839898
896.0 0.003290239328634925
897.0 0.0036859848478343338
898.0 0.004081730730831623
899.0 0.004376340439193882
900.0 0.00467094941996038
901.0 0.004372126932139508
902.0 0.0040733040805207565
903.0 0.004446354796527885
904.0 0.004819404784939252
905.0 0.0049569229304324836
906.0 0.005094441075925715
907.0 0.005585861072177067
908.0 0.0060772814322263
909.0 0.0060647107602562755
910.0 0.0060521404520841315
911.0 0.006071049210731871
912.0 0.006089957969379611
913.0 0.0059920672356383875
914.0 0.005894175774301402
915.0 0.005191272430238314
916.0 0.004488369449973106
917.0 0.004162972982157953
918.0 0.0038375768781406805
919.0 0.004059341881657019
920.0 0.004281106521375477
921.0 0.004495432949624956
922.0 0.004709759377874434
923.0 0.005586619954556227
924.0 0.006463479076046497
925.0 0.0066885426349472255
926.0 0.006913605466252193
927.0 0.00746165169402957
928.0 0.00800969428382814
929.0 0.007851464761188254
930.0 0.007693235238548368
931.0 0.007157860090956092
932.0 0.006622483488172293
933.0 0.006505575584014878
934.0 0.006388666952261701
935.0 0.0066381187934894115
936.0 0.006887571362312883
937.0 0.007179410749813542
938.0 0.007471251592505723
939.0 0.007286382606253028
940.0 0.007101514347596094
941.0 0.006306899740593508
942.0 0.005512283678399399
943.0 0.004440615157363936
944.0 0.0033689466363284737
945.0 0.0026392268409836106
946.0 0.0019095072275376879
947.0 0.001753545984684024
948.0 0.0015975849237293005
949.0 0.0014174229363561608
950.0 0.0012372610399324913
951.0 0.0012355474609648809
952.0 0.0012338339729467407
953.0 0.0015248415365931578
954.0 0.001815849100239575
955.0 0.002286083508806769
956.0 0.0027563179173739627
957.0 0.0028414187909220345
958.0 0.0029265187549754046
959.0 0.0031080042390385643
960.0 0.003289489177404903
961.0 0.0037522200727835298
962.0 0.004214950604364276
963.0 0.004352254836703651
964.0 0.004489559069043025
965.0 0.0045157252316130325
966.0 0.00454189175798092
967.0 0.004657872341340408
968.0 0.004773853288497776
969.0 0.0046973498683655635
970.0 0.004620846448233351
971.0 0.004813188570551574
972.0 0.005005530692869797
973.0 0.004875894956057891
974.0 0.004746258491650224
975.0 0.004497085683397017
976.0 0.00424791251134593
977.0 0.003864621976390481
978.0 0.003481331077637151
979.0 0.0033070988138206303
980.0 0.0031328665500041097
981.0 0.0030449880796368234
982.0 0.002957109063572716
983.0 0.003089334859396331
984.0 0.003221560109523125
985.0 0.0034023036278085783
986.0 0.0035830475098919123
987.0 0.003960464891861193
988.0 0.004337882273830473
989.0 0.005341452924767509
990.0 0.006345022848108783
991.0 0.006532278348458931
992.0 0.00671953457640484
993.0 0.007136999920476228
994.0 0.007554465264547616
995.0 0.0075013042078353465
996.0 0.00744813951314427
997.0 0.0070598274760413915
998.0 0.006671517621725798
999.0 0.006662458326900378
1000.0 0.006653399032074958
1001.0 0.006156595190986991
1002.0 0.005659792441292666
1003.0 0.004915114914183505
1004.0 0.004170437750872225
1005.0 0.004571697354549542
1006.0 0.0049729558668332174
1007.0 0.004874901060247794
1008.0 0.0047768433432793245
1009.0 0.004188091043033637
1010.0 0.003599339470383711
1011.0 0.0035206758184358478
1012.0 0.0034420128940837458
1013.0 0.0030287699701148085
1014.0 0.002615526864246931
1015.0 0.002161803968192544
1016.0 0.001708081254037097
1017.0 0.0016873666027095169
1018.0 0.0016666517694829963
1019.0 0.0015432402506121434
1020.0 0.0014198286407918204
1021.0 0.0011816008736786898
1022.0 0.0009433732884644996
1023.0 0.0011813225682999473
1024.0 0.0014192720300343353
1025.0 0.001311861979047535
1026.0 0.001204452109959675
1027.0 0.0010121086233993992
1028.0 0.0008197649549401831
1029.0 0.0007521620773331961
1030.0 0.0006845593361504143
1031.0 0.0015993598935892805
1032.0 0.002514160587452352
1033.0 0.0022759226339985617
1034.0 0.002037684498645831
1035.0 0.002323566150153056
1036.0 0.0026094476197613403
1037.0 0.002951308670162689
1038.0 0.0032931697205640376
1039.0 0.00290943899017293
1040.0 0.0025257086235797033
1041.0 0.0018422615539748222
1042.0 0.0011588145753194112
1043.0 0.0011216383427381516
1044.0 0.0010844624739547726
1045.0 0.0013786258932668716
1046.0 0.001672789585427381
1047.0 0.0021403371647465974
1048.0 0.002607884925964754
1049.0 0.0017930673493538052
1050.0 0.000978249136096565
1051.0 0.0009614207556296606
1052.0 0.0009445919204154052
1053.0 0.0007463898327841889
1054.0 0.000548187426829827
1055.0 0.0005211510142544284
1056.0 0.0004941150564263808
1057.0 0.0012094269550289027
1058.0 0.001924738535308279
1059.0 0.0012970095667697024
1060.0 0.000669280780130066
1061.0 0.0018762257241178304
1062.0 0.003083170668105595
1063.0 0.002278102510899771
1064.0 0.0014730340808455367
1065.0 0.001350265483779367
1066.0 0.0012274969776626676
1067.0 0.0009371516171086114
1068.0 0.0006468055744335288
1069.0 0.001369091205560835
1070.0 0.0020913765183649957
1071.0 0.0007602792265970493
1072.0 1.6537399704849576e-10
1073.0 0.00046493482841469813
1074.0 0.0015006873582024127
1075.0 0.002920593396993354
1076.0 0.0043404990719864145
1077.0 0.004866515882895328
1078.0 0.005392532693804242
1079.0 0.006195829337229952
1080.0 0.006999123434070498
1081.0 0.005446967770694755
1082.0 0.003894811379723251
1083.0 0.003288707375759259
1084.0 0.0026826042812899686
1085.0 0.0034558619518065825
1086.0 0.004229119076626375
1087.0 0.004206163794151507
1088.0 0.004183208511676639
1089.0 0.006171295535750687
1090.0 0.008159382559824735
1091.0 0.004929283386445604
1092.0 0.0016991836673696525
1093.0 0.0005802205123472959
1094.0 1.6537399704849576e-10
1095.0 1.6537399704849576e-10
1096.0 0.0002279121872561518
1097.0 0.0010043606380349956
1098.0 0.00178080936166225
1099.0 0.0025920864572981372
1100.0 0.003403363371035084
