lsstCam/transmission_filter_detector/r03_s10/u_24/19700101T000000.ecsv
# %ECSV 1.0
# ---
# datatype:
# - {name: wavelength, unit: nm, datatype: float32}
# - {name: efficiency, unit: '%', datatype: float64}
# meta: !!omap
# - {MODE: DETECTOR}
# - {TYPE: transmission_filter_detector}
# - {CALIBDATE: '1970-01-01T00:00:00'}
# - {INSTRUME: LSSTCam}
# - {OBSTYPE: transmission_filter_detector}
# - {CALIBCLS: lsst.ip.isr.IntermediateFilterDetectorTransmissionCurve}
# - {SOURCE: Materion (DM-46256)}
# - {DETECTOR: 21}
# - {FILTER: u_24}
# - {CALIB_ID: 'calibDate=1970-01-01T00:00:00 filter=u_24 detector=21'}
# - {DATE: '2025-04-02T15:59:39.844990'}
# - {CALIB_CREATION_DATE: '2025-04-02'}
# - {CALIB_CREATION_TIME: '15:59:39'}
# - __serialized_columns__:
#     efficiency:
#       __class__: astropy.units.quantity.Quantity
#       unit: !astropy.units.Unit {unit: '%'}
#       value: !astropy.table.SerializedColumn {name: efficiency}
#     wavelength:
#       __class__: astropy.units.quantity.Quantity
#       unit: !astropy.units.Unit {unit: nm}
#       value: !astropy.table.SerializedColumn {name: wavelength}
# schema: astropy-2.0
wavelength efficiency
295.0 1.6537399704849576e-10
296.0 1.6537399704849576e-10
297.0 1.6537399704849576e-10
298.0 1.6537399704849576e-10
299.0 1.6537399704849576e-10
300.0 1.6537399704849576e-10
301.0 1.6537399704849576e-10
302.0 1.6537399704849576e-10
303.0 1.6537399704849576e-10
304.0 0.13176366919651628
305.0 1.1270465329289436
306.0 2.474857307970524
307.0 4.367006570100784
308.0 6.922294944524765
309.0 10.264308005571365
310.0 13.824480772018433
311.0 17.820483446121216
312.0 21.70838862657547
313.0 24.54216182231903
314.0 27.363866567611694
315.0 29.753094911575317
316.0 32.06471502780914
317.0 34.85696613788605
318.0 38.33878040313721
319.0 42.744916677474976
320.0 48.75996708869934
321.0 54.369181394577026
322.0 60.32138466835022
323.0 65.33809304237366
324.0 69.26255822181702
325.0 71.91887497901917
326.0 74.02079701423645
327.0 75.90705156326294
328.0 77.58957147598267
329.0 78.96183133125305
330.0 79.97474074363708
331.0 80.45090436935425
332.0 80.6936264038086
333.0 80.78237175941467
334.0 80.73446154594421
335.0 81.05316162109375
336.0 81.4048171043396
337.0 81.97414875030518
338.0 82.95297622680664
339.0 83.42427015304565
340.0 83.79727005958557
341.0 84.27525162696838
342.0 84.54029560089111
343.0 84.50697064399719
344.0 84.75015759468079
345.0 85.2038323879242
346.0 85.53377389907837
347.0 85.88168025016785
348.0 86.08949184417725
349.0 86.35700345039368
350.0 86.31306290626526
351.0 86.570805311203
352.0 86.36504411697388
353.0 86.39354705810547
354.0 86.35644316673279
355.0 86.59563064575195
356.0 86.69905066490173
357.0 86.57787442207336
358.0 86.25781536102295
359.0 85.99276542663574
360.0 85.81219911575317
361.0 85.54484248161316
362.0 85.3909969329834
363.0 85.52342653274536
364.0 85.60426235198975
365.0 86.02210879325867
366.0 86.33319139480591
367.0 86.43163442611694
368.0 86.49238348007202
369.0 86.59093379974365
370.0 86.48827075958252
371.0 86.32403612136841
372.0 86.39312386512756
373.0 86.6029679775238
374.0 86.61165833473206
375.0 86.9047224521637
376.0 87.0992362499237
377.0 87.218576669693
378.0 87.22192645072937
379.0 86.79579496383667
380.0 85.89178919792175
381.0 84.42115187644958
382.0 82.47411847114563
383.0 80.45067191123962
384.0 78.36560606956482
385.0 75.93043446540833
386.0 73.20722937583923
387.0 69.65058445930481
388.0 65.92575907707214
389.0 61.51908040046692
390.0 57.26330876350403
391.0 52.997803688049316
392.0 48.768213391304016
393.0 45.158785581588745
394.0 41.81881546974182
395.0 37.83285617828369
396.0 33.31840634346008
397.0 27.230295538902283
398.0 20.552334189414978
399.0 13.63605409860611
400.0 7.855474203824997
401.0 3.7638921290636063
402.0 1.3491008430719376
403.0 0.43238336220383644
404.0 0.18430993659421802
405.0 0.051552726654335856
406.0 0.025449530221521854
407.0 1.6537399704849576e-10
408.0 1.6537399704849576e-10
409.0 1.6537399704849576e-10
410.0 1.6537399704849576e-10
411.0 1.6537399704849576e-10
412.0 1.6537399704849576e-10
413.0 1.6537399704849576e-10
414.0 1.6537399704849576e-10
415.0 1.6537399704849576e-10
416.0 1.6537399704849576e-10
417.0 1.6537399704849576e-10
418.0 1.6537399704849576e-10
419.0 1.6537399704849576e-10
420.0 1.6537399704849576e-10
421.0 1.6537399704849576e-10
422.0 1.6537399704849576e-10
423.0 1.6537399704849576e-10
424.0 1.6537399704849576e-10
425.0 1.6537399704849576e-10
426.0 1.6537399704849576e-10
427.0 1.6537399704849576e-10
428.0 0.0008764994163357187
429.0 0.001311944015469635
430.0 0.001747388523654081
431.0 1.3698921463856095e-05
432.0 1.6537399704849576e-10
433.0 1.6537399704849576e-10
434.0 1.6537399704849576e-10
435.0 1.6537399704849576e-10
436.0 4.267325266482658e-05
437.0 1.6537399704849576e-10
438.0 1.6537399704849576e-10
439.0 0.001079220419342164
440.0 0.002203178337367717
441.0 1.6537399704849576e-10
442.0 1.6537399704849576e-10
443.0 1.6537399704849576e-10
444.0 1.6537399704849576e-10
445.0 1.6537399704849576e-10
446.0 0.0005847239663125947
447.0 4.965606308360293e-05
448.0 1.6537399704849576e-10
449.0 0.0002434032012388343
450.0 0.0009722178219817579
451.0 1.6537399704849576e-10
452.0 1.6537399704849576e-10
453.0 1.6537399704849576e-10
454.0 1.6537399704849576e-10
455.0 1.6537399704849576e-10
456.0 1.6537399704849576e-10
457.0 1.6537399704849576e-10
458.0 1.6537399704849576e-10
459.0 1.6537399704849576e-10
460.0 1.6537399704849576e-10
461.0 1.6537399704849576e-10
462.0 1.6537399704849576e-10
463.0 1.6537399704849576e-10
464.0 1.6537399704849576e-10
465.0 1.6537399704849576e-10
466.0 0.00039167075556179043
467.0 0.0005772423264716053
468.0 0.0007628139883308904
469.0 0.0006545983524119947
470.0 0.0005463827619678341
471.0 1.6537399704849576e-10
472.0 1.6537399704849576e-10
473.0 1.6537399704849576e-10
474.0 1.6537399704849576e-10
475.0 1.6537399704849576e-10
476.0 0.00011369038475095294
477.0 0.0003706860525198863
478.0 0.0006276820386119653
479.0 1.6537399704849576e-10
480.0 1.6537399704849576e-10
481.0 1.6537399704849576e-10
482.0 0.00013239814506960101
483.0 1.6537399704849576e-10
484.0 1.6537399704849576e-10
485.0 1.6537399704849576e-10
486.0 1.6537399704849576e-10
487.0 1.6537399704849576e-10
488.0 1.6537399704849576e-10
489.0 1.6537399704849576e-10
490.0 1.6537399704849576e-10
491.0 1.6537399704849576e-10
492.0 1.6537399704849576e-10
493.0 1.6537399704849576e-10
494.0 1.6537399704849576e-10
495.0 0.0003457504362813779
496.0 0.0010428762834635563
497.0 0.0005361003786674701
498.0 2.9324215233828e-05
499.0 0.00016140178331625066
500.0 0.0002934795475084684
501.0 0.0001929628297148156
502.0 9.24461573958979e-05
503.0 1.6537399704849576e-10
504.0 1.6537399704849576e-10
505.0 1.6537399704849576e-10
506.0 1.6537399704849576e-10
507.0 1.6537399704849576e-10
508.0 1.6537399704849576e-10
509.0 1.6537399704849576e-10
510.0 1.6537399704849576e-10
511.0 0.00027399853479437297
512.0 0.0006104040494392393
513.0 0.000437160451838281
514.0 0.000263916490439442
515.0 0.00035949735774920555
516.0 0.0004550782705337042
517.0 1.6537399704849576e-10
518.0 1.6537399704849576e-10
519.0 1.6537399704849576e-10
520.0 0.0002845209564839024
521.0 0.0003774967126446427
522.0 0.0004704722869064426
523.0 0.00016765840200605453
524.0 1.6537399704849576e-10
525.0 1.6537399704849576e-10
526.0 1.6537399704849576e-10
527.0 1.6537399704849576e-10
528.0 1.6537399704849576e-10
529.0 1.6537399704849576e-10
530.0 1.6537399704849576e-10
531.0 0.0002254760374853504
532.0 0.0006382267656590557
533.0 0.0001251061348739313
534.0 1.6537399704849576e-10
535.0 1.6537399704849576e-10
536.0 1.6537399704849576e-10
537.0 1.6537399704849576e-10
538.0 4.300254943245818e-05
539.0 1.6537399704849576e-10
540.0 1.6537399704849576e-10
541.0 1.6537399704849576e-10
542.0 1.6537399704849576e-10
543.0 1.6537399704849576e-10
544.0 1.6537399704849576e-10
545.0 1.6537399704849576e-10
546.0 1.6537399704849576e-10
547.0 1.6537399704849576e-10
548.0 0.00018654578752830275
549.0 1.6537399704849576e-10
550.0 1.6537399704849576e-10
551.0 1.6537399704849576e-10
552.0 1.6537399704849576e-10
553.0 1.6537399704849576e-10
554.0 1.6537399704849576e-10
555.0 1.6537399704849576e-10
556.0 1.6537399704849576e-10
557.0 1.6537399704849576e-10
558.0 1.6537399704849576e-10
559.0 1.6537399704849576e-10
560.0 0.0002466589876348735
561.0 0.00010715192502175341
562.0 1.6537399704849576e-10
563.0 1.6537399704849576e-10
564.0 1.6537399704849576e-10
565.0 1.6537399704849576e-10
566.0 1.6537399704849576e-10
567.0 1.6537399704849576e-10
568.0 1.6537399704849576e-10
569.0 9.673277645561029e-05
570.0 0.0003349620783410501
571.0 0.0004268909378879471
572.0 0.0005188199338590493
573.0 0.00042717178985185456
574.0 0.0003355240778546431
575.0 7.467606337741017e-05
576.0 1.6537399704849576e-10
577.0 4.403652908990807e-06
578.0 0.0001949791339939111
579.0 0.0003786163233598927
580.0 0.0005622534899885068
581.0 0.0009468431017012335
582.0 0.001331433031737106
583.0 0.0015986021026037633
584.0 0.001865771264419891
585.0 0.0014179220670484938
586.0 0.0009700724149297457
587.0 0.0009074845365830697
588.0 0.0008448965672869235
589.0 0.0007463880592695205
590.0 0.000647879369353177
591.0 0.0009216418220603373
592.0 0.0011954041838180274
593.0 0.0009342425073555205
594.0 0.0006730805580446031
595.0 0.0007438984084728872
596.0 0.000814716077002231
597.0 0.000878525861480739
598.0 0.0009423354640603065
599.0 0.0015876277757342905
600.0 0.002232919905509334
601.0 0.0025898305466398597
602.0 0.0029467411877703853
603.0 0.002453918023093138
604.0 0.0019610948584158905
605.0 0.0015431998690473847
606.0 0.0011253049706283491
607.0 0.0010736765034380369
608.0 0.0010220481271971948
609.0 0.0007110565093171317
610.0 0.0004000648459623335
611.0 0.0005998215783620253
612.0 0.0007995783562364522
613.0 0.0007781671229167841
614.0 0.0007567557986476459
615.0 0.0008588665878050961
616.0 0.0009609774679120164
617.0 0.0008895200153347105
618.0 0.0008180626537068747
619.0 0.00041615362533775624
620.0 1.4244707813304558e-05
621.0 0.00036268677376938285
622.0 0.0007111287686711876
623.0 0.000727408223610837
624.0 0.0007436877240252215
625.0 0.0007866167834436055
626.0 0.0008295457519125193
627.0 0.000900770646694582
628.0 0.0009719954505271744
629.0 0.0010744764040282462
630.0 0.0011769574484787881
631.0 0.0015635725503670983
632.0 0.0019501876522554085
633.0 0.0021017589460825548
634.0 0.002253330239909701
635.0 0.0025347706468892284
636.0 0.0028162108719698153
637.0 0.0024532981115044095
638.0 0.0020903851691400632
639.0 0.0013867378584109247
640.0 0.0006830902748333756
641.0 0.0008648497896501794
642.0 0.0010466092135175131
643.0 0.0007138527507777326
644.0 0.0003810962653005845
645.0 0.0003303209723526379
646.0 0.00027954563392995624
647.0 0.0001310779794039263
648.0 1.6537399704849576e-10
649.0 0.00010013662858909811
650.0 0.0002176628413508297
651.0 0.0005974443411105312
652.0 0.0009772258636076003
653.0 0.001293508739763638
654.0 0.0016097910702228546
655.0 0.0017356907846988179
656.0 0.0018615903172758408
657.0 0.0028227232178323902
658.0 0.0037838566640857607
659.0 0.004151211032876745
660.0 0.004518565037869848
661.0 0.004343731779954396
662.0 0.004168898522038944
663.0 0.0030744111427338794
664.0 0.0019799235815298744
665.0 0.0016138495993800461
666.0 0.001247775162482867
667.0 0.0012891018741356675
668.0 0.0013304284948389977
669.0 0.0007890987944847438
670.0 0.00024776918507996015
671.0 0.0004207038728054613
672.0 0.0005936385150562273
673.0 0.0005221454102866119
674.0 0.0004506523055169964
675.0 0.0007526958142989315
676.0 0.0010547391866566613
677.0 0.0018432630895404145
678.0 0.0026317873562220484
679.0 0.002523944203858264
680.0 0.002416101051494479
681.0 0.0033894968510139734
682.0 0.004362892286735587
683.0 0.006180526543175802
684.0 0.007998160435818136
685.0 0.008814585453364998
686.0 0.009631012653699145
687.0 0.00854154786793515
688.0 0.00745208453736268
689.0 0.005842103564646095
690.0 0.004232122955727391
691.0 0.0037949121178826317
692.0 0.0033577012800378725
693.0 0.003065273631364107
694.0 0.0027728459826903418
695.0 0.0024228244001278654
696.0 0.0020728031813632697
697.0 0.0015029992937343195
698.0 0.0009331954061053693
699.0 0.0006277359261730453
700.0 0.0003222764007659862
701.0 0.0003926389581465628
702.0 0.0004630015155271394
703.0 0.0007004188319115201
704.0 0.000937836284720106
705.0 0.0009895832590700593
706.0 0.0010413306881673634
707.0 0.0009594258699507918
708.0 0.0008775206879363395
709.0 0.0007380698662018403
710.0 0.0005986189989926061
711.0 0.0006754162768629612
712.0 0.0007522133728343761
713.0 0.0007745239599898923
714.0 0.0007968345926201437
715.0 0.000722863660485018
716.0 0.0006488926828751573
717.0 0.000595726714891498
718.0 0.0005425607014331035
719.0 0.0004915500085189706
720.0 0.0004405393156048376
721.0 0.00043388836274971254
722.0 0.0004272373644198524
723.0 0.0004712297140940791
724.0 0.0005152220182935707
725.0 0.0004219426500640111
726.0 0.00032866312267287867
727.0 0.00044299995352048427
728.0 0.0005573368980549276
729.0 0.0003527681201376254
730.0 0.00014819943316979334
731.0 0.0001631064719731512
732.0 0.00017801356761992793
733.0 0.00013079734344501048
734.0 8.358119316653756e-05
735.0 0.00031798003874428105
736.0 0.0005523789241124177
737.0 0.0006539945388794877
738.0 0.0007556101081718225
739.0 0.000653484312351793
740.0 0.0005513583346328232
741.0 0.0010340477274439763
742.0 0.0015167371202551294
743.0 0.002166243393730838
744.0 0.0028157492124591954
745.0 0.003560665572877042
746.0 0.004305581023800187
747.0 0.0047820358304306865
748.0 0.005258490273263305
749.0 0.004449228072189726
750.0 0.003639966598711908
751.0 0.0032428946724394336
752.0 0.00284582310996484
753.0 0.002359329846512992
754.0 0.0018728365830611438
755.0 0.0021673849914805032
756.0 0.0024619339455966838
757.0 0.0020599643903551623
758.0 0.0016579946532147005
759.0 0.0012917531421408057
760.0 0.0009255116310669109
761.0 0.0011844289474538527
762.0 0.0014433463547902647
763.0 0.0011389235623937566
764.0 0.0008345006790477782
765.0 0.0008475382855976932
766.0 0.0008605759830970783
767.0 0.0006715328709105961
768.0 0.00048248962229990866
769.0 0.0005443668214866193
770.0 0.0006062437478249194
771.0 0.0004224697931931587
772.0 0.00023869563392509008
773.0 0.00021969922272546683
774.0 0.00020070274331374094
775.0 0.0002917023948612041
776.0 0.00038270200093393214
777.0 0.0004499058832152514
778.0 0.0005171095835976303
779.0 0.0007998397450137418
780.0 0.0010825699064298533
781.0 0.0011069128049712162
782.0 0.0011312559763609897
783.0 0.001010406413115561
784.0 0.0008895565770217218
785.0 0.00106914840216632
786.0 0.0012487399544625077
787.0 0.001089120178221492
788.0 0.0009295004019804765
789.0 0.0009505411981081124
790.0 0.0009715819942357484
791.0 0.0009106166544370353
792.0 0.000849651223688852
793.0 0.0002112737547577126
794.0 1.6537399704849576e-10
795.0 1.6537399704849576e-10
796.0 9.093354833566991e-05
797.0 0.0003135817451038747
798.0 0.0005362299361877376
799.0 0.00025865381303447066
800.0 1.6537399704849576e-10
801.0 1.6537399704849576e-10
802.0 1.6537399704849576e-10
803.0 1.6537399704849576e-10
804.0 1.6537399704849576e-10
805.0 1.6537399704849576e-10
806.0 1.6537399704849576e-10
807.0 1.6537399704849576e-10
808.0 1.6537399704849576e-10
809.0 1.6537399704849576e-10
810.0 0.00027070245778304525
811.0 0.00013055058616373572
812.0 1.6537399704849576e-10
813.0 0.00025367960461153416
814.0 0.0005169604719412746
815.0 0.00045453975872078445
816.0 0.0003921190909750294
817.0 0.00033812921174103394
818.0 0.00028413935524440603
819.0 0.0001544357587590639
820.0 2.4732196379773086e-05
821.0 1.6537399704849576e-10
822.0 1.6537399704849576e-10
823.0 1.6537399704849576e-10
824.0 1.6537399704849576e-10
825.0 1.6537399704849576e-10
826.0 1.6537399704849576e-10
827.0 0.00022602810076932656
828.0 0.0005681226411979878
829.0 0.0004920579613099108
830.0 0.00041599369069444947
831.0 1.6537399704849576e-10
832.0 1.6537399704849576e-10
833.0 1.6537399704849576e-10
834.0 1.6537399704849576e-10
835.0 1.6537399704849576e-10
836.0 0.00013224932899902342
837.0 1.6537399704849576e-10
838.0 1.6537399704849576e-10
839.0 1.6537399704849576e-10
840.0 1.6537399704849576e-10
841.0 1.6537399704849576e-10
842.0 0.0001944462383107748
843.0 1.5157803545662318e-05
844.0 1.6537399704849576e-10
845.0 1.6537399704849576e-10
846.0 0.00011802650305980933
847.0 0.00017497322915005498
848.0 0.00023191989839688176
849.0 0.00029937978069938254
850.0 0.00036683957205241313
851.0 0.0002801841446853359
852.0 0.0001935288082677289
853.0 0.0003473227934591705
854.0 0.0005011168013879796
855.0 0.0005060724106442649
856.0 0.0005110280199005501
857.0 0.000563867979508359
858.0 0.0006167079391161678
859.0 0.0008476147741021123
860.0 0.0010785216545627918
861.0 0.0009684450560598634
862.0 0.0008583686394558754
863.0 0.001033725948218489
864.0 0.0012090832569811027
865.0 0.0016789999790489674
866.0 0.002148916610167362
867.0 0.002052885974990204
868.0 0.0019568555217119865
869.0 0.0019447403246886097
870.0 0.0019326247638673522
871.0 0.0018299093426321633
872.0 0.0017271939213969745
873.0 0.001742054519127123
874.0 0.001756914753059391
