lsstCam/transmission_filter_detector/r20_s22/r_57/19700101T000000.ecsv
# %ECSV 1.0
# ---
# datatype:
# - {name: wavelength, unit: nm, datatype: float32}
# - {name: efficiency, unit: '%', datatype: float64}
# meta: !!omap
# - {MODE: DETECTOR}
# - {TYPE: transmission_filter_detector}
# - {CALIBDATE: '1970-01-01T00:00:00'}
# - {INSTRUME: LSSTCam}
# - {OBSTYPE: transmission_filter_detector}
# - {CALIBCLS: lsst.ip.isr.IntermediateFilterDetectorTransmissionCurve}
# - {SOURCE: Materion (DM-46256)}
# - {DETECTOR: 80}
# - {FILTER: r_57}
# - {CALIB_ID: 'calibDate=1970-01-01T00:00:00 filter=r_57 detector=80'}
# - {DATE: '2025-04-02T15:59:44.553265'}
# - {CALIB_CREATION_DATE: '2025-04-02'}
# - {CALIB_CREATION_TIME: '15:59:44'}
# - __serialized_columns__:
#     efficiency:
#       __class__: astropy.units.quantity.Quantity
#       unit: !astropy.units.Unit {unit: '%'}
#       value: !astropy.table.SerializedColumn {name: efficiency}
#     wavelength:
#       __class__: astropy.units.quantity.Quantity
#       unit: !astropy.units.Unit {unit: nm}
#       value: !astropy.table.SerializedColumn {name: wavelength}
# schema: astropy-2.0
wavelength efficiency
300.0 0.0020685492927441373
301.0 0.004829751560464501
302.0 0.007590953464386985
303.0 0.010228753671981394
304.0 0.012866554607171565
305.0 0.011265953799011186
306.0 0.009665352990850806
307.0 0.008601822628406808
308.0 0.0075382908107712865
309.0 0.007011144771240652
310.0 0.0064839965489227325
311.0 0.005879753371118568
312.0 0.005275508374325
313.0 0.005285482984618284
314.0 0.005295457958709449
315.0 0.005228020017966628
316.0 0.005160581713425927
317.0 0.004904040179098956
318.0 0.0046474964619847015
319.0 0.004175429421593435
320.0 0.0037033601984148845
321.0 0.003246489359298721
322.0 0.002789616337395273
323.0 0.0027163179765921086
324.0 0.0026430203433847055
325.0 0.0026342302589910105
326.0 0.002625440538395196
327.0 0.0024798191589070484
328.0 0.002334197961317841
329.0 0.0022940130293136463
330.0 0.0022538280973094516
331.0 0.0020153174773440696
332.0 0.0017768068573786877
333.0 0.0016202260667341761
334.0 0.0014636452760896645
335.0 0.0013758255590801127
336.0 0.0012880057511210907
337.0 0.0011231201824557502
338.0 0.0009582346137904096
339.0 0.0009541785402689129
340.0 0.0009501224667474162
341.0 0.0009716949534777086
342.0 0.0009932676221069414
343.0 0.0009594382390787359
344.0 0.0009256088560505304
345.0 0.0008841463568387553
346.0 0.0008426836757280398
347.0 0.0008461111974611413
348.0 0.0008495389010931831
349.0 0.0008463224730803631
350.0 0.0040518549212720245
351.0 0.005401597081799991
352.0 0.006751339242327958
353.0 0.006732877227477729
354.0 0.006714415940223262
355.0 0.005373917156248353
356.0 0.0040334190998692065
357.0 0.00474670268886257
358.0 0.005459986641653813
359.0 0.004920536593999714
360.0 0.004381086546345614
361.0 0.003362900679348968
362.0 0.0023447146304533817
363.0 0.002673127892194316
364.0 0.0030015409720363095
365.0 0.0026900286684394814
366.0 0.002378516728640534
367.0 0.0026813566364580765
368.0 0.0029841961804777384
369.0 0.003005637336173095
370.0 0.003027078309969511
371.0 0.002971479443658609
372.0 0.0029158803954487666
373.0 0.0027607517040451057
374.0 0.0026056228307425044
375.0 0.0020461500753299333
376.0 0.0014866774108668324
377.0 0.0018650940546649508
378.0 0.00224351097131148
379.0 0.0018872859072871506
380.0 0.0015310613889596425
381.0 0.0020202918676659465
382.0 0.002509522528271191
383.0 0.003084377385675907
384.0 0.0036592322430806234
385.0 0.004532489401753992
386.0 0.00540574656042736
387.0 0.00475115048175212
388.0 0.00409655476687476
389.0 0.003426267358008772
390.0 0.0027559792215470225
391.0 0.0022463429559138604
392.0 0.0017367072359775193
393.0 0.0016513493392267264
394.0 0.0015659912605769932
395.0 0.0011787580660893582
396.0 0.0007915248716017231
397.0 0.0006778009264962748
398.0 0.000564077299713972
399.0 0.0005863991646037903
400.0 0.0006087209385441383
401.0 0.0004336089205025928
402.0 0.0002584966068752692
403.0 0.00036085432384425076
404.0 0.00046321210902533494
405.0 0.0009627025065128691
406.0 0.001462192722101463
407.0 0.0016006808436941355
408.0 0.001739168874337338
409.0 0.001295857236982556
410.0 0.0008525456905772444
411.0 0.0007851621376175899
412.0 0.0007177786756074056
413.0 0.0008992975381261203
414.0 0.0010808166734932456
415.0 0.0013159184163669124
416.0 0.0015510206139879301
417.0 0.0015268775314325467
418.0 0.0015027345398266334
419.0 0.0020456129277590662
420.0 0.0025884910428430885
421.0 0.00399641903641168
422.0 0.005404346666182391
423.0 0.008467512088827789
424.0 0.011530675692483783
425.0 0.015495876141358167
426.0 0.019461073679849505
427.0 0.019901219638995826
428.0 0.02034136705333367
429.0 0.01576188951730728
430.0 0.01118241052608937
431.0 0.007810629904270172
432.0 0.004438848554855213
433.0 0.003451831071288325
434.0 0.0024648137696203776
435.0 0.0020484041669988073
436.0 0.0016319947462761775
437.0 0.0012226541002746671
438.0 0.0008133138180710375
439.0 0.0008035528480831999
440.0 0.0007937918780953623
441.0 0.001002512999548344
442.0 0.0012112341210013255
443.0 0.0016023053831304424
444.0 0.0019933768271584995
445.0 0.001884005541796796
446.0 0.001774634438334033
447.0 0.0015606741726514883
448.0 0.0013467141798173543
449.0 0.001256350788025884
450.0 0.0011659872143354733
451.0 0.0013206282346800435
452.0 0.0014752689821762033
453.0 0.001621769115445204
454.0 0.0017682688849163242
455.0 0.001572683140693698
456.0 0.0013770978512184229
457.0 0.001006069032882806
458.0 0.0006350401235977188
459.0 0.0008598141903348733
460.0 0.0010845882570720278
461.0 0.0016109286661958322
462.0 0.0021372690753196366
463.0 0.0029045160772511736
464.0 0.003671763261081651
465.0 0.004683104634750634
466.0 0.005694445280823857
467.0 0.0062680046539753675
468.0 0.0068415640271268785
469.0 0.005918370516155846
470.0 0.004995177368982695
471.0 0.0038172413042047992
472.0 0.0026393048756290227
473.0 0.0020016525013488717
474.0 0.0013639999451697804
475.0 0.0010942575499939267
476.0 0.0008245153367170133
477.0 0.0008102691026579123
478.0 0.0007960228685988113
479.0 0.0008452069778286386
480.0 0.0008943909961089958
481.0 0.0007542205821664538
482.0 0.0006140502591733821
483.0 0.0006370330538629787
484.0 0.0006600158030778402
485.0 0.000678383821650641
486.0 0.0006967518856981769
487.0 0.0005148859600012656
488.0 0.00033302003430435434
489.0 0.0004852351594308857
490.0 0.000637450239082682
491.0 0.0007245570941449841
492.0 0.0008116639946820214
493.0 0.0009147903256234713
494.0 0.0010179167475143913
495.0 0.0009626682185626123
496.0 0.000907419507711893
497.0 0.0009888996828522068
498.0 0.0010703797670430504
499.0 0.0011260089195275214
500.0 0.0011816383448604029
501.0 0.0012781522855220828
502.0 0.0013746662261837628
503.0 0.0017820113498601131
504.0 0.002189356200688053
505.0 0.002665531610546168
506.0 0.0031417068385053426
507.0 0.0038467598642455414
508.0 0.004551813253783621
509.0 0.004955996337230317
510.0 0.005360180148272775
511.0 0.0049255104386247694
512.0 0.004490840728976764
513.0 0.003768240276258439
514.0 0.0030456400054390542
515.0 0.002848176154657267
516.0 0.00265071248577442
517.0 0.0026373149012215436
518.0 0.0026239171347697265
519.0 0.021130646928213537
520.0 0.10332399979233742
521.0 0.13236142694950104
522.0 0.12766133295372128
523.0 0.10026238160207868
524.0 0.0756154302507639
525.0 0.06035949336364865
526.0 0.10854831198230386
527.0 0.11019014054909348
528.0 0.10904696537181735
529.0 0.14719790779054165
530.0 0.2273223828524351
531.0 0.15940273879095912
532.0 0.233378610573709
533.0 0.26900393422693014
534.0 0.3260030644014478
535.0 0.45674731954932213
536.0 0.6506389006972313
537.0 0.9438303299248219
538.0 1.3819311745464802
539.0 2.207576483488083
540.0 3.5281389951705933
541.0 5.267887189984322
542.0 7.587375491857529
543.0 10.588165372610092
544.0 14.109887182712555
545.0 18.15655082464218
546.0 23.18282127380371
547.0 29.36345934867859
548.0 36.850398778915405
549.0 45.07937729358673
550.0 51.83563828468323
551.0 59.66223478317261
552.0 65.24731516838074
553.0 70.2513039112091
554.0 74.74464774131775
555.0 78.52680087089539
556.0 82.3337197303772
557.0 85.24060249328613
558.0 88.26668858528137
559.0 91.44272804260254
560.0 92.39969253540039
561.0 94.36288475990295
562.0 95.16931772232056
563.0 95.21599411964417
564.0 95.48469185829163
565.0 94.8964536190033
566.0 96.01073265075684
567.0 94.97066140174866
568.0 95.47404050827026
569.0 96.26011848449707
570.0 95.67024111747742
571.0 96.50418758392334
572.0 96.5075433254242
573.0 96.9316840171814
574.0 96.5065062046051
575.0 96.58843278884888
576.0 97.05596566200256
577.0 97.13865518569946
578.0 96.96783423423767
579.0 96.94424867630005
580.0 96.6158390045166
581.0 96.33345603942871
582.0 96.59492373466492
583.0 96.47929668426514
584.0 96.08603119850159
585.0 96.69867157936096
586.0 96.24064564704895
587.0 96.13376259803772
588.0 96.45100235939026
589.0 96.96068167686462
590.0 96.4931070804596
591.0 95.51218152046204
592.0 96.07532620429993
593.0 95.74692845344543
594.0 95.6735372543335
595.0 95.9882140159607
596.0 97.0768392086029
597.0 97.11222052574158
598.0 96.7811644077301
599.0 96.83998227119446
600.0 96.50943279266357
601.0 95.76277136802673
602.0 96.48104906082153
603.0 96.27253413200378
604.0 96.29566073417664
605.0 96.43856883049011
606.0 96.29611372947693
607.0 96.19193077087402
608.0 96.3929295539856
609.0 95.3775703907013
610.0 95.66905498504639
611.0 95.7068920135498
612.0 95.81996202468872
613.0 96.69939875602722
614.0 96.73713445663452
615.0 95.92897295951843
616.0 96.65672779083252
617.0 96.10726237297058
618.0 96.36231064796448
619.0 96.84364795684814
620.0 95.71242928504944
621.0 95.5302894115448
622.0 96.47043347358704
623.0 96.51456475257874
624.0 96.4532196521759
625.0 96.65887951850891
626.0 95.94978094100952
627.0 94.97653245925903
628.0 97.05023765563965
629.0 95.47480940818787
630.0 96.44560217857361
631.0 95.56829929351807
632.0 96.55876755714417
633.0 96.22170925140381
634.0 96.05522155761719
635.0 96.05398178100586
636.0 95.66255211830139
637.0 95.39241790771484
638.0 95.14521956443787
639.0 95.23348212242126
640.0 95.42675018310547
641.0 95.47252655029297
642.0 95.71858644485474
643.0 95.91930508613586
644.0 96.0343599319458
645.0 95.80098986625671
646.0 95.89701890945435
647.0 96.96919322013855
648.0 96.48714661598206
649.0 95.62980532646179
650.0 96.42784595489502
651.0 96.51967287063599
652.0 96.76409959793091
653.0 95.81570625305176
654.0 96.44591808319092
655.0 96.46873474121094
656.0 95.53747177124023
657.0 95.8275556564331
658.0 96.21446132659912
659.0 96.52819633483887
660.0 95.30700445175171
661.0 95.45746445655823
662.0 95.77520489692688
663.0 95.29253840446472
664.0 95.61648964881897
665.0 95.27204632759094
666.0 95.31134963035583
667.0 95.69122791290283
668.0 94.82238292694092
669.0 95.53301930427551
670.0 95.35938501358032
671.0 95.62921524047852
672.0 95.29150128364563
673.0 95.19062042236328
674.0 94.99427676200867
675.0 95.4427719116211
676.0 95.17496228218079
677.0 94.00279521942139
678.0 93.43450665473938
679.0 92.6728904247284
680.0 92.15092658996582
681.0 90.71559309959412
682.0 88.32061886787415
683.0 86.41088008880615
684.0 82.65978693962097
685.0 79.68012690544128
686.0 75.9202241897583
687.0 71.33946418762207
688.0 66.86093807220459
689.0 62.68410682678223
690.0 57.4425995349884
691.0 53.36192846298218
692.0 48.50052893161774
693.0 44.40142512321472
694.0 39.42346274852753
695.0 34.19618606567383
696.0 29.133379459381104
697.0 23.857589066028595
698.0 18.132540583610535
699.0 13.353689014911652
700.0 9.61863100528717
701.0 6.1333488672971725
702.0 3.9020437747240067
703.0 2.204589731991291
704.0 1.3062558136880398
705.0 0.7536469027400017
706.0 0.47975308261811733
707.0 0.251740706153214
708.0 0.17857621423900127
709.0 0.1684991642832756
710.0 0.13069623382762074
711.0 0.08201607852242887
712.0 0.06855019018985331
713.0 0.08126660250127316
714.0 0.013133970787748694
715.0 0.05776287289336324
716.0 0.07664213771931827
717.0 0.04822439223062247
718.0 0.029083900153636932
719.0 1.6099688856380245e-10
720.0 1.6099688856380245e-10
721.0 0.004741012890008278
722.0 0.004370104943518527
723.0 0.003999197360826656
724.0 0.0037325113225961104
725.0 0.0034658252843655646
726.0 0.0032173174986382946
727.0 0.002968809894809965
728.0 0.0028405702323652804
729.0 0.002712330751819536
730.0 0.0025546476535964757
731.0 0.0023969645553734154
732.0 0.0023272688849829137
733.0 0.0022575733964913525
734.0 0.002174302062485367
735.0 0.0020910307284793817
736.0 0.0019430308384471573
737.0 0.001795030948414933
738.0 0.0017266671420657076
739.0 0.0016583033357164823
740.0 0.0016031348422984593
741.0 0.0015479665307793766
742.0 0.0014230368833523244
743.0 0.001298107144975802
744.0 0.001429168514732737
745.0 0.001560229793540202
746.0 0.0013861361367162317
747.0 0.0012120422070438508
748.0 0.0011977438589383382
749.0 0.0011834454198833555
750.0 0.0011482014087960124
751.0 0.00111295776150655
752.0 0.0011344647646183148
753.0 0.0011559720405784901
754.0 0.0011610966794250999
755.0 0.0011662214092211798
756.0 0.0010813309927470982
757.0 0.0009964405762730166
758.0 0.0009884296559903305
759.0 0.0009804187357076444
760.0 0.0009674479770183098
761.0 0.0009544772183289751
762.0 0.0009704380317998584
763.0 0.0009863991181191523
764.0 0.0010546104931563605
765.0 0.0011228217772440985
766.0 0.0009369497092848178
767.0 0.0007510774139518617
768.0 0.0007004574854363455
769.0 0.0006498373750218889
770.0 0.0006859517725388287
771.0 0.0007220660791062983
772.0 0.0007969959369802382
773.0 0.0008719256584299728
774.0 0.0009566329936205875
775.0 0.0010413403288112022
776.0 0.001059049191098893
777.0 0.0010767582352855243
778.0 0.0009683713869890198
779.0 0.000859984902490396
780.0 0.0008011539648578037
781.0 0.0007423233000736218
782.0 0.0008221248208428733
783.0 0.0009019265235110652
784.0 0.0008468871783406939
785.0 0.0007918478331703227
786.0 0.0007560804988315795
787.0 0.0007203131644928362
788.0 0.0006312171990430215
789.0 0.0005421212790679419
790.0 0.0006674845735687995
791.0 0.0007928479135443922
792.0 0.0008142525985022075
793.0 0.0008356571925105527
794.0 0.0008405448170378804
795.0 0.0008454324415652081
796.0 0.0006986822427279549
797.0 0.0005519319984159665
798.0 0.0006952142484806245
799.0 0.0008384966349694878
800.0 0.0008673882803122979
801.0 0.0008962797437561676
802.0 0.0008347817129106261
803.0 0.0007732835911156144
804.0 0.000728004306438379
805.0 0.0006827250217611436
806.0 0.0006564286650245776
807.0 0.0006301322173385415
808.0 0.0006400690381269669
809.0 0.0006500057679659221
810.0 0.0006571992798853898
811.0 0.0006643928372795926
812.0 0.0006121697879279964
813.0 0.0005599466476269299
814.0 0.0005159422016731696
815.0 0.0004719378466688795
816.0 0.0006474800557043636
817.0 0.000823022401164053
818.0 0.0006448709427786525
819.0 0.0004667193934437819
820.0 0.0004778605216415599
821.0 0.0004890016498393379
822.0 0.0005558864813792752
823.0 0.0006227713129192125
824.0 0.0005418623004516121
825.0 0.0004609532425092766
826.0 0.0004900980911770603
827.0 0.0005192429398448439
828.0 0.000478558240502025
829.0 0.0004378734502097359
830.0 0.00021234434370853705
831.0 1.6099688856380245e-10
832.0 1.6099688856380245e-10
833.0 1.6099688856380245e-10
834.0 1.6099688856380245e-10
835.0 0.0001094890990316344
836.0 0.0002267809350087191
837.0 0.0003440728050918551
838.0 0.0006899922027514549
839.0 0.0010359116458857898
840.0 0.0013747640878136735
841.0 0.0017136166206910275
842.0 0.002017093538597692
843.0 0.002320571002201177
844.0 0.002203548137913458
845.0 0.0020865254555246793
846.0 0.0019763543605222367
847.0 0.0018661829017219134
848.0 0.001855331902334001
849.0 0.0018444805391482078
850.0 0.001724633330013603
851.0 0.0016047861208789982
852.0 0.0014249493688112125
853.0 0.0012451124348444864
854.0 0.0010437186574563384
855.0 0.00084232469816925
856.0 0.0006641399977524998
857.0 0.0004859552063862793
858.0 0.000510374411533121
859.0 0.0005347936621546978
860.0 0.00043882041609322187
861.0 0.00034284712455701083
862.0 0.0003429575144764385
863.0 0.00034306788165849866
864.0 0.0002588931010905071
865.0 0.00017471837736593443
866.0 0.00013669161944562802
867.0 9.866481605058652e-05
868.0 8.637909445496916e-05
869.0 7.40933330689586e-05
870.0 3.250721647418686e-05
871.0 1.6099688856380245e-10
872.0 1.6099688856380245e-10
873.0 1.6099688856380245e-10
874.0 1.6099688856380245e-10
875.0 1.6099688856380245e-10
876.0 2.4741813930972967e-06
877.0 7.380178317362152e-05
878.0 0.00010240017900287057
879.0 0.0001309985918851453
880.0 0.000159973285462911
881.0 0.00018894796767199296
882.0 0.00019646736291178968
883.0 0.00020398674678290263
884.0 7.939942747725581e-05
885.0 1.6099688856380245e-10
886.0 6.612733045585628e-05
887.0 0.00017744256410878734
888.0 0.00021319283405318856
889.0 0.0002489431381036411
890.0 0.00016564058569201734
891.0 8.2338061702103e-05
892.0 1.6099688856380245e-10
893.0 1.6099688856380245e-10
894.0 1.6099688856380245e-10
895.0 7.789546430103655e-05
896.0 3.0146725293889176e-05
897.0 1.6099688856380245e-10
898.0 5.669813845088356e-05
899.0 0.00013099825082463212
900.0 9.970505061573931e-05
