lsstCam/transmission_filter_detector/r20_s22/r_57/19700101T000000.ecsv
# %ECSV 1.0
# ---
# datatype:
# - {name: wavelength, unit: nm, datatype: float32}
# - {name: efficiency, unit: '%', datatype: float64}
# meta: !!omap
# - {MODE: DETECTOR}
# - {TYPE: transmission_filter_detector}
# - {CALIBDATE: '1970-01-01T00:00:00'}
# - {INSTRUME: LSSTCam}
# - {OBSTYPE: transmission_filter_detector}
# - {CALIBCLS: lsst.ip.isr.IntermediateFilterDetectorTransmissionCurve}
# - {SOURCE: Materion (DM-46256)}
# - {DETECTOR: 80}
# - {FILTER: r_57}
# - {CALIB_ID: 'calibDate=1970-01-01T00:00:00 filter=r_57 detector=80'}
# - {DATE: '2025-04-02T15:59:44.553265'}
# - {CALIB_CREATION_DATE: '2025-04-02'}
# - {CALIB_CREATION_TIME: '15:59:44'}
# - __serialized_columns__:
#     efficiency:
#       __class__: astropy.units.quantity.Quantity
#       unit: !astropy.units.Unit {unit: '%'}
#       value: !astropy.table.SerializedColumn {name: efficiency}
#     wavelength:
#       __class__: astropy.units.quantity.Quantity
#       unit: !astropy.units.Unit {unit: nm}
#       value: !astropy.table.SerializedColumn {name: wavelength}
# schema: astropy-2.0
wavelength efficiency
[from data line 602]
902.0 8.29846555916447e-06
903.0 1.6099688856380245e-10
904.0 1.6099688856380245e-10
905.0 1.6099688856380245e-10
906.0 1.6099688856380245e-10
907.0 5.0389223815727746e-05
908.0 6.527024538627302e-05
909.0 8.015125558813452e-05
910.0 1.681602981307151e-05
911.0 1.6099688856380245e-10
912.0 1.6099688856380245e-10
913.0 2.6432334720993822e-05
914.0 3.332144444812002e-05
915.0 4.021054564873339e-05
916.0 3.23106462474243e-05
917.0 2.441074968828616e-05
918.0 0.00012767634416377405
919.0 0.0002309418960066978
920.0 0.00014530314729199745
921.0 5.966438152427145e-05
922.0 0.0001267819698114181
923.0 0.00019389954104553908
924.0 0.0001788748932085582
925.0 0.00016385022263420979
926.0 0.00013925933899372467
927.0 0.00011466844398455578
928.0 0.0001701834776213218
929.0 0.00022569849988940405
930.0 0.00022518263449455844
931.0 0.00022466679183708038
932.0 0.000131026149574609
933.0 3.7385535733847064e-05
934.0 3.578006442239712e-05
935.0 3.4174607321801886e-05
936.0 9.537620826449711e-05
937.0 0.00015657778931199573
938.0 0.0001502439658906951
939.0 0.00014391014246939449
940.0 0.00017388143760399544
941.0 0.0002038526872638613
942.0 0.00034322592910029925
943.0 0.0004825991709367372
944.0 0.0003857246156258043
945.0 0.00028885010578960646
946.0 0.0003046593064937042
947.0 0.0003204685299351695
948.0 0.0003162341499773902
949.0 0.0003119998837064486
950.0 0.0003964985353377415
951.0 0.0004809971869690344
952.0 0.0006392465365934186
953.0 0.0007974960681167431
954.0 0.0010279364687448833
955.0 0.001258377142221434
956.0 0.0013991781997901853
957.0 0.0015399791664094664
958.0 0.0016751630028011277
959.0 0.0018103470210917294
960.0 0.0019311219148221426
961.0 0.0020518968085525557
962.0 0.002240815410914365
963.0 0.0024297340132761747
964.0 0.0024375432985834777
965.0 0.0024453522200929
966.0 0.0024581468096585013
967.0 0.002470941035426222
968.0 0.0024740702428971417
969.0 0.0024771994503680617
970.0 0.002503403266018722
971.0 0.002529607263568323
972.0 0.0026367861210019328
973.0 0.0027439649784355424
974.0 0.0029419396014418453
975.0 0.003139914042549208
976.0 0.003166446549585089
977.0 0.003192978329025209
978.0 0.003131756602670066
979.0 0.003070534876314923
980.0 0.0030555638659279794
981.0 0.003040592491743155
982.0 0.0030647730454802513
983.0 0.003088953599217348
984.0 0.002953389412141405
985.0 0.002817825043166522
986.0 0.0027494084861245938
987.0 0.0026809919290826656
988.0 0.0025584840841474943
989.0 0.0024359766030102037
990.0 0.0024756100174272433
991.0 0.002515243431844283
992.0 0.0025840356101980433
993.0 0.002652827970450744
994.0 0.0026722347683971748
995.0 0.002691641202545725
996.0 0.002748616134340409
997.0 0.002805590884236153
998.0 0.0029589475161628798
999.0 0.003112303966190666
1000.0 0.003202717562089674
1001.0 0.003293131521786563
1002.0 0.0035070865123998374
1003.0 0.0037210418668109924
1004.0 0.003770569310290739
1005.0 0.003820096389972605
1006.0 0.004007676398032345
1007.0 0.004195256406092085
1008.0 0.004192594860796817
1009.0 0.004189933315501548
1010.0 0.004177137452643365
1011.0 0.004164341953583062
1012.0 0.00410498796554748
1013.0 0.004045633613714017
1014.0 0.0038593236240558326
1015.0 0.0036730132705997676
1016.0 0.0034550361306173727
1017.0 0.0032370593544328585
1018.0 0.002917148231063038
1019.0 0.0025972374714910984
1020.0 0.002210547427239362
1021.0 0.0018238575648865663
1022.0 0.0015847816030145623
1023.0 0.0013457057320920285
1024.0 0.001345108921668725
1025.0 0.0013445122021948919
1026.0 0.0012397536011121701
1027.0 0.0011349950909789186
1028.0 0.0010469537301105447
1029.0 0.0009589122782927006
1030.0 0.000868245024321368
1031.0 0.0007775775884510949
1032.0 0.0007921098585939035
1033.0 0.0008066419468377717
1034.0 0.0006741155175404856
1035.0 0.0005415889063442592
1036.0 0.0006853696504549589
1037.0 0.0008291502126667183
1038.0 0.000823494883661624
1039.0 0.0008178394637070596
1040.0 0.0007139577064663172
1041.0 0.0006100760401750449
1042.0 0.0006958856374694733
1043.0 0.0007816950528649613
1044.0 0.0008026481737033464
1045.0 0.0008236014764406718
1046.0 0.000834796537674265
1047.0 0.0008459918717562687
1048.0 0.0007701954928052146
1049.0 0.0006943991593288956
1050.0 0.0007063610155455535
1051.0 0.0007183228717622114
1052.0 0.0009091978427022696
1053.0 0.0011000724043697119
1054.0 0.000954050847212784
1055.0 0.0008080291081569158
1056.0 0.0007896167517174035
1057.0 0.0007712044862273615
1058.0 0.0008050086762523279
1059.0 0.0008388127753278241
1060.0 0.0010232923159492202
1061.0 0.0012077714927727357
1062.0 0.0013823844710714184
1063.0 0.0015569972674711607
1064.0 0.001331197654508287
1065.0 0.001105397768697003
1066.0 0.0013086827493680175
1067.0 0.0015119679119379725
1068.0 0.001650748890824616
1069.0 0.0017895294149639085
1070.0 0.0016142947060870938
1071.0 0.0014390600881597493
1072.0 0.0016484049410792068
1073.0 0.001857749703049194
1074.0 0.0020968311218894087
1075.0 0.002335912358830683
1076.0 0.002798522837110795
1077.0 0.0032611333153909072
1078.0 0.0035472301533445716
1079.0 0.003833326991298236
1080.0 0.0041352224798174575
1081.0 0.004437117604538798
1082.0 0.004306299524614587
1083.0 0.0041754814446903765
1084.0 0.004532176535576582
1085.0 0.004888871626462787
1086.0 0.004600824831868522
1087.0 0.004312777673476376
1088.0 0.004180147516308352
1089.0 0.00404751772293821
1090.0 0.0037107005482539535
1091.0 0.003373883373569697
1092.0 0.003670063233585097
1093.0 0.003966243457398377
1094.0 0.004052603981108405
1095.0 0.004138964868616313
1096.0 0.003445876791374758
1097.0 0.0027527888960321434
1098.0 0.0029197237381595187
1099.0 0.0030866587621858343
1100.0 0.0024659910195623524
1101.0 0.0018453225493431091
