lsstCam/transmission_filter_detector/r23_s11/y_10/19700101T000000.ecsv
# %ECSV 1.0
# ---
# datatype:
# - {name: wavelength, unit: nm, datatype: float32}
# - {name: efficiency, unit: '%', datatype: float64}
# meta: !!omap
# - {MODE: DETECTOR}
# - {TYPE: transmission_filter_detector}
# - {CALIBDATE: '1970-01-01T00:00:00'}
# - {INSTRUME: LSSTCam}
# - {OBSTYPE: transmission_filter_detector}
# - {CALIBCLS: lsst.ip.isr.IntermediateFilterDetectorTransmissionCurve}
# - {SOURCE: Materion (DM-46256)}
# - {DETECTOR: 103}
# - {FILTER: y_10}
# - {CALIB_ID: 'calibDate=1970-01-01T00:00:00 filter=y_10 detector=103'}
# - {DATE: '2025-04-02T15:59:51.220604'}
# - {CALIB_CREATION_DATE: '2025-04-02'}
# - {CALIB_CREATION_TIME: '15:59:51'}
# - __serialized_columns__:
#     efficiency:
#       __class__: astropy.units.quantity.Quantity
#       unit: !astropy.units.Unit {unit: '%'}
#       value: !astropy.table.SerializedColumn {name: efficiency}
#     wavelength:
#       __class__: astropy.units.quantity.Quantity
#       unit: !astropy.units.Unit {unit: nm}
#       value: !astropy.table.SerializedColumn {name: wavelength}
# schema: astropy-2.0
wavelength efficiency
300.0 0.24093510583043098
301.0 0.13216136721894145
302.0 0.02338761987630278
303.0 0.022903394710738212
304.0 0.022419173910748214
305.0 0.015956834249664098
306.0 0.009494492405792698
307.0 0.01330575905740261
308.0 0.01711702352622524
309.0 0.014416853082366288
310.0 0.011716681183315814
311.0 0.00889403818291612
312.0 0.006071394454920664
313.0 0.002858925836335402
314.0 1.5955325168709455e-10
315.0 0.0017953650967683643
316.0 0.003944275886169635
317.0 0.0031914554710965604
318.0 0.0024386334189330228
319.0 0.0023739867174299434
320.0 0.0023093396521289833
321.0 0.0027976273486274295
322.0 0.003285915227024816
323.0 0.004008498217444867
324.0 0.004731081207864918
325.0 0.002314645826118067
326.0 1.5955325168709455e-10
327.0 0.001101040470530279
328.0 0.002303870496689342
329.0 0.0028420528906281106
330.0 0.0033802352845668793
331.0 0.0028007360015180893
332.0 0.0022212369003682397
333.0 0.002610072260722518
334.0 0.0029989072572789155
335.0 0.0031102965294849128
336.0 0.003221685255994089
337.0 0.002892067641369067
338.0 0.002562449844845105
339.0 0.0016046296877902932
340.0 0.0006468094852607464
341.0 0.0006010457582306117
342.0 0.0005552818038268015
343.0 0.0009484599104325753
344.0 0.001341638017038349
345.0 0.001347713805444073
346.0 0.0013537898666982073
347.0 0.001429884105164092
348.0 0.0015059780707815662
349.0 0.0013440710063150618
350.0 0.001182163669000147
351.0 0.0016690915799699724
352.0 0.002156019581889268
353.0 0.0017348389519611374
354.0 0.0013136587767803576
355.0 0.0014136286154098343
356.0 0.001513598454039311
357.0 0.001526671439933125
358.0 0.0015397443348774686
359.0 0.001340018479822902
360.0 0.0011402925338188652
361.0 0.0011807852388301399
362.0 0.001221277670993004
363.0 0.0011244988854741678
364.0 0.0010277199180563912
365.0 0.0012867712030129042
366.0 0.0015458230336662382
367.0 0.0018222275684820488
368.0 0.0020986321032978594
369.0 0.001692572004685644
370.0 0.0012865119970228989
371.0 0.001454130051570246
372.0 0.001621748015168123
373.0 0.0019526009054970928
374.0 0.0022834537958260626
375.0 0.003235343683627434
376.0 0.004187233207630925
377.0 0.004181084659649059
378.0 0.004174936475465074
379.0 0.0035637145629152656
380.0 0.002952492650365457
381.0 0.0020952362319803797
382.0 0.0012379795407468919
383.0 0.0011461404028523248
384.0 0.0010543010830588173
385.0 0.0008633309334982187
386.0 0.0006723608294123551
387.0 0.0006977407338126795
388.0 0.0007231206836877391
389.0 0.0007281186753971269
390.0 0.0007331165761570446
391.0 0.000644814235783997
392.0 0.0005565118044614792
393.0 0.0006301404482655926
394.0 0.0007037691830191761
395.0 0.0006860859684820753
396.0 0.0006684027539449744
397.0 0.000857941631693393
398.0 0.0010474805094418116
399.0 0.0011448889381426852
400.0 0.0012422973668435588
401.0 0.0014366980394697748
402.0 0.0016310988939949311
403.0 0.0017116462913691066
404.0 0.0017921938706422225
405.0 0.0018163447748520412
406.0 0.0018404958609608002
407.0 0.001585715654073283
408.0 0.0013309356290847063
409.0 0.0010804297744471114
410.0 0.0008299237379105762
411.0 0.0010646850569173694
412.0 0.0012994462849746924
413.0 0.0007353615728789009
414.0 0.00017127680393969058
415.0 0.0005447952389658894
416.0 0.0009183137080981396
417.0 0.000607233596383594
418.0 0.0002961535756185185
419.0 1.5955325168709455e-10
420.0 1.5955325168709455e-10
421.0 1.5955325168709455e-10
422.0 7.593952204842935e-05
423.0 0.0006441061486839317
424.0 0.0012122727639507502
425.0 0.00018429858528179466
426.0 1.5955325168709455e-10
427.0 1.5955325168709455e-10
428.0 9.541230383547372e-05
429.0 1.5955325168709455e-10
430.0 1.5955325168709455e-10
431.0 1.5955325168709455e-10
432.0 0.0009285463420383167
433.0 0.0005441592293209396
434.0 0.0001597722871338192
435.0 6.713927405144204e-05
436.0 1.5955325168709455e-10
437.0 1.5955325168709455e-10
438.0 1.5955325168709455e-10
439.0 1.5955325168709455e-10
440.0 1.5955325168709455e-10
441.0 1.5955325168709455e-10
442.0 1.5955325168709455e-10
443.0 1.5955325168709455e-10
444.0 1.5955325168709455e-10
445.0 1.5955325168709455e-10
446.0 1.5955325168709455e-10
447.0 0.00034838044484786224
448.0 0.0007130284757295158
449.0 0.0005503905413206667
450.0 0.0003877524704876123
451.0 0.0002040381787082879
452.0 2.0324149829775706e-05
453.0 0.00010290665386492037
454.0 0.00018548918205851805
455.0 0.00019945673557231203
456.0 0.00021342407308111433
457.0 7.900654281911557e-05
458.0 1.5955325168709455e-10
459.0 1.5955325168709455e-10
460.0 1.5955325168709455e-10
461.0 0.00022860356239107205
462.0 0.0007223970897030085
463.0 0.0007707564691372681
464.0 0.0008191160304704681
465.0 0.0008459943273919635
466.0 0.000872872715262929
467.0 0.001158005943580065
468.0 0.0014431389899982605
469.0 0.0016992316886899062
470.0 0.0019553241145331413
471.0 0.0021481551812030375
472.0 0.002340985884075053
473.0 0.00264347399934195
474.0 0.0029459619327099063
475.0 0.002969900924654212
476.0 0.002993839734699577
477.0 0.0030255610909080133
478.0 0.00305728281091433
479.0 0.003577979077817872
480.0 0.004098675708519295
481.0 0.004260772766429
482.0 0.004422869096742943
483.0 0.004180036921752617
484.0 0.00393720438296441
485.0 0.00376541429432109
486.0 0.00359362420567777
487.0 0.0031483057682635263
488.0 0.002702987512748223
489.0 0.002429309461149387
490.0 0.0021556314095505513
491.0 0.001764775333867874
492.0 0.0013739195310336072
493.0 0.0012850391613028478
494.0 0.001196159064420499
495.0 0.001274250553251477
496.0 0.0013523418601835147
497.0 0.0017109696273109876
498.0 0.002069597758236341
499.0 0.002313218283234164
500.0 0.0025568391720298678
501.0 0.0027616775696515106
502.0 0.002966516331071034
503.0 0.0029069875381537713
504.0 0.002847458563337568
505.0 0.0027532065359991975
506.0 0.002658954690559767
507.0 0.002277972816955298
508.0 0.0018969907614518888
509.0 0.001976021667360328
510.0 0.0020550522094708867
511.0 0.002092905378958676
512.0 0.002130758366547525
513.0 0.0021335345081752166
514.0 0.0021363108317018487
515.0 0.0016698984836693853
516.0 0.0012034860446874518
517.0 0.001312777203565929
518.0 0.001422068635292817
519.0 0.0014651823221356608
520.0 0.0015082960999279749
521.0 0.001680209970800206
522.0 0.001852123750722967
523.0 0.0019498407709761523
524.0 0.002047557609330397
525.0 0.0022718755644746125
526.0 0.002496193701517768
527.0 0.0023928541850182228
528.0 0.0022895148504176177
529.0 0.002277656676596962
530.0 0.002265798502776306
531.0 0.002232674160040915
532.0 0.002199549453507643
533.0 0.0022641654140898027
534.0 0.0023287810108740814
535.0 0.0019946679458371364
536.0 0.0016605545170023106
537.0 0.0021646555978804827
538.0 0.0026687566787586547
539.0 0.003100854155491106
540.0 0.003532951814122498
541.0 0.0037157791666686535
542.0 0.003898606519214809
543.0 0.004389734021970071
544.0 0.004880861160927452
545.0 0.004999874727218412
546.0 0.005118888293509372
547.0 0.004224013537168503
548.0 0.0033291384170297533
549.0 0.0026696798158809543
550.0 0.0020102208509342745
551.0 0.0023360977138509043
552.0 0.0026619749405654147
553.0 0.00309038077830337
554.0 0.0035187869798392057
555.0 0.0038715967093594372
556.0 0.00422440716647543
557.0 0.004071855073561892
558.0 0.003919303344446234
559.0 0.0035982458939542994
560.0 0.003277188807260245
561.0 0.003474797267699614
562.0 0.0036724053643411025
563.0 0.0035734319681068882
564.0 0.0034744592994684353
565.0 0.004039081250084564
566.0 0.0046037035644985735
567.0 0.0046254968765424564
568.0 0.004647289824788459
569.0 0.005181560482014902
570.0 0.005715831139241345
571.0 0.006002755981171504
572.0 0.006289680459303781
573.0 0.006451711669797078
574.0 0.006613743607886136
575.0 0.006427455082302913
576.0 0.0062411665567196906
577.0 0.005818737918161787
578.0 0.005396308552008122
579.0 0.005867164145456627
580.0 0.006338019738905132
581.0 0.007225375156849623
582.0 0.008112730574794114
583.0 0.009049280924955383
584.0 0.009985831275116652
585.0 0.010219941032119095
586.0 0.010454052244313061
587.0 0.01053783853421919
588.0 0.01062162482412532
589.0 0.010436644515721127
590.0 0.01025166639010422
591.0 0.009574142313795164
592.0 0.008896617509890348
593.0 0.007402700430247933
594.0 0.0059087848057970405
595.0 0.005738030085922219
596.0 0.005567275729845278
597.0 0.00601853862463031
598.0 0.006469801155617461
599.0 0.007484938396373764
600.0 0.008500074181938544
601.0 0.00946952568483539
602.0 0.010438975732540712
603.0 0.010912404832197353
604.0 0.01138583684223704
605.0 0.011136663670185953
606.0 0.010887490498134866
607.0 0.009373208013130352
608.0 0.007858926255721599
609.0 0.006310371099971235
610.0 0.004761816671816632
611.0 0.0038796599255874753
612.0 0.002997502997459378
613.0 0.0035746226785704494
614.0 0.0041517418139846995
615.0 0.004929782880935818
616.0 0.005707824311684817
617.0 0.00728299783077091
618.0 0.008858169167069718
619.0 0.00995584559859708
620.0 0.01105352130252868
621.0 0.011588193592615426
622.0 0.01212286515510641
623.0 0.012020758003927767
624.0 0.011918647942366078
625.0 0.010311333608115092
626.0 0.008704018546268344
627.0 0.007077763439156115
628.0 0.005451509059639648
629.0 0.004372346302261576
630.0 0.0032931835448835045
631.0 0.002888704329961911
632.0 0.002484225115040317
633.0 0.002707350176933687
634.0 0.002930475238827057
635.0 0.0031506573577644303
636.0 0.0033708394767018035
637.0 0.0040272047044709325
638.0 0.0046835699322400615
639.0 0.004806739525520243
640.0 0.004929908755002543
641.0 0.005319236151990481
642.0 0.005708563185180537
643.0 0.005636031346512027
644.0 0.005563499144045636
645.0 0.005073363354313187
646.0 0.004583227200782858
647.0 0.0036708595871459693
648.0 0.002758492155408021
649.0 0.00217874603549717
650.0 0.0015990000974852592
651.0 0.001704474379948806
652.0 0.0018099490262102336
653.0 0.0016014360880944878
654.0 0.0013929233318776824
655.0 0.001434327077731723
656.0 0.0014757306416868232
657.0 0.0014426998859562445
658.0 0.001409669221175136
659.0 0.0016771886294009164
660.0 0.001944708128576167
661.0 0.001870684718596749
662.0 0.001796661308617331
663.0 0.002061658051388804
664.0 0.0023266547941602767
665.0 0.002988099731737748
666.0 0.003649544669315219
667.0 0.004435364462551661
668.0 0.005221183164394461
669.0 0.005874141425010748
670.0 0.006527096411446109
671.0 0.007150103192543611
672.0 0.007773111428832635
673.0 0.00789349724072963
674.0 0.008013883052626625
675.0 0.007562938117189333
676.0 0.007111993181752041
677.0 0.00568325340282172
678.0 0.004254511804901995
679.0 0.0027888860131497495
680.0 0.0013232600394985639
681.0 0.0007618496510986006
682.0 0.00020043928543600487
683.0 0.00038362686609616503
684.0 0.0005668144694936927
685.0 0.00038444031815743074
686.0 0.00020206603039696347
687.0 0.000322731330015813
688.0 0.00044339662963466253
689.0 0.00032412413020210806
690.0 0.00020485174445639132
691.0 0.00016648551763864816
692.0 0.00012811940450774273
693.0 0.00021200849005253986
694.0 0.0002958976438094396
695.0 0.00034866752685047686
696.0 0.000401437364416779
697.0 0.0004016460479761008
698.0 0.0004018547315354226
699.0 0.0002450360398142948
700.0 8.821734240882506e-05
701.0 9.767386472958606e-05
702.0 0.00010713048368415912
703.0 0.00015802430652911426
704.0 0.00020891823169222334
705.0 0.00031169242902251426
706.0 0.00041446651266596746
707.0 0.00022476656340586487
708.0 3.506646635287325e-05
709.0 0.000252831546276866
710.0 0.00047059661483217496
711.0 0.0004964932031725766
712.0 0.0005223897460382432
713.0 0.0002692319412744837
714.0 1.6074122299869487e-05
715.0 0.00013801354725728743
716.0 0.00025995291252911557
717.0 7.816159950380097e-05
718.0 1.5955325168709455e-10
719.0 0.00027288047022011597
720.0 0.0006493907221738482
721.0 0.0006414029030565871
722.0 0.0006334151748887962
723.0 0.00047728194658702705
724.0 0.0003211488092347281
725.0 7.216073640847753e-05
726.0 1.5955325168709455e-10
727.0 7.145595759538992e-05
728.0 0.00031973922887118533
729.0 0.00030211967896320857
730.0 0.00028450035642890725
731.0 0.0004656767032429343
732.0 0.000646853368380107
733.0 0.00036134360925643705
734.0 7.583404340039124e-05
735.0 0.0002043786025751615
736.0 0.00033292333228018833
737.0 0.0004160620392212877
738.0 0.0004992009962734301
739.0 0.00045184938244346995
740.0 0.00040449763218930457
741.0 0.00043844233914569486
742.0 0.00047238709157682024
743.0 0.0002540534524086979
744.0 3.571972513327637e-05
745.0 0.00021135690531082219
746.0 0.0003869941792800091
747.0 0.00028624733658944024
748.0 0.00018550049389887135
749.0 1.5955325168709455e-10
750.0 1.5955325168709455e-10
751.0 0.00018814945406120387
752.0 0.0006549744284711778
753.0 0.0005940802566328784
754.0 0.0005331859028956387
755.0 1.7456549983307923e-05
756.0 1.5955325168709455e-10
757.0 1.5955325168709455e-10
758.0 1.5955325168709455e-10
759.0 0.0002773274445644347
760.0 0.0006565845978911966
761.0 0.00048646379582351074
762.0 0.00031634303923055995
763.0 0.0003495150622256915
764.0 0.000382687039746088
765.0 0.0003847613243124215
766.0 0.00038683551792928483
767.0 6.433384669435327e-05
768.0 1.5955325168709455e-10
769.0 1.5955325168709455e-10
770.0 2.8381344918670948e-05
771.0 3.1968849611985206e-05
772.0 3.5556260513658344e-05
773.0 0.0003048221742574242
774.0 0.0005740879714721814
775.0 0.0005242437964625424
776.0 0.0004743995305034332
777.0 0.00043139784793311264
778.0 0.00038839634726173244
779.0 0.0006017296527716098
780.0 0.0008150629582814872
781.0 0.0006410643436538521
782.0 0.00046706563807674684
783.0 0.000556795885131578
784.0 0.000646526086711674
785.0 0.0006722811122017447
786.0 0.0006980360922170803
787.0 0.0004611670647136634
788.0 0.00022429796899814392
789.0 0.0002496703928045463
790.0 0.0002750427938735811
791.0 0.0004624243501893943
792.0 0.0006498058610304724
793.0 0.0006393384865077678
794.0 0.0006288710665103281
795.0 0.000872125838213833
796.0 0.0011153803825436626
797.0 0.0008918209459807258
798.0 0.0006682615548925241
799.0 0.0005927936854277505
800.0 0.0005173256795387715
801.0 0.00035262658002466196
802.0 0.00018792746914186864
803.0 0.0004939807240589289
804.0 0.0008000340130820405
805.0 0.0008898601663531736
806.0 0.0009796862286748365
807.0 0.000653937786410097
808.0 0.0003281891849837848
809.0 0.0003360756409165333
810.0 0.0003439620286371792
811.0 0.0007313184141821694
812.0 0.0011186747542524245
813.0 0.001161992440756876
814.0 0.0012053102182107978
815.0 0.0011315158189972863
816.0 0.0010577213288343046
817.0 0.0008716074262338225
818.0 0.0006854936145828106
819.0 0.0008080748557404149
820.0 0.0009306560968980193
821.0 0.0006804143140470842
822.0 0.000430172485721414
823.0 0.000408779260396841
824.0 0.0003873860805470031
825.0 0.0004628589067579014
826.0 0.0005383315965445945
827.0 0.0008703608727955725
828.0 0.0012023902854707558
829.0 0.0007363451459241332
830.0 0.00027030012006434845
831.0 0.0001736474132485455
832.0 7.699487127865723e-05
833.0 0.0002792505028992309
834.0 0.0004815060947294114
835.0 0.00022560334400623105
836.0 1.5955325168709455e-10
837.0 0.00013236132190286298
838.0 0.0002950222778963507
839.0 0.0005062652235210408
840.0 0.0007175081918830983
841.0 0.0008935835467127617
842.0 0.0010696589015424252
843.0 0.0009106553079618607
844.0 0.0007516515779570909
845.0 0.0009396319910592865
846.0 0.001127612358686747
847.0 0.0011223356523260009
848.0 0.0011170589459652547
849.0 0.0007678676411160268
850.0 0.00041867606341838837
851.0 0.0008450601853837725
852.0 0.0012714442163996864
853.0 0.0008511457053828053
854.0 0.0004308472398406593
855.0 0.00027496330403664615
856.0 0.00011907942507605185
857.0 0.0005191556738282088
858.0 0.0009192319339490496
859.0 0.0008282498129119631
860.0 0.0007372675099759363
861.0 0.0013414663953881245
862.0 0.0019456652808003128
863.0 0.0018781904145726003
864.0 0.0018107155483448878
865.0 0.002004046837100759
866.0 0.002197378307755571
867.0 0.0026587638785713352
868.0 0.0031201492674881592
869.0 0.0031236024369718507
870.0 0.0031270552426576614
871.0 0.003240462683606893
872.0 0.003353870124556124
873.0 0.0028534412194858305
874.0 0.0023530126782134175
875.0 0.0023940498067531735
