lsstCam/transmission_filter_detector/r23_s11/y_10/19700101T000000.ecsv
# %ECSV 1.0
# ---
# datatype:
# - {name: wavelength, unit: nm, datatype: float32}
# - {name: efficiency, unit: '%', datatype: float64}
# meta: !!omap
# - {MODE: DETECTOR}
# - {TYPE: transmission_filter_detector}
# - {CALIBDATE: '1970-01-01T00:00:00'}
# - {INSTRUME: LSSTCam}
# - {OBSTYPE: transmission_filter_detector}
# - {CALIBCLS: lsst.ip.isr.IntermediateFilterDetectorTransmissionCurve}
# - {SOURCE: Materion (DM-46256)}
# - {DETECTOR: 103}
# - {FILTER: y_10}
# - {CALIB_ID: 'calibDate=1970-01-01T00:00:00 filter=y_10 detector=103'}
# - {DATE: '2025-04-02T15:59:51.220604'}
# - {CALIB_CREATION_DATE: '2025-04-02'}
# - {CALIB_CREATION_TIME: '15:59:51'}
# - __serialized_columns__:
#     efficiency:
#       __class__: astropy.units.quantity.Quantity
#       unit: !astropy.units.Unit {unit: '%'}
#       value: !astropy.table.SerializedColumn {name: efficiency}
#     wavelength:
#       __class__: astropy.units.quantity.Quantity
#       unit: !astropy.units.Unit {unit: nm}
#       value: !astropy.table.SerializedColumn {name: wavelength}
# schema: astropy-2.0
wavelength efficiency
[from data line 577]
877.0 0.0020273813788662665
878.0 0.0016196758224396035
879.0 0.001986477764148731
880.0 0.05854796036146581
881.0 0.10370208183303475
882.0 0.06665730616077781
883.0 0.0935215619392693
884.0 0.08096523815765977
885.0 0.09507767390459776
886.0 0.07160419481806457
887.0 0.10351456003263593
888.0 0.07218423997983336
889.0 0.12522833421826363
890.0 0.08635925478301942
891.0 0.08862854447215796
892.0 0.08094070362858474
893.0 0.0986417755484581
894.0 0.08245764183811843
895.0 0.10509397834539413
896.0 0.0776252243667841
897.0 0.11775002349168062
898.0 0.08704515057615936
899.0 0.12443787418305874
900.0 0.11249593226239085
901.0 0.1419432577677071
902.0 0.18074966501444578
903.0 0.20326441153883934
904.0 0.2209017053246498
905.0 0.2967903623357415
906.0 0.3608842147514224
907.0 0.4758628085255623
908.0 0.648330943658948
909.0 0.8929525502026081
910.0 1.2744213454425335
911.0 1.8395965918898582
912.0 2.6753608137369156
913.0 3.9225678890943527
914.0 5.3674448281526566
915.0 7.4151188135147095
916.0 9.810144454240799
917.0 12.392528355121613
918.0 15.236306190490723
919.0 17.915605008602142
920.0 21.562589704990387
921.0 25.397402048110962
922.0 29.324302077293396
923.0 33.99023115634918
924.0 39.03050720691681
925.0 44.5391982793808
926.0 51.061367988586426
927.0 57.95413255691528
928.0 63.90312910079956
929.0 70.22234201431274
930.0 75.63217878341675
931.0 80.88284730911255
932.0 85.55719256401062
933.0 89.40721154212952
934.0 92.13845133781433
935.0 94.01237368583679
936.0 95.34575343132019
937.0 96.31657004356384
938.0 96.88575267791748
939.0 97.09082245826721
940.0 97.38953709602356
941.0 97.47375249862671
942.0 97.67844080924988
943.0 97.73157835006714
944.0 97.94116020202637
945.0 97.83390760421753
946.0 97.8472113609314
947.0 97.85230755805969
948.0 98.00226092338562
949.0 97.87318110466003
950.0 98.07250499725342
951.0 98.14408421516418
952.0 98.16747903823853
953.0 98.35150837898254
954.0 98.4811007976532
955.0 98.52534532546997
956.0 98.67783784866333
957.0 98.85071516036987
958.0 98.97094964981079
959.0 99.0158200263977
960.0 99.08835291862488
961.0 99.11434650421143
962.0 99.1719901561737
963.0 99.21252727508545
964.0 99.21837449073792
965.0 99.19549822807312
966.0 99.27093386650085
967.0 99.38263893127441
968.0 99.34722185134888
969.0 99.31775331497192
970.0 99.37928915023804
971.0 99.43214654922485
972.0 99.46642518043518
973.0 99.57178831100464
974.0 99.55062866210938
975.0 99.50150847434998
976.0 99.56179857254028
977.0 99.54115748405457
978.0 99.57154393196106
979.0 99.53052401542664
980.0 99.48440194129944
981.0 99.36679601669312
982.0 99.31225180625916
983.0 99.32718873023987
984.0 99.27285313606262
985.0 99.34478402137756
986.0 99.19851422309875
987.0 99.25628900527954
988.0 99.19034242630005
989.0 99.21820163726807
990.0 99.16262626647949
991.0 99.22795295715332
992.0 99.30181503295898
993.0 99.23549294471741
994.0 99.24747943878174
995.0 99.27147626876831
996.0 99.2632269859314
997.0 99.40078258514404
998.0 99.43662881851196
999.0 99.43652749061584
1000.0 99.46640729904175
1001.0 99.4391918182373
1002.0 99.55326914787292
1003.0 99.55583810806274
1004.0 99.6100902557373
1005.0 99.53756332397461
1006.0 99.62687492370605
1007.0 99.6344268321991
1008.0 99.58395957946777
1009.0 99.52531456947327
1010.0 99.5586097240448
1011.0 99.54503178596497
1012.0 99.46432709693909
1013.0 99.49057698249817
1014.0 99.43796992301941
1015.0 99.41052198410034
1016.0 99.39538836479187
1017.0 99.48505759239197
1018.0 99.49106574058533
1019.0 99.43997263908386
1020.0 99.52161908149719
1021.0 99.65089559555054
1022.0 99.55601096153259
1023.0 99.50444102287292
1024.0 99.56185221672058
1025.0 99.54314827919006
1026.0 99.66089129447937
1027.0 99.68034029006958
1028.0 99.64030981063843
1029.0 99.73848462104797
1030.0 99.79254603385925
1031.0 99.70358610153198
1032.0 99.76709485054016
1033.0 99.6577262878418
1034.0 99.71793293952942
1035.0 99.78417158126831
1036.0 99.6799647808075
1037.0 99.63184595108032
1038.0 99.68633651733398
1039.0 99.5748519897461
1040.0 99.4676947593689
1041.0 99.61522221565247
1042.0 99.56228733062744
1043.0 99.48325753211975
1044.0 99.53557252883911
1045.0 99.34918880462646
1046.0 99.47779178619385
1047.0 99.40391778945923
1048.0 99.51779246330261
1049.0 99.41140413284302
1050.0 99.45478439331055
1051.0 99.44016337394714
1052.0 99.40526485443115
1053.0 99.14207458496094
1054.0 99.56726431846619
1055.0 99.55765008926392
1056.0 99.48297142982483
1057.0 99.55297708511353
1058.0 99.26311373710632
1059.0 99.38035011291504
1060.0 99.42854046821594
1061.0 99.32821393013
1062.0 99.37172532081604
1063.0 99.39714670181274
1064.0 99.45594668388367
1065.0 99.39672350883484
1066.0 99.44202899932861
1067.0 99.6175467967987
1068.0 99.40157532691956
1069.0 99.17000532150269
1070.0 99.61666464805603
1071.0 99.3661642074585
1072.0 99.47290420532227
1073.0 99.55316185951233
1074.0 99.12711977958679
1075.0 99.20273423194885
1076.0 98.92241358757019
1077.0 99.3621289730072
1078.0 99.49070811271667
1079.0 99.25669431686401
1080.0 99.8030424118042
1081.0 99.06046986579895
1082.0 99.21800494194031
1083.0 99.08584952354431
1084.0 99.550861120224
1085.0 99.2304801940918
1086.0 99.21398758888245
1087.0 99.12927746772766
1088.0 98.98158311843872
1089.0 98.7673282623291
1090.0 98.9154577255249
1091.0 99.18449521064758
1092.0 98.91253113746643
1093.0 98.73166680335999
1094.0 98.82941246032715
1095.0 98.73383641242981
1096.0 98.87737035751343
1097.0 98.33912253379822
1098.0 97.88360595703125
1099.0 99.00633096694946
1100.0 98.41440916061401
