lsstCam/transmission_filter_detector/r24_s12/r_57/19700101T000000.ecsv
# %ECSV 1.0
# ---
# datatype:
# - {name: wavelength, unit: nm, datatype: float32}
# - {name: efficiency, unit: '%', datatype: float64}
# meta: !!omap
# - {MODE: DETECTOR}
# - {TYPE: transmission_filter_detector}
# - {CALIBDATE: '1970-01-01T00:00:00'}
# - {INSTRUME: LSSTCam}
# - {OBSTYPE: transmission_filter_detector}
# - {CALIBCLS: lsst.ip.isr.IntermediateFilterDetectorTransmissionCurve}
# - {SOURCE: Materion (DM-46256)}
# - {DETECTOR: 113}
# - {FILTER: r_57}
# - {CALIB_ID: 'calibDate=1970-01-01T00:00:00 filter=r_57 detector=113'}
# - {DATE: '2025-04-02T15:59:44.705985'}
# - {CALIB_CREATION_DATE: '2025-04-02'}
# - {CALIB_CREATION_TIME: '15:59:44'}
# - __serialized_columns__:
#     efficiency:
#       __class__: astropy.units.quantity.Quantity
#       unit: !astropy.units.Unit {unit: '%'}
#       value: !astropy.table.SerializedColumn {name: efficiency}
#     wavelength:
#       __class__: astropy.units.quantity.Quantity
#       unit: !astropy.units.Unit {unit: nm}
#       value: !astropy.table.SerializedColumn {name: wavelength}
# schema: astropy-2.0
wavelength efficiency
300.0 0.003688433571369387
301.0 0.008554327359888703
302.0 0.013420221512205899
303.0 0.016385129129048437
304.0 0.019350036745890975
305.0 0.01738632272463292
306.0 0.015422611613757908
307.0 0.01387475203955546
308.0 0.012326893920544535
309.0 0.010960689542116597
310.0 0.009594484436092898
311.0 0.008581786823924631
312.0 0.007569088484160602
313.0 0.006973627750994638
314.0 0.006378166290232912
315.0 0.005701749614672735
316.0 0.00502533330291044
317.0 0.005193476681597531
318.0 0.005361620060284622
319.0 0.005049201718065888
320.0 0.004736783012049273
321.0 0.0045589851652039215
322.0 0.004381186226964928
323.0 0.004084210013388656
324.0 0.003787233799812384
325.0 0.0036955618270440027
326.0 0.003603890581871383
327.0 0.003661115260911174
328.0 0.0037183406675467268
329.0 0.0036917590477969497
330.0 0.003665175609057769
331.0 0.0033251955755986273
332.0 0.0029852151783416048
333.0 0.0026776142476592213
334.0 0.0023700136807747185
335.0 0.0021186073354328983
336.0 0.0018672011719900183
337.0 0.0017184520402224734
338.0 0.0015697029084549285
339.0 0.001555285052745603
340.0 0.0015408670151373371
341.0 0.0015069689652591478
342.0 0.0014730709153809585
343.0 0.0013919300727138761
344.0 0.001310789320996264
345.0 0.0012642080037039705
346.0 0.0012176269592600875
347.0 0.0012344582501100376
348.0 0.0012512897228589281
349.0 0.0012085002708772663
350.0 0.005055746078141965
351.0 0.0056436263548675925
352.0 0.006231506267795339
353.0 0.005983518713037483
354.0 0.005735531522077508
355.0 0.005173293175175786
356.0 0.0046110551920719445
357.0 0.005629757652059197
358.0 0.00664846011204645
359.0 0.004994307164452039
360.0 0.0033401538530597463
361.0 0.0022696318410453387
362.0 0.001199109829030931
363.0 0.002311920979991555
364.0 0.0034247317671542987
365.0 0.003628973718150519
366.0 0.0038332160329446197
367.0 0.003720314271049574
368.0 0.0036074125091545284
369.0 0.003343789285281673
370.0 0.003080165697610937
371.0 0.003062598261749372
372.0 0.003045031007786747
373.0 0.0029617072868859395
374.0 0.0028783832021872513
375.0 0.0026315719878766686
376.0 0.002384760955465026
377.0 0.001587126826052554
378.0 0.0007894927875895519
379.0 0.0012487341336964164
380.0 0.0017079757526516914
381.0 0.0023240552764036693
382.0 0.0029401349820545875
383.0 0.0033511078072478995
384.0 0.003762080450542271
385.0 0.004740009535453282
386.0 0.0057179386203642935
387.0 0.0050770970119629055
388.0 0.004436255403561518
389.0 0.0038745532947359607
390.0 0.003312850822112523
391.0 0.0024963041141745634
392.0 0.0016797575881355442
393.0 0.0016817024516058154
394.0 0.001683646951278206
395.0 0.0013057536307314876
396.0 0.0009278603101847693
397.0 0.0009125159522227477
398.0 0.0008971718671091367
399.0 0.0007913386070868
400.0 0.0006855049377918476
401.0 0.00047975290726753883
402.0 0.0002740004447332467
403.0 0.00032906934848142555
404.0 0.0003841384113911772
405.0 0.0008454271664959379
406.0 0.0013067156032775529
407.0 0.001746262569213286
408.0 0.002185809535149019
409.0 0.0017010232113534585
410.0 0.0012162368875578977
411.0 0.0010341351298848167
412.0 0.000852033554110676
413.0 0.0008888398042472545
414.0 0.000925646054383833
415.0 0.0009877254342427477
416.0 0.001049805086950073
417.0 0.0014856006600894034
418.0 0.0019213965060771443
419.0 0.00227633736358257
420.0 0.0026312780391890556
421.0 0.004291225923225284
422.0 0.005951173443463631
423.0 0.009488716023042798
424.0 0.013026257511228323
425.0 0.017290997493546456
426.0 0.02155573311029002
427.0 0.021801063849125057
428.0 0.022046396043151617
429.0 0.0170154104125686
430.0 0.011984426237177104
431.0 0.008619375148555264
432.0 0.0052543222409440205
433.0 0.004349313167040236
434.0 0.0034443037293385714
435.0 0.0026684811018640175
436.0 0.0018926584743894637
437.0 0.001582932600285858
438.0 0.0012732069990306627
439.0 0.001095803872885881
440.0 0.0009184007467410993
441.0 0.0011550669114512857
442.0 0.0013917331671109423
443.0 0.0016602009054622613
444.0 0.0019286688257125206
445.0 0.0018205251762992702
446.0 0.0017123815268860199
447.0 0.001583684206707403
448.0 0.0014549871593771968
449.0 0.0016130996300489642
450.0 0.0017712116459733807
451.0 0.001871163840405643
452.0 0.001971115852938965
453.0 0.001799344681785442
454.0 0.001627573510631919
455.0 0.0014561852367478423
456.0 0.0012847972357121762
457.0 0.0009560283615428489
458.0 0.0006272595783229917
459.0 0.0008114757292787544
460.0 0.0009956918802345172
461.0 0.0016610414604656398
462.0 0.002326390676898882
463.0 0.003196326724719256
464.0 0.00406626240874175
465.0 0.005152157245902345
466.0 0.006238051719265059
467.0 0.006835711974417791
468.0 0.007433372957166284
469.0 0.006337448576232418
470.0 0.005241524559096433
471.0 0.0039781974919606
472.0 0.0027148696972290054
473.0 0.00215811360249063
474.0 0.0016013573258533143
475.0 0.0013145869161235169
476.0 0.0010278168701916002
477.0 0.0008665448149258737
478.0 0.000705272668710677
479.0 0.000846342391014332
480.0 0.0009874120223685168
481.0 0.0007965008990140632
482.0 0.0006055898211343447
483.0 0.000664683375362074
484.0 0.0007237768841150682
485.0 0.0006935108103789389
486.0 0.0006632446002186043
487.0 0.0005947820227447664
488.0 0.0005263193997961935
489.0 0.000639457084616879
490.0 0.0007525947694375645
491.0 0.00089195136752096
492.0 0.0010313079656043556
493.0 0.0010599344022921287
494.0 0.0010885607480304316
495.0 0.0010437642231408972
496.0 0.0009989676073018927
497.0 0.0011804506357293576
498.0 0.0013619335732073523
499.0 0.0013738152119913138
500.0 0.0013856969417247456
501.0 0.0014895693311700597
502.0 0.0015934419934637845
503.0 0.002012012555496767
504.0 0.00243058311752975
505.0 0.0030952349334256724
506.0 0.0037598871131194755
507.0 0.004391533002490178
508.0 0.005023178528062999
509.0 0.005467809387482703
510.0 0.005912440246902406
511.0 0.005361274816095829
512.0 0.004810109385289252
513.0 0.0040752092900220305
514.0 0.0033403088309569284
515.0 0.0030828956369077787
516.0 0.0028254826247575693
517.0 0.002770121682260651
518.0 0.0027147603759658523
519.0 0.037045308272354305
520.0 0.015075490227900445
521.0 0.08658359292894602
522.0 0.11417377972975373
523.0 0.17186562763527036
524.0 0.07353070541284978
525.0 0.07203342975117266
526.0 0.10972752934321761
527.0 0.052986713126301765
528.0 0.12118307640776038
529.0 0.17538423417136073
530.0 0.13122651726007462
531.0 0.19712354987859726
532.0 0.3008696949109435
533.0 0.35678755957633257
534.0 0.5446416791528463
535.0 0.7383086252957582
536.0 1.1707534082233906
537.0 1.8499592319130898
538.0 2.86082923412323
539.0 4.390094801783562
540.0 6.683900207281113
541.0 9.331058710813522
542.0 12.587320804595947
543.0 16.74923747777939
544.0 21.919354796409607
545.0 27.731606364250183
546.0 34.51204001903534
547.0 41.65369272232056
548.0 50.1914381980896
549.0 57.961446046829224
550.0 63.52831721305847
551.0 69.84385251998901
552.0 73.62354397773743
553.0 77.87602543830872
554.0 81.26515746116638
555.0 84.96111631393433
556.0 88.0602777004242
557.0 90.23416638374329
558.0 92.91960000991821
559.0 94.90322470664978
560.0 94.76450681686401
561.0 95.90733051300049
562.0 96.16148471832275
563.0 95.52538990974426
564.0 95.6413209438324
565.0 95.32805681228638
566.0 95.96449136734009
567.0 96.06881737709045
568.0 96.19283676147461
569.0 97.18701243400574
570.0 96.61214351654053
571.0 97.46788740158081
572.0 96.94913029670715
573.0 96.97328805923462
574.0 97.21797108650208
575.0 97.20382690429688
576.0 97.64750003814697
577.0 97.33440279960632
578.0 97.44673371315002
579.0 97.30033874511719
580.0 97.01184630393982
581.0 96.82894945144653
582.0 96.7875599861145
583.0 97.08753228187561
584.0 96.55487537384033
585.0 96.63892984390259
586.0 97.18901515007019
587.0 96.36899828910828
588.0 96.68473601341248
589.0 97.67206907272339
590.0 96.86724543571472
591.0 96.39641046524048
592.0 96.21160626411438
593.0 96.05048298835754
594.0 96.26666903495789
595.0 96.79189920425415
596.0 97.2174882888794
597.0 97.74008989334106
598.0 97.11191058158875
599.0 97.14499711990356
600.0 97.43464589118958
601.0 96.58977389335632
602.0 97.18831777572632
603.0 96.34532332420349
604.0 96.3854730129242
605.0 96.90034985542297
606.0 96.42661809921265
607.0 96.3224709033966
608.0 96.47454619407654
609.0 95.69235444068909
610.0 96.09132409095764
611.0 96.08352780342102
612.0 95.90080380439758
613.0 97.19185829162598
614.0 97.12228775024414
615.0 96.28803730010986
616.0 96.71834707260132
617.0 96.70969247817993
618.0 96.82209491729736
619.0 97.61796593666077
620.0 96.40505909919739
621.0 95.92260718345642
622.0 96.78078293800354
623.0 96.81839942932129
624.0 96.3907241821289
625.0 97.27786183357239
626.0 96.25136852264404
627.0 95.3522264957428
628.0 97.60428071022034
629.0 96.015465259552
630.0 96.6291069984436
631.0 96.36746048927307
632.0 97.01302647590637
633.0 96.96643948554993
634.0 96.01292014122009
635.0 96.44232988357544
636.0 96.1341381072998
637.0 95.79466581344604
638.0 95.68784832954407
639.0 95.47383189201355
640.0 95.87007164955139
641.0 95.68459391593933
642.0 96.5939462184906
643.0 96.32822871208191
644.0 96.46267294883728
645.0 96.76527380943298
646.0 96.6204583644867
647.0 97.38838076591492
648.0 96.72832489013672
649.0 95.88492512702942
650.0 96.5905249118805
651.0 97.27524518966675
652.0 97.02184796333313
653.0 96.0965633392334
654.0 96.7664897441864
655.0 96.75557613372803
656.0 95.931476354599
657.0 95.97066640853882
658.0 96.41355276107788
659.0 96.38324975967407
660.0 95.68229913711548
661.0 95.54466009140015
662.0 95.9005057811737
663.0 95.90128660202026
664.0 95.05064487457275
665.0 95.39065361022949
666.0 95.36288380622864
667.0 95.93767523765564
668.0 94.93624567985535
669.0 95.90868949890137
670.0 95.3858733177185
671.0 95.57752013206482
672.0 95.44547200202942
673.0 95.44602036476135
674.0 94.79827284812927
675.0 95.5843448638916
676.0 94.89125609397888
677.0 93.57520341873169
678.0 92.64174103736877
679.0 91.34309887886047
680.0 90.34691452980042
681.0 88.30013871192932
682.0 85.84514260292053
683.0 82.43454098701477
684.0 78.8163423538208
685.0 74.74477291107178
686.0 70.50949335098267
687.0 66.09839200973511
688.0 61.36253476142883
689.0 57.09555149078369
690.0 52.15432643890381
691.0 48.18996787071228
692.0 43.3567613363266
693.0 38.58327567577362
694.0 33.273422718048096
695.0 27.81972587108612
696.0 22.1406489610672
697.0 17.122182250022888
698.0 11.890699714422226
699.0 8.017835021018982
700.0 5.341615900397301
701.0 3.1321637332439423
702.0 1.8983613699674606
703.0 1.1153155006468296
704.0 0.6867025513201952
705.0 0.3860419150441885
706.0 0.26392980944365263
707.0 0.147871149238199
708.0 0.13674355577677488
709.0 0.03588141407817602
710.0 0.10149093577638268
711.0 0.06887974450364709
712.0 0.07761543383821845
713.0 0.04195990914013237
714.0 0.01856724120443687
715.0 0.06727605941705406
716.0 0.09241881780326366
717.0 0.10189785389229655
718.0 0.03641035582404584
719.0 1.708554738660828e-10
720.0 1.708554738660828e-10
721.0 0.004251527570886537
722.0 0.003985375951742753
723.0 0.0037192250601947308
724.0 0.0034255535865668207
725.0 0.0031318824767367914
726.0 0.002907711314037442
727.0 0.0026835403332370333
728.0 0.0025624020054237917
729.0 0.00244126367761055
730.0 0.00227615273615811
731.0 0.002111042158503551
732.0 0.00206156892090803
733.0 0.002012095683312509
734.0 0.0019123219317407347
735.0 0.0018125479982700199
736.0 0.0016695039448677562
737.0 0.0015264598914654925
738.0 0.0015201048881863244
739.0 0.0015137498849071562
740.0 0.0014703403394378256
741.0 0.0014269310668169055
742.0 0.0013269836927065626
743.0 0.0012270363185962196
744.0 0.0013038477845839225
745.0 0.0013806591596221551
746.0 0.0012483457794587594
747.0 0.0011160324902448338
748.0 0.0010453196409798693
749.0 0.0009746067917149048
750.0 0.0009516616046312265
751.0 0.0009287168722948991
752.0 0.0010208966159552801
753.0 0.0011130764505651314
754.0 0.0010772559107863344
755.0 0.0010414357348054182
756.0 0.0010288958947057836
757.0 0.0010163559636566788
758.0 0.001030259136314271
759.0 0.0010441623089718632
760.0 0.0009951002539310139
761.0 0.0009460382898396347
762.0 0.0008968438123702072
763.0 0.0008476496077491902
764.0 0.0008664617780596018
765.0 0.0008852741302689537
766.0 0.0007457064384652767
767.0 0.0006061387921363348
768.0 0.0005926414360146737
769.0 0.0005791439889435424
770.0 0.0006804861186537892
771.0 0.0007818284757377114
772.0 0.0007320793429244077
773.0 0.0006823301191616338
774.0 0.0007872305104683619
775.0 0.0008921307198761497
776.0 0.000915991586225573
777.0 0.0009398525435244665
778.0 0.0008552486178814434
779.0 0.0007706448741373606
780.0 0.0006685675998596707
781.0 0.000566490416531451
782.0 0.0006765906618966255
783.0 0.0007866910891607404
784.0 0.000775715488998685
785.0 0.0007647397978871595
786.0 0.0007055610240058741
787.0 0.0006463822046498535
788.0 0.0005972091003059177
789.0 0.0005480361323861871
790.0 0.0006309719083219534
791.0 0.0007139076842577197
792.0 0.0007281003490788862
793.0 0.0007422929684253177
794.0 0.0007585027105960762
795.0 0.0007747122253931593
796.0 0.0006918405233591329
797.0 0.0006089688213251065
798.0 0.0006875001872685971
799.0 0.0007660315532120876
800.0 0.0007264896794367814
801.0 0.0006869475782877998
802.0 0.0005955156211712165
803.0 0.0005040834821556928
804.0 0.000593572167417733
805.0 0.0006830608981545083
806.0 0.0006285756626311922
807.0 0.0005740904271078762
808.0 0.0006369991297106026
809.0 0.0006999077413638588
810.0 0.0006633887551288353
811.0 0.0006268699053180171
812.0 0.0006177265277074184
813.0 0.0006085830591473496
814.0 0.0005165477887203451
815.0 0.0004245125637680758
816.0 0.0005816806606162572
817.0 0.000738848939363379
818.0 0.0006135154762887396
819.0 0.00048818201321410015
820.0 0.000425118514613132
821.0 0.0003620549932747963
822.0 0.0004156827344559133
823.0 0.00046931049837439787
824.0 0.0004584915586747229
825.0 0.0004476725280255778
826.0 0.00047422668103536125
827.0 0.0005007807430956746
828.0 0.00037875336147408234
829.0 0.0002567259571151226
830.0 0.00013455966154651833
831.0 1.2393368820085016e-05
832.0 1.708554738660828e-10
833.0 1.708554738660828e-10
834.0 1.708554738660828e-10
835.0 5.020021376367367e-05
836.0 0.00024337978175026365
837.0 0.00043655941226461437
838.0 0.0006863785074529005
839.0 0.0009361975571664516
840.0 0.001334979424427729
841.0 0.0017337612007395364
842.0 0.0024962158931884915
843.0 0.003258670767536387
844.0 0.0038236554246395826
845.0 0.004388640445540659
846.0 0.004590401658788323
847.0 0.004792162872035988
848.0 0.004125433406443335
849.0 0.003458703577052802
850.0 0.0026150244593736716
851.0 0.001771345159795601
852.0 0.0014595550055673812
853.0 0.0011477644875412807
854.0 0.0010395458957646042
855.0 0.0009313270311395172
856.0 0.0007323304544115672
857.0 0.0005333338322088821
858.0 0.0005864077138539869
859.0 0.0006394815954990918
860.0 0.0005257774773781421
861.0 0.00041207331378245726
862.0 0.0004909416020382196
863.0 0.0005698098902939819
864.0 0.00045738152039120905
865.0 0.0003449532414379064
866.0 0.00026811985662789084
867.0 0.00019128647181787528
868.0 0.00017181224620799185
869.0 0.00015233797512337333
870.0 4.984564156984561e-05
871.0 1.708554738660828e-10
872.0 1.708554738660828e-10
873.0 1.708554738660828e-10
874.0 1.708554738660828e-10
875.0 1.708554738660828e-10
876.0 1.837684067140799e-05
877.0 0.00010757315749287955
878.0 0.0001488047928432934
879.0 0.0001900364054563397
880.0 0.00015456640767297358
881.0 0.00011909638715223991
882.0 0.0001451472826374811
883.0 0.00017119820086008986
884.0 8.270914122476825e-05
885.0 1.708554738660828e-10
886.0 8.978854566521477e-05
887.0 0.0001853569756349316
888.0 0.00023588238491356606
889.0 0.000286407771454833
890.0 0.00020059605958522297
891.0 0.00011478431360956165
892.0 1.708554738660828e-10
893.0 1.708554738660828e-10
894.0 1.708554738660828e-10
895.0 6.200839663961233e-06
896.0 5.024468805459037e-05
897.0 9.428857765669818e-05
898.0 0.0001078679474630917
899.0 0.00012144732863816898
900.0 4.303729781440779e-05
901.0 1.708554738660828e-10
