lsstCam/transmission_filter_detector/r24_s12/r_57/19700101T000000.ecsv
# %ECSV 1.0
# ---
# datatype:
# - {name: wavelength, unit: nm, datatype: float32}
# - {name: efficiency, unit: '%', datatype: float64}
# meta: !!omap
# - {MODE: DETECTOR}
# - {TYPE: transmission_filter_detector}
# - {CALIBDATE: '1970-01-01T00:00:00'}
# - {INSTRUME: LSSTCam}
# - {OBSTYPE: transmission_filter_detector}
# - {CALIBCLS: lsst.ip.isr.IntermediateFilterDetectorTransmissionCurve}
# - {SOURCE: Materion (DM-46256)}
# - {DETECTOR: 113}
# - {FILTER: r_57}
# - {CALIB_ID: 'calibDate=1970-01-01T00:00:00 filter=r_57 detector=113'}
# - {DATE: '2025-04-02T15:59:44.705985'}
# - {CALIB_CREATION_DATE: '2025-04-02'}
# - {CALIB_CREATION_TIME: '15:59:44'}
# - __serialized_columns__:
#     efficiency:
#       __class__: astropy.units.quantity.Quantity
#       unit: !astropy.units.Unit {unit: '%'}
#       value: !astropy.table.SerializedColumn {name: efficiency}
#     wavelength:
#       __class__: astropy.units.quantity.Quantity
#       unit: !astropy.units.Unit {unit: nm}
#       value: !astropy.table.SerializedColumn {name: wavelength}
# schema: astropy-2.0
wavelength efficiency
[from data line 603]
903.0 1.708554738660828e-10
904.0 1.708554738660828e-10
905.0 6.60596128909674e-06
906.0 1.708554738660828e-10
907.0 1.708554738660828e-10
908.0 1.708554738660828e-10
909.0 1.708554738660828e-10
910.0 1.708554738660828e-10
911.0 1.708554738660828e-10
912.0 1.708554738660828e-10
913.0 1.708554738660828e-10
914.0 2.6738288738670235e-05
915.0 7.17595128207904e-05
916.0 5.329387136043806e-05
917.0 3.4828229900085717e-05
918.0 0.00011938990382986958
919.0 0.00020395154933794402
920.0 0.0001190998659694742
921.0 3.4248165547978715e-05
922.0 0.00015065645584400045
923.0 0.00026706475182436407
924.0 0.0002459470124449581
925.0 0.00022482927306555212
926.0 0.0001793926799109613
927.0 0.00013395607538768672
928.0 0.00011963493307121098
929.0 0.00010531376801736769
930.0 0.00018610552388054202
931.0 0.00026689731384976767
932.0 0.00013747663842877955
933.0 8.056008482526522e-06
934.0 0.00011648791087282007
935.0 0.00022491979052574607
936.0 0.0002482052423147252
937.0 0.00027149067136633676
938.0 0.0002721765213209437
939.0 0.00027286239401291823
940.0 0.00028231897886144
941.0 0.0002917755637099617
942.0 0.00030909397992218146
943.0 0.00032641237339703366
944.0 0.0003028795845239074
945.0 0.00027934679565078113
946.0 0.0003240992100472795
947.0 0.0003688516471811454
948.0 0.0004183021701464895
949.0 0.00046775280679867137
950.0 0.0005003701517125592
951.0 0.0005329874511517119
952.0 0.0006845636107755126
953.0 0.0008361398613487836
954.0 0.001126232382375747
955.0 0.0014163250853016507
956.0 0.0014437197933148127
957.0 0.0014711143194290344
958.0 0.0016398551451857202
959.0 0.0018085962437908165
960.0 0.0019089200577582233
961.0 0.0020092440536245704
962.0 0.002183355900342576
963.0 0.0023574681108584628
964.0 0.002354407843085937
965.0 0.0023513475753134117
966.0 0.002380663136136718
967.0 0.002409978333162144
968.0 0.0023202879674499854
969.0 0.002230597601737827
970.0 0.0023027268980513327
971.0 0.002374856558162719
972.0 0.0024841385311447084
973.0 0.0025934203222277574
974.0 0.002868083174689673
975.0 0.0031427462090505287
976.0 0.003235078474972397
977.0 0.0033274103770963848
978.0 0.003269718581577763
979.0 0.003212026786059141
980.0 0.003167961767758243
981.0 0.0031238967494573444
982.0 0.0031986503017833456
983.0 0.003273403854109347
984.0 0.003179207124048844
985.0 0.003085010757786222
986.0 0.002993250200233888
987.0 0.002901489642681554
988.0 0.002740852505667135
989.0 0.002580215732450597
990.0 0.0026260828235535882
991.0 0.002671949732757639
992.0 0.0026696316126617603
993.0 0.0026673140382627025
994.0 0.002745699202932883
995.0 0.002824084003805183
996.0 0.0028679869501502253
997.0 0.002911889532697387
998.0 0.0030097677154117264
999.0 0.0031076458981260657
1000.0 0.0031870134989731014
1001.0 0.003266381099820137
1002.0 0.0035144978028256446
1003.0 0.003762614505831152
1004.0 0.0038764770579291508
1005.0 0.003990339610027149
1006.0 0.004207431265967898
1007.0 0.004424523649504408
1008.0 0.004390372123452835
1009.0 0.004356220233603381
1010.0 0.004389018431538716
1011.0 0.004421816629474051
1012.0 0.004388771412777714
1013.0 0.004355725832283497
1014.0 0.004111617818125524
1015.0 0.0038675094401696697
1016.0 0.0036063302104594186
1017.0 0.003345151344547048
1018.0 0.00295969657599926
1019.0 0.002574241989350412
1020.0 0.0021792486222693697
1021.0 0.0017842552551883273
1022.0 0.0015289358998415992
1023.0 0.0012736161806969903
1024.0 0.0012997407793591265
1025.0 0.001325865559920203
1026.0 0.0011911358342331368
1027.0 0.0010564060175966006
1028.0 0.0009778596904652659
1029.0 0.0008993131814349908
1030.0 0.0008564352356188465
1031.0 0.0008135569260048214
1032.0 0.0007794231350999326
1033.0 0.0007452891168213682
1034.0 0.0007605819519085344
1035.0 0.0007758745596220251
1036.0 0.0008713634088053368
1037.0 0.0009668520760897081
1038.0 0.0008848051948007196
1039.0 0.0008027583135117311
1040.0 0.0008562889888708014
1041.0 0.0009098197551793419
1042.0 0.0009652413609728683
1043.0 0.0010206627848674543
1044.0 0.001002673616312677
1045.0 0.0009846848115557805
1046.0 0.0009588065950083546
1047.0 0.0009329285603598692
1048.0 0.0008467649422527757
1049.0 0.0007606013696204172
1050.0 0.0007659469702048227
1051.0 0.0007712925253144931
1052.0 0.0010006557204178534
1053.0 0.001230018460773863
1054.0 0.0010611423931550235
1055.0 0.0008922662345867138
1056.0 0.0009162051355815493
1057.0 0.000940144218475325
1058.0 0.0008150474968715571
1059.0 0.000689950729793054
1060.0 0.0010190772627538536
1061.0 0.0013482032954925671
1062.0 0.0014290117178461514
1063.0 0.0015098199583007954
1064.0 0.001161035652330611
1065.0 0.000812251164461486
1066.0 0.0011532702956174035
1067.0 0.0014942896086722612
1068.0 0.0017949534594663419
1069.0 0.0020956167645636015
1070.0 0.0017121186829172075
1071.0 0.0013286206012708135
1072.0 0.0015105824786587618
1073.0 0.0016925445379456505
1074.0 0.0022653401174466126
1075.0 0.0028381356969475746
1076.0 0.002990531356772408
1077.0 0.003142927380395122
1078.0 0.0035116110666422173
1079.0 0.0038802951166871935
1080.0 0.004180798714514822
1081.0 0.00448130231234245
1082.0 0.004313786484999582
1083.0 0.004146270657656714
1084.0 0.004549502409645356
1085.0 0.004952733434038237
1086.0 0.005022406548960134
1087.0 0.005092079663882032
1088.0 0.005084334043203853
1089.0 0.005076588422525674
1090.0 0.004835077561438084
1091.0 0.0045935663365526125
1092.0 0.004244616138748825
1093.0 0.0038956663047429174
1094.0 0.004247001197654754
1095.0 0.004598336454364471
1096.0 0.003650456346804276
1097.0 0.0027025760573451407
1098.0 0.002566232069511898
1099.0 0.0024298882635775954
1100.0 0.0022529888155986555
1101.0 0.002076089003821835
