ts8/qe_curves/rtm-006_s12/19700101T000000.ecsv
# %ECSV 0.9
# ---
# datatype:
# - {name: amp_name, datatype: string}
# - {name: wavelength, unit: nm, datatype: float32}
# - {name: efficiency, unit: '%', datatype: float32}
# meta: !!omap
# - {MODE: AMP}
# - {TYPE: QE}
# - {CALIBDATE: '1970-01-01T00:00:00'}
# - {INSTRUME: TS8}
# - {OBSTYPE: qe_curves}
# - {DETECTOR: 41}
# - {PICKLEFILE: RaftRun11746.p}
# - {CALIB_ID: 'raftName=RTM-006 detectorName=S12 detector=41 calibDate=1970-01-01T00:00:00 ccd=41 ccdnum=41 filter=None'}
# - {DATE: '2020-01-23T14:12:33.052318'}
# - {CALIB_CREATION_DATE: '2020-01-23'}
# - {CALIB_CREATION_TIME: '14:12:33'}
# - __serialized_columns__:
#     efficiency:
#       __class__: astropy.units.quantity.Quantity
#       unit: !astropy.units.Unit {unit: '%'}
#       value: !astropy.table.SerializedColumn {name: efficiency}
#     wavelength:
#       __class__: astropy.units.quantity.Quantity
#       unit: !astropy.units.Unit {unit: nm}
#       value: !astropy.table.SerializedColumn {name: wavelength}
# schema: astropy-2.0
amp_name wavelength efficiency
C14 319.994 44.822506
C14 324.969 50.602226
C14 349.982 76.94439
C14 374.975 83.90079
C14 400.019 88.29597
C14 424.965 88.751335
C14 450.035 89.965485
C14 475.003 91.26675
C14 500.018 93.12993
C14 525.002 95.22613
C14 550.029 95.80696
C14 575.023 97.68557
C14 599.982 98.42736
C14 619.997 98.843155
C14 624.979 99.709
C14 650.012 99.89374
C14 675.004 99.35384
C14 700.03 99.11832
C14 725.012 98.43374
C14 750.022 98.69283
C14 774.987 99.080635
C14 799.976 97.74533
C14 824.988 96.11931
C14 850.022 93.98554
C14 869.967 90.92544
C14 875.002 89.475586
C14 899.999 83.132805
C14 919.999 73.80218
C14 925.012 70.92041
C14 949.965 57.635303
C14 975.002 42.567123
C14 999.976 26.022896
C14 1025.028 11.158287
C14 1050.014 3.8335245
C14 1075.002 2.1124272
C14 1099.99 1.6685773
C11 319.994 45.07666
C11 324.969 50.88841
C11 349.982 77.274
C11 374.975 84.03375
C11 400.019 88.29249
C11 424.965 88.703476
C11 450.035 89.89409
C11 475.003 91.18976
C11 500.018 93.04448
C11 525.002 95.13001
C11 550.029 95.70656
C11 575.023 97.57457
C11 599.982 98.30938
C11 619.997 98.71776
C11 624.979 99.581985
C11 650.012 99.76165
C11 675.004 99.219986
C11 700.03 99.00873
C11 725.012 98.38665
C11 750.022 98.73406
C11 774.987 99.20799
C11 799.976 97.89754
C11 824.988 96.29582
C11 850.022 94.12323
C11 869.967 91.11662
C11 875.002 89.72078
C11 899.999 83.48188
C11 919.999 73.646866
C11 925.012 70.80793
C11 949.965 58.229847
C11 975.002 43.033344
C11 999.976 26.141546
C11 1025.028 11.048611
C11 1050.014 3.826445
C11 1075.002 2.1295123
C11 1099.99 1.6883365
C12 319.994 45.047516
C12 324.969 50.8579
C12 349.982 77.26829
C12 374.975 84.09086
C12 400.019 88.35442
C12 424.965 88.76192
C12 450.035 89.951294
C12 475.003 91.24339
C12 500.018 93.09905
C12 525.002 95.18599
C12 550.029 95.761314
C12 575.023 97.63383
C12 599.982 98.37216
C12 619.997 98.78313
C12 624.979 99.648026
C12 650.012 99.83266
C12 675.004 99.29058
C12 700.03 99.078514
C12 725.012 98.45599
C12 750.022 98.800385
C12 774.987 99.27614
C12 799.976 97.96214
C12 824.988 96.34542
C12 850.022 94.181526
C12 869.967 91.08036
C12 875.002 89.668144
C12 899.999 83.47283
C12 919.999 73.690475
C12 925.012 70.744095
C12 949.965 57.954254
C12 975.002 42.93814
C12 999.976 26.182178
C12 1025.028 11.103744
C12 1050.014 3.8126183
C12 1075.002 2.1116638
C12 1099.99 1.6776667
C01 319.994 44.44065
C01 324.969 50.17128
C01 349.982 76.15969
C01 374.975 83.12135
C01 400.019 87.99515
C01 424.965 88.68459
C01 450.035 90.02407
C01 475.003 91.4052
C01 500.018 93.32347
C01 525.002 95.45892
C01 550.029 96.05997
C01 575.023 97.95543
C01 599.982 98.70968
C01 619.997 99.126915
C01 624.979 99.9986
C01 650.012 100.18858
C01 675.004 99.63993
C01 700.03 99.3776
C01 725.012 98.60617
C01 750.022 98.756386
C01 774.987 99.04008
C01 799.976 97.65843
C01 824.988 96.052826
C01 850.022 93.96178
C01 869.967 90.861244
C01 875.002 89.40553
C01 899.999 83.234825
C01 919.999 74.29077
C01 925.012 71.32434
C01 949.965 57.516354
C01 975.002 42.423893
C01 999.976 25.944906
C01 1025.028 11.160877
C01 1050.014 3.8872707
C01 1075.002 2.1436448
C01 1099.99 1.6770443
C05 319.994 44.70158
C05 324.969 50.46305
C05 349.982 76.513054
C05 374.975 83.308495
C05 400.019 87.99756
C05 424.965 88.6092
C05 450.035 89.914566
C05 475.003 91.27848
C05 500.018 93.18105
C05 525.002 95.29971
C05 550.029 95.889786
C05 575.023 97.775894
C05 599.982 98.52069
C05 619.997 98.93198
C05 624.979 99.79569
C05 650.012 99.98206
C05 675.004 99.43593
C05 700.03 99.21799
C05 725.012 98.5896
C05 750.022 98.93187
C05 774.987 99.412476
C05 799.976 98.10585
C05 824.988 96.50493
C05 850.022 94.39701
C05 869.967 91.39361
C05 875.002 89.99626
C05 899.999 83.67869
C05 919.999 74.14165
C05 925.012 71.264755
C05 949.965 58.34891
C05 975.002 43.028355
C05 999.976 26.160517
C05 1025.028 11.088817
C05 1050.014 3.8499794
C05 1075.002 2.150188
C05 1099.99 1.690928
C04 319.994 44.733624
C04 324.969 50.498936
C04 349.982 76.59841
C04 374.975 83.43568
C04 400.019 88.13135
C04 424.965 88.74974
C04 450.035 90.059525
C04 475.003 91.425575
C04 500.018 93.332085
C04 525.002 95.45544
C04 550.029 96.05101
C04 575.023 97.93895
C04 599.982 98.68776
C04 619.997 99.103516
C04 624.979 99.969864
C04 650.012 100.15516
C04 675.004 99.609634
C04 700.03 99.383156
C04 725.012 98.728775
C04 750.022 99.0344
C04 774.987 99.48138
C04 799.976 98.15596
C04 824.988 96.542885
C04 850.022 94.451324
C04 869.967 91.346344
C04 875.002 89.91109
C04 899.999 83.68538
C04 919.999 74.256676
C04 925.012 71.31066
C04 949.965 58.076515
C04 975.002 42.866528
C04 999.976 26.166142
C04 1025.028 11.133441
C04 1050.014 3.8599687
C04 1075.002 2.1477637
C04 1099.99 1.6882297
C03 319.994 44.73821
C03 324.969 50.50524
C03 349.982 76.62573
C03 374.975 83.54441
C03 400.019 88.35861
C03 424.965 89.01953
C03 450.035 90.35294
C03 475.003 91.73653
C03 500.018 93.65491
C03 525.002 95.79105
C03 550.029 96.3897
C03 575.023 98.29002
C03 599.982 99.04317
C03 619.997 99.462296
C03 624.979 100.334114
C03 650.012 100.519455
C03 675.004 99.973816
C03 700.03 99.73331
C03 725.012 99.036194
C03 750.022 99.298935
C03 774.987 99.690605
C03 799.976 98.34533
C03 824.988 96.72081
C03 850.022 94.63437
C03 869.967 91.47712
C03 875.002 90.018234
C03 899.999 83.809265
C03 919.999 74.58496
C03 925.012 71.59866
C03 949.965 58.003937
C03 975.002 42.860905
C03 999.976 26.186523
C03 1025.028 11.187035
C03 1050.014 3.8821461
C03 1075.002 2.1497416
C03 1099.99 1.6885067
C07 319.994 44.679874
C07 324.969 50.43747
C07 349.982 76.451355
C07 374.975 83.264824
C07 400.019 87.98851
C07 424.965 88.62924
C07 450.035 89.95101
C07 475.003 91.32608
C07 500.018 93.240395
C07 525.002 95.36487
C07 550.029 95.95856
C07 575.023 97.84903
C07 599.982 98.593376
C07 619.997 99.00483
C07 624.979 99.87097
C07 650.012 100.05205
C07 675.004 99.50784
C07 700.03 99.27511
C07 725.012 98.614204
C07 750.022 98.907486
C07 774.987 99.33479
C07 799.976 98.023766
C07 824.988 96.45343
C07 850.022 94.38494
C07 869.967 91.54089
C07 875.002 90.18791
C07 899.999 83.74466
C07 919.999 74.63894
C07 925.012 71.879654
C07 949.965 58.69988
C07 975.002 43.237392
C07 999.976 26.174269
C07 1025.028 11.162102
C07 1050.014 3.9120326
C07 1075.002 2.1832306
C07 1099.99 1.7070956
C10 319.994 45.06834
C10 324.969 50.878246
C10 349.982 77.23007
C10 374.975 84.002594
C10 400.019 88.33692
C10 424.965 88.78963
C10 450.035 90.01053
C10 475.003 91.32412
C10 500.018 93.19226
C10 525.002 95.28782
C10 550.029 95.87179
C10 575.023 97.74395
C10 599.982 98.48357
C10 619.997 98.8933
C10 624.979 99.7597
C10 650.012 99.939285
C10 675.004 99.39594
C10 700.03 99.16839
C10 725.012 98.51115
C10 750.022 98.80317
C10 774.987 99.21939
C10 799.976 97.89347
C10 824.988 96.30731
C10 850.022 94.14362
C10 869.967 91.23982
C10 875.002 89.85019
C10 899.999 83.4702
C10 919.999 73.89161
C10 925.012 71.14157
C10 949.965 58.558132
C10 975.002 43.14109
C10 999.976 26.17618
C10 1025.028 11.089308
C10 1050.014 3.8742034
C10 1075.002 2.153141
C10 1099.99 1.6975851
C06 319.994 44.71419
C06 324.969 50.476467
C06 349.982 76.525955
C06 374.975 83.29873
C06 400.019 87.94385
C06 424.965 88.53967
C06 450.035 89.84056
C06 475.003 91.194954
C06 500.018 93.096405
C06 525.002 95.21094
C06 550.029 95.8
C06 575.023 97.68269
C06 599.982 98.42441
C06 619.997 98.83507
C06 624.979 99.70021
C06 650.012 99.880646
C06 675.004 99.33523
C06 700.03 99.12047
C06 725.012 98.495346
C06 750.022 98.83833
C06 774.987 99.32036
C06 799.976 98.02273
C06 824.988 96.4364
C06 850.022 94.34028
C06 869.967 91.456665
C06 875.002 90.08229
C06 899.999 83.63338
C06 919.999 74.24431
C06 925.012 71.455605
C06 949.965 58.563408
C06 975.002 43.13195
C06 999.976 26.151226
C06 1025.028 11.084182
C06 1050.014 3.8683531
C06 1075.002 2.1628776
C06 1099.99 1.698897
C15 319.994 44.70652
C15 324.969 50.468967
C15 349.982 76.766426
C15 374.975 83.751686
C15 400.019 88.16152
C15 424.965 88.61953
C15 450.035 89.82845
C15 475.003 91.13256
C15 500.018 92.993866
C15 525.002 95.082436
C15 550.029 95.66497
C15 575.023 97.54134
C15 599.982 98.28328
C15 619.997 98.69925
C15 624.979 99.56225
C15 650.012 99.75212
C15 675.004 99.21258
C15 700.03 98.96433
C15 725.012 98.24139
C15 750.022 98.4499
C15 774.987 98.78067
C15 799.976 97.42835
C15 824.988 95.8124
C15 850.022 93.67377
C15 869.967 90.666504
C15 875.002 89.21481
C15 899.999 82.81106
C15 919.999 73.620895
C15 925.012 70.79798
C15 949.965 57.520237
C15 975.002 42.33994
C15 999.976 25.898222
C15 1025.028 11.134064
C15 1050.014 3.8484952
C15 1075.002 2.116569
C15 1099.99 1.6645057
C00 319.994 44.301994
C00 324.969 50.023777
C00 349.982 75.99628
C00 374.975 82.99372
C00 400.019 87.97318
C00 424.965 88.70823
C00 450.035 90.07777
C00 475.003 91.47841
C00 500.018 93.41179
C00 525.002 95.561165
C00 550.029 96.172554
C00 575.023 98.08153
C00 599.982 98.84446
C00 619.997 99.2683
C00 624.979 100.14153
C00 650.012 100.333015
C00 675.004 99.79098
C00 700.03 99.516495
C00 725.012 98.71043
C00 750.022 98.81281
C00 774.987 99.04946
C00 799.976 97.648544
C00 824.988 96.038284
C00 850.022 93.93001
C00 869.967 90.82733
C00 875.002 89.38111
C00 899.999 83.16989
C00 919.999 74.32419
C00 925.012 71.37881
C00 949.965 57.42296
C00 975.002 42.354156
C00 999.976 25.906597
C00 1025.028 11.206689
C00 1050.014 3.908544
C00 1075.002 2.1438992
C00 1099.99 1.672313
C17 319.994 44.573933
C17 324.969 50.330257
C17 349.982 76.63456
C17 374.975 83.67237
C17 400.019 88.20302
C17 424.965 88.70983
C17 450.035 89.948524
C17 475.003 91.273926
C17 500.018 93.1518
C17 525.002 95.26118
C17 550.029 95.85205
C17 575.023 97.743965
C17 599.982 98.4992
C17 619.997 98.91813
C17 624.979 99.78497
C17 650.012 99.9789
C17 675.004 99.43531
C17 700.03 99.1674
C17 725.012 98.37044
C17 750.022 98.47719
C17 774.987 98.70603
C17 799.976 97.30179
C17 824.988 95.68177
C17 850.022 93.44685
C17 869.967 90.47071
C17 875.002 89.04282
C17 899.999 82.59004
C17 919.999 73.38908
C17 925.012 70.56039
C17 949.965 57.259064
C17 975.002 42.008923
C17 999.976 25.683924
C17 1025.028 11.11329
C17 1050.014 3.8611023
C17 1075.002 2.114096
C17 1099.99 1.6513339
C02 319.994 44.466736
C02 324.969 50.197727
C02 349.982 76.18797
C02 374.975 83.11699
C02 400.019 87.94097
C02 424.965 88.61014
C02 450.035 89.93784
C02 475.003 91.316414
C02 500.018 93.22422
C02 525.002 95.35327
C02 550.029 95.953514
C02 575.023 97.84539
C02 599.982 98.597374
C02 619.997 99.01654
C02 624.979 99.88435
C02 650.012 100.07311
C02 675.004 99.5304
C02 700.03 99.27468
C02 725.012 98.54518
C02 750.022 98.749084
C02 774.987 99.085655
C02 799.976 97.72668
C02 824.988 96.11296
C02 850.022 94.03578
C02 869.967 90.90349
C02 875.002 89.43986
C02 899.999 83.235756
C02 919.999 74.23452
C02 925.012 71.28862
C02 949.965 57.626873
C02 975.002 42.500896
C02 999.976 25.978077
C02 1025.028 11.130412
C02 1050.014 3.8735378
C02 1075.002 2.1388206
C02 1099.99 1.6780618
C16 319.994 44.751476
C16 324.969 50.520725
C16 349.982 76.86958
C16 374.975 83.90075
C16 400.019 88.34893
C16 424.965 88.81851
C16 450.035 90.036125
C16 475.003 91.34362
C16 500.018 93.20782
C16 525.002 95.30571
C16 550.029 95.88842
C16 575.023 97.77183
C16 599.982 98.51898
C16 619.997 98.93766
C16 624.979 99.80236
C16 650.012 99.99372
C16 675.004 99.44876
C16 700.03 99.19133
C16 725.012 98.428444
C16 750.022 98.58277
C16 774.987 98.862404
C16 799.976 97.48008
C16 824.988 95.868286
C16 850.022 93.67357
C16 869.967 90.6957
C16 875.002 89.267845
C16 899.999 82.88435
C16 919.999 73.660934
C16 925.012 70.81628
C16 949.965 57.47141
C16 975.002 42.203926
C16 999.976 25.830101
C16 1025.028 11.13537
C16 1050.014 3.8579535
C16 1075.002 2.116156
C16 1099.99 1.6607165
C13 319.994 44.965454
C13 324.969 50.761616
C13 349.982 77.17718
C13 374.975 84.07971
C13 400.019 88.39445
C13 424.965 88.81085
C13 450.035 90.00885
C13 475.003 91.303085
C13 500.018 93.15731
C13 525.002 95.25456
C13 550.029 95.8302
C13 575.023 97.70516
C13 599.982 98.44812
C13 619.997 98.86168
C13 624.979 99.72996
C13 650.012 99.91619
C13 675.004 99.37302
C13 700.03 99.1544
C13 725.012 98.50478
C13 750.022 98.8208
C13 774.987 99.258484
C13 799.976 97.93633
C13 824.988 96.31064
C13 850.022 94.17277
C13 869.967 91.08149
C13 875.002 89.64279
C13 899.999 83.37047
C13 919.999 73.81698
C13 925.012 70.89128
C13 949.965 57.82856
C13 975.002 42.784534
C13 999.976 26.120676
C13 1025.028 11.132002
C13 1050.014 3.8218737
C13 1075.002 2.1123948
C13 1099.99 1.674263
