lsstCam/transmission_sensor/r33_s21/19700101T000000.ecsv
# %ECSV 1.0
# ---
# datatype:
# - {name: amp_name, datatype: string}
# - {name: wavelength, unit: nm, datatype: float32}
# - {name: efficiency, unit: '%', datatype: float64}
# meta: !!omap
# - {MODE: AMP}
# - {TYPE: transmission_sensor}
# - {CALIBDATE: '1970-01-01T00:00:00'}
# - {INSTRUME: LSSTCam}
# - {OBSTYPE: transmission_sensor}
# - {DETECTOR: 151}
# - {PARQUETFILE: qe_raft_allvalues_nircorrected_20230725_adjust.parquet}
# - {CORRFILE: qe_corr_factor_bydetnum.parquet}
# - {CALIBCLS: lsst.ip.isr.IntermediateSensorTransmissionCurve}
# - {CALIB_ID: 'raftName=R33 detectorName=S21 detector=151 calibDate=1970-01-01T00:00:00 ccd=151 ccdnum=151 filter=None'}
# - {DATE: '2025-03-03T21:56:48.233363'}
# - {CALIB_CREATION_DATE: '2025-03-03'}
# - {CALIB_CREATION_TIME: '21:56:48'}
# - __serialized_columns__:
#     efficiency:
#       __class__: astropy.units.quantity.Quantity
#       unit: !astropy.units.Unit {unit: '%'}
#       value: !astropy.table.SerializedColumn {name: efficiency}
#     wavelength:
#       __class__: astropy.units.quantity.Quantity
#       unit: !astropy.units.Unit {unit: nm}
#       value: !astropy.table.SerializedColumn {name: wavelength}
# schema: astropy-2.0
amp_name wavelength efficiency
C00 319.994 41.569905273264716
C00 324.969 46.917332502136986
C00 349.982 68.42084292391198
C00 374.975 72.57166338956036
C00 400.019 81.0539020337577
C00 424.965 83.99837193716982
C00 450.035 87.13685339041083
C00 475.003 89.80095211212506
C00 500.018 91.87122505013923
C00 525.002 93.66961187345534
C00 550.029 95.27675484082546
C00 575.023 96.84391410999159
C00 599.982 97.909021291525
C00 619.997 97.80144520079482
C00 624.979 98.25220775028
C00 650.012 98.56145394103554
C00 675.004 98.48032638801361
C00 700.03 97.89029954851993
C00 725.012 97.70355224729326
C00 750.022 97.26070606058543
C00 774.987 97.39285017372809
C00 799.976 96.8306822584145
C00 824.988 94.93154379503834
C00 850.022 92.84079750501377
C00 869.967 89.80858033142967
C00 875.002 88.99623563727201
C00 899.999 82.07142762867436
C00 919.999 73.71584320619169
C00 925.012 70.96935061672009
C00 949.965 59.03590765004591
C00 975.002 43.77447202638263
C00 999.976 26.972249844031822
C00 1025.028 11.814996094730706
C00 1050.014 4.26077895315069
C00 1075.002 0.9265979744581418
C00 1099.99 0.09193619977767159
C01 319.994 42.100532852397855
C01 324.969 47.51703110477482
C01 349.982 69.36975245870195
C01 374.975 73.47666895837247
C01 400.019 81.71692774725288
C01 424.965 84.52245941774409
C01 450.035 87.5917561066359
C01 475.003 90.21583321653127
C01 500.018 92.26466979671827
C01 525.002 94.05081052244297
C01 550.029 95.64673105982222
C01 575.023 97.21803807845119
C01 599.982 98.27929323671745
C01 619.997 98.17042808308291
C01 624.979 98.62285883162079
C01 650.012 98.93215810143711
C01 675.004 98.85112912381373
C01 700.03 98.25481620698058
C01 725.012 98.05511761492659
C01 750.022 97.5984405415273
C01 774.987 97.71612440197224
C01 799.976 97.13771429406373
C01 824.988 95.23355606808353
C01 850.022 93.11915926512548
C01 869.967 89.94756406068839
C01 875.002 89.12094868190718
C01 899.999 82.38026435238969
C01 919.999 74.1189862554453
C01 925.012 71.25766849208723
C01 949.965 58.88622090731953
C01 975.002 43.653569300038285
C01 999.976 26.90341198925835
C01 1025.028 11.751581782559247
C01 1050.014 4.254792867288577
C01 1075.002 0.9298155544530381
C01 1099.99 0.0922554451088352
C02 319.994 42.41419218792009
C02 324.969 47.874753643457204
C02 349.982 69.96668715881839
C02 374.975 74.0315877905298
C02 400.019 82.0183637333526
C02 424.965 84.69290386459211
C02 450.035 87.69344800434384
C02 475.003 90.27809495481178
C02 500.018 92.29733616725929
C02 525.002 94.06677215428812
C02 550.029 95.65843878408297
C02 575.023 97.22248155410973
C02 599.982 98.28404002129469
C02 619.997 98.1728318062634
C02 624.979 98.62640754596926
C02 650.012 98.93679114516982
C02 675.004 98.85496598163495
C02 700.03 98.25968431512527
C02 725.012 98.05868907744396
C02 750.022 97.59598373928605
C02 774.987 97.70510670550146
C02 799.976 97.11977357152425
C02 824.988 95.20709994765232
C02 850.022 93.09421968928763
C02 869.967 89.86355507293906
C02 875.002 89.01887006532795
C02 899.999 82.30512715051154
C02 919.999 74.1731117319824
C02 925.012 71.3648123676083
C02 949.965 58.851097734537255
C02 975.002 43.553079263920594
C02 999.976 26.851766063131386
C02 1025.028 11.721187385387147
C02 1050.014 4.224407948520185
C02 1075.002 0.9297921487343195
C02 1099.99 0.09225312281492634
C03 319.994 42.71768309194381
C03 324.969 48.22085565919294
C03 349.982 70.54559014371974
C03 374.975 74.5917235360883
C03 400.019 82.3530272114929
C03 424.965 84.90079938017323
C03 450.035 87.8280110061129
C03 475.003 90.37024778702745
C03 500.018 92.36722612484441
C03 525.002 94.11619634258581
C03 550.029 95.69956747345498
C03 575.023 97.25743032426378
C03 599.982 98.31768456309842
C03 619.997 98.20176747710475
C03 624.979 98.65531288591876
C03 650.012 98.96945751571086
C03 675.004 98.88279457492315
C03 700.03 98.28791479273072
C03 725.012 98.08563049214504
C03 750.022 97.62925672766443
C03 774.987 97.73364049202557
C03 799.976 97.14164972728351
C03 824.988 95.21869393106859
C03 850.022 93.11733941161344
C03 869.967 89.85027772502417
C03 875.002 88.98117634945991
C03 899.999 82.25353430344535
C03 919.999 74.28227261181264
C03 925.012 71.4668075742349
C03 949.965 58.81084484966793
C03 975.002 43.44266723480082
C03 999.976 26.81560216162191
C03 1025.028 11.749996993459183
C03 1050.014 4.237646434979871
C03 1075.002 0.9301091387192667
C03 1099.99 0.09228457427002008
C04 319.994 42.95968190406818
C04 324.969 48.50064297122241
C04 349.982 71.05222219602439
C04 374.975 75.0817570078186
C04 400.019 82.60048179279188
C04 424.965 85.015093763452
C04 450.035 87.8711491170711
C04 475.003 90.3672450287326
C04 500.018 92.33251241910234
C04 525.002 94.07160234881798
C04 550.029 95.63801092841038
C04 575.023 97.19189284966161
C04 599.982 98.25278403722548
C04 619.997 98.13570679461787
C04 624.979 98.59047302182954
C04 650.012 98.90203952581292
C04 675.004 98.81894046481962
C04 700.03 98.22935342325802
C04 725.012 98.0312851166419
C04 750.022 97.57859655552315
C04 774.987 97.69029006482431
C04 799.976 97.10422140671932
C04 824.988 95.17111234445183
C04 850.022 93.07740120974724
C04 869.967 89.81435078360741
C04 875.002 88.93931971868311
C04 899.999 82.13083826311934
C04 919.999 74.30879697675056
C04 925.012 71.50572969122355
C04 949.965 58.8171347183689
C04 975.002 43.353733268484554
C04 999.976 26.77412466699344
C04 1025.028 11.744659704330918
C04 1050.014 4.242208864604965
C04 1075.002 0.9296265017027338
C04 1099.99 0.09223668746862919
C05 319.994 43.112720210345884
C05 324.969 48.67623987832639
C05 349.982 71.3861046536991
C05 374.975 75.39182971537751
C05 400.019 82.68811532211934
C05 424.965 84.98396668567324
C05 450.035 87.77654706533714
C05 475.003 90.23189342377498
C05 500.018 92.1717814403748
C05 525.002 93.88872223630437
C05 550.029 95.44782107095678
C05 575.023 96.99584154735466
C05 599.982 98.05062864293023
C05 619.997 97.93578830359785
C05 624.979 98.38894699354054
C05 650.012 98.69965664982868
C05 675.004 98.62137261791929
C05 700.03 98.03600157032726
C05 725.012 97.8490647010264
C05 750.022 97.41131410415228
C05 774.987 97.53666409751668
C05 799.976 96.95190725048494
C05 824.988 95.00372373495942
C05 850.022 92.9131063512253
C05 869.967 89.67347137360699
C05 875.002 88.78650510273292
C05 899.999 81.81582162018606
C05 919.999 74.15264596269498
C05 925.012 71.38221471681713
C05 949.965 58.71212537936299
C05 975.002 43.17955433057537
C05 999.976 26.63748779049295
C05 1025.028 11.69640609889123
C05 1050.014 4.243565698095839
C05 1075.002 0.9280328097802957
C05 1099.99 0.09207856282017958
C06 319.994 43.36384103819932
C06 324.969 48.96371607144421
C06 349.982 71.89103059333624
C06 374.975 75.90856195467397
C06 400.019 83.048059598631
C06 424.965 85.2493847376806
C06 450.035 87.99084239910225
C06 475.003 90.4152284996666
C06 500.018 92.33699380837572
C06 525.002 94.04767885785769
C06 550.029 95.60539005420715
C06 575.023 97.15093856291784
C06 599.982 98.20680998787769
C06 619.997 98.08858775410211
C06 624.979 98.5488287072958
C06 650.012 98.86101699456246
C06 675.004 98.78262680453155
C06 700.03 98.20272290019858
C06 725.012 98.0348717446052
C06 750.022 97.61685897561368
C06 774.987 97.75988429621371
C06 799.976 97.17772074043664
C06 824.988 95.20741842201693
C06 850.022 93.08367970436376
C06 869.967 89.84180024074728
C06 875.002 88.95738176479006
C06 899.999 81.85797397715857
C06 919.999 74.15793112060284
C06 925.012 71.39082110738447
C06 949.965 58.71742570271679
C06 975.002 43.12813209477593
C06 999.976 26.58103820936651
C06 1025.028 11.673454144311059
C06 1050.014 4.238738821007277
C06 1075.002 0.9299910253989333
C06 1099.99 0.09227285517488508
C07 319.994 43.402823816971704
C07 324.969 49.012222750262914
C07 349.982 72.04771998072246
C07 374.975 76.09418701290156
C07 400.019 83.1081299299741
C07 424.965 85.23692632384613
C07 450.035 87.93045359339455
C07 475.003 90.32873237878415
C07 500.018 92.23173803087339
C07 525.002 93.93104141318216
C07 550.029 95.48250444580698
C07 575.023 97.02812119902438
C07 599.982 98.08396229309234
C07 619.997 97.97178348952131
C07 624.979 98.42660279579374
C07 650.012 98.74146778426768
C07 675.004 98.67228301991848
C07 700.03 98.09977227047816
C07 725.012 97.95668628809439
C07 750.022 97.56929255444287
C07 774.987 97.7401237201622
C07 799.976 97.16332873224562
C07 824.988 95.1801433675053
C07 850.022 93.02266911537278
C07 869.967 89.81285698718295
C07 875.002 88.93314738218812
C07 899.999 81.68499690083962
C07 919.999 73.95064222285907
C07 925.012 71.20805473571536
C07 949.965 58.622008508263896
C07 975.002 43.054026143221265
C07 999.976 26.44396722197617
C07 1025.028 11.646251125667616
C07 1050.014 4.235108592386915
C07 1075.002 0.9295378619916025
C07 1099.99 0.09222789271792238
C10 319.994 40.07749269574396
C10 324.969 45.22161195643003
C10 349.982 65.95030078864863
C10 374.975 70.46098212085603
C10 400.019 79.90402759217828
C10 424.965 83.33860679455037
C10 450.035 86.72920620371497
C10 475.003 89.53981071587097
C10 500.018 91.71914595831682
C10 525.002 93.58813551517694
C10 550.029 95.24502872793232
C10 575.023 96.85111769681005
C10 599.982 97.94486482298913
C10 619.997 97.85431952804241
C10 624.979 98.31452256762127
C10 650.012 98.64363549254986
C10 675.004 98.59033653281614
C10 700.03 98.09312222243625
C10 725.012 98.14200045468033
C10 750.022 98.01187334584685
C10 774.987 98.47042335181895
C10 799.976 98.04127914551215
C10 824.988 96.10932265713562
C10 850.022 94.18965017996533
C10 869.967 91.168223221163
C10 875.002 90.29054578592329
C10 899.999 82.98927074746929
C10 919.999 74.58235887322428
C10 925.012 71.71298825807546
C10 949.965 59.49318375855958
C10 975.002 43.8390502865295
C10 999.976 27.06850872073403
C10 1025.028 11.951356201842907
C10 1050.014 4.3603192532167885
C10 1075.002 0.9337543033044858
C10 1099.99 0.09264624415142164
C11 319.994 40.49047053668551
C11 324.969 45.69394356139431
C11 349.982 66.75188559891639
C11 374.975 71.17880817323237
C11 400.019 80.22686202249035
C11 424.965 83.45538831096226
C11 450.035 86.72477789350235
C11 475.003 89.47133114475768
C11 500.018 91.60329711682985
C11 525.002 93.44399553430078
C11 550.029 95.08628442262209
C11 575.023 96.68105238611037
C11 599.982 97.7728659179329
C11 619.997 97.68164576064214
C11 624.979 98.1403170901817
C11 650.012 98.4698167339816
C11 675.004 98.4199375823059
C11 700.03 97.91896982405746
C11 725.012 97.97149534604857
C11 750.022 97.83762995479245
C11 774.987 98.28936309281738
C11 799.976 97.85684457479036
C11 824.988 95.91492438843544
C11 850.022 93.96563379535677
C11 869.967 90.959387447934
C11 875.002 90.09711810576285
C11 899.999 82.73945793932764
C11 919.999 74.24563289443701
C11 925.012 71.41466118839213
C11 949.965 59.44719833512734
C11 975.002 43.89979548021664
C11 999.976 26.979254384372414
C11 1025.028 11.845218932795682
C11 1050.014 4.303835549836998
C11 1075.002 0.9320942951637653
C11 1099.99 0.09248153966871749
C12 319.994 41.072334574905405
C12 324.969 46.357890575729954
C12 349.982 67.78221841292401
C12 374.975 72.12587510634141
C12 400.019 80.86262784691984
C12 424.965 83.91894291409245
C12 450.035 87.11098872237105
C12 475.003 89.80808745443683
C12 500.018 91.91180020073465
C12 525.002 93.73649149002264
C12 550.029 95.3649191607606
C12 575.023 96.96018000124172
C12 599.982 98.04591218924487
C12 619.997 97.95177268361189
C12 624.979 98.4106184157797
C12 650.012 98.73913230559391
C12 675.004 98.68535563431327
C12 700.03 98.18490350122656
C12 725.012 98.23561675242861
C12 750.022 98.10439014876494
C12 774.987 98.54705435012156
C12 799.976 98.1104563271384
C12 824.988 96.16091550420182
C12 850.022 94.15642268792475
C12 869.967 91.12725376897332
C12 875.002 90.28305405563206
C12 899.999 82.93096719057746
C12 919.999 74.28804306399039
C12 925.012 71.47467844067445
C12 949.965 59.570281094324656
C12 975.002 44.04705575159364
C12 999.976 27.056226605208536
C12 1025.028 11.848864326861976
C12 1050.014 4.2854280159148725
C12 1075.002 0.9346357063632602
C12 1099.99 0.09273369615318489
C13 319.994 41.514312539833526
C13 324.969 46.856511481220174
C13 349.982 68.49356123716372
C13 374.975 72.7688141866975
C13 400.019 81.2802842279319
C13 424.965 84.21861970846388
C13 450.035 87.34935920155579
C13 475.003 90.01306362167573
C13 500.018 92.09058564284616
C13 525.002 93.90013423436943
C13 550.029 95.51942472393239
C13 575.023 97.10601092933948
C13 599.982 98.18322013672793
C13 619.997 98.08506178792254
C13 624.979 98.5441880808401
C13 650.012 98.86856180391445
C13 675.004 98.80855213435508
C13 700.03 98.30624981686448
C13 725.012 98.3546124239468
C13 750.022 98.22209675737878
C13 774.987 98.66317616963534
C13 799.976 98.22379528732336
C13 824.988 96.26968208243778
C13 850.022 94.23617018536673
C13 869.967 91.1316214174022
C13 875.002 90.30715953194357
C13 899.999 83.07127031363241
C13 919.999 74.32738981346517
C13 925.012 71.47120555355566
C13 949.965 59.56720250880013
C13 975.002 44.09729887397174
C13 999.976 27.092365862868366
C13 1025.028 11.854255642891381
C13 1050.014 4.296782195717305
C13 1075.002 0.9357570914670894
C13 1099.99 0.0928449589529915
C14 319.994 41.76663143791572
C14 324.969 47.14232705800826
C14 349.982 68.9554248930723
C14 374.975 73.17903191647912
C14 400.019 81.46813102398876
C14 424.965 84.2830728536818
C14 450.035 87.34374040383737
C14 475.003 89.96156935000809
C14 500.018 92.01144476324154
C14 525.002 93.80183939655063
C14 550.029 95.40657864074028
C14 575.023 96.98091874855596
C14 599.982 98.05651283595249
C14 619.997 97.9551090817173
C14 624.979 98.41322687248028
C14 650.012 98.73261116384245
C14 675.004 98.67179014292564
C14 700.03 98.16988970975227
C14 725.012 98.22303701502666
C14 750.022 98.09511647857653
C14 774.987 98.53937305175619
C14 799.976 98.09560935556937
C14 824.988 96.13886494581433
C14 850.022 94.10871219501756
C14 869.967 90.97554623057628
C14 875.002 90.09689820679681
C14 899.999 83.05269264236372
C14 919.999 74.37718555518825
C14 925.012 71.22682197505823
C14 949.965 59.39236387399283
C14 975.002 44.216442408587795
C14 999.976 27.132971344355653
C14 1025.028 11.833749116468006
C14 1050.014 4.284396765591386
C14 1075.002 0.934547356490252
C14 1099.99 0.09272493015995038
C15 319.994 42.05204892174805
C15 324.969 47.46884290032072
C15 349.982 69.52161923428129
C15 374.975 73.74590870275512
C15 400.019 81.84350614173789
C15 424.965 84.54639807415032
C15 450.035 87.54952033971075
C15 475.003 90.13318911891598
C15 500.018 92.16057417582985
C15 525.002 93.94193778608548
C15 550.029 95.54474343591858
C15 575.023 97.11707412214807
C15 599.982 98.19516292540067
C15 619.997 98.09182557680893
C15 624.979 98.5525973206103
C15 650.012 98.87371805553188
C15 675.004 98.81673389243628
C15 700.03 98.31550073888398
C15 725.012 98.3817813203369
C15 750.022 98.26791915226724
C15 774.987 98.72700753156997
C15 799.976 98.28403243857171
C15 824.988 96.31592910981239
C15 850.022 94.24991007938259
C15 869.967 91.11089025281093
C15 875.002 90.25332978160216
C15 899.999 83.07903502195043
C15 919.999 74.43219821031248
C15 925.012 71.54892088124252
C15 949.965 59.30073045830038
C15 975.002 44.013953374482014
C15 999.976 27.149124439955706
C15 1025.028 11.877789571459257
C15 1050.014 4.286700017692556
C15 1075.002 0.9361936387599221
C15 1099.99 0.0928882727743386
C16 319.994 42.15651988742332
C16 324.969 47.591800544589084
C16 349.982 69.75870065056166
C16 374.975 73.96446552682757
C16 400.019 81.86227338108075
C16 424.965 84.46165356227321
C16 450.035 87.40117953031098
C16 475.003 89.94688919834434
C16 500.018 91.94891762965719
C16 525.002 93.71027043400339
C16 550.029 95.29958641967855
C16 575.023 96.86652578987862
C16 599.982 97.93951900329752
C16 619.997 97.8383275653054
C16 624.979 98.29590698273775
C16 650.012 98.61940869267089
C16 675.004 98.56387282966196
C16 700.03 98.0694413786109
C16 725.012 98.14570082348814
C16 750.022 98.05003719053883
C16 774.987 98.52611086928722
C16 799.976 98.08280213647842
C16 824.988 96.11726935080485
C16 850.022 94.05514783998
C16 869.967 90.89449450478402
C16 875.002 90.03512176278618
C16 899.999 82.86963054449892
C16 919.999 74.27638083606743
C16 925.012 71.37060556795494
C16 949.965 59.17447053817997
C16 975.002 43.85645642709982
C16 999.976 27.039878254492088
C16 1025.028 11.851078481968287
C16 1050.014 4.287411845811065
C16 1075.002 0.9341178876174157
C16 1099.99 0.0926823186529325
C17 319.994 42.488373966704415
C17 324.969 47.967475179895395
C17 349.982 70.36928425201836
C17 374.975 74.57854476357197
C17 400.019 82.33185624896956
C17 424.965 84.84225317614647
C17 450.035 87.74082485744047
C17 475.003 90.2638091047423
C17 500.018 92.25062659378372
C17 525.002 94.00801363401828
C17 550.029 95.59329561107508
C17 575.023 97.16439031346097
C17 599.982 98.23814938189953
C17 619.997 98.13775412981892
C17 624.979 98.59969361295718
C17 650.012 98.9235896244846
C17 675.004 98.86711350382778
C17 700.03 98.38016620034497
C17 725.012 98.4735625991272
C17 750.022 98.39944906484958
C17 774.987 98.90166038966458
C17 799.976 98.46698837831498
C17 824.988 96.48284000775787
C17 850.022 94.41802663027981
C17 869.967 91.22491165806291
C17 875.002 90.36062531158257
C17 899.999 83.18046910707749
C17 919.999 74.57534485447998
C17 925.012 71.56865112640217
C17 949.965 59.430262323380965
C17 975.002 44.028098944176605
C17 999.976 27.142028906939508
C17 1025.028 11.938287378809605
C17 1050.014 4.326886553735924
C17 1075.002 0.9374467168965129
C17 1099.99 0.09301260203587192
