lsstCam/transmission_sensor/r33_s21/19700101T000000.ecsv
# %ECSV 1.0
# ---
# datatype:
# - {name: amp_name, datatype: string}
# - {name: wavelength, unit: nm, datatype: float32}
# - {name: efficiency, unit: '%', datatype: float64}
# meta: !!omap
# - {MODE: AMP}
# - {TYPE: transmission_sensor}
# - {CALIBDATE: '1970-01-01T00:00:00'}
# - {INSTRUME: LSSTCAM}
# - {OBSTYPE: transmission_sensor}
# - {DETECTOR: 151}
# - {PARQUETFILE: qe_raft_allvalues_nircorrected_20230725.parquet}
# - {CALIBCLS: lsst.ip.isr.IntermediateSensorTransmissionCurve}
# - {CALIB_ID: 'raftName=R33 detectorName=S21 detector=151 calibDate=1970-01-01T00:00:00 ccd=151 ccdnum=151 filter=None'}
# - {DATE: '2024-01-18T22:42:25.512157'}
# - {CALIB_CREATION_DATE: '2024-01-18'}
# - {CALIB_CREATION_TIME: '22:42:25'}
# - __serialized_columns__:
#     efficiency:
#       __class__: astropy.units.quantity.Quantity
#       unit: !astropy.units.Unit {unit: '%'}
#       value: !astropy.table.SerializedColumn {name: efficiency}
#     wavelength:
#       __class__: astropy.units.quantity.Quantity
#       unit: !astropy.units.Unit {unit: nm}
#       value: !astropy.table.SerializedColumn {name: wavelength}
# schema: astropy-2.0
amp_name wavelength efficiency
C00 319.994 41.825767517089844
C00 324.969 47.20610809326172
C00 349.982 68.84197235107422
C00 374.975 73.01834106445312
C00 400.019 81.55278778076172
C00 424.965 84.515380859375
C00 450.035 87.67317962646484
C00 475.003 90.35367584228516
C00 500.018 92.43669128417969
C00 525.002 94.24614715576172
C00 550.029 95.8631820678711
C00 575.023 97.43998718261719
C00 599.982 98.51165008544922
C00 619.997 98.40341186523438
C00 624.979 98.85694885253906
C00 650.012 99.16809844970703
C00 675.004 99.08647155761719
C00 700.03 98.49281311035156
C00 725.012 98.30491638183594
C00 750.022 97.85934448242188
C00 774.987 97.99230194091797
C00 799.976 97.42667388916016
C00 824.988 95.5158462524414
C00 850.022 93.4122314453125
C00 869.967 90.3613510131836
C00 875.002 89.54400634765625
C00 899.999 82.57657623291016
C00 919.999 74.16956329345703
C00 925.012 71.40616607666016
C00 949.965 59.39927291870117
C00 975.002 44.04390335083008
C00 999.976 27.138263702392578
C00 1025.028 11.887717247009277
C00 1050.014 4.287003993988037
C00 1075.002 0.9323011733302632
C00 1099.99 0.09250206593034234
C01 319.994 42.35966110229492
C01 324.969 47.80949783325195
C01 349.982 69.79672241210938
C01 374.975 73.92891693115234
C01 400.019 82.21989440917969
C01 424.965 85.04269409179688
C01 450.035 88.1308822631836
C01 475.003 90.77111053466797
C01 500.018 92.83255767822266
C01 525.002 94.62969207763672
C01 550.029 96.23543548583984
C01 575.023 97.81641387939453
C01 599.982 98.88420104980469
C01 619.997 98.77466583251953
C01 624.979 99.2298812866211
C01 650.012 99.54108428955078
C01 675.004 99.45955657958984
C01 700.03 98.85957336425781
C01 725.012 98.65864562988281
C01 750.022 98.19915771484375
C01 774.987 98.31756591796875
C01 799.976 97.735595703125
C01 824.988 95.81971740722656
C01 850.022 93.69230651855469
C01 869.967 90.50119018554688
C01 875.002 89.66948699951172
C01 899.999 82.88731384277344
C01 919.999 74.57518768310547
C01 925.012 71.69625854492188
C01 949.965 59.24866485595703
C01 975.002 43.92225646972656
C01 999.976 27.069002151489258
C01 1025.028 11.823912620544434
C01 1050.014 4.280981063842773
C01 1075.002 0.9355385574895368
C01 1099.99 0.09282327621250176
C02 319.994 42.67525100708008
C02 324.969 48.1694221496582
C02 349.982 70.39733123779297
C02 374.975 74.48725128173828
C02 400.019 82.52318572998047
C02 424.965 85.21418762207031
C02 450.035 88.23320007324219
C02 475.003 90.83375549316406
C02 500.018 92.86542510986328
C02 525.002 94.645751953125
C02 550.029 96.2472152709961
C02 575.023 97.82088470458984
C02 599.982 98.88897705078125
C02 619.997 98.77708435058594
C02 624.979 99.23345184326172
C02 650.012 99.54574584960938
C02 675.004 99.46341705322266
C02 700.03 98.86447143554688
C02 725.012 98.66223907470703
C02 750.022 98.19668579101562
C02 774.987 98.30648040771484
C02 799.976 97.71754455566406
C02 824.988 95.79309844970703
C02 850.022 93.6672134399414
C02 869.967 90.41666412353516
C02 875.002 89.56678009033203
C02 899.999 82.81171417236328
C02 919.999 74.62964630126953
C02 925.012 71.80406188964844
C02 949.965 59.21332550048828
C02 975.002 43.82114791870117
C02 999.976 27.017038345336914
C02 1025.028 11.793331146240234
C02 1050.014 4.250409126281738
C02 1075.002 0.935515007708914
C02 1099.99 0.09282093962490312
C03 319.994 42.98060989379883
C03 324.969 48.51765441894531
C03 349.982 70.97979736328125
C03 374.975 75.05083465576172
C03 400.019 82.85990905761719
C03 424.965 85.4233627319336
C03 450.035 88.36859130859375
C03 475.003 90.92647552490234
C03 500.018 92.93574523925781
C03 525.002 94.69548034667969
C03 550.029 96.2885971069336
C03 575.023 97.85604858398438
C03 599.982 98.9228286743164
C03 619.997 98.80619812011719
C03 624.979 99.26253509521484
C03 650.012 99.57861328125
C03 675.004 99.49141693115234
C03 700.03 98.89287567138672
C03 725.012 98.68934631347656
C03 750.022 98.23016357421875
C03 774.987 98.33518981933594
C03 799.976 97.73955535888672
C03 824.988 95.80476379394531
C03 850.022 93.69047546386719
C03 869.967 90.40330505371094
C03 875.002 89.52885437011719
C03 899.999 82.75980377197266
C03 919.999 74.7394790649414
C03 925.012 71.90668487548828
C03 949.965 59.17282485961914
C03 975.002 43.71005630493164
C03 999.976 26.98065185546875
C03 1025.028 11.822318077087402
C03 1050.014 4.263729095458984
C03 1075.002 0.9358339487632295
C03 1099.99 0.09285258466330716
C04 319.994 43.224098205566406
C04 324.969 48.799163818359375
C04 349.982 71.48954772949219
C04 374.975 75.54388427734375
C04 400.019 83.10888671875
C04 424.965 85.53836059570312
C04 450.035 88.41199493408203
C04 475.003 90.92345428466797
C04 500.018 92.90081787109375
C04 525.002 94.6506118774414
C04 550.029 96.2266616821289
C04 575.023 97.79010772705078
C04 599.982 98.85752868652344
C04 619.997 98.73973083496094
C04 624.979 99.19729614257812
C04 650.012 99.51078033447266
C04 675.004 99.42716979980469
C04 700.03 98.83395385742188
C04 725.012 98.6346664428711
C04 750.022 98.17919158935547
C04 774.987 98.29157257080078
C04 799.976 97.70189666748047
C04 824.988 95.75688934326172
C04 850.022 93.6502914428711
C04 869.967 90.36715698242188
C04 875.002 89.48674011230469
C04 899.999 82.6363525390625
C04 919.999 74.76616668701172
C04 925.012 71.94584655761719
C04 949.965 59.17915344238281
C04 975.002 43.620574951171875
C04 999.976 26.938919067382812
C04 1025.028 11.816947937011719
C04 1050.014 4.268319606781006
C04 1075.002 0.9353483411219334
C04 1099.99 0.09280440311925633
C05 319.994 43.37807846069336
C05 324.969 48.9758415222168
C05 349.982 71.82548522949219
C05 374.975 75.85586547851562
C05 400.019 83.19705963134766
C05 424.965 85.50704193115234
C05 450.035 88.31681060791016
C05 475.003 90.78726959228516
C05 500.018 92.73909759521484
C05 525.002 94.46660614013672
C05 550.029 96.0353012084961
C05 575.023 97.59284973144531
C05 599.982 98.65412902832031
C05 619.997 98.53858184814453
C05 624.979 98.9945297241211
C05 650.012 99.3071517944336
C05 675.004 99.22838592529297
C05 700.03 98.63941192626953
C05 725.012 98.45132446289062
C05 750.022 98.01087951660156
C05 774.987 98.13700103759766
C05 799.976 97.54864501953125
C05 824.988 95.58847045898438
C05 850.022 93.4849853515625
C05 869.967 90.22541046142578
C05 875.002 89.3329849243164
C05 899.999 82.31939697265625
C05 919.999 74.60905456542969
C05 925.012 71.82157135009766
C05 949.965 59.0734977722168
C05 975.002 43.4453239440918
C05 999.976 26.801441192626953
C05 1025.028 11.768397331237793
C05 1050.014 4.269684791564941
C05 1075.002 0.9337448400457684
C05 1099.99 0.09264530521558542
C06 319.994 43.63074493408203
C06 324.969 49.26508712768555
C06 349.982 72.3335189819336
C06 374.975 76.37577819824219
C06 400.019 83.55921936035156
C06 424.965 85.77409362792969
C06 450.035 88.53242492675781
C06 475.003 90.97173309326172
C06 500.018 92.90532684326172
C06 525.002 94.62654113769531
C06 550.029 96.19384002685547
C06 575.023 97.7489013671875
C06 599.982 98.81127166748047
C06 619.997 98.69232177734375
C06 624.979 99.1553955078125
C06 650.012 99.4695053100586
C06 675.004 99.39063262939453
C06 700.03 98.80715942382812
C06 725.012 98.63827514648438
C06 750.022 98.21768951416016
C06 774.987 98.3615951538086
C06 799.976 97.77584838867188
C06 824.988 95.79341888427734
C06 850.022 93.65660858154297
C06 869.967 90.394775390625
C06 875.002 89.50491333007812
C06 899.999 82.36180877685547
C06 919.999 74.61437225341797
C06 925.012 71.83023071289062
C06 949.965 59.07883071899414
C06 975.002 43.393585205078125
C06 999.976 26.744644165039062
C06 1025.028 11.745304107666016
C06 1050.014 4.264828205108643
C06 1075.002 0.9357151084568958
C06 1099.99 0.09284079343728908
C07 319.994 43.66996765136719
C07 324.969 49.31389236450195
C07 349.982 72.49117279052734
C07 374.975 76.56254577636719
C07 400.019 83.61965942382812
C07 424.965 85.76155853271484
C07 450.035 88.47166442871094
C07 475.003 90.88470458984375
C07 500.018 92.79942321777344
C07 525.002 94.50918579101562
C07 550.029 96.07019805908203
C07 575.023 97.62532806396484
C07 599.982 98.68766784667969
C07 619.997 98.57479858398438
C07 624.979 99.03241729736328
C07 650.012 99.3492202758789
C07 675.004 99.27960968017578
C07 700.03 98.70357513427734
C07 725.012 98.55960845947266
C07 750.022 98.16983032226562
C07 774.987 98.34171295166016
C07 799.976 97.76136779785156
C07 824.988 95.76597595214844
C07 850.022 93.59522247314453
C07 869.967 90.36565399169922
C07 875.002 89.48052978515625
C07 899.999 82.1877670288086
C07 919.999 74.40580749511719
C07 925.012 71.6463394165039
C07 949.965 58.982826232910156
C07 975.002 43.31902313232422
C07 999.976 26.60672950744629
C07 1025.028 11.717933654785156
C07 1050.014 4.261175632476807
C07 1075.002 0.9352591558344956
C07 1099.99 0.0927955542369696
C10 319.994 40.32416915893555
C10 324.969 45.49995040893555
C10 349.982 66.3562240600586
C10 374.975 70.89466857910156
C10 400.019 80.39583587646484
C10 424.965 83.85155487060547
C10 450.035 87.26302337646484
C10 475.003 90.09092712402344
C10 500.018 92.28367614746094
C10 525.002 94.16416931152344
C10 550.029 95.83126068115234
C10 575.023 97.44723510742188
C10 599.982 98.54771423339844
C10 619.997 98.45661163330078
C10 624.979 98.91964721679688
C10 650.012 99.25078582763672
C10 675.004 99.19715881347656
C10 700.03 98.69688415527344
C10 725.012 98.74606323242188
C10 750.022 98.6151351928711
C10 774.987 99.07650756835938
C10 799.976 98.64472198486328
C10 824.988 96.70087432861328
C10 850.022 94.7693862915039
C10 869.967 91.72936248779297
C10 875.002 90.84628295898438
C10 899.999 83.50006866455078
C10 919.999 75.04141235351562
C10 925.012 72.15438079833984
C10 949.965 59.8593635559082
C10 975.002 44.10887908935547
C10 999.976 27.23511505126953
C10 1025.028 12.024916648864746
C10 1050.014 4.387156963348389
C10 1075.002 0.9395015492905985
C10 1099.99 0.09321648061827735
C11 319.994 40.739688873291016
C11 324.969 45.975189208984375
C11 349.982 67.1627426147461
C11 374.975 71.61691284179688
C11 400.019 80.72065734863281
C11 424.965 83.96905517578125
C11 450.035 87.2585678100586
C11 475.003 90.02202606201172
C11 500.018 92.1671142578125
C11 525.002 94.0191421508789
C11 550.029 95.67153930664062
C11 575.023 97.276123046875
C11 599.982 98.3746566772461
C11 619.997 98.28287506103516
C11 624.979 98.74436950683594
C11 650.012 99.07589721679688
C11 675.004 99.02571105957031
C11 700.03 98.52165985107422
C11 725.012 98.57450866699219
C11 750.022 98.4398193359375
C11 774.987 98.89433288574219
C11 799.976 98.45915222167969
C11 824.988 96.50527954101562
C11 850.022 94.54399108886719
C11 869.967 91.51924133300781
C11 875.002 90.65166473388672
C11 899.999 83.24871826171875
C11 919.999 74.7026138305664
C11 925.012 71.85421752929688
C11 949.965 59.81309509277344
C11 975.002 44.16999816894531
C11 999.976 27.14531135559082
C11 1025.028 11.918126106262207
C11 1050.014 4.330325603485107
C11 1075.002 0.9378313238206619
C11 1099.99 0.09305076238155487
C12 319.994 41.32513427734375
C12 324.969 46.64322280883789
C12 349.982 68.19941711425781
C12 374.975 72.56980895996094
C12 400.019 81.36033630371094
C12 424.965 84.43546295166016
C12 450.035 87.64715576171875
C12 475.003 90.36085510253906
C12 500.018 92.4775161743164
C12 525.002 94.31343841552734
C12 550.029 95.95188903808594
C12 575.023 97.55696868896484
C12 599.982 98.64938354492188
C12 619.997 98.5546646118164
C12 624.979 99.0163345336914
C12 650.012 99.34687042236328
C12 675.004 99.29276275634766
C12 700.03 98.78923034667969
C12 725.012 98.84025573730469
C12 750.022 98.70822143554688
C12 774.987 99.15361022949219
C12 799.976 98.71432495117188
C12 824.988 96.7527847290039
C12 850.022 94.73595428466797
C12 869.967 91.68814086914062
C12 875.002 90.8387451171875
C12 899.999 83.44140625
C12 919.999 74.74528503417969
C12 925.012 71.91460418701172
C12 949.965 59.93693542480469
C12 975.002 44.31816482543945
C12 999.976 27.22275733947754
C12 1025.028 11.921793937683105
C12 1050.014 4.31180477142334
C12 1075.002 0.9403883773741076
C12 1099.99 0.09330447088601092
C13 319.994 41.769832611083984
C13 324.969 47.14491271972656
C13 349.982 68.9151382446289
C13 374.975 73.21670532226562
C13 400.019 81.78056335449219
C13 424.965 84.73698425292969
C13 450.035 87.88699340820312
C13 475.003 90.56709289550781
C13 500.018 92.65740203857422
C13 525.002 94.47808837890625
C13 550.029 96.10734558105469
C13 575.023 97.70369720458984
C13 599.982 98.78753662109375
C13 619.997 98.68877410888672
C13 624.979 99.15072631835938
C13 650.012 99.47709655761719
C13 675.004 99.41671752929688
C13 700.03 98.91132354736328
C13 725.012 98.9599838256836
C13 750.022 98.82665252685547
C13 774.987 99.27044677734375
C13 799.976 98.82836151123047
C13 824.988 96.86222076416016
C13 850.022 94.81619262695312
C13 869.967 91.69253540039062
C13 875.002 90.86299896240234
C13 899.999 83.58257293701172
C13 919.999 74.78487396240234
C13 925.012 71.9111099243164
C13 949.965 59.933837890625
C13 975.002 44.368717193603516
C13 999.976 27.259119033813477
C13 1025.028 11.927218437194824
C13 1050.014 4.32322883605957
C13 1075.002 0.941516664589139
C13 1099.99 0.09341641850695016
C14 319.994 42.023704528808594
C14 324.969 47.43248748779297
C14 349.982 69.37984466552734
C14 374.975 73.62944793701172
C14 400.019 81.96956634521484
C14 424.965 84.80183410644531
C14 450.035 87.88134002685547
C14 475.003 90.5152816772461
C14 500.018 92.57777404785156
C14 525.002 94.37918853759766
C14 550.029 95.99380493164062
C14 575.023 97.57783508300781
C14 599.982 98.66004943847656
C14 619.997 98.55802154541016
C14 624.979 99.01895904541016
C14 650.012 99.3403091430664
C14 675.004 99.27911376953125
C14 700.03 98.77412414550781
C14 725.012 98.82759857177734
C14 750.022 98.69889068603516
C14 774.987 99.14588165283203
C14 799.976 98.69938659667969
C14 824.988 96.73059844970703
C14 850.022 94.68795013427734
C14 869.967 91.5354995727539
C14 875.002 90.65144348144531
C14 899.999 83.56388092041016
C14 919.999 74.83497619628906
C14 925.012 71.66522216796875
C14 949.965 59.7579231262207
C14 975.002 44.48859405517578
C14 999.976 27.29997444152832
C14 1025.028 11.906585693359375
C14 1050.014 4.31076717376709
C14 1075.002 0.940299483708743
C14 1099.99 0.09329565093819837
C15 319.994 42.31087875366211
C15 324.969 47.76101303100586
C15 349.982 69.94952392578125
C15 374.975 74.19981384277344
C15 400.019 82.34725189208984
C15 424.965 85.06678009033203
C15 450.035 88.08838653564453
C15 475.003 90.68795776367188
C15 500.018 92.72782135009766
C15 525.002 94.52014923095703
C15 550.029 96.13282012939453
C15 575.023 97.71482849121094
C15 599.982 98.79955291748047
C15 619.997 98.6955795288086
C15 624.979 99.15918731689453
C15 650.012 99.48228454589844
C15 675.004 99.4249496459961
C15 700.03 98.9206314086914
C15 725.012 98.98731994628906
C15 750.022 98.87275695800781
C15 774.987 99.33467102050781
C15 799.976 98.88896942138672
C15 824.988 96.90875244140625
C15 850.022 94.83001708984375
C15 869.967 91.67167663574219
C15 875.002 90.808837890625
C15 899.999 83.59038543701172
C15 919.999 74.89032745361328
C15 925.012 71.98930358886719
C15 949.965 59.66572570800781
C15 975.002 44.28485870361328
C15 999.976 27.316226959228516
C15 1025.028 11.950897216796875
C15 1050.014 4.313084602355957
C15 1075.002 0.9419558988250654
C15 1099.99 0.09345999892432258
C16 319.994 42.415992736816406
C16 324.969 47.884727478027344
C16 349.982 70.18806457519531
C16 374.975 74.41971588134766
C16 400.019 82.36613464355469
C16 424.965 84.98151397705078
C16 450.035 87.93913269042969
C16 475.003 90.5005111694336
C16 500.018 92.51486206054688
C16 525.002 94.28705596923828
C16 550.029 95.88615417480469
C16 575.023 97.46273803710938
C16 599.982 98.5423355102539
C16 619.997 98.44052124023438
C16 624.979 98.90091705322266
C16 650.012 99.22640991210938
C16 675.004 99.1705322265625
C16 700.03 98.67305755615234
C16 725.012 98.74978637695312
C16 750.022 98.65353393554688
C16 774.987 99.13253784179688
C16 799.976 98.6865005493164
C16 824.988 96.70886993408203
C16 850.022 94.6340560913086
C16 869.967 91.45394897460938
C16 875.002 90.58928680419922
C16 899.999 83.37969207763672
C16 919.999 74.73355102539062
C16 925.012 71.80989074707031
C16 949.965 59.53868865966797
C16 975.002 44.12639236450195
C16 999.976 27.206308364868164
C16 1025.028 11.92402172088623
C16 1050.014 4.313800811767578
C16 1075.002 0.9398673714603989
C16 1099.99 0.09325277715789104
C17 319.994 42.7498893737793
C17 324.969 48.26271438598633
C17 349.982 70.80240631103516
C17 374.975 75.0375747680664
C17 400.019 82.83860778808594
C17 424.965 85.36445617675781
C17 450.035 88.28086853027344
C17 475.003 90.81938171386719
C17 500.018 92.81842803955078
C17 525.002 94.58663177490234
C17 550.029 96.18167114257812
C17 575.023 97.76243591308594
C17 599.982 98.84280395507812
C17 619.997 98.74179077148438
C17 624.979 99.20657348632812
C17 650.012 99.53246307373047
C17 675.004 99.47563934326172
C17 700.03 98.9856948852539
C17 725.012 99.07966613769531
C17 750.022 99.00509643554688
C17 774.987 99.5103988647461
C17 799.976 99.07305145263672
C17 824.988 97.07669067382812
C17 850.022 94.9991683959961
C17 869.967 91.7863998413086
C17 875.002 90.91679382324219
C17 899.999 83.69244384765625
C17 919.999 75.03435516357422
C17 925.012 72.0091552734375
C17 949.965 59.79605484008789
C17 975.002 44.29909133911133
C17 999.976 27.3090877532959
C17 1025.028 12.011767387390137
C17 1050.014 4.353518486022949
C17 1075.002 0.9432166896418177
C17 1099.99 0.09358509343089604
