lsstCam/transmission_filter_detector/r02_s02/g_6/19700101T000000.ecsv
# %ECSV 1.0
# ---
# datatype:
# - {name: wavelength, unit: nm, datatype: float32}
# - {name: efficiency, unit: '%', datatype: float64}
# meta: !!omap
# - {MODE: DETECTOR}
# - {TYPE: transmission_filter_detector}
# - {CALIBDATE: '1970-01-01T00:00:00'}
# - {INSTRUME: LSSTCam}
# - {OBSTYPE: transmission_filter_detector}
# - {CALIBCLS: lsst.ip.isr.IntermediateFilterDetectorTransmissionCurve}
# - {SOURCE: Materion (DM-46256)}
# - {DETECTOR: 11}
# - {FILTER: g_6}
# - {CALIB_ID: 'calibDate=1970-01-01T00:00:00 filter=g_6 detector=11'}
# - {DATE: '2025-04-02T15:59:42.081174'}
# - {CALIB_CREATION_DATE: '2025-04-02'}
# - {CALIB_CREATION_TIME: '15:59:42'}
# - __serialized_columns__:
#     efficiency:
#       __class__: astropy.units.quantity.Quantity
#       unit: !astropy.units.Unit {unit: '%'}
#       value: !astropy.table.SerializedColumn {name: efficiency}
#     wavelength:
#       __class__: astropy.units.quantity.Quantity
#       unit: !astropy.units.Unit {unit: nm}
#       value: !astropy.table.SerializedColumn {name: wavelength}
# schema: astropy-2.0
wavelength efficiency
300.0 0.5034664180129766
301.0 0.3690309589728713
302.0 0.23459543008357286
303.0 0.21400582045316696
304.0 0.19341621082276106
305.0 0.20275460556149483
306.0 0.21209297701716423
307.0 0.22111560683697462
308.0 0.23013821337372065
309.0 0.22061122581362724
310.0 0.2110842615365982
311.0 0.2070282120257616
312.0 0.20297218579798937
313.0 0.19751312211155891
314.0 0.19205404678359628
315.0 0.1838533440604806
316.0 0.17565267626196146
317.0 0.1774421543814242
318.0 0.17923165578395128
319.0 0.1638264744542539
320.0 0.14842126984149218
321.0 0.14203926548361778
322.0 0.13565728440880775
323.0 0.11509995674714446
324.0 0.09454265818931162
325.0 0.08610369986854494
326.0 0.07766473572701216
327.0 0.07083796663209796
328.0 0.06401119753718376
329.0 0.06129613029770553
330.0 0.0585810630582273
331.0 0.05473849596455693
332.0 0.050895928870886564
333.0 0.04732408851850778
334.0 0.04375224816612899
335.0 0.04224806325510144
336.0 0.040743875433690846
337.0 0.041562458500266075
338.0 0.042381041566841304
339.0 0.040819941204972565
340.0 0.039258840843103826
341.0 0.03752058546524495
342.0 0.035782327177003026
343.0 0.03246960695832968
344.0 0.02915688673965633
345.0 0.02571618533693254
346.0 0.022275482479017228
347.0 0.020985100127290934
348.0 0.019694714865181595
349.0 0.018133613048121333
350.0 0.8164928294718266
351.0 1.0449367575347424
352.0 0.5540626123547554
353.0 0.8260586299002171
354.0 0.5080826580524445
355.0 0.6696632131934166
356.0 0.5889300722628832
357.0 0.9846888482570648
358.0 0.4117406904697418
359.0 0.9269275702536106
360.0 0.7186402101069689
361.0 0.644357455894351
362.0 0.5085960030555725
363.0 0.7441417779773474
364.0 0.35475813783705235
365.0 0.7819587364792824
366.0 0.46493466943502426
367.0 0.5172761622816324
368.0 0.43676826171576977
369.0 0.6406994536519051
370.0 0.3387524513527751
371.0 0.5581400357186794
372.0 0.3639622824266553
373.0 0.5940483417361975
374.0 0.32136503141373396
375.0 0.44885952956974506
376.0 0.36597263533622026
377.0 0.5655817687511444
378.0 0.3088615369051695
379.0 0.5831493996083736
380.0 0.39181592874228954
381.0 0.6019108928740025
382.0 0.5811978597193956
383.0 0.5569738801568747
384.0 0.5601796321570873
385.0 0.6761729251593351
386.0 0.6632015109062195
387.0 0.7599466014653444
388.0 0.9921218268573284
389.0 1.3520789332687855
390.0 2.014109492301941
391.0 3.199201822280884
392.0 4.911640286445618
393.0 7.784241437911987
394.0 11.722470819950104
395.0 16.902047395706177
396.0 23.149803280830383
397.0 30.97570836544037
398.0 40.063223242759705
399.0 49.59980845451355
400.0 58.99437069892883
401.0 67.78684854507446
402.0 75.59807300567627
403.0 81.79747462272644
404.0 86.25296950340271
405.0 89.4403338432312
406.0 91.16284251213074
407.0 92.56289005279541
408.0 93.32139492034912
409.0 93.57091784477234
410.0 93.61315369606018
411.0 93.3471143245697
412.0 93.0290699005127
413.0 92.83711314201355
414.0 92.76530742645264
415.0 92.97332167625427
416.0 93.39609742164612
417.0 93.76150369644165
418.0 94.28577423095703
419.0 94.80664134025574
420.0 95.31106948852539
421.0 95.81645131111145
422.0 95.94773650169373
423.0 96.11854553222656
424.0 95.88518738746643
425.0 95.77179551124573
426.0 95.75929045677185
427.0 95.6938087940216
428.0 95.55144309997559
429.0 95.46142220497131
430.0 95.34525871276855
431.0 95.40565013885498
432.0 95.56046724319458
433.0 95.61270475387573
434.0 95.59162855148315
435.0 95.76796293258667
436.0 95.81008553504944
437.0 95.76888084411621
438.0 95.87591290473938
439.0 96.01187109947205
440.0 95.96626162528992
441.0 96.11015915870667
442.0 96.09536528587341
443.0 96.02276682853699
444.0 95.85888385772705
445.0 95.59760093688965
446.0 95.44489979743958
447.0 95.34863829612732
448.0 95.35255432128906
449.0 95.62317728996277
450.0 95.90657353401184
451.0 96.07993364334106
452.0 96.26818895339966
453.0 96.34402990341187
454.0 96.39543890953064
455.0 96.71180248260498
456.0 96.82902693748474
457.0 96.96014523506165
458.0 96.9137966632843
459.0 96.91935777664185
460.0 96.898752450943
461.0 97.05261588096619
462.0 96.95730209350586
463.0 96.86035513877869
464.0 96.95591330528259
465.0 96.86276912689209
466.0 96.8442976474762
467.0 96.8567430973053
468.0 96.85083031654358
469.0 96.94356918334961
470.0 96.7842698097229
471.0 96.6262698173523
472.0 96.72704935073853
473.0 96.59245610237122
474.0 96.52886986732483
475.0 96.55464291572571
476.0 96.61595821380615
477.0 96.6956079006195
478.0 96.77311182022095
479.0 96.80413603782654
480.0 96.98376655578613
481.0 97.09029197692871
482.0 97.28956818580627
483.0 97.11898565292358
484.0 97.31388092041016
485.0 97.36322164535522
486.0 97.36940264701843
487.0 97.39181399345398
488.0 97.41194248199463
489.0 97.50444293022156
490.0 97.46473431587219
491.0 97.54577875137329
492.0 97.4522590637207
493.0 97.49042987823486
494.0 97.44786620140076
495.0 97.50121831893921
496.0 97.29558825492859
497.0 97.27855920791626
498.0 96.98509573936462
499.0 97.09887504577637
500.0 97.07702398300171
501.0 97.01784253120422
502.0 96.96332812309265
503.0 97.1241295337677
504.0 96.93055748939514
505.0 96.92950248718262
506.0 96.99501991271973
507.0 96.93101644515991
508.0 96.91852927207947
509.0 96.91957831382751
510.0 96.81661128997803
511.0 96.84416651725769
512.0 96.77931666374207
513.0 96.83770537376404
514.0 96.79116606712341
515.0 96.86369895935059
516.0 96.91764712333679
517.0 96.99801802635193
518.0 97.03028202056885
519.0 97.04238176345825
520.0 97.07222580909729
521.0 97.18984365463257
522.0 97.1812903881073
523.0 97.13757038116455
524.0 97.12969660758972
525.0 97.09305167198181
526.0 97.20834493637085
527.0 97.19400405883789
528.0 97.23345637321472
529.0 97.3504900932312
530.0 97.38057851791382
531.0 97.43573665618896
532.0 97.33923673629761
533.0 97.34468460083008
534.0 97.21150398254395
535.0 96.97774052619934
536.0 96.49509787559509
537.0 95.73618173599243
538.0 94.76314783096313
539.0 93.02853345870972
540.0 90.97474217414856
541.0 87.92595863342285
542.0 84.805166721344
543.0 80.79012036323547
544.0 75.82182884216309
545.0 71.49168252944946
546.0 66.48190021514893
547.0 62.04751133918762
548.0 57.81204104423523
549.0 54.18061017990112
550.0 51.47088170051575
551.0 48.80858361721039
552.0 46.60970866680145
553.0 43.99215877056122
554.0 40.728992223739624
555.0 36.97452247142792
556.0 32.09184110164642
557.0 26.626554131507874
558.0 21.01248949766159
559.0 15.763038396835327
560.0 11.112373322248459
561.0 7.057549059391022
562.0 4.265570640563965
563.0 2.349100634455681
564.0 1.2225032784044743
565.0 0.5801614373922348
566.0 0.3265355248004198
567.0 0.1709597883746028
568.0 0.12723557883873582
569.0 0.07592299953103065
570.0 0.07304099854081869
571.0 0.04056523903273046
572.0 0.04164333222433925
573.0 0.02923722204286605
574.0 0.031341874273493886
575.0 0.028643431141972542
576.0 0.02885103749576956
577.0 0.023059330123942345
578.0 0.03585760423447937
579.0 0.017294917779508978
580.0 0.018955214181914926
581.0 0.02119761484209448
582.0 0.012733504991047084
583.0 0.013967373524792492
584.0 0.0202848605113104
585.0 0.02085447049466893
586.0 0.02440839889459312
587.0 0.013885150838177651
588.0 0.019748570048250258
589.0 0.015337344666477293
590.0 0.013602346007246524
591.0 0.009671832958701998
592.0 0.01803487102733925
593.0 0.008599556895205751
594.0 0.013304023013915867
595.0 0.008575554238632321
596.0 0.007984548574313521
597.0 0.007580231613246724
598.0 0.015473742678295821
599.0 0.0030592262191930786
600.0 0.00697130017215386
601.0 0.0022865815481054597
602.0 0.002315803612873424
603.0 0.0023450254957424477
604.0 0.0021700030629290268
605.0 0.0019949804482166655
606.0 0.0019210183381801471
607.0 0.001847056410042569
608.0 0.0017926606233231723
609.0 0.0017382646547048353
610.0 0.0018553850168245845
611.0 0.0019725051970453933
612.0 0.0018248396372655407
613.0 0.001677174077485688
614.0 0.001693061858532019
615.0 0.0017089500033762306
616.0 0.0017988448234973475
617.0 0.0018887396436184645
618.0 0.001807473017834127
619.0 0.0017262063920497894
620.0 0.0016783080354798585
621.0 0.001630409860808868
622.0 0.0015298855942091905
623.0 0.0014293611457105726
624.0 0.0014623231436416972
625.0 0.0014952850506233517
626.0 0.0014218467185855843
627.0 0.0013484087503456976
628.0 0.0014295354958449025
629.0 0.0015106623322935775
630.0 0.0013699559531232808
631.0 0.001229249028256163
632.0 0.0013276609934109729
633.0 0.001426072594767902
634.0 0.0014108807590673678
635.0 0.001395688650518423
636.0 0.0014022644791111816
637.0 0.001408840762451291
638.0 0.0012774899005307816
639.0 0.0011461388567113318
640.0 0.0011074137546529528
641.0 0.0010686883797461633
642.0 0.0012865999451605603
643.0 0.0015045116015244275
644.0 0.0013728772501053754
645.0 0.0012412425348884426
646.0 0.0011911941328435205
647.0 0.0011411459126975387
648.0 0.0010602220754662994
649.0 0.0009792982382350601
650.0 0.0012245498510310426
651.0 0.001469800918130204
652.0 0.0012053165846737102
653.0 0.0009408319783688057
654.0 0.0010372677934356034
655.0 0.0011337036994518712
656.0 0.0011534018085512798
657.0 0.001173099735751748
658.0 0.0010570119229669217
659.0 0.0009409242920810357
660.0 0.0009325442988483701
661.0 0.0009241641237167642
662.0 0.0010216689588560257
663.0 0.0011191738849447574
664.0 0.0011508455827424768
665.0 0.0011825170986412559
666.0 0.0010991493581968825
667.0 0.0010157813449040987
668.0 0.0011128154255857226
669.0 0.0012098495062673464
670.0 0.001228227120009251
671.0 0.0012466047337511554
672.0 0.001233020520885475
673.0 0.0012194362170703243
674.0 0.0011444441952335183
675.0 0.0010694521733967122
676.0 0.001043424526869785
677.0 0.0010173965165449772
678.0 0.0010670583833416458
679.0 0.0011167203410877846
680.0 0.0010592249964247458
681.0 0.001001729742711177
682.0 0.0010443925930303521
683.0 0.0010870555342989974
684.0 0.0008838019311951939
685.0 0.0006805483735661255
686.0 0.0009299072189605795
687.0 0.0011792660188802984
688.0 0.00116321543828235
689.0 0.0011471650395833421
690.0 0.001038522350427229
691.0 0.0009298798431700561
692.0 0.0009274133844883181
693.0 0.0009249471077055205
694.0 0.001025875099003315
695.0 0.0011268030903011095
696.0 0.0011478352462290786
697.0 0.0011688668564602267
698.0 0.0012420787243172526
699.0 0.0013152904102753382
700.0 0.0011029968845832627
701.0 0.0008907032679417171
702.0 0.0010759426004369743
703.0 0.0012611817510332912
704.0 0.0012101075299142394
705.0 0.0011590328540478367
706.0 0.0011240698768233415
707.0 0.0010891070814977866
708.0 0.0010820706847880501
709.0 0.001075034469977254
710.0 0.0011500852451717947
711.0 0.0012251362932147458
712.0 0.0011655108210106846
713.0 0.0011058855307055637
714.0 0.0011585284482862335
715.0 0.0012111715477658436
716.0 0.0014174290299706627
717.0 0.0016236868759733625
718.0 0.0018677947082323954
719.0 0.0021119027223903686
720.0 0.001731893644318916
721.0 0.0013518842024495825
722.0 0.0015248736417561304
723.0 0.001697863444860559
724.0 0.0016514011804247275
725.0 0.001604938915988896
726.0 0.0016876150766620412
727.0 0.0017702914192341268
728.0 0.0018920836737379432
729.0 0.002013875564443879
730.0 0.001995108868868556
731.0 0.0019763419913942926
732.0 0.0018636268578120507
733.0 0.0017509119061287493
734.0 0.0015459705537068658
735.0 0.001341029565082863
736.0 0.001191448336612666
737.0 0.001041867017192999
738.0 0.0010799676601891406
739.0 0.001118068121286342
740.0 0.0009777906598174013
741.0 0.0008375130164495204
742.0 0.0008647310096421279
743.0 0.0008919490937842056
744.0 0.0010360737178416457
745.0 0.0011801983418990858
746.0 0.0011140295100631192
747.0 0.0010478607691766229
748.0 0.0012092014912923332
749.0 0.0013705424862564541
750.0 0.0011193472346349154
751.0 0.0008681522558617871
752.0 0.0008101117600745056
753.0 0.0007520713097619591
754.0 0.0007937855116324499
755.0 0.0008354996680282056
756.0 0.000809423545433674
757.0 0.0007833474228391424
758.0 0.0008223893019021489
759.0 0.0008614315447630361
760.0 0.0006256815140659455
761.0 0.00038993148336885497
762.0 0.0005068161044619046
763.0 0.0006237006346054841
764.0 0.0007404869847960072
765.0 0.0008572735168854706
766.0 0.0007648705832252745
767.0 0.0006724676950398134
768.0 0.000587296244702884
769.0 0.0005021247943659546
770.0 0.00039635215216549113
771.0 0.0002905795781771303
772.0 0.0005425016752269585
773.0 0.0007944239769130945
774.0 0.0008563645678805187
775.0 0.000918305158847943
776.0 0.0008494066605635453
777.0 0.0007805079803802073
778.0 0.0007968473255459685
779.0 0.0008131866707117297
780.0 0.0006872637641208712
781.0 0.0005613408575300127
782.0 0.0005660742772306548
783.0 0.0005708076059818268
784.0 0.0006942631443962455
785.0 0.0008177186828106642
786.0 0.0007434479357470991
787.0 0.0006691775070066797
788.0 0.0004259813067619689
789.0 0.0001827851519919932
790.0 0.00022526282918988727
791.0 0.00026774050638778135
792.0 0.00027816447527584387
793.0 0.00028858846690127393
794.0 0.0002733184146563872
795.0 0.0002580483624115004
796.0 0.0004551828624244081
797.0 0.0006523173851746833
798.0 0.000597790995016112
799.0 0.0005432646503322758
800.0 0.0005163698460819433
801.0 0.0004894752237305511
802.0 0.0004313547833589837
803.0 0.0003732344794116216
804.0 0.00026422540031489916
805.0 0.00015521636669291183
806.0 0.0002539967454140424
807.0 0.0003527771241351729
808.0 0.00048214524213108234
809.0 0.0006115134056017268
810.0 0.00045332967602007557
811.0 0.00029514587822632166
812.0 0.0002765014869510196
813.0 0.0002578570502009825
814.0 0.00031510539884038735
815.0 0.0003723537247424247
816.0 0.0004904048182652332
817.0 0.0006084558208385715
818.0 0.0003812762315646978
819.0 0.00015409663092214032
820.0 0.00038826533454994205
821.0 0.0006224339358595898
822.0 0.00048470697038283106
823.0 0.0003469800276434398
824.0 0.000412255303672282
825.0 0.0004775305114890216
826.0 0.0005835450792801566
827.0 0.0006895595561218215
828.0 0.000627714734946494
829.0 0.0005658698682964314
830.0 0.0004465109668672085
831.0 0.0003271520654379856
832.0 0.0004158681804256048
833.0 0.0005045842499384889
834.0 0.0004472217824513791
835.0 0.0003898593149642693
836.0 0.00047465478019148577
837.0 0.0005594502454187023
838.0 0.00047901312427711673
839.0 0.0003985760031355312
840.0 0.0005545662133954465
841.0 0.0007105563781806268
842.0 0.000378219669983082
843.0 4.588290778428927e-05
844.0 0.00010133161367775756
845.0 0.00015678034515076433
846.0 0.0004023435394628905
847.0 0.0006479068815679057
848.0 0.0005645657893182943
849.0 0.00048122478801815305
850.0 0.00048417714424431324
851.0 0.00048712950047047343
852.0 0.0006129512257757597
853.0 0.0007387725872831652
854.0 0.0006722563739458565
855.0 0.0006057400241843425
856.0 0.0005967986908217426
857.0 0.000587857448408613
858.0 0.0005745775069954107
859.0 0.0005612976110569434
860.0 0.0006112921255407855
861.0 0.0006612866400246276
862.0 0.0005666394372383365
863.0 0.0004719922799267806
864.0 0.00044610610530071426
865.0 0.000420219976149383
866.0 0.00042360916268080473
867.0 0.00042699839468696155
868.0 0.000643731300442596
869.0 0.0008604642971477006
870.0 0.0005849176432093373
871.0 0.0003093708528467687
872.0 0.0002772122343230876
873.0 0.0002450535021125688
874.0 0.00036390840705280425
875.0 0.0004827633347304072
876.0 0.0006262169335968792
877.0 0.0007696705324633513
878.0 0.0007553937393822707
879.0 0.0007411169463011902
880.0 0.0006784547622373793
881.0 0.000615792851021979
882.0 0.0005011674602428684
883.0 0.00038654234231216833
884.0 0.0005191530362935737
885.0 0.0006517639121739194
886.0 0.0006878240128571633
887.0 0.0007238843863888178
888.0 0.000644936835669796
889.0 0.0005659894213749794
890.0 0.0005710619007004425
891.0 0.0005761344255006406
892.0 0.0005365879133023554
893.0 0.0004970414465788053
894.0 0.0005377662091632374
895.0 0.0005784910626971396
896.0 0.0003343541493450175
897.0 9.021723599289544e-05
898.0 0.00023699922166997567
899.0 0.0003837812073470559
900.0 0.0002904956318161567
901.0 0.00019721001081052236
902.0 0.0004084230567968916
903.0 0.000619636148257996
904.0 0.00032994846606015926
905.0 4.026073554541654e-05
