lsstCam/transmission_filter_detector/r02_s02/g_6/19700101T000000.ecsv
# %ECSV 1.0
# ---
# datatype:
# - {name: wavelength, unit: nm, datatype: float32}
# - {name: efficiency, unit: '%', datatype: float64}
# meta: !!omap
# - {MODE: DETECTOR}
# - {TYPE: transmission_filter_detector}
# - {CALIBDATE: '1970-01-01T00:00:00'}
# - {INSTRUME: LSSTCam}
# - {OBSTYPE: transmission_filter_detector}
# - {CALIBCLS: lsst.ip.isr.IntermediateFilterDetectorTransmissionCurve}
# - {SOURCE: Materion (DM-46256)}
# - {DETECTOR: 11}
# - {FILTER: g_6}
# - {CALIB_ID: 'calibDate=1970-01-01T00:00:00 filter=g_6 detector=11'}
# - {DATE: '2025-04-02T15:59:42.081174'}
# - {CALIB_CREATION_DATE: '2025-04-02'}
# - {CALIB_CREATION_TIME: '15:59:42'}
# - __serialized_columns__:
#     efficiency:
#       __class__: astropy.units.quantity.Quantity
#       unit: !astropy.units.Unit {unit: '%'}
#       value: !astropy.table.SerializedColumn {name: efficiency}
#     wavelength:
#       __class__: astropy.units.quantity.Quantity
#       unit: !astropy.units.Unit {unit: nm}
#       value: !astropy.table.SerializedColumn {name: wavelength}
# schema: astropy-2.0
wavelength efficiency
[from data line 607]
907.0 0.0005757150120189181
908.0 0.0004853131486015627
909.0 0.00039491133065894246
910.0 0.0003237069222450373
911.0 0.00025250253656849964
912.0 0.00039908768485474866
913.0 0.0005456729013531003
914.0 0.0003271975629104418
915.0 0.00010872231541725341
916.0 0.00016422422959294636
917.0 0.0002197261437686393
918.0 0.00025755846309039043
919.0 0.00029539078241214156
920.0 0.0003300137905171141
921.0 0.00036463679862208664
922.0 0.0005231994691712316
923.0 0.0006817621851951117
924.0 0.000571215559830307
925.0 0.0004606688889907673
926.0 0.0005547401542571606
927.0 0.0006488115559477592
928.0 0.000567305005461094
929.0 0.00048579854592389893
930.0 0.0004702723344962578
931.0 0.0004547462140180869
932.0 0.00047789271775400266
933.0 0.0005010392669646535
934.0 0.0005106026037537958
935.0 0.0005201659405429382
936.0 0.0005399767815106316
937.0 0.0005597875770035898
938.0 0.0005945052180322818
939.0 0.0006292228135862388
940.0 0.000588472539675422
941.0 0.0005477221293404
942.0 0.0006989999292272842
943.0 0.0008502776836394332
944.0 0.0006341793323372258
945.0 0.0004180808446108131
946.0 0.00045288752517080866
947.0 0.00048769420573080424
948.0 0.0008010847523109987
949.0 0.0011144754353153985
950.0 0.0009574946489010472
951.0 0.000800513953436166
952.0 0.0009037697964231484
953.0 0.0010070256394101307
954.0 0.0008393330062972382
955.0 0.0006716404186590808
956.0 0.0006266112450248329
957.0 0.0005815818894916447
958.0 0.0006901527285663178
959.0 0.000798723613115726
960.0 0.0006421351827157196
961.0 0.0004855466613662429
962.0 0.0005627141490549548
963.0 0.0006398815912689315
964.0 0.0006790769475628622
965.0 0.0007182720764831174
966.0 0.0007781489330227487
967.0 0.0008380256986129098
968.0 0.0007393371106445557
969.0 0.0006406485681509366
970.0 0.0006853369995951653
971.0 0.0007300254310393939
972.0 0.0007810895112925209
973.0 0.0008321537279698532
974.0 0.0007914104571682401
975.0 0.0007506673682655673
976.0 0.0008021798748814035
977.0 0.0008536927452951204
978.0 0.000915331384021556
979.0 0.0009769700227479916
980.0 0.0010345665941713378
981.0 0.0010921633474936243
982.0 0.0009942421456798911
983.0 0.0008963208529166877
984.0 0.0009320915523858275
985.0 0.0009678624337539077
986.0 0.0011477299267426133
987.0 0.001327597419731319
988.0 0.0014498717973765451
989.0 0.001572145993122831
990.0 0.0016020572729757987
991.0 0.0016319685528287664
992.0 0.0016025964214350097
993.0 0.0015732241081423126
994.0 0.001575332680658903
995.0 0.0015774414350744337
996.0 0.001431753935321467
997.0 0.0012860666174674407
998.0 0.001384979532303987
999.0 0.0014838923561910633
1000.0 0.0013859532373317052
1001.0 0.0012880139365734067
1002.0 0.0012099329978809692
1003.0 0.0011318523320369422
1004.0 0.0011360959433659445
1005.0 0.0011403397365938872
1006.0 0.001341370716545498
1007.0 0.0015424018783960491
1008.0 0.001552921639813576
1009.0 0.001563442128826864
1010.0 0.0016195846910704859
1011.0 0.001675727435213048
1012.0 0.0018268865460413508
1013.0 0.0019780460206675343
1014.0 0.0020487555957515724
1015.0 0.002119465352734551
1016.0 0.0023896856873761863
1017.0 0.0026599065677146427
1018.0 0.002915625009336509
1019.0 0.0031713436328573152
1020.0 0.0032055115298135206
1021.0 0.0032396797905676067
1022.0 0.0035295914130983874
1023.0 0.0038195037632249296
1024.0 0.003954603016609326
1025.0 0.0040897022699937224
1026.0 0.004189307946944609
1027.0 0.004288913260097615
1028.0 0.004364928463473916
1029.0 0.004440943303052336
1030.0 0.004570042801788077
1031.0 0.004699141572928056
1032.0 0.005062284617451951
1033.0 0.005425427298177965
1034.0 0.005343521115719341
1035.0 0.0052616149332607165
1036.0 0.0052915740525349975
1037.0 0.005321532444213517
1038.0 0.005627772043226287
1039.0 0.005934011278441176
1040.0 0.006222463707672432
1041.0 0.006510915409307927
1042.0 0.0067293556639924645
1043.0 0.006947795191081241
1044.0 0.007228764297906309
1045.0 0.007509731949539855
1046.0 0.00841475703055039
1047.0 0.009319782111560926
1048.0 0.01074996471288614
1049.0 0.012180144403828308
1050.0 0.014408392598852515
1051.0 0.016636637155897915
1052.0 0.020051334286108613
1053.0 0.023466038692276925
1054.0 0.028057186864316463
1055.0 0.03264833358116448
1056.0 0.03921576717402786
1057.0 0.04578319494612515
1058.0 0.05330011481419206
1059.0 0.06081701721996069
1060.0 0.06821916904300451
1061.0 0.07562129758298397
1062.0 0.08267250959761441
1063.0 0.0897236866876483
1064.0 0.09489165968261659
1065.0 0.10005960939452052
1066.0 0.10501684155315161
1067.0 0.10997408535331488
1068.0 0.11592702940106392
1069.0 0.12188000837340951
1070.0 0.13158669462427497
1071.0 0.14129338087514043
1072.0 0.15456201508641243
1073.0 0.1678306027315557
1074.0 0.18261742079630494
1075.0 0.1974042970687151
1076.0 0.21180419716984034
1077.0 0.2262041438370943
1078.0 0.24019742850214243
1079.0 0.2541906666010618
1080.0 0.27044748421758413
1081.0 0.28670430183410645
1082.0 0.31245024874806404
1083.0 0.338196218945086
1084.0 0.37382247392088175
1085.0 0.4094488453119993
1086.0 0.44387318193912506
1087.0 0.47829761169850826
1088.0 0.5415930878371
1089.0 0.6048886571079493
1090.0 0.681246118620038
1091.0 0.7576035801321268
1092.0 0.7860656827688217
1093.0 0.814527552574873
1094.0 0.849635899066925
1095.0 0.8847438730299473
1096.0 0.9267054498195648
1097.0 0.9686671197414398
1098.0 0.9851977229118347
1099.0 1.001728605479002
1100.0 1.1531858704984188
1101.0 1.3046427629888058
