lsstCam/transmission_filter_detector/r01_s21/u_24/19700101T000000.ecsv
# %ECSV 1.0
# ---
# datatype:
# - {name: wavelength, unit: nm, datatype: float32}
# - {name: efficiency, unit: '%', datatype: float64}
# meta: !!omap
# - {MODE: DETECTOR}
# - {TYPE: transmission_filter_detector}
# - {CALIBDATE: '1970-01-01T00:00:00'}
# - {INSTRUME: LSSTCam}
# - {OBSTYPE: transmission_filter_detector}
# - {CALIBCLS: lsst.ip.isr.IntermediateFilterDetectorTransmissionCurve}
# - {SOURCE: Materion (DM-46256)}
# - {DETECTOR: 7}
# - {FILTER: u_24}
# - {CALIB_ID: 'calibDate=1970-01-01T00:00:00 filter=u_24 detector=7'}
# - {DATE: '2025-04-02T15:59:39.778673'}
# - {CALIB_CREATION_DATE: '2025-04-02'}
# - {CALIB_CREATION_TIME: '15:59:39'}
# - __serialized_columns__:
#     efficiency:
#       __class__: astropy.units.quantity.Quantity
#       unit: !astropy.units.Unit {unit: '%'}
#       value: !astropy.table.SerializedColumn {name: efficiency}
#     wavelength:
#       __class__: astropy.units.quantity.Quantity
#       unit: !astropy.units.Unit {unit: nm}
#       value: !astropy.table.SerializedColumn {name: wavelength}
# schema: astropy-2.0
wavelength efficiency
[from data line 581]
876.0 0.002569098796811886
877.0 0.0026325629733037204
878.0 0.0026960275135934353
879.0 0.0027942287488258444
880.0 0.002892430711654015
881.0 0.00301898289762903
882.0 0.003145535447401926
883.0 0.002822240276145749
884.0 0.0024989454686874524
885.0 0.0023979495381354354
886.0 0.002296953971381299
887.0 0.002196963396272622
888.0 0.0020969731849618256
889.0 0.0021428189938887954
890.0 0.002188664802815765
891.0 0.0024187591407098807
892.0 0.002648853296705056
893.0 0.0027343961846781895
894.0 0.002819938526954502
895.0 0.003218240453861654
896.0 0.0036165427445666865
897.0 0.0040555889427196234
898.0 0.00449463477707468
899.0 0.004594446727423929
900.0 0.004694258677773178
901.0 0.004688059561885893
902.0 0.00468186080979649
903.0 0.004949254434905015
904.0 0.005216647696215659
905.0 0.005302629870129749
906.0 0.005388612044043839
907.0 0.005700588735635392
908.0 0.006012565063429065
909.0 0.005897359369555488
910.0 0.005782153675681911
911.0 0.0057680521422298625
912.0 0.005753950608777814
913.0 0.005570545545197092
914.0 0.00538714048161637
915.0 0.004962686216458678
916.0 0.004538231951300986
917.0 0.0042054867662955076
918.0 0.003872741581290029
919.0 0.004278192136553116
920.0 0.004683643055614084
921.0 0.004890922355116345
922.0 0.005098202018416487
923.0 0.006025870243320242
924.0 0.006953536649234593
925.0 0.007250686030602083
926.0 0.007547836139565334
927.0 0.008145428000716493
928.0 0.008743016223888844
929.0 0.008618655556347221
930.0 0.00849429634399712
931.0 0.007749901851639152
932.0 0.007005506631685421
933.0 0.006747707811882719
934.0 0.006489908992080018
935.0 0.006485985068138689
936.0 0.006482060416601598
937.0 0.006606865645153448
938.0 0.0067316723288968205
939.0 0.006692335591651499
940.0 0.006652998854406178
941.0 0.005854939445271157
942.0 0.005056878580944613
943.0 0.004070112845511176
944.0 0.0030833478376735
945.0 0.0024373250198550522
946.0 0.0017913023839355446
947.0 0.0016374789993278682
948.0 0.0014836554328212515
949.0 0.0015081132005434483
950.0 0.0015325709682656452
951.0 0.0013296959878061898
952.0 0.0011268209163972642
953.0 0.0013258981198305264
954.0 0.0015249756870616693
955.0 0.0022909864128450863
956.0 0.0030569972295779735
957.0 0.0031367373594548553
958.0 0.0032164767617359757
959.0 0.0035987646697321907
960.0 0.003981051850132644
961.0 0.0044850643462268636
962.0 0.0049890761147253215
963.0 0.00515908031957224
964.0 0.005329084524419159
965.0 0.00517178705194965
966.0 0.005014490307075903
967.0 0.00494706655445043
968.0 0.004879643165622838
969.0 0.004856209488934837
970.0 0.004832776176044717
971.0 0.004780116432812065
972.0 0.004727456325781532
973.0 0.00443138815171551
974.0 0.004135319613851607
975.0 0.00412394329032395
976.0 0.0041125662392005324
977.0 0.003838940756395459
978.0 0.0035653156373882666
979.0 0.0033158939913846552
980.0 0.003066472345381044
981.0 0.002899701939895749
982.0 0.002732931352511514
983.0 0.003036324596905615
984.0 0.0033397172956028953
985.0 0.0038731635868316516
986.0 0.004406610241858289
987.0 0.004902411455987021
988.0 0.005398212670115754
989.0 0.006529381062136963
990.0 0.007660549454158172
991.0 0.008073917706497014
992.0 0.008487285958835855
993.0 0.008786249964032322
994.0 0.00908521396922879
995.0 0.008343390072695911
996.0 0.007601563265779987
997.0 0.006878282147226855
998.0 0.006155002483865246
999.0 0.006062100510462187
1000.0 0.005969196718069725
1001.0 0.00568666000617668
1002.0 0.005404122202889994
1003.0 0.004962617822457105
1004.0 0.004521111986832693
1005.0 0.0048371530283475295
1006.0 0.005153192978468724
1007.0 0.0049365033191861585
1008.0 0.004719810749520548
1009.0 0.004295913458918221
1010.0 0.0038720165321137756
1011.0 0.0037856560084037483
1012.0 0.0036992962122894824
1013.0 0.0033270895073655993
1014.0 0.002954883166239597
1015.0 0.0026440800866112113
1016.0 0.0023332768250838853
1017.0 0.0021837593521922827
1018.0 0.002034241333603859
1019.0 0.0017309257600572892
1020.0 0.0014276099136623088
1021.0 0.0013404999663180206
1022.0 0.0012533899280242622
1023.0 0.0013653921996592544
1024.0 0.0014773944712942466
1025.0 0.0015561685358989052
1026.0 0.0016349427824025042
1027.0 0.0015777557564433664
1028.0 0.0015205688214336988
1029.0 0.0017017438949551433
1030.0 0.0018829194232239388
1031.0 0.0022581736629945226
1032.0 0.0026334280846640468
1033.0 0.002624882836244069
1034.0 0.002616337951621972
1035.0 0.0027016629246645607
1036.0 0.0027869875339092687
1037.0 0.002816466621879954
1038.0 0.0028459458917495795
1039.0 0.0025340008505736478
1040.0 0.002222056173195597
1041.0 0.0018674531020224094
1042.0 0.0015128502127481624
1043.0 0.0017018126527545974
1044.0 0.001890775456558913
1045.0 0.0015483905372093432
1046.0 0.0012060058907081839
1047.0 0.001929675454448443
1048.0 0.0026533452910371125
1049.0 0.002026732727244962
1050.0 0.001400119890604401
1051.0 0.0015798779713804834
1052.0 0.0017596357793081552
1053.0 0.001700547909422312
1054.0 0.001641459675738588
1055.0 0.0012297324246901553
1056.0 0.0008180054464901332
1057.0 0.0015469975551241077
1058.0 0.0022759897547075525
1059.0 0.0014653542166342959
1060.0 0.0006547189514094498
1061.0 0.0014597548215533607
1062.0 0.002264790418848861
1063.0 0.002086841413984075
1064.0 0.0019088920453214087
1065.0 0.0015937075659167022
1066.0 0.0012785231774614658
1067.0 0.0013909689187130425
1068.0 0.0015034139323688578
1069.0 0.002489538564987015
1070.0 0.0034756627428578213
1071.0 0.0019753391825361177
1072.0 0.0004750159405375598
1073.0 0.0014283803466241807
1074.0 0.0023817443434381858
1075.0 0.0035054261388722807
1076.0 0.004629107206710614
1077.0 0.005081051858724095
1078.0 0.005532996510737576
1079.0 0.00649109497317113
1080.0 0.007449190161423758
1081.0 0.005209536902839318
1082.0 0.0029698832804569975
1083.0 0.0026075204004882835
1084.0 0.002245157338620629
1085.0 0.0031854331609793007
1086.0 0.004125708437641151
1087.0 0.003883166573359631
1088.0 0.0036406250728759915
1089.0 0.004960921069141477
1090.0 0.006281217065406963
1091.0 0.00453019019914791
1092.0 0.0027791633328888565
1093.0 0.0020766448869835585
1094.0 0.001374126713926671
1095.0 0.0015192399587249383
1096.0 0.0016643534763716161
1097.0 0.0027561736715142615
1098.0 0.0038479942304547876
1099.0 0.003703062975546345
1100.0 0.0035581317206379026
