lsstCam/transmission_filter_detector/r01_s21/u_24/19700101T000000.ecsv
# %ECSV 1.0
# ---
# datatype:
# - {name: wavelength, unit: nm, datatype: float32}
# - {name: efficiency, unit: '%', datatype: float64}
# meta: !!omap
# - {MODE: DETECTOR}
# - {TYPE: transmission_filter_detector}
# - {CALIBDATE: '1970-01-01T00:00:00'}
# - {INSTRUME: LSSTCam}
# - {OBSTYPE: transmission_filter_detector}
# - {CALIBCLS: lsst.ip.isr.IntermediateFilterDetectorTransmissionCurve}
# - {SOURCE: Materion (DM-46256)}
# - {DETECTOR: 7}
# - {FILTER: u_24}
# - {CALIB_ID: 'calibDate=1970-01-01T00:00:00 filter=u_24 detector=7'}
# - {DATE: '2025-04-02T15:59:39.778673'}
# - {CALIB_CREATION_DATE: '2025-04-02'}
# - {CALIB_CREATION_TIME: '15:59:39'}
# - __serialized_columns__:
#     efficiency:
#       __class__: astropy.units.quantity.Quantity
#       unit: !astropy.units.Unit {unit: '%'}
#       value: !astropy.table.SerializedColumn {name: efficiency}
#     wavelength:
#       __class__: astropy.units.quantity.Quantity
#       unit: !astropy.units.Unit {unit: nm}
#       value: !astropy.table.SerializedColumn {name: wavelength}
# schema: astropy-2.0
wavelength efficiency
295.0 1.6488045737755863e-10
296.0 1.6488045737755863e-10
297.0 0.0015559166058665141
298.0 1.6488045737755863e-10
299.0 1.6488045737755863e-10
300.0 1.6488045737755863e-10
301.0 1.6488045737755863e-10
302.0 0.07970829610712826
303.0 1.6488045737755863e-10
304.0 0.3418307285755873
305.0 0.9941374883055687
306.0 2.038383111357689
307.0 3.9544321596622467
308.0 6.520257890224457
309.0 9.877687692642212
310.0 13.349351286888123
311.0 17.311084270477295
312.0 21.007874608039856
313.0 24.04957264661789
314.0 26.849201321601868
315.0 29.204541444778442
316.0 31.589969992637634
317.0 34.282538294792175
318.0 37.41787374019623
319.0 41.60245358943939
320.0 47.570690512657166
321.0 53.107184171676636
322.0 59.070295095443726
323.0 64.39667344093323
324.0 68.46434473991394
325.0 71.31772637367249
326.0 73.48690629005432
327.0 75.29257535934448
328.0 77.00209021568298
329.0 78.23374271392822
330.0 79.57628965377808
331.0 80.0213634967804
332.0 80.34254312515259
333.0 80.35484552383423
334.0 80.30443787574768
335.0 80.63316941261292
336.0 80.90168833732605
337.0 81.52748346328735
338.0 82.36051201820374
339.0 82.90756344795227
340.0 83.29625725746155
341.0 83.75551104545593
342.0 84.00946259498596
343.0 84.02956128120422
344.0 84.27326679229736
345.0 84.6838891506195
346.0 84.97482538223267
347.0 85.34932136535645
348.0 85.57628989219666
349.0 85.80036163330078
350.0 85.85331439971924
351.0 86.07997298240662
352.0 85.95714569091797
353.0 85.9254539012909
354.0 85.83484292030334
355.0 86.04236245155334
356.0 86.21160387992859
357.0 86.0726535320282
358.0 85.82267761230469
359.0 85.59653162956238
360.0 85.29416918754578
361.0 85.07789373397827
362.0 84.95170474052429
363.0 85.07569432258606
364.0 85.21040678024292
365.0 85.56185960769653
366.0 85.84195375442505
367.0 85.96373796463013
368.0 85.97370386123657
369.0 86.02278232574463
370.0 85.87453961372375
371.0 85.75912714004517
372.0 85.80623269081116
373.0 86.00950241088867
374.0 86.05998754501343
375.0 86.31899356842041
376.0 86.49673461914062
377.0 86.60698533058167
378.0 86.59098148345947
379.0 86.20133399963379
380.0 85.4042112827301
381.0 84.02109146118164
382.0 82.14221596717834
383.0 80.17708659172058
384.0 78.031986951828
385.0 75.62353014945984
386.0 73.00583124160767
387.0 69.51135396957397
388.0 65.95974564552307
389.0 61.63778901100159
390.0 57.51311182975769
391.0 53.19579839706421
392.0 48.84234368801117
393.0 45.213133096694946
394.0 41.82741343975067
395.0 37.99184858798981
396.0 33.7877482175827
397.0 28.11870574951172
398.0 21.73076570034027
399.0 14.850537478923798
400.0 8.909499645233154
401.0 4.592027515172958
402.0 1.782773993909359
403.0 0.5557672120630741
404.0 0.20852647721767426
405.0 0.09713720064610243
406.0 0.045756137114949524
407.0 1.6488045737755863e-10
408.0 1.6488045737755863e-10
409.0 1.6488045737755863e-10
410.0 1.6488045737755863e-10
411.0 1.6488045737755863e-10
412.0 1.6488045737755863e-10
413.0 1.6488045737755863e-10
414.0 1.6488045737755863e-10
415.0 1.6488045737755863e-10
416.0 1.6488045737755863e-10
417.0 1.6488045737755863e-10
418.0 1.6488045737755863e-10
419.0 1.6488045737755863e-10
420.0 1.6488045737755863e-10
421.0 1.6488045737755863e-10
422.0 1.6488045737755863e-10
423.0 1.6488045737755863e-10
424.0 1.6488045737755863e-10
425.0 1.6488045737755863e-10
426.0 1.6488045737755863e-10
427.0 1.6488045737755863e-10
428.0 1.6488045737755863e-10
429.0 0.0008800697287369985
430.0 0.003326258229208179
431.0 0.001678292937867809
432.0 3.0328115485644958e-05
433.0 0.0003094265139225172
434.0 0.0005885252448933898
435.0 0.0011665291822282597
436.0 0.0017445336197852157
437.0 1.6488045737755863e-10
438.0 1.6488045737755863e-10
439.0 1.6488045737755863e-10
440.0 0.0016459913240396418
441.0 6.6836844325735e-05
442.0 1.6488045737755863e-10
443.0 1.6488045737755863e-10
444.0 1.6488045737755863e-10
445.0 1.6488045737755863e-10
446.0 1.6488045737755863e-10
447.0 1.6488045737755863e-10
448.0 5.725259484279377e-05
449.0 0.00036952283153368626
450.0 0.0006817928351665614
451.0 1.6488045737755863e-10
452.0 1.6488045737755863e-10
453.0 1.6488045737755863e-10
454.0 1.6488045737755863e-10
455.0 1.6488045737755863e-10
456.0 1.6488045737755863e-10
457.0 1.6488045737755863e-10
458.0 1.6488045737755863e-10
459.0 1.6488045737755863e-10
460.0 1.6488045737755863e-10
461.0 1.6488045737755863e-10
462.0 1.6488045737755863e-10
463.0 1.6488045737755863e-10
464.0 1.6488045737755863e-10
465.0 1.6488045737755863e-10
466.0 0.000209212248591939
467.0 1.6488045737755863e-10
468.0 1.6488045737755863e-10
469.0 1.6488045737755863e-10
470.0 0.0008183693353203125
471.0 8.162145377355046e-05
472.0 1.6488045737755863e-10
473.0 1.6488045737755863e-10
474.0 1.6488045737755863e-10
475.0 1.6488045737755863e-10
476.0 0.0002127841526089469
477.0 8.203172114917834e-05
478.0 1.6488045737755863e-10
479.0 1.6488045737755863e-10
480.0 1.6488045737755863e-10
481.0 0.00019730448457266903
482.0 0.0006595266313524917
483.0 0.00011663572649922571
484.0 1.6488045737755863e-10
485.0 1.6488045737755863e-10
486.0 1.6488045737755863e-10
487.0 1.6488045737755863e-10
488.0 1.6488045737755863e-10
489.0 1.6488045737755863e-10
490.0 1.6488045737755863e-10
491.0 1.6488045737755863e-10
492.0 1.6488045737755863e-10
493.0 1.6488045737755863e-10
494.0 1.6488045737755863e-10
495.0 1.6488045737755863e-10
496.0 0.00016676821132932673
497.0 0.00017715162812237395
498.0 0.00018753460153675405
499.0 1.6488045737755863e-10
500.0 1.6488045737755863e-10
501.0 1.6488045737755863e-10
502.0 1.6488045737755863e-10
503.0 1.6488045737755863e-10
504.0 1.6488045737755863e-10
505.0 1.6488045737755863e-10
506.0 1.6488045737755863e-10
507.0 1.6488045737755863e-10
508.0 1.6488045737755863e-10
509.0 1.6488045737755863e-10
510.0 1.6488045737755863e-10
511.0 3.2619617229556752e-06
512.0 0.0004234370862832293
513.0 0.0004271451871318277
514.0 0.00043085306060675066
515.0 0.0005360466730053304
516.0 0.0006412403308786452
517.0 1.6488045737755863e-10
518.0 1.6488045737755863e-10
519.0 1.6488045737755863e-10
520.0 0.0002854309059330262
521.0 0.0006207525075296871
522.0 0.0009560740181768779
523.0 0.0003938229383493308
524.0 1.6488045737755863e-10
525.0 1.6488045737755863e-10
526.0 1.6488045737755863e-10
527.0 1.6488045737755863e-10
528.0 1.6488045737755863e-10
529.0 1.6488045737755863e-10
530.0 1.6488045737755863e-10
531.0 5.160104024071188e-05
532.0 0.0002951021315311664
533.0 1.6488045737755863e-10
534.0 1.6488045737755863e-10
535.0 1.6488045737755863e-10
536.0 1.2640725799428765e-05
537.0 1.6488045737755863e-10
538.0 1.6488045737755863e-10
539.0 1.6488045737755863e-10
540.0 1.6488045737755863e-10
541.0 1.6488045737755863e-10
542.0 1.6488045737755863e-10
543.0 1.6488045737755863e-10
544.0 1.6488045737755863e-10
545.0 1.6488045737755863e-10
546.0 1.6488045737755863e-10
547.0 1.6488045737755863e-10
548.0 0.00016672964875397156
549.0 1.6488045737755863e-10
550.0 1.6488045737755863e-10
551.0 1.6488045737755863e-10
552.0 1.6488045737755863e-10
553.0 1.6488045737755863e-10
554.0 1.6488045737755863e-10
555.0 1.6488045737755863e-10
556.0 1.6488045737755863e-10
557.0 1.6488045737755863e-10
558.0 1.6488045737755863e-10
559.0 1.6488045737755863e-10
560.0 0.00016776403981566546
561.0 1.6488045737755863e-10
562.0 1.6488045737755863e-10
563.0 1.6488045737755863e-10
564.0 1.6488045737755863e-10
565.0 1.6488045737755863e-10
566.0 1.6488045737755863e-10
567.0 1.6488045737755863e-10
568.0 1.6488045737755863e-10
569.0 0.0002500373511793441
570.0 0.0005106999651616206
571.0 0.0005083294126961846
572.0 0.0005059590421296889
573.0 0.0004884408554062247
574.0 0.00047092303248064127
575.0 0.0003302707000329974
576.0 0.00018961852674692636
577.0 0.0002987936795761925
578.0 0.0004079688096680911
579.0 0.00047677690417913254
580.0 0.0005455849077407038
581.0 0.0007377770543826045
582.0 0.0009299694283981808
583.0 0.0012219783457112499
584.0 0.0015139875358727295
585.0 0.0010956593541777693
586.0 0.0006773308086849283
587.0 0.0009115734428633004
588.0 0.0011458161679911427
589.0 0.001091139256459428
590.0 0.0010364623449277133
591.0 0.0010125490916834679
592.0 0.0009886359293886926
593.0 0.0007289942914212588
594.0 0.0004693523806054145
595.0 0.0007193194960564142
596.0 0.0009692862477095332
597.0 0.0011921317309315782
598.0 0.0014149770322546829
599.0 0.0018486771296011284
600.0 0.002282376772200223
601.0 0.0022301042918115854
602.0 0.002177831993321888
603.0 0.0017859860236058012
604.0 0.0013941403267381247
605.0 0.0013046558706264477
606.0 0.0012151714145147707
607.0 0.0012130776667618193
608.0 0.0012109839190088678
609.0 0.0008598129170422908
610.0 0.0005086418241262436
611.0 0.000693902802595403
612.0 0.0008791637810645625
613.0 0.000677184925734764
614.0 0.0004752061613544356
615.0 0.000679997174302116
616.0 0.0008847881872497965
617.0 0.0007453164471371565
618.0 0.000605844934398192
619.0 0.00046330255827342626
620.0 0.000320760409522336
621.0 0.0004871488272328861
622.0 0.0006535371539939661
623.0 0.0006059161933080759
624.0 0.0005582951416727155
625.0 0.0007577381893497659
626.0 0.0009571811460773461
627.0 0.0009019884601002559
628.0 0.0008467959560221061
629.0 0.0009034934009832796
630.0 0.000960190845944453
631.0 0.001546064049762208
632.0 0.0021319368897820823
633.0 0.0020619840142899193
634.0 0.0019920311387977563
635.0 0.002159368887078017
636.0 0.002326706817257218
637.0 0.0021663474399247207
638.0 0.0020059876987943426
639.0 0.0015667383195250295
640.0 0.001127488758356776
641.0 0.001064049774868181
642.0 0.001000610882329056
643.0 0.0007326364084292436
644.0 0.0004646618890546961
645.0 0.0004065333087055478
646.0 0.00034840470561903203
647.0 0.00011066431397921406
648.0 1.6488045737755863e-10
649.0 5.2720179155585356e-05
650.0 0.00023251634502230445
651.0 0.0006786129233660176
652.0 0.0011247097063460387
653.0 0.001499232166679576
654.0 0.0018737542632152326
655.0 0.0018082366295857355
656.0 0.001742718814057298
657.0 0.0027379108360037208
658.0 0.0037331032217480242
659.0 0.003994826693087816
660.0 0.004256550164427608
661.0 0.004108175198780373
662.0 0.0039597998693352565
663.0 0.003132015626761131
664.0 0.002304231566085946
665.0 0.0020203637177473865
666.0 0.0017364953237120062
667.0 0.0016112619050545618
668.0 0.0014860280316497665
669.0 0.001016165242617717
670.0 0.0005463024535856675
671.0 0.00044398052523320075
672.0 0.0003416585059312638
673.0 0.0004258799890521914
674.0 0.0005101014266983839
675.0 0.0007929494131531101
676.0 0.0010757974450825714
677.0 0.0016686903109075502
678.0 0.0022615833586314693
679.0 0.00253368398261955
680.0 0.00280578424280975
681.0 0.003968923192587681
682.0 0.005132061778567731
683.0 0.006701719394186512
684.0 0.008271377009805292
685.0 0.008293129940284416
686.0 0.008314885781146586
687.0 0.00750899052945897
688.0 0.006703095277771354
689.0 0.0055844298913143575
690.0 0.004465765232453123
691.0 0.004035587335238233
692.0 0.003605409074225463
693.0 0.003137897510896437
694.0 0.0026703859475674108
695.0 0.0022905695004737936
696.0 0.0019107532352791168
697.0 0.0014362706679094117
698.0 0.0009617881005397066
699.0 0.0007665217708563432
700.0 0.0005712553047487745
701.0 0.0004244375304551795
702.0 0.00027761986984842224
703.0 0.0005286195573717123
704.0 0.0007796194040565751
705.0 0.0008914864338294137
706.0 0.0010033535545517225
707.0 0.0009356615919386968
708.0 0.0008679693564772606
709.0 0.0006776822829124285
710.0 0.0004873951183981262
711.0 0.0005959286681900267
712.0 0.0007044621270324569
713.0 0.0007875192750361748
714.0 0.0008705764230398927
715.0 0.0008057860213739332
716.0 0.0007409956197079737
717.0 0.000685959139445913
718.0 0.0006309226591838524
719.0 0.00046178133743524086
720.0 0.00029263997021189425
721.0 0.00038076034343248466
722.0 0.00046888076212781016
723.0 0.00039138512875069864
724.0 0.0003138895408483222
725.0 0.00018462525304130395
726.0 5.536086291613174e-05
727.0 0.0003199114189555985
728.0 0.0005844620773132192
729.0 0.0003941885552194435
730.0 0.00020391528323671082
731.0 0.0001956165760930162
732.0 0.00018731790305537288
733.0 0.00011819478231700487
734.0 4.907172979073948e-05
735.0 0.000389364640795975
736.0 0.0007296575404325267
737.0 0.000699811380400206
738.0 0.0006699651748931501
739.0 0.0006774364464945393
740.0 0.0006849076726211933
741.0 0.001221420279762242
742.0 0.0017579328414285555
743.0 0.0023226975827128626
744.0 0.0028874621420982294
745.0 0.0032885352993616834
746.0 0.003689608274726197
747.0 0.0038929094444029033
748.0 0.004096209886483848
749.0 0.0035613178624771535
750.0 0.0030264262022683397
751.0 0.0028923941499670036
752.0 0.002758362279564608
753.0 0.002370792026340496
754.0 0.0019832215912174433
755.0 0.002160822805308271
756.0 0.0023384242012980394
757.0 0.0020495743228821084
758.0 0.0017607240806682967
759.0 0.0015135397916310467
760.0 0.0012663555935432669
761.0 0.0011324367733323015
762.0 0.0009985180440708064
763.0 0.0008136398719216231
764.0 0.000628761745247175
765.0 0.0007196527349151438
766.0 0.0008105436791083775
767.0 0.0007654260116396472
768.0 0.0007203081622719765
769.0 0.000629789246886503
770.0 0.000539270104127354
771.0 0.0004686675310949795
772.0 0.0003980648671131348
773.0 0.00040209206417785026
774.0 0.0004061193067173008
775.0 0.0004300546152080642
776.0 0.0004539899236988276
777.0 0.0005994547336740652
778.0 0.0007449192708008923
779.0 0.0008817498382995836
780.0 0.0010185801329498645
781.0 0.001101203088182956
782.0 0.0011838259524665773
783.0 0.0010586716598481871
784.0 0.000933517367229797
785.0 0.0011064242244174238
786.0 0.0012793308087566402
787.0 0.0011098067261627875
788.0 0.0009402826435689349
789.0 0.0009033416972670238
790.0 0.0008664010238135234
791.0 0.0008248591257142834
792.0 0.0007833170457161032
793.0 0.0002922372004832141
794.0 1.6488045737755863e-10
795.0 3.2865958132788364e-05
796.0 0.00026457457806827733
797.0 0.00033851104035420576
798.0 0.00041244743442803156
799.0 0.000259471175922954
800.0 0.00010649486057445756
801.0 1.6488045737755863e-10
802.0 1.6488045737755863e-10
803.0 9.095597874875239e-06
804.0 0.00013844000932294875
805.0 3.550497638116212e-05
806.0 1.6488045737755863e-10
807.0 1.6488045737755863e-10
808.0 1.6488045737755863e-10
809.0 0.00010844261169040692
810.0 0.0004074558091815561
811.0 1.6488045737755863e-10
812.0 1.6488045737755863e-10
813.0 7.3396350330767746e-06
814.0 0.0004578863354254281
815.0 0.0004228923899063375
816.0 0.0003878983534377767
817.0 0.00020082811715838034
818.0 1.375789366875324e-05
819.0 4.063807423904109e-06
820.0 1.6488045737755863e-10
821.0 1.6488045737755863e-10
822.0 1.6488045737755863e-10
823.0 1.6488045737755863e-10
824.0 8.171759304786974e-05
825.0 1.6488045737755863e-10
826.0 1.6488045737755863e-10
827.0 0.00014509017773889354
828.0 0.0004825350515602622
829.0 0.00040906729736889247
830.0 0.00033559990697540343
831.0 2.6603717628859158e-05
832.0 1.6488045737755863e-10
833.0 1.6488045737755863e-10
834.0 1.6488045737755863e-10
835.0 1.6488045737755863e-10
836.0 1.6488045737755863e-10
837.0 1.6488045737755863e-10
838.0 1.6488045737755863e-10
839.0 1.6488045737755863e-10
840.0 1.6488045737755863e-10
841.0 1.6488045737755863e-10
842.0 1.6488045737755863e-10
843.0 1.6488045737755863e-10
844.0 1.6488045737755863e-10
845.0 0.0001158428972303227
846.0 0.0003594979489207617
847.0 0.00023673946998314932
848.0 0.00011398094557080185
849.0 0.00017483141618868103
850.0 0.0002356817276449874
851.0 0.00021852658846910344
852.0 0.00020137142655585194
853.0 0.0001539693016638921
854.0 0.00010656701761035947
855.0 0.0001507172783021815
856.0 0.00019486747078190092
857.0 0.0004996104053134331
858.0 0.0008043533853197005
859.0 0.0008465331120532937
860.0 0.0008887129297363572
861.0 0.000989475392998429
862.0 0.0010902378562605008
863.0 0.001297171456826618
864.0 0.0015041047845443245
865.0 0.0019522487491485663
866.0 0.0024003924409043975
867.0 0.0022054196961107664
868.0 0.0020104471332160756
869.0 0.0019732502551050857
870.0 0.001936053013196215
871.0 0.0018986627765116282
872.0 0.0018612721760291606
873.0 0.0020122368368902244
874.0 0.002163201497751288
