lsstCam/transmission_filter_detector/r01_s10/i_39/19700101T000000.ecsv
# %ECSV 1.0
# ---
# datatype:
# - {name: wavelength, unit: nm, datatype: float32}
# - {name: efficiency, unit: '%', datatype: float64}
# meta: !!omap
# - {MODE: DETECTOR}
# - {TYPE: transmission_filter_detector}
# - {CALIBDATE: '1970-01-01T00:00:00'}
# - {INSTRUME: LSSTCam}
# - {OBSTYPE: transmission_filter_detector}
# - {CALIBCLS: lsst.ip.isr.IntermediateFilterDetectorTransmissionCurve}
# - {SOURCE: Materion (DM-46256)}
# - {DETECTOR: 3}
# - {FILTER: i_39}
# - {CALIB_ID: 'calibDate=1970-01-01T00:00:00 filter=i_39 detector=3'}
# - {DATE: '2025-04-02T15:59:46.492740'}
# - {CALIB_CREATION_DATE: '2025-04-02'}
# - {CALIB_CREATION_TIME: '15:59:46'}
# - __serialized_columns__:
#     efficiency:
#       __class__: astropy.units.quantity.Quantity
#       unit: !astropy.units.Unit {unit: '%'}
#       value: !astropy.table.SerializedColumn {name: efficiency}
#     wavelength:
#       __class__: astropy.units.quantity.Quantity
#       unit: !astropy.units.Unit {unit: nm}
#       value: !astropy.table.SerializedColumn {name: wavelength}
# schema: astropy-2.0
wavelength efficiency
300.0 0.08181915618479252
301.0 0.0461212417576462
302.0 0.010423361527500674
303.0 0.025932869175449014
304.0 0.04144237900618464
305.0 0.03563416830729693
306.0 0.029825957608409226
307.0 0.009614088776288554
308.0 1.7139722800763035e-10
309.0 1.7139722800763035e-10
310.0 1.7139722800763035e-10
311.0 1.7139722800763035e-10
312.0 1.7139722800763035e-10
313.0 1.7139722800763035e-10
314.0 1.7139722800763035e-10
315.0 1.7139722800763035e-10
316.0 1.7139722800763035e-10
317.0 1.7139722800763035e-10
318.0 1.7139722800763035e-10
319.0 1.7139722800763035e-10
320.0 1.7139722800763035e-10
321.0 1.7139722800763035e-10
322.0 1.7139722800763035e-10
323.0 1.7139722800763035e-10
324.0 1.7139722800763035e-10
325.0 1.7139722800763035e-10
326.0 1.7139722800763035e-10
327.0 1.7139722800763035e-10
328.0 0.0025139914214378223
329.0 0.00245786395680625
330.0 0.0024017368559725583
331.0 0.0015474015526706353
332.0 0.0006930668860150035
333.0 0.002033973032666836
334.0 0.003374879088369198
335.0 0.0025616907805670053
336.0 0.001748503746057395
337.0 0.003051136081921868
338.0 0.0043537685996852815
339.0 0.0035099747037747875
340.0 0.0026661813535611145
341.0 1.7139722800763035e-10
342.0 1.7139722800763035e-10
343.0 1.7139722800763035e-10
344.0 1.7139722800763035e-10
345.0 1.7139722800763035e-10
346.0 1.7139722800763035e-10
347.0 1.7139722800763035e-10
348.0 1.7139722800763035e-10
349.0 1.7139722800763035e-10
350.0 1.7139722800763035e-10
351.0 1.7139722800763035e-10
352.0 4.126846988583566e-05
353.0 1.7139722800763035e-10
354.0 1.7139722800763035e-10
355.0 1.7139722800763035e-10
356.0 0.0002576044607849326
357.0 0.0008162677659129258
358.0 0.0013749313438893296
359.0 0.001629459802643396
360.0 0.0018839877157006413
361.0 0.001309351409872761
362.0 0.0007347149676206755
363.0 0.0006818169822508935
364.0 0.0006289191787800519
365.0 0.0012193409020255785
366.0 0.0018097631254931912
367.0 0.0012104878805985209
368.0 0.0006112125447543804
369.0 0.001062001956597669
370.0 0.0015127916412893683
371.0 0.0016172920368262567
372.0 0.001721792432363145
373.0 0.0014367764379130676
374.0 0.0011517602615640499
375.0 0.0004226703367748996
376.0 1.7139722800763035e-10
377.0 1.7139722800763035e-10
378.0 1.7139722800763035e-10
379.0 1.7139722800763035e-10
380.0 1.7139722800763035e-10
381.0 1.7139722800763035e-10
382.0 1.7139722800763035e-10
383.0 9.114267527365882e-05
384.0 0.0014009649021318182
385.0 0.001197286201204406
386.0 0.000993607500276994
387.0 1.7139722800763035e-10
388.0 1.7139722800763035e-10
389.0 1.7139722800763035e-10
390.0 1.7139722800763035e-10
391.0 1.7139722800763035e-10
392.0 1.7139722800763035e-10
393.0 1.7139722800763035e-10
394.0 0.0007017154985078378
395.0 1.7139722800763035e-10
396.0 1.7139722800763035e-10
397.0 1.7139722800763035e-10
398.0 1.7139722800763035e-10
399.0 1.7139722800763035e-10
400.0 0.0007926000762381591
401.0 1.7139722800763035e-10
402.0 1.7139722800763035e-10
403.0 0.0007826241926522925
404.0 0.0037120487831998616
405.0 0.005382084054872394
406.0 0.007052118598949164
407.0 0.003125321018160321
408.0 1.7139722800763035e-10
409.0 1.7139722800763035e-10
410.0 1.7139722800763035e-10
411.0 0.002932525603682734
412.0 0.00600632956775371
413.0 0.005342968142940663
414.0 0.004679608173319139
415.0 0.004650437767850235
416.0 0.004621266998583451
417.0 0.0029023885872447863
418.0 0.0011835096302093007
419.0 0.003919278969988227
420.0 0.0066550484916660935
421.0 0.005140809298609383
422.0 0.0036265701055526733
423.0 0.004080640792381018
424.0 0.0045347114792093635
425.0 0.003565451333997771
426.0 0.002596190279291477
427.0 0.0033098658605013043
428.0 0.004023541623610072
429.0 0.004926449037156999
430.0 0.005829356814501807
431.0 0.0048336154577555135
432.0 0.0038378748286049813
433.0 0.004704300954472274
434.0 0.005570727444137447
435.0 0.0039642705814912915
436.0 0.0023578137188451365
437.0 0.0017401012883055955
438.0 0.001122389039664995
439.0 0.0016545049220439978
440.0 0.002186620986321941
441.0 0.0006409174147847807
442.0 1.7139722800763035e-10
443.0 1.7139722800763035e-10
444.0 1.7139722800763035e-10
445.0 1.7139722800763035e-10
446.0 1.7139722800763035e-10
447.0 0.00031308663892559707
448.0 0.000696573943059775
449.0 1.7139722800763035e-10
450.0 1.7139722800763035e-10
451.0 1.7139722800763035e-10
452.0 0.0008363996130356099
453.0 0.0016900190530577675
454.0 0.002543638584029395
455.0 0.0021853033103980124
456.0 0.0018269680367666297
457.0 0.0012862793482781854
458.0 0.000745590614315006
459.0 0.00027479063646751456
460.0 1.7139722800763035e-10
461.0 0.00028752585876645753
462.0 0.0007710611498623621
463.0 0.00035352979921299266
464.0 1.7139722800763035e-10
465.0 0.0003278303893239354
466.0 0.0007196624210337177
467.0 0.0007963017196743749
468.0 0.0008729411092645023
469.0 0.0005526102086150786
470.0 0.00023227933070302242
471.0 0.0005600422809948213
472.0 0.000887805344973458
473.0 0.0009916751878336072
474.0 0.001095545303542167
475.0 0.000889483362698229
476.0 0.000683421876601642
477.0 0.000927031123865163
478.0 0.001170640462078154
479.0 0.0011809993338829372
480.0 0.0011913582056877203
481.0 0.0024185805159504525
482.0 0.0036458015529206023
483.0 0.004998661097488366
484.0 0.006351520278258249
485.0 0.006170148844830692
486.0 0.005988776320009492
487.0 0.008861844253260642
488.0 0.011734912550309673
489.0 0.0158661583554931
490.0 0.019997404888272285
491.0 0.023699150187894702
492.0 0.02740089548751712
493.0 0.03010879154317081
494.0 0.03281669050920755
495.0 0.029346541850827634
496.0 0.025876390282064676
497.0 0.019641690596472472
498.0 0.013406988000497222
499.0 0.009753885387908667
500.0 0.006100780956330709
501.0 0.004447103492566384
502.0 0.0027934260288020596
503.0 0.0022948919649934396
504.0 0.001796357537386939
505.0 0.0016996964404825121
506.0 0.0016030353435780853
507.0 0.0019453149434411898
508.0 0.002287594361405354
509.0 0.0024130162273650058
510.0 0.002538438275223598
511.0 0.0019285826056147926
512.0 0.0013187269360059872
513.0 0.0014605939213652164
514.0 0.0016024609067244455
515.0 0.002051452247542329
516.0 0.0025004439521580935
517.0 0.0021603142158710398
518.0 0.001820184479583986
519.0 0.002058564314211253
520.0 0.00229694414883852
521.0 0.0018574735804577358
522.0 0.001418003193975892
523.0 0.0014415348232432734
524.0 0.0014650667253590655
525.0 0.0020460131054278463
526.0 0.0026269592126482166
527.0 0.002878504710679408
528.0 0.00313005039060954
529.0 0.0031726169254397973
530.0 0.003215183096472174
531.0 0.0030228111427277327
532.0 0.0028304391889832914
533.0 0.0022777909180149436
534.0 0.0017251424651476555
535.0 0.0017930271496879868
536.0 0.0018609116523293778
537.0 0.0024359256713069044
538.0 0.0030109395083854906
539.0 0.0034102653444278985
540.0 0.0038095917261671275
541.0 0.0045014512579655275
542.0 0.0051933107897639275
543.0 0.005156392580829561
544.0 0.005119474371895194
545.0 0.004307584822527133
546.0 0.0034956960007548332
547.0 0.0027057138140662573
548.0 0.001915731445478741
549.0 0.002005863825615961
550.0 0.002095996569551062
551.0 0.001675127714406699
552.0 0.0012542592230602168
553.0 0.0016515603419975378
554.0 0.002048861642833799
555.0 0.0016543328456464224
556.0 0.001259803775610635
557.0 0.0009404115189681761
558.0 0.0006210193987499224
559.0 0.00024450898763461737
560.0 1.7139722800763035e-10
561.0 0.0005982500624668319
562.0 0.0013285016393638216
563.0 0.001382486880174838
564.0 0.0014364722119353246
565.0 0.001207416153192753
566.0 0.0009783600944501814
567.0 0.0009592781680112239
568.0 0.0009401961506227963
569.0 0.0008936906851886306
570.0 0.0008471851288049947
571.0 0.0005637211870634928
572.0 0.00028025719984725583
573.0 0.0003895100235240534
574.0 0.000498762892675586
575.0 0.000481556162412744
576.0 0.0004643493412004318
577.0 0.0005324430730979657
578.0 0.0006005368504702346
579.0 0.0002838677573890891
580.0 1.7139722800763035e-10
581.0 0.00015560440260742325
582.0 0.00034401018638163805
583.0 0.0004608138624462299
584.0 0.0005776174475613516
585.0 0.0006618878614972346
586.0 0.0007461582754331175
587.0 0.0006417554686777294
588.0 0.000537352570972871
589.0 0.0006061260137357749
590.0 0.0006748995019734139
591.0 0.000830682893138146
592.0 0.0009864666026260238
593.0 0.0006440920969907893
594.0 0.0003017175004060846
595.0 0.0006017951363901375
596.0 0.0009018726814247202
597.0 0.0007332515906455228
598.0 0.0005646306362905307
599.0 0.0005930070528847864
600.0 0.0006213833330548368
601.0 0.0004699410965258721
602.0 0.0003184987917848048
603.0 0.00021600974378088722
604.0 0.0001135205593527644
605.0 7.199074616437429e-05
606.0 3.046093581815512e-05
607.0 0.0002996113153130864
608.0 0.0005687615157512482
609.0 0.0005334754405339481
610.0 0.0004981890924682375
611.0 0.0006936930731171742
612.0 0.0008891970537661109
613.0 0.0006182423476275289
614.0 0.0003472878006505198
615.0 1.7139722800763035e-10
616.0 1.7139722800763035e-10
617.0 1.7139722800763035e-10
618.0 0.00016647372831357643
619.0 0.00030632961625087773
620.0 0.00044618554966291413
621.0 0.000547031140740728
622.0 0.0006478766863438068
623.0 0.0005316994702297961
624.0 0.00041552229959052056
625.0 0.00042446308725629933
626.0 0.0004334039203968132
627.0 0.0003672229695439455
628.0 0.0003010419959537103
629.0 0.0004038638508063741
630.0 0.0005066858193458756
631.0 0.0005080294613435399
632.0 0.000509373057866469
633.0 0.00044686485125566833
634.0 0.00038435655369539745
635.0 0.00040889681258704513
636.0 0.0004334370260039577
637.0 0.00042053179640788585
638.0 0.0004076264303876087
639.0 0.0005996616891934536
640.0 0.0007916968570498284
641.0 0.0006202252279763343
642.0 0.00044875359890284017
643.0 0.00056335038607358
644.0 0.00067794726419379
645.0 0.0006138648132036906
646.0 0.0005497824531630613
647.0 0.0007225441549962852
648.0 0.0008953062206273898
649.0 0.0007264011856022989
650.0 0.0005574961051024729
651.0 0.0008363551387446932
652.0 0.0011152142178616486
653.0 0.0011703810741892084
654.0 0.0012255479305167682
655.0 0.0017495181964477524
656.0 0.0022734882804797962
657.0 0.003186444882885553
658.0 0.004099400030099787
659.0 0.006582415517186746
660.0 0.030971269006840885
661.0 0.08324168156832457
662.0 0.06143174832686782
663.0 0.12604680377990007
664.0 0.09675376932136714
665.0 0.11773965088650584
666.0 0.13739506248384714
667.0 0.1574551686644554
668.0 0.2011472824960947
669.0 0.236367410980165
670.0 0.31829799991101027
671.0 0.41449000127613544
672.0 0.6498705595731735
673.0 1.0197767056524754
674.0 1.6164876520633698
675.0 2.359819784760475
676.0 3.4261416643857956
677.0 4.720183834433556
678.0 6.060429662466049
679.0 7.481738179922104
680.0 9.303654730319977
681.0 11.287179589271545
682.0 13.807480037212372
683.0 16.58446490764618
684.0 19.628137350082397
685.0 22.52209335565567
686.0 25.47852396965027
687.0 28.64624857902527
688.0 31.739377975463867
689.0 34.85281765460968
690.0 38.34570646286011
691.0 42.16258525848389
692.0 46.833735704422
693.0 51.7952024936676
694.0 57.5076162815094
695.0 63.10650110244751
696.0 69.39438581466675
697.0 75.0187337398529
698.0 81.28303289413452
699.0 86.05985641479492
700.0 89.8634672164917
701.0 92.97619462013245
702.0 95.19572257995605
703.0 96.50841951370239
704.0 97.09266424179077
705.0 97.58111834526062
706.0 97.67569303512573
707.0 97.91628122329712
708.0 97.93638586997986
709.0 97.9638397693634
710.0 97.71674871444702
711.0 97.89864420890808
712.0 97.80570268630981
713.0 97.86483645439148
714.0 97.91843891143799
715.0 98.00023436546326
716.0 97.83959984779358
717.0 98.10515642166138
718.0 98.06162714958191
719.0 98.0907142162323
720.0 98.32944869995117
721.0 98.34123253822327
722.0 98.10351729393005
723.0 97.84738421440125
724.0 97.47554063796997
725.0 97.19715714454651
726.0 96.89231514930725
727.0 96.59512639045715
728.0 96.3133454322815
729.0 96.11822366714478
730.0 96.06637358665466
731.0 96.05427980422974
732.0 96.13343477249146
733.0 96.49088382720947
734.0 96.91573977470398
735.0 97.10965752601624
736.0 97.5556492805481
737.0 97.84087538719177
738.0 98.19819331169128
739.0 98.49783778190613
740.0 98.63407611846924
741.0 98.42572212219238
742.0 98.76921772956848
743.0 98.62954616546631
744.0 98.45196008682251
745.0 98.44537377357483
746.0 98.43857288360596
747.0 98.64234924316406
748.0 98.51614236831665
749.0 98.43072891235352
750.0 98.3545184135437
751.0 98.27880263328552
752.0 98.23686480522156
753.0 98.43912124633789
754.0 98.38101863861084
755.0 98.47360253334045
756.0 98.53460788726807
757.0 98.52891564369202
758.0 98.68022799491882
759.0 98.62642288208008
760.0 98.49688410758972
761.0 98.37686419487
762.0 98.4926700592041
763.0 98.44968914985657
764.0 98.33211898803711
765.0 98.23746681213379
766.0 98.35789799690247
767.0 98.0897307395935
768.0 98.21562767028809
769.0 98.24400544166565
770.0 98.03746342658997
771.0 98.06822538375854
772.0 98.07776808738708
773.0 98.07626605033875
774.0 97.94065952301025
775.0 98.02908301353455
776.0 97.85566926002502
777.0 97.9973316192627
778.0 97.86506295204163
779.0 97.94654250144958
780.0 97.79064059257507
781.0 98.0076014995575
782.0 97.85274863243103
783.0 97.8790283203125
784.0 97.77556657791138
785.0 98.05092811584473
786.0 98.18326234817505
787.0 97.88432717323303
788.0 98.04352521896362
789.0 98.04408550262451
790.0 98.06174635887146
791.0 98.04846048355103
792.0 97.9440450668335
793.0 97.8812038898468
794.0 97.88088798522949
795.0 97.80793786048889
796.0 97.91531562805176
797.0 97.98349738121033
798.0 98.00556898117065
799.0 97.82000780105591
800.0 97.68229126930237
801.0 97.76520729064941
802.0 97.64795303344727
803.0 97.45394587516785
804.0 97.27827906608582
805.0 97.02268838882446
806.0 96.83002829551697
807.0 96.27006649971008
808.0 95.67779898643494
809.0 94.79889869689941
810.0 93.81694793701172
811.0 92.44635701179504
812.0 90.62366485595703
813.0 88.4805977344513
814.0 85.79087853431702
815.0 82.5907051563263
816.0 79.24363017082214
817.0 75.15271306037903
818.0 70.47719955444336
819.0 66.1531150341034
820.0 61.095595359802246
821.0 56.43479824066162
822.0 51.9239068031311
823.0 47.2013384103775
824.0 42.601385712623596
825.0 38.27236294746399
826.0 33.84074568748474
827.0 29.186910390853882
828.0 24.991683661937714
829.0 20.709967613220215
830.0 16.306334733963013
831.0 12.800492346286774
832.0 9.24130380153656
833.0 6.351270526647568
834.0 4.130205884575844
835.0 2.5667740032076836
836.0 1.5607243403792381
837.0 0.9132497943937778
838.0 0.48911692574620247
839.0 0.2989149186760187
840.0 0.16057706670835614
841.0 0.07126202108338475
842.0 0.07746012997813523
843.0 0.017404805112164468
844.0 0.013744803436566144
845.0 1.7139722800763035e-10
846.0 1.7139722800763035e-10
847.0 0.01398834865540266
848.0 1.7139722800763035e-10
849.0 1.7139722800763035e-10
850.0 1.7139722800763035e-10
851.0 1.7139722800763035e-10
852.0 0.0013387379112828057
853.0 0.0013423426025838125
854.0 0.0013459473848342896
855.0 0.001090373370971065
856.0 0.0008347993571078405
857.0 0.0008445966159342788
858.0 0.0008543935109628364
859.0 0.0005757804956374457
860.0 0.0002971672984131146
861.0 0.00028550828119477956
862.0 0.00027384919576434186
863.0 0.00014622421531385044
864.0 1.859929454894882e-05
865.0 4.133482178758641e-06
866.0 1.7139722800763035e-10
867.0 2.667849514637055e-05
868.0 6.368933327394188e-05
869.0 1.7139722800763035e-10
870.0 1.7139722800763035e-10
871.0 1.7139722800763035e-10
872.0 0.0002558518190198811
873.0 0.00020991399196645943
874.0 0.00016397615354435402
875.0 0.00019821934529318241
876.0 0.00023246257114806212
877.0 1.7139722800763035e-10
878.0 1.7139722800763035e-10
879.0 3.9033582766023756e-05
880.0 0.00043141426431247965
881.0 0.00018692551293497672
882.0 1.7139722800763035e-10
883.0 0.00013789244803774636
884.0 0.0003333481345180189
885.0 0.00011236584214202594
886.0 1.7139722800763035e-10
887.0 1.2451160102955328e-05
888.0 0.0001335187903350743
889.0 5.326265863914159e-05
890.0 1.7139722800763035e-10
891.0 0.00010628666586853797
892.0 0.0002395667479504482
893.0 0.0002463067175995093
894.0 0.0002530467099859379
895.0 1.6114320544602379e-06
