lsstCam/transmission_filter_detector/r01_s10/i_39/19700101T000000.ecsv
# %ECSV 1.0
# ---
# datatype:
# - {name: wavelength, unit: nm, datatype: float32}
# - {name: efficiency, unit: '%', datatype: float64}
# meta: !!omap
# - {MODE: DETECTOR}
# - {TYPE: transmission_filter_detector}
# - {CALIBDATE: '1970-01-01T00:00:00'}
# - {INSTRUME: LSSTCam}
# - {OBSTYPE: transmission_filter_detector}
# - {CALIBCLS: lsst.ip.isr.IntermediateFilterDetectorTransmissionCurve}
# - {SOURCE: Materion (DM-46256)}
# - {DETECTOR: 3}
# - {FILTER: i_39}
# - {CALIB_ID: 'calibDate=1970-01-01T00:00:00 filter=i_39 detector=3'}
# - {DATE: '2025-04-02T15:59:46.492740'}
# - {CALIB_CREATION_DATE: '2025-04-02'}
# - {CALIB_CREATION_TIME: '15:59:46'}
# - __serialized_columns__:
#     efficiency:
#       __class__: astropy.units.quantity.Quantity
#       unit: !astropy.units.Unit {unit: '%'}
#       value: !astropy.table.SerializedColumn {name: efficiency}
#     wavelength:
#       __class__: astropy.units.quantity.Quantity
#       unit: !astropy.units.Unit {unit: nm}
#       value: !astropy.table.SerializedColumn {name: wavelength}
# schema: astropy-2.0
wavelength efficiency
[from data line 597]
897.0 1.7139722800763035e-10
898.0 1.7139722800763035e-10
899.0 1.7139722800763035e-10
900.0 1.7139722800763035e-10
901.0 1.7139722800763035e-10
902.0 1.7139722800763035e-10
903.0 1.7139722800763035e-10
904.0 6.4617573514169635e-06
905.0 1.7139722800763035e-10
906.0 1.7139722800763035e-10
907.0 4.390578851598548e-05
908.0 0.00021457644834299572
909.0 1.7139722800763035e-10
910.0 1.7139722800763035e-10
911.0 1.7139722800763035e-10
912.0 0.00019821588921331568
913.0 0.00012231985238031484
914.0 4.6423832600339665e-05
915.0 1.7139722800763035e-10
916.0 1.7139722800763035e-10
917.0 1.7139722800763035e-10
918.0 1.7139722800763035e-10
919.0 1.7139722800763035e-10
920.0 5.283469590722234e-05
921.0 1.7139722800763035e-10
922.0 1.7139722800763035e-10
923.0 1.7139722800763035e-10
924.0 1.7139722800763035e-10
925.0 8.737958978599636e-05
926.0 0.0003585919557735906
927.0 5.6221506383735687e-05
928.0 1.7139722800763035e-10
929.0 1.7139722800763035e-10
930.0 0.00013605547337647295
931.0 0.0001446781425329391
932.0 0.00015330080032072146
933.0 0.00014967657762099407
934.0 0.00014605237765863421
935.0 1.7139722800763035e-10
936.0 1.7139722800763035e-10
937.0 1.7139722800763035e-10
938.0 1.7139722800763035e-10
939.0 1.7139722800763035e-10
940.0 1.7139722800763035e-10
941.0 1.7139722800763035e-10
942.0 1.8272383783823898e-05
943.0 1.7139722800763035e-10
944.0 1.7139722800763035e-10
945.0 1.7139722800763035e-10
946.0 1.7139722800763035e-10
947.0 1.7139722800763035e-10
948.0 1.7139722800763035e-10
949.0 1.7139722800763035e-10
950.0 1.7139722800763035e-10
951.0 1.7139722800763035e-10
952.0 1.7139722800763035e-10
953.0 1.7139722800763035e-10
954.0 1.7139722800763035e-10
955.0 7.177794714152697e-05
956.0 0.00034620450151123805
957.0 0.0002689820803425391
958.0 0.0001917596136991051
959.0 0.00024763412511674687
960.0 0.0003035086592717562
961.0 0.000297729479825648
962.0 0.00029195036859164247
963.0 0.00011616167512329412
964.0 1.7139722800763035e-10
965.0 1.7139722800763035e-10
966.0 1.7139722800763035e-10
967.0 1.7139722800763035e-10
968.0 1.7139722800763035e-10
969.0 1.7139722800763035e-10
970.0 1.7139722800763035e-10
971.0 1.7139722800763035e-10
972.0 1.7139722800763035e-10
973.0 1.7139722800763035e-10
974.0 1.6897590171538468e-05
975.0 5.935553915037417e-06
976.0 1.7139722800763035e-10
977.0 1.7139722800763035e-10
978.0 1.7139722800763035e-10
979.0 1.7139722800763035e-10
980.0 1.7139722800763035e-10
981.0 1.7139722800763035e-10
982.0 1.7139722800763035e-10
983.0 1.7139722800763035e-10
984.0 1.7139722800763035e-10
985.0 0.00013862260175301344
986.0 0.00031130111892707646
987.0 2.83176973425725e-05
988.0 1.7139722800763035e-10
989.0 1.7139722800763035e-10
990.0 1.7139722800763035e-10
991.0 1.7139722800763035e-10
992.0 1.7139722800763035e-10
993.0 1.7139722800763035e-10
994.0 7.81234859914548e-05
995.0 1.7139722800763035e-10
996.0 1.7139722800763035e-10
997.0 2.483719754309277e-05
998.0 0.00027587150270846905
999.0 0.00028795784601243213
1000.0 0.0003000441438416601
1001.0 7.769540957269783e-05
1002.0 1.7139722800763035e-10
1003.0 2.2071078831231716e-05
1004.0 0.00018879557046602713
1005.0 1.7139722800763035e-10
1006.0 1.7139722800763035e-10
1007.0 1.7139722800763035e-10
1008.0 0.00014069510143599473
1009.0 7.330638709390769e-05
1010.0 5.917626211271454e-06
1011.0 7.0948141228655e-05
1012.0 0.00013597862107417313
1013.0 0.000365626806342334
1014.0 0.0005952751052973326
1015.0 0.00045907813728263136
1016.0 0.0003228812374800327
1017.0 0.0004198069291305728
1018.0 0.0005167327344679506
1019.0 0.0003774349124796572
1020.0 0.0002381369995418936
1021.0 0.00011835053328468348
1022.0 1.7139722800763035e-10
1023.0 0.00043463937799970154
1024.0 0.0008707147571840324
1025.0 0.0007072508651617682
1026.0 0.000543786973139504
1027.0 0.0004986911335436162
1028.0 0.00045359529394772835
1029.0 0.0007415861091430997
1030.0 0.0010295770152879413
1031.0 0.0017465557903051376
1032.0 0.0024635344743728638
1033.0 0.0025538231056998484
1034.0 0.0026441110094310716
1035.0 0.0031962234061211348
1036.0 0.0037483350752154365
1037.0 0.0038056077755754814
1038.0 0.0038628801121376455
1039.0 0.003069175363634713
1040.0 0.0022754706151317805
1041.0 0.0017812088117352687
1042.0 0.0012869471902376972
1043.0 0.0019676730516948737
1044.0 0.0026483989131520502
1045.0 0.003122742418781854
1046.0 0.00359708683390636
1047.0 0.0034777916880557314
1048.0 0.0033584965422051027
1049.0 0.0028869706511613913
1050.0 0.00241544476011768
1051.0 0.002742820834100712
1052.0 0.003070197271881625
1053.0 0.001983370202651713
1054.0 0.0008965433153207414
1055.0 0.0007536212251579855
1056.0 0.0006106990440457594
1057.0 0.0007830073627701495
1058.0 0.00095531586339348
1059.0 0.000978038224275224
1060.0 0.0010007608580053784
1061.0 0.0017519299944979139
1062.0 0.002503098949091509
1063.0 0.002585791480669286
1064.0 0.002668483830348123
1065.0 0.0029924887712695636
1066.0 0.0033164938940899447
1067.0 0.004446467573870905
1068.0 0.0055764416174497455
1069.0 0.004479193012230098
1070.0 0.0033819440432125703
1071.0 0.002992627014464233
1072.0 0.0026033098038169555
1073.0 0.002493879583198577
1074.0 0.002384449362580199
1075.0 0.002484867218299769
1076.0 0.0025852847102214582
1077.0 0.0016822616089484654
1078.0 0.0007792382348270621
1079.0 0.0012335018254816532
1080.0 0.0016877655070857145
1081.0 0.0009505986781732645
1082.0 0.00021343162188713904
1083.0 0.00015845040479689487
1084.0 0.00010346875569666736
1085.0 0.0005305642844177783
1086.0 0.0009576601769367699
1087.0 0.0012756479009112809
1088.0 0.0015936358977342024
1089.0 1.7139722800763035e-10
1090.0 1.7139722800763035e-10
1091.0 1.7139722800763035e-10
1092.0 1.7139722800763035e-10
1093.0 1.7139722800763035e-10
1094.0 0.0009361066076962743
1095.0 0.00047511589400528464
1096.0 1.4125153313671035e-05
1097.0 1.7139722800763035e-10
1098.0 1.7139722800763035e-10
1099.0 1.7139722800763035e-10
1100.0 1.7139722800763035e-10
