lsstCam/transmission_optics/19700101T000000.ecsv
# %ECSV 1.0
# ---
# datatype:
# - {name: wavelength, unit: nm, datatype: float64}
# - {name: efficiency, unit: '%', datatype: float64}
# meta: !!omap
# - {MODE: DETECTOR}
# - {TYPE: transmission_optics}
# - {CALIBDATE: '1970-01-01T00:00:00'}
# - {INSTRUME: LSSTCam}
# - {OBSTYPE: transmission_optics}
# - {CALIBCLS: lsst.ip.isr.IntermediateOpticsTransmissionCurve}
# - {SOURCE: 'https://github.com/lsst/throughputs'}
# - {VERSION: 1.9}
# - {CALIB_ID: 'calibDate=1970-01-01T00:00:00 filter=None'}
# - {DATE: '2025-03-26T22:26:21.653314'}
# - {CALIB_CREATION_DATE: '2025-03-26'}
# - {CALIB_CREATION_TIME: '22:26:21'}
# - __serialized_columns__:
#     efficiency:
#       __class__: astropy.units.quantity.Quantity
#       unit: !astropy.units.Unit {unit: '%'}
#       value: !astropy.table.SerializedColumn {name: efficiency}
#     wavelength:
#       __class__: astropy.units.quantity.Quantity
#       unit: !astropy.units.Unit {unit: nm}
#       value: !astropy.table.SerializedColumn {name: wavelength}
# schema: astropy-2.0
wavelength efficiency
[from data line 441]
910.2000000001387 61.07402066792632
910.5000000001388 61.09928334661433
911.7000000001391 61.16307624256967
915.0000000001398 61.37653525086597
915.80000000014 61.405546449797086
918.0000000001405 61.520583856139744
923.1000000001417 61.68072490431796
925.0000000001421 61.716668485394045
928.2000000001428 61.519029291147184
930.1000000001433 61.39697567001298
930.7000000001434 61.31439248458137
931.8000000001437 61.10331942715545
935.4000000001445 60.541055671135766
936.9000000001448 60.413955755407045
938.1000000001451 60.2578609054982
939.9000000001455 60.12454262098315
940.7000000001457 60.141265261118235
942.4000000001461 60.31868219217169
943.7000000001464 60.42787181038566
944.3000000001465 60.48016244564028
944.6000000001466 60.51741618533867
945.0000000001467 60.57708754400276
947.1000000001471 60.97077132393345
950.5000000001479 61.655832054677795
950.900000000148 61.721771046271854
951.4000000001481 61.80193763997765
955.100000000149 62.47298549878649
955.7000000001491 62.5507254692092
957.6000000001495 62.79662833493636
961.9000000001505 63.344087350948065
964.100000000151 63.57073486952311
964.6000000001511 63.640703428578206
967.1000000001517 63.83489640837777
967.4000000001517 63.87782762572557
968.2000000001519 63.97428138966197
970.5000000001525 64.13595372457873
970.7000000001525 64.15654338359235
970.8000000001525 64.16677656300837
972.3000000001529 64.24965323165304
976.0000000001537 64.46977352753356
976.5000000001538 64.50509947690709
977.400000000154 64.56906756168495
980.0000000001546 64.73118362373579
984.5000000001556 64.98992995846399
991.1000000001571 65.08220071378753
994.800000000158 65.18148056049533
998.3000000001588 65.35178962484393
1002.2000000001597 65.47888076423051
1003.3000000001599 65.51583720923857
1003.70000000016 65.5273218985119
1005.4000000001604 65.54183537829064
1008.000000000161 65.52090203987831
1008.4000000001611 65.53630884326539
1010.2000000001615 65.55227127018935
1010.7000000001616 65.57059698835398
1012.0000000001619 65.6292068853887
1015.7000000001627 65.78033229972627
1018.0000000001633 65.824497287408
1019.5000000001636 65.8330560881732
1022.7000000001643 65.8974689460628
1025.200000000165 65.92815251058795
1026.000000000165 65.90723416382443
1026.7000000001653 65.8849354829843
1028.8000000001657 65.88979519611799
1029.100000000166 65.8791204666638
1029.4000000001658 65.87248889637145
1029.500000000166 65.87071980274972
1030.7000000001663 65.924338742744
1031.0000000001662 65.9528386277355
1033.7000000001667 66.03073169283941
1035.2000000001672 66.10083745230337
1035.5000000001673 66.09421048025871
1038.2000000001678 66.16218327722628
1039.200000000168 66.16246728355594
1040.6000000001684 66.22333581700465
1043.300000000169 66.27002270781207
1043.600000000169 66.29131553417373
1043.700000000169 66.29852146748456
1043.8000000001691 66.3057532929092
1047.50000000017 66.30117984583555
1049.0000000001703 66.29454690720968
1049.3000000001703 66.29972887340374
1051.2000000001708 66.30823055781941
1051.800000000171 66.32116597239173
1052.500000000171 66.34648235643955
1055.4000000001718 66.40935679888271
1059.0000000001726 66.52074147193431
1060.5000000001728 66.54147346932487
1061.1000000001732 66.54888512906851
1061.5000000001733 66.55181909825141
1061.700000000173 66.55328599890731
1063.9000000001738 66.60982724873988
1067.0000000001744 66.70885472681717
1067.2000000001744 66.70868729977875
1068.6000000001748 66.7460452496169
1069.600000000175 66.77538494529136
1069.700000000175 66.77604816721292
1070.000000000175 66.77803774853832
1071.5000000001755 66.8231273566022
1074.3000000001762 66.8714051571943
1075.1000000001764 66.90062481107097
1079.2000000001772 67.0151260006411
1079.5000000001774 67.01463711489404
1079.6000000001773 67.01424665602164
1081.0000000001776 67.03748423873064
1082.300000000178 67.01962430346711
1082.600000000178 67.00992592702403
1084.0000000001783 67.00179213692053
1088.0000000001792 67.05481564922069
1094.2000000001806 67.09948955756984
1098.3000000001816 67.09640565021718
1098.4000000001815 67.09503262393496
1098.5000000001814 72.71590756358384
1098.6000000001816 76.44808344319853
1098.7000000001817 78.28239387940647
1098.8000000001816 78.29544895768545
1098.9000000001815 76.63178975375735
1099.0000000001817 73.48741707079711
1099.1000000001818 69.09182524411912
1099.2000000001817 63.70333293931907
1099.3000000001816 57.58732244434578
1099.7000000001817 30.938161923382186
1099.8000000001819 24.832546168139007
1099.900000000182 19.288434840056766
