lsstCam/transmission_optics/19700101T000000.ecsv
# %ECSV 1.0
# ---
# datatype:
# - {name: wavelength, unit: nm, datatype: float64}
# - {name: efficiency, unit: '%', datatype: float64}
# meta: !!omap
# - {MODE: DETECTOR}
# - {TYPE: transmission_optics}
# - {CALIBDATE: '1970-01-01T00:00:00'}
# - {INSTRUME: LSSTCam}
# - {OBSTYPE: transmission_optics}
# - {CALIBCLS: lsst.ip.isr.IntermediateOpticsTransmissionCurve}
# - {SOURCE: 'https://github.com/lsst/throughputs'}
# - {VERSION: 1.9}
# - {CALIB_ID: 'calibDate=1970-01-01T00:00:00 filter=None'}
# - {DATE: '2025-03-26T22:26:21.653314'}
# - {CALIB_CREATION_DATE: '2025-03-26'}
# - {CALIB_CREATION_TIME: '22:26:21'}
# - __serialized_columns__:
#     efficiency:
#       __class__: astropy.units.quantity.Quantity
#       unit: !astropy.units.Unit {unit: '%'}
#       value: !astropy.table.SerializedColumn {name: efficiency}
#     wavelength:
#       __class__: astropy.units.quantity.Quantity
#       unit: !astropy.units.Unit {unit: nm}
#       value: !astropy.table.SerializedColumn {name: wavelength}
# schema: astropy-2.0
wavelength efficiency
300.0 18.292749361948204
301.0000000000002 17.707774050010695
301.7000000000004 17.552978506477217
301.90000000000043 17.50891459314308
302.00000000000045 17.48690154104381
302.6000000000006 17.140645354209745
302.90000000000066 16.967158175805594
304.10000000000093 16.058860494398093
304.300000000001 15.980420962143265
304.400000000001 15.941280980804354
305.00000000000114 15.70818355389404
305.4000000000012 15.337819346587498
305.50000000000125 15.245352485331221
305.6000000000013 15.15292876043654
305.8000000000013 14.968136140473096
306.00000000000136 14.78331199422413
307.1000000000016 14.363764796175598
307.4000000000017 14.120883566992786
308.0000000000018 13.634212640346439
308.3000000000019 13.514530139721497
308.50000000000193 13.434572932168107
308.900000000002 13.274279100058198
309.00000000000205 13.234107088910982
309.7000000000022 12.22576861545826
309.90000000000225 11.936514959012733
310.0000000000023 11.791700664679249
311.9000000000027 10.37160090977477
312.8000000000029 9.739560861026998
313.100000000003 9.45711897705813
313.200000000003 9.314513171142634
313.7000000000031 8.5991817142015
313.90000000000316 8.31203834774031
314.6000000000033 7.592352998353063
315.0000000000034 7.206470475882826
315.9000000000036 6.144756520122962
316.10000000000366 5.998312307814449
317.00000000000387 5.747096834988568
318.0000000000041 6.191625655024056
318.70000000000425 6.100655186257852
319.0000000000043 6.061357935094602
319.20000000000437 6.711503980669596
320.00000000000455 9.320467688091053
320.6000000000047 10.287805581689502
320.7000000000047 10.449754334271267
320.80000000000473 10.611906356879167
321.0000000000048 10.936805328169582
322.20000000000505 14.843488573208328
322.30000000000507 15.153438004644324
323.00000000000523 17.32883832138093
323.50000000000534 18.617724655042213
323.7000000000054 19.135189500140914
323.90000000000543 19.65373804958533
325.1000000000057 23.409796765400117
325.30000000000575 23.973790442601402
326.10000000000593 26.2376958751382
328.2000000000064 32.16655910805715
329.0000000000066 34.524097938468636
329.4000000000067 35.43862857804444
330.50000000000693 38.02096641711857
331.00000000000705 39.229409611379914
332.0000000000073 41.213757882763105
332.30000000000734 41.71699211806771
333.0000000000075 42.893269612129274
333.9000000000077 44.232961032954954
335.100000000008 45.718482081039966
336.80000000000837 47.64903914596433
337.5000000000085 48.32152876211875
338.90000000000884 49.5596943714021
339.9000000000091 50.40027207156646
340.70000000000925 50.88883308488964
342.2000000000096 51.741676102362575
344.00000000001 52.596323708134854
345.2000000000103 53.05479185264667
348.0000000000109 53.874258534564554
349.90000000001135 54.21406945201167
351.20000000001164 54.38853321083508
351.8000000000118 54.51405817634978
352.0000000000118 54.55613073184098
352.20000000001187 54.57727008638652
353.40000000001214 54.65887441832751
353.50000000001216 54.65839986806611
353.7000000000122 54.657408575152374
356.4000000000128 54.877863955491705
359.0000000000134 55.05592488634118
359.4000000000135 55.10025166147816
361.00000000001387 55.26270948140797
362.20000000001414 55.31169646663703
363.0000000000143 55.33592191000564
363.7000000000145 55.39560371445419
363.90000000001453 55.41267342239404
368.30000000001553 56.10923567398102
368.6000000000156 56.1285629803687
369.6000000000158 56.20874925976894
371.50000000001626 56.330976832427424
372.80000000001655 56.39060953636093
375.80000000001723 56.60932655880313
378.90000000001794 56.957684846801705
379.6000000000181 57.00874358240684
380.0000000000182 57.03646093147307
381.3000000000185 57.18217735198288
383.70000000001903 57.488245150237425
385.0000000000193 57.62904282495167
385.4000000000194 57.64507095570169
385.90000000001953 57.6636972035727
388.3000000000201 57.93518200178555
389.00000000002024 57.99551519429884
389.4000000000203 58.035305332234685
391.6000000000208 58.29224895601391
392.0000000000209 58.354530679346
396.0000000000218 58.785868318052714
399.20000000002256 59.15634530496276
400.00000000002274 59.23634978228264
402.0000000000232 59.4318454395594
402.20000000002324 59.436579660502076
402.60000000002333 59.44604484156315
402.8000000000234 59.450775801517494
402.9000000000234 59.45314087381476
404.50000000002376 59.60911692068005
408.40000000002465 59.96117425822038
408.7000000000247 59.98160860721228
410.10000000002503 60.088026065452915
410.3000000000251 60.1099160482677
411.7000000000254 60.211216575957835
411.90000000002544 60.21825387565391
414.8000000000261 60.45517199726669
416.5000000000265 60.576436688687394
416.80000000002656 60.607295871543066
417.5000000000267 60.64283033567509
423.7000000000281 61.02154386559319
429.3000000000294 61.270486839035286
432.9000000000302 61.46138451142994
433.00000000003024 61.46517937387126
433.10000000003026 61.46899153955082
434.5000000000306 61.496491462371814
440.2000000000319 61.630180243028185
443.0000000000325 61.69868036911541
447.8000000000336 61.80575387209244
448.90000000003386 61.84277021868936
452.30000000003463 61.8314190681549
452.7000000000347 61.81830447048253
452.80000000003474 61.81490930135346
454.7000000000352 61.83322537609588
459.40000000003624 61.88672506252677
459.6000000000363 61.87817651018002
460.0000000000364 61.860227224171226
460.6000000000365 61.871272338570805
461.10000000003663 61.877684844442385
461.3000000000367 61.879491634046914
464.6000000000374 61.84701152640714
465.7000000000377 61.83246892050987
465.9000000000377 61.833722801242764
466.2000000000378 61.83741480422763
467.00000000003797 61.848148435527975
472.4000000000392 61.839595079856025
474.2000000000396 61.845892844349116
481.1000000000412 61.82141076948362
481.3000000000412 61.8310657109174
481.6000000000413 61.845548510705314
482.0000000000414 61.86485963283263
482.4000000000415 61.848914240513295
485.40000000004216 61.79902875992983
486.8000000000425 61.7619044179981
490.1000000000432 61.6615006514332
490.4000000000433 61.65372824448081
490.5000000000433 61.65138523538981
490.70000000004336 61.64702303112561
493.30000000004395 61.63501898554973
496.7000000000447 61.60410792724057
496.80000000004475 61.606192426275186
498.50000000004513 61.59689146501513
498.60000000004516 61.59417175914631
498.7000000000452 61.591452074272226
502.8000000000461 61.559840476310804
503.1000000000462 61.553721339626186
505.70000000004677 61.527810388498324
507.5000000000472 61.49203744767227
509.3000000000476 61.424921833643644
509.60000000004766 61.440482798146675
510.10000000004777 61.457915200601086
510.6000000000479 61.43529736906699
510.7000000000479 61.43111196602376
510.80000000004793 61.42701524870935
511.6000000000481 61.407683857753845
516.9000000000493 61.38517649271057
517.1000000000494 61.389320317129034
517.2000000000494 61.39274824461196
518.0000000000496 61.42017253002566
518.9000000000498 61.36571841324506
519.5000000000499 61.343108560422664
521.3000000000503 61.394919142033956
521.7000000000504 61.37900123468859
522.1000000000505 61.36237109828966
522.3000000000505 61.35298495430922
523.4000000000508 61.314689713356515
524.6000000000511 61.318498081498404
524.9000000000511 61.324489931584814
529.4000000000522 61.288956539840655
530.2000000000523 61.29205584865309
532.8000000000529 61.239723948297865
534.1000000000532 61.24305726416368
534.2000000000533 61.245659195593795
534.4000000000533 61.25086322953813
538.0000000000541 61.226060792338224
538.5000000000542 61.235951717709845
538.8000000000543 61.242234426574605
541.700000000055 61.19561567893565
543.1000000000553 61.19069927730558
543.2000000000553 61.185703233893186
543.4000000000553 61.175733109996955
543.8000000000554 61.155807129010086
545.0000000000557 61.12745867071013
545.8000000000559 61.13553051792966
550.900000000057 61.153739885157854
553.3000000000576 61.14029770130608
553.9000000000577 61.12347454642853
554.5000000000579 61.11025415598943
557.6000000000586 61.16604098772832
560.0000000000591 61.16387750876269
560.9000000000593 61.14354034805679
562.0000000000596 61.108033240034544
564.10000000006 61.13192458935464
564.3000000000601 61.144022831249266
565.6000000000604 61.18532548846191
566.7000000000606 61.217511923599474
567.3000000000608 61.22538951756572
567.7000000000609 61.21709437268213
569.4000000000613 61.03668503816443
569.8000000000613 61.038448585951734
570.8000000000616 61.04949023694066
572.4000000000619 61.074972615142066
573.3000000000621 61.09251973347091
574.5000000000624 61.10290878381307
576.4000000000628 61.07604388629089
576.6000000000629 61.08667883330505
578.2000000000633 61.09125258851393
579.0000000000634 61.111484667602156
583.3000000000644 61.139865431046246
583.7000000000645 61.128594976637864
586.5000000000651 61.17096671417277
586.7000000000652 61.18198752316282
590.0000000000659 61.26017746248865
590.500000000066 61.259829399150625
591.1000000000662 61.249317778369374
592.0000000000664 61.21514540398947
592.6000000000665 61.241631150317964
596.0000000000673 61.20564238700468
596.6000000000674 61.22143988790284
597.8000000000677 61.25401186179956
598.900000000068 61.27954504845533
599.6000000000681 61.28795732147007
601.9000000000686 61.26789802926024
606.2000000000696 61.19943060733256
607.1000000000698 61.1938677497306
607.70000000007 61.197679629292814
609.0000000000703 61.2121518744448
609.9000000000705 61.204469986045
615.3000000000717 61.223441877807126
616.800000000072 61.21895542386668
620.7000000000729 61.192827072049774
621.100000000073 61.19635690169309
621.7000000000731 61.219466235073874
624.3000000000737 61.17484655607283
624.9000000000739 61.188122623734195
628.5000000000747 61.24356870046631
629.0000000000748 61.25853274713322
629.5000000000749 61.25472708073117
632.8000000000757 61.13321219134422
634.500000000076 61.097360978453764
634.8000000000761 61.07986640608468
642.4000000000779 60.98482318877188
642.7000000000779 60.97073429190322
644.4000000000783 60.92993619259123
647.9000000000791 60.894454513634344
651.3000000000799 60.8163016533881
653.1000000000803 60.73513368090475
653.7000000000804 60.67532416653017
653.8000000000804 60.66540256334627
653.9000000000805 60.65552485828706
658.8000000000816 60.57748517921063
659.1000000000816 60.56712446375303
659.4000000000817 60.55308528879873
662.9000000000825 60.466081392688075
663.7000000000827 60.470139080550275
665.6000000000831 60.41994742330375
666.5000000000833 60.391382220125635
670.3000000000842 60.19051570417492
670.5000000000842 60.19499773259211
670.8000000000843 60.202311736318
673.600000000085 60.13091723518833
674.5000000000852 60.095380939196005
677.0000000000857 60.075851763552535
677.3000000000858 60.055599315782956
678.200000000086 60.008625788729574
678.6000000000861 60.00916413951002
679.9000000000864 59.997558851929924
681.3000000000867 59.9634104887048
681.8000000000868 59.95362998860412
688.8000000000884 59.651414696962036
690.1000000000887 59.603658228004775
692.0000000000891 59.543656066661676
693.0000000000894 59.53763425677893
693.5000000000895 59.50408153166711
693.6000000000895 59.497372121492695
693.7000000000895 59.4906630896009
695.5000000000899 59.438349828274085
697.8000000000904 59.38726708593528
698.0000000000905 59.378023104444765
699.8000000000909 59.33649584746982
700.300000000091 59.33514906918646
703.5000000000917 59.21702472794889
704.2000000000919 59.205443366254926
705.5000000000922 59.17387372409176
709.5000000000931 59.071257118678545
709.6000000000931 59.065313621642325
709.7000000000932 59.05937047470024
713.200000000094 58.96291110766161
713.7000000000941 58.9370901795046
717.600000000095 58.77855206129771
718.6000000000952 58.75259325071938
719.0000000000953 58.75281227021969
723.3000000000962 58.53884744632817
724.7000000000966 58.5002911194855
731.200000000098 58.33812674231121
731.3000000000981 58.34040733274378
731.9000000000982 58.3534772210772
733.7000000000986 58.343834776504025
735.8000000000991 58.32165382366388
736.5000000000992 58.29561755972538
740.3000000001001 58.20384573010524
742.9000000001007 58.15046002085922
743.3000000001008 58.13437093849533
745.6000000001013 58.07750304508181
746.0000000001014 58.070982792552094
750.1000000001023 57.94864437383649
753.5000000001031 57.85849291321986
754.7000000001034 57.81800152394835
754.9000000001034 57.81806183135087
755.8000000001036 57.80192767909732
756.4000000001038 57.79266982066748
757.9000000001041 57.79180828860638
759.1000000001044 57.78159833443416
760.2000000001046 57.75302337250155
763.2000000001053 57.660646828345165
767.1000000001062 57.549328950218495
767.9000000001064 57.5023953695315
769.5000000001068 57.457234873733874
769.8000000001068 57.439187637461195
774.4000000001079 57.40858462596034
774.7000000001079 57.39297952283427
776.4000000001083 57.35431485196541
777.8000000001086 57.30913264640777
780.7000000001093 57.21401416884843
783.2000000001099 57.14253384260704
786.5000000001106 57.04156157957053
789.4000000001113 56.98215417827893
789.7000000001113 56.958952334352965
789.8000000001114 56.95121970382678
792.400000000112 56.8655366636196
792.500000000112 56.86873792832326
794.1000000001123 56.82276070277076
794.7000000001125 56.83502322201566
796.3000000001128 56.81749909507411
798.3000000001133 56.825945874067585
798.7000000001134 56.83641344404157
800.1000000001137 56.83794505716746
803.5000000001145 56.7658497725235
804.3000000001147 56.74025381268788
806.7000000001152 56.76791759691611
807.3000000001153 56.74871360546898
808.4000000001156 56.725441984656435
812.2000000001165 56.72617477189274
812.8000000001166 56.70258337291501
815.4000000001172 56.76001400707255
816.0000000001173 56.74870682548904
818.7000000001179 56.736731961097576
821.0000000001185 56.789576562361965
824.1000000001192 56.80734852456779
824.6000000001193 56.79423555564117
824.7000000001193 56.79161314349059
827.70000000012 56.86325845601049
833.4000000001213 57.0204129902165
833.5000000001213 57.01909910283659
833.6000000001213 57.01785577054896
834.4000000001215 57.03932521349976
834.5000000001215 57.04567610343254
835.5000000001218 57.06336444754634
837.5000000001222 57.11995424505584
838.5000000001224 57.13930077780024
839.2000000001226 57.162438537179284
839.5000000001227 57.1555669498079
840.6000000001229 57.14943798080247
842.0000000001232 57.13599894177885
845.7000000001241 57.28796956322536
846.1000000001242 57.32287118536756
846.6000000001243 57.39167941385733
847.2000000001244 57.46002231272672
847.7000000001245 57.49504458444956
847.9000000001246 57.50905736619332
849.2000000001249 57.337986607619754
849.5000000001249 57.35818921907521
850.2000000001251 57.405522155285794
850.7000000001252 57.446305237187346
853.1000000001258 57.503560713544466
856.1000000001264 57.640420701813746
858.3000000001269 57.81625420224762
859.8000000001273 57.90577858376618
860.3000000001274 57.94014236918626
862.2000000001278 58.015232806998064
866.1000000001287 58.19917127453122
866.3000000001288 58.22446207251383
866.7000000001289 58.27431797045448
868.0000000001291 58.395430879223134
869.5000000001295 58.489612238689425
869.8000000001296 58.521561921975895
869.9000000001296 58.531252194417114
871.4000000001299 58.53328932404428
871.50000000013 58.528700771223384
873.7000000001304 58.56159644160442
875.1000000001308 58.56341125070136
875.4000000001308 58.585594073490164
875.900000000131 58.629699178875015
878.2000000001315 58.760317353361344
880.700000000132 58.943539858701364
884.2000000001328 59.324468806670424
887.2000000001335 59.68584155676007
889.9000000001341 60.021052900575256
890.0000000001342 60.027132986437294
891.0000000001344 60.0114281638693
892.9000000001348 59.99828558155694
894.3000000001351 59.975406196200964
894.9000000001353 59.98266472289709
895.3000000001354 60.017906178474014
895.7000000001354 60.073349235503585
899.6000000001363 60.7315174439418
899.9000000001364 60.76265531521487
900.4000000001365 60.78963068414519
901.4000000001367 60.794482255072694
903.9000000001373 60.81090321918449
905.7000000001377 60.840404473935074
907.2000000001381 60.93435370397553
