lsstCam/transmission_optics/19700101T000000.ecsv
# %ECSV 1.0
# ---
# datatype:
# - {name: wavelength, unit: nm, datatype: float64}
# - {name: efficiency, unit: '%', datatype: float64}
# meta: !!omap
# - {MODE: DETECTOR}
# - {TYPE: transmission_optics}
# - {CALIBDATE: '1970-01-01T00:00:00'}
# - {INSTRUME: LSSTCam}
# - {OBSTYPE: transmission_optics}
# - {CALIBCLS: lsst.ip.isr.IntermediateOpticsTransmissionCurve}
# - {SOURCE: 'https://github.com/lsst/throughputs'}
# - {VERSION: 1.9}
# - {CALIB_ID: 'calibDate=1970-01-01T00:00:00 filter=None'}
# - {DATE: '2025-07-01T15:28:29.595886'}
# - {CALIB_CREATION_DATE: '2025-07-01'}
# - {CALIB_CREATION_TIME: '15:28:29'}
# - __serialized_columns__:
#     efficiency:
#       __class__: astropy.units.quantity.Quantity
#       unit: !astropy.units.Unit {unit: '%'}
#       value: !astropy.table.SerializedColumn {name: efficiency}
#     wavelength:
#       __class__: astropy.units.quantity.Quantity
#       unit: !astropy.units.Unit {unit: nm}
#       value: !astropy.table.SerializedColumn {name: wavelength}
# schema: astropy-2.0
wavelength efficiency
301.0000000000002 0.01167548352225423
301.60000000000036 0.05274544922758711
310.1000000000023 0.008584493679495863
313.90000000000316 0.001393525505568987
321.70000000000493 0.005928073495354819
324.1000000000055 0.09838732620635836
325.6000000000058 0.38358500486114144
327.00000000000614 0.8899969966313944
328.00000000000637 1.6172549232736577
328.90000000000657 2.4024492277818847
329.5000000000067 3.0894210912410283
330.20000000000687 4.061728658093262
331.10000000000707 5.553047188294809
331.6000000000072 6.244491665522682
331.80000000000723 6.5365675084018555
331.90000000000725 6.686003013235683
333.5000000000076 9.847827092184392
333.8000000000077 10.456817304305792
336.20000000000823 15.01733663572817
336.5000000000083 15.651001758296873
336.6000000000083 15.866030298937881
337.0000000000084 16.746047588653106
337.9000000000086 18.41575354489958
338.2000000000087 18.96618003610736
338.50000000000875 19.512179098666575
338.90000000000884 20.256672522450323
340.1000000000091 22.69771596657248
340.20000000000914 22.82486335442622
340.5000000000092 23.208830542368933
341.0000000000093 23.857403342908327
342.00000000000955 25.58021889862383
343.0000000000098 27.146590530593855
343.6000000000099 27.775769313781957
345.2000000000103 29.227028479629634
346.2000000000105 30.3368547751233
346.7000000000106 30.788470076868396
346.90000000001066 30.970410397329722
348.10000000001094 32.58251579708072
348.400000000011 32.80253492235955
349.00000000001114 33.246347900639655
350.00000000001137 34.178529135960176
351.0000000000116 34.95141671755822
352.20000000001187 35.527817047931045
352.4000000000119 35.58138797975242
353.00000000001205 35.742178927387634
353.6000000000122 36.17311044418417
353.80000000001223 36.317266314368275
354.0000000000123 36.46176048570114
356.10000000001276 37.23470851354104
356.4000000000128 37.425767681419494
357.5000000000131 37.96047720293241
358.4000000000133 38.216239141285556
360.3000000000137 38.85355685430276
360.7000000000138 38.9479741185948
362.60000000001423 39.6729242071076
363.4000000000144 39.98498410025319
363.8000000000145 40.153546920230056
365.2000000000148 40.54957724869484
365.5000000000149 40.70963124445265
366.5000000000151 41.10871736159738
366.8000000000152 41.18776825855911
368.40000000001555 41.91022718282865
369.6000000000158 42.209514978181225
369.9000000000159 42.27005392266158
370.300000000016 42.35961137919485
370.60000000001605 42.42778615159713
370.8000000000161 42.47252061831898
372.40000000001646 43.29380326163664
373.0000000000166 43.56328126592325
373.70000000001676 43.825040932247454
374.3000000000169 43.98899281776031
375.00000000001705 44.11600242284739
376.30000000001735 44.66390349303049
376.40000000001737 44.71728475173878
377.0000000000175 45.03746328374791
377.70000000001767 45.36066616680242
380.4000000000183 46.44151642336997
381.0000000000184 46.745871417806995
381.60000000001855 46.99118826045167
381.8000000000186 47.07317885280349
382.40000000001874 47.32479120353496
385.4000000000194 48.81096556156948
386.00000000001955 49.07135561598212
386.40000000001965 49.22905577309539
386.80000000001974 49.38757180662869
388.5000000000201 50.34305062244051
389.4000000000203 50.74200015527246
390.1000000000205 51.06149289395147
390.40000000002055 51.22716809575647
391.8000000000209 51.86108092329732
392.10000000002094 51.98349070859908
394.5000000000215 53.177584017355336
394.9000000000216 53.34941785080869
395.1000000000216 53.4283950208317
396.0000000000218 53.755826470573744
396.50000000002194 54.06057076698415
396.700000000022 54.18210840804364
397.80000000002224 54.77000000785982
398.9000000000225 55.254949695912146
400.00000000002274 55.74604998851155
404.6000000000238 57.54063380859795
404.80000000002383 57.6164268029969
407.4000000000244 58.472204985683696
408.50000000002467 58.81043860444757
408.7000000000247 58.889239386970324
410.10000000002503 59.37014339365937
413.0000000000257 60.26988569490484
417.0000000000266 61.35631219248738
419.6000000000272 61.922714303852
420.1000000000273 62.04944536980036
420.9000000000275 62.224078065995656
423.7000000000281 62.751779575406076
425.10000000002844 63.049027987644145
426.00000000002865 63.25788386024539
429.3000000000294 63.83672976239616
434.40000000003056 64.55098080653809
435.0000000000307 64.65819994914258
435.4000000000308 64.71220542934573
442.5000000000324 65.39761575739776
442.70000000003245 65.4250489977241
443.0000000000325 65.46621273416807
443.5000000000326 65.48697556509079
446.30000000003326 65.78396036971785
447.0000000000334 65.83495329137841
450.60000000003424 66.14291413946867
451.00000000003433 66.19216025445435
455.50000000003536 66.43368430748183
457.5000000000358 66.58664004882789
458.50000000003604 66.66632443656417
459.1000000000362 66.714731078852
460.40000000003647 66.776404064579
463.40000000003715 66.85974767523788
463.7000000000372 66.88891049170151
467.00000000003797 67.07070331326858
469.0000000000384 67.1978695895613
476.7000000000402 67.5825415251892
478.2000000000405 67.6526734573737
483.10000000004163 67.85116597794934
483.60000000004175 67.87960340146313
483.70000000004177 67.88542053706772
486.1000000000423 67.93673300767644
492.00000000004366 68.07309270454186
492.90000000004386 68.10507988278697
497.60000000004493 68.25317067530872
498.60000000004516 68.30092233694145
499.80000000004543 68.34650729813333
503.2000000000462 68.43056456273347
503.6000000000463 68.45359275694797
503.7000000000463 68.45947979146017
510.7000000000479 68.52338723000491
510.90000000004795 68.52948695176532
511.30000000004804 68.54652449787501
513.4000000000485 68.59974578852322
515.500000000049 68.66863832993155
521.9000000000505 68.83060455810902
527.4000000000517 68.95065018098755
529.4000000000522 69.01190647742345
534.3000000000533 69.09921604341565
534.7000000000534 69.11827277263357
537.500000000054 69.2087620725259
538.9000000000543 69.2534216888991
542.4000000000551 69.2973426618309
546.200000000056 69.3209233188526
546.9000000000561 69.34548982834231
550.500000000057 69.43381861548734
555.300000000058 69.56626567732278
560.1000000000591 69.68489128746312
561.2000000000594 69.75499212699152
562.2000000000596 69.74674315917169
573.2000000000621 70.09587824595778
574.0000000000623 70.14076589204778
574.9000000000625 70.21420789496278
575.9000000000627 70.24962973233983
577.100000000063 70.29160971228094
577.8000000000632 70.32193923283113
578.5000000000633 70.3253950220371
580.5000000000638 70.233905896966
581.1000000000639 70.25453154228096
581.9000000000641 70.3041201819383
583.6000000000645 70.35416786193991
587.5000000000654 70.3913569829307
588.4000000000656 70.43898846202833
589.5000000000658 70.5119685171835
591.5000000000663 70.59703918871008
595.7000000000672 70.74225458763013
596.6000000000674 70.825838508985
597.4000000000676 70.89841290923474
598.2000000000678 70.95087972283616
599.200000000068 70.98733195111626
602.6000000000688 71.01536498368804
603.300000000069 71.0538999205332
606.1000000000696 71.17388827058028
607.4000000000699 71.27972497630127
610.3000000000706 71.41726328573638
611.1000000000707 71.46117800145161
611.4000000000708 71.47718218950475
616.900000000072 71.60265231712697
621.8000000000732 71.70162809200508
622.1000000000732 71.71555231472348
625.2000000000739 71.80452604773481
627.5000000000745 71.90455472372626
629.0000000000748 72.00047948427132
634.7000000000761 72.00027937861819
636.0000000000764 71.99972012843648
639.3000000000771 72.07750999236796
640.3000000000774 72.12800298430874
640.8000000000775 72.15892664251759
641.0000000000775 72.17129890234739
645.8000000000786 72.11112218324561
646.2000000000787 72.13055993044445
647.0000000000789 72.19125166920352
647.500000000079 72.21704345972715
647.7000000000791 72.22736212092215
654.4000000000806 72.31216430834407
654.9000000000807 72.30215247603594
658.5000000000815 72.3916270375366
659.0000000000816 72.38794003163733
661.9000000000823 72.48808065440258
662.7000000000825 72.52391923594014
664.5000000000829 72.53499891012028
664.7000000000829 72.54585879838591
670.4000000000842 72.49967035809
670.6000000000843 72.51176196418518
671.4000000000844 72.53159166184986
676.4000000000856 72.60013170107314
677.6000000000859 72.6076763694796
683.4000000000872 72.68871932852723
683.7000000000872 72.68321081052306
686.800000000088 72.69710518549061
688.5000000000883 72.66124657689085
688.9000000000884 72.6513716575044
690.1000000000887 72.65159291902292
690.2000000000887 72.64932501617895
694.0000000000896 72.67270764429021
694.3000000000897 72.68334871321657
695.60000000009 72.67801178429482
698.2000000000905 72.69008542093817
700.9000000000912 72.68892675762785
701.1000000000912 72.69705337457125
701.2000000000912 72.70156054942531
702.9000000000916 72.7123167932853
703.0000000000916 72.70950534543427
705.3000000000922 72.71661808512711
705.5000000000922 72.70907295923382
707.1000000000926 72.6912944645653
712.4000000000938 72.72800659305908
713.9000000000941 72.77361340987888
716.9000000000948 72.69094479247504
717.800000000095 72.68892077871958
718.5000000000952 72.66521990566778
720.2000000000955 72.42201822801557
720.6000000000956 72.41655195986968
721.5000000000958 72.39459474529676
723.3000000000962 72.35535428593433
726.3000000000969 72.31211245935386
727.8000000000973 72.28055180049355
730.800000000098 72.30201436348331
734.2000000000987 72.40079279413187
736.3000000000992 72.40691116656023
737.4000000000995 72.4118871800942
737.6000000000995 72.4176160118473
746.2000000001015 72.40369334488808
753.3000000001031 72.40028066663666
755.0000000001035 72.40494987900847
755.7000000001036 72.41787062424875
758.0000000001041 72.4667554137689
759.5000000001045 72.48877555659745
769.3000000001067 72.47005026032386
770.0000000001069 72.4836218872398
771.2000000001071 72.51256700442063
773.1000000001076 72.57027120792768
774.3000000001078 72.6025905033325
774.800000000108 72.6160274446153
775.100000000108 72.6215663660809
775.200000000108 72.62271713000615
788.200000000111 72.65170097402739
792.2000000001119 72.66022262568637
792.3000000001119 72.66088053381617
792.9000000001121 72.66482790965799
796.4000000001129 72.68231878397049
803.6000000001145 72.71942105461572
808.0000000001155 72.73291044879025
809.0000000001157 72.73437308853808
812.1000000001164 72.75690842286983
817.4000000001176 72.792476606375
825.7000000001195 72.85105068146447
834.6000000001216 72.91733783522567
834.9000000001216 72.91591867904089
835.8000000001218 72.90843396338295
837.2000000001221 72.89358475608381
837.6000000001222 72.88047951743421
845.1000000001239 72.77424920101396
848.8000000001248 72.91423587758698
850.3000000001251 72.94519611084253
852.5000000001256 72.91145663345367
853.2000000001258 72.90262377584736
855.3000000001263 72.89415722105039
858.1000000001269 72.98048752032385
858.9000000001271 73.01719652106465
859.7000000001273 73.0474321006746
864.9000000001284 73.01650272488222
865.7000000001286 73.03150165264354
867.200000000129 73.07729025775896
869.6000000001295 73.1674090684193
870.9000000001298 73.14218753647165
871.2000000001299 73.11973991287923
872.2000000001301 73.04128891760952
872.4000000001301 73.02690359663103
875.6000000001309 72.85793475697274
880.0000000001319 72.93705393052919
881.7000000001323 73.04712550042815
881.9000000001323 73.0603900110906
886.1000000001333 73.38071990103082
888.7000000001339 73.61129023157848
889.8000000001341 73.68291448254553
890.7000000001343 73.67408738309419
891.4000000001345 73.63322468163818
895.0000000001353 73.3042353785773
895.2000000001353 73.3174315515566
895.7000000001354 73.37617623650911
896.7000000001357 73.53127999836715
898.9000000001362 73.84349601937897
899.4000000001363 73.91249690933091
899.9000000001364 73.95318417299457
900.3000000001365 73.95716521219646
905.5000000001377 73.65499979725368
906.800000000138 73.63397394998863
910.2000000001387 73.57845576624709
914.8000000001398 73.6199494620274
916.1000000001401 73.60616032870017
921.2000000001412 73.55160462404065
922.4000000001415 73.47440035537612
925.3000000001422 73.33506564034258
927.9000000001428 72.98210234916397
929.2000000001431 72.80410535331626
929.8000000001432 72.71954663206091
930.2000000001433 72.64652715213505
935.2000000001444 71.39463815805539
935.7000000001445 71.31567878221068
937.600000000145 70.97180912124664
940.2000000001456 70.55880047595801
941.1000000001458 70.60067755546339
943.6000000001463 70.73699681900236
945.1000000001467 70.84612571136297
947.3000000001472 71.20299541878711
950.700000000148 71.78252623269307
951.9000000001482 71.95151863411647
954.3000000001488 72.32202470583145
959.70000000015 72.91054718231622
962.3000000001506 73.17829382597587
963.5000000001509 73.23817632061113
964.200000000151 73.30575203188424
968.400000000152 73.56911928802805
969.3000000001522 73.61542076402155
969.7000000001523 73.64247015301632
975.6000000001536 73.76439656433058
978.3000000001542 73.83991661857699
982.4000000001552 73.96552187356515
984.5000000001556 74.038346092903
987.6000000001563 73.99471958390208
988.9000000001566 73.9568735635112
991.2000000001572 73.93537637513899
993.5000000001577 73.93373342210779
994.0000000001578 73.928774836495
1001.1000000001594 74.03433207454312
1001.8000000001596 74.0252515134283
1004.9000000001603 74.01904049877429
1006.0000000001605 73.96801102192453
1008.6000000001611 73.90012423750237
1009.1000000001612 73.87708402447628
1010.1000000001615 73.87293026410026
1015.9000000001628 73.94815565650413
1016.3000000001629 73.93839461506879
1018.0000000001633 73.93165758386495
1020.0000000001637 73.89631783509085
1023.0000000001644 73.88694793285822
1024.2000000001647 73.88073542333106
1029.900000000166 73.70657943870924
1030.8000000001662 73.69772292719219
1032.1000000001663 73.70448972796547
1035.300000000167 73.7498851425807
1039.200000000168 73.6883955661096
1045.4000000001695 73.48707661021241
1045.9000000001697 73.45296128283144
1047.50000000017 73.41227775942511
1048.2000000001701 73.38072972316544
1048.8000000001703 73.36440835715992
1050.4000000001706 73.34389653101971
1050.5000000001705 73.33978385560482
1055.6000000001718 73.29973887240614
1055.8000000001718 73.29124467761052
1058.2000000001724 73.26282393350294
1058.4000000001724 73.25388326716906
1058.9000000001724 73.23153555324666
1060.2000000001728 73.21454238079829
1062.6000000001734 73.16615197308334
1065.600000000174 73.0882913741212
1065.8000000001741 73.09368128017567
1069.200000000175 73.04371952915878
1075.8000000001764 72.90927565471105
1077.0000000001767 72.86179109760504
1078.000000000177 72.86209577090202
1078.500000000177 72.8637038259361
1085.5000000001787 72.54715879853201
1086.1000000001786 72.53461511504118
1088.9000000001793 72.4601414017504
1089.2000000001794 72.4567638476141
1090.4000000001797 72.42219354318121
1090.5000000001796 72.41541223401681
1091.50000000018 72.39585049810928
1095.4000000001809 72.30215475350668
1095.500000000181 72.29530895013905
1096.8000000001812 72.25826874505323
1098.3000000001816 72.22322129887708
1098.4000000001815 72.21805694578272
1098.5000000001814 81.47730689975002
1098.6000000001816 87.8263231016148
1098.7000000001817 91.0024785008751
1098.8000000001816 91.02152927897424
1098.9000000001815 88.1322949060893
1099.0000000001817 82.76055165068095
1099.1000000001818 75.45458878119797
1099.2000000001817 66.80833467153077
1099.500000000182 38.65056204046089
1099.6000000001818 30.13839725286836
1099.7000000001817 22.622362584981556
1099.8000000001819 16.26933611088735
1099.900000000182 11.138461140951254
