lsstCam/transmission_filter_detector/r24_s10/y_10/19700101T000000.ecsv
# %ECSV 1.0
# ---
# datatype:
# - {name: wavelength, unit: nm, datatype: float32}
# - {name: efficiency, unit: '%', datatype: float64}
# meta: !!omap
# - {MODE: DETECTOR}
# - {TYPE: transmission_filter_detector}
# - {CALIBDATE: '1970-01-01T00:00:00'}
# - {INSTRUME: LSSTCam}
# - {OBSTYPE: transmission_filter_detector}
# - {CALIBCLS: lsst.ip.isr.IntermediateFilterDetectorTransmissionCurve}
# - {SOURCE: Materion (DM-46256)}
# - {DETECTOR: 111}
# - {FILTER: y_10}
# - {CALIB_ID: 'calibDate=1970-01-01T00:00:00 filter=y_10 detector=111'}
# - {DATE: '2025-04-02T15:59:51.257742'}
# - {CALIB_CREATION_DATE: '2025-04-02'}
# - {CALIB_CREATION_TIME: '15:59:51'}
# - __serialized_columns__:
#     efficiency:
#       __class__: astropy.units.quantity.Quantity
#       unit: !astropy.units.Unit {unit: '%'}
#       value: !astropy.table.SerializedColumn {name: efficiency}
#     wavelength:
#       __class__: astropy.units.quantity.Quantity
#       unit: !astropy.units.Unit {unit: nm}
#       value: !astropy.table.SerializedColumn {name: wavelength}
# schema: astropy-2.0
wavelength efficiency
300.0 0.2904978580772877
301.0 0.16068503027781844
302.0 0.030872193747200072
303.0 0.029209392960183322
304.0 0.02754659508354962
305.0 0.01948044082382694
306.0 0.011414282926125452
307.0 0.013422680785879493
308.0 0.015431077918037772
309.0 0.012898191926069558
310.0 0.010365305206505582
311.0 0.009018892160383984
312.0 0.007672479114262387
313.0 0.004876984894508496
314.0 0.0020814910385524854
315.0 0.0038232479710131884
316.0 0.005565006358665414
317.0 0.00469227961730212
318.0 0.0038195503293536603
319.0 0.0027942540327785537
320.0 0.001768957190506626
321.0 0.0031175950425677
322.0 0.004466232712729834
323.0 0.003791943163378164
324.0 0.0031176536140264943
325.0 0.002066586966975592
326.0 0.0010155202289752197
327.0 0.0013907168977311812
328.0 0.001765913657436613
329.0 0.002561591645644512
330.0 0.0033572694519534707
331.0 0.002769701495708432
332.0 0.0021821335394633934
333.0 0.002371423033764586
334.0 0.0025607121642678976
335.0 0.0028070895496057346
336.0 0.0030534669349435717
337.0 0.002936660166596994
338.0 0.002819853398250416
339.0 0.0015595163858961314
340.0 0.0002991794872286846
341.0 0.0003127689979010029
342.0 0.00032635823572491063
343.0 0.0008796342626737896
344.0 0.001432910266885301
345.0 0.0014990206182119437
346.0 0.0015651312423869967
347.0 0.0016750094800954685
348.0 0.0017848873540060595
349.0 0.001318550403084373
350.0 0.0008522129974153358
351.0 0.001402579619025346
352.0 0.0019529461496858858
353.0 0.0016451740521006286
354.0 0.0013374023183132522
355.0 0.0014665379239886533
356.0 0.0015956735296640545
357.0 0.001456512927688891
358.0 0.0013173524166631978
359.0 0.0012032155609631445
360.0 0.001089078614313621
361.0 0.0011200546396139544
362.0 0.001151030301116407
363.0 0.000997214920062106
364.0 0.0008433992661593948
365.0 0.0011469984201539773
366.0 0.0014505978469969705
367.0 0.001816723306546919
368.0 0.0021828487660968676
369.0 0.001767857429513242
370.0 0.0013528660019801464
371.0 0.0013888656212657224
372.0 0.0014248650586523581
373.0 0.0018443935914547183
374.0 0.002263922397105489
375.0 0.003201156869181432
376.0 0.004138391523156315
377.0 0.00420086071244441
378.0 0.004263329901732504
379.0 0.0037419857108034194
380.0 0.0032206411560764536
381.0 0.0022569161956198514
382.0 0.0012931909623148385
383.0 0.0012286773198866285
384.0 0.0011641634955594782
385.0 0.0008705990694579668
386.0 0.0005770347797806608
387.0 0.0006616078735532938
388.0 0.0007461810582753969
389.0 0.0007074167569953715
390.0 0.0006686524102406111
391.0 0.0005916906502534403
392.0 0.0005147288902662694
393.0 0.0006751041382813128
394.0 0.0008354794772458263
395.0 0.0006682201274088584
396.0 0.0005009607775718905
397.0 0.0007606714007124538
398.0 0.0010203819329035468
399.0 0.0011577098121051677
400.0 0.0012950376913067885
401.0 0.0014922951777407434
402.0 0.0016895528460736386
403.0 0.001765714114299044
404.0 0.0018418753825244494
405.0 0.0018063581592286937
406.0 0.001770840935932938
407.0 0.0015756955690449104
408.0 0.0013805501112074126
409.0 0.0011182756679772865
410.0 0.0008560013156966306
411.0 0.000769627331465017
412.0 0.0006832534836576087
413.0 0.0007694644409639295
414.0 0.0008556753527955152
415.0 0.0009621790923119988
416.0 0.0010686828318284824
417.0 0.0006705023679387523
418.0 0.0002723220404732274
419.0 1.60789795106836e-10
420.0 1.60789795106836e-10
421.0 1.60789795106836e-10
422.0 1.60789795106836e-10
423.0 0.0004395216365082888
424.0 0.0009949049854185432
425.0 1.60789795106836e-10
426.0 1.60789795106836e-10
427.0 1.60789795106836e-10
428.0 0.0002205648797826143
429.0 1.60789795106836e-10
430.0 1.60789795106836e-10
431.0 0.00011486597486509709
432.0 0.0011021309546777047
433.0 0.0004949206413584761
434.0 1.60789795106836e-10
435.0 1.60789795106836e-10
436.0 1.60789795106836e-10
437.0 1.60789795106836e-10
438.0 1.60789795106836e-10
439.0 1.60789795106836e-10
440.0 1.60789795106836e-10
441.0 1.60789795106836e-10
442.0 1.60789795106836e-10
443.0 1.60789795106836e-10
444.0 1.60789795106836e-10
445.0 1.60789795106836e-10
446.0 1.60789795106836e-10
447.0 0.00024530227165087126
448.0 0.0005904701993131312
449.0 0.00030728922411071835
450.0 2.4108143747980648e-05
451.0 1.60789795106836e-10
452.0 1.60789795106836e-10
453.0 1.60789795106836e-10
454.0 1.60789795106836e-10
455.0 1.60789795106836e-10
456.0 1.60789795106836e-10
457.0 1.60789795106836e-10
458.0 7.136849262678879e-05
459.0 4.494889793704715e-06
460.0 1.60789795106836e-10
461.0 0.0003042034222744405
462.0 0.0006707854936394142
463.0 0.0007847788765502628
464.0 0.0008987723958853167
465.0 0.0007102407380443765
466.0 0.0005217092166276416
467.0 0.0010235488844045904
468.0 0.0015253883248078637
469.0 0.001584439814905636
470.0 0.0016434909412055276
471.0 0.0017759281035978347
472.0 0.0019083650840912014
473.0 0.0022804271793575026
474.0 0.0026524887289269827
475.0 0.0027438594770501368
476.0 0.002835230407072231
477.0 0.0030284369131550193
478.0 0.0032216434192378074
479.0 0.0036635901778936386
480.0 0.00410553693654947
481.0 0.004246076787239872
482.0 0.004386616637930274
483.0 0.003939013549825177
484.0 0.0034914100979221985
485.0 0.0034003445762209594
486.0 0.0033092786907218397
487.0 0.002918607060564682
488.0 0.0025279352485085838
489.0 0.002302516259078402
490.0 0.0020770974515471607
491.0 0.00169375489349477
492.0 0.0013104126082907896
493.0 0.0013422312804323155
494.0 0.001374050225422252
495.0 0.0015228049960569479
496.0 0.0016715595847927034
497.0 0.0019089113266090862
498.0 0.00214626343222335
499.0 0.002302360371686518
500.0 0.0024584571292507462
501.0 0.002662460428837221
502.0 0.0028664640922215767
503.0 0.0028995760658290237
504.0 0.0029326878575375304
505.0 0.003094902422162704
506.0 0.0032571166229899973
507.0 0.0024686925826244988
508.0 0.0016802679965621792
509.0 0.0018578070012154058
510.0 0.002035345823969692
511.0 0.001995994352910202
512.0 0.0019566426999517716
513.0 0.0021109650333528407
514.0 0.0022652871848549694
515.0 0.0017586715330253355
516.0 0.0012520556083472911
517.0 0.0013046417734585702
518.0 0.0013572279385698494
519.0 0.001370781956211431
520.0 0.0013843357919540722
521.0 0.0016434421922895126
522.0 0.0019025481378776021
523.0 0.0018553779227659106
524.0 0.0018082075257552788
525.0 0.0021271840523695573
526.0 0.0024461607608827762
527.0 0.002352951923967339
528.0 0.0022597434508497827
529.0 0.0021859988919459283
530.0 0.002112254333042074
531.0 0.0021106232452439144
532.0 0.002108991793647874
533.0 0.0021774490960524417
534.0 0.0022459060346591286
535.0 0.0019869701645802706
536.0 0.0017280335669056512
537.0 0.00224622981477296
538.0 0.0027644260626402684
539.0 0.0031915777071844786
540.0 0.003618728806031868
541.0 0.0037002489989390597
542.0 0.00378176846425049
543.0 0.004102462116861716
544.0 0.004423155405675061
545.0 0.004849065589951351
546.0 0.005274975410429761
547.0 0.0044685049942927435
548.0 0.003662034578155726
549.0 0.0029290698876138777
550.0 0.0021961053789709695
551.0 0.0023954358766786754
552.0 0.0025947665562853217
553.0 0.00303731721942313
554.0 0.003479867518763058
555.0 0.003702520189108327
556.0 0.003925172859453596
557.0 0.0036408451705938205
558.0 0.003356517481734045
559.0 0.0033698099286993966
560.0 0.003383102739462629
561.0 0.003544706487446092
562.0 0.0037063098716316745
563.0 0.003621815631049685
564.0 0.0035373217542655766
565.0 0.003974137871409766
566.0 0.004410954352351837
567.0 0.004291201912565157
568.0 0.004171449108980596
569.0 0.00484172924188897
570.0 0.005512009374797344
571.0 0.005811797745991498
572.0 0.006111586117185652
573.0 0.006482505705207586
574.0 0.00685342529322952
575.0 0.006801527342759073
576.0 0.006749629392288625
577.0 0.006161999044707045
578.0 0.005574367969529703
579.0 0.006097523510106839
580.0 0.006620679050683975
581.0 0.007252355135278776
582.0 0.007884030492277816
583.0 0.00856727929203771
584.0 0.009250528091797605
585.0 0.0095092567789834
586.0 0.009767985466169193
587.0 0.01006630263873376
588.0 0.010364618356106803
589.0 0.010686481255106628
590.0 0.011008345609297976
591.0 0.010270342318108305
592.0 0.009532339026918635
593.0 0.007815868593752384
594.0 0.006099398524384014
595.0 0.005739391781389713
596.0 0.005379385765991174
597.0 0.005878084994037636
598.0 0.006376784585881978
599.0 0.007226478192023933
600.0 0.008076171070570126
601.0 0.008862912363838404
602.0 0.00964965220191516
603.0 0.010475565795786679
604.0 0.011301482300041243
605.0 0.011291765258647501
606.0 0.01128204821725376
607.0 0.009808931645238772
608.0 0.008335816528415307
609.0 0.006620664498768747
610.0 0.004905513560515828
611.0 0.004095832628081553
612.0 0.003286151695647277
613.0 0.0037360336136771366
614.0 0.004185915531706996
615.0 0.004836654989048839
616.0 0.005487394810188562
617.0 0.006921360909473151
618.0 0.008355326281161979
619.0 0.009414531814400107
620.0 0.010473736620042473
621.0 0.011295949661871418
622.0 0.01211816052091308
623.0 0.012225392856635153
624.0 0.012332623009569943
625.0 0.010679970728233457
626.0 0.00902731844689697
627.0 0.007451399869751185
628.0 0.0058754812926054
629.0 0.004695108509622514
630.0 0.0035147357266396284
631.0 0.0030022894861758687
632.0 0.0024898434276110493
633.0 0.002701399898796808
634.0 0.0029129563699825667
635.0 0.0032127070880960673
636.0 0.003512457260512747
637.0 0.003794758958974853
638.0 0.00407706102123484
639.0 0.004306442497181706
640.0 0.004535823245532811
641.0 0.005123885421198793
642.0 0.005711947596864775
643.0 0.0057172404922312126
644.0 0.00572253338759765
645.0 0.005425608833320439
646.0 0.005128683915245347
647.0 0.004105370317120105
648.0 0.0030820574465906247
649.0 0.0022569738575839438
650.0 0.0014318905414256733
651.0 0.001545011946291197
652.0 0.0016581336240051314
653.0 0.0014721721527166665
654.0 0.0012862105904787313
655.0 0.0013244834917713888
656.0 0.0013627563930640463
657.0 0.0014283185919339303
658.0 0.0014938809727027547
659.0 0.001788940789992921
660.0 0.002084000880131498
661.0 0.001947204327734653
662.0 0.0018104079572367482
663.0 0.002218174995505251
664.0 0.0026259423975716345
665.0 0.003152115095872432
666.0 0.003678287612274289
667.0 0.0043518546590348706
668.0 0.00502542061440181
669.0 0.0053803629270987585
670.0 0.005735301965614781
671.0 0.006426072650356218
672.0 0.007116844062693417
673.0 0.007773347169859335
674.0 0.008429850277025253
675.0 0.008027521835174412
676.0 0.007625192665727809
677.0 0.005994753519189544
678.0 0.004364312553661875
679.0 0.0029032844395260327
680.0 0.0014422561434912495
681.0 0.0008565613825339824
682.0 0.00027086662157671526
683.0 0.000494370124215493
684.0 0.0007178735813795356
685.0 0.000467114978164318
686.0 0.00021635623852489516
687.0 0.00023912680262583308
688.0 0.00026189734398940345
689.0 0.0002645270569701097
690.0 0.0002671567926881835
691.0 0.0002919741973528289
692.0 0.00031679160201747436
693.0 0.00025059257495740894
694.0 0.00018439360474076238
695.0 0.0003007359964612988
696.0 0.00041707835407578386
697.0 0.0003815863692580024
698.0 0.00034609436170285335
699.0 0.00022236390577745624
700.0 9.863334753390518e-05
701.0 5.634626631945139e-05
702.0 1.4059232000818156e-05
703.0 0.00012221880751894787
704.0 0.00023037841856421437
705.0 0.0002900053232224309
706.0 0.0003496321141938097
707.0 0.00027001074158761185
708.0 0.0001903892552945763
709.0 0.0002960599886137061
710.0 0.0004017307219328359
711.0 0.00041878947740769945
712.0 0.0004358482783572981
713.0 0.00014052753840587684
714.0 1.60789795106836e-10
715.0 8.012669354684476e-05
716.0 0.00031504650905844755
717.0 0.00022723943402525038
718.0 0.00013943233625468565
719.0 0.0004321591404732317
720.0 0.0007248859674291452
721.0 0.0008173725291271694
722.0 0.0009098589544009883
723.0 0.0005938075901212869
724.0 0.0002777563167910557
725.0 0.00021427897536341334
726.0 0.00015080184994076262
727.0 0.00020190334453218384
728.0 0.0002530050551285967
729.0 0.0001223538902195287
730.0 1.60789795106836e-10
731.0 0.0003256473746660049
732.0 0.0006595920240215492
733.0 0.0003800411377596902
734.0 0.00010049037655335269
735.0 0.00012201140862089233
736.0 0.00014353265669342363
737.0 0.00024038242827373324
738.0 0.00033723235901561566
739.0 0.0003384832552910666
740.0 0.00033973394693020964
741.0 0.00048241799959214404
742.0 0.000625102074991446
743.0 0.000322008008879493
744.0 1.8913947030796407e-05
745.0 0.0002483694515831303
746.0 0.00047782514229766093
747.0 0.00022570748114958405
748.0 1.60789795106836e-10
749.0 1.60789795106836e-10
750.0 1.60789795106836e-10
751.0 0.0003364299118402414
752.0 0.0007005751285760198
753.0 0.0007992297469172627
754.0 0.0008978842743090354
755.0 0.00011511339153003064
756.0 1.60789795106836e-10
757.0 1.60789795106836e-10
758.0 1.60789795106836e-10
759.0 0.000290189291263232
760.0 0.0007118787834770046
761.0 0.0004896926384390099
762.0 0.000267506402451545
763.0 0.000285364603769267
764.0 0.0003032227823496214
765.0 0.0003188575419699191
766.0 0.00033449216516601155
767.0 9.41520909236715e-05
768.0 1.60789795106836e-10
769.0 1.60789795106836e-10
770.0 1.60789795106836e-10
771.0 3.488213451419142e-05
772.0 0.00018334861806579283
773.0 0.0005370953203964746
774.0 0.0008908419658837374
775.0 0.0005938039976172149
776.0 0.0002967659611385898
777.0 0.00035405714697844815
778.0 0.00041134840103040915
779.0 0.0005002923899155576
780.0 0.0005892364697501762
781.0 0.0006480084266513586
782.0 0.0007067804290272761
783.0 0.000661607509755413
784.0 0.00061643459048355
785.0 0.0006264283911150414
786.0 0.0006364219643728575
787.0 0.0005944577424088493
788.0 0.000552493474970106
789.0 0.000360969625035068
790.0 0.00016944578646871378
791.0 0.00035083023703919025
792.0 0.0005322146535036154
793.0 0.0005542354301724117
794.0 0.0005762560249422677
795.0 0.0008260210961452685
796.0 0.001075785985449329
797.0 0.00072295188147109
798.0 0.0003701177547554835
799.0 0.0005464830792334396
800.0 0.0007228484264487633
801.0 0.0003864659902319545
802.0 5.0083588121196954e-05
803.0 0.0005708617663913174
804.0 0.0010916400242422242
805.0 0.0009426256838196423
806.0 0.0007936111614981201
807.0 0.00047923044803610537
808.0 0.00016484951856909902
809.0 0.0001394883838656824
810.0 0.00011412721505621448
811.0 0.0005099148893350502
812.0 0.0009057024726644158
813.0 0.0010006603588408325
814.0 0.0010956184269161895
815.0 0.0009427119948668405
816.0 0.0007898052899690811
817.0 0.0008382993655686732
818.0 0.0008867935321177356
819.0 0.0009747925105330069
820.0 0.001062791397998808
821.0 0.0006899259915371658
822.0 0.0003170605396007886
823.0 0.0003977538199251285
824.0 0.0004784472821484087
825.0 0.0005069094640930416
826.0 0.0005353716005629394
827.0 0.000875503337738337
828.0 0.0012156351658632047
829.0 0.0007969518264872022
830.0 0.0003782685098485672
831.0 0.0001404279146299814
832.0 1.60789795106836e-10
833.0 0.00017049447933459305
834.0 0.0004384014118841151
835.0 0.00017885588476929115
836.0 1.60789795106836e-10
837.0 1.60789795106836e-10
838.0 7.475211418750405e-05
839.0 0.0003574118636606727
840.0 0.0006400716756616021
841.0 0.0009006569598568603
842.0 0.0011612422895268537
843.0 0.0008751966561248992
844.0 0.0005891508408240043
845.0 0.0007405984433717094
846.0 0.0008920461368688848
847.0 0.000897631161933532
848.0 0.0009032162779476494
849.0 0.0007454075785062741
850.0 0.000587598424317548
851.0 0.00104198043118231
852.0 0.0014963622561481316
853.0 0.000911088955035666
854.0 0.0003258157903474057
855.0 0.0002760798452072777
856.0 0.00022634403649135493
857.0 0.000713223516868311
858.0 0.001200102997245267
859.0 0.0009664613571658265
860.0 0.0007328194897127105
861.0 0.0013072647561784834
862.0 0.0018817101590684615
863.0 0.0018607872334541753
864.0 0.0018398641259409487
865.0 0.0020007018974865787
866.0 0.0021615396690322086
867.0 0.002554627826611977
868.0 0.002947715802292805
869.0 0.0029105771318427287
870.0 0.0028734384613926522
871.0 0.003262684913352132
872.0 0.003651931183412671
873.0 0.0028804146495531313
874.0 0.0021088986613904126
875.0 0.002202612995461095
876.0 0.0022963273295317777
877.0 0.0017137710528913885
878.0 0.0011312147762509994
