lsstCam/transmission_filter_detector/r24_s10/y_10/19700101T000000.ecsv
# %ECSV 1.0
# ---
# datatype:
# - {name: wavelength, unit: nm, datatype: float32}
# - {name: efficiency, unit: '%', datatype: float64}
# meta: !!omap
# - {MODE: DETECTOR}
# - {TYPE: transmission_filter_detector}
# - {CALIBDATE: '1970-01-01T00:00:00'}
# - {INSTRUME: LSSTCam}
# - {OBSTYPE: transmission_filter_detector}
# - {CALIBCLS: lsst.ip.isr.IntermediateFilterDetectorTransmissionCurve}
# - {SOURCE: Materion (DM-46256)}
# - {DETECTOR: 111}
# - {FILTER: y_10}
# - {CALIB_ID: 'calibDate=1970-01-01T00:00:00 filter=y_10 detector=111'}
# - {DATE: '2025-04-02T15:59:51.257742'}
# - {CALIB_CREATION_DATE: '2025-04-02'}
# - {CALIB_CREATION_TIME: '15:59:51'}
# - __serialized_columns__:
#     efficiency:
#       __class__: astropy.units.quantity.Quantity
#       unit: !astropy.units.Unit {unit: '%'}
#       value: !astropy.table.SerializedColumn {name: efficiency}
#     wavelength:
#       __class__: astropy.units.quantity.Quantity
#       unit: !astropy.units.Unit {unit: nm}
#       value: !astropy.table.SerializedColumn {name: wavelength}
# schema: astropy-2.0
wavelength efficiency
[from data line 580]
880.0 0.06479938165284693
881.0 0.08452400797978044
882.0 0.07261720020323992
883.0 0.08261153125204146
884.0 0.07447483367286623
885.0 0.09338909294456244
886.0 0.06925680791027844
887.0 0.10064434027299285
888.0 0.06447514169849455
889.0 0.10547658894211054
890.0 0.0710168038494885
891.0 0.10297445114701986
892.0 0.08039900567382574
893.0 0.11176954722031951
894.0 0.07447085808962584
895.0 0.10135113261640072
896.0 0.08132219663821161
897.0 0.11754619190469384
898.0 0.08462936384603381
899.0 0.12788494350388646
900.0 0.1098872977308929
901.0 0.13123492244631052
902.0 0.16678087413311005
903.0 0.1699061947874725
904.0 0.19230881007388234
905.0 0.24536829441785812
906.0 0.29240113217383623
907.0 0.37794848904013634
908.0 0.49395933747291565
909.0 0.6695827934890985
910.0 0.935788732022047
911.0 1.3311948627233505
912.0 1.9523892551660538
913.0 2.9102709144353867
914.0 4.086126014590263
915.0 5.809007212519646
916.0 7.880720496177673
917.0 10.23520678281784
918.0 12.929010391235352
919.0 15.495093166828156
920.0 18.951570987701416
921.0 22.492454946041107
922.0 26.03594958782196
923.0 30.260196328163147
924.0 34.83076095581055
925.0 39.93992209434509
926.0 46.10934853553772
927.0 52.798229455947876
928.0 58.72843265533447
929.0 65.19063115119934
930.0 70.90935707092285
931.0 76.56340599060059
932.0 81.7094624042511
933.0 86.17943525314331
934.0 89.43799138069153
935.0 91.79737567901611
936.0 93.57194304466248
937.0 94.89781260490417
938.0 95.70478796958923
939.0 96.13929390907288
940.0 96.47534489631653
941.0 96.7003583908081
942.0 96.92042469978333
943.0 97.02171087265015
944.0 97.35147953033447
945.0 97.30105996131897
946.0 97.37579226493835
947.0 97.35103249549866
948.0 97.44549989700317
949.0 97.34483361244202
950.0 97.48707413673401
951.0 97.58789539337158
952.0 97.61379361152649
953.0 97.78708815574646
954.0 97.91340827941895
955.0 97.95084595680237
956.0 98.16166162490845
957.0 98.36212396621704
958.0 98.51732850074768
959.0 98.62173795700073
960.0 98.71432781219482
961.0 98.77824187278748
962.0 98.81638288497925
963.0 98.82550835609436
964.0 98.888498544693
965.0 98.85472059249878
966.0 98.9332377910614
967.0 99.03794527053833
968.0 99.01783466339111
969.0 99.0053653717041
970.0 99.07329678535461
971.0 99.08856153488159
972.0 99.12428855895996
973.0 99.266517162323
974.0 99.24988746643066
975.0 99.25316572189331
976.0 99.28237199783325
977.0 99.24164414405823
978.0 99.28430318832397
979.0 99.26906824111938
980.0 99.23200011253357
981.0 99.1496741771698
982.0 99.07243251800537
983.0 99.11242723464966
984.0 99.0439772605896
985.0 99.07239079475403
986.0 98.94816875457764
987.0 99.02093410491943
988.0 98.88854026794434
989.0 98.89693856239319
990.0 98.87444376945496
991.0 98.86384606361389
992.0 98.970627784729
993.0 98.91760349273682
994.0 98.90621900558472
995.0 98.95793199539185
996.0 98.90881180763245
997.0 99.03153777122498
998.0 99.05462861061096
999.0 99.0931749343872
1000.0 99.14293885231018
1001.0 99.08716678619385
1002.0 99.21965003013611
1003.0 99.22531843185425
1004.0 99.32131767272949
1005.0 99.24690127372742
1006.0 99.35226440429688
1007.0 99.36906695365906
1008.0 99.31063652038574
1009.0 99.25860166549683
1010.0 99.27411675453186
1011.0 99.30725693702698
1012.0 99.19882416725159
1013.0 99.17899370193481
1014.0 99.14889335632324
1015.0 99.16464686393738
1016.0 99.10867214202881
1017.0 99.19038414955139
1018.0 99.1511583328247
1019.0 99.1272509098053
1020.0 99.1597831249237
1021.0 99.27318692207336
1022.0 99.21229481697083
1023.0 99.17645454406738
1024.0 99.21380877494812
1025.0 99.17935132980347
1026.0 99.2603063583374
1027.0 99.36085939407349
1028.0 99.28011298179626
1029.0 99.40317273139954
1030.0 99.39302802085876
1031.0 99.3205189704895
1032.0 99.41914081573486
1033.0 99.33876991271973
1034.0 99.40023422241211
1035.0 99.42145943641663
1036.0 99.39061403274536
1037.0 99.3531584739685
1038.0 99.32879209518433
1039.0 99.30013418197632
1040.0 99.16595220565796
1041.0 99.2997407913208
1042.0 99.2558479309082
1043.0 99.18885231018066
1044.0 99.28983449935913
1045.0 99.02064800262451
1046.0 99.22330379486084
1047.0 99.13634657859802
1048.0 99.19917583465576
1049.0 99.08456206321716
1050.0 99.10999536514282
1051.0 99.05304908752441
1052.0 99.06160235404968
1053.0 98.96911382675171
1054.0 99.13644194602966
1055.0 99.29181933403015
1056.0 99.18882250785828
1057.0 99.18292164802551
1058.0 99.04292225837708
1059.0 99.020254611969
1060.0 99.134761095047
1061.0 99.15434718132019
1062.0 99.11718964576721
1063.0 99.09085631370544
1064.0 99.26732182502747
1065.0 99.11089539527893
1066.0 99.22215342521667
1067.0 99.20855760574341
1068.0 99.17724132537842
1069.0 98.87901544570923
1070.0 99.36869740486145
1071.0 99.05217289924622
1072.0 99.20355081558228
1073.0 99.28860664367676
1074.0 98.92619848251343
1075.0 98.94433617591858
1076.0 98.70949983596802
1077.0 99.03125762939453
1078.0 99.14713501930237
1079.0 98.84002208709717
1080.0 99.52105283737183
1081.0 98.82783889770508
1082.0 98.79387021064758
1083.0 98.74129891395569
1084.0 99.12547469139099
1085.0 99.00572299957275
1086.0 98.8716721534729
1087.0 99.0002453327179
1088.0 98.61956834793091
1089.0 98.57344031333923
1090.0 98.88686537742615
1091.0 98.93925786018372
1092.0 98.68313074111938
1093.0 98.67554903030396
1094.0 98.65009784698486
1095.0 98.53783249855042
1096.0 98.53665828704834
1097.0 98.27519655227661
1098.0 98.04051518440247
1099.0 98.67059588432312
1100.0 98.43363165855408
