lsstCam/transmission_filter_detector/r21_s02/z_20/19700101T000000.ecsv
# %ECSV 1.0
# ---
# datatype:
# - {name: wavelength, unit: nm, datatype: float32}
# - {name: efficiency, unit: '%', datatype: float64}
# meta: !!omap
# - {MODE: DETECTOR}
# - {TYPE: transmission_filter_detector}
# - {CALIBDATE: '1970-01-01T00:00:00'}
# - {INSTRUME: LSSTCam}
# - {OBSTYPE: transmission_filter_detector}
# - {CALIBCLS: lsst.ip.isr.IntermediateFilterDetectorTransmissionCurve}
# - {SOURCE: Materion (DM-46256)}
# - {DETECTOR: 83}
# - {FILTER: z_20}
# - {CALIB_ID: 'calibDate=1970-01-01T00:00:00 filter=z_20 detector=83'}
# - {DATE: '2025-04-02T15:59:49.023727'}
# - {CALIB_CREATION_DATE: '2025-04-02'}
# - {CALIB_CREATION_TIME: '15:59:49'}
# - __serialized_columns__:
#     efficiency:
#       __class__: astropy.units.quantity.Quantity
#       unit: !astropy.units.Unit {unit: '%'}
#       value: !astropy.table.SerializedColumn {name: efficiency}
#     wavelength:
#       __class__: astropy.units.quantity.Quantity
#       unit: !astropy.units.Unit {unit: nm}
#       value: !astropy.table.SerializedColumn {name: wavelength}
# schema: astropy-2.0
wavelength efficiency
300.0 0.79563083127141
301.0 0.5501629784703255
302.0 0.3046952188014984
303.0 0.28921752236783504
304.0 0.27373984921723604
305.0 0.23322345223277807
306.0 0.1927070552483201
307.0 0.17698976444080472
308.0 0.1612724969163537
309.0 0.14353261794894934
310.0 0.12579275062307715
311.0 0.12479795841500163
312.0 0.12380317784845829
313.0 0.11171750957146287
314.0 0.09963184129446745
315.0 0.09475552360527217
316.0 0.08987919427454472
317.0 0.07735136896371841
318.0 0.0648235494736582
319.0 0.06618049810640514
320.0 0.06753745255991817
321.0 0.06527385558001697
322.0 0.06301025860011578
323.0 0.05671735270880163
324.0 0.05042444681748748
325.0 0.045689730904996395
326.0 0.040955012082122266
327.0 0.0403062702389434
328.0 0.039657525485381484
329.0 0.03582940553314984
330.0 0.03200128267053515
331.0 0.029056068160571158
332.0 0.02611085365060717
333.0 0.0250126700848341
334.0 0.02391448215348646
335.0 0.022637934307567775
336.0 0.02136138646164909
337.0 0.02455570502206683
338.0 0.027750019216910005
339.0 0.024156637664418668
340.0 0.020563263387884945
341.0 0.01818070450099185
342.0 0.01579814706929028
343.0 0.015115215501282364
344.0 0.014432283933274448
345.0 0.013670799671672285
346.0 0.012909315410070121
347.0 0.012087804498150945
348.0 0.01126629431382753
349.0 0.0134782720124349
350.0 0.01569025043863803
351.0 0.013620116806123406
352.0 0.011549981718417257
353.0 0.012096385762561113
354.0 0.012642791261896491
355.0 0.010777077841339633
356.0 0.008911365875974298
357.0 0.009734235936775804
358.0 0.010557108180364594
359.0 0.010259599366690964
360.0 0.009962091280613095
361.0 0.00915316995815374
362.0 0.00834425154607743
363.0 0.009148280514637008
364.0 0.009952308755600825
365.0 0.009890835644910112
366.0 0.009829364717006683
367.0 0.008814358443487436
368.0 0.007799352897563949
369.0 0.008244311175076291
370.0 0.008689270907780156
371.0 0.008338967018062249
372.0 0.007988663855940104
373.0 0.007134093903005123
374.0 0.006279526132857427
375.0 0.0064851185015868396
376.0 0.006690710142720491
377.0 0.0070304682594724
378.0 0.007370224921032786
379.0 0.006246313569135964
380.0 0.005122401853441261
381.0 0.003625292083597742
382.0 0.0021281824956531636
383.0 0.0038870090065756813
384.0 0.00564583606319502
385.0 0.005364349999581464
386.0 0.005082864663563669
387.0 0.005768849587184377
388.0 0.006454835238400847
389.0 0.00575765261601191
390.0 0.005060471085016616
391.0 0.004684109444497153
392.0 0.004307747803977691
393.0 0.004777946378453635
394.0 0.005248145316727459
395.0 0.0044074447941966355
396.0 0.003566743907867931
397.0 0.003741959881153889
398.0 0.0039171754906419665
399.0 0.00405508435505908
400.0 0.004192993219476193
401.0 0.004697974873124622
402.0 0.00520295652677305
403.0 0.005007274012314156
404.0 0.004811591497855261
405.0 0.0042046387534355745
406.0 0.0035976863728137687
407.0 0.0022102942239143886
408.0 0.0008229026207118295
409.0 0.0022628124497714452
410.0 0.0037027224607300013
411.0 0.0042031526390928775
412.0 0.004703582817455754
413.0 0.004483145312406123
414.0 0.004262707807356492
415.0 0.0035729284718399867
416.0 0.002883149318222422
417.0 0.0037308949686121196
418.0 0.004578641528496519
419.0 0.004100573642062955
420.0 0.003622506119427271
421.0 0.0038542486436199397
422.0 0.00408599189540837
423.0 0.003889654908562079
424.0 0.0036933190131094307
425.0 0.0025871628167806193
426.0 0.0014810068023507483
427.0 0.0019219465684727766
428.0 0.002362886334594805
429.0 0.0017172173102153465
430.0 0.0010715487405832391
431.0 0.0009238560778612737
432.0 0.000776163324189838
433.0 0.0008123880434141029
434.0 0.0008486127626383677
435.0 0.00130317957882653
436.0 0.001757746395014692
437.0 0.001839519063651096
438.0 0.0019212919141864404
439.0 0.0021451833163155243
440.0 0.002369075082242489
441.0 0.001850784246926196
442.0 0.0013324936844583135
443.0 0.0022991296646068804
444.0 0.003265765553805977
445.0 0.0032699943403713405
446.0 0.0032742234907345846
447.0 0.0025814475520746782
448.0 0.0018886717953137122
449.0 0.0024881419449229725
450.0 0.003087612640229054
451.0 0.0025295905288658105
452.0 0.001971568235603627
453.0 0.0018351789549342357
454.0 0.0016987898561637849
455.0 0.0023924216293380596
456.0 0.003086053766310215
457.0 0.002266790579597
458.0 0.0014475275747827254
459.0 0.0014979088518884964
460.0 0.0015482901289942674
461.0 0.0009005419087770861
462.0 0.00025279346118622925
463.0 0.0011300753612886183
464.0 0.0020073573978152126
465.0 0.002162180680898018
466.0 0.0023170039639808238
467.0 0.0020889048755634576
468.0 0.00186080505955033
469.0 0.0016426758520537987
470.0 0.0014245466445572674
471.0 0.001370336212858092
472.0 0.001316125963057857
473.0 0.0012974544006283395
474.0 0.0012787826562998816
475.0 0.0010865986951102968
476.0 0.000894414733920712
477.0 0.001250911554961931
478.0 0.0016074081941042095
479.0 0.001997471190406941
480.0 0.002387534004810732
481.0 0.0017985848899115808
482.0 0.0012096355931134894
483.0 0.0009043657883012202
484.0 0.0005990960744384211
485.0 0.0012088697076251265
486.0 0.0018186432498623617
487.0 0.0014280062714533415
488.0 0.0010373691111453809
489.0 0.0017339729311061092
490.0 0.002430576932965778
491.0 0.0023025657355901785
492.0 0.0021745547201135196
493.0 0.0020349265469121747
494.0 0.0018952987375087105
495.0 0.00163246804731898
496.0 0.0013696372661797795
497.0 0.0012536306712718215
498.0 0.0011376241673133336
499.0 0.001192808758787578
500.0 0.0012479933502618223
501.0 0.0008807778613117989
502.0 0.0005135622814123053
503.0 0.0012091396456526127
504.0 0.0019047172827413306
505.0 0.002163014687539544
506.0 0.002421312456135638
507.0 0.002238982415292412
508.0 0.0020566521925502457
509.0 0.0018274658941663802
510.0 0.0015982799595803954
511.0 0.001261113902728539
512.0 0.0009239479368261527
513.0 0.0012978143786313012
514.0 0.0016716810932848603
515.0 0.0012527662875072565
516.0 0.0008338520274264738
517.0 0.0009295038580603432
518.0 0.0010251556886942126
519.0 0.001179692117148079
520.0 0.0013342282727535348
521.0 0.0016778005374362692
522.0 0.0020213727111695334
523.0 0.001358600002276944
524.0 0.0006958272933843546
525.0 0.0007354498848144431
526.0 0.0007750726581434719
527.0 0.0010728630513767712
528.0 0.0013706536265090108
529.0 0.0011901057405339088
530.0 0.001009557399811456
531.0 0.0011387374797777738
532.0 0.0012679175597440917
533.0 0.0008595859071647283
534.0 0.00045125411816115957
535.0 0.001043991869664751
536.0 0.0016367295756936073
537.0 0.001622530362510588
538.0 0.0016083309674286284
539.0 0.0011847098903672304
540.0 0.0007610884949826868
541.0 0.0008462595360470004
542.0 0.000931430531636579
543.0 0.0012288272046134807
544.0 0.0015262239685398526
545.0 0.0010169446795771364
546.0 0.0005076657089375658
547.0 0.001196809535031207
548.0 0.0018859531337511726
549.0 0.0016505531675647944
550.0 0.001415153019479476
551.0 0.0015497807908104733
552.0 0.0016844085621414706
553.0 0.0015186854398052674
554.0 0.0013529621355701238
555.0 0.0010923025911324657
556.0 0.0008316429557453375
557.0 0.001282448192796437
558.0 0.0017332533388980664
559.0 0.0016958301785052754
560.0 0.0016584064724156633
561.0 0.0015190406884357799
562.0 0.0013796747225569561
563.0 0.0011418645044614095
564.0 0.0009040541044669226
565.0 0.0016176607459783554
566.0 0.0023312675693887286
567.0 0.002707168459892273
568.0 0.003083069168496877
569.0 0.002833529833878856
570.0 0.0025839904992608353
571.0 0.0024602199118817225
572.0 0.0023364487788057886
573.0 0.001932519990077708
574.0 0.0015285910194506869
575.0 0.0019618140868260525
576.0 0.002395036972302478
577.0 0.002030172800004948
578.0 0.0016653091734042391
579.0 0.0017207314158440568
580.0 0.0017761532944859937
581.0 0.0016493680959683843
582.0 0.0015225825336528942
583.0 0.002028802737186197
584.0 0.0025350231226184405
585.0 0.002629337541293353
586.0 0.0027236521418672055
587.0 0.002175112604163587
588.0 0.001626572702662088
589.0 0.001994056219700724
590.0 0.0023615399186383
591.0 0.0015596722732880153
592.0 0.00075780444603879
593.0 0.000685393297317205
594.0 0.0006129821031208849
595.0 0.0010712586117733736
596.0 0.0015295352568500675
597.0 0.001370020709146047
598.0 0.0012105063433409669
599.0 0.0009262340427085292
600.0 0.0006419619694497669
601.0 0.000582087841394241
602.0 0.0005222135314397747
603.0 0.0009696392226032913
604.0 0.001417064504494192
605.0 0.0009791005140868947
606.0 0.0005411362508311868
607.0 0.000834194270282751
608.0 0.0011272524716332555
609.0 0.0011767760952352546
610.0 0.0012262994459888432
611.0 0.000993937919702148
612.0 0.0007615763024659827
613.0 0.00067089108597429
614.0 0.0005802057330583921
615.0 0.0010391253454145044
616.0 0.0014980451851442922
617.0 0.002014243546000216
618.0 0.0025304419978056103
619.0 0.0021318528524716385
620.0 0.001733263343339786
621.0 0.0015529270967817865
622.0 0.0013725905773753766
623.0 0.0015794841601746157
624.0 0.001786377833923325
625.0 0.0016598405636614189
626.0 0.0015333032933995128
627.0 0.0018761726096272469
628.0 0.0022190422896528617
629.0 0.0020524921637843363
630.0 0.0018859422198147513
631.0 0.0017224918337888084
632.0 0.0015590414477628656
633.0 0.0018352680854150094
634.0 0.0021114947230671532
635.0 0.005122567017679103
636.0 0.008133638766594231
637.0 0.015418794646393508
638.0 0.022703950526192784
639.0 0.01995702914427966
640.0 0.017210104851983488
641.0 0.014907674631103873
642.0 0.012605247320607305
643.0 0.010021912021329626
644.0 0.0074385789048392326
645.0 0.00674846742185764
646.0 0.006058356666471809
647.0 0.005671592953149229
648.0 0.005284828876028769
649.0 0.004201693081995472
650.0 0.0031185576517600566
651.0 0.0035520573874237016
652.0 0.003985557486885227
653.0 0.0032065014238469303
654.0 0.0024274449970107526
655.0 0.002665073589014355
656.0 0.0029027027267147787
657.0 0.0029056938728899695
658.0 0.0029086844733683392
659.0 0.0027140011297888122
660.0 0.002519317604310345
661.0 0.0026359268304076977
662.0 0.00275253569270717
663.0 0.0020496558136073872
664.0 0.001346776116406545
665.0 0.0017194066458614543
666.0 0.0020920371753163636
667.0 0.002384975232416764
668.0 0.0026779129257192835
669.0 0.0019128385247313417
670.0 0.0011477643056423403
671.0 0.0009192081051878631
672.0 0.0006906519956828561
673.0 0.00132063159981044
674.0 0.0019506112948874943
675.0 0.001986720053537283
676.0 0.002022828448389191
677.0 0.001902497751871124
678.0 0.0017821665096562356
679.0 0.0014398169696505647
680.0 0.0010974672477459535
681.0 0.0012340382454567589
682.0 0.001370609152218094
683.0 0.0024170903998310678
684.0 0.0034635722840903327
685.0 0.002913340358645655
686.0 0.002363109160796739
687.0 0.0017956412193598226
688.0 0.0012281730960239656
689.0 0.0014770787856832612
690.0 0.0017259842934436165
691.0 0.002057510573649779
692.0 0.0023890364900580607
693.0 0.002756512913038023
694.0 0.0031239891541190445
695.0 0.003194326927768998
696.0 0.0032646643376210704
697.0 0.003466241105343215
698.0 0.0036678182368632406
699.0 0.005419825538410805
700.0 0.007171832112362608
701.0 0.007075569737935439
702.0 0.006979307363508269
703.0 0.006303488771663979
704.0 0.005627670543617569
705.0 0.005106185199110769
706.0 0.004584700945997611
707.0 0.004260094647179358
708.0 0.003935487984563224
709.0 0.004219915717840195
710.0 0.004504343814915046
711.0 0.004119416189496405
712.0 0.003734489291673526
713.0 0.002737321119639091
714.0 0.0017401527657057159
715.0 0.0022282427380559966
716.0 0.0027163327104062773
717.0 0.0024696168111404404
718.0 0.002222900729975663
719.0 0.0017553236830281094
720.0 0.001287746272282675
721.0 0.0011817722224805038
722.0 0.0010757978998299222
723.0 0.0009574619070917834
724.0 0.0008391260053031147
725.0 0.0012302397408348043
726.0 0.0016213534763664939
727.0 0.0016245432561845519
728.0 0.0016277328541036695
729.0 0.0016599908121861517
730.0 0.001692248770268634
731.0 0.0013961557669972535
732.0 0.0011000628546753433
733.0 0.0011499990250740666
734.0 0.0011999353773717303
735.0 0.001162914759333944
736.0 0.0011258936865488067
737.0 0.0012286825040064286
738.0 0.00133147104861564
739.0 0.00122155779536115
740.0 0.0011116442692582496
741.0 0.0011837230886158068
742.0 0.001255801907973364
743.0 0.0016543195670237765
744.0 0.0020528368622763082
745.0 0.0014900641872372944
746.0 0.0009272913302993402
747.0 0.0012606309610418975
748.0 0.0015939705917844549
749.0 0.0023261223759618588
750.0 0.0030582741601392627
751.0 0.0030725157557753846
752.0 0.0030867573514115065
753.0 0.003003909660037607
754.0 0.002921061786764767
755.0 0.001964450166269671
756.0 0.0010078385457745753
757.0 0.001873125984275248
758.0 0.0027384134227759205
759.0 0.0027276761102257296
760.0 0.0027169386157765985
761.0 0.004362503750598989
762.0 0.00600806888542138
763.0 0.005596819028141908
764.0 0.005185569170862436
765.0 0.005326979953679256
766.0 0.005468391100293957
767.0 0.004615011130226776
768.0 0.003761630432563834
769.0 0.003543879938661121
770.0 0.00332613053615205
771.0 0.003924711927538738
772.0 0.004523293682723306
773.0 0.003911734893335961
774.0 0.0033001757401507348
775.0 1.578855969575077e-10
776.0 1.578855969575077e-10
777.0 0.0004382150564197218
778.0 0.10905216913670301
779.0 0.034108044928871095
780.0 0.04049500566907227
781.0 0.031080783810466528
782.0 0.09772030171006918
783.0 0.10923153022304177
784.0 0.05059496616013348
785.0 0.09921503951773047
786.0 0.1206523273140192
787.0 0.05399577785283327
788.0 1.578855969575077e-10
789.0 1.578855969575077e-10
790.0 1.578855969575077e-10
791.0 1.578855969575077e-10
792.0 0.1683997455984354
793.0 0.06393295479938388
794.0 0.06001733709126711
795.0 1.578855969575077e-10
796.0 0.11790568241849542
797.0 0.112691440153867
798.0 0.10883023496717215
799.0 0.11199547443538904
800.0 0.10468960972502828
801.0 0.1765045220963657
802.0 0.3804377047345042
803.0 0.5609073210507631
804.0 0.9447342716157436
805.0 1.532173715531826
806.0 2.5207843631505966
807.0 3.8994308561086655
808.0 5.499916896224022
809.0 7.653571665287018
810.0 10.260870307683945
811.0 13.272829353809357
812.0 16.487842798233032
813.0 19.50206160545349
814.0 22.227661311626434
815.0 25.21938681602478
816.0 29.1759192943573
817.0 33.97309482097626
818.0 39.30047154426575
819.0 44.44970488548279
820.0 51.52115225791931
821.0 58.810192346572876
822.0 65.65018892288208
823.0 72.02831506729126
824.0 78.29445004463196
825.0 83.70628952980042
826.0 88.15842866897583
827.0 92.37767457962036
828.0 95.86495161056519
829.0 97.91697859764099
830.0 97.93211817741394
831.0 99.0078866481781
832.0 98.83426427841187
833.0 99.86897706985474
834.0 98.94393682479858
835.0 99.67232942581177
836.0 99.4519591331482
837.0 99.44173097610474
838.0 98.66498112678528
839.0 98.63161444664001
840.0 99.13274049758911
841.0 100.01920461654663
842.0 99.99853372573853
843.0 99.84084963798523
844.0 98.67882132530212
845.0 98.88514876365662
846.0 99.16772842407227
847.0 99.42200779914856
848.0 100.26428699493408
849.0 99.07599091529846
850.0 98.49094748497009
851.0 99.36703443527222
852.0 99.7930109500885
853.0 99.19043183326721
854.0 99.94367957115173
855.0 98.64086508750916
856.0 99.18274879455566
857.0 98.38753938674927
858.0 98.89895915985107
859.0 99.82577562332153
860.0 98.73466491699219
861.0 98.97809028625488
862.0 99.21528697013855
863.0 98.6638069152832
864.0 99.60288405418396
865.0 99.89158511161804
866.0 99.08824563026428
867.0 99.72565770149231
868.0 99.70592260360718
869.0 98.86893033981323
870.0 98.6255943775177
871.0 99.26759600639343
872.0 99.6278166770935
873.0 99.3634581565857
874.0 99.7391402721405
875.0 99.36407804489136
876.0 99.29795265197754
877.0 99.71762299537659
878.0 99.41624402999878
879.0 99.03056621551514
880.0 98.73018264770508
881.0 100.20121335983276
882.0 99.13722276687622
883.0 99.35616850852966
884.0 99.81974363327026
885.0 99.2302417755127
886.0 99.14714694023132
887.0 98.67631793022156
888.0 99.49826002120972
889.0 99.86070990562439
890.0 98.76421093940735
891.0 99.61512088775635
892.0 99.17215704917908
893.0 99.05678629875183
894.0 98.84061217308044
895.0 99.69053864479065
896.0 99.0583062171936
