lsstCam/transmission_filter_detector/r21_s02/z_20/19700101T000000.ecsv
# %ECSV 1.0
# ---
# datatype:
# - {name: wavelength, unit: nm, datatype: float32}
# - {name: efficiency, unit: '%', datatype: float64}
# meta: !!omap
# - {MODE: DETECTOR}
# - {TYPE: transmission_filter_detector}
# - {CALIBDATE: '1970-01-01T00:00:00'}
# - {INSTRUME: LSSTCam}
# - {OBSTYPE: transmission_filter_detector}
# - {CALIBCLS: lsst.ip.isr.IntermediateFilterDetectorTransmissionCurve}
# - {SOURCE: Materion (DM-46256)}
# - {DETECTOR: 83}
# - {FILTER: z_20}
# - {CALIB_ID: 'calibDate=1970-01-01T00:00:00 filter=z_20 detector=83'}
# - {DATE: '2025-04-02T15:59:49.023727'}
# - {CALIB_CREATION_DATE: '2025-04-02'}
# - {CALIB_CREATION_TIME: '15:59:49'}
# - __serialized_columns__:
#     efficiency:
#       __class__: astropy.units.quantity.Quantity
#       unit: !astropy.units.Unit {unit: '%'}
#       value: !astropy.table.SerializedColumn {name: efficiency}
#     wavelength:
#       __class__: astropy.units.quantity.Quantity
#       unit: !astropy.units.Unit {unit: nm}
#       value: !astropy.table.SerializedColumn {name: wavelength}
# schema: astropy-2.0
wavelength efficiency
[from data line 598]
898.0 99.16670322418213
899.0 98.74035120010376
900.0 99.08560514450073
901.0 99.75012540817261
902.0 99.40767288208008
903.0 99.00656938552856
904.0 98.07586669921875
905.0 98.93622398376465
906.0 98.11170697212219
907.0 99.02864694595337
908.0 98.66642951965332
909.0 98.46471548080444
910.0 98.39691519737244
911.0 97.32314944267273
912.0 96.25444412231445
913.0 95.1555848121643
914.0 93.2369589805603
915.0 90.82974791526794
916.0 88.92780542373657
917.0 87.24292516708374
918.0 83.68266820907593
919.0 82.80917406082153
920.0 79.82237339019775
921.0 76.25396847724915
922.0 71.92719578742981
923.0 66.61280989646912
924.0 61.20803356170654
925.0 55.9370219707489
926.0 49.902135133743286
927.0 42.639949917793274
928.0 37.00900375843048
929.0 30.85404634475708
930.0 25.149747729301453
931.0 19.99143213033676
932.0 14.323770999908447
933.0 9.770631790161133
934.0 6.451350450515747
935.0 3.9779607206583023
936.0 2.4055564776062965
937.0 1.479648146778345
938.0 0.8488958701491356
939.0 0.5240431986749172
940.0 0.36090973298996687
941.0 0.23884731344878674
942.0 0.23539518006145954
943.0 0.10474761947989464
944.0 0.09096186840906739
945.0 0.07847820525057614
946.0 0.03469856746960431
947.0 0.06564621580764651
948.0 0.15064035542309284
949.0 1.578855969575077e-10
950.0 0.11231862008571625
951.0 1.578855969575077e-10
952.0 0.0073093484388664365
953.0 0.0891612668056041
954.0 1.578855969575077e-10
955.0 0.02483704301994294
956.0 1.578855969575077e-10
957.0 0.04203689459245652
958.0 1.578855969575077e-10
959.0 1.578855969575077e-10
960.0 0.010825433855643496
961.0 0.018344355339650065
962.0 0.01086207921616733
963.0 0.059640523977577686
964.0 0.013368285726755857
965.0 1.578855969575077e-10
966.0 1.578855969575077e-10
967.0 1.578855969575077e-10
968.0 1.578855969575077e-10
969.0 1.578855969575077e-10
970.0 0.0008003986295079812
971.0 0.025915581500157714
972.0 0.041156739462167025
973.0 0.01304031175095588
974.0 0.03378109249752015
975.0 0.02996416878886521
976.0 0.006657154153799638
977.0 0.006611055869143456
978.0 0.0065649597672745585
979.0 0.006374690565280616
980.0 0.006184420635690913
981.0 0.0060324739024508744
982.0 0.005880527896806598
983.0 0.005824640902574174
984.0 0.005768754272139631
985.0 0.005487232556333765
986.0 0.0052057097491342574
987.0 0.005264215724309906
988.0 0.005322722063283436
989.0 0.0051533294026739895
990.0 0.004983937105862424
991.0 0.005052975029684603
992.0 0.005122013317304663
993.0 0.005055576184531674
994.0 0.0049891386879608035
995.0 0.004923155574942939
996.0 0.0048571724619250745
997.0 0.004752907625515945
998.0 0.004648643152904697
999.0 0.0045724173105554655
1000.0 0.004496191832004115
1001.0 0.004611096301232465
1002.0 0.004726000770460814
1003.0 0.004673900548368692
1004.0 0.0046218003262765706
1005.0 0.004540793452179059
1006.0 0.004459786941879429
1007.0 0.004449983680387959
1008.0 0.004440180418896489
1009.0 0.0045174401748226956
1010.0 0.004594700294546783
1011.0 0.004650952905649319
1012.0 0.004707205516751856
1013.0 0.0045890818000771105
1014.0 0.004470957719604485
1015.0 0.004621691914508119
1016.0 0.004772425745613873
1017.0 0.004962811362929642
1018.0 0.005153197344043292
1019.0 0.004978963261237368
1020.0 0.004804729178431444
1021.0 0.004831179830944166
1022.0 0.004857630847254768
1023.0 0.004779512164532207
1024.0 0.004701393118011765
1025.0 0.0048787755076773465
1026.0 0.005056157533545047
1027.0 0.004977798380423337
1028.0 0.004899439227301627
1029.0 0.004897485632682219
1030.0 0.004895532038062811
1031.0 0.005002169928047806
1032.0 0.005108807818032801
1033.0 0.005193529068492353
1034.0 0.005278250318951905
1035.0 0.005442226392915472
1036.0 0.005606202103081159
1037.0 0.00573408069612924
1038.0 0.00586195892537944
1039.0 0.005703119677491486
1040.0 0.0055442797020077705
1041.0 0.0059394718846306205
1042.0 0.006334664794849232
1043.0 0.005941362542216666
1044.0 0.005548060653381981
1045.0 0.006098318408476189
1046.0 0.0066485750721767545
1047.0 0.006433306407416239
1048.0 0.0062180362874642015
1049.0 0.006350204057525843
1050.0 0.006482372555183247
1051.0 0.006743637641193345
1052.0 0.0070049041823949665
1053.0 0.007076501060510054
1054.0 0.007148097938625142
1055.0 0.007743048627162352
1056.0 0.008338000770891085
1057.0 0.008229046216001734
1058.0 0.008120092388708144
1059.0 0.008222328324336559
1060.0 0.00832456280477345
1061.0 0.008997239638119936
1062.0 0.009669917199062183
1063.0 0.009599054465070367
1064.0 0.009528191003482789
1065.0 0.009652955486671999
1066.0 0.009777722152648494
1067.0 0.009933760884450749
1068.0 0.010089801799040288
1069.0 0.011008657747879624
1070.0 0.011927513696718961
1071.0 0.011609740613494068
1072.0 0.011291967530269176
1073.0 0.011253893899265677
1074.0 0.011215818813070655
1075.0 0.011819984501926228
1076.0 0.012424153101164848
1077.0 0.012478046119213104
1078.0 0.012531937682069838
1079.0 0.013470835983753204
1080.0 0.014409737195819616
1081.0 0.014827014820184559
1082.0 0.015244295354932547
1083.0 0.015049718786031008
1084.0 0.014855142217129469
1085.0 0.015160971088334918
1086.0 0.01546680141473189
1087.0 0.016098668857011944
1088.0 0.01673053775448352
1089.0 0.0177299851202406
1090.0 0.018729432485997677
1091.0 0.018531196110416204
1092.0 0.018332955369260162
1093.0 0.01830229302868247
1094.0 0.01827163068810478
1095.0 0.019837432773783803
1096.0 0.02140323631465435
1097.0 0.021550373639911413
1098.0 0.021697510965168476
1099.0 0.023240923474077135
1100.0 0.02478433307260275
1101.0 0.02521758433431387
1102.0 0.02565083559602499
1103.0 0.026669882936403155
1104.0 0.027688927366398275
1105.0 0.027704585227183998
1106.0 0.02772024308796972
1107.0 0.02888839808292687
1108.0 0.03005655307788402
1109.0 0.030860910192131996
1110.0 0.03166526439599693
1111.0 0.03224257961846888
1112.0 0.03281989775132388
1113.0 0.03433379461057484
1114.0 0.03584769438020885
1115.0 0.03484108310658485
1116.0 0.033834477653726935
1117.0 0.03476006677374244
1118.0 0.035685652983374894
1119.0 0.039371944149024785
1120.0 0.043058235314674675
1121.0 0.04553230828605592
1122.0 0.048006384167820215
1123.0 0.046778618707321584
1124.0 0.045550856157206
1125.0 0.04581976099871099
1126.0 0.04608867166098207
1127.0 0.05101432325318456
1128.0 0.05593997775577009
1129.0 0.05926904268562794
1130.0 0.06259811343625188
1131.0 0.06281501264311373
1132.0 0.06303191184997559
1133.0 0.06587399984709918
1134.0 0.06871608784422278
1135.0 0.06834839005023241
1136.0 0.06798069807700813
1137.0 0.07463209913112223
1138.0 0.08128351182676852
1139.0 0.08506327867507935
1140.0 0.08884301641955972
1141.0 0.09869153145700693
1142.0 0.10854003485292196
1143.0 0.13116246555000544
1144.0 0.15378487296402454
1145.0 0.3028932027518749
1146.0 0.45200157910585403
1147.0 0.964871421456337
1148.0 1.47774126380682
1149.0 1.6743509098887444
1150.0 1.8709618598222733
