lsstCam/transmission_sensor/r34_s02/19700101T000000.ecsv
# %ECSV 1.0
# ---
# datatype:
# - {name: amp_name, datatype: string}
# - {name: wavelength, unit: nm, datatype: float32}
# - {name: efficiency, unit: '%', datatype: float64}
# meta: !!omap
# - {MODE: AMP}
# - {TYPE: transmission_sensor}
# - {CALIBDATE: '1970-01-01T00:00:00'}
# - {INSTRUME: LSSTCam}
# - {OBSTYPE: transmission_sensor}
# - {DETECTOR: 155}
# - {PARQUETFILE: qe_raft_allvalues_nircorrected_20230725_adjust.parquet}
# - {CORRFILE: qe_corr_factor_bydetnum.parquet}
# - {CALIBCLS: lsst.ip.isr.IntermediateSensorTransmissionCurve}
# - {CALIB_ID: 'raftName=R34 detectorName=S02 detector=155 calibDate=1970-01-01T00:00:00 ccd=155 ccdnum=155 filter=None'}
# - {DATE: '2025-03-03T21:56:48.256521'}
# - {CALIB_CREATION_DATE: '2025-03-03'}
# - {CALIB_CREATION_TIME: '21:56:48'}
# - __serialized_columns__:
#     efficiency:
#       __class__: astropy.units.quantity.Quantity
#       unit: !astropy.units.Unit {unit: '%'}
#       value: !astropy.table.SerializedColumn {name: efficiency}
#     wavelength:
#       __class__: astropy.units.quantity.Quantity
#       unit: !astropy.units.Unit {unit: nm}
#       value: !astropy.table.SerializedColumn {name: wavelength}
# schema: astropy-2.0
amp_name wavelength efficiency
C00 319.994 34.62971776340447
C00 324.969 39.130263171875875
C00 349.982 57.95525476628802
C00 374.975 64.85342942691024
C00 400.019 77.65107748635457
C00 424.965 81.42656221380314
C00 450.035 84.6907250069972
C00 475.003 88.50358134895545
C00 500.018 90.22712425846781
C00 525.002 92.96018414359958
C00 550.029 95.25130278382323
C00 575.023 95.39256416340582
C00 599.982 97.23071436446426
C00 619.997 96.87358432798972
C00 624.979 97.22099381719791
C00 650.012 97.62811631859557
C00 675.004 97.37671894815198
C00 700.03 96.98106170763258
C00 725.012 97.13343336307284
C00 750.022 97.64564653631525
C00 774.987 97.80968738019882
C00 799.976 97.17175663955265
C00 824.988 95.44319106964238
C00 850.022 93.4012643610109
C00 869.967 90.44046270297885
C00 875.002 89.76926911061469
C00 899.999 82.4537982289617
C00 919.999 73.37977687246645
C00 925.012 70.33624859888779
C00 949.965 58.27132360990042
C00 975.002 43.18728500859199
C00 999.976 26.383302441650322
C00 1025.028 11.31538544728832
C00 1050.014 4.015530602160128
C00 1075.002 0.9302631872788463
C00 1099.99 0.09229985882658007
C01 319.994 36.106602730141944
C01 324.969 40.7915024338356
C01 349.982 60.39977225264987
C01 374.975 66.91967638588957
C01 400.019 78.8746881937629
C01 424.965 82.24110177863686
C01 450.035 85.30901827841838
C01 475.003 89.00930660448084
C01 500.018 90.65510779448063
C01 525.002 93.34613594259817
C01 550.029 95.60181650374352
C01 575.023 95.72109147066692
C01 599.982 97.54747429593593
C01 619.997 97.17998927088159
C01 624.979 97.52866764271663
C01 650.012 97.9291134045778
C01 675.004 97.67424171265594
C01 700.03 97.2855935380753
C01 725.012 97.4610467727277
C01 750.022 98.00800316075276
C01 774.987 98.2022857072428
C01 799.976 97.56924922815732
C01 824.988 95.82289664285287
C01 850.022 93.77051675829549
C01 869.967 90.74635405052177
C01 875.002 90.05050788140748
C01 899.999 82.67419105664818
C01 919.999 73.65650657821027
C01 925.012 70.62377135983257
C01 949.965 58.40238105835881
C01 975.002 43.201541055962046
C01 999.976 26.372934235543173
C01 1025.028 11.272351066412698
C01 1050.014 3.9932595406080793
C01 1075.002 0.9337150208056474
C01 1099.99 0.09264234657797499
C02 319.994 36.93137643759099
C02 324.969 41.72065306665179
C02 349.982 61.789436644537325
C02 374.975 68.06901969526359
C02 400.019 79.4395524431466
C02 424.965 82.53549010093761
C02 450.035 85.4691542870753
C02 475.003 89.09188216257188
C02 500.018 90.681527743461
C02 525.002 93.34081116728909
C02 550.029 95.57750380626844
C02 575.023 95.68421079288785
C02 599.982 97.50330509592528
C02 619.997 97.13026115650572
C02 624.979 97.47437004030957
C02 650.012 97.87384903445505
C02 675.004 97.61471752228591
C02 700.03 97.23828989586144
C02 725.012 97.43946066232577
C02 750.022 98.01986117101553
C02 774.987 98.24765581402526
C02 799.976 97.62491390053735
C02 824.988 95.85615949457087
C02 850.022 93.81229925050802
C02 869.967 90.78525134533278
C02 875.002 90.07800789119523
C02 899.999 82.54939493972344
C02 919.999 73.64813044229854
C02 925.012 70.64911880087836
C02 949.965 58.455602376394886
C02 975.002 43.03366712914322
C02 999.976 26.266178155250696
C02 1025.028 11.290857492939045
C02 1050.014 3.9809762091969465
C02 1075.002 0.9338276526151595
C02 1099.99 0.09265352180264207
C03 319.994 37.40055334173959
C03 324.969 42.25257546141058
C03 349.982 62.62190295291162
C03 374.975 68.77405771054973
C03 400.019 79.77332899698898
C03 424.965 82.68808078968846
C03 450.035 85.52845944413473
C03 475.003 89.10198790634996
C03 500.018 90.65814404933772
C03 525.002 93.29155888389829
C03 550.029 95.51064577643017
C03 575.023 95.61355366804183
C03 599.982 97.42350144214409
C03 619.997 97.04732306052132
C03 624.979 97.39453617503725
C03 650.012 97.79146229818349
C03 675.004 97.53329755373005
C03 700.03 97.16769319399765
C03 725.012 97.39813889535276
C03 750.022 98.0178370011108
C03 774.987 98.27650023516765
C03 799.976 97.66614503303703
C03 824.988 95.88616705812119
C03 850.022 93.8499956385472
C03 869.967 90.79436010990406
C03 875.002 90.1006816152773
C03 899.999 82.48914567356667
C03 919.999 73.64266971527944
C03 925.012 70.64684538617192
C03 949.965 58.351550224557236
C03 975.002 43.04303269138898
C03 999.976 26.176971174859847
C03 1025.028 11.350297657599398
C03 1050.014 3.992908804078412
C03 1075.002 0.9338080516764816
C03 1099.99 0.09265157701551345
C04 319.994 37.647909925246516
C04 324.969 42.53196755480894
C04 349.982 63.05114781867851
C04 374.975 69.15756993164077
C04 400.019 79.95339703690924
C04 424.965 82.76314123936454
C04 450.035 85.5442071838786
C04 475.003 89.08034137296582
C04 500.018 90.60856699241744
C04 525.002 93.22695161014812
C04 550.029 95.43727717025655
C04 575.023 95.53146904668142
C04 599.982 97.33612225696572
C04 619.997 96.96011003854407
C04 624.979 97.30285940524772
C04 650.012 97.69762540677921
C04 675.004 97.44092591964487
C04 700.03 97.08544240943611
C04 725.012 97.34111470587253
C04 750.022 97.99160587394991
C04 774.987 98.27941564406028
C04 799.976 97.67714201580301
C04 824.988 95.88961116810835
C04 850.022 93.84887781337592
C04 869.967 90.80630875464018
C04 875.002 90.09102904386594
C04 899.999 82.43336015522216
C04 919.999 73.61340988613422
C04 925.012 70.62297075531801
C04 949.965 58.33476396480627
C04 975.002 43.09926760566381
C04 999.976 26.1309118684363
C04 1025.028 11.360190976830578
C04 1050.014 4.015807226125652
C04 1075.002 0.933557863586773
C04 1099.99 0.09262675358309563
C05 319.994 37.56780415655417
C05 324.969 42.448304383037765
C05 349.982 63.00968254712269
C05 374.975 69.19033429375536
C05 400.019 79.96193178314932
C05 424.965 82.73140406794786
C05 450.035 85.48774945985679
C05 475.003 88.99945765837724
C05 500.018 90.52312889554322
C05 525.002 93.13069024658184
C05 550.029 95.33838740696322
C05 575.023 95.43547958653518
C05 599.982 97.23637146617561
C05 619.997 96.86288946013488
C05 624.979 97.20314637882151
C05 650.012 97.60295769936927
C05 675.004 97.35062377270108
C05 700.03 97.00452848335642
C05 725.012 97.27732314238247
C05 750.022 97.94423425588104
C05 774.987 98.24516336600826
C05 799.976 97.64723263959881
C05 824.988 95.85441478095896
C05 850.022 93.79814516692048
C05 869.967 90.74318939682743
C05 875.002 90.05065893886305
C05 899.999 82.2967664510169
C05 919.999 73.55982980664115
C05 925.012 70.4654404877698
C05 949.965 58.08014907055888
C05 975.002 42.94173356167921
C05 999.976 26.101976812820574
C05 1025.028 11.334937002585438
C05 1050.014 4.007614719433358
C05 1075.002 0.9331064252673359
C05 1099.99 0.09258196228776894
C06 319.994 37.20047774182819
C06 324.969 42.04042659436221
C06 349.982 62.538753376489396
C06 374.975 68.93597619718244
C06 400.019 79.88962057916474
C06 424.965 82.69854907135993
C06 450.035 85.4642298140235
C06 475.003 88.98278091528157
C06 500.018 90.50931469123074
C06 525.002 93.12093948782436
C06 550.029 95.33652940025964
C06 575.023 95.43870466321175
C06 599.982 97.24549533649245
C06 619.997 96.87698312074019
C06 624.979 97.22294245837485
C06 650.012 97.62174169397024
C06 675.004 97.37761774001265
C06 700.03 97.03834269478727
C06 725.012 97.30376574998118
C06 750.022 97.9625575252425
C06 774.987 98.24515581313547
C06 799.976 97.63225529287838
C06 824.988 95.83398426009221
C06 850.022 93.74035058441682
C06 869.967 90.67238876739862
C06 875.002 89.96600634075784
C06 899.999 82.2391606903327
C06 919.999 73.42310015072586
C06 925.012 70.39693593166575
C06 949.965 57.94934841977497
C06 975.002 42.88919200219323
C06 999.976 25.960105538761088
C06 1025.028 11.29968491299931
C06 1050.014 4.0135899859105155
C06 1075.002 0.9332811507820115
C06 1099.99 0.09259929839281802
C07 319.994 36.285900377038764
C07 324.969 41.017986653418205
C07 349.982 61.12868112235352
C07 374.975 67.87926131956809
C07 400.019 79.34603277239903
C07 424.965 82.35131329822566
C07 450.035 85.2044412019226
C07 475.003 88.76489564135767
C07 500.018 90.32210918653448
C07 525.002 92.95573550153284
C07 550.029 95.18415774481937
C07 575.023 95.29979977993615
C07 599.982 97.11816900718681
C07 619.997 96.75369757837123
C07 624.979 97.102965074283
C07 650.012 97.51011023429902
C07 675.004 97.26739866755108
C07 700.03 96.91801787854762
C07 725.012 97.14802551328155
C07 750.022 97.7543776928394
C07 774.987 97.97310133564176
C07 799.976 97.33350896298424
C07 824.988 95.53889352062302
C07 850.022 93.41846225232831
C07 869.967 90.3529324603449
C07 875.002 89.66550019150624
C07 899.999 81.9370457791792
C07 919.999 73.19242786318738
C07 925.012 70.18886183948156
C07 949.965 57.62355902889621
C07 975.002 42.70910508009102
C07 999.976 25.838696885277667
C07 1025.028 11.28146549563856
C07 1050.014 4.019847068953233
C07 1075.002 0.9312984518471404
C07 1099.99 0.0924025768259682
C10 319.994 33.392451462012
C10 324.969 37.72513427297374
C10 349.982 55.79737635475584
C10 374.975 62.967552622762334
C10 400.019 76.70563908339082
C10 424.965 80.97793667648575
C10 450.035 84.50663128588582
C10 475.003 88.4779393458713
C10 500.018 90.3071469455596
C10 525.002 93.11278993809599
C10 550.029 95.44758684159966
C10 575.023 95.63075911223203
C10 599.982 97.49824467116346
C10 619.997 97.15200587723601
C10 624.979 97.50566159223229
C10 650.012 97.93024633549463
C10 675.004 97.66838823625234
C10 700.03 97.18498927266118
C10 725.012 97.07083515348184
C10 750.022 97.24578234565804
C10 774.987 97.09060102154406
C10 799.976 96.34215664639794
C10 824.988 94.69501104504351
C10 850.022 92.65766137731603
C10 869.967 89.81948816172118
C10 875.002 89.19995621916426
C10 899.999 82.13580717922709
C10 919.999 73.49738265450573
C10 925.012 70.5042698067258
C10 949.965 57.82508855681754
C10 975.002 42.68791549550999
C10 999.976 26.045301943706374
C10 1025.028 11.21245961760381
C10 1050.014 3.9996950602701977
C10 1075.002 0.9264557852701594
C10 1099.99 0.0919220918970665
C11 319.994 35.0005222760451
C11 324.969 39.53177011236248
C11 349.982 58.429510977380396
C11 374.975 65.11516668018808
C11 400.019 77.78363040362316
C11 424.965 81.5703009356572
C11 450.035 84.86040029397378
C11 475.003 88.69608141746968
C11 500.018 90.43071194422137
C11 525.002 93.17775219686676
C11 550.029 95.47193730343864
C11 575.023 95.62143131435016
C11 599.982 97.46408302758478
C11 619.997 97.10816145075485
C11 624.979 97.45805583510727
C11 650.012 97.86872063383822
C11 675.004 97.60132627884904
C11 700.03 97.12325964343975
C11 725.012 97.0373003983438
C11 750.022 97.25232313348452
C11 774.987 97.13892430158306
C11 799.976 96.40332736303374
C11 824.988 94.73883281290634
C11 850.022 92.69837136159396
C11 869.967 89.8144503955777
C11 875.002 89.170356510744
C11 899.999 82.10708360404917
C11 919.999 73.4481379239877
C11 925.012 70.45888459419777
C11 949.965 57.8067577345833
C11 975.002 42.64580822976797
C11 999.976 26.01651605732803
C11 1025.028 11.16440352043936
C11 1050.014 3.97493627124662
C11 1075.002 0.9265180981507587
C11 1099.99 0.0919282745238339
C12 319.994 36.017663876734744
C12 324.969 40.680433663186406
C12 349.982 60.124341641024
C12 374.975 66.55012942656661
C12 400.019 78.59993734068713
C12 424.965 82.0771289106083
C12 450.035 85.224713112461
C12 475.003 88.97941233402221
C12 500.018 90.66128604441373
C12 525.002 93.3771706968464
C12 550.029 95.65317603863961
C12 575.023 95.78652200754999
C12 599.982 97.61913595286154
C12 619.997 97.2545436780815
C12 624.979 97.6058731082619
C12 650.012 98.0091285387968
C12 675.004 97.73795019454543
C12 700.03 97.26882616050628
C12 725.012 97.216892607279
C12 750.022 97.48016309373092
C12 774.987 97.41004977572499
C12 799.976 96.67977005961197
C12 824.988 95.00630269662331
C12 850.022 92.94209501329426
C12 869.967 90.02950334220954
C12 875.002 89.37863453049322
C12 899.999 82.23934195927939
C12 919.999 73.5063479144942
C12 925.012 70.50260817471447
C12 949.965 57.89501682944041
C12 975.002 42.715551457007756
C12 999.976 26.081778542791767
C12 1025.028 11.18590277280432
C12 1050.014 3.9626916483084784
C12 1075.002 0.9286887171907687
C12 1099.99 0.09214364135087696
C13 319.994 36.44269423949104
C13 324.969 41.16330770211943
C13 349.982 60.89231019230341
C13 374.975 67.20221425080032
C13 400.019 78.85895555976458
C13 424.965 82.14249902450914
C13 450.035 85.18422971436644
C13 475.003 88.87841531922359
C13 500.018 90.52056091879842
C13 525.002 93.20794858223655
C13 550.029 95.46449772375148
C13 575.023 95.58849323616165
C13 599.982 97.41585038201913
C13 619.997 97.04941520628105
C13 624.979 97.39846366888224
C13 650.012 97.79741396193322
C13 675.004 97.53433229730075
C13 700.03 97.07518560820245
C13 725.012 97.06520071038882
C13 750.022 97.37733828371984
C13 774.987 97.357149454782
C13 799.976 96.64569905050664
C13 824.988 94.95782080625595
C13 850.022 92.89377173325526
C13 869.967 89.95516796832021
C13 875.002 89.30946532158463
C13 899.999 82.1149234859936
C13 919.999 73.3826167526313
C13 925.012 70.40091629562019
C13 949.965 57.831361217660366
C13 975.002 42.650136025870246
C13 999.976 26.042078755248003
C13 1025.028 11.17994638850911
C13 1050.014 3.952311168783064
C13 1075.002 0.9277091092018626
C13 1099.99 0.09204644554616506
C14 319.994 36.80708258670605
C14 324.969 41.57751102174726
C14 349.982 61.55723112382475
C14 374.975 67.83965405471587
C14 400.019 79.28524725227496
C14 424.965 82.4522272314237
C14 450.035 85.43749264438641
C14 475.003 89.10284893384674
C14 500.018 90.72120298416824
C14 525.002 93.39618883050352
C14 550.029 95.64595549226304
C14 575.023 95.7687803093925
C14 599.982 97.59337310381292
C14 619.997 97.22350137096048
C14 624.979 97.57214953130439
C14 650.012 97.97571462962323
C14 675.004 97.71069942955938
C14 700.03 97.2675346192611
C14 725.012 97.29417360155206
C14 750.022 97.65648490875289
C14 774.987 97.67840334555707
C14 799.976 96.98359947288627
C14 824.988 95.28171820250361
C14 850.022 93.20072048298721
C14 869.967 90.23616504718409
C14 875.002 89.5946315862224
C14 899.999 82.32592053994321
C14 919.999 73.5181606075203
C14 925.012 70.53479851849787
C14 949.965 58.00624043398157
C14 975.002 42.79003033547987
C14 999.976 26.115966621425176
C14 1025.028 11.212297230839065
C14 1050.014 3.967176638575462
C14 1075.002 0.9303681787692145
C14 1099.99 0.0923102759858007
C15 319.994 36.86196553675347
C15 324.969 41.64021497155717
C15 349.982 61.67219717682782
C15 374.975 67.99796982103307
C15 400.019 79.41280016776396
C15 424.965 82.5410263566845
C15 450.035 85.50185822620766
C15 475.003 89.14848339117648
C15 500.018 90.75177701317698
C15 525.002 93.42220847722662
C15 550.029 95.66782861183056
C15 575.023 95.78662774776889
C15 599.982 97.60575226229744
C15 619.997 97.23603913977334
C15 624.979 97.58411328178607
C15 650.012 97.98649257907863
C15 675.004 97.72238372374825
C15 700.03 97.28903764806245
C15 725.012 97.34087301394361
C15 750.022 97.73649249009911
C15 774.987 97.78893208580259
C15 799.976 97.09980797346145
C15 824.988 95.37810796490713
C15 850.022 93.31062988766486
C15 869.967 90.32973003516832
C15 875.002 89.6522071354155
C15 899.999 82.33872265930333
C15 919.999 73.5816198446081
C15 925.012 70.58031212986315
C15 949.965 57.93526231204244
C15 975.002 42.67475083825648
C15 999.976 26.06768488218646
C15 1025.028 11.26446681134069
C15 1050.014 3.978099036722758
C15 1075.002 0.9311299777225086
C15 1099.99 0.09238586097809623
C16 319.994 36.487969935363786
C16 324.969 41.228938390131134
C16 349.982 61.15379820077954
C16 374.975 67.68769025440565
C16 400.019 79.32145572437669
C16 424.965 82.50468193287273
C16 450.035 85.48650323584829
C16 475.003 89.14288671244736
C16 500.018 90.75760783096224
C16 525.002 93.43130968892513
C16 550.029 95.68170323912528
C16 575.023 95.80516249756816
C16 599.982 97.63336556517687
C16 619.997 97.26406029778283
C16 624.979 97.61204380532222
C16 650.012 98.02005754570779
C16 675.004 97.75747437067872
C16 700.03 97.33237603206742
C16 725.012 97.38772348379074
C16 750.022 97.78323721972734
C16 774.987 97.83761035086219
C16 799.976 97.14386388038041
C16 824.988 95.41743577346654
C16 850.022 93.35031268124487
C16 869.967 90.3469732437224
C16 875.002 89.69066636360533
C16 899.999 82.31331479527533
C16 919.999 73.67450507404224
C16 925.012 70.58235895838621
C16 949.965 57.846871041911704
C16 975.002 42.62011713301076
C16 999.976 26.04487898283076
C16 1025.028 11.295799904063697
C16 1050.014 3.997690244601965
C16 1075.002 0.9315752874204285
C16 1099.99 0.09243004419722622
C17 319.994 35.59290541739849
C17 324.969 40.227370813111456
C17 349.982 59.780262968711284
C17 374.975 66.75515215814816
C17 400.019 79.0606323687051
C17 424.965 82.48197799729954
C17 450.035 85.5686558330637
C17 475.003 89.28616470906191
C17 500.018 90.9373888617169
C17 525.002 93.64487471961952
C17 550.029 95.92130302228834
C17 575.023 96.05680911281347
C17 599.982 97.90154541893504
C17 619.997 97.5432748986709
C17 624.979 97.89187018890536
C17 650.012 98.30948363059284
C17 675.004 98.05366027670084
C17 700.03 97.61687009102789
C17 725.012 97.63491390409654
C17 750.022 97.98073729002115
C17 774.987 97.97412852633967
C17 799.976 97.25720984217243
C17 824.988 95.53085726398633
C17 850.022 93.46103024330985
C17 869.967 90.46348385920875
C17 875.002 89.80488845863968
C17 899.999 82.41246135624313
C17 919.999 73.79596282119873
C17 925.012 70.7998892472895
C17 949.965 57.97884616441272
C17 975.002 42.71217154643923
C17 999.976 25.9816217850898
C17 1025.028 11.353933421733311
C17 1050.014 4.04144403660977
C17 1075.002 0.9334576613895335
C17 1099.99 0.0926168116131394
