lsstCam/transmission_sensor/r34_s02/19700101T000000.ecsv
# %ECSV 1.0
# ---
# datatype:
# - {name: amp_name, datatype: string}
# - {name: wavelength, unit: nm, datatype: float32}
# - {name: efficiency, unit: '%', datatype: float64}
# meta: !!omap
# - {MODE: AMP}
# - {TYPE: transmission_sensor}
# - {CALIBDATE: '1970-01-01T00:00:00'}
# - {INSTRUME: LSSTCAM}
# - {OBSTYPE: transmission_sensor}
# - {DETECTOR: 155}
# - {PARQUETFILE: qe_raft_allvalues_nircorrected_20230725.parquet}
# - {CALIBCLS: lsst.ip.isr.IntermediateSensorTransmissionCurve}
# - {CALIB_ID: 'raftName=R34 detectorName=S02 detector=155 calibDate=1970-01-01T00:00:00 ccd=155 ccdnum=155 filter=None'}
# - {DATE: '2024-01-18T22:42:25.526323'}
# - {CALIB_CREATION_DATE: '2024-01-18'}
# - {CALIB_CREATION_TIME: '22:42:25'}
# - __serialized_columns__:
#     efficiency:
#       __class__: astropy.units.quantity.Quantity
#       unit: !astropy.units.Unit {unit: '%'}
#       value: !astropy.table.SerializedColumn {name: efficiency}
#     wavelength:
#       __class__: astropy.units.quantity.Quantity
#       unit: !astropy.units.Unit {unit: nm}
#       value: !astropy.table.SerializedColumn {name: wavelength}
# schema: astropy-2.0
amp_name wavelength efficiency
C00 319.994 34.980567932128906
C00 324.969 39.526710510253906
C00 349.982 58.54242706298828
C00 374.975 65.51049041748047
C00 400.019 78.43779754638672
C00 424.965 82.25153350830078
C00 450.035 85.54876708984375
C00 475.003 89.40025329589844
C00 500.018 91.1412582397461
C00 525.002 93.90200805664062
C00 550.029 96.21633911132812
C00 575.023 96.3590316772461
C00 599.982 98.21580505371094
C00 619.997 97.85505676269531
C00 624.979 98.20598602294922
C00 650.012 98.61723327636719
C00 675.004 98.36328887939453
C00 700.03 97.963623046875
C00 725.012 98.11753845214844
C00 750.022 98.63494110107422
C00 774.987 98.80064392089844
C00 799.976 98.15625
C00 824.988 96.41017150878906
C00 850.022 94.3475570678711
C00 869.967 91.35675811767578
C00 875.002 90.67876434326172
C00 899.999 83.28917694091797
C00 919.999 74.12322235107422
C00 925.012 71.04885864257812
C00 949.965 58.861698150634766
C00 975.002 43.62483596801758
C00 999.976 26.650604248046875
C00 1025.028 11.43002700805664
C00 1050.014 4.056213855743408
C00 1075.002 0.9396881268190647
C00 1099.99 0.09323499266924652
C01 319.994 36.472415924072266
C01 324.969 41.20478057861328
C01 349.982 61.01171112060547
C01 374.975 67.59767150878906
C01 400.019 79.6738052368164
C01 424.965 83.07432556152344
C01 450.035 86.17332458496094
C01 475.003 89.91110229492188
C01 500.018 91.57357788085938
C01 525.002 94.2918701171875
C01 550.029 96.57040405273438
C01 575.023 96.69088745117188
C01 599.982 98.53577423095703
C01 619.997 98.16456604003906
C01 624.979 98.51677703857422
C01 650.012 98.92127990722656
C01 675.004 98.66382598876953
C01 700.03 98.271240234375
C01 725.012 98.44847106933594
C01 750.022 99.00096893310547
C01 774.987 99.19721984863281
C01 799.976 98.55776977539062
C01 824.988 96.7937240600586
C01 850.022 94.72055053710938
C01 869.967 91.6657485961914
C01 875.002 90.96285247802734
C01 899.999 83.51180267333984
C01 919.999 74.40275573730469
C01 925.012 71.33929443359375
C01 949.965 58.994083404541016
C01 975.002 43.63923645019531
C01 999.976 26.6401309967041
C01 1025.028 11.386556625366211
C01 1050.014 4.033717155456543
C01 1075.002 0.9431749325158257
C01 1099.99 0.0935809503272166
C02 319.994 37.305545806884766
C02 324.969 42.14334487915039
C02 349.982 62.41545486450195
C02 374.975 68.75865936279297
C02 400.019 80.24439239501953
C02 424.965 83.37169647216797
C02 450.035 86.3350830078125
C02 475.003 89.99451446533203
C02 500.018 91.60026550292969
C02 525.002 94.28649139404297
C02 550.029 96.54584503173828
C02 575.023 96.65363311767578
C02 599.982 98.49115753173828
C02 619.997 98.11433410644531
C02 624.979 98.46192932128906
C02 650.012 98.8654556274414
C02 675.004 98.60369873046875
C02 700.03 98.22345733642578
C02 725.012 98.42666625976562
C02 750.022 99.01294708251953
C02 774.987 99.24304962158203
C02 799.976 98.61399841308594
C02 824.988 96.82732391357422
C02 850.022 94.76275634765625
C02 869.967 91.70503997802734
C02 875.002 90.99063110351562
C02 899.999 83.3857421875
C02 919.999 74.39429473876953
C02 925.012 71.36489868164062
C02 949.965 59.04784393310547
C02 975.002 43.469661712646484
C02 999.976 26.53229331970215
C02 1025.028 11.405250549316406
C02 1050.014 4.0213093757629395
C02 1075.002 0.9432887054518594
C02 1099.99 0.0935922387734088
C03 319.994 37.779476165771484
C03 324.969 42.68065643310547
C03 349.982 63.25635528564453
C03 374.975 69.47084045410156
C03 400.019 80.58155059814453
C03 424.965 83.52583312988281
C03 450.035 86.39498901367188
C03 475.003 90.00472259521484
C03 500.018 91.57664489746094
C03 525.002 94.23674011230469
C03 550.029 96.47830963134766
C03 575.023 96.58226013183594
C03 599.982 98.4105453491211
C03 619.997 98.03055572509766
C03 624.979 98.38128662109375
C03 650.012 98.78223419189453
C03 675.004 98.52145385742188
C03 700.03 98.15214538574219
C03 725.012 98.38492584228516
C03 750.022 99.01090240478516
C03 774.987 99.27218627929688
C03 799.976 98.65564727783203
C03 824.988 96.85763549804688
C03 850.022 94.80083465576172
C03 869.967 91.71424102783203
C03 875.002 91.01353454589844
C03 899.999 83.32488250732422
C03 919.999 74.38877868652344
C03 925.012 71.36260223388672
C03 949.965 58.9427375793457
C03 975.002 43.479122161865234
C03 999.976 26.442182540893555
C03 1025.028 11.465292930603027
C03 1050.014 4.033362865447998
C03 1075.002 0.9432689059267336
C03 1099.99 0.09359027428271527
C04 319.994 38.02933883666992
C04 324.969 42.9628791809082
C04 349.982 63.68994903564453
C04 374.975 69.85823822021484
C04 400.019 80.76344299316406
C04 424.965 83.60165405273438
C04 450.035 86.41089630126953
C04 475.003 89.98285675048828
C04 500.018 91.52656555175781
C04 525.002 94.17147827148438
C04 550.029 96.4041976928711
C04 575.023 96.49934387207031
C04 599.982 98.32228088378906
C04 619.997 97.94245910644531
C04 624.979 98.28868103027344
C04 650.012 98.68744659423828
C04 675.004 98.42814636230469
C04 700.03 98.06906127929688
C04 725.012 98.32732391357422
C04 750.022 98.98440551757812
C04 774.987 99.27513122558594
C04 799.976 98.66675567626953
C04 824.988 96.86111450195312
C04 850.022 94.7997055053711
C04 869.967 91.72631072998047
C04 875.002 91.0037841796875
C04 899.999 83.2685317993164
C04 919.999 74.35922241210938
C04 925.012 71.33848571777344
C04 949.965 58.92578125
C04 975.002 43.535926818847656
C04 999.976 26.39565658569336
C04 1025.028 11.475286483764648
C04 1050.014 4.056493282318115
C04 1075.002 0.9430161830622951
C04 1099.99 0.0935651993522774
C05 319.994 37.948421478271484
C05 324.969 42.87836837768555
C05 349.982 63.64806365966797
C05 374.975 69.8913345336914
C05 400.019 80.77206420898438
C05 424.965 83.56959533691406
C05 450.035 86.35386657714844
C05 475.003 89.90115356445312
C05 500.018 91.44026184082031
C05 525.002 94.0742416381836
C05 550.029 96.30430603027344
C05 575.023 96.40238189697266
C05 599.982 98.22151947021484
C05 619.997 97.84425354003906
C05 624.979 98.18795776367188
C05 650.012 98.5918197631836
C05 675.004 98.33692932128906
C05 700.03 97.9873275756836
C05 725.012 98.26288604736328
C05 750.022 98.93655395507812
C05 774.987 99.24053192138672
C05 799.976 98.63654327392578
C05 824.988 96.8255615234375
C05 850.022 94.74845886230469
C05 869.967 91.66255187988281
C05 875.002 90.96300506591797
C05 899.999 83.13055419921875
C05 919.999 74.30509948730469
C05 925.012 71.17935943603516
C05 949.965 58.66858673095703
C05 975.002 43.37679672241211
C05 999.976 26.36642837524414
C05 1025.028 11.449776649475098
C05 1050.014 4.0482177734375
C05 1075.002 0.9425601710061725
C05 1099.99 0.09351995425499858
C06 319.994 37.57737350463867
C06 324.969 42.46635818481445
C06 349.982 63.17236328125
C06 374.975 69.6343994140625
C06 400.019 80.69902038574219
C06 424.965 83.53640747070312
C06 450.035 86.33010864257812
C06 475.003 89.88430786132812
C06 500.018 91.42630767822266
C06 525.002 94.06439208984375
C06 550.029 96.30242919921875
C06 575.023 96.4056396484375
C06 599.982 98.2307357788086
C06 619.997 97.85848999023438
C06 624.979 98.20795440673828
C06 650.012 98.61079406738281
C06 675.004 98.36419677734375
C06 700.03 98.021484375
C06 725.012 98.28959655761719
C06 750.022 98.95506286621094
C06 774.987 99.24052429199219
C06 799.976 98.62141418457031
C06 824.988 96.80492401123047
C06 850.022 94.69007873535156
C06 869.967 91.59103393554688
C06 875.002 90.87749481201172
C06 899.999 83.0723648071289
C06 919.999 74.16698455810547
C06 925.012 71.11016082763672
C06 949.965 58.536460876464844
C06 975.002 43.32372283935547
C06 999.976 26.223119735717773
C06 1025.028 11.414167404174805
C06 1050.014 4.054253578186035
C06 1075.002 0.9427366667482788
C06 1099.99 0.09353746600038708
C07 319.994 36.65353012084961
C07 324.969 41.43355941772461
C07 349.982 61.74800491333008
C07 374.975 68.56697845458984
C07 400.019 80.1499252319336
C07 424.965 83.18565368652344
C07 450.035 86.06768798828125
C07 475.003 89.66421508789062
C07 500.018 91.2372055053711
C07 525.002 93.89751434326172
C07 550.029 96.14851379394531
C07 575.023 96.26532745361328
C07 599.982 98.10211944580078
C07 619.997 97.73395538330078
C07 624.979 98.08676147460938
C07 650.012 98.49803161621094
C07 675.004 98.25286102294922
C07 700.03 97.89994049072266
C07 725.012 98.13227844238281
C07 750.022 98.7447738647461
C07 774.987 98.96571350097656
C07 799.976 98.31964111328125
C07 824.988 96.50684356689453
C07 850.022 94.36492919921875
C07 869.967 91.26834106445312
C07 875.002 90.57394409179688
C07 899.999 82.7671890258789
C07 919.999 73.93397521972656
C07 925.012 70.89997863769531
C07 949.965 58.20737075805664
C07 975.002 43.14181137084961
C07 999.976 26.100481033325195
C07 1025.028 11.395763397216797
C07 1050.014 4.060574054718018
C07 1075.002 0.9407338801459142
C07 1099.99 0.0933387513536227
C10 319.994 33.73076629638672
C10 324.969 38.10734558105469
C10 349.982 56.36268615722656
C10 374.975 63.605506896972656
C10 400.019 77.48278045654297
C10 424.965 81.7983627319336
C10 450.035 85.36280822753906
C10 475.003 89.37435150146484
C10 500.018 91.22209167480469
C10 525.002 94.05615997314453
C10 550.029 96.41461181640625
C10 575.023 96.59963989257812
C10 599.982 98.48604583740234
C10 619.997 98.13629913330078
C10 624.979 98.49353790283203
C10 650.012 98.92242431640625
C10 675.004 98.65791320800781
C10 700.03 98.16961669921875
C10 725.012 98.05430603027344
C10 750.022 98.23102569580078
C10 774.987 98.07427215576172
C10 799.976 97.31824493408203
C10 824.988 95.65441131591797
C10 850.022 93.59642028808594
C10 869.967 90.7294921875
C10 875.002 90.10368347167969
C10 899.999 82.96796417236328
C10 919.999 74.24201965332031
C10 925.012 71.21858215332031
C10 949.965 58.41094207763672
C10 975.002 43.12040710449219
C10 999.976 26.309179306030273
C10 1025.028 11.326058387756348
C10 1050.014 4.040217876434326
C10 1075.002 0.9358421502067302
C10 1099.99 0.0928533984029968
C11 319.994 35.35512924194336
C11 324.969 39.93228530883789
C11 349.982 59.021488189697266
C11 374.975 65.7748794555664
C11 400.019 78.57169342041016
C11 424.965 82.396728515625
C11 450.035 85.72016143798828
C11 475.003 89.5947036743164
C11 500.018 91.34690856933594
C11 525.002 94.12178039550781
C11 550.029 96.439208984375
C11 575.023 96.59021759033203
C11 599.982 98.4515380859375
C11 619.997 98.09201049804688
C11 624.979 98.44544982910156
C11 650.012 98.86027526855469
C11 675.004 98.59017181396484
C11 700.03 98.10726165771484
C11 725.012 98.02043151855469
C11 750.022 98.23763275146484
C11 774.987 98.12308502197266
C11 799.976 97.38003540039062
C11 824.988 95.69867706298828
C11 850.022 93.63754272460938
C11 869.967 90.72440338134766
C11 875.002 90.07378387451172
C11 899.999 82.93894958496094
C11 919.999 74.19227600097656
C11 925.012 71.17273712158203
C11 949.965 58.392425537109375
C11 975.002 43.07787322998047
C11 999.976 26.280101776123047
C11 1025.028 11.277515411376953
C11 1050.014 4.0152082443237305
C11 1075.002 0.9359050944088096
C11 1099.99 0.09285964366890147
C12 319.994 36.38257598876953
C12 324.969 41.092586517333984
C12 349.982 60.733489990234375
C12 374.975 67.22438049316406
C12 400.019 79.39627075195312
C12 424.965 82.90869140625
C12 450.035 86.08816528320312
C12 475.003 89.88090515136719
C12 500.018 91.57981872558594
C12 525.002 94.3232192993164
C12 550.029 96.62228393554688
C12 575.023 96.7569808959961
C12 599.982 98.60816192626953
C12 619.997 98.23987579345703
C12 624.979 98.59476470947266
C12 650.012 99.00210571289062
C12 675.004 98.72817993164062
C12 700.03 98.25430297851562
C12 725.012 98.20184326171875
C12 750.022 98.46778106689453
C12 774.987 98.39695739746094
C12 799.976 97.6592788696289
C12 824.988 95.96885681152344
C12 850.022 93.88373565673828
C12 869.967 90.94163513183594
C12 875.002 90.28417205810547
C12 899.999 83.07254791259766
C12 919.999 74.2510757446289
C12 925.012 71.21690368652344
C12 949.965 58.4815788269043
C12 975.002 43.14832305908203
C12 999.976 26.346025466918945
C12 1025.028 11.299232482910156
C12 1050.014 4.0028395652771
C12 1075.002 0.9380977050244261
C12 1099.99 0.09307719247987296
C13 319.994 36.811912536621094
C13 324.969 41.580352783203125
C13 349.982 61.509239196777344
C13 374.975 67.88307189941406
C13 400.019 79.65791320800781
C13 424.965 82.97472381591797
C13 450.035 86.04727172851562
C13 475.003 89.77888488769531
C13 500.018 91.43766784667969
C13 525.002 94.15228271484375
C13 550.029 96.43169403076172
C13 575.023 96.55694580078125
C13 599.982 98.40281677246094
C13 619.997 98.03266906738281
C13 624.979 98.38525390625
C13 650.012 98.78824615478516
C13 675.004 98.52249908447266
C13 700.03 98.05870056152344
C13 725.012 98.04861450195312
C13 750.022 98.3639144897461
C13 774.987 98.34352111816406
C13 799.976 97.62486267089844
C13 824.988 95.91988372802734
C13 850.022 93.83492279052734
C13 869.967 90.86654663085938
C13 875.002 90.21430206298828
C13 899.999 82.94686889648438
C13 919.999 74.12609100341797
C13 925.012 71.11418151855469
C13 949.965 58.41727828979492
C13 975.002 43.082244873046875
C13 999.976 26.305923461914062
C13 1025.028 11.29321575164795
C13 1050.014 3.992353916168213
C13 1075.002 0.937108172160286
C13 1099.99 0.09297901193815813
C14 319.994 37.17999267578125
C14 324.969 41.99875259399414
C14 349.982 62.1808967590332
C14 374.975 68.52696990966797
C14 400.019 80.0885238647461
C14 424.965 83.28759002685547
C14 450.035 86.3031005859375
C14 475.003 90.0055923461914
C14 500.018 91.64034271240234
C14 525.002 94.3424301147461
C14 550.029 96.614990234375
C14 575.023 96.73905944824219
C14 599.982 98.58213806152344
C14 619.997 98.2085189819336
C14 624.979 98.56069946289062
C14 650.012 98.96835327148438
C14 675.004 98.70065307617188
C14 700.03 98.25299835205078
C14 725.012 98.2799072265625
C14 750.022 98.64588928222656
C14 774.987 98.66802978515625
C14 799.976 97.9661865234375
C14 824.988 96.24706268310547
C14 850.022 94.14498138427734
C14 869.967 91.150390625
C14 875.002 90.50235748291016
C14 899.999 83.16000366210938
C14 919.999 74.26300811767578
C14 925.012 71.24942016601562
C14 949.965 58.593929290771484
C14 975.002 43.22355651855469
C14 999.976 26.38055992126465
C14 1025.028 11.325894355773926
C14 1050.014 4.0073699951171875
C14 1075.002 0.9397941820282413
C14 1099.99 0.0932455153696701
C15 319.994 37.23543167114258
C15 324.969 42.06209182739258
C15 349.982 62.297027587890625
C15 374.975 68.6868896484375
C15 400.019 80.21736907958984
C15 424.965 83.37728881835938
C15 450.035 86.36811828613281
C15 475.003 90.05168914794922
C15 500.018 91.67122650146484
C15 525.002 94.36871337890625
C15 550.029 96.6370849609375
C15 575.023 96.75708770751953
C15 599.982 98.59464263916016
C15 619.997 98.22118377685547
C15 624.979 98.57278442382812
C15 650.012 98.97924041748047
C15 675.004 98.71245574951172
C15 700.03 98.27471923828125
C15 725.012 98.32707977294922
C15 750.022 98.7267074584961
C15 774.987 98.77967834472656
C15 799.976 98.08357238769531
C15 824.988 96.34442901611328
C15 850.022 94.2560043334961
C15 869.967 91.24490356445312
C15 875.002 90.56051635742188
C15 899.999 83.17293548583984
C15 919.999 74.32711029052734
C15 925.012 71.29539489746094
C15 949.965 58.52223205566406
C15 975.002 43.10710906982422
C15 999.976 26.331789016723633
C15 1025.028 11.378592491149902
C15 1050.014 4.018403053283691
C15 1075.002 0.9405636991296624
C15 1099.99 0.09332186614953228
C16 319.994 36.85764694213867
C16 324.969 41.64664840698242
C16 349.982 61.77337646484375
C16 374.975 68.37346649169922
C16 400.019 80.1250991821289
C16 424.965 83.340576171875
C16 450.035 86.35260772705078
C16 475.003 90.04603576660156
C16 500.018 91.67711639404297
C16 525.002 94.3779067993164
C16 550.029 96.6511001586914
C16 575.023 96.77581024169922
C16 599.982 98.6225357055664
C16 619.997 98.2494888305664
C16 624.979 98.60099792480469
C16 650.012 99.01314544677734
C16 675.004 98.7479019165039
C16 700.03 98.31849670410156
C16 725.012 98.37440490722656
C16 750.022 98.77392578125
C16 774.987 98.82884979248047
C16 799.976 98.1280746459961
C16 824.988 96.3841552734375
C16 850.022 94.29608917236328
C16 869.967 91.26232147216797
C16 875.002 90.599365234375
C16 899.999 83.14727020263672
C16 919.999 74.42093658447266
C16 925.012 71.2974624633789
C16 949.965 58.432945251464844
C16 975.002 43.05192184448242
C16 999.976 26.308752059936523
C16 1025.028 11.410243034362793
C16 1050.014 4.0381927490234375
C16 1075.002 0.9410135204722835
C16 1099.99 0.09336649700990476
C17 319.994 35.953514099121094
C17 324.969 40.63493347167969
C17 349.982 60.38592529296875
C17 374.975 67.43148040771484
C17 400.019 79.86163330078125
C17 424.965 83.31764221191406
C17 450.035 86.43559265136719
C17 475.003 90.19076538085938
C17 500.018 91.85871887207031
C17 525.002 94.59363555908203
C17 550.029 96.89312744140625
C17 575.023 97.0300064086914
C17 599.982 98.8934326171875
C17 619.997 98.53153228759766
C17 624.979 98.88365936279297
C17 650.012 99.30550384521484
C17 675.004 99.04708862304688
C17 700.03 98.60587310791016
C17 725.012 98.62409973144531
C17 750.022 98.97342681884766
C17 774.987 98.96675109863281
C17 799.976 98.24256896972656
C17 824.988 96.49872589111328
C17 850.022 94.40792846679688
C17 869.967 91.38001251220703
C17 875.002 90.7147445678711
C17 899.999 83.24742126464844
C17 919.999 74.54362487792969
C17 925.012 71.51719665527344
C17 949.965 58.56625747680664
C17 975.002 43.1449089050293
C17 999.976 26.244853973388672
C17 1025.028 11.468965530395508
C17 1050.014 4.082389831542969
C17 1075.002 0.9429149656688577
C17 1099.99 0.09355515665548705
