lsstCam/transmission_filter_detector/r31_s22/u_24/19700101T000000.ecsv
# %ECSV 1.0
# ---
# datatype:
# - {name: wavelength, unit: nm, datatype: float32}
# - {name: efficiency, unit: '%', datatype: float64}
# meta: !!omap
# - {MODE: DETECTOR}
# - {TYPE: transmission_filter_detector}
# - {CALIBDATE: '1970-01-01T00:00:00'}
# - {INSTRUME: LSSTCam}
# - {OBSTYPE: transmission_filter_detector}
# - {CALIBCLS: lsst.ip.isr.IntermediateFilterDetectorTransmissionCurve}
# - {SOURCE: Materion (DM-46256)}
# - {DETECTOR: 134}
# - {FILTER: u_24}
# - {CALIB_ID: 'calibDate=1970-01-01T00:00:00 filter=u_24 detector=134'}
# - {DATE: '2025-04-02T15:59:40.371026'}
# - {CALIB_CREATION_DATE: '2025-04-02'}
# - {CALIB_CREATION_TIME: '15:59:40'}
# - __serialized_columns__:
#     efficiency:
#       __class__: astropy.units.quantity.Quantity
#       unit: !astropy.units.Unit {unit: '%'}
#       value: !astropy.table.SerializedColumn {name: efficiency}
#     wavelength:
#       __class__: astropy.units.quantity.Quantity
#       unit: !astropy.units.Unit {unit: nm}
#       value: !astropy.table.SerializedColumn {name: wavelength}
# schema: astropy-2.0
wavelength efficiency
[from data line 581]
876.0 0.002348963425902184
877.0 0.002529070661694277
878.0 0.0027091782612842508
879.0 0.002640101774886716
880.0 0.002571025470388122
881.0 0.002714031870709732
882.0 0.002857038089132402
883.0 0.0027639720428851433
884.0 0.002670905814738944
885.0 0.0027888941986020654
886.0 0.0029068825824651867
887.0 0.0026471396267879754
888.0 0.002387396489211824
889.0 0.0026283087208867073
890.0 0.0028692207706626505
891.0 0.0029644210371770896
892.0 0.0030596213036915287
893.0 0.00303310025628889
894.0 0.00300657884508837
895.0 0.0031811039661988616
896.0 0.003355629087309353
897.0 0.003386157550266944
898.0 0.003416685649426654
899.0 0.0033498083212180063
900.0 0.0032829309930093586
901.0 0.0037089892430230975
902.0 0.004135047129238956
903.0 0.004441224882612005
904.0 0.004747402272187173
905.0 0.004765509584103711
906.0 0.004783616532222368
907.0 0.005016518116462976
908.0 0.005249420428299345
909.0 0.005365964898373932
910.0 0.005482509732246399
911.0 0.005464856803882867
912.0 0.0054472035117214546
913.0 0.005433980550151318
914.0 0.005420757952379063
915.0 0.00496903267048765
916.0 0.004517307388596237
917.0 0.004459784759092145
918.0 0.004402261401992291
919.0 0.004467341568670236
920.0 0.004532421371550299
921.0 0.004670748603530228
922.0 0.004809075471712276
923.0 0.004935593460686505
924.0 0.005062111813458614
925.0 0.005438703010440804
926.0 0.005815294207422994
927.0 0.006122820923337713
928.0 0.0064303465478587896
929.0 0.006701765232719481
930.0 0.006973184645175934
931.0 0.006968330853851512
932.0 0.00696347706252709
933.0 0.007256033131852746
934.0 0.00754858847358264
935.0 0.007495001773349941
936.0 0.007441415073117241
937.0 0.00701706885593012
938.0 0.0065927248215302825
939.0 0.006529747770400718
940.0 0.006466769991675392
941.0 0.005823854735353962
942.0 0.005180939842830412
943.0 0.004671910937759094
944.0 0.004162881668889895
945.0 0.0035812485293718055
946.0 0.0029996146622579545
947.0 0.0026124786018044688
948.0 0.0022253423594520427
949.0 0.0017569112969795242
950.0 0.0012884799616585951
951.0 0.0013398064766079187
952.0 0.0013911332644056529
953.0 0.0016113381207105704
954.0 0.0018315429770154878
955.0 0.0019454681023489684
956.0 0.0020593934095813893
957.0 0.0021609115719911642
958.0 0.002262429734400939
959.0 0.0025466868464718573
960.0 0.002830943776643835
961.0 0.0033621541660977527
962.0 0.0038933645555516705
963.0 0.00395764691347722
964.0 0.0040219296352006495
965.0 0.004387829903862439
966.0 0.004753729808726348
967.0 0.004564985647448339
968.0 0.0043762411223724484
969.0 0.0045800803491147235
970.0 0.0047839195758569986
971.0 0.004700100180343725
972.0 0.00461628042103257
973.0 0.004570217788568698
974.0 0.004524154792306945
975.0 0.004472938599064946
976.0 0.004421722405822948
977.0 0.003856463445117697
978.0 0.003291204120614566
979.0 0.003226158514735289
980.0 0.0031611125450581312
981.0 0.0028789161660824902
982.0 0.002596719605207909
983.0 0.002546235737099778
984.0 0.002495751868991647
985.0 0.002741263415373396
986.0 0.0029867749617551453
987.0 0.0032596784876659513
988.0 0.003532581467879936
989.0 0.004096664997632615
990.0 0.004660749254981056
991.0 0.005156789120519534
992.0 0.005652829349855892
993.0 0.006066077185096219
994.0 0.006479324656538665
995.0 0.006625151581829414
996.0 0.006770978507120162
997.0 0.006560434849234298
998.0 0.006349889736156911
999.0 0.0063230581872630864
1000.0 0.006296226638369262
1001.0 0.0063439169025514275
1002.0 0.006391607894329354
1003.0 0.005996505569783039
1004.0 0.005601402881438844
1005.0 0.005461942055262625
1006.0 0.005322480501490645
1007.0 0.005016190334572457
1008.0 0.004709900531452149
1009.0 0.004447833271115087
1010.0 0.0041857663745759055
1011.0 0.003939784437534399
1012.0 0.003693802500492893
1013.0 0.0031334773666458204
1014.0 0.0025731525965966284
1015.0 0.002249504359497223
1016.0 0.001925856304296758
1017.0 0.001691385477897711
1018.0 0.0014569147424481343
1019.0 0.001419882846676046
1020.0 0.0013828509509039577
1021.0 0.00125014157674741
1022.0 0.0011174323844898026
1023.0 0.001150528623838909
1024.0 0.0011836247722385451
1025.0 0.0011536375495779794
1026.0 0.0011236504178668838
1027.0 0.001222318041982362
1028.0 0.0013209855751483701
1029.0 0.0015372761481557973
1030.0 0.0017535667211632244
1031.0 0.0018629783880896866
1032.0 0.0019723904188140295
1033.0 0.0019416893337620422
1034.0 0.0019109884306089953
1035.0 0.001855415575846564
1036.0 0.001799842357286252
1037.0 0.0018876116882893257
1038.0 0.0019753810192923993
1039.0 0.0019678633179864846
1040.0 0.0019603457985795103
1041.0 0.0017790003767004237
1042.0 0.0015976547729223967
1043.0 0.0016744887034292333
1044.0 0.00175132263393607
1045.0 0.0016487885659444146
1046.0 0.001546254316053819
1047.0 0.0020876193957519718
1048.0 0.0026289844754501246
1049.0 0.0022047641323297285
1050.0 0.001780543607310392
1051.0 0.001723187233437784
1052.0 0.0016658304957672954
1053.0 0.0014451160495809745
1054.0 0.001224401785293594
1055.0 0.0013406681318883784
1056.0 0.0014569343875336926
1057.0 0.0011715912478393875
1058.0 0.0008862483809934929
1059.0 0.0012971214346180204
1060.0 0.001707994488242548
1061.0 0.0015358649761765264
1062.0 0.0013637354641105048
1063.0 0.00142014141601976
1064.0 0.0014765472769795451
1065.0 0.0010083748748002108
1066.0 0.0005402026545198169
1067.0 0.0010419515092507936
1068.0 0.0015437004549312405
1069.0 0.001235620311490493
1070.0 0.0009275403499486856
1071.0 0.0018161395928473212
1072.0 0.0027047388357459567
1073.0 0.0027409927497501485
1074.0 0.0027772464818554
1075.0 0.002690815927053336
1076.0 0.0026043855541502126
1077.0 0.0030274786695372313
1078.0 0.0034505716030253097
1079.0 0.003986399678979069
1080.0 0.004522227027337067
1081.0 0.005301971032167785
1082.0 0.0060817143094027415
1083.0 0.004624515349860303
1084.0 0.0031673152989242226
1085.0 0.0039472844946431
1086.0 0.004727253690361977
1087.0 0.004420225377543829
1088.0 0.004113197064725682
1089.0 0.004472863292903639
1090.0 0.004832529521081597
1091.0 0.0037932648410787806
1092.0 0.002753999979177024
1093.0 0.003448820280027576
1094.0 0.004143641126574948
1095.0 0.003689022923936136
1096.0 0.003234404357499443
1097.0 0.0029970420655445196
1098.0 0.002759680137387477
1099.0 0.004982684913557023
1100.0 0.007205689325928688
