lsstCam/transmission_filter_detector/r31_s22/u_24/19700101T000000.ecsv
# %ECSV 1.0
# ---
# datatype:
# - {name: wavelength, unit: nm, datatype: float32}
# - {name: efficiency, unit: '%', datatype: float64}
# meta: !!omap
# - {MODE: DETECTOR}
# - {TYPE: transmission_filter_detector}
# - {CALIBDATE: '1970-01-01T00:00:00'}
# - {INSTRUME: LSSTCam}
# - {OBSTYPE: transmission_filter_detector}
# - {CALIBCLS: lsst.ip.isr.IntermediateFilterDetectorTransmissionCurve}
# - {SOURCE: Materion (DM-46256)}
# - {DETECTOR: 134}
# - {FILTER: u_24}
# - {CALIB_ID: 'calibDate=1970-01-01T00:00:00 filter=u_24 detector=134'}
# - {DATE: '2025-04-02T15:59:40.371026'}
# - {CALIB_CREATION_DATE: '2025-04-02'}
# - {CALIB_CREATION_TIME: '15:59:40'}
# - __serialized_columns__:
#     efficiency:
#       __class__: astropy.units.quantity.Quantity
#       unit: !astropy.units.Unit {unit: '%'}
#       value: !astropy.table.SerializedColumn {name: efficiency}
#     wavelength:
#       __class__: astropy.units.quantity.Quantity
#       unit: !astropy.units.Unit {unit: nm}
#       value: !astropy.table.SerializedColumn {name: wavelength}
# schema: astropy-2.0
wavelength efficiency
295.0 1.6025384144691124e-10
296.0 1.6025384144691124e-10
297.0 1.6025384144691124e-10
298.0 1.6025384144691124e-10
299.0 1.6025384144691124e-10
300.0 1.6025384144691124e-10
301.0 1.6025384144691124e-10
302.0 0.053784099873155355
303.0 0.08766678511165082
304.0 0.1946131233125925
305.0 0.6848838180303574
306.0 1.422324776649475
307.0 2.8945336118340492
308.0 4.921281710267067
309.0 7.945047318935394
310.0 11.39153391122818
311.0 15.141521394252777
312.0 19.014371931552887
313.0 22.18449115753174
314.0 25.238874554634094
315.0 27.64018476009369
316.0 29.724016785621643
317.0 32.39815831184387
318.0 35.01630425453186
319.0 38.398873805999756
320.0 43.66616904735565
321.0 49.058401584625244
322.0 55.03383278846741
323.0 60.714370012283325
324.0 65.2744472026825
325.0 68.64022016525269
326.0 71.15451097488403
327.0 73.19421172142029
328.0 74.91748332977295
329.0 76.2823760509491
330.0 77.70249247550964
331.0 78.55139970779419
332.0 78.93385291099548
333.0 79.11704182624817
334.0 78.92131209373474
335.0 79.11205887794495
336.0 79.18519973754883
337.0 79.7256588935852
338.0 80.61677813529968
339.0 81.1481773853302
340.0 81.63701295852661
341.0 82.14946985244751
342.0 82.44591355323792
343.0 82.40200281143188
344.0 82.54362344741821
345.0 82.88882970809937
346.0 83.16830396652222
347.0 83.47918391227722
348.0 83.80981683731079
349.0 83.99448990821838
350.0 84.10676121711731
351.0 84.31978225708008
352.0 84.16375517845154
353.0 84.1196060180664
354.0 84.06023383140564
355.0 84.221750497818
356.0 84.48131084442139
357.0 84.34114456176758
358.0 84.03986692428589
359.0 83.83755087852478
360.0 83.69728922843933
361.0 83.46834778785706
362.0 83.29856395721436
363.0 83.42208862304688
364.0 83.58174562454224
365.0 83.75528454780579
366.0 84.01248455047607
367.0 84.09278988838196
368.0 84.10627245903015
369.0 84.14759635925293
370.0 83.86886715888977
371.0 83.77315402030945
372.0 83.6428165435791
373.0 83.80488157272339
374.0 83.85534882545471
375.0 84.1450035572052
376.0 84.23367142677307
377.0 84.33551788330078
378.0 84.36828851699829
379.0 84.128338098526
380.0 83.53661298751831
381.0 82.28875994682312
382.0 80.55022358894348
383.0 78.5869300365448
384.0 76.4833927154541
385.0 74.17353987693787
386.0 71.70082330703735
387.0 68.51113438606262
388.0 65.24030566215515
389.0 61.285704374313354
390.0 57.317399978637695
391.0 53.063809871673584
392.0 48.59597980976105
393.0 44.64422166347504
394.0 41.32491052150726
395.0 37.93395161628723
396.0 34.49706435203552
397.0 29.94617521762848
398.0 24.670574069023132
399.0 18.09055060148239
400.0 11.808346211910248
401.0 6.807301938533783
402.0 3.1568922102451324
403.0 1.0920214466750622
404.0 0.35337992012500763
405.0 0.15045552281662822
406.0 0.08066928130574524
407.0 0.0672700407449156
408.0 0.021273842139635235
409.0 1.6025384144691124e-10
410.0 1.6025384144691124e-10
411.0 1.6025384144691124e-10
412.0 1.6025384144691124e-10
413.0 1.6025384144691124e-10
414.0 1.6025384144691124e-10
415.0 1.6025384144691124e-10
416.0 1.6025384144691124e-10
417.0 1.6025384144691124e-10
418.0 1.6025384144691124e-10
419.0 1.6025384144691124e-10
420.0 1.6025384144691124e-10
421.0 1.6025384144691124e-10
422.0 1.6025384144691124e-10
423.0 1.6025384144691124e-10
424.0 1.6025384144691124e-10
425.0 1.6025384144691124e-10
426.0 1.6025384144691124e-10
427.0 1.6025384144691124e-10
428.0 1.6025384144691124e-10
429.0 1.6025384144691124e-10
430.0 1.6025384144691124e-10
431.0 1.6025384144691124e-10
432.0 1.6025384144691124e-10
433.0 1.6025384144691124e-10
434.0 1.6025384144691124e-10
435.0 1.6025384144691124e-10
436.0 1.6025384144691124e-10
437.0 1.6025384144691124e-10
438.0 1.6025384144691124e-10
439.0 1.6025384144691124e-10
440.0 1.6025384144691124e-10
441.0 1.6025384144691124e-10
442.0 1.6025384144691124e-10
443.0 1.6025384144691124e-10
444.0 1.6025384144691124e-10
445.0 1.6025384144691124e-10
446.0 1.6025384144691124e-10
447.0 1.6025384144691124e-10
448.0 1.6025384144691124e-10
449.0 1.6025384144691124e-10
450.0 1.6025384144691124e-10
451.0 1.6025384144691124e-10
452.0 1.6025384144691124e-10
453.0 1.6025384144691124e-10
454.0 0.00025278411612816853
455.0 1.6025384144691124e-10
456.0 1.6025384144691124e-10
457.0 4.805141884389741e-05
458.0 0.0010622539775795303
459.0 0.0006630256393691525
460.0 0.0002637973693708773
461.0 1.6025384144691124e-10
462.0 1.6025384144691124e-10
463.0 1.6025384144691124e-10
464.0 0.0002866197974071838
465.0 1.6025384144691124e-10
466.0 1.6025384144691124e-10
467.0 1.6025384144691124e-10
468.0 1.6025384144691124e-10
469.0 1.6025384144691124e-10
470.0 1.6025384144691124e-10
471.0 1.6025384144691124e-10
472.0 1.6025384144691124e-10
473.0 1.6025384144691124e-10
474.0 1.6025384144691124e-10
475.0 1.6025384144691124e-10
476.0 1.6025384144691124e-10
477.0 1.6025384144691124e-10
478.0 1.6025384144691124e-10
479.0 1.6025384144691124e-10
480.0 0.00012192600706839585
481.0 7.59905901759339e-05
482.0 3.0055178967813845e-05
483.0 1.6025384144691124e-10
484.0 1.6025384144691124e-10
485.0 0.00021921352981735254
486.0 0.0005710155164706521
487.0 4.5593185404868564e-05
488.0 1.6025384144691124e-10
489.0 1.6025384144691124e-10
490.0 1.6025384144691124e-10
491.0 1.6025384144691124e-10
492.0 1.6025384144691124e-10
493.0 1.6025384144691124e-10
494.0 1.6025384144691124e-10
495.0 1.6025384144691124e-10
496.0 1.6025384144691124e-10
497.0 1.6025384144691124e-10
498.0 1.6025384144691124e-10
499.0 1.6025384144691124e-10
500.0 1.6025384144691124e-10
501.0 1.6025384144691124e-10
502.0 1.6025384144691124e-10
503.0 1.6025384144691124e-10
504.0 0.0002529228140701889
505.0 1.7791454354210146e-05
506.0 1.6025384144691124e-10
507.0 1.6025384144691124e-10
508.0 1.6025384144691124e-10
509.0 1.6025384144691124e-10
510.0 1.6025384144691124e-10
511.0 1.6025384144691124e-10
512.0 1.634584521070792e-05
513.0 1.6025384144691124e-10
514.0 1.6025384144691124e-10
515.0 6.185175038808666e-05
516.0 0.0001625867298571393
517.0 1.6025384144691124e-10
518.0 1.6025384144691124e-10
519.0 1.6025384144691124e-10
520.0 1.6025384144691124e-10
521.0 1.6025384144691124e-10
522.0 1.6025384144691124e-10
523.0 1.6025384144691124e-10
524.0 1.6025384144691124e-10
525.0 1.6025384144691124e-10
526.0 1.6025384144691124e-10
527.0 1.6025384144691124e-10
528.0 1.6025384144691124e-10
529.0 1.6025384144691124e-10
530.0 1.6025384144691124e-10
531.0 1.6025384144691124e-10
532.0 1.6025384144691124e-10
533.0 1.5786726237365656e-05
534.0 0.00039672577258897945
535.0 0.00012196020406918251
536.0 1.6025384144691124e-10
537.0 1.6025384144691124e-10
538.0 1.6025384144691124e-10
539.0 1.6025384144691124e-10
540.0 1.6025384144691124e-10
541.0 1.6025384144691124e-10
542.0 1.6025384144691124e-10
543.0 1.6025384144691124e-10
544.0 1.6025384144691124e-10
545.0 1.6025384144691124e-10
546.0 0.00018911058532466996
547.0 6.001618544360099e-05
548.0 1.6025384144691124e-10
549.0 1.6025384144691124e-10
550.0 2.4930906761255756e-05
551.0 1.6025384144691124e-10
552.0 1.6025384144691124e-10
553.0 1.6025384144691124e-10
554.0 1.6025384144691124e-10
555.0 1.6025384144691124e-10
556.0 0.0001416722511748958
557.0 1.6025384144691124e-10
558.0 1.6025384144691124e-10
559.0 1.6025384144691124e-10
560.0 1.6025384144691124e-10
561.0 2.654399509083305e-05
562.0 9.039717383529933e-05
563.0 0.00013973919976706384
564.0 0.00018908104948422988
565.0 4.0688643565545135e-06
566.0 1.6025384144691124e-10
567.0 1.6025384144691124e-10
568.0 1.6025384144691124e-10
569.0 3.4349815791756555e-05
570.0 0.00026828063255379675
571.0 0.00031270162708096905
572.0 0.00035712262160814134
573.0 0.0003049677616218105
574.0 0.00025281290163547965
575.0 0.00018326329609408276
576.0 0.0001137136791840021
577.0 0.0003001120148837799
578.0 0.0004865103164775064
579.0 0.0006526626293634763
580.0 0.0008188148967747111
581.0 0.0009073794899450149
582.0 0.000995944174064789
583.0 0.0010784824553411454
584.0 0.0011610204637690913
585.0 0.000935490334086353
586.0 0.0007099603408278199
587.0 0.0006243278221518267
588.0 0.0005386950761021581
589.0 0.0005834109742863802
590.0 0.0006281268724706024
591.0 0.0007727371666987892
592.0 0.0009173475518764462
593.0 0.0008000949492270593
594.0 0.0006828425284766126
595.0 0.0008894801794667728
596.0 0.0010961179214064032
597.0 0.00110526807475253
598.0 0.0011144178643007763
599.0 0.0013716635294258595
600.0 0.0016289090126520023
601.0 0.0019302273358334787
602.0 0.002231545659014955
603.0 0.0023274738850886934
604.0 0.0024234026568592526
605.0 0.002099859011650551
606.0 0.00177631554834079
607.0 0.0013005637811147608
608.0 0.0008248118319897912
609.0 0.0007776272468618117
610.0 0.0007304427526833024
611.0 0.0005606626018561656
612.0 0.00039088240555429365
613.0 0.0005850473371538101
614.0 0.0007792122232785914
615.0 0.0006807019417465199
616.0 0.000582191478315508
617.0 0.0005364244316297118
618.0 0.0004906573849439155
619.0 0.0005235415756033035
620.0 0.0005564257207879564
621.0 0.0005194949608267052
622.0 0.0004825640644412488
623.0 0.0004804703621630324
624.0 0.00047837652346061077
625.0 0.0005054423127148766
626.0 0.0005325081929186126
627.0 0.0006752927674824605
628.0 0.0008180774784705136
629.0 0.0009215845238941256
630.0 0.0010250915693177376
631.0 0.001333351701759966
632.0 0.0016416119251516648
633.0 0.0020319454051787034
634.0 0.002422278885205742
635.0 0.0026461517336429097
636.0 0.002870024400181137
637.0 0.002687148116820026
638.0 0.0025042718334589154
639.0 0.0022483196516986936
640.0 0.001992367469938472
641.0 0.0018349717720411718
642.0 0.0016775760741438717
643.0 0.0011350295608281158
644.0 0.0005924831839365652
645.0 0.0002716270500968676
646.0 1.6025384144691124e-10
647.0 1.6025384144691124e-10
648.0 1.6025384144691124e-10
649.0 0.00013671068472831394
650.0 0.00035407351788308006
651.0 0.0005983256869512843
652.0 0.0008425779014942236
653.0 0.0008635964150016662
654.0 0.0008846152013575193
655.0 0.0013532358025258873
656.0 0.0018218566765426658
657.0 0.002219519956270233
658.0 0.0026171830540988594
659.0 0.0029204142265371047
660.0 0.0032236450351774693
661.0 0.0031493575079366565
662.0 0.0030750692531000823
663.0 0.002795730506477412
664.0 0.0025163913960568607
665.0 0.002035419674939476
666.0 0.0015544479538220912
667.0 0.0014783496226300485
668.0 0.0014022512914380059
669.0 0.0011572571565920953
670.0 0.0009122631126956549
671.0 0.0006445382041420089
672.0 0.00037681329558836296
673.0 0.000463454261989682
674.0 0.0005500954557646764
675.0 0.0006621182819799287
676.0 0.0007741409717709757
677.0 0.0010006910997617524
678.0 0.001227241227752529
679.0 0.0018763161278911866
680.0 0.002525391028029844
681.0 0.0036284502130001783
682.0 0.0047315093979705125
683.0 0.006180227501317859
684.0 0.0076289448770694435
685.0 0.00842145600472577
686.0 0.009213967859977856
687.0 0.008656208956381306
688.0 0.00809845223557204
689.0 0.007154800550779328
690.0 0.006211150321178138
691.0 0.005187028364161961
692.0 0.004162907134741545
693.0 0.0033523014280945063
694.0 0.002541695357649587
695.0 0.0019405530110816471
696.0 0.0013394108464126475
697.0 0.0011989471204287838
698.0 0.0010584833944449201
699.0 0.0008594132850703318
700.0 0.0006603431302210083
701.0 0.0007999613444553688
702.0 0.0009395796041644644
703.0 0.0007498605555156246
704.0 0.0005601414613920497
705.0 0.0006747946372342994
706.0 0.0007894479495007545
707.0 0.0008629474905319512
708.0 0.0009364470315631479
709.0 0.0009069044608622789
710.0 0.0008773619811108802
711.0 0.0008502838682034053
712.0 0.0008232056643464603
713.0 0.000779530091676861
714.0 0.0007358547009062022
715.0 0.000653480674372986
716.0 0.0005711066478397697
717.0 0.0005967443939880468
718.0 0.0006223820037121186
719.0 0.000612496387475403
720.0 0.0006026109531376278
721.0 0.00038352991396095604
722.0 0.00016444889752165182
723.0 0.00020701695575553458
724.0 0.0002495849912520498
725.0 0.0002447148062856286
726.0 0.00023984462131920736
727.0 0.00011198586662430898
728.0 1.6025384144691124e-10
729.0 1.6025384144691124e-10
730.0 1.6025384144691124e-10
731.0 0.00010499270501895808
732.0 0.00021749526695202803
733.0 0.0003227290790164261
734.0 0.00042796291381819174
735.0 0.0004955680651619332
736.0 0.0005631731255562045
737.0 0.0004813495706912363
738.0 0.00039952597035153303
739.0 0.00041094431253441144
740.0 0.00042236274566676
741.0 0.0008862435606715735
742.0 0.001350124421151122
743.0 0.0018600903786136769
744.0 0.002370056427025702
745.0 0.002894125645980239
746.0 0.0034181946830358356
747.0 0.003462155655142851
748.0 0.0035061166272498667
749.0 0.0036096913390792906
750.0 0.0037132660509087145
751.0 0.0036470522900344804
752.0 0.0035808381653623655
753.0 0.003344397191540338
754.0 0.0031079554901225492
755.0 0.002967849468404893
756.0 0.002827743810485117
757.0 0.002437552757328376
758.0 0.002047361704171635
759.0 0.0016837344446685165
760.0 0.0013201074580138084
761.0 0.0010549059879849665
762.0 0.0007897046089055948
763.0 0.0005810346010548528
764.0 0.0003723648205777863
765.0 0.0003151046939819935
766.0 0.00025784445369936293
767.0 0.000392602123611141
768.0 0.0005273598162602866
769.0 0.0005601945758826332
770.0 0.0005930293355049798
771.0 0.0006256987489905441
772.0 0.0006583681170013733
773.0 0.0007631952939846087
774.0 0.0008680221981194336
775.0 0.0007976814231369644
776.0 0.0007273407845787005
777.0 0.0007071232175803743
778.0 0.0006869057415315183
779.0 0.0008288794560940005
780.0 0.0009708531251817476
781.0 0.0011814704521384556
782.0 0.001392087506246753
783.0 0.0010923727131739724
784.0 0.0007926581020001322
785.0 0.0011040739991585724
786.0 0.0014154898963170126
787.0 0.0011323088983772323
788.0 0.0008491279913869221
789.0 0.0008838400390231982
790.0 0.0009185520866594743
791.0 0.0008121587597997859
792.0 0.0007057653874653624
793.0 0.0007651189662283286
794.0 0.0008244724995165598
795.0 0.0007458992058673175
796.0 0.0006673259122180752
797.0 0.00043414506762928795
798.0 0.0002009642912526033
799.0 0.000232315028370067
800.0 0.00026366587917436846
801.0 6.084884489609976e-05
802.0 1.6025384144691124e-10
803.0 1.6025384144691124e-10
804.0 3.5548109167393704e-05
805.0 1.6025384144691124e-10
806.0 1.6025384144691124e-10
807.0 0.0001079549292626325
808.0 0.0003319569941595546
809.0 0.0002291735199833056
810.0 0.0001263900003323215
811.0 0.00014213978829502594
812.0 0.00015788958762641414
813.0 9.259752573598234e-05
814.0 2.7305478056405263e-05
815.0 0.00019479980437608901
816.0 0.000362294167643995
817.0 0.000296290522783238
818.0 0.00023028694613458356
819.0 0.00022309495761874132
820.0 0.000215902923628164
821.0 6.935172223165864e-05
822.0 1.6025384144691124e-10
823.0 0.0001308597006755008
824.0 0.00033891906241478864
825.0 0.00029717316465394106
826.0 0.0002554272668930935
827.0 1.5628312155513413e-05
828.0 1.6025384144691124e-10
829.0 1.6025384144691124e-10
830.0 1.6025384144691124e-10
831.0 1.6025384144691124e-10
832.0 3.945967819163343e-05
833.0 0.00013297418490765267
834.0 0.00022648866888630437
835.0 0.00018871630800276762
836.0 0.00015094387890712824
837.0 4.445529810936932e-06
838.0 1.6025384144691124e-10
839.0 1.6025384144691124e-10
840.0 1.1136631883346126e-05
841.0 1.6025384144691124e-10
842.0 1.6025384144691124e-10
843.0 1.6025384144691124e-10
844.0 1.6025384144691124e-10
845.0 1.6025384144691124e-10
846.0 0.00016361932466679718
847.0 4.5062986941957206e-05
848.0 1.6025384144691124e-10
849.0 1.6739306829549605e-05
850.0 0.00010697198149500764
851.0 7.749591190986393e-05
852.0 4.801978548130137e-05
853.0 5.4104413038658095e-05
854.0 6.0189222494955175e-05
855.0 0.00022736639948561788
856.0 0.00039454375837522093
857.0 0.0004968421762896469
858.0 0.0005991405942040728
859.0 0.0007151419595174957
860.0 0.0008311432793561835
861.0 0.000823234768176917
862.0 0.0008153264388965908
863.0 0.0010688366273825523
864.0 0.0013223470887169242
865.0 0.0011328133041388355
866.0 0.0009432795195607468
867.0 0.0013904547813581303
868.0 0.001837629679357633
869.0 0.001774982774804812
870.0 0.0017123358702519909
871.0 0.0018523529433878139
872.0 0.001992370016523637
873.0 0.0023588472686242312
874.0 0.002725324702623766
