lsstCam/transmission_filter_detector/r24_s00/z_20/19700101T000000.ecsv
# %ECSV 1.0
# ---
# datatype:
# - {name: wavelength, unit: nm, datatype: float32}
# - {name: efficiency, unit: '%', datatype: float64}
# meta: !!omap
# - {MODE: DETECTOR}
# - {TYPE: transmission_filter_detector}
# - {CALIBDATE: '1970-01-01T00:00:00'}
# - {INSTRUME: LSSTCam}
# - {OBSTYPE: transmission_filter_detector}
# - {CALIBCLS: lsst.ip.isr.IntermediateFilterDetectorTransmissionCurve}
# - {SOURCE: Materion (DM-46256)}
# - {DETECTOR: 108}
# - {FILTER: z_20}
# - {CALIB_ID: 'calibDate=1970-01-01T00:00:00 filter=z_20 detector=108'}
# - {DATE: '2025-04-02T15:59:49.139444'}
# - {CALIB_CREATION_DATE: '2025-04-02'}
# - {CALIB_CREATION_TIME: '15:59:49'}
# - __serialized_columns__:
#     efficiency:
#       __class__: astropy.units.quantity.Quantity
#       unit: !astropy.units.Unit {unit: '%'}
#       value: !astropy.table.SerializedColumn {name: efficiency}
#     wavelength:
#       __class__: astropy.units.quantity.Quantity
#       unit: !astropy.units.Unit {unit: nm}
#       value: !astropy.table.SerializedColumn {name: wavelength}
# schema: astropy-2.0
wavelength efficiency
[from data line 597]
897.0 99.35242533683777
898.0 98.74522686004639
899.0 98.61196279525757
900.0 98.88805150985718
901.0 99.50973987579346
902.0 99.233478307724
903.0 98.61616492271423
904.0 97.7548599243164
905.0 98.38817715644836
906.0 98.1060266494751
907.0 98.54466319084167
908.0 98.25059175491333
909.0 98.10956120491028
910.0 98.4071135520935
911.0 97.01325297355652
912.0 95.87991833686829
913.0 94.76743936538696
914.0 92.44727492332458
915.0 90.11150598526001
916.0 87.87025809288025
917.0 86.63941025733948
918.0 82.85762667655945
919.0 81.82045817375183
920.0 78.7773847579956
921.0 75.08054971694946
922.0 70.43597102165222
923.0 64.85639214515686
924.0 59.25014615058899
925.0 53.78585457801819
926.0 47.58388102054596
927.0 40.67700505256653
928.0 34.895482659339905
929.0 28.464600443840027
930.0 23.04341495037079
931.0 17.96882450580597
932.0 12.665596604347229
933.0 8.334845304489136
934.0 5.492299422621727
935.0 3.3673472702503204
936.0 1.8869727849960327
937.0 1.232566311955452
938.0 0.533332722261548
939.0 0.47357017174363136
940.0 0.24184356443583965
941.0 0.2506512450054288
942.0 0.13272283831611276
943.0 0.017165779718197882
944.0 1.6032320870190686e-10
945.0 0.021547389042098075
946.0 0.054234417621046305
947.0 1.6032320870190686e-10
948.0 1.6032320870190686e-10
949.0 0.1709724892862141
950.0 1.6032320870190686e-10
951.0 0.024641375057399273
952.0 0.04385856445878744
953.0 1.6032320870190686e-10
954.0 1.6032320870190686e-10
955.0 1.6032320870190686e-10
956.0 1.6032320870190686e-10
957.0 1.6032320870190686e-10
958.0 1.6032320870190686e-10
959.0 1.6032320870190686e-10
960.0 1.6032320870190686e-10
961.0 0.004772698594024405
962.0 1.6032320870190686e-10
963.0 1.6032320870190686e-10
964.0 1.6032320870190686e-10
965.0 1.6032320870190686e-10
966.0 1.6032320870190686e-10
967.0 0.0674867071211338
968.0 1.6032320870190686e-10
969.0 0.019061243801843375
970.0 1.6032320870190686e-10
971.0 0.031978540937416255
972.0 1.6032320870190686e-10
973.0 1.6032320870190686e-10
974.0 0.00248862288572127
975.0 1.6032320870190686e-10
976.0 0.006370173650793731
977.0 0.0063331841374747455
978.0 0.006296196079347283
979.0 0.006089459202485159
980.0 0.005882720870431513
981.0 0.005712237907573581
982.0 0.00554175530851353
983.0 0.005475709258462302
984.0 0.005409663208411075
985.0 0.005221510218689218
986.0 0.0050333565013716
987.0 0.004997733776690438
988.0 0.004962111415807158
989.0 0.004906470712739974
990.0 0.0048508303734706715
991.0 0.004935308243148029
992.0 0.0050197857490275055
993.0 0.00492971703351941
994.0 0.004839647590415552
995.0 0.004755720510729589
996.0 0.004671793431043625
997.0 0.0044671214709524065
998.0 0.004262449874659069
999.0 0.004261908543412574
1000.0 0.004261366848368198
1001.0 0.0043943691707681865
1002.0 0.004527371493168175
1003.0 0.004461634671315551
1004.0 0.004395898213260807
1005.0 0.004341097883298062
1006.0 0.004286297189537436
1007.0 0.004248999175615609
1008.0 0.004211701161693782
1009.0 0.004303673267713748
1010.0 0.004395644646137953
1011.0 0.004458546754904091
1012.0 0.00452144886367023
1013.0 0.0044120330130681396
1014.0 0.004302617162466049
1015.0 0.004431248817127198
1016.0 0.004559880107990466
1017.0 0.004740975418826565
1018.0 0.0049220703658647835
1019.0 0.004725672988570295
1020.0 0.004529275611275807
1021.0 0.0046321329136844724
1022.0 0.004734990216093138
1023.0 0.004633681965060532
1024.0 0.004532373714027926
1025.0 0.0046911303797969595
1026.0 0.004849887045565993
1027.0 0.004813068881048821
1028.0 0.004776250716531649
1029.0 0.004743853423860855
1030.0 0.004711456494987942
1031.0 0.004857644671574235
1032.0 0.005003832848160528
1033.0 0.005033625348005444
1034.0 0.005063418211648241
1035.0 0.005216323188506067
1036.0 0.005369228529161774
1037.0 0.005480910476762801
1038.0 0.005592592424363829
1039.0 0.005495074219652452
1040.0 0.005397556014941074
1041.0 0.0056321492593269795
1042.0 0.005866742867510766
1043.0 0.0055150023399619386
1044.0 0.005163261812413111
1045.0 0.005721917113987729
1046.0 0.006280572415562347
1047.0 0.006114599818829447
1048.0 0.0059486272220965475
1049.0 0.006110560934757814
1050.0 0.006272493919823319
1051.0 0.006450011278502643
1052.0 0.006627529364777729
1053.0 0.006771017069695517
1054.0 0.006914505502209067
1055.0 0.0075826726970262825
1056.0 0.00825084134703502
1057.0 0.007852911949157715
1058.0 0.0074549832788761705
1059.0 0.007550982263637707
1060.0 0.00764697979320772
1061.0 0.00846107504912652
1062.0 0.009275170305045322
1063.0 0.009142711496679112
1064.0 0.009010251960717142
1065.0 0.009223800589097664
1066.0 0.009437352855456993
1067.0 0.009596043673809618
1068.0 0.009754735947353765
1069.0 0.0104248829302378
1070.0 0.011095029913121834
1071.0 0.010670813935576007
1072.0 0.01024659868562594
1073.0 0.010710386413848028
1074.0 0.011174174142070115
1075.0 0.011618636199273169
1076.0 0.012063102622050792
1077.0 0.012072647223249078
1078.0 0.01208219036925584
1079.0 0.01314970722887665
1080.0 0.014217225543688983
1081.0 0.01412787678418681
1082.0 0.01403852947987616
1083.0 0.013922936341259629
1084.0 0.01380734465783462
1085.0 0.014622595335822552
1086.0 0.015437847469002008
1087.0 0.015448502381332219
1088.0 0.015459157293662429
1089.0 0.01637730747461319
1090.0 0.017295454745180905
1091.0 0.017385397222824395
1092.0 0.01747533679008484
1093.0 0.017604984168428928
1094.0 0.017734630091581494
1095.0 0.018790850299410522
1096.0 0.019847071962431073
1097.0 0.01998770167119801
1098.0 0.020128334290347993
1099.0 0.02198514121118933
1100.0 0.02384194522164762
1101.0 0.02393795584794134
1102.0 0.024033966474235058
1103.0 0.025177118368446827
1104.0 0.02632026735227555
1105.0 0.02681546611711383
1106.0 0.027310667792335153
1107.0 0.02809818834066391
1108.0 0.028885708888992667
1109.0 0.03005936450790614
1110.0 0.031233017216436565
1111.0 0.030923375743441284
1112.0 0.030613731360062957
1113.0 0.032245065085589886
1114.0 0.033876404631882906
1115.0 0.03352124767843634
1116.0 0.03316609363537282
1117.0 0.034068955574184656
1118.0 0.03497182042337954
1119.0 0.03879445721395314
1120.0 0.04261709109414369
1121.0 0.043497057049535215
1122.0 0.04437702882569283
1123.0 0.04377164877951145
1124.0 0.04316626873333007
1125.0 0.044118077494204044
1126.0 0.04506988916546106
1127.0 0.04856003797613084
1128.0 0.05205018678680062
1129.0 0.05439970991574228
1130.0 0.056749238865450025
1131.0 0.05821510567329824
1132.0 0.05968096666038036
1133.0 0.06278356304392219
1134.0 0.0658861652482301
1135.0 0.06482911412604153
1136.0 0.06377206300385296
1137.0 0.07046465179882944
1138.0 0.077157246414572
1139.0 0.08014161721803248
1140.0 0.08312597055919468
1141.0 0.0934129289817065
1142.0 0.10369988158345222
1143.0 0.12773021589964628
1144.0 0.1517605152912438
1145.0 0.30044864397495985
1146.0 0.4491368308663368
1147.0 0.959209818392992
1148.0 1.4692828059196472
1149.0 1.664530485868454
1150.0 1.8597792834043503
