lsstCam/transmission_filter_detector/r24_s00/z_20/19700101T000000.ecsv
# %ECSV 1.0
# ---
# datatype:
# - {name: wavelength, unit: nm, datatype: float32}
# - {name: efficiency, unit: '%', datatype: float64}
# meta: !!omap
# - {MODE: DETECTOR}
# - {TYPE: transmission_filter_detector}
# - {CALIBDATE: '1970-01-01T00:00:00'}
# - {INSTRUME: LSSTCam}
# - {OBSTYPE: transmission_filter_detector}
# - {CALIBCLS: lsst.ip.isr.IntermediateFilterDetectorTransmissionCurve}
# - {SOURCE: Materion (DM-46256)}
# - {DETECTOR: 108}
# - {FILTER: z_20}
# - {CALIB_ID: 'calibDate=1970-01-01T00:00:00 filter=z_20 detector=108'}
# - {DATE: '2025-04-02T15:59:49.139444'}
# - {CALIB_CREATION_DATE: '2025-04-02'}
# - {CALIB_CREATION_TIME: '15:59:49'}
# - __serialized_columns__:
#     efficiency:
#       __class__: astropy.units.quantity.Quantity
#       unit: !astropy.units.Unit {unit: '%'}
#       value: !astropy.table.SerializedColumn {name: efficiency}
#     wavelength:
#       __class__: astropy.units.quantity.Quantity
#       unit: !astropy.units.Unit {unit: nm}
#       value: !astropy.table.SerializedColumn {name: wavelength}
# schema: astropy-2.0
wavelength efficiency
300.0 0.7416257169097662
301.0 0.5210558883845806
302.0 0.30048610642552376
303.0 0.2808519871905446
304.0 0.2612178446725011
305.0 0.22445488721132278
306.0 0.18769192975014448
307.0 0.170366617385298
308.0 0.15304130502045155
309.0 0.14116658130660653
310.0 0.1292918692342937
311.0 0.12401010608300567
312.0 0.118728366214782
313.0 0.10787170613184571
314.0 0.09701505769044161
315.0 0.09080902091227472
316.0 0.08460298995487392
317.0 0.07530399016104639
318.0 0.06600499618798494
319.0 0.06708340952172875
320.0 0.06816182285547256
321.0 0.06499137380160391
322.0 0.06182092474773526
323.0 0.055573415011167526
324.0 0.04932590527459979
325.0 0.04476976173464209
326.0 0.040213618194684386
327.0 0.039621631731279194
328.0 0.039029645267874
329.0 0.03569418040569872
330.0 0.032358718453906476
331.0 0.028991035651415586
332.0 0.025623352848924696
333.0 0.024538466823287308
334.0 0.02345358079764992
335.0 0.022393582912627608
336.0 0.021333583572413772
337.0 0.02389869769103825
338.0 0.026463804533705115
339.0 0.02341415238333866
340.0 0.02036450314335525
341.0 0.01815701834857464
342.0 0.015949536464177072
343.0 0.014735244621988386
344.0 0.013520954234991223
345.0 0.013299468264449388
346.0 0.01307798083871603
347.0 0.01215113588841632
348.0 0.011224292393308133
349.0 0.013033385039307177
350.0 0.014842479140497744
351.0 0.013055239105597138
352.0 0.01126799761550501
353.0 0.012015160609735176
354.0 0.012762323603965342
355.0 0.010825842764461413
356.0 0.008889361924957484
357.0 0.009633097215555608
358.0 0.010376833961345255
359.0 0.010090231080539525
360.0 0.009803628199733794
361.0 0.009004447201732546
362.0 0.008205269114114344
363.0 0.008798456110525876
364.0 0.009391643106937408
365.0 0.00943539198487997
366.0 0.009479143045609817
367.0 0.008734702714718878
368.0 0.00799026238382794
369.0 0.00831788347568363
370.0 0.00864550456753932
371.0 0.008247335063060746
372.0 0.00784916483098641
373.0 0.0069574525696225464
374.0 0.006065741763450205
375.0 0.006288979056989774
376.0 0.006512216350529343
377.0 0.006866761395940557
378.0 0.007221306441351771
379.0 0.006166246748762205
380.0 0.005111186692374758
381.0 0.0037399575376184657
382.0 0.0023687285647611134
383.0 0.0039018985262373462
384.0 0.0054350686696125194
385.0 0.005116276952321641
386.0 0.004797485962626524
387.0 0.00553228564967867
388.0 0.006267086428124458
389.0 0.005522853462025523
390.0 0.004778621587320231
391.0 0.0044953718315809965
392.0 0.004212122075841762
393.0 0.004697121767094359
394.0 0.005182121822144836
395.0 0.004324730980442837
396.0 0.003467339774942957
397.0 0.0036361270758789033
398.0 0.0038049143768148497
399.0 0.003924643533537164
400.0 0.00404437305405736
401.0 0.004382601400720887
402.0 0.004720829747384414
403.0 0.004781149254995398
404.0 0.004841468762606382
405.0 0.004241539863869548
406.0 0.0036416109651327133
407.0 0.002410838715150021
408.0 0.00118006710181362
409.0 0.0023359976694337092
410.0 0.003491928509902209
411.0 0.004098164936294779
412.0 0.004704400998889469
413.0 0.004310165240895003
414.0 0.003915929119102657
415.0 0.0033364834962412715
416.0 0.002757038237177767
417.0 0.0035359524190425873
418.0 0.004314866964705288
419.0 0.003908970393240452
420.0 0.003503074185573496
421.0 0.003662083690869622
422.0 0.0038210939237615094
423.0 0.0036304802051745355
424.0 0.003439867577981204
425.0 0.002578861494839657
426.0 0.0017178555935970508
427.0 0.0020427793060662225
428.0 0.002367702836636454
429.0 0.0018540826204116456
430.0 0.0013404630408331286
431.0 0.001003123998088995
432.0 0.0006657848643953912
433.0 0.0007840976650186349
434.0 0.0009024107384902891
435.0 0.0013649526408698875
436.0 0.0018274946341989562
437.0 0.0018323384210816585
438.0 0.0018371822079643607
439.0 0.0020455059711821377
440.0 0.002253829916298855
441.0 0.0018288845240022056
442.0 0.0014039393136044964
443.0 0.0022284164515440352
444.0 0.003052893589483574
445.0 0.0031602088711224496
446.0 0.0032675241527613252
447.0 0.0025054318030015565
448.0 0.0017433394532417879
449.0 0.002354109165025875
450.0 0.002964879422506783
451.0 0.0023871756638982333
452.0 0.0018094715414918028
453.0 0.001769898517522961
454.0 0.0017303256754530594
455.0 0.0023289991077035666
456.0 0.002927672721853014
457.0 0.0021423826183308847
458.0 0.001357092787657166
459.0 0.001423008507117629
460.0 0.0014889243175275624
461.0 0.0009727197721076664
462.0 0.00045651509026356507
463.0 0.0012462231097742915
464.0 0.0020359313566586934
465.0 0.002095576928695664
466.0 0.0021552226826315746
467.0 0.0019684141079778783
468.0 0.001781604987627361
469.0 0.0015444349628523923
470.0 0.0013072649380774237
471.0 0.0013345492334337905
472.0 0.0013618336197396275
473.0 0.0013751303413300775
474.0 0.0013884268810215872
475.0 0.0011476054169179406
476.0 0.0009067838618648238
477.0 0.0011500769687700085
478.0 0.0013933698937762529
479.0 0.0018254473616252653
480.0 0.002257524829474278
481.0 0.001700499160506297
482.0 0.0011434736734372564
483.0 0.0008927067938202526
484.0 0.0006419400051527191
485.0 0.0010336953891965095
486.0 0.0014254505913413595
487.0 0.0012787447303708177
488.0 0.0011320387784508057
489.0 0.0017355903764837421
490.0 0.0023391419745166786
491.0 0.002227458571724128
492.0 0.002115774987032637
493.0 0.0020970255718566477
494.0 0.002078276520478539
495.0 0.0016745785615057684
496.0 0.0012708806025329977
497.0 0.0012110021998523735
498.0 0.0011511239790706895
499.0 0.0012077855899406131
500.0 0.001264447291760007
501.0 0.0008819579306873493
502.0 0.0004994684331904864
503.0 0.001147094735642895
504.0 0.0017947209926205687
505.0 0.0020022562239319086
506.0 0.002209791637142189
507.0 0.002095139461744111
508.0 0.001980487104447093
509.0 0.0017565473171998747
510.0 0.0015326077118515968
511.0 0.0012601150046975818
512.0 0.0009876222065940965
513.0 0.0013566113011620473
514.0 0.0017256006685784087
515.0 0.0012846797289967071
516.0 0.0008437592441623565
517.0 0.0010034622391685843
518.0 0.001163165143225342
519.0 0.0012023922863590997
520.0 0.0012416191566444468
521.0 0.0016698468243703246
522.0 0.002098074219247792
523.0 0.0014478378034255002
524.0 0.0007976012057042681
525.0 0.0007508706403314136
526.0 0.0007041401204332942
527.0 0.0010530075996939559
528.0 0.0014018751244293526
529.0 0.001211486778629478
530.0 0.0010210980690317228
531.0 0.0011752256796171423
532.0 0.0013293531083036214
533.0 0.0008420529411523603
534.0 0.00035475281947583426
535.0 0.0009564559150021523
536.0 0.0015581590560032055
537.0 0.0016563937606406398
538.0 0.0017546286471770145
539.0 0.0013126744306646287
540.0 0.0008707197594048921
541.0 0.0009411834071215708
542.0 0.0010116472367371898
543.0 0.0012796471310139168
544.0 0.0015476469343411736
545.0 0.0010855202162929345
546.0 0.0006233936801436357
547.0 0.0012103546396247111
548.0 0.0017973154172068462
549.0 0.0015657149560865946
550.0 0.0013341141311684623
551.0 0.0014632210877607577
552.0 0.0015923276805551723
553.0 0.0015292196621885523
554.0 0.0014661110981251113
555.0 0.0011477250154712237
556.0 0.0008293387509183958
557.0 0.0012898607565148268
558.0 0.0017503825802123174
559.0 0.0016816789866425097
560.0 0.0016129750292748213
561.0 0.001491197144787293
562.0 0.0013694191693502944
563.0 0.001102440910472069
564.0 0.0008354625606443733
565.0 0.001478839294577483
566.0 0.0021222162104095332
567.0 0.0024841217964421958
568.0 0.0028460270186769776
569.0 0.0026936790163745172
570.0 0.002541331014072057
571.0 0.002502103234292008
572.0 0.002462874908815138
573.0 0.0019651075490401126
574.0 0.0014673403711640276
575.0 0.0019665285435621627
576.0 0.0024657167159602977
577.0 0.0020998011677875184
578.0 0.00173388616531156
579.0 0.0017896662029670551
580.0 0.00184544605872361
581.0 0.0016974112440948375
582.0 0.0015493762475671247
583.0 0.0019960152712883428
584.0 0.0024426541131106205
585.0 0.0025427127184229903
586.0 0.0026427715056343004
587.0 0.0020504603526205756
588.0 0.0014581487448594999
589.0 0.0020366891476442106
590.0 0.002615229459479451
591.0 0.0019903625798178837
592.0 0.0013654952454089653
593.0 0.0010751654372143093
594.0 0.0007848355380701832
595.0 0.0011621024896157905
596.0 0.0015393694411613978
597.0 0.0013022452549193986
598.0 0.0010651211596268695
599.0 0.0008784541932982393
600.0 0.0006917874543432845
601.0 0.0006221466264832998
602.0 0.0005525057076738449
603.0 0.0010131533599633258
604.0 0.0014738006029801909
605.0 0.0010737123375292867
606.0 0.0006736238447047072
607.0 0.0008440918463747948
608.0 0.0010145598935196176
609.0 0.001139190044341376
610.0 0.001263819922314724
611.0 0.0009326157851319294
612.0 0.0006014114660501946
613.0 0.0006049789590178989
614.0 0.0006085464065108681
615.0 0.0010240952178719454
616.0 0.0014396439837582875
617.0 0.001952009552042
618.0 0.0024643752112751827
619.0 0.0021174608264118433
620.0 0.0017705460777506232
621.0 0.0016704065274097957
622.0 0.0015702667951700278
623.0 0.001597461050550919
624.0 0.0016246554878307506
625.0 0.0015681680451962166
626.0 0.001511680875410093
627.0 0.0018326481949770823
628.0 0.002153616151190363
629.0 0.002080122067127377
630.0 0.002006628164963331
631.0 0.001958149005076848
632.0 0.0019096694813924842
633.0 0.0021381738406489603
634.0 0.0023666781999054365
635.0 0.005325874371919781
636.0 0.008285070362035185
637.0 0.015523639740422368
638.0 0.02276220911880955
639.0 0.020111666526645422
640.0 0.017461123934481293
641.0 0.014942536654416472
642.0 0.012423953739926219
643.0 0.00985906517598778
644.0 0.0072941787948366255
645.0 0.006739900709362701
646.0 0.006185622623888776
647.0 0.0058335943322163075
648.0 0.005481566040543839
649.0 0.004288604395696893
650.0 0.0030956434784457088
651.0 0.0035354940337128937
652.0 0.003975344588980079
653.0 0.003207190820830874
654.0 0.00243903723458061
655.0 0.0026002620870713145
656.0 0.0027614873033598997
657.0 0.0027869982659467496
658.0 0.0028125086828367785
659.0 0.0025569956051185727
660.0 0.0023014827092993073
661.0 0.002480460716469679
662.0 0.0026594387236400507
663.0 0.002008891533478163
664.0 0.0013583444342657458
665.0 0.0017001584637910128
666.0 0.00204197258426575
667.0 0.002337483601877466
668.0 0.0026329944375902414
669.0 0.0019039547623833641
670.0 0.0011749150871764868
671.0 0.0009716915883473121
672.0 0.0007684680895181373
673.0 0.001323262131336378
674.0 0.001878056355053559
675.0 0.0019014358258573338
676.0 0.0019248152966611087
677.0 0.001894923479994759
678.0 0.0018650312995305285
679.0 0.0014718702004756778
680.0 0.001078709010471357
681.0 0.001170203358924482
682.0 0.0012616976164281368
683.0 0.002299084735568613
684.0 0.003336471854709089
685.0 0.0028341903089312837
686.0 0.0023319093088502996
687.0 0.0017450964151066728
688.0 0.0011582832485146355
689.0 0.0014718552847625688
690.0 0.0017854270481620915
691.0 0.0021212736101006158
692.0 0.0024571199901401997
693.0 0.0028472433768911287
694.0 0.0032373671274399385
695.0 0.00324461652780883
696.0 0.003251865928177722
697.0 0.003512538387440145
698.0 0.003773211210500449
699.0 0.005481086918734945
700.0 0.007188962626969442
701.0 0.007116216147551313
702.0 0.007043470395728946
703.0 0.0062616702052764595
704.0 0.0054798696510260925
705.0 0.00488567202410195
706.0 0.004291475124773569
707.0 0.004008449832326733
708.0 0.003725424176082015
709.0 0.004003260255558416
710.0 0.004281095971236937
711.0 0.003979527537012473
712.0 0.0036779594665858895
713.0 0.0028148495403002016
714.0 0.0019517397959134541
715.0 0.0022672864361084066
716.0 0.002582833076303359
717.0 0.002367831075389404
718.0 0.0021528285287786275
719.0 0.001695384162303526
720.0 0.0012379395229800139
721.0 0.0011195007573405746
722.0 0.0010010616279032547
723.0 0.0009201764441968407
724.0 0.0008392912604904268
725.0 0.0012392843927955255
726.0 0.0016392777979490347
727.0 0.001618843998585362
728.0 0.0015984098354238085
729.0 0.001571144093759358
730.0 0.0015438783520949073
731.0 0.0013589809896075167
732.0 0.001174083627120126
733.0 0.0012451268048607744
734.0 0.0013161699826014228
735.0 0.0011570960850804113
736.0 0.0009980217328120489
737.0 0.0011474591701698955
738.0 0.0012968963346793316
739.0 0.0013006763765588403
740.0 0.0013044561455899384
741.0 0.0012638285625143908
742.0 0.001223200888489373
743.0 0.001644509393372573
744.0 0.002065817898255773
745.0 0.0014909239325788803
746.0 0.0009160298759525176
747.0 0.0012630344826902729
748.0 0.001610038998478558
749.0 0.0022893942514201626
750.0 0.0029687496862607077
751.0 0.00299713465210516
752.0 0.0030255196179496124
753.0 0.0028945798476343043
754.0 0.002763639895420056
755.0 0.0019727376638911664
756.0 0.0011818353414128069
757.0 0.002042142477876041
758.0 0.0029024497052887455
759.0 0.0028389846193022095
760.0 0.0027755191695177928
761.0 0.004394043571664952
762.0 0.00601256761001423
763.0 0.005658651571138762
764.0 0.0053047348046675324
765.0 0.005238650555838831
766.0 0.005172565943212248
767.0 0.004480791176320054
768.0 0.003789016409427859
769.0 0.003559458491508849
770.0 0.0033299009373877198
771.0 0.003941627437598072
772.0 0.0045533535740105435
773.0 0.0039030313928378746
774.0 0.0032527092116652057
775.0 0.03625094541348517
776.0 1.6032320870190686e-10
777.0 1.6032320870190686e-10
778.0 0.08618784486316144
779.0 0.12610118137672544
780.0 0.1090945559553802
781.0 0.0830370292533189
782.0 1.6032320870190686e-10
783.0 0.014266151993069798
784.0 1.6032320870190686e-10
785.0 0.07637300295755267
786.0 0.04034422745462507
787.0 0.06106609362177551
788.0 0.03532148839440197
789.0 1.6032320870190686e-10
790.0 0.0903795356862247
791.0 0.1978499349206686
792.0 0.09767038282006979
793.0 0.16875799046829343
794.0 1.6032320870190686e-10
795.0 0.03600642376113683
796.0 0.049643689999356866
797.0 0.14321330236271024
798.0 0.18606589874252677
799.0 0.1973678357899189
800.0 0.17792629078030586
801.0 0.4371930379420519
802.0 0.7082650437951088
803.0 1.1321116238832474
804.0 1.953493244946003
805.0 2.952248975634575
806.0 4.56252284348011
807.0 6.424257159233093
808.0 8.702142536640167
809.0 11.34573444724083
810.0 14.700670540332794
811.0 17.971746623516083
812.0 21.0735946893692
813.0 24.01837408542633
814.0 27.09885835647583
815.0 31.470483541488647
816.0 36.502447724342346
817.0 42.37848222255707
818.0 48.09940159320831
819.0 54.12583351135254
820.0 61.993563175201416
821.0 69.47289109230042
822.0 75.78797936439514
823.0 80.89732527732849
824.0 85.97730994224548
825.0 90.71705937385559
826.0 93.74154210090637
827.0 96.12645506858826
828.0 98.38197231292725
829.0 98.83086085319519
830.0 98.86008501052856
831.0 99.32180643081665
832.0 98.60860109329224
833.0 99.65813159942627
834.0 98.4046995639801
835.0 99.32682514190674
836.0 99.2794394493103
837.0 98.91709685325623
838.0 98.23803901672363
839.0 98.28627705574036
840.0 99.06102418899536
841.0 99.56510066986084
842.0 99.57002401351929
843.0 99.44944977760315
844.0 98.26704263687134
845.0 98.80865216255188
846.0 98.89828562736511
847.0 98.85808825492859
848.0 99.97762441635132
849.0 98.44446778297424
850.0 98.43395352363586
851.0 98.94161224365234
852.0 99.31309223175049
853.0 98.90462160110474
854.0 99.58209991455078
855.0 98.7199604511261
856.0 98.87503385543823
857.0 97.92420864105225
858.0 98.90271425247192
859.0 99.58006739616394
860.0 98.84174466133118
861.0 99.07616376876831
862.0 98.83027076721191
863.0 98.33737015724182
864.0 99.48027729988098
865.0 99.75208044052124
866.0 98.62186312675476
867.0 99.39340353012085
868.0 99.6042251586914
869.0 99.05563592910767
870.0 98.43883514404297
871.0 98.87225031852722
872.0 99.1422176361084
873.0 98.86337518692017
874.0 99.61063265800476
875.0 98.8269031047821
876.0 98.97118806838989
877.0 99.56313967704773
878.0 99.22850131988525
879.0 98.55365753173828
880.0 98.74230027198792
881.0 100.1225233078003
882.0 99.04771447181702
883.0 98.9191472530365
884.0 99.22813177108765
885.0 99.02551174163818
886.0 98.86084794998169
887.0 98.50411415100098
888.0 99.055016040802
889.0 99.62425231933594
890.0 98.54371547698975
891.0 99.66632723808289
892.0 98.70495796203613
893.0 98.5271155834198
894.0 98.39542508125305
895.0 99.67741370201111
