lsstCam/transmission_sensor/r20_s02/19700101T000000.ecsv
# %ECSV 1.0
# ---
# datatype:
# - {name: amp_name, datatype: string}
# - {name: wavelength, unit: nm, datatype: float32}
# - {name: efficiency, unit: '%', datatype: float64}
# meta: !!omap
# - {MODE: AMP}
# - {TYPE: transmission_sensor}
# - {CALIBDATE: '1970-01-01T00:00:00'}
# - {INSTRUME: LSSTCAM}
# - {OBSTYPE: transmission_sensor}
# - {DETECTOR: 74}
# - {PARQUETFILE: qe_raft_allvalues_nircorrected_20230725.parquet}
# - {CALIBCLS: lsst.ip.isr.IntermediateSensorTransmissionCurve}
# - {CALIB_ID: 'raftName=R20 detectorName=S02 detector=74 calibDate=1970-01-01T00:00:00 ccd=74 ccdnum=74 filter=None'}
# - {DATE: '2023-08-02T16:57:55.742148'}
# - {CALIB_CREATION_DATE: '2023-08-02'}
# - {CALIB_CREATION_TIME: '16:57:55'}
# - __serialized_columns__:
#     efficiency:
#       __class__: astropy.units.quantity.Quantity
#       unit: !astropy.units.Unit {unit: '%'}
#       value: !astropy.table.SerializedColumn {name: efficiency}
#     wavelength:
#       __class__: astropy.units.quantity.Quantity
#       unit: !astropy.units.Unit {unit: nm}
#       value: !astropy.table.SerializedColumn {name: wavelength}
# schema: astropy-2.0
amp_name wavelength efficiency
C00 319.994 47.97711944580078
C00 324.969 49.015682220458984
C00 349.982 55.6230354309082
C00 374.975 69.46320343017578
C00 400.019 81.87638092041016
C00 424.965 84.2645492553711
C00 450.035 84.14523315429688
C00 475.003 84.30962371826172
C00 500.018 84.60746765136719
C00 525.002 85.13288879394531
C00 550.029 86.41091918945312
C00 575.023 88.1031494140625
C00 599.982 89.88516235351562
C00 619.997 91.05049896240234
C00 624.979 91.48737335205078
C00 650.012 92.8631591796875
C00 675.004 94.4787368774414
C00 700.03 95.60550689697266
C00 725.012 96.9407958984375
C00 750.022 98.67219543457031
C00 774.987 100.10652923583984
C00 799.976 100.83406066894531
C00 824.988 100.28446960449219
C00 850.022 99.43771362304688
C00 869.967 96.97087860107422
C00 875.002 95.76705169677734
C00 899.999 89.15811157226562
C00 919.999 80.98323822021484
C00 925.012 78.24048614501953
C00 949.965 65.23741149902344
C00 975.002 49.855445861816406
C00 999.976 32.20392608642578
C00 1025.028 15.7645845413208
C00 1050.014 6.279582977294922
C00 1075.002 0.9400320080935853
C00 1099.99 0.09326911225338723
C01 319.994 47.75006866455078
C01 324.969 48.72465133666992
C01 349.982 55.111854553222656
C01 374.975 68.98573303222656
C01 400.019 81.57891845703125
C01 424.965 84.09017944335938
C01 450.035 83.98756408691406
C01 475.003 84.09260559082031
C01 500.018 84.31903839111328
C01 525.002 84.7956314086914
C01 550.029 86.03791809082031
C01 575.023 87.72008514404297
C01 599.982 89.5032730102539
C01 619.997 90.66645050048828
C01 624.979 91.10355377197266
C01 650.012 92.47746276855469
C01 675.004 94.09012603759766
C01 700.03 95.23188781738281
C01 725.012 96.59478759765625
C01 750.022 98.3697509765625
C01 774.987 99.8460693359375
C01 799.976 100.60506439208984
C01 824.988 100.06404113769531
C01 850.022 99.24120330810547
C01 869.967 96.82056427001953
C01 875.002 95.64006805419922
C01 899.999 89.14385986328125
C01 919.999 80.97752380371094
C01 925.012 78.1965560913086
C01 949.965 65.06400299072266
C01 975.002 49.812007904052734
C01 999.976 32.38783645629883
C01 1025.028 15.907482147216797
C01 1050.014 6.344409465789795
C01 1075.002 0.9371502743241467
C01 1099.99 0.09298318927617792
C02 319.994 47.74407958984375
C02 324.969 48.662086486816406
C02 349.982 54.884765625
C02 374.975 68.87674713134766
C02 400.019 81.74536895751953
C02 424.965 84.40201568603516
C02 450.035 84.32640075683594
C02 475.003 84.40515899658203
C02 500.018 84.58845520019531
C02 525.002 85.02926635742188
C02 550.029 86.25196075439453
C02 575.023 87.91426849365234
C02 599.982 89.6874771118164
C02 619.997 90.84416961669922
C02 624.979 91.2818374633789
C02 650.012 92.65540313720703
C02 675.004 94.27333068847656
C02 700.03 95.43968963623047
C02 725.012 96.84637451171875
C02 750.022 98.68378448486328
C02 774.987 100.21395111083984
C02 799.976 101.00975799560547
C02 824.988 100.47562408447266
C02 850.022 99.65946197509766
C02 869.967 97.22975158691406
C02 875.002 96.04193115234375
C02 899.999 89.49993896484375
C02 919.999 81.28781127929688
C02 925.012 78.49461364746094
C02 949.965 65.33393096923828
C02 975.002 50.01168441772461
C02 999.976 32.518882751464844
C02 1025.028 15.96346664428711
C02 1050.014 6.364694118499756
C02 1075.002 0.9401415713384522
C02 1099.99 0.09327998301788923
C03 319.994 47.51454162597656
C03 324.969 48.3748664855957
C03 349.982 54.415809631347656
C03 374.975 68.43292999267578
C03 400.019 81.50044250488281
C03 424.965 84.28217315673828
C03 450.035 84.21076965332031
C03 475.003 84.24078369140625
C03 500.018 84.38748168945312
C03 525.002 84.7883071899414
C03 550.029 85.99066925048828
C03 575.023 87.64743041992188
C03 599.982 89.42151641845703
C03 619.997 90.57855224609375
C03 624.979 91.01780700683594
C03 650.012 92.39117431640625
C03 675.004 94.02567291259766
C03 700.03 95.2011489868164
C03 725.012 96.6408462524414
C03 750.022 98.52738952636719
C03 774.987 100.1069107055664
C03 799.976 100.93212890625
C03 824.988 100.41993713378906
C03 850.022 99.62336730957031
C03 869.967 97.19717407226562
C03 875.002 96.01429748535156
C03 899.999 89.46027374267578
C03 919.999 81.236083984375
C03 925.012 78.44979095458984
C03 949.965 65.37430572509766
C03 975.002 50.04711151123047
C03 999.976 32.48762130737305
C03 1025.028 15.938703536987305
C03 1050.014 6.354588508605957
C03 1075.002 0.9386511881530134
C03 1099.99 0.09313210856741688
C04 319.994 47.43889236450195
C04 324.969 48.2542610168457
C04 349.982 54.12306594848633
C04 374.975 68.17509460449219
C04 400.019 81.43671417236328
C04 424.965 84.34881591796875
C04 450.035 84.3096923828125
C04 475.003 84.3252182006836
C04 500.018 84.44068908691406
C04 525.002 84.8111801147461
C04 550.029 85.99783325195312
C04 575.023 87.62885284423828
C04 599.982 89.3826904296875
C04 619.997 90.51831817626953
C04 624.979 90.9522705078125
C04 650.012 92.3177490234375
C04 675.004 93.9422378540039
C04 700.03 95.13655853271484
C04 725.012 96.60250854492188
C04 750.022 98.53192901611328
C04 774.987 100.15067291259766
C04 799.976 101.00312042236328
C04 824.988 100.51112365722656
C04 850.022 99.74675750732422
C04 869.967 97.34867095947266
C04 875.002 96.17453002929688
C04 899.999 89.62152099609375
C04 919.999 81.37024688720703
C04 925.012 78.57732391357422
C04 949.965 65.5144271850586
C04 975.002 50.19003677368164
C04 999.976 32.58928298950195
C04 1025.028 15.987624168395996
C04 1050.014 6.37062406539917
C04 1075.002 0.9386940916736857
C04 1099.99 0.09313636541532333
C05 319.994 47.24373245239258
C05 324.969 48.014583587646484
C05 349.982 53.71938705444336
C05 374.975 67.81524658203125
C05 400.019 81.27996826171875
C05 424.965 84.3171615600586
C05 450.035 84.30943298339844
C05 475.003 84.31534576416016
C05 500.018 84.40233612060547
C05 525.002 84.74095916748047
C05 550.029 85.9094009399414
C05 575.023 87.52268981933594
C05 599.982 89.25927734375
C05 619.997 90.38928985595703
C05 624.979 90.82305145263672
C05 650.012 92.18321228027344
C05 675.004 93.812744140625
C05 700.03 95.01935577392578
C05 725.012 96.51126098632812
C05 750.022 98.46786499023438
C05 774.987 100.114990234375
C05 799.976 100.9942855834961
C05 824.988 100.52935791015625
C05 850.022 99.814697265625
C05 869.967 97.48938751220703
C05 875.002 96.33209991455078
C05 899.999 89.88412475585938
C05 919.999 81.59412384033203
C05 925.012 78.77754211425781
C05 949.965 65.68738555908203
C05 975.002 50.43547439575195
C05 999.976 32.85145950317383
C05 1025.028 16.13624382019043
C05 1050.014 6.433783054351807
C05 1075.002 0.9380835214946698
C05 1099.99 0.09307578520308067
C06 319.994 47.25141906738281
C06 324.969 47.97880554199219
C06 349.982 53.57054138183594
C06 374.975 67.78182983398438
C06 400.019 81.52426147460938
C06 424.965 84.71102905273438
C06 450.035 84.74646759033203
C06 475.003 84.75019073486328
C06 500.018 84.80827331542969
C06 525.002 85.11438751220703
C06 550.029 86.24691009521484
C06 575.023 87.84040832519531
C06 599.982 89.56352996826172
C06 619.997 90.70247650146484
C06 624.979 91.13706970214844
C06 650.012 92.50511169433594
C06 675.004 94.1422348022461
C06 700.03 95.36444854736328
C06 725.012 96.86857604980469
C06 750.022 98.82257843017578
C06 774.987 100.46694946289062
C06 799.976 101.36959075927734
C06 824.988 100.91751861572266
C06 850.022 100.22932434082031
C06 869.967 98.00927734375
C06 875.002 96.87161254882812
C06 899.999 90.542724609375
C06 919.999 82.07249450683594
C06 925.012 79.20277404785156
C06 949.965 65.9361572265625
C06 975.002 50.739559173583984
C06 999.976 33.12848663330078
C06 1025.028 16.24991798400879
C06 1050.014 6.487407684326172
C06 1075.002 0.9414628817815095
C06 1099.99 0.09341108222618641
C07 319.994 47.08281707763672
C07 324.969 47.777767181396484
C07 349.982 53.24174880981445
C07 374.975 67.4608154296875
C07 400.019 81.37838745117188
C07 424.965 84.67817687988281
C07 450.035 84.74475860595703
C07 475.003 84.73904418945312
C07 500.018 84.7759017944336
C07 525.002 85.06720733642578
C07 550.029 86.20008087158203
C07 575.023 87.78208923339844
C07 599.982 89.50411224365234
C07 619.997 90.6336669921875
C07 624.979 91.06809997558594
C07 650.012 92.4377670288086
C07 675.004 94.0743408203125
C07 700.03 95.29716491699219
C07 725.012 96.76213073730469
C07 750.022 98.6640625
C07 774.987 100.24502563476562
C07 799.976 101.13977813720703
C07 824.988 100.70494842529297
C07 850.022 100.03630828857422
C07 869.967 97.9576416015625
C07 875.002 96.87098693847656
C07 899.999 90.66255950927734
C07 919.999 82.02762603759766
C07 925.012 79.11642456054688
C07 949.965 65.70065307617188
C07 975.002 50.70608139038086
C07 999.976 33.05495834350586
C07 1025.028 16.221281051635742
C07 1050.014 6.546228885650635
C07 1075.002 0.9399532042346367
C07 1099.99 0.09326129340689795
C10 319.994 48.256629943847656
C10 324.969 49.29682540893555
C10 349.982 55.89018630981445
C10 374.975 69.66851806640625
C10 400.019 82.00810241699219
C10 424.965 84.39600372314453
C10 450.035 84.32622528076172
C10 475.003 84.57960510253906
C10 500.018 84.93074035644531
C10 525.002 85.48291015625
C10 550.029 86.76593780517578
C10 575.023 88.4028091430664
C10 599.982 90.12175750732422
C10 619.997 91.243896484375
C10 624.979 91.67818450927734
C10 650.012 93.02427673339844
C10 675.004 94.62544250488281
C10 700.03 95.63442993164062
C10 725.012 96.68199920654297
C10 750.022 98.05357360839844
C10 774.987 99.1493148803711
C10 799.976 99.71257019042969
C10 824.988 99.2377700805664
C10 850.022 98.34394836425781
C10 869.967 95.87090301513672
C10 875.002 94.71279907226562
C10 899.999 88.54967498779297
C10 919.999 80.72027587890625
C10 925.012 77.99608612060547
C10 949.965 64.70436096191406
C10 975.002 49.46240997314453
C10 999.976 31.956193923950195
C10 1025.028 15.971692085266113
C10 1050.014 6.512689590454102
C10 1075.002 0.9341413667313412
C10 1099.99 0.09268464822904637
C11 319.994 48.2333869934082
C11 324.969 49.21323013305664
C11 349.982 55.60832977294922
C11 374.975 69.47528076171875
C11 400.019 82.06108093261719
C11 424.965 84.57938385009766
C11 450.035 84.50787353515625
C11 475.003 84.69843292236328
C11 500.018 84.99041748046875
C11 525.002 85.49665832519531
C11 550.029 86.75664520263672
C11 575.023 88.40895080566406
C11 599.982 90.13907623291016
C11 619.997 91.2758560180664
C11 624.979 91.7080307006836
C11 650.012 93.06526947021484
C11 675.004 94.67259216308594
C11 700.03 95.70684051513672
C11 725.012 96.80694580078125
C11 750.022 98.23846435546875
C11 774.987 99.3965835571289
C11 799.976 100.00621795654297
C11 824.988 99.53306579589844
C11 850.022 98.66207122802734
C11 869.967 96.24329376220703
C11 875.002 95.10405731201172
C11 899.999 89.03961181640625
C11 919.999 81.1515121459961
C11 925.012 78.37968444824219
C11 949.965 64.9133529663086
C11 975.002 49.74382400512695
C11 999.976 32.27736282348633
C11 1025.028 16.149662017822266
C11 1050.014 6.603823184967041
C11 1075.002 0.9359022911638532
C11 1099.99 0.09285936553351216
C12 319.994 47.922672271728516
C12 324.969 48.84852981567383
C12 349.982 55.073482513427734
C12 374.975 68.97844696044922
C12 400.019 81.76158142089844
C12 424.965 84.39036560058594
C12 450.035 84.32418823242188
C12 475.003 84.45765686035156
C12 500.018 84.69412231445312
C12 525.002 85.1552963256836
C12 550.029 86.38945007324219
C12 575.023 88.0439682006836
C12 599.982 89.77855682373047
C12 619.997 90.92596435546875
C12 624.979 91.3600845336914
C12 650.012 92.7237319946289
C12 675.004 94.33245849609375
C12 700.03 95.38682556152344
C12 725.012 96.53731536865234
C12 750.022 98.02657318115234
C12 774.987 99.24746704101562
C12 799.976 99.89439392089844
C12 824.988 99.42108154296875
C12 850.022 98.55531311035156
C12 869.967 96.12317657470703
C12 875.002 94.97491455078125
C12 899.999 88.8874282836914
C12 919.999 80.96633911132812
C12 925.012 78.19023895263672
C12 949.965 64.79585266113281
C12 975.002 49.64122009277344
C12 999.976 32.20705032348633
C12 1025.028 16.06855010986328
C12 1050.014 6.5521769523620605
C12 1075.002 0.9338831000041528
C12 1099.99 0.09265902324163951
C13 319.994 47.95851135253906
C13 324.969 48.82578659057617
C13 349.982 54.836578369140625
C13 374.975 68.83969116210938
C13 400.019 81.90187072753906
C13 424.965 84.70293426513672
C13 450.035 84.69872283935547
C13 475.003 84.83358764648438
C13 500.018 85.03148651123047
C13 525.002 85.45694732666016
C13 550.029 86.65774536132812
C13 575.023 88.26712799072266
C13 599.982 89.97549438476562
C13 619.997 91.10121154785156
C13 624.979 91.5302505493164
C13 650.012 92.88444519042969
C13 675.004 94.50049591064453
C13 700.03 95.57903289794922
C13 725.012 96.77812194824219
C13 750.022 98.34883117675781
C13 774.987 99.64129638671875
C13 799.976 100.32988739013672
C13 824.988 99.8704605102539
C13 850.022 99.01791381835938
C13 869.967 96.54634094238281
C13 875.002 95.38365173339844
C13 899.999 89.19416809082031
C13 919.999 81.21696472167969
C13 925.012 78.43934631347656
C13 949.965 65.12522888183594
C13 975.002 49.88715362548828
C13 999.976 32.301002502441406
C13 1025.028 16.12751007080078
C13 1050.014 6.561165809631348
C13 1075.002 0.9369525968251193
C13 1099.99 0.09296357589632702
C14 319.994 47.782169342041016
C14 324.969 48.584808349609375
C14 349.982 54.38066482543945
C14 374.975 68.40999603271484
C14 400.019 81.66960144042969
C14 424.965 84.6089859008789
C14 450.035 84.64546203613281
C14 475.003 84.76620483398438
C14 500.018 84.92681121826172
C14 525.002 85.32611846923828
C14 550.029 86.50466918945312
C14 575.023 88.08522033691406
C14 599.982 89.76536560058594
C14 619.997 90.86862182617188
C14 624.979 91.2990951538086
C14 650.012 92.64017486572266
C14 675.004 94.25605773925781
C14 700.03 95.35074615478516
C14 725.012 96.59628295898438
C14 750.022 98.22450256347656
C14 774.987 99.57930755615234
C14 799.976 100.30551147460938
C14 824.988 99.85797882080078
C14 850.022 99.03903198242188
C14 869.967 96.5377197265625
C14 875.002 95.36355590820312
C14 899.999 89.10255432128906
C14 919.999 81.14429473876953
C14 925.012 78.37940979003906
C14 949.965 65.20065307617188
C14 975.002 49.92057800292969
C14 999.976 32.28965759277344
C14 1025.028 16.103029251098633
C14 1050.014 6.541460990905762
C14 1075.002 0.9357676139408672
C14 1099.99 0.09284600298317293
C15 319.994 47.49812698364258
C15 324.969 48.261192321777344
C15 349.982 53.93628692626953
C15 374.975 68.00486755371094
C15 400.019 81.4316635131836
C15 424.965 84.49024963378906
C15 450.035 84.55694580078125
C15 475.003 84.65807342529297
C15 500.018 84.7824935913086
C15 525.002 85.12825775146484
C15 550.029 86.25533294677734
C15 575.023 87.802001953125
C15 599.982 89.46379852294922
C15 619.997 90.5617446899414
C15 624.979 90.98818969726562
C15 650.012 92.3233642578125
C15 675.004 93.9382553100586
C15 700.03 95.04317474365234
C15 725.012 96.311279296875
C15 750.022 97.97948455810547
C15 774.987 99.37443542480469
C15 799.976 100.12136840820312
C15 824.988 99.69872283935547
C15 850.022 98.92684936523438
C15 869.967 96.4552230834961
C15 875.002 95.28520202636719
C15 899.999 89.06015014648438
C15 919.999 81.15963745117188
C15 925.012 78.4074935913086
C15 949.965 65.3048324584961
C15 975.002 50.01464080810547
C15 999.976 32.42528533935547
C15 1025.028 16.123716354370117
C15 1050.014 6.511168479919434
C15 1075.002 0.9334330008589582
C15 1099.99 0.09261436481795088
C16 319.994 47.562400817871094
C16 324.969 48.29133224487305
C16 349.982 53.87197494506836
C16 374.975 68.08605194091797
C16 400.019 81.79837036132812
C16 424.965 85.01587677001953
C16 450.035 85.13461303710938
C16 475.003 85.23431396484375
C16 500.018 85.33308410644531
C16 525.002 85.6305160522461
C16 550.029 86.71566772460938
C16 575.023 88.2333755493164
C16 599.982 89.87407684326172
C16 619.997 90.96427917480469
C16 624.979 91.38865661621094
C16 650.012 92.72286224365234
C16 675.004 94.34761047363281
C16 700.03 95.46489715576172
C16 725.012 96.7525405883789
C16 750.022 98.4297866821289
C16 774.987 99.84331512451172
C16 799.976 100.61244201660156
C16 824.988 100.20835876464844
C16 850.022 99.45054626464844
C16 869.967 97.05342864990234
C16 875.002 95.90380096435547
C16 899.999 89.8092269897461
C16 919.999 81.84126281738281
C16 925.012 79.05227661132812
C16 949.965 65.74882507324219
C16 975.002 50.36868667602539
C16 999.976 32.74449920654297
C16 1025.028 16.213275909423828
C16 1050.014 6.531527519226074
C16 1075.002 0.9377228836829282
C16 1099.99 0.09304000305071083
C17 319.994 47.33523178100586
C17 324.969 47.996585845947266
C17 349.982 53.32571029663086
C17 374.975 67.52006530761719
C17 400.019 81.45225524902344
C17 424.965 84.87130737304688
C17 450.035 85.09993743896484
C17 475.003 85.24994659423828
C17 500.018 85.33025360107422
C17 525.002 85.59766387939453
C17 550.029 86.6278076171875
C17 575.023 88.0517349243164
C17 599.982 89.60547637939453
C17 619.997 90.63816833496094
C17 624.979 91.0539779663086
C17 650.012 92.35213470458984
C17 675.004 93.95760345458984
C17 700.03 95.05908203125
C17 725.012 96.30402374267578
C17 750.022 97.9342269897461
C17 774.987 99.2934799194336
C17 799.976 100.05460357666016
C17 824.988 99.6777572631836
C17 850.022 98.92500305175781
C17 869.967 96.68665313720703
C17 875.002 95.60105895996094
C17 899.999 89.68653106689453
C17 919.999 81.65496826171875
C17 925.012 78.84872436523438
C17 949.965 65.31106567382812
C17 975.002 50.009864807128906
C17 999.976 32.59927749633789
C17 1025.028 16.070478439331055
C17 1050.014 6.511870861053467
C17 1075.002 0.933002143786149
C17 1099.99 0.09257161557500701
