lsstCam/transmission_sensor/r20_s02/19700101T000000.ecsv
# %ECSV 1.0
# ---
# datatype:
# - {name: amp_name, datatype: string}
# - {name: wavelength, unit: nm, datatype: float32}
# - {name: efficiency, unit: '%', datatype: float64}
# meta: !!omap
# - {MODE: AMP}
# - {TYPE: transmission_sensor}
# - {CALIBDATE: '1970-01-01T00:00:00'}
# - {INSTRUME: LSSTCam}
# - {OBSTYPE: transmission_sensor}
# - {DETECTOR: 74}
# - {PARQUETFILE: qe_raft_allvalues_nircorrected_20230725_adjust.parquet}
# - {CORRFILE: qe_corr_factor_bydetnum.parquet}
# - {CALIBCLS: lsst.ip.isr.IntermediateSensorTransmissionCurve}
# - {CALIB_ID: 'raftName=R20 detectorName=S02 detector=74 calibDate=1970-01-01T00:00:00 ccd=74 ccdnum=74 filter=None'}
# - {DATE: '2025-03-03T21:56:47.791463'}
# - {CALIB_CREATION_DATE: '2025-03-03'}
# - {CALIB_CREATION_TIME: '21:56:47'}
# - __serialized_columns__:
#     efficiency:
#       __class__: astropy.units.quantity.Quantity
#       unit: !astropy.units.Unit {unit: '%'}
#       value: !astropy.table.SerializedColumn {name: efficiency}
#     wavelength:
#       __class__: astropy.units.quantity.Quantity
#       unit: !astropy.units.Unit {unit: nm}
#       value: !astropy.table.SerializedColumn {name: wavelength}
# schema: astropy-2.0
amp_name wavelength efficiency
C00 319.994 47.81914793856725
C00 324.969 48.85429109719255
C00 349.982 55.439888654998676
C00 374.975 69.2344859275435
C00 400.019 81.6067912607926
C00 424.965 83.98709621096181
C00 450.035 83.86817297516465
C00 475.003 84.03202225975582
C00 500.018 84.32888549923949
C00 525.002 84.85257661778148
C00 550.029 86.12639891596706
C00 575.023 87.81305723125267
C00 599.982 89.58920263899053
C00 619.997 90.75070221091741
C00 624.979 91.18613812934036
C00 650.012 92.55739398595479
C00 675.004 94.16765216376012
C00 700.03 95.29071213232652
C00 725.012 96.62160450434402
C00 750.022 98.3473031606094
C00 774.987 99.77691421330461
C00 799.976 100.50205014542179
C00 824.988 99.95426868791917
C00 850.022 99.11030077128876
C00 869.967 96.65158815539257
C00 875.002 95.45172502284183
C00 899.999 88.86454577611404
C00 919.999 80.71658936029837
C00 925.012 77.98286818742257
C00 949.965 65.02260801891545
C00 975.002 49.69128969701189
C00 999.976 32.09789006755939
C00 1025.028 15.712677398714705
C00 1050.014 6.2589065548839855
C00 1075.002 0.9369368186599207
C00 1099.99 0.09296201040127113
C01 319.994 47.592844754391585
C01 324.969 48.56421847408889
C01 349.982 54.93039091324646
C01 374.975 68.75858766896602
C01 400.019 81.31030823499204
C01 424.965 83.813300536421
C01 450.035 83.71102305566956
C01 475.003 83.81571869544545
C01 500.018 84.04140593345451
C01 525.002 84.51642970056088
C01 550.029 85.75462597664084
C01 575.023 87.4312542549665
C01 599.982 89.20857072084829
C01 619.997 90.36791828332888
C01 624.979 90.80358232996169
C01 650.012 92.17296753525531
C01 675.004 93.78032088052183
C01 700.03 94.9183232468337
C01 725.012 96.27673548523332
C01 750.022 98.04585454410766
C01 774.987 99.51731191476385
C01 799.976 100.27380787146237
C01 824.988 99.73456601328195
C01 850.022 98.91443749458135
C01 869.967 96.50176875570746
C01 875.002 95.32515949201455
C01 899.999 88.85034099291377
C01 919.999 80.71089375932566
C01 925.012 77.93908277967782
C01 949.965 64.84977048285602
C01 975.002 49.64799476491834
C01 999.976 32.28119488631432
C01 1025.028 15.855104493866325
C01 1050.014 6.323519592921339
C01 1075.002 0.9340645734098484
C01 1099.99 0.09267702886623642
C02 319.994 47.586875399567056
C02 324.969 48.50185962792516
C02 349.982 54.70404970770248
C02 374.975 68.64996061970697
C02 400.019 81.47621067347188
C02 424.965 84.12411001380043
C02 450.035 84.04874405753816
C02 475.003 84.12724297454909
C02 500.018 84.30993564927424
C02 525.002 84.74929537290669
C02 550.029 85.9679638742231
C02 575.023 87.62479822820707
C02 599.982 89.39216830413919
C02 619.997 90.54505223400723
C02 624.979 90.98127899689102
C02 650.012 92.35032200986986
C02 675.004 93.96292230396303
C02 700.03 95.12544084856059
C02 725.012 96.52749401350538
C02 750.022 98.3588540523017
C02 774.987 99.88398238646299
C02 799.976 100.67716896357977
C02 824.988 100.14479376451598
C02 850.022 99.33131898526948
C02 869.967 96.90960876501167
C02 875.002 95.72569939860342
C02 899.999 89.20524765325808
C02 919.999 81.02015956915176
C02 925.012 78.23615893882402
C02 949.965 65.11880968501109
C02 975.002 49.8470138151954
C02 999.976 32.41180969286651
C02 1025.028 15.910904653996736
C02 1050.014 6.343737455519694
C02 1075.002 0.9370460211521804
C02 1099.99 0.09297284537223084
C03 319.994 47.35809322217764
C03 324.969 48.21558533951557
C03 349.982 54.23663781853159
C03 374.975 68.20760481225176
C03 400.019 81.23209067610658
C03 424.965 84.0046620831206
C03 450.035 83.93349368591967
C03 475.003 83.96340889850525
C03 500.018 84.10962387247467
C03 525.002 84.50912959784553
C03 550.029 85.70753270985321
C03 575.023 87.35883875688502
C03 599.982 89.12708332428826
C03 619.997 90.28030944647108
C03 624.979 90.71811789827652
C03 650.012 92.08696320014016
C03 675.004 93.7160799766268
C03 700.03 94.88768562825022
C03 725.012 96.3226424853297
C03 750.022 98.20297404650812
C03 774.987 99.7772944269877
C03 799.976 100.59979547907079
C03 824.988 100.08929017105838
C03 850.022 99.29534316657542
C03 869.967 96.87713851647571
C03 875.002 95.69815671940032
C03 899.999 89.1657130344903
C03 919.999 80.96860259372464
C03 925.012 78.19148383106085
C03 949.965 65.15905150122943
C03 975.002 49.88232425994405
C03 999.976 32.38065118153722
C03 1025.028 15.886223082758894
C03 1050.014 6.333665119787514
C03 1075.002 0.9355605452659058
C03 1099.99 0.09282545781947334
C04 319.994 47.282693046683896
C04 324.969 48.09537698146958
C04 349.982 53.944858035990855
C04 374.975 67.95061838385067
C04 400.019 81.16857217820943
C04 424.965 84.07108541355657
C04 450.035 84.03209069821878
C04 475.003 84.04756539512059
C04 500.018 84.16265607699218
C04 525.002 84.53192721028365
C04 550.029 85.71467312282165
C04 575.023 87.3403223505185
C04 599.982 89.08838517562327
C04 619.997 90.22027370591104
C04 624.979 90.65279718752151
C04 650.012 92.01377967041883
C04 675.004 93.63291963986117
C04 700.03 94.82330784742929
C04 725.012 96.28443101017906
C04 750.022 98.2074985893369
C04 774.987 99.82091254071189
C04 799.976 100.67055324549399
C04 824.988 100.18017644986442
C04 850.022 99.41832708450798
C04 869.967 97.02813657857841
C04 875.002 95.8578616748458
C04 899.999 89.32642935833279
C04 919.999 81.10232374606768
C04 925.012 78.31859686959177
C04 949.965 65.29871159130235
C04 975.002 50.02477892058769
C04 999.976 32.481978128080925
C04 1025.028 15.934982636012672
C04 1050.014 6.349647877223341
C04 1075.002 0.9356033075206183
C04 1099.99 0.09282970065110104
C05 319.994 47.08817572641462
C05 324.969 47.8564887243836
C05 349.982 53.54250831227046
C05 374.975 67.59195521231742
C05 400.019 81.0123423758274
C05 424.965 84.0395352821337
C05 450.035 84.03183215291428
C05 475.003 84.03772546500218
C05 500.018 84.12442939329422
C05 525.002 84.46193747550029
C05 550.029 85.62653198680754
C05 575.023 87.23450888251432
C05 599.982 88.96537844486973
C05 619.997 90.09167022974239
C05 624.979 90.52400360451132
C05 650.012 91.87968590866636
C05 675.004 93.50385230299915
C05 700.03 94.70649099543645
C05 725.012 96.19348389718374
C05 750.022 98.14364550339862
C05 774.987 99.78534735279557
C05 799.976 100.6617474965936
C05 824.988 100.19835066391616
C05 850.022 99.48604314146645
C05 869.967 97.16838980199695
C05 875.002 96.0149127387833
C05 899.999 89.58816845777253
C05 919.999 81.32546355240004
C05 925.012 78.51815582329883
C05 949.965 65.47110047521574
C05 975.002 50.26940840428834
C05 999.976 32.743291388195594
C05 1025.028 16.083112936410654
C05 1050.014 6.412598906198483
C05 1075.002 0.9349947477309831
C05 1099.99 0.09276931990784582
C06 319.994 47.0958370321289
C06 324.969 47.82082848304651
C06 349.982 53.39415273526525
C06 374.975 67.55864849367866
C06 400.019 81.25583121847878
C06 424.965 84.43210590992499
C06 450.035 84.46742776108412
C06 475.003 84.47113864663109
C06 500.018 84.52902998201851
C06 525.002 84.83413625415159
C06 550.029 85.96292984505898
C06 575.023 87.55118125488701
C06 599.982 89.26862927422933
C06 619.997 90.40382566355997
C06 624.979 90.83698790415804
C06 650.012 92.20052542300573
C06 675.004 93.83225806963203
C06 700.03 95.05044750170775
C06 725.012 96.54962244986126
C06 750.022 98.49719099875746
C06 774.987 100.13614770536249
C06 799.976 101.0358169265657
C06 824.988 100.58523329500841
C06 850.022 99.89930499789155
C06 869.967 97.68656782213414
C06 875.002 96.55264895077867
C06 899.999 90.24459977735519
C06 919.999 81.8022591152696
C06 925.012 78.94198762011385
C06 949.965 65.7190530265066
C06 975.002 50.57249193962737
C06 999.976 33.019406366992996
C06 1025.028 16.196412811834893
C06 1050.014 6.466046969431875
C06 1075.002 0.9383629809921872
C06 1099.99 0.09310351291769017
C07 319.994 46.927790188476415
C07 324.969 47.62045206992081
C07 349.982 53.06644275967243
C07 374.975 67.23869107508406
C07 400.019 81.11043750606484
C07 424.965 84.39936190753721
C07 450.035 84.46572440378388
C07 475.003 84.46002880281118
C07 500.018 84.49676504887142
C07 525.002 84.78711142582691
C07 550.029 85.91625481332275
C07 575.023 87.4930541870161
C07 599.982 89.2094071909511
C07 619.997 90.33524271940405
C07 624.979 90.76824527025522
C07 650.012 92.13340249939287
C07 675.004 93.76458763831552
C07 700.03 94.98338541228419
C07 725.012 96.4435276237316
C07 750.022 98.3391970048859
C07 774.987 99.91495459308757
C07 799.976 100.80676099532445
C07 824.988 100.37336302224287
C07 850.022 99.70692447852124
C07 869.967 97.63510209799097
C07 875.002 96.5520254003384
C07 899.999 90.36404010376135
C07 919.999 81.75753838186446
C07 925.012 78.8559224508094
C07 949.965 65.48432430711364
C07 975.002 50.539124386799315
C07 999.976 32.946120179577235
C07 1025.028 16.167870170645262
C07 1050.014 6.52467449356317
C07 1075.002 0.936858274273915
C07 1099.99 0.09295421729944887
C10 319.994 48.09773810844157
C10 324.969 49.1345085816305
C10 349.982 55.70615990154085
C10 374.975 69.43912453605665
C10 400.019 81.73807904556388
C10 424.965 84.11811784615492
C10 450.035 84.04856915924394
C10 475.003 84.30111469182654
C10 500.018 84.65109378283799
C10 525.002 85.20144548483832
C10 550.029 86.48024858227238
C10 575.023 88.11173028786784
C10 599.982 89.82501876951713
C10 619.997 90.9434629439708
C10 624.979 91.3763210136224
C10 650.012 92.71798103714504
C10 675.004 94.3138747420032
C10 700.03 95.31953993377846
C10 725.012 96.36365993746153
C10 750.022 97.73071823501465
C10 774.987 98.82285162259844
C10 799.976 99.38425233422937
C10 824.988 98.91101557143354
C10 850.022 98.02013689058339
C10 869.967 95.55523439592648
C10 875.002 94.400943675431
C10 899.999 88.25811255585782
C10 919.999 80.45449285999652
C10 925.012 77.73927288493992
C10 949.965 64.49131262671163
C10 975.002 49.29954793504974
C10 999.976 31.850973598554955
C10 1025.028 15.919103011538382
C10 1050.014 6.49124563127872
C10 1075.002 0.9310655730743576
C10 1099.99 0.09237947080807402
C11 319.994 48.07457168873084
C11 324.969 49.05118855511797
C11 349.982 55.425231417515526
C11 374.975 69.24652349275016
C11 400.019 81.79088312187153
C11 424.965 84.30089416789035
C11 450.035 84.22961931085814
C11 475.003 84.41955125410934
C11 500.018 84.71057441142072
C11 525.002 85.21514838597692
C11 550.029 86.47098657695228
C11 575.023 88.1178517281656
C11 599.982 89.84228047072945
C11 619.997 90.97531724634015
C11 624.979 91.40606893218742
C11 650.012 92.75883879952998
C11 675.004 94.36086915323322
C11 700.03 95.39171209510276
C11 725.012 96.4881951272211
C11 750.022 97.91500020293512
C11 774.987 99.06930613197791
C11 799.976 99.67693322319904
C11 824.988 99.20533898351415
C11 850.022 98.33721228946017
C11 869.967 95.92639899335975
C11 875.002 94.79091364162994
C11 899.999 88.7464361975987
C11 919.999 80.8843092201834
C11 925.012 78.12160816038241
C11 949.965 64.69961649512977
C11 975.002 49.580035371202676
C11 999.976 32.17108500369121
C11 1025.028 16.096486952713374
C11 1050.014 6.582079155436225
C11 1075.002 0.9328206994120706
C11 1099.99 0.09255361283090045
C12 319.994 47.764880039579694
C12 324.969 48.68768906553581
C12 349.982 54.89214521886435
C12 374.975 68.75132558761898
C12 400.019 81.49236975500325
C12 424.965 84.11249828791884
C12 450.035 84.04653881817623
C12 475.003 84.17956798161606
C12 500.018 84.4152548394904
C12 525.002 84.87491036952625
C12 550.029 86.10500048988271
C12 575.023 87.75407088045796
C12 599.982 89.48294812311397
C12 619.997 90.62657765193558
C12 624.979 91.05926842756661
C12 650.012 92.4184258847851
C12 675.004 94.02185542484212
C12 700.03 95.07275083635787
C12 725.012 96.21945249173885
C12 750.022 97.70380671052547
C12 774.987 98.92068060325771
C12 799.976 99.5654773841378
C12 824.988 99.09372345470601
C12 850.022 98.23080568811037
C12 869.967 95.80667730882811
C12 875.002 94.66219610135637
C12 899.999 88.59475375086645
C12 919.999 80.69974589413744
C12 925.012 77.93278644108584
C12 949.965 64.58250307646414
C12 975.002 49.47776929686174
C12 999.976 32.10100401762391
C12 1025.028 16.01564211727777
C12 1050.014 6.530602975416764
C12 1075.002 0.9308081567271967
C12 1099.99 0.09235393019459227
C13 319.994 47.800601115106076
C13 324.969 48.665020725749926
C13 349.982 54.65602111525445
C13 374.975 68.61302666253152
C13 400.019 81.63219713909673
C13 424.965 84.4240377755698
C13 450.035 84.41984021650848
C13 475.003 84.55426096202842
C13 500.018 84.75150821654228
C13 525.002 85.17556814156715
C13 550.029 86.37241237747416
C13 575.023 87.97649588506609
C13 599.982 89.67923723914645
C13 619.997 90.8012478179475
C13 624.979 91.22887414731977
C13 650.012 92.57860990947125
C13 675.004 94.18933955224362
C13 700.03 95.26432530272001
C13 725.012 96.45946618132676
C13 750.022 98.02500362572695
C13 774.987 99.31321320968068
C13 799.976 99.99953692902795
C13 824.988 99.54162277766068
C13 850.022 98.69188321732096
C13 869.967 96.22844834748078
C13 875.002 95.06958745851455
C13 899.999 88.90048357343979
C13 919.999 80.94954628392811
C13 925.012 78.18107358041782
C13 949.965 64.91079477899208
C13 975.002 49.7228930583504
C13 999.976 32.19464684563235
C13 1025.028 16.07440794413629
C13 1050.014 6.539562235591696
C13 1075.002 0.9338675467921751
C13 1099.99 0.09265748006623552
C14 319.994 47.62483973582368
C14 324.969 48.42483594000462
C14 349.982 54.201608731908436
C14 374.975 68.18474636562433
C14 400.019 81.40069263173639
C14 424.965 84.33039874969819
C14 450.035 84.36675478207533
C14 475.003 84.48710001704725
C14 500.018 84.64717758190216
C14 525.002 85.04517005681431
C14 550.029 86.21984023072346
C14 575.023 87.7951871881474
C14 599.982 89.46980033395268
C14 619.997 90.56942393109335
C14 624.979 90.99847986391404
C14 650.012 92.33514387964087
C14 675.004 93.94570622839268
C14 700.03 95.03679022621112
C14 725.012 96.27822592287103
C14 750.022 97.90108438213399
C14 774.987 99.25142848617843
C14 799.976 99.97524127467845
C14 824.988 99.52918218594995
C14 850.022 98.71293184681687
C14 869.967 96.21985551824292
C14 875.002 95.04955780168932
C14 899.999 88.80917145530869
C14 919.999 80.87711557729932
C14 925.012 78.12133440653058
C14 949.965 64.98597062841282
C14 975.002 49.75620738126282
C14 999.976 32.183339290697226
C14 1025.028 16.050007731023936
C14 1050.014 6.519922297791639
C14 1075.002 0.9326864656330459
C14 1099.99 0.09254029427866368
C15 319.994 47.34173262739424
C15 324.969 48.10228546409134
C15 349.982 53.758694010339084
C15 374.975 67.7809518299082
C15 400.019 81.16353814904531
C15 424.965 84.21205343869934
C15 450.035 84.27852999905095
C15 475.003 84.37932464643832
C15 500.018 84.50333514131523
C15 525.002 84.84796082366877
C15 550.029 85.97132496318163
C15 575.023 87.51290134127343
C15 599.982 89.16922620892205
C15 619.997 90.2635572315941
C15 624.979 90.68859810792135
C15 650.012 92.01937641583393
C15 675.004 93.6289502090097
C15 700.03 94.73023153780865
C15 725.012 95.9941606759602
C15 750.022 97.65687313348474
C15 774.987 99.04723092553766
C15 799.976 99.79170452557685
C15 824.988 99.37045057753318
C15 850.022 98.60111860689352
C15 869.967 96.1376305071377
C15 875.002 94.97146191118246
C15 899.999 88.76690690229631
C15 919.999 80.89240777163323
C15 925.012 78.14932573787974
C15 949.965 65.08980698526491
C15 975.002 49.849960471239356
C15 999.976 32.31852046358335
C15 1025.028 16.07062671905795
C15 1050.014 6.489729529217395
C15 1075.002 0.9303595395976212
C15 1099.99 0.09230941881513186
C16 319.994 47.40579483085821
C16 324.969 48.132326147192344
C16 349.982 53.694593785506804
C16 374.975 67.8618689059436
C16 400.019 81.52903756260054
C16 424.965 84.7359498726302
C16 450.035 84.85429518362906
C16 475.003 84.95366783184168
C16 500.018 85.05211275866756
C16 525.002 85.34856536737348
C16 550.029 86.43014402311466
C16 575.023 87.94285457838622
C16 599.982 89.5781536293599
C16 619.997 90.66476631426522
C16 624.979 91.08774643243011
C16 650.012 92.41755899758765
C16 675.004 94.03695751233448
C16 700.03 95.15056536873924
C16 725.012 96.4339690517387
C16 750.022 98.10569257355249
C16 774.987 99.51456677197193
C16 799.976 100.28116120409334
C16 824.988 99.87840845386887
C16 850.022 99.12309115958794
C16 869.967 96.73386639641342
C16 875.002 95.58802402395622
C16 899.999 89.51351730323447
C16 919.999 81.57178878912727
C16 925.012 78.79198571786085
C16 949.965 65.53233769101435
C16 975.002 50.2028405926528
C16 999.976 32.63668327359375
C16 1025.028 16.159891386505603
C16 1050.014 6.510021533483953
C16 1075.002 0.9346352973706631
C16 1099.99 0.09273365557331513
C17 319.994 47.17937378044079
C17 324.969 47.83855024281537
C17 349.982 53.15012779132072
C17 374.975 67.29774586434172
C17 400.019 81.18406208365855
C17 424.965 84.59185649101244
C17 450.035 84.8197337598361
C17 475.003 84.96924898857475
C17 500.018 85.04929157313903
C17 525.002 85.31582136498571
C17 550.029 86.3425732076252
C17 575.023 87.76181203104568
C17 599.982 89.31043757082199
C17 619.997 90.33972924086451
C17 624.979 90.7541697597072
C17 650.012 92.04805213181264
C17 675.004 93.64823464701607
C17 700.03 94.74608644839354
C17 725.012 95.98692901170782
C17 750.022 97.61176458212285
C17 774.987 98.96654197771213
C17 799.976 99.72515952676228
C17 824.988 99.3495540335105
C17 850.022 98.59927837266736
C17 869.967 96.36829854439524
C17 875.002 95.28627884078168
C17 899.999 89.39122537420513
C17 919.999 81.38610763485302
C17 925.012 78.58910369656358
C17 949.965 65.09601967684662
C17 975.002 49.84520019592706
C17 999.976 32.491939726577904
C17 1025.028 16.017564097445792
C17 1050.014 6.490429597661386
C17 1075.002 0.9299301011831637
C17 1099.99 0.09226681033016634
