lsstCam/transmission_filter_detector/r20_s11/i_39/19700101T000000.ecsv
# %ECSV 1.0
# ---
# datatype:
# - {name: wavelength, unit: nm, datatype: float32}
# - {name: efficiency, unit: '%', datatype: float64}
# meta: !!omap
# - {MODE: DETECTOR}
# - {TYPE: transmission_filter_detector}
# - {CALIBDATE: '1970-01-01T00:00:00'}
# - {INSTRUME: LSSTCam}
# - {OBSTYPE: transmission_filter_detector}
# - {CALIBCLS: lsst.ip.isr.IntermediateFilterDetectorTransmissionCurve}
# - {SOURCE: Materion (DM-46256)}
# - {DETECTOR: 76}
# - {FILTER: i_39}
# - {CALIB_ID: 'calibDate=1970-01-01T00:00:00 filter=i_39 detector=76'}
# - {DATE: '2025-04-02T15:59:46.831553'}
# - {CALIB_CREATION_DATE: '2025-04-02'}
# - {CALIB_CREATION_TIME: '15:59:46'}
# - __serialized_columns__:
#     efficiency:
#       __class__: astropy.units.quantity.Quantity
#       unit: !astropy.units.Unit {unit: '%'}
#       value: !astropy.table.SerializedColumn {name: efficiency}
#     wavelength:
#       __class__: astropy.units.quantity.Quantity
#       unit: !astropy.units.Unit {unit: nm}
#       value: !astropy.table.SerializedColumn {name: wavelength}
# schema: astropy-2.0
wavelength efficiency
300.0 0.041480158688500524
301.0 0.01846380328061059
302.0 1.633212987593724e-10
303.0 0.022283899306785315
304.0 0.049120327457785606
305.0 0.027082362794317305
306.0 0.005044405043008737
307.0 1.633212987593724e-10
308.0 1.633212987593724e-10
309.0 1.633212987593724e-10
310.0 1.633212987593724e-10
311.0 3.969727515595878e-05
312.0 0.00235084407904651
313.0 1.633212987593724e-10
314.0 1.633212987593724e-10
315.0 1.633212987593724e-10
316.0 1.633212987593724e-10
317.0 1.633212987593724e-10
318.0 1.633212987593724e-10
319.0 1.633212987593724e-10
320.0 1.633212987593724e-10
321.0 1.633212987593724e-10
322.0 0.0008491454536851961
323.0 1.633212987593724e-10
324.0 1.633212987593724e-10
325.0 1.633212987593724e-10
326.0 1.633212987593724e-10
327.0 1.633212987593724e-10
328.0 0.0018093431208399124
329.0 0.0016094780221465044
330.0 0.0014096136510488577
331.0 0.0029594399165944196
332.0 0.004509266727836803
333.0 0.0033284475648542866
334.0 0.002147627492377069
335.0 0.0016647305528749712
336.0 0.001181833340524463
337.0 0.002079275145661086
338.0 0.0029767159503535368
339.0 0.0022072747015045024
340.0 0.0014378337255038787
341.0 0.0007571022251795512
342.0 7.637067938048858e-05
343.0 7.424413297485444e-05
344.0 7.211760930658784e-05
345.0 1.633212987593724e-10
346.0 1.633212987593724e-10
347.0 1.633212987593724e-10
348.0 1.633212987593724e-10
349.0 1.633212987593724e-10
350.0 0.0011196976629435085
351.0 0.0008361456821148749
352.0 0.0005525937467609765
353.0 1.633212987593724e-10
354.0 1.633212987593724e-10
355.0 1.633212987593724e-10
356.0 1.633212987593724e-10
357.0 0.0007267311957548372
358.0 0.0015394056390505284
359.0 0.0011432926839916036
360.0 0.000747179365134798
361.0 0.0004454662303032819
362.0 0.00014375312957781716
363.0 0.00017064472785932594
364.0 0.00019753642845898867
365.0 0.0007205061592685524
366.0 0.001243476253875997
367.0 0.0008695294127392117
368.0 0.0004955826625518966
369.0 0.0007230224582599476
370.0 0.0009504622539679985
371.0 0.0010452748028910719
372.0 0.0011400873518141452
373.0 0.0010125536391569767
374.0 0.0008850197446008679
375.0 0.0005960200269328197
376.0 0.0003070199682042585
377.0 1.633212987593724e-10
378.0 1.633212987593724e-10
379.0 1.633212987593724e-10
380.0 1.633212987593724e-10
381.0 1.633212987593724e-10
382.0 1.633212987593724e-10
383.0 0.00025324243324575946
384.0 0.0009700502232590225
385.0 0.0009170646990241949
386.0 0.0008640791747893672
387.0 0.00014521392586175352
388.0 1.633212987593724e-10
389.0 1.633212987593724e-10
390.0 7.57453165078914e-05
391.0 0.0002918710606536479
392.0 0.0005079967650090111
393.0 0.0003264556880822056
394.0 0.0001449145543119812
395.0 0.00022664594325760845
396.0 0.00030837738904665457
397.0 0.0005905375019210624
398.0 0.0008726976375328377
399.0 0.0008416183845838532
400.0 0.0008105391316348687
401.0 0.001654403968132101
402.0 0.0024982678951346315
403.0 0.0038113241316750646
404.0 0.005124380186316557
405.0 0.004435924347490072
406.0 0.003747467781067826
407.0 0.0017283553461311385
408.0 1.633212987593724e-10
409.0 0.0006475754162238445
410.0 0.001585908466950059
411.0 0.004027723480248824
412.0 0.00646953922114335
413.0 0.005767663242295384
414.0 0.0050657876272452995
415.0 0.005326994141796604
416.0 0.0055882013839436695
417.0 0.004430883200257085
418.0 0.0032735653803683817
419.0 0.0037509631511056796
420.0 0.004228360921842977
421.0 0.004670708221965469
422.0 0.0051130547944922
423.0 0.004548453944153152
424.0 0.003983853093814105
425.0 0.004308346615289338
426.0 0.00463283940916881
427.0 0.004671383430832066
428.0 0.004709927088697441
429.0 0.004613432247424498
430.0 0.004516938133747317
431.0 0.003928699516109191
432.0 0.0033404612622689456
433.0 0.00349916736013256
434.0 0.0036578734579961747
435.0 0.002783010495477356
436.0 0.001908147351059597
437.0 0.0015327368600992486
438.0 0.0011573264600883704
439.0 0.0016420166502939537
440.0 0.0021267065676511265
441.0 0.0017871670934255235
442.0 0.0014476276191999204
443.0 0.001066920503944857
444.0 0.0006862133886897936
445.0 0.0006678280897176592
446.0 0.0006494430181192001
447.0 0.0002615766334201908
448.0 1.633212987593724e-10
449.0 1.633212987593724e-10
450.0 1.633212987593724e-10
451.0 1.871672452580242e-05
452.0 0.00029447960514517035
453.0 0.0009818453690968454
454.0 0.0016692112694727257
455.0 0.0015955332855810411
456.0 0.0015218553016893566
457.0 0.0007965006261656526
458.0 7.114585969247855e-05
459.0 0.0001590299689269159
460.0 0.00024691407816135325
461.0 0.00045247061279951595
462.0 0.0006580270110134734
463.0 0.0005433067144622328
464.0 0.000428586326961522
465.0 0.00040583672671345994
466.0 0.000383087171940133
467.0 0.00044274365791352466
468.0 0.0005024000984121813
469.0 0.00032077327887236606
470.0 0.00013914640248913202
471.0 0.00028883280265290523
472.0 0.00043851928239746485
473.0 0.0006519800081150606
474.0 0.0008654408702568617
475.0 0.0007695458407397382
476.0 0.0006736510385962902
477.0 0.0007555164302175399
478.0 0.0008373817763640545
479.0 0.001067098946805345
480.0 0.0012968162081961054
481.0 0.0022247764718485996
482.0 0.0031527360988548025
483.0 0.004694883318734355
484.0 0.006237030174816027
485.0 0.006327636947389692
486.0 0.0064182429923675954
487.0 0.009529124508844689
488.0 0.012640004570130259
489.0 0.015715310291852802
490.0 0.018790614558383822
491.0 0.02156993723474443
492.0 0.02434925700072199
493.0 0.02652132825460285
494.0 0.028693399508483708
495.0 0.026444942341186106
496.0 0.024196479353122413
497.0 0.019473997235763818
498.0 0.014751516573596746
499.0 0.010337543062632903
500.0 0.005923570279264823
501.0 0.004183254350209609
502.0 0.002442938057356514
503.0 0.0023793993022991344
504.0 0.002315860183443874
505.0 0.00195662141777575
506.0 0.0015973826521076262
507.0 0.0018366228687227704
508.0 0.0020758630853379145
509.0 0.0023741798941046
510.0 0.002672497066669166
511.0 0.002290469637955539
512.0 0.0019084422092419118
513.0 0.0018469796486897394
514.0 0.001785517088137567
515.0 0.002144375321222469
516.0 0.0025032337362063117
517.0 0.0022403430193662643
518.0 0.0019774524844251573
519.0 0.0020342473362688906
520.0 0.0020910423700115643
521.0 0.001879616866062861
522.0 0.0016681911802152172
523.0 0.001684077324171085
524.0 0.0016999634681269526
525.0 0.0021502964955288917
526.0 0.0026006293410318904
527.0 0.0025568178898538463
528.0 0.0025130066205747426
529.0 0.002624229819048196
530.0 0.0027354530175216496
531.0 0.0025541237846482545
532.0 0.002372794369875919
533.0 0.002076599957945291
534.0 0.0017804053641157225
535.0 0.0018728898794506676
536.0 0.001965374394785613
537.0 0.002386487540206872
538.0 0.002807600685628131
539.0 0.0034364940802333876
540.0 0.004065387474838644
541.0 0.004578767766361125
542.0 0.005092148057883605
543.0 0.005177300772629678
544.0 0.005262453487375751
545.0 0.004341925523476675
546.0 0.0034213982871733606
547.0 0.0027009082259610295
548.0 0.0019804178009508178
549.0 0.0017437594578950666
550.0 0.0015071012057887856
551.0 0.0013886588931200095
552.0 0.0012702168532996438
553.0 0.001469740345783066
554.0 0.0016692638382664882
555.0 0.001254105973202968
556.0 0.0008389481081394479
557.0 0.0008490267646266147
558.0 0.000859105603012722
559.0 0.00043481882130436134
560.0 1.053204741197078e-05
561.0 0.0006630745701841079
562.0 0.0013156171917216852
563.0 0.0014102282875683159
564.0 0.0015048395653138869
565.0 0.0013252057215140667
566.0 0.0011455719686637167
567.0 0.001143172357842559
568.0 0.0011407728379708715
569.0 0.0009054231668415014
570.0 0.0006700735411868664
571.0 0.00047169010031211656
572.0 0.00027330665943736676
573.0 0.0004195495421299711
574.0 0.0005657924248225754
575.0 0.0005213330496189883
576.0 0.0004768736744154012
577.0 0.0005582833637163276
578.0 0.0006396930075425189
579.0 0.0003899826879205648
580.0 0.00014027236829861067
581.0 0.00031762899652676424
582.0 0.0004949855792801827
583.0 0.0004826371878152713
584.0 0.00047028865992615465
585.0 0.0006288786153163528
586.0 0.0007874687071307562
587.0 0.0007122689567040652
588.0 0.000637069115327904
589.0 0.0006653194304817589
590.0 0.000693569836585084
591.0 0.0008158627679222263
592.0 0.0009381558811583091
593.0 0.0006939623290236341
594.0 0.000449768731414224
595.0 0.0004963212177244714
596.0 0.0005428735676105134
597.0 0.00050068865675712
598.0 0.00045850383685319684
599.0 0.00041731195778993424
600.0 0.00037612003325193655
601.0 0.0003556209776434116
602.0 0.0003351218992975191
603.0 0.0002501721610315144
604.0 0.00016522234318472329
605.0 0.00013485973795468453
606.0 0.00010449715546201332
607.0 0.0002603368102427339
608.0 0.00041617649912950583
609.0 0.0003641447619884275
610.0 0.0003121128884231439
611.0 0.0005399130714067724
612.0 0.0007677132998651359
613.0 0.0005342678832676029
614.0 0.00030082255761954
615.0 0.00018345291437071864
616.0 6.608329385926481e-05
617.0 0.00020655140815506456
618.0 0.0003470196134003345
619.0 0.0003909218776243506
620.0 0.0004348242327978369
621.0 0.00045507531467592344
622.0 0.0004753264420287451
623.0 0.0005205345132708317
624.0 0.0005657426299876533
625.0 0.0004324955625634175
626.0 0.0002992485406139167
627.0 0.0002751002057266305
628.0 0.00025095187083934434
629.0 0.00035630871479952475
630.0 0.00046166555875970516
631.0 0.000488283512822818
632.0 0.0005149014668859309
633.0 0.0004110321697226027
634.0 0.0003071627588724368
635.0 0.0004018038907815935
636.0 0.0004964449544786476
637.0 0.00048390761548944283
638.0 0.00047137018555076793
639.0 0.0006171410859678872
640.0 0.0007629119409102714
641.0 0.0005919830528000602
642.0 0.0004210542556393193
643.0 0.0006186367500049528
644.0 0.0008162192898453213
645.0 0.0008413014256802853
646.0 0.0008663835615152493
647.0 0.0007833012205082923
648.0 0.0007002190159255406
649.0 0.0007183605248428648
650.0 0.0007365020337601891
651.0 0.0008461203833576292
652.0 0.0009557387784298044
653.0 0.001087456530513009
654.0 0.001219174373545684
655.0 0.001696657454886008
656.0 0.0021741401724284515
657.0 0.0031380615837406367
658.0 0.0041019822674570605
659.0 0.00673579634167254
660.0 0.0693795329425484
661.0 0.10522021912038326
662.0 0.10848254896700382
663.0 0.1272376161068678
664.0 0.09399496484547853
665.0 0.12819144176319242
666.0 0.10189575841650367
667.0 0.12375400401651859
668.0 0.17717104637995362
669.0 0.24246526882052422
670.0 0.32189427874982357
671.0 0.4908815026283264
672.0 0.7401433307677507
673.0 1.1604232713580132
674.0 1.7884129658341408
675.0 2.6069529354572296
676.0 3.6469057202339172
677.0 4.903421550989151
678.0 6.247512251138687
679.0 7.630440592765808
680.0 9.377584606409073
681.0 11.367904394865036
682.0 13.836541771888733
683.0 16.5449857711792
684.0 19.53253448009491
685.0 22.394655644893646
686.0 25.3664493560791
687.0 28.617626428604126
688.0 31.795722246170044
689.0 35.0505530834198
690.0 38.70302140712738
691.0 42.71618723869324
692.0 47.446027398109436
693.0 52.51407027244568
694.0 58.32647681236267
695.0 63.926297426223755
696.0 70.15789747238159
697.0 75.76233148574829
698.0 81.97627663612366
699.0 86.67583465576172
700.0 90.37411212921143
701.0 93.42195391654968
702.0 95.57087421417236
703.0 96.7974603176117
704.0 97.39296436309814
705.0 97.89883494377136
706.0 97.90772199630737
707.0 98.0955958366394
708.0 98.12905192375183
709.0 98.1610894203186
710.0 97.90765643119812
711.0 98.1338620185852
712.0 97.99054861068726
713.0 98.07365536689758
714.0 98.20061922073364
715.0 98.24488162994385
716.0 98.06632399559021
717.0 98.32448959350586
718.0 98.33022356033325
719.0 98.31541776657104
720.0 98.57935309410095
721.0 98.51052165031433
722.0 98.1959581375122
723.0 97.98057079315186
724.0 97.65068888664246
725.0 97.36749529838562
726.0 97.12558388710022
727.0 96.83622717857361
728.0 96.55412435531616
729.0 96.40220403671265
730.0 96.32576704025269
731.0 96.39004468917847
732.0 96.371328830719
733.0 96.6361403465271
734.0 97.01585173606873
735.0 97.18776345252991
736.0 97.66838550567627
737.0 97.99269437789917
738.0 98.33194613456726
739.0 98.70975613594055
740.0 98.84189367294312
741.0 98.74899983406067
742.0 99.00497198104858
743.0 98.83829951286316
744.0 98.6712098121643
745.0 98.66442680358887
746.0 98.62484931945801
747.0 98.85443449020386
748.0 98.68455529212952
749.0 98.62112402915955
750.0 98.63353967666626
751.0 98.49005937576294
752.0 98.42950701713562
753.0 98.64674806594849
754.0 98.55205416679382
755.0 98.71401786804199
756.0 98.76086115837097
757.0 98.70703220367432
758.0 98.8397479057312
759.0 98.87171387672424
760.0 98.74411821365356
761.0 98.6548125743866
762.0 98.72335195541382
763.0 98.66624474525452
764.0 98.54376912117004
765.0 98.4923005104065
766.0 98.5963761806488
767.0 98.40778708457947
768.0 98.43085408210754
769.0 98.5226035118103
770.0 98.23827147483826
771.0 98.3094573020935
772.0 98.32007884979248
773.0 98.14930558204651
774.0 98.05004000663757
775.0 98.16800951957703
776.0 98.02331328392029
777.0 98.01718592643738
778.0 98.05372953414917
779.0 98.12173247337341
780.0 97.96676635742188
781.0 98.23943972587585
782.0 98.17926287651062
783.0 98.23869466781616
784.0 98.23092818260193
785.0 98.33428263664246
786.0 98.5063910484314
787.0 98.26112985610962
788.0 98.35333824157715
789.0 98.434978723526
790.0 98.36833477020264
791.0 98.42289090156555
792.0 98.26504588127136
793.0 98.25114607810974
794.0 98.15540313720703
795.0 98.04988503456116
796.0 98.11393022537231
797.0 98.19344282150269
798.0 98.07985424995422
799.0 97.95460104942322
800.0 97.83421158790588
801.0 97.84232378005981
802.0 97.7715253829956
803.0 97.6090133190155
804.0 97.4036157131195
805.0 97.04367518424988
806.0 96.63785099983215
807.0 95.98357081413269
808.0 95.06865739822388
809.0 94.1038429737091
810.0 92.76509881019592
811.0 91.04564785957336
812.0 88.90180587768555
813.0 86.34634017944336
814.0 83.48109722137451
815.0 80.00308871269226
816.0 76.4439582824707
817.0 72.18691110610962
818.0 67.38840937614441
819.0 63.054484128952026
820.0 58.10874700546265
821.0 53.56197953224182
822.0 49.019309878349304
823.0 44.522398710250854
824.0 39.810606837272644
825.0 35.49619019031525
826.0 31.087779998779297
827.0 26.456236839294434
828.0 22.277531027793884
829.0 18.072859942913055
830.0 13.813863694667816
831.0 10.560833662748337
832.0 7.332898676395416
833.0 4.839411750435829
834.0 3.0425261706113815
835.0 1.8888190388679504
836.0 1.1107925325632095
837.0 0.6178288254886866
838.0 0.3585142083466053
839.0 0.1945915981195867
840.0 0.10590559104457498
841.0 0.09312057518400252
842.0 0.02644470368977636
843.0 0.018491277296561748
844.0 0.03643578675109893
845.0 1.633212987593724e-10
846.0 1.633212987593724e-10
847.0 1.633212987593724e-10
848.0 1.633212987593724e-10
849.0 1.633212987593724e-10
850.0 1.633212987593724e-10
851.0 0.00013103324363328284
852.0 0.0011472371625131927
853.0 0.001200522092403844
854.0 0.0012538072041934356
855.0 0.0007262496183102485
856.0 0.0001986920551644289
857.0 0.00016301710275001824
858.0 0.00012734196843666723
859.0 4.634982246898289e-05
860.0 1.633212987593724e-10
861.0 0.00011000003041772288
862.0 0.0002546423502280959
863.0 0.00016704581184967537
864.0 7.944930189296429e-05
865.0 1.633212987593724e-10
866.0 1.633212987593724e-10
867.0 1.633212987593724e-10
868.0 1.633212987593724e-10
869.0 1.633212987593724e-10
870.0 1.633212987593724e-10
871.0 2.0140990386607882e-05
872.0 0.0001623311618459411
873.0 0.00012068280739185866
874.0 7.903445862211811e-05
875.0 0.00011572299172257772
876.0 0.00015241154187606298
877.0 5.781074037258804e-05
878.0 1.633212987593724e-10
879.0 9.554671578371199e-05
880.0 0.00022788353817304596
881.0 9.13064070573455e-05
882.0 1.633212987593724e-10
883.0 5.600555255114159e-05
884.0 0.00015728179505458684
885.0 2.5154082550216117e-05
886.0 1.633212987593724e-10
887.0 1.633212987593724e-10
888.0 1.633212987593724e-10
889.0 1.633212987593724e-10
890.0 1.633212987593724e-10
891.0 5.525935620198652e-06
892.0 6.993381020947709e-05
893.0 6.97274913363799e-05
894.0 6.952117246328271e-05
895.0 1.633212987593724e-10
896.0 1.633212987593724e-10
897.0 1.633212987593724e-10
898.0 1.633212987593724e-10
