lsstCam/transmission_filter_detector/r20_s11/i_39/19700101T000000.ecsv
# %ECSV 1.0
# ---
# datatype:
# - {name: wavelength, unit: nm, datatype: float32}
# - {name: efficiency, unit: '%', datatype: float64}
# meta: !!omap
# - {MODE: DETECTOR}
# - {TYPE: transmission_filter_detector}
# - {CALIBDATE: '1970-01-01T00:00:00'}
# - {INSTRUME: LSSTCam}
# - {OBSTYPE: transmission_filter_detector}
# - {CALIBCLS: lsst.ip.isr.IntermediateFilterDetectorTransmissionCurve}
# - {SOURCE: Materion (DM-46256)}
# - {DETECTOR: 76}
# - {FILTER: i_39}
# - {CALIB_ID: 'calibDate=1970-01-01T00:00:00 filter=i_39 detector=76'}
# - {DATE: '2025-04-02T15:59:46.831553'}
# - {CALIB_CREATION_DATE: '2025-04-02'}
# - {CALIB_CREATION_TIME: '15:59:46'}
# - __serialized_columns__:
#     efficiency:
#       __class__: astropy.units.quantity.Quantity
#       unit: !astropy.units.Unit {unit: '%'}
#       value: !astropy.table.SerializedColumn {name: efficiency}
#     wavelength:
#       __class__: astropy.units.quantity.Quantity
#       unit: !astropy.units.Unit {unit: nm}
#       value: !astropy.table.SerializedColumn {name: wavelength}
# schema: astropy-2.0
wavelength efficiency
[from data line 600]
900.0 1.633212987593724e-10
901.0 1.633212987593724e-10
902.0 1.633212987593724e-10
903.0 1.633212987593724e-10
904.0 1.633212987593724e-10
905.0 1.633212987593724e-10
906.0 2.2269618682457804e-05
907.0 5.827585027873283e-05
908.0 9.428205771655485e-05
909.0 5.771433819745653e-06
910.0 1.633212987593724e-10
911.0 1.633212987593724e-10
912.0 1.4171914131111407e-05
913.0 5.2040024911548244e-05
914.0 8.990813284981414e-05
915.0 3.725276087607199e-05
916.0 1.633212987593724e-10
917.0 1.633212987593724e-10
918.0 1.633212987593724e-10
919.0 1.633212987593724e-10
920.0 2.9429094183797133e-05
921.0 2.220261876573204e-05
922.0 1.497613624223959e-05
923.0 1.633212987593724e-10
924.0 1.633212987593724e-10
925.0 0.0001320067212873255
926.0 0.00030746098218514817
927.0 5.1215783969382755e-05
928.0 1.633212987593724e-10
929.0 1.633212987593724e-10
930.0 0.00015454959338967456
931.0 0.0001603745204192819
932.0 0.0001661994360802055
933.0 7.141215974115767e-05
934.0 1.633212987593724e-10
935.0 1.633212987593724e-10
936.0 1.633212987593724e-10
937.0 1.633212987593724e-10
938.0 1.633212987593724e-10
939.0 1.633212987593724e-10
940.0 1.633212987593724e-10
941.0 1.633212987593724e-10
942.0 1.633212987593724e-10
943.0 1.633212987593724e-10
944.0 1.633212987593724e-10
945.0 1.633212987593724e-10
946.0 1.633212987593724e-10
947.0 1.633212987593724e-10
948.0 1.633212987593724e-10
949.0 1.633212987593724e-10
950.0 1.633212987593724e-10
951.0 1.633212987593724e-10
952.0 5.583614779425261e-05
953.0 1.633212987593724e-10
954.0 1.633212987593724e-10
955.0 7.486190156669181e-06
956.0 7.846094831620576e-05
957.0 7.016360541456379e-05
958.0 6.186625114423805e-05
959.0 3.9469648527301615e-05
960.0 1.707305585796348e-05
961.0 7.101571668499673e-05
962.0 0.00012495836472226074
963.0 0.00013811717280987068
964.0 0.00015127601500353194
965.0 9.209895779349608e-05
966.0 3.292191763648589e-05
967.0 1.633212987593724e-10
968.0 1.633212987593724e-10
969.0 5.85499542182788e-06
970.0 0.0001384909978696669
971.0 2.8416437203304667e-05
972.0 1.633212987593724e-10
973.0 7.793511969111933e-06
974.0 9.724514029585407e-05
975.0 1.633212987593724e-10
976.0 1.633212987593724e-10
977.0 1.633212987593724e-10
978.0 1.633212987593724e-10
979.0 1.633212987593724e-10
980.0 1.633212987593724e-10
981.0 1.633212987593724e-10
982.0 8.130563173835981e-05
983.0 1.633212987593724e-10
984.0 1.633212987593724e-10
985.0 2.9409341095743002e-05
986.0 0.0001610049821465509
987.0 7.629037668266392e-06
988.0 1.633212987593724e-10
989.0 1.633212987593724e-10
990.0 1.633212987593724e-10
991.0 1.633212987593724e-10
992.0 1.633212987593724e-10
993.0 1.633212987593724e-10
994.0 1.633212987593724e-10
995.0 1.633212987593724e-10
996.0 1.633212987593724e-10
997.0 7.576157941002748e-05
998.0 0.0002506598548279726
999.0 0.00021968091914459364
1000.0 0.00018870192661779583
1001.0 0.00014792152569498285
1002.0 0.000107141067928751
1003.0 0.00015187479220912792
1004.0 0.0001966084937521373
1005.0 7.499485832340724e-05
1006.0 1.633212987593724e-10
1007.0 2.9914218657722813e-05
1008.0 0.00010644730537023861
1009.0 0.000140702672979387
1010.0 0.00017495800648248405
1011.0 0.0002344677341170609
1012.0 0.000293977450382954
1013.0 0.00028033712169417413
1014.0 0.0002666967930053943
1015.0 0.00030362657525984105
1016.0 0.00034055642572639044
1017.0 0.0002913334583354299
1018.0 0.00024211058189393952
1019.0 0.00021296586965036113
1020.0 0.0001838211346694152
1021.0 0.0002840833758455119
1022.0 0.0003843455942842411
1023.0 0.00044120520215074066
1024.0 0.0004980648554919753
1025.0 0.0004040427938889479
1026.0 0.000310020709548553
1027.0 0.0002921856321336236
1028.0 0.00027435053198132664
1029.0 0.0007992391147126909
1030.0 0.001324127606494585
1031.0 0.0017642609236645512
1032.0 0.002204393967986107
1033.0 0.002487876008672174
1034.0 0.00277135750366142
1035.0 0.0032161940907826647
1036.0 0.003661030132207088
1037.0 0.003581451528589241
1038.0 0.0035018725611735135
1039.0 0.003047268728550989
1040.0 0.0025926647140295245
1041.0 0.002131998371623922
1042.0 0.0016713323930162005
1043.0 0.0022080144844949245
1044.0 0.002744696757872589
1045.0 0.0031660722015658394
1046.0 0.0035874480090569705
1047.0 0.0034304386645089835
1048.0 0.003273428956163116
1049.0 0.0027637037419481203
1050.0 0.002253978163935244
1051.0 0.0022786611225456
1052.0 0.0023033444449538365
1053.0 0.001870243067969568
1054.0 0.0014371416000358295
1055.0 0.0010753798960649874
1056.0 0.0007136181920941453
1057.0 0.0005835827778355451
1058.0 0.00045354763642535545
1059.0 0.0007725786417722702
1060.0 0.0010916098290181253
1061.0 0.001447954127797857
1062.0 0.0018042983356281184
1063.0 0.002308637158421334
1064.0 0.0028129756174166687
1065.0 0.0031629169825464487
1066.0 0.0035128581657772884
1067.0 0.004191961488686502
1068.0 0.004871065175393596
1069.0 0.004243218063493259
1070.0 0.003615370951592922
1071.0 0.003263112739659846
1072.0 0.0029108539820299484
1073.0 0.0027615544240688905
1074.0 0.002612255048006773
1075.0 0.0028647034923778847
1076.0 0.0031171515729511157
1077.0 0.0026796360543812625
1078.0 0.002242120353912469
1079.0 0.002119772216246929
1080.0 0.0019974242604803294
1081.0 0.0013626424333779141
1082.0 0.000727860697224969
1083.0 9.797623761187424e-05
1084.0 1.633212987593724e-10
1085.0 0.00011378511999282637
1086.0 0.0007594786893605487
1087.0 0.00039052874853950925
1088.0 2.157878640218769e-05
1089.0 1.633212987593724e-10
1090.0 1.633212987593724e-10
1091.0 1.633212987593724e-10
1092.0 1.633212987593724e-10
1093.0 1.633212987593724e-10
1094.0 6.779424097658193e-05
1095.0 1.633212987593724e-10
1096.0 1.633212987593724e-10
1097.0 1.633212987593724e-10
1098.0 1.633212987593724e-10
1099.0 0.0005585443432210013
1100.0 0.00135120581035153
