lsstCam/transmission_sensor/r24_s20/19700101T000000.ecsv
# %ECSV 1.0
# ---
# datatype:
# - {name: amp_name, datatype: string}
# - {name: wavelength, unit: nm, datatype: float32}
# - {name: efficiency, unit: '%', datatype: float64}
# meta: !!omap
# - {MODE: AMP}
# - {TYPE: transmission_sensor}
# - {CALIBDATE: '1970-01-01T00:00:00'}
# - {INSTRUME: LSSTCam}
# - {OBSTYPE: transmission_sensor}
# - {DETECTOR: 114}
# - {PARQUETFILE: qe_raft_allvalues_nircorrected_20230725_adjust.parquet}
# - {CORRFILE: qe_corr_factor_bydetnum.parquet}
# - {CALIBCLS: lsst.ip.isr.IntermediateSensorTransmissionCurve}
# - {CALIB_ID: 'raftName=R24 detectorName=S20 detector=114 calibDate=1970-01-01T00:00:00 ccd=114 ccdnum=114 filter=None'}
# - {DATE: '2025-03-03T21:56:48.020757'}
# - {CALIB_CREATION_DATE: '2025-03-03'}
# - {CALIB_CREATION_TIME: '21:56:48'}
# - __serialized_columns__:
#     efficiency:
#       __class__: astropy.units.quantity.Quantity
#       unit: !astropy.units.Unit {unit: '%'}
#       value: !astropy.table.SerializedColumn {name: efficiency}
#     wavelength:
#       __class__: astropy.units.quantity.Quantity
#       unit: !astropy.units.Unit {unit: nm}
#       value: !astropy.table.SerializedColumn {name: wavelength}
# schema: astropy-2.0
amp_name wavelength efficiency
C00 319.994 40.5121862897954
C00 324.969 45.77325080943394
C00 349.982 69.406002968567
C00 374.975 76.33353546675943
C00 400.019 83.8085980676105
C00 424.965 86.3676096408883
C00 450.035 88.63151437626534
C00 475.003 90.15034897556234
C00 500.018 92.65008330827916
C00 525.002 94.81851543768072
C00 550.029 95.63028008465915
C00 575.023 97.53876506522342
C00 599.982 98.29190738462754
C00 619.997 98.40709591760873
C00 624.979 98.46810182384384
C00 650.012 99.28882202515163
C00 675.004 99.06829911505847
C00 700.03 99.20361479947886
C00 725.012 98.57719814299553
C00 750.022 98.8010336943585
C00 774.987 98.28234260891523
C00 799.976 97.44386360429445
C00 824.988 95.74904779326518
C00 850.022 93.79704917542374
C00 869.967 90.95627271253176
C00 875.002 89.64593651628196
C00 899.999 82.56280126161693
C00 919.999 74.5572134499588
C00 925.012 72.20225296363266
C00 949.965 58.44360105873321
C00 975.002 43.51886896579913
C00 999.976 26.369721106004082
C00 1025.028 11.54733344586348
C00 1050.014 4.130457198534558
C00 1075.002 0.941272587356361
C00 1099.99 0.09339220138814307
C01 319.994 40.677304322742955
C01 324.969 45.96966759093052
C01 349.982 69.98786269615485
C01 374.975 77.11406228732713
C01 400.019 84.27131693849527
C01 424.965 86.62581289351691
C01 450.035 88.7721226714501
C01 475.003 90.21879499793673
C01 500.018 92.67228181242038
C01 525.002 94.82348059195175
C01 550.029 95.63318911676274
C01 575.023 97.5507134195965
C01 599.982 98.31490549183388
C01 619.997 98.44192815017887
C01 624.979 98.50389358009213
C01 650.012 99.34263911906794
C01 675.004 99.14286019706421
C01 700.03 99.314820547669
C01 725.012 98.76435095183764
C01 750.022 99.07575446173232
C01 774.987 98.6469844524124
C01 799.976 97.83952243145104
C01 824.988 96.12231773459837
C01 850.022 94.13995704608419
C01 869.967 91.22669846915578
C01 875.002 89.89356977791638
C01 899.999 82.82853601359224
C01 919.999 74.73071208455555
C01 925.012 72.34098028779756
C01 949.965 58.56477899943552
C01 975.002 43.710899353338476
C01 999.976 26.389555069652733
C01 1025.028 11.463766358382605
C01 1050.014 4.087653684931886
C01 1075.002 0.943889836674937
C01 1099.99 0.09365188246111465
C02 319.994 40.93549234483698
C02 324.969 46.25967600738274
C02 349.982 70.47220131086704
C02 374.975 77.60284060286757
C02 400.019 84.50288960142169
C02 424.965 86.71915322465208
C02 450.035 88.78433756017824
C02 475.003 90.1851735928652
C02 500.018 92.60688189696074
C02 525.002 94.73376512804514
C02 550.029 95.53262189697234
C02 575.023 97.43684994312324
C02 599.982 98.19631293437546
C02 619.997 98.32094439879236
C02 624.979 98.38565894019618
C02 650.012 99.22461770665603
C02 675.004 99.02557746557912
C02 700.03 99.20217551396163
C02 725.012 98.66893926800044
C02 750.022 99.00282304692595
C02 774.987 98.59521586539626
C02 799.976 97.7903658811143
C02 824.988 96.06999323307029
C02 850.022 94.05715624487407
C02 869.967 91.06687685460625
C02 875.002 89.73846201381743
C02 899.999 82.78624081908096
C02 919.999 74.5942084184384
C02 925.012 72.19811787349589
C02 949.965 58.50664024133391
C02 975.002 43.8004929729685
C02 999.976 26.45676170727618
C02 1025.028 11.42104851653691
C02 1050.014 4.016406196104344
C02 1075.002 0.9431950221747583
C02 1099.99 0.09358294360471989
C03 319.994 41.42069910001988
C03 324.969 46.809060427625724
C03 349.982 71.32304750956169
C03 374.975 78.42654598895183
C03 400.019 85.05192752700313
C03 424.965 87.11571826861581
C03 450.035 89.09948778157806
C03 475.003 90.45234001509044
C03 500.018 92.84325979354519
C03 525.002 94.95346558927133
C03 550.029 95.7342437136595
C03 575.023 97.63298876736386
C03 599.982 98.38625293104457
C03 619.997 98.50728998930207
C03 624.979 98.57018448182433
C03 650.012 99.40367548637221
C03 675.004 99.20128452768907
C03 700.03 99.36959716526346
C03 725.012 98.82394803362467
C03 750.022 99.14318003829025
C03 774.987 98.72265736344202
C03 799.976 97.90540210874975
C03 824.988 96.18715412027878
C03 850.022 94.16289423115225
C03 869.967 91.050092805506
C03 875.002 89.70399531407706
C03 899.999 82.98004937153179
C03 919.999 74.74917149245891
C03 925.012 72.28242649762882
C03 949.965 58.39796656951664
C03 975.002 43.75202560432122
C03 999.976 26.609061341563105
C03 1025.028 11.54232259998872
C03 1050.014 4.027704872987032
C03 1075.002 0.9445321966564814
C03 1099.99 0.09371561682835951
C04 319.994 41.679359268685694
C04 324.969 47.101353424264
C04 349.982 71.80350233795758
C04 374.975 78.91138721130496
C04 400.019 85.35385002912565
C04 424.965 87.31286230813829
C04 450.035 89.23842071795971
C04 475.003 90.55567919217327
C04 500.018 92.92389785884585
C04 525.002 95.01898734900756
C04 550.029 95.78908125339224
C04 575.023 97.68304391924045
C04 599.982 98.43044432711027
C04 619.997 98.55164892124809
C04 624.979 98.60995902286365
C04 650.012 99.44044199683321
C04 675.004 99.23795965494263
C04 700.03 99.39708828016906
C04 725.012 98.8271769069543
C04 750.022 99.11817150052018
C04 774.987 98.66965510312541
C04 799.976 97.83951481618375
C04 824.988 96.1145273161639
C04 850.022 94.11000619984493
C04 869.967 90.96722346689027
C04 875.002 89.58643843296964
C04 899.999 82.88643489077431
C04 919.999 74.84258797626694
C04 925.012 72.43696311668127
C04 949.965 58.41490673159628
C04 975.002 43.5708241268638
C04 999.976 26.584149898450935
C04 1025.028 11.565487291166967
C04 1050.014 4.074273660308856
C04 1075.002 0.9442939421687907
C04 1099.99 0.09369197743697073
C05 319.994 41.8485933536018
C05 324.969 47.29418722250211
C05 349.982 72.14819218116317
C05 374.975 79.3032993269564
C05 400.019 85.57673367207775
C05 424.965 87.43703685651798
C05 450.035 89.31340063966623
C05 475.003 90.59687778819523
C05 500.018 92.94721580727824
C05 525.002 95.0293441125177
C05 550.029 95.79604922295974
C05 575.023 97.6862042551645
C05 599.982 98.43435095922842
C05 619.997 98.55365173654452
C05 624.979 98.61472618018522
C05 650.012 99.44727289158953
C05 675.004 99.24370156647693
C05 700.03 99.39382133050299
C05 725.012 98.80117076916964
C05 750.022 99.05815557903236
C05 774.987 98.57623861931738
C05 799.976 97.73479727572202
C05 824.988 96.01267311620202
C05 850.022 94.00882975867158
C05 869.967 90.88275492214431
C05 875.002 89.49261072472812
C05 899.999 82.7787930876744
C05 919.999 74.82482155768668
C05 925.012 72.45137881765531
C05 949.965 58.423534829432306
C05 975.002 43.40491791375206
C05 999.976 26.50456083621904
C05 1025.028 11.54521735346614
C05 1050.014 4.097519739656231
C05 1075.002 0.9437221741841749
C05 1099.99 0.0936352471428096
C06 319.994 42.17172818275189
C06 324.969 47.662099823299
C06 349.982 72.82272971163222
C06 374.975 80.0321565589827
C06 400.019 86.07323386864708
C06 424.965 87.80573002221178
C06 450.035 89.61499568529541
C06 475.003 90.85609387137299
C06 500.018 93.18082174657025
C06 525.002 95.25603538911324
C06 550.029 96.0158258368588
C06 575.023 97.90614840494386
C06 599.982 98.65443979908625
C06 619.997 98.77815743142874
C06 624.979 98.83817335291656
C06 650.012 99.67833533160773
C06 675.004 99.47123052247402
C06 700.03 99.62136551703466
C06 725.012 99.00381303167325
C06 750.022 99.23182174950942
C06 774.987 98.71674030076012
C06 799.976 97.86143917070265
C06 824.988 96.13220235153673
C06 850.022 94.10209393713387
C06 869.967 90.97828845025809
C06 875.002 89.58692581007601
C06 899.999 82.81054875226066
C06 919.999 74.8623876712128
C06 925.012 72.51205726739708
C06 949.965 58.50313341074831
C06 975.002 43.38053002026586
C06 999.976 26.47701641444243
C06 1025.028 11.546707090129136
C06 1050.014 4.117454605596434
C06 1075.002 0.9453766838940951
C06 1099.99 0.09379940607626107
C07 319.994 42.251856025144335
C07 324.969 47.75892794685155
C07 349.982 73.08455021622208
C07 374.975 80.35033765676269
C07 400.019 86.25356339800015
C07 424.965 87.89952726938415
C07 450.035 89.65655981414714
C07 475.003 90.86887990514764
C07 500.018 93.18312155729089
C07 525.002 95.25116161804964
C07 550.029 96.00972600776201
C07 575.023 97.90358205986819
C07 599.982 98.6578895151672
C07 619.997 98.78048008795123
C07 624.979 98.84326796673146
C07 650.012 99.68799149052748
C07 675.004 99.48623259902915
C07 700.03 99.63030584082944
C07 725.012 98.99628914759383
C07 750.022 99.20030977347635
C07 774.987 98.66001417474024
C07 799.976 97.79147771013818
C07 824.988 96.04912740070426
C07 850.022 94.01018527624865
C07 869.967 90.86222416153892
C07 875.002 89.44865540194832
C07 899.999 82.6753929884533
C07 919.999 74.77938887305321
C07 925.012 72.44805094585095
C07 949.965 58.39892609319478
C07 975.002 43.21402220103845
C07 999.976 26.444120363579977
C07 1025.028 11.567073170579457
C07 1050.014 4.141234229608095
C07 1075.002 0.9450764713760067
C07 1099.99 0.0937696192660159
C10 319.994 38.89382014705902
C10 324.969 43.92777074276759
C10 349.982 66.20486444239306
C10 374.975 73.09198271709407
C10 400.019 81.86188444526616
C10 424.965 85.13767543665328
C10 450.035 87.79725422972149
C10 475.003 89.55871124477815
C10 500.018 92.19868833984997
C10 525.002 94.45925758815535
C10 550.029 95.32612630922158
C10 575.023 97.26732647805024
C10 599.982 98.03111494112139
C10 619.997 98.15351513222325
C10 624.979 98.2128761407244
C10 650.012 99.03673383215438
C10 675.004 98.8243973343946
C10 700.03 99.00463548054023
C10 725.012 98.52194937882929
C10 750.022 98.93717944291315
C10 774.987 98.61155822899389
C10 799.976 97.85256738431345
C10 824.988 96.1586730206259
C10 850.022 94.3573348507879
C10 869.967 91.45923827102763
C10 875.002 90.05257655886622
C10 899.999 82.95230695280573
C10 919.999 74.49913180636183
C10 925.012 72.09883001860968
C10 949.965 58.336956855647884
C10 975.002 43.437640717283735
C10 999.976 26.41264456006652
C10 1025.028 11.51594045838177
C10 1050.014 4.16322759748678
C10 1075.002 0.9425696369919888
C10 1099.99 0.09352089346141507
C11 319.994 39.211993629571715
C11 324.969 44.29491420156851
C11 349.982 66.91583341156249
C11 374.975 73.83591817834836
C11 400.019 82.17362302692145
C11 424.965 85.20556554451572
C11 450.035 87.71998972782892
C11 475.003 89.39326194770362
C11 500.018 91.97621592133136
C11 525.002 94.1977797705934
C11 550.029 95.0482452059237
C11 575.023 96.97558558829026
C11 599.982 97.7400822712191
C11 619.997 97.86029688060962
C11 624.979 97.92233084792846
C11 650.012 98.74682060654327
C11 675.004 98.54324166616338
C11 700.03 98.75304989518392
C11 725.012 98.3416807716145
C11 750.022 98.84030562775688
C11 774.987 98.60435418614051
C11 799.976 97.88210700611921
C11 824.988 96.16373717337166
C11 850.022 94.32656155568165
C11 869.967 91.4039895068614
C11 875.002 90.07156142021239
C11 899.999 82.86199749805074
C11 919.999 74.63037332278375
C11 925.012 72.36353670950126
C11 949.965 58.73685357904962
C11 975.002 43.64025251871819
C11 999.976 26.46693760818826
C11 1025.028 11.442489301583091
C11 1050.014 4.094123806400493
C11 1075.002 0.9416467230773434
C11 1099.99 0.09342932279066754
C12 319.994 39.70285852834876
C12 324.969 44.854251776155444
C12 349.982 67.90144699543288
C12 374.975 74.88264428219588
C12 400.019 82.81329786375122
C12 424.965 85.61076630158277
C12 450.035 87.9937433562573
C12 475.003 89.58729895817306
C12 500.018 92.12146191429382
C12 525.002 94.3186416777033
C12 550.029 95.15100562269272
C12 575.023 97.06613873159843
C12 599.982 97.82865544503268
C12 619.997 97.95059110483004
C12 624.979 98.01021864768623
C12 650.012 98.83837134986601
C12 675.004 98.63926257138351
C12 700.03 98.85856703871079
C12 725.012 98.47787982704017
C12 750.022 99.01541108375116
C12 774.987 98.82065062288946
C12 799.976 98.10916381554452
C12 824.988 96.36915139316768
C12 850.022 94.4904268771605
C12 869.967 91.60385219680529
C12 875.002 90.29608234563116
C12 899.999 82.9051684483
C12 919.999 74.68813512515466
C12 925.012 72.35043083450057
C12 949.965 58.83063178805378
C12 975.002 43.76175410828019
C12 999.976 26.46336985546436
C12 1025.028 11.409498059879551
C12 1050.014 4.058964593291221
C12 1075.002 0.9433149432930081
C12 1099.99 0.09359484206790336
C13 319.994 40.259945791452424
C13 324.969 45.487990512135084
C13 349.982 68.99048352432624
C13 374.975 76.04076651591572
C13 400.019 83.64581411408638
C13 424.965 86.24615374293002
C13 450.035 88.52892149537664
C13 475.003 90.06047359104271
C13 500.018 92.56425924595614
C13 525.002 94.74157077701419
C13 550.029 95.56277835542834
C13 575.023 97.48446820946803
C13 599.982 98.24667269694352
C13 619.997 98.37099955066896
C13 624.979 98.4314647729267
C13 650.012 99.26661590574312
C13 675.004 99.07177167694128
C13 700.03 99.29803649856875
C13 725.012 98.92568038930997
C13 750.022 99.47698004927561
C13 774.987 99.29203566794669
C13 799.976 98.5806935506802
C13 824.988 96.8331191678875
C13 850.022 94.90874873976283
C13 869.967 91.99529216588496
C13 875.002 90.67118756638051
C13 899.999 83.30314231671181
C13 919.999 74.86818288961811
C13 925.012 72.57577420878633
C13 949.965 59.13696733756904
C13 975.002 44.181583793805316
C13 999.976 26.655042325441226
C13 1025.028 11.47595554558365
C13 1050.014 4.049249416049997
C13 1075.002 0.9477122878395488
C13 1099.99 0.09403114255405373
C14 319.994 40.49861969112384
C14 324.969 45.758644726777725
C14 349.982 69.51594458238753
C14 374.975 76.57779516498577
C14 400.019 83.88308299694337
C14 424.965 86.31602382028706
C14 450.035 88.49571893000588
C14 475.003 89.96104104607805
C14 500.018 92.4218385171571
C14 525.002 94.5728469150063
C14 550.029 95.37637184278034
C14 575.023 97.28906806615424
C14 599.982 98.04689377493979
C14 619.997 98.17199738592848
C14 624.979 98.23272152727398
C14 650.012 99.0668293684721
C14 675.004 98.87330258091087
C14 700.03 99.09464793987104
C14 725.012 98.71798920459517
C14 750.022 99.2628615789707
C14 774.987 99.067994504367
C14 799.976 98.34605955030446
C14 824.988 96.59831763163145
C14 850.022 94.64877112985639
C14 869.967 91.7268616092901
C14 875.002 90.3794086002841
C14 899.999 83.05866177573415
C14 919.999 74.5490346528927
C14 925.012 72.22761941896522
C14 949.965 58.823972236811414
C14 975.002 44.05640022251011
C14 999.976 26.556038139261457
C14 1025.028 11.434477088488894
C14 1050.014 4.019187672480873
C14 1075.002 0.9456723918378109
C14 1099.99 0.09382874594677523
C15 319.994 40.85180436498793
C15 324.969 46.15923063186892
C15 349.982 70.18782438457346
C15 374.975 77.28834529445443
C15 400.019 84.4067240061231
C15 424.965 86.72537489802544
C15 450.035 88.84359195493738
C15 475.003 90.27444737126918
C15 500.018 92.71640467108051
C15 525.002 94.85879258636096
C15 550.029 95.65684213695576
C15 575.023 97.56764977404251
C15 599.982 98.32537648435333
C15 619.997 98.45162238543504
C15 624.979 98.51235414204784
C15 650.012 99.34815257258363
C15 675.004 99.1541155621142
C15 700.03 99.37705251193731
C15 725.012 98.98651114439748
C15 750.022 99.51257380857444
C15 774.987 99.30522531088755
C15 799.976 98.57520294296637
C15 824.988 96.81267979048954
C15 850.022 94.86119139555633
C15 869.967 91.91840842735672
C15 875.002 90.54662463936918
C15 899.999 83.21892507578632
C15 919.999 74.73036939752764
C15 925.012 72.2561690560237
C15 949.965 58.69791290977822
C15 975.002 43.94084615669915
C15 999.976 26.484705930585346
C15 1025.028 11.440534081707188
C15 1050.014 4.033419179177416
C15 1075.002 0.9480513883914977
C15 1099.99 0.09406478779929281
C16 319.994 41.21850233065256
C16 324.969 46.57465488526859
C16 349.982 70.75159023708771
C16 374.975 77.74348697438876
C16 400.019 84.60280190822542
C16 424.965 86.80407107016795
C16 450.035 88.86566861480202
C16 475.003 90.26030581991745
C16 500.018 92.6803311499426
C16 525.002 94.80371897334233
C16 550.029 95.59031516193767
C16 575.023 97.49177125079613
C16 599.982 98.23697846168734
C16 619.997 98.35541109853274
C16 624.979 98.42008756360012
C16 650.012 99.24559776803136
C16 675.004 99.04686213764593
C16 700.03 99.25680744147763
C16 725.012 98.8491621836115
C16 750.022 99.35895102159641
C16 774.987 99.13022646863529
C16 799.976 98.38624531577727
C16 824.988 96.62921277101428
C16 850.022 94.65082725202384
C16 869.967 91.69696406992185
C16 875.002 90.39134172412263
C16 899.999 83.14544536173531
C16 919.999 74.7822369830185
C16 925.012 72.18712904280093
C16 949.965 58.54765226330735
C16 975.002 43.7555476654414
C16 999.976 26.466050429549338
C16 1025.028 11.477113066211254
C16 1050.014 4.058409154733485
C16 1075.002 0.9465878320087624
C16 1099.99 0.09391957507953942
C17 319.994 41.414081432747594
C17 324.969 46.80227903210677
C17 349.982 71.18365004187555
C17 374.975 78.17036839742153
C17 400.019 84.84958225992372
C17 424.965 86.94720001882467
C17 450.035 88.95715082071918
C17 475.003 90.32718309723074
C17 500.018 92.72874901935252
C17 525.002 94.84585424724058
C17 550.029 95.62640391361013
C17 575.023 97.52623033526922
C17 599.982 98.27621993401658
C17 619.997 98.39095155096055
C17 624.979 98.45359473966235
C17 650.012 99.27935624791405
C17 675.004 99.08215128625328
C17 700.03 99.28685728619162
C17 725.012 98.87448294734034
C17 750.022 99.36567530261073
C17 774.987 99.12400479526191
C17 799.976 98.37291859802525
C17 824.988 96.61001468218409
C17 850.022 94.62440988980569
C17 869.967 91.64626923559315
C17 875.002 90.30298939306036
C17 899.999 83.08283263410267
C17 919.999 74.63337373809478
C17 925.012 72.24556098869309
C17 949.965 58.697810103669845
C17 975.002 43.96527212652178
C17 999.976 26.591706147416332
C17 1025.028 11.545979832103239
C17 1050.014 4.077832369902851
C17 1075.002 0.9466518943135183
C17 1099.99 0.09392593128256448
