lsstCam/transmission_sensor/r24_s20/19700101T000000.ecsv
# %ECSV 1.0
# ---
# datatype:
# - {name: amp_name, datatype: string}
# - {name: wavelength, unit: nm, datatype: float32}
# - {name: efficiency, unit: '%', datatype: float64}
# meta: !!omap
# - {MODE: AMP}
# - {TYPE: transmission_sensor}
# - {CALIBDATE: '1970-01-01T00:00:00'}
# - {INSTRUME: LSSTCAM}
# - {OBSTYPE: transmission_sensor}
# - {DETECTOR: 114}
# - {PARQUETFILE: qe_raft_allvalues_nircorrected_20230725.parquet}
# - {CALIBCLS: lsst.ip.isr.IntermediateSensorTransmissionCurve}
# - {CALIB_ID: 'raftName=R24 detectorName=S20 detector=114 calibDate=1970-01-01T00:00:00 ccd=114 ccdnum=114 filter=None'}
# - {DATE: '2023-08-02T16:57:55.890872'}
# - {CALIB_CREATION_DATE: '2023-08-02'}
# - {CALIB_CREATION_TIME: '16:57:55'}
# - __serialized_columns__:
#     efficiency:
#       __class__: astropy.units.quantity.Quantity
#       unit: !astropy.units.Unit {unit: '%'}
#       value: !astropy.table.SerializedColumn {name: efficiency}
#     wavelength:
#       __class__: astropy.units.quantity.Quantity
#       unit: !astropy.units.Unit {unit: nm}
#       value: !astropy.table.SerializedColumn {name: wavelength}
# schema: astropy-2.0
amp_name wavelength efficiency
C00 319.994 40.58734130859375
C00 324.969 45.8581657409668
C00 349.982 69.53475952148438
C00 374.975 76.47514343261719
C00 400.019 83.96407318115234
C00 424.965 86.52783203125
C00 450.035 88.79593658447266
C00 475.003 90.31758880615234
C00 500.018 92.82196044921875
C00 525.002 94.99441528320312
C00 550.029 95.80768585205078
C00 575.023 97.71971130371094
C00 599.982 98.47425079345703
C00 619.997 98.58965301513672
C00 624.979 98.65077209472656
C00 650.012 99.47301483154297
C00 675.004 99.25208282470703
C00 700.03 99.38764953613281
C00 725.012 98.76007080078125
C00 750.022 98.98432159423828
C00 774.987 98.46466827392578
C00 799.976 97.6246337890625
C00 824.988 95.92667388916016
C00 850.022 93.97105407714844
C00 869.967 91.12500762939453
C00 875.002 89.81224060058594
C00 899.999 82.7159652709961
C00 919.999 74.69552612304688
C00 925.012 72.33619689941406
C00 949.965 58.55202102661133
C00 975.002 43.59960174560547
C00 999.976 26.41864013671875
C00 1025.028 11.568755149841309
C00 1050.014 4.138119697570801
C00 1075.002 0.9430187621614209
C00 1099.99 0.09356545524812329
C01 319.994 40.75276565551758
C01 324.969 46.05494689941406
C01 349.982 70.1176986694336
C01 374.975 77.25711822509766
C01 400.019 84.42765045166016
C01 424.965 86.78651428222656
C01 450.035 88.93680572509766
C01 475.003 90.38616180419922
C01 500.018 92.84420013427734
C01 525.002 94.9993896484375
C01 550.029 95.81060028076172
C01 575.023 97.73168182373047
C01 599.982 98.4972915649414
C01 619.997 98.62454986572266
C01 624.979 98.68663024902344
C01 650.012 99.52693176269531
C01 675.004 99.3267822265625
C01 700.03 99.49906158447266
C01 725.012 98.94757080078125
C01 750.022 99.25955200195312
C01 774.987 98.82998657226562
C01 799.976 98.02102661132812
C01 824.988 96.3006362915039
C01 850.022 94.3145980834961
C01 869.967 91.39593505859375
C01 875.002 90.06033325195312
C01 899.999 82.98219299316406
C01 919.999 74.86934661865234
C01 925.012 72.47518157958984
C01 949.965 58.673423767089844
C01 975.002 43.791988372802734
C01 999.976 26.43851089477539
C01 1025.028 11.48503303527832
C01 1050.014 4.095236778259277
C01 1075.002 0.9456408667948972
C01 1099.99 0.09382561806097879
C02 319.994 41.01143264770508
C02 324.969 46.34549331665039
C02 349.982 70.60293579101562
C02 374.975 77.7468032836914
C02 400.019 84.65965270996094
C02 424.965 86.8800277709961
C02 450.035 88.94904327392578
C02 475.003 90.35247802734375
C02 500.018 92.77867889404297
C02 525.002 94.90950775146484
C02 550.029 95.70984649658203
C02 575.023 97.61760711669922
C02 599.982 98.37847900390625
C02 619.997 98.50334167480469
C02 624.979 98.56817626953125
C02 650.012 99.40869140625
C02 675.004 99.20928192138672
C02 700.03 99.3862075805664
C02 725.012 98.85198211669922
C02 750.022 99.18648529052734
C02 774.987 98.77812194824219
C02 799.976 97.9717788696289
C02 824.988 96.24821472167969
C02 850.022 94.23164367675781
C02 869.967 91.2358169555664
C02 875.002 89.90493774414062
C02 899.999 82.9398193359375
C02 919.999 74.73258972167969
C02 925.012 72.3320541381836
C02 949.965 58.615177154541016
C02 975.002 43.88174819946289
C02 999.976 26.505842208862305
C02 1025.028 11.442235946655273
C02 1050.014 4.023857116699219
C02 1075.002 0.9449447633295551
C02 1099.99 0.09375655131464466
C03 319.994 41.49753952026367
C03 324.969 46.895896911621094
C03 349.982 71.45536041259766
C03 374.975 78.57203674316406
C03 400.019 85.20970916748047
C03 424.965 87.27732849121094
C03 450.035 89.26477813720703
C03 475.003 90.6201400756836
C03 500.018 93.01549530029297
C03 525.002 95.1296157836914
C03 550.029 95.9118423461914
C03 575.023 97.8141098022461
C03 599.982 98.56877136230469
C03 619.997 98.69003295898438
C03 624.979 98.75304412841797
C03 650.012 99.58808135986328
C03 675.004 99.38531494140625
C03 700.03 99.55393981933594
C03 725.012 99.00727844238281
C03 750.022 99.32710266113281
C03 774.987 98.90579986572266
C03 799.976 98.08702850341797
C03 824.988 96.36559295654297
C03 850.022 94.33757781982422
C03 869.967 91.21900177001953
C03 875.002 89.87040710449219
C03 899.999 83.13398742675781
C03 919.999 74.8878402709961
C03 925.012 72.41651916503906
C03 949.965 58.50630187988281
C03 975.002 43.83319091796875
C03 999.976 26.658424377441406
C03 1025.028 11.563735008239746
C03 1050.014 4.035176753997803
C03 1075.002 0.9462844184321114
C03 1099.99 0.09388947066320445
C04 319.994 41.75667953491211
C04 324.969 47.1887321472168
C04 349.982 71.93670654296875
C04 374.975 79.05777740478516
C04 400.019 85.51219177246094
C04 424.965 87.47483825683594
C04 450.035 89.40396881103516
C04 475.003 90.72367095947266
C04 500.018 93.09628295898438
C04 525.002 95.19525909423828
C04 550.029 95.96678161621094
C04 575.023 97.8642578125
C04 599.982 98.61304473876953
C04 619.997 98.7344741821289
C04 624.979 98.79289245605469
C04 650.012 99.62491607666016
C04 675.004 99.42205810546875
C04 700.03 99.58148193359375
C04 725.012 99.01051330566406
C04 750.022 99.30204772949219
C04 774.987 98.85269927978516
C04 799.976 98.0210189819336
C04 824.988 96.29283142089844
C04 850.022 94.28459167480469
C04 869.967 91.13597869873047
C04 875.002 89.75263214111328
C04 899.999 83.04019927978516
C04 919.999 74.98143005371094
C04 925.012 72.57134246826172
C04 949.965 58.52327346801758
C04 975.002 43.65165328979492
C04 999.976 26.633466720581055
C04 1025.028 11.586942672729492
C04 1050.014 4.081831932067871
C04 1075.002 0.9460457219534512
C04 1099.99 0.09386578741787772
C05 319.994 41.92622756958008
C05 324.969 47.38192367553711
C05 349.982 72.28203582763672
C05 374.975 79.4504165649414
C05 400.019 85.73548889160156
C05 424.965 87.5992431640625
C05 450.035 89.47908782958984
C05 475.003 90.76494598388672
C05 500.018 93.11964416503906
C05 525.002 95.20563507080078
C05 550.029 95.97376251220703
C05 575.023 97.86742401123047
C05 599.982 98.61695861816406
C05 619.997 98.73648071289062
C05 624.979 98.79766845703125
C05 650.012 99.63175964355469
C05 675.004 99.42781066894531
C05 700.03 99.57820892333984
C05 725.012 98.98445892333984
C05 750.022 99.2419204711914
C05 774.987 98.75910949707031
C05 799.976 97.91610717773438
C05 824.988 96.19078826904297
C05 850.022 94.1832275390625
C05 869.967 91.05135345458984
C05 875.002 89.65863037109375
C05 899.999 82.93235778808594
C05 919.999 74.96363067626953
C05 925.012 72.58578491210938
C05 949.965 58.531917572021484
C05 975.002 43.48543930053711
C05 999.976 26.553730010986328
C05 1025.028 11.566635131835938
C05 1050.014 4.10512113571167
C05 1075.002 0.945472893269881
C05 1099.99 0.09380895188214079
C06 319.994 42.249961853027344
C06 324.969 47.750518798828125
C06 349.982 72.95782470703125
C06 374.975 80.18062591552734
C06 400.019 86.23291015625
C06 424.965 87.96862030029297
C06 450.035 89.78124237060547
C06 475.003 91.02464294433594
C06 500.018 93.35368347167969
C06 525.002 95.43274688720703
C06 550.029 96.1939468383789
C06 575.023 98.08777618408203
C06 599.982 98.83745574951172
C06 619.997 98.9614028930664
C06 624.979 99.02153015136719
C06 650.012 99.86325073242188
C06 675.004 99.65576171875
C06 700.03 99.8061752319336
C06 725.012 99.1874771118164
C06 750.022 99.41590881347656
C06 774.987 98.89987182617188
C06 799.976 98.04298400878906
C06 824.988 96.31053924560547
C06 850.022 94.27666473388672
C06 869.967 91.14706420898438
C06 875.002 89.75312042236328
C06 899.999 82.96417236328125
C06 919.999 75.00126647949219
C06 925.012 72.64657592773438
C06 949.965 58.611663818359375
C06 975.002 43.46100616455078
C06 999.976 26.526134490966797
C06 1025.028 11.568127632141113
C06 1050.014 4.12509298324585
C06 1075.002 0.9471304722959686
C06 1099.99 0.09397341535032265
C07 319.994 42.330238342285156
C07 324.969 47.84752655029297
C07 349.982 73.22013092041016
C07 374.975 80.49939727783203
C07 400.019 86.41357421875
C07 424.965 88.06259155273438
C07 450.035 89.82288360595703
C07 475.003 91.0374526977539
C07 500.018 93.35598754882812
C07 525.002 95.42786407470703
C07 550.029 96.18783569335938
C07 575.023 98.085205078125
C07 599.982 98.84091186523438
C07 619.997 98.96372985839844
C07 624.979 99.0266342163086
C07 650.012 99.8729248046875
C07 675.004 99.67079162597656
C07 700.03 99.81513214111328
C07 725.012 99.17993927001953
C07 750.022 99.38433837890625
C07 774.987 98.8430404663086
C07 799.976 97.97289276123047
C07 824.988 96.22731018066406
C07 850.022 94.18458557128906
C07 869.967 91.0307846069336
C07 875.002 89.61459350585938
C07 899.999 82.82876586914062
C07 919.999 74.9181137084961
C07 925.012 72.58245086669922
C07 949.965 58.50726318359375
C07 975.002 43.294189453125
C07 999.976 26.49317741394043
C07 1025.028 11.588531494140625
C07 1050.014 4.148916721343994
C07 1075.002 0.94682970284725
C07 1099.99 0.09394357328193201
C10 319.994 38.965972900390625
C10 324.969 44.00926208496094
C10 349.982 66.32768249511719
C10 374.975 73.22757720947266
C10 400.019 82.01374816894531
C10 424.965 85.29561614990234
C10 450.035 87.96012878417969
C10 475.003 89.724853515625
C10 500.018 92.3697280883789
C10 525.002 94.63449096679688
C10 550.029 95.50296783447266
C10 575.023 97.44776916503906
C10 599.982 98.21297454833984
C10 619.997 98.33560180664062
C10 624.979 98.39507293701172
C10 650.012 99.220458984375
C10 675.004 99.00772857666016
C10 700.03 99.18830108642578
C10 725.012 98.70471954345703
C10 750.022 99.12071990966797
C10 774.987 98.79449462890625
C10 799.976 98.03409576416016
C10 824.988 96.3370590209961
C10 850.022 94.53237915039062
C10 869.967 91.62890625
C10 875.002 90.21963500976562
C10 899.999 83.10619354248047
C10 919.999 74.63733673095703
C10 925.012 72.23258209228516
C10 949.965 58.4451789855957
C10 975.002 43.51822280883789
C10 999.976 26.46164321899414
C10 1025.028 11.537303924560547
C10 1050.014 4.170950889587402
C10 1075.002 0.9443182179814262
C10 1099.99 0.0936943860607987
C11 319.994 39.28473663330078
C11 324.969 44.3770866394043
C11 349.982 67.03997039794922
C11 374.975 73.97289276123047
C11 400.019 82.32606506347656
C11 424.965 85.36363220214844
C11 450.035 87.88272094726562
C11 475.003 89.55909729003906
C11 500.018 92.14684295654297
C11 525.002 94.37252807617188
C11 550.029 95.22457122802734
C11 575.023 97.15548706054688
C11 599.982 97.92140197753906
C11 619.997 98.04183959960938
C11 624.979 98.10398864746094
C11 650.012 98.93000793457031
C11 675.004 98.7260513305664
C11 700.03 98.93624877929688
C11 725.012 98.52411651611328
C11 750.022 99.02366638183594
C11 774.987 98.78727722167969
C11 799.976 98.06369018554688
C11 824.988 96.34213256835938
C11 850.022 94.50154876708984
C11 869.967 91.57355499267578
C11 875.002 90.23865509033203
C11 899.999 83.01571655273438
C11 919.999 74.7688217163086
C11 925.012 72.4977798461914
C11 949.965 58.84581756591797
C11 975.002 43.72121047973633
C11 999.976 26.516036987304688
C11 1025.028 11.463716506958008
C11 1050.014 4.101718902587891
C11 1075.002 0.9433935919495402
C11 1099.99 0.09360264551535145
C12 319.994 39.776512145996094
C12 324.969 44.937461853027344
C12 349.982 68.02741241455078
C12 374.975 75.02156066894531
C12 400.019 82.96692657470703
C12 424.965 85.76958465576172
C12 450.035 88.156982421875
C12 475.003 89.75349426269531
C12 500.018 92.2923583984375
C12 525.002 94.49361419677734
C12 550.029 95.32752227783203
C12 575.023 97.24620819091797
C12 599.982 98.01013946533203
C12 619.997 98.1323013305664
C12 624.979 98.1920394897461
C12 650.012 99.021728515625
C12 675.004 98.82225036621094
C12 700.03 99.04196166992188
C12 725.012 98.66056823730469
C12 750.022 99.1990966796875
C12 774.987 99.00397491455078
C12 799.976 98.29116821289062
C12 824.988 96.54792785644531
C12 850.022 94.66571807861328
C12 869.967 91.77378845214844
C12 875.002 90.46359252929688
C12 899.999 83.05896759033203
C12 919.999 74.82669067382812
C12 925.012 72.48464965820312
C12 949.965 58.93976974487305
C12 975.002 43.84293746948242
C12 999.976 26.512462615966797
C12 1025.028 11.4306640625
C12 1050.014 4.066494464874268
C12 1075.002 0.9450649069160231
C12 1099.99 0.09376847185092037
C13 319.994 40.334632873535156
C13 324.969 45.5723762512207
C13 349.982 69.11846923828125
C13 374.975 76.18183135986328
C13 400.019 83.80098724365234
C13 424.965 86.4061508178711
C13 450.035 88.69315338134766
C13 475.003 90.22754669189453
C13 500.018 92.73597717285156
C13 525.002 94.91732788085938
C13 550.029 95.74005889892578
C13 575.023 97.66531372070312
C13 599.982 98.4289321899414
C13 619.997 98.5534896850586
C13 624.979 98.61406707763672
C13 650.012 99.45076751708984
C13 675.004 99.25556182861328
C13 700.03 99.48224639892578
C13 725.012 99.10919952392578
C13 750.022 99.6615219116211
C13 774.987 99.47623443603516
C13 799.976 98.7635726928711
C13 824.988 97.01275634765625
C13 850.022 95.0848159790039
C13 869.967 92.16595458984375
C13 875.002 90.83939361572266
C13 899.999 83.45767974853516
C13 919.999 75.00707244873047
C13 925.012 72.71041107177734
C13 949.965 59.246673583984375
C13 975.002 44.263545989990234
C13 999.976 26.704490661621094
C13 1025.028 11.497244834899902
C13 1050.014 4.056761264801025
C13 1075.002 0.949470409069998
C13 1099.99 0.09420558172738612
C14 319.994 40.57374954223633
C14 324.969 45.84353256225586
C14 349.982 69.64490509033203
C14 374.975 76.71985626220703
C14 400.019 84.0386962890625
C14 424.965 86.47615051269531
C14 450.035 88.6598892211914
C14 475.003 90.1279296875
C14 500.018 92.59329223632812
C14 525.002 94.748291015625
C14 550.029 95.55330657958984
C14 575.023 97.46955108642578
C14 599.982 98.2287826538086
C14 619.997 98.35411834716797
C14 624.979 98.41495513916016
C14 650.012 99.2506103515625
C14 675.004 99.05672454833984
C14 700.03 99.27848052978516
C14 725.012 98.901123046875
C14 750.022 99.44700622558594
C14 774.987 99.25177764892578
C14 799.976 98.52850341796875
C14 824.988 96.77751922607422
C14 850.022 94.82435607910156
C14 869.967 91.89702606201172
C14 875.002 90.54707336425781
C14 899.999 83.2127456665039
C14 919.999 74.68733215332031
C14 925.012 72.36161041259766
C14 949.965 58.93309783935547
C14 975.002 44.13813018798828
C14 999.976 26.605302810668945
C14 1025.028 11.455689430236816
C14 1050.014 4.026643753051758
C14 1075.002 0.9474267288137828
C14 1099.99 0.0940028096498549
C15 319.994 40.927589416503906
C15 324.969 46.2448616027832
C15 349.982 70.31803131103516
C15 374.975 77.43172454833984
C15 400.019 84.56330871582031
C15 424.965 86.88626098632812
C15 450.035 89.00840759277344
C15 475.003 90.4419174194336
C15 500.018 92.8884048461914
C15 525.002 95.0347671508789
C15 550.029 95.83429718017578
C15 575.023 97.74864959716797
C15 599.982 98.50778198242188
C15 619.997 98.63426208496094
C15 624.979 98.69510650634766
C15 650.012 99.53245544433594
C15 675.004 99.33805847167969
C15 700.03 99.56140899658203
C15 725.012 99.1701431274414
C15 750.022 99.69718170166016
C15 774.987 99.48944854736328
C15 799.976 98.75807189941406
C15 824.988 96.99227905273438
C15 850.022 95.03717041015625
C15 869.967 92.08892822265625
C15 875.002 90.714599609375
C15 899.999 83.37330627441406
C15 919.999 74.86900329589844
C15 925.012 72.39021301269531
C15 949.965 58.80680465698242
C15 975.002 44.022361755371094
C15 999.976 26.533838272094727
C15 1025.028 11.46175765991211
C15 1050.014 4.0409016609191895
C15 1075.002 0.9498101386945962
C15 1099.99 0.09423928938863554
C16 319.994 41.29496765136719
C16 324.969 46.66105651855469
C16 349.982 70.88284301757812
C16 374.975 77.88771057128906
C16 400.019 84.75975036621094
C16 424.965 86.96510314941406
C16 450.035 89.03052520751953
C16 475.003 90.42774963378906
C16 500.018 92.85226440429688
C16 525.002 94.9795913696289
C16 550.029 95.76764678955078
C16 575.023 97.6726303100586
C16 599.982 98.41921997070312
C16 619.997 98.53787231445312
C16 624.979 98.60266876220703
C16 650.012 99.4297103881836
C16 675.004 99.23060607910156
C16 700.03 99.4409408569336
C16 725.012 99.03253936767578
C16 750.022 99.54327392578125
C16 774.987 99.31412506103516
C16 799.976 98.56876373291016
C16 824.988 96.8084716796875
C16 850.022 94.826416015625
C16 869.967 91.86707305908203
C16 875.002 90.55902862548828
C16 899.999 83.29969024658203
C16 919.999 74.92096710205078
C16 925.012 72.321044921875
C16 949.965 58.65626525878906
C16 975.002 43.83671951293945
C16 999.976 26.515148162841797
C16 1025.028 11.498404502868652
C16 1050.014 4.0659379959106445
C16 1075.002 0.9483438672372739
C16 1099.99 0.09409380728167593
C17 319.994 41.490909576416016
C17 324.969 46.889102935791016
C17 349.982 71.31570434570312
C17 374.975 78.31538391113281
C17 400.019 85.00698852539062
C17 424.965 87.1084976196289
C17 450.035 89.12217712402344
C17 475.003 90.4947509765625
C17 500.018 92.90077209472656
C17 525.002 95.02180480957031
C17 550.029 95.80380249023438
C17 575.023 97.7071533203125
C17 599.982 98.45853424072266
C17 619.997 98.57347869873047
C17 624.979 98.63623809814453
C17 650.012 99.46353149414062
C17 675.004 99.26596069335938
C17 700.03 99.4710464477539
C17 725.012 99.05790710449219
C17 750.022 99.55001068115234
C17 774.987 99.30789184570312
C17 799.976 98.55541229248047
C17 824.988 96.78923797607422
C17 850.022 94.7999496459961
C17 869.967 91.8162841796875
C17 875.002 90.47051239013672
C17 899.999 83.2369613647461
C17 919.999 74.7718276977539
C17 925.012 72.37958526611328
C17 949.965 58.80670166015625
C17 975.002 44.04683303833008
C17 999.976 26.641036987304688
C17 1025.028 11.567399024963379
C17 1050.014 4.085397243499756
C17 1075.002 0.9484080483853745
C17 1099.99 0.09410017527622846
