lsstCam/transmission_filter_detector/r03_s10/g_6/19700101T000000.ecsv
# %ECSV 1.0
# ---
# datatype:
# - {name: wavelength, unit: nm, datatype: float32}
# - {name: efficiency, unit: '%', datatype: float64}
# meta: !!omap
# - {MODE: DETECTOR}
# - {TYPE: transmission_filter_detector}
# - {CALIBDATE: '1970-01-01T00:00:00'}
# - {INSTRUME: LSSTCam}
# - {OBSTYPE: transmission_filter_detector}
# - {CALIBCLS: lsst.ip.isr.IntermediateFilterDetectorTransmissionCurve}
# - {SOURCE: Materion (DM-46256)}
# - {DETECTOR: 21}
# - {FILTER: g_6}
# - {CALIB_ID: 'calibDate=1970-01-01T00:00:00 filter=g_6 detector=21'}
# - {DATE: '2025-04-02T15:59:42.126293'}
# - {CALIB_CREATION_DATE: '2025-04-02'}
# - {CALIB_CREATION_TIME: '15:59:42'}
# - __serialized_columns__:
#     efficiency:
#       __class__: astropy.units.quantity.Quantity
#       unit: !astropy.units.Unit {unit: '%'}
#       value: !astropy.table.SerializedColumn {name: efficiency}
#     wavelength:
#       __class__: astropy.units.quantity.Quantity
#       unit: !astropy.units.Unit {unit: nm}
#       value: !astropy.table.SerializedColumn {name: wavelength}
# schema: astropy-2.0
wavelength efficiency
300.0 0.5017292220145464
301.0 0.3720078617334366
302.0 0.24228645488619804
303.0 0.22055201698094606
304.0 0.19881755579262972
305.0 0.2090199152007699
306.0 0.21922227460891008
307.0 0.22237920202314854
308.0 0.225536129437387
309.0 0.22137481719255447
310.0 0.21721352823078632
311.0 0.21095462143421173
312.0 0.2046957379207015
313.0 0.20059163216501474
314.0 0.19648754969239235
315.0 0.18602062482386827
316.0 0.17555374652147293
317.0 0.17687859944999218
318.0 0.1782034756615758
319.0 0.162579701282084
320.0 0.14695588033646345
321.0 0.14106050366535783
322.0 0.1351651269942522
323.0 0.11519137769937515
324.0 0.09521765168756247
325.0 0.08675724384374917
326.0 0.07829683017916977
327.0 0.07121015223674476
328.0 0.06412346847355366
329.0 0.06156136514618993
330.0 0.05899925599806011
331.0 0.05535422242246568
332.0 0.05170918884687126
333.0 0.04765467601828277
334.0 0.043600163189694285
335.0 0.042391024180687964
336.0 0.0411818822612986
337.0 0.04192071210127324
338.0 0.04265953612048179
339.0 0.0412430235883221
340.0 0.03982651396654546
341.0 0.03798165125772357
342.0 0.03613679145928472
343.0 0.032546467264182866
344.0 0.028956145979464054
345.0 0.02569974458310753
346.0 0.02244333882117644
347.0 0.021151883993297815
348.0 0.019860424799844623
349.0 0.01818265300244093
350.0 0.7659199181944132
351.0 1.048758625984192
352.0 0.6532264873385429
353.0 0.7409063633531332
354.0 0.7238832302391529
355.0 0.7676670327782631
356.0 0.6612948607653379
357.0 0.8293839171528816
358.0 0.45999204739928246
359.0 0.8835529908537865
360.0 0.6552074570208788
361.0 0.8591610938310623
362.0 0.46243583783507347
363.0 0.9250469505786896
364.0 0.46048443764448166
365.0 0.7567813154309988
366.0 0.476840790361166
367.0 0.620427681133151
368.0 0.4564430098980665
369.0 0.6763865239918232
370.0 0.4266209900379181
371.0 0.5793806165456772
372.0 0.46731350012123585
373.0 0.5172418896108866
374.0 0.3943473566323519
375.0 0.5759741179645061
376.0 0.35836780443787575
377.0 0.5600153002887964
378.0 0.3381559858098626
379.0 0.5385252647101879
380.0 0.4164201207458973
381.0 0.5462341010570526
382.0 0.5834529176354408
383.0 0.5127185955643654
384.0 0.5199565552175045
385.0 0.6047604605555534
386.0 0.6359926424920559
387.0 0.757113890722394
388.0 0.9144989773631096
389.0 1.1667769402265549
390.0 1.748480647802353
391.0 2.8304534032940865
392.0 4.374580085277557
393.0 7.013732194900513
394.0 10.597018897533417
395.0 15.399941802024841
396.0 21.32769078016281
397.0 28.796324133872986
398.0 37.44421303272247
399.0 46.832045912742615
400.0 56.294214725494385
401.0 65.23904800415039
402.0 73.44583868980408
403.0 80.18289804458618
404.0 85.17805337905884
405.0 88.76578211784363
406.0 90.74957966804504
407.0 92.39265322685242
408.0 93.30669045448303
409.0 93.72119307518005
410.0 93.8298761844635
411.0 93.69751811027527
412.0 93.31282377243042
413.0 93.1125819683075
414.0 93.01813840866089
415.0 93.20793747901917
416.0 93.53342652320862
417.0 93.88607144355774
418.0 94.41565275192261
419.0 94.95322704315186
420.0 95.46369314193726
421.0 96.00829482078552
422.0 96.16394639015198
423.0 96.33691906929016
424.0 96.1920440196991
425.0 96.04093432426453
426.0 96.07617259025574
427.0 96.07272744178772
428.0 95.86490988731384
429.0 95.73512673377991
430.0 95.60849070549011
431.0 95.69114446640015
432.0 95.78288197517395
433.0 95.81063985824585
434.0 95.84138989448547
435.0 96.04204893112183
436.0 96.08217477798462
437.0 96.13252282142639
438.0 96.13980650901794
439.0 96.21233344078064
440.0 96.19096517562866
441.0 96.35477066040039
442.0 96.29480838775635
443.0 96.3215708732605
444.0 96.23047709465027
445.0 95.9374189376831
446.0 95.75265049934387
447.0 95.57981491088867
448.0 95.55556774139404
449.0 95.79271674156189
450.0 96.03014588356018
451.0 96.22092843055725
452.0 96.4325487613678
453.0 96.5205729007721
454.0 96.58786654472351
455.0 96.86982035636902
456.0 96.97903990745544
457.0 97.14568853378296
458.0 97.102952003479
459.0 97.16413617134094
460.0 97.14739322662354
461.0 97.29481935501099
462.0 97.21521735191345
463.0 97.0983624458313
464.0 97.19979166984558
465.0 97.11726307868958
466.0 97.09503650665283
467.0 97.1213698387146
468.0 97.13615775108337
469.0 97.19086289405823
470.0 97.04843163490295
471.0 96.88900113105774
472.0 96.99965715408325
473.0 96.86050415039062
474.0 96.76873683929443
475.0 96.85353636741638
476.0 96.86172604560852
477.0 96.9099223613739
478.0 97.05187678337097
479.0 97.02499508857727
480.0 97.20394611358643
481.0 97.26791381835938
482.0 97.47390151023865
483.0 97.36934900283813
484.0 97.52621054649353
485.0 97.57949709892273
486.0 97.55160212516785
487.0 97.62116074562073
488.0 97.62982130050659
489.0 97.71419167518616
490.0 97.66760468482971
491.0 97.74828553199768
492.0 97.66021966934204
493.0 97.69328832626343
494.0 97.63171672821045
495.0 97.68577218055725
496.0 97.52041101455688
497.0 97.4863350391388
498.0 97.22015857696533
499.0 97.31277823448181
500.0 97.25490808486938
501.0 97.19374179840088
502.0 97.11819291114807
503.0 97.27142453193665
504.0 97.11233377456665
505.0 97.11948037147522
506.0 97.12256789207458
507.0 97.07430601119995
508.0 97.03950881958008
509.0 97.09086418151855
510.0 97.01629281044006
511.0 96.96968197822571
512.0 96.93019390106201
513.0 97.00082540512085
514.0 96.97205424308777
515.0 97.00534343719482
516.0 97.09042310714722
517.0 97.15100526809692
518.0 97.19606637954712
519.0 97.17017412185669
520.0 97.23841547966003
521.0 97.33936190605164
522.0 97.32462763786316
523.0 97.30220437049866
524.0 97.3444938659668
525.0 97.28900194168091
526.0 97.41290211677551
527.0 97.36940860748291
528.0 97.45156764984131
529.0 97.55498170852661
530.0 97.5492775440216
531.0 97.68415093421936
532.0 97.55030870437622
533.0 97.5828468799591
534.0 97.5587010383606
535.0 97.35265970230103
536.0 96.99283838272095
537.0 96.39651775360107
538.0 95.52809596061707
539.0 94.14066672325134
540.0 92.30344891548157
541.0 89.6070659160614
542.0 86.72904372215271
543.0 82.95669555664062
544.0 78.24395298957825
545.0 74.06241297721863
546.0 69.04468536376953
547.0 64.55570459365845
548.0 60.12390851974487
549.0 56.19271993637085
550.0 53.192138671875
551.0 50.265783071517944
552.0 48.01416993141174
553.0 45.510438084602356
554.0 42.553624510765076
555.0 39.180728793144226
556.0 34.707632660865784
557.0 29.54537868499756
558.0 24.013537168502808
559.0 18.64391714334488
560.0 13.653728365898132
561.0 9.059595316648483
562.0 5.719603598117828
563.0 3.2814763486385345
564.0 1.7765207216143608
565.0 0.8597983978688717
566.0 0.465516559779644
567.0 0.23691176902502775
568.0 0.16388525255024433
569.0 0.08725948282517493
570.0 0.07653406937606633
571.0 0.05148156778886914
572.0 0.063900783425197
573.0 0.036217732122167945
574.0 0.03632049774751067
575.0 0.03164621302857995
576.0 0.025993026793003082
577.0 0.021565641509369016
578.0 0.03097364096902311
579.0 0.018070726946461946
580.0 0.02540389250498265
581.0 0.01979138469323516
582.0 0.019049327238462865
583.0 0.021453700901474804
584.0 0.022044793877284974
585.0 0.019799478468485177
586.0 0.023185304598882794
587.0 0.0190914623090066
588.0 0.014296025619842112
589.0 0.015554395213257521
590.0 0.017043952539097518
591.0 0.011217243445571512
592.0 0.019686979067046195
593.0 0.008355970203410834
594.0 0.017947259766515344
595.0 0.0005478058938024333
596.0 0.013155388296581805
597.0 0.007600920798722655
598.0 0.005302708086674102
599.0 0.0043671807361533865
600.0 0.012533912376966327
601.0 0.0023578573745908216
602.0 0.002368213245063089
603.0 0.0023785687517374754
604.0 0.0021493078747880645
605.0 0.001920047179737594
606.0 0.0019249904653406702
607.0 0.0019299333871458657
608.0 0.0018718770661507733
609.0 0.001813820745155681
610.0 0.0018534701666794717
611.0 0.0018931194063043222
612.0 0.0018218315744888969
613.0 0.001750543924572412
614.0 0.0017872531316243112
615.0 0.0018239628843730316
616.0 0.0019015667930943891
617.0 0.001979170883714687
618.0 0.0018789291061693802
619.0 0.0017786873286240734
620.0 0.001724364483379759
621.0 0.001670042001933325
622.0 0.0015687344784964807
623.0 0.0014674266822112259
624.0 0.0014552245374943595
625.0 0.0014430223927774932
626.0 0.0014009398910275195
627.0 0.0013588577530754264
628.0 0.001448822149541229
629.0 0.001538786818855442
630.0 0.0014025716154719703
631.0 0.001266356139240088
632.0 0.0013752217455476057
633.0 0.0014840870790067129
634.0 0.001448454804631183
635.0 0.0014128222574072424
636.0 0.001395619892718969
637.0 0.0013784179827780463
638.0 0.0012645190508919768
639.0 0.0011506201190059073
640.0 0.0011423374417063314
641.0 0.001134054491558345
642.0 0.00133236881083576
643.0 0.0015306832210626453
644.0 0.0014046461728867143
645.0 0.0012786088518623728
646.0 0.0012261606570973527
647.0 0.0011737125532818027
648.0 0.001095323204935994
649.0 0.0010169337656407151
650.0 0.0012586535376613028
651.0 0.0015003728549345396
652.0 0.0011913951311726123
653.0 0.0008824172255117446
654.0 0.0010301801921741571
655.0 0.0011779432497860398
656.0 0.0011637034731393214
657.0 0.0011494636055431329
658.0 0.0010446855412737932
659.0 0.0009399079317518044
660.0 0.0009094985216506757
661.0 0.0008790891115495469
662.0 0.0010108969945576973
663.0 0.0011427051504142582
664.0 0.0011620371878962032
665.0 0.001181369134428678
666.0 0.0011046689905924723
667.0 0.001027968573907856
668.0 0.0010921099601546302
669.0 0.0011562513464014046
670.0 0.001178405545942951
671.0 0.0012005596545350272
672.0 0.00122346609714441
673.0 0.0012463725397537928
674.0 0.0011765687304432504
675.0 0.001106764921132708
676.0 0.0010638668754836544
677.0 0.00102096837508725
678.0 0.0010894006663875189
679.0 0.0011578330486372579
680.0 0.001050286755344132
681.0 0.0009427403711015359
682.0 0.0009942499673343264
683.0 0.0010457595635671169
684.0 0.0008988404260890093
685.0 0.0007519212431361666
686.0 0.0009793660865398124
687.0 0.001206810884468723
688.0 0.001171083658846328
689.0 0.0011353565241734032
690.0 0.0010138621291844174
691.0 0.0008923677341954317
692.0 0.0009202535693475511
693.0 0.0009481394954491407
694.0 0.0010493725312699098
695.0 0.0011506053851917386
696.0 0.00115692100735032
697.0 0.0011632362657110207
698.0 0.0012742631042783614
699.0 0.0013852900337951723
700.0 0.0011695499779307283
701.0 0.0009538098311168142
702.0 0.001106546915252693
703.0 0.0012592837265401613
704.0 0.0011946797712880652
705.0 0.0011300754522380885
706.0 0.001126544793805806
707.0 0.0011230142263229936
708.0 0.0011132323379570153
709.0 0.001103450540540507
710.0 0.0012026683180010878
711.0 0.0013018864592595492
712.0 0.0012445507309166715
713.0 0.0011872152754222043
714.0 0.0012356745173747186
715.0 0.0012841341231251135
716.0 0.0014603545423597097
717.0 0.0016365751434932463
718.0 0.0018945747797260992
719.0 0.002152574234060012
720.0 0.0017772319552022964
721.0 0.00140188922159723
722.0 0.0015481506125070155
723.0 0.0016944124581641518
724.0 0.0016298685295623727
725.0 0.001565324782859534
726.0 0.0016922007489483804
727.0 0.0018190767150372267
728.0 0.0019504494048305787
729.0 0.0020818219127249904
730.0 0.0020439843865460716
731.0 0.002006146860367153
732.0 0.0018846161765395664
733.0 0.0017630858565098606
734.0 0.001562160105095245
735.0 0.0013612344446300995
736.0 0.0012100978892704006
737.0 0.0010589612429612316
738.0 0.0011020624697266612
739.0 0.0011451635145931505
740.0 0.0009883614438876975
741.0 0.0008315594641317148
742.0 0.0008360249921679497
743.0 0.0008404907930525951
744.0 0.000946389354794519
745.0 0.0010522880984353833
746.0 0.0010368563380325213
747.0 0.0010214244866801891
748.0 0.0011839661056001205
749.0 0.0013465079064189922
750.0 0.001134275589720346
751.0 0.0009220437277690507
752.0 0.0008194758265744895
753.0 0.0007169081527536036
754.0 0.0008449614142591599
755.0 0.0009730147212394513
756.0 0.0009266042980016209
757.0 0.0008801937838143203
758.0 0.0008948003596742637
759.0 0.0009094072993320879
760.0 0.0007098025889717974
761.0 0.0005101977876620367
762.0 0.0005652055733662564
763.0 0.000620213268121006
764.0 0.0007837645171093754
765.0 0.0009473159479966853
766.0 0.0007979534530022647
767.0 0.0006485909580078442
768.0 0.0005301547389535699
769.0 0.00041171847442456055
770.0 0.00037556953884632094
771.0 0.0003394206487428164
772.0 0.0005509361471922603
773.0 0.0007624518275406444
774.0 0.0008310492376040202
775.0 0.0008996467840916011
776.0 0.000852515222504735
777.0 0.0008053836609178688
778.0 0.0007684385309403297
779.0 0.0007314934464375256
780.0 0.0006558679160661995
781.0 0.0005802424766443437
782.0 0.000577431455894839
783.0 0.0005746202987211291
784.0 0.0007164334874687484
785.0 0.0008582466762163676
786.0 0.0007569162789877737
787.0 0.0006555862000823254
788.0 0.00042106807995878626
789.0 0.00018655008489076863
790.0 0.00019911128674721112
791.0 0.0002116724999723374
792.0 0.00025051256216102047
793.0 0.0002893526470870711
794.0 0.0002497529521860997
795.0 0.0002101532800224959
796.0 0.0003981097506766673
797.0 0.0005860662440682063
798.0 0.000509282244820497
799.0 0.0004324982910475228
800.0 0.0004804492164112162
801.0 0.0005284002781991148
802.0 0.00044166827137814835
803.0 0.0003549363782440196
804.0 0.0002666871523615555
805.0 0.00017843802879724535
806.0 0.0002671084757821518
807.0 0.00035577895687310956
808.0 0.00044508083192340564
809.0 0.0005343827069737017
810.0 0.000402353043682524
811.0 0.0002703233349166112
812.0 0.0002643864490892156
813.0 0.0002584495177870849
814.0 0.000360623334927368
815.0 0.00046279715206765104
816.0 0.0005354236691346159
817.0 0.0006080500497773755
818.0 0.00038892871998541523
819.0 0.00016980741293082247
820.0 0.00036060382626601495
821.0 0.0005514001713891048
822.0 0.00046043555812502746
823.0 0.0003694709448609501
824.0 0.000408178038924234
825.0 0.0004468850420380477
826.0 0.0005833214345329907
827.0 0.0007197577360784635
828.0 0.0005861662884854013
829.0 0.00045257479541760404
830.0 0.000416405373471207
831.0 0.0003802359287874424
832.0 0.0005070050519861979
833.0 0.0006337740160233807
834.0 0.0005066896392236231
835.0 0.0003796052624238655
836.0 0.00045217907427286264
837.0 0.00052475297707133
838.0 0.0004980034191248706
839.0 0.00047125390665314626
840.0 0.0005744790996686788
841.0 0.0006777042472094763
842.0 0.0003841996658593416
843.0 9.069502766578807e-05
844.0 0.0001228348764925613
845.0 0.00015497474805670208
846.0 0.0004199808699922869
847.0 0.0006849871169833932
848.0 0.0006033063073118683
849.0 0.0005216255885898136
850.0 0.0005093897925689816
851.0 0.0004971539965481497
852.0 0.0005978781246085418
853.0 0.0006986019798205234
854.0 0.0006319087788142497
855.0 0.0005652154413837707
856.0 0.0005650264938594773
857.0 0.0005648376372846542
858.0 0.0005826848337164847
859.0 0.0006005320301483152
860.0 0.0006034972102497704
861.0 0.0006064622994017554
862.0 0.0005785243502032245
863.0 0.0005505864464794286
864.0 0.0004635061941371532
865.0 0.0003764259645322454
866.0 0.0003797641966230003
867.0 0.00038310245145112276
868.0 0.0006256912911339896
869.0 0.0008682801308168564
870.0 0.0006497242338809883
871.0 0.000431168200520915
872.0 0.00036259345961298095
873.0 0.0002940186050182092
874.0 0.0004129101853322936
875.0 0.0005318017429090105
876.0 0.0006446801307902206
877.0 0.0007575584731966956
878.0 0.0007368495516857365
879.0 0.0007161405847000424
880.0 0.0006733929694746621
881.0 0.0006306457180471625
882.0 0.0005163554760656552
883.0 0.0004020654614578234
884.0 0.0004992987214791356
885.0 0.0005965322088741232
886.0 0.0006754904916306259
887.0 0.0007544490472355392
888.0 0.0006187816779856803
889.0 0.00048311449063476175
890.0 0.0005210049039305886
891.0 0.0005588955446000909
892.0 0.0005487776888912776
893.0 0.0005386599241319345
894.0 0.0005387298187997658
895.0 0.0005387996679928619
896.0 0.0003282227453382802
897.0 0.00011764570899686078
898.0 0.00027262396997684846
899.0 0.0004276022536942037
900.0 0.00033548710689501604
901.0 0.00024337193735846085
902.0 0.0004314224497647956
903.0 0.0006194729849084979
904.0 0.00034507418149587465
905.0 7.067527008075558e-05
906.0 0.000328429882756609
