lsstCam/transmission_filter_detector/r03_s10/g_6/19700101T000000.ecsv
# %ECSV 1.0
# ---
# datatype:
# - {name: wavelength, unit: nm, datatype: float32}
# - {name: efficiency, unit: '%', datatype: float64}
# meta: !!omap
# - {MODE: DETECTOR}
# - {TYPE: transmission_filter_detector}
# - {CALIBDATE: '1970-01-01T00:00:00'}
# - {INSTRUME: LSSTCam}
# - {OBSTYPE: transmission_filter_detector}
# - {CALIBCLS: lsst.ip.isr.IntermediateFilterDetectorTransmissionCurve}
# - {SOURCE: Materion (DM-46256)}
# - {DETECTOR: 21}
# - {FILTER: g_6}
# - {CALIB_ID: 'calibDate=1970-01-01T00:00:00 filter=g_6 detector=21'}
# - {DATE: '2025-04-02T15:59:42.126293'}
# - {CALIB_CREATION_DATE: '2025-04-02'}
# - {CALIB_CREATION_TIME: '15:59:42'}
# - __serialized_columns__:
#     efficiency:
#       __class__: astropy.units.quantity.Quantity
#       unit: !astropy.units.Unit {unit: '%'}
#       value: !astropy.table.SerializedColumn {name: efficiency}
#     wavelength:
#       __class__: astropy.units.quantity.Quantity
#       unit: !astropy.units.Unit {unit: nm}
#       value: !astropy.table.SerializedColumn {name: wavelength}
# schema: astropy-2.0
wavelength efficiency
[from data line 608]
908.0 0.0005034867626818595
909.0 0.0004207891379337525
910.0 0.0003419034555918188
911.0 0.00026301781872462016
912.0 0.00038214843698369805
913.0 0.0005012791461922461
914.0 0.0003453569661360234
915.0 0.00018943483155453578
916.0 0.0001965943965842598
917.0 0.0002037539388766163
918.0 0.00021616535832436057
919.0 0.00022857673229736974
920.0 0.00029431857910822146
921.0 0.0003600604486564407
922.0 0.0005248260549706174
923.0 0.000689591615810059
924.0 0.0006082373602112057
925.0 0.0005268830591376172
926.0 0.0005726542894990416
927.0 0.0006184256108099362
928.0 0.0005291797151585342
929.0 0.00043993391045660246
930.0 0.0004927799182041781
931.0 0.0005456259714264888
932.0 0.0005060915555077372
933.0 0.0004665571850637207
934.0 0.00046053896767261904
935.0 0.0004545207502815174
936.0 0.0005043556939199334
937.0 0.0005541906375583494
938.0 0.0006308885531325359
939.0 0.0007075864687067224
940.0 0.0006075134933780646
941.0 0.0005074403361504665
942.0 0.0006865395789645845
943.0 0.0008656387763039675
944.0 0.0007336842827498913
945.0 0.0006017296982463449
946.0 0.0005404183411883423
947.0 0.0004791069841303397
948.0 0.0008350033567694481
949.0 0.0011908998203580268
950.0 0.0010274083251715638
951.0 0.0008639167390356306
952.0 0.0008809051905700471
953.0 0.0008978935511549935
954.0 0.0007940981959109195
955.0 0.0006903028406668454
956.0 0.00061987675508135
957.0 0.0005494504421221791
958.0 0.0006937448233657051
959.0 0.0008380392500839662
960.0 0.00067612359089253
961.0 0.0005142077498021536
962.0 0.0005747824161517201
963.0 0.0006353569915518165
964.0 0.0007193661986093502
965.0 0.0008033752237679437
966.0 0.0007848961104173213
967.0 0.0007664169061172288
968.0 0.0006989338999119354
969.0 0.0006314509391813772
970.0 0.000670761301080347
971.0 0.000710071708454052
972.0 0.0008277671440737322
973.0 0.0009454626706428826
974.0 0.0008634717232780531
975.0 0.0007814812306605745
976.0 0.0008354509191121906
977.0 0.0008894208804122172
978.0 0.0009273579962609801
979.0 0.0009652951121097431
980.0 0.0010275683052896056
981.0 0.0010898415894189384
982.0 0.0010005242984334473
983.0 0.000911206916498486
984.0 0.0009324583515990525
985.0 0.0009537099685985595
986.0 0.001100557710742578
987.0 0.0012474053619371261
988.0 0.0013433333151624538
989.0 0.0014392609045899007
990.0 0.0014870941413391847
991.0 0.0015349274690379389
992.0 0.0015094219634192996
993.0 0.0014839164578006603
994.0 0.0014913703125785105
995.0 0.001498824349255301
996.0 0.0013867789675714448
997.0 0.001274733767786529
998.0 0.00135654599944246
999.0 0.0014383584129973315
1000.0 0.0013740094800596125
1001.0 0.001309660274273483
1002.0 0.0012139868886151817
1003.0 0.0011183135029568803
1004.0 0.0011452613762230612
1005.0 0.0011722093404387124
1006.0 0.0013514859347196762
1007.0 0.00153076252900064
1008.0 0.0015873825759626925
1009.0 0.0016440031686215661
1010.0 0.0017126845705206506
1011.0 0.001781366518116556
1012.0 0.0019292134311399423
1013.0 0.0020770603441633284
1014.0 0.0021056586774648167
1015.0 0.0021342571926652454
1016.0 0.0024602246412541717
1017.0 0.0027861922717420384
1018.0 0.0030099221476120874
1019.0 0.0032336516596842557
1020.0 0.0032754956919234246
1021.0 0.0033173397241625935
1022.0 0.0035620974813355133
1023.0 0.003806855238508433
1024.0 0.003987835225416347
1025.0 0.004168814848526381
1026.0 0.004290910146664828
1027.0 0.0044130050810053945
1028.0 0.004468671249924228
1029.0 0.004524337418843061
1030.0 0.004646898742066696
1031.0 0.00476945933769457
1032.0 0.005147359479451552
1033.0 0.005525259985006414
1034.0 0.005411278834799305
1035.0 0.005297297684592195
1036.0 0.005358489215723239
1037.0 0.005419680383056402
1038.0 0.005687970406142995
1039.0 0.005956260429229587
1040.0 0.006370249320752919
1041.0 0.006784236757084727
1042.0 0.006890851364005357
1043.0 0.006997465970925987
1044.0 0.007275451207533479
1045.0 0.007553434988949448
1046.0 0.008615049591753632
1047.0 0.009676664194557816
1048.0 0.011128942423965782
1049.0 0.012581217742990702
1050.0 0.014955934602767229
1051.0 0.01733064855216071
1052.0 0.020917084475513548
1053.0 0.024503527674824
1054.0 0.02927814202848822
1055.0 0.034052759292535484
1056.0 0.04085621330887079
1057.0 0.047659658594056964
1058.0 0.05524879670701921
1059.0 0.06283791735768318
1060.0 0.07034221780486405
1061.0 0.07784648914821446
1062.0 0.08483912097290158
1063.0 0.09183171787299216
1064.0 0.09702739189378917
1065.0 0.10222304845228791
1066.0 0.10719944257289171
1067.0 0.11217583669349551
1068.0 0.11821270454674959
1069.0 0.12424960732460022
1070.0 0.13395730638876557
1071.0 0.14366500545293093
1072.0 0.15675612958148122
1073.0 0.16984723042696714
1074.0 0.1843066420406103
1075.0 0.1987661002203822
1076.0 0.21286520641297102
1077.0 0.22696428932249546
1078.0 0.24139934685081244
1079.0 0.2558344043791294
1080.0 0.272906175814569
1081.0 0.2899779239669442
1082.0 0.31716127414256334
1083.0 0.3443446010351181
1084.0 0.382048892788589
1085.0 0.41975323110818863
1086.0 0.45480700209736824
1087.0 0.48986077308654785
1088.0 0.5540028214454651
1089.0 0.6181448698043823
1090.0 0.6952654104679823
1091.0 0.7723859511315823
1092.0 0.8013582788407803
1093.0 0.8303303271532059
1094.0 0.8664263412356377
1095.0 0.9025219827890396
1096.0 0.9450161829590797
1097.0 0.9875104762613773
1098.0 1.004565879702568
1099.0 1.0216214694082737
1100.0 1.1747798882424831
1101.0 1.3279379345476627
