lsstCam/transmission_sensor/r02_s11/19700101T000000.ecsv
# %ECSV 1.0
# ---
# datatype:
# - {name: amp_name, datatype: string}
# - {name: wavelength, unit: nm, datatype: float32}
# - {name: efficiency, unit: '%', datatype: float64}
# meta: !!omap
# - {MODE: AMP}
# - {TYPE: transmission_sensor}
# - {CALIBDATE: '1970-01-01T00:00:00'}
# - {INSTRUME: LSSTCam}
# - {OBSTYPE: transmission_sensor}
# - {DETECTOR: 13}
# - {PARQUETFILE: qe_raft_allvalues_nircorrected_20230725_adjust.parquet}
# - {CORRFILE: qe_corr_factor_bydetnum.parquet}
# - {CALIBCLS: lsst.ip.isr.IntermediateSensorTransmissionCurve}
# - {CALIB_ID: 'raftName=R02 detectorName=S11 detector=13 calibDate=1970-01-01T00:00:00 ccd=13 ccdnum=13 filter=None'}
# - {DATE: '2025-03-03T21:56:47.445732'}
# - {CALIB_CREATION_DATE: '2025-03-03'}
# - {CALIB_CREATION_TIME: '21:56:47'}
# - __serialized_columns__:
#     efficiency:
#       __class__: astropy.units.quantity.Quantity
#       unit: !astropy.units.Unit {unit: '%'}
#       value: !astropy.table.SerializedColumn {name: efficiency}
#     wavelength:
#       __class__: astropy.units.quantity.Quantity
#       unit: !astropy.units.Unit {unit: nm}
#       value: !astropy.table.SerializedColumn {name: wavelength}
# schema: astropy-2.0
amp_name wavelength efficiency
C00 319.994 65.34640014825123
C00 324.969 68.75916675365687
C00 349.982 77.20617200868621
C00 374.975 80.43908416090169
C00 400.019 84.52825157524336
C00 424.965 84.1282156647431
C00 450.035 83.82125680955195
C00 475.003 84.61734344580479
C00 500.018 86.03863659461945
C00 525.002 87.76523321419158
C00 550.029 90.0025925697153
C00 575.023 92.0431067901534
C00 599.982 93.88833929413765
C00 619.997 94.90434681792864
C00 624.979 95.07833078743278
C00 650.012 96.21340336937794
C00 675.004 97.02611282431876
C00 700.03 97.45894220700245
C00 725.012 97.22011468336324
C00 750.022 98.04563037621443
C00 774.987 98.12570959819261
C00 799.976 98.1963469978455
C00 824.988 96.63735038836437
C00 850.022 95.4447148782655
C00 869.967 93.29308297771813
C00 875.002 92.1309647862064
C00 899.999 85.35705504551142
C00 919.999 77.65426771448031
C00 925.012 75.15574080927982
C00 949.965 61.35132141303925
C00 975.002 46.07975625193509
C00 999.976 29.95476952497484
C00 1025.028 14.639146996912393
C00 1050.014 5.9095509502561185
C00 1075.002 0.9340746622688099
C00 1099.99 0.09267802987355415
C01 319.994 64.71503959078096
C01 324.969 68.13365368842217
C01 349.982 76.95610932958523
C01 374.975 80.70102575607753
C01 400.019 84.84775609857292
C01 424.965 84.38337478203104
C01 450.035 83.98602887123546
C01 475.003 84.69051756882592
C01 500.018 86.03850630973346
C01 525.002 87.72753489924176
C01 550.029 89.95738371427944
C01 575.023 92.02393192046353
C01 599.982 93.90411909297517
C01 619.997 94.95140265321872
C01 624.979 95.12340935798265
C01 650.012 96.29191917272433
C01 675.004 97.1198413040578
C01 700.03 97.56994492985937
C01 725.012 97.33760099525199
C01 750.022 98.16485637452189
C01 774.987 98.23514890241776
C01 799.976 98.30623080344634
C01 824.988 96.7418082116549
C01 850.022 95.53616720440826
C01 869.967 93.40166393445915
C01 875.002 92.25237497230827
C01 899.999 85.53141454203985
C01 919.999 77.767439297498
C01 925.012 75.2361265839309
C01 949.965 61.14422592295355
C01 975.002 45.916693221402994
C01 999.976 29.925593374331626
C01 1025.028 14.706171864910571
C01 1050.014 5.926265255757415
C01 1075.002 0.9352106598375337
C01 1099.99 0.0927907425087034
C02 319.994 64.03738191588604
C02 324.969 67.4541720251235
C02 349.982 76.564059116214
C02 374.975 80.73163504046656
C02 400.019 84.91491412538839
C02 424.965 84.39756050696947
C02 450.035 83.91674030334335
C02 475.003 84.5357621157294
C02 500.018 85.82203413976545
C02 525.002 87.49112914171845
C02 550.029 89.71117593504016
C02 575.023 91.78951109149725
C02 599.982 93.68537076941087
C02 619.997 94.74612731962836
C02 624.979 94.92198892425401
C02 650.012 96.1069299622631
C02 675.004 96.94620987012749
C02 700.03 97.40962554574973
C02 725.012 97.18442428842091
C02 750.022 98.02309875475632
C02 774.987 98.08732153972878
C02 799.976 98.16197477939664
C02 824.988 96.59677814210612
C02 850.022 95.37905895954724
C02 869.967 93.21858301438672
C02 875.002 92.06472641740964
C02 899.999 85.33431650099908
C02 919.999 77.55713650007209
C02 925.012 75.02775506834426
C02 949.965 60.884878529772124
C02 975.002 45.69256489842931
C02 999.976 29.752904589870486
C02 1025.028 14.632964212690851
C02 1050.014 5.8938477895868395
C02 1075.002 0.9338602275936494
C02 1099.99 0.09265675386208182
C03 319.994 63.65426004911301
C03 324.969 67.08335824816737
C03 349.982 76.4810446523928
C03 374.975 81.04361369567643
C03 400.019 85.28337511058001
C03 424.965 84.71898864832147
C03 450.035 84.18919665519964
C03 475.003 84.76653496788819
C03 500.018 86.01935443149407
C03 525.002 87.66207823976089
C03 550.029 89.86473583271237
C03 575.023 91.94308631680309
C03 599.982 93.84121448449618
C03 619.997 94.90962718771934
C03 624.979 95.08768830777304
C03 650.012 96.28428601116914
C03 675.004 97.14321594536638
C03 700.03 97.61792808698499
C03 725.012 97.40915805292357
C03 750.022 98.26258536664227
C03 774.987 98.33874837822417
C03 799.976 98.42480537732389
C03 824.988 96.85495680322212
C03 850.022 95.62814067009494
C03 869.967 93.4345647000781
C03 875.002 92.27576494125051
C03 899.999 85.49521067137042
C03 919.999 77.71194559988636
C03 925.012 75.1874613471081
C03 949.965 60.999421936001035
C03 975.002 45.75844306783543
C03 999.976 29.737914164165698
C03 1025.028 14.626929914920243
C03 1050.014 5.884958720049855
C03 1075.002 0.9361416326354104
C03 1099.99 0.09288311277444158
C04 319.994 63.10175633483774
C04 324.969 66.52974711236125
C04 349.982 76.13851035951166
C04 374.975 81.06905756752708
C04 400.019 85.36317843515258
C04 424.965 84.77086502439289
C04 450.035 84.2160046864447
C04 475.003 84.77708804365275
C04 500.018 86.01068665466784
C04 525.002 87.60755018306888
C04 550.029 89.77894706720143
C04 575.023 91.82363806780779
C04 599.982 93.70692908613253
C04 619.997 94.76620651970327
C04 624.979 94.95281279551405
C04 650.012 96.15106588334382
C04 675.004 97.02737735409447
C04 700.03 97.52215336815433
C04 725.012 97.33248156561457
C04 750.022 98.20020189770722
C04 774.987 98.30400829656782
C04 799.976 98.39960674761154
C04 824.988 96.84918594915479
C04 850.022 95.62344275038275
C04 869.967 93.41787290703871
C04 875.002 92.25126371886901
C04 899.999 85.47660292412542
C04 919.999 77.71469691012564
C04 925.012 75.19302527812123
C04 949.965 61.05312613238463
C04 975.002 45.75204761269706
C04 999.976 29.755981612324714
C04 1025.028 14.621680200396838
C04 1050.014 5.8826720287054455
C04 1075.002 0.9355469267244059
C04 1099.99 0.09282410660029683
C05 319.994 62.756746629122944
C05 324.969 66.1765064673791
C05 349.982 75.89068551492285
C05 374.975 80.98733062493207
C05 400.019 85.2693349981612
C05 424.965 84.62958256127031
C05 450.035 84.03974456334429
C05 475.003 84.57026461906425
C05 500.018 85.77626582570154
C05 525.002 87.33497121014342
C05 550.029 89.49007481971137
C05 575.023 91.51261738970072
C05 599.982 93.38607573104221
C05 619.997 94.43536721129325
C05 624.979 94.62958365720877
C05 650.012 95.82519272823477
C05 675.004 96.71884741645472
C05 700.03 97.23343439700072
C05 725.012 97.07103045471537
C05 750.022 97.95232340640064
C05 774.987 98.09369783532509
C05 799.976 98.20670081437268
C05 824.988 96.67500272041326
C05 850.022 95.45002590332348
C05 869.967 93.24595816807665
C05 875.002 92.07373906599288
C05 899.999 85.32421559042704
C05 919.999 77.57388193982922
C05 925.012 75.05478535027717
C05 949.965 60.97261773666438
C05 975.002 45.639228565253205
C05 999.976 29.771908939636052
C05 1025.028 14.611094553410776
C05 1050.014 5.897824352540608
C05 1075.002 0.9331849130885675
C05 1099.99 0.09258974977728626
C06 319.994 62.69502991225144
C06 324.969 66.12343453588336
C06 349.982 75.94541283085223
C06 374.975 81.13607764563974
C06 400.019 85.38712786272285
C06 424.965 84.68809580271001
C06 450.035 84.04637376489573
C06 475.003 84.52596009401344
C06 500.018 85.69500637593269
C06 525.002 87.24208575025486
C06 550.029 89.41530662279116
C06 575.023 91.44852488961425
C06 599.982 93.33390812993153
C06 619.997 94.38883251554711
C06 624.979 94.59222255019914
C06 650.012 95.79275179162518
C06 675.004 96.7041175605219
C06 700.03 97.24284556405874
C06 725.012 97.1064832713362
C06 750.022 98.01091328600856
C06 774.987 98.19422412058567
C06 799.976 98.31644667127073
C06 824.988 96.78182866310193
C06 850.022 95.54153954000081
C06 869.967 93.33078895648478
C06 875.002 92.15423979789631
C06 899.999 85.41418113610624
C06 919.999 77.54774832446454
C06 925.012 74.97037607179428
C06 949.965 60.690581613779976
C06 975.002 45.446989384077895
C06 999.976 29.789156359395065
C06 1025.028 14.581293801696528
C06 1050.014 5.898068636701825
C06 1075.002 0.9337425837549259
C06 1099.99 0.09264508134848085
C07 319.994 62.59425072103571
C07 324.969 66.03583710960233
C07 349.982 75.91640528417912
C07 374.975 81.12931815920231
C07 400.019 85.36987661105543
C07 424.965 84.65768577755837
C07 450.035 83.93734830677901
C07 475.003 84.36498162165707
C07 500.018 85.51670767755749
C07 525.002 87.11497368443706
C07 550.029 89.29140569622199
C07 575.023 91.34540057045085
C07 599.982 93.24631070365048
C07 619.997 94.3394162246757
C07 624.979 94.51463406868827
C07 650.012 95.75814199485481
C07 675.004 96.65417246628974
C07 700.03 97.20860363049586
C07 725.012 97.10674384110816
C07 750.022 98.0947937611307
C07 774.987 98.28467248672469
C07 799.976 98.43577229919687
C07 824.988 96.89220295297942
C07 850.022 95.66402266045783
C07 869.967 93.47197945380549
C07 875.002 92.28801938434967
C07 899.999 85.57002485119155
C07 919.999 77.56209498955624
C07 925.012 74.91489003799947
C07 949.965 60.51159700379916
C07 975.002 45.43251243410021
C07 999.976 29.826469567549555
C07 1025.028 14.553072754224816
C07 1050.014 5.95317866448379
C07 1075.002 0.9345415923974564
C07 1099.99 0.09272435825195857
C10 319.994 65.71250834167834
C10 324.969 69.13420329368219
C10 349.982 77.43102839425804
C10 374.975 80.46193766266636
C10 400.019 84.50481562340019
C10 424.965 84.1193562924963
C10 450.035 83.76343331162627
C10 475.003 84.51621171901523
C10 500.018 85.90088715105203
C10 525.002 87.6583382971515
C10 550.029 89.86472816889555
C10 575.023 91.96667554498272
C10 599.982 93.84138308846627
C10 619.997 94.91197997948383
C10 624.979 95.04931557694283
C10 650.012 96.2283171569145
C10 675.004 97.00010183002323
C10 700.03 97.40005343853845
C10 725.012 97.14701719851034
C10 750.022 98.00948781607958
C10 774.987 98.01306681853568
C10 799.976 98.08368889055491
C10 824.988 96.45845391227702
C10 850.022 95.19701265474583
C10 869.967 93.00225645693833
C10 875.002 91.8568377222828
C10 899.999 85.14849959832102
C10 919.999 77.32151245186466
C10 925.012 74.80811774202856
C10 949.965 60.939092369974404
C10 975.002 45.70443615068735
C10 999.976 29.679337696237212
C10 1025.028 14.521541895862892
C10 1050.014 5.886506332059446
C10 1075.002 0.9337314949464118
C10 1099.99 0.09264398112708715
C11 319.994 65.33708861081192
C11 324.969 68.77711541265515
C11 349.982 77.35300307518828
C11 374.975 80.74429566585731
C11 400.019 84.79606365410524
C11 424.965 84.33948410308865
C11 450.035 83.90224036191519
C11 475.003 84.56802678455207
C11 500.018 85.89574472996415
C11 525.002 87.63240394102421
C11 550.029 89.8440588549253
C11 575.023 91.96437639993597
C11 599.982 93.86130134838791
C11 619.997 94.94747111518878
C11 624.979 95.08847768090575
C11 650.012 96.28764276293738
C11 675.004 97.08343051033415
C11 700.03 97.50025017967567
C11 725.012 97.25352892470929
C11 750.022 98.12242182077577
C11 774.987 98.12337213406177
C11 799.976 98.20321377771845
C11 824.988 96.58666956771725
C11 850.022 95.34018041680675
C11 869.967 93.19657253247253
C11 875.002 92.0694473285723
C11 899.999 85.42585312912689
C11 919.999 77.59676609686117
C11 925.012 75.05764395395197
C11 949.965 60.962497666550284
C11 975.002 45.76312565991397
C11 999.976 29.778250748056664
C11 1025.028 14.61493604159305
C11 1050.014 5.927769279808829
C11 1075.002 0.9348074552794825
C11 1099.99 0.09275073692286998
C12 319.994 64.63505233460465
C12 324.969 68.07838224149837
C12 349.982 76.96201813235537
C12 374.975 80.8021958019512
C12 400.019 84.91493711683886
C12 424.965 84.41206811221444
C12 450.035 83.92454206886863
C12 475.003 84.55281410815944
C12 500.018 85.84474202901048
C12 525.002 87.54922853704974
C12 550.029 89.73649718582168
C12 575.023 91.84111157016306
C12 599.982 93.73061794393084
C12 619.997 94.81441959133355
C12 624.979 94.96299800807114
C12 650.012 96.1705166504393
C12 675.004 96.98167035056514
C12 700.03 97.41502087279277
C12 725.012 97.18092958794985
C12 750.022 98.05593054602386
C12 774.987 98.06425345109308
C12 799.976 98.15863335526203
C12 824.988 96.55037373124594
C12 850.022 95.30569324110554
C12 869.967 93.15809250820682
C12 875.002 92.04693103474781
C12 899.999 85.43527962381856
C12 919.999 77.55116638676736
C12 925.012 75.01111692202264
C12 949.965 60.86907957139256
C12 975.002 45.69494834546111
C12 999.976 29.70205324929907
C12 1025.028 14.592387176547081
C12 1050.014 5.886896707728842
C12 1075.002 0.9341738739500004
C12 1099.99 0.09268787356541797
C13 319.994 64.02779448104111
C13 324.969 67.47905643834612
C13 349.982 76.67630337739617
C13 374.975 80.94434427637472
C13 400.019 85.12059564127034
C13 424.965 84.58557692507559
C13 450.035 84.06253675457437
C13 475.003 84.68000281214546
C13 500.018 85.95831979431976
C13 525.002 87.62674038039239
C13 550.029 89.77192701099203
C13 575.023 91.84329575795748
C13 599.982 93.71844780281673
C13 619.997 94.80042546181569
C13 624.979 94.95009214054207
C13 650.012 96.16514431484673
C13 675.004 96.99329636068487
C13 700.03 97.44579109733506
C13 725.012 97.22614610720254
C13 750.022 98.11993108030846
C13 774.987 98.1478886840769
C13 799.976 98.25682984020858
C13 824.988 96.66745386084311
C13 850.022 95.43826960831778
C13 869.967 93.31681781841738
C13 875.002 92.21494489094724
C13 899.999 85.64877056904263
C13 919.999 77.72917386010332
C13 925.012 75.18254884052489
C13 949.965 60.97211958857092
C13 975.002 45.81118162329938
C13 999.976 29.780889016997804
C13 1025.028 14.645115194262907
C13 1050.014 5.8961023886983055
C13 1075.002 0.9347832877765468
C13 1099.99 0.09274833904543094
C14 319.994 63.75991342782784
C14 324.969 67.21899247829178
C14 349.982 76.63674275495848
C14 374.975 81.19649917746825
C14 400.019 85.39465373084253
C14 424.965 84.81843433541007
C14 450.035 84.28278718623588
C14 475.003 84.90746489543693
C14 500.018 86.17624808948405
C14 525.002 87.7993525266853
C14 550.029 89.91359266495574
C14 575.023 91.92971295644786
C14 599.982 93.77489181371436
C14 619.997 94.83577864881782
C14 624.979 94.99403646620222
C14 650.012 96.19936325695915
C14 675.004 97.04781675356004
C14 700.03 97.52291974983659
C14 725.012 97.32460316192105
C14 750.022 98.22372215153543
C14 774.987 98.29070391056398
C14 799.976 98.41281916781351
C14 824.988 96.84726233113234
C14 850.022 95.63706901669313
C14 869.967 93.54868659638178
C14 875.002 92.4443152646275
C14 899.999 85.89728515714546
C14 919.999 77.99680200736144
C14 925.012 75.43304069336793
C14 949.965 61.15725441155178
C14 975.002 45.97145502450809
C14 999.976 29.902822258597805
C14 1025.028 14.695860199375913
C14 1050.014 5.920183538120219
C14 1075.002 0.9357715105999238
C14 1099.99 0.09284638960610474
C15 319.994 63.32913411614416
C15 324.969 66.78560363698004
C15 349.982 76.3889638932706
C15 374.975 81.26072962625753
C15 400.019 85.53205830265294
C15 424.965 84.95504953408776
C15 450.035 84.41792326826682
C15 475.003 85.07619148660085
C15 500.018 86.35673863947049
C15 525.002 87.96188675385665
C15 550.029 90.0403521951997
C15 575.023 91.99657975822407
C15 599.982 93.80548577046973
C15 619.997 94.84813272153568
C15 624.979 95.00757076671074
C15 650.012 96.2082456206564
C15 675.004 97.07055529807236
C15 700.03 97.56806729473787
C15 725.012 97.39696492035898
C15 750.022 98.32732162734183
C15 774.987 98.43443879506975
C15 799.976 98.57840359408021
C15 824.988 97.03040456173935
C15 850.022 95.85008480527422
C15 869.967 93.79421995974067
C15 875.002 92.68045278856202
C15 899.999 86.14491840631372
C15 919.999 78.2609967646831
C15 925.012 75.66056408719398
C15 949.965 61.283419995992006
C15 975.002 46.105464525466125
C15 999.976 30.023180585840787
C15 1025.028 14.741056601109438
C15 1050.014 5.964698818133645
C15 1075.002 0.9367579328181859
C15 1099.99 0.09294426151239323
C16 319.994 62.504365645433154
C16 324.969 65.95148914165401
C16 349.982 75.74486607224135
C16 374.975 80.98042552597501
C16 400.019 85.35724664093198
C16 424.965 84.77796171877051
C16 450.035 84.19989534348383
C16 475.003 84.8524846735524
C16 500.018 86.14012085698285
C16 525.002 87.76707253022897
C16 550.029 89.82889982525042
C16 575.023 91.75954556772132
C16 599.982 93.54677064217616
C16 619.997 94.59083539935426
C16 624.979 94.7418509098414
C16 650.012 95.96016787011244
C16 675.004 96.82715247579013
C16 700.03 97.34965617911377
C16 725.012 97.21859724763239
C16 750.022 98.19770349342308
C16 774.987 98.3370240194391
C16 799.976 98.50591921457311
C16 824.988 96.96180573736126
C16 850.022 95.80570364205518
C16 869.967 93.77414075966576
C16 875.002 92.65393598235622
C16 899.999 86.10640006296389
C16 919.999 78.15330481069348
C16 925.012 75.49839772323011
C16 949.965 61.020566406614286
C16 975.002 45.970316947709954
C16 999.976 29.999346115522847
C16 1025.028 14.686234445446868
C16 1050.014 5.9573032348999435
C16 1075.002 0.9355226326708335
C16 1099.99 0.09282169616661985
C17 319.994 61.7833154396893
C17 324.969 65.22452246932319
C17 349.982 75.09613930585132
C17 374.975 80.5157989672948
C17 400.019 84.99284747865627
C17 424.965 84.40492543493588
C17 450.035 83.73098471119987
C17 475.003 84.28340795539849
C17 500.018 85.51896850352013
C17 525.002 87.16642855058325
C17 550.029 89.24027271038234
C17 575.023 91.22504799107048
C17 599.982 93.04619311878166
C17 619.997 94.12824741594885
C17 624.979 94.26653332669383
C17 650.012 95.51970532587355
C17 675.004 96.38378534497551
C17 700.03 96.91422109871043
C17 725.012 96.8166453829265
C17 750.022 97.86400558133828
C17 774.987 98.01423938250952
C17 799.976 98.20861676857831
C17 824.988 96.66805163855526
C17 850.022 95.53779959739144
C17 869.967 93.50567725637397
C17 875.002 92.38165589828684
C17 899.999 85.8932386618632
C17 919.999 77.89013700482604
C17 925.012 75.21282091697371
C17 949.965 60.765495423219804
C17 975.002 45.85235164726979
C17 999.976 30.009508336629466
C17 1025.028 14.603073411128939
C17 1050.014 5.965288453040425
C17 1075.002 0.9323433499022414
C17 1099.99 0.0925062506510672
