lsstCam/transmission_sensor/r02_s11/19700101T000000.ecsv
# %ECSV 1.0
# ---
# datatype:
# - {name: amp_name, datatype: string}
# - {name: wavelength, unit: nm, datatype: float32}
# - {name: efficiency, unit: '%', datatype: float64}
# meta: !!omap
# - {MODE: AMP}
# - {TYPE: transmission_sensor}
# - {CALIBDATE: '1970-01-01T00:00:00'}
# - {INSTRUME: LSSTCAM}
# - {OBSTYPE: transmission_sensor}
# - {DETECTOR: 13}
# - {PARQUETFILE: qe_raft_allvalues_nircorrected_20230725.parquet}
# - {CALIBCLS: lsst.ip.isr.IntermediateSensorTransmissionCurve}
# - {CALIB_ID: 'raftName=R02 detectorName=S11 detector=13 calibDate=1970-01-01T00:00:00 ccd=13 ccdnum=13 filter=None'}
# - {DATE: '2023-08-02T16:57:55.515716'}
# - {CALIB_CREATION_DATE: '2023-08-02'}
# - {CALIB_CREATION_TIME: '16:57:55'}
# - __serialized_columns__:
#     efficiency:
#       __class__: astropy.units.quantity.Quantity
#       unit: !astropy.units.Unit {unit: '%'}
#       value: !astropy.table.SerializedColumn {name: efficiency}
#     wavelength:
#       __class__: astropy.units.quantity.Quantity
#       unit: !astropy.units.Unit {unit: nm}
#       value: !astropy.table.SerializedColumn {name: wavelength}
# schema: astropy-2.0
amp_name wavelength efficiency
C00 319.994 65.05289459228516
C00 324.969 68.45033264160156
C00 349.982 76.8593978881836
C00 374.975 80.07778930664062
C00 400.019 84.14859008789062
C00 424.965 83.75035095214844
C00 450.035 83.44477081298828
C00 475.003 84.2372817993164
C00 500.018 85.65219116210938
C00 525.002 87.37103271484375
C00 550.029 89.59834289550781
C00 575.023 91.62969207763672
C00 599.982 93.46663665771484
C00 619.997 94.47808074951172
C00 624.979 94.65128326416016
C00 650.012 95.78125762939453
C00 675.004 96.59031677246094
C00 700.03 97.02120208740234
C00 725.012 96.783447265625
C00 750.022 97.60525512695312
C00 774.987 97.68497467041016
C00 799.976 97.75529479980469
C00 824.988 96.20330047607422
C00 850.022 95.01602172851562
C00 869.967 92.87405395507812
C00 875.002 91.71715545654297
C00 899.999 84.97367095947266
C00 919.999 77.30548095703125
C00 925.012 74.81817626953125
C00 949.965 61.07575988769531
C00 975.002 45.87278747558594
C00 999.976 29.820226669311523
C00 1025.028 14.573394775390625
C00 1050.014 5.883008003234863
C00 1075.002 0.9298792344802698
C00 1099.99 0.0922617633826355
C01 319.994 64.42436981201172
C01 324.969 67.82762908935547
C01 349.982 76.61045837402344
C01 374.975 80.33855438232422
C01 400.019 84.46665954589844
C01 424.965 84.00436401367188
C01 450.035 83.60880279541016
C01 475.003 84.31012725830078
C01 500.018 85.65206146240234
C01 525.002 87.33350372314453
C01 550.029 89.55333709716797
C01 575.023 91.61060333251953
C01 599.982 93.48234558105469
C01 619.997 94.5249252319336
C01 624.979 94.69615936279297
C01 650.012 95.85942077636719
C01 675.004 96.68362426757812
C01 700.03 97.13170623779297
C01 725.012 96.90040588378906
C01 750.022 97.72394561767578
C01 774.987 97.7939224243164
C01 799.976 97.86468505859375
C01 824.988 96.30728912353516
C01 850.022 95.10706329345703
C01 869.967 92.98214721679688
C01 875.002 91.83802032470703
C01 899.999 85.14724731445312
C01 919.999 77.41814422607422
C01 925.012 74.89820098876953
C01 949.965 60.86959457397461
C01 975.002 45.71045684814453
C01 999.976 29.791181564331055
C01 1025.028 14.640118598937988
C01 1050.014 5.899647235870361
C01 1075.002 0.9310101296776736
C01 1099.99 0.09237396976518983
C02 319.994 63.749755859375
C02 324.969 67.15119934082031
C02 349.982 76.22016906738281
C02 374.975 80.36902618408203
C02 400.019 84.53351593017578
C02 424.965 84.01848602294922
C02 450.035 83.53982543945312
C02 475.003 84.15606689453125
C02 500.018 85.43656158447266
C02 525.002 87.09815979003906
C02 550.029 89.30823516845703
C02 575.023 91.37723541259766
C02 599.982 93.26457977294922
C02 619.997 94.32057189941406
C02 624.979 94.49564361572266
C02 650.012 95.67526245117188
C02 675.004 96.51077270507812
C02 700.03 96.97210693359375
C02 725.012 96.74791717529297
C02 750.022 97.58282470703125
C02 774.987 97.64675903320312
C02 799.976 97.72107696533203
C02 824.988 96.16291046142578
C02 850.022 94.9506607055664
C02 869.967 92.79988861083984
C02 875.002 91.65121459960938
C02 899.999 84.95103454589844
C02 919.999 77.20878601074219
C02 925.012 74.69076538085938
C02 949.965 60.611412048339844
C02 975.002 45.487335205078125
C02 999.976 29.6192684173584
C02 1025.028 14.567239761352539
C02 1050.014 5.867375373840332
C02 1075.002 0.9296657629456712
C02 1099.99 0.09224058293308489
C03 319.994 63.36835479736328
C03 324.969 66.78205108642578
C03 349.982 76.13752746582031
C03 374.975 80.67960357666016
C03 400.019 84.90032196044922
C03 424.965 84.33847045898438
C03 450.035 83.8110580444336
C03 475.003 84.38580322265625
C03 500.018 85.63299560546875
C03 525.002 87.26834106445312
C03 550.029 89.46110534667969
C03 575.023 91.53012084960938
C03 599.982 93.41972351074219
C03 619.997 94.48333740234375
C03 624.979 94.66059875488281
C03 650.012 95.85182189941406
C03 675.004 96.70689392089844
C03 700.03 97.17947387695312
C03 725.012 96.97164154052734
C03 750.022 97.82123565673828
C03 774.987 97.89705657958984
C03 799.976 97.98272705078125
C03 824.988 96.41992950439453
C03 850.022 95.19862365722656
C03 869.967 93.01490020751953
C03 875.002 91.8613052368164
C03 899.999 85.1112060546875
C03 919.999 77.36289978027344
C03 925.012 74.8497543334961
C03 949.965 60.725440979003906
C03 975.002 45.55291748046875
C03 999.976 29.604345321655273
C03 1025.028 14.561232566833496
C03 1050.014 5.858526229858398
C03 1075.002 0.93193692097989
C03 1099.99 0.09246592514677007
C04 319.994 62.81833267211914
C04 324.969 66.23092651367188
C04 349.982 75.7965316772461
C04 374.975 80.7049331665039
C04 400.019 84.97976684570312
C04 424.965 84.3901138305664
C04 450.035 83.8377456665039
C04 475.003 84.39630889892578
C04 500.018 85.6243667602539
C04 525.002 87.21405792236328
C04 550.029 89.37570190429688
C04 575.023 91.41120910644531
C04 599.982 93.28604125976562
C04 619.997 94.34056091308594
C04 624.979 94.52632904052734
C04 650.012 95.71920013427734
C04 675.004 96.5915756225586
C04 700.03 97.0841293334961
C04 725.012 96.89530944824219
C04 750.022 97.7591323852539
C04 774.987 97.86247253417969
C04 799.976 97.9576416015625
C04 824.988 96.4141845703125
C04 850.022 95.1939468383789
C04 869.967 92.99828338623047
C04 875.002 91.8369140625
C04 899.999 85.09268188476562
C04 919.999 77.36563873291016
C04 925.012 74.85529327392578
C04 949.965 60.77890396118164
C04 975.002 45.54655075073242
C04 999.976 29.622331619262695
C04 1025.028 14.55600643157959
C04 1050.014 5.856249809265137
C04 1075.002 0.9313448862105039
C04 1099.99 0.09240718400084276
C05 319.994 62.47487258911133
C05 324.969 65.8792724609375
C05 349.982 75.54981994628906
C05 374.975 80.62357330322266
C05 400.019 84.88634490966797
C05 424.965 84.24946594238281
C05 450.035 83.66227722167969
C05 475.003 84.19041442871094
C05 500.018 85.39099884033203
C05 525.002 86.94270324707031
C05 550.029 89.08812713623047
C05 575.023 91.1015853881836
C05 599.982 92.96662902832031
C05 619.997 94.0112075805664
C05 624.979 94.20455169677734
C05 650.012 95.39479064941406
C05 675.004 96.28443145751953
C05 700.03 96.79670715332031
C05 725.012 96.6350326538086
C05 750.022 97.51236724853516
C05 774.987 97.65310668945312
C05 799.976 97.7656021118164
C05 824.988 96.24078369140625
C05 850.022 95.02130889892578
C05 869.967 92.82714080810547
C05 875.002 91.66018676757812
C05 899.999 84.94097900390625
C05 919.999 77.22545623779297
C05 925.012 74.7176742553711
C05 949.965 60.69875717163086
C05 975.002 45.43423843383789
C05 999.976 29.638187408447266
C05 1025.028 14.5454683303833
C05 1050.014 5.871334075927734
C05 1075.002 0.9289934816384213
C05 1099.99 0.0921738797993917
C06 319.994 62.41343307495117
C06 324.969 65.8264389038086
C06 349.982 75.60430145263672
C06 374.975 80.77165222167969
C06 400.019 85.00360870361328
C06 424.965 84.3077163696289
C06 450.035 83.66887664794922
C06 475.003 84.14630889892578
C06 500.018 85.31010437011719
C06 525.002 86.85023498535156
C06 550.029 89.0136947631836
C06 575.023 91.03778076171875
C06 599.982 92.9146957397461
C06 619.997 93.96488189697266
C06 624.979 94.1673583984375
C06 650.012 95.36249542236328
C06 675.004 96.26976776123047
C06 700.03 96.80607604980469
C06 725.012 96.67032623291016
C06 750.022 97.57069396972656
C06 774.987 97.75318145751953
C06 799.976 97.8748550415039
C06 824.988 96.34712982177734
C06 850.022 95.11241149902344
C06 869.967 92.91159057617188
C06 875.002 91.74032592773438
C06 899.999 85.0305404663086
C06 919.999 77.1994400024414
C06 925.012 74.6336441040039
C06 949.965 60.41798782348633
C06 975.002 45.242862701416016
C06 999.976 29.655357360839844
C06 1025.028 14.515801429748535
C06 1050.014 5.871577262878418
C06 1075.002 0.9295486475082094
C06 1099.99 0.09222896284697168
C07 319.994 62.313106536865234
C07 324.969 65.7392349243164
C07 349.982 75.57542419433594
C07 374.975 80.76492309570312
C07 400.019 84.98643493652344
C07 424.965 84.2774429321289
C07 450.035 83.56034088134766
C07 475.003 83.98605346679688
C07 500.018 85.13260650634766
C07 525.002 86.72369384765625
C07 550.029 88.89035034179688
C07 575.023 90.93511962890625
C07 599.982 92.8274917602539
C07 619.997 93.91568756103516
C07 624.979 94.09011840820312
C07 650.012 95.32804107666016
C07 675.004 96.22004699707031
C07 700.03 96.77198791503906
C07 725.012 96.67058563232422
C07 750.022 97.6541976928711
C07 774.987 97.84322357177734
C07 799.976 97.99364471435547
C07 824.988 96.4570083618164
C07 850.022 95.23434448242188
C07 869.967 93.0521469116211
C07 875.002 91.87350463867188
C07 899.999 85.18568420410156
C07 919.999 77.2137222290039
C07 925.012 74.57840728759766
C07 949.965 60.23980712890625
C07 975.002 45.228450775146484
C07 999.976 29.692502975463867
C07 1025.028 14.487707138061523
C07 1050.014 5.9264397621154785
C07 1075.002 0.9303440673765256
C07 1099.99 0.0923078836755688
C10 319.994 65.4173583984375
C10 324.969 68.82368469238281
C10 349.982 77.08324432373047
C10 374.975 80.10054016113281
C10 400.019 84.12525939941406
C10 424.965 83.74153137207031
C10 450.035 83.38720703125
C10 475.003 84.13660430908203
C10 500.018 85.51506042480469
C10 525.002 87.26461791992188
C10 550.029 89.46109771728516
C10 575.023 91.55360412597656
C10 599.982 93.41989135742188
C10 619.997 94.48567962646484
C10 624.979 94.62239837646484
C10 650.012 95.79610443115234
C10 675.004 96.56442260742188
C10 700.03 96.96257781982422
C10 725.012 96.71067810058594
C10 750.022 97.56927490234375
C10 774.987 97.57283782958984
C10 799.976 97.64314270019531
C10 824.988 96.02520751953125
C10 850.022 94.7694320678711
C10 869.967 92.58453369140625
C10 875.002 91.44425964355469
C10 899.999 84.76605224609375
C10 919.999 76.9742202758789
C10 925.012 74.47211456298828
C10 949.965 60.665382385253906
C10 975.002 45.49915313720703
C10 999.976 29.546031951904297
C10 1025.028 14.456317901611328
C10 1050.014 5.860066890716553
C10 1075.002 0.9295376085054521
C10 1099.99 0.09222786756725941
C11 319.994 65.04362487792969
C11 324.969 68.46820068359375
C11 349.982 77.00556945800781
C11 374.975 80.38162994384766
C11 400.019 84.41519927978516
C11 424.965 83.9606704711914
C11 450.035 83.525390625
C11 475.003 84.18818664550781
C11 500.018 85.50994110107422
C11 525.002 87.23880004882812
C11 550.029 89.44052124023438
C11 575.023 91.55131530761719
C11 599.982 93.4397201538086
C11 619.997 94.52101135253906
C11 624.979 94.66138458251953
C11 650.012 95.85516357421875
C11 675.004 96.64737701416016
C11 700.03 97.06232452392578
C11 725.012 96.81671142578125
C11 750.022 97.68170166015625
C11 774.987 97.68264770507812
C11 799.976 97.76213073730469
C11 824.988 96.15284729003906
C11 850.022 94.91195678710938
C11 869.967 92.7779769897461
C11 875.002 91.65591430664062
C11 899.999 85.04216003417969
C11 919.999 77.24823760986328
C11 925.012 74.72052001953125
C11 949.965 60.688682556152344
C11 975.002 45.557579040527344
C11 999.976 29.644500732421875
C11 1025.028 14.54929256439209
C11 1050.014 5.901144504547119
C11 1075.002 0.9306087361264676
C11 1099.99 0.09233414386579185
C12 319.994 64.34474182128906
C12 324.969 67.7726058959961
C12 349.982 76.61634063720703
C12 374.975 80.43927001953125
C12 400.019 84.53353881835938
C12 424.965 84.03292846679688
C12 450.035 83.54759216308594
C12 475.003 84.17304229736328
C12 500.018 85.45916748046875
C12 525.002 87.15599822998047
C12 550.029 89.33344268798828
C12 575.023 91.42860412597656
C12 599.982 93.30962371826172
C12 619.997 94.38855743408203
C12 624.979 94.53646850585938
C12 650.012 95.73856353759766
C12 675.004 96.54607391357422
C12 700.03 96.97747802734375
C12 725.012 96.74443817138672
C12 750.022 97.61550903320312
C12 774.987 97.62379455566406
C12 799.976 97.7177505493164
C12 824.988 96.11671447753906
C12 850.022 94.87762451171875
C12 869.967 92.73966979980469
C12 875.002 91.63349914550781
C12 899.999 85.05154418945312
C12 919.999 77.20284271240234
C12 925.012 74.67420196533203
C12 949.965 60.59568405151367
C12 975.002 45.489707946777344
C12 999.976 29.568645477294922
C12 1025.028 14.52684497833252
C12 1050.014 5.860455513000488
C12 1075.002 0.9299780005488546
C12 1099.99 0.09227156286122595
C13 319.994 63.740211486816406
C13 324.969 67.17597198486328
C13 349.982 76.3319091796875
C13 374.975 80.58078002929688
C13 400.019 84.73827362060547
C13 424.965 84.20565795898438
C13 450.035 83.68496704101562
C13 475.003 84.2996597290039
C13 500.018 85.57223510742188
C13 525.002 87.23316192626953
C13 550.029 89.36871337890625
C13 575.023 91.43077850341797
C13 599.982 93.2975082397461
C13 619.997 94.37462615966797
C13 624.979 94.52362060546875
C13 650.012 95.73321533203125
C13 675.004 96.55764770507812
C13 700.03 97.00811004638672
C13 725.012 96.7894515991211
C13 750.022 97.6792221069336
C13 774.987 97.7070541381836
C13 799.976 97.81550598144531
C13 824.988 96.23326873779297
C13 850.022 95.00960540771484
C13 869.967 92.8976821899414
C13 875.002 91.8007583618164
C13 899.999 85.26407623291016
C13 919.999 77.38005065917969
C13 925.012 74.84486389160156
C13 949.965 60.69826126098633
C13 975.002 45.60541915893555
C13 999.976 29.647127151489258
C13 1025.028 14.579336166381836
C13 1050.014 5.869619846343994
C13 1075.002 0.9305846771726849
C13 1099.99 0.09233175675850004
C14 319.994 63.473533630371094
C14 324.969 66.91707611083984
C14 349.982 76.29252624511719
C14 374.975 80.83180236816406
C14 400.019 85.01110076904297
C14 424.965 84.43746948242188
C14 450.035 83.90422821044922
C14 475.003 84.5261001586914
C14 500.018 85.7891845703125
C14 525.002 87.40499877929688
C14 550.029 89.5097427368164
C14 575.023 91.51680755615234
C14 599.982 93.35369873046875
C14 619.997 94.40982055664062
C14 624.979 94.56736755371094
C14 650.012 95.76728057861328
C14 675.004 96.61192321777344
C14 700.03 97.08489227294922
C14 725.012 96.88746643066406
C14 750.022 97.78254699707031
C14 774.987 97.84922790527344
C14 799.976 97.97079467773438
C14 824.988 96.41226959228516
C14 850.022 95.20751190185547
C14 869.967 93.12850952148438
C14 875.002 92.02909851074219
C14 899.999 85.511474609375
C14 919.999 77.64647674560547
C14 925.012 75.09423065185547
C14 949.965 60.882564544677734
C14 975.002 45.76497268676758
C14 999.976 29.768512725830078
C14 1025.028 14.629853248596191
C14 1050.014 5.893592834472656
C14 1075.002 0.931568461359985
C14 1099.99 0.09242936692177998
C15 319.994 63.0446891784668
C15 324.969 66.48563385009766
C15 349.982 76.04586029052734
C15 374.975 80.89574432373047
C15 400.019 85.14788818359375
C15 424.965 84.57347106933594
C15 450.035 84.03875732421875
C15 475.003 84.6940689086914
C15 500.018 85.96886444091797
C15 525.002 87.56680297851562
C15 550.029 89.63593292236328
C15 575.023 91.5833740234375
C15 599.982 93.3841552734375
C15 619.997 94.422119140625
C15 624.979 94.58084106445312
C15 650.012 95.776123046875
C15 675.004 96.63455963134766
C15 700.03 97.12983703613281
C15 725.012 96.95950317382812
C15 750.022 97.88568115234375
C15 774.987 97.99231719970703
C15 799.976 98.13563537597656
C15 824.988 96.59458923339844
C15 850.022 95.41957092285156
C15 869.967 93.37294006347656
C15 875.002 92.26417541503906
C15 899.999 85.75799560546875
C15 919.999 77.90948486328125
C15 925.012 75.32073211669922
C15 949.965 61.00816345214844
C15 975.002 45.898380279541016
C15 999.976 29.888330459594727
C15 1025.028 14.674846649169922
C15 1050.014 5.937908172607422
C15 1075.002 0.9325504530296486
C15 1099.99 0.0925267992331068
C16 319.994 62.22362518310547
C16 324.969 65.65526580810547
C16 349.982 75.40465545654297
C16 374.975 80.61669921875
C16 400.019 84.97386169433594
C16 424.965 84.39717864990234
C16 450.035 83.82170867919922
C16 475.003 84.47136688232422
C16 500.018 85.75321960449219
C16 525.002 87.37286376953125
C16 550.029 89.42543029785156
C16 575.023 91.34740447998047
C16 599.982 93.12660217285156
C16 619.997 94.16597747802734
C16 624.979 94.31631469726562
C16 650.012 95.52915954589844
C16 675.004 96.39225006103516
C16 700.03 96.91240692138672
C16 725.012 96.78193664550781
C16 750.022 97.75664520263672
C16 774.987 97.89533996582031
C16 799.976 98.0634765625
C16 824.988 96.52629852294922
C16 850.022 95.3753890991211
C16 869.967 93.35295104980469
C16 875.002 92.23777770996094
C16 899.999 85.71965026855469
C16 919.999 77.80227661132812
C16 925.012 75.15929412841797
C16 949.965 60.746490478515625
C16 975.002 45.76383972167969
C16 999.976 29.86460304260254
C16 1025.028 14.620270729064941
C16 1050.014 5.930545806884766
C16 1075.002 0.9313207012744908
C16 1099.99 0.09240478439370978
C17 319.994 61.50581359863281
C17 324.969 64.93156433105469
C17 349.982 74.75884246826172
C17 374.975 80.15415954589844
C17 400.019 84.61109924316406
C17 424.965 84.02581787109375
C17 450.035 83.35490417480469
C17 475.003 83.90484619140625
C17 500.018 85.13485717773438
C17 525.002 86.77491760253906
C17 550.029 88.83944702148438
C17 575.023 90.8153076171875
C17 599.982 92.6282730102539
C17 619.997 93.7054672241211
C17 624.979 93.84313201904297
C17 650.012 95.0906753540039
C17 675.004 95.95087432861328
C17 700.03 96.47892761230469
C17 725.012 96.38179016113281
C17 750.022 97.42444610595703
C17 774.987 97.57400512695312
C17 799.976 97.76750946044922
C17 824.988 96.2338638305664
C17 850.022 95.10868835449219
C17 869.967 93.085693359375
C17 875.002 91.96672058105469
C17 899.999 85.5074462890625
C17 919.999 77.54029083251953
C17 925.012 74.875
C17 949.965 60.4925651550293
C17 975.002 45.64640426635742
C17 999.976 29.874719619750977
C17 1025.028 14.537483215332031
C17 1050.014 5.93849515914917
C17 1075.002 0.9281556983614755
C17 1099.99 0.0920907557123088
