ts8/qe_curves/rtm-020_s11/19700101T000000.ecsv
# %ECSV 0.9
# ---
# datatype:
# - {name: amp_name, datatype: string}
# - {name: wavelength, unit: nm, datatype: float32}
# - {name: efficiency, unit: '%', datatype: float32}
# meta: !!omap
# - {MODE: AMP}
# - {TYPE: QE}
# - {CALIBDATE: '1970-01-01T00:00:00'}
# - {INSTRUME: TS8}
# - {OBSTYPE: qe_curves}
# - {DETECTOR: 148}
# - {PICKLEFILE: RaftRun10669.p}
# - {CALIB_ID: 'raftName=RTM-020 detectorName=S11 detector=148 calibDate=1970-01-01T00:00:00 ccd=148 ccdnum=148 filter=None'}
# - {DATE: '2020-01-03T17:48:35.779838'}
# - {CALIB_CREATION_DATE: '2020-01-03'}
# - {CALIB_CREATION_TIME: '17:48:35'}
# - __serialized_columns__:
#     efficiency:
#       __class__: astropy.units.quantity.Quantity
#       unit: !astropy.units.Unit {unit: '%'}
#       value: !astropy.table.SerializedColumn {name: efficiency}
#     wavelength:
#       __class__: astropy.units.quantity.Quantity
#       unit: !astropy.units.Unit {unit: nm}
#       value: !astropy.table.SerializedColumn {name: wavelength}
# schema: astropy-2.0
amp_name wavelength efficiency
C15 349.982 73.28119
C15 450.035 86.60592
C15 500.018 90.71313
C15 619.997 97.06008
C15 750.022 96.97062
C15 869.967 89.75211
C15 999.976 26.53598
C14 349.982 73.77379
C14 450.035 86.6545
C14 500.018 90.670975
C14 619.997 96.97958
C14 750.022 96.894714
C14 869.967 89.778854
C14 999.976 26.442585
C04 349.982 72.22213
C04 450.035 86.257744
C04 500.018 90.458755
C04 619.997 96.841896
C04 750.022 96.7419
C04 869.967 89.53185
C04 999.976 26.493195
C13 349.982 73.730515
C13 450.035 86.30661
C13 500.018 90.24528
C13 619.997 96.5072
C13 750.022 96.472435
C13 869.967 89.45202
C13 999.976 26.414806
C06 349.982 72.35556
C06 450.035 85.65364
C06 500.018 89.71531
C06 619.997 96.029106
C06 750.022 96.058174
C06 869.967 88.99398
C06 999.976 26.24635
C07 349.982 73.616646
C07 450.035 86.9164
C07 500.018 90.97349
C07 619.997 97.34183
C07 750.022 97.40914
C07 869.967 90.26722
C07 999.976 26.631985
C16 349.982 73.165535
C16 450.035 86.882385
C16 500.018 91.077644
C16 619.997 97.460464
C16 750.022 97.3487
C16 869.967 90.12654
C16 999.976 26.774384
C10 349.982 74.92926
C10 450.035 86.79567
C10 500.018 90.556564
C10 619.997 96.822174
C10 750.022 97.01415
C10 869.967 89.99658
C10 999.976 26.661
C17 349.982 72.61243
C17 450.035 86.59325
C17 500.018 90.86324
C17 619.997 97.2469
C17 750.022 97.12311
C17 869.967 90.00692
C17 999.976 26.828894
C01 349.982 70.66139
C01 450.035 86.03794
C01 500.018 90.478226
C01 619.997 96.955154
C01 750.022 96.81627
C01 869.967 89.77169
C01 999.976 26.858006
C02 349.982 71.61873
C02 450.035 86.47692
C02 500.018 90.84029
C02 619.997 97.30215
C02 750.022 97.163155
C02 869.967 90.00608
C02 999.976 26.737371
C12 349.982 74.729164
C12 450.035 87.12139
C12 500.018 91.00665
C12 619.997 97.32631
C12 750.022 97.37821
C12 869.967 90.30024
C12 999.976 26.73193
C05 349.982 72.69998
C05 450.035 86.48548
C05 500.018 90.62655
C05 619.997 97.00972
C05 750.022 96.962425
C05 869.967 89.78283
C05 999.976 26.522846
C03 349.982 72.26828
C03 450.035 86.6211
C03 500.018 90.89825
C03 619.997 97.33801
C03 750.022 97.20767
C03 869.967 89.98838
C03 999.976 26.772291
C11 349.982 74.5221
C11 450.035 86.49063
C11 500.018 90.28497
C11 619.997 96.54116
C11 750.022 96.65694
C11 869.967 89.65046
C11 999.976 26.551105
C00 349.982 70.34893
C00 450.035 86.300735
C00 500.018 90.85105
C00 619.997 97.403725
C00 750.022 97.287674
C00 869.967 90.37881
C00 999.976 27.011423
