lsstCam/transmission_filter_detector/r03_s01/u_24/19700101T000000.ecsv
# %ECSV 1.0
# ---
# datatype:
# - {name: wavelength, unit: nm, datatype: float32}
# - {name: efficiency, unit: '%', datatype: float64}
# meta: !!omap
# - {MODE: DETECTOR}
# - {TYPE: transmission_filter_detector}
# - {CALIBDATE: '1970-01-01T00:00:00'}
# - {INSTRUME: LSSTCam}
# - {OBSTYPE: transmission_filter_detector}
# - {CALIBCLS: lsst.ip.isr.IntermediateFilterDetectorTransmissionCurve}
# - {SOURCE: Materion (DM-46256)}
# - {DETECTOR: 19}
# - {FILTER: u_24}
# - {CALIB_ID: 'calibDate=1970-01-01T00:00:00 filter=u_24 detector=19'}
# - {DATE: '2025-04-02T15:59:39.835363'}
# - {CALIB_CREATION_DATE: '2025-04-02'}
# - {CALIB_CREATION_TIME: '15:59:39'}
# - __serialized_columns__:
#     efficiency:
#       __class__: astropy.units.quantity.Quantity
#       unit: !astropy.units.Unit {unit: '%'}
#       value: !astropy.table.SerializedColumn {name: efficiency}
#     wavelength:
#       __class__: astropy.units.quantity.Quantity
#       unit: !astropy.units.Unit {unit: nm}
#       value: !astropy.table.SerializedColumn {name: wavelength}
# schema: astropy-2.0
wavelength efficiency
[from data line 582]
877.0 0.002468471575411968
878.0 0.002571603727119509
879.0 0.002788864185276907
880.0 0.003006125189131126
881.0 0.003025739533768501
882.0 0.0030453544241026975
883.0 0.002891255462600384
884.0 0.0027371565010980703
885.0 0.002605264489830006
886.0 0.002473372660460882
887.0 0.002304003464814741
888.0 0.0021346342691686004
889.0 0.001997296931222081
890.0 0.0018599597751745023
891.0 0.0022350732251652516
892.0 0.002610186675156001
893.0 0.0025475206712144427
894.0 0.0024848543034750037
895.0 0.002801019036269281
896.0 0.0031171832233667374
897.0 0.0036152956454316154
898.0 0.004113408431294374
899.0 0.004251053178450093
900.0 0.004388697925605811
901.0 0.004226822784403339
902.0 0.004064948370796628
903.0 0.004515715772868134
904.0 0.00496648317493964
905.0 0.0050873044528998435
906.0 0.005208125367062166
907.0 0.005594240064965561
908.0 0.005980354399071075
909.0 0.005992169462842867
910.0 0.006003984890412539
911.0 0.006012497033225372
912.0 0.006021009903633967
913.0 0.0058859295677393675
914.0 0.005750848868046887
915.0 0.005049721585237421
916.0 0.004348594302427955
917.0 0.00408553532906808
918.0 0.003822476719506085
919.0 0.00409940148529131
920.0 0.004376326251076534
921.0 0.00452270578534808
922.0 0.004669086047215387
923.0 0.0055059608712326735
924.0 0.006342834967654198
925.0 0.0064802625274751335
926.0 0.00661769081489183
927.0 0.007177123916335404
928.0 0.007736554107395932
929.0 0.007691941573284566
930.0 0.007647328311577439
931.0 0.007066119724186137
932.0 0.006484910409199074
933.0 0.006459471478592604
934.0 0.006434033275581896
935.0 0.00676553972880356
936.0 0.007097046909620985
937.0 0.007205730798887089
938.0 0.007314417598536238
939.0 0.007283750164788216
940.0 0.007253082731040195
941.0 0.006400826532626525
942.0 0.005548568879021332
943.0 0.00448112259618938
944.0 0.0034136766771553084
945.0 0.00257991978287464
946.0 0.0017461632523918524
947.0 0.001650979720579926
948.0 0.0015557963706669398
949.0 0.0013561300875153393
950.0 0.0011564636224647984
951.0 0.001211200014950009
952.0 0.00126593658933416
953.0 0.0014775332601857372
954.0 0.0016891301129362546
955.0 0.0022628581064054742
956.0 0.0028365859179757535
957.0 0.0027771617169491947
958.0 0.002717736606427934
959.0 0.0030125085686449893
960.0 0.0033072799851652235
961.0 0.00371489513781853
962.0 0.004122510290471837
963.0 0.00434371322626248
964.0 0.004564916162053123
965.0 0.0044877251639263704
966.0 0.004410533802001737
967.0 0.004512208761298098
968.0 0.004613884084392339
969.0 0.004629555041901767
970.0 0.0046452259994111955
971.0 0.004829999670619145
972.0 0.005014772978029214
973.0 0.004858018291997723
974.0 0.004701262878370471
975.0 0.004471661668503657
976.0 0.004242060094838962
977.0 0.003890462903655134
978.0 0.0035388653486734256
979.0 0.00330899674736429
980.0 0.0030791281460551545
981.0 0.0031060328183230013
982.0 0.003132937490590848
983.0 0.0030928331398172304
984.0 0.0030527287890436128
985.0 0.003350213955854997
986.0 0.0036476998502621427
987.0 0.003951932740164921
988.0 0.004256165993865579
989.0 0.005241136022959836
990.0 0.0062261045968625695
991.0 0.006625133391935378
992.0 0.007024162187008187
993.0 0.0073722949309740216
994.0 0.007720428402535617
995.0 0.007570841262349859
996.0 0.007421250484185293
997.0 0.006931049574632198
998.0 0.006440851575462148
999.0 0.006492628017440438
1000.0 0.006544403004227206
1001.0 0.0059092875744681805
1002.0 0.005274173236102797
1003.0 0.004789451850228943
1004.0 0.004304730464355089
1005.0 0.004673504008678719
1006.0 0.005042276097810827
1007.0 0.0049245383706875145
1008.0 0.004806797733181156
1009.0 0.004301985609345138
1010.0 0.0037971738493070006
1011.0 0.0038212987419683486
1012.0 0.0038454239984275773
1013.0 0.00319703140121419
1014.0 0.0025486388040008023
1015.0 0.0021876016035093926
1016.0 0.0018265642211190425
1017.0 0.001822078411350958
1018.0 0.0018175924196839333
1019.0 0.0014572713553206995
1020.0 0.0010969502000079956
1021.0 0.0011331733730912674
1022.0 0.0011693966371240094
1023.0 0.0013187157492211554
1024.0 0.0014680348613183014
1025.0 0.001403143505740445
1026.0 0.001338252241112059
1027.0 0.0011734729923773557
1028.0 0.001008693561743712
1029.0 0.0009248170499631669
1030.0 0.0008409407200815622
1031.0 0.001740045627229847
1032.0 0.002639150625327602
1033.0 0.0024908447812777013
1034.0 0.0023425385734299198
1035.0 0.0024956632842076942
1036.0 0.002648787631187588
1037.0 0.0028796996048185974
1038.0 0.003110611578449607
1039.0 0.002743231198110152
1040.0 0.0023758513634675182
1041.0 0.0016918374967644922
1042.0 0.0010078236300614662
1043.0 0.0009870219400909264
1044.0 0.0009662203410698567
1045.0 0.0012303627954679541
1046.0 0.001494505431764992
1047.0 0.001783496372809168
1048.0 0.0020724875867017545
1049.0 0.0015005642126197927
1050.0 0.0009286400199925993
1051.0 0.0007756188097118866
1052.0 0.0006225972356332932
1053.0 0.000751190464143292
1054.0 0.0008797834198048804
1055.0 0.0006593730631720973
1056.0 0.00043896311581193004
1057.0 0.0010608511729515158
1058.0 0.0016827392755658366
1059.0 0.0012489407708926592
1060.0 0.0008151426300173625
1061.0 0.002050076909654308
1062.0 0.0032850111892912537
1063.0 0.0025117673430941068
1064.0 0.0017385233149980195
1065.0 0.0012850933671870735
1066.0 0.0008316635103255976
1067.0 0.0009767232768354006
1068.0 0.0011217824066989124
1069.0 0.0015046608496049885
1070.0 0.0018875389287131839
1071.0 0.000961645673669409
1072.0 3.575271705358318e-05
1073.0 0.0007071540039760293
1074.0 0.0013785552255285438
1075.0 0.0025079325496335514
1076.0 0.003637309782789089
1077.0 0.004590010939864442
1078.0 0.005542712460737675
1079.0 0.005911202970310114
1080.0 0.006279691297095269
1081.0 0.0044865668314741924
1082.0 0.002693442002055235
1083.0 0.002321314241271466
1084.0 0.0019491864804876968
1085.0 0.0030947921914048493
1086.0 0.004240397902322002
1087.0 0.004189909668639302
1088.0 0.004139420707360841
1089.0 0.006599421612918377
1090.0 0.009059423609869555
1091.0 0.005781422805739567
1092.0 0.0025034214559127577
1093.0 0.0012070799130015075
1094.0 1.9645979721510942e-10
1095.0 0.0006111360107752262
1096.0 0.0013115338333591353
1097.0 0.0019864190107909963
1098.0 0.002661304642970208
1099.0 0.0029863733288948424
1100.0 0.0033114418329205364
