lsstCam/transmission_filter_detector/r03_s01/u_24/19700101T000000.ecsv
# %ECSV 1.0
# ---
# datatype:
# - {name: wavelength, unit: nm, datatype: float32}
# - {name: efficiency, unit: '%', datatype: float64}
# meta: !!omap
# - {MODE: DETECTOR}
# - {TYPE: transmission_filter_detector}
# - {CALIBDATE: '1970-01-01T00:00:00'}
# - {INSTRUME: LSSTCam}
# - {OBSTYPE: transmission_filter_detector}
# - {CALIBCLS: lsst.ip.isr.IntermediateFilterDetectorTransmissionCurve}
# - {SOURCE: Materion (DM-46256)}
# - {DETECTOR: 19}
# - {FILTER: u_24}
# - {CALIB_ID: 'calibDate=1970-01-01T00:00:00 filter=u_24 detector=19'}
# - {DATE: '2025-04-02T15:59:39.835363'}
# - {CALIB_CREATION_DATE: '2025-04-02'}
# - {CALIB_CREATION_TIME: '15:59:39'}
# - __serialized_columns__:
#     efficiency:
#       __class__: astropy.units.quantity.Quantity
#       unit: !astropy.units.Unit {unit: '%'}
#       value: !astropy.table.SerializedColumn {name: efficiency}
#     wavelength:
#       __class__: astropy.units.quantity.Quantity
#       unit: !astropy.units.Unit {unit: nm}
#       value: !astropy.table.SerializedColumn {name: wavelength}
# schema: astropy-2.0
wavelength efficiency
295.0 1.9645979721510942e-10
296.0 1.9645979721510942e-10
297.0 1.9645979721510942e-10
298.0 1.9645979721510942e-10
299.0 1.9645979721510942e-10
300.0 1.9645979721510942e-10
301.0 1.9645979721510942e-10
302.0 1.9645979721510942e-10
303.0 0.18075683619827032
304.0 0.6372260395437479
305.0 1.634068600833416
306.0 3.521919995546341
307.0 5.961381644010544
308.0 8.783278614282608
309.0 12.59656697511673
310.0 16.56770408153534
311.0 20.51975429058075
312.0 24.064207077026367
313.0 26.68820321559906
314.0 29.301103949546814
315.0 31.867769360542297
316.0 34.42730903625488
317.0 38.03008198738098
318.0 42.41223633289337
319.0 47.667476534843445
320.0 54.18164134025574
321.0 59.74770784378052
322.0 65.2392029762268
323.0 69.43005919456482
324.0 72.56218194961548
325.0 74.72788095474243
326.0 76.68735384941101
327.0 78.35243344306946
328.0 80.02105951309204
329.0 81.13818764686584
330.0 81.84033036231995
331.0 82.25470781326294
332.0 82.38818645477295
333.0 82.55277872085571
334.0 82.61892199516296
335.0 83.32154154777527
336.0 83.89033079147339
337.0 84.59357619285583
338.0 85.54368019104004
339.0 85.83285212516785
340.0 86.11650466918945
341.0 86.46416664123535
342.0 86.73704266548157
343.0 86.6776168346405
344.0 86.93073987960815
345.0 87.43000626564026
346.0 87.83721923828125
347.0 88.1516695022583
348.0 88.39515447616577
349.0 88.53276371955872
350.0 88.42890858650208
351.0 88.65128755569458
352.0 88.52303624153137
353.0 88.61686587333679
354.0 88.53267431259155
355.0 88.63014578819275
356.0 88.64864110946655
357.0 88.40331435203552
358.0 87.95253038406372
359.0 87.63478994369507
360.0 87.53718137741089
361.0 87.3817503452301
362.0 87.36537098884583
363.0 87.60091066360474
364.0 87.8611147403717
365.0 88.29289674758911
366.0 88.57578039169312
367.0 88.59573602676392
368.0 88.57657313346863
369.0 88.7979805469513
370.0 88.724285364151
371.0 88.74862790107727
372.0 88.93823623657227
373.0 89.23125267028809
374.0 89.27905559539795
375.0 89.6553099155426
376.0 89.89952206611633
377.0 89.97429013252258
378.0 89.76833820343018
379.0 89.05825614929199
380.0 87.93187737464905
381.0 86.09415888786316
382.0 84.06175374984741
383.0 82.09344744682312
384.0 79.83607053756714
385.0 77.13724374771118
386.0 74.14906024932861
387.0 70.01094222068787
388.0 65.75053334236145
389.0 60.964179039001465
390.0 56.66630268096924
391.0 52.49091982841492
392.0 48.558783531188965
393.0 45.032936334609985
394.0 41.21996462345123
395.0 36.32678687572479
396.0 30.513575673103333
397.0 22.94774055480957
398.0 15.874233841896057
399.0 9.419260919094086
400.0 4.518268257379532
401.0 1.7158037051558495
402.0 0.5155241582542658
403.0 0.22733912337571383
404.0 0.1344478572718799
405.0 0.018177232414018363
406.0 0.0222605507588014
407.0 0.005346414400264621
408.0 1.9645979721510942e-10
409.0 1.9645979721510942e-10
410.0 1.9645979721510942e-10
411.0 1.9645979721510942e-10
412.0 1.9645979721510942e-10
413.0 1.9645979721510942e-10
414.0 1.9645979721510942e-10
415.0 1.9645979721510942e-10
416.0 1.9645979721510942e-10
417.0 1.9645979721510942e-10
418.0 1.9645979721510942e-10
419.0 1.9645979721510942e-10
420.0 1.9645979721510942e-10
421.0 1.9645979721510942e-10
422.0 1.9645979721510942e-10
423.0 1.9645979721510942e-10
424.0 1.9645979721510942e-10
425.0 1.9645979721510942e-10
426.0 1.9645979721510942e-10
427.0 0.0001997384060814511
428.0 0.0010593671504466329
429.0 0.0008266190889116842
430.0 0.0005938706635788549
431.0 1.9645979721510942e-10
432.0 1.9645979721510942e-10
433.0 1.9645979721510942e-10
434.0 1.9645979721510942e-10
435.0 1.9645979721510942e-10
436.0 0.00014325881920740358
437.0 0.00026790969513967866
438.0 0.00039256074160221033
439.0 0.0009382739335705992
440.0 0.0014839873983873986
441.0 1.9645979721510942e-10
442.0 1.9645979721510942e-10
443.0 1.9645979721510942e-10
444.0 1.9645979721510942e-10
445.0 1.9645979721510942e-10
446.0 0.000514337762069772
447.0 0.00013080190228720312
448.0 1.9645979721510942e-10
449.0 1.9645979721510942e-10
450.0 1.9645979721510942e-10
451.0 1.9645979721510942e-10
452.0 1.9645979721510942e-10
453.0 1.9645979721510942e-10
454.0 0.0002020706688199425
455.0 1.9645979721510942e-10
456.0 1.9645979721510942e-10
457.0 1.9645979721510942e-10
458.0 1.9645979721510942e-10
459.0 1.9645979721510942e-10
460.0 1.9645979721510942e-10
461.0 1.9645979721510942e-10
462.0 1.9645979721510942e-10
463.0 1.9645979721510942e-10
464.0 1.9645979721510942e-10
465.0 1.9645979721510942e-10
466.0 0.00032751991057011764
467.0 0.0004229683327139355
468.0 0.0005184167548577534
469.0 0.0007740970431768801
470.0 0.001029777376970742
471.0 0.00023426082407240756
472.0 1.9645979721510942e-10
473.0 1.9645979721510942e-10
474.0 1.9645979721510942e-10
475.0 1.9645979721510942e-10
476.0 1.9645979721510942e-10
477.0 1.9645979721510942e-10
478.0 0.0005006067567592254
479.0 0.0002373599727434339
480.0 1.9645979721510942e-10
481.0 0.00023887705538072623
482.0 0.0005036406491853995
483.0 1.9645979721510942e-10
484.0 1.9645979721510942e-10
485.0 1.9645979721510942e-10
486.0 1.9645979721510942e-10
487.0 1.9645979721510942e-10
488.0 1.9645979721510942e-10
489.0 1.9645979721510942e-10
490.0 1.9645979721510942e-10
491.0 1.9645979721510942e-10
492.0 0.000264324057752674
493.0 1.9645979721510942e-10
494.0 1.9645979721510942e-10
495.0 0.0003547140977389063
496.0 0.001052416155289393
497.0 0.0005100821908854414
498.0 1.9645979721510942e-10
499.0 0.00016613762454653624
500.0 0.00036452759104577126
501.0 0.00020276302166166715
502.0 4.0998460804075876e-05
503.0 1.9645979721510942e-10
504.0 1.9645979721510942e-10
505.0 1.9645979721510942e-10
506.0 1.9645979721510942e-10
507.0 1.9645979721510942e-10
508.0 1.9645979721510942e-10
509.0 1.9645979721510942e-10
510.0 1.9645979721510942e-10
511.0 5.593963123828871e-05
512.0 0.0005024013262300286
513.0 0.0003200116680091014
514.0 0.0001376215891468746
515.0 0.00022952303879719693
516.0 0.000321424499816203
517.0 1.9645979721510942e-10
518.0 1.9645979721510942e-10
519.0 1.9645979721510942e-10
520.0 0.00019954779872932704
521.0 0.0005175298156245844
522.0 0.0008355118552572094
523.0 0.0003266382236688514
524.0 1.9645979721510942e-10
525.0 1.9645979721510942e-10
526.0 1.9645979721510942e-10
527.0 1.9645979721510942e-10
528.0 1.9645979721510942e-10
529.0 1.9645979721510942e-10
530.0 1.9645979721510942e-10
531.0 1.9645979721510942e-10
532.0 0.0002490290626155911
533.0 1.9645979721510942e-10
534.0 1.9645979721510942e-10
535.0 1.9645979721510942e-10
536.0 1.9645979721510942e-10
537.0 1.9645979721510942e-10
538.0 4.6663862462992256e-05
539.0 1.9645979721510942e-10
540.0 1.9645979721510942e-10
541.0 1.9645979721510942e-10
542.0 1.9645979721510942e-10
543.0 1.9645979721510942e-10
544.0 1.9645979721510942e-10
545.0 1.9645979721510942e-10
546.0 1.9645979721510942e-10
547.0 1.9645979721510942e-10
548.0 8.601908234595612e-05
549.0 1.9645979721510942e-10
550.0 1.9645979721510942e-10
551.0 1.9645979721510942e-10
552.0 1.9645979721510942e-10
553.0 1.9645979721510942e-10
554.0 1.9645979721510942e-10
555.0 1.9645979721510942e-10
556.0 1.9645979721510942e-10
557.0 1.9645979721510942e-10
558.0 1.9645979721510942e-10
559.0 8.784847977949539e-05
560.0 0.0003015322135979659
561.0 0.00013402392369243898
562.0 1.9645979721510942e-10
563.0 1.9645979721510942e-10
564.0 1.9645979721510942e-10
565.0 1.9645979721510942e-10
566.0 1.9645979721510942e-10
567.0 1.9645979721510942e-10
568.0 1.9645979721510942e-10
569.0 0.00010398265430922038
570.0 0.0003831724825431593
571.0 0.0004665967935579829
572.0 0.0005500212864717469
573.0 0.0004174058176431572
574.0 0.0002847906898750807
575.0 0.0001599413167241437
576.0 3.5092057260044385e-05
577.0 0.0002267592890348169
578.0 0.0004184264525974868
579.0 0.0004065987468493404
580.0 0.0003947710865759291
581.0 0.0007936116162454709
582.0 0.0011924526006623637
583.0 0.0014295816981757525
584.0 0.0016667108866386116
585.0 0.00132540744743892
586.0 0.0009841035534918774
587.0 0.0009221568689099513
588.0 0.0008602101843280252
589.0 0.0008178209100151435
590.0 0.0007754313628538512
591.0 0.0009589954061084427
592.0 0.001142559358413564
593.0 0.0009338289601146244
594.0 0.0007250983799167443
595.0 0.0008048356903600506
596.0 0.0008845728189044166
597.0 0.0010071098586195149
598.0 0.001129646898334613
599.0 0.0016906204109545797
600.0 0.002251593832625076
601.0 0.0024771074095042422
602.0 0.0027026209863834083
603.0 0.0022355128749040887
604.0 0.0017684049453237094
605.0 0.0013981927622808143
606.0 0.0010279804882884491
607.0 0.0010500127245904878
608.0 0.0010720451427914668
609.0 0.0007791291864123195
610.0 0.0004862132755079074
611.0 0.0007340322554227896
612.0 0.000981851280812407
613.0 0.0008995035386760719
614.0 0.0008171557965397369
615.0 0.0008984269697975833
616.0 0.0009796981430554297
617.0 0.0009087671060115099
618.0 0.0008378360689675901
619.0 0.0004406822881719563
620.0 4.352861537881836e-05
621.0 0.0004213134616293246
622.0 0.0007990982339833863
623.0 0.000806832940725144
624.0 0.0008145676474669017
625.0 0.0008469595741189551
626.0 0.0008793514098215383
627.0 0.0008184493708540685
628.0 0.0007575471954623936
629.0 0.0009823475920711644
630.0 0.00120714785225573
631.0 0.0015106205864867661
632.0 0.001814093229768332
633.0 0.001995411184907425
634.0 0.0021767291400465183
635.0 0.0024310855224030092
636.0 0.0026854419047595
637.0 0.002281147135363426
638.0 0.0018768520021694712
639.0 0.0012813159628422
640.0 0.0006857796961412532
641.0 0.0010188951819145586
642.0 0.0013520105312636588
643.0 0.0009861213584372308
644.0 0.0006202322310855379
645.0 0.00045457982196239755
646.0 0.000288927321889787
647.0 0.000116033493213763
648.0 1.9645979721510942e-10
649.0 1.9645979721510942e-10
650.0 4.6298063693939184e-05
651.0 0.0005055501787865069
652.0 0.0009648024388297927
653.0 0.0013450558071781415
654.0 0.0017253085388801992
655.0 0.0017936250515049323
656.0 0.0018619413822307251
657.0 0.0027571759346756153
658.0 0.0036524110328173265
659.0 0.004053941302117892
660.0 0.004455471207620576
661.0 0.004171816181042232
662.0 0.0038881607906660065
663.0 0.002913220305345021
664.0 0.0019382800019229762
665.0 0.0016100391803774983
666.0 0.0012817979040846694
667.0 0.0013173837032809388
668.0 0.0013529692296287976
669.0 0.0009439536370337009
670.0 0.0005349379989638692
671.0 0.0005647751095239073
672.0 0.0005946121291344753
673.0 0.0005421048626885749
674.0 0.0004895975507679395
675.0 0.0007516903224313864
676.0 0.0010137830940948334
677.0 0.0017659180230111815
678.0 0.00251805322477594
679.0 0.0025384713808307424
680.0 0.0025588895368855447
681.0 0.003614063825807534
682.0 0.004669237750931643
683.0 0.0064034873503260314
684.0 0.0081377373135183
685.0 0.008566080941818655
686.0 0.008994427480502054
687.0 0.008005392737686634
688.0 0.007016357994871214
689.0 0.005485160363605246
690.0 0.003953962732339278
691.0 0.0036459176044445485
692.0 0.003337872476549819
693.0 0.0030451830753008835
694.0 0.0027524938559508882
695.0 0.0023650376533623785
696.0 0.001977581632672809
697.0 0.001435174544894835
698.0 0.0008927671842684504
699.0 0.0006930984454811551
700.0 0.0004934297066938598
701.0 0.0005815378699480789
702.0 0.0006696458967780927
703.0 0.0007553771411039634
704.0 0.0008411083399550989
705.0 0.0008537456778867636
706.0 0.0008663832886668388
707.0 0.0008644426088721957
708.0 0.0008625017471786123
709.0 0.0006894235866639065
710.0 0.0005163454716239357
711.0 0.0006522378498630133
712.0 0.0007881300007284153
713.0 0.0007824368367437273
714.0 0.0007767436727590393
715.0 0.0006210768788150745
716.0 0.0004654100848711096
717.0 0.0005324717676558066
718.0 0.0005995333594910335
719.0 0.0004861826710111927
720.0 0.00037283198253135197
721.0 0.0004089811227458995
722.0 0.0004451301720109768
723.0 0.0004961880222253967
724.0 0.0005472458269650815
725.0 0.0003733222229129751
726.0 0.00019939850517403102
727.0 0.0003600558329708292
728.0 0.00052071322897973
729.0 0.0003343388698340277
730.0 0.00014796457890042802
731.0 0.0002464176304783905
732.0 0.0003448707502684556
733.0 0.00022295137114269892
734.0 0.00010103208296641242
735.0 0.0003283704700152157
736.0 0.000555708902538754
737.0 0.000607043284617248
738.0 0.000658377712170477
739.0 0.0006244939413591055
740.0 0.0005906100795982638
741.0 0.0010580990419839509
742.0 0.0015255883226927835
743.0 0.002257920459669549
744.0 0.002990252323797904
745.0 0.003597416798584163
746.0 0.004204580909572542
747.0 0.004479030394577421
748.0 0.004753479879582301
749.0 0.004082721352460794
750.0 0.0034119631891371682
751.0 0.0030864961445331573
752.0 0.0027610290999291465
753.0 0.0023723574486211874
754.0 0.0019836854335153475
755.0 0.0021887886759941466
756.0 0.0023938922822708264
757.0 0.0020447379938559607
758.0 0.0016955833416432142
759.0 0.0013118954484525602
760.0 0.0009282076462113764
761.0 0.001195498407469131
762.0 0.0014627891687268857
763.0 0.0010777405805129092
764.0 0.0006926918103999924
765.0 0.0008189165782823693
766.0 0.0009451414371142164
767.0 0.0007804692359059118
768.0 0.0006157969892228721
769.0 0.0005383687039284268
770.0 0.0004609401457855711
771.0 0.0003974294031650061
772.0 0.00033391843317076564
773.0 0.0002047085672529647
774.0 7.549863880740304e-05
775.0 0.0002453409706504317
776.0 0.0004151832399656996
777.0 0.0004453740984899923
778.0 0.0004755647296406096
779.0 0.0007699070920352824
780.0 0.00106424931800575
781.0 0.0011902156984433532
782.0 0.001316182351729367
783.0 0.0010818152077263221
784.0 0.000847447881824337
785.0 0.0010027660209743772
786.0 0.001158083978225477
787.0 0.000986180930340197
788.0 0.0008142777915054467
789.0 0.0009259421858587302
790.0 0.001037606671161484
791.0 0.0008763059668126516
792.0 0.0007150051715143491
793.0 0.00010577026614555507
794.0 1.9645979721510942e-10
795.0 1.9645979721510942e-10
796.0 0.00014516866713165655
797.0 0.00040357158468395937
798.0 0.0006619744908675784
799.0 0.0003373013669261127
800.0 1.2628144929749396e-05
801.0 1.9645979721510942e-10
802.0 1.9645979721510942e-10
803.0 1.9645979721510942e-10
804.0 1.9645979721510942e-10
805.0 1.019688795622642e-05
806.0 3.0110220450296765e-05
807.0 1.9645979721510942e-10
808.0 1.9645979721510942e-10
809.0 1.9645979721510942e-10
810.0 0.00025548706616973504
811.0 1.9645979721510942e-10
812.0 1.9645979721510942e-10
813.0 2.9694317049688834e-05
814.0 0.00039634483073314186
815.0 0.00038731172935513314
816.0 0.0003782785597650218
817.0 0.0002904123221014743
818.0 0.00020254608443792677
819.0 1.9645979721510942e-10
820.0 1.9645979721510942e-10
821.0 1.9645979721510942e-10
822.0 1.9645979721510942e-10
823.0 1.9645979721510942e-10
824.0 1.9645979721510942e-10
825.0 1.9645979721510942e-10
826.0 1.9645979721510942e-10
827.0 0.00033178066587424837
828.0 0.0008512057320331223
829.0 0.00065249778344878
830.0 0.0004537901986623183
831.0 5.654060259985272e-05
832.0 1.9645979721510942e-10
833.0 1.9645979721510942e-10
834.0 1.9645979721510942e-10
835.0 1.9645979721510942e-10
836.0 0.00013507589073924464
837.0 1.9645979721510942e-10
838.0 1.9645979721510942e-10
839.0 1.9645979721510942e-10
840.0 1.9645979721510942e-10
841.0 3.91439499480839e-05
842.0 0.0003079339649048052
843.0 0.0002160378926419071
844.0 0.00012414172942953883
845.0 0.00010811867241500295
846.0 9.209552445099689e-05
847.0 7.431971198457177e-05
848.0 5.65438369903859e-05
849.0 0.0001942569042512332
850.0 0.0003319697725601145
851.0 0.00024359831058973214
852.0 0.00015522681451329845
853.0 0.00030174976473063
854.0 0.00044827265810454264
855.0 0.00044067651288060006
856.0 0.0004330803221819224
857.0 0.000456191355624469
858.0 0.00047930225264281034
859.0 0.000700899454386672
860.0 0.0009224966561305337
861.0 0.0009925736776494887
862.0 0.001062650881067384
863.0 0.0012712032912531868
864.0 0.0014797557014389895
865.0 0.001703444831946399
866.0 0.0019271337805548683
867.0 0.0019135208276566118
868.0 0.001899908238556236
869.0 0.0019050936316489242
870.0 0.0019102786609437317
871.0 0.001907057776406873
872.0 0.0019038365280721337
873.0 0.0018823022401193157
874.0 0.0018607677702675574
875.0 0.002113053596985992
