lsstCam/transmission_filter_detector/r33_s21/y_10/19700101T000000.ecsv
# %ECSV 1.0
# ---
# datatype:
# - {name: wavelength, unit: nm, datatype: float32}
# - {name: efficiency, unit: '%', datatype: float64}
# meta: !!omap
# - {MODE: DETECTOR}
# - {TYPE: transmission_filter_detector}
# - {CALIBDATE: '1970-01-01T00:00:00'}
# - {INSTRUME: LSSTCam}
# - {OBSTYPE: transmission_filter_detector}
# - {CALIBCLS: lsst.ip.isr.IntermediateFilterDetectorTransmissionCurve}
# - {SOURCE: Materion (DM-46256)}
# - {DETECTOR: 151}
# - {FILTER: y_10}
# - {CALIB_ID: 'calibDate=1970-01-01T00:00:00 filter=y_10 detector=151'}
# - {DATE: '2025-04-02T15:59:51.443517'}
# - {CALIB_CREATION_DATE: '2025-04-02'}
# - {CALIB_CREATION_TIME: '15:59:51'}
# - __serialized_columns__:
#     efficiency:
#       __class__: astropy.units.quantity.Quantity
#       unit: !astropy.units.Unit {unit: '%'}
#       value: !astropy.table.SerializedColumn {name: efficiency}
#     wavelength:
#       __class__: astropy.units.quantity.Quantity
#       unit: !astropy.units.Unit {unit: nm}
#       value: !astropy.table.SerializedColumn {name: wavelength}
# schema: astropy-2.0
wavelength efficiency
[from data line 577]
877.0 0.0025132185328402556
878.0 0.00198516409000149
879.0 0.0015744881238788366
880.0 0.0816162209957838
881.0 0.09890669025480747
882.0 0.07239352562464774
883.0 0.1006658305414021
884.0 0.06894281250424683
885.0 0.08877785294316709
886.0 0.06453317473642528
887.0 0.10491362772881985
888.0 0.07789225783199072
889.0 0.10913449805229902
890.0 0.07131033344194293
891.0 0.09885820327326655
892.0 0.07920973002910614
893.0 0.10719419224187732
894.0 0.07688283803872764
895.0 0.1034290180541575
896.0 0.08706235676072538
897.0 0.12238280614838004
898.0 0.08596615516580641
899.0 0.1426083967089653
900.0 0.10273861698806286
901.0 0.13576502678915858
902.0 0.13888500398024917
903.0 0.15520158922299743
904.0 0.20617784466594458
905.0 0.24846990127116442
906.0 0.2874047961086035
907.0 0.3615687368437648
908.0 0.48988722264766693
909.0 0.6718074437230825
910.0 0.9515321813523769
911.0 1.3314034789800644
912.0 1.9753903150558472
913.0 2.936147525906563
914.0 4.118341580033302
915.0 5.852911248803139
916.0 7.974033057689667
917.0 10.304509103298187
918.0 13.020674884319305
919.0 15.598076581954956
920.0 19.023604691028595
921.0 22.54153937101364
922.0 26.035261154174805
923.0 30.217984318733215
924.0 34.75106060504913
925.0 39.83806371688843
926.0 45.9579735994339
927.0 52.59853005409241
928.0 58.5218608379364
929.0 64.93339538574219
930.0 70.61222195625305
931.0 76.27229690551758
932.0 81.4984679222107
933.0 85.98155379295349
934.0 89.26406502723694
935.0 91.69580936431885
936.0 93.54673624038696
937.0 94.85238194465637
938.0 95.73902487754822
939.0 96.1934506893158
940.0 96.52760028839111
941.0 96.72238826751709
942.0 96.89939618110657
943.0 97.05672860145569
944.0 97.3231554031372
945.0 97.26870656013489
946.0 97.35363721847534
947.0 97.34954237937927
948.0 97.46273159980774
949.0 97.376948595047
950.0 97.5323498249054
951.0 97.56149053573608
952.0 97.61682152748108
953.0 97.8015124797821
954.0 97.87259101867676
955.0 97.98206686973572
956.0 98.15353155136108
957.0 98.37190508842468
958.0 98.52299094200134
959.0 98.53682518005371
960.0 98.72053861618042
961.0 98.78143072128296
962.0 98.8163411617279
963.0 98.8455593585968
964.0 98.8998293876648
965.0 98.92016053199768
966.0 98.98176193237305
967.0 99.01803135871887
968.0 99.02069568634033
969.0 99.02752637863159
970.0 99.09384846687317
971.0 99.1076111793518
972.0 99.1642713546753
973.0 99.2737889289856
974.0 99.25844073295593
975.0 99.24375414848328
976.0 99.29220676422119
977.0 99.26186203956604
978.0 99.32666420936584
979.0 99.26900863647461
980.0 99.22958016395569
981.0 99.13938045501709
982.0 99.0902841091156
983.0 99.11545515060425
984.0 99.07702207565308
985.0 99.07233715057373
986.0 98.94004464149475
987.0 99.05210733413696
988.0 98.92876744270325
989.0 98.89563322067261
990.0 98.88615012168884
991.0 98.87614846229553
992.0 98.96295666694641
993.0 98.90297055244446
994.0 98.8883376121521
995.0 98.9494800567627
996.0 98.91119599342346
997.0 99.06729459762573
998.0 99.08482432365417
999.0 99.09860491752625
1000.0 99.14475083351135
1001.0 99.11010265350342
1002.0 99.2146372795105
1003.0 99.23909902572632
1004.0 99.33037757873535
1005.0 99.25281405448914
1006.0 99.35997128486633
1007.0 99.36057925224304
1008.0 99.30589199066162
1009.0 99.24439787864685
1010.0 99.32320713996887
1011.0 99.31727647781372
1012.0 99.21594262123108
1013.0 99.2295503616333
1014.0 99.2058515548706
1015.0 99.15276765823364
1016.0 99.12989139556885
1017.0 99.17410612106323
1018.0 99.21954274177551
1019.0 99.12417531013489
1020.0 99.18122291564941
1021.0 99.32175278663635
1022.0 99.16643500328064
1023.0 99.21695590019226
1024.0 99.22748804092407
1025.0 99.23278093338013
1026.0 99.24659132957458
1027.0 99.35993552207947
1028.0 99.25897121429443
1029.0 99.36700463294983
1030.0 99.40821528434753
1031.0 99.3781566619873
1032.0 99.39378499984741
1033.0 99.37093257904053
1034.0 99.42198991775513
1035.0 99.40723180770874
1036.0 99.34131503105164
1037.0 99.37635660171509
1038.0 99.32041764259338
1039.0 99.28637146949768
1040.0 99.20023083686829
1041.0 99.2876648902893
1042.0 99.28945302963257
1043.0 99.22800660133362
1044.0 99.2963969707489
1045.0 98.98509979248047
1046.0 99.21944737434387
1047.0 99.14328455924988
1048.0 99.17440414428711
1049.0 99.04800057411194
1050.0 99.05189871788025
1051.0 99.0551769733429
1052.0 99.11843538284302
1053.0 98.94112348556519
1054.0 99.23675656318665
1055.0 99.3048369884491
1056.0 99.04114007949829
1057.0 99.19543862342834
1058.0 99.05402660369873
1059.0 99.05810952186584
1060.0 99.19954538345337
1061.0 99.18039441108704
1062.0 99.15201663970947
1063.0 99.04020428657532
1064.0 99.20583367347717
1065.0 99.16098117828369
1066.0 99.19193387031555
1067.0 99.21628832817078
1068.0 99.09297227859497
1069.0 98.97114634513855
1070.0 99.34987425804138
1071.0 99.07957911491394
1072.0 99.17528629302979
1073.0 99.29355978965759
1074.0 98.93168807029724
1075.0 98.96118640899658
1076.0 98.69626760482788
1077.0 99.13768768310547
1078.0 99.23478960990906
1079.0 98.94625544548035
1080.0 99.49466586112976
1081.0 98.86252284049988
1082.0 98.95845651626587
1083.0 98.85349869728088
1084.0 99.274343252182
1085.0 99.02477264404297
1086.0 98.97514581680298
1087.0 99.06102418899536
1088.0 98.61004948616028
1089.0 98.80082607269287
1090.0 98.88154864311218
1091.0 98.87766242027283
1092.0 98.89599084854126
1093.0 98.87075424194336
1094.0 98.70626330375671
1095.0 98.61301183700562
1096.0 98.69489669799805
1097.0 98.39890003204346
1098.0 97.94233441352844
1099.0 98.97030591964722
1100.0 98.23510646820068
