lsstCam/transmission_filter_detector/r33_s21/y_10/19700101T000000.ecsv
# %ECSV 1.0
# ---
# datatype:
# - {name: wavelength, unit: nm, datatype: float32}
# - {name: efficiency, unit: '%', datatype: float64}
# meta: !!omap
# - {MODE: DETECTOR}
# - {TYPE: transmission_filter_detector}
# - {CALIBDATE: '1970-01-01T00:00:00'}
# - {INSTRUME: LSSTCam}
# - {OBSTYPE: transmission_filter_detector}
# - {CALIBCLS: lsst.ip.isr.IntermediateFilterDetectorTransmissionCurve}
# - {SOURCE: Materion (DM-46256)}
# - {DETECTOR: 151}
# - {FILTER: y_10}
# - {CALIB_ID: 'calibDate=1970-01-01T00:00:00 filter=y_10 detector=151'}
# - {DATE: '2025-04-02T15:59:51.443517'}
# - {CALIB_CREATION_DATE: '2025-04-02'}
# - {CALIB_CREATION_TIME: '15:59:51'}
# - __serialized_columns__:
#     efficiency:
#       __class__: astropy.units.quantity.Quantity
#       unit: !astropy.units.Unit {unit: '%'}
#       value: !astropy.table.SerializedColumn {name: efficiency}
#     wavelength:
#       __class__: astropy.units.quantity.Quantity
#       unit: !astropy.units.Unit {unit: nm}
#       value: !astropy.table.SerializedColumn {name: wavelength}
# schema: astropy-2.0
wavelength efficiency
300.0 0.018861787975765765
301.0 0.017761717026587576
302.0 0.016661641711834818
303.0 0.01414539001416415
304.0 0.011629136133706197
305.0 0.010759712313301861
306.0 0.00989028558251448
307.0 0.00808091863291338
308.0 0.006271552410908043
309.0 0.005456013241200708
310.0 0.004640473343897611
311.0 0.0046570745325880125
312.0 0.004673676085076295
313.0 0.0067342167312745005
314.0 0.008794757741270587
315.0 0.006993208808125928
316.0 0.005191659874981269
317.0 0.005487206726684235
318.0 0.005782755397376604
319.0 0.003001349796249997
320.0 0.00021994419512338936
321.0 0.0009029132343130186
322.0 0.0015858822735026479
323.0 0.0023068147129379213
324.0 0.0030277471523731947
325.0 0.002970006244140677
326.0 0.0029122655178071
327.0 0.0027814374334411696
328.0 0.00265060971287312
329.0 0.00325484543282073
330.0 0.0038590813346672803
331.0 0.003674033723655157
332.0 0.0034889861126430333
333.0 0.002884767127397936
334.0 0.0022805475964560173
335.0 0.00215759027923923
336.0 0.002034632780123502
337.0 0.0019059325495618396
338.0 0.001777232319000177
339.0 0.0014003883734403644
340.0 0.0010235441550321411
341.0 0.0010767716958071105
342.0 0.0011299991456326097
343.0 0.0014425588233279996
344.0 0.0017551185010233894
345.0 0.0012939963198732585
346.0 0.0008328741387231275
347.0 0.0009479670552536845
348.0 0.0010630599717842415
349.0 0.0010325412404199596
350.0 0.0010020225090556778
351.0 0.001102979058487108
352.0 0.0012039356079185382
353.0 0.0012526760656328406
354.0 0.0013014163414482027
355.0 0.0016535639588255435
356.0 0.0020057115762028843
357.0 0.0016673746358719654
358.0 0.001329037968389457
359.0 0.0011624189937720075
360.0 0.0009958002010534983
361.0 0.0008797946975391824
362.0 0.0007637892849743366
363.0 0.0008501217962475494
364.0 0.0009364543075207621
365.0 0.0012468053682823665
366.0 0.0015571566109429114
367.0 0.001792440343706403
368.0 0.002027723894570954
369.0 0.0016981115550152026
370.0 0.0013684993973583914
371.0 0.0012881784641649574
372.0 0.001207857894769404
373.0 0.001521430749562569
374.0 0.0018350036043557338
375.0 0.0028433050829335116
376.0 0.003851606379612349
377.0 0.004154094131081365
378.0 0.004456581882550381
379.0 0.004154892667429522
380.0 0.0038532041799044237
381.0 0.0030467917895293795
382.0 0.002240379762952216
383.0 0.0015797781088622287
384.0 0.0009191764547722414
385.0 0.0008537540452380199
386.0 0.0007883316357037984
387.0 0.000580799223826034
388.0 0.0003732669028977398
389.0 0.0004560160050459672
390.0 0.0005387651526689297
391.0 0.0006225769539014436
392.0 0.0007063886641844874
393.0 0.0007089310201990884
394.0 0.000711473194314749
395.0 0.0007076914698700421
396.0 0.000703909654475865
397.0 0.0007297818683582591
398.0 0.000755653945816448
399.0 0.0008694626558281016
400.0 0.000983271274890285
401.0 0.0013195713108871132
402.0 0.0016558713468839414
403.0 0.0017767675672075711
404.0 0.0018976637875312008
405.0 0.0018273090972797945
406.0 0.0017569540432305075
407.0 0.0016505009625689127
408.0 0.0015440478819073178
409.0 0.00134719930429128
410.0 0.0011503509085741825
411.0 0.0010223475328530185
412.0 0.0008943442480813246
413.0 0.0008248803169408347
414.0 0.0007554163403256098
415.0 0.0005093647814646829
416.0 0.00026331294975534547
417.0 0.00016326633840435534
418.0 6.321973842204898e-05
419.0 5.650572347803973e-05
420.0 4.979167442797916e-05
421.0 1.6163444280931083e-10
422.0 1.6163444280931083e-10
423.0 1.6163444280931083e-10
424.0 1.6163444280931083e-10
425.0 1.6163444280931083e-10
426.0 1.6163444280931083e-10
427.0 3.245389450512448e-05
428.0 0.0005493736352946144
429.0 0.00010903535212491988
430.0 1.6163444280931083e-10
431.0 1.6163444280931083e-10
432.0 1.6163444280931083e-10
433.0 1.6163444280931083e-10
434.0 1.6163444280931083e-10
435.0 1.6163444280931083e-10
436.0 0.0001619233103156148
437.0 0.00014146392004477093
438.0 0.00012100456387997838
439.0 0.0006274835868680384
440.0 0.0011339625416439958
441.0 0.0007189758889580844
442.0 0.0003039891907974379
443.0 0.00037788420286233304
444.0 0.0004517791694524931
445.0 0.00020984377897548256
446.0 1.6163444280931083e-10
447.0 0.00042631590986275114
448.0 0.0008847236131259706
449.0 0.0005455948667076882
450.0 0.00020646589291573036
451.0 0.00031560268780594924
452.0 0.0004247395736456383
453.0 0.00018338173504162114
454.0 1.6163444280931083e-10
455.0 0.00032993075365084223
456.0 0.0007178377472882858
457.0 0.0003373853587618214
458.0 1.6163444280931083e-10
459.0 3.850725818210776e-05
460.0 0.00012008177918687579
461.0 0.00012013431387458695
462.0 0.00012018685993098188
463.0 0.00018943354689326952
464.0 0.0002586802565929247
465.0 0.0005185265763429925
466.0 0.0007783730325172655
467.0 0.0009794037396204658
468.0 0.0011804346286226064
469.0 0.0014366974937729537
470.0 0.0016929605408222415
471.0 0.0017489781384938397
472.0 0.0018049955542664975
473.0 0.002060683982563205
474.0 0.0023163722289609723
475.0 0.00247909156314563
476.0 0.002641811079229228
477.0 0.002655544267327059
478.0 0.0026692772735259496
479.0 0.003377124448888935
480.0 0.004084972169948742
481.0 0.004485592216951773
482.0 0.004886212263954803
483.0 0.004574707054416649
484.0 0.004263201481080614
485.0 0.004026964961667545
486.0 0.0037907284422544762
487.0 0.003299705349490978
488.0 0.0028086824386264198
489.0 0.002717253300943412
490.0 0.0026258239813614637
491.0 0.0021813528292113915
492.0 0.001736881495162379
493.0 0.0016790540030342527
494.0 0.0016212261471082456
495.0 0.001636426713957917
496.0 0.0016516274627065286
497.0 0.001414511280017905
498.0 0.0011773950973292813
499.0 0.0018556842405814677
500.0 0.002533973201934714
501.0 0.0025837125576799735
502.0 0.002633451913425233
503.0 0.0028711569029837847
504.0 0.0031088617106433958
505.0 0.0026577468815958127
506.0 0.00220663223444717
507.0 0.0020362915165605955
508.0 0.001865950798674021
509.0 0.001918446650961414
510.0 0.001970942503248807
511.0 0.002094769115501549
512.0 0.002218595545855351
513.0 0.002076966666209046
514.0 0.0019353376046638004
515.0 0.0017410558939445764
516.0 0.0015467738194274716
517.0 0.00139305038828752
518.0 0.0012393265024002176
519.0 0.001251884259545477
520.0 0.0012644421076402068
521.0 0.0013333072274690494
522.0 0.0014021722563484218
523.0 0.0016564858015044592
524.0 0.0019107990738120861
525.0 0.0021911253497819416
526.0 0.0024714518076507375
527.0 0.0022554928364115767
528.0 0.002039533865172416
529.0 0.0022304664526018314
530.0 0.002421399040031247
531.0 0.0021609055693261325
532.0 0.001900412462418899
533.0 0.0019692841306095943
534.0 0.0020381557988002896
535.0 0.0018547842046245933
536.0 0.0016714124285499565
537.0 0.0018199985788669437
538.0 0.0019685849110828713
539.0 0.0024088183636195026
540.0 0.0028490516342571937
541.0 0.003495972487144172
542.0 0.004142893521930091
543.0 0.004422037454787642
544.0 0.004701181751443073
545.0 0.005026280632591806
546.0 0.005351379149942659
547.0 0.004768390863318928
548.0 0.004185402212897316
549.0 0.003450977601460181
550.0 0.0027165529900230467
551.0 0.0022906495360075496
552.0 0.0018647459000931121
553.0 0.0020916180801577866
554.0 0.002318490624020342
555.0 0.0031368435884360224
556.0 0.003955197098548524
557.0 0.004243069997755811
558.0 0.004530942896963097
559.0 0.004130414890823886
560.0 0.003729887248482555
561.0 0.0035927681892644614
562.0 0.0034556491300463676
563.0 0.0033682201319606975
564.0 0.0032807907700771466
565.0 0.0033294083550572395
566.0 0.003378025212441571
567.0 0.0039092421502573416
568.0 0.004440458724275231
569.0 0.00464841396023985
570.0 0.004856369196204469
571.0 0.005484088251250796
572.0 0.006111807306297123
573.0 0.006188830593600869
574.0 0.006265853880904615
575.0 0.006247137935133651
576.0 0.006228421989362687
577.0 0.006014548125676811
578.0 0.005800674625788815
579.0 0.005636185233015567
580.0 0.0054716962040401995
581.0 0.006054184996173717
582.0 0.006636673060711473
583.0 0.007816074503352866
584.0 0.008995475945994258
585.0 0.009569393296260387
586.0 0.010143311374122277
587.0 0.010375985584687442
588.0 0.01060866197803989
589.0 0.010375688725616783
590.0 0.010142716200789437
591.0 0.009803071588976309
592.0 0.00946342624956742
593.0 0.008183627505786717
594.0 0.006903829489601776
595.0 0.006075047349440865
596.0 0.005246266664471477
597.0 0.005512288043973967
598.0 0.005778309423476458
599.0 0.006629229028476402
600.0 0.007480148633476347
601.0 0.008671214891364798
602.0 0.009862280421657488
603.0 0.010247791942674667
604.0 0.01063330564647913
605.0 0.010634963837219402
606.0 0.010636621300363913
607.0 0.00981877019512467
608.0 0.009000920545076951
609.0 0.007748750067548826
610.0 0.006496581045212224
611.0 0.005172614692128263
612.0 0.0038486497942358255
613.0 0.003702776666614227
614.0 0.003556903902790509
615.0 0.00417755072703585
616.0 0.004798197187483311
617.0 0.006073129770811647
618.0 0.007348060898948461
619.0 0.00873550889082253
620.0 0.010122954699909315
621.0 0.010704280430218205
622.0 0.011285605432931334
623.0 0.011453323531895876
624.0 0.011621039448073134
625.0 0.011018892109859735
626.0 0.010416744044050574
627.0 0.008816718036541715
628.0 0.007216691301437095
629.0 0.005689598401659168
630.0 0.004162505138083361
631.0 0.003459394065430388
632.0 0.0027562824470805936
633.0 0.0026604224331094883
634.0 0.002564562419138383
635.0 0.0028615146220545284
636.0 0.003158467006869614
637.0 0.0035187607863917947
638.0 0.0038790545659139752
639.0 0.004629909744835459
640.0 0.0053807645599590614
641.0 0.00540613109478727
642.0 0.0054314972658175975
643.0 0.005662585681420751
644.0 0.005893673369428143
645.0 0.00523334092576988
646.0 0.004573008482111618
647.0 0.004121401434531435
648.0 0.003669794386951253
649.0 0.002866166687454097
650.0 0.0020625388060580008
651.0 0.001980822162295226
652.0 0.0018991051547345705
653.0 0.001769194204825908
654.0 0.001639283073018305
655.0 0.001525728566775797
656.0 0.0014121743333816994
657.0 0.0016381576642743312
658.0 0.0018641410861164331
659.0 0.001733400858938694
660.0 0.0016026604498620145
661.0 0.001591713953530416
662.0 0.001580767820996698
663.0 0.0018037268091575243
664.0 0.00202668543352047
665.0 0.002598367791506462
666.0 0.003170050331391394
667.0 0.003643038508016616
668.0 0.004116026320843957
669.0 0.004952117160428315
670.0 0.005788208363810554
671.0 0.0065341839217580855
672.0 0.007280157296918333
673.0 0.007528584683313966
674.0 0.007777010614518076
675.0 0.007365101191680878
676.0 0.006953191768843681
677.0 0.006148291868157685
678.0 0.005343391603673808
679.0 0.0042232833948219195
680.0 0.0031031744583742693
681.0 0.0019304181478219107
682.0 0.0007576620646432275
683.0 0.0006047884198778775
684.0 0.0004519147751125274
685.0 0.00016877295365702594
686.0 1.6163444280931083e-10
687.0 4.1056389932236925e-05
688.0 0.00019648157376650488
689.0 0.00033307549074379494
690.0 0.0004696693395089824
691.0 0.00035371483591006836
692.0 0.00023776017314958153
693.0 0.0003645140623120824
694.0 0.0004912678377877455
695.0 0.0003928087608073838
696.0 0.0002943497975138598
697.0 0.0002714579068197054
698.0 0.00024856597065081587
699.0 0.00033902254017448286
700.0 0.0004294791779102525
701.0 0.000353354289472918
702.0 0.00027722928734874586
703.0 0.0002564270062066498
704.0 0.00023562472506455379
705.0 0.000184624900612107
706.0 0.0001336250079475576
707.0 0.0002581562966952333
708.0 0.00038268758544290904
709.0 0.0003953646682930412
710.0 0.0004080418420926435
711.0 0.00038251164369285107
712.0 0.00035698139981832355
713.0 0.0003240442310925573
714.0 0.00029110706236679107
715.0 0.00025171084416797385
716.0 0.00021231453501968645
717.0 7.503958840970881e-05
718.0 1.6163444280931083e-10
719.0 1.6163444280931083e-10
720.0 1.6163444280931083e-10
721.0 0.00016584320974288858
722.0 0.000402223759010667
723.0 0.00033754831747501157
724.0 0.00027287292141409125
725.0 0.000533687216375256
726.0 0.0007945015568111558
727.0 0.0003113145794486627
728.0 1.6163444280931083e-10
729.0 1.6163444280931083e-10
730.0 0.0001059564738170593
731.0 0.00014375174259839696
732.0 0.00018154687495552935
733.0 0.000372210502064263
734.0 0.0005628744020214071
735.0 0.00026598618205753155
736.0 1.6163444280931083e-10
737.0 1.4118234048510203e-05
738.0 5.913844347560371e-05
739.0 4.5162902750917056e-06
740.0 1.6163444280931083e-10
741.0 0.00014826047163296607
742.0 0.0003466266207396984
743.0 0.0005388401405070908
744.0 0.0007310535693250131
745.0 0.0007461221684934571
746.0 0.0007611906312376959
747.0 0.0005896777111047413
748.0 0.0004181648819212569
749.0 0.000443379940406885
750.0 0.0004685949988925131
751.0 0.0004911811629426666
752.0 0.00051376732699282
753.0 0.0004798043391929241
754.0 0.0004458415332919685
755.0 0.0005843271082994761
756.0 0.0007228127742564538
757.0 0.0005861451882083202
758.0 0.0004494776021601865
759.0 0.00022029691990610445
760.0 1.6163444280931083e-10
761.0 0.0002873052608265425
762.0 0.0005834941930515924
763.0 0.0004918290869682096
764.0 0.0004001637080364162
765.0 0.0002120783847203711
766.0 2.399312677425769e-05
767.0 0.00020801671780645847
768.0 0.00039204037420859095
769.0 0.00024650655632285634
770.0 0.00010097281801790814
771.0 0.00020929958282067673
772.0 0.00031762638172949664
773.0 0.00026601505851431284
774.0 0.00021440378077386413
775.0 0.0003526983164192643
776.0 0.0004909928975393996
777.0 0.00041577063711883966
778.0 0.0003405482857488096
779.0 0.0006796145044063451
780.0 0.0010186807230638806
781.0 0.0009538563972455449
782.0 0.000889031889528269
783.0 0.0007394542080874089
784.0 0.000589876572121284
785.0 0.000555530868950882
786.0 0.00052118516578048
787.0 0.00033448154681536835
788.0 0.00014777774595131632
789.0 0.0001538922447252844
790.0 0.00016000667528714985
791.0 0.00043020390876336023
792.0 0.0007004010058153654
793.0 0.0007985774573171511
794.0 0.0008967538633442018
795.0 0.0006911259333719499
796.0 0.0004854979124502279
797.0 0.0008908376912586391
798.0 0.00129617728816811
799.0 0.0008960756531450897
800.0 0.0004959741090715397
801.0 0.0007329566869884729
802.0 0.0009699393558548763
803.0 0.0007504919722123304
804.0 0.0005310445430950494
805.0 0.0004690332843892975
806.0 0.0004070220711582806
807.0 0.00023967502329469426
808.0 7.232790721900528e-05
809.0 0.0003655223054011003
810.0 0.0006587167263205629
811.0 0.0005969434823782649
812.0 0.0005351702384359669
813.0 0.00048076090024551377
814.0 0.00042635147110559046
815.0 0.00021852970348845702
816.0 1.0707744735327651e-05
817.0 0.0004427679868967971
818.0 0.0008748281288717408
819.0 0.0007258459390868666
820.0 0.0005768637947767274
821.0 0.0008485927537549287
822.0 0.0011203216672583949
823.0 0.0009704681360744871
824.0 0.0008206149686884601
825.0 0.0009806839443626814
826.0 0.0011407530109863728
827.0 0.0007518046913901344
828.0 0.0003628563035817933
829.0 0.0004087720299139619
830.0 0.0004546877335087629
831.0 0.0004251765858498402
832.0 0.00039566552914038766
833.0 0.0005420466550276615
834.0 0.0006884278263896704
835.0 0.0007083661330398172
836.0 0.0007283046215889044
837.0 0.0005264760602585739
838.0 0.00032464763535244856
839.0 0.0006715752078889636
840.0 0.0010185028259002138
841.0 0.0009642575605539605
842.0 0.0009100122952077072
843.0 0.0007977047971508
844.0 0.0006853974355180981
845.0 0.0005802556188427843
846.0 0.00047511384764220566
847.0 0.0007075349458318669
848.0 0.0009399560440215282
849.0 0.000918902333069127
850.0 0.0008978487130661961
851.0 0.0005478151706483914
852.0 0.0001977816054932191
853.0 0.000499554425914539
854.0 0.0008013274054974318
855.0 0.0008027252079045866
856.0 0.000804122828412801
857.0 0.0010496652976144105
858.0 0.0012952075849170797
859.0 0.0011737201930372976
860.0 0.0010522329830564559
861.0 0.000998207542579621
862.0 0.0009441820111533161
863.0 0.0012772184163623024
864.0 0.0016102547306218185
865.0 0.0019195016648154706
866.0 0.002228748780908063
867.0 0.0026549458198132925
868.0 0.0030811432225164026
869.0 0.0029453865863615647
870.0 0.0028096297683077864
871.0 0.00300142837659223
872.0 0.0031932268029777333
873.0 0.0027747762942453846
874.0 0.0023563259674119763
875.0 0.0026987998353433795
