lsstCam/transmission_filter_detector/r21_s11/r_57/19700101T000000.ecsv
# %ECSV 1.0
# ---
# datatype:
# - {name: wavelength, unit: nm, datatype: float32}
# - {name: efficiency, unit: '%', datatype: float64}
# meta: !!omap
# - {MODE: DETECTOR}
# - {TYPE: transmission_filter_detector}
# - {CALIBDATE: '1970-01-01T00:00:00'}
# - {INSTRUME: LSSTCam}
# - {OBSTYPE: transmission_filter_detector}
# - {CALIBCLS: lsst.ip.isr.IntermediateFilterDetectorTransmissionCurve}
# - {SOURCE: Materion (DM-46256)}
# - {DETECTOR: 85}
# - {FILTER: r_57}
# - {CALIB_ID: 'calibDate=1970-01-01T00:00:00 filter=r_57 detector=85'}
# - {DATE: '2025-04-02T15:59:44.576022'}
# - {CALIB_CREATION_DATE: '2025-04-02'}
# - {CALIB_CREATION_TIME: '15:59:44'}
# - __serialized_columns__:
#     efficiency:
#       __class__: astropy.units.quantity.Quantity
#       unit: !astropy.units.Unit {unit: '%'}
#       value: !astropy.table.SerializedColumn {name: efficiency}
#     wavelength:
#       __class__: astropy.units.quantity.Quantity
#       unit: !astropy.units.Unit {unit: nm}
#       value: !astropy.table.SerializedColumn {name: wavelength}
# schema: astropy-2.0
wavelength efficiency
300.0 0.0015844334484427236
301.0 0.004352660835138522
302.0 0.007120887312339619
303.0 0.009307818254455924
304.0 0.01149474919657223
305.0 0.01021621428662911
306.0 0.00893767864909023
307.0 0.008514929504599422
308.0 0.008092180360108614
309.0 0.007156850915635005
310.0 0.0062215200159698725
311.0 0.005582544326898642
312.0 0.004943569729221053
313.0 0.004840124893235043
314.0 0.004736680057249032
315.0 0.004559418448479846
316.0 0.00438215647591278
317.0 0.004071893999935128
318.0 0.0037616318877553567
319.0 0.0035585373552748933
320.0 0.0033554424589965492
321.0 0.003183648004778661
322.0 0.003011853368661832
323.0 0.0027592581318458542
324.0 0.002506663258827757
325.0 0.002221819704573136
326.0 0.0019369761503185146
327.0 0.0020818542907363735
328.0 0.0022267324311542325
329.0 0.002232862425444182
330.0 0.0022389924197341315
331.0 0.002002638029807713
332.0 0.0017662834579823539
333.0 0.0015947101928759366
334.0 0.0014231370187189896
335.0 0.001344516840617871
336.0 0.0012658966625167523
337.0 0.001164724653790472
338.0 0.001063552736013662
339.0 0.001009425523079699
340.0 0.0009552982191962656
341.0 0.0009627779036236461
342.0 0.000970257769949967
343.0 0.0008624151632830035
344.0 0.0007545724201918347
345.0 0.0007532233667006949
346.0 0.00075187426773482
347.0 0.000755131213736604
348.0 0.000758388205213123
349.0 0.0007621171789651271
350.0 0.004949594949721359
351.0 0.005742296707467176
352.0 0.006534998101415113
353.0 0.006034101170371287
354.0 0.005533204966923222
355.0 0.005049333049100824
356.0 0.004565461495076306
357.0 0.005493328353622928
358.0 0.006421195575967431
359.0 0.005254903953755274
360.0 0.004088611967745237
361.0 0.0028703698262688704
362.0 0.0016521276847925037
363.0 0.002657148979778867
364.0 0.0036621702747652307
365.0 0.003687112985062413
366.0 0.003712056059157476
367.0 0.003152181307086721
368.0 0.0025923065550159663
369.0 0.00247951211349573
370.0 0.002366717490076553
371.0 0.0025384924811078236
372.0 0.002710267472139094
373.0 0.0029972317861393094
374.0 0.0032841959182405844
375.0 0.002691401641641278
376.0 0.0020986075469409116
377.0 0.001208886442327639
378.0 0.0003191654286638368
379.0 0.0010063205081678461
380.0 0.001693475860520266
381.0 0.0022253632778301835
382.0 0.0027572508770390414
383.0 0.0030559080187231302
384.0 0.0033545653423061594
385.0 0.00427558297815267
386.0 0.005196599886403419
387.0 0.004671805800171569
388.0 0.004147011350141838
389.0 0.003397441832930781
390.0 0.0026478717700229026
391.0 0.0021356116121751256
392.0 0.0016233518181252293
393.0 0.001545527447888162
394.0 0.0014677028048026841
395.0 0.0010957444828818552
396.0 0.0007237862973852316
397.0 0.0007552271199529059
398.0 0.000786668351793196
399.0 0.0006092361218179576
400.0 0.00043180357351957355
401.0 0.00018274829471920384
402.0 1.583631554884224e-10
403.0 0.00017910441556523438
404.0 0.0004245165200700285
405.0 0.0007460322649421869
406.0 0.0010675476914911997
407.0 0.0014653011021437123
408.0 0.0018630542399478145
409.0 0.001521845297247637
410.0 0.0011806361726485193
411.0 0.0008726153282623272
412.0 0.0005645944838761352
413.0 0.0006897944331285544
414.0 0.0008149944733304437
415.0 0.0008440771125606261
416.0 0.000873160024639219
417.0 0.0012197428986837622
418.0 0.001566326136526186
419.0 0.0020986317394999787
420.0 0.0026309373424737714
421.0 0.0039243794162757695
422.0 0.0052178209443809465
423.0 0.00812272701296024
424.0 0.011027632717741653
425.0 0.014911546895746142
426.0 0.018795458890963346
427.0 0.019426362996455282
428.0 0.020057267101947218
429.0 0.01544828264741227
430.0 0.010839295282494277
431.0 0.00767926758271642
432.0 0.004519239155342802
433.0 0.0035022578231291845
434.0 0.0024852763090166263
435.0 0.002048788701358717
436.0 0.0016123010937008075
437.0 0.00136509752337588
438.0 0.0011178941349498928
439.0 0.0009658551789470948
440.0 0.0008138163138937671
441.0 0.001032873842632398
442.0 0.001251931371371029
443.0 0.0015955365597619675
444.0 0.0019391418391023763
445.0 0.0018535209164838307
446.0 0.0017679001757642254
447.0 0.001628834434086457
448.0 0.0014897691471560393
449.0 0.0013670492990058847
450.0 0.0012443289961083792
451.0 0.0013738680536334869
452.0 0.0015034071111585945
453.0 0.0015622588762198575
454.0 0.0016211104593821801
455.0 0.0014173208001011517
456.0 0.0012135314136685338
457.0 0.0008648061339044943
458.0 0.0005160808086657198
459.0 0.0007353397904807935
460.0 0.000954598726821132
461.0 0.001537961361464113
462.0 0.0021213238142081536
463.0 0.0028104304874432273
464.0 0.0034995369787793607
465.0 0.004432104105944745
466.0 0.005364670869312249
467.0 0.006003266389598139
468.0 0.00664186300127767
469.0 0.005752185825258493
470.0 0.004862510104430839
471.0 0.0037344529118854553
472.0 0.00260639517364325
473.0 0.002070576556434389
474.0 0.001534757757326588
475.0 0.0012270045772311278
476.0 0.0009192515790346079
477.0 0.0007896904207882471
478.0 0.0006601292170671513
479.0 0.0008632504432171118
480.0 0.001066371532942867
481.0 0.0008075594450929202
482.0 0.0005487474481924437
483.0 0.0006211790605448186
484.0 0.0006936106274224585
485.0 0.0006549540557898581
486.0 0.0006162973477330524
487.0 0.0005682491973857395
488.0 0.0005202010015636915
489.0 0.0005381906248658197
490.0 0.0005561802026932128
491.0 0.0006891258635732811
492.0 0.0008220715244533494
493.0 0.0009137988854490686
494.0 0.001005526337394258
495.0 0.0008934245670388918
496.0 0.0007813227057340555
497.0 0.0010097582162416074
498.0 0.0012381936357996892
499.0 0.001275683825952001
500.0 0.0013131741070537828
501.0 0.0014166588698572014
502.0 0.0015201438145595603
503.0 0.0018651990103535354
504.0 0.0022102542061475106
505.0 0.0027050624339608476
506.0 0.003199870479875244
507.0 0.003841832949547097
508.0 0.0044837946916231886
509.0 0.004932338197249919
510.0 0.005380880975280888
511.0 0.004849759716307744
512.0 0.004318637729738839
513.0 0.0036981189623475075
514.0 0.0030775998311582953
515.0 0.0028518170438474044
516.0 0.002626034438435454
517.0 0.0025339797502965666
518.0 0.002441924880258739
519.0 0.06023332825861871
520.0 0.06939865415915847
521.0 0.07493235752917826
522.0 0.15245656250044703
523.0 0.11215541744604707
524.0 0.1488285604864359
525.0 0.08401628583669662
526.0 0.09716267231851816
527.0 0.07861127378419042
528.0 0.10982709936797619
529.0 0.057405512779951096
530.0 0.1713767647743225
531.0 0.09388834587298334
532.0 0.17471241299062967
533.0 0.20593549124896526
534.0 0.3192191245034337
535.0 0.36789749283343554
536.0 0.4734151531010866
537.0 0.6875766441226006
538.0 1.0289202444255352
539.0 1.6306877136230469
540.0 2.6364363729953766
541.0 4.059615358710289
542.0 6.071289628744125
543.0 8.71366411447525
544.0 11.959373205900192
545.0 15.635453164577484
546.0 20.016402006149292
547.0 25.609278678894043
548.0 32.67700970172882
549.0 40.49173593521118
550.0 47.49099016189575
551.0 55.52788972854614
552.0 61.55507564544678
553.0 67.06979274749756
554.0 72.07651734352112
555.0 76.41845345497131
556.0 80.19585013389587
557.0 83.18249583244324
558.0 86.6533875465393
559.0 89.90733027458191
560.0 90.98679423332214
561.0 93.40066313743591
562.0 94.25286650657654
563.0 94.49087381362915
564.0 94.70434784889221
565.0 94.57895159721375
566.0 95.2756941318512
567.0 94.38273906707764
568.0 95.2069103717804
569.0 95.46269178390503
570.0 94.78855729103088
571.0 96.18644118309021
572.0 96.04573845863342
573.0 96.19898796081543
574.0 96.21977210044861
575.0 96.3811457157135
576.0 96.55454158782959
577.0 96.63881063461304
578.0 96.42574787139893
579.0 96.3774025440216
580.0 96.0667371749878
581.0 95.70222496986389
582.0 96.06181383132935
583.0 96.02299928665161
584.0 95.34851312637329
585.0 95.7309901714325
586.0 95.57281136512756
587.0 95.51599025726318
588.0 96.05666399002075
589.0 96.41831517219543
590.0 95.71326971054077
591.0 95.04162073135376
592.0 95.77687382698059
593.0 94.70251202583313
594.0 95.44110894203186
595.0 95.83401679992676
596.0 96.49875164031982
597.0 96.41526341438293
598.0 96.30679488182068
599.0 96.21889591217041
600.0 95.98745107650757
601.0 95.34052610397339
602.0 95.9074318408966
603.0 95.65578103065491
604.0 95.79709768295288
605.0 96.24437689781189
606.0 95.61828374862671
607.0 95.57201862335205
608.0 96.11409902572632
609.0 95.2362060546875
610.0 95.32867670059204
611.0 95.24144530296326
612.0 95.26295065879822
613.0 96.13006114959717
614.0 96.20420336723328
615.0 95.60760259628296
616.0 95.85891366004944
617.0 95.70586085319519
618.0 95.70809006690979
619.0 96.45971059799194
620.0 95.51097750663757
621.0 94.9327826499939
622.0 95.80835700035095
623.0 95.89588642120361
624.0 95.82166075706482
625.0 96.27735614776611
626.0 95.66918015480042
627.0 94.87014412879944
628.0 96.65092825889587
629.0 95.06329894065857
630.0 95.63741683959961
631.0 95.59010863304138
632.0 96.22968435287476
633.0 95.76795697212219
634.0 95.46281695365906
635.0 95.64207196235657
636.0 95.66586017608643
637.0 95.13166546821594
638.0 94.92943286895752
639.0 94.99323964118958
640.0 95.09470462799072
641.0 95.28025984764099
642.0 95.29412388801575
643.0 95.63044309616089
644.0 95.4904854297638
645.0 95.34410834312439
646.0 95.33767104148865
647.0 96.64420485496521
648.0 96.02788090705872
649.0 95.0770378112793
650.0 95.6817626953125
651.0 96.33967876434326
652.0 96.29888534545898
653.0 95.22218704223633
654.0 95.75144648551941
655.0 95.97829580307007
656.0 95.25879621505737
657.0 95.1359212398529
658.0 95.87164521217346
659.0 95.87040543556213
660.0 94.71600651741028
661.0 94.96402144432068
662.0 95.53824663162231
663.0 95.18410563468933
664.0 95.35108208656311
665.0 94.90737915039062
666.0 94.9365496635437
667.0 95.22322416305542
668.0 94.64575052261353
669.0 95.19721865653992
670.0 94.96235847473145
671.0 95.2720046043396
672.0 94.79627013206482
673.0 94.92404460906982
674.0 94.34316754341125
675.0 95.21282911300659
676.0 94.59757208824158
677.0 93.58596801757812
678.0 92.7160382270813
679.0 92.27328896522522
680.0 91.40695333480835
681.0 89.76975679397583
682.0 87.79858946800232
683.0 85.06368398666382
684.0 81.34281635284424
685.0 77.67378687858582
686.0 74.02017712593079
687.0 69.24193501472473
688.0 64.73535895347595
689.0 60.40120720863342
690.0 54.95229363441467
691.0 50.893646478652954
692.0 46.13637924194336
693.0 41.90996587276459
694.0 36.97833716869354
695.0 31.875434517860413
696.0 26.82809829711914
697.0 21.79616242647171
698.0 16.280844807624817
699.0 11.87002807855606
700.0 8.422794938087463
701.0 5.285461992025375
702.0 3.3380914479494095
703.0 1.9538050517439842
704.0 1.1530798859894276
705.0 0.6404125597327948
706.0 0.4453890956938267
707.0 0.2522705588489771
708.0 0.17524667782709002
709.0 0.17102225683629513
710.0 0.11771229328587651
711.0 0.05874995840713382
712.0 0.08340226486325264
713.0 0.08307844982482493
714.0 0.046102097257971764
715.0 0.06458503776229918
716.0 0.09107124642468989
717.0 0.09476110571995378
718.0 0.06578388856723905
719.0 0.047409196849912405
720.0 1.583631554884224e-10
721.0 0.004579384039971046
722.0 0.004280351276975125
723.0 0.003981318877777085
724.0 0.0036893889046041295
725.0 0.0033974589314311743
726.0 0.0032067477150121704
727.0 0.003016036862391047
728.0 0.0028111076971981674
729.0 0.002606178168207407
730.0 0.002445395875838585
731.0 0.0022846135834697634
732.0 0.0022595157133764587
733.0 0.0022344176613842137
734.0 0.0021404130166047253
735.0 0.002046408371825237
736.0 0.0018931761587737128
737.0 0.0017399443095200695
738.0 0.0017009781004162505
739.0 0.0016620117094134912
740.0 0.001602299562364351
741.0 0.0015425877791130915
742.0 0.0014108838513493538
743.0 0.0012791798326361459
744.0 0.001396418701915536
745.0 0.0015136572073970456
746.0 0.0014142176041787025
747.0 0.0013147779100108892
748.0 0.0012158598110545427
749.0 0.001116941621148726
750.0 0.001083469487639377
751.0 0.0010499977179279085
752.0 0.0010966326044581365
753.0 0.0011432674909883644
754.0 0.0011152777915413026
755.0 0.0010872883649426512
756.0 0.001023462027660571
757.0 0.0009596356903784908
758.0 0.0010139047844859306
759.0 0.0010681736057449598
760.0 0.0010602261681924574
761.0 0.0010522789125388954
762.0 0.0010483150617801584
763.0 0.0010443515748193022
764.0 0.0010099111023009755
765.0 0.0009754706297826488
766.0 0.0008302982678287663
767.0 0.0006851258149254136
768.0 0.0006220305294846185
769.0 0.000558935062144883
770.0 0.0006897048479004297
771.0 0.0008204746336559765
772.0 0.0008068422175711021
773.0 0.0007932096195872873
774.0 0.00088013202912407
775.0 0.0009670544386608526
776.0 0.0009569377652951516
777.0 0.0009468211828789208
778.0 0.0008634518962935545
779.0 0.0007800827916071285
780.0 0.0007227214609883958
781.0 0.0006653602667938685
782.0 0.0007389719030470587
783.0 0.000812583584774984
784.0 0.0008239498129114509
785.0 0.0008353159500984475
786.0 0.0007737506166449748
787.0 0.000712185237716767
788.0 0.0006715893050568411
789.0 0.0006309934178716503
790.0 0.000709354571881704
791.0 0.0007877157258917578
792.0 0.0007931733307486866
793.0 0.0007986308446561452
794.0 0.0008318616892211139
795.0 0.0008650924428366125
796.0 0.0007337527222261997
797.0 0.0006024130016157869
798.0 0.0007613796697114594
799.0 0.0009203463378071319
800.0 0.0008508451173838694
801.0 0.0007813436241121963
802.0 0.0007273019491549348
803.0 0.0006732600013492629
804.0 0.0007115092557796743
805.0 0.0007497586011595558
806.0 0.0006693092473142315
807.0 0.0005888599389436422
808.0 0.0006987771030253498
809.0 0.0008086942216323223
810.0 0.0007508507223974448
811.0 0.0006930074050615076
812.0 0.0006825273430877132
813.0 0.0006720472356391838
814.0 0.000569391841054312
815.0 0.0004667364464694401
816.0 0.0005753055575041799
817.0 0.0006838747594883898
818.0 0.0006212512744241394
819.0 0.0005586277438851539
820.0 0.0005011459052184364
821.0 0.00044366406655171886
822.0 0.00045747165131615475
823.0 0.0004712793270300608
824.0 0.0004521879418462049
825.0 0.00043309655666234903
826.0 0.0004940349299431546
827.0 0.0005549733486986952
828.0 0.00045287515604286455
829.0 0.0003507769179122988
830.0 0.00019675737803481752
831.0 4.273782110431057e-05
832.0 1.2725028852855758e-05
833.0 1.583631554884224e-10
834.0 1.583631554884224e-10
835.0 1.237592073266569e-06
836.0 0.00023841748770792037
837.0 0.0004755974714498734
838.0 0.0007041555363684893
839.0 0.0009327136467618402
840.0 0.0012525750207714736
841.0 0.0015724364857305773
842.0 0.0019814442566712387
843.0 0.002390452391409781
844.0 0.002167912680306472
845.0 0.0019453733330010436
846.0 0.0017216476408066228
847.0 0.0014979218576627318
848.0 0.0013843435226590373
849.0 0.0012707649148069322
850.0 0.0012214851267344784
851.0 0.0011722053386620246
852.0 0.0011109130355180241
853.0 0.0010496205504750833
854.0 0.0009224207133229356
855.0 0.0007952205123729073
856.0 0.000624136146143428
857.0 0.00045305173443921376
858.0 0.0005249413334240671
859.0 0.0005968308414594503
860.0 0.000468792450192268
861.0 0.00034075399071298307
862.0 0.0003611955889937235
863.0 0.0003816371645370964
864.0 0.0002823998784151627
865.0 0.00018316262639928027
866.0 0.00014034130799700506
867.0 9.751995548867853e-05
868.0 0.00012559163451442146
869.0 0.00015366327943411306
870.0 8.185688216144626e-05
871.0 1.005047067792475e-05
872.0 1.583631554884224e-10
873.0 1.583631554884224e-10
874.0 1.583631554884224e-10
875.0 1.583631554884224e-10
876.0 1.583631554884224e-10
877.0 2.980511624173232e-05
878.0 0.00010355048516430543
879.0 0.0001772958512447076
880.0 0.00015545232372460305
881.0 0.00013360878483581473
882.0 0.00015651738749511424
883.0 0.00017942602426046506
884.0 5.4097449719847646e-05
885.0 1.583631554884224e-10
886.0 2.1661557525476383e-05
887.0 0.00011455423418738064
888.0 0.00017101308458222775
889.0 0.00022747192360839108
890.0 0.00019002646922672284
891.0 0.00015258102621373837
892.0 1.6305128269777924e-05
893.0 1.583631554884224e-10
894.0 1.583631554884224e-10
895.0 4.511350653046975e-05
896.0 3.164565498536831e-05
897.0 1.8177833283061773e-05
898.0 7.723563157924218e-05
899.0 0.0001362934199278243
900.0 6.50251422484871e-05
