lsstCam/transmission_filter_detector/r21_s11/r_57/19700101T000000.ecsv
# %ECSV 1.0
# ---
# datatype:
# - {name: wavelength, unit: nm, datatype: float32}
# - {name: efficiency, unit: '%', datatype: float64}
# meta: !!omap
# - {MODE: DETECTOR}
# - {TYPE: transmission_filter_detector}
# - {CALIBDATE: '1970-01-01T00:00:00'}
# - {INSTRUME: LSSTCam}
# - {OBSTYPE: transmission_filter_detector}
# - {CALIBCLS: lsst.ip.isr.IntermediateFilterDetectorTransmissionCurve}
# - {SOURCE: Materion (DM-46256)}
# - {DETECTOR: 85}
# - {FILTER: r_57}
# - {CALIB_ID: 'calibDate=1970-01-01T00:00:00 filter=r_57 detector=85'}
# - {DATE: '2025-04-02T15:59:44.576022'}
# - {CALIB_CREATION_DATE: '2025-04-02'}
# - {CALIB_CREATION_TIME: '15:59:44'}
# - __serialized_columns__:
#     efficiency:
#       __class__: astropy.units.quantity.Quantity
#       unit: !astropy.units.Unit {unit: '%'}
#       value: !astropy.table.SerializedColumn {name: efficiency}
#     wavelength:
#       __class__: astropy.units.quantity.Quantity
#       unit: !astropy.units.Unit {unit: nm}
#       value: !astropy.table.SerializedColumn {name: wavelength}
# schema: astropy-2.0
wavelength efficiency
[from data line 602]
902.0 1.583631554884224e-10
903.0 1.583631554884224e-10
904.0 1.583631554884224e-10
905.0 1.583631554884224e-10
906.0 1.583631554884224e-10
907.0 1.583631554884224e-10
908.0 1.583631554884224e-10
909.0 1.583631554884224e-10
910.0 1.583631554884224e-10
911.0 1.583631554884224e-10
912.0 1.583631554884224e-10
913.0 1.583631554884224e-10
914.0 2.394997693500045e-05
915.0 7.445204346367973e-05
916.0 4.328026648181549e-05
917.0 1.2108507974062377e-05
918.0 0.00010141359325643862
919.0 0.00019071864016950713
920.0 0.00010191247383772861
921.0 1.3106287610753498e-05
922.0 0.00010693103149606031
923.0 0.00020075578959222184
924.0 0.00019771543975366512
925.0 0.00019467511265247595
926.0 0.0001502692498434044
927.0 0.00010586338703433285
928.0 0.00012148238965892233
929.0 0.00013710139228351181
930.0 0.00017597197938812315
931.0 0.00021484256649273448
932.0 6.004360670885944e-05
933.0 1.583631554884224e-10
934.0 5.322543188412965e-05
935.0 0.00020120614863117225
936.0 0.00019468429854896385
937.0 0.0001881624257293879
938.0 0.00021479124825418694
939.0 0.00024142007077898597
940.0 0.00023490076728194254
941.0 0.000228381418310164
942.0 0.0002996702733071288
943.0 0.00037095915104146115
944.0 0.00036749795526702655
945.0 0.0003640367822299595
946.0 0.00038351904549926985
947.0 0.00040300128603121266
948.0 0.00045742485781374853
949.0 0.0005118484750710195
950.0 0.0005312281246006023
951.0 0.0005506077741301851
952.0 0.0006474889232777059
953.0 0.0007443702997989021
954.0 0.001052791139954934
955.0 0.0013612123439088464
956.0 0.0014564617231371813
957.0 0.0015517111023655161
958.0 0.0016821257304400206
959.0 0.0018125405404134654
960.0 0.0019660714315250516
961.0 0.002119602504535578
962.0 0.0022926311430637725
963.0 0.002465659963490907
964.0 0.002514870539016556
965.0 0.0025640809326432645
966.0 0.002582994602562394
967.0 0.0026019079086836427
968.0 0.002593919816717971
969.0 0.00258593190665124
970.0 0.002630675589898601
971.0 0.002675419455044903
972.0 0.0027044548915000632
973.0 0.0027334901460562833
974.0 0.0029081294997013174
975.0 0.003082769035245292
976.0 0.0031286515877582133
977.0 0.0031745345040690154
978.0 0.0030907740438124165
979.0 0.0030070141292526387
980.0 0.0029634560632985085
981.0 0.002919897815445438
982.0 0.002950020643766038
983.0 0.002980143472086638
984.0 0.002929787297034636
985.0 0.0028794309400836937
986.0 0.0028085551093681715
987.0 0.0027376792786526494
988.0 0.0025596989871701226
989.0 0.0023817190594854765
990.0 0.0024112494429573417
991.0 0.002440779826429207
992.0 0.0024976208806037903
993.0 0.0025544622985762544
994.0 0.002607369424367789
995.0 0.0026602763682603836
996.0 0.0027899972337763757
997.0 0.0029197179173934273
998.0 0.0030477807740680873
999.0 0.003175843448843807
1000.0 0.003258471770095639
1001.0 0.0033411004551453516
1002.0 0.003577077586669475
1003.0 0.003813054718193598
1004.0 0.0039102655136957765
1005.0 0.004007475945400074
1006.0 0.004191199695924297
1007.0 0.0043749238102464005
1008.0 0.00429023893957492
1009.0 0.004205553705105558
1010.0 0.0042234834836563095
1011.0 0.004241413626004942
1012.0 0.004155630813329481
1013.0 0.004069848000654019
1014.0 0.0038026169931981713
1015.0 0.003535385985742323
1016.0 0.0033222317142644897
1017.0 0.0031090774427866563
1018.0 0.002776794644887559
1019.0 0.0024445125745842233
1020.0 0.00212020877370378
1021.0 0.0017959049728233367
1022.0 0.0015912000890239142
1023.0 0.0013864950233255513
1024.0 0.001435752710676752
1025.0 0.001485010488977423
1026.0 0.0013482576832757331
1027.0 0.0012115048775740433
1028.0 0.001131098633777583
1029.0 0.0010506921171327122
1030.0 0.0009583894097886514
1031.0 0.0008660861567477696
1032.0 0.0008282535418402404
1033.0 0.0007904206540843006
1034.0 0.0007484937668778002
1035.0 0.0007065666522976244
1036.0 0.0008156363946909551
1037.0 0.0009247058187611401
1038.0 0.0007473075584130129
1039.0 0.0005699093435396207
1040.0 0.0006415092229872243
1041.0 0.000713109102434828
1042.0 0.0008195546797651332
1043.0 0.000926000029721763
1044.0 0.0009002411388792098
1045.0 0.0008744825208850671
1046.0 0.0008184574653569143
1047.0 0.0007624325007782318
1048.0 0.0007137236480048159
1049.0 0.0006650148861808702
1050.0 0.0006878900876472471
1051.0 0.0007107652436388889
1052.0 0.0009746251635078806
1053.0 0.0012384846741042566
1054.0 0.001019658702716697
1055.0 0.0008008326403796673
1056.0 0.0008964411790657323
1057.0 0.0009920497177517973
1058.0 0.0008604832146374974
1059.0 0.0007289167115231976
1060.0 0.0010709149137255736
1061.0 0.0014129127521300688
1062.0 0.0013929894521425012
1063.0 0.0013730660612054635
1064.0 0.0010919558008026797
1065.0 0.0008108453585009556
1066.0 0.0012959260857314803
1067.0 0.001781006903911475
1068.0 0.0018247930711368099
1069.0 0.0018685790564632043
1070.0 0.0015456809705938213
1071.0 0.0012227830666233785
1072.0 0.0014271194231696427
1073.0 0.0016314557797159068
1074.0 0.0021943791580270045
1075.0 0.0027573023544391617
1076.0 0.0029388929760898463
1077.0 0.0031204839615384117
1078.0 0.0035695386031875387
1079.0 0.004018593972432427
1080.0 0.003985870353062637
1081.0 0.003953146733692847
1082.0 0.0038758542359573767
1083.0 0.003798562102019787
1084.0 0.0043103711504954845
1085.0 0.004822179835173301
1086.0 0.004887809700448997
1087.0 0.004953439565724693
1088.0 0.0049339352699462324
1089.0 0.004914431337965652
1090.0 0.004207743040751666
1091.0 0.0035010547435376793
1092.0 0.0035478878999128938
1093.0 0.0035947210562881082
1094.0 0.0037940993934171274
1095.0 0.003993477730546147
1096.0 0.003461974483798258
1097.0 0.002930471055151429
1098.0 0.002598327955638524
1099.0 0.0022661852199235
1100.0 0.0021050138457212597
1101.0 0.0019438419258221984
