lsstCam/transmission_filter_detector/r34_s21/r_57/19700101T000000.ecsv
# %ECSV 1.0
# ---
# datatype:
# - {name: wavelength, unit: nm, datatype: float32}
# - {name: efficiency, unit: '%', datatype: float64}
# meta: !!omap
# - {MODE: DETECTOR}
# - {TYPE: transmission_filter_detector}
# - {CALIBDATE: '1970-01-01T00:00:00'}
# - {INSTRUME: LSSTCam}
# - {OBSTYPE: transmission_filter_detector}
# - {CALIBCLS: lsst.ip.isr.IntermediateFilterDetectorTransmissionCurve}
# - {SOURCE: Materion (DM-46256)}
# - {DETECTOR: 160}
# - {FILTER: r_57}
# - {CALIB_ID: 'calibDate=1970-01-01T00:00:00 filter=r_57 detector=160'}
# - {DATE: '2025-04-02T15:59:44.925203'}
# - {CALIB_CREATION_DATE: '2025-04-02'}
# - {CALIB_CREATION_TIME: '15:59:44'}
# - __serialized_columns__:
#     efficiency:
#       __class__: astropy.units.quantity.Quantity
#       unit: !astropy.units.Unit {unit: '%'}
#       value: !astropy.table.SerializedColumn {name: efficiency}
#     wavelength:
#       __class__: astropy.units.quantity.Quantity
#       unit: !astropy.units.Unit {unit: nm}
#       value: !astropy.table.SerializedColumn {name: wavelength}
# schema: astropy-2.0
wavelength efficiency
300.0 0.003139763794024475
301.0 0.007875754818087444
302.0 0.012611746205948293
303.0 0.016161524399649352
304.0 0.01971130259335041
305.0 0.017745204968377948
306.0 0.015779108798597008
307.0 0.013233105710241944
308.0 0.010687101166695356
309.0 0.010084474342875183
310.0 0.009481847519055009
311.0 0.008725778025109321
312.0 0.007969709986355156
313.0 0.007885156810516492
314.0 0.007800603634677827
315.0 0.00690398010192439
316.0 0.00600735584157519
317.0 0.005715231964131817
318.0 0.005423109541879967
319.0 0.005314212467055768
320.0 0.005205315028433688
321.0 0.004983839608030394
322.0 0.0047623641876270995
323.0 0.004223697033012286
324.0 0.00368502878700383
325.0 0.003617207403294742
326.0 0.003549386019585654
327.0 0.0035474113246891648
328.0 0.003545436993590556
329.0 0.003509187081363052
330.0 0.003472937169135548
331.0 0.003361507333465852
332.0 0.003250078225391917
333.0 0.0029391183488769457
334.0 0.002628158836159855
335.0 0.0023544796931673773
336.0 0.0020808005501748994
337.0 0.0019542001609806903
338.0 0.0018276001355843619
339.0 0.0017485552234575152
340.0 0.0016695106751285493
341.0 0.001595886169525329
342.0 0.0015222615729726385
343.0 0.0013810364180244505
344.0 0.0012398112630762625
345.0 0.0012512160537880845
346.0 0.0012626208444999065
347.0 0.001227206303155981
348.0 0.0011917916708625853
349.0 0.001120388969866326
350.0 0.002978614247695077
351.0 0.005360544673749246
352.0 0.007742474554106593
353.0 0.00595294259255752
354.0 0.00416341244999785
355.0 0.004247560718795285
356.0 0.0043317089875927195
357.0 0.004773894033860415
358.0 0.005216081626713276
359.0 0.0041719889850355685
360.0 0.0031278970709536225
361.0 0.002848446456482634
362.0 0.002568996023910586
363.0 0.002651335125847254
364.0 0.002733674227783922
365.0 0.002387861786701251
366.0 0.0020420497094164602
367.0 0.002369366484344937
368.0 0.002696683441172354
369.0 0.003589126208680682
370.0 0.004481568612391129
371.0 0.0044828666432294995
372.0 0.00448416467406787
373.0 0.003971880141762085
374.0 0.0034595956094563007
375.0 0.002632073847053107
376.0 0.001804552084649913
377.0 0.002396255331404973
378.0 0.0029879585781600326
379.0 0.0025941682906704955
380.0 0.002200377821282018
381.0 0.002415248854958918
382.0 0.002630119524837937
383.0 0.0032549651223234832
384.0 0.003879810537910089
385.0 0.004479687777347863
386.0 0.005079565744381398
387.0 0.004938705751555972
388.0 0.004797846122528426
389.0 0.00328603018715512
390.0 0.0017742142517818138
391.0 0.0014720666513312608
392.0 0.0011699192327796482
393.0 0.0014913046470610425
394.0 0.0018126900613424368
395.0 0.0012744784726237413
396.0 0.0007362669293797808
397.0 0.0006109793048381107
398.0 0.0004856916802964406
399.0 0.0010568873221927788
400.0 0.0016280835552606732
401.0 0.0013946512808615807
402.0 0.0011612190974119585
403.0 0.000983705285761971
404.0 0.0008061916560109239
405.0 0.0009592244168743491
406.0 0.0011122573596367147
407.0 0.0012704307664535008
408.0 0.001428604173270287
409.0 0.0016071147911134176
410.0 0.001785625318007078
411.0 0.001689897726464551
412.0 0.0015941701349220239
413.0 0.0019152670574840158
414.0 0.002236364161944948
415.0 0.0020569112166413106
416.0 0.0018774584532366134
417.0 0.0014871516214043368
418.0 0.00109684478957206
419.0 0.0016966119801509194
420.0 0.0022963791707297787
421.0 0.0042352570744697005
422.0 0.0061741346144117415
423.0 0.009808174218051136
424.0 0.013442212366499007
425.0 0.017421999655198306
426.0 0.021401786943897605
427.0 0.021402115817181766
428.0 0.021402449056040496
429.0 0.017066157306544483
430.0 0.012729864101856947
431.0 0.008962232095655054
432.0 0.005194597542867996
433.0 0.0043721443944377825
434.0 0.0035496908822096884
435.0 0.0028597412892850116
436.0 0.0021697915144613944
437.0 0.001537019488750957
438.0 0.0009042474630405195
439.0 0.0009627902727515902
440.0 0.0010213332643616013
441.0 0.001228966902999673
442.0 0.0014366007235366851
443.0 0.001693641570454929
444.0 0.0019506822354742326
445.0 0.0015735115084680729
446.0 0.0011963410543103237
447.0 0.001284692461922532
448.0 0.0013730435966863297
449.0 0.0016475749362143688
450.0 0.0019221060938434675
451.0 0.0018386579540674575
452.0 0.0017552098142914474
453.0 0.0016529083950445056
454.0 0.0015506064301007427
455.0 0.0012728406545647886
456.0 0.0009950747880793642
457.0 0.0009905141268973239
458.0 0.0009859532838163432
459.0 0.0010971731171594001
460.0 0.001208392859552987
461.0 0.0018116039427695796
462.0 0.0024148150259861723
463.0 0.0034531411074567586
464.0 0.004491466825129464
465.0 0.0054690255637979135
466.0 0.006446583574870601
467.0 0.006865606701467186
468.0 0.0072846305556595325
469.0 0.006252417369978502
470.0 0.005220204911893234
471.0 0.0038386337109841406
472.0 0.0024570628738729283
473.0 0.0018227394321002066
474.0 0.0011884163541253656
475.0 0.0010227675375062972
476.0 0.0008571186299377587
477.0 0.0008254195563495159
478.0 0.0007937204827612732
479.0 0.0007334057045227382
480.0 0.0006730909262842033
481.0 0.0005464651621878147
482.0 0.0004198393980914261
483.0 0.0004691841240855865
484.0 0.0005185289410292171
485.0 0.0006188477982504992
486.0 0.0007191666099970462
487.0 0.0006199141353135929
488.0 0.0005206616606301395
489.0 0.0008164603059412912
490.0 0.0011122589967271779
491.0 0.0009715681699162815
492.0 0.0008308775250043254
493.0 0.0009198447514791042
494.0 0.0010088117051054724
495.0 0.0010531642146816012
496.0 0.0010975166333082598
497.0 0.0011166372132720426
498.0 0.0011357578841852956
499.0 0.0012196517673146445
500.0 0.0013035456504439935
501.0 0.0015406048987642862
502.0 0.0017776641470845789
503.0 0.002068841968139168
504.0 0.002360019425395876
505.0 0.0029243919925647788
506.0 0.0034887645597336814
507.0 0.0042949675844283774
508.0 0.005101170972920954
509.0 0.005497123129316606
510.0 0.005893075285712257
511.0 0.005316275201039389
512.0 0.004739475480164401
513.0 0.004003812136943452
514.0 0.003268148429924622
515.0 0.003065775308641605
516.0 0.0028634020054596476
517.0 0.0028569771529873833
518.0 0.0028505521186161786
519.0 0.004650753544410691
520.0 0.013025921361986548
521.0 0.020389058045111597
522.0 0.06575130391865969
523.0 0.1638558693230152
524.0 0.1504883519373834
525.0 0.13878762256354094
526.0 0.07856455049477518
527.0 0.12550075771287084
528.0 0.21186640951782465
529.0 0.17252140678465366
530.0 0.25066183879971504
531.0 0.21546159405261278
532.0 0.25902853813022375
533.0 0.3321625292301178
534.0 0.4721829202026129
535.0 0.6993733812123537
536.0 1.1100267060101032
537.0 1.8598228693008423
538.0 2.841690368950367
539.0 4.5222219079732895
540.0 6.781837344169617
541.0 9.531380981206894
542.0 13.0572110414505
543.0 17.356453835964203
544.0 22.586186230182648
545.0 28.667399287223816
546.0 35.60742437839508
547.0 43.135058879852295
548.0 51.94356441497803
549.0 59.389084577560425
550.0 64.57943916320801
551.0 71.03840112686157
552.0 74.42501783370972
553.0 78.65899205207825
554.0 81.82252645492554
555.0 85.53979992866516
556.0 88.52307200431824
557.0 90.97042679786682
558.0 93.22852492332458
559.0 95.1362669467926
560.0 94.71181631088257
561.0 95.90465426445007
562.0 96.09624147415161
563.0 95.62607407569885
564.0 96.20755314826965
565.0 95.6386387348175
566.0 96.27125263214111
567.0 95.96043229103088
568.0 96.22836709022522
569.0 97.55465984344482
570.0 96.95357084274292
571.0 97.45537042617798
572.0 97.12570905685425
573.0 97.03230261802673
574.0 97.38879799842834
575.0 97.22437858581543
576.0 97.6097822189331
577.0 97.19207882881165
578.0 97.09188938140869
579.0 97.42442965507507
580.0 97.08843231201172
581.0 96.84516191482544
582.0 97.27750420570374
583.0 97.1129298210144
584.0 96.58865332603455
585.0 96.73932194709778
586.0 96.56987190246582
587.0 96.59810662269592
588.0 96.74830436706543
589.0 97.64925837516785
590.0 97.06220030784607
591.0 96.17981314659119
592.0 96.17902040481567
593.0 96.38305902481079
594.0 96.11455202102661
595.0 96.76852822303772
596.0 97.64733910560608
597.0 97.76244163513184
598.0 97.19420075416565
599.0 97.39411473274231
600.0 97.04587459564209
601.0 96.27909660339355
602.0 96.86142206192017
603.0 96.5033769607544
604.0 96.44308090209961
605.0 96.78767919540405
606.0 96.57142162322998
607.0 96.44412398338318
608.0 96.41761779785156
609.0 95.89200615882874
610.0 96.13080024719238
611.0 96.13425731658936
612.0 96.25316858291626
613.0 97.07151651382446
614.0 97.2784698009491
615.0 96.62124514579773
616.0 96.61650657653809
617.0 96.6887354850769
618.0 96.87695503234863
619.0 97.17310667037964
620.0 96.4449942111969
621.0 96.02227807044983
622.0 96.95376753807068
623.0 96.81898951530457
624.0 96.81761264801025
625.0 96.97649478912354
626.0 96.29169702529907
627.0 95.47374248504639
628.0 97.64422178268433
629.0 96.009361743927
630.0 96.76129221916199
631.0 96.20381593704224
632.0 97.21485376358032
633.0 96.74651026725769
634.0 95.91766595840454
635.0 96.57784700393677
636.0 96.58085107803345
637.0 95.58844566345215
638.0 95.62109708786011
639.0 95.67996263504028
640.0 95.7264244556427
641.0 96.12863063812256
642.0 96.72231078147888
643.0 96.6104507446289
644.0 96.33282423019409
645.0 96.70439958572388
646.0 96.49927020072937
647.0 97.40533828735352
648.0 96.87166810035706
649.0 96.01178169250488
650.0 96.81942462921143
651.0 97.3623514175415
652.0 97.30690121650696
653.0 96.13804817199707
654.0 96.84185981750488
655.0 96.72529101371765
656.0 96.22706174850464
657.0 96.11324071884155
658.0 96.58250212669373
659.0 96.27617597579956
660.0 96.11073732376099
661.0 95.62321305274963
662.0 95.95961570739746
663.0 95.90174555778503
664.0 95.6522524356842
665.0 95.7423210144043
666.0 95.43062448501587
667.0 95.94163298606873
668.0 95.33712863922119
669.0 96.00136876106262
670.0 95.50161361694336
671.0 95.55285573005676
672.0 95.41930556297302
673.0 95.56368589401245
674.0 95.16978859901428
675.0 95.58548927307129
676.0 94.69480514526367
677.0 93.52301955223083
678.0 92.56081581115723
679.0 91.33028388023376
680.0 90.07174372673035
681.0 88.40442299842834
682.0 85.42003631591797
683.0 82.33692049980164
684.0 78.25223803520203
685.0 74.37727451324463
686.0 70.17452716827393
687.0 65.299391746521
688.0 60.94091534614563
689.0 56.91278576850891
690.0 51.83758735656738
691.0 47.84333407878876
692.0 42.947497963905334
693.0 38.01758289337158
694.0 32.45878517627716
695.0 26.934078335762024
696.0 21.231546998023987
697.0 16.20725244283676
698.0 11.149709671735764
699.0 7.491789013147354
700.0 4.905902221798897
701.0 2.880469523370266
702.0 1.7659211531281471
703.0 1.0405749082565308
704.0 0.6160111166536808
705.0 0.3424492897465825
706.0 0.24420139379799366
707.0 0.16902064671739936
708.0 0.1065216725692153
709.0 0.10218865936622024
710.0 0.04698029370047152
711.0 0.08442009566351771
712.0 0.06039169384166598
713.0 0.06254660547710955
714.0 0.07950435974635184
715.0 0.057909981114789844
716.0 0.021665237727575004
717.0 0.057294603902846575
718.0 0.06924501503817737
719.0 0.03698895743582398
720.0 1.7088758793443182e-10
721.0 0.004134935807087459
722.0 0.004038481347379275
723.0 0.003942027251468971
724.0 0.003588346953620203
725.0 0.0032346662919735536
726.0 0.0030892519134795293
727.0 0.0029438373530865647
728.0 0.0027959915314568207
729.0 0.0026481457098270766
730.0 0.0024883938749553636
731.0 0.002328642221982591
732.0 0.0022561309378943406
733.0 0.0021836198357050307
734.0 0.0020471812604228035
735.0 0.0019107428670395166
736.0 0.001795936441340018
737.0 0.00168113019753946
738.0 0.0016154779586941004
739.0 0.0015498259017476812
740.0 0.0015599989637848921
741.0 0.0015701718439231627
742.0 0.001457966664020205
743.0 0.0013457613022183068
744.0 0.0014141877727524843
745.0 0.0014826142432866618
746.0 0.0013326286534720566
747.0 0.001182642881758511
748.0 0.0011998856280115433
749.0 0.0012171283742645755
750.0 0.0011421127965149935
751.0 0.0010670973097148817
752.0 0.0010547904821578413
753.0 0.0010424838364997413
754.0 0.0010635636499500833
755.0 0.0010846431905520149
756.0 0.0010396188372396864
757.0 0.0009945942110789474
758.0 0.0010162125363422092
759.0 0.0010378310435044114
760.0 0.001053702726494521
761.0 0.0010695745913835708
762.0 0.000938254834181862
763.0 0.0008069351679296233
764.0 0.0008923583664000034
765.0 0.000977781292021973
766.0 0.0008166651241481304
767.0 0.0006555489107995527
768.0 0.0006924955414433498
769.0 0.0007294420356629416
770.0 0.0007412443665089086
771.0 0.0007530465154559352
772.0 0.0008207902283174917
773.0 0.0008885336683306377
774.0 0.0008693092240719125
775.0 0.0008500845979142468
776.0 0.0008703103048901539
777.0 0.0008905362847144715
778.0 0.0007503305369027657
779.0 0.0006101249709900003
780.0 0.0006302965175564168
781.0 0.0006504680641228333
782.0 0.0007256270691868849
783.0 0.0008007861652004067
784.0 0.0007552473562100204
785.0 0.0007097084562701639
786.0 0.0006993931947363308
787.0 0.0006890779332024977
788.0 0.000623650839770562
789.0 0.0005582237918133615
790.0 0.0005212732048676116
791.0 0.00048432252697239164
792.0 0.0004946212811773876
793.0 0.0005049200353823835
794.0 0.0006255347670958145
795.0 0.0007461494988092454
796.0 0.0006015803137415787
797.0 0.0004570112196233822
798.0 0.0005155306098458823
799.0 0.0005740500455431174
800.0 0.0006246886641747551
801.0 0.0006753270099579822
802.0 0.0006936079898878234
803.0 0.0007118889698176645
804.0 0.000606974572292529
805.0 0.0005020601747673936
806.0 0.0004743046247313032
807.0 0.0004465489837457426
808.0 0.0005832224360347027
809.0 0.0007198957973741926
810.0 0.000703429032000713
811.0 0.0006869619483040879
812.0 0.0005479148967424408
813.0 0.00040886752685764804
814.0 0.0004900053227174794
815.0 0.0005711429821531055
816.0 0.0006853920240246225
817.0 0.0007996411113708746
818.0 0.0006584645234397613
819.0 0.000517287980983383
820.0 0.0006116354597907048
821.0 0.0007059828931232914
822.0 0.0006400308848242275
823.0 0.000574079058424104
824.0 0.0005354422228265321
825.0 0.0004968055236531654
826.0 0.00048654433157935273
827.0 0.0004762831849802751
828.0 0.00044354883357300423
829.0 0.0004108146185899386
830.0 0.00015058847111504292
831.0 1.7088758793443182e-10
832.0 1.7088758793443182e-10
833.0 1.7088758793443182e-10
834.0 1.7088758793443182e-10
835.0 1.7088758793443182e-10
836.0 1.7088758793443182e-10
837.0 2.3696978246334766e-05
838.0 0.0005960624548606575
839.0 0.0011684280252666213
840.0 0.0016265124941128306
841.0 0.0020845971448579803
842.0 0.002880556530726608
843.0 0.0036765155527973548
844.0 0.004280669600120746
845.0 0.004884822556050494
846.0 0.004858244574279524
847.0 0.0048316665925085545
848.0 0.004075361721334048
849.0 0.0033190572139574215
850.0 0.0025003566406667233
851.0 0.0016816557035781443
852.0 0.0015221701687551104
853.0 0.0013626847248815466
854.0 0.0011863467079820111
855.0 0.0010100086001330055
856.0 0.0008454157978121657
857.0 0.0006808228590671206
858.0 0.0005871448593097739
859.0 0.0004934669050271623
860.0 0.0003977293545176508
861.0 0.00030199178127077175
862.0 0.0004230469585309038
863.0 0.0005441021130536683
864.0 0.0004365640506875934
865.0 0.0003290260792709887
866.0 0.0003211999000996002
867.0 0.0003133737209282117
868.0 0.00024113469407893717
869.0 0.00016889563312361133
870.0 0.0002339416596441879
871.0 0.00029898772027081577
872.0 0.0002434809175611008
873.0 0.0001879741262200696
874.0 0.0002549442569943494
875.0 0.0003219143536625779
876.0 0.00015832536064408487
877.0 1.7088758793443182e-10
878.0 4.540856650692149e-05
879.0 9.608078244127682e-05
880.0 0.0001286679093936982
881.0 0.00016125504771480337
882.0 0.00018929667930933647
883.0 0.00021733833364123711
884.0 0.00017249286656806362
885.0 0.00012764738812620635
886.0 0.00020374347968754591
887.0 0.0002798395598802017
888.0 0.00027405146738601616
889.0 0.00026826339762919815
890.0 0.00016274353811240871
891.0 5.722367291127739e-05
892.0 5.9537069319048896e-05
893.0 6.185044298945286e-05
894.0 6.228735855984269e-05
895.0 6.272425139286497e-05
896.0 3.507000769786828e-05
897.0 7.415728475734795e-06
898.0 3.378393955699721e-05
899.0 6.0152149217174156e-05
900.0 1.7088758793443182e-10
