lsstCam/transmission_filter_detector/r34_s21/r_57/19700101T000000.ecsv
# %ECSV 1.0
# ---
# datatype:
# - {name: wavelength, unit: nm, datatype: float32}
# - {name: efficiency, unit: '%', datatype: float64}
# meta: !!omap
# - {MODE: DETECTOR}
# - {TYPE: transmission_filter_detector}
# - {CALIBDATE: '1970-01-01T00:00:00'}
# - {INSTRUME: LSSTCam}
# - {OBSTYPE: transmission_filter_detector}
# - {CALIBCLS: lsst.ip.isr.IntermediateFilterDetectorTransmissionCurve}
# - {SOURCE: Materion (DM-46256)}
# - {DETECTOR: 160}
# - {FILTER: r_57}
# - {CALIB_ID: 'calibDate=1970-01-01T00:00:00 filter=r_57 detector=160'}
# - {DATE: '2025-04-02T15:59:44.925203'}
# - {CALIB_CREATION_DATE: '2025-04-02'}
# - {CALIB_CREATION_TIME: '15:59:44'}
# - __serialized_columns__:
#     efficiency:
#       __class__: astropy.units.quantity.Quantity
#       unit: !astropy.units.Unit {unit: '%'}
#       value: !astropy.table.SerializedColumn {name: efficiency}
#     wavelength:
#       __class__: astropy.units.quantity.Quantity
#       unit: !astropy.units.Unit {unit: nm}
#       value: !astropy.table.SerializedColumn {name: wavelength}
# schema: astropy-2.0
wavelength efficiency
[from data line 602]
902.0 1.7088758793443182e-10
903.0 1.7088758793443182e-10
904.0 2.602337474399974e-05
905.0 9.761877208802616e-05
906.0 9.834975571720861e-05
907.0 9.908073934639106e-05
908.0 0.0001502152599641704
909.0 0.0002013497578445822
910.0 0.00010220777539871051
911.0 3.065787979039669e-06
912.0 0.00011213298876100453
913.0 0.0002212001618318027
914.0 0.00018244963939650916
915.0 0.00014369910559253185
916.0 0.0001278603349419427
917.0 0.0001120215529226698
918.0 0.0001752994307935296
919.0 0.00023857730866438942
920.0 0.00024209898583649192
921.0 0.0002456206630085944
922.0 0.00019828075892291963
923.0 0.00015094086620592861
924.0 0.00022543738396052504
925.0 0.0002999338448717026
926.0 0.0002319791747140698
927.0 0.00016402449318775325
928.0 0.0002111000640070415
929.0 0.00025817564619501354
930.0 0.00023193354081740836
931.0 0.00020569141270243563
932.0 0.0001774216343619628
933.0 0.0001491518332841224
934.0 7.73233011841512e-05
935.0 5.494779387049675e-06
936.0 1.7088758793443182e-10
937.0 1.7088758793443182e-10
938.0 1.7088758793443182e-10
939.0 1.7088758793443182e-10
940.0 1.7088758793443182e-10
941.0 7.548786840061439e-06
942.0 0.00018761741102935048
943.0 0.00036768601603398565
944.0 0.0003444311687417212
945.0 0.0003211762987120892
946.0 0.0005395171683630906
947.0 0.0007578581062261946
948.0 0.0005308936579240253
949.0 0.0003039293687834288
950.0 0.0004139692464377731
951.0 0.0005240090558800148
952.0 0.0006159332315291977
953.0 0.0007078574981278507
954.0 0.0008763317055127118
955.0 0.0010448063221701887
956.0 0.001149587296822574
957.0 0.001254368089576019
958.0 0.0014441049643210135
959.0 0.001633841748116538
960.0 0.0017824122551246546
961.0 0.0019309827621327713
962.0 0.0020697934814961627
963.0 0.002208604200859554
964.0 0.0022573882233700715
965.0 0.0023061726096784696
966.0 0.0022897893359186128
967.0 0.0022734062440576963
968.0 0.0021751384338131174
969.0 0.0020768704416695982
970.0 0.0021457508410094306
971.0 0.0022146310584503226
972.0 0.002382478669460397
973.0 0.002550326462369412
974.0 0.002795612090267241
975.0 0.003040898263861891
976.0 0.0031797604606254026
977.0 0.0033186232030857354
978.0 0.0032993921195156872
979.0 0.003280161035945639
980.0 0.0033540451113367453
981.0 0.0034279291867278516
982.0 0.003403601294849068
983.0 0.0033792730391724035
984.0 0.0032678904972271994
985.0 0.0031565079552819952
986.0 0.0030322838938445784
987.0 0.0029080601962050423
988.0 0.0028596447009476833
989.0 0.002811229569488205
990.0 0.0028514032237580977
991.0 0.002891577059926931
992.0 0.00273935202130815
993.0 0.002587126800790429
994.0 0.0025961304345401004
995.0 0.0026051340682897717
996.0 0.002639972990436945
997.0 0.002674811730685178
998.0 0.002794061765598599
999.0 0.0029133118005120195
1000.0 0.00302825774269877
1001.0 0.003143203866784461
1002.0 0.0033495565730845556
1003.0 0.0035559092793846503
1004.0 0.0037111967685632408
1005.0 0.0038664842577418312
1006.0 0.003994352664449252
1007.0 0.0041222217987524346
1008.0 0.004185843499726616
1009.0 0.004249465200700797
1010.0 0.004236011227476411
1011.0 0.004222557618049905
1012.0 0.004252209691912867
1013.0 0.004281861401977949
1014.0 0.004095937038073316
1015.0 0.003910012674168684
1016.0 0.003516687866067514
1017.0 0.0031233623303705826
1018.0 0.0028663920602411963
1019.0 0.0026094216082128696
1020.0 0.0024018581825657748
1021.0 0.0021942945750197396
1022.0 0.0018546965293353423
1023.0 0.001515098392701475
1024.0 0.0013938981282990426
1025.0 0.001272698227694491
1026.0 0.0010550285878707655
1027.0 0.0008373593118449207
1028.0 0.0008831520972307771
1029.0 0.0009289449735661037
1030.0 0.0008616388186055701
1031.0 0.0007943326636450365
1032.0 0.0007422219823638443
1033.0 0.0006901111646584468
1034.0 0.0007685815035074484
1035.0 0.000847051887831185
1036.0 0.0006913925972185098
1037.0 0.0005357333520805696
1038.0 0.0007570563866465818
1039.0 0.000978379375737859
1040.0 0.0008821297342365142
1041.0 0.0007858797289372887
1042.0 0.000840305528981844
1043.0 0.000894731238076929
1044.0 0.0009059866897587199
1045.0 0.0009172421414405107
1046.0 0.0008198911928047892
1047.0 0.0007225402896438027
1048.0 0.0006949986527615692
1049.0 0.000667457106828806
1050.0 0.0009013811904878821
1051.0 0.0011353052286722232
1052.0 0.0011342414836690295
1053.0 0.0011331775567668956
1054.0 0.001062841693055816
1055.0 0.0009925059202942066
1056.0 0.0009406326171301771
1057.0 0.0008887593139661476
1058.0 0.0010737219781731255
1059.0 0.0012586845514306333
1060.0 0.0012864835298387334
1061.0 0.001314282326347893
1062.0 0.001212840015796246
1063.0 0.0011113976142951287
1064.0 0.001332402644038666
1065.0 0.001553407491883263
1066.0 0.0018011394786299206
1067.0 0.002048871283477638
1068.0 0.0021932792151346803
1069.0 0.002337686782993842
1070.0 0.002095606760121882
1071.0 0.0018535271010478027
1072.0 0.0021771258616354316
1073.0 0.002500724804122001
1074.0 0.0025266372176702134
1075.0 0.002552549631218426
1076.0 0.0025635976271587424
1077.0 0.002574645259301178
1078.0 0.0030574952688766643
1079.0 0.0035403456422500312
1080.0 0.003594748704927042
1081.0 0.0036491514038061723
1082.0 0.00405385835620109
1083.0 0.004458564944798127
1084.0 0.004214263026369736
1085.0 0.003969961107941344
1086.0 0.004453726069186814
1087.0 0.004937491030432284
1088.0 0.004335567427915521
1089.0 0.003733643825398758
1090.0 0.0033490516216261312
1091.0 0.0029644595997524448
1092.0 0.0037267160223564133
1093.0 0.0044889722630614415
1094.0 0.0038871803553774953
1095.0 0.00328538881149143
1096.0 0.003621088035288267
1097.0 0.003956787259085104
1098.0 0.003151956116198562
1099.0 0.002347125337109901
1100.0 0.0018527382053434849
1101.0 0.0013583510735770687
