lsstCam/transmission_filter_detector/r23_s10/u_24/19700101T000000.ecsv
# %ECSV 1.0
# ---
# datatype:
# - {name: wavelength, unit: nm, datatype: float32}
# - {name: efficiency, unit: '%', datatype: float64}
# meta: !!omap
# - {MODE: DETECTOR}
# - {TYPE: transmission_filter_detector}
# - {CALIBDATE: '1970-01-01T00:00:00'}
# - {INSTRUME: LSSTCam}
# - {OBSTYPE: transmission_filter_detector}
# - {CALIBCLS: lsst.ip.isr.IntermediateFilterDetectorTransmissionCurve}
# - {SOURCE: Materion (DM-46256)}
# - {DETECTOR: 102}
# - {FILTER: u_24}
# - {CALIB_ID: 'calibDate=1970-01-01T00:00:00 filter=u_24 detector=102'}
# - {DATE: '2025-04-02T15:59:40.221136'}
# - {CALIB_CREATION_DATE: '2025-04-02'}
# - {CALIB_CREATION_TIME: '15:59:40'}
# - __serialized_columns__:
#     efficiency:
#       __class__: astropy.units.quantity.Quantity
#       unit: !astropy.units.Unit {unit: '%'}
#       value: !astropy.table.SerializedColumn {name: efficiency}
#     wavelength:
#       __class__: astropy.units.quantity.Quantity
#       unit: !astropy.units.Unit {unit: nm}
#       value: !astropy.table.SerializedColumn {name: wavelength}
# schema: astropy-2.0
wavelength efficiency
[from data line 587]
882.0 0.0028476673833210953
883.0 0.0025629215087974444
884.0 0.002278175816172734
885.0 0.0023250449885381386
886.0 0.002371914524701424
887.0 0.0021577799998340197
888.0 0.0019436454749666154
889.0 0.001903425800264813
890.0 0.0018632061255630106
891.0 0.0021476340407389216
892.0 0.002432062137813773
893.0 0.0023806325771147385
894.0 0.002329202470718883
895.0 0.002405761551926844
896.0 0.002482320269336924
897.0 0.003095102874794975
898.0 0.003707885480253026
899.0 0.0038641297578578815
900.0 0.004020373307866976
901.0 0.004242088471073657
902.0 0.004463803634280339
903.0 0.0045110580686014146
904.0 0.00455831250292249
905.0 0.005000340024707839
906.0 0.005442367182695307
907.0 0.005389663056121208
908.0 0.005336958565749228
909.0 0.0053185147407930344
910.0 0.005300070915836841
911.0 0.005263300772639923
912.0 0.005226530629443005
913.0 0.005116653483128175
914.0 0.0050067763368133456
915.0 0.0044319924199953675
916.0 0.00385720886697527
917.0 0.003774311699089594
918.0 0.003691414531203918
919.0 0.004088351488462649
920.0 0.0044852880819235
921.0 0.004563447873806581
922.0 0.004641607665689662
923.0 0.005133050581207499
924.0 0.005624491677735932
925.0 0.006179136107675731
926.0 0.0067337801738176495
927.0 0.007265856402227655
928.0 0.007797931175446138
929.0 0.007727665069978684
930.0 0.007657398236915469
931.0 0.007695020758546889
932.0 0.007732641097391024
933.0 0.007536920020356774
934.0 0.007341198215726763
935.0 0.007538229692727327
936.0 0.00773526044213213
937.0 0.007387571531580761
938.0 0.007039884076220915
939.0 0.006845701864222065
940.0 0.0066515196522232145
941.0 0.0058220197388436645
942.0 0.004992518370272592
943.0 0.0037961544876452535
944.0 0.0025997906050179154
945.0 0.0024234201191575266
946.0 0.002247049633297138
947.0 0.001761778912623413
948.0 0.001276508282899158
949.0 0.0012511677596194204
950.0 0.0012258271453902125
951.0 0.0012784876162186265
952.0 0.0013311479051481
953.0 0.0015536725186393596
954.0 0.0017761974959284998
955.0 0.0022322265067487024
956.0 0.002688255517568905
957.0 0.0027256030080025084
958.0 0.0027629497708403505
959.0 0.003034554174519144
960.0 0.003306158396298997
961.0 0.0036042863939655945
962.0 0.003902414027834311
963.0 0.004249724224791862
964.0 0.004597034057951532
965.0 0.004863886351813562
966.0 0.005130738645675592
967.0 0.005112262078910135
968.0 0.005093785875942558
969.0 0.0049475187552161515
970.0 0.004801251634489745
971.0 0.004640869883587584
972.0 0.0044804874050896615
973.0 0.004297123814467341
974.0 0.004113759860047139
975.0 0.0037747668102383614
976.0 0.0034357733966317028
977.0 0.0031455925636691973
978.0 0.002855411366908811
979.0 0.0027295252948533744
980.0 0.002603638859000057
981.0 0.0026358929972047918
982.0 0.002668146953510586
983.0 0.0026740028260974213
984.0 0.002679858334886376
985.0 0.0031711933843325824
986.0 0.0036625293432734907
987.0 0.004000564149464481
988.0 0.0043385989556554705
989.0 0.005112957660458051
990.0 0.005887315637664869
991.0 0.005852012327522971
992.0 0.005816708289785311
993.0 0.0060961796407354996
994.0 0.006375649536494166
995.0 0.006215913163032383
996.0 0.006056175698176958
997.0 0.0058909368817694485
998.0 0.005725699884351343
999.0 0.006144552753539756
1000.0 0.006563401984749362
1001.0 0.00635235701338388
1002.0 0.006141309859231114
1003.0 0.005985497773508541
1004.0 0.005829687506775372
1005.0 0.00551356170035433
1006.0 0.005197435893933289
1007.0 0.005059567047283053
1008.0 0.004921697109239176
1009.0 0.004713721136795357
1010.0 0.004505745164351538
1011.0 0.003996800660388544
1012.0 0.0034878565202234313
1013.0 0.0028212491088197567
1014.0 0.0021546413336182013
1015.0 0.0018853974324883893
1016.0 0.001616153349459637
1017.0 0.0014318085959530436
1018.0 0.0012474635695980396
1019.0 0.0009126205441134516
1020.0 0.0005777772912551882
1021.0 0.0008432845788775012
1022.0 0.0011087920029240195
1023.0 0.001125416201830376
1024.0 0.0011420404916862026
1025.0 0.0015296507626771927
1026.0 0.0019172612155671231
1027.0 0.0015675646864110604
1028.0 0.0012178675206087064
1029.0 0.0011283521416771691
1030.0 0.001038836853695102
1031.0 0.0010922038200078532
1032.0 0.0011455708772700746
1033.0 0.0014265247955336235
1034.0 0.0017074786228477024
1035.0 0.0017470989405410364
1036.0 0.0017867187125375494
1037.0 0.001777930447133258
1038.0 0.0017691419998300262
1039.0 0.0016284997400362045
1040.0 0.0014878577530907933
1041.0 0.0016315638276864775
1042.0 0.0017752701751305722
1043.0 0.0014757885764993262
1044.0 0.0011763072507164907
1045.0 0.0013083727935736533
1046.0 0.0014404386092792265
1047.0 0.001177454942080658
1048.0 0.0009144712748820893
1049.0 0.0011626984814938623
1050.0 0.0014109254152572248
1051.0 0.001596400215930771
1052.0 0.0017818752894527279
1053.0 0.0012344852621026803
1054.0 0.0006870952347526327
1055.0 0.0010299613677489106
1056.0 0.001372827773593599
1057.0 0.00123650115710916
1058.0 0.0011001744496752508
1059.0 0.0005152557150722714
1060.0 1.587679640535633e-10
1061.0 1.587679640535633e-10
1062.0 1.587679640535633e-10
1063.0 1.587679640535633e-10
1064.0 0.0003203790129191475
1065.0 0.0010197655683441553
1066.0 0.0017191523511428386
1067.0 0.0004939789050695254
1068.0 1.587679640535633e-10
1069.0 0.0005585177405009745
1070.0 0.0018482298401067965
1071.0 0.002192241845477838
1072.0 0.00253625403274782
1073.0 0.0025473378627793863
1074.0 0.0025584215109120123
1075.0 0.003243666287744418
1076.0 0.003928910882677883
1077.0 0.003363119321875274
1078.0 0.0027973283067694865
1079.0 0.0033381111279595643
1080.0 0.0038788919482612982
1081.0 0.0023847143893362954
1082.0 0.0008905378308554646
1083.0 0.0020729929019580595
1084.0 0.003255448245909065
1085.0 0.004028863986604847
1086.0 0.004802279363502748
1087.0 0.004284938040655106
1088.0 0.003767595990211703
1089.0 0.0052991657867096364
1090.0 0.006830735947005451
1091.0 0.0050958042265847325
1092.0 0.0033608732337597758
1093.0 0.0031379120628116652
1094.0 0.0029149507099646144
1095.0 0.0025881688998197205
1096.0 0.0022613870896748267
1097.0 0.002423324804112781
1098.0 0.0025852632461464964
1099.0 0.0006211952040757751
1100.0 1.587679640535633e-10
