lsstCam/transmission_filter_detector/r23_s10/u_24/19700101T000000.ecsv
# %ECSV 1.0
# ---
# datatype:
# - {name: wavelength, unit: nm, datatype: float32}
# - {name: efficiency, unit: '%', datatype: float64}
# meta: !!omap
# - {MODE: DETECTOR}
# - {TYPE: transmission_filter_detector}
# - {CALIBDATE: '1970-01-01T00:00:00'}
# - {INSTRUME: LSSTCam}
# - {OBSTYPE: transmission_filter_detector}
# - {CALIBCLS: lsst.ip.isr.IntermediateFilterDetectorTransmissionCurve}
# - {SOURCE: Materion (DM-46256)}
# - {DETECTOR: 102}
# - {FILTER: u_24}
# - {CALIB_ID: 'calibDate=1970-01-01T00:00:00 filter=u_24 detector=102'}
# - {DATE: '2025-04-02T15:59:40.221136'}
# - {CALIB_CREATION_DATE: '2025-04-02'}
# - {CALIB_CREATION_TIME: '15:59:40'}
# - __serialized_columns__:
#     efficiency:
#       __class__: astropy.units.quantity.Quantity
#       unit: !astropy.units.Unit {unit: '%'}
#       value: !astropy.table.SerializedColumn {name: efficiency}
#     wavelength:
#       __class__: astropy.units.quantity.Quantity
#       unit: !astropy.units.Unit {unit: nm}
#       value: !astropy.table.SerializedColumn {name: wavelength}
# schema: astropy-2.0
wavelength efficiency
295.0 1.587679640535633e-10
296.0 1.587679640535633e-10
297.0 1.587679640535633e-10
298.0 1.587679640535633e-10
299.0 1.587679640535633e-10
300.0 1.587679640535633e-10
301.0 0.020145847520325333
302.0 1.587679640535633e-10
303.0 0.003937504516215995
304.0 0.29651117511093616
305.0 0.43247174471616745
306.0 1.2594779953360558
307.0 2.6642367243766785
308.0 4.309643805027008
309.0 7.343558967113495
310.0 10.239449888467789
311.0 13.589534163475037
312.0 17.380359768867493
313.0 20.500871539115906
314.0 23.872609436511993
315.0 26.19636356830597
316.0 28.27875316143036
317.0 30.653181672096252
318.0 33.117154240608215
319.0 36.376556754112244
320.0 41.321492195129395
321.0 46.17769420146942
322.0 52.131080627441406
323.0 57.724034786224365
324.0 62.52674460411072
325.0 65.98473191261292
326.0 68.6789333820343
327.0 70.70688605308533
328.0 72.48484492301941
329.0 73.97316694259644
330.0 75.3838300704956
331.0 76.35770440101624
332.0 76.84646248817444
333.0 77.06407308578491
334.0 76.92227363586426
335.0 76.97980999946594
336.0 77.11089849472046
337.0 77.59429812431335
338.0 78.42158079147339
339.0 79.0104866027832
340.0 79.46118116378784
341.0 80.01630306243896
342.0 80.34242987632751
343.0 80.23918867111206
344.0 80.479896068573
345.0 80.76690435409546
346.0 81.00831508636475
347.0 81.30883574485779
348.0 81.58506751060486
349.0 81.80001974105835
350.0 81.85560703277588
351.0 82.02328681945801
352.0 81.92840814590454
353.0 81.83224201202393
354.0 81.76783919334412
355.0 81.964772939682
356.0 82.11016654968262
357.0 82.05158114433289
358.0 81.79900646209717
359.0 81.57650232315063
360.0 81.5498948097229
361.0 81.47251009941101
362.0 81.29281997680664
363.0 81.36870265007019
364.0 81.48314356803894
365.0 81.66003227233887
366.0 81.78454637527466
367.0 81.75200819969177
368.0 81.64216876029968
369.0 81.49949908256531
370.0 81.12981915473938
371.0 80.90327978134155
372.0 80.90434074401855
373.0 80.99833130836487
374.0 80.99220395088196
375.0 81.29154443740845
376.0 81.30922317504883
377.0 81.3550353050232
378.0 81.43060803413391
379.0 81.16033673286438
380.0 80.59710264205933
381.0 79.32194471359253
382.0 77.65782475471497
383.0 75.74686408042908
384.0 73.62010478973389
385.0 71.29605412483215
386.0 68.88731718063354
387.0 65.84738492965698
388.0 62.701112031936646
389.0 58.95664691925049
390.0 55.14788031578064
391.0 51.03921890258789
392.0 46.65478467941284
393.0 42.81446933746338
394.0 39.5865261554718
395.0 36.44531965255737
396.0 33.23692083358765
397.0 29.111063480377197
398.0 24.308155477046967
399.0 18.156124651432037
400.0 12.074188143014908
401.0 7.15998038649559
402.0 3.4541089087724686
403.0 1.2462512589991093
404.0 0.3849076805636287
405.0 0.14005101984366775
406.0 0.06745281862094998
407.0 1.587679640535633e-10
408.0 0.021136648138053715
409.0 0.011661650205496699
410.0 0.011546980385901406
411.0 0.009431987564312294
412.0 1.587679640535633e-10
413.0 1.587679640535633e-10
414.0 1.587679640535633e-10
415.0 1.587679640535633e-10
416.0 1.587679640535633e-10
417.0 1.587679640535633e-10
418.0 1.587679640535633e-10
419.0 1.587679640535633e-10
420.0 1.587679640535633e-10
421.0 1.587679640535633e-10
422.0 1.587679640535633e-10
423.0 1.587679640535633e-10
424.0 1.587679640535633e-10
425.0 1.587679640535633e-10
426.0 0.002014596975641325
427.0 0.00029227487630123505
428.0 1.587679640535633e-10
429.0 1.587679640535633e-10
430.0 0.0013119263712724205
431.0 0.0011192872079845984
432.0 0.0009266483175451867
433.0 0.002171354935853742
434.0 0.0034160606446675956
435.0 0.0029411743525997736
436.0 0.0024662871510372497
437.0 0.0005529311238205992
438.0 1.587679640535633e-10
439.0 1.587679640535633e-10
440.0 0.00013755028476225561
441.0 1.587679640535633e-10
442.0 1.587679640535633e-10
443.0 1.587679640535633e-10
444.0 1.587679640535633e-10
445.0 1.587679640535633e-10
446.0 1.587679640535633e-10
447.0 1.587679640535633e-10
448.0 1.587679640535633e-10
449.0 1.587679640535633e-10
450.0 1.587679640535633e-10
451.0 1.587679640535633e-10
452.0 1.587679640535633e-10
453.0 1.587679640535633e-10
454.0 0.0005289522050588857
455.0 1.587679640535633e-10
456.0 1.587679640535633e-10
457.0 1.587679640535633e-10
458.0 1.587679640535633e-10
459.0 1.587679640535633e-10
460.0 1.587679640535633e-10
461.0 1.587679640535633e-10
462.0 1.587679640535633e-10
463.0 1.867320094106617e-05
464.0 0.00029717145935137523
465.0 0.0004115440788154956
466.0 0.0005259163117443677
467.0 1.587679640535633e-10
468.0 1.587679640535633e-10
469.0 1.587679640535633e-10
470.0 0.0002152595925508649
471.0 1.587679640535633e-10
472.0 1.587679640535633e-10
473.0 1.587679640535633e-10
474.0 1.587679640535633e-10
475.0 1.587679640535633e-10
476.0 1.587679640535633e-10
477.0 0.0004864892162004253
478.0 0.0017525386283523403
479.0 0.001239736047864426
480.0 0.0007269337402249221
481.0 0.00030285420962172793
482.0 1.587679640535633e-10
483.0 1.587679640535633e-10
484.0 1.587679640535633e-10
485.0 1.587679640535633e-10
486.0 1.587679640535633e-10
487.0 1.587679640535633e-10
488.0 1.587679640535633e-10
489.0 1.587679640535633e-10
490.0 1.587679640535633e-10
491.0 1.587679640535633e-10
492.0 1.587679640535633e-10
493.0 1.587679640535633e-10
494.0 1.587679640535633e-10
495.0 1.587679640535633e-10
496.0 0.0003869326064886991
497.0 6.333650617307285e-05
498.0 1.587679640535633e-10
499.0 0.00016779396219135378
500.0 0.0005958476322120987
501.0 0.0003302783397884923
502.0 6.470918378909118e-05
503.0 1.587679640535633e-10
504.0 1.587679640535633e-10
505.0 1.587679640535633e-10
506.0 1.587679640535633e-10
507.0 1.587679640535633e-10
508.0 1.587679640535633e-10
509.0 1.587679640535633e-10
510.0 1.587679640535633e-10
511.0 0.0001287765030610899
512.0 0.0004993530637875665
513.0 0.00012025551541228197
514.0 1.587679640535633e-10
515.0 1.587679640535633e-10
516.0 1.587679640535633e-10
517.0 3.1703552849648986e-05
518.0 0.00014826684946456226
519.0 0.00020461318399611628
520.0 0.0002609595640024054
521.0 3.168876787640329e-05
522.0 1.587679640535633e-10
523.0 1.587679640535633e-10
524.0 1.587679640535633e-10
525.0 1.587679640535633e-10
526.0 1.587679640535633e-10
527.0 1.587679640535633e-10
528.0 1.587679640535633e-10
529.0 1.587679640535633e-10
530.0 1.587679640535633e-10
531.0 1.587679640535633e-10
532.0 1.587679640535633e-10
533.0 1.587679640535633e-10
534.0 9.448587547922216e-05
535.0 1.587679640535633e-10
536.0 1.587679640535633e-10
537.0 1.587679640535633e-10
538.0 1.587679640535633e-10
539.0 1.587679640535633e-10
540.0 0.00017139180954472977
541.0 1.587679640535633e-10
542.0 1.587679640535633e-10
543.0 1.587679640535633e-10
544.0 1.587679640535633e-10
545.0 1.587679640535633e-10
546.0 1.587679640535633e-10
547.0 1.587679640535633e-10
548.0 1.587679640535633e-10
549.0 1.587679640535633e-10
550.0 1.587679640535633e-10
551.0 1.587679640535633e-10
552.0 1.587679640535633e-10
553.0 1.587679640535633e-10
554.0 1.587679640535633e-10
555.0 1.587679640535633e-10
556.0 1.587679640535633e-10
557.0 1.587679640535633e-10
558.0 1.587679640535633e-10
559.0 1.587679640535633e-10
560.0 1.587679640535633e-10
561.0 6.799255629630352e-05
562.0 0.0001740800939842302
563.0 1.587679640535633e-10
564.0 1.587679640535633e-10
565.0 1.587679640535633e-10
566.0 0.00011746101336029824
567.0 0.0002316043264727341
568.0 0.0003457476168478024
569.0 0.00044617231651500333
570.0 0.0005465966751216911
571.0 0.0005117285581945907
572.0 0.0004768603957927553
573.0 0.0005234443051449489
574.0 0.0005700283963960828
575.0 0.0004131959030928556
576.0 0.00025636345526436344
577.0 0.00021887399270781316
578.0 0.00018138449604521156
579.0 0.0004521639311860781
580.0 0.0007229434231703635
581.0 0.0006787242000427796
582.0 0.0006345052497636061
583.0 0.0012815541595045943
584.0 0.0019286031601950526
585.0 0.0017067779481294565
586.0 0.0014849524632154498
587.0 0.0014877568901283666
588.0 0.001490561044192873
589.0 0.0013492737707565539
590.0 0.0012079860425728839
591.0 0.0009870413123280741
592.0 0.0007660962182853837
593.0 0.0008024667295103427
594.0 0.0008388367859879509
595.0 0.0007957954039738979
596.0 0.0007527534762630239
597.0 0.0009142318958765827
598.0 0.0010757101335912012
599.0 0.0011747644748538733
600.0 0.0012738185432681348
601.0 0.0014348596778290812
602.0 0.001595901085238438
603.0 0.0014942481357138604
604.0 0.0013925954590376932
605.0 0.0015763598639750853
606.0 0.0017601243598619476
607.0 0.0015786585208843462
608.0 0.0013971925909572747
609.0 0.0009306947504228447
610.0 0.00046419695536314975
611.0 0.00031662073070037877
612.0 0.0001690445060376078
613.0 0.00011682425338221947
614.0 6.460396093643794e-05
615.0 0.00013528366480386467
616.0 0.00020596339709300082
617.0 0.0005868891548743704
618.0 0.0009678150490799453
619.0 0.0005446812792797573
620.0 0.0001215477027471934
621.0 0.00021085534172016196
622.0 0.00030016285563760903
623.0 0.00047579396778019145
624.0 0.0006514250344480388
625.0 0.0006427284915844211
626.0 0.0006340319941955386
627.0 0.0005395475454861298
628.0 0.00044506318772619125
629.0 0.000394807466364
630.0 0.0003445518132139114
631.0 0.0009532431249681395
632.0 0.0015619345504092053
633.0 0.0016462008716189303
634.0 0.0017304670109297149
635.0 0.0021727842977270484
636.0 0.0026151014026254416
637.0 0.00272406487056287
638.0 0.0028330283385002986
639.0 0.0023467797291232273
640.0 0.001860531119746156
641.0 0.0017585172827239148
642.0 0.0016565032638027333
643.0 0.0011104606528533623
644.0 0.000564417905479786
645.0 0.0006647147529292852
646.0 0.0007650115549040493
647.0 0.0002496128900020267
648.0 1.587679640535633e-10
649.0 1.587679640535633e-10
650.0 1.587679640535633e-10
651.0 0.00017546681192470714
652.0 0.000376145658265159
653.0 0.0008429897206951864
654.0 0.001309833623963641
655.0 0.0012281762792554218
656.0 0.0011465189345472027
657.0 0.0018054704923997633
658.0 0.0024644223231007345
659.0 0.003061091047129594
660.0 0.0036577599530573934
661.0 0.003754253702936694
662.0 0.0038507478166138753
663.0 0.0033531319786561653
664.0 0.0028555161406984553
665.0 0.0024031036446103826
666.0 0.0019506915123201907
667.0 0.0017440252122469246
668.0 0.001537358548375778
669.0 0.0011411887498979922
670.0 0.0007450189968949417
671.0 0.00044058319872419816
672.0 0.00013614730960398447
673.0 0.00015980476746335626
674.0 0.0001834622025853605
675.0 0.00043551531234697904
676.0 0.0006875684448459651
677.0 0.0009413972293259576
678.0 0.0011952261957048904
679.0 0.0014723158528795466
680.0 0.001749405601003673
681.0 0.002595572550490033
682.0 0.003441739681875333
683.0 0.004943578824168071
684.0 0.006445417966460809
685.0 0.0068213244958315045
686.0 0.0071972339355852455
687.0 0.007096886110957712
688.0 0.00699653901392594
689.0 0.006210850551724434
690.0 0.005425162453320809
691.0 0.004933889795211144
692.0 0.004442617137101479
693.0 0.0036043813452124596
694.0 0.002766145917121321
695.0 0.0022571754016098566
696.0 0.0017482050679973327
697.0 0.0012409670489432756
698.0 0.0007337289389397483
699.0 0.0008487681043334305
700.0 0.0009638068149797618
701.0 0.0008648842594993766
702.0 0.0007659614311705809
703.0 0.0007423303486575605
704.0 0.0007186996299424209
705.0 0.00045408105506794527
706.0 0.00018946257114293985
707.0 0.0005149209300725488
708.0 0.000840378925204277
709.0 0.0008034442544158082
710.0 0.0007665094017283991
711.0 0.000563653020435595
712.0 0.0003607965936680557
713.0 0.00061207160797494
714.0 0.000863346485857619
715.0 0.0007627207651239587
716.0 0.0006620947715418879
717.0 0.0006306639988906682
718.0 0.0005992331807647133
719.0 0.0007580872988910414
720.0 0.0009169411896436941
721.0 0.0004621108473656932
722.0 7.280302583012599e-06
723.0 0.0003919859864254249
724.0 0.0007766917406115681
725.0 0.0003790155687966035
726.0 1.587679640535633e-10
727.0 0.00023165966922533698
728.0 0.0004819799869437702
729.0 0.0004933375294058351
730.0 0.0005046952082921052
731.0 0.00037616462122969097
732.0 0.0002476341933288495
733.0 0.00021399300749180838
734.0 0.00018035185576081858
735.0 0.0003291758730483707
736.0 0.0004779998562298715
737.0 0.0003528504066707683
738.0 0.00022770086616219487
739.0 0.0004322728727856884
740.0 0.0006368447429849766
741.0 0.0009913080248225015
742.0 0.0013457713066600263
743.0 0.0014869831829855684
744.0 0.0016281950593111105
745.0 0.0019210105165257119
746.0 0.0022138256099424325
747.0 0.0027784544727182947
748.0 0.0033430835173930973
749.0 0.003361487324582413
750.0 0.0033798922231653705
751.0 0.0033456752134952694
752.0 0.0033114582038251683
753.0 0.0029998423997312784
754.0 0.002688226413738448
755.0 0.002830132325470913
756.0 0.0029720384191023186
757.0 0.002435753594909329
758.0 0.0018994687707163393
759.0 0.0016291487554553896
760.0 0.0013588287401944399
761.0 0.0013184991985326633
762.0 0.0012781697478203569
763.0 0.0009414873602509033
764.0 0.0006048049272067146
765.0 0.0008375567631446756
766.0 0.0010703084626584314
767.0 0.0010965151886921376
768.0 0.0011227221875742543
769.0 0.0008556838110962417
770.0 0.000588645434618229
771.0 0.0004053514203405939
772.0 0.00022205733785085613
773.0 0.0005286102350510191
774.0 0.00083516333688749
775.0 0.0008196973794838414
776.0 0.000804231058282312
777.0 0.0006362717158481246
778.0 0.00046831210056552663
779.0 0.00030050191526243
780.0 0.00013269171859064954
781.0 0.0005096034328744281
782.0 0.0008865152267389931
783.0 0.0010228277460555546
784.0 0.0011591399925237056
785.0 0.0012217112271173391
786.0 0.0012842822798120324
787.0 0.0009558841156831477
788.0 0.0006274857696553227
789.0 0.0005832579518028069
790.0 0.0005390301339502912
791.0 0.0005603551926469663
792.0 0.0005816803877678467
793.0 0.0002641300625327858
794.0 1.587679640535633e-10
795.0 1.587679640535633e-10
796.0 1.587679640535633e-10
797.0 0.00017162051335617434
798.0 0.0006604941972909728
799.0 0.00030471633181150537
800.0 1.587679640535633e-10
801.0 1.587679640535633e-10
802.0 1.587679640535633e-10
803.0 1.587679640535633e-10
804.0 1.587679640535633e-10
805.0 1.587679640535633e-10
806.0 3.6020725246999064e-05
807.0 1.587679640535633e-10
808.0 1.587679640535633e-10
809.0 0.00016767288570918026
810.0 0.0006021171429893002
811.0 0.00016483022591273766
812.0 1.587679640535633e-10
813.0 1.587679640535633e-10
814.0 0.0002172604581573978
815.0 0.0001315421854997112
816.0 4.582375083828083e-05
817.0 3.518344371400417e-06
818.0 1.587679640535633e-10
819.0 4.049142035000841e-05
820.0 0.00011977025451415102
821.0 6.599206017199322e-05
822.0 1.2213818934014853e-05
823.0 3.24641177940066e-05
824.0 5.2714420917254756e-05
825.0 1.587679640535633e-10
826.0 1.587679640535633e-10
827.0 2.5754316013149037e-06
828.0 0.00022817589524493087
829.0 1.587679640535633e-10
830.0 1.587679640535633e-10
831.0 1.587679640535633e-10
832.0 1.587679640535633e-10
833.0 1.587679640535633e-10
834.0 1.587679640535633e-10
835.0 1.587679640535633e-10
836.0 1.587679640535633e-10
837.0 1.587679640535633e-10
838.0 1.587679640535633e-10
839.0 1.587679640535633e-10
840.0 1.587679640535633e-10
841.0 1.587679640535633e-10
842.0 1.65526984119424e-05
843.0 1.587679640535633e-10
844.0 1.587679640535633e-10
845.0 1.587679640535633e-10
846.0 1.587679640535633e-10
847.0 1.587679640535633e-10
848.0 1.587679640535633e-10
849.0 1.587679640535633e-10
850.0 1.587679640535633e-10
851.0 1.587679640535633e-10
852.0 1.587679640535633e-10
853.0 3.764749010315427e-05
854.0 0.0002455274852763978
855.0 1.587679640535633e-10
856.0 1.587679640535633e-10
857.0 0.00028514800760603976
858.0 0.0008410775080847088
859.0 0.0009713184226711746
860.0 0.0011015593372576404
861.0 0.0008651029020256829
862.0 0.0006286465122684604
863.0 0.000666170035401592
864.0 0.0007036935130599886
865.0 0.0012547553524200339
866.0 0.0018058170098811388
867.0 0.0018060549336951226
868.0 0.0018062930394080468
869.0 0.0016966345356195234
870.0 0.0015869756680331193
871.0 0.001640627124288585
872.0 0.00169427821674617
873.0 0.0018849194020731375
874.0 0.002075560769299045
875.0 0.002523701732570771
876.0 0.0029718430596403778
877.0 0.002847068572009448
878.0 0.002722294084378518
879.0 0.00270426353381481
880.0 0.0026862337108468637
