lsstCam/transmission_filter_detector/r22_s10/z_20/19700101T000000.ecsv
# %ECSV 1.0
# ---
# datatype:
# - {name: wavelength, unit: nm, datatype: float32}
# - {name: efficiency, unit: '%', datatype: float64}
# meta: !!omap
# - {MODE: DETECTOR}
# - {TYPE: transmission_filter_detector}
# - {CALIBDATE: '1970-01-01T00:00:00'}
# - {INSTRUME: LSSTCam}
# - {OBSTYPE: transmission_filter_detector}
# - {CALIBCLS: lsst.ip.isr.IntermediateFilterDetectorTransmissionCurve}
# - {SOURCE: Materion (DM-46256)}
# - {DETECTOR: 93}
# - {FILTER: z_20}
# - {CALIB_ID: 'calibDate=1970-01-01T00:00:00 filter=z_20 detector=93'}
# - {DATE: '2025-04-02T15:59:49.069956'}
# - {CALIB_CREATION_DATE: '2025-04-02'}
# - {CALIB_CREATION_TIME: '15:59:49'}
# - __serialized_columns__:
#     efficiency:
#       __class__: astropy.units.quantity.Quantity
#       unit: !astropy.units.Unit {unit: '%'}
#       value: !astropy.table.SerializedColumn {name: efficiency}
#     wavelength:
#       __class__: astropy.units.quantity.Quantity
#       unit: !astropy.units.Unit {unit: nm}
#       value: !astropy.table.SerializedColumn {name: wavelength}
# schema: astropy-2.0
wavelength efficiency
[from data line 598]
898.0 99.16362166404724
899.0 98.94302487373352
900.0 98.97787570953369
901.0 99.77908730506897
902.0 99.40757155418396
903.0 99.00825619697571
904.0 98.14305305480957
905.0 98.93620610237122
906.0 98.4090507030487
907.0 99.15938377380371
908.0 98.42784404754639
909.0 98.51819276809692
910.0 98.41538667678833
911.0 97.5668728351593
912.0 96.36302590370178
913.0 95.15912532806396
914.0 93.39016675949097
915.0 91.146320104599
916.0 89.09037709236145
917.0 87.32365369796753
918.0 83.8234007358551
919.0 82.92438387870789
920.0 79.70274090766907
921.0 76.45295858383179
922.0 72.39053249359131
923.0 67.10904836654663
924.0 61.49940490722656
925.0 56.15423321723938
926.0 50.186944007873535
927.0 43.14335584640503
928.0 37.30825483798981
929.0 31.16510510444641
930.0 25.325584411621094
931.0 20.188923180103302
932.0 14.527356624603271
933.0 9.929294139146805
934.0 6.625461578369141
935.0 4.164712876081467
936.0 2.4285899475216866
937.0 1.4864842407405376
938.0 0.922180525958538
939.0 0.6091865710914135
940.0 0.3955349326133728
941.0 0.2385030733421445
942.0 0.14245281927287579
943.0 0.10525006800889969
944.0 0.0793601619079709
945.0 1.5867222900173283e-10
946.0 0.03260003577452153
947.0 0.08673837292008102
948.0 0.16151826130226254
949.0 1.5867222900173283e-10
950.0 0.034172902815043926
951.0 1.5867222900173283e-10
952.0 1.5867222900173283e-10
953.0 1.5867222900173283e-10
954.0 0.02635849523358047
955.0 0.032729824306443334
956.0 0.015574599092360586
957.0 0.03560799523256719
958.0 1.5867222900173283e-10
959.0 0.0028896962248836644
960.0 1.5867222900173283e-10
961.0 0.034602725645527244
962.0 1.5867222900173283e-10
963.0 1.5867222900173283e-10
964.0 1.5867222900173283e-10
965.0 0.013780509470961988
966.0 1.5867222900173283e-10
967.0 1.5867222900173283e-10
968.0 0.041916355257853866
969.0 1.5867222900173283e-10
970.0 1.5867222900173283e-10
971.0 0.05218229489400983
972.0 0.060841935919597745
973.0 1.5867222900173283e-10
974.0 0.09412276558578014
975.0 0.07057231268845499
976.0 0.0068652298068627715
977.0 0.006754205969627947
978.0 0.006643184315180406
979.0 0.006451565423049033
980.0 0.006259946530917659
981.0 0.0060481426771730185
982.0 0.005836339187226258
983.0 0.005840392259415239
984.0 0.005844446059199981
985.0 0.0055594769946765155
986.0 0.005274507202557288
987.0 0.005367050471249968
988.0 0.0054595937399426475
989.0 0.005246999717201106
990.0 0.005034406422055326
991.0 0.00510220525029581
992.0 0.005170004078536294
993.0 0.005104982847115025
994.0 0.0050399616156937554
995.0 0.004960422302247025
996.0 0.004880882988800295
997.0 0.00470421691716183
998.0 0.004527550481725484
999.0 0.004533712126431055
1000.0 0.004539873771136627
1001.0 0.004583070403896272
1002.0 0.004626266672858037
1003.0 0.004626630834536627
1004.0 0.004626994996215217
1005.0 0.00470083141408395
1006.0 0.004774667468154803
1007.0 0.004640676706912927
1008.0 0.004506685581873171
1009.0 0.004571636236505583
1010.0 0.0046365872549358755
1011.0 0.004688106491812505
1012.0 0.004739626092487015
1013.0 0.0046672743337694556
1014.0 0.0045949222112540156
1015.0 0.0047074157919269055
1016.0 0.0048199093725997955
1017.0 0.004899561827187426
1018.0 0.004979214645572938
1019.0 0.004879928019363433
1020.0 0.004780641393153928
1021.0 0.0048333877202821895
1022.0 0.004886134047410451
1023.0 0.004849259494221769
1024.0 0.004812384941033088
1025.0 0.0048712900024838746
1026.0 0.004930194700136781
1027.0 0.005027661609346978
1028.0 0.005125128518557176
1029.0 0.004990632442058995
1030.0 0.0048561367293586954
1031.0 0.005025255813961849
1032.0 0.0051943752623628825
1033.0 0.005275737203191966
1034.0 0.0053570998716168106
1035.0 0.005488862734637223
1036.0 0.005620625597657636
1037.0 0.005784121094620787
1038.0 0.005947616227786057
1039.0 0.005863802653038874
1040.0 0.005779988714493811
1041.0 0.005980348214507103
1042.0 0.006180707714520395
1043.0 0.006040030348231085
1044.0 0.005899352618143894
1045.0 0.0062677107052877545
1046.0 0.006636068428633735
1047.0 0.00644243773422204
1048.0 0.006248806312214583
1049.0 0.006381981074810028
1050.0 0.006515156565001234
1051.0 0.006749745080014691
1052.0 0.006984333595028147
1053.0 0.0071343849413096905
1054.0 0.007284436287591234
1055.0 0.00779269976192154
1056.0 0.008300964691443369
1057.0 0.008246769721154124
1058.0 0.008192576206056401
1059.0 0.00830928111099638
1060.0 0.008425985288340598
1061.0 0.009152217535302043
1062.0 0.009878449782263488
1063.0 0.009880484140012413
1064.0 0.009882517770165578
1065.0 0.010012496204581112
1066.0 0.010142476094188169
1067.0 0.010226125596091151
1068.0 0.010309775097994134
1069.0 0.011172185622854158
1070.0 0.012034593237331137
1071.0 0.011485740105854347
1072.0 0.010936886974377558
1073.0 0.011385876132408157
1074.0 0.011834865290438756
1075.0 0.012179993791505694
1076.0 0.012525124475359917
1077.0 0.012797101226169616
1078.0 0.01306907506659627
1079.0 0.013777293497696519
1080.0 0.014485510473605245
1081.0 0.01517474593129009
1082.0 0.01586398429935798
1083.0 0.015546669601462781
1084.0 0.015229356358759105
1085.0 0.01563848345540464
1086.0 0.016047610552050173
1087.0 0.016659859102219343
1088.0 0.017272107652388513
1089.0 0.01788670924725011
1090.0 0.018501313752494752
1091.0 0.017997728718910366
1092.0 0.017494140774942935
1093.0 0.018415589875075966
1094.0 0.019337036064825952
1095.0 0.02080859849229455
1096.0 0.022280159464571625
1097.0 0.022563262609764934
1098.0 0.022846365754958242
1099.0 0.02366687695030123
1100.0 0.02448738378006965
1101.0 0.025019946042448282
1102.0 0.02555250539444387
1103.0 0.026415358297526836
1104.0 0.027278211200609803
1105.0 0.027588321245275438
1106.0 0.027898434200324118
1107.0 0.029230269137769938
1108.0 0.030562104075215757
1109.0 0.030698851332999766
1110.0 0.030835598590783775
1111.0 0.03139695036225021
1112.0 0.03195830213371664
1113.0 0.03361663839314133
1114.0 0.035274974652566016
1115.0 0.03467570641078055
1116.0 0.03407643816899508
1117.0 0.03535024879965931
1118.0 0.03662405943032354
1119.0 0.040544054354541004
1120.0 0.044464049278758466
1121.0 0.04570331075228751
1122.0 0.04694257222581655
1123.0 0.04695082316175103
1124.0 0.046959074097685516
1125.0 0.04770902160089463
1126.0 0.048458974924869835
1127.0 0.053398741874843836
1128.0 0.05833850591443479
1129.0 0.0587132410146296
1130.0 0.059087976114824414
1131.0 0.06054122350178659
1132.0 0.061994465067982674
1133.0 0.06530201062560081
1134.0 0.06860955618321896
1135.0 0.06917790742591023
1136.0 0.06974625866860151
1137.0 0.07738660206086934
1138.0 0.08502696291543543
1139.0 0.08756750030443072
1140.0 0.0901080435141921
1141.0 0.10146776912733912
1142.0 0.11282748309895396
1143.0 0.1369683537632227
1144.0 0.16110920114442706
1145.0 0.3056179266422987
1146.0 0.4501267336308956
1147.0 0.9492416866123676
1148.0 1.4483566395938396
1149.0 1.6324261203408241
1150.0 1.8164968118071556
