lsstCam/transmission_filter_detector/r22_s10/z_20/19700101T000000.ecsv
# %ECSV 1.0
# ---
# datatype:
# - {name: wavelength, unit: nm, datatype: float32}
# - {name: efficiency, unit: '%', datatype: float64}
# meta: !!omap
# - {MODE: DETECTOR}
# - {TYPE: transmission_filter_detector}
# - {CALIBDATE: '1970-01-01T00:00:00'}
# - {INSTRUME: LSSTCam}
# - {OBSTYPE: transmission_filter_detector}
# - {CALIBCLS: lsst.ip.isr.IntermediateFilterDetectorTransmissionCurve}
# - {SOURCE: Materion (DM-46256)}
# - {DETECTOR: 93}
# - {FILTER: z_20}
# - {CALIB_ID: 'calibDate=1970-01-01T00:00:00 filter=z_20 detector=93'}
# - {DATE: '2025-04-02T15:59:49.069956'}
# - {CALIB_CREATION_DATE: '2025-04-02'}
# - {CALIB_CREATION_TIME: '15:59:49'}
# - __serialized_columns__:
#     efficiency:
#       __class__: astropy.units.quantity.Quantity
#       unit: !astropy.units.Unit {unit: '%'}
#       value: !astropy.table.SerializedColumn {name: efficiency}
#     wavelength:
#       __class__: astropy.units.quantity.Quantity
#       unit: !astropy.units.Unit {unit: nm}
#       value: !astropy.table.SerializedColumn {name: wavelength}
# schema: astropy-2.0
wavelength efficiency
300.0 0.6137621589004993
301.0 0.45647784136235714
302.0 0.2991936169564724
303.0 0.26698289439082146
304.0 0.23477214854210615
305.0 0.2048778347671032
306.0 0.17498349770903587
307.0 0.15722677344456315
308.0 0.1394700608216226
309.0 0.13541318476200104
310.0 0.13135632034391165
311.0 0.12176793534308672
312.0 0.11217956198379397
313.0 0.10570061858743429
314.0 0.09922167519107461
315.0 0.08818425121717155
316.0 0.07714680978097022
317.0 0.07153520127758384
318.0 0.06592360441572964
319.0 0.06967320223338902
320.0 0.0734228000510484
321.0 0.06767462473362684
322.0 0.06192644941620529
323.0 0.057789962738752365
324.0 0.05365347606129944
325.0 0.0477494701044634
326.0 0.041845464147627354
327.0 0.04154713824391365
328.0 0.04124881525058299
329.0 0.03830580390058458
330.0 0.035362798371352255
331.0 0.031190115259960294
332.0 0.027017437969334424
333.0 0.025826168712228537
334.0 0.02463489945512265
335.0 0.024062111333478242
336.0 0.023489321756642312
337.0 0.023919194063637406
338.0 0.02434906200505793
339.0 0.022580070071853697
340.0 0.020811079593840986
341.0 0.01955622574314475
342.0 0.018301373347640038
343.0 0.0162377895321697
344.0 0.014174207171890885
345.0 0.014131522038951516
346.0 0.014088835450820625
347.0 0.012922065798193216
348.0 0.011755296145565808
349.0 0.013138064241502434
350.0 0.014520833792630583
351.0 0.013600289821624756
352.0 0.012679744395427406
353.0 0.013271433999761939
354.0 0.01386312214890495
355.0 0.011644484038697556
356.0 0.009425845928490162
357.0 0.00995032605715096
358.0 0.01047480691340752
359.0 0.010207916056970134
360.0 0.009941026655724272
361.0 0.0092504225904122
362.0 0.008559820707887411
363.0 0.008633865945739672
364.0 0.008707911183591932
365.0 0.008995387906907126
366.0 0.009282866085413843
367.0 0.009078902803594247
368.0 0.008874941704561934
369.0 0.008937958045862615
370.0 0.009000974387163296
371.0 0.008122468716464937
372.0 0.007243962318170816
373.0 0.006577393651241437
374.0 0.0059108249843120575
375.0 0.006160661723697558
376.0 0.006410497735487297
377.0 0.006706446583848447
378.0 0.007002394704613835
379.0 0.0060922608099645
380.0 0.005182126551517285
381.0 0.004288179115974344
382.0 0.0033942316804314032
383.0 0.004290141077945009
384.0 0.0051860504754586145
385.0 0.0047967951104510576
386.0 0.004407540109241381
387.0 0.005214495467953384
388.0 0.006021451554261148
389.0 0.005325618258211762
390.0 0.004629785689758137
391.0 0.004403937782626599
392.0 0.004178090239292942
393.0 0.0046805151214357466
394.0 0.005182940003578551
395.0 0.004475552123039961
396.0 0.00376816387870349
397.0 0.0038617719837930053
398.0 0.00395537972508464
399.0 0.003922827818314545
400.0 0.0038902762753423303
401.0 0.004570433884509839
402.0 0.005250591129879467
403.0 0.004975176489097066
404.0 0.004699761848314665
405.0 0.004523045208770782
406.0 0.004346328569226898
407.0 0.0031597559427609667
408.0 0.001973183680092916
409.0 0.0029465923944371752
410.0 0.003920001472579315
411.0 0.004228595207678154
412.0 0.004537188578979112
413.0 0.004248273762641475
414.0 0.003959358582505956
415.0 0.0034023807529592887
416.0 0.002845402923412621
417.0 0.0034197084460174665
418.0 0.003994013968622312
419.0 0.00346538181474898
420.0 0.0029367496608756483
421.0 0.003571509660105221
422.0 0.004206270386930555
423.0 0.004066917244927026
424.0 0.0039275641029234976
425.0 0.0028908531021443196
426.0 0.001854142283264082
427.0 0.002447223596391268
428.0 0.0030403049095184542
429.0 0.002587503695394844
430.0 0.002134702845069114
431.0 0.0014274816749093588
432.0 0.0007202604592748685
433.0 0.0010510989341128152
434.0 0.0013819373634760268
435.0 0.0016369909644708969
436.0 0.001892044565465767
437.0 0.0018133081539417617
438.0 0.0017345719243166968
439.0 0.002252055492135696
440.0 0.0027695392418536358
441.0 0.002229915844509378
442.0 0.0016902924471651204
443.0 0.0023398257326334715
444.0 0.0029893588362028822
445.0 0.0030994000553619117
446.0 0.003209441638318822
447.0 0.0024029466658248566
448.0 0.0015964518752298318
449.0 0.002263015994685702
450.0 0.0029295806598383933
451.0 0.0024658906113472767
452.0 0.00200220056285616
453.0 0.0018736818674369715
454.0 0.001745163172017783
455.0 0.0023296433937503025
456.0 0.0029141239792807028
457.0 0.002151775697711855
458.0 0.0013894275070924778
459.0 0.001345170403510565
460.0 0.0013009132999286521
461.0 0.0011835163604700938
462.0 0.001066119239112595
463.0 0.0016178886653506197
464.0 0.002169658000639174
465.0 0.002018664417846594
466.0 0.0018676710169529542
467.0 0.0018266227925778367
468.0 0.0017855743863037787
469.0 0.001545704981253948
470.0 0.0013058360309514683
471.0 0.00137057622850989
472.0 0.0014353165170177817
473.0 0.0014275616194936447
474.0 0.001419806449121097
475.0 0.0012009715646854602
476.0 0.0009821366802498233
477.0 0.001132832585426513
478.0 0.0012835282177547924
479.0 0.001770515154930763
480.0 0.002257502274005674
481.0 0.0016010157196433283
482.0 0.000944529256230453
483.0 0.0008096269993984606
484.0 0.0006747248789906735
485.0 0.0008371386684302706
486.0 0.0009995524123951327
487.0 0.0011676655049086548
488.0 0.001335778597422177
489.0 0.0017966754967346787
490.0 0.0022575723050977103
491.0 0.002188072721764911
492.0 0.002118573320331052
493.0 0.002160456460842397
494.0 0.0022023397832526825
495.0 0.001674766099313274
496.0 0.001147192142525455
497.0 0.001181209063361166
498.0 0.001215225984196877
499.0 0.001186960162158357
500.0 0.001158694431069307
501.0 0.0009192478501063306
502.0 0.0006798013146180892
503.0 0.0011469593118818011
504.0 0.001614117354620248
505.0 0.00198537436517654
506.0 0.0023566313757328317
507.0 0.0021019419364165515
508.0 0.0018472521333023906
509.0 0.0016633519408060238
510.0 0.001479451748309657
511.0 0.001276734474231489
512.0 0.0010740170182543807
513.0 0.0014282942174759228
514.0 0.0017825715985964052
515.0 0.0012437663826858625
516.0 0.0007049614850984653
517.0 0.0011065101716667414
518.0 0.0015080588127602823
519.0 0.0013639629287354182
520.0 0.0012198668628116138
521.0 0.001665110539761372
522.0 0.0021103543986100703
523.0 0.0014934910723241046
524.0 0.0008766275641391985
525.0 0.0007111565992090618
526.0 0.0005456856342789251
527.0 0.0008534233529644553
528.0 0.001161161344498396
529.0 0.0011060974429710768
530.0 0.0010510333595448174
531.0 0.0012474443792598322
532.0 0.0014438554899243172
533.0 0.0008791212167125195
534.0 0.000314387034450192
535.0 0.0009230969226337038
536.0 0.0015318066289182752
537.0 0.0016056059394031763
538.0 0.0016794052498880774
539.0 0.0013528670024243183
540.0 0.0010263284821121488
541.0 0.0010865995136555284
542.0 0.0011468706361483783
543.0 0.0012307509678066708
544.0 0.0013146312085154932
545.0 0.0009835880518949125
546.0 0.0006525450771732721
547.0 0.0011911995898117311
548.0 0.0017298538296017796
549.0 0.001567272556712851
550.0 0.001404691101924982
551.0 0.0016183708794414997
552.0 0.0018320506569580175
553.0 0.001746627276588697
554.0 0.0016612037143204361
555.0 0.0012037664419040084
556.0 0.0007463288966391701
557.0 0.0011849521797557827
558.0 0.0016235753719229251
559.0 0.0015347763110185042
560.0 0.0014459767953667324
561.0 0.001359642919851467
562.0 0.0012733088624372613
563.0 0.001047682872012956
564.0 0.0008220567906391807
565.0 0.0014764639672648627
566.0 0.0021308711438905448
567.0 0.0024947055862867273
568.0 0.0028585398467839696
569.0 0.002536590545787476
570.0 0.002214641608588863
571.0 0.002166693957406096
572.0 0.0021187459424254484
573.0 0.0017636915799812414
574.0 0.0014086372175370343
575.0 0.0018960086890729144
576.0 0.0023833801606087945
577.0 0.0021297732018865645
578.0 0.0018761669707600959
579.0 0.0017963826394407079
580.0 0.0017165981262223795
581.0 0.001615432665857952
582.0 0.0015142667507461738
583.0 0.0020234108887962066
584.0 0.002532554753997829
585.0 0.0025508099497528747
586.0 0.00256906478171004
587.0 0.0021650381313520484
588.0 0.001761011480994057
589.0 0.00200774593395181
590.0 0.002254480750707444
591.0 0.0017064949133782648
592.0 0.0011585091669985559
593.0 0.0010031248166342266
594.0 0.0008477404662698973
595.0 0.0011783564332290553
596.0 0.0015089725820871536
597.0 0.0011934860594919883
598.0 0.0008779997187957633
599.0 0.0008668956070323475
600.0 0.0008557917681173421
601.0 0.0007240582817757968
602.0 0.0005923246590100462
603.0 0.0010304880561307073
604.0 0.001468651225877693
605.0 0.0012049023098370526
606.0 0.0009411533028469421
607.0 0.0009037573363457341
608.0 0.0008663614607939962
609.0 0.0010617861335049383
610.0 0.00125721053336747
611.0 0.0008790188076090999
612.0 0.0005008269909012597
613.0 0.00043832305891555734
614.0 0.0003758189222935471
615.0 0.0007534756605309667
616.0 0.0011311322850815486
617.0 0.0016833308109198697
618.0 0.0022355292458087206
619.0 0.0019482469724607654
620.0 0.0016609643353149295
621.0 0.0017843814930529334
622.0 0.0019077984688919969
623.0 0.0017096828742069192
624.0 0.0015115671885723714
625.0 0.0015567964510410093
626.0 0.0016020258044591174
627.0 0.0018501750673749484
628.0 0.0020983248759876005
629.0 0.0021236604879959486
630.0 0.0021489964638021775
631.0 0.0022035945221432485
632.0 0.0022581922166864388
633.0 0.0023824224626878276
634.0 0.002506652890588157
635.0 0.0054138119594426826
636.0 0.008320971392095089
637.0 0.015499199798796326
638.0 0.022677428205497563
639.0 0.020215983386151493
640.0 0.017754540021996945
641.0 0.015188952966127545
642.0 0.012623370275832713
643.0 0.009821339335758239
644.0 0.007019308395683765
645.0 0.0066414111643098295
646.0 0.006263514660531655
647.0 0.006020982254995033
648.0 0.005778449485660531
649.0 0.0044165863073430955
650.0 0.003054723856621422
651.0 0.003429243588470854
652.0 0.0038037636841181666
653.0 0.003084372656303458
654.0 0.0023649816284887493
655.0 0.00249542517849477
656.0 0.002625868728500791
657.0 0.0027039070118917152
658.0 0.002781944931484759
659.0 0.0025244882635888644
660.0 0.00226703159569297
661.0 0.0022899483155924827
662.0 0.002312864671694115
663.0 0.0019651377442642115
664.0 0.001617411180632189
665.0 0.0018207008906756528
666.0 0.002023990236921236
667.0 0.002349489113839809
668.0 0.0026749878088594414
669.0 0.0019666424122988246
670.0 0.0012582970157382078
671.0 0.001086465454136487
672.0 0.0009146338925347663
673.0 0.0013344559192773886
674.0 0.0017542779460200109
675.0 0.001711809090920724
676.0 0.0016693400539224967
677.0 0.0018435035599395633
678.0 0.00201766706595663
679.0 0.001568489460623823
680.0 0.0011193118552910164
681.0 0.001241991230926942
682.0 0.0013646704246639274
683.0 0.0023557515305583365
684.0 0.0033468331821495667
685.0 0.002874081110348925
686.0 0.0024013295842451043
687.0 0.0018167185771744698
688.0 0.0012321072972554248
689.0 0.0015131529835343827
690.0 0.0017941985788638704
691.0 0.002121232137142215
692.0 0.002448265513521619
693.0 0.002906874578911811
694.0 0.003365483644302003
695.0 0.00315001598210074
696.0 0.0029345479561015964
697.0 0.003224508691346273
698.0 0.0035144694265909493
699.0 0.005052471897215582
700.0 0.006590473640244454
701.0 0.0069198991695884615
702.0 0.007249323243740946
703.0 0.0063694053096696734
704.0 0.005489486284204759
705.0 0.004895683014183305
706.0 0.004301880107959732
707.0 0.003867359191644937
708.0 0.0034328375477343798
709.0 0.00393264381273184
710.0 0.0044324500777293
711.0 0.004164980055065826
712.0 0.003897510759998113
713.0 0.003146943708998151
714.0 0.0023963762942003086
715.0 0.0023638156562810764
716.0 0.0023312548364629038
717.0 0.0022056296074879356
718.0 0.0020800040147150867
719.0 0.0016318581401719712
720.0 0.0011837119927804451
721.0 0.001031075316859642
722.0 0.0008784385499893688
723.0 0.0009057789611688349
724.0 0.0009331193723483011
725.0 0.001301832980971085
726.0 0.001670546771492809
727.0 0.001546709427202586
728.0 0.0014228718100639526
729.0 0.0014169552741805092
730.0 0.0014110387382970657
731.0 0.0014322193237603642
732.0 0.0014533999092236627
733.0 0.001598848211870063
734.0 0.0017442966054659337
735.0 0.0013491995559888892
736.0 0.0009541022336634342
737.0 0.0010760250916064251
738.0 0.0011979475857515354
739.0 0.0014537254173774272
740.0 0.0017095029761549085
741.0 0.0014604353054892272
742.0 0.0012113676348235458
743.0 0.0016720710846129805
744.0 0.002132774352503475
745.0 0.0016940937712206505
746.0 0.001255413098988356
747.0 0.0014338784239953384
748.0 0.0016123438399517909
749.0 0.00230815294344211
750.0 0.0030039618650334887
751.0 0.003138310057693161
752.0 0.0032726584322517738
753.0 0.003086701690335758
754.0 0.0029007444027229212
755.0 0.0021300405933288857
756.0 0.00135933669298538
757.0 0.002096842581522651
758.0 0.002834348379110452
759.0 0.002919160579040181
760.0 0.0030039725970709696
761.0 0.004380472091725096
762.0 0.0057569701311877
763.0 0.005515728116733953
764.0 0.005274484647088684
765.0 0.0053075880714459345
766.0 0.005340692587196827
767.0 0.004602198168868199
768.0 0.0038637041143374518
769.0 0.0039068141632014886
770.0 0.0039499253034591675
771.0 0.0041491624870104715
772.0 0.004348400034359656
773.0 0.003855666727758944
774.0 0.003362933057360351
775.0 0.0416271883295849
776.0 1.5867222900173283e-10
777.0 0.035992718767374754
778.0 0.11446726275607944
779.0 0.028811441734433174
780.0 0.12253362219780684
781.0 1.5867222900173283e-10
782.0 0.03592509019654244
783.0 0.17012094613164663
784.0 0.0727443431969732
785.0 0.07441544439643621
786.0 0.03474050899967551
787.0 0.02699359320104122
788.0 0.015628410619683564
789.0 0.08082551648840308
790.0 1.5867222900173283e-10
791.0 0.03376771055627614
792.0 0.16756479162722826
793.0 0.09560164180584252
794.0 0.040004056063480675
795.0 0.07363755139522254
796.0 0.007721159636275843
797.0 0.06518607842735946
798.0 0.1275079557672143
799.0 0.10100289946421981
800.0 0.12262766249477863
801.0 0.16791553935036063
802.0 0.32124752178788185
803.0 0.5128882359713316
804.0 0.8304866030812263
805.0 1.339255552738905
806.0 2.2339029237627983
807.0 3.4003622829914093
808.0 4.932111874222755
809.0 6.964074820280075
810.0 9.33459922671318
811.0 12.19593659043312
812.0 15.51024615764618
813.0 18.65857094526291
814.0 21.109645068645477
815.0 24.241866171360016
816.0 27.80607044696808
817.0 32.52520561218262
818.0 37.735360860824585
819.0 42.66367256641388
820.0 49.565768241882324
821.0 56.688642501831055
822.0 63.54139447212219
823.0 70.23528814315796
824.0 76.83809399604797
825.0 82.38222002983093
826.0 86.92024946212769
827.0 91.31364822387695
828.0 95.1768696308136
829.0 97.33437895774841
830.0 97.90576696395874
831.0 98.99097084999084
832.0 98.68098497390747
833.0 99.79581236839294
834.0 98.72593879699707
835.0 99.50452446937561
836.0 99.41505193710327
837.0 99.60547685623169
838.0 98.4344482421875
839.0 98.68088364601135
840.0 99.22302961349487
841.0 100.20298957824707
842.0 99.70924854278564
843.0 99.74341988563538
844.0 98.67159128189087
845.0 98.99739027023315
846.0 99.06849265098572
847.0 99.2685317993164
848.0 100.13880729675293
849.0 98.93810749053955
850.0 98.40783476829529
851.0 99.20415878295898
852.0 99.57858920097351
853.0 99.08630847930908
854.0 99.88199472427368
855.0 98.88769388198853
856.0 99.09183979034424
857.0 98.40928912162781
858.0 98.60340356826782
859.0 99.35277700424194
860.0 98.70483875274658
861.0 99.05845522880554
862.0 98.84182214736938
863.0 98.64915609359741
864.0 99.41259622573853
865.0 99.93641972541809
866.0 99.06343817710876
867.0 99.47102069854736
868.0 99.8927891254425
869.0 98.87861013412476
870.0 98.66747260093689
871.0 99.1853415966034
872.0 99.49734807014465
873.0 99.4791030883789
874.0 99.86111521720886
875.0 99.55146908760071
876.0 99.4158685207367
877.0 99.77133274078369
878.0 99.31955337524414
879.0 99.2230772972107
880.0 98.7933099269867
881.0 100.07070302963257
882.0 99.11437034606934
883.0 99.33274388313293
884.0 99.65152144432068
885.0 99.42259192466736
886.0 99.19366836547852
887.0 98.80144000053406
888.0 99.60090517997742
889.0 99.90102648735046
890.0 98.8592267036438
891.0 99.42982196807861
892.0 99.09201264381409
893.0 99.16945099830627
894.0 98.51740598678589
895.0 99.67525601387024
896.0 99.22075271606445
