latiss/transmission_filter/rxx_s00/sdssy_65mm~empty/20221005T000000.ecsv
# %ECSV 0.9
# ---
# datatype:
# - {name: wavelength, unit: nm, datatype: float32}
# - {name: throughput, unit: -, datatype: float32}
# meta: !!omap
# - {MODE: DETECTOR}
# - {TYPE: transmission_curve}
# - {CALIBDATE: '2022-10-05T00:00:00'}
# - {INSTRUME: LATISS}
# - {OBSTYPE: transmission_filter}
# - {DETECTOR: 0}
# - {SOURCE: LSST_SDSS_Filters.xlsx}
# - {FILTER: SDSSy_65mm~empty}
# - {CALIB_ID: 'raftName=RXX detectorName=RXX_S00 detector=0 calibDate=2022-10-05T00:00:00 ccd=0 ccdnum=0 filter=SDSSy_65mm~empty'}
# - {DATE: '2022-10-21T17:17:58.984473'}
# - {CALIB_CREATION_DATE: '2022-10-21'}
# - {CALIB_CREATION_TIME: '17:17:58'}
# - __serialized_columns__:
#     throughput:
#       __class__: astropy.units.quantity.Quantity
#       unit: !astropy.units.Unit {unit: -}
#       value: !astropy.table.SerializedColumn {name: throughput}
#     wavelength:
#       __class__: astropy.units.quantity.Quantity
#       unit: !astropy.units.Unit {unit: nm}
#       value: !astropy.table.SerializedColumn {name: wavelength}
# schema: astropy-2.0
wavelength throughput
920 5.00E-04
921 3.00E-04
922 7.00E-04
923 4.50E-04
924 5.50E-04
925 7.50E-04
926 1.15E-03
927 1.45E-03
928 2.05E-03
929 2.85E-03
930 2.95E-03
931 4.35E-03
932 5.95E-03
933 7.90E-03
934 0.0105
935 0.0146
936 0.0192
937 0.0265
938 0.0353
939 0.04795
940 0.06495
941 0.0884
942 0.1212
943 0.16705
944 0.22995
945 0.31325
946 0.41695
947 0.5327
948 0.6464
949 0.74805
950 0.8267
951 0.8826
952 0.91675
953 0.93645
954 0.94825
955 0.9571
956 0.9622
957 0.96655
958 0.97015
959 0.9729
960 0.9747
961 0.9752
962 0.9741
963 0.97185
964 0.9704
965 0.96685
966 0.96355
967 0.959449999999999
968 0.95655
969 0.9542
970 0.9511
971 0.9481
972 0.94575
973 0.94365
974 0.9411
975 0.939
976 0.9383
977 0.93855
978 0.938
979 0.9393
980 0.9409
981 0.94395
982 0.94585
983 0.94975
984 0.9535
985 0.9587
986 0.96295
987 0.96915
988 0.97255
989 0.976
990 0.979599999999999
991 0.97985
992 0.98105
993 0.9803
994 0.97995
995 0.9778
996 0.97505
997 0.97195
998 0.96845
999 0.9647
1000 0.96025
1001 0.95595
1002 0.95305
1003 0.9498
1004 0.94785
1005 0.9469
1006 0.9457
1007 0.94465
1008 0.9448
1009 0.94465
1010 0.94675
1011 0.94735
1012 0.94905
1013 0.94985
1014 0.9515
1015 0.95285
1016 0.9534
1017 0.9546
1018 0.9547
1019 0.9561
1020 0.95645
1021 0.9566
1022 0.9565
1023 0.9563
1024 0.9554
1025 0.9535
1026 0.9523
1027 0.95285
1028 0.95185
1029 0.951
1030 0.94975
1031 0.9503
1032 0.94935
1033 0.94965
1034 0.9506
1035 0.9521
1036 0.9542
1037 0.9571
1038 0.96085
1039 0.9643
1040 0.9684
1041 0.9723
1042 0.97565
1043 0.9791
1044 0.9824
1045 0.98445
1046 0.98535
1047 0.9834
1048 0.9826
1049 0.9773
1050 0.96875
1051 0.9566
1052 0.938
1053 0.9099
1054 0.86585
1055 0.8054
1056 0.7264
1057 0.63085
1058 0.526649999999999
1059 0.42345
1060 0.3287
1061 0.25035
1062 0.1872
1063 0.13805
1064 0.10195
1065 0.07505
1066 0.05585
1067 0.04155
1068 0.0311
1069 0.0234
1070 0.0174
1071 0.0127
1072 0.01025
1073 7.75E-03
1074 6.15E-03
1075 4.95E-03
1076 3.90E-03
1077 3.00E-03
1078 2.45E-03
1079 1.80E-03
1080 8.00E-04
1081 1.60E-03
1082 1.35E-03
1083 1.15E-03
1084 3.50E-04
1085 1.10E-03
1086 7.50E-04
1087 5.50E-04
1088 5.00E-05
1089 7.50E-04
1090 4.50E-04
1091 1.00E-04
1092 5.50E-04
1093 4.00E-04
1094 -2.00E-04
1095 6.50E-04
1096 4.50E-04
1097 2.00E-04
1098 -2.00E-04
1099 6.50E-04
1100 3.00E-03
