lsstCam/transmission_filter_detector/r11_s12/y_10/19700101T000000.ecsv
# %ECSV 1.0
# ---
# datatype:
# - {name: wavelength, unit: nm, datatype: float32}
# - {name: efficiency, unit: '%', datatype: float64}
# meta: !!omap
# - {MODE: DETECTOR}
# - {TYPE: transmission_filter_detector}
# - {CALIBDATE: '1970-01-01T00:00:00'}
# - {INSTRUME: LSSTCam}
# - {OBSTYPE: transmission_filter_detector}
# - {CALIBCLS: lsst.ip.isr.IntermediateFilterDetectorTransmissionCurve}
# - {SOURCE: Materion (DM-46256)}
# - {DETECTOR: 41}
# - {FILTER: y_10}
# - {CALIB_ID: 'calibDate=1970-01-01T00:00:00 filter=y_10 detector=41'}
# - {DATE: '2025-04-02T15:59:50.932083'}
# - {CALIB_CREATION_DATE: '2025-04-02'}
# - {CALIB_CREATION_TIME: '15:59:50'}
# - __serialized_columns__:
#     efficiency:
#       __class__: astropy.units.quantity.Quantity
#       unit: !astropy.units.Unit {unit: '%'}
#       value: !astropy.table.SerializedColumn {name: efficiency}
#     wavelength:
#       __class__: astropy.units.quantity.Quantity
#       unit: !astropy.units.Unit {unit: nm}
#       value: !astropy.table.SerializedColumn {name: wavelength}
# schema: astropy-2.0
wavelength efficiency
[from data line 579]
879.0 0.001783813422662206
880.0 0.07590374443680048
881.0 0.08490679902024567
882.0 0.07439459441229701
883.0 0.10658330284059048
884.0 0.07052102009765804
885.0 0.09292309987358749
886.0 0.06847390322946012
887.0 0.10660693515092134
888.0 0.08007199503481388
889.0 0.10321695590391755
890.0 0.07126578711904585
891.0 0.09656824404373765
892.0 0.0714450201485306
893.0 0.1033014734275639
894.0 0.08884074632078409
895.0 0.11886003194376826
896.0 0.08125831955112517
897.0 0.1333699095994234
898.0 0.10282278526574373
899.0 0.12828520266339183
900.0 0.11520683765411377
901.0 0.15546169597655535
902.0 0.16843131743371487
903.0 0.18731444142758846
904.0 0.21885468158870935
905.0 0.26677530258893967
906.0 0.34801759757101536
907.0 0.4575709346681833
908.0 0.6264819763600826
909.0 0.8499627932906151
910.0 1.2202920392155647
911.0 1.7524179071187973
912.0 2.5489594787359238
913.0 3.7636030465364456
914.0 5.150434747338295
915.0 7.131749391555786
916.0 9.471926838159561
917.0 11.986356973648071
918.0 14.789164066314697
919.0 17.450158298015594
920.0 20.994940400123596
921.0 24.7556671500206
922.0 28.5732239484787
923.0 33.14160108566284
924.0 38.07058334350586
925.0 43.50355565547943
926.0 49.91772472858429
927.0 56.76233768463135
928.0 62.68966197967529
929.0 69.05038952827454
930.0 74.53583478927612
931.0 79.845529794693
932.0 84.642094373703
933.0 88.64534497261047
934.0 91.48581027984619
935.0 93.4818685054779
936.0 94.92210745811462
937.0 95.96256017684937
938.0 96.58766388893127
939.0 96.88966870307922
940.0 97.18172550201416
941.0 97.26750254631042
942.0 97.45535850524902
943.0 97.51678705215454
944.0 97.75068759918213
945.0 97.68590331077576
946.0 97.79418110847473
947.0 97.72830009460449
948.0 97.8381872177124
949.0 97.72388339042664
950.0 97.88677096366882
951.0 97.94684648513794
952.0 98.0198323726654
953.0 98.22889566421509
954.0 98.33142161369324
955.0 98.3828604221344
956.0 98.57680201530457
957.0 98.71613383293152
958.0 98.85584712028503
959.0 98.91912937164307
960.0 98.97003173828125
961.0 99.02522563934326
962.0 99.07882809638977
963.0 99.08016920089722
964.0 99.09576773643494
965.0 99.11258220672607
966.0 99.16579127311707
967.0 99.23585653305054
968.0 99.25559163093567
969.0 99.22191500663757
970.0 99.28752183914185
971.0 99.31371212005615
972.0 99.3800163269043
973.0 99.46621060371399
974.0 99.44877028465271
975.0 99.45093989372253
976.0 99.49289560317993
977.0 99.45281744003296
978.0 99.48770403862
979.0 99.40281510353088
980.0 99.40100908279419
981.0 99.27698373794556
982.0 99.24163818359375
983.0 99.26504492759705
984.0 99.20884370803833
985.0 99.24572110176086
986.0 99.12501573562622
987.0 99.18287992477417
988.0 99.0882933139801
989.0 99.09283518791199
990.0 99.08961653709412
991.0 99.14838075637817
992.0 99.20889735221863
993.0 99.15793538093567
994.0 99.13524389266968
995.0 99.17542934417725
996.0 99.16310906410217
997.0 99.29975867271423
998.0 99.3560791015625
999.0 99.38172698020935
1000.0 99.40385818481445
1001.0 99.3622362613678
1002.0 99.48062896728516
1003.0 99.46969151496887
1004.0 99.51907396316528
1005.0 99.43101406097412
1006.0 99.56928491592407
1007.0 99.52319264411926
1008.0 99.49408769607544
1009.0 99.42860007286072
1010.0 99.4974136352539
1011.0 99.44508671760559
1012.0 99.36179518699646
1013.0 99.37537908554077
1014.0 99.35470223426819
1015.0 99.34415817260742
1016.0 99.34161901473999
1017.0 99.36725497245789
1018.0 99.40838813781738
1019.0 99.32518005371094
1020.0 99.41450357437134
1021.0 99.51920509338379
1022.0 99.46478009223938
1023.0 99.48373436927795
1024.0 99.44960474967957
1025.0 99.4586169719696
1026.0 99.5346188545227
1027.0 99.62582588195801
1028.0 99.51274991035461
1029.0 99.66058731079102
1030.0 99.69683289527893
1031.0 99.61245059967041
1032.0 99.65047836303711
1033.0 99.58751797676086
1034.0 99.60946440696716
1035.0 99.67941045761108
1036.0 99.59085583686829
1037.0 99.6229350566864
1038.0 99.56478476524353
1039.0 99.4967520236969
1040.0 99.46017861366272
1041.0 99.5012640953064
1042.0 99.48199391365051
1043.0 99.38575625419617
1044.0 99.47261810302734
1045.0 99.19467568397522
1046.0 99.44172501564026
1047.0 99.2802381515503
1048.0 99.36938285827637
1049.0 99.30112361907959
1050.0 99.37323927879333
1051.0 99.27945137023926
1052.0 99.2881715297699
1053.0 99.2041826248169
1054.0 99.42781925201416
1055.0 99.44272637367249
1056.0 99.31986331939697
1057.0 99.4459867477417
1058.0 99.30559992790222
1059.0 99.38369989395142
1060.0 99.38241243362427
1061.0 99.3531584739685
1062.0 99.337637424469
1063.0 99.2885410785675
1064.0 99.36599731445312
1065.0 99.31139349937439
1066.0 99.282705783844
1067.0 99.39380288124084
1068.0 99.29925799369812
1069.0 99.17798042297363
1070.0 99.48398470878601
1071.0 99.2586612701416
1072.0 99.41762089729309
1073.0 99.51828122138977
1074.0 99.16408658027649
1075.0 99.09778237342834
1076.0 98.90353679656982
1077.0 99.35425519943237
1078.0 99.53421950340271
1079.0 99.07857775688171
1080.0 99.81231093406677
1081.0 98.97539615631104
1082.0 99.0842342376709
1083.0 98.97493124008179
1084.0 99.40953850746155
1085.0 99.27279353141785
1086.0 99.18134808540344
1087.0 99.2501974105835
1088.0 98.86954426765442
1089.0 98.9479124546051
1090.0 99.0308165550232
1091.0 99.0799605846405
1092.0 98.87616634368896
1093.0 98.92434477806091
1094.0 98.4760046005249
1095.0 98.72623682022095
1096.0 98.88084530830383
1097.0 98.69754314422607
1098.0 98.14133644104004
1099.0 98.6914873123169
1100.0 98.42467308044434
