lsstCam/transmission_filter_detector/r11_s12/y_10/19700101T000000.ecsv
# %ECSV 1.0
# ---
# datatype:
# - {name: wavelength, unit: nm, datatype: float32}
# - {name: efficiency, unit: '%', datatype: float64}
# meta: !!omap
# - {MODE: DETECTOR}
# - {TYPE: transmission_filter_detector}
# - {CALIBDATE: '1970-01-01T00:00:00'}
# - {INSTRUME: LSSTCam}
# - {OBSTYPE: transmission_filter_detector}
# - {CALIBCLS: lsst.ip.isr.IntermediateFilterDetectorTransmissionCurve}
# - {SOURCE: Materion (DM-46256)}
# - {DETECTOR: 41}
# - {FILTER: y_10}
# - {CALIB_ID: 'calibDate=1970-01-01T00:00:00 filter=y_10 detector=41'}
# - {DATE: '2025-04-02T15:59:50.932083'}
# - {CALIB_CREATION_DATE: '2025-04-02'}
# - {CALIB_CREATION_TIME: '15:59:50'}
# - __serialized_columns__:
#     efficiency:
#       __class__: astropy.units.quantity.Quantity
#       unit: !astropy.units.Unit {unit: '%'}
#       value: !astropy.table.SerializedColumn {name: efficiency}
#     wavelength:
#       __class__: astropy.units.quantity.Quantity
#       unit: !astropy.units.Unit {unit: nm}
#       value: !astropy.table.SerializedColumn {name: wavelength}
# schema: astropy-2.0
wavelength efficiency
300.0 0.5356826353818178
301.0 0.2876229351386428
302.0 0.039563217433169484
303.0 0.0343191932188347
304.0 0.02907517773564905
305.0 0.01936552143888548
306.0 0.009655863686930388
307.0 0.017803745868150145
308.0 0.02595162659417838
309.0 0.017653373652137816
310.0 0.009355117799714208
311.0 0.008461520337732509
312.0 0.007567921420559287
313.0 0.0076039643317926675
314.0 0.0076400065154302865
315.0 0.006751593900844455
316.0 0.005863184560439549
317.0 0.005608182982541621
318.0 0.005353177766664885
319.0 0.0025712008209666237
320.0 1.589976739678478e-10
321.0 0.0018790335161611438
322.0 0.003968844612245448
323.0 0.003214055686839856
324.0 0.002459266579535324
325.0 0.001241925565409474
326.0 2.4584377911196498e-05
327.0 0.0007674015250813682
328.0 0.0015102187717275228
329.0 0.0028688724341918714
330.0 0.0042275263695046306
331.0 0.0038113852497190237
332.0 0.003395244129933417
333.0 0.002773159576463513
334.0 0.002151074295397848
335.0 0.002412974754406605
336.0 0.002674875759112183
337.0 0.003049664337595459
338.0 0.003424452734179795
339.0 0.0019201392206014134
340.0 0.0004158256615482969
341.0 1.589976739678478e-10
342.0 1.589976739678478e-10
343.0 0.0003308993655082304
344.0 0.00109302300188574
345.0 0.0014699109669891186
346.0 0.0018467995687387884
347.0 0.0016719337509130128
348.0 0.0014970676602388266
349.0 0.0012375275218801107
350.0 0.0009779871106729843
351.0 0.0013367256542551331
352.0 0.001695463652140461
353.0 0.0014616160115110688
354.0 0.0012277683708816767
355.0 0.0012894432074972428
356.0 0.001351118044112809
357.0 0.0008585647265135776
358.0 0.0003660112952275085
359.0 0.0006837442924734205
360.0 0.001001477266981965
361.0 0.001301991596847074
362.0 0.0016025056538637727
363.0 0.0011652530702122021
364.0 0.0007280000772880157
365.0 0.0011574590644158889
366.0 0.0015869187336647883
367.0 0.002051586670859251
368.0 0.002516254608053714
369.0 0.0020756207959493622
370.0 0.0016349871657439508
371.0 0.0016795536794234067
372.0 0.001724119829304982
373.0 0.0020765453882631846
374.0 0.002428970765322447
375.0 0.003388401455595158
376.0 0.004347832145867869
377.0 0.004246311073075049
378.0 0.004144789636484347
379.0 0.003611688589444384
380.0 0.00307858717860654
381.0 0.002034462886513211
382.0 0.000990338230622001
383.0 0.0010321917216060683
384.0 0.001074044848792255
385.0 0.0008480222277285066
386.0 0.0006219994702405529
387.0 0.0006978097644605441
388.0 0.0007736201041552704
389.0 0.0006828063305874821
390.0 0.0005919927389186341
391.0 0.0005351676463760668
392.0 0.0004783426902577048
393.0 0.0006208666036400246
394.0 0.0007633906534465495
395.0 0.0006560800557053881
396.0 0.0005487695489136968
397.0 0.0007737018677289598
398.0 0.0009986341865442228
399.0 0.0012053825230395887
400.0 0.0014121308595349547
401.0 0.0015717760106781498
402.0 0.001731421252770815
403.0 0.001787471046554856
404.0 0.001843520840338897
405.0 0.0017507150914752856
406.0 0.001657909706409555
407.0 0.0014076611478230916
408.0 0.0011574128620850388
409.0 0.0008906429684429895
410.0 0.0006238728019525297
411.0 0.00041986736505350564
412.0 0.00021586185994237894
413.0 0.0005804547072330024
414.0 0.0009450473044125829
415.0 0.0018472110241418704
416.0 0.002749374834820628
417.0 0.0011838513273687568
418.0 1.589976739678478e-10
419.0 1.589976739678478e-10
420.0 1.589976739678478e-10
421.0 1.589976739678478e-10
422.0 0.0009151283848041203
423.0 0.000766897665016586
424.0 0.0006186667633301113
425.0 0.00011669470723063569
426.0 1.589976739678478e-10
427.0 1.8072799434776243e-05
428.0 0.00042142296479141805
429.0 0.0001695499577181181
430.0 1.589976739678478e-10
431.0 0.0005377109118853696
432.0 0.0011577450095501263
433.0 0.0010070069947687443
434.0 0.0008562696166336536
435.0 0.0002473019776516594
436.0 1.589976739678478e-10
437.0 1.589976739678478e-10
438.0 0.0002020085958065465
439.0 1.589976739678478e-10
440.0 1.589976739678478e-10
441.0 1.589976739678478e-10
442.0 1.589976739678478e-10
443.0 1.589976739678478e-10
444.0 7.506951078539714e-05
445.0 0.0002806623342621606
446.0 0.00048625511226418894
447.0 0.0006792967724322807
448.0 0.0008723382961761672
449.0 0.000978915522864554
450.0 0.0010854926586034708
451.0 0.000550470713278628
452.0 1.5448868850853614e-05
453.0 5.080473783891648e-05
454.0 8.616049740339804e-05
455.0 1.589976739678478e-10
456.0 1.589976739678478e-10
457.0 1.589976739678478e-10
458.0 1.589976739678478e-10
459.0 0.0001152362870016077
460.0 0.00025897211344272364
461.0 0.0003946283413824858
462.0 0.0005302845238475129
463.0 0.00046373397708521225
464.0 0.0003971834757976467
465.0 0.0005221607807470718
466.0 0.0006471381766459672
467.0 0.0010947043847409077
468.0 0.0015422703654621728
469.0 0.0016166348359547555
470.0 0.0016909987607505172
471.0 0.0017712725821183994
472.0 0.0018515462215873413
473.0 0.0023483666154788807
474.0 0.00284518700937042
475.0 0.0027989626687485725
476.0 0.002752738510025665
477.0 0.0032443662348669022
478.0 0.0037359939597081393
479.0 0.004222781353746541
480.0 0.004709568747784942
481.0 0.004766440542880446
482.0 0.004823312337975949
483.0 0.0041870222048601136
484.0 0.0035507317079463974
485.0 0.0037809688365086913
486.0 0.0040112056012731045
487.0 0.0034038370358757675
488.0 0.0027964679247816093
489.0 0.002440402749925852
490.0 0.002084337938867975
491.0 0.0017538928659632802
492.0 0.0014234475202101748
493.0 0.0011040304343623575
494.0 0.000784613803261891
495.0 0.0009129435966315214
496.0 0.0010412734809506219
497.0 0.0017275940990657546
498.0 0.0024139148081303574
499.0 0.002445395693939645
500.0 0.0024768765797489323
501.0 0.0026433390303282067
502.0 0.0028098016628064215
503.0 0.002865026908693835
504.0 0.0029202519726823084
505.0 0.003146596282022074
506.0 0.0033729407732607797
507.0 0.0025099385311477818
508.0 0.0016469359252369031
509.0 0.0018763266780297272
510.0 0.00210571688512573
511.0 0.0021850863049621694
512.0 0.002264455906697549
513.0 0.0019985774997621775
514.0 0.0017326994566246867
515.0 0.0014887566976540256
516.0 0.0012448138477338944
517.0 0.0012953410987393
518.0 0.001345868076896295
519.0 0.00146024694913649
520.0 0.0015746256394777447
521.0 0.0017488599041826092
522.0 0.0019230939869885333
523.0 0.001750627598084975
524.0 0.0015781612091814168
525.0 0.0021316298443707637
526.0 0.0026850993890548125
527.0 0.00248178985202685
528.0 0.0022784808606957085
529.0 0.0025004470444400795
530.0 0.00272241304628551
531.0 0.0025210509193129838
532.0 0.0023196884285425767
533.0 0.0024792165277176537
534.0 0.0026387440811959095
535.0 0.0023671269445912912
536.0 0.002095509262289852
537.0 0.0023713479095022194
538.0 0.0026471863748156466
539.0 0.0033989483199547976
540.0 0.004150709719397128
541.0 0.004123529652133584
542.0 0.00409634958487004
543.0 0.004345761408330873
544.0 0.004595173231791705
545.0 0.004852222264162265
546.0 0.005109271296532825
547.0 0.004184196950518526
548.0 0.0032591226045042276
549.0 0.002881968794099521
550.0 0.002504814801795874
551.0 0.002599811887193937
552.0 0.002694808608794119
553.0 0.003097339504165575
554.0 0.003499869490042329
555.0 0.0037898713344475254
556.0 0.004079873542650603
557.0 0.003685246701934375
558.0 0.003290619861218147
559.0 0.0031420509913004935
560.0 0.0029934824851807207
561.0 0.0032688421924831346
562.0 0.0035442015359876677
563.0 0.0034339151170570403
564.0 0.003323628698126413
565.0 0.003827705586445518
566.0 0.004331782474764623
567.0 0.0045028529711999
568.0 0.004673923103837296
569.0 0.005133787999511696
570.0 0.005593652531388216
571.0 0.005752790093538351
572.0 0.005911927655688487
573.0 0.00625736647634767
574.0 0.006602805660804734
575.0 0.00652474191156216
576.0 0.006446678889915347
577.0 0.005799730206490494
578.0 0.0051527815230656415
579.0 0.005926508674747311
580.0 0.00670023582642898
581.0 0.0073020368290599436
582.0 0.007903836376499385
583.0 0.00891896415851079
584.0 0.009934090485330671
585.0 0.010173409100389108
586.0 0.010412728443043306
587.0 0.010334213584428653
588.0 0.010255695087835193
589.0 0.010316097177565098
590.0 0.010376502177678049
591.0 0.009615025919629261
592.0 0.008853548933984712
593.0 0.007302289304789156
594.0 0.005751032222178765
595.0 0.005752710785600357
596.0 0.005754388985224068
597.0 0.006077429497963749
598.0 0.00640047001070343
599.0 0.007470934360753745
600.0 0.008541397983208299
601.0 0.009262195089831948
602.0 0.00998298783088103
603.0 0.010675900557544082
604.0 0.011368814011802897
605.0 0.011363103112671524
606.0 0.011357392941135913
607.0 0.009756607323652133
608.0 0.008155823161359876
609.0 0.0064014682720880955
610.0 0.004647114474209957
611.0 0.0038281967135844752
612.0 0.0030092787710600533
613.0 0.0035153811040800065
614.0 0.004021482527605258
615.0 0.004874258229392581
616.0 0.005727035022573546
617.0 0.00704185149515979
618.0 0.008356667240150273
619.0 0.00949158420553431
620.0 0.010626500443322584
621.0 0.011448786244727671
622.0 0.01227107277372852
623.0 0.01200804254040122
624.0 0.011745010851882398
625.0 0.010315770487068221
626.0 0.008886527211870998
627.0 0.007052231376292184
628.0 0.005217932630330324
629.0 0.004237008397467434
630.0 0.0032560845284024253
631.0 0.002814945582940709
632.0 0.0023738062736811116
633.0 0.002554130151111167
634.0 0.002734454392339103
635.0 0.0029020979127380997
636.0 0.0030697414331370965
637.0 0.003822550570475869
638.0 0.004575359344016761
639.0 0.004624258144758642
640.0 0.004673156217904761
641.0 0.005190390584175475
642.0 0.0057076249504461884
643.0 0.005640930976369418
644.0 0.005574236638494767
645.0 0.005114769737701863
646.0 0.004655302836908959
647.0 0.003671601734822616
648.0 0.002687900996534154
649.0 0.0018739256120170467
650.0 0.0010599498637020588
651.0 0.0012858630725531839
652.0 0.0015117767361516599
653.0 0.001484570384491235
654.0 0.00145736394188134
655.0 0.0015190857084235176
656.0 0.0015808076568646356
657.0 0.0015271903976099566
658.0 0.0014735732293047477
659.0 0.001704933492874261
660.0 0.0019362936654943042
661.0 0.0017674483387963846
662.0 0.0015986030120984651
663.0 0.002309370393049903
664.0 0.003020138137799222
665.0 0.0035228942579124123
666.0 0.004025650196126662
667.0 0.004784366319654509
668.0 0.005543080260395072
669.0 0.0058489378716330975
670.0 0.006154791481094435
671.0 0.006637511978624389
672.0 0.007120232476154342
673.0 0.007791466487105936
674.0 0.008462699770461768
675.0 0.007789408846292645
676.0 0.007116119377315044
677.0 0.0057019333326024935
678.0 0.004287747651687823
679.0 0.0028148555429652333
680.0 0.0013419645256362855
681.0 0.0005730493739974918
682.0 1.589976739678478e-10
683.0 0.00015078394426382147
684.0 0.0004974337571184151
685.0 0.00034254319416504586
686.0 0.0001876526425803604
687.0 0.0002467789272486698
688.0 0.00030590522328566294
689.0 0.00033969256492127897
690.0 0.000373479906556895
691.0 0.0004416664978634799
692.0 0.0005098530891700648
693.0 0.00041985977077274583
694.0 0.00032986654332489707
695.0 0.0004482799340621568
696.0 0.0005666933247994166
697.0 0.0005579528078669682
698.0 0.0005492121999850497
699.0 0.0004406335392559413
700.0 0.00033205465115315747
701.0 0.00019503256680764025
702.0 5.801053362120001e-05
703.0 0.00022931651528779184
704.0 0.00040062250263872556
705.0 0.00041252669689129107
706.0 0.0004244307092449162
707.0 0.00011915755067093414
708.0 1.589976739678478e-10
709.0 1.8213974328773475e-05
710.0 0.00022254359919315903
711.0 0.0004427698968356708
712.0 0.0006629962172155501
713.0 0.00044387002162693534
714.0 0.0002247438487756881
715.0 0.00030125829653115943
716.0 0.00037777274428663077
717.0 0.0002451515229040524
718.0 0.00011253032425884157
719.0 0.00034122024317184696
720.0 0.0005699101166101173
721.0 0.00041621042328188196
722.0 0.00026251088911521947
723.0 0.00034654362934816163
724.0 0.00043057625589426607
725.0 0.0005169307769392617
726.0 0.0006032854344084626
727.0 0.00026161310415773187
728.0 1.589976739678478e-10
729.0 0.00020190923351037782
730.0 0.00048387755668954924
731.0 0.0006469998425018275
732.0 0.0008101223102130461
733.0 0.0003367366844031494
734.0 1.589976739678478e-10
735.0 1.589976739678478e-10
736.0 1.589976739678478e-10
737.0 0.0005080279152025469
738.0 0.00113412888822495
739.0 0.000716307113179937
740.0 0.00029848497433704324
741.0 0.00016779067664174363
742.0 3.7096356209076475e-05
743.0 1.589976739678478e-10
744.0 1.589976739678478e-10
745.0 0.000329809313370788
746.0 0.0007149239991122158
747.0 0.0004936424375046045
748.0 0.0002723609213717282
749.0 0.000109047721252864
750.0 1.589976739678478e-10
751.0 1.589976739678478e-10
752.0 2.6964980293087137e-05
753.0 0.0001756749384185241
754.0 0.0003243849050704739
755.0 1.589976739678478e-10
756.0 1.589976739678478e-10
757.0 1.589976739678478e-10
758.0 1.589976739678478e-10
759.0 0.00010563445584921283
760.0 0.0006988984296185663
761.0 0.0003644288653958938
762.0 2.9959238645460573e-05
763.0 1.589976739678478e-10
764.0 1.589976739678478e-10
765.0 0.0001732550799715682
766.0 0.0004772163720190292
767.0 3.812566262695327e-05
768.0 1.589976739678478e-10
769.0 1.589976739678478e-10
770.0 1.589976739678478e-10
771.0 1.589976739678478e-10
772.0 1.589976739678478e-10
773.0 0.00022734500362275867
774.0 0.000675137061989517
775.0 0.0004298539806768531
776.0 0.00018457080841471907
777.0 0.000301537147606723
778.0 0.00041850344132399186
779.0 0.0006846667474746937
780.0 0.0009508300536253955
781.0 0.0007731267032795586
782.0 0.0005954233529337216
783.0 0.0004647054993256461
784.0 0.00033398773666704074
785.0 0.0001371146254314226
786.0 1.589976739678478e-10
787.0 0.000536749303137185
788.0 0.0011332572285027709
789.0 0.0010219106115982868
790.0 0.0009105640856432728
791.0 0.000611763289271039
792.0 0.00031296237921196735
793.0 0.0004667289431381505
794.0 0.0006204951205290854
795.0 0.0007788120456098113
796.0 0.0009371286978421267
797.0 0.00040044947127171326
798.0 1.589976739678478e-10
799.0 0.00043682621253537945
800.0 0.001009882180369459
801.0 0.0005843500275659608
802.0 0.00015881779518167605
803.0 0.00024868713808245957
804.0 0.0003385564014024567
805.0 0.000683270536683267
806.0 0.0010279846719640773
807.0 0.0006063798082323046
808.0 0.000184774944500532
809.0 1.589976739678478e-10
810.0 1.589976739678478e-10
811.0 0.00021977766664349474
812.0 0.000719157287676353
813.0 0.0009424379641131964
814.0 0.0011657186405500397
815.0 0.001090738624043297
816.0 0.0010157580618397333
817.0 0.0008823515599942766
818.0 0.000748945103623555
819.0 0.0009006407708511688
820.0 0.0010523365745029878
821.0 0.0009437142580281943
822.0 0.0008350919415534008
823.0 0.0007563169674540404
824.0 0.0006775423116778256
825.0 0.000659186162010883
826.0 0.0006408301942428807
827.0 0.0006752731223969022
828.0 0.0007097160960256588
829.0 0.0004468384759093169
830.0 0.00018396088989902637
831.0 0.00020713209778477903
832.0 0.00023030349893815583
833.0 0.0004850878212891985
834.0 0.0007398720754281385
835.0 0.00017346005733998027
836.0 1.589976739678478e-10
837.0 1.589976739678478e-10
838.0 3.2327008625543385e-06
839.0 0.00035000673506146995
840.0 0.0006967808985791635
841.0 0.0009864254934655037
842.0 0.0012760700883518439
843.0 0.0009681638402980752
844.0 0.000660257319395896
845.0 0.0006536762612086022
846.0 0.0006470950665971031
847.0 0.000856333917909069
848.0 0.00106557290564524
849.0 0.0009642333679948933
850.0 0.0008628934665466659
851.0 0.001014926419884432
852.0 0.001166959191323258
853.0 0.00045460792534868233
854.0 1.589976739678478e-10
855.0 1.589976739678478e-10
856.0 1.589976739678478e-10
857.0 0.00032239215670415433
858.0 0.0012814394722227007
859.0 0.0011884611012646928
860.0 0.0010954825484077446
861.0 0.00134045858430909
862.0 0.001585434984008316
863.0 0.0017880145605886355
864.0 0.001990594137168955
865.0 0.0020517760276561603
866.0 0.0021129579181433655
867.0 0.002813225000863895
868.0 0.0035134919016854838
869.0 0.003081545582972467
870.0 0.00264959926425945
871.0 0.0032085936254588887
872.0 0.0037675879866583273
873.0 0.0028192720492370427
874.0 0.0018709564756136388
875.0 0.0024719236535020173
876.0 0.003072890467592515
877.0 0.0021011221178923734
