lsstCam/transmission_filter_detector/r30_s11/g_6/19700101T000000.ecsv
# %ECSV 1.0
# ---
# datatype:
# - {name: wavelength, unit: nm, datatype: float32}
# - {name: efficiency, unit: '%', datatype: float64}
# meta: !!omap
# - {MODE: DETECTOR}
# - {TYPE: transmission_filter_detector}
# - {CALIBDATE: '1970-01-01T00:00:00'}
# - {INSTRUME: LSSTCam}
# - {OBSTYPE: transmission_filter_detector}
# - {CALIBCLS: lsst.ip.isr.IntermediateFilterDetectorTransmissionCurve}
# - {SOURCE: Materion (DM-46256)}
# - {DETECTOR: 121}
# - {FILTER: g_6}
# - {CALIB_ID: 'calibDate=1970-01-01T00:00:00 filter=g_6 detector=121'}
# - {DATE: '2025-04-02T15:59:42.588154'}
# - {CALIB_CREATION_DATE: '2025-04-02'}
# - {CALIB_CREATION_TIME: '15:59:42'}
# - __serialized_columns__:
#     efficiency:
#       __class__: astropy.units.quantity.Quantity
#       unit: !astropy.units.Unit {unit: '%'}
#       value: !astropy.table.SerializedColumn {name: efficiency}
#     wavelength:
#       __class__: astropy.units.quantity.Quantity
#       unit: !astropy.units.Unit {unit: nm}
#       value: !astropy.table.SerializedColumn {name: wavelength}
# schema: astropy-2.0
wavelength efficiency
300.0 0.34748781472444534
301.0 0.3085588803514838
302.0 0.26962992269545794
303.0 0.24482626467943192
304.0 0.2200226066634059
305.0 0.22137530613690615
306.0 0.22272798232734203
307.0 0.21239332854747772
308.0 0.20205869805067778
309.0 0.19607862923294306
310.0 0.19009854877367616
311.0 0.19526397809386253
312.0 0.20042939577251673
313.0 0.1893863664008677
314.0 0.17834333702921867
315.0 0.17622513696551323
316.0 0.1741069252602756
317.0 0.17135244561359286
318.0 0.1685979776084423
319.0 0.15954774571582675
320.0 0.1504975138232112
321.0 0.13926958199590445
322.0 0.12804163852706552
323.0 0.11586672626435757
324.0 0.10369179071858525
325.0 0.09149184916168451
326.0 0.07929190178401768
327.0 0.07247132016345859
328.0 0.06565073854289949
329.0 0.06248769932426512
330.0 0.05932466592639685
331.0 0.05488190799951553
332.0 0.05043914425186813
333.0 0.048269337275996804
334.0 0.04609953030012548
335.0 0.043746811570599675
336.0 0.041394095751456916
337.0 0.04086197877768427
338.0 0.040329861803911626
339.0 0.039742744411341846
340.0 0.03915562410838902
341.0 0.0376015086658299
342.0 0.036047393223270774
343.0 0.03294544876553118
344.0 0.02984350430779159
345.0 0.026412314036861062
346.0 0.022981128131505102
347.0 0.02097055548802018
348.0 0.01895998284453526
349.0 0.01740411971695721
350.0 0.5811827722936869
351.0 0.9763828478753567
352.0 0.6412818096578121
353.0 0.7902087643742561
354.0 0.6767001934349537
355.0 1.02896299213171
356.0 0.6479525938630104
357.0 0.6230922415852547
358.0 0.5878147203475237
359.0 0.7450094446539879
360.0 0.5152703262865543
361.0 0.7723391987383366
362.0 0.5040547344833612
363.0 0.7710318546742201
364.0 0.569245545193553
365.0 0.8337141945958138
366.0 0.4252989310771227
367.0 0.7078026887029409
368.0 0.3808750072494149
369.0 0.6137261167168617
370.0 0.4492150153964758
371.0 0.5732599180191755
372.0 0.29023103415966034
373.0 0.6221462041139603
374.0 0.4364745691418648
375.0 0.5641192197799683
376.0 0.4306497983634472
377.0 0.5220729392021894
378.0 0.4076942801475525
379.0 0.4836270119994879
380.0 0.38235862739384174
381.0 0.5464034155011177
382.0 0.5879689939320087
383.0 0.45644245110452175
384.0 0.5680035799741745
385.0 0.5711906123906374
386.0 0.6842165719717741
387.0 0.7096653338521719
388.0 0.9293879382312298
389.0 1.1762473732233047
390.0 1.7901461571455002
391.0 2.7811648324131966
392.0 4.351242631673813
393.0 6.97140246629715
394.0 10.51836907863617
395.0 15.302050113677979
396.0 21.176983416080475
397.0 28.683817386627197
398.0 37.23892271518707
399.0 46.635374426841736
400.0 56.05058670043945
401.0 65.0383472442627
402.0 73.20830225944519
403.0 79.96858358383179
404.0 84.93773341178894
405.0 88.67337107658386
406.0 90.63777923583984
407.0 92.3039436340332
408.0 93.2500422000885
409.0 93.63503456115723
410.0 93.7676727771759
411.0 93.64987015724182
412.0 93.31190586090088
413.0 93.06414723396301
414.0 92.90759563446045
415.0 93.08595061302185
416.0 93.50801706314087
417.0 93.79981756210327
418.0 94.30318474769592
419.0 94.84416246414185
420.0 95.30830979347229
421.0 95.92264294624329
422.0 96.06239795684814
423.0 96.27739787101746
424.0 96.13334536552429
425.0 95.96759676933289
426.0 95.91050148010254
427.0 95.96554040908813
428.0 95.79318165779114
429.0 95.6030786037445
430.0 95.50366997718811
431.0 95.61243653297424
432.0 95.66354155540466
433.0 95.7338273525238
434.0 95.77266573905945
435.0 95.91878652572632
436.0 95.96403241157532
437.0 95.93803286552429
438.0 96.00980877876282
439.0 96.12204432487488
440.0 96.11207246780396
441.0 96.2488055229187
442.0 96.17143869400024
443.0 96.12215161323547
444.0 96.03785872459412
445.0 95.81833481788635
446.0 95.65664529800415
447.0 95.44215202331543
448.0 95.50245404243469
449.0 95.71427702903748
450.0 95.9283709526062
451.0 96.11344933509827
452.0 96.31294012069702
453.0 96.46302461624146
454.0 96.52839303016663
455.0 96.80624008178711
456.0 96.86554074287415
457.0 97.04862236976624
458.0 97.04944491386414
459.0 97.05892205238342
460.0 97.09498286247253
461.0 97.16651439666748
462.0 97.10265398025513
463.0 96.99475765228271
464.0 97.10018634796143
465.0 97.0216453075409
466.0 97.0209538936615
467.0 97.00936675071716
468.0 97.0492959022522
469.0 97.08633422851562
470.0 96.93745374679565
471.0 96.8007743358612
472.0 96.8615174293518
473.0 96.74209356307983
474.0 96.66715264320374
475.0 96.7618465423584
476.0 96.75757884979248
477.0 96.79499864578247
478.0 96.90481424331665
479.0 96.93732857704163
480.0 97.09829688072205
481.0 97.1730887889862
482.0 97.3131537437439
483.0 97.26049304008484
484.0 97.48597741127014
485.0 97.46914505958557
486.0 97.51139879226685
487.0 97.51394987106323
488.0 97.50959873199463
489.0 97.65161871910095
490.0 97.60964512825012
491.0 97.63847589492798
492.0 97.56724834442139
493.0 97.60705232620239
494.0 97.57023453712463
495.0 97.64494299888611
496.0 97.48133420944214
497.0 97.3861575126648
498.0 97.19404578208923
499.0 97.23053574562073
500.0 97.16907739639282
501.0 97.16817736625671
502.0 97.07021713256836
503.0 97.2377061843872
504.0 97.03583121299744
505.0 97.06891775131226
506.0 97.08150625228882
507.0 96.98172211647034
508.0 97.01223373413086
509.0 96.9966471195221
510.0 96.95799350738525
511.0 97.00199365615845
512.0 96.86601161956787
513.0 96.9693660736084
514.0 96.92229628562927
515.0 96.99132442474365
516.0 97.08687663078308
517.0 97.07512855529785
518.0 97.1689760684967
519.0 97.1470296382904
520.0 97.22095131874084
521.0 97.32019305229187
522.0 97.28641510009766
523.0 97.26412892341614
524.0 97.27078080177307
525.0 97.23565578460693
526.0 97.3487377166748
527.0 97.32568264007568
528.0 97.41682410240173
529.0 97.4494993686676
530.0 97.47397303581238
531.0 97.59835600852966
532.0 97.5201964378357
533.0 97.50351309776306
534.0 97.46390581130981
535.0 97.28888869285583
536.0 96.8698799610138
537.0 96.32501006126404
538.0 95.4977810382843
539.0 94.01375651359558
540.0 92.26735830307007
541.0 89.53984379768372
542.0 86.69964075088501
543.0 82.89921879768372
544.0 78.22237610816956
545.0 74.0030586719513
546.0 69.00967955589294
547.0 64.51135873794556
548.0 60.08269190788269
549.0 56.148386001586914
550.0 53.133225440979004
551.0 50.21185278892517
552.0 47.92343080043793
553.0 45.41754424571991
554.0 42.45719909667969
555.0 39.07586634159088
556.0 34.6328467130661
557.0 29.567939043045044
558.0 24.102114140987396
559.0 18.813009560108185
560.0 13.82041871547699
561.0 9.274395555257797
562.0 5.8856431394815445
563.0 3.4131497144699097
564.0 1.8535152077674866
565.0 0.8986573666334152
566.0 0.48787822015583515
567.0 0.25002879556268454
568.0 0.1455647055990994
569.0 0.08424712577834725
570.0 0.06770899635739625
571.0 0.0491524871904403
572.0 0.051118736155331135
573.0 0.0292984361294657
574.0 0.036770058795809746
575.0 0.023703844635747373
576.0 0.03090055542998016
577.0 0.026042145327664912
578.0 0.02739288320299238
579.0 0.02797721535898745
580.0 0.028233902412466705
581.0 0.02440508978907019
582.0 0.019952411821577698
583.0 0.0201336108148098
584.0 0.02814127947203815
585.0 0.018321085372008383
586.0 0.018110302335117012
587.0 0.01820119796320796
588.0 0.025671758339740336
589.0 0.02060799888567999
590.0 0.006988169479882345
591.0 0.010194521019002423
592.0 0.02248008968308568
593.0 0.006992079579504207
594.0 0.007677183748455718
595.0 0.0087436092144344
596.0 0.01978444925043732
597.0 0.011353330773999915
598.0 1.6754628283724426e-10
599.0 0.011861350503750145
600.0 0.012315373169258237
601.0 0.00200549911824055
602.0 0.0020541605408652686
603.0 0.0021028217815910466
604.0 0.002010903881455306
605.0 0.001918985799420625
606.0 0.001892439104267396
607.0 0.001865892409114167
608.0 0.0018483144231140614
609.0 0.0018307362552150153
610.0 0.0018752625692286529
611.0 0.0019197887013433501
612.0 0.0018605378500069492
613.0 0.0018012869986705482
614.0 0.001759703445713967
615.0 0.0017181197108584456
616.0 0.0015698753486503847
617.0 0.0014216311683412641
618.0 0.001556445931782946
619.0 0.0016912610590225086
620.0 0.0015622337741660886
621.0 0.0014332063983601984
622.0 0.0013871701412426773
623.0 0.0013411336112767458
624.0 0.0013650310393131804
625.0 0.0013889285582990851
626.0 0.0014351548998092767
627.0 0.001481381150369998
628.0 0.0014330285921460018
629.0 0.0013846759429725353
630.0 0.0014479149285762105
631.0 0.0015111538232304156
632.0 0.0014373127669387031
633.0 0.001363471892545931
634.0 0.0013582099199993536
635.0 0.0013529482203011867
636.0 0.001351184164377628
637.0 0.0013494199265551288
638.0 0.0012252438864379656
639.0 0.0011010678463208023
640.0 0.0012259640243428294
641.0 0.0013508602933143266
642.0 0.0012324042472755536
643.0 0.0011139482012367807
644.0 0.0011384921890567057
645.0 0.001163036358775571
646.0 0.0011994076885457616
647.0 0.0012357790183159523
648.0 0.001224277093569981
649.0 0.0012127752597734798
650.0 0.0011728456229320727
651.0 0.0011329158041917253
652.0 0.0011794380952778738
653.0 0.0012259604773134924
654.0 0.001198545578517951
655.0 0.0011711306797224097
656.0 0.001098333905247273
657.0 0.0010255374036205467
658.0 0.0010670403753465507
659.0 0.001108543438022025
660.0 0.001039484777720645
661.0 0.0009704259355203249
662.0 0.0010480387572897598
663.0 0.001125651670008665
664.0 0.0011630891094682738
665.0 0.0012005263670289423
666.0 0.0012172693459433503
667.0 0.0012340124158072285
668.0 0.0011975347661064006
669.0 0.0011610570254561026
670.0 0.0012428657100826968
671.0 0.001324674394709291
672.0 0.0011602211998251732
673.0 0.0009957680049410556
674.0 0.0010296883374394383
675.0 0.001063608578988351
676.0 0.0010441046470077708
677.0 0.0010246004421787802
678.0 0.0009745041097630747
679.0 0.0009244079592463095
680.0 0.0009495852282270789
681.0 0.0009747627700562589
682.0 0.0010212595952907577
683.0 0.001067756602424197
684.0 0.0009819678780331742
685.0 0.0008961791536421515
686.0 0.0009002958904602565
687.0 0.0009044126272783615
688.0 0.0009451270670979284
689.0 0.0009858415069174953
690.0 0.0010738159289758187
691.0 0.001161790260084672
692.0 0.0010954577192023862
693.0 0.0010291252692695707
694.0 0.001041335144691402
695.0 0.0010535450201132335
696.0 0.0011293131137790624
697.0 0.0012050814802933019
698.0 0.0012150093425589148
699.0 0.0012249372048245277
700.0 0.0012451915608835407
701.0 0.001265446098841494
702.0 0.0012114243872929364
703.0 0.0011574025847949088
704.0 0.0010918546649918426
705.0 0.0010263063813908957
706.0 0.0010810750609380193
707.0 0.0011358436495356727
708.0 0.001140662789111957
709.0 0.0011454822015366517
710.0 0.0012322529073571786
711.0 0.0013190236131777056
712.0 0.0013626832696900237
713.0 0.0014063428352528717
714.0 0.0013850999494025018
715.0 0.0013638572454510722
716.0 0.0014571750398317818
717.0 0.0015504929251619615
718.0 0.0016829932064865716
719.0 0.0018154938516090624
720.0 0.0015849629562580958
721.0 0.0013544316971092485
722.0 0.0014635103070759214
723.0 0.0015725889170425944
724.0 0.001591326690686401
725.0 0.0016100644643302076
726.0 0.0016899548427318223
727.0 0.001769845221133437
728.0 0.0018669741621124558
729.0 0.0019641031030914746
730.0 0.0019295011952635832
731.0 0.0018948996512335725
732.0 0.0018184222426498309
733.0 0.0017419448340660892
734.0 0.001525588595541194
735.0 0.0013092321751173586
736.0 0.0011647529390756972
737.0 0.001020273793983506
738.0 0.0009748713637236506
739.0 0.0009294689334637951
740.0 0.0009136802873399574
741.0 0.0008978914593171794
742.0 0.0009359497198602185
743.0 0.0009740081623021979
744.0 0.0009163489266938996
745.0 0.000858689600136131
746.0 0.0007499962521251291
747.0 0.0006413027676899219
748.0 0.0007677289431740064
749.0 0.0008941548912844155
750.0 0.0010060441127279773
751.0 0.0011179335160704795
752.0 0.0009942496035364456
753.0 0.0008705655091034714
754.0 0.0008296207852254156
755.0 0.0007886759703978896
756.0 0.0007952732630656101
757.0 0.0008018706466828007
758.0 0.0008897442057786975
759.0 0.000977618128672475
760.0 0.0009229946954292245
761.0 0.0008683710802870337
762.0 0.0008173241440090351
763.0 0.0007662771167815663
764.0 0.000712707469574525
765.0 0.000659137958791689
766.0 0.0006270382982620504
767.0 0.0005949385922576766
768.0 0.0006821102942922153
769.0 0.000769282087276224
770.0 0.0007595200713694794
771.0 0.0007497582373616751
772.0 0.0006912239769008011
773.0 0.0006326895800157217
774.0 0.0005962987870589131
775.0 0.0005599079486273695
776.0 0.0006625945843552472
777.0 0.0007652811291336548
778.0 0.0006561695045093074
779.0 0.0005470578798849601
780.0 0.0006629213658015942
781.0 0.0007787849426676985
782.0 0.0006533151463372633
783.0 0.0005278454409562983
784.0 0.00039643136915401556
785.0 0.0002650173655638355
786.0 0.0002786367986118421
787.0 0.0002922562316598487
788.0 0.0003032647327927407
789.0 0.00031427332487510284
790.0 0.0002949932422779966
791.0 0.00027571325063036056
792.0 0.00028105137062084395
793.0 0.0002863894678739598
794.0 0.00028994918466196395
795.0 0.000293508855975233
796.0 0.00025673127765912795
797.0 0.0002199536993430229
798.0 0.0002661106464074692
799.0 0.000312267616209283
800.0 0.00041276343836216256
801.0 0.0005132593287271447
802.0 0.0004981171969120624
803.0 0.00048297515604645014
804.0 0.0005113748557050712
805.0 0.0005397745553636923
806.0 0.0005010199856769759
807.0 0.0004622655069397297
808.0 0.0004430190983839566
809.0 0.0004237727353029186
810.0 0.0003345713594171684
811.0 0.0002453699607940507
812.0 0.00031319118534156587
813.0 0.00038101247810118366
814.0 0.0004347597041487461
815.0 0.0004885069756710436
816.0 0.0005462172794068465
817.0 0.0006039277195668546
818.0 0.0004662029368773801
819.0 0.00032847822240000824
820.0 0.0003417512516534771
821.0 0.0003550243036443135
822.0 0.00043947902668151073
823.0 0.0005239336587692378
824.0 0.000501976774103241
825.0 0.0004800198894372443
826.0 0.00046454260882455856
827.0 0.0004490653736866079
828.0 0.00043163572627236135
829.0 0.0004142060788581148
830.0 0.0004154084763285937
831.0 0.0004166108283243375
832.0 0.0003319643383292714
833.0 0.00024731780285947025
834.0 0.00025407202883798163
835.0 0.0002608261866043904
836.0 0.0003681602493088576
837.0 0.00047549428927595727
838.0 0.0005280926416162401
839.0 0.000580690993956523
840.0 0.000463967262476217
841.0 0.00034724355373327853
842.0 0.00037340262224461185
843.0 0.0003995617134933127
844.0 0.0005584588507190347
845.0 0.0007173559879447566
846.0 0.0005718110514862929
847.0 0.0004262660240783589
848.0 0.00039968126657186076
849.0 0.00037309641811589245
850.0 0.00028422816740203416
851.0 0.00019535989395080833
852.0 0.00015075706869538408
853.0 0.00010615422070259228
854.0 0.00019734804936888395
855.0 0.00028854185529780807
856.0 0.00024178434614441358
857.0 0.00019502685972838663
858.0 0.000286642989522079
859.0 0.0003782591193157714
860.0 0.0004339194674685132
861.0 0.0004895797701465199
862.0 0.0004926527253701352
863.0 0.0004957257260684855
864.0 0.0004046205503982492
865.0 0.00031351532925327774
866.0 0.0004759723196912091
867.0 0.0006384292646544054
868.0 0.000467851623398019
869.0 0.00029727391392952995
870.0 0.000388889111491153
871.0 0.0004805043772648787
872.0 0.00040261638787342235
873.0 0.000324728398481966
874.0 0.0005118550234328723
875.0 0.0006989816938585136
876.0 0.0005232839157542912
877.0 0.0003475861603874364
878.0 0.0005219083504925948
879.0 0.0006962305633351207
880.0 0.0007510251634812448
881.0 0.0008058198545768391
882.0 0.0005928139216848649
883.0 0.0003798080570049933
884.0 0.0004626041572919348
885.0 0.0005454002803162439
886.0 0.0006199764811753994
887.0 0.0006945526820345549
888.0 0.0006052154731150949
889.0 0.000515878264195635
890.0 0.0005599597898253705
891.0 0.0006040414064045763
892.0 0.0006000369012326701
893.0 0.0005960325324849691
894.0 0.0004644035470846575
895.0 0.000332774652633816
896.0 0.00035872633361577755
897.0 0.0003846780145977391
898.0 0.0003651657607406378
899.0 0.0003456534841461689
900.0 0.00034180252441728953
901.0 0.0003379515874257777
902.0 0.0004080057806277182
903.0 0.0004780599738296587
904.0 0.0005031763521401444
905.0 0.0005282927304506302
906.0 0.00047131638893915806
