lsstCam/transmission_filter_detector/r30_s11/g_6/19700101T000000.ecsv
# %ECSV 1.0
# ---
# datatype:
# - {name: wavelength, unit: nm, datatype: float32}
# - {name: efficiency, unit: '%', datatype: float64}
# meta: !!omap
# - {MODE: DETECTOR}
# - {TYPE: transmission_filter_detector}
# - {CALIBDATE: '1970-01-01T00:00:00'}
# - {INSTRUME: LSSTCam}
# - {OBSTYPE: transmission_filter_detector}
# - {CALIBCLS: lsst.ip.isr.IntermediateFilterDetectorTransmissionCurve}
# - {SOURCE: Materion (DM-46256)}
# - {DETECTOR: 121}
# - {FILTER: g_6}
# - {CALIB_ID: 'calibDate=1970-01-01T00:00:00 filter=g_6 detector=121'}
# - {DATE: '2025-04-02T15:59:42.588154'}
# - {CALIB_CREATION_DATE: '2025-04-02'}
# - {CALIB_CREATION_TIME: '15:59:42'}
# - __serialized_columns__:
#     efficiency:
#       __class__: astropy.units.quantity.Quantity
#       unit: !astropy.units.Unit {unit: '%'}
#       value: !astropy.table.SerializedColumn {name: efficiency}
#     wavelength:
#       __class__: astropy.units.quantity.Quantity
#       unit: !astropy.units.Unit {unit: nm}
#       value: !astropy.table.SerializedColumn {name: wavelength}
# schema: astropy-2.0
wavelength efficiency
[from data line 608]
908.0 0.00041855796553136315
909.0 0.0004227758381603053
910.0 0.0004188600996712921
911.0 0.00041494431570754386
912.0 0.0004817132776224753
913.0 0.0005484821940626716
914.0 0.0004606697075359989
915.0 0.00037285726648406126
916.0 0.00034667209547478706
917.0 0.0003204869926776155
918.0 0.0003146230710626696
919.0 0.0003087592176598264
920.0 0.0003647295216069324
921.0 0.0004206997800793033
922.0 0.0003709373686433537
923.0 0.00032117493447003653
924.0 0.00041330467865918763
925.0 0.0005054343546362361
926.0 0.00042533656596788205
927.0 0.0003452387090874254
928.0 0.000456468887932715
929.0 0.0005676990440406371
930.0 0.0005166098617337411
931.0 0.0004655208613257855
932.0 0.0004414008799358271
933.0 0.00041728098949533887
934.0 0.0005760451585956616
935.0 0.0007348095095949247
936.0 0.0005350275841919938
937.0 0.0003352457270011655
938.0 0.00037042523217678536
939.0 0.00040560485103924293
940.0 0.0005038442395743914
941.0 0.0006020835826348048
942.0 0.0006197376023919787
943.0 0.0006373916676238878
944.0 0.0006170536380523117
945.0 0.0005967155175312655
946.0 0.000699256861480535
947.0 0.0008017982509045396
948.0 0.0007755470505799167
949.0 0.0007492958047805587
950.0 0.000703462364981533
951.0 0.0006576288797077723
952.0 0.0008487504601362161
953.0 0.0010398722224636003
954.0 0.0009263753781851847
955.0 0.0008128783520078287
956.0 0.0006733800546498969
957.0 0.0005338817572919652
958.0 0.0006582254172826651
959.0 0.0007825690772733651
960.0 0.0007764492693240754
961.0 0.0007703294613747858
962.0 0.0007592524980282178
963.0 0.0007481753527827095
964.0 0.0006992270755290519
965.0 0.0006502785254269838
966.0 0.0006417254553525709
967.0 0.0006331723398034228
968.0 0.0006265486263146158
969.0 0.000619924958300544
970.0 0.0006419304099836154
971.0 0.0006639358616666868
972.0 0.0006984582796576433
973.0 0.0007329806521738647
974.0 0.0007748132702545263
975.0 0.000816645933809923
976.0 0.0007937919690448325
977.0 0.0007709380952292122
978.0 0.0008596979569119867
979.0 0.0009484579095442314
980.0 0.000884077962837182
981.0 0.000819698198029073
982.0 0.0008920227628550492
983.0 0.0009643474186304957
984.0 0.0010892881618929096
985.0 0.0012142289961047936
986.0 0.0012410905583237763
987.0 0.001267952120542759
988.0 0.0012541932846943382
989.0 0.0012404341759975068
990.0 0.0013309684618434403
991.0 0.0014215024748409633
992.0 0.0014153668416838627
993.0 0.0014092310266278218
994.0 0.0014603925592382438
995.0 0.0015115542737476062
996.0 0.0014162704246700741
997.0 0.0013209862117946614
998.0 0.0012815859918191563
999.0 0.0012421857718436513
1000.0 0.0012950819836987648
1001.0 0.001347978013654938
1002.0 0.0013491649042407516
1003.0 0.0013503517948265653
1004.0 0.0012912134479847737
1005.0 0.0012320752830419224
1006.0 0.0013176019820093643
1007.0 0.0014031287719262764
1008.0 0.001374479143123608
1009.0 0.0013458295143209398
1010.0 0.0014788523003517184
1011.0 0.0016118752682814375
1012.0 0.0016186368156922981
1013.0 0.0016253983631031588
1014.0 0.001867608261818532
1015.0 0.0021098179786349647
1016.0 0.002237095031887293
1017.0 0.002364372085139621
1018.0 0.0025139524950645864
1019.0 0.0026635329049895518
1020.0 0.002933598807430826
1021.0 0.00320366452797316
1022.0 0.003378120527486317
1023.0 0.0035525765269994736
1024.0 0.003636955443653278
1025.0 0.0037213343603070825
1026.0 0.003919016307918355
1027.0 0.004116698619327508
1028.0 0.004342509055277333
1029.0 0.004568319855025038
1030.0 0.004611230542650446
1031.0 0.004654141594073735
1032.0 0.004828503733733669
1033.0 0.005002865873393603
1034.0 0.005166772098164074
1035.0 0.005330677959136665
1036.0 0.005458053783513606
1037.0 0.005585429244092666
1038.0 0.005743186920881271
1039.0 0.005900944233871996
1040.0 0.005947576573817059
1041.0 0.005994209277560003
1042.0 0.006097690129536204
1043.0 0.006201171345310286
1044.0 0.006574585131602362
1045.0 0.006947998917894438
1046.0 0.007590972381876782
1047.0 0.008233945845859125
1048.0 0.009182085341308266
1049.0 0.010130225564353168
1050.0 0.011924751015612856
1051.0 0.01371927501168102
1052.0 0.01650319463806227
1053.0 0.019287114264443517
1054.0 0.02316589088877663
1055.0 0.027044664602726698
1056.0 0.03245532570872456
1057.0 0.03786598099395633
1058.0 0.044712930684909225
1059.0 0.05155987455509603
1060.0 0.05974470404908061
1061.0 0.06792954518459737
1062.0 0.07547293207608163
1063.0 0.08301630732603371
1064.0 0.08973520016297698
1065.0 0.09645408135838807
1066.0 0.10209670290350914
1067.0 0.1077393302693963
1068.0 0.1142203458584845
1069.0 0.12070137308910489
1070.0 0.13002059422433376
1071.0 0.13933981535956264
1072.0 0.15087422216311097
1073.0 0.16240861732512712
1074.0 0.17629245994612575
1075.0 0.19017632585018873
1076.0 0.20323609933257103
1077.0 0.21629591938108206
1078.0 0.22804699838161469
1079.0 0.2397980773821473
1080.0 0.25412854738533497
1081.0 0.26845899410545826
1082.0 0.28681589756160975
1083.0 0.3051728243008256
1084.0 0.33733416348695755
1085.0 0.3694955026730895
1086.0 0.403680931776762
1087.0 0.43786633759737015
1088.0 0.4862787202000618
1089.0 0.5346911028027534
1090.0 0.6069148890674114
1091.0 0.6791386753320694
1092.0 0.7423920091241598
1093.0 0.8056454360485077
1094.0 0.84636639803648
1095.0 0.8870874531567097
1096.0 0.9278839454054832
1097.0 0.9686802513897419
1098.0 1.033314410597086
1099.0 1.0979484766721725
1100.0 1.19778485968709
1101.0 1.2976211495697498
