lsstCam/transmission_filter_detector/r14_s11/y_10/19700101T000000.ecsv
# %ECSV 1.0
# ---
# datatype:
# - {name: wavelength, unit: nm, datatype: float32}
# - {name: efficiency, unit: '%', datatype: float64}
# meta: !!omap
# - {MODE: DETECTOR}
# - {TYPE: transmission_filter_detector}
# - {CALIBDATE: '1970-01-01T00:00:00'}
# - {INSTRUME: LSSTCam}
# - {OBSTYPE: transmission_filter_detector}
# - {CALIBCLS: lsst.ip.isr.IntermediateFilterDetectorTransmissionCurve}
# - {SOURCE: Materion (DM-46256)}
# - {DETECTOR: 67}
# - {FILTER: y_10}
# - {CALIB_ID: 'calibDate=1970-01-01T00:00:00 filter=y_10 detector=67'}
# - {DATE: '2025-04-02T15:59:51.051541'}
# - {CALIB_CREATION_DATE: '2025-04-02'}
# - {CALIB_CREATION_TIME: '15:59:51'}
# - __serialized_columns__:
#     efficiency:
#       __class__: astropy.units.quantity.Quantity
#       unit: !astropy.units.Unit {unit: '%'}
#       value: !astropy.table.SerializedColumn {name: efficiency}
#     wavelength:
#       __class__: astropy.units.quantity.Quantity
#       unit: !astropy.units.Unit {unit: nm}
#       value: !astropy.table.SerializedColumn {name: wavelength}
# schema: astropy-2.0
wavelength efficiency
[from data line 579]
879.0 0.0019354094547452405
880.0 0.07065290701575577
881.0 0.09612556896172464
882.0 0.0675906368996948
883.0 0.08528936305083334
884.0 0.0544602342415601
885.0 0.09371961350552738
886.0 0.06187294493429363
887.0 0.08310928824357688
888.0 0.06616879254579544
889.0 0.09839916601777077
890.0 0.05771119613200426
891.0 0.10952431475743651
892.0 0.06996200536377728
893.0 0.0886720372363925
894.0 0.0664545048493892
895.0 0.09778444655239582
896.0 0.07722953450866044
897.0 0.11324143270030618
898.0 0.07412504637613893
899.0 0.10497769108042121
900.0 0.08298993925563991
901.0 0.12773952912539244
902.0 0.11698551243171096
903.0 0.12987996451556683
904.0 0.15873581869527698
905.0 0.1675873645581305
906.0 0.20282033365219831
907.0 0.23439445067197084
908.0 0.30152969993650913
909.0 0.3768085269257426
910.0 0.513074453920126
911.0 0.6920973770320415
912.0 0.9903230704367161
913.0 1.4705154113471508
914.0 2.087545394897461
915.0 3.0583731830120087
916.0 4.367676749825478
917.0 5.938893184065819
918.0 7.86840096116066
919.0 9.89672839641571
920.0 12.7723827958107
921.0 15.825031697750092
922.0 18.793371319770813
923.0 22.161047160625458
924.0 25.793471932411194
925.0 29.79854941368103
926.0 34.841614961624146
927.0 40.56024253368378
928.0 45.96795737743378
929.0 52.09624171257019
930.0 57.92943835258484
931.0 64.0565574169159
932.0 70.21164298057556
933.0 75.95670819282532
934.0 80.71984052658081
935.0 84.48773622512817
936.0 87.82389163970947
937.0 90.3537929058075
938.0 92.28675365447998
939.0 93.53188872337341
940.0 94.37882900238037
941.0 94.91122961044312
942.0 95.41074633598328
943.0 95.72266340255737
944.0 96.16622924804688
945.0 96.34799361228943
946.0 96.57665491104126
947.0 96.7833161354065
948.0 96.99059724807739
949.0 96.88450694084167
950.0 97.05034494400024
951.0 97.02285528182983
952.0 96.99711203575134
953.0 97.1433937549591
954.0 97.15895652770996
955.0 97.18723893165588
956.0 97.36742973327637
957.0 97.53921031951904
958.0 97.7272629737854
959.0 97.87067770957947
960.0 98.08071851730347
961.0 98.15984964370728
962.0 98.29055070877075
963.0 98.4018862247467
964.0 98.45708012580872
965.0 98.55881333351135
966.0 98.61912131309509
967.0 98.74332547187805
968.0 98.75073432922363
969.0 98.75481724739075
970.0 98.78206849098206
971.0 98.8378643989563
972.0 98.86837601661682
973.0 98.9439308643341
974.0 98.96347522735596
975.0 98.91040325164795
976.0 99.00596737861633
977.0 98.97117614746094
978.0 99.03340339660645
979.0 99.0216076374054
980.0 98.99598956108093
981.0 98.93491268157959
982.0 98.89450073242188
983.0 98.9251434803009
984.0 98.8826036453247
985.0 98.89009594917297
986.0 98.77784848213196
987.0 98.82314801216125
988.0 98.69859218597412
989.0 98.68079423904419
990.0 98.61789345741272
991.0 98.60059022903442
992.0 98.64807724952698
993.0 98.5850989818573
994.0 98.518306016922
995.0 98.54995608329773
996.0 98.51083755493164
997.0 98.6150324344635
998.0 98.59791994094849
999.0 98.67382049560547
1000.0 98.72769117355347
1001.0 98.72548580169678
1002.0 98.82537722587585
1003.0 98.89650344848633
1004.0 98.97240996360779
1005.0 98.90897274017334
1006.0 99.05438423156738
1007.0 99.07633662223816
1008.0 99.07529354095459
1009.0 99.0207314491272
1010.0 99.05491471290588
1011.0 99.07234311103821
1012.0 99.01988506317139
1013.0 99.00351166725159
1014.0 98.9810049533844
1015.0 98.93637895584106
1016.0 98.92764687538147
1017.0 98.90517592430115
1018.0 98.95831346511841
1019.0 98.84554147720337
1020.0 98.91383051872253
1021.0 99.03731346130371
1022.0 98.8844096660614
1023.0 98.94667863845825
1024.0 98.87025356292725
1025.0 98.83759617805481
1026.0 98.89118671417236
1027.0 99.00521039962769
1028.0 98.93087148666382
1029.0 99.0426778793335
1030.0 99.06349778175354
1031.0 99.05590415000916
1032.0 99.06818270683289
1033.0 99.00569319725037
1034.0 99.07388687133789
1035.0 99.07600283622742
1036.0 99.03795719146729
1037.0 99.03905391693115
1038.0 99.05374050140381
1039.0 98.95050525665283
1040.0 98.88105392456055
1041.0 98.97994995117188
1042.0 98.95319938659668
1043.0 98.84527325630188
1044.0 98.92613887786865
1045.0 98.65450859069824
1046.0 98.83341193199158
1047.0 98.70505928993225
1048.0 98.74446392059326
1049.0 98.59116673469543
1050.0 98.60166311264038
1051.0 98.67284893989563
1052.0 98.63730072975159
1053.0 98.51062297821045
1054.0 98.76700639724731
1055.0 98.82444143295288
1056.0 98.70410561561584
1057.0 98.81972670555115
1058.0 98.66233468055725
1059.0 98.70210886001587
1060.0 98.89331459999084
1061.0 98.70919585227966
1062.0 98.74311685562134
1063.0 98.75859022140503
1064.0 98.92560243606567
1065.0 98.85247349739075
1066.0 98.94695281982422
1067.0 98.86901378631592
1068.0 98.84809255599976
1069.0 98.68527054786682
1070.0 99.11672472953796
1071.0 98.77554774284363
1072.0 98.96472692489624
1073.0 99.0104615688324
1074.0 98.6210823059082
1075.0 98.63788485527039
1076.0 98.52131605148315
1077.0 98.88015389442444
1078.0 99.06263947486877
1079.0 98.54685664176941
1080.0 99.27858114242554
1081.0 98.58707189559937
1082.0 98.5107421875
1083.0 98.5128402709961
1084.0 98.88062477111816
1085.0 98.89312386512756
1086.0 98.64131212234497
1087.0 98.51094484329224
1088.0 98.65890741348267
1089.0 98.58990907669067
1090.0 98.58753085136414
1091.0 98.75546097755432
1092.0 98.67085218429565
1093.0 98.61496090888977
1094.0 98.40564131736755
1095.0 98.37378263473511
1096.0 98.37034344673157
1097.0 98.22003841400146
1098.0 97.75665998458862
1099.0 98.3155369758606
1100.0 98.01600575447083
