lsstCam/transmission_filter_detector/r14_s11/y_10/19700101T000000.ecsv
# %ECSV 1.0
# ---
# datatype:
# - {name: wavelength, unit: nm, datatype: float32}
# - {name: efficiency, unit: '%', datatype: float64}
# meta: !!omap
# - {MODE: DETECTOR}
# - {TYPE: transmission_filter_detector}
# - {CALIBDATE: '1970-01-01T00:00:00'}
# - {INSTRUME: LSSTCam}
# - {OBSTYPE: transmission_filter_detector}
# - {CALIBCLS: lsst.ip.isr.IntermediateFilterDetectorTransmissionCurve}
# - {SOURCE: Materion (DM-46256)}
# - {DETECTOR: 67}
# - {FILTER: y_10}
# - {CALIB_ID: 'calibDate=1970-01-01T00:00:00 filter=y_10 detector=67'}
# - {DATE: '2025-04-02T15:59:51.051541'}
# - {CALIB_CREATION_DATE: '2025-04-02'}
# - {CALIB_CREATION_TIME: '15:59:51'}
# - __serialized_columns__:
#     efficiency:
#       __class__: astropy.units.quantity.Quantity
#       unit: !astropy.units.Unit {unit: '%'}
#       value: !astropy.table.SerializedColumn {name: efficiency}
#     wavelength:
#       __class__: astropy.units.quantity.Quantity
#       unit: !astropy.units.Unit {unit: nm}
#       value: !astropy.table.SerializedColumn {name: wavelength}
# schema: astropy-2.0
wavelength efficiency
300.0 0.5299211014062166
301.0 0.2840680768713355
302.0 0.03821499994955957
303.0 0.0323639513226226
304.0 0.02651290560606867
305.0 0.01832964044297114
306.0 0.010146369459107518
307.0 0.017421531083527952
308.0 0.02469668979756534
309.0 0.017361310892738402
310.0 0.010025931260315701
311.0 0.008722031634533778
312.0 0.007418132008751854
313.0 0.00732874104869552
314.0 0.007239350816234946
315.0 0.005990163845126517
316.0 0.004740979056805372
317.0 0.00525336254213471
318.0 0.005765742753283121
319.0 0.003100754474871792
320.0 0.00043576515054155607
321.0 0.002814902109093964
322.0 0.005194039840716869
323.0 0.004347892536316067
324.0 0.0035017459595110267
325.0 0.0018004406229010783
326.0 9.913522944771103e-05
327.0 0.000756183862904436
328.0 0.0014132323485682718
329.0 0.002932560528279282
330.0 0.004451888889889233
331.0 0.0038121997931739315
332.0 0.0031725106964586303
333.0 0.0022392934624804184
334.0 0.001306075500906445
335.0 0.0015098056792339776
336.0 0.0017135362213593908
337.0 0.002526687785575632
338.0 0.003339838804095052
339.0 0.0018172448108089156
340.0 0.00029465043098753085
341.0 2.912440209001943e-05
342.0 1.673724201768645e-10
343.0 0.00044474718379206024
344.0 0.0011258965059823822
345.0 0.0012397218597470783
346.0 0.0013535477592085954
347.0 0.001469658218411496
348.0 0.001585768404765986
349.0 0.0014041113900020719
350.0 0.001222454011440277
351.0 0.0012940958185936324
352.0 0.0013657369891006965
353.0 0.0013417823538475204
354.0 0.0013178277185943443
355.0 0.0014415420992008876
356.0 0.0015652563888579607
357.0 0.0011165077921759803
358.0 0.0006677588316961192
359.0 0.0010046505849459209
360.0 0.0013415423381957226
361.0 0.0014432986063184217
362.0 0.0015450546925421804
363.0 0.0010970033144985791
364.0 0.0006489516181318322
365.0 0.001072976829163963
366.0 0.0014970028132665902
367.0 0.002065581975330133
368.0 0.002634161319292616
369.0 0.0022909131075721234
370.0 0.001947665077750571
371.0 0.0018406721210340038
372.0 0.0017336791643174365
373.0 0.0020268535081413575
374.0 0.0023200278519652784
375.0 0.0033336953492835164
376.0 0.004347362846601754
377.0 0.0042493771616136655
378.0 0.004151391112827696
379.0 0.0036190409446135163
380.0 0.0030866907763993368
381.0 0.0021278094209264964
382.0 0.0011689278835547157
383.0 0.0011794388228736352
384.0 0.0011899494893441442
385.0 0.0009142589078692254
386.0 0.0006385683718690416
387.0 0.0007443575668730773
388.0 0.0008501468983013183
389.0 0.000687713554725633
390.0 0.0005252804385236232
391.0 0.0005889567546546459
392.0 0.0006526331162604038
393.0 0.0006985980689933058
394.0 0.0007445632945746183
395.0 0.0006256141205085441
396.0 0.0005066650373919401
397.0 0.0007908303814474493
398.0 0.0010749956345534883
399.0 0.0012532591426861472
400.0 0.0014315226508188061
401.0 0.0016292960935970768
402.0 0.0018270697182742879
403.0 0.0019102462829323485
404.0 0.0019934228475904092
405.0 0.0018624579752213322
406.0 0.0017314929209533148
407.0 0.0014574951819668058
408.0 0.0011834976248792373
409.0 0.0009212695658789016
410.0 0.0006590412795048906
411.0 0.0005975463864160702
412.0 0.00053605158427672
413.0 0.001015851830743486
414.0 0.0014956518498365767
415.0 0.0019322729713167064
416.0 0.0023688942746957764
417.0 0.0011105365956609603
418.0 1.673724201768645e-10
419.0 1.673724201768645e-10
420.0 1.673724201768645e-10
421.0 0.00014452571122092195
422.0 0.0006615824077016441
423.0 0.001161932414106559
424.0 0.001662282011238858
425.0 0.0004827037628274411
426.0 1.673724201768645e-10
427.0 1.673724201768645e-10
428.0 0.0004761029686051188
429.0 1.673724201768645e-10
430.0 1.673724201768645e-10
431.0 0.0003603319555622875
432.0 0.0012672498996835202
433.0 0.0009563828825776
434.0 0.0006455163656937657
435.0 7.149990324251121e-05
436.0 1.673724201768645e-10
437.0 1.673724201768645e-10
438.0 1.673724201768645e-10
439.0 1.673724201768645e-10
440.0 1.673724201768645e-10
441.0 1.673724201768645e-10
442.0 1.673724201768645e-10
443.0 1.673724201768645e-10
444.0 1.673724201768645e-10
445.0 1.673724201768645e-10
446.0 1.673724201768645e-10
447.0 0.0003949527581426082
448.0 0.0007985519914655015
449.0 0.0009011801012093201
450.0 0.0010038080290541984
451.0 0.0004293420261092251
452.0 1.673724201768645e-10
453.0 1.673724201768645e-10
454.0 1.673724201768645e-10
455.0 1.673724201768645e-10
456.0 1.673724201768645e-10
457.0 1.673724201768645e-10
458.0 1.673724201768645e-10
459.0 1.673724201768645e-10
460.0 1.673724201768645e-10
461.0 1.673724201768645e-10
462.0 1.673724201768645e-10
463.0 0.0002530545543777407
464.0 0.0005725791197619401
465.0 0.0005989149030938279
466.0 0.000625250822849921
467.0 0.0010574177395028528
468.0 0.0014895844287821092
469.0 0.0014291822481027339
470.0 0.0013687794307770673
471.0 0.001562122633913532
472.0 0.001755465564201586
473.0 0.002343209234823007
474.0 0.0029309530873433687
475.0 0.002713397225306835
476.0 0.0024958415451692417
477.0 0.0029469665605574846
478.0 0.0033980915759457275
479.0 0.003899378498317674
480.0 0.004400665056891739
481.0 0.004495681059779599
482.0 0.004590696335071698
483.0 0.004048572009196505
484.0 0.0035064469557255507
485.0 0.0037194266042206436
486.0 0.003932405888917856
487.0 0.003361895142006688
488.0 0.0027913838493986987
489.0 0.002466752084728796
490.0 0.002142120683856774
491.0 0.0017494721760158427
492.0 0.0013568235772254411
493.0 0.0010944198947981931
494.0 0.0008320165761688258
495.0 0.0012678757229878101
496.0 0.0017037347788573243
497.0 0.0019893961507477798
498.0 0.0022750577045371756
499.0 0.0024017190298764035
500.0 0.002528380173316691
501.0 0.002449846942909062
502.0 0.0023713137125014327
503.0 0.0024685574317118153
504.0 0.002565800787124317
505.0 0.003101914990111254
506.0 0.0036380293749971315
507.0 0.0027191943445359357
508.0 0.0018003585864789784
509.0 0.001997693289013114
510.0 0.002195027809648309
511.0 0.0022058356989873573
512.0 0.0022166434064274654
513.0 0.00206875592994038
514.0 0.0019208686353522353
515.0 0.0016708116163499653
516.0 0.0014207545063982252
517.0 0.001340281596640125
518.0 0.001259808323084144
519.0 0.00131058723127353
520.0 0.0013613659575639758
521.0 0.0015134056411625352
522.0 0.0016654448700137436
523.0 0.0014667050891148392
524.0 0.0012679651263169944
525.0 0.0019784545656875707
526.0 0.0026889447326539084
527.0 0.002536349347792566
528.0 0.002383754326729104
529.0 0.0025890973120112903
530.0 0.0027944397515966557
531.0 0.0026590743800625205
532.0 0.002523708826629445
533.0 0.002543262962717563
534.0 0.0025628167350078
535.0 0.002168739592889324
536.0 0.0017746620869729668
537.0 0.0024404107534792274
538.0 0.0031061590561876073
539.0 0.0034582590160425752
540.0 0.0038103582483017817
541.0 0.004018456456833519
542.0 0.004226554301567376
543.0 0.004293923484510742
544.0 0.004361292303656228
545.0 0.00474375337944366
546.0 0.005126214091433212
547.0 0.004314358739065938
548.0 0.0035025030229007825
549.0 0.0031599563953932375
550.0 0.002817409040289931
551.0 0.002670126013981644
552.0 0.0025228428057744168
553.0 0.0028635502530960366
554.0 0.0032042571547208354
555.0 0.0036643948988057673
556.0 0.00412453300668858
557.0 0.0038979076634859666
558.0 0.0036712823202833533
559.0 0.0034919790778076276
560.0 0.003312675471534021
561.0 0.003345037839608267
562.0 0.0033774002076825127
563.0 0.003122513953712769
564.0 0.002867627699743025
565.0 0.00353195246134419
566.0 0.004196276859147474
567.0 0.004488671402214095
568.0 0.0047810663090785965
569.0 0.005358618363970891
570.0 0.005936170055065304
571.0 0.006102040424593724
572.0 0.006267910794122145
573.0 0.006510186358354986
574.0 0.006752461194992065
575.0 0.006534957356052473
576.0 0.006317453517112881
577.0 0.005528272231458686
578.0 0.004739091673400253
579.0 0.005369936843635514
580.0 0.006000782013870776
581.0 0.0067228735133539885
582.0 0.00744496428524144
583.0 0.008484563295496628
584.0 0.009524160122964531
585.0 0.010002398630604148
586.0 0.010480636410648003
587.0 0.010443303472129628
588.0 0.010405966168036684
589.0 0.01045835088007152
590.0 0.01051073704729788
591.0 0.009910285007208586
592.0 0.009309831511927769
593.0 0.007678432302782312
594.0 0.00604703527642414
595.0 0.005649926242767833
596.0 0.005252817572909407
597.0 0.005826837877975777
598.0 0.006400858546840027
599.0 0.0072347422246821225
600.0 0.008068625902524218
601.0 0.008986300963442773
602.0 0.009903973113978282
603.0 0.010806851787492633
604.0 0.011709730461006984
605.0 0.011665571219054982
606.0 0.01162141197710298
607.0 0.009958347072824836
608.0 0.008295284351333976
609.0 0.006579713226528838
610.0 0.004864144284510985
611.0 0.004157335570198484
612.0 0.0034505272196838632
613.0 0.0036632700357586145
614.0 0.0038760121242376044
615.0 0.004778189031640068
616.0 0.005680366666638292
617.0 0.00676442650728859
618.0 0.007848485984141007
619.0 0.008820841321721673
620.0 0.0097931973868981
621.0 0.010947107512038201
622.0 0.012101018364774063
623.0 0.012093964323867112
624.0 0.012086908100172877
625.0 0.010595683852443472
626.0 0.009104455966735259
627.0 0.007139302761061117
628.0 0.0051741470088018104
629.0 0.004194246139377356
630.0 0.0032143456337507814
631.0 0.002787657103908714
632.0 0.0023609687559655868
633.0 0.00242466321651591
634.0 0.002488358222763054
635.0 0.0028627238862100057
636.0 0.0032370891858590767
637.0 0.003956597720389254
638.0 0.004676105891121551
639.0 0.004806756624020636
640.0 0.00493740699312184
641.0 0.005260217949398793
642.0 0.005583029269473627
643.0 0.0054857100622029975
644.0 0.005388390491134487
645.0 0.005067478195996955
646.0 0.004746565537061542
647.0 0.0038417212635977194
648.0 0.002936877172032837
649.0 0.002149687315977644
650.0 0.001362497187074041
651.0 0.0014152769836073276
652.0 0.0014680569620395545
653.0 0.0015242248991853558
654.0 0.0015803927453816868
655.0 0.0015877500118222088
656.0 0.001595107460161671
657.0 0.0017049520465661772
658.0 0.0018147968148696236
659.0 0.001972473728528712
660.0 0.0021301508240867406
661.0 0.001873233304650057
662.0 0.0016163157852133736
663.0 0.002224387390015181
664.0 0.0028324589948169887
665.0 0.0034496646549087018
666.0 0.004066869951202534
667.0 0.004781473762704991
668.0 0.005496076119015925
669.0 0.005645165219902992
670.0 0.005794250682811253
671.0 0.006320713146124035
672.0 0.006847175973234698
673.0 0.007963230018503964
674.0 0.00907928406377323
675.0 0.008504543075105175
676.0 0.007929803541628644
677.0 0.006323740672087297
678.0 0.00471767780254595
679.0 0.0031185740226646885
680.0 0.0015194708794297185
681.0 0.0006288449640123872
682.0 1.673724201768645e-10
683.0 0.00015970675804055645
684.0 0.0005811945356981596
685.0 0.00024069211121968692
686.0 1.673724201768645e-10
687.0 0.0001873080918812775
688.0 0.00047442654249607585
689.0 0.0004468902261578478
690.0 0.0004193540007690899
691.0 0.00038612042772001587
692.0 0.0003528869001456769
693.0 0.00040558552427683026
694.0 0.00045828423935745377
695.0 0.000505965272168396
696.0 0.0005536462595046032
697.0 0.0005950954346189974
698.0 0.0006365444278344512
699.0 0.00043062523218395654
700.0 0.00022470571821031626
701.0 0.00026403245101391803
702.0 0.0003033592292922549
703.0 0.00034723448152362835
704.0 0.0003911097337550018
705.0 0.00038360876715159975
706.0 0.0003761076413866249
707.0 5.586882423358475e-06
708.0 1.673724201768645e-10
709.0 1.673724201768645e-10
710.0 0.00017490234540673555
711.0 0.0003260168796259677
712.0 0.0004771314706886187
713.0 0.00030005021471879445
714.0 0.00012296900422370527
715.0 0.00029284881293278886
716.0 0.00046272862164187245
717.0 0.0003687215667014243
718.0 0.00027471451176097617
719.0 0.00045582792154164053
720.0 0.0006369411494233645
721.0 0.00035258892694400856
722.0 6.823672151767823e-05
723.0 0.00020816223695874214
724.0 0.00034808774671546416
725.0 0.0004599026397045236
726.0 0.000571717737329891
727.0 0.0004152785550104454
728.0 0.00025883966827677796
729.0 0.00042000665416708216
730.0 0.0005811737537442241
731.0 0.0006766384558432037
732.0 0.0007721034307905938
733.0 0.0003499251306493534
734.0 1.673724201768645e-10
735.0 1.673724201768645e-10
736.0 1.673724201768645e-10
737.0 0.0003099897412539576
738.0 0.0007813297997927293
739.0 0.0004822174560104031
740.0 0.00018310475979887997
741.0 0.00011445333711890271
742.0 4.58018320159681e-05
743.0 1.673724201768645e-10
744.0 1.673724201768645e-10
745.0 0.0001360840769848437
746.0 0.00039140586522989906
747.0 0.00026451969006302534
748.0 0.00013763349215878407
749.0 1.673724201768645e-10
750.0 1.673724201768645e-10
751.0 1.673724201768645e-10
752.0 1.673724201768645e-10
753.0 7.772150070195494e-05
754.0 0.00030700230126967654
755.0 1.673724201768645e-10
756.0 1.673724201768645e-10
757.0 1.673724201768645e-10
758.0 1.673724201768645e-10
759.0 0.00012880776694146334
760.0 0.0005264092123979935
761.0 0.0002264869863211061
762.0 1.673724201768645e-10
763.0 1.673724201768645e-10
764.0 1.673724201768645e-10
765.0 9.404135994373064e-05
766.0 0.00026171503577643307
767.0 1.673724201768645e-10
768.0 1.673724201768645e-10
769.0 1.673724201768645e-10
770.0 1.673724201768645e-10
771.0 1.673724201768645e-10
772.0 1.673724201768645e-10
773.0 0.0003429800244703074
774.0 0.0007243356321851024
775.0 0.00043489644667715766
776.0 0.0001454570906389563
777.0 0.0001326504843746079
778.0 0.00011984392358499463
779.0 0.0004330161573307123
780.0 0.0007461882432835409
781.0 0.0007360562904068502
782.0 0.0007259242011059541
783.0 0.000621676326773013
784.0 0.0005174285888642771
785.0 0.0002465623992975452
786.0 1.673724201768645e-10
787.0 0.0005421820787887555
788.0 0.0011086680387961678
789.0 0.0008793669621809386
790.0 0.0006500659310404444
791.0 0.0005253757080936339
792.0 0.0004006853487226181
793.0 0.0005219052127358736
794.0 0.0006431247584259836
795.0 0.0007946438927319832
796.0 0.0009461628906137776
797.0 0.00047774369704711717
798.0 9.324551086820065e-06
799.0 0.0005067363417765591
800.0 0.0010041480891231913
801.0 0.0005180008884053677
802.0 3.185370189839887e-05
803.0 0.0003294752104920917
804.0 0.000627096596872434
805.0 0.0007708368684689049
806.0 0.0009145770491159055
807.0 0.000688154705130728
808.0 0.0004617324066202855
809.0 0.00011398000197004876
810.0 1.673724201768645e-10
811.0 8.403301876569458e-05
812.0 0.0004018383606307907
813.0 0.0008816535228106659
814.0 0.0013614685485663358
815.0 0.0011221821296203416
816.0 0.0008828949830785859
817.0 0.0008929567229642998
818.0 0.0009030183719005436
819.0 0.0009522985237708781
820.0 0.0010015786756412126
821.0 0.00087027237896109
822.0 0.0007389661277557025
823.0 0.0006522652256535366
824.0 0.0005655647328239866
825.0 0.0006073103122616885
826.0 0.0006490559826488607
827.0 0.0007961969458847307
828.0 0.0009433380000700708
829.0 0.0005723210961150471
830.0 0.00020130412394792074
831.0 0.00013213891634222819
832.0 6.29739247415273e-05
833.0 0.00043429745346657
834.0 0.0008056209480855614
835.0 0.0002652211378517677
836.0 1.673724201768645e-10
837.0 1.673724201768645e-10
838.0 0.00011361321412550751
839.0 0.00042386172935948707
840.0 0.0007341101991187315
841.0 0.0010290501450072043
842.0 0.001323990090895677
843.0 0.0009583324754203204
844.0 0.0005926746780460235
845.0 0.0005367389803723199
846.0 0.0004808032372238813
847.0 0.0008092138159554452
848.0 0.001137624349212274
849.0 0.0009813628821575548
850.0 0.000825101051304955
851.0 0.0011073899258917663
852.0 0.0013896787095291074
853.0 0.0006022597972332733
854.0 1.673724201768645e-10
855.0 1.673724201768645e-10
856.0 1.673724201768645e-10
857.0 0.00035768823636317393
858.0 0.0014452928553509992
859.0 0.001159525436378317
860.0 0.000873757653607754
861.0 0.0010468039363331627
862.0 0.001219850491906982
863.0 0.001470600636821473
864.0 0.0017213505998370238
865.0 0.0017740982002578676
866.0 0.0018268459825776517
867.0 0.002598824903543573
868.0 0.003370803824509494
869.0 0.002983615377161186
870.0 0.0025964265660149977
871.0 0.0031732361094327644
872.0 0.003750045652850531
873.0 0.0027050455173593946
874.0 0.0016600455637671985
875.0 0.0025872157493722625
876.0 0.003514385753078386
877.0 0.0023103611965780146
