lsstCam/transmission_filter_detector/r41_s11/z_20/19700101T000000.ecsv
# %ECSV 1.0
# ---
# datatype:
# - {name: wavelength, unit: nm, datatype: float32}
# - {name: efficiency, unit: '%', datatype: float64}
# meta: !!omap
# - {MODE: DETECTOR}
# - {TYPE: transmission_filter_detector}
# - {CALIBDATE: '1970-01-01T00:00:00'}
# - {INSTRUME: LSSTCam}
# - {OBSTYPE: transmission_filter_detector}
# - {CALIBCLS: lsst.ip.isr.IntermediateFilterDetectorTransmissionCurve}
# - {SOURCE: Materion (DM-46256)}
# - {DETECTOR: 166}
# - {FILTER: z_20}
# - {CALIB_ID: 'calibDate=1970-01-01T00:00:00 filter=z_20 detector=166'}
# - {DATE: '2025-04-02T15:59:49.411080'}
# - {CALIB_CREATION_DATE: '2025-04-02'}
# - {CALIB_CREATION_TIME: '15:59:49'}
# - __serialized_columns__:
#     efficiency:
#       __class__: astropy.units.quantity.Quantity
#       unit: !astropy.units.Unit {unit: '%'}
#       value: !astropy.table.SerializedColumn {name: efficiency}
#     wavelength:
#       __class__: astropy.units.quantity.Quantity
#       unit: !astropy.units.Unit {unit: nm}
#       value: !astropy.table.SerializedColumn {name: wavelength}
# schema: astropy-2.0
wavelength efficiency
[from data line 598]
898.0 98.8252341747284
899.0 98.72313141822815
900.0 98.71580004692078
901.0 99.238520860672
902.0 98.77179265022278
903.0 98.81475567817688
904.0 97.75895476341248
905.0 98.4585165977478
906.0 97.70420789718628
907.0 98.6301064491272
908.0 98.27747344970703
909.0 98.19883108139038
910.0 97.76413440704346
911.0 97.08296656608582
912.0 95.66653370857239
913.0 94.69610452651978
914.0 92.41978526115417
915.0 90.0861144065857
916.0 87.58857846260071
917.0 86.40677332878113
918.0 82.76512622833252
919.0 81.73511028289795
920.0 78.37827205657959
921.0 74.3570327758789
922.0 69.51584815979004
923.0 63.74610662460327
924.0 58.30118656158447
925.0 52.71096229553223
926.0 46.36325240135193
927.0 39.08461332321167
928.0 33.0433189868927
929.0 26.88649892807007
930.0 21.19482159614563
931.0 16.010068356990814
932.0 10.903186351060867
933.0 7.128171622753143
934.0 4.347535222768784
935.0 2.6045041158795357
936.0 1.4931201003491879
937.0 1.0461203753948212
938.0 0.5494963843375444
939.0 0.1624067430384457
940.0 0.22647434379905462
941.0 0.08721149642951787
942.0 0.10053301230072975
943.0 1.6792047353303419e-10
944.0 1.6792047353303419e-10
945.0 0.04089980502612889
946.0 0.05322513752616942
947.0 1.6792047353303419e-10
948.0 1.6792047353303419e-10
949.0 1.6792047353303419e-10
950.0 0.017863677931018174
951.0 0.061259279027581215
952.0 0.0823762733489275
953.0 0.012929501826874912
954.0 0.1141328364610672
955.0 1.6792047353303419e-10
956.0 0.005409485675045289
957.0 1.6792047353303419e-10
958.0 0.04796012071892619
959.0 1.6792047353303419e-10
960.0 0.02423662372166291
961.0 0.037347618490457535
962.0 1.6792047353303419e-10
963.0 1.6792047353303419e-10
964.0 0.064697558991611
965.0 1.6792047353303419e-10
966.0 1.6792047353303419e-10
967.0 0.014340371126309037
968.0 1.6792047353303419e-10
969.0 0.06346796872094274
970.0 1.6792047353303419e-10
971.0 1.6792047353303419e-10
972.0 1.6792047353303419e-10
973.0 1.6792047353303419e-10
974.0 1.6792047353303419e-10
975.0 1.6792047353303419e-10
976.0 0.0057665372878545895
977.0 0.005716052692150697
978.0 0.005665568460244685
979.0 0.0054380594519898295
980.0 0.005210550079937093
981.0 0.0052414841775316745
982.0 0.005272417547530495
983.0 0.005113456427352503
984.0 0.0049544949433766305
985.0 0.00496867869514972
986.0 0.00498286281072069
987.0 0.004871994678978808
988.0 0.004761126547236927
989.0 0.004643405554816127
990.0 0.004525684562395327
991.0 0.004440289194462821
992.0 0.004354893826530315
993.0 0.004390392859932035
994.0 0.004425891529535875
995.0 0.004338497819844633
996.0 0.004251104473951273
997.0 0.004272409933037125
998.0 0.004293715028325096
999.0 0.004261423600837588
1000.0 0.0042291325371479616
1001.0 0.004101042577531189
1002.0 0.003972952617914416
1003.0 0.003948407174902968
1004.0 0.003923862095689401
1005.0 0.0038681773730786517
1006.0 0.003812493014265783
1007.0 0.003893545363098383
1008.0 0.003974597711930983
1009.0 0.004039686609758064
1010.0 0.0041047755075851455
1011.0 0.0040684968553250656
1012.0 0.004032218203064986
1013.0 0.004009591066278517
1014.0 0.003986963929492049
1015.0 0.00388114494853653
1016.0 0.003775326331378892
1017.0 0.003866176848532632
1018.0 0.003957027001888491
1019.0 0.003909748556907289
1020.0 0.003862470475723967
1021.0 0.0039268223190447316
1022.0 0.003991174526163377
1023.0 0.00407542975153774
1024.0 0.004159685340709984
1025.0 0.004124463885091245
1026.0 0.004089242429472506
1027.0 0.004236602035234682
1028.0 0.0043839616409968585
1029.0 0.004383829582366161
1030.0 0.004383697159937583
1031.0 0.004353245094534941
1032.0 0.004322792665334418
1033.0 0.004460236959857866
1034.0 0.004597681254381314
1035.0 0.0045527882321039215
1036.0 0.00450789557362441
1037.0 0.0046907687647035345
1038.0 0.004873641955782659
1039.0 0.005010142194805667
1040.0 0.005146642797626555
1041.0 0.005162366869626567
1042.0 0.005178090941626579
1043.0 0.0051893279305659235
1044.0 0.005200564919505268
1045.0 0.005236022116150707
1046.0 0.005271478948998265
1047.0 0.005428354415926151
1048.0 0.005585229155258276
1049.0 0.005761649299529381
1050.0 0.005938069080002606
1051.0 0.0058126905059907585
1052.0 0.005687313387170434
1053.0 0.005919011891819537
1054.0 0.0061507089412771165
1055.0 0.0061828272009734064
1056.0 0.006214944733073935
1057.0 0.006551628757733852
1058.0 0.00688831350998953
1059.0 0.007493122393498197
1060.0 0.008097932732198387
1061.0 0.007990389713086188
1062.0 0.007882848876761273
1063.0 0.008162733865901828
1064.0 0.008442618127446622
1065.0 0.008368329145014286
1066.0 0.008294041617773473
1067.0 0.008496471855323762
1068.0 0.00869890209287405
1069.0 0.009380160190630704
1070.0 0.01006141901598312
1071.0 0.010211249173153192
1072.0 0.010361080057919025
1073.0 0.01063945674104616
1074.0 0.010917833424173295
1075.0 0.01091490630642511
1076.0 0.010911979916272685
1077.0 0.010895056038862094
1078.0 0.010878133616643026
1079.0 0.011812587035819888
1080.0 0.012747042637784034
1081.0 0.012446779874153435
1082.0 0.012146517838118598
1083.0 0.012589318794198334
1084.0 0.013032121933065355
1085.0 0.013382075121626258
1086.0 0.013732028310187161
1087.0 0.01390095567330718
1088.0 0.014069881581235677
1089.0 0.014778657350689173
1090.0 0.015487434575334191
1091.0 0.015662406804040074
1092.0 0.01583738048793748
1093.0 0.014535081572830677
1094.0 0.013232784112915397
1095.0 0.015784622519277036
1096.0 0.018336460925638676
1097.0 0.018522184109315276
1098.0 0.0187079087481834
1099.0 0.019362359307706356
1100.0 0.020016806956846267
1101.0 0.02131838264176622
1102.0 0.022619959781877697
1103.0 0.02242799528175965
1104.0 0.022236030781641603
1105.0 0.023491508909501135
1106.0 0.024746984126977623
1107.0 0.02460639807395637
1108.0 0.024465812020935118
1109.0 0.026876089395955205
1110.0 0.02928636677097529
1111.0 0.027671022689901292
1112.0 0.026055684429593384
1113.0 0.026137131499126554
1114.0 0.026218575658276677
1115.0 0.02792823943309486
1116.0 0.02963790320791304
1117.0 0.03159338957630098
1118.0 0.033548875944688916
1119.0 0.033977406565099955
1120.0 0.03440593427512795
1121.0 0.03694642218761146
1122.0 0.03948691301047802
1123.0 0.038247334305197
1124.0 0.03700775559991598
1125.0 0.03977581800427288
1126.0 0.04254387749824673
1127.0 0.04215636872686446
1128.0 0.04176886286586523
1129.0 0.04432514251675457
1130.0 0.046881422167643905
1131.0 0.05209636292420328
1132.0 0.05731129785999656
1133.0 0.05734895821660757
1134.0 0.057386624393984675
1135.0 0.06295654457062483
1136.0 0.06852647056803107
1137.0 0.07255497039295733
1138.0 0.07658347021788359
1139.0 0.0897098972927779
1140.0 0.1028363243676722
1141.0 0.14153963420540094
1142.0 0.1802429324015975
1143.0 0.38755014538764954
1144.0 0.5948573816567659
1145.0 0.9862258099019527
1146.0 1.3775940984487534
1147.0 1.4874045737087727
1148.0 1.5972146764397621
1149.0 2.116340398788452
1150.0 2.6354653760790825
