lsstCam/transmission_filter_detector/r41_s11/z_20/19700101T000000.ecsv
# %ECSV 1.0
# ---
# datatype:
# - {name: wavelength, unit: nm, datatype: float32}
# - {name: efficiency, unit: '%', datatype: float64}
# meta: !!omap
# - {MODE: DETECTOR}
# - {TYPE: transmission_filter_detector}
# - {CALIBDATE: '1970-01-01T00:00:00'}
# - {INSTRUME: LSSTCam}
# - {OBSTYPE: transmission_filter_detector}
# - {CALIBCLS: lsst.ip.isr.IntermediateFilterDetectorTransmissionCurve}
# - {SOURCE: Materion (DM-46256)}
# - {DETECTOR: 166}
# - {FILTER: z_20}
# - {CALIB_ID: 'calibDate=1970-01-01T00:00:00 filter=z_20 detector=166'}
# - {DATE: '2025-04-02T15:59:49.411080'}
# - {CALIB_CREATION_DATE: '2025-04-02'}
# - {CALIB_CREATION_TIME: '15:59:49'}
# - __serialized_columns__:
#     efficiency:
#       __class__: astropy.units.quantity.Quantity
#       unit: !astropy.units.Unit {unit: '%'}
#       value: !astropy.table.SerializedColumn {name: efficiency}
#     wavelength:
#       __class__: astropy.units.quantity.Quantity
#       unit: !astropy.units.Unit {unit: nm}
#       value: !astropy.table.SerializedColumn {name: wavelength}
# schema: astropy-2.0
wavelength efficiency
300.0 0.3649943508207798
301.0 0.3256764495745301
302.0 0.2863585250452161
303.0 0.23531957995146513
304.0 0.18428063485771418
305.0 0.18336394568905234
306.0 0.1824472565203905
307.0 0.16425489448010921
308.0 0.14606250915676355
309.0 0.12794149806723
310.0 0.10982047533616424
311.0 0.10764497565105557
312.0 0.10546947596594691
313.0 0.09428311022929847
314.0 0.08309674449265003
315.0 0.07389434613287449
316.0 0.06469194195233285
317.0 0.06759021198377013
318.0 0.07048847619444132
319.0 0.06324390997178853
320.0 0.05599934374913573
321.0 0.05442406400106847
322.0 0.05284877843223512
323.0 0.047929942957125604
324.0 0.04301110748201609
325.0 0.04140641540288925
326.0 0.03980172041337937
327.0 0.03936489229090512
328.0 0.03892806125804782
329.0 0.038812856655567884
330.0 0.038697649142704904
331.0 0.036236183950677514
332.0 0.03377471293788403
333.0 0.03084311611019075
334.0 0.02791152219288051
335.0 0.026025186525657773
336.0 0.024138849403243512
337.0 0.02186549681937322
338.0 0.019592141325119883
339.0 0.018221925711259246
340.0 0.016851708642207086
341.0 0.016316883557010442
342.0 0.01578205992700532
343.0 0.0168513972312212
344.0 0.017920733080245554
345.0 0.01576324866618961
346.0 0.013605762796942145
347.0 0.012922156020067632
348.0 0.01223854924319312
349.0 0.012570830585900694
350.0 0.012903113383799791
351.0 0.012115354184061289
352.0 0.011327593529131263
353.0 0.011039610399166122
354.0 0.010751624358817935
355.0 0.010572151222731918
356.0 0.010392676631454378
357.0 0.01080137662938796
358.0 0.011210077354917303
359.0 0.00949123059399426
360.0 0.0077723831054754555
361.0 0.008613436511950567
362.0 0.009454491373617202
363.0 0.009014414536068216
364.0 0.008574336970923468
365.0 0.008683438500156626
366.0 0.008792540029389784
367.0 0.008330820855917409
368.0 0.007869100954849273
369.0 0.008017814252525568
370.0 0.008166527550201863
371.0 0.008843153773341328
372.0 0.009519780724076554
373.0 0.008145830361172557
374.0 0.006771877087885514
375.0 0.006204972305567935
376.0 0.005638067887048237
377.0 0.005736198363592848
378.0 0.005834328840137459
379.0 0.00581573331146501
380.0 0.005797137782792561
381.0 0.0044788248487748206
382.0 0.0031605115509591997
383.0 0.0039996095438255
384.0 0.0048387075366918
385.0 0.005245403372100554
386.0 0.005652099207509309
387.0 0.0048592788516543806
388.0 0.004066458132001571
389.0 0.004004726724815555
390.0 0.003942995681427419
391.0 0.00422199082095176
392.0 0.004500986324273981
393.0 0.004090253059985116
394.0 0.003679519795696251
395.0 0.003646385812317021
396.0 0.003613252192735672
397.0 0.0035013010347029194
398.0 0.003389349876670167
399.0 0.0042211606341879815
400.0 0.005052971391705796
401.0 0.004205770892440341
402.0 0.003358570029377006
403.0 0.00426039332523942
404.0 0.005162216621101834
405.0 0.004855794759350829
406.0 0.004549372170004062
407.0 0.004162807817920111
408.0 0.00377624346583616
409.0 0.0035615066735772416
410.0 0.0033467695175204426
411.0 0.0035115634091198444
412.0 0.0036763573007192463
413.0 0.0037403202441055328
414.0 0.0038042839150875807
415.0 0.003682582246256061
416.0 0.003560880577424541
417.0 0.0030118053473415785
418.0 0.002462730299157556
419.0 0.002862362453015521
420.0 0.003261994424974546
421.0 0.003556004958227277
422.0 0.0038500154914800078
423.0 0.003388993354747072
424.0 0.0029279713999130763
425.0 0.003286375795141794
426.0 0.00364477964467369
427.0 0.002620349550852552
428.0 0.0015959196389303543
429.0 0.0012828443686885294
430.0 0.0009697692803456448
431.0 0.0011705924407579005
432.0 0.0013714157830690965
433.0 0.0018134449419449084
434.0 0.00225547410082072
435.0 0.002582301021902822
436.0 0.002909128124883864
437.0 0.002388678149145562
438.0 0.0018682283553062007
439.0 0.002053360549325589
440.0 0.002238492379547097
441.0 0.0020773619326064363
442.0 0.0019162314856657758
443.0 0.0016580817828071304
444.0 0.001399932170897955
445.0 0.0018549231754150242
446.0 0.002309914088982623
447.0 0.002680741272342857
448.0 0.0030515686376020312
449.0 0.002285173650307115
450.0 0.001518778572062729
451.0 0.0016315303582814522
452.0 0.0017442822354496457
453.0 0.002347300869587343
454.0 0.00295031913992716
455.0 0.0024456192477373406
456.0 0.001940919173648581
457.0 0.001699524000287056
458.0 0.001458128826925531
459.0 0.0015990750398486853
460.0 0.0017400212527718395
461.0 0.001445604630134767
462.0 0.0011511879165482242
463.0 0.0010132995157619007
464.0 0.000875411024026107
465.0 0.0013067145118839107
466.0 0.001738017817842774
467.0 0.0015490519217564724
468.0 0.0013600858437712304
469.0 0.0010380308594903909
470.0 0.0007159757842600811
471.0 0.001038929167407332
472.0 0.001361882641504053
473.0 0.0013960834621684626
474.0 0.0014302844647318125
475.0 0.0014864644981571473
476.0 0.0015426445315824822
477.0 0.0014760795238544233
478.0 0.0014095144251768943
479.0 0.0013410524843493477
480.0 0.0012725906344712712
481.0 0.0008632826393295545
482.0 0.00045397464418783784
483.0 0.0006622024557145778
484.0 0.0008704301762918476
485.0 0.0011838869795610663
486.0 0.001497343782830285
487.0 0.0013300609680300113
488.0 0.0011627780622802675
489.0 0.0013711860447074287
490.0 0.0015795940271345899
491.0 0.0012233776033099275
492.0 0.0008671612704347353
493.0 0.0012005819371552207
494.0 0.0015340025129262358
495.0 0.001177366721094586
496.0 0.0008207310202124063
497.0 0.0008190275366359856
498.0 0.0008173242349585053
499.0 0.0011487457413750235
500.0 0.0014801672477915417
501.0 0.0014494347851723433
502.0 0.0014187022316036746
503.0 0.001056110704666935
504.0 0.000693519086780725
505.0 0.0013061535355518572
506.0 0.0019187878933735192
507.0 0.0019519558918545954
508.0 0.0019851238903356716
509.0 0.001655001142353285
510.0 0.0013248783943708986
511.0 0.001348159639746882
512.0 0.001371440612274455
513.0 0.0013364981896302197
514.0 0.0013015556760365143
515.0 0.0012317962500674184
516.0 0.001162037096946733
517.0 0.00112708548840601
518.0 0.0010921338798652869
519.0 0.0015095247363206
520.0 0.0019269155018264428
521.0 0.001885046367533505
522.0 0.0018431770513416268
523.0 0.0015225684364850167
524.0 0.0012019596397294663
525.0 0.0007794034900143743
526.0 0.0003568471129256068
527.0 0.0008331938261108007
528.0 0.0013095406757202
529.0 0.0013569020666182041
530.0 0.0014042635484656785
531.0 0.0013907299035054166
532.0 0.0013771965313935652
533.0 0.0011758239452319685
534.0 0.000974451450019842
535.0 0.0014491259207716212
536.0 0.0019238006643718109
537.0 0.0018104523405781947
538.0 0.001697104198683519
539.0 0.0014357448890223168
540.0 0.0011743854884116445
541.0 0.0010929144991678186
542.0 0.0010114434189745225
543.0 0.0007465833732567262
544.0 0.0004817233275389299
545.0 0.0009546288310957607
546.0 0.0014275344256020617
547.0 0.0018990052922163159
548.0 0.0023704760678811
549.0 0.001996508399315644
550.0 0.0016225403669523075
551.0 0.0015335353964474052
552.0 0.0014445302440435626
553.0 0.0016488340406795032
554.0 0.001853137837315444
555.0 0.0016114676327561028
556.0 0.0013697973372472916
557.0 0.0011974301742156968
558.0 0.0010250628292851616
559.0 0.0012945729395141825
560.0 0.0015640829587937333
561.0 0.0012286454875720665
562.0 0.0008932078344514593
563.0 0.0011410568731662352
564.0 0.0013889061847294215
565.0 0.0016063622751971707
566.0 0.00182381845661439
567.0 0.0023061858883011155
568.0 0.0027885535018867813
569.0 0.0027892692742170766
570.0 0.0027899848646484315
571.0 0.002690916335268412
572.0 0.0025918474420905113
573.0 0.002547284384490922
574.0 0.0025027215087902732
575.0 0.0020904888515360653
576.0 0.0016782558304839768
577.0 0.0018719361833063886
578.0 0.0020656161723309197
579.0 0.001933986641233787
580.0 0.0018023571101366542
581.0 0.001624253491172567
582.0 0.00144614996315795
583.0 0.0015026824257802218
584.0 0.0015592147974530235
585.0 0.0016899637557798997
586.0 0.0018207123503088951
587.0 0.0020087481971131638
588.0 0.0021967842258163728
589.0 0.002277350358781405
590.0 0.002357916491746437
591.0 0.0021405870938906446
592.0 0.001923257514135912
593.0 0.0018119753804057837
594.0 0.0017006932466756552
595.0 0.0012191982023068704
596.0 0.0007377032488875557
597.0 0.0008576396794524044
598.0 0.0009775762009667233
599.0 0.0009917485840560403
600.0 0.0010059210580948275
601.0 0.0009352949746244121
602.0 0.000864668982103467
603.0 0.001076541047950741
604.0 0.0012884128409496043
605.0 0.0009330688953923527
606.0 0.000577724904360366
607.0 0.00085589326772606
608.0 0.0011340614946675487
609.0 0.0009819561455515213
610.0 0.0008298507054860238
611.0 0.0009034375580085907
612.0 0.0009770243195816875
613.0 0.0006933581062185112
614.0 0.000409691892855335
615.0 0.0008925700967665762
616.0 0.0013754483006778173
617.0 0.0014536305570800323
618.0 0.0015318129953811876
619.0 0.0016026744560804218
620.0 0.001673535916779656
621.0 0.0014836142327112611
622.0 0.0012936924576933961
623.0 0.001307684760831762
624.0 0.0013216772458690684
625.0 0.0015248705494741444
626.0 0.00172806376212975
627.0 0.0019405992134124972
628.0 0.002153134482796304
629.0 0.0021991418179823086
630.0 0.002245148971269373
631.0 0.0021616713638650253
632.0 0.002078193938359618
633.0 0.0026271285605616868
634.0 0.003176063546561636
635.0 0.006027079507475719
636.0 0.008878096559783444
637.0 0.0159271847223863
638.0 0.022976276522967964
639.0 0.019964430248364806
640.0 0.01695258542895317
641.0 0.014782290963921696
642.0 0.012611995043698698
643.0 0.009071267413673922
644.0 0.005530540147447027
645.0 0.005767810580437072
646.0 0.006005081377224997
647.0 0.005779212369816378
648.0 0.005553343362407759
649.0 0.0043503187043825164
650.0 0.003147294046357274
651.0 0.003159693005727604
652.0 0.0031720916013000533
653.0 0.002826677336997818
654.0 0.002481263072695583
655.0 0.0021852756617590785
656.0 0.0018892886146204546
657.0 0.0020112131096539088
658.0 0.0021331374227884226
659.0 0.0022558037017006427
660.0 0.0023784697987139225
661.0 0.0021941128579783253
662.0 0.002009756281040609
663.0 0.0018961596651934087
664.0 0.0017825628674472682
665.0 0.0017739508621161804
666.0 0.0017653390386840329
667.0 0.001669253470026888
668.0 0.0015731680832686834
669.0 0.0014556143469235394
670.0 0.0013380606105783954
671.0 0.0013051647329120897
672.0 0.0012722687642963137
673.0 0.0012402941138134338
674.0 0.0012083194633305538
675.0 0.001166350739367772
676.0 0.00112438201540499
677.0 0.0013123777534929104
678.0 0.0015003731277829502
679.0 0.0018153306882595643
680.0 0.0021302883396856487
681.0 0.002146488805010449
682.0 0.0021626892703352496
683.0 0.0024634964574943297
684.0 0.0027643034627544694
685.0 0.002870294156309683
686.0 0.0029762844860670157
687.0 0.002727028368099127
688.0 0.0024777722501312383
689.0 0.0021857131287106313
690.0 0.0018936540072900243
691.0 0.0023194275854621083
692.0 0.002745201163634192
693.0 0.0030431403502007015
694.0 0.003341079718666151
695.0 0.003508884401526302
696.0 0.0036766894481843337
697.0 0.003591425047488883
698.0 0.0035061606467934325
699.0 0.004998383155907504
700.0 0.006490605301223695
701.0 0.006519877933897078
702.0 0.006549150566570461
703.0 0.0059086258261231706
704.0 0.005268101813271642
705.0 0.004492191146709956
706.0 0.00371628011635039
707.0 0.003409487908356823
708.0 0.0031026953365653753
709.0 0.0037538775359280407
710.0 0.004405059735290706
711.0 0.003891678716172464
712.0 0.0033782973332563415
713.0 0.0024461993234581314
714.0 0.0015141014955588616
715.0 0.0019139093637932092
716.0 0.002313717413926497
717.0 0.0023197677364805713
718.0 0.002325817877135705
719.0 0.002241232323285658
720.0 0.002156646951334551
721.0 0.002067374407488387
722.0 0.001978102227440104
723.0 0.002015076097450219
724.0 0.0020520499674603343
725.0 0.0021161626136745326
726.0 0.002180275259888731
727.0 0.0020431696611922234
728.0 0.001906064062495716
729.0 0.0018053184248856269
730.0 0.0017045727872755378
731.0 0.0017655982446740381
732.0 0.0018266238839714788
733.0 0.0018466515030013397
734.0 0.0018666791220312007
735.0 0.0013358389878703747
736.0 0.0008049989446590189
737.0 0.00101901387097314
738.0 0.001233028706337791
739.0 0.0013548897186410613
740.0 0.0014767506399948616
741.0 0.0014141835890768562
742.0 0.0013516162653104402
743.0 0.0015142650227062404
744.0 0.0016769135982031003
745.0 0.0019323004380567
746.0 0.0021876870960113592
747.0 0.002376880729570985
748.0 0.002566074545029551
749.0 0.0032404015655629337
750.0 0.003914728949894197
751.0 0.003876087794196792
752.0 0.003837447366095148
753.0 0.0034645119740162045
754.0 0.0030915773095330223
755.0 0.0030523748137056828
756.0 0.003013172135979403
757.0 0.0028883567210868932
758.0 0.0027635416699922644
759.0 0.003130873665213585
760.0 0.003498205478535965
761.0 0.0048902162234298885
762.0 0.0062822262407280505
763.0 0.006033732643118128
764.0 0.005785237954114564
765.0 0.005006259016226977
766.0 0.00422727971454151
767.0 0.004195858855382539
768.0 0.00416443836002145
769.0 0.0046066983486525714
770.0 0.005048958337283693
771.0 0.004575644925353117
772.0 0.0041023326048161834
773.0 0.004092685412615538
774.0 0.004083038220414892
775.0 0.04175206704530865
776.0 1.6792047353303419e-10
777.0 1.6792047353303419e-10
778.0 1.6792047353303419e-10
779.0 1.6792047353303419e-10
780.0 0.0399880635086447
781.0 1.6792047353303419e-10
782.0 1.6792047353303419e-10
783.0 1.6792047353303419e-10
784.0 1.6792047353303419e-10
785.0 1.6792047353303419e-10
786.0 1.6792047353303419e-10
787.0 0.07184576243162155
788.0 0.020562649297062308
789.0 0.014315838052425534
790.0 1.6792047353303419e-10
791.0 1.6792047353303419e-10
792.0 0.09926501661539078
793.0 0.028700396069325507
794.0 1.6792047353303419e-10
795.0 0.026253124815411866
796.0 0.06335432990454137
797.0 0.1714410143904388
798.0 0.21704351529479027
799.0 0.12470589717850089
800.0 0.45014219358563423
801.0 0.5669411737471819
802.0 1.0673169046640396
803.0 1.6955304890871048
804.0 2.666001580655575
805.0 3.993891179561615
806.0 5.783876031637192
807.0 8.201228082180023
808.0 10.901035368442535
809.0 13.94960731267929
810.0 17.25076586008072
811.0 20.14792412519455
812.0 23.40553253889084
813.0 27.06475555896759
814.0 31.11521601676941
815.0 36.32870018482208
816.0 41.94748401641846
817.0 48.22928607463837
818.0 55.10188341140747
819.0 61.968863010406494
820.0 69.50510144233704
821.0 76.6869306564331
822.0 81.97656273841858
823.0 86.4551305770874
824.0 90.55250287055969
825.0 94.20158267021179
826.0 95.92792391777039
827.0 97.54136204719543
828.0 98.7342119216919
829.0 99.38345551490784
830.0 98.73974919319153
831.0 98.83691072463989
832.0 98.55079650878906
833.0 99.43360686302185
834.0 98.46720099449158
835.0 99.34065341949463
836.0 99.12062287330627
837.0 98.93180131912231
838.0 97.66218662261963
839.0 98.41797947883606
840.0 98.54289293289185
841.0 99.43702220916748
842.0 99.24217462539673
843.0 99.76611137390137
844.0 97.85177111625671
845.0 98.5436499118805
846.0 99.11222457885742
847.0 98.74200224876404
848.0 99.71016645431519
849.0 98.98346066474915
850.0 98.44824075698853
851.0 99.15241003036499
852.0 99.02269840240479
853.0 98.4969437122345
854.0 99.63733553886414
855.0 98.12929630279541
856.0 98.86184930801392
857.0 97.68721461296082
858.0 98.51137399673462
859.0 99.14929270744324
860.0 98.69595766067505
861.0 98.64575266838074
862.0 99.02458786964417
863.0 98.03084135055542
864.0 99.52460527420044
865.0 99.72410202026367
866.0 98.49694967269897
867.0 99.00867938995361
868.0 99.46500062942505
869.0 98.93460869789124
870.0 97.90536761283875
871.0 98.54642748832703
872.0 99.16448593139648
873.0 98.84806275367737
874.0 99.5187520980835
875.0 98.91116619110107
876.0 99.19503331184387
877.0 99.58125352859497
878.0 99.0807294845581
879.0 98.58798384666443
880.0 98.57288002967834
881.0 100.198495388031
882.0 98.86277914047241
883.0 98.75945448875427
884.0 99.34127926826477
885.0 99.04796481132507
886.0 98.60265254974365
887.0 98.73981475830078
888.0 99.13182854652405
889.0 99.4791328907013
890.0 98.2688307762146
891.0 99.33226704597473
892.0 98.54374527931213
893.0 98.57388138771057
894.0 98.30869436264038
895.0 99.66723918914795
896.0 98.9966332912445
