lsstCam/transmission_sensor/r03_s11/19700101T000000.ecsv
# %ECSV 1.0
# ---
# datatype:
# - {name: amp_name, datatype: string}
# - {name: wavelength, unit: nm, datatype: float32}
# - {name: efficiency, unit: '%', datatype: float64}
# meta: !!omap
# - {MODE: AMP}
# - {TYPE: transmission_sensor}
# - {CALIBDATE: '1970-01-01T00:00:00'}
# - {INSTRUME: LSSTCAM}
# - {OBSTYPE: transmission_sensor}
# - {DETECTOR: 22}
# - {PARQUETFILE: qe_raft_allvalues_nircorrected_20230725.parquet}
# - {CALIBCLS: lsst.ip.isr.IntermediateSensorTransmissionCurve}
# - {CALIB_ID: 'raftName=R03 detectorName=S11 detector=22 calibDate=1970-01-01T00:00:00 ccd=22 ccdnum=22 filter=None'}
# - {DATE: '2024-01-18T22:42:25.049305'}
# - {CALIB_CREATION_DATE: '2024-01-18'}
# - {CALIB_CREATION_TIME: '22:42:25'}
# - __serialized_columns__:
#     efficiency:
#       __class__: astropy.units.quantity.Quantity
#       unit: !astropy.units.Unit {unit: '%'}
#       value: !astropy.table.SerializedColumn {name: efficiency}
#     wavelength:
#       __class__: astropy.units.quantity.Quantity
#       unit: !astropy.units.Unit {unit: nm}
#       value: !astropy.table.SerializedColumn {name: wavelength}
# schema: astropy-2.0
amp_name wavelength efficiency
C00 319.992 47.61395829637639
C00 330.006 50.39932131580414
C00 349.994 57.01040047695135
C00 370.001 67.34157466798312
C00 400.009 83.23662336178275
C00 429.983 85.73234820343937
C00 449.989 85.45233842271324
C00 469.993 85.22336657034344
C00 500.016 85.29345288013778
C00 549.99 87.12837526480982
C00 569.998 88.07454361294971
C00 599.983 90.20691631180593
C00 630.013 92.00169336343997
C00 649.987 93.12882007543162
C00 670.017 94.2763592652403
C00 699.987 95.51559068449224
C00 720.012 96.11686273954183
C00 749.995 97.78368013146121
C00 770.007 98.94171261330264
C00 800.008 99.50836487622486
C00 830.013 99.00510459274936
C00 869.994 95.61721139323062
C00 900.005 88.26539493644498
C00 919.989 79.97375671952213
C00 959.989 57.666043056176576
C00 1000.013 30.69451208390665
C00 1030.002 12.890046605468237
C00 1049.996 6.033386552767189
C00 1080.005 0.5010205281197652
C00 1100.007 0.12093614186307178
C01 319.992 47.53645000406036
C01 330.006 50.209469500052705
C01 349.994 56.66566859543005
C01 370.001 66.96656932310418
C01 400.009 83.1493059638267
C01 429.983 85.81697437294876
C01 449.989 85.55877096520162
C01 469.993 85.28110161699465
C01 500.016 85.28492812012621
C01 549.99 87.04894436220717
C01 569.998 88.00626510099202
C01 599.983 90.15073243395514
C01 630.013 91.96084576200846
C01 649.987 93.09803486563732
C01 670.017 94.24187188373709
C01 699.987 95.49496084863443
C01 720.012 96.11626240649977
C01 749.995 97.8049208359098
C01 770.007 98.96975636987223
C01 800.008 99.55760287666882
C01 830.013 99.11454587718522
C01 869.994 95.71720115527829
C01 900.005 88.28563928807294
C01 919.989 80.09740424644774
C01 959.989 58.121059183803744
C01 1000.013 30.873969060881418
C01 1030.002 12.910138168826593
C01 1049.996 6.051592178218633
C01 1080.005 0.5011293731941289
C01 1100.007 0.12096241484514648
C02 319.992 47.68572689449718
C02 330.006 50.23042729183309
C02 349.994 56.50912259045806
C02 370.001 66.74767582392114
C02 400.009 83.30207590321783
C02 429.983 86.21373229542077
C02 449.989 86.00726822987643
C02 469.993 85.72744243087173
C02 500.016 85.69313834953299
C02 549.99 87.38699509979975
C02 569.998 88.32293997686114
C02 599.983 90.4608084711899
C02 630.013 92.27037634003213
C02 649.987 93.41031145296276
C02 670.017 94.55790062281986
C02 699.987 95.81698375243994
C02 720.012 96.4525674943567
C02 749.995 98.15904203923965
C02 770.007 99.34089151167184
C02 800.008 99.95785557657858
C02 830.013 99.5511281896369
C02 869.994 96.16737870853196
C02 900.005 88.63262499993847
C02 919.989 80.45835933825369
C02 959.989 58.58517321593575
C02 1000.013 31.05840769386177
C02 1030.002 12.944127666835886
C02 1049.996 6.0764699475029085
C02 1080.005 0.50294382047997
C02 1100.007 0.12140038543127603
C03 319.992 47.436831184040464
C03 330.006 49.914252919984726
C03 349.994 56.097683378018225
C03 370.001 66.30461672645478
C03 400.009 82.98349186216922
C03 429.983 86.00097372414047
C03 449.989 85.8055329189115
C03 469.993 85.52621645095681
C03 500.016 85.45237823783418
C03 549.99 87.0814647971511
C03 569.998 87.99511834762407
C03 599.983 90.10730272821652
C03 630.013 91.90520056697248
C03 649.987 93.04468029081114
C03 670.017 94.18764761305721
C03 699.987 95.44706459064433
C03 720.012 96.07608456179614
C03 749.995 97.79167338320556
C03 770.007 98.98378950468226
C03 800.008 99.61909603478152
C03 830.013 99.23289578248973
C03 869.994 95.9194914611117
C03 900.005 88.38780010459459
C03 919.989 80.21443603796405
C03 959.989 58.36836501323416
C03 1000.013 30.951837934327617
C03 1030.002 12.859451322522212
C03 1049.996 6.045420867954849
C03 1080.005 0.5010615264052755
C03 1100.007 0.1209460380134176
C04 319.992 47.3249108840136
C04 330.006 49.7348723735617
C04 349.994 55.82011505923388
C04 370.001 65.99155074704105
C04 400.009 82.81101738883305
C04 429.983 85.95005397169925
C04 449.989 85.76702462589726
C04 469.993 85.48373630285188
C04 500.016 85.3804583902128
C04 549.99 86.95606594063638
C04 569.998 87.84586041993786
C04 599.983 89.94161761904434
C04 630.013 91.72746593439732
C04 649.987 92.86346244201235
C04 670.017 94.02800837877243
C04 699.987 95.28723718293709
C04 720.012 95.91155625067712
C04 749.995 97.62769604046487
C04 770.007 98.84161208644109
C04 800.008 99.48655294422731
C04 830.013 99.11090756647754
C04 869.994 95.86178155073651
C04 900.005 88.37094801037713
C04 919.989 80.21934105209263
C04 959.989 58.33721451362392
C04 1000.013 30.96828697331443
C04 1030.002 12.861846803859363
C04 1049.996 6.050562542452658
C04 1080.005 0.5002213633422767
C04 1100.007 0.12074323977727303
C05 319.992 47.634226591503285
C05 330.006 49.876745489134684
C05 349.994 55.662297844237955
C05 370.001 65.64511300423955
C05 400.009 82.72954556961184
C05 429.983 86.16705403686056
C05 449.989 86.07295927388111
C05 469.993 85.82755543970458
C05 500.016 85.70865797302257
C05 549.99 87.19801738290973
C05 569.998 88.04810074772193
C05 599.983 90.1291404321307
C05 630.013 91.9058323075332
C05 649.987 93.05120529535502
C05 670.017 94.22385675490777
C05 699.987 95.51216103923629
C05 720.012 96.14315139756873
C05 749.995 97.88009919708712
C05 770.007 99.1122414664702
C05 800.008 99.77174957672729
C05 830.013 99.39775018597577
C05 869.994 96.19299111515159
C05 900.005 88.74492619107994
C05 919.989 80.60509095482635
C05 959.989 58.60694773555463
C05 1000.013 31.183294999440005
C05 1030.002 12.954650621295318
C05 1049.996 6.098217832197246
C05 1080.005 0.5015146347008197
C05 1100.007 0.12105540911905857
C06 319.992 48.15863883367115
C06 330.006 50.05405542403356
C06 349.994 55.404144723947994
C06 370.001 65.02731813703663
C06 400.009 82.31763409825066
C06 429.983 86.11713099910494
C06 449.989 86.1722136559319
C06 469.993 86.01339513917189
C06 500.016 85.92859531026687
C06 549.99 87.31377588228338
C06 569.998 88.10444427692073
C06 599.983 90.12885005693374
C06 630.013 91.88476190177295
C06 649.987 93.01150406907783
C06 670.017 94.18568734045394
C06 699.987 95.4736035122678
C06 720.012 96.11087423215933
C06 749.995 97.87060581126188
C06 770.007 99.12220724349038
C06 800.008 99.7985760044315
C06 830.013 99.43797373213309
C06 869.994 96.24545331474093
C06 900.005 88.78660145647729
C06 919.989 80.67417995991086
C06 959.989 58.7064806243733
C06 1000.013 31.228506693343107
C06 1030.002 12.96676415168893
C06 1049.996 6.103091528213954
C06 1080.005 0.5014660154249092
C06 1100.007 0.12104367341698892
C07 319.992 48.49510972196599
C07 330.006 50.171363384102676
C07 349.994 55.14894736193454
C07 370.001 64.43537683272935
C07 400.009 81.87701799473888
C07 429.983 85.99428773292837
C07 449.989 86.20526944728039
C07 469.993 86.14503250533554
C07 500.016 86.11728745292173
C07 549.99 87.48615199876957
C07 569.998 88.26057318533542
C07 599.983 90.2265054693232
C07 630.013 91.92474736314513
C07 649.987 93.02581289753533
C07 670.017 94.18486000106624
C07 699.987 95.44705716716975
C07 720.012 96.08329596981986
C07 749.995 97.85296244326594
C07 770.007 99.11432767581628
C07 800.008 99.82241921944325
C07 830.013 99.49123830144434
C07 869.994 96.27718556589919
C07 900.005 88.6983736457147
C07 919.989 80.6534596469712
C07 959.989 59.05791967838862
C07 1000.013 31.25236490328924
C07 1030.002 13.001138347133464
C07 1049.996 6.104450283182445
C07 1080.005 0.5013756258958103
C07 1100.007 0.12102185522731303
C10 319.992 48.030343963355556
C10 330.006 50.56947753575032
C10 349.994 56.7935499841875
C10 370.001 66.828239113427
C10 400.009 82.9148773260988
C10 429.983 85.73800837880718
C10 449.989 85.65656796316357
C10 469.993 85.59938887101728
C10 500.016 85.77538499875598
C10 549.99 87.60680860107864
C10 569.998 88.47926966068673
C10 599.983 90.45876839929339
C10 630.013 92.13239676933053
C10 649.987 93.21133605755143
C10 670.017 94.3179051188169
C10 699.987 95.52365257788611
C10 720.012 96.11212677887671
C10 749.995 97.77991860122856
C10 770.007 98.9424030135179
C10 800.008 99.5048869599201
C10 830.013 99.00674407843863
C10 869.994 95.94438081667136
C10 900.005 88.34838149112268
C10 919.989 79.78604587492593
C10 959.989 57.24615511664083
C10 1000.013 30.708771417928823
C10 1030.002 12.673170467138625
C10 1049.996 6.009150110624576
C10 1080.005 0.50100125857117
C10 1100.007 0.12093149058686302
C11 319.992 47.67859711811405
C11 330.006 50.29043307994373
C11 349.994 56.62727883259068
C11 370.001 66.84785350578976
C11 400.009 83.09685273367025
C11 429.983 85.86611167941939
C11 449.989 85.67188862276421
C11 469.993 85.48040066235635
C11 500.016 85.53188872594905
C11 549.99 87.28602738701744
C11 569.998 88.19564836635234
C11 599.983 90.2719082372975
C11 630.013 92.02884334306685
C11 649.987 93.14525921359179
C11 670.017 94.27853568957549
C11 699.987 95.50641526991137
C11 720.012 96.11042954101707
C11 749.995 97.79288244649463
C11 770.007 98.96267226331571
C11 800.008 99.54965763683467
C11 830.013 99.07613400014573
C11 869.994 96.06550305042062
C11 900.005 88.57955728207878
C11 919.989 80.11641383810667
C11 959.989 57.632015079792716
C11 1000.013 30.86479021299017
C11 1030.002 12.730043544122829
C11 1049.996 6.048100002332645
C11 1080.005 0.5010676928217196
C11 1100.007 0.1209475264606409
C12 319.992 47.644125321922004
C12 330.006 50.14998231814332
C12 349.994 56.37111051568165
C12 370.001 66.58760990390003
C12 400.009 83.14843136956586
C12 429.983 86.10367171320463
C12 449.989 85.92143483264381
C12 469.993 85.68013764738924
C12 500.016 85.66112085140496
C12 549.99 87.33853356621147
C12 569.998 88.24695020189974
C12 599.983 90.35681692309265
C12 630.013 92.14481604552996
C12 649.987 93.27695108612099
C12 670.017 94.42243311497012
C12 699.987 95.66410471693958
C12 720.012 96.2858231390454
C12 749.995 97.98392937287376
C12 770.007 99.16740594453897
C12 800.008 99.77185451385716
C12 830.013 99.32250602769784
C12 869.994 96.27821423647937
C12 900.005 88.81987615309411
C12 919.989 80.45120412227452
C12 959.989 58.002750154525266
C12 1000.013 30.983973167271248
C12 1030.002 12.774585588701957
C12 1049.996 6.0693581108224475
C12 1080.005 0.5020465851300772
C12 1100.007 0.12118381110853041
C13 319.992 47.548822482888745
C13 330.006 49.954833855233424
C13 349.994 56.03062899896431
C13 370.001 66.18506642008158
C13 400.009 82.94157861413056
C13 429.983 86.06519270610912
C13 449.989 85.91941189652049
C13 469.993 85.67343717042012
C13 500.016 85.61718781296739
C13 549.99 87.22077871882324
C13 569.998 88.11536051037247
C13 599.983 90.21122726665294
C13 630.013 91.99038892352415
C13 649.987 93.11861544503766
C13 670.017 94.26883867567109
C13 699.987 95.51666708830633
C13 720.012 96.13441321662322
C13 749.995 97.84732761127061
C13 770.007 99.04729131578523
C13 800.008 99.66966823587688
C13 830.013 99.24241078847633
C13 869.994 96.16184774062981
C13 900.005 88.73655474038877
C13 919.989 80.43805073416996
C13 959.989 58.094799185684806
C13 1000.013 30.9568195903332
C13 1030.002 12.754899437256125
C13 1049.996 6.057701697327794
C13 1080.005 0.5013466893535773
C13 1100.007 0.12101487053590793
C14 319.992 47.4442001143484
C14 330.006 49.783644236165614
C14 349.994 55.765534915966974
C14 370.001 65.88479853922341
C14 400.009 82.78261923843198
C14 429.983 86.02394908893677
C14 449.989 85.89205512951942
C14 469.993 85.64951106638438
C14 500.016 85.55694813695806
C14 549.99 87.10187355938199
C14 569.998 87.97272817124588
C14 599.983 90.04109718331206
C14 630.013 91.81307049649487
C14 649.987 92.94270102458958
C14 670.017 94.09801172588246
C14 699.987 95.35302401466498
C14 720.012 95.96798755663055
C14 749.995 97.68894032040343
C14 770.007 98.89587604248996
C14 800.008 99.53516132189196
C14 830.013 99.1231550486129
C14 869.994 96.04459420275819
C14 900.005 88.64304927592956
C14 919.989 80.4002374052801
C14 959.989 58.1284281841967
C14 1000.013 30.951383933439324
C14 1030.002 12.74963943963193
C14 1049.996 6.062749709443859
C14 1080.005 0.5005351605964374
C14 1100.007 0.12081898403746898
C15 319.992 47.52782551564722
C15 330.006 49.74673167713466
C15 349.994 55.556783512834144
C15 370.001 65.58091193945619
C15 400.009 82.65723082705325
C15 429.983 86.08908475740458
C15 449.989 86.01932608927817
C15 469.993 85.79820618274069
C15 500.016 85.69316777062018
C15 549.99 87.15868413206472
C15 569.998 87.99762432219711
C15 599.983 90.03520033315863
C15 630.013 91.78287329769279
C15 649.987 92.90626230058434
C15 670.017 94.05866465716505
C15 699.987 95.3312361167727
C15 720.012 95.95872315783336
C15 749.995 97.6892612446098
C15 770.007 98.90566921945633
C15 800.008 99.56039870162934
C15 830.013 99.16471863101854
C15 869.994 96.11385056768923
C15 900.005 88.70488881820913
C15 919.989 80.49690380528429
C15 959.989 58.241979704607864
C15 1000.013 31.03674845420452
C15 1030.002 12.792586469460316
C15 1049.996 6.084596459985593
C15 1080.005 0.5005368153179063
C15 1100.007 0.12081938345349902
C16 319.992 47.97565618695767
C16 330.006 49.97078862248399
C16 349.994 55.46521739693836
C16 370.001 65.25553529668474
C16 400.009 82.55021637031679
C16 429.983 86.29445163437423
C16 449.989 86.37094719071384
C16 469.993 86.24434992376574
C16 500.016 86.1783803404594
C16 549.99 87.57986161356577
C16 569.998 88.36368994914693
C16 599.983 90.3101409715625
C16 630.013 91.99242535780222
C16 649.987 93.08584889824716
C16 670.017 94.21587404784273
C16 699.987 95.4760903762521
C16 720.012 96.10682754276472
C16 749.995 97.85694787410766
C16 770.007 99.08563854513245
C16 800.008 99.7570808650712
C16 830.013 99.37914688945595
C16 869.994 96.30962595984816
C16 900.005 88.86558427386791
C16 919.989 80.65545430539397
C16 959.989 58.394709643022914
C16 1000.013 31.077231744298235
C16 1030.002 12.821893015998276
C16 1049.996 6.109954248976305
C16 1080.005 0.50139601578006
C16 1100.007 0.12102677692971
C17 319.992 48.189078644162244
C17 330.006 49.99927383074444
C17 349.994 55.21230899285144
C17 370.001 64.73843674240098
C17 400.009 82.10360518477772
C17 429.983 86.10102350776263
C17 449.989 86.33312771107494
C17 469.993 86.31882886384524
C17 500.016 86.30727412341268
C17 549.99 87.69332691020148
C17 569.998 88.42958146455285
C17 599.983 90.27217627594084
C17 630.013 91.85990848489031
C17 649.987 92.90836281574572
C17 670.017 94.01166283573448
C17 699.987 95.23755929104777
C17 720.012 95.86760594278327
C17 749.995 97.61841162854145
C17 770.007 98.85873701351944
C17 800.008 99.54088789097999
C17 830.013 99.17725807635885
C17 869.994 96.06220832291018
C17 900.005 88.52216552794904
C17 919.989 80.32099054893945
C17 959.989 58.332632313215505
C17 1000.013 30.934795914588747
C17 1030.002 12.758777483324485
C17 1049.996 6.070145785435584
C17 1080.005 0.5001738242946187
C17 1100.007 0.12073176482028236
