lsstCam/transmission_sensor/r03_s11/19700101T000000.ecsv
# %ECSV 1.0
# ---
# datatype:
# - {name: amp_name, datatype: string}
# - {name: wavelength, unit: nm, datatype: float32}
# - {name: efficiency, unit: '%', datatype: float64}
# meta: !!omap
# - {MODE: AMP}
# - {TYPE: transmission_sensor}
# - {CALIBDATE: '1970-01-01T00:00:00'}
# - {INSTRUME: LSSTCam}
# - {OBSTYPE: transmission_sensor}
# - {DETECTOR: 22}
# - {PARQUETFILE: qe_raft_allvalues_nircorrected_20230725_adjust.parquet}
# - {CORRFILE: qe_corr_factor_bydetnum.parquet}
# - {CALIBCLS: lsst.ip.isr.IntermediateSensorTransmissionCurve}
# - {CALIB_ID: 'raftName=R03 detectorName=S11 detector=22 calibDate=1970-01-01T00:00:00 ccd=22 ccdnum=22 filter=None'}
# - {DATE: '2025-03-03T21:56:47.496178'}
# - {CALIB_CREATION_DATE: '2025-03-03'}
# - {CALIB_CREATION_TIME: '21:56:47'}
# - __serialized_columns__:
#     efficiency:
#       __class__: astropy.units.quantity.Quantity
#       unit: !astropy.units.Unit {unit: '%'}
#       value: !astropy.table.SerializedColumn {name: efficiency}
#     wavelength:
#       __class__: astropy.units.quantity.Quantity
#       unit: !astropy.units.Unit {unit: nm}
#       value: !astropy.table.SerializedColumn {name: wavelength}
# schema: astropy-2.0
amp_name wavelength efficiency
C00 319.992 48.157071111608175
C00 330.006 49.95157747727322
C00 349.994 55.2557782228025
C00 370.001 65.26791070570994
C00 400.009 84.16799951453145
C00 429.983 89.07334086033944
C00 449.989 89.08391563269383
C00 469.993 88.25695936401127
C00 500.016 87.653706017293
C00 549.99 88.74194760118219
C00 569.998 89.52760254309966
C00 599.983 91.57949387905721
C00 630.013 93.56842034459872
C00 649.987 94.50628700267077
C00 670.017 95.60825538183914
C00 699.987 97.25688431243107
C00 720.012 98.02699078634785
C00 749.995 99.03430777207689
C00 770.007 99.65971598496434
C00 800.008 100.34870133171366
C00 830.013 99.96486506283894
C00 869.994 96.95989874716743
C00 900.005 91.6517787597041
C00 919.989 85.16057682471292
C00 959.989 72.10553281010893
C00 1000.013 37.56165187324345
C00 1030.002 16.46273039116905
C00 1049.996 8.764391547126582
C00 1080.005 0.6865575408728178
C00 1100.007 0.0933932197404155
C01 319.992 48.07867871411901
C01 330.006 49.763412290994516
C01 349.994 54.92165623396695
C01 370.001 64.90445298313074
C01 400.009 84.07970507859751
C01 429.983 89.1612649146827
C01 449.989 89.19487137493117
C01 469.993 88.3167495350786
C01 500.016 87.64494535885215
C01 549.99 88.66104567944595
C01 569.998 89.45819756829053
C01 599.983 91.5224551140921
C01 630.013 93.52687713597848
C01 649.987 94.4750464493179
C01 670.017 95.57328077734755
C01 699.987 97.23587838507379
C01 720.012 98.02637852290202
C01 749.995 99.05582013956837
C01 770.007 99.68796325035987
C01 800.008 100.39835514128904
C01 830.013 100.07536727659789
C01 869.994 97.06129259731878
C01 900.005 91.67279980467733
C01 919.989 85.29224370079658
C01 959.989 72.6744842862452
C01 1000.013 37.78125792128632
C01 1030.002 16.488390654535777
C01 1049.996 8.790837926522514
C01 1080.005 0.6867066932575948
C01 1100.007 0.09341350911256131
C02 319.992 48.229658344573984
C02 330.006 49.78418389530463
C02 349.994 54.76992828152264
C02 370.001 64.69229991974935
C02 400.009 84.23418443714404
C02 429.983 89.57348450749646
C02 449.989 89.66242900091609
C02 469.993 88.77897820144247
C02 500.016 88.064451642552
C02 549.99 89.00535694142926
C02 569.998 89.78009696463356
C02 599.983 91.83724923094039
C02 630.013 93.84167881163475
C02 649.987 94.79194191478273
C02 670.017 95.89377423540758
C02 699.987 97.56377191613949
C02 720.012 98.36936699349003
C02 749.995 99.41447046027666
C02 770.007 100.06179165747818
C02 800.008 100.80198792824535
C02 830.013 100.51618183997394
C02 869.994 97.51779168723904
C02 900.005 92.03309794552376
C02 919.989 85.67660908622942
C02 959.989 73.254811768381
C02 1000.013 38.00696014795951
C02 1030.002 16.53180088872537
C02 1049.996 8.82697658744197
C02 1080.005 0.6891930633695849
C02 1100.007 0.09375173292688266
C03 319.992 47.97792358324139
C03 330.006 49.47081839316325
C03 349.994 54.37115202868906
C03 370.001 64.26288403879676
C03 400.009 83.9120356001379
C03 429.983 89.35243472713073
C03 449.989 89.45212028668014
C03 469.993 88.5705894244317
C03 500.016 87.81702918116807
C03 549.99 88.69416837598413
C03 569.998 89.44686691513884
C03 599.983 91.47836458718491
C03 630.013 93.47028434068378
C03 649.987 94.42090270780649
C03 670.017 95.51829044934314
C03 699.987 97.18710895603125
C03 720.012 97.98540222487978
C03 749.995 99.04240325541609
C03 770.007 99.7020982212696
C03 800.008 100.46036760190047
C03 830.013 100.19486447184485
C03 869.994 97.26642352809314
C03 900.005 91.778880115772
C03 919.989 85.4168657678493
C03 959.989 72.98371512042529
C03 1000.013 37.87654803399938
C03 1030.002 16.42365513335204
C03 1049.996 8.781873180266402
C03 1080.005 0.6866137215690172
C03 1100.007 0.09340086206577494
C04 319.992 47.86472665444003
C04 330.006 49.29303145023163
C04 349.994 54.10212649411797
C04 370.001 63.95945836914002
C04 400.009 83.73763122377424
C04 429.983 89.2995306301269
C04 449.989 89.41197545753494
C04 469.993 88.52659716202818
C04 500.016 87.74311915680697
C04 549.99 88.56644719766244
C04 569.998 89.29514652150249
C04 599.983 91.31015843335922
C04 630.013 93.28952300681473
C04 649.987 94.2370044686286
C04 670.017 95.35639590017499
C04 699.987 97.02436782037012
C04 720.012 97.81760424668462
C04 749.995 98.8763286854388
C04 770.007 99.55888904541098
C04 800.008 100.3267052005119
C04 830.013 100.07169369592296
C04 869.994 97.20790323676529
C04 900.005 91.76138147531424
C04 919.989 85.42208890415873
C04 959.989 72.94476458293983
C04 1000.013 37.896677139631784
C04 1030.002 16.42671456087916
C04 1049.996 8.789342227394835
C04 1080.005 0.6854624308452035
C04 1100.007 0.09324425065135869
C05 319.992 48.17757059883126
C05 330.006 49.43364417555148
C05 349.994 53.94916645597404
C05 370.001 63.623688560166336
C05 400.009 83.65524777567528
C05 429.983 89.52498719554096
C05 449.989 89.7309118011525
C05 469.993 88.8826548116017
C05 500.016 88.08040072737528
C05 549.99 88.8128794552019
C05 569.998 89.50072342194727
C05 599.983 91.50053457097006
C05 630.013 93.4709268393615
C05 649.987 94.42752422359094
C05 670.017 95.55501113847653
C05 699.987 97.2533921431475
C05 720.012 98.05380187822848
C05 749.995 99.13196001228154
C05 770.007 99.83148233734538
C05 800.008 100.6143102850809
C05 830.013 100.36131698222079
C05 869.994 97.54376375143465
C05 900.005 92.14970767612499
C05 919.989 85.83285720584165
C05 959.989 73.28203859470017
C05 1000.013 38.15978790696391
C05 1030.002 16.545240449301566
C05 1049.996 8.858568625365601
C05 1080.005 0.6872346241062953
C05 1100.007 0.09348532415911627
C06 319.992 48.70796459549668
C06 330.006 49.6093789021184
C06 349.994 53.69895857385201
C06 370.001 63.02491758657613
C06 400.009 83.23872722112482
C06 429.983 89.47311865522946
C06 449.989 89.83438432349647
C06 469.993 89.07510962140515
C06 500.016 88.30642420338732
C06 549.99 88.93078174196651
C06 569.998 89.55799650995955
C06 599.983 91.50023977745911
C06 630.013 93.44949761875772
C06 649.987 94.38723577709423
C06 670.017 95.51630248284621
C06 699.987 97.21413169453514
C06 720.012 98.02088326950557
C06 749.995 99.12234520853974
C06 770.007 99.84152043433367
C06 800.008 100.64136325881668
C06 830.013 100.40193045746032
C06 869.994 97.59696264194943
C06 900.005 92.19298185177107
C06 919.989 85.90642708384397
C06 959.989 73.40649436797749
C06 1000.013 38.21511460192312
C06 1030.002 16.56071143952054
C06 1049.996 8.865648393883419
C06 1080.005 0.6871680002283609
C06 1100.007 0.09347626123561537
C07 319.992 49.048273468658216
C07 330.006 49.72564470695685
C07 349.994 53.4516154799518
C07 370.001 62.451204061416796
C07 400.009 82.7931808439576
C07 429.983 89.34548818260343
C07 449.989 89.86884492904588
C07 469.993 89.21143272320026
C07 500.016 88.50033786312959
C07 549.99 89.10635017475803
C07 569.998 89.71670124216305
C07 599.983 91.59938110283447
C07 630.013 93.49016400565307
C07 649.987 94.40175624721059
C07 670.017 95.5154634551612
C07 699.987 97.18710139722329
C07 720.012 97.99275694503761
C07 749.995 99.1044761864913
C07 770.007 99.8335836859619
C07 800.008 100.66540782697915
C07 830.013 100.45571137618903
C07 869.994 97.62914048749097
C07 900.005 92.10136909913693
C07 919.989 85.88436292337045
C07 959.989 73.84593322830243
C07 1000.013 38.24431049771927
C07 1030.002 16.604612996228383
C07 1049.996 8.867622187615398
C07 1080.005 0.6870441378128793
C07 1100.007 0.09345941208736781
C10 319.992 48.57820631842622
C10 330.006 50.12022204196136
C10 349.994 55.04560178770608
C10 370.001 64.77038240611162
C10 400.009 83.84265330175269
C10 429.983 89.07922161294253
C10 449.989 89.29682457687252
C10 469.993 88.64636647436217
C10 500.016 88.14897423330736
C10 549.99 89.22924127478491
C10 569.998 89.93900578465232
C10 599.983 91.83517811755576
C10 630.013 93.7013495416139
C10 649.987 94.59002347739694
C10 670.017 95.65038817748128
C10 699.987 97.26509317788987
C10 720.012 98.02216070805302
C10 749.995 99.03049813285843
C10 770.007 99.66041139529787
C10 800.008 100.34519404481414
C10 830.013 99.96652044178505
C10 869.994 97.29166238791537
C10 900.005 91.73794917059759
C10 919.989 84.9606917066719
C10 959.989 71.58050556710441
C10 1000.013 37.57910138144938
C10 1030.002 16.185743542100276
C10 1049.996 8.729184509289812
C10 1080.005 0.6865311354599561
C10 1100.007 0.0933896277814333
C11 319.992 48.22244724176763
C11 330.006 49.84365659643709
C11 349.994 54.88444800171929
C11 370.001 64.789392808164
C11 400.009 84.02666492305016
C11 429.983 89.21231710373311
C11 449.989 89.31279633811971
C11 469.993 88.52314278678446
C11 500.016 87.89873989535742
C11 549.99 88.90251935895505
C11 569.998 89.6507052897498
C11 599.983 91.64547471385451
C11 630.013 93.5960326701245
C11 649.987 94.52296929186744
C11 670.017 95.61046255376729
C11 699.987 97.24754162577631
C11 720.012 98.02042974102719
C11 749.995 99.04362778230772
C11 770.007 99.68082773563324
C11 800.008 100.39034280483754
C11 830.013 100.03658303288785
C11 869.994 97.4144854586705
C11 900.005 91.97799423539976
C11 919.989 85.31248618854858
C11 959.989 72.06298428002826
C11 1000.013 37.77002553263827
C11 1030.002 16.258379907317913
C11 1049.996 8.785765021521557
C11 1080.005 0.6866221715216086
C11 1100.007 0.09340201152264081
C12 319.992 48.18758223999165
C12 330.006 49.70445358880423
C12 349.994 54.63616383622643
C12 370.001 64.53716294490917
C12 400.009 84.07882069806466
C12 429.983 89.4591348604792
C12 449.989 89.57294783213037
C12 469.993 88.72998956696873
C12 500.016 88.03154815144504
C12 549.99 88.95599792536483
C12 569.998 89.70285350595631
C12 599.983 91.7316753599799
C12 630.013 93.71398030973697
C12 649.987 94.65660901683209
C12 670.017 95.75639290049622
C12 699.987 97.40810582474118
C12 720.012 98.19930893171092
C12 749.995 99.23711814880349
C12 770.007 99.88704713475573
C12 800.008 100.61441610839253
C12 830.013 100.28534340328302
C12 869.994 97.63018360299127
C12 900.005 92.22753316301618
C12 919.989 85.66898980779251
C12 959.989 72.52655085540339
C12 1000.013 37.91587273247951
C12 1030.002 16.315267496123568
C12 1049.996 8.816645586644718
C12 1080.005 0.6879635654531655
C12 1100.007 0.09358448289721646
C13 319.992 48.0911923207185
C13 330.006 49.51103881038819
C13 349.994 54.306161397736226
C13 370.001 64.1470150713769
C13 400.009 83.86965336383265
C13 429.983 89.4191563251094
C13 449.989 89.57083892470587
C13 469.993 88.72305058124941
C13 500.016 87.98639939142163
C13 549.99 88.83606231925543
C13 569.998 89.56909284006409
C13 599.983 91.58387042887364
C13 630.013 93.55692339767161
C13 649.987 94.49593143574761
C13 670.017 95.60062854459427
C13 699.987 97.25798033958716
C13 720.012 98.04489004362819
C13 749.995 99.0987692864716
C13 770.007 99.76606085433808
C13 800.008 100.51136687929507
C13 830.013 100.20447171677867
C13 869.994 97.51218305172299
C13 900.005 92.14101504695591
C13 919.989 85.65498333661834
C13 959.989 72.64164882441
C13 1000.013 37.8826442126297
C13 1030.002 16.290125011102997
C13 1049.996 8.799712911933947
C13 1080.005 0.6870044855428387
C13 1100.007 0.09345401814301696
C14 319.992 47.98537656790288
C14 330.006 49.34137002721969
C14 349.994 54.04922617651813
C14 370.001 63.855993405604046
C14 400.009 83.70891531228439
C14 429.983 89.37630544270982
C14 449.989 89.54231954222331
C14 469.993 88.69827280871354
C14 500.016 87.92449275412183
C14 549.99 88.7149550979102
C14 569.998 89.42410734433179
C14 599.983 91.41115166668799
C14 630.013 93.37658535704907
C14 649.987 94.31741506784658
C14 670.017 95.42738822465847
C14 699.987 97.09135397662786
C14 720.012 97.8751570105919
C14 749.995 98.93835626366618
C14 770.007 99.61354678586456
C14 800.008 100.37572407021754
C14 830.013 100.08405990576698
C14 869.994 97.3932830023059
C14 900.005 92.04392215854126
C14 919.989 85.61471756654556
C14 959.989 72.68369847316443
C14 1000.013 37.87599246161336
C14 1030.002 16.283407120516895
C14 1049.996 8.807045900518863
C14 1080.005 0.6858924329290657
C14 1100.007 0.0933027443342857
C15 319.992 48.069955849718035
C15 330.006 49.304785396629825
C15 349.994 53.84689956350179
C15 370.001 63.561464452931666
C15 400.009 83.58212386734337
C15 429.983 89.4439794504931
C15 449.989 89.67499929857539
C15 469.993 88.8522608447418
C15 500.016 88.06448187778389
C15 549.99 88.77281777294439
C15 569.998 89.44941423342577
C15 599.983 91.40516509077328
C15 630.013 93.3458739202543
C15 649.987 94.28043737924212
C15 670.017 95.38748527736841
C15 699.987 97.06916887522677
C15 720.012 97.86570850062552
C15 749.995 98.93868129240902
C15 770.007 99.62341103026948
C15 800.008 100.40117457666301
C15 830.013 100.1260264076337
C15 869.994 97.46351188718411
C15 900.005 92.10813423227286
C15 919.989 85.71765341352342
C15 959.989 72.8256831221314
C15 1000.013 37.98045518780179
C15 1030.002 16.338257610573795
C15 1049.996 8.838781555793982
C15 1080.005 0.685894700423986
C15 1100.007 0.09330305278425349
C16 319.992 48.52289474108296
C16 330.006 49.526851836667944
C16 349.994 53.758151599089466
C16 370.001 63.24610720488937
C16 400.009 83.47391197240027
C16 429.983 89.65734948195816
C16 449.989 90.04156369123153
C16 469.993 89.31428542329041
C16 500.016 88.56312132215426
C16 549.99 89.20179524303454
C16 569.998 89.82151923232622
C16 599.983 91.68428919279646
C16 630.013 93.55899451105624
C16 649.987 94.46268023947388
C16 670.017 95.54691565513733
C16 699.987 97.21666389520612
C16 720.012 98.01675616035224
C16 749.995 99.10851258994894
C16 770.007 99.80468636308069
C16 800.008 100.59951769787752
C16 830.013 100.3425333444076
C16 869.994 97.66203641978997
C16 900.005 92.27499491827935
C16 919.989 85.88648694841089
C16 959.989 73.0166564055721
C16 1000.013 38.029995615257576
C16 1030.002 16.375686937954658
C16 1049.996 8.875617516748958
C16 1080.005 0.687072078442062
C16 1100.007 0.09346321288360934
C17 319.992 48.73875162037117
C17 330.006 49.55508398444753
C17 349.994 53.51302701532936
C17 370.001 62.74493178044403
C17 400.009 83.02230343123863
C17 429.983 89.45638345437699
C17 449.989 90.00213694884377
C17 469.993 89.39141549984807
C17 500.016 88.69558187307511
C17 549.99 89.31736185813547
C17 569.998 89.88849782977599
C17 599.983 91.64574683094155
C17 630.013 93.42422096489562
C17 649.987 94.28256896309053
C17 670.017 95.33981943428995
C17 699.987 96.97378427741404
C17 720.012 97.77278051540405
C17 749.995 98.86692552832025
C17 770.007 99.57613824520563
C17 800.008 100.381498999509
C17 830.013 100.13868741098867
C17 869.994 97.41114446554637
C17 900.005 91.91840059333974
C17 919.989 85.53033103433371
C17 959.989 72.93903500649621
C17 1000.013 37.85569328280156
C17 1030.002 16.29507792002738
C17 1049.996 8.817789801201648
C17 1080.005 0.6853972872236875
C17 1100.007 0.09323538908885776
