lsstCam/transmission_sensor/r03_s11/19700101T000000.ecsv
# %ECSV 1.0
# ---
# datatype:
# - {name: amp_name, datatype: string}
# - {name: wavelength, unit: nm, datatype: float32}
# - {name: efficiency, unit: '%', datatype: float64}
# meta: !!omap
# - {MODE: AMP}
# - {TYPE: transmission_sensor}
# - {CALIBDATE: '1970-01-01T00:00:00'}
# - {INSTRUME: LSSTCAM}
# - {OBSTYPE: transmission_sensor}
# - {DETECTOR: 22}
# - {PARQUETFILE: qe_raft_allvalues_nircorrected_20230725.parquet}
# - {CALIBCLS: lsst.ip.isr.IntermediateSensorTransmissionCurve}
# - {CALIB_ID: 'raftName=R03 detectorName=S11 detector=22 calibDate=1970-01-01T00:00:00 ccd=22 ccdnum=22 filter=None'}
# - {DATE: '2023-08-02T16:57:55.548756'}
# - {CALIB_CREATION_DATE: '2023-08-02'}
# - {CALIB_CREATION_TIME: '16:57:55'}
# - __serialized_columns__:
#     efficiency:
#       __class__: astropy.units.quantity.Quantity
#       unit: !astropy.units.Unit {unit: '%'}
#       value: !astropy.table.SerializedColumn {name: efficiency}
#     wavelength:
#       __class__: astropy.units.quantity.Quantity
#       unit: !astropy.units.Unit {unit: nm}
#       value: !astropy.table.SerializedColumn {name: wavelength}
# schema: astropy-2.0
amp_name wavelength efficiency
C00 319.992 48.60677719116211
C00 330.006 50.41804122924805
C00 349.994 55.77177429199219
C00 370.001 65.87740325927734
C00 400.009 84.95398712158203
C00 429.983 89.90513610839844
C00 449.989 89.91580963134766
C00 469.993 89.08113098144531
C00 500.016 88.47224426269531
C00 549.99 89.57064819335938
C00 569.998 90.36363983154297
C00 599.983 92.4346923828125
C00 630.013 94.44219207763672
C00 649.987 95.3888168334961
C00 670.017 96.5010757446289
C00 699.987 98.16510009765625
C00 720.012 98.94239807128906
C00 749.995 99.95912170410156
C00 770.007 100.59037017822266
C00 800.008 101.2857894897461
C00 830.013 100.89836883544922
C00 869.994 97.86534118652344
C00 900.005 92.50765228271484
C00 919.989 85.9558334350586
C00 959.989 72.77887725830078
C00 1000.013 37.91241455078125
C00 1030.002 16.616464614868164
C00 1049.996 8.846236228942871
C00 1080.005 0.6929688340218251
C00 1100.007 0.09426535539436846
C01 319.992 48.527652740478516
C01 330.006 50.228118896484375
C01 349.994 55.434532165527344
C01 370.001 65.51055145263672
C01 400.009 84.8648681640625
C01 429.983 89.99388122558594
C01 449.989 90.02780151367188
C01 469.993 89.1414794921875
C01 500.016 88.4634017944336
C01 549.99 89.4889907836914
C01 569.998 90.29358673095703
C01 599.983 92.37712097167969
C01 630.013 94.40026092529297
C01 649.987 95.35728454589844
C01 670.017 96.46577453613281
C01 699.987 98.1438980102539
C01 720.012 98.94178009033203
C01 749.995 99.9808349609375
C01 770.007 100.61888122558594
C01 800.008 101.33590698242188
C01 830.013 101.00990295410156
C01 869.994 97.96768188476562
C01 900.005 92.52886962890625
C01 919.989 86.08872985839844
C01 959.989 73.35314178466797
C01 1000.013 38.134071350097656
C01 1030.002 16.642364501953125
C01 1049.996 8.872929573059082
C01 1080.005 0.6931193792391117
C01 1100.007 0.09428583423513838
C02 319.992 48.6800422668457
C02 330.006 50.24908447265625
C02 349.994 55.28138732910156
C02 370.001 65.29641723632812
C02 400.009 85.02079010009766
C02 429.983 90.40995025634766
C02 449.989 90.49972534179688
C02 469.993 89.60802459716797
C02 500.016 88.88682556152344
C02 549.99 89.83651733398438
C02 569.998 90.61849212646484
C02 599.983 92.69485473632812
C02 630.013 94.71800231933594
C02 649.987 95.67713928222656
C02 670.017 96.78926086425781
C02 699.987 98.474853515625
C02 720.012 99.28797149658203
C02 749.995 100.34283447265625
C02 770.007 100.99620056152344
C02 800.008 101.7433090209961
C02 830.013 101.454833984375
C02 869.994 98.4284439086914
C02 900.005 92.89253234863281
C02 919.989 86.4766845703125
C02 959.989 73.93888854980469
C02 1000.013 38.361881256103516
C02 1030.002 16.686180114746094
C02 1049.996 8.909405708312988
C02 1080.005 0.6956289678677094
C02 1100.007 0.09462721649124281
C03 319.992 48.42595672607422
C03 330.006 49.93279266357422
C03 349.994 54.87888717651367
C03 370.001 64.86299133300781
C03 400.009 84.69563293457031
C03 429.983 90.18683624267578
C03 449.989 90.2874526977539
C03 469.993 89.39768981933594
C03 500.016 88.63709259033203
C03 549.99 89.52242279052734
C03 569.998 90.28215026855469
C03 599.983 92.3326187133789
C03 630.013 94.3431396484375
C03 649.987 95.3026351928711
C03 670.017 96.41027069091797
C03 699.987 98.09467315673828
C03 720.012 98.90042114257812
C03 749.995 99.96729278564453
C03 770.007 100.63314819335938
C03 800.008 101.39849853515625
C03 830.013 101.1305160522461
C03 869.994 98.17472839355469
C03 900.005 92.63594055175781
C03 919.989 86.21451568603516
C03 959.989 73.6652603149414
C03 1000.013 38.23025131225586
C03 1030.002 16.577024459838867
C03 1049.996 8.86388111114502
C03 1080.005 0.6930255393512725
C03 1100.007 0.09427306908619801
C04 319.992 48.311702728271484
C04 330.006 49.75334548950195
C04 349.994 54.60734939575195
C04 370.001 64.55673217773438
C04 400.009 84.51959991455078
C04 429.983 90.13343811035156
C04 449.989 90.24693298339844
C04 469.993 89.35328674316406
C04 500.016 88.56249237060547
C04 549.99 89.39350891113281
C04 569.998 90.12901306152344
C04 599.983 92.162841796875
C04 630.013 94.16069030761719
C04 649.987 95.11701965332031
C04 670.017 96.24686431884766
C04 699.987 97.93041229248047
C04 720.012 98.7310562133789
C04 749.995 99.79966735839844
C04 770.007 100.48860168457031
C04 800.008 101.26358795166016
C04 830.013 101.00619506835938
C04 869.994 98.11566162109375
C04 900.005 92.61827850341797
C04 919.989 86.21978759765625
C04 959.989 73.62594604492188
C04 1000.013 38.25056838989258
C04 1030.002 16.58011245727539
C04 1049.996 8.871419906616211
C04 1080.005 0.6918634975077191
C04 1100.007 0.09411499518447584
C05 319.992 48.62746810913086
C05 330.006 49.89527130126953
C05 349.994 54.45296096801758
C05 370.001 64.21782684326172
C05 400.009 84.43644714355469
C05 429.983 90.36100006103516
C05 449.989 90.56884765625
C05 469.993 89.7126693725586
C05 500.016 88.90292358398438
C05 549.99 89.64224243164062
C05 569.998 90.33650970458984
C05 599.983 92.35499572753906
C05 630.013 94.34378814697266
C05 649.987 95.30931854248047
C05 670.017 96.44733428955078
C05 699.987 98.16157531738281
C05 720.012 98.9694595336914
C05 749.995 100.05768585205078
C05 770.007 100.76374053955078
C05 800.008 101.55387878417969
C05 830.013 101.29852294921875
C05 869.994 98.45465850830078
C05 900.005 93.0102310180664
C05 919.989 86.63439178466797
C05 959.989 73.96636962890625
C05 1000.013 38.516136169433594
C05 1030.002 16.699745178222656
C05 1049.996 8.941292762756348
C05 1080.005 0.6936522400743492
C05 1100.007 0.09435831991348828
C06 319.992 49.16281509399414
C06 330.006 50.07264709472656
C06 349.994 54.200416564941406
C06 370.001 63.61346435546875
C06 400.009 84.01603698730469
C06 429.983 90.30864715576172
C06 449.989 90.67328643798828
C06 469.993 89.90692138671875
C06 500.016 89.13105773925781
C06 549.99 89.76124572753906
C06 569.998 90.39431762695312
C06 599.983 92.35469818115234
C06 630.013 94.32215881347656
C06 649.987 95.2686538696289
C06 670.017 96.40826416015625
C06 699.987 98.1219482421875
C06 720.012 98.93623352050781
C06 749.995 100.04798126220703
C06 770.007 100.77387237548828
C06 800.008 101.58118438720703
C06 830.013 101.33951568603516
C06 869.994 98.50835418701172
C06 900.005 93.05390930175781
C06 919.989 86.70864868164062
C06 959.989 74.09198760986328
C06 1000.013 38.57197952270508
C06 1030.002 16.715360641479492
C06 1049.996 8.94843864440918
C06 1080.005 0.693584994041407
C06 1100.007 0.09434917235751902
C07 319.992 49.50630187988281
C07 330.006 50.189998626708984
C07 349.994 53.95076370239258
C07 370.001 63.034393310546875
C07 400.009 83.56632995605469
C07 429.983 90.17982482910156
C07 449.989 90.70806884765625
C07 469.993 90.04451751708984
C07 500.016 89.3267822265625
C07 549.99 89.9384536743164
C07 569.998 90.55450439453125
C07 599.983 92.45476531982422
C07 630.013 94.36320495605469
C07 649.987 95.28330993652344
C07 670.017 96.40741729736328
C07 699.987 98.09466552734375
C07 720.012 98.90784454345703
C07 749.995 100.02994537353516
C07 770.007 100.76586151123047
C07 800.008 101.60545349121094
C07 830.013 101.393798828125
C07 869.994 98.54083251953125
C07 900.005 92.96144104003906
C07 919.989 86.6863784790039
C07 959.989 74.53553009033203
C07 1000.013 38.60144805908203
C07 1030.002 16.759672164916992
C07 1049.996 8.950430870056152
C07 1080.005 0.69345997495921
C07 1100.007 0.09433216586655466
C10 319.992 49.03184509277344
C10 330.006 50.588260650634766
C10 349.994 55.559635162353516
C10 370.001 65.37522888183594
C10 400.009 84.62560272216797
C10 429.983 89.91107177734375
C10 449.989 90.13070678710938
C10 469.993 89.47417449951172
C10 500.016 88.97213745117188
C10 549.99 90.06249237060547
C10 569.998 90.77888488769531
C10 599.983 92.69276428222656
C10 630.013 94.57636260986328
C10 649.987 95.47333526611328
C10 670.017 96.5436019897461
C10 699.987 98.17338562011719
C10 720.012 98.9375228881836
C10 749.995 99.95527648925781
C10 770.007 100.59107208251953
C10 800.008 101.2822494506836
C10 830.013 100.90003967285156
C10 869.994 98.20020294189453
C10 900.005 92.5946273803711
C10 919.989 85.75408172607422
C10 959.989 72.24894714355469
C10 1000.013 37.93002700805664
C10 1030.002 16.336891174316406
C10 1049.996 8.810700416564941
C10 1080.005 0.6929421820268016
C10 1100.007 0.09426172989252839
C11 319.992 48.67276382446289
C11 330.006 50.309112548828125
C11 349.994 55.396976470947266
C11 370.001 65.39441680908203
C11 400.009 84.81133270263672
C11 429.983 90.04541015625
C11 449.989 90.1468276977539
C11 469.993 89.34980010986328
C11 500.016 88.71956634521484
C11 549.99 89.73271942138672
C11 569.998 90.4878921508789
C11 599.983 92.50128936767578
C11 630.013 94.47006225585938
C11 649.987 95.40565490722656
C11 670.017 96.50330352783203
C11 699.987 98.15567016601562
C11 720.012 98.93577575683594
C11 749.995 99.9685287475586
C11 770.007 100.61167907714844
C11 800.008 101.32781982421875
C11 830.013 100.97075653076172
C11 869.994 98.32417297363281
C11 900.005 92.8369140625
C11 919.989 86.10916137695312
C11 959.989 72.73593139648438
C11 1000.013 38.12273406982422
C11 1030.002 16.410205841064453
C11 1049.996 8.867809295654297
C11 1080.005 0.6930340682122146
C11 1100.007 0.09427422927705847
C12 319.992 48.6375732421875
C12 330.006 50.168609619140625
C12 349.994 55.1463737487793
C12 370.001 65.13983154296875
C12 400.009 84.86397552490234
C12 429.983 90.2945327758789
C12 449.989 90.40940856933594
C12 469.993 89.55857849121094
C12 500.016 88.8536148071289
C12 549.99 89.78669738769531
C12 569.998 90.54052734375
C12 599.983 92.58829498291016
C12 630.013 94.589111328125
C12 649.987 95.54054260253906
C12 670.017 96.65059661865234
C12 699.987 98.31773376464844
C12 720.012 99.11632537841797
C12 749.995 100.16382598876953
C12 770.007 100.81982421875
C12 800.008 101.55398559570312
C12 830.013 101.22183990478516
C12 869.994 98.54188537597656
C12 900.005 93.08878326416016
C12 919.989 86.468994140625
C12 959.989 73.20382690429688
C12 1000.013 38.26994323730469
C12 1030.002 16.46762466430664
C12 1049.996 8.898978233337402
C12 1080.005 0.6943879885078582
C12 1100.007 0.09445840462749057
C13 319.992 48.540283203125
C13 330.006 49.973388671875
C13 349.994 54.813289642333984
C13 370.001 64.74604034423828
C13 400.009 84.6528549194336
C13 429.983 90.25418090820312
C13 449.989 90.40727996826172
C13 469.993 89.55157470703125
C13 500.016 88.80804443359375
C13 549.99 89.66564178466797
C13 569.998 90.405517578125
C13 599.983 92.4391098022461
C13 630.013 94.43058776855469
C13 649.987 95.37836456298828
C13 670.017 96.49337768554688
C13 699.987 98.16620635986328
C13 720.012 98.96046447753906
C13 749.995 100.02418518066406
C13 770.007 100.69770812988281
C13 800.008 101.4499740600586
C13 830.013 101.14021301269531
C13 869.994 98.42278289794922
C13 900.005 93.00145721435547
C13 919.989 86.4548568725586
C13 959.989 73.31999969482422
C13 1000.013 38.23640441894531
C13 1030.002 16.44224739074707
C13 1049.996 8.881887435913086
C13 1080.005 0.693419952403633
C13 1100.007 0.09432672155183221
C14 319.992 48.43347930908203
C14 330.006 49.8021354675293
C14 349.994 54.553955078125
C14 370.001 64.45230102539062
C14 400.009 84.49061584472656
C14 429.983 90.21092987060547
C14 449.989 90.37849426269531
C14 469.993 89.52656555175781
C14 500.016 88.74555969238281
C14 549.99 89.54340362548828
C14 569.998 90.2591781616211
C14 599.983 92.26477813720703
C14 630.013 94.24856567382812
C14 649.987 95.19818115234375
C14 670.017 96.31851959228516
C14 699.987 97.9980239868164
C14 720.012 98.78914642333984
C14 749.995 99.86227416992188
C14 770.007 100.54376983642578
C14 800.008 101.31306457519531
C14 830.013 101.0186767578125
C14 869.994 98.30277252197266
C14 900.005 92.90345764160156
C14 919.989 86.41421508789062
C14 959.989 73.36244201660156
C14 1000.013 38.22969055175781
C14 1030.002 16.435466766357422
C14 1049.996 8.889288902282715
C14 1080.005 0.6922975150880986
C14 1100.007 0.09417403510005823
C15 319.992 48.51884841918945
C15 330.006 49.76520919799805
C15 349.994 54.34973907470703
C15 370.001 64.15502166748047
C15 400.009 84.36264038085938
C15 429.983 90.27923583984375
C15 449.989 90.51241302490234
C15 469.993 89.68199157714844
C15 500.016 88.88685607910156
C15 549.99 89.601806640625
C15 569.998 90.28472137451172
C15 599.983 92.25873565673828
C15 630.013 94.21756744384766
C15 649.987 95.16085815429688
C15 670.017 96.27824401855469
C15 699.987 97.97563171386719
C15 720.012 98.77960968017578
C15 749.995 99.86260223388672
C15 770.007 100.55372619628906
C15 800.008 101.33875274658203
C15 830.013 101.06103515625
C15 869.994 98.3736572265625
C15 900.005 92.96826934814453
C15 919.989 86.51811218261719
C15 959.989 73.50575256347656
C15 1000.013 38.33512878417969
C15 1030.002 16.490829467773438
C15 1049.996 8.921320915222168
C15 1080.005 0.6922998037576092
C15 1100.007 0.09417434643043013
C16 319.992 48.976016998291016
C16 330.006 49.989349365234375
C16 349.994 54.260162353515625
C16 370.001 63.83671951293945
C16 400.009 84.25341796875
C16 429.983 90.49459838867188
C16 449.989 90.88240051269531
C16 469.993 90.14833068847656
C16 500.016 89.39015197753906
C16 549.99 90.0347900390625
C16 569.998 90.6603012084961
C16 599.983 92.54046630859375
C16 630.013 94.43267822265625
C16 649.987 95.34480285644531
C16 670.017 96.43916320800781
C16 699.987 98.12450408935547
C16 720.012 98.93206787109375
C16 749.995 100.03401947021484
C16 770.007 100.7366943359375
C16 800.008 101.53894805908203
C16 830.013 101.2795639038086
C16 869.994 98.57403564453125
C16 900.005 93.13668823242188
C16 919.989 86.68852233886719
C16 959.989 73.6985092163086
C16 1000.013 38.3851318359375
C16 1030.002 16.528608322143555
C16 1049.996 8.958500862121582
C16 1080.005 0.6934881765068938
C16 1100.007 0.09433600215584295
C17 319.992 49.19388961791992
C17 330.006 50.017845153808594
C17 349.994 54.01274871826172
C17 370.001 63.33086395263672
C17 400.009 83.79759216308594
C17 429.983 90.29175567626953
C17 449.989 90.84260559082031
C17 469.993 90.22618103027344
C17 500.016 89.52384948730469
C17 549.99 90.15143585205078
C17 569.998 90.7279052734375
C17 599.983 92.5015640258789
C17 630.013 94.29664611816406
C17 649.987 95.16300964355469
C17 670.017 96.23013305664062
C17 699.987 97.87935638427734
C17 720.012 98.6858139038086
C17 749.995 99.79017639160156
C17 770.007 100.50601196289062
C17 800.008 101.31889343261719
C17 830.013 101.07381439208984
C17 869.994 98.32080078125
C17 900.005 92.77676391601562
C17 919.989 86.32904052734375
C17 959.989 73.62016296386719
C17 1000.013 38.20920181274414
C17 1030.002 16.447246551513672
C17 1049.996 8.90013313293457
C17 1080.005 0.6917977455543016
C17 1100.007 0.09410605086987976
