lsstCam/transmission_filter_detector/r23_s22/r_57/19700101T000000.ecsv
# %ECSV 1.0
# ---
# datatype:
# - {name: wavelength, unit: nm, datatype: float32}
# - {name: efficiency, unit: '%', datatype: float64}
# meta: !!omap
# - {MODE: DETECTOR}
# - {TYPE: transmission_filter_detector}
# - {CALIBDATE: '1970-01-01T00:00:00'}
# - {INSTRUME: LSSTCam}
# - {OBSTYPE: transmission_filter_detector}
# - {CALIBCLS: lsst.ip.isr.IntermediateFilterDetectorTransmissionCurve}
# - {SOURCE: Materion (DM-46256)}
# - {DETECTOR: 107}
# - {FILTER: r_57}
# - {CALIB_ID: 'calibDate=1970-01-01T00:00:00 filter=r_57 detector=107'}
# - {DATE: '2025-04-02T15:59:44.678145'}
# - {CALIB_CREATION_DATE: '2025-04-02'}
# - {CALIB_CREATION_TIME: '15:59:44'}
# - __serialized_columns__:
#     efficiency:
#       __class__: astropy.units.quantity.Quantity
#       unit: !astropy.units.Unit {unit: '%'}
#       value: !astropy.table.SerializedColumn {name: efficiency}
#     wavelength:
#       __class__: astropy.units.quantity.Quantity
#       unit: !astropy.units.Unit {unit: nm}
#       value: !astropy.table.SerializedColumn {name: wavelength}
# schema: astropy-2.0
wavelength efficiency
[from data line 602]
902.0 1.5942352689715666e-10
903.0 1.5942352689715666e-10
904.0 1.5942352689715666e-10
905.0 1.5942352689715666e-10
906.0 1.0904913949616457e-05
907.0 8.248870813076792e-05
908.0 0.0001222256514665787
909.0 0.00016196258911804762
910.0 5.6690720384722226e-05
911.0 1.5942352689715666e-10
912.0 1.5942352689715666e-10
913.0 2.7199336116723316e-06
914.0 3.45826776992908e-05
915.0 6.644541485911759e-05
916.0 3.825991541361873e-05
917.0 1.0074416678662601e-05
918.0 0.00010651716593201854
919.0 0.0002029598817898659
920.0 0.0001616312374608242
921.0 0.00012030258176309871
922.0 0.00016337305623892462
923.0 0.00020644351934606675
924.0 0.00015946629901009146
925.0 0.00011248905593674863
926.0 0.0001369921506011451
927.0 0.00016149521115949028
928.0 0.0001688291604295955
929.0 0.00017616308696233318
930.0 0.00018255569784741965
931.0 0.00018894828599513858
932.0 9.481552751822164e-05
933.0 6.827883147764169e-07
934.0 4.8083984438562766e-05
935.0 9.548518846713705e-05
936.0 0.00013560347724705935
937.0 0.0001757217432896141
938.0 0.00017774239040591056
939.0 0.00017976302615352324
940.0 0.00016761074448368163
941.0 0.00015545840597042115
942.0 0.00025659455786808394
943.0 0.00035773073250311427
944.0 0.0002603083203212009
945.0 0.00016288596498270635
946.0 0.00030245105335779954
947.0 0.0004420161985763116
948.0 0.0004011053988506319
949.0 0.00036019475828652503
950.0 0.00044063776840630453
951.0 0.0005210808467381867
952.0 0.0006079925697122235
953.0 0.0006949044745852007
954.0 0.0009172783393296413
955.0 0.0011396525223972276
956.0 0.001299150062550325
957.0 0.0014586476027034223
958.0 0.001671461905061733
959.0 0.0018842765712179244
960.0 0.0020017909264424816
961.0 0.0021193056454649195
962.0 0.002296754792041611
963.0 0.0024742039386183023
964.0 0.0025215806090272963
965.0 0.00256895709753735
966.0 0.0025668186935945414
967.0 0.002564680289651733
968.0 0.0025548639314365573
969.0 0.002545048118918203
970.0 0.0025663581254775636
971.0 0.0025876686777337454
972.0 0.0026800473278854042
973.0 0.0027724261599360034
974.0 0.0029731983886449598
975.0 0.003173970617353916
976.0 0.0031495652365265414
977.0 0.003125159491901286
978.0 0.003096173531957902
979.0 0.003067187572014518
980.0 0.003036975067516323
981.0 0.003006762381119188
982.0 0.0030263698135968298
983.0 0.0030459772460744716
984.0 0.0029448925488395616
985.0 0.002843808033503592
986.0 0.002743366167123895
987.0 0.0026429244826431386
988.0 0.002546797986724414
989.0 0.00245067185460357
990.0 0.0024567905711592175
991.0 0.002462909287714865
992.0 0.00248548331001075
993.0 0.002508057514205575
994.0 0.002598022547317669
995.0 0.0026879875804297626
996.0 0.0027321841116645373
997.0 0.002776380642899312
998.0 0.002963514270959422
999.0 0.003150647899019532
1000.0 0.0032307223591487855
1001.0 0.003310796819278039
1002.0 0.0035333243431523442
1003.0 0.00375585223082453
1004.0 0.0038075053453212604
1005.0 0.0038591584598179907
1006.0 0.004030617856187746
1007.0 0.004202077252557501
1008.0 0.004195374276605435
1009.0 0.004188671300653368
1010.0 0.0041687937482493
1011.0 0.004148916559643112
1012.0 0.004100355363334529
1013.0 0.004051794167025946
1014.0 0.0038636866520391777
1015.0 0.0036755791370524094
1016.0 0.003399768684175797
1017.0 0.0031239582312991843
1018.0 0.0028547139663714916
1019.0 0.002585469701443799
1020.0 0.002299095649505034
1021.0 0.0020127212337683886
1022.0 0.00171344345289981
1023.0 0.0014141653082333505
1024.0 0.0013563479114964139
1025.0 0.001298530423810007
1026.0 0.0011520513908180874
1027.0 0.0010055722668766975
1028.0 0.0009719994523038622
1029.0 0.0009384265467815567
1030.0 0.0009205999958794564
1031.0 0.0009027731721289456
1032.0 0.000859228202898521
1033.0 0.0008156832336680964
1034.0 0.0007245256256283028
1035.0 0.0006333677902148338
1036.0 0.0006401749942597235
1037.0 0.0006469820164056728
1038.0 0.0006890052191010909
1039.0 0.0007310284217965091
1040.0 0.0006797831701987889
1041.0 0.0006285379186010687
1042.0 0.0007035545877442928
1043.0 0.0007785710295138415
1044.0 0.0007781911335769109
1045.0 0.0007778113285894506
1046.0 0.0008373322998522781
1047.0 0.0008968535439635161
1048.0 0.0007766363523842301
1049.0 0.0006564192517544143
1050.0 0.0007498609193135053
1051.0 0.0008433025868725963
1052.0 0.0009333710295322817
1053.0 0.0010234390174446162
1054.0 0.000846234706841642
1055.0 0.0006690302598144626
1056.0 0.0007475321126548806
1057.0 0.0008260340109700337
1058.0 0.0008740266821405385
1059.0 0.0009220193533110432
1060.0 0.0009216317266691476
1061.0 0.0009212438271788415
1062.0 0.0011934442227357067
1063.0 0.0014656445273431018
1064.0 0.0011386423466319684
1065.0 0.0008116400749713648
1066.0 0.0013530164324038196
1067.0 0.0018943926988868043
1068.0 0.001995676393562462
1069.0 0.002096959542541299
1070.0 0.0019201695977244526
1071.0 0.0017433796529076062
1072.0 0.0017552267308929004
1073.0 0.0017670734450803138
1074.0 0.0021644160369760357
1075.0 0.002561758446972817
1076.0 0.00291483556793537
1077.0 0.0032679126888979226
1078.0 0.003523228588164784
1079.0 0.003778545215027407
1080.0 0.004015918966615573
1081.0 0.004253292354405858
1082.0 0.004073568561580032
1083.0 0.0038938451325520873
1084.0 0.004162287586950697
1085.0 0.004430729677551426
1086.0 0.00433467939728871
1087.0 0.004238628389430232
1088.0 0.004230780177749693
1089.0 0.004222932329867035
1090.0 0.0037273675843607634
1091.0 0.003231802475056611
1092.0 0.0038034835597500205
1093.0 0.00437516464444343
1094.0 0.004275984974810854
1095.0 0.004176805305178277
1096.0 0.003569529508240521
1097.0 0.002962253893201705
1098.0 0.0030117349524516612
1099.0 0.0030612161936005577
1100.0 0.002942440551123582
1101.0 0.002823664544848725
