lsstCam/transmission_filter_detector/r23_s22/r_57/19700101T000000.ecsv
# %ECSV 1.0
# ---
# datatype:
# - {name: wavelength, unit: nm, datatype: float32}
# - {name: efficiency, unit: '%', datatype: float64}
# meta: !!omap
# - {MODE: DETECTOR}
# - {TYPE: transmission_filter_detector}
# - {CALIBDATE: '1970-01-01T00:00:00'}
# - {INSTRUME: LSSTCam}
# - {OBSTYPE: transmission_filter_detector}
# - {CALIBCLS: lsst.ip.isr.IntermediateFilterDetectorTransmissionCurve}
# - {SOURCE: Materion (DM-46256)}
# - {DETECTOR: 107}
# - {FILTER: r_57}
# - {CALIB_ID: 'calibDate=1970-01-01T00:00:00 filter=r_57 detector=107'}
# - {DATE: '2025-04-02T15:59:44.678145'}
# - {CALIB_CREATION_DATE: '2025-04-02'}
# - {CALIB_CREATION_TIME: '15:59:44'}
# - __serialized_columns__:
#     efficiency:
#       __class__: astropy.units.quantity.Quantity
#       unit: !astropy.units.Unit {unit: '%'}
#       value: !astropy.table.SerializedColumn {name: efficiency}
#     wavelength:
#       __class__: astropy.units.quantity.Quantity
#       unit: !astropy.units.Unit {unit: nm}
#       value: !astropy.table.SerializedColumn {name: wavelength}
# schema: astropy-2.0
wavelength efficiency
300.0 0.0022838394215796143
301.0 0.004933103627990931
302.0 0.007582367106806487
303.0 0.009429272176930681
304.0 0.011276178702246398
305.0 0.010280926653649658
306.0 0.009285673877457157
307.0 0.008011651516426355
308.0 0.00673762770020403
309.0 0.005844860061188228
310.0 0.004952091330778785
311.0 0.005033998240833171
312.0 0.0051159036956960335
313.0 0.004798636291525327
314.0 0.004481367068365216
315.0 0.004096379780094139
316.0 0.0037113921280251816
317.0 0.00362867685907986
318.0 0.0035459608625387773
319.0 0.003313932757009752
320.0 0.003081904651480727
321.0 0.0028979304261156358
322.0 0.0027139565645484254
323.0 0.0023841366783017293
324.0 0.0020543158825603314
325.0 0.002114446942869108
326.0 0.002174578003177885
327.0 0.002270189725095406
328.0 0.002365801810810808
329.0 0.002329203562112525
330.0 0.0022926054953131825
331.0 0.0021532316168304533
332.0 0.002013857738347724
333.0 0.0017355116142425686
334.0 0.0014571654901374131
335.0 0.0014046397154743318
336.0 0.0013521139408112504
337.0 0.0012449339010345284
338.0 0.0011377537703083362
339.0 0.0010173213013331406
340.0 0.0008968887414084747
341.0 0.0008576672371418681
342.0 0.0008184457328752615
343.0 0.0007676028872083407
344.0 0.0007167598141677445
345.0 0.0007122058377717622
346.0 0.00070765195232525
347.0 0.0007271462436619913
348.0 0.0007466405349987326
349.0 0.000748185357224429
350.0 0.0038145655707921833
351.0 0.005167044946574606
352.0 0.006519523594761267
353.0 0.0064595551521051675
354.0 0.006399587437044829
355.0 0.005113373481435701
356.0 0.003827159889624454
357.0 0.004288262061891146
358.0 0.004749364597955719
359.0 0.0042998810386052355
360.0 0.0038503971154568717
361.0 0.0028298914912738837
362.0 0.0018093858670908958
363.0 0.0022803491447120905
364.0 0.002751312422333285
365.0 0.0022312133296509273
366.0 0.0017111146007664502
367.0 0.00220057900151005
368.0 0.0026900432203547098
369.0 0.00303166907542618
370.0 0.0033732947485987097
371.0 0.0030264713132055476
372.0 0.0026796482416102663
373.0 0.002525847048673313
374.0 0.00237204585573636
375.0 0.0017564183508511633
376.0 0.0011407908459659666
377.0 0.0014567241123586427
378.0 0.001772657378751319
379.0 0.001893948319775518
380.0 0.0020152394426986575
381.0 0.0023883792891865596
382.0 0.002761519317573402
383.0 0.0030276358302216977
384.0 0.0032937525247689337
385.0 0.004223238647682592
386.0 0.00515272440679837
387.0 0.004734997492050752
388.0 0.004317270577303134
389.0 0.0035500914236763492
390.0 0.0027829117243527435
391.0 0.002305296038684901
392.0 0.001827680716814939
393.0 0.0017453097825637087
394.0 0.0016629388483124785
395.0 0.0011864399311889429
396.0 0.0007099411050148774
397.0 0.0007091361112543382
398.0 0.0007083313448674744
399.0 0.0006082160325604491
400.0 0.0005081005838292185
401.0 0.00038089449390099617
402.0 0.00025368806291226065
403.0 0.00034640011108422186
404.0 0.0004391122729430208
405.0 0.0009224670066032559
406.0 0.0014058216038392857
407.0 0.0016175432392628863
408.0 0.0018292645108886063
409.0 0.0013448424397211056
410.0 0.0008604203685536049
411.0 0.0009376726666232571
412.0 0.0010149250556423794
413.0 0.0011749322766263504
414.0 0.0013349395885597914
415.0 0.0013840204701409675
416.0 0.0014331017155200243
417.0 0.0015266194168361835
418.0 0.001620137300051283
419.0 0.0021812860723002814
420.0 0.002742434480751399
421.0 0.004015519152744673
422.0 0.005288603279041126
423.0 0.008338630868820474
424.0 0.01138865773100406
425.0 0.015165600052569062
426.0 0.01894254091894254
427.0 0.019442348275333643
428.0 0.019942155631724745
429.0 0.015541353786829859
430.0 0.011140552669530734
431.0 0.007712658407399431
432.0 0.004284764872863889
433.0 0.0034158958442276344
434.0 0.0025470269974903204
435.0 0.002102992402797099
436.0 0.0016589579900028184
437.0 0.0012392019016260747
438.0 0.0008194462679966819
439.0 0.0008318327672895975
440.0 0.0008442190846835729
441.0 0.0010108067726832815
442.0 0.0011773945516324602
443.0 0.0015193752915365621
444.0 0.0018613562133396044
445.0 0.001754027653078083
446.0 0.0016466992747155018
447.0 0.001509851608716417
448.0 0.0013730041246162727
449.0 0.0013092848348605912
450.0 0.0012455652722564992
451.0 0.0013442723684420343
452.0 0.0014429792827286292
453.0 0.0015615867596352473
454.0 0.0016801941455923952
455.0 0.0014950108379707672
456.0 0.0013098276212986093
457.0 0.0009632002729631495
458.0 0.0006165728336782195
459.0 0.0008217493814299814
460.0 0.0010269260201312136
461.0 0.0015537323633907363
462.0 0.002080538797599729
463.0 0.0028062531782779843
464.0 0.003531967377057299
465.0 0.00455856388725806
466.0 0.005585159306065179
467.0 0.006143480277387425
468.0 0.0067018008849117905
469.0 0.005788927956018597
470.0 0.004876055390923284
471.0 0.0037297093513188884
472.0 0.0025833627660176717
473.0 0.0019610200979514048
474.0 0.001338676975137787
475.0 0.0009918384421325754
476.0 0.000644999954602099
477.0 0.000693553420205717
478.0 0.0007421068403345998
479.0 0.0008132396033033729
480.0 0.0008843722753226757
481.0 0.0006767918875993928
482.0 0.00046921159082558006
483.0 0.0005727106781705515
484.0 0.0006762098109902581
485.0 0.0006575477982551092
486.0 0.0006388858309946954
487.0 0.00047999278649513144
488.0 0.00032109978747030254
489.0 0.0004879424068349181
490.0 0.0006547849807247985
491.0 0.0007253217972902348
492.0 0.0007958587048051413
493.0 0.0008568836165068205
494.0 0.0009179087101074401
495.0 0.0009164870789390989
496.0 0.0009150653568212874
497.0 0.0009983929885493126
498.0 0.001081720711226808
499.0 0.0011171254300279543
500.0 0.0011525305126269814
501.0 0.0012633890946744941
502.0 0.0013742476767220069
503.0 0.0017780430425773375
504.0 0.0021818381355842575
505.0 0.0026110175895155407
506.0 0.0030401972253457643
507.0 0.003762037886190228
508.0 0.004483878728933632
509.0 0.004863173671765253
510.0 0.005242469342192635
511.0 0.0047860874474281445
512.0 0.004329705916461535
513.0 0.0036988541978644207
514.0 0.0030680028430651873
515.0 0.002828261312970426
516.0 0.002588519600976724
517.0 0.002574368772911839
518.0 0.0025602175810490735
519.0 0.026684632757678628
520.0 0.0005261886144580785
521.0 0.08730698609724641
522.0 0.1361390110105276
523.0 0.12694617034867406
524.0 0.11851220624521375
525.0 0.07739271968603134
526.0 0.1447258866392076
527.0 0.15681463992223144
528.0 0.1399791333824396
529.0 0.1515671261586249
530.0 0.16587652498856187
531.0 0.19204707350581884
532.0 0.16296830726787448
533.0 0.2855748403817415
534.0 0.31788130290806293
535.0 0.3957808483392
536.0 0.5583030171692371
537.0 0.7918559946119785
538.0 1.1676331982016563
539.0 1.9275182858109474
540.0 2.9147405177354813
541.0 4.495188221335411
542.0 6.507010757923126
543.0 9.337005764245987
544.0 12.775328755378723
545.0 16.592827439308167
546.0 21.22751474380493
547.0 27.063721418380737
548.0 34.33298468589783
549.0 42.38963425159454
550.0 49.290552735328674
551.0 57.21238851547241
552.0 63.2921040058136
553.0 68.50160956382751
554.0 73.29620122909546
555.0 77.3328959941864
556.0 81.26751184463501
557.0 84.28298234939575
558.0 87.8175437450409
559.0 90.87454676628113
560.0 91.86421036720276
561.0 94.12354826927185
562.0 94.94361281394958
563.0 94.92676258087158
564.0 95.5527126789093
565.0 94.9836254119873
566.0 95.64011096954346
567.0 94.96057629585266
568.0 95.65747380256653
569.0 96.10839486122131
570.0 95.50859332084656
571.0 96.78732752799988
572.0 96.52456641197205
573.0 96.35041952133179
574.0 96.51347994804382
575.0 96.66380882263184
576.0 96.99389338493347
577.0 96.91033959388733
578.0 96.81016802787781
579.0 96.63793444633484
580.0 96.3688313961029
581.0 96.0886538028717
582.0 96.84208035469055
583.0 96.58922553062439
584.0 96.00603580474854
585.0 96.02547883987427
586.0 96.14518880844116
587.0 95.72168588638306
588.0 96.22274041175842
589.0 97.28626608848572
590.0 96.3702142238617
591.0 95.91617584228516
592.0 95.90591192245483
593.0 95.44945359230042
594.0 95.53413391113281
595.0 96.45833969116211
596.0 96.99345827102661
597.0 96.78012132644653
598.0 96.53692245483398
599.0 96.46238088607788
600.0 96.53235077857971
601.0 95.87844014167786
602.0 96.36000394821167
603.0 96.0344672203064
604.0 96.15423679351807
605.0 96.59693837165833
606.0 95.98103761672974
607.0 95.9818184375763
608.0 96.22666239738464
609.0 95.48853635787964
610.0 95.49493193626404
611.0 95.70577144622803
612.0 95.3220009803772
613.0 96.71925902366638
614.0 96.35682106018066
615.0 96.15445733070374
616.0 96.2054967880249
617.0 95.95142602920532
618.0 96.11393809318542
619.0 96.87270522117615
620.0 95.85024118423462
621.0 95.56061625480652
622.0 96.19258642196655
623.0 96.35805487632751
624.0 95.86779475212097
625.0 96.59395813941956
626.0 95.82721590995789
627.0 94.84786987304688
628.0 96.74198627471924
629.0 95.07150053977966
630.0 96.14556431770325
631.0 95.97251415252686
632.0 96.42025828361511
633.0 96.35598659515381
634.0 95.61075568199158
635.0 95.98642587661743
636.0 95.86248993873596
637.0 95.39123773574829
638.0 95.28206586837769
639.0 95.21819949150085
640.0 95.4449474811554
641.0 95.20286917686462
642.0 95.65894603729248
643.0 95.57831287384033
644.0 95.68421244621277
645.0 95.7755446434021
646.0 95.70369124412537
647.0 96.6559648513794
648.0 96.09900712966919
649.0 95.14046907424927
650.0 96.19180560112
651.0 96.66622877120972
652.0 96.75478935241699
653.0 95.45022249221802
654.0 96.20434641838074
655.0 96.31778001785278
656.0 95.44569849967957
657.0 95.70974707603455
658.0 95.94400525093079
659.0 95.84822058677673
660.0 94.99777555465698
661.0 95.18648386001587
662.0 95.48805952072144
663.0 95.7437515258789
664.0 95.20050287246704
665.0 95.43777704238892
666.0 94.86967325210571
667.0 95.60171365737915
668.0 94.92325782775879
669.0 95.5857515335083
670.0 95.26991248130798
671.0 95.56244611740112
672.0 95.25366425514221
673.0 95.07573246955872
674.0 94.85194087028503
675.0 95.12155652046204
676.0 94.76591944694519
677.0 93.97931694984436
678.0 93.4904158115387
679.0 92.54870414733887
680.0 91.832035779953
681.0 90.0704562664032
682.0 88.17083835601807
683.0 85.49821376800537
684.0 82.12304711341858
685.0 78.57810854911804
686.0 74.98888373374939
687.0 70.31089067459106
688.0 66.02616310119629
689.0 61.4406943321228
690.0 56.07081651687622
691.0 51.786839962005615
692.0 47.32722342014313
693.0 43.040233850479126
694.0 38.15232813358307
695.0 33.00853371620178
696.0 27.866578102111816
697.0 23.003651201725006
698.0 17.27854609489441
699.0 12.720121443271637
700.0 9.101928025484085
701.0 5.814285576343536
702.0 3.7015151232481003
703.0 2.1836012601852417
704.0 1.227132137864828
705.0 0.7468365132808685
706.0 0.4386625252664089
707.0 0.27732085436582565
708.0 0.2256624400615692
709.0 0.1924339565448463
710.0 0.09594738949090242
711.0 0.12288147117942572
712.0 0.07359220762737095
713.0 0.02825894916895777
714.0 0.061491027008742094
715.0 0.05658639129251242
716.0 0.08257181034423411
717.0 0.036513671511784196
718.0 0.06434611859731376
719.0 0.04878938780166209
720.0 1.5942352689715666e-10
721.0 0.004670343696488999
722.0 0.004337288919487037
723.0 0.004004233778687194
724.0 0.0037886271456955
725.0 0.0035730201489059255
726.0 0.0032823554647620767
727.0 0.0029916911444161087
728.0 0.002827829302987084
729.0 0.002663967643456999
730.0 0.0024979723093565553
731.0 0.002331977339053992
732.0 0.002276348641316872
733.0 0.0022207201254786924
734.0 0.002131717701558955
735.0 0.0020427150957402773
736.0 0.0019342322048032656
737.0 0.0018257494957651943
738.0 0.0017580996427568607
739.0 0.0016904497897485271
740.0 0.0016650838006171398
741.0 0.0016397181752836332
742.0 0.001524242998129921
743.0 0.001408767820976209
744.0 0.0015071103007358033
745.0 0.0016054525985964574
746.0 0.0014480313438980374
747.0 0.0012906102710985579
748.0 0.001239070206793258
749.0 0.0011875302334374283
750.0 0.0011624800208664965
751.0 0.0011374300811439753
752.0 0.0011930030268558767
753.0 0.0012485762454161886
754.0 0.0012093310942873359
755.0 0.0011700863069563638
756.0 0.0011290185284451582
757.0 0.0010879509318328928
758.0 0.0010781433957163244
759.0 0.0010683359505492263
760.0 0.00100567613117164
761.0 0.0009430162208445836
762.0 0.00098435621112003
763.0 0.0010256964742438868
764.0 0.00105370227174717
765.0 0.0010817081601999234
766.0 0.0009150037840299774
767.0 0.0007482993623852963
768.0 0.0007099456524883863
769.0 0.0006715917152178008
770.0 0.0006515323093481129
771.0 0.0006314730399026303
772.0 0.0006566041065525496
773.0 0.0006817349458287936
774.0 0.0008691767106938642
775.0 0.0010566184755589347
776.0 0.0010609757737256587
777.0 0.0010653334356902633
778.0 0.0009278875040763523
779.0 0.0007904418453108519
780.0 0.0007540219030488515
781.0 0.0007176022336352617
782.0 0.0007880459634179715
783.0 0.0008584896932006814
784.0 0.0008114002412185073
785.0 0.000764310698286863
786.0 0.0007884870683483314
787.0 0.0008126636203087401
788.0 0.0006862135251139989
789.0 0.000559763566343463
790.0 0.0006507106263597962
791.0 0.0007416578228003345
792.0 0.00078388484325842
793.0 0.0008261116818175651
794.0 0.0008161912774085067
795.0 0.0008062707820499782
796.0 0.0006762362772860797
797.0 0.0005462017270474462
798.0 0.0006817813755333191
799.0 0.0008173610694939271
800.0 0.0008145642823365051
801.0 0.0008117672223306727
802.0 0.0007677308531128801
803.0 0.0007236944838950876
804.0 0.000704082049196586
805.0 0.0006844697054475546
806.0 0.0007427717264363309
807.0 0.0008010736564756371
808.0 0.0007674543667235412
809.0 0.0007338349860219751
810.0 0.0006810181275795912
811.0 0.0006282011781877372
812.0 0.0005686232270818437
813.0 0.0005090451850264799
814.0 0.00047564444685122
815.0 0.0004422437086759601
816.0 0.0005953982508799527
817.0 0.0007485529295081506
818.0 0.000668203529130551
819.0 0.0005878540378034813
820.0 0.0005230313036008738
821.0 0.0004582085239235312
822.0 0.0005164382855582517
823.0 0.0005746680471929722
824.0 0.0004924897893943125
825.0 0.00041031134969671257
826.0 0.0004706192612502491
827.0 0.0005309271273290506
828.0 0.00047972998800105415
829.0 0.00042853275772358757
830.0 0.0001827070605031622
831.0 1.5942352689715666e-10
832.0 1.5942352689715666e-10
833.0 1.5942352689715666e-10
834.0 1.5942352689715666e-10
835.0 0.00013933849913883023
836.0 0.00021848845790373161
837.0 0.0002976384621433681
838.0 0.0006767684681108221
839.0 0.001055898428603541
840.0 0.0013873878742742818
841.0 0.0017188773199450225
842.0 0.001988594522117637
843.0 0.002258311906189192
844.0 0.0021880236090510152
845.0 0.0021177353119128384
846.0 0.00192884290299844
847.0 0.0017399504940840416
848.0 0.001757402606017422
849.0 0.0017748543541529216
850.0 0.0016591644453001209
851.0 0.0015434743545483798
852.0 0.0014009068763698451
853.0 0.0012583393981913105
854.0 0.0010367148206569254
855.0 0.0008150900612236001
856.0 0.0006552444574481342
857.0 0.000495398671773728
858.0 0.0005132965725351823
859.0 0.0005311944278219016
860.0 0.00042266615309927147
861.0 0.0003141378329019062
862.0 0.0003443124114710372
863.0 0.0003744869673028006
864.0 0.0002612160187709378
865.0 0.0001479451043451263
866.0 0.0001263922854377597
867.0 0.00010483944379302557
868.0 0.00012838619340982405
869.0 0.00015193293165793875
870.0 0.00010191253068114747
871.0 5.189212402001431e-05
872.0 1.5942352689715666e-10
873.0 1.5942352689715666e-10
874.0 1.5942352689715666e-10
875.0 1.5942352689715666e-10
876.0 1.5942352689715666e-10
877.0 2.7436826144366933e-05
878.0 0.00010351641321904026
879.0 0.00017959599745154264
880.0 0.00011665338206512388
881.0 5.371075531002134e-05
882.0 0.00011774617405535537
883.0 0.0001817815928006894
884.0 0.00010181945526710479
885.0 2.185729215398169e-05
886.0 9.067741189028311e-05
887.0 0.00015949754015309736
888.0 0.00017836514416558202
889.0 0.00019723277091543423
890.0 0.00013400119769357843
891.0 7.076961878738075e-05
892.0 3.4565596251923125e-05
893.0 1.5942352689715666e-10
894.0 5.205511683925579e-05
895.0 0.00010574866564638796
896.0 5.959544182587706e-05
897.0 1.3442260637930303e-05
898.0 4.504543369421299e-05
899.0 7.664858685529907e-05
900.0 5.059852696831513e-05
