lsstCam/transmission_sensor/r13_s00/19700101T000000.ecsv
# %ECSV 1.0
# ---
# datatype:
# - {name: amp_name, datatype: string}
# - {name: wavelength, unit: nm, datatype: float32}
# - {name: efficiency, unit: '%', datatype: float64}
# meta: !!omap
# - {MODE: AMP}
# - {TYPE: transmission_sensor}
# - {CALIBDATE: '1970-01-01T00:00:00'}
# - {INSTRUME: LSSTCam}
# - {OBSTYPE: transmission_sensor}
# - {DETECTOR: 54}
# - {PARQUETFILE: qe_raft_allvalues_nircorrected_20230725_adjust.parquet}
# - {CORRFILE: qe_corr_factor_bydetnum.parquet}
# - {CALIBCLS: lsst.ip.isr.IntermediateSensorTransmissionCurve}
# - {CALIB_ID: 'raftName=R13 detectorName=S00 detector=54 calibDate=1970-01-01T00:00:00 ccd=54 ccdnum=54 filter=None'}
# - {DATE: '2025-03-03T21:56:47.675907'}
# - {CALIB_CREATION_DATE: '2025-03-03'}
# - {CALIB_CREATION_TIME: '21:56:47'}
# - __serialized_columns__:
#     efficiency:
#       __class__: astropy.units.quantity.Quantity
#       unit: !astropy.units.Unit {unit: '%'}
#       value: !astropy.table.SerializedColumn {name: efficiency}
#     wavelength:
#       __class__: astropy.units.quantity.Quantity
#       unit: !astropy.units.Unit {unit: nm}
#       value: !astropy.table.SerializedColumn {name: wavelength}
# schema: astropy-2.0
amp_name wavelength efficiency
C00 319.994 42.52329315435495
C00 324.969 48.07004025984999
C00 349.982 72.68088665161423
C00 374.975 78.27779311755481
C00 400.019 84.42287979261543
C00 424.965 85.994382486037
C00 450.035 87.5505972851803
C00 475.003 89.77017276521846
C00 500.018 92.50597530949148
C00 525.002 93.13649251019473
C00 550.029 94.74773307515487
C00 575.023 96.13756931755373
C00 599.982 97.26104310926989
C00 619.997 97.83457124066014
C00 624.979 97.70730655976944
C00 650.012 98.12157881686642
C00 675.004 98.44789812121677
C00 700.03 98.4447324845718
C00 725.012 98.2538202438288
C00 750.022 98.0089019375344
C00 774.987 98.29864139728767
C00 799.976 97.29892421316093
C00 824.988 96.0504458224857
C00 850.022 93.74017028674697
C00 869.967 90.68556682515542
C00 875.002 90.36955866901165
C00 899.999 82.73806100477007
C00 919.999 74.67273414550463
C00 925.012 71.32889346458907
C00 949.965 58.40118296231028
C00 975.002 43.8418188655037
C00 999.976 26.570596156403447
C00 1025.028 11.583092069132372
C00 1050.014 4.043922461528222
C00 1075.002 0.9337259957969909
C00 1099.99 0.09264343550653356
C01 319.994 42.71524031477035
C01 324.969 48.28924918295918
C01 349.982 73.05313051642712
C01 374.975 78.68613741564594
C01 400.019 84.73172721779063
C01 424.965 86.24148477722827
C01 450.035 87.76446800130284
C01 475.003 89.96360381781119
C01 500.018 92.68965833193467
C01 525.002 93.31124935046351
C01 550.029 94.92611213427703
C01 575.023 96.31667890820934
C01 599.982 97.44375208966846
C01 619.997 98.01690734558852
C01 624.979 97.88912520486161
C01 650.012 98.30646417245842
C01 675.004 98.63721232423035
C01 700.03 98.66110679313711
C01 725.012 98.53903193001533
C01 750.022 98.37855089346283
C01 774.987 98.75408975987973
C01 799.976 97.78005532497603
C01 824.988 96.49922047513151
C01 850.022 94.16463954649844
C01 869.967 91.080000585297
C01 875.002 90.7298705187781
C01 899.999 82.92802964228237
C01 919.999 74.7395777808158
C01 925.012 71.34380848339711
C01 949.965 58.512653703641746
C01 975.002 43.87406498397262
C01 999.976 26.6216686812658
C01 1025.028 11.549747299724457
C01 1050.014 4.015811265684203
C01 1075.002 0.937247621929555
C01 1099.99 0.09299284801615515
C02 319.994 42.61104825481128
C02 324.969 48.16912620877835
C02 349.982 72.94556735782929
C02 374.975 78.6174217932803
C02 400.019 84.521904863916
C02 424.965 85.95370862097117
C02 450.035 87.43247946786474
C02 475.003 89.59422881120783
C02 500.018 92.29551374052507
C02 525.002 92.90877213375043
C02 550.029 94.50668049822502
C02 575.023 95.89238467163777
C02 599.982 97.01502900567532
C02 619.997 97.58964532466229
C02 624.979 97.4605086567171
C02 650.012 97.87669094938593
C02 675.004 98.21617504074543
C02 700.03 98.24883588805366
C02 725.012 98.16290711643097
C02 750.022 98.04142581018012
C02 774.987 98.45602528452646
C02 799.976 97.50065745224325
C02 824.988 96.20931360190183
C02 850.022 93.87432935898465
C02 869.967 90.75944182647609
C02 875.002 90.38788283497583
C02 899.999 82.52769075224535
C02 919.999 74.30851851785629
C02 925.012 70.90384586737362
C02 949.965 58.16503864412083
C02 975.002 43.56463922133343
C02 999.976 26.446613160135687
C02 1025.028 11.49761036758875
C02 1050.014 3.9880434577094253
C02 1075.002 0.9340358472491751
C02 1099.99 0.0926741786829646
C03 319.994 42.87991429793675
C03 324.969 48.47703764042632
C03 349.982 73.48695971145098
C03 374.975 79.20845224265959
C03 400.019 84.9982114237289
C03 424.965 86.35400185278735
C03 450.035 87.78888753974928
C03 475.003 89.9340325101132
C03 500.018 92.62487692626482
C03 525.002 93.22970376804155
C03 550.029 94.8303516257666
C03 575.023 96.21817890644844
C03 599.982 97.34570867011597
C03 619.997 97.9253017351746
C03 624.979 97.79544975510291
C03 650.012 98.21784917550958
C03 675.004 98.55774419085665
C03 700.03 98.59487193410382
C03 725.012 98.51668984061715
C03 750.022 98.40517724591658
C03 774.987 98.8298595773653
C03 799.976 97.87767260113401
C03 824.988 96.56797414601452
C03 850.022 94.20625701479497
C03 869.967 91.06767286566995
C03 875.002 90.63436113048228
C03 899.999 82.68701511386988
C03 919.999 74.56067365215397
C03 925.012 70.9164247072153
C03 949.965 58.24115089826271
C03 975.002 43.76333999358156
C03 999.976 26.4812601400505
C03 1025.028 11.567074594533603
C03 1050.014 4.0061478934858
C03 1075.002 0.9375012891448217
C03 1099.99 0.09301801664421462
C04 319.994 43.058007993178656
C04 324.969 48.67894209783678
C04 349.982 73.86072551695857
C04 374.975 79.62902533423262
C04 400.019 85.2963824349308
C04 424.965 86.58114389176765
C04 450.035 87.97245641664037
C04 475.003 90.09291550893627
C04 500.018 92.77254322216795
C04 525.002 93.36845149147376
C04 550.029 94.9667175120116
C04 575.023 96.35487200994281
C04 599.982 97.48500429219827
C04 619.997 98.06616495617244
C04 624.979 97.93555200575341
C04 650.012 98.3605006768237
C04 675.004 98.70229811803914
C04 700.03 98.73846703864865
C04 725.012 98.65379386809909
C04 750.022 98.53356055321788
C04 774.987 98.95422496123261
C04 799.976 97.99249541684556
C04 824.988 96.67331527119809
C04 850.022 94.30996205373174
C04 869.967 91.12427384010579
C04 875.002 90.6973162073185
C04 899.999 82.6821296842399
C04 919.999 74.56068126185744
C04 925.012 71.00652359634147
C04 949.965 58.23176432902815
C04 975.002 43.65270251478044
C04 999.976 26.399237048735586
C04 1025.028 11.53581393266449
C04 1050.014 4.023927965651618
C04 1075.002 0.9387243907414171
C04 1099.99 0.09313937166098848
C05 319.994 43.10764228408452
C05 324.969 48.736962281970435
C05 349.982 74.00799610828108
C05 374.975 79.80538782193432
C05 400.019 85.36512849611034
C05 424.965 86.58611302813584
C05 450.035 87.94659864423743
C05 475.003 90.04646587893407
C05 500.018 92.71006755665057
C05 525.002 93.29895967935381
C05 550.029 94.89307080179513
C05 575.023 96.2802893061991
C05 599.982 97.41052051459972
C05 619.997 97.99022011550699
C05 624.979 97.86057359742907
C05 650.012 98.28710508682185
C05 675.004 98.63109412263765
C05 700.03 98.66173078882194
C05 725.012 98.56409829325702
C05 750.022 98.42944459029356
C05 774.987 98.83315457896933
C05 799.976 97.86463717908391
C05 824.988 96.54127169652602
C05 850.022 94.16216639286955
C05 869.967 90.9824213576564
C05 875.002 90.59834440394224
C05 899.999 82.49255675130823
C05 919.999 74.30025437988407
C05 925.012 70.90851822530634
C05 949.965 58.08858395332264
C05 975.002 43.547623924366704
C05 999.976 26.438537362324443
C05 1025.028 11.44137846377137
C05 1050.014 3.995491454984107
C05 1075.002 0.9377324832958617
C05 1099.99 0.0930409555154871
C06 319.994 43.297302728606134
C06 324.969 48.95436009565293
C06 349.982 74.40813714602778
C06 374.975 80.24855412312016
C06 400.019 85.72862881163218
C06 424.965 86.89722814494615
C06 450.035 88.22726733745029
C06 475.003 90.3160320147791
C06 500.018 92.97695507687294
C06 525.002 93.55911261200214
C06 550.029 95.15832223577068
C06 575.023 96.54875203504048
C06 599.982 97.67937894802172
C06 619.997 98.26405529500065
C06 624.979 98.13920289011104
C06 650.012 98.56842060482997
C06 675.004 98.90945707569804
C06 700.03 98.94090037045052
C06 725.012 98.83159458975726
C06 750.022 98.68096811920293
C06 774.987 99.07034903623811
C06 799.976 98.08903211511029
C06 824.988 96.77417428103577
C06 850.022 94.36514001361805
C06 869.967 91.16591413751274
C06 875.002 90.80805261226477
C06 899.999 82.71710388140407
C06 919.999 74.39386895201498
C06 925.012 71.00290137748809
C06 949.965 58.073060158236714
C06 975.002 43.68133021924772
C06 999.976 26.616410376165614
C06 1025.028 11.478026795699716
C06 1050.014 3.9757908839041667
C06 1075.002 0.9401287358473023
C06 1099.99 0.09327870949224906
C07 319.994 43.37945328245423
C07 324.969 49.054739694171786
C07 349.982 74.64072012299165
C07 374.975 80.5041945016087
C07 400.019 85.89237441097481
C07 424.965 87.00706660488255
C07 450.035 88.31286128212015
C07 475.003 90.38436715197108
C07 500.018 93.03896655047843
C07 525.002 93.6224253449016
C07 550.029 95.2229742764815
C07 575.023 96.615633718869
C07 599.982 97.75172439894422
C07 619.997 98.33847058526794
C07 624.979 98.21510968225913
C07 650.012 98.64551451071992
C07 675.004 98.98916871958289
C07 700.03 99.01619838632074
C07 725.012 98.89918397600883
C07 750.022 98.73753865482487
C07 774.987 99.11540609050468
C07 799.976 98.12858735376551
C07 824.988 96.81424697952718
C07 850.022 94.39522117144877
C07 869.967 91.15209491600488
C07 875.002 90.79570206352729
C07 899.999 82.76953473833645
C07 919.999 74.42051813357917
C07 925.012 71.02183431973013
C07 949.965 57.999622714865765
C07 975.002 43.66048724143382
C07 999.976 26.712374444243974
C07 1025.028 11.549041499727291
C07 1050.014 3.98496081439296
C07 1075.002 0.9406676807361649
C07 1099.99 0.09333218310900353
C10 319.994 41.004567559373804
C10 324.969 46.353306375636805
C10 349.982 70.27434075723234
C10 374.975 76.36210353602713
C10 400.019 83.44210316043421
C10 424.965 85.45093551247746
C10 450.035 87.2314158826881
C10 475.003 89.57386524471275
C10 500.018 92.39537587920772
C10 525.002 93.08591842090989
C10 550.029 94.75885085192965
C10 575.023 96.19221459819688
C10 599.982 97.35331837358947
C10 619.997 97.9498506385801
C10 624.979 97.82865850106124
C10 650.012 98.26702307935531
C10 675.004 98.60345567962193
C10 700.03 98.55200647443763
C10 725.012 98.19282847048875
C10 750.022 97.7347928087157
C10 774.987 97.81935183371316
C10 799.976 96.74719027251876
C10 824.988 95.51706648662159
C10 850.022 93.11755956795268
C10 869.967 89.97522383501523
C10 875.002 89.60516395509923
C10 899.999 82.27455396619959
C10 919.999 74.43703119011664
C10 925.012 71.00202626158863
C10 949.965 57.50788748126035
C10 975.002 42.84900368242742
C10 999.976 26.165173984446135
C10 1025.028 11.505956309873305
C10 1050.014 4.059413439767919
C10 1075.002 0.9311145749144226
C10 1099.99 0.09238433272562821
C11 319.994 41.32727986427771
C11 324.969 46.71824112026339
C11 349.982 70.88060583296557
C11 374.975 77.01691851992125
C11 400.019 83.91974902805846
C11 424.965 85.81599581721136
C11 450.035 87.5362149456154
C11 475.003 89.84490005332817
C11 500.018 92.64723423506994
C11 525.002 93.32891147222549
C11 550.029 94.98989666879186
C11 575.023 96.42008716871065
C11 599.982 97.58228674140341
C11 619.997 98.1863526128328
C11 624.979 98.06025982627702
C11 650.012 98.5031826169517
C11 675.004 98.8450789843123
C11 700.03 98.81410749117518
C11 725.012 98.52057078938863
C11 750.022 98.14019215156259
C11 774.987 98.3086253282449
C11 799.976 97.25443027695142
C11 824.988 96.00115016338441
C11 850.022 93.58939923182665
C11 869.967 90.35086923728076
C11 875.002 89.9569453272719
C11 899.999 82.54555833600111
C11 919.999 74.535972554679
C11 925.012 71.05509633361277
C11 949.965 57.58936838120278
C11 975.002 42.854170671085924
C11 999.976 26.159143294443393
C11 1025.028 11.514003571296524
C11 1050.014 4.033013475992502
C11 1075.002 0.9349767933415576
C11 1099.99 0.09276753848982139
C12 319.994 41.513021311510485
C12 324.969 46.928470593273865
C12 349.982 71.28041965346291
C12 374.975 77.4494312362442
C12 400.019 84.09696380254918
C12 424.965 85.85619027095835
C12 450.035 87.49083828380296
C12 475.003 89.75456526339433
C12 500.018 92.5256616123774
C12 525.002 93.18774386308871
C12 550.029 94.83387491847482
C12 575.023 96.25770370628977
C12 599.982 97.41587774584505
C12 619.997 98.01775963237755
C12 624.979 97.89370624635266
C12 650.012 98.3376182984789
C12 675.004 98.68584593912944
C12 700.03 98.66217976132687
C12 725.012 98.38778907347965
C12 750.022 98.0367534522474
C12 774.987 98.23006274958455
C12 799.976 97.18569182547536
C12 824.988 95.91003918369627
C12 850.022 93.50143866937653
C12 869.967 90.27671267693157
C12 875.002 89.86415260311611
C12 899.999 82.26246975708368
C12 919.999 74.31722401862996
C12 925.012 70.85956500286136
C12 949.965 57.587233859378465
C12 975.002 42.80213932358591
C12 999.976 26.077681418759642
C12 1025.028 11.461081888490114
C12 1050.014 4.006887461542131
C12 1075.002 0.9339913374615094
C12 1099.99 0.09266976246272272
C13 319.994 41.78482850502846
C13 324.969 47.23544222654285
C13 349.982 71.80086249342209
C13 374.975 77.95578090537046
C13 400.019 84.39306497440629
C13 424.965 86.03562707886333
C13 450.035 87.60783747470792
C13 475.003 89.83716098489563
C13 500.018 92.58663055660703
C13 525.002 93.23334120630189
C13 550.029 94.86814902291944
C13 575.023 96.28842407921226
C13 599.982 97.44445218238802
C13 619.997 98.04398267054721
C13 624.979 97.92199912386711
C13 650.012 98.36441206440908
C13 675.004 98.71238097514151
C13 700.03 98.68652320273858
C13 725.012 98.40450759201092
C13 750.022 98.04397506084374
C13 774.987 98.22739935336882
C13 799.976 97.17649930367938
C13 824.988 95.88764382637378
C13 850.022 93.46624379081162
C13 869.967 90.30955615712315
C13 875.002 89.9313310653801
C13 899.999 82.07551456214689
C13 919.999 74.0962991073875
C13 925.012 70.79028626243867
C13 949.965 57.617341651171344
C13 975.002 42.84148149054387
C13 999.976 26.066881347104886
C13 1025.028 11.358343281894479
C13 1050.014 3.961042802966069
C13 1075.002 0.9340601375188811
C13 1099.99 0.09267658874120982
C14 319.994 42.02179086634131
C14 324.969 47.504205538671435
C14 349.982 72.29371254858636
C14 374.975 78.48941897115266
C14 400.019 84.73538748516138
C14 424.965 86.26676421216722
C14 450.035 87.77923082604141
C14 475.003 89.97318443448432
C14 500.018 92.69849319766739
C14 525.002 93.33136179674395
C14 550.029 94.96499010932311
C14 575.023 96.38373561521777
C14 599.982 97.5390560159705
C14 619.997 98.13863977205399
C14 624.979 98.01692256499547
C14 650.012 98.4652862936537
C14 675.004 98.81330086260698
C14 700.03 98.78098245195505
C14 725.012 98.47644211894584
C14 750.022 98.08912343155197
C14 774.987 98.24449835707377
C14 799.976 97.1869702556589
C14 824.988 95.90165329046849
C14 850.022 93.45683058761492
C14 869.967 90.33732396509794
C14 875.002 89.97612938972857
C14 899.999 82.0555314808255
C14 919.999 74.07783035705734
C14 925.012 70.72443188857906
C14 949.965 57.57415277910753
C14 975.002 43.05572127728487
C14 999.976 26.20538936487768
C14 1025.028 11.354992158727338
C14 1050.014 3.951748976992598
C14 1075.002 0.9344902642381945
C14 1099.99 0.0927192655191508
C15 319.994 42.20570978959218
C15 324.969 47.713556090930716
C15 349.982 72.72835598188189
C15 374.975 78.99282368503468
C15 400.019 85.0298525707717
C15 424.965 86.43923053169047
C15 450.035 87.88349898303522
C15 475.003 90.03453386388763
C15 500.018 92.73507304226447
C15 525.002 93.35651186672385
C15 550.029 94.98297183863097
C15 575.023 96.40140534668322
C15 599.982 97.55588868005387
C15 619.997 98.16007630673883
C15 624.979 98.03754486140863
C15 650.012 98.48999500083214
C15 675.004 98.8349961272099
C15 700.03 98.79891852304208
C15 725.012 98.47215785589027
C15 750.022 98.05373831040023
C15 774.987 98.180554018786
C15 799.976 97.10540945382999
C15 824.988 95.834467218501
C15 850.022 93.386037516201
C15 869.967 90.20321055108109
C15 875.002 89.86336880365835
C15 899.999 82.11007022562002
C15 919.999 74.05544260943832
C15 925.012 70.69446487630044
C15 949.965 57.37587054055045
C15 975.002 43.06090348535032
C15 999.976 26.203382305586544
C15 1025.028 11.429884006674659
C15 1050.014 3.9723524869503155
C15 1075.002 0.934153152422769
C15 1099.99 0.09268581759452253
C16 319.994 42.34837651031323
C16 324.969 47.87912040940351
C16 349.982 73.04817659946588
C16 374.975 79.3123475241832
C16 400.019 85.18898668980938
C16 424.965 86.51258807317495
C16 450.035 87.90867188212555
C16 475.003 90.02895595124156
C16 500.018 92.71509757064655
C16 525.002 93.3232802916551
C16 550.029 94.94290674984303
C16 575.023 96.35588410050478
C16 599.982 97.51255141877232
C16 619.997 98.11660968049823
C16 624.979 97.99862883784519
C16 650.012 98.4478296338855
C16 675.004 98.79690956132508
C16 700.03 98.75440175772215
C16 725.012 98.40395208365734
C16 750.022 97.95468280028577
C16 774.987 98.04950731526897
C16 799.976 96.96027718918353
C16 824.988 95.69041553174777
C16 850.022 93.25247961053772
C16 869.967 89.95307198820389
C16 875.002 89.59076639612738
C16 899.999 82.03651483184524
C16 919.999 74.09287474082443
C16 925.012 70.720429184552
C16 949.965 57.14628578675515
C16 975.002 42.87139903974991
C16 999.976 26.20688847646196
C16 1025.028 11.498456947100177
C16 1050.014 4.001925934877413
C16 1075.002 0.9332094559292631
C16 1099.99 0.09259218489539303
C17 319.994 42.57037438974545
C17 324.969 48.136549068208325
C17 349.982 73.53140037973618
C17 374.975 79.83655716736175
C17 400.019 85.58253011464457
C17 424.965 86.82996597594395
C17 450.035 88.18469865621957
C17 475.003 90.28745757823613
C17 500.018 92.96492413568134
C17 525.002 93.566760363993
C17 550.029 95.19206366097217
C17 575.023 96.61029931673409
C17 599.982 97.77450785114385
C17 619.997 98.37963908105954
C17 624.979 98.26006020067706
C17 650.012 98.71216790344425
C17 675.004 99.06255669988126
C17 700.03 99.01573419440885
C17 725.012 98.64699079319378
C17 750.022 98.17180285979148
C17 774.987 98.23943029456042
C17 799.976 97.1373321599013
C17 824.988 95.86394720975733
C17 850.022 93.42734298665512
C17 869.967 90.0573629743081
C17 875.002 89.67321753326269
C17 899.999 82.13297543307525
C17 919.999 74.27581201232721
C17 925.012 70.93096685055315
C17 949.965 57.198005136412746
C17 975.002 42.76713849245958
C17 999.976 26.275320637373216
C17 1025.028 11.526356022459872
C17 1050.014 4.028047193263114
C17 1075.002 0.9352779484788977
C17 1099.99 0.09279741882588273
