lsstCam/transmission_sensor/r13_s00/19700101T000000.ecsv
# %ECSV 1.0
# ---
# datatype:
# - {name: amp_name, datatype: string}
# - {name: wavelength, unit: nm, datatype: float32}
# - {name: efficiency, unit: '%', datatype: float64}
# meta: !!omap
# - {MODE: AMP}
# - {TYPE: transmission_sensor}
# - {CALIBDATE: '1970-01-01T00:00:00'}
# - {INSTRUME: LSSTCAM}
# - {OBSTYPE: transmission_sensor}
# - {DETECTOR: 54}
# - {PARQUETFILE: qe_raft_allvalues_nircorrected_20230725.parquet}
# - {CALIBCLS: lsst.ip.isr.IntermediateSensorTransmissionCurve}
# - {CALIB_ID: 'raftName=R13 detectorName=S00 detector=54 calibDate=1970-01-01T00:00:00 ccd=54 ccdnum=54 filter=None'}
# - {DATE: '2024-01-18T22:42:25.162747'}
# - {CALIB_CREATION_DATE: '2024-01-18'}
# - {CALIB_CREATION_TIME: '22:42:25'}
# - __serialized_columns__:
#     efficiency:
#       __class__: astropy.units.quantity.Quantity
#       unit: !astropy.units.Unit {unit: '%'}
#       value: !astropy.table.SerializedColumn {name: efficiency}
#     wavelength:
#       __class__: astropy.units.quantity.Quantity
#       unit: !astropy.units.Unit {unit: nm}
#       value: !astropy.table.SerializedColumn {name: wavelength}
# schema: astropy-2.0
amp_name wavelength efficiency
C00 319.994 42.63332748413086
C00 324.969 48.194427490234375
C00 349.982 72.86895751953125
C00 374.975 78.4803466796875
C00 400.019 84.6413345336914
C00 424.965 86.21690368652344
C00 450.035 87.77714538574219
C00 475.003 90.0024642944336
C00 500.018 92.74534606933594
C00 525.002 93.37749481201172
C00 550.029 94.99290466308594
C00 575.023 96.38633728027344
C00 599.982 97.5127182006836
C00 619.997 98.08773040771484
C00 624.979 97.96013641357422
C00 650.012 98.37548065185547
C00 675.004 98.70264434814453
C00 700.03 98.69947052001953
C00 725.012 98.50806427001953
C00 750.022 98.26251220703125
C00 774.987 98.5530014038086
C00 799.976 97.55069732666016
C00 824.988 96.29898834228516
C00 850.022 93.98273468017578
C00 869.967 90.92022705078125
C00 875.002 90.60340118408203
C00 899.999 82.95215606689453
C00 919.999 74.86595916748047
C00 925.012 71.51346588134766
C00 949.965 58.552303314208984
C00 975.002 43.955265045166016
C00 999.976 26.63935089111328
C00 1025.028 11.613064765930176
C00 1050.014 4.054386615753174
C00 1075.002 0.9361421283803476
C00 1099.99 0.09288316196179883
C01 319.994 42.82577133178711
C01 324.969 48.41420364379883
C01 349.982 73.2421646118164
C01 374.975 78.8897476196289
C01 400.019 84.95098114013672
C01 424.965 86.46464538574219
C01 450.035 87.99156951904297
C01 475.003 90.19639587402344
C01 500.018 92.92950439453125
C01 525.002 93.55270385742188
C01 550.029 95.17174530029297
C01 575.023 96.56591033935547
C01 599.982 97.6958999633789
C01 619.997 98.27053833007812
C01 624.979 98.14242553710938
C01 650.012 98.56084442138672
C01 675.004 98.89244842529297
C01 700.03 98.9164047241211
C01 725.012 98.79401397705078
C01 750.022 98.63311767578125
C01 774.987 99.00962829589844
C01 799.976 98.03307342529297
C01 824.988 96.7489242553711
C01 850.022 94.4083023071289
C01 869.967 91.31568145751953
C01 875.002 90.96464538574219
C01 899.999 83.14261627197266
C01 919.999 74.93297576904297
C01 925.012 71.5284194946289
C01 949.965 58.6640625
C01 975.002 43.98759460449219
C01 999.976 26.690555572509766
C01 1025.028 11.579633712768555
C01 1050.014 4.02620267868042
C01 1075.002 0.9396728671601804
C01 1099.99 0.09323347861991078
C02 319.994 42.721309661865234
C02 324.969 48.29376983642578
C02 349.982 73.13432312011719
C02 374.975 78.82085418701172
C02 400.019 84.74061584472656
C02 424.965 86.1761245727539
C02 450.035 87.65872192382812
C02 475.003 89.82606506347656
C02 500.018 92.53433990478516
C02 525.002 93.14918518066406
C02 550.029 94.75122833251953
C02 575.023 96.14051818847656
C02 599.982 97.26606750488281
C02 619.997 97.84217071533203
C02 624.979 97.71269989013672
C02 650.012 98.12995910644531
C02 675.004 98.47032165527344
C02 700.03 98.50306701660156
C02 725.012 98.41691589355469
C02 750.022 98.29512023925781
C02 774.987 98.7107925415039
C02 799.976 97.7529525756836
C02 824.988 96.45826721191406
C02 850.022 94.11724090576172
C02 869.967 90.99429321289062
C02 875.002 90.62177276611328
C02 899.999 82.74124145507812
C02 919.999 74.50080108642578
C02 925.012 71.08731842041016
C02 949.965 58.315547943115234
C02 975.002 43.6773681640625
C02 999.976 26.515047073364258
C02 1025.028 11.527361869812012
C02 1050.014 3.9983630180358887
C02 1075.002 0.9364527816118471
C02 1099.99 0.09291398469003695
C03 319.994 42.99087142944336
C03 324.969 48.60247802734375
C03 349.982 73.67711639404297
C03 374.975 79.41341400146484
C03 400.019 85.21815490722656
C03 424.965 86.57745361328125
C03 450.035 88.01605224609375
C03 475.003 90.166748046875
C03 500.018 92.86455535888672
C03 525.002 93.470947265625
C03 550.029 95.07573699951172
C03 575.023 96.46715545654297
C03 599.982 97.59760284423828
C03 619.997 98.17869567871094
C03 624.979 98.04850769042969
C03 650.012 98.47200012207031
C03 675.004 98.81277465820312
C03 700.03 98.8499984741211
C03 725.012 98.77161407470703
C03 750.022 98.6598129272461
C03 774.987 99.0855941772461
C03 799.976 98.13094329833984
C03 824.988 96.81785583496094
C03 850.022 94.45002746582031
C03 869.967 91.3033218383789
C03 875.002 90.86888885498047
C03 899.999 82.9009780883789
C03 919.999 74.75360870361328
C03 925.012 71.09992980957031
C03 949.965 58.3918571472168
C03 975.002 43.876583099365234
C03 999.976 26.54978370666504
C03 1025.028 11.597005844116211
C03 1050.014 4.016514301300049
C03 1075.002 0.9399271907710351
C03 1099.99 0.09325871237493749
C04 319.994 43.16942596435547
C04 324.969 48.80490493774414
C04 349.982 74.05184936523438
C04 374.975 79.83507537841797
C04 400.019 85.51709747314453
C04 424.965 86.80518341064453
C04 450.035 88.2000961303711
C04 475.003 90.32604217529297
C04 500.018 93.01260375976562
C04 525.002 93.61005401611328
C04 550.029 95.21245574951172
C04 575.023 96.60420227050781
C04 599.982 97.73725891113281
C04 619.997 98.3199234008789
C04 624.979 98.18897247314453
C04 650.012 98.61502075195312
C04 675.004 98.95770263671875
C04 700.03 98.99396514892578
C04 725.012 98.90907287597656
C04 750.022 98.78852844238281
C04 774.987 99.21028137207031
C04 799.976 98.24606323242188
C04 824.988 96.92346954345703
C04 850.022 94.55400085449219
C04 869.967 91.36006927490234
C04 875.002 90.9320068359375
C04 899.999 82.89608001708984
C04 919.999 74.75361633300781
C04 925.012 71.19026184082031
C04 949.965 58.3824462890625
C04 975.002 43.76565933227539
C04 999.976 26.467548370361328
C04 1025.028 11.565664291381836
C04 1050.014 4.0343403816223145
C04 1075.002 0.9411534572957075
C04 1099.99 0.09338038141296759
C05 319.994 43.21918869018555
C05 324.969 48.863075256347656
C05 349.982 74.19950103759766
C05 374.975 80.01189422607422
C05 400.019 85.58602142333984
C05 424.965 86.81016540527344
C05 450.035 88.1741714477539
C05 475.003 90.27947235107422
C05 500.018 92.94996643066406
C05 525.002 93.5403823852539
C05 550.029 95.13861846923828
C05 575.023 96.52942657470703
C05 599.982 97.66258239746094
C05 619.997 98.24378204345703
C05 624.979 98.11380004882812
C05 650.012 98.54143524169922
C05 675.004 98.88631439208984
C05 700.03 98.91703033447266
C05 725.012 98.81914520263672
C05 750.022 98.68414306640625
C05 774.987 99.08889770507812
C05 799.976 98.11787414550781
C05 824.988 96.79108428955078
C05 850.022 94.40582275390625
C05 869.967 91.21784973144531
C05 875.002 90.83277893066406
C05 899.999 82.70601654052734
C05 919.999 74.49251556396484
C05 925.012 71.09200286865234
C05 949.965 58.238895416259766
C05 975.002 43.660308837890625
C05 999.976 26.50695037841797
C05 1025.028 11.47098445892334
C05 1050.014 4.00583028793335
C05 1075.002 0.9401589831658039
C05 1099.99 0.09328171060340315
C06 319.994 43.409339904785156
C06 324.969 49.08103561401367
C06 349.982 74.60067749023438
C06 374.975 80.45620727539062
C06 400.019 85.9504623413086
C06 424.965 87.12208557128906
C06 450.035 88.45556640625
C06 475.003 90.54973602294922
C06 500.018 93.21754455566406
C06 525.002 93.80120849609375
C06 550.029 95.40455627441406
C06 575.023 96.798583984375
C06 599.982 97.93213653564453
C06 619.997 98.51832580566406
C06 624.979 98.39315032958984
C06 650.012 98.82347869873047
C06 675.004 99.16539764404297
C06 700.03 99.1969223022461
C06 725.012 99.08733367919922
C06 750.022 98.93631744384766
C06 774.987 99.32670593261719
C06 799.976 98.34284973144531
C06 824.988 97.02458953857422
C06 850.022 94.60932159423828
C06 869.967 91.40181732177734
C06 875.002 91.04302978515625
C06 899.999 82.93114471435547
C06 919.999 74.58637237548828
C06 925.012 71.18663024902344
C06 949.965 58.223331451416016
C06 975.002 43.79436111450195
C06 999.976 26.685283660888672
C06 1025.028 11.50772762298584
C06 1050.014 3.9860787391662598
C06 1075.002 0.9425614363198769
C06 1099.99 0.09352007979826192
C07 319.994 43.491703033447266
C07 324.969 49.18167495727539
C07 349.982 74.8338623046875
C07 374.975 80.71250915527344
C07 400.019 86.11463165283203
C07 424.965 87.23220825195312
C07 450.035 88.5413818359375
C07 475.003 90.61824798583984
C07 500.018 93.27971649169922
C07 525.002 93.86468505859375
C07 550.029 95.46937561035156
C07 575.023 96.86563873291016
C07 599.982 98.00466918945312
C07 619.997 98.59293365478516
C07 624.979 98.46925354003906
C07 650.012 98.90077209472656
C07 675.004 99.24531555175781
C07 700.03 99.27241516113281
C07 725.012 99.15509796142578
C07 750.022 98.99303436279297
C07 774.987 99.37187957763672
C07 799.976 98.38250732421875
C07 824.988 97.06476593017578
C07 850.022 94.63948059082031
C07 869.967 91.3879623413086
C07 875.002 91.03064727783203
C07 899.999 82.98371124267578
C07 919.999 74.61309051513672
C07 925.012 71.20561218261719
C07 949.965 58.14970397949219
C07 975.002 43.77346420288086
C07 999.976 26.781496047973633
C07 1025.028 11.578926086425781
C07 1050.014 3.995272397994995
C07 1075.002 0.943101775795923
C07 1099.99 0.09357369178467555
C10 319.994 41.11067199707031
C10 324.969 46.47325134277344
C10 349.982 70.45618438720703
C10 374.975 76.55970001220703
C10 400.019 83.65802001953125
C10 424.965 85.67205047607422
C10 450.035 87.45713806152344
C10 475.003 89.80564880371094
C10 500.018 92.63446044921875
C10 525.002 93.32678985595703
C10 550.029 95.0040512084961
C10 575.023 96.44112396240234
C10 599.982 97.60523223876953
C10 619.997 98.20330810546875
C10 624.979 98.08180236816406
C10 650.012 98.52130126953125
C10 675.004 98.85860443115234
C10 700.03 98.80702209472656
C10 725.012 98.44691467285156
C10 750.022 97.9876937866211
C10 774.987 98.07247161865234
C10 799.976 96.9975357055664
C10 824.988 95.76422882080078
C10 850.022 93.35851287841797
C10 869.967 90.20804595947266
C10 875.002 89.83702850341797
C10 899.999 82.4874496459961
C10 919.999 74.62964630126953
C10 925.012 71.18575286865234
C10 949.965 57.65669631958008
C10 975.002 42.95988082885742
C10 999.976 26.232879638671875
C10 1025.028 11.53572940826416
C10 1050.014 4.069917678833008
C10 1075.002 0.9335239501202278
C10 1099.99 0.09262338872010069
C11 319.994 41.43421936035156
C11 324.969 46.83913040161133
C11 349.982 71.06401824951172
C11 374.975 77.2162094116211
C11 400.019 84.13690185546875
C11 424.965 86.03805541992188
C11 450.035 87.76272583007812
C11 475.003 90.07738494873047
C11 500.018 92.88697052001953
C11 525.002 93.5704116821289
C11 550.029 95.2356948852539
C11 575.023 96.66958618164062
C11 599.982 97.83479309082031
C11 619.997 98.44042205810547
C11 624.979 98.31400299072266
C11 650.012 98.75807189941406
C11 675.004 99.1008529663086
C11 700.03 99.0698013305664
C11 725.012 98.77550506591797
C11 750.022 98.3941421508789
C11 774.987 98.5630111694336
C11 799.976 97.50608825683594
C11 824.988 96.24956512451172
C11 850.022 93.83157348632812
C11 869.967 90.58466339111328
C11 875.002 90.1897201538086
C11 899.999 82.7591552734375
C11 919.999 74.72884368896484
C11 925.012 71.23896026611328
C11 949.965 57.73838806152344
C11 975.002 42.96506118774414
C11 999.976 26.22683334350586
C11 1025.028 11.543797492980957
C11 1050.014 4.043449401855469
C11 1075.002 0.9373961625197142
C11 1099.99 0.0930075860770493
C12 319.994 41.62044143676758
C12 324.969 47.049903869628906
C12 349.982 71.4648666381836
C12 374.975 77.64984130859375
C12 400.019 84.3145751953125
C12 424.965 86.07835388183594
C12 450.035 87.71723175048828
C12 475.003 89.98681640625
C12 500.018 92.76508331298828
C12 525.002 93.42887878417969
C12 550.029 95.07926940917969
C12 575.023 96.50678253173828
C12 599.982 97.66795349121094
C12 619.997 98.27139282226562
C12 624.979 98.14701843261719
C12 650.012 98.59207916259766
C12 675.004 98.94120788574219
C12 700.03 98.91748046875
C12 725.012 98.64237976074219
C12 750.022 98.29043579101562
C12 774.987 98.48424530029297
C12 799.976 97.43717193603516
C12 824.988 96.15821838378906
C12 850.022 93.7433853149414
C12 869.967 90.51031494140625
C12 875.002 90.09668731689453
C12 899.999 82.47533416748047
C12 919.999 74.50952911376953
C12 925.012 71.04292297363281
C12 949.965 57.73624801635742
C12 975.002 42.91289520263672
C12 999.976 26.145160675048828
C12 1025.028 11.490738868713379
C12 1050.014 4.017255783081055
C12 1075.002 0.9364081566495491
C12 1099.99 0.09290955704227385
C13 319.994 41.89295196533203
C13 324.969 47.357669830322266
C13 349.982 71.98665618896484
C13 374.975 78.15750122070312
C13 400.019 84.61144256591797
C13 424.965 86.25825500488281
C13 450.035 87.83453369140625
C13 475.003 90.06962585449219
C13 500.018 92.82621002197266
C13 525.002 93.47459411621094
C13 550.029 95.11363220214844
C13 575.023 96.53758239746094
C13 599.982 97.69660186767578
C13 619.997 98.29768371582031
C13 624.979 98.17538452148438
C13 650.012 98.61894226074219
C13 675.004 98.96781158447266
C13 700.03 98.94188690185547
C13 725.012 98.65914154052734
C13 750.022 98.29767608642578
C13 774.987 98.48157501220703
C13 799.976 97.4279556274414
C13 824.988 96.1357650756836
C13 850.022 93.70809936523438
C13 869.967 90.54324340820312
C13 875.002 90.1640396118164
C13 899.999 82.28789520263672
C13 919.999 74.28803253173828
C13 925.012 70.97346496582031
C13 949.965 57.76643371582031
C13 975.002 42.95233917236328
C13 999.976 26.13433265686035
C13 1025.028 11.387734413146973
C13 1050.014 3.971292495727539
C13 1075.002 0.9364771347356584
C13 1099.99 0.09291640098460875
C14 319.994 42.13052749633789
C14 324.969 47.62712860107422
C14 349.982 72.48078155517578
C14 374.975 78.69252014160156
C14 400.019 84.95465087890625
C14 424.965 86.489990234375
C14 450.035 88.0063705444336
C14 475.003 90.20600128173828
C14 500.018 92.93836212158203
C14 525.002 93.57286834716797
C14 550.029 95.21072387695312
C14 575.023 96.63314056396484
C14 599.982 97.79145050048828
C14 619.997 98.39258575439453
C14 624.979 98.27055358886719
C14 650.012 98.72007751464844
C14 675.004 99.0689926147461
C14 700.03 99.03659057617188
C14 725.012 98.73126220703125
C14 750.022 98.34294128417969
C14 774.987 98.49871826171875
C14 799.976 97.4384536743164
C14 824.988 96.14981079101562
C14 850.022 93.69866180419922
C14 869.967 90.57108306884766
C14 875.002 90.20895385742188
C14 899.999 82.26786041259766
C14 919.999 74.26951599121094
C14 925.012 70.90744018554688
C14 949.965 57.7231330871582
C14 975.002 43.16713333129883
C14 999.976 26.2731990814209
C14 1025.028 11.384374618530273
C14 1050.014 3.961974620819092
C14 1075.002 0.9369083744615564
C14 1099.99 0.09295918819404056
C15 319.994 42.31492233276367
C15 324.969 47.83702087402344
C15 349.982 72.91654968261719
C15 374.975 79.19722747802734
C15 400.019 85.2498779296875
C15 424.965 86.66290283203125
C15 450.035 88.11090850830078
C15 475.003 90.26750946044922
C15 500.018 92.97503662109375
C15 525.002 93.59808349609375
C15 550.029 95.22875213623047
C15 575.023 96.6508560180664
C15 599.982 97.8083267211914
C15 619.997 98.41407775878906
C15 624.979 98.29122924804688
C15 650.012 98.7448501586914
C15 675.004 99.09074401855469
C15 700.03 99.05457305908203
C15 725.012 98.72696685791016
C15 750.022 98.30746459960938
C15 774.987 98.43460845947266
C15 799.976 97.35668182373047
C15 824.988 96.08245086669922
C15 850.022 93.627685546875
C15 869.967 90.4366226196289
C15 875.002 90.09590148925781
C15 899.999 82.32254028320312
C15 919.999 74.2470703125
C15 925.012 70.87739562988281
C15 949.965 57.52433776855469
C15 975.002 43.17232894897461
C15 999.976 26.27118682861328
C15 1025.028 11.459460258483887
C15 1050.014 3.9826314449310303
C15 1075.002 0.9365703903272223
C15 1099.99 0.09292565371873157
C16 319.994 42.45795822143555
C16 324.969 48.003013610839844
C16 349.982 73.23719787597656
C16 374.975 79.517578125
C16 400.019 85.409423828125
C16 424.965 86.7364501953125
C16 450.035 88.13614654541016
C16 475.003 90.26191711425781
C16 500.018 92.95500946044922
C16 525.002 93.56476593017578
C16 550.029 95.18858337402344
C16 575.023 96.60521697998047
C16 599.982 97.76487731933594
C16 619.997 98.37049865722656
C16 624.979 98.25221252441406
C16 650.012 98.70257568359375
C16 675.004 99.05255889892578
C16 700.03 99.00994110107422
C16 725.012 98.65858459472656
C16 750.022 98.2081527709961
C16 774.987 98.30322265625
C16 799.976 97.21117401123047
C16 824.988 95.93802642822266
C16 850.022 93.49378204345703
C16 869.967 90.18583679199219
C16 875.002 89.82259368896484
C16 899.999 82.24879455566406
C16 919.999 74.28459930419922
C16 925.012 70.90342712402344
C16 949.965 57.294158935546875
C16 975.002 42.98233413696289
C16 999.976 26.274702072143555
C16 1025.028 11.528210639953613
C16 1050.014 4.01228141784668
C16 1075.002 0.9356242519012256
C16 1099.99 0.09283177873330369
C17 319.994 42.6805305480957
C17 324.969 48.2611083984375
C17 349.982 73.72167205810547
C17 374.975 80.04314422607422
C17 400.019 85.80398559570312
C17 424.965 87.05464935302734
C17 450.035 88.41288757324219
C17 475.003 90.52108764648438
C17 500.018 93.20548248291016
C17 525.002 93.80887603759766
C17 550.029 95.43838500976562
C17 575.023 96.86029052734375
C17 599.982 98.02751159667969
C17 619.997 98.63420867919922
C17 624.979 98.51432037353516
C17 650.012 98.96759796142578
C17 675.004 99.31889343261719
C17 700.03 99.2719497680664
C17 725.012 98.90225219726562
C17 750.022 98.42583465576172
C17 774.987 98.49363708496094
C17 799.976 97.38868713378906
C17 824.988 96.11200714111328
C17 850.022 93.66909790039062
C17 869.967 90.29039764404297
C17 875.002 89.90525817871094
C17 899.999 82.34550476074219
C17 919.999 74.46800994873047
C17 925.012 71.11450958251953
C17 949.965 57.346012115478516
C17 975.002 42.877803802490234
C17 999.976 26.343311309814453
C17 1025.028 11.556181907653809
C17 1050.014 4.038470268249512
C17 1075.002 0.9376980969335693
C17 1099.99 0.09303754373221056
