lsstCam/transmission_filter_detector/r32_s01/z_20/19700101T000000.ecsv
# %ECSV 1.0
# ---
# datatype:
# - {name: wavelength, unit: nm, datatype: float32}
# - {name: efficiency, unit: '%', datatype: float64}
# meta: !!omap
# - {MODE: DETECTOR}
# - {TYPE: transmission_filter_detector}
# - {CALIBDATE: '1970-01-01T00:00:00'}
# - {INSTRUME: LSSTCam}
# - {OBSTYPE: transmission_filter_detector}
# - {CALIBCLS: lsst.ip.isr.IntermediateFilterDetectorTransmissionCurve}
# - {SOURCE: Materion (DM-46256)}
# - {DETECTOR: 136}
# - {FILTER: z_20}
# - {CALIB_ID: 'calibDate=1970-01-01T00:00:00 filter=z_20 detector=136'}
# - {DATE: '2025-04-02T15:59:49.270432'}
# - {CALIB_CREATION_DATE: '2025-04-02'}
# - {CALIB_CREATION_TIME: '15:59:49'}
# - __serialized_columns__:
#     efficiency:
#       __class__: astropy.units.quantity.Quantity
#       unit: !astropy.units.Unit {unit: '%'}
#       value: !astropy.table.SerializedColumn {name: efficiency}
#     wavelength:
#       __class__: astropy.units.quantity.Quantity
#       unit: !astropy.units.Unit {unit: nm}
#       value: !astropy.table.SerializedColumn {name: wavelength}
# schema: astropy-2.0
wavelength efficiency
300.0 0.3151987912133336
301.0 0.30342270620167255
302.0 0.29164664447307587
303.0 0.24353933986276388
304.0 0.19543201196938753
305.0 0.1761778607033193
306.0 0.15692367451265454
307.0 0.1443499932065606
308.0 0.13177628861740232
309.0 0.13058369513601065
310.0 0.1293910900130868
311.0 0.11985332239419222
312.0 0.11031555477529764
313.0 0.10734908282756805
314.0 0.10438259923830628
315.0 0.09282089304178953
316.0 0.08125918102450669
317.0 0.07490297430194914
318.0 0.06854675593785942
319.0 0.06766475271433592
320.0 0.06678275531157851
321.0 0.06064335466362536
322.0 0.05450395401567221
323.0 0.053701590513810515
324.0 0.052899227011948824
325.0 0.04773421387653798
326.0 0.04256919783074409
327.0 0.04080271755810827
328.0 0.03903623437508941
329.0 0.03798730613198131
330.0 0.03693837788887322
331.0 0.03547605010680854
332.0 0.03401372232474387
333.0 0.031184134422801435
334.0 0.02835454943124205
335.0 0.027807243168354034
336.0 0.02725993108469993
337.0 0.023024415713734925
338.0 0.018788898887578398
339.0 0.019730346684809774
340.0 0.020671795937232673
341.0 0.019643851555883884
342.0 0.018615905719343573
343.0 0.017352330905850977
344.0 0.01608875609235838
345.0 0.014797013136558235
346.0 0.013505267270375043
347.0 0.014067406300455332
348.0 0.014629542420152575
349.0 0.01410590048180893
350.0 0.013582257088273764
351.0 0.013345846673473716
352.0 0.013109439169056714
353.0 0.014435284538194537
354.0 0.015761128452140838
355.0 0.013622207916341722
356.0 0.011483285925351083
357.0 0.010829066013684496
358.0 0.01017484610201791
359.0 0.010414038843009621
360.0 0.010653232311597094
361.0 0.010151237074751407
362.0 0.009649245475884527
363.0 0.008777691255090758
364.0 0.007906138489488512
365.0 0.007875396113377064
366.0 0.007844653737265617
367.0 0.008290204277727753
368.0 0.00873575554578565
369.0 0.008983712905319408
370.0 0.009231668809661642
371.0 0.008570909994887188
372.0 0.00791014899732545
373.0 0.007347144128289074
374.0 0.006784138531656936
375.0 0.0062789426010567695
376.0 0.005773747034254484
377.0 0.005635888373944908
378.0 0.005498030077433214
379.0 0.005345577301341109
380.0 0.005193124889046885
381.0 0.005576573312282562
382.0 0.005960021371720359
383.0 0.005330695421434939
384.0 0.004701369471149519
385.0 0.004318576247896999
386.0 0.003935783024644479
387.0 0.004440085467649624
388.0 0.004944388274452649
389.0 0.004805713251698762
390.0 0.004667038592742756
391.0 0.004085441833012737
392.0 0.0035038454370805994
393.0 0.003920829112757929
394.0 0.004337813152233139
395.0 0.0041002822399605066
396.0 0.0038627513276878744
397.0 0.0039646671211812645
398.0 0.004066582914674655
399.0 0.004141127283219248
400.0 0.004215672015561722
401.0 0.004305975016904995
402.0 0.0043962780182482675
403.0 0.004224526492180303
404.0 0.004052774966112338
405.0 0.0040106864616973326
406.0 0.003968597957282327
407.0 0.0038688354834448546
408.0 0.0037690741010010242
409.0 0.0033091753721237183
410.0 0.002849277007044293
411.0 0.0032004340027924627
412.0 0.003551591362338513
413.0 0.0034038719604723155
414.0 0.003256152558606118
415.0 0.003842567457468249
416.0 0.0044289827201282606
417.0 0.0036469267797656357
418.0 0.0028648710213019513
419.0 0.0031064468203112483
420.0 0.003348022437421605
421.0 0.0036823676055064425
422.0 0.00401671277359128
423.0 0.004059815546497703
424.0 0.0041029179556062445
425.0 0.003267474312451668
426.0 0.0024320306692970917
427.0 0.0028769150958396494
428.0 0.0033217991585843265
429.0 0.0029679384169867262
430.0 0.002614077675389126
431.0 0.0017454871340305544
432.0 0.0008768963198235724
433.0 0.001673622682574205
434.0 0.0024703489543753676
435.0 0.0025963157895603217
436.0 0.0027222820790484548
437.0 0.002485551158315502
438.0 0.002248820055683609
439.0 0.0023851023797760718
440.0 0.002521384521969594
441.0 0.002583943569334224
442.0 0.0026465026166988537
443.0 0.002668896377144847
444.0 0.0026912897737929597
445.0 0.0027514679459272884
446.0 0.002811646118061617
447.0 0.002742798278632108
448.0 0.00267395080300048
449.0 0.0021761794414487667
450.0 0.0016784078979981132
451.0 0.00197671506612096
452.0 0.002275022052344866
453.0 0.0020205648979754187
454.0 0.0017661079255049117
455.0 0.0018137518054572865
456.0 0.0018613958673086017
457.0 0.0016338393834303133
458.0 0.001406282899552025
459.0 0.0017016081983456388
460.0 0.0019969334971392527
461.0 0.0017038897567545064
462.0 0.0014108463801676407
463.0 0.0015283390894182958
464.0 0.0016458317986689508
465.0 0.0014094915059104096
466.0 0.0011731513950508088
467.0 0.001235263789567398
468.0 0.001297376184083987
469.0 0.0011309798537695315
470.0 0.0009645836144045461
471.0 0.0011293444913462736
472.0 0.001294105368288001
473.0 0.001270770462724613
474.0 0.001247435557161225
475.0 0.001330131090071518
476.0 0.0014128263501334004
477.0 0.001372583574266173
478.0 0.0013323407074494753
479.0 0.0017345506421406753
480.0 0.0021367610315792263
481.0 0.0015285919289453886
482.0 0.000920422826311551
483.0 0.0010044739610748366
484.0 0.0010885251867875922
485.0 0.0012158073332102504
486.0 0.0013430894796329085
487.0 0.0015728419384686276
488.0 0.001802594488253817
489.0 0.0020375397070893086
490.0 0.0022724851078237407
491.0 0.001962572969205212
492.0 0.0016526610124856234
493.0 0.0017645032130531035
494.0 0.0018763457774184644
495.0 0.001630653059692122
496.0 0.0013849601600668393
497.0 0.0015245132090058178
498.0 0.0016640662579447962
499.0 0.0014928708878869656
500.0 0.001321675517829135
501.0 0.0010308694982086308
502.0 0.0007400637514365371
503.0 0.0009521919309918303
504.0 0.0011643201105471235
505.0 0.0016473819414386526
506.0 0.0021304436813807115
507.0 0.001485365555708995
508.0 0.0008402873390878085
509.0 0.0010796095011755824
510.0 0.0013189316632633563
511.0 0.0013500333807314746
512.0 0.0013811348253511824
513.0 0.001345019609289011
514.0 0.00130890457512578
515.0 0.0010962988199025858
516.0 0.0008836930646793917
517.0 0.0010778761861729436
518.0 0.0012720593986159656
519.0 0.0012928486285090912
520.0 0.0013136378584022168
521.0 0.0013834737728757318
522.0 0.0014533095963997766
523.0 0.001294439789489843
524.0 0.0011355699825799093
525.0 0.0009974218301067594
526.0 0.0008592734957346693
527.0 0.0009688638783700299
528.0 0.0010784541700559203
529.0 0.001328114012721926
530.0 0.0015777739463374019
531.0 0.0015992583939805627
532.0 0.0016207432054216042
533.0 0.0013441306691674981
534.0 0.0010675182238628622
535.0 0.0011519729014253244
536.0 0.0012364274880383164
537.0 0.0014558559996658005
538.0 0.001675284693192225
539.0 0.001454979064874351
540.0 0.0012346732546575367
541.0 0.0011957054084632546
542.0 0.0011567375622689724
543.0 0.0010051699973701034
544.0 0.0008536023415217642
545.0 0.0011403983990021516
546.0 0.001427194456482539
547.0 0.0015824803995201364
548.0 0.0017377662516082637
549.0 0.001743820212141145
550.0 0.001749873990775086
551.0 0.0018980146705871448
552.0 0.002046155532298144
553.0 0.0021728208594140597
554.0 0.002299486004631035
555.0 0.0016697307728463784
556.0 0.0010399754501122516
557.0 0.0010827105143107474
558.0 0.0011254458513576537
559.0 0.001012460961646866
560.0 0.0008994760719360784
561.0 0.0009928357940225396
562.0 0.0010861955161090009
563.0 0.0012572570994962007
564.0 0.0014283186828834005
565.0 0.0016757097910158336
566.0 0.0019231010810472071
567.0 0.0021484322132891975
568.0 0.002373763345531188
569.0 0.002434590169286821
570.0 0.0024954171749413945
571.0 0.0022952744984650053
572.0 0.0020951320038875565
573.0 0.0017846081391326152
574.0 0.0014740842743776739
575.0 0.0016949488781392574
576.0 0.001915813481900841
577.0 0.002086357562802732
578.0 0.0022569018256035633
579.0 0.002105953353748191
580.0 0.001955004881892819
581.0 0.001981404420803301
582.0 0.002007803959713783
583.0 0.0020219180441927165
584.0 0.00203603212867165
585.0 0.0022687150703859515
586.0 0.0025013976483023725
587.0 0.0020275318092899397
588.0 0.0015536659702775069
589.0 0.001451641583116725
590.0 0.0013496173778548837
591.0 0.00153110631799791
592.0 0.0017125956219388172
593.0 0.001302766668231925
594.0 0.0008929380783229135
595.0 0.0010401334293419495
596.0 0.001187328962259926
597.0 0.0008890285243978724
598.0 0.000590728177485289
599.0 0.0008987452929432038
600.0 0.0012067624084011186
601.0 0.001143535064329626
602.0 0.001080307447409723
603.0 0.0013499270608008374
604.0 0.001619546856090892
605.0 0.0014595203538192436
606.0 0.0012994940334465355
607.0 0.0011305316547804978
608.0 0.0009615692761144601
609.0 0.0010648979696270544
610.0 0.0011682265721901786
611.0 0.001143822828453267
612.0 0.0011194190847163554
613.0 0.0011385458492441103
614.0 0.0011576727956708055
615.0 0.0011613181413849816
616.0 0.0011649633961496875
617.0 0.0012466951375245117
618.0 0.0013284271517477464
619.0 0.0015016171346360352
620.0 0.0016748070265748538
621.0 0.0019157610950060189
622.0 0.0021567147996393032
623.0 0.0015447787518496625
624.0 0.0009328426131105516
625.0 0.0011702773008437362
626.0 0.0014077120795263909
627.0 0.0016445254004793242
628.0 0.0018813389033311978
629.0 0.0019402188627282158
630.0 0.001999099004024174
631.0 0.0023966857042978518
632.0 0.002794272222672589
633.0 0.0029935566999483854
634.0 0.0031928411772241816
635.0 0.005757669350714423
636.0 0.008322497888002545
637.0 0.01503829553257674
638.0 0.021754093177150935
639.0 0.02007963485084474
640.0 0.018405180890113115
641.0 0.015813660866115242
642.0 0.013222143752500415
643.0 0.009633643639972433
644.0 0.006045143527444452
645.0 0.006435695104300976
646.0 0.006826247408753261
647.0 0.006657522317254916
648.0 0.006488797225756571
649.0 0.005020074604544789
650.0 0.0035513519833330065
651.0 0.0036701439967146143
652.0 0.0037889356462983415
653.0 0.003178530096192844
654.0 0.0025681243641884066
655.0 0.0024895505703170784
656.0 0.00241097677644575
657.0 0.0026085095669259317
658.0 0.002806042175507173
659.0 0.002135599970642943
660.0 0.0014651575838797726
661.0 0.001843256723077502
662.0 0.0022213558622752316
663.0 0.0020976878658984788
664.0 0.0019740202333196066
665.0 0.001891200190584641
666.0 0.0018083801478496753
667.0 0.0019021046682610177
668.0 0.00199582918867236
669.0 0.001678372427704744
670.0 0.0013609153029392473
671.0 0.001480096580053214
672.0 0.0015992776752682403
673.0 0.0014522895071422681
674.0 0.0013053010661678854
675.0 0.001113287635234883
676.0 0.0009212741133524105
677.0 0.0013811273674946278
678.0 0.0018409808035357855
679.0 0.0016894327927730046
680.0 0.001537884963909164
681.0 0.0019883906134054996
682.0 0.002438896262901835
683.0 0.0026429848730913363
684.0 0.0028470734832808375
685.0 0.0024873468646546826
686.0 0.0021276200641295873
687.0 0.0017960521290660836
688.0 0.001464483739255229
689.0 0.00208524324989412
690.0 0.0027060026695835404
691.0 0.0024245891836471856
692.0 0.0021431756977108307
693.0 0.002451598265906796
694.0 0.0027600210160017014
695.0 0.0030384848287212662
696.0 0.003316948641440831
697.0 0.0035817862226394936
698.0 0.003846623803838156
699.0 0.005312708162819035
700.0 0.006778792885597795
701.0 0.007065566751407459
702.0 0.0073523406172171235
703.0 0.0066153297666460276
704.0 0.00587831818847917
705.0 0.00487595571030397
706.0 0.003873594687320292
707.0 0.0033508560591144487
708.0 0.0028281168852117844
709.0 0.0037108915421413258
710.0 0.004593666017171927
711.0 0.004381455073598772
712.0 0.0041692444938234985
713.0 0.0033017149689840153
714.0 0.0024341852622455917
715.0 0.002374031646468211
716.0 0.002313877484994009
717.0 0.0019265153241576627
718.0 0.0015391529814223759
719.0 0.0016637977751088329
720.0 0.0017884425687952898
721.0 0.001636769957258366
722.0 0.0014850969819235615
723.0 0.0018408669347991236
724.0 0.0021966368876746856
725.0 0.0015070503650349565
726.0 0.0008174638423952274
727.0 0.0009567446795699652
728.0 0.0010960254257952329
729.0 0.0010591782483970746
730.0 0.0010223309800494462
731.0 0.0009399038390256464
732.0 0.0008574766070523765
733.0 0.001240631263499381
734.0 0.0016237858289969154
735.0 0.0016171792594832368
736.0 0.001610572508070618
737.0 0.0014080285836826079
738.0 0.0012054843864461873
739.0 0.0015500791050726548
740.0 0.0018946739146485925
741.0 0.0017514896171633154
742.0 0.0016083053196780384
743.0 0.001723886452964507
744.0 0.001839467768149916
745.0 0.0020362134819151834
746.0 0.002232959377579391
747.0 0.0022312078726827167
748.0 0.002229456731583923
749.0 0.0027973159376415424
750.0 0.0033651751436991617
751.0 0.0030335120754898526
752.0 0.0027018490072805434
753.0 0.002766912439255975
754.0 0.0028319756893324666
755.0 0.0021019041014369577
756.0 0.0013718326954403892
757.0 0.0020015384507132694
758.0 0.00263124438788509
759.0 0.0029327649826882407
760.0 0.003234285395592451
761.0 0.004860036642639898
762.0 0.006485787162091583
763.0 0.006239133654162288
764.0 0.005992480510030873
765.0 0.005133329614182003
766.0 0.0042741812649182975
767.0 0.004150037420913577
768.0 0.00402589539589826
769.0 0.004859188629779965
770.0 0.005692482591257431
771.0 0.005232436888036318
772.0 0.004772391184815206
773.0 0.0043688694859156385
774.0 0.003965348150813952
775.0 0.04920324427075684
776.0 1.5806028361153857e-10
777.0 0.05223295884206891
778.0 0.10097590275108814
779.0 0.009517487342236564
780.0 0.003761373955057934
781.0 1.5806028361153857e-10
782.0 0.060161203145980835
783.0 0.06859400309622288
784.0 0.08239993476308882
785.0 1.5806028361153857e-10
786.0 1.5806028361153857e-10
787.0 0.06009674398228526
788.0 0.09890289511531591
789.0 0.1941699651069939
790.0 0.004954640826326795
791.0 0.02552502555772662
792.0 0.05465699941851199
793.0 0.17424008110538125
794.0 0.01239834091393277
795.0 1.5806028361153857e-10
796.0 0.006650615978287533
797.0 0.11439392110332847
798.0 1.5806028361153857e-10
799.0 0.16348750796169043
800.0 0.006333868077490479
801.0 0.13244939036667347
802.0 0.36435951478779316
803.0 0.5326673854142427
804.0 1.0464533232152462
805.0 1.648116484284401
806.0 2.6188302785158157
807.0 3.9045248180627823
808.0 5.721225216984749
809.0 7.9008713364601135
810.0 10.421548783779144
811.0 13.493625819683075
812.0 16.596156358718872
813.0 19.58053559064865
814.0 22.16537445783615
815.0 25.118288397789
816.0 29.09221351146698
817.0 33.94470512866974
818.0 39.30866718292236
819.0 44.490402936935425
820.0 51.42989754676819
821.0 58.42078924179077
822.0 65.59010744094849
823.0 71.83878421783447
824.0 77.89976000785828
825.0 83.50716233253479
826.0 87.86985278129578
827.0 92.09356307983398
828.0 95.681893825531
829.0 97.11776971817017
830.0 98.22102785110474
831.0 98.9783227443695
832.0 98.8069236278534
833.0 99.9583899974823
834.0 98.58184456825256
835.0 99.63884949684143
836.0 99.4286298751831
837.0 99.34864640235901
838.0 98.39039444923401
839.0 98.80784153938293
840.0 98.79850745201111
841.0 100.2665638923645
842.0 99.7351884841919
843.0 100.03396272659302
844.0 98.33632707595825
845.0 99.12992119789124
846.0 99.05276894569397
847.0 98.98838996887207
848.0 100.34517049789429
849.0 98.98971915245056
850.0 98.27706217765808
851.0 99.04522895812988
852.0 99.6919572353363
853.0 98.8649845123291
854.0 99.86709356307983
855.0 98.71293902397156
856.0 98.9152193069458
857.0 98.2010543346405
858.0 98.63894581794739
859.0 99.31396842002869
860.0 98.95495176315308
861.0 99.33583736419678
862.0 99.14242625236511
863.0 98.48445057868958
864.0 99.54279065132141
865.0 99.66257214546204
866.0 98.988276720047
867.0 99.33831095695496
868.0 100.05992650985718
869.0 98.8288164138794
870.0 98.65901470184326
871.0 99.04211759567261
872.0 99.47002530097961
873.0 99.4170606136322
874.0 99.76360201835632
875.0 99.53362345695496
876.0 99.17130470275879
877.0 99.40137267112732
878.0 99.13097620010376
879.0 99.07473921775818
880.0 98.67638945579529
881.0 100.15181303024292
882.0 99.3374228477478
883.0 99.44438338279724
884.0 99.43762421607971
885.0 99.31862354278564
886.0 99.18357133865356
887.0 99.28127527236938
888.0 99.52704310417175
889.0 99.9350368976593
890.0 98.85070323944092
891.0 99.66157078742981
892.0 98.83160591125488
893.0 98.78309965133667
894.0 98.60753417015076
895.0 99.93634819984436
