lsstCam/transmission_filter_detector/r32_s01/z_20/19700101T000000.ecsv
# %ECSV 1.0
# ---
# datatype:
# - {name: wavelength, unit: nm, datatype: float32}
# - {name: efficiency, unit: '%', datatype: float64}
# meta: !!omap
# - {MODE: DETECTOR}
# - {TYPE: transmission_filter_detector}
# - {CALIBDATE: '1970-01-01T00:00:00'}
# - {INSTRUME: LSSTCam}
# - {OBSTYPE: transmission_filter_detector}
# - {CALIBCLS: lsst.ip.isr.IntermediateFilterDetectorTransmissionCurve}
# - {SOURCE: Materion (DM-46256)}
# - {DETECTOR: 136}
# - {FILTER: z_20}
# - {CALIB_ID: 'calibDate=1970-01-01T00:00:00 filter=z_20 detector=136'}
# - {DATE: '2025-04-02T15:59:49.270432'}
# - {CALIB_CREATION_DATE: '2025-04-02'}
# - {CALIB_CREATION_TIME: '15:59:49'}
# - __serialized_columns__:
#     efficiency:
#       __class__: astropy.units.quantity.Quantity
#       unit: !astropy.units.Unit {unit: '%'}
#       value: !astropy.table.SerializedColumn {name: efficiency}
#     wavelength:
#       __class__: astropy.units.quantity.Quantity
#       unit: !astropy.units.Unit {unit: nm}
#       value: !astropy.table.SerializedColumn {name: wavelength}
# schema: astropy-2.0
wavelength efficiency
[from data line 597]
897.0 99.47645664215088
898.0 99.10776019096375
899.0 98.78319501876831
900.0 99.02473092079163
901.0 99.78116154670715
902.0 99.46739077568054
903.0 99.0528404712677
904.0 98.06300401687622
905.0 99.02109503746033
906.0 98.47478866577148
907.0 98.94315004348755
908.0 98.01800847053528
909.0 98.57206344604492
910.0 98.14507961273193
911.0 97.19232320785522
912.0 96.05465531349182
913.0 95.16962766647339
914.0 92.8570806980133
915.0 90.71057438850403
916.0 88.85248899459839
917.0 87.03685998916626
918.0 83.71341228485107
919.0 82.7762246131897
920.0 79.31520342826843
921.0 75.88720917701721
922.0 71.81599736213684
923.0 66.17738604545593
924.0 60.7230544090271
925.0 55.395424365997314
926.0 49.43196475505829
927.0 42.54230558872223
928.0 36.65778338909149
929.0 30.33057451248169
930.0 24.5637908577919
931.0 19.66395676136017
932.0 14.122432470321655
933.0 9.645497798919678
934.0 6.207198277115822
935.0 4.061277210712433
936.0 2.3148251697421074
937.0 1.399153657257557
938.0 0.9143900126218796
939.0 0.5038576666265726
940.0 0.40144361555576324
941.0 0.19209663150832057
942.0 0.1035732333548367
943.0 1.5806028361153857e-10
944.0 1.5806028361153857e-10
945.0 0.019497604807838798
946.0 0.17838593339547515
947.0 1.5806028361153857e-10
948.0 1.5806028361153857e-10
949.0 1.5806028361153857e-10
950.0 1.5806028361153857e-10
951.0 1.5806028361153857e-10
952.0 1.5806028361153857e-10
953.0 1.5806028361153857e-10
954.0 0.22370556835085154
955.0 1.5806028361153857e-10
956.0 1.5806028361153857e-10
957.0 1.5806028361153857e-10
958.0 0.06928982329554856
959.0 0.04594805941451341
960.0 1.5806028361153857e-10
961.0 1.5806028361153857e-10
962.0 1.5806028361153857e-10
963.0 1.5806028361153857e-10
964.0 1.5806028361153857e-10
965.0 0.039066720637492836
966.0 0.041876203613355756
967.0 1.5806028361153857e-10
968.0 0.031099721672944725
969.0 0.03959402674809098
970.0 0.05963189178146422
971.0 0.0763956515584141
972.0 1.5806028361153857e-10
973.0 0.142758060246706
974.0 1.5806028361153857e-10
975.0 1.5806028361153857e-10
976.0 0.006626189860980958
977.0 0.006587323878193274
978.0 0.0065484578954055905
979.0 0.0063059458625502884
980.0 0.006063433829694986
981.0 0.005944736403762363
982.0 0.005826038614031859
983.0 0.005729502663598396
984.0 0.005632966349367052
985.0 0.0054710399126634
986.0 0.005309113112161867
987.0 0.005359382703318261
988.0 0.005409652294474654
989.0 0.005224500273470767
990.0 0.0050393486162647605
991.0 0.004997786527383141
992.0 0.004956224438501522
993.0 0.004859868204221129
994.0 0.004763511969940737
995.0 0.0047396402806043625
996.0 0.004715768591267988
997.0 0.0046485471102641895
998.0 0.00458132526546251
999.0 0.004571490717353299
1000.0 0.004561656169244088
1001.0 0.004480171992327087
1002.0 0.004398687451612204
1003.0 0.004443382567842491
1004.0 0.004488078047870658
1005.0 0.004551924575935118
1006.0 0.0046157711039995775
1007.0 0.004594627898768522
1008.0 0.0045734843297395855
1009.0 0.0045285094529390335
1010.0 0.004483535303734243
1011.0 0.0044534041080623865
1012.0 0.00442327291239053
1013.0 0.004469862324185669
1014.0 0.0045164520997786894
1015.0 0.004523341340245679
1016.0 0.004530230944510549
1017.0 0.004545351839624345
1018.0 0.004560472734738141
1019.0 0.004569293378153816
1020.0 0.00457811365777161
1021.0 0.004645706576411612
1022.0 0.004713299495051615
1023.0 0.0046589171688538045
1024.0 0.004604535206453875
1025.0 0.004552435348159634
1026.0 0.004500335853663273
1027.0 0.004665864253183827
1028.0 0.0048313926527043805
1029.0 0.004777621870744042
1030.0 0.004723851088783704
1031.0 0.004801226168638095
1032.0 0.004878601248492487
1033.0 0.004950480069965124
1034.0 0.0050223588914377615
1035.0 0.005110834172228351
1036.0 0.005199309453018941
1037.0 0.005363910895539448
1038.0 0.005528512338059954
1039.0 0.005623480683425441
1040.0 0.005718448664993048
1041.0 0.0056923701777122915
1042.0 0.005666291690431535
1043.0 0.0059378682635724545
1044.0 0.006209444109117612
1045.0 0.006274061888689175
1046.0 0.0063386803958565
1047.0 0.006402923463610932
1048.0 0.006467165803769603
1049.0 0.006565658986801282
1050.0 0.00666415216983296
1051.0 0.006895994738442823
1052.0 0.007127835851861164
1053.0 0.007361472671618685
1054.0 0.007595109491376206
1055.0 0.007596186333103105
1056.0 0.007597263174830005
1057.0 0.0078573364589829
1058.0 0.008117409743135795
1059.0 0.008323351357830688
1060.0 0.008529294427717105
1061.0 0.008780645293882117
1062.0 0.009031998342834413
1063.0 0.00945954816415906
1064.0 0.009887099440675229
1065.0 0.010154744813917205
1066.0 0.01042238945956342
1067.0 0.010200092219747603
1068.0 0.009977794252336025
1069.0 0.01043171578203328
1070.0 0.010885636584134772
1071.0 0.010888069664360955
1072.0 0.010890502744587138
1073.0 0.011390501458663493
1074.0 0.011890500172739848
1075.0 0.01187632151413709
1076.0 0.01186214285553433
1077.0 0.012662493099924177
1078.0 0.013462844071909785
1079.0 0.013534777099266648
1080.0 0.013606710126623511
1081.0 0.014455901691690087
1082.0 0.015305090346373618
1083.0 0.015524298942182213
1084.0 0.015743510448373854
1085.0 0.015583513595629483
1086.0 0.015423519653268158
1087.0 0.016155441699083894
1088.0 0.016887366655282676
1089.0 0.01683805021457374
1090.0 0.01678873668424785
1091.0 0.016912353748921305
1092.0 0.01703597226878628
1093.0 0.018207747780252248
1094.0 0.019379523291718215
1095.0 0.02001381217269227
1096.0 0.020648098143283278
1097.0 0.021404835570137948
1098.0 0.022161572996992618
1099.0 0.022099939815234393
1100.0 0.022038306633476168
1101.0 0.023340403276961297
1102.0 0.02464250137563795
1103.0 0.025262479903176427
1104.0 0.02588246134109795
1105.0 0.02658635494299233
1106.0 0.027290251455269754
1107.0 0.02772942534647882
1108.0 0.028168599237687886
1109.0 0.028633963665924966
1110.0 0.029099328094162047
1111.0 0.030025027808733284
1112.0 0.030950727523304522
1113.0 0.03199062775820494
1114.0 0.03303052799310535
1115.0 0.032934220507740974
1116.0 0.03283791011199355
1117.0 0.03404778544791043
1118.0 0.03525766369421035
1119.0 0.037159997737035155
1120.0 0.03906233177985996
1121.0 0.04058500926475972
1122.0 0.04210768383927643
1123.0 0.042519590351730585
1124.0 0.04293149686418474
1125.0 0.04500695795286447
1126.0 0.047082421951927245
1127.0 0.04902812070213258
1128.0 0.050973816541954875
1129.0 0.05264486535452306
1130.0 0.05431591416709125
1131.0 0.05915048532187939
1132.0 0.06398506229743361
1133.0 0.06463945610448718
1134.0 0.06529384991154075
1135.0 0.07007677340880036
1136.0 0.07485969690605998
1137.0 0.08163486490957439
1138.0 0.08841004455462098
1139.0 0.08952019270509481
1140.0 0.09063034667633474
1141.0 0.1060278620570898
1142.0 0.1214253599755466
1143.0 0.15123843913897872
1144.0 0.18105152994394302
1145.0 0.3803366795182228
1146.0 0.5796218756586313
1147.0 1.0972658172249794
1148.0 1.6149099916219711
1149.0 1.6853975132107735
1150.0 1.7558855935931206
