lsstcam/qe_curve/r43_s01/19700101T000000.ecsv
# %ECSV 0.9
# ---
# datatype:
# - {name: amp_name, datatype: string}
# - {name: wavelength, unit: nm, datatype: float32}
# - {name: efficiency, unit: '%', datatype: float32}
# meta: !!omap
# - {MODE: AMP}
# - {TYPE: QE}
# - {CALIBDATE: '1970-01-01T00:00:00'}
# - {INSTRUME: LSSTCAM}
# - {OBSTYPE: qe_curve}
# - {DETECTOR: 181}
# - {PICKLEFILE: RaftRun11671.p}
# - {CALIB_ID: 'raftName=R43 detectorName=S01 detector=181 calibDate=1970-01-01T00:00:00 ccd=181 ccdnum=181 filter=None'}
# - {DATE: '2020-07-23T19:16:37.411648'}
# - {CALIB_CREATION_DATE: '2020-07-23'}
# - {CALIB_CREATION_TIME: '19:16:37'}
# - __serialized_columns__:
#     efficiency:
#       __class__: astropy.units.quantity.Quantity
#       unit: !astropy.units.Unit {unit: '%'}
#       value: !astropy.table.SerializedColumn {name: efficiency}
#     wavelength:
#       __class__: astropy.units.quantity.Quantity
#       unit: !astropy.units.Unit {unit: nm}
#       value: !astropy.table.SerializedColumn {name: wavelength}
# schema: astropy-2.0
amp_name wavelength efficiency
C14 319.994 56.485935
C14 324.969 59.074665
C14 349.982 68.962616
C14 374.975 77.12879
C14 400.019 83.385345
C14 424.965 83.42818
C14 450.035 83.77889
C14 475.003 83.57403
C14 500.018 84.77072
C14 525.002 86.534035
C14 550.029 88.420616
C14 575.023 91.4408
C14 599.982 93.33107
C14 619.997 94.85436
C14 624.979 95.004005
C14 650.012 96.12423
C14 675.004 97.07165
C14 700.03 97.68918
C14 725.012 98.068985
C14 750.022 98.94919
C14 774.987 99.321785
C14 799.976 99.01565
C14 824.988 98.18828
C14 850.022 95.93226
C14 869.967 93.70888
C14 875.002 92.60067
C14 899.999 86.2507
C14 919.999 78.41298
C14 925.012 76.12952
C14 949.965 63.430725
C14 975.002 47.62393
C14 999.976 29.763699
C14 1025.028 14.347244
C14 1050.014 5.99376
C14 1075.002 3.3212986
C14 1099.99 2.2441084
C03 319.994 56.533623
C03 324.969 59.12467
C03 349.982 68.893135
C03 374.975 76.70084
C03 400.019 82.81323
C03 424.965 82.86127
C03 450.035 83.241104
C03 475.003 83.04285
C03 500.018 84.222565
C03 525.002 85.96899
C03 550.029 87.82547
C03 575.023 90.82581
C03 599.982 92.71888
C03 619.997 94.24683
C03 624.979 94.398994
C03 650.012 95.51532
C03 675.004 96.464584
C03 700.03 97.17183
C03 725.012 97.82585
C03 750.022 99.05446
C03 774.987 99.77225
C03 799.976 99.60791
C03 824.988 98.777504
C03 850.022 96.71173
C03 869.967 94.41535
C03 875.002 93.254326
C03 899.999 86.49523
C03 919.999 78.32253
C03 925.012 75.97517
C03 949.965 63.921467
C03 975.002 48.536682
C03 999.976 30.007536
C03 1025.028 14.510868
C03 1050.014 5.9769607
C03 1075.002 3.276688
C03 1099.99 2.2659924
C15 319.994 56.128654
C15 324.969 58.70471
C15 349.982 68.68956
C15 374.975 77.11822
C15 400.019 83.45809
C15 424.965 83.485565
C15 450.035 83.80651
C15 475.003 83.57329
C15 500.018 84.7473
C15 525.002 86.49053
C15 550.029 88.36844
C15 575.023 91.378746
C15 599.982 93.25791
C15 619.997 94.77496
C15 624.979 94.927345
C15 650.012 96.0452
C15 675.004 97.00467
C15 700.03 97.63833
C15 725.012 98.04278
C15 750.022 98.95249
C15 774.987 99.351135
C15 799.976 99.05749
C15 824.988 98.22489
C15 850.022 95.980225
C15 869.967 93.760414
C15 875.002 92.64922
C15 899.999 86.30141
C15 919.999 78.4419
C15 925.012 76.14197
C15 949.965 63.29236
C15 975.002 47.44168
C15 999.976 29.695631
C15 1025.028 14.3545475
C15 1050.014 6.0251007
C15 1075.002 3.3272085
C15 1099.99 2.2292893
C11 319.994 57.503834
C11 324.969 60.098682
C11 349.982 69.51822
C11 374.975 76.71353
C11 400.019 82.72381
C11 424.965 82.837425
C11 450.035 83.33726
C11 475.003 83.28034
C11 500.018 84.59497
C11 525.002 86.440994
C11 550.029 88.383
C11 575.023 91.42943
C11 599.982 93.304535
C11 619.997 94.80324
C11 624.979 94.944046
C11 650.012 96.01593
C11 675.004 96.91202
C11 700.03 97.476006
C11 725.012 97.79869
C11 750.022 98.63045
C11 774.987 98.96134
C11 799.976 98.62713
C11 824.988 97.791046
C11 850.022 95.56308
C11 869.967 93.349174
C11 875.002 92.240776
C11 899.999 85.906
C11 919.999 78.13996
C11 925.012 75.90699
C11 949.965 63.428642
C11 975.002 47.77182
C11 999.976 29.80866
C11 1025.028 14.340593
C11 1050.014 5.985325
C11 1075.002 3.3068802
C11 1099.99 2.2483633
C05 319.994 55.920288
C05 324.969 58.497555
C05 349.982 68.51542
C05 374.975 76.9237
C05 400.019 83.22731
C05 424.965 83.251526
C05 450.035 83.5621
C05 475.003 83.30519
C05 500.018 84.44328
C05 525.002 86.155045
C05 550.029 87.99033
C05 575.023 90.980995
C05 599.982 92.862526
C05 619.997 94.38817
C05 624.979 94.541916
C05 650.012 95.672134
C05 675.004 96.65172
C05 700.03 97.3857
C05 725.012 98.09141
C05 750.022 99.37505
C05 774.987 100.14186
C05 799.976 100.01022
C05 824.988 99.19787
C05 850.022 97.10913
C05 869.967 94.76469
C05 875.002 93.58505
C05 899.999 86.67372
C05 919.999 78.45145
C05 925.012 76.13881
C05 949.965 64.29058
C05 975.002 48.95272
C05 999.976 30.299944
C05 1025.028 14.649084
C05 1050.014 6.021124
C05 1075.002 3.3057811
C05 1099.99 2.273412
C02 319.994 56.973907
C02 324.969 59.56732
C02 349.982 69.18396
C02 374.975 76.693855
C02 400.019 82.74202
C02 424.965 82.82408
C02 450.035 83.26128
C02 475.003 83.13233
C02 500.018 84.37561
C02 525.002 86.15582
C02 550.029 88.031494
C02 575.023 91.03767
C02 599.982 92.91402
C02 619.997 94.42495
C02 624.979 94.57114
C02 650.012 95.66946
C02 675.004 96.59856
C02 700.03 97.28405
C02 725.012 97.92061
C02 750.022 99.12964
C02 774.987 99.829025
C02 799.976 99.65174
C02 824.988 98.81293
C02 850.022 96.746284
C02 869.967 94.46396
C02 875.002 93.31095
C02 899.999 86.56486
C02 919.999 78.390625
C02 925.012 76.046
C02 949.965 63.930317
C02 975.002 48.514057
C02 999.976 30.02701
C02 1025.028 14.541466
C02 1050.014 5.97566
C02 1075.002 3.277641
C02 1099.99 2.267525
C07 319.994 54.923866
C07 324.969 57.45284
C07 349.982 67.522446
C07 374.975 76.326
C07 400.019 82.82943
C07 424.965 82.89567
C07 450.035 83.191765
C07 475.003 82.950035
C07 500.018 84.08897
C07 525.002 85.778
C07 550.029 87.632774
C07 575.023 90.59385
C07 599.982 92.417755
C07 619.997 93.89645
C07 624.979 94.04114
C07 650.012 95.13877
C07 675.004 96.11448
C07 700.03 96.87206
C07 725.012 97.63349
C07 750.022 98.9811
C07 774.987 99.811554
C07 799.976 99.72327
C07 824.988 98.88944
C07 850.022 96.79838
C07 869.967 94.447655
C07 875.002 93.27662
C07 899.999 86.50432
C07 919.999 78.44302
C07 925.012 76.177536
C07 949.965 63.88263
C07 975.002 48.393814
C07 999.976 30.17044
C07 1025.028 14.566027
C07 1050.014 5.991309
C07 1075.002 3.3250854
C07 1099.99 2.259791
C13 319.994 56.96588
C13 324.969 59.567207
C13 349.982 69.356445
C13 374.975 77.23795
C13 400.019 83.42351
C13 424.965 83.48168
C13 450.035 83.887215
C13 475.003 83.730354
C13 500.018 84.95949
C13 525.002 86.75035
C13 550.029 88.64663
C13 575.023 91.676506
C13 599.982 93.56444
C13 619.997 95.08319
C13 624.979 95.23369
C13 650.012 96.33596
C13 675.004 97.27151
C13 700.03 97.873146
C13 725.012 98.22957
C13 750.022 99.08794
C13 774.987 99.4378
C13 799.976 99.11836
C13 824.988 98.29411
C13 850.022 96.04342
C13 869.967 93.812675
C13 875.002 92.70538
C13 899.999 86.35836
C13 919.999 78.5217
C13 925.012 76.24659
C13 949.965 63.611797
C13 975.002 47.82607
C13 999.976 29.871239
C13 1025.028 14.397865
C13 1050.014 6.004227
C13 1075.002 3.3264358
C13 1099.99 2.2555978
C06 319.994 55.45309
C06 324.969 57.99936
C06 349.982 68.03463
C06 374.975 76.73263
C06 400.019 83.195076
C06 424.965 83.277405
C06 450.035 83.62363
C06 475.003 83.44054
C06 500.018 84.619675
C06 525.002 86.32964
C06 550.029 88.185234
C06 575.023 91.144966
C06 599.982 92.95387
C06 619.997 94.42548
C06 624.979 94.5686
C06 650.012 95.65891
C06 675.004 96.62556
C06 700.03 97.36311
C06 725.012 98.09561
C06 750.022 99.40573
C06 774.987 100.20805
C06 799.976 100.099655
C06 824.988 99.296005
C06 850.022 97.205124
C06 869.967 94.85111
C06 875.002 93.67409
C06 899.999 86.76855
C06 919.999 78.62621
C06 925.012 76.346085
C06 949.965 64.40081
C06 975.002 48.940964
C06 999.976 30.371582
C06 1025.028 14.709307
C06 1050.014 6.035526
C06 1075.002 3.3264132
C06 1099.99 2.2772214
C17 319.994 56.231342
C17 324.969 58.82056
C17 349.982 69.103676
C17 374.975 78.08292
C17 400.019 84.65068
C17 424.965 84.678604
C17 450.035 84.95294
C17 475.003 84.68172
C17 500.018 85.8386
C17 525.002 87.57338
C17 550.029 89.46893
C17 575.023 92.492195
C17 599.982 94.35426
C17 619.997 95.86751
C17 624.979 96.01785
C17 650.012 97.144264
C17 675.004 98.10704
C17 700.03 98.783775
C17 725.012 99.24013
C17 750.022 100.242874
C17 774.987 100.7208
C17 799.976 100.461914
C17 824.988 99.61552
C17 850.022 97.39449
C17 869.967 95.12663
C17 875.002 94.0091
C17 899.999 87.60812
C17 919.999 79.43626
C17 925.012 77.04732
C17 949.965 63.731796
C17 975.002 47.778893
C17 999.976 29.978292
C17 1025.028 14.649609
C17 1050.014 6.093001
C17 1075.002 3.3695908
C17 1099.99 2.232751
C04 319.994 56.177277
C04 324.969 58.767136
C04 349.982 68.682236
C04 374.975 76.78378
C04 400.019 82.97439
C04 424.965 83.00338
C04 450.035 83.34892
C04 475.003 83.11534
C04 500.018 84.26284
C04 525.002 85.98975
C04 550.029 87.82423
C04 575.023 90.81106
C04 599.982 92.69443
C04 619.997 94.2193
C04 624.979 94.37208
C04 650.012 95.4917
C04 675.004 96.46158
C04 700.03 97.17907
C04 725.012 97.85541
C04 750.022 99.10252
C04 774.987 99.841835
C04 799.976 99.688095
C04 824.988 98.86725
C04 850.022 96.789795
C04 869.967 94.46496
C04 875.002 93.29167
C04 899.999 86.46199
C04 919.999 78.25544
C04 925.012 75.921196
C04 949.965 64.00158
C04 975.002 48.680904
C04 999.976 30.093658
C04 1025.028 14.530347
C04 1050.014 5.9813704
C04 1075.002 3.279295
C04 1099.99 2.262509
C16 319.994 55.78264
C16 324.969 58.34796
C16 349.982 68.40905
C16 374.975 77.05677
C16 400.019 83.45621
C16 424.965 83.47884
C16 450.035 83.7783
C16 475.003 83.52925
C16 500.018 84.68533
C16 525.002 86.41284
C16 550.029 88.280235
C16 575.023 91.27295
C16 599.982 93.13291
C16 619.997 94.638016
C16 624.979 94.786835
C16 650.012 95.89952
C16 675.004 96.85803
C16 700.03 97.507614
C16 725.012 97.93378
C16 750.022 98.879
C16 774.987 99.31094
C16 799.976 99.03175
C16 824.988 98.20439
C16 850.022 95.99396
C16 869.967 93.789986
C16 875.002 92.680984
C16 899.999 86.37364
C16 919.999 78.4632
C16 925.012 76.140366
C16 949.965 63.068447
C16 975.002 47.199795
C16 999.976 29.62461
C16 1025.028 14.41835
C16 1050.014 6.0571203
C16 1075.002 3.3330522
C16 1099.99 2.2167604
C12 319.994 57.176876
C12 324.969 59.77665
C12 349.982 69.38454
C12 374.975 76.91541
C12 400.019 82.99715
C12 424.965 83.07927
C12 450.035 83.534164
C12 475.003 83.42593
C12 500.018 84.68734
C12 525.002 86.50325
C12 550.029 88.41635
C12 575.023 91.44522
C12 599.982 93.32746
C12 619.997 94.83462
C12 624.979 94.98152
C12 650.012 96.063324
C12 675.004 96.98318
C12 700.03 97.562225
C12 725.012 97.902916
C12 750.022 98.74374
C12 774.987 99.07872
C12 799.976 98.74948
C12 824.988 97.9267
C12 850.022 95.70215
C12 869.967 93.493866
C12 875.002 92.388466
C12 899.999 86.06833
C12 919.999 78.29107
C12 925.012 76.04433
C12 949.965 63.51142
C12 975.002 47.803032
C12 999.976 29.863506
C12 1025.028 14.38618
C12 1050.014 6.004552
C12 1075.002 3.3225665
C12 1099.99 2.2554274
C10 319.994 57.86677
C10 324.969 60.460117
C10 349.982 69.683075
C10 374.975 76.529434
C10 400.019 82.488976
C10 424.965 82.6603
C10 450.035 83.236275
C10 475.003 83.27198
C10 500.018 84.656746
C10 525.002 86.544754
C10 550.029 88.533264
C10 575.023 91.57779
C10 599.982 93.41718
C10 619.997 94.884926
C10 624.979 95.02207
C10 650.012 96.055984
C10 675.004 96.92048
C10 700.03 97.466995
C10 725.012 97.77931
C10 750.022 98.603935
C10 774.987 98.93414
C10 799.976 98.59273
C10 824.988 97.74477
C10 850.022 95.51732
C10 869.967 93.25348
C10 875.002 92.13091
C10 899.999 85.71141
C10 919.999 77.88785
C10 925.012 75.665085
C10 949.965 63.302887
C10 975.002 47.86081
C10 999.976 29.788847
C10 1025.028 14.198121
C10 1050.014 5.902973
C10 1075.002 3.2591057
C10 1099.99 2.2316675
C01 319.994 57.4434
C01 324.969 60.047867
C01 349.982 69.51058
C01 374.975 76.65606
C01 400.019 82.59791
C01 424.965 82.69593
C01 450.035 83.183044
C01 475.003 83.10057
C01 500.018 84.37607
C01 525.002 86.18651
C01 550.029 88.09288
C01 575.023 91.11609
C01 599.982 92.99332
C01 619.997 94.495926
C01 624.979 94.64388
C01 650.012 95.71952
C01 675.004 96.62999
C01 700.03 97.295166
C01 725.012 97.909225
C01 750.022 99.09565
C01 774.987 99.779526
C01 799.976 99.58601
C01 824.988 98.738235
C01 850.022 96.66037
C01 869.967 94.375206
C01 875.002 93.22475
C01 899.999 86.45725
C01 919.999 78.27255
C01 925.012 75.933846
C01 949.965 63.84062
C01 975.002 48.450012
C01 999.976 29.969511
C01 1025.028 14.501817
C01 1050.014 5.9547663
C01 1075.002 3.2688122
C01 1099.99 2.260082
C00 319.994 57.944168
C00 324.969 60.554783
C00 349.982 69.84706
C00 374.975 76.64082
C00 400.019 82.5406
C00 424.965 82.67846
C00 450.035 83.24624
C00 475.003 83.24237
C00 500.018 84.58392
C00 525.002 86.45159
C00 550.029 88.408104
C00 575.023 91.443794
C00 599.982 93.29838
C00 619.997 94.77682
C00 624.979 94.91266
C00 650.012 95.95019
C00 675.004 96.851944
C00 700.03 97.48506
C00 725.012 98.09004
C00 750.022 99.25764
C00 774.987 99.93205
C00 799.976 99.72087
C00 824.988 98.85835
C00 850.022 96.77959
C00 869.967 94.47553
C00 875.002 93.315956
C00 899.999 86.446434
C00 919.999 78.16445
C00 925.012 75.822334
C00 949.965 63.79901
C00 975.002 48.63856
C00 999.976 30.05881
C00 1025.028 14.415953
C00 1050.014 5.906392
C00 1075.002 3.2496004
C00 1099.99 2.248555
