lsstCam/transmission_filter_detector/r22_s12/u_24/19700101T000000.ecsv
# %ECSV 1.0
# ---
# datatype:
# - {name: wavelength, unit: nm, datatype: float32}
# - {name: efficiency, unit: '%', datatype: float64}
# meta: !!omap
# - {MODE: DETECTOR}
# - {TYPE: transmission_filter_detector}
# - {CALIBDATE: '1970-01-01T00:00:00'}
# - {INSTRUME: LSSTCam}
# - {OBSTYPE: transmission_filter_detector}
# - {CALIBCLS: lsst.ip.isr.IntermediateFilterDetectorTransmissionCurve}
# - {SOURCE: Materion (DM-46256)}
# - {DETECTOR: 95}
# - {FILTER: u_24}
# - {CALIB_ID: 'calibDate=1970-01-01T00:00:00 filter=u_24 detector=95'}
# - {DATE: '2025-04-02T15:59:40.189027'}
# - {CALIB_CREATION_DATE: '2025-04-02'}
# - {CALIB_CREATION_TIME: '15:59:40'}
# - __serialized_columns__:
#     efficiency:
#       __class__: astropy.units.quantity.Quantity
#       unit: !astropy.units.Unit {unit: '%'}
#       value: !astropy.table.SerializedColumn {name: efficiency}
#     wavelength:
#       __class__: astropy.units.quantity.Quantity
#       unit: !astropy.units.Unit {unit: nm}
#       value: !astropy.table.SerializedColumn {name: wavelength}
# schema: astropy-2.0
wavelength efficiency
[from data line 580]
875.0 0.0024126949938363396
876.0 0.002721786040638108
877.0 0.0027271205908618867
878.0 0.0027324551410856657
879.0 0.0026716550564742647
880.0 0.002610855517559685
881.0 0.0026558323952485807
882.0 0.002700810000533238
883.0 0.0024801494873827323
884.0 0.0022594889742322266
885.0 0.0023345532099483535
886.0 0.002409617809462361
887.0 0.002267900163133163
888.0 0.002126182516803965
889.0 0.002072798815788701
890.0 0.0020194151147734374
891.0 0.0022373222236637957
892.0 0.002455229332554154
893.0 0.0024392782506765798
894.0 0.0024233266231021844
895.0 0.0025269382604165003
896.0 0.0026305495339329354
897.0 0.0032246342016151175
898.0 0.0038187194149941206
899.0 0.003983342321589589
900.0 0.004147965228185058
901.0 0.004292108496883884
902.0 0.004436252129380591
903.0 0.0045824508561054245
904.0 0.004728649219032377
905.0 0.005036842412664555
906.0 0.005345034878700972
907.0 0.005396500273491256
908.0 0.0054479653044836596
909.0 0.005421101377578452
910.0 0.005394237450673245
911.0 0.00522458394698333
912.0 0.005054930443293415
913.0 0.004996254938305356
914.0 0.004937579433317296
915.0 0.0044801585318055
916.0 0.004022737630293705
917.0 0.0038857917388668284
918.0 0.003748846211237833
919.0 0.004160194657742977
920.0 0.004571543104248121
921.0 0.004639719190890901
922.0 0.004707895641331561
923.0 0.005168347342987545
924.0 0.005628797953249887
925.0 0.006146240048110485
926.0 0.006663682870566845
927.0 0.0073010975029319525
928.0 0.007938509952509776
929.0 0.007836990698706359
930.0 0.00773547071730718
931.0 0.007805667701177299
932.0 0.007875863229855895
933.0 0.007598970114486292
934.0 0.007322078454308212
935.0 0.007539818761870265
936.0 0.007757559069432318
937.0 0.007442093192366883
938.0 0.007126628770492971
939.0 0.006772058259230107
940.0 0.006417488475563005
941.0 0.005686115036951378
942.0 0.004954740506946109
943.0 0.0037382127629825845
944.0 0.002521685564715881
945.0 0.0023920250896480866
946.0 0.0022623647964792326
947.0 0.0018842434656107798
948.0 0.0015061222256917972
949.0 0.0013104493518767413
950.0 0.0011147762052132748
951.0 0.0013389654668571893
952.0 0.0015631545466021635
953.0 0.0017307063899352215
954.0 0.0018982582332682796
955.0 0.0021752328393631615
956.0 0.002452207263559103
957.0 0.0026578078177408315
958.0 0.002863407826225739
959.0 0.0031164538086159155
960.0 0.0033694996091071516
961.0 0.0037194367905613035
962.0 0.004069374335813336
963.0 0.00433326349593699
964.0 0.0045971526560606435
965.0 0.004776460627908818
966.0 0.004955768599756993
967.0 0.004995038761990145
968.0 0.005034309288021177
969.0 0.004872586941928603
970.0 0.0047108645958360285
971.0 0.004601444015861489
972.0 0.004492022708291188
973.0 0.004311126758693717
974.0 0.0041302300815004855
975.0 0.0038425176171585917
976.0 0.003554805152816698
977.0 0.003163519795634784
978.0 0.002772234074654989
979.0 0.0027199523174203932
980.0 0.0026676700144889764
981.0 0.0026914311092696153
982.0 0.0027151920221513137
983.0 0.002689312350412365
984.0 0.0026634326786734164
985.0 0.003169402407365851
986.0 0.0036753728636540473
987.0 0.003934982305509038
988.0 0.004194591747364029
989.0 0.005016465365770273
990.0 0.005838338620378636
991.0 0.00595599522057455
992.0 0.006073650729376823
993.0 0.006233710155356675
994.0 0.006393768126145005
995.0 0.006211382424226031
996.0 0.006028995267115533
997.0 0.005900262112845667
998.0 0.005771530413767323
999.0 0.006212174776010215
1000.0 0.006652816227870062
1001.0 0.006399623089237139
1002.0 0.006146427767816931
1003.0 0.005903487544856034
1004.0 0.005660549140884541
1005.0 0.005445593342301436
1006.0 0.0052306375437183306
1007.0 0.005071932537248358
1008.0 0.004913226075586863
1009.0 0.004634606739273295
1010.0 0.0043559877667576075
1011.0 0.003938993540941738
1012.0 0.0035219996789237484
1013.0 0.002824748298735358
1014.0 0.002127496918546967
1015.0 0.0017443637261749245
1016.0 0.0013612305338028818
1017.0 0.0014160207683744375
1018.0 0.0014708107300975826
1019.0 0.0011364841157046612
1020.0 0.0008021573194127996
1021.0 0.0009240218787454069
1022.0 0.0010458864380780142
1023.0 0.0011131904102512635
1024.0 0.0011804942914750427
1025.0 0.0014730667317053303
1026.0 0.0017656395357334986
1027.0 0.0014126494534139056
1028.0 0.0010596590072964318
1029.0 0.0011475811334094033
1030.0 0.0012355032595223747
1031.0 0.001293881723540835
1032.0 0.0013522603694582358
1033.0 0.0014140076928015333
1034.0 0.0014757549251953606
1035.0 0.0015814575817785226
1036.0 0.001687159965513274
1037.0 0.0017882428437587805
1038.0 0.0018893260858021677
1039.0 0.0016346024494851008
1040.0 0.0013798789950669743
1041.0 0.0014849527360638604
1042.0 0.0015900266589596868
1043.0 0.0015069930668687448
1044.0 0.0014239596566767432
1045.0 0.0013706230674870312
1046.0 0.0013172866601962596
1047.0 0.0014626310075982474
1048.0 0.0016079751731012948
1049.0 0.0015055815310915932
1050.0 0.001403187525284011
1051.0 0.0015654144590371288
1052.0 0.0017276417565881275
1053.0 0.0013267292160890065
1054.0 0.0009258166755898856
1055.0 0.0011992587133136112
1056.0 0.0014727011148352176
1057.0 0.0013258178114483599
1058.0 0.001178934417112032
1059.0 0.0005770781172032002
1060.0 1.5786067114956226e-10
1061.0 8.40408915792068e-05
1062.0 0.00019286014776298543
1063.0 0.0002654708168847719
1064.0 0.00033808130410761805
1065.0 0.001101801262848312
1066.0 0.001865521517174784
1067.0 0.0007028611889836611
1068.0 1.5786067114956226e-10
1069.0 0.0006574433427886106
1070.0 0.0017746857338352129
1071.0 0.0022610480300500058
1072.0 0.002747410508163739
1073.0 0.002654044692462776
1074.0 0.0025606788767618127
1075.0 0.00293509874609299
1076.0 0.003309518433525227
1077.0 0.003362914503668435
1078.0 0.0034163109376095235
1079.0 0.0038230329664656892
1080.0 0.004229753176332451
1081.0 0.0029607637770823203
1082.0 0.0016917745597311296
1083.0 0.0021416457457235083
1084.0 0.002591517477412708
1085.0 0.003095924694207497
1086.0 0.0036003322748001665
1087.0 0.003495399869279936
1088.0 0.0033904674637597054
1089.0 0.004557895954349078
1090.0 0.00572532408114057
1091.0 0.004715169779956341
1092.0 0.0037050154787721112
1093.0 0.003389354606042616
1094.0 0.00307369336951524
1095.0 0.0025109684429480694
1096.0 0.0019482435163808987
1097.0 0.0024321767341461964
1098.0 0.002916110497608315
1099.0 0.0013076162758807186
1100.0 1.5786067114956226e-10
