lsstCam/transmission_filter_detector/r22_s12/u_24/19700101T000000.ecsv
# %ECSV 1.0
# ---
# datatype:
# - {name: wavelength, unit: nm, datatype: float32}
# - {name: efficiency, unit: '%', datatype: float64}
# meta: !!omap
# - {MODE: DETECTOR}
# - {TYPE: transmission_filter_detector}
# - {CALIBDATE: '1970-01-01T00:00:00'}
# - {INSTRUME: LSSTCam}
# - {OBSTYPE: transmission_filter_detector}
# - {CALIBCLS: lsst.ip.isr.IntermediateFilterDetectorTransmissionCurve}
# - {SOURCE: Materion (DM-46256)}
# - {DETECTOR: 95}
# - {FILTER: u_24}
# - {CALIB_ID: 'calibDate=1970-01-01T00:00:00 filter=u_24 detector=95'}
# - {DATE: '2025-04-02T15:59:40.189027'}
# - {CALIB_CREATION_DATE: '2025-04-02'}
# - {CALIB_CREATION_TIME: '15:59:40'}
# - __serialized_columns__:
#     efficiency:
#       __class__: astropy.units.quantity.Quantity
#       unit: !astropy.units.Unit {unit: '%'}
#       value: !astropy.table.SerializedColumn {name: efficiency}
#     wavelength:
#       __class__: astropy.units.quantity.Quantity
#       unit: !astropy.units.Unit {unit: nm}
#       value: !astropy.table.SerializedColumn {name: wavelength}
# schema: astropy-2.0
wavelength efficiency
295.0 1.5786067114956226e-10
296.0 1.5786067114956226e-10
297.0 1.5786067114956226e-10
298.0 0.0021582045519608073
299.0 1.5786067114956226e-10
300.0 1.5786067114956226e-10
301.0 0.13957021292299032
302.0 1.5786067114956226e-10
303.0 0.007400101458188146
304.0 0.31888089142739773
305.0 0.21963242907077074
306.0 1.3059474527835846
307.0 2.4892019107937813
308.0 4.224409535527229
309.0 7.007952779531479
310.0 10.010630637407303
311.0 13.344977796077728
312.0 17.088724672794342
313.0 20.32352089881897
314.0 23.542487621307373
315.0 25.949376821517944
316.0 27.861136198043823
317.0 30.373600125312805
318.0 32.8034907579422
319.0 36.12448573112488
320.0 40.88415801525116
321.0 45.66211700439453
322.0 51.62442922592163
323.0 57.13205337524414
324.0 61.98491454124451
325.0 65.52823185920715
326.0 68.19835901260376
327.0 70.22117972373962
328.0 71.97530269622803
329.0 73.5523521900177
330.0 74.91016983985901
331.0 75.93073844909668
332.0 76.43603086471558
333.0 76.72313451766968
334.0 76.5038788318634
335.0 76.6416072845459
336.0 76.75004005432129
337.0 77.21819281578064
338.0 78.11309695243835
339.0 78.62599492073059
340.0 79.0944755077362
341.0 79.660564661026
342.0 79.98618483543396
343.0 79.86217737197876
344.0 80.02663850784302
345.0 80.35221099853516
346.0 80.62336444854736
347.0 80.85761666297913
348.0 81.15845918655396
349.0 81.37964010238647
350.0 81.403648853302
351.0 81.58601522445679
352.0 81.50864243507385
353.0 81.4200758934021
354.0 81.37046098709106
355.0 81.54019117355347
356.0 81.57988786697388
357.0 81.58884644508362
358.0 81.31871223449707
359.0 81.1356782913208
360.0 81.144779920578
361.0 81.07742667198181
362.0 80.97622394561768
363.0 80.97750544548035
364.0 81.09920620918274
365.0 81.26397728919983
366.0 81.3207745552063
367.0 81.28888607025146
368.0 81.09555244445801
369.0 80.96332550048828
370.0 80.59208393096924
371.0 80.39787411689758
372.0 80.33947348594666
373.0 80.48527836799622
374.0 80.47847151756287
375.0 80.73409795761108
376.0 80.8347225189209
377.0 80.79922199249268
378.0 80.89163899421692
379.0 80.59661388397217
380.0 80.00354170799255
381.0 78.73529195785522
382.0 77.0719826221466
383.0 75.14591813087463
384.0 73.01856875419617
385.0 70.64301371574402
386.0 68.25966238975525
387.0 65.2097761631012
388.0 62.087273597717285
389.0 58.35773944854736
390.0 54.5685350894928
391.0 50.5291223526001
392.0 46.153077483177185
393.0 42.296287417411804
394.0 39.08142149448395
395.0 35.967159271240234
396.0 32.80145227909088
397.0 28.788483142852783
398.0 24.104945361614227
399.0 18.072131276130676
400.0 12.062783539295197
401.0 7.1977004408836365
402.0 3.5009052604436874
403.0 1.296208892017603
404.0 0.3939953166991472
405.0 0.15497265849262476
406.0 0.054910825565457344
407.0 0.025999158970080316
408.0 0.020915648201480508
409.0 0.00905603519640863
410.0 0.019668835739139467
411.0 0.016623914416413754
412.0 1.5786067114956226e-10
413.0 1.5786067114956226e-10
414.0 1.5786067114956226e-10
415.0 1.5786067114956226e-10
416.0 1.5786067114956226e-10
417.0 1.5786067114956226e-10
418.0 0.013848293747287244
419.0 1.5786067114956226e-10
420.0 1.5786067114956226e-10
421.0 1.5786067114956226e-10
422.0 1.5786067114956226e-10
423.0 1.5786067114956226e-10
424.0 1.5786067114956226e-10
425.0 1.5786067114956226e-10
426.0 0.000646878015686525
427.0 1.5786067114956226e-10
428.0 1.5786067114956226e-10
429.0 1.5786067114956226e-10
430.0 0.00024308083084179088
431.0 0.0005178756509849336
432.0 0.0007926707439764868
433.0 0.0019390354282222688
434.0 0.0030853996577207
435.0 0.0021908590497332625
436.0 0.0012963179869984742
437.0 6.083977268644958e-05
438.0 1.5786067114956226e-10
439.0 1.5786067114956226e-10
440.0 0.000549274955119472
441.0 1.5786067114956226e-10
442.0 1.5786067114956226e-10
443.0 1.5786067114956226e-10
444.0 1.5786067114956226e-10
445.0 1.5786067114956226e-10
446.0 1.5786067114956226e-10
447.0 1.5786067114956226e-10
448.0 1.5786067114956226e-10
449.0 1.5786067114956226e-10
450.0 1.5786067114956226e-10
451.0 1.5786067114956226e-10
452.0 1.5786067114956226e-10
453.0 1.5786067114956226e-10
454.0 1.5786067114956226e-10
455.0 1.5786067114956226e-10
456.0 1.5786067114956226e-10
457.0 1.5786067114956226e-10
458.0 1.5786067114956226e-10
459.0 1.5786067114956226e-10
460.0 1.5786067114956226e-10
461.0 1.5786067114956226e-10
462.0 1.5786067114956226e-10
463.0 9.057749394969505e-06
464.0 3.3343678751407424e-05
465.0 0.00030921121378924
466.0 0.0005850785328220809
467.0 1.5786067114956226e-10
468.0 1.5786067114956226e-10
469.0 1.5786067114956226e-10
470.0 1.5786067114956226e-10
471.0 1.5786067114956226e-10
472.0 1.5786067114956226e-10
473.0 1.5786067114956226e-10
474.0 1.5786067114956226e-10
475.0 1.5786067114956226e-10
476.0 1.5786067114956226e-10
477.0 0.0003999823547928827
478.0 0.0013107007362123113
479.0 0.0008198474461096339
480.0 0.00032899433790589683
481.0 8.312026693602093e-05
482.0 1.5786067114956226e-10
483.0 1.5786067114956226e-10
484.0 1.5786067114956226e-10
485.0 1.5786067114956226e-10
486.0 1.5786067114956226e-10
487.0 1.5786067114956226e-10
488.0 1.5786067114956226e-10
489.0 1.5786067114956226e-10
490.0 1.5786067114956226e-10
491.0 1.5786067114956226e-10
492.0 7.546111646661302e-05
493.0 1.5786067114956226e-10
494.0 1.5786067114956226e-10
495.0 1.5786067114956226e-10
496.0 0.00019644096482807072
497.0 1.5786067114956226e-10
498.0 1.5786067114956226e-10
499.0 2.5407402404198365e-05
500.0 0.000249921345130133
501.0 1.5786067114956226e-10
502.0 1.5786067114956226e-10
503.0 1.5786067114956226e-10
504.0 1.5786067114956226e-10
505.0 1.5786067114956226e-10
506.0 1.5786067114956226e-10
507.0 1.5786067114956226e-10
508.0 1.5786067114956226e-10
509.0 1.5786067114956226e-10
510.0 1.5786067114956226e-10
511.0 4.314829311624635e-05
512.0 0.00044790781430492643
513.0 0.00024297960408148356
514.0 3.8051135220484866e-05
515.0 6.198800406309601e-05
516.0 8.592498943471583e-05
517.0 1.5786067114956226e-10
518.0 1.5786067114956226e-10
519.0 4.706870129211893e-05
520.0 0.00024351825231860857
521.0 1.5786067114956226e-10
522.0 1.5786067114956226e-10
523.0 1.5786067114956226e-10
524.0 1.5786067114956226e-10
525.0 1.5786067114956226e-10
526.0 1.5786067114956226e-10
527.0 1.5786067114956226e-10
528.0 1.5786067114956226e-10
529.0 1.5786067114956226e-10
530.0 1.5786067114956226e-10
531.0 1.5786067114956226e-10
532.0 1.5786067114956226e-10
533.0 1.5786067114956226e-10
534.0 1.5786067114956226e-10
535.0 1.5786067114956226e-10
536.0 1.5786067114956226e-10
537.0 1.5786067114956226e-10
538.0 1.5786067114956226e-10
539.0 1.5786067114956226e-10
540.0 1.5786067114956226e-10
541.0 1.5786067114956226e-10
542.0 1.5786067114956226e-10
543.0 1.5786067114956226e-10
544.0 1.5786067114956226e-10
545.0 1.5786067114956226e-10
546.0 1.5786067114956226e-10
547.0 1.5786067114956226e-10
548.0 1.5786067114956226e-10
549.0 1.5786067114956226e-10
550.0 1.5786067114956226e-10
551.0 1.5786067114956226e-10
552.0 1.5786067114956226e-10
553.0 1.5786067114956226e-10
554.0 1.5786067114956226e-10
555.0 1.5786067114956226e-10
556.0 1.5786067114956226e-10
557.0 1.5786067114956226e-10
558.0 1.5786067114956226e-10
559.0 1.5786067114956226e-10
560.0 1.5786067114956226e-10
561.0 0.0001105300611925486
562.0 0.00029330681172723416
563.0 1.5786067114956226e-10
564.0 1.5786067114956226e-10
565.0 1.5786067114956226e-10
566.0 5.1302589554325095e-05
567.0 0.00019572678411350353
568.0 0.0003401509957257076
569.0 0.0003594999952838407
570.0 0.0003788487674682983
571.0 0.0003602858896556427
572.0 0.00034172296636825195
573.0 0.0005029108706366969
574.0 0.0006640989795414498
575.0 0.0004769052793562878
576.0 0.0002897116473832284
577.0 0.0002503041969248443
578.0 0.00021089674646646017
579.0 0.0003854250735457754
580.0 0.000559953332412988
581.0 0.0007207170710898936
582.0 0.0008814810826152097
583.0 0.0014335246305563487
584.0 0.0019855680875480175
585.0 0.0016816024071886204
586.0 0.0013776364539808128
587.0 0.0015597635865560733
588.0 0.0017418904462829232
589.0 0.0013577409845311195
590.0 0.0009735912499309052
591.0 0.0009356986993225291
592.0 0.0008978057849162724
593.0 0.0007847496817703359
594.0 0.0006716930784023134
595.0 0.0007557434855698375
596.0 0.0008397934834647458
597.0 0.0010378331353422254
598.0 0.0012358726053207647
599.0 0.0012963362678419799
600.0 0.0013567995665653143
601.0 0.0015118138435354922
602.0 0.0016668282114551403
603.0 0.0015638002878404222
604.0 0.0014607725461246446
605.0 0.0015860876374063082
606.0 0.0017114027286879718
607.0 0.0015038452147564385
608.0 0.0012962878827238455
609.0 0.0009529080671200063
610.0 0.0006095282969909022
611.0 0.00035657865282701096
612.0 0.00010362903140048729
613.0 0.0001364390413982619
614.0 0.00016924905139603652
615.0 0.00020741877051477786
616.0 0.0002455885351082543
617.0 0.0005253971721685957
618.0 0.0008052059456531424
619.0 0.0005225138920650352
620.0 0.0002398220658506034
621.0 0.00030029066238057567
622.0 0.0003607591906984453
623.0 0.0005533574039873201
624.0 0.0007459555945388274
625.0 0.0006921383373992285
626.0 0.0006383211257343646
627.0 0.0005354091626941226
628.0 0.00043249724512861576
629.0 0.00046253285290731583
630.0 0.0004925686880596913
631.0 0.000989209638646571
632.0 0.0014858504982839804
633.0 0.0015780775356688537
634.0 0.0016703044821042567
635.0 0.0021589745301753283
636.0 0.00264764476014534
637.0 0.0026585061277728528
638.0 0.0026693674954003654
639.0 0.0023395170501316898
640.0 0.002009666604863014
641.0 0.0018495096810511313
642.0 0.0016893525753403082
643.0 0.0011890286259585992
644.0 0.000688704631102155
645.0 0.0006684327672701329
646.0 0.0006481608579633757
647.0 0.00024707289867365034
648.0 1.5786067114956226e-10
649.0 1.5786067114956226e-10
650.0 9.741565918375272e-05
651.0 0.00023849875105952378
652.0 0.0003795819793595001
653.0 0.0008265150427178014
654.0 0.0012734480151266325
655.0 0.0011913684829778504
656.0 0.001109288859879598
657.0 0.0017814963939599693
658.0 0.002453704109939281
659.0 0.0030676314054289833
660.0 0.0036815592466155067
661.0 0.0037227557186270133
662.0 0.0037639525544364005
663.0 0.0032572774216532707
664.0 0.0027506021069712006
665.0 0.002452292392263189
666.0 0.0021539826775551774
667.0 0.0018334974811295979
668.0 0.0015130118299566675
669.0 0.0011282762898190413
670.0 0.0007435406587319449
671.0 0.0005012870133214165
672.0 0.0002590331405372126
673.0 0.00025279775854869513
674.0 0.00024656233108544257
675.0 0.0005224692358751781
676.0 0.0007983760951901786
677.0 0.001019946012092987
678.0 0.001241516110894736
679.0 0.0015884810636634938
680.0 0.0019354460164322518
681.0 0.002770073479041457
682.0 0.0036047014873474836
683.0 0.004988409273209982
684.0 0.00637211705907248
685.0 0.0067915105319116265
686.0 0.007210906915133819
687.0 0.007061239011818543
688.0 0.006911573291290551
689.0 0.006132059934316203
690.0 0.005352547304937616
691.0 0.004814431304112077
692.0 0.0042763153032865375
693.0 0.0035180291888536885
694.0 0.002759742710622959
695.0 0.0022478929167846218
696.0 0.001736043304845225
697.0 0.0012834952940465882
698.0 0.0008309471922984812
699.0 0.0007994937732291874
700.0 0.0007680400813114829
701.0 0.000731995351088699
702.0 0.0006959505299164448
703.0 0.0007564250608993461
704.0 0.0008168999556801282
705.0 0.0005042527391196927
706.0 0.00019160559077135986
707.0 0.0005018457159167156
708.0 0.0008120855454762932
709.0 0.0007527741672674892
710.0 0.0006934627435839502
711.0 0.0006185656275192741
712.0 0.000543668465979863
713.0 0.0006659997779934201
714.0 0.0007883311809564475
715.0 0.0006894524176459527
716.0 0.0005905735179112526
717.0 0.0005973080533294706
718.0 0.0006040425432729535
719.0 0.0007252650448208442
720.0 0.0008464874554192647
721.0 0.0004918006197840441
722.0 0.0001371137273054046
723.0 0.0003615561809056089
724.0 0.0005859987140865996
725.0 0.00033214780614798656
726.0 7.829690957805724e-05
727.0 0.00026048276140500093
728.0 0.0004426686246006284
729.0 0.0004920565061183879
730.0 0.0005414444785856176
731.0 0.0003283156502220663
732.0 0.0001151869582827203
733.0 0.00010816246458489331
734.0 0.0001011379822557501
735.0 0.0003887722868967103
736.0 0.0006764065801689867
737.0 0.0004341539806773653
738.0 0.00019190131297364132
739.0 0.0003873707100865431
740.0 0.0005828400844620774
741.0 0.0009146326192421839
742.0 0.0012464251994970255
743.0 0.0013948470950708725
744.0 0.001543268808745779
745.0 0.0018205731976195239
746.0 0.0020978770407964475
747.0 0.002654170384630561
748.0 0.0032104639103636146
749.0 0.0032187552278628573
750.0 0.0032270469091599807
751.0 0.0032122399716172367
752.0 0.0031974333978723735
753.0 0.0028984837626921944
754.0 0.0025995337637141347
755.0 0.002708776810322888
756.0 0.002818020038830582
757.0 0.0023856835468905047
758.0 0.0019533470549504273
759.0 0.0016830719687277451
760.0 0.0014127973372524139
761.0 0.0012874392268713564
762.0 0.0011620810255408287
763.0 0.0009009316272567958
764.0 0.0006397822289727628
765.0 0.000824243306851713
766.0 0.0010087042028317228
767.0 0.0009519977538730018
768.0 0.000895291395863751
769.0 0.000708166453478043
770.0 0.000521041511092335
771.0 0.00036223857478034915
772.0 0.00020343559299362823
773.0 0.00046202894736779854
774.0 0.0007206223472167039
775.0 0.0007820106475264765
776.0 0.0008433986295131035
777.0 0.0006749905878677964
778.0 0.0005065823188488139
779.0 0.0004172316039330326
780.0 0.0003278809344919864
781.0 0.0005739482730859891
782.0 0.0008200157026294619
783.0 0.0009478246283833869
784.0 0.0010756332812889013
785.0 0.0011636342605925165
786.0 0.0012516351489466615
787.0 0.0009480942026129924
788.0 0.0006445530289056478
789.0 0.0006622227829211624
790.0 0.0006798925369366771
791.0 0.0005531027454708237
792.0 0.00042631304495444056
793.0 0.00020680768102465663
794.0 1.5786067114956226e-10
795.0 1.5786067114956226e-10
796.0 1.5786067114956226e-10
797.0 0.00023248474008141784
798.0 0.0006469878826464992
799.0 0.0003398627313799807
800.0 3.2737546007410856e-05
801.0 1.5786067114956226e-10
802.0 1.5786067114956226e-10
803.0 1.5786067114956226e-10
804.0 1.5786067114956226e-10
805.0 1.5786067114956226e-10
806.0 3.6273647197049286e-05
807.0 1.5786067114956226e-10
808.0 1.5786067114956226e-10
809.0 0.00011754520983231487
810.0 0.0004863162303081481
811.0 0.00010686870837162132
812.0 1.5786067114956226e-10
813.0 1.5786067114956226e-10
814.0 0.00022514498141390504
815.0 0.00016320161648764042
816.0 0.00010125814924322185
817.0 0.00010559961083345115
818.0 0.00010994087915605633
819.0 0.00014248931847760105
820.0 0.000175037746430462
821.0 5.220562115937355e-05
822.0 1.5786067114956226e-10
823.0 9.689513547073147e-06
824.0 9.000556815408345e-05
825.0 1.5786067114956226e-10
826.0 1.5786067114956226e-10
827.0 1.5786067114956226e-10
828.0 0.00010985082781189703
829.0 1.5786067114956226e-10
830.0 1.5786067114956226e-10
831.0 1.5786067114956226e-10
832.0 1.5786067114956226e-10
833.0 1.5786067114956226e-10
834.0 1.5786067114956226e-10
835.0 1.5786067114956226e-10
836.0 1.5786067114956226e-10
837.0 1.5786067114956226e-10
838.0 1.5786067114956226e-10
839.0 1.5786067114956226e-10
840.0 1.5786067114956226e-10
841.0 1.5786067114956226e-10
842.0 0.00013164718666303088
843.0 1.5786067114956226e-10
844.0 1.5786067114956226e-10
845.0 1.5786067114956226e-10
846.0 1.5786067114956226e-10
847.0 1.5786067114956226e-10
848.0 1.5786067114956226e-10
849.0 1.5786067114956226e-10
850.0 1.5786067114956226e-10
851.0 1.5786067114956226e-10
852.0 1.5786067114956226e-10
853.0 1.5786067114956226e-10
854.0 0.00015155959545154474
855.0 1.5786067114956226e-10
856.0 1.5786067114956226e-10
857.0 0.00013581484381575137
858.0 0.0006129086614237167
859.0 0.0007790848940203432
860.0 0.0009452610356674995
861.0 0.0009012602276925463
862.0 0.0008572594197175931
863.0 0.0007314402864722069
864.0 0.0006056211077520857
865.0 0.0011482779882499017
866.0 0.001690934550424572
867.0 0.0016931564459810033
868.0 0.0016953787053353153
869.0 0.0017056148863048293
870.0 0.0017158508853754029
871.0 0.0017134689187514596
872.0 0.0017110864064306952
873.0 0.0019073453586315736
