ts8/qe_curves/rtm-008_s11/19700101T000000.ecsv
# %ECSV 0.9
# ---
# datatype:
# - {name: amp_name, datatype: string}
# - {name: wavelength, unit: nm, datatype: float32}
# - {name: efficiency, unit: '%', datatype: float32}
# meta: !!omap
# - {MODE: AMP}
# - {TYPE: QE}
# - {CALIBDATE: '1970-01-01T00:00:00'}
# - {INSTRUME: TS8}
# - {OBSTYPE: qe_curves}
# - {DETECTOR: 58}
# - {PICKLEFILE: RaftRun11952.p}
# - {CALIB_ID: 'raftName=RTM-008 detectorName=S11 detector=58 calibDate=1970-01-01T00:00:00 ccd=58 ccdnum=58 filter=None'}
# - {DATE: '2020-01-23T15:18:31.431480'}
# - {CALIB_CREATION_DATE: '2020-01-23'}
# - {CALIB_CREATION_TIME: '15:18:31'}
# - __serialized_columns__:
#     efficiency:
#       __class__: astropy.units.quantity.Quantity
#       unit: !astropy.units.Unit {unit: '%'}
#       value: !astropy.table.SerializedColumn {name: efficiency}
#     wavelength:
#       __class__: astropy.units.quantity.Quantity
#       unit: !astropy.units.Unit {unit: nm}
#       value: !astropy.table.SerializedColumn {name: wavelength}
# schema: astropy-2.0
amp_name wavelength efficiency
C05 319.994 46.427544
C05 324.969 52.504303
C05 349.982 79.09447
C05 374.975 83.12896
C05 400.019 88.075134
C05 424.965 88.05324
C05 450.035 89.43635
C05 475.003 92.215645
C05 500.018 93.24661
C05 525.002 95.60339
C05 550.029 97.682785
C05 575.023 97.678535
C05 599.982 99.4794
C05 619.997 99.0761
C05 624.979 99.42307
C05 650.012 99.822586
C05 675.004 99.53767
C05 700.03 98.96073
C05 725.012 98.622696
C05 750.022 98.52312
C05 774.987 98.09775
C05 799.976 97.23339
C05 824.988 95.5494
C05 850.022 93.366196
C05 869.967 90.08561
C05 875.002 89.392136
C05 899.999 82.337654
C05 919.999 73.99108
C05 925.012 71.10283
C05 949.965 57.16029
C05 975.002 42.30468
C05 999.976 25.661034
C05 1025.028 10.965058
C05 1050.014 3.833487
C05 1075.002 2.0892699
C05 1099.99 1.6755049
C07 319.994 46.755573
C07 324.969 52.854916
C07 349.982 79.03265
C07 374.975 82.69825
C07 400.019 87.74419
C07 424.965 87.818184
C07 450.035 89.266205
C07 475.003 92.080956
C07 500.018 93.12165
C07 525.002 95.47192
C07 550.029 97.527824
C07 575.023 97.49413
C07 599.982 99.25324
C07 619.997 98.828186
C07 624.979 99.168045
C07 650.012 99.52945
C07 675.004 99.21633
C07 700.03 98.62478
C07 725.012 98.296906
C07 750.022 98.2252
C07 774.987 97.835556
C07 799.976 96.98349
C07 824.988 95.31117
C07 850.022 93.11298
C07 869.967 89.90251
C07 875.002 89.24005
C07 899.999 82.26249
C07 919.999 73.61236
C07 925.012 70.67587
C07 949.965 56.939674
C07 975.002 42.262794
C07 999.976 25.728872
C07 1025.028 10.982401
C07 1050.014 3.8389876
C07 1075.002 2.0970755
C07 1099.99 1.6742797
C02 319.994 45.9505
C02 324.969 51.95758
C02 349.982 78.20689
C02 374.975 82.35073
C02 400.019 87.60192
C02 424.965 87.74033
C02 450.035 89.21048
C02 475.003 92.03512
C02 500.018 93.0942
C02 525.002 95.46697
C02 550.029 97.552376
C02 575.023 97.55661
C02 599.982 99.354164
C02 619.997 98.95712
C02 624.979 99.298805
C02 650.012 99.698135
C02 675.004 99.414246
C02 700.03 98.83425
C02 725.012 98.49065
C02 750.022 98.37717
C02 774.987 97.936226
C02 799.976 97.06795
C02 824.988 95.35711
C02 850.022 93.18894
C02 869.967 89.96145
C02 875.002 89.257675
C02 899.999 82.016685
C02 919.999 73.80692
C02 925.012 71.03309
C02 949.965 57.28861
C02 975.002 42.17834
C02 999.976 25.526077
C02 1025.028 10.8850355
C02 1050.014 3.826881
C02 1075.002 2.094675
C02 1099.99 1.6737016
C11 319.994 47.168148
C11 324.969 53.33821
C11 349.982 80.30817
C11 374.975 84.081665
C11 400.019 88.47301
C11 424.965 88.19539
C11 450.035 89.4511
C11 475.003 92.15363
C11 500.018 93.13063
C11 525.002 95.447105
C11 550.029 97.49559
C11 575.023 97.469986
C11 599.982 99.24226
C11 619.997 98.8313
C11 624.979 99.1767
C11 650.012 99.55868
C11 675.004 99.26776
C11 700.03 98.69226
C11 725.012 98.37091
C11 750.022 98.294655
C11 774.987 97.890625
C11 799.976 97.03383
C11 824.988 95.34676
C11 850.022 93.15942
C11 869.967 89.926834
C11 875.002 89.22934
C11 899.999 82.022835
C11 919.999 73.57177
C11 925.012 70.74355
C11 949.965 57.149914
C11 975.002 42.181057
C11 999.976 25.627872
C11 1025.028 10.9407625
C11 1050.014 3.8357854
C11 1075.002 2.078688
C11 1099.99 1.6738157
C14 319.994 46.66852
C14 324.969 52.780064
C14 349.982 79.73281
C14 374.975 83.819405
C14 400.019 88.37622
C14 424.965 88.14626
C14 450.035 89.41919
C14 475.003 92.13447
C14 500.018 93.11846
C14 525.002 95.44542
C14 550.029 97.511734
C14 575.023 97.50365
C14 599.982 99.29608
C14 619.997 98.899956
C14 624.979 99.24692
C14 650.012 99.64953
C14 675.004 99.370346
C14 700.03 98.80226
C14 725.012 98.4678
C14 750.022 98.36321
C14 774.987 97.927345
C14 799.976 97.06547
C14 824.988 95.39239
C14 850.022 93.1441
C14 869.967 90.04051
C14 875.002 89.38108
C14 899.999 82.01742
C14 919.999 73.53906
C14 925.012 70.74236
C14 949.965 57.474483
C14 975.002 42.381138
C14 999.976 25.54208
C14 1025.028 10.913424
C14 1050.014 3.8046756
C14 1075.002 2.099473
C14 1099.99 1.6828918
C10 319.994 47.413593
C10 324.969 53.60758
C10 349.982 80.42184
C10 374.975 84.00712
C10 400.019 88.42985
C10 424.965 88.19544
C10 450.035 89.48513
C10 475.003 92.20879
C10 500.018 93.19429
C10 525.002 95.508736
C10 550.029 97.54705
C10 575.023 97.50728
C10 599.982 99.26886
C10 619.997 98.8439
C10 624.979 99.18283
C10 650.012 99.552086
C10 675.004 99.2431
C10 700.03 98.66084
C10 725.012 98.34979
C10 750.022 98.28691
C10 774.987 97.90611
C10 799.976 97.05381
C10 824.988 95.3645
C10 850.022 93.194534
C10 869.967 89.93193
C10 875.002 89.23929
C10 899.999 82.07802
C10 919.999 73.608665
C10 925.012 70.761444
C10 949.965 57.116844
C10 975.002 42.276806
C10 999.976 25.739273
C10 1025.028 11.017321
C10 1050.014 3.8728225
C10 1075.002 2.0919857
C10 1099.99 1.6754571
C04 319.994 46.217106
C04 324.969 52.264133
C04 349.982 78.715744
C04 374.975 82.77513
C04 400.019 87.809906
C04 424.965 87.83975
C04 450.035 89.252594
C04 475.003 92.04946
C04 500.018 93.088234
C04 525.002 95.445435
C04 550.029 97.52649
C04 575.023 97.52433
C04 599.982 99.32359
C04 619.997 98.92142
C04 624.979 99.26845
C04 650.012 99.664925
C04 675.004 99.3766
C04 700.03 98.799095
C04 725.012 98.455025
C04 750.022 98.338326
C04 774.987 97.90397
C04 799.976 97.032074
C04 824.988 95.34597
C04 850.022 93.16739
C04 869.967 89.912186
C04 875.002 89.22379
C04 899.999 82.08786
C04 919.999 73.81689
C04 925.012 71.00975
C04 949.965 57.10133
C04 975.002 42.209473
C04 999.976 25.592348
C04 1025.028 10.931749
C04 1050.014 3.8240864
C04 1075.002 2.085597
C04 1099.99 1.6750257
C06 319.994 46.644836
C06 324.969 52.73718
C06 349.982 79.102234
C06 374.975 82.91767
C06 400.019 87.91726
C06 424.965 87.9466
C06 450.035 89.36853
C06 475.003 92.17231
C06 500.018 93.2062
C06 525.002 95.55916
C06 550.029 97.625565
C06 575.023 97.60661
C06 599.982 99.3825
C06 619.997 98.96611
C06 624.979 99.3096
C06 650.012 99.68853
C06 675.004 99.38539
C06 700.03 98.79725
C06 725.012 98.46089
C06 750.022 98.36608
C06 774.987 97.95736
C06 799.976 97.096115
C06 824.988 95.41592
C06 850.022 93.21793
C06 869.967 89.99182
C06 875.002 89.33621
C06 899.999 82.27883
C06 919.999 73.749374
C06 925.012 70.88195
C06 949.965 57.096504
C06 975.002 42.331802
C06 999.976 25.713505
C06 1025.028 10.938389
C06 1050.014 3.8059633
C06 1075.002 2.0868444
C06 1099.99 1.6771573
C03 319.994 46.084988
C03 324.969 52.115112
C03 349.982 78.502
C03 374.975 82.63094
C03 400.019 87.784966
C03 424.965 87.87424
C03 450.035 89.3199
C03 475.003 92.1358
C03 500.018 93.186455
C03 525.002 95.55698
C03 550.029 97.64265
C03 575.023 97.647125
C03 599.982 99.44768
C03 619.997 99.04633
C03 624.979 99.394905
C03 650.012 99.79622
C03 675.004 99.510345
C03 700.03 98.93121
C03 725.012 98.581375
C03 750.022 98.46372
C03 774.987 98.022675
C03 799.976 97.15176
C03 824.988 95.45148
C03 850.022 93.27611
C03 869.967 90.02566
C03 875.002 89.32326
C03 899.999 82.12974
C03 919.999 73.90461
C03 925.012 71.10155
C03 949.965 57.25096
C03 975.002 42.217564
C03 999.976 25.563032
C03 1025.028 10.910085
C03 1050.014 3.8340688
C03 1075.002 2.0924366
C03 1099.99 1.6752288
C17 319.994 46.23001
C17 324.969 52.272465
C17 349.982 78.688416
C17 374.975 82.79253
C17 400.019 87.75951
C17 424.965 87.751724
C17 450.035 89.14478
C17 475.003 91.9147
C17 500.018 92.938446
C17 525.002 95.282776
C17 550.029 97.34913
C17 575.023 97.33886
C17 599.982 99.12001
C17 619.997 98.71336
C17 624.979 99.06028
C17 650.012 99.45013
C17 675.004 99.157425
C17 700.03 98.589
C17 725.012 98.27088
C17 750.022 98.184074
C17 774.987 97.77394
C17 799.976 96.909294
C17 824.988 95.21821
C17 850.022 92.943
C17 869.967 89.82624
C17 875.002 89.18416
C17 899.999 81.76834
C17 919.999 73.152145
C17 925.012 70.34725
C17 949.965 57.241074
C17 975.002 42.372787
C17 999.976 25.501516
C17 1025.028 10.878273
C17 1050.014 3.8033068
C17 1075.002 2.1080317
C17 1099.99 1.6876653
C00 319.994 45.57694
C00 324.969 51.527046
C00 349.982 77.3112
C00 374.975 81.45924
C00 400.019 87.102005
C00 424.965 87.45033
C00 450.035 89.02623
C00 475.003 91.91893
C00 500.018 93.00992
C00 525.002 95.40284
C00 550.029 97.49506
C00 575.023 97.49828
C00 599.982 99.2864
C00 619.997 98.88482
C00 624.979 99.22665
C00 650.012 99.61773
C00 675.004 99.32077
C00 700.03 98.74042
C00 725.012 98.405975
C00 750.022 98.30508
C00 774.987 97.891754
C00 799.976 97.02316
C00 824.988 95.306854
C00 850.022 93.119675
C00 869.967 89.90937
C00 875.002 89.20656
C00 899.999 81.90053
C00 919.999 73.66977
C00 925.012 70.91495
C00 949.965 57.315125
C00 975.002 42.160183
C00 999.976 25.494854
C00 1025.028 10.88169
C00 1050.014 3.863832
C00 1075.002 2.1154401
C00 1099.99 1.6741873
C16 319.994 46.37714
C16 324.969 52.444275
C16 349.982 79.09296
C16 374.975 83.20768
C16 400.019 87.98517
C16 424.965 87.875755
C16 450.035 89.21111
C16 475.003 91.95179
C16 500.018 92.958176
C16 525.002 95.29019
C16 550.029 97.35345
C16 575.023 97.346214
C16 599.982 99.13092
C16 619.997 98.7318
C16 624.979 99.078896
C16 650.012 99.47413
C16 675.004 99.18842
C16 700.03 98.62019
C16 725.012 98.29298
C16 750.022 98.19822
C16 774.987 97.773056
C16 799.976 96.908005
C16 824.988 95.22747
C16 850.022 92.965
C16 869.967 89.8673
C16 875.002 89.222946
C16 899.999 81.79471
C16 919.999 73.274895
C16 925.012 70.476105
C16 949.965 57.34712
C16 975.002 42.376263
C16 999.976 25.47975
C16 1025.028 10.869118
C16 1050.014 3.7944257
C16 1075.002 2.1074739
C16 1099.99 1.687976
C15 319.994 46.745445
C15 324.969 52.855633
C15 349.982 79.58728
C15 374.975 83.57366
C15 400.019 88.2896
C15 424.965 88.15764
C15 450.035 89.4854
C15 475.003 92.23406
C15 500.018 93.23614
C15 525.002 95.57316
C15 550.029 97.63249
C15 575.023 97.61365
C15 599.982 99.39587
C15 619.997 98.98662
C15 624.979 99.332
C15 650.012 99.72143
C15 675.004 99.428665
C15 700.03 98.8487
C15 725.012 98.507774
C15 750.022 98.39363
C15 774.987 97.95377
C15 799.976 97.08018
C15 824.988 95.40531
C15 850.022 93.126114
C15 869.967 90.02956
C15 875.002 89.39256
C15 899.999 82.03064
C15 919.999 73.49182
C15 925.012 70.67814
C15 949.965 57.45544
C15 975.002 42.482994
C15 999.976 25.544792
C15 1025.028 10.915325
C15 1050.014 3.7977366
C15 1075.002 2.1044133
C15 1099.99 1.6866635
C13 319.994 46.8337
C13 324.969 52.969505
C13 349.982 79.981224
C13 374.975 83.97254
C13 400.019 88.44087
C13 424.965 88.17438
C13 450.035 89.432945
C13 475.003 92.13672
C13 500.018 93.11538
C13 525.002 95.43903
C13 550.029 97.499565
C13 575.023 97.4891
C13 599.982 99.2792
C13 619.997 98.881134
C13 624.979 99.22927
C13 650.012 99.62804
C13 675.004 99.34776
C13 700.03 98.778206
C13 725.012 98.43946
C13 750.022 98.33834
C13 774.987 97.90282
C13 799.976 97.03831
C13 824.988 95.35976
C13 850.022 93.136566
C13 869.967 90.00502
C13 875.002 89.32608
C13 899.999 81.94372
C13 919.999 73.515015
C13 925.012 70.731445
C13 949.965 57.39779
C13 975.002 42.216915
C13 999.976 25.519382
C13 1025.028 10.881252
C13 1050.014 3.8028111
C13 1075.002 2.0916924
C13 1099.99 1.6769953
C12 319.994 46.97918
C12 324.969 53.131725
C12 349.982 80.149445
C12 374.975 84.04236
C12 400.019 88.434425
C12 424.965 88.1444
C12 450.035 89.39243
C12 475.003 92.0834
C12 500.018 93.05817
C12 525.002 95.37675
C12 550.029 97.43275
C12 575.023 97.41208
C12 599.982 99.19859
C12 619.997 98.79247
C12 624.979 99.14033
C12 650.012 99.5315
C12 675.004 99.249016
C12 700.03 98.67987
C12 725.012 98.34531
C12 750.022 98.25316
C12 774.987 97.83263
C12 799.976 96.96958
C12 824.988 95.28657
C12 850.022 93.08642
C12 869.967 89.89603
C12 875.002 89.20176
C12 899.999 81.89971
C12 919.999 73.50554
C12 925.012 70.7107
C12 949.965 57.248543
C12 975.002 42.12754
C12 999.976 25.534754
C12 1025.028 10.89045
C12 1050.014 3.8177795
C12 1075.002 2.0820076
C12 1099.99 1.6731077
C01 319.994 45.748955
C01 324.969 51.731438
C01 349.982 77.87681
C01 374.975 82.11801
C01 400.019 87.51897
C01 424.965 87.72622
C01 450.035 89.22506
C01 475.003 92.069336
C01 500.018 93.14305
C01 525.002 95.52381
C01 550.029 97.61882
C01 575.023 97.62675
C01 599.982 99.43063
C01 619.997 99.03285
C01 624.979 99.379265
C01 650.012 99.78116
C01 675.004 99.49548
C01 700.03 98.922424
C01 725.012 98.584206
C01 750.022 98.47755
C01 774.987 98.05178
C01 799.976 97.18429
C01 824.988 95.47525
C01 850.022 93.28664
C01 869.967 90.09265
C01 875.002 89.39111
C01 899.999 82.07971
C01 919.999 73.854515
C01 925.012 71.08572
C01 949.965 57.45793
C01 975.002 42.245075
C01 999.976 25.543846
C01 1025.028 10.878756
C01 1050.014 3.8450565
C01 1075.002 2.1107843
C01 1099.99 1.6794677
