lsstCam/transmission_filter_detector/r31_s01/i_39/19700101T000000.ecsv
# %ECSV 1.0
# ---
# datatype:
# - {name: wavelength, unit: nm, datatype: float32}
# - {name: efficiency, unit: '%', datatype: float64}
# meta: !!omap
# - {MODE: DETECTOR}
# - {TYPE: transmission_filter_detector}
# - {CALIBDATE: '1970-01-01T00:00:00'}
# - {INSTRUME: LSSTCam}
# - {OBSTYPE: transmission_filter_detector}
# - {CALIBCLS: lsst.ip.isr.IntermediateFilterDetectorTransmissionCurve}
# - {SOURCE: Materion (DM-46256)}
# - {DETECTOR: 127}
# - {FILTER: i_39}
# - {CALIB_ID: 'calibDate=1970-01-01T00:00:00 filter=i_39 detector=127'}
# - {DATE: '2025-04-02T15:59:47.068343'}
# - {CALIB_CREATION_DATE: '2025-04-02'}
# - {CALIB_CREATION_TIME: '15:59:47'}
# - __serialized_columns__:
#     efficiency:
#       __class__: astropy.units.quantity.Quantity
#       unit: !astropy.units.Unit {unit: '%'}
#       value: !astropy.table.SerializedColumn {name: efficiency}
#     wavelength:
#       __class__: astropy.units.quantity.Quantity
#       unit: !astropy.units.Unit {unit: nm}
#       value: !astropy.table.SerializedColumn {name: wavelength}
# schema: astropy-2.0
wavelength efficiency
300.0 1.5814026520580282e-10
301.0 1.5814026520580282e-10
302.0 1.5814026520580282e-10
303.0 1.5814026520580282e-10
304.0 1.5814026520580282e-10
305.0 1.5814026520580282e-10
306.0 0.0056805842177709565
307.0 0.007868942338973284
308.0 0.010057300823973492
309.0 0.007194947102107108
310.0 0.004332591925049201
311.0 0.002034906174230855
312.0 1.5814026520580282e-10
313.0 1.5814026520580282e-10
314.0 1.5814026520580282e-10
315.0 1.5814026520580282e-10
316.0 1.5814026520580282e-10
317.0 1.5814026520580282e-10
318.0 1.5814026520580282e-10
319.0 0.0038660211430396885
320.0 0.007879322220105678
321.0 0.0039620339521206915
322.0 4.4743350713360996e-05
323.0 0.0021516398192034103
324.0 0.004258533954271115
325.0 0.0017121208657044917
326.0 1.5814026520580282e-10
327.0 0.00017210596752192941
328.0 0.001178505590360146
329.0 0.0018399879991193302
330.0 0.0025014704078785144
331.0 0.0026941081159748137
332.0 0.002886744732677471
333.0 0.0031328017939813435
334.0 0.0033788586733862758
335.0 0.0009656047950556967
336.0 1.5814026520580282e-10
337.0 1.5814026520580282e-10
338.0 0.0004972699116478907
339.0 0.0003989533524872968
340.0 0.0003006372025993187
341.0 0.00010620491366353235
342.0 1.5814026520580282e-10
343.0 0.001073725798050873
344.0 0.002235678766737692
345.0 0.0015534902559011243
346.0 0.0008713018360140268
347.0 1.5814026520580282e-10
348.0 1.5814026520580282e-10
349.0 1.5814026520580282e-10
350.0 0.00034975153084815247
351.0 1.5814026520580282e-10
352.0 1.5814026520580282e-10
353.0 1.5814026520580282e-10
354.0 1.5814026520580282e-10
355.0 1.5814026520580282e-10
356.0 0.00021350288079702295
357.0 0.0002497883315299987
358.0 0.0002860738277377095
359.0 0.00011201428833373939
360.0 1.5814026520580282e-10
361.0 1.5814026520580282e-10
362.0 1.5814026520580282e-10
363.0 1.5814026520580282e-10
364.0 1.5814026520580282e-10
365.0 1.5814026520580282e-10
366.0 1.5814026520580282e-10
367.0 0.000878515129443258
368.0 0.00176889770955313
369.0 0.0007181665296229767
370.0 1.5814026520580282e-10
371.0 1.5814026520580282e-10
372.0 1.5814026520580282e-10
373.0 1.5814026520580282e-10
374.0 0.00033966716728173196
375.0 0.0004182496923021972
376.0 0.0004968322173226625
377.0 0.00013586844715973712
378.0 1.5814026520580282e-10
379.0 0.0002475298515491886
380.0 0.0007201547305157874
381.0 8.485860121254518e-05
382.0 1.5814026520580282e-10
383.0 1.5814026520580282e-10
384.0 2.892888915084768e-05
385.0 0.0002309264573341352
386.0 0.0004329241164668929
387.0 0.0001118736349781102
388.0 1.5814026520580282e-10
389.0 1.5814026520580282e-10
390.0 1.5814026520580282e-10
391.0 1.5814026520580282e-10
392.0 1.5814026520580282e-10
393.0 1.5814026520580282e-10
394.0 1.2303890173370746e-05
395.0 0.0004918259946862236
396.0 0.0009713480721984524
397.0 0.0010063586159958504
398.0 0.0010413692507427186
399.0 0.0013030135050939862
400.0 0.0015646577594452538
401.0 0.002236488762719091
402.0 0.0029083192202961072
403.0 0.0034476346627343446
404.0 0.003986950832768343
405.0 0.003828453191090375
406.0 0.0036699559132102877
407.0 0.003976851803599857
408.0 0.004283748057787307
409.0 0.004812356201000512
410.0 0.005340963980415836
411.0 0.006094320633565076
412.0 0.006847677286714315
413.0 0.005311641871230677
414.0 0.003775606455747038
415.0 0.00284261168417288
416.0 0.001909617094497662
417.0 0.00345516818924807
418.0 0.005000718738301657
419.0 0.004443275247467682
420.0 0.0038858306652400643
421.0 0.004001129855168983
422.0 0.004116429408895783
423.0 0.004294463724363595
424.0 0.004472498403629288
425.0 0.004908568007522263
426.0 0.005344637975213118
427.0 0.005133801460033283
428.0 0.004922965308651328
429.0 0.004770533269038424
430.0 0.0046181015932234
431.0 0.004027575778309256
432.0 0.0034370499633951113
433.0 0.0031490963010583073
434.0 0.0028611428206204437
435.0 0.0028532329451991245
436.0 0.0028453227059799246
437.0 0.0021619929611915722
438.0 0.00147866330735269
439.0 0.0015703937606303953
440.0 0.001662124486756511
441.0 0.0017012554963002913
442.0 0.0017403866877430119
443.0 0.0021624116925522685
444.0 0.002584436515462585
445.0 0.00169459108292358
446.0 0.0008047459232329857
447.0 0.0005818638783239294
448.0 0.0003589818334148731
449.0 0.0006171055247250479
450.0 0.0008752291250857525
451.0 0.0009021622645377647
452.0 0.0009290952220908366
453.0 0.0011669809282466304
454.0 0.0014048663615540136
455.0 0.0013991835658089258
456.0 0.0013935009519627783
457.0 0.00079243127402151
458.0 0.00019136155060550664
459.0 0.0004130988600081764
460.0 0.0006348361694108462
461.0 0.0006818516794737661
462.0 0.000728867144061951
463.0 0.0004661445927922614
464.0 0.00020342206425993936
465.0 0.0003453242470641271
466.0 0.0004872264526056824
467.0 0.0005741285804106155
468.0 0.0006610306172660785
469.0 0.0007950354302010965
470.0 0.0009290402886108495
471.0 0.0008437101314484607
472.0 0.0007583802471344825
473.0 0.0009419639354746323
474.0 0.001125547532865312
475.0 0.0006710472462145844
476.0 0.00021654684587701922
477.0 0.0001914448375828215
478.0 0.00016634268149573472
479.0 0.0013054224837105721
480.0 0.002444502570142504
481.0 0.0028391688829287887
482.0 0.003233835377614014
483.0 0.0042167212086496875
484.0 0.005199607039685361
485.0 0.006797561945859343
486.0 0.008395515033043921
487.0 0.010844224743777886
488.0 0.013292931544128805
489.0 0.015738519141450524
490.0 0.018184106738772243
491.0 0.02085149026243016
492.0 0.023518876696471125
493.0 0.02506021410226822
494.0 0.026601552963256836
495.0 0.024105198099277914
496.0 0.0216088374145329
497.0 0.01800543541321531
498.0 0.014402034867089242
499.0 0.010010399273596704
500.0 0.005618766226689331
501.0 0.003942039256799035
502.0 0.0022653119231108576
503.0 0.002037910235230811
504.0 0.001810508365451824
505.0 0.0019923989384551533
506.0 0.0021742893295595422
507.0 0.0023633514501852915
508.0 0.002552413752709981
509.0 0.002351404691580683
510.0 0.002150395630451385
511.0 0.0019937442630180158
512.0 0.0018370934412814677
513.0 0.001763894033501856
514.0 0.0016906948076211847
515.0 0.0019096352843916975
516.0 0.0021285757611622103
517.0 0.0021555433704634197
518.0 0.002182510979764629
519.0 0.0021019895939389244
520.0 0.0020214682081132196
521.0 0.001886538120743353
522.0 0.0017516080333734863
523.0 0.001698065534583293
524.0 0.0016445230357930996
525.0 0.002115022834914271
526.0 0.0025855228159343824
527.0 0.0028102649594075046
528.0 0.0030350069209816866
529.0 0.002770055471046362
530.0 0.0025051038392120972
531.0 0.0023080356186255813
532.0 0.002110967761836946
533.0 0.0019066752429353073
534.0 0.0017023830878315493
535.0 0.0018859611373045482
536.0 0.0020695393686764874
537.0 0.002922977182606701
538.0 0.003776414814637974
539.0 0.004357327634352259
540.0 0.004938240454066545
541.0 0.005121495996718295
542.0 0.0053047522669658065
543.0 0.005275158036965877
544.0 0.005245564170763828
545.0 0.004098693170817569
546.0 0.00295182217087131
547.0 0.0023957481971592642
548.0 0.001839674405346159
549.0 0.0016173709809663706
550.0 0.0013950678294349927
551.0 0.0016709494957467541
552.0 0.0019468310711090453
553.0 0.0018898532289313152
554.0 0.0018328755686525255
555.0 0.001229890767717734
556.0 0.0006269060122576775
557.0 0.0007755807018838823
558.0 0.000924255346035352
559.0 0.000677293701301096
560.0 0.0004303321020415751
561.0 0.0010812402251758613
562.0 0.0017321484847343527
563.0 0.0016895644876058213
564.0 0.0016469801266794093
565.0 0.001574425186845474
566.0 0.0015018702470115386
567.0 0.0011095685295003932
568.0 0.0007172667665145127
569.0 0.0007978112080309074
570.0 0.0008783556950220373
571.0 0.0006276974545471603
572.0 0.000377039032173343
573.0 0.0006307753665169002
574.0 0.0008845117918099277
575.0 0.0006529329766635783
576.0 0.0004213542524666991
577.0 0.00046274062697193585
578.0 0.0005041271379013779
579.0 0.000506834248881205
580.0 0.0005095415417599725
581.0 0.000530029637957341
582.0 0.0005505177796294447
583.0 0.0004963458195561543
584.0 0.00044217381400812883
585.0 0.0005712204711016966
586.0 0.0007002671281952644
587.0 0.0005786990186607
588.0 0.0004571309546008706
589.0 0.0005832388524140697
590.0 0.000709346841176739
591.0 0.0005105768195790006
592.0 0.0003118067525065271
593.0 0.00043368208935135044
594.0 0.0005555574261961738
595.0 0.0004035998699691845
596.0 0.00025164231374219526
597.0 0.00040109430301527027
598.0 0.0005505462468136102
599.0 0.0004477384663914563
600.0 0.0003449307314440375
601.0 0.0003431744062254438
602.0 0.0003414180810068501
603.0 0.0002239341483800672
604.0 0.00010645018164723297
605.0 0.00013696268297280767
606.0 0.00016747515019233106
607.0 0.00039169703995867167
608.0 0.0006159189524623798
609.0 0.0005271239388093818
610.0 0.0004383289251563838
611.0 0.00048697474994696677
612.0 0.0005356205747375498
613.0 0.0004805684056918835
614.0 0.0004255162821209524
615.0 0.0004319071194913704
616.0 0.0004382979568617884
617.0 0.0003834644303424284
618.0 0.00032863094929780345
619.0 0.00029769696539005963
620.0 0.00026676300421968335
621.0 0.00021835458028363064
622.0 0.0001699461677162617
623.0 0.0002858972493413603
624.0 0.00040184827412304003
625.0 0.00030755463740206324
626.0 0.00021326100068108644
627.0 0.00034032798339467263
628.0 0.0004673949206335237
629.0 0.0003849436325253919
630.0 0.0003024923216798925
631.0 0.00040208042264566757
632.0 0.0005016683189751348
633.0 0.0004254789473634446
634.0 0.0003492894393275492
635.0 0.00034860140658565797
636.0 0.00034791337384376675
637.0 0.0004362183972261846
638.0 0.0005245232841843972
639.0 0.0006666745321126655
640.0 0.0008088258255156688
641.0 0.0006772748292860342
642.0 0.0005457239240058698
643.0 0.0005932927706453484
644.0 0.0006408615718100918
645.0 0.0006497429239971098
646.0 0.0006586243216588628
647.0 0.0006118129476817558
648.0 0.0005650016191793839
649.0 0.000596383370066178
650.0 0.0006277651664277073
651.0 0.0007876848940213677
652.0 0.000947604621615028
653.0 0.0008734044058655854
654.0 0.000799204281065613
655.0 0.0013064492122794036
656.0 0.0018136939615942538
657.0 0.002878994018828962
658.0 0.0039442937122657895
659.0 0.006282245885813609
660.0 0.08340503554791212
661.0 0.09914579568430781
662.0 0.07425229996442795
663.0 0.15279174549505115
664.0 0.07102926610969007
665.0 0.12566082878038287
666.0 0.1843536738306284
667.0 0.2096999902278185
668.0 0.20489804446697235
669.0 0.34815301187336445
670.0 0.4268087912350893
671.0 0.6541355047374964
672.0 0.9721915237605572
673.0 1.584131084382534
674.0 2.3239724338054657
675.0 3.3170759677886963
676.0 4.462631419301033
677.0 5.753118172287941
678.0 7.090674340724945
679.0 8.64935889840126
680.0 10.661910474300385
681.0 12.81929761171341
682.0 15.424171090126038
683.0 18.154047429561615
684.0 21.11768126487732
685.0 24.0201398730278
686.0 27.04387605190277
687.0 30.360427498817444
688.0 33.71306657791138
689.0 37.19378709793091
690.0 41.10410213470459
691.0 45.55529057979584
692.0 50.66156983375549
693.0 56.06951117515564
694.0 62.17389106750488
695.0 67.92431473731995
696.0 74.18355941772461
697.0 79.63631749153137
698.0 85.29615998268127
699.0 89.39617872238159
700.0 92.46553778648376
701.0 94.67982649803162
702.0 96.2165117263794
703.0 97.1173107624054
704.0 97.2912609577179
705.0 97.72045612335205
706.0 97.68699407577515
707.0 97.74820804595947
708.0 97.7849006652832
709.0 97.79006838798523
710.0 97.59954810142517
711.0 97.8239119052887
712.0 97.85261750221252
713.0 97.92697429656982
714.0 97.97976016998291
715.0 98.10166358947754
716.0 97.841477394104
717.0 98.04171323776245
718.0 98.0464220046997
719.0 98.07091355323792
720.0 98.23814034461975
721.0 98.12977313995361
722.0 97.82820343971252
723.0 97.50069379806519
724.0 97.19519019126892
725.0 97.00828194618225
726.0 96.75860404968262
727.0 96.64101004600525
728.0 96.3909924030304
729.0 96.23072743415833
730.0 96.25701904296875
731.0 96.35507464408875
732.0 96.44763469696045
733.0 96.73016667366028
734.0 97.0738172531128
735.0 97.27231860160828
736.0 97.70795702934265
737.0 98.08478355407715
738.0 98.21875095367432
739.0 98.58972430229187
740.0 98.68481159210205
741.0 98.56151938438416
742.0 98.82404804229736
743.0 98.62608313560486
744.0 98.42674136161804
745.0 98.47864508628845
746.0 98.50490689277649
747.0 98.67481589317322
748.0 98.5192060470581
749.0 98.44303727149963
750.0 98.42038154602051
751.0 98.34402799606323
752.0 98.26359748840332
753.0 98.45100045204163
754.0 98.37597608566284
755.0 98.56482744216919
756.0 98.5602855682373
757.0 98.5700011253357
758.0 98.63945245742798
759.0 98.64181876182556
760.0 98.61242175102234
761.0 98.55014085769653
762.0 98.62644076347351
763.0 98.58852624893188
764.0 98.4314501285553
765.0 98.34342002868652
766.0 98.33526015281677
767.0 98.18317294120789
768.0 98.17328453063965
769.0 98.21844696998596
770.0 97.9523777961731
771.0 97.95738458633423
772.0 97.98575639724731
773.0 97.87929654121399
774.0 97.72762656211853
775.0 97.74693846702576
776.0 97.68581986427307
777.0 97.73257374763489
778.0 97.85879254341125
779.0 97.87420630455017
780.0 97.75760173797607
781.0 98.19345474243164
782.0 98.26955795288086
783.0 98.26194643974304
784.0 98.30254316329956
785.0 98.38780760765076
786.0 98.63119721412659
787.0 98.19521903991699
788.0 98.30007553100586
789.0 98.35708141326904
790.0 98.28979969024658
791.0 98.42659831047058
792.0 98.1858491897583
793.0 98.04038405418396
794.0 98.01729321479797
795.0 97.86072373390198
796.0 97.90700078010559
797.0 97.90101647377014
798.0 97.827810049057
799.0 97.69228100776672
800.0 97.44539260864258
801.0 97.49231934547424
802.0 97.31277823448181
803.0 96.96409106254578
804.0 96.66460752487183
805.0 95.9414005279541
806.0 95.16656994819641
807.0 93.88834238052368
808.0 92.45471954345703
809.0 90.77996611595154
810.0 88.74905705451965
811.0 86.23023629188538
812.0 83.2024872303009
813.0 79.89132404327393
814.0 76.03865265846252
815.0 71.73724174499512
816.0 67.52813458442688
817.0 62.830984592437744
818.0 57.92401432991028
819.0 53.735220432281494
820.0 48.95040690898895
821.0 44.516539573669434
822.0 40.157127380371094
823.0 35.568562150001526
824.0 30.893981456756592
825.0 26.65007710456848
826.0 22.172904014587402
827.0 17.635071277618408
828.0 13.580322265625
829.0 9.956571459770203
830.0 6.636629998683929
831.0 4.424549266695976
832.0 2.6415716856718063
833.0 1.5643861144781113
834.0 0.9242837317287922
835.0 0.5625552497804165
836.0 0.31439808662980795
837.0 0.15200487105175853
838.0 0.08635522099211812
839.0 0.07673288928344846
840.0 0.040270041790790856
841.0 0.0038373429561033845
842.0 0.017872778698801994
843.0 0.012037292617605999
844.0 0.012733896437566727
845.0 1.5814026520580282e-10
846.0 1.5814026520580282e-10
847.0 1.5814026520580282e-10
848.0 1.5814026520580282e-10
849.0 1.5814026520580282e-10
850.0 1.5814026520580282e-10
851.0 0.0016144864275702275
852.0 0.0027008558390662074
853.0 0.0019710909327841364
854.0 0.0012413262084010057
855.0 0.0005468624749482842
856.0 1.5814026520580282e-10
857.0 0.00016929649291341775
858.0 0.00048619413064443506
859.0 0.00011939391697524115
860.0 1.5814026520580282e-10
861.0 1.5814026520580282e-10
862.0 1.5814026520580282e-10
863.0 1.5814026520580282e-10
864.0 1.5814026520580282e-10
865.0 1.5814026520580282e-10
866.0 1.5814026520580282e-10
867.0 1.5814026520580282e-10
868.0 1.5814026520580282e-10
869.0 1.5814026520580282e-10
870.0 1.5814026520580282e-10
871.0 1.0480324164063859e-05
872.0 0.000112041152533493
873.0 5.9162090337849804e-05
874.0 6.282985509642458e-06
875.0 1.5814026520580282e-10
876.0 1.5814026520580282e-10
877.0 1.5814026520580282e-10
878.0 3.459724666754482e-05
879.0 1.3339175097826228e-06
880.0 1.5814026520580282e-10
881.0 7.902189622654987e-05
882.0 0.00018997313873114763
883.0 1.774441074076094e-05
884.0 1.5814026520580282e-10
885.0 1.5814026520580282e-10
886.0 1.5814026520580282e-10
887.0 1.5814026520580282e-10
888.0 1.5814026520580282e-10
889.0 1.5814026520580282e-10
890.0 3.5622716154648515e-05
891.0 4.3458641130200704e-05
892.0 5.129457463226572e-05
893.0 1.5814026520580282e-10
894.0 1.5814026520580282e-10
895.0 1.5814026520580282e-10
