lsstCam/transmission_filter_detector/r31_s01/i_39/19700101T000000.ecsv
# %ECSV 1.0
# ---
# datatype:
# - {name: wavelength, unit: nm, datatype: float32}
# - {name: efficiency, unit: '%', datatype: float64}
# meta: !!omap
# - {MODE: DETECTOR}
# - {TYPE: transmission_filter_detector}
# - {CALIBDATE: '1970-01-01T00:00:00'}
# - {INSTRUME: LSSTCam}
# - {OBSTYPE: transmission_filter_detector}
# - {CALIBCLS: lsst.ip.isr.IntermediateFilterDetectorTransmissionCurve}
# - {SOURCE: Materion (DM-46256)}
# - {DETECTOR: 127}
# - {FILTER: i_39}
# - {CALIB_ID: 'calibDate=1970-01-01T00:00:00 filter=i_39 detector=127'}
# - {DATE: '2025-04-02T15:59:47.068343'}
# - {CALIB_CREATION_DATE: '2025-04-02'}
# - {CALIB_CREATION_TIME: '15:59:47'}
# - __serialized_columns__:
#     efficiency:
#       __class__: astropy.units.quantity.Quantity
#       unit: !astropy.units.Unit {unit: '%'}
#       value: !astropy.table.SerializedColumn {name: efficiency}
#     wavelength:
#       __class__: astropy.units.quantity.Quantity
#       unit: !astropy.units.Unit {unit: nm}
#       value: !astropy.table.SerializedColumn {name: wavelength}
# schema: astropy-2.0
wavelength efficiency
[from data line 597]
897.0 1.5814026520580282e-10
898.0 1.7915820649250236e-05
899.0 1.5814026520580282e-10
900.0 1.5814026520580282e-10
901.0 1.5814026520580282e-10
902.0 1.5814026520580282e-10
903.0 1.5814026520580282e-10
904.0 1.8062418405406788e-05
905.0 2.4223206196438696e-05
906.0 3.038402951460739e-05
907.0 1.5814026520580282e-10
908.0 1.5814026520580282e-10
909.0 1.5814026520580282e-10
910.0 0.00015252059029080556
911.0 0.0001109985987568507
912.0 6.947659016987018e-05
913.0 1.5814026520580282e-10
914.0 1.5814026520580282e-10
915.0 1.5814026520580282e-10
916.0 2.5455398144913488e-05
917.0 1.5814026520580282e-10
918.0 1.5814026520580282e-10
919.0 1.5814026520580282e-10
920.0 1.1976075597885938e-05
921.0 6.679326247649442e-06
922.0 1.382559133844552e-06
923.0 1.5814026520580282e-10
924.0 1.5814026520580282e-10
925.0 1.5814026520580282e-10
926.0 4.104128947801655e-06
927.0 1.5814026520580282e-10
928.0 1.5814026520580282e-10
929.0 1.5814026520580282e-10
930.0 3.556476428911992e-05
931.0 2.511681600481097e-05
932.0 1.4668890457869566e-05
933.0 1.5814026520580282e-10
934.0 1.5814026520580282e-10
935.0 1.5814026520580282e-10
936.0 3.19863090680883e-05
937.0 1.5814026520580282e-10
938.0 1.5814026520580282e-10
939.0 1.5814026520580282e-10
940.0 1.5814026520580282e-10
941.0 1.5814026520580282e-10
942.0 0.00018714717953116633
943.0 0.0001428775021850015
944.0 9.860777936410159e-05
945.0 1.5814026520580282e-10
946.0 1.5814026520580282e-10
947.0 1.5814026520580282e-10
948.0 0.00010006333468481898
949.0 5.7172479728251346e-05
950.0 1.4281664562076912e-05
951.0 1.5814026520580282e-10
952.0 1.5814026520580282e-10
953.0 3.189535107139818e-05
954.0 8.334249059771537e-05
955.0 3.7423339449560444e-05
956.0 1.5814026520580282e-10
957.0 4.5583220753542264e-05
958.0 9.966223615265335e-05
959.0 0.00010876079841182218
960.0 0.00011785934930230724
961.0 0.00013214096270530717
962.0 0.00014642256473962334
963.0 0.00025593076315999497
964.0 0.00036543901842378546
965.0 0.00023815980512154056
966.0 0.0001108806145566632
967.0 1.5814026520580282e-10
968.0 1.5814026520580282e-10
969.0 1.5814026520580282e-10
970.0 1.5814026520580282e-10
971.0 1.5814026520580282e-10
972.0 1.5814026520580282e-10
973.0 1.803876870098975e-05
974.0 0.00011704192957040505
975.0 9.094591177927214e-05
976.0 6.484987693511357e-05
977.0 0.00015926380001474172
978.0 0.00025367769467266044
979.0 0.00012580582051668898
980.0 1.5814026520580282e-10
981.0 1.5814026520580282e-10
982.0 1.5814026520580282e-10
983.0 1.5814026520580282e-10
984.0 1.5814026520580282e-10
985.0 1.5814026520580282e-10
986.0 1.5814026520580282e-10
987.0 1.5814026520580282e-10
988.0 1.5814026520580282e-10
989.0 1.5814026520580282e-10
990.0 9.5391283139179e-05
991.0 0.00020705176666524494
992.0 0.00031871227292867843
993.0 0.0001846919985837303
994.0 5.0671718554440304e-05
995.0 5.854002438354655e-05
996.0 6.640834158133657e-05
997.0 3.2505789704373456e-05
998.0 1.5814026520580282e-10
999.0 3.57558946006975e-05
1000.0 7.2908534320959e-05
1001.0 0.00020105671865167096
1002.0 0.0003292048631919897
1003.0 0.00024619937448733253
1004.0 0.00016319387441399158
1005.0 0.00012041067520840443
1006.0 7.762747031847539e-05
1007.0 1.5814026520580282e-10
1008.0 1.5814026520580282e-10
1009.0 4.545759964003082e-05
1010.0 0.00019743654320336645
1011.0 0.00020754807792400243
1012.0 0.00021765963538200594
1013.0 0.00023008035441307584
1014.0 0.00024250107344414573
1015.0 0.00017216211745108012
1016.0 0.00010182322967011714
1017.0 0.00012665129816014087
1018.0 0.00015147941212489968
1019.0 2.4016128463699715e-05
1020.0 1.5814026520580282e-10
1021.0 3.128089645088039e-05
1022.0 0.00016600893104623538
1023.0 0.00016037911336752586
1024.0 0.00015474930705750012
1025.0 0.00021638265934598166
1026.0 0.0002780160912152496
1027.0 0.0004990470188204199
1028.0 0.0007200779236882227
1029.0 0.0009065744961844757
1030.0 0.0010930709322565235
1031.0 0.0016244906873907894
1032.0 0.002155910260626115
1033.0 0.002321130523341708
1034.0 0.002486351331754122
1035.0 0.0029012580853304826
1036.0 0.0033161650208057836
1037.0 0.0032163621654035524
1038.0 0.003116559673799202
1039.0 0.003031955384358298
1040.0 0.0029473512768163346
1041.0 0.002735408088483382
1042.0 0.00252346508204937
1043.0 0.002939386831712909
1044.0 0.0033553093089722097
1045.0 0.0031798630516277626
1046.0 0.003004416612384375
1047.0 0.0031946390663506463
1048.0 0.003384861702215858
1049.0 0.0030309234716696665
1050.0 0.002676985241123475
1051.0 0.0023376793251372874
1052.0 0.00199837359105004
1053.0 0.0016030046026571654
1054.0 0.0012076355233148206
1055.0 0.0010296284017385915
1056.0 0.000851621098263422
1057.0 0.0006931444204383297
1058.0 0.0005346678335627075
1059.0 0.0008415719094045926
1060.0 0.0011484759852464776
1061.0 0.0009860125828708988
1062.0 0.0008235491804953199
1063.0 0.0014406765330932103
1064.0 0.002057803976640571
1065.0 0.00288732389890356
1066.0 0.0037168436392676085
1067.0 0.004648278627428226
1068.0 0.005579713615588844
1069.0 0.0050660753913689405
1070.0 0.004552436439553276
1071.0 0.00432975466537755
1072.0 0.004107072527403943
1073.0 0.003278855001553893
1074.0 0.0024506376576027833
1075.0 0.002604557084850967
1076.0 0.00275847614830127
1077.0 0.0028985674362047575
1078.0 0.003038658542209305
1079.0 0.0029572782295872457
1080.0 0.0028758977350662462
1081.0 0.0020650584701797925
1082.0 0.001254219387192279
1083.0 0.0008696843906363938
1084.0 0.00048514962145418394
1085.0 1.5814026520580282e-10
1086.0 1.5814026520580282e-10
1087.0 1.5814026520580282e-10
1088.0 0.0006100971859268611
1089.0 0.0005062416676082648
1090.0 0.0004023862402391387
1091.0 0.0002515549340387224
1092.0 0.00010072368468172499
1093.0 1.5814026520580282e-10
1094.0 1.5814026520580282e-10
1095.0 1.5814026520580282e-10
1096.0 1.5814026520580282e-10
1097.0 1.5814026520580282e-10
1098.0 1.5814026520580282e-10
1099.0 1.5814026520580282e-10
1100.0 0.000447096044808859
