lsstCam/transmission_filter_detector/r20_s01/z_20/19700101T000000.ecsv
# %ECSV 1.0
# ---
# datatype:
# - {name: wavelength, unit: nm, datatype: float32}
# - {name: efficiency, unit: '%', datatype: float64}
# meta: !!omap
# - {MODE: DETECTOR}
# - {TYPE: transmission_filter_detector}
# - {CALIBDATE: '1970-01-01T00:00:00'}
# - {INSTRUME: LSSTCam}
# - {OBSTYPE: transmission_filter_detector}
# - {CALIBCLS: lsst.ip.isr.IntermediateFilterDetectorTransmissionCurve}
# - {SOURCE: Materion (DM-46256)}
# - {DETECTOR: 73}
# - {FILTER: z_20}
# - {CALIB_ID: 'calibDate=1970-01-01T00:00:00 filter=z_20 detector=73'}
# - {DATE: '2025-04-02T15:59:48.976635'}
# - {CALIB_CREATION_DATE: '2025-04-02'}
# - {CALIB_CREATION_TIME: '15:59:48'}
# - __serialized_columns__:
#     efficiency:
#       __class__: astropy.units.quantity.Quantity
#       unit: !astropy.units.Unit {unit: '%'}
#       value: !astropy.table.SerializedColumn {name: efficiency}
#     wavelength:
#       __class__: astropy.units.quantity.Quantity
#       unit: !astropy.units.Unit {unit: nm}
#       value: !astropy.table.SerializedColumn {name: wavelength}
# schema: astropy-2.0
wavelength efficiency
300.0 0.8209353312849998
301.0 0.5638607777655125
302.0 0.3067862708121538
303.0 0.29317003209143877
304.0 0.2795538166537881
305.0 0.2380408113822341
306.0 0.19652778282761574
307.0 0.17971987836062908
308.0 0.16291195061057806
309.0 0.1434176811017096
310.0 0.12392339995130897
311.0 0.12329132296144962
312.0 0.12265926925465465
313.0 0.108652887865901
314.0 0.09464654140174389
315.0 0.09254514588974416
316.0 0.09044375037774444
317.0 0.07737957057543099
318.0 0.06431540241464972
319.0 0.0648749410174787
320.0 0.06543447379954159
321.0 0.06379983969964087
322.0 0.06216521142050624
323.0 0.05545179592445493
324.0 0.04873838624916971
325.0 0.04445028607733548
326.0 0.040162185905501246
327.0 0.039466642192564905
328.0 0.03877109847962856
329.0 0.03494282718747854
330.0 0.031114558805711567
331.0 0.028179489891044796
332.0 0.025244420976378024
333.0 0.024453637888655066
334.0 0.02366285480093211
335.0 0.021881780412513763
336.0 0.02010070311371237
337.0 0.023754718131385744
338.0 0.027408727328293025
339.0 0.02360414364375174
340.0 0.01979956723516807
341.0 0.017422085511498153
342.0 0.01504460524301976
343.0 0.014424262917600572
344.0 0.013803924957755953
345.0 0.013130503066349775
346.0 0.012457082630135119
347.0 0.011604550672927871
348.0 0.010752020170912147
349.0 0.013037615281064063
350.0 0.01532321039121598
351.0 0.013097257760819048
352.0 0.010871300037251785
353.0 0.011576175165828317
354.0 0.012281049566809088
355.0 0.010415204451419413
356.0 0.0085493600636255
357.0 0.009417474211659282
358.0 0.01028559054248035
359.0 0.01001640412141569
360.0 0.009747218427946791
361.0 0.008969774353317916
362.0 0.008192333189072087
363.0 0.00911661991267465
364.0 0.010040905908681452
365.0 0.00993062712950632
366.0 0.009820351260714233
367.0 0.008710634574526921
368.0 0.007600917888339609
369.0 0.00802610520622693
370.0 0.008451292524114251
371.0 0.008316142339026555
372.0 0.008180992881534621
373.0 0.00723286866559647
374.0 0.006284745904849842
375.0 0.006463772297138348
376.0 0.006642797961831093
377.0 0.0068671637563966215
378.0 0.007091528823366389
379.0 0.0060928123275516555
380.0 0.005094095831736922
381.0 0.0034919845347758383
382.0 0.0018898737835115753
383.0 0.0037733756471425295
384.0 0.005656878056470305
385.0 0.00538256936124526
386.0 0.005108261029818095
387.0 0.005779966522823088
388.0 0.006451672379625961
389.0 0.0057040335377678275
390.0 0.004956395423505455
391.0 0.004609478492056951
392.0 0.004262561560608447
393.0 0.004705103856394999
394.0 0.005147646515979432
395.0 0.00429495339631103
396.0 0.0034422595490468666
397.0 0.0036123983591096476
398.0 0.003782536805374548
399.0 0.003986279625678435
400.0 0.004190022445982322
401.0 0.004662420178647153
402.0 0.005134817547514103
403.0 0.004930819704895839
404.0 0.0047268222260754555
405.0 0.003956054570153356
406.0 0.0031852872780291364
407.0 0.0018331134924665093
408.0 0.00048094043449964374
409.0 0.00200619160750648
410.0 0.0035314427805133164
411.0 0.00412121407862287
412.0 0.004710985376732424
413.0 0.0045483888243325055
414.0 0.004385792271932587
415.0 0.003627706610132009
416.0 0.002869621675927192
417.0 0.003737841689144261
418.0 0.004606062066159211
419.0 0.0042217310692649335
420.0 0.0038374004361685365
421.0 0.003727845978573896
422.0 0.0036182915209792554
423.0 0.003550344627001323
424.0 0.0034823984606191516
425.0 0.0025805044060689397
426.0 0.0016786107153166085
427.0 0.0018653767256182618
428.0 0.002052143099717796
429.0 0.0012384078218019567
430.0 0.0004246727712597931
431.0 0.0005554802555707283
432.0 0.0006862876034574583
433.0 0.0006353956450766418
434.0 0.0005845039595442358
435.0 0.001146728391177021
436.0 0.0017089529137592763
437.0 0.0018088074284605682
438.0 0.0019086621250608005
439.0 0.002089125155180227
440.0 0.002269588367198594
441.0 0.0017635551557759754
442.0 0.001257521944353357
443.0 0.0023126458472688682
444.0 0.0033677697501843795
445.0 0.0033167205401696265
446.0 0.0032656713301548734
447.0 0.002639261947479099
448.0 0.0020128523829043843
449.0 0.002486949415470008
450.0 0.002961046811833512
451.0 0.0023600596250616945
452.0 0.0017590720744919963
453.0 0.0016761654478614219
454.0 0.0015932588212308474
455.0 0.0023486849386245012
456.0 0.0031041112379170954
457.0 0.00221586087718606
458.0 0.001327610789303435
459.0 0.0015428287952090614
460.0 0.0017580468920641579
461.0 0.0009451106052438263
462.0 0.00013217410241850303
463.0 0.0010898112122958992
464.0 0.0020474484699661843
465.0 0.002208753903687466
466.0 0.0023700597012066282
467.0 0.0021008056137361564
468.0 0.0018315511624678038
469.0 0.001593332490301691
470.0 0.0013551138181355782
471.0 0.0012641407010960393
472.0 0.0011731677659554407
473.0 0.0012189898370706942
474.0 0.0012648118172364775
475.0 0.0010795842172228731
476.0 0.0008943565262597986
477.0 0.0012132351912441663
478.0 0.0015321136743295938
479.0 0.0018738102880888619
480.0 0.0022155067199491896
481.0 0.0017178705093101598
482.0 0.0012202341167721897
483.0 0.0008808491656964179
484.0 0.0005414642146206461
485.0 0.0011967743375862483
486.0 0.0018520842786529101
487.0 0.001441785479983082
488.0 0.0010314864994143136
489.0 0.0017342901628580876
490.0 0.002437094008200802
491.0 0.002232632505183574
492.0 0.0020281710021663457
493.0 0.0019498249457683414
494.0 0.0018714790712692775
495.0 0.0016227751984843053
496.0 0.0013740710528509226
497.0 0.0011807034752564505
498.0 0.0009873359886114486
499.0 0.0011448340046626981
500.0 0.001302332202612888
501.0 0.0008861024070938583
502.0 0.00046987252062535845
503.0 0.0012931274795846548
504.0 0.0021163825294934213
505.0 0.0021917547201155685
506.0 0.0022671272745355964
507.0 0.002195732668042183
508.0 0.002124337879649829
509.0 0.0018796088625094853
510.0 0.001634880027268082
511.0 0.0012691098163486458
512.0 0.0009033396054292098
513.0 0.001312452968704747
514.0 0.0017215665138792247
515.0 0.001250509376404807
516.0 0.0007794526936777402
517.0 0.0008158986020134762
518.0 0.000852344419399742
519.0 0.0010615013707138132
520.0 0.0012706578672805335
521.0 0.0016874484572326764
522.0 0.002104238774336409
523.0 0.0014073440979700536
524.0 0.0007104493761289632
525.0 0.0007944398021209054
526.0 0.0008784302735875826
527.0 0.0011644943697319832
528.0 0.0014505588296742644
529.0 0.0012661025721172336
530.0 0.0010816457688633818
531.0 0.001178366528620245
532.0 0.0012750871974276379
533.0 0.000887004080141196
534.0 0.0004989210538042244
535.0 0.0010995739103236701
536.0 0.001700226857792586
537.0 0.0017121014025178738
538.0 0.0017239759472431615
539.0 0.0012216240975249093
540.0 0.0007192721113824518
541.0 0.0008182802048395388
542.0 0.0009172882528218906
543.0 0.001264070760953473
544.0 0.0016108533600345254
545.0 0.00105477438410162
546.0 0.0004986957719665952
547.0 0.0011514450307004154
548.0 0.0018041939256363548
549.0 0.001634330692468211
550.0 0.001464467368350597
551.0 0.001548027285025455
552.0 0.0016315872926497832
553.0 0.001394611899740994
554.0 0.0011576364158827346
555.0 0.000995867230813019
556.0 0.000834097863844363
557.0 0.0013041449165029917
558.0 0.0017741916963132098
559.0 0.0016698089893907309
560.0 0.0015654257367714308
561.0 0.0013941788893134799
562.0 0.0012229317690071184
563.0 0.0010745251529442612
564.0 0.0009261184459319338
565.0 0.0016750154827605002
566.0 0.002423912701488007
567.0 0.00275046331807971
568.0 0.003077013752772473
569.0 0.0029345772418309934
570.0 0.0027921405489905737
571.0 0.0026197962142759934
572.0 0.0024474516976624727
573.0 0.001972150676010642
574.0 0.0014968497453082819
575.0 0.0019477700334391557
576.0 0.002398690048721619
577.0 0.002061954728560522
578.0 0.0017252197721973062
579.0 0.001786190114216879
580.0 0.0018471599105396308
581.0 0.001657964094192721
582.0 0.001468768186896341
583.0 0.0019209932361263782
584.0 0.0023732183763058856
585.0 0.0025683335479698144
586.0 0.002763448719633743
587.0 0.0021370899048633873
588.0 0.0015107309081940912
589.0 0.002150124782929197
590.0 0.002789518839563243
591.0 0.0019696250092238188
592.0 0.0011497311788843945
593.0 0.0008564688869228121
594.0 0.0005632066404359648
595.0 0.0010269073754898272
596.0 0.0014906081560184248
597.0 0.001340602739219321
598.0 0.001190597231470747
599.0 0.0008826874363876414
600.0 0.0005747777777287411
601.0 0.0005677477929566521
602.0 0.0005607175808108877
603.0 0.0009841850442171562
604.0 0.0014076519619266037
605.0 0.0009456822226638906
606.0 0.00048371211960329674
607.0 0.0007784125045873225
608.0 0.001073112798621878
609.0 0.0011167106094944756
610.0 0.0011603080565691926
611.0 0.0009678464266471565
612.0 0.0007753845238767099
613.0 0.0007454251772287535
614.0 0.0007154656941565918
615.0 0.0011169553545187227
616.0 0.0015184452422545291
617.0 0.0020366414901218377
618.0 0.002554837556090206
619.0 0.0021782296244055033
620.0 0.0018016215108218603
621.0 0.0015568808521493338
622.0 0.0013121399206283968
623.0 0.001584545498189982
624.0 0.0018569508029031567
625.0 0.0016720172425266355
626.0 0.0014870835912006442
627.0 0.0018652919607120566
628.0 0.00224350078497082
629.0 0.0020257179130567238
630.0 0.001807935223041568
631.0 0.001679418346611783
632.0 0.0015509011063841172
633.0 0.0018627924873726442
634.0 0.002174684232159052
635.0 0.0051498256652848795
636.0 0.008124966552713886
637.0 0.015479591093026102
638.0 0.022834219271317124
639.0 0.019952122238464653
640.0 0.017070026660803705
641.0 0.014764972729608417
642.0 0.012459924619179219
643.0 0.009923667676048353
644.0 0.007387410732917488
645.0 0.006708597356919199
646.0 0.00602978361712303
647.0 0.005588674321188591
648.0 0.005147565389052033
649.0 0.004160595563007519
650.0 0.0031736261007608846
651.0 0.0036064287996850908
652.0 0.004039231498609297
653.0 0.0032773707062005997
654.0 0.0025155099137919024
655.0 0.0027159674573340453
656.0 0.002916425364674069
657.0 0.002856314313248731
658.0 0.0027962032618233934
659.0 0.0026599454940878786
660.0 0.002523687908251304
661.0 0.0026504962079343386
662.0 0.0027773041438194923
663.0 0.0020320778276072815
664.0 0.001286851693294011
665.0 0.0016898880858207121
666.0 0.0020929250240442343
667.0 0.0023603854060638696
668.0 0.002627845788083505
669.0 0.001879543015093077
670.0 0.0011312403330521192
671.0 0.0009473062164033763
672.0 0.0007633721907041036
673.0 0.0013039166333328467
674.0 0.0018444612578605302
675.0 0.0019376762793399394
676.0 0.002030891118920408
677.0 0.0019351760784047656
678.0 0.0018394603102933615
679.0 0.0014727440429851413
680.0 0.0011060275028285105
681.0 0.001258945485460572
682.0 0.001411863286193693
683.0 0.0024450308046652935
684.0 0.003478198414086364
685.0 0.0028484220820246264
686.0 0.0022186462956597097
687.0 0.001725797847029753
688.0 0.0012329490346019156
689.0 0.001525262814539019
690.0 0.001817576412577182
691.0 0.0021445930542540736
692.0 0.002471609514032025
693.0 0.0028494834623415954
694.0 0.0032273575925501063
695.0 0.0032888328860281035
696.0 0.00335030781570822
697.0 0.00360938829544466
698.0 0.003868468411383219
699.0 0.005690683246939443
700.0 0.0075128962635062635
701.0 0.007227368041640148
702.0 0.006941839819774032
703.0 0.0062175997300073504
704.0 0.00549336000403855
705.0 0.004942277882946655
706.0 0.004391196489450522
707.0 0.004123161124880426
708.0 0.003855125396512449
709.0 0.00415880094806198
710.0 0.004462476135813631
711.0 0.003985218427260406
712.0 0.0035079607187071815
713.0 0.0025469151296420023
714.0 0.0015858693586778827
715.0 0.002191742714785505
716.0 0.0027976160708931275
717.0 0.0024897311959648505
718.0 0.002181846139137633
719.0 0.0017270707758143544
720.0 0.001272295048693195
721.0 0.0011901465768460184
722.0 0.0011079977412009612
723.0 0.0009724330084281974
724.0 0.0008368682756554335
725.0 0.0012307698852964677
726.0 0.0016246716768364422
727.0 0.001649527985136956
728.0 0.0016743841115385294
729.0 0.0017041766113834456
730.0 0.0017339691112283617
731.0 0.0013714064152736682
732.0 0.001008843810268445
733.0 0.0010602980182738975
734.0 0.0011117521353298798
735.0 0.0011248333066760097
736.0 0.001137914205173729
737.0 0.0012523781151685398
738.0 0.00136684175231494
739.0 0.00116588298624265
740.0 0.0009649242201703601
741.0 0.001107875596062513
742.0 0.0012508267900557257
743.0 0.0016364065231755376
744.0 0.0020219858924974687
745.0 0.0014025855307409074
746.0 0.0007831852599338163
747.0 0.0011805241229012609
748.0 0.0015778630768181756
749.0 0.0022386158889275976
750.0 0.0028993690648349
751.0 0.0029763496058876626
752.0 0.003053330146940425
753.0 0.0029815999369020574
754.0 0.00290986990876263
755.0 0.0019100032659480348
756.0 0.0009101367140829097
757.0 0.0018023407392320223
758.0 0.002694544855330605
759.0 0.0026898112992057577
760.0 0.00268507756118197
761.0 0.004364609412732534
762.0 0.006044140900485218
763.0 0.005584986138273962
764.0 0.0051258321036584675
765.0 0.00524638599017635
766.0 0.005366939876694232
767.0 0.004589913078234531
768.0 0.0038128866435727105
769.0 0.0034958597098011523
770.0 0.0031788327760295942
771.0 0.003863632446154952
772.0 0.0045484324800781906
773.0 0.003874213871313259
774.0 0.0031999948987504467
775.0 1.644547453945322e-10
776.0 0.05196815473027527
777.0 0.05381250521168113
778.0 0.08111505885608494
779.0 1.644547453945322e-10
780.0 0.04085332038812339
781.0 0.03628979320637882
782.0 0.005200245868763886
783.0 0.07984624244272709
784.0 0.0894979399163276
785.0 1.644547453945322e-10
786.0 1.644547453945322e-10
787.0 1.644547453945322e-10
788.0 0.0005516216788237216
789.0 0.020089384634047747
790.0 0.012397728278301656
791.0 0.10760994628071785
792.0 1.644547453945322e-10
793.0 0.002623749060148839
794.0 0.018789852038025856
795.0 0.011804734822362661
796.0 0.010968257993226871
797.0 0.03763321146834642
798.0 0.08103318396024406
799.0 0.19314282108098269
800.0 0.3218070836737752
801.0 0.5972197279334068
802.0 0.8447633124887943
803.0 1.5403185039758682
804.0 2.3998478427529335
805.0 3.602641075849533
806.0 5.294337868690491
807.0 7.357482612133026
808.0 9.816791117191315
809.0 12.820029258728027
810.0 16.255053877830505
811.0 19.100987911224365
812.0 22.273792326450348
813.0 25.67882239818573
814.0 29.25070822238922
815.0 34.208959341049194
816.0 39.616554975509644
817.0 45.61107158660889
818.0 52.062660455703735
819.0 58.26821327209473
820.0 66.28729104995728
821.0 73.63565564155579
822.0 79.3524444103241
823.0 84.25196409225464
824.0 88.954097032547
825.0 92.76506900787354
826.0 95.01716494560242
827.0 97.1646785736084
828.0 98.79186749458313
829.0 98.74066710472107
830.0 98.71532320976257
831.0 98.90478253364563
832.0 98.51564168930054
833.0 99.82360005378723
834.0 98.07352423667908
835.0 99.25609827041626
836.0 99.164479970932
837.0 99.09282326698303
838.0 98.1017529964447
839.0 98.36033582687378
840.0 98.87081980705261
841.0 99.4530200958252
842.0 99.37946200370789
843.0 99.69530701637268
844.0 98.22147488594055
845.0 98.45637083053589
846.0 98.86180758476257
847.0 98.97655248641968
848.0 99.68987107276917
849.0 98.47039580345154
850.0 98.20401072502136
851.0 99.31133985519409
852.0 99.15110468864441
853.0 98.47297072410583
854.0 99.66992139816284
855.0 98.67444038391113
856.0 99.0538239479065
857.0 97.9626715183258
858.0 98.58067631721497
859.0 99.05697703361511
860.0 98.42886328697205
861.0 98.86987805366516
862.0 98.99218082427979
863.0 98.46256971359253
864.0 99.52402114868164
865.0 99.9310851097107
866.0 98.7195611000061
867.0 99.40120577812195
868.0 99.40942525863647
869.0 99.07588362693787
870.0 98.19371104240417
871.0 98.61903190612793
872.0 99.00667071342468
873.0 99.33986067771912
874.0 99.71687197685242
875.0 98.90674948692322
876.0 99.34470653533936
877.0 99.6195375919342
878.0 98.98691177368164
879.0 98.75624775886536
880.0 98.35070371627808
881.0 100.15641450881958
882.0 98.87001514434814
883.0 98.87732863426208
884.0 99.17807579040527
885.0 99.05111789703369
886.0 98.80363941192627
887.0 98.5521137714386
888.0 98.84752631187439
889.0 99.55523014068604
890.0 98.46050143241882
891.0 99.10908341407776
892.0 98.72046709060669
893.0 98.51678609848022
894.0 98.1630802154541
895.0 99.56168532371521
