lsstCam/transmission_filter_detector/r20_s01/z_20/19700101T000000.ecsv
# %ECSV 1.0
# ---
# datatype:
# - {name: wavelength, unit: nm, datatype: float32}
# - {name: efficiency, unit: '%', datatype: float64}
# meta: !!omap
# - {MODE: DETECTOR}
# - {TYPE: transmission_filter_detector}
# - {CALIBDATE: '1970-01-01T00:00:00'}
# - {INSTRUME: LSSTCam}
# - {OBSTYPE: transmission_filter_detector}
# - {CALIBCLS: lsst.ip.isr.IntermediateFilterDetectorTransmissionCurve}
# - {SOURCE: Materion (DM-46256)}
# - {DETECTOR: 73}
# - {FILTER: z_20}
# - {CALIB_ID: 'calibDate=1970-01-01T00:00:00 filter=z_20 detector=73'}
# - {DATE: '2025-04-02T15:59:48.976635'}
# - {CALIB_CREATION_DATE: '2025-04-02'}
# - {CALIB_CREATION_TIME: '15:59:48'}
# - __serialized_columns__:
#     efficiency:
#       __class__: astropy.units.quantity.Quantity
#       unit: !astropy.units.Unit {unit: '%'}
#       value: !astropy.table.SerializedColumn {name: efficiency}
#     wavelength:
#       __class__: astropy.units.quantity.Quantity
#       unit: !astropy.units.Unit {unit: nm}
#       value: !astropy.table.SerializedColumn {name: wavelength}
# schema: astropy-2.0
wavelength efficiency
[from data line 597]
897.0 99.1042971611023
898.0 98.93407225608826
899.0 98.61547350883484
900.0 98.70755076408386
901.0 99.22271966934204
902.0 99.215567111969
903.0 98.65201711654663
904.0 97.73880243301392
905.0 98.72674345970154
906.0 98.25687408447266
907.0 98.39954376220703
908.0 98.11599850654602
909.0 98.53700399398804
910.0 97.99937009811401
911.0 97.1489667892456
912.0 96.09707593917847
913.0 95.02098560333252
914.0 92.61298179626465
915.0 90.2737021446228
916.0 88.19231986999512
917.0 86.59553527832031
918.0 83.1663727760315
919.0 82.11004137992859
920.0 79.07331585884094
921.0 75.01521706581116
922.0 70.80619931221008
923.0 64.97054100036621
924.0 59.359222650527954
925.0 54.05073165893555
926.0 47.73949086666107
927.0 40.70588946342468
928.0 34.75566506385803
929.0 28.414690494537354
930.0 22.81273603439331
931.0 17.692679166793823
932.0 12.326639890670776
933.0 8.231933414936066
934.0 5.258066579699516
935.0 3.188284859061241
936.0 1.847091130912304
937.0 1.064099743962288
938.0 0.5983199458569288
939.0 0.32916106283664703
940.0 0.22293990477919579
941.0 0.1759682665579021
942.0 0.15258844941854477
943.0 0.06664341781288385
944.0 0.01967448042705655
945.0 1.644547453945322e-10
946.0 0.05480896797962487
947.0 0.026213558157905936
948.0 0.008346869435627013
949.0 1.644547453945322e-10
950.0 1.644547453945322e-10
951.0 1.644547453945322e-10
952.0 1.644547453945322e-10
953.0 1.644547453945322e-10
954.0 1.644547453945322e-10
955.0 1.644547453945322e-10
956.0 1.644547453945322e-10
957.0 1.644547453945322e-10
958.0 0.06801846902817488
959.0 1.644547453945322e-10
960.0 1.644547453945322e-10
961.0 1.644547453945322e-10
962.0 1.644547453945322e-10
963.0 1.644547453945322e-10
964.0 0.024772915639914572
965.0 0.03618807822931558
966.0 0.014406490663532168
967.0 1.644547453945322e-10
968.0 1.644547453945322e-10
969.0 1.644547453945322e-10
970.0 1.644547453945322e-10
971.0 0.046882222522981465
972.0 1.644547453945322e-10
973.0 1.644547453945322e-10
974.0 1.644547453945322e-10
975.0 1.644547453945322e-10
976.0 0.006366727757267654
977.0 0.006270434096222743
978.0 0.006174142617965117
979.0 0.006008806667523459
980.0 0.0058434688980923966
981.0 0.005724139191443101
982.0 0.005604810576187447
983.0 0.005508472168003209
984.0 0.005412134851212613
985.0 0.0051461192924762145
986.0 0.004880103006144054
987.0 0.004945309410686605
988.0 0.005010515451431274
989.0 0.0049159960326505825
990.0 0.004821476977667771
991.0 0.004845282455789857
992.0 0.004869087933911942
993.0 0.004872032513958402
994.0 0.004874976366409101
995.0 0.004766594065586105
996.0 0.004658211764763109
997.0 0.004527866985881701
998.0 0.004397522207000293
999.0 0.004330668525653891
1000.0 0.004263814480509609
1001.0 0.00438088427472394
1002.0 0.00449795406893827
1003.0 0.004484678720473312
1004.0 0.004471403735806234
1005.0 0.004393938070279546
1006.0 0.004316472040954977
1007.0 0.004320320658735
1008.0 0.004324168912717141
1009.0 0.004378790617920458
1010.0 0.004433412323123775
1011.0 0.004505342440097593
1012.0 0.004577272920869291
1013.0 0.004383182022138499
1014.0 0.004189090395811945
1015.0 0.0043925778300035745
1016.0 0.004596064536599442
1017.0 0.004826065560337156
1018.0 0.005056067311670631
1019.0 0.004867587995249778
1020.0 0.004679109042626806
1021.0 0.004666607128456235
1022.0 0.004654105578083545
1023.0 0.004585939677781425
1024.0 0.004517773777479306
1025.0 0.004659123078454286
1026.0 0.0048004727432271466
1027.0 0.004775819252245128
1028.0 0.00475116576126311
1029.0 0.004692211223300546
1030.0 0.004633257049135864
1031.0 0.004736506525659934
1032.0 0.004839756002184004
1033.0 0.004931352304993197
1034.0 0.0050229493353981525
1035.0 0.005211443567532115
1036.0 0.005399938163463958
1037.0 0.005476038859342225
1038.0 0.0055521391914226115
1039.0 0.005410356607171707
1040.0 0.005268573295325041
1041.0 0.005623228935291991
1042.0 0.005977884939056821
1043.0 0.005526301174541004
1044.0 0.0050747177738230675
1045.0 0.005722955029341392
1046.0 0.0063711915572639555
1047.0 0.006132608541520312
1048.0 0.005894023706787266
1049.0 0.006007980118738487
1050.0 0.006121936166891828
1051.0 0.006380257400451228
1052.0 0.006638580816797912
1053.0 0.006697193020954728
1054.0 0.0067558059527073056
1055.0 0.007489410927519202
1056.0 0.00822301662992686
1057.0 0.007815451681381091
1058.0 0.0074078881880268455
1059.0 0.00765498771215789
1060.0 0.00790208505350165
1061.0 0.008410138980252668
1062.0 0.008918192907003686
1063.0 0.008830778097035363
1064.0 0.008743364014662802
1065.0 0.008849224104778841
1066.0 0.008955087105277926
1067.0 0.009161156049231067
1068.0 0.009367226448375732
1069.0 0.01033631051541306
1070.0 0.01130539458245039
1071.0 0.010922677756752819
1072.0 0.010539960931055248
1073.0 0.010616837244015187
1074.0 0.010693714284570888
1075.0 0.011197471030754969
1076.0 0.011701229959726334
1077.0 0.011911142792087048
1078.0 0.012121055624447763
1079.0 0.012876577966380864
1080.0 0.013632100308313966
1081.0 0.013816192222293466
1082.0 0.014000287046656013
1083.0 0.013792610843665898
1084.0 0.01358493318548426
1085.0 0.014488019223790616
1086.0 0.015391105262096971
1087.0 0.015522204921580851
1088.0 0.015653307491447777
1089.0 0.016743698506616056
1090.0 0.017834088066592813
1091.0 0.017522387497592717
1092.0 0.017210679652635008
1093.0 0.017273725825361907
1094.0 0.017336770542897284
1095.0 0.01871362910605967
1096.0 0.02009048912441358
1097.0 0.020097364904358983
1098.0 0.02010424213949591
1099.0 0.022238364908844233
1100.0 0.024372483312617987
1101.0 0.024442948051728308
1102.0 0.02451340842526406
1103.0 0.02587046765256673
1104.0 0.027227523969486356
1105.0 0.026981643168255687
1106.0 0.02673576818779111
1107.0 0.027890969067811966
1108.0 0.02904617285821587
1109.0 0.030256700119934976
1110.0 0.031467227381654084
1111.0 0.031468094675801694
1112.0 0.03146895905956626
1113.0 0.03278962103649974
1114.0 0.034110285923816264
1115.0 0.03403466835152358
1116.0 0.03395905368961394
1117.0 0.034151217550970614
1118.0 0.03434338141232729
1119.0 0.037780115962959826
1120.0 0.04121684760320932
1121.0 0.04337138379923999
1122.0 0.04552592581603676
1123.0 0.04500815412029624
1124.0 0.044490385334938765
1125.0 0.044226451427675784
1126.0 0.04396252043079585
1127.0 0.048118006088770926
1128.0 0.05227349465712905
1129.0 0.05538498517125845
1130.0 0.05849647568538785
1131.0 0.058763910783454776
1132.0 0.05903134006075561
1133.0 0.06109848618507385
1134.0 0.063165626488626
1135.0 0.062059867195785046
1136.0 0.06095410790294409
1137.0 0.0676640949677676
1138.0 0.0743740878533572
1139.0 0.07904883823357522
1140.0 0.08372354786843061
1141.0 0.09343838319182396
1142.0 0.10315319523215294
1143.0 0.12456122785806656
1144.0 0.1459692372009158
1145.0 0.2877779770642519
1146.0 0.4295867867767811
1147.0 0.9075218811631203
1148.0 1.385457068681717
1149.0 1.576480083167553
1150.0 1.7675040289759636
