lsstCam/transmission_filter_detector/r43_s21/r_57/19700101T000000.ecsv
# %ECSV 1.0
# ---
# datatype:
# - {name: wavelength, unit: nm, datatype: float32}
# - {name: efficiency, unit: '%', datatype: float64}
# meta: !!omap
# - {MODE: DETECTOR}
# - {TYPE: transmission_filter_detector}
# - {CALIBDATE: '1970-01-01T00:00:00'}
# - {INSTRUME: LSSTCam}
# - {OBSTYPE: transmission_filter_detector}
# - {CALIBCLS: lsst.ip.isr.IntermediateFilterDetectorTransmissionCurve}
# - {SOURCE: Materion (DM-46256)}
# - {DETECTOR: 187}
# - {FILTER: r_57}
# - {CALIB_ID: 'calibDate=1970-01-01T00:00:00 filter=r_57 detector=187'}
# - {DATE: '2025-04-02T15:59:45.049247'}
# - {CALIB_CREATION_DATE: '2025-04-02'}
# - {CALIB_CREATION_TIME: '15:59:45'}
# - __serialized_columns__:
#     efficiency:
#       __class__: astropy.units.quantity.Quantity
#       unit: !astropy.units.Unit {unit: '%'}
#       value: !astropy.table.SerializedColumn {name: efficiency}
#     wavelength:
#       __class__: astropy.units.quantity.Quantity
#       unit: !astropy.units.Unit {unit: nm}
#       value: !astropy.table.SerializedColumn {name: wavelength}
# schema: astropy-2.0
wavelength efficiency
[from data line 603]
903.0 0.0002818059556375374
904.0 0.00026549375888862414
905.0 0.00024918153940234333
906.0 0.00014475198213403928
907.0 4.032241918139334e-05
908.0 0.00013953925872556283
909.0 0.00023875609258539043
910.0 0.0001768717879713222
911.0 0.00011498749472593772
912.0 0.00018395184042674373
913.0 0.0002529162429709686
914.0 0.00024055182166193845
915.0 0.0002281874003529083
916.0 0.00025223414468200644
917.0 0.00027628086627373705
918.0 0.00019767708181461785
919.0 0.00011907335419891751
920.0 0.00016381833347622887
921.0 0.000208563324122224
922.0 0.00024783873868727824
923.0 0.0002871142214644351
924.0 0.0002999837988681975
925.0 0.0003128533990093274
926.0 0.0003463177563389763
927.0 0.00037978211366862524
928.0 0.0003224038437110721
929.0 0.0002650255282787839
930.0 0.00022045319383323658
931.0 0.00017588083665032173
932.0 0.00016364174371119589
933.0 0.00015140266214075382
934.0 0.0001393136017213692
935.0 0.00012722454130198457
936.0 0.00016795328292573686
937.0 0.00020868201318080537
938.0 0.0001125192056861124
939.0 1.635641524444509e-05
940.0 0.00023228478767123306
941.0 0.0004482131771510467
942.0 0.00038381704143830575
943.0 0.0003194209057255648
944.0 0.00026060008622152964
945.0 0.00020177922124275938
946.0 0.00040436871131532826
947.0 0.0006069582923373673
948.0 0.0006715489234920824
949.0 0.0007361397365457378
950.0 0.0007146426924009575
951.0 0.0006931455573067069
952.0 0.0006063151886337437
953.0 0.0005194849109102506
954.0 0.0008554240594094153
955.0 0.0011913634807569906
956.0 0.0009611966561351437
957.0 0.0007310301043617073
958.0 0.0010260378076054621
959.0 0.0013210452380008064
960.0 0.001392969352309592
961.0 0.001464893648517318
962.0 0.001628156314836815
963.0 0.0017914187992573716
964.0 0.0018567119695944712
965.0 0.0019220049580326304
966.0 0.0020433964891708456
967.0 0.002164788566005882
968.0 0.0021257181288092397
969.0 0.0020866480554104783
970.0 0.0021753083274234086
971.0 0.0022639689632342197
972.0 0.002429784944979474
973.0 0.002595600926724728
974.0 0.002811508056765888
975.0 0.003027415368705988
976.0 0.0031707004382042214
977.0 0.003313985143904574
978.0 0.0034512187994550914
979.0 0.003588452818803489
980.0 0.0036190507671562955
981.0 0.0036496487155091017
982.0 0.003675361949717626
983.0 0.003701075547724031
984.0 0.003620814095484093
985.0 0.003540553734637797
986.0 0.0033992713724728674
987.0 0.0032579893741058186
988.0 0.003255217961850576
989.0 0.0032524465495953336
990.0 0.003128482057945803
991.0 0.003004517566296272
992.0 0.0029882621674914844
993.0 0.002972007314383518
994.0 0.0030346025596372783
995.0 0.0030971976229920983
996.0 0.0030874805815983564
997.0 0.0030777635402046144
998.0 0.0030365734346560203
999.0 0.002995383692905307
1000.0 0.0030679566407343373
1001.0 0.0031405295885633677
1002.0 0.0032842894142959267
1003.0 0.0034280492400284857
1004.0 0.0037862613680772483
1005.0 0.004144473496126011
1006.0 0.0042229406972182915
1007.0 0.004301407898310572
1008.0 0.004330025694798678
1009.0 0.004358643491286784
1010.0 0.0043930005631409585
1011.0 0.004427357634995133
1012.0 0.00433384338975884
1013.0 0.004240328780724667
1014.0 0.004231584534863941
1015.0 0.0042228406528010964
1016.0 0.003700518573168665
1017.0 0.0031781972211319953
1018.0 0.0027304835384711623
1019.0 0.0022827698558103293
1020.0 0.0021309448129613884
1021.0 0.0019791192244156264
1022.0 0.0018854274458135478
1023.0 0.001791735485312529
1024.0 0.0015300965969800018
1025.0 0.0012684574357990641
1026.0 0.0011803694178524893
1027.0 0.001092281672754325
1028.0 0.000933014143811306
1029.0 0.0007737468877166975
1030.0 0.0007896329407230951
1031.0 0.0008055189937294926
1032.0 0.0005999725544825196
1033.0 0.00039442597881134134
1034.0 0.0005739711014030036
1035.0 0.0007535162239946658
1036.0 0.0008819648428470828
1037.0 0.0010104135071742348
1038.0 0.0011505018846946768
1039.0 0.0012905904441140592
1040.0 0.0011038020602427423
1041.0 0.0009170138582703657
1042.0 0.0008524954864697065
1043.0 0.0007879770237195771
1044.0 0.0008774212801654357
1045.0 0.0009668654456618242
1046.0 0.0008884953786036931
1047.0 0.0008101250386971515
1048.0 0.0011649623957055155
1049.0 0.00151980002556229
1050.0 0.0014179420759319328
1051.0 0.0013160845810489263
1052.0 0.0015901841834420338
1053.0 0.0018642840586835518
1054.0 0.0015015658391348552
1055.0 0.001138847801485099
1056.0 0.0013394474080996588
1057.0 0.001540047196613159
1058.0 0.001324123513768427
1059.0 0.0011081995580752846
1060.0 0.0010835544344445225
1061.0 0.0010589092198642902
1062.0 0.0007837767043383792
1063.0 0.0005086442342872033
1064.0 0.0006842984475952107
1065.0 0.0008599526154284831
1066.0 0.0010468100299476646
1067.0 0.001233667444466846
1068.0 0.0011518386600073427
1069.0 0.0010700101483962499
1070.0 0.0014641967027273495
1071.0 0.0018583830751595087
1072.0 0.002079403930110857
1073.0 0.0023004246031632647
1074.0 0.002374436007812619
1075.0 0.0024484474124619737
1076.0 0.0027426758606452495
1077.0 0.0030369043088285252
1078.0 0.003148118412354961
1079.0 0.003259332515881397
1080.0 0.0032934738555923104
1081.0 0.0033276155591011047
1082.0 0.00372561662516091
1083.0 0.004123618055018596
1084.0 0.003324426870676689
1085.0 0.002525235504435841
1086.0 0.002770638639049139
1087.0 0.003016041955561377
1088.0 0.0031543338991468772
1089.0 0.003292626206530258
1090.0 0.0037865225749555975
1091.0 0.004280418943380937
1092.0 0.0037235211493680254
1093.0 0.003166624082950875
1094.0 0.0030943450838094577
1095.0 0.0030220660846680403
1096.0 0.0024016550014493987
1097.0 0.0017812431906349957
1098.0 0.0023172269720816985
1099.0 0.002853210571629461
1100.0 0.0024383552954532206
1101.0 0.0020234996554790996
