lsstCam/transmission_filter_detector/r43_s21/r_57/19700101T000000.ecsv
# %ECSV 1.0
# ---
# datatype:
# - {name: wavelength, unit: nm, datatype: float32}
# - {name: efficiency, unit: '%', datatype: float64}
# meta: !!omap
# - {MODE: DETECTOR}
# - {TYPE: transmission_filter_detector}
# - {CALIBDATE: '1970-01-01T00:00:00'}
# - {INSTRUME: LSSTCam}
# - {OBSTYPE: transmission_filter_detector}
# - {CALIBCLS: lsst.ip.isr.IntermediateFilterDetectorTransmissionCurve}
# - {SOURCE: Materion (DM-46256)}
# - {DETECTOR: 187}
# - {FILTER: r_57}
# - {CALIB_ID: 'calibDate=1970-01-01T00:00:00 filter=r_57 detector=187'}
# - {DATE: '2025-04-02T15:59:45.049247'}
# - {CALIB_CREATION_DATE: '2025-04-02'}
# - {CALIB_CREATION_TIME: '15:59:45'}
# - __serialized_columns__:
#     efficiency:
#       __class__: astropy.units.quantity.Quantity
#       unit: !astropy.units.Unit {unit: '%'}
#       value: !astropy.table.SerializedColumn {name: efficiency}
#     wavelength:
#       __class__: astropy.units.quantity.Quantity
#       unit: !astropy.units.Unit {unit: nm}
#       value: !astropy.table.SerializedColumn {name: wavelength}
# schema: astropy-2.0
wavelength efficiency
300.0 0.0037621677620336413
301.0 0.009027573833009228
302.0 0.014292979903984815
303.0 0.01741762680467218
304.0 0.020542272250168025
305.0 0.018116140563506633
306.0 0.01569000887684524
307.0 0.014053347695153207
308.0 0.012416686513461173
309.0 0.01098567881854251
310.0 0.009554671123623848
311.0 0.00881852611200884
312.0 0.008082381827989593
313.0 0.007431617268593982
314.0 0.006780852709198371
315.0 0.0063629981013946235
316.0 0.00594514531258028
317.0 0.005552544098463841
318.0 0.005159943975741044
319.0 0.004824715506401844
320.0 0.004489487037062645
321.0 0.004270645149517804
322.0 0.004051803261972964
323.0 0.0038195314118638635
324.0 0.0035872602893505245
325.0 0.0035090590245090425
326.0 0.0034308577596675605
327.0 0.0035672699596034363
328.0 0.0037036814319435507
329.0 0.003715953425853513
330.0 0.0037282246921677142
331.0 0.0034087166568497196
332.0 0.003089207166340202
333.0 0.0027529160433914512
334.0 0.0024166245566448197
335.0 0.0022931801140657626
336.0 0.002169735853385646
337.0 0.001988004441955127
338.0 0.0018062728486256674
339.0 0.0016311982108163647
340.0 0.001456123573007062
341.0 0.001428070117981406
342.0 0.0014000165720062796
343.0 0.0013724790733249392
344.0 0.0013449414836941287
345.0 0.0012964947927684989
346.0 0.0012480482837418094
347.0 0.001218825036630733
348.0 0.0011896017895196564
349.0 0.0011784773050749209
350.0 0.007166967407101765
351.0 0.005848206637892872
352.0 0.004529448051471263
353.0 0.004758920840686187
354.0 0.00498839290230535
355.0 0.005336264439392835
356.0 0.005684135248884559
357.0 0.005724974471377209
358.0 0.00576581405766774
359.0 0.004287171759642661
360.0 0.002808529097819701
361.0 0.0038618421967839822
362.0 0.004915156023344025
363.0 0.0037087505916133523
364.0 0.002502344796084799
365.0 0.0026760841137729585
366.0 0.002849823249562178
367.0 0.0044205142330611125
368.0 0.005991205034661107
369.0 0.004928296766593121
370.0 0.0038653906813124195
371.0 0.0033157626603497192
372.0 0.0027661350031848997
373.0 0.003321131589473225
374.0 0.0038761281757615507
375.0 0.0029928545700386167
376.0 0.0021095809643156826
377.0 0.002011892865994014
378.0 0.0019142049495712854
379.0 0.0023590473574586213
380.0 0.002803889765345957
381.0 0.004181155964033678
382.0 0.00555842270841822
383.0 0.0056256332754855976
384.0 0.005692844570148736
385.0 0.006052282697055489
386.0 0.006411720823962241
387.0 0.004876808816334233
388.0 0.003341896808706224
389.0 0.002699416654650122
390.0 0.0020569366824929602
391.0 0.0018129598174709827
392.0 0.0015689831343479455
393.0 0.0011083410754508805
394.0 0.000647699289402226
395.0 0.0014890715647197794
396.0 0.002330443930986803
397.0 0.0021901787476963364
398.0 0.002049913200607989
399.0 0.0014872296560497489
400.0 0.000924546202440979
401.0 0.0008932458513299935
402.0 0.0008619454092695378
403.0 0.001363500086881686
404.0 0.0018650547644938342
405.0 0.0018459566490491852
406.0 0.0018268585336045362
407.0 0.001724237336020451
408.0 0.0016216163203353062
409.0 0.0015185470147116575
410.0 0.0014154776181385387
411.0 0.001719569081615191
412.0 0.002023660454142373
413.0 0.0016634188796160743
414.0 0.0013031774869887158
415.0 0.0014788904081797227
416.0 0.0016546033293707296
417.0 0.0022027548766345717
418.0 0.0027509064238984138
419.0 0.0037346839235397056
420.0 0.004718461786978878
421.0 0.006653630407527089
422.0 0.008588795753894374
423.0 0.012053880345774814
424.0 0.015518964210059494
425.0 0.020859608775936067
426.0 0.026200254797004163
427.0 0.025598399224691093
428.0 0.024996543652378023
429.0 0.019551426521502435
430.0 0.014106309390626848
431.0 0.010171139001613483
432.0 0.006235967157408595
433.0 0.005206669447943568
434.0 0.004177372102276422
435.0 0.0034608630812726915
436.0 0.00274435369647108
437.0 0.002322546424693428
438.0 0.0019007389710168354
439.0 0.0015797093510627747
440.0 0.0012586800039571244
441.0 0.0013208492418925744
442.0 0.0013830184798280243
443.0 0.0014345616364153102
444.0 0.0014861044292047154
445.0 0.0011214834557904396
446.0 0.0007568622550024884
447.0 0.0012022628652630374
448.0 0.0016476635209983215
449.0 0.0020650293663493358
450.0 0.00248239521170035
451.0 0.002395135015831329
452.0 0.002307875001861248
453.0 0.002043047970801126
454.0 0.0017782214854378253
455.0 0.0015577115846099332
456.0 0.001337202138529392
457.0 0.0014503009879263118
458.0 0.0015634002920705825
459.0 0.0017614425814826973
460.0 0.001959484870894812
461.0 0.002664263593032956
462.0 0.003369042678968981
463.0 0.004392036498757079
464.0 0.005415030682343058
465.0 0.006648936687270179
466.0 0.00788284232839942
467.0 0.008301904745167121
468.0 0.008720968617126346
469.0 0.007376966095762327
470.0 0.006032965029589832
471.0 0.004431356865097769
472.0 0.0028297488825046457
473.0 0.0020747898815898225
474.0 0.0013198311535234097
475.0 0.001164943114417838
476.0 0.0010100556210090872
477.0 0.0011835621990030631
478.0 0.001357068686047569
479.0 0.0012023446288367268
480.0 0.0010476205716258846
481.0 0.0010405236935184803
482.0 0.0010334267244616058
483.0 0.0008903878551791422
484.0 0.0007473488039977383
485.0 0.0009535012395645026
486.0 0.0011596534022828564
487.0 0.001131011958932504
488.0 0.0011023704246326815
489.0 0.001042933581629768
490.0 0.0009834965567279141
491.0 0.0009802689419302624
492.0 0.0009770412361831404
493.0 0.0010228190149064176
494.0 0.001068596884579165
495.0 0.0012612712453119457
496.0 0.001453945878893137
497.0 0.001434173736925004
498.0 0.0014144019587547518
499.0 0.001509372395958053
500.0 0.0016043430150602944
501.0 0.0018630289559951052
502.0 0.002121714896929916
503.0 0.0026438883651280776
504.0 0.0031660620152251795
505.0 0.003923177428077906
506.0 0.004680292840930633
507.0 0.005503540887730196
508.0 0.006326788570731878
509.0 0.006484394543804228
510.0 0.006641999789280817
511.0 0.005986195174045861
512.0 0.005330390558810905
513.0 0.004528485442278907
514.0 0.0037265806895447895
515.0 0.0035635719541460276
516.0 0.0034005632187472656
517.0 0.003519162055454217
518.0 0.003637761255959049
519.0 0.07763909525237978
520.0 0.09387514437548816
521.0 0.08003656403161585
522.0 0.126677134539932
523.0 0.12219377094879746
524.0 0.05908405291847885
525.0 0.08460889803245664
526.0 0.13620747486129403
527.0 0.10163693223148584
528.0 0.16724931774660945
529.0 0.14988683396950364
530.0 0.21971678361296654
531.0 0.21522294264286757
532.0 0.26510877069085836
533.0 0.3745907451957464
534.0 0.5143346264958382
535.0 0.8798929862678051
536.0 1.3175777159631252
537.0 1.9874842837452888
538.0 3.004343993961811
539.0 4.631347954273224
540.0 6.94885328412056
541.0 9.515593945980072
542.0 12.877368927001953
543.0 17.277483642101288
544.0 22.832408547401428
545.0 28.728339076042175
546.0 35.85129678249359
547.0 43.51566135883331
548.0 52.14952230453491
549.0 59.6295952796936
550.0 65.34069180488586
551.0 71.41932249069214
552.0 74.76780414581299
553.0 78.6632239818573
554.0 81.95154666900635
555.0 85.59707999229431
556.0 88.95953893661499
557.0 90.90936779975891
558.0 93.47110390663147
559.0 95.4613447189331
560.0 95.14927864074707
561.0 95.95522880554199
562.0 96.03133201599121
563.0 95.23888826370239
564.0 95.92976570129395
565.0 95.63540816307068
566.0 96.00305557250977
567.0 95.66543698310852
568.0 96.69627547264099
569.0 97.13439345359802
570.0 96.60826921463013
571.0 97.35332727432251
572.0 97.10741639137268
573.0 97.24240899085999
574.0 97.48334288597107
575.0 97.18266129493713
576.0 97.47043251991272
577.0 97.24106192588806
578.0 97.44212627410889
579.0 97.14427590370178
580.0 96.91211581230164
581.0 96.83286547660828
582.0 96.95533514022827
583.0 97.18964695930481
584.0 96.38351798057556
585.0 96.89357280731201
586.0 96.94253206253052
587.0 96.84252142906189
588.0 97.25597500801086
589.0 97.88979291915894
590.0 97.14863300323486
591.0 96.31467461585999
592.0 96.40111327171326
593.0 96.10621333122253
594.0 96.33428454399109
595.0 96.50523662567139
596.0 97.21366167068481
597.0 97.51645922660828
598.0 97.53192067146301
599.0 97.66755700111389
600.0 97.22833633422852
601.0 96.48368954658508
602.0 96.97645902633667
603.0 96.61710262298584
604.0 96.71459197998047
605.0 97.36108183860779
606.0 96.56208157539368
607.0 96.69305086135864
608.0 96.16286158561707
609.0 95.70311903953552
610.0 96.17056250572205
611.0 95.94945311546326
612.0 96.22873067855835
613.0 97.19891548156738
614.0 96.89648151397705
615.0 96.57755494117737
616.0 96.63994908332825
617.0 96.60969376564026
618.0 96.41269445419312
619.0 97.2561240196228
620.0 96.60970568656921
621.0 96.18263840675354
622.0 96.84312343597412
623.0 97.09261655807495
624.0 96.47603631019592
625.0 97.27829098701477
626.0 96.50477170944214
627.0 95.83843946456909
628.0 97.61294722557068
629.0 96.19852304458618
630.0 97.03150987625122
631.0 96.46396040916443
632.0 97.05445170402527
633.0 96.76964282989502
634.0 96.53903841972351
635.0 96.74065113067627
636.0 96.24046087265015
637.0 96.18314504623413
638.0 95.64218521118164
639.0 95.79463005065918
640.0 95.78055143356323
641.0 95.87660431861877
642.0 96.71173691749573
643.0 96.57239317893982
644.0 96.80171012878418
645.0 96.53339982032776
646.0 96.36762142181396
647.0 97.44012951850891
648.0 96.55877947807312
649.0 95.76366543769836
650.0 96.72327041625977
651.0 96.96053266525269
652.0 97.16602563858032
653.0 96.12684845924377
654.0 96.96594476699829
655.0 96.80144190788269
656.0 96.09320759773254
657.0 96.09452486038208
658.0 96.71083092689514
659.0 96.77170515060425
660.0 95.96897959709167
661.0 95.74729204177856
662.0 96.13620638847351
663.0 96.32270932197571
664.0 95.85261344909668
665.0 95.44714689254761
666.0 95.68514227867126
667.0 95.68498730659485
668.0 95.31238675117493
669.0 95.72519063949585
670.0 95.87312340736389
671.0 95.60010433197021
672.0 95.30908465385437
673.0 95.57400941848755
674.0 94.92387771606445
675.0 95.47735452651978
676.0 94.91759538650513
677.0 93.3037519454956
678.0 92.4360990524292
679.0 91.20949506759644
680.0 90.0070309638977
681.0 88.43520283699036
682.0 85.56972146034241
683.0 82.3662281036377
684.0 78.52006554603577
685.0 74.29360747337341
686.0 70.1326072216034
687.0 65.17210006713867
688.0 60.91064810752869
689.0 56.62705898284912
690.0 51.941466331481934
691.0 47.97201752662659
692.0 43.16331446170807
693.0 38.5333776473999
694.0 32.77256488800049
695.0 27.1846204996109
696.0 21.40827178955078
697.0 16.174376010894775
698.0 11.060935258865356
699.0 7.41216167807579
700.0 4.768494144082069
701.0 2.8588684275746346
702.0 1.6937538981437683
703.0 0.9784353896975517
704.0 0.5662664771080017
705.0 0.306403124704957
706.0 0.26724571362137794
707.0 0.1791318878531456
708.0 0.15468510100618005
709.0 0.08830685401335359
710.0 0.08023776463232934
711.0 0.08212862303480506
712.0 0.07491957512684166
713.0 0.03278464428149164
714.0 0.0407698389608413
715.0 0.037004222394898534
716.0 0.03701161767821759
717.0 0.017698957526590675
718.0 0.03962371847592294
719.0 0.028021581238135695
720.0 1.9656019433628158e-10
721.0 0.0034729408071143553
722.0 0.003337839007144794
723.0 0.0032027372071752325
724.0 0.0030620743928011507
725.0 0.0029214119422249496
726.0 0.0026721509129856713
727.0 0.0024228900656453334
728.0 0.0023307360606850125
729.0 0.0022385820557246916
730.0 0.002093186412821524
731.0 0.0019477909518172964
732.0 0.001932583654706832
733.0 0.0019173763575963676
734.0 0.001816702751966659
735.0 0.001716029510134831
736.0 0.0016005073121050373
737.0 0.0014849852959741838
738.0 0.001289250940317288
739.0 0.0010935167665593326
740.0 0.0012508657164289616
741.0 0.0014082149391470011
742.0 0.00127577059174655
743.0 0.0011433263352955692
744.0 0.001132113357016351
745.0 0.0011209007425350137
746.0 0.0010658301107469015
747.0 0.0010107595699082594
748.0 0.0009110828614211641
749.0 0.0008114060619845986
750.0 0.000830014960229164
751.0 0.0008486237675242592
752.0 0.0009036121809913311
753.0 0.0009586006854078732
754.0 0.000990538865153212
755.0 0.0010224772267974913
756.0 0.0009383545148011763
757.0 0.0008542318937543314
758.0 0.0008679019629198592
759.0 0.0008815722139843274
760.0 0.0010011205631599296
761.0 0.001120669003285002
762.0 0.0011381839613022748
763.0 0.0011556987374206074
764.0 0.0009761072760738898
765.0 0.0007965160875755828
766.0 0.0006352572654577671
767.0 0.00047399830691574607
768.0 0.0006068455149943475
769.0 0.0007396926321234787
770.0 0.0006410377409338253
771.0 0.0005423829861683771
772.0 0.0005022017376177246
773.0 0.00046202044359233696
774.0 0.0004298871317587327
775.0 0.00039775391087459866
776.0 0.00043487525545060635
777.0 0.0004719966455013491
778.0 0.0005058117039880017
779.0 0.0005396267624746542
780.0 0.0004923536380374571
781.0 0.00044508051360026
782.0 0.000506632659380557
783.0 0.0005681850325345295
784.0 0.0005429842531157192
785.0 0.000517783519171644
786.0 0.0005157945452083368
787.0 0.0005138055712450296
788.0 0.0005735546892537968
789.0 0.0006333040801109746
790.0 0.0005319090178090846
791.0 0.00043051377360825427
792.0 0.00055646346481808
793.0 0.0006824131560279056
794.0 0.0007434992312482791
795.0 0.0008045853064686526
796.0 0.000774047748564044
797.0 0.0007435104180331109
798.0 0.0007251529495988507
799.0 0.0007067955721140606
800.0 0.0006992546786932508
801.0 0.0006917137852724409
802.0 0.0006668109108431963
803.0 0.0006419080818886869
804.0 0.0006021351509843953
805.0 0.0005623620381811634
806.0 0.0006144491180748446
807.0 0.0006665362434432609
808.0 0.0007088463007676182
809.0 0.0007511564490414457
810.0 0.0005755748134106398
811.0 0.00039999331420403905
812.0 0.0005746525403083069
813.0 0.000749311857362045
814.0 0.0007265124622790609
815.0 0.0007037131126708118
816.0 0.0005632000011246419
817.0 0.0004226868895784719
818.0 0.00024941859919636045
819.0 7.61503883950354e-05
820.0 0.00022821413949714042
821.0 0.0003802780383921345
822.0 0.0004320099378674058
823.0 0.0004837418600800447
824.0 0.00041283037717221305
825.0 0.00034191898521385156
826.0 0.0003646858203865122
827.0 0.00038745270103390794
828.0 0.0003906386609742185
829.0 0.0003938246209145291
830.0 0.0002676151552805095
831.0 0.0001414057010151737
832.0 0.000172634258888138
833.0 0.00020386282812978607
834.0 0.00025444658149353927
835.0 0.0003050302893825574
836.0 0.0008007723408809397
837.0 0.0012965140740561765
838.0 0.002366857006563805
839.0 0.003437200211919844
840.0 0.004376644938020036
841.0 0.005316089300322346
842.0 0.006002759619150311
843.0 0.006689426663797349
844.0 0.0063882325775921345
845.0 0.006087037763791159
846.0 0.006019987631589174
847.0 0.0059529378631850705
848.0 0.005583211896009743
849.0 0.0052134881116217
850.0 0.0046162502258084714
851.0 0.004019012703793123
852.0 0.003343521530041471
853.0 0.002668029992491938
854.0 0.0021508658392122015
855.0 0.001633701685932465
856.0 0.0012975012396054808
857.0 0.0009613005204300862
858.0 0.0007598952834086958
859.0 0.0005584900463873055
860.0 0.0004241075657773763
861.0 0.00028972501695534447
862.0 0.00026515765512158396
863.0 0.000240590316025191
864.0 0.0002772670086415019
865.0 0.0003139437467325479
866.0 0.00025534845917718485
867.0 0.00019675317162182182
868.0 0.00012904073400932248
869.0 6.132830208116502e-05
870.0 7.783515911796712e-05
871.0 9.434200478608545e-05
872.0 0.00012206709243400837
873.0 0.0001497922198723245
874.0 0.00013520273114409065
875.0 0.00012061326515322435
876.0 9.661968078944483e-05
877.0 7.262612484737474e-05
878.0 7.586929200442682e-05
879.0 7.911244779279514e-05
880.0 7.790809490870743e-05
881.0 7.670377044632914e-05
882.0 7.008486022641591e-05
883.0 6.346598979689588e-05
884.0 0.00011185651374034933
885.0 0.00016024712294893106
886.0 0.00027636597224045545
887.0 0.0003924847987946123
888.0 0.00026537018129602075
889.0 0.00013825554106006166
890.0 0.00023419988792738877
891.0 0.00033014425753208343
892.0 0.00034058468827424804
893.0 0.00035102511901641265
894.0 0.00023671479993936373
895.0 0.00012240450359968236
896.0 5.477941726894642e-05
897.0 1.9656019433628158e-10
898.0 7.917344646557467e-05
899.0 0.00017119251651820377
900.0 0.0001871173026302131
901.0 0.0002030420546361711
