lsstCam/transmission_filter_detector/r14_s10/y_10/19700101T000000.ecsv
# %ECSV 1.0
# ---
# datatype:
# - {name: wavelength, unit: nm, datatype: float32}
# - {name: efficiency, unit: '%', datatype: float64}
# meta: !!omap
# - {MODE: DETECTOR}
# - {TYPE: transmission_filter_detector}
# - {CALIBDATE: '1970-01-01T00:00:00'}
# - {INSTRUME: LSSTCam}
# - {OBSTYPE: transmission_filter_detector}
# - {CALIBCLS: lsst.ip.isr.IntermediateFilterDetectorTransmissionCurve}
# - {SOURCE: Materion (DM-46256)}
# - {DETECTOR: 66}
# - {FILTER: y_10}
# - {CALIB_ID: 'calibDate=1970-01-01T00:00:00 filter=y_10 detector=66'}
# - {DATE: '2025-04-02T15:59:51.046737'}
# - {CALIB_CREATION_DATE: '2025-04-02'}
# - {CALIB_CREATION_TIME: '15:59:51'}
# - __serialized_columns__:
#     efficiency:
#       __class__: astropy.units.quantity.Quantity
#       unit: !astropy.units.Unit {unit: '%'}
#       value: !astropy.table.SerializedColumn {name: efficiency}
#     wavelength:
#       __class__: astropy.units.quantity.Quantity
#       unit: !astropy.units.Unit {unit: nm}
#       value: !astropy.table.SerializedColumn {name: wavelength}
# schema: astropy-2.0
wavelength efficiency
[from data line 578]
878.0 0.0010221317097602878
879.0 0.001967130447155796
880.0 0.08173806127160788
881.0 0.0982111319899559
882.0 0.06611521821469069
883.0 0.09028362110257149
884.0 0.06629552808590233
885.0 0.09897707495838404
886.0 0.064119603484869
887.0 0.08742022910155356
888.0 0.06815603701397777
889.0 0.09737656801007688
890.0 0.05926784360781312
891.0 0.10429605608806014
892.0 0.07031483110040426
893.0 0.10142646497115493
894.0 0.07435555453412235
895.0 0.10943857487291098
896.0 0.0814865343272686
897.0 0.11787686962634325
898.0 0.08963278378359973
899.0 0.12457353295758367
900.0 0.09634963353164494
901.0 0.14204239705577493
902.0 0.13356389245018363
903.0 0.14385151444002986
904.0 0.1927013974636793
905.0 0.20864398684352636
906.0 0.2531374804675579
907.0 0.30321492813527584
908.0 0.39985482580959797
909.0 0.525283208116889
910.0 0.7347039878368378
911.0 1.022301334887743
912.0 1.5004334039986134
913.0 2.239368297159672
914.0 3.184889256954193
915.0 4.5956093817949295
916.0 6.401921063661575
917.0 8.470045030117035
918.0 10.92347651720047
919.0 13.357016444206238
920.0 16.67044311761856
921.0 20.07281929254532
922.0 23.371464014053345
923.0 27.247801423072815
924.0 31.439319252967834
925.0 36.14635765552521
926.0 41.904908418655396
927.0 48.26296269893646
928.0 54.07865643501282
929.0 60.52982807159424
930.0 66.39532446861267
931.0 72.31042385101318
932.0 77.9120147228241
933.0 82.84387588500977
934.0 86.67470812797546
935.0 89.50338363647461
936.0 91.81820750236511
937.0 93.5173511505127
938.0 94.63966488838196
939.0 95.33171057701111
940.0 95.80206871032715
941.0 96.11445665359497
942.0 96.446293592453
943.0 96.58656120300293
944.0 96.92555069923401
945.0 96.94316387176514
946.0 97.03267812728882
947.0 97.11170196533203
948.0 97.26229906082153
949.0 97.12193608283997
950.0 97.27135896682739
951.0 97.2984254360199
952.0 97.33127951622009
953.0 97.49981164932251
954.0 97.59649634361267
955.0 97.63168096542358
956.0 97.85776734352112
957.0 98.07696342468262
958.0 98.21705222129822
959.0 98.37905168533325
960.0 98.49801659584045
961.0 98.54881167411804
962.0 98.63440990447998
963.0 98.67290258407593
964.0 98.70198965072632
965.0 98.75285625457764
966.0 98.80354404449463
967.0 98.89519810676575
968.0 98.87802600860596
969.0 98.8821804523468
970.0 98.92221689224243
971.0 98.96992444992065
972.0 99.01147484779358
973.0 99.11390542984009
974.0 99.11462068557739
975.0 99.0835428237915
976.0 99.17195439338684
977.0 99.13663864135742
978.0 99.20487403869629
979.0 99.1549551486969
980.0 99.11078214645386
981.0 99.05332326889038
982.0 98.99000525474548
983.0 99.0038812160492
984.0 98.95892143249512
985.0 98.96020293235779
986.0 98.86631369590759
987.0 98.92168045043945
988.0 98.77695441246033
989.0 98.77886772155762
990.0 98.74239563941956
991.0 98.72119426727295
992.0 98.84395003318787
993.0 98.75275492668152
994.0 98.73504638671875
995.0 98.76611828804016
996.0 98.74647855758667
997.0 98.85808825492859
998.0 98.88488054275513
999.0 98.93505573272705
1000.0 99.00484085083008
1001.0 98.95327687263489
1002.0 99.04308319091797
1003.0 99.10620450973511
1004.0 99.1716742515564
1005.0 99.09027814865112
1006.0 99.22012686729431
1007.0 99.22904968261719
1008.0 99.2098867893219
1009.0 99.15912747383118
1010.0 99.18680787086487
1011.0 99.1800308227539
1012.0 99.11680221557617
1013.0 99.09263253211975
1014.0 99.05415773391724
1015.0 99.02637600898743
1016.0 99.0393340587616
1017.0 99.02279376983643
1018.0 99.08196926116943
1019.0 98.97443056106567
1020.0 99.04007315635681
1021.0 99.17578101158142
1022.0 99.02579188346863
1023.0 99.07087683677673
1024.0 99.02978539466858
1025.0 99.00771379470825
1026.0 99.0813136100769
1027.0 99.22675490379333
1028.0 99.09794926643372
1029.0 99.23827648162842
1030.0 99.20945167541504
1031.0 99.18258786201477
1032.0 99.24335479736328
1033.0 99.13269281387329
1034.0 99.2834985256195
1035.0 99.26837086677551
1036.0 99.19210076332092
1037.0 99.20735955238342
1038.0 99.20560717582703
1039.0 99.17001724243164
1040.0 99.06221032142639
1041.0 99.14327263832092
1042.0 99.11186099052429
1043.0 99.05233383178711
1044.0 99.13718700408936
1045.0 98.85758757591248
1046.0 99.04717803001404
1047.0 98.90119433403015
1048.0 98.96785616874695
1049.0 98.91621470451355
1050.0 98.84216785430908
1051.0 98.90700578689575
1052.0 98.83897304534912
1053.0 98.82808327674866
1054.0 99.00844693183899
1055.0 99.07371401786804
1056.0 98.98049831390381
1057.0 99.07580614089966
1058.0 98.89805912971497
1059.0 98.99620413780212
1060.0 99.14291501045227
1061.0 98.94787073135376
1062.0 98.92774820327759
1063.0 98.88094067573547
1064.0 99.10001754760742
1065.0 99.06774759292603
1066.0 99.07211661338806
1067.0 99.14222359657288
1068.0 99.00957942008972
1069.0 98.8698422908783
1070.0 99.20113682746887
1071.0 98.9712119102478
1072.0 99.1728127002716
1073.0 99.08508658409119
1074.0 98.90100359916687
1075.0 98.76660108566284
1076.0 98.61995577812195
1077.0 99.0848183631897
1078.0 99.17871952056885
1079.0 98.77306818962097
1080.0 99.41912889480591
1081.0 98.73790144920349
1082.0 98.68729710578918
1083.0 98.67462515830994
1084.0 99.02617931365967
1085.0 98.94191026687622
1086.0 98.77721667289734
1087.0 98.77151250839233
1088.0 98.76983761787415
1089.0 98.62213730812073
1090.0 98.78038763999939
1091.0 98.8374412059784
1092.0 98.91385436058044
1093.0 98.79617094993591
1094.0 98.64059686660767
1095.0 98.55659604072571
1096.0 98.53935837745667
1097.0 98.261559009552
1098.0 97.84070253372192
1099.0 98.44890236854553
1100.0 98.1342077255249
