lsstCam/transmission_filter_detector/r14_s10/y_10/19700101T000000.ecsv
# %ECSV 1.0
# ---
# datatype:
# - {name: wavelength, unit: nm, datatype: float32}
# - {name: efficiency, unit: '%', datatype: float64}
# meta: !!omap
# - {MODE: DETECTOR}
# - {TYPE: transmission_filter_detector}
# - {CALIBDATE: '1970-01-01T00:00:00'}
# - {INSTRUME: LSSTCam}
# - {OBSTYPE: transmission_filter_detector}
# - {CALIBCLS: lsst.ip.isr.IntermediateFilterDetectorTransmissionCurve}
# - {SOURCE: Materion (DM-46256)}
# - {DETECTOR: 66}
# - {FILTER: y_10}
# - {CALIB_ID: 'calibDate=1970-01-01T00:00:00 filter=y_10 detector=66'}
# - {DATE: '2025-04-02T15:59:51.046737'}
# - {CALIB_CREATION_DATE: '2025-04-02'}
# - {CALIB_CREATION_TIME: '15:59:51'}
# - __serialized_columns__:
#     efficiency:
#       __class__: astropy.units.quantity.Quantity
#       unit: !astropy.units.Unit {unit: '%'}
#       value: !astropy.table.SerializedColumn {name: efficiency}
#     wavelength:
#       __class__: astropy.units.quantity.Quantity
#       unit: !astropy.units.Unit {unit: nm}
#       value: !astropy.table.SerializedColumn {name: wavelength}
# schema: astropy-2.0
wavelength efficiency
300.0 0.536944204941392
301.0 0.28850482776761055
302.0 0.04006540693808347
303.0 0.03388838667888194
304.0 0.027711372240446508
305.0 0.01977757638087496
306.0 0.011843775428133085
307.0 0.018097223073709756
308.0 0.02435066708130762
309.0 0.017446653509978205
310.0 0.010542637755861506
311.0 0.009141436021309346
312.0 0.007740233559161425
313.0 0.007613381603732705
314.0 0.007486529648303986
315.0 0.006243592360988259
316.0 0.005000657984055579
317.0 0.00556507584406063
318.0 0.006129489338491112
319.0 0.0029885119147365913
320.0 1.627498157942553e-10
321.0 0.0024191929696826264
322.0 0.0049908536311704665
323.0 0.0039338112401310354
324.0 0.002876769212889485
325.0 0.001437442460883176
326.0 1.627498157942553e-10
327.0 0.0007192526027210988
328.0 0.0014403899513126817
329.0 0.0027735040930565447
330.0 0.0041066181438509375
331.0 0.0036364795960253105
332.0 0.0031663406844018027
333.0 0.0022997079213382676
334.0 0.0014330745216284413
335.0 0.001677710133662913
336.0 0.0019223460185457952
337.0 0.002560814937169198
338.0 0.0031992836738936603
339.0 0.0017331200069747865
340.0 0.0002669563855306478
341.0 1.2849066877151927e-05
342.0 1.627498157942553e-10
343.0 0.00038319135455822106
344.0 0.001007641367323231
345.0 0.0011887242180819158
346.0 0.0013698077054868918
347.0 0.0013479459084919654
348.0 0.0013260838386486284
349.0 0.0012475117728172336
350.0 0.001168939343187958
351.0 0.00149945481098257
352.0 0.0018299695511814207
353.0 0.0014840277799521573
354.0 0.0011380858268239535
355.0 0.0012549773600767367
356.0 0.0013718687114305794
357.0 0.0010004249816120137
358.0 0.0006289809789450374
359.0 0.0009411519386048894
360.0 0.0012533229892142117
361.0 0.0014048495359020308
362.0 0.0015563757187919691
363.0 0.0010896230378421023
364.0 0.0006228699476196198
365.0 0.0010050089258584194
366.0 0.001387148404319305
367.0 0.0019337743651703931
368.0 0.002480400144122541
369.0 0.0021071831724839285
370.0 0.0017339663827442564
371.0 0.0016822050383780152
372.0 0.0016304435121128336
373.0 0.0019431387045187876
374.0 0.0022558338969247416
375.0 0.0032276464480673894
376.0 0.004199459363007918
377.0 0.004135313065489754
378.0 0.00407116676797159
379.0 0.003638701673480682
380.0 0.0032062362151918933
381.0 0.0021802330593345687
382.0 0.0011542296306288335
383.0 0.0011469217497506179
384.0 0.0011396135960239917
385.0 0.0009001517355500255
386.0 0.0006606898750760593
387.0 0.0007409401860059006
388.0 0.0008211905878852122
389.0 0.000646063381282147
390.0 0.00047093631110328715
391.0 0.0005670358859788394
392.0 0.0006631355063291267
393.0 0.0006630030384258134
394.0 0.0006628707524214406
395.0 0.0005591493390966207
396.0 0.0004554278802970657
397.0 0.0007660151823074557
398.0 0.0010766023478936404
399.0 0.0012767627595167141
400.0 0.0014769231711397879
401.0 0.0016795087503851391
402.0 0.0018820945115294307
403.0 0.0019222368791815825
404.0 0.001962379064934794
405.0 0.0018894526874646544
406.0 0.0018165264918934554
407.0 0.0015022524166852236
408.0 0.0011879786143254023
409.0 0.0009269521797250491
410.0 0.0006659255632257555
411.0 0.0005701601367036346
412.0 0.000474394801130984
413.0 0.0008913713827496395
414.0 0.0013083477824693546
415.0 0.0018096203348250128
416.0 0.0023108930690796115
417.0 0.001052628067554906
418.0 1.627498157942553e-10
419.0 1.627498157942553e-10
420.0 1.627498157942553e-10
421.0 1.627498157942553e-10
422.0 0.0003770421699300641
423.0 0.0006408982699213084
424.0 0.000904754051589407
425.0 9.136837775258755e-05
426.0 1.627498157942553e-10
427.0 1.627498157942553e-10
428.0 0.000343775218425435
429.0 1.627498157942553e-10
430.0 1.627498157942553e-10
431.0 0.0002949591817014152
432.0 0.0013055837371211965
433.0 0.0009929255611496046
434.0 0.0006802678854000987
435.0 0.00017872921489470173
436.0 1.627498157942553e-10
437.0 1.627498157942553e-10
438.0 1.627498157942553e-10
439.0 1.627498157942553e-10
440.0 1.627498157942553e-10
441.0 1.627498157942553e-10
442.0 1.627498157942553e-10
443.0 1.627498157942553e-10
444.0 1.627498157942553e-10
445.0 2.0209569129292504e-05
446.0 0.0001698280584605527
447.0 0.0006627631137234857
448.0 0.0011556981007743161
449.0 0.0010126511369890068
450.0 0.0008696039003552869
451.0 0.0004327838269091444
452.0 1.627498157942553e-10
453.0 1.627498157942553e-10
454.0 1.627498157942553e-10
455.0 1.627498157942553e-10
456.0 1.627498157942553e-10
457.0 1.627498157942553e-10
458.0 1.627498157942553e-10
459.0 1.627498157942553e-10
460.0 0.00011385772040739539
461.0 0.00015398333061966696
462.0 0.0001941089522006223
463.0 0.0003288402695034165
464.0 0.0004635716322809458
465.0 0.0005667573532264214
466.0 0.0006699432560708374
467.0 0.0010640110303938854
468.0 0.0014580786228179932
469.0 0.0015000500752648804
470.0 0.0015420209820149466
471.0 0.0015092838111741003
472.0 0.0014765464584343135
473.0 0.002086980930471327
474.0 0.0026974152206094004
475.0 0.002716719245654531
476.0 0.0027360234525986016
477.0 0.0031710515031591058
478.0 0.0036060799175174907
479.0 0.004138213262194768
480.0 0.004670346243074164
481.0 0.004768602957483381
482.0 0.0048668593080947176
483.0 0.004213184001855552
484.0 0.003559508331818506
485.0 0.0038560225220862776
486.0 0.004152536348556168
487.0 0.0034769436751957983
488.0 0.0028013506380375475
489.0 0.0025352293960168026
490.0 0.0022691088815918192
491.0 0.0017198226487380452
492.0 0.001170536324934801
493.0 0.0009548189154884312
494.0 0.000739101824365207
495.0 0.0011445263226050884
496.0 0.0015499508663197048
497.0 0.0019489989426801912
498.0 0.002348047200939618
499.0 0.002417778523522429
500.0 0.0024875098461052403
501.0 0.0024788079826976173
502.0 0.0024701061192899942
503.0 0.0026626610633684322
504.0 0.0028552156436489895
505.0 0.003271928653703071
506.0 0.003688641663757153
507.0 0.0027012632926926017
508.0 0.0017138845578301698
509.0 0.001954413346538786
510.0 0.002194942135247402
511.0 0.0021504443793674
512.0 0.0021059464415884577
513.0 0.0019737293769139796
514.0 0.0018415126760373823
515.0 0.0016361400412279181
516.0 0.0014307672245195135
517.0 0.0013998114809510298
518.0 0.0013688553735846654
519.0 0.0013605124877358321
520.0 0.0013521694199880585
521.0 0.0015973766494425945
522.0 0.0018425833332003094
523.0 0.0016287527614622377
524.0 0.001414922189724166
525.0 0.002059253711195197
526.0 0.002703585778363049
527.0 0.0024074819521047175
528.0 0.002111378671543207
529.0 0.002434833913866896
530.0 0.0027582887923927046
531.0 0.002572862103988882
532.0 0.0023874348698882386
533.0 0.00252076169999782
534.0 0.00265408780251164
535.0 0.002284657057316508
536.0 0.001915226130222436
537.0 0.002405527629889548
538.0 0.0028958289476577193
539.0 0.003402620495762676
540.0 0.003909411316271871
541.0 0.004006721792393364
542.0 0.004104032632312737
543.0 0.004236006498103961
544.0 0.004367980727693066
545.0 0.004875693048234098
546.0 0.005383405004977249
547.0 0.004533694300334901
548.0 0.003683983231894672
549.0 0.0031326089811045676
550.0 0.0025812341846176423
551.0 0.0026475125196157023
552.0 0.0027137908546137623
553.0 0.003078635927522555
554.0 0.0034434804547345266
555.0 0.0037624275137204677
556.0 0.004081374572706409
557.0 0.003806033419095911
558.0 0.0035306922654854134
559.0 0.0034056269214488566
560.0 0.0032805619412101805
561.0 0.0034624103136593476
562.0 0.0036442586861085147
563.0 0.003469014700385742
564.0 0.003293770714662969
565.0 0.0037941343180136755
566.0 0.004294497921364382
567.0 0.004415079820319079
568.0 0.004535661719273776
569.0 0.005098127803648822
570.0 0.005660594251821749
571.0 0.005624322511721402
572.0 0.005588050407823175
573.0 0.006156971357995644
574.0 0.006725892308168113
575.0 0.006606715032830834
576.0 0.0064875377574935555
577.0 0.00581596395932138
578.0 0.005144390161149204
579.0 0.005829457950312644
580.0 0.006514525739476085
581.0 0.007114217441994697
582.0 0.007713907689321786
583.0 0.008405029802815989
584.0 0.009096149733522907
585.0 0.009487497300142422
586.0 0.0098788455943577
587.0 0.009832174691837281
588.0 0.009785499423742294
589.0 0.010336811828892678
590.0 0.010888126416830346
591.0 0.010331150406273082
592.0 0.009774172940524295
593.0 0.007965910481289029
594.0 0.006157649477245286
595.0 0.00575474405195564
596.0 0.005351838990463875
597.0 0.005886471626581624
598.0 0.006421104626497254
599.0 0.007280696445377544
600.0 0.008140286081470549
601.0 0.00880848165252246
602.0 0.009476673585595563
603.0 0.010492412548046559
604.0 0.011508150782901794
605.0 0.011630044900812209
606.0 0.011751940473914146
607.0 0.010157116048503667
608.0 0.008562294533476233
609.0 0.006723778642481193
610.0 0.004885264570475556
611.0 0.0041834246076177806
612.0 0.003481584644760005
613.0 0.003771449701162055
614.0 0.004061313666170463
615.0 0.004806233482668176
616.0 0.005551154390559532
617.0 0.006789368489990011
618.0 0.00802758295321837
619.0 0.008939111285144463
620.0 0.009850639617070556
621.0 0.011079593969043344
622.0 0.012308548321016133
623.0 0.012359200627543032
624.0 0.012409851478878409
625.0 0.01077904598787427
626.0 0.009148239041678607
627.0 0.007350873784162104
628.0 0.0055535063438583165
629.0 0.004488789272727445
630.0 0.003424072201596573
631.0 0.0030221017368603498
632.0 0.002620131090225186
633.0 0.0026487103241379373
634.0 0.0026772897399496287
635.0 0.002890040195779875
636.0 0.0031027899240143597
637.0 0.0037458845326909795
638.0 0.004388978777569719
639.0 0.00454328182968311
640.0 0.004697584517998621
641.0 0.0051777795306406915
642.0 0.005657974543282762
643.0 0.005676496948581189
644.0 0.005695018990081735
645.0 0.005332398723112419
646.0 0.004969777728547342
647.0 0.004013018769910559
648.0 0.0030562605388695374
649.0 0.0022892192646395415
650.0 0.0015221778994600754
651.0 0.0015816985978744924
652.0 0.00164121956913732
653.0 0.0015550189345958643
654.0 0.001468817936256528
655.0 0.001466917910875054
656.0 0.0014650181583419908
657.0 0.0014431569979933556
658.0 0.0014212960195436608
659.0 0.0018883778466260992
660.0 0.002355459946556948
661.0 0.001998980042117182
662.0 0.0016425001376774162
663.0 0.0023340633561019786
664.0 0.0030256267564254813
665.0 0.0036249126424081624
666.0 0.004224198710289784
667.0 0.004872191857430153
668.0 0.005520183549378999
669.0 0.005590531145571731
670.0 0.005660875103785656
671.0 0.006214566383277997
672.0 0.006768258026568219
673.0 0.007771707169013098
674.0 0.008775157039053738
675.0 0.008328493277076632
676.0 0.00788183169788681
677.0 0.006309370655799285
678.0 0.00473690997750964
679.0 0.0031453018891625106
680.0 0.0015536945284111425
681.0 0.0006498062248283532
682.0 1.627498157942553e-10
683.0 0.00017206442635142594
684.0 0.0005982109996693907
685.0 0.0003093345412708004
686.0 2.045799760708178e-05
687.0 0.0001400906626258802
688.0 0.00025972333332902053
689.0 0.00032055190786195453
690.0 0.0003813805278696236
691.0 0.0004118083779758308
692.0 0.0004422363417688757
693.0 0.0003706737516040448
694.0 0.00029911113870184636
695.0 0.0004116077434446197
696.0 0.0005241042799752904
697.0 0.0006006559942761669
698.0 0.0006772075721528381
699.0 0.0005201888143346878
700.0 0.00036316980640549446
701.0 0.0003244584604544798
702.0 0.0002857471599782002
703.0 0.00033055193853215314
704.0 0.0003753567398234736
705.0 0.00041348639570060186
706.0 0.00045161591515352484
707.0 7.069518801472441e-05
708.0 1.627498157942553e-10
709.0 1.627498157942553e-10
710.0 0.0001999028199861641
711.0 0.00038528423829120584
712.0 0.00057066563385888
713.0 0.00028177641979709733
714.0 1.627498157942553e-10
715.0 0.00020178322301944718
716.0 0.00041067919482884463
717.0 0.00036744515909958864
718.0 0.00032421116884506773
719.0 0.0004192082997178659
720.0 0.000514205385115929
721.0 0.00034072606922563864
722.0 0.0001672468101787672
723.0 0.00022493213691632263
724.0 0.0002826174522851943
725.0 0.00040648637877893634
726.0 0.0005303554644342512
727.0 0.00024869195840437897
728.0 1.627498157942553e-10
729.0 0.00022964486561249942
730.0 0.0004922611879010219
731.0 0.0005841686743224273
732.0 0.0006760764335922431
733.0 0.0002769499360510963
734.0 1.627498157942553e-10
735.0 1.627498157942553e-10
736.0 1.627498157942553e-10
737.0 0.0003047119889743044
738.0 0.0008178405551007017
739.0 0.0005701966983906459
740.0 0.0003225525006200769
741.0 0.0002458955577822053
742.0 0.00016923855810091482
743.0 8.576488141898153e-06
744.0 1.627498157942553e-10
745.0 0.00016766448425187264
746.0 0.00048741462705947924
747.0 0.00020621000658138655
748.0 1.627498157942553e-10
749.0 1.627498157942553e-10
750.0 1.627498157942553e-10
751.0 1.627498157942553e-10
752.0 1.627498157942553e-10
753.0 0.00016842111563164508
754.0 0.00039401179492415395
755.0 1.627498157942553e-10
756.0 1.627498157942553e-10
757.0 1.627498157942553e-10
758.0 1.627498157942553e-10
759.0 0.00010273002999383607
760.0 0.00047478456508542877
761.0 0.0001960989948202041
762.0 1.627498157942553e-10
763.0 1.627498157942553e-10
764.0 1.627498157942553e-10
765.0 0.0002014092615354457
766.0 0.00045477650019165594
767.0 8.54215500112332e-05
768.0 1.627498157942553e-10
769.0 1.627498157942553e-10
770.0 1.627498157942553e-10
771.0 1.627498157942553e-10
772.0 1.627498157942553e-10
773.0 0.0002556466370151611
774.0 0.0007378775080724154
775.0 0.00042679253056121524
776.0 0.00011570740525712608
777.0 0.0001284551444769022
778.0 0.0001412028950653621
779.0 0.000379459584110009
780.0 0.0006177162049425533
781.0 0.0006664552984148031
782.0 0.0007151943464123178
783.0 0.0005900637006561738
784.0 0.00046493319132423494
785.0 0.00031927195323078195
786.0 0.0001736104081828671
787.0 0.0006733168447681237
788.0 0.0011730231562978588
789.0 0.0009387005775352009
790.0 0.0007043782261462184
791.0 0.000561108618057915
792.0 0.0004178389190201415
793.0 0.0004881580935034435
794.0 0.000558476995138335
795.0 0.0008293442078866065
796.0 0.0011002113751601428
797.0 0.0006166272669361206
798.0 0.0001330431928181497
799.0 0.0005742029316024855
800.0 0.0010153627044928726
801.0 0.0005742746907344554
802.0 0.0001331866087639355
803.0 0.0003757237891477416
804.0 0.0006182609013194451
805.0 0.0007444531547662336
806.0 0.0008706453627382871
807.0 0.0005946055352978874
808.0 0.00031856573059485527
809.0 5.396088909037644e-05
810.0 1.627498157942553e-10
811.0 0.0001798039988898381
812.0 0.0005702518137695733
813.0 0.0008501559022988658
814.0 0.001130059808929218
815.0 0.000999860367301153
816.0 0.0008696602890267968
817.0 0.0009253431016986724
818.0 0.0009810258234210778
819.0 0.001030847488436848
820.0 0.001080669153452618
821.0 0.0010693936928873882
822.0 0.0010581181413726881
823.0 0.0008782245458860416
824.0 0.0006983312687225407
825.0 0.0006824358479207149
826.0 0.0006665404725936241
827.0 0.000800676025392022
828.0 0.0009348115781904198
829.0 0.0005562723345065024
830.0 0.00017773299987311475
831.0 0.00010549237003942835
832.0 3.325201021198154e-05
833.0 0.0004417442141857464
834.0 0.0008502363925799727
835.0 0.00025925216959876707
836.0 1.627498157942553e-10
837.0 1.627498157942553e-10
838.0 6.706305271109159e-05
839.0 0.0003138038209726801
840.0 0.0005605445949186105
841.0 0.0008866432835930027
842.0 0.0012127419722673949
843.0 0.0008508824976161122
844.0 0.0004890226591669489
845.0 0.00047998960326367524
846.0 0.0004709564564109314
847.0 0.0007487040875275852
848.0 0.0010264518095937092
849.0 0.0009268029316444881
850.0 0.0008271535989479162
851.0 0.0011330243069096468
852.0 0.0014388950148713775
853.0 0.000665602146909805
854.0 1.627498157942553e-10
855.0 1.627498157942553e-10
856.0 1.627498157942553e-10
857.0 0.0003797881390710245
858.0 0.0015377283489215188
859.0 0.0011877162251039408
860.0 0.0008377037374884821
861.0 0.0011349530723236967
862.0 0.0014322025890578516
863.0 0.0017135069356299937
864.0 0.0019948112822021358
865.0 0.0019959767087129876
866.0 0.00199714249902172
867.0 0.002672965274541639
868.0 0.0033487875043647364
869.0 0.0030340659577632323
870.0 0.002719343865464907
871.0 0.003338713213452138
872.0 0.00395808310713619
873.0 0.002881740147131495
874.0 0.0018053975509246811
875.0 0.00246449690166628
876.0 0.003123595888609998
