lsstCam/transmission_filter_detector/r22_s20/i_39/19700101T000000.ecsv
# %ECSV 1.0
# ---
# datatype:
# - {name: wavelength, unit: nm, datatype: float32}
# - {name: efficiency, unit: '%', datatype: float64}
# meta: !!omap
# - {MODE: DETECTOR}
# - {TYPE: transmission_filter_detector}
# - {CALIBDATE: '1970-01-01T00:00:00'}
# - {INSTRUME: LSSTCam}
# - {OBSTYPE: transmission_filter_detector}
# - {CALIBCLS: lsst.ip.isr.IntermediateFilterDetectorTransmissionCurve}
# - {SOURCE: Materion (DM-46256)}
# - {DETECTOR: 96}
# - {FILTER: i_39}
# - {CALIB_ID: 'calibDate=1970-01-01T00:00:00 filter=i_39 detector=96'}
# - {DATE: '2025-04-02T15:59:46.925537'}
# - {CALIB_CREATION_DATE: '2025-04-02'}
# - {CALIB_CREATION_TIME: '15:59:46'}
# - __serialized_columns__:
#     efficiency:
#       __class__: astropy.units.quantity.Quantity
#       unit: !astropy.units.Unit {unit: '%'}
#       value: !astropy.table.SerializedColumn {name: efficiency}
#     wavelength:
#       __class__: astropy.units.quantity.Quantity
#       unit: !astropy.units.Unit {unit: nm}
#       value: !astropy.table.SerializedColumn {name: wavelength}
# schema: astropy-2.0
wavelength efficiency
300.0 0.0058780900872079656
301.0 0.002343868254683912
302.0 1.5728710651627398e-10
303.0 0.013191359175834805
304.0 0.02757305046543479
305.0 0.015504605835303664
306.0 0.0034361604775767773
307.0 0.003232528251828626
308.0 0.003028896389878355
309.0 0.004293593519832939
310.0 0.0055582899221917614
311.0 0.0049524773203302175
312.0 0.004346668356447481
313.0 1.5728710651627398e-10
314.0 1.5728710651627398e-10
315.0 1.5728710651627398e-10
316.0 1.5728710651627398e-10
317.0 0.0005887658517167438
318.0 0.0036933728551957756
319.0 0.0033128901122836396
320.0 0.0029324079150683247
321.0 0.003319726965855807
322.0 0.0037070454709464684
323.0 0.0032241940061794594
324.0 0.002741341268119868
325.0 0.0007423707302223193
326.0 1.5728710651627398e-10
327.0 1.5728710651627398e-10
328.0 1.5728710651627398e-10
329.0 1.5728710651627398e-10
330.0 1.5728710651627398e-10
331.0 0.0015748457371955737
332.0 0.003399874549359083
333.0 0.0027181635232409462
334.0 0.0020364524971228093
335.0 0.001659595909586642
336.0 0.0012827393220504746
337.0 0.0014094110156293027
338.0 0.0015360823454102501
339.0 0.002110156128765084
340.0 0.002684230094018858
341.0 0.0013721204595640302
342.0 6.0010825109202415e-05
343.0 0.0011114010703749955
344.0 0.002162791497539729
345.0 0.0007813326192263048
346.0 1.5728710651627398e-10
347.0 1.5728710651627398e-10
348.0 1.5728710651627398e-10
349.0 1.5728710651627398e-10
350.0 0.0012744828381983098
351.0 0.0007223773536679801
352.0 0.00017027183503159904
353.0 1.5728710651627398e-10
354.0 1.5728710651627398e-10
355.0 1.5728710651627398e-10
356.0 1.5728710651627398e-10
357.0 0.0003717871322805877
358.0 0.0010140319318452384
359.0 0.0003910901796189137
360.0 1.5728710651627398e-10
361.0 0.0001809245986805763
362.0 0.0005937008609180339
363.0 9.888162821880542e-05
364.0 1.5728710651627398e-10
365.0 1.5728710651627398e-10
366.0 1.5728710651627398e-10
367.0 1.5728710651627398e-10
368.0 0.00030277194582595257
369.0 0.0006011688128637616
370.0 0.0008995657481136732
371.0 0.0006890052191010909
372.0 0.00047844473556324374
373.0 0.0002591080829006387
374.0 3.9771319393366866e-05
375.0 6.239395702323236e-05
376.0 8.501655202053371e-05
377.0 1.5728710651627398e-10
378.0 1.5728710651627398e-10
379.0 1.5728710651627398e-10
380.0 1.5728710651627398e-10
381.0 1.5728710651627398e-10
382.0 1.5728710651627398e-10
383.0 0.0002560748725954909
384.0 0.0009365831829200033
385.0 0.0006874418431834783
386.0 0.00043830050344695337
387.0 3.3361439477630483e-05
388.0 1.5728710651627398e-10
389.0 1.5728710651627398e-10
390.0 1.5728710651627398e-10
391.0 0.0001844492658165109
392.0 0.0003876199116348289
393.0 4.0416873048343405e-05
394.0 1.5728710651627398e-10
395.0 1.5728710651627398e-10
396.0 0.00022931640160095412
397.0 0.0005879934633412631
398.0 0.0009466705705563072
399.0 0.0010613937774905935
400.0 0.0011761169844248798
401.0 0.001456462632631883
402.0 0.0017368074622936547
403.0 0.0029268039725138806
404.0 0.004116801210329868
405.0 0.0023553417122457176
406.0 0.000593882032262627
407.0 0.0013369331099966075
408.0 0.0020799838239327073
409.0 0.0024402283088420518
410.0 0.002800472611852456
411.0 0.004422418714966625
412.0 0.006044364636181854
413.0 0.005034300920669921
414.0 0.004024236841360107
415.0 0.003554537397576496
416.0 0.0030848375899950042
417.0 0.0038559901440748945
418.0 0.004627142334356904
419.0 0.003953889608965255
420.0 0.003280636519775726
421.0 0.004132328467676416
422.0 0.004984020779374987
423.0 0.0051482620619935915
424.0 0.005312503708410077
425.0 0.005801228326163255
426.0 0.00628995185252279
427.0 0.005589801003225148
428.0 0.004889649426331744
429.0 0.004398221426527016
430.0 0.0039067941543180496
431.0 0.0034890384995378554
432.0 0.003071283208555542
433.0 0.003035466761502903
434.0 0.0029996504963492043
435.0 0.002638203659444116
436.0 0.002276756458741147
437.0 0.0016707497707102448
438.0 0.0010647429917298723
439.0 0.0012755426723742858
440.0 0.001486342262069229
441.0 0.0016365451301680878
442.0 0.0017867481801658869
443.0 0.0015053273273224477
444.0 0.0012239062925800681
445.0 0.0011815311154350638
446.0 0.0011391559382900596
447.0 0.0007879577424318995
448.0 0.00043675968299794476
449.0 0.00026878542485064827
450.0 0.00010081113259730046
451.0 0.00020379127363412408
452.0 0.00030677147151436657
453.0 0.0008441398676950485
454.0 0.0013815083548252005
455.0 0.001436077400285285
456.0 0.0014906465366948396
457.0 0.0007263990028150147
458.0 1.5728710651627398e-10
459.0 0.0002390397639828734
460.0 0.000515928013555822
461.0 0.0007334618203458376
462.0 0.0009509955816611182
463.0 0.0007166740488173673
464.0 0.0004823524250241462
465.0 0.00028338604352029506
466.0 8.44196222260507e-05
467.0 0.0003065448481720523
468.0 0.0005286700798023958
469.0 0.0004952980361849768
470.0 0.00046192599256755784
471.0 0.0006634852525166934
472.0 0.0008650448762637097
473.0 0.0009462311027164105
474.0 0.0010274173291691113
475.0 0.0007811039722582791
476.0 0.0005347906153474469
477.0 0.0007038962849037489
478.0 0.0008730018635105807
479.0 0.001645485644985456
480.0 0.0024179695174098015
481.0 0.002763286101981066
482.0 0.003108602686552331
483.0 0.004818676461582072
484.0 0.006528750964207575
485.0 0.008040755346883088
486.0 0.009552759729558602
487.0 0.011805710528278723
488.0 0.014058657689020038
489.0 0.01676289684837684
490.0 0.019467136007733643
491.0 0.021869501506444067
492.0 0.024271864094771445
493.0 0.025194452609866858
494.0 0.02611704112496227
495.0 0.022950662241782993
496.0 0.019784281903412193
497.0 0.015860804705880582
498.0 0.011937329691136256
499.0 0.00825280585559085
500.0 0.004568282747641206
501.0 0.003437959821894765
502.0 0.0023076367142493837
503.0 0.0022325923055177554
504.0 0.0021575475329882465
505.0 0.001959876863111276
506.0 0.0017622060113353655
507.0 0.002109548222506419
508.0 0.002456890251778532
509.0 0.002415313974779565
510.0 0.0023737378796795383
511.0 0.0020009310901514255
512.0 0.0016281243006233126
513.0 0.0019006460206583142
514.0 0.0021731679225922562
515.0 0.002304447116330266
516.0 0.002435726491967216
517.0 0.002510655394871719
518.0 0.0025855844796751626
519.0 0.0023360009436146356
520.0 0.002086417589453049
521.0 0.0018490471120458096
522.0 0.0016116762708406895
523.0 0.0015383368008770049
524.0 0.0014649973309133202
525.0 0.002181175113946665
526.0 0.0028973530788789503
527.0 0.0027585838324739598
528.0 0.0026198145860689692
529.0 0.0022569209249923006
530.0 0.0018940270820166916
531.0 0.0017778045730665326
532.0 0.001661582246015314
533.0 0.0016433590644737706
534.0 0.0016251357010332868
535.0 0.0019130282453261316
536.0 0.0022009207896189764
537.0 0.0028209869924467057
538.0 0.0034410528314765543
539.0 0.004149985761614516
540.0 0.0048589186917524785
541.0 0.005237074219621718
542.0 0.005615229747490957
543.0 0.005108377808937803
544.0 0.0046015258703846484
545.0 0.0036167228245176375
546.0 0.002631919960549567
547.0 0.0021653455405612476
548.0 0.0016987711205729283
549.0 0.0016264883015537634
550.0 0.001554205664433539
551.0 0.0015128736777114682
552.0 0.0014715418728883378
553.0 0.0014168647794576827
554.0 0.0013621875950775575
555.0 0.0009849512935034
556.0 0.0006077150374039775
557.0 0.0007502582775487099
558.0 0.0008928015631681774
559.0 0.0005816223620058736
560.0 0.00027044318358093733
561.0 0.00089999502961291
562.0 0.0015295470802811906
563.0 0.0016041049093473703
564.0 0.0016786625565146096
565.0 0.0014243523764889687
566.0 0.001170042287412798
567.0 0.0009701750059321057
568.0 0.0007703078154008836
569.0 0.0007293469934666064
570.0 0.0006883862624817993
571.0 0.000577347327634925
572.0 0.00046630825636384543
573.0 0.0005146598596184049
574.0 0.0005630114628729643
575.0 0.0004766812708112411
576.0 0.0003903510787495179
577.0 0.0004081578936165897
578.0 0.0004259647539583966
579.0 0.00033764201816666173
580.0 0.0002493193505870295
581.0 0.0003962408754887292
582.0 0.0005431624231277965
583.0 0.0005187028364161961
584.0 0.0004942432497045957
585.0 0.0005798512574983761
586.0 0.0006654594926658319
587.0 0.0006761956228729105
588.0 0.0006869316621305188
589.0 0.00062610961322207
590.0 0.0005652876552630914
591.0 0.0006288241365837166
592.0 0.000692360708853812
593.0 0.0006051824129826855
594.0 0.0005180040261620888
595.0 0.0004803046067536343
596.0 0.00044260514187044464
597.0 0.0004753078883368289
598.0 0.0005080106348032132
599.0 0.0004344421540736221
600.0 0.00036087371881876606
601.0 0.0003247047516197199
602.0 0.00028853578442067374
603.0 0.0002649388306963374
604.0 0.0002413418542346335
605.0 0.00021608445877063787
606.0 0.00019082704056927469
607.0 0.000366906442650361
608.0 0.0005429857992567122
609.0 0.0004837123015022371
610.0 0.00042443866732355673
611.0 0.0005249827609077329
612.0 0.000625526854491909
613.0 0.00040763065953797195
614.0 0.0001897345327961375
615.0 0.00023907389277155744
616.0 0.0002884132527469774
617.0 0.0003306804273961461
618.0 0.00037294764752004994
619.0 0.0003953290161007317
620.0 0.00041771045289351605
621.0 0.0003561065796020557
622.0 0.0002945027063105954
623.0 0.00041371922634425573
624.0 0.0005329357463779161
625.0 0.00040241293390863575
626.0 0.0002718901669140905
627.0 0.0003016037226188928
628.0 0.00033131723284896
629.0 0.0003664389623736497
630.0 0.00040156064642360434
631.0 0.00042516362555033993
632.0 0.00044876651372760534
633.0 0.00041912790038622916
634.0 0.0003894891960953828
635.0 0.0004245157015247969
636.0 0.0004595421614794759
637.0 0.0005175582828087499
638.0 0.0005755743131885538
639.0 0.0006337730610539438
640.0 0.0006919716724951286
641.0 0.0006155141818453558
642.0 0.0005390567366703181
643.0 0.000610723463978502
644.0 0.0006823903277108911
645.0 0.0008260157301265281
646.0 0.000969641132542165
647.0 0.0008102374522422906
648.0 0.0006508338628918864
649.0 0.0007572545655420981
650.0 0.0008636752681923099
651.0 0.0009040240911417641
652.0 0.0009443730050406884
653.0 0.0011157255357829854
654.0 0.0012870782484242227
655.0 0.001709687421680428
656.0 0.0021322966858861037
657.0 0.0031187966669676825
658.0 0.00410529610235244
659.0 0.006803385622333735
660.0 0.033223480568267405
661.0 0.10853935964405537
662.0 0.1193117699585855
663.0 0.12519138399511576
664.0 0.09760126704350114
665.0 0.16164291882887483
666.0 0.16783889150246978
667.0 0.26927164290100336
668.0 0.24411017075181007
669.0 0.3604192519560456
670.0 0.5734882317483425
671.0 0.8655909448862076
672.0 1.3680673204362392
673.0 2.0334800705313683
674.0 2.8976233676075935
675.0 3.968336060643196
676.0 5.109534785151482
677.0 6.511560082435608
678.0 7.972901314496994
679.0 9.64490994811058
680.0 11.813651025295258
681.0 14.095263183116913
682.0 16.782277822494507
683.0 19.575993716716766
684.0 22.583892941474915
685.0 25.533586740493774
686.0 28.577101230621338
687.0 31.953337788581848
688.0 35.517618060112
689.0 39.27367627620697
690.0 43.51183772087097
691.0 48.31879138946533
692.0 53.681761026382446
693.0 59.46510434150696
694.0 65.75762629508972
695.0 71.44299745559692
696.0 77.6093602180481
697.0 82.83877968788147
698.0 87.98171877861023
699.0 91.4747416973114
700.0 93.99206638336182
701.0 95.68397998809814
702.0 96.76856994628906
703.0 97.33535051345825
704.0 97.46473431587219
705.0 97.77198433876038
706.0 97.723388671875
707.0 97.7827787399292
708.0 97.86170721054077
709.0 97.82510995864868
710.0 97.65980839729309
711.0 97.96932935714722
712.0 97.83721566200256
713.0 97.8975772857666
714.0 98.0940580368042
715.0 98.10999631881714
716.0 97.90956377983093
717.0 98.06895852088928
718.0 97.99994826316833
719.0 98.01738262176514
720.0 98.10503721237183
721.0 98.00280332565308
722.0 97.660893201828
723.0 97.35397696495056
724.0 97.04654216766357
725.0 96.91711068153381
726.0 96.70004844665527
727.0 96.60698175430298
728.0 96.4323103427887
729.0 96.34519815444946
730.0 96.5211272239685
731.0 96.54664397239685
732.0 96.73383831977844
733.0 97.09035754203796
734.0 97.42647409439087
735.0 97.57323265075684
736.0 97.93725609779358
737.0 98.29357862472534
738.0 98.39193820953369
739.0 98.69689345359802
740.0 98.75403046607971
741.0 98.622065782547
742.0 98.8090991973877
743.0 98.65217804908752
744.0 98.54015111923218
745.0 98.50902557373047
746.0 98.48361015319824
747.0 98.74728322029114
748.0 98.56902956962585
749.0 98.49251508712769
750.0 98.44357371330261
751.0 98.42479228973389
752.0 98.225998878479
753.0 98.58531355857849
754.0 98.4429657459259
755.0 98.55149984359741
756.0 98.62462282180786
757.0 98.57085943222046
758.0 98.66812229156494
759.0 98.77950549125671
760.0 98.64953756332397
761.0 98.57173562049866
762.0 98.68476390838623
763.0 98.67721796035767
764.0 98.50085973739624
765.0 98.47725629806519
766.0 98.33439588546753
767.0 98.1967031955719
768.0 98.28724265098572
769.0 98.11549186706543
770.0 97.94511198997498
771.0 97.93113470077515
772.0 97.95637130737305
773.0 97.88139462471008
774.0 97.7169394493103
775.0 97.80520796775818
776.0 97.76392579078674
777.0 97.8017807006836
778.0 97.96699285507202
779.0 98.07584881782532
780.0 98.00159931182861
781.0 98.40536117553711
782.0 98.45319390296936
783.0 98.48429560661316
784.0 98.47530722618103
785.0 98.51499795913696
786.0 98.726487159729
787.0 98.39979410171509
788.0 98.40572476387024
789.0 98.50836992263794
790.0 98.44297170639038
791.0 98.48501086235046
792.0 98.24609160423279
793.0 98.138028383255
794.0 98.01031947135925
795.0 97.85693287849426
796.0 97.86391854286194
797.0 97.89405465126038
798.0 97.82094955444336
799.0 97.70311713218689
800.0 97.42037653923035
801.0 97.2646951675415
802.0 97.07608819007874
803.0 96.5714693069458
804.0 95.87776064872742
805.0 94.78804469108582
806.0 93.69649291038513
807.0 91.90941452980042
808.0 89.95965719223022
809.0 87.82434463500977
810.0 85.23917198181152
811.0 82.15011954307556
812.0 78.61683964729309
813.0 74.80195164680481
814.0 70.56081891059875
815.0 66.06336236000061
816.0 61.69882416725159
817.0 57.01111555099487
818.0 52.28810906410217
819.0 48.13072681427002
820.0 43.29513609409332
821.0 38.809019327163696
822.0 34.28947329521179
823.0 29.698780179023743
824.0 25.058990716934204
825.0 20.787453651428223
826.0 16.456539928913116
827.0 12.246347218751907
828.0 8.774533122777939
829.0 5.825518444180489
830.0 3.473832830786705
831.0 2.174203470349312
832.0 1.2140815146267414
833.0 0.6965139880776405
834.0 0.42535439133644104
835.0 0.2565340604633093
836.0 0.15305104898288846
837.0 0.07161058019846678
838.0 0.08187462226487696
839.0 1.5728710651627398e-10
840.0 0.00457053174613975
841.0 1.5728710651627398e-10
842.0 0.009251126903109252
843.0 0.0005575666364165954
844.0 0.014965453010518104
845.0 1.5728710651627398e-10
846.0 1.5728710651627398e-10
847.0 1.5728710651627398e-10
848.0 1.5728710651627398e-10
849.0 1.5728710651627398e-10
850.0 1.5728710651627398e-10
851.0 1.5728710651627398e-10
852.0 0.0006315735390671762
853.0 0.0005206208243180299
854.0 0.00040966820051835384
855.0 0.00028261029001441784
856.0 0.00015555252730337088
857.0 9.087516446015798e-05
858.0 2.619769645662018e-05
859.0 1.5728710651627398e-10
860.0 1.5728710651627398e-10
861.0 1.5728710651627398e-10
862.0 0.0001792314947124396
863.0 1.4245480883801065e-05
864.0 1.5728710651627398e-10
865.0 1.5728710651627398e-10
866.0 1.5728710651627398e-10
867.0 1.5728710651627398e-10
868.0 1.5728710651627398e-10
869.0 1.5728710651627398e-10
870.0 1.5728710651627398e-10
871.0 1.5728710651627398e-10
872.0 1.5728710651627398e-10
873.0 9.988399369831313e-05
874.0 0.00022716421881341375
875.0 6.21565902747534e-05
876.0 1.5728710651627398e-10
877.0 1.5728710651627398e-10
878.0 1.5728710651627398e-10
879.0 1.5728710651627398e-10
880.0 1.5728710651627398e-10
881.0 1.5728710651627398e-10
882.0 1.599684509301369e-05
883.0 3.07678016397972e-07
884.0 1.5728710651627398e-10
885.0 1.6298247373924823e-05
886.0 4.79779941997549e-05
887.0 1.5728710651627398e-10
888.0 1.5728710651627398e-10
889.0 1.5728710651627398e-10
890.0 1.5728710651627398e-10
891.0 1.5728710651627398e-10
892.0 1.2279861039132811e-05
893.0 1.5728710651627398e-10
894.0 1.5728710651627398e-10
895.0 1.5728710651627398e-10
