lsstCam/transmission_filter_detector/r22_s20/i_39/19700101T000000.ecsv
# %ECSV 1.0
# ---
# datatype:
# - {name: wavelength, unit: nm, datatype: float32}
# - {name: efficiency, unit: '%', datatype: float64}
# meta: !!omap
# - {MODE: DETECTOR}
# - {TYPE: transmission_filter_detector}
# - {CALIBDATE: '1970-01-01T00:00:00'}
# - {INSTRUME: LSSTCam}
# - {OBSTYPE: transmission_filter_detector}
# - {CALIBCLS: lsst.ip.isr.IntermediateFilterDetectorTransmissionCurve}
# - {SOURCE: Materion (DM-46256)}
# - {DETECTOR: 96}
# - {FILTER: i_39}
# - {CALIB_ID: 'calibDate=1970-01-01T00:00:00 filter=i_39 detector=96'}
# - {DATE: '2025-04-02T15:59:46.925537'}
# - {CALIB_CREATION_DATE: '2025-04-02'}
# - {CALIB_CREATION_TIME: '15:59:46'}
# - __serialized_columns__:
#     efficiency:
#       __class__: astropy.units.quantity.Quantity
#       unit: !astropy.units.Unit {unit: '%'}
#       value: !astropy.table.SerializedColumn {name: efficiency}
#     wavelength:
#       __class__: astropy.units.quantity.Quantity
#       unit: !astropy.units.Unit {unit: nm}
#       value: !astropy.table.SerializedColumn {name: wavelength}
# schema: astropy-2.0
wavelength efficiency
[from data line 597]
897.0 1.5728710651627398e-10
898.0 1.5728710651627398e-10
899.0 1.5728710651627398e-10
900.0 1.5728710651627398e-10
901.0 1.5728710651627398e-10
902.0 1.5728710651627398e-10
903.0 1.5728710651627398e-10
904.0 1.5728710651627398e-10
905.0 5.112882490720949e-05
906.0 0.0001759182509886159
907.0 0.00010733442650234792
908.0 3.8750599173908995e-05
909.0 6.586287781829014e-05
910.0 9.297513656747469e-05
911.0 8.656593308842275e-05
912.0 8.015672960937081e-05
913.0 4.2428649749126635e-05
914.0 4.700528677403781e-06
915.0 1.1628429774646065e-05
916.0 1.8556357872512308e-05
917.0 1.5728710651627398e-10
918.0 1.5728710651627398e-10
919.0 3.797470924382651e-05
920.0 0.00011086584663644317
921.0 0.00014213508165994426
922.0 0.00017340429394607781
923.0 3.901712375409261e-05
924.0 1.5728710651627398e-10
925.0 4.35157744504977e-05
926.0 0.00018240160670757177
927.0 1.5728710651627398e-10
928.0 1.5728710651627398e-10
929.0 1.5728710651627398e-10
930.0 0.0001559830707265064
931.0 0.00013254506256998866
932.0 0.00010910703167610336
933.0 1.7394432916262303e-05
934.0 1.5728710651627398e-10
935.0 1.5728710651627398e-10
936.0 1.5728710651627398e-10
937.0 1.5728710651627398e-10
938.0 1.5728710651627398e-10
939.0 1.5728710651627398e-10
940.0 1.5728710651627398e-10
941.0 1.5728710651627398e-10
942.0 4.1751695789571386e-05
943.0 2.672412051651918e-05
944.0 1.1696554480522536e-05
945.0 1.5728710651627398e-10
946.0 1.5728710651627398e-10
947.0 1.5728710651627398e-10
948.0 1.5728710651627398e-10
949.0 1.5728710651627398e-10
950.0 1.5728710651627398e-10
951.0 1.5728710651627398e-10
952.0 9.638563369662734e-05
953.0 1.5728710651627398e-10
954.0 1.5728710651627398e-10
955.0 1.5728710651627398e-10
956.0 1.5728710651627398e-10
957.0 1.5728710651627398e-10
958.0 6.117424504736846e-05
959.0 6.621812644880265e-05
960.0 7.12620249032625e-05
961.0 5.016922841605265e-05
962.0 2.9076414875817136e-05
963.0 0.00013515142427422688
964.0 0.00024122643935697852
965.0 0.00016341191440005787
966.0 8.559738944313722e-05
967.0 1.5728710651627398e-10
968.0 1.5728710651627398e-10
969.0 1.5728710651627398e-10
970.0 1.5728710651627398e-10
971.0 1.5728710651627398e-10
972.0 1.5728710651627398e-10
973.0 1.5728710651627398e-10
974.0 0.00020850691271334654
975.0 3.4777113455675135e-05
976.0 1.5728710651627398e-10
977.0 1.5728710651627398e-10
978.0 6.717323230986949e-05
979.0 1.5728710651627398e-10
980.0 1.5728710651627398e-10
981.0 1.5728710651627398e-10
982.0 3.5827306987812335e-05
983.0 1.5728710651627398e-10
984.0 1.5728710651627398e-10
985.0 1.5728710651627398e-10
986.0 5.9959029385936446e-05
987.0 1.5728710651627398e-10
988.0 1.5728710651627398e-10
989.0 1.5728710651627398e-10
990.0 1.1707156488682813e-05
991.0 3.829172783298418e-05
992.0 6.48763261779095e-05
993.0 1.5728710651627398e-10
994.0 1.5728710651627398e-10
995.0 5.868599259883922e-05
996.0 0.00020461461645027157
997.0 0.00018047330740955658
998.0 0.00015633196426279028
999.0 0.00015369286074928823
1000.0 0.0001510537117610511
1001.0 0.00026937643724522786
1002.0 0.0003876991286233533
1003.0 0.00022351309780788142
1004.0 5.9327055623725755e-05
1005.0 4.7912971012920025e-05
1006.0 3.649882671652449e-05
1007.0 0.00012341786259639775
1008.0 0.0002103369297401514
1009.0 0.00021153844045329606
1010.0 0.00021273995116644073
1011.0 0.00016917064158405992
1012.0 0.00012560127515826025
1013.0 0.00010254399285258842
1014.0 7.948668780954904e-05
1015.0 0.00014831618955213344
1016.0 0.00021714572540076915
1017.0 0.00025217075290129287
1018.0 0.0002871958258765517
1019.0 0.00014988976317908964
1020.0 1.2583691955114773e-05
1021.0 0.0001148497176473029
1022.0 0.00021711575755034573
1023.0 0.00030942233024688903
1024.0 0.00040172890294343233
1025.0 0.0004079377504240256
1026.0 0.00041414659790461883
1027.0 0.00039679825931671076
1028.0 0.00037944996620353777
1029.0 0.0007975391781656072
1030.0 0.0012156283446529415
1031.0 0.0016232392226811498
1032.0 0.0020308498278609477
1033.0 0.0023694427000009455
1034.0 0.0027080352083430625
1035.0 0.003158058098051697
1036.0 0.0036080804420635104
1037.0 0.003487880894681439
1038.0 0.003367681347299367
1039.0 0.003186313551850617
1040.0 0.0030049461201997474
1041.0 0.003030039806617424
1042.0 0.003055133856832981
1043.0 0.003297014336567372
1044.0 0.0035388951800996438
1045.0 0.0030754366889595985
1046.0 0.0026119787435163744
1047.0 0.0027542500902200118
1048.0 0.002896521255024709
1049.0 0.002611951458675321
1050.0 0.0023273814804269932
1051.0 0.002035566467384342
1052.0 0.0017437516362406313
1053.0 0.0014612235645472538
1054.0 0.001178695401904406
1055.0 0.0010881084563152399
1056.0 0.0009975215107260738
1057.0 0.000648657578494749
1058.0 0.0002997938508997322
1059.0 0.0005642489668389317
1060.0 0.0008287041055154987
1061.0 0.0010886633390327916
1062.0 0.0013486226634995546
1063.0 0.002095330819429364
1064.0 0.0028420388844097033
1065.0 0.0034310014598304406
1066.0 0.004019963671453297
1067.0 0.004757313217851333
1068.0 0.005494663491845131
1069.0 0.004822006303584203
1070.0 0.004149348751525395
1071.0 0.0040290560718858615
1072.0 0.003908763392246328
1073.0 0.0033390875614713877
1074.0 0.0027694113668985665
1075.0 0.003046847450605128
1076.0 0.0033242831705138087
1077.0 0.002651388967933599
1078.0 0.001978494765353389
1079.0 0.0018397278836346231
1080.0 0.0017009610019158572
1081.0 0.0012120143765059765
1082.0 0.0007230678420455661
1083.0 0.0005168274583411403
1084.0 0.00031058714284881717
1085.0 0.0004726564839074854
1086.0 0.0006347259841277264
1087.0 7.307546638912754e-05
1088.0 1.5728710651627398e-10
1089.0 1.5728710651627398e-10
1090.0 1.5728710651627398e-10
1091.0 1.5728710651627398e-10
1092.0 1.5728710651627398e-10
1093.0 1.5728710651627398e-10
1094.0 1.5728710651627398e-10
1095.0 1.5728710651627398e-10
1096.0 1.5728710651627398e-10
1097.0 1.5728710651627398e-10
1098.0 1.5728710651627398e-10
1099.0 0.0008193514986487571
1100.0 0.0019803843315457925
