lsstCam/transmission_filter_detector/r24_s12/i_39/19700101T000000.ecsv
# %ECSV 1.0
# ---
# datatype:
# - {name: wavelength, unit: nm, datatype: float32}
# - {name: efficiency, unit: '%', datatype: float64}
# meta: !!omap
# - {MODE: DETECTOR}
# - {TYPE: transmission_filter_detector}
# - {CALIBDATE: '1970-01-01T00:00:00'}
# - {INSTRUME: LSSTCam}
# - {OBSTYPE: transmission_filter_detector}
# - {CALIBCLS: lsst.ip.isr.IntermediateFilterDetectorTransmissionCurve}
# - {SOURCE: Materion (DM-46256)}
# - {DETECTOR: 113}
# - {FILTER: i_39}
# - {CALIB_ID: 'calibDate=1970-01-01T00:00:00 filter=i_39 detector=113'}
# - {DATE: '2025-04-02T15:59:47.003959'}
# - {CALIB_CREATION_DATE: '2025-04-02'}
# - {CALIB_CREATION_TIME: '15:59:47'}
# - __serialized_columns__:
#     efficiency:
#       __class__: astropy.units.quantity.Quantity
#       unit: !astropy.units.Unit {unit: '%'}
#       value: !astropy.table.SerializedColumn {name: efficiency}
#     wavelength:
#       __class__: astropy.units.quantity.Quantity
#       unit: !astropy.units.Unit {unit: nm}
#       value: !astropy.table.SerializedColumn {name: wavelength}
# schema: astropy-2.0
wavelength efficiency
300.0 0.05143163725733757
301.0 0.02545527822803706
302.0 1.708554738660828e-10
303.0 0.006444727478083223
304.0 0.013410503743216395
305.0 0.01132701218011789
306.0 0.00924352279980667
307.0 1.708554738660828e-10
308.0 1.708554738660828e-10
309.0 1.708554738660828e-10
310.0 1.708554738660828e-10
311.0 1.708554738660828e-10
312.0 1.708554738660828e-10
313.0 1.708554738660828e-10
314.0 1.708554738660828e-10
315.0 1.708554738660828e-10
316.0 1.708554738660828e-10
317.0 1.708554738660828e-10
318.0 1.708554738660828e-10
319.0 1.708554738660828e-10
320.0 1.708554738660828e-10
321.0 1.708554738660828e-10
322.0 1.708554738660828e-10
323.0 1.708554738660828e-10
324.0 1.708554738660828e-10
325.0 1.708554738660828e-10
326.0 1.708554738660828e-10
327.0 0.0007792281394358724
328.0 0.0016817850337247364
329.0 0.0008558797162550036
330.0 2.9974461313031497e-05
331.0 0.001119527587434277
332.0 0.0022090809579822235
333.0 0.002491451596142724
334.0 0.002773822780000046
335.0 0.001790732130757533
336.0 0.000807641936262371
337.0 0.001432048884453252
338.0 0.0020564555597957224
339.0 0.0022451724362326786
340.0 0.002433889494568575
341.0 4.0849332094694546e-05
342.0 1.708554738660828e-10
343.0 1.708554738660828e-10
344.0 1.708554738660828e-10
345.0 1.708554738660828e-10
346.0 1.708554738660828e-10
347.0 1.708554738660828e-10
348.0 1.708554738660828e-10
349.0 1.708554738660828e-10
350.0 1.708554738660828e-10
351.0 1.708554738660828e-10
352.0 1.708554738660828e-10
353.0 1.708554738660828e-10
354.0 1.708554738660828e-10
355.0 1.708554738660828e-10
356.0 1.708554738660828e-10
357.0 0.0005637604772346094
358.0 0.0012725036867777817
359.0 0.0011612231901381165
360.0 0.0010499424206500407
361.0 0.000891662512003677
362.0 0.000733382512407843
363.0 0.00035390960420045303
364.0 1.708554738660828e-10
365.0 0.0005777401383966208
366.0 0.001181043808173854
367.0 0.0008088919457804877
368.0 0.0004367399469629163
369.0 0.0008467694897262845
370.0 0.0012567992598633282
371.0 0.0005848166892974405
372.0 1.708554738660828e-10
373.0 0.0002614983259263681
374.0 0.0006101623057475081
375.0 4.257404651042407e-07
376.0 1.708554738660828e-10
377.0 1.708554738660828e-10
378.0 1.708554738660828e-10
379.0 1.708554738660828e-10
380.0 1.708554738660828e-10
381.0 1.708554738660828e-10
382.0 1.708554738660828e-10
383.0 0.0005713729933631839
384.0 0.001594390778336674
385.0 0.001220194189954782
386.0 0.0008459975106234197
387.0 1.708554738660828e-10
388.0 1.708554738660828e-10
389.0 1.708554738660828e-10
390.0 0.0002562850113463355
391.0 1.708554738660828e-10
392.0 1.708554738660828e-10
393.0 1.708554738660828e-10
394.0 6.828146297266358e-05
395.0 1.708554738660828e-10
396.0 1.708554738660828e-10
397.0 1.708554738660828e-10
398.0 1.708554738660828e-10
399.0 0.0002298029130543
400.0 0.001094785056920955
401.0 0.0008906711627787445
402.0 0.0006865565410407726
403.0 0.0005239129222900374
404.0 0.0003612708042055601
405.0 0.0018336537323193625
406.0 0.0033060368878068402
407.0 0.0016445532310171984
408.0 1.708554738660828e-10
409.0 1.708554738660828e-10
410.0 1.708554738660828e-10
411.0 0.0024294322429341264
412.0 0.005148611671756953
413.0 0.004763788820127957
414.0 0.0043789666960947216
415.0 0.0038834212318761274
416.0 0.003387876131455414
417.0 0.0022515996533911675
418.0 0.0011153232662763912
419.0 0.00315581273753196
420.0 0.005196301935939118
421.0 0.005237528603174724
422.0 0.005278754906612448
423.0 0.004891671778750606
424.0 0.004504587923293002
425.0 0.003945236676372588
426.0 0.003385884701856412
427.0 0.004463750155991875
428.0 0.005541616701520979
429.0 0.005357542613637634
430.0 0.005173469980945811
431.0 0.0041452647565165535
432.0 0.003117059895885177
433.0 0.0036852474295301363
434.0 0.004253435690770857
435.0 0.0036537679989123717
436.0 0.0030540999432560056
437.0 0.0018850665583158843
438.0 0.0007160332643252332
439.0 0.0017074607967515476
440.0 0.002698888420127332
441.0 0.00116113260446582
442.0 1.708554738660828e-10
443.0 1.708554738660828e-10
444.0 1.255500876595761e-05
445.0 0.0002623614591357182
446.0 0.0005121682079334278
447.0 0.0004376674496597843
448.0 0.0003631668505477137
449.0 1.708554738660828e-10
450.0 1.708554738660828e-10
451.0 0.000215111390389211
452.0 0.0008122871804516762
453.0 0.0011144643394800369
454.0 0.001416641771356808
455.0 0.001546905332361348
456.0 0.001677168984315358
457.0 0.0009768952622835059
458.0 0.00027662158572638873
459.0 0.0002271373659823439
460.0 0.00017765315760698286
461.0 0.00046421423576248344
462.0 0.0007507752798119327
463.0 0.0005698316726920893
464.0 0.00038888811104698107
465.0 0.0003941029262932716
466.0 0.0003993177415395621
467.0 0.0005514412350748898
468.0 0.0007035647740849527
469.0 0.00042391625356685836
470.0 0.00014426786947296932
471.0 0.000522515847478644
472.0 0.0009007639164337888
473.0 0.0010156016287510283
474.0 0.0011304396139166784
475.0 0.0006245684744499158
476.0 0.00011869763056893134
477.0 0.00039037249734974466
478.0 0.0006620475232921308
479.0 0.0011968297258135863
480.0 0.0017316118828603067
481.0 0.002585954644018784
482.0 0.00344029649568256
483.0 0.004876092498307116
484.0 0.006311888137133792
485.0 0.006237452907953411
486.0 0.006163017678773031
487.0 0.009163473441731185
488.0 0.0121639299322851
489.0 0.0156473382958211
490.0 0.019130745204165578
491.0 0.02277545427205041
492.0 0.02642016625031829
493.0 0.02907233138103038
494.0 0.03172449942212552
495.0 0.02889475435949862
496.0 0.02606500347610563
497.0 0.020162371220067143
498.0 0.014259734598454088
499.0 0.010288069461239502
500.0 0.006316402868833393
501.0 0.004502219962887466
502.0 0.0026880368750425987
503.0 0.002278229840158019
504.0 0.001868422441475559
505.0 0.0017842363376985304
506.0 0.0017000502339215018
507.0 0.0018757697034743614
508.0 0.0020514888092293404
509.0 0.002297215542057529
510.0 0.0025429422748857178
511.0 0.0020856559785897844
512.0 0.001628369682293851
513.0 0.0016704279914847575
514.0 0.001712486300675664
515.0 0.0022579473807127215
516.0 0.002803408460749779
517.0 0.0024211685740738176
518.0 0.0020389288692967966
519.0 0.002037039121205453
520.0 0.002035149373114109
521.0 0.0018753393305814825
522.0 0.0017155294699477963
523.0 0.001629140206205193
524.0 0.0015427507605636492
525.0 0.0021305662812665105
526.0 0.002718381438171491
527.0 0.002890193536586594
528.0 0.0030620056350016966
529.0 0.0030731425795238465
530.0 0.0030842791602481157
531.0 0.002948484689113684
532.0 0.0028126902179792523
533.0 0.0022887930754222907
534.0 0.0017648961147642694
535.0 0.0018186703528044745
536.0 0.0018724444089457393
537.0 0.002497838249837514
538.0 0.0031232320907292888
539.0 0.0035471828596200794
540.0 0.00397113362851087
541.0 0.004587644434650429
542.0 0.005204155604587868
543.0 0.005336464892025106
544.0 0.005468774543260224
545.0 0.004475441892282106
546.0 0.0034821096051018685
547.0 0.002755436253210064
548.0 0.0020287630832172
549.0 0.0019324901586514898
550.0 0.0018362172340857796
551.0 0.0015710365914856084
552.0 0.001305855948885437
553.0 0.0017499392924946733
554.0 0.0021940226361039095
555.0 0.0016053962099249475
556.0 0.0010167696927965153
557.0 0.0008879916094883811
558.0 0.0007592135261802468
559.0 0.0003547482720023254
560.0 1.708554738660828e-10
561.0 0.0006227282028703485
562.0 0.0012951735698152333
563.0 0.0015270783478626981
564.0 0.0017589833078091033
565.0 0.0013290197784954216
566.0 0.0008990561582322698
567.0 0.0009954015695257112
568.0 0.0010917469808191527
569.0 0.000913210169528611
570.0 0.0007346732218138641
571.0 0.0004965845619153697
572.0 0.0002584958338047727
573.0 0.00045487490751838777
574.0 0.0006512541403935757
575.0 0.00046403397391259205
576.0 0.00027681401206791634
577.0 0.0004142524630879052
578.0 0.0005516908913705265
579.0 0.00026880686618824257
580.0 1.708554738660828e-10
581.0 0.00019077335764450254
582.0 0.00039562387428304646
583.0 0.0003987958734796848
584.0 0.00040196787267632317
585.0 0.0005325570327840978
586.0 0.0006631463747908128
587.0 0.0006475107056758134
588.0 0.0006318749910860788
589.0 0.0006375708835548721
590.0 0.0006432667305489304
591.0 0.0008687339686730411
592.0 0.001094201252271887
593.0 0.0007372761501756031
594.0 0.00038035102534195175
595.0 0.0005458536179503426
596.0 0.0007113561878213659
597.0 0.0006191523425513878
598.0 0.0005269485427561449
599.0 0.0005123356004332891
600.0 0.0004977225671609631
601.0 0.0004986924068361986
602.0 0.0004996622010366991
603.0 0.00029853561045456445
604.0 9.740894029164338e-05
605.0 0.00015412615539389662
606.0 0.0002108433591274661
607.0 0.0004068778707733145
608.0 0.0006029123142070603
609.0 0.0005284050075715641
610.0 0.0004538974735623924
611.0 0.0005735960257879924
612.0 0.0006932946234883275
613.0 0.00046466966523439623
614.0 0.0002360447751925676
615.0 7.466096008101886e-05
616.0 1.708554738660828e-10
617.0 6.85582961068576e-05
618.0 0.00022383953819371527
619.0 0.0003524561861922848
620.0 0.00048107290240295697
621.0 0.0004991726200387347
622.0 0.0005172722921997774
623.0 0.00044536550376506057
624.0 0.0003734586698556086
625.0 0.00036005912988912314
626.0 0.00034665963539737277
627.0 0.0002804306632242515
628.0 0.00021420169105113018
629.0 0.0003364515578141436
630.0 0.0004587014700518921
631.0 0.0003803163281190791
632.0 0.0003019312089236337
633.0 0.00037476374927791767
634.0 0.0004475962668948341
635.0 0.0004447529136086814
636.0 0.00044190946937305853
637.0 0.00040540412555856165
638.0 0.0003688986453198595
639.0 0.000562040213480941
640.0 0.0007551816906925524
641.0 0.0005854530172655359
642.0 0.0004157243438385194
643.0 0.0005850917204952566
644.0 0.0007544591426267289
645.0 0.000727759606888867
646.0 0.0007010600711510051
647.0 0.0007747228664811701
648.0 0.0008483859346597455
649.0 0.0007568385626655072
650.0 0.000665291281620739
651.0 0.0008290939149446785
652.0 0.0009928966392180882
653.0 0.0010960363397316542
654.0 0.0011991761311946902
655.0 0.0017588765331311151
656.0 0.00231857684411807
657.0 0.0031663519621361047
658.0 0.0040141265344573185
659.0 0.006379897968145087
660.0 0.02175849658669904
661.0 0.07055448368191719
662.0 0.060587964253500104
663.0 0.015466089826077223
664.0 0.05394792533479631
665.0 0.11504805879667401
666.0 0.09498715517111123
667.0 0.16324975294992328
668.0 0.1539572374895215
669.0 0.22571112494915724
670.0 0.29386780224740505
671.0 0.4334119148552418
672.0 0.6835679523646832
673.0 1.130365300923586
674.0 1.6922757029533386
675.0 2.511970140039921
676.0 3.5615868866443634
677.0 4.912464693188667
678.0 6.299033761024475
679.0 7.737783342599869
680.0 9.55284982919693
681.0 11.62736713886261
682.0 14.203087985515594
683.0 17.032669484615326
684.0 20.07846087217331
685.0 23.026002943515778
686.0 26.04297697544098
687.0 29.225903749465942
688.0 32.30898082256317
689.0 35.505956411361694
690.0 39.150261878967285
691.0 43.076419830322266
692.0 47.838640213012695
693.0 52.913206815719604
694.0 58.78190994262695
695.0 64.41575884819031
696.0 70.67392468452454
697.0 76.30002498626709
698.0 82.38136768341064
699.0 87.01214790344238
700.0 90.63830971717834
701.0 93.6183750629425
702.0 95.60089707374573
703.0 96.67073488235474
704.0 97.19183444976807
705.0 97.72707223892212
706.0 97.73236513137817
707.0 98.05498719215393
708.0 97.9985773563385
709.0 98.0384111404419
710.0 97.76362180709839
711.0 98.02079796791077
712.0 97.88285493850708
713.0 97.97231554985046
714.0 98.00475239753723
715.0 98.11798930168152
716.0 97.93505668640137
717.0 98.20200204849243
718.0 98.21247458457947
719.0 98.19948673248291
720.0 98.37552309036255
721.0 98.38093519210815
722.0 98.12841415405273
723.0 97.85075187683105
724.0 97.52860069274902
725.0 97.31948375701904
726.0 96.92228436470032
727.0 96.55705094337463
728.0 96.31785750389099
729.0 96.15205526351929
730.0 96.13711833953857
731.0 96.16261720657349
732.0 96.24674916267395
733.0 96.53983116149902
734.0 96.93113565444946
735.0 97.28221297264099
736.0 97.61568903923035
737.0 97.9055404663086
738.0 98.23159575462341
739.0 98.64842295646667
740.0 98.73921871185303
741.0 98.53079915046692
742.0 98.74798655509949
743.0 98.5974133014679
744.0 98.5138475894928
745.0 98.48718643188477
746.0 98.47623109817505
747.0 98.6737310886383
748.0 98.57593178749084
749.0 98.47900867462158
750.0 98.38908314704895
751.0 98.42755198478699
752.0 98.27908873558044
753.0 98.49812388420105
754.0 98.47805500030518
755.0 98.48629236221313
756.0 98.58859181404114
757.0 98.64564538002014
758.0 98.68858456611633
759.0 98.6969530582428
760.0 98.59108924865723
761.0 98.45758080482483
762.0 98.63917827606201
763.0 98.56916666030884
764.0 98.3406126499176
765.0 98.34697246551514
766.0 98.36760759353638
767.0 98.15700054168701
768.0 98.25273752212524
769.0 98.28535318374634
770.0 98.04340600967407
771.0 98.15309643745422
772.0 98.17668199539185
773.0 98.05781841278076
774.0 97.9853868484497
775.0 98.00386428833008
776.0 97.88897633552551
777.0 97.944575548172
778.0 97.94747233390808
779.0 97.90636897087097
780.0 97.83721566200256
781.0 98.06723594665527
782.0 97.96243906021118
783.0 97.94828295707703
784.0 97.98141121864319
785.0 98.13626408576965
786.0 98.19761514663696
787.0 98.02495837211609
788.0 98.10746312141418
789.0 98.15639853477478
790.0 98.06851148605347
791.0 98.16703796386719
792.0 98.09098243713379
793.0 97.9847252368927
794.0 97.9815661907196
795.0 97.94307351112366
796.0 97.92348742485046
797.0 98.00013899803162
798.0 97.96668291091919
799.0 97.83855676651001
800.0 97.70961999893188
801.0 97.78143167495728
802.0 97.71038889884949
803.0 97.44126200675964
804.0 97.2696840763092
805.0 97.02491760253906
806.0 96.76032662391663
807.0 96.12228870391846
808.0 95.42455077171326
809.0 94.55143809318542
810.0 93.47265362739563
811.0 91.86571836471558
812.0 90.0040864944458
813.0 87.63442635536194
814.0 84.84468460083008
815.0 81.59452080726624
816.0 78.10117602348328
817.0 73.8749086856842
818.0 69.11734938621521
819.0 64.85403180122375
820.0 59.696125984191895
821.0 55.09466528892517
822.0 50.533413887023926
823.0 45.880335569381714
824.0 41.25809371471405
825.0 36.97768747806549
826.0 32.44795799255371
827.0 27.778202295303345
828.0 23.550263047218323
829.0 19.374188780784607
830.0 15.032881498336792
831.0 11.570961773395538
832.0 8.216685801744461
833.0 5.571991577744484
834.0 3.5568758845329285
835.0 2.2335974499583244
836.0 1.327586080878973
837.0 0.7259801495820284
838.0 0.43877456337213516
839.0 0.2790102269500494
840.0 0.1325855264440179
841.0 0.06272061145864427
842.0 0.0508784141857177
843.0 0.044056493788957596
844.0 0.008735201845411211
845.0 1.708554738660828e-10
846.0 0.002136115654138848
847.0 1.708554738660828e-10
848.0 1.708554738660828e-10
849.0 1.708554738660828e-10
850.0 1.708554738660828e-10
851.0 1.708554738660828e-10
852.0 0.0011894921954080928
853.0 0.0010907643627433572
854.0 0.0009920366210280918
855.0 0.000693420042807702
856.0 0.0003948034645873122
857.0 0.0004910386905976338
858.0 0.0005872735982848099
859.0 0.00018458758859196678
860.0 1.708554738660828e-10
861.0 1.708554738660828e-10
862.0 0.00018645362160896184
863.0 0.00011902618552994682
864.0 5.1598789241324994e-05
865.0 6.0972166693318286e-05
866.0 7.034544751149951e-05
867.0 3.3079410854952584e-05
868.0 1.708554738660828e-10
869.0 1.708554738660828e-10
870.0 1.708554738660828e-10
871.0 6.606000511055754e-05
872.0 0.00015977478824424907
873.0 0.00020956251773895929
874.0 0.0002593502131276182
875.0 0.0001758005623742065
876.0 9.225092867382045e-05
877.0 1.708554738660828e-10
878.0 1.708554738660828e-10
879.0 1.708554738660828e-10
880.0 0.0002640917728058412
881.0 9.60392981141922e-05
882.0 1.708554738660828e-10
883.0 3.658263096895098e-05
884.0 0.00014517845556838438
885.0 6.3978674802456226e-06
886.0 1.708554738660828e-10
887.0 1.708554738660828e-10
888.0 1.3735161985550803e-05
889.0 1.708554738660828e-10
890.0 1.708554738660828e-10
891.0 8.436929874733323e-05
892.0 0.00019372027963981964
893.0 0.0001575353280713898
894.0 0.00012135036513427622
895.0 1.708554738660828e-10
896.0 1.708554738660828e-10
897.0 1.708554738660828e-10
898.0 1.708554738660828e-10
