lsstCam/transmission_filter_detector/r24_s12/i_39/19700101T000000.ecsv
# %ECSV 1.0
# ---
# datatype:
# - {name: wavelength, unit: nm, datatype: float32}
# - {name: efficiency, unit: '%', datatype: float64}
# meta: !!omap
# - {MODE: DETECTOR}
# - {TYPE: transmission_filter_detector}
# - {CALIBDATE: '1970-01-01T00:00:00'}
# - {INSTRUME: LSSTCam}
# - {OBSTYPE: transmission_filter_detector}
# - {CALIBCLS: lsst.ip.isr.IntermediateFilterDetectorTransmissionCurve}
# - {SOURCE: Materion (DM-46256)}
# - {DETECTOR: 113}
# - {FILTER: i_39}
# - {CALIB_ID: 'calibDate=1970-01-01T00:00:00 filter=i_39 detector=113'}
# - {DATE: '2025-04-02T15:59:47.003959'}
# - {CALIB_CREATION_DATE: '2025-04-02'}
# - {CALIB_CREATION_TIME: '15:59:47'}
# - __serialized_columns__:
#     efficiency:
#       __class__: astropy.units.quantity.Quantity
#       unit: !astropy.units.Unit {unit: '%'}
#       value: !astropy.table.SerializedColumn {name: efficiency}
#     wavelength:
#       __class__: astropy.units.quantity.Quantity
#       unit: !astropy.units.Unit {unit: nm}
#       value: !astropy.table.SerializedColumn {name: wavelength}
# schema: astropy-2.0
wavelength efficiency
[from data line 600]
900.0 1.708554738660828e-10
901.0 1.708554738660828e-10
902.0 1.708554738660828e-10
903.0 1.708554738660828e-10
904.0 1.708554738660828e-10
905.0 1.708554738660828e-10
906.0 1.708554738660828e-10
907.0 5.4628668522127555e-05
908.0 0.00019287806480861036
909.0 1.708554738660828e-10
910.0 1.708554738660828e-10
911.0 1.708554738660828e-10
912.0 0.0002193172349507222
913.0 0.00015725916000519646
914.0 9.520106232230319e-05
915.0 2.1743309730481997e-05
916.0 1.708554738660828e-10
917.0 1.708554738660828e-10
918.0 1.708554738660828e-10
919.0 1.708554738660828e-10
920.0 5.148532977727882e-05
921.0 3.090531208727043e-05
922.0 1.0325280896950062e-05
923.0 1.708554738660828e-10
924.0 1.708554738660828e-10
925.0 0.00010501207725610584
926.0 0.00023280158529814798
927.0 1.708554738660828e-10
928.0 1.708554738660828e-10
929.0 1.708554738660828e-10
930.0 0.00013815949841955444
931.0 0.00016817671166791115
932.0 0.00019819390217890032
933.0 0.00014099075542617356
934.0 8.37876541481819e-05
935.0 1.708554738660828e-10
936.0 1.708554738660828e-10
937.0 1.708554738660828e-10
938.0 1.708554738660828e-10
939.0 1.708554738660828e-10
940.0 1.708554738660828e-10
941.0 1.708554738660828e-10
942.0 1.708554738660828e-10
943.0 1.708554738660828e-10
944.0 1.708554738660828e-10
945.0 1.708554738660828e-10
946.0 1.708554738660828e-10
947.0 1.708554738660828e-10
948.0 1.708554738660828e-10
949.0 1.708554738660828e-10
950.0 1.708554738660828e-10
951.0 1.708554738660828e-10
952.0 1.708554738660828e-10
953.0 1.708554738660828e-10
954.0 1.708554738660828e-10
955.0 1.708554738660828e-10
956.0 0.00014739094922333607
957.0 0.00019532526494003832
958.0 0.00024325959202542435
959.0 0.00022681647351419087
960.0 0.00021037342321506003
961.0 0.00014258270084610558
962.0 7.479197279280925e-05
963.0 1.708554738660828e-10
964.0 1.708554738660828e-10
965.0 1.708554738660828e-10
966.0 1.708554738660828e-10
967.0 1.708554738660828e-10
968.0 1.708554738660828e-10
969.0 1.708554738660828e-10
970.0 4.5470483200915623e-05
971.0 1.708554738660828e-10
972.0 1.708554738660828e-10
973.0 1.708554738660828e-10
974.0 2.298415040513646e-05
975.0 1.708554738660828e-10
976.0 1.708554738660828e-10
977.0 1.708554738660828e-10
978.0 1.708554738660828e-10
979.0 1.708554738660828e-10
980.0 1.708554738660828e-10
981.0 1.708554738660828e-10
982.0 1.708554738660828e-10
983.0 1.708554738660828e-10
984.0 1.708554738660828e-10
985.0 1.708554738660828e-10
986.0 0.00013825829228153452
987.0 1.708554738660828e-10
988.0 1.708554738660828e-10
989.0 1.708554738660828e-10
990.0 1.708554738660828e-10
991.0 1.708554738660828e-10
992.0 1.708554738660828e-10
993.0 1.708554738660828e-10
994.0 1.2783469571786554e-05
995.0 1.708554738660828e-10
996.0 1.708554738660828e-10
997.0 7.261806445058028e-05
998.0 0.0002269225660711527
999.0 0.00022373797037289478
1000.0 0.00022055332919990178
1001.0 0.0001732705527501821
1002.0 0.00012598775356309488
1003.0 0.00013384675412453362
1004.0 0.0001417057774233399
1005.0 5.7200156788894674e-05
1006.0 1.708554738660828e-10
1007.0 8.282053727270977e-05
1008.0 0.00019294654975965386
1009.0 0.00010358755844208645
1010.0 1.4228523070869414e-05
1011.0 0.00012150362636020873
1012.0 0.00022877870833326597
1013.0 0.0003507667088342714
1014.0 0.00047275475481001195
1015.0 0.0003967485099565238
1016.0 0.00032074233331513824
1017.0 0.0003855207069136668
1018.0 0.0004502991941990331
1019.0 0.0003663539018816664
1020.0 0.0002824085186148295
1021.0 0.00028765387014573207
1022.0 0.00029289917620189954
1023.0 0.0005635972229356412
1024.0 0.0008342953151441179
1025.0 0.0006192907676449977
1026.0 0.00040428622014587745
1027.0 0.00041202802094630897
1028.0 0.0004197698672214756
1029.0 0.0008578183042118326
1030.0 0.0012958666047779843
1031.0 0.001703161615296267
1032.0 0.0021104566258145496
1033.0 0.0023371556380880065
1034.0 0.0025638542865635827
1035.0 0.00322520500048995
1036.0 0.003886555350618437
1037.0 0.003760250547202304
1038.0 0.0036339453799882904
1039.0 0.0030546540074283257
1040.0 0.002475362634868361
1041.0 0.002062619932985399
1042.0 0.0016498770492034964
1043.0 0.002216687425971031
1044.0 0.0027834974389406852
1045.0 0.003226894114050083
1046.0 0.003670290971058421
1047.0 0.003594044392229989
1048.0 0.0035177978134015575
1049.0 0.003019602081621997
1050.0 0.002521406531741377
1051.0 0.002636017234181054
1052.0 0.0027506281185196713
1053.0 0.002028491871897131
1054.0 0.0013063556252745911
1055.0 0.001129235442931531
1056.0 0.0009521151696390007
1057.0 0.0010122977073478978
1058.0 0.0010724806998041458
1059.0 0.0010486085557204206
1060.0 0.001024736775434576
1061.0 0.0014399626707017887
1062.0 0.0018551883840700611
1063.0 0.0021491807274287567
1064.0 0.0024431727069895715
1065.0 0.0031057486921781674
1066.0 0.003768325041164644
1067.0 0.004376905417302623
1068.0 0.004985486884834245
1069.0 0.0042216197471134365
1070.0 0.0034577529731905088
1071.0 0.0031852683605393395
1072.0 0.00291278356598923
1073.0 0.0026848383640754037
1074.0 0.0024568931621615775
1075.0 0.0023307473384193145
1076.0 0.002204601332778111
1077.0 0.002112864240189083
1078.0 0.0020211269657011144
1079.0 0.0020916217181365937
1080.0 0.0021621166524710134
1081.0 0.00162179785547778
1082.0 0.0010814790584845468
1083.0 0.0007985764568729792
1084.0 0.000515673582413001
1085.0 0.0006497156391560566
1086.0 0.0007837577868485823
1087.0 0.000624870199317229
1088.0 0.00046598252083640546
1089.0 1.708554738660828e-10
1090.0 1.708554738660828e-10
1091.0 1.708554738660828e-10
1092.0 1.708554738660828e-10
1093.0 1.708554738660828e-10
1094.0 0.0002735889893301646
1095.0 0.00027447581487649586
1096.0 0.00027536291327123763
1097.0 1.708554738660828e-10
1098.0 1.708554738660828e-10
1099.0 1.708554738660828e-10
1100.0 0.001038005302689271
