ts8/transmission_sensor/rtm-008_s20/19700101T000000.ecsv
# %ECSV 0.9
# ---
# datatype:
# - {name: amp_name, datatype: string}
# - {name: wavelength, unit: nm, datatype: float32}
# - {name: efficiency, unit: '%', datatype: float32}
# meta: !!omap
# - {MODE: AMP}
# - {TYPE: QE}
# - {CALIBDATE: '1970-01-01T00:00:00'}
# - {INSTRUME: TS8}
# - {OBSTYPE: qe_curve}
# - {DETECTOR: 60}
# - {PICKLEFILE: RaftRun11952.p}
# - {CALIB_ID: 'raftName=RTM-008 detectorName=S20 detector=60 calibDate=1970-01-01T00:00:00 ccd=60 ccdnum=60 filter=None'}
# - {DATE: '2020-07-23T19:16:03.730348'}
# - {CALIB_CREATION_DATE: '2020-07-23'}
# - {CALIB_CREATION_TIME: '19:16:03'}
# - __serialized_columns__:
#     efficiency:
#       __class__: astropy.units.quantity.Quantity
#       unit: !astropy.units.Unit {unit: '%'}
#       value: !astropy.table.SerializedColumn {name: efficiency}
#     wavelength:
#       __class__: astropy.units.quantity.Quantity
#       unit: !astropy.units.Unit {unit: nm}
#       value: !astropy.table.SerializedColumn {name: wavelength}
# schema: astropy-2.0
amp_name wavelength efficiency
C16 319.994 39.95753
C16 324.969 45.143265
C16 349.982 67.97022
C16 374.975 74.27427
C16 400.019 83.34982
C16 424.965 85.27868
C16 450.035 87.562935
C16 475.003 90.81788
C16 500.018 92.169106
C16 525.002 94.72917
C16 550.029 96.95695
C16 575.023 97.072586
C16 599.982 98.957855
C16 619.997 98.63915
C16 624.979 99.0021
C16 650.012 99.482956
C16 675.004 99.28382
C16 700.03 98.89133
C16 725.012 98.974915
C16 750.022 99.41556
C16 774.987 99.53859
C16 799.976 98.88064
C16 824.988 97.103134
C16 850.022 94.97169
C16 869.967 91.86595
C16 875.002 91.16853
C16 899.999 83.33123
C16 919.999 74.34479
C16 925.012 71.222466
C16 949.965 57.831287
C16 975.002 42.93642
C16 999.976 26.091639
C16 1025.028 11.311905
C16 1050.014 3.9904864
C16 1075.002 2.1932895
C16 1099.99 1.7341374
C12 319.994 38.582863
C12 324.969 43.57748
C12 349.982 65.40899
C12 374.975 71.71588
C12 400.019 81.6973
C12 424.965 84.17952
C12 450.035 86.74777
C12 475.003 90.172386
C12 500.018 91.639175
C12 525.002 94.26307
C12 550.029 96.52637
C12 575.023 96.67225
C12 599.982 98.572586
C12 619.997 98.26045
C12 624.979 98.62348
C12 650.012 99.11017
C12 675.004 98.919235
C12 700.03 98.54259
C12 725.012 98.65264
C12 750.022 99.12942
C12 774.987 99.28465
C12 799.976 98.656876
C12 824.988 96.90013
C12 850.022 94.80746
C12 869.967 91.76814
C12 875.002 91.09056
C12 899.999 83.25397
C12 919.999 74.25631
C12 925.012 71.1702
C12 949.965 58.024303
C12 975.002 43.118195
C12 999.976 26.230349
C12 1025.028 11.347385
C12 1050.014 3.971876
C12 1075.002 2.1850865
C12 1099.99 1.7397155
C05 319.994 40.947998
C05 324.969 46.27493
C05 349.982 69.83386
C05 374.975 75.973885
C05 400.019 84.24116
C05 424.965 85.74647
C05 450.035 87.815155
C05 475.003 90.94076
C05 500.018 92.2032
C05 525.002 94.714096
C05 550.029 96.898346
C05 575.023 96.99664
C05 599.982 98.86641
C05 619.997 98.53346
C05 624.979 98.89613
C05 650.012 99.37087
C05 675.004 99.15144
C05 700.03 98.69458
C05 725.012 98.59045
C05 750.022 98.77872
C05 774.987 98.64254
C05 799.976 97.87573
C05 824.988 96.11272
C05 850.022 93.93832
C05 869.967 90.792404
C05 875.002 90.11109
C05 899.999 82.4016
C05 919.999 73.86039
C05 925.012 70.84075
C05 949.965 57.40896
C05 975.002 42.442764
C05 999.976 25.773355
C05 1025.028 11.099231
C05 1050.014 3.8678813
C05 1075.002 2.1447785
C05 1099.99 1.7137707
C00 319.994 39.5007
C00 324.969 44.62742
C00 349.982 67.06364
C00 374.975 73.22234
C00 400.019 82.67065
C00 424.965 84.85766
C00 450.035 87.28808
C00 475.003 90.63581
C00 500.018 92.045555
C00 525.002 94.64606
C00 550.029 96.89511
C00 575.023 97.02161
C00 599.982 98.912506
C00 619.997 98.59701
C00 624.979 98.95513
C00 650.012 99.43492
C00 675.004 99.22581
C00 700.03 98.7605
C00 725.012 98.6272
C00 750.022 98.78938
C00 774.987 98.61784
C00 799.976 97.853516
C00 824.988 96.13895
C00 850.022 93.97011
C00 869.967 90.93162
C00 875.002 90.26359
C00 899.999 82.81191
C00 919.999 74.14836
C00 925.012 71.0937
C00 949.965 57.668575
C00 975.002 42.63117
C00 999.976 26.002823
C00 1025.028 11.318456
C00 1050.014 4.002299
C00 1075.002 2.1825142
C00 1099.99 1.7278132
C06 319.994 41.076916
C06 324.969 46.42187
C06 349.982 70.16872
C06 374.975 76.40108
C06 400.019 84.51859
C06 424.965 85.91711
C06 450.035 87.928535
C06 475.003 91.01945
C06 500.018 92.2582
C06 525.002 94.75649
C06 550.029 96.93635
C06 575.023 97.03015
C06 599.982 98.90231
C06 619.997 98.57143
C06 624.979 98.93428
C06 650.012 99.41254
C06 675.004 99.19724
C06 700.03 98.73529
C06 725.012 98.605156
C06 750.022 98.7622
C06 774.987 98.59202
C06 799.976 97.808044
C06 824.988 96.03962
C06 850.022 93.84007
C06 869.967 90.67815
C06 875.002 89.9855
C06 899.999 82.3133
C06 919.999 73.765785
C06 925.012 70.72762
C06 949.965 57.268204
C06 975.002 42.285225
C06 999.976 25.682154
C06 1025.028 11.06725
C06 1050.014 3.8693655
C06 1075.002 2.1437886
C06 1099.99 1.7091091
C14 319.994 39.37624
C14 324.969 44.48055
C14 349.982 66.90249
C14 374.975 73.20757
C14 400.019 82.64015
C14 424.965 84.78714
C14 450.035 87.18541
C14 475.003 90.50562
C14 500.018 91.89979
C14 525.002 94.48602
C14 550.029 96.72446
C14 575.023 96.85505
C14 599.982 98.74571
C14 619.997 98.4296
C14 624.979 98.79256
C14 650.012 99.277626
C14 675.004 99.08246
C14 700.03 98.70382
C14 725.012 98.8122
C14 750.022 99.28246
C14 774.987 99.44202
C14 799.976 98.808044
C14 824.988 97.03981
C14 850.022 94.91855
C14 869.967 91.84192
C14 875.002 91.15547
C14 899.999 83.27243
C14 919.999 74.238785
C14 925.012 71.14743
C14 949.965 57.89951
C14 975.002 43.0959
C14 999.976 26.1704
C14 1025.028 11.325734
C14 1050.014 3.9698405
C14 1075.002 2.1842961
C14 1099.99 1.7370338
C04 319.994 40.714645
C04 324.969 46.009495
C04 349.982 69.38566
C04 374.975 75.51616
C04 400.019 83.96958
C04 424.965 85.58404
C04 450.035 87.71257
C04 475.003 90.87495
C04 500.018 92.16478
C04 525.002 94.68436
C04 550.029 96.8837
C04 575.023 96.984535
C04 599.982 98.85786
C04 619.997 98.53079
C04 624.979 98.89041
C04 650.012 99.362564
C04 675.004 99.154945
C04 700.03 98.70581
C04 725.012 98.625946
C04 750.022 98.847984
C04 774.987 98.74451
C04 799.976 97.99768
C04 824.988 96.23715
C04 850.022 94.08337
C04 869.967 90.94694
C04 875.002 90.26437
C04 899.999 82.54555
C04 919.999 73.959595
C04 925.012 70.93125
C04 949.965 57.53049
C04 975.002 42.520775
C04 999.976 25.816605
C04 1025.028 11.118683
C04 1050.014 3.8702135
C04 1075.002 2.1455646
C04 1099.99 1.717291
C13 319.994 38.88686
C13 324.969 43.92561
C13 349.982 66.003555
C13 374.975 72.318214
C13 400.019 82.03802
C13 424.965 84.35885
C13 450.035 86.84717
C13 475.003 90.21658
C13 500.018 91.64564
C13 525.002 94.24812
C13 550.029 96.49784
C13 575.023 96.63332
C13 599.982 98.52988
C13 619.997 98.21694
C13 624.979 98.57798
C13 650.012 99.064156
C13 675.004 98.869156
C13 700.03 98.49636
C13 725.012 98.613174
C13 750.022 99.09477
C13 774.987 99.26203
C13 799.976 98.63151
C13 824.988 96.86791
C13 850.022 94.77083
C13 869.967 91.734116
C13 875.002 91.0283
C13 899.999 83.11452
C13 919.999 74.08335
C13 925.012 70.96413
C13 949.965 57.846138
C13 975.002 43.005676
C13 999.976 26.146004
C13 1025.028 11.301186
C13 1050.014 3.9594476
C13 1075.002 2.1772945
C13 1099.99 1.7330126
C07 319.994 41.249603
C07 324.969 46.624557
C07 349.982 70.59426
C07 374.975 76.86273
C07 400.019 84.80749
C07 424.965 86.10969
C07 450.035 88.06697
C07 475.003 91.13396
C07 500.018 92.35868
C07 525.002 94.85139
C07 550.029 97.03531
C07 575.023 97.131424
C07 599.982 99.00608
C07 619.997 98.67845
C07 624.979 99.041374
C07 650.012 99.52448
C07 675.004 99.31359
C07 700.03 98.84378
C07 725.012 98.69519
C07 750.022 98.822784
C07 774.987 98.62165
C07 799.976 97.81714
C07 824.988 96.03733
C07 850.022 93.79715
C07 869.967 90.64562
C07 875.002 89.969444
C07 899.999 82.27507
C07 919.999 73.69044
C07 925.012 70.661934
C07 949.965 57.209587
C07 975.002 42.260098
C07 999.976 25.655928
C07 1025.028 11.076505
C07 1050.014 3.8647828
C07 1075.002 2.1329477
C07 1099.99 1.7016578
C03 319.994 40.338505
C03 324.969 45.581406
C03 349.982 68.67157
C03 374.975 74.8081
C03 400.019 83.5185
C03 424.965 85.27558
C03 450.035 87.47886
C03 475.003 90.68235
C03 500.018 91.99851
C03 525.002 94.53739
C03 550.029 96.74329
C03 575.023 96.85214
C03 599.982 98.72455
C03 619.997 98.39886
C03 624.979 98.76111
C03 650.012 99.23575
C03 675.004 99.02564
C03 700.03 98.58487
C03 725.012 98.5275
C03 750.022 98.77663
C03 774.987 98.704124
C03 799.976 97.96795
C03 824.988 96.20855
C03 850.022 94.07198
C03 869.967 90.93098
C03 875.002 90.24431
C03 899.999 82.5503
C03 919.999 73.98769
C03 925.012 70.953835
C03 949.965 57.531094
C03 975.002 42.524223
C03 999.976 25.81059
C03 1025.028 11.132493
C03 1050.014 3.881946
C03 1075.002 2.1501231
C03 1099.99 1.7186079
C15 319.994 39.787434
C15 324.969 44.948162
C15 349.982 67.62551
C15 374.975 73.89385
C15 400.019 83.08325
C15 424.965 85.09405
C15 450.035 87.42026
C15 475.003 90.70005
C15 500.018 92.06213
C15 525.002 94.63352
C15 550.029 96.86165
C15 575.023 96.97956
C15 599.982 98.86838
C15 619.997 98.55155
C15 624.979 98.90893
C15 650.012 99.39177
C15 675.004 99.19234
C15 700.03 98.80522
C15 725.012 98.89907
C15 750.022 99.35776
C15 774.987 99.49383
C15 799.976 98.84999
C15 824.988 97.07806
C15 850.022 94.943146
C15 869.967 91.85389
C15 875.002 91.18173
C15 899.999 83.29248
C15 919.999 74.27601
C15 925.012 71.11232
C15 949.965 57.82791
C15 975.002 43.034794
C15 999.976 26.14657
C15 1025.028 11.3186245
C15 1050.014 3.9716682
C15 1075.002 2.1812398
C15 1099.99 1.7310163
C17 319.994 40.11785
C17 324.969 45.331337
C17 349.982 68.37167
C17 374.975 74.656166
C17 400.019 83.44386
C17 424.965 85.21769
C17 450.035 87.42443
C17 475.003 90.6318
C17 500.018 91.95116
C17 525.002 94.49319
C17 550.029 96.706764
C17 575.023 96.81816
C17 599.982 98.70099
C17 619.997 98.38416
C17 624.979 98.74273
C17 650.012 99.222
C17 675.004 99.02193
C17 700.03 98.62805
C17 725.012 98.698845
C17 750.022 99.12154
C17 774.987 99.22834
C17 799.976 98.56099
C17 824.988 96.790474
C17 850.022 94.65793
C17 869.967 91.51628
C17 875.002 90.835304
C17 899.999 83.00222
C17 919.999 74.0967
C17 925.012 70.99123
C17 949.965 57.546524
C17 975.002 42.84071
C17 999.976 26.0094
C17 1025.028 11.302015
C17 1050.014 3.9921725
C17 1075.002 2.1878426
C17 1099.99 1.7243395
C01 319.994 39.913372
C01 324.969 45.09669
C01 349.982 67.831215
C01 374.975 73.965614
C01 400.019 83.08703
C01 424.965 85.087654
C01 450.035 87.42161
C01 475.003 90.70881
C01 500.018 92.077866
C01 525.002 94.652336
C01 550.029 96.88335
C01 575.023 97.00333
C01 599.982 98.88569
C01 619.997 98.56544
C01 624.979 98.926094
C01 650.012 99.405304
C01 675.004 99.19439
C01 700.03 98.750946
C01 725.012 98.68397
C01 750.022 98.92126
C01 774.987 98.83646
C01 799.976 98.094154
C01 824.988 96.36358
C01 850.022 94.208115
C01 869.967 91.09443
C01 875.002 90.41805
C01 899.999 82.94705
C01 919.999 74.3093
C01 925.012 71.171165
C01 949.965 57.672997
C01 975.002 42.63354
C01 999.976 25.966345
C01 1025.028 11.232557
C01 1050.014 3.9583445
C01 1075.002 2.1769342
C01 1099.99 1.7271141
C10 319.994 37.3718
C10 324.969 42.20126
C10 349.982 63.21797
C10 374.975 69.63848
C10 400.019 80.4948
C10 424.965 83.4724
C10 450.035 86.30584
C10 475.003 89.88245
C10 500.018 91.45035
C10 525.002 94.14374
C10 550.029 96.44986
C10 575.023 96.625854
C10 599.982 98.54183
C10 619.997 98.24405
C10 624.979 98.60519
C10 650.012 99.09995
C10 675.004 98.90949
C10 700.03 98.50192
C10 725.012 98.52176
C10 750.022 98.87686
C10 774.987 98.90862
C10 799.976 98.23742
C10 824.988 96.51647
C10 850.022 94.45937
C10 869.967 91.475655
C10 875.002 90.81901
C10 899.999 83.05169
C10 919.999 74.35322
C10 925.012 71.26783
C10 949.965 57.940895
C10 975.002 43.06846
C10 999.976 26.166916
C10 1025.028 11.413401
C10 1050.014 4.034671
C10 1075.002 2.2096145
C10 1099.99 1.7507863
C02 319.994 40.12285
C02 324.969 45.337788
C02 349.982 68.26038
C02 374.975 74.374146
C02 400.019 83.23038
C02 424.965 85.08701
C02 450.035 87.3408
C02 475.003 90.57709
C02 500.018 91.913216
C02 525.002 94.46293
C02 550.029 96.67812
C02 575.023 96.79286
C02 599.982 98.67075
C02 619.997 98.34863
C02 624.979 98.707924
C02 650.012 99.18528
C02 675.004 98.97693
C02 700.03 98.542496
C02 725.012 98.49429
C02 750.022 98.75146
C02 774.987 98.69084
C02 799.976 97.956764
C02 824.988 96.20766
C02 850.022 94.076515
C02 869.967 90.89916
C02 875.002 90.20402
C02 899.999 82.63612
C02 919.999 74.09486
C02 925.012 71.01115
C02 949.965 57.42777
C02 975.002 42.437313
C02 999.976 25.812159
C02 1025.028 11.159224
C02 1050.014 3.911354
C02 1075.002 2.160433
C02 1099.99 1.7155236
C11 319.994 38.005333
C11 324.969 42.921787
C11 349.982 64.35429
C11 374.975 70.704865
C11 400.019 81.08927
C11 424.965 83.80205
C11 450.035 86.49459
C11 475.003 89.985985
C11 500.018 91.4959
C11 525.002 94.14941
C11 550.029 96.431984
C11 575.023 96.587875
C11 599.982 98.49247
C11 619.997 98.187294
C11 624.979 98.552574
C11 650.012 99.04094
C11 675.004 98.8475
C11 700.03 98.46502
C11 725.012 98.54651
C11 750.022 98.985275
C11 774.987 99.10203
C11 799.976 98.460594
C11 824.988 96.716835
C11 850.022 94.64906
C11 869.967 91.62949
C11 875.002 90.9368
C11 899.999 83.113304
C11 919.999 74.234055
C11 925.012 71.11542
C11 949.965 57.863674
C11 975.002 42.990154
C11 999.976 26.118242
C11 1025.028 11.338661
C11 1050.014 3.9953866
C11 1075.002 2.196374
C11 1099.99 1.7415767
