lsstCam/transmission_sensor/r10_s02/19700101T000000.ecsv
# %ECSV 1.0
# ---
# datatype:
# - {name: amp_name, datatype: string}
# - {name: wavelength, unit: nm, datatype: float32}
# - {name: efficiency, unit: '%', datatype: float64}
# meta: !!omap
# - {MODE: AMP}
# - {TYPE: transmission_sensor}
# - {CALIBDATE: '1970-01-01T00:00:00'}
# - {INSTRUME: LSSTCam}
# - {OBSTYPE: transmission_sensor}
# - {DETECTOR: 29}
# - {PARQUETFILE: qe_raft_allvalues_nircorrected_20230725_adjust.parquet}
# - {CORRFILE: qe_corr_factor_bydetnum.parquet}
# - {CALIBCLS: lsst.ip.isr.IntermediateSensorTransmissionCurve}
# - {CALIB_ID: 'raftName=R10 detectorName=S02 detector=29 calibDate=1970-01-01T00:00:00 ccd=29 ccdnum=29 filter=None'}
# - {DATE: '2025-03-03T21:56:47.534869'}
# - {CALIB_CREATION_DATE: '2025-03-03'}
# - {CALIB_CREATION_TIME: '21:56:47'}
# - __serialized_columns__:
#     efficiency:
#       __class__: astropy.units.quantity.Quantity
#       unit: !astropy.units.Unit {unit: '%'}
#       value: !astropy.table.SerializedColumn {name: efficiency}
#     wavelength:
#       __class__: astropy.units.quantity.Quantity
#       unit: !astropy.units.Unit {unit: nm}
#       value: !astropy.table.SerializedColumn {name: wavelength}
# schema: astropy-2.0
amp_name wavelength efficiency
C00 319.994 49.60798100661492
C00 324.969 51.69105213543121
C00 349.982 62.56572013714463
C00 374.975 75.14559168754029
C00 400.019 83.75933334548897
C00 424.965 83.91363604641373
C00 450.035 83.37114620680158
C00 475.003 83.39014462143398
C00 500.018 84.02380845088004
C00 525.002 85.17777430236515
C00 550.029 86.64096656925315
C00 575.023 88.64155789798255
C00 599.982 90.94621586283816
C00 619.997 92.00555764919292
C00 624.979 92.41444523965896
C00 650.012 93.88805673394221
C00 675.004 95.17800155311099
C00 700.03 95.9198597438534
C00 725.012 97.00851950339391
C00 750.022 98.46632965281945
C00 774.987 99.72503212347048
C00 799.976 99.63430281000812
C00 824.988 98.71121599736074
C00 850.022 97.63790523947239
C00 869.967 94.86238099815871
C00 875.002 93.96414239447968
C00 899.999 86.51855023090148
C00 919.999 77.7775774628541
C00 925.012 74.90911585988833
C00 949.965 62.60167758856752
C00 975.002 52.238421914879325
C00 999.976 30.519695746165894
C00 1025.028 14.76574150608636
C00 1050.014 5.81064173147396
C00 1075.002 0.9380725620890624
C00 1099.99 0.09307469782092452
C01 319.994 49.236070556492734
C01 324.969 51.25978505654227
C01 349.982 61.982297070848716
C01 374.975 74.70874315350511
C01 400.019 83.47349844059595
C01 424.965 83.69154319933094
C01 450.035 83.1187003639441
C01 475.003 83.06276314313783
C01 500.018 83.62999385604245
C01 525.002 84.75399772028649
C01 550.029 86.21039717225749
C01 575.023 88.20512337298295
C01 599.982 90.51083936092947
C01 619.997 91.57430590397198
C01 624.979 91.98214313818109
C01 650.012 93.45945771328252
C01 675.004 94.7526916042339
C01 700.03 95.51282752721345
C01 725.012 96.6325532980899
C01 750.022 98.13726147104505
C01 774.987 99.44257829236798
C01 799.976 99.37309377589769
C01 824.988 98.47184977329377
C01 850.022 97.41493837331448
C01 869.967 94.68329142293753
C01 875.002 93.81016936741658
C01 899.999 86.48651819848254
C01 919.999 77.77533874732842
C01 925.012 74.89903397318874
C01 949.965 62.48372334759925
C01 975.002 52.17694540651377
C01 999.976 30.558833016987005
C01 1025.028 14.794217085887224
C01 1050.014 5.8228214556246405
C01 1075.002 0.9349371520605646
C01 1099.99 0.09276360531833895
C02 319.994 48.821536342791525
C02 324.969 50.79644377764744
C02 349.982 61.43254290602906
C02 374.975 74.44521106869507
C02 400.019 83.43787066303472
C02 424.965 83.72710197538623
C02 450.035 83.17561127266737
C02 475.003 83.14416191963183
C02 500.018 83.71493470984079
C02 525.002 84.79377325503744
C02 550.029 86.1941051500243
C02 575.023 88.1290070451095
C02 599.982 90.3741703781865
C02 619.997 91.40625656969941
C02 624.979 91.80636563524449
C02 650.012 93.27069259356333
C02 675.004 94.5722679998981
C02 700.03 95.35458407361676
C02 725.012 96.52167554489633
C02 750.022 98.08361663360242
C02 774.987 99.4420646144905
C02 799.976 99.41667206030871
C02 824.988 98.5253949418945
C02 850.022 97.48160916170968
C02 869.967 94.75641001872008
C02 875.002 93.88126391902522
C02 899.999 86.55926111939947
C02 919.999 77.82047339903983
C02 925.012 74.93209336136262
C02 949.965 62.4930730516526
C02 975.002 52.20208878859082
C02 999.976 30.581224005660896
C02 1025.028 14.78618799398901
C02 1050.014 5.805805396756326
C02 1075.002 0.9344256180958727
C02 1099.99 0.09271285138829882
C03 319.994 48.37494326275241
C03 324.969 50.32209675855696
C03 349.982 60.89379064798805
C03 374.975 74.18107330399967
C03 400.019 83.36804113903479
C03 424.965 83.70402480507005
C03 450.035 83.12798489990853
C03 475.003 83.04711513495998
C03 500.018 83.55574056882908
C03 525.002 84.58719041312062
C03 550.029 85.93708987410754
C03 575.023 87.85471839220857
C03 599.982 90.06522763564134
C03 619.997 91.0944310975732
C03 624.979 91.49685554698391
C03 650.012 92.96400390021182
C03 675.004 94.27402815760588
C03 700.03 95.07732068912689
C03 725.012 96.28935514126808
C03 750.022 97.89954361628638
C03 774.987 99.30403860213094
C03 799.976 99.33042017789772
C03 824.988 98.43066354108826
C03 850.022 97.40685753028683
C03 869.967 94.69440066539207
C03 875.002 93.82475168566954
C03 899.999 86.51055372304774
C03 919.999 77.74362105510315
C03 925.012 74.84336509157218
C03 949.965 62.413912990684295
C03 975.002 52.18478474427068
C03 999.976 30.592361998742902
C03 1025.028 14.76392159136749
C03 1050.014 5.8093532241861645
C03 1075.002 0.9326715678959548
C03 1099.99 0.09253881613887577
C04 319.994 48.143343541519414
C04 324.969 50.066147172565096
C04 349.982 60.61497089619779
C04 374.975 74.15601042367953
C04 400.019 83.54600368965913
C04 424.965 83.92072020102242
C04 450.035 83.31303160514155
C04 475.003 83.17561127266737
C04 500.018 83.6331449248132
C04 525.002 84.61804175310479
C04 550.029 85.93268144456209
C04 575.023 87.83910871820068
C04 599.982 90.038416717171
C04 619.997 91.07510300907916
C04 624.979 91.47798746852938
C04 650.012 92.95593839085214
C04 675.004 94.2796326132541
C04 700.03 95.10952139189367
C04 725.012 96.35350354127988
C04 750.022 98.01167106342066
C04 774.987 99.45762828749444
C04 799.976 99.51798927151415
C04 824.988 98.62061702007624
C04 850.022 97.60143411017202
C04 869.967 94.88212309568833
C04 875.002 94.00726066885119
C04 899.999 86.67197124591715
C04 919.999 77.86673507534809
C04 925.012 74.95473352214125
C04 949.965 62.48280716093719
C04 975.002 52.23532451394652
C04 999.976 30.621990478705328
C04 1025.028 14.764736192479148
C04 1050.014 5.780755454218552
C04 1075.002 0.9337394277718936
C04 1099.99 0.09264476821474371
C05 319.994 47.87240529507302
C05 324.969 49.76259038089937
C05 349.982 60.2812297791052
C05 374.975 74.08185680530806
C05 400.019 83.68315568294359
C05 424.965 84.1210239058997
C05 450.035 83.51876342848524
C05 475.003 83.38269245879367
C05 500.018 83.82144236765888
C05 525.002 84.77361714847224
C05 550.029 86.04161948875567
C05 575.023 87.8944172586196
C05 599.982 90.07803124840812
C05 619.997 91.10240460492497
C05 624.979 91.50021362027245
C05 650.012 92.98005825059126
C05 675.004 94.31217832355051
C05 700.03 95.1545410410952
C05 725.012 96.42234404369484
C05 750.022 98.11397729621109
C05 774.987 99.58782646234808
C05 799.976 99.65688930294881
C05 824.988 98.78758533075593
C05 850.022 97.79260661576474
C05 869.967 95.0916576686921
C05 875.002 94.22123433873637
C05 899.999 86.9324902649683
C05 919.999 78.10851635212258
C05 925.012 75.18544389063116
C05 949.965 62.5854200670873
C05 975.002 52.310390485563055
C05 999.976 30.657650840311025
C05 1025.028 14.816471988257758
C05 1050.014 5.750614733910032
C05 1075.002 0.9347138391064924
C05 1099.99 0.09274144841218931
C06 319.994 47.473979099589194
C06 324.969 49.32006455629305
C06 349.982 59.758896046058254
C06 374.975 73.75177660144669
C06 400.019 83.52511156703069
C06 424.965 84.02320277099466
C06 450.035 83.42469137540232
C06 475.003 83.27226704880562
C06 500.018 83.68803945619655
C06 525.002 84.60548347902575
C06 550.029 85.84558621041198
C06 575.023 87.65121761755658
C06 599.982 89.82702677034116
C06 619.997 90.8401758818936
C06 624.979 91.24069128964027
C06 650.012 92.71447912110533
C06 675.004 94.05142163264561
C06 700.03 94.90408090824167
C06 725.012 96.17058054906265
C06 750.022 97.85159523649986
C06 774.987 99.3130011310677
C06 799.976 99.36479826151825
C06 824.988 98.53337611608026
C06 850.022 97.54342684418789
C06 869.967 94.92753375342348
C06 875.002 94.08876678102108
C06 899.999 86.89674748489719
C06 919.999 78.04411494658903
C06 925.012 75.11210295666285
C06 949.965 62.33963286955195
C06 975.002 52.11653842149011
C06 999.976 30.59526389540891
C06 1025.028 14.806273182339783
C06 1050.014 5.742036984204259
C06 1075.002 0.9322142362657
C06 1099.99 0.09249344011466383
C07 319.994 47.19680005027325
C07 324.969 49.019697167568026
C07 349.982 59.413647011143546
C07 374.975 73.64406525069185
C07 400.019 83.61277414689621
C07 424.965 84.16711691186015
C07 450.035 83.56126068930338
C07 475.003 83.40485727586479
C07 500.018 83.7937037622755
C07 525.002 84.6751059985079
C07 550.029 85.88134432415107
C07 575.023 87.6669882950783
C07 599.982 89.80674032759809
C07 619.997 90.80530712089758
C07 624.979 91.20264079253754
C07 650.012 92.6709008366943
C07 675.004 94.00862536530178
C07 700.03 94.8554118460599
C07 725.012 96.08357731692044
C07 750.022 97.70817177300987
C07 774.987 99.11006770213113
C07 799.976 99.15909710551053
C07 824.988 98.32945366555872
C07 850.022 97.33783302385606
C07 869.967 94.81496162991765
C07 875.002 94.00400993123854
C07 899.999 86.83330443361265
C07 919.999 78.04304158983014
C07 925.012 75.12557358398695
C07 949.965 62.14095836689798
C07 975.002 51.896078610047624
C07 999.976 30.50743264519555
C07 1025.028 14.774611074660958
C07 1050.014 5.818296586037935
C07 1075.002 0.9308483379733077
C07 1099.99 0.09235791694091762
C10 319.994 49.873824641873576
C10 324.969 51.98613707553568
C10 349.982 62.77673824252586
C10 374.975 75.11091459739409
C10 400.019 83.60720802541796
C10 424.965 83.73188607979729
C10 450.035 83.17399357069505
C10 475.003 83.16458636538675
C10 500.018 83.79288341103835
C10 525.002 84.97272482724676
C10 550.029 86.47665864996871
C10 575.023 88.57451910155574
C10 599.982 90.87538965041925
C10 619.997 91.96515343405463
C10 624.979 92.37434003104634
C10 650.012 93.86830696957858
C10 675.004 95.1499869417039
C10 700.03 95.79025958205115
C10 725.012 96.59658817983302
C10 750.022 97.68481092983598
C10 774.987 98.58768796808022
C10 799.976 98.39524276804482
C10 824.988 97.46248041089943
C10 850.022 96.27585384660802
C10 869.967 93.54165384051169
C10 875.002 92.67832999883264
C10 899.999 85.55511287095374
C10 919.999 77.35904499522603
C10 925.012 74.61338307231152
C10 949.965 61.85837036620061
C10 975.002 50.993228405722355
C10 999.976 29.966380336956913
C10 1025.028 14.5278636061681
C10 1050.014 5.669359710553387
C10 1075.002 0.9306301218087842
C10 1099.99 0.09233626573354468
C11 319.994 49.55041841700233
C11 324.969 51.61300376539175
C11 349.982 62.358558449261416
C11 374.975 75.01437382376571
C11 400.019 83.72986970245738
C11 424.965 83.90251147029122
C11 450.035 83.30127068179769
C11 475.003 83.213753771778
C11 500.018 83.7686178814534
C11 525.002 84.90409899618358
C11 550.029 86.38611334052216
C11 575.023 88.46277499612106
C11 599.982 90.77402643820986
C11 619.997 91.86581426601914
C11 624.979 92.27317615652075
C11 650.012 93.77428858433362
C11 675.004 95.0688795049016
C11 700.03 95.73552605418163
C11 725.012 96.59603616778558
C11 750.022 97.75306108603355
C11 774.987 98.71953451224215
C11 799.976 98.55674462608815
C11 824.988 97.64820946435775
C11 850.022 96.50431016590424
C11 869.967 93.8191625636893
C11 875.002 92.98138461287188
C11 899.999 85.95775965855022
C11 919.999 77.73944263057746
C11 925.012 74.95646622662346
C11 949.965 62.03387186311349
C11 975.002 51.16187575304632
C11 999.976 30.22767370624126
C11 1025.028 14.65965648249209
C11 1050.014 5.721733770261837
C11 1075.002 0.9312797823538368
C11 1099.99 0.09240072445599393
C12 319.994 49.818182594175994
C12 324.969 51.85734959813659
C12 349.982 62.63416579760899
C12 374.975 75.72211460324333
C12 400.019 84.78419737938133
C12 424.965 85.05145554551152
C12 450.035 84.46727346265038
C12 475.003 84.39722926729867
C12 500.018 84.9501076669701
C12 525.002 86.06327062794932
C12 550.029 87.50641412394802
C12 575.023 89.5578825630489
C12 599.982 91.8467775172168
C12 619.997 92.92515605237391
C12 624.979 93.3399011040099
C12 650.012 94.84929371253422
C12 675.004 96.1631667205923
C12 700.03 96.86557138361142
C12 725.012 97.7890492047924
C12 750.022 99.0257861960561
C12 774.987 100.07813582981008
C12 799.976 99.96146961695248
C12 824.988 99.0482730201549
C12 850.022 97.92003706354723
C12 869.967 95.21389000302796
C12 875.002 94.36321643743584
C12 899.999 87.2246426410708
C12 919.999 78.87101365997168
C12 925.012 76.0429639389782
C12 949.965 62.98347442112251
C12 975.002 51.98121113469576
C12 999.976 30.745773430216083
C12 1025.028 14.901986896251257
C12 1050.014 5.79751659085663
C12 1075.002 0.9434042689191985
C12 1099.99 0.09360370487447221
C13 319.994 48.782109648987216
C13 324.969 50.77324777140438
C13 349.982 61.37043005044216
C13 374.975 74.53950545996376
C13 400.019 83.6611518693863
C13 424.965 83.95945304635045
C13 450.035 83.35683989457235
C13 475.003 83.22923310960803
C13 500.018 83.71717342536648
C13 525.002 84.77265879422323
C13 550.029 86.16792291194133
C13 575.023 88.18270555039008
C13 599.982 90.42374412677935
C13 619.997 91.49127409183767
C13 624.979 91.89994701095192
C13 650.012 93.39382194747625
C13 675.004 94.69974444868454
C13 700.03 95.42054951328468
C13 725.012 96.38553557369882
C13 750.022 97.67235999143283
C13 774.987 98.77570940490219
C13 799.976 98.71235835562555
C13 824.988 97.81708681670148
C13 850.022 96.73830960617677
C13 869.967 94.08222697162581
C13 875.002 93.2428083183341
C13 899.999 86.16372915374765
C13 919.999 77.90571325936386
C13 925.012 75.1217478338249
C13 949.965 62.358316943990665
C13 975.002 51.52268846096496
C13 999.976 30.462466663831954
C13 1025.028 14.780720582998404
C13 1050.014 5.737192503475509
C13 1075.002 0.9305098173174134
C13 1099.99 0.09232432923243235
C14 319.994 48.33016128540462
C14 324.969 50.28344441498585
C14 349.982 60.848529493515755
C14 374.975 74.35869084709437
C14 400.019 83.7167670831649
C14 424.965 84.06480301223573
C14 450.035 83.42535072312565
C14 475.003 83.24356242233924
C14 500.018 83.67049007318866
C14 525.002 84.67372596838932
C14 550.029 86.02827919760944
C14 575.023 88.02381041590407
C14 599.982 90.24654059272022
C14 619.997 91.30832043228448
C14 624.979 91.71802837398766
C14 650.012 93.21568305967008
C14 675.004 94.53322081437639
C14 700.03 95.28131980798837
C14 725.012 96.29423891452105
C14 750.022 97.64640775836962
C14 774.987 98.80901413176382
C14 799.976 98.79029938998913
C14 824.988 97.90294769057887
C14 850.022 96.8545618099988
C14 869.967 94.16599479982338
C14 875.002 93.3179126241206
C14 899.999 86.17762145694132
C14 919.999 77.94501345040732
C14 925.012 75.16750349908968
C14 949.965 62.474277808120995
C14 975.002 51.621782290312694
C14 999.976 30.503641395786463
C14 1025.028 14.777354842875877
C14 1050.014 5.727339663441427
C14 1075.002 0.9302620504701821
C14 1099.99 0.09229974603346877
C15 319.994 47.70247758647239
C15 324.969 49.59988099650228
C15 349.982 60.041752385945344
C15 374.975 73.83753780648219
C15 400.019 83.44238642825606
C15 424.965 83.87872895124775
C15 450.035 83.24281107260802
C15 475.003 83.04722247063587
C15 500.018 83.4493172461849
C15 525.002 84.40523344198641
C15 550.029 85.69946402135677
C15 575.023 87.62853912260798
C15 599.982 89.8142844922463
C15 619.997 90.85981831058132
C15 624.979 91.2645888111936
C15 650.012 92.75449232771004
C15 675.004 94.07644617879579
C15 700.03 94.84167287954608
C15 725.012 95.89211347163604
C15 750.022 97.2845025266071
C15 774.987 98.49022717437279
C15 799.976 98.49462027025027
C15 824.988 97.64048129569373
C15 850.022 96.63670872211361
C15 869.967 93.93055399476034
C15 875.002 93.06376474411687
C15 899.999 85.96109473133677
C15 919.999 77.82058840154971
C15 925.012 75.05234765252852
C15 949.965 62.41841342223765
C15 975.002 51.52580119556575
C15 999.976 30.48013488276672
C15 1025.028 14.736596995019688
C15 1050.014 5.724904964471815
C15 1075.002 0.9268138443804979
C15 1099.99 0.09195761819305215
C16 319.994 47.67305611102775
C16 324.969 49.54163222524739
C16 349.982 59.95328478851064
C16 374.975 73.98917244917772
C16 400.019 83.81934932197903
C16 424.965 84.34188239270979
C16 450.035 83.75313087678937
C16 475.003 83.61475985690018
C16 500.018 84.05207606780887
C16 525.002 84.98018465672106
C16 550.029 86.22928058438
C16 575.023 88.08174868038228
C16 599.982 90.22005934811155
C16 619.997 91.23124575016202
C16 624.979 91.62962211122489
C16 650.012 93.10395428790339
C16 675.004 94.4261458108429
C16 700.03 95.19864833705168
C16 725.012 96.2502849552444
C16 750.022 97.66542150666999
C16 774.987 98.88362009334082
C16 799.976 98.8883811972499
C16 824.988 98.06951732589097
C16 850.022 97.07903137561914
C16 869.967 94.36375311581529
C16 875.002 93.49500115566984
C16 899.999 86.50136885592521
C16 919.999 78.35389337403934
C16 925.012 75.55742334225928
C16 949.965 62.78802382216222
C16 975.002 51.78846309471768
C16 999.976 30.640557633925667
C16 1025.028 14.776969584467775
C16 1050.014 5.8179908710325
C16 1075.002 0.9304426985560852
C16 1099.99 0.09231766977059408
C17 319.994 47.53254221103776
C17 324.969 49.3775734780677
C17 349.982 59.737068569682776
C17 374.975 74.00569447643066
C17 400.019 84.0318816270737
C17 424.965 84.61722906870163
C17 450.035 84.03748608272193
C17 475.003 83.90772491740583
C17 500.018 84.33554192099832
C17 525.002 85.23553622966155
C17 550.029 86.45620353687782
C17 575.023 88.28905220469433
C17 599.982 90.37994350418255
C17 619.997 91.37211615793264
C17 624.979 91.76884414968721
C17 650.012 93.22789632621948
C17 675.004 94.54926749792183
C17 700.03 95.3166562458579
C17 725.012 96.34021691797159
C17 750.022 97.6975838752668
C17 774.987 98.86771907964123
C17 799.976 98.87744829197719
C17 824.988 98.05536435034158
C17 850.022 97.04192389909744
C17 869.967 94.4013359360445
C17 875.002 93.5749739010413
C17 899.999 86.79699430782613
C17 919.999 78.60401616619723
C17 925.012 75.77443307840534
C17 949.965 62.61006893837186
C17 975.002 51.73809582880666
C17 999.976 30.519762830963327
C17 1025.028 14.758228967128364
C17 1050.014 5.950584452331539
C17 1075.002 0.9307495478068907
C17 1099.99 0.0923481150713624
