lsstCam/transmission_sensor/r10_s02/19700101T000000.ecsv
# %ECSV 1.0
# ---
# datatype:
# - {name: amp_name, datatype: string}
# - {name: wavelength, unit: nm, datatype: float32}
# - {name: efficiency, unit: '%', datatype: float64}
# meta: !!omap
# - {MODE: AMP}
# - {TYPE: transmission_sensor}
# - {CALIBDATE: '1970-01-01T00:00:00'}
# - {INSTRUME: LSSTCAM}
# - {OBSTYPE: transmission_sensor}
# - {DETECTOR: 29}
# - {PARQUETFILE: qe_raft_allvalues_nircorrected_20230725.parquet}
# - {CALIBCLS: lsst.ip.isr.IntermediateSensorTransmissionCurve}
# - {CALIB_ID: 'raftName=R10 detectorName=S02 detector=29 calibDate=1970-01-01T00:00:00 ccd=29 ccdnum=29 filter=None'}
# - {DATE: '2023-08-02T16:57:55.573845'}
# - {CALIB_CREATION_DATE: '2023-08-02'}
# - {CALIB_CREATION_TIME: '16:57:55'}
# - __serialized_columns__:
#     efficiency:
#       __class__: astropy.units.quantity.Quantity
#       unit: !astropy.units.Unit {unit: '%'}
#       value: !astropy.table.SerializedColumn {name: efficiency}
#     wavelength:
#       __class__: astropy.units.quantity.Quantity
#       unit: !astropy.units.Unit {unit: nm}
#       value: !astropy.table.SerializedColumn {name: wavelength}
# schema: astropy-2.0
amp_name wavelength efficiency
C00 319.994 49.36573028564453
C00 324.969 51.438629150390625
C00 349.982 62.26019287109375
C00 374.975 74.77863311767578
C00 400.019 83.35031127929688
C00 424.965 83.50386047363281
C00 450.035 82.96401977539062
C00 475.003 82.98292541503906
C00 500.018 83.61349487304688
C00 525.002 84.76182556152344
C00 550.029 86.2178726196289
C00 575.023 88.20869445800781
C00 599.982 90.5020980834961
C00 619.997 91.55626678466797
C00 624.979 91.9631576538086
C00 650.012 93.42957305908203
C00 675.004 94.71321868896484
C00 700.03 95.45145416259766
C00 725.012 96.53479766845703
C00 750.022 97.98548889160156
C00 774.987 99.23804473876953
C00 799.976 99.14775848388672
C00 824.988 98.22917938232422
C00 850.022 97.1611099243164
C00 869.967 94.39913940429688
C00 875.002 93.50528717041016
C00 899.999 86.09605407714844
C00 919.999 77.39776611328125
C00 925.012 74.5433120727539
C00 949.965 62.29597473144531
C00 975.002 51.98332595825195
C00 999.976 30.37065887451172
C00 1025.028 14.693635940551758
C00 1050.014 5.782266616821289
C00 1075.002 0.9334916710735963
C00 1099.99 0.09262018602274806
C01 319.994 48.995635986328125
C01 324.969 51.00946807861328
C01 349.982 61.67961883544922
C01 374.975 74.34391784667969
C01 400.019 83.06587219238281
C01 424.965 83.28285217285156
C01 450.035 82.71280670166016
C01 475.003 82.65714263916016
C01 500.018 83.22160339355469
C01 525.002 84.34011840820312
C01 550.029 85.7894058227539
C01 575.023 87.7743911743164
C01 599.982 90.06884765625
C01 619.997 91.12712097167969
C01 624.979 91.53296661376953
C01 650.012 93.00306701660156
C01 675.004 94.28998565673828
C01 700.03 95.0464096069336
C01 725.012 96.1606674194336
C01 750.022 97.65802764892578
C01 774.987 98.95697021484375
C01 799.976 98.88782501220703
C01 824.988 97.99098205566406
C01 850.022 96.9392318725586
C01 869.967 94.2209243774414
C01 875.002 93.35206604003906
C01 899.999 86.06417846679688
C01 919.999 77.39553833007812
C01 925.012 74.53327941894531
C01 949.965 62.17859649658203
C01 975.002 51.922149658203125
C01 999.976 30.409605026245117
C01 1025.028 14.721972465515137
C01 1050.014 5.794386863708496
C01 1075.002 0.9303715721971455
C01 1099.99 0.09231061267860254
C02 319.994 48.583126068115234
C02 324.969 50.54838943481445
C02 349.982 61.13254928588867
C02 374.975 74.08167266845703
C02 400.019 83.0304183959961
C02 424.965 83.3182373046875
C02 450.035 82.76943969726562
C02 475.003 82.73814392089844
C02 500.018 83.3061294555664
C02 525.002 84.37969970703125
C02 550.029 85.773193359375
C02 575.023 87.69864654541016
C02 599.982 89.93284606933594
C02 619.997 90.95989227294922
C02 624.979 91.35804748535156
C02 650.012 92.81522369384766
C02 675.004 94.11044311523438
C02 700.03 94.8889389038086
C02 725.012 96.05033111572266
C02 750.022 97.60464477539062
C02 774.987 98.95645904541016
C02 799.976 98.93119049072266
C02 824.988 98.04426574707031
C02 850.022 97.00557708740234
C02 869.967 94.29368591308594
C02 875.002 93.42281341552734
C02 899.999 86.13656616210938
C02 919.999 77.4404525756836
C02 925.012 74.56617736816406
C02 949.965 62.18790054321289
C02 975.002 51.94717025756836
C02 999.976 30.431886672973633
C02 1025.028 14.713982582092285
C02 1050.014 5.777453899383545
C02 1075.002 0.9298625362069576
C02 1099.99 0.09226010659529785
C03 319.994 48.13871383666992
C03 324.969 50.076358795166016
C03 349.982 60.59642791748047
C03 374.975 73.8188247680664
C03 400.019 82.96092987060547
C03 424.965 83.29527282714844
C03 450.035 82.7220458984375
C03 475.003 82.64157104492188
C03 500.018 83.14771270751953
C03 525.002 84.17412567138672
C03 550.029 85.5174331665039
C03 575.023 87.42569732666016
C03 599.982 89.62541198730469
C03 619.997 90.64958953857422
C03 624.979 91.050048828125
C03 650.012 92.5100326538086
C03 675.004 93.81365966796875
C03 700.03 94.61302947998047
C03 725.012 95.81914520263672
C03 750.022 97.42147064208984
C03 774.987 98.81910705566406
C03 799.976 98.8453598022461
C03 824.988 97.94999694824219
C03 850.022 96.93119049072266
C03 869.967 94.23197937011719
C03 875.002 93.3665771484375
C03 899.999 86.08809661865234
C03 919.999 77.36397552490234
C03 925.012 74.4778823852539
C03 949.965 62.109127044677734
C03 975.002 51.92995071411133
C03 999.976 30.442970275878906
C03 1025.028 14.691824913024902
C03 1050.014 5.780984401702881
C03 1075.002 0.9281170515627614
C03 1099.99 0.09208692121244448
C04 319.994 47.90824508666992
C04 324.969 49.821659088134766
C04 349.982 60.3189697265625
C04 374.975 73.79388427734375
C04 400.019 83.13802337646484
C04 424.965 83.51091003417969
C04 450.035 82.90618896484375
C04 475.003 82.76943969726562
C04 500.018 83.22473907470703
C04 525.002 84.20482635498047
C04 550.029 85.51304626464844
C04 575.023 87.41016387939453
C04 599.982 89.5987319946289
C04 619.997 90.63035583496094
C04 624.979 91.0312728881836
C04 650.012 92.50200653076172
C04 675.004 93.8192367553711
C04 700.03 94.64507293701172
C04 725.012 95.88298034667969
C04 750.022 97.53305053710938
C04 774.987 98.9719467163086
C04 799.976 99.03201293945312
C04 824.988 98.13902282714844
C04 850.022 97.12481689453125
C04 869.967 94.41878509521484
C04 875.002 93.5481948852539
C04 899.999 86.24872589111328
C04 919.999 77.48648834228516
C04 925.012 74.58870697021484
C04 949.965 62.17768478393555
C04 975.002 51.98024368286133
C04 999.976 30.472454071044922
C04 1025.028 14.692635536193848
C04 1050.014 5.75252628326416
C04 1075.002 0.9291796967571188
C04 1099.99 0.09219235589239655
C05 319.994 47.63862991333008
C05 324.969 49.51958465576172
C05 349.982 59.98685836791992
C05 374.975 73.7200927734375
C05 400.019 83.27450561523438
C05 424.965 83.71023559570312
C05 450.035 83.11091613769531
C05 475.003 82.97550964355469
C05 500.018 83.41211700439453
C05 525.002 84.3596420288086
C05 550.029 85.62145233154297
C05 575.023 87.46520233154297
C05 599.982 89.63815307617188
C05 619.997 90.65752410888672
C05 624.979 91.05339050292969
C05 650.012 92.52600860595703
C05 675.004 93.85162353515625
C05 700.03 94.68987274169922
C05 725.012 95.95148468017578
C05 750.022 97.63485717773438
C05 774.987 99.10150909423828
C05 799.976 99.17023468017578
C05 824.988 98.30517578125
C05 850.022 97.31505584716797
C05 869.967 94.6272964477539
C05 875.002 93.76112365722656
C05 899.999 86.50797271728516
C05 919.999 77.72708892822266
C05 925.012 74.81829071044922
C05 949.965 62.2797966003418
C05 975.002 52.0549430847168
C05 999.976 30.5079402923584
C05 1025.028 14.744118690490723
C05 1050.014 5.722532749176025
C05 1075.002 0.9301493497475251
C05 1099.99 0.09228856397130276
C06 319.994 47.242149353027344
C06 324.969 49.079219818115234
C06 349.982 59.46707534790039
C06 374.975 73.3916244506836
C06 400.019 83.11723327636719
C06 424.965 83.6128921508789
C06 450.035 83.01730346679688
C06 475.003 82.8656234741211
C06 500.018 83.27936553955078
C06 525.002 84.19232940673828
C06 550.029 85.42637634277344
C06 575.023 87.22319030761719
C06 599.982 89.38837432861328
C06 619.997 90.39657592773438
C06 624.979 90.79513549804688
C06 650.012 92.26172637939453
C06 675.004 93.5921401977539
C06 700.03 94.44063568115234
C06 725.012 95.7009506225586
C06 750.022 97.3737564086914
C06 774.987 98.8280258178711
C06 799.976 98.87957000732422
C06 824.988 98.05220794677734
C06 850.022 97.06709289550781
C06 869.967 94.46397399902344
C06 875.002 93.62930297851562
C06 899.999 86.47240447998047
C06 919.999 77.66300201416016
C06 925.012 74.74530792236328
C06 949.965 62.03520965576172
C06 975.002 51.862037658691406
C06 999.976 30.445858001708984
C06 1025.028 14.733969688415527
C06 1050.014 5.713996887207031
C06 1075.002 0.9276619532206771
C06 1099.99 0.09204176677303315
C07 319.994 46.96632385253906
C07 324.969 48.78031921386719
C07 349.982 59.123512268066406
C07 374.975 73.28443908691406
C07 400.019 83.2044677734375
C07 424.965 83.756103515625
C07 450.035 83.15320587158203
C07 475.003 82.99756622314453
C07 500.018 83.38451385498047
C07 525.002 84.26161193847656
C07 550.029 85.46195983886719
C07 575.023 87.23888397216797
C07 599.982 89.3681869506836
C07 619.997 90.36187744140625
C07 624.979 90.75727081298828
C07 650.012 92.2183609008789
C07 675.004 93.54955291748047
C07 700.03 94.39220428466797
C07 725.012 95.61437225341797
C07 750.022 97.23103332519531
C07 774.987 98.62608337402344
C07 799.976 98.67487335205078
C07 824.988 97.84928131103516
C07 850.022 96.86250305175781
C07 869.967 94.3519515991211
C07 875.002 93.54496002197266
C07 899.999 86.40927124023438
C07 919.999 77.66193389892578
C07 925.012 74.75871276855469
C07 949.965 61.83750534057617
C07 975.002 51.64265441894531
C07 999.976 30.358455657958984
C07 1025.028 14.702462196350098
C07 1050.014 5.789884090423584
C07 1075.002 0.9263027250212696
C07 1099.99 0.09190690539978522
C10 319.994 49.63027572631836
C10 324.969 51.73227310180664
C10 349.982 62.47018051147461
C10 374.975 74.74412536621094
C10 400.019 83.19892883300781
C10 424.965 83.322998046875
C10 450.035 82.76782989501953
C10 475.003 82.75846862792969
C10 500.018 83.38369750976562
C10 525.002 84.55777740478516
C10 550.029 86.05436706542969
C10 575.023 88.14198303222656
C10 599.982 90.4316177368164
C10 619.997 91.51605987548828
C10 624.979 91.92324829101562
C10 650.012 93.40991973876953
C10 675.004 94.68534088134766
C10 700.03 95.3224868774414
C10 725.012 96.1248779296875
C10 750.022 97.2077865600586
C10 774.987 98.10625457763672
C10 799.976 97.91474914550781
C10 824.988 96.98654174804688
C10 850.022 95.80570983886719
C10 869.967 93.0848617553711
C10 875.002 92.22575378417969
C10 899.999 85.13732147216797
C10 919.999 76.98127746582031
C10 925.012 74.2490234375
C10 949.965 61.556297302246094
C10 975.002 50.74421310424805
C10 999.976 29.820045471191406
C10 1025.028 14.45691967010498
C10 1050.014 5.641674518585205
C10 1075.002 0.9260855744720385
C10 1099.99 0.09188535992178262
C11 319.994 49.308448791503906
C11 324.969 51.3609619140625
C11 349.982 62.05404281616211
C11 374.975 74.64805603027344
C11 400.019 83.32099151611328
C11 424.965 83.49279022216797
C11 450.035 82.89448547363281
C11 475.003 82.8073959350586
C11 500.018 83.35955047607422
C11 525.002 84.48948669433594
C11 550.029 85.96426391601562
C11 575.023 88.0307846069336
C11 599.982 90.33074951171875
C11 619.997 91.41720581054688
C11 624.979 91.82257843017578
C11 650.012 93.31636047363281
C11 675.004 94.60462951660156
C11 700.03 95.26802062988281
C11 725.012 96.12432861328125
C11 750.022 97.27570343017578
C11 774.987 98.23745727539062
C11 799.976 98.0754623413086
C11 824.988 97.1713638305664
C11 850.022 96.03305053710938
C11 869.967 93.36101531982422
C11 875.002 92.52732849121094
C11 899.999 85.53800201416016
C11 919.999 77.35981750488281
C11 925.012 74.5904312133789
C11 949.965 61.73094177246094
C11 975.002 50.91203689575195
C11 999.976 30.080062866210938
C11 1025.028 14.588068962097168
C11 1050.014 5.693792819976807
C11 1075.002 0.9267320625288699
C11 1099.99 0.09194950387286505
C12 319.994 49.57490539550781
C12 324.969 51.6041145324707
C12 349.982 62.328304290771484
C12 374.975 75.35234069824219
C12 400.019 84.37017059326172
C12 424.965 84.63612365722656
C12 450.035 84.05479431152344
C12 475.003 83.98509216308594
C12 500.018 84.53527069091797
C12 525.002 85.64299774169922
C12 550.029 87.07909393310547
C12 575.023 89.12054443359375
C12 599.982 91.39826202392578
C12 619.997 92.47137451171875
C12 624.979 92.88409423828125
C12 650.012 94.38611602783203
C12 675.004 95.69357299804688
C12 700.03 96.39254760742188
C12 725.012 97.31151580810547
C12 750.022 98.5422134399414
C12 774.987 99.58942413330078
C12 799.976 99.47332763671875
C12 824.988 98.56459045410156
C12 850.022 97.44186401367188
C12 869.967 94.74893188476562
C12 875.002 93.90241241455078
C12 899.999 86.79869842529297
C12 919.999 78.4858627319336
C12 925.012 75.67162322998047
C12 949.965 62.675907135009766
C12 975.002 51.72737121582031
C12 999.976 30.595632553100586
C12 1025.028 14.829216003417969
C12 1050.014 5.769205570220947
C12 1075.002 0.9387973415725334
C12 1099.99 0.09314660977543326
C13 319.994 48.54389190673828
C13 324.969 50.525306701660156
C13 349.982 61.07073974609375
C13 374.975 74.17550659179688
C13 400.019 83.25260925292969
C13 424.965 83.54945373535156
C13 450.035 82.94978332519531
C13 475.003 82.82279968261719
C13 500.018 83.30835723876953
C13 525.002 84.35868835449219
C13 550.029 85.74713897705078
C13 575.023 87.75208282470703
C13 599.982 89.982177734375
C13 619.997 91.04449462890625
C13 624.979 91.451171875
C13 650.012 92.93775177001953
C13 675.004 94.23729705810547
C13 700.03 94.95458221435547
C13 725.012 95.91485595703125
C13 750.022 97.19539642333984
C13 774.987 98.2933578491211
C13 799.976 98.23031616210938
C13 824.988 97.33941650390625
C13 850.022 96.26590728759766
C13 869.967 93.62279510498047
C13 875.002 92.7874755859375
C13 899.999 85.74296569824219
C13 919.999 77.52527618408203
C13 925.012 74.7549057006836
C13 949.965 62.053802490234375
C13 975.002 51.271087646484375
C13 999.976 30.313709259033203
C13 1025.028 14.708541870117188
C13 1050.014 5.709176063537598
C13 1075.002 0.9259658574637538
C13 1099.99 0.09187348171020236
C14 319.994 48.09415054321289
C14 324.969 50.03789520263672
C14 349.982 60.551387786865234
C14 374.975 73.99557495117188
C14 400.019 83.30795288085938
C14 424.965 83.65428924560547
C14 450.035 83.01795959472656
C14 475.003 82.8370590209961
C14 500.018 83.26190185546875
C14 525.002 84.26023864746094
C14 550.029 85.6081771850586
C14 575.023 87.59396362304688
C14 599.982 89.80583953857422
C14 619.997 90.86243438720703
C14 624.979 91.2701416015625
C14 650.012 92.76048278808594
C14 675.004 94.07158660888672
C14 700.03 94.81603240966797
C14 725.012 95.82400512695312
C14 750.022 97.16957092285156
C14 774.987 98.32649993896484
C14 799.976 98.30787658691406
C14 824.988 97.42485809326172
C14 850.022 96.381591796875
C14 869.967 93.7061538696289
C14 875.002 92.86221313476562
C14 899.999 85.75679016113281
C14 919.999 77.56438446044922
C14 925.012 74.8004379272461
C14 949.965 62.16919708251953
C14 975.002 51.36969757080078
C14 999.976 30.35468292236328
C14 1025.028 14.705192565917969
C14 1050.014 5.699371337890625
C14 1075.002 0.9257193005367037
C14 1099.99 0.09184901855840764
C15 319.994 47.46953201293945
C15 324.969 49.357669830322266
C15 349.982 59.74855041503906
C15 374.975 73.47696685791016
C15 400.019 83.034912109375
C15 424.965 83.46912384033203
C15 450.035 82.83631134033203
C15 475.003 82.64167785644531
C15 500.018 83.04180908203125
C15 525.002 83.99305725097656
C15 550.029 85.28096771240234
C15 575.023 87.20062255859375
C15 599.982 89.37569427490234
C15 619.997 90.41612243652344
C15 624.979 90.81891632080078
C15 650.012 92.30154418945312
C15 675.004 93.6170425415039
C15 700.03 94.37853240966797
C15 725.012 95.42384338378906
C15 750.022 96.80943298339844
C15 774.987 98.00926971435547
C15 799.976 98.01364135742188
C15 824.988 97.1636734008789
C15 850.022 96.16480255126953
C15 869.967 93.47186279296875
C15 875.002 92.60930633544922
C15 899.999 85.54132080078125
C15 919.999 77.44056701660156
C15 925.012 74.68584442138672
C15 949.965 62.11360549926758
C15 975.002 51.27418518066406
C15 999.976 30.33129119873047
C15 1025.028 14.664633750915527
C15 1050.014 5.696948528289795
C15 1075.002 0.9222879330764967
C15 1099.99 0.09150856143133841
C16 319.994 47.44025421142578
C16 324.969 49.299705505371094
C16 349.982 59.66051483154297
C16 374.975 73.62786102294922
C16 400.019 83.4100341796875
C16 424.965 83.93001556396484
C16 450.035 83.3441390991211
C16 475.003 83.2064437866211
C16 500.018 83.6416244506836
C16 525.002 84.56520080566406
C16 550.029 85.80819702148438
C16 575.023 87.65161895751953
C16 599.982 89.77948760986328
C16 619.997 90.78573608398438
C16 624.979 91.18216705322266
C16 650.012 92.64929962158203
C16 675.004 93.96503448486328
C16 700.03 94.7337646484375
C16 725.012 95.78026580810547
C16 750.022 97.18849182128906
C16 774.987 98.40074157714844
C16 799.976 98.40547943115234
C16 824.988 97.59061431884766
C16 850.022 96.60496520996094
C16 869.967 93.90294647216797
C16 875.002 93.03843688964844
C16 899.999 86.0789566040039
C16 919.999 77.97126770019531
C16 925.012 75.1884536743164
C16 949.965 62.48141098022461
C16 975.002 51.53556442260742
C16 999.976 30.490930557250977
C16 1025.028 14.704809188842773
C16 1050.014 5.78957986831665
C16 1075.002 0.9258990664635638
C16 1099.99 0.09186685476852313
C17 319.994 47.3004264831543
C17 324.969 49.13644790649414
C17 349.982 59.44535446166992
C17 374.975 73.64430236816406
C17 400.019 83.62152862548828
C17 424.965 84.20401763916016
C17 450.035 83.62710571289062
C17 475.003 83.49797821044922
C17 500.018 83.9237060546875
C17 525.002 84.81930541992188
C17 550.029 86.03401184082031
C17 575.023 87.85791015625
C17 599.982 89.93859100341797
C17 619.997 90.92591857910156
C17 624.979 91.32070922851562
C17 650.012 92.77263641357422
C17 675.004 94.08755493164062
C17 700.03 94.8511962890625
C17 725.012 95.86975860595703
C17 750.022 97.22049713134766
C17 774.987 98.38491821289062
C17 799.976 98.39459991455078
C17 824.988 97.57653045654297
C17 850.022 96.56803894042969
C17 869.967 93.94034576416016
C17 875.002 93.1180191040039
C17 899.999 86.37313842773438
C17 919.999 78.22016906738281
C17 925.012 75.40440368652344
C17 949.965 62.304325103759766
C17 975.002 51.485443115234375
C17 999.976 30.370725631713867
C17 1025.028 14.68616008758545
C17 1050.014 5.921525955200195
C17 1075.002 0.9262044172770064
C17 1099.99 0.09189715139571289
