lsstCam/transmission_filter_detector/r30_s11/z_20/19700101T000000.ecsv
# %ECSV 1.0
# ---
# datatype:
# - {name: wavelength, unit: nm, datatype: float32}
# - {name: efficiency, unit: '%', datatype: float64}
# meta: !!omap
# - {MODE: DETECTOR}
# - {TYPE: transmission_filter_detector}
# - {CALIBDATE: '1970-01-01T00:00:00'}
# - {INSTRUME: LSSTCam}
# - {OBSTYPE: transmission_filter_detector}
# - {CALIBCLS: lsst.ip.isr.IntermediateFilterDetectorTransmissionCurve}
# - {SOURCE: Materion (DM-46256)}
# - {DETECTOR: 121}
# - {FILTER: z_20}
# - {CALIB_ID: 'calibDate=1970-01-01T00:00:00 filter=z_20 detector=121'}
# - {DATE: '2025-04-02T15:59:49.200183'}
# - {CALIB_CREATION_DATE: '2025-04-02'}
# - {CALIB_CREATION_TIME: '15:59:49'}
# - __serialized_columns__:
#     efficiency:
#       __class__: astropy.units.quantity.Quantity
#       unit: !astropy.units.Unit {unit: '%'}
#       value: !astropy.table.SerializedColumn {name: efficiency}
#     wavelength:
#       __class__: astropy.units.quantity.Quantity
#       unit: !astropy.units.Unit {unit: nm}
#       value: !astropy.table.SerializedColumn {name: wavelength}
# schema: astropy-2.0
wavelength efficiency
[from data line 597]
897.0 98.94391298294067
898.0 98.32186102867126
899.0 98.38143587112427
900.0 98.9503800868988
901.0 99.01207685470581
902.0 99.23071265220642
903.0 98.98431897163391
904.0 98.04444909095764
905.0 98.38942289352417
906.0 97.97689318656921
907.0 98.71211051940918
908.0 98.335200548172
909.0 97.90565371513367
910.0 98.04028272628784
911.0 96.87321186065674
912.0 95.93648314476013
913.0 94.97650265693665
914.0 92.70920157432556
915.0 90.33743739128113
916.0 88.06054592132568
917.0 86.93907856941223
918.0 82.91444182395935
919.0 81.81153535842896
920.0 78.87597680091858
921.0 74.86875653266907
922.0 70.35618424415588
923.0 64.5750880241394
924.0 59.08515453338623
925.0 53.51982116699219
926.0 47.261616587638855
927.0 39.984533190727234
928.0 33.81794095039368
929.0 27.753612399101257
930.0 21.98239415884018
931.0 16.780543327331543
932.0 11.502863466739655
933.0 7.506239414215088
934.0 4.72591295838356
935.0 2.8373803943395615
936.0 1.6058355569839478
937.0 1.097919326275587
938.0 0.607210909947753
939.0 0.2998442156240344
940.0 0.15533185796812177
941.0 0.15554579440504313
942.0 0.07844283827580512
943.0 0.048099656123667955
944.0 1.6754628283724426e-10
945.0 1.6754628283724426e-10
946.0 0.05525994347408414
947.0 1.6754628283724426e-10
948.0 1.6754628283724426e-10
949.0 0.01100000154110603
950.0 0.08504856377840042
951.0 0.023493755725212395
952.0 1.6754628283724426e-10
953.0 1.6754628283724426e-10
954.0 1.6754628283724426e-10
955.0 0.05733667057938874
956.0 1.6754628283724426e-10
957.0 1.6754628283724426e-10
958.0 1.6754628283724426e-10
959.0 0.1293047214858234
960.0 0.12577931629493833
961.0 1.6754628283724426e-10
962.0 1.6754628283724426e-10
963.0 1.6754628283724426e-10
964.0 1.6754628283724426e-10
965.0 1.6754628283724426e-10
966.0 0.025287028984166682
967.0 1.6754628283724426e-10
968.0 0.024148465308826417
969.0 1.6754628283724426e-10
970.0 1.6754628283724426e-10
971.0 1.6754628283724426e-10
972.0 1.6754628283724426e-10
973.0 1.6754628283724426e-10
974.0 1.6754628283724426e-10
975.0 1.6754628283724426e-10
976.0 0.0062360704760067165
977.0 0.006134201976237819
978.0 0.006032334204064682
979.0 0.0058649518905440345
980.0 0.005697569577023387
981.0 0.005610735024674796
982.0 0.0055239001085283235
983.0 0.005349604180082679
984.0 0.005175308251637034
985.0 0.005125589814269915
986.0 0.005075871013104916
987.0 0.005004409831599332
988.0 0.00493294901389163
989.0 0.004870850170846097
990.0 0.004808750964002684
991.0 0.004614134013536386
992.0 0.004419517063070089
993.0 0.004453978544916026
994.0 0.004488440026761964
995.0 0.004383435589261353
996.0 0.004278431515558623
997.0 0.004292376252124086
998.0 0.004306320988689549
999.0 0.004401179467095062
1000.0 0.004496038309298456
1001.0 0.004334970799391158
1002.0 0.004173903653281741
1003.0 0.004213605279801413
1004.0 0.004253307270118967
1005.0 0.004122610698686913
1006.0 0.003991914127254859
1007.0 0.004089233334525488
1008.0 0.004186552541796118
1009.0 0.004105416883248836
1010.0 0.004024280860903673
1011.0 0.004091019945917651
1012.0 0.004157759030931629
1013.0 0.004221049675834365
1014.0 0.004284340320737101
1015.0 0.004238436667947099
1016.0 0.004192533015157096
1017.0 0.004302516390453093
1018.0 0.004412499765749089
1019.0 0.004262211587047204
1020.0 0.004111923408345319
1021.0 0.0040717361116549
1022.0 0.0040315484511666
1023.0 0.004225331940688193
1024.0 0.004419115066411905
1025.0 0.004366355642559938
1026.0 0.0043135958549100906
1027.0 0.004304575850255787
1028.0 0.004295555118005723
1029.0 0.004408846871228889
1030.0 0.0045221386244520545
1031.0 0.0044891374272992834
1032.0 0.004456136230146512
1033.0 0.00454773435194511
1034.0 0.004639332473743707
1035.0 0.004797346264240332
1036.0 0.004955360054736957
1037.0 0.004965459447703324
1038.0 0.004975559204467572
1039.0 0.005170199801796116
1040.0 0.00536484039912466
1041.0 0.005195501580601558
1042.0 0.005026162398280576
1043.0 0.005282266647554934
1044.0 0.005538370896829292
1045.0 0.005767819675384089
1046.0 0.005997268090141006
1047.0 0.006010214565321803
1048.0 0.0060231621318962425
1049.0 0.006125691288616508
1050.0 0.006228219717741013
1051.0 0.006628251139773056
1052.0 0.007028281834209338
1053.0 0.007287271728273481
1054.0 0.007546260894741863
1055.0 0.007256935350596905
1056.0 0.0069676098064519465
1057.0 0.007382420881185681
1058.0 0.00779723486630246
1059.0 0.007814519631210715
1060.0 0.007831804396118969
1061.0 0.008275984873762354
1062.0 0.008720166806597263
1063.0 0.008709072426427156
1064.0 0.008697980229044333
1065.0 0.008790092397248372
1066.0 0.008882204565452412
1067.0 0.009147941455012187
1068.0 0.009413678344571963
1069.0 0.009794467769097537
1070.0 0.01017525719362311
1071.0 0.010251531057292596
1072.0 0.010327803465770558
1073.0 0.010603693226585165
1074.0 0.01087958225980401
1075.0 0.010636261868057773
1076.0 0.01039293929352425
1077.0 0.011879605881404132
1078.0 0.013366271741688251
1079.0 0.012928323121741414
1080.0 0.012490374501794577
1081.0 0.013096776092424989
1082.0 0.013703176227863878
1083.0 0.014271926193032414
1084.0 0.014840673247817904
1085.0 0.014737281890120357
1086.0 0.014633891987614334
1087.0 0.015082670142874122
1088.0 0.015531449753325433
1089.0 0.014909780293237418
1090.0 0.014288112288340926
1091.0 0.015290136798284948
1092.0 0.01629216130822897
1093.0 0.016983052773866802
1094.0 0.017673944239504635
1095.0 0.01839257456595078
1096.0 0.019111203437205404
1097.0 0.01943248207680881
1098.0 0.019753759261220694
1099.0 0.020367992692627013
1100.0 0.020982223213650286
1101.0 0.022201148385647684
1102.0 0.02342007210245356
1103.0 0.023525736469309777
1104.0 0.023631402291357517
1105.0 0.023876076738815755
1106.0 0.024120748275890946
1107.0 0.025686080334708095
1108.0 0.027251412393525243
1109.0 0.02831081801559776
1110.0 0.02937022363767028
1111.0 0.029879066278226674
1112.0 0.03038790891878307
1113.0 0.03093932755291462
1114.0 0.03149074618704617
1115.0 0.03191477444488555
1116.0 0.03233879979234189
1117.0 0.03260443627368659
1118.0 0.03287007275503129
1119.0 0.03419248387217522
1120.0 0.035514894989319146
1121.0 0.03665679832920432
1122.0 0.037798701669089496
1123.0 0.04012385034002364
1124.0 0.04244899610057473
1125.0 0.04348035727161914
1126.0 0.04451171844266355
1127.0 0.045591985690407455
1128.0 0.04667225293815136
1129.0 0.04948568530380726
1130.0 0.05229911766946316
1131.0 0.05688458331860602
1132.0 0.06147004896774888
1133.0 0.059076788602396846
1134.0 0.05668352823704481
1135.0 0.06152875139378011
1136.0 0.0663739803712815
1137.0 0.073428318137303
1138.0 0.08048266754485667
1139.0 0.0834545586258173
1140.0 0.08642646134831011
1141.0 0.09900720324367285
1142.0 0.11158792767673731
1143.0 0.1518071861937642
1144.0 0.1920264563523233
1145.0 0.4110986366868019
1146.0 0.6301707588136196
1147.0 1.055954024195671
1148.0 1.4817372895777225
1149.0 1.5059704892337322
1150.0 1.5302038751542568
