lsstCam/transmission_filter_detector/r30_s11/z_20/19700101T000000.ecsv
# %ECSV 1.0
# ---
# datatype:
# - {name: wavelength, unit: nm, datatype: float32}
# - {name: efficiency, unit: '%', datatype: float64}
# meta: !!omap
# - {MODE: DETECTOR}
# - {TYPE: transmission_filter_detector}
# - {CALIBDATE: '1970-01-01T00:00:00'}
# - {INSTRUME: LSSTCam}
# - {OBSTYPE: transmission_filter_detector}
# - {CALIBCLS: lsst.ip.isr.IntermediateFilterDetectorTransmissionCurve}
# - {SOURCE: Materion (DM-46256)}
# - {DETECTOR: 121}
# - {FILTER: z_20}
# - {CALIB_ID: 'calibDate=1970-01-01T00:00:00 filter=z_20 detector=121'}
# - {DATE: '2025-04-02T15:59:49.200183'}
# - {CALIB_CREATION_DATE: '2025-04-02'}
# - {CALIB_CREATION_TIME: '15:59:49'}
# - __serialized_columns__:
#     efficiency:
#       __class__: astropy.units.quantity.Quantity
#       unit: !astropy.units.Unit {unit: '%'}
#       value: !astropy.table.SerializedColumn {name: efficiency}
#     wavelength:
#       __class__: astropy.units.quantity.Quantity
#       unit: !astropy.units.Unit {unit: nm}
#       value: !astropy.table.SerializedColumn {name: wavelength}
# schema: astropy-2.0
wavelength efficiency
300.0 0.3844963852316141
301.0 0.320319551974535
302.0 0.25614271871745586
303.0 0.24173811543732882
304.0 0.2273334888741374
305.0 0.18937758868560195
306.0 0.15142164193093777
307.0 0.15400061383843422
308.0 0.15657955082133412
309.0 0.14128637267276645
310.0 0.12599319452419877
311.0 0.12209187261760235
312.0 0.11819051578640938
313.0 0.11245667701587081
314.0 0.10672280332073569
315.0 0.0938593817409128
316.0 0.0809959543403238
317.0 0.07520665531046689
318.0 0.06941735628060997
319.0 0.06765461293980479
320.0 0.06589186959899962
321.0 0.0626222521532327
322.0 0.05935263470746577
323.0 0.05681540351361036
324.0 0.05427817814052105
325.0 0.050174351781606674
326.0 0.046070534153841436
327.0 0.04111587186343968
328.0 0.03616120666265488
329.0 0.03275060735177249
330.0 0.029340002220124006
331.0 0.03098883607890457
332.0 0.03263766411691904
333.0 0.029675118275918067
334.0 0.026712566614151
335.0 0.026990188052877784
336.0 0.02726780658122152
337.0 0.02288982068421319
338.0 0.018511836242396384
339.0 0.01813381095416844
340.0 0.01775578857632354
341.0 0.016528776905033737
342.0 0.015301763778552413
343.0 0.015348006854765117
344.0 0.015394252841360867
345.0 0.012954756675753742
346.0 0.010515257599763572
347.0 0.012914738908875734
348.0 0.01531421730760485
349.0 0.01382470945827663
350.0 0.012335198698565364
351.0 0.012163681094534695
352.0 0.01199216494569555
353.0 0.012595209409482777
354.0 0.01319825678365305
355.0 0.012050433724652976
356.0 0.010902612120844424
357.0 0.010994268086506054
358.0 0.011085924052167684
359.0 0.010548792488407344
360.0 0.010011661652242765
361.0 0.009517956641502678
362.0 0.009024253085954115
363.0 0.008974226511782035
364.0 0.008924198482418433
365.0 0.008880739187588915
366.0 0.008837277709972113
367.0 0.008397155033890158
368.0 0.007957031630212441
369.0 0.008520207484252751
370.0 0.009083385521080345
371.0 0.008198931027436629
372.0 0.0073144758061971515
373.0 0.007197792001534253
374.0 0.007081107469275594
375.0 0.0061704595282208174
376.0 0.005259810495772399
377.0 0.005413586404756643
378.0 0.005567361949943006
379.0 0.005799833161290735
380.0 0.006032305100234225
381.0 0.005799335121992044
382.0 0.005566364779951982
383.0 0.005065199366072193
384.0 0.004564033952192403
385.0 0.004542755777947605
386.0 0.004521477239904925
387.0 0.004578647713060491
388.0 0.004635818186216056
389.0 0.004639291364583187
390.0 0.004642764906748198
391.0 0.004162469122093171
392.0 0.003682173337438144
393.0 0.003789127731579356
394.0 0.0038960817619226873
395.0 0.0035558667150326073
396.0 0.003215652031940408
397.0 0.003692340396810323
398.0 0.004169028761680238
399.0 0.004223507130518556
400.0 0.004277986226952635
401.0 0.004640149199985899
402.0 0.005002312173019163
403.0 0.0045695414883084595
404.0 0.004136770803597756
405.0 0.0035387543903198093
406.0 0.0029407381589408033
407.0 0.004071398507221602
408.0 0.005202059764997102
409.0 0.004132593676331453
410.0 0.0030631279514636844
411.0 0.0036577395803760737
412.0 0.004252350845490582
413.0 0.0048420664825243875
414.0 0.005431782119558193
415.0 0.0046371551434276626
416.0 0.003842528531095013
417.0 0.0029690969313378446
418.0 0.002095665695378557
419.0 0.0028777056286344305
420.0 0.003659745561890304
421.0 0.00338994650519453
422.0 0.003120147084700875
423.0 0.002966630745504517
424.0 0.0028131144063081592
425.0 0.0028263933927519247
426.0 0.00283967237919569
427.0 0.00288996579911327
428.0 0.0029402590371319093
429.0 0.0027706175387720577
430.0 0.002600976040412206
431.0 0.0021083149476908147
432.0 0.001615653673070483
433.0 0.0018337967048864812
434.0 0.0020519397367024794
435.0 0.0026075009373016655
436.0 0.003163061774102971
437.0 0.002718713221838698
438.0 0.002274364305776544
439.0 0.002256736479466781
440.0 0.002239108107460197
441.0 0.002515583037165925
442.0 0.0027920577849727124
443.0 0.0027161235266248696
444.0 0.0026401892682770267
445.0 0.002240658250229899
446.0 0.0018411274140817113
447.0 0.0020963088900316507
448.0 0.00235149036598159
449.0 0.0022086522221798077
450.0 0.002065814260276966
451.0 0.001826821971917525
452.0 0.001587829683558084
453.0 0.0013978249626234174
454.0 0.0012078200597898103
455.0 0.0013441872397379484
456.0 0.0014805546015850268
457.0 0.001316369616688462
458.0 0.0011521847227413673
459.0 0.001712363700789865
460.0 0.0022725425878888927
461.0 0.0016837659131851979
462.0 0.0010949891475320328
463.0 0.0012104542292945553
464.0 0.001325919402006548
465.0 0.001323320157098351
466.0 0.0013207210031396244
467.0 0.0012570483704621438
468.0 0.0011933752830373123
469.0 0.001175110628537368
470.0 0.0011568458830879536
471.0 0.0011163580893480685
472.0 0.0010758703865576535
473.0 0.0012538183000287972
474.0 0.0014317661225504708
475.0 0.0014141723113425542
476.0 0.0013965784091851674
477.0 0.0016166539353434928
478.0 0.0018367296434007585
479.0 0.0017856871636467986
480.0 0.0017346446838928387
481.0 0.0016963274902082048
482.0 0.0016580104784225114
483.0 0.0013650425898958929
484.0 0.0010720747013692744
485.0 0.0011758244909287896
486.0 0.0012795742804883048
487.0 0.0012394295481499285
488.0 0.0011992850886599626
489.0 0.0012246091500855982
490.0 0.0012499332115112338
491.0 0.0014750738046132028
492.0 0.001700214488664642
493.0 0.0018369750250712968
494.0 0.0019737359252758324
495.0 0.0017851189113571309
496.0 0.0015965020793373697
497.0 0.0016012678315746598
498.0 0.0016060337657108903
499.0 0.0015053493370942306
500.0 0.0014046648175281007
501.0 0.0013308179404702969
502.0 0.001256971063412493
503.0 0.0010965214642055798
504.0 0.0009360718649986666
505.0 0.0015390476619359106
506.0 0.002142023186024744
507.0 0.001560157943458762
508.0 0.0009782926099433098
509.0 0.001217372755490942
510.0 0.0014564529919880442
511.0 0.0014474299860012252
512.0 0.0014384067071659956
513.0 0.0012918814718432259
514.0 0.0011453559636720456
515.0 0.0012712390343949664
516.0 0.0013971218322694767
517.0 0.001205073385790456
518.0 0.001013025212159846
519.0 0.0012842612704844214
520.0 0.0015554973288089968
521.0 0.0014787869986321311
522.0 0.001402076486556325
523.0 0.0017376451069139875
524.0 0.0020732133634737693
525.0 0.0016319034330081195
526.0 0.00119059368444141
527.0 0.0012341826732154004
528.0 0.0012777716619893909
529.0 0.0012614141269295942
530.0 0.0012450565918697976
531.0 0.0012689089999184944
532.0 0.0012927614989166614
533.0 0.0013571804629464168
534.0 0.001421599336026702
535.0 0.0014982639186200686
536.0 0.001574928501213435
537.0 0.0015422619981109165
538.0 0.0015095958588062786
539.0 0.0012773492017004173
540.0 0.001045102453645086
541.0 0.0009552417395752855
542.0 0.0008653811164549552
543.0 0.0008600703949923627
544.0 0.0008547596735297702
545.0 0.0011090462976426352
546.0 0.00136333283080603
547.0 0.0014121692402113695
548.0 0.0014610057405661792
549.0 0.0018961281966767274
550.0 0.0023312506527872756
551.0 0.002179191869799979
552.0 0.002027133268711623
553.0 0.0019753093511098996
554.0 0.0019234856154071167
555.0 0.0016919482732191682
556.0 0.0014604109310312197
557.0 0.0015220292880258057
558.0 0.0015836480088182725
559.0 0.0013514944839698728
560.0 0.0011193410500709433
561.0 0.0012067417628713883
562.0 0.0012941425666213036
563.0 0.0016286499885609373
564.0 0.001963157410500571
565.0 0.0019983775928267278
566.0 0.0020335979570518248
567.0 0.0020884483092231676
568.0 0.0021432986613945104
569.0 0.0024674027372384444
570.0 0.0027915069949813187
571.0 0.002762302574410569
572.0 0.0027330983357387595
573.0 0.002221646900579799
574.0 0.001710195283521898
575.0 0.0016593403415754437
576.0 0.001608485217730049
577.0 0.0017679785742075182
578.0 0.001927471748786047
579.0 0.0019824461560347117
580.0 0.002037420381384436
581.0 0.002134246278728824
582.0 0.002231072176073212
583.0 0.002086492895614356
584.0 0.0019419136151554994
585.0 0.0021531213860725984
586.0 0.002364328975090757
587.0 0.0018772390831145458
588.0 0.001390148918289924
589.0 0.0014777093383600004
590.0 0.001565269849379547
591.0 0.0015935118426568806
592.0 0.001621753654035274
593.0 0.0010803476470755413
594.0 0.0005389416401158087
595.0 0.0008710702786629554
596.0 0.0012031986443616915
597.0 0.0007932451808301266
598.0 0.00038329148992488626
599.0 0.0009019770004670136
600.0 0.0014206622836354654
601.0 0.0012095679267076775
602.0 0.0009984732969314791
603.0 0.0013909437257098034
604.0 0.0017834141544881277
605.0 0.0014888226360199042
606.0 0.0011942313904000912
607.0 0.0010705364729801659
608.0 0.0009468419193581212
609.0 0.0008515453373547643
610.0 0.0007562488463008776
611.0 0.0009179047083307523
612.0 0.0010795603884616867
613.0 0.001331441762886243
614.0 0.00158332350110868
615.0 0.0014872021893097553
616.0 0.00139108051371295
617.0 0.0016609859812888317
618.0 0.0019308914488647133
619.0 0.0016963445887085982
620.0 0.0014617979104514234
621.0 0.0014798899428569712
622.0 0.0014979817024141084
623.0 0.0012551890904433094
624.0 0.0010123962056240998
625.0 0.0012426244211383164
626.0 0.001472852636652533
627.0 0.0016860942196217366
628.0 0.0018993359844898805
629.0 0.0020051360479556024
630.0 0.0021109357476234436
631.0 0.002434150519547984
632.0 0.002757365109573584
633.0 0.0029936485589132644
634.0 0.0032299318263540044
635.0 0.0059088961279485375
636.0 0.008587860793340951
637.0 0.015331020404119045
638.0 0.022074182925280184
639.0 0.01999488304136321
640.0 0.017915587523020804
641.0 0.015457520203199238
642.0 0.012999451428186148
643.0 0.009430709178559482
644.0 0.005861965837539174
645.0 0.00625929023954086
646.0 0.006656615005340427
647.0 0.0062325554608833045
648.0 0.00580849518883042
649.0 0.004665462256525643
650.0 0.0035224296880187467
651.0 0.0035632052458822727
652.0 0.003603980439947918
653.0 0.002956898788397666
654.0 0.0023098169549484737
655.0 0.00220293859456433
656.0 0.0020960598703823052
657.0 0.002401587516942527
658.0 0.002707114617805928
659.0 0.0022749676645617
660.0 0.0018428208932164125
661.0 0.00231649410125101
662.0 0.002790167673083488
663.0 0.002455659705447033
664.0 0.002121152101608459
665.0 0.00184234249900328
666.0 0.0015635330782970414
667.0 0.0014420385923585854
668.0 0.0013205439245211892
669.0 0.0013802186913380865
670.0 0.0014398934581549838
671.0 0.0013734404092247132
672.0 0.0013069871783955023
673.0 0.0013573800060839858
674.0 0.001407772651873529
675.0 0.001319243347097654
676.0 0.0012307140423217788
677.0 0.0012917898857267573
678.0 0.0013528656381822657
679.0 0.0015457060726475902
680.0 0.0017385464161634445
681.0 0.0018050637663691305
682.0 0.0018715812984737568
683.0 0.002295195372425951
684.0 0.0027188096282770857
685.0 0.0025378702048328705
686.0 0.0023569307813886553
687.0 0.0022323634766507894
688.0 0.002107796353811864
689.0 0.0024169859898393042
690.0 0.0027261759896646254
691.0 0.0024398112145718187
692.0 0.002153446439479012
693.0 0.002494605905667413
694.0 0.0028357657356536947
695.0 0.0034117754694307223
696.0 0.00398778538510669
697.0 0.004375690332381055
698.0 0.0047635956434533
699.0 0.006109486275818199
700.0 0.007455374725395814
701.0 0.007431471749441698
702.0 0.007407568773487583
703.0 0.006562170892721042
704.0 0.005716773739550263
705.0 0.0046750912588322535
706.0 0.003633409141912125
707.0 0.0033205258660018444
708.0 0.0030076424081926234
709.0 0.003565290171536617
710.0 0.0041229373891837895
711.0 0.0039067279431037605
712.0 0.0036905184970237315
713.0 0.0027707370463758707
714.0 0.0018509557776269503
715.0 0.002107001273543574
716.0 0.002363046587561257
717.0 0.0018883238226408139
718.0 0.0014136009667709004
719.0 0.0015517442079726607
720.0 0.0016898877220228314
721.0 0.002027725895459298
722.0 0.002365564250794705
723.0 0.002446797770971898
724.0 0.0025280314730480313
725.0 0.0015992864064173773
726.0 0.0006705417945340741
727.0 0.0010179455784964375
728.0 0.0013653490896103904
729.0 0.0013809110896545462
730.0 0.001396473089698702
731.0 0.0009070387022802606
732.0 0.0004176041784376139
733.0 0.0009955211680789944
734.0 0.00157343820319511
735.0 0.0015173197425610851
736.0 0.0014612012819270603
737.0 0.001154523306468036
738.0 0.0008478454219584819
739.0 0.0014508461390505545
740.0 0.0020538471289910376
741.0 0.001611149673408363
742.0 0.0011684523087751586
743.0 0.0014253377230488695
744.0 0.0016822230463731103
745.0 0.0017897273210110143
746.0 0.0018972317775478587
747.0 0.0019600667656050064
748.0 0.0020229019355610944
749.0 0.002721540477068629
750.0 0.003420179200475104
751.0 0.002883656634367071
752.0 0.0023471342501579784
753.0 0.0026659730792744085
754.0 0.0029848119083908387
755.0 0.002656761535035912
756.0 0.002328710979782045
757.0 0.0021562049369094893
758.0 0.001983698530239053
759.0 0.002231741018476896
760.0 0.002479783506714739
761.0 0.00443357384938281
762.0 0.006387364555848762
763.0 0.006220150680746883
764.0 0.006052937169442885
765.0 0.0053400664910441265
766.0 0.004627194721251726
767.0 0.004679499033954926
768.0 0.004731802982860245
769.0 0.005558061093324795
770.0 0.006384319567587227
771.0 0.005409377990872599
772.0 0.004434436414157972
773.0 0.004369536327430978
774.0 0.004304636240703985
775.0 1.6754628283724426e-10
776.0 1.6754628283724426e-10
777.0 1.6754628283724426e-10
778.0 1.6754628283724426e-10
779.0 1.6754628283724426e-10
780.0 0.028456831932999194
781.0 1.6754628283724426e-10
782.0 0.02384866966167465
783.0 1.6754628283724426e-10
784.0 1.6754628283724426e-10
785.0 1.6754628283724426e-10
786.0 1.6754628283724426e-10
787.0 0.06377322133630514
788.0 1.6754628283724426e-10
789.0 0.05765482201240957
790.0 1.6754628283724426e-10
791.0 1.6754628283724426e-10
792.0 1.6754628283724426e-10
793.0 0.03624477540142834
794.0 0.03207797999493778
795.0 0.05988107295706868
796.0 0.09768294403329492
797.0 0.1022327458485961
798.0 0.17946974840015173
799.0 0.32322013285011053
800.0 0.25727469474077225
801.0 0.5380228161811829
802.0 0.9587976150214672
803.0 1.6310784965753555
804.0 2.676750533282757
805.0 3.943363204598427
806.0 5.731518939137459
807.0 8.017563819885254
808.0 10.435467958450317
809.0 13.533927500247955
810.0 16.823388636112213
811.0 19.898031651973724
812.0 23.108989000320435
813.0 26.558619737625122
814.0 30.555763840675354
815.0 35.79126000404358
816.0 41.17376208305359
817.0 47.64244556427002
818.0 54.242390394210815
819.0 60.744571685791016
820.0 68.34120154380798
821.0 75.7509708404541
822.0 80.85329532623291
823.0 85.66394448280334
824.0 89.92534279823303
825.0 93.45926642417908
826.0 95.6813395023346
827.0 97.23301529884338
828.0 98.73968362808228
829.0 99.24914240837097
830.0 98.79876971244812
831.0 99.01431798934937
832.0 98.60711693763733
833.0 99.28085803985596
834.0 98.2262372970581
835.0 99.31954741477966
836.0 98.77684116363525
837.0 99.06390905380249
838.0 98.29303026199341
839.0 98.57255816459656
840.0 98.60321879386902
841.0 99.16059374809265
842.0 99.55389499664307
843.0 99.94204640388489
844.0 97.96581268310547
845.0 98.4429657459259
846.0 98.77510070800781
847.0 98.86570572853088
848.0 99.52161312103271
849.0 98.96327257156372
850.0 97.83726930618286
851.0 99.2445170879364
852.0 99.28175210952759
853.0 98.62576127052307
854.0 99.4625449180603
855.0 98.36190938949585
856.0 98.77929091453552
857.0 97.48623371124268
858.0 98.51922988891602
859.0 98.9661693572998
860.0 98.207688331604
861.0 98.71816039085388
862.0 99.03141260147095
863.0 98.48136901855469
864.0 99.14005398750305
865.0 99.67120289802551
866.0 98.43562841415405
867.0 99.12722110748291
868.0 99.24941658973694
869.0 98.58007431030273
870.0 97.96682000160217
871.0 98.79642128944397
872.0 99.33245182037354
873.0 99.28855299949646
874.0 99.76741075515747
875.0 98.98217916488647
876.0 98.90102744102478
877.0 99.54822659492493
878.0 99.09399151802063
879.0 98.49889278411865
880.0 98.7522840499878
881.0 99.84797239303589
882.0 98.94169569015503
883.0 98.56183528900146
884.0 99.13666844367981
885.0 99.16373491287231
886.0 98.64725470542908
887.0 98.68870973587036
888.0 98.94880056381226
889.0 99.27720427513123
890.0 97.97652959823608
891.0 98.90543222427368
892.0 98.52617383003235
893.0 98.62105250358582
894.0 98.14279079437256
895.0 99.2915689945221
