lsstCam/transmission_filter_detector/r32_s01/i_39/19700101T000000.ecsv
# %ECSV 1.0
# ---
# datatype:
# - {name: wavelength, unit: nm, datatype: float32}
# - {name: efficiency, unit: '%', datatype: float64}
# meta: !!omap
# - {MODE: DETECTOR}
# - {TYPE: transmission_filter_detector}
# - {CALIBDATE: '1970-01-01T00:00:00'}
# - {INSTRUME: LSSTCam}
# - {OBSTYPE: transmission_filter_detector}
# - {CALIBCLS: lsst.ip.isr.IntermediateFilterDetectorTransmissionCurve}
# - {SOURCE: Materion (DM-46256)}
# - {DETECTOR: 136}
# - {FILTER: i_39}
# - {CALIB_ID: 'calibDate=1970-01-01T00:00:00 filter=i_39 detector=136'}
# - {DATE: '2025-04-02T15:59:47.109543'}
# - {CALIB_CREATION_DATE: '2025-04-02'}
# - {CALIB_CREATION_TIME: '15:59:47'}
# - __serialized_columns__:
#     efficiency:
#       __class__: astropy.units.quantity.Quantity
#       unit: !astropy.units.Unit {unit: '%'}
#       value: !astropy.table.SerializedColumn {name: efficiency}
#     wavelength:
#       __class__: astropy.units.quantity.Quantity
#       unit: !astropy.units.Unit {unit: nm}
#       value: !astropy.table.SerializedColumn {name: wavelength}
# schema: astropy-2.0
wavelength efficiency
[from data line 597]
897.0 1.5806028361153857e-10
898.0 1.5806028361153857e-10
899.0 1.5806028361153857e-10
900.0 1.5806028361153857e-10
901.0 1.5806028361153857e-10
902.0 1.5806028361153857e-10
903.0 1.5806028361153857e-10
904.0 1.5806028361153857e-10
905.0 1.5806028361153857e-10
906.0 5.346367970560095e-05
907.0 1.5806028361153857e-10
908.0 1.5806028361153857e-10
909.0 1.5806028361153857e-10
910.0 0.00011953404737141682
911.0 1.2051981457261718e-05
912.0 1.5806028361153857e-10
913.0 1.5806028361153857e-10
914.0 1.5806028361153857e-10
915.0 1.5806028361153857e-10
916.0 1.5806028361153857e-10
917.0 1.5806028361153857e-10
918.0 5.569214067691064e-06
919.0 5.751162390765785e-06
920.0 5.933098634613998e-06
921.0 3.465531221991114e-05
922.0 6.337750733109715e-05
923.0 4.273606464266777e-05
924.0 2.2094634744007635e-05
925.0 1.632988642086275e-05
926.0 1.0565155150743522e-05
927.0 1.5806028361153857e-10
928.0 1.5806028361153857e-10
929.0 1.5806028361153857e-10
930.0 2.4457246894371565e-06
931.0 1.5806028361153857e-10
932.0 1.5806028361153857e-10
933.0 1.5806028361153857e-10
934.0 1.5806028361153857e-10
935.0 4.5350483901529515e-05
936.0 0.00010531389307288919
937.0 8.7962865791269e-05
938.0 7.061180440359749e-05
939.0 1.5806028361153857e-10
940.0 1.5806028361153857e-10
941.0 1.5806028361153857e-10
942.0 0.00020460338419070467
943.0 0.00011021335240002372
944.0 1.58233291358556e-05
945.0 1.5806028361153857e-10
946.0 1.5806028361153857e-10
947.0 1.5806028361153857e-10
948.0 2.2524383780364587e-05
949.0 1.69390489190846e-05
950.0 1.135375242711234e-05
951.0 6.087263386689301e-05
952.0 0.00011039153378078481
953.0 2.6566479505163443e-05
954.0 1.5806028361153857e-10
955.0 1.5806028361153857e-10
956.0 5.014942416892154e-05
957.0 1.1730251969765959e-05
958.0 1.5806028361153857e-10
959.0 6.692446277156705e-05
960.0 0.00016053784293035278
961.0 8.281829764200666e-05
962.0 5.098727484664778e-06
963.0 0.0001452614355912374
964.0 0.00028542419840960065
965.0 0.0001864161049525137
966.0 8.74080399171362e-05
967.0 1.5806028361153857e-10
968.0 1.5806028361153857e-10
969.0 1.5806028361153857e-10
970.0 1.5806028361153857e-10
971.0 1.5806028361153857e-10
972.0 1.5806028361153857e-10
973.0 1.5806028361153857e-10
974.0 5.2194502586644376e-05
975.0 1.0967202257461395e-05
976.0 1.5806028361153857e-10
977.0 3.471373020147439e-05
978.0 9.968755421141395e-05
979.0 1.5806028361153857e-10
980.0 1.5806028361153857e-10
981.0 1.5806028361153857e-10
982.0 1.5806028361153857e-10
983.0 1.5806028361153857e-10
984.0 1.5806028361153857e-10
985.0 1.5806028361153857e-10
986.0 1.5806028361153857e-10
987.0 1.5806028361153857e-10
988.0 1.5806028361153857e-10
989.0 1.5806028361153857e-10
990.0 1.5806028361153857e-10
991.0 0.00011780244904002757
992.0 0.00028463830403779866
993.0 0.00011362445775375818
994.0 1.5806028361153857e-10
995.0 7.23805385405285e-05
996.0 0.00020215045424265554
997.0 0.00019346555291122058
998.0 0.0001847806174737343
999.0 0.0001550369006508845
1000.0 0.0001252931269846158
1001.0 0.0002742541710176738
1002.0 0.0004232152150507318
1003.0 0.0002881339469240629
1004.0 0.0001530526560600265
1005.0 0.0001359079419671616
1006.0 0.00011876315966219408
1007.0 0.00010788727422550437
1008.0 9.701140015749843e-05
1009.0 0.00024440003016934497
1010.0 0.0003917886260751402
1011.0 0.0002233743771284935
1012.0 5.496015660355624e-05
1013.0 6.94538357493002e-05
1014.0 8.394751489504415e-05
1015.0 0.0001236551952388254
1016.0 0.00016336292674168362
1017.0 0.00016682022305758437
1018.0 0.00017027751937348512
1019.0 4.896330096926249e-05
1020.0 1.5806028361153857e-10
1021.0 7.838618216737814e-05
1022.0 0.00022912329313840019
1023.0 0.00019834365048154723
1024.0 0.0001675640419307456
1025.0 0.00019315414192533353
1026.0 0.00021874429876334034
1027.0 0.00033506630643387325
1028.0 0.00045138831410440616
1029.0 0.0008944495675677899
1030.0 0.0013375108210311737
1031.0 0.0017180160284624435
1032.0 0.0020985207811463624
1033.0 0.002378466524532996
1034.0 0.00265841226791963
1035.0 0.003078782538068481
1036.0 0.003499152444419451
1037.0 0.0034134063753299415
1038.0 0.003327660306240432
1039.0 0.0030960065487306565
1040.0 0.0028643524274230003
1041.0 0.002950546877400484
1042.0 0.0030367413273779675
1043.0 0.0032319894671672955
1044.0 0.003427237243158743
1045.0 0.003109934914391488
1046.0 0.0027926329494221136
1047.0 0.00282845830952283
1048.0 0.002864283487724606
1049.0 0.0024632716304040514
1050.0 0.002062259773083497
1051.0 0.0018576800357550383
1052.0 0.00165310048032552
1053.0 0.0013618341654364485
1054.0 0.0010705677595979068
1055.0 0.0007437005933752516
1056.0 0.0004168334726273315
1057.0 0.0004884181635134155
1058.0 0.0005600030362984398
1059.0 0.0009178511390928179
1060.0 0.001275699287361931
1061.0 0.0011628605534497183
1062.0 0.0010500220014364459
1063.0 0.0017542222849442624
1064.0 0.0024584223865531385
1065.0 0.002957544165838044
1066.0 0.003456665581325069
1067.0 0.004200582770863548
1068.0 0.004944499960402027
1069.0 0.004535618791123852
1070.0 0.0041267376218456775
1071.0 0.0040505277866031975
1072.0 0.003974317587562837
1073.0 0.003257611024309881
1074.0 0.0025409046429558657
1075.0 0.0027165107894688845
1076.0 0.0028921169359819032
1077.0 0.002358310666750185
1078.0 0.0018245045794174075
1079.0 0.001915585198730696
1080.0 0.002006665999942925
1081.0 0.0010584977644612081
1082.0 0.0001103295858229103
1083.0 0.00021122798443684587
1084.0 0.0003121264853689354
1085.0 0.0007274853032868123
1086.0 0.0011428442121541593
1087.0 0.0010427625966258347
1088.0 0.0009426812539459206
1089.0 0.0003049395900234231
1090.0 1.5806028361153857e-10
1091.0 0.00012490490917116404
1092.0 0.0005826117558171973
1093.0 0.0004235227606841363
1094.0 0.00026443356091476744
1095.0 1.5806028361153857e-10
1096.0 1.5806028361153857e-10
1097.0 1.5806028361153857e-10
1098.0 1.5806028361153857e-10
1099.0 0.0002987850393765257
1100.0 0.001581438846187666
