lsstCam/transmission_filter_detector/r32_s01/i_39/19700101T000000.ecsv
# %ECSV 1.0
# ---
# datatype:
# - {name: wavelength, unit: nm, datatype: float32}
# - {name: efficiency, unit: '%', datatype: float64}
# meta: !!omap
# - {MODE: DETECTOR}
# - {TYPE: transmission_filter_detector}
# - {CALIBDATE: '1970-01-01T00:00:00'}
# - {INSTRUME: LSSTCam}
# - {OBSTYPE: transmission_filter_detector}
# - {CALIBCLS: lsst.ip.isr.IntermediateFilterDetectorTransmissionCurve}
# - {SOURCE: Materion (DM-46256)}
# - {DETECTOR: 136}
# - {FILTER: i_39}
# - {CALIB_ID: 'calibDate=1970-01-01T00:00:00 filter=i_39 detector=136'}
# - {DATE: '2025-04-02T15:59:47.109543'}
# - {CALIB_CREATION_DATE: '2025-04-02'}
# - {CALIB_CREATION_TIME: '15:59:47'}
# - __serialized_columns__:
#     efficiency:
#       __class__: astropy.units.quantity.Quantity
#       unit: !astropy.units.Unit {unit: '%'}
#       value: !astropy.table.SerializedColumn {name: efficiency}
#     wavelength:
#       __class__: astropy.units.quantity.Quantity
#       unit: !astropy.units.Unit {unit: nm}
#       value: !astropy.table.SerializedColumn {name: wavelength}
# schema: astropy-2.0
wavelength efficiency
300.0 1.5806028361153857e-10
301.0 1.5806028361153857e-10
302.0 1.5806028361153857e-10
303.0 1.5806028361153857e-10
304.0 0.004155531496508047
305.0 0.008007049473235384
306.0 0.011858565267175436
307.0 0.005770443021901883
308.0 1.5806028361153857e-10
309.0 0.005978374611004256
310.0 0.012274428445380181
311.0 0.0038437974581029266
312.0 1.5806028361153857e-10
313.0 1.5806028361153857e-10
314.0 1.5806028361153857e-10
315.0 1.5806028361153857e-10
316.0 1.5806028361153857e-10
317.0 0.002656389187905006
318.0 0.006585820665350184
319.0 0.006023796231602319
320.0 0.005461772525450215
321.0 0.00445383666374255
322.0 0.003445900438237004
323.0 0.004101775994058698
324.0 0.004757648639497347
325.0 0.0015517980500590056
326.0 1.5806028361153857e-10
327.0 1.5806028361153857e-10
328.0 1.5806028361153857e-10
329.0 2.0606101713838143e-05
330.0 0.0013732559636991937
331.0 0.002791279803204816
332.0 0.004209303006064147
333.0 0.002844090704456903
334.0 0.0014788788575970102
335.0 0.0013819650121149607
336.0 0.0012850511666329112
337.0 0.0007870748049754184
338.0 0.00028909819320688257
339.0 0.0008097393219941296
340.0 0.0013303802006703336
341.0 0.0011497975719976239
342.0 0.000969214852375444
343.0 0.0007372068921540631
344.0 0.0005051991593063576
345.0 0.0003211002194802859
346.0 0.00013700133649763302
347.0 1.5806028361153857e-10
348.0 1.5806028361153857e-10
349.0 3.501303638131503e-05
350.0 0.0016600255548837595
351.0 0.000939212077355478
352.0 0.00021839855435246136
353.0 1.5806028361153857e-10
354.0 1.5806028361153857e-10
355.0 1.5806028361153857e-10
356.0 0.0006048201612429693
357.0 0.0005181631877348991
358.0 0.0004315062142268289
359.0 8.014998229555204e-05
360.0 1.5806028361153857e-10
361.0 1.5806028361153857e-10
362.0 1.5806028361153857e-10
363.0 1.5806028361153857e-10
364.0 1.5806028361153857e-10
365.0 1.5806028361153857e-10
366.0 1.5806028361153857e-10
367.0 8.123618044919567e-06
368.0 0.000515688998348196
369.0 0.0003003679239554913
370.0 8.504692914357292e-05
371.0 0.00031166478038358036
372.0 0.000538282620254904
373.0 0.00025830252070591087
374.0 1.5806028361153857e-10
375.0 0.0003041933496206184
376.0 0.0006300645054579945
377.0 0.00040075515244097915
378.0 0.00017144577668659622
379.0 0.00044155535761092324
380.0 0.0007116647338989424
381.0 0.00016221516716541373
382.0 1.5806028361153857e-10
383.0 1.5806028361153857e-10
384.0 5.722704088384489e-06
385.0 0.00010983121683239006
386.0 0.00021393975657701958
387.0 0.00018851022787202965
388.0 0.0001630804945307318
389.0 1.5806028361153857e-10
390.0 1.5806028361153857e-10
391.0 1.5806028361153857e-10
392.0 1.5806028361153857e-10
393.0 1.5806028361153857e-10
394.0 1.5806028361153857e-10
395.0 0.00026906022867478896
396.0 0.0006389309874066385
397.0 0.0009529709132038988
398.0 0.0012670108844758943
399.0 0.0014259767340263352
400.0 0.0015849424016778357
401.0 0.0025347570044687018
402.0 0.0034845710615627468
403.0 0.004619257015292533
404.0 0.005753942605224438
405.0 0.003425478280405514
406.0 0.0010970136827381793
407.0 0.002769119237200357
408.0 0.004441224882612005
409.0 0.004388654633658007
410.0 0.004336083657108247
411.0 0.005157853593118489
412.0 0.00597962352912873
413.0 0.005592894012806937
414.0 0.005206164496485144
415.0 0.004046879621455446
416.0 0.002887594382627867
417.0 0.004204520155326463
418.0 0.005521444836631417
419.0 0.003924852717318572
420.0 0.002328259142814204
421.0 0.003438932981225662
422.0 0.0045496071834350005
423.0 0.004953869938617572
424.0 0.005358133421395905
425.0 0.0060286198277026415
426.0 0.006699106597807258
427.0 0.005565856918110512
428.0 0.004432606874615885
429.0 0.004151687971898355
430.0 0.0038707694329787046
431.0 0.0035067081626039
432.0 0.003142647256026976
433.0 0.002636582030390855
434.0 0.002130516804754734
435.0 0.0018203701984020881
436.0 0.0015102234101505019
437.0 0.0014776033822272439
438.0 0.001444983445253456
439.0 0.0010263247531838715
440.0 0.0006076658792153466
441.0 0.0014189709872880485
442.0 0.0022302761863102205
443.0 0.002205713462899439
444.0 0.0021811507394886576
445.0 0.0014768267647014
446.0 0.0007725027899141423
447.0 0.000542351153853815
448.0 0.0003121994495813851
449.0 0.0003846655999950599
450.0 0.00045713159124716185
451.0 0.0005233665888226824
452.0 0.0005896015863982029
453.0 0.0010742636732175015
454.0 0.0015589255781378597
455.0 0.0015996178262867033
456.0 0.0016403098925366066
457.0 0.001154723304352956
458.0 0.0006691367616440402
459.0 0.0006669633421552135
460.0 0.0006647899681411218
461.0 0.0006158918949950021
462.0 0.0005669938218488824
463.0 0.0006628413302678382
464.0 0.000758688793212059
465.0 0.0005673672603734303
466.0 0.00037604586395900697
467.0 0.0005256352778815199
468.0 0.0006752246918040328
469.0 0.0007348659437411698
470.0 0.0007945072866277769
471.0 0.0008310031262226403
472.0 0.0008674993296153843
473.0 0.0009061245691555087
474.0 0.0009447498996451031
475.0 0.0007400940376101062
476.0 0.0005354380391509039
477.0 0.00039294241105380934
478.0 0.00025044657832040684
479.0 0.001188220630865544
480.0 0.0021259946151985787
481.0 0.0025343239030917175
482.0 0.002942653554782737
483.0 0.00439054419985041
484.0 0.005838435026817024
485.0 0.007622813427587971
486.0 0.009407190373167396
487.0 0.011517158418428153
488.0 0.013627125008497387
489.0 0.01627548917895183
490.0 0.018923853349406272
491.0 0.021480635041370988
492.0 0.024037418188527226
493.0 0.025084477965719998
494.0 0.026131534832529724
495.0 0.023406963737215847
496.0 0.020682391186710447
497.0 0.016851868713274598
498.0 0.01302134623983875
499.0 0.008961376443039626
500.0 0.004901408829027787
501.0 0.0036856908991467208
502.0 0.002469972605467774
503.0 0.0022311845896183513
504.0 0.0019923963918699883
505.0 0.0020305860743974335
506.0 0.0020687755750259385
507.0 0.0022505568267661147
508.0 0.002432338078506291
509.0 0.0022716776584275067
510.0 0.0021110172383487225
511.0 0.0018548844309407286
512.0 0.0015987516235327348
513.0 0.0017272519471589476
514.0 0.0018557524526841007
515.0 0.002012057120737154
516.0 0.0021683619706891477
517.0 0.0022698892280459404
518.0 0.0023714166673016734
519.0 0.002189338374591898
520.0 0.002007260081882123
521.0 0.0019418561350903474
522.0 0.0018764520063996315
523.0 0.0016322908777510747
524.0 0.0013881295672035776
525.0 0.0020377900000312366
526.0 0.002687450614757836
527.0 0.002756866524578072
528.0 0.0028262826162972488
529.0 0.002608755858091172
530.0 0.002391229099885095
531.0 0.002035591569438111
532.0 0.0016799544027890079
533.0 0.001694379716354888
534.0 0.001708805029920768
535.0 0.0018776081560645252
536.0 0.002046411464107223
537.0 0.0027591428079176694
538.0 0.003471874151728116
539.0 0.004127030479139648
540.0 0.0047821871703490615
541.0 0.005191859236219898
542.0 0.005601531665888615
543.0 0.005244793283054605
544.0 0.004888055264018476
545.0 0.003929454032913782
546.0 0.0029708529837080278
547.0 0.0023356535166385584
548.0 0.0017004544133669697
549.0 0.001537946445751004
550.0 0.0013754387509834487
551.0 0.0015260602594935335
552.0 0.0016766816770541482
553.0 0.0015598636309732683
554.0 0.001443045402993448
555.0 0.0010472951544215903
556.0 0.0006515448149002623
557.0 0.0007132364316930762
558.0 0.0007749279575364199
559.0 0.0007142532467696583
560.0 0.0006535784905281616
561.0 0.001198845166072715
562.0 0.0017441121599404141
563.0 0.001656103995628655
564.0 0.0015680960132158361
565.0 0.0013805274647893384
566.0 0.0011929592801607214
567.0 0.0009611042514734436
568.0 0.0007292492227861658
569.0 0.000775272746977862
570.0 0.0008212962711695582
571.0 0.0006839205980213592
572.0 0.0005465446974994848
573.0 0.0005711355697712861
574.0 0.0005957263510936173
575.0 0.0005414326551544946
576.0 0.00048713895921537187
577.0 0.000444313081970904
578.0 0.00040148725020117126
579.0 0.0004275072114978684
580.0 0.0004535273092187708
581.0 0.0004315894329920411
582.0 0.0004096515567653114
583.0 0.000547588751942385
584.0 0.0006855259471194586
585.0 0.0006121463229646906
586.0 0.0005387668352341279
587.0 0.0005615781446977053
588.0 0.0005843894086865475
589.0 0.0006511499577754876
590.0 0.0007179105068644276
591.0 0.0005892790795769542
592.0 0.0004606476522894809
593.0 0.0005541544396692188
594.0 0.0006476612725236919
595.0 0.00047350731620099396
596.0 0.0002993533371409285
597.0 0.00039741626096656546
598.0 0.0004954791620548349
599.0 0.0002913891648859135
600.0 8.729921887606906e-05
601.0 0.00022191634343471378
602.0 0.0003565335191524355
603.0 0.0002969886054415838
604.0 0.00023744371446809964
605.0 0.000184863313279493
606.0 0.00013228291209088638
607.0 0.00028771476081601577
608.0 0.00044314665501588024
609.0 0.0005113090082886629
610.0 0.0005794714070361806
611.0 0.0004795528639078839
612.0 0.0003796342980422196
613.0 0.0004177174105279846
614.0 0.00045580059122585226
615.0 0.0004390670255816076
616.0 0.0004223335508868331
617.0 0.00044886187424708623
618.0 0.00047539028855680954
619.0 0.0003449224550422514
620.0 0.00021445468973979587
621.0 0.000184794055257953
622.0 0.00015513343214479391
623.0 0.000312044471684203
624.0 0.000468955568067031
625.0 0.00036672051919595106
626.0 0.00026448553853697376
627.0 0.00033516412258904893
628.0 0.00040584268390375655
629.0 0.0003804165089604794
630.0 0.0003549902430677321
631.0 0.0004076364348293282
632.0 0.000460282444691984
633.0 0.00047686421567050274
634.0 0.0004934458502248162
635.0 0.0004918154900224181
636.0 0.000490185175294755
637.0 0.0004847071977565065
638.0 0.0004792291747435229
639.0 0.0005493589469551807
640.0 0.0006194887191668386
641.0 0.0005997486823616782
642.0 0.0005800086455565179
643.0 0.0005908540970267495
644.0 0.0006016995484969812
645.0 0.0007033032943581929
646.0 0.0008049069947446696
647.0 0.0007051890406728489
648.0 0.0006054709047020879
649.0 0.0007650472070963588
650.0 0.0009246236004400998
651.0 0.0009386156307300553
652.0 0.0009526074791210704
653.0 0.0009299949851993006
654.0 0.0009073826731764711
655.0 0.0013398680493992288
656.0 0.001772353243723046
657.0 0.0028021713660564274
658.0 0.0038319893064908683
659.0 0.0063561055867467076
660.0 0.016220909310504794
661.0 0.1922676688991487
662.0 0.14235624112188816
663.0 0.13351708184927702
664.0 0.10094093158841133
665.0 0.11428886791691184
666.0 0.15631768619641662
667.0 0.29632935766130686
668.0 0.24768253788352013
669.0 0.3489940660074353
670.0 0.4691557493060827
671.0 0.7772888522595167
672.0 1.2602548114955425
673.0 1.9657013937830925
674.0 2.7752062305808067
675.0 3.8108278065919876
676.0 4.983596131205559
677.0 6.396958976984024
678.0 7.808589935302734
679.0 9.449070692062378
680.0 11.711758375167847
681.0 13.924340903759003
682.0 16.56784564256668
683.0 19.457854330539703
684.0 22.436273097991943
685.0 25.33007264137268
686.0 28.317144513130188
687.0 31.70459270477295
688.0 35.243430733680725
689.0 38.912877440452576
690.0 43.15554201602936
691.0 47.79728055000305
692.0 53.20405960083008
693.0 58.884209394454956
694.0 65.15849232673645
695.0 70.9307610988617
696.0 77.13490724563599
697.0 82.43964910507202
698.0 87.64406442642212
699.0 91.30405187606812
700.0 93.83967518806458
701.0 95.63269019126892
702.0 96.70153260231018
703.0 97.25636839866638
704.0 97.49736189842224
705.0 97.84330129623413
706.0 97.7485716342926
707.0 97.85663485527039
708.0 97.8572428226471
709.0 97.87936210632324
710.0 97.69163727760315
711.0 97.96438217163086
712.0 97.7829098701477
713.0 97.97514081001282
714.0 98.10863733291626
715.0 98.20639491081238
716.0 97.90379405021667
717.0 98.1285572052002
718.0 98.12425971031189
719.0 98.04089069366455
720.0 98.2090413570404
721.0 98.05341958999634
722.0 97.72672653198242
723.0 97.4619448184967
724.0 97.12696075439453
725.0 96.99609875679016
726.0 96.76801562309265
727.0 96.60085439682007
728.0 96.4012622833252
729.0 96.26780152320862
730.0 96.51190042495728
731.0 96.52708768844604
732.0 96.67372107505798
733.0 97.06037044525146
734.0 97.37322330474854
735.0 97.57129549980164
736.0 97.95922040939331
737.0 98.28388094902039
738.0 98.3740508556366
739.0 98.68157505989075
740.0 98.78116846084595
741.0 98.64926338195801
742.0 98.85093569755554
743.0 98.71474504470825
744.0 98.55555891990662
745.0 98.57544302940369
746.0 98.52246642112732
747.0 98.7729549407959
748.0 98.65763783454895
749.0 98.55679273605347
750.0 98.45554232597351
751.0 98.4075665473938
752.0 98.32626581192017
753.0 98.5837996006012
754.0 98.47730994224548
755.0 98.5353410243988
756.0 98.58453273773193
757.0 98.66427183151245
758.0 98.74001145362854
759.0 98.78956079483032
760.0 98.65143299102783
761.0 98.63169193267822
762.0 98.71163368225098
763.0 98.62682819366455
764.0 98.59787225723267
765.0 98.4261691570282
766.0 98.47735166549683
767.0 98.24978113174438
768.0 98.28417897224426
769.0 98.15027713775635
770.0 97.92213439941406
771.0 98.01200032234192
772.0 98.0099618434906
773.0 97.90987968444824
774.0 97.77437448501587
775.0 97.78600335121155
776.0 97.78303503990173
777.0 97.91210293769836
778.0 97.97471165657043
779.0 98.06573987007141
780.0 97.9479968547821
781.0 98.44586849212646
782.0 98.44065308570862
783.0 98.50181341171265
784.0 98.43440055847168
785.0 98.59793782234192
786.0 98.68633151054382
787.0 98.3243465423584
788.0 98.44937324523926
789.0 98.59943389892578
790.0 98.47344160079956
791.0 98.45317006111145
792.0 98.19719791412354
793.0 98.11705350875854
794.0 98.09728860855103
795.0 97.91009426116943
796.0 97.86957502365112
797.0 97.98120856285095
798.0 97.85374402999878
799.0 97.75023460388184
800.0 97.41735458374023
801.0 97.37982749938965
802.0 97.153639793396
803.0 96.78930044174194
804.0 96.0777759552002
805.0 95.04026770591736
806.0 94.07061338424683
807.0 92.53731966018677
808.0 90.67577123641968
809.0 88.54105472564697
810.0 86.14041805267334
811.0 83.0818235874176
812.0 79.73281145095825
813.0 75.85039734840393
814.0 71.63581848144531
815.0 67.15882420539856
816.0 62.7308189868927
817.0 58.09328556060791
818.0 53.30116152763367
819.0 49.16066229343414
820.0 44.3607360124588
821.0 39.98589217662811
822.0 35.51825284957886
823.0 30.843937397003174
824.0 26.17095112800598
825.0 21.851198375225067
826.0 17.40819364786148
827.0 13.023215532302856
828.0 9.412804991006851
829.0 6.3019804656505585
830.0 3.815939277410507
831.0 2.393338270485401
832.0 1.3657448813319206
833.0 0.7419485133141279
834.0 0.43281223624944687
835.0 0.2628359943628311
836.0 0.12476880801841617
837.0 0.11024064151570201
838.0 0.06138774915598333
839.0 0.014785614621359855
840.0 0.031774205854162574
841.0 1.5806028361153857e-10
842.0 1.5806028361153857e-10
843.0 1.5806028361153857e-10
844.0 0.002489210237399675
845.0 1.5806028361153857e-10
846.0 0.047796053695492446
847.0 1.5806028361153857e-10
848.0 0.011422554962337017
849.0 1.5806028361153857e-10
850.0 1.5806028361153857e-10
851.0 0.0012064251677657012
852.0 0.0022064456061343662
853.0 0.0015362484191427939
854.0 0.0008660512321512215
855.0 0.00042875904000538867
856.0 1.5806028361153857e-10
857.0 0.00014906049727869686
858.0 0.0003066539647988975
859.0 4.150534209657053e-05
860.0 1.5806028361153857e-10
861.0 1.5806028361153857e-10
862.0 1.5806028361153857e-10
863.0 1.5806028361153857e-10
864.0 1.5806028361153857e-10
865.0 1.5806028361153857e-10
866.0 1.5806028361153857e-10
867.0 1.5806028361153857e-10
868.0 1.5806028361153857e-10
869.0 1.5806028361153857e-10
870.0 3.9780198335392924e-05
871.0 4.065802841068944e-05
872.0 4.153583290644747e-05
873.0 5.345454496819002e-05
874.0 6.5373285451642e-05
875.0 1.5806028361153857e-10
876.0 1.5806028361153857e-10
877.0 1.5806028361153857e-10
878.0 1.5806028361153857e-10
879.0 4.5256041403263225e-05
880.0 0.00010094603339894093
881.0 9.59025328484131e-05
882.0 9.085907777262037e-05
883.0 1.9786666882737336e-05
884.0 1.5806028361153857e-10
885.0 1.7900916304824932e-06
886.0 5.4865950005478226e-05
887.0 1.5806028361153857e-10
888.0 1.5806028361153857e-10
889.0 1.5806028361153857e-10
890.0 0.00010351552646170603
891.0 5.825000926051871e-05
892.0 1.2984483532818558e-05
893.0 1.5806028361153857e-10
894.0 1.5806028361153857e-10
895.0 1.5806028361153857e-10
