lsstCam/transmission_filter_detector/r41_s10/y_10/19700101T000000.ecsv
# %ECSV 1.0
# ---
# datatype:
# - {name: wavelength, unit: nm, datatype: float32}
# - {name: efficiency, unit: '%', datatype: float64}
# meta: !!omap
# - {MODE: DETECTOR}
# - {TYPE: transmission_filter_detector}
# - {CALIBDATE: '1970-01-01T00:00:00'}
# - {INSTRUME: LSSTCam}
# - {OBSTYPE: transmission_filter_detector}
# - {CALIBCLS: lsst.ip.isr.IntermediateFilterDetectorTransmissionCurve}
# - {SOURCE: Materion (DM-46256)}
# - {DETECTOR: 165}
# - {FILTER: y_10}
# - {CALIB_ID: 'calibDate=1970-01-01T00:00:00 filter=y_10 detector=165'}
# - {DATE: '2025-04-02T15:59:51.507341'}
# - {CALIB_CREATION_DATE: '2025-04-02'}
# - {CALIB_CREATION_TIME: '15:59:51'}
# - __serialized_columns__:
#     efficiency:
#       __class__: astropy.units.quantity.Quantity
#       unit: !astropy.units.Unit {unit: '%'}
#       value: !astropy.table.SerializedColumn {name: efficiency}
#     wavelength:
#       __class__: astropy.units.quantity.Quantity
#       unit: !astropy.units.Unit {unit: nm}
#       value: !astropy.table.SerializedColumn {name: wavelength}
# schema: astropy-2.0
wavelength efficiency
[from data line 576]
876.0 0.0017230171579285525
877.0 0.001465670266043162
878.0 0.0012083231922588311
879.0 0.0016760770449764095
880.0 0.06476293783634901
881.0 0.08699804893694818
882.0 0.06377800600603223
883.0 0.09092144900932908
884.0 0.05999162676744163
885.0 0.09917765855789185
886.0 0.05582658341154456
887.0 0.0954834627918899
888.0 0.06921400781720877
889.0 0.08700229227542877
890.0 0.06600265624001622
891.0 0.1082343515008688
892.0 0.060318916803225875
893.0 0.09820365812629461
894.0 0.07124408730305731
895.0 0.08870175806805491
896.0 0.07221765699796379
897.0 0.0967484898865223
898.0 0.06688690045848489
899.0 0.10609604651108384
900.0 0.08746394887566566
901.0 0.12185629457235336
902.0 0.12290364829823375
903.0 0.13167549623176455
904.0 0.13965553371235728
905.0 0.1432813936844468
906.0 0.18611951963976026
907.0 0.2113939030095935
908.0 0.2561685163527727
909.0 0.29938200023025274
910.0 0.3896648297086358
911.0 0.5329997278749943
912.0 0.7270097732543945
913.0 1.0763311758637428
914.0 1.518781017512083
915.0 2.253679372370243
916.0 3.273439034819603
917.0 4.540720954537392
918.0 6.180594861507416
919.0 7.925982773303986
920.0 10.497617721557617
921.0 13.300345838069916
922.0 16.062451899051666
923.0 19.185009598731995
924.0 22.502657771110535
925.0 26.1176735162735
926.0 30.68232238292694
927.0 35.922667384147644
928.0 40.98138213157654
929.0 46.83987200260162
930.0 52.529317140579224
931.0 58.67021679878235
932.0 65.06001949310303
933.0 71.14928960800171
934.0 76.37972831726074
935.0 80.71198463439941
936.0 84.6747875213623
937.0 87.84507513046265
938.0 90.41117429733276
939.0 92.12403893470764
940.0 93.43075156211853
941.0 94.14612650871277
942.0 94.75023746490479
943.0 95.09738683700562
944.0 95.66015601158142
945.0 95.88088989257812
946.0 96.24692797660828
947.0 96.46381139755249
948.0 96.77597880363464
949.0 96.79054021835327
950.0 96.97200655937195
951.0 96.97434306144714
952.0 97.00482487678528
953.0 97.09956049919128
954.0 97.0213532447815
955.0 97.031569480896
956.0 97.17110991477966
957.0 97.33892679214478
958.0 97.50174283981323
959.0 97.64105677604675
960.0 97.81615138053894
961.0 97.94461131095886
962.0 98.100346326828
963.0 98.2232391834259
964.0 98.38924407958984
965.0 98.4437882900238
966.0 98.61116409301758
967.0 98.71828556060791
968.0 98.70840311050415
969.0 98.71343970298767
970.0 98.77774715423584
971.0 98.79589080810547
972.0 98.84173274040222
973.0 98.9104688167572
974.0 98.92849326133728
975.0 98.88291358947754
976.0 98.95449876785278
977.0 98.9209234714508
978.0 98.98574948310852
979.0 98.97575974464417
980.0 98.98961186408997
981.0 98.92777800559998
982.0 98.90844225883484
983.0 98.93490076065063
984.0 98.8973319530487
985.0 98.9034116268158
986.0 98.77541065216064
987.0 98.85568618774414
988.0 98.69105815887451
989.0 98.69616627693176
990.0 98.57779145240784
991.0 98.5788881778717
992.0 98.62700700759888
993.0 98.55336546897888
994.0 98.49692583084106
995.0 98.51058721542358
996.0 98.43191504478455
997.0 98.54215383529663
998.0 98.58843684196472
999.0 98.62925410270691
1000.0 98.68299961090088
1001.0 98.621267080307
1002.0 98.74042272567749
1003.0 98.80174398422241
1004.0 98.88864755630493
1005.0 98.8754391670227
1006.0 98.99436831474304
1007.0 99.0496277809143
1008.0 99.00590777397156
1009.0 98.9806592464447
1010.0 99.04972910881042
1011.0 99.05198812484741
1012.0 98.98213744163513
1013.0 98.99566769599915
1014.0 98.94867539405823
1015.0 98.92378449440002
1016.0 98.88840913772583
1017.0 98.89997243881226
1018.0 98.91682863235474
1019.0 98.82914423942566
1020.0 98.88314604759216
1021.0 98.98054599761963
1022.0 98.81585240364075
1023.0 98.86326193809509
1024.0 98.83356094360352
1025.0 98.7738847732544
1026.0 98.86711835861206
1027.0 98.97782802581787
1028.0 98.86626601219177
1029.0 98.9791989326477
1030.0 98.97772669792175
1031.0 98.97719621658325
1032.0 98.97304177284241
1033.0 98.99476170539856
1034.0 99.03843998908997
1035.0 99.09029603004456
1036.0 99.03218746185303
1037.0 98.99252653121948
1038.0 98.97308349609375
1039.0 98.9711344242096
1040.0 98.85067343711853
1041.0 98.95426630973816
1042.0 98.92839193344116
1043.0 98.87808561325073
1044.0 98.88773560523987
1045.0 98.59663248062134
1046.0 98.82535934448242
1047.0 98.69552850723267
1048.0 98.74498248100281
1049.0 98.62996935844421
1050.0 98.629891872406
1051.0 98.61809611320496
1052.0 98.55588674545288
1053.0 98.53717684745789
1054.0 98.68622422218323
1055.0 98.7758457660675
1056.0 98.674076795578
1057.0 98.67605566978455
1058.0 98.46464395523071
1059.0 98.59075546264648
1060.0 98.76716136932373
1061.0 98.57053756713867
1062.0 98.71765375137329
1063.0 98.50630760192871
1064.0 98.89528155326843
1065.0 98.79341125488281
1066.0 98.79775643348694
1067.0 99.001944065094
1068.0 98.87024164199829
1069.0 98.60941171646118
1070.0 99.04395341873169
1071.0 98.8373875617981
1072.0 98.96233677864075
1073.0 98.93265962600708
1074.0 98.65712523460388
1075.0 98.6035704612732
1076.0 98.3921229839325
1077.0 98.78076314926147
1078.0 99.09287691116333
1079.0 98.501718044281
1080.0 99.21480417251587
1081.0 98.5672652721405
1082.0 98.52650165557861
1083.0 98.40112924575806
1084.0 98.96178841590881
1085.0 98.8412082195282
1086.0 98.53466749191284
1087.0 98.72501492500305
1088.0 98.48523736000061
1089.0 98.28158020973206
1090.0 98.3694851398468
1091.0 98.4457790851593
1092.0 98.70260953903198
1093.0 98.54726195335388
1094.0 98.18413853645325
1095.0 98.24678897857666
1096.0 98.38038682937622
1097.0 98.14273715019226
1098.0 97.46956825256348
1099.0 98.65131974220276
1100.0 97.69741892814636
