lsstCam/transmission_filter_detector/r41_s10/y_10/19700101T000000.ecsv
# %ECSV 1.0
# ---
# datatype:
# - {name: wavelength, unit: nm, datatype: float32}
# - {name: efficiency, unit: '%', datatype: float64}
# meta: !!omap
# - {MODE: DETECTOR}
# - {TYPE: transmission_filter_detector}
# - {CALIBDATE: '1970-01-01T00:00:00'}
# - {INSTRUME: LSSTCam}
# - {OBSTYPE: transmission_filter_detector}
# - {CALIBCLS: lsst.ip.isr.IntermediateFilterDetectorTransmissionCurve}
# - {SOURCE: Materion (DM-46256)}
# - {DETECTOR: 165}
# - {FILTER: y_10}
# - {CALIB_ID: 'calibDate=1970-01-01T00:00:00 filter=y_10 detector=165'}
# - {DATE: '2025-04-02T15:59:51.507341'}
# - {CALIB_CREATION_DATE: '2025-04-02'}
# - {CALIB_CREATION_TIME: '15:59:51'}
# - __serialized_columns__:
#     efficiency:
#       __class__: astropy.units.quantity.Quantity
#       unit: !astropy.units.Unit {unit: '%'}
#       value: !astropy.table.SerializedColumn {name: efficiency}
#     wavelength:
#       __class__: astropy.units.quantity.Quantity
#       unit: !astropy.units.Unit {unit: nm}
#       value: !astropy.table.SerializedColumn {name: wavelength}
# schema: astropy-2.0
wavelength efficiency
300.0 0.019539841741789132
301.0 0.017001343076117337
302.0 0.014462844410445541
303.0 0.013246128219179809
304.0 0.012029411300318316
305.0 0.010990139708155766
306.0 0.00995086957118474
307.0 0.008333298319485039
308.0 0.006715727067785338
309.0 0.009015263640321791
310.0 0.011314799485262483
311.0 0.008465257269563153
312.0 0.00561571323487442
313.0 0.0048707759560784325
314.0 0.004125836494495161
315.0 0.004144697231822647
316.0 0.004163557969150133
317.0 0.004367783913039602
318.0 0.0045720094931311905
319.0 0.0038191385101526976
320.0 0.0030662675271742046
321.0 0.0033728036214597523
322.0 0.0036793397157453
323.0 0.002894812132581137
324.0 0.002110284367518034
325.0 0.0021850884877494536
326.0 0.002259892426081933
327.0 0.002475606197549496
328.0 0.002691320150915999
329.0 0.0025869067030726
330.0 0.0024824934371281415
331.0 0.0019399469238123856
332.0 0.0013974003195471596
333.0 0.0014962488421588205
334.0 0.0015950972738210112
335.0 0.002172455242543947
336.0 0.002749812847469002
337.0 0.002200048038503155
338.0 0.0016502834114362486
339.0 0.0013283533917274326
340.0 0.0010064233720186166
341.0 0.001490948852733709
342.0 0.0019754745153477415
343.0 0.001923824311234057
344.0 0.0018721741071203724
345.0 0.0013232387573225424
346.0 0.0007743033165752422
347.0 0.0008242885996878613
348.0 0.0008742737918510102
349.0 0.0012746202628477477
350.0 0.0016749665519455448
351.0 0.001663881994318217
352.0 0.0016527976185898297
353.0 0.0016161622625077143
354.0 0.0015795265426277183
355.0 0.0017163893062388524
356.0 0.0018532520698499866
357.0 0.0013322478480404243
358.0 0.0008112434443319216
359.0 0.0007727152478764765
360.0 0.0007341869149968261
361.0 0.0008690226422913838
362.0 0.0010038583241112065
363.0 0.0009861278158496134
364.0 0.0009683974894869607
365.0 0.001141499524237588
366.0 0.0013146017408871558
367.0 0.0015156653716985602
368.0 0.0017167290934594348
369.0 0.0015673589587095194
370.0 0.0014179885511111934
371.0 0.0015373792848549783
372.0 0.001656769927649293
373.0 0.001939756839419715
374.0 0.0022227435692911968
375.0 0.002922414023487363
376.0 0.0036220844776835293
377.0 0.004003180583822541
378.0 0.004384276326163672
379.0 0.0042174979171250015
380.0 0.004050719871884212
381.0 0.0033060776331694797
382.0 0.0025614350306568667
383.0 0.0018789944078889675
384.0 0.0011965538760705385
385.0 0.0009283988219976891
386.0 0.0006602436315006344
387.0 0.0007300967354240129
388.0 0.0007999498848221265
389.0 0.0006070919425837928
390.0 0.0004142340912949294
391.0 0.0005057672751718201
392.0 0.0005973005045234459
393.0 0.0006744503480149433
394.0 0.0007516001460317057
395.0 0.0008285790499940049
396.0 0.0009055579539563041
397.0 0.0008687191439094022
398.0 0.0008318804248119704
399.0 0.001082646667782683
400.0 0.0013334129107533954
401.0 0.0016411504475399852
402.0 0.0019488878024276346
403.0 0.0019629253074526787
404.0 0.0019769626305787824
405.0 0.0019541006622603163
406.0 0.0019312385120429099
407.0 0.0018355769498157315
408.0 0.0017399155694874935
409.0 0.0016571133528486826
410.0 0.0015743111362098716
411.0 0.0009194869562634267
412.0 0.00026466307190275984
413.0 0.0004628549504559487
414.0 0.00066104680627177
415.0 0.00030024571060494054
416.0 1.7070089916235154e-10
417.0 1.7070089916235154e-10
418.0 1.7070089916235154e-10
419.0 0.0001809295440580172
420.0 0.0006517485417134594
421.0 0.00036242945498088375
422.0 7.311046488212014e-05
423.0 0.00034819033771782415
424.0 0.0006232699888641946
425.0 1.7070089916235154e-10
426.0 1.7070089916235154e-10
427.0 1.7070089916235154e-10
428.0 0.0004133584297960624
429.0 1.7070089916235154e-10
430.0 1.7070089916235154e-10
431.0 1.7070089916235154e-10
432.0 1.7070089916235154e-10
433.0 3.9169670174032944e-06
434.0 0.0002594180386950029
435.0 0.0003573847379811923
436.0 0.00045535157369158696
437.0 0.00019897029233106878
438.0 1.7070089916235154e-10
439.0 1.7070089916235154e-10
440.0 4.946292051499768e-05
441.0 1.7070089916235154e-10
442.0 1.7070089916235154e-10
443.0 1.7070089916235154e-10
444.0 0.00027098778900835896
445.0 0.00025610449938540114
446.0 0.00024122118702507578
447.0 1.7070089916235154e-10
448.0 1.7070089916235154e-10
449.0 1.7070089916235154e-10
450.0 1.7070089916235154e-10
451.0 1.7070089916235154e-10
452.0 1.7070089916235154e-10
453.0 1.7070089916235154e-10
454.0 1.7070089916235154e-10
455.0 1.7070089916235154e-10
456.0 1.7070089916235154e-10
457.0 1.7070089916235154e-10
458.0 1.7070089916235154e-10
459.0 1.7070089916235154e-10
460.0 0.00020185216271784157
461.0 0.00013520216270990204
462.0 6.855210585854365e-05
463.0 0.00027298358418192947
464.0 0.00047741491471242625
465.0 0.0006098918674979359
466.0 0.0007423689112329157
467.0 0.0006961037342989584
468.0 0.0006498386028397363
469.0 0.0009385175872012042
470.0 0.0012271966625121422
471.0 0.001347490160696907
472.0 0.001467783840780612
473.0 0.0019385868654353544
474.0 0.0024093897081911564
475.0 0.0024678094632690772
476.0 0.0025262294002459385
477.0 0.002491107261448633
478.0 0.0024559851226513274
479.0 0.002638551450218074
480.0 0.0028211175958858803
481.0 0.0031629460863769054
482.0 0.0035047745768679306
483.0 0.0036336063203634694
484.0 0.003762438427656889
485.0 0.003238849967601709
486.0 0.002715261507546529
487.0 0.0025302057110820897
488.0 0.0023451500965165906
489.0 0.002163046519854106
490.0 0.0019809429431916215
491.0 0.0018245009414386004
492.0 0.0016680589396855794
493.0 0.0017381082216161303
494.0 0.0018081575035466813
495.0 0.0017212038073921576
496.0 0.001634250111237634
497.0 0.0014880814887874294
498.0 0.0013419125934888143
499.0 0.0016907239114516415
500.0 0.0020395351384649985
501.0 0.0021464416931848973
502.0 0.002253348247904796
503.0 0.002432391920592636
504.0 0.002611435229482595
505.0 0.002283315916429274
506.0 0.0019551960576791316
507.0 0.001830996188800782
508.0 0.0017067965018213727
509.0 0.00174244796653511
510.0 0.001778099249349907
511.0 0.0017999802366830409
512.0 0.001821861405915115
513.0 0.0019136781702400185
514.0 0.0020054947526659817
515.0 0.0018621729395817965
516.0 0.0017188511264976114
517.0 0.0013904045772505924
518.0 0.0010619575732562225
519.0 0.0011156193068018183
520.0 0.001169281040347414
521.0 0.0012128542039135937
522.0 0.0012564274584292434
523.0 0.0012760977369907778
524.0 0.0012957681974512525
525.0 0.0017832084267865866
526.0 0.002270648656121921
527.0 0.0023295135179068893
528.0 0.0023883781977929175
529.0 0.0026291669200873002
530.0 0.0028699552785838023
531.0 0.0023788677935954183
532.0 0.0018877803086070344
533.0 0.0018865359379560687
534.0 0.0018852919311029837
535.0 0.0016324964235536754
536.0 0.0013797010069538374
537.0 0.001450015315640485
538.0 0.0015203297152766027
539.0 0.0021512578314286657
540.0 0.002782186129479669
541.0 0.003679889050545171
542.0 0.004577591971610673
543.0 0.004669944974011742
544.0 0.00476229797641281
545.0 0.004606671063811518
546.0 0.004451044515008107
547.0 0.00413442867284175
548.0 0.0038178128306753933
549.0 0.0031270301406038925
550.0 0.0024362474505323917
551.0 0.0025054785510292277
552.0 0.0025747094696271233
553.0 0.002338661579415202
554.0 0.002102613689203281
555.0 0.0026635210815584287
556.0 0.003224428292014636
557.0 0.00384504055546131
558.0 0.004465652091312222
559.0 0.004532730963546783
560.0 0.004599809471983463
561.0 0.004202079799142666
562.0 0.0038043501263018698
563.0 0.0033939260902116075
564.0 0.002983501326525584
565.0 0.003332936830702238
566.0 0.0036823716072831303
567.0 0.004340576924732886
568.0 0.0049987818783847615
569.0 0.005463631896418519
570.0 0.005928482278250158
571.0 0.00675638802931644
572.0 0.0075842952355742455
573.0 0.007566815475001931
574.0 0.007549336442025378
575.0 0.007075735629769042
576.0 0.0066021340899169445
577.0 0.0059260084526613355
578.0 0.005249882815405726
579.0 0.005024696292821318
580.0 0.004799509770236909
581.0 0.0053196705266600475
582.0 0.0058398312830831856
583.0 0.007600762910442427
584.0 0.009361696720588952
585.0 0.010416029545012861
586.0 0.011470363824628294
587.0 0.011505541624501348
588.0 0.011540720879565924
589.0 0.01070465732482262
590.0 0.009868597408058122
591.0 0.00922727122087963
592.0 0.008585945761296898
593.0 0.007881593774072826
594.0 0.007177240331657231
595.0 0.006292902980931103
596.0 0.005408564175013453
597.0 0.005568496271735057
598.0 0.005728428368456662
599.0 0.006515833956655115
600.0 0.007303239544853568
601.0 0.008523097494617105
602.0 0.009742953261593357
603.0 0.010339703294448555
604.0 0.010936452599707991
605.0 0.010401650797575712
606.0 0.009866851178230718
607.0 0.009672466694610193
608.0 0.009478082210989669
609.0 0.00826699542813003
610.0 0.007055908645270392
611.0 0.00556441955268383
612.0 0.0040729300962993875
613.0 0.0036770772567251697
614.0 0.0032812251447467133
615.0 0.0037568610423477367
616.0 0.004232497303746641
617.0 0.005396997221396305
618.0 0.006561496411450207
619.0 0.008010458259377629
620.0 0.00945942010730505
621.0 0.010130490409210324
622.0 0.010801562166307122
623.0 0.010724493040470406
624.0 0.010647419549059123
625.0 0.010433920397190377
626.0 0.010220419790130109
627.0 0.008926109148887917
628.0 0.007631798507645726
629.0 0.006122774357208982
630.0 0.004613749842974357
631.0 0.003925994678866118
632.0 0.003238239514757879
633.0 0.0029967579393996857
634.0 0.0027552760002436116
635.0 0.002904813300119713
636.0 0.0030543502361979336
637.0 0.0036306675610831007
638.0 0.004206985249766149
639.0 0.004885412636213005
640.0 0.0055638400226598606
641.0 0.005671231338055804
642.0 0.0057786222896538675
643.0 0.005655182394548319
644.0 0.00553174213564489
645.0 0.005072279964224435
646.0 0.00461281779280398
647.0 0.004151930261286907
648.0 0.0036910423659719527
649.0 0.0030223605790524743
650.0 0.002353678792132996
651.0 0.0021277499399730004
652.0 0.0019018209059140645
653.0 0.0017598447811906226
654.0 0.001617868838366121
655.0 0.001975798477360513
656.0 0.002333728116354905
657.0 0.00222703893086873
658.0 0.0021203495634836145
659.0 0.0016579751900280826
660.0 0.001195600998471491
661.0 0.0013418124581221491
662.0 0.0014880240087222774
663.0 0.0017350961570627987
664.0 0.0019821683963527903
665.0 0.0023807429897715338
666.0 0.0027793177650892176
667.0 0.0031314382795244455
668.0 0.003483558612060733
669.0 0.004549898221739568
670.0 0.005616237103822641
671.0 0.006272202881518751
672.0 0.006928166840225458
673.0 0.007166268915170804
674.0 0.007404370990116149
675.0 0.007152419857447967
676.0 0.0069004701799713075
677.0 0.006529554957523942
678.0 0.006158639007480815
679.0 0.005305224476614967
680.0 0.0044518092181533575
681.0 0.0028750597266480327
682.0 0.001298309325648006
683.0 0.0007107660621841205
684.0 0.00012322288966970518
685.0 8.554770261071099e-05
686.0 4.787246439263981e-05
687.0 1.7070089916235154e-10
688.0 1.7070089916235154e-10
689.0 1.516538645773835e-05
690.0 0.00021985292733006645
691.0 0.0001525948619018891
692.0 8.533677942068607e-05
693.0 0.00024875751023500925
694.0 0.00041217822399630677
695.0 0.00028425872642401373
696.0 0.000156339262957772
697.0 0.0003928777459805133
698.0 0.0006294162176345708
699.0 0.0004233848812873475
700.0 0.00021735347672802163
701.0 2.7932176749345672e-05
702.0 1.7070089916235154e-10
703.0 1.1509594344261131e-05
704.0 0.00018450850802764762
705.0 0.00017743897160471533
706.0 0.00017036943518178305
707.0 3.459298909547215e-05
708.0 1.7070089916235154e-10
709.0 0.0001773331746335316
710.0 0.00045584984036395326
711.0 0.0002525541731301928
712.0 4.925849452774855e-05
713.0 4.910646680400532e-05
714.0 4.895447318631341e-05
715.0 1.7070089916235154e-10
716.0 1.7070089916235154e-10
717.0 8.926821806198859e-05
718.0 0.0003082565854128916
719.0 0.00023371846964437282
720.0 0.00015918042208795669
721.0 0.0003203975211363286
722.0 0.000481614642922068
723.0 0.00038906755435164087
724.0 0.00029652037483174354
725.0 0.00032031764476414537
726.0 0.0003441150056460174
727.0 0.000291470473712252
728.0 0.00023882591904111905
729.0 0.00022996114239504095
730.0 0.00022109632027422776
731.0 0.0003565650331438519
732.0 0.0004920335413771681
733.0 0.00035131315598846413
734.0 0.0002105928615492303
735.0 0.0003940074748243205
736.0 0.0005774220880994108
737.0 0.0007181189630500739
738.0 0.000858815747051267
739.0 0.000660783598505077
740.0 0.00046275144995888695
741.0 0.00027435901301942067
742.0 8.596664997639891e-05
743.0 0.00021128603293618653
744.0 0.00033660548979241867
745.0 0.00040737554627412464
746.0 0.0004781456027558306
747.0 0.00043417558117653243
748.0 0.0003902057414961746
749.0 0.00040837926462700125
750.0 0.0004265527877578279
751.0 0.00015447518535438576
752.0 1.7070089916235154e-10
753.0 0.0001489890905759239
754.0 0.0004155805527261691
755.0 0.0004491953404794913
756.0 0.00048281003728334326
757.0 0.00039982451198739
758.0 0.0003168387138430262
759.0 7.568601745333581e-05
760.0 1.7070089916235154e-10
761.0 3.273092943345546e-05
762.0 0.00023092848095984664
763.0 0.0002803615871016518
764.0 0.0003297946477687219
765.0 0.0003685788897200837
766.0 0.00040736317714618053
767.0 0.00018893633750849403
768.0 1.7070089916235154e-10
769.0 3.037292231056199e-05
770.0 9.023643201544473e-05
771.0 0.0001120567162615771
772.0 0.0001338769038738974
773.0 0.00016810454326332547
774.0 0.00020233217128406977
775.0 0.0003473865490377648
776.0 0.0004924409495288273
777.0 0.0003500834964142996
778.0 0.0002077259750876692
779.0 0.0005568114374909783
780.0 0.0009058969226316549
781.0 0.0007984735020727385
782.0 0.0006910500815138221
783.0 0.0007383766387647483
784.0 0.0007857032869651448
785.0 0.0005198756753088674
786.0 0.0002540481546020601
787.0 0.00043186646507820114
788.0 0.0006096847755543422
789.0 0.0004042436557938345
790.0 0.00019880237687175395
791.0 0.0004287818228476681
792.0 0.0006587613370356848
793.0 0.000717485454515554
794.0 0.0007762095265206881
795.0 0.0005230695933278184
796.0 0.0002699296146602137
797.0 0.0006398363893822534
798.0 0.001009743118629558
799.0 0.000841621385916369
800.0 0.0006734995167789748
801.0 0.0006183996902109357
802.0 0.0005632998181681614
803.0 0.0005308136223902693
804.0 0.0004983272447134368
805.0 0.0006998449862294365
806.0 0.0009013627277454361
807.0 0.0010258527254336514
808.0 0.001150342905020807
809.0 0.0010302834198228084
810.0 0.0009102241165237501
811.0 0.0008149610039254185
812.0 0.0007196980732260272
813.0 0.0006596373623324325
814.0 0.000599576696913573
815.0 0.00040214617911260575
816.0 0.00020471570678637363
817.0 0.00033139626793854404
818.0 0.0004580770109896548
819.0 0.0005446412160381442
820.0 0.0006312053756118985
821.0 0.000714641919330461
822.0 0.0007980785085237585
823.0 0.000624677340965718
824.0 0.0004512763098318828
825.0 0.0003591794211388333
826.0 0.00026708255518315127
827.0 0.00021772689251520205
828.0 0.00016837113889778266
829.0 0.0003762949972951901
830.0 0.0005842187420057599
831.0 0.0006540667527588084
832.0 0.0007239147180371219
833.0 0.0009021443474921398
834.0 0.0010803739314724226
835.0 0.000751835250412114
836.0 0.00042329661482654046
837.0 0.0008820028597256169
838.0 0.001340708968200488
839.0 0.0011182681191712618
840.0 0.0008958270882430952
841.0 0.0004626964710041648
842.0 2.956579692181549e-05
843.0 0.00033746869121387135
844.0 0.0006453718015109189
845.0 0.0008856736712914426
846.0 0.0011259757229709066
847.0 0.0006869095159345306
848.0 0.00024784342258499237
849.0 0.0004453813744476065
850.0 0.0006429193035728531
851.0 0.0005611248525383417
852.0 0.00047933058340277057
853.0 0.0005876036084373482
854.0 0.0006958769063203363
855.0 0.0007250801445479738
856.0 0.0007542833373008762
857.0 0.0009677214620751329
858.0 0.0011811596777988598
859.0 0.0010604318049445283
860.0 0.0009397040230396669
861.0 0.0011083084245910868
862.0 0.0012769130989909172
863.0 0.0013543116438086145
864.0 0.001431710279575782
865.0 0.0016622099792584777
866.0 0.0018927097698906437
867.0 0.002258112726849504
868.0 0.0026235160476062447
869.0 0.0028949682018719614
870.0 0.003166420356137678
871.0 0.0029757760785287246
872.0 0.0027851319828187115
873.0 0.0026666732082958333
874.0 0.0025482146156718954
