ts8/qe_curve/rtm-022_s01/19700101T000000.ecsv
# %ECSV 0.9
# ---
# datatype:
# - {name: amp_name, datatype: string}
# - {name: wavelength, unit: nm, datatype: float32}
# - {name: efficiency, unit: '%', datatype: float32}
# meta: !!omap
# - {MODE: AMP}
# - {TYPE: QE}
# - {CALIBDATE: '1970-01-01T00:00:00'}
# - {INSTRUME: TS8}
# - {OBSTYPE: qe_curve}
# - {DETECTOR: 163}
# - {PICKLEFILE: RaftRun11671.p}
# - {CALIB_ID: 'raftName=RTM-022 detectorName=S01 detector=163 calibDate=1970-01-01T00:00:00 ccd=163 ccdnum=163 filter=None'}
# - {DATE: '2020-01-23T15:40:02.609639'}
# - {CALIB_CREATION_DATE: '2020-01-23'}
# - {CALIB_CREATION_TIME: '15:40:02'}
# - __serialized_columns__:
#     efficiency:
#       __class__: astropy.units.quantity.Quantity
#       unit: !astropy.units.Unit {unit: '%'}
#       value: !astropy.table.SerializedColumn {name: efficiency}
#     wavelength:
#       __class__: astropy.units.quantity.Quantity
#       unit: !astropy.units.Unit {unit: nm}
#       value: !astropy.table.SerializedColumn {name: wavelength}
# schema: astropy-2.0
amp_name wavelength efficiency
C12 319.994 55.920288
C12 324.969 58.497555
C12 349.982 68.51542
C12 374.975 76.9237
C12 400.019 83.22731
C12 424.965 83.251526
C12 450.035 83.5621
C12 475.003 83.30519
C12 500.018 84.44328
C12 525.002 86.155045
C12 550.029 87.99033
C12 575.023 90.980995
C12 599.982 92.862526
C12 619.997 94.38817
C12 624.979 94.541916
C12 650.012 95.672134
C12 675.004 96.65172
C12 700.03 97.3857
C12 725.012 98.09141
C12 750.022 99.37505
C12 774.987 100.14186
C12 799.976 100.01022
C12 824.988 99.19787
C12 850.022 97.10913
C12 869.967 94.76469
C12 875.002 93.58505
C12 899.999 86.67372
C12 919.999 78.45145
C12 925.012 76.13881
C12 949.965 64.29058
C12 975.002 48.95272
C12 999.976 30.299944
C12 1025.028 14.649084
C12 1050.014 6.021124
C12 1075.002 3.3057811
C12 1099.99 2.273412
C04 319.994 56.485935
C04 324.969 59.074665
C04 349.982 68.962616
C04 374.975 77.12879
C04 400.019 83.385345
C04 424.965 83.42818
C04 450.035 83.77889
C04 475.003 83.57403
C04 500.018 84.77072
C04 525.002 86.534035
C04 550.029 88.420616
C04 575.023 91.4408
C04 599.982 93.33107
C04 619.997 94.85436
C04 624.979 95.004005
C04 650.012 96.12423
C04 675.004 97.07165
C04 700.03 97.68918
C04 725.012 98.068985
C04 750.022 98.94919
C04 774.987 99.321785
C04 799.976 99.01565
C04 824.988 98.18828
C04 850.022 95.93226
C04 869.967 93.70888
C04 875.002 92.60067
C04 899.999 86.2507
C04 919.999 78.41298
C04 925.012 76.12952
C04 949.965 63.430725
C04 975.002 47.62393
C04 999.976 29.763699
C04 1025.028 14.347244
C04 1050.014 5.99376
C04 1075.002 3.3212986
C04 1099.99 2.2441084
C14 319.994 56.533623
C14 324.969 59.12467
C14 349.982 68.893135
C14 374.975 76.70084
C14 400.019 82.81323
C14 424.965 82.86127
C14 450.035 83.241104
C14 475.003 83.04285
C14 500.018 84.222565
C14 525.002 85.96899
C14 550.029 87.82547
C14 575.023 90.82581
C14 599.982 92.71888
C14 619.997 94.24683
C14 624.979 94.398994
C14 650.012 95.51532
C14 675.004 96.464584
C14 700.03 97.17183
C14 725.012 97.82585
C14 750.022 99.05446
C14 774.987 99.77225
C14 799.976 99.60791
C14 824.988 98.777504
C14 850.022 96.71173
C14 869.967 94.41535
C14 875.002 93.254326
C14 899.999 86.49523
C14 919.999 78.32253
C14 925.012 75.97517
C14 949.965 63.921467
C14 975.002 48.536682
C14 999.976 30.007536
C14 1025.028 14.510868
C14 1050.014 5.9769607
C14 1075.002 3.276688
C14 1099.99 2.2659924
C01 319.994 57.503834
C01 324.969 60.098682
C01 349.982 69.51822
C01 374.975 76.71353
C01 400.019 82.72381
C01 424.965 82.837425
C01 450.035 83.33726
C01 475.003 83.28034
C01 500.018 84.59497
C01 525.002 86.440994
C01 550.029 88.383
C01 575.023 91.42943
C01 599.982 93.304535
C01 619.997 94.80324
C01 624.979 94.944046
C01 650.012 96.01593
C01 675.004 96.91202
C01 700.03 97.476006
C01 725.012 97.79869
C01 750.022 98.63045
C01 774.987 98.96134
C01 799.976 98.62713
C01 824.988 97.791046
C01 850.022 95.56308
C01 869.967 93.349174
C01 875.002 92.240776
C01 899.999 85.906
C01 919.999 78.13996
C01 925.012 75.90699
C01 949.965 63.428642
C01 975.002 47.77182
C01 999.976 29.80866
C01 1025.028 14.340593
C01 1050.014 5.985325
C01 1075.002 3.3068802
C01 1099.99 2.2483633
C06 319.994 55.78264
C06 324.969 58.34796
C06 349.982 68.40905
C06 374.975 77.05677
C06 400.019 83.45621
C06 424.965 83.47884
C06 450.035 83.7783
C06 475.003 83.52925
C06 500.018 84.68533
C06 525.002 86.41284
C06 550.029 88.280235
C06 575.023 91.27295
C06 599.982 93.13291
C06 619.997 94.638016
C06 624.979 94.786835
C06 650.012 95.89952
C06 675.004 96.85803
C06 700.03 97.507614
C06 725.012 97.93378
C06 750.022 98.879
C06 774.987 99.31094
C06 799.976 99.03175
C06 824.988 98.20439
C06 850.022 95.99396
C06 869.967 93.789986
C06 875.002 92.680984
C06 899.999 86.37364
C06 919.999 78.4632
C06 925.012 76.140366
C06 949.965 63.068447
C06 975.002 47.199795
C06 999.976 29.62461
C06 1025.028 14.41835
C06 1050.014 6.0571203
C06 1075.002 3.3330522
C06 1099.99 2.2167604
C03 319.994 56.96588
C03 324.969 59.567207
C03 349.982 69.356445
C03 374.975 77.23795
C03 400.019 83.42351
C03 424.965 83.48168
C03 450.035 83.887215
C03 475.003 83.730354
C03 500.018 84.95949
C03 525.002 86.75035
C03 550.029 88.64663
C03 575.023 91.676506
C03 599.982 93.56444
C03 619.997 95.08319
C03 624.979 95.23369
C03 650.012 96.33596
C03 675.004 97.27151
C03 700.03 97.873146
C03 725.012 98.22957
C03 750.022 99.08794
C03 774.987 99.4378
C03 799.976 99.11836
C03 824.988 98.29411
C03 850.022 96.04342
C03 869.967 93.812675
C03 875.002 92.70538
C03 899.999 86.35836
C03 919.999 78.5217
C03 925.012 76.24659
C03 949.965 63.611797
C03 975.002 47.82607
C03 999.976 29.871239
C03 1025.028 14.397865
C03 1050.014 6.004227
C03 1075.002 3.3264358
C03 1099.99 2.2555978
C00 319.994 57.86677
C00 324.969 60.460117
C00 349.982 69.683075
C00 374.975 76.529434
C00 400.019 82.488976
C00 424.965 82.6603
C00 450.035 83.236275
C00 475.003 83.27198
C00 500.018 84.656746
C00 525.002 86.544754
C00 550.029 88.533264
C00 575.023 91.57779
C00 599.982 93.41718
C00 619.997 94.884926
C00 624.979 95.02207
C00 650.012 96.055984
C00 675.004 96.92048
C00 700.03 97.466995
C00 725.012 97.77931
C00 750.022 98.603935
C00 774.987 98.93414
C00 799.976 98.59273
C00 824.988 97.74477
C00 850.022 95.51732
C00 869.967 93.25348
C00 875.002 92.13091
C00 899.999 85.71141
C00 919.999 77.88785
C00 925.012 75.665085
C00 949.965 63.302887
C00 975.002 47.86081
C00 999.976 29.788847
C00 1025.028 14.198121
C00 1050.014 5.902973
C00 1075.002 3.2591057
C00 1099.99 2.2316675
C13 319.994 56.177277
C13 324.969 58.767136
C13 349.982 68.682236
C13 374.975 76.78378
C13 400.019 82.97439
C13 424.965 83.00338
C13 450.035 83.34892
C13 475.003 83.11534
C13 500.018 84.26284
C13 525.002 85.98975
C13 550.029 87.82423
C13 575.023 90.81106
C13 599.982 92.69443
C13 619.997 94.2193
C13 624.979 94.37208
C13 650.012 95.4917
C13 675.004 96.46158
C13 700.03 97.17907
C13 725.012 97.85541
C13 750.022 99.10252
C13 774.987 99.841835
C13 799.976 99.688095
C13 824.988 98.86725
C13 850.022 96.789795
C13 869.967 94.46496
C13 875.002 93.29167
C13 899.999 86.46199
C13 919.999 78.25544
C13 925.012 75.921196
C13 949.965 64.00158
C13 975.002 48.680904
C13 999.976 30.093658
C13 1025.028 14.530347
C13 1050.014 5.9813704
C13 1075.002 3.279295
C13 1099.99 2.262509
C17 319.994 57.944168
C17 324.969 60.554783
C17 349.982 69.84706
C17 374.975 76.64082
C17 400.019 82.5406
C17 424.965 82.67846
C17 450.035 83.24624
C17 475.003 83.24237
C17 500.018 84.58392
C17 525.002 86.45159
C17 550.029 88.408104
C17 575.023 91.443794
C17 599.982 93.29838
C17 619.997 94.77682
C17 624.979 94.91266
C17 650.012 95.95019
C17 675.004 96.851944
C17 700.03 97.48506
C17 725.012 98.09004
C17 750.022 99.25764
C17 774.987 99.93205
C17 799.976 99.72087
C17 824.988 98.85835
C17 850.022 96.77959
C17 869.967 94.47553
C17 875.002 93.315956
C17 899.999 86.446434
C17 919.999 78.16445
C17 925.012 75.822334
C17 949.965 63.79901
C17 975.002 48.63856
C17 999.976 30.05881
C17 1025.028 14.415953
C17 1050.014 5.906392
C17 1075.002 3.2496004
C17 1099.99 2.248555
C11 319.994 55.45309
C11 324.969 57.99936
C11 349.982 68.03463
C11 374.975 76.73263
C11 400.019 83.195076
C11 424.965 83.277405
C11 450.035 83.62363
C11 475.003 83.44054
C11 500.018 84.619675
C11 525.002 86.32964
C11 550.029 88.185234
C11 575.023 91.144966
C11 599.982 92.95387
C11 619.997 94.42548
C11 624.979 94.5686
C11 650.012 95.65891
C11 675.004 96.62556
C11 700.03 97.36311
C11 725.012 98.09561
C11 750.022 99.40573
C11 774.987 100.20805
C11 799.976 100.099655
C11 824.988 99.296005
C11 850.022 97.205124
C11 869.967 94.85111
C11 875.002 93.67409
C11 899.999 86.76855
C11 919.999 78.62621
C11 925.012 76.346085
C11 949.965 64.40081
C11 975.002 48.940964
C11 999.976 30.371582
C11 1025.028 14.709307
C11 1050.014 6.035526
C11 1075.002 3.3264132
C11 1099.99 2.2772214
C10 319.994 54.923866
C10 324.969 57.45284
C10 349.982 67.522446
C10 374.975 76.326
C10 400.019 82.82943
C10 424.965 82.89567
C10 450.035 83.191765
C10 475.003 82.950035
C10 500.018 84.08897
C10 525.002 85.778
C10 550.029 87.632774
C10 575.023 90.59385
C10 599.982 92.417755
C10 619.997 93.89645
C10 624.979 94.04114
C10 650.012 95.13877
C10 675.004 96.11448
C10 700.03 96.87206
C10 725.012 97.63349
C10 750.022 98.9811
C10 774.987 99.811554
C10 799.976 99.72327
C10 824.988 98.88944
C10 850.022 96.79838
C10 869.967 94.447655
C10 875.002 93.27662
C10 899.999 86.50432
C10 919.999 78.44302
C10 925.012 76.177536
C10 949.965 63.88263
C10 975.002 48.393814
C10 999.976 30.17044
C10 1025.028 14.566027
C10 1050.014 5.991309
C10 1075.002 3.3250854
C10 1099.99 2.259791
C07 319.994 56.231342
C07 324.969 58.82056
C07 349.982 69.103676
C07 374.975 78.08292
C07 400.019 84.65068
C07 424.965 84.678604
C07 450.035 84.95294
C07 475.003 84.68172
C07 500.018 85.8386
C07 525.002 87.57338
C07 550.029 89.46893
C07 575.023 92.492195
C07 599.982 94.35426
C07 619.997 95.86751
C07 624.979 96.01785
C07 650.012 97.144264
C07 675.004 98.10704
C07 700.03 98.783775
C07 725.012 99.24013
C07 750.022 100.242874
C07 774.987 100.7208
C07 799.976 100.461914
C07 824.988 99.61552
C07 850.022 97.39449
C07 869.967 95.12663
C07 875.002 94.0091
C07 899.999 87.60812
C07 919.999 79.43626
C07 925.012 77.04732
C07 949.965 63.731796
C07 975.002 47.778893
C07 999.976 29.978292
C07 1025.028 14.649609
C07 1050.014 6.093001
C07 1075.002 3.3695908
C07 1099.99 2.232751
C15 319.994 56.973907
C15 324.969 59.56732
C15 349.982 69.18396
C15 374.975 76.693855
C15 400.019 82.74202
C15 424.965 82.82408
C15 450.035 83.26128
C15 475.003 83.13233
C15 500.018 84.37561
C15 525.002 86.15582
C15 550.029 88.031494
C15 575.023 91.03767
C15 599.982 92.91402
C15 619.997 94.42495
C15 624.979 94.57114
C15 650.012 95.66946
C15 675.004 96.59856
C15 700.03 97.28405
C15 725.012 97.92061
C15 750.022 99.12964
C15 774.987 99.829025
C15 799.976 99.65174
C15 824.988 98.81293
C15 850.022 96.746284
C15 869.967 94.46396
C15 875.002 93.31095
C15 899.999 86.56486
C15 919.999 78.390625
C15 925.012 76.046
C15 949.965 63.930317
C15 975.002 48.514057
C15 999.976 30.02701
C15 1025.028 14.541466
C15 1050.014 5.97566
C15 1075.002 3.277641
C15 1099.99 2.267525
C02 319.994 57.176876
C02 324.969 59.77665
C02 349.982 69.38454
C02 374.975 76.91541
C02 400.019 82.99715
C02 424.965 83.07927
C02 450.035 83.534164
C02 475.003 83.42593
C02 500.018 84.68734
C02 525.002 86.50325
C02 550.029 88.41635
C02 575.023 91.44522
C02 599.982 93.32746
C02 619.997 94.83462
C02 624.979 94.98152
C02 650.012 96.063324
C02 675.004 96.98318
C02 700.03 97.562225
C02 725.012 97.902916
C02 750.022 98.74374
C02 774.987 99.07872
C02 799.976 98.74948
C02 824.988 97.9267
C02 850.022 95.70215
C02 869.967 93.493866
C02 875.002 92.388466
C02 899.999 86.06833
C02 919.999 78.29107
C02 925.012 76.04433
C02 949.965 63.51142
C02 975.002 47.803032
C02 999.976 29.863506
C02 1025.028 14.38618
C02 1050.014 6.004552
C02 1075.002 3.3225665
C02 1099.99 2.2554274
C16 319.994 57.4434
C16 324.969 60.047867
C16 349.982 69.51058
C16 374.975 76.65606
C16 400.019 82.59791
C16 424.965 82.69593
C16 450.035 83.183044
C16 475.003 83.10057
C16 500.018 84.37607
C16 525.002 86.18651
C16 550.029 88.09288
C16 575.023 91.11609
C16 599.982 92.99332
C16 619.997 94.495926
C16 624.979 94.64388
C16 650.012 95.71952
C16 675.004 96.62999
C16 700.03 97.295166
C16 725.012 97.909225
C16 750.022 99.09565
C16 774.987 99.779526
C16 799.976 99.58601
C16 824.988 98.738235
C16 850.022 96.66037
C16 869.967 94.375206
C16 875.002 93.22475
C16 899.999 86.45725
C16 919.999 78.27255
C16 925.012 75.933846
C16 949.965 63.84062
C16 975.002 48.450012
C16 999.976 29.969511
C16 1025.028 14.501817
C16 1050.014 5.9547663
C16 1075.002 3.2688122
C16 1099.99 2.260082
C05 319.994 56.128654
C05 324.969 58.70471
C05 349.982 68.68956
C05 374.975 77.11822
C05 400.019 83.45809
C05 424.965 83.485565
C05 450.035 83.80651
C05 475.003 83.57329
C05 500.018 84.7473
C05 525.002 86.49053
C05 550.029 88.36844
C05 575.023 91.378746
C05 599.982 93.25791
C05 619.997 94.77496
C05 624.979 94.927345
C05 650.012 96.0452
C05 675.004 97.00467
C05 700.03 97.63833
C05 725.012 98.04278
C05 750.022 98.95249
C05 774.987 99.351135
C05 799.976 99.05749
C05 824.988 98.22489
C05 850.022 95.980225
C05 869.967 93.760414
C05 875.002 92.64922
C05 899.999 86.30141
C05 919.999 78.4419
C05 925.012 76.14197
C05 949.965 63.29236
C05 975.002 47.44168
C05 999.976 29.695631
C05 1025.028 14.3545475
C05 1050.014 6.0251007
C05 1075.002 3.3272085
C05 1099.99 2.2292893
