lsstCam/transmission_filter_detector/r01_s00/g_6/19700101T000000.ecsv
# %ECSV 1.0
# ---
# datatype:
# - {name: wavelength, unit: nm, datatype: float32}
# - {name: efficiency, unit: '%', datatype: float64}
# meta: !!omap
# - {MODE: DETECTOR}
# - {TYPE: transmission_filter_detector}
# - {CALIBDATE: '1970-01-01T00:00:00'}
# - {INSTRUME: LSSTCam}
# - {OBSTYPE: transmission_filter_detector}
# - {CALIBCLS: lsst.ip.isr.IntermediateFilterDetectorTransmissionCurve}
# - {SOURCE: Materion (DM-46256)}
# - {DETECTOR: 0}
# - {FILTER: g_6}
# - {CALIB_ID: 'calibDate=1970-01-01T00:00:00 filter=g_6 detector=0'}
# - {DATE: '2025-04-02T15:59:42.030151'}
# - {CALIB_CREATION_DATE: '2025-04-02'}
# - {CALIB_CREATION_TIME: '15:59:42'}
# - __serialized_columns__:
#     efficiency:
#       __class__: astropy.units.quantity.Quantity
#       unit: !astropy.units.Unit {unit: '%'}
#       value: !astropy.table.SerializedColumn {name: efficiency}
#     wavelength:
#       __class__: astropy.units.quantity.Quantity
#       unit: !astropy.units.Unit {unit: nm}
#       value: !astropy.table.SerializedColumn {name: wavelength}
# schema: astropy-2.0
wavelength efficiency
[from data line 608]
908.0 0.0004258442459104117
909.0 0.0003715078037203057
910.0 0.0003113733100690297
911.0 0.00025123879368038615
912.0 0.0004092659310117597
913.0 0.0005672931365552358
914.0 0.0003564295411706553
915.0 0.00014556599126080982
916.0 0.00014954401876821066
917.0 0.00015352201216956018
918.0 0.00020372342532937182
919.0 0.00025392480438313214
920.0 0.00032556254154769704
921.0 0.0003972002559748944
922.0 0.0005436368155642413
923.0 0.0006900733751535881
924.0 0.0005732227236876497
925.0 0.000456371935797506
926.0 0.00048274087021127343
927.0 0.0005091099410492461
928.0 0.0005036476522946032
929.0 0.0004981854999641655
930.0 0.0005411369329522131
931.0 0.0005840884568897309
932.0 0.0005266462721920107
933.0 0.00046920408749429043
934.0 0.0004606840320775518
935.0 0.0004521639766608132
936.0 0.0005223831522016553
937.0 0.0005926023277424974
938.0 0.0007045280199236004
939.0 0.000816453575680498
940.0 0.0006779105206078384
941.0 0.0005393672836362384
942.0 0.0006773625500500202
943.0 0.000815357816463802
944.0 0.0006728729658789234
945.0 0.0005303880243445747
946.0 0.0004826828444493003
947.0 0.0004349775736045558
948.0 0.0008249569873441942
949.0 0.001214936582982773
950.0 0.0010595814273983706
951.0 0.0009042262718139682
952.0 0.0008519944458384998
953.0 0.0007997626198630314
954.0 0.0007516147888964042
955.0 0.0007034670034045121
956.0 0.0006822721843491308
957.0 0.0006610770924453391
958.0 0.0007399352853099117
959.0 0.0008187935236492194
960.0 0.0006535164175147656
961.0 0.0004882391294813715
962.0 0.0005624625373457093
963.0 0.0006366858542605769
964.0 0.0007191149052232504
965.0 0.0008015437742869835
966.0 0.0008371785952476785
967.0 0.0008728134162083734
968.0 0.0007787021786498372
969.0 0.000684590986566036
970.0 0.0007099965841916855
971.0 0.0007354022272920702
972.0 0.0008430511115875561
973.0 0.000950699995883042
974.0 0.0009194189260597341
975.0 0.0008881381290848367
976.0 0.000881376035977155
977.0 0.000874614306667354
978.0 0.0009620975106372498
979.0 0.0010495806236576755
980.0 0.0011171888218086679
981.0 0.0011847970199596602
982.0 0.0011115756933577359
983.0 0.0010383541848568711
984.0 0.0010208906132902484
985.0 0.0010034273145720363
986.0 0.0011846565030282363
987.0 0.0013658856005349662
988.0 0.0014307001947599929
989.0 0.001495514516136609
990.0 0.0015795611034263857
991.0 0.0016636076907161623
992.0 0.0016313746527885087
993.0 0.001599141614860855
994.0 0.0015783496564836241
995.0 0.0015575576981063932
996.0 0.0014422470485442318
997.0 0.0013269364899315406
998.0 0.0014125987945590168
999.0 0.001498261099186493
1000.0 0.0014250734238885343
1001.0 0.0013518855666916352
1002.0 0.0012742006219923496
1003.0 0.0011965157682425343
1004.0 0.001157021051767515
1005.0 0.0011175263352924958
1006.0 0.0013629989553010091
1007.0 0.0016084717572084628
1008.0 0.00161199459398631
1009.0 0.0016155179764609784
1010.0 0.0017283786291955039
1011.0 0.00184123964572791
1012.0 0.001997566687350627
1013.0 0.0021538939108722843
1014.0 0.002137852970918175
1015.0 0.002121812394761946
1016.0 0.0025064229703275487
1017.0 0.0028910340915899724
1018.0 0.0030823055567452684
1019.0 0.003273577385698445
1020.0 0.0033313350286334753
1021.0 0.0033890926715685055
1022.0 0.003645567994681187
1023.0 0.003902043681591749
1024.0 0.004068626731168479
1025.0 0.004235209780745208
1026.0 0.004305949914851226
1027.0 0.0043766900489572436
1028.0 0.004391850598040037
1029.0 0.00440701114712283
1030.0 0.004571575118461624
1031.0 0.004736138726002537
1032.0 0.005101671922602691
1033.0 0.005467205119202845
1034.0 0.005303552097757347
1035.0 0.0051398998039076105
1036.0 0.005266107109491713
1037.0 0.005392314415075816
1038.0 0.005653364132740535
1039.0 0.005914413486607373
1040.0 0.006395279342541471
1041.0 0.006876144470879808
1042.0 0.006956527067814022
1043.0 0.007036910392343998
1044.0 0.007367489160969853
1045.0 0.007698066474404186
1046.0 0.008653936674818397
1047.0 0.009609807602828369
1048.0 0.011098437244072556
1049.0 0.01258706470252946
1050.0 0.01491695293225348
1051.0 0.017246838251594454
1052.0 0.02090616326313466
1053.0 0.024565495550632477
1054.0 0.029326023650355637
1055.0 0.0340865517500788
1056.0 0.040924796485342085
1057.0 0.047763032489456236
1058.0 0.05546119064092636
1059.0 0.06315932841971517
1060.0 0.07059890776872635
1061.0 0.07803844637237489
1062.0 0.0853934558108449
1063.0 0.09274843614548445
1064.0 0.09803673019632697
1065.0 0.10332500096410513
1066.0 0.1085519790649414
1067.0 0.11377895716577768
1068.0 0.12027424527332187
1069.0 0.12676955666393042
1070.0 0.13697471003979445
1071.0 0.1471798401325941
1072.0 0.16043182695284486
1073.0 0.1736837555654347
1074.0 0.18801705446094275
1075.0 0.2023504115641117
1076.0 0.21591638214886189
1077.0 0.2294823992997408
1078.0 0.24338022340089083
1079.0 0.25727804750204086
1080.0 0.2743400866165757
1081.0 0.2914021024480462
1082.0 0.318195135332644
1083.0 0.34498819150030613
1084.0 0.3822155063971877
1085.0 0.419442867860198
1086.0 0.4548694472759962
1087.0 0.49029598012566566
1088.0 0.5543852224946022
1089.0 0.6184744648635387
1090.0 0.6960382219403982
1091.0 0.7736018858850002
1092.0 0.8034495636820793
1093.0 0.833296962082386
1094.0 0.8710525929927826
1095.0 0.9088078513741493
1096.0 0.9548884816467762
1097.0 1.0009693913161755
1098.0 1.0240726172924042
1099.0 1.0471760295331478
1100.0 1.2107815593481064
1101.0 1.3743866235017776
