lsstCam/transmission_filter_detector/r01_s00/g_6/19700101T000000.ecsv
# %ECSV 1.0
# ---
# datatype:
# - {name: wavelength, unit: nm, datatype: float32}
# - {name: efficiency, unit: '%', datatype: float64}
# meta: !!omap
# - {MODE: DETECTOR}
# - {TYPE: transmission_filter_detector}
# - {CALIBDATE: '1970-01-01T00:00:00'}
# - {INSTRUME: LSSTCam}
# - {OBSTYPE: transmission_filter_detector}
# - {CALIBCLS: lsst.ip.isr.IntermediateFilterDetectorTransmissionCurve}
# - {SOURCE: Materion (DM-46256)}
# - {DETECTOR: 0}
# - {FILTER: g_6}
# - {CALIB_ID: 'calibDate=1970-01-01T00:00:00 filter=g_6 detector=0'}
# - {DATE: '2025-04-02T15:59:42.030151'}
# - {CALIB_CREATION_DATE: '2025-04-02'}
# - {CALIB_CREATION_TIME: '15:59:42'}
# - __serialized_columns__:
#     efficiency:
#       __class__: astropy.units.quantity.Quantity
#       unit: !astropy.units.Unit {unit: '%'}
#       value: !astropy.table.SerializedColumn {name: efficiency}
#     wavelength:
#       __class__: astropy.units.quantity.Quantity
#       unit: !astropy.units.Unit {unit: nm}
#       value: !astropy.table.SerializedColumn {name: wavelength}
# schema: astropy-2.0
wavelength efficiency
300.0 0.5010101478546858
301.0 0.3712255973368883
302.0 0.2414410002529621
303.0 0.21636215969920158
304.0 0.19128331914544106
305.0 0.20330778788775206
306.0 0.21533225663006306
307.0 0.22023969795554876
308.0 0.22514716256409883
309.0 0.22218860685825348
310.0 0.21923005115240812
311.0 0.21045992616564035
312.0 0.20168984774500132
313.0 0.19843995105475187
314.0 0.1951900660060346
315.0 0.18565014470368624
316.0 0.1761102699674666
317.0 0.17653225222602487
318.0 0.1769542694091797
319.0 0.1586369820870459
320.0 0.14031969476491213
321.0 0.1380825648084283
322.0 0.13584543485194445
323.0 0.11566414032131433
324.0 0.09548288653604686
325.0 0.08633194374851882
326.0 0.07718100096099079
327.0 0.07055679452605546
328.0 0.06393258809112012
329.0 0.06179769989103079
330.0 0.05966281169094145
331.0 0.055355834774672985
332.0 0.05104886367917061
333.0 0.047403204371221364
334.0 0.04375754506327212
335.0 0.04230198101140559
336.0 0.04084641404915601
337.0 0.04161484248470515
338.0 0.04238327092025429
339.0 0.040927258669398725
340.0 0.039471249328926206
341.0 0.037604328827001154
342.0 0.03573741123545915
343.0 0.03215028846170753
344.0 0.02856316277757287
345.0 0.025450970861129463
346.0 0.022338777489494532
347.0 0.02099456323776394
348.0 0.019650347530841827
349.0 0.01809384411899373
350.0 0.6067862268537283
351.0 0.7562863174825907
352.0 0.3565070452168584
353.0 0.7219324354082346
354.0 0.555562786757946
355.0 1.0196870192885399
356.0 0.5597668699920177
357.0 0.675108190625906
358.0 0.6005542352795601
359.0 0.8757774718105793
360.0 0.6001561414450407
361.0 0.6274617277085781
362.0 0.524033373221755
363.0 0.6947821471840143
364.0 0.6844349205493927
365.0 0.7452742662280798
366.0 0.5055875517427921
367.0 0.5245442967861891
368.0 0.4320708569139242
369.0 0.5016212817281485
370.0 0.3225366584956646
371.0 0.5215364973992109
372.0 0.38510682061314583
373.0 0.6296542938798666
374.0 0.4916824400424957
375.0 0.5149742122739553
376.0 0.4503385163843632
377.0 0.4691056441515684
378.0 0.40842127054929733
379.0 0.3895759582519531
380.0 0.38370818365365267
381.0 0.44244066812098026
382.0 0.5326108541339636
383.0 0.5751771852374077
384.0 0.558044295758009
385.0 0.577677134424448
386.0 0.7145684212446213
387.0 0.8467409759759903
388.0 1.1100543662905693
389.0 1.4450598508119583
390.0 2.251581847667694
391.0 3.5574331879615784
392.0 5.51735945045948
393.0 8.717761933803558
394.0 12.919096648693085
395.0 18.500491976737976
396.0 25.278708338737488
397.0 33.51059556007385
398.0 42.77563989162445
399.0 52.38929986953735
400.0 61.79627776145935
401.0 70.21121978759766
402.0 77.67139077186584
403.0 83.36319327354431
404.0 87.1713399887085
405.0 89.95585441589355
406.0 91.40577912330627
407.0 92.55998730659485
408.0 93.19531917572021
409.0 93.3554470539093
410.0 93.33962202072144
411.0 93.06454658508301
412.0 92.6524817943573
413.0 92.49085783958435
414.0 92.43968725204468
415.0 92.77002811431885
416.0 93.27756762504578
417.0 93.70535612106323
418.0 94.13102865219116
419.0 94.71607208251953
420.0 95.22380232810974
421.0 95.74323892593384
422.0 95.66032886505127
423.0 95.87181210517883
424.0 95.60983180999756
425.0 95.51911354064941
426.0 95.4158067703247
427.0 95.37374377250671
428.0 95.30097842216492
429.0 95.16284465789795
430.0 95.15464901924133
431.0 95.2325701713562
432.0 95.28265595436096
433.0 95.36633491516113
434.0 95.39440870285034
435.0 95.45016288757324
436.0 95.52462697029114
437.0 95.49745321273804
438.0 95.57943344116211
439.0 95.77152132987976
440.0 95.73779702186584
441.0 95.89162468910217
442.0 95.74557542800903
443.0 95.61562538146973
444.0 95.51693201065063
445.0 95.2197253704071
446.0 95.15905380249023
447.0 95.07914185523987
448.0 95.1738178730011
449.0 95.42714357376099
450.0 95.70209980010986
451.0 95.95792889595032
452.0 96.03912234306335
453.0 96.19605541229248
454.0 96.21407985687256
455.0 96.48852348327637
456.0 96.57503962516785
457.0 96.7737078666687
458.0 96.73015475273132
459.0 96.74839973449707
460.0 96.73213362693787
461.0 96.82749509811401
462.0 96.70957922935486
463.0 96.56416773796082
464.0 96.70161008834839
465.0 96.56169414520264
466.0 96.55399918556213
467.0 96.53085470199585
468.0 96.6043472290039
469.0 96.67061567306519
470.0 96.46015763282776
471.0 96.35582566261292
472.0 96.38419151306152
473.0 96.25329375267029
474.0 96.23934626579285
475.0 96.2931215763092
476.0 96.37445211410522
477.0 96.45880460739136
478.0 96.65076732635498
479.0 96.56704068183899
480.0 96.76620364189148
481.0 96.82127833366394
482.0 97.02956676483154
483.0 96.94629311561584
484.0 97.10730314254761
485.0 97.08089232444763
486.0 97.1638560295105
487.0 97.13612794876099
488.0 97.17535972595215
489.0 97.26154804229736
490.0 97.25403189659119
491.0 97.29953408241272
492.0 97.272127866745
493.0 97.26479053497314
494.0 97.17320203781128
495.0 97.31273651123047
496.0 97.09599018096924
497.0 97.03255295753479
498.0 96.858811378479
499.0 96.91376090049744
500.0 96.86354994773865
501.0 96.82139754295349
502.0 96.81123495101929
503.0 96.96578979492188
504.0 96.8053936958313
505.0 96.80525660514832
506.0 96.83651328086853
507.0 96.74458503723145
508.0 96.74156308174133
509.0 96.76096439361572
510.0 96.70175909996033
511.0 96.71607613563538
512.0 96.62424921989441
513.0 96.74948453903198
514.0 96.6895341873169
515.0 96.76634073257446
516.0 96.83764576911926
517.0 96.86254262924194
518.0 96.91832661628723
519.0 96.93182706832886
520.0 96.95669412612915
521.0 97.02755212783813
522.0 97.03330397605896
523.0 96.92791104316711
524.0 96.9979465007782
525.0 96.92249894142151
526.0 97.03771471977234
527.0 97.02566266059875
528.0 97.10841178894043
529.0 97.15695977210999
530.0 97.18440175056458
531.0 97.27663993835449
532.0 97.14655876159668
533.0 97.05930948257446
534.0 96.9302237033844
535.0 96.59327268600464
536.0 95.97983360290527
537.0 95.053231716156
538.0 93.84914040565491
539.0 91.84241890907288
540.0 89.46198225021362
541.0 85.99207401275635
542.0 82.59385824203491
543.0 78.21800112724304
544.0 73.02227020263672
545.0 68.61193776130676
546.0 63.65010738372803
547.0 59.414100646972656
548.0 55.51501512527466
549.0 52.267855405807495
550.0 49.82067346572876
551.0 47.311580181121826
552.0 45.06267607212067
553.0 42.205700278282166
554.0 38.5154664516449
555.0 34.32633578777313
556.0 29.00371551513672
557.0 23.333807289600372
558.0 17.763149738311768
559.0 12.83978670835495
560.0 8.664367347955704
561.0 5.2683137357234955
562.0 3.0545229092240334
563.0 1.6235318034887314
564.0 0.8236853405833244
565.0 0.3895310452207923
566.0 0.23046380374580622
567.0 0.11961678974330425
568.0 0.09630256099626422
569.0 0.060014636255800724
570.0 0.0460749288322404
571.0 0.03241807280573994
572.0 0.049187196418643
573.0 0.028451881371438503
574.0 0.02838371437974274
575.0 0.02962607250083238
576.0 0.02519538684282452
577.0 0.01449086848879233
578.0 0.02307820977875963
579.0 0.02081320999423042
580.0 0.02374810428591445
581.0 0.015448669728357345
582.0 0.02635075943544507
583.0 0.01325092016486451
584.0 0.019035399600397795
585.0 0.013467323151417077
586.0 0.017552237841300666
587.0 0.0034105771192116663
588.0 0.02601809974294156
589.0 0.004664074367610738
590.0 0.005035287540522404
591.0 0.012676390178967267
592.0 0.010876023588934913
593.0 0.008006223652046174
594.0 0.011706620716722682
595.0 0.007015498704276979
596.0 0.003924489647033624
597.0 0.018597429152578115
598.0 0.01451006974093616
599.0 0.014132274372968823
600.0 0.0035033299354836345
601.0 0.0023101718397811055
602.0 0.002393885915807914
603.0 0.0024775999918347225
604.0 0.0022479262042907067
605.0 0.0020182527805445716
606.0 0.002007964940275997
607.0 0.001997676918108482
608.0 0.0018177395759266801
609.0 0.001637802597542759
610.0 0.001745388908602763
611.0 0.001852975219662767
612.0 0.001786480970622506
613.0 0.0017199865396833047
614.0 0.0017651253074291162
615.0 0.0018102644389728084
616.0 0.0019078837794950232
617.0 0.0020055029381182976
618.0 0.0018469203496351838
619.0 0.00168833776115207
620.0 0.0016895060980459675
621.0 0.0016906742530409247
622.0 0.0015379775504698046
623.0 0.0013852803022018634
624.0 0.0013783148460788652
625.0 0.0013713494809053373
626.0 0.001325600351265166
627.0 0.0012798514944734052
628.0 0.0013818100342177786
629.0 0.0014837689377600327
630.0 0.0013802360626868904
631.0 0.0012767030057148077
632.0 0.00139303492687759
633.0 0.0015093665751919616
634.0 0.0014227034625946544
635.0 0.0013360400771489367
636.0 0.0013154094631318003
637.0 0.0012947793038620148
638.0 0.001170666109828744
639.0 0.001046552733896533
640.0 0.001055060693033738
641.0 0.0010635683793225326
642.0 0.001285695361730177
643.0 0.0015078226169862319
644.0 0.001399442771798931
645.0 0.00129106283566216
646.0 0.0012415861419867724
647.0 0.0011921096302103251
648.0 0.0010724753337854054
649.0 0.0009528409464110155
650.0 0.0012012186743959319
651.0 0.0014495958566840272
652.0 0.001187719408335397
653.0 0.0009258429599867668
654.0 0.0010455237315909471
655.0 0.0011652046850940678
656.0 0.0011871567949128803
657.0 0.0012091088137822226
658.0 0.001089115539798513
659.0 0.0009691227205621544
660.0 0.0008917923878470901
661.0 0.0008144620551320259
662.0 0.000979684500634903
663.0 0.0011449071280367207
664.0 0.001160749434347963
665.0 0.0011765913768613245
666.0 0.0011066736988141201
667.0 0.0010367557479185052
668.0 0.0011279968020971864
669.0 0.0012192378562758677
670.0 0.0011604272003751248
671.0 0.001101616544474382
672.0 0.001122727098845644
673.0 0.0011438374713179655
674.0 0.0011235651982133277
675.0 0.0011032927432097495
676.0 0.001021407479129266
677.0 0.0009395218512509018
678.0 0.0010921897228399757
679.0 0.0012448575944290496
680.0 0.0010728266715887003
681.0 0.0009007955668494105
682.0 0.0009483665053267032
683.0 0.0009959373528545257
684.0 0.0008744518709136173
685.0 0.0007529662525485037
686.0 0.0009524056622467469
687.0 0.001151845026470255
688.0 0.0011080430340371095
689.0 0.001064241132553434
690.0 0.0009573936040396802
691.0 0.0008505461664753966
692.0 0.0008542828254576307
693.0 0.0008580194844398648
694.0 0.0009821912499319296
695.0 0.0011063628335250542
696.0 0.001106190393329598
697.0 0.0011060176802857313
698.0 0.0012492985661083367
699.0 0.001392579451930942
700.0 0.0011965163139393553
701.0 0.0010004529940488283
702.0 0.001091819467546884
703.0 0.0011831857591459993
704.0 0.0012045888070133515
705.0 0.0012259914001333527
706.0 0.0011474133316369262
707.0 0.0010688352631404996
708.0 0.0009930118721968029
709.0 0.0009171884812531061
710.0 0.0010644469512044452
711.0 0.001211705784953665
712.0 0.0011210044249310158
713.0 0.0010303033377567772
714.0 0.0011324112165311817
715.0 0.0012345193681539968
716.0 0.00143895786095527
717.0 0.001643396717554424
718.0 0.001909988532133866
719.0 0.0021765803467133082
720.0 0.0018371165424468927
721.0 0.001497652647231007
722.0 0.0015736841305624694
723.0 0.0016497160686412826
724.0 0.0016357897038687952
725.0 0.0016218631571973674
726.0 0.0017299267710768618
727.0 0.0018379903849563561
728.0 0.0018767426809063181
729.0 0.0019154949768562801
730.0 0.0018923044990515336
731.0 0.0018691140212467872
732.0 0.0018200409613200463
733.0 0.0017709680832922459
734.0 0.0015724328477517702
735.0 0.0013738979760091752
736.0 0.0012299027730477974
737.0 0.0010859073881874792
738.0 0.0011394471584935673
739.0 0.0011929869287996553
740.0 0.001043062366079539
741.0 0.0008931374395615421
742.0 0.0008732715286896564
743.0 0.0008534055268683005
744.0 0.000992751392914215
745.0 0.0011320976227580104
746.0 0.0011452588296378963
747.0 0.0011584200365177821
748.0 0.0012362111192487646
749.0 0.0013140022929292172
750.0 0.0011286610970273614
751.0 0.0009433203558728565
752.0 0.0008251557119365316
753.0 0.0007069913408486173
754.0 0.0008321128916577436
755.0 0.00095723444246687
756.0 0.0008514226465194952
757.0 0.00074561066867318
758.0 0.0008074502147792373
759.0 0.0008692900337337051
760.0 0.0006879186457808828
761.0 0.0005065472123533254
762.0 0.0005586144197877729
763.0 0.0006106815362727502
764.0 0.0007352761258516693
765.0 0.0008598709428042639
766.0 0.0007156281299103284
767.0 0.0005713854079658631
768.0 0.0005275548119243467
769.0 0.00048372417040809523
770.0 0.00044258672460273374
771.0 0.00040144932427210733
772.0 0.0005841982329002349
773.0 0.0007669473234273028
774.0 0.0008236828762164805
775.0 0.0008804185199551284
776.0 0.0008703735147719271
777.0 0.0008603284186392557
778.0 0.0007975024345796555
779.0 0.0007346764959947905
780.0 0.0006966027285670862
781.0 0.0006585289156646468
782.0 0.0006244455562409712
783.0 0.0005903620603930904
784.0 0.0006838128683739342
785.0 0.0007772636308800429
786.0 0.000722975983080687
787.0 0.0006686886990792118
788.0 0.0004014258593088016
789.0 0.00013416316733128042
790.0 0.00018709421283347183
791.0 0.00024002522422961192
792.0 0.0003240299065510044
793.0 0.0004080345661350293
794.0 0.00032010757422540337
795.0 0.00023218055957840988
796.0 0.0004042893124278635
797.0 0.0005763980425399495
798.0 0.0005307627361617051
799.0 0.00048512747525819577
800.0 0.00048634715312800836
801.0 0.0004875669674220262
802.0 0.0003969253612012835
803.0 0.000306283845930011
804.0 0.00029998809623066336
805.0 0.00029369241474341834
806.0 0.00031150384529610164
807.0 0.00032931527584878495
808.0 0.00038757680158596486
809.0 0.0004458383500605123
810.0 0.00037336749301175587
811.0 0.00030089659048826434
812.0 0.00029071989047224633
813.0 0.00028054314498149324
814.0 0.0003319145207569818
815.0 0.00038328594200720545
816.0 0.00043017093958042096
817.0 0.0004770558462041663
818.0 0.000368959695151716
819.0 0.00026086361231136834
820.0 0.000427142276748782
821.0 0.0005934208729740931
822.0 0.0004407696906127967
823.0 0.0002881185082515003
824.0 0.000373434249922866
825.0 0.0004587499461194966
826.0 0.0006251493687159382
827.0 0.0007915486094134394
828.0 0.0006726499577780487
829.0 0.0005537511242437176
830.0 0.0004326451744418591
831.0 0.00031153920190263307
832.0 0.0004865753908234183
833.0 0.0006616115115321008
834.0 0.0005635715751850512
835.0 0.0004655316843127366
836.0 0.0005113541647006059
837.0 0.0005571767360379454
838.0 0.0005262236300040968
839.0 0.0004952705694449833
840.0 0.0005441513167170342
841.0 0.0005930319275648799
842.0 0.00031291642699216027
843.0 3.280081557477388e-05
844.0 5.5967922207855736e-05
845.0 7.913502599876665e-05
846.0 0.000429101373811136
847.0 0.0007790677955199499
848.0 0.000663628179609077
849.0 0.0005481886546476744
850.0 0.0005027085535402875
851.0 0.00045722845243290067
852.0 0.0005585467079072259
853.0 0.0006598645995836705
854.0 0.000641511633148184
855.0 0.0006231584393390222
856.0 0.0005329235591489123
857.0 0.00044268876990827266
858.0 0.0005296769359119935
859.0 0.0006166651019157143
860.0 0.0005933697138971183
861.0 0.0005700743258785224
862.0 0.0005793978743895423
863.0 0.0005887214683752973
864.0 0.0005170128133613616
865.0 0.00044530420382216107
866.0 0.0004618000275513623
867.0 0.0004782959422300337
868.0 0.0006534031399496598
869.0 0.0008285102921945509
870.0 0.0006033134013705421
871.0 0.00037811628317285795
872.0 0.0003317701157357078
873.0 0.00028542383461171994
874.0 0.0004201066985842772
875.0 0.000554789585294202
876.0 0.0006480315732915187
877.0 0.0007412735158141004
878.0 0.0007157292657211656
879.0 0.0006901849701534957
880.0 0.0006429225322790444
881.0 0.0005956603672530036
882.0 0.0005293992217048071
883.0 0.00046313834900502115
884.0 0.0005143886028236011
885.0 0.0005656390385411214
886.0 0.0006797220066800946
887.0 0.0007938051567180082
888.0 0.0006310284334176686
889.0 0.0004682518465415342
890.0 0.0005052482720202534
891.0 0.0005422448793979129
892.0 0.000517060198035324
893.0 0.0004918756076222053
894.0 0.0004852114216191694
895.0 0.00047854728109086864
896.0 0.00031606782613380346
897.0 0.00015358831433331943
898.0 0.00028548263344418956
899.0 0.00041737689571164083
900.0 0.00035758564536081394
901.0 0.00029779434953525197
902.0 0.000524080451214104
903.0 0.000750366552892956
904.0 0.0004193536824459443
905.0 8.834072104946245e-05
906.0 0.0002842607500497252
