lsstCam/transmission_sensor/r41_s21/19700101T000000.ecsv
# %ECSV 1.0
# ---
# datatype:
# - {name: amp_name, datatype: string}
# - {name: wavelength, unit: nm, datatype: float32}
# - {name: efficiency, unit: '%', datatype: float64}
# meta: !!omap
# - {MODE: AMP}
# - {TYPE: transmission_sensor}
# - {CALIBDATE: '1970-01-01T00:00:00'}
# - {INSTRUME: LSSTCam}
# - {OBSTYPE: transmission_sensor}
# - {DETECTOR: 169}
# - {PARQUETFILE: qe_raft_allvalues_nircorrected_20230725_adjust.parquet}
# - {CORRFILE: qe_corr_factor_bydetnum.parquet}
# - {CALIBCLS: lsst.ip.isr.IntermediateSensorTransmissionCurve}
# - {CALIB_ID: 'raftName=R41 detectorName=S21 detector=169 calibDate=1970-01-01T00:00:00 ccd=169 ccdnum=169 filter=None'}
# - {DATE: '2025-03-03T21:56:48.337567'}
# - {CALIB_CREATION_DATE: '2025-03-03'}
# - {CALIB_CREATION_TIME: '21:56:48'}
# - __serialized_columns__:
#     efficiency:
#       __class__: astropy.units.quantity.Quantity
#       unit: !astropy.units.Unit {unit: '%'}
#       value: !astropy.table.SerializedColumn {name: efficiency}
#     wavelength:
#       __class__: astropy.units.quantity.Quantity
#       unit: !astropy.units.Unit {unit: nm}
#       value: !astropy.table.SerializedColumn {name: wavelength}
# schema: astropy-2.0
amp_name wavelength efficiency
C00 319.994 45.5222306859387
C00 324.969 46.820674913698355
C00 349.982 54.68133134264739
C00 374.975 70.144925172361
C00 400.019 83.63506945415054
C00 424.965 85.62185709212977
C00 450.035 85.95935598438993
C00 475.003 86.2532611755376
C00 500.018 86.59813746337065
C00 525.002 86.54690261914182
C00 550.029 88.15219073896705
C00 575.023 89.3388587578068
C00 599.982 90.5129422510013
C00 619.997 92.00518817369803
C00 624.979 92.10153138350324
C00 650.012 93.43024629360842
C00 675.004 94.55108292559966
C00 700.03 95.36253615346396
C00 725.012 96.14733580815023
C00 750.022 97.13476893265758
C00 774.987 98.75822549040541
C00 799.976 98.42927955419756
C00 824.988 98.15343730195511
C00 850.022 96.54397443529905
C00 869.967 93.89427618593423
C00 875.002 93.06208486550959
C00 899.999 86.07099655171604
C00 919.999 78.49397423100778
C00 925.012 75.2414470606584
C00 949.965 62.8808506154385
C00 975.002 47.01273964267062
C00 999.976 29.690496151147535
C00 1025.028 14.205424793796372
C00 1050.014 5.580835850626593
C00 1075.002 0.9253878866653784
C00 1099.99 0.09181613597855842
C01 319.994 45.30587857603549
C01 324.969 46.54937288702551
C01 349.982 54.225311839998774
C01 374.975 69.74482768457078
C01 400.019 83.45741664451755
C01 424.965 85.57064485483323
C01 450.035 85.89535575905745
C01 475.003 86.10064931124545
C01 500.018 86.37998810234983
C01 525.002 86.30892697849663
C01 550.029 87.89528556034527
C01 575.023 89.09978291312318
C01 599.982 90.30639778189288
C01 619.997 91.81519951467503
C01 624.979 91.92256737179702
C01 650.012 93.27259308341405
C01 675.004 94.40655680742569
C01 700.03 95.2295320351173
C01 725.012 96.02724778378919
C01 750.022 97.01514058258657
C01 774.987 98.63521363613397
C01 799.976 98.31038969724825
C01 824.988 98.02708715734782
C01 850.022 96.3956202099228
C01 869.967 93.77500954677997
C01 875.002 92.9546944014553
C01 899.999 86.0400401257575
C01 919.999 78.45895609287992
C01 925.012 75.16003196181323
C01 949.965 62.569609675041164
C01 975.002 46.770611862126906
C01 999.976 29.701343710827988
C01 1025.028 14.223402014749956
C01 1050.014 5.59144839240671
C01 1075.002 0.9242481984326889
C01 1099.99 0.09170305715912103
C02 319.994 45.24151663978626
C02 324.969 46.42972193002221
C02 349.982 53.93307956184107
C02 374.975 69.56602192139063
C02 400.019 83.59210874714238
C02 424.965 85.88555188608471
C02 450.035 86.26947788163857
C02 475.003 86.47327184065087
C02 500.018 86.716650538115
C02 525.002 86.59770039601291
C02 550.029 88.14067627478383
C02 575.023 89.30535528414283
C02 599.982 90.48135283093846
C02 619.997 91.971375738626
C02 624.979 92.07902995022374
C02 650.012 93.42710393001914
C02 675.004 94.56183628972887
C02 700.03 95.39735082920116
C02 725.012 96.20982136901883
C02 750.022 97.21641010082571
C02 774.987 98.84710841255264
C02 799.976 98.5370694073891
C02 824.988 98.26798662790341
C02 850.022 96.63362599314438
C02 869.967 94.00453019474612
C02 875.002 93.18280588397494
C02 899.999 86.2757852157494
C02 919.999 78.6796298946739
C02 925.012 75.36986950739289
C02 949.965 62.673605331428874
C02 975.002 46.85970578230892
C02 999.976 29.80509445878248
C02 1025.028 14.246841635719774
C02 1050.014 5.591789380302188
C02 1075.002 0.9261655371328712
C02 1099.99 0.09189329374353025
C03 319.994 45.126647048963754
C03 324.969 46.259947636294676
C03 349.982 53.5644735307404
C03 374.975 69.25417436164334
C03 400.019 83.54465679625122
C03 424.965 86.00938512556293
C03 450.035 86.46231501413098
C03 475.003 86.66838473766116
C03 500.018 86.87943552194076
C03 525.002 86.71263403981025
C03 550.029 88.19897201753339
C03 575.023 89.303388481033
C03 599.982 90.43565668512237
C03 619.997 91.90067632568955
C03 624.979 92.00476617762848
C03 650.012 93.3389670366377
C03 675.004 94.47134827538855
C03 700.03 95.31414978270453
C03 725.012 96.13784089658554
C03 750.022 97.16270356533242
C03 774.987 98.81294180220796
C03 799.976 98.520460847795
C03 824.988 98.26982532506355
C03 850.022 96.653090561852
C03 869.967 94.02157582169798
C03 875.002 93.20172788630742
C03 899.999 86.3171483662086
C03 919.999 78.7550164782399
C03 925.012 75.44732085744201
C03 949.965 62.75812134782077
C03 975.002 46.90653227473987
C03 999.976 29.842878178294672
C03 1025.028 14.265108037015654
C03 1050.014 5.589603572535734
C03 1075.002 0.9256537129434494
C03 1099.99 0.09184251101765904
C04 319.994 44.96826664911384
C04 324.969 46.055667628238
C04 349.982 53.193746215825875
C04 374.975 68.9229677322058
C04 400.019 83.43759790053727
C04 424.965 86.04670917078509
C04 450.035 86.53418998754687
C04 475.003 86.72350797424505
C04 500.018 86.89459723786787
C04 525.002 86.69047924615931
C04 550.029 88.14653900589282
C04 575.023 89.2257562755255
C04 599.982 90.34268944387348
C04 619.997 91.80229095633351
C04 624.979 91.90737551329352
C04 650.012 93.24055906034937
C04 675.004 94.38083011847183
C04 700.03 95.22845443801116
C04 725.012 96.07139158692091
C04 750.022 97.1186727968622
C04 774.987 98.79104322045637
C04 799.976 98.51853925854975
C04 824.988 98.28739091145823
C04 850.022 96.68908079806863
C04 869.967 94.05530536468493
C04 875.002 93.23148614485423
C04 899.999 86.39816407591653
C04 919.999 78.85804380436089
C04 925.012 75.54337017712737
C04 949.965 62.822366481586464
C04 975.002 46.980204499273356
C04 999.976 29.887768010192183
C04 1025.028 14.274546431249602
C04 1050.014 5.6308588690887635
C04 1075.002 0.9252340367881455
C04 1099.99 0.09180087113507834
C05 319.994 44.73045679263884
C05 324.969 45.780296353751716
C05 349.982 52.78190065888536
C05 374.975 68.52947900429037
C05 400.019 83.20473896223528
C05 424.965 85.92194151143859
C05 450.035 86.42558628479264
C05 475.003 86.5803307363648
C05 500.018 86.70300348665178
C05 525.002 86.46514841631219
C05 550.029 87.89682283174146
C05 575.023 88.96813521071434
C05 599.982 90.08558080286103
C05 619.997 91.54986948595062
C05 624.979 91.65353734182003
C05 650.012 92.99259115562897
C05 675.004 94.1374062071431
C05 700.03 94.99988328120146
C05 725.012 95.86456829898083
C05 750.022 96.93790776621633
C05 774.987 98.63150609923727
C05 799.976 98.37920519915997
C05 824.988 98.15913424889392
C05 850.022 96.56878177567282
C05 869.967 93.9169132608075
C05 875.002 93.08789444654853
C05 899.999 86.33056181270474
C05 919.999 78.79404357902841
C05 925.012 75.48853329501924
C05 949.965 62.70057540165906
C05 975.002 46.970272520350925
C05 999.976 29.824658874774407
C05 1025.028 14.231248504167999
C05 1050.014 5.704071419332218
C05 1075.002 0.9235116797385077
C05 1099.99 0.09162998045091018
C06 319.994 44.664143124567985
C06 324.969 45.67378756005701
C06 349.982 52.53868020994731
C06 374.975 68.32360520750676
C06 400.019 83.1828177735514
C06 424.965 86.02930183291649
C06 450.035 86.57071525449453
C06 475.003 86.71547497763557
C06 500.018 86.80920331893844
C06 525.002 86.53458937668411
C06 550.029 87.92630227145659
C06 575.023 88.96518123822754
C06 599.982 90.05557386805897
C06 619.997 91.49725561885167
C06 624.979 91.60379455512278
C06 650.012 92.9343481623881
C06 675.004 94.07441575811988
C06 700.03 94.94937939445023
C06 725.012 95.84034873884677
C06 750.022 96.94846520359896
C06 774.987 98.67876212338186
C06 799.976 98.44826937732695
C06 824.988 98.21929129573591
C06 850.022 96.62790643927327
C06 869.967 94.02362551689289
C06 875.002 93.2185700508686
C06 899.999 86.56380506885579
C06 919.999 78.89096703342925
C06 925.012 75.543950421723
C06 949.965 62.46970964122124
C06 975.002 47.023508078088035
C06 999.976 29.810874297806386
C06 1025.028 14.253649148207671
C06 1050.014 5.827180765999184
C06 1075.002 0.923611949396746
C06 1099.99 0.09163992911428473
C07 319.994 44.38986451847605
C07 324.969 45.381788886866374
C07 349.982 52.20024312999683
C07 374.975 68.0992841539689
C07 400.019 83.1487792691564
C07 424.965 86.09202853439623
C07 450.035 86.65620713679724
C07 475.003 86.78866115312468
C07 500.018 86.84495241454391
C07 525.002 86.52697084050006
C07 550.029 87.8813898326268
C07 575.023 88.88579322764498
C07 599.982 89.9523430795473
C07 619.997 91.37734091430491
C07 624.979 91.48447516645983
C07 650.012 92.80276074513205
C07 675.004 93.9379527791318
C07 700.03 94.82162008439646
C07 725.012 95.74140573182741
C07 750.022 96.89179715997477
C07 774.987 98.6595989804382
C07 799.976 98.4479302733425
C07 824.988 98.22123549191345
C07 850.022 96.62975267207752
C07 869.967 94.09261433861887
C07 875.002 93.31605867857687
C07 899.999 86.62333665723757
C07 919.999 78.90013791229768
C07 925.012 75.51504369095937
C07 949.965 62.35229300269329
C07 975.002 47.17123684500406
C07 999.976 29.788915430902012
C07 1025.028 14.379818437356574
C07 1050.014 5.8849306455293275
C07 1075.002 0.9230717173919359
C07 1099.99 0.09158632779106844
C10 319.994 45.20468241143055
C10 324.969 46.45769047309551
C10 349.982 54.16924288008045
C10 374.975 69.71067614551428
C10 400.019 83.4070107211396
C10 424.965 85.53133139956896
C10 450.035 85.8856423138139
C10 475.003 86.12459005254784
C10 500.018 86.42683720171307
C10 525.002 86.34445000477913
C10 550.029 87.90560939276085
C10 575.023 89.06753789202372
C10 599.982 90.22440243845209
C10 619.997 91.68960293447765
C10 624.979 91.78901315143113
C10 650.012 93.11108162344102
C10 675.004 94.23255124953658
C10 700.03 95.12485440293864
C10 725.012 96.16234681119536
C10 750.022 97.48244848009543
C10 774.987 99.45262002283644
C10 799.976 99.25452301076297
C10 824.988 98.88885588086089
C10 850.022 97.28307040852512
C10 869.967 94.55249209104616
C10 875.002 93.68974373380023
C10 899.999 86.3236365557778
C10 919.999 78.1900541688526
C10 925.012 74.89513146480246
C10 949.965 62.781252007382534
C10 975.002 47.40733987809065
C10 999.976 29.714267340457706
C10 1025.028 14.266474814464104
C10 1050.014 5.5764764805153435
C10 1075.002 0.9286972558906276
C10 1099.99 0.09214448855283261
C11 319.994 45.120396232183666
C11 324.969 46.33540957630167
C11 349.982 53.93191153700573
C11 374.975 69.60227590515073
C11 400.019 83.52487573049144
C11 424.965 85.75731029480859
C11 450.035 86.12069412454869
C11 475.003 86.32235549628098
C11 500.018 86.57839407583137
C11 525.002 86.45538975720403
C11 550.029 87.98336970421802
C11 575.023 89.12536642483914
C11 599.982 90.2750947163058
C11 619.997 91.74075488662139
C11 624.979 91.84206408588783
C11 650.012 93.16626514517772
C11 675.004 94.29158548540784
C11 700.03 95.19502632078816
C11 725.012 96.24227738815304
C11 750.022 97.57167804187122
C11 774.987 99.54850355835163
C11 799.976 99.34568169742809
C11 824.988 98.97029358663836
C11 850.022 97.3492107567817
C11 869.967 94.61915239874557
C11 875.002 93.75840852282997
C11 899.999 86.41709361389312
C11 919.999 78.32479902098612
C11 925.012 74.98752599709982
C11 949.965 62.62692578405786
C11 975.002 47.33923649454629
C11 999.976 29.739204670692192
C11 1025.028 14.275612724889607
C11 1050.014 5.568997353747125
C11 1075.002 0.9295472677643966
C11 1099.99 0.09222882595005812
C12 319.994 44.95457438378603
C12 324.969 46.116909807830254
C12 349.982 53.5358343153423
C12 374.975 69.2906619503705
C12 400.019 83.49377612729504
C12 424.965 85.89032948444346
C12 450.035 86.29360701404345
C12 475.003 86.47563803289793
C12 500.018 86.68809798262404
C12 525.002 86.52254741741397
C12 550.029 88.01492898170447
C12 575.023 89.12926988848241
C12 599.982 90.2621334084556
C12 619.997 91.72750722429542
C12 624.979 91.82652558775577
C12 650.012 93.14878998651223
C12 675.004 94.2846074789722
C12 700.03 95.19735483481473
C12 725.012 96.26028757754956
C12 750.022 97.60879108905861
C12 774.987 99.59767363609734
C12 799.976 99.41113630207167
C12 824.988 99.04845328723277
C12 850.022 97.43252483793981
C12 869.967 94.7066336910904
C12 875.002 93.84799225987841
C12 899.999 86.5245066848797
C12 919.999 78.42114976643543
C12 925.012 75.06664272449481
C12 949.965 62.64834208458711
C12 975.002 47.367012878695064
C12 999.976 29.794099954042096
C12 1025.028 14.290383529279081
C12 1050.014 5.568544273145675
C12 1075.002 0.929900695022594
C12 1099.99 0.0922638926779295
C13 319.994 44.83486690945199
C13 324.969 45.95046250097241
C13 349.982 53.207238786585066
C13 374.975 69.05030504619005
C13 400.019 83.5222759332773
C13 424.965 86.07145622600608
C13 450.035 86.51331625339274
C13 475.003 86.67227313001622
C13 500.018 86.84459823927126
C13 525.002 86.63716456415916
C13 550.029 88.09916241144266
C13 575.023 89.19506359711043
C13 599.982 90.32419697325463
C13 619.997 91.78633046213191
C13 624.979 91.88565778700031
C13 650.012 93.21381505944217
C13 675.004 94.3550356087211
C13 700.03 95.28051066744678
C13 725.012 96.35880105285527
C13 750.022 97.72688216773342
C13 774.987 99.74212439783032
C13 799.976 99.5712461322423
C13 824.988 99.2180052794594
C13 850.022 97.62011716213935
C13 869.967 94.9163506663645
C13 875.002 94.06157502057526
C13 899.999 86.74221897854278
C13 919.999 78.62168832719698
C13 925.012 75.2501507295927
C13 949.965 62.79837299077537
C13 975.002 47.48306556564111
C13 999.976 29.88994957915883
C13 1025.028 14.356255420214636
C13 1050.014 5.589181105488436
C13 1075.002 0.9310255543712661
C13 1099.99 0.0923755001891177
C14 319.994 44.60458516143185
C14 324.969 45.66874244633275
C14 349.982 52.73088058051335
C14 374.975 68.56291465715745
C14 400.019 83.22394731904353
C14 424.965 85.91913071618968
C14 450.035 86.40867629943457
C14 475.003 86.56541769669296
C14 500.018 86.70710287704162
C14 525.002 86.45832865840262
C14 550.029 87.88016905828276
C14 575.023 88.94137613851892
C14 599.982 90.03995247784182
C14 619.997 91.49023239855144
C14 624.979 91.58426970126237
C14 650.012 92.9024723878495
C14 675.004 94.04726483243134
C14 700.03 94.9779018073648
C14 725.012 96.06965085313405
C14 750.022 97.45473238109945
C14 774.987 99.48499314988558
C14 799.976 99.336231999728
C14 824.988 98.9996976699125
C14 850.022 97.42056577075476
C14 869.967 94.73966241917616
C14 875.002 93.89189492239896
C14 899.999 86.65124114733602
C14 919.999 78.54437261874163
C14 925.012 75.16453827698442
C14 949.965 62.66466052188341
C14 975.002 47.398398836367235
C14 999.976 29.840199256817492
C14 1025.028 14.356339254255236
C14 1050.014 5.595680598523789
C14 1075.002 0.9284326545894602
C14 1099.99 0.092118235054815
C15 319.994 44.42007114784674
C15 324.969 45.449406221366345
C15 349.982 52.381471602754786
C15 374.975 68.25668868790798
C15 400.019 83.12321836437273
C15 424.965 85.94129304548473
C15 450.035 86.44455350098973
C15 475.003 86.56204172813662
C15 500.018 86.66613911571967
C15 525.002 86.39652130550294
C15 550.029 87.81689225478378
C15 575.023 88.8936076905756
C15 599.982 90.00800134686223
C15 619.997 91.46425703334232
C15 624.979 91.56320757600578
C15 650.012 92.88892329975957
C15 675.004 94.03985729428206
C15 700.03 94.98476677913895
C15 725.012 96.09910768591689
C15 750.022 97.51328433574838
C15 774.987 99.57001782225416
C15 799.976 99.43470779681321
C15 824.988 99.10306410001795
C15 850.022 97.50623850851585
C15 869.967 94.83296876440949
C15 875.002 93.98739414006509
C15 899.999 86.80722898018452
C15 919.999 78.59974453158081
C15 925.012 75.18945865201967
C15 949.965 62.55987739068736
C15 975.002 47.355012365467466
C15 999.976 29.858009751645383
C15 1025.028 14.361765859962
C15 1050.014 5.605590441491679
C15 1075.002 0.9289902311474567
C15 1099.99 0.09217355728866437
C16 319.994 44.386763600929335
C16 324.969 45.383996830587364
C16 349.982 52.215491505831075
C16 374.975 68.14065484007219
C16 400.019 83.18467154199975
C16 424.965 86.12587111204468
C16 450.035 86.67733708285073
C16 475.003 86.79581247937459
C16 500.018 86.8748161721081
C16 525.002 86.5730814467416
C16 550.029 87.95267702580296
C16 575.023 88.98279957413091
C16 599.982 90.05868608907184
C16 619.997 91.482583719791
C16 624.979 91.58517397855425
C16 650.012 92.89611983987407
C16 675.004 94.03049802431114
C16 700.03 94.98191830566955
C16 725.012 96.1236889569677
C16 750.022 97.56914606545398
C16 774.987 99.64952640314229
C16 799.976 99.52783328658818
C16 824.988 99.18514233554383
C16 850.022 97.5624318065618
C16 869.967 94.9147983236801
C16 875.002 94.08357156570013
C16 899.999 86.87893063378613
C16 919.999 78.51233859567695
C16 925.012 75.0754292855142
C16 949.965 62.372315209064226
C16 975.002 47.25686060107851
C16 999.976 29.869194531399266
C16 1025.028 14.310625211284403
C16 1050.014 5.596945644776902
C16 1075.002 0.929522173625218
C16 1099.99 0.09222633613262232
C17 319.994 44.26719553601112
C17 324.969 45.24127926699715
C17 349.982 52.014033596489455
C17 374.975 68.0122323933377
C17 400.019 83.19681900028728
C17 424.965 86.2416487479811
C17 450.035 86.8522243110994
C17 475.003 87.0074209013175
C17 500.018 87.06680931246142
C17 525.002 86.71686907179388
C17 550.029 88.02326340407792
C17 575.023 88.96552787785609
C17 599.982 89.9639630427479
C17 619.997 91.34193092268389
C17 624.979 91.4426523417106
C17 650.012 92.72653016942695
C17 675.004 93.84463889825437
C17 700.03 94.79679767273447
C17 725.012 95.96268238514931
C17 750.022 97.44001526817418
C17 774.987 99.54961129803418
C17 799.976 99.44526523419586
C17 824.988 99.10548304177372
C17 850.022 97.46340590745736
C17 869.967 94.86091093272843
C17 875.002 94.04611941452829
C17 899.999 86.78598599946955
C17 919.999 78.36861879142158
C17 925.012 74.92953921575831
C17 949.965 62.280651634244464
C17 975.002 47.264757956094215
C17 999.976 29.903022037759502
C17 1025.028 14.251590033457632
C17 1050.014 5.612995624752177
C17 1075.002 0.9282916828415448
C17 1099.99 0.09210424796749492
