lsstCam/transmission_sensor/r41_s21/19700101T000000.ecsv
# %ECSV 1.0
# ---
# datatype:
# - {name: amp_name, datatype: string}
# - {name: wavelength, unit: nm, datatype: float32}
# - {name: efficiency, unit: '%', datatype: float64}
# meta: !!omap
# - {MODE: AMP}
# - {TYPE: transmission_sensor}
# - {CALIBDATE: '1970-01-01T00:00:00'}
# - {INSTRUME: LSSTCAM}
# - {OBSTYPE: transmission_sensor}
# - {DETECTOR: 169}
# - {PARQUETFILE: qe_raft_allvalues_nircorrected_20230725.parquet}
# - {CALIBCLS: lsst.ip.isr.IntermediateSensorTransmissionCurve}
# - {CALIB_ID: 'raftName=R41 detectorName=S21 detector=169 calibDate=1970-01-01T00:00:00 ccd=169 ccdnum=169 filter=None'}
# - {DATE: '2023-08-02T16:57:56.096821'}
# - {CALIB_CREATION_DATE: '2023-08-02'}
# - {CALIB_CREATION_TIME: '16:57:56'}
# - __serialized_columns__:
#     efficiency:
#       __class__: astropy.units.quantity.Quantity
#       unit: !astropy.units.Unit {unit: '%'}
#       value: !astropy.table.SerializedColumn {name: efficiency}
#     wavelength:
#       __class__: astropy.units.quantity.Quantity
#       unit: !astropy.units.Unit {unit: nm}
#       value: !astropy.table.SerializedColumn {name: wavelength}
# schema: astropy-2.0
amp_name wavelength efficiency
C00 319.994 46.08856964111328
C00 324.969 47.403167724609375
C00 349.982 55.36161804199219
C00 374.975 71.01759338378906
C00 400.019 84.67556762695312
C00 424.965 86.68707275390625
C00 450.035 87.02877044677734
C00 475.003 87.32633209228516
C00 500.018 87.67549896240234
C00 525.002 87.62362670898438
C00 550.029 89.24888610839844
C00 575.023 90.4503173828125
C00 599.982 91.63900756835938
C00 619.997 93.14981842041016
C00 624.979 93.24736022949219
C00 650.012 94.59260559082031
C00 675.004 95.72738647460938
C00 700.03 96.54893493652344
C00 725.012 97.34349822998047
C00 750.022 98.34321594238281
C00 774.987 99.98686981201172
C00 799.976 99.6538314819336
C00 824.988 99.37455749511719
C00 850.022 97.74507141113281
C00 869.967 95.06240844726562
C00 875.002 94.21986389160156
C00 899.999 87.14179992675781
C00 919.999 79.47051239013672
C00 925.012 76.17752075195312
C00 949.965 63.66314697265625
C00 975.002 47.59762191772461
C00 999.976 30.059873580932617
C00 1025.028 14.382153511047363
C00 1050.014 5.650266647338867
C00 1075.002 0.9369005740044715
C00 1099.99 0.09295841423985474
C01 319.994 45.86952590942383
C01 324.969 47.12849044799805
C01 349.982 54.899925231933594
C01 374.975 70.61251831054688
C01 400.019 84.4957046508789
C01 424.965 86.63522338867188
C01 450.035 86.96397399902344
C01 475.003 87.17182159423828
C01 500.018 87.45463562011719
C01 525.002 87.3826904296875
C01 550.029 88.98878479003906
C01 575.023 90.20826721191406
C01 599.982 91.42989349365234
C01 619.997 92.95746612548828
C01 624.979 93.06616973876953
C01 650.012 94.43299102783203
C01 675.004 95.58106231689453
C01 700.03 96.41427612304688
C01 725.012 97.22191619873047
C01 750.022 98.22209930419922
C01 774.987 99.8623275756836
C01 799.976 99.53346252441406
C01 824.988 99.24663543701172
C01 850.022 97.5948715209961
C01 869.967 94.94165802001953
C01 875.002 94.11113739013672
C01 899.999 87.11045837402344
C01 919.999 79.43505859375
C01 925.012 76.0950927734375
C01 949.965 63.3480339050293
C01 975.002 47.352481842041016
C01 999.976 30.07085609436035
C01 1025.028 14.400354385375977
C01 1050.014 5.661011219024658
C01 1075.002 0.9357467069885106
C01 1099.99 0.09284392861456693
C02 319.994 45.80436325073242
C02 324.969 47.00735092163086
C02 349.982 54.60405731201172
C02 374.975 70.43148803710938
C02 400.019 84.63207244873047
C02 424.965 86.95404815673828
C02 450.035 87.3427505493164
C02 475.003 87.54907989501953
C02 500.018 87.79548645019531
C02 525.002 87.67505645751953
C02 550.029 89.23722839355469
C02 575.023 90.41639709472656
C02 599.982 91.60702514648438
C02 619.997 93.11558532714844
C02 624.979 93.22457885742188
C02 650.012 94.58942413330078
C02 675.004 95.73827362060547
C02 700.03 96.58418273925781
C02 725.012 97.4067611694336
C02 750.022 98.42587280273438
C02 774.987 100.07685852050781
C02 799.976 99.7629623413086
C02 824.988 99.49053192138672
C02 850.022 97.8358383178711
C02 869.967 95.17403411865234
C02 875.002 94.34208679199219
C02 899.999 87.34913635253906
C02 919.999 79.65847778320312
C02 925.012 76.30754089355469
C02 949.965 63.45332336425781
C02 975.002 47.442684173583984
C02 999.976 30.1758975982666
C02 1025.028 14.42408561706543
C02 1050.014 5.661356449127197
C02 1075.002 0.9376878991681866
C02 1099.99 0.09303653191929778
C03 319.994 45.68806457519531
C03 324.969 46.83546447753906
C03 349.982 54.230865478515625
C03 374.975 70.11576080322266
C03 400.019 84.58403015136719
C03 424.965 87.07942199707031
C03 450.035 87.5379867553711
C03 475.003 87.74662017822266
C03 500.018 87.96029663085938
C03 525.002 87.79141998291016
C03 550.029 89.29624938964844
C03 575.023 90.4144058227539
C03 599.982 91.56076049804688
C03 619.997 93.04400634765625
C03 624.979 93.1493911743164
C03 650.012 94.50019073486328
C03 675.004 95.64665985107422
C03 700.03 96.49994659423828
C03 725.012 97.3338851928711
C03 750.022 98.37149810791016
C03 774.987 100.04226684570312
C03 799.976 99.74614715576172
C03 824.988 99.49239349365234
C03 850.022 97.85554504394531
C03 869.967 95.19129180908203
C03 875.002 94.36124420166016
C03 899.999 87.3910140991211
C03 919.999 79.73480224609375
C03 925.012 76.38595581054688
C03 949.965 63.53889083862305
C03 975.002 47.49009323120117
C03 999.976 30.21415138244629
C03 1025.028 14.44257926940918
C03 1050.014 5.659143447875977
C03 1075.002 0.9371697074090676
C03 1099.99 0.09298511740901097
C04 319.994 45.527713775634766
C04 324.969 46.62864303588867
C04 349.982 53.855525970458984
C04 374.975 69.78043365478516
C04 400.019 84.47563934326172
C04 424.965 87.1172103881836
C04 450.035 87.61075592041016
C04 475.003 87.80242919921875
C04 500.018 87.97564697265625
C04 525.002 87.76898956298828
C04 550.029 89.2431640625
C04 575.023 90.33580780029297
C04 599.982 91.46663665771484
C04 619.997 92.94439697265625
C04 624.979 93.05078887939453
C04 650.012 94.40055847167969
C04 675.004 95.55501556396484
C04 700.03 96.4131851196289
C04 725.012 97.26660919189453
C04 750.022 98.32691955566406
C04 774.987 100.02009582519531
C04 799.976 99.74420166015625
C04 824.988 99.51017761230469
C04 850.022 97.89198303222656
C04 869.967 95.2254409790039
C04 875.002 94.39137268066406
C04 899.999 87.47303771972656
C04 919.999 79.839111328125
C04 925.012 76.48320007324219
C04 949.965 63.60393524169922
C04 975.002 47.56468200683594
C04 999.976 30.259599685668945
C04 1025.028 14.45213508605957
C04 1050.014 5.700911998748779
C04 1075.002 0.9367448100914496
C04 1099.99 0.09294295948750206
C05 319.994 45.28694534301758
C05 324.969 46.34984588623047
C05 349.982 53.43855667114258
C05 374.975 69.38204956054688
C05 400.019 84.23988342285156
C05 424.965 86.99089050292969
C05 450.035 87.50080108642578
C05 475.003 87.657470703125
C05 500.018 87.78166961669922
C05 525.002 87.54085540771484
C05 550.029 88.99034118652344
C05 575.023 90.07498168945312
C05 599.982 91.20632934570312
C05 619.997 92.68883514404297
C05 624.979 92.79379272460938
C05 650.012 94.14950561523438
C05 675.004 95.30856323242188
C05 700.03 96.18177032470703
C05 725.012 97.05721282958984
C05 750.022 98.14390563964844
C05 774.987 99.85857391357422
C05 799.976 99.60313415527344
C05 824.988 99.38032531738281
C05 850.022 97.77018737792969
C05 869.967 95.0853271484375
C05 875.002 94.2459945678711
C05 899.999 87.40459442138672
C05 919.999 79.7743148803711
C05 925.012 76.42768096923828
C05 949.965 63.480628967285156
C05 975.002 47.55462646484375
C05 999.976 30.19570541381836
C05 1025.028 14.40829849243164
C05 1050.014 5.775035381317139
C05 1075.002 0.9350010253156825
C05 1099.99 0.09276994276403261
C06 319.994 45.21980667114258
C06 324.969 46.24201202392578
C06 349.982 53.19231033325195
C06 374.975 69.17361450195312
C06 400.019 84.21768951416016
C06 424.965 87.0995864868164
C06 450.035 87.64773559570312
C06 475.003 87.79429626464844
C06 500.018 87.88919067382812
C06 525.002 87.61116027832031
C06 550.029 89.02018737792969
C06 575.023 90.07199096679688
C06 599.982 91.17594909667969
C06 619.997 92.63556671142578
C06 624.979 92.7434310913086
C06 650.012 94.09053802490234
C06 675.004 95.24478912353516
C06 700.03 96.1306381225586
C06 725.012 97.0326919555664
C06 750.022 98.15459442138672
C06 774.987 99.90641784667969
C06 799.976 99.67305755615234
C06 824.988 99.44123077392578
C06 850.022 97.83004760742188
C06 869.967 95.19336700439453
C06 875.002 94.3782958984375
C06 899.999 87.64073944091797
C06 919.999 79.87244415283203
C06 925.012 76.4837875366211
C06 949.965 63.246891021728516
C06 975.002 47.608524322509766
C06 999.976 30.18174934387207
C06 1025.028 14.430977821350098
C06 1050.014 5.899676322937012
C06 1075.002 0.9351025424218737
C06 1099.99 0.09278001519804704
C07 319.994 44.942115783691406
C07 324.969 45.946380615234375
C07 349.982 52.84966278076172
C07 374.975 68.94650268554688
C07 400.019 84.1832275390625
C07 424.965 87.16309356689453
C07 450.035 87.73429107666016
C07 475.003 87.86839294433594
C07 500.018 87.92538452148438
C07 525.002 87.60344696044922
C07 550.029 88.97471618652344
C07 575.023 89.99161529541016
C07 599.982 91.0714340209961
C07 619.997 92.51416015625
C07 624.979 92.62262725830078
C07 650.012 93.95731353759766
C07 675.004 95.10662841796875
C07 700.03 96.00128936767578
C07 725.012 96.9325180053711
C07 750.022 98.09722137451172
C07 774.987 99.88701629638672
C07 799.976 99.67271423339844
C07 824.988 99.44319915771484
C07 850.022 97.83191680908203
C07 869.967 95.26321411132812
C07 875.002 94.47699737548828
C07 899.999 87.70101165771484
C07 919.999 79.88172912597656
C07 925.012 76.45452117919922
C07 949.965 63.128013610839844
C07 975.002 47.75809097290039
C07 999.976 30.159517288208008
C07 1025.028 14.558716773986816
C07 1050.014 5.958144664764404
C07 1075.002 0.9345555894276802
C07 1099.99 0.09272574702443856
C10 319.994 45.76707077026367
C10 324.969 47.035667419433594
C10 349.982 54.84315872192383
C10 374.975 70.57794189453125
C10 400.019 84.44467163085938
C10 424.965 86.59542083740234
C10 450.035 86.95413970947266
C10 475.003 87.19606018066406
C10 500.018 87.50206756591797
C10 525.002 87.41865539550781
C10 550.029 88.99923706054688
C10 575.023 90.17562103271484
C10 599.982 91.34687805175781
C10 619.997 92.83030700683594
C10 624.979 92.93095397949219
C10 650.012 94.26947021484375
C10 675.004 95.40489196777344
C10 700.03 96.30829620361328
C10 725.012 97.35869598388672
C10 750.022 98.69522094726562
C10 774.987 100.68990325927734
C10 799.976 100.48934173583984
C10 824.988 100.11912536621094
C10 850.022 98.49336242675781
C10 869.967 95.72881317138672
C10 875.002 94.85533142089844
C10 899.999 87.3975830078125
C10 919.999 79.16281127929688
C10 925.012 75.82689666748047
C10 949.965 63.56230926513672
C10 975.002 47.99713134765625
C10 999.976 30.083940505981445
C10 1025.028 14.443963050842285
C10 1050.014 5.645853042602539
C10 1075.002 0.940251114865668
C10 1099.99 0.09329085182602402
C11 319.994 45.68173599243164
C11 324.969 46.911865234375
C11 349.982 54.602874755859375
C11 374.975 70.46819305419922
C11 400.019 84.56400299072266
C11 424.965 86.82421112060547
C11 450.035 87.1921157836914
C11 475.003 87.39628601074219
C11 500.018 87.65550994873047
C11 525.002 87.53097534179688
C11 550.029 89.07796478271484
C11 575.023 90.23416900634766
C11 599.982 91.39820098876953
C11 619.997 92.88209533691406
C11 624.979 92.98466491699219
C11 650.012 94.3253402709961
C11 675.004 95.46466064453125
C11 700.03 96.37934112548828
C11 725.012 97.43962097167969
C11 750.022 98.78556060791016
C11 774.987 100.78697967529297
C11 799.976 100.58163452148438
C11 824.988 100.20157623291016
C11 850.022 98.5603256225586
C11 869.967 95.79630279541016
C11 875.002 94.92485046386719
C11 899.999 87.49220275878906
C11 919.999 79.29923248291016
C11 925.012 75.92044067382812
C11 949.965 63.406063079833984
C11 975.002 47.92818069458008
C11 999.976 30.109188079833984
C11 1025.028 14.453214645385742
C11 1050.014 5.638280868530273
C11 1075.002 0.9411117016789604
C11 1099.99 0.09337623845903403
C12 319.994 45.513851165771484
C12 324.969 46.69064712524414
C12 349.982 54.20186996459961
C12 374.975 70.15270233154297
C12 400.019 84.53251647949219
C12 424.965 86.9588851928711
C12 450.035 87.36717987060547
C12 475.003 87.55147552490234
C12 500.018 87.7665786743164
C12 525.002 87.59896850585938
C12 550.029 89.10991668701172
C12 575.023 90.23812103271484
C12 599.982 91.38507843017578
C12 619.997 92.86868286132812
C12 624.979 92.96893310546875
C12 650.012 94.30764770507812
C12 675.004 95.45759582519531
C12 700.03 96.38169860839844
C12 725.012 97.45785522460938
C12 750.022 98.82313537597656
C12 774.987 100.83676147460938
C12 799.976 100.64790344238281
C12 824.988 100.28070831298828
C12 850.022 98.6446762084961
C12 869.967 95.88487243652344
C12 875.002 95.01554870605469
C12 899.999 87.6009521484375
C12 919.999 79.39678192138672
C12 925.012 76.00054168701172
C12 949.965 63.4277458190918
C12 975.002 47.956302642822266
C12 999.976 30.164766311645508
C12 1025.028 14.468169212341309
C12 1050.014 5.637822151184082
C12 1075.002 0.9414695259014788
C12 1099.99 0.09341174144966595
C13 319.994 45.39265441894531
C13 324.969 46.52212905883789
C13 349.982 53.86918640136719
C13 374.975 69.90935516357422
C13 400.019 84.56137084960938
C13 424.965 87.14226531982422
C13 450.035 87.5896224975586
C13 475.003 87.75055694580078
C13 500.018 87.9250259399414
C13 525.002 87.71501159667969
C13 550.029 89.19519805908203
C13 575.023 90.30473327636719
C13 599.982 91.44791412353516
C13 619.997 92.92823791503906
C13 624.979 93.02880096435547
C13 650.012 94.37348175048828
C13 675.004 95.52890014648438
C13 700.03 96.46588897705078
C13 725.012 97.5575942993164
C13 750.022 98.94269561767578
C13 774.987 100.9830093383789
C13 799.976 100.81000518798828
C13 824.988 100.4523696899414
C13 850.022 98.83460235595703
C13 869.967 96.09719848632812
C13 875.002 95.2317886352539
C13 899.999 87.82137298583984
C13 919.999 79.59981536865234
C13 925.012 76.18633270263672
C13 949.965 63.57964324951172
C13 975.002 48.07379913330078
C13 999.976 30.261808395385742
C13 1025.028 14.534860610961914
C13 1050.014 5.658715724945068
C13 1075.002 0.9426083795482916
C13 1099.99 0.09352473746225937
C14 319.994 45.159507751464844
C14 324.969 46.23690414428711
C14 349.982 53.38690185546875
C14 374.975 69.41590118408203
C14 400.019 84.25933074951172
C14 424.965 86.98804473876953
C14 450.035 87.48368072509766
C14 475.003 87.64237213134766
C14 500.018 87.78582000732422
C14 525.002 87.53395080566406
C14 550.029 88.97348022460938
C14 575.023 90.04788970947266
C14 599.982 91.1601333618164
C14 619.997 92.62845611572266
C14 624.979 92.72366333007812
C14 650.012 94.05826568603516
C14 675.004 95.21730041503906
C14 700.03 96.15951538085938
C14 725.012 97.26484680175781
C14 750.022 98.66716003417969
C14 774.987 100.7226791381836
C14 799.976 100.57206726074219
C14 824.988 100.2313461303711
C14 850.022 98.632568359375
C14 869.967 95.9183120727539
C14 875.002 95.05999755859375
C14 899.999 87.72926330566406
C14 919.999 79.52153778076172
C14 925.012 76.09965515136719
C14 949.965 63.44426727294922
C14 975.002 47.98807907104492
C14 999.976 30.21143913269043
C14 1025.028 14.534945487976074
C14 1050.014 5.6652960777282715
C14 1075.002 0.9399832216778294
C14 1099.99 0.09326427171003508
C15 319.994 44.97269821166992
C15 324.969 46.01483917236328
C15 349.982 53.033145904541016
C15 374.975 69.10586547851562
C15 400.019 84.1573486328125
C15 424.965 87.01048278808594
C15 450.035 87.52000427246094
C15 475.003 87.63895416259766
C15 500.018 87.74434661865234
C15 525.002 87.47137451171875
C15 550.029 88.90941619873047
C15 575.023 89.99952697753906
C15 599.982 91.1277847290039
C15 619.997 92.60215759277344
C15 624.979 92.70233917236328
C15 650.012 94.04454803466797
C15 675.004 95.20980072021484
C15 700.03 96.16646575927734
C15 725.012 97.29467010498047
C15 750.022 98.7264404296875
C15 774.987 100.80876159667969
C15 799.976 100.67176818847656
C15 824.988 100.33599853515625
C15 850.022 98.71930694580078
C15 869.967 96.01277923583984
C15 875.002 95.15668487548828
C15 899.999 87.88719177246094
C15 919.999 79.57759857177734
C15 925.012 76.12488555908203
C15 949.965 63.33818054199219
C15 975.002 47.94415283203125
C15 999.976 30.22947120666504
C15 1025.028 14.54043960571289
C15 1050.014 5.675329208374023
C15 1075.002 0.9405477350076081
C15 1099.99 0.093320282204008
C16 319.994 44.9389762878418
C16 324.969 45.94861602783203
C16 349.982 52.8651008605957
C16 374.975 68.98838806152344
C16 400.019 84.21956634521484
C16 424.965 87.19735717773438
C16 450.035 87.75568389892578
C16 475.003 87.8756332397461
C16 500.018 87.95561981201172
C16 525.002 87.65013122558594
C16 550.029 89.04689025878906
C16 575.023 90.08982849121094
C16 599.982 91.1791000366211
C16 619.997 92.62071228027344
C16 624.979 92.72457885742188
C16 650.012 94.05183410644531
C16 675.004 95.20032501220703
C16 700.03 96.16358184814453
C16 725.012 97.3195571899414
C16 750.022 98.78299713134766
C16 774.987 100.8892593383789
C16 799.976 100.76605224609375
C16 824.988 100.41909790039062
C16 850.022 98.77619934082031
C16 869.967 96.09562683105469
C16 875.002 95.25405883789062
C16 899.999 87.95978546142578
C16 919.999 79.48910522460938
C16 925.012 76.00943756103516
C16 949.965 63.148284912109375
C16 975.002 47.84477996826172
C16 999.976 30.240795135498047
C16 1025.028 14.488662719726562
C16 1050.014 5.666576862335205
C16 1075.002 0.9410862953453145
C16 1099.99 0.09337371766595
C17 319.994 44.81792068481445
C17 324.969 45.80412292480469
C17 349.982 52.661136627197266
C17 374.975 68.85836791992188
C17 400.019 84.23186492919922
C17 424.965 87.3145751953125
C17 450.035 87.93274688720703
C17 475.003 88.08987426757812
C17 500.018 88.1500015258789
C17 525.002 87.79570770263672
C17 550.029 89.11835479736328
C17 575.023 90.07234191894531
C17 599.982 91.08319854736328
C17 619.997 92.47830963134766
C17 624.979 92.58028411865234
C17 650.012 93.88013458251953
C17 675.004 95.01215362548828
C17 700.03 95.97615814208984
C17 725.012 97.15654754638672
C17 750.022 98.65225982666016
C17 774.987 100.78810119628906
C17 799.976 100.68245697021484
C17 824.988 100.33844757080078
C17 850.022 98.67594146728516
C17 869.967 96.04106903076172
C17 875.002 95.21614074707031
C17 899.999 87.86568450927734
C17 919.999 79.34359741210938
C17 925.012 75.86173248291016
C17 949.965 63.05548095703125
C17 975.002 47.85277557373047
C17 999.976 30.275043487548828
C17 1025.028 14.428893089294434
C17 1050.014 5.682826519012451
C17 1075.002 0.9398404961100502
C17 1099.99 0.0932501106103193
