lsstCam/transmission_filter_detector/r03_s12/z_20/19700101T000000.ecsv
# %ECSV 1.0
# ---
# datatype:
# - {name: wavelength, unit: nm, datatype: float32}
# - {name: efficiency, unit: '%', datatype: float64}
# meta: !!omap
# - {MODE: DETECTOR}
# - {TYPE: transmission_filter_detector}
# - {CALIBDATE: '1970-01-01T00:00:00'}
# - {INSTRUME: LSSTCam}
# - {OBSTYPE: transmission_filter_detector}
# - {CALIBCLS: lsst.ip.isr.IntermediateFilterDetectorTransmissionCurve}
# - {SOURCE: Materion (DM-46256)}
# - {DETECTOR: 23}
# - {FILTER: z_20}
# - {CALIB_ID: 'calibDate=1970-01-01T00:00:00 filter=z_20 detector=23'}
# - {DATE: '2025-04-02T15:59:48.741023'}
# - {CALIB_CREATION_DATE: '2025-04-02'}
# - {CALIB_CREATION_TIME: '15:59:48'}
# - __serialized_columns__:
#     efficiency:
#       __class__: astropy.units.quantity.Quantity
#       unit: !astropy.units.Unit {unit: '%'}
#       value: !astropy.table.SerializedColumn {name: efficiency}
#     wavelength:
#       __class__: astropy.units.quantity.Quantity
#       unit: !astropy.units.Unit {unit: nm}
#       value: !astropy.table.SerializedColumn {name: wavelength}
# schema: astropy-2.0
wavelength efficiency
300.0 0.8561626076698303
301.0 0.577696505934
302.0 0.29923045076429844
303.0 0.29265147168189287
304.0 0.2860724925994873
305.0 0.24362921249121428
306.0 0.20118588581681252
307.0 0.18430770142003894
308.0 0.16742950538173318
309.0 0.14705506619066
310.0 0.12668060371652246
311.0 0.12691215379163623
312.0 0.12714375043287873
313.0 0.11101707350462675
314.0 0.09489041985943913
315.0 0.09510689415037632
316.0 0.09532336262054741
317.0 0.07967104902490973
318.0 0.06401874707080424
319.0 0.06404792075045407
320.0 0.0640770886093378
321.0 0.06330396281555295
322.0 0.06253084284253418
323.0 0.0540741253644228
324.0 0.045617404975928366
325.0 0.0427455292083323
326.0 0.039873653440736234
327.0 0.03888343635480851
328.0 0.03789322217926383
329.0 0.03374952939338982
330.0 0.029605836607515812
331.0 0.026859960053116083
332.0 0.02411408204352483
333.0 0.023277213040273637
334.0 0.022440341126639396
335.0 0.021113405819050968
336.0 0.019786471966654062
337.0 0.02386886189924553
338.0 0.027951246011070907
339.0 0.02377664059167728
340.0 0.01960204099304974
341.0 0.016813489492051303
342.0 0.014024937991052866
343.0 0.013721130380872637
344.0 0.013417324225883931
345.0 0.012686839909292758
346.0 0.011956357047893107
347.0 0.011274727148702368
348.0 0.010593100159894675
349.0 0.01314925029873848
350.0 0.015705401892773807
351.0 0.01311497762799263
352.0 0.010524551180424169
353.0 0.010958009806927294
354.0 0.011391469888621941
355.0 0.009942340693669394
356.0 0.008493211498716846
357.0 0.00937974764383398
358.0 0.01026628669933416
359.0 0.009955093992175534
360.0 0.009643899829825386
361.0 0.0087889886344783
362.0 0.007934080349514261
363.0 0.009232726006302983
364.0 0.010531370935495943
365.0 0.01018145412672311
366.0 0.009831539500737563
367.0 0.008644637273391709
368.0 0.007457734318450093
369.0 0.007846175867598504
370.0 0.008234617416746914
371.0 0.008131531649269164
372.0 0.008028445881791413
373.0 0.00707963336026296
374.0 0.00613082229392603
375.0 0.0064517145801801234
376.0 0.006772606138838455
377.0 0.007022445788607001
378.0 0.007272284710779786
379.0 0.006203626253409311
380.0 0.005134967068443075
381.0 0.003246932101319544
382.0 0.0013588974070444237
383.0 0.0035722085158340633
384.0 0.005785520261269994
385.0 0.005538548793992959
386.0 0.0052915776905138046
387.0 0.005937547030043788
388.0 0.006583517097169533
389.0 0.005805791079183109
390.0 0.005028066152590327
391.0 0.004623863424058072
392.0 0.004219660695525818
393.0 0.004690858258982189
394.0 0.005162056550034322
395.0 0.004255106614436954
396.0 0.0033481566788395867
397.0 0.003540860052453354
398.0 0.00373356269847136
399.0 0.003989829929196276
400.0 0.004246097159921192
401.0 0.004697028998634778
402.0 0.005147961201146245
403.0 0.004975140836904757
404.0 0.00480232120025903
405.0 0.0038973535993136466
406.0 0.0029923867259640247
407.0 0.0016750180293456651
408.0 0.00035764983294939157
409.0 0.0018964385162689723
410.0 0.0034352273360127583
411.0 0.00405469436373096
412.0 0.00467416102765128
413.0 0.004631530100596137
414.0 0.004588898445945233
415.0 0.0037046476791147143
416.0 0.0028203969122841954
417.0 0.0038493213651236147
418.0 0.004878246181760915
419.0 0.004327157148509286
420.0 0.0037760684790555388
421.0 0.0036994526453781873
422.0 0.0036228375392965972
423.0 0.0034930690162582323
424.0 0.0033633012208156288
425.0 0.0025402741812285967
426.0 0.0017172469597426243
427.0 0.0018342021576245315
428.0 0.0019511575374053791
429.0 0.0011536859346961137
430.0 0.00035621437746158335
431.0 0.0005888229679840151
432.0 0.0008214314220822416
433.0 0.0007826308319636155
434.0 0.0007438305146933999
435.0 0.0012832028914999682
436.0 0.0018225753592560068
437.0 0.0019671615518745966
438.0 0.002111747926392127
439.0 0.002094851151923649
440.0 0.002077954741253052
441.0 0.0015873723896220326
442.0 0.0010967902198899537
443.0 0.002234495696029626
444.0 0.003372201172169298
445.0 0.003317830851301551
446.0 0.003263460530433804
447.0 0.002554163438617252
448.0 0.0018448661649017595
449.0 0.002573526762716938
450.0 0.003302187906228937
451.0 0.002510373087716289
452.0 0.0017185579054057598
453.0 0.001616484223632142
454.0 0.0015144107237574644
455.0 0.002257086271129083
456.0 0.0029997620003996417
457.0 0.0022219195670913905
458.0 0.0014440772247326095
459.0 0.0015841256754356436
460.0 0.0017241740351892076
461.0 0.0007882153113314416
462.0 1.7271157377526936e-10
463.0 0.0009120505637838505
464.0 0.001971844903891906
465.0 0.0021830292098456994
466.0 0.002394213697698433
467.0 0.002122241676261183
468.0 0.0018502689272281714
469.0 0.0016827683793962933
470.0 0.0015152679225138854
471.0 0.0013970126019557938
472.0 0.0012787576451955829
473.0 0.0012268188584130257
474.0 0.0011748801625799388
475.0 0.0010827573532878887
476.0 0.0009906345439958386
477.0 0.0013124496945238207
478.0 0.0016342646631528623
479.0 0.001953582795977127
480.0 0.0022729009288013913
481.0 0.0018238113625557162
482.0 0.0013747219782089815
483.0 0.0009262272214982659
484.0 0.00047773251026228536
485.0 0.0012682656233664602
486.0 0.00205879878194537
487.0 0.0014164122148940805
488.0 0.0007740254659438506
489.0 0.001571050233906135
490.0 0.002368074819969479
491.0 0.00223748338612495
492.0 0.0021068917703814805
493.0 0.001991887438634876
494.0 0.0018768832887872122
495.0 0.0016730327843106352
496.0 0.001469182188884588
497.0 0.0012988794878765475
498.0 0.0011285770597169176
499.0 0.001286979932046961
500.0 0.0014453829862759449
501.0 0.000973454189079348
502.0 0.0005015251645090757
503.0 0.001303165299759712
504.0 0.002104805207636673
505.0 0.0022073747459216975
506.0 0.002309944284206722
507.0 0.0022419410015572794
508.0 0.0021739375370088965
509.0 0.0018993820049217902
510.0 0.001624827018531505
511.0 0.0013101613149046898
512.0 0.0009954957022273447
513.0 0.0013398354894889053
514.0 0.0016841757314978167
515.0 0.001366885317111155
516.0 0.0010495955393707845
517.0 0.0009398348993272521
518.0 0.0008300741683342494
519.0 0.0010182157893723343
520.0 0.0012063570466125384
521.0 0.0015787432857905515
522.0 0.0019511295249685645
523.0 0.0013456301530823112
524.0 0.0007401309630949982
525.0 0.0007601981906191213
526.0 0.0007802656000421848
527.0 0.0011084231118729804
528.0 0.0014365809875016566
529.0 0.0012456896911317017
530.0 0.0010547977581154555
531.0 0.0011353498848620802
532.0 0.0012159019206592347
533.0 0.0009107188816415146
534.0 0.0006055359790479997
535.0 0.0011579521924431901
536.0 0.0017103684513131157
537.0 0.001711767072265502
538.0 0.0017131656932178885
539.0 0.001262840669369325
540.0 0.0008125153726723511
541.0 0.0008260399226855952
542.0 0.0008395645636483096
543.0 0.0012362048437353224
544.0 0.0016328451238223352
545.0 0.0010613794984237757
546.0 0.0004899142368230969
547.0 0.0011756356798287015
548.0 0.0018613567590364255
549.0 0.0017235333871212788
550.0 0.0015857096514082514
551.0 0.0016132778910105117
552.0 0.0016408459487138316
553.0 0.0013390216736297589
554.0 0.0010371972166467458
555.0 0.000986457507679006
556.0 0.0009357180715596769
557.0 0.001338792935712263
558.0 0.001741867708915379
559.0 0.001769295340636745
560.0 0.0017967224266612902
561.0 0.0015746594726806507
562.0 0.0013525963368010707
563.0 0.0011550827366590966
564.0 0.0009575691365171224
565.0 0.0017926589862327091
566.0 0.002627748835948296
567.0 0.0029619941415148787
568.0 0.003296239083283581
569.0 0.0030025263185962103
570.0 0.0027088133720098995
571.0 0.0025813666070462205
572.0 0.0024539192963857204
573.0 0.002004132511501666
574.0 0.0015543459085165523
575.0 0.001996697210415732
576.0 0.0024390483304159716
577.0 0.002025600588240195
578.0 0.001612153027963359
579.0 0.0017379514247295447
580.0 0.00186374963959679
581.0 0.0016428339222329669
582.0 0.001421917841071263
583.0 0.001870185042207595
584.0 0.0023184524252428673
585.0 0.0025193861802108586
586.0 0.00272032011707779
587.0 0.00215652853512438
588.0 0.0015927365893730894
589.0 0.002222444709332194
590.0 0.0028521526473923586
591.0 0.0019950564819737338
592.0 0.001137959861807758
593.0 0.0009044759281096049
594.0 0.0006709918579872465
595.0 0.0010823139746207744
596.0 0.0014936360457795672
597.0 0.0013605722415377386
598.0 0.0012275083463464398
599.0 0.0008648284165246878
600.0 0.0005021484412282007
601.0 0.0004560811703413492
602.0 0.0004100137175555574
603.0 0.00095757304734434
604.0 0.0015051318769110367
605.0 0.0009387754289491568
606.0 0.00037241861718939617
607.0 0.0007768798241158947
608.0 0.0011813409400929231
609.0 0.0011813366654678248
610.0 0.0011813320270448457
611.0 0.001025255460262997
612.0 0.0008691785296832677
613.0 0.0008197410352295265
614.0 0.0007703037226747256
615.0 0.0012537705515569542
616.0 0.0017372376532875933
617.0 0.0022041302145225927
618.0 0.002671022593858652
619.0 0.002232716724392958
620.0 0.0017944106730283238
621.0 0.0015477911802008748
622.0 0.0013011714145250153
623.0 0.0016036885426728986
624.0 0.0019062053979723714
625.0 0.0016818690710351802
626.0 0.0014575326531485189
627.0 0.0019103959857602604
628.0 0.0023632597731193528
629.0 0.0021717583877034485
630.0 0.0019802570022875443
631.0 0.0017313532225671224
632.0 0.0014824494428467005
633.0 0.00182539843081031
634.0 0.0021683477825718
635.0 0.005137675907462835
636.0 0.00810700366855599
637.0 0.015386192535515875
638.0 0.022665383585263044
639.0 0.019726651953533292
640.0 0.016787918866612017
641.0 0.014563083823304623
642.0 0.012338250235188752
643.0 0.009858303383225575
644.0 0.007378357258858159
645.0 0.006644507811870426
646.0 0.005910658728680573
647.0 0.0054370801080949605
648.0 0.004963501123711467
649.0 0.004120630546822213
650.0 0.00327776069752872
651.0 0.003616069443523884
652.0 0.003954378189519048
653.0 0.003212822412024252
654.0 0.002471266270731576
655.0 0.002763334668998141
656.0 0.0030554037948604673
657.0 0.002928857793449424
658.0 0.0028023114282405004
659.0 0.0026824724045582116
660.0 0.0025626337446738034
661.0 0.002701418816286605
662.0 0.0028402038878994063
663.0 0.001965702176676132
664.0 0.001091200283553917
665.0 0.0015414409062941559
666.0 0.001991681710933335
667.0 0.002282133573316969
668.0 0.002572585617599543
669.0 0.001944177165569272
670.0 0.0013157688044884708
671.0 0.0009953102562576532
672.0 0.0006748516625521006
673.0 0.0012986234651179984
674.0 0.0019223954950575717
675.0 0.0020547093299683183
676.0 0.0021870228010811843
677.0 0.001949410761881154
678.0 0.0017117981769843027
679.0 0.00141871523737791
680.0 0.0011256319339736365
681.0 0.001208113280881662
682.0 0.0012905942639918067
683.0 0.0023993065042304806
684.0 0.003508018926368095
685.0 0.0028454132916522212
686.0 0.0021828082026331685
687.0 0.0016637448425171897
688.0 0.0011446814824012108
689.0 0.0014945354450901505
690.0 0.0018443892258801498
691.0 0.0021590449250652455
692.0 0.002473700442351401
693.0 0.002820393638103269
694.0 0.003167087197653018
695.0 0.0033048705518012866
696.0 0.0034426539059495553
697.0 0.003709578959387727
698.0 0.003976504012825899
699.0 0.005936711386311799
700.0 0.007896918395999819
701.0 0.00734484419808723
702.0 0.006792770000174642
703.0 0.006294116610661149
704.0 0.005795462129754014
705.0 0.005172835517441854
706.0 0.0045502089051296934
707.0 0.00428708954132162
708.0 0.0040239698137156665
709.0 0.004227386671118438
710.0 0.004430803164723329
711.0 0.003927988655050285
712.0 0.003425174509175122
713.0 0.002445735481160227
714.0 0.0014662963621958625
715.0 0.002195497836510185
716.0 0.0029246992198750377
717.0 0.0025017448933795094
718.0 0.00207879002118716
719.0 0.0016470901755383238
720.0 0.001215390057041077
721.0 0.001154846449935576
722.0 0.0010943024790321942
723.0 0.0009625940947444178
724.0 0.0008308856195071712
725.0 0.0012254374269105028
726.0 0.0016199894162127748
727.0 0.0017143300283350982
728.0 0.0018086700947606005
729.0 0.0017747204765328206
730.0 0.0017407708583050407
731.0 0.0013389276318775956
732.0 0.0009370844054501504
733.0 0.0009440520443604328
734.0 0.0009510195013717748
735.0 0.001072100167220924
736.0 0.001193180651171133
737.0 0.0013450210644805338
738.0 0.0014968613868404645
739.0 0.0011436522072472144
740.0 0.0007904429367044941
741.0 0.001047639761964092
742.0 0.0013048363143752795
743.0 0.001636201523069758
744.0 0.001967566458915826
745.0 0.0013569427210313734
746.0 0.0007463190286216559
747.0 0.0012216134564368986
748.0 0.0016969081116258167
749.0 0.002311742355232127
750.0 0.002926576962636318
751.0 0.002971613866975531
752.0 0.003016650771314744
753.0 0.0029464556064340286
754.0 0.002876260259654373
755.0 0.0019162485841661692
756.0 0.0009562369086779654
757.0 0.001940274887601845
758.0 0.002924312684626784
759.0 0.002753052831394598
760.0 0.0025817924324655905
761.0 0.004521159280557185
762.0 0.0064605257648509
763.0 0.005897444862057455
764.0 0.005334362867870368
765.0 0.00539079264854081
766.0 0.005447223156807013
767.0 0.004666413587983698
768.0 0.003885603291564621
769.0 0.0034816981496987864
770.0 0.003077794099226594
771.0 0.003926604404114187
772.0 0.00477541507279966
773.0 0.00399449018004816
774.0 0.0032135649234987795
775.0 1.7271157377526936e-10
776.0 1.7271157377526936e-10
777.0 1.7271157377526936e-10
778.0 0.07156821084208786
779.0 0.024100839800667018
780.0 1.7271157377526936e-10
781.0 0.04192851483821869
782.0 1.7271157377526936e-10
783.0 1.7271157377526936e-10
784.0 1.7271157377526936e-10
785.0 1.7271157377526936e-10
786.0 0.11188371572643518
787.0 1.7271157377526936e-10
788.0 1.7271157377526936e-10
789.0 0.09738191147334874
790.0 0.018904288299381733
791.0 0.08607064955867827
792.0 0.04310189688112587
793.0 1.7271157377526936e-10
794.0 0.06502001779153943
795.0 0.04013099242001772
796.0 0.14848557766526937
797.0 1.7271157377526936e-10
798.0 0.2219343325123191
799.0 0.32821926288306713
800.0 0.4952171817421913
801.0 0.7176377810537815
802.0 1.2779333628714085
803.0 1.9862651824951172
804.0 3.32837775349617
805.0 5.076195299625397
806.0 6.820084899663925
807.0 9.430056065320969
808.0 12.32207864522934
809.0 15.411040186882019
810.0 18.62729638814926
811.0 21.863369643688202
812.0 25.112172961235046
813.0 29.3432354927063
814.0 34.05500948429108
815.0 39.294788241386414
816.0 45.506685972213745
817.0 52.02527642250061
818.0 58.94854664802551
819.0 65.62961339950562
820.0 73.18333983421326
821.0 79.57828044891357
822.0 84.75485444068909
823.0 88.94343972206116
824.0 92.59564280509949
825.0 95.69189548492432
826.0 96.83123230934143
827.0 97.66043424606323
828.0 99.41912889480591
829.0 99.19383525848389
830.0 98.49422574043274
831.0 99.32584762573242
832.0 98.40272665023804
833.0 99.68554377555847
834.0 98.30821752548218
835.0 98.99287819862366
836.0 98.72673749923706
837.0 98.97563457489014
838.0 97.65757918357849
839.0 97.96704649925232
840.0 98.50128889083862
841.0 98.93484711647034
842.0 99.16304349899292
843.0 99.18994307518005
844.0 97.80616164207458
845.0 98.36273193359375
846.0 98.72059226036072
847.0 98.55875372886658
848.0 100.03440380096436
849.0 99.26730990409851
850.0 98.35348725318909
851.0 98.68261814117432
852.0 99.23291802406311
853.0 98.38171005249023
854.0 99.7437834739685
855.0 98.29138517379761
856.0 98.59984517097473
857.0 97.76362776756287
858.0 98.48297238349915
859.0 99.23607110977173
860.0 98.61804842948914
861.0 98.92633557319641
862.0 98.62130880355835
863.0 98.16905856132507
864.0 99.24498796463013
865.0 99.42528009414673
866.0 98.62759113311768
867.0 99.24666285514832
868.0 99.62194561958313
869.0 98.87190461158752
870.0 98.37051630020142
871.0 98.86874556541443
872.0 99.21016693115234
873.0 98.98650646209717
874.0 99.66186285018921
875.0 98.75633716583252
876.0 99.1847813129425
877.0 99.41050410270691
878.0 98.88970255851746
879.0 98.41632843017578
880.0 98.55618476867676
881.0 100.16465187072754
882.0 98.40756058692932
883.0 98.80796074867249
884.0 99.20372366905212
885.0 99.16942715644836
886.0 98.79300594329834
887.0 98.40623140335083
888.0 98.8908588886261
889.0 99.6411919593811
890.0 98.24597835540771
891.0 99.290931224823
892.0 98.71943593025208
893.0 98.32579493522644
894.0 98.15423488616943
895.0 99.41249489784241
