lsstCam/transmission_filter_detector/r03_s12/z_20/19700101T000000.ecsv
# %ECSV 1.0
# ---
# datatype:
# - {name: wavelength, unit: nm, datatype: float32}
# - {name: efficiency, unit: '%', datatype: float64}
# meta: !!omap
# - {MODE: DETECTOR}
# - {TYPE: transmission_filter_detector}
# - {CALIBDATE: '1970-01-01T00:00:00'}
# - {INSTRUME: LSSTCam}
# - {OBSTYPE: transmission_filter_detector}
# - {CALIBCLS: lsst.ip.isr.IntermediateFilterDetectorTransmissionCurve}
# - {SOURCE: Materion (DM-46256)}
# - {DETECTOR: 23}
# - {FILTER: z_20}
# - {CALIB_ID: 'calibDate=1970-01-01T00:00:00 filter=z_20 detector=23'}
# - {DATE: '2025-04-02T15:59:48.741023'}
# - {CALIB_CREATION_DATE: '2025-04-02'}
# - {CALIB_CREATION_TIME: '15:59:48'}
# - __serialized_columns__:
#     efficiency:
#       __class__: astropy.units.quantity.Quantity
#       unit: !astropy.units.Unit {unit: '%'}
#       value: !astropy.table.SerializedColumn {name: efficiency}
#     wavelength:
#       __class__: astropy.units.quantity.Quantity
#       unit: !astropy.units.Unit {unit: nm}
#       value: !astropy.table.SerializedColumn {name: wavelength}
# schema: astropy-2.0
wavelength efficiency
[from data line 597]
897.0 98.9484429359436
898.0 98.89413714408875
899.0 98.37765097618103
900.0 98.58266115188599
901.0 99.3756115436554
902.0 99.1627037525177
903.0 98.50990772247314
904.0 97.47925996780396
905.0 98.6636221408844
906.0 97.75113463401794
907.0 98.55034947395325
908.0 98.16992282867432
909.0 98.10767769813538
910.0 97.57091403007507
911.0 96.89724445343018
912.0 95.5501914024353
913.0 94.14231777191162
914.0 91.80454015731812
915.0 89.43184018135071
916.0 87.35873699188232
917.0 85.70314049720764
918.0 82.51928091049194
919.0 81.31489157676697
920.0 77.6686429977417
921.0 73.36156964302063
922.0 68.4385359287262
923.0 62.50425577163696
924.0 56.949394941329956
925.0 51.51821970939636
926.0 45.13450860977173
927.0 37.91166841983795
928.0 32.03169405460358
929.0 25.886237621307373
930.0 20.217634737491608
931.0 15.16454964876175
932.0 10.22636741399765
933.0 6.505531817674637
934.0 3.9706017822027206
935.0 2.4787329137325287
936.0 1.3027459383010864
937.0 0.8456495590507984
938.0 0.48260223120450974
939.0 0.42225797660648823
940.0 0.19052585121244192
941.0 0.07264370215125382
942.0 0.09255660697817802
943.0 0.12825910234823823
944.0 1.7271157377526936e-10
945.0 0.01669736811891198
946.0 1.7271157377526936e-10
947.0 1.7271157377526936e-10
948.0 1.7271157377526936e-10
949.0 1.7271157377526936e-10
950.0 0.06283167749643326
951.0 0.02393034374108538
952.0 0.010557923087617382
953.0 0.004281135989003815
954.0 1.7271157377526936e-10
955.0 1.7271157377526936e-10
956.0 1.7271157377526936e-10
957.0 0.02773823798634112
958.0 0.02578276034910232
959.0 1.7271157377526936e-10
960.0 1.7271157377526936e-10
961.0 1.7271157377526936e-10
962.0 0.03676328051369637
963.0 0.02751680149231106
964.0 0.058028893545269966
965.0 1.7271157377526936e-10
966.0 0.06588135147467256
967.0 1.7271157377526936e-10
968.0 0.0479074806207791
969.0 0.03730631433427334
970.0 1.7271157377526936e-10
971.0 0.0404256337787956
972.0 0.00693974579917267
973.0 1.7271157377526936e-10
974.0 1.7271157377526936e-10
975.0 1.7271157377526936e-10
976.0 0.006352872878778726
977.0 0.006276454223552719
978.0 0.006200037751113996
979.0 0.006021744047757238
980.0 0.005843449253006838
981.0 0.005659955786541104
982.0 0.005476462683873251
983.0 0.005370446888264269
984.0 0.005264431092655286
985.0 0.005043747296440415
986.0 0.004823062408831902
987.0 0.004798937879968435
988.0 0.004774813351104967
989.0 0.0046906738134566694
990.0 0.004606535003404133
991.0 0.004669919144362211
992.0 0.004733304012916051
993.0 0.004732435991172679
994.0 0.004731567605631426
995.0 0.004664602965931408
996.0 0.00459763832623139
997.0 0.004474044908420183
998.0 0.004350451126811095
999.0 0.004298345811548643
1000.0 0.00424624013248831
1001.0 0.004396535223349929
1002.0 0.004546830314211547
1003.0 0.004427004023455083
1004.0 0.004307177732698619
1005.0 0.004169323074165732
1006.0 0.004031468415632844
1007.0 0.004124079350731336
1008.0 0.004216690285829827
1009.0 0.004285723116481677
1010.0 0.004354755947133526
1011.0 0.004452657594811171
1012.0 0.004550558878690936
1013.0 0.004374152558739297
1014.0 0.0041977462387876585
1015.0 0.004340147643233649
1016.0 0.004482548320083879
1017.0 0.004733867172035389
1018.0 0.00498518675158266
1019.0 0.004823722701985389
1020.0 0.004662259016185999
1021.0 0.00463594842585735
1022.0 0.004609637471730821
1023.0 0.004527810961008072
1024.0 0.004445984450285323
1025.0 0.004606900256476365
1026.0 0.004767816426465288
1027.0 0.004695780444308184
1028.0 0.00462374446215108
1029.0 0.004635724690160714
1030.0 0.0046477052819682285
1031.0 0.004717702177003957
1032.0 0.0047876987082418054
1033.0 0.0048899961257120594
1034.0 0.0049922935431823134
1035.0 0.00516048094141297
1036.0 0.005328668339643627
1037.0 0.005360905561246909
1038.0 0.00539314205525443
1039.0 0.0053274536185199395
1040.0 0.005261764817987569
1041.0 0.0055770648032194
1042.0 0.005892365152249113
1043.0 0.005413356484496035
1044.0 0.004934348180540837
1045.0 0.005695554136764258
1046.0 0.006456759729189798
1047.0 0.0061871127400081605
1048.0 0.005917465750826523
1049.0 0.005975630119792186
1050.0 0.006033794488757849
1051.0 0.006201954238349572
1052.0 0.006370115443132818
1053.0 0.006485754420282319
1054.0 0.006601394125027582
1055.0 0.007368752994807437
1056.0 0.008136111864587292
1057.0 0.007834295684006065
1058.0 0.0075324802310206
1059.0 0.007634697249159217
1060.0 0.00773691208451055
1061.0 0.008308614633278921
1062.0 0.008880317909643054
1063.0 0.008828726276988164
1064.0 0.008777134644333273
1065.0 0.008961423736764118
1066.0 0.009145714284386486
1067.0 0.009118124580709264
1068.0 0.009090536332223564
1069.0 0.009869713539956138
1070.0 0.01064889002009295
1071.0 0.010476383613422513
1072.0 0.010303877206752077
1073.0 0.010498458868823946
1074.0 0.010693041986087337
1075.0 0.011406937846913934
1076.0 0.012120838073315099
1077.0 0.01212960560224019
1078.0 0.01213837240356952
1079.0 0.012993969721719623
1080.0 0.013849565584678203
1081.0 0.013912322174292058
1082.0 0.013975080219097435
1083.0 0.013836381549481302
1084.0 0.013697684335056692
1085.0 0.014286173973232508
1086.0 0.014874667976982892
1087.0 0.015031763177830726
1088.0 0.015188861289061606
1089.0 0.016643002163618803
1090.0 0.018097141582984477
1091.0 0.017763311916496605
1092.0 0.01742947642924264
1093.0 0.017356302123516798
1094.0 0.017283123452216387
1095.0 0.018203108629677445
1096.0 0.019123095262330025
1097.0 0.01972070458577946
1098.0 0.020318315364420414
1099.0 0.022106317919678986
1100.0 0.023894317564554513
1101.0 0.02385215921094641
1102.0 0.023809997946955264
1103.0 0.025134009774774313
1104.0 0.026458018692210317
1105.0 0.02630302042234689
1106.0 0.02614802506286651
1107.0 0.027983341715298593
1108.0 0.029818661278113723
1109.0 0.030855386285111308
1110.0 0.03189211129210889
1111.0 0.031246087746694684
1112.0 0.030600064201280475
1113.0 0.032343697967007756
1114.0 0.03408733755350113
1115.0 0.032760389149188995
1116.0 0.03143344656564295
1117.0 0.032794728758744895
1118.0 0.03415601095184684
1119.0 0.03789365291595459
1120.0 0.04163128905929625
1121.0 0.04278261912986636
1122.0 0.04393395211081952
1123.0 0.0441968091763556
1124.0 0.04445966915227473
1125.0 0.04452145949471742
1126.0 0.044583252747543156
1127.0 0.04841133195441216
1128.0 0.05223940825089812
1129.0 0.05578345153480768
1130.0 0.05932749481871724
1131.0 0.05876817740499973
1132.0 0.05820884834975004
1133.0 0.06239895592443645
1134.0 0.06658905767835677
1135.0 0.06389131303876638
1136.0 0.06119357421994209
1137.0 0.06594500155188143
1138.0 0.07069643470458686
1139.0 0.07534357719123363
1140.0 0.07999067893251777
1141.0 0.0909570837393403
1142.0 0.10192346526309848
1143.0 0.11957685928791761
1144.0 0.13723023002967238
1145.0 0.26625001337379217
1146.0 0.3952697850763798
1147.0 0.8133990690112114
1148.0 1.2315284460783005
1149.0 1.4126239344477654
1150.0 1.5937205404043198
