lsstCam/transmission_sensor/r24_s12/19700101T000000.ecsv
# %ECSV 1.0
# ---
# datatype:
# - {name: amp_name, datatype: string}
# - {name: wavelength, unit: nm, datatype: float32}
# - {name: efficiency, unit: '%', datatype: float64}
# meta: !!omap
# - {MODE: AMP}
# - {TYPE: transmission_sensor}
# - {CALIBDATE: '1970-01-01T00:00:00'}
# - {INSTRUME: LSSTCAM}
# - {OBSTYPE: transmission_sensor}
# - {DETECTOR: 113}
# - {PARQUETFILE: qe_raft_allvalues_nircorrected_20230725.parquet}
# - {CALIBCLS: lsst.ip.isr.IntermediateSensorTransmissionCurve}
# - {CALIB_ID: 'raftName=R24 detectorName=S12 detector=113 calibDate=1970-01-01T00:00:00 ccd=113 ccdnum=113 filter=None'}
# - {DATE: '2023-08-02T16:57:55.887051'}
# - {CALIB_CREATION_DATE: '2023-08-02'}
# - {CALIB_CREATION_TIME: '16:57:55'}
# - __serialized_columns__:
#     efficiency:
#       __class__: astropy.units.quantity.Quantity
#       unit: !astropy.units.Unit {unit: '%'}
#       value: !astropy.table.SerializedColumn {name: efficiency}
#     wavelength:
#       __class__: astropy.units.quantity.Quantity
#       unit: !astropy.units.Unit {unit: nm}
#       value: !astropy.table.SerializedColumn {name: wavelength}
# schema: astropy-2.0
amp_name wavelength efficiency
C00 319.994 40.58190155029297
C00 324.969 45.85401153564453
C00 349.982 69.25518035888672
C00 374.975 76.11035919189453
C00 400.019 83.81556701660156
C00 424.965 86.49723052978516
C00 450.035 88.85282897949219
C00 475.003 90.42407989501953
C00 500.018 92.95733642578125
C00 525.002 95.1528091430664
C00 550.029 95.968505859375
C00 575.023 97.88351440429688
C00 599.982 98.6269760131836
C00 619.997 98.73822784423828
C00 624.979 98.79832458496094
C00 650.012 99.61140441894531
C00 675.004 99.3703384399414
C00 700.03 99.4604721069336
C00 725.012 98.73865509033203
C00 750.022 98.83091735839844
C00 774.987 98.16116333007812
C00 799.976 97.22159576416016
C00 824.988 95.48638916015625
C00 850.022 93.41588592529297
C00 869.967 90.25509643554688
C00 875.002 88.8775634765625
C00 899.999 81.95700073242188
C00 919.999 73.98052215576172
C00 925.012 71.56873321533203
C00 949.965 57.27934646606445
C00 975.002 42.28252410888672
C00 999.976 25.493000030517578
C00 1025.028 11.018231391906738
C00 1050.014 3.998990774154663
C00 1075.002 0.9415572904558631
C00 1099.99 0.09342044936812431
C01 319.994 40.92558670043945
C01 324.969 46.241607666015625
C01 349.982 69.8871841430664
C01 374.975 76.74618530273438
C01 400.019 84.14749145507812
C01 424.965 86.66954040527344
C01 450.035 88.92972564697266
C01 475.003 90.43891906738281
C01 500.018 92.93580627441406
C01 525.002 95.10041809082031
C01 550.029 95.90266418457031
C01 575.023 97.80329132080078
C01 599.982 98.54112243652344
C01 619.997 98.64949798583984
C01 624.979 98.70816040039062
C01 650.012 99.51632690429688
C01 675.004 99.28131103515625
C01 700.03 99.38584899902344
C01 725.012 98.6994400024414
C01 750.022 98.83751678466797
C01 774.987 98.2162094116211
C01 799.976 97.29647827148438
C01 824.988 95.52914428710938
C01 850.022 93.45915985107422
C01 869.967 90.32936096191406
C01 875.002 88.93407440185547
C01 899.999 81.71244049072266
C01 919.999 73.8844223022461
C01 925.012 71.63973999023438
C01 949.965 57.62086868286133
C01 975.002 42.341522216796875
C01 999.976 25.54635238647461
C01 1025.028 10.917255401611328
C01 1050.014 3.922719717025757
C01 1075.002 0.9416201618554974
C01 1099.99 0.09342668741063725
C02 319.994 41.323280334472656
C02 324.969 46.69287872314453
C02 349.982 70.64082336425781
C02 374.975 77.55328369140625
C02 400.019 84.72036743164062
C02 424.965 87.1048355102539
C02 450.035 89.29198455810547
C02 475.003 90.75918579101562
C02 500.018 93.2330551147461
C02 525.002 95.38446044921875
C02 550.029 96.17657470703125
C02 575.023 98.07859802246094
C02 599.982 98.8172607421875
C02 619.997 98.92383575439453
C02 624.979 98.98368835449219
C02 650.012 99.79229736328125
C02 675.004 99.56211853027344
C02 700.03 99.68151092529297
C02 725.012 99.02986907958984
C02 750.022 99.22451782226562
C02 774.987 98.65245819091797
C02 799.976 97.75682067871094
C02 824.988 95.96240997314453
C02 850.022 93.83457946777344
C02 869.967 90.75143432617188
C02 875.002 89.3719711303711
C02 899.999 82.0687255859375
C02 919.999 73.87617492675781
C02 925.012 71.61004638671875
C02 949.965 57.97509002685547
C02 975.002 42.75483322143555
C02 999.976 25.80913543701172
C02 1025.028 10.988582611083984
C02 1050.014 3.879483699798584
C02 1075.002 0.9453071004737108
C02 1099.99 0.0937925020732155
C03 319.994 41.510643005371094
C03 324.969 46.905113220214844
C03 349.982 71.03684997558594
C03 374.975 77.90593719482422
C03 400.019 84.75580596923828
C03 424.965 86.97930908203125
C03 450.035 89.07565307617188
C03 475.003 90.49054718017578
C03 500.018 92.92293548583984
C03 525.002 95.04750061035156
C03 550.029 95.8236312866211
C03 575.023 97.71460723876953
C03 599.982 98.44679260253906
C03 619.997 98.5526351928711
C03 624.979 98.60726165771484
C03 650.012 99.41706085205078
C03 675.004 99.1878890991211
C03 700.03 99.32371520996094
C03 725.012 98.7193374633789
C03 750.022 98.97010040283203
C03 774.987 98.45603942871094
C03 799.976 97.58171081542969
C03 824.988 95.7958984375
C03 850.022 93.6482925415039
C03 869.967 90.52058410644531
C03 875.002 89.14070129394531
C03 899.999 82.04818725585938
C03 919.999 73.59484100341797
C03 925.012 71.25119018554688
C03 949.965 57.672813415527344
C03 975.002 42.698509216308594
C03 999.976 25.916654586791992
C03 1025.028 11.062047958374023
C03 1050.014 3.8685684204101562
C03 1075.002 0.9428832769852861
C03 1099.99 0.09355201253341487
C04 319.994 41.88666915893555
C04 324.969 47.33368682861328
C04 349.982 71.78547668457031
C04 374.975 78.68245697021484
C04 400.019 85.2544937133789
C04 424.965 87.32466125488281
C04 450.035 89.335205078125
C04 475.003 90.70182800292969
C04 500.018 93.10621643066406
C04 525.002 95.21452331542969
C04 550.029 95.98295593261719
C04 575.023 97.86920928955078
C04 599.982 98.6004867553711
C04 619.997 98.70655059814453
C04 624.979 98.75983428955078
C04 650.012 99.57286071777344
C04 675.004 99.35066986083984
C04 700.03 99.50225067138672
C04 725.012 98.93754577636719
C04 750.022 99.24481964111328
C04 774.987 98.78522491455078
C04 799.976 97.92301940917969
C04 824.988 96.13582611083984
C04 850.022 93.98467254638672
C04 869.967 90.78604888916016
C04 875.002 89.3823013305664
C04 899.999 82.45156860351562
C04 919.999 73.88414001464844
C04 925.012 71.44168090820312
C04 949.965 57.73716735839844
C04 975.002 42.82765197753906
C04 999.976 26.114055633544922
C04 1025.028 11.198160171508789
C04 1050.014 3.9127614498138428
C04 1075.002 0.9455005124210036
C04 1099.99 0.09381169222894199
C05 319.994 42.10479736328125
C05 324.969 47.58229446411133
C05 349.982 72.22870635986328
C05 374.975 79.15328979492188
C05 400.019 85.52359008789062
C05 424.965 87.4823989868164
C05 450.035 89.43162536621094
C05 475.003 90.75670623779297
C05 500.018 93.13731384277344
C05 525.002 95.23070526123047
C05 550.029 95.98838806152344
C05 575.023 97.87100982666016
C05 599.982 98.59956359863281
C05 619.997 98.70612335205078
C05 624.979 98.76270294189453
C05 650.012 99.573974609375
C05 675.004 99.35584259033203
C05 700.03 99.51786041259766
C05 725.012 98.98260498046875
C05 750.022 99.32552337646484
C05 774.987 98.8976058959961
C05 799.976 98.04950714111328
C05 824.988 96.2630615234375
C05 850.022 94.1105728149414
C05 869.967 90.87879943847656
C05 875.002 89.45075225830078
C05 899.999 82.60335540771484
C05 919.999 74.01649475097656
C05 925.012 71.54723358154297
C05 949.965 57.77865219116211
C05 975.002 42.88288497924805
C05 999.976 26.217844009399414
C05 1025.028 11.263435363769531
C05 1050.014 3.9449071884155273
C05 1075.002 0.9462693721555259
C05 1099.99 0.09388797778546436
C06 319.994 42.37619400024414
C06 324.969 47.89188003540039
C06 349.982 72.75226593017578
C06 374.975 79.655029296875
C06 400.019 85.83503723144531
C06 424.965 87.68839263916016
C06 450.035 89.58587646484375
C06 475.003 90.87565612792969
C06 500.018 93.23493957519531
C06 525.002 95.31714630126953
C06 550.029 96.06925201416016
C06 575.023 97.95004272460938
C06 599.982 98.6789321899414
C06 619.997 98.78096008300781
C06 624.979 98.83695220947266
C06 650.012 99.65170288085938
C06 675.004 99.43174743652344
C06 700.03 99.59523010253906
C06 725.012 99.06301879882812
C06 750.022 99.40133666992188
C06 774.987 98.97103881835938
C06 799.976 98.1196517944336
C06 824.988 96.33108520507812
C06 850.022 94.16110229492188
C06 869.967 90.94176483154297
C06 875.002 89.50387573242188
C06 899.999 82.63421630859375
C06 919.999 74.01692199707031
C06 925.012 71.53733825683594
C06 949.965 57.83501434326172
C06 975.002 42.86328125
C06 999.976 26.228403091430664
C06 1025.028 11.276871681213379
C06 1050.014 3.979867935180664
C06 1075.002 0.9469916417777711
C06 1099.99 0.09395964071384807
C07 319.994 42.49853515625
C07 324.969 48.034549713134766
C07 349.982 73.03064727783203
C07 374.975 79.93168640136719
C07 400.019 85.94156646728516
C07 424.965 87.7133560180664
C07 450.035 89.56173706054688
C07 475.003 90.82543182373047
C07 500.018 93.16886138916016
C07 525.002 95.23965454101562
C07 550.029 95.98744201660156
C07 575.023 97.8666763305664
C07 599.982 98.59418487548828
C07 619.997 98.69818115234375
C07 624.979 98.75972747802734
C07 650.012 99.57366943359375
C07 675.004 99.35429382324219
C07 700.03 99.50902557373047
C07 725.012 98.93708801269531
C07 750.022 99.22325897216797
C07 774.987 98.73815155029297
C07 799.976 97.86178588867188
C07 824.988 96.08097076416016
C07 850.022 93.88510131835938
C07 869.967 90.68209838867188
C07 875.002 89.24803924560547
C07 899.999 82.418701171875
C07 919.999 73.86506652832031
C07 925.012 71.38810729980469
C07 949.965 57.68794631958008
C07 975.002 42.63750076293945
C07 999.976 26.126054763793945
C07 1025.028 11.282145500183105
C07 1050.014 4.007518291473389
C07 1075.002 0.9452951054528581
C07 1099.99 0.09379131193826609
C10 319.994 38.9111213684082
C10 324.969 43.95349884033203
C10 349.982 66.21635437011719
C10 374.975 73.31007385253906
C10 400.019 82.35037994384766
C10 424.965 85.72150421142578
C10 450.035 88.44338989257812
C10 475.003 90.23643493652344
C10 500.018 92.91334533691406
C10 525.002 95.2020034790039
C10 550.029 96.08368682861328
C10 575.023 98.04006958007812
C10 599.982 98.81392669677734
C10 619.997 98.94027709960938
C10 624.979 98.99993133544922
C10 650.012 99.8306884765625
C10 675.004 99.60120391845703
C10 700.03 99.69722747802734
C10 725.012 98.97262573242188
C10 750.022 99.06539154052734
C10 774.987 98.40791320800781
C10 799.976 97.48159790039062
C10 824.988 95.78060150146484
C10 850.022 93.77919006347656
C10 869.967 90.66228485107422
C10 875.002 89.30229949951172
C10 899.999 82.39663696289062
C10 919.999 74.13352966308594
C10 925.012 71.79457092285156
C10 949.965 57.432029724121094
C10 975.002 42.240501403808594
C10 999.976 25.79125213623047
C10 1025.028 11.086685180664062
C10 1050.014 4.025361061096191
C10 1075.002 0.9437911144543423
C10 1099.99 0.09364208733308149
C11 319.994 39.565670013427734
C11 324.969 44.69322967529297
C11 349.982 67.39429473876953
C11 374.975 74.4555892944336
C11 400.019 83.00732421875
C11 424.965 86.1198959350586
C11 450.035 88.69715881347656
C11 475.003 90.40409851074219
C11 500.018 93.02452087402344
C11 525.002 95.27778625488281
C11 550.029 96.13386535644531
C11 575.023 98.07396697998047
C11 599.982 98.83894348144531
C11 619.997 98.96192169189453
C11 624.979 99.02189636230469
C11 650.012 99.84443664550781
C11 675.004 99.62078857421875
C11 700.03 99.72883605957031
C11 725.012 99.03754425048828
C11 750.022 99.17987823486328
C11 774.987 98.56953430175781
C11 799.976 97.65802001953125
C11 824.988 95.93513488769531
C11 850.022 93.96058654785156
C11 869.967 90.79232788085938
C11 875.002 89.4039077758789
C11 899.999 82.3574447631836
C11 919.999 74.17545318603516
C11 925.012 71.97795104980469
C11 949.965 57.88447570800781
C11 975.002 42.106666564941406
C11 999.976 25.670013427734375
C11 1025.028 11.047463417053223
C11 1050.014 3.995941162109375
C11 1075.002 0.9448818224718155
C11 1099.99 0.09375030638056232
C12 319.994 40.00930404663086
C12 324.969 45.196353912353516
C12 349.982 68.21469116210938
C12 374.975 75.2231674194336
C12 400.019 83.34175109863281
C12 424.965 86.23023223876953
C12 450.035 88.68428039550781
C12 475.003 90.31881713867188
C12 500.018 92.89641571044922
C12 525.002 95.11384582519531
C12 550.029 95.95066833496094
C12 575.023 97.87651824951172
C12 599.982 98.63575744628906
C12 619.997 98.75041198730469
C12 624.979 98.80824279785156
C12 650.012 99.63341522216797
C12 675.004 99.40109252929688
C12 700.03 99.52591705322266
C12 725.012 98.87625885009766
C12 750.022 99.07374572753906
C12 774.987 98.51512908935547
C12 799.976 97.62699127197266
C12 824.988 95.87796020507812
C12 850.022 93.88211059570312
C12 869.967 90.80241394042969
C12 875.002 89.35381317138672
C12 899.999 82.19783782958984
C12 919.999 74.07604217529297
C12 925.012 71.74362182617188
C12 949.965 58.032630920410156
C12 975.002 42.28159713745117
C12 999.976 25.582487106323242
C12 1025.028 11.000228881835938
C12 1050.014 3.9414219856262207
C12 1075.002 0.9438707020745821
C12 1099.99 0.09364998394364604
C13 319.994 40.4669303894043
C13 324.969 45.7200813293457
C13 349.982 69.0927734375
C13 374.975 76.0816421508789
C13 400.019 83.85846710205078
C13 424.965 86.55451202392578
C13 450.035 88.90912628173828
C13 475.003 90.48291015625
C13 500.018 93.02071380615234
C13 525.002 95.2176513671875
C13 550.029 96.04168701171875
C13 575.023 97.96125030517578
C13 599.982 98.71466064453125
C13 619.997 98.82958984375
C13 624.979 98.88923645019531
C13 650.012 99.711669921875
C13 675.004 99.48714447021484
C13 700.03 99.62171936035156
C13 725.012 99.01998901367188
C13 750.022 99.27374267578125
C13 774.987 98.76696014404297
C13 799.976 97.89935302734375
C13 824.988 96.12737274169922
C13 850.022 94.10100555419922
C13 869.967 91.01180267333984
C13 875.002 89.65174865722656
C13 899.999 82.29444122314453
C13 919.999 74.0882339477539
C13 925.012 71.88543701171875
C13 949.965 58.0103874206543
C13 975.002 42.654632568359375
C13 999.976 25.83814239501953
C13 1025.028 11.038982391357422
C13 1050.014 3.9155616760253906
C13 1075.002 0.9457760619308118
C13 1099.99 0.09383903199816301
C14 319.994 40.75462341308594
C14 324.969 46.04840087890625
C14 349.982 69.64312744140625
C14 374.975 76.60401153564453
C14 400.019 84.09514617919922
C14 424.965 86.63985443115234
C14 450.035 88.91134643554688
C14 475.003 90.4320297241211
C14 500.018 92.93169403076172
C14 525.002 95.10494232177734
C14 550.029 95.91780090332031
C14 575.023 97.82688903808594
C14 599.982 98.572509765625
C14 619.997 98.6876449584961
C14 624.979 98.74830627441406
C14 650.012 99.56639862060547
C14 675.004 99.34463500976562
C14 700.03 99.49445343017578
C14 725.012 98.92975616455078
C14 750.022 99.23367309570312
C14 774.987 98.77655792236328
C14 799.976 97.9265365600586
C14 824.988 96.14849853515625
C14 850.022 94.082763671875
C14 869.967 91.01954650878906
C14 875.002 89.65708923339844
C14 899.999 82.34557342529297
C14 919.999 73.99354553222656
C14 925.012 71.65518188476562
C14 949.965 57.85900115966797
C14 975.002 42.86359786987305
C14 999.976 25.96270751953125
C14 1025.028 11.063976287841797
C14 1050.014 3.891126871109009
C14 1075.002 0.9453943199047057
C14 1099.99 0.09380115590503196
C15 319.994 41.10265350341797
C15 324.969 46.444454193115234
C15 349.982 70.28408813476562
C15 374.975 77.2275161743164
C15 400.019 84.45963287353516
C15 424.965 86.8648910522461
C15 450.035 89.06077575683594
C15 475.003 90.53264617919922
C15 500.018 93.00665283203125
C15 525.002 95.15887451171875
C15 550.029 95.95873260498047
C15 575.023 97.86194610595703
C15 599.982 98.60377502441406
C15 619.997 98.71475982666016
C15 624.979 98.77528381347656
C15 650.012 99.59027862548828
C15 675.004 99.36888885498047
C15 700.03 99.52887725830078
C15 725.012 98.98841857910156
C15 750.022 99.33062744140625
C15 774.987 98.90318298339844
C15 799.976 98.06724548339844
C15 824.988 96.2813949584961
C15 850.022 94.20184326171875
C15 869.967 91.1191177368164
C15 875.002 89.73570251464844
C15 899.999 82.53377532958984
C15 919.999 73.98883819580078
C15 925.012 71.55172729492188
C15 949.965 57.946807861328125
C15 975.002 42.96415710449219
C15 999.976 26.02387237548828
C15 1025.028 11.111839294433594
C15 1050.014 3.8930563926696777
C15 1075.002 0.9463179983470197
C15 1099.99 0.0938928024315124
C16 319.994 41.404388427734375
C16 324.969 46.788578033447266
C16 349.982 70.85254669189453
C16 374.975 77.73917388916016
C16 400.019 84.70060729980469
C16 424.965 86.96650695800781
C16 450.035 89.09386444091797
C16 475.003 90.52305603027344
C16 500.018 92.96817016601562
C16 525.002 95.10816192626953
C16 550.029 95.89350891113281
C16 575.023 97.79263305664062
C16 599.982 98.52924346923828
C16 619.997 98.63949584960938
C16 624.979 98.69466400146484
C16 650.012 99.50997924804688
C16 675.004 99.28704071044922
C16 700.03 99.4454345703125
C16 725.012 98.90924072265625
C16 750.022 99.25210571289062
C16 774.987 98.82633972167969
C16 799.976 97.98507690429688
C16 824.988 96.20270538330078
C16 850.022 94.12224578857422
C16 869.967 91.01765441894531
C16 875.002 89.64077758789062
C16 899.999 82.54447174072266
C16 919.999 73.9183578491211
C16 925.012 71.47489929199219
C16 949.965 57.91164016723633
C16 975.002 42.92966079711914
C16 999.976 26.049928665161133
C16 1025.028 11.146820068359375
C16 1050.014 3.912609815597534
C16 1075.002 0.9455699256840453
C16 1099.99 0.09381857934913232
C17 319.994 41.59389114379883
C17 324.969 47.006187438964844
C17 349.982 71.23414611816406
C17 374.975 78.10774993896484
C17 400.019 84.86511993408203
C17 424.965 87.029541015625
C17 450.035 89.09551239013672
C17 475.003 90.49300384521484
C17 500.018 92.9181900024414
C17 525.002 95.04044342041016
C17 550.029 95.81863403320312
C17 575.023 97.70761108398438
C17 599.982 98.44361114501953
C17 619.997 98.5510025024414
C17 624.979 98.6058349609375
C17 650.012 99.42054748535156
C17 675.004 99.1969223022461
C17 700.03 99.34306335449219
C17 725.012 98.7666015625
C17 750.022 99.04889678955078
C17 774.987 98.56522369384766
C17 799.976 97.69917297363281
C17 824.988 95.93157958984375
C17 850.022 93.85210418701172
C17 869.967 90.7256851196289
C17 875.002 89.34521484375
C17 899.999 82.36988830566406
C17 919.999 73.840576171875
C17 925.012 71.41480255126953
C17 949.965 57.7658805847168
C17 975.002 42.718055725097656
C17 999.976 26.00125503540039
C17 1025.028 11.186258316040039
C17 1050.014 3.9554474353790283
C17 1075.002 0.9436339655937875
C17 1099.99 0.09362649516750694
