lsstCam/transmission_sensor/r24_s12/19700101T000000.ecsv
# %ECSV 1.0
# ---
# datatype:
# - {name: amp_name, datatype: string}
# - {name: wavelength, unit: nm, datatype: float32}
# - {name: efficiency, unit: '%', datatype: float64}
# meta: !!omap
# - {MODE: AMP}
# - {TYPE: transmission_sensor}
# - {CALIBDATE: '1970-01-01T00:00:00'}
# - {INSTRUME: LSSTCam}
# - {OBSTYPE: transmission_sensor}
# - {DETECTOR: 113}
# - {PARQUETFILE: qe_raft_allvalues_nircorrected_20230725_adjust.parquet}
# - {CORRFILE: qe_corr_factor_bydetnum.parquet}
# - {CALIBCLS: lsst.ip.isr.IntermediateSensorTransmissionCurve}
# - {CALIB_ID: 'raftName=R24 detectorName=S12 detector=113 calibDate=1970-01-01T00:00:00 ccd=113 ccdnum=113 filter=None'}
# - {DATE: '2025-03-03T21:56:48.014868'}
# - {CALIB_CREATION_DATE: '2025-03-03'}
# - {CALIB_CREATION_TIME: '21:56:48'}
# - __serialized_columns__:
#     efficiency:
#       __class__: astropy.units.quantity.Quantity
#       unit: !astropy.units.Unit {unit: '%'}
#       value: !astropy.table.SerializedColumn {name: efficiency}
#     wavelength:
#       __class__: astropy.units.quantity.Quantity
#       unit: !astropy.units.Unit {unit: nm}
#       value: !astropy.table.SerializedColumn {name: wavelength}
# schema: astropy-2.0
amp_name wavelength efficiency
C00 319.994 40.22074901322581
C00 324.969 45.445940647682775
C00 349.982 68.6388542840561
C00 374.975 75.43302648275127
C00 400.019 83.06966296781633
C00 424.965 85.72746141937517
C00 450.035 88.06209657451187
C00 475.003 89.619364378533
C00 500.018 92.13007657331795
C00 525.002 94.30601101093607
C00 550.029 95.11444855684313
C00 575.023 97.0124147708716
C00 599.982 97.74926005484488
C00 619.997 97.85952181694016
C00 624.979 97.91908373574584
C00 650.012 98.72492768787984
C00 675.004 98.48600703934574
C00 700.03 98.57533857530744
C00 725.012 97.85994526082148
C00 750.022 97.95138645469189
C00 774.987 97.28759280174332
C00 799.976 96.35638677624642
C00 824.988 94.63662238277065
C00 850.022 92.58454528043717
C00 869.967 89.45188476197504
C00 875.002 88.08661095064086
C00 899.999 81.22763671510872
C00 919.999 73.32214361140016
C00 925.012 70.93181802437266
C00 949.965 56.76959752608118
C00 975.002 41.90623713680871
C00 999.976 25.266128906032087
C00 1025.028 10.920176296675466
C00 1050.014 3.963402356445743
C00 1075.002 0.9331780427801278
C00 1099.99 0.09258906811159451
C01 319.994 40.56137558900328
C01 324.969 45.830087424512186
C01 349.982 69.26523364549132
C01 374.975 76.0631941546247
C01 400.019 83.3986334946108
C01 424.965 85.8982378490091
C01 450.035 88.1383089116507
C01 475.003 89.63407149191083
C01 500.018 92.10873802629882
C01 525.002 94.25408620498982
C01 550.029 95.04919283013334
C01 575.023 96.93290562065683
C01 599.982 97.66417051919422
C01 619.997 97.77158159658849
C01 624.979 97.82972195379261
C01 650.012 98.6306963012915
C01 675.004 98.39777192057672
C01 700.03 98.50137956453705
C01 725.012 97.82107916171506
C01 750.022 97.95792715035863
C01 774.987 97.34214900895202
C01 799.976 96.43060287794476
C01 824.988 94.67899701689367
C01 850.022 92.62743409641607
C01 869.967 89.52548838234505
C01 875.002 88.14261896544265
C01 899.999 80.98525290054528
C01 919.999 73.2268989840958
C01 925.012 71.00219288514764
C01 949.965 57.108080417209486
C01 975.002 41.96471019991959
C01 999.976 25.3190064607113
C01 1025.028 10.820098927038156
C01 1050.014 3.8878100621331324
C01 1075.002 0.933240354665185
C01 1099.99 0.09259525063958511
C02 319.994 40.9555300082777
C02 324.969 46.27734246265329
C02 349.982 70.01216596763737
C02 374.975 76.86310989242028
C02 400.019 83.9664112474712
C02 424.965 86.32965911058818
C02 450.035 88.49734395401855
C02 475.003 89.95148804994372
C02 500.018 92.40334154522586
C02 525.002 94.5356007710855
C02 550.029 95.32066572704355
C02 575.023 97.20576227167919
C02 599.982 97.93785137348556
C02 619.997 98.04347793738002
C02 624.979 98.10279788825352
C02 650.012 98.90421080262948
C02 675.004 98.67608041157101
C02 700.03 98.79441029190491
C02 725.012 98.14856763492494
C02 750.022 98.34148413035334
C02 774.987 97.77451545776617
C02 799.976 96.88684853706593
C02 824.988 95.10840692003651
C02 850.022 92.999512722628
C02 869.967 89.94380556809699
C02 875.002 88.57661869779902
C02 899.999 81.3383672900726
C02 919.999 73.21872500488685
C02 925.012 70.97276353539624
C02 949.965 57.45914942156009
C02 975.002 42.37434300535564
C02 999.976 25.579450912962617
C02 1025.028 10.890791370724122
C02 1050.014 3.84495881734682
C02 1075.002 0.9368944819269781
C02 1099.99 0.09295780978952252
C03 319.994 41.14122527323009
C03 324.969 46.487688210696525
C03 349.982 70.40466819962487
C03 374.975 77.21262500895644
C03 400.019 84.0015344051267
C03 424.965 86.20524978595824
C03 450.035 88.28293768161342
C03 475.003 89.68524014806901
C03 500.018 92.0959817793742
C03 525.002 94.2016396556898
C03 550.029 94.97086327358794
C03 575.023 96.84501076929243
C03 599.982 97.57068015939817
C03 619.997 97.67558081949608
C03 624.979 97.72972114432135
C03 650.012 98.53231365236668
C03 675.004 98.30518137902845
C03 700.03 98.43979872579723
C03 725.012 97.84079954818773
C03 750.022 98.08933086052812
C03 774.987 97.57984469482948
C03 799.976 96.71329703770982
C03 824.988 94.94337722879186
C03 850.022 92.81488362887677
C03 869.967 89.71500976522503
C03 875.002 88.34740701254363
C03 899.999 81.31801173777795
C03 919.999 72.93989477053879
C03 925.012 70.61710092108315
C03 949.965 57.15956287552972
C03 975.002 42.318520247251925
C03 999.976 25.686013212219798
C03 1025.028 10.963602924191132
C03 1050.014 3.834140676847733
C03 1075.002 0.9344922288916078
C03 1099.99 0.09271946045025757
C04 319.994 41.51390503852353
C04 324.969 46.912447792642766
C04 349.982 71.14663261766334
C04 374.975 77.98223426324647
C04 400.019 84.49578415259589
C04 424.965 86.54752854902263
C04 450.035 88.54017983951229
C04 475.003 89.89464070887718
C04 500.018 92.27763164296047
C04 525.002 94.36717596729245
C04 550.029 95.12877003382903
C04 575.023 96.99823696234543
C04 599.982 97.72300653420335
C04 619.997 97.82812647773981
C04 624.979 97.8809359789381
C04 650.012 98.68672700058693
C04 675.004 98.46651349780947
C04 700.03 98.61674533770174
C04 725.012 98.0570659490715
C04 750.022 98.36160527621368
C04 774.987 97.90610064388481
C04 799.976 97.05156820689747
C04 824.988 95.28027976686312
C04 850.022 93.14827007043354
C04 869.967 89.9781120839814
C04 875.002 88.58685696592939
C04 899.999 81.71780325372238
C04 919.999 73.22661920867422
C04 925.012 70.8058964001666
C04 949.965 57.223344110152794
C04 975.002 42.44651372187727
C04 999.976 25.881657518008627
C04 1025.028 11.098503827130427
C04 1050.014 3.8779404170244463
C04 1075.002 0.9370861726336983
C04 1099.99 0.09297682916534065
C05 319.994 41.73009204367955
C05 324.969 47.15884298183188
C05 349.982 71.58591783703827
C05 374.975 78.4488769819535
C05 400.019 84.76248574434342
C05 424.965 86.70386251770456
C05 450.035 88.63574204972763
C05 475.003 89.94903056313251
C05 500.018 92.30845230832189
C05 525.002 94.38321390429726
C05 550.029 95.13415382032004
C05 575.023 97.00002147584524
C05 599.982 97.7220915929598
C05 619.997 97.8277030338585
C05 624.979 97.8837791021412
C05 650.012 98.68783097927749
C05 675.004 98.47164019337254
C05 700.03 98.6322161623655
C05 725.012 98.10172415555448
C05 750.022 98.44159080079494
C05 774.987 98.01748150766643
C05 799.976 97.17693028026036
C05 824.988 95.40638286701831
C05 850.022 93.27304990845963
C05 869.967 90.07003721371616
C05 875.002 88.65469872491435
C05 899.999 81.86823925405741
C05 919.999 73.35779607390731
C05 925.012 70.91050972334506
C05 949.965 57.26445975487869
C05 975.002 42.50125518578405
C05 999.976 25.984522244802182
C05 1025.028 11.163198112622588
C05 1050.014 3.909800079454034
C05 1075.002 0.9378481900165031
C05 1099.99 0.09305243583001155
C06 319.994 41.99907342703809
C06 324.969 47.46567344283189
C06 349.982 72.1048180675983
C06 374.975 78.94615132857494
C06 400.019 85.0711612108263
C06 424.965 86.90802296048145
C06 450.035 88.7886204138781
C06 475.003 90.06692187658933
C06 500.018 92.40520923520238
C06 525.002 94.46888567528475
C06 550.029 95.21429813635679
C06 575.023 97.07835103239064
C06 599.982 97.80075385541194
C06 619.997 97.90187376656955
C06 624.979 97.95736759951545
C06 650.012 98.76486751968531
C06 675.004 98.54686953578688
C06 700.03 98.70889731237293
C06 725.012 98.18142234321627
C06 750.022 98.51672940523471
C06 774.987 98.09026092476745
C06 799.976 97.24645069177483
C06 824.988 95.47380118212196
C06 850.022 93.323129708923
C06 869.967 90.13244225572495
C06 875.002 88.70734943465715
C06 899.999 81.89882551298454
C06 919.999 73.35821951778863
C06 925.012 70.90070246059389
C06 949.965 57.320320320471815
C06 975.002 42.48182591697979
C06 999.976 25.99498735786897
C06 1025.028 11.176514855577604
C06 1050.014 3.9444496983047648
C06 1075.002 0.9385640319087367
C06 1099.99 0.09312346100492856
C07 319.994 42.12032582630285
C07 324.969 47.60707345319959
C07 349.982 72.38072200226655
C07 374.975 79.22034636472218
C07 400.019 85.17674240573348
C07 424.965 86.93276418154684
C07 450.035 88.76469583458382
C07 475.003 90.01714453604119
C07 500.018 92.33971910205828
C07 525.002 94.39208354131124
C07 550.029 95.13321619458284
C07 575.023 96.99572654504905
C07 599.982 97.71676073695396
C07 619.997 97.81983151456477
C07 624.979 97.88083011796776
C07 650.012 98.68752851936227
C07 675.004 98.47010520930277
C07 700.03 98.62345994781974
C07 725.012 98.05661225919866
C07 750.022 98.34023648320304
C07 774.987 97.85944620196136
C07 799.976 96.99087962490758
C07 824.988 95.22591259710143
C07 850.022 93.0495849615935
C07 869.967 89.87508667535788
C07 875.002 88.45378972622615
C07 899.999 81.68522832085264
C07 919.999 73.20771546397266
C07 925.012 70.75279956204885
C07 949.965 57.17456110657594
C07 975.002 42.258054729449505
C07 999.976 25.89354986380038
C07 1025.028 11.181741740987587
C07 1050.014 3.971853984405003
C07 1075.002 0.9368825936540117
C07 1099.99 0.09295663024600032
C10 319.994 38.564837688602985
C10 324.969 43.562341279627496
C10 349.982 65.62707187071364
C10 374.975 72.65766186214445
C10 400.019 81.61751510733164
C10 424.965 84.95863856086473
C10 450.035 87.65630122925025
C10 475.003 89.43338933815903
C10 500.018 92.08647697653826
C10 525.002 94.35476754927035
C10 550.029 95.22860449034692
C10 575.023 97.16757670738203
C10 599.982 97.93454699891173
C10 619.997 98.05977296531276
C10 624.979 98.11889631724138
C10 650.012 98.94226025996478
C10 675.004 98.71481796521346
C10 700.03 98.809986977539
C10 725.012 98.09183371632662
C10 750.022 98.18377396905714
C10 774.987 97.5321467661985
C10 799.976 96.61407506252026
C10 824.988 94.92821642554121
C10 850.022 92.94461624801465
C10 869.967 89.85544946536189
C10 875.002 88.50756709915315
C10 899.999 81.66336046898186
C10 919.999 73.4737894513961
C10 925.012 71.15564592313704
C10 949.965 56.920922002417186
C10 975.002 41.86458840648223
C10 999.976 25.56172676193043
C10 1025.028 10.988020891222142
C10 1050.014 3.9895379649796983
C10 1075.002 0.9353919871974737
C10 1099.99 0.09280873364277463
C11 319.994 39.21356127627547
C11 324.969 44.29548899113716
C11 349.982 66.79452933599278
C11 374.975 73.79298296143094
C11 400.019 82.26861300533864
C11 424.965 85.35348485719521
C11 450.035 87.9078117717556
C11 475.003 89.59956081558366
C11 500.018 92.19666312365473
C11 525.002 94.4298759077186
C11 550.029 95.2783364619078
C11 575.023 97.20117244246565
C11 599.982 97.9593411504623
C11 619.997 98.0812249348001
C11 624.979 98.14066586963969
C11 650.012 98.95588607914567
C11 675.004 98.73422833027301
C11 700.03 98.84131426325843
C11 725.012 98.15617450179286
C11 750.022 98.2972418062538
C11 774.987 97.69232953730166
C11 799.976 96.78892713951184
C11 824.988 95.08137456511328
C11 850.022 93.1243984216244
C11 869.967 89.98433519673715
C11 875.002 88.60827112792732
C11 899.999 81.6245170543691
C11 919.999 73.51533988225013
C11 925.012 71.33739408619576
C11 949.965 57.36934151123191
C11 975.002 41.7319446106603
C11 999.976 25.441566999109416
C11 1025.028 10.949148175805082
C11 1050.014 3.960379883964772
C11 1075.002 0.93647298862278
C11 1099.99 0.09291598961109791
C12 319.994 39.65324725503807
C12 324.969 44.79413574962394
C12 349.982 67.60762476459429
C12 374.975 74.55373014020488
C12 400.019 82.60006370343797
C12 424.965 85.46283923954482
C12 450.035 87.8950479633331
C12 475.003 89.51503839227402
C12 500.018 92.06969801274116
C12 525.002 94.26739444125973
C12 550.029 95.09676977479823
C12 575.023 97.00548087731507
C12 599.982 97.75796333890548
C12 619.997 97.87159752905552
C12 624.979 97.92891368299067
C12 650.012 98.74674260926545
C12 675.004 98.51648743730253
C12 700.03 98.64020110412744
C12 725.012 97.99632443659644
C12 750.022 98.19205380923643
C12 774.987 97.63840849591492
C12 799.976 96.75817452763133
C12 824.988 95.02470869999587
C12 850.022 93.04662085442429
C12 869.967 89.99433149693533
C12 875.002 88.55862233284313
C12 899.999 81.46633051870641
C12 919.999 73.41681356486559
C12 925.012 71.10515024029023
C12 949.965 57.51617823857577
C12 975.002 41.905318414816215
C12 999.976 25.354819605048412
C12 1025.028 10.902333997238896
C12 1050.014 3.9063458927034413
C12 1075.002 0.9354708665396421
C12 1099.99 0.0928165599786396
C13 319.994 40.106801020913736
C13 324.969 45.31320233313734
C13 349.982 68.47789267867121
C13 374.975 75.4045650047286
C13 400.019 83.11218127039908
C13 424.965 85.78423314546292
C13 450.035 88.11789286737302
C13 475.003 89.67767108869052
C13 500.018 92.1928899362123
C13 525.002 94.3702761814235
C13 550.029 95.18697844451408
C13 575.023 97.08945887277729
C13 599.982 97.83616434998692
C13 619.997 97.95007075406065
C13 624.979 98.00918654449139
C13 650.012 98.82430089302703
C13 675.004 98.60177357189811
C13 700.03 98.73515083301446
C13 725.012 98.13877549516954
C13 750.022 98.39027091467914
C13 774.987 97.8879984179586
C13 799.976 97.02811244047177
C13 824.988 95.27190162721139
C13 850.022 93.26356779011732
C13 869.967 90.20185680626909
C13 875.002 88.85390638657944
C13 899.999 81.5620742048709
C13 919.999 73.42889683847882
C13 925.012 71.2457033628953
C13 949.965 57.49413269150481
C13 975.002 42.27503407294045
C13 999.976 25.608199727904754
C13 1025.028 10.940742625723532
C13 1050.014 3.880715723043444
C13 1075.002 0.937359269932034
C13 1099.99 0.09300392562839219
C14 319.994 40.39193376374529
C14 324.969 45.63860005218323
C14 349.982 69.023348889788
C14 374.975 75.92228564161925
C14 400.019 83.34675405765184
C14 424.965 85.86881606075559
C14 450.035 88.12009326325627
C14 475.003 89.62724345932462
C14 500.018 92.10466237894116
C14 525.002 94.25857017323304
C14 550.029 95.0641948419285
C14 575.023 96.9562933336016
C14 599.982 97.6952785214751
C14 619.997 97.80938908599163
C14 624.979 97.86951055564047
C14 650.012 98.68032241188205
C14 675.004 98.46053235298591
C14 700.03 98.60901748686774
C14 725.012 98.04934565973538
C14 750.022 98.35055792781009
C14 774.987 97.89751078229243
C14 799.976 97.05505405742043
C14 824.988 95.29283941484285
C14 850.022 93.24548824868474
C14 869.967 90.20953172661793
C14 875.002 88.85919943509587
C14 899.999 81.61275136366685
C14 919.999 73.33505108828238
C14 925.012 71.01749735685802
C14 949.965 57.3440936698085
C14 975.002 42.482139719141834
C14 999.976 25.731656303801724
C14 1025.028 10.965514092780461
C14 1050.014 3.8564983720030805
C14 1075.002 0.936980925161748
C14 1099.99 0.09296638660786262
C15 319.994 40.73686661256578
C15 324.969 46.031128749413305
C15 349.982 69.65860544973509
C15 374.975 76.54024149441547
C15 400.019 83.70799705740083
C15 424.965 86.09185000224251
C15 450.035 88.2681927607462
C15 475.003 89.72696449337431
C15 500.018 92.17895409561831
C15 525.002 94.31202240175118
C15 550.029 95.10476227805805
C15 575.023 96.99103841636307
C15 599.982 97.7262655397899
C15 619.997 97.83626264945936
C15 624.979 97.89624801214636
C15 650.012 98.7039899002484
C15 675.004 98.48457035474841
C15 700.03 98.64313496530512
C15 725.012 98.1074860169395
C15 750.022 98.44664944287707
C15 774.987 98.02300896261717
C15 799.976 97.19451076283282
C15 824.988 95.42455314642545
C15 850.022 93.36350810760554
C15 869.967 90.30821683545797
C15 875.002 88.93711310925784
C15 899.999 81.7992783933861
C15 919.999 73.33038564409004
C15 925.012 70.91496344559674
C15 949.965 57.43111894891662
C15 975.002 42.58180404195742
C15 999.976 25.792276832310698
C15 1025.028 11.012951149734564
C15 1050.014 3.8584107220764525
C15 1075.002 0.9378963834665097
C15 1099.99 0.0930572175398468
C16 319.994 41.035916292246625
C16 324.969 46.372190111318915
C16 349.982 70.2220050953226
C16 374.975 77.04734578828172
C16 400.019 83.94682696796038
C16 424.965 86.19256159251456
C16 450.035 88.30098697705446
C16 475.003 89.71745969053836
C16 500.018 92.14081390030843
C16 525.002 94.26176112533867
C16 550.029 95.04011903267659
C16 575.023 96.92234220811758
C16 599.982 97.65239726699407
C16 619.997 97.76166847286699
C16 624.979 97.81634566404179
C16 650.012 98.62440513505481
C16 675.004 98.40345060548506
C16 700.03 98.56043486298472
C16 725.012 98.02901279193438
C16 750.022 98.36882650668969
C16 774.987 97.94684955596351
C16 799.976 97.11307343065847
C16 824.988 95.34656385728468
C16 850.022 93.28461900021698
C16 869.967 90.20765647514354
C16 875.002 88.8430329526271
C16 899.999 81.80987961341475
C16 919.999 73.26053252666883
C16 925.012 70.83881916193884
C16 949.965 57.396264224435875
C16 975.002 42.54761472929017
C16 999.976 25.818101237947502
C16 1025.028 11.04762061751723
C16 1050.014 3.8777901322540687
C16 1075.002 0.937154968163832
C16 1099.99 0.09298365499463936
C17 319.994 41.22373255735454
C17 324.969 46.58786293461905
C17 349.982 70.60020853481784
C17 374.975 77.41264175089474
C17 400.019 84.10987554676029
C17 424.965 86.25503468800429
C17 450.035 88.30262026059668
C17 475.003 89.68767495038658
C17 500.018 92.09127852769245
C17 525.002 94.19464527015023
C17 550.029 94.96591049247613
C17 575.023 96.8380768757359
C17 599.982 97.56752701478194
C17 619.997 97.67396265894962
C17 624.979 97.72830714421768
C17 650.012 98.53576925689812
C17 675.004 98.31413419251912
C17 700.03 98.4589746844225
C17 725.012 97.88764302755821
C17 750.022 98.16742601063923
C17 774.987 97.68805729099911
C17 799.976 96.82971385907993
C17 824.988 95.07785090710091
C17 850.022 93.0168814832598
C17 869.967 89.91828551274989
C17 875.002 88.55010052473168
C17 899.999 81.6368498574124
C17 919.999 73.18344305577585
C17 925.012 70.77925724313316
C17 949.965 57.25180180742653
C17 975.002 42.33789280482209
C17 999.976 25.769860771843582
C17 1025.028 11.086707890436653
C17 1050.014 3.920246525072927
C17 1075.002 0.9352362368595983
C17 1099.99 0.09279328023733553
