ts8/qe_curve/rtm-024_s21/19700101T000000.ecsv
# %ECSV 0.9
# ---
# datatype:
# - {name: amp_name, datatype: string}
# - {name: wavelength, unit: nm, datatype: float32}
# - {name: efficiency, unit: '%', datatype: float32}
# meta: !!omap
# - {MODE: AMP}
# - {TYPE: QE}
# - {CALIBDATE: '1970-01-01T00:00:00'}
# - {INSTRUME: TS8}
# - {OBSTYPE: qe_curve}
# - {DETECTOR: 178}
# - {PICKLEFILE: RaftRun11351.p}
# - {CALIB_ID: 'raftName=RTM-024 detectorName=S21 detector=178 calibDate=1970-01-01T00:00:00 ccd=178 ccdnum=178 filter=None'}
# - {DATE: '2019-12-12T17:29:00.814048'}
# - {CALIB_CREATION_DATE: '2019-12-12'}
# - {CALIB_CREATION_TIME: '17:29:00'}
# - __serialized_columns__:
#     efficiency:
#       __class__: astropy.units.quantity.Quantity
#       unit: !astropy.units.Unit {unit: '%'}
#       value: !astropy.table.SerializedColumn {name: efficiency}
#     wavelength:
#       __class__: astropy.units.quantity.Quantity
#       unit: !astropy.units.Unit {unit: nm}
#       value: !astropy.table.SerializedColumn {name: wavelength}
# schema: astropy-2.0
amp_name wavelength efficiency
C05 319.994 46.063786
C05 324.969 51.96774
C05 349.982 77.0744
C05 374.975 81.91581
C05 400.019 87.55793
C05 424.965 87.926575
C05 450.035 88.91761
C05 475.003 91.0526
C05 500.018 93.05283
C05 525.002 94.98923
C05 550.029 96.51669
C05 575.023 97.231255
C05 599.982 98.745674
C05 619.997 98.92444
C05 624.979 99.0419
C05 650.012 99.38995
C05 675.004 99.62115
C05 700.03 98.99383
C05 725.012 98.561874
C05 750.022 98.943405
C05 774.987 99.25604
C05 799.976 98.49103
C05 824.988 96.60893
C05 850.022 94.723946
C05 869.967 91.49253
C05 875.002 90.88758
C05 899.999 83.53707
C05 919.999 74.07931
C05 925.012 72.080124
C05 949.965 58.43988
C05 975.002 43.757668
C05 999.976 26.672333
C05 1025.028 11.495255
C05 1050.014 4.056027
C05 1075.002 2.1547759
C05 1099.99 1.58293
C13 319.994 46.197956
C13 324.969 52.136948
C13 349.982 77.92382
C13 374.975 83.1367
C13 400.019 88.23836
C13 424.965 88.27437
C13 450.035 89.0682
C13 475.003 91.08709
C13 500.018 93.01534
C13 525.002 94.91794
C13 550.029 96.4328
C13 575.023 97.15834
C13 599.982 98.68675
C13 619.997 98.885284
C13 624.979 99.0045
C13 650.012 99.37902
C13 675.004 99.623245
C13 700.03 98.933365
C13 725.012 98.26714
C13 750.022 98.33167
C13 774.987 98.31306
C13 799.976 97.43242
C13 824.988 95.59487
C13 850.022 93.53235
C13 869.967 90.39942
C13 875.002 89.9166
C13 899.999 82.92216
C13 919.999 73.5765
C13 925.012 71.538124
C13 949.965 57.738354
C13 975.002 43.39535
C13 999.976 26.374702
C13 1025.028 11.549969
C13 1050.014 4.058001
C13 1075.002 2.141361
C13 1099.99 1.5547688
C11 319.994 46.48372
C11 324.969 52.453987
C11 349.982 78.18404
C11 374.975 83.18405
C11 400.019 88.23848
C11 424.965 88.28146
C11 450.035 89.09349
C11 475.003 91.12225
C11 500.018 93.05502
C11 525.002 94.95675
C11 550.029 96.46558
C11 575.023 97.18088
C11 599.982 98.69661
C11 619.997 98.88468
C11 624.979 99.00065
C11 650.012 99.36401
C11 675.004 99.594604
C11 700.03 98.90272
C11 725.012 98.25222
C11 750.022 98.34063
C11 774.987 98.35158
C11 799.976 97.47988
C11 824.988 95.635284
C11 850.022 93.634285
C11 869.967 90.44335
C11 875.002 89.93505
C11 899.999 82.73146
C11 919.999 73.60346
C11 925.012 71.60249
C11 949.965 57.800068
C11 975.002 43.536182
C11 999.976 26.481892
C11 1025.028 11.520988
C11 1050.014 4.038299
C11 1075.002 2.118931
C11 1099.99 1.5567309
C07 319.994 46.29728
C07 324.969 52.227665
C07 349.982 77.28257
C07 374.975 82.018555
C07 400.019 87.68091
C07 424.965 88.087036
C07 450.035 89.11116
C07 475.003 91.2712
C07 500.018 93.28268
C07 525.002 95.2294
C07 550.029 96.76226
C07 575.023 97.47492
C07 599.982 98.981895
C07 619.997 99.15717
C07 624.979 99.27226
C07 650.012 99.61417
C07 675.004 99.83914
C07 700.03 99.21304
C07 725.012 98.8045
C07 750.022 99.22347
C07 774.987 99.57674
C07 799.976 98.828445
C07 824.988 96.961655
C07 850.022 95.06137
C07 869.967 91.819565
C07 875.002 91.24219
C07 899.999 84.002144
C07 919.999 74.20714
C07 925.012 72.129074
C07 949.965 58.74896
C07 975.002 44.061333
C07 999.976 26.97848
C07 1025.028 11.574833
C07 1050.014 4.1120806
C07 1075.002 2.1818135
C07 1099.99 1.5940747
C00 319.994 45.503506
C00 324.969 51.34931
C00 349.982 76.53877
C00 374.975 81.72158
C00 400.019 87.50331
C00 424.965 87.89212
C00 450.035 88.87795
C00 475.003 91.01086
C00 500.018 93.01189
C00 525.002 94.96322
C00 550.029 96.51276
C00 575.023 97.25419
C00 599.982 98.78987
C00 619.997 98.99058
C00 624.979 99.11284
C00 650.012 99.48993
C00 675.004 99.73957
C00 700.03 99.12721
C00 725.012 98.70214
C00 750.022 99.07963
C00 774.987 99.39695
C00 799.976 98.64593
C00 824.988 96.74395
C00 850.022 94.789444
C00 869.967 91.70176
C00 875.002 91.20429
C00 899.999 83.62842
C00 919.999 74.11654
C00 925.012 72.03985
C00 949.965 58.543724
C00 975.002 44.163826
C00 999.976 26.670845
C00 1025.028 11.641919
C00 1050.014 4.105082
C00 1075.002 2.1809125
C00 1099.99 1.5841451
C01 319.994 45.66226
C01 324.969 51.523396
C01 349.982 76.712036
C01 374.975 81.8653
C01 400.019 87.60853
C01 424.965 87.98743
C01 450.035 88.97911
C01 475.003 91.11061
C01 500.018 93.11511
C01 525.002 95.062386
C01 550.029 96.60838
C01 575.023 97.34336
C01 599.982 98.87494
C01 619.997 99.07393
C01 624.979 99.19159
C01 650.012 99.56406
C01 675.004 99.81296
C01 700.03 99.19444
C01 725.012 98.75942
C01 750.022 99.12854
C01 774.987 99.4405
C01 799.976 98.68208
C01 824.988 96.7762
C01 850.022 94.83064
C01 869.967 91.7407
C01 875.002 91.24417
C01 899.999 83.67499
C01 919.999 74.14245
C01 925.012 72.067055
C01 949.965 58.610214
C01 975.002 44.190853
C01 999.976 26.723103
C01 1025.028 11.637092
C01 1050.014 4.0996895
C01 1075.002 2.1817126
C01 1099.99 1.5865288
C12 319.994 46.203114
C12 324.969 52.139324
C12 349.982 77.83345
C12 374.975 82.928276
C12 400.019 88.024704
C12 424.965 88.07529
C12 450.035 88.882195
C12 475.003 90.90296
C12 500.018 92.83347
C12 525.002 94.73349
C12 550.029 96.242836
C12 575.023 96.96153
C12 599.982 98.47883
C12 619.997 98.672424
C12 624.979 98.78987
C12 650.012 99.156654
C12 675.004 99.39454
C12 700.03 98.70446
C12 725.012 98.0432
C12 750.022 98.11412
C12 774.987 98.10904
C12 799.976 97.233574
C12 824.988 95.38891
C12 850.022 93.359344
C12 869.967 90.23839
C12 875.002 89.75897
C12 899.999 82.607
C12 919.999 73.38299
C12 925.012 71.373726
C12 949.965 57.638714
C12 975.002 43.340668
C12 999.976 26.34978
C12 1025.028 11.518446
C12 1050.014 4.0359206
C12 1075.002 2.1265721
C12 1099.99 1.5497625
C10 319.994 46.555695
C10 324.969 52.534973
C10 349.982 78.174355
C10 374.975 83.09259
C10 400.019 88.15182
C10 424.965 88.21076
C10 450.035 89.036476
C10 475.003 91.07288
C10 500.018 93.01342
C10 525.002 94.91289
C10 550.029 96.41843
C10 575.023 97.12856
C10 599.982 98.64119
C10 619.997 98.82523
C10 624.979 98.93975
C10 650.012 99.29314
C10 675.004 99.52337
C10 700.03 98.8351
C10 725.012 98.19832
C10 750.022 98.31121
C10 774.987 98.34982
C10 799.976 97.483795
C10 824.988 95.64842
C10 850.022 93.66503
C10 869.967 90.42015
C10 875.002 89.903275
C10 899.999 82.75307
C10 919.999 73.585434
C10 925.012 71.60142
C10 949.965 57.910477
C10 975.002 43.611816
C10 999.976 26.586468
C10 1025.028 11.518885
C10 1050.014 4.015725
C10 1075.002 2.1245172
C10 1099.99 1.5625206
C02 319.994 45.616627
C02 324.969 51.470047
C02 349.982 76.59138
C02 374.975 81.66235
C02 400.019 87.40468
C02 424.965 87.7953
C02 450.035 88.78602
C02 475.003 90.916824
C02 500.018 92.917946
C02 525.002 94.86143
C02 550.029 96.398476
C02 575.023 97.12847
C02 599.982 98.65513
C02 619.997 98.85031
C02 624.979 98.967964
C02 650.012 99.331436
C02 675.004 99.58147
C02 700.03 98.95593
C02 725.012 98.521225
C02 750.022 98.88823
C02 774.987 99.191124
C02 799.976 98.43195
C02 824.988 96.534584
C02 850.022 94.601685
C02 869.967 91.49419
C02 875.002 90.97641
C02 899.999 83.44137
C02 919.999 73.96511
C02 925.012 71.93193
C02 949.965 58.47066
C02 975.002 43.97643
C02 999.976 26.646114
C02 1025.028 11.5758095
C02 1050.014 4.076779
C02 1075.002 2.166985
C02 1099.99 1.581045
C06 319.994 46.272903
C06 324.969 52.20292
C06 349.982 77.335014
C06 374.975 82.11717
C06 400.019 87.75982
C06 424.965 88.14001
C06 450.035 89.14071
C06 475.003 91.29148
C06 500.018 93.296036
C06 525.002 95.24137
C06 550.029 96.76869
C06 575.023 97.48628
C06 599.982 98.99687
C06 619.997 99.17556
C06 624.979 99.288284
C06 650.012 99.63587
C06 675.004 99.86329
C06 700.03 99.23797
C06 725.012 98.813644
C06 750.022 99.21176
C06 774.987 99.54427
C06 799.976 98.78598
C06 824.988 96.90672
C06 850.022 95.006584
C06 869.967 91.72135
C06 875.002 91.189995
C06 899.999 83.87892
C06 919.999 74.20439
C06 925.012 72.08077
C06 949.965 58.716347
C06 975.002 44.15851
C06 999.976 27.004679
C06 1025.028 11.560672
C06 1050.014 4.092833
C06 1075.002 2.1762216
C06 1099.99 1.5934446
C16 319.994 45.89594
C16 324.969 51.79997
C16 349.982 77.71523
C16 374.975 83.2234
C16 400.019 88.39081
C16 424.965 88.41877
C16 450.035 89.19826
C16 475.003 91.20599
C16 500.018 93.13887
C16 525.002 95.04906
C16 550.029 96.5768
C16 575.023 97.318405
C16 599.982 98.8653
C16 619.997 99.08017
C16 624.979 99.20591
C16 650.012 99.596535
C16 675.004 99.8589
C16 700.03 99.18358
C16 725.012 98.530876
C16 750.022 98.601166
C16 774.987 98.598946
C16 799.976 97.72681
C16 824.988 95.885376
C16 850.022 93.821205
C16 869.967 90.64281
C16 875.002 90.15995
C16 899.999 83.23321
C16 919.999 74.026855
C16 925.012 72.003784
C16 949.965 57.932205
C16 975.002 43.567253
C16 999.976 26.42653
C16 1025.028 11.493206
C16 1050.014 4.0819416
C16 1075.002 2.179689
C16 1099.99 1.5715344
C15 319.994 45.934532
C15 324.969 51.841324
C15 349.982 77.69832
C15 374.975 83.08644
C15 400.019 88.24545
C15 424.965 88.2781
C15 450.035 89.062454
C15 475.003 91.07345
C15 500.018 93.00213
C15 525.002 94.90684
C15 550.029 96.42802
C15 575.023 97.1642
C15 599.982 98.705154
C15 619.997 98.91283
C15 624.979 99.03962
C15 650.012 99.42203
C15 675.004 99.67977
C15 700.03 98.99512
C15 725.012 98.33658
C15 750.022 98.39912
C15 774.987 98.38551
C15 799.976 97.51137
C15 824.988 95.67611
C15 850.022 93.619736
C15 869.967 90.458595
C15 875.002 89.977325
C15 899.999 83.079414
C15 919.999 73.83748
C15 925.012 71.80729
C15 949.965 57.822018
C15 975.002 43.48975
C15 999.976 26.40664
C15 1025.028 11.495907
C15 1050.014 4.065774
C15 1075.002 2.1655867
C15 1099.99 1.5642272
C14 319.994 46.25066
C14 324.969 52.198433
C14 349.982 78.13852
C14 374.975 83.446976
C14 400.019 88.54378
C14 424.965 88.555885
C14 450.035 89.3384
C14 475.003 91.35066
C14 500.018 93.28174
C14 525.002 95.18925
C14 550.029 96.71029
C14 575.023 97.4453
C14 599.982 98.98072
C14 619.997 99.18858
C14 624.979 99.3063
C14 650.012 99.68843
C14 675.004 99.939835
C14 700.03 99.25212
C14 725.012 98.58321
C14 750.022 98.64125
C14 774.987 98.62624
C14 799.976 97.747345
C14 824.988 95.90746
C14 850.022 93.83364
C14 869.967 90.686134
C14 875.002 90.20685
C14 899.999 83.283615
C14 919.999 73.895836
C14 925.012 71.84617
C14 949.965 57.95533
C14 975.002 43.58731
C14 999.976 26.483164
C14 1025.028 11.573728
C14 1050.014 4.0768843
C14 1075.002 2.1635044
C14 1099.99 1.5660055
C04 319.994 46.160275
C04 324.969 52.078438
C04 349.982 77.309784
C04 374.975 82.24879
C04 400.019 87.90546
C04 424.965 88.2602
C04 450.035 89.24506
C04 475.003 91.3798
C04 500.018 93.38023
C04 525.002 95.324585
C04 550.029 96.85947
C04 575.023 97.58198
C04 599.982 99.10426
C04 619.997 99.28961
C04 624.979 99.40867
C04 650.012 99.76312
C04 675.004 99.9983
C04 700.03 99.37039
C04 725.012 98.929756
C04 750.022 99.298874
C04 774.987 99.607834
C04 799.976 98.83917
C04 824.988 96.94257
C04 850.022 95.02447
C04 869.967 91.83175
C04 875.002 91.25136
C04 899.999 83.75344
C04 919.999 74.30152
C04 925.012 72.35793
C04 949.965 58.710793
C04 975.002 43.95335
C04 999.976 26.734692
C04 1025.028 11.561223
C04 1050.014 4.0700912
C04 1075.002 2.1611729
C04 1099.99 1.5863885
C17 319.994 45.5088
C17 324.969 51.366318
C17 349.982 77.20955
C17 374.975 82.76418
C17 400.019 87.926796
C17 424.965 87.949295
C17 450.035 88.720024
C17 475.003 90.71798
C17 500.018 92.63519
C17 525.002 94.54319
C17 550.029 96.07097
C17 575.023 96.81825
C17 599.982 98.36426
C17 619.997 98.58513
C17 624.979 98.70806
C17 650.012 99.10724
C17 675.004 99.37371
C17 700.03 98.71532
C17 725.012 98.07995
C17 750.022 98.16898
C17 774.987 98.18232
C17 799.976 97.32584
C17 824.988 95.4922
C17 850.022 93.44304
C17 869.967 90.279594
C17 875.002 89.80712
C17 899.999 82.84554
C17 919.999 73.81007
C17 925.012 71.76485
C17 949.965 57.649647
C17 975.002 43.424015
C17 999.976 26.356264
C17 1025.028 11.4764595
C17 1050.014 4.071116
C17 1075.002 2.1730773
C17 1099.99 1.5643735
C03 319.994 45.98229
C03 324.969 51.880146
C03 349.982 77.11209
C03 374.975 82.105995
C03 400.019 87.75325
C03 424.965 88.09932
C03 450.035 89.07557
C03 475.003 91.20144
C03 500.018 93.19778
C03 525.002 95.13925
C03 550.029 96.67346
C03 575.023 97.39945
C03 599.982 98.92517
C03 619.997 99.11364
C03 624.979 99.23047
C03 650.012 99.59264
C03 675.004 99.83315
C03 700.03 99.20906
C03 725.012 98.768936
C03 750.022 99.1346
C03 774.987 99.43856
C03 799.976 98.6751
C03 824.988 96.773315
C03 850.022 94.8495
C03 869.967 91.70058
C03 875.002 91.14602
C03 899.999 83.64974
C03 919.999 74.20746
C03 925.012 72.14454
C03 949.965 58.522293
C03 975.002 44.000072
C03 999.976 26.738144
C03 1025.028 11.599982
C03 1050.014 4.0796995
C03 1075.002 2.1635253
C03 1099.99 1.583834
