lsstCam/transmission_sensor/r43_s11/19700101T000000.ecsv
# %ECSV 1.0
# ---
# datatype:
# - {name: amp_name, datatype: string}
# - {name: wavelength, unit: nm, datatype: float32}
# - {name: efficiency, unit: '%', datatype: float64}
# meta: !!omap
# - {MODE: AMP}
# - {TYPE: transmission_sensor}
# - {CALIBDATE: '1970-01-01T00:00:00'}
# - {INSTRUME: LSSTCam}
# - {OBSTYPE: transmission_sensor}
# - {DETECTOR: 184}
# - {PARQUETFILE: qe_raft_allvalues_nircorrected_20230725_adjust.parquet}
# - {CORRFILE: qe_corr_factor_bydetnum.parquet}
# - {CALIBCLS: lsst.ip.isr.IntermediateSensorTransmissionCurve}
# - {CALIB_ID: 'raftName=R43 detectorName=S11 detector=184 calibDate=1970-01-01T00:00:00 ccd=184 ccdnum=184 filter=None'}
# - {DATE: '2025-03-03T21:56:48.424556'}
# - {CALIB_CREATION_DATE: '2025-03-03'}
# - {CALIB_CREATION_TIME: '21:56:48'}
# - __serialized_columns__:
#     efficiency:
#       __class__: astropy.units.quantity.Quantity
#       unit: !astropy.units.Unit {unit: '%'}
#       value: !astropy.table.SerializedColumn {name: efficiency}
#     wavelength:
#       __class__: astropy.units.quantity.Quantity
#       unit: !astropy.units.Unit {unit: nm}
#       value: !astropy.table.SerializedColumn {name: wavelength}
# schema: astropy-2.0
amp_name wavelength efficiency
C00 319.994 52.32442254025412
C00 324.969 54.72137498557906
C00 349.982 66.30732632956462
C00 374.975 79.77090190314503
C00 400.019 87.73436826182598
C00 424.965 87.60607462933073
C00 450.035 87.36618803884834
C00 475.003 86.52297236062563
C00 500.018 86.9785364520079
C00 525.002 88.10179075484199
C00 550.029 89.35150176905219
C00 575.023 91.60032948763327
C00 599.982 92.82462975969553
C00 619.997 93.99558278092303
C00 624.979 94.09037556450814
C00 650.012 95.03611440269229
C00 675.004 95.9605985327605
C00 700.03 96.68452914580969
C00 725.012 97.11815733749435
C00 750.022 98.1006345980611
C00 774.987 98.60352236977496
C00 799.976 98.54963169644249
C00 824.988 98.05563768448042
C00 850.022 95.91942088434
C00 869.967 93.46619742206572
C00 875.002 92.31526684103673
C00 899.999 85.86894424999734
C00 919.999 77.71847166755094
C00 925.012 75.26545485890256
C00 949.965 60.824591326916924
C00 975.002 44.86086278338744
C00 999.976 28.796342760743187
C00 1025.028 14.09495215065843
C00 1050.014 5.654008284046707
C00 1075.002 0.9345943428004315
C00 1099.99 0.09272959209848095
C01 319.994 52.621437377541476
C01 324.969 55.02596329556383
C01 349.982 66.70670359621549
C01 374.975 80.28493366298162
C01 400.019 88.17912513395737
C01 424.965 87.9605009054289
C01 450.035 87.62358661066644
C01 475.003 86.65601902651663
C01 500.018 87.0249952486459
C01 525.002 88.11088351438168
C01 550.029 89.39122518825339
C01 575.023 91.70348791614843
C01 599.982 92.9648863409791
C01 619.997 94.15534134142138
C01 624.979 94.25046324004033
C01 650.012 95.20365691643295
C01 675.004 96.13326146412074
C01 700.03 96.84192267036715
C01 725.012 97.26451402766105
C01 750.022 98.21788374232759
C01 774.987 98.69323300493049
C01 799.976 98.61603639489904
C01 824.988 98.10714036035803
C01 850.022 95.98584089047255
C01 869.967 93.46057185113838
C01 875.002 92.2707827346018
C01 899.999 85.59913880678711
C01 919.999 77.62491880572124
C01 925.012 75.22266225066481
C01 949.965 60.93227317368793
C01 975.002 44.67311031041735
C01 999.976 28.6337082706177
C01 1025.028 14.073440082239868
C01 1050.014 5.620114697574382
C01 1075.002 0.9357116283048943
C01 1099.99 0.09284044813980465
C02 319.994 52.23581023085109
C02 324.969 54.59625769585231
C02 349.982 66.2287902978838
C02 374.975 80.17011843919798
C02 400.019 88.31228660741832
C02 424.965 88.16964968251786
C02 450.035 87.8268266248222
C02 475.003 86.8169868934184
C02 500.018 87.12601060252206
C02 525.002 88.15869704034505
C02 550.029 89.38302792775927
C02 575.023 91.6553835443412
C02 599.982 92.89648399080549
C02 619.997 94.07812942371393
C02 624.979 94.17651951115734
C02 650.012 95.12972084138796
C02 675.004 96.06946672442095
C02 700.03 96.7888433038623
C02 725.012 97.22705614450679
C02 750.022 98.1840614322216
C02 774.987 98.66229619174914
C02 799.976 98.5958532241026
C02 824.988 98.09451918150201
C02 850.022 95.99501784223021
C02 869.967 93.425440734735
C02 875.002 92.1825033671516
C02 899.999 85.22550905115604
C02 919.999 77.32396224186576
C02 925.012 74.99339918732139
C02 949.965 61.08056628486771
C02 975.002 44.73357563058872
C02 999.976 28.46738463057796
C02 1025.028 14.017674218598275
C02 1050.014 5.609134310238832
C02 1075.002 0.9353893766356233
C02 1099.99 0.09280847462522611
C03 319.994 51.91276086361906
C03 324.969 54.24006338317698
C03 349.982 65.85679846358396
C03 374.975 80.13050982756674
C03 400.019 88.48139815794823
C03 424.965 88.3821891098392
C03 450.035 88.00878896934803
C03 475.003 86.9515030962047
C03 500.018 87.21455020046413
C03 525.002 88.20540075979893
C03 550.029 89.39948367945148
C03 575.023 91.64785982159077
C03 599.982 92.87678301180283
C03 619.997 94.05607871644638
C03 624.979 94.15282322872056
C03 650.012 95.11919681414294
C03 675.004 96.07133426089207
C03 700.03 96.79794371723999
C03 725.012 97.25147188771523
C03 750.022 98.2241828509986
C03 774.987 98.71586540388577
C03 799.976 98.66854172355417
C03 824.988 98.15894153591749
C03 850.022 96.06422384539343
C03 869.967 93.50713014767032
C03 875.002 92.25802378666184
C03 899.999 85.18890074401936
C03 919.999 77.1760518225858
C03 925.012 74.84789972701029
C03 949.965 61.00313240585838
C03 975.002 44.68156014756535
C03 999.976 28.326521482633165
C03 1025.028 13.948036730318002
C03 1050.014 5.592483864042592
C03 1075.002 0.9357714821845984
C03 1099.99 0.09284638678676226
C04 319.994 51.42967739772082
C04 324.969 53.70778487355704
C04 349.982 65.2069187331497
C04 374.975 79.72969363937254
C04 400.019 88.30969961017554
C04 424.965 88.30347703988448
C04 450.035 87.92232356150298
C04 475.003 86.8334579527866
C04 500.018 87.0651319750989
C04 525.002 88.01599123090261
C04 550.029 89.17858626103808
C04 575.023 91.39520662933042
C04 599.982 92.60745976038636
C04 619.997 93.78180343184626
C04 624.979 93.87456794836233
C04 650.012 94.84358210789347
C04 675.004 95.78920613850767
C04 700.03 96.52672996783842
C04 725.012 96.9911342421065
C04 750.022 97.98045403384202
C04 774.987 98.48846222317545
C04 799.976 98.45347652969402
C04 824.988 97.94201645942422
C04 850.022 95.84779626836992
C04 869.967 93.30535967040987
C04 875.002 92.05932249843792
C04 899.999 84.99325333715602
C04 919.999 76.89305116266982
C04 925.012 74.55111450486282
C04 949.965 60.75797997483447
C04 975.002 44.47529304048202
C04 999.976 28.172405714197648
C04 1025.028 13.838148664744537
C04 1050.014 5.5445062589271865
C04 1075.002 0.933449337965465
C04 1099.99 0.0926159857706499
C05 319.994 51.0814928265087
C05 324.969 53.32403674409476
C05 349.982 64.7759311155738
C05 374.975 79.56972077141029
C05 400.019 88.34191461430228
C05 424.965 88.37257588931577
C05 450.035 87.97763784870278
C05 475.003 86.88048313343633
C05 500.018 87.0889736804576
C05 525.002 87.99697909731962
C05 550.029 89.11760047988297
C05 575.023 91.30637618554448
C05 599.982 92.50364310180352
C05 619.997 93.67082278089882
C05 624.979 93.76648044817752
C05 650.012 94.73550226154664
C05 675.004 95.6881831307935
C05 700.03 96.4501227033327
C05 725.012 96.9301101917614
C05 750.022 97.95807421154062
C05 774.987 98.49567213856804
C05 799.976 98.48165796119667
C05 824.988 97.98457179868407
C05 850.022 95.89185175987706
C05 869.967 93.34869570114536
C05 875.002 92.11581547668918
C05 899.999 85.06454118425425
C05 919.999 76.88639997745096
C05 925.012 74.52850506742153
C05 949.965 60.746958448119685
C05 975.002 44.41416566332397
C05 999.976 28.19189238573642
C05 1025.028 13.838983889815893
C05 1050.014 5.538033025441751
C05 1075.002 0.9332358357732136
C05 1099.99 0.09259480227927513
C06 319.994 50.70493547784402
C06 324.969 52.91248604811065
C06 349.982 64.29370105261215
C06 374.975 79.33476325259755
C06 400.019 88.28053848740934
C06 424.965 88.35706155969712
C06 450.035 87.9545844886577
C06 475.003 86.83771348671259
C06 500.018 87.01503760541262
C06 525.002 87.87790068577202
C06 550.029 88.94746331506153
C06 575.023 91.09015526214687
C06 599.982 92.25982243859099
C06 619.997 93.41640920589928
C06 624.979 93.50777307006203
C06 650.012 94.47760619025877
C06 675.004 95.4333026716762
C06 700.03 96.21341245561878
C06 725.012 96.72135941424825
C06 750.022 97.7923380035671
C06 774.987 98.36874088923615
C06 799.976 98.37882864771537
C06 824.988 97.88700832574426
C06 850.022 95.79085936751488
C06 869.967 93.25346664879444
C06 875.002 92.02060938585225
C06 899.999 84.92155218280597
C06 919.999 76.6637268686224
C06 925.012 74.2987904276363
C06 949.965 60.584616717297564
C06 975.002 44.28873456623937
C06 999.976 28.095522911524053
C06 1025.028 13.772197456189268
C06 1050.014 5.512457247411988
C06 1075.002 0.9316565108596586
C06 1099.99 0.0924381031122482
C07 319.994 50.203739204327356
C07 324.969 52.36118009723172
C07 349.982 63.608058764139834
C07 374.975 78.92763264805635
C07 400.019 88.19991295795552
C07 424.965 88.38744729654272
C07 450.035 87.97687246490314
C07 475.003 86.811499091575
C07 500.018 86.9534242095418
C07 525.002 87.81367733114442
C07 550.029 88.88069888621915
C07 575.023 91.00819796488167
C07 599.982 92.16698138369495
C07 619.997 93.3209275768945
C07 624.979 93.41642451357528
C07 650.012 94.39194443540333
C07 675.004 95.36343078460729
C07 700.03 96.15965189753224
C07 725.012 96.71362903787191
C07 750.022 97.82746911997046
C07 774.987 98.45122630132309
C07 799.976 98.49374337139295
C07 824.988 98.01764403266641
C07 850.022 95.91895400022223
C07 869.967 93.37804816986146
C07 875.002 92.12306366127174
C07 899.999 84.77107007395924
C07 919.999 76.42950411825733
C07 925.012 74.10250009838126
C07 949.965 60.74401937432908
C07 975.002 44.48752387360023
C07 999.976 28.036622801222947
C07 1025.028 13.668390364903926
C07 1050.014 5.470874902307429
C07 1075.002 0.9319907825974018
C07 1099.99 0.09247126924697793
C10 319.994 53.10936954981042
C10 324.969 55.56744937229341
C10 349.982 67.347613028518
C10 374.975 80.61953649866916
C10 400.019 88.26919549949872
C10 424.965 87.95682706319064
C10 450.035 87.64285132090332
C10 475.003 86.70642720356075
C10 500.018 87.09485948187681
C10 525.002 88.23773822533362
C10 550.029 89.54143175893226
C10 575.023 91.86072836394597
C10 599.982 93.1262215921047
C10 619.997 94.31307928868868
C10 624.979 94.41390329661493
C10 650.012 95.34388288236455
C10 675.004 96.25327364390391
C10 700.03 96.98654959314668
C10 725.012 97.37378021889731
C10 750.022 98.362717318733
C10 774.987 98.84571276549428
C10 799.976 98.74427645052832
C10 824.988 98.22285108318724
C10 850.022 96.14808694831972
C10 869.967 94.01405914584628
C10 875.002 92.8831510050158
C10 899.999 85.9300524925604
C10 919.999 77.1125096595399
C10 925.012 74.5188535777081
C10 949.965 59.95920630693772
C10 975.002 44.63190587356386
C10 999.976 28.83926739768636
C10 1025.028 14.11039185535662
C10 1050.014 5.860177326330702
C10 1075.002 0.9370913273358962
C10 1099.99 0.0929773406101572
C11 319.994 52.79548565357906
C11 324.969 55.215066670940274
C11 349.982 66.98104011151958
C11 374.975 80.638870093448
C11 400.019 88.52597411043912
C11 424.965 88.25712539697844
C11 450.035 87.89599435879545
C11 475.003 86.86509891906361
C11 500.018 87.16822151907208
C11 525.002 88.27433887863228
C11 550.029 89.56678127037625
C11 575.023 91.89057833213184
C11 599.982 93.15865855753334
C11 619.997 94.35508355161278
C11 624.979 94.45479775302957
C11 650.012 95.39289806089333
C11 675.004 96.31305777249361
C11 700.03 97.0517679467138
C11 725.012 97.44099622418148
C11 750.022 98.42554767484525
C11 774.987 98.89870793978119
C11 799.976 98.80369319489418
C11 824.988 98.31093910468752
C11 850.022 96.23700158432362
C11 869.967 94.1071374697202
C11 875.002 92.99906072763292
C11 899.999 86.17959057275624
C11 919.999 77.45377133428428
C11 925.012 74.86272521120927
C11 949.965 60.3372408463357
C11 975.002 44.668762930435406
C11 999.976 28.82520347036802
C11 1025.028 14.226736890009775
C11 1050.014 5.925017293281873
C11 1075.002 0.9376899916110996
C11 1099.99 0.09303673952956132
C12 319.994 52.32942049646576
C12 324.969 54.703579812237486
C12 349.982 66.40776764559105
C12 374.975 80.40540507304456
C12 400.019 88.52959437581141
C12 424.965 88.3203307911525
C12 450.035 87.92702301803276
C12 475.003 86.83647356495717
C12 500.018 87.08648618310878
C12 525.002 88.15278062357385
C12 550.029 89.42098331038329
C12 575.023 91.72822512055272
C12 599.982 92.98631708736896
C12 619.997 94.17829520157251
C12 624.979 94.27531525201456
C12 650.012 95.21973763006334
C12 675.004 96.14968660046097
C12 700.03 96.89773445703673
C12 725.012 97.29538195630043
C12 750.022 98.28511505528775
C12 774.987 98.76376312206709
C12 799.976 98.67857590516742
C12 824.988 98.18830165847159
C12 850.022 96.10266907364922
C12 869.967 93.93825553433017
C12 875.002 92.83258975121176
C12 899.999 86.03137399995643
C12 919.999 77.38740490501772
C12 925.012 74.82960705419895
C12 949.965 60.40945863475051
C12 975.002 44.53567799535443
C12 999.976 28.632282743290876
C12 1025.028 14.173521667880474
C12 1050.014 5.896849734360586
C12 1075.002 0.9363520459444636
C12 1099.99 0.09290398978966312
C13 319.994 52.096414706342095
C13 324.969 54.432526793433844
C13 349.982 66.10642838983574
C13 374.975 80.45964782292488
C13 400.019 88.83324509064161
C13 424.965 88.68371971154443
C13 450.035 88.25814335743195
C13 475.003 87.1153794215451
C13 500.018 87.3221172396652
C13 525.002 88.34626199428422
C13 550.029 89.58956674609146
C13 575.023 91.87428331103756
C13 599.982 93.12449947855552
C13 619.997 94.31511520959572
C13 624.979 94.41012995448271
C13 650.012 95.36562743611225
C13 675.004 96.3054651652012
C13 700.03 97.05851863182659
C13 725.012 97.47777291575406
C13 750.022 98.4737974695744
C13 774.987 98.96228071817907
C13 799.976 98.88849771989402
C13 824.988 98.3958660910953
C13 850.022 96.28146272924457
C13 869.967 94.0496954155574
C13 875.002 92.92960980165381
C13 899.999 86.10721588066251
C13 919.999 77.46840547253336
C13 925.012 74.92031268829399
C13 949.965 60.53725859469499
C13 975.002 44.52123137613627
C13 999.976 28.500533402940263
C13 1025.028 14.149028429562323
C13 1050.014 5.853292220688088
C13 1075.002 0.9381495283837781
C13 1099.99 0.09308233434597872
C14 319.994 51.724063141656416
C14 324.969 54.021764442763356
C14 349.982 65.64096023208617
C14 374.975 80.28461220178576
C14 400.019 88.84725926801298
C14 424.965 88.73525300277402
C14 450.035 88.2846332907374
C14 475.003 87.09655098007401
C14 500.018 87.26164426565583
C14 525.002 88.239031723955
C14 550.029 89.44976939508767
C14 575.023 91.71493040395302
C14 599.982 92.95447712130404
C14 619.997 94.13857178237132
C14 624.979 94.23600514006517
C14 650.012 95.1944799646753
C14 675.004 96.14024941821144
C14 700.03 96.90610010196677
C14 725.012 97.34170298385449
C14 750.022 98.36014562916621
C14 774.987 98.86622505132456
C14 799.976 98.81296964654578
C14 824.988 98.3189909422597
C14 850.022 96.19335940006829
C14 869.967 93.93679365127286
C14 875.002 92.81240658041531
C14 899.999 85.96048415243399
C14 919.999 77.32062516849933
C14 925.012 74.7836687185447
C14 949.965 60.48890164623389
C14 975.002 44.43643450497443
C14 999.976 28.353464905839907
C14 1025.028 14.052081090581233
C14 1050.014 5.809843774207038
C14 1075.002 0.9370665996527433
C14 1099.99 0.09297488715215163
C15 319.994 51.32713127624538
C15 324.969 53.58058573989528
C15 349.982 65.09642792783403
C15 374.975 79.98902097836574
C15 400.019 88.76385539536648
C15 424.965 88.71760325235438
C15 450.035 88.27805864389852
C15 475.003 87.09754597901355
C15 500.018 87.23783317564911
C15 525.002 88.16438384197635
C15 550.029 89.30872446849045
C15 575.023 91.52809256462349
C15 599.982 92.74346080774396
C15 619.997 93.92013889979275
C15 624.979 94.01734264234672
C15 650.012 94.97235793218248
C15 675.004 95.92123484394514
C15 700.03 96.7127947695303
C15 725.012 97.16508301825013
C15 750.022 98.22146573850989
C15 774.987 98.76095416352241
C15 799.976 98.72131493653919
C15 824.988 98.24002629565109
C15 850.022 96.11377479258196
C15 869.967 93.87185848971161
C15 875.002 92.74010077286356
C15 899.999 85.80998673591125
C15 919.999 77.14766373745725
C15 925.012 74.63946275685498
C15 949.965 60.445726346096336
C15 975.002 44.378001278791096
C15 999.976 28.26745107443664
C15 1025.028 13.96875662650394
C15 1050.014 5.7859355761307345
C15 1075.002 0.9357450841537193
C15 1099.99 0.09284376759838979
C16 319.994 50.99733887773856
C16 324.969 53.209087578146196
C16 349.982 64.64944378884569
C16 374.975 79.80398944480336
C16 400.019 88.78207918363584
C16 424.965 88.79664443734295
C16 450.035 88.38867956446013
C16 475.003 87.22410984412161
C16 500.018 87.34113702708619
C16 525.002 88.22025685934989
C16 550.029 89.28945210441559
C16 575.023 91.44686238196796
C16 599.982 92.6287144685023
C16 619.997 93.79251880504118
C16 624.979 93.88839843362179
C16 650.012 94.8310298135794
C16 675.004 95.78973425332941
C16 700.03 96.60465369247952
C16 725.012 97.08220726042538
C16 750.022 98.1891053114612
C16 774.987 98.76446727516276
C16 799.976 98.74162822258157
C16 824.988 98.27485891237261
C16 850.022 96.13727972906884
C16 869.967 93.87430771787045
C16 875.002 92.73780462146463
C16 899.999 85.74679664941318
C16 919.999 77.03592535654816
C16 925.012 74.52602522391071
C16 949.965 60.403515429546324
C16 975.002 44.34027551130696
C16 999.976 28.163548310176342
C16 1025.028 13.880404547592779
C16 1050.014 5.741631813253589
C16 1075.002 0.9354364280321864
C16 1099.99 0.09281314302156786
C17 319.994 50.35428254387807
C17 324.969 52.49550112714911
C17 349.982 63.74128146830475
C17 374.975 79.20937042470294
C17 400.019 88.50778093752173
C17 424.965 88.66933814994923
C17 450.035 88.32147121301396
C17 475.003 87.21244539501514
C17 500.018 87.31967566534436
C17 525.002 88.11807812209828
C17 550.029 89.07326179636996
C17 575.023 91.117334040872
C17 599.982 92.23068427733878
C17 619.997 93.36061272690571
C17 624.979 93.45265012881212
C17 650.012 94.392648588499
C17 675.004 95.36389001488708
C17 700.03 96.18220775810757
C17 725.012 96.71545065131505
C17 750.022 97.85943920128132
C17 774.987 98.49499860082436
C17 799.976 98.51289327405988
C17 824.988 98.06625355778138
C17 850.022 95.93461375276281
C17 869.967 93.6182715292157
C17 875.002 92.47881405134328
C17 899.999 85.4625254523898
C17 919.999 76.7437783602265
C17 925.012 74.26046766078845
C17 949.965 60.449423149848585
C17 975.002 44.432909912577095
C17 999.976 28.006652285088638
C17 1025.028 13.700959359038004
C17 1050.014 5.646243943764259
C17 1075.002 0.9322952132010984
C17 1099.99 0.09250147457180206
