lsstCam/transmission_sensor/r43_s11/19700101T000000.ecsv
# %ECSV 1.0
# ---
# datatype:
# - {name: amp_name, datatype: string}
# - {name: wavelength, unit: nm, datatype: float32}
# - {name: efficiency, unit: '%', datatype: float64}
# meta: !!omap
# - {MODE: AMP}
# - {TYPE: transmission_sensor}
# - {CALIBDATE: '1970-01-01T00:00:00'}
# - {INSTRUME: LSSTCAM}
# - {OBSTYPE: transmission_sensor}
# - {DETECTOR: 184}
# - {PARQUETFILE: qe_raft_allvalues_nircorrected_20230725.parquet}
# - {CALIBCLS: lsst.ip.isr.IntermediateSensorTransmissionCurve}
# - {CALIB_ID: 'raftName=R43 detectorName=S11 detector=184 calibDate=1970-01-01T00:00:00 ccd=184 ccdnum=184 filter=None'}
# - {DATE: '2024-01-18T22:42:25.631666'}
# - {CALIB_CREATION_DATE: '2024-01-18'}
# - {CALIB_CREATION_TIME: '22:42:25'}
# - __serialized_columns__:
#     efficiency:
#       __class__: astropy.units.quantity.Quantity
#       unit: !astropy.units.Unit {unit: '%'}
#       value: !astropy.table.SerializedColumn {name: efficiency}
#     wavelength:
#       __class__: astropy.units.quantity.Quantity
#       unit: !astropy.units.Unit {unit: nm}
#       value: !astropy.table.SerializedColumn {name: wavelength}
# schema: astropy-2.0
amp_name wavelength efficiency
C00 319.994 52.157318115234375
C00 324.969 54.54661560058594
C00 349.982 66.09556579589844
C00 374.975 79.51614379882812
C00 400.019 87.45417785644531
C00 424.965 87.3262939453125
C00 450.035 87.08717346191406
C00 475.003 86.24665069580078
C00 500.018 86.70075988769531
C00 525.002 87.82042694091797
C00 550.029 89.06614685058594
C00 575.023 91.30779266357422
C00 599.982 92.52818298339844
C00 619.997 93.69539642333984
C00 624.979 93.78988647460938
C00 650.012 94.73260498046875
C00 675.004 95.65413665771484
C00 700.03 96.3757553100586
C00 725.012 96.80799865722656
C00 750.022 97.78733825683594
C00 774.987 98.28861999511719
C00 799.976 98.23490142822266
C00 824.988 97.74248504638672
C00 850.022 95.61309051513672
C00 869.967 93.1677017211914
C00 875.002 92.02044677734375
C00 899.999 85.59471130371094
C00 919.999 77.47026824951172
C00 925.012 75.02508544921875
C00 949.965 60.630340576171875
C00 975.002 44.717594146728516
C00 999.976 28.704378128051758
C00 1025.028 14.049938201904297
C00 1050.014 5.635951519012451
C00 1075.002 0.9316096017808775
C00 1099.99 0.09243344883654601
C01 319.994 52.45338439941406
C01 324.969 54.8502311706543
C01 349.982 66.49366760253906
C01 374.975 80.02853393554688
C01 400.019 87.89751434326172
C01 424.965 87.6795883178711
C01 450.035 87.34375
C01 475.003 86.3792724609375
C01 500.018 86.7470703125
C01 525.002 87.8294906616211
C01 550.029 89.10574340820312
C01 575.023 91.4106216430664
C01 599.982 92.6679916381836
C01 619.997 93.85464477539062
C01 624.979 93.949462890625
C01 650.012 94.89961242675781
C01 675.004 95.82624816894531
C01 700.03 96.53264617919922
C01 725.012 96.95388793945312
C01 750.022 97.90421295166016
C01 774.987 98.37804412841797
C01 799.976 98.30109405517578
C01 824.988 97.7938232421875
C01 850.022 95.6792984008789
C01 869.967 93.16209411621094
C01 875.002 91.97610473632812
C01 899.999 85.32576751708984
C01 919.999 77.37701416015625
C01 925.012 74.98242950439453
C01 949.965 60.73767852783203
C01 975.002 44.53044128417969
C01 999.976 28.54226303100586
C01 1025.028 14.028494834899902
C01 1050.014 5.602166175842285
C01 1075.002 0.9327233190978144
C01 1099.99 0.09254395084558142
C02 319.994 52.06898880004883
C02 324.969 54.421897888183594
C02 349.982 66.01728057861328
C02 374.975 79.9140853881836
C02 400.019 88.0302505493164
C02 424.965 87.88806915283203
C02 450.035 87.54634094238281
C02 475.003 86.53972625732422
C02 500.018 86.84776306152344
C02 525.002 87.87715148925781
C02 550.029 89.09757232666016
C02 575.023 91.3626708984375
C02 599.982 92.59980773925781
C02 619.997 93.77767944335938
C02 624.979 93.8757553100586
C02 650.012 94.82591247558594
C02 675.004 95.76265716552734
C02 700.03 96.479736328125
C02 725.012 96.91654968261719
C02 750.022 97.87049865722656
C02 774.987 98.34720611572266
C02 799.976 98.28097534179688
C02 824.988 97.78124237060547
C02 850.022 95.68844604492188
C02 869.967 93.1270751953125
C02 875.002 91.88810729980469
C02 899.999 84.95333099365234
C02 919.999 77.07701873779297
C02 925.012 74.75389862060547
C02 949.965 60.885498046875
C02 975.002 44.59071350097656
C02 999.976 28.3764705657959
C02 1025.028 13.972907066345215
C02 1050.014 5.591220855712891
C02 1075.002 0.9324020965785519
C02 1099.99 0.09251207944232127
C03 319.994 51.746971130371094
C03 324.969 54.06684112548828
C03 349.982 65.64647674560547
C03 374.975 79.87460327148438
C03 400.019 88.19882202148438
C03 424.965 88.09992980957031
C03 450.035 87.72772216796875
C03 475.003 86.67381286621094
C03 500.018 86.93601989746094
C03 525.002 87.9237060546875
C03 550.029 89.11397552490234
C03 575.023 91.35517120361328
C03 599.982 92.58016967773438
C03 619.997 93.75569915771484
C03 624.979 93.85213470458984
C03 650.012 94.81542205810547
C03 675.004 95.76451873779297
C03 700.03 96.48880767822266
C03 725.012 96.94088745117188
C03 750.022 97.91049194335938
C03 774.987 98.40060424804688
C03 799.976 98.35343170166016
C03 824.988 97.845458984375
C03 850.022 95.75743103027344
C03 869.967 93.20850372314453
C03 875.002 91.96338653564453
C03 899.999 84.91683959960938
C03 919.999 76.92958068847656
C03 925.012 74.6088638305664
C03 949.965 60.808311462402344
C03 975.002 44.53886413574219
C03 999.976 28.23605728149414
C03 1025.028 13.903491973876953
C03 1050.014 5.5746235847473145
C03 1075.002 0.9327829818268537
C03 1099.99 0.09254987052674568
C04 319.994 51.26543045043945
C04 324.969 53.53626251220703
C04 349.982 64.99867248535156
C04 374.975 79.47506713867188
C04 400.019 88.02767181396484
C04 424.965 88.02146911621094
C04 450.035 87.64153289794922
C04 475.003 86.55614471435547
C04 500.018 86.78707885742188
C04 525.002 87.73490142822266
C04 550.029 88.89378356933594
C04 575.023 91.10332489013672
C04 599.982 92.31170654296875
C04 619.997 93.4822998046875
C04 624.979 93.57476806640625
C04 650.012 94.54068756103516
C04 675.004 95.48329162597656
C04 700.03 96.21846008300781
C04 725.012 96.68138122558594
C04 750.022 97.66754150390625
C04 774.987 98.1739273071289
C04 799.976 98.13905334472656
C04 824.988 97.62922668457031
C04 850.022 95.54169464111328
C04 869.967 93.00737762451172
C04 875.002 91.76531982421875
C04 899.999 84.72181701660156
C04 919.999 76.6474838256836
C04 925.012 74.31302642822266
C04 949.965 60.563941955566406
C04 975.002 44.333255767822266
C04 999.976 28.082433700561523
C04 1025.028 13.793954849243164
C04 1050.014 5.526799201965332
C04 1075.002 0.9304682536584995
C04 1099.99 0.09232020532437865
C05 319.994 50.918357849121094
C05 324.969 53.15373992919922
C05 349.982 64.56906127929688
C05 374.975 79.31560516357422
C05 400.019 88.05978393554688
C05 424.965 88.09034729003906
C05 450.035 87.69667053222656
C05 475.003 86.60301971435547
C05 500.018 86.81084442138672
C05 525.002 87.71595001220703
C05 550.029 88.83299255371094
C05 575.023 91.01477813720703
C05 599.982 92.20822143554688
C05 619.997 93.37167358398438
C05 624.979 93.46702575683594
C05 650.012 94.43295288085938
C05 675.004 95.3825912475586
C05 700.03 96.14209747314453
C05 725.012 96.62055206298828
C05 750.022 97.64523315429688
C05 774.987 98.18111419677734
C05 799.976 98.16714477539062
C05 824.988 97.67164611816406
C05 850.022 95.58560943603516
C05 869.967 93.05057525634766
C05 875.002 91.8216323852539
C05 899.999 84.79287719726562
C05 919.999 76.64085388183594
C05 925.012 74.29048919677734
C05 949.965 60.552955627441406
C05 975.002 44.27232360839844
C05 999.976 28.101858139038086
C05 1025.028 13.794787406921387
C05 1050.014 5.520346641540527
C05 1075.002 0.9302554333115384
C05 1099.99 0.0922990894850672
C06 319.994 50.54300308227539
C06 324.969 52.74350357055664
C06 349.982 64.08837127685547
C06 374.975 79.0813980102539
C06 400.019 87.99860382080078
C06 424.965 88.07488250732422
C06 450.035 87.67369079589844
C06 475.003 86.56038665771484
C06 500.018 86.73714447021484
C06 525.002 87.59725189208984
C06 550.029 88.66339874267578
C06 575.023 90.79924774169922
C06 599.982 91.96517944335938
C06 619.997 93.11807250976562
C06 624.979 93.20914459228516
C06 650.012 94.1758804321289
C06 675.004 95.12852478027344
C06 700.03 95.90614318847656
C06 725.012 96.41246795654297
C06 750.022 97.48002624511719
C06 774.987 98.0545883178711
C06 799.976 98.06464385986328
C06 824.988 97.57439422607422
C06 850.022 95.48493957519531
C06 869.967 92.95565032958984
C06 875.002 91.72673034667969
C06 899.999 84.65034484863281
C06 919.999 76.41889190673828
C06 925.012 74.06150817871094
C06 949.965 60.39113235473633
C06 975.002 44.14729309082031
C06 999.976 28.005796432495117
C06 1025.028 13.728214263916016
C06 1050.014 5.494852542877197
C06 1075.002 0.9286811521647139
C06 1099.99 0.09214289075594165
C07 319.994 50.04340744018555
C07 324.969 52.1939582824707
C07 349.982 63.4049186706543
C07 374.975 78.67556762695312
C07 400.019 87.9182357788086
C07 424.965 88.10517120361328
C07 450.035 87.69590759277344
C07 475.003 86.53425598144531
C07 500.018 86.67572784423828
C07 525.002 87.53323364257812
C07 550.029 88.59684753417969
C07 575.023 90.7175521850586
C07 599.982 91.87263488769531
C07 619.997 93.02289581298828
C07 624.979 93.11808776855469
C07 650.012 94.09049224853516
C07 675.004 95.05887603759766
C07 700.03 95.85255432128906
C07 725.012 96.4047622680664
C07 750.022 97.51504516601562
C07 774.987 98.13681030273438
C07 799.976 98.17919158935547
C07 824.988 97.7046127319336
C07 850.022 95.61262512207031
C07 869.967 93.079833984375
C07 875.002 91.828857421875
C07 899.999 84.5003433227539
C07 919.999 76.18541717529297
C07 925.012 73.8658447265625
C07 949.965 60.550025939941406
C07 975.002 44.3454475402832
C07 999.976 27.947084426879883
C07 1025.028 13.624738693237305
C07 1050.014 5.453402996063232
C07 1075.002 0.9290143563648938
C07 1099.99 0.09217595097057509
C10 319.994 52.93975830078125
C10 324.969 55.38998794555664
C10 349.982 67.13253021240234
C10 374.975 80.36206817626953
C10 400.019 87.98729705810547
C10 424.965 87.6759262084961
C10 450.035 87.36295318603516
C10 475.003 86.42951965332031
C10 500.018 86.81671142578125
C10 525.002 87.95594024658203
C10 550.029 89.2554702758789
C10 575.023 91.5673599243164
C10 599.982 92.82881164550781
C10 619.997 94.01187896728516
C10 624.979 94.11238098144531
C10 650.012 95.03939056396484
C10 675.004 95.94587707519531
C10 700.03 96.67681121826172
C10 725.012 97.06280517578125
C10 750.022 98.048583984375
C10 774.987 98.53003692626953
C10 799.976 98.42892456054688
C10 824.988 97.90916442871094
C10 850.022 95.84102630615234
C10 869.967 93.71381378173828
C10 875.002 92.58651733398438
C10 899.999 85.65562438964844
C10 919.999 76.86624145507812
C10 925.012 74.28086853027344
C10 949.965 59.76771926879883
C10 975.002 44.4893684387207
C10 999.976 28.74716567993164
C10 1025.028 14.065328598022461
C10 1050.014 5.841462135314941
C10 1075.002 0.9340986118916886
C10 1099.99 0.09268040613313411
C11 319.994 52.62687683105469
C11 324.969 55.03873062133789
C11 349.982 66.76712799072266
C11 374.975 80.38134002685547
C11 400.019 88.24325561523438
C11 424.965 87.97526550292969
C11 450.035 87.61528778076172
C11 475.003 86.58768463134766
C11 500.018 86.88983917236328
C11 525.002 87.99242401123047
C11 550.029 89.2807388305664
C11 575.023 91.59711456298828
C11 599.982 92.86114501953125
C11 619.997 94.05374908447266
C11 624.979 94.15314483642578
C11 650.012 95.08824920654297
C11 675.004 96.0054702758789
C11 700.03 96.7418212890625
C11 725.012 97.12980651855469
C11 750.022 98.11121368408203
C11 774.987 98.5828628540039
C11 799.976 98.48815155029297
C11 824.988 97.9969711303711
C11 850.022 95.92965698242188
C11 869.967 93.80659484863281
C11 875.002 92.70205688476562
C11 899.999 85.90436553955078
C11 919.999 77.20641326904297
C11 925.012 74.62364196777344
C11 949.965 60.14454650878906
C11 975.002 44.52610778808594
C11 999.976 28.73314666748047
C11 1025.028 14.181302070617676
C11 1050.014 5.906095027923584
C11 1075.002 0.9346953642595144
C11 1099.99 0.09273961535484465
C12 319.994 52.16230010986328
C12 324.969 54.52887725830078
C12 349.982 66.19568634033203
C12 374.975 80.14862060546875
C12 400.019 88.24686431884766
C12 424.965 88.03826904296875
C12 450.035 87.6462173461914
C12 475.003 86.55915069580078
C12 500.018 86.80836486816406
C12 525.002 87.87125396728516
C12 550.029 89.13540649414062
C12 575.023 91.4352798461914
C12 599.982 92.6893539428711
C12 619.997 93.87752532958984
C12 624.979 93.97423553466797
C12 650.012 94.91564178466797
C12 675.004 95.84262084960938
C12 700.03 96.5882797241211
C12 725.012 96.98465728759766
C12 750.022 97.97122955322266
C12 774.987 98.44834899902344
C12 799.976 98.36343383789062
C12 824.988 97.87472534179688
C12 850.022 95.7957534790039
C12 869.967 93.63825225830078
C12 875.002 92.53611755371094
C12 899.999 85.75662231445312
C12 919.999 77.1402587890625
C12 925.012 74.59062957763672
C12 949.965 60.21653366088867
C12 975.002 44.39344787597656
C12 999.976 28.540842056274414
C12 1025.028 14.128256797790527
C12 1050.014 5.878017425537109
C12 1075.002 0.9333616914855446
C12 1099.99 0.09260728956743136
C13 319.994 51.93003845214844
C13 324.969 54.258689880371094
C13 349.982 65.89530944824219
C13 374.975 80.20269012451172
C13 400.019 88.54954528808594
C13 424.965 88.40049743652344
C13 450.035 87.97628021240234
C13 475.003 86.83716583251953
C13 500.018 87.04324340820312
C13 525.002 88.06411743164062
C13 550.029 89.30345153808594
C13 575.023 91.58087158203125
C13 599.982 92.82709503173828
C13 619.997 94.01390838623047
C13 624.979 94.1086196899414
C13 650.012 95.06106567382812
C13 675.004 95.9979019165039
C13 700.03 96.74855041503906
C13 725.012 97.16646575927734
C13 750.022 98.15930938720703
C13 774.987 98.64623260498047
C13 799.976 98.57268524169922
C13 824.988 98.08162689208984
C13 850.022 95.9739761352539
C13 869.967 93.74933624267578
C13 875.002 92.63282775878906
C13 899.999 85.83222198486328
C13 919.999 77.22100067138672
C13 925.012 74.68104553222656
C13 949.965 60.34392547607422
C13 975.002 44.37904739379883
C13 999.976 28.409513473510742
C13 1025.028 14.103841781616211
C13 1050.014 5.834599018096924
C13 1075.002 0.935153433445463
C13 1099.99 0.09278506455865494
C14 319.994 51.558876037597656
C14 324.969 53.849239349365234
C14 349.982 65.43132781982422
C14 374.975 80.02821350097656
C14 400.019 88.56351470947266
C14 424.965 88.45186614990234
C14 450.035 88.002685546875
C14 475.003 86.81839752197266
C14 500.018 86.98296356201172
C14 525.002 87.95722961425781
C14 550.029 89.16410064697266
C14 575.023 91.42202758789062
C14 599.982 92.6576156616211
C14 619.997 93.83792877197266
C14 624.979 93.93505096435547
C14 650.012 94.89046478271484
C14 675.004 95.83321380615234
C14 700.03 96.59661865234375
C14 725.012 97.03083038330078
C14 750.022 98.0460205078125
C14 774.987 98.55048370361328
C14 799.976 98.49739837646484
C14 824.988 98.00499725341797
C14 850.022 95.88615417480469
C14 869.967 93.63679504394531
C14 875.002 92.51599884033203
C14 899.999 85.68595886230469
C14 919.999 77.07369232177734
C14 925.012 74.54483795166016
C14 949.965 60.29572296142578
C14 975.002 44.29452133178711
C14 999.976 28.262914657592773
C14 1025.028 14.007204055786133
C14 1050.014 5.791289329528809
C14 1075.002 0.9340739631794078
C14 1099.99 0.09267796051054591
C15 319.994 51.163211822509766
C15 324.969 53.40946960449219
C15 349.982 64.88853454589844
C15 374.975 79.73356628417969
C15 400.019 88.48037719726562
C15 424.965 88.43427276611328
C15 450.035 87.99613189697266
C15 475.003 86.81938934326172
C15 500.018 86.959228515625
C15 525.002 87.88282012939453
C15 550.029 89.02350616455078
C15 575.023 91.23578643798828
C15 599.982 92.44727325439453
C15 619.997 93.62019348144531
C15 624.979 93.71708679199219
C15 650.012 94.66905212402344
C15 675.004 95.61489868164062
C15 700.03 96.4039306640625
C15 725.012 96.85477447509766
C15 750.022 97.90778350830078
C15 774.987 98.44554901123047
C15 799.976 98.40603637695312
C15 824.988 97.92628479003906
C15 850.022 95.80682373046875
C15 869.967 93.57206726074219
C15 875.002 92.44392395019531
C15 899.999 85.53594207763672
C15 919.999 76.90128326416016
C15 925.012 74.40109252929688
C15 949.965 60.252685546875
C15 975.002 44.23627471923828
C15 999.976 28.177175521850586
C15 1025.028 13.924145698547363
C15 1050.014 5.767457485198975
C15 1075.002 0.9327566681013058
C15 1099.99 0.09254725970307073
C16 319.994 50.83447265625
C16 324.969 53.03915786743164
C16 349.982 64.44297790527344
C16 374.975 79.54912567138672
C16 400.019 88.49854278564453
C16 424.965 88.5130615234375
C16 450.035 88.10639953613281
C16 475.003 86.94554901123047
C16 500.018 87.06220245361328
C16 525.002 87.93851470947266
C16 550.029 89.0042953491211
C16 575.023 91.15481567382812
C16 599.982 92.33289337158203
C16 619.997 93.49298095703125
C16 624.979 93.58855438232422
C16 650.012 94.5281753540039
C16 675.004 95.48381805419922
C16 700.03 96.29613494873047
C16 725.012 96.77216339111328
C16 750.022 97.87552642822266
C16 774.987 98.44905090332031
C16 799.976 98.42628479003906
C16 824.988 97.96100616455078
C16 850.022 95.83025360107422
C16 869.967 93.57450866699219
C16 875.002 92.44163513183594
C16 899.999 85.47295379638672
C16 919.999 76.78990173339844
C16 925.012 74.28801727294922
C16 949.965 60.210609436035156
C16 975.002 44.19866943359375
C16 999.976 28.073604583740234
C16 1025.028 13.836075782775879
C16 1050.014 5.723295211791992
C16 1075.002 0.9324489977107416
C16 1099.99 0.09251673292956994
C17 319.994 50.1934700012207
C17 324.969 52.327850341796875
C17 349.982 63.537715911865234
C17 374.975 78.95640563964844
C17 400.019 88.2251205444336
C17 424.965 88.38616180419922
C17 450.035 88.0394058227539
C17 475.003 86.93392181396484
C17 500.018 87.04080963134766
C17 525.002 87.83666229248047
C17 550.029 88.7887954711914
C17 575.023 90.82633972167969
C17 599.982 91.9361343383789
C17 619.997 93.06245422363281
C17 624.979 93.1541976928711
C17 650.012 94.09119415283203
C17 675.004 95.05933380126953
C17 700.03 95.87503814697266
C17 725.012 96.40657806396484
C17 750.022 97.54691314697266
C17 774.987 98.1804428100586
C17 799.976 98.19828033447266
C17 824.988 97.75306701660156
C17 850.022 95.62823486328125
C17 869.967 93.31929016113281
C17 875.002 92.1834716796875
C17 899.999 85.18959045410156
C17 919.999 76.49868774414062
C17 925.012 74.02330780029297
C17 949.965 60.256370544433594
C17 975.002 44.29100799560547
C17 999.976 27.91720962524414
C17 1025.028 13.657203674316406
C17 1050.014 5.628211975097656
C17 1075.002 0.9293178147323283
C17 1099.99 0.09220605983101046
