lsstCam/transmission_filter_detector/r21_s01/z_20/19700101T000000.ecsv
# %ECSV 1.0
# ---
# datatype:
# - {name: wavelength, unit: nm, datatype: float32}
# - {name: efficiency, unit: '%', datatype: float64}
# meta: !!omap
# - {MODE: DETECTOR}
# - {TYPE: transmission_filter_detector}
# - {CALIBDATE: '1970-01-01T00:00:00'}
# - {INSTRUME: LSSTCam}
# - {OBSTYPE: transmission_filter_detector}
# - {CALIBCLS: lsst.ip.isr.IntermediateFilterDetectorTransmissionCurve}
# - {SOURCE: Materion (DM-46256)}
# - {DETECTOR: 82}
# - {FILTER: z_20}
# - {CALIB_ID: 'calibDate=1970-01-01T00:00:00 filter=z_20 detector=82'}
# - {DATE: '2025-04-02T15:59:49.019074'}
# - {CALIB_CREATION_DATE: '2025-04-02'}
# - {CALIB_CREATION_TIME: '15:59:49'}
# - __serialized_columns__:
#     efficiency:
#       __class__: astropy.units.quantity.Quantity
#       unit: !astropy.units.Unit {unit: '%'}
#       value: !astropy.table.SerializedColumn {name: efficiency}
#     wavelength:
#       __class__: astropy.units.quantity.Quantity
#       unit: !astropy.units.Unit {unit: nm}
#       value: !astropy.table.SerializedColumn {name: wavelength}
# schema: astropy-2.0
wavelength efficiency
[from data line 597]
897.0 99.37687516212463
898.0 99.14093613624573
899.0 98.71683120727539
900.0 98.9452064037323
901.0 99.64784979820251
902.0 99.32109713554382
903.0 99.14955496788025
904.0 98.0589509010315
905.0 99.10551905632019
906.0 97.91484475135803
907.0 98.66880774497986
908.0 98.43720197677612
909.0 98.1944739818573
910.0 98.25085401535034
911.0 97.02728390693665
912.0 96.22498154640198
913.0 95.26315331459045
914.0 93.04607510566711
915.0 90.76900482177734
916.0 88.93222212791443
917.0 87.17047572135925
918.0 83.58622789382935
919.0 82.63671398162842
920.0 80.00186681747437
921.0 76.34998559951782
922.0 72.16907739639282
923.0 66.56683683395386
924.0 61.364614963531494
925.0 56.06181621551514
926.0 50.138771533966064
927.0 42.930224537849426
928.0 37.20541000366211
929.0 30.94933032989502
930.0 25.375333428382874
931.0 20.029351115226746
932.0 14.408895373344421
933.0 9.759800881147385
934.0 6.523288041353226
935.0 4.013335332274437
936.0 2.4007312953472137
937.0 1.4910219237208366
938.0 0.831815879791975
939.0 0.5247961264103651
940.0 0.3825942752882838
941.0 0.2271472942084074
942.0 0.27340082451701164
943.0 0.11325163068249822
944.0 0.1204177737236023
945.0 0.22321124561131
946.0 1.5789557161749457e-10
947.0 0.1593770575709641
948.0 0.13394660782068968
949.0 0.03720647073350847
950.0 0.10921778157353401
951.0 1.5789557161749457e-10
952.0 1.5789557161749457e-10
953.0 0.11974659282714128
954.0 0.004247620745445602
955.0 1.5789557161749457e-10
956.0 0.1134521677158773
957.0 0.06973738200031221
958.0 1.5789557161749457e-10
959.0 1.5789557161749457e-10
960.0 1.5789557161749457e-10
961.0 0.0031623196264263242
962.0 0.08670292445458472
963.0 0.018435400852467865
964.0 0.04369516100268811
965.0 1.5789557161749457e-10
966.0 1.5789557161749457e-10
967.0 1.5789557161749457e-10
968.0 1.5789557161749457e-10
969.0 1.5789557161749457e-10
970.0 1.5789557161749457e-10
971.0 1.5789557161749457e-10
972.0 0.01905611134134233
973.0 1.5789557161749457e-10
974.0 1.5789557161749457e-10
975.0 1.5789557161749457e-10
976.0 0.006538035086123273
977.0 0.006527182995341718
978.0 0.006516331632155925
979.0 0.006335747457342222
980.0 0.006155161099741235
981.0 0.006052929165889509
982.0 0.005950698323431425
983.0 0.00585895286349114
984.0 0.005767208131146617
985.0 0.0054747833928558975
986.0 0.0051823579269694164
987.0 0.005197575592319481
988.0 0.005212792893871665
989.0 0.0050967511924682185
990.0 0.004980709854862653
991.0 0.005036721267970279
992.0 0.005092733044875786
993.0 0.005017804869567044
994.0 0.004942875966662541
995.0 0.00488480509375222
996.0 0.00482673458463978
997.0 0.004682306825998239
998.0 0.004537879431154579
999.0 0.004498396810959093
1000.0 0.004458913826965727
1001.0 0.004610378528013825
1002.0 0.0047618425014661625
1003.0 0.00467216523247771
1004.0 0.0045824883272871375
1005.0 0.004420604454935528
1006.0 0.0042587209463818
1007.0 0.0043337655370123684
1008.0 0.004408810491440818
1009.0 0.004471723877941258
1010.0 0.004534637264441699
1011.0 0.004613636338035576
1012.0 0.004692635775427334
1013.0 0.0045117070840206
1014.0 0.0043307783926138654
1015.0 0.004545418778434396
1016.0 0.004760058436659165
1017.0 0.004992146932636388
1018.0 0.005224235792411491
1019.0 0.005002983380109072
1020.0 0.004781730967806652
1021.0 0.0048009256715886295
1022.0 0.004820120375370607
1023.0 0.004723759047919884
1024.0 0.0046273969928734004
1025.0 0.004873126817983575
1026.0 0.00511885664309375
1027.0 0.00497470136906486
1028.0 0.004830546458833851
1029.0 0.0048446458094986156
1030.0 0.00485874516016338
1031.0 0.004976155469194055
1032.0 0.005093565050628968
1033.0 0.005105717355036177
1034.0 0.005117870023241267
1035.0 0.0053174939239397645
1036.0 0.005517117824638262
1037.0 0.005627910650218837
1038.0 0.005738703112001531
1039.0 0.005572063673753291
1040.0 0.0054054235079092905
1041.0 0.005862670150236227
1042.0 0.0063199171563610435
1043.0 0.0058453089877730235
1044.0 0.005370701546780765
1045.0 0.006021169610903598
1046.0 0.00667163694743067
1047.0 0.006453513924498111
1048.0 0.006235389446374029
1049.0 0.006322930130409077
1050.0 0.006410470814444125
1051.0 0.006705057603539899
1052.0 0.0069996465754229575
1053.0 0.00698658695910126
1054.0 0.006973527342779562
1055.0 0.007626208389410749
1056.0 0.008278890891233459
1057.0 0.008180995791917667
1058.0 0.008083101420197636
1059.0 0.008192977838916704
1060.0 0.008302852074848488
1061.0 0.008890949538908899
1062.0 0.009479048458160833
1063.0 0.0093847957032267
1064.0 0.00929054367588833
1065.0 0.009457900887355208
1066.0 0.009625260281609371
1067.0 0.009808286267798394
1068.0 0.009991312981583178
1069.0 0.010888011456700042
1070.0 0.011784710659412667
1071.0 0.011608280328800902
1072.0 0.011431849270593375
1073.0 0.011181202717125416
1074.0 0.010930556891253218
1075.0 0.011706913210218772
1076.0 0.01248327171197161
1077.0 0.012369826436042786
1078.0 0.012256382615305483
1079.0 0.013428555394057184
1080.0 0.014600728172808886
1081.0 0.014656469284091145
1082.0 0.01471221330575645
1083.0 0.014550157357007265
1084.0 0.01438810140825808
1085.0 0.014705664943903685
1086.0 0.015023229934740812
1087.0 0.015536219871137291
1088.0 0.01604920980753377
1089.0 0.01745164190651849
1090.0 0.018854074005503207
1091.0 0.018816094961948693
1092.0 0.01877811155281961
1093.0 0.018309221195522696
1094.0 0.017840330838225782
1095.0 0.01929550344357267
1096.0 0.02075067750411108
1097.0 0.02090238849632442
1098.0 0.021054098033346236
1099.0 0.022797340352553874
1100.0 0.02454057685099542
1101.0 0.02536010288167745
1102.0 0.02617962600197643
1103.0 0.026973645435646176
1104.0 0.02776765904854983
1105.0 0.02756693575065583
1106.0 0.02736621245276183
1107.0 0.028506526723504066
1108.0 0.02964684390462935
1109.0 0.030838410020805895
1110.0 0.03202997613698244
1111.0 0.03268516156822443
1112.0 0.03334035282023251
1113.0 0.034872666583396494
1114.0 0.036404983256943524
1115.0 0.035320286406204104
1116.0 0.034235595376230776
1117.0 0.03541704500094056
1118.0 0.03659849753603339
1119.0 0.03976217994932085
1120.0 0.04292585945222527
1121.0 0.045167937059886754
1122.0 0.047410017577931285
1123.0 0.04563495749607682
1124.0 0.04385989741422236
1125.0 0.04424768267199397
1126.0 0.04463547375053167
1127.0 0.049501785542815924
1128.0 0.054368097335100174
1129.0 0.058669684221968055
1130.0 0.06297127692960203
1131.0 0.06312275072559714
1132.0 0.06327421288006008
1133.0 0.0653680064715445
1134.0 0.06746180006302893
1135.0 0.06728174048475921
1136.0 0.06710168090648949
1137.0 0.07324011530727148
1138.0 0.07937856717035174
1139.0 0.08315958548337221
1140.0 0.08694056305103004
1141.0 0.0963981554377824
1142.0 0.10585574200376868
1143.0 0.12682070955634117
1144.0 0.14778566546738148
1145.0 0.2955761970952153
1146.0 0.4433667752891779
1147.0 0.9443427436053753
1148.0 1.445318665355444
1149.0 1.6423428431153297
1150.0 1.8393682315945625
