lsstCam/transmission_filter_detector/r21_s01/z_20/19700101T000000.ecsv
# %ECSV 1.0
# ---
# datatype:
# - {name: wavelength, unit: nm, datatype: float32}
# - {name: efficiency, unit: '%', datatype: float64}
# meta: !!omap
# - {MODE: DETECTOR}
# - {TYPE: transmission_filter_detector}
# - {CALIBDATE: '1970-01-01T00:00:00'}
# - {INSTRUME: LSSTCam}
# - {OBSTYPE: transmission_filter_detector}
# - {CALIBCLS: lsst.ip.isr.IntermediateFilterDetectorTransmissionCurve}
# - {SOURCE: Materion (DM-46256)}
# - {DETECTOR: 82}
# - {FILTER: z_20}
# - {CALIB_ID: 'calibDate=1970-01-01T00:00:00 filter=z_20 detector=82'}
# - {DATE: '2025-04-02T15:59:49.019074'}
# - {CALIB_CREATION_DATE: '2025-04-02'}
# - {CALIB_CREATION_TIME: '15:59:49'}
# - __serialized_columns__:
#     efficiency:
#       __class__: astropy.units.quantity.Quantity
#       unit: !astropy.units.Unit {unit: '%'}
#       value: !astropy.table.SerializedColumn {name: efficiency}
#     wavelength:
#       __class__: astropy.units.quantity.Quantity
#       unit: !astropy.units.Unit {unit: nm}
#       value: !astropy.table.SerializedColumn {name: wavelength}
# schema: astropy-2.0
wavelength efficiency
300.0 0.8714990690350533
301.0 0.5893348716199398
302.0 0.3071707207709551
303.0 0.2982964040711522
304.0 0.28942208737134933
305.0 0.2446850761771202
306.0 0.19994801841676235
307.0 0.18448358168825507
308.0 0.16901915660127997
309.0 0.14728966634720564
310.0 0.1255601760931313
311.0 0.12676774058490992
312.0 0.12797529343515635
313.0 0.11324799852445722
314.0 0.09852071525529027
315.0 0.09697655914351344
316.0 0.09543239721097052
317.0 0.08020265959203243
318.0 0.06497293361462653
319.0 0.06506548379547894
320.0 0.06515803397633135
321.0 0.0642859551589936
322.0 0.06341388216242194
323.0 0.05542836734093726
324.0 0.047442849609069526
325.0 0.04400447360239923
326.0 0.040566097595728934
327.0 0.03965158248320222
328.0 0.038737067370675504
329.0 0.03441116423346102
330.0 0.03008526109624654
331.0 0.02745199599303305
332.0 0.024818730889819562
333.0 0.023906836577225477
334.0 0.022994934988673776
335.0 0.021684275998268276
336.0 0.0203736184630543
337.0 0.02455314970575273
338.0 0.028732678038068116
339.0 0.024691381258890033
340.0 0.020650093210861087
341.0 0.017587465117685497
342.0 0.01452483847970143
343.0 0.014382305380422622
344.0 0.014239773736335337
345.0 0.013254857913125306
346.0 0.012269942089915276
347.0 0.01164474815595895
348.0 0.01101955640478991
349.0 0.01367014046991244
350.0 0.016320726717822254
351.0 0.013595442578662187
352.0 0.010870156984310597
353.0 0.01138809384428896
354.0 0.011906032887054607
355.0 0.010231584747089073
356.0 0.008557138789910823
357.0 0.009503492037765682
358.0 0.010449847468407825
359.0 0.01018632756313309
360.0 0.009922806202666834
361.0 0.009013487579068169
362.0 0.008104170410661027
363.0 0.009255556506104767
364.0 0.010406941873952746
365.0 0.01019794653984718
366.0 0.00998895411612466
367.0 0.008668986265547574
368.0 0.007349017687374726
369.0 0.007937562622828409
370.0 0.008526108285877854
371.0 0.008380645886063576
372.0 0.00823518494144082
373.0 0.007222959538921714
374.0 0.006210736319189891
375.0 0.006496690184576437
376.0 0.0067826440499629825
377.0 0.00718017399776727
378.0 0.007577703217975795
379.0 0.006322222907328978
380.0 0.0050667418690864
381.0 0.003250549707445316
382.0 0.0014343577277031727
383.0 0.0036358542274683714
384.0 0.00583735054533463
385.0 0.005609511936199851
386.0 0.005381673690862954
387.0 0.006008334094076417
388.0 0.0066349952248856425
389.0 0.005930985207669437
390.0 0.005226976645644754
391.0 0.0047939643991412595
392.0 0.0043609525164356455
393.0 0.004820430694962852
394.0 0.005279909601085819
395.0 0.004361111859907396
396.0 0.0034423133911332116
397.0 0.003640873183030635
398.0 0.0038394329749280587
399.0 0.004035725578432903
400.0 0.004232017818139866
401.0 0.004778858783538453
402.0 0.005325699748937041
403.0 0.00514673265570309
404.0 0.00496776556246914
405.0 0.004113616159884259
406.0 0.0032594667572993785
407.0 0.0017219419532921165
408.0 0.00018441745623931638
409.0 0.001843651625677012
410.0 0.0035028861020691693
411.0 0.004133717447984964
412.0 0.004764548793900758
413.0 0.004602148328558542
414.0 0.004439747863216326
415.0 0.003558964453986846
416.0 0.0026781817723531276
417.0 0.0037335154047468677
418.0 0.004788849764736369
419.0 0.004239474947098643
420.0 0.003690100129460916
421.0 0.0037908885133219883
422.0 0.0038916768971830606
423.0 0.0037418605643324554
424.0 0.0035920449590776116
425.0 0.0024792430849629454
426.0 0.0013664411198988091
427.0 0.0017488286175648682
428.0 0.0021312163880793378
429.0 0.001465337300032843
430.0 0.0007994586667336989
431.0 0.0008195223017537501
432.0 0.000839585845824331
433.0 0.0007651609848835506
434.0 0.0006907361239427701
435.0 0.001247221098310547
436.0 0.0018037062545772642
437.0 0.0018839171389117837
438.0 0.001964127841347363
439.0 0.0020559589756885543
440.0 0.002147790110029746
441.0 0.0016158101061591879
442.0 0.0010838304660865106
443.0 0.0022400798115995713
444.0 0.0033963289752136916
445.0 0.003364426811458543
446.0 0.003332525011501275
447.0 0.0026454579710843973
448.0 0.0019583909306675196
449.0 0.002615240737213753
450.0 0.003272091271355748
451.0 0.0026438861823407933
452.0 0.0020156807295279577
453.0 0.0018338760128244758
454.0 0.0016520714780199341
455.0 0.002373372444708366
456.0 0.003094673593295738
457.0 0.002276884697494097
458.0 0.001459095801692456
459.0 0.001514573614258552
460.0 0.001570051426824648
461.0 0.0007431548056047177
462.0 1.5789557161749457e-10
463.0 0.0009534403034194838
464.0 0.001990622877201531
465.0 0.0022610156520386226
466.0 0.0025314086087746546
467.0 0.0021738078430644237
468.0 0.0018162063497584313
469.0 0.0016274869267363101
470.0 0.0014387671399163082
471.0 0.0013669553482031915
472.0 0.0012951439202879556
473.0 0.0012562698429974262
474.0 0.0012173956747574266
475.0 0.0011032610018446576
476.0 0.0009891263289318886
477.0 0.001342848645435879
478.0 0.0016965708709903993
479.0 0.002046765439445153
480.0 0.0023969600078999065
481.0 0.001877458271337673
482.0 0.0013579563528764993
483.0 0.0009423003575648181
484.0 0.0005266443622531369
485.0 0.001323102060268866
486.0 0.002119559758284595
487.0 0.0015018577869341243
488.0 0.0008841557246341836
489.0 0.001687028088781517
490.0 0.0024899003619793802
491.0 0.002316841892024968
492.0 0.002143783240171615
493.0 0.001968600736290682
494.0 0.0017934185962076299
495.0 0.0016208383385674097
496.0 0.0014482581718766596
497.0 0.001321748277405277
498.0 0.0011952384738833643
499.0 0.001301062002312392
500.0 0.0014068855307414196
501.0 0.0009238981874659657
502.0 0.00044091079871577676
503.0 0.0012144993888796307
504.0 0.00198808811546769
505.0 0.0022130654542706907
506.0 0.0024380429749726318
507.0 0.0022791960873291828
508.0 0.0021203486539889127
509.0 0.0018677130356081761
510.0 0.0016150777810253203
511.0 0.0012348152267804835
512.0 0.0008545528544345871
513.0 0.0012708242138614878
514.0 0.0016870959370862693
515.0 0.001274751230084803
516.0 0.0008624071597296279
517.0 0.0008504189281666186
518.0 0.0008384306966036092
519.0 0.0010425922482681926
520.0 0.0012467534361348953
521.0 0.0016099991626106203
522.0 0.001973244798136875
523.0 0.001298972620134009
524.0 0.0006247005785553483
525.0 0.0007157600975915557
526.0 0.0008068198440014385
527.0 0.0011460138921393082
528.0 0.0014852081221761182
529.0 0.0012575051187013742
530.0 0.001029801569529809
531.0 0.0010999119695043191
532.0 0.001170022278529359
533.0 0.0008587494448875077
534.0 0.0005474764748214511
535.0 0.0010954563549603336
536.0 0.001643436189624481
537.0 0.0016501830032211728
538.0 0.0016569298168178648
539.0 0.001179948594653979
540.0 0.0007029671905911528
541.0 0.0007670611012144946
542.0 0.0008311551027873065
543.0 0.0012404957487888169
544.0 0.0016498364857397974
545.0 0.0010718952580646146
546.0 0.0004939542577631073
547.0 0.0011949788131460082
548.0 0.001896002868306823
549.0 0.0016157071513589472
550.0 0.0013354111615626607
551.0 0.001477176647313172
552.0 0.0016189420421142131
553.0 0.001425945811206475
554.0 0.0012329493074503262
555.0 0.001072392024070723
556.0 0.0009118346497416496
557.0 0.0013063561709714122
558.0 0.0017008775103022344
559.0 0.001760529266903177
560.0 0.0018201804778072983
561.0 0.001620721013750881
562.0 0.0014212613677955233
563.0 0.001146825889009051
564.0 0.0008723902283236384
565.0 0.001664655064814724
566.0 0.0024569202651036903
567.0 0.002778173438855447
568.0 0.0030994262488093227
569.0 0.002910482362494804
570.0 0.002721538476180285
571.0 0.002606087946332991
572.0 0.002490636870788876
573.0 0.0020358089386718348
574.0 0.0015809808246558532
575.0 0.0019946104657719843
576.0 0.0024082401068881154
577.0 0.002006425529543776
578.0 0.0016046113159973174
579.0 0.001717962368275039
580.0 0.0018313134205527604
581.0 0.0016986070477287285
582.0 0.0015659004930057563
583.0 0.0020433339159353636
584.0 0.002520767338864971
585.0 0.0026257372155669145
586.0 0.002730707092268858
587.0 0.00210744547075592
588.0 0.001484183576394571
589.0 0.0019500001144479029
590.0 0.002415816743450705
591.0 0.001544642509543337
592.0 0.000673467820888618
593.0 0.0006371552444761619
594.0 0.0006008424406900303
595.0 0.0010416825716674794
596.0 0.0014825227481196634
597.0 0.0013955500435258728
598.0 0.0013085774298815522
599.0 0.0009414519809070043
600.0 0.0005743267593061319
601.0 0.0005175223122932948
602.0 0.0004607177288562525
603.0 0.0009132669219980016
604.0 0.00136581575134187
605.0 0.0008650318704894744
606.0 0.0003642476713139331
607.0 0.0007800843377481215
608.0 0.0011959209587075748
609.0 0.0011806881957454607
610.0 0.001165455068985466
611.0 0.001025050733005628
612.0 0.0008846464879752602
613.0 0.000790014564699959
614.0 0.0006953826868993929
615.0 0.0012124278327974025
616.0 0.0017294732970185578
617.0 0.00217830493056681
618.0 0.0026271367460140027
619.0 0.002196296554757282
620.0 0.0017654561816016212
621.0 0.0014815382201049943
622.0 0.0011976198948104866
623.0 0.001540218545414973
624.0 0.0018828171960194595
625.0 0.0017040456441463903
626.0 0.0015252744560712017
627.0 0.0018939956135000102
628.0 0.00226271731662564
629.0 0.0020212753952364437
630.0 0.001779833655746188
631.0 0.001534247348899953
632.0 0.001288660951104248
633.0 0.0016516354662599042
634.0 0.0020146100723650306
635.0 0.005023162520956248
636.0 0.008031714241951704
637.0 0.015285616973415017
638.0 0.022539521160069853
639.0 0.01974154292838648
640.0 0.016943563241511583
641.0 0.014759057376068085
642.0 0.012574554421007633
643.0 0.010072112490888685
644.0 0.0075696734711527824
645.0 0.006792092608520761
646.0 0.006014512473484501
647.0 0.005554084418690763
648.0 0.005093656363897026
649.0 0.0041278934077126905
650.0 0.003162131179124117
651.0 0.0036161523894406855
652.0 0.004070173963555135
653.0 0.0032518735679332167
654.0 0.002433572808513418
655.0 0.0027292473532725126
656.0 0.0030249226256273687
657.0 0.0029464530598488636
658.0 0.002867983130272478
659.0 0.0027679094273480587
660.0 0.00266783590632258
661.0 0.002814224899339024
662.0 0.0029606135285575874
663.0 0.0020518047676887363
664.0 0.0011429962796682958
665.0 0.0016218447854043916
666.0 0.002100693563988898
667.0 0.0023987508029676974
668.0 0.002696808041946497
669.0 0.0019337228877702728
670.0 0.0011706376426445786
671.0 0.0008740268640394788
672.0 0.000577416039959644
673.0 0.0013274889170133974
674.0 0.002077561839541886
675.0 0.0021149968233658
676.0 0.002152431625290774
677.0 0.0019048322428716347
678.0 0.0016572324966546148
679.0 0.0013902016689826269
680.0 0.001123170841310639
681.0 0.0012276950656087138
682.0 0.001332219017058378
683.0 0.0023920203602756374
684.0 0.003451821976341307
685.0 0.002899240098486189
686.0 0.002346658402530011
687.0 0.0017747974197845906
688.0 0.00120293625514023
689.0 0.0014524067410093267
690.0 0.0017018768630805425
691.0 0.0020183597371215
692.0 0.0023348424292635173
693.0 0.002685824438231066
694.0 0.003036806629097555
695.0 0.0032466963602928445
696.0 0.003456585545791313
697.0 0.0036166125937597826
698.0 0.003776639641728252
699.0 0.005611213782685809
700.0 0.007445788651239127
701.0 0.007104493124643341
702.0 0.006763198325643316
703.0 0.00623643645667471
704.0 0.0057096764066955075
705.0 0.005198011785978451
706.0 0.0046863493480486795
707.0 0.0043945979996351525
708.0 0.004102846287423745
709.0 0.004252984217600897
710.0 0.00440312251157593
711.0 0.004001275010523386
712.0 0.0035994275094708428
713.0 0.0025158207790809684
714.0 0.0014322138667921536
715.0 0.0021576453946181573
716.0 0.0028830771043431014
717.0 0.0025631929020164534
718.0 0.002243308335891925
719.0 0.0017449865481466986
720.0 0.001246664578502532
721.0 0.0011941039701923728
722.0 0.0011415429980843328
723.0 0.000980465756583726
724.0 0.0008193886060325895
725.0 0.0012595247426361311
726.0 0.0016996607882902026
727.0 0.0017304884750046767
728.0 0.0017613157979212701
729.0 0.001805053761927411
730.0 0.0018487915440346114
731.0 0.0014240643395169172
732.0 0.000999337134999223
733.0 0.0009837834113568533
734.0 0.0009682296877144836
735.0 0.0010708252375479788
736.0 0.0011734202416846529
737.0 0.0013238435712992214
738.0 0.0014742665371159092
739.0 0.0011612310117925517
740.0 0.0008481951226713136
741.0 0.0010614857274049427
742.0 0.0012747763321385719
743.0 0.0016572421372984536
744.0 0.0020397075786604546
745.0 0.0013704964658245444
746.0 0.0007012851256149588
747.0 0.0011381926015019417
748.0 0.0015751000319141895
749.0 0.002331346877326723
750.0 0.003087593722739257
751.0 0.003044313780264929
752.0 0.003001033837790601
753.0 0.002962403596029617
754.0 0.002923773354268633
755.0 0.0019378092474653386
756.0 0.0009518446859146934
757.0 0.001862965291365981
758.0 0.0027740856239688583
759.0 0.0026499723389861174
760.0 0.002525858690205496
761.0 0.0042911422497127205
762.0 0.006056425627321005
763.0 0.005592491288552992
764.0 0.0051285565859870985
765.0 0.0052345629228511825
766.0 0.005340568895917386
767.0 0.004573414116748609
768.0 0.0038062582461861894
769.0 0.0034330394555581734
770.0 0.0030598213925259188
771.0 0.003937503424822353
772.0 0.004815186184714548
773.0 0.004039414125145413
774.0 0.0032636420655762777
775.0 1.5789557161749457e-10
776.0 1.5789557161749457e-10
777.0 1.5789557161749457e-10
778.0 0.06246521952562034
779.0 0.0199518384761177
780.0 1.5789557161749457e-10
781.0 0.023400872305501252
782.0 0.09260033257305622
783.0 1.5789557161749457e-10
784.0 0.15663316007703543
785.0 1.5789557161749457e-10
786.0 0.10869501857087016
787.0 0.09156813030131161
788.0 1.5789557161749457e-10
789.0 1.5789557161749457e-10
790.0 0.06763691199012101
791.0 1.5789557161749457e-10
792.0 0.14284388162195683
793.0 0.1292531844228506
794.0 1.5789557161749457e-10
795.0 1.5789557161749457e-10
796.0 0.20477569196373224
797.0 0.19323680317029357
798.0 0.09552061092108488
799.0 0.09862828301265836
800.0 0.07135435589589179
801.0 0.2806184580549598
802.0 0.496646948158741
803.0 0.6496574729681015
804.0 1.1148015968501568
805.0 1.6801651567220688
806.0 2.809351310133934
807.0 4.242325946688652
808.0 5.9497009962797165
809.0 8.160334825515747
810.0 10.927315801382065
811.0 14.032550156116486
812.0 17.278671264648438
813.0 20.25514841079712
814.0 22.937677800655365
815.0 26.28171145915985
816.0 30.394652485847473
817.0 35.42531132698059
818.0 40.830349922180176
819.0 45.93958258628845
820.0 53.086304664611816
821.0 60.85030436515808
822.0 67.77415871620178
823.0 73.88513088226318
824.0 80.04984259605408
825.0 85.27519106864929
826.0 89.46402072906494
827.0 93.39012503623962
828.0 96.68551087379456
829.0 98.21949601173401
830.0 98.1414794921875
831.0 99.02850985527039
832.0 99.08073544502258
833.0 99.97131824493408
834.0 99.01751279830933
835.0 100.04309415817261
836.0 99.47752952575684
837.0 99.34992790222168
838.0 98.66756200790405
839.0 98.50298166275024
840.0 99.06362891197205
841.0 99.67723488807678
842.0 99.83981251716614
843.0 99.84315037727356
844.0 98.55559468269348
845.0 98.84634613990784
846.0 99.2699146270752
847.0 99.28855299949646
848.0 100.17372369766235
849.0 99.17022585868835
850.0 98.31740856170654
851.0 99.25745129585266
852.0 99.79681372642517
853.0 99.07337427139282
854.0 99.92963671684265
855.0 98.48641157150269
856.0 99.1964340209961
857.0 98.2404351234436
858.0 98.94562363624573
859.0 99.70001578330994
860.0 98.62091541290283
861.0 98.90767335891724
862.0 99.19114708900452
863.0 98.80926609039307
864.0 99.42472577095032
865.0 99.9150276184082
866.0 99.1637647151947
867.0 99.57693219184875
868.0 99.58069324493408
869.0 98.81517887115479
870.0 98.281991481781
871.0 99.2982566356659
872.0 99.44204092025757
873.0 99.21083450317383
874.0 99.58683848381042
875.0 99.06238317489624
876.0 99.07965660095215
877.0 99.6042549610138
878.0 99.27150011062622
879.0 99.18311834335327
880.0 98.57392907142639
881.0 99.95701909065247
882.0 98.90600442886353
883.0 99.4143009185791
884.0 99.71300959587097
885.0 99.37233924865723
886.0 98.9933967590332
887.0 98.64592552185059
888.0 99.4343101978302
889.0 99.49197769165039
890.0 98.6470639705658
891.0 99.70311522483826
892.0 99.20595288276672
893.0 98.99449348449707
894.0 98.5489547252655
895.0 99.66956973075867
