lsstCam/transmission_filter_detector/r04_sw0/z_20/19700101T000000.ecsv
# %ECSV 1.0
# ---
# datatype:
# - {name: wavelength, unit: nm, datatype: float32}
# - {name: efficiency, unit: '%', datatype: float64}
# meta: !!omap
# - {MODE: DETECTOR}
# - {TYPE: transmission_filter_detector}
# - {CALIBDATE: '1970-01-01T00:00:00'}
# - {INSTRUME: LSSTCam}
# - {OBSTYPE: transmission_filter_detector}
# - {CALIBCLS: lsst.ip.isr.IntermediateFilterDetectorTransmissionCurve}
# - {SOURCE: Materion (DM-46256)}
# - {DETECTOR: 195}
# - {FILTER: z_20}
# - {CALIB_ID: 'calibDate=1970-01-01T00:00:00 filter=z_20 detector=195'}
# - {DATE: '2025-04-02T15:59:49.545456'}
# - {CALIB_CREATION_DATE: '2025-04-02'}
# - {CALIB_CREATION_TIME: '15:59:49'}
# - __serialized_columns__:
#     efficiency:
#       __class__: astropy.units.quantity.Quantity
#       unit: !astropy.units.Unit {unit: '%'}
#       value: !astropy.table.SerializedColumn {name: efficiency}
#     wavelength:
#       __class__: astropy.units.quantity.Quantity
#       unit: !astropy.units.Unit {unit: nm}
#       value: !astropy.table.SerializedColumn {name: wavelength}
# schema: astropy-2.0
wavelength efficiency
300.0 0.8668896742165089
301.0 0.5842010490596294
302.0 0.30151247046887875
303.0 0.2949018497020006
304.0 0.2882912056520581
305.0 0.2438562922179699
306.0 0.19942133221775293
307.0 0.1838543568737805
308.0 0.16828736988827586
309.0 0.14790301211178303
310.0 0.127518642693758
311.0 0.1269149244762957
312.0 0.12631122954189777
313.0 0.11095346417278051
314.0 0.09559572790749371
315.0 0.09536550496704876
316.0 0.09513528202660382
317.0 0.07984582334756851
318.0 0.06455637631006539
319.0 0.06416089599952102
320.0 0.06376540986821055
321.0 0.06348799797706306
322.0 0.06321059190668166
323.0 0.05463155684992671
324.0 0.046052527613937855
325.0 0.04308969946578145
326.0 0.040126871317625046
327.0 0.03899946459569037
328.0 0.03787205787375569
329.0 0.0335778808221221
330.0 0.0292837037704885
331.0 0.026726990472525358
332.0 0.024170277174562216
333.0 0.02341843646718189
334.0 0.02266659284941852
335.0 0.021395068324636668
336.0 0.020123545255046338
337.0 0.024291346198879182
338.0 0.02845914277713746
339.0 0.024244844098575413
340.0 0.020030548330396414
341.0 0.0168659258633852
342.0 0.01370130485156551
343.0 0.013550432049669325
344.0 0.013399562158156186
345.0 0.012646855611819774
346.0 0.011894150520674884
347.0 0.011241529864491895
348.0 0.010588912118691951
349.0 0.01324731856584549
350.0 0.015905723557807505
351.0 0.013243565626908094
352.0 0.010581404058029875
353.0 0.011015566269634292
354.0 0.01144972993643023
355.0 0.009955603309208527
356.0 0.008461477409582585
357.0 0.009448484343010932
358.0 0.010435493459226564
359.0 0.010074790043290704
360.0 0.009714085172163323
361.0 0.008815388719085604
362.0 0.00791669444879517
363.0 0.009179448534268886
364.0 0.01044220189214684
365.0 0.010142670362256467
366.0 0.00984314174274914
367.0 0.0086582062067464
368.0 0.007473270670743659
369.0 0.007919585914351046
370.0 0.008365901885554194
371.0 0.008277277811430395
372.0 0.008188654464902356
373.0 0.00719265008228831
374.0 0.006196647882461548
375.0 0.006477124406956136
376.0 0.006757599476259202
377.0 0.007065528916427866
378.0 0.007373457629000768
379.0 0.006214456516318023
380.0 0.005055454676039517
381.0 0.003205370740033686
382.0 0.0013552869859267958
383.0 0.0035448658309178427
384.0 0.00573444485780783
385.0 0.005495902223628946
386.0 0.005257359589450061
387.0 0.0059227277233731
388.0 0.0065880965848919
389.0 0.005785461326013319
390.0 0.004982827522326261
391.0 0.004605579670169391
392.0 0.00422833145421464
393.0 0.004720103606814519
394.0 0.005211876123212278
395.0 0.004304929461795837
396.0 0.0033979828003793955
397.0 0.0035901026421925053
398.0 0.0037822221202077344
399.0 0.003998802276328206
400.0 0.004215381704852916
401.0 0.0045380813389783725
402.0 0.0048607813369017094
403.0 0.004849096876569092
404.0 0.004837412416236475
405.0 0.004001460547442548
406.0 0.0031655090424465016
407.0 0.0017639675206737593
408.0 0.0003624268174462486
409.0 0.0019328692360431887
410.0 0.003503311745589599
411.0 0.004172229455434717
412.0 0.0048411471652798355
413.0 0.004635431105270982
414.0 0.004429715045262128
415.0 0.0036141998862149194
416.0 0.0027986852728645317
417.0 0.0038573274650843814
418.0 0.004915969839203171
419.0 0.004392726987134665
420.0 0.0038694837712682784
421.0 0.003851114888675511
422.0 0.003832746369880624
423.0 0.003641053262981586
424.0 0.0034493612474761903
425.0 0.0026119691028725356
426.0 0.0017745771401678212
427.0 0.0018850390915758908
428.0 0.0019955012248829007
429.0 0.0012179701116110664
430.0 0.0004404392711876426
431.0 0.0006719621069350978
432.0 0.0009034849426825531
433.0 0.0007803834705555346
434.0 0.0006572823167516617
435.0 0.001240097753907321
436.0 0.0018229131455882452
437.0 0.002000329732254613
438.0 0.0021777465008199215
439.0 0.0021833846403751522
440.0 0.002189022779930383
441.0 0.0016662748748785816
442.0 0.0011435271517257206
443.0 0.002276580380566884
444.0 0.0034096334275091067
445.0 0.003283971091150306
446.0 0.0031583087547915056
447.0 0.0024828003006405197
448.0 0.0018072916645905934
449.0 0.002551981378928758
450.0 0.0032966712751658633
451.0 0.0025163306418107823
452.0 0.0017359894627588801
453.0 0.001634774889680557
454.0 0.0015335604985011742
455.0 0.0022601341697736643
456.0 0.002986708022945095
457.0 0.0021896104954066686
458.0 0.0013925128769187722
459.0 0.001565493039379362
460.0 0.0017384731108904816
461.0 0.0008312224963447079
462.0 1.6720730702801667e-10
463.0 0.0009280531230615452
464.0 0.0019321345462230965
465.0 0.002222344483016059
466.0 0.0025125546017079614
467.0 0.002187945028708782
468.0 0.0018633349100127816
469.0 0.0016637432054267265
470.0 0.0014641515008406714
471.0 0.0013783150279778056
472.0 0.0012924788279633503
473.0 0.0012400938430801034
474.0 0.0011877090400957968
475.0 0.0010635454600560479
476.0 0.0009393816981173586
477.0 0.001275973227166105
478.0 0.001612564483366441
479.0 0.0019143748431815766
480.0 0.0022161853848956525
481.0 0.0018130866010324098
482.0 0.0014099880900175776
483.0 0.0009624066478863824
484.0 0.0005148252057551872
485.0 0.0013031710295763332
486.0 0.0020915169443469495
487.0 0.0014423188076762017
488.0 0.0007931206710054539
489.0 0.0016330332073266618
490.0 0.00247294592554681
491.0 0.0023273067199625075
492.0 0.0021816673324792646
493.0 0.0020525501895463094
494.0 0.001923433410411235
495.0 0.0016720676285331137
496.0 0.0014207017557055224
497.0 0.0012664908354054205
498.0 0.0011122802789031994
499.0 0.0012358274034340866
500.0 0.0013593748008133844
501.0 0.0009063770448847208
502.0 0.0004533791070571169
503.0 0.001224114475917304
504.0 0.001994849844777491
505.0 0.0021748655854025856
506.0 0.00235488114412874
507.0 0.002257492087665014
508.0 0.0021601028493023477
509.0 0.0018837901734514162
510.0 0.0016074780432973057
511.0 0.0012960619642399251
512.0 0.0009846459761320148
513.0 0.00134788160721655
514.0 0.0017111176930484362
515.0 0.0013597957149613649
516.0 0.0010084742825711146
517.0 0.00093269300123211
518.0 0.0008569117198931053
519.0 0.0010431522241560742
520.0 0.0012293923646211624
521.0 0.0015778368833707646
522.0 0.0019262812202214263
523.0 0.0013026810847804882
524.0 0.0006790808583900798
525.0 0.0007500773790525272
526.0 0.000821074081613915
527.0 0.0011539639672264457
528.0 0.0014868540347379167
529.0 0.0012405136658344418
530.0 0.0009941726602846757
531.0 0.0011297420314804185
532.0 0.001265311220777221
533.0 0.0009382558346260339
534.0 0.0006112003575253766
535.0 0.0011345528946549166
536.0 0.0016579053408349864
537.0 0.0016581032468820922
538.0 0.001658301152929198
539.0 0.001193237130792113
540.0 0.0007281727903318824
541.0 0.0007713465492997784
542.0 0.0008145203537424095
543.0 0.0012328082448220812
544.0 0.0016510963178006932
545.0 0.0011048594387830235
546.0 0.0005586229690379696
547.0 0.0012185534615127835
548.0 0.0018784836356644519
549.0 0.0016915944797801785
550.0 0.0015047049600980245
551.0 0.0015225313291011844
552.0 0.0015403573343064636
553.0 0.0013227064300735947
554.0 0.0011050550710933749
555.0 0.0010015227417170536
556.0 0.0008979906851891428
557.0 0.0013455332918965723
558.0 0.0017930758986040018
559.0 0.0017586067770025693
560.0 0.001724137291603256
561.0 0.0015340499885496683
562.0 0.0013439625945466105
563.0 0.0011396037734812126
564.0 0.0009352449524158146
565.0 0.0017032274627126753
566.0 0.0024712102458579466
567.0 0.002839388616848737
568.0 0.0032075669878395274
569.0 0.0029947470466140658
570.0 0.0027819272872875445
571.0 0.0026780708139995113
572.0 0.0025742136131157167
573.0 0.0020876797862001695
574.0 0.0016011459592846222
575.0 0.002031757867371198
576.0 0.002462369593558833
577.0 0.0020097504602745175
578.0 0.0015571316907880828
579.0 0.0017415510228602216
580.0 0.00192597017303342
581.0 0.0017167560145026073
582.0 0.0015075418559717946
583.0 0.001916430119308643
584.0 0.002325318200746551
585.0 0.0024987171855173074
586.0 0.0026721161702880636
587.0 0.0020644223695853725
588.0 0.001456728386983741
589.0 0.002092823342536576
590.0 0.0027289181161904708
591.0 0.001984662958420813
592.0 0.0012404074368532747
593.0 0.0009838949154072907
594.0 0.0007273823030118365
595.0 0.0010955895959341433
596.0 0.0014637967069575097
597.0 0.0013481517271429766
598.0 0.0012325067473284435
599.0 0.0008829400940157939
600.0 0.0005333735771273496
601.0 0.0004869494659942575
602.0 0.00044052512748748995
603.0 0.0009680875336925965
604.0 0.001495649394200882
605.0 0.000924842242966406
606.0 0.0003540348188835196
607.0 0.0007952848136483226
608.0 0.0012365348084131256
609.0 0.0012203418918943498
610.0 0.0012041485206282232
611.0 0.0010255977940687444
612.0 0.0008470467037113849
613.0 0.0007908472980489023
614.0 0.0007346479833358899
615.0 0.0012222520126670133
616.0 0.0017098564057960175
617.0 0.0021922482119407505
618.0 0.002674640199984424
619.0 0.0022202722902875394
620.0 0.0017659041986917146
621.0 0.0015511235687881708
622.0 0.0013363427569856867
623.0 0.0016182995750568807
624.0 0.001900256029330194
625.0 0.0016648502423777245
626.0 0.0014294446373241954
627.0 0.0019057360987062566
628.0 0.002382028105785139
629.0 0.002121384022757411
630.0 0.0018607397578307427
631.0 0.0016330563084920868
632.0 0.0014053724953555502
633.0 0.0017864536857814528
634.0 0.0021675350581062958
635.0 0.005154496830073185
636.0 0.008141457510646433
637.0 0.015458422421943396
638.0 0.02277538733324036
639.0 0.019842895562760532
640.0 0.016910403792280704
641.0 0.014620575529988855
642.0 0.012330751633271575
643.0 0.009842123108683154
644.0 0.007353497494477779
645.0 0.006656896584900096
646.0 0.0059602956753224134
647.0 0.005439541200757958
648.0 0.0049187867261935025
649.0 0.004090017682756297
650.0 0.003261249730712734
651.0 0.003593589281081222
652.0 0.0039259291952475905
653.0 0.0032102841942105442
654.0 0.002494638647476677
655.0 0.002789869722619187
656.0 0.0030851013434585184
657.0 0.002949343434011098
658.0 0.002813585160765797
659.0 0.002716220296861138
660.0 0.0026188554329564795
661.0 0.002775052416836843
662.0 0.0029312490369193256
663.0 0.001994735066546127
664.0 0.001058220732375048
665.0 0.00151927160914056
666.0 0.0019803226678050123
667.0 0.0023008755306364037
668.0 0.002621428393467795
669.0 0.0019437449736869894
670.0 0.0012660613720072433
671.0 0.0009546512046654243
672.0 0.0006432409463741351
673.0 0.0012660394531849306
674.0 0.0018888382328441367
675.0 0.002008497904171236
676.0 0.0021281572117004544
677.0 0.0019249584511271678
678.0 0.0017217591448570602
679.0 0.001453812546969857
680.0 0.0011858656762342434
681.0 0.001237978085555369
682.0 0.001290090222028084
683.0 0.002403932921879459
684.0 0.003517775985528715
685.0 0.002844517985067796
686.0 0.002171260530303698
687.0 0.0016746957044233568
688.0 0.001178130605694605
689.0 0.0015028966117824893
690.0 0.0018276621631230228
691.0 0.00212957074836595
692.0 0.002431478787912056
693.0 0.0027638521714834496
694.0 0.003096225918852724
695.0 0.003278567601228133
696.0 0.003460908919805661
697.0 0.003667572309495881
698.0 0.0038742356991861016
699.0 0.005838372453581542
700.0 0.007802509207976982
701.0 0.0072536407969892025
702.0 0.006704772386001423
703.0 0.006237548222998157
704.0 0.005770324423792772
705.0 0.005172936653252691
706.0 0.004575549246510491
707.0 0.004326467387727462
708.0 0.004077384437550791
709.0 0.004228830948704854
710.0 0.004380277459858917
711.0 0.003907913560396992
712.0 0.003435550388530828
713.0 0.0024647008103784174
714.0 0.0014938510503270663
715.0 0.002200733433710411
716.0 0.0029076159989926964
717.0 0.0024985212803585455
718.0 0.002089426197926514
719.0 0.0016466123270220123
720.0 0.0012037979104206897
721.0 0.0011391454791009892
722.0 0.001074492774932878
723.0 0.0009364784091303591
724.0 0.0007984641342773102
725.0 0.0012156089724157937
726.0 0.0016327538105542772
727.0 0.0017220618246938102
728.0 0.0018113694750354625
729.0 0.0018036687833955511
730.0 0.0017959682736545801
731.0 0.0013497738109435886
732.0 0.0009035795301315375
733.0 0.0009058675459527876
734.0 0.0009081554708245676
735.0 0.0010451325579197146
736.0 0.0011821091902675107
737.0 0.0013722630683332682
738.0 0.001562416582601145
739.0 0.0012028323908452876
740.0 0.0008432480171904899
741.0 0.0010485089660505764
742.0 0.0012537698239611927
743.0 0.001613894710317254
744.0 0.001974019505723845
745.0 0.0013500492968887556
746.0 0.0007260791335284011
747.0 0.0012311124919506256
748.0 0.001736145895847585
749.0 0.0023108141249394976
750.0 0.00288548235403141
751.0 0.002910334660555236
752.0 0.0029351867851801217
753.0 0.0028846437999163754
754.0 0.0028341009965515696
755.0 0.0019036831872654147
756.0 0.0009732652870297898
757.0 0.0019234521460020915
758.0 0.002873638914024923
759.0 0.0026952970074489713
760.0 0.0025169545551761985
761.0 0.004427449675858952
762.0 0.006337945524137467
763.0 0.005790727664134465
764.0 0.005243509076535702
765.0 0.0053289459174266085
766.0 0.005414383122115396
767.0 0.004565336348605342
768.0 0.0037162884837016463
769.0 0.003332678898004815
770.0 0.0029490698580048047
771.0 0.0038213951484067366
772.0 0.0046937209845054895
773.0 0.003935565109713934
774.0 0.0031774088711244985
775.0 1.6720730702801667e-10
776.0 1.6720730702801667e-10
777.0 0.027970815426670015
778.0 0.11196171399205923
779.0 0.009985771612264216
780.0 1.6720730702801667e-10
781.0 3.970554018906114e-05
782.0 1.6720730702801667e-10
783.0 1.6720730702801667e-10
784.0 0.014148422633297741
785.0 1.6720730702801667e-10
786.0 0.11652630055323243
787.0 0.06700748926959932
788.0 1.6720730702801667e-10
789.0 0.03994401195086539
790.0 0.006593006401089951
791.0 1.6720730702801667e-10
792.0 0.022191596508491784
793.0 0.011697576701408252
794.0 0.02216856082668528
795.0 0.07647844613529742
796.0 0.11054434580728412
797.0 1.6720730702801667e-10
798.0 0.2596149453893304
799.0 0.2662812825292349
800.0 0.3128080163151026
801.0 0.579780200496316
802.0 1.0163967497646809
803.0 1.5957321971654892
804.0 2.6538806036114693
805.0 4.132777079939842
806.0 5.788634717464447
807.0 8.054257184267044
808.0 10.615450143814087
809.0 13.773103058338165
810.0 17.049895226955414
811.0 20.165109634399414
812.0 23.13123494386673
813.0 26.72029137611389
814.0 30.80255389213562
815.0 35.542333126068115
816.0 41.49966537952423
817.0 47.447964549064636
818.0 53.93648147583008
819.0 60.66639423370361
820.0 68.29777956008911
821.0 75.40317177772522
822.0 80.82723021507263
823.0 85.66636443138123
824.0 89.76143002510071
825.0 93.57211589813232
826.0 95.73487639427185
827.0 97.24034667015076
828.0 98.88765811920166
829.0 99.20657873153687
830.0 98.76355528831482
831.0 99.20126795768738
832.0 98.49984049797058
833.0 99.3178129196167
834.0 98.35876822471619
835.0 99.03329610824585
836.0 98.86404871940613
837.0 99.24306869506836
838.0 97.93018102645874
839.0 98.27288389205933
840.0 98.668771982193
841.0 99.19044375419617
842.0 99.30557608604431
843.0 99.36617612838745
844.0 97.91383743286133
845.0 98.54405522346497
846.0 98.5612690448761
847.0 98.45530390739441
848.0 99.99256134033203
849.0 99.15835857391357
850.0 98.21147322654724
851.0 98.91445636749268
852.0 99.40289258956909
853.0 98.38719964027405
854.0 99.73161816596985
855.0 98.38917255401611
856.0 98.90488982200623
857.0 98.09807538986206
858.0 98.39360117912292
859.0 99.27835464477539
860.0 98.86167645454407
861.0 99.0146815776825
862.0 98.94278049468994
863.0 98.05406928062439
864.0 99.19301867485046
865.0 99.57873821258545
866.0 98.6776351928711
867.0 99.20666813850403
868.0 99.82260465621948
869.0 98.93752932548523
870.0 98.28726053237915
871.0 98.64511489868164
872.0 99.10893440246582
873.0 99.22993183135986
874.0 99.79318976402283
875.0 98.90839457511902
876.0 99.19455647468567
877.0 99.2509126663208
878.0 99.01367425918579
879.0 98.55828881263733
880.0 98.5275387763977
881.0 100.12850761413574
882.0 98.82030487060547
883.0 98.75931739807129
884.0 99.18739199638367
885.0 98.96121621131897
886.0 98.5258400440216
887.0 98.36523532867432
888.0 99.10375475883484
889.0 99.58807826042175
890.0 98.56825470924377
891.0 99.46003556251526
892.0 98.55847954750061
893.0 98.53764772415161
894.0 98.22075963020325
