lsstCam/transmission_filter_detector/r04_sw0/z_20/19700101T000000.ecsv
# %ECSV 1.0
# ---
# datatype:
# - {name: wavelength, unit: nm, datatype: float32}
# - {name: efficiency, unit: '%', datatype: float64}
# meta: !!omap
# - {MODE: DETECTOR}
# - {TYPE: transmission_filter_detector}
# - {CALIBDATE: '1970-01-01T00:00:00'}
# - {INSTRUME: LSSTCam}
# - {OBSTYPE: transmission_filter_detector}
# - {CALIBCLS: lsst.ip.isr.IntermediateFilterDetectorTransmissionCurve}
# - {SOURCE: Materion (DM-46256)}
# - {DETECTOR: 195}
# - {FILTER: z_20}
# - {CALIB_ID: 'calibDate=1970-01-01T00:00:00 filter=z_20 detector=195'}
# - {DATE: '2025-04-02T15:59:49.545456'}
# - {CALIB_CREATION_DATE: '2025-04-02'}
# - {CALIB_CREATION_TIME: '15:59:49'}
# - __serialized_columns__:
#     efficiency:
#       __class__: astropy.units.quantity.Quantity
#       unit: !astropy.units.Unit {unit: '%'}
#       value: !astropy.table.SerializedColumn {name: efficiency}
#     wavelength:
#       __class__: astropy.units.quantity.Quantity
#       unit: !astropy.units.Unit {unit: nm}
#       value: !astropy.table.SerializedColumn {name: wavelength}
# schema: astropy-2.0
wavelength efficiency
[from data line 596]
896.0 99.01607036590576
897.0 99.27661418914795
898.0 98.93501400947571
899.0 98.46697449684143
900.0 98.57009053230286
901.0 99.31702613830566
902.0 99.00396466255188
903.0 98.6685574054718
904.0 97.69937992095947
905.0 98.50178360939026
906.0 97.80266880989075
907.0 98.48510026931763
908.0 98.01187515258789
909.0 98.37466478347778
910.0 97.75635004043579
911.0 97.2876489162445
912.0 95.62209844589233
913.0 94.54360604286194
914.0 92.18230247497559
915.0 89.85570073127747
916.0 87.8817617893219
917.0 86.14171147346497
918.0 82.97056555747986
919.0 81.73772692680359
920.0 78.48738431930542
921.0 74.60031509399414
922.0 69.82085704803467
923.0 63.88000845909119
924.0 58.49540829658508
925.0 52.98929810523987
926.0 46.8937873840332
927.0 39.832183718681335
928.0 33.89846384525299
929.0 27.570608258247375
930.0 21.88919335603714
931.0 16.94362163543701
932.0 11.692114174365997
933.0 7.562420517206192
934.0 4.869111254811287
935.0 2.9193341732025146
936.0 1.7020056024193764
937.0 1.045682467520237
938.0 0.5587640218436718
939.0 0.3387903328984976
940.0 0.25445467326790094
941.0 0.08692709961906075
942.0 0.15301001258194447
943.0 0.0247029383899644
944.0 0.0866549788042903
945.0 0.05549121997319162
946.0 1.6720730702801667e-10
947.0 0.014453777112066746
948.0 1.6720730702801667e-10
949.0 1.6720730702801667e-10
950.0 1.6720730702801667e-10
951.0 1.6720730702801667e-10
952.0 0.1201501116156578
953.0 1.6720730702801667e-10
954.0 0.03159258048981428
955.0 1.6720730702801667e-10
956.0 1.6720730702801667e-10
957.0 1.6720730702801667e-10
958.0 1.6720730702801667e-10
959.0 1.6720730702801667e-10
960.0 0.014335250307340175
961.0 1.6720730702801667e-10
962.0 1.6720730702801667e-10
963.0 0.04762393073178828
964.0 0.04944268730469048
965.0 0.013385558850131929
966.0 1.6720730702801667e-10
967.0 1.6720730702801667e-10
968.0 0.008185962360585108
969.0 0.045688741374760866
970.0 1.6720730702801667e-10
971.0 1.6720730702801667e-10
972.0 1.6720730702801667e-10
973.0 0.025643603294156492
974.0 1.6720730702801667e-10
975.0 1.6720730702801667e-10
976.0 0.0063302883063443005
977.0 0.006267424032557756
978.0 0.006204561213962734
979.0 0.006094844138715416
980.0 0.005985125244478695
981.0 0.005765425157733262
982.0 0.005545725434785709
983.0 0.005426680218079127
984.0 0.005307635001372546
985.0 0.005057004091213457
986.0 0.004806372453458607
987.0 0.0048236157454084605
988.0 0.004840859037358314
989.0 0.004741641168948263
990.0 0.004642423664336093
991.0 0.004735331094707362
992.0 0.004828238525078632
993.0 0.004823283597943373
994.0 0.004818327943212353
995.0 0.004734069443657063
996.0 0.0046498105803038925
997.0 0.004490492210607044
998.0 0.004331173477112316
999.0 0.004350270319264382
1000.0 0.004369366797618568
1001.0 0.004456288297660649
1002.0 0.004543209070106968
1003.0 0.004428211468621157
1004.0 0.004313213503337465
1005.0 0.004208539758110419
1006.0 0.004103865649085492
1007.0 0.004193746644887142
1008.0 0.004283627276890911
1009.0 0.004365164932096377
1010.0 0.004446702223503962
1011.0 0.004512810846790671
1012.0 0.0045789191062795
1013.0 0.00443158314737957
1014.0 0.004284246824681759
1015.0 0.0044322237954474986
1016.0 0.0045802004024153575
1017.0 0.004787976649822667
1018.0 0.004995753261027858
1019.0 0.004866317249252461
1020.0 0.004736880873679183
1021.0 0.004670779162552208
1022.0 0.004604677087627351
1023.0 0.004503151649259962
1024.0 0.004401625483296812
1025.0 0.004598882878781296
1026.0 0.0047961399104679
1027.0 0.004727725536213256
1028.0 0.0046593111619586125
1029.0 0.004713835005532019
1030.0 0.004768359576701187
1031.0 0.004811093822354451
1032.0 0.004853827704209834
1033.0 0.004953668394591659
1034.0 0.005053509448771365
1035.0 0.005182343738852069
1036.0 0.005311178028932773
1037.0 0.005436596256913617
1038.0 0.0055620137572987005
1039.0 0.005476136720972136
1040.0 0.005390258957049809
1041.0 0.005686633812729269
1042.0 0.0059830093960044906
1043.0 0.005557748954743147
1044.0 0.005132488513481803
1045.0 0.005871028042747639
1046.0 0.006609567208215594
1047.0 0.0062443039496429265
1048.0 0.005879040691070259
1049.0 0.005995478932163678
1050.0 0.006111917900852859
1051.0 0.006363616557791829
1052.0 0.0066153173975180835
1053.0 0.006626328831771389
1054.0 0.006637340266024694
1055.0 0.007418404129566625
1056.0 0.008199467993108556
1057.0 0.007991572783794254
1058.0 0.007783679029671475
1059.0 0.00781641065259464
1060.0 0.007849140092730522
1061.0 0.008347084803972393
1062.0 0.008845030242810026
1063.0 0.00884916153154336
1064.0 0.008853293547872454
1065.0 0.008963351137936115
1066.0 0.00907341091078706
1067.0 0.009110674727708101
1068.0 0.009147940727416426
1069.0 0.010024574294220656
1070.0 0.010901208588620648
1071.0 0.01062638548319228
1072.0 0.01035156165016815
1073.0 0.010526945698074996
1074.0 0.010702329745981842
1075.0 0.011493588681332767
1076.0 0.012284853437449783
1077.0 0.012219822383485734
1078.0 0.012154792784713209
1079.0 0.013230291369836777
1080.0 0.014305789954960346
1081.0 0.014216669660527259
1082.0 0.014127552276477218
1083.0 0.014073256170377135
1084.0 0.014018960064277053
1085.0 0.014531787019222975
1086.0 0.015044618339743465
1087.0 0.015180138871073723
1088.0 0.015315662312787026
1089.0 0.016701131244190037
1090.0 0.01808660163078457
1091.0 0.01776005228748545
1092.0 0.01743349857861176
1093.0 0.01732687233015895
1094.0 0.017220241716131568
1095.0 0.018426963652018458
1096.0 0.019633689953479916
1097.0 0.020039311493746936
1098.0 0.02044493448920548
1099.0 0.022244546562433243
1100.0 0.024044154270086437
1101.0 0.024007048341445625
1102.0 0.02396993659203872
1103.0 0.02481604751665145
1104.0 0.025662151165306568
1105.0 0.02586908231023699
1106.0 0.026076010544784367
1107.0 0.02770768478512764
1108.0 0.029339359025470912
1109.0 0.030570253147743642
1110.0 0.031801144359633327
1111.0 0.03172932774759829
1112.0 0.031657511135563254
1113.0 0.03355180087964982
1114.0 0.03544609353411943
1115.0 0.033848697785288095
1116.0 0.03225130494683981
1117.0 0.03356995584908873
1118.0 0.03488860966172069
1119.0 0.03839002165477723
1120.0 0.04189143073745072
1121.0 0.04318397550377995
1122.0 0.04447652609087527
1123.0 0.044802468619309366
1124.0 0.045128411147743464
1125.0 0.044707488268613815
1126.0 0.04428656829986721
1127.0 0.047690782230347395
1128.0 0.05109499325044453
1129.0 0.05487250164151192
1130.0 0.058650015853345394
1131.0 0.059118628269061446
1132.0 0.05958723486401141
1133.0 0.06371790077537298
1134.0 0.06784856668673456
1135.0 0.06465138285420835
1136.0 0.06145419320091605
1137.0 0.06691445014439523
1138.0 0.07237470708787441
1139.0 0.07736926199868321
1140.0 0.08236377616412938
1141.0 0.09344444260932505
1142.0 0.10452507995069027
1143.0 0.12368465540930629
1144.0 0.14284419594332576
1145.0 0.2817592117935419
1146.0 0.4206742160022259
1147.0 0.8774347603321075
1148.0 1.3341953046619892
1149.0 1.525904517620802
1150.0 1.7176149412989616
