lsstCam/transmission_filter_detector/r10_s22/u_24/19700101T000000.ecsv
# %ECSV 1.0
# ---
# datatype:
# - {name: wavelength, unit: nm, datatype: float32}
# - {name: efficiency, unit: '%', datatype: float64}
# meta: !!omap
# - {MODE: DETECTOR}
# - {TYPE: transmission_filter_detector}
# - {CALIBDATE: '1970-01-01T00:00:00'}
# - {INSTRUME: LSSTCam}
# - {OBSTYPE: transmission_filter_detector}
# - {CALIBCLS: lsst.ip.isr.IntermediateFilterDetectorTransmissionCurve}
# - {SOURCE: Materion (DM-46256)}
# - {DETECTOR: 35}
# - {FILTER: u_24}
# - {CALIB_ID: 'calibDate=1970-01-01T00:00:00 filter=u_24 detector=35'}
# - {DATE: '2025-04-02T15:59:39.911236'}
# - {CALIB_CREATION_DATE: '2025-04-02'}
# - {CALIB_CREATION_TIME: '15:59:39'}
# - __serialized_columns__:
#     efficiency:
#       __class__: astropy.units.quantity.Quantity
#       unit: !astropy.units.Unit {unit: '%'}
#       value: !astropy.table.SerializedColumn {name: efficiency}
#     wavelength:
#       __class__: astropy.units.quantity.Quantity
#       unit: !astropy.units.Unit {unit: nm}
#       value: !astropy.table.SerializedColumn {name: wavelength}
# schema: astropy-2.0
wavelength efficiency
295.0 1.610694975832938e-10
296.0 1.610694975832938e-10
297.0 1.610694975832938e-10
298.0 1.610694975832938e-10
299.0 1.610694975832938e-10
300.0 1.610694975832938e-10
301.0 1.610694975832938e-10
302.0 1.610694975832938e-10
303.0 1.610694975832938e-10
304.0 0.08805235847830772
305.0 0.5546926986426115
306.0 1.6878388822078705
307.0 3.3929362893104553
308.0 5.710881948471069
309.0 8.91542136669159
310.0 12.257491797208786
311.0 16.240455210208893
312.0 20.00095844268799
313.0 23.07489514350891
314.0 26.102691888809204
315.0 28.547853231430054
316.0 30.74178695678711
317.0 33.234113454818726
318.0 36.25713288784027
319.0 40.26382863521576
320.0 45.676255226135254
321.0 51.23699903488159
322.0 57.14733600616455
323.0 62.589359283447266
324.0 67.06202626228333
325.0 70.04364728927612
326.0 72.45184779167175
327.0 74.3010401725769
328.0 75.98912715911865
329.0 77.34791040420532
330.0 78.73245477676392
331.0 79.35790419578552
332.0 79.71664071083069
333.0 79.9303412437439
334.0 79.68013882637024
335.0 79.84905242919922
336.0 80.08154034614563
337.0 80.74641823768616
338.0 81.48420453071594
339.0 82.07169771194458
340.0 82.46144652366638
341.0 82.94854164123535
342.0 83.22907090187073
343.0 83.25016498565674
344.0 83.44200253486633
345.0 83.91843438148499
346.0 84.15767550468445
347.0 84.4561755657196
348.0 84.84645485877991
349.0 84.95979905128479
350.0 85.08248925209045
351.0 85.31411290168762
352.0 85.14935374259949
353.0 85.13375520706177
354.0 84.98747944831848
355.0 85.25930047035217
356.0 85.42118668556213
357.0 85.34276485443115
358.0 85.00444889068604
359.0 84.72799062728882
360.0 84.54890847206116
361.0 84.38417911529541
362.0 84.1587245464325
363.0 84.35003757476807
364.0 84.44347977638245
365.0 84.68255400657654
366.0 85.01107692718506
367.0 85.11927723884583
368.0 85.19212007522583
369.0 85.22562980651855
370.0 84.94764566421509
371.0 84.8004698753357
372.0 84.87708568572998
373.0 84.93688702583313
374.0 85.01248955726624
375.0 85.30730605125427
376.0 85.44522523880005
377.0 85.5059802532196
378.0 85.60910224914551
379.0 85.2449119091034
380.0 84.5384418964386
381.0 83.26842188835144
382.0 81.50497078895569
383.0 79.54905033111572
384.0 77.43608951568604
385.0 75.05330443382263
386.0 72.55275249481201
387.0 69.13937330245972
388.0 65.77770709991455
389.0 61.71852350234985
390.0 57.61849284172058
391.0 53.3178985118866
392.0 48.842307925224304
393.0 45.068249106407166
394.0 41.75194501876831
395.0 38.16349506378174
396.0 34.343644976615906
397.0 29.236075282096863
398.0 23.358918726444244
399.0 16.50741398334503
400.0 10.392768681049347
401.0 5.63960075378418
402.0 2.402988448739052
403.0 0.7366414647549391
404.0 0.21211919374763966
405.0 0.12309692101553082
406.0 0.044528653961606324
407.0 0.016379855514969677
408.0 0.019313758821226656
409.0 1.610694975832938e-10
410.0 1.610694975832938e-10
411.0 1.610694975832938e-10
412.0 1.610694975832938e-10
413.0 1.610694975832938e-10
414.0 1.610694975832938e-10
415.0 1.610694975832938e-10
416.0 1.610694975832938e-10
417.0 1.610694975832938e-10
418.0 1.610694975832938e-10
419.0 1.610694975832938e-10
420.0 1.610694975832938e-10
421.0 1.610694975832938e-10
422.0 1.610694975832938e-10
423.0 1.610694975832938e-10
424.0 1.610694975832938e-10
425.0 1.610694975832938e-10
426.0 1.610694975832938e-10
427.0 1.610694975832938e-10
428.0 0.00016461918903587502
429.0 1.610694975832938e-10
430.0 1.610694975832938e-10
431.0 1.610694975832938e-10
432.0 1.610694975832938e-10
433.0 0.0002739680667218636
434.0 0.0009378272807225585
435.0 0.0011970631931035314
436.0 0.0014562998330802657
437.0 4.91171761041187e-05
438.0 1.610694975832938e-10
439.0 7.697420301155944e-05
440.0 0.0015120140233193524
441.0 9.03223281056853e-05
442.0 1.610694975832938e-10
443.0 1.610694975832938e-10
444.0 1.610694975832938e-10
445.0 1.610694975832938e-10
446.0 1.610694975832938e-10
447.0 1.610694975832938e-10
448.0 1.610694975832938e-10
449.0 1.610694975832938e-10
450.0 1.610694975832938e-10
451.0 1.610694975832938e-10
452.0 1.610694975832938e-10
453.0 0.000167617213264748
454.0 0.001092336060537491
455.0 0.0007029751486697933
456.0 0.00031361398669105256
457.0 1.610694975832938e-10
458.0 1.610694975832938e-10
459.0 1.610694975832938e-10
460.0 1.610694975832938e-10
461.0 1.610694975832938e-10
462.0 1.610694975832938e-10
463.0 1.610694975832938e-10
464.0 0.00010618324495226261
465.0 0.0004259571142029017
466.0 0.0007457311312464299
467.0 0.0005152690391696524
468.0 0.0002848070380423451
469.0 0.0004743310000776546
470.0 0.0006638545983150834
471.0 4.4401372178981546e-05
472.0 1.610694975832938e-10
473.0 1.610694975832938e-10
474.0 1.610694975832938e-10
475.0 1.610694975832938e-10
476.0 0.0003149789790768409
477.0 0.00013195036672186689
478.0 1.610694975832938e-10
479.0 1.610694975832938e-10
480.0 1.610694975832938e-10
481.0 1.610694975832938e-10
482.0 2.691827205580921e-05
483.0 1.610694975832938e-10
484.0 1.610694975832938e-10
485.0 1.610694975832938e-10
486.0 1.610694975832938e-10
487.0 1.610694975832938e-10
488.0 1.610694975832938e-10
489.0 1.610694975832938e-10
490.0 1.610694975832938e-10
491.0 1.610694975832938e-10
492.0 1.610694975832938e-10
493.0 1.610694975832938e-10
494.0 1.610694975832938e-10
495.0 0.0002161927113775164
496.0 0.0010046351235359907
497.0 0.0005898833023820771
498.0 0.00017513107195554767
499.0 2.986158733619959e-05
500.0 1.610694975832938e-10
501.0 1.610694975832938e-10
502.0 1.610694975832938e-10
503.0 1.610694975832938e-10
504.0 1.610694975832938e-10
505.0 1.610694975832938e-10
506.0 1.610694975832938e-10
507.0 1.610694975832938e-10
508.0 1.610694975832938e-10
509.0 1.610694975832938e-10
510.0 1.610694975832938e-10
511.0 0.00022931583316676551
512.0 0.0010037718311650679
513.0 0.000505803154737805
514.0 7.83429427997362e-06
515.0 0.00034119002521038055
516.0 0.0006745459359080996
517.0 0.0002241021547888522
518.0 1.610694975832938e-10
519.0 1.610694975832938e-10
520.0 1.610694975832938e-10
521.0 0.00048119827624759637
522.0 0.0009742487236508168
523.0 0.00046955569814599585
524.0 1.610694975832938e-10
525.0 1.610694975832938e-10
526.0 1.610694975832938e-10
527.0 1.610694975832938e-10
528.0 1.610694975832938e-10
529.0 1.610694975832938e-10
530.0 0.00019631145278253825
531.0 0.00019130809505440993
532.0 0.00018630468048286275
533.0 1.610694975832938e-10
534.0 1.610694975832938e-10
535.0 1.610694975832938e-10
536.0 0.00018912060113507323
537.0 1.610694975832938e-10
538.0 1.610694975832938e-10
539.0 1.610694975832938e-10
540.0 1.610694975832938e-10
541.0 1.610694975832938e-10
542.0 1.610694975832938e-10
543.0 1.610694975832938e-10
544.0 1.610694975832938e-10
545.0 1.610694975832938e-10
546.0 1.610694975832938e-10
547.0 0.00019243730093876366
548.0 0.0004560496108751977
549.0 5.952614756665753e-06
550.0 1.610694975832938e-10
551.0 1.610694975832938e-10
552.0 1.610694975832938e-10
553.0 1.610694975832938e-10
554.0 1.610694975832938e-10
555.0 1.610694975832938e-10
556.0 1.610694975832938e-10
557.0 1.610694975832938e-10
558.0 1.610694975832938e-10
559.0 1.610694975832938e-10
560.0 0.00022730248474545078
561.0 5.855969220647239e-05
562.0 1.610694975832938e-10
563.0 1.610694975832938e-10
564.0 1.610694975832938e-10
565.0 1.610694975832938e-10
566.0 1.610694975832938e-10
567.0 1.610694975832938e-10
568.0 6.218238013389055e-05
569.0 0.00018567794768387103
570.0 0.0003091734242843813
571.0 0.0002985599394378369
572.0 0.00028794668196496787
573.0 0.0003873996320180595
574.0 0.00048685296860639937
575.0 0.0003948571247747168
576.0 0.0003028615310540772
577.0 0.00027204475827602437
578.0 0.0002412279172858689
579.0 0.00020801880964427255
580.0 0.0001748095428411034
581.0 0.000537414598511532
582.0 0.0009000197678687982
583.0 0.0012485803381423466
584.0 0.0015971410903148353
585.0 0.0011812576303782407
586.0 0.0007653737156942952
587.0 0.0010535363799135666
588.0 0.001341699044132838
589.0 0.0010348513569624629
590.0 0.0007280034878931474
591.0 0.0007282542355824262
592.0 0.0007285049377969699
593.0 0.0006453101832448738
594.0 0.000562115110369632
595.0 0.000812774396763416
596.0 0.0010634334103087895
597.0 0.001119463013310451
598.0 0.001175492252514232
599.0 0.0012728894034808036
600.0 0.0013702862815989647
601.0 0.0016391699318774045
602.0 0.0019080536731053144
603.0 0.002056199446087703
604.0 0.002204345400969032
605.0 0.002010142634389922
606.0 0.0018159400497097522
607.0 0.001503947078163037
608.0 0.0011919541975657921
609.0 0.0007883379112172406
610.0 0.0003847216248686891
611.0 0.0005143586349731777
612.0 0.0006439956905524014
613.0 0.0005467203209263971
614.0 0.00044944499677512795
615.0 0.0008048577001318336
616.0 0.0011602704944380093
617.0 0.001022883316181833
618.0 0.000885496410774067
619.0 0.0005524256721400889
620.0 0.0002193550926676835
621.0 0.0005430523287941469
622.0 0.0008667495421832427
623.0 0.0006819962436566129
624.0 0.0004972429451299831
625.0 0.0005953287654847372
626.0 0.0006934147222636966
627.0 0.0007268155513884267
628.0 0.0007602164714626269
629.0 0.0007794435077812523
630.0 0.0007986704076756723
631.0 0.0013580806808022317
632.0 0.0019174905901309103
633.0 0.0017265068890992552
634.0 0.0015355228242697194
635.0 0.002127661900885869
636.0 0.0027198006137041375
637.0 0.002615773701108992
638.0 0.002511746424715966
639.0 0.00214821284316713
640.0 0.0017846790797193535
641.0 0.0013928342013969086
642.0 0.0010009893230744638
643.0 0.0006882404704811051
644.0 0.0003754915042009088
645.0 0.00032622594972053776
646.0 0.00027696032702806406
647.0 0.00017305291066804784
648.0 6.914563641657878e-05
649.0 0.00013019520110901794
650.0 0.00019124479422316654
651.0 0.00039413512240571436
652.0 0.0005970256552245701
653.0 0.0010372466931585222
654.0 0.001477467503718799
655.0 0.001496246568422066
656.0 0.0015150254512263928
657.0 0.0023591168428538367
658.0 0.0032032086892286316
659.0 0.003592959910747595
660.0 0.003982710768468678
661.0 0.004097571945749223
662.0 0.0042124331230297685
663.0 0.0034733930078800768
664.0 0.0027343527108314447
665.0 0.0024401728296652436
666.0 0.002145992584701162
667.0 0.00173148018802749
668.0 0.001316967245656997
669.0 0.0009987165867642034
670.0 0.0006804659733461449
671.0 0.000545687589692534
672.0 0.0004109091605641879
673.0 0.00019698989035532577
674.0 1.610694975832938e-10
675.0 0.0003803531626545009
676.0 0.0007776357961120084
677.0 0.0013564574146585073
678.0 0.0019352792151039466
679.0 0.0020300551113905385
680.0 0.0021248306438792497
681.0 0.0030193181373761036
682.0 0.003913805630872957
683.0 0.005259926547296345
684.0 0.006606047827517614
685.0 0.00714307461748831
686.0 0.007680104317842051
687.0 0.00769363614381291
688.0 0.007707167242188007
689.0 0.006680336082354188
690.0 0.0056535071053076535
691.0 0.004814067142433487
692.0 0.003974627907155082
693.0 0.0033627286029513925
694.0 0.0027508292987477034
695.0 0.002260320252389647
696.0 0.001769811387930531
697.0 0.0014063480193726718
698.0 0.0010428845598653425
699.0 0.0008781638825894333
700.0 0.000713443114364054
701.0 0.0004959776106261415
702.0 0.0002785123115245369
703.0 0.00047600938160030637
704.0 0.0006735066563123837
705.0 0.0006987457709328737
706.0 0.000723985021977569
707.0 0.0007904960511950776
708.0 0.0008570066711399704
709.0 0.0006857625976408599
710.0 0.000514518342242809
711.0 0.0007249323971336707
712.0 0.0009353463610750623
713.0 0.0008598318345320877
714.0 0.0007843174898880534
715.0 0.0007486546564905439
716.0 0.0007129918230930343
717.0 0.0006875819963170215
718.0 0.0006621720331168035
719.0 0.000579572133574402
720.0 0.0004969721430825302
721.0 0.0005609108484350145
722.0 0.0006248496447369689
723.0 0.0005045565103500849
724.0 0.0003842633304884657
725.0 0.0002948385599665926
726.0 0.00020541369849524926
727.0 0.00031255501653504325
728.0 0.0004196964255243074
729.0 0.00021572973309957888
730.0 1.1763108176410242e-05
731.0 6.482226808657288e-05
732.0 0.00011788143865487655
733.0 1.610694975832938e-10
734.0 1.610694975832938e-10
735.0 0.00017388799733453197
736.0 0.000507785352965584
737.0 0.00042979445424862206
738.0 0.0003518034645821899
739.0 0.0004325034751673229
740.0 0.0005132034402777208
741.0 0.0008064819667197298
742.0 0.0010997606295859441
743.0 0.001409131618856918
744.0 0.0017185024262289517
745.0 0.0022650921891909093
746.0 0.002811681588354986
747.0 0.003577912866603583
748.0 0.00434414396295324
749.0 0.004039495615870692
750.0 0.0037348476325860247
751.0 0.003740208558156155
752.0 0.0037455691199284047
753.0 0.0030936625989852473
754.0 0.0024417558961431496
755.0 0.002558340202085674
756.0 0.0026749248718260787
757.0 0.0021544337869272567
758.0 0.001633942338230554
759.0 0.001321866329817567
760.0 0.0010097904123540502
761.0 0.0011127191100968048
762.0 0.0012156478987890296
763.0 0.0008612660167273134
764.0 0.000506884043716127
765.0 0.0006037382263457403
766.0 0.0007005924089753535
767.0 0.0006009183380228933
768.0 0.0005012441306462279
769.0 0.0005827534550917335
770.0 0.0006642626431130338
771.0 0.00046501363613060676
772.0 0.0002657645836734446
773.0 0.0002698303433135152
774.0 0.0002738959892667481
775.0 0.0002923421561717987
776.0 0.00031078827760211425
777.0 0.0004730017280962784
778.0 0.0006352149739541346
779.0 0.0008158636774169281
780.0 0.0009965122444555163
781.0 0.0009560201760905329
782.0 0.0009155281077255495
783.0 0.000823263508209493
784.0 0.0007309988177439664
785.0 0.0009893703463603742
786.0 0.0012477416021283716
787.0 0.0010415402357466519
788.0 0.0008353385965165216
789.0 0.0008446394531347323
790.0 0.000853940309752943
791.0 0.0008433345101366285
792.0 0.0008327285286213737
793.0 0.00035786163152806694
794.0 1.610694975832938e-10
795.0 5.273778356240655e-05
796.0 0.00022248075310926652
797.0 0.00035927457702200627
798.0 0.0004960685146215837
799.0 0.00017319846392638283
800.0 1.610694975832938e-10
801.0 1.610694975832938e-10
802.0 1.610694975832938e-10
803.0 1.610694975832938e-10
804.0 9.573277566232719e-05
805.0 1.610694975832938e-10
806.0 1.610694975832938e-10
807.0 1.610694975832938e-10
808.0 1.610694975832938e-10
809.0 0.00020260231394786388
810.0 0.0007078800990711898
811.0 0.0001369428673569928
812.0 1.610694975832938e-10
813.0 2.272619923360253e-05
814.0 0.0004794466804014519
815.0 0.00045964166019984987
816.0 0.0004398365035740426
817.0 0.0003841981197183486
818.0 0.000328559667650552
819.0 0.0002516460426704725
820.0 0.00017473258822064963
821.0 1.610694975832938e-10
822.0 1.610694975832938e-10
823.0 1.610694975832938e-10
824.0 3.201623712811852e-05
825.0 1.610694975832938e-10
826.0 1.610694975832938e-10
827.0 9.825257620832417e-05
828.0 0.0005116950433148304
829.0 0.0003825900421361439
830.0 0.00025348554117954336
831.0 1.610694975832938e-10
832.0 1.610694975832938e-10
833.0 1.610694975832938e-10
834.0 1.610694975832938e-10
835.0 1.610694975832938e-10
836.0 1.610694975832938e-10
837.0 1.610694975832938e-10
838.0 1.610694975832938e-10
839.0 1.610694975832938e-10
840.0 1.610694975832938e-10
841.0 1.610694975832938e-10
842.0 1.610694975832938e-10
843.0 6.791223228219678e-06
844.0 3.367668739429064e-05
845.0 4.505367314777686e-05
846.0 5.643057079396385e-05
847.0 1.7988989498007868e-05
848.0 1.610694975832938e-10
849.0 4.451129029803269e-05
850.0 0.00010947507007585955
851.0 0.00019163103388564195
852.0 0.0002737871000135783
853.0 0.00017359568573738215
854.0 7.340420893342525e-05
855.0 1.610694975832938e-10
856.0 1.610694975832938e-10
857.0 0.00024861085421434836
858.0 0.0005794215212517884
859.0 0.0006977106750127859
860.0 0.0008159998287737835
861.0 0.0007935965186334215
862.0 0.0007711932084930595
863.0 0.0008323273505084217
864.0 0.0008934612196753733
865.0 0.0014634352737630252
866.0 0.0020334091459517367
867.0 0.0019142953533446416
868.0 0.0017951817426364869
869.0 0.001486751079937676
870.0 0.0011783202353399247
871.0 0.0014157119039737154
872.0 0.0016531033907085657
873.0 0.0018725237168837339
874.0 0.0020919436792610213
875.0 0.002094903538818471
876.0 0.0020978635802748613
877.0 0.002021342152147554
878.0 0.0019448212697170675
879.0 0.002155217225663364
880.0 0.0023656137273064815
