lsstCam/transmission_filter_detector/r10_s22/u_24/19700101T000000.ecsv
# %ECSV 1.0
# ---
# datatype:
# - {name: wavelength, unit: nm, datatype: float32}
# - {name: efficiency, unit: '%', datatype: float64}
# meta: !!omap
# - {MODE: DETECTOR}
# - {TYPE: transmission_filter_detector}
# - {CALIBDATE: '1970-01-01T00:00:00'}
# - {INSTRUME: LSSTCam}
# - {OBSTYPE: transmission_filter_detector}
# - {CALIBCLS: lsst.ip.isr.IntermediateFilterDetectorTransmissionCurve}
# - {SOURCE: Materion (DM-46256)}
# - {DETECTOR: 35}
# - {FILTER: u_24}
# - {CALIB_ID: 'calibDate=1970-01-01T00:00:00 filter=u_24 detector=35'}
# - {DATE: '2025-04-02T15:59:39.911236'}
# - {CALIB_CREATION_DATE: '2025-04-02'}
# - {CALIB_CREATION_TIME: '15:59:39'}
# - __serialized_columns__:
#     efficiency:
#       __class__: astropy.units.quantity.Quantity
#       unit: !astropy.units.Unit {unit: '%'}
#       value: !astropy.table.SerializedColumn {name: efficiency}
#     wavelength:
#       __class__: astropy.units.quantity.Quantity
#       unit: !astropy.units.Unit {unit: nm}
#       value: !astropy.table.SerializedColumn {name: wavelength}
# schema: astropy-2.0
wavelength efficiency
[from data line 587]
882.0 0.0026325680664740503
883.0 0.002577580016804859
884.0 0.002522592512832489
885.0 0.0023872737074270844
886.0 0.0022519552658195607
887.0 0.0021981177269481122
888.0 0.0021442805518745445
889.0 0.0021525607735384256
890.0 0.002160840631404426
891.0 0.002245265022793319
892.0 0.0023296890503843315
893.0 0.0024388487872784026
894.0 0.0025480079784756526
895.0 0.0028946913516847417
896.0 0.0032413747248938307
897.0 0.003655492764664814
898.0 0.004069610804435797
899.0 0.004219843322061934
900.0 0.00437007583968807
901.0 0.0042566862248349935
902.0 0.004143297337577678
903.0 0.004506953337113373
904.0 0.004870608972851187
905.0 0.004841183181270026
906.0 0.004811756662093103
907.0 0.005228004738455638
908.0 0.005644253178616054
909.0 0.0055761476687621325
910.0 0.005508042522706091
911.0 0.005700769179384224
912.0 0.005893496927455999
913.0 0.005761047214036807
914.0 0.005628597136819735
915.0 0.005179453364689834
916.0 0.004730309228762053
917.0 0.004353977783466689
918.0 0.003977646338171326
919.0 0.004226233795634471
920.0 0.004474821616895497
921.0 0.004570061719277874
922.0 0.004665302185458131
923.0 0.005267131928121671
924.0 0.0058689598517958075
925.0 0.006122328341007233
926.0 0.006375696830218658
927.0 0.0069121626438573
928.0 0.007448625547112897
929.0 0.007474581070709974
930.0 0.00750053659430705
931.0 0.007115985499694943
932.0 0.006731433677487075
933.0 0.006602380744880065
934.0 0.006473327812273055
935.0 0.006920301530044526
936.0 0.007367275247815996
937.0 0.00717275615897961
938.0 0.00697824070812203
939.0 0.007100703805917874
940.0 0.0072231676313094795
941.0 0.006198749179020524
942.0 0.005174330362933688
943.0 0.0043125564843649045
944.0 0.003450783697189763
945.0 0.0027133610274177045
946.0 0.0019759383576456457
947.0 0.0018472139345249161
948.0 0.0017184895114041865
949.0 0.0014950817785575055
950.0 0.0012716739547613543
951.0 0.0012379957297525834
952.0 0.001204317231895402
953.0 0.0013216063052823301
954.0 0.0014388955605681986
955.0 0.0019226838048780337
956.0 0.0024064718672889285
957.0 0.0025906516384566203
958.0 0.0027748310458264314
959.0 0.00295423833449604
960.0 0.0031336450774688274
961.0 0.0037578516639769077
962.0 0.004382058250484988
963.0 0.004597396400640719
964.0 0.004812735278392211
965.0 0.0046614477469120175
966.0 0.004510160215431824
967.0 0.004530374644673429
968.0 0.004550589801510796
969.0 0.004703059312305413
970.0 0.00485552845930215
971.0 0.004795415225089528
972.0 0.004735302354674786
973.0 0.004477650509215891
974.0 0.004219998299959116
975.0 0.004229872502037324
976.0 0.004239745976519771
977.0 0.0037994333979440853
978.0 0.0033591208193683997
979.0 0.003181174542987719
980.0 0.003003227902809158
981.0 0.002710750595724676
982.0 0.0024182732886401936
983.0 0.002777845111268107
984.0 0.0031374162063002586
985.0 0.003462747554294765
986.0 0.0037880796298850328
987.0 0.004147214713157155
988.0 0.0045063497964292765
989.0 0.005483254790306091
990.0 0.006460159056587145
991.0 0.006446438055718318
992.0 0.0064327170548494905
993.0 0.006699913501506671
994.0 0.006967109220568091
995.0 0.006448951899074018
996.0 0.0059307916671969
997.0 0.005546824468183331
998.0 0.005162860179552808
999.0 0.005753626101068221
1000.0 0.006344391294987872
1001.0 0.00610496717854403
1002.0 0.005865541243110783
1003.0 0.005625722405966371
1004.0 0.005385901749832556
1005.0 0.005549884735955857
1006.0 0.0057138680858770385
1007.0 0.005514826261787675
1008.0 0.005315781891113147
1009.0 0.004774017361341976
1010.0 0.004232252831570804
1011.0 0.003994796134065837
1012.0 0.0037573401641566306
1013.0 0.0030736617190996185
1014.0 0.0023899832740426064
1015.0 0.002207425859523937
1016.0 0.0020248682631063275
1017.0 0.0017104815924540162
1018.0 0.0013960948308522347
1019.0 0.001404154500050936
1020.0 0.0014122140783001669
1021.0 0.0011687314326991327
1022.0 0.0009252487870980985
1023.0 0.0010419385944260284
1024.0 0.0011586284927034285
1025.0 0.0010980387742165476
1026.0 0.0010374493285780773
1027.0 0.0010280781680194195
1028.0 0.0010187069165112916
1029.0 0.0011764308510464616
1030.0 0.001334154967480572
1031.0 0.0018711794837145135
1032.0 0.002408204090897925
1033.0 0.002202493305958342
1034.0 0.0019967827029176988
1035.0 0.0022111020371085033
1036.0 0.0024254211894003674
1037.0 0.0024445547751383856
1038.0 0.002463688542775344
1039.0 0.002196370405727066
1040.0 0.0019290526324766688
1041.0 0.0015681358490837738
1042.0 0.0012072193385392893
1043.0 0.0014857017959002405
1044.0 0.0017641845261096023
1045.0 0.001546304156363476
1046.0 0.0013284240594657604
1047.0 0.002021457657974679
1048.0 0.0027144917112309486
1049.0 0.0019403527403483167
1050.0 0.0011662135875667445
1051.0 0.0012190050256322138
1052.0 0.0012717961908492725
1053.0 0.0012264432371011935
1054.0 0.0011810899195552338
1055.0 0.0008545122000214178
1056.0 0.0005279347533360124
1057.0 0.0010830225619429257
1058.0 0.0016381105524487793
1059.0 0.0013306079381436575
1060.0 0.0010231056876364164
1061.0 0.0010136444871022832
1062.0 0.00100418328656815
1063.0 0.0010230627594864927
1064.0 0.0010419418686069548
1065.0 0.0007650946827197913
1066.0 0.00048824767873156816
1067.0 0.0008588741366111208
1068.0 0.001229499866894912
1069.0 0.002016346115851775
1070.0 0.0028031916372128762
1071.0 0.0020506869987002574
1072.0 0.001298182633036049
1073.0 0.001090797559299972
1074.0 0.0008834123036649544
1075.0 0.0027846754164784215
1076.0 0.004685938256443478
1077.0 0.0045406057324726135
1078.0 0.0043952735722996294
1079.0 0.005399961810326204
1080.0 0.006404647137969732
1081.0 0.004610936230164953
1082.0 0.0028172255042591132
1083.0 0.0015980167518137023
1084.0 0.00037880799936829135
1085.0 0.0020431754819583148
1086.0 0.003707542782649398
1087.0 0.004119809455005452
1088.0 0.004532075399765745
1089.0 0.005912872802582569
1090.0 0.0072936709329951555
1091.0 0.0039548664062749594
1092.0 0.0006160612429084722
1093.0 0.0008116420758597087
1094.0 0.0010072226359625347
1095.0 0.001114608585339738
1096.0 0.0012219948985148221
1097.0 0.0013990001207275782
1098.0 0.0015760053429403342
1099.0 0.002055452932836488
1100.0 0.002534900340833701
