lsstCam/transmission_filter_detector/r34_s12/g_6/19700101T000000.ecsv
# %ECSV 1.0
# ---
# datatype:
# - {name: wavelength, unit: nm, datatype: float32}
# - {name: efficiency, unit: '%', datatype: float64}
# meta: !!omap
# - {MODE: DETECTOR}
# - {TYPE: transmission_filter_detector}
# - {CALIBDATE: '1970-01-01T00:00:00'}
# - {INSTRUME: LSSTCam}
# - {OBSTYPE: transmission_filter_detector}
# - {CALIBCLS: lsst.ip.isr.IntermediateFilterDetectorTransmissionCurve}
# - {SOURCE: Materion (DM-46256)}
# - {DETECTOR: 158}
# - {FILTER: g_6}
# - {CALIB_ID: 'calibDate=1970-01-01T00:00:00 filter=g_6 detector=158'}
# - {DATE: '2025-04-02T15:59:42.758522'}
# - {CALIB_CREATION_DATE: '2025-04-02'}
# - {CALIB_CREATION_TIME: '15:59:42'}
# - __serialized_columns__:
#     efficiency:
#       __class__: astropy.units.quantity.Quantity
#       unit: !astropy.units.Unit {unit: '%'}
#       value: !astropy.table.SerializedColumn {name: efficiency}
#     wavelength:
#       __class__: astropy.units.quantity.Quantity
#       unit: !astropy.units.Unit {unit: nm}
#       value: !astropy.table.SerializedColumn {name: wavelength}
# schema: astropy-2.0
wavelength efficiency
[from data line 607]
907.0 0.0003287239906057948
908.0 0.00036864832964056404
909.0 0.0004085725777258631
910.0 0.0003701119112520246
911.0 0.0003316512447781861
912.0 0.0004435706159711117
913.0 0.0005554899416893022
914.0 0.0004484185865294421
915.0 0.00034134720863221446
916.0 0.00036769695270777447
917.0 0.0003940467649954371
918.0 0.0003071581886615604
919.0 0.0002202696578024188
920.0 0.00030534831694239983
921.0 0.00039042697608238086
922.0 0.00031402294098370476
923.0 0.0002376189286223962
924.0 0.0003403903519938467
925.0 0.00044316175262792967
926.0 0.0003802393848673091
927.0 0.0003173169716319535
928.0 0.0004617166268872097
929.0 0.0006061162821424659
930.0 0.0005080837127025006
931.0 0.0004100512796867406
932.0 0.0004509784503170522
933.0 0.000491905757371569
934.0 0.0005844268798682606
935.0 0.0006769480933144223
936.0 0.0005152330686541973
937.0 0.0003535181349434424
938.0 0.00043126651689817663
939.0 0.0005090149443276459
940.0 0.0006109696641942719
941.0 0.0007129243385861628
942.0 0.0006827511242590845
943.0 0.0006525779099320062
944.0 0.0007551153885287931
945.0 0.0008576528671255801
946.0 0.0007376766916422639
947.0 0.000617700652583153
948.0 0.0006081937499402557
949.0 0.0005986868472973583
950.0 0.0005105466698296368
951.0 0.0004224064468871802
952.0 0.0007162779184000101
953.0 0.0010101494808623102
954.0 0.0009318868251284584
955.0 0.0008536239874956664
956.0 0.0006944851520529483
957.0 0.0005353463166102301
958.0 0.000643404518996249
959.0 0.0007514626304327976
960.0 0.0007285138508450473
961.0 0.0007055649803078268
962.0 0.0007283364084287314
963.0 0.0007511076546506956
964.0 0.0006235501132323407
965.0 0.0004959923444403103
966.0 0.0005529026111616986
967.0 0.0006098128778830869
968.0 0.0005816664724989096
969.0 0.0005535201580642024
970.0 0.0006178486728458665
971.0 0.0006821772785770008
972.0 0.0007188727067841683
973.0 0.0007555681349913357
974.0 0.0007743306014162954
975.0 0.0007930932042654604
976.0 0.0007744410140730906
977.0 0.000755788869355456
978.0 0.0008544768206775188
979.0 0.0009531648174743168
980.0 0.0008708784662303515
981.0 0.0007885921149863862
982.0 0.0008519053153577261
983.0 0.0009152186066785362
984.0 0.0010951546755677555
985.0 0.0012750907444569748
986.0 0.0013125518307788298
987.0 0.0013500128261512145
988.0 0.001367081222269917
989.0 0.001384149436489679
990.0 0.0014982716493250336
991.0 0.0016123938621603884
992.0 0.0016062356735346839
993.0 0.001600077303010039
994.0 0.001600161886017304
995.0 0.0016002464690245688
996.0 0.0015453604646609165
997.0 0.0014904742783983238
998.0 0.001332091233052779
999.0 0.0011737082786567044
1000.0 0.0013033707546128426
1001.0 0.0014330330486700404
1002.0 0.0013771325029665604
1003.0 0.0013212318663136102
1004.0 0.0012940349733980838
1005.0 0.0012668380804825574
1006.0 0.0013286073226481676
1007.0 0.001390376655763248
1008.0 0.0013516626495402306
1009.0 0.0013129487342666835
1010.0 0.0014184976862452459
1011.0 0.0015240468201227486
1012.0 0.0015891369912424125
1013.0 0.001654226980463136
1014.0 0.0018819984688889235
1015.0 0.0021097697754157707
1016.0 0.002171382584492676
1017.0 0.002232995211670641
1018.0 0.002390406916674692
1019.0 0.002547818803577684
1020.0 0.002863574081857223
1021.0 0.0031793293601367623
1022.0 0.0032735166314523667
1023.0 0.003367704266565852
1024.0 0.0034505505027482286
1025.0 0.003533397102728486
1026.0 0.003797787576331757
1027.0 0.004062178049935028
1028.0 0.004176546281087212
1029.0 0.004290914876037277
1030.0 0.004427690873853862
1031.0 0.004564467235468328
1032.0 0.004706522304331884
1033.0 0.00484857737319544
1034.0 0.0049655754992272705
1035.0 0.005082573625259101
1036.0 0.005356050314730965
1037.0 0.005629527004202828
1038.0 0.005758800398325548
1039.0 0.005888073428650387
1040.0 0.005965828677290119
1041.0 0.006043583925929852
1042.0 0.006134317663963884
1043.0 0.006225051765795797
1044.0 0.006600715278182179
1045.0 0.006976378062972799
1046.0 0.007637382805114612
1047.0 0.008298386819660664
1048.0 0.009161273192148656
1049.0 0.010024159564636648
1050.0 0.01168959352071397
1051.0 0.01335502602159977
1052.0 0.01609871833352372
1053.0 0.018842412100639194
1054.0 0.022529267880599946
1055.0 0.02621611929498613
1056.0 0.031401211163029075
1057.0 0.036586294299922884
1058.0 0.04292454104870558
1059.0 0.049262779066339135
1060.0 0.05688657984137535
1061.0 0.06451039225794375
1062.0 0.07150605088099837
1063.0 0.07850169204175472
1064.0 0.08497327798977494
1065.0 0.09144484647549689
1066.0 0.09691538289189339
1067.0 0.1023859134875238
1068.0 0.10884908260777593
1069.0 0.11531226336956024
1070.0 0.12449442874640226
1071.0 0.13367659412324429
1072.0 0.1455947640351951
1073.0 0.15751294558867812
1074.0 0.171844067517668
1075.0 0.18617520108819008
1076.0 0.2001757500693202
1077.0 0.21417634561657906
1078.0 0.22639383096247911
1079.0 0.23861131630837917
1080.0 0.2527071163058281
1081.0 0.2668028697371483
1082.0 0.2843794412910938
1083.0 0.30195601284503937
1084.0 0.33238925971090794
1085.0 0.36282252985984087
1086.0 0.39556538686156273
1087.0 0.42830826714634895
1088.0 0.47063534148037434
1089.0 0.512962369248271
1090.0 0.5788224283605814
1091.0 0.6446824874728918
1092.0 0.7044696249067783
1093.0 0.7642568554729223
1094.0 0.8039147593080997
1095.0 0.8435728028416634
1096.0 0.8836522698402405
1097.0 0.9237317368388176
1098.0 0.9884199127554893
1099.0 1.0531079955399036
1100.0 1.1545868590474129
1101.0 1.256065908819437
