lsstCam/transmission_filter_detector/r34_s12/g_6/19700101T000000.ecsv
# %ECSV 1.0
# ---
# datatype:
# - {name: wavelength, unit: nm, datatype: float32}
# - {name: efficiency, unit: '%', datatype: float64}
# meta: !!omap
# - {MODE: DETECTOR}
# - {TYPE: transmission_filter_detector}
# - {CALIBDATE: '1970-01-01T00:00:00'}
# - {INSTRUME: LSSTCam}
# - {OBSTYPE: transmission_filter_detector}
# - {CALIBCLS: lsst.ip.isr.IntermediateFilterDetectorTransmissionCurve}
# - {SOURCE: Materion (DM-46256)}
# - {DETECTOR: 158}
# - {FILTER: g_6}
# - {CALIB_ID: 'calibDate=1970-01-01T00:00:00 filter=g_6 detector=158'}
# - {DATE: '2025-04-02T15:59:42.758522'}
# - {CALIB_CREATION_DATE: '2025-04-02'}
# - {CALIB_CREATION_TIME: '15:59:42'}
# - __serialized_columns__:
#     efficiency:
#       __class__: astropy.units.quantity.Quantity
#       unit: !astropy.units.Unit {unit: '%'}
#       value: !astropy.table.SerializedColumn {name: efficiency}
#     wavelength:
#       __class__: astropy.units.quantity.Quantity
#       unit: !astropy.units.Unit {unit: nm}
#       value: !astropy.table.SerializedColumn {name: wavelength}
# schema: astropy-2.0
wavelength efficiency
300.0 0.36672072019428015
301.0 0.3146255388855934
302.0 0.2625303342938423
303.0 0.24172721896320581
304.0 0.22092412691563368
305.0 0.22293515503406525
306.0 0.22494620643556118
307.0 0.212420173920691
308.0 0.19989411812275648
309.0 0.19491645507514477
310.0 0.18993878038600087
311.0 0.1940073911100626
312.0 0.19807596690952778
313.0 0.19043906359001994
314.0 0.18280214862897992
315.0 0.17870140727609396
316.0 0.174600665923208
317.0 0.1729111885651946
318.0 0.17122169956564903
319.0 0.15964142512530088
320.0 0.1480611157603562
321.0 0.13711914652958512
322.0 0.12617717729881406
323.0 0.11525377631187439
324.0 0.10433035204187036
325.0 0.09240423096343875
326.0 0.08047809242270887
327.0 0.07151426398195326
328.0 0.06255044136196375
329.0 0.06044721812941134
330.0 0.05834400071762502
331.0 0.054449879098683596
332.0 0.05055575165897608
333.0 0.047531817108392715
334.0 0.04450787964742631
335.0 0.042581185698509216
336.0 0.04065449465997517
337.0 0.04063362721353769
338.0 0.040612759767100215
339.0 0.04007466486655176
340.0 0.03953656414523721
341.0 0.03783813735935837
342.0 0.03613970766309649
343.0 0.0330103823216632
344.0 0.02988105989061296
345.0 0.026262286701239645
346.0 0.022643519332632422
347.0 0.020660136942751706
348.0 0.018676757463254035
349.0 0.01734101679176092
350.0 0.8028222247958183
351.0 0.9935320354998112
352.0 0.853194110095501
353.0 1.2421276420354843
354.0 0.5400836933404207
355.0 0.7606968749314547
356.0 0.63835633918643
357.0 0.7728597614914179
358.0 0.5540538113564253
359.0 0.7909907028079033
360.0 0.5629928316920996
361.0 0.7905887439846992
362.0 0.5730558652430773
363.0 0.7988397963345051
364.0 0.5290198605507612
365.0 0.611751014366746
366.0 0.44805724173784256
367.0 0.6236013025045395
368.0 0.44152229093015194
369.0 0.6178745999932289
370.0 0.40979282930493355
371.0 0.7185876369476318
372.0 0.44701932929456234
373.0 0.6283645518124104
374.0 0.36864345893263817
375.0 0.5505587439984083
376.0 0.42636976577341557
377.0 0.5485520698130131
378.0 0.34478618763387203
379.0 0.5898629315197468
380.0 0.35852608270943165
381.0 0.47578541561961174
382.0 0.614991644397378
383.0 0.5274346098303795
384.0 0.5924402736127377
385.0 0.625084713101387
386.0 0.6862256210297346
387.0 0.8934224024415016
388.0 1.028647180646658
389.0 1.541087869554758
390.0 2.250577323138714
391.0 3.4895334392786026
392.0 5.47245480120182
393.0 8.595412969589233
394.0 12.74721622467041
395.0 18.21907013654709
396.0 24.904638528823853
397.0 33.18428695201874
398.0 42.45762526988983
399.0 52.14759111404419
400.0 61.543476581573486
401.0 70.08310556411743
402.0 77.45963931083679
403.0 83.27922224998474
404.0 87.18509674072266
405.0 90.03399610519409
406.0 91.57148003578186
407.0 92.70676374435425
408.0 93.2987630367279
409.0 93.50120425224304
410.0 93.42859983444214
411.0 93.32724213600159
412.0 92.92393326759338
413.0 92.74526834487915
414.0 92.63551235198975
415.0 92.95014142990112
416.0 93.38985085487366
417.0 93.74158978462219
418.0 94.34766173362732
419.0 94.83925104141235
420.0 95.3317940235138
421.0 95.82054018974304
422.0 95.85563540458679
423.0 96.01693153381348
424.0 95.72263360023499
425.0 95.61314582824707
426.0 95.56275010108948
427.0 95.55872082710266
428.0 95.44044137001038
429.0 95.20732760429382
430.0 95.24100422859192
431.0 95.34335732460022
432.0 95.36804556846619
433.0 95.45528888702393
434.0 95.48834562301636
435.0 95.58693766593933
436.0 95.6447184085846
437.0 95.59462666511536
438.0 95.73588967323303
439.0 95.87618708610535
440.0 95.86302042007446
441.0 95.95078825950623
442.0 95.87154388427734
443.0 95.8160400390625
444.0 95.68056464195251
445.0 95.43390274047852
446.0 95.35754323005676
447.0 95.2222228050232
448.0 95.33976316452026
449.0 95.62389850616455
450.0 95.88066339492798
451.0 96.0829496383667
452.0 96.27487063407898
453.0 96.33496403694153
454.0 96.3563084602356
455.0 96.63478136062622
456.0 96.73141241073608
457.0 96.89484238624573
458.0 96.88829779624939
459.0 96.90748453140259
460.0 96.90508842468262
461.0 96.92947268486023
462.0 96.87972068786621
463.0 96.7201292514801
464.0 96.85674905776978
465.0 96.68383002281189
466.0 96.7132568359375
467.0 96.69970870018005
468.0 96.73483371734619
469.0 96.79133296012878
470.0 96.63299918174744
471.0 96.45069241523743
472.0 96.54158353805542
473.0 96.42683267593384
474.0 96.37470841407776
475.0 96.47884964942932
476.0 96.53680324554443
477.0 96.61456942558289
478.0 96.694016456604
479.0 96.70491814613342
480.0 96.93820476531982
481.0 97.01492190361023
482.0 97.14486598968506
483.0 97.05890417098999
484.0 97.24368453025818
485.0 97.23373651504517
486.0 97.29527235031128
487.0 97.27615118026733
488.0 97.26398587226868
489.0 97.35769629478455
490.0 97.35572338104248
491.0 97.45146036148071
492.0 97.3660945892334
493.0 97.42311239242554
494.0 97.39444851875305
495.0 97.43065237998962
496.0 97.26869463920593
497.0 97.20765352249146
498.0 96.96140885353088
499.0 97.03802466392517
500.0 96.98624014854431
501.0 97.02313542366028
502.0 96.94992899894714
503.0 97.1238911151886
504.0 96.95753455162048
505.0 96.95048332214355
506.0 96.97585105895996
507.0 96.90697193145752
508.0 96.90772891044617
509.0 96.92696928977966
510.0 96.83789610862732
511.0 96.86993956565857
512.0 96.78308963775635
513.0 96.8611478805542
514.0 96.86294794082642
515.0 96.94963097572327
516.0 97.0328152179718
517.0 96.9986081123352
518.0 97.07404971122742
519.0 97.08122611045837
520.0 97.1156120300293
521.0 97.12890386581421
522.0 97.11689352989197
523.0 97.07964658737183
524.0 97.12119698524475
525.0 97.09360599517822
526.0 97.1293032169342
527.0 97.07465171813965
528.0 97.20826148986816
529.0 97.21940159797668
530.0 97.23052978515625
531.0 97.39989638328552
532.0 97.19425439834595
533.0 97.14655876159668
534.0 97.06053733825684
535.0 96.65309190750122
536.0 96.024090051651
537.0 95.15875577926636
538.0 93.91847848892212
539.0 91.92711114883423
540.0 89.62362408638
541.0 86.26995086669922
542.0 82.86475539207458
543.0 78.48504781723022
544.0 73.31276535987854
545.0 68.90819072723389
546.0 63.845646381378174
547.0 59.56377983093262
548.0 55.56696057319641
549.0 52.3113489151001
550.0 49.814051389694214
551.0 47.32801914215088
552.0 45.10878622531891
553.0 42.366284132003784
554.0 38.71721625328064
555.0 34.559279680252075
556.0 29.293394088745117
557.0 23.6490860581398
558.0 18.090207874774933
559.0 13.106085360050201
560.0 8.886974304914474
561.0 5.403148755431175
562.0 3.1364601105451584
563.0 1.6468491405248642
564.0 0.8406640961766243
565.0 0.38964624982327223
566.0 0.2303993795067072
567.0 0.12348534073680639
568.0 0.08793774177320302
569.0 0.06283645634539425
570.0 0.05565990577451885
571.0 0.031981311622075737
572.0 0.03931357350666076
573.0 0.016624365525785834
574.0 0.03826060565188527
575.0 0.03050071536563337
576.0 0.02044002030743286
577.0 0.024191894044633955
578.0 0.023106570006348193
579.0 0.023885619884822518
580.0 0.02047135349130258
581.0 0.0239595741732046
582.0 0.031409107032231987
583.0 0.01257262920262292
584.0 0.017185434990096837
585.0 0.02123628946719691
586.0 0.022190700110513717
587.0 0.006303068221313879
588.0 0.008412046008743346
589.0 0.006023172682034783
590.0 0.014349649427458644
591.0 0.011494675709400326
592.0 0.011488158634165302
593.0 1.9626700438479805e-10
594.0 0.007200935942819342
595.0 0.00896283527254127
596.0 0.005456341023091227
597.0 0.011320919293211773
598.0 0.01749361545080319
599.0 0.0025777962946449406
600.0 0.01227764441864565
601.0 0.0019663617422338575
602.0 0.0019735287423827685
603.0 0.001980695560632739
604.0 0.0019157510905642994
605.0 0.0018508066204958595
606.0 0.0018551372704678215
607.0 0.0018594681023387238
608.0 0.0017536842278786935
609.0 0.0016479001715197228
610.0 0.001759399674483575
611.0 0.0018708989955484867
612.0 0.0018073948012897745
613.0 0.0017438907889300026
614.0 0.0016971293007372878
615.0 0.0016503681763424538
616.0 0.0015704825273132883
617.0 0.0014905971511325333
618.0 0.001532162059447728
619.0 0.001573727058712393
620.0 0.0014799605196458288
621.0 0.0013861940715287346
622.0 0.0014152713447401766
623.0 0.001444348345103208
624.0 0.0014398492567124777
625.0 0.0014353506230690982
626.0 0.0014177830962580629
627.0 0.0014002155694470275
628.0 0.0014307364835985936
629.0 0.0014612572158512194
630.0 0.0014221172023098916
631.0 0.0013829771887685638
632.0 0.0013255094017949887
633.0 0.0012680417057708837
634.0 0.0013358931937546004
635.0 0.0014037448636372574
636.0 0.0013323136954568326
637.0 0.0012608823453774676
638.0 0.0011643389370874502
639.0 0.0010677955287974328
640.0 0.0011941577213292476
641.0 0.0013205200048105326
642.0 0.0012258786227903329
643.0 0.0011312373317196034
644.0 0.0010996403943863697
645.0 0.001068043911800487
646.0 0.0011633681424427778
647.0 0.0012586921911861282
648.0 0.001255278675671434
649.0 0.0012518649782577995
650.0 0.001173696819023462
651.0 0.0010955285688396543
652.0 0.0011250254829064943
653.0 0.0011545223969733343
654.0 0.0011838431419164408
655.0 0.0012131637959100772
656.0 0.0010828044651134405
657.0 0.0009524452252662741
658.0 0.0010436039701744448
659.0 0.0011347628060320858
660.0 0.0010001315786212217
661.0 0.0008655003512103576
662.0 0.0009913707799569238
663.0 0.00111724120870349
664.0 0.0011397362868592609
665.0 0.0011622312740655616
666.0 0.0011808640010713134
667.0 0.0011994967280770652
668.0 0.001179353057523258
669.0 0.0011592092050705105
670.0 0.001207857349072583
671.0 0.0012565056749735959
672.0 0.0011648873623926193
673.0 0.001073269231710583
674.0 0.0010792034117912408
675.0 0.0010851375009224284
676.0 0.0010487564395589288
677.0 0.0010123749234480783
678.0 0.0010139688129129354
679.0 0.0010155627933272626
680.0 0.0010260805538564455
681.0 0.001036598678183509
682.0 0.0010523870514589362
683.0 0.001068175788532244
684.0 0.0009788002898858394
685.0 0.000889424882188905
686.0 0.000877899492479628
687.0 0.0008663742846692912
688.0 0.0009098144801100716
689.0 0.000953254675550852
690.0 0.0009968622180167586
691.0 0.0010404697604826652
692.0 0.0010333635145798326
693.0 0.0010262573596264701
694.0 0.0010331581506761722
695.0 0.0010400590326753445
696.0 0.0011205209375475533
697.0 0.0012009830243187025
698.0 0.0012252591659489553
699.0 0.0012495354894781485
700.0 0.0012792740562872496
701.0 0.0013090128959447611
702.0 0.0012138380043325014
703.0 0.0011186630217707716
704.0 0.001095117022487102
705.0 0.0010715708413044922
706.0 0.00111992412712425
707.0 0.0011682773219945375
708.0 0.0011812184311565943
709.0 0.0011941598131670617
710.0 0.0012079221960448194
711.0 0.0012216845789225772
712.0 0.0012838777365686838
713.0 0.0013460708032653201
714.0 0.001360928490612423
715.0 0.001375786177959526
716.0 0.0014976409147493541
717.0 0.0016194959243875928
718.0 0.0017251215467695147
719.0 0.0018307477148482576
720.0 0.0015710442312411033
721.0 0.0013113406566844787
722.0 0.0014475425814453047
723.0 0.0015837445971556008
724.0 0.0015640760466339998
725.0 0.0015444073142134584
726.0 0.0015956107745296322
727.0 0.0016468140529468656
728.0 0.001777975558070466
729.0 0.0019091366993961856
730.0 0.001968300603039097
731.0 0.002027464324783068
732.0 0.001896418325486593
733.0 0.0017653723261901177
734.0 0.0015805120710865594
735.0 0.0013956516340840608
736.0 0.0011781774446717463
737.0 0.0009607032552594319
738.0 0.001047669957188191
739.0 0.0011346366591169499
740.0 0.0010653839126462117
741.0 0.0009961309842765331
742.0 0.001013702876662137
743.0 0.001031274859997211
744.0 0.0009833926924329717
745.0 0.0009355105248687323
746.0 0.000859381088957889
747.0 0.0007832514711481053
748.0 0.0008421206985076424
749.0 0.0009009896530187689
750.0 0.00099439030236681
751.0 0.001087790951714851
752.0 0.000984789221547544
753.0 0.0008817873094812967
754.0 0.000776555225456832
755.0 0.0006713229595334269
756.0 0.0007271650247275829
757.0 0.0007830071808712091
758.0 0.0008979302947409451
759.0 0.0010128536814590916
760.0 0.0009812156349653378
761.0 0.0009495774065726437
762.0 0.0008247767254943028
763.0 0.0006999758625170216
764.0 0.0006453928563132649
765.0 0.0005908099865337135
766.0 0.000603909938945435
767.0 0.0006170098913571564
768.0 0.0006381702860380756
769.0 0.0006593307261937298
770.0 0.0006888359166623559
771.0 0.0007183412435551872
772.0 0.0007054709385556635
773.0 0.0006926004516571993
774.0 0.0006472058885265142
775.0 0.0006018111889716238
776.0 0.0006074163138691802
777.0 0.0006130213478172664
778.0 0.0006139445758890361
779.0 0.0006148678039608058
780.0 0.000675104229230783
781.0 0.0007353407454502303
782.0 0.00056582043725939
783.0 0.0003963002200180199
784.0 0.0003177910684826202
785.0 0.000239281939684588
786.0 0.0002711755087148049
787.0 0.00030306910048238933
788.0 0.0003522424094626331
789.0 0.000401415809392347
790.0 0.0003500380898913136
791.0 0.0002986604386023828
792.0 0.0003413905687921215
793.0 0.00038412072171922773
794.0 0.0003100095455010887
795.0 0.00023589839202031726
796.0 0.00022507854282594053
797.0 0.00021425871636893135
798.0 0.0003049217411899008
799.0 0.0003955847660108702
800.0 0.00043866666601388715
801.0 0.0004817485660169041
802.0 0.0004525770236796234
803.0 0.00042340552681707777
804.0 0.00042761885197251104
805.0 0.0004318321771279443
806.0 0.00040772479223960545
807.0 0.0003836174528260017
808.0 0.0003870806722261477
809.0 0.00039054389162629377
810.0 0.00032257412385661155
811.0 0.0002546043333495618
812.0 0.0003389722905922099
813.0 0.00042334027057222556
814.0 0.00040999584598466754
815.0 0.0003966514213971095
816.0 0.00046361624299606774
817.0 0.0005305812010192312
818.0 0.0004028103830933105
819.0 0.0002750395651673898
820.0 0.0002730587084442959
821.0 0.000271077851721202
822.0 0.0004361347691883566
823.0 0.0006011916411807761
824.0 0.0005193719061935553
825.0 0.0004375521712063346
826.0 0.00046745290092076175
827.0 0.0004973536306351889
828.0 0.0004657961653720122
829.0 0.0004342387001088355
830.0 0.00038425523598561995
831.0 0.0003342717491250369
832.0 0.00035191915230825543
833.0 0.00036956657822884154
834.0 0.00033031556085916236
835.0 0.00029106452075211564
836.0 0.0003842117621388752
837.0 0.00047735888983879704
838.0 0.0005393647825258086
839.0 0.0006013706752128201
840.0 0.00047888001972751226
841.0 0.000356389386979572
842.0 0.00035597799978859257
843.0 0.0003555666353349807
844.0 0.0005320366653904784
845.0 0.0007085066499712411
846.0 0.0005282600341161015
847.0 0.0003480133273114916
848.0 0.00036054539123142604
849.0 0.00037307743241399294
850.0 0.00028865326839877525
851.0 0.00020422908164619002
852.0 0.0001467710490032914
853.0 8.931299930736714e-05
854.0 0.00020033976397826336
855.0 0.0003113664888587664
856.0 0.00031572189982398413
857.0 0.0003200773107892019
858.0 0.0003559092647265061
859.0 0.0003917412868759129
860.0 0.0004682577582570957
861.0 0.0005447741841635434
862.0 0.0004944340616930276
863.0 0.00044409389374777675
864.0 0.00038062419207562925
865.0 0.0003171544221913791
866.0 0.00042442379708518274
867.0 0.0005316930582921486
868.0 0.00039722531255392823
869.0 0.00026275752134097274
870.0 0.0003123817123196204
871.0 0.00036200599424773827
872.0 0.0003487049980321899
873.0 0.00033540407002874417
874.0 0.0005052981123299105
875.0 0.0006751921318937093
876.0 0.0004970670488546602
877.0 0.0003189419658156112
878.0 0.0004561567948258016
879.0 0.0005933716693107272
880.0 0.0006412938546418445
881.0 0.0006892162218719022
882.0 0.0005612097083940171
883.0 0.0004332032858656021
884.0 0.0004831166279473109
885.0 0.0005330299700290198
886.0 0.0005623636752716266
887.0 0.0005916974259889685
888.0 0.000508709763380466
889.0 0.0004257221462466987
890.0 0.0005357806458050618
891.0 0.0006458391453634249
892.0 0.0006068966285965871
893.0 0.0005679542027792195
894.0 0.0004377160621515941
895.0 0.00030747794426133623
896.0 0.00036841092878603376
897.0 0.00042934393604809884
898.0 0.0004474064553505741
899.0 0.00046546897465304937
900.0 0.00039422266127076
901.0 0.00032297641610057326
902.0 0.00039740575630276
903.0 0.00047183507376757916
904.0 0.0004520150469033979
905.0 0.0004321949745644815
