lsstCam/transmission_filter_detector/r42_s01/y_10/19700101T000000.ecsv
# %ECSV 1.0
# ---
# datatype:
# - {name: wavelength, unit: nm, datatype: float32}
# - {name: efficiency, unit: '%', datatype: float64}
# meta: !!omap
# - {MODE: DETECTOR}
# - {TYPE: transmission_filter_detector}
# - {CALIBDATE: '1970-01-01T00:00:00'}
# - {INSTRUME: LSSTCam}
# - {OBSTYPE: transmission_filter_detector}
# - {CALIBCLS: lsst.ip.isr.IntermediateFilterDetectorTransmissionCurve}
# - {SOURCE: Materion (DM-46256)}
# - {DETECTOR: 172}
# - {FILTER: y_10}
# - {CALIB_ID: 'calibDate=1970-01-01T00:00:00 filter=y_10 detector=172'}
# - {DATE: '2025-04-02T15:59:51.539158'}
# - {CALIB_CREATION_DATE: '2025-04-02'}
# - {CALIB_CREATION_TIME: '15:59:51'}
# - __serialized_columns__:
#     efficiency:
#       __class__: astropy.units.quantity.Quantity
#       unit: !astropy.units.Unit {unit: '%'}
#       value: !astropy.table.SerializedColumn {name: efficiency}
#     wavelength:
#       __class__: astropy.units.quantity.Quantity
#       unit: !astropy.units.Unit {unit: nm}
#       value: !astropy.table.SerializedColumn {name: wavelength}
# schema: astropy-2.0
wavelength efficiency
300.0 0.0295204488793388
301.0 0.023016190971247852
302.0 0.016511933063156903
303.0 0.018046420882456005
304.0 0.019580907246563584
305.0 0.016788231732789427
306.0 0.01399555621901527
307.0 0.008968923793872818
308.0 0.003942292096326128
309.0 0.006286258576437831
310.0 0.008630225784145296
311.0 0.007084177195793018
312.0 0.005538129335036501
313.0 0.006304695853032172
314.0 0.007071260915836319
315.0 0.005669435631716624
316.0 0.0042676103475969285
317.0 0.005157909254194237
318.0 0.0060482088883873075
319.0 0.004567359792417847
320.0 0.0030865099688526243
321.0 0.0038690130168106407
322.0 0.004651517156162299
323.0 0.0047800156607991084
324.0 0.004908514529233798
325.0 0.0038315851270454004
326.0 0.0027546557248570025
327.0 0.0029937695217086002
328.0 0.003232883318560198
329.0 0.0033649856050033122
330.0 0.003497087527648546
331.0 0.0029258257200126536
332.0 0.002354563730477821
333.0 0.002576570477685891
334.0 0.0027985770429950207
335.0 0.002196407695009839
336.0 0.0015942381651257165
337.0 0.0015231906218104996
338.0 0.0014521433513436932
339.0 0.0014204275430529378
340.0 0.0013887116438127123
341.0 0.0015007462025096174
342.0 0.001612780943105463
343.0 0.0018374943465460092
344.0 0.002062207568087615
345.0 0.0013844165550835896
346.0 0.0007066256330290344
347.0 0.0010812491382239386
348.0 0.0014558725524693727
349.0 0.001734918805595953
350.0 0.0020139650587225333
351.0 0.0016676558516337536
352.0 0.001321346644544974
353.0 0.0012472763046389446
354.0 0.001173205873783445
355.0 0.0015386609447887167
356.0 0.0019041161067434587
357.0 0.001327894005953567
358.0 0.0007516716777900001
359.0 0.0005564156708715018
360.0 0.0003611595275287982
361.0 0.0007583014394185739
362.0 0.0011554434422578197
363.0 0.001173004784504883
364.0 0.0011905662177014165
365.0 0.0011763354450522456
366.0 0.001162104763352545
367.0 0.0013805160961055662
368.0 0.0015989273379091173
369.0 0.0013444827345665544
370.0 0.0010900380402745213
371.0 0.0010900628694798797
372.0 0.0010900877896347083
373.0 0.0015209031516860705
374.0 0.0019517185137374327
375.0 0.0028139886126155034
376.0 0.003676258711493574
377.0 0.004126110798097216
378.0 0.004575962884700857
379.0 0.004332383468863554
380.0 0.0040888040530262515
381.0 0.0033857417292892933
382.0 0.002682679405552335
383.0 0.0018284223187947646
384.0 0.0009741658686834853
385.0 0.0007214305242086994
386.0 0.0004686950887844432
387.0 0.00043299041863065213
388.0 0.00039728574847686104
389.0 0.00044182611418364104
390.0 0.00048636643441568594
391.0 0.0005292926744004944
392.0 0.000572218959860038
393.0 0.0006520682291011326
394.0 0.0007319174528674921
395.0 0.0006853491413494339
396.0 0.0006387808298313757
397.0 0.0007389203346974682
398.0 0.0008390599759877659
399.0 0.0010953177479677834
400.0 0.0013515755199478008
401.0 0.001611500556464307
402.0 0.0018714252291829325
403.0 0.0018947530406876467
404.0 0.0019180803064955398
405.0 0.0019356290067662485
406.0 0.001953177707036957
407.0 0.0018960668967338279
408.0 0.0018389564502285793
409.0 0.0016567300917813554
410.0 0.0014745038242836017
411.0 0.0010222149285255
412.0 0.0005699260327673983
413.0 0.0003347420260979561
414.0 9.955815585271921e-05
415.0 0.0005523259005713044
416.0 0.0010050935088656843
417.0 0.0007404037660307949
418.0 0.00047571388677170034
419.0 0.00022765550511394395
420.0 1.6066321450319831e-10
421.0 1.6066321450319831e-10
422.0 1.6066321450319831e-10
423.0 1.6066321450319831e-10
424.0 0.0002693345322768437
425.0 1.6066321450319831e-10
426.0 1.6066321450319831e-10
427.0 4.243392766056786e-05
428.0 0.0005038309154770104
429.0 0.00025494878173049074
430.0 6.0666963008770836e-06
431.0 0.000252911331699579
432.0 0.0004997557880415116
433.0 0.0001998503876166069
434.0 1.6066321450319831e-10
435.0 0.00023168533971329452
436.0 0.0005634258286590921
437.0 0.000354895041709824
438.0 0.00014636424339187215
439.0 1.6066321450319831e-10
440.0 1.6066321450319831e-10
441.0 1.6066321450319831e-10
442.0 1.6066321450319831e-10
443.0 1.6066321450319831e-10
444.0 0.00017348476148981717
445.0 0.00044278972382016946
446.0 0.0007120946065697353
447.0 0.00013619907122119912
448.0 1.6066321450319831e-10
449.0 1.6066321450319831e-10
450.0 0.00010631780469338992
451.0 1.6066321450319831e-10
452.0 1.6066321450319831e-10
453.0 1.6066321450319831e-10
454.0 1.4932224701169616e-05
455.0 0.00010753332162494189
456.0 0.00020013455923617585
457.0 1.6066321450319831e-10
458.0 1.6066321450319831e-10
459.0 1.6066321450319831e-10
460.0 1.6066321450319831e-10
461.0 1.6066321450319831e-10
462.0 1.6066321450319831e-10
463.0 0.0003333361746626906
464.0 0.0006876592124172021
465.0 0.0006535321517731063
466.0 0.0006194052275532158
467.0 0.0006332374596240697
468.0 0.0006470696462201886
469.0 0.0010092895536217839
470.0 0.0013715094610233791
471.0 0.0015010346032795496
472.0 0.0016305599274346605
473.0 0.0022657413865090348
474.0 0.002900922845583409
475.0 0.0026690331651479937
476.0 0.002437143302813638
477.0 0.002543438858992886
478.0 0.0026497344151721336
479.0 0.003111384648946114
480.0 0.0035730350646190345
481.0 0.003957464650738984
482.0 0.004341894964454696
483.0 0.004276102481526323
484.0 0.004210309634800069
485.0 0.003740242391359061
486.0 0.003270175147918053
487.0 0.0029483622711268254
488.0 0.0026265492124366574
489.0 0.002351605689909775
490.0 0.0020766621673828922
491.0 0.0019819664885289967
492.0 0.0018872708096751012
493.0 0.0016886720914044417
494.0 0.0014900733731337823
495.0 0.0017236661733477376
496.0 0.001957258973561693
497.0 0.00167701600730652
498.0 0.0013967730410513468
499.0 0.0016351301383110695
500.0 0.0018734868717729114
501.0 0.002270159347972367
502.0 0.002666831642272882
503.0 0.0028972732252441347
504.0 0.0031277144444175065
505.0 0.002727309401961975
506.0 0.002326903813809622
507.0 0.0021876041500945576
508.0 0.002048304486379493
509.0 0.0019758888811338693
510.0 0.0019034730939893052
511.0 0.002168164610338863
512.0 0.0024328559447894804
513.0 0.002288676296302583
514.0 0.002144496829714626
515.0 0.0017275913705816492
516.0 0.0013106856386002619
517.0 0.0012189401786599774
518.0 0.0011271945368207525
519.0 0.0012027924640278798
520.0 0.001278390391235007
521.0 0.001318065096711507
522.0 0.001357739711238537
523.0 0.0016839030649862252
524.0 0.0020100664187339135
525.0 0.001905593126139138
526.0 0.0018011198335443623
527.0 0.002010511889238842
528.0 0.002219903763034381
529.0 0.002341786057513673
530.0 0.0024636681700940244
531.0 0.0022551281290361658
532.0 0.002046588087978307
533.0 0.0019841949324472807
534.0 0.0019218017769162543
535.0 0.0018230924979434349
536.0 0.001724383037071675
537.0 0.0018402774003334343
538.0 0.0019561715816962533
539.0 0.0024116936401696876
540.0 0.002867215334845241
541.0 0.003626256511779502
542.0 0.0043852975068148226
543.0 0.004496749534155242
544.0 0.004608201197697781
545.0 0.004777624053531326
546.0 0.004947046909364872
547.0 0.004648556932806969
548.0 0.004350066592451185
549.0 0.003702174944919534
550.0 0.003054283297387883
551.0 0.0026204175810562447
552.0 0.0021865515009267256
553.0 0.0023407348635373637
554.0 0.0024949185899458826
555.0 0.003039803050342016
556.0 0.0035846875107381493
557.0 0.004156898648943752
558.0 0.004729109423351474
559.0 0.004415795410750434
560.0 0.004102481034351513
561.0 0.0038903614040464163
562.0 0.0036782417737413198
563.0 0.003311736509203911
564.0 0.002945231244666502
565.0 0.0032694439141778275
566.0 0.0035936562198912725
567.0 0.00398168594983872
568.0 0.004369714952190407
569.0 0.004779527444043197
570.0 0.005189339935895987
571.0 0.005583116580964997
572.0 0.005976893226034008
573.0 0.006355388177325949
574.0 0.0067338827648200095
575.0 0.006699004006804898
576.0 0.006664125248789787
577.0 0.0063829524151515216
578.0 0.006101780309109017
579.0 0.005617377610178664
580.0 0.005132974911248311
581.0 0.005693291313946247
582.0 0.006253608444239944
583.0 0.007619820098625496
584.0 0.00898603248060681
585.0 0.009929906082106754
586.0 0.010873782593989745
587.0 0.010856948210857809
588.0 0.010840115282917395
589.0 0.010706936154747382
590.0 0.010573759209364653
591.0 0.009968740778276697
592.0 0.009363724529976025
593.0 0.008484890713589266
594.0 0.007606056897202507
595.0 0.006394978117896244
596.0 0.005183899338589981
597.0 0.005346316902432591
598.0 0.0055087344662752
599.0 0.006288389704423025
600.0 0.007068044214975089
601.0 0.008502058335579932
602.0 0.009936071728589013
603.0 0.010325918992748484
604.0 0.010715768439695239
605.0 0.010611341713229194
606.0 0.010506916441954672
607.0 0.010066845425171778
608.0 0.00962677295319736
609.0 0.008446335414191708
610.0 0.007265898602781817
611.0 0.005659940870827995
612.0 0.004053983866469935
613.0 0.003605882011470385
614.0 0.0031577797926729545
615.0 0.003741281761904247
616.0 0.004324783367337659
617.0 0.0058364927099319175
618.0 0.0073482013249304146
619.0 0.00880729712662287
620.0 0.010266390745528042
621.0 0.010968757851514965
622.0 0.011671124229906127
623.0 0.01178781021735631
624.0 0.011904494022019207
625.0 0.011284308857284486
626.0 0.010664124420145527
627.0 0.009215125464834273
628.0 0.007766127964714542
629.0 0.006215361645445228
630.0 0.004664595689973794
631.0 0.003689048025989905
632.0 0.002713500362006016
633.0 0.0026561687263892964
634.0 0.0025988369088736363
635.0 0.002516515269235242
636.0 0.002434193629596848
637.0 0.0029632576115545817
638.0 0.003492321411613375
639.0 0.0043877931602764875
640.0 0.0052832649089396
641.0 0.005516937380889431
642.0 0.005750609852839261
643.0 0.0059116129705216736
644.0 0.006072615724406205
645.0 0.005630238229059614
646.0 0.005187861097510904
647.0 0.004638614336727187
648.0 0.00408936757594347
649.0 0.003220247890567407
650.0 0.0023511283870902844
651.0 0.0020569486878230236
652.0 0.0017627688066568226
653.0 0.0016036778106354177
654.0 0.0014445870874624234
655.0 0.0014434708646149375
656.0 0.0014423547327169217
657.0 0.0014891432329022791
658.0 0.0015359315511886962
659.0 0.001330798022536328
660.0 0.00112566449388396
661.0 0.001242129656020552
662.0 0.001358594909106614
663.0 0.0015225197785184719
664.0 0.0016864445569808595
665.0 0.0021439225747599266
666.0 0.0026014009563368745
667.0 0.0029939865271444432
668.0 0.0033865722798509523
669.0 0.004654779331758618
670.0 0.005922986383666284
671.0 0.006622375076403841
672.0 0.007321762677747756
673.0 0.007543571700807661
674.0 0.007765380723867565
675.0 0.0074028619565069675
676.0 0.0070403410063590854
677.0 0.006485732592409477
678.0 0.005931123814661987
679.0 0.0047703411837574095
680.0 0.0036095574614591897
681.0 0.0022852753318147734
682.0 0.0009609927474230062
683.0 0.0007387778168777004
684.0 0.0005165630682313349
685.0 0.000217302363125782
686.0 1.6066321450319831e-10
687.0 2.3705865714873653e-05
688.0 0.000129370084778202
689.0 0.00016555658248762484
690.0 0.00020174315977783408
691.0 0.00034700040032475954
692.0 0.000492257640871685
693.0 0.0004395255473355064
694.0 0.00038679345379932784
695.0 0.00023052184587868396
696.0 7.425023795804009e-05
697.0 0.00020538620901788818
698.0 0.00033652211186563363
699.0 0.0002390855115663726
700.0 0.00014164886579237645
701.0 4.4765579332306515e-05
702.0 1.6066321450319831e-10
703.0 6.413279720618448e-05
704.0 0.00018038342659565387
705.0 0.0001955669176822994
706.0 0.00021075036329420982
707.0 0.00014788412272537244
708.0 8.501785941916751e-05
709.0 0.00015889653468548204
710.0 0.0002327752326891641
711.0 0.00030751252779737115
712.0 0.00038224975469347555
713.0 0.0003115089384664316
714.0 0.00024076805402728496
715.0 0.0001238819322679774
716.0 6.995676216092761e-06
717.0 0.00016130384210555349
718.0 0.0003156118509650696
719.0 0.00022651688595942687
720.0 0.00013742209148404072
721.0 9.866333812169614e-05
722.0 5.9904613181060995e-05
723.0 0.00010461442343512317
724.0 0.0001493241256866895
725.0 0.0003496035105854389
726.0 0.0005498829523276072
727.0 0.00019729295672732405
728.0 1.6066321450319831e-10
729.0 5.5845191582193365e-05
730.0 0.00026698733108787565
731.0 0.0002061156919808127
732.0 0.00014524400739901466
733.0 0.00024844734980433714
734.0 0.0003516509877954377
735.0 0.00029869854643038707
736.0 0.0002457460823279689
737.0 0.00035765629036177415
738.0 0.0004695663847087417
739.0 0.00029530110623454675
740.0 0.00012103590734113823
741.0 7.019691565801622e-05
742.0 1.935796944962931e-05
743.0 0.00019875615180353634
744.0 0.0003781544137382298
745.0 0.0005061046522314427
746.0 0.0006340550953609636
747.0 0.0004477481979847653
748.0 0.00026144134608330205
749.0 0.0005700172550859861
750.0 0.0008785930731392
751.0 0.0004673464900406543
752.0 5.6099952416843735e-05
753.0 4.4662704112852225e-05
754.0 3.3225492757082975e-05
755.0 0.00020573415895341896
756.0 0.0003782428166232421
757.0 0.0003858135187329026
758.0 0.00039338406168099027
759.0 0.000253264261118602
760.0 0.00011314441508147866
761.0 0.00019826800325972727
762.0 0.0002833915459632408
763.0 0.00035989924072055146
764.0 0.00043640689000312705
765.0 0.0003375880851308466
766.0 0.00023876930299593369
767.0 0.00013779442724626279
768.0 3.681955718093377e-05
769.0 1.6066321450319831e-10
770.0 1.6066321450319831e-10
771.0 1.6066321450319831e-10
772.0 1.6066321450319831e-10
773.0 1.6066321450319831e-10
774.0 1.6066321450319831e-10
775.0 4.8549645725870505e-05
776.0 0.0004052280019095633
777.0 0.00042686028791649733
778.0 0.000448492392024491
779.0 0.0005653795597027056
780.0 0.0006822667728556553
781.0 0.0007645305231562816
782.0 0.0008467943189316429
783.0 0.000501286285725655
784.0 0.00015577828662571847
785.0 7.445230494340649e-05
786.0 1.6066321450319831e-10
787.0 0.00029775765142403543
788.0 0.0006023889909556601
789.0 0.00039551823647343554
790.0 0.00018864731146095437
791.0 0.0002552884097895003
792.0 0.00032192940579989227
793.0 0.0007547902896476444
794.0 0.0011876511052832939
795.0 0.0006221819148777286
796.0 5.671251415151346e-05
797.0 0.000612690791967907
798.0 0.001168669041362591
799.0 0.0010209876563749276
800.0 0.000873306180437794
801.0 0.0008771186003286857
802.0 0.0008809312021185178
803.0 0.0006816172572143842
804.0 0.00048230335778498556
805.0 0.0006708653017994948
806.0 0.0008594272003392689
807.0 0.0007455384093191242
808.0 0.0006316495728242444
809.0 0.0008734978109714575
810.0 0.001115346185542876
811.0 0.0009346592378278729
812.0 0.0007539727448602207
813.0 0.0005657846031681402
814.0 0.00037759657516289735
815.0 0.0002032857764788787
816.0 2.8974972110518138e-05
817.0 0.0004434996299096383
818.0 0.0008580244866607245
819.0 0.0006884313279442722
820.0 0.0005188384420762304
821.0 0.0005761095053458121
822.0 0.0006333806595648639
823.0 0.0005686369149771053
824.0 0.0005038933522882871
825.0 0.0005384775704442291
826.0 0.0005730618340749061
827.0 0.00037094980598340044
828.0 0.00016883770967979217
829.0 0.00035901314276998164
830.0 0.0005491884166985983
831.0 0.000901515522855334
832.0 0.0012538426744868048
833.0 0.0009451188816456124
834.0 0.0006363950888044201
835.0 0.0003681067482830258
836.0 9.981849871110171e-05
837.0 0.00045029291868559085
838.0 0.00080076733866008
839.0 0.0008482751582050696
840.0 0.000895782886800589
841.0 0.0007107565124897519
842.0 0.0005257300472294446
843.0 0.0008048121344472747
844.0 0.0010838944035640452
845.0 0.0010872879101953004
846.0 0.0010906815987254959
847.0 0.0006790201950934716
848.0 0.0002673589278856525
849.0 0.0004527952569333138
850.0 0.0006382316314557102
851.0 0.0006480054707935778
852.0 0.0006577794465556508
853.0 0.0006063804448785959
854.0 0.0005549818069994217
855.0 0.000720484877092531
856.0 0.0008859879017109051
857.0 0.0012370288459351286
858.0 0.0015880696082604118
859.0 0.0014762569662707392
860.0 0.0013644444152305368
861.0 0.0012330971912888344
862.0 0.0011017498763976619
863.0 0.0012637916370294988
864.0 0.0014258333067118656
865.0 0.001829647044360172
866.0 0.0022334612367558293
867.0 0.00247751158894971
868.0 0.0027215623049414717
869.0 0.002773608866846189
870.0 0.0028256556106498465
871.0 0.002748720726231113
872.0 0.0026717858418123797
873.0 0.002502824463590514
874.0 0.0023338632672675885
