lsstCam/transmission_filter_detector/r42_s01/y_10/19700101T000000.ecsv
# %ECSV 1.0
# ---
# datatype:
# - {name: wavelength, unit: nm, datatype: float32}
# - {name: efficiency, unit: '%', datatype: float64}
# meta: !!omap
# - {MODE: DETECTOR}
# - {TYPE: transmission_filter_detector}
# - {CALIBDATE: '1970-01-01T00:00:00'}
# - {INSTRUME: LSSTCam}
# - {OBSTYPE: transmission_filter_detector}
# - {CALIBCLS: lsst.ip.isr.IntermediateFilterDetectorTransmissionCurve}
# - {SOURCE: Materion (DM-46256)}
# - {DETECTOR: 172}
# - {FILTER: y_10}
# - {CALIB_ID: 'calibDate=1970-01-01T00:00:00 filter=y_10 detector=172'}
# - {DATE: '2025-04-02T15:59:51.539158'}
# - {CALIB_CREATION_DATE: '2025-04-02'}
# - {CALIB_CREATION_TIME: '15:59:51'}
# - __serialized_columns__:
#     efficiency:
#       __class__: astropy.units.quantity.Quantity
#       unit: !astropy.units.Unit {unit: '%'}
#       value: !astropy.table.SerializedColumn {name: efficiency}
#     wavelength:
#       __class__: astropy.units.quantity.Quantity
#       unit: !astropy.units.Unit {unit: nm}
#       value: !astropy.table.SerializedColumn {name: wavelength}
# schema: astropy-2.0
wavelength efficiency
[from data line 576]
876.0 0.0020682313333963975
877.0 0.0017331283743260428
878.0 0.0013980254152556881
879.0 0.0015940026059979573
880.0 0.015228403208311647
881.0 0.09307484142482281
882.0 0.016227804007939994
883.0 0.10994719341397285
884.0 0.015173242718447
885.0 0.10676091769710183
886.0 0.021284255490172654
887.0 0.10314141400158405
888.0 0.022654907661490142
889.0 0.09867922635748982
890.0 0.021349266171455383
891.0 0.10864987270906568
892.0 0.021965931227896363
893.0 0.11421575909480453
894.0 0.019538859487511218
895.0 0.10999205987900496
896.0 0.03180534695275128
897.0 0.11812433367595077
898.0 0.03600686031859368
899.0 0.12413301737979054
900.0 0.060143350856378675
901.0 0.1197646139189601
902.0 0.14713703421875834
903.0 0.1688381889835
904.0 0.19933588337153196
905.0 0.22413788828998804
906.0 0.2774422522634268
907.0 0.34890854731202126
908.0 0.4542584531009197
909.0 0.5968048702925444
910.0 0.8388610556721687
911.0 1.1888536624610424
912.0 1.7617776989936829
913.0 2.634565159678459
914.0 3.7142999470233917
915.0 5.309567973017693
916.0 7.29561373591423
917.0 9.514948725700378
918.0 12.139524519443512
919.0 14.6583691239357
920.0 18.033835291862488
921.0 21.501527726650238
922.0 24.917486310005188
923.0 28.92323136329651
924.0 33.350226283073425
925.0 38.32775056362152
926.0 44.382575154304504
927.0 50.99102258682251
928.0 56.91973567008972
929.0 63.43548893928528
930.0 69.28598880767822
931.0 75.12983679771423
932.0 80.5334210395813
933.0 85.23452877998352
934.0 88.72280716896057
935.0 91.2784218788147
936.0 93.2481586933136
937.0 94.69334483146667
938.0 95.57227492332458
939.0 96.10736966133118
940.0 96.39883637428284
941.0 96.63168787956238
942.0 96.84568643569946
943.0 96.96754217147827
944.0 97.23035097122192
945.0 97.23262786865234
946.0 97.32925295829773
947.0 97.32255935668945
948.0 97.42117524147034
949.0 97.3672866821289
950.0 97.4187433719635
951.0 97.50257134437561
952.0 97.59222865104675
953.0 97.79508709907532
954.0 97.77971506118774
955.0 97.92332053184509
956.0 98.09616804122925
957.0 98.29010963439941
958.0 98.46158623695374
959.0 98.54651093482971
960.0 98.6477255821228
961.0 98.7542450428009
962.0 98.83057475090027
963.0 98.8401710987091
964.0 98.8922655582428
965.0 98.87750744819641
966.0 98.95252585411072
967.0 99.01798367500305
968.0 98.99054169654846
969.0 99.0138590335846
970.0 99.06942844390869
971.0 99.10517930984497
972.0 99.16460514068604
973.0 99.26953315734863
974.0 99.27861094474792
975.0 99.22447800636292
976.0 99.29091930389404
977.0 99.27968382835388
978.0 99.2828905582428
979.0 99.24928545951843
980.0 99.21841621398926
981.0 99.15505647659302
982.0 99.08047914505005
983.0 99.12500977516174
984.0 99.07249808311462
985.0 99.0210235118866
986.0 98.94106388092041
987.0 99.01987910270691
988.0 98.90636801719666
989.0 98.86400699615479
990.0 98.81810545921326
991.0 98.86148571968079
992.0 98.92067313194275
993.0 98.87596368789673
994.0 98.85603189468384
995.0 98.92973303794861
996.0 98.89293909072876
997.0 99.00618195533752
998.0 99.05334115028381
999.0 99.06781315803528
1000.0 99.1336464881897
1001.0 99.10092353820801
1002.0 99.19556975364685
1003.0 99.19909834861755
1004.0 99.30940270423889
1005.0 99.20229911804199
1006.0 99.37276244163513
1007.0 99.34027194976807
1008.0 99.30329322814941
1009.0 99.22068119049072
1010.0 99.29664134979248
1011.0 99.28551316261292
1012.0 99.20554757118225
1013.0 99.198317527771
1014.0 99.17998313903809
1015.0 99.15158748626709
1016.0 99.12510514259338
1017.0 99.18261170387268
1018.0 99.1800844669342
1019.0 99.10406470298767
1020.0 99.17242527008057
1021.0 99.26915168762207
1022.0 99.14147853851318
1023.0 99.20326471328735
1024.0 99.18715953826904
1025.0 99.17193651199341
1026.0 99.27446246147156
1027.0 99.33745265007019
1028.0 99.24108982086182
1029.0 99.3573784828186
1030.0 99.40985441207886
1031.0 99.30497407913208
1032.0 99.39855337142944
1033.0 99.35698509216309
1034.0 99.35299158096313
1035.0 99.39201474189758
1036.0 99.37340021133423
1037.0 99.37205910682678
1038.0 99.29872155189514
1039.0 99.33072924613953
1040.0 99.21318292617798
1041.0 99.29836392402649
1042.0 99.23365116119385
1043.0 99.21925663948059
1044.0 99.27323460578918
1045.0 98.95429015159607
1046.0 99.18910264968872
1047.0 99.05445575714111
1048.0 99.15797114372253
1049.0 99.03766512870789
1050.0 99.0483283996582
1051.0 99.03358221054077
1052.0 99.01458024978638
1053.0 98.92705082893372
1054.0 99.16231036186218
1055.0 99.23825860023499
1056.0 99.11059141159058
1057.0 99.13973808288574
1058.0 99.07160997390747
1059.0 99.01450276374817
1060.0 99.18309450149536
1061.0 98.97457361221313
1062.0 99.07582402229309
1063.0 99.00116324424744
1064.0 99.26497340202332
1065.0 99.1217851638794
1066.0 99.17306900024414
1067.0 99.13332462310791
1068.0 99.16281700134277
1069.0 99.0618109703064
1070.0 99.29968118667603
1071.0 99.09824728965759
1072.0 99.20786619186401
1073.0 99.2937982082367
1074.0 98.93057346343994
1075.0 98.83826971054077
1076.0 98.82456660270691
1077.0 98.9661455154419
1078.0 99.09690022468567
1079.0 98.72912764549255
1080.0 99.58235621452332
1081.0 98.8818347454071
1082.0 98.84955286979675
1083.0 98.6342191696167
1084.0 99.22545552253723
1085.0 99.00175929069519
1086.0 98.82144331932068
1087.0 99.0782380104065
1088.0 98.86317849159241
1089.0 98.75824451446533
1090.0 98.74992370605469
1091.0 98.90955686569214
1092.0 98.81871342658997
1093.0 98.78485798835754
1094.0 98.619145154953
1095.0 98.1881320476532
1096.0 98.60970973968506
1097.0 98.34747910499573
1098.0 97.84796833992004
1099.0 98.56003522872925
1100.0 98.28744530677795
