lsstCam/transmission_filter_detector/r34_s00/r_57/19700101T000000.ecsv
# %ECSV 1.0
# ---
# datatype:
# - {name: wavelength, unit: nm, datatype: float32}
# - {name: efficiency, unit: '%', datatype: float64}
# meta: !!omap
# - {MODE: DETECTOR}
# - {TYPE: transmission_filter_detector}
# - {CALIBDATE: '1970-01-01T00:00:00'}
# - {INSTRUME: LSSTCam}
# - {OBSTYPE: transmission_filter_detector}
# - {CALIBCLS: lsst.ip.isr.IntermediateFilterDetectorTransmissionCurve}
# - {SOURCE: Materion (DM-46256)}
# - {DETECTOR: 153}
# - {FILTER: r_57}
# - {CALIB_ID: 'calibDate=1970-01-01T00:00:00 filter=r_57 detector=153'}
# - {DATE: '2025-04-02T15:59:44.893059'}
# - {CALIB_CREATION_DATE: '2025-04-02'}
# - {CALIB_CREATION_TIME: '15:59:44'}
# - __serialized_columns__:
#     efficiency:
#       __class__: astropy.units.quantity.Quantity
#       unit: !astropy.units.Unit {unit: '%'}
#       value: !astropy.table.SerializedColumn {name: efficiency}
#     wavelength:
#       __class__: astropy.units.quantity.Quantity
#       unit: !astropy.units.Unit {unit: nm}
#       value: !astropy.table.SerializedColumn {name: wavelength}
# schema: astropy-2.0
wavelength efficiency
300.0 0.0023088810849003494
301.0 0.005746610258938745
302.0 0.009184337977785617
303.0 0.011462565453257412
304.0 0.013740792928729206
305.0 0.012434992822818458
306.0 0.011129193444503471
307.0 0.009290704474551603
308.0 0.007452214049408212
309.0 0.006713921175105497
310.0 0.00597562720940914
311.0 0.0056472839787602425
312.0 0.005318941111909226
313.0 0.00498222689202521
314.0 0.0046455112169496715
315.0 0.004428477041074075
316.0 0.004211444320390001
317.0 0.004108638677280396
318.0 0.004005833761766553
319.0 0.0036604407796403393
320.0 0.003315048888907768
321.0 0.0031280284019885585
322.0 0.00294100827886723
323.0 0.002651275099196937
324.0 0.0023615411919308826
325.0 0.002343396408832632
326.0 0.002325251443835441
327.0 0.00249889289989369
328.0 0.0026725343559519388
329.0 0.0026984869691659696
330.0 0.0027244401280768216
331.0 0.002622361898829695
332.0 0.0025202838514815085
333.0 0.0021890959033044055
334.0 0.0018579079551273026
335.0 0.0016860551113495603
336.0 0.0015142024494707584
337.0 0.0014206055311660748
338.0 0.0013270088857098017
339.0 0.0012045001312799286
340.0 0.0010819913768500555
341.0 0.0010263002877763938
342.0 0.0009706091077532619
343.0 0.0009408350706507917
344.0 0.0009110610335483216
345.0 0.0008947117748903111
346.0 0.0008783626071817707
347.0 0.00084734174379264
348.0 0.0008163209713529795
349.0 0.0008036818144319113
350.0 0.0030987732316134498
351.0 0.005095366213936359
352.0 0.007091958832461387
353.0 0.006636570469709113
354.0 0.0061811821069568396
355.0 0.0049066642532125115
356.0 0.003632146035670303
357.0 0.003918575748684816
358.0 0.004205005461699329
359.0 0.004135593553655781
360.0 0.004066181645612232
361.0 0.003178042243234813
362.0 0.002289902840857394
363.0 0.0024661654606461525
364.0 0.002642428080434911
365.0 0.0019190221792086959
366.0 0.0011956166417803615
367.0 0.0022120433641248383
368.0 0.0032284697226714343
369.0 0.0033104235626524314
370.0 0.003392376675037667
371.0 0.003273800030001439
372.0 0.0031552230211673304
373.0 0.002595401201688219
374.0 0.002035579200310167
375.0 0.001374888415739406
376.0 0.0007141977675928501
377.0 0.0017305759683949873
378.0 0.0027469541237223893
379.0 0.002276844679727219
380.0 0.0018067357814288698
381.0 0.0020662793758674525
382.0 0.0023258231522049755
383.0 0.003153189391014166
384.0 0.003980555993621238
385.0 0.004627563976100646
386.0 0.005274571594782174
387.0 0.0049153029976878315
388.0 0.004556034400593489
389.0 0.0036886533052893355
390.0 0.002821271846187301
391.0 0.0024855400624801405
392.0 0.0021498090063687414
393.0 0.001945100120792631
394.0 0.0017403915990144014
395.0 0.001390187389915809
396.0 0.0010399831808172166
397.0 0.0008587104275648016
398.0 0.0006774379016860621
399.0 0.0006319448857539101
400.0 0.0005864518243470229
401.0 0.0005412339305621572
402.0 0.0004960159003530862
403.0 0.0005252926257526269
404.0 0.0005545694875763729
405.0 0.001020978106680559
406.0 0.0014873866348352749
407.0 0.0016169749869732186
408.0 0.0017465630662627518
409.0 0.0011337835530866869
410.0 0.0005210042218095623
411.0 0.0008540744602214545
412.0 0.0011871447895828169
413.0 0.0014711249605170451
414.0 0.0017551054042996839
415.0 0.0018359683963353746
416.0 0.0019168313883710653
417.0 0.0017179632777697407
418.0 0.001519095076218946
419.0 0.0021529815057874657
420.0 0.002786867662507575
421.0 0.004053541852044873
422.0 0.005320216223481111
423.0 0.008611813245806843
424.0 0.011903409904334694
425.0 0.01570620952406898
426.0 0.01950900914380327
427.0 0.019889806571882218
428.0 0.020270603999961168
429.0 0.015908565546851605
430.0 0.01154652563855052
431.0 0.008010835153982043
432.0 0.004475144669413567
433.0 0.003604816083679907
434.0 0.002734487679845188
435.0 0.0022723654183209874
436.0 0.0018102433386957273
437.0 0.0012561977200675756
438.0 0.0007021525107120397
439.0 0.0008054018508119043
440.0 0.0009086509635380935
441.0 0.0010146001841349062
442.0 0.0011205495866306592
443.0 0.0014848346836515702
444.0 0.0018491198716219515
445.0 0.0016402200344600715
446.0 0.0014313203791971318
447.0 0.0013441705050354358
448.0 0.00125702072182321
449.0 0.001250857167178765
450.0 0.0012446935215848498
451.0 0.001363416504318593
452.0 0.0014821390323049854
453.0 0.0016812236935948022
454.0 0.0018803080820362084
455.0 0.0016373631297028624
456.0 0.0013944182683189865
457.0 0.0010642219422152266
458.0 0.0007340254796872614
459.0 0.000920460752240615
460.0 0.0011068960702687036
461.0 0.0016197733202716336
462.0 0.0021326506612240337
463.0 0.0029679180443054065
464.0 0.003803185245487839
465.0 0.00484663833049126
466.0 0.005890090687898919
467.0 0.006360854604281485
468.0 0.006831618520664051
469.0 0.005904676072532311
470.0 0.004977734351996332
471.0 0.003786212982959114
472.0 0.0025946914320229553
473.0 0.001885128949652426
474.0 0.0011755660125345457
475.0 0.0007992036444193218
476.0 0.00042284118535462767
477.0 0.0006355403456836939
478.0 0.0008482394150632899
479.0 0.0008330473065143451
480.0 0.0008178551979654003
481.0 0.000653456072541303
482.0 0.0004890570380666759
483.0 0.0005913503173360368
484.0 0.0006936435966053978
485.0 0.0007052203272905899
486.0 0.0007167971489252523
487.0 0.0004983109647582751
488.0 0.0002798247805912979
489.0 0.0004957663350069197
490.0 0.0007117078894225415
491.0 0.0007790895324433222
492.0 0.0008464713573630434
493.0 0.0008888596312317532
494.0 0.0009312479960499331
495.0 0.0009707673598313704
496.0 0.0010102865417138673
497.0 0.0010143899089598563
498.0 0.0010184932762058452
499.0 0.0010830925930349622
500.0 0.00114769227366196
501.0 0.0012126042747695465
502.0 0.0012775161849276628
503.0 0.0017392891095369123
504.0 0.0022010617612977512
505.0 0.0026527824957156554
506.0 0.003104503048234619
507.0 0.003862454104819335
508.0 0.004620405525201932
509.0 0.004951067239744589
510.0 0.005281729681883007
511.0 0.004906277172267437
512.0 0.004530824662651867
513.0 0.003825294697890058
514.0 0.0031197647331282496
515.0 0.002854082595149521
516.0 0.002588400457170792
517.0 0.002704218786675483
518.0 0.0028200369342812337
519.0 0.02482424897607416
520.0 0.05793145974166691
521.0 0.0889071961864829
522.0 0.07547421846538782
523.0 0.14469681773334742
524.0 0.12700611259788275
525.0 0.12952539836987853
526.0 0.05192941753193736
527.0 0.1765588065609336
528.0 0.11719191679731011
529.0 0.11929130414500833
530.0 0.1854720525443554
531.0 0.2112149726599455
532.0 0.2506709657609463
533.0 0.30491151846945286
534.0 0.38150567561388016
535.0 0.44434787705540657
536.0 0.6845145486295223
537.0 1.0246280580759048
538.0 1.4855941757559776
539.0 2.4100134149193764
540.0 3.7131715565919876
541.0 5.613956227898598
542.0 7.9337455332279205
543.0 11.109137535095215
544.0 14.885298907756805
545.0 19.15372759103775
546.0 24.454273283481598
547.0 30.852624773979187
548.0 38.69728446006775
549.0 46.762070059776306
550.0 53.56252193450928
551.0 61.21875047683716
552.0 66.52321219444275
553.0 71.48845195770264
554.0 75.78490972518921
555.0 79.79346513748169
556.0 83.47269892692566
557.0 86.33601069450378
558.0 89.63513374328613
559.0 92.50761866569519
560.0 92.80406832695007
561.0 95.005863904953
562.0 95.54443955421448
563.0 95.41029930114746
564.0 95.88183164596558
565.0 95.27245163917542
566.0 95.64703702926636
567.0 95.5176055431366
568.0 95.7874059677124
569.0 96.57220244407654
570.0 96.11238241195679
571.0 96.90763354301453
572.0 96.67654633522034
573.0 96.69666290283203
574.0 96.77233099937439
575.0 97.02871441841125
576.0 97.17355370521545
577.0 97.26083874702454
578.0 97.01595306396484
579.0 96.96550369262695
580.0 96.71118259429932
581.0 96.23162746429443
582.0 96.90594673156738
583.0 96.7534601688385
584.0 96.2884247303009
585.0 96.32379412651062
586.0 96.27861380577087
587.0 96.16132974624634
588.0 96.24694585800171
589.0 97.39111065864563
590.0 96.5907335281372
591.0 95.81544995307922
592.0 96.00847363471985
593.0 95.92644572257996
594.0 95.89353799819946
595.0 96.45422697067261
596.0 96.99663519859314
597.0 97.18724489212036
598.0 96.9975471496582
599.0 96.88551425933838
600.0 96.95833921432495
601.0 96.34653925895691
602.0 96.7486023902893
603.0 96.31982445716858
604.0 96.10629081726074
605.0 96.80185317993164
606.0 96.13987803459167
607.0 96.32294178009033
608.0 96.39944434165955
609.0 95.8514392375946
610.0 95.81527709960938
611.0 95.83430886268616
612.0 95.56212425231934
613.0 96.79889678955078
614.0 96.69111371040344
615.0 96.12446427345276
616.0 96.41842842102051
617.0 96.25054001808167
618.0 96.33712768554688
619.0 96.9516932964325
620.0 96.35810256004333
621.0 95.61126232147217
622.0 96.56076431274414
623.0 96.51321172714233
624.0 96.3213860988617
625.0 96.73535227775574
626.0 96.10547423362732
627.0 95.17912268638611
628.0 97.03531861305237
629.0 95.59904932975769
630.0 96.35129570960999
631.0 96.0254967212677
632.0 96.74192070960999
633.0 96.38351202011108
634.0 95.699143409729
635.0 96.13732695579529
636.0 96.24760150909424
637.0 95.77064514160156
638.0 95.46975493431091
639.0 95.4868495464325
640.0 95.66534161567688
641.0 95.51397562026978
642.0 96.0575520992279
643.0 95.90924382209778
644.0 96.04405164718628
645.0 96.32987380027771
646.0 96.14735245704651
647.0 97.00261354446411
648.0 96.30243182182312
649.0 95.49635648727417
650.0 96.57384753227234
651.0 96.99230194091797
652.0 97.05047607421875
653.0 95.81462144851685
654.0 96.62551283836365
655.0 96.5541422367096
656.0 95.75855731964111
657.0 95.89569568634033
658.0 96.07080221176147
659.0 96.19832634925842
660.0 95.69373726844788
661.0 95.42779922485352
662.0 95.79160213470459
663.0 95.88881134986877
664.0 95.20055651664734
665.0 95.5655038356781
666.0 95.14338374137878
667.0 95.79271078109741
668.0 95.1370894908905
669.0 95.9319531917572
670.0 95.31011581420898
671.0 95.75467109680176
672.0 95.32536268234253
673.0 95.44047117233276
674.0 95.10416984558105
675.0 95.42664885520935
676.0 94.98071670532227
677.0 94.24044489860535
678.0 93.48325729370117
679.0 92.6234245300293
680.0 91.69965982437134
681.0 90.24771451950073
682.0 88.00116181373596
683.0 85.51629185676575
684.0 82.15640187263489
685.0 78.68419289588928
686.0 74.76497888565063
687.0 70.12346982955933
688.0 65.84862470626831
689.0 61.52108311653137
690.0 56.009441614151
691.0 52.0851194858551
692.0 47.491782903671265
693.0 43.19738745689392
694.0 38.15367519855499
695.0 33.08505415916443
696.0 27.825230360031128
697.0 22.62885272502899
698.0 16.888846457004547
699.0 12.254370003938675
700.0 8.695344626903534
701.0 5.441761016845703
702.0 3.4458883106708527
703.0 2.00746301561594
704.0 1.172957383096218
705.0 0.6741079036146402
706.0 0.4154668189585209
707.0 0.2332168398424983
708.0 0.19710203632712364
709.0 0.1749275135807693
710.0 0.1135069178417325
711.0 0.10804751655086875
712.0 0.061496440321207047
713.0 0.017485868011135608
714.0 0.03535253927111626
715.0 0.05043435376137495
716.0 0.08780932403169572
717.0 0.04781924944836646
718.0 0.053875212324783206
719.0 0.025818648282438517
720.0 1.609347095692104e-10
721.0 0.0046852586820023134
722.0 0.00432066990470048
723.0 0.003956081491196528
724.0 0.003757005470106378
725.0 0.003557929812814109
726.0 0.003253786053392105
727.0 0.0029496422939701006
728.0 0.0027866493837791495
729.0 0.002623656837386079
730.0 0.0024708684577490203
731.0 0.002318080260010902
732.0 0.002277851126564201
733.0 0.0022376221750164405
734.0 0.002125643914041575
735.0 0.0020136654711677693
736.0 0.0019208466255804524
737.0 0.0018280281437910162
738.0 0.0017543243302498013
739.0 0.0016806205167085864
740.0 0.0016461855921079405
741.0 0.0016117506675072946
742.0 0.0014646272575191688
743.0 0.0013175036656321026
744.0 0.0014626870324718766
745.0 0.0016078703993116505
746.0 0.0013899535588279832
747.0 0.001172036809293786
748.0 0.0011897501281055156
749.0 0.0012074634469172452
750.0 0.0011817962331406306
751.0 0.0011561292922124267
752.0 0.0011995174645562656
753.0 0.0012429059097485151
754.0 0.0012027491720800754
755.0 0.001162592616310576
756.0 0.0011033062037313357
757.0 0.0010440201549499761
758.0 0.0010113486496265978
759.0 0.00097867741715163
760.0 0.0009255726581613999
761.0 0.0008724678082216997
762.0 0.0009282198334403802
763.0 0.0009839719496085308
764.0 0.0009864053026831243
765.0 0.0009888386557577178
766.0 0.0008691401490068529
767.0 0.0007494414148823125
768.0 0.0007092013220244553
769.0 0.0006689610472676577
770.0 0.0006126879725343315
771.0 0.0005564148523262702
772.0 0.0006581896741408855
773.0 0.0007599642685818253
774.0 0.0009283961844630539
775.0 0.0010968281458190177
776.0 0.0011176653060829267
777.0 0.0011385029210941866
778.0 0.0009630241038394161
779.0 0.0007875456503825262
780.0 0.0007464253485522931
781.0 0.0007053054105199408
782.0 0.0007895331691543106
783.0 0.000873761200637091
784.0 0.0008015468665689696
785.0 0.0007293327598745236
786.0 0.0007986808668647427
787.0 0.0008680291102791671
788.0 0.0006644947916356614
789.0 0.0004609604275174206
790.0 0.0006232877694856143
791.0 0.0007856153388274834
792.0 0.0007915238711575512
793.0 0.0007974322215886787
794.0 0.0008115507625916507
795.0 0.0008256693945440929
796.0 0.0006803089945606189
797.0 0.0005349486400518799
798.0 0.0006260344889597036
799.0 0.0007171205197664676
800.0 0.000792447644926142
801.0 0.0008677745427121408
802.0 0.000860034106153762
803.0 0.0008522934876964428
804.0 0.0007535712938988581
805.0 0.0006548491910507437
806.0 0.0007071938853187021
807.0 0.00075953830673825
808.0 0.000704492458680761
809.0 0.0006494463832495967
810.0 0.0006376024430210236
811.0 0.0006257583208935102
812.0 0.0005234862328507006
813.0 0.0004212140538584208
814.0 0.000434905859947321
815.0 0.0004485977115109563
816.0 0.0006162376848806161
817.0 0.0007838778401492164
818.0 0.000649741014058236
819.0 0.0005156039151188452
820.0 0.0005093457275506807
821.0 0.0005030875854572514
822.0 0.0005559877081395825
823.0 0.0006088878308219137
824.0 0.0005215019882598426
825.0 0.00043411587284936104
826.0 0.0004433290087035857
827.0 0.0004525421445578104
828.0 0.00042586248127918225
829.0 0.0003991828180005541
830.0 0.0001542231530038407
831.0 1.609347095692104e-10
832.0 1.609347095692104e-10
833.0 1.609347095692104e-10
834.0 1.609347095692104e-10
835.0 0.00013965490097689326
836.0 0.00017863111452243174
837.0 0.00021760731669928646
838.0 0.0006659493465122068
839.0 0.0011142913535877597
840.0 0.0014569502127415035
841.0 0.0017996091628447175
842.0 0.0020214543837937526
843.0 0.002243300150439609
844.0 0.002368830428167712
845.0 0.002494360705895815
846.0 0.0024909310013754293
847.0 0.0024875012968550436
848.0 0.002508665966161061
849.0 0.0025298306354670785
850.0 0.002212227809650358
851.0 0.0018946248019346967
852.0 0.001617614361748565
853.0 0.001340604285360314
854.0 0.0010992467650794424
855.0 0.0008578890628996305
856.0 0.000660231626170571
857.0 0.00046257396206783596
858.0 0.0004860738954448607
859.0 0.0005095738288218854
860.0 0.0003970693342125742
861.0 0.00028456488507799804
862.0 0.00035291400308778975
863.0 0.00042126307562284637
864.0 0.0002978540805997909
865.0 0.0001744450628393679
866.0 0.00015933929944367264
867.0 0.00014423350194192608
868.0 0.00016286473965010373
869.0 0.00018149595462091384
870.0 0.00010912631296378095
871.0 3.675667130664806e-05
872.0 1.609347095692104e-10
873.0 1.609347095692104e-10
874.0 1.609347095692104e-10
875.0 1.609347095692104e-10
876.0 1.609347095692104e-10
877.0 8.122315193759277e-05
878.0 0.00012600618219948956
879.0 0.00017078921246138634
880.0 0.00011803628012785339
881.0 6.528333074129478e-05
882.0 0.0001441316044292762
883.0 0.00022297986106423195
884.0 0.00010692766636566375
885.0 1.609347095692104e-10
886.0 0.00010079254479933297
887.0 0.00021070966340630548
888.0 0.00021080202259327052
889.0 0.0002108944045176031
890.0 0.00012390943311402225
891.0 3.6924464552612335e-05
892.0 3.2454303688922437e-07
893.0 1.609347095692104e-10
894.0 1.9707974274751905e-05
895.0 7.569133231299929e-05
896.0 5.367385824683879e-05
897.0 3.1656398391533e-05
898.0 0.00010341104825783987
899.0 0.00017516570096631767
900.0 8.666536359669408e-05
901.0 1.609347095692104e-10
