lsstCam/transmission_filter_detector/r34_s00/r_57/19700101T000000.ecsv
# %ECSV 1.0
# ---
# datatype:
# - {name: wavelength, unit: nm, datatype: float32}
# - {name: efficiency, unit: '%', datatype: float64}
# meta: !!omap
# - {MODE: DETECTOR}
# - {TYPE: transmission_filter_detector}
# - {CALIBDATE: '1970-01-01T00:00:00'}
# - {INSTRUME: LSSTCam}
# - {OBSTYPE: transmission_filter_detector}
# - {CALIBCLS: lsst.ip.isr.IntermediateFilterDetectorTransmissionCurve}
# - {SOURCE: Materion (DM-46256)}
# - {DETECTOR: 153}
# - {FILTER: r_57}
# - {CALIB_ID: 'calibDate=1970-01-01T00:00:00 filter=r_57 detector=153'}
# - {DATE: '2025-04-02T15:59:44.893059'}
# - {CALIB_CREATION_DATE: '2025-04-02'}
# - {CALIB_CREATION_TIME: '15:59:44'}
# - __serialized_columns__:
#     efficiency:
#       __class__: astropy.units.quantity.Quantity
#       unit: !astropy.units.Unit {unit: '%'}
#       value: !astropy.table.SerializedColumn {name: efficiency}
#     wavelength:
#       __class__: astropy.units.quantity.Quantity
#       unit: !astropy.units.Unit {unit: nm}
#       value: !astropy.table.SerializedColumn {name: wavelength}
# schema: astropy-2.0
wavelength efficiency
[from data line 603]
903.0 3.064562292820483e-06
904.0 1.609347095692104e-10
905.0 1.609347095692104e-10
906.0 3.737257259217586e-05
907.0 0.00013838271115673706
908.0 0.0001872609232123068
909.0 0.00023613913526787655
910.0 0.00010743181064754026
911.0 1.609347095692104e-10
912.0 3.757014610528131e-05
913.0 9.64158289207262e-05
914.0 7.110062369974912e-05
915.0 4.5785418478772044e-05
916.0 6.521179329865845e-05
917.0 8.46381510655192e-05
918.0 0.00015894509033387294
919.0 0.00023325201254920103
920.0 0.00018869428686230094
921.0 0.00014413656117540086
922.0 0.00017823550706452806
923.0 0.00021233445295365527
924.0 0.00016183411162273842
925.0 0.00011133374755445402
926.0 0.00013315814157977002
927.0 0.00015498249013035093
928.0 0.00013492136758941342
929.0 0.0001148602109424246
930.0 0.00016183478237508098
931.0 0.00020880931970168604
932.0 0.0001487424356128031
933.0 8.867555720826203e-05
934.0 5.747466502725729e-05
935.0 2.6273804110132915e-05
936.0 6.46491059796972e-05
937.0 0.0001030243765853811
938.0 0.00011162571809109068
939.0 0.00012022702549074893
940.0 0.0001333666318714677
941.0 0.00014650617004008382
942.0 0.00026220718609692995
943.0 0.0003779082362598274
944.0 0.0002720775000852882
945.0 0.00016624677527943277
946.0 0.00034825216062017716
947.0 0.0005302576028043404
948.0 0.0004034317498735618
949.0 0.00027660605610435596
950.0 0.00040680788515601307
951.0 0.0005370098278945079
952.0 0.0006344394023471978
953.0 0.0007318692496482981
954.0 0.0008671278919791803
955.0 0.001002386852633208
956.0 0.001167407026514411
957.0 0.001332427200395614
958.0 0.0016240317563642748
959.0 0.0019156363123329356
960.0 0.0020135385057074018
961.0 0.002111440699081868
962.0 0.002304030022060033
963.0 0.0024966191631392576
964.0 0.0024799019229249097
965.0 0.002463184682710562
966.0 0.0024846731321304105
967.0 0.002506161399651319
968.0 0.002452994704071898
969.0 0.0023998281903914176
970.0 0.002428782136121299
971.0 0.002457736263750121
972.0 0.0026035984774352983
973.0 0.0027494610549183562
974.0 0.002959113953693304
975.0 0.003168767216266133
976.0 0.0031313760700868443
977.0 0.003093984560109675
978.0 0.0031272389605874196
979.0 0.0031604929972672835
980.0 0.0031585088436258957
981.0 0.003156524689984508
982.0 0.0031617091735824943
983.0 0.0031668936571804807
984.0 0.0029774657377856784
985.0 0.002788037818390876
986.0 0.0027083060558652505
987.0 0.002628574293339625
988.0 0.0025683280910016038
989.0 0.002508082252461463
990.0 0.002556403160269838
991.0 0.0026047240680782124
992.0 0.00259830012510065
993.0 0.0025918767278199084
994.0 0.0026758028980111703
995.0 0.002759728886303492
996.0 0.002778945963655133
997.0 0.0027981628591078334
998.0 0.00296383132081246
999.0 0.003129499964416027
1000.0 0.0032041694794315845
1001.0 0.003278838994447142
1002.0 0.0034892160329036415
1003.0 0.0036995927075622603
1004.0 0.0037542540667345747
1005.0 0.003808915425906889
1006.0 0.003966052463511005
1007.0 0.004123189864913002
1008.0 0.004133138281758875
1009.0 0.004143087062402628
1010.0 0.004129202716285363
1011.0 0.004115319097763859
1012.0 0.004103154060430825
1013.0 0.004090989023097791
1014.0 0.003935062704840675
1015.0 0.003779136386583559
1016.0 0.0034446602512616664
1017.0 0.0031101841159397736
1018.0 0.0028279682737775147
1019.0 0.0025457527954131365
1020.0 0.0023201304429676384
1021.0 0.0020945082724210806
1022.0 0.0017599953935132362
1023.0 0.0014254825146053918
1024.0 0.0013293093616084661
1025.0 0.0012331362086115405
1026.0 0.001100977351597976
1027.0 0.0009688185855338816
1028.0 0.0009644539204600733
1029.0 0.000960089255386265
1030.0 0.000935887419473147
1031.0 0.0009116856745094992
1032.0 0.0008775747119216248
1033.0 0.0008434637493337505
1034.0 0.0007348313829425024
1035.0 0.0006261987437028438
1036.0 0.0006211505933606531
1037.0 0.0006161023975437274
1038.0 0.0006550834768859204
1039.0 0.0006940644198039081
1040.0 0.0006407650744222337
1041.0 0.0005874657290405594
1042.0 0.0006123157618276309
1043.0 0.0006371656581904972
1044.0 0.0007003844984865282
1045.0 0.0007636033842572942
1046.0 0.0008738701581023633
1047.0 0.000984137204795843
1048.0 0.0008741345482121687
1049.0 0.0007641320735274348
1050.0 0.000879394883668283
1051.0 0.0009946577847586013
1052.0 0.0009761100955074653
1053.0 0.0009575618605595082
1054.0 0.0007903442565293517
1055.0 0.000623126561549725
1056.0 0.0006917089194757864
1057.0 0.0007602911864523776
1058.0 0.0008886529030860402
1059.0 0.0010170144378207624
1060.0 0.0010310621291864663
1061.0 0.0010451095477037597
1062.0 0.0012073939615220297
1063.0 0.001369678011542419
1064.0 0.0011253581760684028
1065.0 0.0008810381586954463
1066.0 0.0012991319636057597
1067.0 0.0017172258594655432
1068.0 0.001850400622060988
1069.0 0.0019835752027574927
1070.0 0.002035872057604138
1071.0 0.0020881690943497233
1072.0 0.0019360168153070845
1073.0 0.0017838643543655053
1074.0 0.002166217200283427
1075.0 0.0025485696824034676
1076.0 0.0029042503228993155
1077.0 0.0032599309633951634
1078.0 0.0034681874240050092
1079.0 0.0036764442484127358
1080.0 0.003960224057664163
1081.0 0.00424400350311771
1082.0 0.004069185888511129
1083.0 0.003894368273904547
1084.0 0.004252510188962333
1085.0 0.004610651376424357
1086.0 0.004517817797022872
1087.0 0.004424983853823505
1088.0 0.004276195613783784
1089.0 0.004127407373744063
1090.0 0.0034134576708311215
1091.0 0.0026995081498171203
1092.0 0.0036359288060339168
1093.0 0.004572349280351773
1094.0 0.004464377707336098
1095.0 0.004356406498118304
1096.0 0.003545485742506571
1097.0 0.0027345653506927192
1098.0 0.00324339562212117
1099.0 0.003752226257347502
1100.0 0.0033747237466741353
1101.0 0.002997220872202888
