lsstCam/transmission_filter_detector/r02_s00/z_20/19700101T000000.ecsv
# %ECSV 1.0
# ---
# datatype:
# - {name: wavelength, unit: nm, datatype: float32}
# - {name: efficiency, unit: '%', datatype: float64}
# meta: !!omap
# - {MODE: DETECTOR}
# - {TYPE: transmission_filter_detector}
# - {CALIBDATE: '1970-01-01T00:00:00'}
# - {INSTRUME: LSSTCam}
# - {OBSTYPE: transmission_filter_detector}
# - {CALIBCLS: lsst.ip.isr.IntermediateFilterDetectorTransmissionCurve}
# - {SOURCE: Materion (DM-46256)}
# - {DETECTOR: 9}
# - {FILTER: z_20}
# - {CALIB_ID: 'calibDate=1970-01-01T00:00:00 filter=z_20 detector=9'}
# - {DATE: '2025-04-02T15:59:48.676258'}
# - {CALIB_CREATION_DATE: '2025-04-02'}
# - {CALIB_CREATION_TIME: '15:59:48'}
# - __serialized_columns__:
#     efficiency:
#       __class__: astropy.units.quantity.Quantity
#       unit: !astropy.units.Unit {unit: '%'}
#       value: !astropy.table.SerializedColumn {name: efficiency}
#     wavelength:
#       __class__: astropy.units.quantity.Quantity
#       unit: !astropy.units.Unit {unit: nm}
#       value: !astropy.table.SerializedColumn {name: wavelength}
# schema: astropy-2.0
wavelength efficiency
300.0 0.8606911636888981
301.0 0.5810384172946215
302.0 0.30138581059873104
303.0 0.291964178904891
304.0 0.282542547211051
305.0 0.24140644818544388
306.0 0.2002703258767724
307.0 0.1815579365938902
308.0 0.16284555895254016
309.0 0.14498585369437933
310.0 0.1271261484362185
311.0 0.1273395144380629
312.0 0.12755290372297168
313.0 0.11064553400501609
314.0 0.09373818174935877
315.0 0.09410388302057981
316.0 0.09446958429180086
317.0 0.07898252224549651
318.0 0.06349547766149044
319.0 0.0634899188298732
320.0 0.06348435999825597
321.0 0.06291398894973099
322.0 0.062343612080439925
323.0 0.05439514061436057
324.0 0.04644666623789817
325.0 0.0433019595220685
326.0 0.04015725280623883
327.0 0.03893362591043115
328.0 0.03770999901462346
329.0 0.03341961128171533
330.0 0.02912922645919025
331.0 0.026887262356467545
332.0 0.024645301164127886
333.0 0.02387462736805901
334.0 0.023103950661607087
335.0 0.021560925233643502
336.0 0.02001790126087144
337.0 0.024067339836619794
338.0 0.02811677404679358
339.0 0.02409450535196811
340.0 0.02007224247790873
341.0 0.016921546193771064
342.0 0.013770852820016444
343.0 0.013581110397353768
344.0 0.013391369429882616
345.0 0.012773206981364638
346.0 0.012155043805250898
347.0 0.011446043936302885
348.0 0.010737044794950634
349.0 0.013280530401971191
350.0 0.015824018919374794
351.0 0.013157956709619612
352.0 0.010491893044672906
353.0 0.011057981464546174
354.0 0.011624072067206725
355.0 0.009906542982207611
356.0 0.008189016079995781
357.0 0.009218807826982811
358.0 0.010248602484352887
359.0 0.009885871259029955
360.0 0.009523140033707023
361.0 0.008724538201931864
362.0 0.00792593855294399
363.0 0.009318623779108748
364.0 0.010711309005273506
365.0 0.010350049706175923
366.0 0.009988794045057148
367.0 0.008731160778552294
368.0 0.00747352751204744
369.0 0.007878126052673906
370.0 0.008282725320896134
371.0 0.00818016123957932
372.0 0.008077598613454029
373.0 0.007090865983627737
374.0 0.006104135536588728
375.0 0.006395375385181978
376.0 0.006686614506179467
377.0 0.006994084833422676
378.0 0.007301553705474362
379.0 0.006224255048437044
380.0 0.005146956391399726
381.0 0.0032479572837473825
382.0 0.0013489582670445088
383.0 0.0035385528462938964
384.0 0.005728147516492754
385.0 0.005500970655702986
386.0 0.005273793794913217
387.0 0.005899534517084248
388.0 0.006525276694446802
389.0 0.005743580550188199
390.0 0.004961885861121118
391.0 0.004651515700970776
392.0 0.004341144813224673
393.0 0.00480076705571264
394.0 0.005260389661998488
395.0 0.004325857662479393
396.0 0.0033913252991624177
397.0 0.0035567343729780987
398.0 0.0037221434467937797
399.0 0.003995043516624719
400.0 0.004267943222657777
401.0 0.004739932774100453
402.0 0.005211922689341009
403.0 0.005043920828029513
404.0 0.004875918966718018
405.0 0.003981384725193493
406.0 0.003086850847466849
407.0 0.0016924204828683287
408.0 0.00029799084586557
409.0 0.0019161654563504271
410.0 0.003534340430633165
411.0 0.004181886470178142
412.0 0.004829432873521
413.0 0.004541241651168093
414.0 0.004253050428815186
415.0 0.003566949089872651
416.0 0.0028808481147279963
417.0 0.003769683462451212
418.0 0.004658519537770189
419.0 0.004233252184349112
420.0 0.0038079855585237965
421.0 0.003542845297488384
422.0 0.003277705400250852
423.0 0.0033471274946350604
424.0 0.003416550680412911
425.0 0.0026152152713621035
426.0 0.0018138802261091769
427.0 0.001925704418681562
428.0 0.0020375289750518277
429.0 0.0012624206647160463
430.0 0.0004873127636528807
431.0 0.0006837958153482759
432.0 0.0008802786396699958
433.0 0.0007565662144770613
434.0 0.0006328540166578023
435.0 0.0012611957572516985
436.0 0.0018895376342698
437.0 0.0018914162865257822
438.0 0.0018932949387817644
439.0 0.002026949186983984
440.0 0.0021606034351862036
441.0 0.001655678715906106
442.0 0.0011507542694744188
443.0 0.0022370670194504783
444.0 0.003323379860376008
445.0 0.003359261972946115
446.0 0.003395144085516222
447.0 0.002532275357225444
448.0 0.0016694066289346665
449.0 0.002377149030508008
450.0 0.00308489179587923
451.0 0.0024854030925780535
452.0 0.0018859140254789963
453.0 0.0017343665604130365
454.0 0.001582819822942838
455.0 0.0023520529794041067
456.0 0.003121286499663256
457.0 0.0022577400159207173
458.0 0.001394193805026589
459.0 0.0015696992704761215
460.0 0.0017452046449761838
461.0 0.0008464974598609842
462.0 1.700506705934468e-10
463.0 0.0009303410479333252
464.0 0.0019128921849187464
465.0 0.0022127882402855903
466.0 0.002512684659450315
467.0 0.0021749898223788477
468.0 0.0018372942577116191
469.0 0.001667039396124892
470.0 0.0014967845345381647
471.0 0.0013544870853365865
472.0 0.001212189999932889
473.0 0.001247502223122865
474.0 0.001282814446312841
475.0 0.0011224879926885478
476.0 0.0009621614481147844
477.0 0.001318808426731266
478.0 0.0016754551324993372
479.0 0.001972953941731248
480.0 0.0022704525690642186
481.0 0.001834137219702825
482.0 0.0013978218703414313
483.0 0.0008815753062663134
484.0 0.00036532867397909286
485.0 0.0012016846085316502
486.0 0.002038040656771045
487.0 0.0014764425031899009
488.0 0.0009148443496087566
489.0 0.001647191311349161
490.0 0.0023795384549885057
491.0 0.0022474141587736085
492.0 0.0021152900444576517
493.0 0.001957291897269897
494.0 0.0017992941138800234
495.0 0.0015684716345276684
496.0 0.0013376493370742537
497.0 0.0012678779057750944
498.0 0.0011981067473243456
499.0 0.0012970937859790865
500.0 0.0013960811884317081
501.0 0.0009111552571994253
502.0 0.00042622891669452656
503.0 0.0012490488188632298
504.0 0.002071868584607728
505.0 0.0022485202862299047
506.0 0.0024251719878520817
507.0 0.0022618225557380356
508.0 0.0020984725779271685
509.0 0.0018119315427611582
510.0 0.0015253908713930286
511.0 0.001186008557851892
512.0 0.0008466261533612851
513.0 0.0012876346772827674
514.0 0.0017286434740526602
515.0 0.0012949017218488734
516.0 0.0008611603334429674
517.0 0.00086058198576211
518.0 0.0008600037290307228
519.0 0.0010935175851045642
520.0 0.0013270314411784057
521.0 0.0016817768482724205
522.0 0.0020365223463159055
523.0 0.0014113667930359952
524.0 0.000786211239756085
525.0 0.0007661355994059704
526.0 0.0007460599135811208
527.0 0.0011341772733430844
528.0 0.0015222950423776638
529.0 0.0013259272236609831
530.0 0.0011295588592474815
531.0 0.0011438179171818774
532.0 0.0011580768841668032
533.0 0.0008515356967109255
534.0 0.000544994554729783
535.0 0.0011445267773524392
536.0 0.0017440590454498306
537.0 0.0016764215615694411
538.0 0.0016087838957901113
539.0 0.0011673304470605217
540.0 0.0007258766800077865
541.0 0.0007600855497003067
542.0 0.0007942946467665024
543.0 0.0012157408491475508
544.0 0.0016371872334275395
545.0 0.0010879785804718267
546.0 0.0005387702458392596
547.0 0.0012357692867226433
548.0 0.0019327677364344709
549.0 0.0017182215742650442
550.0 0.0015036749573482666
551.0 0.0015560326573904604
552.0 0.0016083900845842436
553.0 0.0012956875252712052
554.0 0.0009829847840592265
555.0 0.00094611796157551
556.0 0.0009092513209907338
557.0 0.0013033964933129027
558.0 0.0016975414837361313
559.0 0.0017116704839281738
560.0 0.0017257989384233952
561.0 0.0015610237824148498
562.0 0.0013962485354568344
563.0 0.0011958115464949515
564.0 0.0009953745575330686
565.0 0.0018127690054825507
566.0 0.0026301637262804434
567.0 0.002958521326945629
568.0 0.003286878563812934
569.0 0.0030196275474736467
570.0 0.002752376349235419
571.0 0.0026099356546183117
572.0 0.0024674945962033235
573.0 0.0019856126527884044
574.0 0.0015037308003229555
575.0 0.0019137936760671437
576.0 0.0023238568246597424
577.0 0.0019626630091806874
578.0 0.0016014697393984534
579.0 0.0016948330085142516
580.0 0.0017881960957311094
581.0 0.0016069239791249856
582.0 0.0014256520444178022
583.0 0.0018630096747074276
584.0 0.0023003674868959934
585.0 0.0025217654183506966
586.0 0.00274316353170434
587.0 0.002142598714272026
588.0 0.0015420331692439504
589.0 0.002189865699619986
590.0 0.002837698229996022
591.0 0.0019177046851837076
592.0 0.0009977111403713934
593.0 0.0008007531505427323
594.0 0.0006037949788151309
595.0 0.0010461411875439808
596.0 0.0014884872143738903
597.0 0.0013785162082058378
598.0 0.001268545111088315
599.0 0.0008539816008124035
600.0 0.0004394182269606972
601.0 0.000464855247628293
602.0 0.0004902921773464186
603.0 0.0009692137609818019
604.0 0.0014481350262940396
605.0 0.0009273473551729694
606.0 0.0004065593657287536
607.0 0.0007588834705529734
608.0 0.0011112075299024582
609.0 0.0011535766134329606
610.0 0.0011959454241150524
611.0 0.0010455623851157725
612.0 0.000895179073268082
613.0 0.0008376327059522737
614.0 0.0007800864295859355
615.0 0.001205750959343277
616.0 0.0016314159438479692
617.0 0.0021566425857599825
618.0 0.0026818692276719958
619.0 0.0022345278921420686
620.0 0.0017871861928142607
621.0 0.0014834568901278544
622.0 0.0011797272236435674
623.0 0.0015307872672565281
624.0 0.0018818471289705485
625.0 0.0016565330952289514
626.0 0.0014312192433862947
627.0 0.0018520895537221804
628.0 0.0022729605916538276
629.0 0.0020595878595486283
630.0 0.001846215127443429
631.0 0.001650938247621525
632.0 0.001455661276850151
633.0 0.0017554906662553549
634.0 0.0020553205104079098
635.0 0.005073406282463111
636.0 0.00809149132692255
637.0 0.015393724606838077
638.0 0.022695958614349365
639.0 0.01972126920009032
640.0 0.016746576875448227
641.0 0.014518287207465619
642.0 0.01229000190505758
643.0 0.009803407738218084
644.0 0.007316815754165873
645.0 0.006645802932325751
646.0 0.00597479083808139
647.0 0.005464331479743123
648.0 0.004953871393809095
649.0 0.0040581770008429885
650.0 0.0031624829716747627
651.0 0.0035818826290778816
652.0 0.004001282650278881
653.0 0.0032611955248285085
654.0 0.0025211082174791954
655.0 0.0027465770472190343
656.0 0.0029720466045546345
657.0 0.002882895205402747
658.0 0.0027937434424529783
659.0 0.00263077236013487
660.0 0.0024678014597157016
661.0 0.0026326728402636945
662.0 0.0027975436751148663
663.0 0.001936592161655426
664.0 0.0010756407391454559
665.0 0.0015633604562026449
666.0 0.0020510806280071847
667.0 0.002369359754084144
668.0 0.002687638880161103
669.0 0.0019286710084998049
670.0 0.0011697033187374473
671.0 0.0008987282853922807
672.0 0.0006277532975218492
673.0 0.0012980007340956945
674.0 0.0019682483980432153
675.0 0.002085692176478915
676.0 0.002203135773015674
677.0 0.001979633088922128
678.0 0.001756129859131761
679.0 0.0014110360098129604
680.0 0.0010659420695446897
681.0 0.0011609226021391805
682.0 0.0012559031347336713
683.0 0.0023774413421051577
684.0 0.003498979640426114
685.0 0.002869669879146386
686.0 0.0022403604816645384
687.0 0.0016616369975963607
688.0 0.001082913422578713
689.0 0.0014316059605334885
690.0 0.0017802980437409133
691.0 0.002143043457181193
692.0 0.002505788506823592
693.0 0.0028406468118191697
694.0 0.0031755051168147475
695.0 0.003317970549687743
696.0 0.003460435618762858
697.0 0.00373391667380929
698.0 0.004007397728855722
699.0 0.0059090936701977625
700.0 0.007810789975337684
701.0 0.007328446372412145
702.0 0.006846101314295083
703.0 0.006301887333393097
704.0 0.005757673716288991
705.0 0.005154530663276091
706.0 0.004551387610263191
707.0 0.004302379238652065
708.0 0.004053370503243059
709.0 0.00423385645262897
710.0 0.004414342038217001
711.0 0.003973493949160911
712.0 0.003532646587700583
713.0 0.0025392630050191656
714.0 0.0015458794223377481
715.0 0.0022229645765037276
716.0 0.0029000493668718264
717.0 0.0025142060621874407
718.0 0.0021283623937051743
719.0 0.0016763769963290542
720.0 0.001224391053256113
721.0 0.001160995634563733
722.0 0.0010976000339724123
723.0 0.0009918029718392063
724.0 0.0008860058187565301
725.0 0.001266273557121167
726.0 0.001646541386435274
727.0 0.0017414644389646128
728.0 0.0018363873095950112
729.0 0.0018352462575421669
730.0 0.0018341050235903822
731.0 0.0013239232430350967
732.0 0.0008137416443787515
733.0 0.0009034200047608465
734.0 0.000993098092294531
735.0 0.0010756380106613506
736.0 0.0011581777471292298
737.0 0.001343410895060515
738.0 0.0015286437701433897
739.0 0.0011479260138003156
740.0 0.0007672081665077712
741.0 0.0009915028385876212
742.0 0.0012157976016169414
743.0 0.0015678024283261038
744.0 0.0019198072550352663
745.0 0.0012995334145671222
746.0 0.000679259483149508
747.0 0.0011759836525015999
748.0 0.0016727077309042215
749.0 0.0022921263735042885
750.0 0.0029115450161043555
751.0 0.0029589802579721436
752.0 0.003006415681738872
753.0 0.0029582373826997355
754.0 0.002910059265559539
755.0 0.0019114782844553702
756.0 0.0009128970305027906
757.0 0.0018619401089381427
758.0 0.0028109834602219053
759.0 0.0027117052013636567
760.0 0.0026124267606064677
761.0 0.004570173041429371
762.0 0.006527917867060751
763.0 0.005888153100386262
764.0 0.005248387606116012
765.0 0.005212111864238977
766.0 0.005175835758564062
767.0 0.004528934005065821
768.0 0.003882031887769699
769.0 0.003527043736539781
770.0 0.0031720566767035052
771.0 0.0039721537177683786
772.0 0.004772251122631133
773.0 0.0040370243368670344
774.0 0.0033017975511029363
775.0 1.700506705934468e-10
776.0 1.700506705934468e-10
777.0 0.036981338053010404
778.0 1.700506705934468e-10
779.0 1.700506705934468e-10
780.0 1.700506705934468e-10
781.0 0.13091081054881215
782.0 0.09929208317771554
783.0 0.05786999245174229
784.0 1.700506705934468e-10
785.0 0.02016587386606261
786.0 0.032112098415382206
787.0 1.700506705934468e-10
788.0 0.08580555440858006
789.0 0.09779712418094277
790.0 1.700506705934468e-10
791.0 0.10785070480778813
792.0 0.09558266610838473
793.0 0.16007361700758338
794.0 1.700506705934468e-10
795.0 1.700506705934468e-10
796.0 0.10688201291486621
797.0 0.04707965417765081
798.0 0.20573248621076345
799.0 0.2373564289882779
800.0 0.413890415802598
801.0 0.6784235592931509
802.0 1.225354615598917
803.0 1.9601067528128624
804.0 3.0901826918125153
805.0 4.437432065606117
806.0 6.498316675424576
807.0 8.858735859394073
808.0 11.586053669452667
809.0 14.76452648639679
810.0 17.993734776973724
811.0 21.074822545051575
812.0 24.343547224998474
813.0 28.254401683807373
814.0 32.65387415885925
815.0 38.251954317092896
816.0 44.13403868675232
817.0 50.708889961242676
818.0 57.355695962905884
819.0 64.26677107810974
820.0 72.08377718925476
821.0 78.96002531051636
822.0 83.9609444141388
823.0 88.26522827148438
824.0 92.05629229545593
825.0 95.04054188728333
826.0 96.6978669166565
827.0 97.95284271240234
828.0 99.02058839797974
829.0 99.25097227096558
830.0 98.43574166297913
831.0 98.8020658493042
832.0 98.12146425247192
833.0 98.96992444992065
834.0 98.15096259117126
835.0 99.07892942428589
836.0 99.05772805213928
837.0 99.05796647071838
838.0 97.93643355369568
839.0 98.05217981338501
840.0 98.44231605529785
841.0 99.48397874832153
842.0 99.0100085735321
843.0 99.55993294715881
844.0 98.35951328277588
845.0 98.4418272972107
846.0 98.61760139465332
847.0 98.79090785980225
848.0 99.47882890701294
849.0 98.46595525741577
850.0 98.16761612892151
851.0 99.16293025016785
852.0 98.91625642776489
853.0 98.49455952644348
854.0 99.78179931640625
855.0 98.48911166191101
856.0 98.98789525032043
857.0 98.12988638877869
858.0 98.35947751998901
859.0 99.1881251335144
860.0 98.24240207672119
861.0 98.67873191833496
862.0 99.14253950119019
863.0 98.08716773986816
864.0 99.37723278999329
865.0 99.80021715164185
866.0 98.6347496509552
867.0 99.50032234191895
868.0 99.45625066757202
869.0 98.65989089012146
870.0 98.01685810089111
871.0 98.44501614570618
872.0 99.36606884002686
873.0 99.05018210411072
874.0 99.75027441978455
875.0 98.90156984329224
876.0 98.95020127296448
877.0 99.39034581184387
878.0 98.76428842544556
879.0 98.25910925865173
880.0 98.35572838783264
881.0 99.76996183395386
882.0 98.82476329803467
883.0 98.7902283668518
884.0 98.81062507629395
885.0 99.01424646377563
886.0 98.41290712356567
887.0 98.20563793182373
888.0 99.03120994567871
889.0 99.42176938056946
890.0 98.24830293655396
891.0 99.46375489234924
892.0 98.79286885261536
893.0 98.3957290649414
894.0 97.97348380088806
895.0 99.0274965763092
