lsstCam/transmission_filter_detector/r02_s00/z_20/19700101T000000.ecsv
# %ECSV 1.0
# ---
# datatype:
# - {name: wavelength, unit: nm, datatype: float32}
# - {name: efficiency, unit: '%', datatype: float64}
# meta: !!omap
# - {MODE: DETECTOR}
# - {TYPE: transmission_filter_detector}
# - {CALIBDATE: '1970-01-01T00:00:00'}
# - {INSTRUME: LSSTCam}
# - {OBSTYPE: transmission_filter_detector}
# - {CALIBCLS: lsst.ip.isr.IntermediateFilterDetectorTransmissionCurve}
# - {SOURCE: Materion (DM-46256)}
# - {DETECTOR: 9}
# - {FILTER: z_20}
# - {CALIB_ID: 'calibDate=1970-01-01T00:00:00 filter=z_20 detector=9'}
# - {DATE: '2025-04-02T15:59:48.676258'}
# - {CALIB_CREATION_DATE: '2025-04-02'}
# - {CALIB_CREATION_TIME: '15:59:48'}
# - __serialized_columns__:
#     efficiency:
#       __class__: astropy.units.quantity.Quantity
#       unit: !astropy.units.Unit {unit: '%'}
#       value: !astropy.table.SerializedColumn {name: efficiency}
#     wavelength:
#       __class__: astropy.units.quantity.Quantity
#       unit: !astropy.units.Unit {unit: nm}
#       value: !astropy.table.SerializedColumn {name: wavelength}
# schema: astropy-2.0
wavelength efficiency
[from data line 597]
897.0 99.04974699020386
898.0 99.12056922912598
899.0 98.47866296768188
900.0 98.43987822532654
901.0 99.05107617378235
902.0 99.20238852500916
903.0 98.56532216072083
904.0 97.93496131896973
905.0 98.4998106956482
906.0 97.89403080940247
907.0 98.59508872032166
908.0 98.02520275115967
909.0 98.27828407287598
910.0 97.91924357414246
911.0 96.76758646965027
912.0 95.8435595035553
913.0 94.86991167068481
914.0 92.22966432571411
915.0 89.84115719795227
916.0 87.77227401733398
917.0 86.31181716918945
918.0 82.91319608688354
919.0 81.66285753250122
920.0 78.40229868888855
921.0 74.38110709190369
922.0 69.84836459159851
923.0 63.39166760444641
924.0 58.113640546798706
925.0 52.59134769439697
926.0 46.31722867488861
927.0 39.06523883342743
928.0 32.84893333911896
929.0 26.514068245887756
930.0 21.039612591266632
931.0 15.909779071807861
932.0 10.603265464305878
933.0 6.867828220129013
934.0 4.131915792822838
935.0 2.5695346295833588
936.0 1.5152588486671448
937.0 0.9857128374278545
938.0 0.628828490152955
939.0 0.2030000789090991
940.0 0.19925476517528296
941.0 0.007425943476846442
942.0 0.08508288883604109
943.0 0.011027391155948862
944.0 0.0434469198808074
945.0 0.009638824849389493
946.0 1.700506705934468e-10
947.0 1.700506705934468e-10
948.0 1.700506705934468e-10
949.0 1.700506705934468e-10
950.0 1.700506705934468e-10
951.0 0.007970533624757081
952.0 0.08580370340496302
953.0 0.11302673956379294
954.0 0.14803813537582755
955.0 1.700506705934468e-10
956.0 1.700506705934468e-10
957.0 0.007584934792248532
958.0 1.700506705934468e-10
959.0 0.022491157869808376
960.0 0.05873063928447664
961.0 1.700506705934468e-10
962.0 1.700506705934468e-10
963.0 1.700506705934468e-10
964.0 0.03801197453867644
965.0 0.043016005656681955
966.0 1.700506705934468e-10
967.0 1.700506705934468e-10
968.0 0.06112790433689952
969.0 0.02703347709029913
970.0 1.700506705934468e-10
971.0 0.009312660404248163
972.0 0.051570386858657
973.0 1.700506705934468e-10
974.0 1.700506705934468e-10
975.0 1.700506705934468e-10
976.0 0.0061789280152879655
977.0 0.006196422327775508
978.0 0.0062139195506460965
979.0 0.006008788113831542
980.0 0.005803655585623346
981.0 0.005622775279334746
982.0 0.005441895700641908
983.0 0.005396553024183959
984.0 0.00535121034772601
985.0 0.00515505307703279
986.0 0.004958895442541689
987.0 0.004917855767416768
988.0 0.004876816092291847
989.0 0.004768345388583839
990.0 0.004659875412471592
991.0 0.004739737050840631
992.0 0.0048195990530075505
993.0 0.004808838275494054
994.0 0.004798076770384796
995.0 0.004750870357383974
996.0 0.0047036643081810325
997.0 0.0044971093302592635
998.0 0.004290553988539614
999.0 0.00426097321906127
1000.0 0.004231392085785046
1001.0 0.004412724956637248
1002.0 0.00459405746369157
1003.0 0.004522321978583932
1004.0 0.004450586857274175
1005.0 0.004294973041396588
1006.0 0.0041393592255190015
1007.0 0.004201293995720334
1008.0 0.004263228765921667
1009.0 0.004332697790232487
1010.0 0.0044021671783411875
1011.0 0.004438708128873259
1012.0 0.00447524907940533
1013.0 0.004368511508801021
1014.0 0.0042617735743988305
1015.0 0.004393931158119813
1016.0 0.004526088378042914
1017.0 0.004824788993573748
1018.0 0.005123489609104581
1019.0 0.004893339064437896
1020.0 0.00466318815597333
1021.0 0.0047197347157634795
1022.0 0.004776281275553629
1023.0 0.004593368066707626
1024.0 0.0044104544940637425
1025.0 0.004609252937370911
1026.0 0.00480805138067808
1027.0 0.004717234332929365
1028.0 0.004626417285180651
1029.0 0.004639083272195421
1030.0 0.004651749623008072
1031.0 0.00469675287604332
1032.0 0.004741755765280686
1033.0 0.004831570549868047
1034.0 0.00492138642584905
1035.0 0.005060455805505626
1036.0 0.0051995251851622015
1037.0 0.005244070052867755
1038.0 0.005288614556775428
1039.0 0.005292479545460083
1040.0 0.005296344534144737
1041.0 0.005701903864974156
1042.0 0.006107463559601456
1043.0 0.00556329068785999
1044.0 0.0050191178161185235
1045.0 0.005785869507235475
1046.0 0.006552620470756665
1047.0 0.006201737414812669
1048.0 0.00585085253987927
1049.0 0.005990584031678736
1050.0 0.006130315159680322
1051.0 0.0064714637119323015
1052.0 0.0068126144469715655
1053.0 0.006831233622506261
1054.0 0.006849852798040956
1055.0 0.007566646672785282
1056.0 0.008283439819933847
1057.0 0.008009224984562024
1058.0 0.007735010876785964
1059.0 0.007710361387580633
1060.0 0.00768571044318378
1061.0 0.008293207065435126
1062.0 0.008900704415282235
1063.0 0.00882780586834997
1064.0 0.008754908049013466
1065.0 0.008857665670802817
1066.0 0.008960426202975214
1067.0 0.009040380973601714
1068.0 0.009120337927015498
1069.0 0.010142126848222688
1070.0 0.011163915769429877
1071.0 0.010835508874151856
1072.0 0.010507101251278073
1073.0 0.010697013203753158
1074.0 0.010886924428632483
1075.0 0.011446901044109836
1076.0 0.012006880569970235
1077.0 0.012080594024155289
1078.0 0.012154308205936104
1079.0 0.013058345939498395
1080.0 0.013962385128252208
1081.0 0.013983187091071159
1082.0 0.014003993419464678
1083.0 0.013820503954775631
1084.0 0.013637014490086585
1085.0 0.01405758666805923
1086.0 0.01447816175641492
1087.0 0.01451894931960851
1088.0 0.014559739793185145
1089.0 0.016157649224624038
1090.0 0.01775555865606293
1091.0 0.017594784731045365
1092.0 0.01743400498526171
1093.0 0.01728317147353664
1094.0 0.01713233650662005
1095.0 0.018373750208411366
1096.0 0.019615166820585728
1097.0 0.019853448611684144
1098.0 0.020091731857974082
1099.0 0.02208011574111879
1100.0 0.02406849671388045
1101.0 0.0241270026890561
1102.0 0.024185508664231747
1103.0 0.02569158677943051
1104.0 0.027197663439437747
1105.0 0.026999408146366477
1106.0 0.026801155763678253
1107.0 0.027666622190736234
1108.0 0.028532088617794216
1109.0 0.03008577332366258
1110.0 0.03163945802953094
1111.0 0.03197446640115231
1112.0 0.03230947477277368
1113.0 0.033643594360910356
1114.0 0.034977716859430075
1115.0 0.03419607237447053
1116.0 0.03341442788951099
1117.0 0.03382238792255521
1118.0 0.03423034504521638
1119.0 0.03680963418446481
1120.0 0.03938891750294715
1121.0 0.04143087426200509
1122.0 0.043472833931446075
1123.0 0.04360797174740583
1124.0 0.043743112473748624
1125.0 0.044244236778467894
1126.0 0.04474536108318716
1127.0 0.04876365710515529
1128.0 0.05278195603750646
1129.0 0.055983010679483414
1130.0 0.059184065321460366
1131.0 0.05926872254349291
1132.0 0.05935337394475937
1133.0 0.06302721449173987
1134.0 0.06670105503872037
1135.0 0.06417419062927365
1136.0 0.06164732621982694
1137.0 0.06831628270447254
1138.0 0.07498524500988424
1139.0 0.0797957880422473
1140.0 0.0846062961500138
1141.0 0.09222024236805737
1142.0 0.09983417112380266
1143.0 0.11778799816966057
1144.0 0.13574179029092193
1145.0 0.26554104406386614
1146.0 0.3953403327614069
1147.0 0.8243237622082233
1148.0 1.253307145088911
1149.0 1.4312845654785633
1150.0 1.6092630103230476
