lsstCam/transmission_filter_detector/r20_s20/g_6/19700101T000000.ecsv
# %ECSV 1.0
# ---
# datatype:
# - {name: wavelength, unit: nm, datatype: float32}
# - {name: efficiency, unit: '%', datatype: float64}
# meta: !!omap
# - {MODE: DETECTOR}
# - {TYPE: transmission_filter_detector}
# - {CALIBDATE: '1970-01-01T00:00:00'}
# - {INSTRUME: LSSTCam}
# - {OBSTYPE: transmission_filter_detector}
# - {CALIBCLS: lsst.ip.isr.IntermediateFilterDetectorTransmissionCurve}
# - {SOURCE: Materion (DM-46256)}
# - {DETECTOR: 78}
# - {FILTER: g_6}
# - {CALIB_ID: 'calibDate=1970-01-01T00:00:00 filter=g_6 detector=78'}
# - {DATE: '2025-04-02T15:59:42.389500'}
# - {CALIB_CREATION_DATE: '2025-04-02'}
# - {CALIB_CREATION_TIME: '15:59:42'}
# - __serialized_columns__:
#     efficiency:
#       __class__: astropy.units.quantity.Quantity
#       unit: !astropy.units.Unit {unit: '%'}
#       value: !astropy.table.SerializedColumn {name: efficiency}
#     wavelength:
#       __class__: astropy.units.quantity.Quantity
#       unit: !astropy.units.Unit {unit: nm}
#       value: !astropy.table.SerializedColumn {name: wavelength}
# schema: astropy-2.0
wavelength efficiency
300.0 0.4105104133486748
301.0 0.33128748182207346
302.0 0.25206455029547215
303.0 0.23447074927389622
304.0 0.2168769482523203
305.0 0.21684595849364996
306.0 0.21681496873497963
307.0 0.21790198516100645
308.0 0.2189889783039689
309.0 0.21328714210540056
310.0 0.20758530590683222
311.0 0.2035252982750535
312.0 0.19946526736021042
313.0 0.19064039224758744
314.0 0.1818154938519001
315.0 0.17830709693953395
316.0 0.17479871166869998
317.0 0.17230022931471467
318.0 0.1698017818853259
319.0 0.15908221248537302
320.0 0.14836264308542013
321.0 0.1397668500430882
322.0 0.13117105700075626
323.0 0.11798683553934097
324.0 0.10480261407792568
325.0 0.09273188188672066
326.0 0.08066114387474954
327.0 0.0718549417797476
328.0 0.06304873968474567
329.0 0.061282358365133405
330.0 0.05951598286628723
331.0 0.05425761919468641
332.0 0.048999255523085594
333.0 0.04654853546526283
334.0 0.04409781249705702
335.0 0.04235892265569419
336.0 0.04062002990394831
337.0 0.04111342423129827
338.0 0.04160681855864823
339.0 0.04050376592203975
340.0 0.03940071037504822
341.0 0.03752392076421529
342.0 0.03564713115338236
343.0 0.03228954446967691
344.0 0.02893196069635451
345.0 0.025729756453074515
346.0 0.02252755220979452
347.0 0.02101523132296279
348.0 0.019502908980939537
349.0 0.017919341917149723
350.0 0.7623912300914526
351.0 0.971407163888216
352.0 0.8644326590001583
353.0 0.963329803198576
354.0 0.6351402960717678
355.0 0.8759446442127228
356.0 0.6677069701254368
357.0 0.6902632769197226
358.0 0.5209904164075851
359.0 0.8515765890479088
360.0 0.49308505840599537
361.0 0.8028949610888958
362.0 0.5389515776187181
363.0 0.594684761017561
364.0 0.575176952406764
365.0 0.5846275016665459
366.0 0.36810263991355896
367.0 0.6536802276968956
368.0 0.4728228785097599
369.0 0.5672071129083633
370.0 0.5264617037028074
371.0 0.5617745220661163
372.0 0.3192645497620106
373.0 0.6343443412333727
374.0 0.3861244535073638
375.0 0.5258886609226465
376.0 0.3361576935276389
377.0 0.4983610473573208
378.0 0.37717875093221664
379.0 0.4886070266366005
380.0 0.3836033632978797
381.0 0.5220972467213869
382.0 0.5824472289532423
383.0 0.5462116096168756
384.0 0.5539465229958296
385.0 0.5506315734237432
386.0 0.6750319618731737
387.0 0.7264666724950075
388.0 0.9606913663446903
389.0 1.2734778225421906
390.0 1.8412841483950615
391.0 2.9108546674251556
392.0 4.636423289775848
393.0 7.324294745922089
394.0 11.062858998775482
395.0 15.994466841220856
396.0 22.177444398403168
397.0 29.944783449172974
398.0 38.74356746673584
399.0 48.31210970878601
400.0 57.64724016189575
401.0 66.5517508983612
402.0 74.5357871055603
403.0 81.02095127105713
404.0 85.68401336669922
405.0 89.09997344017029
406.0 90.90036749839783
407.0 92.38474369049072
408.0 93.24544072151184
409.0 93.50342154502869
410.0 93.63152980804443
411.0 93.46802830696106
412.0 93.11120510101318
413.0 92.87304878234863
414.0 92.72980093955994
415.0 92.96247363090515
416.0 93.38104724884033
417.0 93.70143413543701
418.0 94.2383348941803
419.0 94.8004961013794
420.0 95.24982571601868
421.0 95.8042562007904
422.0 95.91408967971802
423.0 96.15345001220703
424.0 95.95799446105957
425.0 95.78603506088257
426.0 95.77572345733643
427.0 95.76581120491028
428.0 95.64048051834106
429.0 95.47314643859863
430.0 95.35607695579529
431.0 95.41867971420288
432.0 95.53983807563782
433.0 95.59048414230347
434.0 95.65750360488892
435.0 95.77643275260925
436.0 95.80322504043579
437.0 95.79002261161804
438.0 95.85738778114319
439.0 95.93700766563416
440.0 95.96015214920044
441.0 96.11196517944336
442.0 96.03834748268127
443.0 95.98074555397034
444.0 95.89011073112488
445.0 95.61833143234253
446.0 95.51700353622437
447.0 95.28168439865112
448.0 95.38763761520386
449.0 95.58280110359192
450.0 95.84316611289978
451.0 96.0256040096283
452.0 96.24146223068237
453.0 96.38731479644775
454.0 96.40653133392334
455.0 96.68084383010864
456.0 96.768319606781
457.0 96.9422996044159
458.0 96.91973924636841
459.0 96.93290591239929
460.0 96.93305492401123
461.0 97.04439043998718
462.0 96.93620800971985
463.0 96.85356020927429
464.0 96.95096611976624
465.0 96.85829877853394
466.0 96.83899879455566
467.0 96.83495759963989
468.0 96.90300226211548
469.0 96.945720911026
470.0 96.74965739250183
471.0 96.64204716682434
472.0 96.68191075325012
473.0 96.61431908607483
474.0 96.53642773628235
475.0 96.59605026245117
476.0 96.6198742389679
477.0 96.6895341873169
478.0 96.82547450065613
479.0 96.80496454238892
480.0 96.96842432022095
481.0 97.02824354171753
482.0 97.24162220954895
483.0 97.12128639221191
484.0 97.32703566551208
485.0 97.32942581176758
486.0 97.3581850528717
487.0 97.38316535949707
488.0 97.38370776176453
489.0 97.51501679420471
490.0 97.4671721458435
491.0 97.55757451057434
492.0 97.49187231063843
493.0 97.51171469688416
494.0 97.44066596031189
495.0 97.52151370048523
496.0 97.35098481178284
497.0 97.25422859191895
498.0 97.06283211708069
499.0 97.13372588157654
500.0 97.08995819091797
501.0 97.08001017570496
502.0 96.97902798652649
503.0 97.13460206985474
504.0 96.97032570838928
505.0 96.97627425193787
506.0 96.96990847587585
507.0 96.92927598953247
508.0 96.93437218666077
509.0 96.92678451538086
510.0 96.88793420791626
511.0 96.88137173652649
512.0 96.78138494491577
513.0 96.87832593917847
514.0 96.81650996208191
515.0 96.90577387809753
516.0 97.01148867607117
517.0 96.97442650794983
518.0 97.06990718841553
519.0 97.08226919174194
520.0 97.11737036705017
521.0 97.22583293914795
522.0 97.22442030906677
523.0 97.20835089683533
524.0 97.15853333473206
525.0 97.13022112846375
526.0 97.24981784820557
527.0 97.23381996154785
528.0 97.31854796409607
529.0 97.36760258674622
530.0 97.37765192985535
531.0 97.48887419700623
532.0 97.3863422870636
533.0 97.34759330749512
534.0 97.30368256568909
535.0 97.1076488494873
536.0 96.65164947509766
537.0 95.97387313842773
538.0 95.13646960258484
539.0 93.52130889892578
540.0 91.58912301063538
541.0 88.66580724716187
542.0 85.6294572353363
543.0 81.66203498840332
544.0 76.77168250083923
545.0 72.48185873031616
546.0 67.49966144561768
547.0 63.018691539764404
548.0 58.70155692100525
549.0 54.96821999549866
550.0 52.123063802719116
551.0 49.34974014759064
552.0 47.133585810661316
553.0 44.59271728992462
554.0 41.46314263343811
555.0 37.879785895347595
556.0 33.18742513656616
557.0 27.90510356426239
558.0 22.356048226356506
559.0 17.077623307704926
560.0 12.237245589494705
561.0 7.990892976522446
562.0 4.925848543643951
563.0 2.7762562036514282
564.0 1.4625536277890205
565.0 0.6926661357283592
566.0 0.38342843763530254
567.0 0.2000350272282958
568.0 0.13144105905666947
569.0 0.08043962880037725
570.0 0.07335227564908564
571.0 0.048540995339863
572.0 0.045945076271891594
573.0 0.03303997800685465
574.0 0.03662525850813836
575.0 0.02830070734489709
576.0 0.02468722523190081
577.0 0.028525141533464193
578.0 0.02745533420238644
579.0 0.02169174695154652
580.0 0.027094778488390148
581.0 0.018661824287846684
582.0 0.01845711376518011
583.0 0.013309727364685386
584.0 0.02898910897783935
585.0 0.011475969949970022
586.0 0.011019395606126636
587.0 0.013896891323383898
588.0 0.01478946505812928
589.0 0.014129113696981221
590.0 0.01700406428426504
591.0 0.005589291322394274
592.0 0.01017281538224779
593.0 0.0031295596272684634
594.0 0.004180131509201601
595.0 0.008378372149309143
596.0 0.011847077257698402
597.0 0.006556334119522944
598.0 0.0040060695027932525
599.0 0.009974581917049363
600.0 0.007501300569856539
601.0 0.0020345416487543844
602.0 0.0020792738723685034
603.0 0.002124005914083682
604.0 0.002000802123802714
605.0 0.001877598333521746
606.0 0.001938945752044674
607.0 0.002000293170567602
608.0 0.0017630340153118595
609.0 0.0015257746781571768
610.0 0.0017039863450918347
611.0 0.0018821980120264925
612.0 0.0017925909560290165
613.0 0.0017029835362336598
614.0 0.0017158385162474588
615.0 0.0017286934962612577
616.0 0.0016412543118349276
617.0 0.001553814763610717
618.0 0.0015701492884545587
619.0 0.0015864843589952216
620.0 0.0015935076589812525
621.0 0.001600531322765164
622.0 0.0014115731573838275
623.0 0.0012226148101035506
624.0 0.0012701130799541716
625.0 0.001317611622653203
626.0 0.0013269126611703541
627.0 0.0013362138815864455
628.0 0.0013620269783132244
629.0 0.0013878402569389436
630.0 0.001348060141026508
631.0 0.001308279752265662
632.0 0.001374635030515492
633.0 0.001440990308765322
634.0 0.00135963937282213
635.0 0.0012782882549799979
636.0 0.00129220161397825
637.0 0.0013061151548754424
638.0 0.0012187931133667007
639.0 0.0011314711628074292
640.0 0.001084413906937698
641.0 0.0010373564691690262
642.0 0.0011626806553977076
643.0 0.001288004841626389
644.0 0.0011975689631071873
645.0 0.001107133266486926
646.0 0.0011462965630926192
647.0 0.0011854598596983124
648.0 0.001208373396366369
649.0 0.0012312867511354852
650.0 0.0012094148587493692
651.0 0.001187542966363253
652.0 0.0011831596566480584
653.0 0.0011787766197812743
654.0 0.0011208354408154264
655.0 0.0010628946256474592
656.0 0.0010587144060991704
657.0 0.0010545342775003519
658.0 0.0010605107490846422
659.0 0.001066487493517343
660.0 0.0010194365131610539
661.0 0.000972385623754235
662.0 0.001078795139619615
663.0 0.001185204746434465
664.0 0.0011884420018759556
665.0 0.0011916789844690356
666.0 0.0011362503755663056
667.0 0.0010808215847646352
668.0 0.0011297129276499618
669.0 0.001178604543383699
670.0 0.0011204359907424077
671.0 0.0010622673471516464
672.0 0.0010892841601162218
673.0 0.001116300882131327
674.0 0.0010283402843924705
675.0 0.0009403795047546737
676.0 0.001022057494992623
677.0 0.0011037350304832216
678.0 0.0010542697054916061
679.0 0.001004804562398931
680.0 0.00096812009360292
681.0 0.0009314357157563791
682.0 0.0010087465852848254
683.0 0.0010860573638638016
684.0 0.00103072034107754
685.0 0.0009753835001902189
686.0 0.001029259328788612
687.0 0.0010831352483364753
688.0 0.0010321677109459415
689.0 0.0009811999916564673
690.0 0.0010305451723979786
691.0 0.0010798903531394899
692.0 0.0011171676305821165
693.0 0.0011544450899236836
694.0 0.001122850790125085
695.0 0.0010912566722254269
696.0 0.0011378175258869305
697.0 0.0011843781976494938
698.0 0.0011711238585121464
699.0 0.0011578694284253288
700.0 0.0011675437235680874
701.0 0.001177218018710846
702.0 0.001193525895359926
703.0 0.0012098335901100654
704.0 0.0011011816241079941
705.0 0.0009925294762069825
706.0 0.0010353021025366616
707.0 0.0010780747288663406
708.0 0.0011208481737412512
709.0 0.0011636218005151022
710.0 0.0012351813893474173
711.0 0.0013067414329270832
712.0 0.0012499031072366051
713.0 0.0011930645996471867
714.0 0.0012289107871765736
715.0 0.0012647570656554308
716.0 0.0014091062439547386
717.0 0.0015534555132035166
718.0 0.001879145929706283
719.0 0.0022048363462090492
720.0 0.0018812443158822134
721.0 0.0015576522855553776
722.0 0.0015474908650503494
723.0 0.0015373296264442615
724.0 0.001602630982233677
725.0 0.0016679321561241522
726.0 0.0017145590391010046
727.0 0.0017611855582799762
728.0 0.0019351313312654383
729.0 0.00210907692235196
730.0 0.0020291758119128644
731.0 0.0019492747014737688
732.0 0.001874846566352062
733.0 0.001800418431230355
734.0 0.0015277835700544529
735.0 0.00125514834508067
736.0 0.001191646333609242
737.0 0.0011281445040367544
738.0 0.001085553321900079
739.0 0.001042962321662344
740.0 0.0009845985914580524
741.0 0.0009262346793548204
742.0 0.0009288857654610183
743.0 0.0009315371244156267
744.0 0.0009497048267803621
745.0 0.0009678727110440377
746.0 0.0008869627890817355
747.0 0.0008060528671194334
748.0 0.0009503417459200136
749.0 0.0010946305337711237
750.0 0.0010448543434904423
751.0 0.0009950783351087011
752.0 0.0008847137905831914
753.0 0.0007743491551082116
754.0 0.0008134837116813287
755.0 0.000852618359203916
756.0 0.0008032200639718212
757.0 0.0007538218142144615
758.0 0.0008078879545792006
759.0 0.0008619541404186748
760.0 0.0008190199878299609
761.0 0.0007760857442917768
762.0 0.0007694411578995641
763.0 0.0007627965260326164
764.0 0.0007547031600552145
765.0 0.0007466097940778127
766.0 0.0006613388450205093
767.0 0.0005760678050137358
768.0 0.0006193265562615125
769.0 0.000662585262034554
770.0 0.0006313000994850881
771.0 0.0006000149369356222
772.0 0.0005894572950637667
773.0 0.000578899607717176
774.0 0.0006242230938369175
775.0 0.0006695466254313942
776.0 0.000704767899151193
777.0 0.0007399892638204619
778.0 0.0006817926987423562
779.0 0.0006235961791389855
780.0 0.0006101652161305537
781.0 0.0005967342985968571
782.0 0.0005512278676178539
783.0 0.0005057213456893805
784.0 0.0004579132564686006
785.0 0.00041010512177308556
786.0 0.00043082422962470446
787.0 0.00045154333747632336
788.0 0.00035570083127822727
789.0 0.0002598583250801312
790.0 0.0003005509825015906
791.0 0.0003412437081351527
792.0 0.00033799733500927687
793.0 0.0003347510073581361
794.0 0.00032258510600513546
795.0 0.0003104192046521348
796.0 0.00027847979708894854
797.0 0.00024654041226312984
798.0 0.00035519803986971965
799.0 0.00046385571295104455
800.0 0.0004755806457978906
801.0 0.00048730562411947176
802.0 0.00039986666706681717
803.0 0.0003124277100141626
804.0 0.0003739971134564257
805.0 0.00043556651689868886
806.0 0.00044170069486426655
807.0 0.00044783482735510916
808.0 0.0004664838797907578
809.0 0.0004851329322264064
810.0 0.00041416606109123677
811.0 0.00034319914448133204
812.0 0.000333861430590332
813.0 0.00032452373943669954
814.0 0.0003244617573727737
815.0 0.0003243997753088479
816.0 0.00042503866097831633
817.0 0.0005256775239104172
818.0 0.0003856560397252906
819.0 0.00024563448732806137
820.0 0.00031112290344026405
821.0 0.0003766112968150992
822.0 0.00046413015297730453
823.0 0.0005516489181900397
824.0 0.00045889478315075394
825.0 0.00036614048894989537
826.0 0.0004472622094908729
827.0 0.000528383952769218
828.0 0.000469757378596114
829.0 0.0004111307589482749
830.0 0.0003882687906298088
831.0 0.00036540675409924006
832.0 0.00039290630411414895
833.0 0.0004204058768664254
834.0 0.0003737495262612356
835.0 0.00032709315291867824
836.0 0.00045460178625944536
837.0 0.00058211044233758
838.0 0.0005619882358587347
839.0 0.0005418661203293595
840.0 0.0005099634563521249
841.0 0.0004780607923748903
842.0 0.00042408896661072504
843.0 0.0003701170953718247
844.0 0.0003719473852470401
845.0 0.00037377762964752037
846.0 0.0004261135018168716
847.0 0.0004784493285114877
848.0 0.0004949585672875401
849.0 0.0005114677605888573
850.0 0.00048040242290880997
851.0 0.0004493369942792924
852.0 0.0004475106834433973
853.0 0.000445684281658032
854.0 0.0005556784799409797
855.0 0.0006656726327491924
856.0 0.0004339653514762176
857.0 0.00020225804746587528
858.0 0.00028975712211831706
859.0 0.00037725619677075883
860.0 0.00039895235204312485
861.0 0.0004206484845781233
862.0 0.000528359851159621
863.0 0.0006360712632158538
864.0 0.0005886497092433274
865.0 0.0005412281552708009
866.0 0.0005582176981988596
867.0 0.0005752071956521831
868.0 0.0005390210844780086
869.0 0.0005028349278290989
870.0 0.00046539817049051635
871.0 0.00042796132220246363
872.0 0.00041977077671617735
873.0 0.000411580185755156
874.0 0.000535042045157752
875.0 0.0006585039500350831
876.0 0.000612709754932439
877.0 0.0005669155598297948
878.0 0.0005807722573081264
879.0 0.000594628954786458
880.0 0.0006631539235968376
881.0 0.0007316791652556276
882.0 0.0005247953595244326
883.0 0.00031791166748007527
884.0 0.00040745762817095965
885.0 0.0004970036115992116
886.0 0.0006138064691185718
887.0 0.0007306093721126672
888.0 0.0006914568075444549
889.0 0.0006523041520267725
890.0 0.000632385490462184
891.0 0.0006124668288975954
892.0 0.0006238505193323363
893.0 0.0006352343461912824
894.0 0.000509031906403834
895.0 0.0003828296030405909
896.0 0.0003426848024901119
897.0 0.0003025400246770005
898.0 0.0003194515784343821
899.0 0.0003363631094543962
900.0 0.00035741011288337177
901.0 0.00037845718452445
902.0 0.00043747222662204877
903.0 0.0004964873369317502
904.0 0.0004674670435633743
905.0 0.00043844670472026337
906.0 0.0005036447873862926
