lsstCam/transmission_filter_detector/r20_s20/g_6/19700101T000000.ecsv
# %ECSV 1.0
# ---
# datatype:
# - {name: wavelength, unit: nm, datatype: float32}
# - {name: efficiency, unit: '%', datatype: float64}
# meta: !!omap
# - {MODE: DETECTOR}
# - {TYPE: transmission_filter_detector}
# - {CALIBDATE: '1970-01-01T00:00:00'}
# - {INSTRUME: LSSTCam}
# - {OBSTYPE: transmission_filter_detector}
# - {CALIBCLS: lsst.ip.isr.IntermediateFilterDetectorTransmissionCurve}
# - {SOURCE: Materion (DM-46256)}
# - {DETECTOR: 78}
# - {FILTER: g_6}
# - {CALIB_ID: 'calibDate=1970-01-01T00:00:00 filter=g_6 detector=78'}
# - {DATE: '2025-04-02T15:59:42.389500'}
# - {CALIB_CREATION_DATE: '2025-04-02'}
# - {CALIB_CREATION_TIME: '15:59:42'}
# - __serialized_columns__:
#     efficiency:
#       __class__: astropy.units.quantity.Quantity
#       unit: !astropy.units.Unit {unit: '%'}
#       value: !astropy.table.SerializedColumn {name: efficiency}
#     wavelength:
#       __class__: astropy.units.quantity.Quantity
#       unit: !astropy.units.Unit {unit: nm}
#       value: !astropy.table.SerializedColumn {name: wavelength}
# schema: astropy-2.0
wavelength efficiency
[from data line 608]
908.0 0.00046247591853898484
909.0 0.00035610905797511805
910.0 0.00031294171094486956
911.0 0.00026977436391462106
912.0 0.00038171256164787337
913.0 0.0004936507139063906
914.0 0.00043591662688413635
915.0 0.00037818247164977947
916.0 0.0003582684257708024
917.0 0.000338354448103928
918.0 0.00037624745345965493
919.0 0.00041414050429011695
920.0 0.00042470942389627453
921.0 0.000435278298027697
922.0 0.0004283588623366086
923.0 0.00042143933569604997
924.0 0.0003964503775932826
925.0 0.00037146128306631
926.0 0.0004057090791320661
927.0 0.00043995687519782223
928.0 0.0005167836206965148
929.0 0.0005936103661952075
930.0 0.0004997206815460231
931.0 0.0004058308604726335
932.0 0.00044621665438171476
933.0 0.0004866025847150013
934.0 0.0005405012416304089
935.0 0.0005944000804447569
936.0 0.00048344450078730006
937.0 0.0003724890120793134
938.0 0.00046611266952822916
939.0 0.0005597364179266151
940.0 0.0005994571438350249
941.0 0.0006391778242686996
942.0 0.0006733536793035455
943.0 0.0007075294888636563
944.0 0.0007982781426107977
945.0 0.000889026796357939
946.0 0.0008966027962742373
947.0 0.0009041787961905356
948.0 0.0008625591362942941
949.0 0.0008209395673475228
950.0 0.0008769127816776745
951.0 0.000932885905058356
952.0 0.0008877883374225348
953.0 0.0008426905878877733
954.0 0.0007288397682714276
955.0 0.0006149887212814065
956.0 0.0006240416496439138
957.0 0.0006330945325316861
958.0 0.0007215372988866875
959.0 0.0008099800652416889
960.0 0.0007237137197080301
961.0 0.0006374472377501661
962.0 0.000697696850693319
963.0 0.0007579463726870017
964.0 0.0006826700882811565
965.0 0.0006073935310269007
966.0 0.0005891519776923815
967.0 0.0005709103788831271
968.0 0.0006447169653256424
969.0 0.0007185235062934225
970.0 0.0006943910648260498
971.0 0.0006702586688334122
972.0 0.0008281530426756945
973.0 0.0009860475074674468
974.0 0.0009343345482193399
975.0 0.0008826216799207032
976.0 0.0008285889634862542
977.0 0.0007745562470518053
978.0 0.0009070361556950957
979.0 0.0010395161552878562
980.0 0.0010542930795054417
981.0 0.0010690700037230272
982.0 0.000982980418484658
983.0 0.0008968911060946994
984.0 0.0010033715625468176
985.0 0.001109852109948406
986.0 0.0012084928130207118
987.0 0.0013071334251435474
988.0 0.0013639778444485273
989.0 0.0014208219909050968
990.0 0.0014684424058941659
991.0 0.0015160626389842946
992.0 0.0014933836609998252
993.0 0.0014707046830153558
994.0 0.0015273939425242133
995.0 0.001584083292982541
996.0 0.001500661892350763
997.0 0.0014172403098200448
998.0 0.0013657399904332124
999.0 0.0013142398529453203
1000.0 0.0013072372894384898
1001.0 0.0013002347259316593
1002.0 0.0013342593774723355
1003.0 0.0013682840290130116
1004.0 0.0013479204426403157
1005.0 0.0013275567653181497
1006.0 0.0014630595615017228
1007.0 0.0015985622667358257
1008.0 0.0015574998542433605
1009.0 0.0015164376236498356
1010.0 0.0016315592802129686
1011.0 0.0017466809367761016
1012.0 0.0017927301087183878
1013.0 0.0018387790987617336
1014.0 0.0020394669263623655
1015.0 0.0022401547539629973
1016.0 0.0023789561964804307
1017.0 0.0025177574570989236
1018.0 0.0026857946068048477
1019.0 0.002853831756510772
1020.0 0.0031836345442570746
1021.0 0.0035134373320033774
1022.0 0.0035295535781187937
1023.0 0.00354566982423421
1024.0 0.003620979987317696
1025.0 0.003696290514199063
1026.0 0.003878009010804817
1027.0 0.004059727507410571
1028.0 0.004404894571052864
1029.0 0.004750061634695157
1030.0 0.004662339779315516
1031.0 0.004574617923935875
1032.0 0.004855697261518799
1033.0 0.0051367762353038415
1034.0 0.005248536399449222
1035.0 0.005360296563594602
1036.0 0.0054039774113334715
1037.0 0.00544765789527446
1038.0 0.0057295219448860735
1039.0 0.006011385994497687
1040.0 0.0062114864704199135
1041.0 0.0064115869463421404
1042.0 0.00657773416605778
1043.0 0.00674388138577342
1044.0 0.007166917202994227
1045.0 0.007589953747810796
1046.0 0.008542300201952457
1047.0 0.009494646656094119
1048.0 0.010592573380563408
1049.0 0.011690498649841174
1050.0 0.01389282988384366
1051.0 0.01609515747986734
1052.0 0.019409290689509362
1053.0 0.02272342680953443
1054.0 0.027428448083810508
1055.0 0.032133469358086586
1056.0 0.03840451827272773
1057.0 0.04467556718736887
1058.0 0.05208579241298139
1059.0 0.05949601763859391
1060.0 0.06745708524249494
1061.0 0.07541815866716206
1062.0 0.0823939626570791
1063.0 0.0893697259016335
1064.0 0.09473352110944688
1065.0 0.10009728139266372
1066.0 0.10509795974940062
1067.0 0.11009862646460533
1068.0 0.11713173007592559
1069.0 0.12416485697031021
1070.0 0.13417331501841545
1071.0 0.1441817730665207
1072.0 0.15667848056182265
1073.0 0.16917517641559243
1074.0 0.18380878027528524
1075.0 0.19844239577651024
1076.0 0.21250671707093716
1077.0 0.2265710849314928
1078.0 0.23990985937416553
1079.0 0.2532486105337739
1080.0 0.2695695497095585
1081.0 0.28589044231921434
1082.0 0.3089663339778781
1083.0 0.3320422489196062
1084.0 0.3703614929690957
1085.0 0.40868083015084267
1086.0 0.44175712391734123
1087.0 0.47483351081609726
1088.0 0.5365676246583462
1089.0 0.5983016919344664
1090.0 0.6770954933017492
1091.0 0.7558892481029034
1092.0 0.7838115096092224
1093.0 0.8117335848510265
1094.0 0.8490878157317638
1095.0 0.8864419534802437
1096.0 0.9303594939410686
1097.0 0.9742768481373787
1098.0 1.0324286296963692
1099.0 1.0905803181231022
1100.0 1.2121427804231644
1101.0 1.333705149590969
