lsstCam/transmission_filter_detector/r32_s02/u_24/19700101T000000.ecsv
# %ECSV 1.0
# ---
# datatype:
# - {name: wavelength, unit: nm, datatype: float32}
# - {name: efficiency, unit: '%', datatype: float64}
# meta: !!omap
# - {MODE: DETECTOR}
# - {TYPE: transmission_filter_detector}
# - {CALIBDATE: '1970-01-01T00:00:00'}
# - {INSTRUME: LSSTCam}
# - {OBSTYPE: transmission_filter_detector}
# - {CALIBCLS: lsst.ip.isr.IntermediateFilterDetectorTransmissionCurve}
# - {SOURCE: Materion (DM-46256)}
# - {DETECTOR: 137}
# - {FILTER: u_24}
# - {CALIB_ID: 'calibDate=1970-01-01T00:00:00 filter=u_24 detector=137'}
# - {DATE: '2025-04-02T15:59:40.384967'}
# - {CALIB_CREATION_DATE: '2025-04-02'}
# - {CALIB_CREATION_TIME: '15:59:40'}
# - __serialized_columns__:
#     efficiency:
#       __class__: astropy.units.quantity.Quantity
#       unit: !astropy.units.Unit {unit: '%'}
#       value: !astropy.table.SerializedColumn {name: efficiency}
#     wavelength:
#       __class__: astropy.units.quantity.Quantity
#       unit: !astropy.units.Unit {unit: nm}
#       value: !astropy.table.SerializedColumn {name: wavelength}
# schema: astropy-2.0
wavelength efficiency
295.0 1.5790802910045643e-10
296.0 1.5790802910045643e-10
297.0 1.5790802910045643e-10
298.0 1.5790802910045643e-10
299.0 1.5790802910045643e-10
300.0 1.5790802910045643e-10
301.0 1.5790802910045643e-10
302.0 1.5790802910045643e-10
303.0 1.5790802910045643e-10
304.0 0.14037577202543616
305.0 0.332486885599792
306.0 1.338774524629116
307.0 2.5561025366187096
308.0 4.474727436900139
309.0 7.170753180980682
310.0 10.182168334722519
311.0 13.641610741615295
312.0 17.45797097682953
313.0 20.78360915184021
314.0 23.73623549938202
315.0 26.275581121444702
316.0 28.281080722808838
317.0 30.74757754802704
318.0 33.191853761672974
319.0 36.47201955318451
320.0 41.334813833236694
321.0 46.311283111572266
322.0 52.186119556427
323.0 57.67289400100708
324.0 62.675756216049194
325.0 66.21567010879517
326.0 68.84348392486572
327.0 70.76165080070496
328.0 72.67941236495972
329.0 74.08588528633118
330.0 75.5437970161438
331.0 76.47728323936462
332.0 77.03311443328857
333.0 77.18148827552795
334.0 77.0386278629303
335.0 77.14700698852539
336.0 77.261483669281
337.0 77.6583194732666
338.0 78.59898209571838
339.0 79.16922569274902
340.0 79.64484691619873
341.0 80.16679286956787
342.0 80.45946955680847
343.0 80.38960099220276
344.0 80.56020736694336
345.0 80.89752793312073
346.0 81.15589618682861
347.0 81.41455054283142
348.0 81.72706365585327
349.0 81.92379474639893
350.0 81.94888830184937
351.0 82.19327330589294
352.0 81.98760151863098
353.0 81.9917619228363
354.0 81.86981678009033
355.0 82.09779262542725
356.0 82.26435780525208
357.0 82.16300010681152
358.0 81.88267946243286
359.0 81.64632320404053
360.0 81.6699206829071
361.0 81.55841827392578
362.0 81.39486312866211
363.0 81.5206527709961
364.0 81.64154291152954
365.0 81.7646861076355
366.0 81.86599612236023
367.0 81.91410303115845
368.0 81.70610666275024
369.0 81.65507316589355
370.0 81.3383936882019
371.0 81.06269836425781
372.0 81.04526400566101
373.0 81.1754822731018
374.0 81.18337392807007
375.0 81.45372867584229
376.0 81.54105544090271
377.0 81.5312922000885
378.0 81.6038191318512
379.0 81.35226368904114
380.0 80.74170351028442
381.0 79.53409552574158
382.0 77.84647941589355
383.0 75.94149708747864
384.0 73.8551139831543
385.0 71.46716117858887
386.0 69.11433339118958
387.0 66.00459218025208
388.0 62.85219192504883
389.0 59.105998277664185
390.0 55.32310605049133
391.0 51.19433403015137
392.0 46.835702657699585
393.0 42.93513596057892
394.0 39.685413241386414
395.0 36.51091754436493
396.0 33.32012891769409
397.0 29.26999032497406
398.0 24.499976634979248
399.0 18.364322185516357
400.0 12.247878313064575
401.0 7.330434024333954
402.0 3.559340536594391
403.0 1.303977333009243
404.0 0.3874642075970769
405.0 0.16333862440660596
406.0 0.05233703413978219
407.0 0.027631624834612012
408.0 0.037962247733958066
409.0 1.5790802910045643e-10
410.0 1.5790802910045643e-10
411.0 1.5790802910045643e-10
412.0 1.5790802910045643e-10
413.0 1.5790802910045643e-10
414.0 1.5790802910045643e-10
415.0 1.5790802910045643e-10
416.0 1.5790802910045643e-10
417.0 1.5790802910045643e-10
418.0 1.5790802910045643e-10
419.0 1.5790802910045643e-10
420.0 1.5790802910045643e-10
421.0 1.5790802910045643e-10
422.0 1.5790802910045643e-10
423.0 1.5790802910045643e-10
424.0 1.5790802910045643e-10
425.0 1.5790802910045643e-10
426.0 0.003258794458815828
427.0 0.00130476473714225
428.0 1.5790802910045643e-10
429.0 1.5790802910045643e-10
430.0 1.5790802910045643e-10
431.0 1.5790802910045643e-10
432.0 1.5790802910045643e-10
433.0 5.2636187319876626e-05
434.0 0.0014167472727422137
435.0 0.0007335313512157882
436.0 5.031506020714005e-05
437.0 1.5790802910045643e-10
438.0 1.5790802910045643e-10
439.0 1.5790802910045643e-10
440.0 0.00025229217044397956
441.0 1.5790802910045643e-10
442.0 1.5790802910045643e-10
443.0 1.5790802910045643e-10
444.0 0.0005977012733637821
445.0 1.5790802910045643e-10
446.0 1.5790802910045643e-10
447.0 1.5790802910045643e-10
448.0 4.595402458562603e-05
449.0 1.5790802910045643e-10
450.0 1.5790802910045643e-10
451.0 1.5790802910045643e-10
452.0 0.00025644953893788625
453.0 1.5790802910045643e-10
454.0 1.5790802910045643e-10
455.0 1.5790802910045643e-10
456.0 1.5790802910045643e-10
457.0 1.5790802910045643e-10
458.0 1.5790802910045643e-10
459.0 1.5790802910045643e-10
460.0 1.5790802910045643e-10
461.0 1.5790802910045643e-10
462.0 1.5790802910045643e-10
463.0 1.5790802910045643e-10
464.0 0.0004881238055531867
465.0 1.4421679850329383e-05
466.0 1.5790802910045643e-10
467.0 1.5790802910045643e-10
468.0 1.5790802910045643e-10
469.0 1.5790802910045643e-10
470.0 0.00035529299111658474
471.0 0.00022751682990929112
472.0 9.974042995963828e-05
473.0 1.5790802910045643e-10
474.0 1.5790802910045643e-10
475.0 1.5790802910045643e-10
476.0 1.5790802910045643e-10
477.0 1.5790802910045643e-10
478.0 1.5790802910045643e-10
479.0 1.5790802910045643e-10
480.0 1.5790802910045643e-10
481.0 1.5790802910045643e-10
482.0 1.5790802910045643e-10
483.0 1.5790802910045643e-10
484.0 1.5790802910045643e-10
485.0 1.5790802910045643e-10
486.0 1.5790802910045643e-10
487.0 1.5790802910045643e-10
488.0 0.0002097970082104439
489.0 1.5790802910045643e-10
490.0 1.5790802910045643e-10
491.0 1.5790802910045643e-10
492.0 6.219307806532015e-05
493.0 1.5790802910045643e-10
494.0 1.5790802910045643e-10
495.0 1.5790802910045643e-10
496.0 1.5790802910045643e-10
497.0 1.5790802910045643e-10
498.0 1.5790802910045643e-10
499.0 1.5790802910045643e-10
500.0 1.5790802910045643e-10
501.0 1.5790802910045643e-10
502.0 1.5790802910045643e-10
503.0 1.5790802910045643e-10
504.0 0.00013955559552414343
505.0 1.5790802910045643e-10
506.0 1.5790802910045643e-10
507.0 1.5790802910045643e-10
508.0 3.013173568433558e-05
509.0 7.630335403518984e-05
510.0 0.0001224748075401294
511.0 0.00023192071694211336
512.0 0.00034136664908146486
513.0 0.0002711970637392369
514.0 0.0002010275011343765
515.0 1.5790802910045643e-10
516.0 1.5790802910045643e-10
517.0 1.5790802910045643e-10
518.0 1.5790802910045643e-10
519.0 1.5790802910045643e-10
520.0 1.5790802910045643e-10
521.0 1.5790802910045643e-10
522.0 1.5790802910045643e-10
523.0 1.5790802910045643e-10
524.0 1.5790802910045643e-10
525.0 1.5790802910045643e-10
526.0 1.5790802910045643e-10
527.0 1.5790802910045643e-10
528.0 1.5790802910045643e-10
529.0 1.5790802910045643e-10
530.0 1.5790802910045643e-10
531.0 1.5790802910045643e-10
532.0 1.5790802910045643e-10
533.0 0.0001920334398164414
534.0 0.0005821582362841582
535.0 0.0001763992031555972
536.0 1.5790802910045643e-10
537.0 1.5790802910045643e-10
538.0 1.5790802910045643e-10
539.0 1.5790802910045643e-10
540.0 1.5790802910045643e-10
541.0 1.5790802910045643e-10
542.0 1.5790802910045643e-10
543.0 1.5790802910045643e-10
544.0 7.840002353987074e-05
545.0 0.00019650567537610186
546.0 0.0003146113158436492
547.0 6.757667279089219e-05
548.0 1.5790802910045643e-10
549.0 1.5790802910045643e-10
550.0 1.5790802910045643e-10
551.0 3.434235225086013e-05
552.0 0.0001538272726975265
553.0 1.5790802910045643e-10
554.0 1.5790802910045643e-10
555.0 1.5790802910045643e-10
556.0 1.5790802910045643e-10
557.0 1.5790802910045643e-10
558.0 1.5790802910045643e-10
559.0 1.5790802910045643e-10
560.0 0.0001120621845984715
561.0 1.5790802910045643e-10
562.0 1.5790802910045643e-10
563.0 1.5790802910045643e-10
564.0 1.5790802910045643e-10
565.0 1.5790802910045643e-10
566.0 1.5790802910045643e-10
567.0 1.5790802910045643e-10
568.0 8.109477676043753e-05
569.0 0.00016846967128003598
570.0 0.0002558444521127967
571.0 0.0001862043177425221
572.0 0.00011656413789751241
573.0 0.00027922183107875753
574.0 0.0004418794560479
575.0 0.0002439487161609577
576.0 4.601791943059652e-05
577.0 1.5790802910045643e-10
578.0 1.5790802910045643e-10
579.0 0.00025618392101023346
580.0 0.0006325382400973467
581.0 0.0007652791282453109
582.0 0.0008980199709185399
583.0 0.0013918507647758815
584.0 0.0018856811948353425
585.0 0.001711044205876533
586.0 0.001536407035018783
587.0 0.0011757969332393259
588.0 0.0008151868314598687
589.0 0.0009021312507684343
590.0 0.0009890753972285893
591.0 0.0009188384865410626
592.0 0.0008486014849040657
593.0 0.0005836586751684081
594.0 0.00031871586543275043
595.0 0.00044602611524169333
596.0 0.0005733365469495766
597.0 0.0007089352493494516
598.0 0.0008445337698503863
599.0 0.0009980600225389935
600.0 0.0011515861842781305
601.0 0.001490601607656572
602.0 0.0018296172129339539
603.0 0.0018490158254280686
604.0 0.0018684146198211238
605.0 0.001822209196689073
606.0 0.0017760037735570222
607.0 0.0014840648873359896
608.0 0.0011921258192160167
609.0 0.0009378933100379072
610.0 0.0006836605734861223
611.0 0.00047487997107964475
612.0 0.00026609934593579965
613.0 0.00022548967990587698
614.0 0.000184879979769903
615.0 0.00022249616904446157
616.0 0.00026011223326349864
617.0 0.0004369370344647905
618.0 0.0006137617219792446
619.0 0.0005538748155231588
620.0 0.0004939878635923378
621.0 0.00047774174163350835
622.0 0.0004614955741999438
623.0 0.0005202550710237119
624.0 0.0005790144314232748
625.0 0.0006273302460613195
626.0 0.0006756461516488343
627.0 0.0006341666448861361
628.0 0.0005926872290729079
629.0 0.0006723043043166399
630.0 0.000751921425035107
631.0 0.0010963641216221731
632.0 0.0014408068636839744
633.0 0.0019703691577888094
634.0 0.002499931179045234
635.0 0.002461765870975796
636.0 0.0024236007448052987
637.0 0.002348104135307949
638.0 0.0022726075258105993
639.0 0.002212102117482573
640.0 0.002151597072952427
641.0 0.0020865123588009737
642.0 0.00202142728085164
643.0 0.0015257441191351973
644.0 0.0010300610483682249
645.0 0.0005971585324004991
646.0 0.00016425589137725183
647.0 9.536736911286425e-05
648.0 2.6478912218408368e-05
649.0 1.5790802910045643e-10
650.0 1.5790802910045643e-10
651.0 0.000175158299953182
652.0 0.000480001290270593
653.0 0.0007546967935923021
654.0 0.0010293924788129516
655.0 0.0010952494449156802
656.0 0.001161106501967879
657.0 0.001699086897133384
658.0 0.0022370672013494186
659.0 0.0027605279683484696
660.0 0.0032839881896506995
661.0 0.0033192722185049206
662.0 0.003354555883561261
663.0 0.0032823092624312267
664.0 0.0032100626413011923
665.0 0.0025981747967307456
666.0 0.0019862873159581795
667.0 0.001770393646438606
668.0 0.0015544997950200923
669.0 0.0013485896488418803
670.0 0.0011426796845626086
671.0 0.0008070723197306506
672.0 0.0004714648639492225
673.0 0.0006066737569199177
674.0 0.0007418827863148181
675.0 0.0008030184289964382
676.0 0.000864153935253853
677.0 0.0008766241080593318
678.0 0.0008890941899153404
679.0 0.0014112352801021188
680.0 0.0019333763702888973
681.0 0.0029450555302901193
682.0 0.003956734508392401
683.0 0.005234828859101981
684.0 0.00651292284601368
685.0 0.007256604294525459
686.0 0.008000285743037239
687.0 0.007483934314223006
688.0 0.006967584340600297
689.0 0.006411859067156911
690.0 0.005856134157511406
691.0 0.005096968016005121
692.0 0.004337801510700956
693.0 0.0035018991184188053
694.0 0.0026659965442377143
695.0 0.0021458199626067653
696.0 0.0016256433809758164
697.0 0.001236366733792238
698.0 0.0008470899956591893
699.0 0.000756097188059357
700.0 0.0006651041076111142
701.0 0.0005745891485275934
702.0 0.0004840740075451322
703.0 0.00045545302782556973
704.0 0.0004268320481060073
705.0 0.0005029542990087066
706.0 0.0005790765044366708
707.0 0.0006865517661935883
708.0 0.0007940268005768303
709.0 0.000826923678687308
710.0 0.0008598204658483155
711.0 0.0006831427526776679
712.0 0.0005064649485575501
713.0 0.0005735614195145899
714.0 0.0006406580723705702
715.0 0.0006311958259175299
716.0 0.0006217336704139598
717.0 0.0006508549631689675
718.0 0.0006799762104492402
719.0 0.0007294205261132447
720.0 0.0007788647963025142
721.0 0.0003983161150244996
722.0 1.776746358927994e-05
723.0 0.00019185265500709647
724.0 0.00036593785353034036
725.0 0.0001971199935724144
726.0 2.830209382409521e-05
727.0 1.596764178657395e-05
728.0 3.633121181678689e-06
729.0 0.00018627115423441865
730.0 0.0003689091727210325
731.0 0.0002833730832207948
732.0 0.00019783708467002725
733.0 0.00021907098926021717
734.0 0.00024030500753724482
735.0 0.00034518493521318305
736.0 0.0004500649083638564
737.0 0.00034133051940443693
738.0 0.0002325960849702824
739.0 0.0005325618531060172
740.0 0.0008325275302922819
741.0 0.0010019906767411157
742.0 0.0011714537322404794
743.0 0.001525856350781396
744.0 0.0018802589693223126
745.0 0.002203118674515281
746.0 0.0025259785616071895
747.0 0.0025656152502051555
748.0 0.0026052519388031214
749.0 0.002804668474709615
750.0 0.003004085192515049
751.0 0.0030995088309282437
752.0 0.0031949326512403786
753.0 0.0030908879125490785
754.0 0.0029868431738577783
755.0 0.0029267332138260826
756.0 0.0028666230718954466
757.0 0.0024809658498270437
758.0 0.002095308809657581
759.0 0.0017668835425865836
760.0 0.0014384584574145265
761.0 0.0011355684364389163
762.0 0.000832678415463306
763.0 0.0006363840384437935
764.0 0.00044008984332322143
765.0 0.0004175863978161942
766.0 0.0003950829068344319
767.0 0.0006194674824655522
768.0 0.0008438521945208777
769.0 0.0007211885531432927
770.0 0.0005985251846141182
771.0 0.0006671922164969146
772.0 0.0007358593393291812
773.0 0.0007534548331022961
774.0 0.000771050326875411
775.0 0.0007598314823553665
776.0 0.000748612683310057
777.0 0.0005718672582588624
778.0 0.0003951218332076678
779.0 0.00048119754865183495
780.0 0.0005672731731465319
781.0 0.0007058016763039632
782.0 0.0008443302249361295
783.0 0.0009551818948239088
784.0 0.0010660333828127477
785.0 0.0011162811460962985
786.0 0.0011665289093798492
787.0 0.0009739854249346536
788.0 0.0007814418495399877
789.0 0.0008855098712956533
790.0 0.0009895777111523785
791.0 0.000747508192944224
792.0 0.0005054384473623941
793.0 0.0006141407993709436
794.0 0.0007228430604300229
795.0 0.0004750984771817457
796.0 0.00022735391667083604
797.0 0.000298546660815191
798.0 0.000369739450434281
799.0 0.00015071146890477394
800.0 1.5790802910045643e-10
801.0 1.5790802910045643e-10
802.0 1.5790802910045643e-10
803.0 1.5790802910045643e-10
804.0 7.86808769248637e-06
805.0 1.5790802910045643e-10
806.0 1.5790802910045643e-10
807.0 1.7858658907243807e-05
808.0 8.747028914513066e-05
809.0 0.00012471084573917324
810.0 0.0001619513682271645
811.0 0.00014761900501980563
812.0 0.00013328668728718185
813.0 8.658111028125859e-05
814.0 3.9875604329608905e-05
815.0 0.00025882679892674787
816.0 0.0004777780304721091
817.0 0.0002263692067572265
818.0 1.5790802910045643e-10
819.0 9.29656607695506e-05
820.0 0.00021097091575938975
821.0 8.397115607294836e-05
822.0 1.5790802910045643e-10
823.0 1.5790802910045643e-10
824.0 1.5790802910045643e-10
825.0 1.5790802910045643e-10
826.0 1.5790802910045643e-10
827.0 1.5790802910045643e-10
828.0 1.5790802910045643e-10
829.0 1.5790802910045643e-10
830.0 1.5790802910045643e-10
831.0 1.5790802910045643e-10
832.0 1.5790802910045643e-10
833.0 1.5790802910045643e-10
834.0 1.5790802910045643e-10
835.0 1.5790802910045643e-10
836.0 1.5790802910045643e-10
837.0 1.5790802910045643e-10
838.0 1.5790802910045643e-10
839.0 1.5790802910045643e-10
840.0 1.5790802910045643e-10
841.0 1.5790802910045643e-10
842.0 1.5790802910045643e-10
843.0 1.5790802910045643e-10
844.0 1.5790802910045643e-10
845.0 1.5790802910045643e-10
846.0 0.00015372614825537312
847.0 1.5790802910045643e-10
848.0 1.5790802910045643e-10
849.0 1.5790802910045643e-10
850.0 0.000438479355580057
851.0 0.00028951442345714895
852.0 0.00014054951407160843
853.0 1.5790802910045643e-10
854.0 1.5790802910045643e-10
855.0 7.439894602612185e-05
856.0 0.00034903835057775723
857.0 0.0003381689339221339
858.0 0.00032729947179177543
859.0 0.000555184624317917
860.0 0.0007830696631572209
861.0 0.00089349032350583
862.0 0.001003910892904969
863.0 0.0009741927897266578
864.0 0.0009444746865483467
865.0 0.001033620719681494
866.0 0.0011227665709157009
867.0 0.0012679501196544152
868.0 0.0014131337593425997
869.0 0.0014390841897693463
870.0 0.0014650346201960929
871.0 0.0015086056919244584
872.0 0.0015521763998549432
873.0 0.0022208590962691233
874.0 0.0028895419745822437
