lsstCam/transmission_filter_detector/r32_s02/u_24/19700101T000000.ecsv
# %ECSV 1.0
# ---
# datatype:
# - {name: wavelength, unit: nm, datatype: float32}
# - {name: efficiency, unit: '%', datatype: float64}
# meta: !!omap
# - {MODE: DETECTOR}
# - {TYPE: transmission_filter_detector}
# - {CALIBDATE: '1970-01-01T00:00:00'}
# - {INSTRUME: LSSTCam}
# - {OBSTYPE: transmission_filter_detector}
# - {CALIBCLS: lsst.ip.isr.IntermediateFilterDetectorTransmissionCurve}
# - {SOURCE: Materion (DM-46256)}
# - {DETECTOR: 137}
# - {FILTER: u_24}
# - {CALIB_ID: 'calibDate=1970-01-01T00:00:00 filter=u_24 detector=137'}
# - {DATE: '2025-04-02T15:59:40.384967'}
# - {CALIB_CREATION_DATE: '2025-04-02'}
# - {CALIB_CREATION_TIME: '15:59:40'}
# - __serialized_columns__:
#     efficiency:
#       __class__: astropy.units.quantity.Quantity
#       unit: !astropy.units.Unit {unit: '%'}
#       value: !astropy.table.SerializedColumn {name: efficiency}
#     wavelength:
#       __class__: astropy.units.quantity.Quantity
#       unit: !astropy.units.Unit {unit: nm}
#       value: !astropy.table.SerializedColumn {name: wavelength}
# schema: astropy-2.0
wavelength efficiency
[from data line 581]
876.0 0.002584893627499696
877.0 0.00282116361631779
878.0 0.0030574334232369438
879.0 0.0028130500140832737
880.0 0.0025686666049296036
881.0 0.002472230880812276
882.0 0.002375794792897068
883.0 0.00235790266742697
884.0 0.0023400103600579314
885.0 0.002443583434796892
886.0 0.002547156691434793
887.0 0.0023723800040897913
888.0 0.0021976029529469088
889.0 0.00234059443755541
890.0 0.002483585740264971
891.0 0.0026137666282011196
892.0 0.0027439475161372684
893.0 0.0028142303563072346
894.0 0.002884513196477201
895.0 0.002909371141868178
896.0 0.0029342290872591548
897.0 0.0032609841582598165
898.0 0.0035877394111594185
899.0 0.003721545363077894
900.0 0.003855351314996369
901.0 0.0040726612496655434
902.0 0.004289971548132598
903.0 0.0044870346755487844
904.0 0.004684098166762851
905.0 0.005018063166062348
906.0 0.005352027437766083
907.0 0.005287610474624671
908.0 0.0052231935114832595
909.0 0.00527907359355595
910.0 0.005334953311830759
911.0 0.005293463618727401
912.0 0.0052519742894219235
913.0 0.005023338599130511
914.0 0.004794702545041218
915.0 0.004566283314488828
916.0 0.004337863720138557
917.0 0.004255946623743512
918.0 0.004174029527348466
919.0 0.004326038106228225
920.0 0.004478046685107984
921.0 0.0046171495341695845
922.0 0.004756252019433305
923.0 0.005164668618817814
924.0 0.005573084854404442
925.0 0.0059478341427166015
926.0 0.006322584522422403
927.0 0.006739977834513411
928.0 0.007157371146604419
929.0 0.0074212439358234406
930.0 0.007685117452638224
931.0 0.007687260949751362
932.0 0.007689403719268739
933.0 0.007732174708507955
934.0 0.0077749449701514095
935.0 0.007708530756644905
936.0 0.007642115087946877
937.0 0.0072871524025686085
938.0 0.006932188261998817
939.0 0.006537822628160939
940.0 0.0061434562667272985
941.0 0.005227582005318254
942.0 0.004311708107707091
943.0 0.003802049468504265
944.0 0.00329239119309932
945.0 0.0029087994334986433
946.0 0.0025252074919990264
947.0 0.0022368491045199335
948.0 0.0019484903532429598
949.0 0.0016091682482510805
950.0 0.0012698459613602608
951.0 0.0013093987945467234
952.0 0.0013489513548847754
953.0 0.0015865860405028798
954.0 0.0018242208170704544
955.0 0.002089340523525607
956.0 0.0023544598661828786
957.0 0.002447284714435227
958.0 0.002540109744586516
959.0 0.0029559110771515407
960.0 0.003371712227817625
961.0 0.0038066420529503375
962.0 0.0042415715142851695
963.0 0.004388537126942538
964.0 0.004535502739599906
965.0 0.004699573401012458
966.0 0.004863644426222891
967.0 0.004765803168993443
968.0 0.004667961547966115
969.0 0.004636147787095979
970.0 0.0046043340262258425
971.0 0.0045526969188358635
972.0 0.004501059811445884
973.0 0.00431797634519171
974.0 0.004134892878937535
975.0 0.003918222864740528
976.0 0.0037015528505435213
977.0 0.003201841900590807
978.0 0.002702131496334914
979.0 0.002489224061719142
980.0 0.0022763164452044293
981.0 0.0025622161047067493
982.0 0.0028481157642090693
983.0 0.0028435635613277555
984.0 0.002839011540345382
985.0 0.003117862797807902
986.0 0.0033967146009672433
987.0 0.003635269240476191
988.0 0.0038738242437830195
989.0 0.004286374678486027
990.0 0.004698925476986915
991.0 0.005376462286221795
992.0 0.006053999095456675
993.0 0.006258620851440355
994.0 0.006463241152232513
995.0 0.006475111877080053
996.0 0.006486981874331832
997.0 0.006269540608627722
998.0 0.006052099342923611
999.0 0.006209888670127839
1000.0 0.006367675814544782
1001.0 0.006374423537636176
1002.0 0.006381169805536047
1003.0 0.006324375135591254
1004.0 0.006267580465646461
1005.0 0.005794183380203322
1006.0 0.005320785567164421
1007.0 0.005172797318664379
1008.0 0.00502481016155798
1009.0 0.004645538865588605
1010.0 0.004266267933417112
1011.0 0.0036545076000038534
1012.0 0.003042747630388476
1013.0 0.0026287078071618453
1014.0 0.0022146678020362742
1015.0 0.0017718060917104594
1016.0 0.0013289442904351745
1017.0 0.0012012164916086476
1018.0 0.0010734888746810611
1019.0 0.0011338084732415155
1020.0 0.00119412816275144
1021.0 0.0012837396752729546
1022.0 0.0013733512787439395
1023.0 0.0013507983567251358
1024.0 0.0013282456166052725
1025.0 0.001267161587747978
1026.0 0.001206077831739094
1027.0 0.0015591280316584744
1028.0 0.001912177867779974
1029.0 0.0017938406017492525
1030.0 0.0016755033357185312
1031.0 0.0015404615623992868
1032.0 0.0014054199709789827
1033.0 0.0015131235159060452
1034.0 0.0016208268789341673
1035.0 0.00163872646226082
1036.0 0.0016566258636885323
1037.0 0.0018142385670216754
1038.0 0.001971851088455878
1039.0 0.0017754358850652352
1040.0 0.0015790204997756518
1041.0 0.0016391933968407102
1042.0 0.0016993666577036493
1043.0 0.0017921185644809157
1044.0 0.0018848706531571224
1045.0 0.001885407073132228
1046.0 0.001885943129309453
1047.0 0.0018332262698095292
1048.0 0.001780509228410665
1049.0 0.0018789409296005033
1050.0 0.0019773724488914013
1051.0 0.0019620702005340718
1052.0 0.0019467679521767423
1053.0 0.0018542994439485483
1054.0 0.0017618311176192947
1055.0 0.0016148804206750356
1056.0 0.0014679299056297168
1057.0 0.000850652577355504
1058.0 0.0002333752718186588
1059.0 0.0003168693865518435
1060.0 0.0004003635694971308
1061.0 0.00037197467008809326
1062.0 0.0003435860207900987
1063.0 0.0002929084303104901
1064.0 0.0002422312718408648
1065.0 0.0007785922207403928
1066.0 0.0013149534424883313
1067.0 0.0013470414160110522
1068.0 0.0013791295714327134
1069.0 0.0019214809071854688
1070.0 0.002463832606736105
1071.0 0.002787619632727001
1072.0 0.0031114064768189564
1073.0 0.0029672948585357517
1074.0 0.0028231830583536066
1075.0 0.002541297180869151
1076.0 0.0022594114852836356
1077.0 0.0019802915630862117
1078.0 0.0017011716408887878
1079.0 0.0030270790375652723
1080.0 0.004352986434241757
1081.0 0.004524103496805765
1082.0 0.004695221286965534
1083.0 0.004977187927579507
1084.0 0.005259153476799838
1085.0 0.004810631071450189
1086.0 0.004362108666100539
1087.0 0.00422434568463359
1088.0 0.004086582703166641
1089.0 0.004930151771986857
1090.0 0.005773720477009192
1091.0 0.005376343688112684
1092.0 0.004978967263014056
1093.0 0.004621623520506546
1094.0 0.004264279050403275
1095.0 0.004353929034550674
1096.0 0.004443579382495955
1097.0 0.004146871651755646
1098.0 0.0038501650124089792
1099.0 0.003011869193869643
1100.0 0.0021735737391281873
