lsstCam/transmission_filter_detector/r43_s01/z_20/19700101T000000.ecsv
# %ECSV 1.0
# ---
# datatype:
# - {name: wavelength, unit: nm, datatype: float32}
# - {name: efficiency, unit: '%', datatype: float64}
# meta: !!omap
# - {MODE: DETECTOR}
# - {TYPE: transmission_filter_detector}
# - {CALIBDATE: '1970-01-01T00:00:00'}
# - {INSTRUME: LSSTCam}
# - {OBSTYPE: transmission_filter_detector}
# - {CALIBCLS: lsst.ip.isr.IntermediateFilterDetectorTransmissionCurve}
# - {SOURCE: Materion (DM-46256)}
# - {DETECTOR: 181}
# - {FILTER: z_20}
# - {CALIB_ID: 'calibDate=1970-01-01T00:00:00 filter=z_20 detector=181'}
# - {DATE: '2025-04-02T15:59:49.480487'}
# - {CALIB_CREATION_DATE: '2025-04-02'}
# - {CALIB_CREATION_TIME: '15:59:49'}
# - __serialized_columns__:
#     efficiency:
#       __class__: astropy.units.quantity.Quantity
#       unit: !astropy.units.Unit {unit: '%'}
#       value: !astropy.table.SerializedColumn {name: efficiency}
#     wavelength:
#       __class__: astropy.units.quantity.Quantity
#       unit: !astropy.units.Unit {unit: nm}
#       value: !astropy.table.SerializedColumn {name: wavelength}
# schema: astropy-2.0
wavelength efficiency
300.0 0.40354589000344276
301.0 0.3459884086623788
302.0 0.2884309273213148
303.0 0.24061619769781828
304.0 0.19280147971585393
305.0 0.18774060299620032
306.0 0.18267970299348235
307.0 0.1690629287622869
308.0 0.15544614288955927
309.0 0.1349429483525455
310.0 0.11443975381553173
311.0 0.11579258134588599
312.0 0.11714543215930462
313.0 0.10120093356817961
314.0 0.08525644079782069
315.0 0.08017990621738136
316.0 0.07510335999540985
317.0 0.07191199692897499
318.0 0.06872063386254013
319.0 0.06604904774576426
320.0 0.06337747327052057
321.0 0.05950695485807955
322.0 0.05563643644563854
323.0 0.050953688332811
324.0 0.04627093730960041
325.0 0.046825793106108904
326.0 0.047380654723383486
327.0 0.04088094283360988
328.0 0.034381228033453226
329.0 0.03556172887329012
330.0 0.03674222680274397
331.0 0.035233740345574915
332.0 0.033725250978022814
333.0 0.03109040262643248
334.0 0.028455554274842143
335.0 0.02629997907206416
336.0 0.02414440969005227
337.0 0.021685397950932384
338.0 0.01922638766700402
339.0 0.018973546684719622
340.0 0.018720707157626748
341.0 0.01751385279931128
342.0 0.016306998440995812
343.0 0.016490464622620493
344.0 0.016673930804245174
345.0 0.015249717398546636
346.0 0.013825503992848098
347.0 0.012717643403448164
348.0 0.011609785724431276
349.0 0.011914512288058177
350.0 0.012219238851685077
351.0 0.011853395699290559
352.0 0.011487551819300279
353.0 0.011807496775873005
354.0 0.012127441732445732
355.0 0.011540669947862625
356.0 0.010953899618471041
357.0 0.010783999459818006
358.0 0.01061409930116497
359.0 0.009849561320152134
360.0 0.009085025521926582
361.0 0.008960777631727979
362.0 0.008836529741529375
363.0 0.008775446622166783
364.0 0.008714362775208429
365.0 0.008982955478131771
366.0 0.009251547453459352
367.0 0.008913235797081143
368.0 0.00857492268551141
369.0 0.008363423694390804
370.0 0.00815192615846172
371.0 0.008295477164210752
372.0 0.008439028169959784
373.0 0.008300744229927659
374.0 0.008162458834704012
375.0 0.0069494592025876045
376.0 0.005736460298066959
377.0 0.0055257776693906635
378.0 0.005315095040714368
379.0 0.00535548861080315
380.0 0.005395882180891931
381.0 0.004793689004145563
382.0 0.004191494736005552
383.0 0.004385261127026752
384.0 0.00457902679045219
385.0 0.004818481465918012
386.0 0.005057935413788073
387.0 0.0049382895667804405
388.0 0.004818643719772808
389.0 0.00472776846436318
390.0 0.004636893208953552
391.0 0.004389204332255758
392.0 0.004141515091760084
393.0 0.003814107913058251
394.0 0.0034867003705585375
395.0 0.0033705578971421346
396.0 0.0032544157875236124
397.0 0.0034821368899429217
398.0 0.0037098583561601117
399.0 0.004138928488828242
400.0 0.004567998985294253
401.0 0.004740775693790056
402.0 0.00491355276608374
403.0 0.004878959953202866
404.0 0.004844367504119873
405.0 0.004587823787005618
406.0 0.004331279706093483
407.0 0.004872262798016891
408.0 0.005413245889940299
409.0 0.004820366666535847
410.0 0.004227487806929275
411.0 0.004065316170454025
412.0 0.003903144533978775
413.0 0.0043051262764493
414.0 0.004707108382717706
415.0 0.004441838973434642
416.0 0.004176569564151578
417.0 0.003423192902118899
418.0 0.0026698169676819816
419.0 0.003238109638914466
420.0 0.003806402673944831
421.0 0.0033470259950263426
422.0 0.0028876498618046753
423.0 0.002943194704130292
424.0 0.002998739728354849
425.0 0.003042653224838432
426.0 0.0030865663575241342
427.0 0.002656125980138313
428.0 0.002225685602752492
429.0 0.002055266304523684
430.0 0.001884847370092757
431.0 0.001972222344193142
432.0 0.002059597500192467
433.0 0.0020094912542845123
434.0 0.0019593851902754977
435.0 0.0025421250029467046
436.0 0.0031248648156179115
437.0 0.0027943340683123097
438.0 0.002463803321006708
439.0 0.0023202444936032407
440.0 0.0021766856661997736
441.0 0.002212692197645083
442.0 0.0022486987290903926
443.0 0.0018762402760330588
444.0 0.0015037817320262548
445.0 0.001757590871420689
446.0 0.0020113997379667126
447.0 0.0023044280169415288
448.0 0.002597456295916345
449.0 0.0021651909264619462
450.0 0.0017329255570075475
451.0 0.001492562205385184
452.0 0.0012521987628133502
453.0 0.0018461591025697999
454.0 0.002440119169477839
455.0 0.002235488864243962
456.0 0.0020308585590100847
457.0 0.001526845881016925
458.0 0.001022833112074295
459.0 0.0013086774742987473
460.0 0.0015945219274726696
461.0 0.0015138080016185995
462.0 0.0014330939848150592
463.0 0.001234343562828144
464.0 0.0010355931408412289
465.0 0.0014201954400050454
466.0 0.0018047976482193917
467.0 0.0016192347175092436
468.0 0.001433671513950685
469.0 0.001145506485045189
470.0 0.0008573413651902229
471.0 0.0011034696399292443
472.0 0.001349598005617736
473.0 0.0015831094060558826
474.0 0.001816620715544559
475.0 0.0016834303096402436
476.0 0.0015502399037359282
477.0 0.001541459459986072
478.0 0.0015326788343372755
479.0 0.0017093536371248774
480.0 0.0018860286218114197
481.0 0.0013322573067853227
482.0 0.0007784861736581661
483.0 0.0008985305612441152
484.0 0.0010185748578805942
485.0 0.0012890479410998523
486.0 0.0015595211152685806
487.0 0.0012978938684682362
488.0 0.0010362668945163023
489.0 0.0010922595720330719
490.0 0.0011482522495498415
491.0 0.0011989461199846119
492.0 0.0012496399904193822
493.0 0.001549335866002366
494.0 0.0018490316506358795
495.0 0.0016286152458633296
496.0 0.0014081988410907798
497.0 0.0011909510249097366
498.0 0.0009737032996781636
499.0 0.0012984422937734053
500.0 0.0016231810150202364
501.0 0.0014682843357149977
502.0 0.001313387656409759
503.0 0.0010705779459385667
504.0 0.0008277684173663147
505.0 0.001266766594198998
506.0 0.001705764589132741
507.0 0.0016045534721342847
508.0 0.001503342264186358
509.0 0.0013382181350607425
510.0 0.001173094005935127
511.0 0.0011771433491958305
512.0 0.0011811924196081236
513.0 0.0014406585250981152
514.0 0.001700124266790226
515.0 0.0013917949218011927
516.0 0.0010834657587110996
517.0 0.0010264026968798134
518.0 0.0009693398169474676
519.0 0.00145226485983585
520.0 0.0019351899027242325
521.0 0.0019576065824367106
522.0 0.001980023444048129
523.0 0.0019646882719825953
524.0 0.001949352736119181
525.0 0.0012117440746806096
526.0 0.00047413541324203834
527.0 0.0007742748493910767
528.0 0.001074414194590645
529.0 0.0011184844879608136
530.0 0.001162554690381512
531.0 0.001269651602342492
532.0 0.001376748605252942
533.0 0.001183344102173578
534.0 0.0009899395081447437
535.0 0.0014497467418550514
536.0 0.0019095543393632397
537.0 0.0018669801647774875
538.0 0.0018244059901917353
539.0 0.0013792049685434904
540.0 0.0009340038559457753
541.0 0.0009632422916183714
542.0 0.0009924805453920271
543.0 0.0008375050128961448
544.0 0.0006825295713497326
545.0 0.0012888873243355192
546.0 0.0018952450773213059
547.0 0.0019674273062264547
548.0 0.0020396095351316035
549.0 0.0020229377696523443
550.0 0.0020062661860720254
551.0 0.001646307464397978
552.0 0.0012863486517744604
553.0 0.001584907658980228
554.0 0.001883466393337585
555.0 0.001871863059932366
556.0 0.0018602593627292663
557.0 0.001527976564830169
558.0 0.0011956935850321315
559.0 0.001405366765538929
560.0 0.0016150397641467862
561.0 0.001388016880810028
562.0 0.0011609938155743293
563.0 0.0013804521586280316
564.0 0.0015999106835806742
565.0 0.0018328682926949114
566.0 0.002065826083708089
567.0 0.002342547304579057
568.0 0.002619268707348965
569.0 0.002760218376351986
570.0 0.0029011678634560667
571.0 0.0027323119866196066
572.0 0.002563455927884206
573.0 0.0023882877940195613
574.0 0.0022131196601549163
575.0 0.0020237403077771887
576.0 0.0018343607735005207
577.0 0.0019173585315002128
578.0 0.0020003559257020243
579.0 0.001900898314488586
580.0 0.0018014405213762075
581.0 0.0017205045878654346
582.0 0.0016395684724557213
583.0 0.0015526811694144271
584.0 0.0014657935935247224
585.0 0.001710383003228344
586.0 0.0019549719581846148
587.0 0.0018586051737656817
588.0 0.001762238571245689
589.0 0.0017888192815007642
590.0 0.0018154001736547798
591.0 0.0017493792256573215
592.0 0.001683358641457744
593.0 0.0015960191376507282
594.0 0.001508679906692123
595.0 0.0011854579497594386
596.0 0.000862235901877284
597.0 0.0007788325092406012
598.0 0.0006954293439775938
599.0 0.0008653600161778741
600.0 0.0010352906429034192
601.0 0.0008220074050768744
602.0 0.0006087242581997998
603.0 0.0008886509931471664
604.0 0.001168577637145063
605.0 0.0010887180906138383
606.0 0.0010088583621836733
607.0 0.0009261925697501283
608.0 0.0008435267773165833
609.0 0.0008268774763564579
610.0 0.0008102282663458027
611.0 0.0008761073331697844
612.0 0.0009419863999937661
613.0 0.0009715733540360816
614.0 0.0010011604899773374
615.0 0.0011027930668205954
616.0 0.0012044256436638534
617.0 0.0014712941265315749
618.0 0.0017381627912982367
619.0 0.0016700529158697464
620.0 0.001601943040441256
621.0 0.0014880707567499485
622.0 0.001374198473058641
623.0 0.0013039804798609111
624.0 0.0012337626685621217
625.0 0.001397209689457668
626.0 0.0015606567103532143
627.0 0.001982284265977796
628.0 0.0024039116397034377
629.0 0.0022060168703319505
630.0 0.0020081221009604633
631.0 0.0020672629034379497
632.0 0.0021264038878143765
633.0 0.002557598600105848
634.0 0.002988793858094141
635.0 0.005776502075605094
636.0 0.00856421174830757
637.0 0.015768293815199286
638.0 0.022972379520069808
639.0 0.020140374545007944
640.0 0.017308371025137603
641.0 0.014937037485651672
642.0 0.01256570394616574
643.0 0.009105039498535916
644.0 0.005644377597491257
645.0 0.005835952470079064
646.0 0.0060275277064647526
647.0 0.005705361763830297
648.0 0.005383195821195841
649.0 0.004250758865964599
650.0 0.0031183222745312378
651.0 0.003322793054394424
652.0 0.0035272634704597294
653.0 0.0028297565222601406
654.0 0.0021322490283637308
655.0 0.002033119017141871
656.0 0.0019339890059200116
657.0 0.0021268999262247235
658.0 0.0023198108465294354
659.0 0.0021993655536789447
660.0 0.002078920260828454
661.0 0.0023135084120440297
662.0 0.0025480965632596053
663.0 0.002143122037523426
664.0 0.001738147511787247
665.0 0.0015756768334540538
666.0 0.0014132065189187415
667.0 0.001338919082627399
668.0 0.0012646317372855265
669.0 0.0013848749404132832
670.0 0.00150511814354104
671.0 0.001224373045261018
672.0 0.0009436277650820557
673.0 0.0012368112038529944
674.0 0.0015299945516744629
675.0 0.0014149809430819005
676.0 0.0012999674254388083
677.0 0.0015051291484269314
678.0 0.0017102907804655842
679.0 0.002002230758080259
680.0 0.002294170917593874
681.0 0.0020459594452404417
682.0 0.0017977481547859497
683.0 0.002329777998966165
684.0 0.00286180784314638
685.0 0.002647804649313912
686.0 0.002433801273582503
687.0 0.00241336219914956
688.0 0.002392923124716617
689.0 0.0023692724425927736
690.0 0.0023456221242668107
691.0 0.0024799355742288753
692.0 0.00261424902419094
693.0 0.0030672985303681344
694.0 0.0035203484003432095
695.0 0.0037055040593259037
696.0 0.003890659354510717
697.0 0.0037664030969608575
698.0 0.003642146839410998
699.0 0.005192522439756431
700.0 0.006742898403899744
701.0 0.006791039777453989
702.0 0.006839181151008233
703.0 0.006193479930516332
704.0 0.005547780165215954
705.0 0.00456274465250317
706.0 0.0035777098673861474
707.0 0.0033977463317569345
708.0 0.0032177831599256024
709.0 0.003864133032038808
710.0 0.004510482904152013
711.0 0.004055593672092073
712.0 0.003600704440032132
713.0 0.0026950314349960536
714.0 0.001789358793757856
715.0 0.002171626692870632
716.0 0.002553894773882348
717.0 0.002168921309930738
718.0 0.0017839476640801877
719.0 0.0016788562788860872
720.0 0.0015737650755909272
721.0 0.0017195026885019615
722.0 0.0018652406652108766
723.0 0.002089462213916704
724.0 0.002313683944521472
725.0 0.0020491481336648576
726.0 0.0017846119590103626
727.0 0.0019476834495435469
728.0 0.0021107551219756715
729.0 0.0019190358216292225
730.0 0.0017273161574848928
731.0 0.0014698422091896646
732.0 0.0012123681699449662
733.0 0.0015096031347638927
734.0 0.001806838008633349
735.0 0.0014975943486206234
736.0 0.0011883505976584274
737.0 0.0012151964256190695
738.0 0.001242041980731301
739.0 0.0015185361007752363
740.0 0.0017950302208191715
741.0 0.0014949888281989843
742.0 0.0011949473446293268
743.0 0.001464026627218118
744.0 0.0017331058188574389
745.0 0.0020080395188415423
746.0 0.002282972855027765
747.0 0.002177403075620532
748.0 0.002071833296213299
749.0 0.002913157732109539
750.0 0.0037544821680057794
751.0 0.003545671279425733
752.0 0.003336860754643567
753.0 0.0032045711122918874
754.0 0.0030722821975359693
755.0 0.0028909629691042937
756.0 0.0027096439225715585
757.0 0.002593593490018975
758.0 0.0024775430574663915
759.0 0.0028835655029979534
760.0 0.003289587766630575
761.0 0.004689939305535518
762.0 0.00609029084444046
763.0 0.0058616158639779314
764.0 0.005632941974909045
765.0 0.005052561027696356
766.0 0.0044721800804836676
767.0 0.0042520790884736925
768.0 0.004031977732665837
769.0 0.004722293670056388
770.0 0.0054126099712448195
771.0 0.004470766361919232
772.0 0.0035289234801894054
773.0 0.0036592748074326664
774.0 0.0037896261346759275
775.0 1.6263865254551035e-10
776.0 1.6263865254551035e-10
777.0 1.6263865254551035e-10
778.0 1.6263865254551035e-10
779.0 1.6263865254551035e-10
780.0 0.07235751254484057
781.0 0.07715629762969911
782.0 1.6263865254551035e-10
783.0 0.0021637670215568505
784.0 0.05818316130898893
785.0 1.6263865254551035e-10
786.0 0.04154699563514441
787.0 1.6263865254551035e-10
788.0 0.046048982767388225
789.0 0.009481173037784174
790.0 1.6263865254551035e-10
791.0 0.12645743554458022
792.0 0.15116221038624644
793.0 0.11454697232693434
794.0 0.09052727255038917
795.0 0.06750834872946143
796.0 0.1262224279344082
797.0 1.6263865254551035e-10
798.0 0.05696653388440609
799.0 0.2595677971839905
800.0 0.3296894719824195
801.0 0.48048202879726887
802.0 0.8263329975306988
803.0 1.4552732929587364
804.0 2.322993613779545
805.0 3.4877195954322815
806.0 5.108769237995148
807.0 7.2392091155052185
808.0 9.655563533306122
809.0 12.539026141166687
810.0 15.774297714233398
811.0 18.89730989933014
812.0 22.01010286808014
813.0 25.063085556030273
814.0 28.71018648147583
815.0 33.498188853263855
816.0 38.826486468315125
817.0 45.03358006477356
818.0 50.8700430393219
819.0 57.46411681175232
820.0 65.46237468719482
821.0 72.71115183830261
822.0 78.65104675292969
823.0 83.86756181716919
824.0 88.71092796325684
825.0 92.46829152107239
826.0 95.08572816848755
827.0 97.11948037147522
828.0 98.45119118690491
829.0 98.8873541355133
830.0 98.71639609336853
831.0 99.23422336578369
832.0 98.54727983474731
833.0 99.78216886520386
834.0 98.47285151481628
835.0 99.15380477905273
836.0 98.84063601493835
837.0 99.10203218460083
838.0 97.85823822021484
839.0 98.3712911605835
840.0 98.60280752182007
841.0 99.52827095985413
842.0 99.46379661560059
843.0 99.69245791435242
844.0 98.02064895629883
845.0 98.59644174575806
846.0 98.76857995986938
847.0 98.47195744514465
848.0 99.56548810005188
849.0 98.87228012084961
850.0 98.28769564628601
851.0 99.17528033256531
852.0 99.2501974105835
853.0 98.85584115982056
854.0 99.43531155586243
855.0 98.27489852905273
856.0 98.66549372673035
857.0 98.05377721786499
858.0 98.35547208786011
859.0 99.0724503993988
860.0 98.58870506286621
861.0 98.83173704147339
862.0 98.67023825645447
863.0 98.25513362884521
864.0 99.43847060203552
865.0 100.08289813995361
866.0 98.72046709060669
867.0 99.28009510040283
868.0 99.55057501792908
869.0 99.13365840911865
870.0 98.16367030143738
871.0 99.03513193130493
872.0 99.03348684310913
873.0 98.98064136505127
874.0 99.2388129234314
875.0 98.94294142723083
876.0 98.51391315460205
877.0 99.55949783325195
878.0 99.1353690624237
879.0 98.7407386302948
880.0 98.56078624725342
881.0 99.7576892375946
882.0 98.78869652748108
883.0 98.87555241584778
884.0 98.86953234672546
885.0 98.9402174949646
886.0 98.67696762084961
887.0 98.62518310546875
888.0 98.95780086517334
889.0 99.51052069664001
890.0 98.51657748222351
891.0 99.24961924552917
892.0 98.46113324165344
893.0 98.47782850265503
894.0 98.38953018188477
895.0 99.74084496498108
