lsstCam/transmission_filter_detector/r43_s01/z_20/19700101T000000.ecsv
# %ECSV 1.0
# ---
# datatype:
# - {name: wavelength, unit: nm, datatype: float32}
# - {name: efficiency, unit: '%', datatype: float64}
# meta: !!omap
# - {MODE: DETECTOR}
# - {TYPE: transmission_filter_detector}
# - {CALIBDATE: '1970-01-01T00:00:00'}
# - {INSTRUME: LSSTCam}
# - {OBSTYPE: transmission_filter_detector}
# - {CALIBCLS: lsst.ip.isr.IntermediateFilterDetectorTransmissionCurve}
# - {SOURCE: Materion (DM-46256)}
# - {DETECTOR: 181}
# - {FILTER: z_20}
# - {CALIB_ID: 'calibDate=1970-01-01T00:00:00 filter=z_20 detector=181'}
# - {DATE: '2025-04-02T15:59:49.480487'}
# - {CALIB_CREATION_DATE: '2025-04-02'}
# - {CALIB_CREATION_TIME: '15:59:49'}
# - __serialized_columns__:
#     efficiency:
#       __class__: astropy.units.quantity.Quantity
#       unit: !astropy.units.Unit {unit: '%'}
#       value: !astropy.table.SerializedColumn {name: efficiency}
#     wavelength:
#       __class__: astropy.units.quantity.Quantity
#       unit: !astropy.units.Unit {unit: nm}
#       value: !astropy.table.SerializedColumn {name: wavelength}
# schema: astropy-2.0
wavelength efficiency
[from data line 597]
897.0 99.23288822174072
898.0 98.7416684627533
899.0 98.47186207771301
900.0 98.97688627243042
901.0 99.01505708694458
902.0 99.26706552505493
903.0 98.69169592857361
904.0 97.5563108921051
905.0 98.54223132133484
906.0 97.88508415222168
907.0 98.66830706596375
908.0 98.19025993347168
909.0 98.33464622497559
910.0 98.03712964057922
911.0 96.84566259384155
912.0 96.11990451812744
913.0 94.549161195755
914.0 92.39459037780762
915.0 89.94289040565491
916.0 87.81520128250122
917.0 86.30508184432983
918.0 82.7949047088623
919.0 81.73252940177917
920.0 78.7219226360321
921.0 74.5124101638794
922.0 70.28645873069763
923.0 64.41561579704285
924.0 58.664458990097046
925.0 53.37075591087341
926.0 47.22946286201477
927.0 40.021273493766785
928.0 34.22636091709137
929.0 27.660250663757324
930.0 22.064481675624847
931.0 17.048677802085876
932.0 11.781864613294601
933.0 7.714629918336868
934.0 4.9107760190963745
935.0 2.983751893043518
936.0 1.8074095249176025
937.0 0.9955141693353653
938.0 0.6160472519695759
939.0 0.43854075483977795
940.0 0.2846894087269902
941.0 0.12250100262463093
942.0 0.013108571874909103
943.0 0.11838993523269892
944.0 0.15071050729602575
945.0 0.13591167517006397
946.0 1.6263865254551035e-10
947.0 0.11508995667099953
948.0 1.6263865254551035e-10
949.0 1.6263865254551035e-10
950.0 0.04895601887255907
951.0 0.05496210651472211
952.0 0.07814199198037386
953.0 1.6263865254551035e-10
954.0 1.6263865254551035e-10
955.0 1.6263865254551035e-10
956.0 1.6263865254551035e-10
957.0 1.6263865254551035e-10
958.0 1.6263865254551035e-10
959.0 0.021493813255801797
960.0 1.6263865254551035e-10
961.0 0.14760345220565796
962.0 1.6263865254551035e-10
963.0 1.6263865254551035e-10
964.0 0.032137572998180985
965.0 0.020021243835799396
966.0 1.6263865254551035e-10
967.0 0.05088280304335058
968.0 1.6263865254551035e-10
969.0 1.6263865254551035e-10
970.0 1.6263865254551035e-10
971.0 0.0322140462230891
972.0 0.00767997553339228
973.0 1.6263865254551035e-10
974.0 1.6263865254551035e-10
975.0 1.6263865254551035e-10
976.0 0.006140267942100763
977.0 0.005972494909656234
978.0 0.0058047222410095856
979.0 0.005722052083001472
980.0 0.005639382288791239
981.0 0.005559147029998712
982.0 0.005478910679812543
983.0 0.005299340409692377
984.0 0.0051197690481785685
985.0 0.005097805114928633
986.0 0.005075840817880817
987.0 0.005024909842177294
988.0 0.004973978866473772
989.0 0.004844173963647336
990.0 0.0047143690608209
991.0 0.0046102646592771634
992.0 0.004506159893935546
993.0 0.004580413224175572
994.0 0.0046546665544155985
995.0 0.004530143633019179
996.0 0.004405621439218521
997.0 0.004394706047605723
998.0 0.0043837902921950445
999.0 0.00441297706856858
1000.0 0.004442164208739996
1001.0 0.004267209078534506
1002.0 0.004092254312126897
1003.0 0.004128204818698578
1004.0 0.004164155325270258
1005.0 0.004001196430181153
1006.0 0.0038382371712941676
1007.0 0.003878521965816617
1008.0 0.003918806396541186
1009.0 0.004057248952449299
1010.0 0.004195691872155294
1011.0 0.00411601722589694
1012.0 0.004036342215840705
1013.0 0.004102277307538316
1014.0 0.004168212399235927
1015.0 0.004060243372805417
1016.0 0.003952274710172787
1017.0 0.004120370067539625
1018.0 0.004288465424906462
1019.0 0.004183471173746511
1020.0 0.0040784765587886795
1021.0 0.004042177170049399
1022.0 0.004005877781310119
1023.0 0.004108126449864358
1024.0 0.004210375482216477
1025.0 0.004238644760334864
1026.0 0.004266914402251132
1027.0 0.0044019245251547545
1028.0 0.004536934648058377
1029.0 0.004506689583649859
1030.0 0.0044764445192413405
1031.0 0.004510170401772484
1032.0 0.004543896284303628
1033.0 0.004625586734618992
1034.0 0.004707277548732236
1035.0 0.004772785177920014
1036.0 0.004838292443309911
1037.0 0.004963853643857874
1038.0 0.005089414844405837
1039.0 0.005127421536599286
1040.0 0.005165427864994854
1041.0 0.005132149453856982
1042.0 0.005098871042719111
1043.0 0.005216085628489964
1044.0 0.005333300214260817
1045.0 0.005449867603601888
1046.0 0.005566434992942959
1047.0 0.005612092718365602
1048.0 0.005657750443788245
1049.0 0.005744722511735745
1050.0 0.005831694579683244
1051.0 0.006001089059282094
1052.0 0.006170484266476706
1053.0 0.00641731166979298
1054.0 0.006664138345513493
1055.0 0.006788734026486054
1056.0 0.0069133282522670925
1057.0 0.007194899080786854
1058.0 0.007476471364498138
1059.0 0.008064778376137838
1060.0 0.008653086115373299
1061.0 0.008421167876804247
1062.0 0.008189250365830958
1063.0 0.008450853056274354
1064.0 0.008712455746717751
1065.0 0.00865434412844479
1066.0 0.008596233237767592
1067.0 0.009030887304106727
1068.0 0.009465540642850101
1069.0 0.009969730308512226
1070.0 0.010473918518982828
1071.0 0.010165842104470357
1072.0 0.009857764234766364
1073.0 0.00996429444057867
1074.0 0.010070824646390975
1075.0 0.010536315676290542
1076.0 0.011001808161381632
1077.0 0.011712966806953773
1078.0 0.012424125452525914
1079.0 0.01245534949703142
1080.0 0.012486576451919973
1081.0 0.01276810944546014
1082.0 0.013049642439000309
1083.0 0.013163163384888321
1084.0 0.013276682875584811
1085.0 0.014252647815737873
1086.0 0.015228612755890936
1087.0 0.014861889940220863
1088.0 0.01449516712455079
1089.0 0.01496903132647276
1090.0 0.015442896983586252
1091.0 0.015585064829792827
1092.0 0.015727232675999403
1093.0 0.015056066331453621
1094.0 0.014384897076524794
1095.0 0.016384455375373363
1096.0 0.01838401221903041
1097.0 0.019232540216762573
1098.0 0.020081069669686258
1099.0 0.02029742463491857
1100.0 0.020513779600150883
1101.0 0.021845559240318835
1102.0 0.023177338880486786
1103.0 0.022918442846275866
1104.0 0.022659546812064946
1105.0 0.02394323528278619
1106.0 0.025226923753507435
1107.0 0.02525674644857645
1108.0 0.025286569143645465
1109.0 0.027579834568314254
1110.0 0.029873099992983043
1111.0 0.029473711038008332
1112.0 0.029074324993416667
1113.0 0.028311708592809737
1114.0 0.02754908928181976
1115.0 0.02846494026016444
1116.0 0.029380794148892164
1117.0 0.03096630098298192
1118.0 0.032551807817071676
1119.0 0.034032014082185924
1120.0 0.03551221452653408
1121.0 0.03720743115991354
1122.0 0.038902644882909954
1123.0 0.04041163483634591
1124.0 0.041920627700164914
1125.0 0.042074499651789665
1126.0 0.04222836869303137
1127.0 0.04258886619936675
1128.0 0.04294936661608517
1129.0 0.0461131043266505
1130.0 0.04927684203721583
1131.0 0.05220749299041927
1132.0 0.05513814394362271
1133.0 0.057040899991989136
1134.0 0.058943661861121655
1135.0 0.06463411846198142
1136.0 0.07032457506284118
1137.0 0.07293716189451516
1138.0 0.07554974872618914
1139.0 0.08626434137113392
1140.0 0.09697892819531262
1141.0 0.12354350183159113
1142.0 0.15010806964710355
1143.0 0.2971441950649023
1144.0 0.444180378690362
1145.0 0.8540274575352669
1146.0 1.263874489814043
1147.0 1.4653333462774754
1148.0 1.6667917370796204
1149.0 1.844990998506546
1150.0 2.023189514875412
