lsstCam/transmission_filter_detector/r14_s01/i_39/19700101T000000.ecsv
# %ECSV 1.0
# ---
# datatype:
# - {name: wavelength, unit: nm, datatype: float32}
# - {name: efficiency, unit: '%', datatype: float64}
# meta: !!omap
# - {MODE: DETECTOR}
# - {TYPE: transmission_filter_detector}
# - {CALIBDATE: '1970-01-01T00:00:00'}
# - {INSTRUME: LSSTCam}
# - {OBSTYPE: transmission_filter_detector}
# - {CALIBCLS: lsst.ip.isr.IntermediateFilterDetectorTransmissionCurve}
# - {SOURCE: Materion (DM-46256)}
# - {DETECTOR: 64}
# - {FILTER: i_39}
# - {CALIB_ID: 'calibDate=1970-01-01T00:00:00 filter=i_39 detector=64'}
# - {DATE: '2025-04-02T15:59:46.775804'}
# - {CALIB_CREATION_DATE: '2025-04-02'}
# - {CALIB_CREATION_TIME: '15:59:46'}
# - __serialized_columns__:
#     efficiency:
#       __class__: astropy.units.quantity.Quantity
#       unit: !astropy.units.Unit {unit: '%'}
#       value: !astropy.table.SerializedColumn {name: efficiency}
#     wavelength:
#       __class__: astropy.units.quantity.Quantity
#       unit: !astropy.units.Unit {unit: nm}
#       value: !astropy.table.SerializedColumn {name: wavelength}
# schema: astropy-2.0
wavelength efficiency
300.0 0.07234544609673321
301.0 0.03218961355742067
302.0 1.71853785542464e-10
303.0 0.017198376008309424
304.0 0.04236293607391417
305.0 0.03324737481307238
306.0 0.02413181500742212
307.0 0.0024318616851815023
308.0 1.71853785542464e-10
309.0 1.71853785542464e-10
310.0 1.71853785542464e-10
311.0 1.71853785542464e-10
312.0 0.001776723365765065
313.0 1.71853785542464e-10
314.0 1.71853785542464e-10
315.0 1.71853785542464e-10
316.0 1.71853785542464e-10
317.0 1.71853785542464e-10
318.0 1.71853785542464e-10
319.0 1.71853785542464e-10
320.0 1.71853785542464e-10
321.0 1.71853785542464e-10
322.0 1.71853785542464e-10
323.0 1.71853785542464e-10
324.0 1.71853785542464e-10
325.0 1.71853785542464e-10
326.0 1.71853785542464e-10
327.0 1.71853785542464e-10
328.0 0.0036582088796421885
329.0 0.0023749265892547555
330.0 0.0010916446626652032
331.0 0.0002544087919886806
332.0 1.71853785542464e-10
333.0 0.0007829026799299754
334.0 0.002148631938325707
335.0 0.0015295132470782846
336.0 0.0009103952834266238
337.0 0.0018291369997314177
338.0 0.0027478787160362117
339.0 0.003196116813342087
340.0 0.0036443554563447833
341.0 0.0005162210072739981
342.0 1.71853785542464e-10
343.0 1.71853785542464e-10
344.0 1.71853785542464e-10
345.0 1.71853785542464e-10
346.0 1.71853785542464e-10
347.0 1.71853785542464e-10
348.0 1.71853785542464e-10
349.0 1.71853785542464e-10
350.0 1.71853785542464e-10
351.0 1.71853785542464e-10
352.0 1.71853785542464e-10
353.0 1.71853785542464e-10
354.0 1.71853785542464e-10
355.0 1.71853785542464e-10
356.0 1.71853785542464e-10
357.0 0.0001625122422410641
358.0 0.0006080197636038065
359.0 0.0008343026820512023
360.0 0.0010605851457512472
361.0 0.0007411462320305873
362.0 0.00042170736378466245
363.0 0.0004249423454893986
364.0 0.00042817755456781015
365.0 0.0011696828551066574
366.0 0.0019111887013423257
367.0 0.0011120529961772263
368.0 0.00031291733648686204
369.0 0.0008419700861850288
370.0 0.0013710227904084604
371.0 0.0011786141840275377
372.0 0.0009862054866971448
373.0 0.0010365557500335854
374.0 0.0010869059224205557
375.0 0.00019107101252302527
376.0 1.71853785542464e-10
377.0 1.71853785542464e-10
378.0 1.71853785542464e-10
379.0 2.8653013828261464e-05
380.0 9.232978754880605e-05
381.0 1.71853785542464e-10
382.0 1.71853785542464e-10
383.0 1.71853785542464e-10
384.0 0.0012780679753632285
385.0 0.0011978816473856568
386.0 0.0011176951375091448
387.0 1.71853785542464e-10
388.0 1.71853785542464e-10
389.0 1.71853785542464e-10
390.0 1.71853785542464e-10
391.0 1.71853785542464e-10
392.0 1.71853785542464e-10
393.0 1.71853785542464e-10
394.0 0.0005448914180306019
395.0 1.71853785542464e-10
396.0 1.71853785542464e-10
397.0 1.71853785542464e-10
398.0 0.00012235251460879226
399.0 0.00011908643955393927
400.0 0.00011582029628698365
401.0 0.0009398435395269189
402.0 0.0017638656572671607
403.0 0.0018547125364420936
404.0 0.0019455603251117282
405.0 0.003751857002498582
406.0 0.0055581534979864955
407.0 0.0024146931536961347
408.0 1.71853785542464e-10
409.0 0.00014954932794353226
410.0 0.0010278661648044363
411.0 0.0030075321774347685
412.0 0.004987198917660862
413.0 0.004488541526370682
414.0 0.0039898852264741436
415.0 0.00455379304185044
416.0 0.005117700129630975
417.0 0.0031653442420065403
418.0 0.001212987808685284
419.0 0.0035376193409319967
420.0 0.00586225105507765
421.0 0.00476201057608705
422.0 0.0036617700970964506
423.0 0.0040876857383409515
424.0 0.004513601015787572
425.0 0.0034305496228626
426.0 0.002347497320442926
427.0 0.0034223165130242705
428.0 0.004497135887504555
429.0 0.00513585218868684
430.0 0.005774569217464887
431.0 0.004536532287602313
432.0 0.0032984960853355005
433.0 0.004298783096601255
434.0 0.005299069744069129
435.0 0.003486269633867778
436.0 0.0016734691598685458
437.0 0.0011663223631330766
438.0 0.0006591757482965477
439.0 0.0013362783647608012
440.0 0.002013381163123995
441.0 0.0006279008175624767
442.0 1.71853785542464e-10
443.0 1.71853785542464e-10
444.0 1.71853785542464e-10
445.0 1.71853785542464e-10
446.0 1.71853785542464e-10
447.0 0.00014325610209198203
448.0 0.00034310983210161794
449.0 1.71853785542464e-10
450.0 1.71853785542464e-10
451.0 0.00017014342574839247
452.0 0.0012942708963237237
453.0 0.0015984496712917462
454.0 0.0019026287191081792
455.0 0.001875491398095619
456.0 0.0018483540770830587
457.0 0.001195248023577733
458.0 0.0005421419700724073
459.0 0.0003433891833992675
460.0 0.00014463647630691412
461.0 0.0003093749228355591
462.0 0.00047411335799552035
463.0 0.00012067395118720015
464.0 1.71853785542464e-10
465.0 0.00018898823554991395
466.0 0.000610741926720948
467.0 0.0007437957719957922
468.0 0.0008768495717959013
469.0 0.00045348028834268916
470.0 3.011101910033176e-05
471.0 0.00039680189729551785
472.0 0.0007634927897015586
473.0 0.0009311681424151175
474.0 0.0010988436770276166
475.0 0.0006367954483721405
476.0 0.00017474752667112625
477.0 0.0006450916771427728
478.0 0.0011154358617204707
479.0 0.0011636521776381414
480.0 0.0012118684935558122
481.0 0.002485954792064149
482.0 0.0037600395444314927
483.0 0.005094741936773062
484.0 0.006429444329114631
485.0 0.006431959627661854
486.0 0.006434475653804839
487.0 0.009247630805475637
488.0 0.012060785957146436
489.0 0.01614661596249789
490.0 0.020232447423040867
491.0 0.023790619161445647
492.0 0.027348790899850428
493.0 0.03004753089044243
494.0 0.03274627379141748
495.0 0.029212277149781585
496.0 0.0256782746873796
497.0 0.01957823260454461
498.0 0.013478187611326575
499.0 0.009649858839111403
500.0 0.005821532249683514
501.0 0.0043715175706893206
502.0 0.0029215036192908883
503.0 0.0023094295102055185
504.0 0.0016973552192212082
505.0 0.0017644912077230401
506.0 0.0018316275600227527
507.0 0.002157040398742538
508.0 0.002482453237462323
509.0 0.0026041127057396807
510.0 0.002725771992118098
511.0 0.002065259286609944
512.0 0.00140474658110179
513.0 0.001573934787302278
514.0 0.0017431228116038255
515.0 0.002329454764549155
516.0 0.0029157870812923647
517.0 0.002266226692881901
518.0 0.0016166664863703772
519.0 0.0019363449609954841
520.0 0.002256023435620591
521.0 0.0018861079297494143
522.0 0.001516192605777178
523.0 0.00143075512823998
524.0 0.0013453179235511925
525.0 0.0019432325643720105
526.0 0.0025411471142433584
527.0 0.002836945714079775
528.0 0.0031327443139161915
529.0 0.0031772786314832047
530.0 0.003221812949050218
531.0 0.0028853224648628384
532.0 0.00254883252637228
533.0 0.0020910774765070528
534.0 0.0016333224266418256
535.0 0.001599931056261994
536.0 0.001566539503983222
537.0 0.0022501631974591874
538.0 0.0029337867090362124
539.0 0.0034182510717073455
540.0 0.003902715616277419
541.0 0.004597747829393484
542.0 0.005292780042509548
543.0 0.005216801582719199
544.0 0.00514082312292885
545.0 0.004309015639591962
546.0 0.003477208156255074
547.0 0.0026123321731574833
548.0 0.0017474560081609525
549.0 0.0017931466572917998
550.0 0.001838837306422647
551.0 0.0015858415281400084
552.0 0.0013328459317563102
553.0 0.001691463876341004
554.0 0.0020500818209256977
555.0 0.0015896555851213634
556.0 0.0011292294402664993
557.0 0.0008880037057679147
558.0 0.0006467781531682704
559.0 0.00022724834707332775
560.0 1.71853785542464e-10
561.0 0.0005423973561846651
562.0 0.0012770763532898854
563.0 0.0014131420357443858
564.0 0.0015492078091483563
565.0 0.0012355641047179233
566.0 0.0009219204002874903
567.0 0.0009723283255880233
568.0 0.0010227360689896159
569.0 0.0009669188330008183
570.0 0.0009111012332141399
571.0 0.0005577412593993358
572.0 0.000204381171897694
573.0 0.00037083889310451923
574.0 0.0005372966825234471
575.0 0.0004688558419729816
576.0 0.000400414955947781
577.0 0.00046371510507015046
578.0 0.0005270152087177848
579.0 0.00020607733404176543
580.0 1.71853785542464e-10
581.0 0.0001278487843592302
582.0 0.0003705581093527144
583.0 0.0004756103407999035
584.0 0.0005806624358228873
585.0 0.0006827091056038626
586.0 0.0007847559572837781
587.0 0.0007635851034137886
588.0 0.0007424141585943289
589.0 0.0007220697625598405
590.0 0.0007017254120000871
591.0 0.0008945715308072977
592.0 0.0010874179679376539
593.0 0.0007210451713035582
594.0 0.00035467242014419753
595.0 0.0006491101885330863
596.0 0.00094354791144724
597.0 0.000695331436872948
598.0 0.00044711505324812606
599.0 0.0004905510195385432
600.0 0.000533986849404755
601.0 0.0004277035259292461
602.0 0.00032142020245373715
603.0 0.0002998387799379998
604.0 0.00027825722099805716
605.0 0.00021398163880803622
606.0 0.00014970607935538283
607.0 0.00039875844777270686
608.0 0.0006478107025031932
609.0 0.0005867466370546026
610.0 0.0005256822532828664
611.0 0.00067938872234663
612.0 0.0008330952368851285
613.0 0.000490093361804611
614.0 0.00014709157767356373
615.0 1.71853785542464e-10
616.0 1.71853785542464e-10
617.0 1.71853785542464e-10
618.0 0.00012406612768245395
619.0 0.000266863116848981
620.0 0.00040966015149024315
621.0 0.0005085787961434107
622.0 0.0006074973498471081
623.0 0.0005272765974950744
624.0 0.00044705584514304064
625.0 0.00046647996896354016
626.0 0.0004859040927840397
627.0 0.0003574988795662648
628.0 0.0002290936436111224
629.0 0.0004715377599495696
630.0 0.0007139818535506492
631.0 0.0005822585535497637
632.0 0.00045053520807414316
633.0 0.00044845855882158503
634.0 0.0004463819095690269
635.0 0.000368112227988604
636.0 0.00028984247819607845
637.0 0.0003150067641399801
638.0 0.00034017086818494136
639.0 0.0005923646767769242
640.0 0.0008445584171568044
641.0 0.0006037833372829482
642.0 0.00036300821193435695
643.0 0.0005157235136721283
644.0 0.0006684388154098997
645.0 0.0006355577625072328
646.0 0.0006026768005540362
647.0 0.0007733842721791007
648.0 0.0009440922440262511
649.0 0.0007986403034010436
650.0 0.0006531884537253063
651.0 0.0008891121979104355
652.0 0.001125036123994505
653.0 0.0012217288713145535
654.0 0.0013184215276851319
655.0 0.0017705066056805663
656.0 0.0022225915017770603
657.0 0.003223167368560098
658.0 0.004223741780151613
659.0 0.006614995072595775
660.0 0.06957221194170415
661.0 0.11437443317845464
662.0 0.08829644648358226
663.0 0.09398512775078416
664.0 0.13129753060638905
665.0 0.12681346852332354
666.0 0.09979711612686515
667.0 0.16138668870553374
668.0 0.1636100234463811
669.0 0.25154980830848217
670.0 0.3258568234741688
671.0 0.4538754001259804
672.0 0.6856353487819433
673.0 1.1721775867044926
674.0 1.7403457313776016
675.0 2.5452345609664917
676.0 3.614049404859543
677.0 4.986691847443581
678.0 6.337229162454605
679.0 7.786582410335541
680.0 9.68136340379715
681.0 11.727198958396912
682.0 14.308391511440277
683.0 17.159147560596466
684.0 20.218002796173096
685.0 23.13818633556366
686.0 26.185274124145508
687.0 29.273003339767456
688.0 32.46560990810394
689.0 35.56125462055206
690.0 39.13513123989105
691.0 43.016400933265686
692.0 47.732749581336975
693.0 52.750903367996216
694.0 58.422523736953735
695.0 64.04860615730286
696.0 70.27807831764221
697.0 75.83386898040771
698.0 81.97180032730103
699.0 86.65165305137634
700.0 90.33932685852051
701.0 93.22829246520996
702.0 95.35372257232666
703.0 96.4914083480835
704.0 97.10426926612854
705.0 97.59799242019653
706.0 97.61391282081604
707.0 97.8245735168457
708.0 97.90539741516113
709.0 98.01769852638245
710.0 97.72152900695801
711.0 97.91279435157776
712.0 97.804856300354
713.0 97.83661365509033
714.0 97.95915484428406
715.0 98.00562262535095
716.0 97.90042638778687
717.0 98.02795052528381
718.0 98.09053540229797
719.0 98.06650876998901
720.0 98.22372794151306
721.0 98.25119972229004
722.0 97.9596734046936
723.0 97.7511465549469
724.0 97.48702049255371
725.0 97.19771146774292
726.0 96.83030843734741
727.0 96.59587740898132
728.0 96.28475904464722
729.0 96.07893228530884
730.0 96.0860013961792
731.0 96.19588255882263
732.0 96.19309902191162
733.0 96.50959968566895
734.0 96.92103266716003
735.0 97.09384441375732
736.0 97.48017191886902
737.0 97.89137840270996
738.0 98.2047438621521
739.0 98.53162169456482
740.0 98.5573410987854
741.0 98.46803545951843
742.0 98.72917532920837
743.0 98.59052300453186
744.0 98.44895005226135
745.0 98.3815848827362
746.0 98.34928512573242
747.0 98.62420558929443
748.0 98.50956201553345
749.0 98.38849306106567
750.0 98.46524596214294
751.0 98.35228323936462
752.0 98.24240803718567
753.0 98.45734238624573
754.0 98.39583039283752
755.0 98.43657612800598
756.0 98.48955869674683
757.0 98.49812984466553
758.0 98.62884879112244
759.0 98.60278964042664
760.0 98.42277765274048
761.0 98.37054014205933
762.0 98.46560955047607
763.0 98.42105507850647
764.0 98.27710390090942
765.0 98.3087420463562
766.0 98.37512373924255
767.0 98.13687205314636
768.0 98.16439151763916
769.0 98.16580414772034
770.0 97.97431826591492
771.0 98.02416563034058
772.0 98.09175133705139
773.0 98.0262279510498
774.0 97.90429472923279
775.0 97.96172380447388
776.0 97.86314964294434
777.0 97.93338775634766
778.0 97.8705108165741
779.0 97.88757562637329
780.0 97.76124358177185
781.0 97.99256920814514
782.0 97.7887213230133
783.0 97.83693552017212
784.0 97.8452980518341
785.0 97.94784784317017
786.0 98.10272455215454
787.0 97.84920811653137
788.0 97.93634414672852
789.0 98.12915325164795
790.0 98.05658459663391
791.0 98.02334904670715
792.0 97.86884188652039
793.0 97.88023233413696
794.0 97.90197014808655
795.0 97.78159260749817
796.0 97.82805442810059
797.0 97.9276180267334
798.0 97.94241786003113
799.0 97.79138565063477
800.0 97.6164162158966
801.0 97.67692685127258
802.0 97.5989818572998
803.0 97.36798405647278
804.0 97.23206758499146
805.0 96.90231680870056
806.0 96.67235612869263
807.0 96.15084528923035
808.0 95.41923999786377
809.0 94.47500109672546
810.0 93.48527789115906
811.0 92.06184148788452
812.0 90.15851020812988
813.0 87.85394430160522
814.0 85.19324660301208
815.0 81.96228742599487
816.0 78.55268716812134
817.0 74.44513440132141
818.0 69.63533163070679
819.0 65.42492508888245
820.0 60.368335247039795
821.0 55.678945779800415
822.0 51.13098621368408
823.0 46.44288122653961
824.0 41.76185429096222
825.0 37.488770484924316
826.0 32.980507612228394
827.0 28.389805555343628
828.0 24.204517900943756
829.0 20.035043358802795
830.0 15.63657522201538
831.0 12.219659984111786
832.0 8.739367127418518
833.0 6.040707603096962
834.0 3.907538205385208
835.0 2.3993708193302155
836.0 1.4331054873764515
837.0 0.8317645639181137
838.0 0.4550046753138304
839.0 0.2940047299489379
840.0 0.1557047595269978
841.0 0.09216227335855365
842.0 0.062870531110093
843.0 0.0183791751624085
844.0 1.71853785542464e-10
845.0 1.71853785542464e-10
846.0 1.71853785542464e-10
847.0 1.71853785542464e-10
848.0 1.71853785542464e-10
849.0 0.0026943307602778077
850.0 1.71853785542464e-10
851.0 9.224893346981844e-05
852.0 0.001347045963484561
853.0 0.0013377140021475498
854.0 0.0013283824046084192
855.0 0.0009385525117977522
856.0 0.0005487228008860257
857.0 0.0007614583410031628
858.0 0.0009741935173224192
859.0 0.000649956473353086
860.0 0.0003257192929595476
861.0 0.0003142758714602678
862.0 0.00030283235901151784
863.0 0.00013892828292227932
864.0 1.71853785542464e-10
865.0 1.71853785542464e-10
866.0 1.71853785542464e-10
867.0 1.8064631035485945e-05
868.0 5.026277563047188e-05
869.0 1.71853785542464e-10
870.0 1.71853785542464e-10
871.0 1.71853785542464e-10
872.0 0.0002163548742828425
873.0 0.00018298519535164814
874.0 0.0001496154709457187
875.0 0.00014613982557420968
876.0 0.00014266421430875198
877.0 1.71853785542464e-10
878.0 1.71853785542464e-10
879.0 2.872268467513095e-06
880.0 0.00046203363126551267
881.0 0.00021771195406472543
882.0 1.71853785542464e-10
883.0 0.0001283335336665914
884.0 0.0002832767904692446
885.0 0.0001069731411007524
886.0 1.71853785542464e-10
887.0 2.9190113082222524e-05
888.0 0.0001277107116948173
889.0 4.916606712868088e-05
890.0 1.71853785542464e-10
891.0 8.056651950028026e-05
892.0 0.0001905115595945972
893.0 0.00025165354600176215
894.0 0.00031279555514629465
895.0 2.7973376859335986e-05
896.0 1.71853785542464e-10
897.0 1.71853785542464e-10
898.0 1.71853785542464e-10
899.0 1.71853785542464e-10
900.0 1.71853785542464e-10
