lsstCam/transmission_filter_detector/r14_s01/i_39/19700101T000000.ecsv
# %ECSV 1.0
# ---
# datatype:
# - {name: wavelength, unit: nm, datatype: float32}
# - {name: efficiency, unit: '%', datatype: float64}
# meta: !!omap
# - {MODE: DETECTOR}
# - {TYPE: transmission_filter_detector}
# - {CALIBDATE: '1970-01-01T00:00:00'}
# - {INSTRUME: LSSTCam}
# - {OBSTYPE: transmission_filter_detector}
# - {CALIBCLS: lsst.ip.isr.IntermediateFilterDetectorTransmissionCurve}
# - {SOURCE: Materion (DM-46256)}
# - {DETECTOR: 64}
# - {FILTER: i_39}
# - {CALIB_ID: 'calibDate=1970-01-01T00:00:00 filter=i_39 detector=64'}
# - {DATE: '2025-04-02T15:59:46.775804'}
# - {CALIB_CREATION_DATE: '2025-04-02'}
# - {CALIB_CREATION_TIME: '15:59:46'}
# - __serialized_columns__:
#     efficiency:
#       __class__: astropy.units.quantity.Quantity
#       unit: !astropy.units.Unit {unit: '%'}
#       value: !astropy.table.SerializedColumn {name: efficiency}
#     wavelength:
#       __class__: astropy.units.quantity.Quantity
#       unit: !astropy.units.Unit {unit: nm}
#       value: !astropy.table.SerializedColumn {name: wavelength}
# schema: astropy-2.0
wavelength efficiency
[from data line 602]
902.0 1.71853785542464e-10
903.0 1.71853785542464e-10
904.0 1.71853785542464e-10
905.0 1.71853785542464e-10
906.0 1.71853785542464e-10
907.0 0.0001288836983803776
908.0 0.00027170228804607177
909.0 1.71853785542464e-10
910.0 1.71853785542464e-10
911.0 1.71853785542464e-10
912.0 2.9756716912743286e-05
913.0 3.166709063862072e-05
914.0 3.35774672066691e-05
915.0 1.71853785542464e-10
916.0 1.71853785542464e-10
917.0 1.71853785542464e-10
918.0 1.71853785542464e-10
919.0 1.71853785542464e-10
920.0 1.71853785542464e-10
921.0 4.348890740857314e-05
922.0 8.752393227950961e-05
923.0 1.71853785542464e-10
924.0 1.71853785542464e-10
925.0 2.540522814342694e-05
926.0 0.0002903793983932701
927.0 1.71853785542464e-10
928.0 1.71853785542464e-10
929.0 1.71853785542464e-10
930.0 0.0001924479875015095
931.0 0.00021247153654258
932.0 0.0002324950855836505
933.0 0.0001845902374952857
934.0 0.0001366854235129722
935.0 1.71853785542464e-10
936.0 1.71853785542464e-10
937.0 1.71853785542464e-10
938.0 1.71853785542464e-10
939.0 1.71853785542464e-10
940.0 1.71853785542464e-10
941.0 1.71853785542464e-10
942.0 1.71853785542464e-10
943.0 1.71853785542464e-10
944.0 1.71853785542464e-10
945.0 1.71853785542464e-10
946.0 1.71853785542464e-10
947.0 1.71853785542464e-10
948.0 1.71853785542464e-10
949.0 1.71853785542464e-10
950.0 1.71853785542464e-10
951.0 1.71853785542464e-10
952.0 1.71853785542464e-10
953.0 1.71853785542464e-10
954.0 1.71853785542464e-10
955.0 7.80554501034203e-05
956.0 0.0002892860266001662
957.0 0.0002227732011306216
958.0 0.00015626030744897434
959.0 0.00016707125496395747
960.0 0.00017788222521630814
961.0 0.00010462798627486336
962.0 3.1373781439469894e-05
963.0 1.71853785542464e-10
964.0 1.71853785542464e-10
965.0 1.71853785542464e-10
966.0 1.71853785542464e-10
967.0 1.71853785542464e-10
968.0 1.71853785542464e-10
969.0 1.71853785542464e-10
970.0 1.71853785542464e-10
971.0 1.71853785542464e-10
972.0 1.71853785542464e-10
973.0 1.71853785542464e-10
974.0 1.71853785542464e-10
975.0 1.71853785542464e-10
976.0 1.71853785542464e-10
977.0 1.71853785542464e-10
978.0 1.71853785542464e-10
979.0 1.71853785542464e-10
980.0 1.71853785542464e-10
981.0 1.71853785542464e-10
982.0 1.71853785542464e-10
983.0 1.71853785542464e-10
984.0 1.71853785542464e-10
985.0 7.504618224629667e-05
986.0 0.00022744493435311597
987.0 6.553703713052528e-06
988.0 1.71853785542464e-10
989.0 1.71853785542464e-10
990.0 1.71853785542464e-10
991.0 1.71853785542464e-10
992.0 1.71853785542464e-10
993.0 1.71853785542464e-10
994.0 1.71853785542464e-10
995.0 1.71853785542464e-10
996.0 1.71853785542464e-10
997.0 6.1008762486380874e-05
998.0 0.0003314622745165252
999.0 0.0003567906560419942
1000.0 0.0003821190148300957
1001.0 0.00018195197526438278
1002.0 1.71853785542464e-10
1003.0 5.275334729049064e-05
1004.0 0.0001237218384630978
1005.0 7.542854518760578e-06
1006.0 1.71853785542464e-10
1007.0 9.099343856178166e-06
1008.0 0.0001268348569283262
1009.0 0.0001147957277680689
1010.0 0.00010275655313307652
1011.0 0.00019168599010299658
1012.0 0.00028061538159818156
1013.0 0.00040397653719992377
1014.0 0.0005273377155390335
1015.0 0.00043113750507473014
1016.0 0.00033493729461042676
1017.0 0.0004556831299851183
1018.0 0.0005764291017840151
1019.0 0.00040101258491631597
1020.0 0.00022559599983651424
1021.0 0.00019726826394617092
1022.0 0.00016894055079319514
1023.0 0.0005279442575556459
1024.0 0.0008869480552675668
1025.0 0.0006721730642311741
1026.0 0.00045739802772004623
1027.0 0.00040017794162849896
1028.0 0.0003429578100622166
1029.0 0.0007604875463584904
1030.0 0.0011780172826547641
1031.0 0.0017640231817495078
1032.0 0.0023500289898947813
1033.0 0.0025122391889453866
1034.0 0.0026744486604002304
1035.0 0.0032364227081416175
1036.0 0.003798396573984064
1037.0 0.0038523226976394653
1038.0 0.003906248457496986
1039.0 0.0031841973395785317
1040.0 0.0024621460397611372
1041.0 0.0019160286683472805
1042.0 0.0013699112059839536
1043.0 0.002091528040182311
1044.0 0.0028131447834311984
1045.0 0.003293604459031485
1046.0 0.0037740650441264734
1047.0 0.0035902550735045224
1048.0 0.0034064454666804522
1049.0 0.0031260991818271577
1050.0 0.0028457530788728036
1051.0 0.0028055279472027905
1052.0 0.002765302997431718
1053.0 0.0018933164028567262
1054.0 0.0010213297173322644
1055.0 0.0009190471246256493
1056.0 0.0008167643500200938
1057.0 0.000843474299472291
1058.0 0.0008701844308234286
1059.0 0.0009678393325884826
1060.0 0.0010654946891008876
1061.0 0.0017551368728163652
1062.0 0.0024447788746329024
1063.0 0.0024768065486568958
1064.0 0.0025088344045798294
1065.0 0.0029671229640371166
1066.0 0.003425411705393344
1067.0 0.004254428131389432
1068.0 0.0050834441935876384
1069.0 0.004225224256515503
1070.0 0.0033670043194433674
1071.0 0.003163902147207409
1072.0 0.0029608001568703912
1073.0 0.002676885742403101
1074.0 0.002392971327935811
1075.0 0.0024361088435398415
1076.0 0.0024792461772449315
1077.0 0.0017969163309317082
1078.0 0.001114586484618485
1079.0 0.0014894881132931914
1080.0 0.0018643899238668382
1081.0 0.001104043985833414
1082.0 0.0003436980023252545
1083.0 1.71853785542464e-10
1084.0 1.71853785542464e-10
1085.0 0.00020307295471866382
1086.0 0.0007506000201829011
1087.0 0.0007439447472279426
1088.0 0.0007372896106971893
1089.0 1.71853785542464e-10
1090.0 1.71853785542464e-10
1091.0 1.71853785542464e-10
1092.0 1.71853785542464e-10
1093.0 1.71853785542464e-10
1094.0 0.0004703376816905802
1095.0 0.000630673639534507
1096.0 0.0007910098247521091
1097.0 1.71853785542464e-10
1098.0 1.71853785542464e-10
1099.0 1.71853785542464e-10
1100.0 7.697206001466839e-05
