lsstCam/transmission_filter_detector/r32_s22/u_24/19700101T000000.ecsv
# %ECSV 1.0
# ---
# datatype:
# - {name: wavelength, unit: nm, datatype: float32}
# - {name: efficiency, unit: '%', datatype: float64}
# meta: !!omap
# - {MODE: DETECTOR}
# - {TYPE: transmission_filter_detector}
# - {CALIBDATE: '1970-01-01T00:00:00'}
# - {INSTRUME: LSSTCam}
# - {OBSTYPE: transmission_filter_detector}
# - {CALIBCLS: lsst.ip.isr.IntermediateFilterDetectorTransmissionCurve}
# - {SOURCE: Materion (DM-46256)}
# - {DETECTOR: 143}
# - {FILTER: u_24}
# - {CALIB_ID: 'calibDate=1970-01-01T00:00:00 filter=u_24 detector=143'}
# - {DATE: '2025-04-02T15:59:40.412622'}
# - {CALIB_CREATION_DATE: '2025-04-02'}
# - {CALIB_CREATION_TIME: '15:59:40'}
# - __serialized_columns__:
#     efficiency:
#       __class__: astropy.units.quantity.Quantity
#       unit: !astropy.units.Unit {unit: '%'}
#       value: !astropy.table.SerializedColumn {name: efficiency}
#     wavelength:
#       __class__: astropy.units.quantity.Quantity
#       unit: !astropy.units.Unit {unit: nm}
#       value: !astropy.table.SerializedColumn {name: wavelength}
# schema: astropy-2.0
wavelength efficiency
[from data line 581]
876.0 0.0024267350454465486
877.0 0.002597388083813712
878.0 0.002768041485978756
879.0 0.002790761209325865
880.0 0.0028134812964708544
881.0 0.002798783498292323
882.0 0.002784085700113792
883.0 0.002715244045248255
884.0 0.0026464018446858972
885.0 0.0027065045287599787
886.0 0.0027666068490361795
887.0 0.0026283221814082935
888.0 0.002490037149982527
889.0 0.0026613932277541608
890.0 0.0028327491236268543
891.0 0.0029377331884461455
892.0 0.003042716889467556
893.0 0.0031381267035612836
894.0 0.003233536335756071
895.0 0.0032125393772730604
896.0 0.0031915427825879306
897.0 0.0032721407478675246
898.0 0.0033527387131471187
899.0 0.0032893207389861345
900.0 0.003225903492420912
901.0 0.003703581023728475
902.0 0.004181258555036038
903.0 0.004443652505869977
904.0 0.004706046456703916
905.0 0.004709903078037314
906.0 0.004713759335572831
907.0 0.004931396324536763
908.0 0.005149033313500695
909.0 0.005216874706093222
910.0 0.00528471646248363
911.0 0.005338089613360353
912.0 0.005391462764237076
913.0 0.005365243850974366
914.0 0.005339025301509537
915.0 0.004925520624965429
916.0 0.0045120163122192025
917.0 0.004481222640606575
918.0 0.004450428968993947
919.0 0.0045612592657562345
920.0 0.004672089562518522
921.0 0.004761110176332295
922.0 0.004850130790146068
923.0 0.004991514288121834
924.0 0.005132898149895482
925.0 0.005442141628009267
926.0 0.005751385469920933
927.0 0.00610096103628166
928.0 0.006450536602642387
929.0 0.006747220322722569
930.0 0.007043906225590035
931.0 0.007015340815996751
932.0 0.0069867761339992285
933.0 0.007353783439612016
934.0 0.007720790017629042
935.0 0.007672180800000206
936.0 0.007623570854775608
937.0 0.00716092181392014
938.0 0.006698273500660434
939.0 0.006632774602621794
940.0 0.00656727424939163
941.0 0.005957777102594264
942.0 0.005348280683392659
943.0 0.004722271114587784
944.0 0.004096261181985028
945.0 0.003497601210256107
946.0 0.002898940692830365
947.0 0.002527139622543473
948.0 0.0021553380065597594
949.0 0.0018222062863060273
950.0 0.0014890747479512356
951.0 0.0016163803593371995
952.0 0.001743686334521044
953.0 0.0017855387341114692
954.0 0.0018273913156008348
955.0 0.0019744013115996495
956.0 0.002121411125699524
957.0 0.0020676305211964063
958.0 0.002013849916693289
959.0 0.0023668295398238115
960.0 0.002719809162954334
961.0 0.003280910095782019
962.0 0.003842010846710764
963.0 0.003972152990172617
964.0 0.004102295861230232
965.0 0.004393626295495778
966.0 0.004684956729761325
967.0 0.004565895869745873
968.0 0.004446835009730421
969.0 0.004617142622009851
970.0 0.004787450234289281
971.0 0.0047277204430429265
972.0 0.004667990651796572
973.0 0.004537878339760937
974.0 0.00440776530012954
975.0 0.004434141374076717
976.0 0.004460517084226012
977.0 0.0038778136513428763
978.0 0.0032951102184597403
979.0 0.0031501931516686454
980.0 0.00300527572107967
981.0 0.0028337224648566917
982.0 0.0026621692086337134
983.0 0.002575653707026504
984.0 0.0024891382054192945
985.0 0.0027726944608730264
986.0 0.0030562507163267583
987.0 0.00330238945025485
988.0 0.003548528184182942
989.0 0.004074773823958822
990.0 0.004601019463734701
991.0 0.005007387517252937
992.0 0.005413756298366934
993.0 0.005909685205551796
994.0 0.006405614112736657
995.0 0.006546515942318365
996.0 0.006687417771900073
997.0 0.006521805335069075
998.0 0.006356192170642316
999.0 0.006222748197615147
1000.0 0.006089304952183738
1001.0 0.0060642316384473816
1002.0 0.006039156869519502
1003.0 0.00582119137106929
1004.0 0.005603225145023316
1005.0 0.005584570681094192
1006.0 0.005565916217165068
1007.0 0.0052245632105041295
1008.0 0.004883210567641072
1009.0 0.004552063182927668
1010.0 0.004220916162012145
1011.0 0.003991766425315291
1012.0 0.003762615961022675
1013.0 0.0031907125958241522
1014.0 0.0026188086849288084
1015.0 0.0022280548364506103
1016.0 0.0018373011698713526
1017.0 0.001676509782555513
1018.0 0.001515718577138614
1019.0 0.00151379281305708
1020.0 0.0015118669580260757
1021.0 0.0014702642147312872
1022.0 0.0014286614714364987
1023.0 0.0012932980098412372
1024.0 0.0011579344572965056
1025.0 0.0012648955816985108
1026.0 0.0013718570698983967
1027.0 0.0013484969713317696
1028.0 0.0013251367818156723
1029.0 0.0015098021322046407
1030.0 0.0016944675735430792
1031.0 0.0016834770576679148
1032.0 0.0016724867236916907
1033.0 0.001604853241587989
1034.0 0.0015372197594842874
1035.0 0.0015908088244032115
1036.0 0.0016443973436253145
1037.0 0.0018355724023422226
1038.0 0.0020267474610591307
1039.0 0.0017921967810252681
1040.0 0.0015576461009914055
1041.0 0.001532538044557441
1042.0 0.001507429715275066
1043.0 0.0014450565686274786
1044.0 0.001382683331030421
1045.0 0.0015467076082131825
1046.0 0.0017107317034970038
1047.0 0.0021515024855034426
1048.0 0.0025922732675098814
1049.0 0.0022359517970471643
1050.0 0.0018796301446855068
1051.0 0.00165410074259853
1052.0 0.0014285712495620828
1053.0 0.0012079446605639532
1054.0 0.000987318253464764
1055.0 0.001093128594220616
1056.0 0.001198939025925938
1057.0 0.0007897938303358387
1058.0 0.00038064877116994467
1059.0 0.0010570298400125466
1060.0 0.0017334110452793539
1061.0 0.0014745141015737318
1062.0 0.0012156171578681096
1063.0 0.0010199834832747001
1064.0 0.0008243498996307608
1065.0 0.0006840025434939889
1066.0 0.0005436553237814223
1067.0 0.0007883348189352546
1068.0 0.001033014359563822
1069.0 0.001453559616493294
1070.0 0.0018741049643722363
1071.0 0.0019648679881356657
1072.0 0.0020556308300001547
1073.0 0.002455431422276888
1074.0 0.002855231832654681
1075.0 0.0025586097763152793
1076.0 0.002261987901874818
1077.0 0.0027005033189198002
1078.0 0.0031390187359647825
1079.0 0.0034231368772452697
1080.0 0.0037072542909299955
1081.0 0.0045231230615172535
1082.0 0.00533899110450875
1083.0 0.004106884807697497
1084.0 0.0028747776013915427
1085.0 0.0034789973142324015
1086.0 0.004083217208972201
1087.0 0.0039342878153547645
1088.0 0.003785358785535209
1089.0 0.0037473895645234734
1090.0 0.0037094207073096186
1091.0 0.0036718975024996325
1092.0 0.003634375025285408
1093.0 0.0036955749237677082
1094.0 0.0037567748222500086
1095.0 0.00368136606994085
1096.0 0.0036059573176316917
1097.0 0.004093773532076739
1098.0 0.004581589746521786
1099.0 0.004909030030830763
1100.0 0.005236470315139741
