lsstCam/transmission_filter_detector/r32_s22/u_24/19700101T000000.ecsv
# %ECSV 1.0
# ---
# datatype:
# - {name: wavelength, unit: nm, datatype: float32}
# - {name: efficiency, unit: '%', datatype: float64}
# meta: !!omap
# - {MODE: DETECTOR}
# - {TYPE: transmission_filter_detector}
# - {CALIBDATE: '1970-01-01T00:00:00'}
# - {INSTRUME: LSSTCam}
# - {OBSTYPE: transmission_filter_detector}
# - {CALIBCLS: lsst.ip.isr.IntermediateFilterDetectorTransmissionCurve}
# - {SOURCE: Materion (DM-46256)}
# - {DETECTOR: 143}
# - {FILTER: u_24}
# - {CALIB_ID: 'calibDate=1970-01-01T00:00:00 filter=u_24 detector=143'}
# - {DATE: '2025-04-02T15:59:40.412622'}
# - {CALIB_CREATION_DATE: '2025-04-02'}
# - {CALIB_CREATION_TIME: '15:59:40'}
# - __serialized_columns__:
#     efficiency:
#       __class__: astropy.units.quantity.Quantity
#       unit: !astropy.units.Unit {unit: '%'}
#       value: !astropy.table.SerializedColumn {name: efficiency}
#     wavelength:
#       __class__: astropy.units.quantity.Quantity
#       unit: !astropy.units.Unit {unit: nm}
#       value: !astropy.table.SerializedColumn {name: wavelength}
# schema: astropy-2.0
wavelength efficiency
295.0 1.5916470615454092e-10
296.0 1.5916470615454092e-10
297.0 1.5916470615454092e-10
298.0 1.5916470615454092e-10
299.0 1.5916470615454092e-10
300.0 1.5916470615454092e-10
301.0 1.5916470615454092e-10
302.0 0.07857476593926549
303.0 1.5916470615454092e-10
304.0 0.22771372459828854
305.0 0.5129800643771887
306.0 1.8027247861027718
307.0 2.9328467324376106
308.0 4.8567891120910645
309.0 7.964768260717392
310.0 11.315124481916428
311.0 14.803624153137207
312.0 18.64941567182541
313.0 21.956710517406464
314.0 24.78889375925064
315.0 27.537637948989868
316.0 29.575255513191223
317.0 32.02017545700073
318.0 34.6579372882843
319.0 38.13327252864838
320.0 43.23270916938782
321.0 48.443156480789185
322.0 54.561299085617065
323.0 60.0476861000061
324.0 64.90562558174133
325.0 68.20529699325562
326.0 70.7742989063263
327.0 72.72013425827026
328.0 74.53144788742065
329.0 75.83855390548706
330.0 77.31234431266785
331.0 78.24949622154236
332.0 78.59423756599426
333.0 78.75673770904541
334.0 78.605055809021
335.0 78.73393893241882
336.0 78.88665199279785
337.0 79.31800484657288
338.0 80.15033602714539
339.0 80.76331615447998
340.0 81.2659204006195
341.0 81.72677159309387
342.0 82.0574700832367
343.0 82.02471137046814
344.0 82.24496245384216
345.0 82.51219391822815
346.0 82.81408548355103
347.0 83.09504389762878
348.0 83.42792391777039
349.0 83.66583585739136
350.0 83.74414443969727
351.0 83.91749262809753
352.0 83.76140594482422
353.0 83.73480439186096
354.0 83.68316888809204
355.0 83.84714722633362
356.0 84.04465317726135
357.0 83.97735953330994
358.0 83.68350863456726
359.0 83.46092700958252
360.0 83.3970844745636
361.0 83.11792612075806
362.0 82.96750783920288
363.0 83.07923078536987
364.0 83.16840529441833
365.0 83.45677852630615
366.0 83.54804515838623
367.0 83.7530255317688
368.0 83.60537886619568
369.0 83.66190195083618
370.0 83.39287638664246
371.0 83.20431113243103
372.0 83.15415382385254
373.0 83.31940174102783
374.0 83.30473899841309
375.0 83.64492058753967
376.0 83.69545936584473
377.0 83.77096652984619
378.0 83.85998606681824
379.0 83.63678455352783
380.0 83.01098942756653
381.0 81.77204728126526
382.0 80.07727861404419
383.0 78.07052731513977
384.0 76.00373029708862
385.0 73.66712093353271
386.0 71.2736189365387
387.0 68.08406710624695
388.0 64.85623717308044
389.0 60.9880805015564
390.0 57.00734257698059
391.0 52.78174877166748
392.0 48.319438099861145
393.0 44.41222548484802
394.0 41.11739695072174
395.0 37.80364692211151
396.0 34.35753285884857
397.0 29.94687855243683
398.0 24.735337495803833
399.0 18.25520694255829
400.0 11.959122121334076
401.0 6.959680467844009
402.0 3.2471776008605957
403.0 1.125838328152895
404.0 0.3265689592808485
405.0 0.1437944476492703
406.0 0.06672032759524882
407.0 0.04514625179581344
408.0 0.013423885684460402
409.0 1.5916470615454092e-10
410.0 1.5916470615454092e-10
411.0 1.5916470615454092e-10
412.0 1.5916470615454092e-10
413.0 0.0033138330763904378
414.0 1.5916470615454092e-10
415.0 1.5916470615454092e-10
416.0 1.5916470615454092e-10
417.0 1.5916470615454092e-10
418.0 1.5916470615454092e-10
419.0 1.5916470615454092e-10
420.0 1.5916470615454092e-10
421.0 1.5916470615454092e-10
422.0 1.5916470615454092e-10
423.0 1.5916470615454092e-10
424.0 1.5916470615454092e-10
425.0 1.5916470615454092e-10
426.0 1.5916470615454092e-10
427.0 1.5916470615454092e-10
428.0 1.5916470615454092e-10
429.0 1.5916470615454092e-10
430.0 1.5916470615454092e-10
431.0 1.5916470615454092e-10
432.0 1.5916470615454092e-10
433.0 1.5916470615454092e-10
434.0 1.5916470615454092e-10
435.0 1.5916470615454092e-10
436.0 1.5916470615454092e-10
437.0 1.5916470615454092e-10
438.0 1.5916470615454092e-10
439.0 1.5916470615454092e-10
440.0 1.5916470615454092e-10
441.0 1.5916470615454092e-10
442.0 1.5916470615454092e-10
443.0 1.5916470615454092e-10
444.0 1.5916470615454092e-10
445.0 1.5916470615454092e-10
446.0 1.5916470615454092e-10
447.0 1.5916470615454092e-10
448.0 1.5916470615454092e-10
449.0 1.5916470615454092e-10
450.0 1.5916470615454092e-10
451.0 1.5916470615454092e-10
452.0 1.5916470615454092e-10
453.0 1.5916470615454092e-10
454.0 1.5916470615454092e-10
455.0 1.5916470615454092e-10
456.0 0.00018439849327478441
457.0 0.000322175765177235
458.0 0.00045995302571100183
459.0 0.00017304861330558197
460.0 1.5916470615454092e-10
461.0 1.5916470615454092e-10
462.0 1.5916470615454092e-10
463.0 1.5916470615454092e-10
464.0 1.5916470615454092e-10
465.0 1.5916470615454092e-10
466.0 1.5916470615454092e-10
467.0 1.5916470615454092e-10
468.0 3.4269756810090257e-06
469.0 1.5916470615454092e-10
470.0 1.5916470615454092e-10
471.0 1.5916470615454092e-10
472.0 1.5916470615454092e-10
473.0 1.5916470615454092e-10
474.0 7.772149501761305e-06
475.0 1.5916470615454092e-10
476.0 1.5916470615454092e-10
477.0 1.5916470615454092e-10
478.0 1.5916470615454092e-10
479.0 1.5916470615454092e-10
480.0 0.0002202060386480298
481.0 0.000251619871960429
482.0 0.00028303365979809314
483.0 9.571948567099753e-05
484.0 1.5916470615454092e-10
485.0 0.0001944119730978855
486.0 0.0004804186119145015
487.0 8.22603055894433e-05
488.0 1.5916470615454092e-10
489.0 1.5916470615454092e-10
490.0 1.5916470615454092e-10
491.0 1.5916470615454092e-10
492.0 0.00016421079180872766
493.0 1.5916470615454092e-10
494.0 1.5916470615454092e-10
495.0 1.5916470615454092e-10
496.0 1.5916470615454092e-10
497.0 1.5916470615454092e-10
498.0 1.5916470615454092e-10
499.0 1.5916470615454092e-10
500.0 1.5916470615454092e-10
501.0 1.5916470615454092e-10
502.0 1.5916470615454092e-10
503.0 1.5916470615454092e-10
504.0 0.00010609028322505765
505.0 1.5916470615454092e-10
506.0 1.5916470615454092e-10
507.0 1.5916470615454092e-10
508.0 1.5916470615454092e-10
509.0 1.5916470615454092e-10
510.0 1.5916470615454092e-10
511.0 1.5916470615454092e-10
512.0 1.5916470615454092e-10
513.0 0.00011332266467434238
514.0 0.00029998404897924047
515.0 0.0001788273607417068
516.0 5.7670644082463696e-05
517.0 1.5916470615454092e-10
518.0 1.5916470615454092e-10
519.0 1.5916470615454092e-10
520.0 1.5916470615454092e-10
521.0 1.5916470615454092e-10
522.0 1.5916470615454092e-10
523.0 1.5916470615454092e-10
524.0 1.5916470615454092e-10
525.0 1.5916470615454092e-10
526.0 1.5916470615454092e-10
527.0 1.5916470615454092e-10
528.0 1.5916470615454092e-10
529.0 1.5916470615454092e-10
530.0 1.5916470615454092e-10
531.0 1.5916470615454092e-10
532.0 1.5916470615454092e-10
533.0 1.5916470615454092e-10
534.0 0.00023265818072104594
535.0 0.0001400118890160229
536.0 4.736565983876062e-05
537.0 1.5916470615454092e-10
538.0 1.5916470615454092e-10
539.0 1.5916470615454092e-10
540.0 1.5916470615454092e-10
541.0 1.5916470615454092e-10
542.0 1.5916470615454092e-10
543.0 1.5916470615454092e-10
544.0 0.00012943535239173798
545.0 0.0001687995904831041
546.0 0.00020816371488763252
547.0 0.00014741199265699834
548.0 8.666027042636415e-05
549.0 1.5916470615454092e-10
550.0 1.5916470615454092e-10
551.0 1.5916470615454092e-10
552.0 1.5916470615454092e-10
553.0 1.5916470615454092e-10
554.0 1.5916470615454092e-10
555.0 1.5916470615454092e-10
556.0 7.611300247845065e-05
557.0 0.00013474228808263433
558.0 0.00019337148842168972
559.0 0.0001786153688954073
560.0 0.0001638592038943898
561.0 7.482142905246292e-05
562.0 1.5916470615454092e-10
563.0 7.660127039343934e-05
564.0 0.00016741871604608605
565.0 1.5916470615454092e-10
566.0 1.5916470615454092e-10
567.0 1.5916470615454092e-10
568.0 1.5916470615454092e-10
569.0 0.00011270386721662362
570.0 0.00024016742372623412
571.0 0.00022626848021900514
572.0 0.00021236949123704107
573.0 0.0002498097273928579
574.0 0.0002872499180739396
575.0 0.00020029308416269487
576.0 0.00011333620477671502
577.0 0.00013916941270508687
578.0 0.00016500255242135609
579.0 0.0003989578544860706
580.0 0.0006329131792881526
581.0 0.0007251026545418426
582.0 0.0008172920388460625
583.0 0.0009083761142392177
584.0 0.0009994600077334326
585.0 0.0009243786735169124
586.0 0.0008492974302498624
587.0 0.0007852540875319391
588.0 0.0007212107448140159
589.0 0.0006562499493156793
590.0 0.0005912891992920777
591.0 0.000820943751023151
592.0 0.0010505984391784295
593.0 0.0007704903509875294
594.0 0.0004903823537460994
595.0 0.000763441130402498
596.0 0.0010364999980083667
597.0 0.0012286689525353722
598.0 0.001420837543264497
599.0 0.001551776222186163
600.0 0.0016827147192088887
601.0 0.001908440754050389
602.0 0.002134166788891889
603.0 0.0021415766241261736
604.0 0.0021489868231583387
605.0 0.0020515006326604635
606.0 0.0019540144421625882
607.0 0.0015635956515325233
608.0 0.001173176588054048
609.0 0.0011032620022888295
610.0 0.0010333474165236112
611.0 0.0007591136636619922
612.0 0.0004848797743761679
613.0 0.0005267997494229348
614.0 0.0005687196335202316
615.0 0.0004780727067554835
616.0 0.0003874257345160004
617.0 0.0004428921783983242
618.0 0.0004983585313311778
619.0 0.0005596987648459617
620.0 0.0006210389528860105
621.0 0.00044771140892407857
622.0 0.0002743838422247791
623.0 0.00034678660085774027
624.0 0.000419189382228069
625.0 0.000585032421440701
626.0 0.0007508755970775383
627.0 0.0007864727194828447
628.0 0.0008220699783123564
629.0 0.0009197876352118328
630.0 0.0010175054740102496
631.0 0.001228854580404004
632.0 0.0014402037777472287
633.0 0.0019667058950290084
634.0 0.0024932078304118477
635.0 0.0025958133846870624
636.0 0.0026984191208612174
637.0 0.0026044701371574774
638.0 0.002510521517251618
639.0 0.0024032877263380215
640.0 0.0022960539354244247
641.0 0.002050665716524236
642.0 0.0018052776795229875
643.0 0.0013047599168203305
644.0 0.0008042425179155543
645.0 0.00040331856325792614
646.0 2.3946215677028704e-06
647.0 2.176054536562333e-06
648.0 1.9574718734816088e-06
649.0 0.00012182945283711888
650.0 0.00024170144570234697
651.0 0.0004970189365849365
652.0 0.0007523365638917312
653.0 0.0007727395313850138
654.0 0.0007931426807772368
655.0 0.001206474826176418
656.0 0.0016198069715755992
657.0 0.0020516756194410846
658.0 0.0024835440854076296
659.0 0.0027804702767753042
660.0 0.003077396104345098
661.0 0.0030329714718391187
662.0 0.0029885464755352587
663.0 0.00275119691650616
664.0 0.002513847175578121
665.0 0.002124047387042083
666.0 0.0017342474166071042
667.0 0.001679528213571757
668.0 0.00162480901053641
669.0 0.001318283102591522
670.0 0.0010117572855961043
671.0 0.0007791026291670278
672.0 0.000546447881788481
673.0 0.0005494498054758878
674.0 0.000552451911062235
675.0 0.0007268401077453746
676.0 0.0009012282134790439
677.0 0.001071426595444791
678.0 0.0012416249774105381
679.0 0.0018394281141809188
680.0 0.0024372311600018293
681.0 0.0036101853766012937
682.0 0.004783138865604997
683.0 0.006182974175317213
684.0 0.007582810212625191
685.0 0.00820182976895012
686.0 0.008820850780466571
687.0 0.008355282625416294
688.0 0.007889715925557539
689.0 0.007125743286451325
690.0 0.006361770647345111
691.0 0.005412236350821331
692.0 0.004462702418095432
693.0 0.0035626304452307522
694.0 0.0026625584723660722
695.0 0.0020793662770302035
696.0 0.0014961744454922155
697.0 0.0013024724466959015
698.0 0.0011087703569501173
699.0 0.0009205867172568105
700.0 0.0007324031230382388
701.0 0.0007717946573393419
702.0 0.0008111863280646503
703.0 0.0006389332156686578
704.0 0.00046667996684846
705.0 0.0006628294613619801
706.0 0.0008589790013502352
707.0 0.0008574917956138961
708.0 0.0008560046808270272
709.0 0.0008204968253266998
710.0 0.0007849890607758425
711.0 0.0007858836397645064
712.0 0.0007867782187531702
713.0 0.0007197756985988235
714.0 0.0006527733148686821
715.0 0.0005446003797260346
716.0 0.0004364274900581222
717.0 0.0005255944870441454
718.0 0.0006147613930806983
719.0 0.0006481589934992371
720.0 0.0006815565939177759
721.0 0.00041244711610488594
722.0 0.00014333771787278238
723.0 9.930630540111451e-05
724.0 5.5275000931942486e-05
725.0 0.00011889596862602048
726.0 0.00018251693063575658
727.0 0.0001657492703088792
728.0 0.00014898148492648033
729.0 0.00012355817489151377
730.0 9.813477390707703e-05
731.0 0.00016582620219196542
732.0 0.00023351769868895644
733.0 0.0003635637540355674
734.0 0.0004936098321195459
735.0 0.000491179844175349
736.0 0.0004887497652816819
737.0 0.0003611819010984618
738.0 0.00023361403691524174
739.0 0.0003157740593451308
740.0 0.00039793421819922514
741.0 0.0008179463293345179
742.0 0.001237958531419281
743.0 0.001740798143146094
744.0 0.002243637754872907
745.0 0.0026150986741413362
746.0 0.002986559411510825
747.0 0.0030582130420953035
748.0 0.0031298670364776626
749.0 0.0034147462429245934
750.0 0.003699625813169405
751.0 0.003615498644649051
752.0 0.0035313714761286974
753.0 0.003481180829112418
754.0 0.003430989454500377
755.0 0.0031808467610972
756.0 0.0029307042495929636
757.0 0.002555378705437761
758.0 0.002180053161282558
759.0 0.0018328591977478936
760.0 0.0014856652342132293
761.0 0.0011793949852290098
762.0 0.000873125100042671
763.0 0.0005456930466607446
764.0 0.00021826117517775856
765.0 0.0002827979642461287
766.0 0.0003473347078397637
767.0 0.0005536378921533469
768.0 0.000759941030992195
769.0 0.0007237519639602397
770.0 0.0006875629424030194
771.0 0.0007328122137550963
772.0 0.0007780615305819083
773.0 0.0006946499979676446
774.0 0.0006112383744039107
775.0 0.0005220254934101831
776.0 0.0004328127033659257
777.0 0.0005680436061084038
778.0 0.0007032745088508818
779.0 0.0008007556061784271
780.0 0.000898236521607032
781.0 0.0010187090083491057
782.0 0.001139181313192239
783.0 0.0010184878192376345
784.0 0.00089779432528303
785.0 0.0010822453987202607
786.0 0.0012666964721574914
787.0 0.0011070956134062726
788.0 0.0009474946637055837
789.0 0.0010329198630643077
790.0 0.0011183449714735616
791.0 0.0009161082743958104
792.0 0.0007138717137422645
793.0 0.0007849113899283111
794.0 0.0008559510206396226
795.0 0.0008174733011401258
796.0 0.0007789954906911589
797.0 0.0005794621301902225
798.0 0.0003799287469519186
799.0 0.00032075699891720433
800.0 0.00026158534183196025
801.0 9.487516194894852e-05
802.0 1.5916470615454092e-10
803.0 1.5916470615454092e-10
804.0 1.0866957467214888e-05
805.0 2.841723301116872e-05
806.0 4.596750500240887e-05
807.0 0.000154419387854432
808.0 0.0002628712309160619
809.0 0.00019775645796471508
810.0 0.00013264159406389808
811.0 0.00023160860109783243
812.0 0.0003305756536065019
813.0 4.7579584361301386e-05
814.0 1.5916470615454092e-10
815.0 1.5916470615454092e-10
816.0 0.00014760407793801278
817.0 0.00021266871499392437
818.0 0.0002777333747872035
819.0 0.0002138011041097343
820.0 0.00014986881069489755
821.0 2.686102220650355e-05
822.0 1.5916470615454092e-10
823.0 1.5916470615454092e-10
824.0 1.5916470615454092e-10
825.0 9.252185577679484e-05
826.0 0.00021439777810883243
827.0 4.284057411041431e-05
828.0 1.5916470615454092e-10
829.0 1.5916470615454092e-10
830.0 1.5916470615454092e-10
831.0 1.5916470615454092e-10
832.0 1.5916470615454092e-10
833.0 1.5916470615454092e-10
834.0 0.00021671489776053932
835.0 9.276989203499397e-05
836.0 1.5916470615454092e-10
837.0 6.839429715910228e-05
838.0 0.00016796368527138839
839.0 1.5916470615454092e-10
840.0 1.5916470615454092e-10
841.0 1.5916470615454092e-10
842.0 1.5916470615454092e-10
843.0 1.5916470615454092e-10
844.0 1.5916470615454092e-10
845.0 1.5916470615454092e-10
846.0 0.00010920527984126238
847.0 6.232447162801691e-05
848.0 1.5443738732301426e-05
849.0 0.00015054197319841478
850.0 0.0002856402034012717
851.0 0.0001039171024785901
852.0 1.5916470615454092e-10
853.0 1.5916470615454092e-10
854.0 1.5916470615454092e-10
855.0 0.00018044431726593757
856.0 0.0004120691755815642
857.0 0.0004443331363290781
858.0 0.0004765971425513271
859.0 0.00045140677684685215
860.0 0.0004262163656676421
861.0 0.0006183905497891828
862.0 0.0008105646884359885
863.0 0.0010816218491527252
864.0 0.0013526791917684022
865.0 0.0010854172614926938
866.0 0.0008181554221664555
867.0 0.0011802151675510686
868.0 0.0015422747310367413
869.0 0.0015792058547958732
870.0 0.0016161367966560647
871.0 0.0016823745681904256
872.0 0.0017486123397247866
873.0 0.0023115409931051545
874.0 0.002874470010283403
