lsstCam/transmission_filter_detector/r42_s02/u_24/19700101T000000.ecsv
# %ECSV 1.0
# ---
# datatype:
# - {name: wavelength, unit: nm, datatype: float32}
# - {name: efficiency, unit: '%', datatype: float64}
# meta: !!omap
# - {MODE: DETECTOR}
# - {TYPE: transmission_filter_detector}
# - {CALIBDATE: '1970-01-01T00:00:00'}
# - {INSTRUME: LSSTCam}
# - {OBSTYPE: transmission_filter_detector}
# - {CALIBCLS: lsst.ip.isr.IntermediateFilterDetectorTransmissionCurve}
# - {SOURCE: Materion (DM-46256)}
# - {DETECTOR: 173}
# - {FILTER: u_24}
# - {CALIB_ID: 'calibDate=1970-01-01T00:00:00 filter=u_24 detector=173'}
# - {DATE: '2025-04-02T15:59:40.552394'}
# - {CALIB_CREATION_DATE: '2025-04-02'}
# - {CALIB_CREATION_TIME: '15:59:40'}
# - __serialized_columns__:
#     efficiency:
#       __class__: astropy.units.quantity.Quantity
#       unit: !astropy.units.Unit {unit: '%'}
#       value: !astropy.table.SerializedColumn {name: efficiency}
#     wavelength:
#       __class__: astropy.units.quantity.Quantity
#       unit: !astropy.units.Unit {unit: nm}
#       value: !astropy.table.SerializedColumn {name: wavelength}
# schema: astropy-2.0
wavelength efficiency
295.0 1.6079496675119875e-10
296.0 1.6079496675119875e-10
297.0 1.6079496675119875e-10
298.0 1.6079496675119875e-10
299.0 1.6079496675119875e-10
300.0 1.6079496675119875e-10
301.0 0.11766147799789906
302.0 1.6079496675119875e-10
303.0 0.08912699413485825
304.0 0.1582693075761199
305.0 0.6513117346912622
306.0 2.0767590031027794
307.0 3.269656002521515
308.0 5.473480373620987
309.0 8.597812801599503
310.0 12.196658551692963
311.0 15.842671692371368
312.0 19.65124160051346
313.0 22.90026843547821
314.0 25.781935453414917
315.0 28.451308608055115
316.0 30.50571084022522
317.0 32.91335701942444
318.0 35.885533690452576
319.0 39.55661654472351
320.0 45.06949484348297
321.0 50.46223998069763
322.0 56.49561285972595
323.0 61.994343996047974
324.0 66.53518080711365
325.0 69.61581707000732
326.0 72.05063700675964
327.0 73.95715713500977
328.0 75.75052976608276
329.0 77.08515524864197
330.0 78.45326662063599
331.0 79.25359606742859
332.0 79.54460978507996
333.0 79.66288924217224
334.0 79.58429455757141
335.0 79.69655394554138
336.0 79.93133068084717
337.0 80.42303323745728
338.0 81.30280375480652
339.0 81.86221718788147
340.0 82.33577013015747
341.0 82.74518251419067
342.0 83.10695886611938
343.0 83.078932762146
344.0 83.29272866249084
345.0 83.6302399635315
346.0 83.94151329994202
347.0 84.25421714782715
348.0 84.57640409469604
349.0 84.75284576416016
350.0 84.88171696662903
351.0 85.05344986915588
352.0 84.9308729171753
353.0 84.86500382423401
354.0 84.85245704650879
355.0 84.99609231948853
356.0 85.1844310760498
357.0 85.16908884048462
358.0 84.84334945678711
359.0 84.56258773803711
360.0 84.50958132743835
361.0 84.16187167167664
362.0 83.97848010063171
363.0 84.07430648803711
364.0 84.1646134853363
365.0 84.54000353813171
366.0 84.72027778625488
367.0 84.89422798156738
368.0 84.85929369926453
369.0 84.94897484779358
370.0 84.74469184875488
371.0 84.58359837532043
372.0 84.55155491828918
373.0 84.77198481559753
374.0 84.74454283714294
375.0 85.0720226764679
376.0 85.16601920127869
377.0 85.22720336914062
378.0 85.37421822547913
379.0 85.07453203201294
380.0 84.37020182609558
381.0 83.09721350669861
382.0 81.32479190826416
383.0 79.2708694934845
384.0 77.19895839691162
385.0 74.82731938362122
386.0 72.34113216400146
387.0 69.05528903007507
388.0 65.68217873573303
389.0 61.64346933364868
390.0 57.53270983695984
391.0 53.22091579437256
392.0 48.71774613857269
393.0 44.91215646266937
394.0 41.58943593502045
395.0 38.10378909111023
396.0 34.43180024623871
397.0 29.584720730781555
398.0 23.916970193386078
399.0 17.14608371257782
400.0 10.935091227293015
401.0 6.065057963132858
402.0 2.681931108236313
403.0 0.8541503921151161
404.0 0.29012071900069714
405.0 0.12158857425674796
406.0 0.05698393797501922
407.0 0.02381349477218464
408.0 1.6079496675119875e-10
409.0 1.6079496675119875e-10
410.0 1.6079496675119875e-10
411.0 1.6079496675119875e-10
412.0 1.6079496675119875e-10
413.0 1.6079496675119875e-10
414.0 1.6079496675119875e-10
415.0 1.6079496675119875e-10
416.0 1.6079496675119875e-10
417.0 1.6079496675119875e-10
418.0 1.6079496675119875e-10
419.0 1.6079496675119875e-10
420.0 1.6079496675119875e-10
421.0 1.6079496675119875e-10
422.0 1.6079496675119875e-10
423.0 1.6079496675119875e-10
424.0 1.6079496675119875e-10
425.0 1.6079496675119875e-10
426.0 1.6079496675119875e-10
427.0 1.6079496675119875e-10
428.0 1.6079496675119875e-10
429.0 1.6079496675119875e-10
430.0 1.6079496675119875e-10
431.0 1.6079496675119875e-10
432.0 1.6079496675119875e-10
433.0 1.6079496675119875e-10
434.0 1.6079496675119875e-10
435.0 1.6079496675119875e-10
436.0 1.6079496675119875e-10
437.0 1.6079496675119875e-10
438.0 1.6079496675119875e-10
439.0 1.6079496675119875e-10
440.0 1.6079496675119875e-10
441.0 0.0002401138544882997
442.0 0.0015108388652151916
443.0 7.947814992803615e-05
444.0 1.6079496675119875e-10
445.0 1.6079496675119875e-10
446.0 1.6079496675119875e-10
447.0 1.6079496675119875e-10
448.0 1.6079496675119875e-10
449.0 1.6079496675119875e-10
450.0 0.000549315973330522
451.0 0.0004132074991503032
452.0 0.0002770989567579818
453.0 0.0003722521569216042
454.0 0.0004674055162467994
455.0 8.178427037819347e-05
456.0 1.6079496675119875e-10
457.0 0.0002814779008986079
458.0 0.000866792743181577
459.0 0.0005868302650924306
460.0 0.0003068679916395922
461.0 1.6079496675119875e-10
462.0 1.6079496675119875e-10
463.0 1.6079496675119875e-10
464.0 1.6079496675119875e-10
465.0 1.6079496675119875e-10
466.0 1.6079496675119875e-10
467.0 0.00035420027870713966
468.0 0.0011716000699379947
469.0 0.0003314333753223764
470.0 1.6079496675119875e-10
471.0 1.6079496675119875e-10
472.0 1.6079496675119875e-10
473.0 1.6079496675119875e-10
474.0 0.00023851644073147327
475.0 1.6079496675119875e-10
476.0 1.6079496675119875e-10
477.0 1.6079496675119875e-10
478.0 1.6079496675119875e-10
479.0 1.6079496675119875e-10
480.0 1.6079496675119875e-10
481.0 0.00011882382295880234
482.0 0.0006651807780144736
483.0 0.000331943351739028
484.0 1.6079496675119875e-10
485.0 9.219342587130086e-05
486.0 0.00018568109680927591
487.0 0.00011312080232528388
488.0 4.056048226175335e-05
489.0 1.6079496675119875e-10
490.0 1.6079496675119875e-10
491.0 1.6079496675119875e-10
492.0 2.429336802833859e-05
493.0 2.8244807026567287e-05
494.0 3.2196155075325805e-05
495.0 0.00018046523564407835
496.0 0.0003287344043201301
497.0 1.6079496675119875e-10
498.0 1.6079496675119875e-10
499.0 1.6079496675119875e-10
500.0 1.6079496675119875e-10
501.0 1.6079496675119875e-10
502.0 1.6079496675119875e-10
503.0 6.171388235998165e-05
504.0 0.00027254307042312576
505.0 1.6079496675119875e-10
506.0 1.6079496675119875e-10
507.0 1.6079496675119875e-10
508.0 1.6079496675119875e-10
509.0 1.6079496675119875e-10
510.0 1.6079496675119875e-10
511.0 1.6079496675119875e-10
512.0 4.4173876290187764e-05
513.0 5.840213646024495e-06
514.0 1.6079496675119875e-10
515.0 2.5020150928867224e-05
516.0 8.253368832811248e-05
517.0 1.6079496675119875e-10
518.0 1.6079496675119875e-10
519.0 1.6079496675119875e-10
520.0 1.6079496675119875e-10
521.0 1.6079496675119875e-10
522.0 1.6079496675119875e-10
523.0 1.6079496675119875e-10
524.0 1.6079496675119875e-10
525.0 1.6079496675119875e-10
526.0 1.6079496675119875e-10
527.0 1.6079496675119875e-10
528.0 1.6079496675119875e-10
529.0 1.6079496675119875e-10
530.0 1.6079496675119875e-10
531.0 1.6079496675119875e-10
532.0 1.6079496675119875e-10
533.0 0.00010780399861687329
534.0 0.00023813709049136378
535.0 1.6079496675119875e-10
536.0 1.6079496675119875e-10
537.0 1.6079496675119875e-10
538.0 1.6079496675119875e-10
539.0 3.2838840979820816e-05
540.0 7.232486609609623e-05
541.0 1.6079496675119875e-10
542.0 1.6079496675119875e-10
543.0 1.6079496675119875e-10
544.0 1.6079496675119875e-10
545.0 1.6079496675119875e-10
546.0 1.6079496675119875e-10
547.0 1.6079496675119875e-10
548.0 1.6079496675119875e-10
549.0 1.6079496675119875e-10
550.0 1.6079496675119875e-10
551.0 1.6079496675119875e-10
552.0 1.6079496675119875e-10
553.0 1.6079496675119875e-10
554.0 0.00013987811371407588
555.0 9.529716749057116e-05
556.0 5.071616442364757e-05
557.0 0.00018351546486883308
558.0 0.00031631473120796727
559.0 0.0001711970412543451
560.0 2.6079291615133116e-05
561.0 1.6079496675119875e-10
562.0 1.6079496675119875e-10
563.0 1.8383147448730597e-05
564.0 0.00018284639509147382
565.0 9.16024418984307e-05
566.0 3.584985197591095e-07
567.0 5.934678597441234e-05
568.0 0.00011833501503133448
569.0 7.851660939195426e-05
570.0 3.8698166804351786e-05
571.0 0.00018276588207299937
572.0 0.0003268336740802624
573.0 0.0002853961177606834
574.0 0.00024395860691583948
575.0 0.00018351781818637392
576.0 0.0001230770067195408
577.0 0.00020154352569079492
578.0 0.00028001004466204904
579.0 0.0004449612788448576
580.0 0.0006099125130276661
581.0 0.0006839084107923554
582.0 0.0007579043085570447
583.0 0.0007410761099890806
584.0 0.0007242478659463814
585.0 0.0006442352969315834
586.0 0.0005642228643409908
587.0 0.0007010044555499917
588.0 0.0008377860467589926
589.0 0.0007350281066464959
590.0 0.0006322702120087342
591.0 0.0008502784112351947
592.0 0.0010682866559363902
593.0 0.0009227301234204788
594.0 0.0007771736818540376
595.0 0.0008372882803087123
596.0 0.0008974029697128572
597.0 0.0012933493962918874
598.0 0.0016892956409719773
599.0 0.0018162239939556457
600.0 0.0019431523469393142
601.0 0.002122502883139532
602.0 0.00230185341933975
603.0 0.0023276001229532994
604.0 0.0023533471903647296
605.0 0.002112850961566437
606.0 0.0018723547327681445
607.0 0.0015691917724325322
608.0 0.0012660288120969199
609.0 0.001154338588094106
610.0 0.001042648364091292
611.0 0.0007553640443802578
612.0 0.0004680795427702833
613.0 0.0005302126282913378
614.0 0.0005923456683376571
615.0 0.00041493158278171904
616.0 0.00023751747448841343
617.0 0.00023663408228458138
618.0 0.0002357506673433818
619.0 0.0004374043328425614
620.0 0.000639057998341741
621.0 0.0005513036285265116
622.0 0.00046354930418601725
623.0 0.0004688914941652911
624.0 0.0004742337750940351
625.0 0.0007782941793266218
626.0 0.0010823546290339436
627.0 0.0011555342098290566
628.0 0.00122871397252311
629.0 0.001322477237408748
630.0 0.0014162404113449156
631.0 0.0015853564036660828
632.0 0.00175447239598725
633.0 0.0021186586309340782
634.0 0.002482845047779847
635.0 0.0025710151021485217
636.0 0.002659184974618256
637.0 0.0026146108211833052
638.0 0.0025700366677483544
639.0 0.002352008050365839
640.0 0.0021339796148822643
641.0 0.001807085209293291
642.0 0.0014801908946537878
643.0 0.0009636229151510634
644.0 0.00044705493564833887
645.0 0.0002894515091611538
646.0 0.00013184801446186611
647.0 0.00019059746136917965
648.0 0.0002493468628017581
649.0 0.00021638429643644486
650.0 0.00018342167322771274
651.0 0.0005859944849362364
652.0 0.000988567444437649
653.0 0.0010512325388845056
654.0 0.001113897542381892
655.0 0.0015845687812543474
656.0 0.0020552397472783923
657.0 0.002492510793672409
658.0 0.002929781658167485
659.0 0.0031240080716088414
660.0 0.0033182343031512573
661.0 0.003153250872856006
662.0 0.0029882672606618144
663.0 0.0025881679903250188
664.0 0.002188068538089283
665.0 0.0019722112483577803
666.0 0.0017563539586262777
667.0 0.0014869926417304669
668.0 0.0012176315067335963
669.0 0.001032119234878337
670.0 0.000846607144922018
671.0 0.0006339730134641286
672.0 0.00042133888200623915
673.0 0.0005066918220109073
674.0 0.0005920447620155755
675.0 0.000759891781854094
676.0 0.0009277387107431423
677.0 0.0013236914128356148
678.0 0.001719644023978617
679.0 0.0023340518964687362
680.0 0.0029484597689588554
681.0 0.004481235009734519
682.0 0.006014009704813361
683.0 0.007627848390256986
684.0 0.009241687075700611
685.0 0.009528210648568347
686.0 0.009814735676627606
687.0 0.00891169038368389
688.0 0.008008645818335935
689.0 0.006989175017224625
690.0 0.005969704216113314
691.0 0.005152181620360352
692.0 0.004334659388405271
693.0 0.0034518292522989213
694.0 0.0025689989342936315
695.0 0.002002212931984104
696.0 0.0014354271115735173
697.0 0.0012889368917967658
698.0 0.0011424466720200144
699.0 0.0009543600754113868
700.0 0.0007662734788027592
701.0 0.0007464879672625102
702.0 0.0007267024557222612
703.0 0.0006691835096717114
704.0 0.0006116644271969562
705.0 0.000715161104380968
706.0 0.0008186577360902447
707.0 0.0008376135156140663
708.0 0.0008565695679862984
709.0 0.0008080780389718711
710.0 0.0007595866918563843
711.0 0.0008202965545933694
712.0 0.0008810062354314141
713.0 0.0008300370609504171
714.0 0.00077906788646942
715.0 0.0006632796157646226
716.0 0.0005474912541103549
717.0 0.0004825147243536776
718.0 0.0004175381036475301
719.0 0.0004178223662165692
720.0 0.00041810653783613816
721.0 0.00020473014501476428
722.0 1.6079496675119875e-10
723.0 0.000139035080337635
724.0 0.00028671647669398226
725.0 0.0002893398914238787
726.0 0.00029196339710324537
727.0 0.0003595587941163103
728.0 0.00042715405470517
729.0 0.00021454814032040304
730.0 1.942111715891315e-06
731.0 0.00015809046089998446
732.0 0.00031423885502590565
733.0 0.0003610326530179009
734.0 0.0004078263827977935
735.0 0.00035251362078270176
736.0 0.0002972007905555074
737.0 0.00034834429243346676
738.0 0.00039948781704879366
739.0 0.0006625321020692354
740.0 0.000925576296140207
741.0 0.0013615257557830773
742.0 0.0017974751244764775
743.0 0.0022789568902226165
744.0 0.002760438474069815
745.0 0.0031823474273551255
746.0 0.0036042561987414956
747.0 0.0036705878301290795
748.0 0.0037369194615166634
749.0 0.0037930774851702154
750.0 0.003849235872621648
751.0 0.003786231900448911
752.0 0.0037232279282761738
753.0 0.003710578675963916
754.0 0.003697929423651658
755.0 0.003247103450121358
756.0 0.002796277476591058
757.0 0.0024411803678958677
758.0 0.0020860834410996176
759.0 0.0016780422811280005
760.0 0.0012700011211563833
761.0 0.0010655982805474196
762.0 0.000861195530887926
763.0 0.0006263115210458636
764.0 0.00039142751120380126
765.0 0.00040855511542758904
766.0 0.00042568271965137683
767.0 0.0005515646989806555
768.0 0.0006774467692594044
769.0 0.0006433019734686241
770.0 0.0006091572231525788
771.0 0.0006665909040748375
772.0 0.0007240246304718312
773.0 0.0007639240720891394
774.0 0.0008038234227569774
775.0 0.0006435514933400555
776.0 0.00048327951844839845
777.0 0.0007621115855727112
778.0 0.0010409436072222888
779.0 0.0008302543392346706
780.0 0.0006195649802975822
781.0 0.0009386977581016254
782.0 0.0012578303540067282
783.0 0.0011875312338816002
784.0 0.0011172321137564722
785.0 0.0012504789992817678
786.0 0.0013837259757565334
787.0 0.0012004662494291551
788.0 0.0010172065231017768
789.0 0.0010354073310736567
790.0 0.0010536081390455365
791.0 0.0008510888619639445
792.0 0.0006485698122560279
793.0 0.000726428925190703
794.0 0.000804287992650643
795.0 0.0007453052603523247
796.0 0.0006863225280540064
797.0 0.00047443663788726553
798.0 0.00026255088414472993
799.0 0.00027470121040096274
800.0 0.0002868515593945631
801.0 9.642828899814049e-05
802.0 1.6079496675119875e-10
803.0 1.6079496675119875e-10
804.0 1.6079496675119875e-10
805.0 6.401596692739986e-05
806.0 0.00029601621918118326
807.0 0.00022031285880075302
808.0 0.00014460946431427146
809.0 0.00013239748568594223
810.0 0.00012018545021419413
811.0 0.00030298442652565427
812.0 0.0004857834483118495
813.0 0.0002485606046320754
814.0 1.1337709793224349e-05
815.0 0.00011634544989647111
816.0 0.00022135316157800844
817.0 0.00021650746475643246
818.0 0.00021166185888432665
819.0 0.0002998953277710825
820.0 0.00038812881939520594
821.0 0.00023998225060495315
822.0 9.183559086523019e-05
823.0 4.266865403224074e-05
824.0 1.6079496675119875e-10
825.0 8.541172746845405e-05
826.0 0.00017732174910634058
827.0 1.6079496675119875e-10
828.0 1.6079496675119875e-10
829.0 1.6079496675119875e-10
830.0 1.6079496675119875e-10
831.0 1.6079496675119875e-10
832.0 1.6079496675119875e-10
833.0 1.6079496675119875e-10
834.0 6.412529529598032e-06
835.0 1.6079496675119875e-10
836.0 1.6079496675119875e-10
837.0 1.6079496675119875e-10
838.0 1.6079496675119875e-10
839.0 1.6079496675119875e-10
840.0 1.6079496675119875e-10
841.0 1.6079496675119875e-10
842.0 1.6079496675119875e-10
843.0 1.6079496675119875e-10
844.0 1.6079496675119875e-10
845.0 1.6079496675119875e-10
846.0 1.6079496675119875e-10
847.0 0.00013276314803079003
848.0 0.0002681402975213132
849.0 0.00028816602934966795
850.0 0.0003081916929659201
851.0 0.0001639722427171364
852.0 1.9752629043523484e-05
853.0 0.000259390640167112
854.0 0.0004990287834516494
855.0 0.0004729560714622494
856.0 0.00044688354137178976
857.0 0.0005882421646674629
858.0 0.000729600742488401
859.0 0.0006405145995813655
860.0 0.0005514283202501247
861.0 0.0009193549885821994
862.0 0.0012872817933384795
863.0 0.0014841398296994157
864.0 0.0016809983208077028
865.0 0.001434085424989462
866.0 0.0011871726201206911
867.0 0.0014190222827892285
868.0 0.0016508718545082957
869.0 0.001666435673541855
870.0 0.0016819994925754145
871.0 0.0017796737665776163
872.0 0.0018773478586808778
873.0 0.0021875939637538977
874.0 0.0024978400688269176
