lsstCam/transmission_filter_detector/r42_s02/u_24/19700101T000000.ecsv
# %ECSV 1.0
# ---
# datatype:
# - {name: wavelength, unit: nm, datatype: float32}
# - {name: efficiency, unit: '%', datatype: float64}
# meta: !!omap
# - {MODE: DETECTOR}
# - {TYPE: transmission_filter_detector}
# - {CALIBDATE: '1970-01-01T00:00:00'}
# - {INSTRUME: LSSTCam}
# - {OBSTYPE: transmission_filter_detector}
# - {CALIBCLS: lsst.ip.isr.IntermediateFilterDetectorTransmissionCurve}
# - {SOURCE: Materion (DM-46256)}
# - {DETECTOR: 173}
# - {FILTER: u_24}
# - {CALIB_ID: 'calibDate=1970-01-01T00:00:00 filter=u_24 detector=173'}
# - {DATE: '2025-04-02T15:59:40.552394'}
# - {CALIB_CREATION_DATE: '2025-04-02'}
# - {CALIB_CREATION_TIME: '15:59:40'}
# - __serialized_columns__:
#     efficiency:
#       __class__: astropy.units.quantity.Quantity
#       unit: !astropy.units.Unit {unit: '%'}
#       value: !astropy.table.SerializedColumn {name: efficiency}
#     wavelength:
#       __class__: astropy.units.quantity.Quantity
#       unit: !astropy.units.Unit {unit: nm}
#       value: !astropy.table.SerializedColumn {name: wavelength}
# schema: astropy-2.0
wavelength efficiency
[from data line 581]
876.0 0.0023855880499468185
877.0 0.0026210027499473654
878.0 0.002856417813745793
879.0 0.0029553373678936623
880.0 0.003054257103940472
881.0 0.0030244238587329164
882.0 0.002994590795424301
883.0 0.002997241790581029
884.0 0.002999892421939876
885.0 0.0029694287150050513
886.0 0.002938964644272346
887.0 0.0028999827918596566
888.0 0.0028610005756490864
889.0 0.0028399997972883284
890.0 0.0028189984732307494
891.0 0.0028666898288065568
892.0 0.002914380638685543
893.0 0.003177194594172761
894.0 0.0034400083677610382
895.0 0.0032648269552737474
896.0 0.0030896455427864566
897.0 0.003038455542991869
898.0 0.0029872653612983413
899.0 0.003068622390856035
900.0 0.0031499792385147884
901.0 0.003618323171394877
902.0 0.0040866674680728465
903.0 0.004420432742335834
904.0 0.00475419765280094
905.0 0.0047123681724769995
906.0 0.0046705379645572975
907.0 0.005069444887340069
908.0 0.005468352173920721
909.0 0.005388824502006173
910.0 0.005309297193889506
911.0 0.005356777546694502
912.0 0.005404257899499498
913.0 0.005389426587498747
914.0 0.005374595639295876
915.0 0.005081615745439194
916.0 0.004788635851582512
917.0 0.004749073559651151
918.0 0.00470951090392191
919.0 0.004830622492590919
920.0 0.00495173480885569
921.0 0.004942906889482401
922.0 0.004934078606311232
923.0 0.0049961887270910665
924.0 0.005058298847870901
925.0 0.005353261076379567
926.0 0.0056482233048882335
927.0 0.0059992962633259594
928.0 0.006350369221763685
929.0 0.0066651118686422706
930.0 0.006979855243116617
931.0 0.00704400081303902
932.0 0.007108146382961422
933.0 0.0074043455242644995
934.0 0.007700544665567577
935.0 0.00776634769863449
936.0 0.007832150731701404
937.0 0.007345585618168116
938.0 0.006859021232230589
939.0 0.006726456922478974
940.0 0.006593892612727359
941.0 0.005967136166873388
942.0 0.005340380084817298
943.0 0.004738040661322884
944.0 0.0041357016016263515
945.0 0.0036496592656476423
946.0 0.003163616929668933
947.0 0.0027406465960666537
948.0 0.002317676080565434
949.0 0.001960651934496127
950.0 0.0016036279703257605
951.0 0.0017269603631575592
952.0 0.0018502929378882982
953.0 0.0017895699784276076
954.0 0.0017288472008658573
955.0 0.0018254278984386474
956.0 0.0019220084141124971
957.0 0.001892586806206964
958.0 0.0018631650164024904
959.0 0.0021346675566746853
960.0 0.0024061697331489995
961.0 0.0030127519494271837
962.0 0.003619334165705368
963.0 0.003807568282354623
964.0 0.003995802762801759
965.0 0.004341814201325178
966.0 0.004687825276050717
967.0 0.0047408560931216925
968.0 0.004793887273990549
969.0 0.004815251668333076
970.0 0.004836616062675603
971.0 0.005004974445910193
972.0 0.005173333192942664
973.0 0.004900911153526977
974.0 0.00462848947790917
975.0 0.004618372622644529
976.0 0.004608255767379887
977.0 0.004161282049608417
978.0 0.0037143079680390656
979.0 0.0034040462196571752
980.0 0.0030937837436795235
981.0 0.0029555329092545435
982.0 0.002817281711031683
983.0 0.002744774792518001
984.0 0.002672267692105379
985.0 0.002926106571976561
986.0 0.0031799456337466836
987.0 0.0035889603168470785
988.0 0.003997974636149593
989.0 0.0044461889046942815
990.0 0.00489440317323897
991.0 0.005364969547372311
992.0 0.005835536285303533
993.0 0.006154755101306364
994.0 0.006473975372500718
995.0 0.0067064946051687
996.0 0.006939013110240921
997.0 0.00691525056026876
998.0 0.006891487282700837
999.0 0.006653148011537269
1000.0 0.006414810195565224
1001.0 0.006063156979507767
1002.0 0.005711503399652429
1003.0 0.005450659955386072
1004.0 0.005189816874917597
1005.0 0.005251553739071824
1006.0 0.0053132909670239314
1007.0 0.004988122236682102
1008.0 0.004662953506340273
1009.0 0.004405268919072114
1010.0 0.004147584695601836
1011.0 0.003934973938157782
1012.0 0.0037223624531179667
1013.0 0.003165544694638811
1014.0 0.0026087269361596555
1015.0 0.002290580050612334
1016.0 0.001972433165065013
1017.0 0.0018766741050058044
1018.0 0.0017809152268455364
1019.0 0.0014026204553374555
1020.0 0.0010243255928799044
1021.0 0.0012274673281353898
1022.0 0.0014306091543403454
1023.0 0.0013518968444259372
1024.0 0.001273184534511529
1025.0 0.0013789792319585104
1026.0 0.001484774020354962
1027.0 0.001411949415341951
1028.0 0.00133912490127841
1029.0 0.0015198246728687081
1030.0 0.0017005244444590062
1031.0 0.0016947771655395627
1032.0 0.0016890298866201192
1033.0 0.0016901001799851656
1034.0 0.0016911702914512716
1035.0 0.0018230675777886063
1036.0 0.0019549646822270006
1037.0 0.0020555482478812337
1038.0 0.0021561316316365264
1039.0 0.002230863356089685
1040.0 0.002305595080542844
1041.0 0.0020409057469805703
1042.0 0.0017762164134182967
1043.0 0.0017693671907181852
1044.0 0.0017625179680180736
1045.0 0.0018955033738166094
1046.0 0.002028488597716205
1047.0 0.0023352580683422275
1048.0 0.00264202753896825
1049.0 0.0022104870367911644
1050.0 0.0017789465346140787
1051.0 0.0016398607840528712
1052.0 0.0015007749425421935
1053.0 0.001460225939808879
1054.0 0.0014196769370755646
1055.0 0.0014693902812723536
1056.0 0.0015191034435702022
1057.0 0.0012369117939670105
1058.0 0.000954720326262759
1059.0 0.001199053895106772
1060.0 0.001443387554900255
1061.0 0.00103178736026166
1062.0 0.0006201870746735949
1063.0 0.0013504992239177227
1064.0 0.0020808114641113207
1065.0 0.0011391106454539113
1066.0 0.0001974095312107238
1067.0 0.000847738283482613
1068.0 0.0014980669220676646
1069.0 0.0016926969692576677
1070.0 0.0018873268345487304
1071.0 0.001862530189100653
1072.0 0.0018377333617536351
1073.0 0.002380177284067031
1074.0 0.0029226213882793672
1075.0 0.002671824586286675
1076.0 0.0024210279661929235
1077.0 0.0031791463698027655
1078.0 0.003937265137210488
1079.0 0.0035299937735544518
1080.0 0.003122722409898415
1081.0 0.003541311525623314
1082.0 0.003959900641348213
1083.0 0.0036142897442914546
1084.0 0.003268679211032577
1085.0 0.0039776852645445615
1086.0 0.0046866909542586654
1087.0 0.004083686508238316
1088.0 0.003480681698420085
1089.0 0.0031936731829773635
1090.0 0.002906664667534642
1091.0 0.0028058648240403272
1092.0 0.002705064798647072
1093.0 0.002928452340711374
1094.0 0.003151839700876735
1095.0 0.0033381271350663155
1096.0 0.003524414569255896
1097.0 0.0024938490241765976
1098.0 0.001463283297198359
1099.0 0.003246739652240649
1100.0 0.0050301958253839985
