ts8/qe_curve/rtm-007_s02/19700101T000000.ecsv
# %ECSV 0.9
# ---
# datatype:
# - {name: amp_name, datatype: string}
# - {name: wavelength, unit: nm, datatype: float32}
# - {name: efficiency, unit: '%', datatype: float32}
# meta: !!omap
# - {MODE: AMP}
# - {TYPE: QE}
# - {CALIBDATE: '1970-01-01T00:00:00'}
# - {INSTRUME: TS8}
# - {OBSTYPE: qe_curve}
# - {DETECTOR: 47}
# - {PICKLEFILE: RaftRun11903.p}
# - {CALIB_ID: 'raftName=RTM-007 detectorName=S02 detector=47 calibDate=1970-01-01T00:00:00 ccd=47 ccdnum=47 filter=None'}
# - {DATE: '2020-07-23T19:16:12.398582'}
# - {CALIB_CREATION_DATE: '2020-07-23'}
# - {CALIB_CREATION_TIME: '19:16:12'}
# - __serialized_columns__:
#     efficiency:
#       __class__: astropy.units.quantity.Quantity
#       unit: !astropy.units.Unit {unit: '%'}
#       value: !astropy.table.SerializedColumn {name: efficiency}
#     wavelength:
#       __class__: astropy.units.quantity.Quantity
#       unit: !astropy.units.Unit {unit: nm}
#       value: !astropy.table.SerializedColumn {name: wavelength}
# schema: astropy-2.0
amp_name wavelength efficiency
C15 319.994 43.27695
C15 324.969 48.87715
C15 349.982 70.595764
C15 374.975 73.628365
C15 400.019 81.99817
C15 424.965 84.52842
C15 450.035 86.77696
C15 475.003 89.82411
C15 500.018 91.83619
C15 525.002 93.85531
C15 550.029 96.563385
C15 575.023 97.626396
C15 599.982 97.96006
C15 619.997 98.01353
C15 624.979 99.04372
C15 650.012 98.506714
C15 675.004 98.92721
C15 700.03 97.88773
C15 725.012 98.234764
C15 750.022 98.30503
C15 774.987 98.12798
C15 799.976 97.22546
C15 824.988 95.37326
C15 850.022 93.71297
C15 869.967 90.68576
C15 875.002 89.84401
C15 899.999 82.683205
C15 919.999 73.282326
C15 925.012 71.09296
C15 949.965 57.932377
C15 975.002 43.168343
C15 999.976 26.128983
C15 1025.028 11.320681
C15 1050.014 3.9813118
C15 1075.002 2.1766407
C15 1099.99 1.7032356
C03 319.994 43.659603
C03 324.969 49.303795
C03 349.982 71.13336
C03 374.975 73.99113
C03 400.019 82.05765
C03 424.965 84.45232
C03 450.035 86.63274
C03 475.003 89.63455
C03 500.018 91.60968
C03 525.002 93.60884
C03 550.029 96.28793
C03 575.023 97.330666
C03 599.982 97.651886
C03 619.997 97.694496
C03 624.979 98.71964
C03 650.012 98.173744
C03 675.004 98.59223
C03 700.03 97.61288
C03 725.012 98.13438
C03 750.022 98.41656
C03 774.987 98.43689
C03 799.976 97.6002
C03 824.988 95.69075
C03 850.022 94.039696
C03 869.967 90.938675
C03 875.002 90.06704
C03 899.999 82.70488
C03 919.999 73.208664
C03 925.012 70.95638
C03 949.965 58.021183
C03 975.002 43.31166
C03 999.976 26.17663
C03 1025.028 11.261882
C03 1050.014 3.9524636
C03 1075.002 2.1692116
C03 1099.99 1.705066
C17 319.994 43.40869
C17 324.969 49.02933
C17 349.982 70.80071
C17 374.975 73.798164
C17 400.019 82.07604
C17 424.965 84.54717
C17 450.035 86.76945
C17 475.003 89.79651
C17 500.018 91.79677
C17 525.002 93.80909
C17 550.029 96.507416
C17 575.023 97.5636
C17 599.982 97.89594
C17 619.997 97.94239
C17 624.979 98.96891
C17 650.012 98.42511
C17 675.004 98.83951
C17 700.03 97.7858
C17 725.012 98.089096
C17 750.022 98.100716
C17 774.987 97.85937
C17 799.976 96.92841
C17 824.988 95.096054
C17 850.022 93.390366
C17 869.967 90.39259
C17 875.002 89.57108
C17 899.999 82.62013
C17 919.999 73.037384
C17 925.012 70.80399
C17 949.965 57.81647
C17 975.002 42.889977
C17 999.976 26.070919
C17 1025.028 11.322079
C17 1050.014 4.028252
C17 1075.002 2.200597
C17 1099.99 1.7094586
C02 319.994 43.74575
C02 324.969 49.399776
C02 349.982 71.19336
C02 374.975 74.02982
C02 400.019 82.18951
C02 424.965 84.6358
C02 450.035 86.84499
C02 475.003 89.869675
C02 500.018 91.86449
C02 525.002 93.86797
C02 550.029 96.55959
C02 575.023 97.60312
C02 599.982 97.92125
C02 619.997 97.96642
C02 624.979 98.98877
C02 650.012 98.439926
C02 675.004 98.85427
C02 700.03 97.86084
C02 725.012 98.348755
C02 750.022 98.591995
C02 774.987 98.58053
C02 799.976 97.72899
C02 824.988 95.82148
C02 850.022 94.16034
C02 869.967 91.04489
C02 875.002 90.166435
C02 899.999 82.82856
C02 919.999 73.36494
C02 925.012 71.11666
C02 949.965 58.07079
C02 975.002 43.402477
C02 999.976 26.174059
C02 1025.028 11.276782
C02 1050.014 3.9603074
C02 1075.002 2.1714196
C02 1099.99 1.7061888
C04 319.994 43.75588
C04 324.969 49.41889
C04 349.982 71.40214
C04 374.975 74.27495
C04 400.019 82.22542
C04 424.965 84.5508
C04 450.035 86.69291
C04 475.003 89.67099
C04 500.018 91.63672
C04 525.002 93.62437
C04 550.029 96.304535
C04 575.023 97.34952
C04 599.982 97.675
C04 619.997 97.71964
C04 624.979 98.74191
C04 650.012 98.20432
C04 675.004 98.627815
C04 700.03 97.664536
C04 725.012 98.215385
C04 750.022 98.53042
C04 774.987 98.58685
C04 799.976 97.75981
C04 824.988 95.85009
C04 850.022 94.20197
C04 869.967 91.10433
C04 875.002 90.23433
C04 899.999 82.875015
C04 919.999 73.29262
C04 925.012 71.01118
C04 949.965 58.054016
C04 975.002 43.3839
C04 999.976 26.214369
C04 1025.028 11.320016
C04 1050.014 3.9761965
C04 1075.002 2.1766133
C04 1099.99 1.7098049
C00 319.994 43.364853
C00 324.969 48.962948
C00 349.982 70.38832
C00 374.975 73.207535
C00 400.019 81.67375
C00 424.965 84.29963
C00 450.035 86.616516
C00 475.003 89.70272
C00 500.018 91.73504
C00 525.002 93.76332
C00 550.029 96.463295
C00 575.023 97.5147
C00 599.982 97.829285
C00 619.997 97.86868
C00 624.979 98.89062
C00 650.012 98.33399
C00 675.004 98.740265
C00 700.03 97.71841
C00 725.012 98.146545
C00 750.022 98.3132
C00 774.987 98.23258
C00 799.976 97.35684
C00 824.988 95.4731
C00 850.022 93.82997
C00 869.967 90.68835
C00 875.002 89.81331
C00 899.999 82.68281
C00 919.999 73.25331
C00 925.012 70.95448
C00 949.965 57.903286
C00 975.002 43.299683
C00 999.976 26.081621
C00 1025.028 11.342761
C00 1050.014 4.000539
C00 1075.002 2.1757023
C00 1099.99 1.7017151
C16 319.994 43.317852
C16 324.969 48.92712
C16 349.982 70.72535
C16 374.975 73.76691
C16 400.019 82.06485
C16 424.965 84.54709
C16 450.035 86.77345
C16 475.003 89.804596
C16 500.018 91.80461
C16 525.002 93.82054
C16 550.029 96.527466
C16 575.023 97.58898
C16 599.982 97.92276
C16 619.997 97.98086
C16 624.979 99.00751
C16 650.012 98.47405
C16 675.004 98.89736
C16 700.03 97.86116
C16 725.012 98.20882
C16 750.022 98.28035
C16 774.987 98.098335
C16 799.976 97.19627
C16 824.988 95.33827
C16 850.022 93.66316
C16 869.967 90.667885
C16 875.002 89.83471
C16 899.999 82.695206
C16 919.999 73.22991
C16 925.012 70.99094
C16 949.965 57.98202
C16 975.002 43.111473
C16 999.976 26.071287
C16 1025.028 11.292801
C16 1050.014 3.9938443
C16 1075.002 2.187574
C16 1099.99 1.7065681
C07 319.994 44.010937
C07 324.969 49.716286
C07 349.982 71.93893
C07 374.975 74.80615
C07 400.019 82.54471
C07 424.965 84.754364
C07 450.035 86.8362
C07 475.003 89.77998
C07 500.018 91.72759
C07 525.002 93.704094
C07 550.029 96.37928
C07 575.023 97.421
C07 599.982 97.743256
C07 619.997 97.78698
C07 624.979 98.811714
C07 650.012 98.266335
C07 675.004 98.689415
C07 700.03 97.71835
C07 725.012 98.232185
C07 750.022 98.49915
C07 774.987 98.472046
C07 799.976 97.60073
C07 824.988 95.68205
C07 850.022 93.955315
C07 869.967 90.8278
C07 875.002 89.966675
C07 899.999 82.72801
C07 919.999 72.92718
C07 925.012 70.696
C07 949.965 57.78545
C07 975.002 42.95834
C07 999.976 25.992765
C07 1025.028 11.257276
C07 1050.014 4.0011067
C07 1075.002 2.1828532
C07 1099.99 1.707002
C06 319.994 43.857304
C06 324.969 49.541023
C06 349.982 71.72545
C06 374.975 74.63517
C06 400.019 82.43203
C06 424.965 84.66653
C06 450.035 86.75615
C06 475.003 89.70569
C06 500.018 91.65693
C06 525.002 93.63614
C06 550.029 96.31537
C06 575.023 97.3588
C06 599.982 97.68462
C06 619.997 97.73328
C06 624.979 98.75967
C06 650.012 98.21766
C06 675.004 98.65082
C06 700.03 97.69855
C06 725.012 98.25897
C06 750.022 98.582695
C06 774.987 98.62801
C06 799.976 97.78549
C06 824.988 95.86184
C06 850.022 94.1716
C06 869.967 91.05615
C06 875.002 90.202194
C06 899.999 82.86785
C06 919.999 73.15158
C06 925.012 70.87742
C06 949.965 57.93347
C06 975.002 43.17893
C06 999.976 26.097704
C06 1025.028 11.258394
C06 1050.014 3.9843838
C06 1075.002 2.1812646
C06 1099.99 1.709171
C10 319.994 42.201904
C10 324.969 47.641216
C10 349.982 68.402664
C10 374.975 71.536224
C10 400.019 80.83893
C10 424.965 83.89866
C10 450.035 86.44821
C10 475.003 89.675606
C10 500.018 91.800064
C10 525.002 93.891266
C10 550.029 96.63494
C10 575.023 97.71266
C10 599.982 98.05038
C10 619.997 98.101105
C10 624.979 99.12907
C10 650.012 98.580696
C10 675.004 98.977196
C10 700.03 97.86386
C10 725.012 98.018425
C10 750.022 97.84903
C10 774.987 97.45177
C10 799.976 96.47204
C10 824.988 94.67089
C10 850.022 93.00603
C10 869.967 89.91967
C10 875.002 89.072044
C10 899.999 82.53701
C10 919.999 73.24779
C10 925.012 70.92173
C10 949.965 57.757717
C10 975.002 42.883896
C10 999.976 25.937174
C10 1025.028 11.350244
C10 1050.014 3.9991362
C10 1075.002 2.1632533
C10 1099.99 1.690398
C14 319.994 43.077606
C14 324.969 48.649662
C14 349.982 70.2136
C14 374.975 73.27278
C14 400.019 81.80434
C14 424.965 84.41977
C14 450.035 86.718704
C14 475.003 89.79458
C14 500.018 91.826004
C14 525.002 93.86304
C14 550.029 96.575714
C14 575.023 97.639366
C14 599.982 97.97737
C14 619.997 98.03263
C14 624.979 99.06266
C14 650.012 98.52197
C14 675.004 98.94186
C14 700.03 97.88851
C14 725.012 98.202065
C14 750.022 98.236626
C14 774.987 98.02974
C14 799.976 97.11794
C14 824.988 95.26553
C14 850.022 93.61471
C14 869.967 90.57674
C14 875.002 89.727005
C14 899.999 82.64287
C14 919.999 73.397865
C14 925.012 71.13565
C14 949.965 57.90365
C14 975.002 43.19102
C14 999.976 26.066364
C14 1025.028 11.328438
C14 1050.014 3.9800699
C14 1075.002 2.1696403
C14 1099.99 1.6997482
C05 319.994 43.782845
C05 324.969 49.452606
C05 349.982 71.53217
C05 374.975 74.409294
C05 400.019 82.23096
C05 424.965 84.4865
C05 450.035 86.58964
C05 475.003 89.53929
C05 500.018 91.4875
C05 525.002 93.4679
C05 550.029 96.1397
C05 575.023 97.18488
C05 599.982 97.506325
C05 619.997 97.55305
C05 624.979 98.57702
C05 650.012 98.03778
C05 675.004 98.46702
C05 700.03 97.51393
C05 725.012 98.0801
C05 750.022 98.41523
C05 774.987 98.48037
C05 799.976 97.658066
C05 824.988 95.74459
C05 850.022 94.08864
C05 869.967 90.98998
C05 875.002 90.125206
C05 899.999 82.80233
C05 919.999 73.150635
C05 925.012 70.89434
C05 949.965 57.982807
C05 975.002 43.29074
C05 999.976 26.145794
C05 1025.028 11.291543
C05 1050.014 3.9790106
C05 1075.002 2.1767912
C05 1099.99 1.7080958
C12 319.994 42.865147
C12 324.969 48.404686
C12 349.982 69.717285
C12 374.975 72.79713
C12 400.019 81.62144
C12 424.965 84.40537
C12 450.035 86.79656
C12 475.003 89.93161
C12 500.018 92.00186
C12 525.002 94.059326
C12 550.029 96.79395
C12 575.023 97.86185
C12 599.982 98.1967
C12 619.997 98.25306
C12 624.979 99.283775
C12 650.012 98.74426
C12 675.004 99.15327
C12 700.03 98.06586
C12 725.012 98.302605
C12 750.022 98.23063
C12 774.987 97.92713
C12 799.976 96.981186
C12 824.988 95.15151
C12 850.022 93.504
C12 869.967 90.40696
C12 875.002 89.54803
C12 899.999 82.733955
C12 919.999 73.43373
C12 925.012 71.2139
C12 949.965 58.05639
C12 975.002 42.965305
C12 999.976 26.032175
C12 1025.028 11.374947
C12 1050.014 3.9811516
C12 1075.002 2.161304
C12 1099.99 1.6954234
C13 319.994 42.92409
C13 324.969 48.47428
C13 349.982 69.912834
C13 374.975 73.00017
C13 400.019 81.6949
C13 424.965 84.399895
C13 450.035 86.75264
C13 475.003 89.86218
C13 500.018 91.91342
C13 525.002 93.96071
C13 550.029 96.68397
C13 575.023 97.75623
C13 599.982 98.093575
C13 619.997 98.15092
C13 624.979 99.18053
C13 650.012 98.63931
C13 675.004 99.05815
C13 700.03 97.98907
C13 725.012 98.26733
C13 750.022 98.25072
C13 774.987 97.99958
C13 799.976 97.0674
C13 824.988 95.22599
C13 850.022 93.575134
C13 869.967 90.51103
C13 875.002 89.67904
C13 899.999 82.63751
C13 919.999 73.55155
C13 925.012 71.312515
C13 949.965 57.839954
C13 975.002 43.300106
C13 999.976 26.083431
C13 1025.028 11.311467
C13 1050.014 3.9699292
C13 1075.002 2.164797
C13 1099.99 1.6981547
C11 319.994 42.652534
C11 324.969 48.157143
C11 349.982 69.27411
C11 374.975 72.38719
C11 400.019 81.439156
C11 424.965 84.349686
C11 450.035 86.81394
C11 475.003 89.99323
C11 500.018 92.08989
C11 525.002 94.16522
C11 550.029 96.905945
C11 575.023 97.98417
C11 599.982 98.32171
C11 619.997 98.37745
C11 624.979 99.40804
C11 650.012 98.865395
C11 675.004 99.27153
C11 700.03 98.16827
C11 725.012 98.36696
C11 750.022 98.2431
C11 774.987 97.89204
C11 799.976 96.923645
C11 824.988 95.10006
C11 850.022 93.427086
C11 869.967 90.33405
C11 875.002 89.56794
C11 899.999 82.642265
C11 919.999 73.62271
C11 925.012 71.51868
C11 949.965 57.586967
C11 975.002 43.323235
C11 999.976 26.202969
C11 1025.028 11.31706
C11 1050.014 3.9747143
C11 1075.002 2.165031
C11 1099.99 1.6968596
C01 319.994 43.567333
C01 324.969 49.19529
C01 349.982 70.82868
C01 374.975 73.66047
C01 400.019 81.94727
C01 424.965 84.46595
C01 450.035 86.72023
C01 475.003 89.76767
C01 500.018 91.77487
C01 525.002 93.789314
C01 550.029 96.48041
C01 575.023 97.52692
C01 599.982 97.84602
C01 619.997 97.89122
C01 624.979 98.90932
C01 650.012 98.35996
C01 675.004 98.77153
C01 700.03 97.7641
C01 725.012 98.223236
C01 750.022 98.427605
C01 774.987 98.38099
C01 799.976 97.513855
C01 824.988 95.61825
C01 850.022 93.970406
C01 869.967 90.82005
C01 875.002 89.94953
C01 899.999 82.72143
C01 919.999 73.315056
C01 925.012 71.07357
C01 949.965 57.8931
C01 975.002 43.351624
C01 999.976 26.15376
C01 1025.028 11.272652
C01 1050.014 3.9771123
C01 1075.002 2.1705234
C01 1099.99 1.70239
