lsstCam/transmission_filter_detector/r02_s01/g_6/19700101T000000.ecsv
# %ECSV 1.0
# ---
# datatype:
# - {name: wavelength, unit: nm, datatype: float32}
# - {name: efficiency, unit: '%', datatype: float64}
# meta: !!omap
# - {MODE: DETECTOR}
# - {TYPE: transmission_filter_detector}
# - {CALIBDATE: '1970-01-01T00:00:00'}
# - {INSTRUME: LSSTCam}
# - {OBSTYPE: transmission_filter_detector}
# - {CALIBCLS: lsst.ip.isr.IntermediateFilterDetectorTransmissionCurve}
# - {SOURCE: Materion (DM-46256)}
# - {DETECTOR: 10}
# - {FILTER: g_6}
# - {CALIB_ID: 'calibDate=1970-01-01T00:00:00 filter=g_6 detector=10'}
# - {DATE: '2025-04-02T15:59:42.076649'}
# - {CALIB_CREATION_DATE: '2025-04-02'}
# - {CALIB_CREATION_TIME: '15:59:42'}
# - __serialized_columns__:
#     efficiency:
#       __class__: astropy.units.quantity.Quantity
#       unit: !astropy.units.Unit {unit: '%'}
#       value: !astropy.table.SerializedColumn {name: efficiency}
#     wavelength:
#       __class__: astropy.units.quantity.Quantity
#       unit: !astropy.units.Unit {unit: nm}
#       value: !astropy.table.SerializedColumn {name: wavelength}
# schema: astropy-2.0
wavelength efficiency
[from data line 608]
908.0 0.0005090600552648539
909.0 0.0004283921043679584
910.0 0.0003418307642277796
911.0 0.0002552694468249683
912.0 0.00038048342503316235
913.0 0.000505697471453459
914.0 0.0002987647803820437
915.0 9.183212341667968e-05
916.0 0.00015208685226753005
917.0 0.0002123415470123291
918.0 0.00026365485155110946
919.0 0.0003149681560898898
920.0 0.00031502845558861736
921.0 0.00031508877782471245
922.0 0.0004853376594837755
923.0 0.0006555865638802061
924.0 0.0005838369816046907
925.0 0.0005120873538544402
926.0 0.0005472709744935855
927.0 0.0005824547315569362
928.0 0.0005463368779601296
929.0 0.0005102190698380582
930.0 0.00048547085498285014
931.0 0.00046072268560237717
932.0 0.0004729440206574509
933.0 0.0004851654466619948
934.0 0.0005007918844057713
935.0 0.0005164183221495477
936.0 0.000540751125299721
937.0 0.0005650839284498943
938.0 0.0006172079793032026
939.0 0.0006693320301565109
940.0 0.0006197225957293995
941.0 0.0005701130703528179
942.0 0.0007282712431333493
943.0 0.0008864293704391457
944.0 0.0006575522093044128
945.0 0.00042867495722020976
946.0 0.0004883699602942215
947.0 0.0005480649178934982
948.0 0.0008182749297702685
949.0 0.0010884849871217739
950.0 0.0009360171134176198
951.0 0.0007835492397134658
952.0 0.0009005353604152333
953.0 0.0010175214811170008
954.0 0.0008428165529039688
955.0 0.0006681117611151421
956.0 0.000614117425357108
957.0 0.0005601229077001335
958.0 0.0006739464879501611
959.0 0.0007877701136749238
960.0 0.0006635340014327085
961.0 0.0005392978437157581
962.0 0.0006057587143004639
963.0 0.0006722194939356996
964.0 0.0007117410405044211
965.0 0.0007512623596994672
966.0 0.0007974348591233138
967.0 0.0008436073585471604
968.0 0.0007473657660739264
969.0 0.0006511241736006923
970.0 0.0006753582965757232
971.0 0.0006995924650254892
972.0 0.0007584166723972885
973.0 0.0008172409252438229
974.0 0.0007787568392814137
975.0 0.00074027298069268
976.0 0.0008039414751692675
977.0 0.0008676101970195305
978.0 0.0009235435754817445
979.0 0.0009794770448934287
980.0 0.0010406014553154819
981.0 0.0011017259566870052
982.0 0.00099914577731397
983.0 0.0008965655069914646
984.0 0.0009362242963106837
985.0 0.0009758832675288431
986.0 0.001114898896048544
987.0 0.0012539143426693045
988.0 0.0013712814507016446
989.0 0.001488648103986634
990.0 0.001543462167319376
991.0 0.0015982763216015883
992.0 0.0015978819646988995
993.0 0.0015974876077962108
994.0 0.0015763174815219827
995.0 0.0015551473552477546
996.0 0.0014102558452577796
997.0 0.001265364517166745
998.0 0.0013620610843645409
999.0 0.001458757742511807
1000.0 0.0013849100469087716
1001.0 0.0013110620784573257
1002.0 0.0012074251571903005
1003.0 0.0011037882359232754
1004.0 0.0011110898412880488
1005.0 0.001118391355703352
1006.0 0.0013307945664564613
1007.0 0.0015431978681590408
1008.0 0.0015715460904175416
1009.0 0.0015998950402718037
1010.0 0.0016411617252742872
1011.0 0.001682428592175711
1012.0 0.0018066186385112815
1013.0 0.0019308090486447327
1014.0 0.0020237421267665923
1015.0 0.002116675386787392
1016.0 0.0024204939109040424
1017.0 0.0027243127988185734
1018.0 0.002964124178106431
1019.0 0.0032039355573942885
1020.0 0.0032110619940795004
1021.0 0.0032181884307647124
1022.0 0.003544703940860927
1023.0 0.003871219450957142
1024.0 0.003976399602834135
1025.0 0.004081579390913248
1026.0 0.0041836836317088455
1027.0 0.004285787508706562
1028.0 0.00440713411080651
1029.0 0.004528481076704338
1030.0 0.00464511031168513
1031.0 0.004761739182868041
1032.0 0.0050879949412774295
1033.0 0.0054142510634846985
1034.0 0.005331195279723033
1035.0 0.005248139495961368
1036.0 0.005272818452795036
1037.0 0.0052974970458308235
1038.0 0.005564138700719923
1039.0 0.005830780719406903
1040.0 0.006196552567416802
1041.0 0.0065623229602351785
1042.0 0.006751574983354658
1043.0 0.0069408255512826145
1044.0 0.007238294347189367
1045.0 0.007535760960308835
1046.0 0.008431288733845577
1047.0 0.009326815052190796
1048.0 0.010777441639220342
1049.0 0.012228066043462604
1050.0 0.014448186266236007
1051.0 0.01666830212343484
1052.0 0.020086330187041312
1053.0 0.023504365526605397
1054.0 0.028123395168222487
1055.0 0.032742423354648054
1056.0 0.03931362007278949
1057.0 0.04588480805978179
1058.0 0.053501816000789404
1059.0 0.061118812300264835
1060.0 0.06838443223387003
1061.0 0.07565001724287868
1062.0 0.08270204998552799
1063.0 0.08975405944511294
1064.0 0.09507227805443108
1065.0 0.10039048502221704
1066.0 0.10530551662668586
1067.0 0.11022054823115468
1068.0 0.11619300348684192
1069.0 0.1221654936671257
1070.0 0.13190406607463956
1071.0 0.14164263848215342
1072.0 0.15491914236918092
1073.0 0.1681955996900797
1074.0 0.1831152243539691
1075.0 0.19803489558398724
1076.0 0.21214652806520462
1077.0 0.22625818382948637
1078.0 0.24016720708459616
1079.0 0.2540762070566416
1080.0 0.2705252496525645
1081.0 0.2869742689654231
1082.0 0.31253176275640726
1083.0 0.3380892565473914
1084.0 0.3738618455827236
1085.0 0.4096344579011202
1086.0 0.4441291559487581
1087.0 0.4786239005625248
1088.0 0.5419665016233921
1089.0 0.6053091026842594
1090.0 0.6817132234573364
1091.0 0.7581172976642847
1092.0 0.786907784640789
1093.0 0.8156979456543922
1094.0 0.8508184924721718
1095.0 0.8859386667609215
1096.0 0.9283200837671757
1097.0 0.9707016870379448
1098.0 0.9878614917397499
1099.0 1.0050213895738125
1100.0 1.1575089767575264
1101.0 1.309996284544468
