lsstCam/transmission_filter_detector/r02_s01/g_6/19700101T000000.ecsv
# %ECSV 1.0
# ---
# datatype:
# - {name: wavelength, unit: nm, datatype: float32}
# - {name: efficiency, unit: '%', datatype: float64}
# meta: !!omap
# - {MODE: DETECTOR}
# - {TYPE: transmission_filter_detector}
# - {CALIBDATE: '1970-01-01T00:00:00'}
# - {INSTRUME: LSSTCam}
# - {OBSTYPE: transmission_filter_detector}
# - {CALIBCLS: lsst.ip.isr.IntermediateFilterDetectorTransmissionCurve}
# - {SOURCE: Materion (DM-46256)}
# - {DETECTOR: 10}
# - {FILTER: g_6}
# - {CALIB_ID: 'calibDate=1970-01-01T00:00:00 filter=g_6 detector=10'}
# - {DATE: '2025-04-02T15:59:42.076649'}
# - {CALIB_CREATION_DATE: '2025-04-02'}
# - {CALIB_CREATION_TIME: '15:59:42'}
# - __serialized_columns__:
#     efficiency:
#       __class__: astropy.units.quantity.Quantity
#       unit: !astropy.units.Unit {unit: '%'}
#       value: !astropy.table.SerializedColumn {name: efficiency}
#     wavelength:
#       __class__: astropy.units.quantity.Quantity
#       unit: !astropy.units.Unit {unit: nm}
#       value: !astropy.table.SerializedColumn {name: wavelength}
# schema: astropy-2.0
wavelength efficiency
300.0 0.5121301859617233
301.0 0.37682296242564917
302.0 0.24151569232344627
303.0 0.2195131266489625
304.0 0.19751056097447872
305.0 0.2017732709646225
306.0 0.20603598095476627
307.0 0.21931612864136696
308.0 0.23259627632796764
309.0 0.22258337121456861
310.0 0.21257048938423395
311.0 0.20717454608529806
312.0 0.20177862606942654
313.0 0.19787042401731014
314.0 0.19396219868212938
315.0 0.18433320801705122
316.0 0.1747042639181018
317.0 0.17529811011627316
318.0 0.1758919912390411
319.0 0.16134033212438226
320.0 0.14678863808512688
321.0 0.13999989023432136
322.0 0.1332111656665802
323.0 0.11353747686371207
324.0 0.09386383462697268
325.0 0.085767189739272
326.0 0.07767054485157132
327.0 0.0711101689375937
328.0 0.06454979302361608
329.0 0.06155731971375644
330.0 0.05856484640389681
331.0 0.054502557031810284
332.0 0.05044027348048985
333.0 0.04716242547146976
334.0 0.043884580372832716
335.0 0.04209143226034939
336.0 0.04029828414786607
337.0 0.041392762796022
338.0 0.042487235623411834
339.0 0.04084224929101765
340.0 0.03919726004824042
341.0 0.03757754748221487
342.0 0.03595783491618931
343.0 0.03256335039623082
344.0 0.02916886587627232
345.0 0.025737020769156516
346.0 0.022305174206849188
347.0 0.021082861348986626
348.0 0.019860545580741018
349.0 0.01819102617446333
350.0 0.637179659679532
351.0 1.215567346662283
352.0 0.5900518968701363
353.0 0.8151495829224586
354.0 0.4974041134119034
355.0 0.7589735090732574
356.0 0.6168253254145384
357.0 0.9290761314332485
358.0 0.5647653248161077
359.0 0.8803172037005424
360.0 0.6722962949424982
361.0 0.6506505887955427
362.0 0.5686198361217976
363.0 0.7357364520430565
364.0 0.4240769427269697
365.0 0.7748604286462069
366.0 0.5024105310440063
367.0 0.5186620634049177
368.0 0.48144739121198654
369.0 0.6310704629868269
370.0 0.3925569821149111
371.0 0.641139829531312
372.0 0.4150199703872204
373.0 0.6217965390533209
374.0 0.36092798691242933
375.0 0.4987221211194992
376.0 0.34708227030932903
377.0 0.5090819671750069
378.0 0.2827494405210018
379.0 0.5828771274536848
380.0 0.3828622866421938
381.0 0.5527520086616278
382.0 0.5043177865445614
383.0 0.5645155441015959
384.0 0.5443467292934656
385.0 0.6834013853222132
386.0 0.6750339642167091
387.0 0.7430678233504295
388.0 0.9857487864792347
389.0 1.315100584179163
390.0 1.9619114696979523
391.0 3.104087896645069
392.0 4.814865812659264
393.0 7.6254114508628845
394.0 11.467085033655167
395.0 16.555199027061462
396.0 22.724121809005737
397.0 30.44498860836029
398.0 39.44381773471832
399.0 48.93107712268829
400.0 58.35825204849243
401.0 67.19722747802734
402.0 75.07408261299133
403.0 81.421959400177
404.0 86.00531816482544
405.0 89.278244972229
406.0 91.06180667877197
407.0 92.4742043018341
408.0 93.29591393470764
409.0 93.53757500648499
410.0 93.64867210388184
411.0 93.3523416519165
412.0 93.07491779327393
413.0 92.87532567977905
414.0 92.73892045021057
415.0 92.93928146362305
416.0 93.3675765991211
417.0 93.74684691429138
418.0 94.25712823867798
419.0 94.78492140769958
420.0 95.3323245048523
421.0 95.87668776512146
422.0 95.96025347709656
423.0 96.1631178855896
424.0 95.91919779777527
425.0 95.80280780792236
426.0 95.77366709709167
427.0 95.72787880897522
428.0 95.63771486282349
429.0 95.50780653953552
430.0 95.37702202796936
431.0 95.43596506118774
432.0 95.56071758270264
433.0 95.62918543815613
434.0 95.6078290939331
435.0 95.79575061798096
436.0 95.8453357219696
437.0 95.79330086708069
438.0 95.8428144454956
439.0 96.04580998420715
440.0 95.96635103225708
441.0 96.14238142967224
442.0 96.08272314071655
443.0 96.02704048156738
444.0 95.85920572280884
445.0 95.65165638923645
446.0 95.48781514167786
447.0 95.35951018333435
448.0 95.36588788032532
449.0 95.59356570243835
450.0 95.8530843257904
451.0 96.05663418769836
452.0 96.2468147277832
453.0 96.34572863578796
454.0 96.40932083129883
455.0 96.70161604881287
456.0 96.8286395072937
457.0 96.97704911231995
458.0 96.92950248718262
459.0 96.91498875617981
460.0 96.93025350570679
461.0 97.05859422683716
462.0 96.96945548057556
463.0 96.85690999031067
464.0 96.96868658065796
465.0 96.87931537628174
466.0 96.8372642993927
467.0 96.88372015953064
468.0 96.87008857727051
469.0 96.945059299469
470.0 96.78229689598083
471.0 96.67015075683594
472.0 96.73893451690674
473.0 96.62701487541199
474.0 96.54228091239929
475.0 96.5864360332489
476.0 96.6093897819519
477.0 96.71761393547058
478.0 96.80193662643433
479.0 96.80065512657166
480.0 97.00680375099182
481.0 97.11178541183472
482.0 97.29915261268616
483.0 97.15759754180908
484.0 97.34126925468445
485.0 97.35122323036194
486.0 97.36946821212769
487.0 97.44239449501038
488.0 97.41936326026917
489.0 97.47856855392456
490.0 97.48973846435547
491.0 97.56080508232117
492.0 97.46265411376953
493.0 97.4738359451294
494.0 97.46073484420776
495.0 97.513747215271
496.0 97.31160402297974
497.0 97.24690914154053
498.0 97.03182578086853
499.0 97.09468483924866
500.0 97.03664779663086
501.0 97.01977372169495
502.0 96.95367217063904
503.0 97.12417721748352
504.0 96.95470929145813
505.0 96.9420850276947
506.0 96.97768688201904
507.0 96.95085883140564
508.0 96.9215989112854
509.0 96.94758653640747
510.0 96.80967330932617
511.0 96.85229063034058
512.0 96.77671790122986
513.0 96.84423804283142
514.0 96.80362939834595
515.0 96.82949781417847
516.0 96.92115783691406
517.0 97.00294733047485
518.0 97.04123735427856
519.0 97.03327417373657
520.0 97.08407521247864
521.0 97.18319773674011
522.0 97.20719456672668
523.0 97.15638160705566
524.0 97.14564085006714
525.0 97.09124565124512
526.0 97.24113941192627
527.0 97.20174670219421
528.0 97.2506582736969
529.0 97.35383987426758
530.0 97.38467931747437
531.0 97.47671484947205
532.0 97.34976887702942
533.0 97.33957052230835
534.0 97.2536563873291
535.0 97.03655242919922
536.0 96.55876755714417
537.0 95.8237886428833
538.0 94.88294720649719
539.0 93.20275783538818
540.0 91.228848695755
541.0 88.25007677078247
542.0 85.22922992706299
543.0 81.26519322395325
544.0 76.39116644859314
545.0 72.0899224281311
546.0 67.08598136901855
547.0 62.62125372886658
548.0 58.316969871520996
549.0 54.57160472869873
550.0 51.79733633995056
551.0 49.07328188419342
552.0 46.84425592422485
553.0 44.262126088142395
554.0 41.11012518405914
555.0 37.47410774230957
556.0 32.703596353530884
557.0 27.34258770942688
558.0 21.746891736984253
559.0 16.448992490768433
560.0 11.68029010295868
561.0 7.503744214773178
562.0 4.56891730427742
563.0 2.5321925058960915
564.0 1.3229752890765667
565.0 0.6259624846279621
566.0 0.3429950214922428
567.0 0.17806830583140254
568.0 0.13251611962914467
569.0 0.07919992785900831
570.0 0.06640628562308848
571.0 0.04066764668095857
572.0 0.04751365049742162
573.0 0.030499501735903323
574.0 0.037093652645125985
575.0 0.027795898495242
576.0 0.031137443147599697
577.0 0.02637262223288417
578.0 0.04017901956103742
579.0 0.018495466792955995
580.0 0.025026933872140944
581.0 0.017928340821526945
582.0 0.0153908840729855
583.0 0.017137521354015917
584.0 0.023219588911160827
585.0 0.024588286760263145
586.0 0.023520068498328328
587.0 0.010372554970672354
588.0 0.009365272853756323
589.0 0.015343388076871634
590.0 0.016651440819259733
591.0 0.010945862595690414
592.0 0.021258812921587378
593.0 0.010960278450511396
594.0 0.011729622929124162
595.0 0.008243654883699492
596.0 0.005329665509634651
597.0 0.008676743163960055
598.0 0.008565715688746423
599.0 0.006999144534347579
600.0 0.012928379874210805
601.0 0.0023114605937735178
602.0 0.0023501297619077377
603.0 0.0023887989300419576
604.0 0.002229785422969144
605.0 0.00207077191589633
606.0 0.0020248180589987896
607.0 0.0019788642021012492
608.0 0.0018654613086255267
609.0 0.0017520584151498042
610.0 0.0018391161574982107
611.0 0.0019261735360487364
612.0 0.001816697658796329
613.0 0.0017072217815439217
614.0 0.0017022775864461437
615.0 0.0016973339370451868
616.0 0.0018216240277979523
617.0 0.0019459141185507178
618.0 0.0018132070181309246
619.0 0.001680499735812191
620.0 0.001690713361313101
621.0 0.0017009268049150705
622.0 0.0015724866898381151
623.0 0.0014440463928622194
624.0 0.0014716901205247268
625.0 0.001499333757237764
626.0 0.0013859861610399093
627.0 0.0012726388376904652
628.0 0.0013723145457333885
629.0 0.0014719906175741926
630.0 0.0013671115993929561
631.0 0.0012622321264643688
632.0 0.0013560205843532458
633.0 0.001449808587494772
634.0 0.0014139948689262383
635.0 0.001378180786559824
636.0 0.0013689147635886911
637.0 0.0013596493772638496
638.0 0.0012630404853553046
639.0 0.0011664316843962297
640.0 0.0011116878340544645
641.0 0.001056943801813759
642.0 0.0012596276974363718
643.0 0.001462311684008455
644.0 0.0013560296793002635
645.0 0.0012497474017436616
646.0 0.0012121896361350082
647.0 0.0011746318705263548
648.0 0.0010737631782831158
649.0 0.0009728943950904068
650.0 0.0012010800674033817
651.0 0.0014292651940195356
652.0 0.001195400909637101
653.0 0.0009615364433557261
654.0 0.0011029460438294336
655.0 0.0012443557352526113
656.0 0.00120968716146308
657.0 0.001175018314825138
658.0 0.0010784224286908284
659.0 0.0009818269063543994
660.0 0.0009689699254522566
661.0 0.0009561126717017032
662.0 0.0010320384717488196
663.0 0.0011079644536948763
664.0 0.001167847131000599
665.0 0.001227729535457911
666.0 0.0011403394637454767
667.0 0.001052949210134102
668.0 0.0011223625733691733
669.0 0.0011917757547053043
670.0 0.0012046945812471677
671.0 0.001217613407789031
672.0 0.0011958106370002497
673.0 0.001174007684312528
674.0 0.0011294609976175707
675.0 0.0010849142199731432
676.0 0.0010506662874831818
677.0 0.0010164179911953397
678.0 0.0010663939065125305
679.0 0.0011163698218297213
680.0 0.0010296041182300542
681.0 0.000942838414630387
682.0 0.0009979928108805325
683.0 0.0010531471161812078
684.0 0.0008825991244520992
685.0 0.0007120510872482555
686.0 0.0009149790457740892
687.0 0.0011179069588251878
688.0 0.001131440330937039
689.0 0.0011449737030488905
690.0 0.0010250113518850412
691.0 0.000905049000721192
692.0 0.0009095194400288165
693.0 0.0009139898793364409
694.0 0.0010125510016223416
695.0 0.0011111119420093019
696.0 0.0011187886229890864
697.0 0.0011264648492215201
698.0 0.0012278139365662355
699.0 0.0013291630239109509
700.0 0.0010892018508457113
701.0 0.0008492404958815314
702.0 0.0010267262950947043
703.0 0.001204212003358407
704.0 0.001184563006972894
705.0 0.0011649137377389707
706.0 0.001122093635785859
707.0 0.0010792735338327475
708.0 0.0010542385098233353
709.0 0.0010292037586623337
710.0 0.0011535362318682019
711.0 0.0012778689779224806
712.0 0.0011880803867825307
713.0 0.001098291886592051
714.0 0.0011573651136131957
715.0 0.001216438613482751
716.0 0.0014141247447696514
717.0 0.0016118112398544326
718.0 0.0018685479517444037
719.0 0.002125284845533315
720.0 0.0017558541003381833
721.0 0.0013864234460925218
722.0 0.0015359748431365006
723.0 0.0016855266949278302
724.0 0.001627557685424108
725.0 0.0015695883121225052
726.0 0.001669713128649164
727.0 0.0017698381270747632
728.0 0.00187591776921181
729.0 0.001981997411348857
730.0 0.00197983408725122
731.0 0.001977670763153583
732.0 0.00185082735697506
733.0 0.0017239841326954775
734.0 0.0015377338058897294
735.0 0.0013514839338313323
736.0 0.0012100214917154517
737.0 0.0010685588677006308
738.0 0.0010994973308697809
739.0 0.0011304356121399906
740.0 0.0009765061804500874
741.0 0.0008225766578107141
742.0 0.0008375825018447358
743.0 0.0008525882549292874
744.0 0.0009949528248398565
745.0 0.0011373174856998958
746.0 0.0010737671800598036
747.0 0.001010217147268122
748.0 0.0011931120752706192
749.0 0.0013760070942225866
750.0 0.0011069180800404865
751.0 0.0008378294296562672
752.0 0.0007728339369350579
753.0 0.0007078386261127889
754.0 0.0007830540198483504
755.0 0.000858269413583912
756.0 0.0008407842869928572
757.0 0.0008232990694523323
758.0 0.0008302906280732714
759.0 0.0008372826414415613
760.0 0.0006529652182507562
761.0 0.0004686478405346861
762.0 0.0005279550350678619
763.0 0.0005872621386515675
764.0 0.000752180494600907
765.0 0.0009170989869744517
766.0 0.0007495689260395011
767.0 0.0005820389560540207
768.0 0.000528421924173017
769.0 0.0004748048922920134
770.0 0.00039312135413638316
771.0 0.0003114378387181205
772.0 0.0005604452326224418
773.0 0.0008094527402136009
774.0 0.0008888624506653287
775.0 0.0009682721611170564
776.0 0.0008954059012467042
777.0 0.0008225396413763519
778.0 0.0008092497409961652
779.0 0.0007959598406159785
780.0 0.0007049445684970124
781.0 0.0006139292963780463
782.0 0.0006062477950763423
783.0 0.0005985662028251681
784.0 0.0007133086000976618
785.0 0.0008280509973701555
786.0 0.0007573803031846182
787.0 0.0006867099727969617
788.0 0.00046905261115171015
789.0 0.0002513953177185613
790.0 0.00024747478164499626
791.0 0.00024355426830879878
792.0 0.00024314972506545018
793.0 0.00024274520455946913
794.0 0.0002254697847092757
795.0 0.00020819434212171473
796.0 0.0003815498985204613
797.0 0.0005549054549192078
798.0 0.0005133021659275983
799.0 0.00047169892241072375
800.0 0.0005018373030907242
801.0 0.0005319758656696649
802.0 0.0004579584128805436
803.0 0.0003839410965156276
804.0 0.00029866857857996365
805.0 0.00021339612885640236
806.0 0.000303568594972603
807.0 0.00039374108382617123
808.0 0.0005075714852864621
809.0 0.0006214018412720179
810.0 0.00045678466449317057
811.0 0.00029216739676485304
812.0 0.0002905893097704393
813.0 0.00028901117730129045
814.0 0.00036554965845425613
815.0 0.0004420881396072218
816.0 0.0004903362878394546
817.0 0.0005385843451222172
818.0 0.0003598534476623172
819.0 0.00018112253883373342
820.0 0.00039759179344400764
821.0 0.000614060991210863
822.0 0.00046802488213870674
823.0 0.0003219888412786531
824.0 0.00040947793422674295
825.0 0.0004969670044374652
826.0 0.0006128542281658156
827.0 0.0007287413154699607
828.0 0.000662426236885949
829.0 0.0005961111128272023
830.0 0.00043636082409648225
831.0 0.00027661051262839464
832.0 0.00043209274736000225
833.0 0.0005875749138795072
834.0 0.0005024598976888228
835.0 0.0004173449269728735
836.0 0.00048539200179220643
837.0 0.0005534391675610095
838.0 0.0004941472980135586
839.0 0.0004348555194155779
840.0 0.000566177459404571
841.0 0.000697499353918829
842.0 0.000363275512427208
843.0 2.9051585670458735e-05
844.0 9.005474908008182e-05
845.0 0.0001510579181740468
846.0 0.00037133927435206715
847.0 0.000591620755585609
848.0 0.0005173178124096012
849.0 0.0004430149601830635
850.0 0.0004974577223038068
851.0 0.0005519005298992852
852.0 0.0006480339834524784
853.0 0.000744167073207791
854.0 0.0006560006568179233
855.0 0.0005678341494785855
856.0 0.0005813408733956749
857.0 0.0005948476882622344
858.0 0.000554859343537828
859.0 0.0005148709988134215
860.0 0.0005301755663822405
861.0 0.0005454800884763245
862.0 0.0005017403054807801
863.0 0.0004580005224852357
864.0 0.00045830347517039627
865.0 0.00045860642785555683
866.0 0.00048538313421886414
867.0 0.0005121599315316416
868.0 0.0007050919975881698
869.0 0.0008980240636446979
870.0 0.0006377786576194922
871.0 0.0003775331379074487
872.0 0.0003250229610785027
873.0 0.00027251264782535145
874.0 0.00036043993532075547
875.0 0.00044836720007879194
876.0 0.0005989608325762674
877.0 0.0007495543741242727
878.0 0.0007246817858685972
879.0 0.0006998091521381866
880.0 0.0006696113359794253
881.0 0.0006394138381438097
882.0 0.0005331114152795635
883.0 0.00042680931073846295
884.0 0.000568512086829287
885.0 0.0007102150902937865
886.0 0.0007307314263016451
887.0 0.0007512480351579143
888.0 0.0006229121936485171
889.0 0.0004945765340380603
890.0 0.0005316269380273297
891.0 0.0005686774329660693
892.0 0.0005394050731410971
893.0 0.00051013275879086
894.0 0.0005216761564952321
895.0 0.0005332195996743394
896.0 0.00030861490358802257
897.0 8.401018476433819e-05
898.0 0.00025269087018386927
899.0 0.0004213715328660328
900.0 0.00031798076634004246
901.0 0.0002145899770766846
902.0 0.0004395515588839771
903.0 0.0006645131634286372
904.0 0.0003494874590614927
905.0 3.446167227139085e-05
906.0 0.0003120949031654163
