lsstcam/qe_curve/r14_s01/19700101T000000.ecsv
# %ECSV 0.9
# ---
# datatype:
# - {name: amp_name, datatype: string}
# - {name: wavelength, unit: nm, datatype: float32}
# - {name: efficiency, unit: '%', datatype: float32}
# meta: !!omap
# - {MODE: AMP}
# - {TYPE: QE}
# - {CALIBDATE: '1970-01-01T00:00:00'}
# - {INSTRUME: LSSTCAM}
# - {OBSTYPE: qe_curve}
# - {DETECTOR: 64}
# - {PICKLEFILE: RaftRun11746.p}
# - {CALIB_ID: 'raftName=R14 detectorName=S01 detector=64 calibDate=1970-01-01T00:00:00 ccd=64 ccdnum=64 filter=None'}
# - {DATE: '2020-01-23T14:12:32.823953'}
# - {CALIB_CREATION_DATE: '2020-01-23'}
# - {CALIB_CREATION_TIME: '14:12:32'}
# - __serialized_columns__:
#     efficiency:
#       __class__: astropy.units.quantity.Quantity
#       unit: !astropy.units.Unit {unit: '%'}
#       value: !astropy.table.SerializedColumn {name: efficiency}
#     wavelength:
#       __class__: astropy.units.quantity.Quantity
#       unit: !astropy.units.Unit {unit: nm}
#       value: !astropy.table.SerializedColumn {name: wavelength}
# schema: astropy-2.0
amp_name wavelength efficiency
C14 319.994 45.398388
C14 324.969 51.26841
C14 349.982 75.20701
C14 374.975 79.212074
C14 400.019 85.12111
C14 424.965 86.75481
C14 450.035 88.75857
C14 475.003 90.5798
C14 500.018 92.76534
C14 525.002 95.02657
C14 550.029 95.664085
C14 575.023 97.52023
C14 599.982 98.19747
C14 619.997 98.540535
C14 624.979 99.386314
C14 650.012 99.47075
C14 675.004 98.8365
C14 700.03 98.58729
C14 725.012 98.04043
C14 750.022 98.4713
C14 774.987 99.03613
C14 799.976 97.71963
C14 824.988 96.05505
C14 850.022 93.948586
C14 869.967 90.787384
C14 875.002 89.32964
C14 899.999 82.915565
C14 919.999 73.75141
C14 925.012 70.86697
C14 949.965 57.965252
C14 975.002 42.898468
C14 999.976 25.898993
C14 1025.028 10.982227
C14 1050.014 3.9214046
C14 1075.002 2.13683
C14 1099.99 1.6567155
C11 319.994 45.83237
C11 324.969 51.75854
C11 349.982 75.76172
C11 374.975 79.546196
C11 400.019 85.24967
C11 424.965 86.80725
C11 450.035 88.772766
C11 475.003 90.58117
C11 500.018 92.749084
C11 525.002 94.99882
C11 550.029 95.62176
C11 575.023 97.46711
C11 599.982 98.130516
C11 619.997 98.460655
C11 624.979 99.30309
C11 650.012 99.37708
C11 675.004 98.73458
C11 700.03 98.485916
C11 725.012 97.95596
C11 750.022 98.42081
C11 774.987 99.01175
C11 799.976 97.712524
C11 824.988 96.053535
C11 850.022 93.95952
C11 869.967 90.845695
C11 875.002 89.40346
C11 899.999 83.12432
C11 919.999 73.63802
C11 925.012 70.698524
C11 949.965 58.059708
C11 975.002 43.041203
C11 999.976 26.03481
C11 1025.028 11.046419
C11 1050.014 3.9294474
C11 1075.002 2.1275244
C11 1099.99 1.6560917
C12 319.994 45.732975
C12 324.969 51.647934
C12 349.982 75.705315
C12 374.975 79.56858
C12 400.019 85.32681
C12 424.965 86.90249
C12 450.035 88.87648
C12 475.003 90.68497
C12 500.018 92.860435
C12 525.002 95.116974
C12 550.029 95.74595
C12 575.023 97.60109
C12 599.982 98.27191
C12 619.997 98.60448
C12 624.979 99.45169
C12 650.012 99.53019
C12 675.004 98.89186
C12 700.03 98.64631
C12 725.012 98.104744
C12 750.022 98.55798
C12 774.987 99.13303
C12 799.976 97.82979
C12 824.988 96.16237
C12 850.022 94.04784
C12 869.967 90.90892
C12 875.002 89.4778
C12 899.999 83.188705
C12 919.999 73.70667
C12 925.012 70.767555
C12 949.965 58.111584
C12 975.002 43.04682
C12 999.976 26.03787
C12 1025.028 11.037563
C12 1050.014 3.9263299
C12 1075.002 2.1272516
C12 1099.99 1.6542406
C01 319.994 44.520912
C01 324.969 50.26105
C01 349.982 73.37937
C01 374.975 77.47583
C01 400.019 84.24115
C01 424.965 86.324486
C01 450.035 88.57321
C01 475.003 90.54356
C01 500.018 92.824585
C01 525.002 95.14229
C01 550.029 95.81143
C01 575.023 97.68883
C01 599.982 98.37513
C01 619.997 98.709724
C01 624.979 99.55915
C01 650.012 99.64029
C01 675.004 98.98827
C01 700.03 98.63269
C01 725.012 97.80544
C01 750.022 97.887535
C01 774.987 98.11323
C01 799.976 96.6796
C01 824.988 95.10379
C01 850.022 92.924675
C01 869.967 89.81044
C01 875.002 88.49372
C01 899.999 82.55596
C01 919.999 73.470924
C01 925.012 70.48299
C01 949.965 57.547226
C01 975.002 42.38103
C01 999.976 25.783789
C01 1025.028 11.041088
C01 1050.014 3.8844411
C01 1075.002 2.1132069
C01 1099.99 1.6464329
C05 319.994 45.02979
C05 324.969 50.851337
C05 349.982 74.43391
C05 374.975 78.4654
C05 400.019 84.837
C05 424.965 86.70607
C05 450.035 88.83815
C05 475.003 90.7444
C05 500.018 92.981514
C05 525.002 95.27814
C05 550.029 95.938835
C05 575.023 97.81322
C05 599.982 98.49645
C05 619.997 98.83748
C05 624.979 99.68928
C05 650.012 99.771225
C05 675.004 99.1176
C05 700.03 98.773026
C05 725.012 97.95489
C05 750.022 98.05215
C05 774.987 98.28864
C05 799.976 96.871414
C05 824.988 95.30595
C05 850.022 93.1359
C05 869.967 90.173256
C05 875.002 88.81897
C05 899.999 82.89387
C05 919.999 73.40143
C05 925.012 70.55364
C05 949.965 57.88722
C05 975.002 42.67781
C05 999.976 26.01043
C05 1025.028 11.080144
C05 1050.014 3.8731458
C05 1075.002 2.1086347
C05 1099.99 1.6533985
C04 319.994 44.965992
C04 324.969 50.77923
C04 349.982 74.332924
C04 374.975 78.398384
C04 400.019 84.8252
C04 424.965 86.718445
C04 450.035 88.86429
C04 475.003 90.77641
C04 500.018 93.02222
C04 525.002 95.32382
C04 550.029 95.98513
C04 575.023 97.86131
C04 599.982 98.5458
C04 619.997 98.890465
C04 624.979 99.74136
C04 650.012 99.82535
C04 675.004 99.174805
C04 700.03 98.82738
C04 725.012 97.99669
C04 750.022 98.08377
C04 774.987 98.306175
C04 799.976 96.87929
C04 824.988 95.31019
C04 850.022 93.1162
C04 869.967 90.124886
C04 875.002 88.75905
C04 899.999 82.87673
C04 919.999 73.39522
C04 925.012 70.57235
C04 949.965 57.72582
C04 975.002 42.668293
C04 999.976 25.980042
C04 1025.028 11.050263
C04 1050.014 3.872759
C04 1075.002 2.1097806
C04 1099.99 1.652205
C03 319.994 44.744923
C03 324.969 50.523502
C03 349.982 73.88985
C03 374.975 77.974144
C03 400.019 84.526634
C03 424.965 86.48859
C03 450.035 88.67301
C03 475.003 90.60759
C03 500.018 92.86245
C03 525.002 95.16876
C03 550.029 95.83512
C03 575.023 97.70674
C03 599.982 98.39243
C03 619.997 98.7343
C03 624.979 99.57966
C03 650.012 99.66278
C03 675.004 99.01078
C03 700.03 98.65954
C03 725.012 97.82873
C03 750.022 97.90697
C03 774.987 98.123146
C03 799.976 96.691635
C03 824.988 95.12077
C03 850.022 92.935486
C03 869.967 89.86833
C03 875.002 88.52356
C03 899.999 82.680916
C03 919.999 73.40245
C03 925.012 70.47745
C03 949.965 57.562057
C03 975.002 42.484768
C03 999.976 25.79136
C03 1025.028 11.036584
C03 1050.014 3.8764138
C03 1075.002 2.1071863
C03 1099.99 1.6463462
C07 319.994 45.233665
C07 324.969 51.069336
C07 349.982 74.523895
C07 374.975 78.44824
C07 400.019 84.77658
C07 424.965 86.64021
C07 450.035 88.77046
C07 475.003 90.67281
C07 500.018 92.90623
C07 525.002 95.192474
C07 550.029 95.83643
C07 575.023 97.696884
C07 599.982 98.36442
C07 619.997 98.69173
C07 624.979 99.53937
C07 650.012 99.60684
C07 675.004 98.94689
C07 700.03 98.60108
C07 725.012 97.80567
C07 750.022 97.94531
C07 774.987 98.22538
C07 799.976 96.82834
C07 824.988 95.26795
C07 850.022 93.14624
C07 869.967 90.26229
C07 875.002 88.91949
C07 899.999 82.878876
C07 919.999 73.45974
C07 925.012 70.61427
C07 949.965 57.965206
C07 975.002 42.840588
C07 999.976 26.067486
C07 1025.028 11.136003
C07 1050.014 3.890412
C07 1075.002 2.118274
C07 1099.99 1.6607739
C10 319.994 45.89019
C10 324.969 51.817863
C10 349.982 75.729065
C10 374.975 79.4332
C10 400.019 85.113884
C10 424.965 86.668816
C10 450.035 88.638794
C10 475.003 90.44139
C10 500.018 92.60579
C10 525.002 94.8483
C10 550.029 95.46849
C10 575.023 97.3015
C10 599.982 97.955246
C10 619.997 98.279785
C10 624.979 99.1217
C10 650.012 99.18477
C10 675.004 98.54048
C10 700.03 98.293755
C10 725.012 97.77779
C10 750.022 98.260025
C10 774.987 98.86967
C10 799.976 97.58509
C10 824.988 95.92864
C10 850.022 93.86007
C10 869.967 90.786415
C10 875.002 89.37299
C10 899.999 83.045616
C10 919.999 73.522934
C10 925.012 70.59306
C10 949.965 58.155598
C10 975.002 43.185158
C10 999.976 26.144026
C10 1025.028 11.148603
C10 1050.014 3.9153166
C10 1075.002 2.1207516
C10 1099.99 1.6579664
C06 319.994 45.067535
C06 324.969 50.890236
C06 349.982 74.4387
C06 374.975 78.44167
C06 400.019 84.76009
C06 424.965 86.609924
C06 450.035 88.73113
C06 475.003 90.62825
C06 500.018 92.86181
C06 525.002 95.15487
C06 550.029 95.80492
C06 575.023 97.67091
C06 599.982 98.3518
C06 619.997 98.68765
C06 624.979 99.538
C06 650.012 99.61543
C06 675.004 98.96416
C06 700.03 98.61936
C06 725.012 97.81444
C06 750.022 97.930565
C06 774.987 98.186005
C06 799.976 96.78012
C06 824.988 95.21803
C06 850.022 93.07642
C06 869.967 90.15357
C06 875.002 88.808815
C06 899.999 82.85672
C06 919.999 73.42274
C06 925.012 70.56768
C06 949.965 57.9097
C06 975.002 42.771034
C06 999.976 26.035915
C06 1025.028 11.084551
C06 1050.014 3.882081
C06 1075.002 2.11552
C06 1099.99 1.6576797
C15 319.994 45.24717
C15 324.969 51.094418
C15 349.982 74.90583
C15 374.975 78.94713
C15 400.019 84.99271
C15 424.965 86.693634
C15 450.035 88.731445
C15 475.003 90.575745
C15 500.018 92.770134
C15 525.002 95.03598
C15 550.029 95.67569
C15 575.023 97.536705
C15 599.982 98.21344
C15 619.997 98.55352
C15 624.979 99.3983
C15 650.012 99.485275
C15 675.004 98.84941
C15 700.03 98.60105
C15 725.012 98.05146
C15 750.022 98.47927
C15 774.987 99.03452
C15 799.976 97.7187
C15 824.988 96.0448
C15 850.022 93.926155
C15 869.967 90.754524
C15 875.002 89.29739
C15 899.999 82.835846
C15 919.999 73.69252
C15 925.012 70.82188
C15 949.965 57.894733
C15 975.002 42.828693
C15 999.976 25.847412
C15 1025.028 10.968661
C15 1050.014 3.9123552
C15 1075.002 2.1376667
C15 1099.99 1.6565554
C00 319.994 44.190357
C00 324.969 49.88991
C00 349.982 72.83628
C00 374.975 77.00804
C00 400.019 83.961754
C00 424.965 86.13264
C00 450.035 88.42472
C00 475.003 90.42325
C00 500.018 92.71682
C00 525.002 95.04651
C00 550.029 95.72182
C00 575.023 97.60247
C00 599.982 98.294525
C00 619.997 98.63615
C00 624.979 99.483116
C00 650.012 99.5642
C00 675.004 98.9142
C00 700.03 98.57178
C00 725.012 97.750336
C00 750.022 97.84919
C00 774.987 98.08541
C00 799.976 96.66346
C00 824.988 95.07832
C00 850.022 92.89387
C00 869.967 89.811905
C00 875.002 88.468834
C00 899.999 82.52137
C00 919.999 73.37702
C00 925.012 70.42867
C00 949.965 57.449078
C00 975.002 42.407593
C00 999.976 25.792444
C00 1025.028 11.032628
C00 1050.014 3.8891692
C00 1075.002 2.1132166
C00 1099.99 1.6431421
C17 319.994 44.68385
C17 324.969 50.46122
C17 349.982 74.01016
C17 374.975 78.18783
C17 400.019 84.48793
C17 424.965 86.316505
C17 450.035 88.410355
C17 475.003 90.29043
C17 500.018 92.50764
C17 525.002 94.7916
C17 550.029 95.44552
C17 575.023 97.309555
C17 599.982 97.99633
C17 619.997 98.34363
C17 624.979 99.18849
C17 650.012 99.27891
C17 675.004 98.65001
C17 700.03 98.405304
C17 725.012 97.866905
C17 750.022 98.29797
C17 774.987 98.85822
C17 799.976 97.53736
C17 824.988 95.842964
C17 850.022 93.69913
C17 869.967 90.52068
C17 875.002 89.07452
C17 899.999 82.39885
C17 919.999 73.32948
C17 925.012 70.51621
C17 949.965 57.549637
C17 975.002 42.535297
C17 999.976 25.610806
C17 1025.028 10.922357
C17 1050.014 3.8839364
C17 1075.002 2.1288948
C17 1099.99 1.6505309
C02 319.994 44.715054
C02 324.969 50.48417
C02 349.982 73.72001
C02 374.975 77.77269
C02 400.019 84.42053
C02 424.965 86.442055
C02 450.035 88.65691
C02 475.003 90.61089
C02 500.018 92.877846
C02 525.002 95.188934
C02 550.029 95.85157
C02 575.023 97.72477
C02 599.982 98.40728
C02 619.997 98.74454
C02 624.979 99.593796
C02 650.012 99.67214
C02 675.004 99.01524
C02 700.03 98.66502
C02 725.012 97.82593
C02 750.022 97.90248
C02 774.987 98.117294
C02 799.976 96.68321
C02 824.988 95.1052
C02 850.022 92.92019
C02 869.967 89.869156
C02 875.002 88.48431
C02 899.999 82.72257
C02 919.999 73.38524
C02 925.012 70.41224
C02 949.965 57.590763
C02 975.002 42.360886
C02 999.976 25.913084
C02 1025.028 10.9908285
C02 1050.014 3.874941
C02 1075.002 2.1133587
C02 1099.99 1.6479497
C16 319.994 44.99493
C16 324.969 50.812847
C16 349.982 74.51003
C16 374.975 78.615715
C16 400.019 84.76166
C16 424.965 86.515175
C16 450.035 88.57404
C16 475.003 90.43235
C16 500.018 92.63791
C16 525.002 94.91113
C16 550.029 95.55861
C16 575.023 97.42022
C16 599.982 98.099754
C16 619.997 98.44421
C16 624.979 99.29021
C16 650.012 99.37683
C16 675.004 98.747246
C16 700.03 98.49713
C16 725.012 97.95065
C16 750.022 98.37627
C16 774.987 98.93643
C16 799.976 97.61311
C16 824.988 95.928825
C16 850.022 93.79203
C16 869.967 90.61479
C16 875.002 89.161995
C16 899.999 82.593666
C16 919.999 73.48384
C16 925.012 70.63704
C16 949.965 57.67645
C16 975.002 42.659515
C16 999.976 25.709078
C16 1025.028 10.923272
C16 1050.014 3.8969452
C16 1075.002 2.1355813
C16 1099.99 1.65334
C13 319.994 45.465046
C13 324.969 51.348927
C13 349.982 75.35342
C13 374.975 79.30278
C13 400.019 85.08938
C13 424.965 86.674515
C13 450.035 88.64414
C13 475.003 90.45451
C13 500.018 92.6262
C13 525.002 94.87981
C13 550.029 95.51591
C13 575.023 97.36788
C13 599.982 98.04081
C13 619.997 98.38172
C13 624.979 99.22773
C13 650.012 99.30879
C13 675.004 98.67808
C13 700.03 98.43275
C13 725.012 97.89015
C13 750.022 98.33102
C13 774.987 98.89803
C13 799.976 97.587494
C13 824.988 95.92747
C13 850.022 93.81471
C13 869.967 90.664406
C13 875.002 89.223465
C13 899.999 82.894295
C13 919.999 73.60095
C13 925.012 70.69059
C13 949.965 57.888565
C13 975.002 42.904022
C13 999.976 25.929987
C13 1025.028 10.991903
C13 1050.014 3.9160373
C13 1075.002 2.126548
C13 1099.99 1.6516978
