lsstCam/transmission_sensor/r34_s11/19700101T000000.ecsv
# %ECSV 1.0
# ---
# datatype:
# - {name: amp_name, datatype: string}
# - {name: wavelength, unit: nm, datatype: float32}
# - {name: efficiency, unit: '%', datatype: float64}
# meta: !!omap
# - {MODE: AMP}
# - {TYPE: transmission_sensor}
# - {CALIBDATE: '1970-01-01T00:00:00'}
# - {INSTRUME: LSSTCam}
# - {OBSTYPE: transmission_sensor}
# - {DETECTOR: 157}
# - {PARQUETFILE: qe_raft_allvalues_nircorrected_20230725_adjust.parquet}
# - {CORRFILE: qe_corr_factor_bydetnum.parquet}
# - {CALIBCLS: lsst.ip.isr.IntermediateSensorTransmissionCurve}
# - {CALIB_ID: 'raftName=R34 detectorName=S11 detector=157 calibDate=1970-01-01T00:00:00 ccd=157 ccdnum=157 filter=None'}
# - {DATE: '2025-03-03T21:56:48.268342'}
# - {CALIB_CREATION_DATE: '2025-03-03'}
# - {CALIB_CREATION_TIME: '21:56:48'}
# - __serialized_columns__:
#     efficiency:
#       __class__: astropy.units.quantity.Quantity
#       unit: !astropy.units.Unit {unit: '%'}
#       value: !astropy.table.SerializedColumn {name: efficiency}
#     wavelength:
#       __class__: astropy.units.quantity.Quantity
#       unit: !astropy.units.Unit {unit: nm}
#       value: !astropy.table.SerializedColumn {name: wavelength}
# schema: astropy-2.0
amp_name wavelength efficiency
C00 319.994 46.387401256034686
C00 324.969 52.45042658153813
C00 349.982 78.95631057383841
C00 374.975 83.0743937540663
C00 400.019 88.05828383907698
C00 424.965 88.05047536286274
C00 450.035 89.4482768142694
C00 475.003 92.22762736904073
C00 500.018 93.25485538113088
C00 525.002 95.60716649604035
C00 550.029 97.68055424735576
C00 575.023 97.67025012090049
C00 599.982 99.45746487433274
C00 619.997 99.04943371529437
C00 624.979 99.39753099170402
C00 650.012 99.78870502856223
C00 675.004 99.4950068031118
C00 700.03 98.92464354787441
C00 725.012 98.6054452888263
C00 750.022 98.5183425021933
C00 774.987 98.1068128395962
C00 799.976 97.2392222338743
C00 824.988 95.54237910956864
C00 850.022 93.25942563632687
C00 869.967 90.13205435883427
C00 875.002 89.4877861728397
C00 899.999 82.04672173058358
C00 919.999 73.40119217691169
C00 925.012 70.58674941138929
C00 949.965 57.43595108779561
C00 975.002 42.51704581138806
C00 999.976 25.5883363633871
C00 1025.028 10.915308137144354
C00 1050.014 3.816255192302346
C00 1075.002 0.9385806099992146
C00 1099.99 0.09312510586783579
C01 319.994 46.53503121638132
C01 324.969 52.62282166007405
C01 349.982 79.36222885107763
C01 374.975 83.49096064935848
C01 400.019 88.28471433855235
C01 424.965 88.17492869405386
C01 450.035 89.51483259094256
C01 475.003 92.26484011695979
C01 500.018 93.27465216494464
C01 525.002 95.61460751455039
C01 550.029 97.68488718611778
C01 575.023 97.67762989645983
C01 599.982 99.46841205177036
C01 619.997 99.06792908640575
C01 624.979 99.4162100916675
C01 650.012 99.81278881892499
C01 675.004 99.52611056669855
C01 700.03 98.95594635105091
C01 725.012 98.62761523697968
C01 750.022 98.53253555601802
C01 774.987 98.10592481681105
C01 799.976 97.23792847654076
C01 824.988 95.55167272733736
C01 850.022 93.28149606468536
C01 869.967 90.17325555391766
C01 875.002 89.52670606800952
C01 899.999 82.07317868528597
C01 919.999 73.5243594061381
C01 925.012 70.7160409356857
C01 949.965 57.54235688695234
C01 975.002 42.52053283189353
C01 999.976 25.56649559609373
C01 1025.028 10.906121694539364
C01 1050.014 3.807343864514952
C01 1075.002 0.938715924671262
C01 1099.99 0.0931385316652853
C02 319.994 46.90459031932687
C02 324.969 53.035580009369575
C02 349.982 79.85823550879647
C02 374.975 83.85818869249302
C02 400.019 88.59017886590598
C02 424.965 88.45777160649271
C02 450.035 89.79005075601927
C02 475.003 92.54807345320935
C02 500.018 93.55356021780102
C02 525.002 95.89853748936416
C02 550.029 97.96488230134908
C02 575.023 97.94597354032048
C02 599.982 99.73426004538997
C02 619.997 99.32361840557802
C02 624.979 99.67017695285132
C02 650.012 100.06092994442348
C02 675.004 99.76717047602236
C02 700.03 99.18523230310267
C02 725.012 98.84314449123046
C02 750.022 98.72861251805273
C02 774.987 98.28725753846474
C02 799.976 97.41068718509646
C02 824.988 95.73011937493932
C02 850.022 93.44316214379553
C02 869.967 90.33606228298461
C02 875.002 89.69690022800467
C02 899.999 82.30991331121659
C02 919.999 73.74202450829455
C02 925.012 70.91876275787135
C02 949.965 57.651047813707066
C02 975.002 42.62762761424564
C02 999.976 25.63175952927557
C02 1025.028 10.952486435903639
C02 1050.014 3.810666055360148
C02 1075.002 0.9405841609608612
C02 1099.99 0.09332389635362592
C03 319.994 46.82740506302285
C03 324.969 52.95975358103421
C03 349.982 80.00426166937164
C03 374.975 84.10476812274867
C03 400.019 88.67709792368689
C03 424.965 88.44635745155601
C03 450.035 89.72361746524751
C03 475.003 92.44814026840471
C03 500.018 93.43548380885153
C03 525.002 95.77036364891802
C03 550.029 97.84371312338925
C03 575.023 97.8355984324215
C03 599.982 99.6341354763644
C03 619.997 99.23666107095293
C03 624.979 99.58480427957561
C03 650.012 99.98878574849894
C03 675.004 99.70865283662856
C03 700.03 99.13863407298885
C03 725.012 98.803030358522
C03 750.022 98.69809056249764
C03 774.987 98.26073934081167
C03 799.976 97.39592763397778
C03 824.988 95.71715118012861
C03 850.022 93.4612058481455
C03 869.967 90.34705539263526
C03 875.002 89.68537889790423
C03 899.999 82.29664655702122
C03 919.999 73.7894265521363
C03 925.012 70.98320565274537
C03 949.965 57.670155614325445
C03 975.002 42.52542461258069
C03 999.976 25.62903804565384
C03 1025.028 10.950578335220895
C03 1050.014 3.8176286133178476
C03 1075.002 0.9402932742810203
C03 1099.99 0.0932950348444842
C04 319.994 46.993143798354566
C04 324.969 53.14984021695357
C04 349.982 80.25352047872042
C04 374.975 84.25842668605482
C04 400.019 88.7419695192158
C04 424.965 88.47456748572218
C04 450.035 89.73742009526151
C04 475.003 92.45039860221178
C04 500.018 93.43239103984118
C04 525.002 95.76395610520105
C04 550.029 97.83150281009344
C04 575.023 97.8209996440484
C04 599.982 99.61719414512704
C04 619.997 99.21777527603085
C04 624.979 99.56709741145448
C04 650.012 99.96722057448372
C04 675.004 99.68599294486958
C04 700.03 99.11449669504422
C04 725.012 98.77459831865954
C04 750.022 98.67313406008742
C04 774.987 98.23612732999914
C04 799.976 97.3686745209163
C04 824.988 95.68440916761065
C04 850.022 93.4536499991029
C04 869.967 90.31144261680323
C04 875.002 89.63019134395475
C04 899.999 82.22269569405104
C04 919.999 73.76529682956053
C04 925.012 70.97225081993892
C04 949.965 57.593200019086545
C04 975.002 42.36064279835366
C04 999.976 25.6062633233623
C04 1025.028 10.918297558675397
C04 1050.014 3.815757832558185
C04 1075.002 0.940055476607031
C04 1099.99 0.09327144077773122
C05 319.994 47.139120199032305
C05 324.969 53.312612496860766
C05 349.982 80.42231370621829
C05 374.975 84.32848096628672
C05 400.019 88.73550073254812
C05 424.965 88.44448954155966
C05 450.035 89.69677008673442
C05 475.003 92.39689522940654
C05 500.018 93.37498342892881
C05 525.002 95.70145767401175
C05 550.029 97.76445708981468
C05 575.023 97.74371869563392
C05 599.982 99.53631517335893
C05 619.997 99.12881223477034
C05 624.979 99.47785112154699
C05 650.012 99.87035719258293
C05 675.004 99.58690950600591
C05 700.03 99.01582664609778
C05 725.012 98.68012341183605
C05 750.022 98.5876618670168
C05 774.987 98.1656979366942
C05 799.976 97.29971495842817
C05 824.988 95.61097121435259
C05 850.022 93.40333125973406
C05 869.967 90.20207801759082
C05 875.002 89.5054471087478
C05 899.999 82.17853952659638
C05 919.999 73.75578886146435
C05 925.012 70.95143587206978
C05 949.965 57.44344569388751
C05 975.002 42.27096398010685
C05 999.976 25.621686977727638
C05 1025.028 10.927526105808994
C05 1050.014 3.830777187756794
C05 1075.002 0.9392410783769519
C05 1099.99 0.09319063693351505
C06 319.994 47.32873220208375
C06 324.969 53.51980122676309
C06 349.982 80.58157599951349
C06 374.975 84.36792142653748
C06 400.019 88.77421393275931
C06 424.965 88.49565037150063
C06 450.035 89.75563987309474
C06 475.003 92.4673705549245
C06 500.018 93.44769412214733
C06 525.002 95.77205548543111
C06 550.029 97.82751436292911
C06 575.023 97.80182294511049
C06 599.982 99.58013450458473
C06 619.997 99.16777040678434
C06 624.979 99.51434426479533
C06 650.012 99.89762561638207
C06 675.004 99.60571874723964
C06 700.03 99.02825896508988
C06 725.012 98.70581482965467
C06 750.022 98.62929941812394
C06 774.987 98.22389405059681
C06 799.976 97.36418081940869
C06 824.988 95.6713720744804
C06 850.022 93.47657782877118
C06 869.967 90.23299039695661
C06 875.002 89.53312126709534
C06 899.999 82.30208186889584
C06 919.999 73.82224511834264
C06 925.012 70.98439989028402
C06 949.965 57.34448091324082
C06 975.002 42.324662564817444
C06 999.976 25.715122668231448
C06 1025.028 10.978010392528946
C06 1050.014 3.8488443366738294
C06 1075.002 0.9396375651923081
C06 1099.99 0.09322997599108974
C07 319.994 47.57501307295473
C07 324.969 53.79008550662404
C07 349.982 80.6956333398233
C07 374.975 84.29312081762633
C07 400.019 88.73090751124562
C07 424.965 88.49570395908249
C07 450.035 89.78978281810996
C07 475.003 92.52271887161957
C07 500.018 93.51157051972737
C07 525.002 95.83389555490038
C07 550.029 97.879149825738
C07 575.023 97.83924238798815
C07 599.982 99.60682112035224
C07 619.997 99.18041707610388
C07 624.979 99.52049918134067
C07 650.012 99.89101137770648
C07 675.004 99.58097659515686
C07 700.03 98.99673415621707
C07 725.012 98.6846247687125
C07 750.022 98.62152921875388
C07 774.987 98.23943444933693
C07 799.976 97.38423023039408
C07 824.988 95.68917080702757
C07 850.022 93.51181549153017
C07 869.967 90.23810418334006
C07 875.002 89.54310386805943
C07 899.999 82.35745315169743
C07 919.999 73.85926648204075
C07 925.012 71.00235173020793
C07 949.965 57.31129871701471
C07 975.002 42.42073744372798
C07 999.976 25.8269025363121
C07 1025.028 11.054829148049873
C07 1050.014 3.886007563925715
C07 1075.002 0.9395633679475339
C07 1099.99 0.09322261420862686
C10 319.994 45.73210551122972
C10 324.969 51.70247025232414
C10 349.982 77.57440932350721
C10 374.975 81.7365721175014
C10 400.019 87.39854415266184
C10 424.965 87.74805767230642
C10 450.035 89.3293200379036
C10 475.003 92.23186844337671
C10 500.018 93.32657087640051
C10 525.002 95.72763903543597
C10 550.029 97.82698614247933
C10 575.023 97.83021670812875
C10 599.982 99.62442081330963
C10 619.997 99.22147281917935
C10 624.979 99.56446396457439
C10 650.012 99.95687817118427
C10 675.004 99.65890824992253
C10 700.03 99.07657965319213
C10 725.012 98.74099890483178
C10 750.022 98.63975665195595
C10 774.987 98.22502704518477
C10 799.976 97.35347861377387
C10 824.988 95.63132684009148
C10 850.022 93.43670101249668
C10 869.967 90.21546725768759
C10 875.002 89.51026233574659
C10 899.999 82.17935865106199
C10 919.999 73.92057833106023
C10 925.012 71.1563777512183
C10 949.965 57.510254097732314
C10 975.002 42.30371747567806
C10 999.976 25.58165131254976
C10 1025.028 10.918736785462446
C10 1050.014 3.876986429441558
C10 1075.002 0.9397374755010007
C10 1099.99 0.09323988900013253
C11 319.994 45.904707284724246
C11 324.969 51.907557583480575
C11 349.982 78.14194009227475
C11 374.975 82.39758259514356
C11 400.019 87.81692537036851
C11 424.965 88.024883464839
C11 450.035 89.5288266051775
C11 475.003 92.38278638463905
C11 500.018 93.46015706261477
C11 525.002 95.84902256372327
C11 550.029 97.9511638803923
C11 575.023 97.95911780861445
C11 599.982 99.76914556118244
C11 619.997 99.37000994073323
C11 624.979 99.71760196279959
C11 650.012 100.1208638270522
C11 675.004 99.83421619630113
C11 700.03 99.25920613217936
C11 725.012 98.91983597624446
C11 750.022 98.81281391989631
C11 774.987 98.38559840655118
C11 799.976 97.51515234825288
C11 824.988 95.80029614107262
C11 850.022 93.60423110413639
C11 869.967 90.39937218327069
C11 875.002 89.69544570792553
C11 899.999 82.35915264357935
C11 919.999 74.10595308746012
C11 925.012 71.3277278719079
C11 949.965 57.653547291632506
C11 975.002 42.38889876473284
C11 999.976 25.63081026353972
C11 1025.028 10.915792339223326
C11 1050.014 3.85814704519304
C11 1075.002 0.9413862539886761
C11 1099.99 0.093403479286978
C12 319.994 46.1069391633043
C12 324.969 52.134470371192705
C12 349.982 78.47314196966003
C12 374.975 82.6310943107936
C12 400.019 87.90016219573856
C12 424.965 88.03904589718836
C12 450.035 89.51419719532905
C12 475.003 92.34845205540289
C12 500.018 93.4111397359483
C12 525.002 95.79199006588394
C12 550.029 97.88449327318656
C12 575.023 97.88874200289138
C12 599.982 99.69241579932424
C12 619.997 99.29402274965227
C12 624.979 99.63686844303939
C12 650.012 100.03755810336261
C12 675.004 99.7527018289195
C12 700.03 99.17073303452445
C12 725.012 98.82595818819028
C12 750.022 98.71209223210141
C12 774.987 98.26965019013852
C12 799.976 97.39841562884996
C12 824.988 95.68175275462404
C12 850.022 93.50620410617229
C12 869.967 90.26772280537232
C12 875.002 89.56155330695779
C12 899.999 82.29591164161282
C12 919.999 74.05819889665185
C12 925.012 71.27492113766688
C12 949.965 57.48364786333761
C12 975.002 42.321937253511294
C12 999.976 25.612980909517198
C12 1025.028 10.922093664697687
C12 1050.014 3.8399095643193704
C12 1075.002 0.94042676672929
C12 1099.99 0.09330827984256454
C13 319.994 46.24188417748721
C13 324.969 52.29253842694926
C13 349.982 78.7692592916631
C13 374.975 82.91226069745704
C13 400.019 88.0838298048877
C13 424.965 88.1734052756552
C13 450.035 89.62399049519638
C13 475.003 92.44947995795128
C13 500.018 93.50370845593126
C13 525.002 95.88230045205984
C13 550.029 97.97507159727179
C13 575.023 97.97956529877939
C13 599.982 99.7862476551654
C13 619.997 99.38353697746908
C13 624.979 99.73329546891645
C13 650.012 100.13597552513743
C13 675.004 99.84912885479656
C13 700.03 99.26802511708014
C13 725.012 98.91699583440575
C13 750.022 98.79894239156278
C13 774.987 98.35639317443615
C13 799.976 97.48250985552981
C13 824.988 95.77644201177499
C13 850.022 93.59366669514064
C13 869.967 90.33215038950866
C13 875.002 89.62735885748488
C13 899.999 82.40934889704678
C13 919.999 74.1562182392471
C13 925.012 71.3436127622457
C13 949.965 57.445872445808995
C13 975.002 42.36129350470485
C13 999.976 25.650061602323806
C13 1025.028 10.947228154433386
C13 1050.014 3.8471218786853933
C13 1075.002 0.9412542280272875
C13 1099.99 0.09339037979237878
C14 319.994 46.37445219964607
C14 324.969 52.44206691876759
C14 349.982 78.9837321050143
C14 374.975 83.05693951311682
C14 400.019 88.10885520561746
C14 424.965 88.13880300850973
C14 450.035 89.55645483131201
C14 475.003 92.36284414881737
C14 500.018 93.40515323751738
C14 525.002 95.7703789596557
C14 550.029 97.85851860672096
C14 575.023 97.85635213733995
C14 599.982 99.6617407363924
C14 619.997 99.25819562349281
C14 624.979 99.60640773043501
C14 650.012 100.004234282813
C14 675.004 99.71493023907531
C14 700.03 99.13545709492128
C14 725.012 98.79021527108803
C14 750.022 98.67311874934974
C14 774.987 98.2372832906936
C14 799.976 97.36242008457607
C14 824.988 95.67057591612131
C14 850.022 93.48457768920636
C14 869.967 90.21829208878863
C14 875.002 89.52755581395049
C14 899.999 82.36732857749779
C14 919.999 74.0681968083536
C14 925.012 71.25150336439299
C14 949.965 57.29573152448367
C14 975.002 42.353174986052686
C14 999.976 25.679477357081872
C14 1025.028 10.968966531168553
C14 1050.014 3.8371055462523627
C14 1075.002 0.9400554974045744
C14 1099.99 0.09327144284124438
C15 319.994 46.58560641060622
C15 324.969 52.683054102087446
C15 349.982 79.36374461410745
C15 374.975 83.41197255369323
C15 400.019 88.37498644788405
C15 424.965 88.35301553932045
C15 450.035 89.74083438976304
C15 475.003 92.52959339283564
C15 500.018 93.5640710392149
C15 525.002 95.92887571606715
C15 550.029 98.01534649272584
C15 575.023 98.01108245228335
C15 599.982 99.8180786787917
C15 619.997 99.41340822667297
C15 624.979 99.76155909066448
C15 650.012 100.1624324798398
C15 675.004 99.87654273060362
C15 700.03 99.2976437391124
C15 725.012 98.95845731202961
C15 750.022 98.85853943796265
C15 774.987 98.43172200379708
C15 799.976 97.56442230209099
C15 824.988 95.87469867080421
C15 850.022 93.68406129037376
C15 869.967 90.39230627783368
C15 875.002 89.69647152734976
C15 899.999 82.61797300860614
C15 919.999 74.24298418965124
C15 925.012 71.34489886421039
C15 949.965 57.35489221485982
C15 975.002 42.44870633377576
C15 999.976 25.74839672888361
C15 1025.028 11.002388914591942
C15 1050.014 3.8465381568115347
C15 1075.002 0.941821801420365
C15 1099.99 0.09344669390302096
C16 319.994 46.80363897046685
C16 324.969 52.916722752798655
C16 349.982 79.37153777958402
C16 374.975 83.19996476910771
C16 400.019 88.21657390052982
C16 424.965 88.24601644907882
C16 450.035 89.67278581616655
C16 475.003 92.48611089783869
C16 500.018 93.5235205504827
C16 525.002 95.88448988754736
C16 550.029 97.95793122644464
C16 575.023 97.93891529025231
C16 599.982 99.72084783918669
C16 619.997 99.30304077414284
C16 624.979 99.64770078994445
C16 650.012 100.0279199939962
C16 675.004 99.7237492239761
C16 700.03 99.13360449566261
C16 725.012 98.79610224972406
C16 750.022 98.70096898118054
C16 774.987 98.29085556181838
C16 799.976 97.42667925059799
C16 824.988 95.74076033762344
C16 850.022 93.53529450775476
C16 869.967 90.29819882871438
C16 875.002 89.64035767377094
C16 899.999 82.55895011486908
C16 919.999 74.00045444951063
C16 925.012 71.12326828099614
C16 949.965 57.290889503693954
C16 975.002 42.47592116999304
C16 999.976 25.801046528063466
C16 1025.028 10.97562861589938
C16 1050.014 3.8189206960394504
C16 1075.002 0.9403205727677251
C16 1099.99 0.09329774337525647
C17 319.994 46.91475282145864
C17 324.969 53.03486040469885
C17 349.982 79.30172081578608
C17 374.975 82.97979636134141
C17 400.019 88.04291185845129
C17 424.965 88.11716128080614
C17 450.035 89.5701120093181
C17 475.003 92.39444551137855
C17 500.018 93.4386837530256
C17 525.002 95.79695074489064
C17 550.029 97.85985829626752
C17 575.023 97.82605218748115
C17 599.982 99.59115058034189
C17 619.997 99.16464701629864
C17 624.979 99.50566307653361
C17 650.012 99.86829789836564
C17 675.004 99.55411390590609
C17 700.03 98.96054722772224
C17 725.012 98.63155775193098
C17 750.022 98.55960494022739
C17 774.987 98.16863759832779
C17 799.976 97.31367069581891
C17 824.988 95.6356597788535
C17 850.022 93.4299872540262
C17 869.967 90.20858508110268
C17 875.002 89.54386940494318
C17 899.999 82.54255231481916
C17 919.999 73.86297168055809
C17 925.012 70.91648911332662
C17 949.965 57.13352574187045
C17 975.002 42.406678358857924
C17 999.976 25.81646635474439
C17 1025.028 11.019790524880667
C17 1050.014 3.852057438513091
C17 1075.002 0.9389735291106128
C17 1099.99 0.09316409094110134
