lsstCam/transmission_sensor/r34_s11/19700101T000000.ecsv
# %ECSV 1.0
# ---
# datatype:
# - {name: amp_name, datatype: string}
# - {name: wavelength, unit: nm, datatype: float32}
# - {name: efficiency, unit: '%', datatype: float64}
# meta: !!omap
# - {MODE: AMP}
# - {TYPE: transmission_sensor}
# - {CALIBDATE: '1970-01-01T00:00:00'}
# - {INSTRUME: LSSTCAM}
# - {OBSTYPE: transmission_sensor}
# - {DETECTOR: 157}
# - {PARQUETFILE: qe_raft_allvalues_nircorrected_20230725.parquet}
# - {CALIBCLS: lsst.ip.isr.IntermediateSensorTransmissionCurve}
# - {CALIB_ID: 'raftName=R34 detectorName=S11 detector=157 calibDate=1970-01-01T00:00:00 ccd=157 ccdnum=157 filter=None'}
# - {DATE: '2023-08-02T16:57:56.051619'}
# - {CALIB_CREATION_DATE: '2023-08-02'}
# - {CALIB_CREATION_TIME: '16:57:56'}
# - __serialized_columns__:
#     efficiency:
#       __class__: astropy.units.quantity.Quantity
#       unit: !astropy.units.Unit {unit: '%'}
#       value: !astropy.table.SerializedColumn {name: efficiency}
#     wavelength:
#       __class__: astropy.units.quantity.Quantity
#       unit: !astropy.units.Unit {unit: nm}
#       value: !astropy.table.SerializedColumn {name: wavelength}
# schema: astropy-2.0
amp_name wavelength efficiency
C00 319.994 46.230010986328125
C00 324.969 52.272464752197266
C00 349.982 78.68841552734375
C00 374.975 82.79252624511719
C00 400.019 87.75950622558594
C00 424.965 87.75172424316406
C00 450.035 89.14478302001953
C00 475.003 91.91470336914062
C00 500.018 92.93844604492188
C00 525.002 95.28277587890625
C00 550.029 97.34912872314453
C00 575.023 97.33885955810547
C00 599.982 99.12001037597656
C00 619.997 98.71336364746094
C00 624.979 99.0602798461914
C00 650.012 99.45012664794922
C00 675.004 99.15742492675781
C00 700.03 98.58899688720703
C00 725.012 98.27088165283203
C00 750.022 98.18407440185547
C00 774.987 97.77394104003906
C00 799.976 96.90929412841797
C00 824.988 95.21820831298828
C00 850.022 92.94300079345703
C00 869.967 89.82624053955078
C00 875.002 89.18415832519531
C00 899.999 81.76834106445312
C00 919.999 73.15214538574219
C00 925.012 70.34725189208984
C00 949.965 57.24107360839844
C00 975.002 42.37278747558594
C00 999.976 25.501516342163086
C00 1025.028 10.878273010253906
C00 1050.014 3.803306818008423
C00 1075.002 0.9353960501543168
C00 1099.99 0.09280913676562004
C01 319.994 46.377140045166016
C01 324.969 52.44427490234375
C01 349.982 79.09295654296875
C01 374.975 83.20767974853516
C01 400.019 87.98516845703125
C01 424.965 87.8757553100586
C01 450.035 89.21111297607422
C01 475.003 91.95178985595703
C01 500.018 92.95817565917969
C01 525.002 95.29019165039062
C01 550.029 97.35344696044922
C01 575.023 97.3462142944336
C01 599.982 99.13092041015625
C01 619.997 98.73179626464844
C01 624.979 99.07889556884766
C01 650.012 99.47412872314453
C01 675.004 99.18842315673828
C01 700.03 98.62019348144531
C01 725.012 98.29297637939453
C01 750.022 98.1982192993164
C01 774.987 97.77305603027344
C01 799.976 96.90800476074219
C01 824.988 95.22747039794922
C01 850.022 92.96499633789062
C01 869.967 89.86730194091797
C01 875.002 89.22294616699219
C01 899.999 81.79470825195312
C01 919.999 73.27489471435547
C01 925.012 70.47610473632812
C01 949.965 57.34711837768555
C01 975.002 42.37626266479492
C01 999.976 25.47974967956543
C01 1025.028 10.869117736816406
C01 1050.014 3.7944257259368896
C01 1075.002 0.9355309057100492
C01 1099.99 0.09282251700997055
C02 319.994 46.745445251464844
C02 324.969 52.85563278198242
C02 349.982 79.5872802734375
C02 374.975 83.57366180419922
C02 400.019 88.28959655761719
C02 424.965 88.15763854980469
C02 450.035 89.48539733886719
C02 475.003 92.23406219482422
C02 500.018 93.23613739013672
C02 525.002 95.57315826416016
C02 550.029 97.63249206542969
C02 575.023 97.6136474609375
C02 599.982 99.39586639404297
C02 619.997 98.98661804199219
C02 624.979 99.33200073242188
C02 650.012 99.72142791748047
C02 675.004 99.42866516113281
C02 700.03 98.84870147705078
C02 725.012 98.50777435302734
C02 750.022 98.39363098144531
C02 774.987 97.95377349853516
C02 799.976 97.0801773071289
C02 824.988 95.40531158447266
C02 850.022 93.12611389160156
C02 869.967 90.02955627441406
C02 875.002 89.39256286621094
C02 899.999 82.0306396484375
C02 919.999 73.4918212890625
C02 925.012 70.67813873291016
C02 949.965 57.455440521240234
C02 975.002 42.482994079589844
C02 999.976 25.54479217529297
C02 1025.028 10.915325164794922
C02 1050.014 3.797736644744873
C02 1075.002 0.9373928031618275
C02 1099.99 0.09300725276464596
C03 319.994 46.668521881103516
C03 324.969 52.78006362915039
C03 349.982 79.7328109741211
C03 374.975 83.81940460205078
C03 400.019 88.376220703125
C03 424.965 88.1462631225586
C03 450.035 89.419189453125
C03 475.003 92.13446807861328
C03 500.018 93.11846160888672
C03 525.002 95.44541931152344
C03 550.029 97.51173400878906
C03 575.023 97.50364685058594
C03 599.982 99.29608154296875
C03 619.997 98.89995574951172
C03 624.979 99.24691772460938
C03 650.012 99.64952850341797
C03 675.004 99.37034606933594
C03 700.03 98.80226135253906
C03 725.012 98.4677963256836
C03 750.022 98.36321258544922
C03 774.987 97.9273452758789
C03 799.976 97.06546783447266
C03 824.988 95.39238739013672
C03 850.022 93.14409637451172
C03 869.967 90.04051208496094
C03 875.002 89.3810806274414
C03 899.999 82.01741790771484
C03 919.999 73.5390625
C03 925.012 70.74236297607422
C03 949.965 57.474483489990234
C03 975.002 42.38113784790039
C03 999.976 25.54207992553711
C03 1025.028 10.913423538208008
C03 1050.014 3.804675579071045
C03 1075.002 0.9371029034468036
C03 1099.99 0.09297848918124668
C04 319.994 46.83369827270508
C04 324.969 52.969505310058594
C04 349.982 79.9812240600586
C04 374.975 83.97254180908203
C04 400.019 88.44087219238281
C04 424.965 88.17437744140625
C04 450.035 89.43294525146484
C04 475.003 92.13671875
C04 500.018 93.1153793334961
C04 525.002 95.43903350830078
C04 550.029 97.49956512451172
C04 575.023 97.48909759521484
C04 599.982 99.2791976928711
C04 619.997 98.88113403320312
C04 624.979 99.2292709350586
C04 650.012 99.62803649902344
C04 675.004 99.34776306152344
C04 700.03 98.77820587158203
C04 725.012 98.43946075439453
C04 750.022 98.33834075927734
C04 774.987 97.90281677246094
C04 799.976 97.0383071899414
C04 824.988 95.35975646972656
C04 850.022 93.13656616210938
C04 869.967 90.00502014160156
C04 875.002 89.32608032226562
C04 899.999 81.94371795654297
C04 919.999 73.5150146484375
C04 925.012 70.7314453125
C04 949.965 57.397789001464844
C04 975.002 42.216915130615234
C04 999.976 25.51938247680664
C04 1025.028 10.88125228881836
C04 1050.014 3.8028111457824707
C04 1075.002 0.9368659126091327
C04 1099.99 0.09295497516805197
C05 319.994 46.97917938232422
C05 324.969 53.1317253112793
C05 349.982 80.14944458007812
C05 374.975 84.0423583984375
C05 400.019 88.4344253540039
C05 424.965 88.14440155029297
C05 450.035 89.3924331665039
C05 475.003 92.0833969116211
C05 500.018 93.05816650390625
C05 525.002 95.37674713134766
C05 550.029 97.43274688720703
C05 575.023 97.41207885742188
C05 599.982 99.19859313964844
C05 619.997 98.79247283935547
C05 624.979 99.14032745361328
C05 650.012 99.53150177001953
C05 675.004 99.24901580810547
C05 700.03 98.67987060546875
C05 725.012 98.34530639648438
C05 750.022 98.25315856933594
C05 774.987 97.83262634277344
C05 799.976 96.9695816040039
C05 824.988 95.28656768798828
C05 850.022 93.08641815185547
C05 869.967 89.89602661132812
C05 875.002 89.2017593383789
C05 899.999 81.89971160888672
C05 919.999 73.50553894042969
C05 925.012 70.71070098876953
C05 949.965 57.24854278564453
C05 975.002 42.127540588378906
C05 999.976 25.534753799438477
C05 1025.028 10.890449523925781
C05 1050.014 3.817779541015625
C05 1075.002 0.9360542775939268
C05 1099.99 0.09287444548747702
C06 319.994 47.168148040771484
C06 324.969 53.33821105957031
C06 349.982 80.30816650390625
C06 374.975 84.0816650390625
C06 400.019 88.47300720214844
C06 424.965 88.19538879394531
C06 450.035 89.45110321044922
C06 475.003 92.15363311767578
C06 500.018 93.13063049316406
C06 525.002 95.44710540771484
C06 550.029 97.49559020996094
C06 575.023 97.46998596191406
C06 599.982 99.24226379394531
C06 619.997 98.831298828125
C06 624.979 99.17669677734375
C06 650.012 99.55867767333984
C06 675.004 99.26776123046875
C06 700.03 98.6922607421875
C06 725.012 98.37091064453125
C06 750.022 98.2946548461914
C06 774.987 97.890625
C06 799.976 97.03382873535156
C06 824.988 95.34676361083984
C06 850.022 93.15941619873047
C06 869.967 89.92683410644531
C06 875.002 89.22933959960938
C06 899.999 82.02283477783203
C06 919.999 73.57176971435547
C06 925.012 70.7435531616211
C06 949.965 57.1499137878418
C06 975.002 42.18105697631836
C06 999.976 25.627872467041016
C06 1025.028 10.940762519836426
C06 1050.014 3.835785388946533
C06 1075.002 0.9364494191481751
C06 1099.99 0.09291365106948045
C07 319.994 47.41359329223633
C07 324.969 53.60757827758789
C07 349.982 80.42183685302734
C07 374.975 84.00711822509766
C07 400.019 88.42984771728516
C07 424.965 88.19544219970703
C07 450.035 89.4851303100586
C07 475.003 92.20879364013672
C07 500.018 93.19429016113281
C07 525.002 95.50873565673828
C07 550.029 97.54705047607422
C07 575.023 97.50727844238281
C07 599.982 99.26885986328125
C07 619.997 98.84390258789062
C07 624.979 99.18283081054688
C07 650.012 99.55208587646484
C07 675.004 99.24310302734375
C07 700.03 98.66084289550781
C07 725.012 98.34979248046875
C07 750.022 98.28691101074219
C07 774.987 97.90611267089844
C07 799.976 97.0538101196289
C07 824.988 95.364501953125
C07 850.022 93.19453430175781
C07 869.967 89.93193054199219
C07 875.002 89.23928833007812
C07 899.999 82.07801818847656
C07 919.999 73.6086654663086
C07 925.012 70.76144409179688
C07 949.965 57.116844177246094
C07 975.002 42.27680587768555
C07 999.976 25.739273071289062
C07 1025.028 11.01732063293457
C07 1050.014 3.8728225231170654
C07 1075.002 0.9363754736511611
C07 1099.99 0.09290631426519906
C10 319.994 45.57693862915039
C10 324.969 51.52704620361328
C10 349.982 77.31120300292969
C10 374.975 81.45924377441406
C10 400.019 87.10200500488281
C10 424.965 87.45033264160156
C10 450.035 89.02622985839844
C10 475.003 91.91893005371094
C10 500.018 93.00991821289062
C10 525.002 95.40283966064453
C10 550.029 97.49506378173828
C10 575.023 97.49828338623047
C10 599.982 99.2863998413086
C10 619.997 98.88481903076172
C10 624.979 99.22664642333984
C10 650.012 99.61772918701172
C10 675.004 99.32077026367188
C10 700.03 98.74041748046875
C10 725.012 98.40597534179688
C10 750.022 98.3050765991211
C10 774.987 97.89175415039062
C10 799.976 97.02316284179688
C10 824.988 95.30685424804688
C10 850.022 93.11967468261719
C10 869.967 89.90937042236328
C10 875.002 89.20655822753906
C10 899.999 81.90052795410156
C10 919.999 73.66976928710938
C10 925.012 70.91494750976562
C10 949.965 57.31512451171875
C10 975.002 42.16018295288086
C10 999.976 25.494853973388672
C10 1025.028 10.88169002532959
C10 1050.014 3.8638319969177246
C10 1075.002 0.9365489904658917
C10 1099.99 0.09292353044415
C11 319.994 45.74895477294922
C11 324.969 51.73143768310547
C11 349.982 77.8768081665039
C11 374.975 82.11801147460938
C11 400.019 87.51896667480469
C11 424.965 87.7262191772461
C11 450.035 89.22505950927734
C11 475.003 92.0693359375
C11 500.018 93.14305114746094
C11 525.002 95.52381134033203
C11 550.029 97.61882019042969
C11 575.023 97.62674713134766
C11 599.982 99.43063354492188
C11 619.997 99.03285217285156
C11 624.979 99.37926483154297
C11 650.012 99.78115844726562
C11 675.004 99.4954833984375
C11 700.03 98.92242431640625
C11 725.012 98.5842056274414
C11 750.022 98.47754669189453
C11 774.987 98.0517807006836
C11 799.976 97.18428802490234
C11 824.988 95.47525024414062
C11 850.022 93.28663635253906
C11 869.967 90.0926513671875
C11 875.002 89.39111328125
C11 899.999 82.0797119140625
C11 919.999 73.8545150756836
C11 925.012 71.0857162475586
C11 949.965 57.45793151855469
C11 975.002 42.24507522583008
C11 999.976 25.543846130371094
C11 1025.028 10.878755569458008
C11 1050.014 3.8450565338134766
C11 1075.002 0.9381921747257415
C11 1099.99 0.09308656567684993
C12 319.994 45.95050048828125
C12 324.969 51.95758056640625
C12 349.982 78.2068862915039
C12 374.975 82.3507308959961
C12 400.019 87.60192108154297
C12 424.965 87.7403335571289
C12 450.035 89.21047973632812
C12 475.003 92.03511810302734
C12 500.018 93.09420013427734
C12 525.002 95.46697235107422
C12 550.029 97.55237579345703
C12 575.023 97.55661010742188
C12 599.982 99.35416412353516
C12 619.997 98.95712280273438
C12 624.979 99.2988052368164
C12 650.012 99.69813537597656
C12 675.004 99.41424560546875
C12 700.03 98.8342514038086
C12 725.012 98.49064636230469
C12 750.022 98.37716674804688
C12 774.987 97.93622589111328
C12 799.976 97.06794738769531
C12 824.988 95.35710906982422
C12 850.022 93.1889419555664
C12 869.967 89.9614486694336
C12 875.002 89.25767517089844
C12 899.999 82.01668548583984
C12 919.999 73.80692291259766
C12 925.012 71.03308868408203
C12 949.965 57.28860855102539
C12 975.002 42.178340911865234
C12 999.976 25.526077270507812
C12 1025.028 10.885035514831543
C12 1050.014 3.826880931854248
C12 1075.002 0.9372359429614779
C12 1099.99 0.09299168923967177
C13 319.994 46.08498764038086
C13 324.969 52.1151123046875
C13 349.982 78.50199890136719
C13 374.975 82.63094329833984
C13 400.019 87.78496551513672
C13 424.965 87.87423706054688
C13 450.035 89.31990051269531
C13 475.003 92.13580322265625
C13 500.018 93.18645477294922
C13 525.002 95.55697631835938
C13 550.029 97.64264678955078
C13 575.023 97.64712524414062
C13 599.982 99.44767761230469
C13 619.997 99.04633331298828
C13 624.979 99.39490509033203
C13 650.012 99.79621887207031
C13 675.004 99.51034545898438
C13 700.03 98.93121337890625
C13 725.012 98.58137512207031
C13 750.022 98.4637222290039
C13 774.987 98.02267456054688
C13 799.976 97.1517562866211
C13 824.988 95.45147705078125
C13 850.022 93.27610778808594
C13 869.967 90.0256576538086
C13 875.002 89.32325744628906
C13 899.999 82.1297378540039
C13 919.999 73.90460968017578
C13 925.012 71.10154724121094
C13 949.965 57.25096130371094
C13 975.002 42.21756362915039
C13 999.976 25.563032150268555
C13 1025.028 10.91008472442627
C13 1050.014 3.834068775177002
C13 1075.002 0.9380605967222274
C13 1099.99 0.0930735106282195
C14 319.994 46.217105865478516
C14 324.969 52.26413345336914
C14 349.982 78.71574401855469
C14 374.975 82.77513122558594
C14 400.019 87.80990600585938
C14 424.965 87.83975219726562
C14 450.035 89.25259399414062
C14 475.003 92.0494613647461
C14 500.018 93.0882339477539
C14 525.002 95.4454345703125
C14 550.029 97.5264892578125
C14 575.023 97.52433013916016
C14 599.982 99.32359313964844
C14 619.997 98.92141723632812
C14 624.979 99.26844787597656
C14 650.012 99.66492462158203
C14 675.004 99.37660217285156
C14 700.03 98.7990951538086
C14 725.012 98.45502471923828
C14 750.022 98.33832550048828
C14 774.987 97.90396881103516
C14 799.976 97.03207397460938
C14 824.988 95.3459701538086
C14 850.022 93.16738891601562
C14 869.967 89.91218566894531
C14 875.002 89.22379302978516
C14 899.999 82.08786010742188
C14 919.999 73.81688690185547
C14 925.012 71.00975036621094
C14 949.965 57.1013298034668
C14 975.002 42.20947265625
C14 999.976 25.592348098754883
C14 1025.028 10.93174934387207
C14 1050.014 3.8240864276885986
C14 1075.002 0.936865933336111
C14 1099.99 0.09295497722456372
C15 319.994 46.42754364013672
C15 324.969 52.504302978515625
C15 349.982 79.09446716308594
C15 374.975 83.12895965576172
C15 400.019 88.07513427734375
C15 424.965 88.05323791503906
C15 450.035 89.43634796142578
C15 475.003 92.21564483642578
C15 500.018 93.24661254882812
C15 525.002 95.6033935546875
C15 550.029 97.68278503417969
C15 575.023 97.67853546142578
C15 599.982 99.47940063476562
C15 619.997 99.07610321044922
C15 624.979 99.4230728149414
C15 650.012 99.82258605957031
C15 675.004 99.53766632080078
C15 700.03 98.96073150634766
C15 725.012 98.62269592285156
C15 750.022 98.52311706542969
C15 774.987 98.09774780273438
C15 799.976 97.23339080810547
C15 824.988 95.54940032958984
C15 850.022 93.36619567871094
C15 869.967 90.08560943603516
C15 875.002 89.39213562011719
C15 899.999 82.33765411376953
C15 919.999 73.99108123779297
C15 925.012 71.10282897949219
C15 949.965 57.1602897644043
C15 975.002 42.30467987060547
C15 999.976 25.661033630371094
C15 1025.028 10.965058326721191
C15 1050.014 3.833487033843994
C15 1075.002 0.9386262443654892
C15 1099.99 0.09312963366773412
C16 319.994 46.64483642578125
C16 324.969 52.737178802490234
C16 349.982 79.10223388671875
C16 374.975 82.91767120361328
C16 400.019 87.9172592163086
C16 424.965 87.94660186767578
C16 450.035 89.3685302734375
C16 475.003 92.17230987548828
C16 500.018 93.2061996459961
C16 525.002 95.55915832519531
C16 550.029 97.62556457519531
C16 575.023 97.60661315917969
C16 599.982 99.38249969482422
C16 619.997 98.96611022949219
C16 624.979 99.30960083007812
C16 650.012 99.68852996826172
C16 675.004 99.38539123535156
C16 700.03 98.79724884033203
C16 725.012 98.46089172363281
C16 750.022 98.36608123779297
C16 774.987 97.95735931396484
C16 799.976 97.09611511230469
C16 824.988 95.4159164428711
C16 850.022 93.21793365478516
C16 869.967 89.9918212890625
C16 875.002 89.33621215820312
C16 899.999 82.2788314819336
C16 919.999 73.74937438964844
C16 925.012 70.88195037841797
C16 949.965 57.09650421142578
C16 975.002 42.33180236816406
C16 999.976 25.713504791259766
C16 1025.028 10.93838882446289
C16 1050.014 3.8059632778167725
C16 1075.002 0.9371301093110276
C16 1099.99 0.09298118852210148
C17 319.994 46.75557327270508
C17 324.969 52.854915618896484
C17 349.982 79.03265380859375
C17 374.975 82.69824981689453
C17 400.019 87.74418640136719
C17 424.965 87.81818389892578
C17 450.035 89.26620483398438
C17 475.003 92.0809555053711
C17 500.018 93.12165069580078
C17 525.002 95.47191619873047
C17 550.029 97.52782440185547
C17 575.023 97.49413299560547
C17 599.982 99.25324249267578
C17 619.997 98.82818603515625
C17 624.979 99.16804504394531
C17 650.012 99.52944946289062
C17 675.004 99.2163314819336
C17 700.03 98.6247787475586
C17 725.012 98.29690551757812
C17 750.022 98.2251968383789
C17 774.987 97.83555603027344
C17 799.976 96.98348999023438
C17 824.988 95.31117248535156
C17 850.022 93.11298370361328
C17 869.967 89.90251159667969
C17 875.002 89.24005126953125
C17 899.999 82.26248931884766
C17 919.999 73.61235809326172
C17 925.012 70.67587280273438
C17 949.965 56.939674377441406
C17 975.002 42.262794494628906
C17 999.976 25.728872299194336
C17 1025.028 10.982400894165039
C17 1050.014 3.8389875888824463
C17 1075.002 0.9357876361096589
C17 1099.99 0.09284798956436645
