lsstCam/transmission_filter_detector/r13_s01/u_24/19700101T000000.ecsv
# %ECSV 1.0
# ---
# datatype:
# - {name: wavelength, unit: nm, datatype: float32}
# - {name: efficiency, unit: '%', datatype: float64}
# meta: !!omap
# - {MODE: DETECTOR}
# - {TYPE: transmission_filter_detector}
# - {CALIBDATE: '1970-01-01T00:00:00'}
# - {INSTRUME: LSSTCam}
# - {OBSTYPE: transmission_filter_detector}
# - {CALIBCLS: lsst.ip.isr.IntermediateFilterDetectorTransmissionCurve}
# - {SOURCE: Materion (DM-46256)}
# - {DETECTOR: 55}
# - {FILTER: u_24}
# - {CALIB_ID: 'calibDate=1970-01-01T00:00:00 filter=u_24 detector=55'}
# - {DATE: '2025-04-02T15:59:40.004281'}
# - {CALIB_CREATION_DATE: '2025-04-02'}
# - {CALIB_CREATION_TIME: '15:59:40'}
# - __serialized_columns__:
#     efficiency:
#       __class__: astropy.units.quantity.Quantity
#       unit: !astropy.units.Unit {unit: '%'}
#       value: !astropy.table.SerializedColumn {name: efficiency}
#     wavelength:
#       __class__: astropy.units.quantity.Quantity
#       unit: !astropy.units.Unit {unit: nm}
#       value: !astropy.table.SerializedColumn {name: wavelength}
# schema: astropy-2.0
wavelength efficiency
[from data line 581]
876.0 0.002246929034299683
877.0 0.002461693475197535
878.0 0.0026764580979943275
879.0 0.002836128987837583
880.0 0.0029958006052765995
881.0 0.003119264147244394
882.0 0.0032427284168079495
883.0 0.0030050588975427672
884.0 0.0027673895601765253
885.0 0.0026934712877846323
886.0 0.0026195531972916797
887.0 0.002305127418367192
888.0 0.001990701821341645
889.0 0.001991861608985346
890.0 0.0019930213966290466
891.0 0.0023048049115459435
892.0 0.0026165886083617806
893.0 0.0024714354367461056
894.0 0.002326281537534669
895.0 0.0029001694201724604
896.0 0.003474056939012371
897.0 0.0037880072341067716
898.0 0.004101957892999053
899.0 0.004245734089636244
900.0 0.004389509922475554
901.0 0.004226695455145091
902.0 0.004063881351612508
903.0 0.004459026604308747
904.0 0.0048541714932071045
905.0 0.00494086962135043
906.0 0.005027567385695875
907.0 0.005477473314385861
908.0 0.005927379243075848
909.0 0.005913438508287072
910.0 0.005899498501094058
911.0 0.006065736306481995
912.0 0.006231974111869931
913.0 0.006087617657613009
914.0 0.0059432608395582065
915.0 0.0051892478950321674
916.0 0.004435234950506128
917.0 0.004047416950925253
918.0 0.0036595989513443783
919.0 0.00407875377277378
920.0 0.0044979085942031816
921.0 0.004593344056047499
922.0 0.0046887798816896975
923.0 0.005658629015670158
924.0 0.006628476694459096
925.0 0.006756484799552709
926.0 0.006884494359837845
927.0 0.007335158443311229
928.0 0.007785819616401568
929.0 0.007806866051396355
930.0 0.00782791175879538
931.0 0.007230194023577496
932.0 0.006632474105572328
933.0 0.006554117135237902
934.0 0.006475759437307715
935.0 0.006616268365178257
936.0 0.0067567780206445605
937.0 0.007044133963063359
938.0 0.007331492088269442
939.0 0.0069863795943092555
940.0 0.006641267100349069
941.0 0.006043961184332147
942.0 0.005446653813123703
943.0 0.004504543539951555
944.0 0.0035624339943751693
945.0 0.0028621590900002047
946.0 0.0021618847313220613
947.0 0.0017891416064230725
948.0 0.001416398572473554
949.0 0.0012701855666819029
950.0 0.0011239725608902518
951.0 0.0010951261174341198
952.0 0.0010662796739779878
953.0 0.0013410483006737195
954.0 0.0016158172002178617
955.0 0.002129621134372428
956.0 0.002643424886628054
957.0 0.0028470974939409643
958.0 0.003050769191759173
959.0 0.003200190985808149
960.0 0.0033496115065645427
961.0 0.003730336538865231
962.0 0.004111061207368039
963.0 0.004199964678264223
964.0 0.0042888681491604075
965.0 0.004397906013764441
966.0 0.004506944605964236
967.0 0.00453650536655914
968.0 0.004566066854749806
969.0 0.0045723860239377245
970.0 0.004578704829327762
971.0 0.004792511390405707
972.0 0.005006317587685771
973.0 0.004910437928629108
974.0 0.0048145579057745636
975.0 0.004475051900953986
976.0 0.004135545532335527
977.0 0.0038892965676495805
978.0 0.003643047239165753
979.0 0.003431515142438002
980.0 0.00321998268191237
981.0 0.003118013046332635
982.0 0.0030160426831571385
983.0 0.0031688075978308916
984.0 0.003321572148706764
985.0 0.003528829984134063
986.0 0.003736088183359243
987.0 0.004101163358427584
988.0 0.004466238533495925
989.0 0.005403035902418196
990.0 0.006339832907542586
991.0 0.0066902837716042995
992.0 0.007040734635666013
993.0 0.007318654388654977
994.0 0.007596574869239703
995.0 0.007278800330823287
996.0 0.006961022882023826
997.0 0.00685469203745015
998.0 0.006748364103259519
999.0 0.006559008761541918
1000.0 0.006369652692228556
1001.0 0.00585981979384087
1002.0 0.005349988350644708
1003.0 0.004715575778391212
1004.0 0.004081163206137717
1005.0 0.0045029461034573615
1006.0 0.004924727909383364
1007.0 0.004883033761871047
1008.0 0.004841337067773566
1009.0 0.004303448076825589
1010.0 0.0037655598134733737
1011.0 0.003843368904199451
1012.0 0.0039211783587234095
1013.0 0.0033840893593151122
1014.0 0.0028470005418057553
1015.0 0.002299472726008389
1016.0 0.0017519450921099633
1017.0 0.001652937316976022
1018.0 0.0015539295418420807
1019.0 0.0013382663382799365
1020.0 0.001122602952818852
1021.0 0.001042957137542544
1022.0 0.0009633115951146465
1023.0 0.0010840259164979216
1024.0 0.001204740419780137
1025.0 0.0012413647709763609
1026.0 0.001277989213122055
1027.0 0.0010182865480601322
1028.0 0.0007585837920487393
1029.0 0.0009740082532516681
1030.0 0.0011894328963535372
1031.0 0.0019226170479669236
1032.0 0.0026558014724287204
1033.0 0.0023126229280023836
1034.0 0.0019694443835760467
1035.0 0.002411755485809408
1036.0 0.0028540664061438292
1037.0 0.002916874655056745
1038.0 0.0029796830858686008
1039.0 0.002675975520105567
1040.0 0.0023722683181404136
1041.0 0.0019045286535401829
1042.0 0.0014367890798894223
1043.0 0.0013823801054968499
1044.0 0.0013279714949021582
1045.0 0.00141937707667239
1046.0 0.0015107829312910326
1047.0 0.0016203135601244867
1048.0 0.0017298441889579408
1049.0 0.0014341088899527676
1050.0 0.0011383730452507734
1051.0 0.0008940414772951044
1052.0 0.0006497095910162898
1053.0 0.0006354114702844527
1054.0 0.000621113076704205
1055.0 0.000484708471049089
1056.0 0.00034830436561605893
1057.0 0.0009554864845995326
1058.0 0.001562668512633536
1059.0 0.00108596932477667
1060.0 0.0006092705461924197
1061.0 0.0017143369404948317
1062.0 0.0028194031983730383
1063.0 0.0025748246116563678
1064.0 0.0023302456611418165
1065.0 0.0011943706340389326
1066.0 5.849580020367284e-05
1067.0 0.0007614646619913401
1068.0 0.0014644328985014
1069.0 0.0021933919924777
1070.0 0.0029223507226561196
1071.0 0.001510907804913586
1072.0 9.946498948920635e-05
1073.0 0.0006963137821003329
1074.0 0.0012931625860801432
1075.0 0.0032906868000281975
1076.0 0.0052882103773299605
1077.0 0.005358421549317427
1078.0 0.005428633085102774
1079.0 0.006325411231955513
1080.0 0.0072221868322230875
1081.0 0.005198309008846991
1082.0 0.003174431185470894
1083.0 0.0028785556423827074
1084.0 0.0025826799173955806
1085.0 0.0037730867916252464
1086.0 0.004963493483955972
1087.0 0.00458970753243193
1088.0 0.004215921580907889
1089.0 0.005651833998854272
1090.0 0.007087746053002775
1091.0 0.00495162203151267
1092.0 0.0028154980100225657
1093.0 0.0017848667994257994
1094.0 0.0007542356797785033
1095.0 0.0004607004939316539
1096.0 0.00016716541040295851
1097.0 0.0021870289856451564
1098.0 0.00420689357270021
1099.0 0.0035906232369598
1100.0 0.002974353265017271
