lsstCam/transmission_filter_detector/r13_s01/u_24/19700101T000000.ecsv
# %ECSV 1.0
# ---
# datatype:
# - {name: wavelength, unit: nm, datatype: float32}
# - {name: efficiency, unit: '%', datatype: float64}
# meta: !!omap
# - {MODE: DETECTOR}
# - {TYPE: transmission_filter_detector}
# - {CALIBDATE: '1970-01-01T00:00:00'}
# - {INSTRUME: LSSTCam}
# - {OBSTYPE: transmission_filter_detector}
# - {CALIBCLS: lsst.ip.isr.IntermediateFilterDetectorTransmissionCurve}
# - {SOURCE: Materion (DM-46256)}
# - {DETECTOR: 55}
# - {FILTER: u_24}
# - {CALIB_ID: 'calibDate=1970-01-01T00:00:00 filter=u_24 detector=55'}
# - {DATE: '2025-04-02T15:59:40.004281'}
# - {CALIB_CREATION_DATE: '2025-04-02'}
# - {CALIB_CREATION_TIME: '15:59:40'}
# - __serialized_columns__:
#     efficiency:
#       __class__: astropy.units.quantity.Quantity
#       unit: !astropy.units.Unit {unit: '%'}
#       value: !astropy.table.SerializedColumn {name: efficiency}
#     wavelength:
#       __class__: astropy.units.quantity.Quantity
#       unit: !astropy.units.Unit {unit: nm}
#       value: !astropy.table.SerializedColumn {name: wavelength}
# schema: astropy-2.0
wavelength efficiency
295.0 1.6011272169214052e-10
296.0 1.6011272169214052e-10
297.0 1.6011272169214052e-10
298.0 1.6011272169214052e-10
299.0 1.6011272169214052e-10
300.0 1.6011272169214052e-10
301.0 1.6011272169214052e-10
302.0 1.6011272169214052e-10
303.0 1.6011272169214052e-10
304.0 0.22537203039973974
305.0 0.9436972439289093
306.0 2.0257843658328056
307.0 3.588339686393738
308.0 5.828079581260681
309.0 8.969536423683167
310.0 12.216386944055557
311.0 16.31000190973282
312.0 20.119737088680267
313.0 23.005329072475433
314.0 26.119902729988098
315.0 28.374546766281128
316.0 30.723106861114502
317.0 32.986220717430115
318.0 36.088794469833374
319.0 39.946502447128296
320.0 45.48356533050537
321.0 50.95313787460327
322.0 57.081735134124756
323.0 62.4251663684845
324.0 66.85311794281006
325.0 69.92796063423157
326.0 72.31587171554565
327.0 74.19314980506897
328.0 75.88556408882141
329.0 77.28596925735474
330.0 78.61514091491699
331.0 79.1277527809143
332.0 79.56295609474182
333.0 79.62329387664795
334.0 79.47412133216858
335.0 79.66253757476807
336.0 79.89778518676758
337.0 80.42248487472534
338.0 81.2734842300415
339.0 81.94383382797241
340.0 82.33551979064941
341.0 82.79364705085754
342.0 83.09948444366455
343.0 83.0384373664856
344.0 83.33300948143005
345.0 83.67398977279663
346.0 83.9960515499115
347.0 84.35717821121216
348.0 84.55103635787964
349.0 84.8487377166748
350.0 84.89226698875427
351.0 85.10428071022034
352.0 84.94669795036316
353.0 84.90363359451294
354.0 84.77436304092407
355.0 85.0731611251831
356.0 85.17823219299316
357.0 85.17608046531677
358.0 84.93096232414246
359.0 84.60302948951721
360.0 84.42090153694153
361.0 84.20071005821228
362.0 84.04043912887573
363.0 84.1556966304779
364.0 84.19440388679504
365.0 84.55316424369812
366.0 84.77504253387451
367.0 84.80827212333679
368.0 84.92342829704285
369.0 84.97510552406311
370.0 84.75635051727295
371.0 84.58220362663269
372.0 84.56208109855652
373.0 84.73532199859619
374.0 84.76759195327759
375.0 84.98205542564392
376.0 85.13944149017334
377.0 85.24780869483948
378.0 85.29677987098694
379.0 85.00032424926758
380.0 84.25941467285156
381.0 82.9718828201294
382.0 81.19857907295227
383.0 79.19416427612305
384.0 77.08228826522827
385.0 74.72514510154724
386.0 72.25074768066406
387.0 68.96283626556396
388.0 65.5448853969574
389.0 61.4802360534668
390.0 57.34236240386963
391.0 53.095340728759766
392.0 48.70049059391022
393.0 44.980135560035706
394.0 41.70398414134979
395.0 38.121917843818665
396.0 34.33397710323334
397.0 29.155999422073364
398.0 23.20578545331955
399.0 16.329069435596466
400.0 10.183088481426239
401.0 5.431532114744186
402.0 2.322780527174473
403.0 0.7479023654013872
404.0 0.2660163678228855
405.0 0.11058443924412131
406.0 0.03074289415962994
407.0 0.02053054195130244
408.0 1.6011272169214052e-10
409.0 1.6011272169214052e-10
410.0 1.6011272169214052e-10
411.0 1.6011272169214052e-10
412.0 1.6011272169214052e-10
413.0 1.6011272169214052e-10
414.0 1.6011272169214052e-10
415.0 1.6011272169214052e-10
416.0 1.6011272169214052e-10
417.0 1.6011272169214052e-10
418.0 1.6011272169214052e-10
419.0 1.6011272169214052e-10
420.0 1.6011272169214052e-10
421.0 1.6011272169214052e-10
422.0 1.6011272169214052e-10
423.0 1.6011272169214052e-10
424.0 1.6011272169214052e-10
425.0 1.6011272169214052e-10
426.0 1.6011272169214052e-10
427.0 0.0004718962372862734
428.0 0.0023622818844160065
429.0 0.0012444434105418622
430.0 0.00012660467518799123
431.0 1.6011272169214052e-10
432.0 1.6011272169214052e-10
433.0 1.6011272169214052e-10
434.0 1.6011272169214052e-10
435.0 1.6011272169214052e-10
436.0 9.623352070775582e-05
437.0 1.6011272169214052e-10
438.0 1.6011272169214052e-10
439.0 0.0004977545813744655
440.0 0.002030802897934336
441.0 0.0004945718956150813
442.0 1.6011272169214052e-10
443.0 1.6011272169214052e-10
444.0 1.6011272169214052e-10
445.0 1.6011272169214052e-10
446.0 0.0006834623491158709
447.0 2.4216279825850506e-05
448.0 1.6011272169214052e-10
449.0 0.0003255879619246116
450.0 0.0012862055882578716
451.0 1.6011272169214052e-10
452.0 1.6011272169214052e-10
453.0 1.6011272169214052e-10
454.0 1.6011272169214052e-10
455.0 1.6011272169214052e-10
456.0 1.6011272169214052e-10
457.0 1.6011272169214052e-10
458.0 1.6011272169214052e-10
459.0 1.6011272169214052e-10
460.0 1.6011272169214052e-10
461.0 1.6011272169214052e-10
462.0 1.6011272169214052e-10
463.0 1.6011272169214052e-10
464.0 4.254381167356769e-05
465.0 9.192696097670705e-05
466.0 0.00014131014722806867
467.0 1.6011272169214052e-10
468.0 1.6011272169214052e-10
469.0 1.6011272169214052e-10
470.0 0.0005462195076688658
471.0 3.609583245633985e-05
472.0 1.6011272169214052e-10
473.0 1.6011272169214052e-10
474.0 1.6011272169214052e-10
475.0 1.6011272169214052e-10
476.0 1.6011272169214052e-10
477.0 0.0003223408839403419
478.0 0.0007150989858928369
479.0 0.00043176032704650424
480.0 0.00014842198652331717
481.0 0.00026825873646885157
482.0 0.00038809548641438596
483.0 1.6011272169214052e-10
484.0 1.6011272169214052e-10
485.0 1.6011272169214052e-10
486.0 1.6011272169214052e-10
487.0 1.6011272169214052e-10
488.0 1.6011272169214052e-10
489.0 1.6011272169214052e-10
490.0 1.6011272169214052e-10
491.0 1.6011272169214052e-10
492.0 5.467173878059839e-05
493.0 1.6011272169214052e-10
494.0 1.6011272169214052e-10
495.0 9.1312369931984e-05
496.0 0.0010498873962205835
497.0 0.00043463332985993475
498.0 1.6011272169214052e-10
499.0 0.00028979768558201613
500.0 0.0007602165624120971
501.0 0.0002817394261001027
502.0 1.6011272169214052e-10
503.0 1.6011272169214052e-10
504.0 1.6011272169214052e-10
505.0 1.6011272169214052e-10
506.0 0.0002849212478395202
507.0 1.6011272169214052e-10
508.0 1.6011272169214052e-10
509.0 1.6011272169214052e-10
510.0 1.6011272169214052e-10
511.0 1.6011272169214052e-10
512.0 0.0003947621280531166
513.0 0.0005108429377287393
514.0 0.0006269235655054217
515.0 0.0006002450845699059
516.0 0.0005735665126849199
517.0 0.00022329584226099541
518.0 1.6011272169214052e-10
519.0 4.5754569555356284e-05
520.0 0.00021848395590495784
521.0 0.00038810958358226344
522.0 0.000557735165784834
523.0 0.0001969607183127664
524.0 1.6011272169214052e-10
525.0 1.6011272169214052e-10
526.0 1.6011272169214052e-10
527.0 1.6011272169214052e-10
528.0 1.6011272169214052e-10
529.0 1.6011272169214052e-10
530.0 1.6011272169214052e-10
531.0 0.00020775430584762944
532.0 0.0005151820460014278
533.0 6.16237741724035e-05
534.0 1.6011272169214052e-10
535.0 1.6011272169214052e-10
536.0 5.629564157061395e-05
537.0 1.6011272169214052e-10
538.0 1.6011272169214052e-10
539.0 1.6011272169214052e-10
540.0 5.138129495207977e-05
541.0 1.6011272169214052e-10
542.0 1.6011272169214052e-10
543.0 1.6011272169214052e-10
544.0 1.6011272169214052e-10
545.0 1.6011272169214052e-10
546.0 1.6011272169214052e-10
547.0 2.9085472874612606e-05
548.0 0.0003661213668237906
549.0 1.6011272169214052e-10
550.0 1.6011272169214052e-10
551.0 1.6011272169214052e-10
552.0 1.6011272169214052e-10
553.0 1.6011272169214052e-10
554.0 1.6011272169214052e-10
555.0 1.6011272169214052e-10
556.0 1.6011272169214052e-10
557.0 1.6011272169214052e-10
558.0 1.6011272169214052e-10
559.0 1.6011272169214052e-10
560.0 0.00016828259958856506
561.0 2.4989472535708046e-05
562.0 1.6011272169214052e-10
563.0 1.6011272169214052e-10
564.0 1.6011272169214052e-10
565.0 1.6011272169214052e-10
566.0 1.6011272169214052e-10
567.0 1.6011272169214052e-10
568.0 6.712396611874283e-05
569.0 0.00031204310744215036
570.0 0.000556962095288327
571.0 0.00043705017560569104
572.0 0.00031713843782199547
573.0 0.00041921289266610984
574.0 0.00052128775678284
575.0 0.00021910786927037407
576.0 1.6011272169214052e-10
577.0 0.00013524355608751648
578.0 0.00035355899399291957
579.0 0.00041282073652837425
580.0 0.0004720824563264614
581.0 0.0009065673111763317
582.0 0.0013410523933998775
583.0 0.001530289591755718
584.0 0.001719527062959969
585.0 0.0014487269254459534
586.0 0.0011779266969824675
587.0 0.0011431674465711694
588.0 0.0011084081961598713
589.0 0.0009064500773092732
590.0 0.0007044918220344698
591.0 0.0009001728358271066
592.0 0.0010958538950944785
593.0 0.0009370331099489704
594.0 0.0007782120519550517
595.0 0.000721113838153542
596.0 0.000664015487927827
597.0 0.0009471644261793699
598.0 0.0012303131370572373
599.0 0.0017010492229019292
600.0 0.0021717851268476807
601.0 0.0024400367692578584
602.0 0.0027082885935669765
603.0 0.0023342716303886846
604.0 0.0019602550310082734
605.0 0.0015287077985703945
606.0 0.0010971604751830455
607.0 0.0009994729225581978
608.0 0.0009017852789838798
609.0 0.0005605902060779044
610.0 0.00021939517864666414
611.0 0.00043123641262354795
612.0 0.0006430776466004318
613.0 0.0007061189080559416
614.0 0.0007691601240367163
615.0 0.0009219126695825253
616.0 0.0010746653060778044
617.0 0.0009285386113333516
618.0 0.0007824120984878391
619.0 0.00048498368414584547
620.0 0.00018755538349068956
621.0 0.00044938092287338804
622.0 0.0007112063940439839
623.0 0.0006300234417722095
624.0 0.0005488405804499052
625.0 0.0007682208888581954
626.0 0.0009876011972664855
627.0 0.0008962541869550478
628.0 0.00080490717664361
629.0 0.0010008221579482779
630.0 0.001196737230202416
631.0 0.001602549855306279
632.0 0.0020083627532585524
633.0 0.0021521236703847535
634.0 0.0022958845875109546
635.0 0.002400297853455413
636.0 0.002504710755601991
637.0 0.0022272499336395413
638.0 0.0019497887478792109
639.0 0.001333852833340643
640.0 0.0007179165550041944
641.0 0.0007956236913742032
642.0 0.0008733307367947418
643.0 0.0006504940301965689
644.0 0.00042765723264892586
645.0 0.000459584271084168
646.0 0.000491511264044675
647.0 0.00027531746127351653
648.0 5.912382334827271e-05
649.0 5.6147217719626497e-05
650.0 5.317073714650178e-05
651.0 0.0005309256721375277
652.0 0.0010086808288178872
653.0 0.0013221020708442666
654.0 0.001635522858123295
655.0 0.001638985486351885
656.0 0.0016424481145804748
657.0 0.0026759958927868865
658.0 0.003709544034791179
659.0 0.004207177335047163
660.0 0.004704810635303147
661.0 0.004427142266649753
662.0 0.004149473897996359
663.0 0.003018311872438062
664.0 0.0018871500287787057
665.0 0.0016283343938994221
666.0 0.0013695185771211982
667.0 0.0012878866073151585
668.0 0.0012062545465596486
669.0 0.0008592310223320965
670.0 0.0005122076800034847
671.0 0.0005700426299881656
672.0 0.0006278775799728464
673.0 0.00048765937208372634
674.0 0.00034744116419460624
675.0 0.0006643358119617915
676.0 0.0009812305506784469
677.0 0.0016648531527607702
678.0 0.0023484757548430935
679.0 0.002435854730720166
680.0 0.0025232337065972388
681.0 0.0035102275433018804
682.0 0.004497221743804403
683.0 0.006378848775057122
684.0 0.008260476170107722
685.0 0.0088963468442671
686.0 0.009532220428809524
687.0 0.00850920332595706
688.0 0.007486187678296119
689.0 0.005844185579917394
690.0 0.00420218420913443
691.0 0.003780716360779479
692.0 0.0033592485124245286
693.0 0.0030824816349195316
694.0 0.002805714939313475
695.0 0.0023732758563710377
696.0 0.001940837137226481
697.0 0.0013487707292370033
698.0 0.0007567042757727904
699.0 0.0006064572062314255
700.0 0.00045621004574059043
701.0 0.0003639823034973233
702.0 0.00027175469767826144
703.0 0.00048820088522916194
704.0 0.0007046473001537379
705.0 0.0007330777407332789
706.0 0.0007615084086864954
707.0 0.0008552164217690006
708.0 0.00094892402557889
709.0 0.0006617230155825382
710.0 0.0003745218464246136
711.0 0.0005587213763647014
712.0 0.0007429208380926866
713.0 0.000801375244918745
714.0 0.0008598296517448034
715.0 0.0006189033683767775
716.0 0.0003779769940592814
717.0 0.0004920824267173884
718.0 0.0006061877684260253
719.0 0.0005094105745229172
720.0 0.00041263328967033885
721.0 0.0003913585260306718
722.0 0.00037008373965363717
723.0 0.00042250517253705766
724.0 0.0004749265826831106
725.0 0.0003738781515494338
726.0 0.00027282956125418423
727.0 0.00035731673051486723
728.0 0.00044180396798765287
729.0 0.000373047441826202
730.0 0.0003042909838768537
731.0 0.0003739312887773849
732.0 0.00044357166189001873
733.0 0.0002761019004537957
734.0 0.00010863229817914544
735.0 0.00020675290670624236
736.0 0.00030487349249597173
737.0 0.00039957831177162006
738.0 0.0004942830400977982
739.0 0.0005975618023512652
740.0 0.0007008403372310568
741.0 0.0009715326996229123
742.0 0.0012422252439137083
743.0 0.002066541310341563
744.0 0.0028908571039210074
745.0 0.0034983553632628173
746.0 0.004105853076907806
747.0 0.004538566281553358
748.0 0.00497127948619891
749.0 0.004180406904197298
750.0 0.003389534685993567
751.0 0.0030580882594222203
752.0 0.0027266418328508735
753.0 0.0022812879251432605
754.0 0.0018359340174356475
755.0 0.0020493209376581945
756.0 0.0022627084035775624
757.0 0.0019084031009697355
758.0 0.0015540976164629683
759.0 0.001272652116313111
760.0 0.0009912065252137836
761.0 0.0013095538633933757
762.0 0.0016279012925224379
763.0 0.0011441832612035796
764.0 0.0006604649570363108
765.0 0.0008621639608463738
766.0 0.001063863055605907
767.0 0.0009077441063709557
768.0 0.0007516249752370641
769.0 0.0007063463272061199
770.0 0.0006610675427509705
771.0 0.00047122784962994047
772.0 0.00028138795187260257
773.0 0.0003523417944961693
774.0 0.00042329552343289834
775.0 0.00045376068555924576
776.0 0.000484225756736123
777.0 0.0005663669981004205
778.0 0.0006485081030405127
779.0 0.0008626633643871173
780.0 0.0010768184438347816
781.0 0.001061842431226978
782.0 0.0010468665095686447
783.0 0.0008682277439220343
784.0 0.0006895888873259537
785.0 0.001065009564626962
786.0 0.0014404299690795597
787.0 0.0011667018043226562
788.0 0.0008929736395657528
789.0 0.0010401210602140054
790.0 0.0011872683899127878
791.0 0.001040683036990231
792.0 0.000894097684067674
793.0 0.00029371572054515127
794.0 1.6011272169214052e-10
795.0 1.6011272169214052e-10
796.0 3.606192535698938e-05
797.0 0.00030197716114344075
798.0 0.0005678923571394989
799.0 0.0003687157686727005
800.0 0.00016953907788774814
801.0 5.7865315739036305e-05
802.0 1.6011272169214052e-10
803.0 1.6011272169214052e-10
804.0 1.6011272169214052e-10
805.0 1.6011272169214052e-10
806.0 1.6011272169214052e-10
807.0 1.6011272169214052e-10
808.0 6.143049091633657e-06
809.0 0.00018344012460147496
810.0 0.0003607372946135001
811.0 0.0001820166517063626
812.0 3.2960343787635793e-06
813.0 0.0002611604486446595
814.0 0.0005190248884900939
815.0 0.0003915831712220097
816.0 0.0002641414539539255
817.0 0.00026528837224759627
818.0 0.000266435290541267
819.0 0.00018215438331026235
820.0 9.787351018530899e-05
821.0 1.6011272169214052e-10
822.0 1.6011272169214052e-10
823.0 1.6011272169214052e-10
824.0 1.6011272169214052e-10
825.0 1.6011272169214052e-10
826.0 1.6011272169214052e-10
827.0 0.00018317379044674453
828.0 0.0005359612259780988
829.0 0.0002675336418178631
830.0 1.6011272169214052e-10
831.0 1.6011272169214052e-10
832.0 1.6011272169214052e-10
833.0 1.6011272169214052e-10
834.0 1.6011272169214052e-10
835.0 1.6011272169214052e-10
836.0 5.76177967559488e-05
837.0 1.6011272169214052e-10
838.0 1.6011272169214052e-10
839.0 1.6011272169214052e-10
840.0 1.6011272169214052e-10
841.0 1.6011272169214052e-10
842.0 0.00020080267404409824
843.0 0.00013727935765928123
844.0 7.37559275876265e-05
845.0 0.00013937601579527836
846.0 0.0002049960357908276
847.0 0.0001696861090749735
848.0 0.00013437612551570055
849.0 0.00022281139990809606
850.0 0.00031124648103286745
851.0 0.00024394284992013127
852.0 0.00017663923017607885
853.0 0.000430540831075632
854.0 0.0006844425570307067
855.0 0.0005057617727288743
856.0 0.0003270808747402043
857.0 0.00044120761231170036
858.0 0.0005553342361963587
859.0 0.0006893827048770618
860.0 0.0008234311280830298
861.0 0.0009826670975598972
862.0 0.001141903248935705
863.0 0.0013410927749646362
864.0 0.0015402822100440972
865.0 0.001983326546906028
866.0 0.0024263708837679587
867.0 0.002233061968581751
868.0 0.002039753417193424
869.0 0.0019357514247531071
870.0 0.0018317496142117307
871.0 0.0016184227206395008
872.0 0.001405095918016741
873.0 0.0014945575458114035
874.0 0.0015840189007576555
