lsstCam/transmission_sensor/r11_s10/19700101T000000.ecsv
# %ECSV 1.0
# ---
# datatype:
# - {name: amp_name, datatype: string}
# - {name: wavelength, unit: nm, datatype: float32}
# - {name: efficiency, unit: '%', datatype: float64}
# meta: !!omap
# - {MODE: AMP}
# - {TYPE: transmission_sensor}
# - {CALIBDATE: '1970-01-01T00:00:00'}
# - {INSTRUME: LSSTCam}
# - {OBSTYPE: transmission_sensor}
# - {DETECTOR: 39}
# - {PARQUETFILE: qe_raft_allvalues_nircorrected_20230725_adjust.parquet}
# - {CORRFILE: qe_corr_factor_bydetnum.parquet}
# - {CALIBCLS: lsst.ip.isr.IntermediateSensorTransmissionCurve}
# - {CALIB_ID: 'raftName=R11 detectorName=S10 detector=39 calibDate=1970-01-01T00:00:00 ccd=39 ccdnum=39 filter=None'}
# - {DATE: '2025-03-03T21:56:47.591940'}
# - {CALIB_CREATION_DATE: '2025-03-03'}
# - {CALIB_CREATION_TIME: '21:56:47'}
# - __serialized_columns__:
#     efficiency:
#       __class__: astropy.units.quantity.Quantity
#       unit: !astropy.units.Unit {unit: '%'}
#       value: !astropy.table.SerializedColumn {name: efficiency}
#     wavelength:
#       __class__: astropy.units.quantity.Quantity
#       unit: !astropy.units.Unit {unit: nm}
#       value: !astropy.table.SerializedColumn {name: wavelength}
# schema: astropy-2.0
amp_name wavelength efficiency
C00 319.992 45.55235662405212
C00 330.006 58.41062913968788
C00 349.994 77.9586939087839
C00 370.001 82.33450257091188
C00 400.009 88.09564954492805
C00 429.983 90.35142686233677
C00 449.989 91.81120725243599
C00 469.993 93.5078411708722
C00 500.016 95.67324579007348
C00 549.99 98.63726429188061
C00 569.998 99.48228907555827
C00 599.983 100.17784222305343
C00 630.013 100.86704753729332
C00 649.987 100.8466307082175
C00 670.017 101.13114639321988
C00 699.987 100.44683165724516
C00 720.012 100.15290103686178
C00 749.995 99.25436981734379
C00 770.007 98.80436795048247
C00 800.008 97.5648619521052
C00 830.013 96.31674212711113
C00 869.994 91.31561848208888
C00 900.005 84.54231254736408
C00 919.989 77.8433189875266
C00 959.989 57.08888741926513
C00 1000.013 29.77710404287968
C00 1030.002 13.071599196230228
C00 1049.996 6.4550354365733655
C00 1080.005 0.688081119549489
C00 1100.007 0.09360047391748168
C01 319.992 45.55342858387468
C01 330.006 58.40791681430056
C01 349.994 77.92858747846506
C01 370.001 82.2627690032845
C01 400.009 87.87854906983372
C01 429.983 90.07057338882781
C01 449.989 91.50461911357849
C01 469.993 93.18731373951785
C01 500.016 95.32567903052605
C01 549.99 98.26430619931213
C01 569.998 99.10170137571183
C01 599.983 99.78944943496163
C01 630.013 100.46999514494104
C01 649.987 100.4479608391223
C01 670.017 100.72946282924988
C01 699.987 100.04830675068823
C01 720.012 99.75734404753598
C01 749.995 98.86309303770092
C01 770.007 98.41847767357785
C01 800.008 97.18331292174175
C01 830.013 95.94371536807714
C01 869.994 90.98751485070751
C01 900.005 84.19696600353453
C01 919.989 77.49418815848718
C01 959.989 56.89990204699008
C01 1000.013 29.558866756300933
C01 1030.002 12.900144754078106
C01 1049.996 6.364174920350603
C01 1080.005 0.6853685970617472
C01 1100.007 0.09323148633280459
C02 319.992 46.068560593264294
C02 330.006 59.04847575253619
C02 349.994 78.66640865028012
C02 370.001 82.93640991867737
C02 400.009 88.44114105129589
C02 429.983 90.59523859251124
C02 449.989 92.01999145559735
C02 469.993 93.69743691172948
C02 500.016 95.8341008003147
C02 549.99 98.76944723797125
C02 569.998 99.6070026361238
C02 599.983 100.28480168748314
C02 630.013 100.9603118566591
C02 649.987 100.93196786562147
C02 670.017 101.2118676382207
C02 699.987 100.52247158379885
C02 720.012 100.22506186249672
C02 749.995 99.32480635173391
C02 770.007 98.87858877008246
C02 800.008 97.64429379347604
C02 830.013 96.39274827481415
C02 869.994 91.4351362800981
C02 900.005 84.5817347281693
C02 919.989 77.88660174961446
C02 959.989 57.23600913640602
C02 1000.013 29.680627658849886
C02 1030.002 12.943479016015095
C02 1049.996 6.370839859158356
C02 1080.005 0.68856942542771
C02 1100.007 0.0936668987332768
C03 319.992 46.219100374465704
C03 330.006 59.21522844920327
C03 349.994 78.73445711759224
C03 370.001 82.88684798979975
C03 400.009 88.2376594251927
C03 429.983 90.34700169011555
C03 449.989 91.75903599786932
C03 469.993 93.42570081891769
C03 500.016 95.54882215458453
C03 549.99 98.45039995042883
C03 569.998 99.27706026938844
C03 599.983 99.9348468608577
C03 630.013 100.59614307167482
C03 649.987 100.55820866428881
C03 670.017 100.82989134984966
C03 699.987 100.13097354554492
C03 720.012 99.82887924537413
C03 749.995 98.93061506211086
C03 770.007 98.4887692454297
C03 800.008 97.25766344466545
C03 830.013 96.00086112658906
C03 869.994 91.07218060267103
C03 900.005 84.2085324881679
C03 919.989 77.58025012858256
C03 959.989 56.97956659138289
C03 1000.013 29.58344362874506
C03 1030.002 12.851679581246689
C03 1049.996 6.338202306625066
C03 1080.005 0.6858366960081301
C03 1100.007 0.09329516237619088
C04 319.992 46.4658990958895
C04 330.006 59.53946386969471
C04 349.994 79.17812641041284
C04 370.001 83.33488141798335
C04 400.009 88.54987058461408
C04 429.983 90.59800813995314
C04 449.989 91.98779451288436
C04 469.993 93.64561661909758
C04 500.016 95.76138301334846
C04 549.99 98.65983267020881
C04 569.998 99.48661506288487
C04 599.983 100.14372261930639
C04 630.013 100.80901674433716
C04 649.987 100.77336358952726
C04 670.017 101.04668664065288
C04 699.987 100.34629632214349
C04 720.012 100.04849749087018
C04 749.995 99.14447295411206
C04 770.007 98.70271869271822
C04 800.008 97.47232244543083
C04 830.013 96.22080744519806
C04 869.994 91.26793343660162
C04 900.005 84.4211849022192
C04 919.989 77.74024299320136
C04 959.989 57.096276693913836
C04 1000.013 29.628858866067112
C04 1030.002 12.874581754893304
C04 1049.996 6.336569093817127
C04 1080.005 0.6873192661038048
C04 1100.007 0.0934968381083515
C05 319.992 46.29517518863424
C05 330.006 59.304975519613905
C05 349.994 78.77780091653833
C05 370.001 82.83398244097077
C05 400.009 87.9214808699868
C05 429.983 89.92356611579609
C05 449.989 91.2963308348902
C05 469.993 92.93665825161504
C05 500.016 95.02981811950134
C05 549.99 97.89277484330462
C05 569.998 98.70313069151123
C05 599.983 99.3540277476085
C05 630.013 100.0005835571646
C05 649.987 99.95969649176202
C05 670.017 100.22709896763993
C05 699.987 99.53253003948363
C05 720.012 99.23181669823015
C05 749.995 98.33407895786907
C05 770.007 97.89288165780651
C05 800.008 96.67244967762414
C05 830.013 95.44301476085379
C05 869.994 90.46992992257803
C05 900.005 83.78088537063101
C05 919.989 77.19095704683197
C05 959.989 56.45749545417397
C05 1000.013 29.328603301250304
C05 1030.002 12.78142329632851
C05 1049.996 6.30343466310986
C05 1080.005 0.6817012039310933
C05 1100.007 0.09273260658546367
C06 319.992 47.06772633277856
C06 330.006 60.277155338186034
C06 349.994 79.94583275393566
C06 370.001 83.96684941842399
C06 400.009 88.93961381319407
C06 429.983 90.91700964985189
C06 449.989 92.28660045231837
C06 469.993 93.93525177058348
C06 500.016 96.04177871042076
C06 549.99 98.91415036960503
C06 569.998 99.72664250784948
C06 599.983 100.37032195546178
C06 630.013 101.01693880187611
C06 649.987 100.96854420291201
C06 670.017 101.22852307090848
C06 699.987 100.52062521883758
C06 720.012 100.2119160491568
C06 749.995 99.30305434138445
C06 770.007 98.85816431139936
C06 800.008 97.62420503751318
C06 830.013 96.41025822351708
C06 869.994 91.34286380967846
C06 900.005 84.8466118040382
C06 919.989 77.85622065343362
C06 959.989 57.01194664467055
C06 1000.013 29.857827195282308
C06 1030.002 13.056052917700475
C06 1049.996 6.383209359957747
C06 1080.005 0.6884186276873121
C06 1100.007 0.09364638554149475
C07 319.992 47.33874905730987
C07 330.006 60.61491042277401
C07 349.994 80.2842973920005
C07 370.001 84.21549069000541
C07 400.009 89.0822950988992
C07 429.983 91.0304085028242
C07 449.989 92.39892353066448
C07 469.993 94.04480530148768
C07 500.016 96.14642640384524
C07 549.99 99.01190852765752
C07 569.998 99.81858690515615
C07 599.983 100.45301926874758
C07 630.013 101.08839770364148
C07 649.987 101.03596704242734
C07 670.017 101.29191747778104
C07 699.987 100.57083566433383
C07 720.012 100.25825828376311
C07 749.995 99.34522318080973
C07 770.007 98.8938403550311
C07 800.008 97.66049907933443
C07 830.013 96.45849260072833
C07 869.994 91.41664211205634
C07 900.005 84.93528309982264
C07 919.989 77.68495122925799
C07 959.989 57.10489815013793
C07 1000.013 30.109371532432988
C07 1030.002 13.134714168736235
C07 1049.996 6.39458558125964
C07 1080.005 0.6887109542346624
C07 1100.007 0.09368615106127615
C10 319.992 44.656072323877495
C10 330.006 57.20474300578094
C10 349.994 76.03285132850324
C10 370.001 80.22996695857415
C10 400.009 87.24723721561898
C10 429.983 90.10338832973031
C10 449.989 91.78548784630199
C10 469.993 93.63734612480827
C10 500.016 95.93935123271415
C10 549.99 99.00714765271607
C10 569.998 99.87394733556503
C10 599.983 100.5785644565064
C10 630.013 101.27367508677943
C10 649.987 101.24964945346115
C10 670.017 101.5292593009838
C10 699.987 100.83517866769328
C10 720.012 100.53139059470678
C10 749.995 99.62534421202001
C10 770.007 99.17047465571535
C10 800.008 97.93302102169585
C10 830.013 96.69816145415086
C10 869.994 91.78058963842955
C10 900.005 84.9416690811143
C10 919.989 78.29891335652266
C10 959.989 57.271997993936154
C10 1000.013 29.875720531750943
C10 1030.002 13.11043294357413
C10 1049.996 6.4974260114601625
C10 1080.005 0.6906528948985611
C10 1100.007 0.09395031550540382
C11 319.992 44.822069689424055
C11 330.006 57.40877396360813
C11 349.994 76.23745450687628
C11 370.001 80.37493712646265
C11 400.009 87.23727294851396
C11 429.983 90.03524830713086
C11 449.989 91.69532877709835
C11 469.993 93.52809777819517
C11 500.016 95.81298967697658
C11 549.99 98.85882808723255
C11 569.998 99.71821179180732
C11 599.983 100.41295620093102
C11 630.013 101.09275420939719
C11 649.987 101.07138367941162
C11 670.017 101.34761361091014
C11 699.987 100.65387630994714
C11 720.012 100.34647180311089
C11 749.995 99.4410891962573
C11 770.007 98.9890731130746
C11 800.008 97.75112355458202
C11 830.013 96.52954713330797
C11 869.994 91.61394375626436
C11 900.005 84.81084420511912
C11 919.989 78.09806394493037
C11 959.989 57.20738666470275
C11 1000.013 29.780277959507313
C11 1030.002 12.980230834273025
C11 1049.996 6.415845481939673
C11 1080.005 0.6893755486300358
C11 1100.007 0.09377655660882347
C12 319.992 44.65061715467375
C12 330.006 57.16062861649978
C12 349.994 75.75483606890168
C12 370.001 79.73685018098509
C12 400.009 86.32844938877801
C12 429.983 89.02662948419919
C12 449.989 90.64585340719321
C12 469.993 92.44522761723441
C12 500.016 94.69172733219314
C12 549.99 97.67349230052879
C12 569.998 98.50945311076023
C12 599.983 99.18004981284919
C12 630.013 99.83920973362848
C12 649.987 99.80560894317635
C12 670.017 100.07314875198527
C12 699.987 99.37830515796696
C12 720.012 99.07549367471204
C12 749.995 98.17484142437077
C12 770.007 97.73058465178977
C12 800.008 96.51058755922224
C12 830.013 95.30286650476495
C12 869.994 90.42672345656295
C12 900.005 83.70956380179665
C12 919.989 77.12638005083132
C12 959.989 56.34218919938217
C12 1000.013 29.425840738606073
C12 1030.002 12.79578317092654
C12 1049.996 6.301647904455453
C12 1080.005 0.6805972832055797
C12 1100.007 0.09258243896693773
C13 319.992 44.87613308659567
C13 330.006 57.436465623223484
C13 349.994 76.0394814572278
C13 370.001 79.96814172561642
C13 400.009 86.4430308308784
C13 429.983 89.09183973760392
C13 449.989 90.69683444302454
C13 469.993 92.48410046631561
C13 500.016 94.71433385855772
C13 549.99 97.68228923772028
C13 569.998 98.51075777360477
C13 599.983 99.17186324423994
C13 630.013 99.82382844535611
C13 649.987 99.78474959687841
C13 670.017 100.04808549207718
C13 699.987 99.35042657297329
C13 720.012 99.04398339665406
C13 749.995 98.14152292938793
C13 770.007 97.69835719064766
C13 800.008 96.48074053555086
C13 830.013 95.27646043397594
C13 869.994 90.3837458787662
C13 900.005 83.71062431720829
C13 919.989 77.11202875954147
C13 959.989 56.35445379308149
C13 1000.013 29.378472321820865
C13 1030.002 12.814570125147606
C13 1049.996 6.291022722619985
C13 1080.005 0.6803663029962508
C13 1100.007 0.09255101846077284
C14 319.992 45.49208654135988
C14 330.006 58.23088322182644
C14 349.994 77.09373296128892
C14 370.001 81.05151544065752
C14 400.009 87.42118463194917
C14 429.983 90.01828006054468
C14 449.989 91.60858014234796
C14 469.993 93.39337417288097
C14 500.016 95.62793355244969
C14 549.99 98.60719600959817
C14 569.998 99.43940305304886
C14 599.983 100.10082133758243
C14 630.013 100.75815778222228
C14 649.987 100.71680531077575
C14 670.017 100.98130853588805
C14 699.987 100.27865222401711
C14 720.012 99.97226245494882
C14 749.995 99.06385089400587
C14 770.007 98.61460435826507
C14 800.008 97.39211238411765
C14 830.013 96.19009064629701
C14 869.994 91.25989183053066
C14 900.005 84.61251256392858
C14 919.989 77.84191513978745
C14 959.989 56.96294167712421
C14 1000.013 29.70550971558513
C14 1030.002 12.97254877344503
C14 1049.996 6.346329745777911
C14 1080.005 0.6867603421129613
C14 1100.007 0.09342080702867146
C15 319.992 45.62206834575084
C15 330.006 58.38403232871691
C15 349.994 77.22841841856675
C15 370.001 81.12085331159962
C15 400.009 87.28629317527485
C15 429.983 89.80314039452078
C15 449.989 91.36770581097551
C15 469.993 93.13148027345774
C15 500.016 95.33968698948838
C15 549.99 98.29117004653781
C15 569.998 99.11499978119731
C15 599.983 99.7663698729458
C15 630.013 100.41107931754064
C15 649.987 100.36252449682371
C15 670.017 100.6239835086321
C15 699.987 99.91922142515244
C15 720.012 99.6069644880874
C15 749.995 98.70110884558257
C15 770.007 98.25325089836636
C15 800.008 97.03964741669778
C15 830.013 95.84993223541646
C15 869.994 90.93779270007705
C15 900.005 84.33610715146267
C15 919.989 77.59607393407704
C15 959.989 56.65546468901882
C15 1000.013 29.52254219605057
C15 1030.002 12.916621844695769
C15 1049.996 6.343192069784851
C15 1080.005 0.6842456315427444
C15 1100.007 0.09307872802889929
C16 319.992 45.911455535000194
C16 330.006 58.73663844387144
C16 349.994 77.62626429007592
C16 370.001 81.47427960953652
C16 400.009 87.50186009930631
C16 429.983 89.97801099333161
C16 449.989 91.52526483087264
C16 469.993 93.2878185561904
C16 500.016 95.49070743594831
C16 549.99 98.4312648953757
C16 569.998 99.2484492420961
C16 599.983 99.88843595978588
C16 630.013 100.52751475420958
C16 649.987 100.47851741627052
C16 670.017 100.73304874467053
C16 699.987 100.0208706829167
C16 720.012 99.70770582258558
C16 749.995 98.79903485499518
C16 770.007 98.34985698571988
C16 800.008 97.13335425328566
C16 830.013 95.95770043821764
C16 869.994 91.0693881664073
C16 900.005 84.48448012419713
C16 919.989 77.55279117198918
C16 959.989 56.85312873957255
C16 1000.013 29.807193306582132
C16 1030.002 12.985258745469201
C16 1049.996 6.358987741102501
C16 1080.005 0.6849245020132246
C16 1100.007 0.09317107556752545
C17 319.992 45.91198197790237
C17 330.006 58.739922989804604
C17 349.994 77.56813431222515
C17 370.001 81.34706353778384
C17 400.009 87.19537114534342
C17 429.983 89.60355749773665
C17 449.989 91.13291227660358
C17 469.993 92.87446169308512
C17 500.016 95.0584596652228
C17 549.99 97.97058920793253
C17 569.998 98.7829669020678
C17 599.983 99.41286727893612
C17 630.013 100.04427831804547
C17 649.987 99.98623226587476
C17 670.017 100.23595694168964
C17 699.987 99.51900274577982
C17 720.012 99.20269448725017
C17 749.995 98.294084556518
C17 770.007 97.84898852713641
C17 800.008 96.64080969624244
C17 830.013 95.47803465825962
C17 869.994 90.6658353486542
C17 900.005 84.07726509495062
C17 919.989 77.18412091871092
C17 959.989 56.661431041910184
C17 1000.013 29.684175426234138
C17 1030.002 12.959252275361367
C17 1049.996 6.35248445459895
C17 1080.005 0.6814239334817259
C17 1100.007 0.09269488916417895
