lsstCam/transmission_sensor/r11_s10/19700101T000000.ecsv
# %ECSV 1.0
# ---
# datatype:
# - {name: amp_name, datatype: string}
# - {name: wavelength, unit: nm, datatype: float32}
# - {name: efficiency, unit: '%', datatype: float64}
# meta: !!omap
# - {MODE: AMP}
# - {TYPE: transmission_sensor}
# - {CALIBDATE: '1970-01-01T00:00:00'}
# - {INSTRUME: LSSTCAM}
# - {OBSTYPE: transmission_sensor}
# - {DETECTOR: 39}
# - {PARQUETFILE: qe_raft_allvalues_nircorrected_20230725.parquet}
# - {CALIBCLS: lsst.ip.isr.IntermediateSensorTransmissionCurve}
# - {CALIB_ID: 'raftName=R11 detectorName=S10 detector=39 calibDate=1970-01-01T00:00:00 ccd=39 ccdnum=39 filter=None'}
# - {DATE: '2023-08-02T16:57:55.610494'}
# - {CALIB_CREATION_DATE: '2023-08-02'}
# - {CALIB_CREATION_TIME: '16:57:55'}
# - __serialized_columns__:
#     efficiency:
#       __class__: astropy.units.quantity.Quantity
#       unit: !astropy.units.Unit {unit: '%'}
#       value: !astropy.table.SerializedColumn {name: efficiency}
#     wavelength:
#       __class__: astropy.units.quantity.Quantity
#       unit: !astropy.units.Unit {unit: nm}
#       value: !astropy.table.SerializedColumn {name: wavelength}
# schema: astropy-2.0
amp_name wavelength efficiency
C00 319.992 45.55108642578125
C00 330.006 58.409000396728516
C00 349.994 77.9565200805664
C00 370.001 82.33220672607422
C00 400.009 88.09319305419922
C00 429.983 90.34890747070312
C00 449.989 91.80864715576172
C00 469.993 93.50523376464844
C00 500.016 95.67057800292969
C00 549.99 98.63451385498047
C00 569.998 99.4795150756836
C00 599.983 100.175048828125
C00 630.013 100.8642349243164
C00 649.987 100.84381866455078
C00 670.017 101.12832641601562
C00 699.987 100.44403076171875
C00 720.012 100.15010833740234
C00 749.995 99.25160217285156
C00 770.007 98.8016128540039
C00 800.008 97.56214141845703
C00 830.013 96.31405639648438
C00 869.994 91.31307220458984
C00 900.005 84.53995513916016
C00 919.989 77.84114837646484
C00 959.989 57.08729553222656
C00 1000.013 29.776273727416992
C00 1030.002 13.071234703063965
C00 1049.996 6.454855442047119
C00 1080.005 0.6880619328484477
C00 1100.007 0.09359786392825314
C01 319.992 45.55215835571289
C01 330.006 58.406288146972656
C01 349.994 77.9264144897461
C01 370.001 82.2604751586914
C01 400.009 87.8760986328125
C01 429.983 90.06806182861328
C01 449.989 91.50206756591797
C01 469.993 93.1847152709961
C01 500.016 95.3230209350586
C01 549.99 98.26156616210938
C01 569.998 99.09893798828125
C01 599.983 99.78666687011719
C01 630.013 100.46719360351562
C01 649.987 100.44515991210938
C01 670.017 100.72665405273438
C01 699.987 100.04551696777344
C01 720.012 99.75456237792969
C01 749.995 98.86033630371094
C01 770.007 98.41573333740234
C01 800.008 97.18060302734375
C01 830.013 95.9410400390625
C01 869.994 90.98497772216797
C01 900.005 84.19461822509766
C01 919.989 77.49202728271484
C01 959.989 56.8983154296875
C01 1000.013 29.558042526245117
C01 1030.002 12.899785041809082
C01 1049.996 6.363997459411621
C01 1080.005 0.6853494859976571
C01 1100.007 0.09322888663255839
C02 319.992 46.06727600097656
C02 330.006 59.04682922363281
C02 349.994 78.66421508789062
C02 370.001 82.93409729003906
C02 400.009 88.43867492675781
C02 429.983 90.59271240234375
C02 449.989 92.01742553710938
C02 469.993 93.69482421875
C02 500.016 95.83142852783203
C02 549.99 98.76669311523438
C02 569.998 99.6042251586914
C02 599.983 100.2820053100586
C02 630.013 100.9574966430664
C02 649.987 100.92915344238281
C02 670.017 101.20904541015625
C02 699.987 100.51966857910156
C02 720.012 100.2222671508789
C02 749.995 99.32203674316406
C02 770.007 98.8758316040039
C02 800.008 97.64157104492188
C02 830.013 96.39006042480469
C02 869.994 91.43258666992188
C02 900.005 84.57937622070312
C02 919.989 77.88442993164062
C02 959.989 57.234413146972656
C02 1000.013 29.679800033569336
C02 1030.002 12.94311809539795
C02 1049.996 6.370662212371826
C02 1080.005 0.6885502251105723
C02 1100.007 0.09366428689183486
C03 319.992 46.217811584472656
C03 330.006 59.21357727050781
C03 349.994 78.73226165771484
C03 370.001 82.88453674316406
C03 400.009 88.23519897460938
C03 429.983 90.344482421875
C03 449.989 91.75647735595703
C03 469.993 93.423095703125
C03 500.016 95.54615783691406
C03 549.99 98.4476547241211
C03 569.998 99.2742919921875
C03 599.983 99.93206024169922
C03 630.013 100.59333801269531
C03 649.987 100.55540466308594
C03 670.017 100.82707977294922
C03 699.987 100.12818145751953
C03 720.012 99.82609558105469
C03 749.995 98.9278564453125
C03 770.007 98.48602294921875
C03 800.008 97.25495147705078
C03 830.013 95.99818420410156
C03 869.994 91.06964111328125
C03 900.005 84.20618438720703
C03 919.989 77.57808685302734
C03 959.989 56.97797775268555
C03 1000.013 29.582618713378906
C03 1030.002 12.85132122039795
C03 1049.996 6.3380255699157715
C03 1080.005 0.6858175718914009
C03 1100.007 0.09329256090037902
C04 319.992 46.464603424072266
C04 330.006 59.537803649902344
C04 349.994 79.17591857910156
C04 370.001 83.33255767822266
C04 400.009 88.54740142822266
C04 429.983 90.5954818725586
C04 449.989 91.9852294921875
C04 469.993 93.64300537109375
C04 500.016 95.75871276855469
C04 549.99 98.6570816040039
C04 569.998 99.48384094238281
C04 599.983 100.14093017578125
C04 630.013 100.80620574951172
C04 649.987 100.77055358886719
C04 670.017 101.04386901855469
C04 699.987 100.34349822998047
C04 720.012 100.04570770263672
C04 749.995 99.14170837402344
C04 770.007 98.69996643066406
C04 800.008 97.4696044921875
C04 830.013 96.21812438964844
C04 869.994 91.26538848876953
C04 900.005 84.41883087158203
C04 919.989 77.73807525634766
C04 959.989 57.09468460083008
C04 1000.013 29.628032684326172
C04 1030.002 12.874222755432129
C04 1049.996 6.336392402648926
C04 1080.005 0.6873001006465586
C04 1100.007 0.09349423100894108
C05 319.992 46.29388427734375
C05 330.006 59.303321838378906
C05 349.994 78.77560424804688
C05 370.001 82.83167266845703
C05 400.009 87.91902923583984
C05 429.983 89.92105865478516
C05 449.989 91.29378509521484
C05 469.993 92.93406677246094
C05 500.016 95.02716827392578
C05 549.99 97.89004516601562
C05 569.998 98.70037841796875
C05 599.983 99.35125732421875
C05 630.013 99.99779510498047
C05 649.987 99.9569091796875
C05 670.017 100.22430419921875
C05 699.987 99.52975463867188
C05 720.012 99.22904968261719
C05 749.995 98.33133697509766
C05 770.007 97.89015197753906
C05 800.008 96.66975402832031
C05 830.013 95.44035339355469
C05 869.994 90.4674072265625
C05 900.005 83.77854919433594
C05 919.989 77.18880462646484
C05 959.989 56.4559211730957
C05 1000.013 29.32778549194336
C05 1030.002 12.78106689453125
C05 1049.996 6.303258895874023
C05 1080.005 0.6816821951299104
C05 1100.007 0.0927300207961595
C06 319.992 47.06641387939453
C06 330.006 60.275474548339844
C06 349.994 79.943603515625
C06 370.001 83.96450805664062
C06 400.009 88.9371337890625
C06 429.983 90.91447448730469
C06 449.989 92.28402709960938
C06 469.993 93.93263244628906
C06 500.016 96.03910064697266
C06 549.99 98.91139221191406
C06 569.998 99.72386169433594
C06 599.983 100.36752319335938
C06 630.013 101.01412200927734
C06 649.987 100.96572875976562
C06 670.017 101.22570037841797
C06 699.987 100.517822265625
C06 720.012 100.20912170410156
C06 749.995 99.30028533935547
C06 770.007 98.85540771484375
C06 800.008 97.6214828491211
C06 830.013 96.4075698852539
C06 869.994 91.34031677246094
C06 900.005 84.84424591064453
C06 919.989 77.85404968261719
C06 959.989 57.01035690307617
C06 1000.013 29.85699462890625
C06 1030.002 13.055688858032227
C06 1049.996 6.383031368255615
C06 1080.005 0.6883994315750727
C06 1100.007 0.09364377427205
C07 319.992 47.33742904663086
C07 330.006 60.61322021484375
C07 349.994 80.28205871582031
C07 370.001 84.21314239501953
C07 400.009 89.0798110961914
C07 429.983 91.02787017822266
C07 449.989 92.39634704589844
C07 469.993 94.04218292236328
C07 500.016 96.14374542236328
C07 549.99 99.00914764404297
C07 569.998 99.81580352783203
C07 599.983 100.4502182006836
C07 630.013 101.08557891845703
C07 649.987 101.03314971923828
C07 670.017 101.28909301757812
C07 699.987 100.56803131103516
C07 720.012 100.25546264648438
C07 749.995 99.34245300292969
C07 770.007 98.89108276367188
C07 800.008 97.65777587890625
C07 830.013 96.45580291748047
C07 869.994 91.41409301757812
C07 900.005 84.93291473388672
C07 919.989 77.68278503417969
C07 959.989 57.10330581665039
C07 1000.013 30.108531951904297
C07 1030.002 13.134347915649414
C07 1049.996 6.394407272338867
C07 1080.005 0.6886917499710846
C07 1100.007 0.09368353868299537
C10 319.992 44.65482711791992
C10 330.006 57.203147888183594
C10 349.994 76.03073120117188
C10 370.001 80.22772979736328
C10 400.009 87.24480438232422
C10 429.983 90.10087585449219
C10 449.989 91.78292846679688
C10 469.993 93.63473510742188
C10 500.016 95.93667602539062
C10 549.99 99.00438690185547
C10 569.998 99.87116241455078
C10 599.983 100.57575988769531
C10 630.013 101.2708511352539
C10 649.987 101.246826171875
C10 670.017 101.52642822265625
C10 699.987 100.83236694335938
C10 720.012 100.5285873413086
C10 749.995 99.62256622314453
C10 770.007 99.16770935058594
C10 800.008 97.93029022216797
C10 830.013 96.69546508789062
C10 869.994 91.77803039550781
C10 900.005 84.93930053710938
C10 919.989 78.2967300415039
C10 959.989 57.27040100097656
C10 1000.013 29.874887466430664
C10 1030.002 13.110067367553711
C10 1049.996 6.497244834899902
C10 1080.005 0.6906336364852124
C10 1100.007 0.09394769576106682
C11 319.992 44.82081985473633
C11 330.006 57.40717315673828
C11 349.994 76.2353286743164
C11 370.001 80.37269592285156
C11 400.009 87.2348403930664
C11 429.983 90.0327377319336
C11 449.989 91.6927719116211
C11 469.993 93.5254898071289
C11 500.016 95.81031799316406
C11 549.99 98.85607147216797
C11 569.998 99.7154312133789
C11 599.983 100.41015625
C11 630.013 101.08993530273438
C11 649.987 101.06856536865234
C11 670.017 101.34478759765625
C11 699.987 100.65106964111328
C11 720.012 100.34367370605469
C11 749.995 99.43831634521484
C11 770.007 98.98631286621094
C11 800.008 97.74839782714844
C11 830.013 96.52685546875
C11 869.994 91.61138916015625
C11 900.005 84.80847930908203
C11 919.989 78.09588623046875
C11 959.989 57.20579147338867
C11 1000.013 29.779447555541992
C11 1030.002 12.97986888885498
C11 1049.996 6.415666580200195
C11 1080.005 0.6893563258346692
C11 1100.007 0.09377394170964194
C12 319.992 44.64937210083008
C12 330.006 57.159034729003906
C12 349.994 75.75272369384766
C12 370.001 79.73462677001953
C12 400.009 86.32604217529297
C12 429.983 89.0241470336914
C12 449.989 90.64332580566406
C12 469.993 92.4426498413086
C12 500.016 94.6890869140625
C12 549.99 97.67076873779297
C12 569.998 98.50670623779297
C12 599.983 99.17728424072266
C12 630.013 99.83642578125
C12 649.987 99.80282592773438
C12 670.017 100.07035827636719
C12 699.987 99.37553405761719
C12 720.012 99.0727310180664
C12 749.995 98.17210388183594
C12 770.007 97.72785949707031
C12 800.008 96.50789642333984
C12 830.013 95.30020904541016
C12 869.994 90.42420196533203
C12 900.005 83.70722961425781
C12 919.989 77.12422943115234
C12 959.989 56.34061813354492
C12 1000.013 29.425020217895508
C12 1030.002 12.795426368713379
C12 1049.996 6.301472187042236
C12 1080.005 0.6805783051865186
C12 1100.007 0.09257985736496135
C13 319.992 44.874881744384766
C13 330.006 57.43486404418945
C13 349.994 76.03736114501953
C13 370.001 79.96591186523438
C13 400.009 86.44062042236328
C13 429.983 89.08935546875
C13 449.989 90.69430541992188
C13 469.993 92.48152160644531
C13 500.016 94.7116928100586
C13 549.99 97.6795654296875
C13 569.998 98.50801086425781
C13 599.983 99.16909790039062
C13 630.013 99.821044921875
C13 649.987 99.78196716308594
C13 670.017 100.04529571533203
C13 699.987 99.34765625
C13 720.012 99.04122161865234
C13 749.995 98.13878631591797
C13 770.007 97.69563293457031
C13 800.008 96.4780502319336
C13 830.013 95.2738037109375
C13 869.994 90.3812255859375
C13 900.005 83.70829010009766
C13 919.989 77.10987854003906
C13 959.989 56.352882385253906
C13 1000.013 29.377653121948242
C13 1030.002 12.814212799072266
C13 1049.996 6.290847301483154
C13 1080.005 0.6803473314179248
C13 1100.007 0.09254843773493714
C14 319.992 45.49081802368164
C14 330.006 58.2292594909668
C14 349.994 77.09158325195312
C14 370.001 81.04925537109375
C14 400.009 87.41874694824219
C14 429.983 90.0157699584961
C14 449.989 91.60602569580078
C14 469.993 93.3907699584961
C14 500.016 95.6252670288086
C14 549.99 98.60444641113281
C14 569.998 99.43663024902344
C14 599.983 100.09803009033203
C14 630.013 100.7553482055664
C14 649.987 100.71399688720703
C14 670.017 100.9784927368164
C14 699.987 100.2758560180664
C14 720.012 99.96947479248047
C14 749.995 99.06108856201172
C14 770.007 98.61185455322266
C14 800.008 97.38939666748047
C14 830.013 96.18740844726562
C14 869.994 91.2573471069336
C14 900.005 84.61015319824219
C14 919.989 77.8397445678711
C14 959.989 56.96135330200195
C14 1000.013 29.704681396484375
C14 1030.002 12.972187042236328
C14 1049.996 6.3461527824401855
C14 1080.005 0.6867411922409524
C14 1100.007 0.09341820204933898
C15 319.992 45.62079620361328
C15 330.006 58.38240432739258
C15 349.994 77.22626495361328
C15 370.001 81.11859130859375
C15 400.009 87.28385925292969
C15 429.983 89.8006362915039
C15 449.989 91.36515808105469
C15 469.993 93.1288833618164
C15 500.016 95.33702850341797
C15 549.99 98.2884292602539
C15 569.998 99.11223602294922
C15 599.983 99.76358795166016
C15 630.013 100.40827941894531
C15 649.987 100.35972595214844
C15 670.017 100.62117767333984
C15 699.987 99.91643524169922
C15 720.012 99.60418701171875
C15 749.995 98.69835662841797
C15 770.007 98.2505111694336
C15 800.008 97.03694152832031
C15 830.013 95.84725952148438
C15 869.994 90.93525695800781
C15 900.005 84.33375549316406
C15 919.989 77.59391021728516
C15 959.989 56.65388488769531
C15 1000.013 29.521718978881836
C15 1030.002 12.916261672973633
C15 1049.996 6.343015193939209
C15 1080.005 0.6842265517918281
C15 1100.007 0.09307613258822048
C16 319.992 45.91017532348633
C16 330.006 58.73500061035156
C16 349.994 77.62409973144531
C16 370.001 81.47200775146484
C16 400.009 87.49942016601562
C16 429.983 89.97550201416016
C16 449.989 91.52271270751953
C16 469.993 93.28521728515625
C16 500.016 95.48804473876953
C16 549.99 98.42852020263672
C16 569.998 99.24568176269531
C16 599.983 99.88565063476562
C16 630.013 100.52471160888672
C16 649.987 100.47571563720703
C16 670.017 100.73023986816406
C16 699.987 100.01808166503906
C16 720.012 99.70492553710938
C16 749.995 98.79627990722656
C16 770.007 98.34711456298828
C16 800.008 97.13064575195312
C16 830.013 95.95502471923828
C16 869.994 91.06684875488281
C16 900.005 84.48212432861328
C16 919.989 77.55062866210938
C16 959.989 56.85154342651367
C16 1000.013 29.80636215209961
C16 1030.002 12.984896659851074
C16 1049.996 6.3588104248046875
C16 1080.005 0.6849054033324403
C16 1100.007 0.09316847755179472
C17 319.992 45.910701751708984
C17 330.006 58.738285064697266
C17 349.994 77.56597137451172
C17 370.001 81.34479522705078
C17 400.009 87.19293975830078
C17 429.983 89.60105895996094
C17 449.989 91.13037109375
C17 469.993 92.87187194824219
C17 500.016 95.0558090209961
C17 549.99 97.96785736083984
C17 569.998 98.78021240234375
C17 599.983 99.41009521484375
C17 630.013 100.04148864746094
C17 649.987 99.98344421386719
C17 670.017 100.23316192626953
C17 699.987 99.51622772216797
C17 720.012 99.1999282836914
C17 749.995 98.29134368896484
C17 770.007 97.84626007080078
C17 800.008 96.63811492919922
C17 830.013 95.47537231445312
C17 869.994 90.6633071899414
C17 900.005 84.07492065429688
C17 919.989 77.18196868896484
C17 959.989 56.65985107421875
C17 1000.013 29.683347702026367
C17 1030.002 12.958890914916992
C17 1049.996 6.352307319641113
C17 1080.005 0.6814049324120517
C17 1100.007 0.0926923044266009
