lsstCam/transmission_sensor/r11_s10/19700101T000000.ecsv
# %ECSV 1.0
# ---
# datatype:
# - {name: amp_name, datatype: string}
# - {name: wavelength, unit: nm, datatype: float32}
# - {name: efficiency, unit: '%', datatype: float64}
# meta: !!omap
# - {MODE: AMP}
# - {TYPE: transmission_sensor}
# - {CALIBDATE: '1970-01-01T00:00:00'}
# - {INSTRUME: LSSTCAM}
# - {OBSTYPE: transmission_sensor}
# - {DETECTOR: 39}
# - {PARQUETFILE: qe_raft_allvalues_nircorrected_20230725.parquet}
# - {CALIBCLS: lsst.ip.isr.IntermediateSensorTransmissionCurve}
# - {CALIB_ID: 'raftName=R11 detectorName=S10 detector=39 calibDate=1970-01-01T00:00:00 ccd=39 ccdnum=39 filter=None'}
# - {DATE: '2024-01-18T22:42:25.109841'}
# - {CALIB_CREATION_DATE: '2024-01-18'}
# - {CALIB_CREATION_TIME: '22:42:25'}
# - __serialized_columns__:
#     efficiency:
#       __class__: astropy.units.quantity.Quantity
#       unit: !astropy.units.Unit {unit: '%'}
#       value: !astropy.table.SerializedColumn {name: efficiency}
#     wavelength:
#       __class__: astropy.units.quantity.Quantity
#       unit: !astropy.units.Unit {unit: nm}
#       value: !astropy.table.SerializedColumn {name: wavelength}
# schema: astropy-2.0
amp_name wavelength efficiency
C00 319.992 45.144395100747005
C00 330.006 55.90077336446911
C00 349.994 71.92979951332867
C00 370.001 75.30034189612897
C00 400.009 83.95164333320886
C00 429.983 86.84395682402379
C00 449.989 88.7820166030664
C00 469.993 90.83521264256619
C00 500.016 93.60987066126003
C00 549.99 97.1067556663191
C00 569.998 98.08671704525263
C00 599.983 99.01543240531852
C00 630.013 99.45855968322667
C00 649.987 99.38035339666983
C00 670.017 99.41189250680591
C00 699.987 98.64533039746638
C00 720.012 98.34791284185829
C00 749.995 98.26618708305799
C00 770.007 98.20981768248417
C00 800.008 97.25511253917652
C00 830.013 95.38486640260477
C00 869.994 90.43311454217749
C00 900.005 82.32387575891013
C00 919.989 73.79655504519044
C00 959.989 52.312074816294015
C00 1000.013 26.12201851106872
C00 1030.002 9.636155750923427
C00 1049.996 4.068378055685746
C00 1080.005 0.5587763759909288
C00 1100.007 0.11751301060073996
C01 319.992 45.14545746022405
C01 330.006 55.898177585430254
C01 349.994 71.90202134788854
C01 370.001 75.23473680957224
C01 400.009 83.74475523207403
C01 429.983 86.57400616829756
C01 449.989 88.48554393868338
C01 469.993 90.52384648310536
C01 500.016 93.2697998385477
C01 549.99 96.73958459128144
C01 569.998 97.71146836156595
C01 599.983 98.63154631830947
C01 630.013 99.06705165333676
C01 649.987 98.98748005820481
C01 670.017 99.01703766032894
C01 699.987 98.25395298485596
C01 720.012 97.95948470939827
C01 749.995 97.87880587958655
C01 770.007 97.82624948072977
C01 800.008 96.87477485258779
C01 830.013 95.01544872101317
C01 869.994 90.10818181137377
C01 900.005 81.98759129836778
C01 919.989 73.46557413663862
C01 959.989 52.13890246383542
C01 1000.013 25.930569455727202
C01 1030.002 9.509762515944038
C01 1049.996 4.0111119207495145
C01 1080.005 0.5565735928561631
C01 1100.007 0.11704975608786297
C02 319.992 45.655976008207304
C02 330.006 56.5112122429968
C02 349.994 72.58278350928958
C02 370.001 75.85082592969069
C02 400.009 84.28088297066057
C02 429.983 87.07830370822656
C02 449.989 88.9839122446362
C02 469.993 91.01938938348171
C02 500.016 93.76725652791009
C02 549.99 97.23688759101742
C02 569.998 98.20968108076659
C02 599.983 99.12115076963273
C02 630.013 99.5505216777574
C02 649.987 99.46444977947525
C02 670.017 99.49124147116784
C02 699.987 98.71961373147526
C02 720.012 98.4187731615961
C02 749.995 98.3359223468917
C02 770.007 98.28359188207028
C02 800.008 97.33429219993909
C02 830.013 95.46013718195549
C02 869.994 90.55147728117944
C02 900.005 82.36226348000464
C02 919.989 73.83758770896262
C02 959.989 52.446886381593124
C02 1000.013 26.037384428255354
C02 1030.002 9.541707780720559
C02 1049.996 4.0153125933956035
C02 1080.005 0.5591729190455995
C02 1100.007 0.11759640526484783
C03 319.992 45.80516757291657
C03 330.006 56.6707997160577
C03 349.994 72.64556948434296
C03 370.001 75.80549827150386
C03 400.009 84.08697308989214
C03 429.983 86.83970343834231
C03 449.989 88.73156667077863
C03 469.993 90.7554200150935
C03 500.016 93.48813045762063
C03 549.99 96.92279081207893
C03 569.998 97.88436725990516
C03 599.983 98.77525663065245
C03 630.013 99.19143807493127
C03 649.987 99.09612491574065
C03 670.017 99.11575887185029
C03 699.987 98.33513716117089
C03 720.012 98.02973067660717
C03 749.995 97.94565565048434
C03 770.007 97.89611807661659
C03 800.008 96.94888932709853
C03 830.013 95.07204158764004
C03 869.994 90.19202932587774
C03 900.005 81.9988542720816
C03 919.989 73.54716208787255
C03 959.989 52.21190121709325
C03 1000.013 25.95212956163962
C03 1030.002 9.474034832828291
C03 1049.996 3.9947423108894213
C03 1080.005 0.5569537262814725
C03 1100.007 0.11712969973823446
C04 319.992 46.049755994153855
C04 330.006 56.98110301229989
C04 349.994 73.05492784686435
C04 370.001 76.21525444017767
C04 400.009 84.3844978829527
C04 429.983 87.08096574098927
C04 449.989 88.9527775979187
C04 469.993 90.96905021147776
C04 500.016 93.69610703803475
C04 549.99 97.12897386160093
C04 569.998 98.09098234612969
C04 599.983 98.981708707108
C04 630.013 99.40133922098838
C04 649.987 99.3081515581289
C04 670.017 99.32886859040833
C04 699.987 98.5465981509226
C04 720.012 98.2453908905692
C04 749.995 98.15738435989282
C04 770.007 98.10878009396794
C04 800.008 97.16286682739195
C04 830.013 95.28985989993903
C04 869.994 90.38589034053291
C04 900.005 82.20592656980686
C04 919.989 73.69883756104413
C04 959.989 52.318845806336654
C04 1000.013 25.99197016092365
C04 1030.002 9.490917917214563
C04 1049.996 3.9937129552470907
C04 1080.005 0.5581576906421805
C04 1100.007 0.1173828984824224
C05 319.992 45.88056107003867
C05 330.006 56.75669043007744
C05 349.994 72.68556131350297
C05 370.001 75.75714923462324
C05 400.009 83.78566752675285
C05 429.983 86.43270576258912
C05 449.989 88.28412785920756
C05 469.993 90.28035519661452
C05 500.016 92.98031972959943
C05 549.99 96.37381811479608
C05 569.998 97.31848896506227
C05 599.983 98.20117703009973
C05 630.013 98.60419483776872
C05 649.987 98.5063149161382
C05 670.017 98.52321410556084
C05 699.987 97.74742666392918
C05 720.012 97.44342858510767
C05 749.995 97.35505869713005
C05 770.007 97.30381621229965
C05 800.008 96.36553349965915
C05 830.013 94.51959245061862
C05 869.994 89.59559899291519
C05 900.005 81.58242885016
C05 919.989 73.17810680207823
C05 959.989 51.73351346732806
C05 1000.013 25.72857042228884
C05 1030.002 9.422243120598615
C05 1049.996 3.9728295081922056
C05 1080.005 0.5535953791184828
C05 1100.007 0.11642342527366802
C06 319.992 46.64619333742328
C06 330.006 57.68709649671207
C06 349.994 73.76326402601222
C06 370.001 76.79323092651896
C06 400.009 84.75590764820556
C06 429.983 87.38758351465937
C06 449.989 89.24172482636526
C06 469.993 91.2504070500546
C06 500.016 93.97045546972174
C06 549.99 97.37934543135383
C06 569.998 98.32764260290621
C06 599.983 99.20567870640411
C06 630.013 99.60635789531362
C06 649.987 99.50049430868124
C06 670.017 99.50761375748183
C06 699.987 98.71780048083676
C06 720.012 98.40586426638482
C06 749.995 98.31438690092226
C06 770.007 98.2632903265304
C06 800.008 97.31426722185938
C06 830.013 95.47747771986052
C06 869.994 90.46009656202914
C06 900.005 82.62019003569236
C06 919.989 73.80878600490114
C06 959.989 52.24157192617013
C06 1000.013 26.19283304287466
C06 1030.002 9.62469530457627
C06 1049.996 4.023108647515911
C06 1080.005 0.5590504593348283
C06 1100.007 0.1175706514751238
C07 319.992 46.91478881445864
C07 330.006 58.010338528416554
C07 349.994 74.07555368015703
C07 370.001 77.02062979546146
C07 400.009 84.89187722751755
C07 429.983 87.49658018945927
C07 449.989 89.35034195171481
C07 469.993 91.35682933668663
C07 500.016 94.0728462370211
C07 549.99 97.47558672146404
C07 569.998 98.41829717234086
C07 599.983 99.28741644453108
C07 630.013 99.67681895885869
C07 649.987 99.56693684197148
C07 670.017 99.56993044414376
C07 699.987 98.76711040832438
C07 720.012 98.45137130614879
C07 749.995 98.35613590473605
C07 770.007 98.2987516913808
C07 800.008 97.35044603717468
C07 830.013 95.52524542384117
C07 869.994 90.53316184681361
C07 900.005 82.70653454789684
C07 919.989 73.6464201955661
C07 959.989 52.32674587732083
C07 1000.013 26.413500768720073
C07 1030.002 9.68268301175457
C07 1049.996 4.030278673080606
C07 1080.005 0.5592878516481667
C07 1100.007 0.11762057607221221
C10 319.992 44.256137816856764
C10 330.006 54.74670314698047
C10 349.994 70.15289095126501
C10 370.001 73.37560504592302
C10 400.009 83.14314019329696
C10 429.983 86.60554722315285
C10 449.989 88.75714577508423
C10 469.993 90.96101610334286
C10 500.016 93.87023703497445
C10 549.99 97.47089971880824
C10 569.998 98.47288098744481
C10 599.983 99.41150487343403
C10 630.013 99.85950916461657
C10 649.987 99.77751238003418
C10 670.017 99.80323739909373
C10 699.987 99.02671245325132
C10 720.012 98.71958113764529
C10 749.995 98.63346803338152
C10 770.007 98.57372135920497
C10 800.008 97.62210277550703
C10 830.013 95.76259545312688
C10 869.994 90.89359206550952
C10 900.005 82.71275295752642
C10 919.989 74.22846487852225
C10 959.989 52.47986393454214
C10 1000.013 26.20853000473453
C10 1030.002 9.664783314558164
C10 1049.996 4.095095319491953
C10 1080.005 0.5608648612996933
C10 1100.007 0.1179522278024212
C11 319.992 44.4206485296123
C11 330.006 54.94196706556552
C11 349.994 70.34167125096297
C11 370.001 73.50818984167547
C11 400.009 83.13364464383001
C11 429.983 86.54005241708154
C11 449.989 88.66996138639684
C11 469.993 90.85489027826561
C11 500.016 93.74660070601469
C11 549.99 97.32488155914676
C11 569.998 98.31933015587067
C11 599.983 99.24781824701243
C11 630.013 99.68111463121447
C11 649.987 99.60183853253767
C11 670.017 99.62467972957307
C11 699.987 98.84866173042975
C11 720.012 98.53799501272613
C11 749.995 98.45104747211805
C11 770.007 98.39341139113758
C11 800.008 97.44078279738386
C11 830.013 95.59561249552289
C11 869.994 90.72855670353819
C11 900.005 82.58536099824488
C11 919.989 74.03805682743774
C11 959.989 52.420658845046965
C11 1000.013 26.124802835185
C11 1030.002 9.568800582415793
C11 1049.996 4.043678028396712
C11 1080.005 0.5598275549436064
C11 1100.007 0.1177340779341436
C12 319.992 44.250731503503815
C12 330.006 54.70448431603071
C12 349.994 69.89637585484505
C12 370.001 72.92461717585977
C12 400.009 82.26757200875785
C12 429.983 85.57058848549323
C12 449.989 87.65511208309509
C12 469.993 89.8029705664693
C12 500.016 92.64952051180005
C12 549.99 96.15793807740766
C12 569.998 97.12752836053997
C12 599.983 98.02921784175126
C12 630.013 98.44507440695068
C12 649.987 98.35446775054695
C12 670.017 98.37188108071255
C12 699.987 97.59596778621528
C12 720.012 97.28992286602245
C12 749.995 97.1974065425077
C12 770.007 97.14249582027703
C12 800.008 96.20418526192235
C12 830.013 94.38080014526895
C12 869.994 89.55281008828908
C12 900.005 81.51297879852626
C12 919.989 73.1168869067552
C12 959.989 51.62785526132456
C12 1000.013 25.8138721405123
C12 1030.002 9.432828970586293
C12 1049.996 3.9717033780924065
C12 1080.005 0.5526989080413696
C12 1100.007 0.11623489365401742
C13 319.992 44.47422774138716
C13 330.006 54.968468837777934
C13 349.994 70.1590083424884
C13 370.001 73.13614857332492
C13 400.009 82.37676355691609
C13 429.983 85.63326725690646
C13 449.989 87.70441106635727
C13 469.993 89.84073235701112
C13 500.016 92.67163948551745
C13 549.99 96.16659851660981
C13 569.998 97.12881472112194
C13 599.983 98.02112626568241
C13 630.013 98.42990789999928
C13 649.987 98.33391169238065
C13 670.017 98.34724390226937
C13 699.987 97.56858920012809
C13 720.012 97.25898047645624
C13 749.995 97.1644197685517
C13 770.007 97.11046228624622
C13 800.008 96.17443299673138
C13 830.013 94.35464955629757
C13 869.994 89.51024785983086
C13 900.005 81.5140114854301
C13 919.989 73.10328168190847
C13 959.989 51.63909363664055
C13 1000.013 25.772318111002864
C13 1030.002 9.44667838673209
C13 1049.996 3.9650067058522867
C13 1080.005 0.5525113338141056
C13 1100.007 0.11619544600894148
C14 319.992 45.084664789793635
C14 330.006 55.72875097803784
C14 349.994 71.13172986361175
C14 370.001 74.12696540705284
C14 400.009 83.30890514911397
C14 429.983 86.52374288302012
C14 449.989 88.58607490934043
C14 469.993 90.724017324902
C14 500.016 93.5655356680411
C14 549.99 97.07715393960996
C14 569.998 98.04443264273067
C14 599.983 98.93930522879009
C14 630.013 99.35119044353894
C14 649.987 99.25241561841172
C14 670.017 99.26460192919686
C14 699.987 98.48016724116643
C14 720.012 98.17052978728941
C14 749.995 98.07756497807621
C14 770.007 98.02119598304893
C14 800.008 97.0829114173836
C14 830.013 95.25944028965336
C14 869.994 90.37792645116757
C14 900.005 82.39223368842255
C14 919.989 73.7952241779008
C14 959.989 52.19666736339897
C14 1000.013 26.059212257640493
C14 1030.002 9.563137500682995
C14 1049.996 3.99986474521581
C14 1080.005 0.557703800085988
C14 1100.007 0.1172874433987195
C15 319.992 45.21348249250355
C15 330.006 55.875319396172515
C15 349.994 71.25599949222675
C15 370.001 74.19037947072309
C15 400.009 83.18035896643734
C15 429.983 86.31695500466397
C15 449.989 88.35314791135028
C15 469.993 90.46960884165588
C15 500.016 93.28350568928856
C15 549.99 96.76603160466458
C15 569.998 97.72458021241025
C15 599.983 98.60873455912191
C15 630.013 99.00895851510326
C15 649.987 98.903285932621
C15 670.017 98.91335151360836
C15 699.987 98.12718278835644
C15 720.012 97.81181533933777
C15 749.995 97.7184344122497
C15 770.007 97.66201694924982
C15 800.008 96.73156545750959
C15 830.013 94.92257295110963
C15 869.994 90.05894019183495
C15 900.005 82.12308130603195
C15 919.989 73.5621632767785
C15 959.989 51.9149179734007
C15 1000.013 25.898703669386794
C15 1030.002 9.521909140785448
C15 1049.996 3.997887180215362
C15 1080.005 0.5556616558980877
C15 1100.007 0.11685797192871435
C16 319.992 45.500277964280954
C16 330.006 56.21277432210801
C16 349.994 71.62307816350804
C16 370.001 74.51361116872006
C16 400.009 83.38578565452251
C16 429.983 86.4850370733186
C16 449.989 88.5055084775501
C16 469.993 90.62147868463776
C16 500.016 93.43126909319083
C16 549.99 96.90395266678927
C16 569.998 97.85615759801985
C16 599.983 98.72938425672254
C16 630.013 99.12376806995712
C16 649.987 99.01759235262911
C16 670.017 99.02056261432233
C16 699.987 98.22700897950031
C16 720.012 97.91074108070148
C16 749.995 97.81538546416758
C16 770.007 97.75804171437723
C16 800.008 96.82497479316282
C16 830.013 95.02929848396738
C16 869.994 90.18926387662944
C16 900.005 82.26756089034104
C16 919.989 73.52113061300633
C16 959.989 52.09604283094292
C16 1000.013 26.14841437220713
C16 1030.002 9.57250707116754
C16 1049.996 4.007842627121113
C16 1080.005 0.5562129524974051
C16 1100.007 0.11697391191097445
C17 319.992 45.50079969242271
C17 330.006 56.215917733855484
C17 349.994 71.56944363677505
C17 370.001 74.39726366677931
C17 400.009 83.09371389522933
C17 429.983 86.12511997700531
C17 449.989 88.12610108242028
C17 469.993 90.21993633174759
C17 500.016 93.0083435660271
C17 549.99 96.45042507006292
C17 569.998 97.39720520558706
C17 599.983 98.25933381914254
C17 630.013 98.64727945349823
C17 649.987 98.53246486869942
C17 670.017 98.53192149191473
C17 699.987 97.73414198053219
C17 720.012 97.41483122409697
C17 749.995 97.31546248254855
C17 770.007 97.26018720631497
C17 800.008 96.33399396904899
C17 830.013 94.55427352642867
C17 869.994 89.78961112501563
C17 900.005 81.87103140747328
C17 919.989 73.17162605701569
C17 959.989 51.92038510217028
C17 1000.013 26.040496713625714
C17 1030.002 9.553335553380863
C17 1049.996 4.003743838142981
C17 1080.005 0.5533702135493878
C17 1100.007 0.1163760720120684
