lsstCam/transmission_filter_detector/r32_s01/y_10/19700101T000000.ecsv
# %ECSV 1.0
# ---
# datatype:
# - {name: wavelength, unit: nm, datatype: float32}
# - {name: efficiency, unit: '%', datatype: float64}
# meta: !!omap
# - {MODE: DETECTOR}
# - {TYPE: transmission_filter_detector}
# - {CALIBDATE: '1970-01-01T00:00:00'}
# - {INSTRUME: LSSTCam}
# - {OBSTYPE: transmission_filter_detector}
# - {CALIBCLS: lsst.ip.isr.IntermediateFilterDetectorTransmissionCurve}
# - {SOURCE: Materion (DM-46256)}
# - {DETECTOR: 136}
# - {FILTER: y_10}
# - {CALIB_ID: 'calibDate=1970-01-01T00:00:00 filter=y_10 detector=136'}
# - {DATE: '2025-04-02T15:59:51.374968'}
# - {CALIB_CREATION_DATE: '2025-04-02'}
# - {CALIB_CREATION_TIME: '15:59:51'}
# - __serialized_columns__:
#     efficiency:
#       __class__: astropy.units.quantity.Quantity
#       unit: !astropy.units.Unit {unit: '%'}
#       value: !astropy.table.SerializedColumn {name: efficiency}
#     wavelength:
#       __class__: astropy.units.quantity.Quantity
#       unit: !astropy.units.Unit {unit: nm}
#       value: !astropy.table.SerializedColumn {name: wavelength}
# schema: astropy-2.0
wavelength efficiency
300.0 0.01482465595472604
301.0 0.018717213242780417
302.0 0.02260976907564327
303.0 0.018126486975234002
304.0 0.013643207785207778
305.0 0.011964124132646248
306.0 0.010285037569701672
307.0 0.00984404978225939
308.0 0.009403061267221346
309.0 0.010085585381602868
310.0 0.010768111678771675
311.0 0.007551227463409305
312.0 0.004334342520451173
313.0 0.0035427055991021916
314.0 0.0027510684958542697
315.0 0.002379451507295016
316.0 0.002007834154937882
317.0 0.002752136788330972
318.0 0.00349643814843148
319.0 0.0018730823285295628
320.0 0.0002497261675671325
321.0 0.0013370357919484377
322.0 0.002424345802864991
323.0 0.003948270023101941
324.0 0.00547219387954101
325.0 0.0026531852199696004
326.0 1.5806028361153857e-10
327.0 0.001423362482455559
328.0 0.003012547858816106
329.0 0.0028628195650526322
330.0 0.002713090907491278
331.0 0.00273739242402371
332.0 0.002761694122455083
333.0 0.003089522579102777
334.0 0.0034173513995483518
335.0 0.0031748222681926563
336.0 0.002932292227342259
337.0 0.0024731914891162887
338.0 0.0020140909327892587
339.0 0.0015525858543696813
340.0 0.001091080775950104
341.0 0.0011749016266549006
342.0 0.0012587222954607569
343.0 0.0013818001207255293
344.0 0.0015048779459903017
345.0 0.001340580729447538
346.0 0.0011762836038542446
347.0 0.0012464965038816445
348.0 0.0013167094948585145
349.0 0.001075202726497082
350.0 0.0008336959581356496
351.0 0.001164140849141404
352.0 0.0014945857401471585
353.0 0.001512240032752743
354.0 0.0015298945072572678
355.0 0.0016970423530437984
356.0 0.0018641898350324482
357.0 0.0019145265468978323
358.0 0.0019648632587632164
359.0 0.0015884223103057593
360.0 0.0012119814527977724
361.0 0.0009789374416868668
362.0 0.0007458934305759612
363.0 0.000867419112182688
364.0 0.0009889448847388849
365.0 0.0013686533748114016
366.0 0.0017483620467828587
367.0 0.001764750231814105
368.0 0.0017811384168453515
369.0 0.0014297887901193462
370.0 0.001078439163393341
371.0 0.0011390049621695653
372.0 0.0011995705790468492
373.0 0.00164157354447525
374.0 0.002083576691802591
375.0 0.00294808251055656
376.0 0.0038125886931084096
377.0 0.003979573011747561
378.0 0.004146557694184594
379.0 0.003592225766624324
380.0 0.003037894202861935
381.0 0.0022514401280204765
382.0 0.0014649860531790182
383.0 0.0011381468539184425
384.0 0.0008113073818094563
385.0 0.0007366778845607769
386.0 0.0006620482054131571
387.0 0.0005872479050594848
388.0 0.0005124476047058124
389.0 0.0004950889888277743
390.0 0.0004777303729497362
391.0 0.0004920707397104707
392.0 0.0005064109245722648
393.0 0.0006653508080489701
394.0 0.0008242906005762052
395.0 0.0007746259143459611
396.0 0.0007249611826409819
397.0 0.0007413716502924217
398.0 0.0007577819815196563
399.0 0.0009972499356081244
400.0 0.0012367178896965925
401.0 0.0014109725270827767
402.0 0.001585227255418431
403.0 0.001741666164889466
404.0 0.0018981048924615607
405.0 0.0018825980077963322
406.0 0.0018670911231311038
407.0 0.0016366500858566724
408.0 0.0014062089576327708
409.0 0.0011897796866833232
410.0 0.000973350051935995
411.0 0.0011380782780179288
412.0 0.0013028064131503925
413.0 0.0004827486009162385
414.0 1.5806028361153857e-10
415.0 0.00018733475144472322
416.0 0.0007119787369447295
417.0 0.00037850281842111144
418.0 4.502683168539079e-05
419.0 0.00012226556691530277
420.0 0.0001995043248825823
421.0 0.0002578437715783366
422.0 0.0003161835365972365
423.0 0.00045945621423015837
424.0 0.0006027289146004478
425.0 1.5806028361153857e-10
426.0 1.5806028361153857e-10
427.0 1.5806028361153857e-10
428.0 0.00026579518817015924
429.0 1.5806028361153857e-10
430.0 1.5806028361153857e-10
431.0 1.5806028361153857e-10
432.0 0.0005677257377101341
433.0 3.2625715107315045e-05
434.0 1.5806028361153857e-10
435.0 1.5806028361153857e-10
436.0 0.0004918834747513756
437.0 0.00026180937311437447
438.0 3.173527147737332e-05
439.0 9.554449889037642e-05
440.0 0.00015935363535390934
441.0 1.5806028361153857e-10
442.0 1.5806028361153857e-10
443.0 9.184399374362329e-06
444.0 0.0002158858933398733
445.0 0.0003764662778849015
446.0 0.0005370463895815192
447.0 0.0005767789843957871
448.0 0.0006165116246847901
449.0 0.00014135539458948188
450.0 1.5806028361153857e-10
451.0 1.5806028361153857e-10
452.0 0.00027570022211875767
453.0 2.824938150070011e-06
454.0 1.5806028361153857e-10
455.0 0.00018923033167084213
456.0 0.000648510831524618
457.0 0.0002511811544536613
458.0 1.5806028361153857e-10
459.0 1.5806028361153857e-10
460.0 1.5806028361153857e-10
461.0 1.5806028361153857e-10
462.0 0.0004556318799586734
463.0 0.000517798389410018
464.0 0.0005799648533866275
465.0 0.0006015046437823912
466.0 0.0006230443887034198
467.0 0.0009334268725069705
468.0 0.001243809219886316
469.0 0.001554028676764574
470.0 0.0018642480426933616
471.0 0.0020868657884420827
472.0 0.002309483170392923
473.0 0.0023006952687865123
474.0 0.002291907003382221
475.0 0.0026259187507093884
476.0 0.0029599306799354963
477.0 0.003109694443992339
478.0 0.003259458389948122
479.0 0.0035086999560007825
480.0 0.0037579418858513236
481.0 0.004167221413808875
482.0 0.004576500577968545
483.0 0.004304042158764787
484.0 0.004031583375763148
485.0 0.0036926863685948774
486.0 0.0033537893614266068
487.0 0.0030480456189252436
488.0 0.0027423018764238805
489.0 0.0025721235942910425
490.0 0.0024019451302592643
491.0 0.0020215395124978386
492.0 0.001641134440433234
493.0 0.0016456740922876634
494.0 0.0016502135622431524
495.0 0.00173002335941419
496.0 0.0018098329746862873
497.0 0.0019270712073193863
498.0 0.0020443096218514256
499.0 0.002286380549776368
500.0 0.0025284516596002504
501.0 0.0027026475436287
502.0 0.00287684360955609
503.0 0.002751351712504402
504.0 0.0026258598154527135
505.0 0.0024343056793441065
506.0 0.0022427515432354994
507.0 0.0022268632164923474
508.0 0.0022109750716481358
509.0 0.0020252171452739276
510.0 0.001839459037000779
511.0 0.0017931955881067552
512.0 0.0017469315935159102
513.0 0.0018555696442490444
514.0 0.001964207513083238
515.0 0.001831068584579043
516.0 0.0016979294741759077
517.0 0.0015698278730269521
518.0 0.001441726453776937
519.0 0.0013569147085945588
520.0 0.0012721030543616507
521.0 0.0014838184142718092
522.0 0.001695533501333557
523.0 0.001823425009206403
524.0 0.0019513161532813683
525.0 0.001972276731976308
526.0 0.0019932373106712475
527.0 0.0022317140974337235
528.0 0.002470190702297259
529.0 0.0025022169211297296
530.0 0.0025342431399622
531.0 0.002190851591876708
532.0 0.0018474602256901562
533.0 0.0018480537619325332
534.0 0.0018486472981749102
535.0 0.0016963796952040866
536.0 0.001544112092233263
537.0 0.0019775992768700235
538.0 0.0024110866434057243
539.0 0.0029488937798305415
540.0 0.003486701098154299
541.0 0.0038572139601456
542.0 0.004227726822136901
543.0 0.004613123019225895
544.0 0.004998518852517009
545.0 0.004749513755086809
546.0 0.00450050865765661
547.0 0.003973747152485885
548.0 0.00344698601111304
549.0 0.0028506947273854166
550.0 0.0022544032617588528
551.0 0.0024853698050719686
552.0 0.0027163365302840248
553.0 0.003024717625521589
554.0 0.0033330987207591534
555.0 0.003795083102886565
556.0 0.004257067121216096
557.0 0.004426243685884401
558.0 0.004595419886754826
559.0 0.004161795732215978
560.0 0.00372817121387925
561.0 0.0037839330616407096
562.0 0.0038396945456042886
563.0 0.0033984728361247107
564.0 0.002957251126645133
565.0 0.0032493306207470596
566.0 0.0035414097510511056
567.0 0.003972878766944632
568.0 0.004404348146636039
569.0 0.005246118234936148
570.0 0.0060878886870341375
571.0 0.0061995291616767645
572.0 0.006311169272521511
573.0 0.006388968176906928
574.0 0.0064667678088881075
575.0 0.006199192284839228
576.0 0.005931616033194587
577.0 0.005777185288025066
578.0 0.005622754542855546
579.0 0.0057735036534722894
580.0 0.005924253127886914
581.0 0.0068517438194248825
582.0 0.007779234147164971
583.0 0.008997463737614453
584.0 0.01021569551085122
585.0 0.010621588444337249
586.0 0.011027483560610563
587.0 0.010918031330220401
588.0 0.010808581282617524
589.0 0.010270127677358687
590.0 0.009731675527291372
591.0 0.009045338083524257
592.0 0.00835899991216138
593.0 0.00722242912161164
594.0 0.006085857603466138
595.0 0.005684300776920281
596.0 0.005282744677970186
597.0 0.005836598575115204
598.0 0.00639045174466446
599.0 0.007651215128134936
600.0 0.008911977056413889
601.0 0.010031844431068748
602.0 0.011151711078127846
603.0 0.010999130608979613
604.0 0.010846552322618663
605.0 0.01059939750120975
606.0 0.010352241952205077
607.0 0.008894444181350991
608.0 0.0074366464104969054
609.0 0.006062864849809557
610.0 0.004689082197728567
611.0 0.0039859100070316344
612.0 0.0032827370887389407
613.0 0.0033623218769207597
614.0 0.003441906301304698
615.0 0.00459147740912158
616.0 0.0057410477893427014
617.0 0.007438676402671263
618.0 0.009136302105616778
619.0 0.010319075954612345
620.0 0.011501849803607911
621.0 0.011390004510758445
622.0 0.011278159217908978
623.0 0.011180360161233693
624.0 0.011082561104558408
625.0 0.009891187073662877
626.0 0.008699811587575823
627.0 0.007072572770994157
628.0 0.005445335409604013
629.0 0.0044179523683851585
630.0 0.0033905696909641847
631.0 0.002836608109646477
632.0 0.0022826468921266496
633.0 0.0025345623726025224
634.0 0.0027864780349773355
635.0 0.0031182687962427735
636.0 0.0034500593756092712
637.0 0.0039225018554134294
638.0 0.004394945062813349
639.0 0.0047938156058080494
640.0 0.00519268614880275
641.0 0.005226233042776585
642.0 0.0052597799367504194
643.0 0.005332025102688931
644.0 0.005404269904829562
645.0 0.004722863013739698
646.0 0.004041456486447714
647.0 0.0034881450119428337
648.0 0.0029348337193368934
649.0 0.0023492426407756284
650.0 0.0017636515622143634
651.0 0.0017336458768113516
652.0 0.0017036400095093995
653.0 0.0016906413293327205
654.0 0.0016776428310549818
655.0 0.00151492140503251
656.0 0.0013521997971110977
657.0 0.0014424863366002683
658.0 0.0015327728760894388
659.0 0.0015792415069881827
660.0 0.0016257101378869265
661.0 0.0015243779671436641
662.0 0.001423045978299342
663.0 0.0016162186511792243
664.0 0.0018093915059580468
665.0 0.0025762294171727262
666.0 0.003343067510286346
667.0 0.004316045306040905
668.0 0.005289023101795465
669.0 0.0062537794292438775
670.0 0.007218535029096529
671.0 0.007493873999919742
672.0 0.007769212970742956
673.0 0.007580435340059921
674.0 0.007391656981781125
675.0 0.00712975743226707
676.0 0.006867857155157253
677.0 0.0055565411457791924
678.0 0.004245223317411728
679.0 0.002942003993666731
680.0 0.001638783942325972
681.0 0.001058202724379953
682.0 0.00047762159738340415
683.0 0.00036703256682812935
684.0 0.00025644358174758963
685.0 0.00030622293252235977
686.0 0.0003560022150850273
687.0 0.0003238355930079706
688.0 0.00029166892545617884
689.0 0.00029296561478986405
690.0 0.0002942622813861817
691.0 0.00021946129891148303
692.0 0.00014466025959336548
693.0 0.000263676429312909
694.0 0.0003826925876637688
695.0 0.0002642746267156326
696.0 0.00014585673397959908
697.0 0.00019305020941828843
698.0 0.0002402437530690804
699.0 0.00022459910269390093
700.0 0.00020895456600555917
701.0 0.00020838376713072648
702.0 0.00020781287730642362
703.0 0.00013753250414083595
704.0 6.725211392222263e-05
705.0 0.0002043707581833587
706.0 0.00034148940812883666
707.0 0.00036299845760368044
708.0 0.00038450757529062685
709.0 0.0005887173756491393
710.0 0.0007929274033813272
711.0 0.0006136660431366181
712.0 0.0004344047738413792
713.0 0.0002402271775281406
714.0 4.604954426667973e-05
715.0 0.00017998298744714702
716.0 0.0003139163709420245
717.0 0.00011913983826161711
718.0 1.5806028361153857e-10
719.0 0.00026047384835692355
720.0 0.0005965845048194751
721.0 0.0006191799002408516
722.0 0.0006417754320864333
723.0 0.0005558964858209947
724.0 0.00047001753955555614
725.0 0.00010261999250360532
726.0 1.5806028361153857e-10
727.0 3.2175311304172283e-06
728.0 0.00027121252514916705
729.0 0.00025677427402115427
730.0 0.00024233600015577395
731.0 0.0002538031139920349
732.0 0.00026527036425250117
733.0 0.0003635556595327216
734.0 0.00046184109123714734
735.0 0.0005226952453085687
736.0 0.0005835494448547252
737.0 0.00031118820515985135
738.0 3.882705357227678e-05
739.0 0.0001375526153424289
740.0 0.00023627819700777764
741.0 0.0003520501422826783
742.0 0.00046782211029494647
743.0 0.00038716998460586183
744.0 0.000306517767967307
745.0 0.0002449064140819246
746.0 0.0001832950147218071
747.0 0.00030704729852004675
748.0 0.0004307995368435513
749.0 0.00028659580948442454
750.0 0.00014239212760003284
751.0 0.00042828096411540173
752.0 0.0007141697551560355
753.0 0.0006576470696018077
754.0 0.0006011242476233747
755.0 0.0005910303570999531
756.0 0.0005809363301523263
757.0 0.0003577494680939708
758.0 0.00013456268561640172
759.0 0.00031886697797745
760.0 0.0005031713044445496
761.0 0.000590044328419026
762.0 0.0006769174433429725
763.0 0.0006923138698766707
764.0 0.0007077101599861635
765.0 0.0005797077392344363
766.0 0.0004517053184827091
767.0 0.0004705203991761664
768.0 0.000489335661768564
769.0 0.00047330745474027935
770.0 0.0004572791112877894
771.0 0.00044313892431091517
772.0 0.000428998782808776
773.0 0.0003760311528822058
774.0 0.000323063500218268
775.0 0.00039998803913476877
776.0 0.00047691264626337215
777.0 0.0002360405687795719
778.0 1.5806028361153857e-10
779.0 0.00041067942220252007
780.0 0.0008261903531092685
781.0 0.0005773471457359847
782.0 0.0003285038019384956
783.0 0.000695307335263351
784.0 0.0010621109140629414
785.0 0.0008559786692785565
786.0 0.0006498464699689066
787.0 0.0004288167019694811
788.0 0.00020778682028321782
789.0 0.00034675765618885634
790.0 0.00048572842388239224
791.0 0.0006392951036104932
792.0 0.0007928617378638592
793.0 0.0007784694389556535
794.0 0.0007640770490979776
795.0 0.0007254463071149075
796.0 0.0006868154741823673
797.0 0.0006382286301231943
798.0 0.0005896418315387564
799.0 0.00021140922399354167
800.0 1.5806028361153857e-10
801.0 0.0003028372248081723
802.0 0.0007724976967438124
803.0 0.0008061191692831926
804.0 0.0008397406418225728
805.0 0.0007889487278589513
806.0 0.0007381566774711246
807.0 0.000615530734648928
808.0 0.0004929047463519964
809.0 0.0006434368060581619
810.0 0.0007939688657643273
811.0 0.0008922457709559239
812.0 0.0009905224942485802
813.0 0.0010611417565087322
814.0 0.0011317610187688842
815.0 0.0008829802027321421
816.0 0.0006341992047964595
817.0 0.0006811361345171463
818.0 0.0007280731097125681
819.0 0.0007607129646203248
820.0 0.0007933528650028165
821.0 0.0006797508831368759
822.0 0.0005661489467456704
823.0 0.00047707253543194383
824.0 0.000387995987694012
825.0 0.0005851780315424548
826.0 0.0007823599844414275
827.0 0.0007673181244172156
828.0 0.0007522760824940633
829.0 0.0006894922535138903
830.0 0.0006267084700084524
831.0 0.000495187350679771
832.0 0.0003636665496742353
833.0 0.0007922503755253274
834.0 0.0012208341104269493
835.0 0.0010536256922932807
836.0 0.000886417183210142
837.0 0.0005556992618949153
838.0 0.00022498145426652627
839.0 0.0003419866061449284
840.0 0.000458991780760698
841.0 0.0008364057066501118
842.0 0.0012138196325395256
843.0 0.000995881055132486
844.0 0.0007779422958265059
845.0 0.0008464192433166318
846.0 0.0009148961908067577
847.0 0.001013154451356968
848.0 0.0011114127119071782
849.0 0.0008273693310911767
850.0 0.0005433257229014998
851.0 0.0007474874564650236
852.0 0.0009516491445538122
853.0 0.000992229070106987
854.0 0.001032809177559102
855.0 0.001048212197929388
856.0 0.0010636154911480844
857.0 0.001038006848830264
858.0 0.0010123982065124437
859.0 0.0007948555321490858
860.0 0.0005773129942099331
861.0 0.0011951933629461564
862.0 0.0018130736862076446
863.0 0.0017117627066909336
864.0 0.0016104515452752821
865.0 0.0018616045053931884
866.0 0.0021127574655110948
867.0 0.002622255306050647
868.0 0.003131752964691259
869.0 0.0029524209821829572
870.0 0.002773088635876775
871.0 0.003052911051781848
872.0 0.0033327334676869214
873.0 0.002824255352606997
874.0 0.0023157772375270724
875.0 0.0020763469365192577
