lsstCam/transmission_filter_detector/r32_s01/y_10/19700101T000000.ecsv
# %ECSV 1.0
# ---
# datatype:
# - {name: wavelength, unit: nm, datatype: float32}
# - {name: efficiency, unit: '%', datatype: float64}
# meta: !!omap
# - {MODE: DETECTOR}
# - {TYPE: transmission_filter_detector}
# - {CALIBDATE: '1970-01-01T00:00:00'}
# - {INSTRUME: LSSTCam}
# - {OBSTYPE: transmission_filter_detector}
# - {CALIBCLS: lsst.ip.isr.IntermediateFilterDetectorTransmissionCurve}
# - {SOURCE: Materion (DM-46256)}
# - {DETECTOR: 136}
# - {FILTER: y_10}
# - {CALIB_ID: 'calibDate=1970-01-01T00:00:00 filter=y_10 detector=136'}
# - {DATE: '2025-04-02T15:59:51.374968'}
# - {CALIB_CREATION_DATE: '2025-04-02'}
# - {CALIB_CREATION_TIME: '15:59:51'}
# - __serialized_columns__:
#     efficiency:
#       __class__: astropy.units.quantity.Quantity
#       unit: !astropy.units.Unit {unit: '%'}
#       value: !astropy.table.SerializedColumn {name: efficiency}
#     wavelength:
#       __class__: astropy.units.quantity.Quantity
#       unit: !astropy.units.Unit {unit: nm}
#       value: !astropy.table.SerializedColumn {name: wavelength}
# schema: astropy-2.0
wavelength efficiency
[from data line 577]
877.0 0.002037346530414652
878.0 0.0022377760615199804
879.0 0.001928953679453116
880.0 0.01822625199565664
881.0 0.10346043854951859
882.0 0.017433418543078005
883.0 0.0952070695348084
884.0 0.024085360928438604
885.0 0.11023319093510509
886.0 0.020461305393837392
887.0 0.11528747854754329
888.0 0.022643209376838058
889.0 0.1038738526403904
890.0 0.022745733440387994
891.0 0.09329134481959045
892.0 0.025904702488332987
893.0 0.0915825308766216
894.0 0.0318472069920972
895.0 0.1065503223799169
896.0 0.03670612059067935
897.0 0.13641294790431857
898.0 0.04549231089185923
899.0 0.1399500877596438
900.0 0.06948543014004827
901.0 0.15119585441425443
902.0 0.17953129718080163
903.0 0.19770252984017134
904.0 0.24474821984767914
905.0 0.29074219055473804
906.0 0.3737477585673332
907.0 0.47790762037038803
908.0 0.6576179061084986
909.0 0.8849732577800751
910.0 1.3034996576607227
911.0 1.8499786034226418
912.0 2.715553343296051
913.0 3.963754326105118
914.0 5.405417829751968
915.0 7.4818819761276245
916.0 9.905515611171722
917.0 12.50411570072174
918.0 15.366239845752716
919.0 18.062666058540344
920.0 21.746890246868134
921.0 25.64976215362549
922.0 29.596975445747375
923.0 34.274908900260925
924.0 39.353060722351074
925.0 44.896724820137024
926.0 51.47095322608948
927.0 58.387291431427
928.0 64.3893837928772
929.0 70.71453332901001
930.0 76.14079117774963
931.0 81.36827349662781
932.0 86.07497215270996
933.0 89.88776803016663
934.0 92.5466775894165
935.0 94.3556010723114
936.0 95.71868777275085
937.0 96.60608172416687
938.0 97.18624949455261
939.0 97.38764762878418
940.0 97.5857675075531
941.0 97.70682454109192
942.0 97.90703654289246
943.0 97.90582656860352
944.0 98.12222719192505
945.0 98.03102016448975
946.0 98.12027215957642
947.0 98.07230234146118
948.0 98.23418855667114
949.0 98.1144905090332
950.0 98.309326171875
951.0 98.36086630821228
952.0 98.38609099388123
953.0 98.61921072006226
954.0 98.7004280090332
955.0 98.71750473976135
956.0 98.8763689994812
957.0 99.0170419216156
958.0 99.1332471370697
959.0 99.11972880363464
960.0 99.19221997261047
961.0 99.25768375396729
962.0 99.28808808326721
963.0 99.31760430335999
964.0 99.36178922653198
965.0 99.33923482894897
966.0 99.45947527885437
967.0 99.50913190841675
968.0 99.47128891944885
969.0 99.48336482048035
970.0 99.53131079673767
971.0 99.5714783668518
972.0 99.61947202682495
973.0 99.70825910568237
974.0 99.68569278717041
975.0 99.63148236274719
976.0 99.70012307167053
977.0 99.62255358695984
978.0 99.71923232078552
979.0 99.61232542991638
980.0 99.58058595657349
981.0 99.50741529464722
982.0 99.43990111351013
983.0 99.44294095039368
984.0 99.42635297775269
985.0 99.43517446517944
986.0 99.32388067245483
987.0 99.40637946128845
988.0 99.33808445930481
989.0 99.32093024253845
990.0 99.296635389328
991.0 99.37189817428589
992.0 99.43192601203918
993.0 99.38032627105713
994.0 99.37356114387512
995.0 99.43294525146484
996.0 99.38603043556213
997.0 99.55765008926392
998.0 99.5830237865448
999.0 99.58977103233337
1000.0 99.63140487670898
1001.0 99.5648443698883
1002.0 99.65904355049133
1003.0 99.67650175094604
1004.0 99.73903894424438
1005.0 99.66076612472534
1006.0 99.77883696556091
1007.0 99.71789717674255
1008.0 99.71379041671753
1009.0 99.63173866271973
1010.0 99.70954656600952
1011.0 99.67278838157654
1012.0 99.62201714515686
1013.0 99.5993971824646
1014.0 99.59964156150818
1015.0 99.54498410224915
1016.0 99.54424500465393
1017.0 99.64282512664795
1018.0 99.66914057731628
1019.0 99.57146048545837
1020.0 99.63291883468628
1021.0 99.79423880577087
1022.0 99.64476823806763
1023.0 99.70437288284302
1024.0 99.69061613082886
1025.0 99.69086647033691
1026.0 99.79159235954285
1027.0 99.88245368003845
1028.0 99.77664947509766
1029.0 99.85911250114441
1030.0 99.93104934692383
1031.0 99.83103275299072
1032.0 99.90155100822449
1033.0 99.84316229820251
1034.0 99.837726354599
1035.0 99.87233281135559
1036.0 99.79594349861145
1037.0 99.84126687049866
1038.0 99.78399872779846
1039.0 99.66103434562683
1040.0 99.6845543384552
1041.0 99.74910020828247
1042.0 99.64771866798401
1043.0 99.65726137161255
1044.0 99.71060156822205
1045.0 99.44551587104797
1046.0 99.6610939502716
1047.0 99.63105916976929
1048.0 99.65391159057617
1049.0 99.64864253997803
1050.0 99.52459931373596
1051.0 99.55441355705261
1052.0 99.48632717132568
1053.0 99.38741326332092
1054.0 99.67431426048279
1055.0 99.77970719337463
1056.0 99.59675669670105
1057.0 99.64565634727478
1058.0 99.56856966018677
1059.0 99.51692223548889
1060.0 99.63364601135254
1061.0 99.55947399139404
1062.0 99.49328303337097
1063.0 99.4705080986023
1064.0 99.59967136383057
1065.0 99.47033524513245
1066.0 99.56023097038269
1067.0 99.64430332183838
1068.0 99.64123964309692
1069.0 99.40632581710815
1070.0 99.64069724082947
1071.0 99.58574175834656
1072.0 99.58406686782837
1073.0 99.68688488006592
1074.0 99.2740273475647
1075.0 99.41108822822571
1076.0 99.25732016563416
1077.0 99.48713183403015
1078.0 99.6361792087555
1079.0 99.35483932495117
1080.0 99.93999004364014
1081.0 99.31797981262207
1082.0 99.44043159484863
1083.0 99.12331700325012
1084.0 99.6190071105957
1085.0 99.52649474143982
1086.0 99.3156373500824
1087.0 99.24426078796387
1088.0 99.08413887023926
1089.0 99.08632040023804
1090.0 99.31806325912476
1091.0 99.27787780761719
1092.0 98.86863827705383
1093.0 98.97735714912415
1094.0 98.89511466026306
1095.0 98.77444505691528
1096.0 98.89748096466064
1097.0 98.86506795883179
1098.0 97.95133471488953
1099.0 98.97760152816772
1100.0 98.36715459823608
