lsstCam/transmission_filter_detector/r34_s21/i_39/19700101T000000.ecsv
# %ECSV 1.0
# ---
# datatype:
# - {name: wavelength, unit: nm, datatype: float32}
# - {name: efficiency, unit: '%', datatype: float64}
# meta: !!omap
# - {MODE: DETECTOR}
# - {TYPE: transmission_filter_detector}
# - {CALIBDATE: '1970-01-01T00:00:00'}
# - {INSTRUME: LSSTCam}
# - {OBSTYPE: transmission_filter_detector}
# - {CALIBCLS: lsst.ip.isr.IntermediateFilterDetectorTransmissionCurve}
# - {SOURCE: Materion (DM-46256)}
# - {DETECTOR: 160}
# - {FILTER: i_39}
# - {CALIB_ID: 'calibDate=1970-01-01T00:00:00 filter=i_39 detector=160'}
# - {DATE: '2025-04-02T15:59:47.220437'}
# - {CALIB_CREATION_DATE: '2025-04-02'}
# - {CALIB_CREATION_TIME: '15:59:47'}
# - __serialized_columns__:
#     efficiency:
#       __class__: astropy.units.quantity.Quantity
#       unit: !astropy.units.Unit {unit: '%'}
#       value: !astropy.table.SerializedColumn {name: efficiency}
#     wavelength:
#       __class__: astropy.units.quantity.Quantity
#       unit: !astropy.units.Unit {unit: nm}
#       value: !astropy.table.SerializedColumn {name: wavelength}
# schema: astropy-2.0
wavelength efficiency
[from data line 597]
897.0 9.030050023284275e-05
898.0 1.7088758793443182e-10
899.0 1.7088758793443182e-10
900.0 1.7088758793443182e-10
901.0 1.7088758793443182e-10
902.0 2.7641792144095234e-05
903.0 1.3699053624804947e-05
904.0 1.7088758793443182e-10
905.0 1.7088758793443182e-10
906.0 1.7088758793443182e-10
907.0 1.7088758793443182e-10
908.0 1.7088758793443182e-10
909.0 1.7088758793443182e-10
910.0 1.7088758793443182e-10
911.0 1.7088758793443182e-10
912.0 1.7088758793443182e-10
913.0 1.7088758793443182e-10
914.0 0.00011819087148978724
915.0 0.0001312219751525845
916.0 0.00014425306744669797
917.0 1.7088758793443182e-10
918.0 1.7088758793443182e-10
919.0 3.181779106853355e-05
920.0 0.0002718426003411878
921.0 8.107518567612715e-06
922.0 1.7088758793443182e-10
923.0 1.7088758793443182e-10
924.0 0.00010039127573691076
925.0 0.00013967287486593705
926.0 0.00017895443988891202
927.0 7.359529377026774e-05
928.0 1.7088758793443182e-10
929.0 1.7088758793443182e-10
930.0 1.7088758793443182e-10
931.0 1.7088758793443182e-10
932.0 7.676217705920862e-06
933.0 1.7088758793443182e-10
934.0 1.7088758793443182e-10
935.0 1.7088758793443182e-10
936.0 1.7088758793443182e-10
937.0 7.227335458992457e-05
938.0 0.00018942831729873433
939.0 6.511893957394932e-05
940.0 1.7088758793443182e-10
941.0 1.7088758793443182e-10
942.0 1.7088758793443182e-10
943.0 1.7088758793443182e-10
944.0 5.810762786495616e-05
945.0 1.7088758793443182e-10
946.0 1.7088758793443182e-10
947.0 2.8434791943254822e-05
948.0 0.00022118119886727072
949.0 0.00013015351214562543
950.0 3.9125819739638246e-05
951.0 0.00013825330142935854
952.0 0.0002373807546973694
953.0 0.00013628139186039334
954.0 3.518206312946859e-05
955.0 0.00016972334151432733
956.0 0.0003042646085305023
957.0 0.0002117936674039811
958.0 0.0001193227603835112
959.0 0.0001826050493036746
960.0 0.0002458873495925218
961.0 0.00017895466726258746
962.0 0.00011202197356396937
963.0 0.00011750788644349086
964.0 0.00012299378795432858
965.0 1.7088758793443182e-10
966.0 1.7088758793443182e-10
967.0 1.7088758793443182e-10
968.0 1.7088758793443182e-10
969.0 1.7088758793443182e-10
970.0 1.7088758793443182e-10
971.0 1.7088758793443182e-10
972.0 1.7088758793443182e-10
973.0 1.7088758793443182e-10
974.0 1.7088758793443182e-10
975.0 6.045107170393749e-05
976.0 0.00012557414947877987
977.0 8.46854788960627e-05
978.0 4.3796788418148935e-05
979.0 1.7088758793443182e-10
980.0 1.7088758793443182e-10
981.0 1.7088758793443182e-10
982.0 1.7088758793443182e-10
983.0 1.7088758793443182e-10
984.0 1.7088758793443182e-10
985.0 7.306801421691489e-05
986.0 0.0001759387600941409
987.0 2.914622996286198e-05
988.0 1.7088758793443182e-10
989.0 1.7088758793443182e-10
990.0 1.7088758793443182e-10
991.0 1.7088758793443182e-10
992.0 1.0220976776054158e-05
993.0 0.000146544232393353
994.0 0.00028286744964134414
995.0 0.0003164540657962789
996.0 0.00035004059100174345
997.0 0.00019187675661669346
998.0 3.371289096776309e-05
999.0 3.561725918643788e-05
1000.0 3.7521596141232294e-05
1001.0 8.329234333359636e-05
1002.0 0.00012906307347293478
1003.0 0.00018156689520765212
1004.0 0.00023407073967973702
1005.0 0.00023433901787939249
1006.0 0.0002346073642911506
1007.0 0.00030093835903244326
1008.0 0.000367269399248471
1009.0 0.0003158335630359943
1010.0 0.00026439765861141495
1011.0 0.0002835500708897598
1012.0 0.0003027024604307371
1013.0 0.00019991798581031617
1014.0 9.713356803331408e-05
1015.0 8.178049597518111e-05
1016.0 6.642747507612512e-05
1017.0 0.00022583092231798219
1018.0 0.0003852343070320785
1019.0 0.00022141186946100788
1020.0 5.758942620559537e-05
1021.0 9.571547252562596e-05
1022.0 0.00013384154726736597
1023.0 0.0001325719949818449
1024.0 0.0001313024654336914
1025.0 0.00024849712190189166
1026.0 0.00036569181247614324
1027.0 0.0005074480213806964
1028.0 0.0006492042302852497
1029.0 0.0009065395715879276
1030.0 0.0011638749128906056
1031.0 0.0014173479030432645
1032.0 0.0016708208931959234
1033.0 0.002085155210806988
1034.0 0.002499488618923351
1035.0 0.00270865457423497
1036.0 0.0029178205295465887
1037.0 0.0031930812838254496
1038.0 0.0034683420381043106
1039.0 0.0032112755434354767
1040.0 0.0029542083211708814
1041.0 0.002793353814922739
1042.0 0.002632499126775656
1043.0 0.002595356090751011
1044.0 0.0025582132366253063
1045.0 0.003063950134674087
1046.0 0.0035696873965207487
1047.0 0.0035514894989319146
1048.0 0.0035332916013430804
1049.0 0.003227937122574076
1050.0 0.0029225824619061314
1051.0 0.0026215064281132072
1052.0 0.002320430394320283
1053.0 0.0021116215066285804
1054.0 0.001902812255138997
1055.0 0.0013393318113230634
1056.0 0.0007758511856081896
1057.0 0.001222419086843729
1058.0 0.0016689869880792685
1059.0 0.0010755126822914463
1060.0 0.0004820385129278293
1061.0 0.000693763786330237
1062.0 0.0009054891961568501
1063.0 0.0015022422303445637
1064.0 0.002098994991683867
1065.0 0.002219526686531026
1066.0 0.002340058381378185
1067.0 0.003179229679517448
1068.0 0.004018401159555651
1069.0 0.004197345333523117
1070.0 0.004376290598884225
1071.0 0.004145907951169647
1072.0 0.003915526394848712
1073.0 0.0030826846341369674
1074.0 0.002249842327728402
1075.0 0.0021823474526172504
1076.0 0.002114852213708218
1077.0 0.0028071772248949856
1078.0 0.0034995024179806933
1079.0 0.0032800919143483043
1080.0 0.0030606810469180346
1081.0 0.0026665435143513605
1082.0 0.0022724059817846864
1083.0 0.002399152799625881
1084.0 0.0025258996174670756
1085.0 0.0017554420992382802
1086.0 0.0009849845810094848
1087.0 0.0013052512258582283
1088.0 0.001625518052605912
1089.0 0.0003654454985735356
1090.0 1.7088758793443182e-10
1091.0 1.7088758793443182e-10
1092.0 0.000818343414721312
1093.0 1.7088758793443182e-10
1094.0 1.7088758793443182e-10
1095.0 5.2609198064601514e-05
1096.0 0.001133692330768099
1097.0 0.0001236633579537738
1098.0 1.7088758793443182e-10
1099.0 0.00023451846118405228
1100.0 0.0013554024008044507
