lsstCam/transmission_filter_detector/r34_s21/i_39/19700101T000000.ecsv
# %ECSV 1.0
# ---
# datatype:
# - {name: wavelength, unit: nm, datatype: float32}
# - {name: efficiency, unit: '%', datatype: float64}
# meta: !!omap
# - {MODE: DETECTOR}
# - {TYPE: transmission_filter_detector}
# - {CALIBDATE: '1970-01-01T00:00:00'}
# - {INSTRUME: LSSTCam}
# - {OBSTYPE: transmission_filter_detector}
# - {CALIBCLS: lsst.ip.isr.IntermediateFilterDetectorTransmissionCurve}
# - {SOURCE: Materion (DM-46256)}
# - {DETECTOR: 160}
# - {FILTER: i_39}
# - {CALIB_ID: 'calibDate=1970-01-01T00:00:00 filter=i_39 detector=160'}
# - {DATE: '2025-04-02T15:59:47.220437'}
# - {CALIB_CREATION_DATE: '2025-04-02'}
# - {CALIB_CREATION_TIME: '15:59:47'}
# - __serialized_columns__:
#     efficiency:
#       __class__: astropy.units.quantity.Quantity
#       unit: !astropy.units.Unit {unit: '%'}
#       value: !astropy.table.SerializedColumn {name: efficiency}
#     wavelength:
#       __class__: astropy.units.quantity.Quantity
#       unit: !astropy.units.Unit {unit: nm}
#       value: !astropy.table.SerializedColumn {name: wavelength}
# schema: astropy-2.0
wavelength efficiency
300.0 1.7088758793443182e-10
301.0 0.003840221688733436
302.0 0.021069275680929422
303.0 0.02194029657403007
304.0 0.022811318922322243
305.0 0.0188923193491064
306.0 0.014973319775890559
307.0 0.013588966976385564
308.0 0.012204611266497523
309.0 0.011159837595187128
310.0 0.01011506246868521
311.0 1.7088758793443182e-10
312.0 1.7088758793443182e-10
313.0 1.7088758793443182e-10
314.0 0.0034614673495525494
315.0 0.0029997987439855933
316.0 0.0025381319574080408
317.0 0.0013843480701325461
318.0 0.00023056443296809448
319.0 0.003830606146948412
320.0 0.0074306444730609655
321.0 0.0028476120860432275
322.0 1.7088758793443182e-10
323.0 1.7088758793443182e-10
324.0 1.7088758793443182e-10
325.0 1.7088758793443182e-10
326.0 0.002339842831133865
327.0 0.001052868174156174
328.0 1.7088758793443182e-10
329.0 0.000850508422445273
330.0 0.0019351227820152417
331.0 0.0013793811376672238
332.0 0.000823639038571855
333.0 1.7088758793443182e-10
334.0 1.7088758793443182e-10
335.0 0.000645912541585858
336.0 0.0022045969672035426
337.0 0.0025344772438984364
338.0 0.0028643577024922706
339.0 0.0011845526387332939
340.0 1.7088758793443182e-10
341.0 0.00020869017589575378
342.0 0.0009126327313424554
343.0 0.00014676830915050232
344.0 1.7088758793443182e-10
345.0 0.00020389584278746042
346.0 0.0010268876394547988
347.0 0.00046652653509227093
348.0 1.7088758793443182e-10
349.0 0.00039431461118510924
350.0 0.0008824639735394157
351.0 0.0010042577741842251
352.0 0.0011260513929300942
353.0 0.0005859797965968028
354.0 4.590809794535744e-05
355.0 0.0003849250333587406
356.0 0.0007239419119287049
357.0 1.7088758793443182e-10
358.0 1.7088758793443182e-10
359.0 1.7088758793443182e-10
360.0 0.0005882787263544742
361.0 0.00026170384899160126
362.0 1.7088758793443182e-10
363.0 1.7088758793443182e-10
364.0 1.7088758793443182e-10
365.0 1.7088758793443182e-10
366.0 0.0005391449121816549
367.0 0.0005499293365573976
368.0 0.0005607137609331403
369.0 6.0177023897267645e-05
370.0 1.7088758793443182e-10
371.0 1.7088758793443182e-10
372.0 1.7088758793443182e-10
373.0 1.7088758793443182e-10
374.0 0.0002509912974346662
375.0 0.0001478193667026062
376.0 4.464754681521299e-05
377.0 0.0005605509159067878
378.0 0.0010764541912067216
379.0 0.0009258722457161639
380.0 0.0007752900273771957
381.0 0.0005635587058350211
382.0 0.0003518274752423167
383.0 0.00027114497243019287
384.0 0.0001904623900372826
385.0 0.00036542583075060975
386.0 0.0005403893737820908
387.0 0.00036073433875571936
388.0 0.0001810791786738264
389.0 0.0003377869234100217
390.0 0.0004944943611917552
391.0 0.00023007605705060996
392.0 1.7088758793443182e-10
393.0 3.9011669628052914e-05
394.0 0.0001123658194046584
395.0 0.0006192056844156468
396.0 0.0011260455721640028
397.0 0.00036259839362173807
398.0 1.7088758793443182e-10
399.0 0.0008314339538628701
400.0 0.002063716783595737
401.0 0.0015747837096569128
402.0 0.0010858505447686184
403.0 0.002279325963172596
404.0 0.00347279965353664
405.0 0.0037298181268852204
406.0 0.003986836964031681
407.0 0.003975968138547614
408.0 0.003965099313063547
409.0 0.002751433385128621
410.0 0.0015377670933958143
411.0 0.0014565368473995477
412.0 0.0013753069652011618
413.0 0.0020336075976956636
414.0 0.0026919084120891057
415.0 0.004671320493798703
416.0 0.006650730938417837
417.0 0.005719134787796065
418.0 0.0047875371819827706
419.0 0.0037536938179982826
420.0 0.002719851181609556
421.0 0.0034723972930805758
422.0 0.004224943040753715
423.0 0.004534396066446789
424.0 0.004843848728341982
425.0 0.004731068838736974
426.0 0.004618288585334085
427.0 0.0045996031985851005
428.0 0.004580918175633997
429.0 0.0043336116505088285
430.0 0.004086305852979422
431.0 0.004443540092324838
432.0 0.004800773967872374
433.0 0.003456213016761467
434.0 0.0021116524294484407
435.0 0.0018589797036838718
436.0 0.0016063071598182432
437.0 0.0016338750356226228
438.0 0.0016614430933259428
439.0 0.001746629823173862
440.0 0.0018318165530217811
441.0 0.001522456204838818
442.0 0.0012130961295042653
443.0 0.0015204256669676397
444.0 0.0018277552953804843
445.0 0.0010606812793412246
446.0 0.00029360701319092186
447.0 0.0002907283942477079
448.0 0.0002878497980418615
449.0 0.0004152466317464132
450.0 0.0005426432380772894
451.0 0.0007328173978748964
452.0 0.000922991875995649
453.0 0.0005651104856951861
454.0 0.000207229550142074
455.0 0.00021660453057847917
456.0 0.00022597962470172206
457.0 0.00019123965557810152
458.0 0.00015649940223738668
459.0 0.00015471351844098535
460.0 0.0001529275664324814
461.0 0.00022858798729430418
462.0 0.0003042483513127081
463.0 0.0003740864713108749
464.0 0.00044392454583430663
465.0 0.00013849770539309247
466.0 1.7088758793443182e-10
467.0 5.5170227142298245e-05
468.0 0.0002772691686914186
469.0 0.0005457596216729144
470.0 0.0008142500519170426
471.0 0.0005140548637427855
472.0 0.0002138597892553662
473.0 8.760914056438196e-05
474.0 1.7088758793443182e-10
475.0 0.00013704241155210184
476.0 0.00031272620617528446
477.0 0.00046568211473640986
478.0 0.0006186380687722703
479.0 0.00084316598076839
480.0 0.001067694029188715
481.0 0.0013039260920777451
482.0 0.0015401583368657157
483.0 0.002534597660996951
484.0 0.003529036621330306
485.0 0.004392558184918016
486.0 0.005256079020909965
487.0 0.00701533499523066
488.0 0.008774590241955593
489.0 0.012883734598290175
490.0 0.016992878227028996
491.0 0.02206370118074119
492.0 0.027134528500027955
493.0 0.030294587486423552
494.0 0.033454649383202195
495.0 0.031349482014775276
496.0 0.02924431173596531
497.0 0.023010122822597623
498.0 0.01677593099884689
499.0 0.012403297296259552
500.0 0.008030662138480693
501.0 0.005446614522952586
502.0 0.0028625652703340165
503.0 0.0020375216990942135
504.0 0.0012124781278544106
505.0 0.0012887044249509927
506.0 0.0013649304491991643
507.0 0.0019344426618772559
508.0 0.0025039549655048177
509.0 0.0024979124646051787
510.0 0.0024918699637055397
511.0 0.002077771750919055
512.0 0.0016636735381325707
513.0 0.00175932018464664
514.0 0.0018549673768575303
515.0 0.0020183131709927693
516.0 0.002181659328925889
517.0 0.00211452479561558
518.0 0.0020473906261031516
519.0 0.0018926095435745083
520.0 0.001737828461045865
521.0 0.001790755231922958
522.0 0.0018436823665979318
523.0 0.0018309063307242468
524.0 0.0018181302948505618
525.0 0.0021022922737756744
526.0 0.0023864544345997274
527.0 0.0029110768082318828
528.0 0.003435699181864038
529.0 0.0037604615499731153
530.0 0.004085223554284312
531.0 0.0034495009458623827
532.0 0.002813778701238334
533.0 0.002038111961155664
534.0 0.0012624449482245836
535.0 0.0016275804227916524
536.0 0.001992715806409251
537.0 0.002284340553160291
538.0 0.0025759654818102717
539.0 0.0031814804970053956
540.0 0.0037869955122005194
541.0 0.004502844967646524
542.0 0.0052186940592946485
543.0 0.005344419696484692
544.0 0.005470144969876856
545.0 0.004800728493137285
546.0 0.004131312016397715
547.0 0.003008136809512507
548.0 0.0018849616026272997
549.0 0.0017794045561458915
550.0 0.0016738475096644834
551.0 0.0016114971003844403
552.0 0.0015491465092054568
553.0 0.0017582477084943093
554.0 0.001967348907783162
555.0 0.0017105383449234068
556.0 0.001453727873013122
557.0 0.0009904822945827618
558.0 0.0005272365797281964
559.0 0.0004971574526280165
560.0 0.00046707837100257166
561.0 0.0006485167432401795
562.0 0.0008299551154777873
563.0 0.0012596939086506609
564.0 0.0016894326108740643
565.0 0.0014613385246775579
566.0 0.0012332446203799918
567.0 0.001348906516795978
568.0 0.0014645685041614342
569.0 0.0010567819117568433
570.0 0.0006489956831501331
571.0 0.00043956829358648974
572.0 0.00023014094949758146
573.0 0.00022511990209750365
574.0 0.00022009878648532322
575.0 0.00023481507014366798
576.0 0.0002495313310646452
577.0 0.0003174958010276896
578.0 0.000385460270990734
579.0 0.0002866830527636921
580.0 0.00018790583453665022
581.0 0.0003526589807734126
582.0 0.000517412127010175
583.0 0.00039008336898405105
584.0 0.000262754565483192
585.0 0.0004955103122483706
586.0 0.000728265922589344
587.0 0.0005365595825423952
588.0 0.00034485333344491664
589.0 0.0005336138201528229
590.0 0.0007223745342344046
591.0 0.0006521931481984211
592.0 0.0005820116257382324
593.0 0.0006856326308479765
594.0 0.000789253772381926
595.0 0.0005802279247291153
596.0 0.0003712020316015696
597.0 0.0003462942913756706
598.0 0.0003213865738871391
599.0 0.0003088691983066383
600.0 0.00029635186820087256
601.0 0.00039731253309582826
602.0 0.0004982733571523568
603.0 0.00029617585823871195
604.0 9.407846164322109e-05
605.0 0.00020551162833726266
606.0 0.0003169447381878854
607.0 0.00028797853701689746
608.0 0.00025901229037117446
609.0 0.0002325588411622448
610.0 0.00020610541469068266
611.0 0.00022217609512154013
612.0 0.00023824675281503005
613.0 0.0002902943379012868
614.0 0.0003423420139370137
615.0 0.00046016234591661487
616.0 0.0005779827461083187
617.0 0.0004434576567291515
618.0 0.0003089326582994545
619.0 0.00011059224789278232
620.0 1.7088758793443182e-10
621.0 0.0001533185127300385
622.0 0.00039438509702449664
623.0 0.0003141202341794269
624.0 0.00023385539407172473
625.0 0.0002926735987784923
626.0 0.0003514918034852599
627.0 0.0003937779638363281
628.0 0.0004360641469247639
629.0 0.00045465426410373766
630.0 0.00047324424485850614
631.0 0.0005233565389062278
632.0 0.0005734686965297442
633.0 0.00043172017285542097
634.0 0.00028997164918109775
635.0 0.0004232038463669596
636.0 0.0005564361345022917
637.0 0.0003983889200753765
638.0 0.00024034163743635872
639.0 0.0002499830088709132
640.0 0.0002596244030428352
641.0 0.0004298703970562201
642.0 0.0006001162546453997
643.0 0.0005112388407724211
644.0 0.0004223612450005021
645.0 0.0006479211151599884
646.0 0.0008734810762689449
647.0 0.0008364888344658539
648.0 0.0007994964107638225
649.0 0.0007930518222565297
650.0 0.0007866070518502966
651.0 0.0008491038897773251
652.0 0.0009116005458054133
653.0 0.000812611779110739
654.0 0.0007136230578907998
655.0 0.0009149554898613133
656.0 0.0011162877854076214
657.0 0.0018744171029538848
658.0 0.002632546420500148
659.0 0.004405398067319766
660.0 0.06958714220672846
661.0 0.09962643962353468
662.0 0.11564770247787237
663.0 0.13737521367147565
664.0 0.12090160744264722
665.0 0.1460217754356563
666.0 0.11664044577628374
667.0 0.1564976293593645
668.0 0.19058749312534928
669.0 0.254507246427238
670.0 0.3121298737823963
671.0 0.4595171194523573
672.0 0.7189410272985697
673.0 1.1178185231983662
674.0 1.7139028757810593
675.0 2.511208690702915
676.0 3.5530388355255127
677.0 4.918796569108963
678.0 6.34177103638649
679.0 7.749688625335693
680.0 9.613905102014542
681.0 11.722000688314438
682.0 14.316441118717194
683.0 17.184337973594666
684.0 20.27214765548706
685.0 23.283173143863678
686.0 26.289907097816467
687.0 29.508650302886963
688.0 32.69169330596924
689.0 35.80818176269531
690.0 39.43032920360565
691.0 43.31798553466797
692.0 48.00877869129181
693.0 53.09937000274658
694.0 58.839064836502075
695.0 64.46280479431152
696.0 70.70619463920593
697.0 76.29948258399963
698.0 82.32927918434143
699.0 86.96268200874329
700.0 90.63338041305542
701.0 93.50941777229309
702.0 95.5464780330658
703.0 96.6945230960846
704.0 97.27246761322021
705.0 97.67871499061584
706.0 97.78115749359131
707.0 97.9727566242218
708.0 97.95100688934326
709.0 98.08018803596497
710.0 97.82395958900452
711.0 97.98584580421448
712.0 97.81959056854248
713.0 97.96741604804993
714.0 98.02280068397522
715.0 98.0984628200531
716.0 97.99501895904541
717.0 98.18153977394104
718.0 98.21717739105225
719.0 98.21135401725769
720.0 98.46574664115906
721.0 98.37762713432312
722.0 98.06807041168213
723.0 97.86887168884277
724.0 97.51943349838257
725.0 97.1994400024414
726.0 96.8726634979248
727.0 96.61641120910645
728.0 96.29942178726196
729.0 96.103835105896
730.0 96.16119265556335
731.0 96.24609351158142
732.0 96.26637697219849
733.0 96.61679863929749
734.0 96.97343707084656
735.0 97.20368385314941
736.0 97.66165018081665
737.0 98.02882671356201
738.0 98.28069806098938
739.0 98.59563708305359
740.0 98.73205423355103
741.0 98.55702519416809
742.0 98.87366890907288
743.0 98.71818423271179
744.0 98.53450655937195
745.0 98.47248196601868
746.0 98.41000437736511
747.0 98.68506789207458
748.0 98.64363074302673
749.0 98.5145628452301
750.0 98.4270453453064
751.0 98.4190583229065
752.0 98.3487069606781
753.0 98.5589325428009
754.0 98.4634518623352
755.0 98.59086275100708
756.0 98.63227605819702
757.0 98.65378737449646
758.0 98.80895614624023
759.0 98.76011610031128
760.0 98.60842823982239
761.0 98.50387573242188
762.0 98.59837889671326
763.0 98.46944212913513
764.0 98.30694794654846
765.0 98.3170747756958
766.0 98.39683771133423
767.0 98.15418720245361
768.0 98.22664260864258
769.0 98.31929206848145
770.0 98.03661108016968
771.0 98.18212985992432
772.0 98.21092486381531
773.0 98.13843369483948
774.0 97.94418215751648
775.0 98.09955954551697
776.0 97.94113636016846
777.0 98.00458550453186
778.0 98.04478883743286
779.0 98.02878499031067
780.0 97.88486361503601
781.0 98.06752800941467
782.0 97.97365665435791
783.0 97.97307848930359
784.0 97.96684980392456
785.0 98.03629517555237
786.0 98.23629260063171
787.0 97.98591732978821
788.0 98.07859659194946
789.0 98.15288782119751
790.0 98.10150265693665
791.0 98.14639091491699
792.0 98.01916480064392
793.0 97.98191785812378
794.0 98.02101850509644
795.0 97.9415237903595
796.0 97.97530770301819
797.0 98.06351661682129
798.0 98.04329872131348
799.0 97.91287779808044
800.0 97.77785539627075
801.0 97.80268669128418
802.0 97.68279790878296
803.0 97.49895930290222
804.0 97.35467433929443
805.0 96.98769450187683
806.0 96.86601758003235
807.0 96.272873878479
808.0 95.56899070739746
809.0 94.6989119052887
810.0 93.61582398414612
811.0 92.13946461677551
812.0 90.21793603897095
813.0 87.99265027046204
814.0 85.24961471557617
815.0 81.95649981498718
816.0 78.50924730300903
817.0 74.305659532547
818.0 69.51952576637268
819.0 65.24540185928345
820.0 60.186976194381714
821.0 55.48734664916992
822.0 50.9876012802124
823.0 46.25630080699921
824.0 41.61613881587982
825.0 37.245553731918335
826.0 32.70004987716675
827.0 28.05299162864685
828.0 23.831678926944733
829.0 19.56140846014023
830.0 15.236850082874298
831.0 11.755315959453583
832.0 8.391087502241135
833.0 5.708133056759834
834.0 3.6765247583389282
835.0 2.2704187780618668
836.0 1.349659264087677
837.0 0.7829276844859123
838.0 0.45815519988536835
839.0 0.23926063440740108
840.0 0.1809384790249169
841.0 0.10139700025320053
842.0 0.05939430557191372
843.0 0.018523279868531972
844.0 1.7088758793443182e-10
845.0 1.7088758793443182e-10
846.0 1.7088758793443182e-10
847.0 1.7088758793443182e-10
848.0 1.7088758793443182e-10
849.0 1.7088758793443182e-10
850.0 1.7088758793443182e-10
851.0 0.0024633829525555484
852.0 0.0026285724743502215
853.0 0.0012970554053026717
854.0 1.7088758793443182e-10
855.0 1.7088758793443182e-10
856.0 1.7088758793443182e-10
857.0 0.0002833552343872725
858.0 0.0005707300260837656
859.0 0.00033776300369936507
860.0 0.00010479598131496459
861.0 1.40836149853385e-05
862.0 1.7088758793443182e-10
863.0 1.7088758793443182e-10
864.0 1.7088758793443182e-10
865.0 0.00014438068092204048
866.0 0.00029964792247483274
867.0 0.00024775370093266247
868.0 0.00019585941117838956
869.0 0.00014726171002621413
870.0 9.866397476798738e-05
871.0 5.3940271982355625e-05
872.0 9.216545748813587e-06
873.0 7.1969054715737e-05
874.0 0.00013472156297211768
875.0 0.00016534730775674689
876.0 0.0001959730525413761
877.0 5.9591752687992994e-05
878.0 1.7088758793443182e-10
879.0 1.7088758793443182e-10
880.0 4.499406145441753e-05
881.0 6.619534360652324e-05
882.0 8.739662575862894e-05
883.0 2.867450916710368e-05
884.0 1.7088758793443182e-10
885.0 0.00013367300653044367
886.0 0.0002973935806949157
887.0 0.0001740103357406042
888.0 5.062706236458325e-05
889.0 6.641620302616502e-05
890.0 8.220534937208868e-05
891.0 1.7088758793443182e-10
892.0 1.7088758793443182e-10
893.0 1.7088758793443182e-10
894.0 0.00012819504036087892
895.0 0.00015647618738512392
