ts8/qe_curve/rtm-018_s11/19700101T000000.ecsv
# %ECSV 0.9
# ---
# datatype:
# - {name: amp_name, datatype: string}
# - {name: wavelength, unit: nm, datatype: float32}
# - {name: efficiency, unit: '%', datatype: float32}
# meta: !!omap
# - {MODE: AMP}
# - {TYPE: QE}
# - {CALIBDATE: '1970-01-01T00:00:00'}
# - {INSTRUME: TS8}
# - {OBSTYPE: qe_curve}
# - {DETECTOR: 220}
# - {PICKLEFILE: RaftRun12120.p}
# - {CALIB_ID: 'raftName=RTM-018 detectorName=S11 detector=220 calibDate=1970-01-01T00:00:00 ccd=220 ccdnum=220 filter=None'}
# - {DATE: '2020-01-23T23:10:53.918272'}
# - {CALIB_CREATION_DATE: '2020-01-23'}
# - {CALIB_CREATION_TIME: '23:10:53'}
# - __serialized_columns__:
#     efficiency:
#       __class__: astropy.units.quantity.Quantity
#       unit: !astropy.units.Unit {unit: '%'}
#       value: !astropy.table.SerializedColumn {name: efficiency}
#     wavelength:
#       __class__: astropy.units.quantity.Quantity
#       unit: !astropy.units.Unit {unit: nm}
#       value: !astropy.table.SerializedColumn {name: wavelength}
# schema: astropy-2.0
amp_name wavelength efficiency
C02 319.994 47.13074
C02 324.969 48.444946
C02 349.982 56.48065
C02 374.975 70.69143
C02 400.019 83.35288
C02 424.965 86.17766
C02 450.035 85.98724
C02 475.003 87.201805
C02 500.018 86.26621
C02 525.002 86.58585
C02 550.029 88.31389
C02 575.023 90.364655
C02 599.982 91.1927
C02 619.997 92.4903
C02 624.979 92.778465
C02 650.012 93.713974
C02 675.004 95.02719
C02 700.03 96.56796
C02 725.012 97.140625
C02 750.022 97.733894
C02 774.987 98.92225
C02 799.976 98.41156
C02 824.988 98.65454
C02 850.022 97.81077
C02 869.967 96.21413
C02 875.002 95.27053
C02 899.999 90.53071
C02 919.999 84.64967
C02 925.012 82.321976
C02 949.965 71.518486
C02 975.002 55.77152
C02 999.976 37.35225
C02 1025.028 20.415571
C02 1050.014 9.65795
C02 1075.002 5.819358
C02 1099.99 3.9655595
C00 319.994 47.504093
C00 324.969 48.904472
C00 349.982 57.15866
C00 374.975 71.11079
C00 400.019 83.317795
C00 424.965 85.94629
C00 450.035 85.71702
C00 475.003 86.99437
C00 500.018 86.16496
C00 525.002 86.59738
C00 550.029 88.38707
C00 575.023 90.49057
C00 599.982 91.33426
C00 619.997 92.63739
C00 624.979 92.92248
C00 650.012 93.84406
C00 675.004 95.15932
C00 700.03 96.68667
C00 725.012 97.26091
C00 750.022 97.84265
C00 774.987 99.04407
C00 799.976 98.51673
C00 824.988 98.727356
C00 850.022 97.89105
C00 869.967 96.355255
C00 875.002 95.37773
C00 899.999 90.455124
C00 919.999 84.4572
C00 925.012 82.160835
C00 949.965 71.72931
C00 975.002 56.231052
C00 999.976 37.660133
C00 1025.028 20.526844
C00 1050.014 9.688612
C00 1075.002 5.846321
C00 1099.99 3.9929428
C13 319.994 46.660553
C13 324.969 47.819904
C13 349.982 55.461452
C13 374.975 69.79321
C13 400.019 83.0712
C13 424.965 86.12401
C13 450.035 86.16237
C13 475.003 87.33768
C13 500.018 86.31406
C13 525.002 86.464424
C13 550.029 88.18701
C13 575.023 90.107925
C13 599.982 90.90569
C13 619.997 92.18215
C13 624.979 92.46767
C13 650.012 93.4738
C13 675.004 94.71993
C13 700.03 96.2825
C13 725.012 96.79615
C13 750.022 97.53981
C13 774.987 98.670395
C13 799.976 98.297066
C13 824.988 98.62837
C13 850.022 97.7554
C13 869.967 96.0606
C13 875.002 95.304375
C13 899.999 90.56028
C13 919.999 84.36199
C13 925.012 81.890175
C13 949.965 71.085686
C13 975.002 55.015633
C13 999.976 37.035606
C13 1025.028 20.188301
C13 1050.014 9.500137
C13 1075.002 5.905485
C13 1099.99 3.9425032
C03 319.994 46.925617
C03 324.969 48.183662
C03 349.982 56.046093
C03 374.975 70.3563
C03 400.019 83.26597
C03 424.965 86.22589
C03 450.035 86.05641
C03 475.003 87.23934
C03 500.018 86.25663
C03 525.002 86.53079
C03 550.029 88.23199
C03 575.023 90.26023
C03 599.982 91.08247
C03 619.997 92.37853
C03 624.979 92.66553
C03 650.012 93.60673
C03 675.004 94.91937
C03 700.03 96.468575
C03 725.012 97.05079
C03 750.022 97.655365
C03 774.987 98.858536
C03 799.976 98.36038
C03 824.988 98.61701
C03 850.022 97.77597
C03 869.967 96.18375
C03 875.002 95.243416
C03 899.999 90.462845
C03 919.999 84.592285
C03 925.012 82.28074
C03 949.965 71.48325
C03 975.002 55.75508
C03 999.976 37.33756
C03 1025.028 20.39814
C03 1050.014 9.615191
C03 1075.002 5.799702
C03 1099.99 3.9679904
C14 319.994 46.928303
C14 324.969 48.1295
C14 349.982 55.890797
C14 374.975 70.14249
C14 400.019 83.23992
C14 424.965 86.17787
C14 450.035 86.18996
C14 475.003 87.37727
C14 500.018 86.38589
C14 525.002 86.58367
C14 550.029 88.34199
C14 575.023 90.30438
C14 599.982 91.122955
C14 619.997 92.41675
C14 624.979 92.70624
C14 650.012 93.70902
C14 675.004 94.96251
C14 700.03 96.524155
C14 725.012 97.0184
C14 750.022 97.751144
C14 774.987 98.860374
C14 799.976 98.480515
C14 824.988 98.79395
C14 850.022 97.913315
C14 869.967 96.22442
C14 875.002 95.47329
C14 899.999 90.73441
C14 919.999 84.52253
C14 925.012 82.03464
C14 949.965 71.16353
C14 975.002 55.02622
C14 999.976 37.103447
C14 1025.028 20.245499
C14 1050.014 9.534726
C14 1075.002 5.9130397
C14 1099.99 3.944486
C07 319.994 46.312725
C07 324.969 47.406445
C07 349.982 54.69015
C07 374.975 69.25473
C07 400.019 82.936966
C07 424.965 86.3833
C07 450.035 86.32981
C07 475.003 87.48995
C07 500.018 86.40905
C07 525.002 86.584145
C07 550.029 88.14325
C07 575.023 90.07682
C07 599.982 90.81041
C07 619.997 92.05877
C07 624.979 92.34091
C07 650.012 93.24196
C07 675.004 94.584496
C07 700.03 96.167465
C07 725.012 96.85473
C07 750.022 97.570145
C07 774.987 98.90487
C07 799.976 98.47488
C07 824.988 98.7375
C07 850.022 97.89055
C07 869.967 96.25863
C07 875.002 95.27583
C07 899.999 90.40323
C07 919.999 84.38133
C07 925.012 82.10204
C07 949.965 71.73814
C07 975.002 55.87893
C07 999.976 37.3457
C07 1025.028 20.393293
C07 1050.014 9.705587
C07 1075.002 5.846296
C07 1099.99 3.9284418
C15 319.994 47.033176
C15 324.969 48.28543
C15 349.982 56.201866
C15 374.975 70.33136
C15 400.019 83.15804
C15 424.965 85.95089
C15 450.035 85.93888
C15 475.003 87.15189
C15 500.018 86.20665
C15 525.002 86.44535
C15 550.029 88.22584
C15 575.023 90.20652
C15 599.982 91.032875
C15 619.997 92.32688
C15 624.979 92.613976
C15 650.012 93.61444
C15 675.004 94.862305
C15 700.03 96.41197
C15 725.012 96.888435
C15 750.022 97.61496
C15 774.987 98.70464
C15 799.976 98.31592
C15 824.988 98.609245
C15 850.022 97.72372
C15 869.967 96.033134
C15 875.002 95.29525
C15 899.999 90.5723
C15 919.999 84.329735
C15 925.012 81.82527
C15 949.965 70.90691
C15 975.002 54.841984
C15 999.976 37.03967
C15 1025.028 20.201778
C15 1050.014 9.577646
C15 1075.002 5.901766
C15 1099.99 3.922067
C12 319.994 46.500263
C12 324.969 47.618965
C12 349.982 55.151085
C12 374.975 69.5473
C12 400.019 82.98959
C12 424.965 86.13637
C12 450.035 86.21811
C12 475.003 87.38496
C12 500.018 86.33276
C12 525.002 86.44258
C12 550.029 88.14441
C12 575.023 90.02515
C12 599.982 90.80144
C12 619.997 92.065865
C12 624.979 92.35301
C12 650.012 93.365
C12 675.004 94.60052
C12 700.03 96.170784
C12 725.012 96.69808
C12 750.022 97.47159
C12 774.987 98.62207
C12 799.976 98.27019
C12 824.988 98.62472
C12 850.022 97.76258
C12 869.967 96.04573
C12 875.002 95.29682
C12 899.999 90.56751
C12 919.999 84.33598
C12 925.012 81.86563
C12 949.965 71.136986
C12 975.002 55.102764
C12 999.976 37.035576
C12 1025.028 20.183174
C12 1050.014 9.577804
C12 1075.002 5.9306755
C12 1099.99 3.9363458
C05 319.994 46.584435
C05 324.969 47.792492
C05 349.982 55.465466
C05 374.975 69.97704
C05 400.019 83.274345
C05 424.965 86.433334
C05 450.035 86.27977
C05 475.003 87.43617
C05 500.018 86.390366
C05 525.002 86.6217
C05 550.029 88.23377
C05 575.023 90.23658
C05 599.982 91.02398
C05 619.997 92.29912
C05 624.979 92.58697
C05 650.012 93.49365
C05 675.004 94.84449
C05 700.03 96.41103
C05 725.012 97.028885
C05 750.022 97.678375
C05 774.987 98.92538
C05 799.976 98.46477
C05 824.988 98.71386
C05 850.022 97.898674
C05 869.967 96.30477
C05 875.002 95.32017
C05 899.999 90.47112
C05 919.999 84.56887
C05 925.012 82.27925
C05 949.965 71.72263
C05 975.002 56.163666
C05 999.976 37.553604
C05 1025.028 20.454313
C05 1050.014 9.64757
C05 1075.002 5.832569
C05 1099.99 3.984457
C04 319.994 46.771706
C04 324.969 47.98713
C04 349.982 55.70071
C04 374.975 70.10434
C04 400.019 83.24136
C04 424.965 86.32647
C04 450.035 86.169266
C04 475.003 87.32872
C04 500.018 86.310394
C04 525.002 86.555016
C04 550.029 88.22634
C04 575.023 90.24274
C04 599.982 91.05534
C04 619.997 92.34688
C04 624.979 92.632965
C04 650.012 93.56982
C04 675.004 94.89593
C04 700.03 96.45413
C04 725.012 97.058525
C04 750.022 97.677444
C04 774.987 98.90639
C04 799.976 98.42154
C04 824.988 98.68056
C04 850.022 97.851006
C04 869.967 96.25793
C04 875.002 95.29783
C04 899.999 90.47198
C04 919.999 84.59496
C04 925.012 82.30162
C04 949.965 71.577446
C04 975.002 55.928917
C04 999.976 37.416527
C04 1025.028 20.40171
C04 1050.014 9.59123
C04 1075.002 5.7878666
C04 1099.99 3.9695575
C01 319.994 47.26416
C01 324.969 48.63613
C01 349.982 56.84304
C01 374.975 70.92887
C01 400.019 83.31723
C01 424.965 86.00778
C01 450.035 85.791275
C01 475.003 87.04069
C01 500.018 86.1571
C01 525.002 86.530495
C01 550.029 88.2873
C01 575.023 90.35666
C01 599.982 91.18844
C01 619.997 92.48561
C01 624.979 92.772156
C01 650.012 93.70333
C01 675.004 95.0092
C01 700.03 96.54226
C01 725.012 97.10815
C01 750.022 97.693054
C01 774.987 98.87956
C01 799.976 98.35901
C01 824.988 98.58886
C01 850.022 97.74392
C01 869.967 96.16012
C01 875.002 95.20814
C01 899.999 90.46689
C01 919.999 84.59423
C01 925.012 82.27513
C01 949.965 71.55583
C01 975.002 55.83206
C01 999.976 37.365643
C01 1025.028 20.424809
C01 1050.014 9.665341
C01 1075.002 5.8305907
C01 1099.99 3.9713476
C11 319.994 46.34876
C11 324.969 47.410423
C11 349.982 54.766193
C11 374.975 69.144066
C11 400.019 82.7323
C11 424.965 85.965034
C11 450.035 86.11054
C11 475.003 87.26726
C11 500.018 86.19408
C11 525.002 86.266304
C11 550.029 87.95937
C11 575.023 89.79911
C11 599.982 90.5623
C11 619.997 91.81703
C11 624.979 92.0989
C11 650.012 93.12627
C11 675.004 94.34588
C11 700.03 95.9237
C11 725.012 96.46102
C11 750.022 97.28201
C11 774.987 98.45125
C11 799.976 98.136086
C11 824.988 98.51568
C11 850.022 97.668106
C11 869.967 95.91391
C11 875.002 95.199875
C11 899.999 90.4839
C11 919.999 84.23176
C11 925.012 81.75978
C11 949.965 71.06711
C11 975.002 54.96741
C11 999.976 36.93374
C11 1025.028 20.197622
C11 1050.014 9.65232
C11 1075.002 5.918373
C11 1099.99 3.8995008
C16 319.994 47.180332
C16 324.969 48.485023
C16 349.982 56.626297
C16 374.975 70.65406
C16 400.019 83.17752
C16 424.965 85.8046
C16 450.035 85.77709
C16 475.003 87.01988
C16 500.018 86.12258
C16 525.002 86.38592
C16 550.029 88.218185
C16 575.023 90.18767
C16 599.982 91.02105
C16 619.997 92.31496
C16 624.979 92.60225
C16 650.012 93.619896
C16 675.004 94.8384
C16 700.03 96.37452
C16 725.012 96.8477
C16 750.022 97.56444
C16 774.987 98.64859
C16 799.976 98.24685
C16 824.988 98.554245
C16 850.022 97.67212
C16 869.967 95.97371
C16 875.002 95.262344
C16 899.999 90.5442
C16 919.999 84.25743
C16 925.012 81.746475
C16 949.965 70.84846
C16 975.002 54.860188
C16 999.976 37.085316
C16 1025.028 20.216425
C16 1050.014 9.603878
C16 1075.002 5.8957343
C16 1099.99 3.9092908
C17 319.994 47.45878
C17 324.969 48.794815
C17 349.982 57.027782
C17 374.975 70.90927
C17 400.019 83.208466
C17 424.965 85.7265
C17 450.035 85.68869
C17 475.003 86.949615
C17 500.018 86.10044
C17 525.002 86.40933
C17 550.029 88.29771
C17 575.023 90.28982
C17 599.982 91.14443
C17 619.997 92.44399
C17 624.979 92.7352
C17 650.012 93.768974
C17 675.004 94.97173
C17 700.03 96.50936
C17 725.012 96.98058
C17 750.022 97.70222
C17 774.987 98.790955
C17 799.976 98.383354
C17 824.988 98.69478
C17 850.022 97.78752
C17 869.967 96.077576
C17 875.002 95.371506
C17 899.999 90.5738
C17 919.999 84.1662
C17 925.012 81.6439
C17 949.965 70.92315
C17 975.002 55.085598
C17 999.976 37.186535
C17 1025.028 20.244736
C17 1050.014 9.577216
C17 1075.002 5.8807416
C17 1099.99 3.8864233
C06 319.994 46.314625
C06 324.969 47.487663
C06 349.982 55.05738
C06 374.975 69.61922
C06 400.019 83.02466
C06 424.965 86.28561
C06 450.035 86.14945
C06 475.003 87.30629
C06 500.018 86.24305
C06 525.002 86.43973
C06 550.029 88.020256
C06 575.023 89.97614
C06 599.982 90.73359
C06 619.997 91.99358
C06 624.979 92.275955
C06 650.012 93.179855
C06 675.004 94.5223
C06 700.03 96.091805
C06 725.012 96.752235
C06 750.022 97.41359
C06 774.987 98.71005
C06 799.976 98.24545
C06 824.988 98.505554
C06 850.022 97.674736
C06 869.967 96.06714
C06 875.002 95.067604
C06 899.999 90.19574
C06 919.999 84.25247
C06 925.012 81.97994
C06 949.965 71.54178
C06 975.002 55.917892
C06 999.976 37.33236
C06 1025.028 20.34068
C06 1050.014 9.640592
C06 1075.002 5.8213854
C06 1099.99 3.944217
C10 319.994 46.47508
C10 324.969 47.491673
C10 349.982 54.61885
C10 374.975 68.98712
C10 400.019 82.81183
C10 424.965 86.1686
C10 450.035 86.29696
C10 475.003 87.40807
C10 500.018 86.30242
C10 525.002 86.39556
C10 550.029 88.06988
C10 575.023 89.968796
C10 599.982 90.74955
C10 619.997 92.01874
C10 624.979 92.30414
C10 650.012 93.30328
C10 675.004 94.57433
C10 700.03 96.17279
C10 725.012 96.74
C10 750.022 97.61669
C10 774.987 98.82525
C10 799.976 98.54592
C10 824.988 98.90012
C10 850.022 98.083435
C10 869.967 96.35705
C10 875.002 95.615845
C10 899.999 90.919464
C10 919.999 84.704185
C10 925.012 82.237434
C10 949.965 71.38024
C10 975.002 55.104187
C10 999.976 37.09711
C10 1025.028 20.500729
C10 1050.014 9.86901
C10 1075.002 5.9288826
C10 1099.99 3.8873863
