lsstCam/transmission_filter_detector/r32_s02/y_10/19700101T000000.ecsv
# %ECSV 1.0
# ---
# datatype:
# - {name: wavelength, unit: nm, datatype: float32}
# - {name: efficiency, unit: '%', datatype: float64}
# meta: !!omap
# - {MODE: DETECTOR}
# - {TYPE: transmission_filter_detector}
# - {CALIBDATE: '1970-01-01T00:00:00'}
# - {INSTRUME: LSSTCam}
# - {OBSTYPE: transmission_filter_detector}
# - {CALIBCLS: lsst.ip.isr.IntermediateFilterDetectorTransmissionCurve}
# - {SOURCE: Materion (DM-46256)}
# - {DETECTOR: 137}
# - {FILTER: y_10}
# - {CALIB_ID: 'calibDate=1970-01-01T00:00:00 filter=y_10 detector=137'}
# - {DATE: '2025-04-02T15:59:51.379562'}
# - {CALIB_CREATION_DATE: '2025-04-02'}
# - {CALIB_CREATION_TIME: '15:59:51'}
# - __serialized_columns__:
#     efficiency:
#       __class__: astropy.units.quantity.Quantity
#       unit: !astropy.units.Unit {unit: '%'}
#       value: !astropy.table.SerializedColumn {name: efficiency}
#     wavelength:
#       __class__: astropy.units.quantity.Quantity
#       unit: !astropy.units.Unit {unit: nm}
#       value: !astropy.table.SerializedColumn {name: wavelength}
# schema: astropy-2.0
wavelength efficiency
300.0 0.014625849144067615
301.0 0.01913601445266977
302.0 0.023646176850888878
303.0 0.01827232335926965
304.0 0.01289846986765042
305.0 0.010892024874920025
306.0 0.008885576971806586
307.0 0.009052309178514406
308.0 0.009219040657626465
309.0 0.009176858293358237
310.0 0.009134678111877292
311.0 0.006200763891683891
312.0 0.003266848943894729
313.0 0.0029779916076222435
314.0 0.002689133361855056
315.0 0.0020577079340000637
316.0 0.0014262823242461309
317.0 0.002226076685474254
318.0 0.0030258699553087354
319.0 0.0015777619410073385
320.0 0.00012965326732228277
321.0 0.0010389716408099048
322.0 0.0019482902644085698
323.0 0.003574755828594789
324.0 0.005201220847084187
325.0 0.0029360599000938237
326.0 0.0006708988621539902
327.0 0.0016176278222701512
328.0 0.0025643563276389614
329.0 0.0028780918000848033
330.0 0.0031918269087327644
331.0 0.0027567306460696273
332.0 0.002321634747204371
333.0 0.002862345900211949
334.0 0.003403057053219527
335.0 0.0035405519156483933
336.0 0.0036780456866836175
337.0 0.0029901530069764704
338.0 0.002302260327269323
339.0 0.0018502263628761284
340.0 0.001398192580381874
341.0 0.0013998836948303506
342.0 0.0014015745364304166
343.0 0.00133396933961194
344.0 0.0012663641427934635
345.0 0.0012857034562330227
346.0 0.0013050429515715223
347.0 0.001340538619842846
348.0 0.0013760343790636398
349.0 0.001159900966740679
350.0 0.0009437675544177182
351.0 0.0012674599020101596
352.0 0.001591152249602601
353.0 0.001573264307808131
354.0 0.0015553765479126014
355.0 0.0017758464309736155
356.0 0.0019963163140346296
357.0 0.0019404911654419266
358.0 0.0018846663806471042
359.0 0.0013950699212728068
360.0 0.0009054734618985094
361.0 0.0008918773346522357
362.0 0.0008782811164564919
363.0 0.0008694019925314933
364.0 0.0008605228686064947
365.0 0.0013548661627282854
366.0 0.0018492097296984866
367.0 0.0018188895410276018
368.0 0.0017885691704577766
369.0 0.0014393889614439104
370.0 0.0010902085705311038
371.0 0.001239076846104581
372.0 0.0013879450307285879
373.0 0.0017877062418847345
374.0 0.002187467362091411
375.0 0.002985301944136154
376.0 0.0037831367080798373
377.0 0.003986628144048154
378.0 0.004190119943814352
379.0 0.0036271067074267194
380.0 0.0030640938348369673
381.0 0.0022711528799845837
382.0 0.0014782120160816703
383.0 0.0012089005394955166
384.0 0.0009395887900609523
385.0 0.0008513196917192545
386.0 0.0007630504114786163
387.0 0.000754795746615855
388.0 0.0007465411272278288
389.0 0.0006602973826375091
390.0 0.0005740536380471895
391.0 0.0005600402346317424
392.0 0.00054602669479209
393.0 0.0006689811471005669
394.0 0.0007919354175101034
395.0 0.000732637636247091
396.0 0.0006733396276104031
397.0 0.0007300345259864116
398.0 0.0007867292879382148
399.0 0.0010129046131623909
400.0 0.0012390798474370968
401.0 0.001417895509803202
402.0 0.0015967112631187774
403.0 0.0017693868358037435
404.0 0.0019420622265897691
405.0 0.0019479926777421497
406.0 0.0019539231288945302
407.0 0.00166286263265647
408.0 0.0013718021364184096
409.0 0.0012130702089052647
410.0 0.0010543380085437093
411.0 0.0012161022823420353
412.0 0.001377866374241421
413.0 0.0005506967227120185
414.0 1.5790802910045643e-10
415.0 0.0001892685304483166
416.0 0.0006550099897140171
417.0 8.278966561192647e-05
418.0 1.5790802910045643e-10
419.0 1.7530730644921277e-05
420.0 0.0005244922249403317
421.0 0.0003819594894594047
422.0 0.0002394270723016234
423.0 0.0004277759671822423
424.0 0.0006161249530123314
425.0 1.5790802910045643e-10
426.0 1.5790802910045643e-10
427.0 1.5790802910045643e-10
428.0 0.00022897388589626644
429.0 1.5790802910045643e-10
430.0 1.5790802910045643e-10
431.0 1.5790802910045643e-10
432.0 0.0006056702659407165
433.0 0.00017506199583294801
434.0 1.5790802910045643e-10
435.0 0.00016966311022770242
436.0 0.000594872608417063
437.0 0.00016024825981730828
438.0 1.5790802910045643e-10
439.0 1.5790802910045643e-10
440.0 0.00011719807844201569
441.0 1.5790802910045643e-10
442.0 1.5790802910045643e-10
443.0 1.5790802910045643e-10
444.0 0.00017386008721587132
445.0 0.00018730847841652576
446.0 0.00020075660813745344
447.0 0.0003855598606605781
448.0 0.0005703631359210704
449.0 0.00016215802816077485
450.0 1.5790802910045643e-10
451.0 3.2865725074771035e-05
452.0 0.0003117787855444476
453.0 0.00018600613884700579
454.0 6.023339551575191e-05
455.0 0.0004289949174562935
456.0 0.0007977561836014502
457.0 0.00023096822587831412
458.0 1.5790802910045643e-10
459.0 1.5790802910045643e-10
460.0 1.5790802910045643e-10
461.0 1.148233863546011e-05
462.0 0.00046672280404891353
463.0 0.0005080962637293851
464.0 0.0005494696779351216
465.0 0.0006691009730275255
466.0 0.0007887322681199294
467.0 0.0010118260433955584
468.0 0.001234919636772247
469.0 0.001566973514854908
470.0 0.0018990274838870391
471.0 0.0021942822058917955
472.0 0.002489536564098671
473.0 0.002364024294365663
474.0 0.0022385118427337147
475.0 0.0025453326088609174
476.0 0.0028521531930891797
477.0 0.0031297757232096046
478.0 0.0034073982533300295
479.0 0.003538438249961473
480.0 0.0036694786103907973
481.0 0.004022960638394579
482.0 0.004376443030196242
483.0 0.0041665851313155144
484.0 0.003956727232434787
485.0 0.0036887275200570002
486.0 0.0034207281714770943
487.0 0.003165176894981414
488.0 0.0029096258003846742
489.0 0.002696591218409594
490.0 0.002483556636434514
491.0 0.0020356661480036564
492.0 0.0015877762052696198
493.0 0.001658092878642492
494.0 0.0017284091882174835
495.0 0.001654766128922347
496.0 0.0015811228877282701
497.0 0.0016960722859948874
498.0 0.0018110215023625642
499.0 0.002094861338264309
500.0 0.002378701356064994
501.0 0.0026795089070219547
502.0 0.002980316821776796
503.0 0.002830089033523109
504.0 0.002679861427168362
505.0 0.0023546233933302574
506.0 0.0020293857232900336
507.0 0.0021356683646445163
508.0 0.0022419511878979392
509.0 0.0020046805730089545
510.0 0.001767409594322089
511.0 0.0017807695257943124
512.0 0.001794129093468655
513.0 0.0019427325241849758
514.0 0.0020913359549012966
515.0 0.001965648880286608
516.0 0.0018399619875708595
517.0 0.0016618365407339297
518.0 0.0014837110029475298
519.0 0.0014258659575716592
520.0 0.0013680210031452589
521.0 0.0014482442566077225
522.0 0.0015284676919691265
523.0 0.001769628215697594
524.0 0.002010788557527121
525.0 0.0020352126739453524
526.0 0.0020596366084646434
527.0 0.0021731500964961015
528.0 0.0022866635845275596
529.0 0.002383321952947881
530.0 0.0024799803213682026
531.0 0.002168506216548849
532.0 0.0018570322936284356
533.0 0.0018282878954778425
534.0 0.0017995434973272495
535.0 0.0016429046809207648
536.0 0.0014862658645142801
537.0 0.0019158687791787088
538.0 0.0023454716938431375
539.0 0.002885960020648781
540.0 0.0034264481655554846
541.0 0.0037614354368997738
542.0 0.004096422708244063
543.0 0.004596944563672878
544.0 0.005097466419101693
545.0 0.0048086036258609965
546.0 0.0045197408326203
547.0 0.003928105070372112
548.0 0.003336469308123924
549.0 0.0027568297809921205
550.0 0.0021771904357592575
551.0 0.0024509188733645715
552.0 0.002724647492868826
553.0 0.002981566831294913
554.0 0.003238486169721
555.0 0.0037388021155493334
556.0 0.004239118061377667
557.0 0.004416575393406674
558.0 0.00459403199783992
559.0 0.0041418359614908695
560.0 0.0036896402889396995
561.0 0.0038086436688899994
562.0 0.003927647048840299
563.0 0.0035625747841550037
564.0 0.003197502883267589
565.0 0.0034081404010066763
566.0 0.003618777554947883
567.0 0.004031131538795307
568.0 0.004443485522642732
569.0 0.005300842531141825
570.0 0.00615820026723668
571.0 0.0063252635300159454
572.0 0.006492326792795211
573.0 0.006502993346657604
574.0 0.006513659900519997
575.0 0.006220741488505155
576.0 0.0059278234402881935
577.0 0.005758696352131665
578.0 0.005589568900177255
579.0 0.005759904161095619
580.0 0.005930239058216102
581.0 0.006857194966869429
582.0 0.007784150511724874
583.0 0.008946882007876411
584.0 0.01010961495921947
585.0 0.010556086635915563
586.0 0.011002559767803177
587.0 0.010873037535930052
588.0 0.010743518214439973
589.0 0.010228131577605382
590.0 0.009712745668366551
591.0 0.009101107571041211
592.0 0.00848946874612011
593.0 0.007300484139705077
594.0 0.0061114995332900435
595.0 0.005691501064575277
596.0 0.005271503687254153
597.0 0.005895567301195115
598.0 0.006519630551338196
599.0 0.007622531120432541
600.0 0.008725431689526886
601.0 0.009937809954863042
602.0 0.011150187492603436
603.0 0.011047494626836851
604.0 0.010944804671453312
605.0 0.010663668945198879
606.0 0.010382532491348684
607.0 0.009002959995996207
608.0 0.00762338750064373
609.0 0.006156889139674604
610.0 0.004690389687311836
611.0 0.003946985816583037
612.0 0.0032035815820563585
613.0 0.003318942617624998
614.0 0.0034343036531936377
615.0 0.004548202559817582
616.0 0.005662101102643646
617.0 0.007328058563871309
618.0 0.008994012750918046
619.0 0.010103563545271754
620.0 0.011213115067221224
621.0 0.01130702075897716
622.0 0.011400927178328857
623.0 0.011310543050058186
624.0 0.011220157466595992
625.0 0.009949076047632843
626.0 0.008677991718286648
627.0 0.007069674029480666
628.0 0.005461357795866206
629.0 0.00449568142357748
630.0 0.0035300050512887537
631.0 0.0028833541364292614
632.0 0.00223670358536765
633.0 0.0024676470275153406
634.0 0.0026985906515619718
635.0 0.0030141760362312198
636.0 0.0033297612390015274
637.0 0.003921775351045653
638.0 0.00451378982688766
639.0 0.004931792136630975
640.0 0.00534979444637429
641.0 0.005262971535557881
642.0 0.005176148624741472
643.0 0.0052376239182194695
644.0 0.005299098484101705
645.0 0.004681929567595944
646.0 0.004064760651090182
647.0 0.0034438729926478118
648.0 0.002822985698003322
649.0 0.0022904181605554186
650.0 0.0017578508050064556
651.0 0.0017294743884122
652.0 0.0017010977899190038
653.0 0.0016834004782140255
654.0 0.0016657033484079875
655.0 0.0015907000488368794
656.0 0.001515696567366831
657.0 0.001473157863074448
658.0 0.001430619158782065
659.0 0.0015837373211979866
660.0 0.0017368556655128486
661.0 0.0016294390661641955
662.0 0.0015220225577650126
663.0 0.00170154216903029
664.0 0.0018810616893460974
665.0 0.002643243715283461
666.0 0.0034054257412208244
667.0 0.004329998773755506
668.0 0.005254572170088068
669.0 0.006123878119979054
670.0 0.006993184797465801
671.0 0.007371338142547756
672.0 0.0077494929428212345
673.0 0.00758477981435135
674.0 0.007420066685881466
675.0 0.00720980460755527
676.0 0.006999542529229075
677.0 0.005596156188403256
678.0 0.004192768392385915
679.0 0.0029519989766413346
680.0 0.0017112290151999332
681.0 0.001122281355492305
682.0 0.0005333340595825575
683.0 0.00039181168176583014
684.0 0.00025028939489857294
685.0 0.00027676728677761275
686.0 0.00030324511044454994
687.0 0.0002753532953647664
688.0 0.0002474614802849828
689.0 0.0002793867906802916
690.0 0.00031131210107560037
691.0 0.00017587841512067826
692.0 4.044464958496974e-05
693.0 0.00018702064608078217
694.0 0.0003335966084705433
695.0 0.00023402355964208255
696.0 0.00013445056765704066
697.0 0.00023093582512956345
698.0 0.0003274211394455051
699.0 0.00024648556973261293
700.0 0.00016555011370655848
701.0 0.00010933018756986712
702.0 5.311022164278256e-05
703.0 3.6415679005585844e-05
704.0 1.972112357861988e-05
705.0 0.0001718022986096912
706.0 0.00032388343242928386
707.0 0.0003842489149974426
708.0 0.00044461448851507157
709.0 0.0006387737357727019
710.0 0.0008329331649292726
711.0 0.0006666709850833286
712.0 0.0005004088052373845
713.0 0.0002935065822384786
714.0 8.660427397444437e-05
715.0 0.00019622989384515677
716.0 0.00030585547392547596
717.0 0.00012618083928828128
718.0 1.5790802910045643e-10
719.0 0.0002689246230147546
720.0 0.0005913431778026279
721.0 0.0006149023647594731
722.0 0.0006384617790899938
723.0 0.0006266128821152961
724.0 0.0006147640306153335
725.0 0.00019832330053759506
726.0 1.5790802910045643e-10
727.0 0.00010786144457597402
728.0 0.00043384029595472384
729.0 0.00040820536924002226
730.0 0.0003825703970505856
731.0 0.0003179652821927448
732.0 0.0002533603264964768
733.0 0.0003456274271229631
734.0 0.0004378947323857574
735.0 0.0004853501195611898
736.0 0.0005328055976860924
737.0 0.00025192691737174755
738.0 1.5790802910045643e-10
739.0 0.00014239801657822682
740.0 0.0003137476369374781
741.0 0.0004709421318693785
742.0 0.0006281366495386465
743.0 0.0004494435870583402
744.0 0.0002707503881538287
745.0 0.0003488180482236203
746.0 0.0004268855718692066
747.0 0.0003965897576563293
748.0 0.00036629392070608446
749.0 0.0002962427743113949
750.0 0.00022619162791670533
751.0 0.00042785591176652815
752.0 0.0006295201728789834
753.0 0.0005390060323406942
754.0 0.00044849180085293483
755.0 0.0004993224138161168
756.0 0.0005501529358298285
757.0 0.0003252390797570115
758.0 0.0001003253032649809
759.0 0.0002963762426588801
760.0 0.0004924272161588306
761.0 0.0006253135779843433
762.0 0.0007582000307593262
763.0 0.0007098068635968957
764.0 0.0006614136054849951
765.0 0.0006520413990074303
766.0 0.0006426691925298655
767.0 0.0005538278401218122
768.0 0.0004649866241379641
769.0 0.0004334075583756203
770.0 0.0004018284016638063
771.0 0.00043822160478157457
772.0 0.00047461471694987267
773.0 0.00037478621379705146
774.0 0.0002749576424321276
775.0 0.00043864906729140785
776.0 0.0006023405148880556
777.0 0.00033830917800514726
778.0 7.427785817526456e-05
779.0 0.0005143247108208016
780.0 0.0009543716259940993
781.0 0.0007264187843247782
782.0 0.0004984659426554572
783.0 0.000743444297768292
784.0 0.0009884226528811269
785.0 0.0008638257895654533
786.0 0.0007392288807750447
787.0 0.0003922704763681395
788.0 4.5311961116567545e-05
789.0 0.0002897593503803364
790.0 0.0005342066287994385
791.0 0.0006963332907616859
792.0 0.0008584598617744632
793.0 0.0008392725248995703
794.0 0.0008200852789741475
795.0 0.0007546232154709287
796.0 0.0006891610610182397
797.0 0.0007052838100207737
798.0 0.0007214065590233076
799.0 0.00029373115921771387
800.0 1.5790802910045643e-10
801.0 0.00026108250494871754
802.0 0.0006561090685863746
803.0 0.0006697974640701432
804.0 0.0006834858595539117
805.0 0.0007558403922303114
806.0 0.0008281946975330357
807.0 0.0007354285116889514
808.0 0.0006426622803701321
809.0 0.000630465910944622
810.0 0.0006182694505696418
811.0 0.0007689237463637255
812.0 0.0009195778147841338
813.0 0.0009846684406511486
814.0 0.0010497591574676335
815.0 0.00083012064351351
816.0 0.0006104821750341216
817.0 0.0007507693680963712
818.0 0.000891056697582826
819.0 0.0008490717846143525
820.0 0.000807086871645879
821.0 0.0006654325261479244
822.0 0.0005237781806499697
823.0 0.0004078591700817924
824.0 0.00029194004582677735
825.0 0.0004968306257069344
826.0 0.0007017211373749888
827.0 0.0007479629402951105
828.0 0.0007942046977404971
829.0 0.0006945836958038853
830.0 0.0005949628302914789
831.0 0.0005444802809506655
832.0 0.0004939980954077328
833.0 0.0008200427146221045
834.0 0.0011460873793112114
835.0 0.0010078386367240455
836.0 0.0008695897122379392
837.0 0.0004856480245507555
838.0 0.0001017063709696231
839.0 0.00016648658629492274
840.0 0.00023126681298890617
841.0 0.0006621130978601286
842.0 0.001092959337256616
843.0 0.0009251003575627692
844.0 0.0007572412869194523
845.0 0.0008874340892361943
846.0 0.0010176269825024065
847.0 0.0010144454790861346
848.0 0.0010112639756698627
849.0 0.0007598113825224573
850.0 0.0005083585165266413
851.0 0.0007567732154711848
852.0 0.0010051878234662581
853.0 0.001077055094356183
854.0 0.0011489226380945183
855.0 0.0010295320862496737
856.0 0.0009101418072532397
857.0 0.0009782421329873614
858.0 0.0010463424587214831
859.0 0.0008171618901542388
860.0 0.0005879815489606699
861.0 0.0011183470633113757
862.0 0.0016487125321873464
863.0 0.0016421441614511423
864.0 0.0016355754269170575
865.0 0.001946329757629428
866.0 0.0022570839064428583
867.0 0.0027398913516663015
868.0 0.003222698433091864
869.0 0.0029864040698157623
870.0 0.00275010934274178
871.0 0.0030344604965648614
872.0 0.003318811650387943
873.0 0.00279796622635331
874.0 0.0022771208023186773
875.0 0.0021261268557282165
