lsstCam/transmission_filter_detector/r32_s02/y_10/19700101T000000.ecsv
# %ECSV 1.0
# ---
# datatype:
# - {name: wavelength, unit: nm, datatype: float32}
# - {name: efficiency, unit: '%', datatype: float64}
# meta: !!omap
# - {MODE: DETECTOR}
# - {TYPE: transmission_filter_detector}
# - {CALIBDATE: '1970-01-01T00:00:00'}
# - {INSTRUME: LSSTCam}
# - {OBSTYPE: transmission_filter_detector}
# - {CALIBCLS: lsst.ip.isr.IntermediateFilterDetectorTransmissionCurve}
# - {SOURCE: Materion (DM-46256)}
# - {DETECTOR: 137}
# - {FILTER: y_10}
# - {CALIB_ID: 'calibDate=1970-01-01T00:00:00 filter=y_10 detector=137'}
# - {DATE: '2025-04-02T15:59:51.379562'}
# - {CALIB_CREATION_DATE: '2025-04-02'}
# - {CALIB_CREATION_TIME: '15:59:51'}
# - __serialized_columns__:
#     efficiency:
#       __class__: astropy.units.quantity.Quantity
#       unit: !astropy.units.Unit {unit: '%'}
#       value: !astropy.table.SerializedColumn {name: efficiency}
#     wavelength:
#       __class__: astropy.units.quantity.Quantity
#       unit: !astropy.units.Unit {unit: nm}
#       value: !astropy.table.SerializedColumn {name: wavelength}
# schema: astropy-2.0
wavelength efficiency
[from data line 577]
877.0 0.002125360697391443
878.0 0.00227558830374619
879.0 0.0019292783690616488
880.0 0.0340553728165105
881.0 0.10524016106501222
882.0 0.03406316100154072
883.0 0.10256230598315597
884.0 0.04370332753751427
885.0 0.09829789632931352
886.0 0.040222343523055315
887.0 0.10886990930885077
888.0 0.0491967482957989
889.0 0.11367688421159983
890.0 0.04728901258204132
891.0 0.09777401573956013
892.0 0.04313727840781212
893.0 0.10154320625588298
894.0 0.051920313853770494
895.0 0.11491271434351802
896.0 0.058891106164082885
897.0 0.13154587941244245
898.0 0.062495272140949965
899.0 0.14288814272731543
900.0 0.09043083991855383
901.0 0.15347915468737483
902.0 0.18636914901435375
903.0 0.20325558725744486
904.0 0.23661651648581028
905.0 0.298901810310781
906.0 0.37894491106271744
907.0 0.49056028947234154
908.0 0.660933880135417
909.0 0.9047773666679859
910.0 1.3135149143636227
911.0 1.868293434381485
912.0 2.7313726022839546
913.0 3.990313783288002
914.0 5.446643754839897
915.0 7.528480142354965
916.0 9.942879527807236
917.0 12.530626356601715
918.0 15.388567745685577
919.0 18.097154796123505
920.0 21.75450325012207
921.0 25.662991404533386
922.0 29.59650754928589
923.0 34.277233481407166
924.0 39.34527933597565
925.0 44.879817962646484
926.0 51.43108367919922
927.0 58.31620693206787
928.0 64.29044008255005
929.0 70.6040620803833
930.0 76.0034441947937
931.0 81.25425577163696
932.0 85.92928647994995
933.0 89.76448774337769
934.0 92.45133399963379
935.0 94.28980946540833
936.0 95.62144875526428
937.0 96.52780890464783
938.0 97.12064266204834
939.0 97.36385941505432
940.0 97.55990505218506
941.0 97.67113924026489
942.0 97.85842895507812
943.0 97.85985350608826
944.0 98.07520508766174
945.0 98.01459312438965
946.0 98.086017370224
947.0 97.99630045890808
948.0 98.18278551101685
949.0 98.06938767433167
950.0 98.25276732444763
951.0 98.3004629611969
952.0 98.3059287071228
953.0 98.53450655937195
954.0 98.63808751106262
955.0 98.66531491279602
956.0 98.83912205696106
957.0 98.97533655166626
958.0 99.09607768058777
959.0 99.08668994903564
960.0 99.18928742408752
961.0 99.23169016838074
962.0 99.26267266273499
963.0 99.30736422538757
964.0 99.31432008743286
965.0 99.3154764175415
966.0 99.42341446876526
967.0 99.48339462280273
968.0 99.45275783538818
969.0 99.45526123046875
970.0 99.50765371322632
971.0 99.52788352966309
972.0 99.59215521812439
973.0 99.67678785324097
974.0 99.65198636054993
975.0 99.60881471633911
976.0 99.6722161769867
977.0 99.61835741996765
978.0 99.68904852867126
979.0 99.58128929138184
980.0 99.5531439781189
981.0 99.46010708808899
982.0 99.41903948783875
983.0 99.4124710559845
984.0 99.39083456993103
985.0 99.42069053649902
986.0 99.29724931716919
987.0 99.37795996665955
988.0 99.29472804069519
989.0 99.292653799057
990.0 99.27960634231567
991.0 99.33605194091797
992.0 99.42890405654907
993.0 99.34899806976318
994.0 99.35107827186584
995.0 99.39717054367065
996.0 99.37044978141785
997.0 99.51684474945068
998.0 99.57578182220459
999.0 99.55523610115051
1000.0 99.59632754325867
1001.0 99.5389997959137
1002.0 99.6445894241333
1003.0 99.66596961021423
1004.0 99.70583319664001
1005.0 99.59904551506042
1006.0 99.73397254943848
1007.0 99.69905018806458
1008.0 99.66883659362793
1009.0 99.61996674537659
1010.0 99.67985153198242
1011.0 99.63573217391968
1012.0 99.59269762039185
1013.0 99.57221746444702
1014.0 99.55589175224304
1015.0 99.52815771102905
1016.0 99.51732754707336
1017.0 99.59550499916077
1018.0 99.631267786026
1019.0 99.54769015312195
1020.0 99.61891174316406
1021.0 99.77482557296753
1022.0 99.61734414100647
1023.0 99.67352747917175
1024.0 99.67235326766968
1025.0 99.65117573738098
1026.0 99.75895285606384
1027.0 99.84003901481628
1028.0 99.7288167476654
1029.0 99.83733296394348
1030.0 99.9224603176117
1031.0 99.8145043849945
1032.0 99.84932541847229
1033.0 99.80445504188538
1034.0 99.82803463935852
1035.0 99.85877871513367
1036.0 99.76329803466797
1037.0 99.78973269462585
1038.0 99.77251291275024
1039.0 99.6284008026123
1040.0 99.61659908294678
1041.0 99.71485733985901
1042.0 99.65057373046875
1043.0 99.64972138404846
1044.0 99.68755841255188
1045.0 99.42626953125
1046.0 99.60857033729553
1047.0 99.60799813270569
1048.0 99.60203766822815
1049.0 99.57826137542725
1050.0 99.5055615901947
1051.0 99.51136708259583
1052.0 99.45422410964966
1053.0 99.32789206504822
1054.0 99.59772229194641
1055.0 99.7065007686615
1056.0 99.5389461517334
1057.0 99.63440895080566
1058.0 99.42395687103271
1059.0 99.44398999214172
1060.0 99.56711530685425
1061.0 99.47654604911804
1062.0 99.47882890701294
1063.0 99.41396713256836
1064.0 99.54840540885925
1065.0 99.49241876602173
1066.0 99.48118329048157
1067.0 99.67352151870728
1068.0 99.60204362869263
1069.0 99.31807518005371
1070.0 99.70956444740295
1071.0 99.56772327423096
1072.0 99.6380090713501
1073.0 99.7103214263916
1074.0 99.2300808429718
1075.0 99.3223249912262
1076.0 99.13033843040466
1077.0 99.45026636123657
1078.0 99.54818487167358
1079.0 99.3807315826416
1080.0 99.9281644821167
1081.0 99.27628636360168
1082.0 99.41467046737671
1083.0 99.15026426315308
1084.0 99.55543875694275
1085.0 99.44440126419067
1086.0 99.3100643157959
1087.0 99.38056468963623
1088.0 99.01682734489441
1089.0 98.9401638507843
1090.0 99.21807050704956
1091.0 99.17635917663574
1092.0 98.924320936203
1093.0 98.99773001670837
1094.0 98.90972375869751
1095.0 98.70696663856506
1096.0 98.80447387695312
1097.0 98.7851619720459
1098.0 98.02806973457336
1099.0 98.97258877754211
1100.0 98.37501049041748
