lsstCam/transmission_sensor/r12_s21/19700101T000000.ecsv
# %ECSV 1.0
# ---
# datatype:
# - {name: amp_name, datatype: string}
# - {name: wavelength, unit: nm, datatype: float32}
# - {name: efficiency, unit: '%', datatype: float64}
# meta: !!omap
# - {MODE: AMP}
# - {TYPE: transmission_sensor}
# - {CALIBDATE: '1970-01-01T00:00:00'}
# - {INSTRUME: LSSTCAM}
# - {OBSTYPE: transmission_sensor}
# - {DETECTOR: 52}
# - {PARQUETFILE: qe_raft_allvalues_nircorrected_20230725.parquet}
# - {CALIBCLS: lsst.ip.isr.IntermediateSensorTransmissionCurve}
# - {CALIB_ID: 'raftName=R12 detectorName=S21 detector=52 calibDate=1970-01-01T00:00:00 ccd=52 ccdnum=52 filter=None'}
# - {DATE: '2024-01-18T22:42:25.155652'}
# - {CALIB_CREATION_DATE: '2024-01-18'}
# - {CALIB_CREATION_TIME: '22:42:25'}
# - __serialized_columns__:
#     efficiency:
#       __class__: astropy.units.quantity.Quantity
#       unit: !astropy.units.Unit {unit: '%'}
#       value: !astropy.table.SerializedColumn {name: efficiency}
#     wavelength:
#       __class__: astropy.units.quantity.Quantity
#       unit: !astropy.units.Unit {unit: nm}
#       value: !astropy.table.SerializedColumn {name: wavelength}
# schema: astropy-2.0
amp_name wavelength efficiency
C00 319.994 44.966915130615234
C00 324.969 50.739585876464844
C00 349.982 74.76177978515625
C00 374.975 78.95649719238281
C00 400.019 85.36192321777344
C00 424.965 86.7181396484375
C00 450.035 89.19478607177734
C00 475.003 90.85092163085938
C00 500.018 93.01478576660156
C00 525.002 95.78324890136719
C00 550.029 96.92466735839844
C00 575.023 97.94467163085938
C00 599.982 98.7353515625
C00 619.997 99.69302368164062
C00 624.979 99.3726806640625
C00 650.012 99.67449188232422
C00 675.004 99.91722106933594
C00 700.03 99.59121704101562
C00 725.012 99.02728271484375
C00 750.022 99.02668762207031
C00 774.987 98.49079132080078
C00 799.976 98.0068588256836
C00 824.988 95.8895034790039
C00 850.022 93.73780822753906
C00 869.967 90.77798461914062
C00 875.002 89.4693374633789
C00 899.999 83.07369232177734
C00 919.999 74.27882385253906
C00 925.012 72.1212158203125
C00 949.965 58.08501052856445
C00 975.002 42.77170181274414
C00 999.976 25.748252868652344
C00 1025.028 11.066417694091797
C00 1050.014 3.9733846187591553
C00 1075.002 0.943422396111278
C00 1099.99 0.09360550343781723
C01 319.994 45.14167404174805
C01 324.969 50.93242645263672
C01 349.982 74.99974060058594
C01 374.975 79.11396026611328
C01 400.019 85.36698150634766
C01 424.965 86.65536499023438
C01 450.035 89.09528350830078
C01 475.003 90.72444915771484
C01 500.018 92.8674545288086
C01 525.002 95.62096405029297
C01 550.029 96.75021362304688
C01 575.023 97.75839233398438
C01 599.982 98.53881072998047
C01 619.997 99.49004364013672
C01 624.979 99.17149353027344
C01 650.012 99.46501159667969
C01 675.004 99.70458984375
C01 700.03 99.36980438232422
C01 725.012 98.79605102539062
C01 750.022 98.7795639038086
C01 774.987 98.2314224243164
C01 799.976 97.73865509033203
C01 824.988 95.63863372802734
C01 850.022 93.50869750976562
C01 869.967 90.53951263427734
C01 875.002 89.24444580078125
C01 899.999 82.9469223022461
C01 919.999 74.24710083007812
C01 925.012 72.0770034790039
C01 949.965 57.94651794433594
C01 975.002 42.71473693847656
C01 999.976 25.73468780517578
C01 1025.028 11.053585052490234
C01 1050.014 3.9548492431640625
C01 1075.002 0.9410683183331742
C01 1099.99 0.09337193400332058
C02 319.994 45.42725372314453
C02 324.969 51.2515983581543
C02 349.982 75.43861389160156
C02 374.975 79.53169250488281
C02 400.019 85.69343566894531
C02 424.965 86.93385314941406
C02 450.035 89.3510513305664
C02 475.003 90.9656982421875
C02 500.018 93.10330963134766
C02 525.002 95.8590087890625
C02 550.029 96.98383331298828
C02 575.023 97.98282623291016
C02 599.982 98.76426696777344
C02 619.997 99.71234130859375
C02 624.979 99.39124298095703
C02 650.012 99.68363189697266
C02 675.004 99.91610717773438
C02 700.03 99.57929992675781
C02 725.012 98.99769592285156
C02 750.022 98.97075653076172
C02 774.987 98.4153823852539
C02 799.976 97.92459869384766
C02 824.988 95.83043670654297
C02 850.022 93.7164077758789
C02 869.967 90.72808074951172
C02 875.002 89.44742584228516
C02 899.999 83.25776672363281
C02 919.999 74.57699584960938
C02 925.012 72.37448120117188
C02 949.965 58.08869934082031
C02 975.002 42.949642181396484
C02 999.976 25.870716094970703
C02 1025.028 11.129697799682617
C02 1050.014 3.9610471725463867
C02 1075.002 0.9428899631259443
C02 1099.99 0.09355267592614855
C03 319.994 45.46660614013672
C03 324.969 51.29463577270508
C03 349.982 75.46016693115234
C03 374.975 79.48448181152344
C03 400.019 85.54716491699219
C03 424.965 86.7440185546875
C03 450.035 89.13311767578125
C03 475.003 90.73639678955078
C03 500.018 92.85787200927734
C03 525.002 95.59738159179688
C03 550.029 96.7130126953125
C03 575.023 97.70577239990234
C03 599.982 98.47826385498047
C03 619.997 99.4214096069336
C03 624.979 99.09902954101562
C03 650.012 99.38799285888672
C03 675.004 99.6158676147461
C03 700.03 99.27762603759766
C03 725.012 98.69607543945312
C03 750.022 98.6656723022461
C03 774.987 98.11140441894531
C03 799.976 97.61902618408203
C03 824.988 95.5471420288086
C03 850.022 93.43729400634766
C03 869.967 90.46717071533203
C03 875.002 89.20806884765625
C03 899.999 83.12284088134766
C03 919.999 74.39957427978516
C03 925.012 72.1572265625
C03 949.965 57.85853576660156
C03 975.002 42.90066909790039
C03 999.976 25.846111297607422
C03 1025.028 11.14024543762207
C03 1050.014 3.9539756774902344
C03 1075.002 0.9399834930148997
C03 1099.99 0.09326429863184992
C04 319.994 45.7837028503418
C04 324.969 51.645877838134766
C04 349.982 75.8934555053711
C04 374.975 79.82060241699219
C04 400.019 85.76703643798828
C04 424.965 86.91016387939453
C04 450.035 89.2831802368164
C04 475.003 90.87190246582031
C04 500.018 92.98677825927734
C04 525.002 95.71598815917969
C04 550.029 96.8251724243164
C04 575.023 97.81452178955078
C04 599.982 98.57722473144531
C04 619.997 99.5147933959961
C04 624.979 99.19349670410156
C04 650.012 99.47337341308594
C04 675.004 99.69976806640625
C04 700.03 99.35319519042969
C04 725.012 98.7720718383789
C04 750.022 98.74790954589844
C04 774.987 98.19482421875
C04 799.976 97.70206451416016
C04 824.988 95.63580322265625
C04 850.022 93.4993896484375
C04 869.967 90.53909301757812
C04 875.002 89.30557250976562
C04 899.999 83.29124450683594
C04 919.999 74.40897369384766
C04 925.012 72.1160659790039
C04 949.965 57.78750228881836
C04 975.002 43.016178131103516
C04 999.976 25.885887145996094
C04 1025.028 11.167272567749023
C04 1050.014 3.9428367614746094
C04 1075.002 0.940766868331038
C04 1099.99 0.09334202441104504
C05 319.994 46.0305290222168
C05 324.969 51.92496871948242
C05 349.982 76.20693969726562
C05 374.975 80.02852630615234
C05 400.019 85.90107727050781
C05 424.965 87.01944732666016
C05 450.035 89.3793716430664
C05 475.003 90.9640121459961
C05 500.018 93.07556915283203
C05 525.002 95.80389404296875
C05 550.029 96.90636444091797
C05 575.023 97.88662719726562
C05 599.982 98.64693450927734
C05 619.997 99.57837677001953
C05 624.979 99.25375366210938
C05 650.012 99.53013610839844
C05 675.004 99.74739837646484
C05 700.03 99.40235900878906
C05 725.012 98.82516479492188
C05 750.022 98.80799102783203
C05 774.987 98.26717376708984
C05 799.976 97.7768783569336
C05 824.988 95.71263122558594
C05 850.022 93.53781127929688
C05 869.967 90.6481704711914
C05 875.002 89.44606018066406
C05 899.999 83.39945220947266
C05 919.999 74.31002807617188
C05 925.012 71.9708251953125
C05 949.965 57.80339431762695
C05 975.002 43.14594650268555
C05 999.976 25.94339370727539
C05 1025.028 11.174795150756836
C05 1050.014 3.9390337467193604
C05 1075.002 0.9413391528426591
C05 1099.99 0.09339880595454113
C06 319.994 46.2382698059082
C06 324.969 52.15755844116211
C06 349.982 76.44091796875
C06 374.975 80.14759826660156
C06 400.019 85.95816040039062
C06 424.965 87.0572509765625
C06 450.035 89.41770935058594
C06 475.003 90.99610137939453
C06 500.018 93.10736083984375
C06 525.002 95.82979583740234
C06 550.029 96.92666625976562
C06 575.023 97.89957427978516
C06 599.982 98.65267944335938
C06 619.997 99.58126068115234
C06 624.979 99.25450134277344
C06 650.012 99.52460479736328
C06 675.004 99.73871612548828
C06 700.03 99.39173126220703
C06 725.012 98.82649993896484
C06 750.022 98.82854461669922
C06 774.987 98.2979507446289
C06 799.976 97.8208999633789
C06 824.988 95.76130676269531
C06 850.022 93.57112121582031
C06 869.967 90.77049255371094
C06 875.002 89.59378814697266
C06 899.999 83.44379425048828
C06 919.999 74.22960662841797
C06 925.012 71.86837005615234
C06 949.965 57.87793731689453
C06 975.002 43.224239349365234
C06 999.976 25.946067810058594
C06 1025.028 11.168304443359375
C06 1050.014 3.953470468521118
C06 1075.002 0.9415346874513829
C06 1099.99 0.09341820671878474
C07 319.994 46.27568435668945
C07 324.969 52.19623565673828
C07 349.982 76.41757202148438
C07 374.975 80.06879425048828
C07 400.019 85.91777801513672
C07 424.965 87.04899597167969
C07 450.035 89.43109893798828
C07 475.003 91.03404235839844
C07 500.018 93.1578369140625
C07 525.002 95.88973236083984
C07 550.029 96.991455078125
C07 575.023 97.966796875
C07 599.982 98.72261047363281
C07 619.997 99.6469497680664
C07 624.979 99.3208999633789
C07 650.012 99.58757781982422
C07 675.004 99.79874420166016
C07 700.03 99.45848083496094
C07 725.012 98.9087142944336
C07 750.022 98.93850708007812
C07 774.987 98.43638610839844
C07 799.976 97.9736099243164
C07 824.988 95.91228485107422
C07 850.022 93.73719024658203
C07 869.967 90.95619201660156
C07 875.002 89.79814147949219
C07 899.999 83.57038879394531
C07 919.999 74.39338684082031
C07 925.012 72.13687896728516
C07 949.965 58.14268493652344
C07 975.002 43.419002532958984
C07 999.976 26.075639724731445
C07 1025.028 11.218121528625488
C07 1050.014 4.003849506378174
C07 1075.002 0.9425822938239571
C07 1099.99 0.09352214926065536
C10 319.994 43.90388488769531
C10 324.969 49.5251350402832
C10 349.982 72.64579772949219
C10 374.975 76.8137435913086
C10 400.019 83.91036224365234
C10 424.965 85.65050506591797
C10 450.035 88.31885528564453
C10 475.003 90.09272766113281
C10 500.018 92.32152557373047
C10 525.002 95.11930084228516
C10 550.029 96.28466796875
C10 575.023 97.30835723876953
C10 599.982 98.09793090820312
C10 619.997 99.0512924194336
C10 624.979 98.73873138427734
C10 650.012 99.03427124023438
C10 675.004 99.2829360961914
C10 700.03 99.03704833984375
C10 725.012 98.7070083618164
C10 750.022 99.01567077636719
C10 774.987 98.80742645263672
C10 799.976 98.4627685546875
C10 824.988 96.3459701538086
C10 850.022 94.33045196533203
C10 869.967 91.40917205810547
C10 875.002 90.11946105957031
C10 899.999 83.6913070678711
C10 919.999 74.49372100830078
C10 925.012 72.19782257080078
C10 949.965 58.230628967285156
C10 975.002 43.32096862792969
C10 999.976 26.104402542114258
C10 1025.028 11.247941017150879
C10 1050.014 4.03090763092041
C10 1075.002 0.9433174224177944
C10 1099.99 0.09359508804438714
C11 319.994 44.352176666259766
C11 324.969 50.027366638183594
C11 349.982 73.35236358642578
C11 374.975 77.45726776123047
C11 400.019 84.38897705078125
C11 424.965 86.04094696044922
C11 450.035 88.6736068725586
C11 475.003 90.42108917236328
C11 500.018 92.63658142089844
C11 525.002 95.43226623535156
C11 550.029 96.58650207519531
C11 575.023 97.60208129882812
C11 599.982 98.39025115966797
C11 619.997 99.33979797363281
C11 624.979 99.02175903320312
C11 650.012 99.31639862060547
C11 675.004 99.56163787841797
C11 700.03 99.3085708618164
C11 725.012 98.97416687011719
C11 750.022 99.27951049804688
C11 774.987 99.05831146240234
C11 799.976 98.71195983886719
C11 824.988 96.59396362304688
C11 850.022 94.56537628173828
C11 869.967 91.63426971435547
C11 875.002 90.34426879882812
C11 899.999 83.9840087890625
C11 919.999 74.68733215332031
C11 925.012 72.32948303222656
C11 949.965 58.347782135009766
C11 975.002 43.46487045288086
C11 999.976 26.13433074951172
C11 1025.028 11.274540901184082
C11 1050.014 4.020024299621582
C11 1075.002 0.9458310105526364
C11 1099.99 0.0938444839499402
C12 319.994 44.59394073486328
C12 324.969 50.29942321777344
C12 349.982 73.7166748046875
C12 374.975 77.7728271484375
C12 400.019 84.56976318359375
C12 424.965 86.15812683105469
C12 450.035 88.75614166259766
C12 475.003 90.48651123046875
C12 500.018 92.68762969970703
C12 525.002 95.4731674194336
C12 550.029 96.61766815185547
C12 575.023 97.62809753417969
C12 599.982 98.40878295898438
C12 619.997 99.35315704345703
C12 624.979 99.03580474853516
C12 650.012 99.32596588134766
C12 675.004 99.56629180908203
C12 700.03 99.30883026123047
C12 725.012 98.97229766845703
C12 750.022 99.26896667480469
C12 774.987 99.04631805419922
C12 799.976 98.69468688964844
C12 824.988 96.58374786376953
C12 850.022 94.53022003173828
C12 869.967 91.62477111816406
C12 875.002 90.36993408203125
C12 899.999 84.01203918457031
C12 919.999 74.63072967529297
C12 925.012 72.2605209350586
C12 949.965 58.26197052001953
C12 975.002 43.58063888549805
C12 999.976 26.184621810913086
C12 1025.028 11.272662162780762
C12 1050.014 3.9931836128234863
C12 1075.002 0.9457305602580531
C12 1099.99 0.09383451736399344
C13 319.994 44.90748977661133
C13 324.969 50.64949417114258
C13 349.982 74.18959045410156
C13 374.975 78.18269348144531
C13 400.019 84.86570739746094
C13 424.965 86.39655303955078
C13 450.035 88.97173309326172
C13 475.003 90.68550109863281
C13 500.018 92.88008880615234
C13 525.002 95.65799713134766
C13 550.029 96.7991943359375
C13 575.023 97.80472564697266
C13 599.982 98.57879638671875
C13 619.997 99.5210189819336
C13 624.979 99.20030212402344
C13 650.012 99.48555755615234
C13 675.004 99.72364044189453
C13 700.03 99.46246337890625
C13 725.012 99.12210083007812
C13 750.022 99.42231750488281
C13 774.987 99.19803619384766
C13 799.976 98.8449478149414
C13 824.988 96.73491668701172
C13 850.022 94.65966033935547
C13 869.967 91.80176544189453
C13 875.002 90.56684112548828
C13 899.999 84.17699432373047
C13 919.999 74.68132019042969
C13 925.012 72.31240844726562
C13 949.965 58.40774154663086
C13 975.002 43.651126861572266
C13 999.976 26.155622482299805
C13 1025.028 11.270176887512207
C13 1050.014 3.9861559867858887
C13 1075.002 0.9471915260013494
C13 1099.99 0.09397947304288164
C14 319.994 45.23963165283203
C14 324.969 51.020015716552734
C14 349.982 74.66722869873047
C14 374.975 78.56684112548828
C14 400.019 85.13066864013672
C14 424.965 86.6025619506836
C14 450.035 89.15591430664062
C14 475.003 90.8533706665039
C14 500.018 93.03852081298828
C14 525.002 95.81269073486328
C14 550.029 96.94351959228516
C14 575.023 97.94548034667969
C14 599.982 98.7127685546875
C14 619.997 99.6498794555664
C14 624.979 99.32772827148438
C14 650.012 99.6091537475586
C14 675.004 99.84087371826172
C14 700.03 99.57454681396484
C14 725.012 99.23465728759766
C14 750.022 99.53919982910156
C14 774.987 99.32144165039062
C14 799.976 98.96219635009766
C14 824.988 96.85249328613281
C14 850.022 94.76716613769531
C14 869.967 91.97434997558594
C14 875.002 90.76300811767578
C14 899.999 84.26390838623047
C14 919.999 74.71253967285156
C14 925.012 72.33857727050781
C14 949.965 58.54802703857422
C14 975.002 43.802284240722656
C14 999.976 26.191946029663086
C14 1025.028 11.246753692626953
C14 1050.014 3.989619731903076
C14 1075.002 0.9483050580644615
C14 1099.99 0.09408995667120275
C15 319.994 45.42162322998047
C15 324.969 51.22479248046875
C15 349.982 74.89717102050781
C15 374.975 78.71772003173828
C15 400.019 85.19172668457031
C15 424.965 86.62444305419922
C15 450.035 89.15779876708984
C15 475.003 90.84477233886719
C15 500.018 93.01895904541016
C15 525.002 95.7857894897461
C15 550.029 96.90975189208984
C15 575.023 97.90245056152344
C15 599.982 98.66338348388672
C15 619.997 99.5972671508789
C15 624.979 99.2735824584961
C15 650.012 99.5462875366211
C15 675.004 99.77511596679688
C15 700.03 99.50716400146484
C15 725.012 99.17582702636719
C15 750.022 99.48725128173828
C15 774.987 99.27517700195312
C15 799.976 98.92562103271484
C15 824.988 96.81031036376953
C15 850.022 94.74830627441406
C15 869.967 91.99988555908203
C15 875.002 90.78009796142578
C15 899.999 84.2283706665039
C15 919.999 74.7085189819336
C15 925.012 72.36978912353516
C15 949.965 58.58402633666992
C15 975.002 43.705196380615234
C15 999.976 26.08784294128418
C15 1025.028 11.204846382141113
C15 1050.014 4.001539707183838
C15 1075.002 0.9478101466550907
C15 1099.99 0.09404085201583073
C16 319.994 45.54026412963867
C16 324.969 51.35673904418945
C16 349.982 75.0296859741211
C16 374.975 78.76663208007812
C16 400.019 85.12307739257812
C16 424.965 86.51461791992188
C16 450.035 89.02098083496094
C16 475.003 90.69532775878906
C16 500.018 92.85665893554688
C16 525.002 95.61307525634766
C16 550.029 96.7282485961914
C16 575.023 97.712646484375
C16 599.982 98.46722412109375
C16 619.997 99.39412689208984
C16 624.979 99.06997680664062
C16 650.012 99.33876037597656
C16 675.004 99.56114959716797
C16 700.03 99.29702758789062
C16 725.012 98.97301483154297
C16 750.022 99.29972839355469
C16 774.987 99.10304260253906
C16 799.976 98.76447296142578
C16 824.988 96.65203094482422
C16 850.022 94.61250305175781
C16 869.967 91.88897705078125
C16 875.002 90.68360900878906
C16 899.999 84.11502838134766
C16 919.999 74.61856842041016
C16 925.012 72.225341796875
C16 949.965 58.45821762084961
C16 975.002 43.59052658081055
C16 999.976 26.02770233154297
C16 1025.028 11.168413162231445
C16 1050.014 4.008845806121826
C16 1075.002 0.946023624978348
C16 1099.99 0.09386359497630807
C17 319.994 45.567081451416016
C17 324.969 51.380088806152344
C17 349.982 75.01447296142578
C17 374.975 78.77784729003906
C17 400.019 85.22309112548828
C17 424.965 86.65219116210938
C17 450.035 89.19271850585938
C17 475.003 90.88957977294922
C17 500.018 93.07219696044922
C17 525.002 95.8391342163086
C17 550.029 96.96703338623047
C17 575.023 97.95661163330078
C17 599.982 98.71307373046875
C17 619.997 99.64334106445312
C17 624.979 99.31643676757812
C17 650.012 99.58804321289062
C17 675.004 99.81185913085938
C17 700.03 99.5509033203125
C17 725.012 99.2428207397461
C17 750.022 99.59383392333984
C17 774.987 99.42322540283203
C17 799.976 99.09679412841797
C17 824.988 96.98090362548828
C17 850.022 94.96392059326172
C17 869.967 92.2297592163086
C17 875.002 90.99176025390625
C17 899.999 84.44221496582031
C17 919.999 74.74174499511719
C17 925.012 72.43062591552734
C17 949.965 58.755165100097656
C17 975.002 43.841285705566406
C17 999.976 26.173425674438477
C17 1025.028 11.244730949401855
C17 1050.014 4.045681953430176
C17 1075.002 0.9488255533706371
C17 1099.99 0.09414159973731227
