lsstcam/transmission_sensor/r12_s21/19700101T000000.ecsv
# %ECSV 0.9
# ---
# datatype:
# - {name: amp_name, datatype: string}
# - {name: wavelength, unit: nm, datatype: float32}
# - {name: efficiency, unit: '%', datatype: float32}
# meta: !!omap
# - {MODE: AMP}
# - {TYPE: transmission_sensor}
# - {CALIBDATE: '1970-01-01T00:00:00'}
# - {INSTRUME: LSSTCAM}
# - {OBSTYPE: transmission_sensor}
# - {DETECTOR: 52}
# - {CALIBCLS: lsst.ip.isr.IntermediateSensorTransmissionCurve}
# - {PICKLEFILE: RaftRun11415.p}
# - {CALIB_ID: 'raftName=R12 detectorName=S21 detector=52 calibDate=1970-01-01T00:00:00 ccd=52 ccdnum=52 filter=None'}
# - {DATE: '2020-07-23T19:15:33.938064'}
# - {CALIB_CREATION_DATE: '2020-07-23'}
# - {CALIB_CREATION_TIME: '19:15:33'}
# - __serialized_columns__:
#     efficiency:
#       __class__: astropy.units.quantity.Quantity
#       unit: !astropy.units.Unit {unit: '%'}
#       value: !astropy.table.SerializedColumn {name: efficiency}
#     wavelength:
#       __class__: astropy.units.quantity.Quantity
#       unit: !astropy.units.Unit {unit: nm}
#       value: !astropy.table.SerializedColumn {name: wavelength}
# schema: astropy-2.0
amp_name wavelength efficiency
C12 319.994 44.59394
C12 324.969 50.299423
C12 349.982 73.716675
C12 374.975 77.77283
C12 400.019 84.56976
C12 424.965 86.15813
C12 450.035 88.75614
C12 475.003 90.48651
C12 500.018 92.68763
C12 525.002 95.47317
C12 550.029 96.61767
C12 575.023 97.6281
C12 599.982 98.40878
C12 619.997 99.35316
C12 624.979 99.035805
C12 650.012 99.325966
C12 675.004 99.56629
C12 700.03 99.30883
C12 725.012 98.9723
C12 750.022 99.26897
C12 774.987 99.04632
C12 799.976 98.69469
C12 824.988 96.58375
C12 850.022 94.53022
C12 869.967 91.62477
C12 875.002 90.369934
C12 899.999 84.01204
C12 919.999 74.63073
C12 925.012 72.26052
C12 949.965 58.26197
C12 975.002 43.58064
C12 999.976 26.184622
C12 1025.028 11.272662
C12 1050.014 3.9931836
C12 1075.002 2.167052
C12 1099.99 1.6044428
C16 319.994 45.540264
C16 324.969 51.35674
C16 349.982 75.029686
C16 374.975 78.76663
C16 400.019 85.12308
C16 424.965 86.51462
C16 450.035 89.02098
C16 475.003 90.69533
C16 500.018 92.85666
C16 525.002 95.613075
C16 550.029 96.72825
C16 575.023 97.71265
C16 599.982 98.467224
C16 619.997 99.39413
C16 624.979 99.06998
C16 650.012 99.33876
C16 675.004 99.56115
C16 700.03 99.29703
C16 725.012 98.973015
C16 750.022 99.29973
C16 774.987 99.10304
C16 799.976 98.76447
C16 824.988 96.65203
C16 850.022 94.6125
C16 869.967 91.88898
C16 875.002 90.68361
C16 899.999 84.11503
C16 919.999 74.61857
C16 925.012 72.22534
C16 949.965 58.458218
C16 975.002 43.590527
C16 999.976 26.027702
C16 1025.028 11.168413
C16 1050.014 4.008846
C16 1075.002 2.1870494
C16 1099.99 1.6162891
C13 319.994 44.90749
C13 324.969 50.649494
C13 349.982 74.18959
C13 374.975 78.18269
C13 400.019 84.86571
C13 424.965 86.39655
C13 450.035 88.97173
C13 475.003 90.6855
C13 500.018 92.88009
C13 525.002 95.658
C13 550.029 96.799194
C13 575.023 97.804726
C13 599.982 98.5788
C13 619.997 99.52102
C13 624.979 99.2003
C13 650.012 99.48556
C13 675.004 99.72364
C13 700.03 99.46246
C13 725.012 99.1221
C13 750.022 99.42232
C13 774.987 99.19804
C13 799.976 98.84495
C13 824.988 96.73492
C13 850.022 94.65966
C13 869.967 91.801765
C13 875.002 90.56684
C13 899.999 84.176994
C13 919.999 74.68132
C13 925.012 72.31241
C13 949.965 58.40774
C13 975.002 43.651127
C13 999.976 26.155622
C13 1025.028 11.270177
C13 1050.014 3.986156
C13 1075.002 2.168195
C13 1099.99 1.6066927
C03 319.994 45.466606
C03 324.969 51.294636
C03 349.982 75.46017
C03 374.975 79.48448
C03 400.019 85.547165
C03 424.965 86.74402
C03 450.035 89.13312
C03 475.003 90.7364
C03 500.018 92.85787
C03 525.002 95.59738
C03 550.029 96.71301
C03 575.023 97.70577
C03 599.982 98.478264
C03 619.997 99.42141
C03 624.979 99.09903
C03 650.012 99.38799
C03 675.004 99.61587
C03 700.03 99.277626
C03 725.012 98.696075
C03 750.022 98.66567
C03 774.987 98.111404
C03 799.976 97.619026
C03 824.988 95.54714
C03 850.022 93.437294
C03 869.967 90.46717
C03 875.002 89.20807
C03 899.999 83.12284
C03 919.999 74.399574
C03 925.012 72.15723
C03 949.965 57.858536
C03 975.002 42.90067
C03 999.976 25.846111
C03 1025.028 11.140245
C03 1050.014 3.9539757
C03 1075.002 2.142822
C03 1099.99 1.5847096
C07 319.994 46.275684
C07 324.969 52.196236
C07 349.982 76.41757
C07 374.975 80.068794
C07 400.019 85.91778
C07 424.965 87.048996
C07 450.035 89.4311
C07 475.003 91.03404
C07 500.018 93.15784
C07 525.002 95.88973
C07 550.029 96.991455
C07 575.023 97.9668
C07 599.982 98.72261
C07 619.997 99.64695
C07 624.979 99.3209
C07 650.012 99.58758
C07 675.004 99.798744
C07 700.03 99.45848
C07 725.012 98.908714
C07 750.022 98.93851
C07 774.987 98.436386
C07 799.976 97.97361
C07 824.988 95.912285
C07 850.022 93.73719
C07 869.967 90.95619
C07 875.002 89.79814
C07 899.999 83.57039
C07 919.999 74.39339
C07 925.012 72.13688
C07 949.965 58.142685
C07 975.002 43.419003
C07 999.976 26.07564
C07 1025.028 11.218122
C07 1050.014 4.0038495
C07 1075.002 2.1612537
C07 1099.99 1.5993814
C15 319.994 45.421623
C15 324.969 51.224792
C15 349.982 74.89717
C15 374.975 78.71772
C15 400.019 85.19173
C15 424.965 86.62444
C15 450.035 89.1578
C15 475.003 90.84477
C15 500.018 93.01896
C15 525.002 95.78579
C15 550.029 96.90975
C15 575.023 97.90245
C15 599.982 98.66338
C15 619.997 99.59727
C15 624.979 99.27358
C15 650.012 99.54629
C15 675.004 99.775116
C15 700.03 99.507164
C15 725.012 99.17583
C15 750.022 99.48725
C15 774.987 99.27518
C15 799.976 98.92562
C15 824.988 96.81031
C15 850.022 94.74831
C15 869.967 91.999886
C15 875.002 90.7801
C15 899.999 84.22837
C15 919.999 74.70852
C15 925.012 72.36979
C15 949.965 58.584026
C15 975.002 43.705196
C15 999.976 26.087843
C15 1025.028 11.204846
C15 1050.014 4.0015397
C15 1075.002 2.1811566
C15 1099.99 1.6152878
C17 319.994 45.56708
C17 324.969 51.38009
C17 349.982 75.01447
C17 374.975 78.77785
C17 400.019 85.22309
C17 424.965 86.65219
C17 450.035 89.19272
C17 475.003 90.88958
C17 500.018 93.0722
C17 525.002 95.839134
C17 550.029 96.96703
C17 575.023 97.95661
C17 599.982 98.71307
C17 619.997 99.64334
C17 624.979 99.31644
C17 650.012 99.58804
C17 675.004 99.81186
C17 700.03 99.5509
C17 725.012 99.24282
C17 750.022 99.593834
C17 774.987 99.423225
C17 799.976 99.096794
C17 824.988 96.9809
C17 850.022 94.96392
C17 869.967 92.22976
C17 875.002 90.99176
C17 899.999 84.442215
C17 919.999 74.741745
C17 925.012 72.430626
C17 949.965 58.755165
C17 975.002 43.841286
C17 999.976 26.173426
C17 1025.028 11.244731
C17 1050.014 4.045682
C17 1075.002 2.1995714
C17 1099.99 1.6223713
C02 319.994 45.427254
C02 324.969 51.2516
C02 349.982 75.438614
C02 374.975 79.53169
C02 400.019 85.693436
C02 424.965 86.93385
C02 450.035 89.35105
C02 475.003 90.9657
C02 500.018 93.10331
C02 525.002 95.85901
C02 550.029 96.98383
C02 575.023 97.98283
C02 599.982 98.76427
C02 619.997 99.71234
C02 624.979 99.39124
C02 650.012 99.68363
C02 675.004 99.91611
C02 700.03 99.5793
C02 725.012 98.997696
C02 750.022 98.97076
C02 774.987 98.41538
C02 799.976 97.9246
C02 824.988 95.83044
C02 850.022 93.71641
C02 869.967 90.72808
C02 875.002 89.447426
C02 899.999 83.25777
C02 919.999 74.576996
C02 925.012 72.37448
C02 949.965 58.0887
C02 975.002 42.949642
C02 999.976 25.870716
C02 1025.028 11.129698
C02 1050.014 3.9610472
C02 1075.002 2.1544468
C02 1099.99 1.5911096
C11 319.994 44.352177
C11 324.969 50.027367
C11 349.982 73.35236
C11 374.975 77.45727
C11 400.019 84.38898
C11 424.965 86.04095
C11 450.035 88.67361
C11 475.003 90.42109
C11 500.018 92.63658
C11 525.002 95.43227
C11 550.029 96.5865
C11 575.023 97.60208
C11 599.982 98.39025
C11 619.997 99.3398
C11 624.979 99.02176
C11 650.012 99.3164
C11 675.004 99.56164
C11 700.03 99.30857
C11 725.012 98.97417
C11 750.022 99.27951
C11 774.987 99.05831
C11 799.976 98.71196
C11 824.988 96.59396
C11 850.022 94.56538
C11 869.967 91.63427
C11 875.002 90.34427
C11 899.999 83.98401
C11 919.999 74.68733
C11 925.012 72.32948
C11 949.965 58.347782
C11 975.002 43.46487
C11 999.976 26.13433
C11 1025.028 11.274541
C11 1050.014 4.0200243
C11 1075.002 2.17423
C11 1099.99 1.6042612
C04 319.994 45.783703
C04 324.969 51.645878
C04 349.982 75.893456
C04 374.975 79.8206
C04 400.019 85.76704
C04 424.965 86.910164
C04 450.035 89.28318
C04 475.003 90.8719
C04 500.018 92.98678
C04 525.002 95.71599
C04 550.029 96.82517
C04 575.023 97.81452
C04 599.982 98.577225
C04 619.997 99.51479
C04 624.979 99.1935
C04 650.012 99.47337
C04 675.004 99.69977
C04 700.03 99.353195
C04 725.012 98.77207
C04 750.022 98.74791
C04 774.987 98.194824
C04 799.976 97.702065
C04 824.988 95.6358
C04 850.022 93.49939
C04 869.967 90.53909
C04 875.002 89.30557
C04 899.999 83.291245
C04 919.999 74.40897
C04 925.012 72.116066
C04 949.965 57.787502
C04 975.002 43.01618
C04 999.976 25.885887
C04 1025.028 11.167273
C04 1050.014 3.9428368
C04 1075.002 2.1355283
C04 1099.99 1.584596
C10 319.994 43.903885
C10 324.969 49.525135
C10 349.982 72.6458
C10 374.975 76.81374
C10 400.019 83.91036
C10 424.965 85.650505
C10 450.035 88.318855
C10 475.003 90.09273
C10 500.018 92.321526
C10 525.002 95.1193
C10 550.029 96.28467
C10 575.023 97.30836
C10 599.982 98.09793
C10 619.997 99.05129
C10 624.979 98.73873
C10 650.012 99.03427
C10 675.004 99.282936
C10 700.03 99.03705
C10 725.012 98.70701
C10 750.022 99.01567
C10 774.987 98.80743
C10 799.976 98.46277
C10 824.988 96.34597
C10 850.022 94.33045
C10 869.967 91.40917
C10 875.002 90.11946
C10 899.999 83.69131
C10 919.999 74.49372
C10 925.012 72.19782
C10 949.965 58.23063
C10 975.002 43.32097
C10 999.976 26.104403
C10 1025.028 11.247941
C10 1050.014 4.0309076
C10 1075.002 2.1762059
C10 1099.99 1.6011664
C00 319.994 44.966915
C00 324.969 50.739586
C00 349.982 74.76178
C00 374.975 78.9565
C00 400.019 85.36192
C00 424.965 86.71814
C00 450.035 89.194786
C00 475.003 90.85092
C00 500.018 93.014786
C00 525.002 95.78325
C00 550.029 96.92467
C00 575.023 97.94467
C00 599.982 98.73535
C00 619.997 99.69302
C00 624.979 99.37268
C00 650.012 99.67449
C00 675.004 99.91722
C00 700.03 99.59122
C00 725.012 99.02728
C00 750.022 99.02669
C00 774.987 98.49079
C00 799.976 98.00686
C00 824.988 95.8895
C00 850.022 93.73781
C00 869.967 90.777985
C00 875.002 89.46934
C00 899.999 83.07369
C00 919.999 74.278824
C00 925.012 72.121216
C00 949.965 58.08501
C00 975.002 42.7717
C00 999.976 25.748253
C00 1025.028 11.066418
C00 1050.014 3.9733846
C00 1075.002 2.1625223
C00 1099.99 1.5906796
C05 319.994 46.03053
C05 324.969 51.92497
C05 349.982 76.20694
C05 374.975 80.02853
C05 400.019 85.90108
C05 424.965 87.01945
C05 450.035 89.37937
C05 475.003 90.96401
C05 500.018 93.07557
C05 525.002 95.803894
C05 550.029 96.906364
C05 575.023 97.88663
C05 599.982 98.646935
C05 619.997 99.57838
C05 624.979 99.25375
C05 650.012 99.530136
C05 675.004 99.7474
C05 700.03 99.40236
C05 725.012 98.825165
C05 750.022 98.80799
C05 774.987 98.26717
C05 799.976 97.77688
C05 824.988 95.71263
C05 850.022 93.53781
C05 869.967 90.64817
C05 875.002 89.44606
C05 899.999 83.39945
C05 919.999 74.31003
C05 925.012 71.970825
C05 949.965 57.803394
C05 975.002 43.145947
C05 999.976 25.943394
C05 1025.028 11.174795
C05 1050.014 3.9390337
C05 1075.002 2.1338735
C05 1099.99 1.5863434
C06 319.994 46.23827
C06 324.969 52.15756
C06 349.982 76.44092
C06 374.975 80.1476
C06 400.019 85.95816
C06 424.965 87.05725
C06 450.035 89.41771
C06 475.003 90.9961
C06 500.018 93.10736
C06 525.002 95.829796
C06 550.029 96.92667
C06 575.023 97.899574
C06 599.982 98.65268
C06 619.997 99.58126
C06 624.979 99.2545
C06 650.012 99.524605
C06 675.004 99.738716
C06 700.03 99.39173
C06 725.012 98.8265
C06 750.022 98.828545
C06 774.987 98.29795
C06 799.976 97.8209
C06 824.988 95.76131
C06 850.022 93.57112
C06 869.967 90.77049
C06 875.002 89.59379
C06 899.999 83.443794
C06 919.999 74.22961
C06 925.012 71.86837
C06 949.965 57.877937
C06 975.002 43.22424
C06 999.976 25.946068
C06 1025.028 11.168304
C06 1050.014 3.9534705
C06 1075.002 2.142181
C06 1099.99 1.5913678
C01 319.994 45.141674
C01 324.969 50.932426
C01 349.982 74.99974
C01 374.975 79.11396
C01 400.019 85.36698
C01 424.965 86.655365
C01 450.035 89.09528
C01 475.003 90.72445
C01 500.018 92.867455
C01 525.002 95.620964
C01 550.029 96.75021
C01 575.023 97.75839
C01 599.982 98.53881
C01 619.997 99.49004
C01 624.979 99.17149
C01 650.012 99.46501
C01 675.004 99.70459
C01 700.03 99.369804
C01 725.012 98.79605
C01 750.022 98.779564
C01 774.987 98.23142
C01 799.976 97.738655
C01 824.988 95.63863
C01 850.022 93.5087
C01 869.967 90.53951
C01 875.002 89.244446
C01 899.999 82.94692
C01 919.999 74.2471
C01 925.012 72.077
C01 949.965 57.946518
C01 975.002 42.714737
C01 999.976 25.734688
C01 1025.028 11.053585
C01 1050.014 3.9548492
C01 1075.002 2.1548862
C01 1099.99 1.5868243
C14 319.994 45.23963
C14 324.969 51.020016
C14 349.982 74.66723
C14 374.975 78.56684
C14 400.019 85.13067
C14 424.965 86.60256
C14 450.035 89.155914
C14 475.003 90.85337
C14 500.018 93.03852
C14 525.002 95.81269
C14 550.029 96.94352
C14 575.023 97.94548
C14 599.982 98.71277
C14 619.997 99.64988
C14 624.979 99.32773
C14 650.012 99.60915
C14 675.004 99.84087
C14 700.03 99.57455
C14 725.012 99.23466
C14 750.022 99.5392
C14 774.987 99.32144
C14 799.976 98.9622
C14 824.988 96.85249
C14 850.022 94.767166
C14 869.967 91.97435
C14 875.002 90.76301
C14 899.999 84.26391
C14 919.999 74.71254
C14 925.012 72.33858
C14 949.965 58.548027
C14 975.002 43.802284
C14 999.976 26.191946
C14 1025.028 11.246754
C14 1050.014 3.9896197
C14 1075.002 2.175797
C14 1099.99 1.6118078
