lsstCam/transmission_sensor/r12_s21/19700101T000000.ecsv
# %ECSV 1.0
# ---
# datatype:
# - {name: amp_name, datatype: string}
# - {name: wavelength, unit: nm, datatype: float32}
# - {name: efficiency, unit: '%', datatype: float64}
# meta: !!omap
# - {MODE: AMP}
# - {TYPE: transmission_sensor}
# - {CALIBDATE: '1970-01-01T00:00:00'}
# - {INSTRUME: LSSTCam}
# - {OBSTYPE: transmission_sensor}
# - {DETECTOR: 52}
# - {PARQUETFILE: qe_raft_allvalues_nircorrected_20230725_adjust.parquet}
# - {CORRFILE: qe_corr_factor_bydetnum.parquet}
# - {CALIBCLS: lsst.ip.isr.IntermediateSensorTransmissionCurve}
# - {CALIB_ID: 'raftName=R12 detectorName=S21 detector=52 calibDate=1970-01-01T00:00:00 ccd=52 ccdnum=52 filter=None'}
# - {DATE: '2025-03-03T21:56:47.664474'}
# - {CALIB_CREATION_DATE: '2025-03-03'}
# - {CALIB_CREATION_TIME: '21:56:47'}
# - __serialized_columns__:
#     efficiency:
#       __class__: astropy.units.quantity.Quantity
#       unit: !astropy.units.Unit {unit: '%'}
#       value: !astropy.table.SerializedColumn {name: efficiency}
#     wavelength:
#       __class__: astropy.units.quantity.Quantity
#       unit: !astropy.units.Unit {unit: nm}
#       value: !astropy.table.SerializedColumn {name: wavelength}
# schema: astropy-2.0
amp_name wavelength efficiency
C00 319.994 44.576048012842385
C00 324.969 50.29854081853915
C00 349.982 74.11192596931605
C00 374.975 78.27018152235333
C00 400.019 84.61992949196942
C00 424.965 85.96435724631912
C00 450.035 88.4194758497847
C00 475.003 90.06121573749948
C00 500.018 92.2062708592025
C00 525.002 94.95066960789666
C00 550.029 96.08216648277852
C00 575.023 97.09330454485045
C00 599.982 97.87711162819664
C00 619.997 98.8264593483899
C00 624.979 98.50890085698208
C00 650.012 98.8080886335278
C00 675.004 99.04870793914226
C00 700.03 98.72553764434717
C00 725.012 98.16650521958535
C00 750.022 98.16591529955272
C00 774.987 97.63467718402028
C00 799.976 97.15495118825964
C00 824.988 95.05600058602937
C00 850.022 92.92300857268577
C00 869.967 89.98891271811635
C00 875.002 88.69164075098985
C00 899.999 82.35158864652534
C00 919.999 73.6331680474551
C00 925.012 71.49431464917197
C00 949.965 57.58011663968729
C00 975.002 42.399916206343825
C00 999.976 25.52444064232498
C00 1025.028 10.970224775907486
C00 1050.014 3.938846661480427
C00 1075.002 0.9352218604121032
C00 1099.99 0.09279185381942244
C01 319.994 44.74928786242291
C01 324.969 50.489705161418634
C01 349.982 74.34781835159217
C01 374.975 78.42627587560106
C01 400.019 84.62494381224671
C01 424.965 85.90212824595464
C01 450.035 88.32083819509906
C01 475.003 89.93584260441223
C01 500.018 92.06022027266405
C01 525.002 94.7897953897692
C01 550.029 95.90922915629164
C01 575.023 96.90864444848451
C01 599.982 97.68227919280662
C01 619.997 98.62524367572378
C01 624.979 98.30946250749119
C01 650.012 98.60042921896688
C01 675.004 98.83792497363936
C01 700.03 98.50604957682441
C01 725.012 97.93728347152428
C01 750.022 97.92093966138967
C01 774.987 97.37756280672438
C01 799.976 96.88907876740248
C01 824.988 94.80731147689173
C01 850.022 92.69588936012559
C01 869.967 89.75251360965837
C01 875.002 88.46870392019942
C01 899.999 82.22592055342179
C01 919.999 73.60172077186985
C01 925.012 71.45048661597896
C01 949.965 57.44282787824877
C01 975.002 42.34344648937478
C01 999.976 25.51099349081209
C01 1025.028 10.957503679819366
C01 1050.014 3.92047240142583
C01 1075.002 0.9328882450471639
C01 1099.99 0.09256031464676154
C02 319.994 45.03238519192495
C02 324.969 50.806102720454554
C02 349.982 74.7828768125749
C02 374.975 78.84037704927097
C02 400.019 84.94856032860493
C02 424.965 86.17819569506791
C02 450.035 88.57438279988985
C02 475.003 90.17499467302247
C02 500.018 92.29402524559397
C02 525.002 95.02577096589607
C02 550.029 96.14081814756055
C02 575.023 97.13112749463446
C02 599.982 97.90577569132029
C02 619.997 98.84560906021815
C02 624.979 98.52730182415354
C02 650.012 98.81714920018273
C02 675.004 99.04760372985042
C02 700.03 98.71372411754001
C02 725.012 98.13717560565566
C02 750.022 98.11047037956342
C02 774.987 97.55992372757856
C02 799.976 97.0734060883654
C02 824.988 94.99744724125279
C02 850.022 92.90179414074333
C02 869.967 89.9394426292267
C02 875.002 88.66991959286554
C02 899.999 82.53406301353965
C02 919.999 73.92874823610902
C02 925.012 71.7453785645948
C02 949.965 57.58377338758182
C02 975.002 42.576309859175694
C02 999.976 25.645839378269354
C02 1025.028 11.03295483014582
C02 1050.014 3.926616456380994
C02 1075.002 0.9346940555082329
C02 1099.99 0.09273948550174482
C03 319.994 45.07139554485153
C03 324.969 50.848766039737
C03 349.982 74.80424250606416
C03 374.975 78.79357672668282
C03 400.019 84.80356100981693
C03 424.965 85.99001120466092
C03 450.035 88.35834349563471
C03 475.003 89.94768638352875
C03 500.018 92.05072104752334
C03 525.002 94.76641791770714
C03 550.029 95.87235159117532
C03 575.023 96.85648190406135
C03 599.982 97.62225861102581
C03 619.997 98.55720623196117
C03 624.979 98.23762839890323
C03 650.012 98.52407995320614
C03 675.004 98.74997394723702
C03 700.03 98.41467247638644
C03 725.012 97.83817690604347
C03 750.022 97.80803804283828
C03 774.987 97.25858803706791
C03 799.976 96.77048971469041
C03 824.988 94.71661505341447
C03 850.022 92.62510651928808
C03 869.967 89.68080051030786
C03 875.002 88.43264316743596
C03 899.999 82.4003099907582
C03 919.999 73.75286887253635
C03 925.012 71.53001237422306
C03 949.965 57.355610470348545
C03 975.002 42.527762465721686
C03 999.976 25.621448453843563
C03 1025.028 11.043410784570211
C03 1050.014 3.9196064290702477
C03 1075.002 0.9318128493849869
C03 1099.99 0.092453614877106
C04 319.994 45.385735946850616
C04 324.969 51.19695499437721
C04 349.982 75.23376479443304
C04 374.975 79.1267756620325
C04 400.019 85.02152133571676
C04 424.965 86.15471233992308
C04 450.035 88.50710166386136
C04 475.003 90.08201420018814
C04 500.018 92.17850680228247
C04 525.002 94.88399351805548
C04 550.029 95.98353639117022
C04 575.023 96.96428600848468
C04 599.982 97.72035928722022
C04 619.997 98.64977829861907
C04 624.979 98.33127442254359
C04 650.012 98.60871835173297
C04 675.004 98.83314510875964
C04 700.03 98.48958475745232
C04 725.012 97.91351271944048
C04 750.022 97.88956045350048
C04 774.987 97.34128272471801
C04 799.976 96.85280624847346
C04 824.988 94.80450557519809
C04 850.022 92.68666240576917
C04 869.967 89.75209764040459
C04 875.002 88.52929929585817
C04 899.999 82.5672497969134
C04 919.999 73.76218658382088
C04 925.012 71.48920957196657
C04 949.965 57.285194438762076
C04 975.002 42.642267456669444
C04 999.976 25.66087855756259
C04 1025.028 11.070202986051877
C04 1050.014 3.9085643361519042
C04 1075.002 0.9325894153469352
C04 1099.99 0.09253066503843403
C05 319.994 45.63041662499736
C05 324.969 51.47361992660044
C05 349.982 75.544524079311
C05 374.975 79.33289220881579
C05 400.019 85.15439704152661
C05 424.965 86.26304585976031
C05 450.035 88.60245694298087
C05 475.003 90.17332323293003
C05 500.018 92.26652589638088
C05 525.002 94.9711352951823
C05 550.029 96.06402266023667
C05 575.023 97.0357646524376
C05 599.982 97.78946312488796
C05 619.997 98.71280898518171
C05 624.979 98.39100760738542
C05 650.012 98.66498764715247
C05 675.004 98.88036140060157
C05 700.03 98.53832122783986
C05 725.012 97.9661441746588
C05 750.022 97.94911968756347
C05 774.987 97.41300338714586
C05 799.976 96.92696978488256
C05 824.988 94.8806657640253
C05 850.022 92.72475006326012
C05 869.967 89.8602269571536
C05 875.002 88.66856580202143
C05 899.999 82.67451692284551
C05 919.999 73.66410103378115
C05 925.012 71.34523126861966
C05 949.965 57.300948328864074
C05 975.002 42.770907839168146
C05 999.976 25.717885253022875
C05 1025.028 11.07766018031043
C05 1050.014 3.904794378443418
C05 1075.002 0.9331567253746063
C05 1099.99 0.09258695301820255
C06 319.994 45.83635165792447
C06 324.969 51.70418790242827
C06 349.982 75.77646853521495
C06 374.975 79.45092915688195
C06 400.019 85.21098398619444
C06 424.965 86.30052090798661
C06 450.035 88.64046140662106
C06 475.003 90.20513353622766
C06 500.018 92.29804123966221
C06 525.002 94.99681194275611
C06 550.029 96.08414800904195
C06 575.023 97.04859919468585
C06 599.982 97.79515812212598
C06 619.997 98.71566782841674
C06 624.979 98.39174878896486
C06 650.012 98.65950441608001
C06 675.004 98.87175461858713
C06 700.03 98.5277858611034
C06 725.012 97.96746771319353
C06 750.022 97.969494617921
C06 774.987 97.44351284114079
C06 799.976 96.97060874114203
C06 824.988 94.92891819746299
C06 850.022 92.75777045893237
C06 869.967 89.98148577616716
C06 875.002 88.81500966858164
C06 899.999 82.71847352835333
C06 919.999 73.58437863552618
C06 925.012 71.24366670300292
C06 949.965 57.37484337602755
C06 975.002 42.84852013884488
C06 999.976 25.720536111631013
C06 1025.028 11.071225892262293
C06 1050.014 3.9191056115425513
C06 1075.002 0.9333505603326265
C06 1099.99 0.0926061851446648
C07 319.994 45.87344098920635
C07 324.969 51.74252892301014
C07 349.982 75.75332551855047
C07 374.975 79.37281013102334
C07 400.019 85.17095261782677
C07 424.965 86.29233765830328
C07 450.035 88.65373460735509
C07 475.003 90.2427447198461
C07 500.018 92.34807855935246
C07 525.002 95.05622747834961
C07 550.029 96.14837366182454
C07 575.023 97.11523746914031
C07 599.982 97.86448128903662
C07 619.997 98.7807859243256
C07 624.979 98.45757025106647
C07 650.012 98.72193005645536
C07 675.004 98.93126091110872
C07 700.03 98.5939552247627
C07 725.012 98.04896743462372
C07 750.022 98.07850125164161
C07 774.987 97.58074487949925
C07 799.976 97.12199129720612
C07 824.988 95.07858393497058
C07 850.022 92.92239596342112
C07 869.967 90.16557107865516
C07 875.002 89.01758669516919
C07 899.999 82.84396767067803
C07 919.999 73.74673521681254
C07 925.012 71.50984164695373
C07 949.965 57.63728972284908
C07 975.002 43.04159037721438
C07 999.976 25.848981744888174
C07 1025.028 11.120609951147182
C07 1050.014 3.9690467383428634
C07 1075.002 0.9343890605683394
C07 1099.99 0.09270922418400168
C10 319.994 43.522257976104015
C10 324.969 49.09464638580739
C10 349.982 72.01433672100723
C10 374.975 76.14605343565377
C10 400.019 83.18098596008508
C10 424.965 84.90600289240527
C10 450.035 87.55115894022647
C10 475.003 89.30961223747266
C10 500.018 91.51903671042776
C10 525.002 94.2924928022673
C10 550.029 95.44773017692361
C10 575.023 96.46252120535141
C10 599.982 97.2452316424831
C10 619.997 98.19030622397851
C10 624.979 97.88046207145885
C10 650.012 98.17343299843
C10 675.004 98.41993637821601
C10 700.03 98.17618595858225
C10 725.012 97.8490147958736
C10 750.022 98.15499421587184
C10 774.987 97.9485600198402
C10 799.976 97.60689800094556
C10 824.988 95.50849950336122
C10 850.022 93.51050085748304
C10 869.967 90.61461366964201
C10 875.002 89.3361132604767
C10 899.999 82.96383488346079
C10 919.999 73.84619724692838
C10 925.012 71.57025550875628
C10 949.965 57.724469315362605
C10 975.002 42.94440861491695
C10 999.976 25.87749454646499
C10 1025.028 11.150170238935774
C10 1050.014 3.995869664826228
C10 1075.002 0.9351177991842601
C10 1099.99 0.09278152895999492
C11 319.994 43.96665305606462
C11 324.969 49.592512422571204
C11 349.982 72.71476087666524
C11 374.975 76.78398388324037
C11 400.019 83.65544049093882
C11 424.965 85.29305093842522
C11 450.035 87.90282691044368
C11 475.003 89.63511952316622
C11 500.018 91.83135398923804
C11 525.002 94.60273779788605
C11 550.029 95.74694064270136
C11 575.023 96.75369211991531
C11 599.982 97.53501095081621
C11 619.997 98.47630399364095
C11 624.979 98.16102955159022
C11 650.012 98.4531080354351
C11 675.004 98.69621559349484
C11 700.03 98.44534831808288
C11 725.012 98.11385107513499
C11 750.022 98.41654055648975
C11 774.987 98.19726425513254
C11 799.976 97.85392323306813
C11 824.988 95.75433733234118
C11 850.022 93.74338313497731
C11 869.967 90.83775470352064
C11 875.002 89.55896689741635
C11 899.999 83.25399234566096
C11 919.999 74.03812546061934
C11 925.012 71.70077153443563
C11 949.965 57.840604149477414
C11 975.002 43.08705959819047
C11 999.976 25.9071626081057
C11 1025.028 11.176538908086325
C11 1050.014 3.985080934998819
C11 1075.002 0.937609538389802
C11 1099.99 0.09302875703485503
C12 319.994 44.206315632395395
C12 324.969 49.86220419748573
C12 349.982 73.07590538279115
C12 374.975 77.09680032515517
C12 400.019 83.834655171619
C12 424.965 85.40921224331073
C12 450.035 87.9846442811222
C12 475.003 89.69997291136814
C12 500.018 91.88195853972888
C12 525.002 94.64328345551293
C12 550.029 95.7778358136407
C12 575.023 96.77948221364926
C12 599.982 97.5533816656783
C12 619.997 98.48954694206562
C12 624.979 98.1749531769756
C12 650.012 98.46259213442112
C12 675.004 98.70082907067305
C12 700.03 98.44560546271249
C12 725.012 98.11199812118637
C12 750.022 98.40608838360403
C12 774.987 98.18537509755197
C12 799.976 97.83680042596735
C12 824.988 95.74421037178114
C12 850.022 93.70853247458845
C12 869.967 90.8283386722307
C12 875.002 89.5844090895926
C12 899.999 83.28177909181301
C12 919.999 73.98201498982401
C12 925.012 71.63240887834733
C12 949.965 57.755538437080794
C12 975.002 43.20182173376783
C12 999.976 25.95701652317042
C12 1025.028 11.174676500291023
C12 1050.014 3.9584735562196824
C12 1075.002 0.937509961241998
C12 1099.99 0.09301887708172957
C13 319.994 44.51713920343075
C13 324.969 50.20923221975404
C13 349.982 73.5447102948709
C13 374.975 77.50310396608616
C13 400.019 84.12802694168923
C13 424.965 85.64556597330467
C13 450.035 88.19836172063354
C13 475.003 89.89723309458473
C13 500.018 92.0727447287413
C13 525.002 94.82650656718403
C13 550.029 95.95778411282299
C13 575.023 96.95457501717841
C13 599.982 97.72191728115253
C13 619.997 98.65594976972959
C13 624.979 98.33802068753205
C13 650.012 98.62079658624708
C13 675.004 98.85680997776066
C13 700.03 98.59790315113487
C13 725.012 98.26049914478341
C13 750.022 98.55810623816478
C13 774.987 98.33577445356167
C13 799.976 97.98575523420487
C13 824.988 95.89406518622228
C13 850.022 93.83684764476148
C13 869.967 91.00379450347224
C13 875.002 89.779604552695
C13 899.999 83.44530038700992
C13 919.999 74.03216575567437
C13 925.012 71.68384536734573
C13 949.965 57.900042374302934
C13 975.002 43.271697005324384
C13 999.976 25.92826926619602
C13 1025.028 11.172212827847083
C13 1050.014 3.9515070166036486
C13 1075.002 0.9389582277937311
C13 1099.99 0.09316257275849738
C14 319.994 44.84639399394693
C14 324.969 50.57653307083579
C14 349.982 74.01819675182493
C14 374.975 77.88391247329953
C14 400.019 84.39068505467633
C14 424.965 85.8497841876753
C14 450.035 88.38094197073062
C14 475.003 90.06364348532604
C14 500.018 92.22979959281137
C14 525.002 94.97985552335685
C14 550.029 96.10085484688895
C14 575.023 97.09410623104863
C14 599.982 97.8547249192663
C14 619.997 98.78369014602467
C14 624.979 98.46433920528696
C14 650.012 98.74331843917665
C14 675.004 98.97302422418755
C14 700.03 98.70901232035636
C14 725.012 98.37207722480007
C14 750.022 98.67397258303399
C14 774.987 98.45810722955771
C14 799.976 98.10198460678644
C14 824.988 96.01061977112953
C14 850.022 93.94341896757817
C14 869.967 91.17487887601048
C14 875.002 89.97406639729532
C14 899.999 83.53145896408238
C14 919.999 74.0631138681551
C14 925.012 71.7097867226265
C14 949.965 58.039108458916665
C14 975.002 43.42154047514951
C14 999.976 25.964277077418096
C14 1025.028 11.14899323502453
C14 1050.014 3.954940653716613
C14 1075.002 0.9400620806723408
C14 1099.99 0.09327209602702423
C15 319.994 45.02680364084705
C15 324.969 50.77952984821579
C15 349.982 74.24614033981531
C15 374.975 78.03347989080169
C15 400.019 84.451212362639
C15 424.965 85.87147509349023
C15 450.035 88.38281005083392
C15 475.003 90.05511989716236
C15 500.018 92.2104078625082
C15 525.002 94.95318811265132
C15 550.029 96.06738066657623
C15 575.023 97.05145047484352
C15 599.982 97.80576911963587
C15 619.997 98.73153516467885
C15 624.979 98.41066404539554
C15 650.012 98.68099868188408
C15 675.004 98.90783806058262
C15 700.03 98.64221522127774
C15 725.012 98.31375833542106
C15 750.022 98.62247558941685
C15 774.987 98.41224472855987
C15 799.976 98.0657272140121
C15 824.988 95.96880351650931
C15 850.022 93.9247230403904
C15 869.967 91.20019249587192
C15 875.002 89.9910076905399
C15 899.999 83.49623014982646
C15 919.999 74.05912812639622
C15 925.012 71.74072727202989
C15 949.965 58.07479483935173
C15 975.002 43.3252965344424
C15 999.976 25.861078887095633
C15 1025.028 11.107450196573266
C15 1050.014 3.9667570166777755
C15 1075.002 0.9395714711946361
C15 1099.99 0.09322341820536004
C16 319.994 45.14441327504342
C16 324.969 50.91032948929544
C16 349.982 74.37750343015689
C16 374.975 78.08196677963697
C16 400.019 84.3831597927217
C16 424.965 85.76260459516178
C16 450.035 88.24718138487184
C16 475.003 89.90697433820037
C16 500.018 92.04951851822607
C16 525.002 94.78197516779827
C16 550.029 95.88745505662595
C16 575.023 96.86329623674588
C16 599.982 97.6113148381129
C16 619.997 98.53016066738857
C16 624.979 98.20882820038743
C16 650.012 98.47527541512252
C16 675.004 98.69573155654498
C16 700.03 98.43390538206545
C16 725.012 98.11270905045646
C16 750.022 98.43658271144427
C16 774.987 98.24160657758476
C16 799.976 97.9059798944085
C16 824.988 95.81189991398605
C16 850.022 93.7901002637147
C16 869.967 91.090248040561
C16 875.002 89.89535745140408
C16 899.999 83.38387307284364
C16 919.999 73.96995944454193
C16 925.012 71.59753552872645
C16 949.965 57.95007969399318
C16 975.002 43.211623482002196
C16 999.976 25.801461039183256
C16 1025.028 11.071333666114406
C16 1050.014 3.9739996086167677
C16 1075.002 0.9378004785479949
C16 1099.99 0.0930477019419378
C17 319.994 45.1709974918982
C17 324.969 50.933476287498586
C17 349.982 74.36242265393828
C17 374.975 78.09308450332873
C17 400.019 84.48230417358921
C17 424.965 85.89898200578065
C17 450.035 88.41742625582519
C17 475.003 90.099537850388
C17 500.018 92.26318301619602
C17 525.002 95.0060691494219
C17 550.029 96.12416425125494
C17 575.023 97.10514076088964
C17 599.982 97.85502744235995
C17 619.997 98.77720858874315
C17 624.979 98.4531458508218
C17 650.012 98.72239140417318
C17 675.004 98.94426184105848
C17 700.03 98.68557434367558
C17 725.012 98.38016971755529
C17 750.022 98.72813177987526
C17 774.987 98.5590062443684
C17 799.976 98.23541241724222
C17 824.988 96.13791392586148
C17 850.022 94.13846316913376
C17 869.967 91.42806801616624
C17 875.002 90.20083014522045
C17 899.999 83.70821564462662
C17 919.999 74.09206532821771
C17 925.012 71.80103525074966
C17 949.965 58.2444460087338
C17 975.002 43.4602029265184
C17 999.976 25.945917707172015
C17 1025.028 11.14698807414441
C17 1050.014 4.010515564097716
C17 1075.002 0.9405780516632604
C17 1099.99 0.09332329019473047
