lsstCam/transmission_sensor/r41_s22/19700101T000000.ecsv
# %ECSV 1.0
# ---
# datatype:
# - {name: amp_name, datatype: string}
# - {name: wavelength, unit: nm, datatype: float32}
# - {name: efficiency, unit: '%', datatype: float64}
# meta: !!omap
# - {MODE: AMP}
# - {TYPE: transmission_sensor}
# - {CALIBDATE: '1970-01-01T00:00:00'}
# - {INSTRUME: LSSTCAM}
# - {OBSTYPE: transmission_sensor}
# - {DETECTOR: 170}
# - {PARQUETFILE: qe_raft_allvalues_nircorrected_20230725.parquet}
# - {CALIBCLS: lsst.ip.isr.IntermediateSensorTransmissionCurve}
# - {CALIB_ID: 'raftName=R41 detectorName=S22 detector=170 calibDate=1970-01-01T00:00:00 ccd=170 ccdnum=170 filter=None'}
# - {DATE: '2024-01-18T22:42:25.580532'}
# - {CALIB_CREATION_DATE: '2024-01-18'}
# - {CALIB_CREATION_TIME: '22:42:25'}
# - __serialized_columns__:
#     efficiency:
#       __class__: astropy.units.quantity.Quantity
#       unit: !astropy.units.Unit {unit: '%'}
#       value: !astropy.table.SerializedColumn {name: efficiency}
#     wavelength:
#       __class__: astropy.units.quantity.Quantity
#       unit: !astropy.units.Unit {unit: nm}
#       value: !astropy.table.SerializedColumn {name: wavelength}
# schema: astropy-2.0
amp_name wavelength efficiency
C00 319.994 48.485652923583984
C00 324.969 50.0584831237793
C00 349.982 58.48701095581055
C00 374.975 72.29341125488281
C00 400.019 83.7281494140625
C00 424.965 84.6727066040039
C00 450.035 84.78741455078125
C00 475.003 85.21906280517578
C00 500.018 85.89916229248047
C00 525.002 86.24950408935547
C00 550.029 88.36293029785156
C00 575.023 90.02442932128906
C00 599.982 91.52605438232422
C00 619.997 93.24504852294922
C00 624.979 93.3124008178711
C00 650.012 94.76061248779297
C00 675.004 95.99386596679688
C00 700.03 96.83757019042969
C00 725.012 97.65802001953125
C00 750.022 98.67900085449219
C00 774.987 100.35386657714844
C00 799.976 100.00362396240234
C00 824.988 99.6711196899414
C00 850.022 98.05313110351562
C00 869.967 95.58514404296875
C00 875.002 94.87074279785156
C00 899.999 88.41361236572266
C00 919.999 80.54158020019531
C00 925.012 77.01529693603516
C00 949.965 63.59705352783203
C00 975.002 48.14634323120117
C00 999.976 30.786556243896484
C00 1025.028 14.92053508758545
C00 1050.014 6.042427062988281
C00 1075.002 0.9400993679351196
C00 1099.99 0.09327579563498203
C01 319.994 48.27656936645508
C01 324.969 49.7995719909668
C01 349.982 58.1055793762207
C01 374.975 72.08612823486328
C01 400.019 83.78597259521484
C01 424.965 84.84741973876953
C01 450.035 84.964599609375
C01 475.003 85.33370208740234
C01 500.018 85.95034790039062
C01 525.002 86.2599868774414
C01 550.029 88.33966827392578
C01 575.023 89.97312927246094
C01 599.982 91.46170806884766
C01 619.997 93.16715240478516
C01 624.979 93.24097442626953
C01 650.012 94.68427276611328
C01 675.004 95.92033386230469
C01 700.03 96.7884292602539
C01 725.012 97.66270446777344
C01 750.022 98.74930572509766
C01 774.987 100.49254608154297
C01 799.976 100.1772689819336
C01 824.988 99.87416076660156
C01 850.022 98.26408386230469
C01 869.967 95.6800537109375
C01 875.002 94.93958282470703
C01 899.999 88.4988784790039
C01 919.999 80.65680694580078
C01 925.012 77.1749496459961
C01 949.965 63.98313522338867
C01 975.002 48.32005310058594
C01 999.976 30.764291763305664
C01 1025.028 15.077799797058105
C01 1050.014 6.1115546226501465
C01 1075.002 0.9407685716309933
C01 1099.99 0.09334219341090183
C02 319.994 47.98088073730469
C02 324.969 49.45939636230469
C02 349.982 57.64210891723633
C02 374.975 71.78630828857422
C02 400.019 83.74406433105469
C02 424.965 84.92515563964844
C02 450.035 85.0491714477539
C02 475.003 85.36768341064453
C02 500.018 85.94303131103516
C02 525.002 86.22770690917969
C02 550.029 88.28419494628906
C02 575.023 89.90047454833984
C02 599.982 91.37670135498047
C02 619.997 93.06802368164062
C02 624.979 93.15184020996094
C02 650.012 94.59609985351562
C02 675.004 95.83885955810547
C02 700.03 96.73519897460938
C02 725.012 97.67140197753906
C02 750.022 98.84095001220703
C02 774.987 100.65880584716797
C02 799.976 100.39339447021484
C02 824.988 100.12113952636719
C02 850.022 98.5636215209961
C02 869.967 95.94937133789062
C02 875.002 95.19652557373047
C02 899.999 88.7466812133789
C02 919.999 80.91877746582031
C02 925.012 77.44992065429688
C02 949.965 64.3946762084961
C02 975.002 48.68545150756836
C02 999.976 31.001617431640625
C02 1025.028 15.20668888092041
C02 1050.014 6.166904449462891
C02 1075.002 0.9416409532861534
C02 1099.99 0.09342875031728626
C03 319.994 47.71461868286133
C03 324.969 49.14397430419922
C03 349.982 57.197322845458984
C03 374.975 71.4865493774414
C03 400.019 83.68450927734375
C03 424.965 84.9888916015625
C03 450.035 85.12117767333984
C03 475.003 85.41120910644531
C03 500.018 85.9505844116211
C03 525.002 86.20469665527344
C03 550.029 88.2222900390625
C03 575.023 89.8086929321289
C03 599.982 91.26495361328125
C03 619.997 92.93937683105469
C03 624.979 93.02989196777344
C03 650.012 94.47687530517578
C03 675.004 95.718017578125
C03 700.03 96.64250946044922
C03 725.012 97.64920043945312
C03 750.022 98.89482879638672
C03 774.987 100.79370880126953
C03 799.976 100.57331848144531
C03 824.988 100.32870483398438
C03 850.022 98.82723236083984
C03 869.967 96.25714111328125
C03 875.002 95.51011657714844
C03 899.999 89.0533218383789
C03 919.999 81.16522979736328
C03 925.012 77.67931365966797
C03 949.965 64.669921875
C03 975.002 49.023868560791016
C03 999.976 31.232789993286133
C03 1025.028 15.287651062011719
C03 1050.014 6.200637340545654
C03 1075.002 0.9421535749463621
C03 1099.99 0.09347961216747631
C04 319.994 47.4511604309082
C04 324.969 48.829261779785156
C04 349.982 56.74319839477539
C04 374.975 71.16478729248047
C04 400.019 83.6009750366211
C04 424.965 85.02776336669922
C04 450.035 85.18476867675781
C04 475.003 85.45213317871094
C04 500.018 85.9522705078125
C04 525.002 86.15878295898438
C04 550.029 88.1227035522461
C04 575.023 89.66909790039062
C04 599.982 91.09964752197266
C04 619.997 92.75800323486328
C04 624.979 92.85501098632812
C04 650.012 94.30284881591797
C04 675.004 95.53744506835938
C04 700.03 96.48955535888672
C04 725.012 97.5530776977539
C04 750.022 98.87481689453125
C04 774.987 100.8399429321289
C04 799.976 100.66295623779297
C04 824.988 100.42809295654297
C04 850.022 98.96383666992188
C04 869.967 96.44156646728516
C04 875.002 95.7037582397461
C04 899.999 89.21334838867188
C04 919.999 81.23169708251953
C04 925.012 77.72311401367188
C04 949.965 64.75643157958984
C04 975.002 49.16152572631836
C04 999.976 31.31272315979004
C04 1025.028 15.283919334411621
C04 1050.014 6.182278156280518
C04 1075.002 0.941962285227633
C04 1099.99 0.09346063257731828
C05 319.994 47.14152908325195
C05 324.969 48.47054672241211
C05 349.982 56.21969223022461
C05 374.975 70.78802490234375
C05 400.019 83.49800872802734
C05 424.965 85.05293273925781
C05 450.035 85.23221588134766
C05 475.003 85.4874496459961
C05 500.018 85.94365692138672
C05 525.002 86.0914535522461
C05 550.029 88.00817108154297
C05 575.023 89.52135467529297
C05 599.982 90.93812561035156
C05 619.997 92.59773254394531
C05 624.979 92.68193054199219
C05 650.012 94.12265014648438
C05 675.004 95.38050079345703
C05 700.03 96.35208892822266
C05 725.012 97.44917297363281
C05 750.022 98.8154067993164
C05 774.987 100.83736419677734
C05 799.976 100.6930160522461
C05 824.988 100.47073364257812
C05 850.022 99.05023956298828
C05 869.967 96.5604476928711
C05 875.002 95.82418823242188
C05 899.999 89.29795837402344
C05 919.999 81.2398452758789
C05 925.012 77.7115707397461
C05 949.965 64.77421569824219
C05 975.002 49.17795181274414
C05 999.976 31.312366485595703
C05 1025.028 15.242718696594238
C05 1050.014 6.153815269470215
C05 1075.002 0.9413958678490177
C05 1099.99 0.09340443316536902
C06 319.994 46.81497573852539
C06 324.969 48.08399200439453
C06 349.982 55.643310546875
C06 374.975 70.3901596069336
C06 400.019 83.45348358154297
C06 424.965 85.19990539550781
C06 450.035 85.44245147705078
C06 475.003 85.71126556396484
C06 500.018 86.12432098388672
C06 525.002 86.20533752441406
C06 550.029 88.06372833251953
C06 575.023 89.52071380615234
C06 599.982 90.89034271240234
C06 619.997 92.53853607177734
C06 624.979 92.60692596435547
C06 650.012 94.0333023071289
C06 675.004 95.30071258544922
C06 700.03 96.27945709228516
C06 725.012 97.39274597167969
C06 750.022 98.77286529541016
C06 774.987 100.81194305419922
C06 799.976 100.69026184082031
C06 824.988 100.4874267578125
C06 850.022 99.09719848632812
C06 869.967 96.62277221679688
C06 875.002 95.88259887695312
C06 899.999 89.34757995605469
C06 919.999 81.29652404785156
C06 925.012 77.76089477539062
C06 949.965 64.81402587890625
C06 975.002 49.211265563964844
C06 999.976 31.30518913269043
C06 1025.028 15.21214771270752
C06 1050.014 6.147363185882568
C06 1075.002 0.94099044758938
C06 1099.99 0.0933642077396597
C07 319.994 46.32518768310547
C07 324.969 47.53264236450195
C07 349.982 54.914306640625
C07 374.975 69.86315155029297
C07 400.019 83.3354721069336
C07 424.965 85.33960723876953
C07 450.035 85.67619323730469
C07 475.003 85.96710205078125
C07 500.018 86.35425567626953
C07 525.002 86.37527465820312
C07 550.029 88.15434265136719
C07 575.023 89.51678466796875
C07 599.982 90.80473327636719
C07 619.997 92.3883056640625
C07 624.979 92.46306610107422
C07 650.012 93.86014556884766
C07 675.004 95.09353637695312
C07 700.03 96.06035614013672
C07 725.012 97.15255737304688
C07 750.022 98.5037841796875
C07 774.987 100.495849609375
C07 799.976 100.36709594726562
C07 824.988 100.19043731689453
C07 850.022 98.76254272460938
C07 869.967 96.18898010253906
C07 875.002 95.43402862548828
C07 899.999 88.9079818725586
C07 919.999 81.0510482788086
C07 925.012 77.5799789428711
C07 949.965 64.70549011230469
C07 975.002 48.989112854003906
C07 999.976 31.0683650970459
C07 1025.028 15.057734489440918
C07 1050.014 6.08919095993042
C07 1075.002 0.9384272254262072
C07 1099.99 0.0931098871914135
C10 319.994 48.24760818481445
C10 324.969 49.782535552978516
C10 349.982 58.15629196166992
C10 374.975 72.21826171875
C10 400.019 83.95686340332031
C10 424.965 85.06912231445312
C10 450.035 85.22794342041016
C10 475.003 85.64756774902344
C10 500.018 86.29598236083984
C10 525.002 86.61243438720703
C10 550.029 88.6622085571289
C10 575.023 90.24617767333984
C10 599.982 91.67823791503906
C10 619.997 93.3288803100586
C10 624.979 93.41707611083984
C10 650.012 94.83197021484375
C10 675.004 96.03987121582031
C10 700.03 96.96073150634766
C10 725.012 98.04753875732422
C10 750.022 99.42015075683594
C10 774.987 101.46194458007812
C10 799.976 101.26951599121094
C10 824.988 100.93477630615234
C10 850.022 99.5576400756836
C10 869.967 97.13695526123047
C10 875.002 96.3851318359375
C10 899.999 89.25981140136719
C10 919.999 80.68697357177734
C10 925.012 77.0476303100586
C10 949.965 63.783836364746094
C10 975.002 48.678462982177734
C10 999.976 31.343107223510742
C10 1025.028 15.095379829406738
C10 1050.014 6.017633438110352
C10 1075.002 0.947157141822099
C10 1099.99 0.0939760614762045
C11 319.994 48.02747344970703
C11 324.969 49.51633834838867
C11 349.982 57.75728225708008
C11 374.975 71.9315414428711
C11 400.019 83.87564849853516
C11 424.965 85.1014175415039
C11 450.035 85.27056884765625
C11 475.003 85.6330795288086
C11 500.018 86.22161865234375
C11 525.002 86.50233459472656
C11 550.029 88.51197814941406
C11 575.023 90.06768035888672
C11 599.982 91.48929595947266
C11 619.997 93.12110137939453
C11 624.979 93.22154998779297
C11 650.012 94.63899230957031
C11 675.004 95.83643341064453
C11 700.03 96.78036499023438
C11 725.012 97.90860748291016
C11 750.022 99.33647155761719
C11 774.987 101.42903137207031
C11 799.976 101.26940155029297
C11 824.988 100.9616470336914
C11 850.022 99.59522247314453
C11 869.967 97.17478942871094
C11 875.002 96.41609191894531
C11 899.999 89.4375
C11 919.999 80.89849853515625
C11 925.012 77.26300811767578
C11 949.965 63.93894958496094
C11 975.002 48.799659729003906
C11 999.976 31.447282791137695
C11 1025.028 15.141316413879395
C11 1050.014 6.040238857269287
C11 1075.002 0.9463594664025344
C11 1099.99 0.09389691685388467
C12 319.994 47.68809509277344
C12 324.969 49.12421417236328
C12 349.982 57.21702194213867
C12 374.975 71.5125503540039
C12 400.019 83.69236755371094
C12 424.965 85.03874206542969
C12 450.035 85.21898651123047
C12 475.003 85.54781341552734
C12 500.018 86.09308624267578
C12 525.002 86.34042358398438
C12 550.029 88.31083679199219
C12 575.023 89.83451080322266
C12 599.982 91.23470306396484
C12 619.997 92.84864807128906
C12 624.979 92.95897674560547
C12 650.012 94.37206268310547
C12 675.004 95.57105255126953
C12 700.03 96.53469848632812
C12 725.012 97.70993041992188
C12 750.022 99.20191192626953
C12 774.987 101.34574890136719
C12 799.976 101.22174072265625
C12 824.988 100.93892669677734
C12 850.022 99.58329772949219
C12 869.967 97.14966583251953
C12 875.002 96.38397216796875
C12 899.999 89.43489837646484
C12 919.999 80.9968032836914
C12 925.012 77.38725280761719
C12 949.965 64.12187957763672
C12 975.002 48.916770935058594
C12 999.976 31.496862411499023
C12 1025.028 15.176175117492676
C12 1050.014 6.052801132202148
C12 1075.002 0.9450770037615295
C12 1099.99 0.09376967208881838
C13 319.994 47.44235610961914
C13 324.969 48.82868194580078
C13 349.982 56.77568817138672
C13 374.975 71.21483612060547
C13 400.019 83.63316345214844
C13 424.965 85.09984588623047
C13 450.035 85.31403350830078
C13 475.003 85.6457290649414
C13 500.018 86.16036987304688
C13 525.002 86.35699462890625
C13 550.029 88.27582550048828
C13 575.023 89.75407409667969
C13 599.982 91.12013244628906
C13 619.997 92.7235336303711
C13 624.979 92.82605743408203
C13 650.012 94.23394775390625
C13 675.004 95.44219207763672
C13 700.03 96.42728424072266
C13 725.012 97.64755249023438
C13 750.022 99.19291687011719
C13 774.987 101.39574432373047
C13 799.976 101.30520629882812
C13 824.988 101.03722381591797
C13 850.022 99.70150756835938
C13 869.967 97.25801086425781
C13 875.002 96.48654174804688
C13 899.999 89.51447296142578
C13 919.999 81.09371948242188
C13 925.012 77.48383331298828
C13 949.965 64.27094268798828
C13 975.002 49.03339767456055
C13 999.976 31.538549423217773
C13 1025.028 15.20205307006836
C13 1050.014 6.070398330688477
C13 1075.002 0.944990831165276
C13 1099.99 0.09376112212298325
C14 319.994 47.166099548339844
C14 324.969 48.50581741333008
C14 349.982 56.301490783691406
C14 374.975 70.84622192382812
C14 400.019 83.4917221069336
C14 424.965 85.07249450683594
C14 450.035 85.30573272705078
C14 475.003 85.61395263671875
C14 500.018 86.08686065673828
C14 525.002 86.23939514160156
C14 550.029 88.1242446899414
C14 575.023 89.57162475585938
C14 599.982 90.9216079711914
C14 619.997 92.51860809326172
C14 624.979 92.61202239990234
C14 650.012 94.01614379882812
C14 675.004 95.2382583618164
C14 700.03 96.2428207397461
C14 725.012 97.50113677978516
C14 750.022 99.09506225585938
C14 774.987 101.34224700927734
C14 799.976 101.28136444091797
C14 824.988 101.02696990966797
C14 850.022 99.7032699584961
C14 869.967 97.24674224853516
C14 875.002 96.46857452392578
C14 899.999 89.45043182373047
C14 919.999 81.03888702392578
C14 925.012 77.42218780517578
C14 949.965 64.24676513671875
C14 975.002 48.98009490966797
C14 999.976 31.48598289489746
C14 1025.028 15.178873062133789
C14 1050.014 6.061069965362549
C14 1075.002 0.9440581681091319
C14 1099.99 0.09366858415137257
C15 319.994 46.863555908203125
C15 324.969 48.1539192199707
C15 349.982 55.79432678222656
C15 374.975 70.45692443847656
C15 400.019 83.34223175048828
C15 424.965 85.05977630615234
C15 450.035 85.33659362792969
C15 475.003 85.65680694580078
C15 500.018 86.10387420654297
C15 525.002 86.20822143554688
C15 550.029 88.03669738769531
C15 575.023 89.4318618774414
C15 599.982 90.74098205566406
C15 619.997 92.31958770751953
C15 624.979 92.40811920166016
C15 650.012 93.80049133300781
C15 675.004 95.0219955444336
C15 700.03 96.04178619384766
C15 725.012 97.32320404052734
C15 750.022 98.950927734375
C15 774.987 101.22677612304688
C15 799.976 101.18920135498047
C15 824.988 100.94757080078125
C15 850.022 99.63904571533203
C15 869.967 97.171875
C15 875.002 96.39299011230469
C15 899.999 89.33042907714844
C15 919.999 80.91699981689453
C15 925.012 77.30369567871094
C15 949.965 64.14441680908203
C15 975.002 48.86526870727539
C15 999.976 31.404788970947266
C15 1025.028 15.132330894470215
C15 1050.014 6.051148891448975
C15 1075.002 0.9426847292856338
C15 1099.99 0.0935323128130574
C16 319.994 46.62613296508789
C16 324.969 47.86672592163086
C16 349.982 55.35494613647461
C16 374.975 70.19049072265625
C16 400.019 83.3835678100586
C16 424.965 85.2735595703125
C16 450.035 85.62127685546875
C16 475.003 85.9747543334961
C16 500.018 86.39912414550781
C16 525.002 86.44681549072266
C16 550.029 88.21260833740234
C16 575.023 89.5364990234375
C16 599.982 90.78007507324219
C16 619.997 92.33030700683594
C16 624.979 92.40938568115234
C16 650.012 93.77850341796875
C16 675.004 94.99697875976562
C16 700.03 96.0199966430664
C16 725.012 97.30657196044922
C16 750.022 98.9364013671875
C16 774.987 101.21521759033203
C16 799.976 101.1856689453125
C16 824.988 100.95799255371094
C16 850.022 99.6602783203125
C16 869.967 97.19312286376953
C16 875.002 96.41040802001953
C16 899.999 89.33960723876953
C16 919.999 80.93396759033203
C16 925.012 77.32464599609375
C16 949.965 64.1385498046875
C16 975.002 48.80682373046875
C16 999.976 31.352989196777344
C16 1025.028 15.106278419494629
C16 1050.014 6.0369133949279785
C16 1075.002 0.9425463166825112
C16 1099.99 0.09351857964173262
C17 319.994 46.38376235961914
C17 324.969 47.56577682495117
C17 349.982 54.90373992919922
C17 374.975 69.99657440185547
C17 400.019 83.622802734375
C17 424.965 85.77757263183594
C17 450.035 86.24179077148438
C17 475.003 86.6430892944336
C17 500.018 87.05306243896484
C17 525.002 87.0379638671875
C17 550.029 88.71578979492188
C17 575.023 89.9189453125
C17 599.982 91.06478881835938
C17 619.997 92.54461669921875
C17 624.979 92.63099670410156
C17 650.012 93.96621704101562
C17 675.004 95.15178680419922
C17 700.03 96.16761779785156
C17 725.012 97.43634033203125
C17 750.022 99.04169464111328
C17 774.987 101.28144073486328
C17 799.976 101.24311828613281
C17 824.988 101.03133392333984
C17 850.022 99.69060516357422
C17 869.967 97.16939544677734
C17 875.002 96.38114929199219
C17 899.999 89.28779602050781
C17 919.999 80.94373321533203
C17 925.012 77.39315032958984
C17 949.965 64.16853332519531
C17 975.002 48.67204666137695
C17 999.976 31.26336097717285
C17 1025.028 15.06383228302002
C17 1050.014 6.002573490142822
C17 1075.002 0.9435496936654958
C17 1099.99 0.09361813378420086
