lsstCam/transmission_sensor/r41_s22/19700101T000000.ecsv
# %ECSV 1.0
# ---
# datatype:
# - {name: amp_name, datatype: string}
# - {name: wavelength, unit: nm, datatype: float32}
# - {name: efficiency, unit: '%', datatype: float64}
# meta: !!omap
# - {MODE: AMP}
# - {TYPE: transmission_sensor}
# - {CALIBDATE: '1970-01-01T00:00:00'}
# - {INSTRUME: LSSTCam}
# - {OBSTYPE: transmission_sensor}
# - {DETECTOR: 170}
# - {PARQUETFILE: qe_raft_allvalues_nircorrected_20230725_adjust.parquet}
# - {CORRFILE: qe_corr_factor_bydetnum.parquet}
# - {CALIBCLS: lsst.ip.isr.IntermediateSensorTransmissionCurve}
# - {CALIB_ID: 'raftName=R41 detectorName=S22 detector=170 calibDate=1970-01-01T00:00:00 ccd=170 ccdnum=170 filter=None'}
# - {DATE: '2025-03-03T21:56:48.343392'}
# - {CALIB_CREATION_DATE: '2025-03-03'}
# - {CALIB_CREATION_TIME: '21:56:48'}
# - __serialized_columns__:
#     efficiency:
#       __class__: astropy.units.quantity.Quantity
#       unit: !astropy.units.Unit {unit: '%'}
#       value: !astropy.table.SerializedColumn {name: efficiency}
#     wavelength:
#       __class__: astropy.units.quantity.Quantity
#       unit: !astropy.units.Unit {unit: nm}
#       value: !astropy.table.SerializedColumn {name: wavelength}
# schema: astropy-2.0
amp_name wavelength efficiency
C00 319.994 47.82953749999011
C00 324.969 49.38108391640986
C00 349.982 57.69555559419066
C00 374.975 71.31512552934457
C00 400.019 82.59512702688087
C00 424.965 83.52690232148998
C00 450.035 83.64005802242653
C00 475.003 84.06586514526566
C00 500.018 84.73676142014992
C00 525.002 85.08236233714399
C00 550.029 87.16718933229738
C00 575.023 88.8062046916027
C00 599.982 90.28750952791998
C00 619.997 91.98324197151247
C00 624.979 92.0496828446663
C00 650.012 93.47829708821625
C00 675.004 94.69486198864104
C00 700.03 95.52714907502401
C00 725.012 96.33649644897235
C00 750.022 97.34366121190746
C00 774.987 98.99586239017125
C00 799.976 98.65035931315805
C00 824.988 98.32235454041337
C00 850.022 96.7262608280945
C00 869.967 94.29167095368446
C00 875.002 93.58693709772865
C00 899.999 87.21718556251497
C00 919.999 79.45167896501431
C00 925.012 75.97311391641006
C00 949.965 62.736448272489795
C00 975.002 47.494819399328215
C00 999.976 30.36994775926297
C00 1025.028 14.718628077801187
C00 1050.014 5.960659996796227
C00 1075.002 0.9273777965460487
C00 1099.99 0.09201357300882587
C01 319.994 47.62328329419258
C01 324.969 49.12567640946059
C01 349.982 57.31928560627432
C01 374.975 71.11064749550721
C01 400.019 82.65216773572011
C01 424.965 83.69925121084461
C01 450.035 83.81484538515018
C01 475.003 84.17895311083085
C01 500.018 84.78725437642417
C01 525.002 85.09270327050527
C01 550.029 87.14424209371039
C01 575.023 88.75559884304285
C01 599.982 90.22403395880134
C01 619.997 91.90639995577838
C01 624.979 91.97922300614499
C01 650.012 93.40299040756636
C01 675.004 94.62232493206463
C01 700.03 95.47867312758588
C01 725.012 96.34111750652973
C01 750.022 97.41301470602986
C01 774.987 99.13266526186554
C01 799.976 98.82165454118037
C01 824.988 98.52264803353104
C01 850.022 96.93435894122355
C01 869.967 94.3852962892116
C01 875.002 93.65484557059533
C01 899.999 87.30129784144192
C01 919.999 79.56534644431225
C01 925.012 76.13060618097927
C01 949.965 63.117305450277826
C01 975.002 47.66617859964571
C01 999.976 30.347984565098816
C01 1025.028 14.873764656677466
C01 1050.014 6.028852111530475
C01 1075.002 0.9280379444730523
C01 1099.99 0.09207907227967775
C02 319.994 47.33159596972654
C02 324.969 48.79010409050429
C02 349.982 56.86208690188504
C02 374.975 70.81488475953088
C02 400.019 82.61082658073212
C02 424.965 83.77593517737886
C02 450.035 83.89827278421113
C02 475.003 84.21247459350269
C02 500.018 84.78003679629792
C02 525.002 85.06086011981272
C02 550.029 87.0895194398022
C02 575.023 88.6839272939894
C02 599.982 90.14017756905508
C02 619.997 91.80861265798866
C02 624.979 91.89129496796464
C02 650.012 93.3160106645851
C02 675.004 94.54195315086733
C02 700.03 95.42616316247552
C02 725.012 96.34969732023558
C02 750.022 97.50341884834111
C02 774.987 99.29667517439024
C02 799.976 99.0348553856187
C02 824.988 98.76628463816806
C02 850.022 97.22984320956205
C02 869.967 94.65096946799841
C02 875.002 93.90831133023221
C02 899.999 87.54574727053529
C02 919.999 79.82377193836332
C02 925.012 76.4018562386749
C02 949.965 63.523277398536436
C02 975.002 48.02663237834901
C02 999.976 30.582098705445183
C02 1025.028 15.000909593338365
C02 1050.014 6.083452935847114
C02 1075.002 0.9288985209234829
C02 1099.99 0.09216445788449412
C03 319.994 47.068937014965336
C03 324.969 48.478950372924025
C03 349.982 56.42331974465862
C03 374.975 70.51918223277355
C03 400.019 82.55207743530408
C03 424.965 83.83880865430761
C03 450.035 83.96930461031283
C03 475.003 84.25541129279388
C03 500.018 84.78748768714775
C03 525.002 85.03816124425406
C03 550.029 87.0284522394431
C03 575.023 88.59338768093542
C03 599.982 90.02994201523948
C03 619.997 91.68170667666563
C03 624.979 91.77099694842559
C03 650.012 93.1983994814434
C03 675.004 94.42274642342245
C03 700.03 95.33472793728909
C03 725.012 96.32779621682852
C03 750.022 97.55656853640322
C03 774.987 99.42975260065961
C03 799.976 99.21234463704447
C03 824.988 98.97104113964325
C03 850.022 97.48988682637344
C03 869.967 94.95457445474798
C03 875.002 94.21765877124282
C03 899.999 87.84823838673358
C03 919.999 80.06688923848657
C03 925.012 76.62814506209085
C03 949.965 63.794798397717514
C03 975.002 48.360469919183195
C03 999.976 30.810143003902272
C03 1025.028 15.080776181557582
C03 1050.014 6.116729348182305
C03 1075.002 0.9294042057073694
C03 1099.99 0.09221463146418828
C04 319.994 46.809043921201415
C04 324.969 48.168496587514504
C04 349.982 55.97534057692696
C04 374.975 70.20177428257084
C04 400.019 82.46967359296593
C04 424.965 83.87715440065091
C04 450.035 84.0320350903465
C04 475.003 84.29578157412568
C04 500.018 84.7891509668223
C04 525.002 84.99286885926993
C04 550.029 86.93021337251096
C04 575.023 88.45568167095632
C04 599.982 89.86687287176147
C04 619.997 91.50278745628889
C04 624.979 91.59848248371875
C04 650.012 93.0267279458024
C04 675.004 94.24461744904494
C04 700.03 95.18384363450387
C04 725.012 96.23297422307398
C04 750.022 97.53682743872736
C04 774.987 99.47536108404341
C04 799.976 99.30076940128147
C04 824.988 99.06908432661366
C04 850.022 97.62464258462211
C04 869.967 95.13650413607415
C04 875.002 94.40868004463626
C04 899.999 88.00609943276909
C04 919.999 80.13245707796506
C04 925.012 76.67135270286748
C04 949.965 63.88013743948136
C04 975.002 48.496264286459414
C04 999.976 30.888994502320106
C04 1025.028 15.077094952277863
C04 1050.014 6.098618603264368
C04 1075.002 0.929215504550973
C04 1099.99 0.09219590870880683
C05 319.994 46.503602553272685
C05 324.969 47.81463571829045
C05 349.982 55.458918579510105
C05 374.975 69.83011029990712
C05 400.019 82.3681006405323
C05 424.965 83.9019831773313
C05 450.035 84.07884023195768
C05 475.003 84.3306201334629
C05 500.018 84.78065394079255
C05 525.002 84.92645056457323
C05 550.029 86.81723077307902
C05 575.023 88.30993773024225
C05 599.982 89.70753669986074
C05 619.997 91.34468557337742
C05 624.979 91.42774419097208
C05 650.012 92.84896775289118
C05 675.004 94.08979696856834
C05 700.03 95.048237421037
C05 725.012 96.1304755538984
C05 750.022 97.47822129019441
C05 774.987 99.47281724454115
C05 799.976 99.33042244163332
C05 824.988 99.11114799222952
C05 850.022 97.70987626025273
C05 869.967 95.25377664235903
C05 875.002 94.52748035985297
C05 899.999 88.08956446259191
C05 919.999 80.14049500870003
C05 925.012 76.65996563432628
C05 949.965 63.897680900664135
C05 975.002 48.5124680925197
C05 999.976 30.88864265469664
C05 1025.028 15.036451847922523
C05 1050.014 6.070540880681217
C05 1075.002 0.9286567520207385
C05 1099.99 0.09214046979607235
C06 319.994 46.181468179379394
C06 324.969 47.43331191905526
C06 349.982 54.89033658306827
C06 374.975 69.43762897977813
C06 400.019 82.32417801528018
C06 424.965 84.04696697665564
C06 450.035 84.28623088676362
C06 475.003 84.55140733949378
C06 500.018 84.95887322899856
C06 525.002 85.03879344105343
C06 550.029 86.87203621466331
C06 575.023 88.30930553344287
C06 599.982 89.66040040754511
C06 619.997 91.28629015711094
C06 624.979 91.35375458698756
C06 650.012 92.76082898244438
C06 675.004 94.01108846704561
C06 700.03 94.97658845044066
C06 725.012 96.07481213094353
C06 750.022 97.43625546455942
C06 774.987 99.44774010483243
C06 799.976 99.32770550062645
C06 824.988 99.12761521362287
C06 850.022 97.75619972811201
C06 869.967 95.31525778109868
C06 875.002 94.58510058242497
C06 899.999 88.13851455762958
C06 919.999 80.19640679468324
C06 925.012 76.70862220942138
C06 949.965 63.93695236374939
C06 975.002 48.54533103685886
C06 999.976 30.88156242685121
C06 1025.028 15.00629455536165
C06 1050.014 6.064176107695799
C06 1075.002 0.9282568179713371
C06 1099.99 0.0921007887071026
C07 319.994 45.6983080123775
C07 324.969 46.88942322855108
C07 349.982 54.17119767146946
C07 374.975 68.9177524784218
C07 400.019 82.20776349036589
C07 424.965 84.18477835276798
C07 450.035 84.51680961703251
C07 475.003 84.80378180703651
C07 500.018 85.18569640923303
C07 525.002 85.2064309590222
C07 550.029 86.96142432640414
C07 575.023 88.30542956497048
C07 599.982 89.57594945176135
C07 619.997 91.13809269072308
C07 624.979 91.21184145783164
C07 650.012 92.59001542817397
C07 675.004 93.80671579934148
C07 700.03 94.76045240657665
C07 725.012 95.83787380191897
C07 750.022 97.17081559649618
C07 774.987 99.13592408584329
C07 799.976 99.00891273838702
C07 824.988 98.83464468017715
C07 850.022 97.42607258039799
C07 869.967 94.88733580944256
C07 875.002 94.14260045362127
C07 899.999 87.70486518401718
C07 919.999 79.95425284206381
C07 925.012 76.53015455818705
C07 949.965 63.82988532008307
C07 975.002 48.326184532045424
C07 999.976 30.647943131023403
C07 1025.028 14.85397087593499
C07 1050.014 6.006791077385465
C07 1075.002 0.9257282817305753
C07 1099.99 0.09184990966421272
C10 319.994 47.59471401978253
C10 324.969 49.10887051121042
C10 349.982 57.3693119411014
C10 374.975 71.24099292846496
C10 400.019 82.82074602273558
C10 424.965 83.917953672668
C10 450.035 84.0746255866285
C10 475.003 84.4885714933269
C10 500.018 85.12821165740374
C10 525.002 85.44038140555443
C10 550.029 87.46241771145519
C10 575.023 89.02495231034034
C10 599.982 90.43763368931546
C10 619.997 92.0659393337932
C10 624.979 92.1529416552316
C10 650.012 93.5486891913662
C10 675.004 94.74024468745363
C10 700.03 95.64864375279045
C10 725.012 96.72074415840467
C10 750.022 98.07478175808498
C10 774.987 100.08894570860298
C10 799.976 99.89912109343695
C10 824.988 99.56891115804682
C10 850.022 98.21041055000899
C10 869.967 95.82248282031505
C10 875.002 95.0808331869669
C10 899.999 88.05193370072409
C10 919.999 79.59510485079733
C10 925.012 76.00500975016922
C10 949.965 62.920703534899395
C10 975.002 48.01973842277482
C10 999.976 30.918967404147825
C10 1025.028 14.89110679328425
C10 1050.014 5.936201883120237
C10 1075.002 0.9343400635351261
C10 1099.99 0.0927043627433789
C11 319.994 47.3775581822719
C11 324.969 48.846275528744385
C11 349.982 56.97570169811637
C11 374.975 70.95815259611405
C11 400.019 82.74063013071898
C11 424.965 83.9498118756653
C11 450.035 84.1166741999396
C11 475.003 84.4742793299695
C11 500.018 85.05485425021861
C11 525.002 85.33177150065154
C11 550.029 87.31422024506733
C11 575.023 88.84887044940844
C11 599.982 90.25124852578415
C11 619.997 91.86097210005155
C11 624.979 91.96006142220189
C11 650.012 93.35832269322927
C11 675.004 94.53955983441254
C11 700.03 95.47071798452703
C11 725.012 96.58369292368207
C11 750.022 97.99223491885172
C11 774.987 100.05647788726343
C11 799.976 99.89900820115133
C11 824.988 99.5954182667065
C11 850.022 98.24748437660116
C11 869.967 95.85980500993554
C11 875.002 95.11137431329882
C11 899.999 88.22721778950441
C11 919.999 79.8037674253544
C11 925.012 76.21747303167494
C11 949.965 63.07371773880633
C11 975.002 48.13929511630508
C11 999.976 31.021733251732655
C11 1025.028 14.93642175672548
C11 1050.014 5.958501402218584
C11 1075.002 0.93355318238385
C11 1099.99 0.09262628911844215
C12 319.994 47.04277234623864
C12 324.969 48.4594576382765
C12 349.982 56.44275227008717
C12 374.975 70.54483136006264
C12 400.019 82.55982937224886
C12 424.965 83.88798453391648
C12 450.035 84.06578988374193
C12 475.003 84.39016705104254
C12 500.018 84.92806116118118
C12 525.002 85.17205149497975
C12 550.029 87.11580076389069
C12 575.023 88.61885618056756
C12 599.982 90.0001008210783
C12 619.997 91.5922056726392
C12 624.979 91.70104136211332
C12 650.012 93.09500520013538
C12 675.004 94.27777015025048
C12 700.03 95.22837587809825
C12 725.012 96.38770438972209
C12 750.022 97.85949616943918
C12 774.987 99.9743224079536
C12 799.976 99.85199232727368
C12 824.988 99.57300538493803
C12 850.022 98.23572100044127
C12 869.967 95.8350213901694
C12 875.002 95.07968921180613
C12 899.999 88.22465137154502
C12 919.999 79.90074189868777
C12 925.012 76.34003642307844
C12 949.965 63.25417229426728
C12 975.002 48.25482155523928
C12 999.976 31.070641952932263
C12 1025.028 14.970808746920294
C12 1050.014 5.970893682486181
C12 1075.002 0.9322880742274855
C12 1099.99 0.09250076624939865
C13 319.994 46.800358741362324
C13 324.969 48.16792459993411
C13 349.982 56.007390696809786
C13 374.975 70.25114584214143
C13 400.019 82.50142642982999
C13 424.965 83.94826148827634
C13 450.035 84.1595506900118
C13 475.003 84.48675769060486
C13 500.018 84.99443429896364
C13 525.002 85.18839829793514
C13 550.029 87.0812632506484
C13 575.023 88.53950795609308
C13 599.982 89.8870805908845
C13 619.997 91.46878429986512
C13 624.979 91.56992073546107
C13 650.012 92.95875926371674
C13 675.004 94.15065343666099
C13 700.03 95.12241517883085
C13 725.012 96.32617056791582
C13 750.022 97.85062283579074
C13 774.987 100.02364128445755
C13 799.976 99.93432843424047
C13 824.988 99.66997233211903
C13 850.022 98.35233120531728
C13 869.967 95.94190028002639
C13 875.002 95.18087080431631
C13 899.999 88.3031491408013
C13 919.999 79.99634661228916
C13 925.012 76.4353099859754
C13 949.965 63.401218259341974
C13 975.002 48.36987008349777
C13 999.976 31.111764849501416
C13 1025.028 14.996336515002378
C13 1050.014 5.988252752935806
C13 1075.002 0.9322030677322555
C13 1099.99 0.09249233198303579
C14 319.994 46.52784052699175
C14 324.969 47.84942912071344
C14 349.982 55.53961022218328
C14 374.975 69.88751979021266
C14 400.019 82.3618990909765
C14 424.965 83.92128023201712
C14 450.035 84.15136223622936
C14 475.003 84.45541126596898
C14 500.018 84.92191982084435
C14 525.002 85.07239018524902
C14 550.029 86.93173365529043
C14 575.023 88.35952754823167
C14 599.982 89.69124257997198
C14 619.997 91.26663184711119
C14 624.979 91.35878205677311
C14 650.012 92.74390266575624
C14 675.004 93.94947938371561
C14 700.03 94.94044786674282
C14 725.012 96.18173617771475
C14 750.022 97.75409240544741
C14 774.987 99.97086790401413
C14 799.976 99.91080920807309
C14 824.988 99.65985718332897
C14 850.022 98.35406974651558
C14 869.967 95.93078415297063
C14 875.002 95.16314671547657
C14 899.999 88.23997461777759
C14 919.999 79.94225615518035
C14 925.012 76.37449867479698
C14 949.965 63.377367882470146
C14 975.002 48.317288619939866
C14 999.976 31.05990965964756
C14 1025.028 14.973470182553397
C14 1050.014 5.9790506205055545
C14 1075.002 0.9312830256181684
C14 1099.99 0.09240104624970139
C15 319.994 46.22939095461806
C15 324.969 47.50229286863516
C15 349.982 55.0393092431506
C15 374.975 69.50349033919919
C15 400.019 82.21443166136888
C15 424.965 83.9087341360104
C15 450.035 84.18180552258042
C15 475.003 84.49768566385129
C15 500.018 84.9387031406374
C15 525.002 85.04163832665064
C15 550.029 86.84537105680377
C15 575.023 88.22165596290034
C15 599.982 89.51306092252784
C15 619.997 91.0703046362944
C15 624.979 91.15763810843723
C15 650.012 92.53116844276506
C15 675.004 93.73614306853456
C15 700.03 94.7421337516994
C15 725.012 96.00621125205849
C15 750.022 97.61190833480603
C15 774.987 99.85695958784024
C15 799.976 99.81989328740043
C15 824.988 99.58153251557728
C15 850.022 98.29071459583491
C15 869.967 95.85693001972884
C15 875.002 95.08858512391167
C15 899.999 88.12159576709381
C15 919.999 79.82201834486028
C15 925.012 76.25761000228316
C15 949.965 63.276404548378785
C15 975.002 48.20401626364154
C15 999.976 30.979814464549996
C15 1025.028 14.927557830767515
C15 1050.014 5.969263800112781
C15 1075.002 0.929928172383213
C15 1099.99 0.0922666189564072
C16 319.994 45.995180855828934
C16 324.969 47.218985914837084
C16 349.982 54.60587436488085
C16 374.975 69.24066204600958
C16 400.019 82.25520835492884
C16 424.965 84.11962445167003
C16 450.035 84.4626363722476
C16 475.003 84.81133053786719
C16 500.018 85.22995771134195
C16 525.002 85.27700368982912
C16 550.029 87.01890155208105
C16 575.023 88.32487714270377
C16 599.982 89.55162492728999
C16 619.997 91.08087888037925
C16 624.979 91.15888744973124
C16 650.012 92.50947807162446
C16 675.004 93.71146481490165
C16 700.03 94.7206390605205
C16 725.012 95.98980423988412
C16 750.022 97.59757854068677
C16 774.987 99.84555746699428
C16 799.976 99.81640867885147
C16 824.988 99.59181323971957
C16 850.022 98.31165987789053
C16 869.967 95.87789035408922
C16 875.002 95.10576732978052
C16 899.999 88.1306497283992
C16 919.999 79.83875650773909
C16 925.012 76.27827681670097
C16 949.965 63.27061693720351
C16 975.002 48.14636217338385
C16 999.976 30.928715653009682
C16 1025.028 14.901857901949887
C16 1050.014 5.955220940552756
C16 1075.002 0.929791632801041
C16 1099.99 0.09225307162450042
C17 319.994 45.75609004722554
C17 324.969 46.92210930830947
C17 349.982 54.16077395043207
C17 374.975 69.04936983113069
C17 400.019 82.4912059149067
C17 424.965 84.61681712977243
C17 450.035 85.07475339709431
C17 475.003 85.47062148579143
C17 500.018 85.87504680973727
C17 525.002 85.86015255418998
C17 550.029 87.51527387957472
C17 575.023 88.7021481088858
C17 599.982 89.83248588156665
C17 619.997 91.29228850055266
C17 624.979 91.37749959772616
C17 650.012 92.69465152462362
C17 675.004 93.86417797271363
C17 700.03 94.8662625827966
C17 725.012 96.11781656560608
C17 750.022 97.70144696959433
C17 774.987 99.91088446959682
C17 799.976 99.8730806062244
C17 824.988 99.66416214248665
C17 850.022 98.34157633357546
C17 869.967 95.85448402020744
C17 875.002 95.0769045354279
C17 899.999 88.07953962763033
C17 919.999 79.84838998277725
C17 925.012 76.3458541388632
C17 949.965 63.30019471603162
C17 975.002 48.01340892862866
C17 999.976 30.840300296463145
C17 1025.028 14.859986153219563
C17 1050.014 5.921345728719344
C17 1075.002 0.9307814319300726
C17 1099.99 0.09235127858477317
