lsstCam/transmission_filter_detector/r41_s22/y_10/19700101T000000.ecsv
# %ECSV 1.0
# ---
# datatype:
# - {name: wavelength, unit: nm, datatype: float32}
# - {name: efficiency, unit: '%', datatype: float64}
# meta: !!omap
# - {MODE: DETECTOR}
# - {TYPE: transmission_filter_detector}
# - {CALIBDATE: '1970-01-01T00:00:00'}
# - {INSTRUME: LSSTCam}
# - {OBSTYPE: transmission_filter_detector}
# - {CALIBCLS: lsst.ip.isr.IntermediateFilterDetectorTransmissionCurve}
# - {SOURCE: Materion (DM-46256)}
# - {DETECTOR: 170}
# - {FILTER: y_10}
# - {CALIB_ID: 'calibDate=1970-01-01T00:00:00 filter=y_10 detector=170'}
# - {DATE: '2025-04-02T15:59:51.530186'}
# - {CALIB_CREATION_DATE: '2025-04-02'}
# - {CALIB_CREATION_TIME: '15:59:51'}
# - __serialized_columns__:
#     efficiency:
#       __class__: astropy.units.quantity.Quantity
#       unit: !astropy.units.Unit {unit: '%'}
#       value: !astropy.table.SerializedColumn {name: efficiency}
#     wavelength:
#       __class__: astropy.units.quantity.Quantity
#       unit: !astropy.units.Unit {unit: nm}
#       value: !astropy.table.SerializedColumn {name: wavelength}
# schema: astropy-2.0
wavelength efficiency
[from data line 576]
876.0 0.0015935178453219123
877.0 0.001252621859748615
878.0 0.0009117257832258474
879.0 0.0012885725482192356
880.0 0.06113529670983553
881.0 0.07205565343610942
882.0 0.0540286535397172
883.0 0.08537317626178265
884.0 0.06594566511921585
885.0 0.09075808338820934
886.0 0.059983215760439634
887.0 0.07961287046782672
888.0 0.06613100413233042
889.0 0.09881808655336499
890.0 0.08137459517456591
891.0 0.09827431058511138
892.0 0.06094189593568444
893.0 0.08795399335213006
894.0 0.05444721318781376
895.0 0.09771843906491995
896.0 0.07301362929865718
897.0 0.10779312578961253
898.0 0.0708775594830513
899.0 0.10303372982889414
900.0 0.0814119994174689
901.0 0.11010748567059636
902.0 0.12531646061688662
903.0 0.13441636692732573
904.0 0.138416129630059
905.0 0.1358460751362145
906.0 0.1776770339347422
907.0 0.2045795088633895
908.0 0.23040978703647852
909.0 0.2991085406392813
910.0 0.3904335433617234
911.0 0.5274896509945393
912.0 0.7301512639969587
913.0 1.0773844085633755
914.0 1.530241221189499
915.0 2.2607121616601944
916.0 3.2508905977010727
917.0 4.498335346579552
918.0 6.081453710794449
919.0 7.774275541305542
920.0 10.273189842700958
921.0 13.014952838420868
922.0 15.726837515830994
923.0 18.813598155975342
924.0 22.114956378936768
925.0 25.692078471183777
926.0 30.253925919532776
927.0 35.42843759059906
928.0 40.41789174079895
929.0 46.14963233470917
930.0 51.77401900291443
931.0 57.9068660736084
932.0 64.28338289260864
933.0 70.51730155944824
934.0 75.82202553749084
935.0 80.2605926990509
936.0 84.32480692863464
937.0 87.59223818778992
938.0 90.25296568870544
939.0 92.02566146850586
940.0 93.2863175868988
941.0 94.02343034744263
942.0 94.63397264480591
943.0 95.00622749328613
944.0 95.61096429824829
945.0 95.8317220211029
946.0 96.22090458869934
947.0 96.46119475364685
948.0 96.79493308067322
949.0 96.82815670967102
950.0 96.99033498764038
951.0 96.99633717536926
952.0 96.97232246398926
953.0 97.03021049499512
954.0 96.99566960334778
955.0 97.00446724891663
956.0 97.10712432861328
957.0 97.30346202850342
958.0 97.442227602005
959.0 97.5772500038147
960.0 97.77339100837708
961.0 97.96573519706726
962.0 98.08867573738098
963.0 98.20820093154907
964.0 98.35586547851562
965.0 98.4222412109375
966.0 98.587566614151
967.0 98.68789315223694
968.0 98.69792461395264
969.0 98.68084788322449
970.0 98.72885346412659
971.0 98.78857731819153
972.0 98.82901310920715
973.0 98.90236854553223
974.0 98.8960325717926
975.0 98.86637926101685
976.0 98.92892241477966
977.0 98.90723824501038
978.0 98.97714853286743
979.0 98.95731806755066
980.0 98.92945885658264
981.0 98.93875122070312
982.0 98.87377619743347
983.0 98.91563057899475
984.0 98.8716185092926
985.0 98.86243343353271
986.0 98.76786470413208
987.0 98.8328218460083
988.0 98.68428707122803
989.0 98.670893907547
990.0 98.61958026885986
991.0 98.56033325195312
992.0 98.60487580299377
993.0 98.55087995529175
994.0 98.48754405975342
995.0 98.48335385322571
996.0 98.43161702156067
997.0 98.52384328842163
998.0 98.53904247283936
999.0 98.56939315795898
1000.0 98.63245487213135
1001.0 98.6083447933197
1002.0 98.76394867897034
1003.0 98.75687956809998
1004.0 98.85873794555664
1005.0 98.85209202766418
1006.0 99.00527596473694
1007.0 99.00556206703186
1008.0 98.96641969680786
1009.0 98.94775152206421
1010.0 99.03417825698853
1011.0 99.00898337364197
1012.0 98.96524548530579
1013.0 99.00020360946655
1014.0 98.97292256355286
1015.0 98.90395998954773
1016.0 98.90087842941284
1017.0 98.88478517532349
1018.0 98.93279671669006
1019.0 98.81040453910828
1020.0 98.86963367462158
1021.0 98.98863434791565
1022.0 98.80791306495667
1023.0 98.85814189910889
1024.0 98.83385896682739
1025.0 98.78029227256775
1026.0 98.85873198509216
1027.0 98.91988635063171
1028.0 98.87816309928894
1029.0 98.95961284637451
1030.0 99.00914430618286
1031.0 99.00851845741272
1032.0 98.99539947509766
1033.0 98.98329377174377
1034.0 99.01602268218994
1035.0 99.03420209884644
1036.0 99.04086589813232
1037.0 99.04230833053589
1038.0 98.96361827850342
1039.0 98.99477958679199
1040.0 98.90939593315125
1041.0 98.94766211509705
1042.0 98.89068603515625
1043.0 98.79562258720398
1044.0 98.8576889038086
1045.0 98.60632419586182
1046.0 98.8067090511322
1047.0 98.70178699493408
1048.0 98.74758124351501
1049.0 98.62362146377563
1050.0 98.58528971672058
1051.0 98.583984375
1052.0 98.58685731887817
1053.0 98.48574995994568
1054.0 98.72661828994751
1055.0 98.7989068031311
1056.0 98.63904118537903
1057.0 98.65055680274963
1058.0 98.51542711257935
1059.0 98.61147999763489
1060.0 98.68990778923035
1061.0 98.55912923812866
1062.0 98.73172044754028
1063.0 98.55841398239136
1064.0 98.87146353721619
1065.0 98.81106615066528
1066.0 98.73149991035461
1067.0 98.96861910820007
1068.0 98.83142113685608
1069.0 98.57285022735596
1070.0 98.98700714111328
1071.0 98.71820211410522
1072.0 98.96470308303833
1073.0 99.02852773666382
1074.0 98.62870573997498
1075.0 98.53482842445374
1076.0 98.3847975730896
1077.0 98.71469140052795
1078.0 98.95931482315063
1079.0 98.54036569595337
1080.0 99.24218654632568
1081.0 98.65551590919495
1082.0 98.6038088798523
1083.0 98.27171564102173
1084.0 98.85671734809875
1085.0 98.81165623664856
1086.0 98.5810935497284
1087.0 98.68646264076233
1088.0 98.3410656452179
1089.0 98.29688668251038
1090.0 98.39618802070618
1091.0 98.52445721626282
1092.0 98.6590027809143
1093.0 98.63136410713196
1094.0 98.15328121185303
1095.0 98.20857048034668
1096.0 98.30741286277771
1097.0 98.05437326431274
1098.0 97.98213839530945
1099.0 98.70381355285645
1100.0 97.92722463607788
