lsstCam/transmission_filter_detector/r41_s22/y_10/19700101T000000.ecsv
# %ECSV 1.0
# ---
# datatype:
# - {name: wavelength, unit: nm, datatype: float32}
# - {name: efficiency, unit: '%', datatype: float64}
# meta: !!omap
# - {MODE: DETECTOR}
# - {TYPE: transmission_filter_detector}
# - {CALIBDATE: '1970-01-01T00:00:00'}
# - {INSTRUME: LSSTCam}
# - {OBSTYPE: transmission_filter_detector}
# - {CALIBCLS: lsst.ip.isr.IntermediateFilterDetectorTransmissionCurve}
# - {SOURCE: Materion (DM-46256)}
# - {DETECTOR: 170}
# - {FILTER: y_10}
# - {CALIB_ID: 'calibDate=1970-01-01T00:00:00 filter=y_10 detector=170'}
# - {DATE: '2025-04-02T15:59:51.530186'}
# - {CALIB_CREATION_DATE: '2025-04-02'}
# - {CALIB_CREATION_TIME: '15:59:51'}
# - __serialized_columns__:
#     efficiency:
#       __class__: astropy.units.quantity.Quantity
#       unit: !astropy.units.Unit {unit: '%'}
#       value: !astropy.table.SerializedColumn {name: efficiency}
#     wavelength:
#       __class__: astropy.units.quantity.Quantity
#       unit: !astropy.units.Unit {unit: nm}
#       value: !astropy.table.SerializedColumn {name: wavelength}
# schema: astropy-2.0
wavelength efficiency
300.0 0.024725537514314055
301.0 0.02708983374759555
302.0 0.029454129980877042
303.0 0.02324272645637393
304.0 0.01703131856629625
305.0 0.012356899969745427
306.0 0.007682482828386128
307.0 0.008953898213803768
308.0 0.010225315054412931
309.0 0.010412752453703433
310.0 0.010600189852993935
311.0 0.006391458009602502
312.0 0.0021827245291206054
313.0 0.003875300899380818
314.0 0.00556787708774209
315.0 0.004313866884331219
316.0 0.0030598570447182283
317.0 0.0028508196919574402
318.0 0.0026417819753987715
319.0 0.00212990435102256
320.0 0.0016180265447474085
321.0 0.0028117603505961597
322.0 0.004005494338343851
323.0 0.0030760020308662206
324.0 0.0021465095414896496
325.0 0.002663068698893767
326.0 0.003179627310601063
327.0 0.002510538433853071
328.0 0.0018414490114082582
329.0 0.0025015444407472387
330.0 0.003161639688187279
331.0 0.002819612927851267
332.0 0.002477586349414196
333.0 0.0026706135031417944
334.0 0.002863640656869393
335.0 0.0020309547835495323
336.0 0.0011982686373812612
337.0 0.0011851596354972571
338.0 0.001172050633613253
339.0 0.001135415459430078
340.0 0.001098780285246903
341.0 0.001476957095292164
342.0 0.0018551338143879548
343.0 0.001549433363834396
344.0 0.001243732822331367
345.0 0.0008948711183620617
346.0 0.000546009277968551
347.0 0.0007068028480716748
348.0 0.0008675962817505933
349.0 0.00091351230366854
350.0 0.0009594283255864866
351.0 0.0011403531061660033
352.0 0.0013212781595939305
353.0 0.0015339310266426764
354.0 0.0017465839846408926
355.0 0.0017295296856900677
356.0 0.0017124752048403025
357.0 0.0013252316421130672
358.0 0.000937988079385832
359.0 0.000976865067059407
360.0 0.0010157418728340417
361.0 0.0008894719030649867
362.0 0.0007632017513969913
363.0 0.0008651169082440902
364.0 0.0009670321560406592
365.0 0.0013521900655177888
366.0 0.0017373480659443885
367.0 0.0020773430151166394
368.0 0.0024173381461878307
369.0 0.002270524601044599
370.0 0.0021237110559013672
371.0 0.0020477082216530107
372.0 0.001971705205505714
373.0 0.002299204425071366
374.0 0.0026267032808391377
375.0 0.003085415664827451
376.0 0.0035441280488157645
377.0 0.003936136272386648
378.0 0.00432814376836177
379.0 0.004150634413235821
380.0 0.003973124330514111
381.0 0.003205960092600435
382.0 0.0024387958546867594
383.0 0.001836677074606996
384.0 0.001234558476426173
385.0 0.0010504371857678052
386.0 0.000866315713210497
387.0 0.0009352735105494503
388.0 0.0010042312169389334
389.0 0.000843234738567844
390.0 0.0006822381692472845
391.0 0.0006517594101751456
392.0 0.0006212806056282716
393.0 0.0006931179996172432
394.0 0.0007649553481314797
395.0 0.0007804591405147221
396.0 0.0007959630238474347
397.0 0.0008372805496037472
398.0 0.0008785983482084703
399.0 0.00102192252597888
400.0 0.00116524679469876
401.0 0.0014483777704299428
402.0 0.0017315085642621852
403.0 0.001859116309788078
404.0 0.001986724055313971
405.0 0.0019073189832852222
406.0 0.0018279133655596524
407.0 0.0017832839148468338
408.0 0.0017386542822350748
409.0 0.0016802581740194
410.0 0.0016218617020058446
411.0 0.001420752323610941
412.0 0.0012196429452160373
413.0 0.0008784490091784392
414.0 0.0005372549367166357
415.0 0.0005662634976033587
416.0 0.0005952720130153466
417.0 0.000291654646389361
418.0 1.7106299016189652e-10
419.0 9.709906407806557e-05
420.0 0.00020616059828171274
421.0 0.00020901914012938505
422.0 0.0002118777047144249
423.0 0.0005495089681062382
424.0 0.0008871400495991111
425.0 1.7106299016189652e-10
426.0 1.7106299016189652e-10
427.0 1.7106299016189652e-10
428.0 0.00012695163604803383
429.0 1.7106299016189652e-10
430.0 1.7106299016189652e-10
431.0 1.7106299016189652e-10
432.0 1.7106299016189652e-10
433.0 1.7106299016189652e-10
434.0 1.7106299016189652e-10
435.0 1.7106299016189652e-10
436.0 1.7106299016189652e-10
437.0 1.7106299016189652e-10
438.0 1.7106299016189652e-10
439.0 1.7106299016189652e-10
440.0 1.7106299016189652e-10
441.0 1.7106299016189652e-10
442.0 1.7106299016189652e-10
443.0 1.7106299016189652e-10
444.0 0.000430150430474896
445.0 0.00036356009331939276
446.0 0.0002969698471133597
447.0 0.0003213728859918774
448.0 0.00034577590213302756
449.0 0.00017625710597712896
450.0 6.738416402640723e-06
451.0 1.7106299016189652e-10
452.0 1.7106299016189652e-10
453.0 1.7106299016189652e-10
454.0 1.7106299016189652e-10
455.0 1.7106299016189652e-10
456.0 0.0002581855369498953
457.0 1.7106299016189652e-10
458.0 1.7106299016189652e-10
459.0 1.7106299016189652e-10
460.0 1.7106299016189652e-10
461.0 1.7106299016189652e-10
462.0 0.00014248392972149304
463.0 0.00025905767415679293
464.0 0.0003756313390113064
465.0 0.00037796783090016106
466.0 0.0003803043682637508
467.0 0.0004027809154649731
468.0 0.0004252574854035629
469.0 0.0007629043921042467
470.0 0.0011005512533301953
471.0 0.001215597876580432
472.0 0.0013306446817296091
473.0 0.001807240187190473
474.0 0.002283835783600807
475.0 0.002291558666911442
476.0 0.002299281732121017
477.0 0.0022418338630814105
478.0 0.002184385812142864
479.0 0.0024679604393895715
480.0 0.0027515350666362792
481.0 0.0027461579520604573
482.0 0.0027407808374846354
483.0 0.0029800419724779204
484.0 0.0032193031074712053
485.0 0.0026375482775620185
486.0 0.0020557934476528317
487.0 0.001976747444132343
488.0 0.0018977012587129138
489.0 0.001979230364668183
490.0 0.002060759288724512
491.0 0.001840939512476325
492.0 0.0016211197362281382
493.0 0.001653188701311592
494.0 0.0016852574844961055
495.0 0.0018864806406782009
496.0 0.0020877034330624156
497.0 0.0016958127162070014
498.0 0.0013039219993515871
499.0 0.0016998290448100306
500.0 0.002095736090268474
501.0 0.0021047419068054296
502.0 0.002113748087140266
503.0 0.002127886182279326
504.0 0.002142024277418386
505.0 0.0019365199477761053
506.0 0.0017310156181338243
507.0 0.0016937819964368828
508.0 0.0016565489204367623
509.0 0.0016443394997622818
510.0 0.0016321300790878013
511.0 0.0017257883882848546
512.0 0.001819446697481908
513.0 0.0019426288417889737
514.0 0.0020658111679949798
515.0 0.0019441398762864992
516.0 0.0018224685845780186
517.0 0.0015284178516594693
518.0 0.0012343670277914498
519.0 0.0011493094461911824
520.0 0.0010642517736414447
521.0 0.001236204661836382
522.0 0.0014081576409807894
523.0 0.0014536167327605654
524.0 0.0014990758245403413
525.0 0.0018189239199273288
526.0 0.002138772288162727
527.0 0.002471144762239419
528.0 0.0028035168725182302
529.0 0.0028842863684985787
530.0 0.0029650556825799868
531.0 0.0025885879949782975
532.0 0.0022121203073766083
533.0 0.0019206332581234165
534.0 0.0016291465726681054
535.0 0.0015016440556792077
536.0 0.00137414153869031
537.0 0.0014118822946329601
538.0 0.0014496231415250804
539.0 0.0023024287656880915
540.0 0.0031552342989016324
541.0 0.0037987127143424004
542.0 0.0044421911297831684
543.0 0.004552380050881766
544.0 0.004662568971980363
545.0 0.0043439540604595095
546.0 0.004025338785140775
547.0 0.0036641507904278114
548.0 0.003302963523310609
549.0 0.0030990024242782965
550.0 0.0028950411433470435
551.0 0.00237860695051495
552.0 0.0018621727576828562
553.0 0.0020441750166355632
554.0 0.0022261774574872106
555.0 0.002713868161663413
556.0 0.0032015588658396155
557.0 0.0037120502383913845
558.0 0.004222541247145273
559.0 0.004417216405272484
560.0 0.004611891199601814
561.0 0.0041850733396131545
562.0 0.003758255479624495
563.0 0.0036440738767851144
564.0 0.003529892273945734
565.0 0.003831003778032027
566.0 0.0041321152821183205
567.0 0.0046494802518282086
568.0 0.005166844857740216
569.0 0.005963362491456792
570.0 0.006759880488971248
571.0 0.007520749932155013
572.0 0.008281619375338778
573.0 0.008151703514158726
574.0 0.00802178619778715
575.0 0.007678804831812158
576.0 0.007335822010645643
577.0 0.006305742135737091
578.0 0.005275663352222182
579.0 0.005029318708693609
580.0 0.004782973701367155
581.0 0.005594870162894949
582.0 0.006406767352018505
583.0 0.007902770448708907
584.0 0.009398775000590831
585.0 0.010597235814202577
586.0 0.011795698810601607
587.0 0.011490265023894608
588.0 0.011184834147570655
589.0 0.010689855844248086
590.0 0.010194879723712802
591.0 0.009495337872067466
592.0 0.00879579529282637
593.0 0.007810824172338471
594.0 0.0068258501414675266
595.0 0.006096775905461982
596.0 0.005367700214264914
597.0 0.005467314986162819
598.0 0.005566929394262843
599.0 0.006598872278118506
600.0 0.00763081552577205
601.0 0.008628721116110682
602.0 0.009626625978853554
603.0 0.010401913459645584
604.0 0.011177200212841853
605.0 0.010728028428275138
606.0 0.010278856643708423
607.0 0.009740167297422886
608.0 0.009201477951137349
609.0 0.007904388621682301
610.0 0.006607299292227253
611.0 0.005173869067220949
612.0 0.0037404381146188825
613.0 0.003618098344304599
614.0 0.0034957582101924345
615.0 0.003857421688735485
616.0 0.004219085167278536
617.0 0.0054831420129630715
618.0 0.006747199222445488
619.0 0.007774557889206335
620.0 0.008801918011158705
621.0 0.00964333230513148
622.0 0.010484746599104255
623.0 0.010374206613050774
624.0 0.010263663716614246
625.0 0.009896316623780876
626.0 0.009528967348160222
627.0 0.008056408114498481
628.0 0.006583850336028263
629.0 0.0056382399634458125
630.0 0.00469262849946972
631.0 0.0038667352782795206
632.0 0.0030408420570893213
633.0 0.003161326822009869
634.0 0.003281811223132536
635.0 0.0034874774428317323
636.0 0.003693143662530929
637.0 0.004044591696583666
638.0 0.004396039730636403
639.0 0.004815167267224751
640.0 0.005234295167610981
641.0 0.005493337084772065
642.0 0.005752379729528911
643.0 0.005914138819207437
644.0 0.006075897908885963
645.0 0.005358552152756602
646.0 0.004641206760425121
647.0 0.0041201077692676336
648.0 0.0035990087781101465
649.0 0.002750565363385249
650.0 0.0019021224943571724
651.0 0.0018775093849399127
652.0 0.0018528960936237127
653.0 0.0018930055375676602
654.0 0.0019331151634105481
655.0 0.0021365591237554327
656.0 0.002340003084100317
657.0 0.002024651439569425
658.0 0.0017092996131395921
659.0 0.0014832831766398158
660.0 0.0012572669220389798
661.0 0.0015281506421160884
662.0 0.001799034362193197
663.0 0.0020400240828166716
664.0 0.002281013621541206
665.0 0.00243379454332171
666.0 0.0025865754651022144
667.0 0.0029839951821486466
668.0 0.003381415081094019
669.0 0.004156159411650151
670.0 0.004930903742206283
671.0 0.005820777005283162
672.0 0.006710649176966399
673.0 0.0070861351559869945
674.0 0.007461618224624544
675.0 0.007524387910962105
676.0 0.007587156869703904
677.0 0.006985988147789612
678.0 0.00638481869827956
679.0 0.005348616105038673
680.0 0.004312412784202024
681.0 0.0028589020075742155
682.0 0.0014053902305022348
683.0 0.0008495308065903373
684.0 0.0002936712689916021
685.0 0.0002436871454847278
686.0 0.00019370293102838332
687.0 0.00020326169760664925
688.0 0.00021282048692228273
689.0 0.00017412506849723286
690.0 0.0001354296841782343
691.0 0.00013945999626230332
692.0 0.00014349027424032101
693.0 0.00019208150661143009
694.0 0.00024067271624517161
695.0 0.00030633459573436994
696.0 0.00037199652069830336
697.0 0.00045413844418362714
698.0 0.0005362803676689509
699.0 0.00024940131879702676
700.0 1.7106299016189652e-10
701.0 1.7106299016189652e-10
702.0 1.7106299016189652e-10
703.0 4.842900835910768e-06
704.0 0.0003523338364175288
705.0 0.0001918207090056967
706.0 3.130760433123214e-05
707.0 1.7106299016189652e-10
708.0 1.7106299016189652e-10
709.0 0.00015349251043517143
710.0 0.0004811505277757533
711.0 0.00028781723813153803
712.0 9.448394280298089e-05
713.0 0.00018460287947164034
714.0 0.000274721855930693
715.0 0.00030899732337275054
716.0 0.00034327276807744056
717.0 0.000370161887985887
718.0 0.00039705100789433345
719.0 0.0002418675194348907
720.0 8.668405371281551e-05
721.0 0.00023338502614933532
722.0 0.0003800859303737525
723.0 0.00041591370063542854
724.0 0.0004517413799476344
725.0 0.0002688864469746477
726.0 8.603147421126778e-05
727.0 0.0003725326678249985
728.0 0.0006590336397493957
729.0 0.0004963573701388668
730.0 0.0003336809413667652
731.0 0.0003458750370555208
732.0 0.0003580690190574387
733.0 0.0002301177346453187
734.0 0.00010216651844530134
735.0 0.00036571711916622007
736.0 0.0006292676516750362
737.0 0.0006680372280243319
738.0 0.0007068067134241574
739.0 0.000604736351306201
740.0 0.0005026659891882446
741.0 0.0002752428599706036
742.0 4.7819781912039616e-05
743.0 0.00020390609734022291
744.0 0.00035999239571538055
745.0 0.0004499162514548516
746.0 0.0005398400844569551
747.0 0.0002296553702763049
748.0 1.7106299016189652e-10
749.0 0.0001487558279222867
750.0 0.00037804088606208097
751.0 0.0001606980390533863
752.0 1.7106299016189652e-10
753.0 0.00015383293430204503
754.0 0.0003643106765593984
755.0 0.0003405350071261637
756.0 0.0003167592922181939
757.0 0.00019772767245740397
758.0 7.869596743148577e-05
759.0 0.0002311182697667391
760.0 0.00038354060052370187
761.0 0.0002734972440521233
762.0 0.00016345381936844205
763.0 0.00042089982343895826
764.0 0.0006783456683479017
765.0 0.0004441887085704366
766.0 0.00021003179426770657
767.0 0.0003415311766730156
768.0 0.0004730305136035895
769.0 0.00048495021474082023
770.0 0.000496869915878051
771.0 0.000374424325855216
772.0 0.00025197866762027843
773.0 0.00029867985631426563
774.0 0.00034538095405878266
775.0 0.00042958140511473175
776.0 0.0005137819698575186
777.0 0.00030293701911432436
778.0 9.209201721205318e-05
779.0 0.00042048100112879183
780.0 0.0007488699793611886
781.0 0.0008035525752347894
782.0 0.0008582351256336551
783.0 0.0006866600415378343
784.0 0.0005150849574420135
785.0 0.000332392983182217
786.0 0.00014970102029110421
787.0 0.000594557104705018
788.0 0.0010394131095381454
789.0 0.0005075310582469683
790.0 1.7106299016189652e-10
791.0 0.00043083819036837667
792.0 0.0008860275556799024
793.0 0.0007159981578297447
794.0 0.0005459686690301169
795.0 0.0005043353212386137
796.0 0.0004627018824976403
797.0 0.00045382357711787336
798.0 0.00044494536268757656
799.0 0.0004601925866154488
800.0 0.0004754398105433211
801.0 0.0005438661901280284
802.0 0.0006122924787632655
803.0 0.0004190400431980379
804.0 0.0002257875848954427
805.0 0.00048441943363286555
806.0 0.0007430512141581858
807.0 0.000910546714294469
808.0 0.0010780421689560171
809.0 0.000949386230786331
810.0 0.000820730383566115
811.0 0.0006647882401011884
812.0 0.0005088463240099372
813.0 0.0006313046014838619
814.0 0.0007537628789577866
815.0 0.00045819788283552043
816.0 0.00016263276165773277
817.0 0.0005429510110843694
818.0 0.0009232695447281003
819.0 0.0009040986697073095
820.0 0.0008849276127875783
821.0 0.0007015126811893424
822.0 0.0005180978860153118
823.0 0.0002747701955740922
824.0 3.144259608234279e-05
825.0 5.4088400247565005e-05
826.0 7.6734215781471e-05
827.0 0.00037449169667524984
828.0 0.0006722490979882423
829.0 0.0008454455382889137
830.0 0.0010186417057411745
831.0 0.0007775840458634775
832.0 0.0005365264769352507
833.0 0.0008557968612876721
834.0 0.0011750674275390338
835.0 0.0008049722055147868
836.0 0.00043487721086421516
837.0 0.0006557771030202275
838.0 0.0008766767678025644
839.0 0.0007030096185189905
840.0 0.0005293423782859463
841.0 0.0005895782578591025
842.0 0.0006498140919575235
843.0 0.000384700024369522
844.0 0.00011958627510466613
845.0 0.0006731759640388191
846.0 0.0012267659258213826
847.0 0.0008770888598519377
848.0 0.0005274120212561684
849.0 0.0007447558800777188
850.0 0.000962099693424534
851.0 0.0007217422080429969
852.0 0.0004813847226614598
853.0 0.00039983342503546737
854.0 0.00031828217288421
855.0 0.0005627764039672911
856.0 0.000807270498626167
857.0 0.0009341110853711143
858.0 0.0010609513992676511
859.0 0.0009832398063736036
860.0 0.0009055282134795561
861.0 0.0007734200153208803
862.0 0.0006413119535864098
863.0 0.0011753188118746039
864.0 0.0017093256246880628
865.0 0.002023629167524632
866.0 0.0023379323465633206
867.0 0.002103364749928005
868.0 0.0018687971532926895
869.0 0.0021488236598088406
870.0 0.002428850348223932
871.0 0.0025529176127747633
872.0 0.0026769854230224155
873.0 0.002471141124260612
874.0 0.0022652970073977485
