lsstCam/transmission_filter_detector/r42_s10/y_10/19700101T000000.ecsv
# %ECSV 1.0
# ---
# datatype:
# - {name: wavelength, unit: nm, datatype: float32}
# - {name: efficiency, unit: '%', datatype: float64}
# meta: !!omap
# - {MODE: DETECTOR}
# - {TYPE: transmission_filter_detector}
# - {CALIBDATE: '1970-01-01T00:00:00'}
# - {INSTRUME: LSSTCam}
# - {OBSTYPE: transmission_filter_detector}
# - {CALIBCLS: lsst.ip.isr.IntermediateFilterDetectorTransmissionCurve}
# - {SOURCE: Materion (DM-46256)}
# - {DETECTOR: 174}
# - {FILTER: y_10}
# - {CALIB_ID: 'calibDate=1970-01-01T00:00:00 filter=y_10 detector=174'}
# - {DATE: '2025-04-02T15:59:51.548169'}
# - {CALIB_CREATION_DATE: '2025-04-02'}
# - {CALIB_CREATION_TIME: '15:59:51'}
# - __serialized_columns__:
#     efficiency:
#       __class__: astropy.units.quantity.Quantity
#       unit: !astropy.units.Unit {unit: '%'}
#       value: !astropy.table.SerializedColumn {name: efficiency}
#     wavelength:
#       __class__: astropy.units.quantity.Quantity
#       unit: !astropy.units.Unit {unit: nm}
#       value: !astropy.table.SerializedColumn {name: wavelength}
# schema: astropy-2.0
wavelength efficiency
300.0 0.023046480782795697
301.0 0.02064000873360783
302.0 0.01823353668441996
303.0 0.015417909889947623
304.0 0.01260228018509224
305.0 0.01098209759220481
306.0 0.00936191572691314
307.0 0.00894195691216737
308.0 0.008521998097421601
309.0 0.008775610331213102
310.0 0.009029222565004602
311.0 0.006815856613684446
312.0 0.004602489570970647
313.0 0.004563268885249272
314.0 0.004524046744336374
315.0 0.005403548129834235
316.0 0.006283049879129976
317.0 0.0050000027840724215
318.0 0.003716955689014867
319.0 0.002654976924532093
320.0 0.0015929972505546175
321.0 0.002919824510172475
322.0 0.004246651951689273
323.0 0.0039027250750223175
324.0 0.0035587985621532425
325.0 0.0032379837648477405
326.0 0.0029171684218454175
327.0 0.0024712913727853447
328.0 0.0020254141418263316
329.0 0.0023055627025314607
330.0 0.002585710899438709
331.0 0.0026755336875794455
332.0 0.0027653562938212417
333.0 0.0023262180548044853
334.0 0.0018870798157877289
335.0 0.0021483076125150546
336.0 0.00240953522734344
337.0 0.002066569504677318
338.0 0.0017236039639101364
339.0 0.001701963265077211
340.0 0.0016803225662442856
341.0 0.0016105926988529973
342.0 0.0015408631952595897
343.0 0.001852637251431588
344.0 0.0021644113076035865
345.0 0.001374339535686886
346.0 0.00058426753639651
347.0 0.000650962965664803
348.0 0.0007176582585088909
349.0 0.001151968626800226
350.0 0.0015862788131926209
351.0 0.0014822125194768887
352.0 0.0013781460438622162
353.0 0.001340425751550356
354.0 0.0013027051863900851
355.0 0.0017512809790787287
356.0 0.002199857044615783
357.0 0.0015373296264442615
358.0 0.0008748020263737999
359.0 0.00077996046456974
360.0 0.0006851187663414748
361.0 0.0007410708803945454
362.0 0.000797023039922351
363.0 0.0008695511496625841
364.0 0.0009420794413017575
365.0 0.001216486907651415
366.0 0.001490894464950543
367.0 0.0016703846995369531
368.0 0.0018498749341233633
369.0 0.0016913485524128191
370.0 0.0015328219888033345
371.0 0.001589210660313256
372.0 0.0016455993318231776
373.0 0.0019304286979604512
374.0 0.0022152578821987845
375.0 0.00297032584057888
376.0 0.0037253936170600355
377.0 0.004168436498730443
378.0 0.004611479380400851
379.0 0.0044606331357499585
380.0 0.004309786527301185
381.0 0.0034159216738771647
382.0 0.0025220566385542043
383.0 0.0018458071281202137
384.0 0.0011695576176862232
385.0 0.0008661720130476169
386.0 0.0005627862719848054
387.0 0.0005965709533484187
388.0 0.0006303557256615022
389.0 0.0005823980700370157
390.0 0.000534440323463059
391.0 0.0005800279268441955
392.0 0.0006256155302253319
393.0 0.0006380614195222734
394.0 0.0006505073088192148
395.0 0.0007425818694173358
396.0 0.0008346563845407218
397.0 0.0008142502338159829
398.0 0.0007938440830912441
399.0 0.0010256375389872119
400.0 0.00125743117678212
401.0 0.0015991165128070861
402.0 0.0019408016669331118
403.0 0.0019556438928702846
404.0 0.001970485936908517
405.0 0.001962186252058018
406.0 0.001953886567207519
407.0 0.0018692762751015835
408.0 0.001784665982995648
409.0 0.001684508242760785
410.0 0.0015843506844248623
411.0 0.0010276570719724987
412.0 0.0004709634595201351
413.0 0.0006414385097741615
414.0 0.0008119134690787178
415.0 0.0003025715386684169
416.0 1.63794802374162e-10
417.0 1.63794802374162e-10
418.0 1.63794802374162e-10
419.0 3.8745568531339813e-05
420.0 0.0002997969886564533
421.0 0.00022064471068006242
422.0 0.00014149242133498774
423.0 1.63794802374162e-10
424.0 1.63794802374162e-10
425.0 1.63794802374162e-10
426.0 1.63794802374162e-10
427.0 1.63794802374162e-10
428.0 1.63794802374162e-10
429.0 1.63794802374162e-10
430.0 1.63794802374162e-10
431.0 1.63794802374162e-10
432.0 0.00037491918192245066
433.0 0.00017675379240245093
434.0 1.63794802374162e-10
435.0 1.63794802374162e-10
436.0 1.63794802374162e-10
437.0 1.63794802374162e-10
438.0 1.63794802374162e-10
439.0 0.00012164716736151604
440.0 0.00036947008084098343
441.0 1.63794802374162e-10
442.0 1.63794802374162e-10
443.0 1.63794802374162e-10
444.0 5.3224681551000685e-05
445.0 6.53859444810223e-05
446.0 7.754723583275336e-05
447.0 0.0002997340743604582
448.0 0.000521920765095274
449.0 0.0003474669483694015
450.0 0.00017301296111327247
451.0 1.63794802374162e-10
452.0 1.63794802374162e-10
453.0 1.63794802374162e-10
454.0 1.63794802374162e-10
455.0 1.63794802374162e-10
456.0 0.00024674611722730333
457.0 1.63794802374162e-10
458.0 1.63794802374162e-10
459.0 1.63794802374162e-10
460.0 1.63794802374162e-10
461.0 1.63794802374162e-10
462.0 0.00010101919087901479
463.0 0.0002982582145705237
464.0 0.0004954970791004598
465.0 0.00047737244130985346
466.0 0.0004592478489939822
467.0 0.00043618902054731734
468.0 0.00041313028305012267
469.0 0.0009242927262675948
470.0 0.001435455214959802
471.0 0.001481467279518256
472.0 0.0015274796169251204
473.0 0.0020027875507366844
474.0 0.0024780951207503676
475.0 0.0023860240617068484
476.0 0.0022939530026633292
477.0 0.0022516858734888956
478.0 0.0022094183805165812
479.0 0.0026542062187218107
480.0 0.0030989940569270402
481.0 0.0032659962016623467
482.0 0.0034329979825997725
483.0 0.0035736080462811515
484.0 0.0037142181099625304
485.0 0.003325295983813703
486.0 0.0029363736757659353
487.0 0.0024232225769083016
488.0 0.0019100712961517274
489.0 0.001932184568431694
490.0 0.001954298022610601
491.0 0.0017165248209494166
492.0 0.0014787517102377024
493.0 0.001556400275148917
494.0 0.0016340487491106614
495.0 0.0016297832189593464
496.0 0.0016255176888080314
497.0 0.0013443880561680999
498.0 0.0010632584235281684
499.0 0.001654143852647394
500.0 0.0022450292817666195
501.0 0.002212790604971815
502.0 0.0021805519281770103
503.0 0.002491192026354838
504.0 0.0028018319426337257
505.0 0.0023538617824669927
506.0 0.0019058910766034387
507.0 0.0018695303879212588
508.0 0.001833169699239079
509.0 0.0018473227100912482
510.0 0.0018614757209434174
511.0 0.0019454782886896282
512.0 0.002029480856435839
513.0 0.002051792216661852
514.0 0.0020741035768878646
515.0 0.0019164395780535415
516.0 0.001758775397320278
517.0 0.0015119082490855362
518.0 0.001265040828002384
519.0 0.001297556264034938
520.0 0.0013300717910169624
521.0 0.0013736806067754515
522.0 0.0014172893315844703
523.0 0.0014650640878244303
524.0 0.0015128389350138605
525.0 0.0017086478692363016
526.0 0.0019044569853576832
527.0 0.0020907576981699094
528.0 0.0022770584109821357
529.0 0.0021453122826642357
530.0 0.002013565790548455
531.0 0.0020290122847654857
532.0 0.002044458597083576
533.0 0.0019089718989562243
534.0 0.0017734855646267533
535.0 0.0016424053683294915
536.0 0.0015113250810827594
537.0 0.0017529997421661392
538.0 0.001994674494198989
539.0 0.002501157905498985
540.0 0.0030076413167989813
541.0 0.003639698843471706
542.0 0.00427175618824549
543.0 0.004457122122403234
544.0 0.004642488056560978
545.0 0.004749153958982788
546.0 0.004855819133808836
547.0 0.004438392352312803
548.0 0.0040209652070188895
549.0 0.003472857133601792
550.0 0.002924749060184695
551.0 0.002447798578941729
552.0 0.001970848097698763
553.0 0.0020497544028330594
554.0 0.0021286610717652366
555.0 0.002858741754607763
556.0 0.0035888228012481704
557.0 0.004000616536359303
558.0 0.004412410635268316
559.0 0.004320215521147475
560.0 0.004228020770824514
561.0 0.0038340294850058854
562.0 0.003440038562985137
563.0 0.003502632534946315
564.0 0.003565226506907493
565.0 0.0036657340388046578
566.0 0.0037662408431060612
567.0 0.004306423579691909
568.0 0.004846605952479877
569.0 0.005339059134712443
570.0 0.005831512316945009
571.0 0.0063138402765616775
572.0 0.006796168599976227
573.0 0.00705323982401751
574.0 0.007310311775654554
575.0 0.007085884863045067
576.0 0.006861457950435579
577.0 0.006404813757399097
578.0 0.005948169564362615
579.0 0.00555297992832493
580.0 0.005157789928489365
581.0 0.005643342592520639
582.0 0.006128895620349795
583.0 0.007406499935314059
584.0 0.008684105705469847
585.0 0.009775896614883095
586.0 0.010867689707083628
587.0 0.010896773892454803
588.0 0.010925860988209024
589.0 0.010625009599607438
590.0 0.010324161121388897
591.0 0.009776854858500883
592.0 0.00922954932320863
593.0 0.008273726416518912
594.0 0.007317901327041909
595.0 0.006341460539260879
596.0 0.005365017932490446
597.0 0.005371109728002921
598.0 0.0053772018873132765
599.0 0.006119236786616966
600.0 0.006861271685920656
601.0 0.008118665573420003
602.0 0.009376057278132066
603.0 0.010247957106912509
604.0 0.01111985620809719
605.0 0.010842773190233856
606.0 0.010565690899966285
607.0 0.010030486737377942
608.0 0.009495281119598076
609.0 0.00829269556561485
610.0 0.0070901092840358615
611.0 0.005512336065294221
612.0 0.0039345617551589385
613.0 0.003627162368502468
614.0 0.003319763345643878
615.0 0.0037204172258498147
616.0 0.004121070742257871
617.0 0.005391574450186454
618.0 0.006662076339125633
619.0 0.008145548054017127
620.0 0.009629019041312858
621.0 0.01058554626069963
622.0 0.01154207275249064
623.0 0.011561755673028529
624.0 0.011581437138374895
625.0 0.011104632721981034
626.0 0.010627826122799888
627.0 0.00907686771824956
628.0 0.0075259093136992306
629.0 0.006196818867465481
630.0 0.004867726966040209
631.0 0.003992194251623005
632.0 0.0031166615372058004
633.0 0.002909779141191393
634.0 0.0027028965632780455
635.0 0.0027679530830937438
636.0 0.0028330094210105017
637.0 0.003277215000707656
638.0 0.00372142021660693
639.0 0.004469501436688006
640.0 0.005217582656769082
641.0 0.005390947990235873
642.0 0.0055643129599047825
643.0 0.005704257637262344
644.0 0.0058442019508220255
645.0 0.005340427742339671
646.0 0.0048366538976551965
647.0 0.004321151209296659
648.0 0.0038056485209381208
649.0 0.002998961463163141
650.0 0.002192274587287102
651.0 0.002084687366732396
652.0 0.00197709996427875
653.0 0.0017599497368792072
654.0 0.0015427995094796643
655.0 0.0017605823813937604
656.0 0.0019783652533078566
657.0 0.0018604825527290814
658.0 0.001742599306453485
659.0 0.0015414623703691177
660.0 0.0013403254342847504
661.0 0.0015822542991372757
662.0 0.0018241833458887413
663.0 0.0019007640730706044
664.0 0.0019773449821514077
665.0 0.0023030663214740343
666.0 0.0026287878426956013
667.0 0.0029978949896758422
668.0 0.003367002136656083
669.0 0.004248445111443289
670.0 0.005129887358634733
671.0 0.006188452971400693
672.0 0.007247018220368773
673.0 0.007520974759245291
674.0 0.007794929115334526
675.0 0.0075919582741335034
676.0 0.007388985977740958
677.0 0.006861898145871237
678.0 0.006334809586405754
679.0 0.005299190161167644
680.0 0.004263570735929534
681.0 0.0028251257390365936
682.0 0.001386680014547892
683.0 0.0008227395483118016
684.0 0.00025879908207571134
685.0 7.050512635942141e-05
686.0 1.63794802374162e-10
687.0 1.4739909204308788e-05
688.0 0.00014726876997883664
689.0 6.266773198149167e-05
690.0 1.63794802374162e-10
691.0 4.905371611130249e-05
692.0 0.00012004065865767188
693.0 0.0002975745928779361
694.0 0.0004751085270982003
695.0 0.00037727784274466103
696.0 0.00027944729481532704
697.0 0.0004135547897021752
698.0 0.0005476622845890233
699.0 0.00038553766898985486
700.0 0.00022341303065331886
701.0 3.240526780246e-05
702.0 1.63794802374162e-10
703.0 1.855733984257313e-05
704.0 0.00019571739358070772
705.0 0.0001820631723603583
706.0 0.0001684089397713251
707.0 0.00010449970204717829
708.0 4.059040463744168e-05
709.0 0.000163988579515717
710.0 0.0002873867060770863
711.0 0.00017142177739515319
712.0 5.5456808922826895e-05
713.0 0.0001414101461705286
714.0 0.0002273634891025722
715.0 0.00017549136828165501
716.0 0.00012361923609205405
717.0 0.0001989767724808189
718.0 0.0002743342975009
719.0 0.00013289616163092433
720.0 1.63794802374162e-10
721.0 8.085611398200854e-05
722.0 0.0001702541680970171
723.0 0.000318470938509563
724.0 0.0004666876975534251
725.0 0.00046105083129077684
726.0 0.0004554140105028637
727.0 0.0003944184754800517
728.0 0.00033342284950776957
729.0 0.0002512763103368343
730.0 0.0001691296915851126
731.0 0.00029140637707314454
732.0 0.0004136828920309199
733.0 0.00033544417874509236
734.0 0.0002572056018834701
735.0 0.0004729687589133391
736.0 0.0006887318704684731
737.0 0.0007298347554751672
738.0 0.0007709376404818613
739.0 0.0005861721092514927
740.0 0.000401406578021124
741.0 0.0003807361053986824
742.0 0.0003600656100388733
743.0 0.00038599273466388695
744.0 0.00041191988202626817
745.0 0.0004892552624369273
746.0 0.0005665907337970566
747.0 0.00040951081246021204
748.0 0.00025243107302230783
749.0 0.00041781422623898834
750.0 0.0005831973339809338
751.0 0.00018226044176117284
752.0 1.63794802374162e-10
753.0 0.0001354436562905903
754.0 0.0004895637175650336
755.0 0.0003422455392865231
756.0 0.00019492740648274776
757.0 0.0002825288447638741
758.0 0.0003701300784086925
759.0 0.00016020401290006703
760.0 1.63794802374162e-10
761.0 1.63794802374162e-10
762.0 1.63794802374162e-10
763.0 0.0001425709342584014
764.0 0.0003997615294792922
765.0 0.00023817331111786189
766.0 7.658512686248287e-05
767.0 8.788925143221604e-07
768.0 1.63794802374162e-10
769.0 1.63794802374162e-10
770.0 1.63794802374162e-10
771.0 1.63794802374162e-10
772.0 8.568582074985898e-05
773.0 6.35006529137172e-05
774.0 4.13154964462592e-05
775.0 0.0003588668278098339
776.0 0.0006764181762264343
777.0 0.00037499326026591007
778.0 7.356825904025754e-05
779.0 0.0003777159236051375
780.0 0.0006818635483796243
781.0 0.0007752051715215202
782.0 0.000868546703713946
783.0 0.0007235528300952865
784.0 0.0005785589110018918
785.0 0.0003823468887276249
786.0 0.00018613488919072552
787.0 0.0005543322004086804
788.0 0.0009225295798387378
789.0 0.0005326505288394401
790.0 0.0001427714096280397
791.0 0.000432672823080793
792.0 0.0007225744411698543
793.0 0.0008864485607773531
794.0 0.0010503225894353818
795.0 0.000710111225998844
796.0 0.00036989977161283605
797.0 0.0006369214588630712
798.0 0.0009039431461133063
799.0 0.0008301935849885922
800.0 0.000756443978389143
801.0 0.0007090337931003887
802.0 0.0006616235623368993
803.0 0.0006271993242989993
804.0 0.0005927749043621588
805.0 0.0005815696567879058
806.0 0.000570364500163123
807.0 0.0008317789252032526
808.0 0.0010931934411928523
809.0 0.0009495545782556292
810.0 0.0008059158972173464
811.0 0.0006234867669263622
812.0 0.00044105781853431836
813.0 0.0005364463504520245
814.0 0.0006318349733192008
815.0 0.00023194486402644543
816.0 1.63794802374162e-10
817.0 0.0002583118202892365
818.0 0.0006845691586931935
819.0 0.000495796257382608
820.0 0.0003070233560720226
821.0 0.00033453854939580197
822.0 0.000362053810931684
823.0 0.00022742374312656466
824.0 9.279384016736003e-05
825.0 0.000288996079689241
826.0 0.0004851983248954639
827.0 0.00042070873860211577
828.0 0.00035621915230876766
829.0 0.00041552634684194345
830.0 0.00047483345042564906
831.0 0.00046926652430556715
832.0 0.0004636994162865449
833.0 0.0007882332283770666
834.0 0.0011127670404675882
835.0 0.0008211826752813067
836.0 0.0005295982646202901
837.0 0.0008030639037315268
838.0 0.0010765294064185582
839.0 0.0010714828931668308
840.0 0.0010664362889656331
841.0 0.0007582644229842117
842.0 0.000450092420578585
843.0 0.0002632373480082606
844.0 7.638248575858597e-05
845.0 0.0006128432687546592
846.0 0.001149304171121912
847.0 0.00075916127570963
848.0 0.0003690184939841856
849.0 0.000664113440507208
850.0 0.0009592085007170681
851.0 0.0005930811767029809
852.0 0.0002269539663757314
853.0 0.0004489500497584231
854.0 0.0006709463832521578
855.0 0.0007202068900369341
856.0 0.0007694673513469752
857.0 0.0009592575224814937
858.0 0.0011490476936160121
859.0 0.0013027746717853006
860.0 0.001456501649954589
861.0 0.001259441523870919
862.0 0.0010623813977872487
863.0 0.0011546594578248914
864.0 0.0012469373359635938
865.0 0.001722199704090599
866.0 0.002197461981268134
867.0 0.0022055281078792177
868.0 0.0022135942344903015
869.0 0.002526318530726712
870.0 0.002839042826963123
871.0 0.0029650807846337557
872.0 0.0030911192880012095
873.0 0.0026622103177942336
874.0 0.002233301529486198
875.0 0.0022003205231158063
876.0 0.0021673395167454146
877.0 0.001551133937027771
878.0 0.0009349285392090678
