lsstCam/transmission_filter_detector/r42_s10/y_10/19700101T000000.ecsv
# %ECSV 1.0
# ---
# datatype:
# - {name: wavelength, unit: nm, datatype: float32}
# - {name: efficiency, unit: '%', datatype: float64}
# meta: !!omap
# - {MODE: DETECTOR}
# - {TYPE: transmission_filter_detector}
# - {CALIBDATE: '1970-01-01T00:00:00'}
# - {INSTRUME: LSSTCam}
# - {OBSTYPE: transmission_filter_detector}
# - {CALIBCLS: lsst.ip.isr.IntermediateFilterDetectorTransmissionCurve}
# - {SOURCE: Materion (DM-46256)}
# - {DETECTOR: 174}
# - {FILTER: y_10}
# - {CALIB_ID: 'calibDate=1970-01-01T00:00:00 filter=y_10 detector=174'}
# - {DATE: '2025-04-02T15:59:51.548169'}
# - {CALIB_CREATION_DATE: '2025-04-02'}
# - {CALIB_CREATION_TIME: '15:59:51'}
# - __serialized_columns__:
#     efficiency:
#       __class__: astropy.units.quantity.Quantity
#       unit: !astropy.units.Unit {unit: '%'}
#       value: !astropy.table.SerializedColumn {name: efficiency}
#     wavelength:
#       __class__: astropy.units.quantity.Quantity
#       unit: !astropy.units.Unit {unit: nm}
#       value: !astropy.table.SerializedColumn {name: wavelength}
# schema: astropy-2.0
wavelength efficiency
[from data line 580]
880.0 0.03406831528991461
881.0 0.0882152235135436
882.0 0.03496986464597285
883.0 0.09416528046131134
884.0 0.03614545275922865
885.0 0.10298199485987425
886.0 0.03692185855470598
887.0 0.10025444207713008
888.0 0.03513515111990273
889.0 0.09915442205965519
890.0 0.04467986582312733
891.0 0.09629718260839581
892.0 0.03604384255595505
893.0 0.11043909471482038
894.0 0.04056036123074591
895.0 0.10045520029962063
896.0 0.04523129027802497
897.0 0.10232555214315653
898.0 0.051161175360903144
899.0 0.11217878200113773
900.0 0.07080123177729547
901.0 0.12579017784446478
902.0 0.14025768032297492
903.0 0.15701066004112363
904.0 0.17362389480695128
905.0 0.192259531468153
906.0 0.22845864295959473
907.0 0.2780347364023328
908.0 0.34703032579272985
909.0 0.46263178810477257
910.0 0.6278790533542633
911.0 0.8747819811105728
912.0 1.2755759060382843
913.0 1.8938157707452774
914.0 2.7057036757469177
915.0 3.966614231467247
916.0 5.580228194594383
917.0 7.46176615357399
918.0 9.754753857851028
919.0 12.058603763580322
920.0 15.26283323764801
921.0 18.549151718616486
922.0 21.735824644565582
923.0 25.366520881652832
924.0 29.343628883361816
925.0 33.785995841026306
926.0 39.332520961761475
927.0 45.49779295921326
928.0 51.18831396102905
929.0 57.54690170288086
930.0 63.51487636566162
931.0 69.62621808052063
932.0 75.52672028541565
933.0 80.83832263946533
934.0 84.98339056968689
935.0 88.18066716194153
936.0 90.83055257797241
937.0 92.78841018676758
938.0 94.19097304344177
939.0 94.98494863510132
940.0 95.52825689315796
941.0 95.85766196250916
942.0 96.16515636444092
943.0 96.37613892555237
944.0 96.76897525787354
945.0 96.7973530292511
946.0 96.95518612861633
947.0 97.03425168991089
948.0 97.1890926361084
949.0 97.10150361061096
950.0 97.16196656227112
951.0 97.22056984901428
952.0 97.24222421646118
953.0 97.40500450134277
954.0 97.4446177482605
955.0 97.52211570739746
956.0 97.70503044128418
957.0 97.90767431259155
958.0 98.0774462223053
959.0 98.20516705513
960.0 98.34337830543518
961.0 98.46442341804504
962.0 98.55895638465881
963.0 98.62326979637146
964.0 98.69407415390015
965.0 98.72878193855286
966.0 98.80676865577698
967.0 98.88770580291748
968.0 98.85343313217163
969.0 98.84132146835327
970.0 98.89307022094727
971.0 98.94164800643921
972.0 99.0050196647644
973.0 99.08924102783203
974.0 99.06840920448303
975.0 99.07366037368774
976.0 99.11867380142212
977.0 99.09602403640747
978.0 99.16039705276489
979.0 99.1055428981781
980.0 99.07275438308716
981.0 99.05610680580139
982.0 98.97696375846863
983.0 99.00562763214111
984.0 98.97266626358032
985.0 98.91825318336487
986.0 98.84586334228516
987.0 98.90099167823792
988.0 98.76548647880554
989.0 98.75251054763794
990.0 98.67979884147644
991.0 98.70599508285522
992.0 98.75501990318298
993.0 98.69182705879211
994.0 98.66493940353394
995.0 98.7135112285614
996.0 98.67556095123291
997.0 98.78261089324951
998.0 98.80409836769104
999.0 98.85082840919495
1000.0 98.92085194587708
1001.0 98.86601567268372
1002.0 99.02483224868774
1003.0 99.0297794342041
1004.0 99.0879476070404
1005.0 99.06215071678162
1006.0 99.21272397041321
1007.0 99.19053316116333
1008.0 99.17255640029907
1009.0 99.09945726394653
1010.0 99.16380643844604
1011.0 99.14939999580383
1012.0 99.05623197555542
1013.0 99.06578660011292
1014.0 99.04507398605347
1015.0 99.02765154838562
1016.0 98.98946285247803
1017.0 98.9995002746582
1018.0 99.03889298439026
1019.0 98.97369742393494
1020.0 99.01384711265564
1021.0 99.1523265838623
1022.0 98.9732563495636
1023.0 99.02055859565735
1024.0 99.01098012924194
1025.0 98.98558855056763
1026.0 99.04438257217407
1027.0 99.1477906703949
1028.0 99.06314015388489
1029.0 99.2009699344635
1030.0 99.19522404670715
1031.0 99.18044805526733
1032.0 99.20563697814941
1033.0 99.16888475418091
1034.0 99.20551180839539
1035.0 99.19797778129578
1036.0 99.18230772018433
1037.0 99.2020845413208
1038.0 99.1635262966156
1039.0 99.1490125656128
1040.0 99.05049204826355
1041.0 99.10494685173035
1042.0 99.06257390975952
1043.0 98.97416234016418
1044.0 99.08086657524109
1045.0 98.77593517303467
1046.0 99.01010990142822
1047.0 98.92562627792358
1048.0 98.97949695587158
1049.0 98.80861043930054
1050.0 98.81317615509033
1051.0 98.81833791732788
1052.0 98.82827401161194
1053.0 98.7032949924469
1054.0 98.9386796951294
1055.0 99.04049038887024
1056.0 98.92501831054688
1057.0 98.93984794616699
1058.0 98.84812235832214
1059.0 98.88447523117065
1060.0 99.01131987571716
1061.0 98.90267848968506
1062.0 98.98483157157898
1063.0 98.84435534477234
1064.0 99.1606056690216
1065.0 99.00233149528503
1066.0 99.05601143836975
1067.0 99.047189950943
1068.0 98.98625016212463
1069.0 98.83296489715576
1070.0 99.10435080528259
1071.0 98.92144203186035
1072.0 99.1054356098175
1073.0 99.1915762424469
1074.0 98.77769947052002
1075.0 98.75369071960449
1076.0 98.60634207725525
1077.0 98.88572096824646
1078.0 99.02860522270203
1079.0 98.70651364326477
1080.0 99.48524832725525
1081.0 98.7775206565857
1082.0 98.553866147995
1083.0 98.56286644935608
1084.0 98.92469644546509
1085.0 98.87024164199829
1086.0 98.5994815826416
1087.0 98.78413677215576
1088.0 98.63819479942322
1089.0 98.54870438575745
1090.0 98.75900149345398
1091.0 98.68976473808289
1092.0 98.6985445022583
1093.0 98.60804677009583
1094.0 98.43992590904236
1095.0 98.37839007377625
1096.0 98.58143925666809
1097.0 98.30183386802673
1098.0 98.08265566825867
1099.0 98.55438470840454
1100.0 98.1310486793518
