lsstCam/transmission_filter_detector/r11_s22/r_57/19700101T000000.ecsv
# %ECSV 1.0
# ---
# datatype:
# - {name: wavelength, unit: nm, datatype: float32}
# - {name: efficiency, unit: '%', datatype: float64}
# meta: !!omap
# - {MODE: DETECTOR}
# - {TYPE: transmission_filter_detector}
# - {CALIBDATE: '1970-01-01T00:00:00'}
# - {INSTRUME: LSSTCam}
# - {OBSTYPE: transmission_filter_detector}
# - {CALIBCLS: lsst.ip.isr.IntermediateFilterDetectorTransmissionCurve}
# - {SOURCE: Materion (DM-46256)}
# - {DETECTOR: 44}
# - {FILTER: r_57}
# - {CALIB_ID: 'calibDate=1970-01-01T00:00:00 filter=r_57 detector=44'}
# - {DATE: '2025-04-02T15:59:44.388935'}
# - {CALIB_CREATION_DATE: '2025-04-02'}
# - {CALIB_CREATION_TIME: '15:59:44'}
# - __serialized_columns__:
#     efficiency:
#       __class__: astropy.units.quantity.Quantity
#       unit: !astropy.units.Unit {unit: '%'}
#       value: !astropy.table.SerializedColumn {name: efficiency}
#     wavelength:
#       __class__: astropy.units.quantity.Quantity
#       unit: !astropy.units.Unit {unit: nm}
#       value: !astropy.table.SerializedColumn {name: wavelength}
# schema: astropy-2.0
wavelength efficiency
[from data line 602]
902.0 1.5787064580954913e-10
903.0 1.5787064580954913e-10
904.0 1.5787064580954913e-10
905.0 1.5787064580954913e-10
906.0 1.5787064580954913e-10
907.0 1.5787064580954913e-10
908.0 1.5787064580954913e-10
909.0 1.5787064580954913e-10
910.0 1.5787064580954913e-10
911.0 1.5787064580954913e-10
912.0 1.5787064580954913e-10
913.0 1.5787064580954913e-10
914.0 1.5787064580954913e-10
915.0 6.601114819204668e-05
916.0 2.648017698447802e-05
917.0 1.5787064580954913e-10
918.0 5.6796079661580734e-05
919.0 0.00012664291944020079
920.0 3.615121784150688e-05
921.0 1.5787064580954913e-10
922.0 6.28068164587603e-05
923.0 0.00017995415646510082
924.0 0.00017637742075748974
925.0 0.00017280069641856244
926.0 0.00017851634765975177
927.0 0.00018423201026962488
928.0 0.00018817490854416974
929.0 0.00019211777271266328
930.0 0.00022394222014554543
931.0 0.00025576669031579513
932.0 9.232661568603362e-05
933.0 1.5787064580954913e-10
934.0 9.794742936719558e-05
935.0 0.0002670082494660164
936.0 0.0002772407469819882
937.0 0.0002874732672353275
938.0 0.00034409072213748004
939.0 0.00040070822251436766
940.0 0.0003516893229971174
941.0 0.00030267042347986717
942.0 0.0003796149030677043
943.0 0.0004565594281302765
944.0 0.00036689011722046416
945.0 0.0002772208517853869
946.0 0.0003442777369855321
947.0 0.0004113345767109422
948.0 0.0005105152922624256
949.0 0.0006096960987633793
950.0 0.000565721938983188
951.0 0.0005217477792029968
952.0 0.000656207248539431
953.0 0.0007906668543000706
954.0 0.0011277687008259818
955.0 0.0014648708202003036
956.0 0.001510157835582504
957.0 0.0015554449419141747
958.0 0.001670352867222391
959.0 0.0017852611563284881
960.0 0.0019494606021908112
961.0 0.0021136602299520746
962.0 0.0022606682250625454
963.0 0.002407676220173016
964.0 0.002478329224686604
965.0 0.0025489820473012514
966.0 0.0025718152755871415
967.0 0.0025946483219740912
968.0 0.0025396995624760166
969.0 0.002484751348674763
970.0 0.0025548959456500597
971.0 0.002625040724524297
972.0 0.002643121661094483
973.0 0.002661202051967848
974.0 0.002873272751457989
975.0 0.00308534326904919
976.0 0.00316469777317252
977.0 0.0032440519134979695
978.0 0.003128351818304509
979.0 0.003012652086908929
980.0 0.002929381480498705
981.0 0.002846110874088481
982.0 0.0029160884878365323
983.0 0.002986065919685643
984.0 0.0029464017643476836
985.0 0.0029067377909086645
986.0 0.002832129757734947
987.0 0.0027575217245612293
988.0 0.0025798644855967723
989.0 0.0024022074285312556
990.0 0.002472045161994174
991.0 0.002541883077356033
992.0 0.0025682309569674544
993.0 0.002594579382275697
994.0 0.0026477511710254475
995.0 0.002700922414078377
996.0 0.0027924646929022856
997.0 0.0028840067898272537
998.0 0.003008127532666549
999.0 0.003132248093606904
1000.0 0.0032455202017445117
1001.0 0.00335879267368
1002.0 0.0035546996514312923
1003.0 0.003750606265384704
1004.0 0.0038993202906567603
1005.0 0.004048034315928817
1006.0 0.004237426401232369
1007.0 0.004426818850333802
1008.0 0.004353597978479229
1009.0 0.004280377106624655
1010.0 0.00426559527113568
1011.0 0.004250813799444586
1012.0 0.004156314753345214
1013.0 0.004061816071043722
1014.0 0.0038149166357470676
1015.0 0.0035680175642482936
1016.0 0.0034109449188690633
1017.0 0.003253872273489833
1018.0 0.0028706197554129176
1019.0 0.0024873679649317637
1020.0 0.002142407902283594
1021.0 0.0017974480215343647
1022.0 0.001589527164469473
1023.0 0.0013816058526572306
1024.0 0.001404885551892221
1025.0 0.001428165614925092
1026.0 0.0013591625247499906
1027.0 0.0012901592526759487
1028.0 0.0011620728400885127
1029.0 0.0010339861546526663
1030.0 0.0009897974450723268
1031.0 0.0009456080078962259
1032.0 0.0009426863471162505
1033.0 0.0009397645044373348
1034.0 0.0008314979822898749
1035.0 0.0007232313237182098
1036.0 0.0007995368832780514
1037.0 0.0008758422154642176
1038.0 0.0007978140274644829
1039.0 0.0007197860668384237
1040.0 0.0007853869647078682
1041.0 0.0008509878171025775
1042.0 0.000922569688555086
1043.0 0.0009941511052602436
1044.0 0.0008922675988287665
1045.0 0.0007903844561951701
1046.0 0.0008243737283919472
1047.0 0.0008583631824876647
1048.0 0.0007327699222514639
1049.0 0.0006071765710657928
1050.0 0.0005974342002446065
1051.0 0.00058769173847395
1052.0 0.0009080857125809416
1053.0 0.0012284792319405824
1054.0 0.0010136519449588377
1055.0 0.0007988244760781527
1056.0 0.0008962409992818721
1057.0 0.0009936578862834722
1058.0 0.0009069064617506228
1059.0 0.0008201552191167139
1060.0 0.0010563398063823115
1061.0 0.0012925240298500285
1062.0 0.0013252303688204847
1063.0 0.0013579366168414708
1064.0 0.001126768529502442
1065.0 0.000895600260264473
1066.0 0.0011027157597709447
1067.0 0.0013098314411763567
1068.0 0.0016162337487912737
1069.0 0.00192263578355778
1070.0 0.0015129742678254843
1071.0 0.0011033126611437183
1072.0 0.001315680219704518
1073.0 0.001528047869214788
1074.0 0.0022790693037677556
1075.0 0.003030090738320723
1076.0 0.003331586776766926
1077.0 0.0036330831790110096
1078.0 0.00394034395867493
1079.0 0.004247605102136731
1080.0 0.004083776366314851
1081.0 0.00391994726669509
1082.0 0.003937776273232885
1083.0 0.0039556056435685605
1084.0 0.0045440530811902136
1085.0 0.005132500155013986
1086.0 0.005165290713193826
1087.0 0.0051980816351715475
1088.0 0.00501057984365616
1089.0 0.004823078052140772
1090.0 0.004426321538630873
1091.0 0.004029564297525212
1092.0 0.0035073702747467905
1093.0 0.0029851760700694285
1094.0 0.003389065750525333
1095.0 0.003792955612880178
1096.0 0.002962456892419141
1097.0 0.0021319579900591634
1098.0 0.001701644214335829
1099.0 0.0012713307114609051
1100.0 0.0015064520994201303
1101.0 0.0017415732145309448
