lsstCam/transmission_filter_detector/r11_s22/r_57/19700101T000000.ecsv
# %ECSV 1.0
# ---
# datatype:
# - {name: wavelength, unit: nm, datatype: float32}
# - {name: efficiency, unit: '%', datatype: float64}
# meta: !!omap
# - {MODE: DETECTOR}
# - {TYPE: transmission_filter_detector}
# - {CALIBDATE: '1970-01-01T00:00:00'}
# - {INSTRUME: LSSTCam}
# - {OBSTYPE: transmission_filter_detector}
# - {CALIBCLS: lsst.ip.isr.IntermediateFilterDetectorTransmissionCurve}
# - {SOURCE: Materion (DM-46256)}
# - {DETECTOR: 44}
# - {FILTER: r_57}
# - {CALIB_ID: 'calibDate=1970-01-01T00:00:00 filter=r_57 detector=44'}
# - {DATE: '2025-04-02T15:59:44.388935'}
# - {CALIB_CREATION_DATE: '2025-04-02'}
# - {CALIB_CREATION_TIME: '15:59:44'}
# - __serialized_columns__:
#     efficiency:
#       __class__: astropy.units.quantity.Quantity
#       unit: !astropy.units.Unit {unit: '%'}
#       value: !astropy.table.SerializedColumn {name: efficiency}
#     wavelength:
#       __class__: astropy.units.quantity.Quantity
#       unit: !astropy.units.Unit {unit: nm}
#       value: !astropy.table.SerializedColumn {name: wavelength}
# schema: astropy-2.0
wavelength efficiency
300.0 0.0015982244804035872
301.0 0.00455927147413604
302.0 0.007520317740272731
303.0 0.009403983131051064
304.0 0.011287648521829396
305.0 0.010489065607544035
306.0 0.009690482693258673
307.0 0.009251998562831432
308.0 0.008813515887595713
309.0 0.0077150230936240405
310.0 0.006616528844460845
311.0 0.00605668465141207
312.0 0.005496840094565414
313.0 0.005108339973958209
314.0 0.004719839489553124
315.0 0.004483438897295855
316.0 0.004247037577442825
317.0 0.003765133078559302
318.0 0.003283228215877898
319.0 0.0030153727493598126
320.0 0.0027475169190438464
321.0 0.0025844758056337014
322.0 0.002421434510324616
323.0 0.0022626105419476517
324.0 0.002103786391671747
325.0 0.002037995363934897
326.0 0.001972204336198047
327.0 0.0022008167434250936
328.0 0.0024294291506521404
329.0 0.002477812085999176
330.0 0.0025261950213462114
331.0 0.0022058276954339817
332.0 0.001885460369521752
333.0 0.0017307371308561414
334.0 0.0015760140740894713
335.0 0.0013285456589073874
336.0 0.0010810772437253036
337.0 0.0010896674211835489
338.0 0.0010982576895912644
339.0 0.0010929084965027869
340.0 0.0010875592124648392
341.0 0.0010929986274277326
342.0 0.0010984382242895663
343.0 0.0010499466043256689
344.0 0.0010014548934123013
345.0 0.0009155445695796516
346.0 0.0008296342457470018
347.0 0.0007563915005448507
348.0 0.0006831488462921698
349.0 0.0006485638095909962
350.0 0.005462325862026773
351.0 0.005647153011523187
352.0 0.005831980524817482
353.0 0.005242757106316276
354.0 0.004653534415410832
355.0 0.004873233774560504
356.0 0.005092933861305937
357.0 0.00661394078633748
358.0 0.008134948438964784
359.0 0.006171222048578784
360.0 0.004207494930597022
361.0 0.0027868863980984315
362.0 0.0013662778655998409
363.0 0.002395054616499692
364.0 0.003423831003601663
365.0 0.003550185647327453
366.0 0.0036765406548511237
367.0 0.00281685952359112
368.0 0.001957178028533235
369.0 0.00178335376403993
370.0 0.0016095298633445054
371.0 0.0019832052203128114
372.0 0.002356880941078998
373.0 0.0028635195121751167
374.0 0.0033701580832712352
375.0 0.0029361532142502256
376.0 0.0025021485271281563
377.0 0.001312554559262935
378.0 0.00012296068234718405
379.0 0.0009330167813459411
380.0 0.0017430729712941684
381.0 0.0024553766706958413
382.0 0.0031676805519964546
383.0 0.003110297620878555
384.0 0.003052915053558536
385.0 0.003959893365390599
386.0 0.004866871677222662
387.0 0.00440224030171521
388.0 0.003937609290005639
389.0 0.003339301110827364
390.0 0.0027409922040533274
391.0 0.0019732495275093243
392.0 0.0012055066690663807
393.0 0.001302290093008196
394.0 0.0013990730622026604
395.0 0.0010170145287702326
396.0 0.0006349559953378048
397.0 0.0007327406365220668
398.0 0.0008305256415042095
399.0 0.0005888575287826825
400.0 0.00034718893857643707
401.0 1.5787064580954913e-10
402.0 1.5787064580954913e-10
403.0 1.5787064580954913e-10
404.0 0.0002560315351729514
405.0 0.0007908504812803585
406.0 0.0013256692000140902
407.0 0.0017403897800249979
408.0 0.002155110450985376
409.0 0.0018027430996880867
410.0 0.0014503753845929168
411.0 0.0011026734682673123
412.0 0.0007549716428911779
413.0 0.0007736573934380431
414.0 0.0007923431439849082
415.0 0.0007253141575347399
416.0 0.0006582854894077173
417.0 0.0012530993444670457
418.0 0.0018479136997484602
419.0 0.002219417365267873
420.0 0.0025909210307872854
421.0 0.0038804424548288807
422.0 0.005169963696971536
423.0 0.008060337859205902
424.0 0.010950711293844506
425.0 0.01486467372160405
426.0 0.018778632511384785
427.0 0.019571311713662
428.0 0.020363993826322258
429.0 0.015560341125819832
430.0 0.010756686970125884
431.0 0.007616506627527997
432.0 0.0044763255573343486
433.0 0.003490349990897812
434.0 0.0025043738787644543
435.0 0.001991419048863463
436.0 0.0014784639461140614
437.0 0.0012895511645183433
438.0 0.0011006386557710357
439.0 0.0009635386959416792
440.0 0.0008264388270617928
441.0 0.0011007705325027928
442.0 0.0013751022379437927
443.0 0.0017346157619613223
444.0 0.002094129376928322
445.0 0.0020251982277841307
446.0 0.0019562670786399394
447.0 0.0017270960597670637
448.0 0.0014979253137425985
449.0 0.0014365476090461016
450.0 0.0013751692677033134
451.0 0.0014225332051864825
452.0 0.0014698971426696517
453.0 0.001523202172393212
454.0 0.0015765072021167725
455.0 0.001399896791554056
456.0 0.0012232867447892204
457.0 0.0008287302989629097
458.0 0.0004341740350355394
459.0 0.000673060503686429
460.0 0.0009119468813878484
461.0 0.0016010193576221354
462.0 0.0022900912881596014
463.0 0.002855552884284407
464.0 0.0034210144804092124
465.0 0.004410305700730532
466.0 0.005399596557253972
467.0 0.006043733083060943
468.0 0.006687871064059436
469.0 0.005751998833147809
470.0 0.004816128421225585
471.0 0.0037109868571860716
472.0 0.0026058449293486774
473.0 0.0021563695554505102
474.0 0.0017068939996534027
475.0 0.0013895090887672268
476.0 0.0010721243597799912
477.0 0.0008716263437236194
478.0 0.0006711281457683071
479.0 0.0008995823009172454
480.0 0.0011280361832177732
481.0 0.0008383139174839016
482.0 0.0005485919245984405
483.0 0.0006160345037642401
484.0 0.0006834769465058343
485.0 0.0006263464911171468
486.0 0.0005692158538295189
487.0 0.0005833223440276925
488.0 0.0005974287432763958
489.0 0.0005622950993711129
490.0 0.0005271614554658299
491.0 0.0006562670932908077
492.0 0.0007853726856410503
493.0 0.000915060536499368
494.0 0.0010447483873576857
495.0 0.0009170461453322787
496.0 0.0007893438123574015
497.0 0.0010213057976216078
498.0 0.0012532675100374036
499.0 0.0012531684660643805
500.0 0.0012530695130408276
501.0 0.0014280836694524623
502.0 0.0016030980987125076
503.0 0.001918175803439226
504.0 0.0022332536900648847
505.0 0.002779154237941839
506.0 0.003325054785818793
507.0 0.003910935265594162
508.0 0.00449681501777377
509.0 0.0050365953939035535
510.0 0.005576374314841814
511.0 0.0049802685680333525
512.0 0.004384162821224891
513.0 0.0037379060813691467
514.0 0.0030916497053112835
515.0 0.0028857473807875067
516.0 0.0026798452381626703
517.0 0.002486227822373621
518.0 0.002292610406584572
519.0 0.04970956942997873
520.0 0.04697451367974281
521.0 0.07103908574208617
522.0 0.08853969047777355
523.0 0.0903051346540451
524.0 0.12173206778243184
525.0 0.08107924368232489
526.0 0.09966398356482387
527.0 0.10054244194179773
528.0 0.11879232479259372
529.0 0.1633067149668932
530.0 0.12956331484019756
531.0 0.1488693873398006
532.0 0.18744270782917738
533.0 0.25048519019037485
534.0 0.3601442323997617
535.0 0.38909928407520056
536.0 0.48458785749971867
537.0 0.6626757327467203
538.0 1.06393713504076
539.0 1.5899939462542534
540.0 2.6117729023098946
541.0 4.012054577469826
542.0 6.004192307591438
543.0 8.66895392537117
544.0 11.918065696954727
545.0 15.522278845310211
546.0 20.063605904579163
547.0 25.622576475143433
548.0 32.647132873535156
549.0 40.405791997909546
550.0 47.45084047317505
551.0 55.548542737960815
552.0 61.69803738594055
553.0 67.44376420974731
554.0 71.81910872459412
555.0 76.31264925003052
556.0 80.26801347732544
557.0 83.20064544677734
558.0 86.53427362442017
559.0 89.92010951042175
560.0 91.07482433319092
561.0 93.1126058101654
562.0 94.1746711730957
563.0 94.36601996421814
564.0 95.23442387580872
565.0 94.64439749717712
566.0 95.26183009147644
567.0 94.36782598495483
568.0 95.13624310493469
569.0 96.12665176391602
570.0 95.03905773162842
571.0 95.90992331504822
572.0 95.94799876213074
573.0 95.80938816070557
574.0 96.39925956726074
575.0 96.43874168395996
576.0 96.77154421806335
577.0 96.35282158851624
578.0 96.3818907737732
579.0 96.47607207298279
580.0 95.62380313873291
581.0 95.71307897567749
582.0 96.1313247680664
583.0 96.0358202457428
584.0 95.6117570400238
585.0 95.60157060623169
586.0 95.71011066436768
587.0 95.76966166496277
588.0 95.73837518692017
589.0 96.7881441116333
590.0 95.90848088264465
591.0 94.98488903045654
592.0 95.50067782402039
593.0 95.00023126602173
594.0 95.4686164855957
595.0 95.58262825012207
596.0 96.32691740989685
597.0 96.57250642776489
598.0 96.2420105934143
599.0 96.21261954307556
600.0 96.0321307182312
601.0 95.41676640510559
602.0 96.07022404670715
603.0 95.84868550300598
604.0 95.54188847541809
605.0 96.23364210128784
606.0 95.28822302818298
607.0 95.64929008483887
608.0 95.66998481750488
609.0 95.25046348571777
610.0 95.27575969696045
611.0 94.95593309402466
612.0 95.44585347175598
613.0 96.05185985565186
614.0 96.10269665718079
615.0 95.4768180847168
616.0 95.82777619361877
617.0 95.58985233306885
618.0 95.56251168251038
619.0 96.51210904121399
620.0 95.57906985282898
621.0 94.87279653549194
622.0 95.70863842964172
623.0 96.07681035995483
624.0 95.61066031455994
625.0 96.33063673973083
626.0 95.48301100730896
627.0 94.56843137741089
628.0 96.39281034469604
629.0 95.12135982513428
630.0 95.84185481071472
631.0 95.45215368270874
632.0 96.38340473175049
633.0 95.81651091575623
634.0 95.40349245071411
635.0 95.5437958240509
636.0 95.54821848869324
637.0 95.38136124610901
638.0 95.06583213806152
639.0 94.84326839447021
640.0 95.19175887107849
641.0 95.16986608505249
642.0 95.34460306167603
643.0 95.52607536315918
644.0 95.26163935661316
645.0 95.43516635894775
646.0 95.51500082015991
647.0 96.74111008644104
648.0 95.77193856239319
649.0 94.94777321815491
650.0 95.90528011322021
651.0 96.53359651565552
652.0 96.33377194404602
653.0 95.41073441505432
654.0 96.02739214897156
655.0 96.09506130218506
656.0 95.17297744750977
657.0 95.31509280204773
658.0 95.88130116462708
659.0 95.7745611667633
660.0 95.00664472579956
661.0 94.91758346557617
662.0 95.37786841392517
663.0 95.22644877433777
664.0 94.88695859909058
665.0 94.92603540420532
666.0 95.0945258140564
667.0 95.33427953720093
668.0 94.78674530982971
669.0 95.06281018257141
670.0 95.0745165348053
671.0 95.28321623802185
672.0 94.8794424533844
673.0 95.159250497818
674.0 94.23186779022217
675.0 94.95909810066223
676.0 94.7401762008667
677.0 93.43682527542114
678.0 92.67581701278687
679.0 92.03512668609619
680.0 91.05408191680908
681.0 89.71086740493774
682.0 87.73522973060608
683.0 84.6492350101471
684.0 81.14811778068542
685.0 77.65214443206787
686.0 73.7907350063324
687.0 69.1143810749054
688.0 64.66488242149353
689.0 59.85625982284546
690.0 54.67903017997742
691.0 50.58302879333496
692.0 45.9353506565094
693.0 41.66511595249176
694.0 36.62026524543762
695.0 31.68976902961731
696.0 26.540040969848633
697.0 21.530990302562714
698.0 16.00555032491684
699.0 11.6365447640419
700.0 8.156662434339523
701.0 5.138631537556648
702.0 3.2385647296905518
703.0 1.9008513540029526
704.0 1.1191566474735737
705.0 0.6207861006259918
706.0 0.44085336849093437
707.0 0.32076931092888117
708.0 0.1458669314160943
709.0 0.13420878676697612
710.0 0.11474789353087544
711.0 0.07383259944617748
712.0 0.06910851807333529
713.0 0.06931619718670845
714.0 0.05522540886886418
715.0 0.08345198002643883
716.0 0.043579612975008786
717.0 0.07103432435542345
718.0 0.04870006814599037
719.0 0.08490256732329726
720.0 1.5787064580954913e-10
721.0 0.004493020242080092
722.0 0.004261962021701038
723.0 0.004030904528917745
724.0 0.003727420698851347
725.0 0.00342393723258283
726.0 0.003188315167790279
727.0 0.0029526929210987873
728.0 0.0027710482754628174
729.0 0.002589403447927907
730.0 0.0024075670808088034
731.0 0.0022257310774875805
732.0 0.0022082718714955263
733.0 0.0021908128474024124
734.0 0.0021174748326302506
735.0 0.002044136454060208
736.0 0.0018408607502351515
737.0 0.001637585046410095
738.0 0.001657148459344171
739.0 0.0016767116903793067
740.0 0.0016451407645945437
741.0 0.0016135700207087211
742.0 0.001476084980822634
743.0 0.001338600031886017
744.0 0.0013951850633020513
745.0 0.001451769730920205
746.0 0.001386437361361459
747.0 0.001321104991802713
748.0 0.0011776436622312758
749.0 0.0010341823326598387
750.0 0.001041169434756739
751.0 0.0010481567187525798
752.0 0.0011072648703702725
753.0 0.001166372840089025
754.0 0.001114757287723478
755.0 0.0010631421901052818
756.0 0.001037104448187165
757.0 0.0010110665243701078
758.0 0.0010496725735720247
759.0 0.0010882785318244714
760.0 0.001096795949706575
761.0 0.001105313731386559
762.0 0.0010884145922318567
763.0 0.0010715157259255648
764.0 0.0010081910659209825
765.0 0.0009448664059164003
766.0 0.0007659870789211709
767.0 0.0005871078428754117
768.0 0.000599503891862696
769.0 0.0006118998499005102
770.0 0.0007521339739469113
771.0 0.0008923683708417229
772.0 0.0008089545190159697
773.0 0.0007255406217154814
774.0 0.0008484725185553543
775.0 0.000971404278971022
776.0 0.0009528744158160407
777.0 0.0009343446436105296
778.0 0.000858247403812129
779.0 0.0007821502549631987
780.0 0.0007036692295514513
781.0 0.0006251882041397039
782.0 0.0007041321623546537
783.0 0.0007830761205696035
784.0 0.0008331467142852489
785.0 0.0008832170351524837
786.0 0.0007958396963658743
787.0 0.0007084623575792648
788.0 0.0006845015377621166
789.0 0.0006605409453186439
790.0 0.0007245922006404726
791.0 0.0007886434104875661
792.0 0.0008021301255212165
793.0 0.0008156167496053968
794.0 0.000879285107657779
795.0 0.0009429531928617507
796.0 0.0007749361429887358
797.0 0.0006069190021662507
798.0 0.0007435654879373033
799.0 0.0008802118827588856
800.0 0.0007904417543613818
801.0 0.0007006713985902024
802.0 0.0006327935807348695
803.0 0.000564915490031126
804.0 0.0006648846010648413
805.0 0.0007648537575732917
806.0 0.0006983456842135638
807.0 0.0006318377018033061
808.0 0.0007596242994623026
809.0 0.0008874108971212991
810.0 0.0008065296242421027
811.0 0.0007256486242113169
812.0 0.0007271821232279763
813.0 0.0007287155767699005
814.0 0.0005855082235939335
815.0 0.0004423009158927016
816.0 0.0005987720214761794
817.0 0.0007552432180091273
818.0 0.0006941927949810633
819.0 0.0006331422810035292
820.0 0.0005025284281146014
821.0 0.000371914507013571
822.0 0.0003922900759789627
823.0 0.00041266575863119215
824.0 0.0004243042894813698
825.0 0.0004359428203315474
826.0 0.0004922867447021417
827.0 0.0005486306690727361
828.0 0.0004185626039543422
829.0 0.0002884945160985808
830.0 0.00014445998886003508
831.0 4.254782748347452e-07
832.0 3.95764658378539e-05
833.0 7.872743594816711e-05
834.0 3.436303757098358e-05
835.0 1.5787064580954913e-10
836.0 0.000286602471533115
837.0 0.0005832065198774217
838.0 0.0007565631221950753
839.0 0.000929919769987464
840.0 0.0012303911717026494
841.0 0.0015308623915188946
842.0 0.0020385727111715823
843.0 0.00254628303082427
844.0 0.0022511534552904777
845.0 0.0019560240616556257
846.0 0.0016769423382356763
847.0 0.0013978602510178462
848.0 0.0013560789739130996
849.0 0.001314297151111532
850.0 0.0012491652341850568
851.0 0.0011840333172585815
852.0 0.0011200832886970602
853.0 0.0010561330782365985
854.0 0.000938152788876323
855.0 0.0008201721357181668
856.0 0.0006385590950230835
857.0 0.0004569460543280002
858.0 0.0005728880751121324
859.0 0.0006888300504215294
860.0 0.0005111897280585254
861.0 0.00033354933748341864
862.0 0.0003597874865590711
863.0 0.00038602565837209113
864.0 0.00025654048840806354
865.0 0.00012705540939350612
866.0 6.861108658995363e-05
867.0 1.0166736785777175e-05
868.0 9.005856327348738e-05
869.0 0.00016995036276057363
870.0 5.363673949432268e-05
871.0 1.5787064580954913e-10
872.0 1.5787064580954913e-10
873.0 1.5787064580954913e-10
874.0 1.5787064580954913e-10
875.0 1.5787064580954913e-10
876.0 1.5787064580954913e-10
877.0 1.5787064580954913e-10
878.0 7.83265761583607e-05
879.0 0.000190058995030995
880.0 0.00013207414895077818
881.0 7.40892915018776e-05
882.0 8.098128887468192e-05
883.0 8.787332603787945e-05
884.0 2.2373596308966626e-06
885.0 1.5787064580954913e-10
886.0 3.4515761626607855e-05
887.0 0.00015243010693666292
888.0 0.0001766786226653494
889.0 0.00020092711565666832
890.0 0.00015076950603543082
891.0 0.00010061186230814201
892.0 1.5787064580954913e-10
893.0 1.5787064580954913e-10
894.0 1.5787064580954913e-10
895.0 3.0158327035678667e-05
896.0 4.585730835060531e-05
897.0 6.155633514026704e-05
898.0 9.66136894930969e-05
899.0 0.00013167104953026865
900.0 2.2153595580221008e-05
