lsstCam/transmission_filter_detector/r31_s11/u_24/19700101T000000.ecsv
# %ECSV 1.0
# ---
# datatype:
# - {name: wavelength, unit: nm, datatype: float32}
# - {name: efficiency, unit: '%', datatype: float64}
# meta: !!omap
# - {MODE: DETECTOR}
# - {TYPE: transmission_filter_detector}
# - {CALIBDATE: '1970-01-01T00:00:00'}
# - {INSTRUME: LSSTCam}
# - {OBSTYPE: transmission_filter_detector}
# - {CALIBCLS: lsst.ip.isr.IntermediateFilterDetectorTransmissionCurve}
# - {SOURCE: Materion (DM-46256)}
# - {DETECTOR: 130}
# - {FILTER: u_24}
# - {CALIB_ID: 'calibDate=1970-01-01T00:00:00 filter=u_24 detector=130'}
# - {DATE: '2025-04-02T15:59:40.352604'}
# - {CALIB_CREATION_DATE: '2025-04-02'}
# - {CALIB_CREATION_TIME: '15:59:40'}
# - __serialized_columns__:
#     efficiency:
#       __class__: astropy.units.quantity.Quantity
#       unit: !astropy.units.Unit {unit: '%'}
#       value: !astropy.table.SerializedColumn {name: efficiency}
#     wavelength:
#       __class__: astropy.units.quantity.Quantity
#       unit: !astropy.units.Unit {unit: nm}
#       value: !astropy.table.SerializedColumn {name: wavelength}
# schema: astropy-2.0
wavelength efficiency
[from data line 581]
876.0 0.0026211484509985894
877.0 0.0027013431463274173
878.0 0.002781538205454126
879.0 0.002548043630667962
880.0 0.0023145490558817983
881.0 0.002496950219210703
882.0 0.0026793512006406672
883.0 0.0025915207515936345
884.0 0.0025036901206476614
885.0 0.002464345561747905
886.0 0.0024250010028481483
887.0 0.002216561733803246
888.0 0.002008122464758344
889.0 0.0024026439859881066
890.0 0.0027971656891168095
891.0 0.002902125197579153
892.0 0.0030070848879404366
893.0 0.002907142879848834
894.0 0.0028072008717572317
895.0 0.003175240635755472
896.0 0.0035432800359558314
897.0 0.0035284068871987984
898.0 0.0035135337384417653
899.0 0.003621832365752198
900.0 0.0037301317206583917
901.0 0.003968196324422024
902.0 0.004206260564387776
903.0 0.0043706833821488544
904.0 0.004535105836112052
905.0 0.004844412978854962
906.0 0.00515371939400211
907.0 0.005216198769630864
908.0 0.005278677781461738
909.0 0.005435883940663189
910.0 0.00559309046366252
911.0 0.0054737727623432875
912.0 0.005354454697226174
913.0 0.005183041139389388
914.0 0.005011627217754722
915.0 0.004760850788443349
916.0 0.004510074359131977
917.0 0.004260120840626769
918.0 0.00401016695832368
919.0 0.0041052859160117805
920.0 0.004200405237497762
921.0 0.004523802999756299
922.0 0.004847200034419075
923.0 0.005190812953514978
924.0 0.005534425872610882
925.0 0.005880313983652741
926.0 0.006226201367098838
927.0 0.006394040974555537
928.0 0.0065618813096079975
929.0 0.00691206514602527
930.0 0.007262250437634066
931.0 0.007278863631654531
932.0 0.007295476098079234
933.0 0.007504373206757009
934.0 0.0077132681326474994
935.0 0.007477409235434607
936.0 0.0072415496106259525
937.0 0.006790205225115642
938.0 0.006338861567201093
939.0 0.006176187162054703
940.0 0.00601351130171679
941.0 0.005445291753858328
942.0 0.004877073297393508
943.0 0.004306583650759421
944.0 0.0037360940041253343
945.0 0.0032190800993703306
946.0 0.002702065830817446
947.0 0.0022792652089265175
948.0 0.0018564642232377082
949.0 0.0015388071915367618
950.0 0.0012211501598358154
951.0 0.0012098691513529047
952.0 0.0011985879609710537
953.0 0.0014957182429498062
954.0 0.0017928485249285586
955.0 0.001925442302308511
956.0 0.002058035897789523
957.0 0.0023094111384125426
958.0 0.0025607863790355623
959.0 0.002783686068141833
960.0 0.0030065855753491633
961.0 0.003545577055774629
962.0 0.004084568354301155
963.0 0.004005478695034981
964.0 0.003926388671970926
965.0 0.004307066046749242
966.0 0.004687743057729676
967.0 0.0044460775825427845
968.0 0.004204411743558012
969.0 0.004432324931258336
970.0 0.004660237391362898
971.0 0.00454451801488176
972.0 0.004428798638400622
973.0 0.00441853262600489
974.0 0.004408266249811277
975.0 0.00423166093241889
976.0 0.004055055615026504
977.0 0.0034919215977424756
978.0 0.0029287875804584473
979.0 0.0028881515390821733
980.0 0.002847515497705899
981.0 0.0026594601877150126
982.0 0.0024714050596230663
983.0 0.0024650573323015124
984.0 0.0024587097868788987
985.0 0.002692402085813228
986.0 0.002926094748545438
987.0 0.003196195757482201
988.0 0.003466296402621083
989.0 0.004057681871927343
990.0 0.004649066977435723
991.0 0.005150176730239764
992.0 0.005651287210639566
993.0 0.006217101326910779
994.0 0.00678291471558623
995.0 0.006693595787510276
996.0 0.0066042768594343215
997.0 0.006370109622366726
998.0 0.006135942385299131
999.0 0.006239696085685864
1000.0 0.00634345124126412
1001.0 0.006545507494593039
1002.0 0.006747565930709243
1003.0 0.006380479317158461
1004.0 0.00601339343120344
1005.0 0.0055478485592175275
1006.0 0.005082302595837973
1007.0 0.005036480069975369
1008.0 0.004990657544112764
1009.0 0.00452187996415887
1010.0 0.004053102748002857
1011.0 0.0039342365198535845
1012.0 0.003815370291704312
1013.0 0.0031146122637437657
1014.0 0.002413854053884279
1015.0 0.00213819421333028
1016.0 0.001862534372776281
1017.0 0.0015324203559430316
1018.0 0.0012023063391097821
1019.0 0.0011817382073786575
1020.0 0.0011611701665970031
1021.0 0.0010269045560562517
1022.0 0.0008926389455155004
1023.0 0.0011039792298106477
1024.0 0.0013153194231563248
1025.0 0.001051683102559764
1026.0 0.0007880469638621435
1027.0 0.0012091364624211565
1028.0 0.0016302255971822888
1029.0 0.0016144233086379245
1030.0 0.0015986212019925006
1031.0 0.0018426037058816291
1032.0 0.0020865862097707577
1033.0 0.001977078318304848
1034.0 0.0018675704268389381
1035.0 0.0015580399121972732
1036.0 0.0012485089428082574
1037.0 0.0015699471987318248
1038.0 0.0018913851818069816
1039.0 0.0019351580704096705
1040.0 0.0019789311409112997
1041.0 0.001921413786476478
1042.0 0.0018638966139405966
1043.0 0.0018205639207735658
1044.0 0.0017772315914044157
1045.0 0.0018019914932665415
1046.0 0.001826751213229727
1047.0 0.0020524727005977184
1048.0 0.0022781941879657097
1049.0 0.0019782652088906616
1050.0 0.0016783360479166731
1051.0 0.001591652471688576
1052.0 0.001504968895460479
1053.0 0.0014606110198656097
1054.0 0.0014162533261696808
1055.0 0.0015595929653500207
1056.0 0.001702932786429301
1057.0 0.0014728502719663084
1058.0 0.0012427681213011965
1059.0 0.0010251126695948187
1060.0 0.0008074573088379111
1061.0 0.0012087278264516499
1062.0 0.0016099984350148588
1063.0 0.0013803259207634255
1064.0 0.0011506534065119922
1065.0 0.0012163834071543533
1066.0 0.0012821135896956548
1067.0 0.001716431142995134
1068.0 0.002150748696294613
1069.0 0.0018216715034213848
1070.0 0.0014925946743460372
1071.0 0.0019964812963735312
1072.0 0.0025003681002999656
1073.0 0.0021020492567913607
1074.0 0.0017037302313838154
1075.0 0.0021902209482504986
1076.0 0.002676711665117182
1077.0 0.00313956625177525
1078.0 0.003602420474635437
1079.0 0.004440866541699506
1080.0 0.0052793126087635756
1081.0 0.005770689676865004
1082.0 0.006262067472562194
1083.0 0.005428485746961087
1084.0 0.004594902929966338
1085.0 0.005196553320274688
1086.0 0.005798203346785158
1087.0 0.004364309279480949
1088.0 0.0029304148483788595
1089.0 0.004863935828325339
1090.0 0.006797455716878176
1091.0 0.004731156514026225
1092.0 0.002664856583578512
1093.0 0.0037222675018711016
1094.0 0.00477967805636581
1095.0 0.003635225584730506
1096.0 0.002490772749297321
1097.0 0.0026459418222657405
1098.0 0.002801111259032041
1099.0 0.003952942643081769
1100.0 0.005104774027131498
