lsstCam/transmission_filter_detector/r31_s11/u_24/19700101T000000.ecsv
# %ECSV 1.0
# ---
# datatype:
# - {name: wavelength, unit: nm, datatype: float32}
# - {name: efficiency, unit: '%', datatype: float64}
# meta: !!omap
# - {MODE: DETECTOR}
# - {TYPE: transmission_filter_detector}
# - {CALIBDATE: '1970-01-01T00:00:00'}
# - {INSTRUME: LSSTCam}
# - {OBSTYPE: transmission_filter_detector}
# - {CALIBCLS: lsst.ip.isr.IntermediateFilterDetectorTransmissionCurve}
# - {SOURCE: Materion (DM-46256)}
# - {DETECTOR: 130}
# - {FILTER: u_24}
# - {CALIB_ID: 'calibDate=1970-01-01T00:00:00 filter=u_24 detector=130'}
# - {DATE: '2025-04-02T15:59:40.352604'}
# - {CALIB_CREATION_DATE: '2025-04-02'}
# - {CALIB_CREATION_TIME: '15:59:40'}
# - __serialized_columns__:
#     efficiency:
#       __class__: astropy.units.quantity.Quantity
#       unit: !astropy.units.Unit {unit: '%'}
#       value: !astropy.table.SerializedColumn {name: efficiency}
#     wavelength:
#       __class__: astropy.units.quantity.Quantity
#       unit: !astropy.units.Unit {unit: nm}
#       value: !astropy.table.SerializedColumn {name: wavelength}
# schema: astropy-2.0
wavelength efficiency
295.0 1.5926356370862815e-10
296.0 1.5926356370862815e-10
297.0 1.5926356370862815e-10
298.0 1.5926356370862815e-10
299.0 1.5926356370862815e-10
300.0 1.5926356370862815e-10
301.0 1.5926356370862815e-10
302.0 0.06197101320140064
303.0 1.5926356370862815e-10
304.0 0.04783786425832659
305.0 0.5702892784029245
306.0 1.4175164513289928
307.0 2.8997473418712616
308.0 4.939314350485802
309.0 7.973404973745346
310.0 11.175204813480377
311.0 14.996843039989471
312.0 18.746300041675568
313.0 21.77632302045822
314.0 25.07319450378418
315.0 27.421817183494568
316.0 29.43395972251892
317.0 31.976449489593506
318.0 34.59240794181824
319.0 37.96339929103851
320.0 43.1426078081131
321.0 48.41497838497162
322.0 54.47409152984619
323.0 60.04711985588074
324.0 64.7466242313385
325.0 68.17187070846558
326.0 70.73023915290833
327.0 72.70050048828125
328.0 74.50760006904602
329.0 75.90380311012268
330.0 77.29074954986572
331.0 78.11410427093506
332.0 78.58675122261047
333.0 78.76453995704651
334.0 78.57359647750854
335.0 78.71097922325134
336.0 78.79679799079895
337.0 79.27910685539246
338.0 80.12647032737732
339.0 80.82456588745117
340.0 81.27505779266357
341.0 81.736820936203
342.0 82.1090042591095
343.0 82.02181458473206
344.0 82.1531593799591
345.0 82.47753381729126
346.0 82.79660940170288
347.0 83.07656645774841
348.0 83.40038061141968
349.0 83.63127112388611
350.0 83.70974659919739
351.0 83.9027464389801
352.0 83.78885388374329
353.0 83.69629383087158
354.0 83.62853527069092
355.0 83.83581638336182
356.0 84.01548862457275
357.0 83.93431305885315
358.0 83.6266577243805
359.0 83.43708515167236
360.0 83.26725363731384
361.0 83.14922451972961
362.0 82.9106330871582
363.0 83.08922052383423
364.0 83.16464424133301
365.0 83.412766456604
366.0 83.5625171661377
367.0 83.63872170448303
368.0 83.66063833236694
369.0 83.63641500473022
370.0 83.40650200843811
371.0 83.20044875144958
372.0 83.0902636051178
373.0 83.23171138763428
374.0 83.25434923171997
375.0 83.613520860672
376.0 83.70391130447388
377.0 83.72549414634705
378.0 83.80667567253113
379.0 83.55899453163147
380.0 82.9879641532898
381.0 81.74091577529907
382.0 80.06055951118469
383.0 78.05291414260864
384.0 75.99645853042603
385.0 73.7076461315155
386.0 71.24701738357544
387.0 68.10891032218933
388.0 64.84814286231995
389.0 61.0207200050354
390.0 57.04216957092285
391.0 52.80845761299133
392.0 48.33032190799713
393.0 44.41379904747009
394.0 41.08737409114838
395.0 37.795424461364746
396.0 34.408384561538696
397.0 29.996535181999207
398.0 24.820496141910553
399.0 18.304793536663055
400.0 12.029582262039185
401.0 7.003484666347504
402.0 3.2517239451408386
403.0 1.1661793105304241
404.0 0.3730342024937272
405.0 0.16762043815106153
406.0 0.08427156135439873
407.0 0.032363427453674376
408.0 0.0039022121200105175
409.0 1.5926356370862815e-10
410.0 1.5926356370862815e-10
411.0 1.5926356370862815e-10
412.0 1.5926356370862815e-10
413.0 1.5926356370862815e-10
414.0 1.5926356370862815e-10
415.0 1.5926356370862815e-10
416.0 1.5926356370862815e-10
417.0 1.5926356370862815e-10
418.0 1.5926356370862815e-10
419.0 1.5926356370862815e-10
420.0 1.5926356370862815e-10
421.0 1.5926356370862815e-10
422.0 1.5926356370862815e-10
423.0 1.5926356370862815e-10
424.0 1.5926356370862815e-10
425.0 1.5926356370862815e-10
426.0 0.0006509309969260357
427.0 1.5926356370862815e-10
428.0 1.5926356370862815e-10
429.0 1.5926356370862815e-10
430.0 0.0002888028802772169
431.0 1.5926356370862815e-10
432.0 1.5926356370862815e-10
433.0 1.5926356370862815e-10
434.0 1.5926356370862815e-10
435.0 1.5926356370862815e-10
436.0 0.001226484982908005
437.0 1.5926356370862815e-10
438.0 1.5926356370862815e-10
439.0 1.5926356370862815e-10
440.0 0.0010483279766049236
441.0 1.5926356370862815e-10
442.0 1.5926356370862815e-10
443.0 1.5926356370862815e-10
444.0 1.5926356370862815e-10
445.0 1.5926356370862815e-10
446.0 1.5926356370862815e-10
447.0 1.5926356370862815e-10
448.0 1.5926356370862815e-10
449.0 1.5926356370862815e-10
450.0 1.5926356370862815e-10
451.0 1.5926356370862815e-10
452.0 0.0005603460976999486
453.0 0.0003400103878448135
454.0 0.00011967465525231091
455.0 1.5926356370862815e-10
456.0 1.5926356370862815e-10
457.0 1.5926356370862815e-10
458.0 0.0005139545919519151
459.0 0.00048571305342193227
460.0 0.00045747128751827404
461.0 1.5926356370862815e-10
462.0 1.5926356370862815e-10
463.0 1.5926356370862815e-10
464.0 0.0009008869710669387
465.0 0.0005839687673869776
466.0 0.00026705058644438395
467.0 1.5926356370862815e-10
468.0 1.5926356370862815e-10
469.0 1.5926356370862815e-10
470.0 1.5926356370862815e-10
471.0 1.5926356370862815e-10
472.0 0.0002194169610447716
473.0 1.5926356370862815e-10
474.0 1.5926356370862815e-10
475.0 1.5926356370862815e-10
476.0 1.5926356370862815e-10
477.0 1.5926356370862815e-10
478.0 1.5926356370862815e-10
479.0 1.5926356370862815e-10
480.0 1.5926356370862815e-10
481.0 1.5926356370862815e-10
482.0 1.5926356370862815e-10
483.0 1.5926356370862815e-10
484.0 0.00043760333028330933
485.0 0.00043588984226516914
486.0 0.0004341761723480886
487.0 1.5926356370862815e-10
488.0 1.5926356370862815e-10
489.0 1.5926356370862815e-10
490.0 1.5926356370862815e-10
491.0 1.5926356370862815e-10
492.0 1.5926356370862815e-10
493.0 1.5926356370862815e-10
494.0 1.5926356370862815e-10
495.0 1.5926356370862815e-10
496.0 1.5926356370862815e-10
497.0 1.5926356370862815e-10
498.0 1.5926356370862815e-10
499.0 1.5926356370862815e-10
500.0 1.5926356370862815e-10
501.0 1.5926356370862815e-10
502.0 1.5926356370862815e-10
503.0 1.5926356370862815e-10
504.0 0.0001732196665216179
505.0 6.0569090010176296e-05
506.0 1.5926356370862815e-10
507.0 1.5926356370862815e-10
508.0 1.5926356370862815e-10
509.0 1.5926356370862815e-10
510.0 1.5926356370862815e-10
511.0 1.5926356370862815e-10
512.0 0.00027429928195488174
513.0 1.5926356370862815e-10
514.0 1.5926356370862815e-10
515.0 1.5926356370862815e-10
516.0 1.5926356370862815e-10
517.0 1.5926356370862815e-10
518.0 1.5926356370862815e-10
519.0 1.5926356370862815e-10
520.0 1.5926356370862815e-10
521.0 1.5926356370862815e-10
522.0 1.5926356370862815e-10
523.0 1.5926356370862815e-10
524.0 1.5926356370862815e-10
525.0 1.5926356370862815e-10
526.0 1.973949963485211e-05
527.0 1.5926356370862815e-10
528.0 1.5926356370862815e-10
529.0 1.5926356370862815e-10
530.0 0.00011644947335298639
531.0 1.5926356370862815e-10
532.0 1.5926356370862815e-10
533.0 1.0319201493302899e-05
534.0 0.0005788238922832534
535.0 1.5926356370862815e-10
536.0 1.5926356370862815e-10
537.0 1.5926356370862815e-10
538.0 1.5926356370862815e-10
539.0 1.5926356370862815e-10
540.0 1.5926356370862815e-10
541.0 1.5926356370862815e-10
542.0 1.5926356370862815e-10
543.0 1.5926356370862815e-10
544.0 1.5926356370862815e-10
545.0 1.5926356370862815e-10
546.0 0.00021818559616804123
547.0 4.364317476301949e-05
548.0 1.5926356370862815e-10
549.0 0.00011147319582960336
550.0 0.0003538456667229184
551.0 0.00010960338840959594
552.0 1.5926356370862815e-10
553.0 1.5926356370862815e-10
554.0 1.5926356370862815e-10
555.0 1.5926356370862815e-10
556.0 0.00023661723389523104
557.0 1.5926356370862815e-10
558.0 1.5926356370862815e-10
559.0 1.5926356370862815e-10
560.0 1.5926356370862815e-10
561.0 6.078868750591937e-05
562.0 0.00017404482832716894
563.0 1.5926356370862815e-10
564.0 1.5926356370862815e-10
565.0 1.5926356370862815e-10
566.0 1.5926356370862815e-10
567.0 1.5926356370862815e-10
568.0 1.5926356370862815e-10
569.0 1.5926356370862815e-10
570.0 0.000234034314416931
571.0 0.0002827717707987176
572.0 0.00033150934086734196
573.0 0.00033714745768520515
574.0 0.000342785642715171
575.0 0.00029647128485521534
576.0 0.00025015694973262725
577.0 0.00037698825963161653
578.0 0.0005038195922679733
579.0 0.000676053787174169
580.0 0.0008482879820803646
581.0 0.0010017130989581347
582.0 0.0011551382158359047
583.0 0.0013892517927160952
584.0 0.0016233649148489349
585.0 0.001392157264490379
586.0 0.0011609497050812934
587.0 0.0007922078111732844
588.0 0.00042346573536633514
589.0 0.0007303899565158645
590.0 0.0010373140867159236
591.0 0.0008777298717177473
592.0 0.0007181458840932464
593.0 0.0008351866199518554
594.0 0.0009522274012851994
595.0 0.0009416097782377619
596.0 0.0009309923370892648
597.0 0.0008922055712901056
598.0 0.000853418623592006
599.0 0.0010374074918217957
600.0 0.0012213963600515854
601.0 0.0015857678590691648
602.0 0.0019501394490362145
603.0 0.002079423029499594
604.0 0.0022087069737608545
605.0 0.001983326001209207
606.0 0.00175794539245544
607.0 0.0012692882592091337
608.0 0.0007806308531144168
609.0 0.0004509558948484482
610.0 0.00012128085700169322
611.0 0.00032126349651662167
612.0 0.0005212461474002339
613.0 0.0006330727956083138
614.0 0.0007448993528669234
615.0 0.0007280149930011248
616.0 0.0007111302693374455
617.0 0.0006535071406688076
618.0 0.0005958840120001696
619.0 0.0005598991265287623
620.0 0.0005239141955826199
621.0 0.0006247656074265251
622.0 0.0007256169283209601
623.0 0.0005697659162251512
624.0 0.000413914813179872
625.0 0.0004692880338552641
626.0 0.0005246613454801263
627.0 0.0006869100161566166
628.0 0.0008491589142067824
629.0 0.0008326755050802603
630.0 0.000816191914054798
631.0 0.001208517005579779
632.0 0.00160084218805423
633.0 0.001978984073502943
634.0 0.0023571259589516558
635.0 0.0026815052478923462
636.0 0.003005884718731977
637.0 0.0026511563191888854
638.0 0.0022964282834436744
639.0 0.0020441320884856395
640.0 0.0017918362573254853
641.0 0.0016858330127433874
642.0 0.0015798297681612894
643.0 0.00107159539766144
644.0 0.0005633611181110609
645.0 7.904031349426077e-05
646.0 1.5926356370862815e-10
647.0 1.5926356370862815e-10
648.0 0.0001871114591267542
649.0 0.00016585015600867337
650.0 0.0001445889438400627
651.0 0.00046913546611904167
652.0 0.0007936820111353882
653.0 0.0008828938916849438
654.0 0.0009721059541334398
655.0 0.001318566773989005
656.0 0.001665027957642451
657.0 0.0019612409232649952
658.0 0.0022574538888875395
659.0 0.0027472988222143613
660.0 0.0032371433917433023
661.0 0.0031573592423228547
662.0 0.0030775743653066456
663.0 0.003019727773789782
664.0 0.002961881000373978
665.0 0.002391444104432594
666.0 0.00182100720849121
667.0 0.0016443731510662474
668.0 0.0014677390026918147
669.0 0.0011459631423349492
670.0 0.000824187372927554
671.0 0.0005862982106918935
672.0 0.00034840907119360054
673.0 0.0004440199063537875
674.0 0.0005396309006755473
675.0 0.0005343280918168603
676.0 0.000529025192008703
677.0 0.0007697998626099434
678.0 0.0010105743967869785
679.0 0.0015500861991313286
680.0 0.0020895979105262086
681.0 0.0030632290872745216
682.0 0.004036860264022835
683.0 0.005256611984805204
684.0 0.006476363341789693
685.0 0.007584699051221833
686.0 0.008693035488249734
687.0 0.008299704495584592
688.0 0.007906374230515212
689.0 0.007069169805618003
690.0 0.006231966108316556
691.0 0.005186561611481011
692.0 0.004141157842241228
693.0 0.0033312509913230315
694.0 0.002521343958505895
695.0 0.001970733137568459
696.0 0.001420122407580493
697.0 0.0011467611329862848
698.0 0.0008733999493415467
699.0 0.0007643564458703622
700.0 0.0006553128969244426
701.0 0.0007354786248470191
702.0 0.0008156443072948605
703.0 0.0005799002337880665
704.0 0.00034415606933180243
705.0 0.0006249457783269463
706.0 0.0009057354873220902
707.0 0.000982932670012815
708.0 0.0010601298527035397
709.0 0.0009988998499466106
710.0 0.0009376699381391518
711.0 0.0007342041953961598
712.0 0.0005307384071784327
713.0 0.0006570796813321067
714.0 0.000783421091909986
715.0 0.0006997977834544145
716.0 0.0006161745659483131
717.0 0.0007499124421883607
718.0 0.0008836502274789382
719.0 0.0007382973763014888
720.0 0.0005929445705987746
721.0 0.0004558788532449398
722.0 0.00031881309041636996
723.0 0.00042503888835199177
724.0 0.0005312645498634083
725.0 0.0003675841526273871
726.0 0.0002039037326539983
727.0 1.5926356370862815e-10
728.0 1.5926356370862815e-10
729.0 1.5926356370862815e-10
730.0 7.719651193838217e-05
731.0 0.0002214797405031277
732.0 0.00036576311686076224
733.0 0.0003655827867987682
734.0 0.0003654025704236119
735.0 0.0005065486220701132
736.0 0.000647694696453982
737.0 0.000565874279345735
738.0 0.000484053907712223
739.0 0.0005234984655544395
740.0 0.0005629429779219208
741.0 0.000971596637100447
742.0 0.0013802504327031784
743.0 0.0017597731130081229
744.0 0.002139295611414127
745.0 0.002753667467914056
746.0 0.003368039324413985
747.0 0.003232837116229348
748.0 0.0030976349080447108
749.0 0.0032065927371149883
750.0 0.003315551293781027
751.0 0.003306983853690326
752.0 0.0032984164135996252
753.0 0.003109259341727011
754.0 0.002920101542258635
755.0 0.002744869743764866
756.0 0.0025696381271700375
757.0 0.0023298307496588677
758.0 0.0020900235540466383
759.0 0.001685879033175297
760.0 0.0012817344213544857
761.0 0.0009913453141052742
762.0 0.0007009561159065925
763.0 0.0005123187293065712
764.0 0.00032368157008022536
765.0 0.00015051050468173344
766.0 1.5926356370862815e-10
767.0 0.000249876734415011
768.0 0.0005224141204962507
769.0 0.0005201395651965868
770.0 0.000517865100846393
771.0 0.0005910938398301369
772.0 0.0006643225788138807
773.0 0.000797620668890886
774.0 0.0009309186680184212
775.0 0.0008680161045049317
776.0 0.0008051139957387932
777.0 0.0006485656740551349
778.0 0.000492017579745152
779.0 0.0007182351509982254
780.0 0.0009444525858270936
781.0 0.001223137223860249
782.0 0.001501821679994464
783.0 0.0010972263225994539
784.0 0.0006926310106791789
785.0 0.0010104921784659382
786.0 0.0013283534826769028
787.0 0.0011500565051392186
788.0 0.0009717598913994152
789.0 0.0009160712579614483
790.0 0.0008603825335740112
791.0 0.0008352883924089838
792.0 0.0008101942512439564
793.0 0.0007500949323002715
794.0 0.000689995840730262
795.0 0.0006416715677914908
796.0 0.0005933472493779846
797.0 0.0003180096655341913
798.0 4.2671996425269754e-05
799.0 8.102861670522543e-05
800.0 0.00011938534498767694
801.0 5.298997507452441e-05
802.0 1.5926356370862815e-10
803.0 3.8428652260336094e-05
804.0 9.026254588206939e-05
805.0 1.5926356370862815e-10
806.0 1.5926356370862815e-10
807.0 1.5926356370862815e-10
808.0 0.0002645183940330753
809.0 0.0001955356310645584
810.0 0.00012655285672735772
811.0 1.6499167543315707e-05
812.0 1.5926356370862815e-10
813.0 1.5926356370862815e-10
814.0 1.5926356370862815e-10
815.0 0.0002737547220021952
816.0 0.0006276640760916052
817.0 0.0005393590072344523
818.0 0.00045105393837729935
819.0 0.00017923897530636168
820.0 1.5926356370862815e-10
821.0 1.5926356370862815e-10
822.0 1.5926356370862815e-10
823.0 1.7385823980475834e-05
824.0 0.000161838772783085
825.0 0.00015896987406449625
826.0 0.00015610106629537768
827.0 1.5926356370862815e-10
828.0 1.5926356370862815e-10
829.0 1.5926356370862815e-10
830.0 1.5926356370862815e-10
831.0 1.5926356370862815e-10
832.0 9.242666578757053e-05
833.0 0.00014956823406464537
834.0 0.00020670981939474586
835.0 8.701379101694329e-05
836.0 1.5926356370862815e-10
837.0 1.5926356370862815e-10
838.0 1.5926356370862815e-10
839.0 1.5926356370862815e-10
840.0 1.4736964715211798e-05
841.0 1.5926356370862815e-10
842.0 1.5926356370862815e-10
843.0 3.739266389857221e-05
844.0 0.000294689493784972
845.0 0.00025341182663396467
846.0 0.00021213420495769242
847.0 1.5926356370862815e-10
848.0 1.5926356370862815e-10
849.0 1.5926356370862815e-10
850.0 7.74570480643888e-05
851.0 7.735071108072589e-05
852.0 7.72444423091656e-05
853.0 1.5926356370862815e-10
854.0 1.5926356370862815e-10
855.0 1.5926356370862815e-10
856.0 6.767374429728079e-05
857.0 0.00028855108666903106
858.0 0.0005094283551443368
859.0 0.0008149141649482772
860.0 0.0011203998838027474
861.0 0.0010262388968840241
862.0 0.0009320780009147711
863.0 0.0010954030585708097
864.0 0.0012587281162268482
865.0 0.0011397374692023732
866.0 0.001020746731228428
867.0 0.001426357266609557
868.0 0.0018319675291422755
869.0 0.0018252252630190924
870.0 0.0018184831787948497
871.0 0.0018718361388891935
872.0 0.001925188917084597
873.0 0.0023940046958159655
874.0 0.0028628206564462744
