lsstCam/transmission_filter_detector/r03_s10/r_57/19700101T000000.ecsv
# %ECSV 1.0
# ---
# datatype:
# - {name: wavelength, unit: nm, datatype: float32}
# - {name: efficiency, unit: '%', datatype: float64}
# meta: !!omap
# - {MODE: DETECTOR}
# - {TYPE: transmission_filter_detector}
# - {CALIBDATE: '1970-01-01T00:00:00'}
# - {INSTRUME: LSSTCam}
# - {OBSTYPE: transmission_filter_detector}
# - {CALIBCLS: lsst.ip.isr.IntermediateFilterDetectorTransmissionCurve}
# - {SOURCE: Materion (DM-46256)}
# - {DETECTOR: 21}
# - {FILTER: r_57}
# - {CALIB_ID: 'calibDate=1970-01-01T00:00:00 filter=r_57 detector=21'}
# - {DATE: '2025-04-02T15:59:44.281952'}
# - {CALIB_CREATION_DATE: '2025-04-02'}
# - {CALIB_CREATION_TIME: '15:59:44'}
# - __serialized_columns__:
#     efficiency:
#       __class__: astropy.units.quantity.Quantity
#       unit: !astropy.units.Unit {unit: '%'}
#       value: !astropy.table.SerializedColumn {name: efficiency}
#     wavelength:
#       __class__: astropy.units.quantity.Quantity
#       unit: !astropy.units.Unit {unit: nm}
#       value: !astropy.table.SerializedColumn {name: wavelength}
# schema: astropy-2.0
wavelength efficiency
300.0 0.0029578535759355873
301.0 0.00738671951694414
302.0 0.011815584730356932
303.0 0.014909313176758587
304.0 0.01800304453354329
305.0 0.015884623280726373
306.0 0.013766202027909458
307.0 0.011967191676376387
308.0 0.010168179869651794
309.0 0.009384191798744723
310.0 0.008600203727837652
311.0 0.00820732966531068
312.0 0.00781445560278371
313.0 0.006879174179630354
314.0 0.005943892756476998
315.0 0.005277966920402832
316.0 0.0046120396291371435
317.0 0.0044516003981698304
318.0 0.004291159348213114
319.0 0.004084126703673974
320.0 0.0038770940591348335
321.0 0.003616324465838261
322.0 0.0033555559639353305
323.0 0.0032806456147227436
324.0 0.003205734901712276
325.0 0.0032889591238927096
326.0 0.003372183709871024
327.0 0.003300408206996508
328.0 0.0032286334317177534
329.0 0.0032824482332216576
330.0 0.0033362630347255617
331.0 0.00306355141219683
332.0 0.0027908385163755156
333.0 0.0024617193048470654
334.0 0.0021325999114196748
335.0 0.0019342352970852517
336.0 0.0017358706827508286
337.0 0.0015795589206391014
338.0 0.001423247067577904
339.0 0.0013675768968823832
340.0 0.0013119069080858026
341.0 0.0012879803762189113
342.0 0.00126405384435202
343.0 0.001179305309051415
344.0 0.0010945566828013398
345.0 0.0010430553629703354
346.0 0.000991554043139331
347.0 0.0009964396667783149
348.0 0.0010013252904172987
349.0 0.0009376502021041233
350.0 0.005693696220987476
351.0 0.006039580330252647
352.0 0.006385464803315699
353.0 0.0056326109188375995
354.0 0.004879757761955261
355.0 0.005127957774675451
356.0 0.005376158878789283
357.0 0.006740800017723814
358.0 0.008105442248051986
359.0 0.006328181189019233
360.0 0.004550919766188599
361.0 0.002935593693109695
362.0 0.0013202676200307906
363.0 0.0024918073904700577
364.0 0.003663347160909325
365.0 0.003810970883932896
366.0 0.003958594606956467
367.0 0.0033066869946196675
368.0 0.0026547790184849873
369.0 0.0023116162992664613
370.0 0.0019684537619468756
371.0 0.0024478193154209293
372.0 0.0029271850507939234
373.0 0.003424671376706101
374.0 0.003922157338820398
375.0 0.0033708758564898744
376.0 0.0028195951017551124
377.0 0.0012617610991583206
378.0 1.6537399704849576e-10
379.0 0.0008136828000715468
380.0 0.0019234383216826245
381.0 0.0027320256776874885
382.0 0.003540613397490233
383.0 0.003552003181539476
384.0 0.0035633933293865994
385.0 0.004601948239724152
386.0 0.0056405027862638235
387.0 0.004943512249155901
388.0 0.0042465213482500985
389.0 0.003597857357817702
390.0 0.0029491924578906037
391.0 0.0021402402126113884
392.0 0.001331287876382703
393.0 0.0014326194104796741
394.0 0.0015339506717282347
395.0 0.0012167896784376353
396.0 0.0008996288670459762
397.0 0.0007991195161594078
398.0 0.0006986103926465148
399.0 0.0006930617928446736
400.0 0.0006875127382954815
401.0 0.00034006077385129174
402.0 1.6537399704849576e-10
403.0 0.00019623594198492356
404.0 0.0003998638021585066
405.0 0.0008729622095415834
406.0 0.0013460603440762497
407.0 0.0019408455045777373
408.0 0.002535630301281344
409.0 0.0020937453882652335
410.0 0.0016518601114512421
411.0 0.0011705772521963809
412.0 0.0006892943929415196
413.0 0.000786763212090591
414.0 0.0008842321221891325
415.0 0.0008771619832259603
416.0 0.0008700919352122582
417.0 0.0013856721125193872
418.0 0.0019012526536243968
419.0 0.0023471813619835302
420.0 0.0027931100703426637
421.0 0.004331394302425906
422.0 0.005869677988812327
423.0 0.009156954183708876
424.0 0.012444228923413903
425.0 0.016730699280742556
426.0 0.02101716527249664
427.0 0.021456870308611542
428.0 0.021896576799917966
429.0 0.016714494267944247
430.0 0.011532409553183243
431.0 0.008331880235346034
432.0 0.0051313498261151835
433.0 0.0041673265513964
434.0 0.0032033029128797352
435.0 0.002509035221009981
436.0 0.0018147671653423458
437.0 0.001560892997076735
438.0 0.0013070191926090047
439.0 0.0011080703188781627
440.0 0.0009091215360967908
441.0 0.0011336858733557165
442.0 0.0013582503015641123
443.0 0.0016735695680836216
444.0 0.001988889016502071
445.0 0.0019182885807822458
446.0 0.0018476879631634802
447.0 0.0016651625628583133
448.0 0.0014826372535026167
449.0 0.0014779869161429815
450.0 0.0014733360330865253
451.0 0.001645206612010952
452.0 0.001817077281884849
453.0 0.0017257585568586364
454.0 0.0016344396499334835
455.0 0.0014238772564567626
456.0 0.0012133151358284522
457.0 0.0008815647561277729
458.0 0.0005498144673765637
459.0 0.000831099441711558
460.0 0.0011123844160465524
461.0 0.001750627598084975
462.0 0.0023888702344265766
463.0 0.003144931179122068
464.0 0.003900991941918619
465.0 0.005011211396777071
466.0 0.006121430487837642
467.0 0.006704378756694496
468.0 0.00728732775314711
469.0 0.006216344627318904
470.0 0.005145361865288578
471.0 0.0039119378925533965
472.0 0.002678513919818215
473.0 0.002196703826484736
474.0 0.0017148935512523167
475.0 0.00142539956868859
476.0 0.0011359059499227442
477.0 0.0009164233233605046
478.0 0.0006969406058487948
479.0 0.0008977805009635631
480.0 0.0010986203051288612
481.0 0.0008592524864070583
482.0 0.0006198848950589309
483.0 0.0006977376870054286
484.0 0.0007755902515782509
485.0 0.0007060523330437718
486.0 0.0006365141871356172
487.0 0.0006394855063263094
488.0 0.0006424565981433261
489.0 0.0006316518010862637
490.0 0.0006208469130797312
491.0 0.0007700772584939841
492.0 0.0009193076039082371
493.0 0.0010554495929682162
494.0 0.0011915916729776654
495.0 0.0010318280146748293
496.0 0.0008720641744730528
497.0 0.0011304579857096542
498.0 0.001388851524097845
499.0 0.001390138640999794
500.0 0.001391425757901743
501.0 0.0015477462511626072
502.0 0.0017040669263224117
503.0 0.0020885658159386367
504.0 0.002473064887453802
505.0 0.0030555926059605554
506.0 0.0036381206882651895
507.0 0.004316213380661793
508.0 0.004994306073058397
509.0 0.005499666804098524
510.0 0.006005026079947129
511.0 0.005295403389027342
512.0 0.004585779970511794
513.0 0.003914472836186178
514.0 0.003243165701860562
515.0 0.0030497123589157127
516.0 0.002856259379768744
517.0 0.002649679299793206
518.0 0.002443099037918728
519.0 0.06068706279620528
520.0 0.08687542867846787
521.0 0.08409247384406626
522.0 0.10595405474305153
523.0 0.04483451193664223
524.0 0.05055731162428856
525.0 0.11256574653089046
526.0 0.08086992893368006
527.0 0.13156395871192217
528.0 0.12570888502523303
529.0 0.1587911625392735
530.0 0.18437810940667987
531.0 0.26814257726073265
532.0 0.28212908655405045
533.0 0.30625597573816776
534.0 0.46560773625969887
535.0 0.6089833565056324
536.0 0.8932305499911308
537.0 1.3751509599387646
538.0 2.1746914833784103
539.0 3.4148842096328735
540.0 5.30347153544426
541.0 7.624443620443344
542.0 10.585920512676239
543.0 14.239124953746796
544.0 18.747998774051666
545.0 23.778197169303894
546.0 30.12230396270752
547.0 37.04553544521332
548.0 45.51893174648285
549.0 53.2673180103302
550.0 59.67438220977783
551.0 66.59237146377563
552.0 71.06049656867981
553.0 75.2312183380127
554.0 79.08708453178406
555.0 82.71735906600952
556.0 86.27611994743347
557.0 88.81475925445557
558.0 91.88485741615295
559.0 93.81819367408752
560.0 93.96522045135498
561.0 95.30860185623169
562.0 95.81528902053833
563.0 95.52541375160217
564.0 96.08353972434998
565.0 94.98902559280396
566.0 95.97190618515015
567.0 95.51669955253601
568.0 95.95896005630493
569.0 96.92083597183228
570.0 96.28260731697083
571.0 97.16872572898865
572.0 97.03391194343567
573.0 97.04877138137817
574.0 97.34314680099487
575.0 96.87276482582092
576.0 97.20695614814758
577.0 97.162526845932
578.0 97.15645909309387
579.0 97.00457453727722
580.0 96.56741619110107
581.0 96.51240110397339
582.0 96.47062420845032
583.0 96.8232274055481
584.0 96.39512300491333
585.0 96.4308500289917
586.0 96.71011567115784
587.0 96.18125557899475
588.0 96.60180807113647
589.0 97.4496066570282
590.0 96.88080549240112
591.0 96.11669778823853
592.0 95.88672518730164
593.0 96.0261583328247
594.0 95.71390151977539
595.0 96.37352228164673
596.0 97.21733331680298
597.0 97.24981188774109
598.0 96.76831364631653
599.0 97.08540439605713
600.0 96.91399931907654
601.0 96.29480242729187
602.0 96.767258644104
603.0 96.50807976722717
604.0 96.60370349884033
605.0 96.91006541252136
606.0 96.34963274002075
607.0 96.16361260414124
608.0 96.44155502319336
609.0 95.70834040641785
610.0 95.66169381141663
611.0 95.91185450553894
612.0 95.91749310493469
613.0 96.91469669342041
614.0 96.74829244613647
615.0 96.06045484542847
616.0 96.50771021842957
617.0 96.60404324531555
618.0 96.68127298355103
619.0 97.03846573829651
620.0 96.12085223197937
621.0 95.82241773605347
622.0 96.9342827796936
623.0 96.70881032943726
624.0 96.77561521530151
625.0 97.01145887374878
626.0 96.2162971496582
627.0 95.34860849380493
628.0 97.48882055282593
629.0 95.73929905891418
630.0 96.29176259040833
631.0 96.41884565353394
632.0 96.89198732376099
633.0 96.5494692325592
634.0 95.91438174247742
635.0 96.24044299125671
636.0 96.30176424980164
637.0 95.65637111663818
638.0 95.82145810127258
639.0 95.60104012489319
640.0 96.0125744342804
641.0 95.7501769065857
642.0 95.90647220611572
643.0 96.05937004089355
644.0 96.41889929771423
645.0 96.33851051330566
646.0 96.43754363059998
647.0 97.5884199142456
648.0 96.61694169044495
649.0 96.04008197784424
650.0 96.55108451843262
651.0 96.94578647613525
652.0 96.98301553726196
653.0 95.85740566253662
654.0 96.70145511627197
655.0 96.71341180801392
656.0 95.98692655563354
657.0 95.81790566444397
658.0 96.43489122390747
659.0 96.40930891036987
660.0 95.58354616165161
661.0 95.4669713973999
662.0 95.77780961990356
663.0 96.09684348106384
664.0 95.39856910705566
665.0 95.5737292766571
666.0 95.28319835662842
667.0 95.94290852546692
668.0 95.22630572319031
669.0 95.75352072715759
670.0 95.72118520736694
671.0 95.52136063575745
672.0 95.32802104949951
673.0 95.57641744613647
674.0 94.94469165802002
675.0 95.66807746887207
676.0 94.94430422782898
677.0 93.87040138244629
678.0 93.05066466331482
679.0 92.23219752311707
680.0 91.00201725959778
681.0 89.48648571968079
682.0 87.22051978111267
683.0 84.50955748558044
684.0 81.05016350746155
685.0 77.20670104026794
686.0 73.13359379768372
687.0 68.73633861541748
688.0 64.20068144798279
689.0 59.82452034950256
690.0 54.905205965042114
691.0 50.91022253036499
692.0 46.17316424846649
693.0 41.57572090625763
694.0 36.433786153793335
695.0 31.038740277290344
696.0 25.460365414619446
697.0 20.13162672519684
698.0 14.600874483585358
699.0 10.22019013762474
700.0 7.012571394443512
701.0 4.325359687209129
702.0 2.6469623669981956
703.0 1.5130319632589817
704.0 0.8974018506705761
705.0 0.5074446555227041
706.0 0.3416463499888778
707.0 0.22852751426398754
708.0 0.13620014069601893
709.0 0.13327272608876228
710.0 0.06861289730295539
711.0 0.055865838658064604
712.0 0.07964303949847817
713.0 0.0791966391261667
714.0 0.05531958304345608
715.0 0.08822844829410315
716.0 0.04863731737714261
717.0 0.014304579235613346
718.0 0.035716473939828575
719.0 0.058497150894254446
720.0 1.6537399704849576e-10
721.0 0.00429186038672924
722.0 0.004041437205160037
723.0 0.0037910143873887137
724.0 0.0035116430808557197
725.0 0.003232271410524845
726.0 0.0030039205739740282
727.0 0.0027755697374232113
728.0 0.0026397350666229613
729.0 0.0025039000320248306
730.0 0.0023477001377614215
731.0 0.0021915007891948335
732.0 0.002140568722097669
733.0 0.0020896368368994445
734.0 0.002020640386035666
735.0 0.001951643753272947
736.0 0.0017238256987184286
737.0 0.0014960079170123208
738.0 0.001503696694271639
739.0 0.0015113855624804273
740.0 0.0015219306988001335
741.0 0.0015324760170187801
742.0 0.0014009115147928242
743.0 0.0012693470125668682
744.0 0.001337233970843954
745.0 0.001405120474373689
746.0 0.0013046034837316256
747.0 0.001204086402140092
748.0 0.0011186269148311112
749.0 0.0010331675184716005
750.0 0.000998910763883032
751.0 0.0009646542821428739
752.0 0.0010130304872291163
753.0 0.0010614065104164183
754.0 0.0010575490705377888
755.0 0.0010536919035075698
756.0 0.0009939834853867069
757.0 0.0009342748853669036
758.0 0.0010169479537580628
759.0 0.0010996209311997518
760.0 0.0011156870641571004
761.0 0.0011317535609123297
762.0 0.0010879851288336795
763.0 0.00104421706055291
764.0 0.001013380187941948
765.0 0.0009825434062804561
766.0 0.0008179167707567103
767.0 0.0006532901352329645
768.0 0.0006426022991945501
769.0 0.0006319143267319305
770.0 0.0007311635727091925
771.0 0.00083041304606013
772.0 0.0007736335646768566
773.0 0.0007168539923441131
774.0 0.0008381090083275922
775.0 0.0009593639333616011
776.0 0.0009164909897663165
777.0 0.0008736179552215617
778.0 0.0008669081580592319
779.0 0.0008601984518463723
780.0 0.0007474675840057898
781.0 0.0006347368071146775
782.0 0.0007127769094950054
783.0 0.0007908169209258631
784.0 0.0008201666787499562
785.0 0.0008495160727761686
786.0 0.0007073309916449944
787.0 0.0005651459559885552
788.0 0.0005929233338974882
789.0 0.0006207008482306264
790.0 0.0006944230335648172
791.0 0.0007681451279495377
792.0 0.000782844472269062
793.0 0.0007975436346896458
794.0 0.0007819885468052235
795.0 0.0007664330951229203
796.0 0.0006608028797927545
797.0 0.0005551727099373238
798.0 0.0006794068667659303
799.0 0.0008036409781198017
800.0 0.0007478726729459595
801.0 0.0006921040949237067
802.0 0.0006019870397722116
803.0 0.0005118697117723059
804.0 0.000622362222202355
805.0 0.0007328547781071393
806.0 0.0006646138444921235
807.0 0.0005963729563518427
808.0 0.0007073385859257542
809.0 0.0008183041245501954
810.0 0.0007056227786961244
811.0 0.0005929416602157289
812.0 0.0006262862370931543
813.0 0.0006596307684958447
814.0 0.0005426126335805748
815.0 0.00042559454414003994
816.0 0.0005670545760949608
817.0 0.0007085147444740869
818.0 0.0006350998773996253
819.0 0.0005616850103251636
820.0 0.00045440719986800104
821.0 0.0003471293894108385
822.0 0.00037385775613074657
823.0 0.0004005862138001248
824.0 0.0003961584297940135
825.0 0.0003917306457879022
826.0 0.00047699645620014053
827.0 0.0005622622666123789
828.0 0.0004256292413629126
829.0 0.0002889962388508138
830.0 0.0002094927594953333
831.0 0.00012998932561458787
832.0 5.092879291623831e-05
833.0 1.6537399704849576e-10
834.0 1.6537399704849576e-10
835.0 1.6537399704849576e-10
836.0 0.0002002284645641339
837.0 0.0005123906248627463
838.0 0.0006986010248510865
839.0 0.000884811561263632
840.0 0.0011982314390479587
841.0 0.0015116513168322854
842.0 0.0021148549421923235
843.0 0.0027180585675523616
844.0 0.003009501233464107
845.0 0.003300943717476912
846.0 0.0036285437090555206
847.0 0.003956143336836249
848.0 0.003608028418966569
849.0 0.0032599120459053665
850.0 0.002544329618103802
851.0 0.0018287471903022379
852.0 0.0014863333490211517
853.0 0.001143919325841125
854.0 0.000991052274912363
855.0 0.0008381851330341306
856.0 0.0006784101060475223
857.0 0.0005186351700103842
858.0 0.0005930347924731905
859.0 0.0006674343694612617
860.0 0.0005352916559786536
861.0 0.0004031488515465753
862.0 0.00041825037442322355
863.0 0.0004333518972998718
864.0 0.00032894222385948524
865.0 0.00022453264136856887
866.0 0.00020902987216686597
867.0 0.00019352705749042798
868.0 0.000212175541491888
869.0 0.00023082398001861293
870.0 0.00011212295021323371
871.0 1.6537399704849576e-10
872.0 1.6537399704849576e-10
873.0 1.6537399704849576e-10
874.0 1.6537399704849576e-10
875.0 1.6537399704849576e-10
876.0 1.6537399704849576e-10
877.0 6.291186878115695e-05
878.0 0.00014076626939640846
879.0 0.0002186206529586343
880.0 0.00017043286106854794
881.0 0.00012224503507241025
882.0 0.00015238350670188083
883.0 0.00018252203517477028
884.0 5.148714876668237e-05
885.0 1.6537399704849576e-10
886.0 1.6537399704849576e-10
887.0 7.808905593265081e-05
888.0 0.00014481219068329665
889.0 0.00021153530269657495
890.0 0.00019527358290361008
891.0 0.00017901180626722635
892.0 4.218159688207379e-05
893.0 1.6537399704849576e-10
894.0 1.6537399704849576e-10
895.0 2.596540866761643e-05
896.0 5.547158252738882e-05
897.0 8.49778018618963e-05
898.0 5.836027980876679e-05
899.0 3.174276059780823e-05
900.0 8.101763171453058e-06
