lsstCam/transmission_filter_detector/r03_s10/r_57/19700101T000000.ecsv
# %ECSV 1.0
# ---
# datatype:
# - {name: wavelength, unit: nm, datatype: float32}
# - {name: efficiency, unit: '%', datatype: float64}
# meta: !!omap
# - {MODE: DETECTOR}
# - {TYPE: transmission_filter_detector}
# - {CALIBDATE: '1970-01-01T00:00:00'}
# - {INSTRUME: LSSTCam}
# - {OBSTYPE: transmission_filter_detector}
# - {CALIBCLS: lsst.ip.isr.IntermediateFilterDetectorTransmissionCurve}
# - {SOURCE: Materion (DM-46256)}
# - {DETECTOR: 21}
# - {FILTER: r_57}
# - {CALIB_ID: 'calibDate=1970-01-01T00:00:00 filter=r_57 detector=21'}
# - {DATE: '2025-04-02T15:59:44.281952'}
# - {CALIB_CREATION_DATE: '2025-04-02'}
# - {CALIB_CREATION_TIME: '15:59:44'}
# - __serialized_columns__:
#     efficiency:
#       __class__: astropy.units.quantity.Quantity
#       unit: !astropy.units.Unit {unit: '%'}
#       value: !astropy.table.SerializedColumn {name: efficiency}
#     wavelength:
#       __class__: astropy.units.quantity.Quantity
#       unit: !astropy.units.Unit {unit: nm}
#       value: !astropy.table.SerializedColumn {name: wavelength}
# schema: astropy-2.0
wavelength efficiency
[from data line 602]
902.0 1.6537399704849576e-10
903.0 1.6537399704849576e-10
904.0 1.6537399704849576e-10
905.0 1.3969650325407201e-06
906.0 1.6537399704849576e-10
907.0 1.6537399704849576e-10
908.0 1.6537399704849576e-10
909.0 1.6537399704849576e-10
910.0 1.6537399704849576e-10
911.0 1.6537399704849576e-10
912.0 1.6537399704849576e-10
913.0 1.6537399704849576e-10
914.0 1.6537399704849576e-10
915.0 5.119628099237161e-05
916.0 1.2523308612344408e-05
917.0 1.6537399704849576e-10
918.0 5.821846684739285e-05
919.0 0.00014258654346122057
920.0 5.8946534409187734e-05
921.0 1.6537399704849576e-10
922.0 8.051934514696768e-05
923.0 0.00018573217630546424
924.0 0.00020456639049371006
925.0 0.0002234005933132721
926.0 0.000185366934601916
927.0 0.00014733328725924366
928.0 0.00016807449583211564
929.0 0.00018881570440498763
930.0 0.0002511621687517618
931.0 0.00031350866720458725
932.0 0.00015466162039956544
933.0 1.6537399704849576e-10
934.0 0.0001356097072857665
935.0 0.00027540472729015164
936.0 0.00026784402962221066
937.0 0.00026028333195426967
938.0 0.0002794935426209122
939.0 0.0002987037987622898
940.0 0.0003293031340945163
941.0 0.0003599024466893752
942.0 0.00042752899389597587
943.0 0.0004951555638399441
944.0 0.00038346170185832307
945.0 0.00027176793082617223
946.0 0.00029133045700291405
947.0 0.00031089293770492077
948.0 0.00043201625885558315
949.0 0.0005531396709557157
950.0 0.0005369022346712882
951.0 0.0005206647529121256
952.0 0.0006708392902510241
953.0 0.0008210139640141279
954.0 0.0011606877706071828
955.0 0.0015003619409981184
956.0 0.0015396886738017201
957.0 0.001579015406605322
958.0 0.0017109594409703277
959.0 0.0018429038391332142
960.0 0.001963653812708799
961.0 0.002084404150082264
962.0 0.0022524480300489813
963.0 0.002420492091914639
964.0 0.0024291621230077
965.0 0.0024378319722018205
966.0 0.0024080476578092203
967.0 0.00237826334341662
968.0 0.00232143938774243
969.0 0.0022646157958661206
970.0 0.002323947410332039
971.0 0.002383279388595838
972.0 0.0024865179511834867
973.0 0.0025897559680743143
974.0 0.002856988794519566
975.0 0.003124221257166937
976.0 0.0032287774956785142
977.0 0.0033333333703922108
978.0 0.003245681000407785
979.0 0.0031580286304233596
980.0 0.003077731525991112
981.0 0.0029974346034578048
982.0 0.003114586797892116
983.0 0.003231738810427487
984.0 0.0031914139981381595
985.0 0.0031510888220509514
986.0 0.0030289642381831072
987.0 0.002906839654315263
988.0 0.0026930882086162455
989.0 0.0024793371267151088
990.0 0.002535581006668508
991.0 0.0025918248866219074
992.0 0.0026366047677583992
993.0 0.002681385012692772
994.0 0.0027395701181376353
995.0 0.0027977550416835584
996.0 0.0028588498025783338
997.0 0.002919944381574169
998.0 0.003047995960514527
999.0 0.003176047539454885
1000.0 0.003275254857726395
1001.0 0.0033744621759979054
1002.0 0.003595216912799515
1003.0 0.0038159716496011242
1004.0 0.003942786133848131
1005.0 0.004069599890499376
1006.0 0.004290742435841821
1007.0 0.004511885344982147
1008.0 0.004452750727068633
1009.0 0.0043936161091551185
1010.0 0.004376422657514922
1011.0 0.004359229569672607
1012.0 0.004336492565926164
1013.0 0.004313755198381841
1014.0 0.004052339136251248
1015.0 0.003790922710322775
1016.0 0.003659156573121436
1017.0 0.003527390435920097
1018.0 0.0031069197575561702
1019.0 0.0026864499886869453
1020.0 0.0022184491172083654
1021.0 0.0017504482457297854
1022.0 0.0015538942534476519
1023.0 0.0013573398973676376
1024.0 0.0014199414181348402
1025.0 0.0014825433026999235
1026.0 0.0013826102076563984
1027.0 0.0012826767488149926
1028.0 0.0011856917808472645
1029.0 0.001088706630980596
1030.0 0.0010295310858055018
1031.0 0.0009703548130346462
1032.0 0.0009104998753173277
1033.0 0.0008506445738021284
1034.0 0.0008297198291984387
1035.0 0.0008087949026958086
1036.0 0.0008824904398352373
1037.0 0.0009561857041262556
1038.0 0.000774770524003543
1039.0 0.0005933554348303005
1040.0 0.0006789764483983163
1041.0 0.000764597461966332
1042.0 0.0009248170499631669
1043.0 0.001085036183212651
1044.0 0.0010252245374431368
1045.0 0.0009654132554715034
1046.0 0.0009190269338432699
1047.0 0.0008726407031645067
1048.0 0.000796857329987688
1049.0 0.0007210739113361342
1050.0 0.0007119968813640298
1051.0 0.0007029197149677202
1052.0 0.000993353569356259
1053.0 0.0012837871508963872
1054.0 0.0011270389222772792
1055.0 0.0009702905117592309
1056.0 0.000932135390030453
1057.0 0.0008939806320995558
1058.0 0.0007978864232427441
1059.0 0.0007017923962848727
1060.0 0.001079528738046065
1061.0 0.0014572646250599064
1062.0 0.001559770134917926
1063.0 0.0016622754628770053
1064.0 0.0011766729585360736
1065.0 0.0006910703632456716
1066.0 0.0010423248568258714
1067.0 0.0013935793504060712
1068.0 0.0017184320313390344
1069.0 0.002043284257524647
1070.0 0.0013911965652368963
1071.0 0.0007391086910502054
1072.0 0.0012284869626455475
1073.0 0.00171786541613983
1074.0 0.0023164378944784403
1075.0 0.0029150103728170507
1076.0 0.0032548174203839153
1077.0 0.0035946246498497203
1078.0 0.004102951061213389
1079.0 0.0046112778363749385
1080.0 0.004502125739236362
1081.0 0.004392972914502025
1082.0 0.004168724990449846
1083.0 0.003944477430195548
1084.0 0.004526283009909093
1085.0 0.005108088225824758
1086.0 0.00500948190165218
1087.0 0.004910875577479601
1088.0 0.004910001007374376
1089.0 0.004909127164864913
1090.0 0.00463010546809528
1091.0 0.004351083407527767
1092.0 0.003878899588016793
1093.0 0.0034067154047079384
1094.0 0.0039803046092856675
1095.0 0.004553893813863397
1096.0 0.0033886044548125938
1097.0 0.002223315095761791
1098.0 0.0017631797163630836
1099.0 0.0013030446098127868
1100.0 0.0016153107935679145
1101.0 0.0019275767044746317
