lsstCam/transmission_filter_detector/r41_s01/g_6/19700101T000000.ecsv
# %ECSV 1.0
# ---
# datatype:
# - {name: wavelength, unit: nm, datatype: float32}
# - {name: efficiency, unit: '%', datatype: float64}
# meta: !!omap
# - {MODE: DETECTOR}
# - {TYPE: transmission_filter_detector}
# - {CALIBDATE: '1970-01-01T00:00:00'}
# - {INSTRUME: LSSTCam}
# - {OBSTYPE: transmission_filter_detector}
# - {CALIBCLS: lsst.ip.isr.IntermediateFilterDetectorTransmissionCurve}
# - {SOURCE: Materion (DM-46256)}
# - {DETECTOR: 163}
# - {FILTER: g_6}
# - {CALIB_ID: 'calibDate=1970-01-01T00:00:00 filter=g_6 detector=163'}
# - {DATE: '2025-04-02T15:59:42.781615'}
# - {CALIB_CREATION_DATE: '2025-04-02'}
# - {CALIB_CREATION_TIME: '15:59:42'}
# - __serialized_columns__:
#     efficiency:
#       __class__: astropy.units.quantity.Quantity
#       unit: !astropy.units.Unit {unit: '%'}
#       value: !astropy.table.SerializedColumn {name: efficiency}
#     wavelength:
#       __class__: astropy.units.quantity.Quantity
#       unit: !astropy.units.Unit {unit: nm}
#       value: !astropy.table.SerializedColumn {name: wavelength}
# schema: astropy-2.0
wavelength efficiency
300.0 0.3450567601248622
301.0 0.29586637392640114
302.0 0.24667596444487572
303.0 0.22967576514929533
304.0 0.21267556585371494
305.0 0.21747045684605837
306.0 0.22226537112146616
307.0 0.21003247238695621
308.0 0.1977995503693819
309.0 0.19234645878896117
310.0 0.18689336720854044
311.0 0.18724066903814673
312.0 0.18758795922622085
313.0 0.18659450579434633
314.0 0.18560105236247182
315.0 0.18241340294480324
316.0 0.17922576516866684
317.0 0.17470588209107518
318.0 0.17018598737195134
319.0 0.15764026902616024
320.0 0.14509456232190132
321.0 0.1348479650914669
322.0 0.1246013562195003
323.0 0.11151605285704136
324.0 0.0984307611361146
325.0 0.08865359122864902
326.0 0.07887640967965126
327.0 0.07262701401486993
328.0 0.0663776183500886
329.0 0.06106405635364354
330.0 0.05575050017796457
331.0 0.052668002899736166
332.0 0.049585511442273855
333.0 0.0469701481051743
334.0 0.04435479058884084
335.0 0.042016946827061474
336.0 0.039679103065282106
337.0 0.04000223707407713
338.0 0.04032537108287215
339.0 0.03908920625690371
340.0 0.03785303561016917
341.0 0.03686602576635778
342.0 0.03587902174331248
343.0 0.03237116907257587
344.0 0.02886331349145621
345.0 0.02558373671490699
346.0 0.02230415993835777
347.0 0.020574129302985966
348.0 0.018844098667614162
349.0 0.017192009545397013
350.0 0.7556919939815998
351.0 1.0115163400769234
352.0 0.7050229236483574
353.0 0.8337648585438728
354.0 0.7291113957762718
355.0 0.8782698772847652
356.0 0.5350046791136265
357.0 0.9438161738216877
358.0 0.6806457880884409
359.0 0.9122449904680252
360.0 0.6038731895387173
361.0 0.8219229057431221
362.0 0.5831052083522081
363.0 0.7458203006535769
364.0 0.4816892556846142
365.0 0.6957807578146458
366.0 0.5465051624923944
367.0 0.7895751856267452
368.0 0.3785779234021902
369.0 0.5881178192794323
370.0 0.44201668351888657
371.0 0.5257404875010252
372.0 0.3767319954931736
373.0 0.6839737296104431
374.0 0.3950417507439852
375.0 0.607865396887064
376.0 0.4004625603556633
377.0 0.5062812939286232
378.0 0.3280367935076356
379.0 0.47068814747035503
380.0 0.46240719966590405
381.0 0.506586255505681
382.0 0.5210099741816521
383.0 0.5096739158034325
384.0 0.5505344830453396
385.0 0.6008232478052378
386.0 0.6647101603448391
387.0 0.7118560839444399
388.0 0.8683914318680763
389.0 1.1559371836483479
390.0 1.6569903120398521
391.0 2.5279831141233444
392.0 3.9438415318727493
393.0 6.274102628231049
394.0 9.640263766050339
395.0 14.015653729438782
396.0 19.623178243637085
397.0 26.71596109867096
398.0 35.00092029571533
399.0 44.25687789916992
400.0 53.61788272857666
401.0 62.74707913398743
402.0 71.25058770179749
403.0 78.52452993392944
404.0 83.88276696205139
405.0 88.00207376480103
406.0 90.30362963676453
407.0 92.21938848495483
408.0 93.3423101902008
409.0 93.91124844551086
410.0 94.12267804145813
411.0 93.96634101867676
412.0 93.6644434928894
413.0 93.49889159202576
414.0 93.31424832344055
415.0 93.36060285568237
416.0 93.70733499526978
417.0 93.98682117462158
418.0 94.52791213989258
419.0 95.08612155914307
420.0 95.64927220344543
421.0 96.17246985435486
422.0 96.36816382408142
423.0 96.55548334121704
424.0 96.45617604255676
425.0 96.3117778301239
426.0 96.30194306373596
427.0 96.33120894432068
428.0 96.14585041999817
429.0 96.0128903388977
430.0 95.87840437889099
431.0 95.84965705871582
432.0 95.93672156333923
433.0 96.0060715675354
434.0 96.11488580703735
435.0 96.2370753288269
436.0 96.29084467887878
437.0 96.28977179527283
438.0 96.37211561203003
439.0 96.4440107345581
440.0 96.41872048377991
441.0 96.53059840202332
442.0 96.53006196022034
443.0 96.51662707328796
444.0 96.44719362258911
445.0 96.1709201335907
446.0 96.11154794692993
447.0 95.81496715545654
448.0 95.78118920326233
449.0 95.98351120948792
450.0 96.1618185043335
451.0 96.36884927749634
452.0 96.60607576370239
453.0 96.71365022659302
454.0 96.82947993278503
455.0 97.09112048149109
456.0 97.14818596839905
457.0 97.32452034950256
458.0 97.30231761932373
459.0 97.31845259666443
460.0 97.37560749053955
461.0 97.49501943588257
462.0 97.42417931556702
463.0 97.3533570766449
464.0 97.4865734577179
465.0 97.38360643386841
466.0 97.39691615104675
467.0 97.3772644996643
468.0 97.43549227714539
469.0 97.5010871887207
470.0 97.2863495349884
471.0 97.19767570495605
472.0 97.23530411720276
473.0 97.1227765083313
474.0 96.99244499206543
475.0 97.0768928527832
476.0 97.0651924610138
477.0 97.10238575935364
478.0 97.21619486808777
479.0 97.17797636985779
480.0 97.38067388534546
481.0 97.46331572532654
482.0 97.61489033699036
483.0 97.5424587726593
484.0 97.78494238853455
485.0 97.7828860282898
486.0 97.79451489448547
487.0 97.83474802970886
488.0 97.81984090805054
489.0 97.9574203491211
490.0 97.89091348648071
491.0 97.94557094573975
492.0 97.89678454399109
493.0 97.88767099380493
494.0 97.84841537475586
495.0 97.93389439582825
496.0 97.75858521461487
497.0 97.63457775115967
498.0 97.44028449058533
499.0 97.49698042869568
500.0 97.46360182762146
501.0 97.4222481250763
502.0 97.30620980262756
503.0 97.47340083122253
504.0 97.28184938430786
505.0 97.26098775863647
506.0 97.34645485877991
507.0 97.28677272796631
508.0 97.24857211112976
509.0 97.30424284934998
510.0 97.24369645118713
511.0 97.21909165382385
512.0 97.11435437202454
513.0 97.19104766845703
514.0 97.17475771903992
515.0 97.18248248100281
516.0 97.28506803512573
517.0 97.28615880012512
518.0 97.37899899482727
519.0 97.39521145820618
520.0 97.43478298187256
521.0 97.5627064704895
522.0 97.57128357887268
523.0 97.54042625427246
524.0 97.5233256816864
525.0 97.508305311203
526.0 97.63226509094238
527.0 97.62534499168396
528.0 97.68843054771423
529.0 97.76760339736938
530.0 97.80223965644836
531.0 97.92779684066772
532.0 97.78798222541809
533.0 97.81389832496643
534.0 97.81324863433838
535.0 97.66977429389954
536.0 97.40002155303955
537.0 96.90161943435669
538.0 96.2751030921936
539.0 95.00962495803833
540.0 93.42691898345947
541.0 91.00170135498047
542.0 88.3829116821289
543.0 84.8690390586853
544.0 80.34335970878601
545.0 76.29889249801636
546.0 71.26527428627014
547.0 66.69053435325623
548.0 62.060922384262085
549.0 57.915520668029785
550.0 54.63096499443054
551.0 51.469260454177856
552.0 49.12571310997009
553.0 46.6637521982193
554.0 43.96386742591858
555.0 40.930092334747314
556.0 36.854881048202515
557.0 32.0672333240509
558.0 26.689240336418152
559.0 21.31424844264984
560.0 16.025596857070923
561.0 11.064602434635162
562.0 7.209279388189316
563.0 4.3191079050302505
564.0 2.399083226919174
565.0 1.1738994158804417
566.0 0.6189738865941763
567.0 0.3146766219288111
568.0 0.19823999609798193
569.0 0.10280848946422338
570.0 0.08357566548511386
571.0 0.05744943046011031
572.0 0.05417035426944494
573.0 0.03172290453221649
574.0 0.05527083994820714
575.0 0.02802370290737599
576.0 0.028474340797401965
577.0 0.022586859995499253
578.0 0.02773512387648225
579.0 0.020144267182331532
580.0 0.03798254474531859
581.0 0.020676958956755698
582.0 0.027346829301677644
583.0 0.014951720368117094
584.0 0.02548133779782802
585.0 0.019027283997274935
586.0 0.019861098553519696
587.0 0.012114812852814794
588.0 0.022726455063093454
589.0 0.01525386905996129
590.0 0.01788799709174782
591.0 0.01069624413503334
592.0 0.012280025111977011
593.0 0.009830565977608785
594.0 0.014496079529635608
595.0 0.008254910062532872
596.0 0.005653098560287617
597.0 0.011894143972313032
598.0 0.011584506864892319
599.0 0.002706508348637726
600.0 0.012905368930660188
601.0 0.0023203127057058737
602.0 0.002280264743603766
603.0 0.0022402169634005986
604.0 0.002181323361583054
605.0 0.002122429395967629
606.0 0.0020495866920100525
607.0 0.001976743806153536
608.0 0.0019655639334814623
609.0 0.0019543838789104484
610.0 0.0019524206436472014
611.0 0.0019504574083839543
612.0 0.0019185281416866928
613.0 0.001886599238787312
614.0 0.0018689337593968958
615.0 0.0018512679162085988
616.0 0.0017264810594497249
617.0 0.0016016940207919106
618.0 0.001572671317262575
619.0 0.0015436486137332395
620.0 0.0015155422261159401
621.0 0.0014874357475491706
622.0 0.0014739842299604788
623.0 0.0014605328033212572
624.0 0.001559324300615117
625.0 0.001658115979807917
626.0 0.0015631152564310469
627.0 0.001468114624003647
628.0 0.0014640547306044027
629.0 0.001459995019104099
630.0 0.0014675387319584843
631.0 0.0014750827176612802
632.0 0.0014437900972552598
633.0 0.0014124977496976499
634.0 0.0013885805856261868
635.0 0.0013646633306052536
636.0 0.001368643370369682
637.0 0.0013726233191846404
638.0 0.0012633366168302018
639.0 0.0011540500054252334
640.0 0.0012384410183585715
641.0 0.0013228322131908499
642.0 0.0012732937648252118
643.0 0.0012237557712069247
644.0 0.0011816142432508059
645.0 0.001139473170042038
646.0 0.0011555358469195198
647.0 0.0011715985237970017
648.0 0.0012598295143106952
649.0 0.001348060595773859
650.0 0.001222830996994162
651.0 0.0010976015801134054
652.0 0.001181494735646993
653.0 0.0012653878911805805
654.0 0.0012507783139881212
655.0 0.0012361688277451321
656.0 0.0011471431207610294
657.0 0.0010581173228274565
658.0 0.0010777120223792735
659.0 0.0010973067219310906
660.0 0.0011374660061846953
661.0 0.0011776250175898895
662.0 0.0012007259101665113
663.0 0.0012238268936926033
664.0 0.0012229487765580416
665.0 0.0012220706594234798
666.0 0.0011734860891010612
667.0 0.0011249013368797023
668.0 0.001088698991225101
669.0 0.0010524965546210296
670.0 0.0010659812687663361
671.0 0.0010794660738611128
672.0 0.0010634284990373999
673.0 0.0010473912880115677
674.0 0.0010863855095522013
675.0 0.001125379822042305
676.0 0.0011189144970558118
677.0 0.0011124488082714379
678.0 0.0010802011274790857
679.0 0.0010479533557372633
680.0 0.0010823786396940704
681.0 0.001116804196499288
682.0 0.001033915668813279
683.0 0.0009510276868240908
684.0 0.00092331556516001
685.0 0.0008956033525464591
686.0 0.0009442341251997277
687.0 0.000992864715954056
688.0 0.0010019295586971566
689.0 0.0010109941285918467
690.0 0.0010331144949304871
691.0 0.0010552349522185978
692.0 0.0010014123290602583
693.0 0.0009475898878008593
694.0 0.0009688025784271304
695.0 0.0009900152690534014
696.0 0.0010558002031757496
697.0 0.001121585228247568
698.0 0.0010949659554171376
699.0 0.0010683466825867072
700.0 0.001056293876899872
701.0 0.0010442407983646262
702.0 0.0010848627425730228
703.0 0.0011254845958319493
704.0 0.00107770511021954
705.0 0.0010299255336576607
706.0 0.001014432382362429
707.0 0.000998939049168257
708.0 0.0010383825610915665
709.0 0.0010778263458632864
710.0 0.0011103154974989593
711.0 0.001142804558185162
712.0 0.0011760572306229733
713.0 0.0012093099940102547
714.0 0.0013275735909701325
715.0 0.0014458373698289506
716.0 0.0014282629308581818
717.0 0.0014106889466347639
718.0 0.0015022960724309087
719.0 0.001593903471075464
720.0 0.0013801133718516212
721.0 0.0011663229997793678
722.0 0.0013473231774696615
723.0 0.0015283236280083656
724.0 0.0015250159776769578
725.0 0.0015217084182950202
726.0 0.001518538556410931
727.0 0.0015153686945268419
728.0 0.001641017479414586
729.0 0.0017666659914539196
730.0 0.001745657755236607
731.0 0.0017246495190192945
732.0 0.0016910260455915704
733.0 0.001657402935961727
734.0 0.0015611420167260803
735.0 0.0014648815522377845
736.0 0.001311867617914686
737.0 0.0011588535926421173
738.0 0.0010561018825683277
739.0 0.0009533498996461276
740.0 0.0009583097380527761
741.0 0.0009632694855099544
742.0 0.0010267890502291266
743.0 0.0010903088877967093
744.0 0.0010061661669169553
745.0 0.0009220238098350819
746.0 0.0008703294042788912
747.0 0.0008186350896721706
748.0 0.0008117014658637345
749.0 0.0008047680239542387
750.0 0.0008630132469988894
751.0 0.0009212585609930102
752.0 0.0008616601007815916
753.0 0.000802061640570173
754.0 0.000745490069675725
755.0 0.0006889183168823365
756.0 0.000730579540686449
757.0 0.0007722408554400317
758.0 0.0008074596735241357
759.0 0.0008426785825577099
760.0 0.0008270520083897281
761.0 0.0008114254342217464
762.0 0.0008359190360351931
763.0 0.0008604124559496995
764.0 0.0007045017355267191
765.0 0.0005485911060532089
766.0 0.0006193578883539885
767.0 0.0006901248070789734
768.0 0.0006193096851347946
769.0 0.0005484946086653508
770.0 0.0005642451469611842
771.0 0.0005799956852570176
772.0 0.000531172054252238
773.0 0.00048234833229798824
774.0 0.0005581041023106081
775.0 0.0006338599632726982
776.0 0.000626449173068977
777.0 0.0006190382464410504
778.0 0.00060936813497392
779.0 0.0005996981144562596
780.0 0.0006443071015382884
781.0 0.0006889161340950523
782.0 0.0005160207365406677
783.0 0.00034312542993575335
784.0 0.0003333865834065364
785.0 0.00032364780508942204
786.0 0.0004721930963569321
787.0 0.0006207385013112798
788.0 0.0005454570327856345
789.0 0.0004701754278357839
790.0 0.00038094844967417885
791.0 0.0002917215397246764
792.0 0.00030994656299299095
793.0 0.00032817160899867304
794.0 0.0003544753099049558
795.0 0.00038077901081123855
796.0 0.0004176746642770013
797.0 0.0004545704541669693
798.0 0.00035530952118278947
799.0 0.00025604863367334474
800.0 0.0002528519189581857
801.0 0.0002496552269803942
802.0 0.00035005839436053066
803.0 0.00045046153900329955
804.0 0.0004743219051306369
805.0 0.0004981822712579742
806.0 0.0004216025445202831
807.0 0.0003450227950452245
808.0 0.0004328991963120643
809.0 0.0005207755748415366
810.0 0.00048184397201112006
811.0 0.00044291227823123336
812.0 0.00035548971482057823
813.0 0.00026806712867255555
814.0 0.00032693183129595127
815.0 0.00038579651118197944
816.0 0.00041864400373015087
817.0 0.0004514914962783223
818.0 0.00043384138734836597
819.0 0.0004161913693678798
820.0 0.0003497152874842868
821.0 0.0002832393420248991
822.0 0.00043891777750104666
823.0 0.0005945962129771942
824.0 0.0004041411102662096
825.0 0.00021368600755522493
826.0 0.0003903831839124905
827.0 0.0005670803602697561
828.0 0.000429678493674146
829.0 0.00029227651339169824
830.0 0.00024688094981684117
831.0 0.00020148531802988146
832.0 0.00029181780973885907
833.0 0.0003821503014478367
834.0 0.00047244866436813027
835.0 0.0005627470727631589
836.0 0.00041381522351002786
837.0 0.00026488330604479415
838.0 0.00033398744108126266
839.0 0.0004030915988550987
840.0 0.00035498146644385997
841.0 0.00030687140224472387
842.0 0.00042647375266824383
843.0 0.0005460760348796612
844.0 0.0005595446964434814
845.0 0.0005730134034820367
846.0 0.00043296868170727976
847.0 0.0002929239371951553
848.0 0.00039430096876458265
849.0 0.0004956780685461126
850.0 0.0003612354475990287
851.0 0.00022679296307615004
852.0 0.0001472652797929186
853.0 6.773763630008034e-05
854.0 0.00012726081877190154
855.0 0.0001867839728220133
856.0 0.0003201814024578198
857.0 0.00045357887756836135
858.0 0.0004953802999807522
859.0 0.000537181722393143
860.0 0.00047290054681070615
861.0 0.0004086193712282693
862.0 0.0003565430688468041
863.0 0.00030446674372797133
864.0 0.00025724266379256733
865.0 0.00021001860659453087
866.0 0.0002837572537828237
867.0 0.0003574959009711165
868.0 0.0004222413735988084
869.0 0.00048698680075176526
870.0 0.00041514067561365664
871.0 0.0003432945959502831
872.0 0.00035075620417046594
873.0 0.0003582178806027514
874.0 0.0004359264949016506
875.0 0.0005136350864631822
876.0 0.0004340126906754449
877.0 0.0003543903176250751
878.0 0.0004446191724127857
879.0 0.0005348480499378638
880.0 0.0005066759058536263
881.0 0.00047850357987044845
882.0 0.0005477092599903699
883.0 0.0006169148036860861
884.0 0.0005239397978584748
885.0 0.00043096479203086346
886.0 0.000437186599810957
887.0 0.0004434084075910505
888.0 0.0005573394901148276
889.0 0.0006712705271638697
890.0 0.0006637464139203075
891.0 0.0006562222552020103
892.0 0.0006205292265804019
893.0 0.0005848361070093233
894.0 0.0005003071692044614
895.0 0.0004157781859248644
896.0 0.0004425030965649057
897.0 0.000469227961730212
898.0 0.0004836469088331796
899.0 0.0004980658559361473
900.0 0.00041624775803938974
901.0 0.00033442968287999975
902.0 0.00042037595449073706
903.0 0.0005063221124146366
904.0 0.00038709863474650774
905.0 0.00026787515707837883
