lsstCam/transmission_filter_detector/r41_s01/g_6/19700101T000000.ecsv
# %ECSV 1.0
# ---
# datatype:
# - {name: wavelength, unit: nm, datatype: float32}
# - {name: efficiency, unit: '%', datatype: float64}
# meta: !!omap
# - {MODE: DETECTOR}
# - {TYPE: transmission_filter_detector}
# - {CALIBDATE: '1970-01-01T00:00:00'}
# - {INSTRUME: LSSTCam}
# - {OBSTYPE: transmission_filter_detector}
# - {CALIBCLS: lsst.ip.isr.IntermediateFilterDetectorTransmissionCurve}
# - {SOURCE: Materion (DM-46256)}
# - {DETECTOR: 163}
# - {FILTER: g_6}
# - {CALIB_ID: 'calibDate=1970-01-01T00:00:00 filter=g_6 detector=163'}
# - {DATE: '2025-04-02T15:59:42.781615'}
# - {CALIB_CREATION_DATE: '2025-04-02'}
# - {CALIB_CREATION_TIME: '15:59:42'}
# - __serialized_columns__:
#     efficiency:
#       __class__: astropy.units.quantity.Quantity
#       unit: !astropy.units.Unit {unit: '%'}
#       value: !astropy.table.SerializedColumn {name: efficiency}
#     wavelength:
#       __class__: astropy.units.quantity.Quantity
#       unit: !astropy.units.Unit {unit: nm}
#       value: !astropy.table.SerializedColumn {name: wavelength}
# schema: astropy-2.0
wavelength efficiency
[from data line 607]
907.0 0.00033186092878167983
908.0 0.000343093461196986
909.0 0.0003543259936122922
910.0 0.0003691408892336767
911.0 0.0003839557848550612
912.0 0.00040734707908995915
913.0 0.0004307383733248571
914.0 0.0004685124622483272
915.0 0.0005062865511717973
916.0 0.0004082308350916719
917.0 0.0003101751190115465
918.0 0.00035434832170722075
919.0 0.0003985216153523652
920.0 0.0003881456905219238
921.0 0.0003777697202167474
922.0 0.00039738579289405607
923.0 0.0004170017746218946
924.0 0.0003951458893425297
925.0 0.00037328998132579727
926.0 0.00044593352868105285
927.0 0.0005185770078242058
928.0 0.0005223543666943442
929.0 0.0005261316800897475
930.0 0.0005228256668488029
931.0 0.0005195197445573285
932.0 0.0004887556315225083
933.0 0.000457991427538218
934.0 0.0005247667559160618
935.0 0.0005915420388191706
936.0 0.0005425049948826199
937.0 0.0004934679509460693
938.0 0.0005038586550654145
939.0 0.0005142494046594948
940.0 0.00045941105781821534
941.0 0.0004045727109769359
942.0 0.0004697020813182462
943.0 0.0005348314516595565
944.0 0.0005387375040299958
945.0 0.0005426434654509649
946.0 0.0006865743671369273
947.0 0.0008305052688228898
948.0 0.0006764264071534853
949.0 0.0005223475000093458
950.0 0.000564502533961786
951.0 0.0006066574314900208
952.0 0.0007936235306260642
953.0 0.0009805895388126373
954.0 0.0009508145922154654
955.0 0.0009210396456182934
956.0 0.0008192342647816986
957.0 0.0007174289748945739
958.0 0.00076756659836974
959.0 0.0008177043127943762
960.0 0.0007091660336300265
961.0 0.0006006277089909418
962.0 0.0005928053724346682
963.0 0.0005849829904036596
964.0 0.0005584727659879718
965.0 0.0005319624960975489
966.0 0.0006247059900488239
967.0 0.000717449529474834
968.0 0.0006561503596458351
969.0 0.0005948512807663064
970.0 0.0006204760666150833
971.0 0.0006461008524638601
972.0 0.0006676512839476345
973.0 0.000689201760906144
974.0 0.0006932840278750518
975.0 0.0006973663403186947
976.0 0.0007735522558505181
977.0 0.0008497381713823415
978.0 0.0008916787919588387
979.0 0.0009336193215858657
980.0 0.0008427938155364245
981.0 0.0007519684459111886
982.0 0.0008968268957687542
983.0 0.001041685482050525
984.0 0.0011971103958785534
985.0 0.0013525354916055221
986.0 0.0013139058864908293
987.0 0.001275276554224547
988.0 0.0012409254850354046
989.0 0.0012065742339473218
990.0 0.0013792847312288359
991.0 0.0015519948647124693
992.0 0.0015268729839590378
993.0 0.0015017510122561362
994.0 0.0015105720194696914
995.0 0.0015193930266832467
996.0 0.0014435822777159046
997.0 0.001367771710647503
998.0 0.0013544035937229637
999.0 0.0013410356586973649
1000.0 0.001349246667814441
1001.0 0.0013574578588304576
1002.0 0.0012440374121069908
1003.0 0.0011306170563329943
1004.0 0.0012237240298418328
1005.0 0.0013168310033506714
1006.0 0.0013145776392775588
1007.0 0.001312324184254976
1008.0 0.001294570120080607
1009.0 0.0012768159649567679
1010.0 0.0014195224139257334
1011.0 0.0015622292266925797
1012.0 0.0014814653695793822
1013.0 0.0014007014215167146
1014.0 0.0015776184227433987
1015.0 0.0017545356968184933
1016.0 0.001813596099964343
1017.0 0.0018726563212112524
1018.0 0.0020740004401886836
1019.0 0.0022753443772671744
1020.0 0.0024250810383819044
1021.0 0.0025748176994966343
1022.0 0.0029489785447367467
1023.0 0.003323139389976859
1024.0 0.0033739805076038465
1025.0 0.003424821261432953
1026.0 0.003667817509267479
1027.0 0.0039108133933041245
1028.0 0.004056838224641979
1029.0 0.004202863055979833
1030.0 0.004384920612210408
1031.0 0.004566978532238863
1032.0 0.004644200089387596
1033.0 0.004721421646536328
1034.0 0.004862036803388037
1035.0 0.005002651960239746
1036.0 0.0051915732910856605
1037.0 0.0053804942581336945
1038.0 0.005408543074736372
1039.0 0.005436591527541168
1040.0 0.0056347111240029335
1041.0 0.005832830720464699
1042.0 0.005939372567809187
1043.0 0.006045914415153675
1044.0 0.006266932177823037
1045.0 0.006487949576694518
1046.0 0.006800275878049433
1047.0 0.007112602179404348
1048.0 0.007626753358636051
1049.0 0.008140904537867755
1050.0 0.00927822184166871
1051.0 0.010415538417873904
1052.0 0.012143947969889268
1053.0 0.013872358249500394
1054.0 0.016463774954900146
1055.0 0.019055191660299897
1056.0 0.022928451653569937
1057.0 0.026801705826073885
1058.0 0.0323392276186496
1059.0 0.03787674650084227
1060.0 0.045170358498580754
1061.0 0.05246397340670228
1062.0 0.060525472508743405
1063.0 0.06858697743155062
1064.0 0.07748263888061047
1065.0 0.08637831779196858
1066.0 0.09478232241235673
1067.0 0.10318632703274488
1068.0 0.11140169808641076
1069.0 0.11961710406467319
1070.0 0.12866697506979108
1071.0 0.13771684607490897
1072.0 0.14733391581103206
1073.0 0.15695097390562296
1074.0 0.1670645782724023
1075.0 0.17717818263918161
1076.0 0.18735482590273023
1077.0 0.1975314924493432
1078.0 0.20669850055128336
1079.0 0.21586550865322351
1080.0 0.22704412695020437
1081.0 0.23822267539799213
1082.0 0.2511074300855398
1083.0 0.26399213820695877
1084.0 0.2836152911186218
1085.0 0.30323839746415615
1086.0 0.33321252558380365
1087.0 0.3631866304203868
1088.0 0.4052225034683943
1089.0 0.44725839979946613
1090.0 0.4962503910064697
1091.0 0.5452423822134733
1092.0 0.6137636955827475
1093.0 0.6822851486504078
1094.0 0.7643045857548714
1095.0 0.8463242091238499
1096.0 0.9119166061282158
1097.0 0.9775089100003242
1098.0 1.0403908789157867
1099.0 1.1032727546989918
1100.0 1.1985520832240582
1101.0 1.293831504881382
