lsstCam/transmission_filter_detector/r30_s20/z_20/19700101T000000.ecsv
# %ECSV 1.0
# ---
# datatype:
# - {name: wavelength, unit: nm, datatype: float32}
# - {name: efficiency, unit: '%', datatype: float64}
# meta: !!omap
# - {MODE: DETECTOR}
# - {TYPE: transmission_filter_detector}
# - {CALIBDATE: '1970-01-01T00:00:00'}
# - {INSTRUME: LSSTCam}
# - {OBSTYPE: transmission_filter_detector}
# - {CALIBCLS: lsst.ip.isr.IntermediateFilterDetectorTransmissionCurve}
# - {SOURCE: Materion (DM-46256)}
# - {DETECTOR: 123}
# - {FILTER: z_20}
# - {CALIB_ID: 'calibDate=1970-01-01T00:00:00 filter=z_20 detector=123'}
# - {DATE: '2025-04-02T15:59:49.209293'}
# - {CALIB_CREATION_DATE: '2025-04-02'}
# - {CALIB_CREATION_TIME: '15:59:49'}
# - __serialized_columns__:
#     efficiency:
#       __class__: astropy.units.quantity.Quantity
#       unit: !astropy.units.Unit {unit: '%'}
#       value: !astropy.table.SerializedColumn {name: efficiency}
#     wavelength:
#       __class__: astropy.units.quantity.Quantity
#       unit: !astropy.units.Unit {unit: nm}
#       value: !astropy.table.SerializedColumn {name: wavelength}
# schema: astropy-2.0
wavelength efficiency
[from data line 597]
897.0 98.8102912902832
898.0 98.63995909690857
899.0 98.14954996109009
900.0 98.71225953102112
901.0 98.80775809288025
902.0 99.12158250808716
903.0 98.51371645927429
904.0 97.60005474090576
905.0 97.90248274803162
906.0 97.63703346252441
907.0 98.45889806747437
908.0 97.98046946525574
909.0 97.61102795600891
910.0 97.70363569259644
911.0 96.37722373008728
912.0 95.0136661529541
913.0 94.0414547920227
914.0 91.119784116745
915.0 88.87907266616821
916.0 86.47595047950745
917.0 84.96417999267578
918.0 81.08606338500977
919.0 79.94002103805542
920.0 76.11035108566284
921.0 71.53159976005554
922.0 66.51334166526794
923.0 60.3285014629364
924.0 54.73225116729736
925.0 48.79408776760101
926.0 42.10747182369232
927.0 34.446004033088684
928.0 28.316083550453186
929.0 22.203731536865234
930.0 16.97002202272415
931.0 12.150789052248001
932.0 7.738333195447922
933.0 4.657310992479324
934.0 2.8183601796627045
935.0 1.6697896644473076
936.0 0.9809433482587337
937.0 0.6632493808865547
938.0 0.28810633812099695
939.0 0.22959786001592875
940.0 0.12813271023333073
941.0 0.07532663294114172
942.0 0.19032213604077697
943.0 0.14685773057863116
944.0 2.6922973399290395e-10
945.0 0.187053217086941
946.0 2.6922973399290395e-10
947.0 0.12519137235358357
948.0 2.6922973399290395e-10
949.0 0.0031416981073562056
950.0 0.0038214689993765205
951.0 2.6922973399290395e-10
952.0 0.014957544044591486
953.0 0.03853131493087858
954.0 2.6922973399290395e-10
955.0 2.6922973399290395e-10
956.0 2.6922973399290395e-10
957.0 0.022422087204176933
958.0 0.012669010902754962
959.0 2.6922973399290395e-10
960.0 0.12190877459943295
961.0 2.6922973399290395e-10
962.0 0.020520550606306642
963.0 2.6922973399290395e-10
964.0 2.6922973399290395e-10
965.0 2.6922973399290395e-10
966.0 2.6922973399290395e-10
967.0 2.6922973399290395e-10
968.0 2.6922973399290395e-10
969.0 2.6922973399290395e-10
970.0 2.6922973399290395e-10
971.0 2.6922973399290395e-10
972.0 2.6922973399290395e-10
973.0 0.04963412065990269
974.0 2.6922973399290395e-10
975.0 2.6922973399290395e-10
976.0 0.00583512410230469
977.0 0.005686091390089132
978.0 0.005537059769267216
979.0 0.005478727325680666
980.0 0.005420394518296234
981.0 0.005294359289109707
982.0 0.005168323332327418
983.0 0.004980704397894442
984.0 0.004793085463461466
985.0 0.004796351640834473
986.0 0.004799618182005361
987.0 0.004779034497914836
988.0 0.004758450813824311
989.0 0.0047020068450365216
990.0 0.004645562876248732
991.0 0.004357108991825953
992.0 0.004068655107403174
993.0 0.004302544039092027
994.0 0.004536432970780879
995.0 0.004334609911893494
996.0 0.00413278685300611
997.0 0.0041248236811952665
998.0 0.004116860145586543
999.0 0.004257369073457085
1000.0 0.004397878001327626
1001.0 0.004217296373099089
1002.0 0.004036714744870551
1003.0 0.004005317896371707
1004.0 0.003973921047872864
1005.0 0.003918194124707952
1006.0 0.0038624672015430406
1007.0 0.0038473415770567954
1008.0 0.00383221595257055
1009.0 0.003897717033396475
1010.0 0.0039632181142224
1011.0 0.0038656558899674565
1012.0 0.0037680940295103937
1013.0 0.0038917962228879333
1014.0 0.0040154987800633535
1015.0 0.003944951458834112
1016.0 0.0038744045014027506
1017.0 0.00401806173613295
1018.0 0.004161718970863149
1019.0 0.004005224764114246
1020.0 0.0038487309211632237
1021.0 0.0037846002669539303
1022.0 0.003720469248946756
1023.0 0.003959559035138227
1024.0 0.004198649185127579
1025.0 0.0041690105717862025
1026.0 0.004139371958444826
1027.0 0.00422050834458787
1028.0 0.004301644366933033
1029.0 0.004359156082500704
1030.0 0.004416667434270494
1031.0 0.004343566615716554
1032.0 0.004270465797162615
1033.0 0.004404400897328742
1034.0 0.004538335997494869
1035.0 0.004725720646092668
1036.0 0.004913104567094706
1037.0 0.004928181806462817
1038.0 0.004943258682033047
1039.0 0.004959502621204592
1040.0 0.0049757465603761375
1041.0 0.004761698437505402
1042.0 0.004547650314634666
1043.0 0.00480304952361621
1044.0 0.005058448732597753
1045.0 0.005317919931258075
1046.0 0.005577391493716277
1047.0 0.005470325049827807
1048.0 0.0053632593335350975
1049.0 0.005539097401197068
1050.0 0.0057149351050611585
1051.0 0.006087216388550587
1052.0 0.0064594976720400155
1053.0 0.006760862015653402
1054.0 0.0070622241764795035
1055.0 0.0068023357016500086
1056.0 0.006542446499224752
1057.0 0.0070060312282294035
1058.0 0.0074696188676171005
1059.0 0.007487071707146242
1060.0 0.007504524546675384
1061.0 0.008024711860343814
1062.0 0.008544898446416482
1063.0 0.00848041454446502
1064.0 0.008415932097705081
1065.0 0.008330134733114392
1066.0 0.008244337368523702
1067.0 0.008714335126569495
1068.0 0.009184333612211049
1069.0 0.009672294982010499
1070.0 0.010160254896618426
1071.0 0.009952585969585925
1072.0 0.009744917042553425
1073.0 0.009655771282268688
1074.0 0.00956662479438819
1075.0 0.010072944860439748
1076.0 0.010579262743704021
1077.0 0.011659003212116659
1078.0 0.012738743680529296
1079.0 0.011958504910580814
1080.0 0.01117826541303657
1081.0 0.012105196219636127
1082.0 0.013032127753831446
1083.0 0.013184288400225341
1084.0 0.01333644613623619
1085.0 0.013606014545075595
1086.0 0.013875585864298046
1087.0 0.014647502393927425
1088.0 0.015419418923556805
1089.0 0.014352236757986248
1090.0 0.013285060413181782
1091.0 0.015175601583905518
1092.0 0.017066142754629254
1093.0 0.0165274235769175
1094.0 0.015988704399205744
1095.0 0.016732771473471075
1096.0 0.017476837092544883
1097.0 0.018103815091308206
1098.0 0.018730790179688483
1099.0 0.01935512846102938
1100.0 0.019979463831987232
1101.0 0.021169387036934495
1102.0 0.022359308786690235
1103.0 0.02285412629134953
1104.0 0.023348945251200348
1105.0 0.02287742536282167
1106.0 0.022405902564059943
1107.0 0.024139706511050463
1108.0 0.025873511913232505
1109.0 0.026491962489672005
1110.0 0.027110413066111505
1111.0 0.02772927691694349
1112.0 0.028348140767775476
1113.0 0.028172231395728886
1114.0 0.027996322023682296
1115.0 0.02832015452440828
1116.0 0.02864398411475122
1117.0 0.028669871971942484
1118.0 0.02869575982913375
1119.0 0.030951033113524318
1120.0 0.03320630348753184
1121.0 0.03491813549771905
1122.0 0.036629970418289304
1123.0 0.03906107449438423
1124.0 0.04149217566009611
1125.0 0.0427177466917783
1126.0 0.04394332063384354
1127.0 0.043133291183039546
1128.0 0.04232326755300164
1129.0 0.046254435437731445
1130.0 0.05018560332246125
1131.0 0.0537732383236289
1132.0 0.05736087332479656
1133.0 0.05485250730998814
1134.0 0.052344141295179725
1135.0 0.06061181193217635
1136.0 0.06887948838993907
1137.0 0.07438579923473299
1138.0 0.07989211590029299
1139.0 0.08387975976802409
1140.0 0.087867391994223
1141.0 0.10109179420396686
1142.0 0.11431616730988026
1143.0 0.17755505396053195
1144.0 0.240793963894248
1145.0 0.5473342724144459
1146.0 0.8538744412362576
1147.0 1.243942603468895
1148.0 1.634010672569275
1149.0 1.6394710168242455
1150.0 1.6449304297566414
