lsstCam/transmission_filter_detector/r30_s20/z_20/19700101T000000.ecsv
# %ECSV 1.0
# ---
# datatype:
# - {name: wavelength, unit: nm, datatype: float32}
# - {name: efficiency, unit: '%', datatype: float64}
# meta: !!omap
# - {MODE: DETECTOR}
# - {TYPE: transmission_filter_detector}
# - {CALIBDATE: '1970-01-01T00:00:00'}
# - {INSTRUME: LSSTCam}
# - {OBSTYPE: transmission_filter_detector}
# - {CALIBCLS: lsst.ip.isr.IntermediateFilterDetectorTransmissionCurve}
# - {SOURCE: Materion (DM-46256)}
# - {DETECTOR: 123}
# - {FILTER: z_20}
# - {CALIB_ID: 'calibDate=1970-01-01T00:00:00 filter=z_20 detector=123'}
# - {DATE: '2025-04-02T15:59:49.209293'}
# - {CALIB_CREATION_DATE: '2025-04-02'}
# - {CALIB_CREATION_TIME: '15:59:49'}
# - __serialized_columns__:
#     efficiency:
#       __class__: astropy.units.quantity.Quantity
#       unit: !astropy.units.Unit {unit: '%'}
#       value: !astropy.table.SerializedColumn {name: efficiency}
#     wavelength:
#       __class__: astropy.units.quantity.Quantity
#       unit: !astropy.units.Unit {unit: nm}
#       value: !astropy.table.SerializedColumn {name: wavelength}
# schema: astropy-2.0
wavelength efficiency
300.0 0.42533972300589085
301.0 0.3486017696559429
302.0 0.27186383958905935
303.0 0.23522167466580868
304.0 0.198579509742558
305.0 0.17797243781387806
306.0 0.15736533096060157
307.0 0.15710795996710658
308.0 0.15685056569054723
309.0 0.14147061156108975
310.0 0.12609065743163228
311.0 0.11995394015684724
312.0 0.11381718795746565
313.0 0.10559058282524347
314.0 0.09736395440995693
315.0 0.08753546862863004
316.0 0.07770697702653706
317.0 0.07184825371950865
318.0 0.06598952459171414
319.0 0.06602653302252293
320.0 0.0660635472740978
321.0 0.06166583625599742
322.0 0.05726813105866313
323.0 0.054824043763801455
324.0 0.05237995646893978
325.0 0.050514773465693
326.0 0.048649596283212304
327.0 0.042302103247493505
328.0 0.03595461021177471
329.0 0.03447013150434941
330.0 0.032985652796924114
331.0 0.03315205394756049
332.0 0.03331845218781382
333.0 0.029242938035167754
334.0 0.025167420972138643
335.0 0.02525262243580073
336.0 0.025337820989079773
337.0 0.02079313708236441
338.0 0.016248458996415138
339.0 0.01759074511937797
340.0 0.01893303415272385
341.0 0.017495761858299375
342.0 0.0160584895638749
343.0 0.015194341540336609
344.0 0.01433019497198984
345.0 0.012919503205921501
346.0 0.011508811439853162
347.0 0.012761350080836564
348.0 0.01401389017701149
349.0 0.012761741527356207
350.0 0.01150958996731788
351.0 0.011492990597616881
352.0 0.011476392683107406
353.0 0.011331464338582009
354.0 0.011186538176843897
355.0 0.011204671318409964
356.0 0.011222805915167555
357.0 0.011140977585455403
358.0 0.011059150710934773
359.0 0.010774056863738224
360.0 0.010488963744137436
361.0 0.009852852235781029
362.0 0.009216741455020383
363.0 0.009492921526543796
364.0 0.009769098687684163
365.0 0.009834256343310699
366.0 0.00989941181614995
367.0 0.009235629840986803
368.0 0.008571847138227895
369.0 0.008834740583552048
370.0 0.009097636211663485
371.0 0.008473272464470938
372.0 0.007848910172469914
373.0 0.00787027893238701
374.0 0.007891646237112582
375.0 0.006525095523102209
376.0 0.005158544081496075
377.0 0.004874804653809406
378.0 0.0045910644985269755
379.0 0.0050876617024187
380.0 0.005584259270108305
381.0 0.005527747998712584
382.0 0.005471235635923222
383.0 0.004913609882351011
384.0 0.004355983401183039
385.0 0.004381954568088986
386.0 0.004407925734994933
387.0 0.004625386645784602
388.0 0.004842847920372151
389.0 0.004798205918632448
390.0 0.004753564280690625
391.0 0.004327722126618028
392.0 0.0039018796087475494
393.0 0.003731443575816229
394.0 0.0035610075428849086
395.0 0.0033109226933447644
396.0 0.0030608385714003816
397.0 0.003585639933589846
398.0 0.00411044129577931
399.0 0.004007426105090417
400.0 0.0039044109144015238
401.0 0.004559954322758131
402.0 0.005215498094912618
403.0 0.004596628059516661
404.0 0.003977758024120703
405.0 0.004022674693260342
406.0 0.0040675909986021
407.0 0.004631309639080428
408.0 0.005195029007154517
409.0 0.004452660141396336
410.0 0.003710292003233917
411.0 0.004357540819910355
412.0 0.005004789272788912
413.0 0.0056420089094899595
414.0 0.006279229273786768
415.0 0.005010865788790397
416.0 0.0037425023037940264
417.0 0.0027008276447304524
418.0 0.0016591531675658189
419.0 0.00253136513492791
420.0 0.003403577647986822
421.0 0.0028156713597127236
422.0 0.002227765253337566
423.0 0.002281167144246865
424.0 0.002334569398954045
425.0 0.0030158898880472407
426.0 0.0036972105590393767
427.0 0.00331001247104723
428.0 0.002922814746852964
429.0 0.002555236278567463
430.0 0.002187657810281962
431.0 0.002141894401574973
432.0 0.002096130992867984
433.0 0.0019631648683571257
434.0 0.001830198561947327
435.0 0.0027043535737902857
436.0 0.003578508403734304
437.0 0.002717399547691457
438.0 0.00185629069164861
439.0 0.0020502387997112237
440.0 0.002244187089672778
441.0 0.0024906421458581463
442.0 0.0027370975658413954
443.0 0.0026102372430614196
444.0 0.002483377102180384
445.0 0.0019524930394254625
446.0 0.0014216089766705409
447.0 0.001543504731671419
448.0 0.0016654004866722971
449.0 0.0021158553863642737
450.0 0.0025663102860562503
451.0 0.0019603026885306463
452.0 0.0013542950910050422
453.0 0.0017729869796312414
454.0 0.00219167850445956
455.0 0.002038211459876038
456.0 0.0018847445971914567
457.0 0.0013982714335725177
458.0 0.0009117980880546384
459.0 0.0012964480447408278
460.0 0.0016810981833259575
461.0 0.0014922234186087735
462.0 0.0013033488357905298
463.0 0.0013365314771363046
464.0 0.0013697141184820794
465.0 0.001286597762373276
466.0 0.001203481588163413
467.0 0.0011405877557990607
468.0 0.0010776936505862977
469.0 0.0012222735676914454
470.0 0.001366853484796593
471.0 0.0012186254025436938
472.0 0.0010703973202907946
473.0 0.0013470925296132918
474.0 0.0016237874660873786
475.0 0.0015426661775563844
476.0 0.0014615445252275094
477.0 0.001594960667716805
478.0 0.0017283768102061003
479.0 0.0018570737665868364
480.0 0.001985770904866513
481.0 0.0018017550246440805
482.0 0.0016177391444216482
483.0 0.0013196484360378236
484.0 0.0010215577276539989
485.0 0.0011522650311235338
486.0 0.0012829725164920092
487.0 0.0010643728273862507
488.0 0.0008457734111289028
489.0 0.000876357989909593
490.0 0.0009069428415386938
491.0 0.0012887724551546853
492.0 0.0016706018868717365
493.0 0.001853723733802326
494.0 0.002036845762631856
495.0 0.0017596101315575652
496.0 0.0014823745914327446
497.0 0.0015318893929361366
498.0 0.0015814042853889987
499.0 0.0016754871467128396
500.0 0.0017695701899356209
501.0 0.0016725882233004086
502.0 0.0015756064385641366
503.0 0.0011989737686235458
504.0 0.0008223413715313654
505.0 0.0014687925613543484
506.0 0.0021152432964299805
507.0 0.0017920965547091328
508.0 0.0014689491763419937
509.0 0.001404893282597186
510.0 0.0013408370250544976
511.0 0.0013227115232439246
512.0 0.0013045859304838814
513.0 0.0014765483683731873
514.0 0.0016485106243635528
515.0 0.0016110710930661298
516.0 0.0015736313798697665
517.0 0.0012460313882911578
518.0 0.0009184315786114894
519.0 0.0014223892321751919
520.0 0.0019263468857388943
521.0 0.0019750614228541963
522.0 0.002023776323767379
523.0 0.0020466328351176344
524.0 0.0020694888007710688
525.0 0.0013709490303881466
526.0 0.0006724093964294298
527.0 0.000939249548537191
528.0 0.0012060898370691575
529.0 0.0010903203474299517
530.0 0.0009745508577907458
531.0 0.0011366616490704473
532.0 0.0012987724403501488
533.0 0.0013467457392835058
534.0 0.0013947190382168628
535.0 0.0017161470168503001
536.0 0.002037575177382678
537.0 0.001866153434093576
538.0 0.0016947322365012951
539.0 0.0013138981557858642
540.0 0.0009330640750704333
541.0 0.0010427007509861141
542.0 0.0011523376088007353
543.0 0.0009038018106366508
544.0 0.000655265921523096
545.0 0.0011581064427446108
546.0 0.0016609468730166554
547.0 0.0013723331903747749
548.0 0.0010837195077328943
549.0 0.0018003624063567258
550.0 0.0025170054868794978
551.0 0.002155905713152606
552.0 0.0017948059394257143
553.0 0.0017154125089291483
554.0 0.0016360196241294034
555.0 0.0015826472008484416
556.0 0.0015292749594664201
557.0 0.0014926707081031054
558.0 0.0014560667295882013
559.0 0.0013731919352721889
560.0 0.0012903170500067063
561.0 0.0012768202395818662
562.0 0.0012633234291570261
563.0 0.0016896055967663415
564.0 0.002115887946274597
565.0 0.002000541462621186
566.0 0.001885195160866715
567.0 0.0020435081751202233
568.0 0.002201821371272672
569.0 0.0024055587346083485
570.0 0.0026092962798429653
571.0 0.002651719478308223
572.0 0.002694142676773481
573.0 0.0022786074623581953
574.0 0.0018630720660439692
575.0 0.001734604848024901
576.0 0.0016061376300058328
577.0 0.001683105801930651
578.0 0.0017600739738554694
579.0 0.0017922924598678946
580.0 0.0018245107639813796
581.0 0.0019680857803905383
582.0 0.002111660796799697
583.0 0.0018975353668793105
584.0 0.001683409936958924
585.0 0.0020257382857380435
586.0 0.0023680664526182227
587.0 0.002049709109996911
588.0 0.0017313517673755996
589.0 0.0018701872249948792
590.0 0.002009022864513099
591.0 0.0017314854630967602
592.0 0.001453947970730951
593.0 0.0012065532246197108
594.0 0.0009591583875590004
595.0 0.001034374872688204
596.0 0.0011095910849689972
597.0 0.0007424786417686846
598.0 0.00037536615309363697
599.0 0.0008209674888348673
600.0 0.0012665686881518923
601.0 0.0009884420251182746
602.0 0.0007103152256604517
603.0 0.0011869233276229352
604.0 0.001663531111262273
605.0 0.001499622067058226
606.0 0.001335712931904709
607.0 0.0009906571904139128
608.0 0.0006456015398725867
609.0 0.000591057505516801
610.0 0.0005365134711610153
611.0 0.0007543654646724463
612.0 0.0009722172762849368
613.0 0.0012158737263234798
614.0 0.0014595307220588438
615.0 0.001252584934263723
616.0 0.0010456389645696618
617.0 0.0015819934560568072
618.0 0.0021183483113418333
619.0 0.00176843095687218
620.0 0.0014185139662004076
621.0 0.0013747655430051964
622.0 0.001331017028860515
623.0 0.0013436589142656885
624.0 0.0013563006177719217
625.0 0.0015576228179270402
626.0 0.0017589445633348078
627.0 0.0019193790649296716
628.0 0.002079813384625595
629.0 0.002329448761884123
630.0 0.0025790839572437108
631.0 0.002635634155012667
632.0 0.0026921841708826832
633.0 0.0029672824894078076
634.0 0.0032423806260339916
635.0 0.0058732704928843305
636.0 0.00850416108733043
637.0 0.015531819371972233
638.0 0.022559479111805558
639.0 0.0199943344341591
640.0 0.017429189756512642
641.0 0.015149473620112985
642.0 0.012869757483713329
643.0 0.009395895904162899
644.0 0.005922034688410349
645.0 0.006036384002072737
646.0 0.006150733679533005
647.0 0.0057979799748864025
648.0 0.005445226634037681
649.0 0.004307094786781818
650.0 0.003168963667121716
651.0 0.0033197273296536878
652.0 0.0034704909921856597
653.0 0.002760891402431298
654.0 0.002051291630777996
655.0 0.002167349884985015
656.0 0.002283407957293093
657.0 0.002419981319690123
658.0 0.002556554500188213
659.0 0.0024264221792691387
660.0 0.0022962898583500646
661.0 0.0025438279408263043
662.0 0.0027913658414036036
663.0 0.0023269691155292094
664.0 0.0018625729353516363
665.0 0.0016970609067357145
666.0 0.0015315494238166139
667.0 0.0013306794244272169
668.0 0.0011298093340883497
669.0 0.001260416229342809
670.0 0.0013910233064962085
671.0 0.001152061940956628
672.0 0.0009131004844675772
673.0 0.0013731343642575666
674.0 0.001833168244047556
675.0 0.0014952021956560202
676.0 0.0011572361472644843
677.0 0.0012935516679135617
678.0 0.0014298672795121092
679.0 0.0015903953681117855
680.0 0.0017509237295598723
681.0 0.0017876240235636942
682.0 0.0018243248632643372
683.0 0.0023300692191696726
684.0 0.002835813575075008
685.0 0.002710169064812362
686.0 0.0025845247364486568
687.0 0.002559230233600829
688.0 0.002533935730753001
689.0 0.002540275272622239
690.0 0.0025466149963904172
691.0 0.0024131417376338504
692.0 0.0022796684788772836
693.0 0.002885249523387756
694.0 0.0034908305678982288
695.0 0.0036018605896970257
696.0 0.0037128906114958227
697.0 0.004019684638478793
698.0 0.0043264790292596444
699.0 0.005973317820462398
700.0 0.007620154065079987
701.0 0.007506286056013778
702.0 0.007392417319351807
703.0 0.006534297426696867
704.0 0.005676177897839807
705.0 0.004537645509117283
706.0 0.003399112756596878
707.0 0.003172722426825203
708.0 0.0029463324608514085
709.0 0.0035369128454476595
710.0 0.004127493593841791
711.0 0.0039689777622697875
712.0 0.0038104622944956645
713.0 0.0030465918825939298
714.0 0.0022827218344900757
715.0 0.002315076380909886
716.0 0.0023474309273296967
717.0 0.0021130112145328894
718.0 0.0018785911379382014
719.0 0.0017559439584147185
720.0 0.001633296960790176
721.0 0.002340066566830501
722.0 0.0030468365366687067
723.0 0.0027494623282109387
724.0 0.0024520881197531708
725.0 0.0018223761799163185
726.0 0.0011926644219784066
727.0 0.0014285033103078604
728.0 0.0016643421986373141
729.0 0.001489847545599332
730.0 0.00131535289256135
731.0 0.0009990204489440657
732.0 0.0006826880508015165
733.0 0.0011467057447589468
734.0 0.001610723847988993
735.0 0.0013176041647966485
736.0 0.0010244844816043042
737.0 0.0009006900654640049
738.0 0.0007768955583742354
739.0 0.001474687087466009
740.0 0.0021724787075072527
741.0 0.0014875464330543764
742.0 0.0008026139767025597
743.0 0.0012178779797977768
744.0 0.0016331419828929938
745.0 0.0019103628801531158
746.0 0.002187583959312178
747.0 0.002125940955011174
748.0 0.0020642981326091103
749.0 0.0028241207473911345
750.0 0.003583943544072099
751.0 0.0032660376746207476
752.0 0.002948131805169396
753.0 0.003038027170987334
754.0 0.003127922536805272
755.0 0.0028204518457641825
756.0 0.002512980609026272
757.0 0.0022655032807961106
758.0 0.0020180254068691283
759.0 0.00238225438806694
760.0 0.002746483005466871
761.0 0.00441610136476811
762.0 0.006085718632675707
763.0 0.005848530418006703
764.0 0.005611342203337699
765.0 0.005011560278944671
766.0 0.004411778718349524
767.0 0.004522609378909692
768.0 0.004633440403267741
769.0 0.005590750515693799
770.0 0.006548062083311379
771.0 0.005009916640119627
772.0 0.003471771560725756
773.0 0.0038721802411600947
774.0 0.004272588557796553
775.0 0.0377688993467018
776.0 2.6922973399290395e-10
777.0 2.6922973399290395e-10
778.0 2.6922973399290395e-10
779.0 0.09112640982493758
780.0 2.6922973399290395e-10
781.0 2.6922973399290395e-10
782.0 0.11832054005935788
783.0 2.6922973399290395e-10
784.0 0.0336673780111596
785.0 0.06232127780094743
786.0 0.14887084253132343
787.0 2.6922973399290395e-10
788.0 0.03219794016331434
789.0 2.6922973399290395e-10
790.0 2.6922973399290395e-10
791.0 2.6922973399290395e-10
792.0 2.6922973399290395e-10
793.0 0.010884079529205337
794.0 0.06537330336868763
795.0 0.07789327064529061
796.0 0.025346266920678318
797.0 0.11704566422849894
798.0 0.13618185184895992
799.0 0.2938191406428814
800.0 0.6375833414494991
801.0 1.0870705358684063
802.0 1.6638850793242455
803.0 2.4964192882180214
804.0 3.966613858938217
805.0 5.726214125752449
806.0 7.837627083063126
807.0 10.475295782089233
808.0 13.359877467155457
809.0 16.63617491722107
810.0 20.25603950023651
811.0 23.395608365535736
812.0 27.182674407958984
813.0 31.65300190448761
814.0 36.243271827697754
815.0 42.33184456825256
816.0 48.35854768753052
817.0 55.538249015808105
818.0 62.67662048339844
819.0 69.08055543899536
820.0 76.60126686096191
821.0 83.40890407562256
822.0 87.89302110671997
823.0 90.84993004798889
824.0 94.20130848884583
825.0 96.44638299942017
826.0 98.01509380340576
827.0 98.30740690231323
828.0 98.98905754089355
829.0 99.36304092407227
830.0 98.57275485992432
831.0 98.81437420845032
832.0 98.26728105545044
833.0 99.34313297271729
834.0 98.50258827209473
835.0 98.65654706954956
836.0 98.72032403945923
837.0 98.73265027999878
838.0 98.13833832740784
839.0 98.35922122001648
840.0 98.52038621902466
841.0 99.1895318031311
842.0 98.96457195281982
843.0 99.68600273132324
844.0 97.6605236530304
845.0 98.34887385368347
846.0 98.75268936157227
847.0 98.94105792045593
848.0 99.72609281539917
849.0 99.16066527366638
850.0 98.08862805366516
851.0 99.1208016872406
852.0 99.34191703796387
853.0 98.67179989814758
854.0 99.6195375919342
855.0 98.2884168624878
856.0 98.69779944419861
857.0 97.6675271987915
858.0 98.4194278717041
859.0 99.39784407615662
860.0 98.22192788124084
861.0 98.91941547393799
862.0 98.63443970680237
863.0 98.25429916381836
864.0 99.29956793785095
865.0 99.52053427696228
866.0 98.59828352928162
867.0 99.25575852394104
868.0 99.43158626556396
869.0 98.45178127288818
870.0 98.04059267044067
871.0 98.72415661811829
872.0 99.22109246253967
873.0 99.40052032470703
874.0 99.57881569862366
875.0 99.11500215530396
876.0 98.51825833320618
877.0 99.2962121963501
878.0 98.98689985275269
879.0 98.2617199420929
880.0 98.6549437046051
881.0 99.88570809364319
882.0 98.82519245147705
883.0 98.70502948760986
884.0 98.91554713249207
885.0 98.70291352272034
886.0 98.77796769142151
887.0 98.28342199325562
888.0 98.92538189888
889.0 99.49325323104858
890.0 98.17941784858704
891.0 99.31721091270447
892.0 98.56039881706238
893.0 98.63287210464478
894.0 98.22227358818054
895.0 99.2713212966919
