ts8/qe_curves/rtm-017_s20/19700101T000000.ecsv
# %ECSV 0.9
# ---
# datatype:
# - {name: amp_name, datatype: string}
# - {name: wavelength, unit: nm, datatype: float32}
# - {name: efficiency, unit: '%', datatype: float32}
# meta: !!omap
# - {MODE: AMP}
# - {TYPE: QE}
# - {CALIBDATE: '1970-01-01T00:00:00'}
# - {INSTRUME: TS8}
# - {OBSTYPE: qe_curves}
# - {DETECTOR: 213}
# - {PICKLEFILE: RaftRun11166.p}
# - {CALIB_ID: 'raftName=RTM-017 detectorName=S20 detector=213 calibDate=1970-01-01T00:00:00 ccd=213 ccdnum=213 filter=None'}
# - {DATE: '2020-01-23T22:57:44.082316'}
# - {CALIB_CREATION_DATE: '2020-01-23'}
# - {CALIB_CREATION_TIME: '22:57:44'}
# - __serialized_columns__:
#     efficiency:
#       __class__: astropy.units.quantity.Quantity
#       unit: !astropy.units.Unit {unit: '%'}
#       value: !astropy.table.SerializedColumn {name: efficiency}
#     wavelength:
#       __class__: astropy.units.quantity.Quantity
#       unit: !astropy.units.Unit {unit: nm}
#       value: !astropy.table.SerializedColumn {name: wavelength}
# schema: astropy-2.0
amp_name wavelength efficiency
C02 349.982 56.118603
C02 450.035 85.951775
C02 500.018 86.175186
C02 619.997 92.005394
C02 750.022 98.60231
C02 869.967 96.65198
C02 999.976 31.092102
C15 349.982 56.530613
C15 450.035 85.831406
C15 500.018 86.01103
C15 619.997 92.110435
C15 750.022 98.29217
C15 869.967 95.86202
C15 999.976 30.77484
C06 349.982 54.90884
C06 450.035 86.276146
C06 500.018 86.26087
C06 619.997 91.62605
C06 750.022 98.28101
C06 869.967 96.51379
C06 999.976 31.001081
C04 349.982 55.45516
C04 450.035 85.99926
C04 500.018 86.07525
C04 619.997 91.70748
C04 750.022 98.36307
C04 869.967 96.572044
C04 999.976 30.996738
C07 349.982 54.67162
C07 450.035 86.53869
C07 500.018 86.47539
C07 619.997 91.74272
C07 750.022 98.4549
C07 869.967 96.73394
C07 999.976 31.278534
C05 349.982 55.433582
C05 450.035 86.55053
C05 500.018 86.57663
C05 619.997 92.10952
C05 750.022 98.80213
C05 869.967 97.02849
C05 999.976 31.16087
C01 349.982 56.173203
C01 450.035 85.6432
C01 500.018 85.94921
C01 619.997 91.76464
C01 750.022 98.20242
C01 869.967 96.13537
C01 999.976 30.968744
C11 349.982 55.4467
C11 450.035 86.43361
C11 500.018 86.36619
C11 619.997 92.022285
C11 750.022 98.15317
C11 869.967 95.74982
C11 999.976 30.842335
C13 349.982 56.146935
C13 450.035 86.395485
C13 500.018 86.440994
C13 619.997 92.38034
C13 750.022 98.59937
C13 869.967 96.23261
C13 999.976 30.958971
C00 349.982 56.438126
C00 450.035 85.83769
C00 500.018 86.19402
C00 619.997 91.98692
C00 750.022 98.220985
C00 869.967 95.97991
C00 999.976 30.972605
C17 349.982 56.837543
C17 450.035 85.92947
C17 500.018 86.21449
C17 619.997 92.230965
C17 750.022 98.08871
C17 869.967 95.50133
C17 999.976 30.425217
C10 349.982 55.73114
C10 450.035 87.441864
C10 500.018 87.32346
C10 619.997 92.96128
C10 750.022 99.1719
C10 869.967 96.77634
C10 999.976 31.427042
C14 349.982 56.313076
C14 450.035 86.04283
C14 500.018 86.145355
C14 619.997 92.19407
C14 750.022 98.417
C14 869.967 96.06496
C14 999.976 30.945822
C16 349.982 56.798367
C16 450.035 85.94471
C16 500.018 86.20841
C16 619.997 92.294754
C16 750.022 98.380554
C16 869.967 95.898056
C16 999.976 30.656113
C03 349.982 55.84641
C03 450.035 86.04406
C03 500.018 86.18759
C03 619.997 91.94356
C03 750.022 98.59832
C03 869.967 96.770035
C03 999.976 31.108446
C12 349.982 55.656902
C12 450.035 86.26017
C12 500.018 86.24717
C12 619.997 92.04115
C12 750.022 98.21247
C12 869.967 95.82278
C12 999.976 30.82548
