lsstCam/transmission_filter_detector/r32_s21/z_20/19700101T000000.ecsv
# %ECSV 1.0
# ---
# datatype:
# - {name: wavelength, unit: nm, datatype: float32}
# - {name: efficiency, unit: '%', datatype: float64}
# meta: !!omap
# - {MODE: DETECTOR}
# - {TYPE: transmission_filter_detector}
# - {CALIBDATE: '1970-01-01T00:00:00'}
# - {INSTRUME: LSSTCam}
# - {OBSTYPE: transmission_filter_detector}
# - {CALIBCLS: lsst.ip.isr.IntermediateFilterDetectorTransmissionCurve}
# - {SOURCE: Materion (DM-46256)}
# - {DETECTOR: 142}
# - {FILTER: z_20}
# - {CALIB_ID: 'calibDate=1970-01-01T00:00:00 filter=z_20 detector=142'}
# - {DATE: '2025-04-02T15:59:49.297888'}
# - {CALIB_CREATION_DATE: '2025-04-02'}
# - {CALIB_CREATION_TIME: '15:59:49'}
# - __serialized_columns__:
#     efficiency:
#       __class__: astropy.units.quantity.Quantity
#       unit: !astropy.units.Unit {unit: '%'}
#       value: !astropy.table.SerializedColumn {name: efficiency}
#     wavelength:
#       __class__: astropy.units.quantity.Quantity
#       unit: !astropy.units.Unit {unit: nm}
#       value: !astropy.table.SerializedColumn {name: wavelength}
# schema: astropy-2.0
wavelength efficiency
300.0 0.3892855253070593
301.0 0.33300062641501427
302.0 0.2767157042399049
303.0 0.2312446478754282
304.0 0.18577359151095152
305.0 0.16859554452821612
306.0 0.15141748590394855
307.0 0.14484290732070804
308.0 0.13826832873746753
309.0 0.13404539786279202
310.0 0.1298224669881165
311.0 0.11714212596416473
312.0 0.1044617616571486
313.0 0.09648363920859993
314.0 0.08850550511851907
315.0 0.08359604980796576
316.0 0.07868659449741244
317.0 0.0743432086892426
318.0 0.06999982288107276
319.0 0.06640502833761275
320.0 0.06281023379415274
321.0 0.060193490935489535
322.0 0.05757674225606024
323.0 0.05552406655624509
324.0 0.05347138503566384
325.0 0.04922806401737034
326.0 0.04498474590945989
327.0 0.040865089977160096
328.0 0.0367454340448603
329.0 0.03756944497581571
330.0 0.03839345590677112
331.0 0.03604548692237586
332.0 0.03369751502759755
333.0 0.03000484430231154
334.0 0.026312173577025533
335.0 0.02536641259212047
336.0 0.024420651607215405
337.0 0.020045641576871276
338.0 0.015670631546527147
339.0 0.01713930396363139
340.0 0.01860797929111868
341.0 0.017303616914432496
342.0 0.015999255992937833
343.0 0.015526852803304791
344.0 0.015054451068863273
345.0 0.013748364290222526
346.0 0.012442274601198733
347.0 0.013017788296565413
348.0 0.013593303447123617
349.0 0.013618692173622549
350.0 0.01364408090012148
351.0 0.012441840954124928
352.0 0.011239604646107182
353.0 0.011426037235651165
354.0 0.011612471280386671
355.0 0.011644883488770574
356.0 0.011677295697154477
357.0 0.011467722652014345
358.0 0.011258148879278451
359.0 0.010729488712968305
360.0 0.01020082927425392
361.0 0.010131645103683695
362.0 0.010062462388304994
363.0 0.010110145376529545
364.0 0.010157828364754096
365.0 0.010042619396699592
366.0 0.00992741115624085
367.0 0.009310609311796725
368.0 0.008693806012161076
369.0 0.008791408617980778
370.0 0.008889011951396242
371.0 0.00868743663886562
372.0 0.00848586205393076
373.0 0.00814564700704068
374.0 0.007805430504959077
375.0 0.006561057671206072
376.0 0.005316685201250948
377.0 0.005087571480544284
378.0 0.00485845775983762
379.0 0.0051462480769259855
380.0 0.005434038757812232
381.0 0.005282646816340275
382.0 0.005131254511070438
383.0 0.004908307528239675
384.0 0.004685360181611031
385.0 0.004603182969731279
386.0 0.004521005394053645
387.0 0.0045736407628282905
388.0 0.0046262761316029355
389.0 0.0045258737372932956
390.0 0.004425471706781536
391.0 0.004015883678221144
392.0 0.003606296013458632
393.0 0.003687476782943122
394.0 0.0037686575524276122
395.0 0.0036114124668529257
396.0 0.00345416774507612
397.0 0.0037158093618927523
398.0 0.0039774513425072655
399.0 0.004053118027513847
400.0 0.004128784712520428
401.0 0.0049437134293839335
402.0 0.00575864251004532
403.0 0.00539797474630177
404.0 0.005037306982558221
405.0 0.00440106050518807
406.0 0.003764813664020039
407.0 0.003793937503360212
408.0 0.0038230613427003846
409.0 0.00364490260835737
410.0 0.0034667446016101167
411.0 0.004289331627660431
412.0 0.005111918653710745
413.0 0.005155803955858573
414.0 0.005199689621804282
415.0 0.004736010305350646
416.0 0.004272331716492772
417.0 0.003296821887488477
418.0 0.0023213129679788835
419.0 0.0028260628823773004
420.0 0.0033308129786746576
421.0 0.002714795664360281
422.0 0.002098778531944845
423.0 0.002750418752839323
424.0 0.0034020591556327417
425.0 0.0035480497899698094
426.0 0.0036940407881047577
427.0 0.0031184379622573033
428.0 0.002542835136409849
429.0 0.0021806710719829425
430.0 0.0018185070075560361
431.0 0.0020067354853381403
432.0 0.002194964326918125
433.0 0.002281068555021193
434.0 0.0023671727831242606
435.0 0.0032423391530755907
436.0 0.004117505523026921
437.0 0.003026488957402762
438.0 0.0019354722098796628
439.0 0.0020176576072117314
440.0 0.0020998431864427403
441.0 0.001944275754794944
442.0 0.001788708323147148
443.0 0.0018641636415850371
444.0 0.0019396191419218667
445.0 0.0016168078218470328
446.0 0.0012939966836711392
447.0 0.0015641619029338472
448.0 0.0018343269402976148
449.0 0.002125180253642611
450.0 0.002416033203189727
451.0 0.002037133526755497
452.0 0.0016582338503212668
453.0 0.0023507185687776655
454.0 0.003043203105335124
455.0 0.002629871050885413
456.0 0.002216539178334642
457.0 0.0016819292795844376
458.0 0.001147319380834233
459.0 0.0013285082786751445
460.0 0.0015096973584149964
461.0 0.0012424991837178823
462.0 0.0009753010999702383
463.0 0.0011424091098888312
464.0 0.0013095170288579538
465.0 0.0013387849321588874
466.0 0.0013680525626114104
467.0 0.001238283766724635
468.0 0.001108514788938919
469.0 0.0012373943718557712
470.0 0.0013662742276210338
471.0 0.001230205725732958
472.0 0.0010941374057438225
473.0 0.00120527029139339
474.0 0.0013164030860934872
475.0 0.0013173373190511484
476.0 0.0013182713701098692
477.0 0.0011776435712818056
478.0 0.001037015772453742
479.0 0.0014124499102763366
480.0 0.0017878841390484013
481.0 0.0015288811482605524
482.0 0.0012698782484221738
483.0 0.0010813156222866382
484.0 0.0008927529052016325
485.0 0.0013551445590564981
486.0 0.001817536394810304
487.0 0.0014106149137660395
488.0 0.0010036933417723048
489.0 0.001059593432728434
490.0 0.0011154936146340333
491.0 0.0012980756764591206
492.0 0.0014806577382842079
493.0 0.001487151257606456
494.0 0.0014936445950297639
495.0 0.0014175821888784412
496.0 0.001341519964626059
497.0 0.0015732597603346221
498.0 0.001804999374144245
499.0 0.0019480368791846558
500.0 0.0020910743842250668
501.0 0.0017193440726259723
502.0 0.001347613761026878
503.0 0.0012382274690025952
504.0 0.0011288412679277826
505.0 0.001625421100470703
506.0 0.0021220004782662727
507.0 0.0018573797206045128
508.0 0.001592758962942753
509.0 0.0013953185771242715
510.0 0.00119787810035632
511.0 0.0011712607374647632
512.0 0.0011446429198258556
513.0 0.0014174154784996063
514.0 0.0016901880371733569
515.0 0.0016242882338701747
516.0 0.0015583887943648733
517.0 0.001259194868907798
518.0 0.0009600012162991334
519.0 0.0012948882613272872
520.0 0.0016297753973049112
521.0 0.0018195998563896865
522.0 0.002009424497373402
523.0 0.001595892354089301
524.0 0.0011823598470073193
525.0 0.0011793752491939813
526.0 0.001176390560431173
527.0 0.0012344853530521505
528.0 0.001292580236622598
529.0 0.0011235813872190192
530.0 0.0009545825378154404
531.0 0.0011653912224574015
532.0 0.0013761999980488326
533.0 0.0013974568901176099
534.0 0.001418713782186387
535.0 0.0016031410268624313
536.0 0.0017875683624879457
537.0 0.0016450831026304513
538.0 0.0015025982065708376
539.0 0.0011735813131963369
540.0 0.0008445644198218361
541.0 0.0010102048690896481
542.0 0.0011758450455090497
543.0 0.001009428160614334
544.0 0.0008430114576185588
545.0 0.0013753671737504192
546.0 0.0019077229808317497
547.0 0.0017037984434864484
548.0 0.0014998738151916768
549.0 0.001689079545030836
550.0 0.0018782853658194654
551.0 0.0017514705177745782
552.0 0.001624655669729691
553.0 0.0018516062482376583
554.0 0.002078557008644566
555.0 0.0018750544768408872
556.0 0.0016715519450372085
557.0 0.0013135757399140857
558.0 0.0009555995347909629
559.0 0.001181477364298189
560.0 0.0014073551938054152
561.0 0.0011499729225761257
562.0 0.0008925906513468362
563.0 0.0013032717106398195
564.0 0.0017139529518317431
565.0 0.001855734626587946
566.0 0.001997516483243089
567.0 0.0021153715351829305
568.0 0.002233226587122772
569.0 0.0024790477255010046
570.0 0.002724869227677118
571.0 0.0027017531465389766
572.0 0.0026786372472997755
573.0 0.0023936261641210876
574.0 0.0021086148990434594
575.0 0.0019460272596916184
576.0 0.0017834396203397773
577.0 0.0019118710042675957
578.0 0.0020403022062964737
579.0 0.002012649019889068
580.0 0.0019849956515827216
581.0 0.0019244125724071637
582.0 0.0018638294932316057
583.0 0.001715683720249217
584.0 0.0015675379472668283
585.0 0.0018918392015621066
586.0 0.0022161402739584446
587.0 0.0020078170564374886
588.0 0.0017994936570175923
589.0 0.0020449742805794813
590.0 0.0022904550860403106
591.0 0.001821553087211214
592.0 0.0013526510883821175
593.0 0.0012419125596352387
594.0 0.0011311739399388898
595.0 0.0009996590961236507
596.0 0.0008681440704094712
597.0 0.0007328497304115444
598.0 0.0005975553904136177
599.0 0.0007907679901109077
600.0 0.0009839804079092573
601.0 0.0008135231837513857
602.0 0.0006430658686440438
603.0 0.0011208830073883291
604.0 0.0015986999642336741
605.0 0.0011685957360896282
606.0 0.0007384911441477016
607.0 0.0008127029104798567
608.0 0.0008869147677614819
609.0 0.0007646860467502847
610.0 0.0006424573257390875
611.0 0.0010363895853515714
612.0 0.0014303215721156448
613.0 0.001323359629168408
614.0 0.0012163979590695817
615.0 0.0012408437214617152
616.0 0.0012652893929043785
617.0 0.0015363248166977428
618.0 0.001807360240491107
619.0 0.0017775553715182468
620.0 0.001747750684444327
621.0 0.0015478468412766233
622.0 0.0013479432709573302
623.0 0.0014406642549147364
624.0 0.0015333853298216127
625.0 0.0016696707461960614
626.0 0.00180595616257051
627.0 0.001862967292254325
628.0 0.0019199782400391996
629.0 0.001994997001020238
630.0 0.0020700155801023357
631.0 0.0021852361896890216
632.0 0.002300456981174648
633.0 0.0027641228371066973
634.0 0.0032277890568366274
635.0 0.005710122059099376
636.0 0.008192456880351529
637.0 0.015200435882434249
638.0 0.022208418522495776
639.0 0.019862933550029993
640.0 0.01751744857756421
641.0 0.015261351654771715
642.0 0.013005254731979221
643.0 0.00951738838921301
644.0 0.006029522774042562
645.0 0.006068583024898544
646.0 0.006107643275754526
647.0 0.005755749953095801
648.0 0.005403856994234957
649.0 0.004307784911361523
650.0 0.00321171319228597
651.0 0.003431982622714713
652.0 0.0036522520531434566
653.0 0.002974808376166038
654.0 0.002297364335390739
655.0 0.002393101021880284
656.0 0.0024888375264708884
657.0 0.002543054688430857
658.0 0.0025972718503908254
659.0 0.0024118116925819777
660.0 0.0022263513528741896
661.0 0.002423015575914178
662.0 0.0026196794351562858
663.0 0.002142635094060097
664.0 0.001665590752963908
665.0 0.0015452520528924651
666.0 0.0014249134437704924
667.0 0.0015052170056151226
668.0 0.0015855202946113423
669.0 0.0015022143998066895
670.0 0.0014189083231030963
671.0 0.001183081985800527
672.0 0.0009472556484979577
673.0 0.001262642126675928
674.0 0.0015780286048538983
675.0 0.0013898828001401853
676.0 0.001201736904477002
677.0 0.0014294268112280406
678.0 0.0016571168089285493
679.0 0.0015921154044917785
680.0 0.0015271140000550076
681.0 0.0017047204892151058
682.0 0.001882326978375204
683.0 0.0023833319573896006
684.0 0.0028843371183029376
685.0 0.0027643405701383017
686.0 0.0026443438400747254
687.0 0.002475672044965904
688.0 0.0023070000679581426
689.0 0.0021591740733128972
690.0 0.002011348078667652
691.0 0.0020554060029098764
692.0 0.002099463927152101
693.0 0.0024764782210695557
694.0 0.00285349233308807
695.0 0.0034193966712336987
696.0 0.003985301009379327
697.0 0.0038922415114939213
698.0 0.0037991820136085153
699.0 0.005559460987569764
700.0 0.007319739233935252
701.0 0.007249641930684447
702.0 0.007179546082625166
703.0 0.006445626786444336
704.0 0.005711708217859268
705.0 0.0047068453568499535
706.0 0.0037019832234364003
707.0 0.0034457745641702786
708.0 0.003189565904904157
709.0 0.0037071338738314807
710.0 0.004224701478960924
711.0 0.004163852281635627
712.0 0.0041030030843103305
713.0 0.003268961518188007
714.0 0.0024349203158635646
715.0 0.002422080797259696
716.0 0.002409241278655827
717.0 0.002280317494296469
718.0 0.0021513937099371105
719.0 0.001976660314539913
720.0 0.001801927101041656
721.0 0.0023242948373081163
722.0 0.002846662755473517
723.0 0.0026777204766403884
724.0 0.0025087783797062
725.0 0.002052023592113983
726.0 0.0015952688045217656
727.0 0.0014100402040639892
728.0 0.0012248114217072725
729.0 0.0012784244972863235
730.0 0.0013320373000169639
731.0 0.0011457007531134877
732.0 0.0009593642062100116
733.0 0.0012253521163074765
734.0 0.0014913400264049415
735.0 0.0012924488146381918
736.0 0.0010935577847703826
737.0 0.0013031979506195057
738.0 0.001512838207418099
739.0 0.0014771204405406024
740.0 0.0014414026736631058
741.0 0.0012773811249644496
742.0 0.0011133594853163231
743.0 0.0013166190001356881
744.0 0.0015198782421066426
745.0 0.001948108729266096
746.0 0.0023763392164255492
747.0 0.002319601844646968
748.0 0.0022628648366662674
749.0 0.002950759881059639
750.0 0.0036386551073519513
751.0 0.003106001895503141
752.0 0.0025733490474522114
753.0 0.002644443156896159
754.0 0.0027155372663401067
755.0 0.0024989587473100983
756.0 0.00228238022828009
757.0 0.0022717165848007426
758.0 0.002261052759422455
759.0 0.0024991675672936253
760.0 0.002737282011366915
761.0 0.0042934927478199825
762.0 0.005849704029969871
763.0 0.005447150397230871
764.0 0.005044596764491871
765.0 0.004577896470436826
766.0 0.004111195812583901
767.0 0.004221194103593007
768.0 0.004331191667006351
769.0 0.005065128061687574
770.0 0.0057990644563687965
771.0 0.00481563329230994
772.0 0.0038322017644532025
773.0 0.004039342456962913
774.0 0.004246483149472624
775.0 0.024388344900216907
776.0 1.587578809733592e-10
777.0 1.587578809733592e-10
778.0 1.587578809733592e-10
779.0 0.05504469736479223
780.0 0.09411343489773571
781.0 0.06017223349772394
782.0 1.587578809733592e-10
783.0 0.023967481683939695
784.0 0.038773188134655356
785.0 0.026441254885867238
786.0 0.06535081192851067
787.0 0.1227640314027667
788.0 0.12802035780623555
789.0 0.06818647379986942
790.0 0.03262907266616821
791.0 0.05353668238967657
792.0 0.030346523271873593
793.0 0.07686478784307837
794.0 1.587578809733592e-10
795.0 0.04218098183628172
796.0 0.0224442221224308
797.0 0.06354540819302201
798.0 0.08934045908972621
799.0 0.13443419011309743
800.0 0.20041391253471375
801.0 0.39552641101181507
802.0 0.48537016846239567
803.0 0.8660073392093182
804.0 1.3901314698159695
805.0 2.2295963019132614
806.0 3.447262942790985
807.0 5.2550505846738815
808.0 7.227856665849686
809.0 9.819939732551575
810.0 12.6326322555542
811.0 15.8625528216362
812.0 18.873728811740875
813.0 21.91307693719864
814.0 24.659578502178192
815.0 28.318434953689575
816.0 32.912853360176086
817.0 38.27756345272064
818.0 43.954601883888245
819.0 49.89618957042694
820.0 57.30081796646118
821.0 64.94863629341125
822.0 71.18358016014099
823.0 76.98201537132263
824.0 82.57185816764832
825.0 87.9678726196289
826.0 91.06826782226562
827.0 94.43056583404541
828.0 97.22851514816284
829.0 98.32505583763123
830.0 98.53674173355103
831.0 99.09331798553467
832.0 98.89544248580933
833.0 99.772709608078
834.0 98.26109409332275
835.0 99.32634830474854
836.0 99.32776689529419
837.0 99.31609034538269
838.0 98.4157919883728
839.0 98.99610877037048
840.0 98.66480231285095
841.0 99.59868788719177
842.0 99.67621564865112
843.0 99.70948100090027
844.0 98.71425032615662
845.0 98.6653208732605
846.0 98.98876547813416
847.0 98.57949614524841
848.0 99.82789754867554
849.0 98.52597713470459
850.0 98.18015098571777
851.0 99.18555617332458
852.0 98.90618920326233
853.0 98.45786690711975
854.0 100.04868507385254
855.0 98.30759167671204
856.0 98.94886612892151
857.0 98.1424629688263
858.0 98.79732728004456
859.0 99.56233501434326
860.0 98.74492883682251
861.0 98.97863864898682
862.0 98.77998232841492
863.0 98.47342371940613
864.0 99.23520088195801
865.0 99.54967498779297
866.0 98.53639006614685
867.0 99.55235719680786
868.0 99.6283233165741
869.0 98.95469546318054
870.0 98.22543859481812
871.0 98.95221590995789
872.0 99.12524223327637
873.0 99.08218383789062
874.0 99.6483862400055
875.0 99.0666925907135
876.0 99.0409255027771
877.0 99.65720176696777
878.0 99.39404129981995
879.0 98.82636666297913
880.0 98.54491949081421
881.0 100.05097389221191
882.0 99.24357533454895
883.0 98.90727996826172
884.0 99.26391839981079
885.0 99.15304183959961
886.0 98.9556074142456
887.0 98.63485097885132
888.0 99.20080900192261
889.0 99.53122138977051
890.0 98.09785485267639
891.0 99.3212342262268
892.0 98.78647327423096
893.0 98.71793389320374
894.0 97.98311591148376
895.0 99.52582716941833
896.0 99.23812747001648
