lsstCam/transmission_filter_detector/r32_s21/z_20/19700101T000000.ecsv
# %ECSV 1.0
# ---
# datatype:
# - {name: wavelength, unit: nm, datatype: float32}
# - {name: efficiency, unit: '%', datatype: float64}
# meta: !!omap
# - {MODE: DETECTOR}
# - {TYPE: transmission_filter_detector}
# - {CALIBDATE: '1970-01-01T00:00:00'}
# - {INSTRUME: LSSTCam}
# - {OBSTYPE: transmission_filter_detector}
# - {CALIBCLS: lsst.ip.isr.IntermediateFilterDetectorTransmissionCurve}
# - {SOURCE: Materion (DM-46256)}
# - {DETECTOR: 142}
# - {FILTER: z_20}
# - {CALIB_ID: 'calibDate=1970-01-01T00:00:00 filter=z_20 detector=142'}
# - {DATE: '2025-04-02T15:59:49.297888'}
# - {CALIB_CREATION_DATE: '2025-04-02'}
# - {CALIB_CREATION_TIME: '15:59:49'}
# - __serialized_columns__:
#     efficiency:
#       __class__: astropy.units.quantity.Quantity
#       unit: !astropy.units.Unit {unit: '%'}
#       value: !astropy.table.SerializedColumn {name: efficiency}
#     wavelength:
#       __class__: astropy.units.quantity.Quantity
#       unit: !astropy.units.Unit {unit: nm}
#       value: !astropy.table.SerializedColumn {name: wavelength}
# schema: astropy-2.0
wavelength efficiency
[from data line 598]
898.0 98.77051115036011
899.0 98.75853657722473
900.0 98.95439147949219
901.0 99.0317165851593
902.0 99.22435283660889
903.0 98.8274872303009
904.0 97.9022204875946
905.0 98.41768145561218
906.0 98.28590750694275
907.0 98.90328049659729
908.0 98.18008542060852
909.0 98.32376837730408
910.0 97.96826839447021
911.0 96.91726565361023
912.0 96.08727097511292
913.0 95.10068893432617
914.0 92.46378540992737
915.0 90.1548683643341
916.0 88.31102848052979
917.0 86.85696721076965
918.0 83.07480812072754
919.0 82.0051908493042
920.0 79.26235795021057
921.0 75.5797266960144
922.0 71.3467538356781
923.0 65.51093459129333
924.0 59.807586669921875
925.0 54.449111223220825
926.0 48.404741287231445
927.0 41.83770716190338
928.0 35.831859707832336
929.0 29.82020378112793
930.0 24.057066440582275
931.0 19.044142961502075
932.0 13.340595364570618
933.0 9.040860831737518
934.0 5.73028177022934
935.0 3.5567767918109894
936.0 2.179202623665333
937.0 1.3558228500187397
938.0 0.6454359740018845
939.0 0.39519048295915127
940.0 0.3510731505230069
941.0 0.16439862083643675
942.0 0.09528548107482493
943.0 1.587578809733592e-10
944.0 0.14583057491108775
945.0 0.05140785942785442
946.0 1.587578809733592e-10
947.0 0.0715307891368866
948.0 1.587578809733592e-10
949.0 0.038847565883770585
950.0 1.587578809733592e-10
951.0 0.024714251048862934
952.0 1.587578809733592e-10
953.0 1.587578809733592e-10
954.0 0.16205747378990054
955.0 0.005171753218746744
956.0 1.587578809733592e-10
957.0 0.054745806846767664
958.0 1.587578809733592e-10
959.0 0.05926849553361535
960.0 1.587578809733592e-10
961.0 0.018450195784680545
962.0 1.587578809733592e-10
963.0 1.587578809733592e-10
964.0 0.07747414638288319
965.0 1.587578809733592e-10
966.0 1.587578809733592e-10
967.0 0.1037097885273397
968.0 1.587578809733592e-10
969.0 0.023118995886761695
970.0 1.587578809733592e-10
971.0 1.587578809733592e-10
972.0 1.587578809733592e-10
973.0 0.014698271115776151
974.0 1.587578809733592e-10
975.0 1.587578809733592e-10
976.0 0.006148606917122379
977.0 0.00607762485742569
978.0 0.006006643889122643
979.0 0.005889417661819607
980.0 0.0057721914345165715
981.0 0.005679684181814082
982.0 0.0055871769291115925
983.0 0.005406108539318666
984.0 0.005225040149525739
985.0 0.005149262869963422
986.0 0.005073485954198986
987.0 0.005041666008764878
988.0 0.00500984642712865
989.0 0.004960402293363586
990.0 0.004910957795800641
991.0 0.004773367254529148
992.0 0.004635777077055536
993.0 0.004714443639386445
994.0 0.004793110565515235
995.0 0.004591496326611377
996.0 0.0043898820877075195
997.0 0.004465048914426006
998.0 0.004540216104942374
999.0 0.004637552410713397
1000.0 0.00473488871648442
1001.0 0.004496058318181895
1002.0 0.0042572279198793694
1003.0 0.004279030690668151
1004.0 0.004300833097659051
1005.0 0.004239449117449112
1006.0 0.004178065501037054
1007.0 0.004192235792288557
1008.0 0.00420640644733794
1009.0 0.004320994776207954
1010.0 0.004435583468875848
1011.0 0.004192076448816806
1012.0 0.003948569064959884
1013.0 0.004124701445107348
1014.0 0.004300833461456932
1015.0 0.004229641126585193
1016.0 0.004158448791713454
1017.0 0.0041981365939136595
1018.0 0.004237824396113865
1019.0 0.004304218964534812
1020.0 0.004370613896753639
1021.0 0.004287957563064992
1022.0 0.004205301229376346
1023.0 0.004398679084260948
1024.0 0.004592057302943431
1025.0 0.004373432602733374
1026.0 0.004154808266321197
1027.0 0.004463505683816038
1028.0 0.00477220346510876
1029.0 0.004712734516942874
1030.0 0.004653265932574868
1031.0 0.00460549199488014
1032.0 0.004557718420983292
1033.0 0.004715380782727152
1034.0 0.004873042780673131
1035.0 0.004950261063640937
1036.0 0.005027479346608743
1037.0 0.0052259354561101645
1038.0 0.005424391565611586
1039.0 0.00540926557732746
1040.0 0.005394139225245453
1041.0 0.005354477252694778
1042.0 0.005314815643941984
1043.0 0.005580597644438967
1044.0 0.005846380008733831
1045.0 0.005910791878704913
1046.0 0.005975203748675995
1047.0 0.005946990495431237
1048.0 0.00591877760598436
1049.0 0.006055197445675731
1050.0 0.006191617285367101
1051.0 0.006396252865670249
1052.0 0.006600887718377635
1053.0 0.006860410212539136
1054.0 0.007119931251509115
1055.0 0.007060572534101084
1056.0 0.007001213816693053
1057.0 0.007347322389250621
1058.0 0.007693432416999713
1059.0 0.007846277003409341
1060.0 0.00799912231741473
1061.0 0.008224500197684392
1062.0 0.008449878077954054
1063.0 0.008867373981047422
1064.0 0.00928486988414079
1065.0 0.009235892503056675
1066.0 0.009186912939185277
1067.0 0.009550806134939194
1068.0 0.009914697875501588
1069.0 0.009967118239728734
1070.0 0.010019536421168596
1071.0 0.01019200062728487
1072.0 0.010364464105805382
1073.0 0.010437783930683509
1074.0 0.010511103755561635
1075.0 0.010966705303872004
1076.0 0.01142230466939509
1077.0 0.011952672502957284
1078.0 0.01248304033651948
1079.0 0.012467078340705484
1080.0 0.012451116344891489
1081.0 0.013509397103916854
1082.0 0.014567677862942219
1083.0 0.01442044012947008
1084.0 0.014273200940806419
1085.0 0.014503912825603038
1086.0 0.014734624710399657
1087.0 0.01508284913143143
1088.0 0.015431073552463204
1089.0 0.015352662012446672
1090.0 0.015274251927621663
1091.0 0.016722430882509798
1092.0 0.01817061274778098
1093.0 0.01758629223331809
1094.0 0.017001973174046725
1095.0 0.017215960542671382
1096.0 0.01742994791129604
1097.0 0.019166125275660306
1098.0 0.020902304095216095
1099.0 0.021188425307627767
1100.0 0.021474545064847916
1101.0 0.022707095195073634
1102.0 0.023939645325299352
1103.0 0.02468713792040944
1104.0 0.025434634881094098
1105.0 0.024884656886570156
1106.0 0.02433468180242926
1107.0 0.0251939200097695
1108.0 0.02605315821710974
1109.0 0.02746584068518132
1110.0 0.028878526063635945
1111.0 0.029377819737419486
1112.0 0.029877116321586072
1113.0 0.029811199055984616
1114.0 0.029745278880000114
1115.0 0.029920219094492495
1116.0 0.03009515639860183
1117.0 0.03195213794242591
1118.0 0.03380911948624998
1119.0 0.03406809119042009
1120.0 0.03432705998420715
1121.0 0.03698515647556633
1122.0 0.039643250056542456
1123.0 0.040845421608537436
1124.0 0.042047593160532415
1125.0 0.043990128324367106
1126.0 0.045932657667435706
1127.0 0.04601884575095028
1128.0 0.04610503383446485
1129.0 0.051617203280329704
1130.0 0.057129369815811515
1131.0 0.05949941114522517
1132.0 0.06186945247463882
1133.0 0.060299597680568695
1134.0 0.05872973706573248
1135.0 0.06620308267883956
1136.0 0.07367643411271274
1137.0 0.07731934310868382
1138.0 0.080962257925421
1139.0 0.08703210041858256
1140.0 0.09310192544944584
1141.0 0.10989239672198892
1142.0 0.1266828621737659
1143.0 0.19984212704002857
1144.0 0.2730014733970165
1145.0 0.6248994264751673
1146.0 0.9767971932888031
1147.0 1.374769862741232
1148.0 1.772742159664631
1149.0 1.7507128417491913
1150.0 1.728682592511177
