lsstCam/transmission_filter_detector/r42_s00/z_20/19700101T000000.ecsv
# %ECSV 1.0
# ---
# datatype:
# - {name: wavelength, unit: nm, datatype: float32}
# - {name: efficiency, unit: '%', datatype: float64}
# meta: !!omap
# - {MODE: DETECTOR}
# - {TYPE: transmission_filter_detector}
# - {CALIBDATE: '1970-01-01T00:00:00'}
# - {INSTRUME: LSSTCam}
# - {OBSTYPE: transmission_filter_detector}
# - {CALIBCLS: lsst.ip.isr.IntermediateFilterDetectorTransmissionCurve}
# - {SOURCE: Materion (DM-46256)}
# - {DETECTOR: 171}
# - {FILTER: z_20}
# - {CALIB_ID: 'calibDate=1970-01-01T00:00:00 filter=z_20 detector=171'}
# - {DATE: '2025-04-02T15:59:49.434320'}
# - {CALIB_CREATION_DATE: '2025-04-02'}
# - {CALIB_CREATION_TIME: '15:59:49'}
# - __serialized_columns__:
#     efficiency:
#       __class__: astropy.units.quantity.Quantity
#       unit: !astropy.units.Unit {unit: '%'}
#       value: !astropy.table.SerializedColumn {name: efficiency}
#     wavelength:
#       __class__: astropy.units.quantity.Quantity
#       unit: !astropy.units.Unit {unit: nm}
#       value: !astropy.table.SerializedColumn {name: wavelength}
# schema: astropy-2.0
wavelength efficiency
[from data line 597]
897.0 99.00345206260681
898.0 98.83780479431152
899.0 98.52886199951172
900.0 98.80291223526001
901.0 98.98626208305359
902.0 99.14612770080566
903.0 98.79664182662964
904.0 97.87474870681763
905.0 98.50732088088989
906.0 98.07490110397339
907.0 98.95480275154114
908.0 98.20610284805298
909.0 98.18596243858337
910.0 98.07025194168091
911.0 96.81866765022278
912.0 95.99011540412903
913.0 95.0096070766449
914.0 92.5649106502533
915.0 90.15790224075317
916.0 87.86574602127075
917.0 86.52005791664124
918.0 83.03425908088684
919.0 82.03843832015991
920.0 78.99690866470337
921.0 75.34647583961487
922.0 70.89144587516785
923.0 65.04555344581604
924.0 59.65690612792969
925.0 54.022008180618286
926.0 48.02951514720917
927.0 41.23871624469757
928.0 35.26025712490082
929.0 28.977343440055847
930.0 23.461073637008667
931.0 18.261222541332245
932.0 12.794753909111023
933.0 8.534444868564606
934.0 5.5159542709589005
935.0 3.3372726291418076
936.0 1.9533326849341393
937.0 1.2867198325693607
938.0 0.6333904806524515
939.0 0.38072962779551744
940.0 0.23025295231491327
941.0 0.2415625611320138
942.0 0.10496177710592747
943.0 0.007589127199025825
944.0 0.08178902207873762
945.0 0.03404768940526992
946.0 0.056530936853960156
947.0 1.6119672870823498e-10
948.0 0.004726980114355683
949.0 0.08803435484878719
950.0 1.6119672870823498e-10
951.0 0.020207336638122797
952.0 1.6119672870823498e-10
953.0 0.029938665102235973
954.0 0.17136686947196722
955.0 1.6119672870823498e-10
956.0 1.6119672870823498e-10
957.0 1.6119672870823498e-10
958.0 0.003943361662095413
959.0 0.00985901351668872
960.0 0.008013185288291425
961.0 1.6119672870823498e-10
962.0 0.009129308455158025
963.0 1.6119672870823498e-10
964.0 0.03328169113956392
965.0 1.6119672870823498e-10
966.0 1.6119672870823498e-10
967.0 0.041486346162855625
968.0 1.6119672870823498e-10
969.0 0.005037134178564884
970.0 1.6119672870823498e-10
971.0 1.6119672870823498e-10
972.0 1.6119672870823498e-10
973.0 1.6119672870823498e-10
974.0 0.035467668203637004
975.0 1.6119672870823498e-10
976.0 0.006132829730631784
977.0 0.006035574915586039
978.0 0.005938320100540295
979.0 0.005750012132921256
980.0 0.005561704529100098
981.0 0.00551443881704472
982.0 0.005467173104989342
983.0 0.005317765680956654
984.0 0.005168358256923966
985.0 0.005134019374963827
986.0 0.005099680493003689
987.0 0.005015029455535114
988.0 0.00493037878186442
989.0 0.004861026172875427
990.0 0.004791673563886434
991.0 0.00467202698928304
992.0 0.0045523804146796465
993.0 0.004635588629753329
994.0 0.004718797208624892
995.0 0.0045753018639516085
996.0 0.0044318072468740866
997.0 0.004411026384332217
998.0 0.004390245157992467
999.0 0.004395033829496242
1000.0 0.004399822501000017
1001.0 0.004266967880539596
1002.0 0.004134113987674937
1003.0 0.004173578054178506
1004.0 0.004213042484479956
1005.0 0.004076041295775212
1006.0 0.003939040107070468
1007.0 0.003979448229074478
1008.0 0.004019856351078488
1009.0 0.0041537634388078
1010.0 0.004287670526537113
1011.0 0.0041447961848462
1012.0 0.0040019214793574065
1013.0 0.00402305340685416
1014.0 0.004044184970553033
1015.0 0.0040518749301554635
1016.0 0.004059564889757894
1017.0 0.004161092510912567
1018.0 0.00426261976826936
1019.0 0.004220560003886931
1020.0 0.004178500239504501
1021.0 0.004138336225878447
1022.0 0.004098171848454513
1023.0 0.00421267504862044
1024.0 0.004327178612584248
1025.0 0.00427262311859522
1026.0 0.004218067624606192
1027.0 0.004389457535580732
1028.0 0.0045608478103531525
1029.0 0.004561769310384989
1030.0 0.004562690810416825
1031.0 0.004564103073789738
1032.0 0.004565515337162651
1033.0 0.004650776099879295
1034.0 0.004736036862595938
1035.0 0.004843582064495422
1036.0 0.004951126538799144
1037.0 0.00502917064295616
1038.0 0.005107214383315295
1039.0 0.005135608444106765
1040.0 0.0051640021411003545
1041.0 0.005167275958228856
1042.0 0.005170549775357358
1043.0 0.005270006658975035
1044.0 0.005369464270188473
1045.0 0.0055872344091767445
1046.0 0.005805004184367135
1047.0 0.005729678014176898
1048.0 0.0056543514801887795
1049.0 0.005740362394135445
1050.0 0.005826373308082111
1051.0 0.005989201599732041
1052.0 0.006152030982775614
1053.0 0.006459437281591818
1054.0 0.006766844308003783
1055.0 0.0067764609411824495
1056.0 0.006786076846765354
1057.0 0.007095685577951372
1058.0 0.0074052950367331505
1059.0 0.007882400677772239
1060.0 0.008359507046407089
1061.0 0.008197779243346304
1062.0 0.00803605216788128
1063.0 0.0084729865193367
1064.0 0.00890992014319636
1065.0 0.008908226300263777
1066.0 0.008906532457331195
1067.0 0.009266750566894189
1068.0 0.00962696794886142
1069.0 0.009936831338563934
1070.0 0.010246693273074925
1071.0 0.01025604287860915
1072.0 0.010265392484143376
1073.0 0.010432800627313554
1074.0 0.010600210953271016
1075.0 0.011065091530326754
1076.0 0.011529972107382491
1077.0 0.011900527169927955
1078.0 0.012271081504877657
1079.0 0.012475100811570883
1080.0 0.012679118663072586
1081.0 0.01299018767895177
1082.0 0.013301256694830954
1083.0 0.013453929568640888
1084.0 0.013606600987259299
1085.0 0.014206576452124864
1086.0 0.014806554827373475
1087.0 0.01462717482354492
1088.0 0.014447796274907887
1089.0 0.015246693510562181
1090.0 0.016045592201408
1091.0 0.01630560145713389
1092.0 0.016565613623242825
1093.0 0.015987838560249656
1094.0 0.015410066407639533
1095.0 0.016513456648681313
1096.0 0.01761684543453157
1097.0 0.01877758331829682
1098.0 0.019938324112445116
1099.0 0.02030886389547959
1100.0 0.020679400768131018
1101.0 0.021809143072459847
1102.0 0.0229388868319802
1103.0 0.02292639692313969
1104.0 0.022913908469490707
1105.0 0.023949184105731547
1106.0 0.02498445683158934
1107.0 0.025403947802260518
1108.0 0.025823438772931695
1109.0 0.027647969545796514
1110.0 0.029472506139427423
1111.0 0.029276905115693808
1112.0 0.02908130409196019
1113.0 0.02883880806621164
1114.0 0.02859631204046309
1115.0 0.029307170188985765
1116.0 0.030018031247891486
1117.0 0.0316932681016624
1118.0 0.0333685107761994
1119.0 0.03438105923123658
1120.0 0.0353936105966568
1121.0 0.03832452348433435
1122.0 0.0412554363720119
1123.0 0.04096564662177116
1124.0 0.04067585978191346
1125.0 0.043136728345416486
1126.0 0.04559759108815342
1127.0 0.04533427709247917
1128.0 0.04507096309680492
1129.0 0.048311863793060184
1130.0 0.051552767399698496
1131.0 0.05511765484698117
1132.0 0.05868254811502993
1133.0 0.06006593466736376
1134.0 0.061449327040463686
1135.0 0.0666104257106781
1136.0 0.0717715302016586
1137.0 0.0760953058488667
1138.0 0.0804190756753087
1139.0 0.09024837636388838
1140.0 0.10007766541093588
1141.0 0.12842697324231267
1142.0 0.15677629271522164
1143.0 0.31091414857655764
1144.0 0.4650520160794258
1145.0 0.8897514082491398
1146.0 1.3144508004188538
1147.0 1.532076857984066
1148.0 1.7497025430202484
1149.0 1.8964439630508423
1150.0 2.0431846380233765
