lsstCam/transmission_filter_detector/r42_s00/z_20/19700101T000000.ecsv
# %ECSV 1.0
# ---
# datatype:
# - {name: wavelength, unit: nm, datatype: float32}
# - {name: efficiency, unit: '%', datatype: float64}
# meta: !!omap
# - {MODE: DETECTOR}
# - {TYPE: transmission_filter_detector}
# - {CALIBDATE: '1970-01-01T00:00:00'}
# - {INSTRUME: LSSTCam}
# - {OBSTYPE: transmission_filter_detector}
# - {CALIBCLS: lsst.ip.isr.IntermediateFilterDetectorTransmissionCurve}
# - {SOURCE: Materion (DM-46256)}
# - {DETECTOR: 171}
# - {FILTER: z_20}
# - {CALIB_ID: 'calibDate=1970-01-01T00:00:00 filter=z_20 detector=171'}
# - {DATE: '2025-04-02T15:59:49.434320'}
# - {CALIB_CREATION_DATE: '2025-04-02'}
# - {CALIB_CREATION_TIME: '15:59:49'}
# - __serialized_columns__:
#     efficiency:
#       __class__: astropy.units.quantity.Quantity
#       unit: !astropy.units.Unit {unit: '%'}
#       value: !astropy.table.SerializedColumn {name: efficiency}
#     wavelength:
#       __class__: astropy.units.quantity.Quantity
#       unit: !astropy.units.Unit {unit: nm}
#       value: !astropy.table.SerializedColumn {name: wavelength}
# schema: astropy-2.0
wavelength efficiency
300.0 0.40741395205259323
301.0 0.342259113676846
302.0 0.2771042753010988
303.0 0.23290524259209633
304.0 0.18870622152462602
305.0 0.18444196321070194
306.0 0.1801776816137135
307.0 0.1646266202442348
308.0 0.1490755588747561
309.0 0.1328249927610159
310.0 0.11657442664727569
311.0 0.11653820984065533
312.0 0.11650201631709933
313.0 0.10206303559243679
314.0 0.08762407233007252
315.0 0.08113241638056934
316.0 0.07464075461030006
317.0 0.07121989619918168
318.0 0.0677990319672972
319.0 0.06442685262300074
320.0 0.061054673278704286
321.0 0.059054954908788204
322.0 0.05705523653887212
323.0 0.05167835624888539
324.0 0.04630147886928171
325.0 0.045537095866166055
326.0 0.04477271577343345
327.0 0.04006567469332367
328.0 0.03535863070283085
329.0 0.03561726480256766
330.0 0.03587589890230447
331.0 0.0351580063579604
332.0 0.034440113813616335
333.0 0.03127793897874653
334.0 0.028115767054259777
335.0 0.025845901109278202
336.0 0.023576038074679673
337.0 0.021412770729511976
338.0 0.019249504839535803
339.0 0.018945948977489024
340.0 0.0186423902050592
341.0 0.01793492992874235
342.0 0.01722747110761702
343.0 0.017170526552945375
344.0 0.017113580543082207
345.0 0.01596808579051867
346.0 0.014822589582763612
347.0 0.01339728623861447
348.0 0.01197198434965685
349.0 0.012237433111295104
350.0 0.012502881872933358
351.0 0.012065150076523423
352.0 0.011627417552517727
353.0 0.0112375826574862
354.0 0.010847747762454674
355.0 0.010904979717452079
356.0 0.010962212400045246
357.0 0.01063681993400678
358.0 0.010311426740372553
359.0 0.009759671956999227
360.0 0.00920791644603014
361.0 0.009404354932485148
362.0 0.009600792691344395
363.0 0.009123263589572161
364.0 0.008645733032608405
365.0 0.00882905806065537
366.0 0.009012382361106575
367.0 0.00870885924086906
368.0 0.008405333937844262
369.0 0.008038670785026625
370.0 0.007672007632208988
371.0 0.008331047865794972
372.0 0.008990088099380955
373.0 0.00853618112159893
374.0 0.008082273416221142
375.0 0.0066992652136832476
376.0 0.005316257738741115
377.0 0.005280988989397883
378.0 0.005245720240054652
379.0 0.005286888699629344
380.0 0.005328057159204036
381.0 0.004846909723710269
382.0 0.0043657622882165015
383.0 0.004574819467961788
384.0 0.004783876647707075
385.0 0.004856419764109887
386.0 0.004928962516714819
387.0 0.004891969001619145
388.0 0.0048549758503213525
389.0 0.0046822951844660565
390.0 0.004509614882408641
391.0 0.004471640568226576
392.0 0.00443366625404451
393.0 0.004120949961361475
394.0 0.00380823366867844
395.0 0.003625928729888983
396.0 0.0034436241548974067
397.0 0.0035756369470618665
398.0 0.0037076504668220878
399.0 0.004050768257002346
400.0 0.004393886410980485
401.0 0.004976838317816146
402.0 0.005559790224651806
403.0 0.005230269744060934
404.0 0.00490074889967218
405.0 0.0047502617235295475
406.0 0.004599774183589034
407.0 0.004888796684099361
408.0 0.005177818820811808
409.0 0.004866298331762664
410.0 0.00455477784271352
411.0 0.004350065864855424
412.0 0.004145353886997327
413.0 0.0043178275518585
414.0 0.004490301580517553
415.0 0.004202227137284353
416.0 0.003914153057849035
417.0 0.0033025855373125523
418.0 0.002691018562472891
419.0 0.003152905628667213
420.0 0.0036147928767604753
421.0 0.0031108113034861162
422.0 0.002606830094009638
423.0 0.0027962685635429807
424.0 0.0029857073968742043
425.0 0.0029524991987273097
426.0 0.0029192911824793555
427.0 0.0026088475351571105
428.0 0.0022984038878348656
429.0 0.0019814984625554644
430.0 0.0016645932191750035
431.0 0.0018204284060630016
432.0 0.0019762634110520594
433.0 0.002172998028981965
434.0 0.0023697330107097514
435.0 0.0026104289645445533
436.0 0.002851125282177236
437.0 0.0026253082978655584
438.0 0.002399491313553881
439.0 0.00215014169953065
440.0 0.001900792085507419
441.0 0.0019394672563066706
442.0 0.0019781426090048626
443.0 0.0018024078599410132
444.0 0.001626673292776104
445.0 0.0018234173694509082
446.0 0.0020201614461257122
447.0 0.00227981017815182
448.0 0.002539458728278987
449.0 0.0021959089281153865
450.0 0.0018523589460528456
451.0 0.0016105246686493047
452.0 0.0013686903912457637
453.0 0.00203630916075781
454.0 0.0027039275664719753
455.0 0.0023638418497284874
456.0 0.0020237561329849996
457.0 0.0015234763850457966
458.0 0.0010231967280560639
459.0 0.001279994012293173
460.0 0.0015367913874797523
461.0 0.001427752613381017
462.0 0.0013187138392822817
463.0 0.0011527610695338808
464.0 0.00098680839073495
465.0 0.0013771747035207227
466.0 0.0017675409253570251
467.0 0.0015263003660948016
468.0 0.0012850597158831079
469.0 0.0010647673661878798
470.0 0.0008444750164926518
471.0 0.0010175276656809729
472.0 0.0011905802239198238
473.0 0.0013903786566515919
474.0 0.00159017708938336
475.0 0.0014814680071140174
476.0 0.0013727589248446748
477.0 0.001438687559129903
478.0 0.0015046162843646016
479.0 0.0017057114746421576
480.0 0.001906806937768124
481.0 0.001379186778649455
482.0 0.000851566710480256
483.0 0.00097874926723307
484.0 0.0011059316420869436
485.0 0.001339561367785791
486.0 0.0015731911844341084
487.0 0.0013170900274417363
488.0 0.0010609890523483045
489.0 0.001168850576505065
490.0 0.0012767121916112956
491.0 0.001271879045816604
492.0 0.0012670459000219125
493.0 0.0015837536921026185
494.0 0.0019004615751327947
495.0 0.0016473986761411652
496.0 0.001394335959048476
497.0 0.00115908587758895
498.0 0.0009238357961294241
499.0 0.0012141976185375825
500.0 0.0015045594409457408
501.0 0.0014020532034919597
502.0 0.0012995469660381787
503.0 0.001108618835132802
504.0 0.0009176907042274252
505.0 0.0012444398635125253
506.0 0.0015711888408986852
507.0 0.001464725846744841
508.0 0.0013582626706920564
509.0 0.0012848123333242256
510.0 0.0012113617231079843
511.0 0.0011921537407033611
512.0 0.0011729455763997976
513.0 0.001363188221148448
514.0 0.0015534307749476284
515.0 0.0013634423339681234
516.0 0.001173454165837029
517.0 0.001078916284313891
518.0 0.0009843786756391637
519.0 0.00141225164043135
520.0 0.0018401246052235365
521.0 0.0018305925550521351
522.0 0.0018210605048807338
523.0 0.0017305908841080964
524.0 0.0016401210814365186
525.0 0.0011362578334228601
526.0 0.0006323944944597315
527.0 0.0009245529327017721
528.0 0.0012167113709438127
529.0 0.0011907367479579989
530.0 0.001164762034022715
531.0 0.0013194171515351627
532.0 0.0014740724509465508
533.0 0.0012693922144535463
534.0 0.0010647118870110717
535.0 0.0014338371329358779
536.0 0.0018029626517090946
537.0 0.0017494914573035203
538.0 0.0016960204447968863
539.0 0.0013458704415825196
540.0 0.0009957204383681528
541.0 0.0011867870853166096
542.0 0.0013778534594166558
543.0 0.0010669601579138543
544.0 0.0007560667654615827
545.0 0.0013117401977069676
546.0 0.0018674136299523525
547.0 0.0019652090486488305
548.0 0.002063004285446368
549.0 0.002019233761529904
550.0 0.0019754632376134396
551.0 0.001668361437623389
552.0 0.0013612596376333386
553.0 0.0016281353964586742
554.0 0.0018950111552840099
555.0 0.0019348413843545131
556.0 0.0019746716134250164
557.0 0.00158591410581721
558.0 0.001197156416310463
559.0 0.0013862164450983983
560.0 0.0015752764738863334
561.0 0.001310120933339931
562.0 0.0010449651199451182
563.0 0.0012384909496176988
564.0 0.0014320168702397496
565.0 0.0017125250451499596
566.0 0.0019930330381612293
567.0 0.002280770604556892
568.0 0.002568507807154674
569.0 0.0026755709768622182
570.0 0.002782633964670822
571.0 0.0026660409275791608
572.0 0.0025494478904874995
573.0 0.002356709592277184
574.0 0.0021639711121679284
575.0 0.002016608414123766
576.0 0.0018692457160796039
577.0 0.0019212051483918913
578.0 0.0019731643988052383
579.0 0.0018021653886535205
580.0 0.0016311663785018027
581.0 0.0015740357412141748
582.0 0.0015169053767749574
583.0 0.0015283252650988288
584.0 0.0015397452443721704
585.0 0.0018002525393967517
586.0 0.002060759470623452
587.0 0.0020369910998851992
588.0 0.0020132227291469462
589.0 0.0020370200218167156
590.0 0.0020608174963854253
591.0 0.0018344851923757233
592.0 0.0016081530702649616
593.0 0.0015508099750149995
594.0 0.0014934668797650374
595.0 0.001128792246163357
596.0 0.0007641175216122065
597.0 0.0008444847480859607
598.0 0.000924851974559715
599.0 0.0009270428563468158
600.0 0.0009292336471844465
601.0 0.0007460462711605942
602.0 0.0005628588951367419
603.0 0.0008792645530775189
604.0 0.0011956701200688258
605.0 0.0011409872968215495
606.0 0.0010863042007258628
607.0 0.0009210866664943751
608.0 0.0007558692232123576
609.0 0.0007444649781973567
610.0 0.0007330608241318259
611.0 0.0008806338883005083
612.0 0.0010282069524691906
613.0 0.0009703636351332534
614.0 0.0009125203177973162
615.0 0.0010734573152149096
616.0 0.0012343942216830328
617.0 0.001388052351103397
618.0 0.0015417104805237614
619.0 0.001566390710650012
620.0 0.0015910709407762624
621.0 0.001445785255782539
622.0 0.0013004994798393454
623.0 0.0012926165254611988
624.0 0.0012847337529819924
625.0 0.0014532593922922388
626.0 0.001621784940653015
627.0 0.0019457089365459979
628.0 0.002269632932438981
629.0 0.0021422572899609804
630.0 0.0020148814655840397
631.0 0.0021023564841016196
632.0 0.0021898315026191995
633.0 0.002706416489672847
634.0 0.0032230014767264947
635.0 0.005881911420146935
636.0 0.008540822454961017
637.0 0.015636972966603935
638.0 0.022733125661034137
639.0 0.020030650193803012
640.0 0.017328177636954933
641.0 0.015009325579740107
642.0 0.01269047352252528
643.0 0.009187123214360327
644.0 0.0056837739975890145
645.0 0.005819209400215186
646.0 0.005954644802841358
647.0 0.005675338979926892
648.0 0.005396033520810306
649.0 0.004273624290362932
650.0 0.0031512150599155575
651.0 0.0033108226489275694
652.0 0.0034704298741417006
653.0 0.0028810884032282047
654.0 0.002291746932314709
655.0 0.0022201524188858457
656.0 0.002148558087355923
657.0 0.0021864241716684774
658.0 0.002224290255981032
659.0 0.0022352020096150227
660.0 0.0022461137632490136
661.0 0.0023082835468812846
662.0 0.002370453512412496
663.0 0.0019106719264527783
664.0 0.0014508901585941203
665.0 0.0014772812392038759
666.0 0.0015036724107631017
667.0 0.0014935881154087838
668.0 0.0014835040019534063
669.0 0.0014866886886011343
670.0 0.001489873193349922
671.0 0.0012383232387946919
672.0 0.0009867731932899915
673.0 0.001240745677932864
674.0 0.001494718344474677
675.0 0.0013527946975955274
676.0 0.0012108709597669076
677.0 0.0013945917089586146
678.0 0.0015783123672008514
679.0 0.001946144038811326
680.0 0.002313975892320741
681.0 0.0020680241505033337
682.0 0.0018220725905848667
683.0 0.0022430815079133026
684.0 0.0026640907890396193
685.0 0.0025747885956661776
686.0 0.002485486402292736
687.0 0.0024561513782828115
688.0 0.0024268165361718275
689.0 0.0023827500626794063
690.0 0.0023386839529848658
691.0 0.002405741179245524
692.0 0.0024727984055061825
693.0 0.002884025889215991
694.0 0.003295253191026859
695.0 0.0035114233469357714
696.0 0.003727593139046803
697.0 0.0035716679121833295
698.0 0.0034157419577240944
699.0 0.005059754039393738
700.0 0.006703766121063381
701.0 0.006806937017245218
702.0 0.006910110096214339
703.0 0.006267263233894482
704.0 0.005624418190564029
705.0 0.00467201134597417
706.0 0.0037196059565758333
707.0 0.003506412758724764
708.0 0.0032932195608736947
709.0 0.003866409679176286
710.0 0.004439599797478877
711.0 0.003980505425715819
712.0 0.003521411053952761
713.0 0.00276943883363856
714.0 0.0020174669771222398
715.0 0.002224861236754805
716.0 0.00243225549638737
717.0 0.0022219441234483384
718.0 0.002011632750509307
719.0 0.0018910022845375352
720.0 0.0017703720004647039
721.0 0.0018563670892035589
722.0 0.0019423623598413542
723.0 0.0021298024876159616
724.0 0.0023172424334916286
725.0 0.002169664549001027
726.0 0.0020220863007125445
727.0 0.002024018431256991
728.0 0.0020259505618014373
729.0 0.0018543983969721012
730.0 0.001682846232142765
731.0 0.0014186538464855403
732.0 0.0011544616427272558
733.0 0.0013866946574125905
734.0 0.001618927672097925
735.0 0.0014228452528186608
736.0 0.0012267629244888667
737.0 0.0012925795090268366
738.0 0.0013583960026153363
739.0 0.0014501317309623118
740.0 0.0015418670955114067
741.0 0.0015125927347980905
742.0 0.0014833179193374235
743.0 0.0016032741768867709
744.0 0.0017232301615877077
745.0 0.0018669297787710093
746.0 0.002010629395954311
747.0 0.0020225937987561338
748.0 0.0020345582015579566
749.0 0.0027611677069216967
750.0 0.0034877772122854367
751.0 0.003371525599504821
752.0 0.0032552736229263246
753.0 0.003064170232391916
754.0 0.002873067023756448
755.0 0.0027120640879729763
756.0 0.0025510611521895044
757.0 0.002602673521323595
758.0 0.0026542860723566264
759.0 0.0028289367037359625
760.0 0.0030035871532163583
761.0 0.004511533188633621
762.0 0.006019479769747704
763.0 0.0057925204600906
764.0 0.005565560422837734
765.0 0.0050080772780347615
766.0 0.004450593041838147
767.0 0.004255364910932258
768.0 0.004060136052430607
769.0 0.004626514055416919
770.0 0.0051928916946053505
771.0 0.004335277481004596
772.0 0.003477663267403841
773.0 0.0036458139220485464
774.0 0.003813964212895371
775.0 0.0564143352676183
776.0 1.6119672870823498e-10
777.0 0.027902322472073138
778.0 1.6119672870823498e-10
779.0 0.09481996530666947
780.0 0.023442528618033975
781.0 0.008273774437839165
782.0 0.026386260287836194
783.0 1.6119672870823498e-10
784.0 0.02924521395470947
785.0 1.6119672870823498e-10
786.0 1.6119672870823498e-10
787.0 0.0280466687399894
788.0 0.019743239681702107
789.0 1.6119672870823498e-10
790.0 0.036466727033257484
791.0 0.016490225971210748
792.0 0.04770720552187413
793.0 0.06425008177757263
794.0 0.033030472695827484
795.0 0.015053887909743935
796.0 1.6119672870823498e-10
797.0 0.2084085252135992
798.0 0.16145972767844796
799.0 0.10357422288507223
800.0 0.15718957874923944
801.0 0.44501652009785175
802.0 0.6454700138419867
803.0 1.114894449710846
804.0 1.827511005103588
805.0 2.917155995965004
806.0 4.328596219420433
807.0 6.3720181584358215
808.0 8.512422442436218
809.0 11.302325129508972
810.0 14.473246037960052
811.0 17.674505710601807
812.0 20.581114292144775
813.0 23.72838407754898
814.0 26.54978334903717
815.0 31.114161014556885
816.0 36.1697256565094
817.0 41.831523180007935
818.0 47.82797992229462
819.0 54.1137158870697
820.0 61.60159111022949
821.0 69.44608092308044
822.0 75.26768445968628
823.0 80.80684542655945
824.0 85.91426014900208
825.0 90.8437728881836
826.0 93.5056984424591
827.0 96.10393643379211
828.0 97.78326749801636
829.0 98.84161353111267
830.0 98.83542060852051
831.0 99.39723014831543
832.0 98.58349561691284
833.0 99.54660534858704
834.0 98.55197072029114
835.0 99.14743900299072
836.0 99.10301566123962
837.0 99.20098781585693
838.0 98.23726415634155
839.0 98.36006164550781
840.0 98.60346913337708
841.0 99.65302348136902
842.0 99.47295188903809
843.0 99.88981485366821
844.0 98.3293890953064
845.0 98.51577877998352
846.0 99.04040098190308
847.0 98.8546371459961
848.0 99.82342720031738
849.0 98.62105250358582
850.0 98.31628203392029
851.0 99.51696991920471
852.0 99.08462166786194
853.0 98.6628770828247
854.0 99.79953169822693
855.0 98.17423224449158
856.0 99.19430613517761
857.0 97.68445491790771
858.0 98.84394407272339
859.0 99.63414072990417
860.0 98.78313541412354
861.0 99.01873469352722
862.0 98.82389307022095
863.0 98.29294085502625
864.0 99.51683282852173
865.0 99.58363771438599
866.0 99.05990958213806
867.0 99.24690127372742
868.0 99.81345534324646
869.0 98.90477657318115
870.0 98.20387363433838
871.0 98.79115223884583
872.0 99.39718842506409
873.0 99.0795373916626
874.0 99.60408210754395
875.0 99.08192753791809
876.0 99.09383654594421
877.0 99.65879917144775
878.0 99.44673776626587
879.0 98.79564642906189
880.0 98.71362447738647
881.0 100.2179741859436
882.0 98.94294738769531
883.0 98.65655303001404
884.0 99.19009804725647
885.0 99.06827807426453
886.0 98.70250225067139
887.0 98.80613684654236
888.0 99.09688234329224
889.0 99.38387870788574
890.0 98.11213612556458
891.0 99.46950674057007
892.0 98.79004955291748
893.0 98.56441020965576
894.0 98.08174967765808
895.0 99.39742684364319
