ts8/qe_curve/rtm-009_s20/19700101T000000.ecsv
# %ECSV 0.9
# ---
# datatype:
# - {name: amp_name, datatype: string}
# - {name: wavelength, unit: nm, datatype: float32}
# - {name: efficiency, unit: '%', datatype: float32}
# meta: !!omap
# - {MODE: AMP}
# - {TYPE: QE}
# - {CALIBDATE: '1970-01-01T00:00:00'}
# - {INSTRUME: TS8}
# - {OBSTYPE: qe_curve}
# - {DETECTOR: 204}
# - {PICKLEFILE: RaftRun11415.p}
# - {CALIB_ID: 'raftName=RTM-009 detectorName=S20 detector=204 calibDate=1970-01-01T00:00:00 ccd=204 ccdnum=204 filter=None'}
# - {DATE: '2020-01-22T23:03:46.523643'}
# - {CALIB_CREATION_DATE: '2020-01-22'}
# - {CALIB_CREATION_TIME: '23:03:46'}
# - __serialized_columns__:
#     efficiency:
#       __class__: astropy.units.quantity.Quantity
#       unit: !astropy.units.Unit {unit: '%'}
#       value: !astropy.table.SerializedColumn {name: efficiency}
#     wavelength:
#       __class__: astropy.units.quantity.Quantity
#       unit: !astropy.units.Unit {unit: nm}
#       value: !astropy.table.SerializedColumn {name: wavelength}
# schema: astropy-2.0
amp_name wavelength efficiency
C02 319.994 45.71181
C02 324.969 51.590366
C02 349.982 77.68097
C02 374.975 83.07787
C02 400.019 87.79962
C02 424.965 88.1494
C02 450.035 90.03286
C02 475.003 91.28556
C02 500.018 93.1733
C02 525.002 95.75652
C02 550.029 96.76833
C02 575.023 97.696434
C02 599.982 98.42567
C02 619.997 99.35032
C02 624.979 99.03451
C02 650.012 99.31056
C02 675.004 99.551025
C02 700.03 99.31925
C02 725.012 99.034065
C02 750.022 99.41527
C02 774.987 99.271706
C02 799.976 98.980125
C02 824.988 96.89988
C02 850.022 94.89571
C02 869.967 92.054855
C02 875.002 90.689285
C02 899.999 83.98625
C02 919.999 74.23588
C02 925.012 71.88134
C02 949.965 58.51906
C02 975.002 43.290142
C02 999.976 26.483782
C02 1025.028 11.424614
C02 1050.014 4.0992064
C02 1075.002 2.2114596
C02 1099.99 1.6042484
C05 319.994 46.218838
C05 324.969 52.154446
C05 349.982 78.37528
C05 374.975 83.602684
C05 400.019 88.12509
C05 424.965 88.384026
C05 450.035 90.22442
C05 475.003 91.44711
C05 500.018 93.3169
C05 525.002 95.884865
C05 550.029 96.87638
C05 575.023 97.79061
C05 599.982 98.50819
C05 619.997 99.4236
C05 624.979 99.102104
C05 650.012 99.36865
C05 675.004 99.60065
C05 700.03 99.34784
C05 725.012 99.04344
C05 750.022 99.400505
C05 774.987 99.24281
C05 799.976 98.94957
C05 824.988 96.88145
C05 850.022 94.872734
C05 869.967 92.07981
C05 875.002 90.728455
C05 899.999 84.09658
C05 919.999 74.2699
C05 925.012 71.85876
C05 949.965 58.644337
C05 975.002 43.36832
C05 999.976 26.594473
C05 1025.028 11.503886
C05 1050.014 4.1200137
C05 1075.002 2.2030838
C05 1099.99 1.5984718
C10 319.994 47.02252
C10 324.969 53.079025
C10 349.982 79.923325
C10 374.975 85.09611
C10 400.019 89.11839
C10 424.965 89.11699
C10 450.035 90.84145
C10 475.003 91.99964
C10 500.018 93.83514
C10 525.002 96.391266
C10 550.029 97.37538
C10 575.023 98.2891
C10 599.982 99.004814
C10 619.997 99.92332
C10 624.979 99.601555
C10 650.012 99.86221
C10 675.004 100.08149
C10 700.03 99.74466
C10 725.012 99.188446
C10 750.022 99.213524
C10 774.987 98.71387
C10 799.976 98.274376
C10 824.988 96.24004
C10 850.022 94.13291
C10 869.967 91.28937
C10 875.002 89.97943
C10 899.999 83.70728
C10 919.999 74.24761
C10 925.012 71.81476
C10 949.965 58.224495
C10 975.002 42.83344
C10 999.976 26.250446
C10 1025.028 11.433183
C10 1050.014 4.128212
C10 1075.002 2.201881
C10 1099.99 1.5859237
C01 319.994 45.504444
C01 324.969 51.35705
C01 349.982 77.37326
C01 374.975 82.83616
C01 400.019 87.61883
C01 424.965 87.99569
C01 450.035 89.88887
C01 475.003 91.14431
C01 500.018 93.03606
C01 525.002 95.62
C01 550.029 96.63405
C01 575.023 97.56319
C01 599.982 98.299
C01 619.997 99.22572
C01 624.979 98.90744
C01 650.012 99.18229
C01 675.004 99.42384
C01 700.03 99.18404
C01 725.012 98.87874
C01 750.022 99.2229
C01 774.987 99.04261
C01 799.976 98.736824
C01 824.988 96.665535
C01 850.022 94.65494
C01 869.967 91.842804
C01 875.002 90.48961
C01 899.999 83.81119
C01 919.999 74.136986
C01 925.012 71.73976
C01 949.965 58.422382
C01 975.002 43.210495
C01 999.976 26.357925
C01 1025.028 11.375683
C01 1050.014 4.100574
C01 1075.002 2.22238
C01 1099.99 1.6071142
C14 319.994 46.469635
C14 324.969 52.4551
C14 349.982 79.204346
C14 374.975 84.62097
C14 400.019 88.79555
C14 424.965 88.84784
C14 450.035 90.57624
C14 475.003 91.73547
C14 500.018 93.56802
C14 525.002 96.12267
C14 550.029 97.113594
C14 575.023 98.03074
C14 599.982 98.75961
C14 619.997 99.686005
C14 624.979 99.36775
C14 650.012 99.64239
C14 675.004 99.878845
C14 700.03 99.588356
C14 725.012 99.13784
C14 750.022 99.296616
C14 774.987 98.92275
C14 799.976 98.53543
C14 824.988 96.44105
C14 850.022 94.384995
C14 869.967 91.53672
C14 875.002 90.16748
C14 899.999 83.476
C14 919.999 74.08554
C14 925.012 71.825645
C14 949.965 58.369316
C14 975.002 42.939247
C14 999.976 26.115726
C14 1025.028 11.231235
C14 1050.014 4.0368896
C14 1075.002 2.194719
C14 1099.99 1.5988555
C16 319.994 45.983147
C16 324.969 51.90795
C16 349.982 78.506935
C16 374.975 84.07447
C16 400.019 88.35777
C16 424.965 88.45509
C16 450.035 90.19373
C16 475.003 91.3593
C16 500.018 93.19384
C16 525.002 95.747665
C16 550.029 96.742935
C16 575.023 97.668015
C16 599.982 98.40301
C16 619.997 99.33508
C16 624.979 99.01294
C16 650.012 99.29541
C16 675.004 99.538246
C16 700.03 99.2562
C16 725.012 98.80671
C16 750.022 98.95926
C16 774.987 98.57343
C16 799.976 98.178535
C16 824.988 96.08987
C16 850.022 93.97463
C16 869.967 91.197655
C16 875.002 89.86043
C16 899.999 83.07679
C16 919.999 73.59016
C16 925.012 71.33932
C16 949.965 58.06891
C16 975.002 42.75748
C16 999.976 25.920734
C16 1025.028 11.09515
C16 1050.014 3.9967055
C16 1075.002 2.183715
C16 1099.99 1.5971462
C12 319.994 46.736664
C12 324.969 52.75404
C12 349.982 79.51829
C12 374.975 84.770195
C12 400.019 88.83803
C12 424.965 88.853874
C12 450.035 90.5702
C12 475.003 91.72285
C12 500.018 93.548645
C12 525.002 96.09736
C12 550.029 97.07872
C12 575.023 97.98679
C12 599.982 98.706184
C12 619.997 99.62597
C12 624.979 99.30633
C12 650.012 99.574295
C12 675.004 99.79807
C12 700.03 99.48356
C12 725.012 98.97821
C12 750.022 99.06633
C12 774.987 98.63072
C12 799.976 98.21528
C12 824.988 96.15457
C12 850.022 94.09604
C12 869.967 91.20278
C12 875.002 89.83537
C12 899.999 83.36888
C12 919.999 74.013145
C12 925.012 71.73162
C12 949.965 58.1211
C12 975.002 42.80861
C12 999.976 26.093653
C12 1025.028 11.278953
C12 1050.014 4.0520654
C12 1075.002 2.1880732
C12 1099.99 1.5882366
C13 319.994 46.602238
C13 324.969 52.603333
C13 349.982 79.36112
C13 374.975 84.68495
C13 400.019 88.791664
C13 424.965 88.81718
C13 450.035 90.53696
C13 475.003 91.6901
C13 500.018 93.51762
C13 525.002 96.06616
C13 550.029 97.04719
C13 575.023 97.966194
C13 599.982 98.687584
C13 619.997 99.612274
C13 624.979 99.28787
C13 650.012 99.55867
C13 675.004 99.79333
C13 700.03 99.489876
C13 725.012 99.014725
C13 750.022 99.13966
C13 774.987 98.73828
C13 799.976 98.33619
C13 824.988 96.26316
C13 850.022 94.207886
C13 869.967 91.329056
C13 875.002 89.96176
C13 899.999 83.39159
C13 919.999 74.04356
C13 925.012 71.76629
C13 949.965 58.195038
C13 975.002 42.837627
C13 999.976 26.082302
C13 1025.028 11.245039
C13 1050.014 4.040395
C13 1075.002 2.1901383
C13 1099.99 1.5920014
C15 319.994 46.02569
C15 324.969 51.95395
C15 349.982 78.520035
C15 374.975 83.98626
C15 400.019 88.17483
C15 424.965 88.23949
C15 450.035 89.96059
C15 475.003 91.11489
C15 500.018 92.9362
C15 525.002 95.47772
C15 550.029 96.46244
C15 575.023 97.381836
C15 599.982 98.11003
C15 619.997 99.03574
C15 624.979 98.71758
C15 650.012 98.99484
C15 675.004 99.23263
C15 700.03 98.9561
C15 725.012 98.51799
C15 750.022 98.68991
C15 774.987 98.33255
C15 799.976 97.94928
C15 824.988 95.8615
C15 850.022 93.79882
C15 869.967 91.00376
C15 875.002 89.65402
C15 899.999 82.91191
C15 919.999 73.51581
C15 925.012 71.27102
C15 949.965 57.983665
C15 975.002 42.65828
C15 999.976 25.908274
C15 1025.028 11.108363
C15 1050.014 3.9928107
C15 1075.002 2.1761622
C15 1099.99 1.5915184
C11 319.994 46.934944
C11 324.969 52.97587
C11 349.982 79.795616
C11 374.975 85.014885
C11 400.019 89.06814
C11 424.965 89.07617
C11 450.035 90.79682
C11 475.003 91.948875
C11 500.018 93.77807
C11 525.002 96.32962
C11 550.029 97.311
C11 575.023 98.22131
C11 599.982 98.93843
C11 619.997 99.856926
C11 624.979 99.53516
C11 650.012 99.798874
C11 675.004 100.02283
C11 700.03 99.69398
C11 725.012 99.16154
C11 750.022 99.21211
C11 774.987 98.74443
C11 799.976 98.31463
C11 824.988 96.26654
C11 850.022 94.19579
C11 869.967 91.28248
C11 875.002 89.928215
C11 899.999 83.6136
C11 919.999 74.1963
C11 925.012 71.86804
C11 949.965 58.174786
C11 975.002 42.88733
C11 999.976 26.197584
C11 1025.028 11.365575
C11 1050.014 4.0914917
C11 1075.002 2.1938176
C11 1099.99 1.5878378
C17 319.994 45.764526
C17 324.969 51.66129
C17 349.982 78.20107
C17 374.975 83.85293
C17 400.019 88.2331
C17 424.965 88.369064
C17 450.035 90.12783
C17 475.003 91.30463
C17 500.018 93.14628
C17 525.002 95.70611
C17 550.029 96.70774
C17 575.023 97.63955
C17 599.982 98.38135
C17 619.997 99.313644
C17 624.979 98.997185
C17 650.012 99.28377
C17 675.004 99.5253
C17 700.03 99.222725
C17 725.012 98.71719
C17 750.022 98.793846
C17 774.987 98.33512
C17 799.976 97.90456
C17 824.988 95.83191
C17 850.022 93.69104
C17 869.967 90.9243
C17 875.002 89.596855
C17 899.999 82.9131
C17 919.999 73.477165
C17 925.012 71.22885
C17 949.965 57.868298
C17 975.002 42.579433
C17 999.976 25.836935
C17 1025.028 11.1188
C17 1050.014 4.025436
C17 1075.002 2.1875079
C17 1099.99 1.5947201
C04 319.994 46.138313
C04 324.969 52.06713
C04 349.982 78.280754
C04 374.975 83.56051
C04 400.019 88.135506
C04 424.965 88.41361
C04 450.035 90.26225
C04 475.003 91.49286
C04 500.018 93.36633
C04 525.002 95.93853
C04 550.029 96.934006
C04 575.023 97.85222
C04 599.982 98.57347
C04 619.997 99.49277
C04 624.979 99.17026
C04 650.012 99.43782
C04 675.004 99.67269
C04 700.03 99.43221
C04 725.012 99.14014
C04 750.022 99.515854
C04 774.987 99.370895
C04 799.976 99.08088
C04 824.988 97.00427
C04 850.022 94.9935
C04 869.967 92.16019
C04 875.002 90.80352
C04 899.999 84.15472
C04 919.999 74.316055
C04 925.012 71.931915
C04 949.965 58.661095
C04 975.002 43.43117
C04 999.976 26.591085
C04 1025.028 11.509929
C04 1050.014 4.1171856
C04 1075.002 2.200923
C04 1099.99 1.5986326
C07 319.994 46.494072
C07 324.969 52.46878
C07 349.982 78.79889
C07 374.975 84.01182
C07 400.019 88.52732
C07 424.965 88.78276
C07 450.035 90.63042
C07 475.003 91.86568
C07 500.018 93.746315
C07 525.002 96.32961
C07 550.029 97.32641
C07 575.023 98.239265
C07 599.982 98.95922
C07 619.997 99.875336
C07 624.979 99.55357
C07 650.012 99.8115
C07 675.004 100.041664
C07 700.03 99.77629
C07 725.012 99.44647
C07 750.022 99.7728
C07 774.987 99.58301
C07 799.976 99.284355
C07 824.988 97.216324
C07 850.022 95.2249
C07 869.967 92.488914
C07 875.002 91.14704
C07 899.999 84.57213
C07 919.999 74.71703
C07 925.012 72.27095
C07 949.965 59.099068
C07 975.002 43.75335
C07 999.976 26.975819
C07 1025.028 11.706161
C07 1050.014 4.189547
C07 1075.002 2.2120209
C07 1099.99 1.6057528
C00 319.994 45.32227
C00 324.969 51.153534
C00 349.982 77.10885
C00 374.975 82.65813
C00 400.019 87.592926
C00 424.965 88.034615
C00 450.035 89.961624
C00 475.003 91.23935
C00 500.018 93.14607
C00 525.002 95.74114
C00 550.029 96.765434
C00 575.023 97.699104
C00 599.982 98.44329
C00 619.997 99.37513
C00 624.979 99.05658
C00 650.012 99.334984
C00 675.004 99.57577
C00 700.03 99.315834
C00 725.012 98.94756
C00 750.022 99.2136
C00 774.987 98.95198
C00 799.976 98.60935
C00 824.988 96.551445
C00 850.022 94.52632
C00 869.967 91.71815
C00 875.002 90.370895
C00 899.999 83.77624
C00 919.999 74.152626
C00 925.012 71.82166
C00 949.965 58.399014
C00 975.002 43.10364
C00 999.976 26.375809
C00 1025.028 11.441678
C00 1050.014 4.143407
C00 1075.002 2.234084
C00 1099.99 1.6096482
C06 319.994 46.32556
C06 324.969 52.275642
C06 349.982 78.50686
C06 374.975 83.70117
C06 400.019 88.20309
C06 424.965 88.45307
C06 450.035 90.292145
C06 475.003 91.51619
C06 500.018 93.38302
C06 525.002 95.95506
C06 550.029 96.94438
C06 575.023 97.85294
C06 599.982 98.56814
C06 619.997 99.48136
C06 624.979 99.16098
C06 650.012 99.42323
C06 675.004 99.64802
C06 700.03 99.39042
C06 725.012 99.07573
C06 750.022 99.41306
C06 774.987 99.23791
C06 799.976 98.94264
C06 824.988 96.88117
C06 850.022 94.882645
C06 869.967 92.122116
C06 875.002 90.7696
C06 899.999 84.20141
C06 919.999 74.34961
C06 925.012 71.952415
C06 949.965 58.78383
C06 975.002 43.455635
C06 999.976 26.711306
C06 1025.028 11.567592
C06 1050.014 4.143926
C06 1075.002 2.2024357
C06 1099.99 1.5992626
C03 319.994 45.8315
C03 324.969 51.723213
C03 349.982 77.82231
C03 374.975 83.15372
C03 400.019 87.80603
C03 424.965 88.127754
C03 450.035 89.98993
C03 475.003 91.23269
C03 500.018 93.111916
C03 525.002 95.6871
C03 550.029 96.688156
C03 575.023 97.607056
C03 599.982 98.33146
C03 619.997 99.25145
C03 624.979 98.937904
C03 650.012 99.207184
C03 675.004 99.445015
C03 700.03 99.212006
C03 725.012 98.93083
C03 750.022 99.31375
C03 774.987 99.184586
C03 799.976 98.89812
C03 824.988 96.81244
C03 850.022 94.81725
C03 869.967 91.97071
C03 875.002 90.604614
C03 899.999 83.92866
C03 919.999 74.15469
C03 925.012 71.78032
C03 949.965 58.476627
C03 975.002 43.285408
C03 999.976 26.46501
C03 1025.028 11.4433155
C03 1050.014 4.098891
C03 1075.002 2.2007892
C03 1099.99 1.5979809
