lsstCam/transmission_filter_detector/r41_s20/u_24/19700101T000000.ecsv
# %ECSV 1.0
# ---
# datatype:
# - {name: wavelength, unit: nm, datatype: float32}
# - {name: efficiency, unit: '%', datatype: float64}
# meta: !!omap
# - {MODE: DETECTOR}
# - {TYPE: transmission_filter_detector}
# - {CALIBDATE: '1970-01-01T00:00:00'}
# - {INSTRUME: LSSTCam}
# - {OBSTYPE: transmission_filter_detector}
# - {CALIBCLS: lsst.ip.isr.IntermediateFilterDetectorTransmissionCurve}
# - {SOURCE: Materion (DM-46256)}
# - {DETECTOR: 168}
# - {FILTER: u_24}
# - {CALIB_ID: 'calibDate=1970-01-01T00:00:00 filter=u_24 detector=168'}
# - {DATE: '2025-04-02T15:59:40.529231'}
# - {CALIB_CREATION_DATE: '2025-04-02'}
# - {CALIB_CREATION_TIME: '15:59:40'}
# - __serialized_columns__:
#     efficiency:
#       __class__: astropy.units.quantity.Quantity
#       unit: !astropy.units.Unit {unit: '%'}
#       value: !astropy.table.SerializedColumn {name: efficiency}
#     wavelength:
#       __class__: astropy.units.quantity.Quantity
#       unit: !astropy.units.Unit {unit: nm}
#       value: !astropy.table.SerializedColumn {name: wavelength}
# schema: astropy-2.0
wavelength efficiency
295.0 2.672510650281179e-10
296.0 2.672510650281179e-10
297.0 2.672510650281179e-10
298.0 2.672510650281179e-10
299.0 2.672510650281179e-10
300.0 2.672510650281179e-10
301.0 2.672510650281179e-10
302.0 0.062243896536529064
303.0 2.672510650281179e-10
304.0 0.5471032578498125
305.0 1.7002061009407043
306.0 3.555123880505562
307.0 5.642997846007347
308.0 8.849940448999405
309.0 12.5168576836586
310.0 16.585449874401093
311.0 20.328371226787567
312.0 23.84362518787384
313.0 26.59299075603485
314.0 29.112273454666138
315.0 31.767311692237854
316.0 34.46948528289795
317.0 38.0031555891037
318.0 42.12049841880798
319.0 47.48007953166962
320.0 53.883397579193115
321.0 59.47009325027466
322.0 64.97296690940857
323.0 69.2831039428711
324.0 72.54747748374939
325.0 74.74743723869324
326.0 76.61028504371643
327.0 78.25769782066345
328.0 79.99105453491211
329.0 81.15124702453613
330.0 81.87062740325928
331.0 82.12395310401917
332.0 82.36482739448547
333.0 82.52379894256592
334.0 82.6048493385315
335.0 83.20189118385315
336.0 83.82940888404846
337.0 84.5576822757721
338.0 85.39899587631226
339.0 85.91573238372803
340.0 86.04980111122131
341.0 86.42305731773376
342.0 86.76778078079224
343.0 86.63958311080933
344.0 86.9331419467926
345.0 87.41125464439392
346.0 87.73194551467896
347.0 88.20176720619202
348.0 88.34865689277649
349.0 88.48255276679993
350.0 88.46248388290405
351.0 88.62831592559814
352.0 88.62594962120056
353.0 88.60231041908264
354.0 88.52964043617249
355.0 88.62515091896057
356.0 88.62638473510742
357.0 88.34794163703918
358.0 87.89038062095642
359.0 87.52245903015137
360.0 87.36256957054138
361.0 87.15859055519104
362.0 87.19311356544495
363.0 87.4896228313446
364.0 87.76465654373169
365.0 88.27926516532898
366.0 88.58302235603333
367.0 88.54818940162659
368.0 88.58846426010132
369.0 88.70581388473511
370.0 88.68505954742432
371.0 88.70763182640076
372.0 88.94374966621399
373.0 89.28563594818115
374.0 89.26528096199036
375.0 89.75688219070435
376.0 89.96744751930237
377.0 90.09201526641846
378.0 89.87047672271729
379.0 89.16528820991516
380.0 87.81222105026245
381.0 86.13837957382202
382.0 83.94756317138672
383.0 81.89359903335571
384.0 79.70685362815857
385.0 76.91612243652344
386.0 73.89829754829407
387.0 69.73695158958435
388.0 65.43992161750793
389.0 60.60055494308472
390.0 56.27777576446533
391.0 52.07165479660034
392.0 47.994303703308105
393.0 44.530752301216125
394.0 40.65668284893036
395.0 35.81787049770355
396.0 30.366989970207214
397.0 23.07327538728714
398.0 16.122496128082275
399.0 9.712886065244675
400.0 4.79893796145916
401.0 1.8531281501054764
402.0 0.5892929155379534
403.0 0.2532592974603176
404.0 0.1165245077572763
405.0 0.03376678505446762
406.0 2.672510650281179e-10
407.0 0.007147846190491691
408.0 2.672510650281179e-10
409.0 0.009309943561675027
410.0 2.672510650281179e-10
411.0 2.672510650281179e-10
412.0 2.672510650281179e-10
413.0 2.672510650281179e-10
414.0 2.672510650281179e-10
415.0 2.672510650281179e-10
416.0 2.672510650281179e-10
417.0 2.672510650281179e-10
418.0 2.672510650281179e-10
419.0 2.672510650281179e-10
420.0 2.672510650281179e-10
421.0 2.672510650281179e-10
422.0 2.672510650281179e-10
423.0 2.672510650281179e-10
424.0 2.672510650281179e-10
425.0 2.672510650281179e-10
426.0 0.0002709869932004949
427.0 0.0005088631951366551
428.0 0.0007467394425475504
429.0 2.672510650281179e-10
430.0 2.672510650281179e-10
431.0 2.672510650281179e-10
432.0 2.672510650281179e-10
433.0 2.672510650281179e-10
434.0 0.0005220286766416393
435.0 0.0006424937964766286
436.0 0.0007629590982105583
437.0 0.0002501603148630238
438.0 2.672510650281179e-10
439.0 0.000741446183383232
440.0 0.0017455307897762395
441.0 0.0010628017662384082
442.0 0.0003800725380642689
443.0 0.0001651945240155328
444.0 2.672510650281179e-10
445.0 2.672510650281179e-10
446.0 2.672510650281179e-10
447.0 2.672510650281179e-10
448.0 0.00023248305751621956
449.0 0.0010340158951294143
450.0 0.0018355493011767976
451.0 0.0013741110706178006
452.0 0.0009126730219577439
453.0 0.00039311862565227784
454.0 2.672510650281179e-10
455.0 2.672510650281179e-10
456.0 2.672510650281179e-10
457.0 2.672510650281179e-10
458.0 0.00014353682900036802
459.0 6.803281280554074e-05
460.0 2.672510650281179e-10
461.0 2.672510650281179e-10
462.0 2.672510650281179e-10
463.0 2.672510650281179e-10
464.0 2.672510650281179e-10
465.0 2.672510650281179e-10
466.0 0.00037963570775900735
467.0 0.0005025295195082435
468.0 0.0006254231720959069
469.0 2.672510650281179e-10
470.0 2.672510650281179e-10
471.0 2.672510650281179e-10
472.0 2.672510650281179e-10
473.0 2.672510650281179e-10
474.0 2.672510650281179e-10
475.0 2.672510650281179e-10
476.0 2.672510650281179e-10
477.0 2.672510650281179e-10
478.0 2.672510650281179e-10
479.0 2.672510650281179e-10
480.0 2.672510650281179e-10
481.0 2.672510650281179e-10
482.0 0.00038074822441558354
483.0 0.00023472155135095818
484.0 8.869481575857208e-05
485.0 2.672510650281179e-10
486.0 2.672510650281179e-10
487.0 2.672510650281179e-10
488.0 2.672510650281179e-10
489.0 2.672510650281179e-10
490.0 2.6438544864504365e-05
491.0 2.672510650281179e-10
492.0 2.672510650281179e-10
493.0 2.672510650281179e-10
494.0 2.672510650281179e-10
495.0 0.00014413036524274503
496.0 0.0005405601768870838
497.0 0.0001533963086330914
498.0 2.672510650281179e-10
499.0 2.672510650281179e-10
500.0 2.672510650281179e-10
501.0 2.672510650281179e-10
502.0 0.00011360448297637049
503.0 0.00032298789847118314
504.0 0.0005323715413396712
505.0 0.00012557400168589083
506.0 2.672510650281179e-10
507.0 2.672510650281179e-10
508.0 2.672510650281179e-10
509.0 2.672510650281179e-10
510.0 2.672510650281179e-10
511.0 2.672510650281179e-10
512.0 2.672510650281179e-10
513.0 2.672510650281179e-10
514.0 2.672510650281179e-10
515.0 2.672510650281179e-10
516.0 0.00015780448165969574
517.0 2.672510650281179e-10
518.0 2.672510650281179e-10
519.0 2.672510650281179e-10
520.0 2.672510650281179e-10
521.0 2.672510650281179e-10
522.0 2.672510650281179e-10
523.0 2.672510650281179e-10
524.0 2.672510650281179e-10
525.0 2.672510650281179e-10
526.0 2.672510650281179e-10
527.0 2.672510650281179e-10
528.0 2.672510650281179e-10
529.0 2.672510650281179e-10
530.0 2.672510650281179e-10
531.0 2.672510650281179e-10
532.0 2.672510650281179e-10
533.0 2.672510650281179e-10
534.0 2.672510650281179e-10
535.0 2.672510650281179e-10
536.0 2.672510650281179e-10
537.0 2.672510650281179e-10
538.0 2.672510650281179e-10
539.0 2.672510650281179e-10
540.0 0.0003805700316661387
541.0 8.650815743749263e-05
542.0 2.672510650281179e-10
543.0 2.672510650281179e-10
544.0 2.672510650281179e-10
545.0 2.672510650281179e-10
546.0 2.672510650281179e-10
547.0 2.672510650281179e-10
548.0 2.672510650281179e-10
549.0 2.672510650281179e-10
550.0 0.00019315486952109495
551.0 2.672510650281179e-10
552.0 2.672510650281179e-10
553.0 2.672510650281179e-10
554.0 2.672510650281179e-10
555.0 2.672510650281179e-10
556.0 2.672510650281179e-10
557.0 2.672510650281179e-10
558.0 0.0003384559022379108
559.0 0.0003010774435097119
560.0 0.0002636990529936156
561.0 2.672510650281179e-10
562.0 2.672510650281179e-10
563.0 2.672510650281179e-10
564.0 2.672510650281179e-10
565.0 4.8365996008215006e-05
566.0 0.0002594615807538503
567.0 0.0006392071099980967
568.0 0.0010189527529291809
569.0 0.0008442115358775482
570.0 0.0006694701824017102
571.0 0.0006299889719230123
572.0 0.0005905079888179898
573.0 0.00034870113267970737
574.0 0.00010689427654142492
575.0 0.0002516594122425886
576.0 0.00039642450246901717
577.0 0.0003022649707418168
578.0 0.00020810566638829187
579.0 0.0004348566562839551
580.0 0.0006616077826038236
581.0 0.0006393586318154121
582.0 0.0006171094355522655
583.0 0.0006805033081036527
584.0 0.0007438971351803048
585.0 0.0007530066795879975
586.0 0.0007621162694704253
587.0 0.0005865455932507757
588.0 0.00041097505345533136
589.0 0.000665134302835213
590.0 0.0009192935976898298
591.0 0.0006548541023221333
592.0 0.00039041460695443675
593.0 0.0006493575710919686
594.0 0.0009083002623810899
595.0 0.001270537086384138
596.0 0.0016327738194377162
597.0 0.0021588188246823847
598.0 0.002684863648028113
599.0 0.0028468630262068473
600.0 0.003008862586284522
601.0 0.0026648445782484487
602.0 0.0023208267521113157
603.0 0.0018558681404101662
604.0 0.001390909619658487
605.0 0.0010975550139846746
606.0 0.0008042002264119219
607.0 0.0007137528427847428
608.0 0.0006233051863091532
609.0 0.000485690861751209
610.0 0.0003480764689811622
611.0 0.0005617995157081168
612.0 0.000775522585172439
613.0 0.0004005334176326869
614.0 2.554430977852462e-05
615.0 9.288200431001314e-05
616.0 0.00016021971305235638
617.0 0.00017880660152513883
618.0 0.00019739354684134014
619.0 0.00048744150262791663
620.0 0.0007774892765155528
621.0 0.000800419547886122
622.0 0.0008233496373577509
623.0 0.0008370870091312099
624.0 0.0008508242899551988
625.0 0.0010966160516545642
626.0 0.0013424079043033998
627.0 0.0013341905287234113
628.0 0.0013259731531434227
629.0 0.001810846515581943
630.0 0.0022957197870709933
631.0 0.0024101278540911153
632.0 0.0025245361030101776
633.0 0.0029196322429925203
634.0 0.003314728382974863
635.0 0.0028423020921763964
636.0 0.0023698752556811087
637.0 0.0020030985979246907
638.0 0.001636321576370392
639.0 0.001390181205351837
640.0 0.0011440407433838118
641.0 0.0008806850928522181
642.0 0.0006173293968458893
643.0 0.00025585127332306
644.0 2.672510650281179e-10
645.0 0.00014293955246102996
646.0 0.00039150600059656426
647.0 0.0005668453013640828
648.0 0.0007421844657073962
649.0 0.0006989926077949349
650.0 0.0006558006134582683
651.0 0.00122279407150927
652.0 0.0017897875295602717
653.0 0.0019478693502605893
654.0 0.0021059509890619665
655.0 0.0024748022042331286
656.0 0.002843653601303231
657.0 0.003571014531189576
658.0 0.00429837527917698
659.0 0.003986277442891151
660.0 0.003674179970403202
661.0 0.0029481438104994595
662.0 0.0022221074686967768
663.0 0.0017168111298815347
664.0 0.0012115143363189418
665.0 0.0010557387213339098
666.0 0.0008999630153994076
667.0 0.0009292592039855663
668.0 0.000958555392571725
669.0 0.0006193484296090901
670.0 0.0002801413984343526
671.0 0.0004994772098143585
672.0 0.0007188131803559372
673.0 0.0011281144907115959
674.0 0.0015374158465419896
675.0 0.0018137585357180797
676.0 0.0020901015886920504
677.0 0.0025565010218997486
678.0 0.003022900637006387
679.0 0.004082296072738245
680.0 0.005141691508470103
681.0 0.007988155994098634
682.0 0.010834620479727164
683.0 0.012432830408215523
684.0 0.014031043974682689
685.0 0.012371283082757145
686.0 0.01071152655640617
687.0 0.008558243280276656
688.0 0.006404960731742904
689.0 0.005258176679490134
690.0 0.004111392263439484
691.0 0.00372878675989341
692.0 0.003346180892549455
693.0 0.002586113077995833
694.0 0.0018260456272400916
695.0 0.0013433150343189482
696.0 0.0008605844413978048
697.0 0.0007400273261737311
698.0 0.0006194701654749224
699.0 0.0006073520125937648
700.0 0.000595233768763137
701.0 0.0006463940280809766
702.0 0.000697554241924081
703.0 0.0006881152785354061
704.0 0.0006786760877730558
705.0 0.0008982574399851728
706.0 0.0011178386557730846
707.0 0.0010765880688268226
708.0 0.0010353378456784412
709.0 0.0009061275704880245
710.0 0.0007769175681460183
711.0 0.0006299932010733755
712.0 0.00048306874305126257
713.0 0.0004997569249098888
714.0 0.0005164452431927202
715.0 0.00039011533772281837
716.0 0.00026378554593975423
717.0 0.0002498453341104323
718.0 0.00023590500859427266
719.0 0.0003137772864647559
720.0 0.00039164947338576894
721.0 0.0002531833615648793
722.0 0.00011471727248135721
723.0 0.00037977431475155754
724.0 0.0006448314707085956
725.0 0.0006389301233866718
726.0 0.0006330288670142181
727.0 0.00048286342462233733
728.0 0.00033269798223045655
729.0 0.00026121281280211406
730.0 0.0001897276774798229
731.0 0.00041429152588534635
732.0 0.000638855362922186
733.0 0.0003908245616912609
734.0 0.00014279373772296822
735.0 0.00031300260161515325
736.0 0.00048321148824470583
737.0 0.0005981473805150017
738.0 0.0007130833182600327
739.0 0.0015007088222773746
740.0 0.002288334144395776
741.0 0.0029429584174067713
742.0 0.0035975826904177666
743.0 0.004298982821637765
744.0 0.005000383316655643
745.0 0.005102119030198082
746.0 0.005203854379942641
747.0 0.004604838613886386
748.0 0.00400582212023437
749.0 0.003471433592494577
750.0 0.0029370447009569034
751.0 0.0026886138584814034
752.0 0.002440183197904844
753.0 0.0026817866455530748
754.0 0.002923390275100246
755.0 0.0024932214728323743
756.0 0.0020630526705645025
757.0 0.0015762476323288865
758.0 0.0010894425940932706
759.0 0.0009540969585941639
760.0 0.0008187511411961168
761.0 0.000637629318589461
762.0 0.0004565072686091298
763.0 0.0003740741476576659
764.0 0.0002916410039688344
765.0 0.0004984115548722912
766.0 0.0007051821285131155
767.0 0.0004591845481627388
768.0 0.00021318701328709722
769.0 0.0003426093826419674
770.0 0.0004720318884210428
771.0 0.0006462564670073334
772.0 0.0008204811820178293
773.0 0.0008491319022141397
774.0 0.00087778253146098
775.0 0.0007590253062517149
776.0 0.0006402679900929797
777.0 0.0008276064363599289
778.0 0.0010149449735763483
779.0 0.0011230471500311978
780.0 0.0012311493264860474
781.0 0.0012956814316567034
782.0 0.0013602134458778892
783.0 0.0014524934158544056
784.0 0.0015447731129825115
785.0 0.001476029592595296
786.0 0.0014072859812586103
787.0 0.0012741943464789074
788.0 0.0011411027116992045
789.0 0.000968558197200764
790.0 0.0007960135008033831
791.0 0.000619868023932213
792.0 0.0004437226834852481
793.0 0.0005072756266599754
794.0 0.0005708284334104974
795.0 0.0004425066890689777
796.0 0.00031418489925272297
797.0 0.00021582616227533435
798.0 0.00011746742529794574
799.0 7.345194603658456e-05
800.0 2.9436517934300355e-05
801.0 0.00015511307083215797
802.0 0.00028078973173251143
803.0 9.307220238952141e-05
804.0 2.672510650281179e-10
805.0 9.00568011275027e-05
806.0 0.00027475887236505514
807.0 0.00024246569410024676
808.0 0.00021017244762333576
809.0 0.0001517300233899732
810.0 9.328755368187558e-05
811.0 0.00023634006538486574
812.0 0.00037939255435048835
813.0 0.00023568120468553388
814.0 9.196987207360507e-05
815.0 0.00043123236537212506
816.0 0.0007704946256126277
817.0 0.0004933312538923929
818.0 0.00021616790490952553
819.0 0.00019264630282123107
820.0 0.00016912476894503925
821.0 0.0003577566985768499
822.0 0.0005463886282086605
823.0 0.0004366775101516396
824.0 0.00032696643756935373
825.0 0.00013910349707657588
826.0 2.672510650281179e-10
827.0 2.672510650281179e-10
828.0 2.672510650281179e-10
829.0 2.058409336314071e-05
830.0 0.00032429377370135626
831.0 5.556150313168473e-05
832.0 2.672510650281179e-10
833.0 2.672510650281179e-10
834.0 2.672510650281179e-10
835.0 2.672510650281179e-10
836.0 2.672510650281179e-10
837.0 2.672510650281179e-10
838.0 0.00021202322386670858
839.0 2.672510650281179e-10
840.0 2.672510650281179e-10
841.0 2.672510650281179e-10
842.0 0.00017882758811538224
843.0 0.00027153118935530074
844.0 0.00036423466553969774
845.0 0.00024171301902242703
846.0 0.00011919140661120764
847.0 0.0003791042672673939
848.0 0.0006390170710801613
849.0 0.0005163033165445086
850.0 0.0003935894710593857
851.0 0.0004436458311829483
852.0 0.0004937021913065109
853.0 0.0008935277037380729
854.0 0.0012933531252201647
855.0 0.0011673780136334244
856.0 0.0010414031748950947
857.0 0.0010967598427669145
858.0 0.0011521162377903238
859.0 0.0014046632713871077
860.0 0.0016572101230849512
861.0 0.002154869434889406
862.0 0.0026525285647949204
863.0 0.0024735880288062617
864.0 0.0022946478566154838
865.0 0.0024727511117816903
866.0 0.002650854548846837
867.0 0.0024859587938408367
868.0 0.0023210632207337767
869.0 0.002645636777742766
870.0 0.0029702106985496357
871.0 0.0029682923923246562
872.0 0.002966374267998617
873.0 0.0033006112062139437
874.0 0.0036348483263282105
875.0 0.003630512219388038
876.0 0.003626175384852104
877.0 0.0038142839912325144
878.0 0.004002392597612925
879.0 0.0040764763980405405
