lsstCam/transmission_filter_detector/r41_s20/u_24/19700101T000000.ecsv
# %ECSV 1.0
# ---
# datatype:
# - {name: wavelength, unit: nm, datatype: float32}
# - {name: efficiency, unit: '%', datatype: float64}
# meta: !!omap
# - {MODE: DETECTOR}
# - {TYPE: transmission_filter_detector}
# - {CALIBDATE: '1970-01-01T00:00:00'}
# - {INSTRUME: LSSTCam}
# - {OBSTYPE: transmission_filter_detector}
# - {CALIBCLS: lsst.ip.isr.IntermediateFilterDetectorTransmissionCurve}
# - {SOURCE: Materion (DM-46256)}
# - {DETECTOR: 168}
# - {FILTER: u_24}
# - {CALIB_ID: 'calibDate=1970-01-01T00:00:00 filter=u_24 detector=168'}
# - {DATE: '2025-04-02T15:59:40.529231'}
# - {CALIB_CREATION_DATE: '2025-04-02'}
# - {CALIB_CREATION_TIME: '15:59:40'}
# - __serialized_columns__:
#     efficiency:
#       __class__: astropy.units.quantity.Quantity
#       unit: !astropy.units.Unit {unit: '%'}
#       value: !astropy.table.SerializedColumn {name: efficiency}
#     wavelength:
#       __class__: astropy.units.quantity.Quantity
#       unit: !astropy.units.Unit {unit: nm}
#       value: !astropy.table.SerializedColumn {name: wavelength}
# schema: astropy-2.0
wavelength efficiency
[from data line 586]
881.0 0.0039952828956302255
882.0 0.0038400059565901756
883.0 0.0038271431549219415
884.0 0.0038142803532537073
885.0 0.003694518090924248
886.0 0.003574755464796908
887.0 0.0036243756767362356
888.0 0.0036739955248776823
889.0 0.003441863736952655
890.0 0.003209731585229747
891.0 0.0033658270695013925
892.0 0.0035219221899751574
893.0 0.0036852998164249584
894.0 0.0038486770790768787
895.0 0.003977183951064944
896.0 0.0041056911868508905
897.0 0.004378669837024063
898.0 0.004651648487197235
899.0 0.00506822470924817
900.0 0.005484801295096986
901.0 0.005727530151489191
902.0 0.0059702590078813955
903.0 0.006329794996418059
904.0 0.0066893306211568415
905.0 0.0065765481849666685
906.0 0.006463765021180734
907.0 0.0064238556660711765
908.0 0.006383946310961619
909.0 0.006187200051499531
910.0 0.0059904548834310845
911.0 0.005803476597066037
912.0 0.0056164979469031096
913.0 0.005490525654749945
914.0 0.00536455336259678
915.0 0.005385406984714791
916.0 0.005406260243034922
917.0 0.005353890446713194
918.0 0.005301520650391467
919.0 0.005561874058912508
920.0 0.0058222274674335495
921.0 0.005739830157835968
922.0 0.005657432848238386
923.0 0.006220403884071857
924.0 0.0067833745561074466
925.0 0.007574656774522737
926.0 0.008365939720533788
927.0 0.008800198702374473
928.0 0.009234457684215158
929.0 0.009221355139743537
930.0 0.0092082547780592
931.0 0.009324332495452836
932.0 0.009440410940442234
933.0 0.008712366980034858
934.0 0.007984323747223243
935.0 0.007667558384127915
936.0 0.0073507908382453024
937.0 0.006559800385730341
938.0 0.005768809205619618
939.0 0.005549821435124613
940.0 0.005330834028427489
941.0 0.005215904820943251
942.0 0.005100975613459013
943.0 0.0045201446482678875
944.0 0.003939314046874642
945.0 0.003865547841996886
946.0 0.003791780909523368
947.0 0.003520337850204669
948.0 0.0032488944270880893
949.0 0.0027829295504488982
950.0 0.002316964491910767
951.0 0.002461008079990279
952.0 0.0026050514861708507
953.0 0.00252169029408833
954.0 0.002438328738207929
955.0 0.0024140794266713783
956.0 0.0023898299332358874
957.0 0.002857130857591983
958.0 0.003324431600049138
959.0 0.003834201561403461
960.0 0.004343970795162022
961.0 0.004676422395277768
962.0 0.005008873995393515
963.0 0.0054585154430242255
964.0 0.005908157618250698
965.0 0.006272019527386874
966.0 0.0066358821641188115
967.0 0.006542995834024623
968.0 0.006450109503930435
969.0 0.005946254896116443
970.0 0.005442400652100332
971.0 0.005546152169699781
972.0 0.00564990405109711
973.0 0.005547043474507518
974.0 0.005444182897917926
975.0 0.004891431672149338
976.0 0.004338680082582869
977.0 0.0043765099690062925
978.0 0.004414339855429716
979.0 0.004367051224107854
980.0 0.004319762228988111
981.0 0.004212114436086267
982.0 0.004104466279386543
983.0 0.004107431959710084
984.0 0.004110397276235744
985.0 0.004447588071343489
986.0 0.004784778502653353
987.0 0.005581117875408381
988.0 0.006377456156769767
989.0 0.007154968625400215
990.0 0.007932481094030663
991.0 0.009035759285325184
992.0 0.010139038931811228
993.0 0.010952864249702543
994.0 0.011766692477976903
995.0 0.011397556954761967
996.0 0.011028422886738554
997.0 0.009981150651583448
998.0 0.008933877688832581
999.0 0.007929187268018723
1000.0 0.0069244975748006254
1001.0 0.005983572191325948
1002.0 0.005042646444053389
1003.0 0.004966425694874488
1004.0 0.004890205309493467
1005.0 0.0046068184019532055
1006.0 0.004323431494412944
1007.0 0.004420128607307561
1008.0 0.004516824992606416
1009.0 0.004465285746846348
1010.0 0.00441374650108628
1011.0 0.004070742579642683
1012.0 0.0037277375668054447
1013.0 0.0032586958695901558
1014.0 0.002789653808576986
1015.0 0.0027708601919584908
1016.0 0.0027520665753399953
1017.0 0.002852235957107041
1018.0 0.0029524051569751464
1019.0 0.0026622456061886624
1020.0 0.0023720862373011187
1021.0 0.002359748032176867
1022.0 0.0023474098270526156
1023.0 0.002610808405734133
1024.0 0.0028742069844156504
1025.0 0.002762587428151164
1026.0 0.002650967871886678
1027.0 0.00280267031484982
1028.0 0.0029543731216108426
1029.0 0.0029281778552103788
1030.0 0.0029019824069109745
1031.0 0.0028309086701483466
1032.0 0.002759835115284659
1033.0 0.002910903094743844
1034.0 0.0030619710742030293
1035.0 0.003239820944145322
1036.0 0.0034176708140876144
1037.0 0.0031692219636170194
1038.0 0.0029207727493485436
1039.0 0.003089004530920647
1040.0 0.0032572363124927506
1041.0 0.003013620153069496
1042.0 0.0027700038117473014
1043.0 0.0028698143069050275
1044.0 0.0029696246201638132
1045.0 0.0029626702598761767
1046.0 0.0029557155357906595
1047.0 0.002672733535291627
1048.0 0.0023897515347925946
1049.0 0.0023047612558002584
1050.0 0.0022197711587068625
1051.0 0.0019867797163897194
1052.0 0.0017537882740725763
1053.0 0.001758777943905443
1054.0 0.0017637679775361903
1055.0 0.0021427245883387513
1056.0 0.002521681017242372
1057.0 0.0024368528102058917
1058.0 0.0023520247850683518
1059.0 0.001741480446071364
1060.0 0.0011309361980238464
1061.0 0.0011852313036797568
1062.0 0.0012395265912346076
1063.0 0.002055653021670878
1064.0 0.0028717797249555588
1065.0 0.0023198217604658566
1066.0 0.0017678637959761545
1067.0 0.0017398087948095053
1068.0 0.0017117537936428562
1069.0 0.00246001854975475
1070.0 0.0032082825782708824
1071.0 0.0025536819521221332
1072.0 0.0018990809621755034
1073.0 0.002813596074702218
1074.0 0.0037281115510268137
1075.0 0.003976455991505645
1076.0 0.0042248007957823575
1077.0 0.004512334635364823
1078.0 0.004799868111149408
1079.0 0.005298775067785755
1080.0 0.005797683115815744
1081.0 0.005564205639529973
1082.0 0.005330729254637845
1083.0 0.006147877866169438
1084.0 0.006965027569094673
1085.0 0.006179181218612939
1086.0 0.005393335959524848
1087.0 0.00621094586676918
1088.0 0.00702855468261987
1089.0 0.00587893373449333
1090.0 0.004729313150164671
1091.0 0.005381571099860594
1092.0 0.006033828685758635
1093.0 0.0059868347307201475
1094.0 0.00593984077568166
1095.0 0.005975886961095966
1096.0 0.00601193132752087
1097.0 0.00472297215310391
1098.0 0.0034340111596975476
1099.0 0.004455664748093113
1100.0 0.00547731870028656
