ts8/transmission_sensor/rtm-020_s10/19700101T000000.ecsv
# %ECSV 0.9
# ---
# datatype:
# - {name: amp_name, datatype: string}
# - {name: wavelength, unit: nm, datatype: float32}
# - {name: efficiency, unit: '%', datatype: float32}
# meta: !!omap
# - {MODE: AMP}
# - {TYPE: transmission_sensor}
# - {CALIBDATE: '1970-01-01T00:00:00'}
# - {INSTRUME: TS8}
# - {OBSTYPE: transmission_sensor}
# - {DETECTOR: 147}
# - {CALIBCLS: lsst.ip.isr.IntermediateSensorTransmissionCurve}
# - {PICKLEFILE: RaftRun10669.p}
# - {CALIB_ID: 'raftName=RTM-020 detectorName=S10 detector=147 calibDate=1970-01-01T00:00:00 ccd=147 ccdnum=147 filter=None'}
# - {DATE: '2020-07-23T19:15:29.674706'}
# - {CALIB_CREATION_DATE: '2020-07-23'}
# - {CALIB_CREATION_TIME: '19:15:29'}
# - __serialized_columns__:
#     efficiency:
#       __class__: astropy.units.quantity.Quantity
#       unit: !astropy.units.Unit {unit: '%'}
#       value: !astropy.table.SerializedColumn {name: efficiency}
#     wavelength:
#       __class__: astropy.units.quantity.Quantity
#       unit: !astropy.units.Unit {unit: nm}
#       value: !astropy.table.SerializedColumn {name: wavelength}
# schema: astropy-2.0
amp_name wavelength efficiency
C17 349.982 73.65413
C17 450.035 87.95727
C17 500.018 92.625084
C17 619.997 97.95964
C17 750.022 96.5091
C17 869.967 89.27313
C17 999.976 26.59706
C13 349.982 71.35297
C13 450.035 86.577896
C13 500.018 91.29187
C13 619.997 96.682175
C13 750.022 95.621574
C13 869.967 88.500694
C13 999.976 26.125406
C10 349.982 70.903534
C10 450.035 87.18459
C10 500.018 92.0329
C10 619.997 97.61352
C10 750.022 96.46718
C10 869.967 89.209785
C10 999.976 26.366741
C02 349.982 73.17146
C02 450.035 86.99409
C02 500.018 91.50234
C02 619.997 96.859764
C02 750.022 95.92883
C02 869.967 88.78035
C02 999.976 26.226973
C00 349.982 72.96578
C00 450.035 87.385605
C00 500.018 91.962746
C00 619.997 97.40384
C00 750.022 96.30563
C00 869.967 88.93615
C00 999.976 26.326813
C11 349.982 71.19634
C11 450.035 87.180626
C11 500.018 92.00043
C11 619.997 97.5415
C11 750.022 96.535095
C11 869.967 89.381454
C11 999.976 26.37701
C05 349.982 74.87662
C05 450.035 88.103035
C05 500.018 92.58803
C05 619.997 97.891396
C05 750.022 96.6896
C05 869.967 89.29199
C05 999.976 26.325005
C06 349.982 74.81069
C06 450.035 87.68222
C06 500.018 92.1222
C06 619.997 97.35716
C06 750.022 96.066986
C06 869.967 88.647835
C06 999.976 26.338835
C14 349.982 72.201225
C14 450.035 87.25258
C14 500.018 91.96412
C14 619.997 97.36262
C14 750.022 96.223755
C14 869.967 89.04149
C14 999.976 26.321823
C04 349.982 74.70495
C04 450.035 88.14087
C04 500.018 92.640915
C04 619.997 97.98071
C04 750.022 96.8893
C04 869.967 89.58254
C04 999.976 26.41219
C03 349.982 73.790924
C03 450.035 87.35961
C03 500.018 91.858444
C03 619.997 97.173836
C03 750.022 96.15891
C03 869.967 88.96427
C03 999.976 26.260117
C01 349.982 72.56571
C01 450.035 86.65166
C01 500.018 91.18033
C01 619.997 96.57176
C01 750.022 95.64721
C01 869.967 88.48614
C01 999.976 26.134739
C16 349.982 73.65023
C16 450.035 88.30544
C16 500.018 93.01981
C16 619.997 98.41389
C16 750.022 97.061165
C16 869.967 89.76365
C16 999.976 26.704817
C07 349.982 75.81663
C07 450.035 88.56436
C07 500.018 93.03716
C07 619.997 98.281746
C07 750.022 96.871765
C07 869.967 89.37187
C07 999.976 26.801323
C15 349.982 72.96943
C15 450.035 87.79407
C15 500.018 92.504326
C15 619.997 97.906166
C15 750.022 96.66866
C15 869.967 89.41469
C15 999.976 26.379227
C12 349.982 71.332985
C12 450.035 86.8678
C12 500.018 91.62748
C12 619.997 97.07824
C12 750.022 96.07174
C12 869.967 88.95427
C12 999.976 26.275427
