lsstCam/transmission_filter_detector/r34_s11/r_57/19700101T000000.ecsv
# %ECSV 1.0
# ---
# datatype:
# - {name: wavelength, unit: nm, datatype: float32}
# - {name: efficiency, unit: '%', datatype: float64}
# meta: !!omap
# - {MODE: DETECTOR}
# - {TYPE: transmission_filter_detector}
# - {CALIBDATE: '1970-01-01T00:00:00'}
# - {INSTRUME: LSSTCam}
# - {OBSTYPE: transmission_filter_detector}
# - {CALIBCLS: lsst.ip.isr.IntermediateFilterDetectorTransmissionCurve}
# - {SOURCE: Materion (DM-46256)}
# - {DETECTOR: 157}
# - {FILTER: r_57}
# - {CALIB_ID: 'calibDate=1970-01-01T00:00:00 filter=r_57 detector=157'}
# - {DATE: '2025-04-02T15:59:44.911206'}
# - {CALIB_CREATION_DATE: '2025-04-02'}
# - {CALIB_CREATION_TIME: '15:59:44'}
# - __serialized_columns__:
#     efficiency:
#       __class__: astropy.units.quantity.Quantity
#       unit: !astropy.units.Unit {unit: '%'}
#       value: !astropy.table.SerializedColumn {name: efficiency}
#     wavelength:
#       __class__: astropy.units.quantity.Quantity
#       unit: !astropy.units.Unit {unit: nm}
#       value: !astropy.table.SerializedColumn {name: wavelength}
# schema: astropy-2.0
wavelength efficiency
[from data line 603]
903.0 1.6826518477175423e-10
904.0 1.2772360946655681e-05
905.0 3.340838361509668e-05
906.0 0.00010177352578466525
907.0 0.00017013868500725948
908.0 0.00019654983134387294
909.0 0.00022296094357443508
910.0 0.00010712576568039367
911.0 1.6826518477175423e-10
912.0 9.391093271915452e-05
913.0 0.00019653130038932431
914.0 0.00012322560678512673
915.0 4.9919924549612915e-05
916.0 5.959182658443751e-05
917.0 6.926370588189457e-05
918.0 0.0001430865950169391
919.0 0.0002169094614146161
920.0 0.00022066410565457772
921.0 0.00022441870441980427
922.0 0.00019823971797450213
923.0 0.00017206073152919998
924.0 0.00019551355308067286
925.0 0.0002189663518947782
926.0 0.000166819393143669
927.0 0.00011467240028650849
928.0 0.00014189016610544058
929.0 0.00016910790918700513
930.0 0.000187734644896409
931.0 0.00020636134649976157
932.0 0.00017844957937995787
933.0 0.0001505378008914704
934.0 8.172204388756654e-05
935.0 1.2906303936688346e-05
936.0 1.2396556314797635e-05
937.0 1.1886773876312873e-05
938.0 4.9724485506885685e-05
939.0 8.756215379435162e-05
940.0 8.196212206712516e-05
941.0 7.636203918082174e-05
942.0 0.00022320439256873215
943.0 0.00037004674595664255
944.0 0.0002863128202079679
945.0 0.00020257889445929322
946.0 0.00041331059037474915
947.0 0.0006240423772396753
948.0 0.00039335454857791774
949.0 0.00016266687907773303
950.0 0.0003222695340809878
951.0 0.0004818722118216101
952.0 0.0006025300535839051
953.0 0.0007231880317704054
954.0 0.000856171300256392
955.0 0.000989154796116054
956.0 0.0010959761311823968
957.0 0.0012027973752992693
958.0 0.0014756134987692349
959.0 0.0017484297131886706
960.0 0.0018970309611177072
961.0 0.0020456320271478035
962.0 0.002180794945161324
963.0 0.002315957681275904
964.0 0.002339790080441162
965.0 0.00236362266150536
966.0 0.0023626276743016206
967.0 0.0023616325051989406
968.0 0.0022686479496769607
969.0 0.0021756633941549808
970.0 0.002203354779339861
971.0 0.0022310461645247415
972.0 0.002418511030555237
973.0 0.0026059762603836134
974.0 0.002855322600225918
975.0 0.0031046693038661033
976.0 0.003129489050479606
977.0 0.003154309160890989
978.0 0.0031683764973422512
979.0 0.0031824434699956328
980.0 0.0032508392905583605
981.0 0.0033192351111210883
982.0 0.0033206484658876434
983.0 0.003322061456856318
984.0 0.0031354487873613834
985.0 0.0029488357540685683
986.0 0.0028578693672898225
987.0 0.002766903162410017
988.0 0.0027335447157383896
989.0 0.0027001869966625236
990.0 0.002740601485129446
991.0 0.002781015973596368
992.0 0.0026942809199681506
993.0 0.0026075460482388735
994.0 0.002625072556838859
995.0 0.0026425990654388443
996.0 0.002678986857063137
997.0 0.0027153746486874297
998.0 0.0028559701604535803
999.0 0.0029965660360176116
1000.0 0.0030621937185060233
1001.0 0.003127821400994435
1002.0 0.003344597280374728
1003.0 0.0035613727959571406
1004.0 0.003666538032121025
1005.0 0.0037717029044870287
1006.0 0.0039092221413739026
1007.0 0.004046741378260776
1008.0 0.004119495133636519
1009.0 0.004192248889012262
1010.0 0.004181628537480719
1011.0 0.004171008913544938
1012.0 0.0041975497879320756
1013.0 0.0042240902985213324
1014.0 0.004051268115290441
1015.0 0.003878445568261668
1016.0 0.0034949327528011054
1017.0 0.0031114192097447813
1018.0 0.002847932955774013
1019.0 0.0025844467018032447
1020.0 0.0023769853214616887
1021.0 0.002169523941120133
1022.0 0.0017991453205468133
1023.0 0.0014287666090240236
1024.0 0.0013165497875888832
1025.0 0.001204333057103213
1026.0 0.0010212917914032005
1027.0 0.0008382507076021284
1028.0 0.0008389334652747493
1029.0 0.0008396162229473703
1030.0 0.0008580819667258766
1031.0 0.000876547801453853
1032.0 0.0008405298103753012
1033.0 0.0008045117283472791
1034.0 0.0007328108040383086
1035.0 0.0006611096523556625
1036.0 0.000592692413192708
1037.0 0.0005242752649792237
1038.0 0.00063736461015651
1039.0 0.0007504538643843262
1040.0 0.0007004200597293675
1041.0 0.0006503862095996737
1042.0 0.0006644819222856313
1043.0 0.0006785776349715889
1044.0 0.0007273572009580676
1045.0 0.0007761367669445463
1046.0 0.0007872790774854366
1047.0 0.0007984216608747374
1048.0 0.0007512107004004065
1049.0 0.0007040000582492212
1050.0 0.00092125847004354
1051.0 0.001138516927312594
1052.0 0.001031452848110348
1053.0 0.0009243884051102214
1054.0 0.0008806909136183094
1055.0 0.0008369933311769273
1056.0 0.0008224271368817426
1057.0 0.0008078608516370878
1058.0 0.00098233504104428
1059.0 0.0011568088666535914
1060.0 0.0011562015060917474
1061.0 0.001155593872681493
1062.0 0.0011772857760661282
1063.0 0.001198977497551823
1064.0 0.001223416893481044
1065.0 0.0012478561075113248
1066.0 0.0015251249351422302
1067.0 0.0018023936718236655
1068.0 0.0019596724087023176
1069.0 0.0021169509636820294
1070.0 0.0021108535293024033
1071.0 0.0021047562768217176
1072.0 0.0020547644453472458
1073.0 0.002004772613872774
1074.0 0.0021315228877938353
1075.0 0.002258272979815956
1076.0 0.0024809995011310093
1077.0 0.002703725840547122
1078.0 0.0032149771868716925
1079.0 0.003726228533196263
1080.0 0.004008030009572394
1081.0 0.004289831122150645
1082.0 0.004246975004207343
1083.0 0.004204118886264041
1084.0 0.004224829172017053
1085.0 0.004245538730174303
1086.0 0.004445983358891681
1087.0 0.004646427260013297
1088.0 0.0040913346310844645
1089.0 0.0035362423659535125
1090.0 0.0031649713491788134
1091.0 0.0027937003324041143
1092.0 0.0038192774809431285
1093.0 0.004844854629482143
1094.0 0.004400102261570282
1095.0 0.003955349893658422
1096.0 0.00353814430127386
1097.0 0.0031209383450914174
1098.0 0.0032898846257012337
1099.0 0.0034588312701089308
1100.0 0.002821615635184571
1101.0 0.0021844003640580922
