lsstCam/transmission_filter_detector/r34_s11/r_57/19700101T000000.ecsv
# %ECSV 1.0
# ---
# datatype:
# - {name: wavelength, unit: nm, datatype: float32}
# - {name: efficiency, unit: '%', datatype: float64}
# meta: !!omap
# - {MODE: DETECTOR}
# - {TYPE: transmission_filter_detector}
# - {CALIBDATE: '1970-01-01T00:00:00'}
# - {INSTRUME: LSSTCam}
# - {OBSTYPE: transmission_filter_detector}
# - {CALIBCLS: lsst.ip.isr.IntermediateFilterDetectorTransmissionCurve}
# - {SOURCE: Materion (DM-46256)}
# - {DETECTOR: 157}
# - {FILTER: r_57}
# - {CALIB_ID: 'calibDate=1970-01-01T00:00:00 filter=r_57 detector=157'}
# - {DATE: '2025-04-02T15:59:44.911206'}
# - {CALIB_CREATION_DATE: '2025-04-02'}
# - {CALIB_CREATION_TIME: '15:59:44'}
# - __serialized_columns__:
#     efficiency:
#       __class__: astropy.units.quantity.Quantity
#       unit: !astropy.units.Unit {unit: '%'}
#       value: !astropy.table.SerializedColumn {name: efficiency}
#     wavelength:
#       __class__: astropy.units.quantity.Quantity
#       unit: !astropy.units.Unit {unit: nm}
#       value: !astropy.table.SerializedColumn {name: wavelength}
# schema: astropy-2.0
wavelength efficiency
300.0 0.002976286123157479
301.0 0.007657639071112499
302.0 0.012338992382865399
303.0 0.01507531269453466
304.0 0.01781163300620392
305.0 0.01585122518008575
306.0 0.013890817353967577
307.0 0.01219316982314922
308.0 0.010495522292330861
309.0 0.009355184738524258
310.0 0.008214847912313417
311.0 0.007421983173117042
312.0 0.006629119161516428
313.0 0.00638305937172845
314.0 0.006136997399153188
315.0 0.005607717685052194
316.0 0.00507843833474908
317.0 0.004962416278431192
318.0 0.004846395313506946
319.0 0.004568430449580774
320.0 0.004290467040846124
321.0 0.004194583380012773
322.0 0.00409869899158366
323.0 0.003682070746435784
324.0 0.003265440682298504
325.0 0.0032105803256854415
326.0 0.003155719969072379
327.0 0.003192023723386228
328.0 0.003228327477700077
329.0 0.0032095842470880598
330.0 0.0031908413802739233
331.0 0.0030296661861939356
332.0 0.002868491537810769
333.0 0.0025398581783520058
334.0 0.0022112253645900637
335.0 0.002039060382230673
336.0 0.0018668953998712823
337.0 0.00172784821188543
338.0 0.0015888013876974583
339.0 0.0014721817933605053
340.0 0.0013555623809224926
341.0 0.001336983586952556
342.0 0.0013184047929826193
343.0 0.001223819072038168
344.0 0.001129233442043187
345.0 0.0011626983905443922
346.0 0.0011961631571466569
347.0 0.0011402757081668824
348.0 0.0010843881682376377
349.0 0.001033348326018313
350.0 0.002882000626414083
351.0 0.005380389848141931
352.0 0.007878777978476137
353.0 0.006759386451449245
354.0 0.005639995652018115
355.0 0.004408490713103674
356.0 0.0031769861379871145
357.0 0.0038665089959977195
358.0 0.004556033309199847
359.0 0.003933234256692231
360.0 0.003310435204184614
361.0 0.0029088338123983704
362.0 0.0025072327844100073
363.0 0.002552599835325964
364.0 0.0025979670681408606
365.0 0.0021678155462723225
366.0 0.0017376643882016651
367.0 0.0025971306968131103
368.0 0.003456596823525615
369.0 0.003829993511317298
370.0 0.0042033898353111
371.0 0.004133399488637224
372.0 0.004063408778165467
373.0 0.0032496860512765124
374.0 0.002435962960589677
375.0 0.0017466834833612666
376.0 0.001057404006132856
377.0 0.002134047099389136
378.0 0.0032106901926454157
379.0 0.002637605939526111
380.0 0.0020645218683057465
381.0 0.002180340925406199
382.0 0.002296160164405592
383.0 0.003141476190648973
384.0 0.0039867918530944735
385.0 0.00477980102004949
386.0 0.005572810914600268
387.0 0.005091069760965183
388.0 0.004609328607330099
389.0 0.003409159035072662
390.0 0.0022089885533205234
391.0 0.002031236726907082
392.0 0.0018534852642915212
393.0 0.0018073496903525665
394.0 0.001761214116413612
395.0 0.001342688119621016
396.0 0.0009241620318789501
397.0 0.000822381662146654
398.0 0.0007206012469396228
399.0 0.0009448973287362605
400.0 0.0011691936379065737
401.0 0.0011018069926649332
402.0 0.0010344202564738225
403.0 0.0008488969797326718
404.0 0.0006633739303651964
405.0 0.001073553903552238
406.0 0.0014837338312645443
407.0 0.001493900163040962
408.0 0.0015040663129184395
409.0 0.0012803625395463314
410.0 0.0010566589480731636
411.0 0.0012548038284876384
412.0 0.0014529487089021131
413.0 0.0017473974367021583
414.0 0.002041846346401144
415.0 0.002014793426496908
416.0 0.0019877406884916127
417.0 0.0016570498701184988
418.0 0.0013263588698464446
419.0 0.001984255686693359
420.0 0.002642152139742393
421.0 0.00416230977862142
422.0 0.0056824679631972685
423.0 0.009269829752156511
424.0 0.012857190449722111
425.0 0.01673298393143341
426.0 0.020608777413144708
427.0 0.020747700182255358
428.0 0.020886622951366007
429.0 0.016588052676524967
430.0 0.012289479491300881
431.0 0.008613416866865009
432.0 0.004937353151035495
433.0 0.004065321991220117
434.0 0.003193290831404738
435.0 0.0026057932700496167
436.0 0.002018295526795555
437.0 0.0014093163372308481
438.0 0.0008003372386156116
439.0 0.0009071120985026937
440.0 0.0010138867764908355
441.0 0.0011283068488410208
442.0 0.0012427270121406764
443.0 0.0015563611668767408
444.0 0.0018699955035117455
445.0 0.0015607238310622051
446.0 0.0012514527043094859
447.0 0.0012487594176491257
448.0 0.0012460661309887655
449.0 0.0014262534023146145
450.0 0.0016064406736404635
451.0 0.001704776514088735
452.0 0.0018031118088401854
453.0 0.0018019125491264276
454.0 0.0018007127437158488
455.0 0.0015141544281505048
456.0 0.0012275961125851609
457.0 0.0011153403647767846
458.0 0.0010030844350694679
459.0 0.0011089105100836605
460.0 0.001214736585097853
461.0 0.0016973655874608085
462.0 0.002179994589823764
463.0 0.0031701085390523076
464.0 0.004160222306381911
465.0 0.005189800140215084
466.0 0.0062193772464524955
467.0 0.006648624548688531
468.0 0.007077871850924566
469.0 0.0061086073401384056
470.0 0.005139342465554364
471.0 0.0038614303775830194
472.0 0.002583517925813794
473.0 0.0018383323549642228
474.0 0.0010931466931651812
475.0 0.0008167950909410138
476.0 0.0005404433977673762
477.0 0.0006719994871673407
478.0 0.0008035555765673053
479.0 0.0007383127922366839
480.0 0.0006730700533807976
481.0 0.0005587698524323059
482.0 0.0004444696969585493
483.0 0.0005444876023830147
484.0 0.0006445055987569503
485.0 0.0007057798939058557
486.0 0.0007670541890547611
487.0 0.0005445868282549782
488.0 0.00032211946745519526
489.0 0.0006439782737288624
490.0 0.0009658369890530594
491.0 0.0009061767741513904
492.0 0.000846516832098132
493.0 0.0009014177521748934
494.0 0.0009563186722516548
495.0 0.0010500654752831906
496.0 0.0011438121873652562
497.0 0.0010805761121446267
498.0 0.0010173402188229375
499.0 0.0011100328265456483
500.0 0.0012027257980662398
501.0 0.0013460520676744636
502.0 0.001489378155383747
503.0 0.001873386645456776
504.0 0.0022573947717319243
505.0 0.0027739260985981673
506.0 0.00329045724356547
507.0 0.00409398453484755
508.0 0.00489751182612963
509.0 0.00522841073689051
510.0 0.00555931001144927
511.0 0.005115479871165007
512.0 0.0046716500946786255
513.0 0.003946895230910741
514.0 0.003222140367142856
515.0 0.002963477891171351
516.0 0.0027048155970987864
517.0 0.0027792011678684503
518.0 0.002853586556739174
519.0 0.013482874783221632
520.0 0.049451697850599885
521.0 0.08599954890087247
522.0 0.08791697327978909
523.0 0.1331710838712752
524.0 0.12177482713013887
525.0 0.08181807352229953
526.0 0.08082747808657587
527.0 0.17092995112761855
528.0 0.1519649988040328
529.0 0.14294690918177366
530.0 0.20944129209965467
531.0 0.2303834306076169
532.0 0.2414266811683774
533.0 0.33217768650501966
534.0 0.4517605993896723
535.0 0.6197033450007439
536.0 0.9595358744263649
537.0 1.5452529303729534
538.0 2.3662161082029343
539.0 3.78611758351326
540.0 5.674330145120621
541.0 8.089490979909897
542.0 11.153668910264969
543.0 14.963522553443909
544.0 19.659467041492462
545.0 24.935393035411835
546.0 31.385788321495056
547.0 38.26054632663727
548.0 46.83477282524109
549.0 54.67195510864258
550.0 60.52255630493164
551.0 67.65246391296387
552.0 71.55141234397888
553.0 76.18454694747925
554.0 79.78659272193909
555.0 83.24944972991943
556.0 86.53990626335144
557.0 89.27906155586243
558.0 92.13483929634094
559.0 94.25641894340515
560.0 94.17043328285217
561.0 95.65884470939636
562.0 96.13878130912781
563.0 95.72470188140869
564.0 96.06874585151672
565.0 95.35663723945618
566.0 96.03592157363892
567.0 95.90320587158203
568.0 96.05440497398376
569.0 97.26419448852539
570.0 96.74457907676697
571.0 97.23296165466309
572.0 96.82172536849976
573.0 96.87314033508301
574.0 97.15837240219116
575.0 97.07679748535156
576.0 97.64299988746643
577.0 97.19457030296326
578.0 97.22335934638977
579.0 97.19684720039368
580.0 97.06485867500305
581.0 96.62888646125793
582.0 97.19021320343018
583.0 96.91822528839111
584.0 96.57577276229858
585.0 96.63556218147278
586.0 96.42003178596497
587.0 96.4648425579071
588.0 96.51044011116028
589.0 97.50242829322815
590.0 97.00531959533691
591.0 95.99742889404297
592.0 96.22161984443665
593.0 95.98327875137329
594.0 96.01247906684875
595.0 96.62554264068604
596.0 97.64668941497803
597.0 97.63910174369812
598.0 97.10695743560791
599.0 97.11527228355408
600.0 97.0659852027893
601.0 96.42929434776306
602.0 96.9961404800415
603.0 96.3513433933258
604.0 96.26796841621399
605.0 96.93841934204102
606.0 96.6708242893219
607.0 96.57684564590454
608.0 96.37792110443115
609.0 95.85645198822021
610.0 96.09063267707825
611.0 96.08480930328369
612.0 96.31181955337524
613.0 97.06719517707825
614.0 96.90070152282715
615.0 96.31524085998535
616.0 96.59746885299683
617.0 96.58061861991882
618.0 96.57696485519409
619.0 97.06872701644897
620.0 96.43756151199341
621.0 95.89561820030212
622.0 96.72601819038391
623.0 96.64846062660217
624.0 96.58069014549255
625.0 96.92654609680176
626.0 96.34944796562195
627.0 95.10699510574341
628.0 97.445809841156
629.0 95.75008153915405
630.0 96.59557938575745
631.0 96.23386263847351
632.0 96.96648120880127
633.0 96.65828347206116
634.0 95.93970775604248
635.0 96.5361475944519
636.0 96.3969886302948
637.0 95.90620398521423
638.0 95.6231415271759
639.0 95.48970460891724
640.0 95.87730169296265
641.0 96.04257345199585
642.0 96.66154980659485
643.0 96.27839922904968
644.0 96.31341695785522
645.0 96.68506979942322
646.0 96.53705358505249
647.0 97.4086344242096
648.0 96.6846227645874
649.0 95.72871923446655
650.0 96.74090147018433
651.0 97.2366452217102
652.0 97.27301597595215
653.0 96.13206386566162
654.0 96.77093625068665
655.0 96.71083688735962
656.0 96.0247278213501
657.0 96.09538912773132
658.0 96.53574228286743
659.0 96.17502689361572
660.0 95.88561058044434
661.0 95.58663368225098
662.0 95.80004811286926
663.0 96.02633714675903
664.0 95.58326601982117
665.0 95.5626368522644
666.0 95.36675214767456
667.0 96.06149792671204
668.0 95.27996182441711
669.0 95.84766626358032
670.0 95.4407274723053
671.0 95.75216770172119
672.0 95.41850686073303
673.0 95.2553391456604
674.0 95.0534999370575
675.0 95.59682607650757
676.0 94.87740397453308
677.0 93.80070567131042
678.0 92.8227424621582
679.0 91.888827085495
680.0 90.80235958099365
681.0 89.3228530883789
682.0 86.59798502922058
683.0 83.66552591323853
684.0 80.12124300003052
685.0 76.39692425727844
686.0 72.1437931060791
687.0 67.51524806022644
688.0 62.944358587265015
689.0 58.96039009094238
690.0 53.8019061088562
691.0 49.83300268650055
692.0 44.94108557701111
693.0 40.42441248893738
694.0 35.05720794200897
695.0 29.708942770957947
696.0 24.19336289167404
697.0 19.074764847755432
698.0 13.646958768367767
699.0 9.53424721956253
700.0 6.514961272478104
701.0 3.973722830414772
702.0 2.438780292868614
703.0 1.4198409393429756
704.0 0.8375467732548714
705.0 0.4873943515121937
706.0 0.26545722503215075
707.0 0.1713095116429031
708.0 0.1329776248894632
709.0 0.12057337444275618
710.0 0.03985667717643082
711.0 0.054687802912667394
712.0 0.04194572975393385
713.0 0.03145838272757828
714.0 0.04244618467055261
715.0 0.052207644330337644
716.0 0.04825158102903515
717.0 0.07966901757754385
718.0 0.053050374845042825
719.0 0.055790168698877096
720.0 0.02506803721189499
721.0 0.004379600432002917
722.0 0.0041424638766329736
723.0 0.003905327685060911
724.0 0.0036326877307146788
725.0 0.0033600481401663274
726.0 0.003129364995402284
727.0 0.00289868148684036
728.0 0.002751871943473816
729.0 0.0026050625820062123
730.0 0.002466192927386146
731.0 0.0023273232727660798
732.0 0.0022619009541813284
733.0 0.0021964788174955174
734.0 0.002066268280032091
735.0 0.0019360577425686643
736.0 0.001831242479966022
737.0 0.0017264275811612606
738.0 0.0016843403500388376
739.0 0.0016422529370174743
740.0 0.0016159890947164968
741.0 0.0015897250705165789
742.0 0.0014379643289430533
743.0 0.0012862033145211171
744.0 0.001416302711731987
745.0 0.0015464021998923272
746.0 0.001350285947410157
747.0 0.0011541696039785165
748.0 0.0011894721865246538
749.0 0.0012247748600202613
750.0 0.0011702974916261155
751.0 0.0011158203051309101
752.0 0.0011420989721955266
753.0 0.0011683779121085536
754.0 0.0011587242624955252
755.0 0.0011490706128824968
756.0 0.0010545201803324744
757.0 0.0009599699296813924
758.0 0.0009540057362755761
759.0 0.0009480419066676404
760.0 0.0009497610335529316
761.0 0.0009514800694887526
762.0 0.0009079929441213608
763.0 0.0008645060006529093
764.0 0.0009171826604870148
765.0 0.0009698593203211203
766.0 0.0008462255209451541
767.0 0.0007225915851449827
768.0 0.0006937862508493708
769.0 0.0006649807346548187
770.0 0.0006292822035902645
771.0 0.0005935835815762402
772.0 0.0007107052169885719
773.0 0.0008278266250272281
774.0 0.0008870146302797366
775.0 0.000946202635532245
776.0 0.000995577920548385
777.0 0.0010449535693624057
778.0 0.0008489721039950382
779.0 0.0006529909569508163
780.0 0.000677802563586738
781.0 0.0007026143066468649
782.0 0.0007811060640960932
783.0 0.0008595980034442618
784.0 0.0007892200301284902
785.0 0.0007188422387116589
786.0 0.0007671884304727428
787.0 0.0008155345312843565
788.0 0.000647512570139952
789.0 0.00047949056352081243
790.0 0.0005522073024621932
791.0 0.0006249241323530441
792.0 0.0006121096703282092
793.0 0.000599295071879169
794.0 0.0006781325282645412
795.0 0.0007569701210741187
796.0 0.0006221266175998608
797.0 0.0004872831141256029
798.0 0.0005626344318443444
799.0 0.0006379858859872911
800.0 0.0006969487913011108
801.0 0.0007559114237665199
802.0 0.0007593073860334698
803.0 0.0007627033483004197
804.0 0.0006736435807397356
805.0 0.0005845838586537866
806.0 0.0005823882020195015
807.0 0.0005801923180115409
808.0 0.0006150104582047788
809.0 0.0006498284619738115
810.0 0.0006698639936075779
811.0 0.0006898992523929337
812.0 0.0005363170657801675
813.0 0.0003827346972684609
814.0 0.00044454118324210867
815.0 0.0005063476692157565
816.0 0.0006745442533429014
817.0 0.0008427409738942515
818.0 0.0006777756425435655
819.0 0.0005128101747686742
820.0 0.000574411478737602
821.0 0.0006360126917570597
822.0 0.0006143910468381364
823.0 0.0005927694473939482
824.0 0.0005038499693910126
825.0 0.00041493040043860674
826.0 0.0004004833499493543
827.0 0.00038603629946010187
828.0 0.00036898884445690783
829.0 0.0003519414576658164
830.0 0.00013119548611939535
831.0 1.6826518477175423e-10
832.0 1.6826518477175423e-10
833.0 1.6826518477175423e-10
834.0 1.6826518477175423e-10
835.0 5.39624977591302e-05
836.0 4.168421412487078e-05
837.0 2.9405896384560037e-05
838.0 0.0005976902230031556
839.0 0.0011659745723591186
840.0 0.001533883551019244
841.0 0.0019017925296793692
842.0 0.002365809996263124
843.0 0.0028298276447458193
844.0 0.0034132990549551323
845.0 0.003996770101366565
846.0 0.004156858994974755
847.0 0.004316947524785064
848.0 0.003759242099476978
849.0 0.003201536674168892
850.0 0.002533301812945865
851.0 0.001865066951722838
852.0 0.0016066656826296821
853.0 0.001348264777334407
854.0 0.0011147417353640776
855.0 0.0008812186933937483
856.0 0.0006997043328738073
857.0 0.0005181896995054558
858.0 0.0004904686647932976
859.0 0.0004627477210306097
860.0 0.000356245732291427
861.0 0.0002497437662896118
862.0 0.00035698610645340523
863.0 0.000464228378405096
864.0 0.0003758890670724213
865.0 0.00028754977847711416
866.0 0.00024761620807112195
867.0 0.00020768259219039464
868.0 0.00018923884681498748
869.0 0.00017079509007089655
870.0 0.00017481768281868426
871.0 0.00017884029830383952
872.0 0.0001250159243681992
873.0 7.119156748558453e-05
874.0 0.00012019202131341444
875.0 0.0001691924580882187
876.0 0.00013476972071657656
877.0 0.00010034701745098573
878.0 0.00011263954320384073
879.0 0.00012493209169406327
880.0 8.05963168204471e-05
881.0 3.62605533155147e-05
882.0 0.00012911907560919644
883.0 0.0002219775979028782
884.0 0.00014462650597124593
885.0 6.727536856487859e-05
886.0 0.00016488361325173173
887.0 0.00026249185793858487
888.0 0.00025037413706741063
889.0 0.00023825646167097148
890.0 0.00013391983202382107
891.0 2.95832307983801e-05
892.0 1.2808187932478177e-05
893.0 1.6826518477175423e-10
894.0 3.242313084683701e-05
895.0 6.881310810058494e-05
896.0 4.7464172325817344e-05
897.0 2.611523086670786e-05
898.0 6.034307489244384e-05
899.0 9.457090186515416e-05
900.0 7.792611711465725e-06
901.0 1.6826518477175423e-10
