lsstCam/transmission_filter_detector/r12_s00/r_57/19700101T000000.ecsv
# %ECSV 1.0
# ---
# datatype:
# - {name: wavelength, unit: nm, datatype: float32}
# - {name: efficiency, unit: '%', datatype: float64}
# meta: !!omap
# - {MODE: DETECTOR}
# - {TYPE: transmission_filter_detector}
# - {CALIBDATE: '1970-01-01T00:00:00'}
# - {INSTRUME: LSSTCam}
# - {OBSTYPE: transmission_filter_detector}
# - {CALIBCLS: lsst.ip.isr.IntermediateFilterDetectorTransmissionCurve}
# - {SOURCE: Materion (DM-46256)}
# - {DETECTOR: 45}
# - {FILTER: r_57}
# - {CALIB_ID: 'calibDate=1970-01-01T00:00:00 filter=r_57 detector=45'}
# - {DATE: '2025-04-02T15:59:44.393386'}
# - {CALIB_CREATION_DATE: '2025-04-02'}
# - {CALIB_CREATION_TIME: '15:59:44'}
# - __serialized_columns__:
#     efficiency:
#       __class__: astropy.units.quantity.Quantity
#       unit: !astropy.units.Unit {unit: '%'}
#       value: !astropy.table.SerializedColumn {name: efficiency}
#     wavelength:
#       __class__: astropy.units.quantity.Quantity
#       unit: !astropy.units.Unit {unit: nm}
#       value: !astropy.table.SerializedColumn {name: wavelength}
# schema: astropy-2.0
wavelength efficiency
300.0 0.0016688787582097575
301.0 0.0045662516640732065
302.0 0.007463623478543013
303.0 0.01009325496852398
304.0 0.012722885003313422
305.0 0.011177360283909366
306.0 0.009631837019696832
307.0 0.008807775157038122
308.0 0.007983714021975175
309.0 0.007012145215412602
310.0 0.006040575317456387
311.0 0.005871149551239796
312.0 0.005701723421225324
313.0 0.0053681134886574
314.0 0.005034503556089476
315.0 0.004727152190753259
316.0 0.00441980009782128
317.0 0.004052613439853303
318.0 0.0036854271456832066
319.0 0.0035287819628138095
320.0 0.003372136052348651
321.0 0.0030983745091361925
322.0 0.0028246120564290322
323.0 0.0026103902200702578
324.0 0.0023961680199136026
325.0 0.0024376369765377603
326.0 0.0024791055693640374
327.0 0.0023614435121999122
328.0 0.002243781455035787
329.0 0.0023356878955382854
330.0 0.0024275941541418433
331.0 0.0021770300008938648
332.0 0.001926466211443767
333.0 0.0017133832443505526
334.0 0.0015003005501057487
335.0 0.0014377763363881968
336.0 0.0013752520317211747
337.0 0.0012136509212723467
338.0 0.001052049901772989
339.0 0.0009564903848513495
340.0 0.0008609308679297101
341.0 0.0009170928933599498
342.0 0.0009732551006891299
343.0 0.0009006171239889227
344.0 0.0008279792382381856
345.0 0.0008209892257582396
346.0 0.000813999395177234
347.0 0.0007737581654509995
348.0 0.0007335170266742352
349.0 0.0007178478426794754
350.0 0.005601142402156256
351.0 0.00559556283405982
352.0 0.005589983629761264
353.0 0.0050873644795501605
354.0 0.004584746056934819
355.0 0.005231877366895787
356.0 0.005879009768250398
357.0 0.007250912312883884
358.0 0.008622815948911011
359.0 0.006146792293293402
360.0 0.0036707690014736727
361.0 0.0025890210963552818
362.0 0.0015072731002874207
363.0 0.0028106187528464943
364.0 0.004113963950658217
365.0 0.004134701885050163
366.0 0.004155439819442108
367.0 0.0033262564102187753
368.0 0.0024970730009954423
369.0 0.002065025910269469
370.0 0.0016329793652403168
371.0 0.0018858598195947707
372.0 0.002138740637747105
373.0 0.002610522278700955
374.0 0.003082303737755865
375.0 0.0028490181648521684
376.0 0.002615732591948472
377.0 0.0012822959433833603
378.0 1.5971634821990155e-10
379.0 0.0010628913514665328
380.0 0.002176923408114817
381.0 0.0028826807465520687
382.0 0.003588438266888261
383.0 0.0032345837098546326
384.0 0.0028807293347199447
385.0 0.004037531471112743
386.0 0.005194333425606601
387.0 0.004685205203713849
388.0 0.004176076981821097
389.0 0.0036816869396716356
390.0 0.003187296533724293
391.0 0.002213361040048767
392.0 0.0012394256373227108
393.0 0.0013313831914274488
394.0 0.0014233402907848358
395.0 0.000995963182504056
396.0 0.000568585937799071
397.0 0.0005805696218885714
398.0 0.0005925535788264824
399.0 0.0004686792181018973
400.0 0.0003448044253673288
401.0 1.5971634821990155e-10
402.0 1.5971634821990155e-10
403.0 1.5971634821990155e-10
404.0 0.00022293675101536792
405.0 0.0007751657904009335
406.0 0.0013273946024128236
407.0 0.0017643496903474443
408.0 0.0022013045963831246
409.0 0.001792432703950908
410.0 0.001383560538670281
411.0 0.0010034047591034323
412.0 0.0006232489795365836
413.0 0.0005785321263829246
414.0 0.0005338152732292656
415.0 0.0005545095973502612
416.0 0.0005752042852691375
417.0 0.0011885286767210346
418.0 0.0018018534319708124
419.0 0.002214759479102213
420.0 0.0026276655262336135
421.0 0.004020168125862256
422.0 0.0054126699978951365
423.0 0.008290422556456178
424.0 0.011168173659825698
425.0 0.015345490828622133
426.0 0.019522802904248238
427.0 0.020162250439170748
428.0 0.020801700884476304
429.0 0.01584571728017181
430.0 0.010889732220675796
431.0 0.007803776679793373
432.0 0.004717820047517307
433.0 0.0037266996514517814
434.0 0.002735578891588375
435.0 0.0021265008399495855
436.0 0.0015174225154623855
437.0 0.001302743021369679
438.0 0.0010880637091759127
439.0 0.0009237446647603065
440.0 0.0007594257567689056
441.0 0.001047496152750682
442.0 0.0013355664123082533
443.0 0.0016739115380914882
444.0 0.0020122568457736634
445.0 0.0019427461666055024
446.0 0.0018732356693362817
447.0 0.0016768841305747628
448.0 0.001480532591813244
449.0 0.0014422606909647584
450.0 0.0014039884263183922
451.0 0.0014772734175494406
452.0 0.0015505585906794295
453.0 0.0015062036254676059
454.0 0.0014618485693063121
455.0 0.0013349246728466824
456.0 0.0012080011401849333
457.0 0.0008489508218190167
458.0 0.0004899007308267755
459.0 0.0007576985353807686
460.0 0.0010254962944600265
461.0 0.0016116844562930055
462.0 0.0021978721633786336
463.0 0.002885935282392893
464.0 0.0035739984014071524
465.0 0.004606200309353881
466.0 0.005638402217300609
467.0 0.006269676669035107
468.0 0.0069009518483653665
469.0 0.0058768717281054705
470.0 0.004852793426834978
471.0 0.0037190700822975487
472.0 0.002585346737760119
473.0 0.0021251120415399782
474.0 0.0016648769815219566
475.0 0.0013592503819381818
476.0 0.0010536241461522877
477.0 0.00085738092820975
478.0 0.0006611377557419473
479.0 0.0009124694770434871
480.0 0.0011638009709713515
481.0 0.0008815502042125445
482.0 0.0005992996193526778
483.0 0.0006361525720421923
484.0 0.0006730053428327665
485.0 0.0006007547654007794
486.0 0.000528504006069852
487.0 0.0005961423539702082
488.0 0.0006637806109210942
489.0 0.0006138694516266696
490.0 0.0005639582013827749
491.0 0.0007445918072335189
492.0 0.0009252253221347928
493.0 0.0010027585631178226
494.0 0.0010802918041008525
495.0 0.0009558007150189951
496.0 0.0008313096259371378
497.0 0.0010981935702147894
498.0 0.0013650774235429708
499.0 0.0013292794392327778
500.0 0.0012934816368215252
501.0 0.0014389118405233603
502.0 0.001584342317073606
503.0 0.0019421120668994263
504.0 0.0022998818167252466
505.0 0.0028126225515734404
506.0 0.0033253632864216343
507.0 0.003994306098320521
508.0 0.004663248546421528
509.0 0.005125160532770678
510.0 0.005587071063928306
511.0 0.004961764352628961
512.0 0.004336457277531736
513.0 0.003718068910529837
514.0 0.0030996801797300577
515.0 0.002930187838501297
516.0 0.002760695861070417
517.0 0.0024976403437904082
518.0 0.0022345846446114592
519.0 0.08594731334596872
520.0 0.17543737776577473
521.0 0.10084586683660746
522.0 0.10552966268733144
523.0 1.5971634821990155e-10
524.0 0.057555141393095255
525.0 0.13490349519997835
526.0 0.07516719051636755
527.0 0.11525943409651518
528.0 0.09250408038496971
529.0 0.16918666660785675
530.0 0.14383194502443075
531.0 0.13618943048641086
532.0 0.17172364750877023
533.0 0.26130585465580225
534.0 0.3836830845102668
535.0 0.39114831015467644
536.0 0.5889203865081072
537.0 0.8090815506875515
538.0 1.2372414581477642
539.0 1.9183548167347908
540.0 3.1149251386523247
541.0 4.710661619901657
542.0 6.824490427970886
543.0 9.767960757017136
544.0 13.255584239959717
545.0 17.16768890619278
546.0 21.905142068862915
547.0 27.74752378463745
548.0 35.35933792591095
549.0 43.2760089635849
550.0 50.23205280303955
551.0 57.78619647026062
552.0 63.77412676811218
553.0 69.22207474708557
554.0 73.37688207626343
555.0 77.82217264175415
556.0 81.67481422424316
557.0 84.4142198562622
558.0 87.8912091255188
559.0 90.89576005935669
560.0 91.56445264816284
561.0 93.83342266082764
562.0 94.51887011528015
563.0 94.78325843811035
564.0 95.14365792274475
565.0 94.81999278068542
566.0 95.50057649612427
567.0 94.36853528022766
568.0 95.3879177570343
569.0 96.00564241409302
570.0 95.67626118659973
571.0 96.3826060295105
572.0 96.26327753067017
573.0 96.42389416694641
574.0 97.0796525478363
575.0 96.67219519615173
576.0 97.12598323822021
577.0 96.35974168777466
578.0 96.60729169845581
579.0 97.17984795570374
580.0 95.86181044578552
581.0 96.24760746955872
582.0 96.25716209411621
583.0 96.37448787689209
584.0 96.00147008895874
585.0 95.97537517547607
586.0 96.02987766265869
587.0 95.72272896766663
588.0 96.13683223724365
589.0 96.9726026058197
590.0 96.26998901367188
591.0 95.67866325378418
592.0 95.49276232719421
593.0 95.30647993087769
594.0 95.27895450592041
595.0 95.57387828826904
596.0 96.66136503219604
597.0 97.00708389282227
598.0 96.1197555065155
599.0 96.27854824066162
600.0 96.59584760665894
601.0 95.54693698883057
602.0 96.11819386482239
603.0 96.12930417060852
604.0 95.7593023777008
605.0 96.30846381187439
606.0 95.68251967430115
607.0 95.87738513946533
608.0 96.07780575752258
609.0 95.22855877876282
610.0 95.66625356674194
611.0 95.4326331615448
612.0 95.4366147518158
613.0 96.58951163291931
614.0 96.15106582641602
615.0 95.92120051383972
616.0 96.14716172218323
617.0 96.06074690818787
618.0 95.92821598052979
619.0 96.58163785934448
620.0 95.67201137542725
621.0 95.07386684417725
622.0 96.24865055084229
623.0 96.14766836166382
624.0 96.1854338645935
625.0 96.53458595275879
626.0 95.72427868843079
627.0 94.60271000862122
628.0 97.05436825752258
629.0 94.87775564193726
630.0 96.03759050369263
631.0 95.62156796455383
632.0 96.41546607017517
633.0 95.94913721084595
634.0 95.52603960037231
635.0 95.69653868675232
636.0 95.38666605949402
637.0 95.59667110443115
638.0 95.03023028373718
639.0 95.13239860534668
640.0 95.0943112373352
641.0 95.429527759552
642.0 95.65668106079102
643.0 95.8500623703003
644.0 95.66282629966736
645.0 95.84815502166748
646.0 95.96750736236572
647.0 96.52196168899536
648.0 96.03145122528076
649.0 95.27196884155273
650.0 95.81214785575867
651.0 96.39475345611572
652.0 96.57551050186157
653.0 95.5889880657196
654.0 96.26296758651733
655.0 96.32612466812134
656.0 95.45299410820007
657.0 95.35702466964722
658.0 95.67352533340454
659.0 95.59043049812317
660.0 95.24206519126892
661.0 95.63978910446167
662.0 95.82797884941101
663.0 95.45902609825134
664.0 95.24121284484863
665.0 95.06629705429077
666.0 95.31919360160828
667.0 95.28886079788208
668.0 94.69811916351318
669.0 95.15653252601624
670.0 95.10104060173035
671.0 95.18344402313232
672.0 94.84200477600098
673.0 95.0430154800415
674.0 94.92803812026978
675.0 95.46517729759216
676.0 94.90242600440979
677.0 93.92571449279785
678.0 93.413907289505
679.0 92.31118559837341
680.0 91.25843644142151
681.0 90.0912880897522
682.0 88.35926055908203
683.0 85.5223298072815
684.0 82.03506469726562
685.0 79.00134921073914
686.0 75.08091330528259
687.0 70.44900059700012
688.0 66.00403785705566
689.0 61.29430532455444
690.0 56.11996650695801
691.0 52.08179950714111
692.0 47.547364234924316
693.0 43.14374625682831
694.0 38.30711841583252
695.0 33.36077630519867
696.0 27.95957624912262
697.0 22.898735105991364
698.0 17.311865091323853
699.0 12.66329139471054
700.0 9.005394577980042
701.0 5.774960294365883
702.0 3.618019074201584
703.0 2.108512260019779
704.0 1.2649972923099995
705.0 0.7067554630339146
706.0 0.528183626011014
707.0 0.2905674744397402
708.0 0.22018083836883307
709.0 0.1606519683264196
710.0 0.14119880506768823
711.0 0.11463689152151346
712.0 0.06932542310096323
713.0 0.062066566897556186
714.0 0.052375829545781016
715.0 0.047083478420972824
716.0 0.04971520975232124
717.0 0.0466433324618265
718.0 0.034412925015203655
719.0 0.03485672932583839
720.0 1.5971634821990155e-10
721.0 0.004566094139590859
722.0 0.004305431139073335
723.0 0.004044768866151571
724.0 0.0037367615732364357
725.0 0.0034287539165234193
726.0 0.0031893763662083074
727.0 0.002949998997792136
728.0 0.002798257628455758
729.0 0.00264651607722044
730.0 0.0024267179469461553
731.0 0.002206919998570811
732.0 0.0022200285457074642
733.0 0.002233137274743058
734.0 0.002149116880900692
735.0 0.0020650963051593862
736.0 0.0018854276277124882
737.0 0.00170575895026559
738.0 0.0016891955965547822
739.0 0.0016726322428439744
740.0 0.0016451534975203685
741.0 0.0016176747521967627
742.0 0.001488174621044891
743.0 0.0013586744898930192
744.0 0.001405557577527361
745.0 0.0014524403923132923
746.0 0.0013694423614651896
747.0 0.0012864445125160273
748.0 0.0011566959983611014
749.0 0.0010269474842061754
750.0 0.0010365266462031286
751.0 0.0010461059900990222
752.0 0.0010585245036054403
753.0 0.001070942835212918
754.0 0.0011035393981728703
755.0 0.0011361363249307033
756.0 0.0010989727343257982
757.0 0.0010618088708724827
758.0 0.0011165910109411925
759.0 0.0011713730600604322
760.0 0.0011489069947856478
761.0 0.0011264412933087442
762.0 0.0011117217582068406
763.0 0.0010970025869028177
764.0 0.001036915728036547
765.0 0.0009768288691702764
766.0 0.0008169657121470664
767.0 0.0006571024641743861
768.0 0.0006496246896858793
769.0 0.0006421468242479023
770.0 0.0007711118087172508
771.0 0.0009000769750855397
772.0 0.0007697642104176339
773.0 0.0006394514002749929
774.0 0.0007688282494200394
775.0 0.0008982049621408805
776.0 0.0009020345714816358
777.0 0.0009058641808223911
778.0 0.0008701833394297864
779.0 0.0008345026799361221
780.0 0.0007447936241078423
781.0 0.0006550845228048274
782.0 0.000746791056371876
783.0 0.0008384974535147194
784.0 0.0008863141374604311
785.0 0.0009341305485577323
786.0 0.0008252539373643231
787.0 0.0007163772352214437
788.0 0.0006943559128558263
789.0 0.000672334635964944
790.0 0.0007449356871802593
791.0 0.0008175366929208394
792.0 0.0008051742042880505
793.0 0.0007928118066047318
794.0 0.0007923979865154251
795.0 0.0007919839845271781
796.0 0.0006640482297370909
797.0 0.0005361123839975335
798.0 0.0007354767149081454
799.0 0.0009348409548692871
800.0 0.0008180777513189241
801.0 0.0007013143658696208
802.0 0.0006050609499652637
803.0 0.0005088073066872312
804.0 0.0006682476850983221
805.0 0.0008276881999336183
806.0 0.0006919965471752221
807.0 0.000556304985366296
808.0 0.000753817948861979
809.0 0.0009513309123576619
810.0 0.0008123685802274849
811.0 0.0006734065209457185
812.0 0.0007085421657393454
813.0 0.0007436778105329722
814.0 0.0005630209216178628
815.0 0.0003823640327027533
816.0 0.000574245268580853
817.0 0.0007661265954084229
818.0 0.0006993413080635946
819.0 0.0006325560661935015
820.0 0.0005097389930597274
821.0 0.0003869218744512182
822.0 0.0004068126600031974
823.0 0.0004267034910299117
824.0 0.0004967159384250408
825.0 0.000566728431294905
826.0 0.0006085322183935205
827.0 0.0006503360054921359
828.0 0.0004999043540010462
829.0 0.00034947270250995643
830.0 0.00018148591607314302
831.0 1.3499170847808273e-05
832.0 3.7454029211403395e-05
833.0 6.140887194305833e-05
834.0 3.625207511959161e-05
835.0 1.1095244900616308e-05
836.0 0.0003544930677890079
837.0 0.0006978910278121475
838.0 0.0007933513188618235
839.0 0.0008888116099114995
840.0 0.0012378265637380537
841.0 0.0015868414266151376
842.0 0.0020592868168023415
843.0 0.0025317322069895454
844.0 0.002318759470654186
845.0 0.0021057867343188263
846.0 0.001938791319844313
847.0 0.0017717957234708592
848.0 0.0017433676475775428
849.0 0.0017149392078863457
850.0 0.001569348205521237
851.0 0.0014237573850550689
852.0 0.0013042796126683243
853.0 0.0011848017493321095
854.0 0.00103005340861273
855.0 0.00087530479504494
856.0 0.0006598587788175792
857.0 0.0004444128535396885
858.0 0.0005195510766498046
859.0 0.0005946892997599207
860.0 0.0005056626832811162
861.0 0.0004166359758528415
862.0 0.0004206810444884468
863.0 0.00042472615859878715
864.0 0.0002886786205635872
865.0 0.00015263113937180606
866.0 0.00010646256214386085
867.0 6.0293956494206213e-05
868.0 0.00010446079841130995
869.0 0.0001486276005380205
870.0 2.711389583964774e-05
871.0 1.5971634821990155e-10
872.0 1.5971634821990155e-10
873.0 1.5971634821990155e-10
874.0 1.5971634821990155e-10
875.0 1.5971634821990155e-10
876.0 1.5971634821990155e-10
877.0 1.5971634821990155e-10
878.0 9.672880878497381e-05
879.0 0.00024291825866384897
880.0 0.00015329291045418358
881.0 6.366753382280876e-05
882.0 5.413006078924809e-05
883.0 4.459261617739685e-05
884.0 1.5971634821990155e-10
885.0 1.5971634821990155e-10
886.0 1.5971634821990155e-10
887.0 9.828584097704152e-05
888.0 0.0001602946440470987
889.0 0.00022230342437978834
890.0 0.00016153304613908404
891.0 0.00010076263379232842
892.0 4.109874396363011e-06
893.0 1.5971634821990155e-10
894.0 1.5971634821990155e-10
895.0 1.5971634821990155e-10
896.0 4.239748818690714e-05
897.0 8.851459938341577e-05
898.0 7.247618896144559e-05
899.0 5.6437761486449745e-05
900.0 1.8603054741106462e-05
