lsstCam/transmission_filter_detector/r12_s00/r_57/19700101T000000.ecsv
# %ECSV 1.0
# ---
# datatype:
# - {name: wavelength, unit: nm, datatype: float32}
# - {name: efficiency, unit: '%', datatype: float64}
# meta: !!omap
# - {MODE: DETECTOR}
# - {TYPE: transmission_filter_detector}
# - {CALIBDATE: '1970-01-01T00:00:00'}
# - {INSTRUME: LSSTCam}
# - {OBSTYPE: transmission_filter_detector}
# - {CALIBCLS: lsst.ip.isr.IntermediateFilterDetectorTransmissionCurve}
# - {SOURCE: Materion (DM-46256)}
# - {DETECTOR: 45}
# - {FILTER: r_57}
# - {CALIB_ID: 'calibDate=1970-01-01T00:00:00 filter=r_57 detector=45'}
# - {DATE: '2025-04-02T15:59:44.393386'}
# - {CALIB_CREATION_DATE: '2025-04-02'}
# - {CALIB_CREATION_TIME: '15:59:44'}
# - __serialized_columns__:
#     efficiency:
#       __class__: astropy.units.quantity.Quantity
#       unit: !astropy.units.Unit {unit: '%'}
#       value: !astropy.table.SerializedColumn {name: efficiency}
#     wavelength:
#       __class__: astropy.units.quantity.Quantity
#       unit: !astropy.units.Unit {unit: nm}
#       value: !astropy.table.SerializedColumn {name: wavelength}
# schema: astropy-2.0
wavelength efficiency
[from data line 602]
902.0 1.5971634821990155e-10
903.0 1.5971634821990155e-10
904.0 1.5971634821990155e-10
905.0 5.149861408426659e-05
906.0 1.5971634821990155e-10
907.0 1.5971634821990155e-10
908.0 1.5971634821990155e-10
909.0 1.5971634821990155e-10
910.0 1.5971634821990155e-10
911.0 1.5971634821990155e-10
912.0 1.5971634821990155e-10
913.0 1.5971634821990155e-10
914.0 1.5971634821990155e-10
915.0 1.2723475606435386e-05
916.0 1.5971634821990155e-10
917.0 1.5971634821990155e-10
918.0 3.034800215573341e-05
919.0 0.00011232343695155578
920.0 2.8453257527871756e-05
921.0 1.5971634821990155e-10
922.0 6.170154165374697e-05
923.0 0.00017882002794067375
924.0 0.00017909095504364814
925.0 0.0001793618935153063
926.0 0.00015277893226084416
927.0 0.00012619597100638202
928.0 0.0001410936533829954
929.0 0.000155991324390925
930.0 0.0002016063490373199
931.0 0.0002472213736837148
932.0 8.212329021262121e-05
933.0 1.5971634821990155e-10
934.0 8.899826866581861e-05
935.0 0.00026097125100932317
936.0 0.00024926691821747227
937.0 0.00023756256268825382
938.0 0.0003402534957785974
939.0 0.00044294442886894103
940.0 0.0003223059138690587
941.0 0.00020166737613180885
942.0 0.0003430137894611107
943.0 0.00048436022552778013
944.0 0.0003669800662464695
945.0 0.00024959995243989397
946.0 0.0002706512304939679
947.0 0.00029170248581067426
948.0 0.0003856730018014787
949.0 0.0004796435860043857
950.0 0.000479433902000892
951.0 0.0004792242634721333
952.0 0.0006357736310746986
953.0 0.0007923231351014692
954.0 0.0011082939636253286
955.0 0.0014242650649975985
956.0 0.0014950967852200847
957.0 0.001565928505442571
958.0 0.0016868887541932054
959.0 0.0018078493667417206
960.0 0.001971038000192493
961.0 0.0021342269974411465
962.0 0.0023132939531933516
963.0 0.0024923612727434374
964.0 0.0025359748178743757
965.0 0.0025795881811063737
966.0 0.002532961116230581
967.0 0.002486333869455848
968.0 0.0024388687961618416
969.0 0.002391404086665716
970.0 0.002487255187588744
971.0 0.0025831062885117717
972.0 0.0026371286367066205
973.0 0.002691150439204648
974.0 0.0028714082873193547
975.0 0.003051665953535121
976.0 0.003153192301397212
977.0 0.0032547184673603624
978.0 0.0031223582482198253
979.0 0.0029899980290792882
980.0 0.002978489465021994
981.0 0.00296698108286364
982.0 0.003023725366801955
983.0 0.00308046983263921
984.0 0.003033091161341872
985.0 0.002985712308145594
986.0 0.0029116261430317536
987.0 0.0028375399779179133
988.0 0.0026219031497021206
989.0 0.002406266503385268
990.0 0.002435778696963098
991.0 0.002465291072439868
992.0 0.0025430314053664915
993.0 0.0026207719201920554
994.0 0.002660662903508637
995.0 0.0027005531592294574
996.0 0.002801497612381354
997.0 0.00290244188363431
998.0 0.002988606684084516
999.0 0.003074771666433662
1000.0 0.0032402054785052314
1001.0 0.0034056396543746814
1002.0 0.003637251938926056
1003.0 0.003868864951073192
1004.0 0.003966161602875218
1005.0 0.004063458618475124
1006.0 0.004222030474920757
1007.0 0.004380602695164271
1008.0 0.0043347299651941285
1009.0 0.004288857235223986
1010.0 0.004239007830619812
1011.0 0.004189158062217757
1012.0 0.004168926170677878
1013.0 0.004148693915340118
1014.0 0.0038915331970201805
1015.0 0.003634372478700243
1016.0 0.0035149569157510996
1017.0 0.0033955413528019562
1018.0 0.0029977674785186537
1019.0 0.002599993968033232
1020.0 0.002183131618949119
1021.0 0.0017662692698650062
1022.0 0.0015506440831813961
1023.0 0.0013350187145988457
1024.0 0.0013698844668397214
1025.0 0.0014047504919290077
1026.0 0.001316973430220969
1027.0 0.00122919618661399
1028.0 0.001125389007938793
1029.0 0.0010215817383141257
1030.0 0.0009489124749961775
1031.0 0.0008762426659814082
1032.0 0.0008563530172978062
1033.0 0.0008364629138668533
1034.0 0.0007945701327116694
1035.0 0.0007526771241828101
1036.0 0.0008873033038980793
1037.0 0.001021929165290203
1038.0 0.0009029234206536785
1039.0 0.0007839179488655645
1040.0 0.0007941509466036223
1041.0 0.00080438394434168
1042.0 0.0009859107194643002
1043.0 0.0011674369488900993
1044.0 0.001066254117176868
1045.0 0.0009650715583120473
1046.0 0.0009473811587668024
1047.0 0.0009296909411204979
1048.0 0.0008141088073898572
1049.0 0.0006985267646086868
1050.0 0.0007224787168524927
1051.0 0.0007464306236215634
1052.0 0.0011116985660919454
1053.0 0.0014769661902391817
1054.0 0.0013012727322347928
1055.0 0.0011255791832809336
1056.0 0.0010863473107747268
1057.0 0.0010471158930158708
1058.0 0.0008974127013061661
1059.0 0.000747709782444872
1060.0 0.0011188938515260816
1061.0 0.0014900774658599403
1062.0 0.0014302891031547915
1063.0 0.0013705006495001726
1064.0 0.0010997076060448308
1065.0 0.0008289143806905486
1066.0 0.001075099589797901
1067.0 0.0013212849808041938
1068.0 0.001600193718331866
1069.0 0.001879101910162717
1070.0 0.0014752049537491985
1071.0 0.0010713079973356798
1072.0 0.001393618276779307
1073.0 0.001715928920020815
1074.0 0.0024170560209313408
1075.0 0.003118183303740807
1076.0 0.0033472264476586133
1077.0 0.0035762695915764198
1078.0 0.0039786296838428825
1079.0 0.0043809894123114645
1080.0 0.004378778612590395
1081.0 0.004376567812869325
1082.0 0.004401425758260302
1083.0 0.00442628406744916
1084.0 0.004888526018476114
1085.0 0.0053507679695030674
1086.0 0.005346165926312096
1087.0 0.005341563519323245
1088.0 0.0053072624723427
1089.0 0.0052729617891600356
1090.0 0.005122062066220678
1091.0 0.004971162343281321
1092.0 0.004284286842448637
1093.0 0.003597410977818072
1094.0 0.0038265490729827434
1095.0 0.004055686804349534
1096.0 0.0029700793675146997
1097.0 0.0018844715668819845
1098.0 0.0015384677681140602
1099.0 0.0011924643331440166
1100.0 0.0013191575817472767
1101.0 0.0014458502846537158
