lsstCam/transmission_filter_detector/r10_s01/r_57/19700101T000000.ecsv
# %ECSV 1.0
# ---
# datatype:
# - {name: wavelength, unit: nm, datatype: float32}
# - {name: efficiency, unit: '%', datatype: float64}
# meta: !!omap
# - {MODE: DETECTOR}
# - {TYPE: transmission_filter_detector}
# - {CALIBDATE: '1970-01-01T00:00:00'}
# - {INSTRUME: LSSTCam}
# - {OBSTYPE: transmission_filter_detector}
# - {CALIBCLS: lsst.ip.isr.IntermediateFilterDetectorTransmissionCurve}
# - {SOURCE: Materion (DM-46256)}
# - {DETECTOR: 28}
# - {FILTER: r_57}
# - {CALIB_ID: 'calibDate=1970-01-01T00:00:00 filter=r_57 detector=28'}
# - {DATE: '2025-04-02T15:59:44.314165'}
# - {CALIB_CREATION_DATE: '2025-04-02'}
# - {CALIB_CREATION_TIME: '15:59:44'}
# - __serialized_columns__:
#     efficiency:
#       __class__: astropy.units.quantity.Quantity
#       unit: !astropy.units.Unit {unit: '%'}
#       value: !astropy.table.SerializedColumn {name: efficiency}
#     wavelength:
#       __class__: astropy.units.quantity.Quantity
#       unit: !astropy.units.Unit {unit: nm}
#       value: !astropy.table.SerializedColumn {name: wavelength}
# schema: astropy-2.0
wavelength efficiency
300.0 0.0033086962503148243
301.0 0.008636226993985474
302.0 0.01396375591866672
303.0 0.01663336588535458
304.0 0.019302974396850914
305.0 0.017418645438738167
306.0 0.015534313570242375
307.0 0.013435205619316548
308.0 0.01133609694079496
309.0 0.01082965754903853
310.0 0.010323217429686338
311.0 0.009471271187067032
312.0 0.008619324216851965
313.0 0.00803447182988748
314.0 0.0074496194429229945
315.0 0.006921130989212543
316.0 0.006392642535502091
317.0 0.005873299960512668
318.0 0.005353957385523245
319.0 0.005177936327527277
320.0 0.00500191563332919
321.0 0.0047571804316248745
322.0 0.004512446321314201
323.0 0.004328390787122771
324.0 0.004144334889133461
325.0 0.003946583819924854
326.0 0.0037488316593226045
327.0 0.0037603127566399053
328.0 0.0037717942177550867
329.0 0.0037914698623353615
330.0 0.0038111451431177557
331.0 0.0034456661524018273
332.0 0.003080186797888018
333.0 0.002780873910523951
334.0 0.002481561023159884
335.0 0.002245664654765278
336.0 0.0020097682863706723
337.0 0.001893944681796711
338.0 0.0017781210772227496
339.0 0.0016951062207226641
340.0 0.001612091546121519
341.0 0.0015769035599078052
342.0 0.0015417155736940913
343.0 0.0015001656720414758
344.0 0.0014586159522878006
345.0 0.0014018160982232075
346.0 0.0013450164260575548
347.0 0.0013122094969730824
348.0 0.0012794026588380802
349.0 0.0012208568477944937
350.0 0.0058237823395757005
351.0 0.005899162715650164
352.0 0.005974543091724627
353.0 0.005506419620360248
354.0 0.00503829651279375
355.0 0.004866592280450277
356.0 0.004694888775702566
357.0 0.006754776404704899
358.0 0.008814665488898754
359.0 0.006395266245817766
360.0 0.003975866638938896
361.0 0.0027473308364278637
362.0 0.0015187952158157714
363.0 0.0028387948987074196
364.0 0.0041587943997001275
365.0 0.004384328349260613
366.0 0.004609862298821099
367.0 0.0038063870306359604
368.0 0.0030029112167540006
369.0 0.002420706550765317
370.0 0.0018385018847766332
371.0 0.002449360181344673
372.0 0.003060218659811653
373.0 0.0033786076528485864
374.0 0.0036969966458855197
375.0 0.003348679092596285
376.0 0.0030003615393070504
377.0 0.0015713199900346808
378.0 0.0001422783725502086
379.0 0.0009993881576519925
380.0 0.0018564980564406142
381.0 0.0027347497962182388
382.0 0.003613001899793744
383.0 0.0036682402424048632
384.0 0.003723478948813863
385.0 0.004681378050008789
386.0 0.005639276787405834
387.0 0.00495985041197855
388.0 0.004280424400349148
389.0 0.0036831515899393708
390.0 0.003085878415731713
391.0 0.002242151094833389
392.0 0.0013984238648845349
393.0 0.001466440244257683
394.0 0.0015344561688834801
395.0 0.0011176891348441131
396.0 0.0007009221917542163
397.0 0.0006464157650043489
398.0 0.0005919096565776272
399.0 0.000628286716164439
400.0 0.0006646632755291648
401.0 0.00038114635572128464
402.0 9.762876516106189e-05
403.0 0.000218499167203845
404.0 0.00033936983072635485
405.0 0.0007495550562452991
406.0 0.0011597398042795248
407.0 0.0017781358110369183
408.0 0.0023965316358953714
409.0 0.002001753637159709
410.0 0.001606975456525106
411.0 0.0012018976121908054
412.0 0.0007968197678565048
413.0 0.0007671333150938153
414.0 0.0007374468168563908
415.0 0.0007829410606063902
416.0 0.0008284358045784757
417.0 0.001381961101287743
418.0 0.0019354869436938316
419.0 0.002428381958452519
420.0 0.0029212769732112065
421.0 0.004533015817287378
422.0 0.006144754297565669
423.0 0.009624748781789094
424.0 0.013104741810820997
425.0 0.017419151845388114
426.0 0.021733558969572186
427.0 0.022001570323482156
428.0 0.02226958458777517
429.0 0.016950006829574704
430.0 0.011630429071374238
431.0 0.008451283065369353
432.0 0.005272134876577184
433.0 0.00422509947384242
434.0 0.0031780633435118943
435.0 0.0025068578906939365
436.0 0.0018356522559770383
437.0 0.0017345870219287463
438.0 0.001633522151678335
439.0 0.0012628021067939699
440.0 0.000892082152859075
441.0 0.0011659741176117677
442.0 0.00143986590046552
443.0 0.0017372012734995224
444.0 0.0020345365555840544
445.0 0.001885482924990356
446.0 0.0017364291124977171
447.0 0.0016939564375206828
448.0 0.0016514841263415292
449.0 0.0017195148757309653
450.0 0.0017875452613225207
451.0 0.0018528071450418793
452.0 0.0019180690287612379
453.0 0.001760869963618461
454.0 0.0016036710803746246
455.0 0.0013953165762359276
456.0 0.001186962253996171
457.0 0.000897782501851907
458.0 0.0006086028861318482
459.0 0.0008308138603752013
460.0 0.0010530247891438194
461.0 0.0017806762116379105
462.0 0.002508327270334121
463.0 0.0033336775231873617
464.0 0.004159027957939543
465.0 0.005256972508504987
466.0 0.00635491669527255
467.0 0.006917415157658979
468.0 0.0074799150752369314
469.0 0.006337342347251251
470.0 0.005194771074457094
471.0 0.003928294972865842
472.0 0.0026618183255777694
473.0 0.002234686508018058
474.0 0.0018075545085594058
475.0 0.0015095420167199336
476.0 0.001211529888678342
477.0 0.0009516317732050084
478.0 0.0006917336122569395
479.0 0.0009119131391344126
480.0 0.0011320924386382103
481.0 0.0009026777661347296
482.0 0.0006732631845807191
483.0 0.0007207194357761182
484.0 0.0007681755050725769
485.0 0.000677803609505645
486.0 0.0005874315775145078
487.0 0.0006202161330293166
488.0 0.0006530005066451849
489.0 0.0006421880698326277
490.0 0.0006313755875453353
491.0 0.0007876612471591216
492.0 0.0009439469067729078
493.0 0.001047542264132062
494.0 0.0011511376214912161
495.0 0.001004245405056281
496.0 0.0008573532795708161
497.0 0.0011853810065076686
498.0 0.001513408642495051
499.0 0.001485144366597524
500.0 0.001456880181649467
501.0 0.0016027957826736383
502.0 0.0017487116565462202
503.0 0.0021695848772651516
504.0 0.0025904579160851426
505.0 0.0032563755667069927
506.0 0.003922293035429902
507.0 0.004576997889671475
508.0 0.005231702016317286
509.0 0.0056962115195347
510.0 0.0061607199313584715
511.0 0.005394401523517445
512.0 0.004628082751878537
513.0 0.0039549038774566725
514.0 0.0032817253668326885
515.0 0.003109182944172062
516.0 0.0029366405215114355
517.0 0.002757126640062779
518.0 0.002577612758614123
519.0 0.050521554658189416
520.0 0.018788313900586218
521.0 0.0896851415745914
522.0 0.0298407394438982
523.0 0.12466919142752886
524.0 0.09161881753243506
525.0 0.10348934447392821
526.0 0.10309305507689714
527.0 0.1787269371561706
528.0 0.09728982113301754
529.0 0.14864251716062427
530.0 0.19199722446501255
531.0 0.2396275056526065
532.0 0.35524112172424793
533.0 0.4282137379050255
534.0 0.6029770243912935
535.0 0.8005635812878609
536.0 1.2742755003273487
537.0 1.965964213013649
538.0 3.005853295326233
539.0 4.592909291386604
540.0 6.905628740787506
541.0 9.5759779214859
542.0 12.8944531083107
543.0 17.09669977426529
544.0 22.275350987911224
545.0 27.94365882873535
546.0 34.59179401397705
547.0 41.980576515197754
548.0 50.43025016784668
549.0 58.052706718444824
550.0 63.82872462272644
551.0 69.98522281646729
552.0 74.03551936149597
553.0 77.66383290290833
554.0 81.26301765441895
555.0 84.89791750907898
556.0 87.94548511505127
557.0 90.33088684082031
558.0 92.62552857398987
559.0 95.00932097434998
560.0 94.46521997451782
561.0 95.67816257476807
562.0 95.8729088306427
563.0 95.13832330703735
564.0 95.77167630195618
565.0 95.64317464828491
566.0 95.98681330680847
567.0 95.73553800582886
568.0 96.26457691192627
569.0 97.1856951713562
570.0 96.67400121688843
571.0 96.97976112365723
572.0 97.12852239608765
573.0 97.02534079551697
574.0 97.33949899673462
575.0 96.98372483253479
576.0 97.89129495620728
577.0 97.21992611885071
578.0 97.40850925445557
579.0 97.32138514518738
580.0 96.91986441612244
581.0 96.65829539299011
582.0 96.86809182167053
583.0 97.01423048973083
584.0 96.58778309822083
585.0 96.67139649391174
586.0 96.69901728630066
587.0 96.59680128097534
588.0 96.64273262023926
589.0 97.65857458114624
590.0 96.65566086769104
591.0 96.26067876815796
592.0 96.03485465049744
593.0 96.18287086486816
594.0 96.26872539520264
595.0 96.65677547454834
596.0 97.10924625396729
597.0 97.61126041412354
598.0 96.82615995407104
599.0 97.38698601722717
600.0 97.25477695465088
601.0 96.2028443813324
602.0 96.80695533752441
603.0 96.33835554122925
604.0 96.13779187202454
605.0 97.0897376537323
606.0 96.47345542907715
607.0 96.39178514480591
608.0 96.51288986206055
609.0 95.83613276481628
610.0 96.02782130241394
611.0 95.7793653011322
612.0 96.05849385261536
613.0 96.70224785804749
614.0 96.62635922431946
615.0 96.37810587882996
616.0 96.67248725891113
617.0 96.58754467964172
618.0 96.47109508514404
619.0 97.1067726612091
620.0 96.32935523986816
621.0 95.81106305122375
622.0 96.7444896697998
623.0 97.06557989120483
624.0 96.55431509017944
625.0 96.94329500198364
626.0 96.36003971099854
627.0 95.31099200248718
628.0 97.53373861312866
629.0 95.80365419387817
630.0 96.39641642570496
631.0 96.44612073898315
632.0 97.14527130126953
633.0 96.73043489456177
634.0 96.04649543762207
635.0 96.43940329551697
636.0 96.34706377983093
637.0 95.86087465286255
638.0 95.81239819526672
639.0 95.52833437919617
640.0 95.97317576408386
641.0 95.81564664840698
642.0 96.08291387557983
643.0 96.33309841156006
644.0 96.25135064125061
645.0 96.43064141273499
646.0 96.56985402107239
647.0 97.30217456817627
648.0 96.65406942367554
649.0 95.77106833457947
650.0 96.75638675689697
651.0 97.06975221633911
652.0 96.94750308990479
653.0 96.23204469680786
654.0 96.88059091567993
655.0 96.82796001434326
656.0 95.99711894989014
657.0 96.06565237045288
658.0 96.63454294204712
659.0 96.32334113121033
660.0 95.64272165298462
661.0 95.69147229194641
662.0 96.1573839187622
663.0 95.69034576416016
664.0 95.45869827270508
665.0 95.661860704422
666.0 95.43192982673645
667.0 96.00586295127869
668.0 95.3442633152008
669.0 95.51545977592468
670.0 95.43269276618958
671.0 95.5286979675293
672.0 95.40709257125854
673.0 95.60936689376831
674.0 94.92764472961426
675.0 95.37301659584045
676.0 94.93003487586975
677.0 93.35598945617676
678.0 92.59327054023743
679.0 91.39403700828552
680.0 90.18707275390625
681.0 88.66860270500183
682.0 86.22288107872009
683.0 83.13498497009277
684.0 79.2448103427887
685.0 75.71732997894287
686.0 71.69750332832336
687.0 67.04962849617004
688.0 62.72803544998169
689.0 58.38472843170166
690.0 53.20725440979004
691.0 49.47766363620758
692.0 44.48550045490265
693.0 39.92236256599426
694.0 34.76828336715698
695.0 29.256457090377808
696.0 23.67972731590271
697.0 18.589386343955994
698.0 13.090325891971588
699.0 9.000562876462936
700.0 5.995308980345726
701.0 3.628939390182495
702.0 2.180083468556404
703.0 1.240325439721346
704.0 0.6974165327847004
705.0 0.4338315688073635
706.0 0.296826078556478
707.0 0.2395695075392723
708.0 0.1209841575473547
709.0 0.08711190312169492
710.0 0.13659860705956817
711.0 0.06323260022327304
712.0 0.03642404335550964
713.0 0.045753997983410954
714.0 1.713854752560806e-10
715.0 0.05704022478312254
716.0 0.09352773777209222
717.0 0.05726204253733158
718.0 0.020759621111210436
719.0 1.713854752560806e-10
720.0 1.713854752560806e-10
721.0 0.004251731297699735
722.0 0.004002858622698113
723.0 0.003753986311494373
724.0 0.003449320502113551
725.0 0.0031446543289348483
726.0 0.002897502599807922
727.0 0.0026503508706809953
728.0 0.0025238075977540575
729.0 0.0023972641429281794
730.0 0.002227338518423494
731.0 0.00205741362151457
732.0 0.00204551233764505
733.0 0.0020336110537755303
734.0 0.0019471324776532128
735.0 0.001860653719631955
736.0 0.0016723402950447053
737.0 0.0014840269614069257
738.0 0.0015101584722287953
739.0 0.0015362898921011947
740.0 0.0015289226212189533
741.0 0.0015215552593872417
742.0 0.001383869948767824
743.0 0.0012461845471989363
744.0 0.0013078153642709367
745.0 0.0013694459084945265
746.0 0.0012820135452784598
747.0 0.0011945813639613334
748.0 0.0010630265933286864
749.0 0.0009314718226960395
750.0 0.0009241125553671736
751.0 0.0009167536518361885
752.0 0.0009904769285640214
753.0 0.0010642002962413244
754.0 0.0010578592082310934
755.0 0.0010515185749682132
756.0 0.0010093975106428843
757.0 0.0009672763553680852
758.0 0.000981403445621254
759.0 0.0009955304449249525
760.0 0.0010264764569001272
761.0 0.0010574228326731827
762.0 0.0010417102203064132
763.0 0.0010259980626869947
764.0 0.0009814343684411142
765.0 0.0009368706741952337
766.0 0.0007521020961576141
767.0 0.0005673335181199946
768.0 0.0005952803803666029
769.0 0.0006232271971384762
770.0 0.0007132943665055791
771.0 0.0008033617632463574
772.0 0.0007163238478824496
773.0 0.0006292857051448664
774.0 0.0007544316304120002
775.0 0.000879577510204399
776.0 0.0008670549505040981
777.0 0.0008545324817532673
778.0 0.0008206623533624224
779.0 0.0007867923159210477
780.0 0.0006758878953405656
781.0 0.0005649835202348186
782.0 0.0006327494247670984
783.0 0.0007005152838246431
784.0 0.0007600196113344282
785.0 0.0008195237569452729
786.0 0.0006916284291946795
787.0 0.0005637331469188211
788.0 0.0005936702564213192
789.0 0.0006236075478227576
790.0 0.0006663595286227064
791.0 0.0007091115094226552
792.0 0.0007332223049161257
793.0 0.0007573331004095962
794.0 0.0007804969754943158
795.0 0.0008036604413064197
796.0 0.0006368288268276956
797.0 0.00046999707592476625
798.0 0.0006401315658877138
799.0 0.0008102660103759263
800.0 0.0007719534551142715
801.0 0.0007336406270042062
802.0 0.0006034723355696769
803.0 0.00047330381676147226
804.0 0.000619147294855793
805.0 0.0007649908184248488
806.0 0.0006664397915301379
807.0 0.0005678889010596322
808.0 0.0006571709036506945
809.0 0.000746452951716492
810.0 0.0006456943992816377
811.0 0.0005449361651699292
812.0 0.0006086625944590196
813.0 0.000672388978273375
814.0 0.000549309834241285
815.0 0.0004262307811586652
816.0 0.0005593815785687184
817.0 0.0006925325124029769
818.0 0.0005983724804536905
819.0 0.0005042124030296691
820.0 0.0004347307822172297
821.0 0.0003652491386674228
822.0 0.0003947026016248856
823.0 0.00042415617826918606
824.0 0.00044455937313614413
825.0 0.00046496270442730747
826.0 0.0004983824055670993
827.0 0.0005318021521816263
828.0 0.00039046667552611325
829.0 0.00024913126708270283
830.0 0.0001803959094104357
831.0 0.00011166059721290367
832.0 7.975278890626214e-05
833.0 4.784496923093684e-05
834.0 9.542960555108948e-06
835.0 1.713854752560806e-10
836.0 0.0002610160890981206
837.0 0.000550791355635738
838.0 0.0007026557796052657
839.0 0.0008545202035747934
840.0 0.0012276388588361442
841.0 0.0016007576050469652
842.0 0.002490238330210559
843.0 0.003379719055374153
844.0 0.0038345446228049695
845.0 0.004289370190235786
846.0 0.004395799260237254
847.0 0.00450222723884508
848.0 0.0038181380659807473
849.0 0.0031340478017227724
850.0 0.0023412283553625457
851.0 0.0015484085452044383
852.0 0.0013172989383747336
853.0 0.0010861890586966183
854.0 0.001015165980788879
855.0 0.0009441426300327294
856.0 0.0007212408945633797
857.0 0.0004983392045687651
858.0 0.0005749467618443305
859.0 0.0006515542281704256
860.0 0.0005399203928391216
861.0 0.00042828651203308254
862.0 0.00042803299038496334
863.0 0.00042777946873684414
864.0 0.0003525015927152708
865.0 0.00027722373943106504
866.0 0.00022093611278251046
867.0 0.0001646484747652721
868.0 0.00018729853081822512
869.0 0.00020994857550249435
870.0 0.00011198201264051022
871.0 1.4015432725500432e-05
872.0 1.713854752560806e-10
873.0 1.713854752560806e-10
874.0 1.713854752560806e-10
875.0 1.713854752560806e-10
876.0 1.713854752560806e-10
877.0 4.332226311021259e-06
878.0 0.00012621882206076407
879.0 0.0002481053797964705
880.0 0.000183495808414591
881.0 0.00011888619155797642
882.0 0.00011984665206909995
883.0 0.00012080713531759102
884.0 4.302449667648034e-05
885.0 1.713854752560806e-10
886.0 5.907446052333398e-05
887.0 0.00015290701185222133
888.0 0.00022335843823384494
889.0 0.00029380985324678477
890.0 0.0002529173116272432
891.0 0.00021202474727033405
892.0 6.45875218197034e-05
893.0 1.713854752560806e-10
894.0 8.034275822410564e-06
895.0 9.891825811791932e-05
896.0 3.906563961209031e-05
897.0 1.713854752560806e-10
898.0 3.302039885966224e-05
899.0 8.682773113832809e-05
900.0 3.8979325722721114e-05
901.0 1.713854752560806e-10
