lsstCam/transmission_filter_detector/r10_s01/r_57/19700101T000000.ecsv
# %ECSV 1.0
# ---
# datatype:
# - {name: wavelength, unit: nm, datatype: float32}
# - {name: efficiency, unit: '%', datatype: float64}
# meta: !!omap
# - {MODE: DETECTOR}
# - {TYPE: transmission_filter_detector}
# - {CALIBDATE: '1970-01-01T00:00:00'}
# - {INSTRUME: LSSTCam}
# - {OBSTYPE: transmission_filter_detector}
# - {CALIBCLS: lsst.ip.isr.IntermediateFilterDetectorTransmissionCurve}
# - {SOURCE: Materion (DM-46256)}
# - {DETECTOR: 28}
# - {FILTER: r_57}
# - {CALIB_ID: 'calibDate=1970-01-01T00:00:00 filter=r_57 detector=28'}
# - {DATE: '2025-04-02T15:59:44.314165'}
# - {CALIB_CREATION_DATE: '2025-04-02'}
# - {CALIB_CREATION_TIME: '15:59:44'}
# - __serialized_columns__:
#     efficiency:
#       __class__: astropy.units.quantity.Quantity
#       unit: !astropy.units.Unit {unit: '%'}
#       value: !astropy.table.SerializedColumn {name: efficiency}
#     wavelength:
#       __class__: astropy.units.quantity.Quantity
#       unit: !astropy.units.Unit {unit: nm}
#       value: !astropy.table.SerializedColumn {name: wavelength}
# schema: astropy-2.0
wavelength efficiency
[from data line 603]
903.0 1.713854752560806e-10
904.0 1.713854752560806e-10
905.0 5.802300506729807e-05
906.0 1.713854752560806e-10
907.0 1.713854752560806e-10
908.0 1.713854752560806e-10
909.0 1.713854752560806e-10
910.0 1.713854752560806e-10
911.0 1.713854752560806e-10
912.0 1.713854752560806e-10
913.0 1.713854752560806e-10
914.0 1.661449533507664e-07
915.0 6.614478706978844e-05
916.0 7.726001740593347e-05
917.0 8.837525342642039e-05
918.0 0.00011883884099006536
919.0 0.00014930238876331714
920.0 7.235898351609649e-05
921.0 1.713854752560806e-10
922.0 0.00012060553444825928
923.0 0.0002457955361023778
924.0 0.0002282370587636251
925.0 0.00021067862689960748
926.0 0.0001744592736940831
927.0 0.00013823990911987494
928.0 0.00013928279258834664
929.0 0.00014032564195076702
930.0 0.0002220807118646917
931.0 0.0003038358045159839
932.0 0.00015738642105134204
933.0 1.0937113614772898e-05
934.0 0.0001526177243249549
935.0 0.0002942982973763719
936.0 0.00030227131446736166
937.0 0.0003102443315583514
938.0 0.0003096580712735886
939.0 0.0003090718792009284
940.0 0.0002734675035753753
941.0 0.00023786315068718977
942.0 0.00030225587579479907
943.0 0.00036664860090240836
944.0 0.00035514237879397115
945.0 0.000343636202160269
946.0 0.00038603193388553336
947.0 0.0004284276656107977
948.0 0.0005197403424972435
949.0 0.0006110531103331596
950.0 0.0005901118584006326
951.0 0.0005691705609933706
952.0 0.0007033009751467034
953.0 0.0008374315257242415
954.0 0.0011578924386412837
955.0 0.0014783536244067363
956.0 0.0015168544450716581
957.0 0.00155535526573658
958.0 0.0016836862414493226
959.0 0.001812017580959946
960.0 0.001945316034834832
961.0 0.0020786146706086583
962.0 0.0022374257241608575
963.0 0.0023962371415109374
964.0 0.0024052362277870998
965.0 0.0024142349502653815
966.0 0.002387046151852701
967.0 0.00235985717154108
968.0 0.0023203096134238876
969.0 0.0022807622372056358
970.0 0.002346610745007638
971.0 0.0024124596166075207
972.0 0.0025210600142600015
973.0 0.0026296604119124822
974.0 0.002912153286160901
975.0 0.0031946463423082605
976.0 0.0032988311431836337
977.0 0.003403015944059007
978.0 0.0033112180972239003
979.0 0.0032194206141866744
980.0 0.003182034197379835
981.0 0.003144647416775115
982.0 0.0032431576983071864
983.0 0.003341667979839258
984.0 0.00331316223309841
985.0 0.003284656850155443
986.0 0.003161489075864665
987.0 0.003038321665371768
988.0 0.0028389529688865878
989.0 0.002639584636199288
990.0 0.0026469871954759583
991.0 0.002654389936651569
992.0 0.002706003579078242
993.0 0.0027576177672017366
994.0 0.0027956933990935795
995.0 0.0028337686671875417
996.0 0.0028781692890333943
997.0 0.002922569910879247
998.0 0.0030526280170306563
999.0 0.0031826864869799465
1000.0 0.0033111828088294715
1001.0 0.003439679494476877
1002.0 0.0036655528674600646
1003.0 0.0038914266042411327
1004.0 0.00400591925426852
1005.0 0.004120411540498026
1006.0 0.004348528091213666
1007.0 0.0045766453695250675
1008.0 0.00450837796961423
1009.0 0.004440110933501273
1010.0 0.004450428968993947
1011.0 0.004460747368284501
1012.0 0.004378192898002453
1013.0 0.004295638791518286
1014.0 0.004029808405903168
1015.0 0.0037639772926922888
1016.0 0.003540236866683699
1017.0 0.0033164964406751096
1018.0 0.002903905260609463
1019.0 0.002491314626240637
1020.0 0.00210123835131526
1021.0 0.0017111618944909424
1022.0 0.0014977821592765395
1023.0 0.0012844020602642559
1024.0 0.0013429629689198919
1025.0 0.0014015241504239384
1026.0 0.0012805576261598617
1027.0 0.0011595910109463148
1028.0 0.001109961431211559
1029.0 0.001060331669577863
1030.0 0.0009873609997157473
1031.0 0.0009143896932073403
1032.0 0.0008989712114271242
1033.0 0.0008835523658490274
1034.0 0.0008137135409924667
1035.0 0.0007438743978127604
1036.0 0.0008591247024014592
1037.0 0.0009743746886670124
1038.0 0.0008554287887818646
1039.0 0.0007364830707956571
1040.0 0.0008258743946498726
1041.0 0.000915265718504088
1042.0 0.0010222218406852335
1043.0 0.0011291775990684982
1044.0 0.001067011271516094
1045.0 0.0010048453077615704
1046.0 0.0009786498594621662
1047.0 0.0009524546840111725
1048.0 0.0008072477612586226
1049.0 0.0006620407475566026
1050.0 0.000730778037905111
1051.0 0.0007995152373041492
1052.0 0.0010948828276013955
1053.0 0.0013902500541007612
1054.0 0.0011404040378693026
1055.0 0.0008905578397389036
1056.0 0.0009511379175819457
1057.0 0.0010117182682733983
1058.0 0.000912892119231401
1059.0 0.0008140662430378143
1060.0 0.0012204790436953772
1061.0 0.0016268912077066489
1062.0 0.0017445803678128868
1063.0 0.0018622693460201845
1064.0 0.0013306898836162873
1065.0 0.0007991100574145094
1066.0 0.0011872075447172392
1067.0 0.0015753052139189094
1068.0 0.0017368598491884768
1069.0 0.0018984143025591038
1070.0 0.0014828223356744274
1071.0 0.0010672304597392213
1072.0 0.001278198578802403
1073.0 0.001489166788815055
1074.0 0.0022128586351755075
1075.0 0.00293655048153596
1076.0 0.003203946107532829
1077.0 0.0034713415516307577
1078.0 0.003913728505722247
1079.0 0.004356116187409498
1080.0 0.004305566108087078
1081.0 0.004255016028764658
1082.0 0.004102242019143887
1083.0 0.003949468373320997
1084.0 0.004629596878658049
1085.0 0.00530972502019722
1086.0 0.005294847142067738
1087.0 0.005279969263938256
1088.0 0.005300859993440099
1089.0 0.005321751086739823
1090.0 0.005085120210424066
1091.0 0.004848488970310427
1092.0 0.004132610047236085
1093.0 0.0034167311241617426
1094.0 0.004284050010028295
1095.0 0.0051513692596927285
1096.0 0.0037683366826968268
1097.0 0.002385303560004104
1098.0 0.0017775517335394397
1099.0 0.001169800088973716
1100.0 0.0012969931049156003
1101.0 0.0014241856661101338
