lsstCam/transmission_sensor/r43_s22/19700101T000000.ecsv
# %ECSV 1.0
# ---
# datatype:
# - {name: amp_name, datatype: string}
# - {name: wavelength, unit: nm, datatype: float32}
# - {name: efficiency, unit: '%', datatype: float64}
# meta: !!omap
# - {MODE: AMP}
# - {TYPE: transmission_sensor}
# - {CALIBDATE: '1970-01-01T00:00:00'}
# - {INSTRUME: LSSTCAM}
# - {OBSTYPE: transmission_sensor}
# - {DETECTOR: 188}
# - {PARQUETFILE: qe_raft_allvalues_nircorrected_20230725.parquet}
# - {CALIBCLS: lsst.ip.isr.IntermediateSensorTransmissionCurve}
# - {CALIB_ID: 'raftName=R43 detectorName=S22 detector=188 calibDate=1970-01-01T00:00:00 ccd=188 ccdnum=188 filter=None'}
# - {DATE: '2023-08-02T16:57:56.168209'}
# - {CALIB_CREATION_DATE: '2023-08-02'}
# - {CALIB_CREATION_TIME: '16:57:56'}
# - __serialized_columns__:
#     efficiency:
#       __class__: astropy.units.quantity.Quantity
#       unit: !astropy.units.Unit {unit: '%'}
#       value: !astropy.table.SerializedColumn {name: efficiency}
#     wavelength:
#       __class__: astropy.units.quantity.Quantity
#       unit: !astropy.units.Unit {unit: nm}
#       value: !astropy.table.SerializedColumn {name: wavelength}
# schema: astropy-2.0
amp_name wavelength efficiency
C00 319.994 49.98292922973633
C00 324.969 52.036895751953125
C00 349.982 62.169490814208984
C00 374.975 75.69473266601562
C00 400.019 84.99127197265625
C00 424.965 85.7301025390625
C00 450.035 85.90821075439453
C00 475.003 85.26408386230469
C00 500.018 85.90000915527344
C00 525.002 87.13621520996094
C00 550.029 88.5739517211914
C00 575.023 91.13722229003906
C00 599.982 92.6776351928711
C00 619.997 94.05907440185547
C00 624.979 94.19119262695312
C00 650.012 95.33822631835938
C00 675.004 96.44937133789062
C00 700.03 97.25284576416016
C00 725.012 98.00401306152344
C00 750.022 99.23621368408203
C00 774.987 100.03900146484375
C00 799.976 100.14790344238281
C00 824.988 99.68976593017578
C00 850.022 97.9427261352539
C00 869.967 95.92261505126953
C00 875.002 94.83037567138672
C00 899.999 88.36589813232422
C00 919.999 80.58302307128906
C00 925.012 78.3570327758789
C00 949.965 65.90737915039062
C00 975.002 49.93885803222656
C00 999.976 31.019912719726562
C00 1025.028 14.770529747009277
C00 1050.014 6.0316548347473145
C00 1075.002 0.9454103791405352
C00 1099.99 0.09380274928765765
C01 319.994 49.71505355834961
C01 324.969 51.72454071044922
C01 349.982 61.77091598510742
C01 374.975 75.54498291015625
C01 400.019 85.05500030517578
C01 424.965 85.8576431274414
C01 450.035 86.02294158935547
C01 475.003 85.33222961425781
C01 500.018 85.91044616699219
C01 525.002 87.10193634033203
C01 550.029 88.50127410888672
C01 575.023 91.06128692626953
C01 599.982 92.6125717163086
C01 619.997 94.00055694580078
C01 624.979 94.13789367675781
C01 650.012 95.29322814941406
C01 675.004 96.39415740966797
C01 700.03 97.24020385742188
C01 725.012 98.0164566040039
C01 750.022 99.32955169677734
C01 774.987 100.19278717041016
C01 799.976 100.33541870117188
C01 824.988 99.87847900390625
C01 850.022 98.14714813232422
C01 869.967 96.16596984863281
C01 875.002 95.08124542236328
C01 899.999 88.69648742675781
C01 919.999 81.02435302734375
C01 925.012 78.81519317626953
C01 949.965 66.28253173828125
C01 975.002 49.98270797729492
C01 999.976 31.000980377197266
C01 1025.028 14.880159378051758
C01 1050.014 6.166471481323242
C01 1075.002 0.9462990232055039
C01 1099.99 0.09389091973540331
C02 319.994 49.41172790527344
C02 324.969 51.38484573364258
C02 349.982 61.3862419128418
C02 374.975 75.44678497314453
C02 400.019 85.20304870605469
C02 424.965 86.08094787597656
C02 450.035 86.22265625
C02 475.003 85.48450469970703
C02 500.018 86.01732635498047
C02 525.002 87.15945434570312
C02 550.029 88.5343017578125
C02 575.023 91.08948516845703
C02 599.982 92.64859771728516
C02 619.997 94.04547119140625
C02 624.979 94.18159484863281
C02 650.012 95.3541259765625
C02 675.004 96.48780822753906
C02 700.03 97.32811737060547
C02 725.012 98.18504333496094
C02 750.022 99.54145050048828
C02 774.987 100.4723892211914
C02 799.976 100.65670776367188
C02 824.988 100.20359802246094
C02 850.022 98.48885345458984
C02 869.967 96.52069091796875
C02 875.002 95.43372344970703
C02 899.999 89.03012084960938
C02 919.999 81.30642700195312
C02 925.012 79.0845947265625
C02 949.965 66.58221435546875
C02 975.002 50.19023513793945
C02 999.976 31.127586364746094
C02 1025.028 14.916156768798828
C02 1050.014 6.168294429779053
C02 1075.002 0.948317250238777
C02 1099.99 0.09409116636753762
C03 319.994 49.09720230102539
C03 324.969 51.031593322753906
C03 349.982 60.9655876159668
C03 374.975 75.27571105957031
C03 400.019 85.26192474365234
C03 424.965 86.2132797241211
C03 450.035 86.35359954833984
C03 475.003 85.58155059814453
C03 500.018 86.07054901123047
C03 525.002 87.17611694335938
C03 550.029 88.51826477050781
C03 575.023 91.05220794677734
C03 599.982 92.60466766357422
C03 619.997 93.99846649169922
C03 624.979 94.13722229003906
C03 650.012 95.3111572265625
C03 675.004 96.45391082763672
C03 700.03 97.32946014404297
C03 725.012 98.23684692382812
C03 750.022 99.67318725585938
C03 774.987 100.67606353759766
C03 799.976 100.89347076416016
C03 824.988 100.4484634399414
C03 850.022 98.74942779541016
C03 869.967 96.76839447021484
C03 875.002 95.67668151855469
C03 899.999 89.22636413574219
C03 919.999 81.43304443359375
C03 925.012 79.18531036376953
C03 949.965 66.70906829833984
C03 975.002 50.30638122558594
C03 999.976 31.180709838867188
C03 1025.028 14.89787769317627
C03 1050.014 6.129385948181152
C03 1075.002 0.9495716546411279
C03 1099.99 0.09421562721994123
C04 319.994 48.79280090332031
C04 324.969 50.69017791748047
C04 349.982 60.54425048828125
C04 374.975 75.09009552001953
C04 400.019 85.30967712402344
C04 424.965 86.33443450927734
C04 450.035 86.46531677246094
C04 475.003 85.64694213867188
C04 500.018 86.08773803710938
C04 525.002 87.16014862060547
C04 550.029 88.47520446777344
C04 575.023 90.99479675292969
C04 599.982 92.54586029052734
C04 619.997 93.94223022460938
C04 624.979 94.08422088623047
C04 650.012 95.26731872558594
C04 675.004 96.41989135742188
C04 700.03 97.32986450195312
C04 725.012 98.28231048583984
C04 750.022 99.79267120361328
C04 774.987 100.86141204833984
C04 799.976 101.11272430419922
C04 824.988 100.67752838134766
C04 850.022 99.00061798095703
C04 869.967 97.02178955078125
C04 875.002 95.9260025024414
C04 899.999 89.43842315673828
C04 919.999 81.59786987304688
C04 925.012 79.3475341796875
C04 949.965 66.93025207519531
C04 975.002 50.488975524902344
C04 999.976 31.24427032470703
C04 1025.028 14.917598724365234
C04 1050.014 6.129549503326416
C04 1075.002 0.9507093802850198
C04 1099.99 0.0943285113131211
C05 319.994 48.278621673583984
C05 324.969 50.12462615966797
C05 349.982 59.85254669189453
C05 374.975 74.56169891357422
C05 400.019 85.00605773925781
C05 424.965 86.1108627319336
C05 450.035 86.21729278564453
C05 475.003 85.33993530273438
C05 500.018 85.73348236083984
C05 525.002 86.77214813232422
C05 550.029 88.06598663330078
C05 575.023 90.58055114746094
C05 599.982 92.13711547851562
C05 619.997 93.54197692871094
C05 624.979 93.68583679199219
C05 650.012 94.8744125366211
C05 675.004 96.04427337646484
C05 700.03 96.9809799194336
C05 725.012 97.97306823730469
C05 750.022 99.52682495117188
C05 774.987 100.64358520507812
C05 799.976 100.92528533935547
C05 824.988 100.50978088378906
C05 850.022 98.86993408203125
C05 869.967 96.9284896850586
C05 875.002 95.8355712890625
C05 899.999 89.37870025634766
C05 919.999 81.59544372558594
C05 925.012 79.37483978271484
C05 949.965 67.03742218017578
C05 975.002 50.52961349487305
C05 999.976 31.224306106567383
C05 1025.028 14.945889472961426
C05 1050.014 6.154697895050049
C05 1075.002 0.9481762760419402
C05 1099.99 0.0940771790372378
C06 319.994 47.929988861083984
C06 324.969 49.731998443603516
C06 349.982 59.35103988647461
C06 374.975 74.2986831665039
C06 400.019 85.08432006835938
C06 424.965 86.31375885009766
C06 450.035 86.41282653808594
C06 475.003 85.47699737548828
C06 500.018 85.83580780029297
C06 525.002 86.8621597290039
C06 550.029 88.16914367675781
C06 575.023 90.69816589355469
C06 599.982 92.26321411132812
C06 619.997 93.67488098144531
C06 624.979 93.81946563720703
C06 650.012 95.01703643798828
C06 675.004 96.2122573852539
C06 700.03 97.16195678710938
C06 725.012 98.18170166015625
C06 750.022 99.75394439697266
C06 774.987 100.88919830322266
C06 799.976 101.19033813476562
C06 824.988 100.7990493774414
C06 850.022 99.19266510009766
C06 869.967 97.29366302490234
C06 875.002 96.21391296386719
C06 899.999 89.87140655517578
C06 919.999 82.14776611328125
C06 925.012 79.92174530029297
C06 949.965 67.42526245117188
C06 975.002 50.663265228271484
C06 999.976 31.350875854492188
C06 1025.028 15.085250854492188
C06 1050.014 6.206648349761963
C06 1075.002 0.9503398729032058
C06 1099.99 0.09429184913015697
C07 319.994 46.964569091796875
C07 324.969 48.69534683227539
C07 349.982 58.05767059326172
C07 374.975 73.14158630371094
C07 400.019 84.38209533691406
C07 424.965 85.86304473876953
C07 450.035 85.99659729003906
C07 475.003 85.04792022705078
C07 500.018 85.40982818603516
C07 525.002 86.4421615600586
C07 550.029 87.79874420166016
C07 575.023 90.3291015625
C07 599.982 91.86544036865234
C07 619.997 93.25025177001953
C07 624.979 93.39179992675781
C07 650.012 94.57957458496094
C07 675.004 95.76669311523438
C07 700.03 96.71379089355469
C07 725.012 97.70098114013672
C07 750.022 99.23121643066406
C07 774.987 100.32239532470703
C07 799.976 100.6384048461914
C07 824.988 100.28571319580078
C07 850.022 98.70639038085938
C07 869.967 96.88790893554688
C07 875.002 95.84748077392578
C07 899.999 89.78099822998047
C07 919.999 82.1865234375
C07 925.012 79.94878387451172
C07 949.965 67.18022155761719
C07 975.002 50.232635498046875
C07 999.976 31.176393508911133
C07 1025.028 15.138571739196777
C07 1050.014 6.210033416748047
C07 1075.002 0.9453602424277135
C07 1099.99 0.09379777476907114
C10 319.994 49.793907165527344
C10 324.969 51.825504302978516
C10 349.982 61.93614196777344
C10 374.975 75.66323852539062
C10 400.019 85.1133041381836
C10 424.965 85.91249084472656
C10 450.035 86.1535415649414
C10 475.003 85.56063842773438
C10 500.018 86.18545532226562
C10 525.002 87.40867614746094
C10 550.029 88.7867660522461
C10 575.023 91.27317810058594
C10 599.982 92.74884796142578
C10 619.997 94.08574676513672
C10 624.979 94.21105194091797
C10 650.012 95.31476593017578
C10 675.004 96.41615295410156
C10 700.03 97.32162475585938
C10 725.012 98.2966079711914
C10 750.022 99.89419555664062
C10 774.987 101.0479965209961
C10 799.976 101.28936004638672
C10 824.988 100.80724334716797
C10 850.022 99.163330078125
C10 869.967 97.23584747314453
C10 875.002 96.13508605957031
C10 899.999 89.36686706542969
C10 919.999 81.09310150146484
C10 925.012 78.82301330566406
C10 949.965 66.72343444824219
C10 975.002 50.752044677734375
C10 999.976 31.477373123168945
C10 1025.028 15.058480262756348
C10 1050.014 6.041812896728516
C10 1075.002 0.9516758589062413
C10 1099.99 0.09442440443403304
C11 319.994 49.7247200012207
C11 324.969 51.71818923950195
C11 349.982 61.771217346191406
C11 374.975 75.77775573730469
C11 400.019 85.46601867675781
C11 424.965 86.3231430053711
C11 450.035 86.55590057373047
C11 475.003 85.90337371826172
C11 500.018 86.47039794921875
C11 525.002 87.66043090820312
C11 550.029 89.02214813232422
C11 575.023 91.52232360839844
C11 599.982 93.01241302490234
C11 619.997 94.36451721191406
C11 624.979 94.4946517944336
C11 650.012 95.60416412353516
C11 675.004 96.7268295288086
C11 700.03 97.65313720703125
C11 725.012 98.67256927490234
C11 750.022 100.32109832763672
C11 774.987 101.52587890625
C11 799.976 101.79021453857422
C11 824.988 101.32894134521484
C11 850.022 99.69966888427734
C11 869.967 97.80134582519531
C11 875.002 96.70441436767578
C11 899.999 89.97216033935547
C11 919.999 81.80420684814453
C11 925.012 79.54478454589844
C11 949.965 67.33794403076172
C11 975.002 51.0271110534668
C11 999.976 31.67662811279297
C11 1025.028 15.221746444702148
C11 1050.014 6.134988307952881
C11 1075.002 0.9557425029463007
C11 1099.99 0.09482789311973863
C12 319.994 49.102783203125
C12 324.969 51.04362869262695
C12 349.982 60.96639633178711
C12 374.975 75.17313385009766
C12 400.019 85.06371307373047
C12 424.965 85.99980926513672
C12 450.035 86.21615600585938
C12 475.003 85.52539825439453
C12 500.018 86.04431915283203
C12 525.002 87.18547058105469
C12 550.029 88.51893615722656
C12 575.023 90.99327850341797
C12 599.982 92.47108459472656
C12 619.997 93.81649017333984
C12 624.979 93.9471435546875
C12 650.012 95.05960083007812
C12 675.004 96.1814956665039
C12 700.03 97.12752532958984
C12 725.012 98.18579864501953
C12 750.022 99.88703155517578
C12 774.987 101.13982391357422
C12 799.976 101.4383544921875
C12 824.988 100.98509979248047
C12 850.022 99.38914489746094
C12 869.967 97.50641632080078
C12 875.002 96.41444396972656
C12 899.999 89.71752166748047
C12 919.999 81.53966522216797
C12 925.012 79.27265930175781
C12 949.965 67.13074493408203
C12 975.002 50.902565002441406
C12 999.976 31.607505798339844
C12 1025.028 15.169442176818848
C12 1050.014 6.095738887786865
C12 1075.002 0.9516067442500442
C12 1099.99 0.0944175469413395
C13 319.994 48.70930862426758
C13 324.969 50.60377502441406
C13 349.982 60.426090240478516
C13 374.975 74.85498046875
C13 400.019 84.9755630493164
C13 424.965 85.98944854736328
C13 450.035 86.18939971923828
C13 475.003 85.45882415771484
C13 500.018 85.92861938476562
C13 525.002 87.03472137451172
C13 550.029 88.34125518798828
C13 575.023 90.79631805419922
C13 599.982 92.26060485839844
C13 619.997 93.60254669189453
C13 624.979 93.73102569580078
C13 650.012 94.85030364990234
C13 675.004 95.9814453125
C13 700.03 96.95140075683594
C13 725.012 98.04971313476562
C13 750.022 99.80541229248047
C13 774.987 101.11245727539062
C13 799.976 101.4468002319336
C13 824.988 101.0087661743164
C13 850.022 99.43341064453125
C13 869.967 97.54114532470703
C13 875.002 96.44921112060547
C13 899.999 89.7594985961914
C13 919.999 81.53572845458984
C13 925.012 79.24742126464844
C13 949.965 67.14130401611328
C13 975.002 50.962276458740234
C13 999.976 31.639944076538086
C13 1025.028 15.169111251831055
C13 1050.014 6.073229789733887
C13 1075.002 0.9508286962452847
C13 1099.99 0.09434034973308526
C14 319.994 48.48060989379883
C14 324.969 50.33648681640625
C14 349.982 60.08557891845703
C14 374.975 74.77066040039062
C14 400.019 85.14566802978516
C14 424.965 86.2497787475586
C14 450.035 86.45238494873047
C14 475.003 85.70152282714844
C14 500.018 86.14366912841797
C14 525.002 87.2119369506836
C14 550.029 88.4869155883789
C14 575.023 90.91032409667969
C14 599.982 92.34744262695312
C14 619.997 93.67703247070312
C14 624.979 93.80259704589844
C14 650.012 94.92011260986328
C14 675.004 96.05376434326172
C14 700.03 97.04588317871094
C14 725.012 98.18736267089844
C14 750.022 99.99324798583984
C14 774.987 101.34564971923828
C14 799.976 101.718017578125
C14 824.988 101.29720306396484
C14 850.022 99.74276733398438
C14 869.967 97.83741760253906
C14 875.002 96.73319244384766
C14 899.999 90.00060272216797
C14 919.999 81.77449798583984
C14 925.012 79.48553466796875
C14 949.965 67.49298858642578
C14 975.002 51.327999114990234
C14 999.976 31.805971145629883
C14 1025.028 15.217183113098145
C14 1050.014 6.080088138580322
C14 1075.002 0.9526177948470349
C14 1099.99 0.09451786245273981
C15 319.994 48.11290740966797
C15 324.969 49.924896240234375
C15 349.982 59.57243347167969
C15 374.975 74.44317626953125
C15 400.019 85.00892639160156
C15 424.965 86.19310760498047
C15 450.035 86.41619110107422
C15 475.003 85.65522003173828
C15 500.018 86.06417846679688
C15 525.002 87.08901977539062
C15 550.029 88.32329559326172
C15 575.023 90.69413757324219
C15 599.982 92.09043884277344
C15 619.997 93.39483642578125
C15 624.979 93.51856994628906
C15 650.012 94.61959075927734
C15 675.004 95.75474548339844
C15 700.03 96.75642395019531
C15 725.012 97.92033386230469
C15 750.022 99.75106811523438
C15 774.987 101.13172149658203
C15 799.976 101.52403259277344
C15 824.988 101.1219482421875
C15 850.022 99.59039306640625
C15 869.967 97.67996215820312
C15 875.002 96.57552337646484
C15 899.999 89.77622985839844
C15 919.999 81.58578491210938
C15 925.012 79.33578491210938
C15 949.965 67.56444549560547
C15 975.002 51.51995849609375
C15 999.976 31.856958389282227
C15 1025.028 15.176865577697754
C15 1050.014 6.069880485534668
C15 1075.002 0.9503103282205851
C15 1099.99 0.0942889177338895
C16 319.994 47.538612365722656
C16 324.969 49.301448822021484
C16 349.982 58.796470642089844
C16 374.975 73.77131652832031
C16 400.019 84.53833770751953
C16 424.965 85.80646514892578
C16 450.035 86.01703643798828
C16 475.003 85.21070861816406
C16 500.018 85.58257293701172
C16 525.002 86.58138275146484
C16 550.029 87.80738067626953
C16 575.023 90.16171264648438
C16 599.982 91.54570770263672
C16 619.997 92.84130859375
C16 624.979 92.96202850341797
C16 650.012 94.059814453125
C16 675.004 95.20243072509766
C16 700.03 96.20903015136719
C16 725.012 97.37410736083984
C16 750.022 99.19664764404297
C16 774.987 100.56385803222656
C16 799.976 100.95877838134766
C16 824.988 100.58097076416016
C16 850.022 99.05022430419922
C16 869.967 97.15753936767578
C16 875.002 96.05686950683594
C16 899.999 89.30207061767578
C16 919.999 81.23690795898438
C16 925.012 79.02655029296875
C16 949.965 67.33384704589844
C16 975.002 51.283695220947266
C16 999.976 31.67264175415039
C16 1025.028 15.051742553710938
C16 1050.014 6.045896530151367
C16 1075.002 0.9450284902877559
C16 1099.99 0.09376485862651897
C17 319.994 46.806243896484375
C17 324.969 48.512123107910156
C17 349.982 57.81913375854492
C17 374.975 72.946044921875
C17 400.019 84.14339447021484
C17 424.965 85.60694885253906
C17 450.035 85.81517028808594
C17 475.003 84.95033264160156
C17 500.018 85.29292297363281
C17 525.002 86.30908203125
C17 550.029 87.58551025390625
C17 575.023 89.97757720947266
C17 599.982 91.38107299804688
C17 619.997 92.68437957763672
C17 624.979 92.81061553955078
C17 650.012 93.91139221191406
C17 675.004 95.07391357421875
C17 700.03 96.0882339477539
C17 725.012 97.22589874267578
C17 750.022 99.01011657714844
C17 774.987 100.32841491699219
C17 799.976 100.71060943603516
C17 824.988 100.36751556396484
C17 850.022 98.82010650634766
C17 869.967 96.9469223022461
C17 875.002 95.86295318603516
C17 899.999 89.30735778808594
C17 919.999 81.35971069335938
C17 925.012 79.14142608642578
C17 949.965 67.277099609375
C17 975.002 51.016273498535156
C17 999.976 31.488813400268555
C17 1025.028 14.957403182983398
C17 1050.014 6.067846775054932
C17 1075.002 0.943251804117723
C17 1099.99 0.09358857745693634
