lsstCam/transmission_sensor/r43_s22/19700101T000000.ecsv
# %ECSV 1.0
# ---
# datatype:
# - {name: amp_name, datatype: string}
# - {name: wavelength, unit: nm, datatype: float32}
# - {name: efficiency, unit: '%', datatype: float64}
# meta: !!omap
# - {MODE: AMP}
# - {TYPE: transmission_sensor}
# - {CALIBDATE: '1970-01-01T00:00:00'}
# - {INSTRUME: LSSTCam}
# - {OBSTYPE: transmission_sensor}
# - {DETECTOR: 188}
# - {PARQUETFILE: qe_raft_allvalues_nircorrected_20230725_adjust.parquet}
# - {CORRFILE: qe_corr_factor_bydetnum.parquet}
# - {CALIBCLS: lsst.ip.isr.IntermediateSensorTransmissionCurve}
# - {CALIB_ID: 'raftName=R43 detectorName=S22 detector=188 calibDate=1970-01-01T00:00:00 ccd=188 ccdnum=188 filter=None'}
# - {DATE: '2025-03-03T21:56:48.447924'}
# - {CALIB_CREATION_DATE: '2025-03-03'}
# - {CALIB_CREATION_TIME: '21:56:48'}
# - __serialized_columns__:
#     efficiency:
#       __class__: astropy.units.quantity.Quantity
#       unit: !astropy.units.Unit {unit: '%'}
#       value: !astropy.table.SerializedColumn {name: efficiency}
#     wavelength:
#       __class__: astropy.units.quantity.Quantity
#       unit: !astropy.units.Unit {unit: nm}
#       value: !astropy.table.SerializedColumn {name: wavelength}
# schema: astropy-2.0
amp_name wavelength efficiency
C00 319.994 48.89649623204779
C00 324.969 50.90581757159377
C00 349.982 60.818169726971306
C00 374.975 74.04942582652278
C00 400.019 83.14389480189851
C00 424.965 83.86666608727792
C00 450.035 84.0409029280171
C00 475.003 83.41077683021942
C00 500.018 84.03287959951872
C00 525.002 85.24221537928533
C00 550.029 86.6487011332702
C00 575.023 89.15625624544263
C00 599.982 90.6631866086658
C00 619.997 92.01459874312553
C00 624.979 92.14384523578265
C00 650.012 93.26594690997806
C00 675.004 94.35293999137683
C00 700.03 95.13895003244626
C00 725.012 95.8737898965995
C00 750.022 97.07920730663434
C00 774.987 97.86454562717832
C00 799.976 97.97108050251398
C00 824.988 97.52290110437531
C00 850.022 95.8138351079228
C00 869.967 93.83763332206198
C00 875.002 92.76913494579712
C00 899.999 86.4451698140602
C00 919.999 78.83146395566084
C00 925.012 76.65385796558725
C00 949.965 64.47481101955857
C00 975.002 48.85338296965627
C00 999.976 30.345661384651155
C00 1025.028 14.449476316212266
C00 1050.014 5.900550296775608
C00 1075.002 0.9248608625738982
C00 1099.99 0.09176384513236883
C01 319.994 48.63444312794869
C01 324.969 50.60025190456859
C01 349.982 60.428258352634344
C01 374.975 73.9029310434845
C01 400.019 83.20623793022125
C01 424.965 83.99143444309874
C01 450.035 84.15313996425766
C01 475.003 83.4774413605892
C01 500.018 84.0430897515055
C01 525.002 85.20868159794281
C01 550.029 86.57760324743248
C01 575.023 89.08197141888975
C01 599.982 90.59953735709914
C01 619.997 91.95735322723478
C01 624.979 92.09170479588528
C01 650.012 93.22192682487719
C01 675.004 94.29892619756961
C01 700.03 95.12658291121666
C01 725.012 95.88596296523286
C01 750.022 97.17051651672658
C01 774.987 98.01498863419394
C01 799.976 98.15451991445177
C01 824.988 97.70751229545193
C01 850.022 96.01381377190933
C01 869.967 94.07569853984127
C01 875.002 93.01455177154935
C01 899.999 86.76857339281666
C01 919.999 79.26320112804888
C01 925.012 77.1020597544101
C01 949.965 64.84180926041645
C01 975.002 48.896279788767366
C01 999.976 30.327140557052342
C01 1025.028 14.556723028715869
C01 1050.014 6.0324365578032095
C01 1075.002 0.9257301909995024
C01 1099.99 0.09185009910012167
C02 319.994 48.337710585833115
C02 324.969 50.26794056528858
C02 349.982 60.05194558715696
C02 374.975 73.8068675447844
C02 400.019 83.3510683390687
C02 424.965 84.20988542153502
C02 450.035 84.3485136108642
C02 475.003 83.62640658244884
C02 500.018 84.14764678307179
C02 525.002 85.26494938729097
C02 550.029 86.60991300470641
C02 575.023 89.10955674180138
C02 599.982 90.63478029400085
C02 619.997 92.00129121316031
C02 624.979 92.1344560755492
C02 650.012 93.28150097192281
C02 675.004 94.390541413679
C02 700.03 95.21258552915788
C02 725.012 96.05088528135254
C02 750.022 97.37780947087907
C02 774.987 98.28851323215537
C02 799.976 98.46882541186913
C02 824.988 98.02556450068901
C02 850.022 96.34809175961661
C02 869.967 94.42270936328644
C02 875.002 93.35936830794473
C02 899.999 87.09495493256925
C02 919.999 79.5391439199019
C02 925.012 77.36560557078796
C02 949.965 65.13497795196646
C02 975.002 49.0992961222412
C02 999.976 30.450994626602412
C02 1025.028 14.591937977262353
C02 1050.014 6.03421988250375
C02 1075.002 0.9277045496865308
C02 1099.99 0.09204599315524259
C03 319.994 48.03002153559139
C03 324.969 49.92236647741172
C03 349.982 59.64043466614622
C03 374.975 73.63951210765033
C03 400.019 83.40866464234496
C03 424.965 84.33934089391117
C03 450.035 84.47661071506667
C03 475.003 83.72134308337847
C03 500.018 84.19971258735522
C03 525.002 85.28124980537511
C03 550.029 86.59422459865657
C03 575.023 89.07308978083108
C03 599.982 90.59180510749512
C03 619.997 91.95530821141287
C03 624.979 92.09104800248262
C03 650.012 93.23946619415271
C03 675.004 94.35738081040617
C03 700.03 95.21389911596319
C03 725.012 96.1015628632167
C03 750.022 97.5066827854665
C03 774.987 98.48776046712531
C03 799.976 98.70044211260416
C03 824.988 98.2651075036243
C03 850.022 96.60300223546182
C03 869.967 94.66502881106024
C03 875.002 93.59704542053156
C03 899.999 87.28693265874159
C03 919.999 79.66300918479406
C03 925.012 77.46413204474804
C03 949.965 65.25907458726184
C03 975.002 49.212917649120314
C03 999.976 30.502963404587714
C03 1025.028 14.574056217107888
C03 1050.014 5.99615711881293
C03 1075.002 0.9289316882532023
C03 1099.99 0.09216774871647869
C04 319.994 47.73223663131928
C04 324.969 49.58837210503741
C04 349.982 59.22825575639074
C04 374.975 73.4579311224996
C04 400.019 83.455379073109
C04 424.965 84.45786224884534
C04 450.035 84.58589964455666
C04 475.003 83.78531326808508
C04 500.018 84.21652799117554
C04 525.002 85.2656285713778
C04 550.029 86.55210025814974
C04 575.023 89.01692648134244
C04 599.982 90.5342759762714
C04 619.997 91.90029430037887
C04 624.979 92.03919864147963
C04 650.012 93.1965805703837
C04 675.004 94.32410079015104
C04 700.03 95.21429468471706
C04 725.012 96.14603822556259
C04 750.022 97.62356962045543
C04 774.987 98.66908022762725
C04 799.976 98.91492993994032
C04 824.988 98.48919347091292
C04 850.022 96.84873253079257
C04 869.967 94.91291607563383
C04 875.002 93.84094714332085
C04 899.999 87.49438234768337
C04 919.999 79.82425196514657
C04 925.012 77.62282975066526
C04 949.965 65.47545069563064
C04 975.002 49.39154306395907
C04 999.976 30.56514233455979
C04 1025.028 14.593348590365787
C04 1050.014 5.99631711891031
C04 1075.002 0.9300446842003579
C04 1099.99 0.09227817915186709
C05 319.994 47.229233642962164
C05 324.969 49.03511322603487
C05 349.982 58.55158688974107
C05 374.975 72.94101978748508
C05 400.019 83.15835918387977
C05 424.965 84.23915004576027
C05 450.035 84.34326672720434
C05 475.003 83.48497955759697
C05 500.018 83.86997244497539
C05 525.002 84.8860616931327
C05 550.029 86.15177721566836
C05 575.023 88.61168495190253
C05 599.982 90.13441567459645
C05 619.997 91.50874094253527
C05 624.979 91.64947385617751
C05 650.012 92.81221462216237
C05 675.004 93.95664727204814
C05 700.03 94.87299348573818
C05 725.012 95.8435176915861
C05 750.022 97.36350182368709
C05 774.987 98.45598808627173
C05 799.976 98.73156516361647
C05 824.988 98.32509214654658
C05 850.022 96.7208891876775
C05 869.967 94.82164418334857
C05 875.002 93.75248155011965
C05 899.999 87.4359575890924
C05 919.999 79.82187855262333
C05 925.012 77.6495418368938
C05 949.965 65.5802913425299
C05 975.002 49.43129772372336
C05 999.976 30.545612060282462
C05 1025.028 14.621024408959318
C05 1050.014 6.020918883154754
C05 1075.002 0.9275666397162535
C05 1099.99 0.09203230985468695
C06 319.994 46.88817874150928
C06 324.969 48.65101969780441
C06 349.982 58.06098087685912
C06 374.975 72.68372097199385
C06 400.019 83.23492039665777
C06 424.965 84.43763599746804
C06 450.035 84.53455034216704
C06 475.003 83.6190624380373
C06 500.018 83.97007373038957
C06 525.002 84.97411679045722
C06 550.029 86.25269202927447
C06 575.023 88.72674321434997
C06 599.982 90.25777341731383
C06 619.997 91.63875618201595
C06 624.979 91.78019813399061
C06 650.012 92.9517384388588
C06 675.004 94.1209799668177
C06 700.03 95.05003662556145
C06 725.012 96.04761624146204
C06 750.022 97.58568458282029
C06 774.987 98.6962625182236
C06 799.976 98.99085674999985
C06 824.988 98.608073076794
C06 850.022 97.03660529819831
C06 869.967 95.1788800859033
C06 875.002 94.12259955964016
C06 899.999 87.91795438390655
C06 919.999 80.36219561616895
C06 925.012 78.18455977184979
C06 949.965 65.95970148598573
C06 975.002 49.562044392220635
C06 999.976 30.669430677915912
C06 1025.028 14.757356620214715
C06 1050.014 6.0717401385757555
C06 1075.002 0.9296832084609201
C06 1099.99 0.09224231386108102
C07 319.994 45.94374341451353
C07 324.969 47.63690082985507
C07 349.982 56.79572436334918
C07 374.975 71.55177486031997
C07 400.019 82.547959278846
C07 424.965 83.99671864456558
C07 450.035 84.12736828676474
C07 475.003 83.19931174524777
C07 500.018 83.55335324352593
C07 525.002 84.56324773572635
C07 550.029 85.89034358716496
C07 575.023 88.36570089548437
C07 599.982 89.86864571692323
C07 619.997 91.22335674551903
C07 624.979 91.36182820005894
C07 650.012 92.52378529209744
C07 675.004 93.68510051785607
C07 700.03 94.61161210216453
C07 725.012 95.5773447015976
C07 750.022 97.07431867392138
C07 774.987 98.14177961515249
C07 799.976 98.45092032808532
C07 824.988 98.1058948119709
C07 850.022 96.56090028563916
C07 869.967 94.78194550029473
C07 875.002 93.76413216945545
C07 899.999 87.82951118138955
C07 919.999 80.40011050804965
C07 925.012 78.21101063342957
C07 949.965 65.71998682113839
C07 975.002 49.14077486468746
C07 999.976 30.49874089472915
C07 1025.028 14.809518517851084
C07 1050.014 6.075051627471685
C07 1075.002 0.9248118156367269
C07 1099.99 0.09175897874032118
C10 319.994 48.71158276673472
C10 324.969 50.69902094427397
C10 349.982 60.589892969960026
C10 374.975 74.018616245089
C10 400.019 83.26327446639297
C10 424.965 84.04508998595905
C10 450.035 84.2809012081974
C10 475.003 83.70088546159796
C10 500.018 84.31212128550784
C10 525.002 85.50875408378212
C10 550.029 86.85688971478996
C10 575.023 89.28925690948086
C10 599.982 90.7328514907159
C10 619.997 92.04069135375839
C10 624.979 92.16327288609081
C10 650.012 93.24299645869199
C10 675.004 94.32044364506805
C10 700.03 95.20623403841172
C10 725.012 96.16002493961464
C10 750.022 97.72288723192324
C10 774.987 98.85160908507498
C10 799.976 99.08772631333049
C10 824.988 98.61608894173098
C10 850.022 97.007907904639
C10 869.967 95.12232121766078
C10 875.002 94.04548604331902
C10 899.999 87.42438160537054
C10 919.999 79.33045527976876
C10 925.012 77.1097099048388
C10 949.965 65.27312847336644
C10 975.002 49.64889412438005
C10 999.976 30.79317839171612
C10 1025.028 14.731167916228905
C10 1050.014 5.910487562298918
C10 1075.002 0.9309901553639965
C10 1099.99 0.09237198793213681
C11 319.994 48.643899460234685
C11 324.969 50.59403848970822
C11 349.982 60.4285531633094
C11 374.975 74.13064430161054
C11 400.019 83.60832237319156
C11 424.965 84.44681617798246
C11 450.035 84.67451450898571
C11 475.003 84.03617103009341
C11 500.018 84.59087037644495
C11 525.002 85.75503668265604
C11 550.029 87.0871555109127
C11 575.023 89.53298697035808
C11 599.982 90.99068768262748
C11 619.997 92.31340242352789
C11 624.979 92.44070839022261
C11 650.012 93.52610426948311
C11 675.004 94.6243673285866
C11 700.03 95.53054070809684
C11 725.012 96.52781431798027
C11 750.022 98.14051080971554
C11 774.987 99.31910418010091
C11 799.976 99.57769419171326
C11 824.988 99.12644726984173
C11 850.022 97.53258880706451
C11 869.967 95.67552785173356
C11 875.002 94.6024393852115
C11 899.999 88.01651817567358
C11 919.999 80.02610398304296
C11 925.012 77.81579266694158
C11 949.965 65.87428102583324
C11 975.002 49.91798163509284
C11 999.976 30.988102358748677
C11 1025.028 14.890885331221547
C11 1050.014 6.001637705238944
C11 1075.002 0.9349684064998574
C11 1099.99 0.09276670635509271
C12 319.994 48.03548113075098
C12 324.969 49.934140245510505
C12 349.982 59.64122580365397
C12 374.975 73.53916452471016
C12 400.019 83.21476131733301
C12 424.965 84.13051044611154
C12 450.035 84.34215465655664
C12 475.003 83.66641127151982
C12 500.018 84.17405286328321
C12 525.002 85.29040013164396
C12 550.029 86.59488139205922
C12 575.023 89.01544123262507
C12 599.982 90.46112561105038
C12 619.997 91.77728734504701
C12 624.979 91.9051008339165
C12 650.012 92.99337764787504
C12 675.004 94.09088688727773
C12 700.03 95.01635357299105
C12 725.012 96.05162417393052
C12 750.022 97.71587894777443
C12 774.987 98.94144051001123
C12 799.976 99.23348220379079
C12 824.988 98.79007948494417
C12 850.022 97.22881439477386
C12 869.967 95.3870089589319
C12 875.002 94.31877180731584
C12 899.999 87.7674143505928
C12 919.999 79.76731245527297
C12 925.012 77.54958235914611
C12 949.965 65.67158562549935
C12 975.002 49.79614272711911
C12 999.976 30.92048249252049
C12 1025.028 14.839717953140907
C12 1050.014 5.963241413648337
C12 1075.002 0.930922542989564
C12 1099.99 0.09236527949445983
C13 319.994 47.6505591472058
C13 324.969 49.50384727225217
C13 349.982 59.11266384930365
C13 374.975 73.22792655102566
C13 400.019 83.1285273289886
C13 424.965 84.1203749297387
C13 450.035 84.31597994674846
C13 475.003 83.60128423479718
C13 500.018 84.06086795474563
C13 525.002 85.14292762206308
C13 550.029 86.42106251075809
C13 575.023 88.82276193168171
C13 599.982 90.25522087931714
C13 619.997 91.56799415644096
C13 624.979 91.69368053031322
C13 650.012 92.78862976815783
C13 675.004 93.89518484396987
C13 700.03 94.84405725821426
C13 725.012 95.91849662934861
C13 750.022 97.63603376798314
C13 774.987 98.91466871529154
C13 799.976 99.24174436625376
C13 824.988 98.81323145238787
C13 850.022 97.27211797798091
C13 869.967 95.42098309039666
C13 875.002 94.35278325658757
C13 899.999 87.8084788653817
C13 919.999 79.76346125759375
C13 925.012 77.5248928980553
C13 949.965 65.68191519446842
C13 975.002 49.854556290367995
C13 999.976 30.95221568967675
C13 1025.028 14.839394221165449
C13 1050.014 5.941221575173575
C13 1075.002 0.9301614066992474
C13 1099.99 0.09228976025097615
C14 319.994 47.42683143086407
C14 324.969 49.2423688623804
C14 349.982 58.779553908954504
C14 374.975 73.14543927050094
C14 400.019 83.29493489382564
C14 424.965 84.3750465716193
C14 450.035 84.5732489079941
C14 475.003 83.8387075862966
C14 500.018 84.27124335975378
C14 525.002 85.31629122611919
C14 550.029 86.56355682488928
C14 575.023 88.93428992958985
C14 599.982 90.34017113510183
C14 619.997 91.64086090632901
C14 624.979 91.76369619974882
C14 650.012 92.85692135491146
C14 675.004 93.96593194242207
C14 700.03 94.93648600251557
C14 725.012 96.05315420401627
C14 750.022 97.81978664949946
C14 774.987 99.14279246929424
C14 799.976 99.50706651024336
C14 824.988 99.09539885444336
C14 850.022 97.57475046537832
C14 869.967 95.71081557000363
C14 875.002 94.63059193878905
C14 899.999 88.04434233254982
C14 919.999 79.99704087497535
C14 925.012 77.75783064915703
C14 949.965 66.02595552047885
C14 975.002 50.21232956934308
C14 999.976 31.114633980948785
C14 1025.028 14.886421188562858
C14 1050.014 5.947930850394049
C14 1075.002 0.9319116173088968
C14 1099.99 0.09246341453978013
C15 319.994 47.06712135770727
C15 324.969 48.83972465230555
C15 349.982 58.27756223316625
C15 374.975 72.82507336123177
C15 400.019 83.16116548296385
C15 424.965 84.31960723758586
C15 450.035 84.53784177274173
C15 475.003 83.79341123219739
C15 500.018 84.19348051359137
C15 525.002 85.19604578850304
C15 550.029 86.403493287237
C15 575.023 88.72280245393401
C15 599.982 90.08875360598894
C15 619.997 91.36479869749368
C15 624.979 91.48584273617897
C15 650.012 92.56293167160813
C15 675.004 93.67341258071332
C15 700.03 94.6533184832333
C15 725.012 95.79192955523187
C15 750.022 97.58287082017482
C15 774.987 98.93351420781097
C15 799.976 99.3172979982436
C15 824.988 98.92395338566547
C15 850.022 97.42568821722055
C15 869.967 95.55678258995756
C15 875.002 94.47634997902396
C15 899.999 87.8248464555184
C15 919.999 79.81242968389873
C15 925.012 77.61133586611874
C15 949.965 66.09585923649354
C15 975.002 50.40011650579278
C15 999.976 31.164512961743814
C15 1025.028 14.846979998377114
C15 1050.014 5.937945071721679
C15 1075.002 0.9296543059639136
C15 1099.99 0.09223944618188022
C16 319.994 46.505309237347404
C16 324.969 48.22982853766587
C16 349.982 57.51846579448302
C16 374.975 72.16781721776748
C16 400.019 82.70080555263044
C16 424.965 83.94136887326886
C16 450.035 84.14736316773883
C16 475.003 83.35856175470812
C16 500.018 83.72234320060525
C16 525.002 84.69944280404114
C16 550.029 85.89879233866279
C16 575.023 88.20195035850352
C16 599.982 89.55586278603019
C16 619.997 90.82330239124784
C16 624.979 90.94139832318255
C16 650.012 92.01532270858073
C16 675.004 93.1331029807291
C16 700.03 94.1178228803481
C16 725.012 95.25757587723994
C16 750.022 97.0405012772459
C16 774.987 98.37799386970612
C16 799.976 98.76433019813543
C16 824.988 98.39473463791249
C16 850.022 96.89726060697532
C16 869.967 95.0457152235144
C16 875.002 93.96896961190937
C16 899.999 87.36099357845266
C16 919.999 79.47113594848125
C16 925.012 77.30882279570363
C16 949.965 65.87027309336474
C16 975.002 50.16898866832906
C16 999.976 30.984202647920394
C16 1025.028 14.724576658572971
C16 1050.014 5.91448243353497
C16 1075.002 0.9244872744881508
C16 1099.99 0.0917267780657093
C17 319.994 45.78885958846857
C17 324.969 47.45765967120132
C17 349.982 56.56237238459009
C17 374.975 71.36048378179586
C17 400.019 82.31444683351694
C17 424.965 83.74618927925856
C17 450.035 83.94988479681923
C17 475.003 83.10384533145917
C17 500.018 83.43898909228812
C17 525.002 84.43306083433362
C17 550.029 85.68174450976854
C17 575.023 88.02181730426321
C17 599.982 89.39480659471253
C17 619.997 90.66978439693796
C17 624.979 90.79327648376042
C17 650.012 91.87012658522498
C17 675.004 93.00737928904988
C17 700.03 93.99965231279944
C17 725.012 95.11258873360322
C17 750.022 96.8580246647279
C17 774.987 98.14766836509223
C17 799.976 98.52155547311662
C17 824.988 98.18591911723566
C17 850.022 96.67214466821434
C17 869.967 94.83967614767607
C17 875.002 93.77926827196215
C17 899.999 87.3661658264986
C17 919.999 79.59126943267648
C17 925.012 77.42120163961069
C17 949.965 65.81475912371737
C17 975.002 49.907379646132895
C17 999.976 30.804370002026182
C17 1025.028 14.632287856047798
C17 1050.014 5.9359555661376335
C17 1075.002 0.9227492065125977
C17 1099.99 0.09155432855790514
