lsstCam/transmission_filter_detector/r12_s12/z_20/19700101T000000.ecsv
# %ECSV 1.0
# ---
# datatype:
# - {name: wavelength, unit: nm, datatype: float32}
# - {name: efficiency, unit: '%', datatype: float64}
# meta: !!omap
# - {MODE: DETECTOR}
# - {TYPE: transmission_filter_detector}
# - {CALIBDATE: '1970-01-01T00:00:00'}
# - {INSTRUME: LSSTCam}
# - {OBSTYPE: transmission_filter_detector}
# - {CALIBCLS: lsst.ip.isr.IntermediateFilterDetectorTransmissionCurve}
# - {SOURCE: Materion (DM-46256)}
# - {DETECTOR: 50}
# - {FILTER: z_20}
# - {CALIB_ID: 'calibDate=1970-01-01T00:00:00 filter=z_20 detector=50'}
# - {DATE: '2025-04-02T15:59:48.868692'}
# - {CALIB_CREATION_DATE: '2025-04-02'}
# - {CALIB_CREATION_TIME: '15:59:48'}
# - __serialized_columns__:
#     efficiency:
#       __class__: astropy.units.quantity.Quantity
#       unit: !astropy.units.Unit {unit: '%'}
#       value: !astropy.table.SerializedColumn {name: efficiency}
#     wavelength:
#       __class__: astropy.units.quantity.Quantity
#       unit: !astropy.units.Unit {unit: nm}
#       value: !astropy.table.SerializedColumn {name: wavelength}
# schema: astropy-2.0
wavelength efficiency
[from data line 598]
898.0 99.15984272956848
899.0 98.86876344680786
900.0 98.77130389213562
901.0 99.55257177352905
902.0 99.58689212799072
903.0 98.8935112953186
904.0 98.03903102874756
905.0 98.87879490852356
906.0 98.0017602443695
907.0 98.71466755867004
908.0 98.3022689819336
909.0 98.33526611328125
910.0 97.94211387634277
911.0 96.71156406402588
912.0 96.25933766365051
913.0 95.03605365753174
914.0 92.92028546333313
915.0 90.68072438240051
916.0 88.76376748085022
917.0 86.86236143112183
918.0 83.42231512069702
919.0 82.5042724609375
920.0 79.76058721542358
921.0 75.74366331100464
922.0 71.48323059082031
923.0 66.31722450256348
924.0 60.78718304634094
925.0 55.04463315010071
926.0 49.1769403219223
927.0 42.112043499946594
928.0 36.39356195926666
929.0 29.998430609703064
930.0 24.24612194299698
931.0 19.174836575984955
932.0 13.709226250648499
933.0 9.109078347682953
934.0 6.000318378210068
935.0 3.683454543352127
936.0 2.163054421544075
937.0 1.318160817027092
938.0 0.687045231461525
939.0 0.37587748374789953
940.0 0.26658072602003813
941.0 0.19468420650810003
942.0 0.25516441091895103
943.0 0.13694677036255598
944.0 0.09257003548555076
945.0 0.16987556591629982
946.0 0.2011412288993597
947.0 0.09339395328424871
948.0 1.589092464386599e-10
949.0 1.589092464386599e-10
950.0 0.15989072853699327
951.0 0.05714122671633959
952.0 0.12064251350238919
953.0 0.05698687746189535
954.0 1.589092464386599e-10
955.0 0.1564046135172248
956.0 1.589092464386599e-10
957.0 0.010803913028212264
958.0 1.589092464386599e-10
959.0 0.01259728305740282
960.0 1.589092464386599e-10
961.0 0.021698232740163803
962.0 1.589092464386599e-10
963.0 0.08077964303083718
964.0 0.08625733316875994
965.0 1.589092464386599e-10
966.0 0.010384481720393524
967.0 0.0075355776061769575
968.0 0.07802503532730043
969.0 0.05674987332895398
970.0 0.014113049837760627
971.0 1.589092464386599e-10
972.0 1.589092464386599e-10
973.0 1.589092464386599e-10
974.0 0.0876692240126431
975.0 1.589092464386599e-10
976.0 0.0065450461988803
977.0 0.006521032628370449
978.0 0.006497020513052121
979.0 0.00626084438408725
980.0 0.006024666072335094
981.0 0.005914681969443336
982.0 0.005804699321743101
983.0 0.0057313507568323985
984.0 0.005658002555719577
985.0 0.00534434147994034
986.0 0.005030679676565342
987.0 0.00502705188409891
988.0 0.005023424091632478
989.0 0.005000189776183106
990.0 0.004976956552127376
991.0 0.005055391739006154
992.0 0.005133827653480694
993.0 0.00503421324538067
994.0 0.0049345981096848845
995.0 0.004919627099297941
996.0 0.004904655725113116
997.0 0.004658781836042181
998.0 0.004412907583173364
999.0 0.004416186493472196
1000.0 0.004419465039973147
1001.0 0.004586438080877997
1002.0 0.004753410394187085
1003.0 0.004629724207916297
1004.0 0.004506038021645509
1005.0 0.004393087510834448
1006.0 0.004280137000023387
1007.0 0.00435903602920007
1008.0 0.0044379354221746325
1009.0 0.004507499761530198
1010.0 0.0045770644646836445
1011.0 0.00461297167930752
1012.0 0.004648878893931396
1013.0 0.0044981301471125335
1014.0 0.004347381400293671
1015.0 0.004534750405582599
1016.0 0.004722118683275767
1017.0 0.0049765221774578094
1018.0 0.005230925671639852
1019.0 0.0050209833716508
1020.0 0.004811041435459629
1021.0 0.0048128742491826415
1022.0 0.004814707062905654
1023.0 0.0046680124796694145
1024.0 0.004521317532635294
1025.0 0.004760279989568517
1026.0 0.004999242446501739
1027.0 0.00485754972032737
1028.0 0.00471585663035512
1029.0 0.004758864815812558
1030.0 0.004801873365067877
1031.0 0.004953362804371864
1032.0 0.00510485224367585
1033.0 0.0051563965826062486
1034.0 0.0052079412853345275
1035.0 0.005419477020041086
1036.0 0.005631012390949763
1037.0 0.005652152321999893
1038.0 0.00567329152545426
1039.0 0.005498927203007042
1040.0 0.005324562152964063
1041.0 0.005781832805951126
1042.0 0.0062391038227360696
1043.0 0.005675880311173387
1044.0 0.005112657527206466
1045.0 0.0058666231780080125
1046.0 0.006620588101213798
1047.0 0.006340806430671364
1048.0 0.006061022941139527
1049.0 0.00631232323939912
1050.0 0.006563622446265072
1051.0 0.006808326725149527
1052.0 0.007053031731629744
1053.0 0.00709526939317584
1054.0 0.007137507054721937
1055.0 0.007804200140526518
1056.0 0.0084708932263311
1057.0 0.008080142288235947
1058.0 0.0076893920777365565
1059.0 0.008009706652956083
1060.0 0.008330019045388326
1061.0 0.008880855602910742
1062.0 0.00943169288802892
1063.0 0.00936739452299662
1064.0 0.00930309688556008
1065.0 0.009462711022933945
1066.0 0.009622326615499333
1067.0 0.009732080070534721
1068.0 0.009841834980761632
1069.0 0.010567724530119449
1070.0 0.011293615534668788
1071.0 0.011035647185053676
1072.0 0.010777678835438564
1073.0 0.01092613092623651
1074.0 0.011074583017034456
1075.0 0.011729538528015837
1076.0 0.012384497676976025
1077.0 0.012583975330926478
1078.0 0.012783451529685408
1079.0 0.013681336713489145
1080.0 0.014579223352484405
1081.0 0.014608750643674284
1082.0 0.01463827647967264
1083.0 0.014478745288215578
1084.0 0.014319214096758515
1085.0 0.015031914517749101
1086.0 0.01574461639393121
1087.0 0.015939868171699345
1088.0 0.016135122859850526
1089.0 0.017364544328302145
1090.0 0.01859396288637072
1091.0 0.01843217614805326
1092.0 0.018270383588969707
1093.0 0.01796155993361026
1094.0 0.017652731912676245
1095.0 0.01887626713141799
1096.0 0.020099803805351257
1097.0 0.020317868620622903
1098.0 0.02053593489108607
1099.0 0.02289413969265297
1100.0 0.025252337218262255
1101.0 0.024893032968975604
1102.0 0.02453372289892286
1103.0 0.026177969994023442
1104.0 0.027822211268357933
1105.0 0.027536973357200623
1106.0 0.027251738356426358
1107.0 0.028235945501364768
1108.0 0.029220152646303177
1109.0 0.031172900344245136
1110.0 0.033125648042187095
1111.0 0.032816981547512114
1112.0 0.032508320873603225
1113.0 0.03457480052020401
1114.0 0.03664128598757088
1115.0 0.03552925190888345
1116.0 0.03441722074057907
1117.0 0.03558991302270442
1118.0 0.036762605304829776
1119.0 0.0397576077375561
1120.0 0.042752610170282423
1121.0 0.043830074719153345
1122.0 0.04490754508879036
1123.0 0.04565850249491632
1124.0 0.04640945990104228
1125.0 0.04699706914834678
1126.0 0.04758467839565128
1127.0 0.051149725914001465
1128.0 0.054714776342734694
1129.0 0.058316520880907774
1130.0 0.061918271239846945
1131.0 0.06193805602379143
1132.0 0.06195783498696983
1133.0 0.06601515342481434
1134.0 0.07007247768342495
1135.0 0.06890759104862809
1136.0 0.06774269859306514
1137.0 0.07265276508405805
1138.0 0.07756283739581704
1139.0 0.08224029443226755
1140.0 0.08691771072335541
1141.0 0.09660348296165466
1142.0 0.10628922609612346
1143.0 0.12797181261703372
1144.0 0.14965436421334743
1145.0 0.29829207342118025
1146.0 0.44692978262901306
1147.0 0.9527861140668392
1148.0 1.4586424455046654
1149.0 1.6563884913921356
1150.0 1.8541356548666954
