lsstCam/transmission_filter_detector/r12_s12/z_20/19700101T000000.ecsv
# %ECSV 1.0
# ---
# datatype:
# - {name: wavelength, unit: nm, datatype: float32}
# - {name: efficiency, unit: '%', datatype: float64}
# meta: !!omap
# - {MODE: DETECTOR}
# - {TYPE: transmission_filter_detector}
# - {CALIBDATE: '1970-01-01T00:00:00'}
# - {INSTRUME: LSSTCam}
# - {OBSTYPE: transmission_filter_detector}
# - {CALIBCLS: lsst.ip.isr.IntermediateFilterDetectorTransmissionCurve}
# - {SOURCE: Materion (DM-46256)}
# - {DETECTOR: 50}
# - {FILTER: z_20}
# - {CALIB_ID: 'calibDate=1970-01-01T00:00:00 filter=z_20 detector=50'}
# - {DATE: '2025-04-02T15:59:48.868692'}
# - {CALIB_CREATION_DATE: '2025-04-02'}
# - {CALIB_CREATION_TIME: '15:59:48'}
# - __serialized_columns__:
#     efficiency:
#       __class__: astropy.units.quantity.Quantity
#       unit: !astropy.units.Unit {unit: '%'}
#       value: !astropy.table.SerializedColumn {name: efficiency}
#     wavelength:
#       __class__: astropy.units.quantity.Quantity
#       unit: !astropy.units.Unit {unit: nm}
#       value: !astropy.table.SerializedColumn {name: wavelength}
# schema: astropy-2.0
wavelength efficiency
300.0 0.869099423289299
301.0 0.5874890834093094
302.0 0.3058788599446416
303.0 0.29773085843771696
304.0 0.2895828802138567
305.0 0.24468067567795515
306.0 0.19977844785898924
307.0 0.18449582858011127
308.0 0.16921322094276547
309.0 0.14754345174878836
310.0 0.12587367091327906
311.0 0.12685979017987847
312.0 0.12784594437107444
313.0 0.11278714518994093
314.0 0.09772836929187179
315.0 0.09683436364866793
316.0 0.09594035800546408
317.0 0.0801084388513118
318.0 0.0642765371594578
319.0 0.06449808133766055
320.0 0.06471963133662939
321.0 0.0637670571450144
322.0 0.06281448295339942
323.0 0.05541593418456614
324.0 0.04801739123649895
325.0 0.04425698425620794
326.0 0.04049657436553389
327.0 0.03999780165031552
328.0 0.03949902311433107
329.0 0.03498587175272405
330.0 0.030472723301500082
331.0 0.027764742844738066
332.0 0.02505676238797605
333.0 0.024154677521437407
334.0 0.023252589744515717
335.0 0.022060665651224554
336.0 0.020868740102741867
337.0 0.024871918139979243
338.0 0.028875088901259005
339.0 0.02461049589328468
340.0 0.020345910161267966
341.0 0.017125936574302614
342.0 0.013905962987337261
343.0 0.01391206169500947
344.0 0.01391816622344777
345.0 0.013016676530241966
346.0 0.012115189019823447
347.0 0.01155835489043966
348.0 0.011001521488651633
349.0 0.013569164730142802
350.0 0.016136810882017016
351.0 0.01347252691630274
352.0 0.010808238585013896
353.0 0.011364314559614286
354.0 0.011920390534214675
355.0 0.010257538815494627
356.0 0.00859468782437034
357.0 0.00947791850194335
358.0 0.010361153545090929
359.0 0.010132753959624097
360.0 0.009904354374157265
361.0 0.009064334153663367
362.0 0.008224316115956753
363.0 0.009321391553385183
364.0 0.010418466263217852
365.0 0.01017640606733039
366.0 0.009934348781825975
367.0 0.008695435099070892
368.0 0.007456519961124286
369.0 0.007958881178637967
370.0 0.008461243123747408
371.0 0.008435937343165278
372.0 0.008410633017774671
373.0 0.007306232146220282
374.0 0.0062018320022616535
375.0 0.00652357775834389
376.0 0.006845322786830366
377.0 0.007143186667235568
378.0 0.007441048364853486
379.0 0.006257629866013303
380.0 0.00507421100337524
381.0 0.0032777552405605093
382.0 0.0014812999324931297
383.0 0.003669298894237727
384.0 0.005857298310729675
385.0 0.005585055623669177
386.0 0.005312813664204441
387.0 0.005962509385426529
388.0 0.006612206198042259
389.0 0.0058569621614879
390.0 0.005101718852529302
391.0 0.004710777648142539
392.0 0.004319836807553656
393.0 0.004813433770323172
394.0 0.005307031096890569
395.0 0.004399919635034166
396.0 0.003492807809379883
397.0 0.0036463763535721228
398.0 0.0037999445339664817
399.0 0.004067270128871314
400.0 0.004334595359978266
401.0 0.0045668370148632675
402.0 0.004799078669748269
403.0 0.004939410064253025
404.0 0.005079741822555661
405.0 0.004180606629233807
406.0 0.003281471799709834
407.0 0.0018480222934158519
408.0 0.00041457356019236613
409.0 0.0019381564925424755
410.0 0.0034617398341652006
411.0 0.004123976759728976
412.0 0.004786214049090631
413.0 0.004705409446614794
414.0 0.0046246048441389576
415.0 0.0038043668610043824
416.0 0.0029841290597687475
417.0 0.003891503729391843
418.0 0.00479887894471176
419.0 0.0043434054532554
420.0 0.003887932689394802
421.0 0.003938628651667386
422.0 0.0039893249777378514
423.0 0.0037784804590046406
424.0 0.003567636667867191
425.0 0.0025402443498023786
426.0 0.0015128522136365063
427.0 0.0017479271264164709
428.0 0.0019830020391964354
429.0 0.0014202333659341093
430.0 0.0008574651474191342
431.0 0.0008180149961845018
432.0 0.0007785647540003993
433.0 0.0007551261660410091
434.0 0.0007316876690310892
435.0 0.001218590114149265
436.0 0.0017054924683179706
437.0 0.0018547265426605009
438.0 0.0020039607989019714
439.0 0.0020557892639772035
440.0 0.0021076180928503163
441.0 0.0015991456166375428
442.0 0.00109067350422265
443.0 0.002340767423447687
444.0 0.0035908615245716646
445.0 0.003496255521895364
446.0 0.0034016502468148246
447.0 0.002605354893603362
448.0 0.00180905972229084
449.0 0.0024960174414445646
450.0 0.0031829757062951103
451.0 0.0025042436391231604
452.0 0.0018255113900522701
453.0 0.0017358475815854035
454.0 0.0016461841369164176
455.0 0.0023887612769613042
456.0 0.0031313385989051312
457.0 0.002285685513925273
458.0 0.0014400327017938253
459.0 0.0015288011127267964
460.0 0.0016175696146092378
461.0 0.0007561595793958986
462.0 1.589092464386599e-10
463.0 0.0009014397619466763
464.0 0.001908130434458144
465.0 0.00218164950638311
466.0 0.002455168760207016
467.0 0.0021435122107504867
468.0 0.001831854933698196
469.0 0.0016218582459259778
470.0 0.0014118611034064088
471.0 0.0013122517884767149
472.0 0.0012126427463954315
473.0 0.0012034607607347425
474.0 0.0011942786841245834
475.0 0.001061425336956745
476.0 0.0009285718988394365
477.0 0.0013638754353451077
478.0 0.0017991787899518386
479.0 0.002098569348163437
480.0 0.0023979599063750356
481.0 0.0018764330889098346
482.0 0.001354905998596223
483.0 0.0009318398042523768
484.0 0.0005087735644337954
485.0 0.0012843358490499668
486.0 0.002059897997241933
487.0 0.0014269578969106078
488.0 0.0007940178875287529
489.0 0.001635195076232776
490.0 0.0024763723558862694
491.0 0.0023181592041510157
492.0 0.002159946416213643
493.0 0.001945331496244762
494.0 0.0017307171219727024
495.0 0.0016112320736283436
496.0 0.0014917468433850445
497.0 0.0012694290489889681
498.0 0.001047111345542362
499.0 0.0011759290828194935
500.0 0.001304746820096625
501.0 0.000894546064955648
502.0 0.0004843451733904658
503.0 0.0013326450243766885
504.0 0.0021809450117871165
505.0 0.0022788410205976106
506.0 0.002376737211307045
507.0 0.0022661259208689444
508.0 0.002155514266632963
509.0 0.001842882738856133
510.0 0.0015302515748771839
511.0 0.0012026959666400217
512.0 0.0008751403584028594
513.0 0.0013228783245722298
514.0 0.0017706166545394808
515.0 0.0013886385204386897
516.0 0.0010066607501357794
517.0 0.0009162738933810033
518.0 0.000825886945676757
519.0 0.0010679870683816262
520.0 0.0013100869182380848
521.0 0.0016188652807613835
522.0 0.0019276436432846822
523.0 0.0012843007425544783
524.0 0.0006409578872990096
525.0 0.0007427001037285663
526.0 0.0008444425475317985
527.0 0.0011869419722643215
528.0 0.0015294417607947253
529.0 0.0012996157238376327
530.0 0.0010697889592847787
531.0 0.0011389704013708979
532.0 0.0012081516615580767
533.0 0.000891672789293807
534.0 0.0005751939625042723
535.0 0.0011249187082285061
536.0 0.001674643499427475
537.0 0.001691278157522902
538.0 0.001707912997517269
539.0 0.0011888317203556653
540.0 0.000669750170345651
541.0 0.0007667016689083539
542.0 0.0008636531674710568
543.0 0.0013093359484628309
544.0 0.001755018820404075
545.0 0.0011759192602767143
546.0 0.0005968198365735589
547.0 0.001222740229422925
548.0 0.0018486603948986158
549.0 0.0016294639863190241
550.0 0.0014102675777394325
551.0 0.0015337469449150376
552.0 0.0016572261301917024
553.0 0.0014063169146538712
554.0 0.001155407153419219
555.0 0.0010470371307746973
556.0 0.0009386669262312353
557.0 0.0013500465684046503
558.0 0.001761426028679125
559.0 0.0017333191863144748
560.0 0.0017052117982530035
561.0 0.0015588429960189387
562.0 0.001412474193784874
563.0 0.0011893813280039467
564.0 0.0009662884622230195
565.0 0.0016856443835422397
566.0 0.0024050006686593406
567.0 0.0027965987101197243
568.0 0.003188196205883287
569.0 0.003004889003932476
570.0 0.002821581620082725
571.0 0.0026256762794218957
572.0 0.0024297703930642456
573.0 0.001969659570022486
574.0 0.001509548928879667
575.0 0.00193081796169281
576.0 0.0023520868126070127
577.0 0.00197278568521142
578.0 0.0015934851035126485
579.0 0.001729359064484015
580.0 0.001865232661657501
581.0 0.0016790258086984977
582.0 0.0014928185009921435
583.0 0.0019447028535068966
584.0 0.0023965871150721796
585.0 0.002569191019574646
586.0 0.0027417949240771122
587.0 0.002092598697345238
588.0 0.001443401924916543
589.0 0.0020137158571742475
590.0 0.0025840296075330116
591.0 0.0016544081518077292
592.0 0.0007247866051329765
593.0 0.00059316535043763
594.0 0.0004615439593180781
595.0 0.0009052734640135895
596.0 0.0013490029232343659
597.0 0.0013168813893571496
598.0 0.001284759673580993
599.0 0.0009804424735193606
600.0 0.0006761253644071985
601.0 0.0005792583124275552
602.0 0.00048239121497317683
603.0 0.0009344683348899707
604.0 0.0013865450455341488
605.0 0.0008547755896870513
606.0 0.00032300586099154316
607.0 0.0007497788828914054
608.0 0.0011765519957407378
609.0 0.0011637836905720178
610.0 0.0011510151125548873
611.0 0.0010130294867849443
612.0 0.0008750434972171206
613.0 0.0008064335816015955
614.0 0.0007378236659860704
615.0 0.00117525523819495
616.0 0.00161268708325224
617.0 0.0021191503037698567
618.0 0.002625613888085354
619.0 0.0021783298507216386
620.0 0.0017310456314589828
621.0 0.0015044995961943641
622.0 0.0012779531971318647
623.0 0.0015678026102250442
624.0 0.001857652205217164
625.0 0.0016824815247673541
626.0 0.0015073109352670144
627.0 0.0019317385522299446
628.0 0.0023561666239402257
629.0 0.0021536307031055912
630.0 0.0019510949641698971
631.0 0.001691238685452845
632.0 0.0014313823157863226
633.0 0.0017800421119318344
634.0 0.002128702362824697
635.0 0.00502955554111395
636.0 0.007930408173706383
637.0 0.015250382421072572
638.0 0.022570358123630285
639.0 0.01982779649551958
640.0 0.01708523486740887
641.0 0.014798468328081071
642.0 0.012511704699136317
643.0 0.010026447125710547
644.0 0.007541191735072061
645.0 0.0068118752096779644
646.0 0.006082559048081748
647.0 0.005598952338914387
648.0 0.005115345265949145
649.0 0.004205100776744075
650.0 0.0032948573789326474
651.0 0.003664322866825387
652.0 0.004033788718516007
653.0 0.0032991625630529597
654.0 0.0025645364075899124
655.0 0.0027580072128330357
656.0 0.0029514787456719205
657.0 0.0029010994694544934
658.0 0.002850720011338126
659.0 0.0026791096388478763
660.0 0.0025074996301555075
661.0 0.0027042349756811745
662.0 0.002900969957408961
663.0 0.0019777446141233668
664.0 0.001054519452736713
665.0 0.0015939727745717391
666.0 0.002133426460204646
667.0 0.0024479060812154785
668.0 0.0027623858841252513
669.0 0.002021653563133441
670.0 0.0012809212421416305
671.0 0.0009211921678797808
672.0 0.0005614631390926661
673.0 0.0012311816135479603
674.0 0.00190090031537693
675.0 0.0020224524632794783
676.0 0.0021440046111820266
677.0 0.0019194882042938843
678.0 0.0016949716155068018
679.0 0.0014347233445732854
680.0 0.001174474982690299
681.0 0.0012532742402981967
682.0 0.0013320734069566242
683.0 0.002414407026662957
684.0 0.0034967411920661107
685.0 0.0029274620828800835
686.0 0.0023581837012898177
687.0 0.0017401514924131334
688.0 0.0011221191016375087
689.0 0.0014792940419283696
690.0 0.00183646880032029
691.0 0.002149002284568269
692.0 0.0024615355869173072
693.0 0.002751714418991469
694.0 0.0030418928872677498
695.0 0.0032783154892968014
696.0 0.003514737545629032
697.0 0.003674651452456601
698.0 0.0038345649954862893
699.0 0.0056834836868802086
700.0 0.007532400923082605
701.0 0.007204672147054225
702.0 0.006876942643430084
703.0 0.006335881334962323
704.0 0.005794819662696682
705.0 0.0051899420213885605
706.0 0.00458506474387832
707.0 0.0043261337850708514
708.0 0.004067202098667622
709.0 0.004237932444084436
710.0 0.004408662425703369
711.0 0.003989215110777877
712.0 0.003569768523448147
713.0 0.0025435756469960324
714.0 0.0015173824976955075
715.0 0.0021960213416605256
716.0 0.0028746599127771333
717.0 0.002507806675566826
718.0 0.002140953074558638
719.0 0.0017234844563063234
720.0 0.001306015474256128
721.0 0.0012314962077653036
722.0 0.0011569767593755387
723.0 0.0010072722943732515
724.0 0.0008575679203204345
725.0 0.0012636689461942296
726.0 0.0016697698811185546
727.0 0.0017320300685241818
728.0 0.0017942898921319284
729.0 0.001824574610509444
730.0 0.0018548593288869597
731.0 0.001399104712618282
732.0 0.000943350369198015
733.0 0.0009360370313515887
734.0 0.000928723511606222
735.0 0.0010589456906018313
736.0 0.0011891675057995599
737.0 0.0013399813724390697
738.0 0.001490794966230169
739.0 0.0011861500752274878
740.0 0.0008815051842248067
741.0 0.000999581243377179
742.0 0.0011176570296811406
743.0 0.0015735011402284727
744.0 0.002029344977927394
745.0 0.001361758495477261
746.0 0.0006941719675523927
747.0 0.0012089609299437143
748.0 0.001723750028759241
749.0 0.002375886106165126
750.0 0.003028022365469951
751.0 0.0030000044716871344
752.0 0.0029719865779043175
753.0 0.002937242061307188
754.0 0.0029024973628111184
755.0 0.001909188722493127
756.0 0.0009158801731246058
757.0 0.0018650236597750336
758.0 0.002814167419273872
759.0 0.002655365642567631
760.0 0.0024965636839624494
761.0 0.004316812555771321
762.0 0.006137060699984431
763.0 0.005733739089919254
764.0 0.005330417843651958
765.0 0.005404182229540311
766.0 0.005477946251630783
767.0 0.004634799915947951
768.0 0.003791654307860881
769.0 0.003416196705074981
770.0 0.0030407405574806035
771.0 0.003975271465606056
772.0 0.0049098027375293896
773.0 0.004008241739938967
774.0 0.0031066807423485443
775.0 1.589092464386599e-10
776.0 0.1370705896988511
777.0 1.589092464386599e-10
778.0 1.589092464386599e-10
779.0 0.0447952828835696
780.0 0.11777181643992662
781.0 0.002788279925880488
782.0 1.589092464386599e-10
783.0 0.027610239339992404
784.0 0.06353350472636521
785.0 0.1881807460449636
786.0 0.02187628560932353
787.0 0.04425871593412012
788.0 0.09332304471172392
789.0 1.589092464386599e-10
790.0 1.589092464386599e-10
791.0 0.16067881369963288
792.0 0.04545669653452933
793.0 0.01600193791091442
794.0 0.06264272378757596
795.0 0.01195730292238295
796.0 0.040873754187487066
797.0 0.11538577964529395
798.0 1.589092464386599e-10
799.0 0.05713219288736582
800.0 0.05606493214145303
801.0 0.24692339356988668
802.0 0.4332438576966524
803.0 0.679917773231864
804.0 1.1508755385875702
805.0 1.8941471353173256
806.0 3.166065737605095
807.0 4.671155288815498
808.0 6.411103159189224
809.0 8.680253475904465
810.0 11.521615833044052
811.0 14.84701782464981
812.0 17.8004190325737
813.0 20.88545113801956
814.0 23.663677275180817
815.0 27.092251181602478
816.0 31.24959170818329
817.0 36.55991554260254
818.0 42.075225710868835
819.0 47.56759703159332
820.0 54.87949848175049
821.0 62.59378790855408
822.0 68.85730028152466
823.0 75.36671757698059
824.0 81.02146983146667
825.0 86.09461784362793
826.0 90.33796787261963
827.0 93.44422817230225
828.0 96.57047390937805
829.0 98.01400303840637
830.0 98.75718355178833
831.0 98.99667501449585
832.0 98.90164732933044
833.0 99.68423247337341
834.0 98.6179530620575
835.0 99.72383975982666
836.0 98.99352192878723
837.0 99.2579698562622
838.0 98.39152097702026
839.0 98.71934056282043
840.0 99.23366904258728
841.0 99.77689981460571
842.0 99.89160299301147
843.0 100.17223358154297
844.0 98.57431054115295
845.0 98.53394627571106
846.0 98.94084334373474
847.0 98.9156186580658
848.0 99.82843399047852
849.0 98.92047643661499
850.0 98.59187602996826
851.0 99.33989644050598
852.0 99.60009455680847
853.0 98.93338084220886
854.0 99.69056844711304
855.0 98.58265519142151
856.0 98.87758493423462
857.0 98.08533787727356
858.0 98.78648519515991
859.0 99.47298169136047
860.0 98.3502447605133
861.0 98.5251247882843
862.0 98.67317080497742
863.0 98.69579672813416
864.0 99.42730069160461
865.0 100.07864236831665
866.0 98.78212213516235
867.0 99.33900833129883
868.0 99.27913546562195
869.0 99.08344745635986
870.0 98.22447299957275
871.0 98.94654750823975
872.0 99.37203526496887
873.0 99.7212827205658
874.0 99.38552379608154
875.0 98.8906979560852
876.0 99.380624294281
877.0 99.80234503746033
878.0 99.42030906677246
879.0 98.6994743347168
880.0 98.6943244934082
881.0 100.12454986572266
882.0 99.07270073890686
883.0 98.84753823280334
884.0 99.40890073776245
885.0 99.01769161224365
886.0 98.86718988418579
887.0 98.75108003616333
888.0 99.02154207229614
889.0 99.79119896888733
890.0 98.85600805282593
891.0 99.74750876426697
892.0 99.16436672210693
893.0 98.79662990570068
894.0 98.52890372276306
895.0 99.77630972862244
896.0 99.09409880638123
