lsstCam/transmission_filter_detector/r01_s02/z_20/19700101T000000.ecsv
# %ECSV 1.0
# ---
# datatype:
# - {name: wavelength, unit: nm, datatype: float32}
# - {name: efficiency, unit: '%', datatype: float64}
# meta: !!omap
# - {MODE: DETECTOR}
# - {TYPE: transmission_filter_detector}
# - {CALIBDATE: '1970-01-01T00:00:00'}
# - {INSTRUME: LSSTCam}
# - {OBSTYPE: transmission_filter_detector}
# - {CALIBCLS: lsst.ip.isr.IntermediateFilterDetectorTransmissionCurve}
# - {SOURCE: Materion (DM-46256)}
# - {DETECTOR: 2}
# - {FILTER: z_20}
# - {CALIB_ID: 'calibDate=1970-01-01T00:00:00 filter=z_20 detector=2'}
# - {DATE: '2025-04-02T15:59:48.642613'}
# - {CALIB_CREATION_DATE: '2025-04-02'}
# - {CALIB_CREATION_TIME: '15:59:48'}
# - __serialized_columns__:
#     efficiency:
#       __class__: astropy.units.quantity.Quantity
#       unit: !astropy.units.Unit {unit: '%'}
#       value: !astropy.table.SerializedColumn {name: efficiency}
#     wavelength:
#       __class__: astropy.units.quantity.Quantity
#       unit: !astropy.units.Unit {unit: nm}
#       value: !astropy.table.SerializedColumn {name: wavelength}
# schema: astropy-2.0
wavelength efficiency
300.0 0.8529579266905785
301.0 0.5756534170359373
302.0 0.29834897723048925
303.0 0.2909816801548004
304.0 0.28361440636217594
305.0 0.24165099021047354
306.0 0.19968757405877113
307.0 0.18043681047856808
308.0 0.16118604689836502
309.0 0.1440509338863194
310.0 0.12691583251580596
311.0 0.12722646351903677
312.0 0.1275371410883963
313.0 0.11053537018597126
314.0 0.09353361674584448
315.0 0.09373234934173524
316.0 0.093931081937626
317.0 0.07865145453251898
318.0 0.06337183876894414
319.0 0.0634971191175282
320.0 0.06362239364534616
321.0 0.06277415668591857
322.0 0.061925919726490974
323.0 0.05415958585217595
324.0 0.04639324906747788
325.0 0.04314940015319735
326.0 0.039905551238916814
327.0 0.03869887732435018
328.0 0.03749220632016659
329.0 0.033321743831038475
330.0 0.029151287162676454
331.0 0.026860239449888468
332.0 0.024569194647483528
333.0 0.023766056983731687
334.0 0.022962913499213755
335.0 0.021501553419511765
336.0 0.020040194795001298
337.0 0.02390713052591309
338.0 0.027774058980867267
339.0 0.02370464353589341
340.0 0.019635229546111077
341.0 0.01681450812611729
342.0 0.013993788161315024
343.0 0.013742780720349401
344.0 0.013491773279383779
345.0 0.012810186308342963
346.0 0.012128598609706387
347.0 0.011473870108602569
348.0 0.010819143790286034
349.0 0.013321600272320211
350.0 0.015824056754354388
351.0 0.013115761976223439
352.0 0.010407462832517922
353.0 0.01104532930185087
354.0 0.011683197226375341
355.0 0.00999092953861691
356.0 0.008298663306050003
357.0 0.009305344428867102
358.0 0.010312027006875724
359.0 0.009957134898286313
360.0 0.009602242789696902
361.0 0.008721600897843018
362.0 0.00784096191637218
363.0 0.009198876068694517
364.0 0.010556790221016854
365.0 0.010236623347736895
366.0 0.00991645865724422
367.0 0.008651223470224068
368.0 0.007385987555608153
369.0 0.007796046702424064
370.0 0.008206106576835737
371.0 0.008086261368589476
372.0 0.007966417615534738
373.0 0.006995769945206121
374.0 0.006025124457664788
375.0 0.006373063661158085
376.0 0.006721002864651382
377.0 0.0070171605329960585
378.0 0.007313316746149212
379.0 0.006212227162905037
380.0 0.005111136852065101
381.0 0.003234179166611284
382.0 0.0013572219359048177
383.0 0.0035613789805211127
384.0 0.005765536116086878
385.0 0.005514945587492548
386.0 0.005264355422696099
387.0 0.005893166962778196
388.0 0.006521979230456054
389.0 0.005736734237871133
390.0 0.004951489972881973
391.0 0.004629491741070524
392.0 0.004307493145461194
393.0 0.004774413537234068
394.0 0.005241334292804822
395.0 0.004331416494096629
396.0 0.0034214986953884363
397.0 0.0035823341022478417
398.0 0.003743169509107247
399.0 0.0039941358409123495
400.0 0.004245101445121691
401.0 0.004743398312712088
402.0 0.005241695180302486
403.0 0.005061238334747031
404.0 0.0048807818529894575
405.0 0.004003174399258569
406.0 0.0031255676731234416
407.0 0.0017192292943946086
408.0 0.00031289127946365625
409.0 0.0018731438103714027
410.0 0.0034333967050770298
411.0 0.0041727820644155145
412.0 0.004912167423753999
413.0 0.004644882574211806
414.0 0.004377597360871732
415.0 0.003617485344875604
416.0 0.0028573738745762967
417.0 0.003675985863083042
418.0 0.004494598397286609
419.0 0.004079626523889601
420.0 0.0036646550142904744
421.0 0.0035388715332373977
422.0 0.0034130887797800824
423.0 0.0034374214010313153
424.0 0.0034617551136761904
425.0 0.0025647241272963583
426.0 0.0016676931409165263
427.0 0.001873423570941668
428.0 0.0020791540009668097
429.0 0.0012608280485437717
430.0 0.0004425024599186145
431.0 0.0006534846761496738
432.0 0.0008644667104817927
433.0 0.0007921484211692587
434.0 0.0007198301773314597
435.0 0.0012970799616596196
436.0 0.001874329973361455
437.0 0.0019170127416145988
438.0 0.0019596955098677427
439.0 0.0020475352357607335
440.0 0.002135374779754784
441.0 0.001634223917790223
442.0 0.0011330730558256619
443.0 0.0021939529688097537
444.0 0.003254832699894905
445.0 0.0032683117751730606
446.0 0.0032817904866533354
447.0 0.0025417411961825565
448.0 0.0018016917238128372
449.0 0.0024548915462219156
450.0 0.003108091914327815
451.0 0.002522885915823281
452.0 0.001937679735419806
453.0 0.0017538439351483248
454.0 0.001570008316775784
455.0 0.0023092001356417313
456.0 0.0030483919545076787
457.0 0.002194415355916135
458.0 0.0013404390301730018
459.0 0.0015097392861207481
460.0 0.0016790396330179647
461.0 0.0008259054993686732
462.0 1.730942320900264e-10
463.0 0.000930103942664573
464.0 0.0018874365196097642
465.0 0.0021756242858828045
466.0 0.0024638122340547852
467.0 0.002139804018952418
468.0 0.00181579525815323
469.0 0.0016532119843759574
470.0 0.0014906284377502743
471.0 0.0013543598470278084
472.0 0.0012180916201032232
473.0 0.0012421197425283026
474.0 0.001266147864953382
475.0 0.0011444638403190766
476.0 0.001022779724735301
477.0 0.001322676871495787
478.0 0.0016225738363573328
479.0 0.0019176728528691456
480.0 0.0022127718693809584
481.0 0.001813099515857175
482.0 0.0014134270713839214
483.0 0.000922175695450278
484.0 0.00043092436499136966
485.0 0.0012359077118162531
486.0 0.0020408910131664015
487.0 0.001522350612503942
488.0 0.0010038101208920125
489.0 0.0016981502994894981
490.0 0.0023924907509353943
491.0 0.0022541173166246153
492.0 0.002115743700414896
493.0 0.00194760814338224
494.0 0.0017794729501474649
495.0 0.0015853913282626309
496.0 0.0013913095244788565
497.0 0.0012650871212827042
498.0 0.0011388650818844326
499.0 0.0012592581697390415
500.0 0.001379651621391531
501.0 0.0009060229785973206
502.0 0.0004323941539041698
503.0 0.0012628132935788017
504.0 0.0020932324332534336
505.0 0.002254968239867594
506.0 0.0024167040464817546
507.0 0.002285507071064785
508.0 0.0021543095499509946
509.0 0.0018533537513576448
510.0 0.001552398498461116
511.0 0.0012123110536776949
512.0 0.000872223790793214
513.0 0.0012895928193756845
514.0 0.0017069620298570953
515.0 0.0012962518667336553
516.0 0.0008855422493070364
517.0 0.0008917155355447903
518.0 0.0008978888217825443
519.0 0.0010857519555429462
520.0 0.0012736148164549377
521.0 0.0016768935893196613
522.0 0.0020801720893359743
523.0 0.0014416647900361568
524.0 0.0008031575816858094
525.0 0.0008093512406048831
526.0 0.0008155449904734269
527.0 0.0011869845366163645
528.0 0.0015584242646582425
529.0 0.0013304336789587978
530.0 0.0011024425475625321
531.0 0.0011580877981032245
532.0 0.0012137329576944467
533.0 0.0008852938663039822
534.0 0.0005568546839640476
535.0 0.0011933368114114273
536.0 0.0018298191207577474
537.0 0.0017462351024732925
538.0 0.0016626509022898972
539.0 0.0011993660336884204
540.0 0.0007360809377132682
541.0 0.0007843792445783038
542.0 0.000832677869766485
543.0 0.0012316232641751412
544.0 0.0016305688404827379
545.0 0.001097540371119976
546.0 0.0005645120836561546
547.0 0.0012545872777991462
548.0 0.0019446619262453169
549.0 0.0017454362023272552
550.0 0.001546210296510253
551.0 0.0015963249097694643
552.0 0.0016464391592307948
553.0 0.0013479178960551508
554.0 0.0010493964509805664
555.0 0.0010031026249635033
556.0 0.0009568087989464402
557.0 0.0013234585821919609
558.0 0.0016901081835385412
559.0 0.0017006355847115628
560.0 0.0017111624401877634
561.0 0.001549569788039662
562.0 0.0013879769539926201
563.0 0.0012136569239373785
564.0 0.0010393368029326666
565.0 0.0018607064703246579
566.0 0.0026820762286661193
567.0 0.0029668397473869845
568.0 0.003251602902309969
569.0 0.0030048426197026856
570.0 0.002758082155196462
571.0 0.002607879650895484
572.0 0.002457676782796625
573.0 0.00200989015866071
574.0 0.0015621038983226754
575.0 0.0019625967979663983
576.0 0.0023630898795090616
577.0 0.002000976928684395
578.0 0.0016388643416576087
579.0 0.0017226780983037315
580.0 0.001806491673050914
581.0 0.001601512121851556
582.0 0.0013965327525511384
583.0 0.001875768430181779
584.0 0.0023550041078124195
585.0 0.002566009061411023
586.0 0.002777014196908567
587.0 0.0021942796593066305
588.0 0.0016115443941089325
589.0 0.0022245174477575347
590.0 0.002837490501406137
591.0 0.0019261093257227913
592.0 0.0010147279681405053
593.0 0.0008017678737815004
594.0 0.0005888075975235552
595.0 0.0010271095561620314
596.0 0.0014654115148005076
597.0 0.0013731834769714624
598.0 0.0012809552572434768
599.0 0.0009023713573697023
600.0 0.0005237876393948682
601.0 0.00048473152673977893
602.0 0.0004456753686099546
603.0 0.000919065951165976
604.0 0.0013924560334999114
605.0 0.000860411182657117
606.0 0.000328366013491177
607.0 0.0007266419288498582
608.0 0.0011249177987338044
609.0 0.0011500585969770327
610.0 0.0011751990314223804
611.0 0.0010133392606803682
612.0 0.0008514791261404753
613.0 0.0008234454071498476
614.0 0.0007954116881592199
615.0 0.0012330653589742724
616.0 0.001670719575486146
617.0 0.0021593885321635753
618.0 0.0026480574888410047
619.0 0.002220431088062469
620.0 0.001792804141587112
621.0 0.0015255355720000807
622.0 0.0012582666386151686
623.0 0.0015838677427382208
624.0 0.001909468846861273
625.0 0.0016745192624512129
626.0 0.0014395700418390334
627.0 0.001873241490102373
628.0 0.002306913484062534
629.0 0.0020983037757105194
630.0 0.001889694067358505
631.0 0.0016670817785779946
632.0 0.0014444694897974841
633.0 0.0017789734556572512
634.0 0.002113477785314899
635.0 0.005037752634962089
636.0 0.007962026575114578
637.0 0.015278700448106974
638.0 0.022595375776290894
639.0 0.019660255929920822
640.0 0.016725133173167706
641.0 0.014465489948634058
642.0 0.01220585108967498
643.0 0.009770949691301212
644.0 0.007336049748118967
645.0 0.006651465082541108
646.0 0.0059668804169632494
647.0 0.005463533670990728
648.0 0.0049601865612203255
649.0 0.004056139732711017
650.0 0.00315209363179747
651.0 0.003581542841857299
652.0 0.004010992415715009
653.0 0.0032640778954373673
654.0 0.002517163193260785
655.0 0.0027710097128874622
656.0 0.0030248569601099007
657.0 0.0029129081667633727
658.0 0.0028009591915179044
659.0 0.0026111538318218663
660.0 0.0024213486540247686
661.0 0.0026058125513372943
662.0 0.002790275902952999
663.0 0.0019325963876326568
664.0 0.0010749170542112552
665.0 0.0015858302504057065
666.0 0.002096743628499098
667.0 0.002387061613262631
668.0 0.0026773794161272235
669.0 0.0019339224309078418
670.0 0.00119046544568846
671.0 0.0009306398169428576
672.0 0.0006708141881972551
673.0 0.0012798073839803692
674.0 0.0018888007616624236
675.0 0.0020484139895415865
676.0 0.0022080272174207494
677.0 0.0019838638763758354
678.0 0.0017596999896341003
679.0 0.0014338008440972771
680.0 0.0011079015166615136
681.0 0.0011998674381175078
682.0 0.001291833359573502
683.0 0.002386723645031452
684.0 0.0034816141123883426
685.0 0.002878693885577377
686.0 0.002275774022564292
687.0 0.001708796844468452
688.0 0.0011418193935242016
689.0 0.0014649271179223433
690.0 0.0017880345694720745
691.0 0.002130091525032185
692.0 0.002472148116794415
693.0 0.002830845733114984
694.0 0.003189543349435553
695.0 0.003319462848594412
696.0 0.0034493819839553908
697.0 0.003737036604434252
698.0 0.004024691224913113
699.0 0.005933748252573423
700.0 0.007842805644031614
701.0 0.007355256093433127
702.0 0.006867705087643117
703.0 0.006319241219898686
704.0 0.005770775896962732
705.0 0.005163872265256941
706.0 0.0045569686335511506
707.0 0.00431957705586683
708.0 0.0040821854781825095
709.0 0.004288258423912339
710.0 0.004494331369642168
711.0 0.0039822098187869415
712.0 0.0034700882679317147
713.0 0.0025015839128172956
714.0 0.0015330795577028766
715.0 0.0022203239495866
716.0 0.0029075683414703235
717.0 0.002517943903512787
718.0 0.00212831910175737
719.0 0.0016971327568171546
720.0 0.0012659460480790585
721.0 0.0011869102308992296
722.0 0.0011078741408709902
723.0 0.0009773864803719334
724.0 0.0008468986379739363
725.0 0.0012269589205970988
726.0 0.0016070194760686718
727.0 0.001725451511447318
728.0 0.0018438831830280833
729.0 0.0018180429833591916
730.0 0.0017922026017913595
731.0 0.0012999188584217336
732.0 0.0008076351150521077
733.0 0.0008710055226401892
734.0 0.0009343756573798601
735.0 0.0010563987416389864
736.0 0.001178421462100232
737.0 0.0013556219528254587
738.0 0.0015328221707022749
739.0 0.0011734246072592214
740.0 0.0008140270438161679
741.0 0.0010337514140701387
742.0 0.0012534756024251692
743.0 0.0015941930541885085
744.0 0.0019349103240529075
745.0 0.0012784389582520816
746.0 0.0006219675469765207
747.0 0.0011528378308867104
748.0 0.001683708069322165
749.0 0.0023118758690543473
750.0 0.002940043486887589
751.0 0.0029996743251103908
752.0 0.0030593051633331925
753.0 0.00297883634630125
754.0 0.0028983678930671886
755.0 0.0019337359844939783
756.0 0.0009691039849712979
757.0 0.0019367158529348671
758.0 0.0029043278118479066
759.0 0.0027797746952273883
760.0 0.0026552212148089893
761.0 0.004573699698084965
762.0 0.00649217763566412
763.0 0.005877616422367282
764.0 0.005263055209070444
765.0 0.005270420660963282
766.0 0.0052777853852603585
767.0 0.004570386226987466
768.0 0.0038629863411188126
769.0 0.0035764751373790205
770.0 0.0032899650250328705
771.0 0.0040453702240483835
772.0 0.004800775786861777
773.0 0.0040568473195889965
774.0 0.003312918488518335
775.0 1.730942320900264e-10
776.0 1.730942320900264e-10
777.0 1.730942320900264e-10
778.0 0.026130041806027293
779.0 1.730942320900264e-10
780.0 1.730942320900264e-10
781.0 0.04420783370733261
782.0 0.013848750677425414
783.0 0.028292200295254588
784.0 1.730942320900264e-10
785.0 0.020107257296331227
786.0 0.011028802691726014
787.0 1.730942320900264e-10
788.0 0.0005011901976104127
789.0 0.12875120155513287
790.0 1.730942320900264e-10
791.0 0.1263584243133664
792.0 0.11883409461006522
793.0 0.1737164449878037
794.0 1.730942320900264e-10
795.0 1.730942320900264e-10
796.0 0.08725597290322185
797.0 0.10450094705447555
798.0 0.14384370297193527
799.0 0.23901783861219883
800.0 0.4399854689836502
801.0 0.6201315671205521
802.0 1.2526624836027622
803.0 1.9844893366098404
804.0 3.1978297978639603
805.0 4.618955031037331
806.0 6.697592884302139
807.0 9.07551571726799
808.0 11.85000017285347
809.0 15.142200887203217
810.0 18.367893993854523
811.0 21.612736582756042
812.0 24.953030049800873
813.0 28.974992036819458
814.0 33.58657658100128
815.0 39.18663263320923
816.0 45.01134753227234
817.0 51.77777409553528
818.0 58.5463285446167
819.0 65.44313430786133
820.0 72.95918464660645
821.0 79.88912463188171
822.0 84.74010825157166
823.0 88.61228823661804
824.0 92.28044152259827
825.0 95.36118507385254
826.0 96.77436351776123
827.0 98.12748432159424
828.0 99.1931676864624
829.0 98.98353815078735
830.0 98.52589964866638
831.0 98.78557920455933
832.0 98.61095547676086
833.0 99.2335319519043
834.0 98.123037815094
835.0 99.32599663734436
836.0 99.04482364654541
837.0 98.87843728065491
838.0 97.68871068954468
839.0 98.0908453464508
840.0 98.46396446228027
841.0 99.16250705718994
842.0 99.0644097328186
843.0 99.22133684158325
844.0 98.13175797462463
845.0 98.27132225036621
846.0 98.90049695968628
847.0 98.694908618927
848.0 99.58106875419617
849.0 98.46722483634949
850.0 98.05667400360107
851.0 99.17153120040894
852.0 99.03021454811096
853.0 98.50053787231445
854.0 99.78269338607788
855.0 98.55878949165344
856.0 98.84743690490723
857.0 97.91443943977356
858.0 98.33070039749146
859.0 99.1101086139679
860.0 98.25325012207031
861.0 98.71388077735901
862.0 99.16297197341919
863.0 98.26080203056335
864.0 99.48636889457703
865.0 99.44791793823242
866.0 98.7709105014801
867.0 99.47816729545593
868.0 99.41715598106384
869.0 98.65654706954956
870.0 98.09781908988953
871.0 98.71280193328857
872.0 99.34389591217041
873.0 99.06487464904785
874.0 99.63493943214417
875.0 99.13577437400818
876.0 99.0010678768158
877.0 99.38782453536987
878.0 98.82086515426636
879.0 98.35483431816101
880.0 98.18200469017029
881.0 99.71586465835571
882.0 98.95890355110168
883.0 98.90344142913818
884.0 98.80344867706299
885.0 98.71529936790466
886.0 98.68149161338806
887.0 98.15802574157715
888.0 99.04097318649292
889.0 99.35652613639832
890.0 98.24275374412537
891.0 99.6569037437439
892.0 98.69577288627625
893.0 98.23877215385437
894.0 97.78030514717102
