lsstCam/transmission_filter_detector/r01_s02/z_20/19700101T000000.ecsv
# %ECSV 1.0
# ---
# datatype:
# - {name: wavelength, unit: nm, datatype: float32}
# - {name: efficiency, unit: '%', datatype: float64}
# meta: !!omap
# - {MODE: DETECTOR}
# - {TYPE: transmission_filter_detector}
# - {CALIBDATE: '1970-01-01T00:00:00'}
# - {INSTRUME: LSSTCam}
# - {OBSTYPE: transmission_filter_detector}
# - {CALIBCLS: lsst.ip.isr.IntermediateFilterDetectorTransmissionCurve}
# - {SOURCE: Materion (DM-46256)}
# - {DETECTOR: 2}
# - {FILTER: z_20}
# - {CALIB_ID: 'calibDate=1970-01-01T00:00:00 filter=z_20 detector=2'}
# - {DATE: '2025-04-02T15:59:48.642613'}
# - {CALIB_CREATION_DATE: '2025-04-02'}
# - {CALIB_CREATION_TIME: '15:59:48'}
# - __serialized_columns__:
#     efficiency:
#       __class__: astropy.units.quantity.Quantity
#       unit: !astropy.units.Unit {unit: '%'}
#       value: !astropy.table.SerializedColumn {name: efficiency}
#     wavelength:
#       __class__: astropy.units.quantity.Quantity
#       unit: !astropy.units.Unit {unit: nm}
#       value: !astropy.table.SerializedColumn {name: wavelength}
# schema: astropy-2.0
wavelength efficiency
[from data line 596]
896.0 98.95702004432678
897.0 99.04817938804626
898.0 98.89587163925171
899.0 98.50538372993469
900.0 98.44724535942078
901.0 98.98075461387634
902.0 99.09746646881104
903.0 98.64446520805359
904.0 97.74976968765259
905.0 98.34470748901367
906.0 97.95673489570618
907.0 98.73008728027344
908.0 98.23745489120483
909.0 98.34216833114624
910.0 98.13449382781982
911.0 96.92854285240173
912.0 95.92953324317932
913.0 94.69955563545227
914.0 92.11801886558533
915.0 89.64943289756775
916.0 87.73109316825867
917.0 86.31435036659241
918.0 82.64613151550293
919.0 81.47331476211548
920.0 78.16004753112793
921.0 74.04524087905884
922.0 69.3014919757843
923.0 62.878721952438354
924.0 57.71639943122864
925.0 52.07132697105408
926.0 45.68117558956146
927.0 38.26988637447357
928.0 32.310742139816284
929.0 25.953277945518494
930.0 20.561885833740234
931.0 15.605387091636658
932.0 10.432609915733337
933.0 6.753804534673691
934.0 4.068995267152786
935.0 2.576836571097374
936.0 1.4842522330582142
937.0 0.8870664052665234
938.0 0.6158197298645973
939.0 0.16367329517379403
940.0 0.1931130071170628
941.0 1.730942320900264e-10
942.0 0.12571795377880335
943.0 0.043374570668675005
944.0 0.08944662404246628
945.0 0.11595627292990685
946.0 0.07988944998942316
947.0 1.730942320900264e-10
948.0 0.15027562621980906
949.0 1.730942320900264e-10
950.0 1.730942320900264e-10
951.0 0.08295763982459903
952.0 0.020418049825821072
953.0 0.02952232025563717
954.0 0.05971969221718609
955.0 1.730942320900264e-10
956.0 1.730942320900264e-10
957.0 1.730942320900264e-10
958.0 0.003522824408719316
959.0 0.02779572969302535
960.0 0.019034050637856126
961.0 1.730942320900264e-10
962.0 1.730942320900264e-10
963.0 1.730942320900264e-10
964.0 0.002919243161159102
965.0 0.023292428522836417
966.0 1.730942320900264e-10
967.0 0.009041347220772877
968.0 0.02344712265767157
969.0 1.730942320900264e-10
970.0 1.730942320900264e-10
971.0 0.08910443284548819
972.0 1.730942320900264e-10
973.0 0.054724764777347445
974.0 1.730942320900264e-10
975.0 0.002087529173877556
976.0 0.006180501804919913
977.0 0.006232432497199625
978.0 0.00628436537226662
979.0 0.006050587398931384
980.0 0.005816807970404625
981.0 0.005633745240629651
982.0 0.005450683238450438
983.0 0.0054010128224035725
984.0 0.005351343133952469
985.0 0.005146524199517444
986.0 0.004941705265082419
987.0 0.004918578633805737
988.0 0.004895452366326936
989.0 0.004747971979668364
990.0 0.004600492320605554
991.0 0.004724833706859499
992.0 0.0048491754569113255
993.0 0.004791595711139962
994.0 0.004734015237772837
995.0 0.004724629252450541
996.0 0.0047152439947240055
997.0 0.0044966578570893034
998.0 0.004278072083252482
999.0 0.004258915214450099
1000.0 0.004239757981849834
1001.0 0.004396809526951984
1002.0 0.004553860708256252
1003.0 0.0044966101995669305
1004.0 0.004439359690877609
1005.0 0.004285708200768568
1006.0 0.004132056710659526
1007.0 0.0041620380216045305
1008.0 0.004192018968751654
1009.0 0.004328623981564306
1010.0 0.004465229358174838
1011.0 0.004497465488384478
1012.0 0.004529702346189879
1013.0 0.00439806972281076
1014.0 0.004266437463229522
1015.0 0.004371415707282722
1016.0 0.0044763932237401605
1017.0 0.004795943823410198
1018.0 0.005115495150675997
1019.0 0.004891938806395046
1020.0 0.004668382825911976
1021.0 0.004664376683649607
1022.0 0.004660370905185118
1023.0 0.004527402779785916
1024.0 0.004394434290588833
1025.0 0.004609358438756317
1026.0 0.0048242825869238
1027.0 0.004658604302676395
1028.0 0.004492926018428989
1029.0 0.00457237365480978
1030.0 0.004651821291190572
1031.0 0.004682464350480586
1032.0 0.00471310704597272
1033.0 0.004772092142957263
1034.0 0.004831077603739686
1035.0 0.005004252307116985
1036.0 0.005177427010494284
1037.0 0.005273428905638866
1038.0 0.005369430436985567
1039.0 0.0053339532314566895
1040.0 0.005298475662129931
1041.0 0.005688617238774896
1042.0 0.00607875881541986
1043.0 0.005544501254917122
1044.0 0.005010244058212265
1045.0 0.005784674794995226
1046.0 0.006559104804182425
1047.0 0.0062137318309396505
1048.0 0.005868357402505353
1049.0 0.00602597719989717
1050.0 0.006183596997288987
1051.0 0.006417129770852625
1052.0 0.006650664727203548
1053.0 0.006721403042320162
1054.0 0.006792140629841015
1055.0 0.00742597330827266
1056.0 0.008059805986704305
1057.0 0.007809424278093502
1058.0 0.0075590432970784605
1059.0 0.0076954602263867855
1060.0 0.007831875700503588
1061.0 0.008438512304564938
1062.0 0.00904514963622205
1063.0 0.008958299440564588
1064.0 0.008871449972502887
1065.0 0.00895290868356824
1066.0 0.009034369577420875
1067.0 0.009056163253262639
1068.0 0.009077957656700164
1069.0 0.010079894855152816
1070.0 0.011081831326009706
1071.0 0.010793765977723524
1072.0 0.010505700629437342
1073.0 0.010618412488838658
1074.0 0.01073112289304845
1075.0 0.011330979759804904
1076.0 0.011930840264540166
1077.0 0.011958171671722084
1078.0 0.011985502351308241
1079.0 0.01295580150326714
1080.0 0.013926102838013321
1081.0 0.013938466145191342
1082.0 0.013950835273135453
1083.0 0.013693669461645186
1084.0 0.013436503650154918
1085.0 0.01385399664286524
1086.0 0.014271494001150131
1087.0 0.01439671468688175
1088.0 0.014521938282996416
1089.0 0.01604175049578771
1090.0 0.017561562708579004
1091.0 0.017624384781811386
1092.0 0.017687199579086155
1093.0 0.01736344856908545
1094.0 0.01703969610389322
1095.0 0.018571977852843702
1096.0 0.020104261056985706
1097.0 0.019981121295131743
1098.0 0.01985798589885235
1099.0 0.021959228615742177
1100.0 0.024060465511865914
1101.0 0.02383619430474937
1102.0 0.02361192018724978
1103.0 0.025149979046545923
1104.0 0.026688037905842066
1105.0 0.02650725655257702
1106.0 0.02632647519931197
1107.0 0.02715896989684552
1108.0 0.027991464594379067
1109.0 0.02984678139910102
1110.0 0.031702101114206016
1111.0 0.03186697722412646
1112.0 0.032031856244429946
1113.0 0.03329306491650641
1114.0 0.034554279409348965
1115.0 0.03362605057191104
1116.0 0.032697824644856155
1117.0 0.03315819485578686
1118.0 0.03361856215633452
1119.0 0.03638357447925955
1120.0 0.039148583891801536
1121.0 0.040933184209279716
1122.0 0.04271779034752399
1123.0 0.04314219986554235
1124.0 0.04356661229394376
1125.0 0.04427068924997002
1126.0 0.04497476911637932
1127.0 0.04839663452003151
1128.0 0.05181850283406675
1129.0 0.05597220151685178
1130.0 0.06012590019963682
1131.0 0.0587607326451689
1132.0 0.05739555926993489
1133.0 0.0608201720751822
1134.0 0.0642447848804295
1135.0 0.06297401851043105
1136.0 0.061703246319666505
1137.0 0.06717143696732819
1138.0 0.07263962761498988
1139.0 0.07911818102002144
1140.0 0.08559669367969036
1141.0 0.09194219019263983
1142.0 0.09828766342252493
1143.0 0.11695860885083675
1144.0 0.13562950771301985
1145.0 0.26257019490003586
1146.0 0.38951090537011623
1147.0 0.8057660423219204
1148.0 1.2220212258398533
1149.0 1.3987837359309196
1150.0 1.5755470842123032
