lsstCam/transmission_filter_detector/r32_s22/i_39/19700101T000000.ecsv
# %ECSV 1.0
# ---
# datatype:
# - {name: wavelength, unit: nm, datatype: float32}
# - {name: efficiency, unit: '%', datatype: float64}
# meta: !!omap
# - {MODE: DETECTOR}
# - {TYPE: transmission_filter_detector}
# - {CALIBDATE: '1970-01-01T00:00:00'}
# - {INSTRUME: LSSTCam}
# - {OBSTYPE: transmission_filter_detector}
# - {CALIBCLS: lsst.ip.isr.IntermediateFilterDetectorTransmissionCurve}
# - {SOURCE: Materion (DM-46256)}
# - {DETECTOR: 143}
# - {FILTER: i_39}
# - {CALIB_ID: 'calibDate=1970-01-01T00:00:00 filter=i_39 detector=143'}
# - {DATE: '2025-04-02T15:59:47.141887'}
# - {CALIB_CREATION_DATE: '2025-04-02'}
# - {CALIB_CREATION_TIME: '15:59:47'}
# - __serialized_columns__:
#     efficiency:
#       __class__: astropy.units.quantity.Quantity
#       unit: !astropy.units.Unit {unit: '%'}
#       value: !astropy.table.SerializedColumn {name: efficiency}
#     wavelength:
#       __class__: astropy.units.quantity.Quantity
#       unit: !astropy.units.Unit {unit: nm}
#       value: !astropy.table.SerializedColumn {name: wavelength}
# schema: astropy-2.0
wavelength efficiency
300.0 0.023684043844696134
301.0 0.024264125386253
302.0 0.024844222934916615
303.0 0.017607954214327037
304.0 0.01037169131450355
305.0 0.013008175301365554
306.0 0.015644659288227558
307.0 0.02041648986050859
308.0 0.025188317522406578
309.0 0.012963172048330307
310.0 0.0007380287570413202
311.0 1.5916470615454092e-10
312.0 1.5916470615454092e-10
313.0 1.5916470615454092e-10
314.0 0.001058503312378889
315.0 0.002926460911112372
316.0 0.004794419510290027
317.0 0.002017547012655996
318.0 1.5916470615454092e-10
319.0 0.001423976027581375
320.0 0.003607273902161978
321.0 0.001277548562939046
322.0 1.5916470615454092e-10
323.0 0.0001256640189239988
324.0 0.001303504814131884
325.0 0.00046068671508692205
326.0 1.5916470615454092e-10
327.0 4.634114532109379e-05
328.0 0.0004748140781885013
329.0 0.0017593789380043745
330.0 0.0030439436159213074
331.0 0.0026299991077394225
332.0 0.002216053871961776
333.0 0.001489791611675173
334.0 0.0007635296242369805
335.0 0.0007395367902063299
336.0 0.0007155435923777986
337.0 0.0012751835129165556
338.0 0.0018348235244047828
339.0 0.0012733409676002339
340.0 0.0007118586381693603
341.0 1.5916470615454092e-10
342.0 1.5916470615454092e-10
343.0 1.5916470615454092e-10
344.0 1.706654373379024e-06
345.0 0.0009942526048689615
346.0 0.001986798451980576
347.0 0.0006819027476012707
348.0 1.5916470615454092e-10
349.0 1.5916470615454092e-10
350.0 0.0005322641754901269
351.0 1.5916470615454092e-10
352.0 1.5916470615454092e-10
353.0 1.5916470615454092e-10
354.0 1.5916470615454092e-10
355.0 0.0001710926198938978
356.0 0.0011079320756834932
357.0 9.048329161487345e-05
358.0 1.5916470615454092e-10
359.0 1.5916470615454092e-10
360.0 0.0005979078196105547
361.0 0.00010810880439748871
362.0 1.5916470615454092e-10
363.0 1.5916470615454092e-10
364.0 1.5916470615454092e-10
365.0 1.5916470615454092e-10
366.0 1.5916470615454092e-10
367.0 1.5916470615454092e-10
368.0 1.5916470615454092e-10
369.0 1.5916470615454092e-10
370.0 1.5916470615454092e-10
371.0 1.5916470615454092e-10
372.0 0.00010943684856101754
373.0 0.00033291271392954513
374.0 0.000556388613404124
375.0 0.0005494541255757213
376.0 0.0005425197286967887
377.0 0.0006840263722551754
378.0 0.000825532970338827
379.0 0.0007263973657245515
380.0 0.0006272616701608058
381.0 0.0003975277650170028
382.0 0.0001677939167166187
383.0 9.827385838434566e-05
384.0 2.8753862579833367e-05
385.0 0.00015814412108738907
386.0 0.0002875345217034919
387.0 1.5916470615454092e-10
388.0 1.5916470615454092e-10
389.0 1.5916470615454092e-10
390.0 1.5916470615454092e-10
391.0 1.5916470615454092e-10
392.0 1.5916470615454092e-10
393.0 1.5916470615454092e-10
394.0 0.00019028727820114
395.0 0.00018268527810505475
396.0 0.00017508324390291818
397.0 0.0002057856818282744
398.0 0.00023648806291021174
399.0 0.0010837697118404321
400.0 0.0019310511561343446
401.0 0.0025335826649097726
402.0 0.003136113446089439
403.0 0.0030848335882183164
404.0 0.0030335524570546113
405.0 0.002786465483950451
406.0 0.0025393785108462907
407.0 0.003631173603935167
408.0 0.004722968151327223
409.0 0.004370796159491874
410.0 0.0040186234400607646
411.0 0.0037042111216578633
412.0 0.0033897991670528427
413.0 0.004027102841064334
414.0 0.004664405787480064
415.0 0.004255075327819213
416.0 0.0038457441405626014
417.0 0.005316457463777624
418.0 0.006787170423194766
419.0 0.004294598693377338
420.0 0.0018020262359641492
421.0 0.0026894766051555052
422.0 0.0035769266105489805
423.0 0.0037630092265317217
424.0 0.0039490922063123435
425.0 0.004591530887410045
426.0 0.005233969932305627
427.0 0.0051776019972749054
428.0 0.005121234062244184
429.0 0.00384842642233707
430.0 0.0025756191462278366
431.0 0.0030980128940427676
432.0 0.0036204066418576986
433.0 0.0029349968826863915
434.0 0.0022495871235150844
435.0 0.001877966133179143
436.0 0.0015063453247421421
437.0 0.0017435291738365777
438.0 0.0019807130229310133
439.0 0.0016212281479965895
440.0 0.0012617434549611062
441.0 0.0011181013178429566
442.0 0.0009744590897753369
443.0 0.0011425355296523776
444.0 0.0013106119695294183
445.0 0.0008570550562581047
446.0 0.00040349791561311577
447.0 0.00043577797441685107
448.0 0.0004680579877458513
449.0 0.0004331094260123791
450.0 0.0003981606369052315
451.0 0.0007198074854386505
452.0 0.0010414543794468045
453.0 0.000873905355547322
454.0 0.0007063565135467798
455.0 0.0008877917025529314
456.0 0.0010692268006096128
457.0 0.0005619147486868314
458.0 5.4602315913143684e-05
459.0 0.0004756863745569717
460.0 0.0008967703251983039
461.0 0.0006853168088127859
462.0 0.0004738632924272679
463.0 0.00035014497825613944
464.0 0.00022642673229711363
465.0 0.00017586032754479675
466.0 0.00012529416153483908
467.0 0.00020785312244697707
468.0 0.00029041204925306374
469.0 0.0005531613169296179
470.0 0.0008159106982930098
471.0 0.0005626161964755738
472.0 0.0003093219675065484
473.0 0.00028723422929033404
474.0 0.0002651466047609574
475.0 0.0001863462784967851
476.0 0.00010754583854577504
477.0 0.0003202789230272174
478.0 0.0005330120529833948
479.0 0.0008103267646220047
480.0 0.0010876416126848198
481.0 0.0012962879736733157
482.0 0.0015049342437123414
483.0 0.0028368705898174085
484.0 0.004168806481175125
485.0 0.005425413837656379
486.0 0.00668201973894611
487.0 0.008990023343358189
488.0 0.011298026220174506
489.0 0.014440002269111574
490.0 0.017581979045644403
491.0 0.020929846505168825
492.0 0.024277716875076294
493.0 0.0261904759099707
494.0 0.028103234944865108
495.0 0.02632121613714844
496.0 0.024539197329431772
497.0 0.02058850514004007
498.0 0.01663781004026532
499.0 0.012383380089886487
500.0 0.008128950139507651
501.0 0.005464436981128529
502.0 0.0027999220037600026
503.0 0.002015412064793054
504.0 0.001230901852977695
505.0 0.0016196578144445084
506.0 0.002008413321163971
507.0 0.002025256799242925
508.0 0.002042100277321879
509.0 0.0020541394405881874
510.0 0.002066178603854496
511.0 0.0017923790437635034
512.0 0.001518579574621981
513.0 0.0016722133295843378
514.0 0.001825847357395105
515.0 0.0020291789041948505
516.0 0.0022325106328935362
517.0 0.0023075750505086035
518.0 0.0023826398319215514
519.0 0.002015781865338795
520.0 0.0016489238987560384
521.0 0.001727457856759429
522.0 0.0018059916328638792
523.0 0.0018836666640709154
524.0 0.0019613416952779517
525.0 0.0022436390281654894
526.0 0.0025259365429519676
527.0 0.002843321817636024
528.0 0.0031607069104211405
529.0 0.002819620567606762
530.0 0.0024785340428934433
531.0 0.0021942247258266434
532.0 0.0019099157725577243
533.0 0.0015954379705362953
534.0 0.0012809602594643366
535.0 0.0015452254956471734
536.0 0.00180949064088054
537.0 0.0022250118490774184
538.0 0.0026405332391732372
539.0 0.0034310392948100343
540.0 0.004221545532345772
541.0 0.004837367669097148
542.0 0.005453189442050643
543.0 0.00514592211402487
544.0 0.004838654785999097
545.0 0.00409074236813467
546.0 0.0033428303140681237
547.0 0.0025415811251150444
548.0 0.0017403322999598458
549.0 0.001761054591042921
550.0 0.0017817770640249364
551.0 0.0017577607650309801
552.0 0.0017337444660370238
553.0 0.0016979620340862311
554.0 0.0016621797840343788
555.0 0.0012970866919204127
556.0 0.0009319936907559168
557.0 0.0007911331522336695
558.0 0.0006502725682366872
559.0 0.00061726309468213
560.0 0.000584253712077043
561.0 0.000865530819282867
562.0 0.001146807881013956
563.0 0.0013745455362368375
564.0 0.0016022830095607787
565.0 0.0016003259588615038
566.0 0.0015983689081622288
567.0 0.0012968003829882946
568.0 0.0009952319487638306
569.0 0.0008811218322080094
570.0 0.0007670118066016585
571.0 0.0005994986622681608
572.0 0.00043198547245992813
573.0 0.0003922732048522448
574.0 0.0003525608462950913
575.0 0.0004929386705043726
576.0 0.0006333164947136538
577.0 0.0005385338681662688
578.0 0.000443751332568354
579.0 0.00043998961700708605
580.0 0.0004362279469205532
581.0 0.000394447852158919
582.0 0.00035266787108412245
583.0 0.0003414206958041177
584.0 0.00033017349778674543
585.0 0.0003455566229604301
586.0 0.0003609395662351744
587.0 0.0003696007752296282
588.0 0.00037826198422408197
589.0 0.0006125501840870129
590.0 0.0008468383384752087
591.0 0.0006291660611168481
592.0 0.00041149382923322264
593.0 0.0005683294148184359
594.0 0.0007251650913531194
595.0 0.0004706677373178536
596.0 0.00021617033780785277
597.0 0.0002955271156679373
598.0 0.00037488389352802187
599.0 0.0003531544052748359
600.0 0.000331424962496385
601.0 0.0003527783974277554
602.0 0.000374131923308596
603.0 0.0002996253897435963
604.0 0.0002251189016533317
605.0 0.00023661252726014936
606.0 0.0002481061301295995
607.0 0.0002154981757485075
608.0 0.0001828902213674155
609.0 0.000241167185777158
610.0 0.00029944417292426806
611.0 0.0003054455191886518
612.0 0.0003114468199783005
613.0 0.00037471315863513155
614.0 0.0004379795427666977
615.0 0.00037858474115637364
616.0 0.00031919003049551975
617.0 0.0002917911388067296
618.0 0.00026439222438057186
619.0 0.00016819567463244312
620.0 7.199909646260494e-05
621.0 0.0002059444113911013
622.0 0.00033988974337262334
623.0 0.00033962744510063203
624.0 0.0003393652377781109
625.0 0.0003448025381658226
626.0 0.00035023983855353436
627.0 0.00039948786252352875
628.0 0.0004487359092308907
629.0 0.0004774380613525864
630.0 0.0005061402134742821
631.0 0.000494969845021842
632.0 0.0004837992946704617
633.0 0.00032494865536136786
634.0 0.00016609806152700912
635.0 0.00027773103283834644
636.0 0.00038936404962441884
637.0 0.0003587568926377571
638.0 0.00032814971291372785
639.0 0.00036454553082876373
640.0 0.00040094137148116715
641.0 0.0005723993581341347
642.0 0.0007438572993123671
643.0 0.0006086296707508154
644.0 0.00047340190576505847
645.0 0.0006226772256923141
646.0 0.0007719526365690399
647.0 0.0008111081115202978
648.0 0.0008502634045726154
649.0 0.0007994758561835624
650.0 0.0007486881713703042
651.0 0.0008103514119284227
652.0 0.0008720144251128659
653.0 0.0008564823474443983
654.0 0.000840950360725401
655.0 0.0010650300282577518
656.0 0.0012891095138911624
657.0 0.0021639056285494007
658.0 0.003038701652258169
659.0 0.00500734786328394
660.0 0.04379966703709215
661.0 0.0927438260987401
662.0 0.11236082063987851
663.0 0.1263163285329938
664.0 0.13806956121698022
665.0 0.11325808009132743
666.0 0.16673339996486902
667.0 0.1925832824781537
668.0 0.22769486531615257
669.0 0.279689603485167
670.0 0.3940562251955271
671.0 0.589819997549057
672.0 0.9847568348050117
673.0 1.5345782972872257
674.0 2.2690927609801292
675.0 3.230409696698189
676.0 4.3078795075416565
677.0 5.680245906114578
678.0 6.998079270124435
679.0 8.462481200695038
680.0 10.457666963338852
681.0 12.557590007781982
682.0 15.17563909292221
683.0 17.918109893798828
684.0 20.875105261802673
685.0 23.814015090465546
686.0 26.86692178249359
687.0 30.11171817779541
688.0 33.460357785224915
689.0 36.92393898963928
690.0 40.91925323009491
691.0 45.21890580654144
692.0 50.28255581855774
693.0 55.6313693523407
694.0 61.59486770629883
695.0 67.25396513938904
696.0 73.40925931930542
697.0 78.86139750480652
698.0 84.57052707672119
699.0 88.85713219642639
700.0 92.02134609222412
701.0 94.47147846221924
702.0 96.11489176750183
703.0 97.03219532966614
704.0 97.40687608718872
705.0 97.74866104125977
706.0 97.721928358078
707.0 97.87618517875671
708.0 97.92674779891968
709.0 97.93259501457214
710.0 97.75017499923706
711.0 97.92471528053284
712.0 97.89617657661438
713.0 97.96197414398193
714.0 98.02740812301636
715.0 98.09837937355042
716.0 97.93409705162048
717.0 98.1153666973114
718.0 98.2177734375
719.0 98.12978506088257
720.0 98.33577871322632
721.0 98.20667505264282
722.0 97.86401987075806
723.0 97.68620729446411
724.0 97.36050367355347
725.0 97.13908433914185
726.0 96.90508246421814
727.0 96.68922424316406
728.0 96.42479419708252
729.0 96.24170064926147
730.0 96.34237289428711
731.0 96.41914367675781
732.0 96.44720554351807
733.0 96.67384028434753
734.0 97.03019261360168
735.0 97.2314715385437
736.0 97.61842489242554
737.0 97.96150326728821
738.0 98.25053811073303
739.0 98.5949695110321
740.0 98.65968227386475
741.0 98.53509068489075
742.0 98.90226721763611
743.0 98.70584011077881
744.0 98.60128164291382
745.0 98.54412078857422
746.0 98.5222339630127
747.0 98.72827529907227
748.0 98.60448837280273
749.0 98.51436614990234
750.0 98.49787950515747
751.0 98.35724830627441
752.0 98.26225638389587
753.0 98.54246973991394
754.0 98.44081997871399
755.0 98.50819110870361
756.0 98.53875041007996
757.0 98.56569170951843
758.0 98.72642755508423
759.0 98.75640869140625
760.0 98.63148927688599
761.0 98.59740734100342
762.0 98.57545495033264
763.0 98.59480261802673
764.0 98.51986169815063
765.0 98.4727144241333
766.0 98.5637366771698
767.0 98.33772778511047
768.0 98.35415482521057
769.0 98.29258322715759
770.0 97.97471761703491
771.0 98.01543951034546
772.0 98.06974530220032
773.0 97.94504642486572
774.0 97.7742850780487
775.0 97.88069725036621
776.0 97.7353572845459
777.0 97.8468656539917
778.0 97.83450365066528
779.0 97.98274636268616
780.0 97.9050874710083
781.0 98.28945994377136
782.0 98.18105101585388
783.0 98.3332872390747
784.0 98.236083984375
785.0 98.39069247245789
786.0 98.53483438491821
787.0 98.29410910606384
788.0 98.41502904891968
789.0 98.4659492969513
790.0 98.44188094139099
791.0 98.41808676719666
792.0 98.2718825340271
793.0 98.19906949996948
794.0 98.05262088775635
795.0 97.97630310058594
796.0 97.9910671710968
797.0 97.97235131263733
798.0 97.85048961639404
799.0 97.76299595832825
800.0 97.6143479347229
801.0 97.61324524879456
802.0 97.39519953727722
803.0 97.119802236557
804.0 96.80089950561523
805.0 96.12171649932861
806.0 95.49426436424255
807.0 94.33338642120361
808.0 92.87748336791992
809.0 91.33177995681763
810.0 89.47365880012512
811.0 87.1303915977478
812.0 84.37214493751526
813.0 81.25651478767395
814.0 77.58163809776306
815.0 73.59753251075745
816.0 69.41227912902832
817.0 64.87242579460144
818.0 59.92345213890076
819.0 55.66505193710327
820.0 50.84847807884216
821.0 46.39887809753418
822.0 41.95272922515869
823.0 37.33943998813629
824.0 32.724952697753906
825.0 28.497108817100525
826.0 24.112512171268463
827.0 19.588281214237213
828.0 15.550757944583893
829.0 11.692948639392853
830.0 8.167868107557297
831.0 5.68484291434288
832.0 3.523894026875496
833.0 2.1073807030916214
834.0 1.2594564817845821
835.0 0.7469884119927883
836.0 0.42506158351898193
837.0 0.2933306386694312
838.0 0.12463023886084557
839.0 0.05662664771080017
840.0 0.026012156740762293
841.0 0.014187325723469257
842.0 0.0038615657103946432
843.0 1.5916470615454092e-10
844.0 0.00553773388674017
845.0 1.5916470615454092e-10
846.0 0.012750603491440415
847.0 1.5916470615454092e-10
848.0 1.5916470615454092e-10
849.0 1.5916470615454092e-10
850.0 1.5916470615454092e-10
851.0 0.0027949330615228973
852.0 0.0032332354749087244
853.0 0.0018574581190478057
854.0 0.00048168089961109217
855.0 0.00047925459512043744
856.0 0.00047682819968031254
857.0 0.00030318801691464614
858.0 0.00012954786825503106
859.0 0.0001925118112922064
860.0 0.0002554757202233304
861.0 8.795492334456867e-06
862.0 1.5916470615454092e-10
863.0 1.5916470615454092e-10
864.0 7.536553425779857e-05
865.0 0.00010270376833432238
866.0 0.00013004198535782052
867.0 6.641834033871419e-05
868.0 2.794591047461381e-06
869.0 0.00010866231150430394
870.0 0.00021452995042636758
871.0 0.00011311813068459742
872.0 1.1706276836775942e-05
873.0 2.702805375065509e-05
874.0 4.234983350670518e-05
875.0 5.134687626195955e-05
876.0 6.034392754372675e-05
877.0 1.5916470615454092e-10
878.0 1.5916470615454092e-10
879.0 1.5916470615454092e-10
880.0 1.3308560653513268e-05
881.0 8.022055908440962e-05
882.0 0.00014713256177856238
883.0 3.86365968552127e-05
884.0 1.5916470615454092e-10
885.0 0.0001407101422046253
886.0 0.00035127957289660117
887.0 0.00023736565708531998
888.0 0.0001234516957993037
889.0 9.415226713826996e-05
890.0 6.48528441615781e-05
891.0 1.5916470615454092e-10
892.0 1.5916470615454092e-10
893.0 1.5916470615454092e-10
894.0 6.763792157471471e-05
895.0 2.419150177956908e-05
