lsstCam/transmission_filter_detector/r32_s22/i_39/19700101T000000.ecsv
# %ECSV 1.0
# ---
# datatype:
# - {name: wavelength, unit: nm, datatype: float32}
# - {name: efficiency, unit: '%', datatype: float64}
# meta: !!omap
# - {MODE: DETECTOR}
# - {TYPE: transmission_filter_detector}
# - {CALIBDATE: '1970-01-01T00:00:00'}
# - {INSTRUME: LSSTCam}
# - {OBSTYPE: transmission_filter_detector}
# - {CALIBCLS: lsst.ip.isr.IntermediateFilterDetectorTransmissionCurve}
# - {SOURCE: Materion (DM-46256)}
# - {DETECTOR: 143}
# - {FILTER: i_39}
# - {CALIB_ID: 'calibDate=1970-01-01T00:00:00 filter=i_39 detector=143'}
# - {DATE: '2025-04-02T15:59:47.141887'}
# - {CALIB_CREATION_DATE: '2025-04-02'}
# - {CALIB_CREATION_TIME: '15:59:47'}
# - __serialized_columns__:
#     efficiency:
#       __class__: astropy.units.quantity.Quantity
#       unit: !astropy.units.Unit {unit: '%'}
#       value: !astropy.table.SerializedColumn {name: efficiency}
#     wavelength:
#       __class__: astropy.units.quantity.Quantity
#       unit: !astropy.units.Unit {unit: nm}
#       value: !astropy.table.SerializedColumn {name: wavelength}
# schema: astropy-2.0
wavelength efficiency
[from data line 597]
897.0 4.599235410296387e-05
898.0 0.00011123959211545298
899.0 7.716353422893008e-06
900.0 1.5916470615454092e-10
901.0 1.5916470615454092e-10
902.0 1.5916470615454092e-10
903.0 1.5916470615454092e-10
904.0 1.5916470615454092e-10
905.0 1.5916470615454092e-10
906.0 1.5916470615454092e-10
907.0 1.5916470615454092e-10
908.0 1.5916470615454092e-10
909.0 1.5916470615454092e-10
910.0 1.5916470615454092e-10
911.0 1.5916470615454092e-10
912.0 1.5916470615454092e-10
913.0 1.5916470615454092e-10
914.0 7.38470362193766e-05
915.0 8.406393021687109e-05
916.0 9.428082421436557e-05
917.0 1.5916470615454092e-10
918.0 1.5916470615454092e-10
919.0 1.5916470615454092e-10
920.0 1.5916470615454092e-10
921.0 1.5916470615454092e-10
922.0 1.5916470615454092e-10
923.0 1.5916470615454092e-10
924.0 0.0002542280753914383
925.0 0.00011598476703511551
926.0 1.5916470615454092e-10
927.0 1.5916470615454092e-10
928.0 1.5916470615454092e-10
929.0 1.5916470615454092e-10
930.0 1.5916470615454092e-10
931.0 1.5916470615454092e-10
932.0 1.5916470615454092e-10
933.0 1.5916470615454092e-10
934.0 1.5916470615454092e-10
935.0 1.5916470615454092e-10
936.0 1.5916470615454092e-10
937.0 1.5916470615454092e-10
938.0 8.139725196087966e-05
939.0 1.5916470615454092e-10
940.0 1.5916470615454092e-10
941.0 1.5916470615454092e-10
942.0 3.7828530707884056e-05
943.0 1.5916470615454092e-10
944.0 1.5916470615454092e-10
945.0 2.4694980993444915e-05
946.0 9.172963473247364e-05
947.0 0.0002252300191685208
948.0 0.000358730403604568
949.0 0.0002787772473311634
950.0 0.00019882409105775878
951.0 0.00011393557315386715
952.0 2.9047052407804586e-05
953.0 1.5916470615454092e-10
954.0 1.5916470615454092e-10
955.0 5.7446123946647276e-05
956.0 0.00025541683044139063
957.0 0.00022526162410940742
958.0 0.0001951065087268944
959.0 0.0002462522843416082
960.0 0.0002973980826936895
961.0 0.00019988367512269178
962.0 0.00010236923344564275
963.0 0.00018818134321918478
964.0 0.0002739935098361457
965.0 0.00012553034594020573
966.0 1.5916470615454092e-10
967.0 1.5916470615454092e-10
968.0 1.5916470615454092e-10
969.0 1.5916470615454092e-10
970.0 1.5916470615454092e-10
971.0 1.5916470615454092e-10
972.0 1.5916470615454092e-10
973.0 1.5916470615454092e-10
974.0 1.5916470615454092e-10
975.0 6.139414949757338e-05
976.0 0.00013717150295633473
977.0 6.621477268708986e-05
978.0 1.5916470615454092e-10
979.0 7.241516186695662e-05
980.0 0.00014957228131606826
981.0 7.389564302684448e-05
982.0 1.5916470615454092e-10
983.0 3.706578297624219e-05
984.0 7.591259532091499e-05
985.0 4.389609955524065e-05
986.0 1.1879617289878297e-05
987.0 1.5916470615454092e-10
988.0 1.5916470615454092e-10
989.0 1.5916470615454092e-10
990.0 1.6932308710693178e-05
991.0 0.00013280928214953747
992.0 0.0002486862740624929
993.0 0.00017799053466660553
994.0 0.00010729473842729931
995.0 0.00017774447087504086
996.0 0.0002481941692167311
997.0 0.00013215380931796972
998.0 1.611345226137928e-05
999.0 5.24862400652637e-05
1000.0 8.885900797395152e-05
1001.0 0.00010582928098301636
1002.0 0.0001227995539920812
1003.0 0.0002478060878274846
1004.0 0.0003728126557689393
1005.0 0.00029262268981256057
1006.0 0.00021243274659354938
1007.0 0.00011664114936138503
1008.0 2.084955781356257e-05
1009.0 0.00010668854883988388
1010.0 0.00019252750007581199
1011.0 0.00019527024051058106
1012.0 0.00019801302642008523
1013.0 0.00022940162125451025
1014.0 0.00026079026156367036
1015.0 0.00020618113012460526
1016.0 0.00015157205552895903
1017.0 0.00029762038593617035
1018.0 0.000443668750449433
1019.0 0.0002570574224591837
1020.0 7.044613994366955e-05
1021.0 9.238282245860319e-05
1022.0 0.00011431948223616928
1023.0 0.0001091664330488129
1024.0 0.00010401337249277276
1025.0 0.0002468342472639051
1026.0 0.00038965513340372127
1027.0 0.0004683335191657534
1028.0 0.0005470118139783153
1029.0 0.0008287657692562789
1030.0 0.0011105195881100371
1031.0 0.0014348187505675014
1032.0 0.0017591177311260253
1033.0 0.002028621020144783
1034.0 0.00229812394536566
1035.0 0.0026128163881367072
1036.0 0.0029275082852109335
1037.0 0.0031762643629917875
1038.0 0.003425020622671582
1039.0 0.0033592761610634625
1040.0 0.0032935309718595818
1041.0 0.003117667802143842
1042.0 0.0029418042686302215
1043.0 0.003126334195258096
1044.0 0.003310864485683851
1045.0 0.0033561340387677774
1046.0 0.0034014043194474652
1047.0 0.0032000705687096342
1048.0 0.0029987368179718032
1049.0 0.0027859952751896344
1050.0 0.0025732537324074656
1051.0 0.002156198206648696
1052.0 0.0017391428627888672
1053.0 0.001736351077852305
1054.0 0.0017335594748146832
1055.0 0.0010999937330780085
1056.0 0.0004664280368160689
1057.0 0.0009268815119867213
1058.0 0.0013873350326321088
1059.0 0.0010202610610576812
1060.0 0.000653187271382194
1061.0 0.0009252975360141136
1062.0 0.0011974078915955033
1063.0 0.0017682425095699728
1064.0 0.0023390772184939124
1065.0 0.0025697028831928037
1066.0 0.0028003287297906354
1067.0 0.003517812365316786
1068.0 0.004235296364640817
1069.0 0.004234563311911188
1070.0 0.004233830259181559
1071.0 0.0041537870856700465
1072.0 0.004073744275956415
1073.0 0.003632573498180136
1074.0 0.0031914027204038575
1075.0 0.0030677263566758484
1076.0 0.0029440501748467796
1077.0 0.0033919397537829354
1078.0 0.0038398295146180317
1079.0 0.0033709420677041635
1080.0 0.002902054984588176
1081.0 0.0024594673959654756
1082.0 0.0020168799892417155
1083.0 0.0019321141735417768
1084.0 0.0018473485397407785
1085.0 0.0012665395843214355
1086.0 0.000685730856275768
1087.0 0.0010146660315513145
1088.0 0.0013436014342005365
1089.0 0.00048485726438229904
1090.0 1.5916470615454092e-10
1091.0 0.000271427688858239
1092.0 0.000916742101253476
1093.0 0.0003682488795675454
1094.0 1.5916470615454092e-10
1095.0 0.0002830140374499024
1096.0 0.0007462725989171304
1097.0 0.00015605630778736668
1098.0 1.5916470615454092e-10
1099.0 0.00033622120554355206
1100.0 0.0011066023944295011
