lsstCam/transmission_sensor/r03_s22/19700101T000000.ecsv
# %ECSV 1.0
# ---
# datatype:
# - {name: amp_name, datatype: string}
# - {name: wavelength, unit: nm, datatype: float32}
# - {name: efficiency, unit: '%', datatype: float64}
# meta: !!omap
# - {MODE: AMP}
# - {TYPE: transmission_sensor}
# - {CALIBDATE: '1970-01-01T00:00:00'}
# - {INSTRUME: LSSTCAM}
# - {OBSTYPE: transmission_sensor}
# - {DETECTOR: 26}
# - {PARQUETFILE: qe_raft_allvalues_nircorrected_20230725.parquet}
# - {CALIBCLS: lsst.ip.isr.IntermediateSensorTransmissionCurve}
# - {CALIB_ID: 'raftName=R03 detectorName=S22 detector=26 calibDate=1970-01-01T00:00:00 ccd=26 ccdnum=26 filter=None'}
# - {DATE: '2023-08-02T16:57:55.562699'}
# - {CALIB_CREATION_DATE: '2023-08-02'}
# - {CALIB_CREATION_TIME: '16:57:55'}
# - __serialized_columns__:
#     efficiency:
#       __class__: astropy.units.quantity.Quantity
#       unit: !astropy.units.Unit {unit: '%'}
#       value: !astropy.table.SerializedColumn {name: efficiency}
#     wavelength:
#       __class__: astropy.units.quantity.Quantity
#       unit: !astropy.units.Unit {unit: nm}
#       value: !astropy.table.SerializedColumn {name: wavelength}
# schema: astropy-2.0
amp_name wavelength efficiency
C00 319.992 44.76632308959961
C00 330.006 47.337745666503906
C00 349.994 54.265560150146484
C00 370.001 66.76740264892578
C00 400.009 87.5714111328125
C00 429.983 92.65713500976562
C00 449.989 92.36814880371094
C00 469.993 91.29070281982422
C00 500.016 90.25984954833984
C00 549.99 90.96939086914062
C00 569.998 91.53271484375
C00 599.983 93.2979507446289
C00 630.013 95.0190200805664
C00 649.987 95.80858612060547
C00 670.017 96.7744369506836
C00 699.987 98.30548095703125
C00 720.012 98.92575073242188
C00 749.995 99.82618713378906
C00 770.007 100.38272094726562
C00 800.008 101.04068756103516
C00 830.013 100.51264190673828
C00 869.994 97.47611236572266
C00 900.005 91.94218444824219
C00 919.989 84.9681396484375
C00 959.989 72.20411682128906
C00 1000.013 38.01984405517578
C00 1030.002 16.81327247619629
C00 1049.996 8.994815826416016
C00 1080.005 0.6920471317682998
C00 1100.007 0.09413997516623887
C01 319.992 44.613853454589844
C01 330.006 47.0717658996582
C01 349.994 53.83292007446289
C01 370.001 66.26410675048828
C01 400.009 87.29666137695312
C01 429.983 92.61095428466797
C01 449.989 92.38854217529297
C01 469.993 91.31501007080078
C01 500.016 90.2391586303711
C01 549.99 90.86666107177734
C01 569.998 91.41352844238281
C01 599.983 93.1679458618164
C01 630.013 94.88259887695312
C01 649.987 95.67131805419922
C01 670.017 96.63438415527344
C01 699.987 98.17327880859375
C01 720.012 98.79947662353516
C01 749.995 99.70783996582031
C01 770.007 100.27791595458984
C01 800.008 100.95662689208984
C01 830.013 100.45982360839844
C01 869.994 97.36672973632812
C01 900.005 91.88819122314453
C01 919.989 85.10913848876953
C01 959.989 72.21649169921875
C01 1000.013 38.035335540771484
C01 1030.002 16.797494888305664
C01 1049.996 9.038030624389648
C01 1080.005 0.6912267060487871
C01 1100.007 0.09402837170266651
C02 319.992 44.48280715942383
C02 330.006 46.8177490234375
C02 349.994 53.41062545776367
C02 370.001 65.7564468383789
C02 400.009 87.0413589477539
C02 429.983 92.5958023071289
C02 449.989 92.44391632080078
C02 469.993 91.3814926147461
C02 500.016 90.27571105957031
C02 549.99 90.8199691772461
C02 569.998 91.34976959228516
C02 599.983 93.07510375976562
C02 630.013 94.77410888671875
C02 649.987 95.55244445800781
C02 670.017 96.51731872558594
C02 699.987 98.05979919433594
C02 720.012 98.68907165527344
C02 749.995 99.60440063476562
C02 770.007 100.18950653076172
C02 800.008 100.87586212158203
C02 830.013 100.4061508178711
C02 869.994 97.29202270507812
C02 900.005 91.83419036865234
C02 919.989 85.1866455078125
C02 959.989 72.39817810058594
C02 1000.013 38.05876541137695
C02 1030.002 16.820749282836914
C02 1049.996 9.014073371887207
C02 1080.005 0.6905096299002531
C02 1100.007 0.09393082700127774
C03 319.992 44.3762092590332
C03 330.006 46.6024284362793
C03 349.994 53.042240142822266
C03 370.001 65.31067657470703
C03 400.009 86.81937408447266
C03 429.983 92.59278106689453
C03 449.989 92.50564575195312
C03 469.993 91.44438171386719
C03 500.016 90.31244659423828
C03 549.99 90.76576232910156
C03 569.998 91.27165222167969
C03 599.983 92.97604370117188
C03 630.013 94.65928649902344
C03 649.987 95.43586730957031
C03 670.017 96.40393829345703
C03 699.987 97.93614196777344
C03 720.012 98.58165740966797
C03 749.995 99.5104751586914
C03 770.007 100.10710906982422
C03 800.008 100.79715728759766
C03 830.013 100.34029388427734
C03 869.994 97.21300506591797
C03 900.005 91.70794677734375
C03 919.989 85.10449981689453
C03 959.989 72.36692810058594
C03 1000.013 37.98093032836914
C03 1030.002 16.73070526123047
C03 1049.996 8.957904815673828
C03 1080.005 0.6898585085545973
C03 1100.007 0.09384225420833281
C04 319.992 44.3555908203125
C04 330.006 46.48332595825195
C04 349.994 52.791141510009766
C04 370.001 65.01219940185547
C04 400.009 86.75582885742188
C04 429.983 92.72826385498047
C04 449.989 92.69554138183594
C04 469.993 91.63691711425781
C04 500.016 90.4836196899414
C04 549.99 90.8802719116211
C04 569.998 91.37162780761719
C04 599.983 93.05181884765625
C04 630.013 94.72050476074219
C04 649.987 95.485595703125
C04 670.017 96.44798278808594
C04 699.987 97.98300170898438
C04 720.012 98.63007354736328
C04 749.995 99.5725326538086
C04 770.007 100.17585754394531
C04 800.008 100.87770080566406
C04 830.013 100.44027709960938
C04 869.994 97.3411636352539
C04 900.005 91.81985473632812
C04 919.989 85.21913146972656
C04 959.989 72.53380584716797
C04 1000.013 38.004905700683594
C04 1030.002 16.761430740356445
C04 1049.996 8.922356605529785
C04 1080.005 0.6902887362921917
C04 1100.007 0.09390077858719914
C05 319.992 44.14237976074219
C05 330.006 46.15983963012695
C05 349.994 52.28609848022461
C05 370.001 64.38297271728516
C05 400.009 86.27177429199219
C05 429.983 92.43238830566406
C05 449.989 92.44482421875
C05 469.993 91.3931884765625
C05 500.016 90.21734619140625
C05 549.99 90.5738525390625
C05 569.998 91.05189514160156
C05 599.983 92.72309875488281
C05 630.013 94.38184356689453
C05 649.987 95.14574432373047
C05 670.017 96.10404968261719
C05 699.987 97.63672637939453
C05 720.012 98.28263854980469
C05 749.995 99.2247085571289
C05 770.007 99.83029174804688
C05 800.008 100.53987121582031
C05 830.013 100.11518096923828
C05 869.994 97.06794738769531
C05 900.005 91.58821868896484
C05 919.989 85.01197052001953
C05 959.989 72.41626739501953
C05 1000.013 37.917335510253906
C05 1030.002 16.784133911132812
C05 1049.996 8.892033576965332
C05 1080.005 0.6878774439085169
C05 1100.007 0.09357276768346537
C06 319.992 44.40914535522461
C06 330.006 46.34036636352539
C06 349.994 52.35905456542969
C06 370.001 64.45366668701172
C06 400.009 86.70011138916016
C06 429.983 93.09764099121094
C06 449.989 93.15383911132812
C06 469.993 92.092529296875
C06 500.016 90.88339233398438
C06 549.99 91.18769073486328
C06 569.998 91.65415954589844
C06 599.983 93.32379150390625
C06 630.013 94.98735046386719
C06 649.987 95.75127410888672
C06 670.017 96.7123031616211
C06 699.987 98.25797271728516
C06 720.012 98.91424560546875
C06 749.995 99.86930847167969
C06 770.007 100.48114776611328
C06 800.008 101.21703338623047
C06 830.013 100.8068618774414
C06 869.994 97.78590393066406
C06 900.005 92.29607391357422
C06 919.989 85.7262954711914
C06 959.989 73.121826171875
C06 1000.013 38.277137756347656
C06 1030.002 16.944316864013672
C06 1049.996 8.985662460327148
C06 1080.005 0.6923461525758803
C06 1100.007 0.09418065131401494
C07 319.992 44.155696868896484
C07 330.006 45.95372772216797
C07 349.994 51.738224029541016
C07 370.001 63.64775085449219
C07 400.009 86.02191925048828
C07 429.983 92.68515014648438
C07 449.989 92.85845184326172
C07 469.993 91.8466567993164
C07 500.016 90.61444854736328
C07 549.99 90.77303314208984
C07 569.998 91.17924499511719
C07 599.983 92.76624298095703
C07 630.013 94.36442565917969
C07 649.987 95.10220336914062
C07 670.017 96.04619598388672
C07 699.987 97.5645523071289
C07 720.012 98.21471405029297
C07 749.995 99.17172241210938
C07 770.007 99.79100799560547
C07 800.008 100.53193664550781
C07 830.013 100.1675796508789
C07 869.994 97.1512680053711
C07 900.005 91.63118743896484
C07 919.989 85.2569351196289
C07 959.989 73.0204086303711
C07 1000.013 38.1175537109375
C07 1030.002 16.86052894592285
C07 1049.996 8.968058586120605
C07 1080.005 0.6875101377320989
C07 1100.007 0.09352280259765099
C10 319.992 44.53856658935547
C10 330.006 47.02245330810547
C10 349.994 53.861488342285156
C10 370.001 66.28814697265625
C10 400.009 87.0885009765625
C10 429.983 92.25064849853516
C10 449.989 92.03730010986328
C10 469.993 90.95780944824219
C10 500.016 89.96257781982422
C10 549.99 90.59921264648438
C10 569.998 91.15601348876953
C10 599.983 92.88336181640625
C10 630.013 94.57462310791016
C10 649.987 95.35111999511719
C10 670.017 96.31755828857422
C10 699.987 97.79995727539062
C10 720.012 98.44638061523438
C10 749.995 99.33700561523438
C10 770.007 99.91629028320312
C10 800.008 100.54499816894531
C10 830.013 100.07914733886719
C10 869.994 97.06254577636719
C10 900.005 91.61629486083984
C10 919.989 85.07256317138672
C10 959.989 72.38845825195312
C10 1000.013 37.986209869384766
C10 1030.002 16.69489097595215
C10 1049.996 8.861886978149414
C10 1080.005 0.6886558926069755
C10 1100.007 0.09367866096410628
C11 319.992 44.40217971801758
C11 330.006 46.778839111328125
C11 349.994 53.45810317993164
C11 370.001 65.8165512084961
C11 400.009 86.8345718383789
C11 429.983 92.2149887084961
C11 449.989 92.06013488769531
C11 469.993 90.97794342041016
C11 500.016 89.94348907470703
C11 549.99 90.50312805175781
C11 569.998 91.05365753173828
C11 599.983 92.77799987792969
C11 630.013 94.4658203125
C11 649.987 95.2358627319336
C11 670.017 96.19926452636719
C11 699.987 97.68402099609375
C11 720.012 98.33393096923828
C11 749.995 99.24159240722656
C11 770.007 99.83049774169922
C11 800.008 100.47457885742188
C11 830.013 100.03749084472656
C11 869.994 96.99644470214844
C11 900.005 91.5149154663086
C11 919.989 85.07240295410156
C11 959.989 72.5799789428711
C11 1000.013 38.00960159301758
C11 1030.002 16.712451934814453
C11 1049.996 8.889500617980957
C11 1080.005 0.6879944575586052
C11 1100.007 0.09358868518620146
C12 319.992 44.2995491027832
C12 330.006 46.564781188964844
C12 349.994 53.086299896240234
C12 370.001 65.36973571777344
C12 400.009 86.68283081054688
C12 429.983 92.29196166992188
C12 449.989 92.1757583618164
C12 469.993 91.08265686035156
C12 500.016 90.01342010498047
C12 549.99 90.53099060058594
C12 569.998 91.07746124267578
C12 599.983 92.80323028564453
C12 630.013 94.49542999267578
C12 649.987 95.27351379394531
C12 670.017 96.23932647705078
C12 699.987 97.74359130859375
C12 720.012 98.3927993774414
C12 749.995 99.31217956542969
C12 770.007 99.9078369140625
C12 800.008 100.56842803955078
C12 830.013 100.1349868774414
C12 869.994 97.10967254638672
C12 900.005 91.58537292480469
C12 919.989 85.13809967041016
C12 959.989 72.72370147705078
C12 1000.013 38.06858825683594
C12 1030.002 16.72850227355957
C12 1049.996 8.882076263427734
C12 1080.005 0.6884838163499386
C12 1100.007 0.09365525323099025
C13 319.992 44.18239212036133
C13 330.006 46.34153366088867
C13 349.994 52.70682907104492
C13 370.001 64.91986083984375
C13 400.009 86.4610366821289
C13 429.983 92.298828125
C13 449.989 92.24510192871094
C13 469.993 91.17118835449219
C13 500.016 90.06791687011719
C13 549.99 90.51007843017578
C13 569.998 91.03157806396484
C13 599.983 92.72766876220703
C13 630.013 94.40126037597656
C13 649.987 95.16793060302734
C13 670.017 96.13062286376953
C13 699.987 97.63526153564453
C13 720.012 98.2913589477539
C13 749.995 99.22442626953125
C13 770.007 99.82731628417969
C13 800.008 100.49578857421875
C13 830.013 100.06761932373047
C13 869.994 97.04159545898438
C13 900.005 91.47322845458984
C13 919.989 84.94575500488281
C13 959.989 72.53559875488281
C13 1000.013 37.976131439208984
C13 1030.002 16.6469783782959
C13 1049.996 8.833272933959961
C13 1080.005 0.6878754796997196
C13 1100.007 0.09357250048986118
C14 319.992 44.02110290527344
C14 330.006 46.067100524902344
C14 349.994 52.26662063598633
C14 370.001 64.391357421875
C14 400.009 86.08262634277344
C14 429.983 92.12838745117188
C14 449.989 92.16166687011719
C14 469.993 91.12284088134766
C14 500.016 90.00096130371094
C14 549.99 90.33978271484375
C14 569.998 90.81749725341797
C14 599.983 92.45640563964844
C14 630.013 94.091552734375
C14 649.987 94.84152221679688
C14 670.017 95.7953109741211
C14 699.987 97.28753662109375
C14 720.012 97.94670867919922
C14 749.995 98.8781509399414
C14 770.007 99.48607635498047
C14 800.008 100.1605224609375
C14 830.013 99.75022888183594
C14 869.994 96.78965759277344
C14 900.005 91.2629165649414
C14 919.989 84.74549865722656
C14 959.989 72.4020004272461
C14 1000.013 37.91340255737305
C14 1030.002 16.616201400756836
C14 1049.996 8.815914154052734
C14 1080.005 0.6854749261216604
C14 1100.007 0.09324595039832871
C15 319.992 44.07122802734375
C15 330.006 46.02117156982422
C15 349.994 52.083187103271484
C15 370.001 64.16869354248047
C15 400.009 86.09455871582031
C15 429.983 92.37998962402344
C15 449.989 92.49132537841797
C15 469.993 91.48039245605469
C15 500.016 90.3361587524414
C15 549.99 90.59807586669922
C15 569.998 91.04105377197266
C15 599.983 92.64335632324219
C15 630.013 94.255859375
C15 649.987 94.990966796875
C15 670.017 95.9402084350586
C15 699.987 97.4278335571289
C15 720.012 98.08662414550781
C15 749.995 99.02088928222656
C15 770.007 99.63223266601562
C15 800.008 100.3174057006836
C15 830.013 99.9135971069336
C15 869.994 96.96448516845703
C15 900.005 91.44000244140625
C15 919.989 84.93466186523438
C15 959.989 72.532470703125
C15 1000.013 37.97734069824219
C15 1030.002 16.61956024169922
C15 1049.996 8.814621925354004
C15 1080.005 0.6864644659508435
C15 1100.007 0.09338055865067026
C16 319.992 44.089080810546875
C16 330.006 45.944618225097656
C16 349.994 51.86569595336914
C16 370.001 63.888465881347656
C16 400.009 86.0373764038086
C16 429.983 92.52789306640625
C16 449.989 92.6998291015625
C16 469.993 91.68881225585938
C16 500.016 90.521728515625
C16 549.99 90.70637512207031
C16 569.998 91.12907409667969
C16 599.983 92.7130126953125
C16 630.013 94.31053161621094
C16 649.987 95.04490661621094
C16 670.017 95.99137115478516
C16 699.987 97.47858428955078
C16 720.012 98.1387710571289
C16 749.995 99.08223724365234
C16 770.007 99.70011138916016
C16 800.008 100.38855743408203
C16 830.013 100.00975036621094
C16 869.994 97.0831527709961
C16 900.005 91.58837127685547
C16 919.989 85.13738250732422
C16 959.989 72.77468872070312
C16 1000.013 38.072261810302734
C16 1030.002 16.635435104370117
C16 1049.996 8.841146469116211
C16 1080.005 0.6868897723797586
C16 1100.007 0.0934384135782007
C17 319.992 44.09267044067383
C17 330.006 45.83479309082031
C17 349.994 51.5750617980957
C17 370.001 63.468421936035156
C17 400.009 85.83566284179688
C17 429.983 92.60603332519531
C17 449.989 92.8819580078125
C17 469.993 91.90753936767578
C17 500.016 90.72161865234375
C17 549.99 90.7747573852539
C17 569.998 91.14759826660156
C17 599.983 92.66999816894531
C17 630.013 94.22223663330078
C17 649.987 94.93850708007812
C17 670.017 95.87354278564453
C17 699.987 97.3359375
C17 720.012 98.00222778320312
C17 749.995 98.94758605957031
C17 770.007 99.57736206054688
C17 800.008 100.2774658203125
C17 830.013 99.94441986083984
C17 869.994 97.03108978271484
C17 900.005 91.533447265625
C17 919.989 85.23101806640625
C17 959.989 73.16897583007812
C17 1000.013 38.17172622680664
C17 1030.002 16.735301971435547
C17 1049.996 8.932538986206055
C17 1080.005 0.6859563137024656
C17 1100.007 0.09331143411009059
