lsstCam/transmission_sensor/r03_s22/19700101T000000.ecsv
# %ECSV 0.9
# ---
# datatype:
# - {name: amp_name, datatype: string}
# - {name: wavelength, unit: nm, datatype: float32}
# - {name: efficiency, unit: '%', datatype: float32}
# meta: !!omap
# - {MODE: AMP}
# - {TYPE: transmission_sensor}
# - {CALIBDATE: '1970-01-01T00:00:00'}
# - {INSTRUME: LSSTCAM}
# - {OBSTYPE: transmission_sensor}
# - {DETECTOR: 26}
# - {CALIBCLS: lsst.ip.isr.IntermediateSensorTransmissionCurve}
# - {PICKLEFILE: RaftRun11166.p}
# - {CALIB_ID: 'raftName=R03 detectorName=S22 detector=26 calibDate=1970-01-01T00:00:00 ccd=26 ccdnum=26 filter=None'}
# - {DATE: '2020-07-23T19:15:21.172029'}
# - {CALIB_CREATION_DATE: '2020-07-23'}
# - {CALIB_CREATION_TIME: '19:15:21'}
# - __serialized_columns__:
#     efficiency:
#       __class__: astropy.units.quantity.Quantity
#       unit: !astropy.units.Unit {unit: '%'}
#       value: !astropy.table.SerializedColumn {name: efficiency}
#     wavelength:
#       __class__: astropy.units.quantity.Quantity
#       unit: !astropy.units.Unit {unit: nm}
#       value: !astropy.table.SerializedColumn {name: wavelength}
# schema: astropy-2.0
amp_name wavelength efficiency
C06 349.982 48.88577
C06 450.035 90.09901
C06 500.018 89.10156
C06 619.997 91.85002
C06 750.022 98.44929
C06 869.967 97.094154
C06 999.976 31.575102
C07 349.982 48.104664
C07 450.035 89.554
C07 500.018 88.609505
C07 619.997 91.06688
C07 750.022 97.453384
C07 869.967 96.081894
C07 999.976 31.324438
C13 349.982 49.35776
C13 450.035 89.29364
C13 500.018 88.31683
C13 619.997 91.21852
C13 750.022 98.13044
C13 869.967 96.93527
C13 999.976 31.504694
C05 349.982 48.94367
C05 450.035 89.245026
C05 500.018 88.25592
C05 619.997 91.09387
C05 750.022 97.637184
C05 869.967 96.192154
C05 999.976 31.224457
C02 349.982 50.122177
C02 450.035 89.155525
C02 500.018 88.18656
C02 619.997 91.349686
C02 750.022 97.59897
C02 869.967 95.7692
C02 999.976 31.130259
C10 349.982 50.646236
C10 450.035 89.323746
C10 500.018 88.40229
C10 619.997 91.714264
C10 750.022 98.40632
C10 869.967 96.95107
C10 999.976 31.467348
C16 349.982 48.4184
C16 450.035 89.63573
C16 500.018 88.70316
C16 619.997 91.038216
C16 750.022 97.985664
C16 869.967 97.05796
C16 999.976 31.578524
C12 349.982 49.72488
C12 450.035 89.19695
C12 500.018 88.21209
C12 619.997 91.27722
C12 750.022 98.112854
C12 869.967 96.83789
C12 999.976 31.517834
C03 349.982 49.72858
C03 450.035 89.18074
C03 500.018 88.20248
C03 619.997 91.21899
C03 750.022 97.58515
C03 869.967 95.84874
C03 999.976 31.117685
C17 349.982 47.791534
C17 450.035 89.1311
C17 500.018 88.23346
C17 619.997 90.37368
C17 750.022 97.14174
C17 869.967 96.22236
C17 999.976 31.377491
C14 349.982 48.974365
C14 450.035 89.27467
C14 500.018 88.31539
C14 619.997 90.980865
C14 750.022 97.928566
C14 869.967 96.875404
C14 999.976 31.510447
C04 349.982 49.47604
C04 450.035 89.41986
C04 500.018 88.42907
C04 619.997 91.34469
C04 750.022 97.81697
C04 869.967 96.22119
C04 999.976 31.222866
C01 349.982 50.606792
C01 450.035 89.21277
C01 500.018 88.24886
C01 619.997 91.57647
C01 750.022 97.73205
C01 869.967 95.78908
C01 999.976 31.08479
C11 349.982 50.197308
C11 450.035 89.20917
C11 500.018 88.24969
C11 619.997 91.37061
C11 750.022 98.10505
C11 869.967 96.72599
C11 999.976 31.461084
C15 349.982 48.790367
C15 450.035 89.611786
C15 500.018 88.67267
C15 619.997 91.13489
C15 750.022 98.10875
C15 869.967 97.12732
C15 999.976 31.570797
C00 349.982 50.856777
C00 450.035 88.95614
C00 500.018 88.030426
C00 619.997 91.55593
C00 750.022 97.622284
C00 869.967 95.61608
C00 999.976 30.97937
