lsstCam/transmission_sensor/r03_s22/19700101T000000.ecsv
# %ECSV 1.0
# ---
# datatype:
# - {name: amp_name, datatype: string}
# - {name: wavelength, unit: nm, datatype: float32}
# - {name: efficiency, unit: '%', datatype: float64}
# meta: !!omap
# - {MODE: AMP}
# - {TYPE: transmission_sensor}
# - {CALIBDATE: '1970-01-01T00:00:00'}
# - {INSTRUME: LSSTCAM}
# - {OBSTYPE: transmission_sensor}
# - {DETECTOR: 26}
# - {PARQUETFILE: qe_raft_allvalues_nircorrected_20230725.parquet}
# - {CALIBCLS: lsst.ip.isr.IntermediateSensorTransmissionCurve}
# - {CALIB_ID: 'raftName=R03 detectorName=S22 detector=26 calibDate=1970-01-01T00:00:00 ccd=26 ccdnum=26 filter=None'}
# - {DATE: '2024-01-18T22:42:25.063388'}
# - {CALIB_CREATION_DATE: '2024-01-18'}
# - {CALIB_CREATION_TIME: '22:42:25'}
# - __serialized_columns__:
#     efficiency:
#       __class__: astropy.units.quantity.Quantity
#       unit: !astropy.units.Unit {unit: '%'}
#       value: !astropy.table.SerializedColumn {name: efficiency}
#     wavelength:
#       __class__: astropy.units.quantity.Quantity
#       unit: !astropy.units.Unit {unit: nm}
#       value: !astropy.table.SerializedColumn {name: wavelength}
# schema: astropy-2.0
amp_name wavelength efficiency
C00 319.992 43.85194748229195
C00 330.006 47.32016944815228
C00 349.994 55.470735072348994
C00 370.001 68.2513549171618
C00 400.009 85.80113556400674
C00 429.983 88.3566179424121
C00 449.989 87.7829421034591
C00 469.993 87.33725027019112
C00 500.016 87.01682983830202
C00 549.99 88.48897920385119
C00 569.998 89.21400355880169
C00 599.983 91.0493692133349
C00 630.013 92.5636154438313
C00 649.987 93.53864399096081
C00 670.017 94.54341845678124
C00 699.987 95.65218261676411
C00 720.012 96.10069080500146
C00 749.995 97.65363865770426
C00 770.007 98.73746671484017
C00 800.008 99.26756414517558
C00 830.013 98.62661547184447
C00 869.994 95.23692380635231
C00 900.005 87.72585857916017
C00 919.989 79.05480125776981
C00 959.989 57.210633995796705
C00 1000.013 30.781488771091507
C00 1030.002 13.042718221461216
C00 1049.996 6.134722095048672
C00 1080.005 0.5003541319888594
C00 1100.007 0.12077528742198397
C01 319.992 43.70259211947356
C01 330.006 47.05428843798359
C01 349.994 55.02848656420638
C01 370.001 67.73687291502026
C01 400.009 85.53193993561935
C01 429.983 88.31258061400423
C01 449.989 87.80232313664062
C01 469.993 87.36050486673103
C01 500.016 86.99688234119124
C01 549.99 88.38905048260062
C01 569.998 89.09783639328187
C01 599.983 90.92249758882161
C01 630.013 92.43071952658296
C01 649.987 93.40462814421052
C01 670.017 94.40659441047599
C01 699.987 95.52354864924199
C01 720.012 95.97802275340767
C01 749.995 97.53786711609972
C01 770.007 98.63437945661263
C01 800.008 99.18497862395598
C01 830.013 98.57478825984984
C01 869.994 95.13005387803284
C01 900.005 87.67434139955894
C01 919.989 79.18598731581633
C01 959.989 57.2204391792564
C01 1000.013 30.794030931685846
C01 1030.002 13.03047892459839
C01 1049.996 6.164195825370458
C01 1080.005 0.49976095938557263
C01 1100.007 0.12063210764775481
C02 319.992 43.57422251355647
C02 330.006 46.80036587669104
C02 349.994 54.596813275649374
C02 370.001 67.21792990594771
C02 400.009 85.28179850185485
C02 429.983 88.29813188870801
C02 449.989 87.85494847851545
C02 469.993 87.42410830497612
C02 500.016 87.03212144836593
C02 549.99 88.34363170992678
C02 569.998 89.03569268554604
C02 599.983 90.83189308185553
C02 630.013 92.32503304689664
C02 649.987 93.2885709572265
C02 670.017 94.29222778376642
C02 699.987 95.41313188833918
C02 720.012 95.8707706614124
C02 749.995 97.43667896750027
C02 770.007 98.54741904689139
C02 800.008 99.10563116274426
C02 830.013 98.52212258942052
C02 869.994 95.05706299164765
C02 900.005 87.62281694043537
C02 919.989 79.25810025146346
C02 959.989 57.36439764960732
C02 1000.013 30.813000138868908
C02 1030.002 13.048518275100273
C02 1049.996 6.147856292788616
C02 1080.005 0.4992425091277804
C02 1100.007 0.12050696432446503
C03 319.992 43.46980193114017
C03 330.006 46.58512523676315
C03 349.994 54.220246551688206
C03 370.001 66.76225208607859
C03 400.009 85.06430111199704
C03 429.983 88.29525087399638
C03 449.989 87.91361362609182
C03 469.993 87.4842739168024
C03 500.016 87.06753708206371
C03 549.99 88.29090288969023
C03 569.998 88.95955418805804
C03 599.983 90.73522047782498
C03 630.013 92.213177806441
C03 649.987 93.17475580947503
C03 670.017 94.18146120141951
C03 699.987 95.29281221234666
C03 720.012 95.76642388487991
C03 749.995 97.34479762088516
C03 770.007 98.46637206510078
C03 800.008 99.02830748903747
C03 830.013 98.45750140006075
C03 869.994 94.97986051919145
C03 900.005 87.50236268427292
C03 919.989 79.18167147125747
C03 959.989 57.339636841067914
C03 1000.013 30.749983580196943
C03 1030.002 12.978667578098678
C03 1049.996 6.109547728222209
C03 1080.005 0.49877174457899515
C03 1100.007 0.12039333135922575
C04 319.992 43.4496046348347
C04 330.006 46.46606698076477
C04 349.994 53.9635713105365
C04 370.001 66.45714104909428
C04 400.009 85.00204046585579
C04 429.983 88.42444546805997
C04 449.989 88.09408273042699
C04 469.993 87.66847134250274
C04 500.016 87.232559960079
C04 549.99 88.40229020326241
C04 569.998 89.05699718748012
C04 599.983 90.80916936131476
C04 630.013 92.2728141153723
C04 649.987 93.22330601451718
C04 670.017 94.22449030308753
C04 699.987 95.33840719321698
C04 720.012 95.81345738469346
C04 749.995 97.40550453936191
C04 770.007 98.53399376444477
C04 800.008 99.10743758048014
C04 830.013 98.55560852315618
C04 869.994 95.10507507285752
C04 900.005 87.60913871795823
C04 919.989 79.28832536023258
C04 959.989 57.471861734911265
C04 1000.013 30.769394434502633
C04 1030.002 13.00250254342306
C04 1049.996 6.085302830447911
C04 1080.005 0.499082801754612
C04 1100.007 0.1204684142203195
C05 319.992 43.240748522881795
C05 330.006 46.1427007611548
C05 349.994 53.447311862963595
C05 370.001 65.81392936093303
C05 400.009 84.52777117121327
C05 429.983 88.14230245914116
C05 449.989 87.85581130790139
C05 469.993 87.43529766357489
C05 500.016 86.97585361912644
C05 549.99 88.10422579690623
C05 569.998 88.74536400526242
C05 599.983 90.48837177834649
C05 630.013 91.94290433008422
C05 649.987 92.89150655400739
C05 670.017 93.88848616257218
C05 699.987 95.00147795245485
C05 720.012 95.47594421923338
C05 749.995 97.0652502470881
C05 770.007 98.1940917280352
C05 800.008 98.775536429672
C05 830.013 98.23661251993457
C05 869.994 94.83813505729997
C05 900.005 87.38812514018898
C05 919.989 79.0955817297939
C05 959.989 57.37873062740198
C05 1000.013 30.698496173334547
C05 1030.002 13.020114287929616
C05 1049.996 6.064621656212322
C05 1080.005 0.4973394232299122
C05 1100.007 0.12004759818434715
C06 319.992 43.502065290307876
C06 330.006 46.323160466070156
C06 349.994 53.52188821789533
C06 370.001 65.88619455363015
C06 400.009 84.94744933861728
C06 429.983 88.77667861771583
C06 449.989 88.52963030364567
C06 469.993 88.10435269723304
C06 500.016 87.61796884691816
C06 549.99 88.7013268088376
C06 569.998 89.33237181771506
C06 599.983 91.07458718236228
C06 630.013 92.53276420774283
C06 649.987 93.48268984240656
C06 670.017 94.48271708765175
C06 699.987 95.6059566405545
C06 720.012 96.08951423429254
C06 749.995 97.695821532456
C06 770.007 98.83428033632912
C06 800.008 99.44081534661595
C06 830.013 98.91531467787668
C06 869.994 95.53959894336926
C06 900.005 88.06351922290797
C06 919.989 79.76019339814408
C06 959.989 57.93777721258642
C06 1000.013 30.989797967783662
C06 1030.002 13.144374518724334
C06 1049.996 6.128479237132168
C06 1080.005 0.500570325785142
C06 1100.007 0.12082747219715731
C07 319.992 43.25379362212368
C07 330.006 45.936665381299306
C07 349.994 52.88726975849273
C07 370.001 65.0623666775051
C07 400.009 84.28296700498927
C07 429.983 88.38333280610179
C07 449.989 88.24890622519874
C07 469.993 87.86912800084512
C07 500.016 87.35868816083699
C07 549.99 88.29797545347424
C07 569.998 88.86948782595483
C07 599.983 90.53047618190415
C07 630.013 91.92593652184766
C07 649.987 92.84899719221305
C07 670.017 93.83196621142915
C07 699.987 94.93125188292812
C07 720.012 95.4099594652403
C07 749.995 97.01341725608478
C07 770.007 98.15545182903152
C07 800.008 98.7677411000234
C07 830.013 98.28802798894787
C07 869.994 94.91954166169258
C07 900.005 87.4291234100087
C07 919.989 79.32349807370157
C07 959.989 57.857419442099534
C07 1000.013 30.860596109545916
C07 1030.002 13.07937692782889
C07 1049.996 6.116472890572388
C07 1080.005 0.49707385871177573
C07 1100.007 0.11998349632337214
C10 319.992 43.62884302791301
C10 330.006 47.00499415589753
C10 349.994 55.057689300001606
C10 370.001 67.76144744795666
C10 400.009 85.3279875440576
C10 429.983 87.96899778377295
C10 449.989 87.468516924291
C10 469.993 87.01877324231097
C10 500.016 86.73023902804226
C10 549.99 88.12889442441733
C10 569.998 88.84684482128144
C10 599.983 90.64477232673417
C10 630.013 92.13070221817945
C10 649.987 93.09201636829549
C10 670.017 94.0970725838748
C10 699.987 95.16030319109379
C10 720.012 95.63501024082157
C10 749.995 97.17510334925916
C10 770.007 98.27868076310406
C10 800.008 98.78057341190649
C10 830.013 98.20125502719289
C10 869.994 94.83285752997554
C10 900.005 87.41491378240073
C10 919.989 79.15195744934401
C10 959.989 57.356696167654384
C10 1000.013 30.754257983118038
C10 1030.002 12.95088502524649
C10 1049.996 6.0440608121199455
C10 1080.005 0.4979022462009718
C10 1100.007 0.12018345217605342
C11 319.992 43.49524192989089
C11 330.006 46.76147041159644
C11 349.994 54.64534542275946
C11 370.001 67.27937013777027
C11 400.009 85.07919163992516
C11 429.983 87.93499307982808
C11 449.989 87.49021817094729
C11 469.993 87.03803528884858
C11 500.016 86.71183613800865
C11 549.99 88.0354297147679
C11 569.998 88.74708175044454
C11 599.983 90.5419497249426
C11 630.013 92.0247110165756
C11 649.987 92.97948983445507
C11 670.017 93.98150594237768
C11 699.987 95.04749607137623
C11 720.012 95.52577186172418
C11 749.995 97.08176664868499
C11 770.007 98.19429434548968
C11 800.008 98.71138986127508
C11 830.013 98.16038017850147
C11 869.994 94.76827490746318
C11 900.005 87.31818348954482
C11 919.989 79.15180838234444
C11 959.989 57.508446796747315
C11 1000.013 30.77319630588693
C11 1030.002 12.964507753270674
C11 1049.996 6.062894105615714
C11 1080.005 0.49742402478468084
C11 1100.007 0.12006801927501132
C12 319.992 43.39470759875261
C12 330.006 46.54749196764368
C12 349.994 54.2652848209411
C12 370.001 66.8226238599474
C12 400.009 84.9305180907472
C12 429.983 88.00839347736763
C12 449.989 87.6001020309794
C12 469.993 87.13821398863212
C12 500.016 86.77925455929088
C12 549.99 88.06253255101052
C12 569.998 88.77028246459265
C12 599.983 90.56657205254032
C12 630.013 92.05355554735355
C12 649.987 93.01624884977926
C12 670.017 94.02064431287116
C12 699.987 95.1054585608968
C12 720.012 95.58295914261946
C12 749.995 97.150817596527
C12 770.007 98.27036594312035
C12 800.008 98.80359212089773
C12 830.013 98.25604678865305
C12 869.994 94.87890171964071
C12 900.005 87.3854098783561
C12 919.989 79.212932950595
C12 959.989 57.622324753599194
C12 1000.013 30.82095287551762
C12 1030.002 12.976958633722885
C12 1049.996 6.057830483102692
C12 1080.005 0.49777783405868664
C12 1100.007 0.12015342162112717
C13 319.992 43.27994360908866
C13 330.006 46.324327330022996
C13 349.994 53.87738639044755
C13 370.001 66.36275019789493
C13 400.009 84.71320758000495
C13 429.983 88.01494123807589
C13 449.989 87.66600334433024
C13 469.993 87.22291152103926
C13 500.016 86.83179326572979
C13 549.99 88.04219058109238
C13 569.998 88.7255616008469
C13 599.983 90.49283164355091
C13 630.013 91.96181938569615
C13 649.987 92.91316718552973
C13 670.017 93.91444673092656
C13 699.987 95.0000526453355
C13 720.012 95.48441558549354
C13 749.995 97.06497410300356
C13 770.007 98.19116503147055
C13 800.008 98.73222737706655
C13 830.013 98.18994332456052
C13 869.994 94.81238847625683
C13 900.005 87.27840817947825
C13 919.989 79.0339744684019
C13 959.989 57.47328233794026
C13 1000.013 30.746098320894387
C13 1030.002 12.91371733457988
C13 1049.996 6.024545214190501
C13 1080.005 0.4973380030954406
C13 1100.007 0.12004725539283605
C14 319.992 43.121948810736825
C14 330.006 46.049996089398455
C14 349.994 53.42740143847829
C14 370.001 65.82250042145257
C14 400.009 84.34244688989092
C14 429.983 87.8524112667176
C14 449.989 87.58671004882966
C14 469.993 87.17665779276763
C14 500.016 86.767243400448
C14 549.99 87.87653822409025
C14 569.998 88.51690389604045
C14 599.983 90.22810625566535
C14 630.013 91.66011495838343
C14 649.987 92.59449222046092
C14 670.017 93.58686505444807
C14 699.987 94.66171294440318
C14 720.012 95.14960762448223
C14 749.995 96.7262348715179
C14 770.007 97.85551796160499
C14 800.008 98.40284471737566
C14 830.013 97.87850841972322
C14 869.994 94.56623804220747
C14 900.005 87.07774086664972
C14 919.989 78.84765491580166
C14 959.989 57.36742625436275
C14 1000.013 30.695311990233645
C14 1030.002 12.889842419906454
C14 1049.996 6.012706028964806
C14 1080.005 0.49560238879013524
C14 1100.007 0.11962831348114693
C15 319.992 43.171050100922564
C15 330.006 46.00408418746327
C15 349.994 53.23989406053072
C15 370.001 65.59488768144983
C15 400.009 84.3541380473606
C15 429.983 88.09233576964749
C15 449.989 87.90000412392882
C15 469.993 87.5187251709356
C15 500.016 87.09039726680571
C15 549.99 88.1277886405728
C15 569.998 88.73479726974817
C15 599.983 90.41055122556403
C15 630.013 91.82017571974242
C15 649.987 92.74039608918841
C15 670.017 93.72842207833156
C15 699.987 94.79822321845465
C15 720.012 95.28552747211552
C15 749.995 96.86586675469735
C15 770.007 97.99927879773114
C15 800.008 98.5569748746491
C15 830.013 98.03881119170661
C15 869.994 94.73704953746036
C15 900.005 87.24670585968691
C15 919.989 79.02365335328909
C15 959.989 57.47080383903861
C15 1000.013 30.747077356823567
C15 1030.002 12.89244800522747
C15 1049.996 6.011824691969926
C15 1080.005 0.49631783188580164
C15 1100.007 0.1198010068596741
C16 319.992 43.18853823167365
C16 330.006 45.927559266530096
C16 349.994 53.017572685363255
C16 370.001 65.30843176435884
C16 400.009 84.29811168851457
C16 429.983 88.23337453530335
C16 449.989 88.09815760534207
C16 469.993 87.71811910322607
C16 500.016 87.26929954270007
C16 549.99 88.23313496052465
C16 569.998 88.82058785921188
C16 599.983 90.47852880372169
C16 630.013 91.87343516513147
C16 649.987 92.79305794092943
C16 670.017 93.77840530296102
C16 699.987 94.84760417136077
C16 720.012 95.33618520473854
C16 749.995 96.92587958128593
C16 770.007 98.06604500115623
C16 800.008 98.62687799417115
C16 830.013 98.13316022431796
C16 869.994 94.8529911476355
C16 900.005 87.38827073063578
C16 919.989 79.21226569831123
C16 959.989 57.66272428569607
C16 1000.013 30.82392704460217
C16 1030.002 12.904762761971826
C16 1049.996 6.02991519074381
C16 1080.005 0.4966253309264021
C16 1100.007 0.11987523085950974
C17 319.992 43.19205454172424
C17 330.006 45.81777490966016
C17 349.994 52.72048388381874
C17 370.001 64.87905204828583
C17 400.009 84.10047581105887
C17 429.983 88.30788805216332
C17 449.989 88.27124553056059
C17 469.993 87.92737397711271
C17 500.016 87.46200766375554
C17 549.99 88.29965268266122
C17 569.998 88.83864277393998
C17 599.983 90.43655097396783
C17 630.013 91.78742182972992
C17 649.987 92.68917927270024
C17 670.017 93.66329332545172
C17 699.987 94.70880746713864
C17 720.012 95.20354124851994
C17 749.995 96.79415885296085
C17 770.007 97.94530751133873
C17 800.008 98.51773588358134
C17 830.013 98.06905558524385
C17 869.994 94.80212413285892
C17 900.005 87.33586544930905
C17 919.989 79.29938471191466
C17 959.989 57.975136049689326
C17 1000.013 30.904455066108383
C17 1030.002 12.982233427402283
C17 1049.996 6.092247505794287
C17 1080.005 0.4959504348322141
C17 1100.007 0.11971232470056284
