lsstCam/transmission_sensor/r03_s22/19700101T000000.ecsv
# %ECSV 1.0
# ---
# datatype:
# - {name: amp_name, datatype: string}
# - {name: wavelength, unit: nm, datatype: float32}
# - {name: efficiency, unit: '%', datatype: float64}
# meta: !!omap
# - {MODE: AMP}
# - {TYPE: transmission_sensor}
# - {CALIBDATE: '1970-01-01T00:00:00'}
# - {INSTRUME: LSSTCam}
# - {OBSTYPE: transmission_sensor}
# - {DETECTOR: 26}
# - {PARQUETFILE: qe_raft_allvalues_nircorrected_20230725_adjust.parquet}
# - {CORRFILE: qe_corr_factor_bydetnum.parquet}
# - {CALIBCLS: lsst.ip.isr.IntermediateSensorTransmissionCurve}
# - {CALIB_ID: 'raftName=R03 detectorName=S22 detector=26 calibDate=1970-01-01T00:00:00 ccd=26 ccdnum=26 filter=None'}
# - {DATE: '2025-03-03T21:56:47.518349'}
# - {CALIB_CREATION_DATE: '2025-03-03'}
# - {CALIB_CREATION_TIME: '21:56:47'}
# - __serialized_columns__:
#     efficiency:
#       __class__: astropy.units.quantity.Quantity
#       unit: !astropy.units.Unit {unit: '%'}
#       value: !astropy.table.SerializedColumn {name: efficiency}
#     wavelength:
#       __class__: astropy.units.quantity.Quantity
#       unit: !astropy.units.Unit {unit: nm}
#       value: !astropy.table.SerializedColumn {name: wavelength}
# schema: astropy-2.0
amp_name wavelength efficiency
C00 319.992 44.77479273013847
C00 330.006 47.34670181170513
C00 349.994 54.27582701497682
C00 370.001 66.78003482108382
C00 400.009 87.5879793546942
C00 429.983 92.67466543381504
C00 449.989 92.38562455252422
C00 469.993 91.30797471941437
C00 500.016 90.27692641389426
C00 549.99 90.98660197757049
C00 569.998 91.55003253121612
C00 599.983 93.31560240889979
C00 630.013 95.03699736547378
C00 649.987 95.82671278880099
C00 670.017 96.79274635466754
C00 699.987 98.32408002948667
C00 720.012 98.94446715787107
C00 749.995 99.84507391883272
C00 770.007 100.40171302666948
C00 800.008 101.05980412555016
C00 830.013 100.53165856675876
C00 869.994 97.49455452437864
C00 900.005 91.95957960600568
C00 919.989 84.98421533994868
C00 959.989 72.21777760181996
C00 1000.013 38.02703728415388
C00 1030.002 16.816453491842143
C00 1049.996 8.99651761587526
C00 1080.005 0.6921780648009346
C00 1100.007 0.0941577861387505
C01 319.992 44.62229424837712
C01 330.006 47.080671722365636
C01 349.994 53.84310508521921
C01 370.001 66.2766437007239
C01 400.009 87.31317761708806
C01 429.983 92.62847597147666
C01 449.989 92.40602178246482
C01 469.993 91.33228656924258
C01 500.016 90.25623158127213
C01 549.99 90.88385274406869
C01 569.998 91.43082358017527
C01 599.983 93.18557292959267
C01 630.013 94.90055035141916
C01 649.987 95.68941875172975
C01 670.017 96.65266706173085
C01 699.987 98.19185286883913
C01 720.012 98.81816915833983
C01 749.995 99.72670435997051
C01 770.007 100.29688820523509
C01 800.008 100.9757275526038
C01 830.013 100.47883027537124
C01 869.994 97.38515120015174
C01 900.005 91.90557616556808
C01 919.989 85.12524085679581
C01 959.989 72.2301548210357
C01 1000.013 38.04253170068751
C01 1030.002 16.800672918883976
C01 1049.996 9.039740589946003
C01 1080.005 0.6913574838595843
C01 1100.007 0.09404616156017127
C02 319.992 44.491223159684694
C02 330.006 46.82660678699055
C02 349.994 53.42073057177265
C02 370.001 65.76888774103512
C02 400.009 87.05782688551209
C02 429.983 92.61332112723346
C02 449.989 92.46140640457816
C02 469.993 91.39878169146573
C02 500.016 90.29279092607028
C02 549.99 90.83715201558513
C02 569.998 91.36705266711367
C02 599.983 93.09271326212267
C02 630.013 94.79203983523679
C02 649.987 95.57052266504638
C02 670.017 96.53557948365054
C02 699.987 98.07835178461295
C02 720.012 98.7077433018226
C02 749.995 99.62324545853588
C02 770.007 100.20846205463585
C02 800.008 100.89494750166804
C02 830.013 100.42514733012912
C02 869.994 97.31043003457806
C02 900.005 91.8515650942925
C02 919.989 85.2027625399109
C02 959.989 72.41187559687022
C02 1000.013 38.06596600414715
C02 1030.002 16.8239317130699
C02 1049.996 9.015778804810479
C02 1080.005 0.6906402720426104
C02 1100.007 0.09394859840364703
C03 319.992 44.38460509132323
C03 330.006 46.61124546188811
C03 349.994 53.05227555954583
C03 370.001 65.323033139101
C03 400.009 86.83580002342755
C03 429.983 92.6102993153904
C03 449.989 92.52314751473509
C03 469.993 91.46168268899675
C03 500.016 90.32953341098013
C03 549.99 90.7829349116839
C03 569.998 91.28892051695958
C03 599.983 92.99363446169288
C03 630.013 94.6771957235248
C03 649.987 95.45392346059725
C03 670.017 96.42217760031818
C03 699.987 97.95467116251142
C03 720.012 98.60030873379647
C03 749.995 99.52930221207167
C03 770.007 100.12604900437076
C03 800.008 100.81622777698891
C03 830.013 100.35927793662096
C03 869.994 97.23139744554145
C03 900.005 91.7252976181132
C03 919.989 85.12060130729941
C03 959.989 72.38061968447339
C03 1000.013 37.9881161949986
C03 1030.002 16.733870655431836
C03 1049.996 8.959599621691698
C03 1080.005 0.6899890275069455
C03 1100.007 0.09386000885302209
C04 319.992 44.36398275166199
C04 330.006 46.49212045006512
C04 349.994 52.80112941970097
C04 370.001 65.02449949535371
C04 400.009 86.77224277382959
C04 429.983 92.74580773637258
C04 449.989 92.71307907224416
C04 469.993 91.6542545164495
C04 500.016 90.50073889206786
C04 549.99 90.8974661590384
C04 569.998 91.38891501794788
C04 599.983 93.0694239445848
C04 630.013 94.73842556753657
C04 649.987 95.50366126259983
C04 670.017 96.46623042802007
C04 699.987 98.00153976943069
C04 720.012 98.6487340316652
C04 749.995 99.59137144826205
C04 770.007 100.1948104854762
C04 800.008 100.89678653362303
C04 830.013 100.45928006844724
C04 869.994 97.3595802620556
C04 900.005 91.83722674971396
C04 919.989 85.23525464806173
C04 959.989 72.54752900377414
C04 1000.013 38.01209610337434
C04 1030.002 16.764601947717026
C04 1049.996 8.924044685943652
C04 1080.005 0.6904193366422074
C04 1100.007 0.09391854430450769
C05 319.992 44.15073135326309
C05 330.006 46.16857291939479
C05 349.994 52.295990837441906
C05 370.001 64.39515376317199
C05 400.009 86.28809662687416
C05 429.983 92.44987620837904
C05 449.989 92.46231447429867
C05 469.993 91.41047976610058
C05 500.016 90.23441501546586
C05 549.99 90.59098881294612
C05 569.998 91.06912185956739
C05 599.983 92.74064165905503
C05 630.013 94.39970030010907
C05 649.987 95.16374558444629
C05 670.017 96.12223225154321
C05 699.987 97.65519892569166
C05 720.012 98.30123330055207
C05 749.995 99.24348154441157
C05 770.007 99.84917930967
C05 800.008 100.55889302753617
C05 830.013 100.13412243096154
C05 869.994 97.08631232288496
C05 900.005 91.60554687757524
C05 919.989 85.02805450418691
C05 959.989 72.4299683137386
C05 1000.013 37.92450934495373
C05 1030.002 16.787309413858353
C05 1049.996 8.893715920362302
C05 1080.005 0.6880075880499743
C05 1100.007 0.09359047134219381
C06 319.992 44.417547418915305
C06 330.006 46.3491338078552
C06 349.994 52.36896072569745
C06 370.001 64.46586110796423
C06 400.009 86.71651476400683
C06 429.983 93.11525475753777
C06 449.989 93.17146351015376
C06 469.993 92.10995289938751
C06 500.016 90.9005871717753
C06 549.99 91.20494314490705
C06 569.998 91.67150021030128
C06 599.983 93.34144805716349
C06 630.013 95.00532175698764
C06 649.987 95.76938993383882
C06 670.017 96.73060081009727
C06 699.987 98.27656280133846
C06 720.012 98.93295985418591
C06 749.995 99.88820341513812
C06 770.007 100.50015846754633
C06 800.008 101.23618331479342
C06 830.013 100.82593420290901
C06 869.994 97.80440470086141
C06 900.005 92.31353602605623
C06 919.989 85.74251460328131
C06 959.989 73.13566057998534
C06 1000.013 38.2843796644446
C06 1030.002 16.947522672825077
C06 1049.996 8.987362517999747
C06 1080.005 0.6924771421822646
C06 1100.007 0.09419846998231945
C07 319.992 44.16405098097029
C07 330.006 45.962422015743265
C07 349.994 51.74801273072097
C07 370.001 63.659792798829805
C07 400.009 86.03819431362126
C07 429.983 92.70268587090517
C07 449.989 92.87602035579141
C07 469.993 91.86403388356409
C07 500.016 90.63159250187765
C07 549.99 90.790207100286
C07 569.998 91.19649580725488
C07 599.983 92.7837940478744
C07 630.013 94.3822790969836
C07 649.987 95.12019639205158
C07 670.017 96.06436760708394
C07 699.987 97.58301119832984
C07 720.012 98.2332959499493
C07 749.995 99.19048537458832
C07 770.007 99.80988812487233
C07 800.008 100.55095695602917
C07 830.013 100.18653102625974
C07 869.994 97.16964870454653
C07 900.005 91.64852375712088
C07 919.989 85.27306545028982
C07 959.989 73.03422385061741
C07 1000.013 38.12476542625989
C07 1030.002 16.863718902336768
C07 1049.996 8.969755313198322
C07 1080.005 0.6876402123804403
C07 1100.007 0.09354049680315014
C10 319.992 44.546993139116395
C10 330.006 47.03134980103338
C10 349.994 53.871678758063425
C10 370.001 66.30068847122253
C10 400.009 87.10497783343689
C10 429.983 92.26810201667861
C10 449.989 92.05471326319594
C10 469.993 90.97501836550545
C10 500.016 89.97959844254899
C10 549.99 90.61635371841659
C10 569.998 91.17325990558291
C10 599.983 92.90093504182063
C10 630.013 94.59251631437742
C10 649.987 95.36916011223202
C10 670.017 96.33578125262362
C10 699.987 97.8184607044344
C10 720.012 98.46500634543997
C10 749.995 99.3557998487497
C10 770.007 99.9351941154652
C10 800.008 100.56402095066377
C10 830.013 100.09808198314654
C10 869.994 97.0809096895898
C10 900.005 91.63362836136928
C10 919.989 85.08865861948371
C10 959.989 72.40215390927413
C10 1000.013 37.99339673488595
C10 1030.002 16.698049594208975
C10 1049.996 8.863563617909413
C10 1080.005 0.6887861840283567
C10 1100.007 0.09369638465749383
C11 319.992 44.41058046383271
C11 330.006 46.787689513254264
C11 349.994 53.468217276568915
C11 370.001 65.8290034827007
C11 400.009 86.85100065269866
C11 429.983 92.23243547992499
C11 449.989 92.07755236129255
C11 469.993 90.99515614695449
C11 500.016 89.96050608590426
C11 549.99 90.52025094480192
C11 569.998 91.07088458314252
C11 599.983 92.79555316921314
C11 630.013 94.48369293383757
C11 649.987 95.25388104275474
C11 670.017 96.2174651096273
C11 699.987 97.70250249037622
C11 720.012 98.3525354243421
C11 749.995 99.26036858887792
C11 770.007 99.84938534229568
C11 800.008 100.49358831603908
C11 830.013 100.05641760773474
C11 869.994 97.01479610926603
C11 900.005 91.53222978619127
C11 919.989 85.08849837188596
C11 959.989 72.59371083527455
C11 1000.013 38.01679288415565
C11 1030.002 16.715613875546723
C11 1049.996 8.89118248215045
C11 1080.005 0.6881246238386589
C11 1100.007 0.09360639185646888
C12 319.992 44.307930431224754
C12 330.006 46.57359109183875
C12 349.994 53.096343648923686
C12 370.001 65.3821034559623
C12 400.009 86.69923091596512
C12 429.983 92.30942300438096
C12 449.989 92.19319771099323
C12 469.993 91.09988939833302
C12 500.016 90.03045034689775
C12 549.99 90.5481187651323
C12 569.998 91.09469279766353
C12 599.983 92.82078835043782
C12 630.013 94.51330821606709
C12 649.987 95.29153922822309
C12 670.017 96.2575346398997
C12 699.987 97.76208407338268
C12 720.012 98.4114149702537
C12 749.995 99.33096910193835
C12 770.007 99.92673914697504
C12 800.008 100.58745525412341
C12 830.013 100.15393208637711
C12 869.994 97.12804537583864
C12 900.005 91.6027005750059
C12 919.989 85.1542075177964
C12 959.989 72.73746056128321
C12 1000.013 38.07579070805607
C12 1030.002 16.731667250962943
C12 1049.996 8.883756722933855
C12 1080.005 0.68861407521506
C12 1100.007 0.09367297249571198
C13 319.992 44.19075128308858
C13 330.006 46.35030132606729
C13 349.994 52.71680102910102
C13 370.001 64.93214346319091
C13 400.009 86.47739482483027
C13 429.983 92.31629075856972
C13 449.989 92.26255439746168
C13 469.993 91.18843764234006
C13 500.016 90.08495742264252
C13 549.99 90.52720263820854
C13 569.998 91.04880093800666
C13 599.983 92.74521253100956
C13 630.013 94.41912078278729
C13 649.987 95.18593606131397
C13 670.017 96.1488104602537
C13 699.987 97.65373380479807
C13 720.012 98.3099553483718
C13 749.995 99.24319920340604
C13 770.007 99.84620328285489
C13 800.008 100.51480204564436
C13 830.013 100.08655178694742
C13 869.994 97.0599554084761
C13 900.005 91.49053488742751
C13 919.989 84.96182646129334
C13 959.989 72.54932225070121
C13 1000.013 37.98331639790445
C13 1030.002 16.650127931647425
C13 1049.996 8.834944160037264
C13 1080.005 0.6880056234695552
C13 1100.007 0.09359020409803748
C14 319.992 44.029431552613666
C14 330.006 46.07581626823764
C14 349.994 52.2765093080598
C14 370.001 64.40354005412026
C14 400.009 86.09891289148787
C14 429.983 92.14581783792879
C14 449.989 92.1791035532303
C14 469.993 91.14008102201323
C14 500.016 90.01798918846416
C14 549.99 90.35687470348938
C14 569.998 90.83467962407718
C14 599.983 92.4738980863637
C14 630.013 94.10935454552238
C14 649.987 94.85946591969441
C14 670.017 95.81343513070271
C14 699.987 97.30594310184141
C14 720.012 97.9652398731241
C14 749.995 98.89685835966701
C14 770.007 99.50489879218762
C14 800.008 100.17947250112131
C14 830.013 99.7691012958291
C14 869.994 96.80796987645262
C14 900.005 91.28018320746388
C14 919.989 84.76153222579723
C14 959.989 72.41569864670195
C14 1000.013 37.92057564797116
C14 1030.002 16.61934513120582
C14 1049.996 8.817582095906188
C14 1080.005 0.685604615714684
C14 1100.007 0.09326359222430575
C15 319.992 44.0795661581916
C15 330.006 46.02987862355284
C15 349.994 52.093041070326144
C15 370.001 64.18083404745484
C15 400.009 86.11084752210033
C15 429.983 92.39746761308082
C15 449.989 92.50882443183254
C15 469.993 91.49770024429779
C15 500.016 90.35325005544532
C15 549.99 90.61521672355646
C15 569.998 91.05827843878714
C15 599.983 92.6608841404096
C15 630.013 94.27369227242136
C15 649.987 95.00893877419372
C15 670.017 95.95836000576148
C15 699.987 97.44626658159369
C15 720.012 98.10518181097702
C15 749.995 99.03962370757529
C15 770.007 99.65108275551431
C15 800.008 100.33638542265842
C15 830.013 99.9325004296556
C15 869.994 96.98283052893636
C15 900.005 91.45730258799192
C15 919.989 84.9507312228595
C15 959.989 72.54619360712633
C15 1000.013 37.984525885725475
C15 1030.002 16.62270460762982
C15 1049.996 8.816289622722053
C15 1080.005 0.6865943427615361
C15 1100.007 0.09339822594408426
C16 319.992 44.09742231908236
C16 330.006 45.953310795186184
C16 349.994 51.87550877181626
C16 370.001 63.90055336817367
C16 400.009 86.05365439138396
C16 429.983 92.54539903830666
C16 449.989 92.71736760319314
C16 469.993 91.70615947644053
C16 500.016 90.53885492781546
C16 549.99 90.72353646878913
C16 569.998 91.14631541664902
C16 599.983 92.73055369123554
C16 630.013 94.32837485743984
C16 649.987 95.0628887987654
C16 670.017 96.0095324053057
C16 699.987 97.4970269158866
C16 720.012 98.15733858862164
C16 749.995 99.10098327583285
C16 770.007 99.71897432108916
C16 800.008 100.40755061772992
C16 830.013 100.02867188081217
C16 869.994 97.10152058299406
C16 900.005 91.60569949433498
C16 919.989 85.15349021902557
C16 959.989 72.78845745155374
C16 1000.013 38.079464956547056
C16 1030.002 16.638582473772328
C16 1049.996 8.842819184840373
C16 1080.005 0.6870197296570233
C16 1100.007 0.09345609181757597
C17 319.992 44.101012628355484
C17 330.006 45.843464882356
C17 349.994 51.584819629520126
C17 370.001 63.48042995193343
C17 400.009 85.85190266583224
C17 429.983 92.62355408097471
C17 449.989 92.89953096763092
C17 469.993 91.9249279707044
C17 500.016 90.73878288308818
C17 549.99 90.79193166967117
C17 569.998 91.16484309128269
C17 599.983 92.68753102666197
C17 630.013 94.2400631694104
C17 649.987 94.95646913219161
C17 670.017 95.89168174342663
C17 699.987 97.35435313803416
C17 720.012 98.0207694811592
C17 749.995 98.96630661619132
C17 770.007 99.59620176870814
C17 800.008 100.29643798579383
C17 830.013 99.96332901512514
C17 869.994 97.0494477445673
C17 900.005 91.55076509166292
C17 919.989 85.24714349364626
C17 959.989 73.18281915874815
C17 1000.013 38.1789481913902
C17 1030.002 16.73846823531931
C17 1049.996 8.93422899309273
C17 1080.005 0.6860860943724303
C17 1100.007 0.09332908832536971
