lsstCam/transmission_sensor/r14_s00/19700101T000000.ecsv
# %ECSV 1.0
# ---
# datatype:
# - {name: amp_name, datatype: string}
# - {name: wavelength, unit: nm, datatype: float32}
# - {name: efficiency, unit: '%', datatype: float64}
# meta: !!omap
# - {MODE: AMP}
# - {TYPE: transmission_sensor}
# - {CALIBDATE: '1970-01-01T00:00:00'}
# - {INSTRUME: LSSTCam}
# - {OBSTYPE: transmission_sensor}
# - {DETECTOR: 63}
# - {PARQUETFILE: qe_raft_allvalues_nircorrected_20230725_adjust.parquet}
# - {CORRFILE: qe_corr_factor_bydetnum.parquet}
# - {CALIBCLS: lsst.ip.isr.IntermediateSensorTransmissionCurve}
# - {CALIB_ID: 'raftName=R14 detectorName=S00 detector=63 calibDate=1970-01-01T00:00:00 ccd=63 ccdnum=63 filter=None'}
# - {DATE: '2025-03-03T21:56:47.727941'}
# - {CALIB_CREATION_DATE: '2025-03-03'}
# - {CALIB_CREATION_TIME: '21:56:47'}
# - __serialized_columns__:
#     efficiency:
#       __class__: astropy.units.quantity.Quantity
#       unit: !astropy.units.Unit {unit: '%'}
#       value: !astropy.table.SerializedColumn {name: efficiency}
#     wavelength:
#       __class__: astropy.units.quantity.Quantity
#       unit: !astropy.units.Unit {unit: nm}
#       value: !astropy.table.SerializedColumn {name: wavelength}
# schema: astropy-2.0
amp_name wavelength efficiency
C00 319.994 42.791219220809026
C00 324.969 48.316204680042084
C00 349.982 70.45315055300586
C00 374.975 74.796261475679
C00 400.019 82.56034902082843
C00 424.965 85.18526612646727
C00 450.035 87.69248383209592
C00 475.003 89.79954348262295
C00 500.018 92.14666428093972
C00 525.002 94.49506358841492
C00 550.029 95.1820976625865
C00 575.023 97.05042826468649
C00 599.982 97.72882666023106
C00 619.997 98.0664679142085
C00 624.979 98.90127314871549
C00 650.012 98.97799135396474
C00 675.004 98.33653192063228
C00 700.03 98.0812128761195
C00 725.012 97.49629876400957
C00 750.022 97.88113767644042
C00 774.987 98.3953127189462
C00 799.976 97.08188571457863
C00 824.988 95.47655286768547
C00 850.022 93.42191974839753
C00 869.967 90.51407698731597
C00 875.002 89.08608178201486
C00 899.999 82.82637845044687
C00 919.999 73.5362332819704
C00 925.012 70.69292843828744
C00 949.965 57.98455505923814
C00 975.002 42.97715809018247
C00 999.976 26.47787299481391
C00 1025.028 11.481199808414955
C00 1050.014 4.154398281746026
C00 1075.002 0.9325050986463392
C00 1099.99 0.09252229921286106
C01 319.994 43.07990582320814
C01 324.969 48.64571553446112
C01 349.982 71.01897124091744
C01 374.975 75.3458826104215
C01 400.019 82.85408458604182
C01 424.965 85.34248447423681
C01 450.035 87.77475245135632
C01 475.003 89.83652837929586
C01 500.018 92.155453074436
C01 525.002 94.48565467969809
C01 550.029 95.15863280887041
C01 575.023 97.0232963098513
C01 599.982 97.69524091365602
C01 619.997 98.03078449392441
C01 624.979 98.86728930348033
C01 650.012 98.94217013029831
C01 675.004 98.30517399540516
C01 700.03 98.0689330636038
C01 725.012 97.55008036184172
C01 750.022 98.01333705457075
C01 774.987 98.60939792916376
C01 799.976 97.31619739902716
C01 824.988 95.69309557155486
C01 850.022 93.62174230854231
C01 869.967 90.57030076731303
C01 875.002 89.14231321775537
C01 899.999 82.83691275345285
C01 919.999 73.58035333155142
C01 925.012 70.76388952445203
C01 949.965 57.82987459042678
C01 975.002 43.02782762829665
C01 999.976 26.325873950150704
C01 1025.028 11.415340318300958
C01 1050.014 4.087388994660581
C01 1075.002 0.9337638754290127
C01 1099.99 0.09264719388882348
C02 319.994 43.27600386415785
C02 324.969 48.8726241149803
C02 349.982 71.44717228432641
C02 374.975 75.7689160269925
C02 400.019 83.0537157526
C02 424.965 85.41705907131625
C02 450.035 87.77756976495094
C02 475.003 89.79444475747617
C02 500.018 92.08880982758491
C02 525.002 94.39902228666341
C02 550.029 95.06455903318906
C02 575.023 96.92248547992193
C02 599.982 97.59386355871034
C02 619.997 97.93010381163393
C02 624.979 98.76770339250515
C02 650.012 98.84146648077744
C02 675.004 98.21119974438884
C02 700.03 97.98918318394293
C02 725.012 97.49436186091326
C02 750.022 97.98974970895924
C02 774.987 98.62149400383633
C02 799.976 97.33941726895242
C02 824.988 95.69762777168535
C02 850.022 93.64407411222578
C02 869.967 90.53817726773954
C02 875.002 89.0784260385512
C02 899.999 82.67487894304466
C02 919.999 73.54894181612006
C02 925.012 70.70294980648136
C02 949.965 57.78154005406902
C02 975.002 43.05740559316847
C02 999.976 26.27464937063541
C02 1025.028 11.347515216052667
C02 1050.014 4.072023917529032
C02 1075.002 0.9335388750466406
C02 1099.99 0.09262486955758811
C03 319.994 43.619804163751795
C03 324.969 49.259981767010686
C03 349.982 72.08364017292057
C03 374.975 76.42676640708063
C03 400.019 83.55290084940395
C03 424.965 85.81881717680177
C03 450.035 88.13079811262038
C03 475.003 90.11875736208339
C03 500.018 92.39538407458684
C03 525.002 94.70166148152502
C03 550.029 95.35919797613116
C03 575.023 97.2168564718428
C03 599.982 97.88916855133378
C03 619.997 98.22617437860374
C03 624.979 99.06664486327382
C03 650.012 99.14301090432376
C03 675.004 98.51020246110522
C03 700.03 98.28589683336368
C03 725.012 97.79442107022763
C03 750.022 98.29663784144319
C03 774.987 98.93902361973475
C03 799.976 97.650592617776
C03 824.988 95.99587256979883
C03 850.022 93.94034372852563
C03 869.967 90.79941420194974
C03 875.002 89.34121708868452
C03 899.999 82.88100983580348
C03 919.999 73.77236703336328
C03 925.012 70.94426649619912
C03 949.965 57.8614966388034
C03 975.002 43.21945854293532
C03 999.976 26.37398838388389
C03 1025.028 11.409854021141317
C03 1050.014 4.082757748349038
C03 1075.002 0.9364625128091209
C03 1099.99 0.09291495021049058
C04 319.994 43.87456051112001
C04 324.969 49.55545518599033
C04 349.982 72.57224503225775
C04 374.975 76.88679237606802
C04 400.019 83.821648067952
C04 424.965 85.98233620144191
C04 450.035 88.23892783330099
C04 475.003 90.19330133618897
C04 500.018 92.4508269687506
C04 525.002 94.7426732992598
C04 550.029 95.3937100676653
C04 575.023 97.24943166028065
C04 599.982 97.91939342652829
C04 619.997 98.25557243350416
C04 624.979 99.09731377158921
C04 650.012 99.16935431758218
C04 675.004 98.53482333208433
C04 700.03 98.30998180230033
C04 725.012 97.81027611494085
C04 750.022 98.30163704192495
C04 774.987 98.92952284209636
C04 799.976 97.63996644584846
C04 824.988 95.98546075868826
C04 850.022 93.91576113626385
C04 869.967 90.78481469916456
C04 875.002 89.32683960245977
C04 899.999 82.80930614252291
C04 919.999 73.73968466451694
C04 925.012 70.90761845223862
C04 949.965 57.8692901856494
C04 975.002 43.16261847558944
C04 999.976 26.353277683878844
C04 1025.028 11.404340928879556
C04 1050.014 4.084458280365902
C04 1075.002 0.9365102440584313
C04 1099.99 0.09291968606119737
C05 319.994 44.17097941441741
C05 324.969 49.89288973489425
C05 349.982 73.14277400239948
C05 374.975 77.4322258191359
C05 400.019 84.16631729442906
C05 424.965 86.21903647785109
C05 450.035 88.4163573438146
C05 475.003 90.33493259026652
C05 500.018 92.57375524154646
C05 525.002 94.85379641563472
C05 550.029 95.50125795184267
C05 575.023 97.35639770795478
C05 599.982 98.02547140796064
C05 619.997 98.36152792304111
C05 624.979 99.20329222835655
C05 650.012 99.27947453156335
C05 675.004 98.64509666093477
C05 700.03 98.41077732074278
C05 725.012 97.89756690191341
C05 750.022 98.37050811012396
C05 774.987 98.98380971899711
C05 799.976 97.68211131361586
C05 824.988 96.0225451800262
C05 850.022 93.9414461555844
C05 869.967 90.80954275055215
C05 875.002 89.35295334341428
C05 899.999 82.76529327335038
C05 919.999 73.68536716464234
C05 925.012 70.87080963766539
C05 949.965 57.89392636811543
C05 975.002 43.20345803909629
C05 999.976 26.33184160218062
C05 1025.028 11.374814640276117
C05 1050.014 4.064824169285433
C05 1075.002 0.937166519961307
C05 1099.99 0.0929848011533724
C06 319.994 44.38259947523967
C06 324.969 50.1358524094567
C06 349.982 73.58834592772747
C06 374.975 77.87709341606524
C06 400.019 84.4285111965722
C06 424.965 86.38540343905971
C06 450.035 88.53134661063864
C06 475.003 90.42161857350546
C06 500.018 92.64316221178794
C06 525.002 94.91584621640762
C06 550.029 95.55439646722388
C06 575.023 97.40779836956975
C06 599.982 98.07775248007393
C06 619.997 98.41795840811167
C06 624.979 99.26011315634378
C06 650.012 99.33533083587415
C06 675.004 98.70114435883217
C06 700.03 98.46360195064197
C06 725.012 97.93883901492596
C06 750.022 98.39555770273704
C06 774.987 98.98664999982213
C06 799.976 97.68001363990682
C06 824.988 96.00437044504349
C06 850.022 93.88935647705772
C06 869.967 90.74858006535109
C06 875.002 89.29145475617078
C06 899.999 82.68059012766854
C06 919.999 73.57362393304687
C06 925.012 70.74940485781879
C06 949.965 57.76088103033236
C06 975.002 43.09819539434281
C06 999.976 26.253161612668805
C06 1025.028 11.354127864469396
C06 1050.014 4.065274901181856
C06 1075.002 0.9374053234584215
C06 1099.99 0.09300849501697186
C07 319.994 44.49602314252541
C07 324.969 50.26872549301184
C07 349.982 73.78758665136903
C07 374.975 77.9997460820964
C07 400.019 84.41095657681005
C07 424.965 86.30321903297741
C07 450.035 88.41651045868386
C07 475.003 90.28853112913333
C07 500.018 92.4968915771714
C07 525.002 94.76093990316409
C07 550.029 95.39385552679111
C07 575.023 97.24143140836114
C07 599.982 97.90943330428208
C07 619.997 98.24613290181348
C07 624.979 99.08383200734973
C07 650.012 99.16083347510714
C07 675.004 98.5221301094216
C07 700.03 98.27722287601937
C07 725.012 97.73605368206074
C07 750.022 98.1776522765311
C07 774.987 98.74674196690167
C07 799.976 97.42646307213413
C07 824.988 95.74032385298213
C07 850.022 93.61518899213742
C07 869.967 90.4620255875066
C07 875.002 89.0276225249264
C07 899.999 82.37916819601764
C07 919.999 73.24046128899568
C07 925.012 70.4161120661287
C07 949.965 57.42790212412429
C07 975.002 42.88197040382716
C07 999.976 26.09738637254215
C07 1025.028 11.345367780011113
C07 1050.014 4.058578996554959
C07 1075.002 0.935329499903474
C07 1099.99 0.09280253371086988
C10 319.994 41.83468000948651
C10 324.969 47.22428512918008
C10 349.982 68.65197613256903
C10 374.975 73.24549876819476
C10 400.019 82.11142387986335
C10 424.965 85.30755897255564
C10 450.035 88.12896838993257
C10 475.003 90.43233661435457
C10 500.018 92.91407600573618
C10 525.002 95.35677110545318
C10 550.029 96.10084046842897
C10 575.023 98.01435526845142
C10 599.982 98.71147195676463
C10 619.997 99.06564961662355
C10 624.979 99.91052215378524
C10 650.012 99.98763080195114
C10 675.004 99.33752803424822
C10 700.03 99.00690709702695
C10 725.012 98.2337229416589
C10 750.022 98.396828556152
C10 774.987 98.7105073330882
C10 799.976 97.31948171297306
C10 824.988 95.7463336116011
C10 850.022 93.69821553000072
C10 869.967 90.87906455694558
C10 875.002 89.51617379405934
C10 899.999 83.24505574898706
C10 919.999 74.18916867475488
C10 925.012 71.2741677935348
C10 949.965 58.07219801041003
C10 975.002 43.25811621955503
C10 999.976 26.843570634649765
C10 1025.028 12.539547010252976
C10 1050.014 4.744291019527159
C10 1075.002 0.9374199517628214
C10 1099.99 0.09300994642389566
C11 319.994 41.9538225171396
C11 324.969 47.36260144633788
C11 349.982 68.90922442443465
C11 374.975 73.39784806312143
C11 400.019 81.83914736357858
C11 424.965 84.81453674923992
C11 450.035 87.51464856717875
C11 475.003 89.73098629990595
C11 500.018 92.1558741403265
C11 525.002 94.55001651499701
C11 550.029 95.27041431918319
C11 575.023 97.15814457522006
C11 599.982 97.84514037067433
C11 619.997 98.19049095831966
C11 624.979 99.02976714700941
C11 650.012 99.1061638110332
C11 675.004 98.46057793197383
C11 700.03 98.1561090144244
C11 725.012 97.44905517109537
C11 750.022 97.68732487491461
C11 774.987 98.07237049241897
C11 799.976 96.7131315191649
C11 824.988 95.13585697206604
C11 850.022 93.05879252442959
C11 869.967 90.1521593708153
C11 875.002 88.87149129272869
C11 899.999 82.52615847051976
C11 919.999 73.37706271961761
C11 925.012 70.83227828081283
C11 949.965 57.33724663789945
C11 975.002 42.59928590430354
C11 999.976 26.39915472658478
C11 1025.028 11.453240076317766
C11 1050.014 4.089708684930067
C11 1075.002 0.9306598763917033
C11 1099.99 0.09233921795592695
C12 319.994 42.48430429322296
C12 324.969 47.96493237482761
C12 349.982 69.84192365061136
C12 374.975 74.27689583910487
C12 400.019 82.43595084528755
C12 424.965 85.25353239093265
C12 450.035 87.86907121082851
C12 475.003 90.04053863111525
C12 500.018 92.43883041874307
C12 525.002 94.81928432410058
C12 550.029 95.5205887040884
C12 575.023 97.40988838753533
C12 599.982 98.0946487058982
C12 619.997 98.43509961772679
C12 624.979 99.27825726835263
C12 650.012 99.35682050777662
C12 675.004 98.7072230191423
C12 700.03 98.40621449763844
C12 725.012 97.71385968175962
C12 750.022 97.97249366319217
C12 774.987 98.37654849171679
C12 799.976 97.0191239296636
C12 824.988 95.42692068281062
C12 850.022 93.33727019291993
C12 869.967 90.29393608401867
C12 875.002 88.974843829488
C12 899.999 82.75236272264029
C12 919.999 73.53380641129243
C12 925.012 70.94566749725297
C12 949.965 57.59141349302096
C12 975.002 42.53365321558966
C12 999.976 26.285375067227985
C12 1025.028 11.443823511857474
C12 1050.014 4.075664702029965
C12 1075.002 0.9333764892523826
C12 1099.99 0.0926087577882626
C13 319.994 42.77124155824063
C13 324.969 48.291369448245995
C13 349.982 70.37150970470948
C13 374.975 74.77210760505118
C13 400.019 82.6950058926106
C13 424.965 85.38841893501873
C13 450.035 87.93582163808809
C13 475.003 90.06868114408763
C13 500.018 92.44096637116942
C13 525.002 94.80176032731228
C13 550.029 95.49384719216987
C13 575.023 97.3769533791547
C13 599.982 98.05740351394753
C13 619.997 98.39798457341502
C13 624.979 99.24088192876307
C13 650.012 99.31765372421658
C13 675.004 98.66701505447121
C13 700.03 98.36174993960155
C13 725.012 97.66137190457283
C13 750.022 97.90699877786064
C13 774.987 98.2975412191719
C13 799.976 96.92911535376146
C13 824.988 95.34025766680209
C13 850.022 93.22242638522168
C13 869.967 90.1932707132151
C13 875.002 88.79084569108258
C13 899.999 82.71782000813228
C13 919.999 73.74112394428812
C13 925.012 70.87468344385799
C13 949.965 57.3846050669656
C13 975.002 42.831526710145155
C13 999.976 26.260964729194132
C13 1025.028 11.418951915279935
C13 1050.014 4.065795491737385
C13 1075.002 0.9327526384693053
C13 1099.99 0.09254685988668561
C14 319.994 43.11530215311234
C14 324.969 48.683642087580054
C14 349.982 71.00261857287907
C14 374.975 75.37799845425151
C14 400.019 83.11166207487639
C14 424.965 85.69651667496993
C14 450.035 88.19008419000289
C14 475.003 90.2905369339208
C14 500.018 92.64242726041543
C14 525.002 94.99483817746558
C14 550.029 95.6827679736224
C14 575.023 97.56147210811564
C14 599.982 98.24542091767135
C14 619.997 98.58375118856053
C14 624.979 99.42829452875327
C14 650.012 99.50385671673952
C14 675.004 98.84948969992735
C14 700.03 98.53692100579336
C14 725.012 97.81019190176275
C14 750.022 98.02495847314857
C14 774.987 98.3924494708908
C14 799.976 97.00786233102858
C14 824.988 95.41572033012329
C14 850.022 93.31089615668765
C14 869.967 90.20186811312479
C14 875.002 88.77661366398365
C14 899.999 82.76901396467372
C14 919.999 73.71885338655235
C14 925.012 70.83421518390912
C14 949.965 57.712768510535035
C14 975.002 42.7146005402248
C14 999.976 26.15387236175284
C14 1025.028 11.383641712489707
C14 1050.014 4.073209600797965
C14 1075.002 0.9338766902789892
C14 1099.99 0.09265838727459726
C15 319.994 43.249224073522
C15 324.969 48.838203892367716
C15 349.982 71.25874147045555
C15 374.975 75.55777062226498
C15 400.019 83.05857714969943
C15 424.965 85.52433134872894
C15 450.035 87.94584300628202
C15 475.003 90.00051440428729
C15 500.018 92.321843002875
C15 525.002 94.65106467297376
C15 550.029 95.32403514640261
C15 575.023 97.19235809275912
C15 599.982 97.8705038487694
C15 619.997 98.20521295300026
C15 624.979 99.04246036967216
C15 650.012 99.11996711649816
C15 675.004 98.4649646729785
C15 700.03 98.14011616632882
C15 725.012 97.38927147038771
C15 750.022 97.56902067117079
C15 774.987 97.89583670389062
C15 799.976 96.50595944529503
C15 824.988 94.92056981012469
C15 850.022 92.81243069976928
C15 869.967 89.70163417946631
C15 875.002 88.30724768797063
C15 899.999 82.29492439494362
C15 919.999 73.3997084087831
C15 925.012 70.62524401032529
C15 949.965 57.329012885804296
C15 975.002 42.474589154767585
C15 999.976 26.083695989293272
C15 1025.028 11.349418625271317
C15 1050.014 4.066554845792186
C15 1075.002 0.9295333215279658
C15 1099.99 0.09222744221729158
C16 319.994 43.700158847146284
C16 324.969 49.35039992518815
C16 349.982 72.03033323118316
C16 374.975 76.31339250212741
C16 400.019 83.68622562182345
C16 424.965 86.0736845324502
C16 450.035 88.46359328098532
C16 475.003 90.50320583159758
C16 500.018 92.81832562223629
C16 525.002 95.14863440790688
C16 550.029 95.81911676471005
C16 575.023 97.69428394572306
C16 599.982 98.37096745473178
C16 619.997 98.70478083697739
C16 624.979 99.54963040690869
C16 650.012 99.62099724747685
C16 675.004 98.96233535858157
C16 700.03 98.62696786041283
C16 725.012 97.84798065149934
C16 750.022 97.99638723854223
C16 774.987 98.29192190346959
C16 799.976 96.87755392153376
C16 824.988 95.2865220034307
C16 850.022 93.1699998539826
C16 869.967 90.04494068360685
C16 875.002 88.61544495258686
C16 899.999 82.6030068234079
C16 919.999 73.77455657599388
C16 925.012 70.91035155265514
C16 949.965 57.56136852779786
C16 975.002 42.71835951026546
C16 999.976 26.169371414395002
C16 1025.028 11.375715147101028
C16 1050.014 4.112439065757616
C16 1075.002 0.9336051097027648
C16 1099.99 0.09263144129932023
C17 319.994 43.954551546699975
C17 324.969 49.64614512306075
C17 349.982 72.5417598617855
C17 374.975 76.78510879138379
C17 400.019 83.949284622978
C17 424.965 86.23562647393683
C17 450.035 88.57275652703353
C17 475.003 90.58413469575186
C17 500.018 92.88699764110524
C17 525.002 95.2077290917028
C17 550.029 95.87481995415158
C17 575.023 97.74643487019746
C17 599.982 98.42200829640394
C17 619.997 98.75782748343704
C17 624.979 99.6049814321509
C17 650.012 99.67762678187749
C17 675.004 99.01618585810489
C17 700.03 98.67520669997731
C17 725.012 97.8714531609589
C17 750.022 97.99239859619766
C17 774.987 98.25659064738483
C17 799.976 96.83133619824369
C17 824.988 95.2411770348955
C17 850.022 93.11202290873237
C17 869.967 89.99931245256349
C17 875.002 88.58319130537448
C17 899.999 82.54605574778179
C17 919.999 73.76874586670498
C17 925.012 70.9520217643278
C17 949.965 57.516153706901534
C17 975.002 42.6780481930576
C17 999.976 26.221101272978895
C17 1025.028 11.433374378997522
C17 1050.014 4.1492555360743175
C17 1075.002 0.9335673754643496
C17 1099.99 0.09262769734285041
