lsstCam/transmission_sensor/r14_s00/19700101T000000.ecsv
# %ECSV 1.0
# ---
# datatype:
# - {name: amp_name, datatype: string}
# - {name: wavelength, unit: nm, datatype: float32}
# - {name: efficiency, unit: '%', datatype: float64}
# meta: !!omap
# - {MODE: AMP}
# - {TYPE: transmission_sensor}
# - {CALIBDATE: '1970-01-01T00:00:00'}
# - {INSTRUME: LSSTCAM}
# - {OBSTYPE: transmission_sensor}
# - {DETECTOR: 63}
# - {PARQUETFILE: qe_raft_allvalues_nircorrected_20230725.parquet}
# - {CALIBCLS: lsst.ip.isr.IntermediateSensorTransmissionCurve}
# - {CALIB_ID: 'raftName=R14 detectorName=S00 detector=63 calibDate=1970-01-01T00:00:00 ccd=63 ccdnum=63 filter=None'}
# - {DATE: '2024-01-18T22:42:25.195252'}
# - {CALIB_CREATION_DATE: '2024-01-18'}
# - {CALIB_CREATION_TIME: '22:42:25'}
# - __serialized_columns__:
#     efficiency:
#       __class__: astropy.units.quantity.Quantity
#       unit: !astropy.units.Unit {unit: '%'}
#       value: !astropy.table.SerializedColumn {name: efficiency}
#     wavelength:
#       __class__: astropy.units.quantity.Quantity
#       unit: !astropy.units.Unit {unit: nm}
#       value: !astropy.table.SerializedColumn {name: wavelength}
# schema: astropy-2.0
amp_name wavelength efficiency
C00 319.994 42.643943786621094
C00 324.969 48.1499137878418
C00 349.982 70.2106704711914
C00 374.975 74.53883361816406
C00 400.019 82.27619934082031
C00 424.965 84.89208221435547
C00 450.035 87.39067077636719
C00 475.003 89.490478515625
C00 500.018 91.82952117919922
C00 525.002 94.16983795166016
C00 550.029 94.85450744628906
C00 575.023 96.7164077758789
C00 599.982 97.39247131347656
C00 619.997 97.72895050048828
C00 624.979 98.56088256835938
C00 650.012 98.63733673095703
C00 675.004 97.99808502197266
C00 700.03 97.74364471435547
C00 725.012 97.1607437133789
C00 750.022 97.54425811767578
C00 774.987 98.0566635131836
C00 799.976 96.74775695800781
C00 824.988 95.14794921875
C00 850.022 93.10038757324219
C00 869.967 90.20255279541016
C00 875.002 88.77947235107422
C00 899.999 82.54131317138672
C00 919.999 73.28314208984375
C00 925.012 70.44962310791016
C00 949.965 57.78498840332031
C00 975.002 42.82924270629883
C00 999.976 26.386743545532227
C00 1025.028 11.44168472290039
C00 1050.014 4.140100002288818
C00 1075.002 0.9292956763446064
C00 1099.99 0.09220386328051881
C01 319.994 42.931636810302734
C01 324.969 48.47829055786133
C01 349.982 70.77454376220703
C01 374.975 75.08656311035156
C01 400.019 82.56892395019531
C01 424.965 85.04875946044922
C01 450.035 87.47265625
C01 475.003 89.52733612060547
C01 500.018 91.8382797241211
C01 525.002 94.16046142578125
C01 550.029 94.83112335205078
C01 575.023 96.68936920166016
C01 599.982 97.35900115966797
C01 619.997 97.69338989257812
C01 624.979 98.52701568603516
C01 650.012 98.60163879394531
C01 675.004 97.96683502197266
C01 700.03 97.73140716552734
C01 725.012 97.21434020996094
C01 750.022 97.6760025024414
C01 774.987 98.27001190185547
C01 799.976 96.98126220703125
C01 824.988 95.3637466430664
C01 850.022 93.29952239990234
C01 869.967 90.25858306884766
C01 875.002 88.83551025390625
C01 899.999 82.55181121826172
C01 919.999 73.32711029052734
C01 925.012 70.52033996582031
C01 949.965 57.63084030151367
C01 975.002 42.879737854003906
C01 999.976 26.235267639160156
C01 1025.028 11.376051902770996
C01 1050.014 4.073321342468262
C01 1075.002 0.9305501207688992
C01 1099.99 0.09232832810386274
C02 319.994 43.12705993652344
C02 324.969 48.70441818237305
C02 349.982 71.2012710571289
C02 374.975 75.50814056396484
C02 400.019 82.76786804199219
C02 424.965 85.12307739257812
C02 450.035 87.4754638671875
C02 475.003 89.48539733886719
C02 500.018 91.77186584472656
C02 525.002 94.07412719726562
C02 550.029 94.73737335205078
C02 575.023 96.58890533447266
C02 599.982 97.25797271728516
C02 619.997 97.59305572509766
C02 624.979 98.42777252197266
C02 650.012 98.50128173828125
C02 675.004 97.87318420410156
C02 700.03 97.65193176269531
C02 725.012 97.1588134765625
C02 750.022 97.65249633789062
C02 774.987 98.28206634521484
C02 799.976 97.00440216064453
C02 824.988 95.3682632446289
C02 850.022 93.32177734375
C02 869.967 90.22657012939453
C02 875.002 88.77184295654297
C02 899.999 82.39033508300781
C02 919.999 73.29580688476562
C02 925.012 70.45960998535156
C02 949.965 57.582672119140625
C02 975.002 42.90921401977539
C02 999.976 26.184219360351562
C02 1025.028 11.308460235595703
C02 1050.014 4.058009147644043
C02 1075.002 0.930325894775049
C02 1099.99 0.09230608060674511
C03 319.994 43.46967697143555
C03 324.969 49.0904426574707
C03 349.982 71.8355484008789
C03 374.975 76.16372680664062
C03 400.019 83.26533508300781
C03 424.965 85.52345275878906
C03 450.035 87.82747650146484
C03 475.003 89.80859375
C03 500.018 92.07738494873047
C03 525.002 94.37572479248047
C03 550.029 95.03099822998047
C03 575.023 96.88226318359375
C03 599.982 97.55226135253906
C03 619.997 97.88810729980469
C03 624.979 98.7256851196289
C03 650.012 98.80178833007812
C03 675.004 98.17115783691406
C03 700.03 97.94762420654297
C03 725.012 97.45783996582031
C03 750.022 97.95832824707031
C03 774.987 98.59850311279297
C03 799.976 97.31450653076172
C03 824.988 95.66548156738281
C03 850.022 93.61702728271484
C03 869.967 90.48690795898438
C03 875.002 89.03372955322266
C03 899.999 82.59575653076172
C03 919.999 73.51846313476562
C03 925.012 70.7000961303711
C03 949.965 57.662353515625
C03 975.002 43.070709228515625
C03 999.976 26.28321647644043
C03 1025.028 11.370584487915039
C03 1050.014 4.068706035614014
C03 1075.002 0.933239470192293
C03 1099.99 0.09259516288299732
C04 319.994 43.72355651855469
C04 324.969 49.3848991394043
C04 349.982 72.32247161865234
C04 374.975 76.6221694946289
C04 400.019 83.53315734863281
C04 424.965 85.68640899658203
C04 450.035 87.93523406982422
C04 475.003 89.88288116455078
C04 500.018 92.13263702392578
C04 525.002 94.41659545898438
C04 550.029 95.06539154052734
C04 575.023 96.91472625732422
C04 599.982 97.58238220214844
C04 619.997 97.91740417480469
C04 624.979 98.7562484741211
C04 650.012 98.82804107666016
C04 675.004 98.19569396972656
C04 700.03 97.97162628173828
C04 725.012 97.47364044189453
C04 750.022 97.96331024169922
C04 774.987 98.58903503417969
C04 799.976 97.30391693115234
C04 824.988 95.65510559082031
C04 850.022 93.592529296875
C04 869.967 90.47235870361328
C04 875.002 89.01940155029297
C04 899.999 82.52429962158203
C04 919.999 73.48589324951172
C04 925.012 70.66357421875
C04 949.965 57.67012023925781
C04 975.002 43.01406478881836
C04 999.976 26.262577056884766
C04 1025.028 11.365090370178223
C04 1050.014 4.070400714874268
C04 1075.002 0.9332870371639644
C04 1099.99 0.09259988243422769
C05 319.994 44.01895523071289
C05 324.969 49.72117233276367
C05 349.982 72.89103698730469
C05 374.975 77.16572570800781
C05 400.019 83.87664031982422
C05 424.965 85.92229461669922
C05 450.035 88.11205291748047
C05 475.003 90.0240249633789
C05 500.018 92.25514221191406
C05 525.002 94.52733612060547
C05 550.029 95.17256927490234
C05 575.023 97.02132415771484
C05 599.982 97.68809509277344
C05 619.997 98.02299499511719
C05 624.979 98.86186218261719
C05 650.012 98.93778228759766
C05 675.004 98.30558776855469
C05 700.03 98.07207489013672
C05 725.012 97.56063079833984
C05 750.022 98.03194427490234
C05 774.987 98.64313507080078
C05 799.976 97.34591674804688
C05 824.988 95.69206237792969
C05 850.022 93.61812591552734
C05 869.967 90.49700164794922
C05 875.002 89.04542541503906
C05 899.999 82.48043823242188
C05 919.999 73.4317626953125
C05 925.012 70.62689208984375
C05 949.965 57.694671630859375
C05 975.002 43.05476379394531
C05 999.976 26.241214752197266
C05 1025.028 11.335665702819824
C05 1050.014 4.0508341789245605
C05 1075.002 0.9339410543483389
C05 1099.99 0.09266477341842808
C06 319.994 44.2298469543457
C06 324.969 49.96329879760742
C06 349.982 73.33507537841797
C06 374.975 77.60906219482422
C06 400.019 84.13793182373047
C06 424.965 86.08808898925781
C06 450.035 88.22664642333984
C06 475.003 90.11041259765625
C06 500.018 92.32431030273438
C06 525.002 94.58917236328125
C06 550.029 95.22552490234375
C06 575.023 97.07254791259766
C06 599.982 97.74019622802734
C06 619.997 98.07923126220703
C06 624.979 98.91848754882812
C06 650.012 98.99344635009766
C06 675.004 98.36144256591797
C06 700.03 98.12471771240234
C06 725.012 97.60176086425781
C06 750.022 98.0569076538086
C06 774.987 98.64596557617188
C06 799.976 97.34382629394531
C06 824.988 95.6739501953125
C06 850.022 93.56621551513672
C06 869.967 90.43624877929688
C06 875.002 88.98413848876953
C06 899.999 82.39602661132812
C06 919.999 73.32040405273438
C06 925.012 70.50590515136719
C06 949.965 57.56208419799805
C06 975.002 42.94986343383789
C06 999.976 26.162805557250977
C06 1025.028 11.31505012512207
C06 1050.014 4.051283359527588
C06 1075.002 0.9341790359504628
C06 1099.99 0.09268838573436163
C07 319.994 44.34288024902344
C07 324.969 50.0957145690918
C07 349.982 73.53363037109375
C07 374.975 77.73129272460938
C07 400.019 84.12043762207031
C07 424.965 86.00618743896484
C07 450.035 88.1122055053711
C07 475.003 89.977783203125
C07 500.018 92.17854309082031
C07 525.002 94.43479919433594
C07 550.029 95.06553649902344
C07 575.023 96.90675354003906
C07 599.982 97.57245635986328
C07 619.997 97.90799713134766
C07 624.979 98.74281311035156
C07 650.012 98.81954956054688
C07 675.004 98.18304443359375
C07 700.03 97.93898010253906
C07 725.012 97.39967346191406
C07 750.022 97.83975219726562
C07 774.987 98.4068832397461
C07 799.976 97.09114837646484
C07 824.988 95.41081237792969
C07 850.022 93.2929916381836
C07 869.967 90.15068054199219
C07 875.002 88.7212142944336
C07 899.999 82.09564208984375
C07 919.999 72.98838806152344
C07 925.012 70.17375946044922
C07 949.965 57.23025131225586
C07 975.002 42.73438262939453
C07 999.976 26.007566452026367
C07 1025.028 11.306320190429688
C07 1050.014 4.044610500335693
C07 1075.002 0.9321103568008611
C07 1099.99 0.09248313328959461
C10 319.994 41.690696716308594
C10 324.969 47.06175231933594
C10 349.982 68.41569519042969
C10 374.975 72.993408203125
C10 400.019 81.82881927490234
C10 424.965 85.01395416259766
C10 450.035 87.82565307617188
C10 475.003 90.12109375
C10 500.018 92.59429168701172
C10 525.002 95.02857971191406
C10 550.029 95.77008819580078
C10 575.023 97.67701721191406
C10 599.982 98.37173461914062
C10 619.997 98.72469329833984
C10 624.979 99.56665802001953
C10 650.012 99.64350128173828
C10 675.004 98.99563598632812
C10 700.03 98.66615295410156
C10 725.012 97.8956298828125
C10 750.022 98.05817413330078
C10 774.987 98.37077331542969
C10 799.976 96.98453521728516
C10 824.988 95.41680145263672
C10 850.022 93.375732421875
C10 869.967 90.5662841796875
C10 875.002 89.20808410644531
C10 899.999 82.95854949951172
C10 919.999 73.93383026123047
C10 925.012 71.02886199951172
C10 949.965 57.87232971191406
C10 975.002 43.10923385620117
C10 999.976 26.751182556152344
C10 1025.028 12.496389389038086
C10 1050.014 4.727962493896484
C10 1075.002 0.9341936139083215
C10 1099.99 0.09268983214594785
C11 319.994 41.80942916870117
C11 324.969 47.19959259033203
C11 349.982 68.67205810546875
C11 374.975 73.14523315429688
C11 400.019 81.55747985839844
C11 424.965 84.52262878417969
C11 450.035 87.21344757080078
C11 475.003 89.42215728759766
C11 500.018 91.83869934082031
C11 525.002 94.22460174560547
C11 550.029 94.94252014160156
C11 575.023 96.8237533569336
C11 599.982 97.50838470458984
C11 619.997 97.85254669189453
C11 624.979 98.68893432617188
C11 650.012 98.76506805419922
C11 675.004 98.1217041015625
C11 700.03 97.81828308105469
C11 725.012 97.11366271972656
C11 750.022 97.35111236572266
C11 774.987 97.73483276367188
C11 799.976 96.3802719116211
C11 824.988 94.80842590332031
C11 850.022 92.73851013183594
C11 869.967 89.84188079833984
C11 875.002 88.56562042236328
C11 899.999 82.24212646484375
C11 919.999 73.12451934814453
C11 925.012 70.58849334716797
C11 949.965 57.13990783691406
C11 975.002 42.45267105102539
C11 999.976 26.30829620361328
C11 1025.028 11.41382122039795
C11 1050.014 4.0756330490112305
C11 1075.002 0.9274568048299978
C11 1099.99 0.0920214121381759
C12 319.994 42.33808517456055
C12 324.969 47.79985046386719
C12 349.982 69.60154724121094
C12 374.975 74.02125549316406
C12 400.019 82.15222930908203
C12 424.965 84.96011352539062
C12 450.035 87.566650390625
C12 475.003 89.73064422607422
C12 500.018 92.12068176269531
C12 525.002 94.4929428100586
C12 550.029 95.19183349609375
C12 575.023 97.07463073730469
C12 599.982 97.75703430175781
C12 619.997 98.0963134765625
C12 624.979 98.93656921386719
C12 650.012 99.01486206054688
C12 675.004 98.36750030517578
C12 700.03 98.0675277709961
C12 725.012 97.37755584716797
C12 750.022 97.63529968261719
C12 774.987 98.0379638671875
C12 799.976 96.68521118164062
C12 824.988 95.0984878540039
C12 850.022 93.01602935791016
C12 869.967 89.98316955566406
C12 875.002 88.66861724853516
C12 899.999 82.4675521850586
C12 919.999 73.28072357177734
C12 925.012 70.70149230957031
C12 949.965 57.3931999206543
C12 975.002 42.387264251708984
C12 999.976 26.194908142089844
C12 1025.028 11.404437065124512
C12 1050.014 4.0616374015808105
C12 1075.002 0.9301640678673755
C12 1099.99 0.09229002428963307
C13 319.994 42.6240348815918
C13 324.969 48.12516403198242
C13 349.982 70.12931060791016
C13 374.975 74.51476287841797
C13 400.019 82.41039276123047
C13 424.965 85.09453582763672
C13 450.035 87.63317108154297
C13 475.003 89.7586898803711
C13 500.018 92.12281036376953
C13 525.002 94.47547912597656
C13 550.029 95.1651840209961
C13 575.023 97.04180908203125
C13 599.982 97.71991729736328
C13 619.997 98.059326171875
C13 624.979 98.89932250976562
C13 650.012 98.975830078125
C13 675.004 98.32743072509766
C13 700.03 98.0232162475586
C13 725.012 97.32524871826172
C13 750.022 97.57003021240234
C13 774.987 97.959228515625
C13 799.976 96.59551239013672
C13 824.988 95.01212310791016
C13 850.022 92.90158081054688
C13 869.967 89.88285064697266
C13 875.002 88.4852523803711
C13 899.999 82.4331283569336
C13 919.999 73.4873275756836
C13 925.012 70.63075256347656
C13 949.965 57.187103271484375
C13 975.002 42.684112548828125
C13 999.976 26.170581817626953
C13 1025.028 11.379651069641113
C13 1050.014 4.051802158355713
C13 1075.002 0.9295423642045865
C13 1099.99 0.09222833942335855
C14 319.994 42.96691131591797
C14 324.969 48.51608657836914
C14 349.982 70.75824737548828
C14 374.975 75.11856842041016
C14 400.019 82.82561492919922
C14 424.965 85.40157318115234
C14 450.035 87.88655853271484
C14 475.003 89.97978210449219
C14 500.018 92.32357788085938
C14 525.002 94.66789245605469
C14 550.029 95.35345458984375
C14 575.023 97.22569274902344
C14 599.982 97.90728759765625
C14 619.997 98.24445343017578
C14 624.979 99.08609008789062
C14 650.012 99.16139221191406
C14 675.004 98.50927734375
C14 700.03 98.19778442382812
C14 725.012 97.47355651855469
C14 750.022 97.68758392333984
C14 774.987 98.0538101196289
C14 799.976 96.67398834228516
C14 824.988 95.08732604980469
C14 850.022 92.98974609375
C14 869.967 89.89141845703125
C14 875.002 88.4710693359375
C14 899.999 82.48414611816406
C14 919.999 73.46513366699219
C14 925.012 70.59042358398438
C14 949.965 57.514137268066406
C14 975.002 42.567588806152344
C14 999.976 26.063858032226562
C14 1025.028 11.344462394714355
C14 1050.014 4.05919075012207
C14 1075.002 0.9306625473416469
C14 1099.99 0.09233948296512659
C15 319.994 43.100372314453125
C15 324.969 48.67011642456055
C15 349.982 71.01348876953125
C15 374.975 75.29772186279297
C15 400.019 82.77271270751953
C15 424.965 85.22998046875
C15 450.035 87.64315795898438
C15 475.003 89.69075775146484
C15 500.018 92.00409698486328
C15 525.002 94.32530212402344
C15 550.029 94.99595642089844
C15 575.023 96.85784912109375
C15 599.982 97.53366088867188
C15 619.997 97.86721801757812
C15 624.979 98.70158386230469
C15 650.012 98.77882385253906
C15 675.004 98.1260757446289
C15 700.03 97.8023452758789
C15 725.012 97.05408477783203
C15 750.022 97.23321533203125
C15 774.987 97.55890655517578
C15 799.976 96.17381286621094
C15 824.988 94.59387969970703
C15 850.022 92.49299621582031
C15 869.967 89.39290618896484
C15 875.002 88.0033187866211
C15 899.999 82.01168823242188
C15 919.999 73.14708709716797
C15 925.012 70.38217163085938
C15 949.965 57.1317024230957
C15 975.002 42.32840347290039
C15 999.976 25.99392318725586
C15 1025.028 11.310357093811035
C15 1050.014 4.052558898925781
C15 1075.002 0.9263341272536971
C15 1099.99 0.09191002110043803
C16 319.994 43.54975509643555
C16 324.969 49.18054962158203
C16 349.982 71.78242492675781
C16 374.975 76.05074310302734
C16 400.019 83.39820098876953
C16 424.965 85.7774429321289
C16 450.035 88.15912628173828
C16 475.003 90.19171905517578
C16 500.018 92.49887084960938
C16 525.002 94.82115936279297
C16 550.029 95.48933410644531
C16 575.023 97.35804748535156
C16 599.982 98.03240203857422
C16 619.997 98.36506652832031
C16 624.979 99.2070083618164
C16 650.012 99.27812957763672
C16 675.004 98.62173461914062
C16 700.03 98.28752136230469
C16 725.012 97.51121520996094
C16 750.022 97.65911102294922
C16 774.987 97.95362854003906
C16 799.976 96.54412841796875
C16 824.988 94.95857238769531
C16 850.022 92.84933471679688
C16 869.967 89.73503112792969
C16 875.002 88.31045532226562
C16 899.999 82.31871032714844
C16 919.999 73.52064514160156
C16 925.012 70.66629791259766
C16 949.965 57.363258361816406
C16 975.002 42.57133483886719
C16 999.976 26.079303741455078
C16 1025.028 11.336563110351562
C16 1050.014 4.09828519821167
C16 1075.002 0.9303919014699719
C16 1099.99 0.09231262973037625
C17 319.994 43.80327224731445
C17 324.969 49.475276947021484
C17 349.982 72.2920913696289
C17 374.975 76.52083587646484
C17 400.019 83.66035461425781
C17 424.965 85.93882751464844
C17 450.035 88.26791381835938
C17 475.003 90.27236938476562
C17 500.018 92.56730651855469
C17 525.002 94.88005065917969
C17 550.029 95.54484558105469
C17 575.023 97.41001892089844
C17 599.982 98.08326721191406
C17 619.997 98.41793060302734
C17 624.979 99.26216888427734
C17 650.012 99.33456420898438
C17 675.004 98.67539978027344
C17 700.03 98.3355941772461
C17 725.012 97.53460693359375
C17 750.022 97.65513610839844
C17 774.987 97.91841888427734
C17 799.976 96.4980697631836
C17 824.988 94.91338348388672
C17 850.022 92.79155731201172
C17 869.967 89.68955993652344
C17 875.002 88.27831268310547
C17 899.999 82.26195526123047
C17 919.999 73.51485443115234
C17 925.012 70.70782470703125
C17 949.965 57.318199157714844
C17 975.002 42.53116226196289
C17 999.976 26.130855560302734
C17 1025.028 11.394023895263672
C17 1050.014 4.134974956512451
C17 1075.002 0.9303542971022744
C17 1099.99 0.09230889865955973
