lsstCam/transmission_filter_detector/r30_s02/y_10/19700101T000000.ecsv
# %ECSV 1.0
# ---
# datatype:
# - {name: wavelength, unit: nm, datatype: float32}
# - {name: efficiency, unit: '%', datatype: float64}
# meta: !!omap
# - {MODE: DETECTOR}
# - {TYPE: transmission_filter_detector}
# - {CALIBDATE: '1970-01-01T00:00:00'}
# - {INSTRUME: LSSTCam}
# - {OBSTYPE: transmission_filter_detector}
# - {CALIBCLS: lsst.ip.isr.IntermediateFilterDetectorTransmissionCurve}
# - {SOURCE: Materion (DM-46256)}
# - {DETECTOR: 119}
# - {FILTER: y_10}
# - {CALIB_ID: 'calibDate=1970-01-01T00:00:00 filter=y_10 detector=119'}
# - {DATE: '2025-04-02T15:59:51.294837'}
# - {CALIB_CREATION_DATE: '2025-04-02'}
# - {CALIB_CREATION_TIME: '15:59:51'}
# - __serialized_columns__:
#     efficiency:
#       __class__: astropy.units.quantity.Quantity
#       unit: !astropy.units.Unit {unit: '%'}
#       value: !astropy.table.SerializedColumn {name: efficiency}
#     wavelength:
#       __class__: astropy.units.quantity.Quantity
#       unit: !astropy.units.Unit {unit: nm}
#       value: !astropy.table.SerializedColumn {name: wavelength}
# schema: astropy-2.0
wavelength efficiency
300.0 0.02022754051722586
301.0 0.01789025409379974
302.0 0.015552966215182096
303.0 0.015463458839803934
304.0 0.01537395000923425
305.0 0.012209487613290548
306.0 0.009045023034559563
307.0 0.010735152318375185
308.0 0.012425280874595046
309.0 0.010312802623957396
310.0 0.00820032655610703
311.0 0.0058198857004754245
312.0 0.0034394448448438197
313.0 0.0042090021452168
314.0 0.0049785590817919
315.0 0.0035614677472040057
316.0 0.0021443765945150517
317.0 0.0024200589905376546
318.0 0.0026957408408634365
319.0 0.001975558916456066
320.0 0.0012553767192002852
321.0 0.0016617563233012334
322.0 0.0020681358364527114
323.0 0.0037043559132143855
324.0 0.005340575444279239
325.0 0.0031813433452043682
326.0 0.0010221110642305575
327.0 0.0019099523342447355
328.0 0.002797793422359973
329.0 0.0031278206733986735
330.0 0.003457847560639493
331.0 0.002967555155919399
332.0 0.0024772631149971858
333.0 0.0029816103051416576
334.0 0.0034859574952861294
335.0 0.0029672075470443815
336.0 0.002448456871206872
337.0 0.0019160144802299328
338.0 0.0013835722711519338
339.0 0.0008629286639916245
340.0 0.00034228535241709324
341.0 0.0007509453098464292
342.0 0.0011596051990636624
343.0 0.0011801627806562465
344.0 0.0012007202712993603
345.0 0.0010930087228189223
346.0 0.0009852971743384842
347.0 0.0011999259186268318
348.0 0.0014145547538646497
349.0 0.0011605460713326465
350.0 0.0009065371159522329
351.0 0.0012396997590258252
352.0 0.0015728624930488877
353.0 0.001548010368424002
354.0 0.0015231581528496463
355.0 0.0016392634279327467
356.0 0.0017553687939653173
357.0 0.0017164053133456036
358.0 0.001677442378422711
359.0 0.0014395293874258641
360.0 0.0012016165783279575
361.0 0.0010066618415294215
362.0 0.0008117071047308855
363.0 0.0008154990609909873
364.0 0.0008192910172510892
365.0 0.0012397505088301841
366.0 0.0016602101823082194
367.0 0.0018738061044132337
368.0 0.002087402026518248
369.0 0.001746904854371678
370.0 0.0014064079550735187
371.0 0.0013934200069343206
372.0 0.0013804321497445926
373.0 0.0016738684280426241
374.0 0.0019673047063406557
375.0 0.002926695015048608
376.0 0.0038860856875544414
377.0 0.004060701394337229
378.0 0.0042353171011200175
379.0 0.003699431908898987
380.0 0.003163547080475837
381.0 0.0024598766685812734
382.0 0.0017562062566867098
383.0 0.0013523737834475469
384.0 0.0009485412192589138
385.0 0.0009162688002106734
386.0 0.0008839965630613733
387.0 0.0007126753644115524
388.0 0.0005413541202869965
389.0 0.00048372894525527954
390.0 0.0004261037247488275
391.0 0.0004458240255189594
392.0 0.0004655442353396211
393.0 0.0005733460511692101
394.0 0.0006811478215240641
395.0 0.000637026550975861
396.0 0.0005929052349529229
397.0 0.0007693874067626894
398.0 0.0009458694876229856
399.0 0.0010904198461503256
400.0 0.0012349702046776656
401.0 0.0014356240171764512
402.0 0.0016362777387257665
403.0 0.0017505293726571836
404.0 0.0018647808246896602
405.0 0.0018637883840710856
406.0 0.001862795943452511
407.0 0.0017239368389709853
408.0 0.0015850775525905192
409.0 0.0013187491276767105
410.0 0.0010524205208639614
411.0 0.0010597259461064823
412.0 0.0010670311894500628
413.0 0.0006095359367463971
414.0 0.0001520407295174664
415.0 3.840744113858818e-05
416.0 1.6213762103756135e-10
417.0 6.31142427209852e-05
418.0 0.00020145441794738872
419.0 1.6213762103756135e-10
420.0 1.6213762103756135e-10
421.0 1.6213762103756135e-10
422.0 1.6213762103756135e-10
423.0 0.000350281970895594
424.0 0.0009048697393154725
425.0 0.0005372088708099909
426.0 0.00016954809325397946
427.0 0.0002646866050781682
428.0 0.00035982504869025433
429.0 1.6213762103756135e-10
430.0 1.6213762103756135e-10
431.0 1.6213762103756135e-10
432.0 0.00035137122722517233
433.0 3.644438493211055e-05
434.0 1.6213762103756135e-10
435.0 9.899129054247169e-05
436.0 0.0004764651293953648
437.0 0.00016315842685798998
438.0 1.6213762103756135e-10
439.0 0.0002069275524263503
440.0 0.0005640031758957775
441.0 0.0003140127546430449
442.0 6.402249823622697e-05
443.0 0.0002659353185663349
444.0 0.0004678480763686821
445.0 0.0004970827376382658
446.0 0.0005263171715341741
447.0 0.0003712290663315798
448.0 0.00021614102934108814
449.0 4.906661743575569e-06
450.0 1.6213762103756135e-10
451.0 1.6213762103756135e-10
452.0 7.310229648282984e-05
453.0 1.9123122285691352e-05
454.0 1.6213762103756135e-10
455.0 0.00039744631976645906
456.0 0.0008297485692310147
457.0 0.00033515921131765936
458.0 1.6213762103756135e-10
459.0 1.6213762103756135e-10
460.0 1.6213762103756135e-10
461.0 5.875706392544089e-05
462.0 0.0004788627393281786
463.0 0.0005431932095234515
464.0 0.0006075237251934595
465.0 0.0005807734851259738
466.0 0.0005540232450584881
467.0 0.0009034594768309034
468.0 0.0012528955267043784
469.0 0.001528404391137883
470.0 0.0018039136193692684
471.0 0.002030690848187078
472.0 0.002257467895105947
473.0 0.002322494037798606
474.0 0.0023875203623902053
475.0 0.00264254558715038
476.0 0.0028975708119105548
477.0 0.0028620952434721403
478.0 0.002826619856932666
479.0 0.00334492142428644
480.0 0.0038632228097412735
481.0 0.004136710049351677
482.0 0.00441019656136632
483.0 0.004165215796092525
484.0 0.00392023466702085
485.0 0.0036867157177766785
486.0 0.003453196768532507
487.0 0.0031985400710254908
488.0 0.002943883737316355
489.0 0.002618634061946068
490.0 0.002293384386575781
491.0 0.0018782955521601252
492.0 0.00146320689964341
493.0 0.0015129184248507954
494.0 0.0015626299500581808
495.0 0.0016069945559138432
496.0 0.0016513591617695056
497.0 0.0017339076293865219
498.0 0.0018164559151045978
499.0 0.0019300588974147104
500.0 0.0020436615159269422
501.0 0.0024288747226819396
502.0 0.0028140882932348177
503.0 0.0027610260076471604
504.0 0.002707963540160563
505.0 0.002601424785098061
506.0 0.002494886030035559
507.0 0.002216464599769097
508.0 0.001938043351401575
509.0 0.00175192799360957
510.0 0.001565812635817565
511.0 0.0015425588571815751
512.0 0.0015193050785455853
513.0 0.0019347406123415567
514.0 0.002350176146137528
515.0 0.0019137578419758938
516.0 0.0014773395378142595
517.0 0.0015419840565300547
518.0 0.0016066289390437305
519.0 0.0012426879038685001
520.0 0.0008787470505922101
521.0 0.0012295467058720533
522.0 0.0015803463611518964
523.0 0.0017759663023753092
524.0 0.001971586243598722
525.0 0.002128541746060364
526.0 0.002285497248522006
527.0 0.0022332111257128417
528.0 0.0021809250029036775
529.0 0.0022358779460773803
530.0 0.0022908310711500235
531.0 0.0022534808522323146
532.0 0.002216130633314606
533.0 0.0020706496798084117
534.0 0.0019251685444032773
535.0 0.0015509442164329812
536.0 0.0011767196156142745
537.0 0.0018295153495273553
538.0 0.0024823111743899062
539.0 0.0028122225558036007
540.0 0.003142133937217295
541.0 0.0034495096770115197
542.0 0.003756885416805744
543.0 0.0042562809539958835
544.0 0.004755676127388142
545.0 0.004939736754749902
546.0 0.005123797745909542
547.0 0.004499982969718985
548.0 0.003876167829730548
549.0 0.0031001443858258426
550.0 0.002324120760022197
551.0 0.0024695254978723824
552.0 0.0026149300538236275
553.0 0.0028158368877484463
554.0 0.0030167439035722055
555.0 0.0036972836824133992
556.0 0.004377823643153533
557.0 0.004307208291720599
558.0 0.0042365929402876645
559.0 0.003947855657315813
560.0 0.003659118738141842
561.0 0.003827695400104858
562.0 0.0039962724258657545
563.0 0.0036606332287192345
564.0 0.003324994759168476
565.0 0.0036304500099504367
566.0 0.0039359052607323974
567.0 0.0040507653466193005
568.0 0.004165625796304084
569.0 0.004838966560782865
570.0 0.005512306961463764
571.0 0.005957366374786943
572.0 0.006402425788110122
573.0 0.006569265678990632
574.0 0.0067361055698711425
575.0 0.006600201595574617
576.0 0.006464297621278092
577.0 0.00608900809311308
578.0 0.005713718201150186
579.0 0.005711931953555904
580.0 0.005710145705961622
581.0 0.0066452739702071995
582.0 0.007580402598250657
583.0 0.008540527778677642
584.0 0.009500653686700389
585.0 0.009800261614145711
586.0 0.010099869541591033
587.0 0.010439266043249518
588.0 0.010778664000099525
589.0 0.010745807230705395
590.0 0.01071295264409855
591.0 0.010067076073028147
592.0 0.009421199501957744
593.0 0.008047708251979202
594.0 0.006674217729596421
595.0 0.006074296834412962
596.0 0.005474376303027384
597.0 0.005883747144252993
598.0 0.006293117621680722
599.0 0.0071314490924123675
600.0 0.007969779835548252
601.0 0.008945567242335528
602.0 0.009921354649122804
603.0 0.010399375605629757
604.0 0.010877397289732471
605.0 0.01105407573049888
606.0 0.011230751988478005
607.0 0.009943865734385327
608.0 0.00865698020788841
609.0 0.006844911695225164
610.0 0.0050328435463598
611.0 0.004168349914834835
612.0 0.0033038562833098695
613.0 0.0034702334232861176
614.0 0.003636610199464485
615.0 0.004491263462114148
616.0 0.005345915997168049
617.0 0.006668417336186394
618.0 0.007990916492417455
619.0 0.009209517884301022
620.0 0.01042812000378035
621.0 0.010860181646421552
622.0 0.011292246199445799
623.0 0.011787368566729128
624.0 0.012282490206416696
625.0 0.010990178270731121
626.0 0.009697865607449785
627.0 0.00778120884206146
628.0 0.005864552440471016
629.0 0.004662295032176189
630.0 0.0034600376238813624
631.0 0.002897080594266299
632.0 0.0023341239284491166
633.0 0.0024694860258023255
634.0 0.0026048481231555343
635.0 0.002966317151731346
636.0 0.0033277861803071573
637.0 0.003569509499357082
638.0 0.0038112328184070066
639.0 0.004261975118424743
640.0 0.004712717782240361
641.0 0.005064547804067843
642.0 0.005416377825895324
643.0 0.005588171188719571
644.0 0.005759964551543817
645.0 0.005230984606896527
646.0 0.004702004298451357
647.0 0.003836667019641027
648.0 0.0029713299227296375
649.0 0.002397324533376377
650.0 0.0018233191440231167
651.0 0.001672000507824123
652.0 0.0015206819625745993
653.0 0.001523336050013313
654.0 0.001525990228401497
655.0 0.0014093448044150136
656.0 0.00129269919852959
657.0 0.0014846174963167869
658.0 0.0016765357941039838
659.0 0.0017395010218024254
660.0 0.001802466249500867
661.0 0.001800414793251548
662.0 0.0017983631551032886
663.0 0.0019220882677473128
664.0 0.002045813380391337
665.0 0.0027589248929871246
666.0 0.0034720364055829123
667.0 0.00412554873037152
668.0 0.004779061055160128
669.0 0.005306594539433718
670.0 0.0058341272961115465
671.0 0.006502393807750195
672.0 0.007170660683186725
673.0 0.007610759348608553
674.0 0.00805085728643462
675.0 0.007927798287710175
676.0 0.007804740744177252
677.0 0.006365162698784843
678.0 0.004925582834403031
679.0 0.0033960561268031597
680.0 0.0018665288735064678
681.0 0.0012753143892041408
682.0 0.0006840999958512839
683.0 0.0006666649824182969
684.0 0.00064923005993478
685.0 0.0004238559540681308
686.0 0.0001984817345146439
687.0 0.00011849813290609745
688.0 3.85144716119612e-05
689.0 0.00012428114359863685
690.0 0.00021004780137445778
691.0 0.00022792630716139683
692.0 0.0002458047674736008
693.0 0.00030009525744389975
694.0 0.0003543857019394636
695.0 0.0003135050974378828
696.0 0.0002726245611484046
697.0 0.00026478733161638957
698.0 0.0002569501475591096
699.0 0.00017200025013153208
700.0 8.705044933776662e-05
701.0 0.00015215329085549456
702.0 0.00021725613805756439
703.0 0.00018295576182936202
704.0 0.00014865546518194606
705.0 0.00015848505654503242
706.0 0.00016831461380206747
707.0 0.0003080691385548562
708.0 0.00044782364057027735
709.0 0.0005234370746620698
710.0 0.0005990505997033324
711.0 0.0004701515535998624
712.0 0.0003412524847590248
713.0 8.205198582800222e-05
714.0 1.6213762103756135e-10
715.0 3.7667228980353684e-05
716.0 0.000252482959695044
717.0 0.00013042111959293834
718.0 8.35932212339685e-06
719.0 0.00026000220714195166
720.0 0.0005116451575304382
721.0 0.0006646680958510842
722.0 0.0008176911251212005
723.0 0.0005116615284350701
724.0 0.0002056318862742046
725.0 4.372154762677383e-05
726.0 1.6213762103756135e-10
727.0 0.00012438944168025046
728.0 0.00036696771985589294
729.0 0.00042978199417120777
730.0 0.0004925963366986252
731.0 0.0004063351298100315
732.0 0.00032007405934564304
733.0 0.00047557496145600453
734.0 0.0006310759999905713
735.0 0.0004802688181371195
736.0 0.00032946179544524057
737.0 0.00029570658170996467
738.0 0.0002619514361867914
739.0 0.0002093085413434892
740.0 0.00015666565786887077
741.0 0.00034099832646461437
742.0 0.0005253310064290417
743.0 0.00039316737456829287
744.0 0.0002610036744954414
745.0 0.00031400918487634044
746.0 0.00036701467251987197
747.0 0.00039022065720928367
748.0 0.0004134265509492252
749.0 0.0002596617605377105
750.0 0.00010589698149487958
751.0 0.0005214886641624616
752.0 0.0009370804036734626
753.0 0.0007096989065757953
754.0 0.00048231745495286305
755.0 0.0004197930593363708
756.0 0.00035726873193198116
757.0 0.0003472914386293269
758.0 0.0003373141453266726
759.0 0.00035158382161171176
760.0 0.000365853543371486
761.0 0.0005267247615847737
762.0 0.0006875959115859587
763.0 0.0006371118615788873
764.0 0.0005866276296728756
765.0 0.000474809303341317
766.0 0.000362991045221861
767.0 0.0004132394224143354
768.0 0.0004634879132936476
769.0 0.0005729189979319926
770.0 0.0006823500825703377
771.0 0.0006664202373940498
772.0 0.0006504904376924969
773.0 0.0005277948275761446
774.0 0.00040509921745979227
775.0 0.00033252306366193807
776.0 0.0002599469326014514
777.0 0.00023815834993001772
778.0 0.0002163696990464814
779.0 0.0005114003215567209
780.0 0.0008064310350164305
781.0 0.0006070911695132963
782.0 0.00040775130401016213
783.0 0.0005805910859635333
784.0 0.0007534307314926991
785.0 0.0006994531304371776
786.0 0.0006454753474827157
787.0 0.00043838954297825694
788.0 0.00023130367026169552
789.0 0.0003750011273950804
790.0 0.0005186985617910977
791.0 0.0005954696007393068
792.0 0.0006722406396875158
793.0 0.0007270135938597377
794.0 0.0007817865480319597
795.0 0.0008109105692710727
796.0 0.0008400345905101858
797.0 0.0007418505447276402
798.0 0.0006436663625208894
799.0 0.0003732715867954539
800.0 0.00010287681107001845
801.0 0.00038177672649908345
802.0 0.0006606767783523537
803.0 0.0007503101187467109
804.0 0.0008399435500905383
805.0 0.0007407641533063725
806.0 0.0006415846200980013
807.0 0.00039374422158289235
808.0 0.00014590362980015925
809.0 0.0004172064109297935
810.0 0.0006885091352160089
811.0 0.0007087521225912496
812.0 0.0007289950644917553
813.0 0.0007155192179197911
814.0 0.0007020433713478269
815.0 0.0006877434771013213
816.0 0.0006734434009558754
817.0 0.0007539391845057253
818.0 0.0008344350135303102
819.0 0.0008689292371855117
820.0 0.0009034234608407132
821.0 0.0008162869562511332
822.0 0.0007291503607120831
823.0 0.0005295707978802966
824.0 0.0003299912123111426
825.0 0.000585250427320716
826.0 0.0008405095286434516
827.0 0.0007204652320069727
828.0 0.0006004208444210235
829.0 0.0005758812676504022
830.0 0.0005513418273039861
831.0 0.0005221432274993276
832.0 0.0004929448095936095
833.0 0.0008635264748590998
834.0 0.0012341080037003849
835.0 0.0009420459718967322
836.0 0.0006499838946183445
837.0 0.0004919732418784406
838.0 0.00033396261187590426
839.0 0.0004644202817871701
840.0 0.0005948780199105386
841.0 0.0009211672477249522
842.0 0.0012474564755393658
843.0 0.001040399456542218
844.0 0.0008333423465956002
845.0 0.0007424223440466449
846.0 0.0006515023414976895
847.0 0.0009185685485135764
848.0 0.0011856349374284036
849.0 0.0009058952855411917
850.0 0.0006261556336539797
851.0 0.0008982117833511438
852.0 0.001170267933048308
853.0 0.0010623685739119537
854.0 0.0009544692147755995
855.0 0.0008458218871965073
856.0 0.0007371746505668852
857.0 0.0009136650078289676
858.0 0.0010901554560405202
859.0 0.0009973184205591679
860.0 0.0009044814760272857
861.0 0.0013119490176904947
862.0 0.0017194164684042335
863.0 0.0016952413716353476
864.0 0.0016710657291696407
865.0 0.0020248206055839546
866.0 0.002378575118200388
867.0 0.0026692068786360323
868.0 0.002959838275273796
869.0 0.0029894816179876216
870.0 0.0030191247788025066
871.0 0.0032887903216760606
872.0 0.0035584558645496145
873.0 0.0030012768547749147
874.0 0.0024440982087980956
