lsstCam/transmission_filter_detector/r30_s02/y_10/19700101T000000.ecsv
# %ECSV 1.0
# ---
# datatype:
# - {name: wavelength, unit: nm, datatype: float32}
# - {name: efficiency, unit: '%', datatype: float64}
# meta: !!omap
# - {MODE: DETECTOR}
# - {TYPE: transmission_filter_detector}
# - {CALIBDATE: '1970-01-01T00:00:00'}
# - {INSTRUME: LSSTCam}
# - {OBSTYPE: transmission_filter_detector}
# - {CALIBCLS: lsst.ip.isr.IntermediateFilterDetectorTransmissionCurve}
# - {SOURCE: Materion (DM-46256)}
# - {DETECTOR: 119}
# - {FILTER: y_10}
# - {CALIB_ID: 'calibDate=1970-01-01T00:00:00 filter=y_10 detector=119'}
# - {DATE: '2025-04-02T15:59:51.294837'}
# - {CALIB_CREATION_DATE: '2025-04-02'}
# - {CALIB_CREATION_TIME: '15:59:51'}
# - __serialized_columns__:
#     efficiency:
#       __class__: astropy.units.quantity.Quantity
#       unit: !astropy.units.Unit {unit: '%'}
#       value: !astropy.table.SerializedColumn {name: efficiency}
#     wavelength:
#       __class__: astropy.units.quantity.Quantity
#       unit: !astropy.units.Unit {unit: nm}
#       value: !astropy.table.SerializedColumn {name: wavelength}
# schema: astropy-2.0
wavelength efficiency
[from data line 576]
876.0 0.0018696386177907698
877.0 0.0020882729586446658
878.0 0.0023069072994985618
879.0 0.0018469514543539844
880.0 0.06949178059585392
881.0 0.09385508019477129
882.0 0.07355889538303018
883.0 0.097656185971573
884.0 0.07227127207443118
885.0 0.08444353588856757
886.0 0.07132583996281028
887.0 0.0947516004089266
888.0 0.07012445130385458
889.0 0.09582368656992912
890.0 0.06334148929454386
891.0 0.10449121473357081
892.0 0.06612219149246812
893.0 0.11290591210126877
894.0 0.07456584717147052
895.0 0.10705464519560337
896.0 0.0831562327221036
897.0 0.11296458542346954
898.0 0.08403300307691097
899.0 0.12764949351549149
900.0 0.09401068091392517
901.0 0.12204354861751199
902.0 0.16393394907936454
903.0 0.16301259165629745
904.0 0.18798833480104804
905.0 0.21225707605481148
906.0 0.26518492959439754
907.0 0.33502355217933655
908.0 0.4302951507270336
909.0 0.5707927979528904
910.0 0.7917733862996101
911.0 1.118739042431116
912.0 1.646370068192482
913.0 2.4483976885676384
914.0 3.458360955119133
915.0 4.977704957127571
916.0 6.8656787276268005
917.0 9.01392474770546
918.0 11.550679802894592
919.0 14.007037878036499
920.0 17.364835739135742
921.0 20.782850682735443
922.0 24.082547426223755
923.0 27.992233633995056
924.0 32.264769077301025
925.0 37.05870807170868
926.0 42.92062222957611
927.0 49.37361776828766
928.0 55.16863465309143
929.0 61.602598428726196
930.0 67.42595434188843
931.0 73.27760457992554
932.0 78.83872389793396
933.0 83.70989561080933
934.0 87.44633793830872
935.0 90.19094705581665
936.0 92.39028096199036
937.0 94.04190182685852
938.0 95.13927102088928
939.0 95.70513963699341
940.0 96.14431858062744
941.0 96.43232226371765
942.0 96.66345119476318
943.0 96.82068228721619
944.0 97.14836478233337
945.0 97.14829921722412
946.0 97.290700674057
947.0 97.27405309677124
948.0 97.40118384361267
949.0 97.30426073074341
950.0 97.41213321685791
951.0 97.42527604103088
952.0 97.48813509941101
953.0 97.65825271606445
954.0 97.71056771278381
955.0 97.81554341316223
956.0 98.00015091896057
957.0 98.1918454170227
958.0 98.3250617980957
959.0 98.47688674926758
960.0 98.57462644577026
961.0 98.65617156028748
962.0 98.73366355895996
963.0 98.76999258995056
964.0 98.81089925765991
965.0 98.83679151535034
966.0 98.92622828483582
967.0 98.98967146873474
968.0 99.01122450828552
969.0 98.94676804542542
970.0 99.02414083480835
971.0 99.06880259513855
972.0 99.09331798553467
973.0 99.17387962341309
974.0 99.19584393501282
975.0 99.16610717773438
976.0 99.24660325050354
977.0 99.19883012771606
978.0 99.26988482475281
979.0 99.23719763755798
980.0 99.19944405555725
981.0 99.12047982215881
982.0 99.04103875160217
983.0 99.08072352409363
984.0 99.02612566947937
985.0 99.01842474937439
986.0 98.92724752426147
987.0 98.9549458026886
988.0 98.8436758518219
989.0 98.8621711730957
990.0 98.79496097564697
991.0 98.82147908210754
992.0 98.8940179347992
993.0 98.83731603622437
994.0 98.82307648658752
995.0 98.87791275978088
996.0 98.81858229637146
997.0 98.95988702774048
998.0 98.97743463516235
999.0 99.03377294540405
1000.0 99.0477979183197
1001.0 99.05116558074951
1002.0 99.15386438369751
1003.0 99.13670420646667
1004.0 99.23657774925232
1005.0 99.19305443763733
1006.0 99.3029534816742
1007.0 99.29746985435486
1008.0 99.25687313079834
1009.0 99.23483729362488
1010.0 99.24300909042358
1011.0 99.25022721290588
1012.0 99.15744066238403
1013.0 99.176025390625
1014.0 99.13153052330017
1015.0 99.09831881523132
1016.0 99.11917448043823
1017.0 99.10681247711182
1018.0 99.14555549621582
1019.0 99.03960227966309
1020.0 99.11640882492065
1021.0 99.23661351203918
1022.0 99.13238883018494
1023.0 99.13914799690247
1024.0 99.10852909088135
1025.0 99.14490580558777
1026.0 99.17286038398743
1027.0 99.25985336303711
1028.0 99.24578070640564
1029.0 99.32486414909363
1030.0 99.31511282920837
1031.0 99.29685592651367
1032.0 99.31018948554993
1033.0 99.27340745925903
1034.0 99.3395984172821
1035.0 99.40942525863647
1036.0 99.31904673576355
1037.0 99.36538934707642
1038.0 99.29236769676208
1039.0 99.23359751701355
1040.0 99.15827512741089
1041.0 99.24854636192322
1042.0 99.2028295993805
1043.0 99.11158084869385
1044.0 99.22147989273071
1045.0 98.92984628677368
1046.0 99.0950882434845
1047.0 99.00919795036316
1048.0 99.09021258354187
1049.0 98.99788498878479
1050.0 99.02588129043579
1051.0 99.03961420059204
1052.0 98.99494051933289
1053.0 98.79520535469055
1054.0 99.13662672042847
1055.0 99.15705919265747
1056.0 99.01284575462341
1057.0 99.13690090179443
1058.0 98.9224374294281
1059.0 99.01052117347717
1060.0 99.12275671958923
1061.0 99.04249310493469
1062.0 99.02971982955933
1063.0 99.01089668273926
1064.0 99.14605617523193
1065.0 99.08079504966736
1066.0 99.11121129989624
1067.0 99.23052787780762
1068.0 99.01880025863647
1069.0 98.88052344322205
1070.0 99.352365732193
1071.0 99.0431547164917
1072.0 99.18023943901062
1073.0 99.23576712608337
1074.0 98.88951182365417
1075.0 98.7930417060852
1076.0 98.78727197647095
1077.0 99.02600049972534
1078.0 99.05672073364258
1079.0 98.89479279518127
1080.0 99.50608611106873
1081.0 98.60054850578308
1082.0 98.84220361709595
1083.0 98.70538115501404
1084.0 99.12329316139221
1085.0 99.13545250892639
1086.0 98.9527940750122
1087.0 98.85256290435791
1088.0 98.64648580551147
1089.0 98.66724610328674
1090.0 98.80141019821167
1091.0 98.78292083740234
1092.0 98.75531196594238
1093.0 98.70461225509644
1094.0 98.58627915382385
1095.0 98.53817224502563
1096.0 98.65942001342773
1097.0 98.49328994750977
1098.0 97.88845777511597
1099.0 98.72037768363953
1100.0 98.20243120193481
