lsstCam/transmission_filter_detector/r11_s10/r_57/19700101T000000.ecsv
# %ECSV 1.0
# ---
# datatype:
# - {name: wavelength, unit: nm, datatype: float32}
# - {name: efficiency, unit: '%', datatype: float64}
# meta: !!omap
# - {MODE: DETECTOR}
# - {TYPE: transmission_filter_detector}
# - {CALIBDATE: '1970-01-01T00:00:00'}
# - {INSTRUME: LSSTCam}
# - {OBSTYPE: transmission_filter_detector}
# - {CALIBCLS: lsst.ip.isr.IntermediateFilterDetectorTransmissionCurve}
# - {SOURCE: Materion (DM-46256)}
# - {DETECTOR: 39}
# - {FILTER: r_57}
# - {CALIB_ID: 'calibDate=1970-01-01T00:00:00 filter=r_57 detector=39'}
# - {DATE: '2025-04-02T15:59:44.366337'}
# - {CALIB_CREATION_DATE: '2025-04-02'}
# - {CALIB_CREATION_TIME: '15:59:44'}
# - __serialized_columns__:
#     efficiency:
#       __class__: astropy.units.quantity.Quantity
#       unit: !astropy.units.Unit {unit: '%'}
#       value: !astropy.table.SerializedColumn {name: efficiency}
#     wavelength:
#       __class__: astropy.units.quantity.Quantity
#       unit: !astropy.units.Unit {unit: nm}
#       value: !astropy.table.SerializedColumn {name: wavelength}
# schema: astropy-2.0
wavelength efficiency
300.0 0.002001744542212691
301.0 0.005662134208250791
302.0 0.009322522964794189
303.0 0.011347661347826943
304.0 0.013372796820476651
305.0 0.012319879897404462
306.0 0.011266962246736512
307.0 0.009764581773197278
308.0 0.008262202027253807
309.0 0.007607731822645292
310.0 0.006953260890441015
311.0 0.0065240390540566295
312.0 0.006094818309065886
313.0 0.005485138171934523
314.0 0.00487545839860104
315.0 0.00458358226751443
316.0 0.004291706864023581
317.0 0.003915285560651682
318.0 0.0035388631658861414
319.0 0.003387741162441671
320.0 0.003236619522795081
321.0 0.0029753640774288215
322.0 0.002714108632062562
323.0 0.002624803346407134
324.0 0.0025354976969538257
325.0 0.002323669468751177
326.0 0.0021118405129527673
327.0 0.0023612339646206237
328.0 0.0026106275981874205
329.0 0.002641518040036317
330.0 0.002672408845683094
331.0 0.0024500668587279506
332.0 0.0022277246898738667
333.0 0.0020352685169200413
334.0 0.0018428121620672755
335.0 0.001602530937816482
336.0 0.001362249895464629
337.0 0.0013068196494714357
338.0 0.0012513893125287723
339.0 0.0011679664567054715
340.0 0.0010845436008821707
341.0 0.0010385174391558394
342.0 0.000992491277429508
343.0 0.0009559741556586232
344.0 0.0009194572157866787
345.0 0.0008925419933802914
346.0 0.0008656269528728444
347.0 0.0008422919563599862
348.0 0.0008189568688976578
349.0 0.000804991304903524
350.0 0.00564025467610918
351.0 0.005864746708539315
352.0 0.006089238740969449
353.0 0.00545682487427257
354.0 0.004824411735171452
355.0 0.004740039730677381
356.0 0.004655669181374833
357.0 0.0062993785832077265
358.0 0.007943088712636381
359.0 0.0060883328842464834
360.0 0.0042335770558565855
361.0 0.0029212666049716063
362.0 0.001608956154086627
363.0 0.0026508752853260376
364.0 0.0036927940527675673
365.0 0.003814812225755304
366.0 0.003936830398743041
367.0 0.0030035158488317393
368.0 0.002070200935122557
369.0 0.0016569721992709674
370.0 0.0012437436453183182
371.0 0.001782646904757712
372.0 0.0023215503460960463
373.0 0.002876277721952647
374.0 0.003431004734011367
375.0 0.003080112219322473
376.0 0.0027292197046335787
377.0 0.0014756113159819506
378.0 0.00022200301827979274
379.0 0.0009117492481891531
380.0 0.0016014953871490434
381.0 0.0024899172785808332
382.0 0.0033783395338105038
383.0 0.003292944165877998
384.0 0.0032075495255412534
385.0 0.004089723734068684
386.0 0.004971897942596115
387.0 0.004525355689111166
388.0 0.004078813435626216
389.0 0.003635889879660681
390.0 0.0031929652323015034
391.0 0.0022167392671690322
392.0 0.0012405131201376207
393.0 0.0012887216144008562
394.0 0.0013369296539167408
395.0 0.0010268993719364516
396.0 0.0007168690899561625
397.0 0.0006649152055615559
398.0 0.0006129615940153599
399.0 0.0006396470325853443
400.0 0.0006663320164079778
401.0 0.00023602733563166112
402.0 1.600358517581113e-10
403.0 1.1019853474181218e-05
404.0 0.0002163178351111128
405.0 0.0008039214662858285
406.0 0.001391524710925296
407.0 0.0018345088392379694
408.0 0.0022774927856517024
409.0 0.0017326705346931703
410.0 0.0011878479199367575
411.0 0.0009028747626871336
412.0 0.0006179016054375097
413.0 0.0006509147624456091
414.0 0.0006839279649284435
415.0 0.0007267688488354906
416.0 0.0007696101420151535
417.0 0.001306616650254
418.0 0.0018436237951391377
419.0 0.0023020193111733533
420.0 0.0027604146453086287
421.0 0.004086098488187417
422.0 0.005411782331066206
423.0 0.00837848347146064
424.0 0.011345183156663552
425.0 0.015481977607123554
426.0 0.019618766964413226
427.0 0.02029588504228741
428.0 0.020973004575353116
429.0 0.015922113379929215
430.0 0.010871222184505314
431.0 0.007735869439784437
432.0 0.004600514512276277
433.0 0.0036975772673031315
434.0 0.0027946398404310457
435.0 0.0021564783310168423
436.0 0.0015183166397036985
437.0 0.0013429355021798983
438.0 0.0011675545465550385
439.0 0.0009663427590567153
440.0 0.000765130971558392
441.0 0.0010180696335737593
442.0 0.0012710083865385968
443.0 0.0015924442777759396
444.0 0.0019138802599627525
445.0 0.0019678222088259645
446.0 0.002021763975790236
447.0 0.0017558066247147508
448.0 0.0014898494555382058
449.0 0.001354370397166349
450.0 0.0012188907930976711
451.0 0.0013605083950096741
452.0 0.0015021259969216771
453.0 0.0015223752598103601
454.0 0.0015426245226990432
455.0 0.0013663520803675056
456.0 0.0011900798199349083
457.0 0.0008581574547861237
458.0 0.0005262353170110146
459.0 0.0007666644705750514
460.0 0.0010070935786643531
461.0 0.0016404910638811998
462.0 0.0022738880943506956
463.0 0.002928716639871709
464.0 0.0035835451853927225
465.0 0.004600260581355542
466.0 0.005616975977318361
467.0 0.006254937034100294
468.0 0.00689289954607375
469.0 0.005930116822128184
470.0 0.0049673355533741415
471.0 0.00379512166546192
472.0 0.0026229075956507586
473.0 0.0021858917534700595
474.0 0.0017488753655925393
475.0 0.0014381968867382966
476.0 0.0011275184078840539
477.0 0.00088549277279526
478.0 0.0006434670467569958
479.0 0.0008423517101618927
480.0 0.0010412362826173194
481.0 0.0008034460734052118
482.0 0.0005656560460920446
483.0 0.0006478817340394016
484.0 0.0007301072855625534
485.0 0.0006268245670071337
486.0 0.0005235416665527737
487.0 0.0005485280780703761
488.0 0.0005735143986385083
489.0 0.0005458014129544608
490.0 0.0005180883817956783
491.0 0.0006691344424325507
492.0 0.0008201805940188933
493.0 0.0009244647117157001
494.0 0.0010287490113114472
495.0 0.0009123536074184813
496.0 0.0007959581125760451
497.0 0.0010798803486977704
498.0 0.0013638024938700255
499.0 0.0013380447853705846
500.0 0.001312287258770084
501.0 0.0014812225344940089
502.0 0.0016501580830663443
503.0 0.001966226045624353
504.0 0.002282294190081302
505.0 0.0028361899239826016
506.0 0.0033900858397828415
507.0 0.004023460132884793
508.0 0.004656834062188864
509.0 0.005180072184884921
510.0 0.005703308852389455
511.0 0.005055709334556013
512.0 0.00440810908912681
513.0 0.0037779474951094016
514.0 0.0031477862648898736
515.0 0.0029426759283524007
516.0 0.002737566137511749
517.0 0.0025739616830833256
518.0 0.0024103574105538428
519.0 0.05900321411900222
520.0 1.600358517581113e-10
521.0 0.057591451331973076
522.0 0.0876587990205735
523.0 0.043925424688495696
524.0 0.09436102118343115
525.0 0.06059813313186169
526.0 0.13390936655923724
527.0 0.14204845065250993
528.0 0.031247158767655492
529.0 0.1562541350722313
530.0 0.08058627136051655
531.0 0.22706796880811453
532.0 0.24347363505512476
533.0 0.2590880263596773
534.0 0.39772698655724525
535.0 0.39438377134501934
536.0 0.629850011318922
537.0 0.936895702034235
538.0 1.3888783752918243
539.0 2.2194689139723778
540.0 3.470780700445175
541.0 5.171046406030655
542.0 7.5851671397686005
543.0 10.584792494773865
544.0 14.150501787662506
545.0 18.35372745990753
546.0 23.226431012153625
547.0 29.401487112045288
548.0 36.8560254573822
549.0 44.91893649101257
550.0 51.863062381744385
551.0 59.5814049243927
552.0 65.17806053161621
553.0 70.2802300453186
554.0 74.40321445465088
555.0 78.66676449775696
556.0 82.43381381034851
557.0 85.1702332496643
558.0 88.23887705802917
559.0 91.45221710205078
560.0 92.4796462059021
561.0 93.99592876434326
562.0 95.19718289375305
563.0 94.86831426620483
564.0 95.67239880561829
565.0 94.8262095451355
566.0 95.47293186187744
567.0 94.92153525352478
568.0 95.3066349029541
569.0 96.41578793525696
570.0 95.80972194671631
571.0 96.31904363632202
572.0 96.52913808822632
573.0 96.72970771789551
574.0 97.13093638420105
575.0 96.57912850379944
576.0 97.07101583480835
577.0 96.66301012039185
578.0 96.93342447280884
579.0 96.75183892250061
580.0 96.38044238090515
581.0 96.17797136306763
582.0 96.55630588531494
583.0 96.64482474327087
584.0 95.85517048835754
585.0 96.1281955242157
586.0 96.15898728370667
587.0 95.92421650886536
588.0 96.32390141487122
589.0 97.09027409553528
590.0 96.33377194404602
591.0 95.6360399723053
592.0 95.80675959587097
593.0 95.47231793403625
594.0 95.76742053031921
595.0 95.95779180526733
596.0 96.77008390426636
597.0 96.65513634681702
598.0 96.85223698616028
599.0 96.70776128768921
600.0 96.77289128303528
601.0 95.6991195678711
602.0 96.51061296463013
603.0 96.09729647636414
604.0 95.65498232841492
605.0 96.55181765556335
606.0 95.64223885536194
607.0 96.20754718780518
608.0 95.97954154014587
609.0 95.39979696273804
610.0 95.5693781375885
611.0 95.4082190990448
612.0 95.80432772636414
613.0 96.28900289535522
614.0 96.41297459602356
615.0 95.81246376037598
616.0 96.27756476402283
617.0 96.15676403045654
618.0 96.05879783630371
619.0 96.58402800559998
620.0 95.51066756248474
621.0 95.46961188316345
622.0 96.14962935447693
623.0 96.19283080101013
624.0 96.04082703590393
625.0 96.73054218292236
626.0 95.72558999061584
627.0 94.66691017150879
628.0 96.8710720539093
629.0 95.43400406837463
630.0 96.119225025177
631.0 95.55279612541199
632.0 96.44990563392639
633.0 96.15805745124817
634.0 95.55033445358276
635.0 95.73729038238525
636.0 95.76190710067749
637.0 95.27913928031921
638.0 95.50818800926208
639.0 95.02752423286438
640.0 95.37495374679565
641.0 95.41966915130615
642.0 95.95370888710022
643.0 95.7905650138855
644.0 95.69433331489563
645.0 95.94617486000061
646.0 95.92454433441162
647.0 96.74937725067139
648.0 96.45731449127197
649.0 95.54776549339294
650.0 96.261727809906
651.0 96.68357372283936
652.0 96.47849202156067
653.0 95.60892581939697
654.0 96.42947912216187
655.0 96.3853120803833
656.0 95.65184712409973
657.0 95.57504653930664
658.0 96.27505540847778
659.0 95.98776698112488
660.0 95.30861377716064
661.0 95.40213346481323
662.0 95.72027921676636
663.0 95.423424243927
664.0 95.19165754318237
665.0 95.01246809959412
666.0 95.14861106872559
667.0 95.79095244407654
668.0 95.05351185798645
669.0 95.42117714881897
670.0 94.93857622146606
671.0 95.65483927726746
672.0 95.173180103302
673.0 95.44788002967834
674.0 94.69447731971741
675.0 95.48324346542358
676.0 94.82177495956421
677.0 93.82812976837158
678.0 93.53283643722534
679.0 92.88022518157959
680.0 91.96390509605408
681.0 90.59615135192871
682.0 88.58761787414551
683.0 85.74280142784119
684.0 82.46602416038513
685.0 79.17553186416626
686.0 75.52883625030518
687.0 70.91655135154724
688.0 66.8450653553009
689.0 62.30289936065674
690.0 57.0569634437561
691.0 53.008538484573364
692.0 48.38290512561798
693.0 44.00136172771454
694.0 39.09149765968323
695.0 33.96107256412506
696.0 28.780177235603333
697.0 23.6304372549057
698.0 17.825016379356384
699.0 13.178956508636475
700.0 9.34530645608902
701.0 5.99154606461525
702.0 3.821716830134392
703.0 2.1861203014850616
704.0 1.2702000327408314
705.0 0.7481635082513094
706.0 0.4706507083028555
707.0 0.3967978060245514
708.0 0.13988916762173176
709.0 0.1643905066885054
710.0 0.11242309119552374
711.0 0.06852720398455858
712.0 0.061816920060664415
713.0 0.04771678359247744
714.0 0.05163982859812677
715.0 0.07447078241966665
716.0 0.08630390511825681
717.0 0.04262049915269017
718.0 0.05265616928227246
719.0 0.05302537465468049
720.0 1.600358517581113e-10
721.0 0.0045653498091269284
722.0 0.004319629442761652
723.0 0.004073909076396376
724.0 0.003774414653889835
725.0 0.003474919867585413
726.0 0.0032083862606668845
727.0 0.002941852289950475
728.0 0.0028199085136293434
729.0 0.002697964373510331
730.0 0.0024964216208900325
731.0 0.0022948795958654955
732.0 0.002287362985953223
733.0 0.0022798465579398908
734.0 0.0021943182218819857
735.0 0.0021087895220262
736.0 0.0019065795640926808
737.0 0.0017043696061591618
738.0 0.0017106111044995487
739.0 0.0017168526028399356
740.0 0.0017039825252140872
741.0 0.0016911126294871792
742.0 0.0015303441614378244
743.0 0.0013695756024389993
744.0 0.0014180295693222433
745.0 0.0014664832633570768
746.0 0.001398589665768668
747.0 0.0013306959772307891
748.0 0.001182313008030178
749.0 0.001033930129779037
750.0 0.0010254811968479771
751.0 0.0010170326277147979
752.0 0.0010938407285721041
753.0 0.0011706490113283508
754.0 0.0011517919119796716
755.0 0.001132935085479403
756.0 0.0011018661098205484
757.0 0.0010707967703638133
758.0 0.0010736934200394899
759.0 0.0010765898878162261
760.0 0.0010942762855847832
761.0 0.0011119628652522806
762.0 0.0010983492757077329
763.0 0.001084736140910536
764.0 0.0010363752153352834
765.0 0.0009880141078610905
766.0 0.0008007662472664379
767.0 0.0006135183866717853
768.0 0.0006352618129312759
769.0 0.0006570051937160315
770.0 0.0007725137948000338
771.0 0.0008880226232577115
772.0 0.0008129303751047701
773.0 0.0007378379905276233
774.0 0.0008476356015307829
775.0 0.0009574331670592073
776.0 0.0009532435797154903
777.0 0.0009490540833212435
778.0 0.0008977402103482746
779.0 0.000846426519274246
780.0 0.0007426750016747974
781.0 0.0006389235295500839
782.0 0.0007030118922557449
783.0 0.0007671002094866708
784.0 0.0008388005880988203
785.0 0.0009105007848120295
786.0 0.0007617506980750477
787.0 0.000613000656812801
788.0 0.0006490112355095334
789.0 0.0006850219506304711
790.0 0.0007295638624782441
791.0 0.000774105683376547
792.0 0.0008093807991826907
793.0 0.0008446559149888344
794.0 0.0008553965017199516
795.0 0.0008661368156026583
796.0 0.0007621996701345779
797.0 0.0006582624337170273
798.0 0.000779143283580197
799.0 0.0009000240424938966
800.0 0.0008195326699933503
801.0 0.0007390409791696584
802.0 0.0006578267857548781
803.0 0.0005766123194916872
804.0 0.0007028933850961039
805.0 0.0008291744961752556
806.0 0.0007214090146590024
807.0 0.0006136436695669545
808.0 0.0007418367658829084
809.0 0.0008700299076735973
810.0 0.0007887520041549578
811.0 0.0007074743280099938
812.0 0.0006909247076691827
813.0 0.0006743750418536365
814.0 0.0005722793957829708
815.0 0.0004701838406617753
816.0 0.0006299353572103428
817.0 0.0007896869647083804
818.0 0.0007255739092215663
819.0 0.0006614608082600171
820.0 0.0005177405455469852
821.0 0.000374020351046056
822.0 0.000374257865587424
823.0 0.0003744954256035271
824.0 0.00042032156670757104
825.0 0.0004661477305489825
826.0 0.000531104842593777
827.0 0.0005960619546385715
828.0 0.0004292314770282246
829.0 0.00026240104489261284
830.0 0.00014652107438450912
831.0 3.0641149351140484e-05
832.0 6.710079105687328e-05
833.0 0.0001035604213939223
834.0 7.277469649125123e-05
835.0 4.1988937482528854e-05
836.0 0.0003027553475476452
837.0 0.0005635219167743344
838.0 0.000738085100238095
839.0 0.0009126482837018557
840.0 0.0012163141036580782
841.0 0.0015199799236143008
842.0 0.0019890139810740948
843.0 0.002458048220432829
844.0 0.002282480818394106
845.0 0.0021069134163553827
846.0 0.002044545362878125
847.0 0.001982176945602987
848.0 0.0019630482711363584
849.0 0.001943919232871849
850.0 0.0017443335309508257
851.0 0.0015447480109287426
852.0 0.0013369967746257316
853.0 0.00112924517452484
854.0 0.001036447793012485
855.0 0.0009436500477022491
856.0 0.0007006038686085958
857.0 0.00045755773498967756
858.0 0.0005315269845596049
859.0 0.0006054961431800621
860.0 0.00046896898311388213
861.0 0.0003324417093608645
862.0 0.0003414791763134417
863.0 0.0003505166205286514
864.0 0.0002629383288876852
865.0 0.0001753601168275054
866.0 0.00011565759905352024
867.0 5.595506422650942e-05
868.0 9.890355840980192e-05
869.0 0.00014185202417138498
870.0 8.421461927810014e-06
871.0 1.600358517581113e-10
872.0 1.600358517581113e-10
873.0 1.600358517581113e-10
874.0 1.600358517581113e-10
875.0 1.600358517581113e-10
876.0 1.600358517581113e-10
877.0 1.600358517581113e-10
878.0 9.695510243545868e-05
879.0 0.00022142817215353716
880.0 0.00016339730564141064
881.0 0.00010536642776060035
882.0 9.007903827296104e-05
883.0 7.479167720703117e-05
884.0 1.600358517581113e-10
885.0 1.600358517581113e-10
886.0 1.5380777540485724e-05
887.0 0.0001165172989203711
888.0 0.00018253788311994867
889.0 0.00024855846731952624
890.0 0.00016793841268736287
891.0 8.73183580551995e-05
892.0 1.600358517581113e-10
893.0 1.600358517581113e-10
894.0 1.600358517581113e-10
895.0 7.61405885896238e-05
896.0 4.954841301696433e-05
897.0 2.2956299972065608e-05
898.0 6.033442332409322e-05
899.0 9.771255236046272e-05
900.0 3.4942097215662216e-06
901.0 1.600358517581113e-10
