lsstCam/transmission_filter_detector/r11_s10/r_57/19700101T000000.ecsv
# %ECSV 1.0
# ---
# datatype:
# - {name: wavelength, unit: nm, datatype: float32}
# - {name: efficiency, unit: '%', datatype: float64}
# meta: !!omap
# - {MODE: DETECTOR}
# - {TYPE: transmission_filter_detector}
# - {CALIBDATE: '1970-01-01T00:00:00'}
# - {INSTRUME: LSSTCam}
# - {OBSTYPE: transmission_filter_detector}
# - {CALIBCLS: lsst.ip.isr.IntermediateFilterDetectorTransmissionCurve}
# - {SOURCE: Materion (DM-46256)}
# - {DETECTOR: 39}
# - {FILTER: r_57}
# - {CALIB_ID: 'calibDate=1970-01-01T00:00:00 filter=r_57 detector=39'}
# - {DATE: '2025-04-02T15:59:44.366337'}
# - {CALIB_CREATION_DATE: '2025-04-02'}
# - {CALIB_CREATION_TIME: '15:59:44'}
# - __serialized_columns__:
#     efficiency:
#       __class__: astropy.units.quantity.Quantity
#       unit: !astropy.units.Unit {unit: '%'}
#       value: !astropy.table.SerializedColumn {name: efficiency}
#     wavelength:
#       __class__: astropy.units.quantity.Quantity
#       unit: !astropy.units.Unit {unit: nm}
#       value: !astropy.table.SerializedColumn {name: wavelength}
# schema: astropy-2.0
wavelength efficiency
[from data line 603]
903.0 1.600358517581113e-10
904.0 1.600358517581113e-10
905.0 5.7032838185477885e-05
906.0 1.600358517581113e-10
907.0 1.600358517581113e-10
908.0 1.600358517581113e-10
909.0 1.600358517581113e-10
910.0 1.600358517581113e-10
911.0 1.600358517581113e-10
912.0 1.600358517581113e-10
913.0 1.600358517581113e-10
914.0 1.600358517581113e-10
915.0 5.868807875231141e-05
916.0 6.361021860357141e-05
917.0 6.853236982351518e-05
918.0 0.00012428139370967983
919.0 0.00018003038348979317
920.0 4.166383860138012e-05
921.0 1.600358517581113e-10
922.0 5.592196430370677e-05
923.0 0.00020854665763181401
924.0 0.00017840466171037406
925.0 0.00014826265442025033
926.0 0.00014858337635814678
927.0 0.00014890408692735946
928.0 0.00017694085272523807
929.0 0.00020497759578574914
930.0 0.00022697624899592483
931.0 0.0002489749476808356
932.0 9.867371772998013e-05
933.0 1.600358517581113e-10
934.0 8.655699730297783e-05
935.0 0.00022474141587736085
936.0 0.00022558533601113595
937.0 0.0002264292788822786
938.0 0.0002647135261213407
939.0 0.0003029978188351379
940.0 0.00026845880256587407
941.0 0.0002339198090339778
942.0 0.00032701682357583195
943.0 0.0004201138835924212
944.0 0.0003927780198864639
945.0 0.0003654422243926092
946.0 0.0003710756800501258
947.0 0.0003767090674955398
948.0 0.0004440308657649439
949.0 0.0005113527095090831
950.0 0.000531171508555417
951.0 0.0005509903076017508
952.0 0.0006728193056915188
953.0 0.0007946484402054921
954.0 0.0011632845598796848
955.0 0.0015319210433517583
956.0 0.0015452964362339117
957.0 0.001558671829116065
958.0 0.0016853538909344934
959.0 0.0018120363165508024
960.0 0.0019348486603121273
961.0 0.002057661367871333
962.0 0.0022132417143438943
963.0 0.0023688220608164556
964.0 0.0024374683562200516
965.0 0.0025061144697247073
966.0 0.002496627166692633
967.0 0.0024871394998626783
968.0 0.0024317689167219214
969.0 0.002376398515480105
970.0 0.002440337084408384
971.0 0.002504275653336663
972.0 0.0025791792722884566
973.0 0.0026540823455434293
974.0 0.0028932698114658706
975.0 0.003132457277388312
976.0 0.0032262025342788547
977.0 0.003319947427371517
978.0 0.0031865853088675067
979.0 0.003053222826565616
980.0 0.002983608101203572
981.0 0.002913993193942588
982.0 0.0030115272238617763
983.0 0.0031090610718820244
984.0 0.003062549512833357
985.0 0.0030160381356836297
986.0 0.002923532883869484
987.0 0.002831027450156398
988.0 0.002649126145115588
989.0 0.0024672248400747776
990.0 0.002511452476028353
991.0 0.0025556801119819283
992.0 0.002586687151051592
993.0 0.0026176945539191365
994.0 0.002677286283869762
995.0 0.0027368776500225067
996.0 0.0028029435270582326
997.0 0.002869009585992899
998.0 0.0030411305488087237
999.0 0.0032132513297256082
1000.0 0.003315959475003183
1001.0 0.0034186676202807575
1002.0 0.0035927252611145377
1003.0 0.003766782901948318
1004.0 0.003889817526214756
1005.0 0.004012852150481194
1006.0 0.0042120798752876
1007.0 0.004411308327689767
1008.0 0.004307019844418392
1009.0 0.004202731361147016
1010.0 0.004207271558698267
1011.0 0.004211811756249517
1012.0 0.004179260213277303
1013.0 0.004146708670305088
1014.0 0.0039144659240264446
1015.0 0.0036822235415456817
1016.0 0.0035273798857815564
1017.0 0.003372536593815312
1018.0 0.0029866230761399493
1019.0 0.002600710104161408
1020.0 0.002198270885855891
1021.0 0.0017958318494493142
1022.0 0.0015785673895152286
1023.0 0.0013613028386316728
1024.0 0.0014111382370174397
1025.0 0.0014609740901505575
1026.0 0.0013346622836252209
1027.0 0.001208350295200944
1028.0 0.0011745471056201495
1029.0 0.0011407437341404147
1030.0 0.0010162656508327927
1031.0 0.0008917869308788795
1032.0 0.0009248742571799085
1033.0 0.0009579613106325269
1034.0 0.0008447015716228634
1035.0 0.0007314416961889947
1036.0 0.0007993226972757839
1037.0 0.0008672034709888976
1038.0 0.000777091827330878
1039.0 0.0006869802746223286
1040.0 0.0007501615073124412
1041.0 0.0008133426490530837
1042.0 0.0008974105185188819
1043.0 0.0009814779332373291
1044.0 0.0008883452210284304
1045.0 0.000795212690718472
1046.0 0.0008108578185783699
1047.0 0.0008265032192866784
1048.0 0.0007217007350845961
1049.0 0.0006168982508825138
1050.0 0.0006736291197739774
1051.0 0.000730359943190706
1052.0 0.0009513900295132771
1053.0 0.0011724197065632325
1054.0 0.0010167800610361155
1055.0 0.0008611402336100582
1056.0 0.0009209239578922279
1057.0 0.0009807079550228082
1058.0 0.000852432094688993
1059.0 0.0007241564162541181
1060.0 0.0010546186786086764
1061.0 0.0013850804862158839
1062.0 0.0014622303751821164
1063.0 0.0015393801731988788
1064.0 0.0011213488505745772
1065.0 0.000703317164152395
1066.0 0.0011164807801833376
1067.0 0.0015296443962142803
1068.0 0.0018482794985175133
1069.0 0.0021669142370228656
1070.0 0.001665510171733331
1071.0 0.0011641061064437963
1072.0 0.0012658531886700075
1073.0 0.001367600452795159
1074.0 0.0021922123778495006
1075.0 0.003016824302903842
1076.0 0.00325372711813543
1077.0 0.003490630115265958
1078.0 0.00388299158657901
1079.0 0.004275353057892062
1080.0 0.004206398079986684
1081.0 0.004137442374485545
1082.0 0.003951794860768132
1083.0 0.0037661477108485997
1084.0 0.004644796717911959
1085.0 0.005523444997379556
1086.0 0.005423823313321918
1087.0 0.00532420162926428
1088.0 0.005174319448997267
1089.0 0.005024437632528134
1090.0 0.0047714143875055015
1091.0 0.00451839150628075
1092.0 0.0038255217077676207
1093.0 0.0031326519092544913
1094.0 0.0037444082408910617
1095.0 0.004356164572527632
1096.0 0.003330918843857944
1097.0 0.002305672569491435
1098.0 0.0014247657418309245
1099.0 0.0005438591415440897
1100.0 0.0008696274562680628
1101.0 0.0011953955436183605
