lsstCam/transmission_filter_detector/r02_s12/i_39/19700101T000000.ecsv
# %ECSV 1.0
# ---
# datatype:
# - {name: wavelength, unit: nm, datatype: float32}
# - {name: efficiency, unit: '%', datatype: float64}
# meta: !!omap
# - {MODE: DETECTOR}
# - {TYPE: transmission_filter_detector}
# - {CALIBDATE: '1970-01-01T00:00:00'}
# - {INSTRUME: LSSTCam}
# - {OBSTYPE: transmission_filter_detector}
# - {CALIBCLS: lsst.ip.isr.IntermediateFilterDetectorTransmissionCurve}
# - {SOURCE: Materion (DM-46256)}
# - {DETECTOR: 14}
# - {FILTER: i_39}
# - {CALIB_ID: 'calibDate=1970-01-01T00:00:00 filter=i_39 detector=14'}
# - {DATE: '2025-04-02T15:59:46.543723'}
# - {CALIB_CREATION_DATE: '2025-04-02'}
# - {CALIB_CREATION_TIME: '15:59:46'}
# - __serialized_columns__:
#     efficiency:
#       __class__: astropy.units.quantity.Quantity
#       unit: !astropy.units.Unit {unit: '%'}
#       value: !astropy.table.SerializedColumn {name: efficiency}
#     wavelength:
#       __class__: astropy.units.quantity.Quantity
#       unit: !astropy.units.Unit {unit: nm}
#       value: !astropy.table.SerializedColumn {name: wavelength}
# schema: astropy-2.0
wavelength efficiency
[from data line 596]
896.0 1.6359115668010404e-10
897.0 1.6359115668010404e-10
898.0 1.6359115668010404e-10
899.0 1.6359115668010404e-10
900.0 1.6359115668010404e-10
901.0 1.6359115668010404e-10
902.0 1.6359115668010404e-10
903.0 1.6359115668010404e-10
904.0 1.6359115668010404e-10
905.0 1.6359115668010404e-10
906.0 1.6359115668010404e-10
907.0 6.0646237898254185e-05
908.0 0.00015428740880452096
909.0 1.6359115668010404e-10
910.0 1.6359115668010404e-10
911.0 1.6359115668010404e-10
912.0 6.164006549624901e-05
913.0 9.171138799501932e-05
914.0 0.00012178275028418284
915.0 4.9329224793837056e-05
916.0 1.6359115668010404e-10
917.0 1.6359115668010404e-10
918.0 1.6359115668010404e-10
919.0 1.6359115668010404e-10
920.0 0.00011404627002775669
921.0 1.6359115668010404e-10
922.0 1.6359115668010404e-10
923.0 1.6359115668010404e-10
924.0 1.6359115668010404e-10
925.0 1.6359115668010404e-10
926.0 0.00024478440536768176
927.0 6.28355412146675e-07
928.0 1.6359115668010404e-10
929.0 1.6359115668010404e-10
930.0 0.00013410671044766787
931.0 0.00014666477454738924
932.0 0.00015922282727842685
933.0 5.033144816479762e-05
934.0 1.6359115668010404e-10
935.0 1.6359115668010404e-10
936.0 1.6359115668010404e-10
937.0 1.6359115668010404e-10
938.0 1.6359115668010404e-10
939.0 1.6359115668010404e-10
940.0 1.6359115668010404e-10
941.0 1.6359115668010404e-10
942.0 1.6359115668010404e-10
943.0 1.6359115668010404e-10
944.0 1.6359115668010404e-10
945.0 1.6359115668010404e-10
946.0 1.6359115668010404e-10
947.0 1.6359115668010404e-10
948.0 1.6359115668010404e-10
949.0 1.6359115668010404e-10
950.0 1.6359115668010404e-10
951.0 1.6359115668010404e-10
952.0 1.6359115668010404e-10
953.0 1.6359115668010404e-10
954.0 1.6359115668010404e-10
955.0 7.521203997384873e-05
956.0 0.00021042385469627334
957.0 0.00010889533541558194
958.0 7.366760002014416e-06
959.0 5.0165806442237226e-05
960.0 9.296487064602843e-05
961.0 0.00014675347301817965
962.0 0.00020054208107467275
963.0 9.934685749612981e-05
964.0 1.6359115668010404e-10
965.0 1.6359115668010404e-10
966.0 1.6359115668010404e-10
967.0 1.6359115668010404e-10
968.0 1.6359115668010404e-10
969.0 1.6359115668010404e-10
970.0 1.6359115668010404e-10
971.0 1.6359115668010404e-10
972.0 1.6359115668010404e-10
973.0 1.6359115668010404e-10
974.0 1.7531223761579895e-05
975.0 3.0288046559689974e-05
976.0 4.3044806830039306e-05
977.0 1.6359115668010404e-10
978.0 1.6359115668010404e-10
979.0 1.6359115668010404e-10
980.0 1.6359115668010404e-10
981.0 1.6359115668010404e-10
982.0 1.6359115668010404e-10
983.0 1.6359115668010404e-10
984.0 1.6359115668010404e-10
985.0 9.04926253042504e-05
986.0 0.00021553196347667836
987.0 5.5494331263616914e-05
988.0 1.6359115668010404e-10
989.0 1.6359115668010404e-10
990.0 1.6359115668010404e-10
991.0 1.6359115668010404e-10
992.0 1.6359115668010404e-10
993.0 1.6359115668010404e-10
994.0 1.9256715688698023e-05
995.0 1.6359115668010404e-10
996.0 1.6359115668010404e-10
997.0 3.9665741269345745e-05
998.0 0.00026831946797756245
999.0 0.00039335445762844756
1000.0 0.0005183894245419651
1001.0 0.00024741405013628537
1002.0 1.6359115668010404e-10
1003.0 8.19109800431761e-05
1004.0 0.0001873833980425843
1005.0 9.25030462894938e-05
1006.0 1.6359115668010404e-10
1007.0 0.00011790724556703935
1008.0 0.00023819186480977805
1009.0 0.00012339002068983973
1010.0 8.588163069589427e-06
1011.0 0.00011762014082705718
1012.0 0.00022665205960947787
1013.0 0.0004646649813366821
1014.0 0.0007026780167507241
1015.0 0.0005242981842457084
1016.0 0.0003459184199527954
1017.0 0.0004168110535829328
1018.0 0.0004877038918493781
1019.0 0.0002932788220277871
1020.0 9.885370673146099e-05
1021.0 0.00011586924983930658
1022.0 0.00013288480431583594
1023.0 0.0004879931111645419
1024.0 0.0008431015885435045
1025.0 0.0006759020379831782
1026.0 0.0005087025328975869
1027.0 0.0005062906438979553
1028.0 0.0005038786184741184
1029.0 0.0008925911970436573
1030.0 0.0012813037756131962
1031.0 0.0018374690625933
1032.0 0.002393633985775523
1033.0 0.002522241629776545
1034.0 0.002650848728080746
1035.0 0.003161039057886228
1036.0 0.003671228841994889
1037.0 0.0038115616916911677
1038.0 0.003951894541387446
1039.0 0.003237113560317084
1040.0 0.0025223331249435432
1041.0 0.0021321930034901015
1042.0 0.0017420527001377195
1043.0 0.002430712993373163
1044.0 0.003119372922810726
1045.0 0.003356557499500923
1046.0 0.00359374207619112
1047.0 0.0033889249607454985
1048.0 0.0031841078452998772
1049.0 0.0027456353564048186
1050.0 0.0023071626856108196
1051.0 0.0024594328351668082
1052.0 0.002611703166621737
1053.0 0.0016392792531405576
1054.0 0.0006668552487099078
1055.0 0.0005744198006141232
1056.0 0.00048198426156886853
1057.0 0.0005902993507334031
1058.0 0.0006986146217968781
1059.0 0.0007841062142688315
1060.0 0.0008695979886397254
1061.0 0.0017483005649410188
1062.0 0.0026270028683939017
1063.0 0.0029129880203981884
1064.0 0.0031989729905035347
1065.0 0.0033017659006873146
1066.0 0.003404559174668975
1067.0 0.004324903420638293
1068.0 0.00524524730280973
1069.0 0.004218339017825201
1070.0 0.003191430732840672
1071.0 0.0028251492039998993
1072.0 0.002458867493260186
1073.0 0.002542734728194773
1074.0 0.0026266021450283006
1075.0 0.002760458846751135
1076.0 0.0028943151846760884
1077.0 0.0022864542188472115
1078.0 0.001678592525422573
1079.0 0.00206501608772669
1080.0 0.0024514396500308067
1081.0 0.0018499920770409517
1082.0 0.0012485445040510967
1083.0 0.0005372977284423541
1084.0 1.6359115668010404e-10
1085.0 0.0005661981049343012
1086.0 0.001306345802731812
1087.0 0.0008871474165061954
1088.0 0.00046794912123004906
1089.0 1.6359115668010404e-10
1090.0 1.6359115668010404e-10
1091.0 1.6359115668010404e-10
1092.0 1.6359115668010404e-10
1093.0 1.6359115668010404e-10
1094.0 0.00039382512113661505
1095.0 0.0001864216642388783
1096.0 1.6359115668010404e-10
1097.0 1.6359115668010404e-10
1098.0 1.6359115668010404e-10
1099.0 1.6359115668010404e-10
1100.0 1.6359115668010404e-10
