lsstCam/transmission_filter_detector/r02_s12/i_39/19700101T000000.ecsv
# %ECSV 1.0
# ---
# datatype:
# - {name: wavelength, unit: nm, datatype: float32}
# - {name: efficiency, unit: '%', datatype: float64}
# meta: !!omap
# - {MODE: DETECTOR}
# - {TYPE: transmission_filter_detector}
# - {CALIBDATE: '1970-01-01T00:00:00'}
# - {INSTRUME: LSSTCam}
# - {OBSTYPE: transmission_filter_detector}
# - {CALIBCLS: lsst.ip.isr.IntermediateFilterDetectorTransmissionCurve}
# - {SOURCE: Materion (DM-46256)}
# - {DETECTOR: 14}
# - {FILTER: i_39}
# - {CALIB_ID: 'calibDate=1970-01-01T00:00:00 filter=i_39 detector=14'}
# - {DATE: '2025-04-02T15:59:46.543723'}
# - {CALIB_CREATION_DATE: '2025-04-02'}
# - {CALIB_CREATION_TIME: '15:59:46'}
# - __serialized_columns__:
#     efficiency:
#       __class__: astropy.units.quantity.Quantity
#       unit: !astropy.units.Unit {unit: '%'}
#       value: !astropy.table.SerializedColumn {name: efficiency}
#     wavelength:
#       __class__: astropy.units.quantity.Quantity
#       unit: !astropy.units.Unit {unit: nm}
#       value: !astropy.table.SerializedColumn {name: wavelength}
# schema: astropy-2.0
wavelength efficiency
300.0 0.08674822747707367
301.0 0.033195558353327215
302.0 1.6359115668010404e-10
303.0 0.011044648999813944
304.0 0.042446370935067534
305.0 0.03366570454090834
306.0 0.024885035236366093
307.0 0.008482232806272805
308.0 1.6359115668010404e-10
309.0 1.6359115668010404e-10
310.0 1.6359115668010404e-10
311.0 1.6359115668010404e-10
312.0 0.0018555791029939428
313.0 0.0001019799015011813
314.0 1.6359115668010404e-10
315.0 1.6359115668010404e-10
316.0 1.6359115668010404e-10
317.0 1.6359115668010404e-10
318.0 1.6359115668010404e-10
319.0 1.6359115668010404e-10
320.0 1.6359115668010404e-10
321.0 1.6359115668010404e-10
322.0 1.6359115668010404e-10
323.0 1.6359115668010404e-10
324.0 1.6359115668010404e-10
325.0 1.6359115668010404e-10
326.0 1.6359115668010404e-10
327.0 1.6359115668010404e-10
328.0 0.0009073421097127721
329.0 0.0007785305569996126
330.0 0.0006497201411548303
331.0 1.6359115668010404e-10
332.0 1.6359115668010404e-10
333.0 0.0005989350029267371
334.0 0.0018563403500593267
335.0 0.0006977127213758649
336.0 1.6359115668010404e-10
337.0 1.6359115668010404e-10
338.0 0.000413295128964819
339.0 0.0018374938008491881
340.0 0.0032616921089356765
341.0 1.6359115668010404e-10
342.0 1.6359115668010404e-10
343.0 1.6359115668010404e-10
344.0 1.6359115668010404e-10
345.0 1.6359115668010404e-10
346.0 1.6359115668010404e-10
347.0 1.6359115668010404e-10
348.0 1.6359115668010404e-10
349.0 1.6359115668010404e-10
350.0 1.6359115668010404e-10
351.0 8.969712439466093e-05
352.0 0.0006293012120295316
353.0 1.6359115668010404e-10
354.0 1.6359115668010404e-10
355.0 1.6359115668010404e-10
356.0 1.6359115668010404e-10
357.0 0.000327420048051863
358.0 0.0011207660463696811
359.0 0.0011258885933784768
360.0 0.0011310105946904514
361.0 0.0006829190624557668
362.0 0.00023482753022108227
363.0 1.6359115668010404e-10
364.0 1.6359115668010404e-10
365.0 0.0007008846750977682
366.0 0.0020056706489413045
367.0 0.0013740804206463508
368.0 0.0007424902833008673
369.0 0.000993607500276994
370.0 0.0012447248082025908
371.0 0.0009486981980444398
372.0 0.0006526716788357589
373.0 0.0005696161679225042
374.0 0.00048656070248398464
375.0 0.00016378216969314963
376.0 1.6359115668010404e-10
377.0 1.6359115668010404e-10
378.0 1.6359115668010404e-10
379.0 1.6359115668010404e-10
380.0 1.6359115668010404e-10
381.0 1.6359115668010404e-10
382.0 1.6359115668010404e-10
383.0 0.00013244396086520283
384.0 0.001239215907844482
385.0 0.0012299146874283906
386.0 0.0012206131941638887
387.0 4.7460386554121214e-05
388.0 1.6359115668010404e-10
389.0 1.6359115668010404e-10
390.0 1.6359115668010404e-10
391.0 1.6359115668010404e-10
392.0 1.6359115668010404e-10
393.0 1.6359115668010404e-10
394.0 0.0007246685527206864
395.0 1.6359115668010404e-10
396.0 1.6359115668010404e-10
397.0 1.6359115668010404e-10
398.0 1.6359115668010404e-10
399.0 1.6359115668010404e-10
400.0 1.6359115668010404e-10
401.0 1.6359115668010404e-10
402.0 1.6359115668010404e-10
403.0 0.0014853616448817775
404.0 0.004015119338873774
405.0 0.005313752262736671
406.0 0.006612384459003806
407.0 0.003519019082887098
408.0 0.00042565093281154986
409.0 1.6359115668010404e-10
410.0 1.6359115668010404e-10
411.0 0.0020511122784228064
412.0 0.004678692494053394
413.0 0.00515178035129793
414.0 0.005624869299936108
415.0 0.004141080353292637
416.0 0.0026572912247502245
417.0 0.0014162972547637764
418.0 0.00017530300056023407
419.0 0.0028248712624190375
420.0 0.005474439240060747
421.0 0.004932234878651798
422.0 0.004390030153444968
423.0 0.004290319338906556
424.0 0.004190608888166025
425.0 0.0035324897908139974
426.0 0.0028743696020683274
427.0 0.003561154881026596
428.0 0.004247940523782745
429.0 0.005324254743754864
430.0 0.006400569691322744
431.0 0.004339484075899236
432.0 0.002278399006172549
433.0 0.003310582906124182
434.0 0.004342766624176875
435.0 0.0032289721275446936
436.0 0.0021151776309125125
437.0 0.002027077425736934
438.0 0.0019389774024602957
439.0 0.002034612225543242
440.0 0.0021302475943230093
441.0 0.0007825247848813888
442.0 1.6359115668010404e-10
443.0 1.6359115668010404e-10
444.0 1.6359115668010404e-10
445.0 1.6359115668010404e-10
446.0 1.6359115668010404e-10
447.0 1.6359115668010404e-10
448.0 0.0005193636297917692
449.0 1.6359115668010404e-10
450.0 1.6359115668010404e-10
451.0 0.0003919608388969209
452.0 0.0015544537745881826
453.0 0.001618869100639131
454.0 0.00168328479048796
455.0 0.0019500963389873505
456.0 0.0022169080693856813
457.0 0.0012907464224554133
458.0 0.0003645847982625128
459.0 0.0003026176045750617
460.0 0.00024065041088761063
461.0 0.00043129011828568764
462.0 0.0006219298484211322
463.0 0.00018190672790296958
464.0 1.6359115668010404e-10
465.0 0.00016276970882245223
466.0 0.0005836557647853624
467.0 0.0007293729140656069
468.0 0.0008750900633458514
469.0 0.0005430625151348067
470.0 0.00021103498966112966
471.0 0.0005888241048523923
472.0 0.0009666132427810226
473.0 0.0011162148439325392
474.0 0.0012658167179324664
475.0 0.0007861806807341054
476.0 0.00030654477995994966
477.0 0.0007984845979081001
478.0 0.0012904244613309857
479.0 0.0012884611351182684
480.0 0.0012864978089055512
481.0 0.002646636130521074
482.0 0.004006772724096663
483.0 0.00524038405274041
484.0 0.006473995017586276
485.0 0.006684308755211532
486.0 0.006894622492836788
487.0 0.00995696391328238
488.0 0.01301930460613221
489.0 0.016418889572378248
490.0 0.019818473083432764
491.0 0.022462065680883825
492.0 0.02510565973352641
493.0 0.027299972134642303
494.0 0.02949429035652429
495.0 0.026665761834010482
496.0 0.02383723040111363
497.0 0.01927214616443962
498.0 0.014707059017382562
499.0 0.010493448644410819
500.0 0.00627984045422636
501.0 0.0045608139771502465
502.0 0.0028417880457709543
503.0 0.002425209640932735
504.0 0.002008630872296635
505.0 0.0019124259779346175
506.0 0.0018162212654715404
507.0 0.0017140398995252326
508.0 0.0016118579878821038
509.0 0.0019397273717913777
510.0 0.0022675967557006516
511.0 0.0018201330021838658
512.0 0.0013726691577176098
513.0 0.0016118498024297878
514.0 0.0018510303561924957
515.0 0.0024113425752148032
516.0 0.002971654976136051
517.0 0.002314354060217738
518.0 0.0016570531442994252
519.0 0.0017929556634044275
520.0 0.00192885836440837
521.0 0.0017417960407328792
522.0 0.0015547338989563286
523.0 0.001488470115873497
524.0 0.0014222065146896057
525.0 0.001947120290424209
526.0 0.002472033884259872
527.0 0.0024924054741859436
528.0 0.0025127772460109554
529.0 0.002208211662946269
530.0 0.0019036462617805228
531.0 0.001861980854300782
532.0 0.0018203156287199818
533.0 0.0016900379705475643
534.0 0.0015597604942740873
535.0 0.0016588894141023047
536.0 0.0017580181520315818
537.0 0.002357974153710529
538.0 0.002957929791591596
539.0 0.0034982898796442896
540.0 0.004038650149595924
541.0 0.00469416736450512
542.0 0.005349684943212196
543.0 0.005026391590945423
544.0 0.00470309860247653
545.0 0.003866080442094244
546.0 0.0030290628274087794
547.0 0.0024381130060646683
548.0 0.0018471630028216168
549.0 0.001884245648398064
550.0 0.0019213284758734517
551.0 0.0015688532585045323
552.0 0.0012163783139840234
553.0 0.0015280687875929289
554.0 0.0018397593521513045
555.0 0.0013888620742363855
556.0 0.0009379648872709367
557.0 0.0007201826974778669
558.0 0.0005024007350584725
559.0 0.0001640475034037081
560.0 1.6359115668010404e-10
561.0 0.0006746920917066745
562.0 0.001523689934401773
563.0 0.0015904752217466012
564.0 0.0016572606909903698
565.0 0.001334942407993367
566.0 0.0010126242159458343
567.0 0.0008958222679211758
568.0 0.0007790204108459875
569.0 0.0007099018603184959
570.0 0.0006407830824173288
571.0 0.00040332206481252797
572.0 0.00016586109268246219
573.0 0.00035632585877465317
574.0 0.0005467907158163143
575.0 0.0005127510121383239
576.0 0.0004787112629855983
577.0 0.000564158835913986
578.0 0.0006496063633676386
579.0 0.0002854812237274018
580.0 1.6359115668010404e-10
581.0 0.00014433212527364958
582.0 0.00036730809824803146
583.0 0.0004524636096903123
584.0 0.0005376190074457554
585.0 0.0006946203029656317
586.0 0.0008516216439602431
587.0 0.0008060210348048713
588.0 0.0007604202892252943
589.0 0.0006852046681160573
590.0 0.0006099890470068203
591.0 0.0007760034350212663
592.0 0.0009420179594599176
593.0 0.0005851802143297391
594.0 0.00022834244646219304
595.0 0.0005417494321591221
596.0 0.0008551563951186836
597.0 0.0006998854587436654
598.0 0.0005446146133181173
599.0 0.0005794094249722548
600.0 0.000614204100202187
601.0 0.000497898508911021
602.0 0.00038159282667038497
603.0 0.0002632940322655486
604.0 0.00014499509006782318
605.0 0.00016945566585491179
606.0 0.0001939162757480517
607.0 0.00042198498704237863
608.0 0.0006500536073872354
609.0 0.0006091792329243617
610.0 0.0005683045401383424
611.0 0.0007228914910228923
612.0 0.0008774784873821773
613.0 0.0006230617145774886
614.0 0.0003686449190354324
615.0 1.6359115668010404e-10
616.0 1.6359115668010404e-10
617.0 1.6359115668010404e-10
618.0 0.0001522197180747753
619.0 0.00028654364996327786
620.0 0.0004208676273265155
621.0 0.0005480095751408953
622.0 0.00067515147748054
623.0 0.0006102985480538337
624.0 0.0005454456641018623
625.0 0.00042584770199027844
626.0 0.0003062497853534296
627.0 0.0002671145239219186
628.0 0.0002279792852277751
629.0 0.0004141210865782341
630.0 0.0006002629561407957
631.0 0.0005315248472470557
632.0 0.00046278678382805083
633.0 0.0005488500846695388
634.0 0.0006349133855110267
635.0 0.0005406308901001466
636.0 0.0004463483037397964
637.0 0.0003577756842787494
638.0 0.00026920283744402695
639.0 0.0005950234935880871
640.0 0.0009208439223584719
641.0 0.0006459228643507231
642.0 0.0003710018063429743
643.0 0.0005987742952129338
644.0 0.0008265467840828933
645.0 0.0007395889952022117
646.0 0.0006526312972710002
647.0 0.0007590013865410583
648.0 0.0008653719305584673
649.0 0.0007656210982531775
650.0 0.0006658703568973579
651.0 0.0008751231689529959
652.0 0.001084375981008634
653.0 0.0013001385013922118
654.0 0.0015159008398768492
655.0 0.0020974208382540382
656.0 0.0026789408366312273
657.0 0.0035276374546810985
658.0 0.004376332799438387
659.0 0.0070309666625689715
660.0 0.04051437135785818
661.0 0.05821122322231531
662.0 0.1115328399464488
663.0 0.06026978371664882
664.0 0.10980239603668451
665.0 0.14521710108965635
666.0 0.10823083575814962
667.0 0.1770470291376114
668.0 0.19768860656768084
669.0 0.30352817848324776
670.0 0.3639011178165674
671.0 0.5008662585169077
672.0 0.7972991093993187
673.0 1.2726166285574436
674.0 1.9419468939304352
675.0 2.795959450304508
676.0 3.8556311279535294
677.0 5.166180804371834
678.0 6.535091996192932
679.0 7.896082103252411
680.0 9.775269031524658
681.0 11.817582696676254
682.0 14.38249945640564
683.0 17.07550287246704
684.0 20.087572932243347
685.0 22.97448366880417
686.0 25.950974225997925
687.0 29.1463702917099
688.0 32.36151039600372
689.0 35.625821352005005
690.0 39.384180307388306
691.0 43.4415727853775
692.0 48.303282260894775
693.0 53.60787510871887
694.0 59.42526459693909
695.0 65.05967974662781
696.0 71.34060859680176
697.0 76.8993616104126
698.0 82.97392129898071
699.0 87.496018409729
700.0 91.05453491210938
701.0 93.8914954662323
702.0 95.77449560165405
703.0 96.84104323387146
704.0 97.41345047950745
705.0 97.78836965560913
706.0 97.83041477203369
707.0 97.93204069137573
708.0 98.01833629608154
709.0 98.06997776031494
710.0 97.76583909988403
711.0 98.0381965637207
712.0 97.97279238700867
713.0 97.97292947769165
714.0 98.05264472961426
715.0 98.1019914150238
716.0 97.96145558357239
717.0 98.14193844795227
718.0 98.25549721717834
719.0 98.24193716049194
720.0 98.44608902931213
721.0 98.39538931846619
722.0 98.07247519493103
723.0 97.85943627357483
724.0 97.57771492004395
725.0 97.30344414710999
726.0 96.91615104675293
727.0 96.610426902771
728.0 96.39044404029846
729.0 96.25856280326843
730.0 96.17549180984497
731.0 96.3232696056366
732.0 96.30168676376343
733.0 96.53615355491638
734.0 96.93707823753357
735.0 97.15243577957153
736.0 97.50058650970459
737.0 97.96953797340393
738.0 98.18822145462036
739.0 98.57318997383118
740.0 98.69791865348816
741.0 98.55422973632812
742.0 98.91213774681091
743.0 98.68378043174744
744.0 98.54322671890259
745.0 98.52632284164429
746.0 98.5419750213623
747.0 98.72374534606934
748.0 98.62825274467468
749.0 98.52323532104492
750.0 98.45163822174072
751.0 98.39900135993958
752.0 98.35651516914368
753.0 98.54962229728699
754.0 98.4576404094696
755.0 98.5643208026886
756.0 98.57016801834106
757.0 98.639315366745
758.0 98.695307970047
759.0 98.78656268119812
760.0 98.67808222770691
761.0 98.5606849193573
762.0 98.63362312316895
763.0 98.56123328208923
764.0 98.433917760849
765.0 98.44452142715454
766.0 98.4817624092102
767.0 98.27176928520203
768.0 98.34285974502563
769.0 98.37965369224548
770.0 98.14223051071167
771.0 98.12308549880981
772.0 98.15074801445007
773.0 98.02422523498535
774.0 97.87442684173584
775.0 97.92634844779968
776.0 97.91560769081116
777.0 97.95169830322266
778.0 97.9074776172638
779.0 98.01798462867737
780.0 97.92746901512146
781.0 98.20210933685303
782.0 98.00755381584167
783.0 98.17752242088318
784.0 98.10225367546082
785.0 98.2620894908905
786.0 98.32006692886353
787.0 98.13340902328491
788.0 98.22176098823547
789.0 98.40471744537354
790.0 98.28839302062988
791.0 98.33260774612427
792.0 98.18324446678162
793.0 98.12122583389282
794.0 98.04813861846924
795.0 97.97083735466003
796.0 97.91845679283142
797.0 97.95382022857666
798.0 97.95429110527039
799.0 97.86260724067688
800.0 97.72002696990967
801.0 97.68379926681519
802.0 97.65909910202026
803.0 97.42998480796814
804.0 97.20839858055115
805.0 96.78378701210022
806.0 96.51038646697998
807.0 95.79048156738281
808.0 94.86823081970215
809.0 93.80553960800171
810.0 92.45884418487549
811.0 90.70158004760742
812.0 88.54125738143921
813.0 86.01055145263672
814.0 82.96866416931152
815.0 79.462730884552
816.0 75.75089931488037
817.0 71.47307395935059
818.0 66.62923693656921
819.0 62.25740313529968
820.0 57.29340314865112
821.0 52.75927782058716
822.0 48.303163051605225
823.0 43.71705651283264
824.0 39.09969627857208
825.0 34.85448956489563
826.0 30.385369062423706
827.0 25.839266180992126
828.0 21.6193288564682
829.0 17.458613216876984
830.0 13.299134373664856
831.0 10.05982905626297
832.0 6.943629682064056
833.0 4.564222693443298
834.0 2.8786281123757362
835.0 1.7159346491098404
836.0 1.031977217644453
837.0 0.5694304592907429
838.0 0.3453267505392432
839.0 0.21935272961854935
840.0 0.08970017661340535
841.0 0.05764588713645935
842.0 0.010189958265982568
843.0 1.6359115668010404e-10
844.0 0.0026263172912877053
845.0 1.6359115668010404e-10
846.0 1.6359115668010404e-10
847.0 1.6359115668010404e-10
848.0 1.6359115668010404e-10
849.0 1.6359115668010404e-10
850.0 0.014564003504347056
851.0 1.6359115668010404e-10
852.0 0.0009082841643248685
853.0 0.0008936679478210863
854.0 0.0008790519132162444
855.0 0.0008221079951908905
856.0 0.0007651642590644769
857.0 0.0008461441211693455
858.0 0.0009271238923247438
859.0 0.0005577631782216486
860.0 0.00018840245274986955
861.0 0.00026653599434212083
862.0 0.0003446694108788506
863.0 0.00012197468777230824
864.0 1.6359115668010404e-10
865.0 1.6359115668010404e-10
866.0 9.413641350874968e-05
867.0 4.052574809065845e-05
868.0 1.6359115668010404e-10
869.0 1.6359115668010404e-10
870.0 1.6359115668010404e-10
871.0 1.6359115668010404e-10
872.0 0.00014587424175260821
873.0 0.00020409361241036095
874.0 0.0002623129375933786
875.0 0.00014632242937295814
876.0 3.0331980838127492e-05
877.0 1.6359115668010404e-10
878.0 1.6359115668010404e-10
879.0 1.6359115668010404e-10
880.0 0.0004521562914305832
881.0 0.00020552736259560334
882.0 1.6359115668010404e-10
883.0 0.00015052479511723504
884.0 0.00034215115647384664
885.0 0.00014820967635387206
886.0 1.6359115668010404e-10
887.0 9.507428444521793e-05
888.0 0.00023588038402522216
889.0 0.00012584059732034802
890.0 1.5800841879354266e-05
891.0 0.00012955176771356491
892.0 0.0002433026565995533
893.0 0.00026214686386083486
894.0 0.00028099104838474886
