lsstCam/transmission_filter_detector/r10_s11/y_10/19700101T000000.ecsv
# %ECSV 1.0
# ---
# datatype:
# - {name: wavelength, unit: nm, datatype: float32}
# - {name: efficiency, unit: '%', datatype: float64}
# meta: !!omap
# - {MODE: DETECTOR}
# - {TYPE: transmission_filter_detector}
# - {CALIBDATE: '1970-01-01T00:00:00'}
# - {INSTRUME: LSSTCam}
# - {OBSTYPE: transmission_filter_detector}
# - {CALIBCLS: lsst.ip.isr.IntermediateFilterDetectorTransmissionCurve}
# - {SOURCE: Materion (DM-46256)}
# - {DETECTOR: 31}
# - {FILTER: y_10}
# - {CALIB_ID: 'calibDate=1970-01-01T00:00:00 filter=y_10 detector=31'}
# - {DATE: '2025-04-02T15:59:50.886021'}
# - {CALIB_CREATION_DATE: '2025-04-02'}
# - {CALIB_CREATION_TIME: '15:59:50'}
# - __serialized_columns__:
#     efficiency:
#       __class__: astropy.units.quantity.Quantity
#       unit: !astropy.units.Unit {unit: '%'}
#       value: !astropy.table.SerializedColumn {name: efficiency}
#     wavelength:
#       __class__: astropy.units.quantity.Quantity
#       unit: !astropy.units.Unit {unit: nm}
#       value: !astropy.table.SerializedColumn {name: wavelength}
# schema: astropy-2.0
wavelength efficiency
[from data line 577]
877.0 0.002022488297370728
878.0 0.0008905030881578568
879.0 0.0017051044778781943
880.0 0.05368337733671069
881.0 0.08191138040274382
882.0 0.05398855428211391
883.0 0.10624583810567856
884.0 0.06039539002813399
885.0 0.07444293587468565
886.0 0.0815412902738899
887.0 0.08975850068964064
888.0 0.06920549203641713
889.0 0.10142092360183597
890.0 0.07027785759419203
891.0 0.08535918896086514
892.0 0.074079999467358
893.0 0.09526011417619884
894.0 0.07108201971277595
895.0 0.10065113892778754
896.0 0.07712819497101009
897.0 0.09896134724840522
898.0 0.07293378002941608
899.0 0.10998065117746592
900.0 0.0760552182327956
901.0 0.11490412289276719
902.0 0.12279885122552514
903.0 0.1341561204753816
904.0 0.1566445454955101
905.0 0.16571655869483948
906.0 0.200402713380754
907.0 0.23947057779878378
908.0 0.29829356353729963
909.0 0.3739036386832595
910.0 0.5152949597686529
911.0 0.6921900436282158
912.0 0.9849297814071178
913.0 1.4701354317367077
914.0 2.102569118142128
915.0 3.0717596411705017
916.0 4.368998110294342
917.0 5.944226309657097
918.0 7.892121374607086
919.0 9.89421233534813
920.0 12.756693363189697
921.0 15.793560445308685
922.0 18.741552531719208
923.0 22.070270776748657
924.0 25.66746473312378
925.0 29.659375548362732
926.0 34.68596041202545
927.0 40.32841920852661
928.0 45.68237066268921
929.0 51.731663942337036
930.0 57.52859115600586
931.0 63.65879774093628
932.0 69.80835795402527
933.0 75.61649680137634
934.0 80.35762310028076
935.0 84.19575691223145
936.0 87.57343888282776
937.0 90.21391868591309
938.0 92.1762228012085
939.0 93.50221157073975
940.0 94.38318610191345
941.0 94.95875835418701
942.0 95.46164274215698
943.0 95.69787979125977
944.0 96.21384739875793
945.0 96.33296132087708
946.0 96.66455388069153
947.0 96.7535674571991
948.0 97.01007008552551
949.0 96.96423411369324
950.0 97.07612991333008
951.0 97.05145359039307
952.0 97.02872633934021
953.0 97.17066287994385
954.0 97.2042441368103
955.0 97.17918038368225
956.0 97.41794466972351
957.0 97.56160974502563
958.0 97.74264097213745
959.0 97.88382649421692
960.0 98.0577826499939
961.0 98.18894863128662
962.0 98.28938245773315
963.0 98.41272234916687
964.0 98.51512312889099
965.0 98.60654473304749
966.0 98.6667811870575
967.0 98.77398610115051
968.0 98.7421989440918
969.0 98.76653552055359
970.0 98.80001544952393
971.0 98.8280713558197
972.0 98.89664053916931
973.0 98.94958734512329
974.0 98.94346594810486
975.0 98.92218112945557
976.0 99.00131225585938
977.0 98.98713827133179
978.0 99.05542135238647
979.0 99.02895092964172
980.0 98.99781942367554
981.0 98.94561767578125
982.0 98.93879890441895
983.0 98.95038604736328
984.0 98.90630841255188
985.0 98.91289472579956
986.0 98.7882673740387
987.0 98.84217977523804
988.0 98.7144947052002
989.0 98.68212938308716
990.0 98.61963987350464
991.0 98.60714077949524
992.0 98.65878820419312
993.0 98.59414100646973
994.0 98.54445457458496
995.0 98.52830171585083
996.0 98.52578639984131
997.0 98.62503409385681
998.0 98.64480495452881
999.0 98.71324300765991
1000.0 98.7325370311737
1001.0 98.72998595237732
1002.0 98.8476574420929
1003.0 98.89365434646606
1004.0 98.97322058677673
1005.0 98.93045425415039
1006.0 99.09610748291016
1007.0 99.08227920532227
1008.0 99.07037615776062
1009.0 99.03738498687744
1010.0 99.11502003669739
1011.0 99.08056855201721
1012.0 98.99418354034424
1013.0 99.00527000427246
1014.0 98.9987313747406
1015.0 98.94617795944214
1016.0 98.91544580459595
1017.0 98.90894293785095
1018.0 98.95482659339905
1019.0 98.8332986831665
1020.0 98.89666438102722
1021.0 99.03790354728699
1022.0 98.88339638710022
1023.0 98.87136816978455
1024.0 98.91418218612671
1025.0 98.85598421096802
1026.0 98.87338280677795
1027.0 98.9966094493866
1028.0 98.92247915267944
1029.0 99.01111721992493
1030.0 99.03109073638916
1031.0 99.01583194732666
1032.0 99.04170632362366
1033.0 99.03588891029358
1034.0 99.09111261367798
1035.0 99.11128878593445
1036.0 99.01222586631775
1037.0 99.12835359573364
1038.0 99.02721047401428
1039.0 98.95864129066467
1040.0 98.92111420631409
1041.0 99.0048348903656
1042.0 98.8998532295227
1043.0 98.91210198402405
1044.0 98.93953204154968
1045.0 98.67588877677917
1046.0 98.81048202514648
1047.0 98.75358939170837
1048.0 98.79225492477417
1049.0 98.73521327972412
1050.0 98.6806333065033
1051.0 98.62500429153442
1052.0 98.6165702342987
1053.0 98.51145148277283
1054.0 98.74138236045837
1055.0 98.82116317749023
1056.0 98.75908493995667
1057.0 98.76550436019897
1058.0 98.67600798606873
1059.0 98.65370988845825
1060.0 98.80390167236328
1061.0 98.73220920562744
1062.0 98.7692654132843
1063.0 98.77681732177734
1064.0 98.9607572555542
1065.0 98.85357618331909
1066.0 98.85640740394592
1067.0 98.92823696136475
1068.0 98.98574352264404
1069.0 98.69841933250427
1070.0 99.09077882766724
1071.0 98.85003566741943
1072.0 98.96953105926514
1073.0 98.99527430534363
1074.0 98.72205853462219
1075.0 98.77409338951111
1076.0 98.43324422836304
1077.0 98.86583685874939
1078.0 98.95530939102173
1079.0 98.53057861328125
1080.0 99.33329820632935
1081.0 98.66340756416321
1082.0 98.687082529068
1083.0 98.44290018081665
1084.0 98.82543683052063
1085.0 98.88273477554321
1086.0 98.67568612098694
1087.0 98.58254790306091
1088.0 98.59432578086853
1089.0 98.46939444541931
1090.0 98.33827614784241
1091.0 98.60166907310486
1092.0 98.59014749526978
1093.0 98.49951267242432
1094.0 98.30714464187622
1095.0 98.3173668384552
1096.0 98.41536283493042
1097.0 98.45551252365112
1098.0 97.75941371917725
1099.0 98.48493933677673
1100.0 98.22777509689331
