lsstCam/transmission_filter_detector/r10_s11/y_10/19700101T000000.ecsv
# %ECSV 1.0
# ---
# datatype:
# - {name: wavelength, unit: nm, datatype: float32}
# - {name: efficiency, unit: '%', datatype: float64}
# meta: !!omap
# - {MODE: DETECTOR}
# - {TYPE: transmission_filter_detector}
# - {CALIBDATE: '1970-01-01T00:00:00'}
# - {INSTRUME: LSSTCam}
# - {OBSTYPE: transmission_filter_detector}
# - {CALIBCLS: lsst.ip.isr.IntermediateFilterDetectorTransmissionCurve}
# - {SOURCE: Materion (DM-46256)}
# - {DETECTOR: 31}
# - {FILTER: y_10}
# - {CALIB_ID: 'calibDate=1970-01-01T00:00:00 filter=y_10 detector=31'}
# - {DATE: '2025-04-02T15:59:50.886021'}
# - {CALIB_CREATION_DATE: '2025-04-02'}
# - {CALIB_CREATION_TIME: '15:59:50'}
# - __serialized_columns__:
#     efficiency:
#       __class__: astropy.units.quantity.Quantity
#       unit: !astropy.units.Unit {unit: '%'}
#       value: !astropy.table.SerializedColumn {name: efficiency}
#     wavelength:
#       __class__: astropy.units.quantity.Quantity
#       unit: !astropy.units.Unit {unit: nm}
#       value: !astropy.table.SerializedColumn {name: wavelength}
# schema: astropy-2.0
wavelength efficiency
300.0 0.532169733196497
301.0 0.28445448260754347
302.0 0.036739176721312106
303.0 0.03301241376902908
304.0 0.029285650816746056
305.0 0.020111245976295322
306.0 0.010936834587482736
307.0 0.017585391469765455
308.0 0.02423394616926089
309.0 0.016181023966055363
310.0 0.008128101762849838
311.0 0.0072563052526675165
312.0 0.006384506559697911
313.0 0.007209149043774232
314.0 0.00803379007265903
315.0 0.007105491386028007
316.0 0.006177194882184267
317.0 0.0057100703998003155
318.0 0.005242943007033318
319.0 0.002713644425966777
320.0 0.00018434476487527718
321.0 0.0024265666070277803
322.0 0.004668788460548967
323.0 0.0034664193663047627
324.0 0.0022640508177573793
325.0 0.0006992829639784759
326.0 1.682227274146797e-10
327.0 0.0004856832219957141
328.0 0.0018368516975897364
329.0 0.003416567051317543
330.0 0.0049962825869442895
331.0 0.004148644438828342
332.0 0.003301005926914513
333.0 0.0023268870791071095
334.0 0.0013527675037039444
335.0 0.0020689762095571496
336.0 0.002785185097309295
337.0 0.0029742637707386166
338.0 0.0031633422622689977
339.0 0.00158473430929007
340.0 6.126391838279233e-06
341.0 1.682227274146797e-10
342.0 1.682227274146797e-10
343.0 0.00023765164769429248
344.0 0.0008274707397504244
345.0 0.00117325462269946
346.0 0.001519039233244257
347.0 0.0015931122106849216
348.0 0.0016671849152771756
349.0 0.001329656606685603
350.0 0.0009921279342961498
351.0 0.001442794018657878
352.0 0.0018934595573227853
353.0 0.0014762241335120052
354.0 0.0010589885278022848
355.0 0.0010744746759883128
356.0 0.0010899608241743408
357.0 0.0008750199413043447
358.0 0.0006600788765354082
359.0 0.0007453184025507653
360.0 0.0008305579285661224
361.0 0.0011549063856364228
362.0 0.0014792545698583126
363.0 0.00114275226223981
364.0 0.0008062494998739567
365.0 0.0011292363524262328
366.0 0.00145222375067533
367.0 0.0019482280549709685
368.0 0.0024442326321150176
369.0 0.0021742780518252403
370.0 0.0019043234715354629
371.0 0.0018302804164704867
372.0 0.00175623717950657
373.0 0.0020732282791868784
374.0 0.0023902193788671866
375.0 0.0031905849027680233
376.0 0.003990950790466741
377.0 0.003932536856154911
378.0 0.0038741229218430817
379.0 0.0034741962736006826
380.0 0.003074268897762522
381.0 0.0021513515093829483
382.0 0.001228433848154964
383.0 0.0011785295100708026
384.0 0.0011286248991382308
385.0 0.0009172305908577982
386.0 0.0007058361461531604
387.0 0.0007163384452724131
388.0 0.0007268409262906061
389.0 0.0006302774636424147
390.0 0.0005337140919436933
391.0 0.0005132713340572082
392.0 0.000492828576170723
393.0 0.000596655218032538
394.0 0.0007004820417932933
395.0 0.0006696830951113952
396.0 0.0006388843303284375
397.0 0.0008401210834563244
398.0 0.0010413578820589464
399.0 0.0012972695913049392
400.0 0.0015531813915004022
401.0 0.0017069582099793479
402.0 0.0018607352103572339
403.0 0.0017983975340030156
404.0 0.0017360600395477377
405.0 0.0016995278201648034
406.0 0.0016629963283776306
407.0 0.0014023676158103626
408.0 0.0011417391760915052
409.0 0.0009062428944162093
410.0 0.0006707464763167081
411.0 0.000539913389729918
412.0 0.0004090804850420682
413.0 0.0009803418834053446
414.0 0.0015516032362938859
415.0 0.0018763719708658755
416.0 0.0022011408873368055
417.0 0.0008688179150340147
418.0 1.682227274146797e-10
419.0 1.682227274146797e-10
420.0 1.682227274146797e-10
421.0 1.682227274146797e-10
422.0 0.0004929803253617138
423.0 0.0004246915523253847
424.0 0.0003564025746527477
425.0 0.000100093222954456
426.0 1.682227274146797e-10
427.0 0.00019846738723572344
428.0 0.0005531509941647528
429.0 1.682227274146797e-10
430.0 1.682227274146797e-10
431.0 0.00020436386876099277
432.0 0.0011103267752332613
433.0 0.0007788279617670923
434.0 0.0004473295575735392
435.0 0.0001306841795667424
436.0 1.682227274146797e-10
437.0 1.682227274146797e-10
438.0 5.11244934386923e-05
439.0 1.682227274146797e-10
440.0 1.682227274146797e-10
441.0 1.682227274146797e-10
442.0 1.682227274146797e-10
443.0 1.682227274146797e-10
444.0 1.682227274146797e-10
445.0 0.00018117025319952518
446.0 0.0007069736057019327
447.0 0.0007381498562608613
448.0 0.0007693260158703197
449.0 0.0007424965133395744
450.0 0.0007156668289098889
451.0 0.00027911728466278873
452.0 1.682227274146797e-10
453.0 1.682227274146797e-10
454.0 1.682227274146797e-10
455.0 1.682227274146797e-10
456.0 1.682227274146797e-10
457.0 1.682227274146797e-10
458.0 3.450753922606964e-05
459.0 0.00017559304978931323
460.0 0.0003166785973007791
461.0 0.00030680439522257075
462.0 0.0002969301704069949
463.0 0.00042616452446964104
464.0 0.0005553989467443898
465.0 0.0005454517122416291
466.0 0.0005355046596378088
467.0 0.0010489075066288933
468.0 0.0015623099898220971
469.0 0.001564155718369875
470.0 0.0015660007193218917
471.0 0.0015572084521409124
472.0 0.001548415639263112
473.0 0.0020974148355890065
474.0 0.002646414031914901
475.0 0.002571402546891477
476.0 0.002496391061868053
477.0 0.0029087159418850206
478.0 0.0033210410038009286
479.0 0.0038716090784873813
480.0 0.004422177516971715
481.0 0.004497379995882511
482.0 0.0045725824747933075
483.0 0.003978592940256931
484.0 0.0033846030419226736
485.0 0.003630767241702415
486.0 0.0038769314414821565
487.0 0.00326564913848415
488.0 0.0026543666535872035
489.0 0.0022878433810546994
490.0 0.0019213202904211357
491.0 0.0016574009350733832
492.0 0.00139348130687722
493.0 0.0010728174856922124
494.0 0.0007521539373556152
495.0 0.0010415971701149829
496.0 0.0013310404938238207
497.0 0.0018002308934228495
498.0 0.002269421747769229
499.0 0.002437112016195897
500.0 0.0026048024665215053
501.0 0.0024560815290897153
502.0 0.0023073607735568658
503.0 0.0023927668735268526
504.0 0.0024781726096989587
505.0 0.003083030242123641
506.0 0.0036878878745483235
507.0 0.002708425381570123
508.0 0.0017289621609961614
509.0 0.002024950663326308
510.0 0.0023209389837575145
511.0 0.0022714912120136432
512.0 0.002222043440269772
513.0 0.0019406797946430743
514.0 0.001659316330915317
515.0 0.001370282370771747
516.0 0.0010812484106281772
517.0 0.00126209934023791
518.0 0.001442949996999232
519.0 0.0014407491107704118
520.0 0.0014385480426426511
521.0 0.0016915979358600453
522.0 0.0019446475562290289
523.0 0.0016640515241306275
524.0 0.001383455401082756
525.0 0.0017795369785744697
526.0 0.0021756191927124746
527.0 0.002316100290045142
528.0 0.0024565817511756904
529.0 0.00274512822215911
530.0 0.003033674329344649
531.0 0.0027778038202086464
532.0 0.002521932947274763
533.0 0.0026172683647018857
534.0 0.002712603054533247
535.0 0.002366075750614982
536.0 0.0020195480828988366
537.0 0.002325155037397053
538.0 0.0026307618099963292
539.0 0.0032362975616706535
540.0 0.0038418325857492164
541.0 0.003935853237635456
542.0 0.004029873525723815
543.0 0.004237449320498854
544.0 0.0044450243876781315
545.0 0.004669466216000728
546.0 0.004893907316727564
547.0 0.004096575503353961
548.0 0.003299243326182477
549.0 0.002923727333836723
550.0 0.0025482111595920287
551.0 0.002652088733157143
552.0 0.002755966124823317
553.0 0.003118194217677228
554.0 0.0034804219467332587
555.0 0.003747093796846457
556.0 0.004013766374555416
557.0 0.0036575849662767723
558.0 0.0033014042855938897
559.0 0.0033320266084047034
560.0 0.0033626489312155172
561.0 0.0034131051506847143
562.0 0.0034635610063560307
563.0 0.003320839095977135
564.0 0.0031781168218003586
565.0 0.0037889483792241663
566.0 0.004399780300445855
567.0 0.004712796726380475
568.0 0.005025813516112976
569.0 0.005878653246327303
570.0 0.00673149261274375
571.0 0.006613768346142024
572.0 0.006496044807136059
573.0 0.00668698558001779
574.0 0.006877927080495283
575.0 0.006523215415654704
576.0 0.0061685030232183635
577.0 0.005470878750202246
578.0 0.004773254840984009
579.0 0.005465910362545401
580.0 0.006158565520308912
581.0 0.00698526346241124
582.0 0.007811960676917806
583.0 0.008774577872827649
584.0 0.009737192885950208
585.0 0.010374745761509985
586.0 0.011012299364665523
587.0 0.010640794789651409
588.0 0.01026928803185001
589.0 0.010389395174570382
590.0 0.010509504500078037
591.0 0.00960459146881476
592.0 0.008699677709955722
593.0 0.007108429417712614
594.0 0.00551718330825679
595.0 0.0056040578783722594
596.0 0.0056909328122856095
597.0 0.006072713222238235
598.0 0.00645449326839298
599.0 0.007488600385840982
600.0 0.008522706775693223
601.0 0.0090805311629083
602.0 0.009638353367336094
603.0 0.010551743616815656
604.0 0.011465136776678264
605.0 0.011416368215577677
606.0 0.011367600382072851
607.0 0.009812875941861421
608.0 0.008258154412033036
609.0 0.006455508264480159
610.0 0.004652863208320923
611.0 0.0039121830923249945
612.0 0.003171502976329066
613.0 0.0037114084989298135
614.0 0.0042513132939348
615.0 0.0047837107558734715
616.0 0.005316109309205785
617.0 0.006661332736257464
618.0 0.008006556890904903
619.0 0.0090651104983408
620.0 0.01012366556096822
621.0 0.01098860811907798
622.0 0.01185354994959198
623.0 0.011974242079304531
624.0 0.012094933481421322
625.0 0.010553270112723112
626.0 0.009011604561237618
627.0 0.007044858648441732
628.0 0.005078111644252203
629.0 0.0041916544432751834
630.0 0.0033051972422981635
631.0 0.0028184085749671794
632.0 0.002331619725737255
633.0 0.0025611467208364047
634.0 0.0027906738978344947
635.0 0.003081906834268011
636.0 0.003373139043105766
637.0 0.0040584771340945736
638.0 0.004743815225083381
639.0 0.004813760097022168
640.0 0.004883704241365194
641.0 0.005389872603700496
642.0 0.0058960406022379175
643.0 0.005538730329135433
644.0 0.005181419328437187
645.0 0.0046962177293607965
646.0 0.0042110157664865255
647.0 0.0034372336813248694
648.0 0.002663451959961094
649.0 0.0020155739548499696
650.0 0.0013676957678399049
651.0 0.0014624780305894092
652.0 0.0015572606571367942
653.0 0.0016013533240766264
654.0 0.0016454459910164587
655.0 0.0016811341993161477
656.0 0.001716822589514777
657.0 0.001581066862854641
658.0 0.0014453113180934452
659.0 0.0018076323613058776
660.0 0.0021699532226193696
661.0 0.0018808108507073484
662.0 0.0015916684787953272
663.0 0.0023346203306573443
664.0 0.003077572546317242
665.0 0.0035629764170153067
666.0 0.004048380287713371
667.0 0.0046377768740057945
668.0 0.005227172368904576
669.0 0.005380086076911539
670.0 0.005532996146939695
671.0 0.006294484774116427
672.0 0.0070559734012931585
673.0 0.008051040640566498
674.0 0.00904610933503136
675.0 0.008330243144882843
676.0 0.007614379865117371
677.0 0.006170530105009675
678.0 0.00472668070869986
679.0 0.0030886672902852297
680.0 0.0014506546904158313
681.0 0.0006778990609745961
682.0 1.682227274146797e-10
683.0 0.0002496095703463652
684.0 0.0005940757546341047
685.0 0.00039690794437774457
686.0 0.00019974013412138447
687.0 0.00015233403019010439
688.0 0.00010492798310224316
689.0 0.00017635703670748626
690.0 0.00024778610168141313
691.0 0.0003349419785081409
692.0 0.00042209785533486865
693.0 0.0003660082484202576
694.0 0.00030991859603091143
695.0 0.00042455158109078184
696.0 0.0005391846116253873
697.0 0.00047024018385855015
698.0 0.0004012956651422428
699.0 0.00038458051676570904
700.0 0.0003678651182781323
701.0 0.00032910500067373505
702.0 0.0002903450194935431
703.0 0.00038548005250049755
704.0 0.00048061510824481957
705.0 0.0004051250925840577
706.0 0.0003296348495496204
707.0 7.162100246205227e-05
708.0 1.682227274146797e-10
709.0 1.682227274146797e-10
710.0 0.00017220805830220343
711.0 0.00040930895011115354
712.0 0.0006464098078140523
713.0 0.0004719166099675931
714.0 0.0002974235258079716
715.0 0.0004147450454183854
716.0 0.0005320665877661668
717.0 0.0003174228140778723
718.0 0.00010277907449562917
719.0 0.00020727957235067151
720.0 0.00031177999062492745
721.0 0.00023047957711241907
722.0 0.00014917922044332954
723.0 0.0002935976908702287
724.0 0.00043801614992844407
725.0 0.0005177530056243995
726.0 0.0005974899977445602
727.0 0.00035122056942782365
728.0 0.00010495143669686513
729.0 0.0003414616230656975
730.0 0.0005779721050203079
731.0 0.0007437212389049819
732.0 0.0009094706001633313
733.0 0.00034038857847917825
734.0 1.682227274146797e-10
735.0 1.682227274146797e-10
736.0 1.682227274146797e-10
737.0 0.00016636902273603482
738.0 0.0007892631401773542
739.0 0.0005788525413663592
740.0 0.00036844164696958615
741.0 0.0002734234385570744
742.0 0.00017840518466982758
743.0 1.682227274146797e-10
744.0 1.682227274146797e-10
745.0 0.00027182138637726894
746.0 0.0007422335329465568
747.0 0.00048443143896292895
748.0 0.00022662945866613882
749.0 2.2248735831453814e-05
750.0 1.682227274146797e-10
751.0 1.682227274146797e-10
752.0 0.00013316098375071306
753.0 0.00022181675376486965
754.0 0.0003104724555669236
755.0 1.682227274146797e-10
756.0 1.682227274146797e-10
757.0 1.682227274146797e-10
758.0 1.682227274146797e-10
759.0 0.00011310069112369092
760.0 0.0006778617262170883
761.0 0.00031581369057676056
762.0 1.682227274146797e-10
763.0 1.682227274146797e-10
764.0 1.682227274146797e-10
765.0 3.825505814347707e-05
766.0 0.00025654896944615757
767.0 1.682227274146797e-10
768.0 1.682227274146797e-10
769.0 1.682227274146797e-10
770.0 1.682227274146797e-10
771.0 1.682227274146797e-10
772.0 1.682227274146797e-10
773.0 0.00024988048608065583
774.0 0.0007512855518143624
775.0 0.00041369148675585166
776.0 7.609733074787073e-05
777.0 0.0002267864829263999
778.0 0.00037747561236756155
779.0 0.0004941477072861744
780.0 0.0006108197339926846
781.0 0.0005926372523390455
782.0 0.0005744547252106713
783.0 0.0004455270754988305
784.0 0.00031659938031225465
785.0 0.00011655299658741569
786.0 1.682227274146797e-10
787.0 0.0004940888629789697
788.0 0.001071671249519568
789.0 0.000950218327488983
790.0 0.0008287654964078683
791.0 0.0006491980911960127
792.0 0.0004696304586104816
793.0 0.0005816135399072664
794.0 0.0006935963028809056
795.0 0.0007229456514323829
796.0 0.00075229490903439
797.0 0.00044745720515493304
798.0 0.00014261947853810852
799.0 0.0006081591436668532
800.0 0.0010736988770077005
801.0 0.0006012940957589308
802.0 0.000128889416828315
803.0 0.0003559948481779429
804.0 0.0005831002908962546
805.0 0.0007488559276680462
806.0 0.0009146115189651027
807.0 0.0004953223196935141
808.0 7.603313747495122e-05
809.0 1.682227274146797e-10
810.0 1.682227274146797e-10
811.0 0.00015454950244020438
812.0 0.0006258546818571631
813.0 0.0007657791684323456
814.0 0.0009057037459569983
815.0 0.0008550464372092392
816.0 0.0008043885827646591
817.0 0.0008602805792179424
818.0 0.000916172666620696
819.0 0.0008454924682155252
820.0 0.0007748123607598245
821.0 0.0007107478722900851
822.0 0.0006466833383456105
823.0 0.0006839950401626993
824.0 0.0007213069238787284
825.0 0.0006478599061665591
826.0 0.0005744129339291248
827.0 0.0006743531685060589
828.0 0.0007742934940324631
829.0 0.0004236065706209047
830.0 7.291964152500441e-05
831.0 0.00020723382476717234
832.0 0.0003415482069613063
833.0 0.00048770580178825185
834.0 0.000633863419352565
835.0 8.79280264598492e-05
836.0 1.682227274146797e-10
837.0 1.682227274146797e-10
838.0 0.0001366382548440015
839.0 0.00048431843424623366
840.0 0.0008319986591232009
841.0 0.0010597695109026972
842.0 0.0012875403626821935
843.0 0.0010304003808414564
844.0 0.0007732602171017788
845.0 0.0006070021754567279
846.0 0.0004407439973874716
847.0 0.0007474010999430902
848.0 0.0010540581570239738
849.0 0.0007967672900122125
850.0 0.0005394759682531003
851.0 0.0009251906703866553
852.0 0.0013109054634696804
853.0 0.0004911455562250922
854.0 1.682227274146797e-10
855.0 1.682227274146797e-10
856.0 1.682227274146797e-10
857.0 0.0004797249403054593
858.0 0.0015304971384466626
859.0 0.0013037785720371176
860.0 0.0010770596418296918
861.0 0.0014857448149996344
862.0 0.0018944301700685173
863.0 0.0019457647795206867
864.0 0.001997099388972856
865.0 0.0020271232642699033
866.0 0.0020571476852637716
867.0 0.0027163850973010994
868.0 0.003375622327439487
869.0 0.0030028639230295084
870.0 0.0026301053367205895
871.0 0.0031803308957023546
872.0 0.00373055663658306
873.0 0.002722421231737826
874.0 0.0017142861906904727
875.0 0.0024343800760107115
