lsstCam/transmission_filter_detector/r31_s00/r_57/19700101T000000.ecsv
# %ECSV 1.0
# ---
# datatype:
# - {name: wavelength, unit: nm, datatype: float32}
# - {name: efficiency, unit: '%', datatype: float64}
# meta: !!omap
# - {MODE: DETECTOR}
# - {TYPE: transmission_filter_detector}
# - {CALIBDATE: '1970-01-01T00:00:00'}
# - {INSTRUME: LSSTCam}
# - {OBSTYPE: transmission_filter_detector}
# - {CALIBCLS: lsst.ip.isr.IntermediateFilterDetectorTransmissionCurve}
# - {SOURCE: Materion (DM-46256)}
# - {DETECTOR: 126}
# - {FILTER: r_57}
# - {CALIB_ID: 'calibDate=1970-01-01T00:00:00 filter=r_57 detector=126'}
# - {DATE: '2025-04-02T15:59:44.766089'}
# - {CALIB_CREATION_DATE: '2025-04-02'}
# - {CALIB_CREATION_TIME: '15:59:44'}
# - __serialized_columns__:
#     efficiency:
#       __class__: astropy.units.quantity.Quantity
#       unit: !astropy.units.Unit {unit: '%'}
#       value: !astropy.table.SerializedColumn {name: efficiency}
#     wavelength:
#       __class__: astropy.units.quantity.Quantity
#       unit: !astropy.units.Unit {unit: nm}
#       value: !astropy.table.SerializedColumn {name: wavelength}
# schema: astropy-2.0
wavelength efficiency
300.0 0.0019979917851742357
301.0 0.004597156657837331
302.0 0.007196321530500427
303.0 0.010409415699541569
304.0 0.013622512051369995
305.0 0.01191808914882131
306.0 0.010213667701464146
307.0 0.0087956061179284
308.0 0.007377545989584178
309.0 0.006997094897087663
310.0 0.006616643076995388
311.0 0.0060262980696279556
312.0 0.005435951970866881
313.0 0.005144908936927095
314.0 0.004853865902987309
315.0 0.004712914596893825
316.0 0.004571963654598221
317.0 0.0042448438762221485
318.0 0.0039177233702503145
319.0 0.003729573654709384
320.0 0.0035414221201790497
321.0 0.003178746919729747
322.0 0.0028160697183921
323.0 0.0025859179004328325
324.0 0.002355766082473565
325.0 0.002253807360830251
326.0 0.0021518486391869374
327.0 0.0022758717022952624
328.0 0.0023998947654035874
329.0 0.002402670361334458
330.0 0.002405445593467448
331.0 0.002110586501657963
332.0 0.0018157268641516566
333.0 0.0016676071027177386
334.0 0.0015194873412838206
335.0 0.0014291639672592282
336.0 0.0013388403203862254
337.0 0.0012121816325816326
338.0 0.0010855229447770398
339.0 0.00096777639555512
340.0 0.0008500299372826703
341.0 0.0008391237315663602
342.0 0.0008282176167995203
343.0 0.0007970889782882296
344.0 0.0007659601578779984
345.0 0.0007456918865500484
346.0 0.000725423478797893
347.0 0.0007447506959579187
348.0 0.0007640780495421495
349.0 0.0007420662768709008
350.0 0.0029985050787217915
351.0 0.005147893898538314
352.0 0.007297281990759075
353.0 0.007054318848531693
354.0 0.006811355706304312
355.0 0.004852231722907163
356.0 0.002893107921408955
357.0 0.0033915217500180006
358.0 0.0038899361243238673
359.0 0.004071705916430801
360.0 0.004253475708537735
361.0 0.0030235583835747093
362.0 0.001793641240510624
363.0 0.0020466313799261115
364.0 0.002299621519341599
365.0 0.0021043320884928107
366.0 0.0019090428395429626
367.0 0.0023186736143543385
368.0 0.0027283038434688933
369.0 0.003097845910815522
370.0 0.003467387068667449
371.0 0.0034389398933853954
372.0 0.003410492354305461
373.0 0.0028948625185876153
374.0 0.0023792326828697696
375.0 0.0016748790585552342
376.0 0.0009705253432912286
377.0 0.0019270473785581999
378.0 0.002883569322875701
379.0 0.0023764947400195524
380.0 0.0018694205209612846
381.0 0.002163030694646295
382.0 0.0024566412321291864
383.0 0.0032048774301074445
384.0 0.003953113991883583
385.0 0.00450521256425418
386.0 0.0050573115004226565
387.0 0.004561089735943824
388.0 0.004064868699060753
389.0 0.0033729982533259317
390.0 0.002681127079995349
391.0 0.002274592225148808
392.0 0.001868057734100148
393.0 0.0017869177099782974
394.0 0.0017057780496543273
395.0 0.0013284193300933111
396.0 0.0009510607014817651
397.0 0.0008102836545731407
398.0 0.0006695068350381916
399.0 0.0005563556442211848
400.0 0.0004432044534041779
401.0 0.0005357586360332789
402.0 0.0006283126367634395
403.0 0.0005646757017530035
404.0 0.0005010388122173026
405.0 0.0010189895874646027
406.0 0.0015369403627119027
407.0 0.0014913740415067878
408.0 0.0014458074474532623
409.0 0.0009902885722112842
410.0 0.0005347696969693061
411.0 0.000698185749570257
412.0 0.0008616018931206781
413.0 0.0012442926163203083
414.0 0.001626983612368349
415.0 0.001695613536867313
416.0 0.001764243825164158
417.0 0.0015222567526507191
418.0 0.0012802697710867506
419.0 0.001956858795892913
420.0 0.0026334475478506647
421.0 0.0039863127312855795
422.0 0.005339177732821554
423.0 0.008418325160164386
424.0 0.011497472587507218
425.0 0.015312763571273535
426.0 0.019128051644656807
427.0 0.01949714496731758
428.0 0.019866238289978355
429.0 0.015576965233776718
430.0 0.01128769144997932
431.0 0.007796746649546549
432.0 0.004305801849113777
433.0 0.0034145410609198734
434.0 0.00252328045462491
435.0 0.002061822306131944
436.0 0.0016003643395379186
437.0 0.0011049702152376994
438.0 0.000609576454735361
439.0 0.0007385119715763722
440.0 0.0008674474884173833
441.0 0.0009506352398602758
442.0 0.0010338232641515788
443.0 0.001420372700522421
444.0 0.0018069222278427333
445.0 0.0017188394849654287
446.0 0.0016307571058860049
447.0 0.0014771795576962177
448.0 0.001323602282354841
449.0 0.001218400302605005
450.0 0.001113198322855169
451.0 0.0012730359230772592
452.0 0.0014328730685519986
453.0 0.0015836296370252967
454.0 0.0017343856598017737
455.0 0.0015266958143911324
456.0 0.001319006423727842
457.0 0.0009824726475926582
458.0 0.000645938689558534
459.0 0.000876985359354876
460.0 0.001108032029151218
461.0 0.0015952076864778064
462.0 0.002082383434753865
463.0 0.0029266951969475485
464.0 0.003771006959141232
465.0 0.0046407065383391455
466.0 0.005510405026143417
467.0 0.006098339144955389
468.0 0.006686273263767362
469.0 0.005798064012196846
470.0 0.004909855124424212
471.0 0.0037742840504506603
472.0 0.0026387131583760493
473.0 0.0019280394553788938
474.0 0.0012173654795333277
475.0 0.0008910348697099835
476.0 0.0005647042144119041
477.0 0.0006860852863610489
478.0 0.0008074663128354587
479.0 0.0007823291525710374
480.0 0.0007571919468318811
481.0 0.0006423054401238915
482.0 0.000527419024365372
483.0 0.000604903107159771
484.0 0.0006823873263783753
485.0 0.0007086012374202255
486.0 0.0007348151939368108
487.0 0.00047848639042058494
488.0 0.00022215765511646168
489.0 0.000460057253803825
490.0 0.0006979568752285559
491.0 0.0007612206445628544
492.0 0.0008244845048466232
493.0 0.0008930477633839473
494.0 0.0009616112038202118
495.0 0.0009843622137850616
496.0 0.0010071132237499114
497.0 0.0010224682227999438
498.0 0.0010378233127994463
499.0 0.0011070898835896514
500.0 0.0011763568181777373
501.0 0.0012441162652976345
502.0 0.0013118756214680616
503.0 0.0017135887901531532
504.0 0.0021153016859898344
505.0 0.00254080932791112
506.0 0.002966317151731346
507.0 0.0037066747609060258
508.0 0.004447032188181765
509.0 0.0047996134526329115
510.0 0.005152195444679819
511.0 0.004792200343217701
512.0 0.004432205241755582
513.0 0.0037412810343084857
514.0 0.0030503564630635083
515.0 0.0028392238164087757
516.0 0.0026280911697540432
517.0 0.0027168591259396635
518.0 0.0028056270821252838
519.0 0.010473653674125671
520.0 0.09144249488599598
521.0 0.08134615491144359
522.0 0.15474093379452825
523.0 0.11947485618293285
524.0 0.080586300464347
525.0 0.07332592504099011
526.0 0.0722031225450337
527.0 0.14813462039455771
528.0 0.09248786373063922
529.0 0.0804227136541158
530.0 0.164587062317878
531.0 0.1781170954927802
532.0 0.2794291125610471
533.0 0.29441374354064465
534.0 0.2832608064636588
535.0 0.3828655695542693
536.0 0.5871390458196402
537.0 0.8109655231237411
538.0 1.2653369456529617
539.0 2.036541700363159
540.0 3.1944062560796738
541.0 4.714890569448471
542.0 7.001437991857529
543.0 9.839887171983719
544.0 13.235405087471008
545.0 17.100879549980164
546.0 21.796205639839172
547.0 27.694955468177795
548.0 35.01196205615997
549.0 42.9582417011261
550.0 50.00266432762146
551.0 58.05376172065735
552.0 63.63467574119568
553.0 68.79019141197205
554.0 73.51379990577698
555.0 77.41644382476807
556.0 81.28987550735474
557.0 84.17991399765015
558.0 87.36039996147156
559.0 90.9502387046814
560.0 91.79694056510925
561.0 94.03781294822693
562.0 95.02828121185303
563.0 95.07047533988953
564.0 95.06856203079224
565.0 94.79286074638367
566.0 95.58590054512024
567.0 94.84649896621704
568.0 95.2982246875763
569.0 95.90882062911987
570.0 95.35465836524963
571.0 96.71334028244019
572.0 96.3667094707489
573.0 96.66380286216736
574.0 96.61835432052612
575.0 96.58128619194031
576.0 96.82236313819885
577.0 97.24202752113342
578.0 96.81779742240906
579.0 97.01223373413086
580.0 96.28105163574219
581.0 96.37354612350464
582.0 96.54051661491394
583.0 96.36986255645752
584.0 95.5644428730011
585.0 96.21140360832214
586.0 96.16042971611023
587.0 95.89557647705078
588.0 96.15033268928528
589.0 96.78723812103271
590.0 96.10820412635803
591.0 95.52255272865295
592.0 95.94003558158875
593.0 95.33765316009521
594.0 95.65605521202087
595.0 95.75278162956238
596.0 96.92524075508118
597.0 96.86243534088135
598.0 96.3729202747345
599.0 96.7237114906311
600.0 96.20474576950073
601.0 95.63921689987183
602.0 96.35729789733887
603.0 96.017986536026
604.0 96.3335394859314
605.0 96.35145664215088
606.0 96.17615938186646
607.0 95.62180638313293
608.0 96.22717499732971
609.0 95.39155960083008
610.0 95.68018317222595
611.0 95.68363428115845
612.0 95.5445408821106
613.0 96.43746614456177
614.0 96.50709629058838
615.0 96.02568745613098
616.0 96.34390473365784
617.0 96.05628252029419
618.0 95.86303234100342
619.0 96.77308797836304
620.0 95.72469592094421
621.0 95.60313820838928
622.0 96.42017483711243
623.0 96.40750885009766
624.0 96.20578289031982
625.0 96.51099443435669
626.0 95.93114852905273
627.0 94.70381736755371
628.0 96.8990683555603
629.0 95.11152505874634
630.0 96.0903525352478
631.0 95.55879831314087
632.0 96.4053750038147
633.0 95.93603610992432
634.0 95.83566784858704
635.0 96.17905616760254
636.0 95.73174118995667
637.0 95.40080428123474
638.0 95.07305026054382
639.0 95.19459009170532
640.0 95.40141224861145
641.0 95.40413022041321
642.0 95.70733904838562
643.0 95.59544920921326
644.0 95.52491307258606
645.0 95.71908116340637
646.0 95.64652442932129
647.0 96.69134020805359
648.0 96.32378220558167
649.0 95.33263444900513
650.0 96.09387516975403
651.0 96.22992277145386
652.0 96.47446870803833
653.0 95.69950103759766
654.0 95.90943455696106
655.0 96.2310791015625
656.0 95.47383785247803
657.0 95.38509845733643
658.0 95.99751830101013
659.0 96.24334573745728
660.0 95.17692923545837
661.0 95.02389430999756
662.0 95.57386636734009
663.0 95.32029032707214
664.0 95.60916423797607
665.0 95.00665664672852
666.0 95.41826248168945
667.0 95.65510749816895
668.0 94.88666653633118
669.0 95.50252556800842
670.0 95.33663392066956
671.0 95.48025727272034
672.0 95.22205591201782
673.0 94.83336806297302
674.0 94.8732316493988
675.0 95.38884162902832
676.0 94.92196440696716
677.0 94.03345584869385
678.0 93.13172698020935
679.0 92.67607927322388
680.0 91.94300174713135
681.0 90.36204814910889
682.0 88.44536542892456
683.0 86.03639006614685
684.0 82.64928460121155
685.0 79.08133864402771
686.0 75.62202215194702
687.0 70.87085843086243
688.0 66.50122404098511
689.0 62.12621331214905
690.0 56.97417855262756
691.0 52.83372402191162
692.0 47.97593653202057
693.0 43.78812909126282
694.0 38.82073760032654
695.0 33.76011252403259
696.0 28.548219799995422
697.0 23.431621491909027
698.0 17.74802953004837
699.0 13.01400363445282
700.0 9.363356977701187
701.0 5.960619077086449
702.0 3.802487626671791
703.0 2.1768245846033096
704.0 1.292212400585413
705.0 0.7412219420075417
706.0 0.4920179024338722
707.0 0.2700126264244318
708.0 0.2133469097316265
709.0 0.19141494994983077
710.0 0.13476324966177344
711.0 0.04363983171060681
712.0 0.11310001136735082
713.0 0.06130023393779993
714.0 0.09461392764933407
715.0 0.03671043668873608
716.0 0.05372424493543804
717.0 0.04531792365014553
718.0 0.04235624801367521
719.0 0.006898154970258474
720.0 1.6030265222871654e-10
721.0 0.004765664925798774
722.0 0.004416093725012615
723.0 0.004066522888024338
724.0 0.003787294917856343
725.0 0.0035080669476883486
726.0 0.003250569716328755
727.0 0.0029930724849691615
728.0 0.002850309101631865
729.0 0.0027075457182945684
730.0 0.002574831887613982
731.0 0.002442117875034455
732.0 0.00236948089877842
733.0 0.0022968439225223847
734.0 0.0021660020138369873
735.0 0.00203516010515159
736.0 0.0019008379240403883
737.0 0.001766515924828127
738.0 0.0017388550986652263
739.0 0.0017111944544012658
740.0 0.0016431335097877309
741.0 0.0015750727470731363
742.0 0.0014238731637306046
743.0 0.0012726732165901922
744.0 0.0014422657841350883
745.0 0.0016118581697810441
746.0 0.0014021594324731268
747.0 0.001192460422316799
748.0 0.0012094769772375003
749.0 0.0012264933502592612
750.0 0.0011930599612242077
751.0 0.0011596268450375646
752.0 0.0011862985957122874
753.0 0.0012129707101848908
754.0 0.0012099728337489069
755.0 0.001206975048262393
756.0 0.0010862449016713072
757.0 0.0009655149369791616
758.0 0.0009648205377743579
759.0 0.0009641262295190245
760.0 0.0009116909495787695
761.0 0.0008592555786890443
762.0 0.0009026844963955227
763.0 0.0009461137778998818
764.0 0.000990370062936563
765.0 0.0010346264389227144
766.0 0.0009526445865049027
767.0 0.0008706623702892102
768.0 0.0007778420695103705
769.0 0.0006850213139841799
770.0 0.000665700099489186
771.0 0.0006463787940447219
772.0 0.0007452149020537036
773.0 0.0008440506462648045
774.0 0.0009429205420019571
775.0 0.0010417905286885798
776.0 0.0010978822501783725
777.0 0.001153974426415516
778.0 0.0009915980626828969
779.0 0.0008292221536976285
780.0 0.0007953633030410856
781.0 0.000761504634283483
782.0 0.0008222057658713311
783.0 0.0008829071703075897
784.0 0.0008024318958632648
785.0 0.0007219567578431452
786.0 0.0008001705282367766
787.0 0.0008783842531556729
788.0 0.0007027311312413076
789.0 0.0005270778274280019
790.0 0.0006715125437040115
791.0 0.0008159474418789614
792.0 0.000816816736914916
793.0 0.0008176856681529898
794.0 0.0008380781764572021
795.0 0.0008584708666603547
796.0 0.0007147910764615517
797.0 0.0005711113317374839
798.0 0.0006833622592239408
799.0 0.0007956134140840732
800.0 0.0008626962880953215
801.0 0.0009297787983086891
802.0 0.00088190699898405
803.0 0.0008340351087099407
804.0 0.0007338367595366435
805.0 0.0006336384103633463
806.0 0.0006263521299842978
807.0 0.0006190656222315738
808.0 0.0006028463758411817
809.0 0.0005866269475518493
810.0 0.0006385009328369051
811.0 0.0006903747362230206
812.0 0.000578952949581435
813.0 0.0004675311174651142
814.0 0.0004577294021146372
815.0 0.00044792773223889526
816.0 0.00064406681303808
817.0 0.0008402061212109402
818.0 0.00068413132794376
819.0 0.0005280563073029043
820.0 0.0005702341240976239
821.0 0.0006124119408923434
822.0 0.0006207489150256151
823.0 0.000629085934633622
824.0 0.0005563472768699285
825.0 0.0004836084826820297
826.0 0.00046116097109916154
827.0 0.00043871350499102846
828.0 0.0004630824605555972
829.0 0.00048745141612016596
830.0 0.00023342013264482375
831.0 1.6030265222871654e-10
832.0 1.6030265222871654e-10
833.0 1.6030265222871654e-10
834.0 1.6030265222871654e-10
835.0 0.00013895190704715787
836.0 0.00020864979433099506
837.0 0.0002783476702461485
838.0 0.000680470657243859
839.0 0.0010825936442415696
840.0 0.0014245170859794598
841.0 0.0017664406186668202
842.0 0.002007183138630353
843.0 0.0022479260223917663
844.0 0.0021793281121063046
845.0 0.0021107303837197833
846.0 0.0018781742255669087
847.0 0.0016456180674140342
848.0 0.0016139807485160418
849.0 0.001582343247719109
850.0 0.0014947965610190295
851.0 0.0014072496014705393
852.0 0.0013361486708163284
853.0 0.0012650478311115876
854.0 0.0010201611985394266
855.0 0.0007752743840683252
856.0 0.0006399237918230938
857.0 0.000504572972204187
858.0 0.00046664104047522414
859.0 0.00042870910874626134
860.0 0.0003237323653593194
861.0 0.00021875559923500987
862.0 0.00031604961350240046
863.0 0.0004133436505071586
864.0 0.0002898865659517469
865.0 0.00016642953823975404
866.0 0.00011360730240994599
867.0 6.078503247408662e-05
868.0 6.548047792875877e-06
869.0 1.6030265222871654e-10
870.0 1.6030265222871654e-10
871.0 3.59878157496496e-05
872.0 1.6030265222871654e-10
873.0 1.6030265222871654e-10
874.0 1.6030265222871654e-10
875.0 1.6030265222871654e-10
876.0 7.012228024905198e-05
877.0 0.00017866983625935973
878.0 0.00018924787354990258
879.0 0.00019982594494649675
880.0 0.0001845606675487943
881.0 0.00016929539015109185
882.0 0.00018827213352778926
883.0 0.00020724885416711913
884.0 9.596160452929325e-05
885.0 1.6030265222871654e-10
886.0 0.00011035157285732566
887.0 0.0002360288135605515
888.0 0.00022230169633985497
889.0 0.000208574601856526
890.0 0.00016667379441059893
891.0 0.00012477304380809073
892.0 4.326042244429118e-05
893.0 1.6030265222871654e-10
894.0 4.921370688748539e-06
895.0 4.80949154280097e-05
896.0 1.6030265222871654e-10
897.0 1.6030265222871654e-10
898.0 2.512446997116058e-05
899.0 0.00010029827990365447
900.0 7.412058380396047e-05
