lsstCam/transmission_filter_detector/r31_s00/r_57/19700101T000000.ecsv
# %ECSV 1.0
# ---
# datatype:
# - {name: wavelength, unit: nm, datatype: float32}
# - {name: efficiency, unit: '%', datatype: float64}
# meta: !!omap
# - {MODE: DETECTOR}
# - {TYPE: transmission_filter_detector}
# - {CALIBDATE: '1970-01-01T00:00:00'}
# - {INSTRUME: LSSTCam}
# - {OBSTYPE: transmission_filter_detector}
# - {CALIBCLS: lsst.ip.isr.IntermediateFilterDetectorTransmissionCurve}
# - {SOURCE: Materion (DM-46256)}
# - {DETECTOR: 126}
# - {FILTER: r_57}
# - {CALIB_ID: 'calibDate=1970-01-01T00:00:00 filter=r_57 detector=126'}
# - {DATE: '2025-04-02T15:59:44.766089'}
# - {CALIB_CREATION_DATE: '2025-04-02'}
# - {CALIB_CREATION_TIME: '15:59:44'}
# - __serialized_columns__:
#     efficiency:
#       __class__: astropy.units.quantity.Quantity
#       unit: !astropy.units.Unit {unit: '%'}
#       value: !astropy.table.SerializedColumn {name: efficiency}
#     wavelength:
#       __class__: astropy.units.quantity.Quantity
#       unit: !astropy.units.Unit {unit: nm}
#       value: !astropy.table.SerializedColumn {name: wavelength}
# schema: astropy-2.0
wavelength efficiency
[from data line 602]
902.0 5.3006209554951056e-05
903.0 5.806952572129376e-05
904.0 1.686168786818598e-05
905.0 1.6030265222871654e-10
906.0 5.128723614689079e-05
907.0 0.00012692064501607092
908.0 0.00015363139027613215
909.0 0.00018034211279882584
910.0 4.3089067958135274e-05
911.0 1.6030265222871654e-10
912.0 2.9345459395813123e-06
913.0 0.00010003309398598503
914.0 6.826728622399969e-05
915.0 3.6501475619843404e-05
916.0 2.5266885472774447e-05
917.0 1.403228537810719e-05
918.0 0.00011844324490084546
919.0 0.00022285416889644694
920.0 0.0001827829805733927
921.0 0.00014271176951297093
922.0 0.00018145362901123008
923.0 0.00022019548850948922
924.0 0.00018728252371147391
925.0 0.00015436954754477483
926.0 0.00013377411960391328
927.0 0.00011317866892568418
928.0 0.0001305398882323061
929.0 0.00014790106206419296
930.0 0.00016349689531125478
931.0 0.0001790926830835815
932.0 0.0001325513721894822
933.0 8.601007834840857e-05
934.0 6.188466841194895e-05
935.0 3.775927268634405e-05
936.0 7.290934718184872e-05
937.0 0.00010805938472913112
938.0 0.00011610583214860526
939.0 0.00012415224546202808
940.0 0.00013527263718060567
941.0 0.00014639296068708063
942.0 0.0002570908463894739
943.0 0.00036778872072318336
944.0 0.00034047634471789934
945.0 0.0003131639687126153
946.0 0.0003970608304371126
947.0 0.0004809578058484476
948.0 0.0003797523504545097
949.0 0.00027854705422214465
950.0 0.0003786250317716622
951.0 0.00047870307753328234
952.0 0.0006042032964614918
953.0 0.0007297036972886417
954.0 0.0009450928700971417
955.0 0.0011604824067035224
956.0 0.0012731987226288766
957.0 0.0013859149476047605
958.0 0.0015864015949773602
959.0 0.00178688824234996
960.0 0.0019202383555239066
961.0 0.0020535884686978534
962.0 0.0022800100850872695
963.0 0.002506431337678805
964.0 0.0024997925720526837
965.0 0.0024931539883255027
966.0 0.0025199151423294097
967.0 0.002546676478232257
968.0 0.002537693399062846
969.0 0.0025287106836913154
970.0 0.0025181750970659778
971.0 0.002507639874238521
972.0 0.0026442838134244084
973.0 0.0027809279345092364
974.0 0.0029380436899373308
975.0 0.0030951596272643656
976.0 0.0030655697628390044
977.0 0.0030359798984136432
978.0 0.0030720646464033052
979.0 0.0031081493943929672
980.0 0.0030964569305069745
981.0 0.0030847644666209817
982.0 0.003085218122578226
983.0 0.0030856714147375897
984.0 0.0029466193154803477
985.0 0.0028075670343241654
986.0 0.0026943835109705105
987.0 0.002581200169515796
988.0 0.0025274319341406226
989.0 0.0024736644263612106
990.0 0.0024937371563282795
991.0 0.0025138095224974677
992.0 0.0025415529307792895
993.0 0.0025692965209600516
994.0 0.0026418039851705544
995.0 0.0027143116312799975
996.0 0.0027690601200447418
997.0 0.0028238087907084264
998.0 0.0029749158784397878
999.0 0.0031260231480700895
1000.0 0.0031838284485274926
1001.0 0.0032416337489848956
1002.0 0.003473078686511144
1003.0 0.0037045236240373924
1004.0 0.0037255515053402632
1005.0 0.003746579386643134
1006.0 0.003937010842491873
1007.0 0.004127443025936373
1008.0 0.004152383917244151
1009.0 0.0041773240809561685
1010.0 0.004166991493548267
1011.0 0.004156659269938245
1012.0 0.004097294731764123
1013.0 0.004037929465994239
1014.0 0.0038231653888942674
1015.0 0.0036084005841985345
1016.0 0.003358891626703553
1017.0 0.0031093826692085713
1018.0 0.0028325588573352434
1019.0 0.002555735409259796
1020.0 0.0022499385522678494
1021.0 0.001944141877174843
1022.0 0.0016530471839359961
1023.0 0.0013619525816466194
1024.0 0.001320416595262941
1025.0 0.0012788806088792626
1026.0 0.0011591872862481978
1027.0 0.0010394940545666032
1028.0 0.0009899358701659366
1029.0 0.0009403777767147403
1030.0 0.0008855494343151804
1031.0 0.0008307211828650907
1032.0 0.0008280749170808122
1033.0 0.0008254285603470635
1034.0 0.0006594706519535976
1035.0 0.0004935124707117211
1036.0 0.0006300951099547092
1037.0 0.0007666777491976973
1038.0 0.0008020822860999033
1039.0 0.0008374869139515795
1040.0 0.000721539072401356
1041.0 0.0006055912763258675
1042.0 0.0006604685950151179
1043.0 0.0007153458227548981
1044.0 0.0008071991032920778
1045.0 0.0008990523383545224
1046.0 0.0008705939762876369
1047.0 0.000842135887069162
1048.0 0.0008046675247896928
1049.0 0.0007671991625102237
1050.0 0.0008549580343242269
1051.0 0.0009427169061382301
1052.0 0.000941059352044249
1053.0 0.0009394013432029169
1054.0 0.0008957340469351038
1055.0 0.0008520667506672908
1056.0 0.0008242484000220429
1057.0 0.0007964297765283845
1058.0 0.0009127918019657955
1059.0 0.0010291535545547958
1060.0 0.0011479547538328916
1061.0 0.0012667555893131066
1062.0 0.0013796324310533237
1063.0 0.0014925090908946004
1064.0 0.0013858856618753634
1065.0 0.0012792623238055967
1066.0 0.0015081200217537116
1067.0 0.001736977901600767
1068.0 0.0018149268726119772
1069.0 0.0018928758436231874
1070.0 0.0018943319446407259
1071.0 0.0018957880456582643
1072.0 0.0017174577806144953
1073.0 0.0015391273336717859
1074.0 0.0020400137145770714
1075.0 0.002540899731684476
1076.0 0.0028896907679154538
1077.0 0.0032384818041464314
1078.0 0.0034033389965770766
1079.0 0.003568196189007722
1080.0 0.004082389204995707
1081.0 0.00459658149338793
1082.0 0.004319918298278935
1083.0 0.00404325473937206
1084.0 0.004164675920037553
1085.0 0.004286096373107284
1086.0 0.004127420106669888
1087.0 0.00396874311263673
1088.0 0.0038193815271370113
1089.0 0.003670019577839412
1090.0 0.0030314135074149817
1091.0 0.002392807618889492
1092.0 0.0033588985388632864
1093.0 0.004324989640736021
1094.0 0.004195791188976727
1095.0 0.0040665931010153145
1096.0 0.0035443554224912077
1097.0 0.0030221181077649817
1098.0 0.0035277622373541817
1099.0 0.0040334067307412624
1100.0 0.0029831589927198365
1101.0 0.00193291089090053
