lsstCam/transmission_filter_detector/r14_s11/r_57/19700101T000000.ecsv
# %ECSV 1.0
# ---
# datatype:
# - {name: wavelength, unit: nm, datatype: float32}
# - {name: efficiency, unit: '%', datatype: float64}
# meta: !!omap
# - {MODE: DETECTOR}
# - {TYPE: transmission_filter_detector}
# - {CALIBDATE: '1970-01-01T00:00:00'}
# - {INSTRUME: LSSTCam}
# - {OBSTYPE: transmission_filter_detector}
# - {CALIBCLS: lsst.ip.isr.IntermediateFilterDetectorTransmissionCurve}
# - {SOURCE: Materion (DM-46256)}
# - {DETECTOR: 67}
# - {FILTER: r_57}
# - {CALIB_ID: 'calibDate=1970-01-01T00:00:00 filter=r_57 detector=67'}
# - {DATE: '2025-04-02T15:59:44.493526'}
# - {CALIB_CREATION_DATE: '2025-04-02'}
# - {CALIB_CREATION_TIME: '15:59:44'}
# - __serialized_columns__:
#     efficiency:
#       __class__: astropy.units.quantity.Quantity
#       unit: !astropy.units.Unit {unit: '%'}
#       value: !astropy.table.SerializedColumn {name: efficiency}
#     wavelength:
#       __class__: astropy.units.quantity.Quantity
#       unit: !astropy.units.Unit {unit: nm}
#       value: !astropy.table.SerializedColumn {name: wavelength}
# schema: astropy-2.0
wavelength efficiency
300.0 0.0038287118513835594
301.0 0.008886092837201431
302.0 0.013943474914412946
303.0 0.01651160418987274
304.0 0.01907973492052406
305.0 0.016529887216165662
306.0 0.013980039511807263
307.0 0.012503685138653964
308.0 0.011027332220692188
309.0 0.01010238120215945
310.0 0.009177430911222473
311.0 0.007990212907316163
312.0 0.006802995631005615
313.0 0.006191828288137913
314.0 0.005580661672865972
315.0 0.005587547639152035
316.0 0.005594433969235979
317.0 0.005270123074296862
318.0 0.004945814362145029
319.0 0.004466901737032458
320.0 0.0039879902033135295
321.0 0.003783503780141473
322.0 0.0035790180845651776
323.0 0.0035468285204842687
324.0 0.0035146389564033598
325.0 0.003547781307133846
326.0 0.0035809229302685708
327.0 0.0036537479900289327
328.0 0.0037265734135871753
329.0 0.0037095083825988695
330.0 0.0036924433516105637
331.0 0.0033303364034509286
332.0 0.0029682289095944725
333.0 0.002790840335364919
334.0 0.002613451943034306
335.0 0.0023628379494766705
336.0 0.0021122239559190348
337.0 0.0019078002878814004
338.0 0.001703376619843766
339.0 0.0015327557775890455
340.0 0.0013621346624859143
341.0 0.0013674040019395761
342.0 0.001372673341393238
343.0 0.0013386127648118418
344.0 0.0013045522791799158
345.0 0.0012200764103909023
346.0 0.001135600632551359
347.0 0.0011041472134820651
348.0 0.0010726937944127712
349.0 0.0011089219697169028
350.0 0.0058499987062532455
351.0 0.005795776814920828
352.0 0.005741554559790529
353.0 0.0049411541112931445
354.0 0.004140754390391521
355.0 0.004239959889673628
356.0 0.004339166480349377
357.0 0.00664686958771199
358.0 0.008954572695074603
359.0 0.006510024104500189
360.0 0.004065475513925776
361.0 0.0029104063287377357
362.0 0.0017553369616507553
363.0 0.002544330527598504
364.0 0.0033333239116473123
365.0 0.0037209003494353965
366.0 0.004108476787223481
367.0 0.0033627999073360115
368.0 0.0026171224817517214
369.0 0.0023453536414308473
370.0 0.002073585164907854
371.0 0.0025976587494369596
372.0 0.0031217328796628863
373.0 0.0035052853490924463
374.0 0.003888838182319887
375.0 0.003457694037933834
376.0 0.0030265506211435422
377.0 0.0016351365047739819
378.0 0.00024372252482862677
379.0 0.000952322079683654
380.0 0.0016609217709628865
381.0 0.002414822120044846
382.0 0.0031687224691268057
383.0 0.003440372529439628
384.0 0.0037120229535503313
385.0 0.0046116318117128685
386.0 0.005511240669875406
387.0 0.005001853060093708
388.0 0.00449246508651413
389.0 0.003784916043514386
390.0 0.0030773659091209993
391.0 0.0021209960323176347
392.0 0.00116462615551427
393.0 0.0012891286132798996
394.0 0.0014136307072476484
395.0 0.0012231088476255536
396.0 0.0010325868970539887
397.0 0.0009662026968726423
398.0 0.0008998186785902362
399.0 0.0008917083505366463
400.0 0.0008835974767862353
401.0 0.0003256714308008668
402.0 1.673724201768645e-10
403.0 1.673724201768645e-10
404.0 0.00015025105994936894
405.0 0.0007140556590456981
406.0 0.0012778598829754628
407.0 0.0017222107999259606
408.0 0.0021665613530785777
409.0 0.0018691818695515394
410.0 0.0015718022041255608
411.0 0.001149742274719756
412.0 0.0007276824362634216
413.0 0.0007970769729581662
414.0 0.0008664715096529108
415.0 0.0008125864951580297
416.0 0.0007587017535115592
417.0 0.0012829528714064509
418.0 0.001807204716897104
419.0 0.002295406738994643
420.0 0.002783608579193242
421.0 0.004411310874274932
422.0 0.00603901244176086
423.0 0.009435450920136645
424.0 0.012831887579523027
425.0 0.017195389955304563
426.0 0.021558886510320008
427.0 0.021913167438469827
428.0 0.022267451277002692
429.0 0.017027366266120225
430.0 0.01178728198283352
431.0 0.008566513861296698
432.0 0.0053457442845683545
433.0 0.004321775850257836
434.0 0.0032978066883515567
435.0 0.0025732982976478525
436.0 0.0018487893612473272
437.0 0.001666528987698257
438.0 0.0014842686141491868
439.0 0.0012249714927747846
440.0 0.0009656744623498525
441.0 0.0011527694368851371
442.0 0.0013398645023698919
443.0 0.0016803767721285112
444.0 0.002020889223786071
445.0 0.0018631855709827505
446.0 0.00170548191817943
447.0 0.001637209061300382
448.0 0.0015689365682192147
449.0 0.0016886559023987502
450.0 0.0018083746908814646
451.0 0.0018935957996291108
452.0 0.0019788170902756974
453.0 0.0017486563592683524
454.0 0.001518495446362067
455.0 0.00137599345180206
456.0 0.0012334916391409934
457.0 0.00089048417066806
458.0 0.0005474767931445967
459.0 0.0008445764251518995
460.0 0.0011416760571592022
461.0 0.001794677518773824
462.0 0.0024476787075400352
463.0 0.003204666427336633
464.0 0.003961654510931112
465.0 0.005077711830381304
466.0 0.006193769513629377
467.0 0.006814872904215008
468.0 0.007435977022396401
469.0 0.006331596523523331
470.0 0.005227217116043903
471.0 0.003926783028873615
472.0 0.0026263487598043866
473.0 0.002218904410256073
474.0 0.0018114600607077591
475.0 0.001482358311477583
476.0 0.001153256744146347
477.0 0.0009098007467400748
478.0 0.0006663446583843324
479.0 0.0009094113011087757
480.0 0.0011524777619342785
481.0 0.0008969979717221577
482.0 0.0006415184088837123
483.0 0.0007117052518879063
484.0 0.0007818919584678952
485.0 0.0006822750492574414
486.0 0.0005826580036227824
487.0 0.0006146888608782319
488.0 0.0006467196726589464
489.0 0.0006503903932753019
490.0 0.0006540612048411276
491.0 0.000806611842563143
492.0 0.0009591625712346286
493.0 0.0010064556590805296
494.0 0.001053748928825371
495.0 0.000983007612376241
496.0 0.0009122661140281707
497.0 0.0011523766261234414
498.0 0.0013924868653703015
499.0 0.0013404377568804193
500.0 0.0012883889212389477
501.0 0.0015617504686815664
502.0 0.0018351121980231255
503.0 0.0022006110157235526
504.0 0.00256611001532292
505.0 0.003206467954441905
506.0 0.0038468260754598305
507.0 0.004457706745597534
508.0 0.005068586688139476
509.0 0.005519555270439014
510.0 0.00597052276134491
511.0 0.005317613613442518
512.0 0.004664704101742245
513.0 0.003973189814132638
514.0 0.0032816755265230313
515.0 0.0031148585549090058
516.0 0.002948041947092861
517.0 0.0027678410333464853
518.0 0.0025876401196001098
519.0 0.07377102156169713
520.0 0.06630581920035183
521.0 0.11962152784690261
522.0 0.022869712847750634
523.0 0.06885051261633635
524.0 0.06320889806374907
525.0 0.04617457161657512
526.0 0.1287049613893032
527.0 0.11837302008643746
528.0 0.195885612629354
529.0 0.1420480664819479
530.0 0.20760397892445326
531.0 0.24628201499581337
532.0 0.31292219646275043
533.0 0.34452357795089483
534.0 0.5493181757628918
535.0 0.7176993880420923
536.0 1.0979526676237583
537.0 1.780940406024456
538.0 2.6254864409565926
539.0 4.077653586864471
540.0 6.288667023181915
541.0 8.85951966047287
542.0 12.009067088365555
543.0 16.146349906921387
544.0 21.103182435035706
545.0 26.818248629570007
546.0 33.537933230400085
547.0 40.79063534736633
548.0 49.48106110095978
549.0 57.56962299346924
550.0 63.029927015304565
551.0 69.64948773384094
552.0 73.38371872901917
553.0 77.57886052131653
554.0 80.56026101112366
555.0 84.34425592422485
556.0 87.98657059669495
557.0 90.1219367980957
558.0 92.86044836044312
559.0 94.8066234588623
560.0 94.57854628562927
561.0 95.44844627380371
562.0 96.0409164428711
563.0 95.36206126213074
564.0 95.89912295341492
565.0 95.62843441963196
566.0 96.24952673912048
567.0 95.75230479240417
568.0 96.26564383506775
569.0 97.13624119758606
570.0 96.6185450553894
571.0 97.71016836166382
572.0 97.32428193092346
573.0 96.91230654716492
574.0 97.10396528244019
575.0 96.94117903709412
576.0 97.50296473503113
577.0 97.25017547607422
578.0 97.24728465080261
579.0 97.23639488220215
580.0 96.70323133468628
581.0 96.77825570106506
582.0 96.79988026618958
583.0 97.12254405021667
584.0 96.37266993522644
585.0 96.83474898338318
586.0 96.99011445045471
587.0 96.42602801322937
588.0 96.93096280097961
589.0 97.3609447479248
590.0 96.96348905563354
591.0 96.28632664680481
592.0 96.28156423568726
593.0 95.97179293632507
594.0 96.33932113647461
595.0 96.83032631874084
596.0 96.90439105033875
597.0 97.65677452087402
598.0 96.90329432487488
599.0 97.37890362739563
600.0 97.46277332305908
601.0 96.37899994850159
602.0 97.10392355918884
603.0 96.67215347290039
604.0 96.82942628860474
605.0 96.6139018535614
606.0 96.24382853507996
607.0 96.30442261695862
608.0 96.56943678855896
609.0 95.62162160873413
610.0 96.27824425697327
611.0 95.99446654319763
612.0 96.01386785507202
613.0 97.15625047683716
614.0 96.73767685890198
615.0 96.4687705039978
616.0 96.6866135597229
617.0 96.83562517166138
618.0 96.80625200271606
619.0 97.2511351108551
620.0 96.31871581077576
621.0 95.80811858177185
622.0 97.11790084838867
623.0 96.84585332870483
624.0 96.57260775566101
625.0 97.1417248249054
626.0 96.43316268920898
627.0 95.48285007476807
628.0 97.32308387756348
629.0 95.8843469619751
630.0 96.74068689346313
631.0 96.51468992233276
632.0 96.95283770561218
633.0 96.82939052581787
634.0 96.18664383888245
635.0 96.247398853302
636.0 96.64329290390015
637.0 95.82270383834839
638.0 95.65834999084473
639.0 95.58383822441101
640.0 95.7183301448822
641.0 95.68490982055664
642.0 96.24658823013306
643.0 96.377432346344
644.0 96.4129626750946
645.0 96.49346470832825
646.0 96.17465138435364
647.0 97.44373559951782
648.0 96.81996703147888
649.0 95.85135579109192
650.0 96.84524536132812
651.0 96.9281017780304
652.0 97.22620844841003
653.0 96.38175964355469
654.0 96.87647223472595
655.0 96.9303548336029
656.0 95.99688053131104
657.0 96.11080288887024
658.0 96.74798250198364
659.0 96.41638994216919
660.0 95.76745629310608
661.0 95.40876746177673
662.0 96.2994396686554
663.0 95.91377973556519
664.0 95.58724164962769
665.0 95.5446183681488
666.0 95.58520913124084
667.0 95.84351778030396
668.0 95.19835710525513
669.0 95.5264151096344
670.0 95.61761617660522
671.0 95.65129280090332
672.0 95.14314532279968
673.0 95.12134790420532
674.0 94.89653706550598
675.0 95.75455784797668
676.0 94.9141263961792
677.0 93.55734586715698
678.0 93.00508499145508
679.0 91.69644713401794
680.0 90.5161440372467
681.0 88.79952430725098
682.0 86.275714635849
683.0 82.86784887313843
684.0 79.23515439033508
685.0 75.42507648468018
686.0 71.43830060958862
687.0 66.51943325996399
688.0 62.174880504608154
689.0 57.839202880859375
690.0 52.95860767364502
691.0 49.04171526432037
692.0 44.25302743911743
693.0 39.68678414821625
694.0 34.11989212036133
695.0 28.60068380832672
696.0 22.852738201618195
697.0 17.608706653118134
698.0 12.285161018371582
699.0 8.345429599285126
700.0 5.604749172925949
701.0 3.2786931842565536
702.0 2.0192058756947517
703.0 1.1747163720428944
704.0 0.6872681435197592
705.0 0.4078540951013565
706.0 0.3068001940846443
707.0 0.17689329106360674
708.0 0.10460896883159876
709.0 0.12804714497178793
710.0 0.07287198677659035
711.0 0.055687600979581475
712.0 0.06576221785508096
713.0 0.08258208981715143
714.0 0.04083032836206257
715.0 0.04301960580050945
716.0 0.04743105382658541
717.0 0.0220616435399279
718.0 0.06430780631490052
719.0 0.05297710304148495
720.0 1.673724201768645e-10
721.0 0.0041791929106693715
722.0 0.003927692887373269
723.0 0.003676193591672927
724.0 0.0034122771467082202
725.0 0.0031483607017435133
726.0 0.002933499308710452
727.0 0.0027186377337784506
728.0 0.0025671952244010754
729.0 0.0024157527150237
730.0 0.0022562555386684835
731.0 0.002096758544212207
732.0 0.0020586912796716206
733.0 0.0020206241970299743
734.0 0.001940660695254337
735.0 0.0018606970115797594
736.0 0.0016852467524586245
737.0 0.00150979667523643
738.0 0.0015306439308915287
739.0 0.0015514913684455678
740.0 0.001497551056672819
741.0 0.0014436111086979508
742.0 0.0013251300515548792
743.0 0.0012066490853612777
744.0 0.0012689394679910038
745.0 0.0013312295777723193
746.0 0.0012283134310564492
747.0 0.0011253971933911089
748.0 0.0010365954040025827
749.0 0.0009477936146140564
750.0 0.0009452784070163034
751.0 0.0009427637451153714
752.0 0.0009946322279574815
753.0 0.0010465007107995916
754.0 0.0010673788892745506
755.0 0.00108825724964845
756.0 0.0010400166502222419
757.0 0.0009917757779476233
758.0 0.0010223982826573774
759.0 0.0010530206964176614
760.0 0.0010507943443371914
761.0 0.0010485680832061917
762.0 0.0010136713171959855
763.0 0.0009787748240341898
764.0 0.0009706776836537756
765.0 0.0009625807251723018
766.0 0.0007581657428090693
767.0 0.0005537509423447773
768.0 0.0005435845650936244
769.0 0.0005334180514182663
770.0 0.0006754270543751772
771.0 0.0008174362847057637
772.0 0.0007416872449539369
773.0 0.0006659380233031698
774.0 0.000791011825640453
775.0 0.0009160855370282661
776.0 0.0008784018064034171
777.0 0.0008407182576775085
778.0 0.0008141649232129566
779.0 0.0007876117706473451
780.0 0.0006904318070155568
781.0 0.0005932518888585037
782.0 0.0006671747996733757
783.0 0.0007410977104882477
784.0 0.0007570279194624163
785.0 0.0007729579010629095
786.0 0.0006668526566500077
787.0 0.0005607474122371059
788.0 0.000588943476032
789.0 0.0006171396762510994
790.0 0.0006846185442554997
791.0 0.0007520972758356947
792.0 0.0007512300271628192
793.0 0.0007503627784899436
794.0 0.0007647705388080794
795.0 0.0007791780262778047
796.0 0.0006124200808699243
797.0 0.00044566204451257363
798.0 0.0006245858457987197
799.0 0.0008035095561353955
800.0 0.000732883336240775
801.0 0.0006622568434977438
802.0 0.0005898916697333334
803.0 0.0005175262685952475
804.0 0.0006142378424556227
805.0 0.000710949461790733
806.0 0.000607177162237349
807.0 0.0005034049536334351
808.0 0.0006450077762565343
809.0 0.0007866105988796335
810.0 0.0006497258254967164
811.0 0.0005128412794874748
812.0 0.0006045584086677991
813.0 0.0006962754923733883
814.0 0.0005478089406096842
815.0 0.00039934247979545034
816.0 0.0004814316980628064
817.0 0.0005635210527543677
818.0 0.0005996328127366723
819.0 0.0006357445272442419
820.0 0.00042584160837577656
821.0 0.00021593859855784103
822.0 0.0003035246663785074
823.0 0.0003911108251486439
824.0 0.00044564308154804166
825.0 0.0005001753834221745
826.0 0.0005432444595498964
827.0 0.0005863134902028833
828.0 0.00039789806578482967
829.0 0.000209482595892041
830.0 0.0001865285753410717
831.0 0.0001635746002648375
832.0 0.00011024272907889099
833.0 5.691085220860259e-05
834.0 2.8920732120241155e-05
835.0 9.305740178433553e-07
836.0 0.0002577937493697391
837.0 0.0005146570401848294
838.0 0.0006730152563250158
839.0 0.0008313735634146724
840.0 0.0012054651051585097
841.0 0.0015795567378518172
842.0 0.002266936280648224
843.0 0.0029543160053435713
844.0 0.003530343747115694
845.0 0.004106371488887817
846.0 0.004477804759517312
847.0 0.004849236574955285
848.0 0.004200006151222624
849.0 0.003550774636096321
850.0 0.0026388590413262136
851.0 0.0017269432646571659
852.0 0.0014368333722813986
853.0 0.001146723298006691
854.0 0.001005705416901037
855.0 0.0008646873538964428
856.0 0.0006527396180899814
857.0 0.00044079197323299013
858.0 0.000547634954273235
859.0 0.0006544778443640098
860.0 0.0006047981059964513
861.0 0.0005551182766794227
862.0 0.0005307100309437374
863.0 0.000506301785208052
864.0 0.0003555262310328544
865.0 0.00020475074506975943
866.0 0.0001854795300459955
867.0 0.00016620831502223155
868.0 0.00019607839476520894
869.0 0.0002259484517708188
870.0 0.0001203770352731226
871.0 1.4805594616973394e-05
872.0 1.673724201768645e-10
873.0 1.673724201768645e-10
874.0 1.673724201768645e-10
875.0 1.673724201768645e-10
876.0 1.673724201768645e-10
877.0 4.3626587853395904e-05
878.0 0.00017584549141247408
879.0 0.0003080643637076719
880.0 0.00021770349576399894
881.0 0.00012734260508295847
882.0 0.0001273372049581667
883.0 0.0001273318162020587
884.0 4.012712793155515e-05
885.0 1.673724201768645e-10
886.0 6.79674485581927e-05
887.0 0.00018301244608665002
888.0 0.00023005384264251916
889.0 0.0002770952278297045
890.0 0.00021647679204761516
891.0 0.0001558583107907907
892.0 1.673724201768645e-10
893.0 1.673724201768645e-10
894.0 1.673724201768645e-10
895.0 1.2258416859367571e-05
896.0 4.882783173343341e-05
897.0 8.539729492440529e-05
898.0 8.374157118851144e-05
899.0 8.208585313695949e-05
900.0 3.455967600984877e-05
901.0 1.673724201768645e-10
