lsstCam/transmission_filter_detector/r14_s11/r_57/19700101T000000.ecsv
# %ECSV 1.0
# ---
# datatype:
# - {name: wavelength, unit: nm, datatype: float32}
# - {name: efficiency, unit: '%', datatype: float64}
# meta: !!omap
# - {MODE: DETECTOR}
# - {TYPE: transmission_filter_detector}
# - {CALIBDATE: '1970-01-01T00:00:00'}
# - {INSTRUME: LSSTCam}
# - {OBSTYPE: transmission_filter_detector}
# - {CALIBCLS: lsst.ip.isr.IntermediateFilterDetectorTransmissionCurve}
# - {SOURCE: Materion (DM-46256)}
# - {DETECTOR: 67}
# - {FILTER: r_57}
# - {CALIB_ID: 'calibDate=1970-01-01T00:00:00 filter=r_57 detector=67'}
# - {DATE: '2025-04-02T15:59:44.493526'}
# - {CALIB_CREATION_DATE: '2025-04-02'}
# - {CALIB_CREATION_TIME: '15:59:44'}
# - __serialized_columns__:
#     efficiency:
#       __class__: astropy.units.quantity.Quantity
#       unit: !astropy.units.Unit {unit: '%'}
#       value: !astropy.table.SerializedColumn {name: efficiency}
#     wavelength:
#       __class__: astropy.units.quantity.Quantity
#       unit: !astropy.units.Unit {unit: nm}
#       value: !astropy.table.SerializedColumn {name: wavelength}
# schema: astropy-2.0
wavelength efficiency
[from data line 603]
903.0 1.673724201768645e-10
904.0 1.673724201768645e-10
905.0 6.0203797147551086e-05
906.0 7.05425318159314e-07
907.0 1.673724201768645e-10
908.0 1.673724201768645e-10
909.0 1.673724201768645e-10
910.0 1.673724201768645e-10
911.0 1.673724201768645e-10
912.0 1.673724201768645e-10
913.0 1.673724201768645e-10
914.0 1.673724201768645e-10
915.0 4.6502560735461884e-05
916.0 2.1724034127146297e-05
917.0 1.673724201768645e-10
918.0 6.583155709449784e-05
919.0 0.00013471753845806234
920.0 5.56968927867274e-05
921.0 1.673724201768645e-10
922.0 6.734019279974746e-05
923.0 0.00015800417259015376
924.0 0.00021061484858364565
925.0 0.00026322552457713755
926.0 0.00016972405774140498
927.0 7.622257385264675e-05
928.0 8.187159892258933e-05
929.0 8.752061262384814e-05
930.0 0.00017703976027405588
931.0 0.00026655893634597305
932.0 0.0001553583388158586
933.0 4.415782086653053e-05
934.0 0.00014024815300217597
935.0 0.00023633847376913764
936.0 0.00028594140530913137
937.0 0.00033554435958649265
938.0 0.00033104820431617554
939.0 0.00032655211725796107
940.0 0.00027708529160008766
941.0 0.00022761846594221424
942.0 0.0002920765155067784
943.0 0.0003565345650713425
944.0 0.00029235459351184545
945.0 0.00022817466742708348
946.0 0.0002772624384306255
947.0 0.00032635018669679994
948.0 0.0005132797014084645
949.0 0.0007002093298069667
950.0 0.0006422299975383794
951.0 0.0005842506652697921
952.0 0.0006961204690014711
953.0 0.0008079904546320904
954.0 0.0011363416888343636
955.0 0.0014646931958850473
956.0 0.001536572199256625
957.0 0.0016084510207292624
958.0 0.0016854171917657368
959.0 0.0017623839084990323
960.0 0.0019422146579017863
961.0 0.002122045771102421
962.0 0.002291505916218739
963.0 0.0024609662432339974
964.0 0.002441509423078969
965.0 0.00242205223912606
966.0 0.002342207335459534
967.0 0.0022623620679951273
968.0 0.00223972529056482
969.0 0.0022170888769323938
970.0 0.0023156022507464513
971.0 0.002414115624560509
972.0 0.0025286301024607383
973.0 0.002643144216563087
974.0 0.0028989361453568563
975.0 0.0031547278922516853
976.0 0.0032594780350336805
977.0 0.0033642281778156757
978.0 0.0032536252547288314
979.0 0.0031430226954398677
980.0 0.0031261257390724495
981.0 0.0031092287827050313
982.0 0.003219591235392727
983.0 0.0033299540518783033
984.0 0.003255086994613521
985.0 0.003180220301146619
986.0 0.003060068775084801
987.0 0.0029399174309219234
988.0 0.002734699592110701
989.0 0.002529481935198419
990.0 0.00256391958828317
991.0 0.0025983574232668616
992.0 0.0026589734261506237
993.0 0.0027195897928322665
994.0 0.0027645097361528315
995.0 0.0028094291337765753
996.0 0.0028519505576696247
997.0 0.0028944716177647933
998.0 0.002987896186823491
999.0 0.0030813207558821887
1000.0 0.0032312040275428444
1001.0 0.0033810880267992616
1002.0 0.0035761851904680952
1003.0 0.0037712827179348096
1004.0 0.00391305293305777
1005.0 0.00405482278438285
1006.0 0.004273532249499112
1007.0 0.004492241714615375
1008.0 0.004451542554306798
1009.0 0.0044108433939982206
1010.0 0.004449243715498596
1011.0 0.004487644400796853
1012.0 0.00446237791038584
1013.0 0.004437111419974826
1014.0 0.0041681287257233635
1015.0 0.0038991460314719006
1016.0 0.0036912439099978656
1017.0 0.0034833417885238305
1018.0 0.003012389970535878
1019.0 0.0025414386982447468
1020.0 0.002147159830201417
1021.0 0.0017528807802591473
1022.0 0.0015888370398897678
1023.0 0.0014247928447730374
1024.0 0.0014469026609731372
1025.0 0.0014690126590721775
1026.0 0.001354325286229141
1027.0 0.001239637549588224
1028.0 0.0011232178621867206
1029.0 0.001006798083835747
1030.0 0.0009430418685951736
1031.0 0.0008792850167083088
1032.0 0.0008667256224725861
1033.0 0.0008541658644389827
1034.0 0.000842507324705366
1035.0 0.0008308486030728091
1036.0 0.0008738105861993972
1037.0 0.0009167722964775749
1038.0 0.0008830415026750416
1039.0 0.0008493107998219784
1040.0 0.0008516384696122259
1041.0 0.0008539660484530032
1042.0 0.0009600090379535686
1043.0 0.0010660516636562534
1044.0 0.0009770180440682452
1045.0 0.0008879846973286476
1046.0 0.0008834179425321054
1047.0 0.0008788511877355631
1048.0 0.0007926856596895959
1049.0 0.0007065202225930989
1050.0 0.0007264130999828922
1051.0 0.0007463060228474205
1052.0 0.0009920496268023271
1053.0 0.001237792912434088
1054.0 0.001117858846555464
1055.0 0.0009979245078284293
1056.0 0.0010293934792571235
1057.0 0.001060862632584758
1058.0 0.0008509899998898618
1059.0 0.0006411174126697006
1060.0 0.0010247586033074185
1061.0 0.0014083992027735803
1062.0 0.0014211164852895308
1063.0 0.0014338337678054813
1064.0 0.0010539119102759287
1065.0 0.0006739898253727006
1066.0 0.0011270966751908418
1067.0 0.001580203570483718
1068.0 0.0017785256204660982
1069.0 0.0019768473066505976
1070.0 0.0015069825167302042
1071.0 0.0010371176358603407
1072.0 0.00119911446745391
1073.0 0.0013611113899969496
1074.0 0.002083333492919337
1075.0 0.0028055552320438437
1076.0 0.0030745246476726606
1077.0 0.003343494245200418
1078.0 0.003819660923909396
1079.0 0.004295827966416255
1080.0 0.004401430851430632
1081.0 0.00450703373644501
1082.0 0.0042932024371111766
1083.0 0.004079371501575224
1084.0 0.004482349686441012
1085.0 0.004885327507508919
1086.0 0.004635303048416972
1087.0 0.004385278589325026
1088.0 0.004592242112266831
1089.0 0.004799205999006517
1090.0 0.004674371666624211
1091.0 0.004549536970444024
1092.0 0.004152899418841116
1093.0 0.003756261503440328
1094.0 0.004472979708225466
1095.0 0.005189697913010605
1096.0 0.0037567937397398055
1097.0 0.002323889020772185
1098.0 0.0017876091078505851
1099.0 0.0012513292858784553
1100.0 0.0014360372006194666
1101.0 0.001620744660613127
