lsstCam/transmission_filter_detector/r01_s12/g_6/19700101T000000.ecsv
# %ECSV 1.0
# ---
# datatype:
# - {name: wavelength, unit: nm, datatype: float32}
# - {name: efficiency, unit: '%', datatype: float64}
# meta: !!omap
# - {MODE: DETECTOR}
# - {TYPE: transmission_filter_detector}
# - {CALIBDATE: '1970-01-01T00:00:00'}
# - {INSTRUME: LSSTCam}
# - {OBSTYPE: transmission_filter_detector}
# - {CALIBCLS: lsst.ip.isr.IntermediateFilterDetectorTransmissionCurve}
# - {SOURCE: Materion (DM-46256)}
# - {DETECTOR: 5}
# - {FILTER: g_6}
# - {CALIB_ID: 'calibDate=1970-01-01T00:00:00 filter=g_6 detector=5'}
# - {DATE: '2025-04-02T15:59:42.053648'}
# - {CALIB_CREATION_DATE: '2025-04-02'}
# - {CALIB_CREATION_TIME: '15:59:42'}
# - __serialized_columns__:
#     efficiency:
#       __class__: astropy.units.quantity.Quantity
#       unit: !astropy.units.Unit {unit: '%'}
#       value: !astropy.table.SerializedColumn {name: efficiency}
#     wavelength:
#       __class__: astropy.units.quantity.Quantity
#       unit: !astropy.units.Unit {unit: nm}
#       value: !astropy.table.SerializedColumn {name: wavelength}
# schema: astropy-2.0
wavelength efficiency
300.0 0.49599120393395424
301.0 0.37265047430992126
302.0 0.2493096748366952
303.0 0.22183496039360762
304.0 0.19436025759205222
305.0 0.20300245378166437
306.0 0.21164461504667997
307.0 0.216685701161623
308.0 0.22172676399350166
309.0 0.21948078647255898
310.0 0.21723485551774502
311.0 0.21138021256774664
312.0 0.205525616183877
313.0 0.20095999352633953
314.0 0.1963943475857377
315.0 0.1861581695266068
316.0 0.1759220496751368
317.0 0.17735717119649053
318.0 0.17879235092550516
319.0 0.1617671106941998
320.0 0.1447418238967657
321.0 0.13954808237031102
322.0 0.13435435248538852
323.0 0.11479390086606145
324.0 0.09523349581286311
325.0 0.08656103163957596
326.0 0.0778885732870549
327.0 0.07123787654563785
328.0 0.0645871798042208
329.0 0.06239736685529351
330.0 0.06020754808560014
331.0 0.055737048387527466
332.0 0.051266548689454794
333.0 0.047718643327243626
334.0 0.044170740875415504
335.0 0.04243917646817863
336.0 0.04070760915055871
337.0 0.04168314335402101
338.0 0.04265867464710027
339.0 0.04090323927812278
340.0 0.03914780681952834
341.0 0.03760376712307334
342.0 0.03605972742661834
343.0 0.032505972194485366
344.0 0.02895221405196935
345.0 0.025693463976494968
346.0 0.022434713901020586
347.0 0.02104087616316974
348.0 0.01964703551493585
349.0 0.017997631221078336
350.0 0.6769950967282057
351.0 1.008312962949276
352.0 0.5177112761884928
353.0 0.7154424209147692
354.0 0.6512614898383617
355.0 0.8033766411244869
356.0 0.6616472266614437
357.0 0.8878615684807301
358.0 0.5947157740592957
359.0 0.9508765302598476
360.0 0.6661846302449703
361.0 0.7038614246994257
362.0 0.6078539416193962
363.0 0.7981681264936924
364.0 0.5323201883584261
365.0 0.7101369556039572
366.0 0.5368163343518972
367.0 0.531719857826829
368.0 0.43853092938661575
369.0 0.548918591812253
370.0 0.431350851431489
371.0 0.5995054263621569
372.0 0.3098430344834924
373.0 0.5853965412825346
374.0 0.44351560063660145
375.0 0.5352829117327929
376.0 0.3742689499631524
377.0 0.4605763126164675
378.0 0.35444062668830156
379.0 0.46394658274948597
380.0 0.3577344585210085
381.0 0.48045176081359386
382.0 0.5473836325109005
383.0 0.5796829704195261
384.0 0.5391781218349934
385.0 0.5834104027599096
386.0 0.6861317437142134
387.0 0.7330545224249363
388.0 0.9648905135691166
389.0 1.2033257633447647
390.0 1.8289901316165924
391.0 2.8010061010718346
392.0 4.36219610273838
393.0 6.918182969093323
394.0 10.47934889793396
395.0 15.13650268316269
396.0 21.033720672130585
397.0 28.487294912338257
398.0 37.1040403842926
399.0 46.40718400478363
400.0 55.937981605529785
401.0 64.90338444709778
402.0 73.18146824836731
403.0 80.1082193851471
404.0 85.0434958934784
405.0 88.6725664138794
406.0 90.70543050765991
407.0 92.31192469596863
408.0 93.30435991287231
409.0 93.73376369476318
410.0 93.86841058731079
411.0 93.73335242271423
412.0 93.36883425712585
413.0 93.13663840293884
414.0 92.95156002044678
415.0 93.13987493515015
416.0 93.49737763404846
417.0 93.89351010322571
418.0 94.31120753288269
419.0 94.91562843322754
420.0 95.47112584114075
421.0 96.04085683822632
422.0 96.12845182418823
423.0 96.4059054851532
424.0 96.12494707107544
425.0 96.1063802242279
426.0 96.01808190345764
427.0 96.05574011802673
428.0 95.90123891830444
429.0 95.71144580841064
430.0 95.6221342086792
431.0 95.6687331199646
432.0 95.7025408744812
433.0 95.81326842308044
434.0 95.85622549057007
435.0 96.03586196899414
436.0 96.05506658554077
437.0 96.04991674423218
438.0 96.07367515563965
439.0 96.2042510509491
440.0 96.13503813743591
441.0 96.3423490524292
442.0 96.27423882484436
443.0 96.2696373462677
444.0 96.18181586265564
445.0 95.92543244361877
446.0 95.79373598098755
447.0 95.54327726364136
448.0 95.56037187576294
449.0 95.76403498649597
450.0 95.94107866287231
451.0 96.1946964263916
452.0 96.39184474945068
453.0 96.47740721702576
454.0 96.58554196357727
455.0 96.84674143791199
456.0 96.94495797157288
457.0 97.12876081466675
458.0 97.14139103889465
459.0 97.13746309280396
460.0 97.10605144500732
461.0 97.2461998462677
462.0 97.20016717910767
463.0 97.09417819976807
464.0 97.20433354377747
465.0 97.13285565376282
466.0 97.07541465759277
467.0 97.09876775741577
468.0 97.13864326477051
469.0 97.18626141548157
470.0 97.03543186187744
471.0 96.91426753997803
472.0 97.00288772583008
473.0 96.86689376831055
474.0 96.74501419067383
475.0 96.84877395629883
476.0 96.84276580810547
477.0 96.85996770858765
478.0 97.02994227409363
479.0 96.97516560554504
480.0 97.18168377876282
481.0 97.25891947746277
482.0 97.43415713310242
483.0 97.33535051345825
484.0 97.5812315940857
485.0 97.53005504608154
486.0 97.59849905967712
487.0 97.60782718658447
488.0 97.62224555015564
489.0 97.69509434700012
490.0 97.65074253082275
491.0 97.74627089500427
492.0 97.67853021621704
493.0 97.64851927757263
494.0 97.56388664245605
495.0 97.73383736610413
496.0 97.54032492637634
497.0 97.42282629013062
498.0 97.2480297088623
499.0 97.29044437408447
500.0 97.18707799911499
501.0 97.17611074447632
502.0 97.10670113563538
503.0 97.26176857948303
504.0 97.08148837089539
505.0 97.10574746131897
506.0 97.10819721221924
507.0 97.06658720970154
508.0 97.05597758293152
509.0 97.08452820777893
510.0 96.99735045433044
511.0 96.97587490081787
512.0 96.8716561794281
513.0 96.96756601333618
514.0 96.93562984466553
515.0 97.00428247451782
516.0 97.04198241233826
517.0 97.11659550666809
518.0 97.15558290481567
519.0 97.17407822608948
520.0 97.22715616226196
521.0 97.32201099395752
522.0 97.33861088752747
523.0 97.32759594917297
524.0 97.32171893119812
525.0 97.27835059165955
526.0 97.40105867385864
527.0 97.37381935119629
528.0 97.45401740074158
529.0 97.51073718070984
530.0 97.56956100463867
531.0 97.64488935470581
532.0 97.56354689598083
533.0 97.53475189208984
534.0 97.5640058517456
535.0 97.36937880516052
536.0 97.01594710350037
537.0 96.43297791481018
538.0 95.66078782081604
539.0 94.23787593841553
540.0 92.4610435962677
541.0 89.82572555541992
542.0 86.97730898857117
543.0 83.26016068458557
544.0 78.53952050209045
545.0 74.3859589099884
546.0 69.37863826751709
547.0 64.8541271686554
548.0 60.38306951522827
549.0 56.41824007034302
550.0 53.388553857803345
551.0 50.45180320739746
552.0 48.17013144493103
553.0 45.67702114582062
554.0 42.79741048812866
555.0 39.46896195411682
556.0 35.03545522689819
557.0 29.950129985809326
558.0 24.41117763519287
559.0 19.046999514102936
560.0 13.96179050207138
561.0 9.33307483792305
562.0 5.913452059030533
563.0 3.417513892054558
564.0 1.847841590642929
565.0 0.888053048402071
566.0 0.47647980973124504
567.0 0.24224151857197285
568.0 0.1570540014654398
569.0 0.09523957851342857
570.0 0.07243336294777691
571.0 0.04750032094307244
572.0 0.06178750772960484
573.0 0.02971844223793596
574.0 0.028989757993258536
575.0 0.03373227082192898
576.0 0.037557698669843376
577.0 0.023846348631195724
578.0 0.03109225071966648
579.0 0.019649395835585892
580.0 0.031991134164854884
581.0 0.0171229854458943
582.0 0.028016333817504346
583.0 0.01823087368393317
584.0 0.02117047260981053
585.0 0.022070224804338068
586.0 0.025858148001134396
587.0 0.006404351006494835
588.0 0.020129242329858243
589.0 0.015555392019450665
590.0 0.01606289006303996
591.0 0.016593898180872202
592.0 0.01883528893813491
593.0 0.008491013431921601
594.0 0.015422036813106388
595.0 0.017133081564679742
596.0 0.005905170110054314
597.0 0.013230176409706473
598.0 0.017031705647241324
599.0 0.007446786912623793
600.0 0.007813625416019931
601.0 0.0023081707695382647
602.0 0.0024151264369720593
603.0 0.002522082104405854
604.0 0.0023254231564351358
605.0 0.002128764390363358
606.0 0.0021255851606838405
607.0 0.0021224057491053827
608.0 0.0018932476450572722
609.0 0.0016640895410091616
610.0 0.0017873886463348754
611.0 0.001910687205963768
612.0 0.001807057560654357
613.0 0.001703427915344946
614.0 0.0017611848306842148
615.0 0.0018189421098213643
616.0 0.0019370609152247198
617.0 0.0020551797206280753
618.0 0.0018645312593434937
619.0 0.0016738829799578525
620.0 0.0017055323041859083
621.0 0.001737181628413964
622.0 0.0015718422218924388
623.0 0.0014065027244214434
624.0 0.001427422284905333
625.0 0.001448341936338693
626.0 0.0013244496585684828
627.0 0.0012005577445961535
628.0 0.0013425225006358232
629.0 0.0014844876204733737
630.0 0.0013554491488321219
631.0 0.0012264105862413999
632.0 0.0013873524039809126
633.0 0.0015482939488720149
634.0 0.001458444330637576
635.0 0.0013685945305041969
636.0 0.0013573222531704232
637.0 0.0013460505215334706
638.0 0.0012326177056820597
639.0 0.001119184889830649
640.0 0.0011157452718180139
641.0 0.0011123053809569683
642.0 0.001329291353613371
643.0 0.001546277417219244
644.0 0.0014400368854694534
645.0 0.0013337960808712523
646.0 0.0012699892977252603
647.0 0.0012061826964782085
648.0 0.0010811966603796463
649.0 0.0009562104423821438
650.0 0.0012017118024232332
651.0 0.0014472126167675015
652.0 0.0012220555618114304
653.0 0.0009968985978048295
654.0 0.0011093405191786587
655.0 0.0012217827134008985
656.0 0.0012290342965570744
657.0 0.0012362858797132503
658.0 0.0011095529771409929
659.0 0.0009828205293160863
660.0 0.0009541876352159306
661.0 0.0009255546501663048
662.0 0.0010453798495291267
663.0 0.0011652052307908889
664.0 0.0011979106602666434
665.0 0.0012306157259445172
666.0 0.0011616224583121948
667.0 0.0010926288268819917
668.0 0.0011434131010901183
669.0 0.001194197466247715
670.0 0.0011776297469623387
671.0 0.0011610620276769623
672.0 0.0011454962987045292
673.0 0.0011299304787826259
674.0 0.001117263764172094
675.0 0.001104597049561562
676.0 0.0010370074051024858
677.0 0.0009694173968455289
678.0 0.001071396309271222
679.0 0.0011733753126463853
680.0 0.001080138645193074
681.0 0.0009869017958408222
682.0 0.001032563432090683
683.0 0.0010782250683405437
684.0 0.0009610361303202808
685.0 0.0008438470104010776
686.0 0.0010051126992038917
687.0 0.0011663782061077654
688.0 0.0011359215932316147
689.0 0.0011054648894059937
690.0 0.0009927344763127621
691.0 0.0008800041541690007
692.0 0.0008823672942526173
693.0 0.0008847305252857041
694.0 0.0009856317774392664
695.0 0.0010865328476938885
696.0 0.0010866006959986407
697.0 0.0010866681805055123
698.0 0.0012345988579909317
699.0 0.0013825295354763512
700.0 0.001153272569354158
701.0 0.0009240156032319646
702.0 0.0010805556485138368
703.0 0.0012370954209472984
704.0 0.0012324856470513623
705.0 0.0012278756003070157
706.0 0.0011811620424850844
707.0 0.0011344483937136829
708.0 0.0010519759598537348
709.0 0.0009695035259937868
710.0 0.0011306786291243043
711.0 0.0012918540051032323
712.0 0.0012030550351482816
713.0 0.0011142563380417414
714.0 0.0011870982234540861
715.0 0.0012599403817148414
716.0 0.0014555001143889967
717.0 0.001651060301810503
718.0 0.0019435217836871743
719.0 0.0022359830836649053
720.0 0.0018548860680311918
721.0 0.0014737890523974784
722.0 0.0015507734133279882
723.0 0.0016277581380563788
724.0 0.0016071826394181699
725.0 0.0015866067769820802
726.0 0.0017208016288350336
727.0 0.0018549962987890467
728.0 0.0019200862880097702
729.0 0.0019851760953315534
730.0 0.002021138061536476
731.0 0.0020570998458424583
732.0 0.0019576629711082205
733.0 0.0018582260963739827
734.0 0.0016404648704337887
735.0 0.0014227041901904158
736.0 0.00126691638797638
737.0 0.0011111283129139338
738.0 0.0011077870112785604
739.0 0.001104445709643187
740.0 0.0009262834282708354
741.0 0.0007481210559490137
742.0 0.000730656984160305
743.0 0.0007131929578463314
744.0 0.0009006495020003058
745.0 0.0010881062735279556
746.0 0.0010863205716304947
747.0 0.0010845348697330337
748.0 0.0011846354027511552
749.0 0.001284736117668217
750.0 0.001052988682204159
751.0 0.0008212417014874518
752.0 0.0007548217581643257
753.0 0.00068840199674014
754.0 0.000816030842543114
755.0 0.0009436596883460879
756.0 0.0008729834007681347
757.0 0.0008023071131901816
758.0 0.0008813308340904769
759.0 0.0009603548278391827
760.0 0.0007562606697320007
761.0 0.0005521664661500836
762.0 0.0005785761004517553
763.0 0.0006049855983292218
764.0 0.0007411314527416835
765.0 0.0008772774890530854
766.0 0.0007318992629734566
767.0 0.0005865210823685629
768.0 0.0005352921107260045
769.0 0.000484063139083446
770.0 0.0004040352905576583
771.0 0.0003240074875066057
772.0 0.0005410677658801433
773.0 0.0007581281806778861
774.0 0.0008338689440279268
775.0 0.0009096097528527025
776.0 0.0008565989446651656
777.0 0.0008035880455281585
778.0 0.0007597736839670688
779.0 0.0007159593678807141
780.0 0.0006610245236515766
781.0 0.000606089633947704
782.0 0.0005931593932473334
783.0 0.0005802290615974925
784.0 0.0006868017408123706
785.0 0.0007933744200272486
786.0 0.0007051042757666437
787.0 0.0006168344953039195
788.0 0.0003833875780401286
789.0 0.00014994071761975647
790.0 0.00019647868612082675
791.0 0.00024301662051584572
792.0 0.00029511713819374563
793.0 0.0003472176786090131
794.0 0.0002671517677299562
795.0 0.0001870858568508993
796.0 0.0003596518581616692
797.0 0.0005322178367350716
798.0 0.0005219068043516017
799.0 0.0005115957719681319
800.0 0.0005432010766526219
801.0 0.0005748065177613171
802.0 0.0004629872364603216
803.0 0.0003511681143208989
804.0 0.00027510807285580086
805.0 0.000199048122340173
806.0 0.0002936234523076564
807.0 0.0003881987595377723
808.0 0.00043966751945845317
809.0 0.000491136233904399
810.0 0.0003628563490565284
811.0 0.00023457637325918768
812.0 0.00024204371129599167
813.0 0.0002495110265954281
814.0 0.00033824621823441703
815.0 0.0004269813871360384
816.0 0.0004801458999281749
817.0 0.0005333102762961062
818.0 0.00036862043089058716
819.0 0.00020393058548506815
820.0 0.0003550965857357369
821.0 0.0005062625405116705
822.0 0.00042579804357956164
823.0 0.0003453335693848203
824.0 0.000430928139394382
825.0 0.0005165226866665762
826.0 0.0006257718723645667
827.0 0.0007350209216383519
828.0 0.0006440355718950741
829.0 0.0005530501312023262
830.0 0.00043769614421762526
831.0 0.0003223421117581893
832.0 0.0004914402779832017
833.0 0.0006605383532587439
834.0 0.0005332911314326338
835.0 0.0004060439096065238
836.0 0.00047497010200459044
837.0 0.0005438963853521273
838.0 0.0005246547061688034
839.0 0.0005054130724602146
840.0 0.000598008000451955
841.0 0.0006906028829689603
842.0 0.0003907489372068085
843.0 9.089488912650268e-05
844.0 0.00011513044455568888
845.0 0.00013936598861619132
846.0 0.00044390762923285365
847.0 0.0007484493380616186
848.0 0.0006119709723861888
849.0 0.00047549269766022917
850.0 0.0005070191036793403
851.0 0.0005385455096984515
852.0 0.0006087575457058847
853.0 0.0006789691724407021
854.0 0.0006190123258420499
855.0 0.0005590552973444574
856.0 0.0005549638899537968
857.0 0.0005508725280378712
858.0 0.0005628887265629601
859.0 0.0005749048796133138
860.0 0.0005135375431564171
861.0 0.00045217020669952035
862.0 0.000471555404146784
863.0 0.0004909406470687827
864.0 0.0004990835805074312
865.0 0.0005072266048955498
866.0 0.0005238652192929294
867.0 0.0005405039246397791
868.0 0.0006832569397374755
869.0 0.0008260100003099069
870.0 0.0006356808171403827
871.0 0.00044535149754665326
872.0 0.0003364364374647266
873.0 0.00022752124095859472
874.0 0.0003419916993152583
875.0 0.0004564621576719219
876.0 0.0006085696895752335
877.0 0.00076067717600381
878.0 0.0007076335350575391
879.0 0.0006545898486365331
880.0 0.0006322324679786107
881.0 0.0006098753601690987
882.0 0.0005268057066132315
883.0 0.0004437363259057747
884.0 0.0005454364327306394
885.0 0.0006471367214544443
886.0 0.0007210214334918419
887.0 0.0007949063729029149
888.0 0.0006036088961991481
889.0 0.0004123115104448516
890.0 0.0004678303412219975
891.0 0.0005233492629486136
892.0 0.0004962031198374461
893.0 0.00046905702220101375
894.0 0.00044926441660209093
895.0 0.0004294718110031681
896.0 0.00023632774173165672
897.0 4.318364972277777e-05
898.0 0.0002595749037936912
899.0 0.00047596613512723707
900.0 0.000396380801248597
901.0 0.0003167954218952218
902.0 0.0005172464625502471
903.0 0.0007176974577305373
904.0 0.0004229371825203998
905.0 0.00012817680499210837
906.0 0.00033619708119658753
