lsstCam/transmission_filter_detector/r01_s12/g_6/19700101T000000.ecsv
# %ECSV 1.0
# ---
# datatype:
# - {name: wavelength, unit: nm, datatype: float32}
# - {name: efficiency, unit: '%', datatype: float64}
# meta: !!omap
# - {MODE: DETECTOR}
# - {TYPE: transmission_filter_detector}
# - {CALIBDATE: '1970-01-01T00:00:00'}
# - {INSTRUME: LSSTCam}
# - {OBSTYPE: transmission_filter_detector}
# - {CALIBCLS: lsst.ip.isr.IntermediateFilterDetectorTransmissionCurve}
# - {SOURCE: Materion (DM-46256)}
# - {DETECTOR: 5}
# - {FILTER: g_6}
# - {CALIB_ID: 'calibDate=1970-01-01T00:00:00 filter=g_6 detector=5'}
# - {DATE: '2025-04-02T15:59:42.053648'}
# - {CALIB_CREATION_DATE: '2025-04-02'}
# - {CALIB_CREATION_TIME: '15:59:42'}
# - __serialized_columns__:
#     efficiency:
#       __class__: astropy.units.quantity.Quantity
#       unit: !astropy.units.Unit {unit: '%'}
#       value: !astropy.table.SerializedColumn {name: efficiency}
#     wavelength:
#       __class__: astropy.units.quantity.Quantity
#       unit: !astropy.units.Unit {unit: nm}
#       value: !astropy.table.SerializedColumn {name: wavelength}
# schema: astropy-2.0
wavelength efficiency
[from data line 608]
908.0 0.0004717498995887581
909.0 0.0003992825440946035
910.0 0.000322382743433991
911.0 0.00024548294277337845
912.0 0.0003833009486697847
913.0 0.000521119000040926
914.0 0.00030867900022713
915.0 9.623904588806909e-05
916.0 0.00014881917422826518
917.0 0.00020139927983109374
918.0 0.00025400750018889084
919.0 0.0003066157432840555
920.0 0.0003326588739582803
921.0 0.0003587020046325051
922.0 0.0005290338322083699
923.0 0.000699365637046867
924.0 0.000613661359238904
925.0 0.0005279569450067356
926.0 0.0005476798378367675
927.0 0.0005674028670910047
928.0 0.0005219170816417318
929.0 0.000476431387141929
930.0 0.0004955189069733024
931.0 0.0005146065177541459
932.0 0.0004816440196009353
933.0 0.00044868156692245975
934.0 0.0004521821210801136
935.0 0.0004556826752377674
936.0 0.0005081863946543308
937.0 0.0005606900685961591
938.0 0.0006300114819168812
939.0 0.000699332804288133
940.0 0.0005945246357441647
941.0 0.000489716285301256
942.0 0.0007027566425676923
943.0 0.0009157968634099234
944.0 0.0006904913334437879
945.0 0.0004651856670534471
946.0 0.00047009875743242446
947.0 0.0004750118478114018
948.0 0.0008117972356558312
949.0 0.0011485827599244658
950.0 0.0010021387424785644
951.0 0.000855694725032663
952.0 0.000860656382428715
953.0 0.000865618039824767
954.0 0.0007742100933683105
955.0 0.0006828021469118539
956.0 0.0006364139153447468
957.0 0.0005900255018786993
958.0 0.0006966635737626348
959.0 0.0008033017365960404
960.0 0.0006531626695505111
961.0 0.0005030235115555115
962.0 0.0005841696292918641
963.0 0.0006653156560787465
964.0 0.0007669831575185526
965.0 0.0008686504770594183
966.0 0.0008652285941934679
967.0 0.0008618067113275174
968.0 0.0007756480044918135
969.0 0.0006894893431308446
970.0 0.0006874541668366874
971.0 0.0006854190360172652
972.0 0.0007934691893751733
973.0 0.0009015194336825516
974.0 0.0008531533239874989
975.0 0.0008047873961913865
976.0 0.000833212925499538
977.0 0.0008616387276560999
978.0 0.0009545653483655769
979.0 0.0010474918781255838
980.0 0.001077367051038891
981.0 0.0011072423149016686
982.0 0.0010294191270077135
983.0 0.0009515958481642883
984.0 0.0009522944310447201
985.0 0.0009529932867735624
986.0 0.0011115657798654865
987.0 0.0012701380910584703
988.0 0.0012714145668724086
989.0 0.0012726908607874066
990.0 0.0013989619219501037
991.0 0.0015252329831128009
992.0 0.0015020453247416299
993.0 0.0014788578482693993
994.0 0.001484803306084359
995.0 0.0014907487638993189
996.0 0.0013351694178709295
997.0 0.0011795898899435997
998.0 0.0013188352568249684
999.0 0.001458080623706337
1000.0 0.001389665703754872
1001.0 0.001321250692853937
1002.0 0.001217355838889489
1003.0 0.001113460984925041
1004.0 0.0011026894753740635
1005.0 0.0010919176929746754
1006.0 0.001319085913564777
1007.0 0.0015462541341548786
1008.0 0.001596993752173148
1009.0 0.0016477339158882387
1010.0 0.0017281388863921165
1011.0 0.0018085440387949347
1012.0 0.0019345749024068937
1013.0 0.0020606061298167333
1014.0 0.0020605339159374125
1015.0 0.002060461883957032
1016.0 0.0024166629373212345
1017.0 0.0027728643544833176
1018.0 0.003012612614838872
1019.0 0.003252361057093367
1020.0 0.003299956370028667
1021.0 0.0033475513191660866
1022.0 0.003674921754281968
1023.0 0.00400229255319573
1024.0 0.004090901711606421
1025.0 0.004179510870017111
1026.0 0.004287826595827937
1027.0 0.004396141957840882
1028.0 0.004442454519448802
1029.0 0.004488766717258841
1030.0 0.004695267853094265
1031.0 0.004901768625131808
1032.0 0.005290245826472528
1033.0 0.005678723027813248
1034.0 0.005493447679327801
1035.0 0.005308172694640234
1036.0 0.0053867050155531615
1037.0 0.005465236972668208
1038.0 0.005695073923561722
1039.0 0.005924910874455236
1040.0 0.006398816913133487
1041.0 0.006872721860418096
1042.0 0.006991390546318144
1043.0 0.007110059232218191
1044.0 0.007384420314338058
1045.0 0.0076587813964579254
1046.0 0.008598574640927836
1047.0 0.009538367885397747
1048.0 0.010978982027154416
1049.0 0.0124195939861238
1050.0 0.014797366748098284
1051.0 0.0171751351444982
1052.0 0.020711580873467028
1053.0 0.02424803387839347
1054.0 0.028936390299350023
1055.0 0.03362474380992353
1056.0 0.040405712206847966
1057.0 0.047186671872623265
1058.0 0.05489757168106735
1059.0 0.0626084569375962
1060.0 0.06994718569330871
1061.0 0.07728587952442467
1062.0 0.08452610345557332
1063.0 0.09176629828289151
1064.0 0.09698733338154852
1065.0 0.10220835683867335
1066.0 0.10725590400397778
1067.0 0.11230346281081438
1068.0 0.11848319554701447
1069.0 0.1246629748493433
1070.0 0.13460228219628334
1071.0 0.14454158954322338
1072.0 0.15770971076563
1073.0 0.17087779706344008
1074.0 0.18534628907218575
1075.0 0.19981483928859234
1076.0 0.2136556664481759
1077.0 0.2274965401738882
1078.0 0.24146982468664646
1079.0 0.2554431091994047
1080.0 0.27259865310043097
1081.0 0.2897541504353285
1082.0 0.3162385197356343
1083.0 0.34272288903594017
1084.0 0.38009174168109894
1085.0 0.41746064089238644
1086.0 0.45243394561111927
1087.0 0.48740729689598083
1088.0 0.55137206800282
1089.0 0.6153368856757879
1090.0 0.6926583126187325
1091.0 0.769979739561677
1092.0 0.7992995902895927
1093.0 0.8286192081868649
1094.0 0.8647311478853226
1095.0 0.9008428081870079
1096.0 0.9442650713026524
1097.0 0.9876875206828117
1098.0 1.0065901093184948
1099.0 1.0254927910864353
1100.0 1.1806562542915344
1101.0 1.3358193449676037
