ts8/transmission_sensor/rtm-018_s01/19700101T000000.ecsv
# %ECSV 0.9
# ---
# datatype:
# - {name: amp_name, datatype: string}
# - {name: wavelength, unit: nm, datatype: float32}
# - {name: efficiency, unit: '%', datatype: float32}
# meta: !!omap
# - {MODE: AMP}
# - {TYPE: transmission_sensor}
# - {CALIBDATE: '1970-01-01T00:00:00'}
# - {INSTRUME: TS8}
# - {OBSTYPE: transmission_sensor}
# - {DETECTOR: 217}
# - {CALIBCLS: lsst.ip.isr.IntermediateSensorTransmissionCurve}
# - {PICKLEFILE: RaftRun12120.p}
# - {CALIB_ID: 'raftName=RTM-018 detectorName=S01 detector=217 calibDate=1970-01-01T00:00:00 ccd=217 ccdnum=217 filter=None'}
# - {DATE: '2020-07-23T19:16:33.084583'}
# - {CALIB_CREATION_DATE: '2020-07-23'}
# - {CALIB_CREATION_TIME: '19:16:33'}
# - __serialized_columns__:
#     efficiency:
#       __class__: astropy.units.quantity.Quantity
#       unit: !astropy.units.Unit {unit: '%'}
#       value: !astropy.table.SerializedColumn {name: efficiency}
#     wavelength:
#       __class__: astropy.units.quantity.Quantity
#       unit: !astropy.units.Unit {unit: nm}
#       value: !astropy.table.SerializedColumn {name: wavelength}
# schema: astropy-2.0
amp_name wavelength efficiency
C13 319.994 47.21612
C13 324.969 47.8646
C13 349.982 53.461487
C13 374.975 67.43879
C13 400.019 82.16487
C13 424.965 86.279816
C13 450.035 86.3757
C13 475.003 87.14133
C13 500.018 85.6084
C13 525.002 85.36828
C13 550.029 86.59506
C13 575.023 88.37922
C13 599.982 89.19419
C13 619.997 90.530235
C13 624.979 90.84146
C13 650.012 91.894135
C13 675.004 93.32948
C13 700.03 95.07476
C13 725.012 95.93954
C13 750.022 97.01852
C13 774.987 98.55774
C13 799.976 98.441246
C13 824.988 98.923134
C13 850.022 98.297005
C13 869.967 96.79748
C13 875.002 95.954834
C13 899.999 91.09105
C13 919.999 84.42469
C13 925.012 81.83289
C13 949.965 70.55312
C13 975.002 55.40675
C13 999.976 38.490463
C13 1025.028 21.857462
C13 1050.014 10.337298
C13 1075.002 6.443469
C13 1099.99 4.1610518
C10 319.994 47.189915
C10 324.969 48.039707
C10 349.982 54.323353
C10 374.975 68.30949
C10 400.019 82.29464
C10 424.965 85.85426
C10 450.035 85.72142
C10 475.003 86.467384
C10 500.018 85.04095
C10 525.002 84.92576
C10 550.029 86.24625
C10 575.023 88.1397
C10 599.982 89.02344
C10 619.997 90.3882
C10 624.979 90.70365
C10 650.012 91.7497
C10 675.004 93.18948
C10 700.03 94.91523
C10 725.012 95.75278
C10 750.022 96.80727
C10 774.987 98.317055
C10 799.976 98.15877
C10 824.988 98.579094
C10 850.022 97.951164
C10 869.967 96.44026
C10 875.002 95.56216
C10 899.999 90.65397
C10 919.999 84.07035
C10 925.012 81.53777
C10 949.965 70.48137
C10 975.002 55.326397
C10 999.976 38.53263
C10 1025.028 21.72109
C10 1050.014 10.238364
C10 1075.002 6.323806
C10 1099.99 4.1216516
C07 319.994 46.34596
C07 324.969 46.786114
C07 349.982 51.461235
C07 374.975 64.9391
C07 400.019 80.19109
C07 424.965 85.02779
C07 450.035 85.50485
C07 475.003 86.33312
C07 500.018 84.75242
C07 525.002 84.415535
C07 550.029 85.5158
C07 575.023 87.24534
C07 599.982 88.03723
C07 619.997 89.361946
C07 624.979 89.67241
C07 650.012 90.71767
C07 675.004 92.19976
C07 700.03 94.08604
C07 725.012 95.33142
C07 750.022 96.919815
C07 774.987 98.945595
C07 799.976 99.0741
C07 824.988 99.526886
C07 850.022 99.00423
C07 869.967 97.520195
C07 875.002 96.652435
C07 899.999 91.64086
C07 919.999 84.61034
C07 925.012 81.90574
C07 949.965 71.076065
C07 975.002 55.86238
C07 999.976 38.705494
C07 1025.028 21.988579
C07 1050.014 10.4732065
C07 1075.002 6.329915
C07 1099.99 4.187385
C15 319.994 46.94038
C15 324.969 47.48783
C15 349.982 52.702766
C15 374.975 66.6476
C15 400.019 81.74069
C15 424.965 86.16104
C15 450.035 86.360374
C15 475.003 87.10605
C15 500.018 85.50136
C15 525.002 85.192535
C15 550.029 86.34602
C15 575.023 88.07511
C15 599.982 88.84956
C15 619.997 90.16322
C15 624.979 90.46968
C15 650.012 91.50801
C15 675.004 92.946236
C15 700.03 94.70136
C15 725.012 95.60095
C15 750.022 96.72193
C15 774.987 98.30517
C15 799.976 98.22637
C15 824.988 98.72438
C15 850.022 98.12255
C15 869.967 96.669556
C15 875.002 95.827965
C15 899.999 91.005684
C15 919.999 84.34931
C15 925.012 81.71217
C15 949.965 70.34563
C15 975.002 55.401043
C15 999.976 38.52236
C15 1025.028 21.90374
C15 1050.014 10.395727
C15 1075.002 6.4365
C15 1099.99 4.1971188
C17 319.994 46.708866
C17 324.969 47.174526
C17 349.982 52.083523
C17 374.975 65.97606
C17 400.019 81.33128
C17 424.965 86.00296
C17 450.035 86.28894
C17 475.003 87.024704
C17 500.018 85.36875
C17 525.002 84.997765
C17 550.029 86.09114
C17 575.023 87.79219
C17 599.982 88.555695
C17 619.997 89.86523
C17 624.979 90.173584
C17 650.012 91.20837
C17 675.004 92.65532
C17 700.03 94.42879
C17 725.012 95.38749
C17 750.022 96.56842
C17 774.987 98.23023
C17 799.976 98.1846
C17 824.988 98.68845
C17 850.022 98.106804
C17 869.967 96.689316
C17 875.002 95.84438
C17 899.999 91.05263
C17 919.999 84.18876
C17 925.012 81.50769
C17 949.965 70.04131
C17 975.002 55.388264
C17 999.976 38.610775
C17 1025.028 21.932142
C17 1050.014 10.5074215
C17 1075.002 6.4327793
C17 1099.99 4.2211795
C01 319.994 46.986774
C01 324.969 47.753048
C01 349.982 53.648808
C01 374.975 67.37948
C01 400.019 81.55254
C01 424.965 85.41727
C01 450.035 85.52865
C01 475.003 86.373566
C01 500.018 84.95446
C01 525.002 84.81123
C01 550.029 86.08228
C01 575.023 87.91439
C01 599.982 88.74763
C01 619.997 90.08114
C01 624.979 90.385445
C01 650.012 91.416695
C01 675.004 92.86169
C01 700.03 94.68371
C01 725.012 95.80744
C01 750.022 97.26116
C01 774.987 99.13372
C01 799.976 99.16046
C01 824.988 99.55795
C01 850.022 98.997795
C01 869.967 97.404205
C01 875.002 96.49697
C01 899.999 91.40144
C01 919.999 84.54028
C01 925.012 81.90738
C01 949.965 71.39165
C01 975.002 56.213184
C01 999.976 39.051792
C01 1025.028 21.979862
C01 1050.014 10.490691
C01 1075.002 6.2680235
C01 1099.99 4.173102
C12 319.994 47.211094
C12 324.969 47.91586
C12 349.982 53.711937
C12 374.975 67.670235
C12 400.019 82.14673
C12 424.965 86.08133
C12 450.035 86.11508
C12 475.003 86.87923
C12 500.018 85.383934
C12 525.002 85.18377
C12 550.029 86.4522
C12 575.023 88.265976
C12 599.982 89.10199
C12 619.997 90.45221
C12 624.979 90.76202
C12 650.012 91.82811
C12 675.004 93.2566
C12 700.03 94.99723
C12 725.012 95.85283
C12 750.022 96.91533
C12 774.987 98.43763
C12 799.976 98.31043
C12 824.988 98.77655
C12 850.022 98.1472
C12 869.967 96.64019
C12 875.002 95.79458
C12 899.999 90.929955
C12 919.999 84.30196
C12 925.012 81.72818
C12 949.965 70.48449
C12 975.002 55.33871
C12 999.976 38.483894
C12 1025.028 21.840868
C12 1050.014 10.332735
C12 1075.002 6.4279275
C12 1099.99 4.150169
C06 319.994 46.28079
C06 324.969 46.761044
C06 349.982 51.577778
C06 374.975 65.10192
C06 400.019 80.24409
C06 424.965 84.95744
C06 450.035 85.380394
C06 475.003 86.1971
C06 500.018 84.64214
C06 525.002 84.337
C06 550.029 85.46736
C06 575.023 87.20853
C06 599.982 88.00466
C06 619.997 89.33031
C06 624.979 89.637535
C06 650.012 90.67694
C06 675.004 92.157776
C06 700.03 94.03347
C06 725.012 95.248314
C06 750.022 96.811775
C06 774.987 98.79955
C06 799.976 98.917915
C06 824.988 99.36973
C06 850.022 98.83107
C06 869.967 97.312775
C06 875.002 96.43647
C06 899.999 91.45077
C06 919.999 84.49661
C06 925.012 81.814
C06 949.965 71.017044
C06 975.002 55.79531
C06 999.976 38.57302
C06 1025.028 21.959574
C06 1050.014 10.464952
C06 1075.002 6.3442354
C06 1099.99 4.2231927
C11 319.994 47.29072
C11 324.969 48.064423
C11 349.982 54.107994
C11 374.975 68.102036
C11 400.019 82.35111
C11 424.965 86.09701
C11 450.035 86.04831
C11 475.003 86.80098
C11 500.018 85.33639
C11 525.002 85.17238
C11 550.029 86.47668
C11 575.023 88.325325
C11 599.982 89.18761
C11 619.997 90.55127
C11 624.979 90.86278
C11 650.012 91.93009
C11 675.004 93.35973
C11 700.03 95.09095
C11 725.012 95.943565
C11 750.022 96.99958
C11 774.987 98.51438
C11 799.976 98.36671
C11 824.988 98.817444
C11 850.022 98.183624
C11 869.967 96.66477
C11 875.002 95.81199
C11 899.999 90.92587
C11 919.999 84.30328
C11 925.012 81.738464
C11 949.965 70.52645
C11 975.002 55.3594
C11 999.976 38.512886
C11 1025.028 21.794754
C11 1050.014 10.289947
C11 1075.002 6.392408
C11 1099.99 4.1293244
C05 319.994 46.360348
C05 324.969 46.88949
C05 349.982 51.89887
C05 374.975 65.458435
C05 400.019 80.42109
C05 424.965 85.0009
C05 450.035 85.39145
C05 475.003 86.231285
C05 500.018 84.70656
C05 525.002 84.42604
C05 550.029 85.57268
C05 575.023 87.32029
C05 599.982 88.10703
C05 619.997 89.42508
C05 624.979 89.72823
C05 650.012 90.7591
C05 675.004 92.22679
C05 700.03 94.08491
C05 725.012 95.278854
C05 750.022 96.81197
C05 774.987 98.769936
C05 799.976 98.86696
C05 824.988 99.31336
C05 850.022 98.78335
C05 869.967 97.18408
C05 875.002 96.267395
C05 899.999 91.205986
C05 919.999 84.396774
C05 925.012 81.77506
C05 949.965 71.22575
C05 975.002 55.907635
C05 999.976 38.601303
C05 1025.028 21.91668
C05 1050.014 10.484139
C05 1075.002 6.3353467
C05 1099.99 4.235776
C00 319.994 46.982136
C00 324.969 47.81406
C00 349.982 53.946144
C00 374.975 67.63512
C00 400.019 81.546425
C00 424.965 85.26577
C00 450.035 85.33632
C00 475.003 86.18696
C00 500.018 84.7992
C00 525.002 84.68347
C00 550.029 85.9883
C00 575.023 87.8512
C00 599.982 88.70791
C00 619.997 90.05775
C00 624.979 90.36457
C00 650.012 91.4023
C00 675.004 92.84535
C00 700.03 94.663315
C00 725.012 95.77948
C00 750.022 97.21803
C00 774.987 99.0794
C00 799.976 99.09379
C00 824.988 99.48117
C00 850.022 98.91406
C00 869.967 97.28569
C00 875.002 96.36401
C00 899.999 91.15279
C00 919.999 84.35555
C00 925.012 81.75975
C00 949.965 71.39354
C00 975.002 56.302
C00 999.976 39.0384
C00 1025.028 21.94384
C00 1050.014 10.4249735
C00 1075.002 6.234274
C00 1099.99 4.160865
C04 319.994 46.79548
C04 324.969 47.381077
C04 349.982 52.61211
C04 374.975 66.243355
C04 400.019 81.039474
C04 424.965 85.45485
C04 450.035 85.79169
C04 475.003 86.65085
C04 500.018 85.13553
C04 525.002 84.87877
C04 550.029 86.03905
C04 575.023 87.78879
C04 599.982 88.56095
C04 619.997 89.86794
C04 624.979 90.16959
C04 650.012 91.186325
C04 675.004 92.63987
C04 700.03 94.48322
C04 725.012 95.648155
C04 750.022 97.14712
C04 774.987 99.0775
C04 799.976 99.154106
C04 824.988 99.59027
C04 850.022 99.06109
C04 869.967 97.441666
C04 875.002 96.51571
C04 899.999 91.412025
C04 919.999 84.6247
C04 925.012 82.01293
C04 949.965 71.54273
C04 975.002 56.181126
C04 999.976 38.849747
C04 1025.028 21.997097
C04 1050.014 10.543966
C04 1075.002 6.352154
C04 1099.99 4.239946
C02 319.994 46.90078
C02 324.969 47.593273
C02 349.982 53.226517
C02 374.975 66.91668
C02 400.019 81.34281
C02 424.965 85.42184
C02 450.035 85.63054
C02 475.003 86.501
C02 500.018 85.06058
C02 525.002 84.882805
C02 550.029 86.1172
C02 575.023 87.91575
C02 599.982 88.7156
C02 619.997 90.03441
C02 624.979 90.33711
C02 650.012 91.3569
C02 675.004 92.80102
C02 700.03 94.62612
C02 725.012 95.761925
C02 750.022 97.22218
C02 774.987 99.11449
C02 799.976 99.15634
C02 824.988 99.57086
C02 850.022 99.02798
C02 869.967 97.43196
C02 875.002 96.52778
C02 899.999 91.44447
C02 919.999 84.61192
C02 925.012 81.98392
C02 949.965 71.48974
C02 975.002 56.251537
C02 999.976 39.03247
C02 1025.028 22.018478
C02 1050.014 10.532299
C02 1075.002 6.311755
C02 1099.99 4.204417
C03 319.994 46.970036
C03 324.969 47.611977
C03 349.982 53.04519
C03 374.975 66.72595
C03 400.019 81.36502
C03 424.965 85.627014
C03 450.035 85.90539
C03 475.003 86.78203
C03 500.018 85.30346
C03 525.002 85.08239
C03 550.029 86.28177
C03 575.023 88.05374
C03 599.982 88.83478
C03 619.997 90.14723
C03 624.979 90.44749
C03 650.012 91.46733
C03 675.004 92.91418
C03 700.03 94.74878
C03 725.012 95.90016
C03 750.022 97.37927
C03 774.987 99.29381
C03 799.976 99.35334
C03 824.988 99.781136
C03 850.022 99.2484
C03 869.967 97.64366
C03 875.002 96.725266
C03 899.999 91.623375
C03 919.999 84.819115
C03 925.012 82.19949
C03 949.965 71.727776
C03 975.002 56.38883
C03 999.976 39.08726
C03 1025.028 22.073458
C03 1050.014 10.572382
C03 1075.002 6.3515196
C03 1099.99 4.228594
C14 319.994 47.038837
C14 324.969 47.636402
C14 349.982 53.029476
C14 374.975 66.98699
C14 400.019 81.90239
C14 424.965 86.17385
C14 450.035 86.3222
C14 475.003 87.07818
C14 500.018 85.51142
C14 525.002 85.23573
C14 550.029 86.4187
C14 575.023 88.176956
C14 599.982 88.9681
C14 619.997 90.29546
C14 624.979 90.600395
C14 650.012 91.63875
C14 675.004 93.080765
C14 700.03 94.83098
C14 725.012 95.70736
C14 750.022 96.80706
C14 774.987 98.36575
C14 799.976 98.26648
C14 824.988 98.75792
C14 850.022 98.15283
C14 869.967 96.69347
C14 875.002 95.85227
C14 899.999 91.01967
C14 919.999 84.384865
C14 925.012 81.78354
C14 949.965 70.50322
C14 975.002 55.438873
C14 999.976 38.51656
C14 1025.028 21.880733
C14 1050.014 10.365842
C14 1075.002 6.460662
C14 1099.99 4.1869993
C16 319.994 46.84907
C16 324.969 47.349426
C16 349.982 52.391506
C16 374.975 66.30517
C16 400.019 81.54668
C16 424.965 86.09769
C16 450.035 86.3456
C16 475.003 87.08448
C16 500.018 85.45737
C16 525.002 85.11641
C16 550.029 86.23875
C16 575.023 87.949196
C16 599.982 88.71287
C16 619.997 90.02269
C16 624.979 90.328674
C16 650.012 91.3631
C16 675.004 92.8052
C16 700.03 94.57069
C16 725.012 95.491714
C16 750.022 96.645
C16 774.987 98.26124
C16 799.976 98.201454
C16 824.988 98.70316
C16 850.022 98.10779
C16 869.967 96.66639
C16 875.002 95.82356
C16 899.999 91.03981
C16 919.999 84.28132
C16 925.012 81.617966
C16 949.965 70.14674
C16 975.002 55.355484
C16 999.976 38.550243
C16 1025.028 21.912354
C16 1050.014 10.45037
C16 1075.002 6.4305687
C16 1099.99 4.2150273
