lsstCam/transmission_filter_detector/r12_s21/r_57/19700101T000000.ecsv
# %ECSV 1.0
# ---
# datatype:
# - {name: wavelength, unit: nm, datatype: float32}
# - {name: efficiency, unit: '%', datatype: float64}
# meta: !!omap
# - {MODE: DETECTOR}
# - {TYPE: transmission_filter_detector}
# - {CALIBDATE: '1970-01-01T00:00:00'}
# - {INSTRUME: LSSTCam}
# - {OBSTYPE: transmission_filter_detector}
# - {CALIBCLS: lsst.ip.isr.IntermediateFilterDetectorTransmissionCurve}
# - {SOURCE: Materion (DM-46256)}
# - {DETECTOR: 52}
# - {FILTER: r_57}
# - {CALIB_ID: 'calibDate=1970-01-01T00:00:00 filter=r_57 detector=52'}
# - {DATE: '2025-04-02T15:59:44.424909'}
# - {CALIB_CREATION_DATE: '2025-04-02'}
# - {CALIB_CREATION_TIME: '15:59:44'}
# - __serialized_columns__:
#     efficiency:
#       __class__: astropy.units.quantity.Quantity
#       unit: !astropy.units.Unit {unit: '%'}
#       value: !astropy.table.SerializedColumn {name: efficiency}
#     wavelength:
#       __class__: astropy.units.quantity.Quantity
#       unit: !astropy.units.Unit {unit: nm}
#       value: !astropy.table.SerializedColumn {name: wavelength}
# schema: astropy-2.0
wavelength efficiency
[from data line 602]
902.0 1.5796540507942436e-10
903.0 1.5796540507942436e-10
904.0 1.5796540507942436e-10
905.0 3.384966618114049e-06
906.0 1.5796540507942436e-10
907.0 1.5796540507942436e-10
908.0 1.5796540507942436e-10
909.0 1.5796540507942436e-10
910.0 1.5796540507942436e-10
911.0 1.5796540507942436e-10
912.0 1.5796540507942436e-10
913.0 1.5796540507942436e-10
914.0 1.5796540507942436e-10
915.0 8.036706731218146e-05
916.0 5.0611697588465177e-05
917.0 2.0856352023201907e-05
918.0 6.822367026870779e-05
919.0 0.0001155909671979316
920.0 3.272005244525644e-05
921.0 1.5796540507942436e-10
922.0 5.6507974477426615e-05
923.0 0.00016316683968398138
924.0 0.0001735371483846393
925.0 0.00018390747982266475
926.0 0.0001620615421416005
927.0 0.00014021560446053627
928.0 0.0001319784587394679
929.0 0.00012374126754366443
930.0 0.00020318382212280994
931.0 0.0002826263880706392
932.0 0.00014492192121906555
933.0 7.217517605795365e-06
934.0 0.0001534248553980433
935.0 0.0002996321654791245
936.0 0.0002823423983500106
937.0 0.0002650526084835292
938.0 0.000322460732604668
939.0 0.0003798688794631744
940.0 0.0003342365744174458
941.0 0.00028860426937171724
942.0 0.00035790658330370206
943.0 0.000427208942710422
944.0 0.00036096564599574776
945.0 0.00029472239475580864
946.0 0.0003226371063647093
947.0 0.0003505517724988749
948.0 0.00045614742703037336
949.0 0.000561743172511342
950.0 0.0005377237357606646
951.0 0.0005137042535352521
952.0 0.0006730751920258626
953.0 0.0008324462214659434
954.0 0.001128816347772954
955.0 0.001425186655978905
956.0 0.00149907009472372
957.0 0.0015729536244180053
958.0 0.001695295941317454
959.0 0.0018176386220147833
960.0 0.001997756407945417
961.0 0.0021778741938760504
962.0 0.002305088855791837
963.0 0.002432303699606564
964.0 0.002494371983630117
965.0 0.0025564399038557895
966.0 0.0025613237085053697
967.0 0.0025662073312560096
968.0 0.0025475697839283384
969.0 0.0025289324184996076
970.0 0.0026095050998264924
971.0 0.0026900779630523175
972.0 0.002689978646230884
973.0 0.0026898789656115696
974.0 0.0028732245482387953
975.0 0.003056570130866021
976.0 0.0031424788176082075
977.0 0.003228387504350394
978.0 0.0031075789593160152
979.0 0.002986770778079517
980.0 0.0029321312467800453
981.0 0.0028774917154805735
982.0 0.002921004852396436
983.0 0.0029645179893122986
984.0 0.002933214454969857
985.0 0.002901910738728475
986.0 0.002809752731991466
987.0 0.0027175943614565767
988.0 0.0025573026505298913
989.0 0.0023970109396032058
990.0 0.0024545353880967014
991.0 0.0025120600184891373
992.0 0.0025492856366327032
993.0 0.0025865118004730903
994.0 0.0026265297492500395
995.0 0.0026665475161280483
996.0 0.002770386345218867
997.0 0.0028742249924107455
998.0 0.002985149149026256
999.0 0.003096073487540707
1000.0 0.003232794188079424
1001.0 0.003369515252416022
1002.0 0.0035767476219916716
1003.0 0.003783980355365202
1004.0 0.003917934373021126
1005.0 0.004051888026879169
1006.0 0.004234132211422548
1007.0 0.004416376759763807
1008.0 0.004327624264988117
1009.0 0.004238871770212427
1010.0 0.004222854477120563
1011.0 0.004206837547826581
1012.0 0.004138228541705757
1013.0 0.004069619535584934
1014.0 0.0038123875128803775
1015.0 0.00355515512637794
1016.0 0.0033811091270763427
1017.0 0.003207063491572626
1018.0 0.002840597699105274
1019.0 0.0024741322704358026
1020.0 0.0021243846276775002
1021.0 0.0017746368030202575
1022.0 0.0015664798411307856
1023.0 0.0013583226063929033
1024.0 0.0014017599824001081
1025.0 0.0014451976312557235
1026.0 0.00135703849082347
1027.0 0.001268879077542806
1028.0 0.0011225397429370787
1029.0 0.0009762001354829408
1030.0 0.000929679208638845
1031.0 0.0008831575541989878
1032.0 0.0008748012078285683
1033.0 0.0008664446795592085
1034.0 0.0007978438588907011
1035.0 0.0007292428563232534
1036.0 0.0008176618393918034
1037.0 0.000906080640561413
1038.0 0.000809765697340481
1039.0 0.0007134508450690191
1040.0 0.0007614993137394777
1041.0 0.000809547691460466
1042.0 0.0009590838999429252
1043.0 0.0011086197446275037
1044.0 0.0009783343557501212
1045.0 0.0008480494216200896
1046.0 0.0008330816854140721
1047.0 0.000818114131106995
1048.0 0.0006661054612777662
1049.0 0.0005140967004990671
1050.0 0.0005946589226368815
1051.0 0.0006752210538252257
1052.0 0.0009676286026660819
1053.0 0.001260035605810117
1054.0 0.00099830440376536
1055.0 0.0007365730198216625
1056.0 0.0008443064871244133
1057.0 0.0009520403182250448
1058.0 0.0008096516467048787
1059.0 0.0006672633389825933
1060.0 0.0010787458450067788
1061.0 0.0014902278962836135
1062.0 0.001522042748547392
1063.0 0.0015538575098617002
1064.0 0.001168857215816388
1065.0 0.000783856648922665
1066.0 0.0011567081855901051
1067.0 0.0015295598132070154
1068.0 0.0017610067516216077
1069.0 0.001992453144339379
1070.0 0.0014699176063004415
1071.0 0.0009473820682615042
1072.0 0.0013191402103984728
1073.0 0.0016908985344343819
1074.0 0.0023410719222738408
1075.0 0.002991244946315419
1076.0 0.0031943211070029065
1077.0 0.0033973974495893344
1078.0 0.0037964600778650492
1079.0 0.0041955234337365255
1080.0 0.004094496034667827
1081.0 0.003993468271801248
1082.0 0.0040720457036513835
1083.0 0.0041506234992993996
1084.0 0.004615700891008601
1085.0 0.005080778282717802
1086.0 0.005139302083989605
1087.0 0.005197825885261409
1088.0 0.0049008125643013045
1089.0 0.0046037992433412
1090.0 0.00458345930383075
1091.0 0.00456311900052242
1092.0 0.003963774361182004
1093.0 0.0033644300856394693
1094.0 0.0038998616219032556
1095.0 0.004435293158167042
1096.0 0.003347822348587215
1097.0 0.002260351539007388
1098.0 0.0017484670024714433
1099.0 0.0012365829206828494
1100.0 0.0014909101992088836
1101.0 0.0017452370229875669
