lsstCam/transmission_filter_detector/r12_s21/r_57/19700101T000000.ecsv
# %ECSV 1.0
# ---
# datatype:
# - {name: wavelength, unit: nm, datatype: float32}
# - {name: efficiency, unit: '%', datatype: float64}
# meta: !!omap
# - {MODE: DETECTOR}
# - {TYPE: transmission_filter_detector}
# - {CALIBDATE: '1970-01-01T00:00:00'}
# - {INSTRUME: LSSTCam}
# - {OBSTYPE: transmission_filter_detector}
# - {CALIBCLS: lsst.ip.isr.IntermediateFilterDetectorTransmissionCurve}
# - {SOURCE: Materion (DM-46256)}
# - {DETECTOR: 52}
# - {FILTER: r_57}
# - {CALIB_ID: 'calibDate=1970-01-01T00:00:00 filter=r_57 detector=52'}
# - {DATE: '2025-04-02T15:59:44.424909'}
# - {CALIB_CREATION_DATE: '2025-04-02'}
# - {CALIB_CREATION_TIME: '15:59:44'}
# - __serialized_columns__:
#     efficiency:
#       __class__: astropy.units.quantity.Quantity
#       unit: !astropy.units.Unit {unit: '%'}
#       value: !astropy.table.SerializedColumn {name: efficiency}
#     wavelength:
#       __class__: astropy.units.quantity.Quantity
#       unit: !astropy.units.Unit {unit: nm}
#       value: !astropy.table.SerializedColumn {name: wavelength}
# schema: astropy-2.0
wavelength efficiency
300.0 0.0018521441234042868
301.0 0.004883715519099496
302.0 0.007915287278592587
303.0 0.009761236287886277
304.0 0.011607185297179967
305.0 0.01012855427688919
306.0 0.008649924711789936
307.0 0.008032593905227259
308.0 0.007415263826260343
309.0 0.0067831257183570415
310.0 0.006150988338049501
311.0 0.005736360253649764
312.0 0.005321731805452146
313.0 0.004823862036573701
314.0 0.004325992631493136
315.0 0.003925676355720498
316.0 0.0035253597161499783
317.0 0.003278547228546813
318.0 0.003031734740943648
319.0 0.0028910217224620283
320.0 0.002750308340182528
321.0 0.0026890915250987746
322.0 0.0026278747100150213
323.0 0.0024967761419247836
324.0 0.0023656777557334863
325.0 0.0022400594389182515
326.0 0.002114441304001957
327.0 0.0021323528926586732
328.0 0.00215026484511327
329.0 0.002274031430715695
330.0 0.0023977981982170604
331.0 0.0022637088477495126
332.0 0.0021296196791809052
333.0 0.0018866292521124706
334.0 0.0016436386431450956
335.0 0.0013847677109879442
336.0 0.0011258966878813226
337.0 0.001088550743588712
338.0 0.0010512047083466314
339.0 0.001021152547764359
340.0 0.0009911003871820867
341.0 0.000981845641945256
342.0 0.0009725909876578953
343.0 0.0009049494110513479
344.0 0.0008373080163437407
345.0 0.0007852069757063873
346.0 0.0007331061169679742
347.0 0.000708150037098676
348.0 0.000683194093653583
349.0 0.0006746109647792764
350.0 0.005507106106961146
351.0 0.0055911659728735685
352.0 0.005675225838785991
353.0 0.005305307786329649
354.0 0.004935390461469069
355.0 0.005283164500724524
356.0 0.00563093890377786
357.0 0.00699826778145507
358.0 0.00836559702293016
359.0 0.006148285319795832
360.0 0.003930974344257265
361.0 0.0027203976060263813
362.0 0.0015098208677954972
363.0 0.0026291023459634744
364.0 0.003748383460333571
365.0 0.003815687887254171
366.0 0.0038829923141747713
367.0 0.003127417221548967
368.0 0.002371841765125282
369.0 0.0018792630726238713
370.0 0.0013866845620214008
371.0 0.0017919695892487653
372.0 0.00219725479837507
373.0 0.0027281927032163367
374.0 0.0032591306080576032
375.0 0.002873050470952876
376.0 0.0024869708795449696
377.0 0.0010752767593658064
378.0 1.5796540507942436e-10
379.0 0.0006865409886813723
380.0 0.0017094995200750418
381.0 0.0024895127353374846
382.0 0.003269526132498868
383.0 0.0031778341508470476
384.0 0.003086142532993108
385.0 0.00400762764911633
386.0 0.00492911203764379
387.0 0.004513904059422202
388.0 0.004098695717402734
389.0 0.003427871342864819
390.0 0.0027570462407311425
391.0 0.0021171248590690084
392.0 0.0014772034774068743
393.0 0.0014103861758485436
394.0 0.0013435685104923323
395.0 0.0009880259312922135
396.0 0.0006324833520920947
397.0 0.0006916096481290879
398.0 0.0007507363534386968
399.0 0.000612667690802482
400.0 0.0004745985734189162
401.0 0.00012484275657698163
402.0 1.5796540507942436e-10
403.0 2.0541978074106737e-05
404.0 0.00026599782358971424
405.0 0.0008073599019553512
406.0 0.0013487217074725777
407.0 0.0018205133528681472
408.0 0.0022923048163647763
409.0 0.0018746801288216375
410.0 0.001457055168430088
411.0 0.0010698566256905906
412.0 0.0006826581284258282
413.0 0.0007060013103910023
414.0 0.0007293444468814414
415.0 0.0006610125637962483
416.0 0.0005926809990342008
417.0 0.001243388032889925
418.0 0.0018940954760182649
419.0 0.0022350024664774537
420.0 0.002575909638835583
421.0 0.003921402822015807
422.0 0.0052668961870949715
423.0 0.008072595664998516
424.0 0.010878293687710539
425.0 0.014817873307038099
426.0 0.01875744928838685
427.0 0.019501133647281677
428.0 0.02024482237175107
429.0 0.015501643065363169
430.0 0.010758465941762552
431.0 0.007635985093656927
432.0 0.004513503154157661
433.0 0.003540627585607581
434.0 0.0025677518351585604
435.0 0.0020317351300036535
436.0 0.0014957182429498062
437.0 0.001286406404688023
438.0 0.0010770947483251803
439.0 0.000952343634708086
440.0 0.000827592612040462
441.0 0.0011323507351335138
442.0 0.0014371089491760358
443.0 0.0017946551452041604
444.0 0.0021522017050301656
445.0 0.0020371287973830476
446.0 0.0019220557078369893
447.0 0.0016664378563291393
448.0 0.0014108200957707595
449.0 0.0013602661056211218
450.0 0.0013097116607241333
451.0 0.0013714716260437854
452.0 0.0014332315913634375
453.0 0.001476673423894681
454.0 0.0015201152564259246
455.0 0.0013435936125461012
456.0 0.001167072059615748
457.0 0.0008218506991397589
458.0 0.00047662952056271024
459.0 0.0007253103376569925
460.0 0.0009739911547512747
461.0 0.0016193514966289513
462.0 0.002264711474708747
463.0 0.0028368156563374214
464.0 0.0034089196560671553
465.0 0.004426125451573171
466.0 0.005443331610877067
467.0 0.006079676313675009
468.0 0.006716021744068712
469.0 0.005770373536506668
470.0 0.004824726784136146
471.0 0.0036883608117932454
472.0 0.0025519944756524637
473.0 0.0021624526198138483
474.0 0.0017729105820762925
475.0 0.0014587939404009376
476.0 0.001144677480624523
477.0 0.0009023699931276496
478.0 0.000660062369206571
479.0 0.0009004489584185649
480.0 0.0011408353202568833
481.0 0.0008570371392124798
482.0 0.0005732391400670167
483.0 0.0006174696409289027
484.0 0.0006617000053665834
485.0 0.000597205689700786
486.0 0.0005327112830855185
487.0 0.0005447923740575789
488.0 0.0005568733286054339
489.0 0.0005386303655541269
490.0 0.0005203873115533497
491.0 0.0006887151357659604
492.0 0.0008570429599785712
493.0 0.0009736181709740777
494.0 0.0010901934729190543
495.0 0.0009550198228680529
496.0 0.0008198460818675812
497.0 0.0010311382538930047
498.0 0.0012424302440194879
499.0 0.0012489234904933255
500.0 0.0012554168279166333
501.0 0.0014256492249842267
502.0 0.0015958818039507605
503.0 0.0019114291717414744
504.0 0.0022269767214311287
505.0 0.002729428706516046
506.0 0.003231881055398844
507.0 0.0038476617191918194
508.0 0.004463442019186914
509.0 0.004990420711692423
510.0 0.0055173979490064085
511.0 0.004918127888231538
512.0 0.004318857099860907
513.0 0.0036688281397800893
514.0 0.003018798815901391
515.0 0.0028573169402079657
516.0 0.0026958352464134805
517.0 0.0024554583433200605
518.0 0.0022150814402266406
519.0 0.05629188963212073
520.0 0.07889829576015472
521.0 0.09716451750136912
522.0 0.13407438527792692
523.0 0.07095460314303637
524.0 0.16201096586883068
525.0 0.09441451984457672
526.0 0.12660372303798795
527.0 0.12803281424567103
528.0 0.12562144547700882
529.0 0.1778235542587936
530.0 0.11286577209830284
531.0 0.15167930396273732
532.0 0.19012935226783156
533.0 0.26627681218087673
534.0 0.31089838594198227
535.0 0.40145236998796463
536.0 0.47347978688776493
537.0 0.6662158761173487
538.0 0.9719929657876492
539.0 1.5429358929395676
540.0 2.55560465157032
541.0 3.9029374718666077
542.0 5.789630860090256
543.0 8.423181623220444
544.0 11.6657093167305
545.0 15.33479243516922
546.0 19.745950400829315
547.0 25.153625011444092
548.0 32.26668834686279
549.0 39.95771110057831
550.0 46.93445265293121
551.0 54.86164689064026
552.0 61.16873025894165
553.0 66.97611212730408
554.0 71.5513527393341
555.0 76.02956891059875
556.0 80.053049325943
557.0 83.05098414421082
558.0 86.41948699951172
559.0 89.8895263671875
560.0 91.07845425605774
561.0 92.91812181472778
562.0 94.16288733482361
563.0 94.19463276863098
564.0 94.82645392417908
565.0 94.63273286819458
566.0 95.3372061252594
567.0 94.5404589176178
568.0 94.9576199054718
569.0 95.874685049057
570.0 95.089852809906
571.0 95.88930010795593
572.0 96.01609706878662
573.0 95.77272534370422
574.0 96.50135636329651
575.0 96.32359147071838
576.0 96.88072204589844
577.0 96.44436240196228
578.0 96.33092284202576
579.0 96.3623583316803
580.0 95.80056071281433
581.0 95.71331143379211
582.0 96.04052901268005
583.0 96.00089192390442
584.0 95.51538825035095
585.0 95.6421971321106
586.0 95.72837352752686
587.0 95.61665058135986
588.0 95.82962989807129
589.0 96.55612707138062
590.0 95.82698345184326
591.0 95.33260464668274
592.0 95.29838562011719
593.0 94.89744901657104
594.0 95.4287588596344
595.0 95.70192098617554
596.0 96.42450213432312
597.0 96.55187726020813
598.0 95.92339396476746
599.0 96.17674350738525
600.0 96.18263244628906
601.0 95.31896710395813
602.0 96.14869952201843
603.0 95.74828147888184
604.0 95.7607626914978
605.0 96.30689024925232
606.0 95.59201002120972
607.0 95.57471871376038
608.0 95.73550820350647
609.0 95.19714117050171
610.0 95.46517133712769
611.0 95.14934420585632
612.0 95.37522792816162
613.0 96.09701633453369
614.0 96.06413245201111
615.0 95.55194973945618
616.0 95.77184319496155
617.0 95.64968347549438
618.0 95.55496573448181
619.0 96.26673460006714
620.0 95.59316039085388
621.0 94.74793076515198
622.0 95.82967758178711
623.0 96.05797529220581
624.0 95.76067924499512
625.0 96.28726243972778
626.0 95.30599117279053
627.0 94.60932612419128
628.0 96.45307660102844
629.0 94.97761130332947
630.0 95.71083784103394
631.0 95.42953372001648
632.0 96.2814450263977
633.0 95.87671160697937
634.0 95.42258381843567
635.0 95.62836289405823
636.0 95.48287391662598
637.0 95.29786109924316
638.0 94.94215250015259
639.0 95.04117965698242
640.0 95.07156014442444
641.0 95.14191746711731
642.0 95.49881219863892
643.0 95.59937715530396
644.0 95.21564245223999
645.0 95.81612944602966
646.0 95.63570022583008
647.0 96.70697450637817
648.0 95.68586349487305
649.0 95.16767263412476
650.0 95.70226073265076
651.0 96.3372528553009
652.0 96.37720584869385
653.0 95.54452896118164
654.0 96.15852236747742
655.0 95.96869349479675
656.0 95.08832097053528
657.0 95.29579877853394
658.0 95.57883739471436
659.0 95.76405882835388
660.0 95.07424831390381
661.0 94.90761756896973
662.0 95.36730647087097
663.0 95.32941579818726
664.0 94.87789869308472
665.0 94.87241506576538
666.0 95.04112005233765
667.0 95.32970786094666
668.0 94.80884075164795
669.0 95.23223638534546
670.0 95.01813054084778
671.0 95.3388512134552
672.0 95.09661793708801
673.0 95.04482746124268
674.0 94.62004899978638
675.0 95.20685076713562
676.0 94.51592564582825
677.0 93.50841045379639
678.0 92.7418053150177
679.0 91.59256219863892
680.0 90.6542181968689
681.0 89.49338793754578
682.0 87.24346160888672
683.0 84.41892266273499
684.0 80.83395957946777
685.0 77.18341946601868
686.0 73.18642139434814
687.0 68.2586133480072
688.0 63.800179958343506
689.0 59.03927683830261
690.0 53.84863018989563
691.0 49.77678656578064
692.0 44.97775733470917
693.0 40.69305062294006
694.0 35.75243055820465
695.0 30.773073434829712
696.0 25.6737619638443
697.0 20.70496827363968
698.0 15.28189331293106
699.0 11.01207435131073
700.0 7.729245722293854
701.0 4.817095771431923
702.0 2.99530066549778
703.0 1.771262101829052
704.0 1.0456827469170094
705.0 0.5772777833044529
706.0 0.4218475427478552
707.0 0.299028679728508
708.0 0.17902528634294868
709.0 0.12475826079025865
710.0 0.1085521187633276
711.0 0.0737731868866831
712.0 0.05027626175433397
713.0 0.07600837270729244
714.0 0.060366332763805985
715.0 0.07105906261131167
716.0 0.034191826125606894
717.0 0.03937938017770648
718.0 0.058493600226938725
719.0 0.0912342278752476
720.0 1.5796540507942436e-10
721.0 0.004448264371603727
722.0 0.004218416506773792
723.0 0.003988569005741738
724.0 0.003674408799270168
725.0 0.0033602482290007174
726.0 0.0030974053515819833
727.0 0.00283456283796113
728.0 0.002714177571760956
729.0 0.0025937923055607826
730.0 0.0023926615540403873
731.0 0.0021915311663178727
732.0 0.0021683315935661085
733.0 0.0021451320208143443
734.0 0.0020617424524971284
735.0 0.001978352702280972
736.0 0.0017905304048326798
737.0 0.0016027081073843874
738.0 0.0015985482605174184
739.0 0.0015943884136504494
740.0 0.0015750032616779208
741.0 0.0015556182916043326
742.0 0.0014167035260470584
743.0 0.0012777888514392544
744.0 0.001347022316622315
745.0 0.0014162554180074949
746.0 0.0013490374840330333
747.0 0.0012818195500585716
748.0 0.0011469045603007544
749.0 0.0010119895705429371
750.0 0.0010344852853449993
751.0 0.0010569811820460018
752.0 0.0011042798178095836
753.0 0.0011515783626236953
754.0 0.0011464368071756326
755.0 0.0011412955245759804
756.0 0.001093010632757796
757.0 0.0010447256499901414
758.0 0.0010729972927947529
759.0 0.0011012689355993643
760.0 0.0011064537829952314
761.0 0.0011116389941889793
762.0 0.0011087441635027062
763.0 0.0011058496056648437
764.0 0.0010670198207662906
765.0 0.0010281901268172078
766.0 0.0008041206456255168
767.0 0.0005800512099085608
768.0 0.0006224270236998564
769.0 0.0006648027465416817
770.0 0.0007680317139602266
771.0 0.000871260908752447
772.0 0.0007899660886323545
773.0 0.0007086710866133217
774.0 0.0008321784662257414
775.0 0.0009556858458381612
776.0 0.0009217025763064157
777.0 0.0008877193067746703
778.0 0.0008268688361567911
779.0 0.0007660184564883821
780.0 0.0006989117991906824
781.0 0.0006318051873677177
782.0 0.0007235360499180388
783.0 0.0008152668669936247
784.0 0.0008603676178609021
785.0 0.0009054681868292391
786.0 0.0007691209248150699
787.0 0.0006327736173261655
788.0 0.0006458647021645447
789.0 0.0006589559689018643
790.0 0.0007280945283127949
791.0 0.0007972330422489904
792.0 0.0008126850843837019
793.0 0.0008281371265184134
794.0 0.000863329569256166
795.0 0.0008985216481960379
796.0 0.0007331667802645825
797.0 0.000567811866858392
798.0 0.0007231074505398283
799.0 0.0008784029887465294
800.0 0.0007777824066579342
801.0 0.0006771615517209284
802.0 0.0006092149305914063
803.0 0.0005412679911387386
804.0 0.0006589683380298084
805.0 0.0007766686394461431
806.0 0.0006859022960270522
807.0 0.0005951359526079614
808.0 0.0007529800768679706
809.0 0.0009108242011279799
810.0 0.0007848340828786604
811.0 0.0006588442374777514
812.0 0.0006823288003943162
813.0 0.000705813408785616
814.0 0.0005671618055202998
815.0 0.0004285102022549836
816.0 0.0005772398253611755
817.0 0.0007259695848915726
818.0 0.0007005859515629709
819.0 0.0006752024091838393
820.0 0.0005151669483893784
821.0 0.0003551314875949174
822.0 0.0003787876721617067
823.0 0.0004024439476779662
824.0 0.00044488501771411393
825.0 0.00048732608775026165
826.0 0.0005210614745010389
827.0 0.0005547968612518162
828.0 0.00043115983316965867
829.0 0.00030752282782486873
830.0 0.0001855305299613974
831.0 6.353823778226797e-05
832.0 3.106512167505571e-05
833.0 1.5796540507942436e-10
834.0 1.5796540507942436e-10
835.0 1.5796540507942436e-10
836.0 0.00028931738143000985
837.0 0.0005993560989736579
838.0 0.000779456695454428
839.0 0.000959557291935198
840.0 0.0012435461940185633
841.0 0.0015275349142029881
842.0 0.002007105103984941
843.0 0.002486675475665834
844.0 0.0022567943233298138
845.0 0.0020269135347916745
846.0 0.0016979518477455713
847.0 0.0013689897969015874
848.0 0.0013290135939314496
849.0 0.001289037027163431
850.0 0.0012245001926203258
851.0 0.0011599634490266908
852.0 0.0011065586477343459
853.0 0.0010531536645430606
854.0 0.0009091150786844082
855.0 0.0007650761290278751
856.0 0.0006281098194449442
857.0 0.0004911436008114833
858.0 0.0005856036295881495
859.0 0.0006800635674153455
860.0 0.0005178727406018879
861.0 0.0003556818228389602
862.0 0.0003554428076313343
863.0 0.0003552037696863408
864.0 0.0002481807769072475
865.0 0.0001411578523402568
866.0 0.00011392205578886205
867.0 8.668624786878354e-05
868.0 0.0001364446802654129
869.0 0.00018620308992467471
870.0 6.23552239176206e-05
871.0 1.5796540507942436e-10
872.0 1.5796540507942436e-10
873.0 1.5796540507942436e-10
874.0 1.5796540507942436e-10
875.0 1.5796540507942436e-10
876.0 1.5796540507942436e-10
877.0 2.780601562335505e-05
878.0 0.00010854305401153397
879.0 0.0001892800810310291
880.0 0.00014783904589421581
881.0 0.00010639799938871874
882.0 9.788423085410614e-05
883.0 8.937049642554484e-05
884.0 1.5796540507942436e-10
885.0 1.5796540507942436e-10
886.0 1.0974621034165466e-05
887.0 0.00012698445743808406
888.0 0.00014811681694482104
889.0 0.00016924916508287424
890.0 0.00016936511428866652
891.0 0.00016948102938840748
892.0 1.0077431511490431e-05
893.0 1.5796540507942436e-10
894.0 1.5796540507942436e-10
895.0 1.5796540507942436e-10
896.0 8.240637328071898e-06
897.0 2.451454008678411e-05
898.0 8.44059002247377e-05
899.0 0.00014429725752052036
900.0 5.2829102514806436e-05
