lsstCam/transmission_filter_detector/r11_s11/r_57/19700101T000000.ecsv
# %ECSV 1.0
# ---
# datatype:
# - {name: wavelength, unit: nm, datatype: float32}
# - {name: efficiency, unit: '%', datatype: float64}
# meta: !!omap
# - {MODE: DETECTOR}
# - {TYPE: transmission_filter_detector}
# - {CALIBDATE: '1970-01-01T00:00:00'}
# - {INSTRUME: LSSTCam}
# - {OBSTYPE: transmission_filter_detector}
# - {CALIBCLS: lsst.ip.isr.IntermediateFilterDetectorTransmissionCurve}
# - {SOURCE: Materion (DM-46256)}
# - {DETECTOR: 40}
# - {FILTER: r_57}
# - {CALIB_ID: 'calibDate=1970-01-01T00:00:00 filter=r_57 detector=40'}
# - {DATE: '2025-04-02T15:59:44.371057'}
# - {CALIB_CREATION_DATE: '2025-04-02'}
# - {CALIB_CREATION_TIME: '15:59:44'}
# - __serialized_columns__:
#     efficiency:
#       __class__: astropy.units.quantity.Quantity
#       unit: !astropy.units.Unit {unit: '%'}
#       value: !astropy.table.SerializedColumn {name: efficiency}
#     wavelength:
#       __class__: astropy.units.quantity.Quantity
#       unit: !astropy.units.Unit {unit: nm}
#       value: !astropy.table.SerializedColumn {name: wavelength}
# schema: astropy-2.0
wavelength efficiency
[from data line 603]
903.0 1.588486612212614e-10
904.0 1.588486612212614e-10
905.0 4.6730735903111054e-05
906.0 1.588486612212614e-10
907.0 1.588486612212614e-10
908.0 1.588486612212614e-10
909.0 1.588486612212614e-10
910.0 1.588486612212614e-10
911.0 1.588486612212614e-10
912.0 1.588486612212614e-10
913.0 1.588486612212614e-10
914.0 1.588486612212614e-10
915.0 4.313457679927524e-05
916.0 2.418597659925581e-05
917.0 5.237389189005626e-06
918.0 7.708438261033734e-05
919.0 0.00014893133766236133
920.0 4.696968574080529e-05
921.0 1.588486612212614e-10
922.0 6.230260396478116e-05
923.0 0.00017959721390070627
924.0 0.0001851601268754166
925.0 0.00019072305121881072
926.0 0.00016370396451748093
927.0 0.00013668487781615113
928.0 0.0001862629233073676
929.0 0.00023584098016726784
930.0 0.00024946118628577096
931.0 0.00026308143787900917
932.0 0.0001221683191943157
933.0 1.588486612212614e-10
934.0 0.00011236808177272906
935.0 0.00024348084934899816
936.0 0.0002102395683323266
937.0 0.00017699828731565503
938.0 0.00028424253741832217
939.0 0.00039148681025835685
940.0 0.0003807437906289124
941.0 0.00037000077099946793
942.0 0.0003993239261035342
943.0 0.0004286470812076004
944.0 0.0003359166157679283
945.0 0.00024318619580299128
946.0 0.00027673445401887875
947.0 0.0003102826440226636
948.0 0.0003944394393329276
949.0 0.0004785963028552942
950.0 0.0004980225639883429
951.0 0.0005174488251213916
952.0 0.0006662899977527559
953.0 0.0008151313522830606
954.0 0.0011504379472171422
955.0 0.0014857448149996344
956.0 0.001522290585853625
957.0 0.001558836447657086
958.0 0.0017099733668146655
959.0 0.001861110831669066
960.0 0.0019484679796732962
961.0 0.002035825491475407
962.0 0.0022100859496276826
963.0 0.002384346771577839
964.0 0.0024252805815194733
965.0 0.0024662142095621675
966.0 0.002480249895597808
967.0 0.0024942853997345082
968.0 0.002455253888911102
969.0 0.0024162229237845168
970.0 0.0024817558369250037
971.0 0.0025472891138633713
972.0 0.0026100693503394723
973.0 0.002672849041118752
974.0 0.0028771743018296547
975.0 0.003081499380641617
976.0 0.0032148236641660333
977.0 0.003348147583892569
978.0 0.003208351699868217
979.0 0.0030685558158438653
980.0 0.0029572807761724107
981.0 0.0028460053727030754
982.0 0.002957015203719493
983.0 0.00306802467093803
984.0 0.0030037237593205646
985.0 0.0029394224839052185
986.0 0.002855398088286165
987.0 0.0027713736926671118
988.0 0.002605430199764669
989.0 0.0024394868887611665
990.0 0.002473181302775629
991.0 0.002506875534891151
992.0 0.0025577388441888615
993.0 0.0026086026991833933
994.0 0.0026614121452439576
995.0 0.0027142214094055817
996.0 0.0027998428777209483
997.0 0.002885464346036315
998.0 0.0030195926228770986
999.0 0.0031537205359200016
1000.0 0.003274899790994823
1001.0 0.0033960790460696444
1002.0 0.003593814471969381
1003.0 0.0037915498978691176
1004.0 0.003933129119104706
1005.0 0.0040747076127445325
1006.0 0.004255783642292954
1007.0 0.004436860035639256
1008.0 0.0043370127968955785
1009.0 0.0042371659219497815
1010.0 0.004244544470566325
1011.0 0.004251923382980749
1012.0 0.004206700759823434
1013.0 0.004161478136666119
1014.0 0.003916780042345636
1015.0 0.0036720812204293907
1016.0 0.0034982371289515868
1017.0 0.003324393037473783
1018.0 0.002964730083476752
1019.0 0.002605067493277602
1020.0 0.002222239891125355
1021.0 0.001839412288973108
1022.0 0.00161830430442933
1023.0 0.001397195865138201
1024.0 0.001402482757839607
1025.0 0.0014077700143388938
1026.0 0.0013306229448062368
1027.0 0.0012534756024251692
1028.0 0.0011668338629533537
1029.0 0.0010801918506331276
1030.0 0.0010308258424629457
1031.0 0.0009814591066970024
1032.0 0.0010096873666043393
1033.0 0.0010379151717643254
1034.0 0.0009090465937333647
1035.0 0.0007801777428539935
1036.0 0.0007966720659169368
1037.0 0.0008131660251819994
1038.0 0.0008003487891983241
1039.0 0.0007875317351135891
1040.0 0.0008269574209407438
1041.0 0.0008663831067678984
1042.0 0.0009232784577761777
1043.0 0.0009801734449865762
1044.0 0.0008828244062897284
1045.0 0.0007854757313907612
1046.0 0.0008767937288212124
1047.0 0.0009681119991000742
1048.0 0.0008324666850967333
1049.0 0.0006968212346691871
1050.0 0.0006463954832724994
1051.0 0.0005959696864010766
1052.0 0.0009211576070811134
1053.0 0.0012463450730137993
1054.0 0.0010435031981614884
1055.0 0.0008406612323597074
1056.0 0.0009258319551008753
1057.0 0.0010110029506904539
1058.0 0.0009111021427088417
1059.0 0.0008112015166261699
1060.0 0.0010578717592579778
1061.0 0.0013045415471424349
1062.0 0.001439169682271313
1063.0 0.001573797817400191
1064.0 0.0011720048860297538
1065.0 0.000770211590861436
1066.0 0.0011600734069361351
1067.0 0.0015499352230108343
1068.0 0.0018114196791430004
1069.0 0.0020729037714772858
1070.0 0.0016209060049732216
1071.0 0.0011689083294186275
1072.0 0.00126653158076806
1073.0 0.001364155195915373
1074.0 0.002108520857291296
1075.0 0.0028528862458188087
1076.0 0.0032591662602499127
1077.0 0.003665445910883136
1078.0 0.0039970342186279595
1079.0 0.004328622890170664
1080.0 0.004213028296362609
1081.0 0.004097432974958792
1082.0 0.003937401925213635
1083.0 0.0037773708754684776
1084.0 0.004532921593636274
1085.0 0.005288472311804071
1086.0 0.005288443571771495
1087.0 0.0052884151955368
1088.0 0.005161040462553501
1089.0 0.0050336657295702025
1090.0 0.00471618004667107
1091.0 0.004398693999974057
1092.0 0.00398150114051532
1093.0 0.003564308281056583
1094.0 0.003699518128996715
1095.0 0.0038347283407347277
1096.0 0.003093758277827874
1097.0 0.002352787669224199
1098.0 0.0017939186363946646
1099.0 0.0012350496035651304
1100.0 0.0011551697753020562
1101.0 0.0010752896741905715
