lsstCam/transmission_filter_detector/r11_s11/r_57/19700101T000000.ecsv
# %ECSV 1.0
# ---
# datatype:
# - {name: wavelength, unit: nm, datatype: float32}
# - {name: efficiency, unit: '%', datatype: float64}
# meta: !!omap
# - {MODE: DETECTOR}
# - {TYPE: transmission_filter_detector}
# - {CALIBDATE: '1970-01-01T00:00:00'}
# - {INSTRUME: LSSTCam}
# - {OBSTYPE: transmission_filter_detector}
# - {CALIBCLS: lsst.ip.isr.IntermediateFilterDetectorTransmissionCurve}
# - {SOURCE: Materion (DM-46256)}
# - {DETECTOR: 40}
# - {FILTER: r_57}
# - {CALIB_ID: 'calibDate=1970-01-01T00:00:00 filter=r_57 detector=40'}
# - {DATE: '2025-04-02T15:59:44.371057'}
# - {CALIB_CREATION_DATE: '2025-04-02'}
# - {CALIB_CREATION_TIME: '15:59:44'}
# - __serialized_columns__:
#     efficiency:
#       __class__: astropy.units.quantity.Quantity
#       unit: !astropy.units.Unit {unit: '%'}
#       value: !astropy.table.SerializedColumn {name: efficiency}
#     wavelength:
#       __class__: astropy.units.quantity.Quantity
#       unit: !astropy.units.Unit {unit: nm}
#       value: !astropy.table.SerializedColumn {name: wavelength}
# schema: astropy-2.0
wavelength efficiency
300.0 0.0017187028788612224
301.0 0.005036142465542071
302.0 0.008353581506526098
303.0 0.01085024923668243
304.0 0.013346916239243
305.0 0.012098712613806129
306.0 0.010850508988369256
307.0 0.00930841124500148
308.0 0.007766314229229465
309.0 0.006607253453694284
310.0 0.005448190859169699
311.0 0.0049030779337044805
312.0 0.004357965735835023
313.0 0.004186557634966448
314.0 0.0040151509892893955
315.0 0.004262846050551161
316.0 0.0045105414756108075
317.0 0.004347831418272108
318.0 0.004185120633337647
319.0 0.003704463961184956
320.0 0.0032238076528301463
321.0 0.0028427006327547133
322.0 0.0024615932488813996
323.0 0.002246178155473899
324.0 0.0020307630620663986
325.0 0.0021526377167901956
326.0 0.002274512007716112
327.0 0.002454332570778206
328.0 0.002634153497638181
329.0 0.0025416002245037816
330.0 0.002449047133268323
331.0 0.0022378058929461986
332.0 0.002026564470725134
333.0 0.0018320808521821164
334.0 0.0016375970517401583
335.0 0.0013843149645254016
336.0 0.001131032968260115
337.0 0.001080816400644835
338.0 0.0010305998330295552
339.0 0.0009544636668579187
340.0 0.0008783274097368121
341.0 0.0009124116331804544
342.0 0.0009464959475735668
343.0 0.0008634602636448108
344.0 0.0007804245797160547
345.0 0.0007393080068140989
346.0 0.0006981915703363484
347.0 0.0007224084583867807
348.0 0.0007466253919119481
349.0 0.0007509349416068289
350.0 0.005631494423141703
351.0 0.006090700117056258
352.0 0.006549905810970813
353.0 0.005805528053315356
354.0 0.005061151023255661
355.0 0.005272922498988919
356.0 0.005484695066115819
357.0 0.00690331362420693
358.0 0.008321932546095923
359.0 0.006385277083609253
360.0 0.004448621621122584
361.0 0.002799851426971145
362.0 0.0011510812328197062
363.0 0.0024554530682507902
364.0 0.0037598245398839936
365.0 0.00376333155145403
366.0 0.0037668381992261857
367.0 0.00267447921942221
368.0 0.001582120057719294
369.0 0.0012883862837043125
370.0 0.0009946527825377416
371.0 0.0014105735317571089
372.0 0.001826494735723827
373.0 0.0024229177142842673
374.0 0.003019340329046827
375.0 0.002700311961234547
376.0 0.0023812841391190886
377.0 0.0013319633580977097
378.0 0.00028264296361157903
379.0 0.0009568649147695396
380.0 0.0016310867067659274
381.0 0.002421241151751019
382.0 0.0032113959605339915
383.0 0.0031718245736556128
384.0 0.0031322539143729955
385.0 0.004142042234889232
386.0 0.005151830191607587
387.0 0.004607926166499965
388.0 0.004064021777594462
389.0 0.003487621870590374
390.0 0.0029112214178894646
391.0 0.002012998447753489
392.0 0.0011147753866680432
393.0 0.0012464853170968127
394.0 0.0013781947927782312
395.0 0.0009619227967050392
396.0 0.0005456507551571121
397.0 0.000566563767279149
398.0 0.0005874771431990666
399.0 0.00054622419156658
400.0 0.0005049707397120073
401.0 0.0001020123704620346
402.0 1.588486612212614e-10
403.0 1.588486612212614e-10
404.0 0.00026683055693865754
405.0 0.0007836126314941794
406.0 0.0013003943422518205
407.0 0.0017938538803718984
408.0 0.002287313145643566
409.0 0.0017932723494595848
410.0 0.001299231098528253
411.0 0.0009682999916549306
412.0 0.0006373689302563434
413.0 0.000692347384756431
414.0 0.0007473259302059887
415.0 0.0007764652764308266
416.0 0.0008056051228777505
417.0 0.0013973712157167029
418.0 0.0019891378542524762
419.0 0.002370025322306901
420.0 0.002750912608462386
421.0 0.004069140777573921
422.0 0.005387368582887575
423.0 0.00825477545731701
424.0 0.011122180876554921
425.0 0.015204497321974486
426.0 0.01928680867422372
427.0 0.019995927868876606
428.0 0.020705048518721014
429.0 0.015817843086551875
430.0 0.010930636926786974
431.0 0.007720461144344881
432.0 0.0045102839067112654
433.0 0.003548867243807763
434.0 0.0025874502171063796
435.0 0.0020501131075434387
436.0 0.0015127758160815574
437.0 0.0013343958926270716
438.0 0.0011560161510715261
439.0 0.0009809019502426963
440.0 0.0008057879313128069
441.0 0.0010597075743135065
442.0 0.0013136273082636762
443.0 0.0016679801774444059
444.0 0.0020223331375746056
445.0 0.0020168095943517983
446.0 0.002011286051128991
447.0 0.0018038437701761723
448.0 0.0015964018530212343
449.0 0.0014768233086215332
450.0 0.001357244218525011
451.0 0.0014505071703752037
452.0 0.0015437703041243367
453.0 0.0015321857063099742
454.0 0.0015206011994450819
455.0 0.0013518923879018985
456.0 0.001183184031106066
457.0 0.0008240976967499591
458.0 0.0004650114988180576
459.0 0.0007313808964681812
460.0 0.0009977502486435696
461.0 0.0016450427210656926
462.0 0.0022923346477909945
463.0 0.0029290360544109717
464.0 0.0035657372791320086
465.0 0.004531706144916825
466.0 0.0054976750107016414
467.0 0.006131939881015569
468.0 0.006766205478925258
469.0 0.005832628085045144
470.0 0.004899051782558672
471.0 0.0037647234421456233
472.0 0.0026303947379346937
473.0 0.002158906681870576
474.0 0.0016874182620085776
475.0 0.001397650339640677
476.0 0.0011078825082222465
477.0 0.00089383402155363
478.0 0.0006797853529860731
479.0 0.0008543717740394641
480.0 0.0010289580131939147
481.0 0.0007717366315773688
482.0 0.0005145154318597633
483.0 0.0006244819360290421
484.0 0.0007344483037741156
485.0 0.0006354945526254596
486.0 0.0005365406650525983
487.0 0.0005505452008947032
488.0 0.0005645496912620729
489.0 0.0005235273420112208
490.0 0.00048250494728563353
491.0 0.0006210292667674366
492.0 0.0007595535407745047
493.0 0.0009104030141315889
494.0 0.0010612526239128783
495.0 0.000927312248677481
496.0 0.0007933718734420836
497.0 0.00106043271443923
498.0 0.0013274934644869063
499.0 0.0012718038306047674
500.0 0.0012161141967226285
501.0 0.0014129474948276766
502.0 0.0016097810657811351
503.0 0.00195639058802044
504.0 0.0023030001102597453
505.0 0.0028114469387219287
506.0 0.0033198939490830526
507.0 0.003939521047868766
508.0 0.004559148146654479
509.0 0.0050900976930279285
510.0 0.005621046511805616
511.0 0.004989965964341536
512.0 0.004358885053079575
513.0 0.0037284371501300484
514.0 0.0030979888833826408
515.0 0.0029265695047797635
516.0 0.0027551503080758266
517.0 0.0025921523047145456
518.0 0.0024291543013532646
519.0 0.05424655391834676
520.0 0.039458274841308594
521.0 0.11017365613952279
522.0 0.12796486262232065
523.0 0.0037530669942498207
524.0 0.13577648205682635
525.0 0.07501428481191397
526.0 0.10195000795647502
527.0 0.12450817739591002
528.0 0.07126983837224543
529.0 0.1019310555420816
530.0 0.09214531164616346
531.0 0.1340467482805252
532.0 0.1840131590142846
533.0 0.27229299303144217
534.0 0.3523274324834347
535.0 0.4532480612397194
536.0 0.5820449441671371
537.0 0.8375691249966621
538.0 1.2656605802476406
539.0 1.958402432501316
540.0 3.0761348083615303
541.0 4.63787317276001
542.0 6.854724138975143
543.0 9.70635786652565
544.0 13.120605051517487
545.0 17.089873552322388
546.0 21.739427745342255
547.0 27.65752673149109
548.0 35.014066100120544
549.0 42.8380161523819
550.0 49.93176460266113
551.0 58.09516906738281
552.0 63.744378089904785
553.0 69.19689178466797
554.0 73.25563430786133
555.0 77.5153398513794
556.0 81.71795010566711
557.0 84.0867817401886
558.0 87.58162260055542
559.0 90.6953513622284
560.0 91.78339838981628
561.0 93.72354745864868
562.0 94.81154084205627
563.0 94.77870464324951
564.0 95.63992023468018
565.0 94.562828540802
566.0 95.55171728134155
567.0 94.64443325996399
568.0 95.31817436218262
569.0 96.12126350402832
570.0 95.68836688995361
571.0 96.24267816543579
572.0 96.17949724197388
573.0 96.61842584609985
574.0 96.6131865978241
575.0 96.73554301261902
576.0 96.88412547111511
577.0 96.56686782836914
578.0 96.78568243980408
579.0 96.71266674995422
580.0 96.0701048374176
581.0 95.88156938552856
582.0 96.45279049873352
583.0 96.44608497619629
584.0 96.01696729660034
585.0 95.89270949363708
586.0 95.97969055175781
587.0 96.01258635520935
588.0 96.11044526100159
589.0 97.00795412063599
590.0 96.10897898674011
591.0 95.41552662849426
592.0 95.372474193573
593.0 95.33562660217285
594.0 95.72933912277222
595.0 95.99967002868652
596.0 96.46991491317749
597.0 96.62554860115051
598.0 96.74415588378906
599.0 96.55358791351318
600.0 96.604323387146
601.0 95.78939080238342
602.0 96.51319980621338
603.0 96.18316888809204
604.0 95.86505889892578
605.0 96.27114534378052
606.0 95.58764100074768
607.0 96.14916443824768
608.0 95.87574005126953
609.0 95.30141353607178
610.0 95.3885555267334
611.0 95.1555073261261
612.0 95.60629725456238
613.0 96.63518071174622
614.0 96.36121392250061
615.0 95.80591320991516
616.0 96.03301286697388
617.0 96.02222442626953
618.0 95.74435353279114
619.0 96.56051397323608
620.0 95.68631052970886
621.0 95.2280580997467
622.0 95.96564173698425
623.0 96.27236127853394
624.0 96.08846306800842
625.0 96.52094841003418
626.0 95.74573636054993
627.0 94.65706944465637
628.0 96.58510088920593
629.0 95.31465172767639
630.0 96.15752696990967
631.0 95.44464349746704
632.0 96.34442329406738
633.0 95.91012597084045
634.0 95.47644257545471
635.0 95.83356976509094
636.0 95.63970565795898
637.0 95.28177380561829
638.0 95.25861144065857
639.0 94.99695301055908
640.0 95.10326385498047
641.0 95.4280436038971
642.0 95.67992091178894
643.0 95.80391645431519
644.0 95.54591178894043
645.0 95.67989110946655
646.0 95.64031958580017
647.0 96.82191014289856
648.0 96.0166871547699
649.0 95.27357816696167
650.0 96.10913395881653
651.0 96.41538858413696
652.0 96.61756753921509
653.0 95.50604224205017
654.0 96.19870781898499
655.0 96.28911018371582
656.0 95.416659116745
657.0 95.55143117904663
658.0 96.27882838249207
659.0 95.9561824798584
660.0 95.1677918434143
661.0 95.28326392173767
662.0 95.47916650772095
663.0 95.319664478302
664.0 95.3989326953888
665.0 94.87677812576294
666.0 95.25613188743591
667.0 95.57387828826904
668.0 94.7870135307312
669.0 95.58883905410767
670.0 95.25350332260132
671.0 95.64763903617859
672.0 94.98140811920166
673.0 95.3775405883789
674.0 94.6460485458374
675.0 95.34564018249512
676.0 94.62076425552368
677.0 93.7023401260376
678.0 93.18152070045471
679.0 92.81108379364014
680.0 91.71388745307922
681.0 90.53125381469727
682.0 88.28639388084412
683.0 85.62713861465454
684.0 82.27928280830383
685.0 78.99991273880005
686.0 75.18250346183777
687.0 70.7485020160675
688.0 66.52711033821106
689.0 61.91508769989014
690.0 56.772685050964355
691.0 52.52280831336975
692.0 48.01930785179138
693.0 43.76510679721832
694.0 38.72345685958862
695.0 33.663079142570496
696.0 28.56331765651703
697.0 23.430058360099792
698.0 17.737777531147003
699.0 13.173019886016846
700.0 9.271395951509476
701.0 6.019694730639458
702.0 3.7930049002170563
703.0 2.2346673533320427
704.0 1.2900743633508682
705.0 0.7546162232756615
706.0 0.4530479200184345
707.0 0.298079801723361
708.0 0.12820024276152253
709.0 0.14412010787054896
710.0 0.1296169008128345
711.0 0.08829451398923993
712.0 0.05648719961754978
713.0 0.060378428315743804
714.0 0.07389331003651023
715.0 0.06394263473339379
716.0 0.03840953286271542
717.0 0.055348832393065095
718.0 0.04459311021491885
719.0 0.05412776372395456
720.0 1.588486612212614e-10
721.0 0.004576334322337061
722.0 0.004311655357014388
723.0 0.0040469763916917145
724.0 0.0037444144254550338
725.0 0.003441852459218353
726.0 0.003203129381290637
727.0 0.002964406303362921
728.0 0.002785889955703169
729.0 0.0026073730623465963
730.0 0.002432071414659731
731.0 0.0022567699488718063
732.0 0.0022659452952211723
733.0 0.0022751206415705383
734.0 0.002189130464103073
735.0 0.0021031399228377268
736.0 0.0019054414224228822
737.0 0.001707743103906978
738.0 0.0017002372260321863
739.0 0.0016927313481573947
740.0 0.0016916190361371264
741.0 0.0016905069060157984
742.0 0.0015451512808795087
743.0 0.0013997955647937488
744.0 0.0014196994015946984
745.0 0.0014396030564967077
746.0 0.0013600710190075915
747.0 0.0012805388905690052
748.0 0.001169127608591225
749.0 0.0010577163266134448
750.0 0.0010454542461957317
751.0 0.0010331925295758992
752.0 0.001090650403057225
753.0 0.0011481080946396105
754.0 0.0011414260370656848
755.0 0.0011347443432896398
756.0 0.001124932532547973
757.0 0.001115120539907366
758.0 0.0011117581379949115
759.0 0.0011083956451329868
760.0 0.0011034143426513765
761.0 0.0010984332220687065
762.0 0.0010726486834755633
763.0 0.0010468644177308306
764.0 0.0009936965398082975
765.0 0.0009405287528352346
766.0 0.0007948879101604689
767.0 0.0006492472948593786
768.0 0.0006593520083697513
769.0 0.0006694566309306538
770.0 0.000779563924879767
771.0 0.0008896715371520258
772.0 0.0008250491191574838
773.0 0.0007604266102134716
774.0 0.0008761239769228268
775.0 0.000991821252682712
776.0 0.0009791272532311268
777.0 0.0009664333447290119
778.0 0.0009256285011360887
779.0 0.0008848237484926358
780.0 0.0008015589628485031
781.0 0.0007182941772043705
782.0 0.0007535313670814503
783.0 0.0007887684660090599
784.0 0.0008209675797843374
785.0 0.0008531663297617342
786.0 0.0007621216354891658
787.0 0.0006710768957418622
788.0 0.0006576182386197615
789.0 0.000644159672447131
790.0 0.0007076923793647438
791.0 0.0007712250408076216
792.0 0.0008058260391408112
793.0 0.0008404270374740008
794.0 0.0008789917046669871
795.0 0.0009175560080620926
796.0 0.0007705302778049372
797.0 0.0006235045020730468
798.0 0.0007742757588857785
799.0 0.0009250469702237751
800.0 0.0008218769835366402
801.0 0.0007187067694758298
802.0 0.0006461021712311776
803.0 0.0005734972546633799
804.0 0.000674082366458606
805.0 0.0007746674782538321
806.0 0.0007203504537756089
807.0 0.000666033565721591
808.0 0.0008032295227167197
809.0 0.0009404255251865834
810.0 0.0008356234502571169
811.0 0.0007308215572265908
812.0 0.0007259043286467204
813.0 0.0007209870091173798
814.0 0.0006102386123529868
815.0 0.0004994902155885939
816.0 0.0006436318471969571
817.0 0.0007877735697547905
818.0 0.0007277736131072743
819.0 0.000667773610985023
820.0 0.0004972187980456511
821.0 0.0003266639623689116
822.0 0.00038271805351541843
823.0 0.0004387722128740279
824.0 0.00043205750444030855
825.0 0.0004253428414813243
826.0 0.0004675096533901524
827.0 0.0005096765107737156
828.0 0.0004142460511502577
829.0 0.0003188156142641674
830.0 0.0001753437004481384
831.0 3.1871843475528294e-05
832.0 2.0867710759375768e-05
833.0 9.86356170074032e-06
834.0 2.6781597739500285e-05
835.0 4.36995890140679e-05
836.0 0.00030781288842263166
837.0 0.0005719263754144777
838.0 0.0007026198545645457
839.0 0.0008333134246640839
840.0 0.0011880474630743265
841.0 0.0015427815014845692
842.0 0.0020254365153959952
843.0 0.0025080915293074213
844.0 0.0022582105884794146
845.0 0.0020083300114492886
846.0 0.001830311339290347
847.0 0.0016522926671314053
848.0 0.001652663377171848
849.0 0.0016530335415154696
850.0 0.0015386016457341611
851.0 0.0014241696590033825
852.0 0.0012555709872685838
853.0 0.0010869721336348448
854.0 0.0009984812095353846
855.0 0.0009099900125875138
856.0 0.00070543328547501
857.0 0.0005008766038372414
858.0 0.0005822266757604666
859.0 0.0006635766567342216
860.0 0.0005318247985997004
861.0 0.0004000728495157091
862.0 0.00039779288272256963
863.0 0.0003955128704546951
864.0 0.0002831705160133424
865.0 0.0001708281843093573
866.0 9.378231879964005e-05
867.0 1.6736426289298834e-05
868.0 7.947460858304112e-05
869.0 0.00014221276387615944
870.0 1.5858637425480993e-05
871.0 1.588486612212614e-10
872.0 1.588486612212614e-10
873.0 1.588486612212614e-10
874.0 1.588486612212614e-10
875.0 1.588486612212614e-10
876.0 1.588486612212614e-10
877.0 1.588486612212614e-10
878.0 0.00013162119785192772
879.0 0.0002776575456664432
880.0 0.0001795797970771673
881.0 8.150203711920767e-05
882.0 6.780371677450603e-05
883.0 5.41054305358557e-05
884.0 1.588486612212614e-10
885.0 1.588486612212614e-10
886.0 1.588486612212614e-10
887.0 9.703310297481949e-05
888.0 0.00014376615808942006
889.0 0.00019049921320402063
890.0 0.00013843032320437487
891.0 8.636141615170345e-05
892.0 1.588486612212614e-10
893.0 1.588486612212614e-10
894.0 1.588486612212614e-10
895.0 3.110163504516095e-05
896.0 3.5879804727301234e-05
897.0 4.065803125286038e-05
898.0 6.524994660139782e-05
899.0 8.984184205473866e-05
900.0 1.618491722865656e-05
901.0 1.588486612212614e-10
