lsstCam/transmission_sensor/r01_s11/19700101T000000.ecsv
# %ECSV 1.0
# ---
# datatype:
# - {name: amp_name, datatype: string}
# - {name: wavelength, unit: nm, datatype: float32}
# - {name: efficiency, unit: '%', datatype: float64}
# meta: !!omap
# - {MODE: AMP}
# - {TYPE: transmission_sensor}
# - {CALIBDATE: '1970-01-01T00:00:00'}
# - {INSTRUME: LSSTCAM}
# - {OBSTYPE: transmission_sensor}
# - {DETECTOR: 4}
# - {PARQUETFILE: qe_raft_allvalues_nircorrected_20230725.parquet}
# - {CALIBCLS: lsst.ip.isr.IntermediateSensorTransmissionCurve}
# - {CALIB_ID: 'raftName=R01 detectorName=S11 detector=4 calibDate=1970-01-01T00:00:00 ccd=4 ccdnum=4 filter=None'}
# - {DATE: '2023-08-02T16:57:55.481614'}
# - {CALIB_CREATION_DATE: '2023-08-02'}
# - {CALIB_CREATION_TIME: '16:57:55'}
# - __serialized_columns__:
#     efficiency:
#       __class__: astropy.units.quantity.Quantity
#       unit: !astropy.units.Unit {unit: '%'}
#       value: !astropy.table.SerializedColumn {name: efficiency}
#     wavelength:
#       __class__: astropy.units.quantity.Quantity
#       unit: !astropy.units.Unit {unit: nm}
#       value: !astropy.table.SerializedColumn {name: wavelength}
# schema: astropy-2.0
amp_name wavelength efficiency
C00 319.994 50.717864990234375
C00 324.969 53.17795944213867
C00 349.982 64.5400161743164
C00 374.975 77.17378234863281
C00 400.019 85.4181900024414
C00 424.965 85.63239288330078
C00 450.035 84.72713470458984
C00 475.003 84.60635375976562
C00 500.018 85.12117004394531
C00 525.002 86.09523010253906
C00 550.029 87.69002532958984
C00 575.023 89.3913345336914
C00 599.982 91.5099868774414
C00 619.997 92.39204406738281
C00 624.979 92.72933197021484
C00 650.012 94.1529312133789
C00 675.004 95.2796401977539
C00 700.03 95.90013885498047
C00 725.012 96.28135681152344
C00 750.022 97.22364044189453
C00 774.987 98.05091857910156
C00 799.976 98.06405639648438
C00 824.988 97.24073028564453
C00 850.022 96.03257751464844
C00 869.967 93.83539581298828
C00 875.002 93.02699279785156
C00 899.999 87.1238784790039
C00 919.999 79.17715454101562
C00 925.012 76.35757446289062
C00 949.965 61.79875564575195
C00 975.002 46.34318923950195
C00 999.976 29.583478927612305
C00 1025.028 14.42581844329834
C00 1050.014 5.717461109161377
C00 1075.002 0.9262374592542729
C00 1099.99 0.09190042979034223
C01 319.994 50.77712631225586
C01 324.969 53.23426818847656
C01 349.982 64.67843627929688
C01 374.975 77.5407485961914
C01 400.019 85.6478271484375
C01 424.965 85.69093322753906
C01 450.035 84.6070785522461
C01 475.003 84.2924575805664
C01 500.018 84.67461395263672
C01 525.002 85.57823944091797
C01 550.029 87.12049865722656
C01 575.023 88.84899139404297
C01 599.982 91.0430679321289
C01 619.997 91.98253631591797
C01 624.979 92.33185577392578
C01 650.012 93.80509185791016
C01 675.004 94.95447540283203
C01 700.03 95.60485076904297
C01 725.012 95.98514556884766
C01 750.022 96.91053771972656
C01 774.987 97.7244873046875
C01 799.976 97.73352813720703
C01 824.988 96.94436645507812
C01 850.022 95.73601531982422
C01 869.967 93.50939178466797
C01 875.002 92.69438171386719
C01 899.999 86.81026458740234
C01 919.999 79.0119400024414
C01 925.012 76.27462005615234
C01 949.965 62.129608154296875
C01 975.002 46.414676666259766
C01 999.976 29.626501083374023
C01 1025.028 14.511984825134277
C01 1050.014 5.684093475341797
C01 1075.002 0.9232546703267406
C01 1099.99 0.09160448021318435
C02 319.994 50.886932373046875
C02 324.969 53.33829879760742
C02 349.982 64.8411636352539
C02 374.975 78.0332260131836
C02 400.019 86.36327362060547
C02 424.965 86.43486022949219
C02 450.035 85.30497741699219
C02 475.003 84.91866302490234
C02 500.018 85.24382781982422
C02 525.002 86.13014221191406
C02 550.029 87.67213439941406
C02 575.023 89.42342376708984
C02 599.982 91.64590454101562
C02 619.997 92.60851287841797
C02 624.979 92.9620132446289
C02 650.012 94.4578628540039
C02 675.004 95.63040924072266
C02 700.03 96.29727172851562
C02 725.012 96.68567657470703
C02 750.022 97.62673950195312
C02 774.987 98.44505310058594
C02 799.976 98.4561538696289
C02 824.988 97.68087768554688
C02 850.022 96.46112823486328
C02 869.967 94.1781234741211
C02 875.002 93.34660339355469
C02 899.999 87.37113189697266
C02 919.999 79.58505249023438
C02 925.012 76.85974884033203
C02 949.965 62.76899337768555
C02 975.002 46.874385833740234
C02 999.976 29.887042999267578
C02 1025.028 14.64010238647461
C02 1050.014 5.705584526062012
C02 1075.002 0.9300778113931907
C02 1099.99 0.09228146600150665
C03 319.994 50.19054412841797
C03 324.969 52.59676742553711
C03 349.982 63.98891067504883
C03 374.975 77.30604553222656
C03 400.019 85.72916412353516
C03 424.965 85.86063385009766
C03 450.035 84.73455047607422
C03 475.003 84.32905578613281
C03 500.018 84.61483764648438
C03 525.002 85.46708679199219
C03 550.029 86.98017883300781
C03 575.023 88.6984634399414
C03 599.982 90.89632415771484
C03 619.997 91.84331512451172
C03 624.979 92.1991958618164
C03 650.012 93.68403625488281
C03 675.004 94.84965515136719
C03 700.03 95.52582550048828
C03 725.012 95.92012786865234
C03 750.022 96.86074829101562
C03 774.987 97.6875228881836
C03 799.976 97.70647430419922
C03 824.988 96.95147705078125
C03 850.022 95.75000762939453
C03 869.967 93.47467041015625
C03 875.002 92.6504898071289
C03 899.999 86.67473602294922
C03 919.999 78.98419952392578
C03 925.012 76.3009262084961
C03 949.965 62.40432357788086
C03 975.002 46.60932159423828
C03 999.976 29.72025489807129
C03 1025.028 14.521682739257812
C03 1050.014 5.648782253265381
C03 1075.002 0.9227802121721063
C03 1099.99 0.09155740491095728
C04 319.994 50.02433395385742
C04 324.969 52.40755844116211
C04 349.982 63.78436279296875
C04 374.975 77.30738067626953
C04 400.019 85.88494873046875
C04 424.965 86.0381851196289
C04 450.035 84.89697265625
C04 475.003 84.46055603027344
C04 500.018 84.71188354492188
C04 525.002 85.54056549072266
C04 550.029 87.04045104980469
C04 575.023 88.7544174194336
C04 599.982 90.94780731201172
C04 619.997 91.89862823486328
C04 624.979 92.251708984375
C04 650.012 93.74571990966797
C04 675.004 94.92623138427734
C04 700.03 95.60108184814453
C04 725.012 96.01102447509766
C04 750.022 96.96782684326172
C04 774.987 97.81181335449219
C04 799.976 97.85093688964844
C04 824.988 97.10668182373047
C04 850.022 95.93013000488281
C04 869.967 93.69093322753906
C04 875.002 92.86261749267578
C04 899.999 86.88236236572266
C04 919.999 79.1997299194336
C04 925.012 76.51785278320312
C04 949.965 62.674381256103516
C04 975.002 46.83655548095703
C04 999.976 29.864099502563477
C04 1025.028 14.579414367675781
C04 1050.014 5.673562526702881
C04 1075.002 0.9238002033136593
C04 1099.99 0.09165860749497556
C05 319.994 49.904483795166016
C05 324.969 52.26741409301758
C05 349.982 63.61865234375
C05 374.975 77.2861328125
C05 400.019 85.8744888305664
C05 424.965 86.01029968261719
C05 450.035 84.84693145751953
C05 475.003 84.38212585449219
C05 500.018 84.5951156616211
C05 525.002 85.38626098632812
C05 550.029 86.84170532226562
C05 575.023 88.5196304321289
C05 599.982 90.69298553466797
C05 619.997 91.63896179199219
C05 624.979 91.99205780029297
C05 650.012 93.48221588134766
C05 675.004 94.66458892822266
C05 700.03 95.3486557006836
C05 725.012 95.76725006103516
C05 750.022 96.7468490600586
C05 774.987 97.60888671875
C05 799.976 97.66473388671875
C05 824.988 96.93766784667969
C05 850.022 95.79006958007812
C05 869.967 93.570068359375
C05 875.002 92.74980926513672
C05 899.999 86.79869079589844
C05 919.999 79.12512969970703
C05 925.012 76.45427703857422
C05 949.965 62.701026916503906
C05 975.002 46.85500717163086
C05 999.976 29.850255966186523
C05 1025.028 14.570819854736328
C05 1050.014 5.673997402191162
C05 1075.002 0.9216947894376981
C05 1099.99 0.09144971026440667
C06 319.994 49.89932632446289
C06 324.969 52.25764083862305
C06 349.982 63.617496490478516
C06 374.975 77.43904876708984
C06 400.019 86.06143188476562
C06 424.965 86.20203399658203
C06 450.035 85.03374481201172
C06 475.003 84.56299591064453
C06 500.018 84.7486572265625
C06 525.002 85.51136779785156
C06 550.029 86.93260955810547
C06 575.023 88.57772064208984
C06 599.982 90.73265838623047
C06 619.997 91.66792297363281
C06 624.979 92.0195083618164
C06 650.012 93.49534606933594
C06 675.004 94.67608642578125
C06 700.03 95.37762451171875
C06 725.012 95.82176208496094
C06 750.022 96.82807159423828
C06 774.987 97.71764373779297
C06 799.976 97.77995300292969
C06 824.988 97.07157135009766
C06 850.022 95.94698333740234
C06 869.967 93.72237396240234
C06 875.002 92.90508270263672
C06 899.999 86.9185562133789
C06 919.999 79.25015258789062
C06 925.012 76.58155822753906
C06 949.965 62.86827850341797
C06 975.002 46.97996520996094
C06 999.976 29.915199279785156
C06 1025.028 14.582816123962402
C06 1050.014 5.690723896026611
C06 1075.002 0.9224683640176176
C06 1099.99 0.09152646362355793
C07 319.994 49.68545913696289
C07 324.969 52.020599365234375
C07 349.982 63.36731719970703
C07 374.975 77.36456298828125
C07 400.019 86.14463806152344
C07 424.965 86.32727813720703
C07 450.035 85.15892791748047
C07 475.003 84.67143249511719
C07 500.018 84.8232192993164
C07 525.002 85.56690216064453
C07 550.029 86.98770904541016
C07 575.023 88.62533569335938
C07 599.982 90.7566909790039
C07 619.997 91.67456817626953
C07 624.979 92.02033996582031
C07 650.012 93.48503112792969
C07 675.004 94.66402435302734
C07 700.03 95.37508392333984
C07 725.012 95.84213256835938
C07 750.022 96.89417266845703
C07 774.987 97.82447814941406
C07 799.976 97.91512298583984
C07 824.988 97.20281982421875
C07 850.022 96.1278076171875
C07 869.967 93.85250854492188
C07 875.002 92.98960876464844
C07 899.999 86.87602996826172
C07 919.999 79.30231475830078
C07 925.012 76.67589569091797
C07 949.965 63.04996109008789
C07 975.002 47.122161865234375
C07 999.976 29.96407127380371
C07 1025.028 14.545560836791992
C07 1050.014 5.731892108917236
C07 1075.002 0.9230977445709313
C07 1099.99 0.09158891018385767
C10 319.994 49.35364532470703
C10 324.969 51.7525749206543
C10 349.982 62.750877380371094
C10 374.975 75.44640350341797
C10 400.019 84.38815307617188
C10 424.965 85.09686279296875
C10 450.035 84.47001647949219
C10 475.003 84.58305358886719
C10 500.018 85.23600769042969
C10 525.002 86.27362823486328
C10 550.029 87.890380859375
C10 575.023 89.55017852783203
C10 599.982 91.60455322265625
C10 619.997 92.4371566772461
C10 624.979 92.76897430419922
C10 650.012 94.11941528320312
C10 675.004 95.233154296875
C10 700.03 95.89512634277344
C10 725.012 96.27079010009766
C10 750.022 97.20903015136719
C10 774.987 98.04098510742188
C10 799.976 98.02367401123047
C10 824.988 97.27803802490234
C10 850.022 96.12276458740234
C10 869.967 93.73004913330078
C10 875.002 92.91925811767578
C10 899.999 87.0011215209961
C10 919.999 79.3709716796875
C10 925.012 76.67913055419922
C10 949.965 62.511783599853516
C10 975.002 46.73038101196289
C10 999.976 30.0296688079834
C10 1025.028 14.508216857910156
C10 1050.014 5.801652908325195
C10 1075.002 0.9260982605815381
C10 1099.99 0.09188661862591267
C11 319.994 50.7515983581543
C11 324.969 53.23756790161133
C11 349.982 64.59988403320312
C11 374.975 77.31458282470703
C11 400.019 85.48734283447266
C11 424.965 85.66846466064453
C11 450.035 84.66009521484375
C11 475.003 84.41703796386719
C11 500.018 84.86295318603516
C11 525.002 85.80078125
C11 550.029 87.37527465820312
C11 575.023 89.12664794921875
C11 599.982 91.33436584472656
C11 619.997 92.27709197998047
C11 624.979 92.628662109375
C11 650.012 94.05940246582031
C11 675.004 95.20993041992188
C11 700.03 95.8871841430664
C11 725.012 96.25123596191406
C11 750.022 97.16709899902344
C11 774.987 97.97227478027344
C11 799.976 97.93888092041016
C11 824.988 97.19331359863281
C11 850.022 96.0404052734375
C11 869.967 93.69583892822266
C11 875.002 92.86666107177734
C11 899.999 86.73055267333984
C11 919.999 79.09667205810547
C11 925.012 76.47917175292969
C11 949.965 62.80952453613281
C11 975.002 47.01658630371094
C11 999.976 29.9929141998291
C11 1025.028 14.53880500793457
C11 1050.014 5.760690689086914
C11 1075.002 0.9256989935463162
C11 1099.99 0.09184700371747705
C12 319.994 50.97406768798828
C12 324.969 53.463157653808594
C12 349.982 64.95865631103516
C12 374.975 78.00338745117188
C12 400.019 86.1243667602539
C12 424.965 86.16079711914062
C12 450.035 85.00567626953125
C12 475.003 84.60310363769531
C12 500.018 84.92217254638672
C12 525.002 85.81488037109375
C12 550.029 87.35893249511719
C12 575.023 89.11585998535156
C12 599.982 91.3590087890625
C12 619.997 92.33573913574219
C12 624.979 92.69660949707031
C12 650.012 94.16576385498047
C12 675.004 95.34075164794922
C12 700.03 96.02955627441406
C12 725.012 96.39855194091797
C12 750.022 97.3149185180664
C12 774.987 98.11383819580078
C12 799.976 98.09172821044922
C12 824.988 97.34553527832031
C12 850.022 96.18596649169922
C12 869.967 93.87416076660156
C12 875.002 93.0469970703125
C12 899.999 86.86763000488281
C12 919.999 79.16927337646484
C12 925.012 76.55342102050781
C12 949.965 62.943634033203125
C12 975.002 47.15919876098633
C12 999.976 30.021915435791016
C12 1025.028 14.568244934082031
C12 1050.014 5.765235900878906
C12 1075.002 0.9271072907620727
C12 1099.99 0.09198673367344834
C13 319.994 50.62767028808594
C13 324.969 53.08465576171875
C13 349.982 64.57048797607422
C13 374.975 77.8475112915039
C13 400.019 86.06316375732422
C13 424.965 86.09429168701172
C13 450.035 84.8993911743164
C13 475.003 84.44075775146484
C13 500.018 84.69927215576172
C13 525.002 85.55255889892578
C13 550.029 87.06336212158203
C13 575.023 88.79923248291016
C13 599.982 91.03374481201172
C13 619.997 92.0144271850586
C13 624.979 92.37305450439453
C13 650.012 93.84908294677734
C13 675.004 95.03426361083984
C13 700.03 95.72931671142578
C13 725.012 96.10716247558594
C13 750.022 97.0276870727539
C13 774.987 97.837158203125
C13 799.976 97.8215103149414
C13 824.988 97.08563232421875
C13 850.022 95.92637634277344
C13 869.967 93.65660095214844
C13 875.002 92.84386444091797
C13 899.999 86.71768188476562
C13 919.999 79.01056671142578
C13 925.012 76.3761978149414
C13 949.965 62.73265838623047
C13 975.002 47.02741241455078
C13 999.976 29.920026779174805
C13 1025.028 14.538130760192871
C13 1050.014 5.74948787689209
C13 1075.002 0.9243707855710392
C13 1099.99 0.09171522014236964
C14 319.994 50.292762756347656
C14 324.969 52.717891693115234
C14 349.982 64.16249084472656
C14 374.975 77.63079071044922
C14 400.019 85.95978546142578
C14 424.965 86.02064514160156
C14 450.035 84.81889343261719
C14 475.003 84.34456634521484
C14 500.018 84.56935119628906
C14 525.002 85.3915023803711
C14 550.029 86.86939239501953
C14 575.023 88.57533264160156
C14 599.982 90.7877197265625
C14 619.997 91.7561264038086
C14 624.979 92.11524200439453
C14 650.012 93.59358978271484
C14 675.004 94.77606201171875
C14 700.03 95.47242736816406
C14 725.012 95.86172485351562
C14 750.022 96.79838562011719
C14 774.987 97.62017059326172
C14 799.976 97.62409210205078
C14 824.988 96.897705078125
C14 850.022 95.75234985351562
C14 869.967 93.52653503417969
C14 875.002 92.7225570678711
C14 899.999 86.64533233642578
C14 919.999 78.94812774658203
C14 925.012 76.2986831665039
C14 949.965 62.653533935546875
C14 975.002 46.97676086425781
C14 999.976 29.88311767578125
C14 1025.028 14.544877052307129
C14 1050.014 5.755457878112793
C14 1075.002 0.922186124251096
C14 1099.99 0.09149846005321201
C15 319.994 50.244239807128906
C15 324.969 52.65728759765625
C15 349.982 64.11038208007812
C15 374.975 77.80125427246094
C15 400.019 86.25972747802734
C15 424.965 86.35101318359375
C15 450.035 85.14873504638672
C15 475.003 84.65782928466797
C15 500.018 84.851318359375
C15 525.002 85.65010070800781
C15 550.029 87.1113052368164
C15 575.023 88.80394744873047
C15 599.982 91.00439453125
C15 619.997 91.96700286865234
C15 624.979 92.32355499267578
C15 650.012 93.79849243164062
C15 675.004 94.98770904541016
C15 700.03 95.69156646728516
C15 725.012 96.1009521484375
C15 750.022 97.06173706054688
C15 774.987 97.90996551513672
C15 799.976 97.92619323730469
C15 824.988 97.21302032470703
C15 850.022 96.09593963623047
C15 869.967 93.88877868652344
C15 875.002 93.0948257446289
C15 899.999 87.02474975585938
C15 919.999 79.27720642089844
C15 925.012 76.63941192626953
C15 949.965 62.98647689819336
C15 975.002 47.17319107055664
C15 999.976 30.048547744750977
C15 1025.028 14.64020824432373
C15 1050.014 5.792548179626465
C15 1075.002 0.9246948465931769
C15 1099.99 0.0917473731792774
C16 319.994 49.977352142333984
C16 324.969 52.368927001953125
C16 349.982 63.747928619384766
C16 374.975 77.50833892822266
C16 400.019 86.0195541381836
C16 424.965 86.1489486694336
C16 450.035 84.96775817871094
C16 475.003 84.48405456542969
C16 500.018 84.66971588134766
C16 525.002 85.44686126708984
C16 550.029 86.88328552246094
C16 575.023 88.54974365234375
C16 599.982 90.72364807128906
C16 619.997 91.67009735107422
C16 624.979 92.02189636230469
C16 650.012 93.47712707519531
C16 675.004 94.65817260742188
C16 700.03 95.37674713134766
C16 725.012 95.80314636230469
C16 750.022 96.79291534423828
C16 774.987 97.66773986816406
C16 799.976 97.69876861572266
C16 824.988 97.00148010253906
C16 850.022 95.91275024414062
C16 869.967 93.72493743896484
C16 875.002 92.94019317626953
C16 899.999 86.87274932861328
C16 919.999 79.14374542236328
C16 925.012 76.50357818603516
C16 949.965 62.89604187011719
C16 975.002 47.112335205078125
C16 999.976 29.991050720214844
C16 1025.028 14.618408203125
C16 1050.014 5.780514240264893
C16 1075.002 0.9221335627726911
C16 1099.99 0.0914932449516119
C17 319.994 49.79120635986328
C17 324.969 52.154144287109375
C17 349.982 63.46779251098633
C17 374.975 77.35223388671875
C17 400.019 86.03682708740234
C17 424.965 86.245849609375
C17 450.035 85.10667419433594
C17 475.003 84.67510223388672
C17 500.018 84.89298248291016
C17 525.002 85.66439056396484
C17 550.029 87.0960464477539
C17 575.023 88.72709655761719
C17 599.982 90.8436050415039
C17 619.997 91.74420928955078
C17 624.979 92.08909606933594
C17 650.012 93.50859069824219
C17 675.004 94.67192077636719
C17 700.03 95.39910125732422
C17 725.012 95.84644317626953
C17 750.022 96.87799835205078
C17 774.987 97.79568481445312
C17 799.976 97.8507308959961
C17 824.988 97.16215515136719
C17 850.022 96.11214447021484
C17 869.967 93.88387298583984
C17 875.002 93.06456756591797
C17 899.999 86.86054992675781
C17 919.999 79.21586608886719
C17 925.012 76.61332702636719
C17 949.965 63.055908203125
C17 975.002 47.27076721191406
C17 999.976 30.069143295288086
C17 1025.028 14.580071449279785
C17 1050.014 5.798398494720459
C17 1075.002 0.9229437879325273
C17 1099.99 0.09157363474763229
