lsstCam/transmission_sensor/r01_s11/19700101T000000.ecsv
# %ECSV 1.0
# ---
# datatype:
# - {name: amp_name, datatype: string}
# - {name: wavelength, unit: nm, datatype: float32}
# - {name: efficiency, unit: '%', datatype: float64}
# meta: !!omap
# - {MODE: AMP}
# - {TYPE: transmission_sensor}
# - {CALIBDATE: '1970-01-01T00:00:00'}
# - {INSTRUME: LSSTCam}
# - {OBSTYPE: transmission_sensor}
# - {DETECTOR: 4}
# - {PARQUETFILE: qe_raft_allvalues_nircorrected_20230725_adjust.parquet}
# - {CORRFILE: qe_corr_factor_bydetnum.parquet}
# - {CALIBCLS: lsst.ip.isr.IntermediateSensorTransmissionCurve}
# - {CALIB_ID: 'raftName=R01 detectorName=S11 detector=4 calibDate=1970-01-01T00:00:00 ccd=4 ccdnum=4 filter=None'}
# - {DATE: '2025-03-03T21:56:47.393627'}
# - {CALIB_CREATION_DATE: '2025-03-03'}
# - {CALIB_CREATION_TIME: '21:56:47'}
# - __serialized_columns__:
#     efficiency:
#       __class__: astropy.units.quantity.Quantity
#       unit: !astropy.units.Unit {unit: '%'}
#       value: !astropy.table.SerializedColumn {name: efficiency}
#     wavelength:
#       __class__: astropy.units.quantity.Quantity
#       unit: !astropy.units.Unit {unit: nm}
#       value: !astropy.table.SerializedColumn {name: wavelength}
# schema: astropy-2.0
amp_name wavelength efficiency
C00 319.994 51.21517872445242
C00 324.969 53.6993956183925
C00 349.982 65.17286293267901
C00 374.975 77.93050942874392
C00 400.019 86.25575757450778
C00 424.965 86.47206082048665
C00 450.035 85.55792613789738
C00 475.003 85.43596087621155
C00 500.018 85.9558251885125
C00 525.002 86.93943638742309
C00 550.029 88.54986936992415
C00 575.023 90.26786075166696
C00 599.982 92.40728752881992
C00 619.997 93.29799372547735
C00 624.979 93.63858890290575
C00 650.012 95.07614724028217
C00 675.004 96.21390416314007
C00 700.03 96.84048711639058
C00 725.012 97.22544310341956
C00 750.022 98.17696629052284
C00 774.987 99.01235629875856
C00 799.976 99.02562293893436
C00 824.988 98.1942237086377
C00 850.022 96.97422440257618
C00 869.967 94.75549824834455
C00 875.002 93.93916844208033
C00 899.999 87.97817116964251
C00 919.999 79.95352567566677
C00 925.012 77.10629822126027
C00 949.965 62.404722989727
C00 975.002 46.79760711574158
C00 999.976 29.873559560530992
C00 1025.028 14.567270723290205
C00 1050.014 5.773523641268968
C00 1075.002 0.9353196753476174
C00 1099.99 0.0928015589274634
C01 319.994 51.27502113302703
C01 324.969 53.75625649981959
C01 349.982 65.31264031520482
C01 374.975 78.30107396173784
C01 400.019 86.48764642622162
C01 424.965 86.53117518173454
C01 450.035 85.43669277564052
C01 475.003 85.11898678982786
C01 500.018 85.50489039401226
C01 525.002 86.4173763768352
C01 550.029 87.97475820704211
C01 575.023 89.72019966947386
C01 599.982 91.93579021246764
C01 619.997 92.88447054810467
C01 624.979 93.23721525605411
C01 650.012 94.72489714800875
C01 675.004 95.8855509666869
C01 700.03 96.54230358482033
C01 725.012 96.92632736310294
C01 750.022 97.86079344140877
C01 774.987 98.68272420435581
C01 799.976 98.69185368670675
C01 824.988 97.89495388423076
C01 850.022 96.67475426885184
C01 869.967 94.42629758939468
C01 875.002 93.60329594201997
C01 899.999 87.66148213882589
C01 919.999 79.78669112688232
C01 925.012 77.02253040556259
C01 949.965 62.73881967064652
C01 975.002 46.86979551205237
C01 999.976 29.917003569794236
C01 1025.028 14.65428200908894
C01 1050.014 5.739828821307384
C01 1075.002 0.9323076387003669
C01 1099.99 0.09250270741842442
C02 319.994 51.38590389651723
C02 324.969 53.86130718049151
C02 349.982 65.4769632933172
C02 374.975 78.79838036321723
C02 400.019 87.21010820466826
C02 424.965 87.28239675563776
C02 450.035 86.14143488370138
C02 475.003 85.751332488056
C02 500.018 86.07968568450917
C02 525.002 86.9746908272863
C02 550.029 88.53180301033517
C02 575.023 90.30026463585939
C02 599.982 92.54453793226462
C02 619.997 93.51658512019735
C02 624.979 93.8735517322213
C02 650.012 95.38406888636007
C02 675.004 96.56811266994747
C02 700.03 97.24151407403902
C02 725.012 97.63372742172167
C02 750.022 98.58401793610246
C02 774.987 99.4103555040324
C02 799.976 99.42156512160253
C02 824.988 98.63868697134487
C02 850.022 97.4069772744197
C02 869.967 95.10158652359254
C02 875.002 94.26191297764618
C02 899.999 88.22784902958277
C02 919.999 80.36542326588668
C02 925.012 77.61339666667895
C02 949.965 63.384474382175284
C02 975.002 47.334012355137446
C02 999.976 30.18010022794948
C02 1025.028 14.783655826442047
C02 1050.014 5.761530602402153
C02 1075.002 0.939197684037403
C02 1099.99 0.09318633138701057
C03 319.994 50.682687220950456
C03 324.969 53.112504726806165
C03 349.982 64.61635357159979
C03 374.975 78.06406951822566
C03 400.019 86.569780950562
C03 424.965 86.70253980277414
C03 450.035 85.5654146246865
C03 475.003 85.155943858889
C03 500.018 85.44452795163285
C03 525.002 86.305133821248
C03 550.029 87.83306247759194
C03 575.023 89.56819571438186
C03 599.982 91.78760754281537
C03 619.997 92.74388422410473
C03 624.979 93.10325454793755
C03 650.012 94.60265453496037
C03 675.004 95.77970290084762
C03 700.03 96.46250343444817
C03 725.012 96.86067213222134
C03 750.022 97.81051580274023
C03 774.987 98.64539733347792
C03 799.976 98.66453457749458
C03 824.988 97.90213420283926
C03 850.022 96.68888377993338
C03 869.967 94.39123575464436
C03 875.002 93.55897365344195
C03 899.999 87.52462464981149
C03 919.999 79.75867863926374
C03 925.012 77.04909450273223
C03 949.965 63.01622881474055
C03 975.002 47.0663490297556
C03 999.976 30.011676686983694
C03 1025.028 14.664075016053781
C03 1050.014 5.704171355245461
C03 1075.002 0.9318285282490191
C03 1099.99 0.09245517051959141
C04 319.994 50.514847273476725
C04 324.969 52.92144045482028
C04 349.982 64.40979999643537
C04 374.975 78.06541775401588
C04 400.019 86.72709310256522
C04 424.965 86.88183205026024
C04 450.035 85.72942943461825
C04 475.003 85.28873352791919
C04 500.018 85.54252543307078
C04 525.002 86.37933301493736
C04 550.029 87.89392569326486
C04 575.023 89.62469835029897
C04 599.982 91.83959551488635
C04 619.997 92.79973970684254
C04 624.979 93.15628258761815
C04 650.012 94.66494302846867
C04 675.004 95.85703000157031
C04 700.03 96.53849770778965
C04 725.012 96.95246002481973
C04 750.022 97.9186443131161
C04 774.987 98.7709065292409
C04 799.976 98.81041368999671
C04 824.988 98.0588608352993
C04 850.022 96.87077234434123
C04 869.967 94.60961913584242
C04 875.002 93.77318135579259
C04 899.999 87.73428687149794
C04 919.999 79.97632241682831
C04 925.012 77.26814814972316
C04 949.965 63.28893454197783
C04 975.002 47.29581105704704
C04 999.976 30.156931758920063
C04 1025.028 14.722372731623024
C04 1050.014 5.729194611512
C04 1075.002 0.9328585209078594
C04 1099.99 0.09255736544496675
C05 319.994 50.393821924741786
C05 324.969 52.77992192207395
C05 349.982 64.24246467435741
C05 374.975 78.04396154444005
C05 400.019 86.71653063817439
C05 424.965 86.85367318275588
C05 450.035 85.6788975572007
C05 475.003 85.20953430549923
C05 500.018 85.42461258296012
C05 525.002 86.22351547861015
C05 550.029 87.69323116563451
C05 575.023 89.38760916053712
C05 599.982 91.58227508406665
C05 619.997 92.53752710615547
C05 624.979 92.8940853953401
C05 650.012 94.39885521291025
C05 675.004 95.59282201191368
C05 700.03 96.28359639718784
C05 725.012 96.70629528213856
C05 750.022 97.69549973352743
C05 774.987 98.56599009753604
C05 799.976 98.62238487458994
C05 824.988 97.8881895926661
C05 850.022 96.72933855784459
C05 869.967 94.48756912790692
C05 875.002 93.65926698782552
C05 899.999 87.6497948605758
C05 919.999 79.90099070507516
C05 925.012 77.20394901349499
C05 949.965 63.31584147624842
C05 975.002 47.314443675667924
C05 999.976 30.14295247982658
C05 1025.028 14.713693945236246
C05 1050.014 5.729633751169387
C05 1075.002 0.9307324624082152
C05 1099.99 0.09234641987380185
C06 319.994 50.388613882489274
C06 324.969 52.77005283608952
C06 349.982 64.2412974873733
C06 374.975 78.19837691554542
C06 400.019 86.90530676141915
C06 424.965 87.04728754643642
C06 450.035 85.8675427089687
C06 475.003 85.39217788194962
C06 500.018 85.57965969883577
C06 525.002 86.34984902425632
C06 550.029 87.78502676243741
C06 575.023 89.4462689737186
C06 599.982 91.62233694754757
C06 619.997 92.56677226649653
C06 624.979 92.92180512318708
C06 650.012 94.41211414888153
C06 675.004 95.60443224811864
C06 700.03 96.31284926173342
C06 725.012 96.76134182340222
C06 750.022 97.77751869480008
C06 774.987 98.67581353290535
C06 799.976 98.73873377118393
C06 824.988 98.0234060861187
C06 850.022 96.88779093211612
C06 869.967 94.64136816265105
C06 875.002 93.8160629581262
C06 899.999 87.77083561771975
C06 919.999 80.02723950447165
C06 925.012 77.33247825742808
C06 949.965 63.48473304763853
C06 975.002 47.44062698932602
C06 999.976 30.208532594714157
C06 1025.028 14.725807843811399
C06 1050.014 5.746524256544188
C06 1075.002 0.9315136222692404
C06 1099.99 0.09242392583757597
C07 319.994 50.172649621509095
C07 324.969 52.53068705389333
C07 349.982 63.988665065001314
C07 374.975 78.12316076686001
C07 400.019 86.98932881586586
C07 424.965 87.17375976776385
C07 450.035 85.99395329666001
C07 475.003 85.50167774072928
C07 500.018 85.65495288956635
C07 525.002 86.40592792892507
C07 550.029 87.84066652744879
C07 575.023 89.49435091410021
C07 599.982 91.64660519177158
C07 619.997 92.57348262862958
C07 624.979 92.92264488147927
C07 650.012 94.40169806437649
C07 675.004 95.59225190077953
C07 700.03 96.31028376162973
C07 725.012 96.78191204945877
C07 750.022 97.84426792272289
C07 774.987 98.78369550873674
C07 799.976 98.87522916258611
C07 824.988 98.15594151639988
C07 850.022 97.0703882833394
C07 869.967 94.77277877907296
C07 875.002 93.90141783995409
C07 899.999 87.72789238175002
C07 919.999 80.07991315074453
C07 925.012 77.42774074626298
C07 949.965 63.66819712186982
C07 975.002 47.58421795308703
C07 999.976 30.257883802789706
C07 1025.028 14.688187250136355
C07 1050.014 5.78809614411015
C07 1075.002 0.9321491742099592
C07 1099.99 0.0924869847172645
C10 319.994 49.837582210820614
C10 324.969 52.260034497159445
C10 349.982 63.36618074855309
C10 374.975 76.18619278017145
C10 400.019 85.21562062706653
C10 424.965 85.93127959292593
C10 450.035 85.2982867415185
C10 475.003 85.41243223562103
C10 500.018 86.07178887488072
C10 525.002 87.11958380161043
C10 550.029 88.75218948470727
C10 575.023 90.42826228968092
C10 599.982 92.50278114379029
C10 619.997 93.34354868677786
C10 624.979 93.6786199495686
C10 650.012 95.04230266984531
C10 675.004 96.16696244502677
C10 700.03 96.83542545402385
C10 725.012 97.21477278016552
C10 750.022 98.16221273887554
C10 774.987 99.0023254244793
C10 799.976 98.98484458443349
C10 824.988 98.23189726871878
C10 850.022 97.06529580415462
C10 869.967 94.6491185923937
C10 875.002 93.83037737011611
C10 899.999 87.85421051898714
C10 919.999 80.14924328718006
C10 925.012 77.43100732897759
C10 949.965 63.124742535342214
C10 975.002 47.188595494906245
C10 999.976 30.32412455321449
C10 1025.028 14.650477095083819
C10 1050.014 5.85854098263652
C10 1075.002 0.9351791117630955
C10 1099.99 0.09278761233774026
C11 319.994 51.24924286471797
C11 324.969 53.75958856827257
C11 349.982 65.23331782551261
C11 374.975 78.07269052307858
C11 400.019 86.32558848423682
C11 424.965 86.50848629943621
C11 450.035 85.49022929281915
C11 475.003 85.24478874536244
C11 500.018 85.69507638668338
C11 525.002 86.64210031834956
C11 550.029 88.23203241263472
C11 575.023 90.00057878440863
C11 599.982 92.22994444507624
C11 619.997 93.18191447604141
C11 624.979 93.53693192432294
C11 650.012 94.98170139712592
C11 675.004 96.1435108464814
C11 700.03 96.82740537712316
C11 725.012 97.19502690399213
C11 750.022 98.11987043085803
C11 774.987 98.93294135861217
C11 799.976 98.89922005544756
C11 824.988 98.1463420775735
C11 850.022 96.98212891640915
C11 869.967 94.61457293934593
C11 875.002 93.77726458418583
C11 899.999 87.58098861004733
C11 919.999 79.87225402223213
C11 925.012 77.22908783282926
C11 949.965 63.4254029686642
C11 975.002 47.47760717100071
C11 999.976 30.28700954796078
C11 1025.028 14.681365177037828
C11 1050.014 5.817177108592478
C11 1075.002 0.9347759297172502
C11 1099.99 0.09274760898554722
C12 319.994 51.473893616289445
C12 324.969 53.98739033949091
C12 349.982 65.59560804285682
C12 374.975 78.76824921935689
C12 400.019 86.96885874446801
C12 424.965 87.00564632102981
C12 450.035 85.83919894055596
C12 475.003 85.43267888508792
C12 500.018 85.75487642213315
C12 525.002 86.65633768829431
C12 550.029 88.21553000656239
C12 575.023 89.98968503922363
C12 599.982 92.2548290256615
C12 619.997 93.24113669615252
C12 624.979 93.60554556973852
C12 650.012 95.08910571227734
C12 675.004 96.27561484130972
C12 700.03 96.97117353758802
C12 725.012 97.34378738898307
C12 750.022 98.269139393347
C12 774.987 99.07589287339839
C12 799.976 99.05356608871229
C12 824.988 98.30005636606793
C12 850.022 97.12911743436152
C12 869.967 94.79464331148812
C12 875.002 93.95936886632013
C12 899.999 87.7194100525784
C12 919.999 79.9455672324022
C12 925.012 77.3040651511747
C12 949.965 63.56082747563872
C12 975.002 47.62161801390781
C12 999.976 30.316295155375553
C12 1025.028 14.711093776212245
C12 1050.014 5.821766888432623
C12 1075.002 0.936198035983277
C12 1099.99 0.09288870906280024
C13 319.994 51.12409961866947
C13 324.969 53.60517704926946
C13 349.982 65.20363352551416
C13 374.975 78.61084461689947
C13 400.019 86.90705561584419
C13 424.965 86.93848877026768
C13 450.035 85.7318716674497
C13 475.003 85.26874111720132
C13 500.018 85.52979038300656
C13 525.002 86.39144402443583
C13 550.029 87.91706141942508
C13 575.023 89.66995284762336
C13 599.982 91.92637567454963
C13 619.997 92.91667412297971
C13 624.979 93.27881796043813
C13 650.012 94.76931959124548
C13 675.004 95.96612153751063
C13 700.03 96.66798997728718
C13 725.012 97.0495407059203
C13 750.022 97.97909150174519
C13 774.987 98.7964998966416
C13 799.976 98.78069857318019
C13 824.988 98.03760493504087
C13 850.022 96.86698187571959
C13 869.967 94.5749502155224
C13 875.002 93.75424442109335
C13 899.999 87.56799161702958
C13 919.999 79.78530437006951
C13 925.012 77.12510418448275
C13 949.965 63.347783108169935
C13 975.002 47.48853943720829
C13 999.976 30.213407430121375
C13 1025.028 14.680684317963765
C13 1050.014 5.805864447286942
C13 1075.002 0.933434698006291
C13 1099.99 0.09261453320735008
C14 319.994 50.78590815304993
C14 324.969 53.2348166776952
C14 349.982 64.79163578063556
C14 374.975 78.39199898343048
C14 400.019 86.80266364465835
C14 424.965 86.86412008407898
C14 450.035 85.65058460560601
C14 475.003 85.17160650666914
C14 500.018 85.39859548431109
C14 525.002 86.22880826711234
C14 550.029 87.72118972382148
C14 575.023 89.44385755770523
C14 599.982 91.67793819153636
C14 619.997 92.65584057490092
C14 624.979 93.01847748144833
C14 650.012 94.5113211904284
C14 675.004 95.70538814409053
C14 700.03 96.40858170704377
C14 725.012 96.80169644665473
C14 750.022 97.74754163503003
C14 774.987 98.57738461601456
C14 799.976 98.58134457713555
C14 824.988 97.8478349694136
C14 850.022 96.69124897071966
C14 869.967 94.44360893694115
C14 875.002 93.63174756929594
C14 899.999 87.49493264560851
C14 919.999 79.72225316031417
C14 925.012 77.04682946660466
C14 949.965 63.26788280313906
C14 975.002 47.437391223429486
C14 999.976 30.176136414726226
C14 1025.028 14.68749676080665
C14 1050.014 5.811892987320368
C14 1075.002 0.9312286150023074
C14 1099.99 0.09239564767838165
C15 319.994 50.73690941233097
C15 324.969 53.173618329125844
C15 349.982 64.73901606379428
C15 374.975 78.56413402492164
C15 400.019 87.10554674098309
C15 424.965 87.19772754801176
C15 450.035 85.98366047942723
C15 475.003 85.48794114407804
C15 500.018 85.68332747479715
C15 525.002 86.48994227916725
C15 550.029 87.96547464060086
C15 575.023 89.67471404601399
C15 599.982 91.89673759977826
C15 619.997 92.868784787711
C15 624.979 93.22883308154118
C15 650.012 94.7182330111028
C15 675.004 95.91911048155669
C15 700.03 96.6298695733442
C15 725.012 97.04326948344463
C15 750.022 98.01347536649814
C15 774.987 98.87002112033359
C15 799.976 98.88640796333819
C15 824.988 98.16624203783718
C15 850.022 97.0382078210779
C15 869.967 94.80940456733993
C15 875.002 94.00766652442817
C15 899.999 87.87807044037183
C15 919.999 80.05455861368382
C15 925.012 77.39089924026958
C15 949.965 63.604090436095845
C15 975.002 47.635747524989355
C15 999.976 30.343188607288244
C15 1025.028 14.7837627222797
C15 1050.014 5.849346977572764
C15 1075.002 0.9337619366069222
C15 1099.99 0.0926470015206768
C16 319.994 50.467404782069906
C16 324.969 52.88243021525574
C16 349.982 64.37300856777131
C16 374.975 78.26834650095574
C16 400.019 86.86301838283325
C16 424.965 86.99368169141715
C16 450.035 85.80090904411362
C16 475.003 85.31246247782713
C16 500.018 85.49994429471327
C16 525.002 86.28470997507725
C16 550.029 87.73521908024432
C16 575.023 89.41801765576004
C16 599.982 91.61323828201469
C16 619.997 92.56896796478345
C16 624.979 92.92421653920044
C16 650.012 94.39371650849837
C16 675.004 95.5863427759161
C16 700.03 96.31196327821412
C16 725.012 96.74254356438426
C16 750.022 97.74201772039238
C16 774.987 98.62542033116907
C16 799.976 98.65675333093385
C16 824.988 97.95262755923424
C16 850.022 96.8532221664548
C16 869.967 94.64395677536828
C16 875.002 93.8515177073068
C16 899.999 87.72457957380833
C16 919.999 79.91978896409313
C16 925.012 77.25373358307455
C16 949.965 63.51276864787065
C16 975.002 47.57429493767099
C16 999.976 30.285127796007853
C16 1025.028 14.761748920902052
C16 1050.014 5.837195039487814
C16 1075.002 0.9311755381326274
C16 1099.99 0.09239038144013273
C17 319.994 50.279433748197015
C17 324.969 52.665541449733695
C17 349.982 64.09012558636898
C17 374.975 78.11071077236286
C17 400.019 86.88046070185648
C17 424.965 87.09153279296928
C17 450.035 85.94118719993294
C17 475.003 85.50538346310125
C17 500.018 85.72540013565663
C17 525.002 86.5043722542249
C17 550.029 87.95006623156975
C17 575.023 89.59710959392875
C17 599.982 91.73437148961284
C17 619.997 92.64380660744762
C17 624.979 92.99207517257351
C17 650.012 94.42548864792055
C17 675.004 95.60022575245314
C17 700.03 96.33453659744471
C17 725.012 96.78626492501006
C17 750.022 97.82793500914991
C17 774.987 98.75461984089502
C17 799.976 98.81020567647478
C17 824.988 98.11487810633194
C17 850.022 97.05457155146895
C17 869.967 94.80445076383643
C17 875.002 93.97711164931947
C17 899.999 87.71226055078795
C17 919.999 79.99261680937872
C17 925.012 77.36455856503088
C17 949.965 63.674202549289696
C17 975.002 47.73428044864111
C17 999.976 30.363986107377997
C17 1025.028 14.723036256236927
C17 1050.014 5.855254657897851
C17 1075.002 0.9319937079506205
C17 1099.99 0.09247155949783684
