lsstCam/transmission_filter_detector/r20_s01/r_57/19700101T000000.ecsv
# %ECSV 1.0
# ---
# datatype:
# - {name: wavelength, unit: nm, datatype: float32}
# - {name: efficiency, unit: '%', datatype: float64}
# meta: !!omap
# - {MODE: DETECTOR}
# - {TYPE: transmission_filter_detector}
# - {CALIBDATE: '1970-01-01T00:00:00'}
# - {INSTRUME: LSSTCam}
# - {OBSTYPE: transmission_filter_detector}
# - {CALIBCLS: lsst.ip.isr.IntermediateFilterDetectorTransmissionCurve}
# - {SOURCE: Materion (DM-46256)}
# - {DETECTOR: 73}
# - {FILTER: r_57}
# - {CALIB_ID: 'calibDate=1970-01-01T00:00:00 filter=r_57 detector=73'}
# - {DATE: '2025-04-02T15:59:44.520929'}
# - {CALIB_CREATION_DATE: '2025-04-02'}
# - {CALIB_CREATION_TIME: '15:59:44'}
# - __serialized_columns__:
#     efficiency:
#       __class__: astropy.units.quantity.Quantity
#       unit: !astropy.units.Unit {unit: '%'}
#       value: !astropy.table.SerializedColumn {name: efficiency}
#     wavelength:
#       __class__: astropy.units.quantity.Quantity
#       unit: !astropy.units.Unit {unit: nm}
#       value: !astropy.table.SerializedColumn {name: wavelength}
# schema: astropy-2.0
wavelength efficiency
[from data line 603]
903.0 1.644547453945322e-10
904.0 1.644547453945322e-10
905.0 1.644547453945322e-10
906.0 1.644547453945322e-10
907.0 1.644547453945322e-10
908.0 1.644547453945322e-10
909.0 1.644547453945322e-10
910.0 1.644547453945322e-10
911.0 1.644547453945322e-10
912.0 1.644547453945322e-10
913.0 1.644547453945322e-10
914.0 1.644547453945322e-10
915.0 1.7245353944872477e-05
916.0 1.7764295989763923e-05
917.0 1.82832565087665e-05
918.0 4.112949341106287e-05
919.0 6.397569904947886e-05
920.0 1.644547453945322e-10
921.0 1.644547453945322e-10
922.0 6.943085395505477e-05
923.0 0.00021999480850354303
924.0 0.00021853868474863702
925.0 0.00021708256099373102
926.0 0.00020572931589413201
927.0 0.000194376070794533
928.0 0.00018743157852441072
929.0 0.00018048707488560467
930.0 0.0002377046484980383
931.0 0.00029492225621652324
932.0 9.873442650132347e-05
933.0 1.644547453945322e-10
934.0 7.116851179489458e-05
935.0 0.0002397903699602466
936.0 0.00024907330953283235
937.0 0.00025835627184278565
938.0 0.00024756541279202793
939.0 0.0002367745992160053
940.0 0.00024068654056463856
941.0 0.0002445984591759043
942.0 0.0003410117415114655
943.0 0.00043742502384702675
944.0 0.00036579276638804004
945.0 0.00029416057714115595
946.0 0.00034007437079708325
947.0 0.000385988141715643
948.0 0.0005006827450415585
949.0 0.0006153774393169442
950.0 0.0005564884304476436
951.0 0.0004975993761036079
952.0 0.0006419617420760915
953.0 0.0007863241989980452
954.0 0.0011225340131204575
955.0 0.0014587441000912804
956.0 0.0015035016986075789
957.0 0.0015482592061744072
958.0 0.0016533014786546119
959.0 0.001758343933033757
960.0 0.001941939081007149
961.0 0.002125534592778422
962.0 0.002302187931491062
963.0 0.002478841634001583
964.0 0.002506265627744142
965.0 0.0025336894395877607
966.0 0.0024488632334396243
967.0 0.0023640368453925475
968.0 0.0023862226953497157
969.0 0.002408408727205824
970.0 0.0024899491108953953
971.0 0.002571489858382847
972.0 0.0026063948098453693
973.0 0.002641299579408951
974.0 0.0029121714760549366
975.0 0.003183043372700922
976.0 0.003253563409089111
977.0 0.0033240830816794187
978.0 0.0031885709177004173
979.0 0.003053058753721416
980.0 0.003043369906663429
981.0 0.0030336812415043823
982.0 0.003127593663521111
983.0 0.00322150626743678
984.0 0.0031804487662157044
985.0 0.0031393912649946287
986.0 0.0030045574021642096
987.0 0.002869723721232731
988.0 0.0026791369236889295
989.0 0.0024885506718419492
990.0 0.0025258565074182115
991.0 0.0025631625248934142
992.0 0.0026146986783714965
993.0 0.0026662351956474595
994.0 0.0027133815819979645
995.0 0.002760527240752708
996.0 0.0028239090170245618
997.0 0.0028872907932964154
998.0 0.003021671909664292
999.0 0.0031560532079311088
1000.0 0.0032839165214682
1001.0 0.003411779835005291
1002.0 0.003649331847555004
1003.0 0.0038868834963068366
1004.0 0.003966098665841855
1005.0 0.004045313471578993
1006.0 0.0042447165469639
1007.0 0.004444119622348808
1008.0 0.0043717966036638245
1009.0 0.0042994732211809605
1010.0 0.004296908809919842
1011.0 0.004294344762456603
1012.0 0.004265079405740835
1013.0 0.004235814049025066
1014.0 0.003971539990743622
1015.0 0.0037072655686642975
1016.0 0.0035125718568451703
1017.0 0.0033178785088239238
1018.0 0.002913839853135869
1019.0 0.002509801743144635
1020.0 0.0021352385374484584
1021.0 0.0017606751498533413
1022.0 0.0015473873645532876
1023.0 0.0013340992154553533
1024.0 0.0014023173207533546
1025.0 0.001470535426051356
1026.0 0.00134002257254906
1027.0 0.0012095093552488834
1028.0 0.0010924962225544732
1029.0 0.0009754829079611227
1030.0 0.0009443177987122908
1031.0 0.0009131520528171677
1032.0 0.0009180142114928458
1033.0 0.0009228761882695835
1034.0 0.0008312141289934516
1035.0 0.0007395520242425846
1036.0 0.0008118498044495936
1037.0 0.0008841473572829273
1038.0 0.0008160503057297319
1039.0 0.0007479532996512717
1040.0 0.0008573539162171073
1041.0 0.0009667546692071483
1042.0 0.000988241663435474
1043.0 0.001009728202916449
1044.0 0.0008964575499703642
1045.0 0.00078318716987269
1046.0 0.0008069773684837855
1047.0 0.0008307678399432916
1048.0 0.0007051586635498097
1049.0 0.0005795495326310629
1050.0 0.0006286941243160982
1051.0 0.0006778387614758685
1052.0 0.0009970841347239912
1053.0 0.001316329053224763
1054.0 0.0010940921129076742
1055.0 0.0008718549906916451
1056.0 0.0009574210707796738
1057.0 0.0010429876056150533
1058.0 0.0008601859008194879
1059.0 0.0006773844688723329
1060.0 0.001101116868085228
1061.0 0.0015248487216013018
1062.0 0.0015702460586908273
1063.0 0.0016156431229319423
1064.0 0.0011577541954466142
1065.0 0.0006998648132139351
1066.0 0.0010675964404072147
1067.0 0.0014353282494994346
1068.0 0.0017784215742722154
1069.0 0.0021215144442976452
1070.0 0.0014992351680120919
1071.0 0.0008769559826760087
1072.0 0.001149773561337497
1073.0 0.0014225915037968662
1074.0 0.00205981959879864
1075.0 0.0026970474209520034
1076.0 0.0029911545425420627
1077.0 0.0032852618460310623
1078.0 0.0038642374420305714
1079.0 0.004443213765625842
1080.0 0.004359766171546653
1081.0 0.004276318577467464
1082.0 0.004077563062310219
1083.0 0.0038788075471529737
1084.0 0.0044323602196527645
1085.0 0.004985912164556794
1086.0 0.005069597682449967
1087.0 0.005153282836545259
1088.0 0.005125200186739676
1089.0 0.005097117536934093
1090.0 0.004903537774225697
1091.0 0.004709958011517301
1092.0 0.004227149474900216
1093.0 0.0037443409382831305
1094.0 0.0041057275666389614
1095.0 0.004467114558792673
1096.0 0.0035870150895789266
1097.0 0.0027069152565672994
1098.0 0.0018041830116999336
1099.0 0.0009014509487315081
1100.0 0.0010444573490531184
1101.0 0.0011874634765263181
