lsstCam/transmission_filter_detector/r20_s01/r_57/19700101T000000.ecsv
# %ECSV 1.0
# ---
# datatype:
# - {name: wavelength, unit: nm, datatype: float32}
# - {name: efficiency, unit: '%', datatype: float64}
# meta: !!omap
# - {MODE: DETECTOR}
# - {TYPE: transmission_filter_detector}
# - {CALIBDATE: '1970-01-01T00:00:00'}
# - {INSTRUME: LSSTCam}
# - {OBSTYPE: transmission_filter_detector}
# - {CALIBCLS: lsst.ip.isr.IntermediateFilterDetectorTransmissionCurve}
# - {SOURCE: Materion (DM-46256)}
# - {DETECTOR: 73}
# - {FILTER: r_57}
# - {CALIB_ID: 'calibDate=1970-01-01T00:00:00 filter=r_57 detector=73'}
# - {DATE: '2025-04-02T15:59:44.520929'}
# - {CALIB_CREATION_DATE: '2025-04-02'}
# - {CALIB_CREATION_TIME: '15:59:44'}
# - __serialized_columns__:
#     efficiency:
#       __class__: astropy.units.quantity.Quantity
#       unit: !astropy.units.Unit {unit: '%'}
#       value: !astropy.table.SerializedColumn {name: efficiency}
#     wavelength:
#       __class__: astropy.units.quantity.Quantity
#       unit: !astropy.units.Unit {unit: nm}
#       value: !astropy.table.SerializedColumn {name: wavelength}
# schema: astropy-2.0
wavelength efficiency
300.0 0.002272317942697555
301.0 0.005442323163151741
302.0 0.008612329111201689
303.0 0.011003910913132131
304.0 0.013395491987466812
305.0 0.012696822523139417
306.0 0.011998153786407784
307.0 0.011140146671095863
308.0 0.010282140283379704
309.0 0.00908481451915577
310.0 0.00788749021012336
311.0 0.0072220755100715905
312.0 0.006556660810019821
313.0 0.006450575892813504
314.0 0.006344491703202948
315.0 0.005546131797018461
316.0 0.004747772618429735
317.0 0.004598184750648215
318.0 0.004448597610462457
319.0 0.004293596794013865
320.0 0.004138597068958916
321.0 0.003986346200690605
322.0 0.003834096060018055
323.0 0.0035206358006689698
324.0 0.003207174813724123
325.0 0.003173399090883322
326.0 0.003139623731840402
327.0 0.002990784923895262
328.0 0.002841946479748003
329.0 0.0029164508305257186
330.0 0.002990954635606613
331.0 0.0027343527108314447
332.0 0.0024777504222583957
333.0 0.002171443702536635
334.0 0.0018651368009159341
335.0 0.0016729651179048233
336.0 0.0014807933439442422
337.0 0.0013548140486818738
338.0 0.0012288346624700353
339.0 0.0011908408851013519
340.0 0.0011528471077326685
341.0 0.0011510250260471366
342.0 0.0011492029443616048
343.0 0.001082674407371087
344.0 0.0010161459613300394
345.0 0.0009574799150868785
346.0 0.0008988137778942473
347.0 0.0009268816938856617
348.0 0.0009549495189276058
349.0 0.000950627691054251
350.0 0.0057991670473711565
351.0 0.006254074833123013
352.0 0.0067089822550769895
353.0 0.0054802298109279945
354.0 0.00425147773057688
355.0 0.004496366091188975
356.0 0.004741255543194711
357.0 0.0064051935623865575
358.0 0.008069132309174165
359.0 0.0059957223129458725
360.0 0.0039223115891218185
361.0 0.0027777710783993825
362.0 0.0016332302038790658
363.0 0.0026846904802368954
364.0 0.0037361503927968442
365.0 0.003777641904889606
366.0 0.0038191337807802483
367.0 0.002966427564388141
368.0 0.002113720984198153
369.0 0.001894924571388401
370.0 0.0016761283404775895
371.0 0.0022432695914176293
372.0 0.0028104110242566094
373.0 0.00313666278088931
374.0 0.0034629145375220105
375.0 0.003287968138465658
376.0 0.003113022103207186
377.0 0.0014521615412377287
378.0 1.644547453945322e-10
379.0 0.0008354303645319305
380.0 0.0018795595678966492
381.0 0.0027989268346573226
382.0 0.0037182944652158767
383.0 0.0034808388591045514
384.0 0.0032433836167911068
385.0 0.004295912367524579
386.0 0.00534844039066229
387.0 0.004781341340276413
388.0 0.0042142419260926545
389.0 0.0037149562558624893
390.0 0.003215669858036563
391.0 0.0023935896024340764
392.0 0.0015715091649326496
393.0 0.0015588449969072826
394.0 0.001546180465084035
395.0 0.001142198743764311
396.0 0.0007382170679193223
397.0 0.0007348217422986636
398.0 0.0007314268259506207
399.0 0.0005752121069235727
400.0 0.00041899688767443877
401.0 4.887003228759568e-05
402.0 1.644547453945322e-10
403.0 0.00014477857348538237
404.0 0.0006108148681960301
405.0 0.0009346879778604489
406.0 0.0012585606782522518
407.0 0.0017901420505950227
408.0 0.0023217233319883235
409.0 0.0019469718608888797
410.0 0.001572220389789436
411.0 0.001081392929336289
412.0 0.0005905656053073471
413.0 0.0006190774001879618
414.0 0.0006475891495938413
415.0 0.0006579178261745255
416.0 0.0006682468210783554
417.0 0.0012582122508320026
418.0 0.0018481781808077358
419.0 0.00222411490540253
420.0 0.0026000518118962646
421.0 0.004121745587326586
422.0 0.0056434386351611465
423.0 0.008729397814022377
424.0 0.011815356265287846
425.0 0.016108933778014034
426.0 0.020402506925165653
427.0 0.02099370612995699
428.0 0.02158490678993985
429.0 0.016501283971592784
430.0 0.011417661880841479
431.0 0.008134444942697883
432.0 0.004851226549362764
433.0 0.0038816786400275305
434.0 0.0029121307306922972
435.0 0.0022840031306259334
436.0 0.0016558753486606292
437.0 0.0015237968000292312
438.0 0.001391718615195714
439.0 0.001139507094194414
440.0 0.0008872956641425844
441.0 0.0011623014870565385
442.0 0.0014373073099704925
443.0 0.0016707535905879922
444.0 0.0019041997802560218
445.0 0.0018723974790191278
446.0 0.001840594813984353
447.0 0.0016926549506024458
448.0 0.0015447150872205384
449.0 0.0014458557416219264
450.0 0.0013469958503264934
451.0 0.0014950182048778515
452.0 0.0016430405594292097
453.0 0.0016304737073369324
454.0 0.0016179066733457148
455.0 0.0014672695215267595
456.0 0.0013166326425562147
457.0 0.000952206119109178
458.0 0.0005877798230358167
459.0 0.0008012900252651889
460.0 0.0010148003639187664
461.0 0.0016929923731368035
462.0 0.00237118401855696
463.0 0.003052988540730439
464.0 0.003734793426701799
465.0 0.004762293610838242
466.0 0.005789794158772565
467.0 0.006426419713534415
468.0 0.007063045632094145
469.0 0.006084465348976664
470.0 0.0051058865210507065
471.0 0.003914977423846722
472.0 0.002724068326642737
473.0 0.0022421438188757747
474.0 0.001760218947310932
475.0 0.0014568013284588233
476.0 0.001153383982455125
477.0 0.0009127409612119664
478.0 0.0006720978035446024
479.0 0.0008616422746854369
480.0 0.001051186518452596
481.0 0.0008057496415858623
482.0 0.0005603129011433339
483.0 0.0006658032816631021
484.0 0.0007712935257586651
485.0 0.000664195522404043
486.0 0.0005570973826252157
487.0 0.0005672682618751423
488.0 0.0005774390501755988
489.0 0.0005663512638420798
490.0 0.0005552633865590906
491.0 0.0007279941655724542
492.0 0.0009007250810100231
493.0 0.0010306242984370328
494.0 0.001160523697762983
495.0 0.0009954053894034587
496.0 0.0008302870810439344
497.0 0.0011015323252649978
498.0 0.0013727772966376506
499.0 0.0013486983334587421
500.0 0.0013246194612293039
501.0 0.0015032392184366472
502.0 0.0016818590665934607
503.0 0.0020398792912601493
504.0 0.002397899515926838
505.0 0.0029503040423151106
506.0 0.003502708932501264
507.0 0.00419848074670881
508.0 0.004894252197118476
509.0 0.005387948112911545
510.0 0.005881642573513091
511.0 0.005188781506149098
512.0 0.0044959197111893445
513.0 0.00385244820790831
514.0 0.0032089767046272755
515.0 0.003023838871740736
516.0 0.0028387014026520774
517.0 0.0026087776859640144
518.0 0.0023788539692759514
519.0 0.07037547184154391
520.0 0.09014597744680941
521.0 0.1437357161194086
522.0 0.10662005515769124
523.0 0.06763486890122294
524.0 0.07274594972841442
525.0 0.11364470701664686
526.0 0.1227180939167738
527.0 0.1467231079004705
528.0 0.09049514192156494
529.0 0.16016873996704817
530.0 0.18051989609375596
531.0 0.17292213160544634
532.0 0.2566406037658453
533.0 0.2954645548015833
534.0 0.3922858275473118
535.0 0.5267408676445484
536.0 0.7788456045091152
537.0 1.192049030214548
538.0 1.8038000911474228
539.0 2.9451513662934303
540.0 4.5279283076524734
541.0 6.614846736192703
542.0 9.297755360603333
543.0 12.842637300491333
544.0 16.913896799087524
545.0 21.5496689081192
546.0 27.30436623096466
547.0 34.02515947818756
548.0 42.19856858253479
549.0 50.51068067550659
550.0 57.00918436050415
551.0 64.1198992729187
552.0 69.01548504829407
553.0 73.42568635940552
554.0 77.5230884552002
555.0 81.19718432426453
556.0 84.95964407920837
557.0 87.45146989822388
558.0 90.33746123313904
559.0 93.38635802268982
560.0 93.35659146308899
561.0 94.88646388053894
562.0 95.6637442111969
563.0 95.03186345100403
564.0 95.85715532302856
565.0 95.24964690208435
566.0 95.73611617088318
567.0 95.51498293876648
568.0 95.97805738449097
569.0 96.63025736808777
570.0 96.23996019363403
571.0 96.85838222503662
572.0 96.95013761520386
573.0 96.99422717094421
574.0 97.13236093521118
575.0 97.06937074661255
576.0 97.37081527709961
577.0 97.17370867729187
578.0 97.25602269172668
579.0 97.0798134803772
580.0 96.89427018165588
581.0 96.43594622612
582.0 96.99086546897888
583.0 96.42171263694763
584.0 96.5330719947815
585.0 96.52028679847717
586.0 96.60760760307312
587.0 96.37657403945923
588.0 96.46036028862
589.0 97.39200472831726
590.0 96.61465287208557
591.0 96.2557852268219
592.0 95.96700072288513
593.0 95.73362469673157
594.0 96.11349105834961
595.0 96.44120335578918
596.0 97.21302390098572
597.0 97.19592332839966
598.0 97.07677364349365
599.0 96.85353636741638
600.0 97.24917411804199
601.0 96.19367122650146
602.0 96.74803614616394
603.0 96.4806616306305
604.0 96.2678611278534
605.0 97.13944792747498
606.0 96.17077708244324
607.0 96.36960625648499
608.0 96.44182324409485
609.0 95.56083083152771
610.0 95.95417976379395
611.0 95.997154712677
612.0 95.96285820007324
613.0 96.91728949546814
614.0 96.88326716423035
615.0 96.03869318962097
616.0 96.64108753204346
617.0 96.58841490745544
618.0 96.43324017524719
619.0 97.08477258682251
620.0 95.78093886375427
621.0 95.48583030700684
622.0 96.70012593269348
623.0 96.58382534980774
624.0 96.67472839355469
625.0 97.02305197715759
626.0 96.38330936431885
627.0 95.33597826957703
628.0 97.44573831558228
629.0 95.67131400108337
630.0 96.46626114845276
631.0 96.12417817115784
632.0 96.88452482223511
633.0 96.56944870948792
634.0 95.78157663345337
635.0 96.26431465148926
636.0 96.11433744430542
637.0 95.65236568450928
638.0 95.40006518363953
639.0 95.56899666786194
640.0 95.4535722732544
641.0 95.44441103935242
642.0 95.96497416496277
643.0 96.1694061756134
644.0 96.15500569343567
645.0 95.92975378036499
646.0 96.50890827178955
647.0 96.74686789512634
648.0 96.41872644424438
649.0 95.68712711334229
650.0 96.62648439407349
651.0 96.8528151512146
652.0 96.92160487174988
653.0 95.98707556724548
654.0 96.94055318832397
655.0 96.50133848190308
656.0 96.06762528419495
657.0 95.97978591918945
658.0 96.3091492652893
659.0 96.4992880821228
660.0 95.71972489356995
661.0 95.44237852096558
662.0 95.81001996994019
663.0 95.8591639995575
664.0 95.45716047286987
665.0 95.53559422492981
666.0 95.55017948150635
667.0 95.93489170074463
668.0 95.12264728546143
669.0 95.80068588256836
670.0 95.49564719200134
671.0 95.47370672225952
672.0 95.37004828453064
673.0 95.66113948822021
674.0 95.08479833602905
675.0 95.89129686355591
676.0 95.28104066848755
677.0 94.15294528007507
678.0 93.53184103965759
679.0 92.35628843307495
680.0 91.78681373596191
681.0 90.37059545516968
682.0 88.23552131652832
683.0 85.59565544128418
684.0 82.38073587417603
685.0 79.06123399734497
686.0 75.1496970653534
687.0 70.55308222770691
688.0 66.15485548973083
689.0 61.84398531913757
690.0 56.75838589668274
691.0 52.79436111450195
692.0 48.12808036804199
693.0 43.82546544075012
694.0 38.76695930957794
695.0 33.425918221473694
696.0 27.95199155807495
697.0 22.79086709022522
698.0 16.8662890791893
699.0 12.196874618530273
700.0 8.504752814769745
701.0 5.37056028842926
702.0 3.3711109310388565
703.0 1.918100193142891
704.0 1.040336862206459
705.0 0.6379364989697933
706.0 0.4045979119837284
707.0 0.24403058923780918
708.0 0.1517712138593197
709.0 0.1511491951532662
710.0 0.11084350990131497
711.0 0.11514454381540418
712.0 0.04266966425348073
713.0 0.04342266183812171
714.0 0.058596214512363076
715.0 0.0835700542666018
716.0 0.060868728905916214
717.0 0.08011789177544415
718.0 0.04979758523404598
719.0 0.02941667044069618
720.0 1.644547453945322e-10
721.0 0.0044811153202317655
722.0 0.004225982411298901
723.0 0.003970849502366036
724.0 0.003643813033704646
725.0 0.0033167769288411364
726.0 0.0030850147595629096
727.0 0.0028532524083857425
728.0 0.0027247489924775437
729.0 0.0025962453946704045
730.0 0.002422409306745976
731.0 0.0022485735826194286
732.0 0.0022022992197889835
733.0 0.0021560248569585383
734.0 0.002109476554323919
735.0 0.0020629278878914192
736.0 0.0018564385754871182
737.0 0.0016499492630828172
738.0 0.0016676687664585188
739.0 0.00168538808793528
740.0 0.001642506686039269
741.0 0.0015996254660421982
742.0 0.0014746027773071546
743.0 0.0013495799976226408
744.0 0.0014116122656560037
745.0 0.0014736443517904263
746.0 0.0013964542631583754
747.0 0.0013192642654757947
748.0 0.001160586816695286
749.0 0.0010019093679147772
750.0 0.0009890361980069429
751.0 0.0009761632099980488
752.0 0.0010554686923569534
753.0 0.0011347742656653281
754.0 0.0011323396392981522
755.0 0.0011299055586277973
756.0 0.00107072837636224
757.0 0.0010115510121977422
758.0 0.001076824810297694
759.0 0.0011420985174481757
760.0 0.0011312310562061612
761.0 0.0011203638678125571
762.0 0.0011344734957674518
763.0 0.001148583396570757
764.0 0.0010904657756327651
765.0 0.0010323483365937136
766.0 0.0008411161616095342
767.0 0.0006498839411506196
768.0 0.0006461874363594688
769.0 0.0006424907496693777
770.0 0.0007621764325449476
771.0 0.0008818621608952526
772.0 0.0008131192771543283
773.0 0.0007443761205649935
774.0 0.000829435794003075
775.0 0.0009144954674411565
776.0 0.0009090030289371498
777.0 0.0009035106813826133
778.0 0.0008895437531464268
779.0 0.0008755770068091806
780.0 0.0007705803000135347
781.0 0.0006655835932178888
782.0 0.0007215277037175838
783.0 0.0007774717232678086
784.0 0.0008418164725298993
785.0 0.0009061608579941094
786.0 0.000779533638706198
787.0 0.0006529063739435514
788.0 0.0006733052487106761
789.0 0.0006937043053767411
790.0 0.0007161005669331644
791.0 0.0007384967375401175
792.0 0.0007698275112488773
793.0 0.0008011583304323722
794.0 0.0008272835657407995
795.0 0.0008534086191502865
796.0 0.0006989874691498699
797.0 0.0005445662736747181
798.0 0.000690402112013544
799.0 0.0008362379958271049
800.0 0.0007853536772017833
801.0 0.0007344692221522564
802.0 0.0006533042778755771
803.0 0.0005721391062252223
804.0 0.0007074007953633554
805.0 0.0008426624845014885
806.0 0.000733184469936532
807.0 0.0006237064098968403
808.0 0.0007302814083232079
809.0 0.0008368563612748403
810.0 0.0007182370609370992
811.0 0.0005996179424982984
812.0 0.0006744689926563296
813.0 0.0007493199518648908
814.0 0.0006254376330616651
815.0 0.0005015553597331746
816.0 0.0006226282494026236
817.0 0.0007437011845468078
818.0 0.0006250037131394492
819.0 0.0005063061962573556
820.0 0.0004227921635902021
821.0 0.00033927815366041614
822.0 0.00040525783333578147
823.0 0.00047123758122324944
824.0 0.00047199741857184563
825.0 0.0004727573013951769
826.0 0.0005112126927997451
827.0 0.0005496680842043133
828.0 0.00043996515159960836
829.0 0.0003302621735201683
830.0 0.00019680960576806683
831.0 6.335707780635857e-05
832.0 3.9050192413014884e-05
833.0 1.4743298493158363e-05
834.0 1.644547453945322e-10
835.0 1.644547453945322e-10
836.0 0.00026857401280722115
837.0 0.0005689819317922229
838.0 0.0007425981493724976
839.0 0.0009162145033769775
840.0 0.001199180132971378
841.0 0.0014821457625657786
842.0 0.002012734148593154
843.0 0.002543322443671059
844.0 0.002539662818890065
845.0 0.002536003194109071
846.0 0.002702134952414781
847.0 0.0028682665288215503
848.0 0.0027838792448164895
849.0 0.0026994917789124884
850.0 0.002202356336056255
851.0 0.0017052210750989616
852.0 0.0014481611287919804
853.0 0.0011911010915355291
854.0 0.0010224689503957052
855.0 0.0008538365364074707
856.0 0.0006410366950149182
857.0 0.0004282369445718359
858.0 0.0005484549546963535
859.0 0.000668672873871401
860.0 0.0005669265647156863
861.0 0.00046518021008523647
862.0 0.0003886417289322708
863.0 0.00031210322504193755
864.0 0.00021433313577290392
865.0 0.00011656309197860537
866.0 0.00010526289315748727
867.0 9.396263749295031e-05
868.0 0.00013307558219821658
869.0 0.00017218849279743154
870.0 9.611696896172361e-05
871.0 2.004541528322079e-05
872.0 1.644547453945322e-10
873.0 1.644547453945322e-10
874.0 1.644547453945322e-10
875.0 1.644547453945322e-10
876.0 1.644547453945322e-10
877.0 5.2409825457289116e-05
878.0 0.00013374570926316665
879.0 0.0002150815817003604
880.0 0.00018972735915667727
881.0 0.00016437310250694281
882.0 0.00014471509075519862
883.0 0.00012505711310950574
884.0 1.644547453945322e-10
885.0 1.644547453945322e-10
886.0 1.644547453945322e-10
887.0 9.971894314730889e-05
888.0 0.00014967206425353652
889.0 0.00019962519672844792
890.0 0.00018965625940836617
891.0 0.00017968731071960065
892.0 4.509909388161759e-05
893.0 1.644547453945322e-10
894.0 1.644547453945322e-10
895.0 1.3781333052520495e-05
896.0 2.5649123358562065e-05
897.0 3.7516960560424195e-05
898.0 8.821743335829524e-05
899.0 0.0001389179146826791
900.0 6.214530685610953e-05
901.0 1.644547453945322e-10
