lsstCam/transmission_filter_detector/r30_s02/g_6/19700101T000000.ecsv
# %ECSV 1.0
# ---
# datatype:
# - {name: wavelength, unit: nm, datatype: float32}
# - {name: efficiency, unit: '%', datatype: float64}
# meta: !!omap
# - {MODE: DETECTOR}
# - {TYPE: transmission_filter_detector}
# - {CALIBDATE: '1970-01-01T00:00:00'}
# - {INSTRUME: LSSTCam}
# - {OBSTYPE: transmission_filter_detector}
# - {CALIBCLS: lsst.ip.isr.IntermediateFilterDetectorTransmissionCurve}
# - {SOURCE: Materion (DM-46256)}
# - {DETECTOR: 119}
# - {FILTER: g_6}
# - {CALIB_ID: 'calibDate=1970-01-01T00:00:00 filter=g_6 detector=119'}
# - {DATE: '2025-04-02T15:59:42.579037'}
# - {CALIB_CREATION_DATE: '2025-04-02'}
# - {CALIB_CREATION_TIME: '15:59:42'}
# - __serialized_columns__:
#     efficiency:
#       __class__: astropy.units.quantity.Quantity
#       unit: !astropy.units.Unit {unit: '%'}
#       value: !astropy.table.SerializedColumn {name: efficiency}
#     wavelength:
#       __class__: astropy.units.quantity.Quantity
#       unit: !astropy.units.Unit {unit: nm}
#       value: !astropy.table.SerializedColumn {name: wavelength}
# schema: astropy-2.0
wavelength efficiency
300.0 0.3591557499021292
301.0 0.3121630288660526
302.0 0.2651702845469117
303.0 0.24695000611245632
304.0 0.22872972767800093
305.0 0.22530534770339727
306.0 0.221880991011858
307.0 0.2151870634406805
308.0 0.20849318243563175
309.0 0.20467645954340696
310.0 0.2008597133681178
311.0 0.20168130286037922
312.0 0.2025028457865119
313.0 0.19109119893983006
314.0 0.17967952881008387
315.0 0.1783966552466154
316.0 0.17711377004161477
317.0 0.17200703732669353
318.0 0.1669003046117723
319.0 0.15881641302257776
320.0 0.15073252143338323
321.0 0.13830807292833924
322.0 0.12588363606482744
323.0 0.11432461906224489
324.0 0.10276560205966234
325.0 0.09200022905133665
326.0 0.08123485022224486
327.0 0.07318270509131253
328.0 0.0651305599603802
329.0 0.06235768087208271
330.0 0.059584801783785224
331.0 0.05466875736601651
332.0 0.04975271294824779
333.0 0.04762681492138654
334.0 0.04550091689452529
335.0 0.042664361535571516
336.0 0.03982780617661774
337.0 0.04013136785943061
338.0 0.04043492954224348
339.0 0.0397480878746137
340.0 0.039061246206983924
341.0 0.03748586168512702
342.0 0.035910477163270116
343.0 0.03289869346190244
344.0 0.029886909760534763
345.0 0.02641619648784399
346.0 0.022945486125536263
347.0 0.021097973512951285
348.0 0.01925046235555783
349.0 0.01774608244886622
350.0 0.6380735896527767
351.0 1.0689589194953442
352.0 0.5329417996108532
353.0 0.8603215217590332
354.0 0.5413172300904989
355.0 0.8033433929085732
356.0 0.6417918018996716
357.0 0.7475255057215691
358.0 0.6596241611987352
359.0 0.7510991301387548
360.0 0.6732386071234941
361.0 0.7778210565447807
362.0 0.5369307938963175
363.0 0.6963613443076611
364.0 0.5725983530282974
365.0 0.7711339741945267
366.0 0.4459322430193424
367.0 0.7472479715943336
368.0 0.38176802918314934
369.0 0.5998497828841209
370.0 0.5291983019560575
371.0 0.6542970892041922
372.0 0.3772056195884943
373.0 0.6883572321385145
374.0 0.4512394778430462
375.0 0.558673869818449
376.0 0.40749581530690193
377.0 0.5921458825469017
378.0 0.3631447209045291
379.0 0.5202430300414562
380.0 0.4048168659210205
381.0 0.5934933666139841
382.0 0.5927074234932661
383.0 0.4547326825559139
384.0 0.5540437996387482
385.0 0.5945531651377678
386.0 0.6847907789051533
387.0 0.7269894238561392
388.0 0.8779720403254032
389.0 1.1279860511422157
390.0 1.5948457643389702
391.0 2.4958619847893715
392.0 3.9530400186777115
393.0 6.330808997154236
394.0 9.571130573749542
395.0 13.98434042930603
396.0 19.495761394500732
397.0 26.54954195022583
398.0 34.78791117668152
399.0 44.01236176490784
400.0 53.35434079170227
401.0 62.487274408340454
402.0 71.04135751724243
403.0 78.3756971359253
404.0 83.80160331726074
405.0 88.0351722240448
406.0 90.40523767471313
407.0 92.30338335037231
408.0 93.48267316818237
409.0 93.98948550224304
410.0 94.30519938468933
411.0 94.17550563812256
412.0 93.82139444351196
413.0 93.52757334709167
414.0 93.43048930168152
415.0 93.52428913116455
416.0 93.87168288230896
417.0 94.18267011642456
418.0 94.674551486969
419.0 95.18530368804932
420.0 95.71718573570251
421.0 96.33881449699402
422.0 96.52162790298462
423.0 96.77172303199768
424.0 96.6519296169281
425.0 96.51054739952087
426.0 96.45211100578308
427.0 96.50839567184448
428.0 96.34258151054382
429.0 96.11532688140869
430.0 96.00012302398682
431.0 96.02336287498474
432.0 96.11422419548035
433.0 96.14869356155396
434.0 96.23412489891052
435.0 96.37672901153564
436.0 96.46998047828674
437.0 96.44786715507507
438.0 96.51712775230408
439.0 96.57369256019592
440.0 96.53918147087097
441.0 96.69647216796875
442.0 96.62769436836243
443.0 96.64310216903687
444.0 96.58931493759155
445.0 96.35090231895447
446.0 96.25532031059265
447.0 96.02476358413696
448.0 95.95627188682556
449.0 96.12372517585754
450.0 96.35918140411377
451.0 96.53647541999817
452.0 96.72801494598389
453.0 96.89909219741821
454.0 96.96668982505798
455.0 97.25145697593689
456.0 97.30436205863953
457.0 97.46775031089783
458.0 97.48431444168091
459.0 97.56697416305542
460.0 97.557932138443
461.0 97.65464663505554
462.0 97.57249355316162
463.0 97.5248634815216
464.0 97.63417840003967
465.0 97.55298495292664
466.0 97.57056832313538
467.0 97.51812815666199
468.0 97.61107563972473
469.0 97.6087212562561
470.0 97.49398827552795
471.0 97.38960266113281
472.0 97.41023182868958
473.0 97.27118015289307
474.0 97.21106290817261
475.0 97.28113412857056
476.0 97.25712537765503
477.0 97.27922677993774
478.0 97.36361503601074
479.0 97.3227858543396
480.0 97.51362204551697
481.0 97.61790037155151
482.0 97.77562022209167
483.0 97.71639108657837
484.0 97.90461659431458
485.0 97.89981245994568
486.0 97.94119000434875
487.0 97.98139333724976
488.0 97.95228838920593
489.0 98.07579517364502
490.0 98.03017973899841
491.0 98.03367853164673
492.0 97.99363017082214
493.0 97.9984998703003
494.0 97.94105887413025
495.0 98.05017113685608
496.0 97.82450795173645
497.0 97.79358506202698
498.0 97.55972027778625
499.0 97.62060642242432
500.0 97.53599166870117
501.0 97.55579233169556
502.0 97.45369553565979
503.0 97.54799008369446
504.0 97.39571809768677
505.0 97.4022924900055
506.0 97.43092060089111
507.0 97.38757014274597
508.0 97.39823937416077
509.0 97.36745357513428
510.0 97.3207950592041
511.0 97.33842611312866
512.0 97.20951318740845
513.0 97.32012152671814
514.0 97.26879596710205
515.0 97.29844927787781
516.0 97.40704298019409
517.0 97.42396473884583
518.0 97.49699234962463
519.0 97.51325845718384
520.0 97.55998849868774
521.0 97.65837788581848
522.0 97.66507744789124
523.0 97.64375686645508
524.0 97.63164520263672
525.0 97.62288331985474
526.0 97.73382544517517
527.0 97.7476418018341
528.0 97.82761335372925
529.0 97.8706955909729
530.0 97.90355563163757
531.0 98.06807041168213
532.0 97.96912670135498
533.0 97.95835614204407
534.0 97.96354174613953
535.0 97.81948328018188
536.0 97.48797416687012
537.0 97.02159762382507
538.0 96.36341333389282
539.0 95.10790705680847
540.0 93.56127381324768
541.0 91.12305641174316
542.0 88.52816224098206
543.0 85.01942753791809
544.0 80.5889368057251
545.0 76.56826972961426
546.0 71.66361212730408
547.0 67.11205244064331
548.0 62.483274936676025
549.0 58.24339985847473
550.0 54.938554763793945
551.0 51.687854528427124
552.0 49.26332235336304
553.0 46.773919463157654
554.0 44.03370916843414
555.0 41.009122133255005
556.0 37.009844183921814
557.0 32.301804423332214
558.0 27.016377449035645
559.0 21.699808537960052
560.0 16.4433091878891
561.0 11.453884840011597
562.0 7.527551054954529
563.0 4.535068571567535
564.0 2.5400718674063683
565.0 1.2567595578730106
566.0 0.6622110493481159
567.0 0.3370721824467182
568.0 0.18948853248730302
569.0 0.10987647110596299
570.0 0.08764845551922917
571.0 0.057640200247988105
572.0 0.05359684000723064
573.0 0.0328937778249383
574.0 0.044791633263230324
575.0 0.027478227275423706
576.0 0.03219695936422795
577.0 0.028684327844530344
578.0 0.029794673901051283
579.0 0.022271269699558616
580.0 0.0357647892087698
581.0 0.023381231585517526
582.0 0.024852532078512013
583.0 0.02230292302556336
584.0 0.0253105943556875
585.0 0.020521681290119886
586.0 0.02377527125645429
587.0 0.012174028961453587
588.0 0.026515396893955767
589.0 0.01896372123155743
590.0 0.014299232861958444
591.0 0.014438565995078534
592.0 0.023472555039916188
593.0 0.00963322672760114
594.0 0.00968246822594665
595.0 0.013478618348017335
596.0 0.023483551922254264
597.0 0.01138267180067487
598.0 0.002573305755504407
599.0 0.010329593351343647
600.0 0.009890461660688743
601.0 0.0021627562091453
602.0 0.0021374300558818504
603.0 0.0021121037207194604
604.0 0.0019597970094764605
605.0 0.00180748993443558
606.0 0.0018493446987122297
607.0 0.0018911996448878199
608.0 0.0018931637896457687
609.0 0.0018951275706058368
610.0 0.0018774635464069434
611.0 0.00185979952220805
612.0 0.001820962097554002
613.0 0.0017821244910010137
614.0 0.0017283849956584163
615.0 0.0016746456822147593
616.0 0.0015676750990678556
617.0 0.0014607041521230713
618.0 0.0015905014151940122
619.0 0.001720299042062834
620.0 0.0015618601537426002
621.0 0.0014034213563718367
622.0 0.0014164833373797592
623.0 0.0014295448636403307
624.0 0.0013956005204818211
625.0 0.001361656359222252
626.0 0.0013865186701877974
627.0 0.0014113808902038727
628.0 0.0014064148672332522
629.0 0.0014014487533131614
630.0 0.0014242402357922401
631.0 0.0014470314454229083
632.0 0.0014099849067861214
633.0 0.0013729382771998644
634.0 0.001385527320962865
635.0 0.0013981162737763952
636.0 0.0013977687558508478
637.0 0.0013974213288747706
638.0 0.0012569875252665952
639.0 0.00111655381260789
640.0 0.001217661065311404
641.0 0.0013187682270654477
642.0 0.001223350682266755
643.0 0.0011279330465185922
644.0 0.001087384134734748
645.0 0.0010468354957993142
646.0 0.0011198755601071753
647.0 0.0011929155334655661
648.0 0.0012251731277501676
649.0 0.0012574307220347691
650.0 0.0011643584912235383
651.0 0.0010712861694628373
652.0 0.0011355722563166637
653.0 0.0011998585250694305
654.0 0.0011458058907010127
655.0 0.0010917535291810054
656.0 0.0010676523743313737
657.0 0.0010435514923301525
658.0 0.0010771825145639013
659.0 0.0011108137186965905
660.0 0.0010430507245473564
661.0 0.000975287639448652
662.0 0.0010846424629562534
663.0 0.0011939974683627952
664.0 0.0011786883078457322
665.0 0.0011633789654297289
666.0 0.0011777385225286707
667.0 0.001192097715829732
668.0 0.0011808641829702538
669.0 0.0011696305591613054
670.0 0.0012021389011351857
671.0 0.001234647243109066
672.0 0.001139281812356785
673.0 0.001043916472553974
674.0 0.0010316875886928756
675.0 0.0010194585229328368
676.0 0.0010637143532221671
677.0 0.001107969910663087
678.0 0.0010237024071102496
679.0 0.0009394349945068825
680.0 0.0009706021046440583
681.0 0.0010017694876296446
682.0 0.0010384267625340726
683.0 0.0010750840374385007
684.0 0.0010216815098829102
685.0 0.0009682788913778495
686.0 0.0009796534868655726
687.0 0.0009910279914038256
688.0 0.0010283729352522641
689.0 0.0010657176062522922
690.0 0.0011147273653477896
691.0 0.001163737124443287
692.0 0.0010984407708747312
693.0 0.0010331445082556456
694.0 0.0010512028893572278
695.0 0.00106926127045881
696.0 0.0011092516615462955
697.0 0.0011492421435832512
698.0 0.0011397261914680712
699.0 0.001130210148403421
700.0 0.0012117708138248418
701.0 0.0012933315701957326
702.0 0.0012150840120739304
703.0 0.0011368363630026579
704.0 0.0011292941053397954
705.0 0.0011217516657779925
706.0 0.001121297464123927
707.0 0.0011208430805709213
708.0 0.0011069136235164478
709.0 0.0010929842574114446
710.0 0.0011843063475680538
711.0 0.0012756285286741331
712.0 0.0013037276403338183
713.0 0.0013318266610440332
714.0 0.00132444820337696
715.0 0.001317069836659357
716.0 0.001445687212253688
717.0 0.0015743045878480189
718.0 0.0017311635019723326
719.0 0.001888022779894527
720.0 0.0016867552403709851
721.0 0.0014854877917969134
722.0 0.001548103682580404
723.0 0.0016107196643133648
724.0 0.00165638357429998
725.0 0.0017020473023876548
726.0 0.001742852145980578
727.0 0.001783656989573501
728.0 0.001943071220011916
729.0 0.002102485450450331
730.0 0.002092863360303454
731.0 0.0020832418158533983
732.0 0.0018850978449336253
733.0 0.001686954237811733
734.0 0.0014216719137039036
735.0 0.0011563891348487232
736.0 0.0010609772289171815
737.0 0.0009655653229856398
738.0 0.0009535055141896009
739.0 0.0009414457963430323
740.0 0.0009283186955144629
741.0 0.0009151915037364233
742.0 0.0009653772394813132
743.0 0.0010155631571251433
744.0 0.0009499724910710938
745.0 0.0008843819159665145
746.0 0.0007394447493425105
747.0 0.0005945075827185065
748.0 0.0007492355962313013
749.0 0.000903963518794626
750.0 0.000928386998566566
751.0 0.0009528105692879763
752.0 0.0009182493158732541
753.0 0.0008836879715090618
754.0 0.0008879959750629496
755.0 0.0008923039786168374
756.0 0.0008972986506705638
757.0 0.0009022934136737604
758.0 0.0009202055480272975
759.0 0.000938117864279775
760.0 0.0009090820640267339
761.0 0.0008800460818747524
762.0 0.0008149020686687436
763.0 0.0007497580554627348
764.0 0.0007617787105118623
765.0 0.0007737995474599302
766.0 0.0006997848686296493
767.0 0.0006257700533751631
768.0 0.000643123939880752
769.0 0.0006604777809116058
770.0 0.0007208772785816109
771.0 0.000781276776251616
772.0 0.0006994828709139256
773.0 0.000617688874626765
774.0 0.0005987786607875023
775.0 0.0005798684924229747
776.0 0.0006609179308725288
777.0 0.000741967369322083
778.0 0.000682261497786385
779.0 0.0006225557172001572
780.0 0.0006106361979618669
781.0 0.0005987166332488414
782.0 0.0005870295808563242
783.0 0.000575342528463807
784.0 0.00047031990106916055
785.0 0.0003652972509371466
786.0 0.0003743467459571548
787.0 0.0003833962182397954
788.0 0.00035120667689625407
789.0 0.00031901715829008026
790.0 0.0003972894319304032
791.0 0.00047556172830809373
792.0 0.00038373536881408654
793.0 0.0002919090320574469
794.0 0.0003333912218295154
795.0 0.00037487336612684885
796.0 0.00031511467568634544
797.0 0.0002553559625084745
798.0 0.00025466258648521034
799.0 0.00025396923319931375
800.0 0.0003740828333320678
801.0 0.0004941965016769245
802.0 0.0004775068191520404
803.0 0.0004608171821018914
804.0 0.00046489744818245526
805.0 0.00046897766878828406
806.0 0.0004374108357296791
807.0 0.0004058440026710741
808.0 0.0003898989689332666
809.0 0.00037395398067019414
810.0 0.00035981070141133387
811.0 0.0003456673312030034
812.0 0.00037282247831171844
813.0 0.00039997767089516856
814.0 0.0004018423169327434
815.0 0.0004037068720208481
816.0 0.0004811612143384991
817.0 0.0005586155566561501
818.0 0.00047826288209762424
819.0 0.00039791016206436325
820.0 0.00041246876207878813
821.0 0.0004270273166184779
822.0 0.0004573212208924815
823.0 0.00048761507969175
824.0 0.00043088152779091615
825.0 0.0003741479076779797
826.0 0.00041065659388550557
827.0 0.00044716521188092884
828.0 0.00041850348679872695
829.0 0.00038984176171652507
830.0 0.0004000576609541895
831.0 0.0004102735147171188
832.0 0.00039820583879190963
833.0 0.00038613816286670044
834.0 0.0003200130549885216
835.0 0.0002538879471103428
836.0 0.00035907178244087845
837.0 0.0004642556632461492
838.0 0.0005656615940097254
839.0 0.0006670675702480366
840.0 0.0005835002411913592
841.0 0.0004999329121346818
842.0 0.0005140230769029586
843.0 0.0005281132416712353
844.0 0.000626438941253582
845.0 0.0007247646408359287
846.0 0.000572115322938771
847.0 0.00041946595956687815
848.0 0.00041745206544874236
849.0 0.0004154381258558715
850.0 0.0003427575848036213
851.0 0.000270076998276636
852.0 0.00023388874978991225
853.0 0.00019770047856582096
854.0 0.00035460298022371717
855.0 0.0005115055046189809
856.0 0.0004125274244870525
857.0 0.00031354938982985914
858.0 0.00039462584027205594
859.0 0.00047570233618898783
860.0 0.00047841222112765536
861.0 0.000481122151541058
862.0 0.0005469811185321305
863.0 0.0006128401309979381
864.0 0.0004878200797975296
865.0 0.0003627999603850185
866.0 0.0004678873665397987
867.0 0.0005729746590077411
868.0 0.0004529117632046109
869.0 0.0003328488219267456
870.0 0.0003745747335415217
871.0 0.0004163006906310329
872.0 0.0004319247636885848
873.0 0.00044754888222087175
874.0 0.000466216715722112
875.0 0.0004848845492233522
876.0 0.0004766998245031573
877.0 0.00046851509978296235
878.0 0.000522786695000832
879.0 0.0005770582447439665
880.0 0.0006699042842228664
881.0 0.0007627503691765014
882.0 0.0005752973265771288
883.0 0.00038784432945249137
884.0 0.00044021635403623804
885.0 0.0004925883331452496
886.0 0.0005596325081569375
887.0 0.0006266766831686255
888.0 0.0006525900516862748
889.0 0.0006785033747291891
890.0 0.0006170080723677529
891.0 0.0005555127700063167
892.0 0.0005876242994418135
893.0 0.0006197359653015155
894.0 0.0004941936367686139
895.0 0.00036865142192255007
896.0 0.0003864174232148798
897.0 0.0004041834472445771
898.0 0.0003897091119142715
899.0 0.0003752347311092308
900.0 0.0003791474682657281
901.0 0.0003830602508969605
902.0 0.0003750172936634044
903.0 0.00036697429095511325
904.0 0.0004416339834278915
905.0 0.0005162936759006698
906.0 0.00048021029215306044
