lsstCam/transmission_filter_detector/r30_s02/g_6/19700101T000000.ecsv
# %ECSV 1.0
# ---
# datatype:
# - {name: wavelength, unit: nm, datatype: float32}
# - {name: efficiency, unit: '%', datatype: float64}
# meta: !!omap
# - {MODE: DETECTOR}
# - {TYPE: transmission_filter_detector}
# - {CALIBDATE: '1970-01-01T00:00:00'}
# - {INSTRUME: LSSTCam}
# - {OBSTYPE: transmission_filter_detector}
# - {CALIBCLS: lsst.ip.isr.IntermediateFilterDetectorTransmissionCurve}
# - {SOURCE: Materion (DM-46256)}
# - {DETECTOR: 119}
# - {FILTER: g_6}
# - {CALIB_ID: 'calibDate=1970-01-01T00:00:00 filter=g_6 detector=119'}
# - {DATE: '2025-04-02T15:59:42.579037'}
# - {CALIB_CREATION_DATE: '2025-04-02'}
# - {CALIB_CREATION_TIME: '15:59:42'}
# - __serialized_columns__:
#     efficiency:
#       __class__: astropy.units.quantity.Quantity
#       unit: !astropy.units.Unit {unit: '%'}
#       value: !astropy.table.SerializedColumn {name: efficiency}
#     wavelength:
#       __class__: astropy.units.quantity.Quantity
#       unit: !astropy.units.Unit {unit: nm}
#       value: !astropy.table.SerializedColumn {name: wavelength}
# schema: astropy-2.0
wavelength efficiency
[from data line 608]
908.0 0.0004237614120938815
909.0 0.000403395961257047
910.0 0.00044795465328206774
911.0 0.0004925133907818235
912.0 0.0004981593974662246
913.0 0.0005038054496253608
914.0 0.0005048305865784641
915.0 0.0005058556780568324
916.0 0.00042577630665618926
917.0 0.00034569695799291367
918.0 0.00039119490793382283
919.0 0.00043669292608683463
920.0 0.00046678637772856746
921.0 0.0004968798748450354
922.0 0.0004602063199854456
923.0 0.0004235327651258558
924.0 0.0004411434474604903
925.0 0.0004587540388456546
926.0 0.0004625538622349268
927.0 0.0004663535946747288
928.0 0.0005256766598904505
929.0 0.0005849997251061723
930.0 0.0005063160188001348
931.0 0.0004276323124940973
932.0 0.0004755494046548847
933.0 0.0005234665877651423
934.0 0.0005437914751382777
935.0 0.0005641164534608833
936.0 0.0004965023435943294
937.0 0.0004288883701519808
938.0 0.0004856833129451843
939.0 0.0005424784831120633
940.0 0.0006224405296961777
941.0 0.000702402485330822
942.0 0.000723750599718187
943.0 0.0007450987141055521
944.0 0.0007235103112179786
945.0 0.0007019219083304051
946.0 0.0007944769095047377
947.0 0.0008870319106790703
948.0 0.0008103463187580928
949.0 0.0007336607268371154
950.0 0.0007557630851806607
951.0 0.0007778653525747359
952.0 0.0008826635166769847
953.0 0.0009874615898297634
954.0 0.0008577496373618487
955.0 0.0007280373665707884
956.0 0.0006360455699905287
957.0 0.0005440538188850041
958.0 0.0006657824997091666
959.0 0.000787511180533329
960.0 0.0007673109394090716
961.0 0.0007471105163858738
962.0 0.0006982266768318368
963.0 0.0006493427463283297
964.0 0.0005959396730759181
965.0 0.0005425364633993013
966.0 0.0006127651431597769
967.0 0.0006829938683949877
968.0 0.0006605902854062151
969.0 0.0006381867024174426
970.0 0.0006296908850345062
971.0 0.0006211950221768348
972.0 0.0007132877726689912
973.0 0.0008053804776864126
974.0 0.0008711889677215368
975.0 0.0009369973668071907
976.0 0.0008634597179479897
977.0 0.0007899221600382589
978.0 0.0008855884516378865
979.0 0.000981254743237514
980.0 0.0009597893040336203
981.0 0.0009383237738802563
982.0 0.0009471089470025618
983.0 0.0009558942110743374
984.0 0.0010919624401140027
985.0 0.0012280305782041978
986.0 0.0012671352124016266
987.0 0.0013062398465990555
988.0 0.0012909885299450252
989.0 0.0012757369404425845
990.0 0.0013097896953695454
991.0 0.0013438421774480958
992.0 0.0013231120647105854
993.0 0.0013023818610236049
994.0 0.0013597674296761397
995.0 0.0014171530892781448
996.0 0.0013570264854934067
997.0 0.0012968997907591984
998.0 0.001259059899894055
999.0 0.0012212200999783818
1000.0 0.001279118350794306
1001.0 0.0013370166016102303
1002.0 0.0013450748156174086
1003.0 0.001353133029624587
1004.0 0.0013085559658065904
1005.0 0.0012639789019885939
1006.0 0.0013977866728964727
1007.0 0.0015315943528548814
1008.0 0.0014646279851149302
1009.0 0.0013976617083244491
1010.0 0.0015340834579546936
1011.0 0.0016705052985344082
1012.0 0.0017691918401396833
1013.0 0.0018678783817449585
1014.0 0.0020179486455162987
1015.0 0.0021680185454897583
1016.0 0.0023443231839337386
1017.0 0.0025206274585798383
1018.0 0.0026855483156396076
1019.0 0.002850469172699377
1020.0 0.0031053092243382707
1021.0 0.0033601492759771645
1022.0 0.0034720476833172143
1023.0 0.003583946090657264
1024.0 0.0037100337067386135
1025.0 0.0038361209590220824
1026.0 0.004085898035555147
1027.0 0.004335675112088211
1028.0 0.004633383650798351
1029.0 0.00493109218950849
1030.0 0.004891890421276912
1031.0 0.004852689016843215
1032.0 0.005019561285735108
1033.0 0.005186433554627001
1034.0 0.0053903157095192
1035.0 0.005594197864411399
1036.0 0.00563285757380072
1037.0 0.005671517283190042
1038.0 0.005898744348087348
1039.0 0.006125971412984654
1040.0 0.006142273196019232
1041.0 0.00615857497905381
1042.0 0.006452668458223343
1043.0 0.006746762664988637
1044.0 0.006960831524338573
1045.0 0.007174899656092748
1046.0 0.00811140489531681
1047.0 0.009047908679349348
1048.0 0.010197173833148554
1049.0 0.01134643898694776
1050.0 0.013438420137390494
1051.0 0.015530399105045944
1052.0 0.01867872051661834
1053.0 0.021827041928190738
1054.0 0.026563755818642676
1055.0 0.031300465343520045
1056.0 0.037383753806352615
1057.0 0.04346703935880214
1058.0 0.05072276690043509
1059.0 0.057978497352451086
1060.0 0.06646636174991727
1061.0 0.07495423196814954
1062.0 0.08235506829805672
1063.0 0.08975588134489954
1064.0 0.09609422413632274
1065.0 0.10243254946544766
1066.0 0.10831482941284776
1067.0 0.11419713264331222
1068.0 0.12116108555346727
1069.0 0.12812503846362233
1070.0 0.1379260211251676
1071.0 0.14772698050364852
1072.0 0.15906220069155097
1073.0 0.1703974325209856
1074.0 0.18329123267903924
1075.0 0.19618503283709288
1076.0 0.20909656304866076
1077.0 0.222008116543293
1078.0 0.23404730018228292
1079.0 0.24608650710433722
1080.0 0.2619264181703329
1081.0 0.27776630595326424
1082.0 0.3000105731189251
1083.0 0.3222548635676503
1084.0 0.360959954559803
1085.0 0.39966502226889133
1086.0 0.4375085700303316
1087.0 0.47535207122564316
1088.0 0.5290904548019171
1089.0 0.582828838378191
1090.0 0.657766917720437
1091.0 0.7327050436288118
1092.0 0.7856849581003189
1093.0 0.8386651054024696
1094.0 0.8778818883001804
1095.0 0.9170988574624062
1096.0 0.9629514068365097
1097.0 1.0088039562106133
1098.0 1.0826201178133488
1099.0 1.1564363725483418
1100.0 1.2730741873383522
1101.0 1.3897120952606201
