comCamSim/transmission_filter/i_06/19700101T000000.ecsv
# %ECSV 1.0
# ---
# datatype:
# - {name: wavelength, unit: nm, datatype: float64}
# - {name: efficiency, unit: '%', datatype: float64}
# meta: !!omap
# - {MODE: DETECTOR}
# - {TYPE: transmission_filter}
# - {CALIBDATE: '1970-01-01T00:00:00'}
# - {INSTRUME: comCamSim}
# - {OBSTYPE: transmission_filter}
# - {CALIBCLS: lsst.ip.isr.IntermediateFilterTransmissionCurve}
# - {SOURCE: 'https://github.com/lsst/throughputs'}
# - {FILTER: i_06}
# - {VERSION: 1.9}
# - {CALIB_ID: 'calibDate=1970-01-01T00:00:00 filter=i_06'}
<<<<<<< HEAD
# - {DATE: '2024-02-24T07:14:45.069926'}
# - {CALIB_CREATION_DATE: '2024-02-24'}
# - {CALIB_CREATION_TIME: '07:14:45'}
=======
# - {DATE: '2024-02-23T21:01:37.343173'}
# - {CALIB_CREATION_DATE: '2024-02-23'}
# - {CALIB_CREATION_TIME: '21:01:37'}
>>>>>>> da73719 (update files with correct INSTRUME metadata field)
# - __serialized_columns__:
#     efficiency:
#       __class__: astropy.units.quantity.Quantity
#       unit: !astropy.units.Unit {unit: '%'}
#       value: !astropy.table.SerializedColumn {name: efficiency}
#     wavelength:
#       __class__: astropy.units.quantity.Quantity
#       unit: !astropy.units.Unit {unit: nm}
#       value: !astropy.table.SerializedColumn {name: wavelength}
# schema: astropy-2.0
wavelength efficiency
301.0000000000002 0.009884459766905001
540.8000000000548 0.009884459766905001
607.0000000000698 0.009884459766905001
643.9000000000782 0.009884459766905001
657.5000000000813 0.009884459766905001
658.3000000000815 0.009884459766905001
660.600000000082 0.08994858388005116
661.4000000000822 0.09785615169276562
663.3000000000826 0.1143631995038257
665.7000000000832 0.15162761282613088
668.0000000000837 0.23920392636836416
670.0000000000841 0.5080612320438639
671.0000000000844 0.8045950250690915
671.7000000000845 1.1616217118497814
672.0000000000846 1.3146331490649152
672.9000000000848 2.0227558467661506
674.000000000085 3.11360482667384
676.0000000000855 5.469071589144392
678.300000000086 8.536911367003489
678.9000000000862 9.37847427155797
679.4000000000863 10.280628914526867
680.0000000000864 11.423470152787528
681.0000000000866 13.453738188948638
681.4000000000867 14.442974922420715
682.0000000000869 15.926830022646174
682.9000000000871 18.33231215152072
684.1000000000873 21.815793462600354
685.0000000000875 24.491714410718597
686.0000000000878 27.70614072695231
687.8000000000882 34.23324488943333
689.0000000000884 38.54445086139462
690.0000000000887 42.485384970472026
691.1000000000889 47.01365367893274
692.3000000000892 52.5306648978388
692.8000000000893 54.85796094995711
693.6000000000895 58.8580041284703
693.9000000000896 60.39256650728265
695.0000000000898 65.63676663662291
695.2000000000899 66.67661180410155
695.4000000000899 67.71645697158021
695.5000000000899 68.23637955531953
695.80000000009 69.79614730653749
695.90000000009 70.31606989027682
697.1000000000903 76.13673171322691
697.3000000000903 77.2016834085135
698.0000000000905 80.92901434192379
698.2000000000905 81.78896234164472
698.3000000000906 82.21893634150518
698.4000000000906 82.64891034136565
698.8000000000907 84.36880634080752
699.3000000000908 86.29775866425265
700.000000000091 88.79210208638334
700.200000000091 89.39841484848543
701.0000000000912 91.82366589681277
701.6000000000913 93.10943642329205
702.1000000000914 94.10381307577246
703.0000000000916 95.33857978979312
703.3000000000917 95.54911878282823
704.0000000000919 96.04037643321628
704.800000000092 96.36458671357083
705.0000000000921 96.44563928363044
706.1000000000923 96.5490307327964
707.5000000000927 96.72635794101271
708.1000000000928 96.78615892259525
708.800000000093 96.81037584902417
710.1000000000932 96.67812177735838
710.2000000000933 96.69808838608753
710.5000000000933 96.757988212275
711.0000000000935 96.85782125590275
711.9000000000937 96.8640484655559
713.0000000000939 96.86968260764095
713.400000000094 96.94875828577621
713.600000000094 96.98829612484383
714.1000000000942 97.0691510057202
714.8000000000943 97.0816054250265
714.9000000000943 97.08338462778455
716.1000000000946 96.79307804445646
716.2000000000946 96.82223720076884
716.5000000000947 96.90971466970596
716.7000000000947 96.96803298233073
717.0000000000948 97.05551045123991
717.700000000095 97.05343471468886
719.2000000000953 96.95824736714874
719.5000000000954 97.00509970644389
719.9000000000955 97.06756949217075
720.0000000000955 97.08318693856555
720.4000000000956 96.99106377353797
720.8000000000957 96.89894060851039
722.200000000096 96.4397086077473
722.5000000000961 96.39374586983119
722.9000000000962 96.33246221927637
724.1000000000964 96.00459468881314
724.6000000000965 95.95418394400191
726.0000000000969 95.79820716889238
726.500000000097 95.81105696658935
726.800000000097 95.81876684520753
729.1000000000976 95.65162063055122
730.4000000000979 95.66812767835123
730.900000000098 95.63649740709712
732.6000000000984 95.74838949166916
734.1000000000987 95.9418283692955
734.4000000000988 95.91899526723394
734.7000000000988 95.89616216517238
734.8000000000989 95.88855113115187
734.9000000000989 95.88094009713134
735.0000000000989 95.87332906316118
737.0000000000994 96.7639188881382
737.2000000000994 96.80760820030794
737.4000000000995 96.85129751247767
737.8000000000995 96.93867613681712
739.1000000000998 97.43151530077958
739.2000000000999 97.43784135503041
739.4000000000999 97.45049346353204
740.2000000001001 97.46176174764665
740.8000000001002 97.38169762353468
740.9000000001002 97.36835360284937
742.1000000001005 97.6534214225233
742.3000000001006 97.61961657012047
743.6000000001009 97.34947428468243
744.000000000101 97.24825741669875
745.4000000001013 97.2781084851887
745.8000000001014 97.26941016059382
747.1000000001017 97.54172702716008
747.2000000001017 97.52778993888874
747.6000000001018 97.4720415858034
748.0000000001019 97.41629323273385
749.2000000001021 97.43507370629086
749.7000000001022 97.44248705111605
751.4000000001026 97.36232408240909
751.9000000001028 97.38258722493126
752.3000000001028 97.43052685481162
753.000000000103 97.53292985797133
753.3000000001031 97.50268341108459
753.7000000001032 97.46235481523561
755.4000000001035 97.48568214029264
756.3000000001038 97.46314557202614
759.3000000001044 97.39168092790304
759.4000000001045 97.38248838031981
760.1000000001046 97.31646018907512
760.8000000001048 97.24034984886994
760.9000000001048 97.22947694312634
762.5000000001052 97.21810981440339
763.6000000001054 97.24707128152991
765.3000000001058 97.26011876842767
765.5000000001058 97.28384147186826
765.8000000001059 97.31942552702913
767.1000000001062 97.19211368523268
767.4000000001063 97.23125614590964
768.3000000001065 97.25972339000678
768.5000000001065 97.22651160518997
768.9000000001066 97.16008803555636
769.6000000001068 97.05867347835053
770.0000000001069 97.00213436849204
772.9000000001075 96.84586105957574
773.3000000001076 96.78260051705607
773.6000000001077 96.72714869776371
773.7000000001077 96.7086647579996
774.0000000001078 96.65321293874581
774.6000000001079 96.75699976629834
774.800000000108 96.79159537548252
776.2000000001083 96.7732102803051
776.5000000001083 96.79456071340162
777.1000000001085 96.8362731336169
779.1000000001089 96.97257983378198
779.300000000109 96.94707792758336
779.400000000109 96.93432697448404
780.0000000001091 96.85782125592303
780.4000000001092 96.93452466371423
780.7000000001093 96.99205221955762
780.8000000001093 97.01122807150544
781.6000000001095 96.9635849753923
781.8000000001095 96.93492004206826
783.4000000001099 96.92978012299398
784.3000000001101 96.8870792568189
784.8000000001102 96.91772108209629
785.4000000001104 96.99047070599066
786.0000000001105 97.08121004661429
786.5000000001106 96.99126146273541
786.7000000001107 96.95528202918388
786.9000000001107 96.91930259563233
787.0000000001107 96.90131287889115
789.2000000001112 97.19942818543787
789.5000000001113 97.17659508337631
790.0000000001114 97.1385399132941
790.9000000001116 97.23461686222844
791.2000000001117 97.19488133392541
791.4000000001117 97.14447058911418
791.6000000001118 97.09405984430296
792.400000000112 96.96398035379048
793.2000000001121 96.90566204116583
793.7000000001123 96.86958376301662
795.4000000001126 96.66112050653345
796.0000000001128 96.6225711134647
796.6000000001129 96.70204216999063
796.7000000001129 96.71528734607828
796.900000000113 96.7417776982536
797.100000000113 96.74177769822366
797.8000000001132 96.64906146561006
800.1000000001137 96.25991028461225
800.2000000001137 96.26890514300013
800.5000000001138 96.29588971816378
801.0000000001139 96.34086401007946
802.3000000001142 96.1510823825413
803.0000000001144 95.98502345843035
803.9000000001146 95.55979399925799
806.000000000115 94.13465258997762
807.0000000001153 92.89909511909016
808.0000000001155 91.4549755471126
810.000000000116 88.01617199414366
810.200000000116 87.564452182796
811.0000000001162 85.75757293737965
812.1000000001164 83.00573933824494
813.0000000001166 80.55933554588916
814.0000000001169 77.44474227331253
815.0000000001171 74.1235637916141
816.0000000001173 70.65214152141539
817.0000000001176 66.66178511347438
818.1000000001178 61.92465777022146
818.800000000118 59.112034743548
819.000000000118 58.308428164416206
819.7000000001182 55.00800704824588
819.9000000001182 54.06502958648293
822.1000000001187 44.27951326185062
822.2000000001187 43.81504249740365
822.6000000001188 41.95715943961576
824.0000000001191 35.54056353740018
826.7000000001198 24.560707939127713
827.3000000001199 22.286590280612568
827.80000000012 20.510847083487683
830.0000000001205 12.907127563297816
832.000000000121 7.463755569718793
833.0000000001212 5.221960094644004
834.0000000001214 3.473399161936198
834.3000000001215 3.092353237921924
835.0000000001216 2.2032460819377953
836.0000000001219 1.3373674063937024
837.0000000001221 0.7749416456833522
838.0000000001223 0.4309624458166236
840.0000000001228 0.14134777465861018
841.5000000001231 0.05881253560906864
843.8000000001236 0.009291392178813007
844.0000000001237 0.005930675859409427
844.7000000001239 0.0017792027573083837
846.5000000001243 0.0
855.8000000001264 0.009884459766905001
861.8000000001277 0.009884459766905001
891.0000000001344 0.009884459766905001
1099.900000000182 0.009884459766905001
