lsstCam/transmission_filter_detector/r31_s11/r_57/19700101T000000.ecsv
# %ECSV 1.0
# ---
# datatype:
# - {name: wavelength, unit: nm, datatype: float32}
# - {name: efficiency, unit: '%', datatype: float64}
# meta: !!omap
# - {MODE: DETECTOR}
# - {TYPE: transmission_filter_detector}
# - {CALIBDATE: '1970-01-01T00:00:00'}
# - {INSTRUME: LSSTCam}
# - {OBSTYPE: transmission_filter_detector}
# - {CALIBCLS: lsst.ip.isr.IntermediateFilterDetectorTransmissionCurve}
# - {SOURCE: Materion (DM-46256)}
# - {DETECTOR: 130}
# - {FILTER: r_57}
# - {CALIB_ID: 'calibDate=1970-01-01T00:00:00 filter=r_57 detector=130'}
# - {DATE: '2025-04-02T15:59:44.785584'}
# - {CALIB_CREATION_DATE: '2025-04-02'}
# - {CALIB_CREATION_TIME: '15:59:44'}
# - __serialized_columns__:
#     efficiency:
#       __class__: astropy.units.quantity.Quantity
#       unit: !astropy.units.Unit {unit: '%'}
#       value: !astropy.table.SerializedColumn {name: efficiency}
#     wavelength:
#       __class__: astropy.units.quantity.Quantity
#       unit: !astropy.units.Unit {unit: nm}
#       value: !astropy.table.SerializedColumn {name: wavelength}
# schema: astropy-2.0
wavelength efficiency
300.0 0.0018974824342876673
301.0 0.005297806637827307
302.0 0.00869813229655847
303.0 0.011386849655536935
304.0 0.014075568469706923
305.0 0.012418311962392181
306.0 0.010761054727481678
307.0 0.009096282155951485
308.0 0.007431508129229769
309.0 0.006855125684523955
310.0 0.006278741784626618
311.0 0.0059367499488871545
312.0 0.005594758113147691
313.0 0.005241008329903707
314.0 0.004887258182861842
315.0 0.004321454252931289
316.0 0.0037556506867986172
317.0 0.0035960703826276585
318.0 0.0034364882594672963
319.0 0.00339552789228037
320.0 0.003354567161295563
321.0 0.0030953335226513445
322.0 0.0028360986107145436
323.0 0.002696546107472386
324.0 0.002556993604230229
325.0 0.0022920601622899994
326.0 0.0020271270841476507
327.0 0.002110787681885995
328.0 0.002194448279624339
329.0 0.002333401789655909
330.0 0.002472354935889598
331.0 0.0022529811758431606
332.0 0.002033607233897783
333.0 0.001831131157814525
334.0 0.0016286550817312673
335.0 0.0014544963960361201
336.0 0.0012803375284420326
337.0 0.0011918383279407863
338.0 0.0011033391274395399
339.0 0.0009557576049701311
340.0 0.0008081762643996626
341.0 0.0007751752491458319
342.0 0.0007421741884172661
343.0 0.0007951073712320067
344.0 0.0008480403266730718
345.0 0.0008437094038526993
346.0 0.0008393784810323268
347.0 0.0008103716027108021
348.0 0.0007813649062882178
349.0 0.0007694343366893008
350.0 0.00247750649577938
351.0 0.004587391231325455
352.0 0.006697275239275768
353.0 0.0062384671764448285
354.0 0.00577965984120965
355.0 0.0046875215048203245
356.0 0.003595383168430999
357.0 0.004288353011361323
358.0 0.004981324673281051
359.0 0.004422091660671867
360.0 0.0038628590118605644
361.0 0.002823389513650909
362.0 0.0017839205611380748
363.0 0.0020070545360795222
364.0 0.0022301885110209696
365.0 0.0020767552996403538
366.0 0.001923322088259738
367.0 0.0023027596398605965
368.0 0.0026821970095625147
369.0 0.0037397789128590375
370.0 0.004797360088559799
371.0 0.004447417813935317
372.0 0.004097475903108716
373.0 0.003308185114292428
374.0 0.00251889432547614
375.0 0.0017993086657952517
376.0 0.001079722642316483
377.0 0.0019446930309641175
378.0 0.0028096632377128117
379.0 0.002436158865748439
380.0 0.0020626546756830066
381.0 0.002136150942533277
382.0 0.0022096472093835473
383.0 0.002871660217351746
384.0 0.0035336728615220636
385.0 0.004104616527911276
386.0 0.004675560921896249
387.0 0.004485391400521621
388.0 0.004295222242944874
389.0 0.0032702209864510223
390.0 0.00224521936615929
391.0 0.0018755923520075157
392.0 0.0015059655197546817
393.0 0.0015269461073330604
394.0 0.001547926694911439
395.0 0.0011859335245389957
396.0 0.0008239402632170822
397.0 0.0006821907845733222
398.0 0.0005404414423537673
399.0 0.000676886384098907
400.0 0.0008133315532177221
401.0 0.000825397000880912
402.0 0.0008374624485441018
403.0 0.0007325244951061904
404.0 0.0006275866780924844
405.0 0.0009167563803202938
406.0 0.0012059261280228384
407.0 0.0011631800589384511
408.0 0.0011204338079551235
409.0 0.0010855187611014117
410.0 0.0010506037142476998
411.0 0.001188056467071874
412.0 0.0013255092198960483
413.0 0.001790251917554997
414.0 0.002254994797112886
415.0 0.0020456629499676637
416.0 0.0018363314666203223
417.0 0.0015294972399715334
418.0 0.0012226630133227445
419.0 0.0018910535800387152
420.0 0.0025594439648557454
421.0 0.003976766674895771
422.0 0.0053940890211379156
423.0 0.008478590461891145
424.0 0.011563090811250731
425.0 0.0151746891788207
426.0 0.018786286818794906
427.0 0.019182459800504148
428.0 0.01957863278221339
429.0 0.015555480786133558
430.0 0.011532327334862202
431.0 0.00799485424067825
432.0 0.004457381146494299
433.0 0.00361242528015282
434.0 0.002767469413811341
435.0 0.0022371168597601354
436.0 0.0017067644876078703
437.0 0.0011645460290310439
438.0 0.0006223277978278929
439.0 0.0007779493898851797
440.0 0.0009335709364677314
441.0 0.00112689567686175
442.0 0.001320220690104179
443.0 0.0016206799045903608
444.0 0.0019211391190765426
445.0 0.001669598714215681
446.0 0.0014180583093548194
447.0 0.0013463582945405506
448.0 0.0012746580978273414
449.0 0.0012854692613473162
450.0 0.0012962801520188805
451.0 0.0013127823876857292
452.0 0.0013292843505041674
453.0 0.0014283746168075595
454.0 0.0015274647012120113
455.0 0.0012871685612481087
456.0 0.0010468724212842062
457.0 0.0008911021723179147
458.0 0.0007353316505032126
459.0 0.0009613410838937853
460.0 0.001187350517284358
461.0 0.0016663225324009545
462.0 0.0021452946384670213
463.0 0.0029633616577484645
464.0 0.0037814286770299077
465.0 0.004615048237610608
466.0 0.005448666706797667
467.0 0.006020757064106874
468.0 0.006592847057618201
469.0 0.0057181499869329855
470.0 0.00484345291624777
471.0 0.0036389839806361124
472.0 0.002434515226923395
473.0 0.0017532205674797297
474.0 0.0010719258170865942
475.0 0.0008276365406345576
476.0 0.0005833473096572561
477.0 0.000673092836223077
478.0 0.000762838408263633
479.0 0.0006769939318473917
480.0 0.0005911494554311503
481.0 0.0004939015525451396
482.0 0.00039665364965912886
483.0 0.00048335714382119477
484.0 0.0005700606834579958
485.0 0.0006377215413522208
486.0 0.0007053824447211809
487.0 0.0004989533408661373
488.0 0.00029252428248582873
489.0 0.000591083653489477
490.0 0.0008896429790183902
491.0 0.0008202791832445655
492.0 0.0007509156148444163
493.0 0.000845162048790371
494.0 0.0009394084372615907
495.0 0.0009894931281451136
496.0 0.001039577637129696
497.0 0.001017542581394082
498.0 0.0009955075256584678
499.0 0.001072846043825848
500.0 0.0011501846529426984
501.0 0.0012888760466012172
502.0 0.0014275672583607957
503.0 0.001762726969900541
504.0 0.002097886499541346
505.0 0.0025018183805514127
506.0 0.0029057504434604198
507.0 0.003687354546855204
508.0 0.004468958650249988
509.0 0.0048411046009277925
510.0 0.005213250915403478
511.0 0.004774501212523319
512.0 0.00433575150964316
513.0 0.0037072357372380793
514.0 0.003078719964832999
515.0 0.0028387727070366964
516.0 0.0025988256311393343
517.0 0.0026549980248091742
518.0 0.0027111700546811335
519.0 0.005995846368023194
520.0 0.09417441906407475
521.0 0.10020033223554492
522.0 0.09739884990267456
523.0 0.1225157524459064
524.0 0.047055838513188064
525.0 0.16788998618721962
526.0 0.05379414069466293
527.0 0.12339918175712228
528.0 0.08789076237007976
529.0 0.05585438339039683
530.0 0.13283926527947187
531.0 0.18459754064679146
532.0 0.2470152685418725
533.0 0.2656311495229602
534.0 0.2684549428522587
535.0 0.3993871621787548
536.0 0.589593080803752
537.0 0.7421800401061773
538.0 1.1930841021239758
539.0 1.8140610307455063
540.0 3.0016234144568443
541.0 4.413152113556862
542.0 6.622368097305298
543.0 9.417226165533066
544.0 12.75390237569809
545.0 16.602763533592224
546.0 21.253623068332672
547.0 26.92158818244934
548.0 34.35073494911194
549.0 42.316076159477234
550.0 49.29825961589813
551.0 57.24567174911499
552.0 63.08993697166443
553.0 68.41686964035034
554.0 73.01563620567322
555.0 77.10708975791931
556.0 80.92520236968994
557.0 83.88921022415161
558.0 87.3070478439331
559.0 91.04095697402954
560.0 91.87111854553223
561.0 93.50517392158508
562.0 94.64434385299683
563.0 95.10715007781982
564.0 95.208340883255
565.0 94.97090578079224
566.0 95.24919986724854
567.0 94.72740888595581
568.0 95.18566727638245
569.0 95.68362832069397
570.0 95.61600089073181
571.0 96.5493381023407
572.0 96.2803065776825
573.0 96.46791219711304
574.0 96.68052792549133
575.0 96.45063281059265
576.0 97.11232781410217
577.0 96.79427742958069
578.0 96.73587679862976
579.0 96.90085649490356
580.0 95.99775671958923
581.0 96.07834219932556
582.0 96.23266458511353
583.0 96.20490074157715
584.0 95.56099772453308
585.0 95.84051370620728
586.0 96.2234377861023
587.0 95.81620693206787
588.0 96.03797793388367
589.0 96.88662886619568
590.0 96.09501361846924
591.0 95.64687013626099
592.0 95.60495018959045
593.0 95.50843238830566
594.0 95.74161171913147
595.0 95.9460973739624
596.0 96.75049185752869
597.0 96.71983122825623
598.0 96.0486114025116
599.0 96.41112685203552
600.0 96.25095129013062
601.0 95.74242234230042
602.0 95.95818519592285
603.0 95.82450985908508
604.0 96.17652297019958
605.0 96.2524950504303
606.0 96.06736898422241
607.0 95.66300511360168
608.0 95.96737623214722
609.0 95.19138932228088
610.0 95.85826396942139
611.0 95.64067125320435
612.0 95.77099680900574
613.0 96.45212888717651
614.0 96.35812640190125
615.0 96.05075120925903
616.0 96.1274802684784
617.0 96.29422426223755
618.0 95.81054449081421
619.0 96.78746461868286
620.0 95.78546285629272
621.0 95.53219676017761
622.0 96.1155652999878
623.0 96.19284272193909
624.0 96.02471590042114
625.0 96.42345309257507
626.0 95.82271575927734
627.0 94.82492804527283
628.0 96.62732481956482
629.0 95.1357901096344
630.0 95.92379927635193
631.0 95.59450149536133
632.0 96.5249240398407
633.0 96.06173634529114
634.0 95.51124572753906
635.0 96.05276584625244
636.0 95.70038318634033
637.0 95.35694718360901
638.0 95.07930278778076
639.0 95.15714049339294
640.0 95.4199492931366
641.0 95.14686465263367
642.0 95.75976729393005
643.0 95.55594325065613
644.0 95.5940842628479
645.0 95.59476375579834
646.0 95.69337368011475
647.0 96.53777480125427
648.0 95.96360325813293
649.0 95.07744312286377
650.0 95.95574140548706
651.0 96.22766375541687
652.0 96.46909832954407
653.0 95.5702006816864
654.0 96.07237577438354
655.0 96.16914391517639
656.0 95.53077220916748
657.0 95.364910364151
658.0 96.03174924850464
659.0 96.04203701019287
660.0 95.17186880111694
661.0 94.8778510093689
662.0 95.57775259017944
663.0 95.39185762405396
664.0 95.17652988433838
665.0 95.03230452537537
666.0 95.29780149459839
667.0 95.31923532485962
668.0 94.87094283103943
669.0 95.67329287528992
670.0 95.42195796966553
671.0 95.43989300727844
672.0 95.03393173217773
673.0 95.17554044723511
674.0 94.79920268058777
675.0 95.31206488609314
676.0 95.03132700920105
677.0 93.88101100921631
678.0 93.16246509552002
679.0 92.53531694412231
680.0 91.65828227996826
681.0 90.40265083312988
682.0 88.40340375900269
683.0 85.66006422042847
684.0 82.34522938728333
685.0 78.77201437950134
686.0 75.37298798561096
687.0 70.45668959617615
688.0 66.25069379806519
689.0 61.55417561531067
690.0 56.48704171180725
691.0 52.2682785987854
692.0 47.456663846969604
693.0 43.223637342453
694.0 38.38416635990143
695.0 33.28862190246582
696.0 28.204521536827087
697.0 23.046529293060303
698.0 17.351852357387543
699.0 12.855198979377747
700.0 9.131443500518799
701.0 5.802004411816597
702.0 3.7509500980377197
703.0 2.1751191467046738
704.0 1.2620246969163418
705.0 0.7616211194545031
706.0 0.4787910729646683
707.0 0.3169395262375474
708.0 0.22033234126865864
709.0 0.19337437115609646
710.0 0.09728465229272842
711.0 0.04430533153936267
712.0 0.1086802571080625
713.0 0.05976379616186023
714.0 0.09413663065060973
715.0 0.053269852651283145
716.0 0.0037558576877927408
717.0 0.0674221315421164
718.0 0.02002537075895816
719.0 1.5926356370862815e-10
720.0 1.5926356370862815e-10
721.0 0.004725826147478074
722.0 0.004470963904168457
723.0 0.00421610166085884
724.0 0.00390397290175315
725.0 0.00359184414264746
726.0 0.0033642922062426805
727.0 0.003136740269837901
728.0 0.002985862738569267
729.0 0.0028349853891995735
730.0 0.0026753445126814768
731.0 0.00251570363616338
732.0 0.0024119579393300228
733.0 0.0023082126062945463
734.0 0.002184045661124401
735.0 0.0020598788978531957
736.0 0.001971071287698578
737.0 0.0018822636775439605
738.0 0.0018158472812501714
739.0 0.0017494307030574419
740.0 0.0016856180081958883
741.0 0.001621805495233275
742.0 0.0015269148207153194
743.0 0.0014320238733489532
744.0 0.0015312481991713867
745.0 0.0016304726159432903
746.0 0.001477566547691822
747.0 0.0013246602065919433
748.0 0.0013246462913230062
749.0 0.0013246321032056585
750.0 0.0012885826436104253
751.0 0.0012525333659141324
752.0 0.0012231396794959437
753.0 0.0011937462659261655
754.0 0.0011975338566116989
755.0 0.0012013212653982919
756.0 0.0011551393072295468
757.0 0.0011089572581113316
758.0 0.0010995686352543999
759.0 0.0010901801942964084
760.0 0.0010660636689863168
761.0 0.001041947143676225
762.0 0.0009825364031712525
763.0 0.0009231258445652202
764.0 0.0010033787475549616
765.0 0.0010836314686457627
766.0 0.0009717324246594217
767.0 0.0008598331078246702
768.0 0.0008363503184227739
769.0 0.000812867256172467
770.0 0.0008000505658856127
771.0 0.0007872337846492883
772.0 0.0008887577678251546
773.0 0.0009902815691020805
774.0 0.0010156564712815452
775.0 0.00104103137346101
776.0 0.0010713452866184525
777.0 0.0011016598364221863
778.0 0.0009403505828231573
779.0 0.0007790417839714792
780.0 0.0007875726623751689
781.0 0.0007961038136272691
782.0 0.0008363254892174155
783.0 0.0008765473467065021
784.0 0.0008338759471371304
785.0 0.0007912046385172289
786.0 0.0008314286787935998
787.0 0.0008716526281205006
788.0 0.0007103020834620111
789.0 0.0005489514478540514
790.0 0.0006160750672279391
791.0 0.000683198732076562
792.0 0.0007018039468675852
793.0 0.0007204090707091382
794.0 0.0007606378403579583
795.0 0.0008008666554815136
796.0 0.0006915380708960583
797.0 0.0005822095317853382
798.0 0.0006626020876865368
799.0 0.0007429948709614109
800.0 0.0007787871254549827
801.0 0.000814579107100144
802.0 0.000780241589382058
803.0 0.000745904071663972
804.0 0.0006586713880096795
805.0 0.000571438704355387
806.0 0.0006310448952717707
807.0 0.000690650949763949
808.0 0.0006801146810175851
809.0 0.000669578321321751
810.0 0.0007376871053565992
811.0 0.000805795662017772
812.0 0.000672873784424155
813.0 0.0005399517249315977
814.0 0.0005505026820173953
815.0 0.0005610536391031928
816.0 0.0006937330454093171
817.0 0.0008264125426649116
818.0 0.0006633308203163324
819.0 0.000500249007018283
820.0 0.0006017843134031864
821.0 0.0007033196197880898
822.0 0.0006703984126943396
823.0 0.0006374772510753246
824.0 0.0005720061835745582
825.0 0.0005065350705990568
826.0 0.0005115145540912636
827.0 0.0005164940375834703
828.0 0.0005226856046647299
829.0 0.0005288772626954596
830.0 0.0002244467850687215
831.0 1.5926356370862815e-10
832.0 1.5926356370862815e-10
833.0 1.5926356370862815e-10
834.0 1.5926356370862815e-10
835.0 5.6235546708194306e-05
836.0 7.25051393146714e-05
837.0 8.877472055246471e-05
838.0 0.0006548651526827598
839.0 0.0012209556189191062
840.0 0.0015529411030001938
841.0 0.001884926859929692
842.0 0.0021687312255380675
843.0 0.0024525359549443237
844.0 0.0024107661374728195
845.0 0.0023689963200013153
846.0 0.0020012732420582324
847.0 0.0016335499822162092
848.0 0.0015840410924283788
849.0 0.001534532020741608
850.0 0.0014963879948481917
851.0 0.0014582438780053053
852.0 0.0013812759789288975
853.0 0.0013043082617514301
854.0 0.0010821810974448454
855.0 0.0008600540240877308
856.0 0.0007312858087971108
857.0 0.0006025174116075505
858.0 0.0004980906851415057
859.0 0.00039366409509966616
860.0 0.00028935082809766755
861.0 0.00018503756109566893
862.0 0.0003008865633091773
863.0 0.00041673552004795056
864.0 0.0003160228970955359
865.0 0.00021531029688048875
866.0 0.00020739228148158873
867.0 0.0001994742206079536
868.0 9.890579804050503e-05
869.0 1.5926356370862815e-10
870.0 7.540095907643263e-05
871.0 0.00015246459952322766
872.0 0.00012612922546395566
873.0 9.979386277336744e-05
874.0 0.0001327681047769147
875.0 0.0001657423240430944
876.0 0.00014271474810811924
877.0 0.00011968719491051161
878.0 0.00011448295254012919
879.0 0.00010927873290711432
880.0 7.915991204754391e-05
881.0 4.904111392534105e-05
882.0 0.00013169866406315123
883.0 0.0002143562142009614
884.0 0.00011426207038311986
885.0 1.4167913775509078e-05
886.0 0.00010740405969045241
887.0 0.0002006401928156265
888.0 0.00019473266092973063
889.0 0.00018882512904383475
890.0 0.0001141177335739485
891.0 3.941034947274602e-05
892.0 3.981728582402866e-05
893.0 4.02242221753113e-05
894.0 1.5926356370862815e-10
895.0 1.5926356370862815e-10
896.0 1.5926356370862815e-10
897.0 1.6750209397287108e-05
898.0 5.6311955631827004e-05
899.0 9.587367912899936e-05
900.0 3.506107191242336e-05
