lsstCam/transmission_filter_detector/r31_s11/r_57/19700101T000000.ecsv
# %ECSV 1.0
# ---
# datatype:
# - {name: wavelength, unit: nm, datatype: float32}
# - {name: efficiency, unit: '%', datatype: float64}
# meta: !!omap
# - {MODE: DETECTOR}
# - {TYPE: transmission_filter_detector}
# - {CALIBDATE: '1970-01-01T00:00:00'}
# - {INSTRUME: LSSTCam}
# - {OBSTYPE: transmission_filter_detector}
# - {CALIBCLS: lsst.ip.isr.IntermediateFilterDetectorTransmissionCurve}
# - {SOURCE: Materion (DM-46256)}
# - {DETECTOR: 130}
# - {FILTER: r_57}
# - {CALIB_ID: 'calibDate=1970-01-01T00:00:00 filter=r_57 detector=130'}
# - {DATE: '2025-04-02T15:59:44.785584'}
# - {CALIB_CREATION_DATE: '2025-04-02'}
# - {CALIB_CREATION_TIME: '15:59:44'}
# - __serialized_columns__:
#     efficiency:
#       __class__: astropy.units.quantity.Quantity
#       unit: !astropy.units.Unit {unit: '%'}
#       value: !astropy.table.SerializedColumn {name: efficiency}
#     wavelength:
#       __class__: astropy.units.quantity.Quantity
#       unit: !astropy.units.Unit {unit: nm}
#       value: !astropy.table.SerializedColumn {name: wavelength}
# schema: astropy-2.0
wavelength efficiency
[from data line 602]
902.0 1.5926356370862815e-10
903.0 1.5926356370862815e-10
904.0 5.349761877937453e-06
905.0 5.157249916010187e-05
906.0 0.00010220708190900041
907.0 0.00015284169876395026
908.0 0.00016689618860254996
909.0 0.0001809506557037821
910.0 6.853647391835693e-05
911.0 1.5926356370862815e-10
912.0 8.976155072559777e-05
913.0 0.0002234008434243151
914.0 0.00017298398233833723
915.0 0.00012256710988367558
916.0 9.96605422187713e-05
917.0 7.675394613215758e-05
918.0 0.0001378276579089288
919.0 0.0001989013526326744
920.0 0.00021524713247345062
921.0 0.00023159291231422685
922.0 0.00021220382677711314
923.0 0.00019281474123999942
924.0 0.00018937324739454198
925.0 0.00018593174218040076
926.0 0.00014828510757070035
927.0 0.00011063847296099993
928.0 0.00012143088952143444
929.0 0.00013222327197581762
930.0 0.00012449166888472973
931.0 0.00011676000895022298
932.0 0.00010644206440701964
933.0 9.612410849513253e-05
934.0 3.174929474880628e-05
935.0 1.5926356370862815e-10
936.0 6.247527295499822e-06
937.0 4.512052953487e-05
938.0 3.9588965705661394e-05
939.0 3.405736777040147e-05
940.0 9.163637173514871e-05
941.0 0.00014921532738298993
942.0 0.0003232401240893523
943.0 0.0004972649094270309
944.0 0.0004591555807564873
945.0 0.0004210462520859437
946.0 0.0005766321464761859
947.0 0.0007322181772906333
948.0 0.0005058102942712139
949.0 0.0002794025931507349
950.0 0.0003458976607362274
951.0 0.000412392773796455
952.0 0.0006057929567759857
953.0 0.0007991932761797216
954.0 0.0009513559234619606
955.0 0.0011035189345420804
956.0 0.0011972217180300504
957.0 0.0012909245015180204
958.0 0.0015079474906087853
959.0 0.0017249705706490204
960.0 0.0018768552763503976
961.0 0.002028739982051775
962.0 0.0021776455469080247
963.0 0.002326550929865334
964.0 0.0024045815735007636
965.0 0.002482612217136193
966.0 0.0024898659830796532
967.0 0.002497119567124173
968.0 0.0024534272597520612
969.0 0.0024097349523799494
970.0 0.0024444110749755055
971.0 0.0024790871975710616
972.0 0.002594973375380505
973.0 0.002710859553189948
974.0 0.0028637477953452617
975.0 0.003016636401298456
976.0 0.0030140163289615884
977.0 0.003011396256624721
978.0 0.0030568069632863626
979.0 0.003102218033745885
980.0 0.0031048257369548082
981.0 0.003107433076365851
982.0 0.0030870778573444113
983.0 0.003066722274525091
984.0 0.0029573577194241807
985.0 0.00284799298242433
986.0 0.002752863110799808
987.0 0.002657733239175286
988.0 0.002610413866932504
989.0 0.002563094676588662
990.0 0.002578437670308631
991.0 0.0025937804821296595
992.0 0.002540709283493925
993.0 0.0024876380848581903
994.0 0.002519711051718332
995.0 0.002551784200477414
996.0 0.0026126575903617777
997.0 0.0026735309802461416
998.0 0.002857806975953281
999.0 0.0030420829716604203
1000.0 0.0030977440474089235
1001.0 0.0031534054869553074
1002.0 0.0033555636036908254
1003.0 0.0035577213566284627
1004.0 0.003636026303865947
1005.0 0.003714331251103431
1006.0 0.0038894308090675622
1007.0 0.004064531094627455
1008.0 0.004086372064193711
1009.0 0.004108212669962086
1010.0 0.004039080158690922
1011.0 0.003969948011217639
1012.0 0.003996150553575717
1013.0 0.004022353095933795
1014.0 0.003862638186546974
1015.0 0.003702923277160153
1016.0 0.0033332322345813736
1017.0 0.002963541010103654
1018.0 0.0027346875867806375
1019.0 0.002505834163457621
1020.0 0.0023313761630561203
1021.0 0.0021569179807556793
1022.0 0.001821484875108581
1023.0 0.0014860517694614828
1024.0 0.001367827644571662
1025.0 0.001249603428732371
1026.0 0.001106731633626623
1027.0 0.0009638600204198156
1028.0 0.0009341380064142868
1029.0 0.000904415992408758
1030.0 0.0008724206963961478
1031.0 0.0008404254913330078
1032.0 0.0007942448064568453
1033.0 0.0007480640306312125
1034.0 0.0006633057637372985
1035.0 0.0005785473604191793
1036.0 0.0005592320121650118
1037.0 0.0005399167093855795
1038.0 0.0007284735147550236
1039.0 0.0009170303201244678
1040.0 0.0008092092684819363
1041.0 0.0007013880349404644
1042.0 0.0006782987384212902
1043.0 0.000655209487376851
1044.0 0.0007146697498683352
1045.0 0.0007741300578345545
1046.0 0.0007288796041393653
1047.0 0.0006836291959189111
1048.0 0.0006684328582196031
1049.0 0.0006532365659950301
1050.0 0.0008185568731278181
1051.0 0.000983877089311136
1052.0 0.0009556605618854519
1053.0 0.000927443579712417
1054.0 0.0009624506674299482
1055.0 0.0009974576641980093
1056.0 0.0009236607183993328
1057.0 0.0008498637726006564
1058.0 0.0010758153621281963
1059.0 0.0013017667697567958
1060.0 0.0012406962923705578
1061.0 0.0011796256330853794
1062.0 0.0011814124263764825
1063.0 0.0011831991287181154
1064.0 0.001350941056443844
1065.0 0.0015186830751190428
1066.0 0.0018069045836455189
1067.0 0.0020951258193235844
1068.0 0.0021145311620784923
1069.0 0.0021339361410355195
1070.0 0.0021728397769038565
1071.0 0.002211743594671134
1072.0 0.002096153548336588
1073.0 0.001980563683900982
1074.0 0.002188904363720212
1075.0 0.0023972448616405018
1076.0 0.002540219975344371
1077.0 0.0026831949071493
1078.0 0.003028709579666611
1079.0 0.003374223888386041
1080.0 0.003658458444988355
1081.0 0.003942692273994908
1082.0 0.004003650610684417
1083.0 0.004064608219778165
1084.0 0.004052162330481224
1085.0 0.004039716441184282
1086.0 0.004190111576463096
1087.0 0.004340506347944029
1088.0 0.0038512505852850154
1089.0 0.0033619944588281214
1090.0 0.0027108113499707542
1091.0 0.002059628241113387
1092.0 0.00301195996144088
1093.0 0.003964291681768373
1094.0 0.0036947938497178257
1095.0 0.0034252960176672786
1096.0 0.003547758751665242
1097.0 0.003670221849461086
1098.0 0.0033944066672120243
1099.0 0.0031185914849629626
1100.0 0.002291050805069972
1101.0 0.0014635098523285706
