lsstCam/transmission_filter_detector/r22_s01/u_24/19700101T000000.ecsv
# %ECSV 1.0
# ---
# datatype:
# - {name: wavelength, unit: nm, datatype: float32}
# - {name: efficiency, unit: '%', datatype: float64}
# meta: !!omap
# - {MODE: DETECTOR}
# - {TYPE: transmission_filter_detector}
# - {CALIBDATE: '1970-01-01T00:00:00'}
# - {INSTRUME: LSSTCam}
# - {OBSTYPE: transmission_filter_detector}
# - {CALIBCLS: lsst.ip.isr.IntermediateFilterDetectorTransmissionCurve}
# - {SOURCE: Materion (DM-46256)}
# - {DETECTOR: 91}
# - {FILTER: u_24}
# - {CALIB_ID: 'calibDate=1970-01-01T00:00:00 filter=u_24 detector=91'}
# - {DATE: '2025-04-02T15:59:40.170328'}
# - {CALIB_CREATION_DATE: '2025-04-02'}
# - {CALIB_CREATION_TIME: '15:59:40'}
# - __serialized_columns__:
#     efficiency:
#       __class__: astropy.units.quantity.Quantity
#       unit: !astropy.units.Unit {unit: '%'}
#       value: !astropy.table.SerializedColumn {name: efficiency}
#     wavelength:
#       __class__: astropy.units.quantity.Quantity
#       unit: !astropy.units.Unit {unit: nm}
#       value: !astropy.table.SerializedColumn {name: wavelength}
# schema: astropy-2.0
wavelength efficiency
295.0 0.08710507536306977
296.0 1.5682830468294329e-10
297.0 1.5682830468294329e-10
298.0 0.05632104002870619
299.0 1.5682830468294329e-10
300.0 1.5682830468294329e-10
301.0 0.22622444666922092
302.0 1.5682830468294329e-10
303.0 0.0919357524253428
304.0 0.13509545242413878
305.0 0.5606621969491243
306.0 1.3196769170463085
307.0 2.5067737326025963
308.0 4.370557144284248
309.0 7.045888900756836
310.0 10.078943520784378
311.0 13.346950709819794
312.0 17.20101684331894
313.0 20.343731343746185
314.0 23.493528366088867
315.0 25.83228051662445
316.0 27.864092588424683
317.0 30.414432287216187
318.0 32.75625705718994
319.0 36.120131611824036
320.0 40.74581861495972
321.0 45.73400318622589
322.0 51.599472761154175
323.0 57.10795521736145
324.0 61.828333139419556
325.0 65.65304398536682
326.0 68.2046890258789
327.0 70.17403244972229
328.0 71.98145389556885
329.0 73.49990606307983
330.0 74.9158501625061
331.0 75.92769265174866
332.0 76.40936970710754
333.0 76.65902376174927
334.0 76.47401094436646
335.0 76.58149003982544
336.0 76.7382562160492
337.0 77.19599604606628
338.0 78.04862260818481
339.0 78.64474058151245
340.0 79.09806370735168
341.0 79.67297434806824
342.0 79.99483942985535
343.0 79.8940896987915
344.0 79.95519638061523
345.0 80.29452562332153
346.0 80.56370615959167
347.0 80.8193027973175
348.0 81.21255040168762
349.0 81.38792514801025
350.0 81.46369457244873
351.0 81.61211013793945
352.0 81.5165102481842
353.0 81.39231204986572
354.0 81.38532042503357
355.0 81.53655529022217
356.0 81.61618709564209
357.0 81.61797523498535
358.0 81.31587505340576
359.0 81.15760684013367
360.0 81.11356496810913
361.0 81.01732134819031
362.0 80.97478151321411
363.0 81.06580972671509
364.0 81.14431500434875
365.0 81.26978278160095
366.0 81.34456872940063
367.0 81.27384185791016
368.0 81.10679388046265
369.0 80.97068667411804
370.0 80.59080839157104
371.0 80.42165040969849
372.0 80.36493062973022
373.0 80.48585057258606
374.0 80.46929836273193
375.0 80.71345090866089
376.0 80.80246448516846
377.0 80.83626627922058
378.0 80.86521625518799
379.0 80.61307668685913
380.0 79.95896339416504
381.0 78.713458776474
382.0 77.05615162849426
383.0 75.09433031082153
384.0 72.97306656837463
385.0 70.63561677932739
386.0 68.23319792747498
387.0 65.17243981361389
388.0 62.013065814971924
389.0 58.301591873168945
390.0 54.50592041015625
391.0 50.48132538795471
392.0 46.07909321784973
393.0 42.30680167675018
394.0 39.07689154148102
395.0 35.96113622188568
396.0 32.760968804359436
397.0 28.741833567619324
398.0 23.985977470874786
399.0 17.98793077468872
400.0 11.95451095700264
401.0 7.0803046226501465
402.0 3.4474696964025497
403.0 1.2696237303316593
404.0 0.38107605651021004
405.0 0.15913444804027677
406.0 0.056966429110616446
407.0 0.03764881403185427
408.0 0.02890439936891198
409.0 1.5682830468294329e-10
410.0 1.5682830468294329e-10
411.0 1.5682830468294329e-10
412.0 1.5682830468294329e-10
413.0 1.5682830468294329e-10
414.0 1.5682830468294329e-10
415.0 1.5682830468294329e-10
416.0 1.5682830468294329e-10
417.0 1.5682830468294329e-10
418.0 1.5682830468294329e-10
419.0 1.5682830468294329e-10
420.0 1.5682830468294329e-10
421.0 1.5682830468294329e-10
422.0 1.5682830468294329e-10
423.0 1.5682830468294329e-10
424.0 1.5682830468294329e-10
425.0 1.5682830468294329e-10
426.0 1.5682830468294329e-10
427.0 1.5682830468294329e-10
428.0 0.00029576146971521666
429.0 0.0008280244401248638
430.0 0.001360287205898203
431.0 0.0012227344996063039
432.0 0.0010851820661628153
433.0 0.0012265745681361295
434.0 0.0013679669791599736
435.0 0.0014954227481212001
436.0 0.001622878698981367
437.0 1.5682830468294329e-10
438.0 1.5682830468294329e-10
439.0 1.5682830468294329e-10
440.0 0.00023197510472527938
441.0 1.5682830468294329e-10
442.0 1.5682830468294329e-10
443.0 1.5682830468294329e-10
444.0 1.5682830468294329e-10
445.0 1.5682830468294329e-10
446.0 1.5682830468294329e-10
447.0 1.5682830468294329e-10
448.0 1.5682830468294329e-10
449.0 0.0005746959232055815
450.0 0.0012463148777897004
451.0 1.5682830468294329e-10
452.0 1.5682830468294329e-10
453.0 1.5682830468294329e-10
454.0 1.5682830468294329e-10
455.0 1.5682830468294329e-10
456.0 1.5682830468294329e-10
457.0 1.5682830468294329e-10
458.0 1.5682830468294329e-10
459.0 1.5682830468294329e-10
460.0 1.5682830468294329e-10
461.0 1.5682830468294329e-10
462.0 1.5682830468294329e-10
463.0 1.5682830468294329e-10
464.0 7.232562779790896e-05
465.0 0.0001819389353840961
466.0 0.00029155212359910365
467.0 1.5682830468294329e-10
468.0 1.5682830468294329e-10
469.0 1.5682830468294329e-10
470.0 0.00034919148674816824
471.0 1.5682830468294329e-10
472.0 1.5682830468294329e-10
473.0 1.5682830468294329e-10
474.0 1.5682830468294329e-10
475.0 1.5682830468294329e-10
476.0 0.000328972373608849
477.0 0.0005051380412623985
478.0 0.0006813038453401532
479.0 0.0007025330432952615
480.0 0.0007237625140987802
481.0 0.0005642597443511477
482.0 0.0004047570655529853
483.0 1.5682830468294329e-10
484.0 1.5682830468294329e-10
485.0 1.5682830468294329e-10
486.0 1.5682830468294329e-10
487.0 1.5682830468294329e-10
488.0 1.5682830468294329e-10
489.0 1.5682830468294329e-10
490.0 1.5682830468294329e-10
491.0 1.5682830468294329e-10
492.0 1.5682830468294329e-10
493.0 1.5682830468294329e-10
494.0 1.5682830468294329e-10
495.0 1.5682830468294329e-10
496.0 0.0008846466698742006
497.0 0.0006699658570141764
498.0 0.00045528481678047683
499.0 0.0005841139227413805
500.0 0.0007129432560759597
501.0 0.00037325642097130185
502.0 3.3569753554729687e-05
503.0 1.5682830468294329e-10
504.0 1.5682830468294329e-10
505.0 1.5682830468294329e-10
506.0 6.176431952553685e-05
507.0 1.5682830468294329e-10
508.0 1.5682830468294329e-10
509.0 1.5682830468294329e-10
510.0 1.5682830468294329e-10
511.0 1.5682830468294329e-10
512.0 0.0008081870873866137
513.0 0.0006540776212204946
514.0 0.0004999677457817597
515.0 0.0005204142780712573
516.0 0.0005408609922596952
517.0 0.00012711698218481615
518.0 1.5682830468294329e-10
519.0 1.5682830468294329e-10
520.0 0.0002593387762317434
521.0 0.0002632042196637485
522.0 0.0002670694357220782
523.0 1.5682830468294329e-10
524.0 1.5682830468294329e-10
525.0 1.5682830468294329e-10
526.0 1.5682830468294329e-10
527.0 1.5682830468294329e-10
528.0 1.5682830468294329e-10
529.0 1.5682830468294329e-10
530.0 1.5682830468294329e-10
531.0 1.5682830468294329e-10
532.0 0.0002622844704092131
533.0 1.5682830468294329e-10
534.0 1.5682830468294329e-10
535.0 1.5682830468294329e-10
536.0 8.96434357855469e-05
537.0 1.5682830468294329e-10
538.0 1.5682830468294329e-10
539.0 1.5682830468294329e-10
540.0 1.5682830468294329e-10
541.0 1.5682830468294329e-10
542.0 1.5682830468294329e-10
543.0 1.5682830468294329e-10
544.0 1.5682830468294329e-10
545.0 1.5682830468294329e-10
546.0 1.5682830468294329e-10
547.0 1.5682830468294329e-10
548.0 1.5682830468294329e-10
549.0 1.5682830468294329e-10
550.0 1.5682830468294329e-10
551.0 1.5682830468294329e-10
552.0 1.5682830468294329e-10
553.0 1.5682830468294329e-10
554.0 1.5682830468294329e-10
555.0 1.5682830468294329e-10
556.0 1.5682830468294329e-10
557.0 1.5682830468294329e-10
558.0 1.5682830468294329e-10
559.0 1.5682830468294329e-10
560.0 0.00018625637494551484
561.0 0.00013970422969578067
562.0 9.31522890823544e-05
563.0 1.5682830468294329e-10
564.0 1.5682830468294329e-10
565.0 1.5682830468294329e-10
566.0 1.5682830468294329e-10
567.0 1.5682830468294329e-10
568.0 2.8032795285071188e-05
569.0 0.0002745162646533572
570.0 0.0005209995379118482
571.0 0.00045196561586635653
572.0 0.00038293187571980525
573.0 0.0005080829851067392
574.0 0.000633234503766289
575.0 0.0004399674253363628
576.0 0.0002467005060680094
577.0 0.0002415852122794604
578.0 0.00023646989575354382
579.0 0.00037405714010674274
580.0 0.0005116443389852066
581.0 0.0005696096650353866
582.0 0.0006275752639339771
583.0 0.0011568477930268273
584.0 0.001686120594968088
585.0 0.0015870602510403842
586.0 0.0014879996342642698
587.0 0.0016852882254170254
588.0 0.001882576907519251
589.0 0.001557684845465701
590.0 0.001232792783412151
591.0 0.00106130482890876
592.0 0.000889816783455899
593.0 0.0007746522896923125
594.0 0.00065948729570664
595.0 0.0006612504876102321
596.0 0.0006630131792917382
597.0 0.0008787977094470989
598.0 0.001094581966754049
599.0 0.0013266908354125917
600.0 0.0015587993402732536
601.0 0.0015911700756987557
602.0 0.001623540993023198
603.0 0.0017019072402035818
604.0 0.0017802738511818461
605.0 0.0017379528799210675
606.0 0.001695631908660289
607.0 0.0015525178241659887
608.0 0.0014094037396716885
609.0 0.0008296470696222968
610.0 0.0002498905359971104
611.0 0.0002669570449143066
612.0 0.00028402353109413525
613.0 0.00028743895654770313
614.0 0.00029085431378916837
615.0 0.0004511249244387727
616.0 0.0006113955350883771
617.0 0.0007322719284275081
618.0 0.0008531485036655795
619.0 0.0005305360900820233
620.0 0.0002079239266095101
621.0 0.0003952495717385318
622.0 0.000582575194130186
623.0 0.0005535179752769182
624.0 0.0005244606654741801
625.0 0.0006126399512140779
626.0 0.0007008192824287107
627.0 0.0005535986019822303
628.0 0.0004063780124852201
629.0 0.00045418519221129827
630.0 0.0005019925083615817
631.0 0.0010509030289540533
632.0 0.0015998133676475845
633.0 0.0015107099898159504
634.0 0.001421606521034846
635.0 0.0019760866052820347
636.0 0.0025305667804786935
637.0 0.0025446104700677097
638.0 0.0025586539777577855
639.0 0.0020943307390552945
640.0 0.0016300073184538633
641.0 0.0015377871022792533
642.0 0.0014455667951551732
643.0 0.0009460525689064525
644.0 0.0004465382062335266
645.0 0.0005118998160469346
646.0 0.0005772613803856075
647.0 0.00017602934576643747
648.0 1.5682830468294329e-10
649.0 1.5682830468294329e-10
650.0 0.00011347757435942185
651.0 0.0003152243834847468
652.0 0.0005169713858776959
653.0 0.0009038561074703466
654.0 0.0012907404197903816
655.0 0.0011916248695342802
656.0 0.0010925092283287086
657.0 0.001967909156519454
658.0 0.0028433096304070204
659.0 0.0033266303944401443
660.0 0.003809951522271149
661.0 0.003908641519956291
662.0 0.004007331517641433
663.0 0.0033736367186065763
664.0 0.0027399421014706604
665.0 0.0024978779038065113
666.0 0.0022558133423444815
667.0 0.0019220127796870656
668.0 0.001588211853231769
669.0 0.0010674390068743378
670.0 0.0005466662059916416
671.0 0.0005140312623552745
672.0 0.00048139618229470216
673.0 0.0003607936605476425
674.0 0.00024019107058848022
675.0 0.0003559812057574163
676.0 0.00047177140913845506
677.0 0.0010903203474299517
678.0 0.0017088696040445939
679.0 0.0017989510524785146
680.0 0.0018890321371145546
681.0 0.0026558313038549386
682.0 0.0034226304705953225
683.0 0.004786293357028626
684.0 0.00614995660725981
685.0 0.006530697282869369
686.0 0.006911440141266212
687.0 0.00700844029779546
688.0 0.007105441181920469
689.0 0.006267688877414912
690.0 0.005429937664302997
691.0 0.004859194450546056
692.0 0.004288451236789115
693.0 0.003578481118893251
694.0 0.0028685108190984465
695.0 0.0024426752133877017
696.0 0.002016839607676957
697.0 0.0015371018889709376
698.0 0.0010573642612143885
699.0 0.0009129104000749066
700.0 0.0007684563570364844
701.0 0.0006878694421175169
702.0 0.0006072825271985494
703.0 0.000693180982125341
704.0 0.0007790797099005431
705.0 0.0006078749720472842
706.0 0.00043667037061823066
707.0 0.0006291143108683173
708.0 0.0008215579327952582
709.0 0.0006463108093157643
710.0 0.0004710635039373301
711.0 0.0006056294296286069
712.0 0.0007401951734209433
713.0 0.0008689337846590206
714.0 0.0009976723958970979
715.0 0.0008135469215631019
716.0 0.000629421447229106
717.0 0.0007165083843574394
718.0 0.0008035952305363026
719.0 0.0006713074526487617
720.0 0.0005390196747612208
721.0 0.0005010148470319109
722.0 0.000463010019302601
723.0 0.0005710892764909659
724.0 0.0006791686246288009
725.0 0.0003830458354059374
726.0 8.69229609179456e-05
727.0 0.00027847142973769223
728.0 0.00047001994971651584
729.0 0.0003330805384393898
730.0 0.000196141263586469
731.0 0.00020067793684575008
732.0 0.00020521465557976626
733.0 0.00013986323210701812
734.0 7.451182000295375e-05
735.0 0.0003118187578365905
736.0 0.0005491257070389111
737.0 0.0005236884589976398
738.0 0.0004982512109563686
739.0 0.00030399639854294946
740.0 0.00010974150654874393
741.0 0.000664449453324778
742.0 0.0012191575478937011
743.0 0.0014153128176985774
744.0 0.0016114678146550432
745.0 0.0018891845684265718
746.0 0.0021669007765012793
747.0 0.0028023274353472516
748.0 0.0034377542760921642
749.0 0.0032540694519411772
750.0 0.003070384991588071
751.0 0.0031484356441069394
752.0 0.0032264866604236886
753.0 0.0028886150175821967
754.0 0.002550743374740705
755.0 0.0027772073735832237
756.0 0.0030036719181225635
757.0 0.0024688612029422075
758.0 0.0019340501239639707
759.0 0.0015092940884642303
760.0 0.0010845383258129004
761.0 0.0011187281415914185
762.0 0.0011529180483194068
763.0 0.0008993947631097399
764.0 0.0006458713869506028
765.0 0.0007751094017294236
766.0 0.0009043473255587742
767.0 0.000832308523968095
768.0 0.0007602697678521508
769.0 0.0006409440629795427
770.0 0.0005216182216827292
771.0 0.00043402083065302577
772.0 0.0003464232122496469
773.0 0.00046543773351004347
774.0 0.0005844521638209699
775.0 0.0005495233835972613
776.0 0.0005145944214746123
777.0 0.0004752174845634727
778.0 0.0004358402748039225
779.0 0.0005587106898019556
780.0 0.0006815811047999887
781.0 0.0007941960575408302
782.0 0.000906811146705877
783.0 0.0009054781003214885
784.0 0.0009041447810886893
785.0 0.0010088034287036862
786.0 0.0011134618944197427
787.0 0.0009624169251765124
788.0 0.000811371864983812
789.0 0.0008097948921204079
790.0 0.0008082178283075336
791.0 0.0007721232577750925
792.0 0.0007360285962931812
793.0 0.0003015429001607117
794.0 1.5682830468294329e-10
795.0 1.5682830468294329e-10
796.0 8.823052155548794e-06
797.0 0.0003131773382847314
798.0 0.0006175316229928285
799.0 0.00027241881070949603
800.0 1.5682830468294329e-10
801.0 1.5682830468294329e-10
802.0 1.5682830468294329e-10
803.0 1.5682830468294329e-10
804.0 3.082108435137343e-05
805.0 0.00010180013987337588
806.0 0.00017277919823754928
807.0 1.5682830468294329e-10
808.0 1.5682830468294329e-10
809.0 9.59363887886866e-05
810.0 0.0004979202913091285
811.0 0.00014651224091721815
812.0 1.5682830468294329e-10
813.0 1.5682830468294329e-10
814.0 0.00020461341136979172
815.0 0.0002303556584593025
816.0 0.0002560978145993431
817.0 0.00011007042530764011
818.0 1.5682830468294329e-10
819.0 1.5682830468294329e-10
820.0 1.5682830468294329e-10
821.0 1.5682830468294329e-10
822.0 1.5682830468294329e-10
823.0 1.5682830468294329e-10
824.0 1.4485712540590612e-05
825.0 1.5682830468294329e-10
826.0 1.5682830468294329e-10
827.0 6.240720722416881e-05
828.0 0.0005884219262952683
829.0 0.00041247271838074084
830.0 0.00023652394247619668
831.0 1.5682830468294329e-10
832.0 1.5682830468294329e-10
833.0 1.5682830468294329e-10
834.0 1.5682830468294329e-10
835.0 1.5682830468294329e-10
836.0 1.5682830468294329e-10
837.0 1.5682830468294329e-10
838.0 1.5682830468294329e-10
839.0 1.5682830468294329e-10
840.0 1.5682830468294329e-10
841.0 1.5682830468294329e-10
842.0 1.5682830468294329e-10
843.0 2.280835431633932e-06
844.0 1.2272180072159244e-05
845.0 7.604298275509791e-05
846.0 0.0001398136987518228
847.0 2.5995811370194133e-05
848.0 1.5682830468294329e-10
849.0 8.318315849464852e-05
850.0 0.0002541881030992954
851.0 1.5682830468294329e-10
852.0 1.5682830468294329e-10
853.0 1.5682830468294329e-10
854.0 0.0002542223228374496
855.0 3.803387471634778e-05
856.0 1.5682830468294329e-10
857.0 0.00026767827421281254
858.0 0.0007135110990930116
859.0 0.0007335360805882374
860.0 0.0007535610166087281
861.0 0.0006566948741237866
862.0 0.0005598286406893749
863.0 0.0006155216397019103
864.0 0.0006712144113407703
865.0 0.0012327184776950162
866.0 0.0017942224076250568
867.0 0.00166990084835561
868.0 0.0015455796528840438
869.0 0.0015454259482794441
870.0 0.0015452718798769638
871.0 0.0015279030776582658
872.0 0.0015105339116416872
873.0 0.0017340889826300554
874.0 0.001957643689820543
