lsstCam/transmission_filter_detector/r22_s01/u_24/19700101T000000.ecsv
# %ECSV 1.0
# ---
# datatype:
# - {name: wavelength, unit: nm, datatype: float32}
# - {name: efficiency, unit: '%', datatype: float64}
# meta: !!omap
# - {MODE: DETECTOR}
# - {TYPE: transmission_filter_detector}
# - {CALIBDATE: '1970-01-01T00:00:00'}
# - {INSTRUME: LSSTCam}
# - {OBSTYPE: transmission_filter_detector}
# - {CALIBCLS: lsst.ip.isr.IntermediateFilterDetectorTransmissionCurve}
# - {SOURCE: Materion (DM-46256)}
# - {DETECTOR: 91}
# - {FILTER: u_24}
# - {CALIB_ID: 'calibDate=1970-01-01T00:00:00 filter=u_24 detector=91'}
# - {DATE: '2025-04-02T15:59:40.170328'}
# - {CALIB_CREATION_DATE: '2025-04-02'}
# - {CALIB_CREATION_TIME: '15:59:40'}
# - __serialized_columns__:
#     efficiency:
#       __class__: astropy.units.quantity.Quantity
#       unit: !astropy.units.Unit {unit: '%'}
#       value: !astropy.table.SerializedColumn {name: efficiency}
#     wavelength:
#       __class__: astropy.units.quantity.Quantity
#       unit: !astropy.units.Unit {unit: nm}
#       value: !astropy.table.SerializedColumn {name: wavelength}
# schema: astropy-2.0
wavelength efficiency
[from data line 581]
876.0 0.0023267693904927
877.0 0.002380355363129638
878.0 0.0024339415176655166
879.0 0.0025367533453390934
880.0 0.0026395659006084315
881.0 0.0026401972718304023
882.0 0.002640829552547075
883.0 0.002347267945879139
884.0 0.0020537068849080242
885.0 0.002130882967321668
886.0 0.0022080592316342518
887.0 0.0020986884919693694
888.0 0.0019893179342034273
889.0 0.0018903920135926455
890.0 0.0017914660929818638
891.0 0.002057845085801091
892.0 0.002324223896721378
893.0 0.002317034886800684
894.0 0.0023098451492842287
895.0 0.0025789166102185845
896.0 0.0028479875254561193
897.0 0.0033988511859206483
898.0 0.003949715392081998
899.0 0.004148752123001032
900.0 0.0043477881263243034
901.0 0.004391008405946195
902.0 0.004434228685568087
903.0 0.004671034912462346
904.0 0.004907841139356606
905.0 0.005064421566203237
906.0 0.005221001629251987
907.0 0.005489534305525012
908.0 0.005758067345595919
909.0 0.005479240644490346
910.0 0.005200413943384774
911.0 0.005224150663707405
912.0 0.005247887384030037
913.0 0.005206555579206906
914.0 0.005165223774383776
915.0 0.004681446080212481
916.0 0.004197668022243306
917.0 0.0038948528526816517
918.0 0.003592038046917878
919.0 0.004083111707586795
920.0 0.004574185732053593
921.0 0.004469456689548679
922.0 0.004364727647043765
923.0 0.005192672688281164
924.0 0.006020615910529159
925.0 0.006310673052212223
926.0 0.006600729830097407
927.0 0.007238882244564593
928.0 0.007877031021052971
929.0 0.007863632345106453
930.0 0.007850232941564173
931.0 0.00770379338064231
932.0 0.007557353092124686
933.0 0.0074099196353927255
934.0 0.007262486178660765
935.0 0.007474823360098526
936.0 0.007687158358749002
937.0 0.007352704415097833
938.0 0.007018253381829709
939.0 0.006676447810605168
940.0 0.006334642966976389
941.0 0.005896147558814846
942.0 0.005457651786855422
943.0 0.004160416210652329
944.0 0.002863181180146057
945.0 0.0023101651095203124
946.0 0.0017571495845913887
947.0 0.001660363341215998
948.0 0.0015635767340427265
949.0 0.0015050393812998664
950.0 0.0014465016647591256
951.0 0.001475781300541712
952.0 0.0015050610272737686
953.0 0.001619331305846572
954.0 0.0017336018572677858
955.0 0.0022680398615193553
956.0 0.002802477865770925
957.0 0.002809855322993826
958.0 0.002817232052620966
959.0 0.0029775259463349357
960.0 0.0031378192943520844
961.0 0.0035390119592193514
962.0 0.003940204624086618
963.0 0.0042500516428845
964.0 0.0045598982978845015
965.0 0.004785864075529389
966.0 0.005011829853174277
967.0 0.00499127600050997
968.0 0.0049707228754414245
969.0 0.004893697769148275
970.0 0.004816672662855126
971.0 0.004738340066978708
972.0 0.004660007107304409
973.0 0.00439785944763571
974.0 0.00413571106037125
975.0 0.003850052962661721
976.0 0.0035643941373564303
977.0 0.0032950025342870504
978.0 0.0030256109312176704
979.0 0.002917535493907053
980.0 0.002809459692798555
981.0 0.0027449392291600816
982.0 0.002680418583622668
983.0 0.002757869879133068
984.0 0.0028353208108455874
985.0 0.003221489896532148
986.0 0.0036076598917134106
987.0 0.003854912574752234
988.0 0.004102165257791057
989.0 0.005169708310859278
990.0 0.006237249908735976
991.0 0.006078027217881754
992.0 0.005918803799431771
993.0 0.006254887557588518
994.0 0.006590971315745264
995.0 0.00629395290161483
996.0 0.00599693157710135
997.0 0.005790312570752576
998.0 0.005583696110988967
999.0 0.006046333146514371
1000.0 0.00650896763545461
1001.0 0.006318792293313891
1002.0 0.006128614768385887
1003.0 0.005633448017761111
1004.0 0.005138283086125739
1005.0 0.0052051967941224575
1006.0 0.005272109774523415
1007.0 0.005241257895249873
1008.0 0.0052104031055932865
1009.0 0.004678882396547124
1010.0 0.0041473624150967225
1011.0 0.0037969683035044
1012.0 0.003446574919507839
1013.0 0.002842546564352233
1014.0 0.0022385183910955675
1015.0 0.002085069900203962
1016.0 0.0019316214093123563
1017.0 0.0016874273569555953
1018.0 0.0014432330317504238
1019.0 0.0013311328075360507
1020.0 0.0012190321285743266
1021.0 0.0011381870535842609
1022.0 0.001057341887644725
1023.0 0.001143543249781942
1024.0 0.0012297444300202187
1025.0 0.0013794938240607735
1026.0 0.0015292434909497388
1027.0 0.001104393868445186
1028.0 0.0006795439276174875
1029.0 0.0008573066224926151
1030.0 0.0010350696356908884
1031.0 0.0014727769666933455
1032.0 0.0019104843886452727
1033.0 0.0018376373191131279
1034.0 0.001764790249580983
1035.0 0.0018488686691853218
1036.0 0.0019329469068907201
1037.0 0.0020019340809085406
1038.0 0.002070921254926361
1039.0 0.001807516673579812
1040.0 0.0015441122741322033
1041.0 0.0014962369277782273
1042.0 0.0014483617633231916
1043.0 0.0012526851605798583
1044.0 0.0010570087397354655
1045.0 0.0012817092283512466
1046.0 0.0015064100807649083
1047.0 0.001634917498449795
1048.0 0.0017634252799325623
1049.0 0.001416515533492202
1050.0 0.0010696052413550206
1051.0 0.0012888794117316138
1052.0 0.001508153582108207
1053.0 0.0012285009688639548
1054.0 0.0009488479918218218
1055.0 0.0010512613698665518
1056.0 0.001153674838860752
1057.0 0.0015490682926611044
1058.0 0.0019444614736130461
1059.0 0.0009977076842915267
1060.0 5.095405413158005e-05
1061.0 0.0006257308086787816
1062.0 0.0012005073585896753
1063.0 0.0011523418834258337
1064.0 0.0011041760444641113
1065.0 0.001141924713010667
1066.0 0.0011796735634561628
1067.0 0.0008521446034137625
1068.0 0.0005246149157756008
1069.0 0.0011401596566429362
1070.0 0.0017557038518134505
1071.0 0.0013782764654024504
1072.0 0.0010008491699409205
1073.0 0.001485187021899037
1074.0 0.0019695247829076834
1075.0 0.0028505037334980443
1076.0 0.003731482502189465
1077.0 0.004281481960788369
1078.0 0.004831481783185154
1079.0 0.005142001828062348
1080.0 0.0054525185987586156
1081.0 0.003578888572519645
1082.0 0.001705258182482794
1083.0 0.0020502049665083177
1084.0 0.0023951517505338416
1085.0 0.0032111071050167084
1086.0 0.004027062459499575
1087.0 0.003946577271563001
1088.0 0.003866091719828546
1089.0 0.005867797881364822
1090.0 0.007869504042901099
1091.0 0.005387681812862866
1092.0 0.0029058601285214536
1093.0 0.002020278770942241
1094.0 0.0011346976862114388
1095.0 0.0016135598343680613
1096.0 0.002092422073474154
1097.0 0.0028101252610213123
1098.0 0.0035278288123663515
1099.0 0.00159180326591013
1100.0 1.5682830468294329e-10
