lsstCam/transmission_filter_detector/r12_s20/i_39/19700101T000000.ecsv
# %ECSV 1.0
# ---
# datatype:
# - {name: wavelength, unit: nm, datatype: float32}
# - {name: efficiency, unit: '%', datatype: float64}
# meta: !!omap
# - {MODE: DETECTOR}
# - {TYPE: transmission_filter_detector}
# - {CALIBDATE: '1970-01-01T00:00:00'}
# - {INSTRUME: LSSTCam}
# - {OBSTYPE: transmission_filter_detector}
# - {CALIBCLS: lsst.ip.isr.IntermediateFilterDetectorTransmissionCurve}
# - {SOURCE: Materion (DM-46256)}
# - {DETECTOR: 51}
# - {FILTER: i_39}
# - {CALIB_ID: 'calibDate=1970-01-01T00:00:00 filter=i_39 detector=51'}
# - {DATE: '2025-04-02T15:59:46.715371'}
# - {CALIB_CREATION_DATE: '2025-04-02'}
# - {CALIB_CREATION_TIME: '15:59:46'}
# - __serialized_columns__:
#     efficiency:
#       __class__: astropy.units.quantity.Quantity
#       unit: !astropy.units.Unit {unit: '%'}
#       value: !astropy.table.SerializedColumn {name: efficiency}
#     wavelength:
#       __class__: astropy.units.quantity.Quantity
#       unit: !astropy.units.Unit {unit: nm}
#       value: !astropy.table.SerializedColumn {name: wavelength}
# schema: astropy-2.0
wavelength efficiency
300.0 0.07717598346062005
301.0 0.0540191016625613
302.0 0.03086224605794996
303.0 0.04032482684124261
304.0 0.04978740471415222
305.0 0.03524479106999934
306.0 0.020702175970654935
307.0 0.008166871702997014
308.0 1.5721045342267925e-10
309.0 1.5721045342267925e-10
310.0 1.5721045342267925e-10
311.0 1.5721045342267925e-10
312.0 0.005501077612279914
313.0 0.00017997987242779345
314.0 1.5721045342267925e-10
315.0 1.5721045342267925e-10
316.0 1.5721045342267925e-10
317.0 1.5721045342267925e-10
318.0 1.5721045342267925e-10
319.0 1.5721045342267925e-10
320.0 1.5721045342267925e-10
321.0 1.5721045342267925e-10
322.0 1.5721045342267925e-10
323.0 1.5721045342267925e-10
324.0 1.5721045342267925e-10
325.0 1.5721045342267925e-10
326.0 1.5721045342267925e-10
327.0 1.5721045342267925e-10
328.0 0.004158237061346881
329.0 0.002633085023262538
330.0 0.0011079328942287248
331.0 0.001384213646815624
332.0 0.0016604950360488147
333.0 0.001496896038588602
334.0 0.0013332968592294492
335.0 0.0009518176739220507
336.0 0.0005703389888367383
337.0 0.0017519158063805662
338.0 0.002933492578449659
339.0 0.0031428666261490434
340.0 0.0033522410376463085
341.0 1.5721045342267925e-10
342.0 1.5721045342267925e-10
343.0 1.5721045342267925e-10
344.0 1.5721045342267925e-10
345.0 1.5721045342267925e-10
346.0 1.5721045342267925e-10
347.0 1.5721045342267925e-10
348.0 1.5721045342267925e-10
349.0 1.5721045342267925e-10
350.0 1.5721045342267925e-10
351.0 1.5721045342267925e-10
352.0 1.5721045342267925e-10
353.0 1.5721045342267925e-10
354.0 1.5721045342267925e-10
355.0 1.5721045342267925e-10
356.0 1.5721045342267925e-10
357.0 0.0006393526746251155
358.0 0.00177506390173221
359.0 0.0017218926586792804
360.0 0.0016687208699295297
361.0 0.001145218175224727
362.0 0.0006217155259946594
363.0 0.00024941341507656034
364.0 1.5721045342267925e-10
365.0 0.0008622228961030487
366.0 0.001847334897320252
367.0 0.0011157010703755077
368.0 0.00038406742532970384
369.0 0.0005853603397554252
370.0 0.0007866535270295572
371.0 0.0007908111911092419
372.0 0.000794969037087867
373.0 0.0009900913937599398
374.0 0.0011852138413814828
375.0 0.00022495639768749243
376.0 1.5721045342267925e-10
377.0 1.5721045342267925e-10
378.0 0.0002941955244750716
379.0 2.9764146347588394e-05
380.0 1.5721045342267925e-10
381.0 1.5721045342267925e-10
382.0 1.5721045342267925e-10
383.0 0.00022449376047006808
384.0 0.0015397654351545498
385.0 0.0013057148862571921
386.0 0.0010716642464103643
387.0 1.5721045342267925e-10
388.0 1.5721045342267925e-10
389.0 1.5721045342267925e-10
390.0 1.5721045342267925e-10
391.0 1.5721045342267925e-10
392.0 1.5721045342267925e-10
393.0 1.5721045342267925e-10
394.0 0.0006760733867849922
395.0 1.5721045342267925e-10
396.0 1.5721045342267925e-10
397.0 1.5721045342267925e-10
398.0 1.5721045342267925e-10
399.0 1.5721045342267925e-10
400.0 1.5721045342267925e-10
401.0 0.0002555059609221644
402.0 0.000512180622536107
403.0 0.001549441003589891
404.0 0.0025867013391689397
405.0 0.0051136521506123245
406.0 0.00764060314395465
407.0 0.004189136961940676
408.0 0.0007376671874226304
409.0 0.0013754254723608028
410.0 0.002013181619986426
411.0 0.0025893432393786497
412.0 0.0031655054044676945
413.0 0.003991374978795648
414.0 0.004817245644517243
415.0 0.004466653263079934
416.0 0.004116060154046863
417.0 0.00308391718135681
418.0 0.0020517734810709953
419.0 0.004334071491030045
420.0 0.006616368773393333
421.0 0.004800929673365317
422.0 0.00298548984574154
423.0 0.0037651021557394415
424.0 0.004544714465737343
425.0 0.0035135701182298362
426.0 0.002482424497429747
427.0 0.0040854716644389555
428.0 0.005688519740942866
429.0 0.005419768058345653
430.0 0.0051510178309399635
431.0 0.0038591977499891073
432.0 0.002567378578532953
433.0 0.003045619996555615
434.0 0.003523861596477218
435.0 0.002995386785187293
436.0 0.002466911610099487
437.0 0.001964338844118174
438.0 0.0014617663509852719
439.0 0.0019052544303121977
440.0 0.0023487426005885936
441.0 0.0007541604190919315
442.0 1.5721045342267925e-10
443.0 1.5721045342267925e-10
444.0 1.5721045342267925e-10
445.0 1.5721045342267925e-10
446.0 1.5721045342267925e-10
447.0 5.3586279591399943e-05
448.0 0.0007942073352751322
449.0 1.5721045342267925e-10
450.0 1.5721045342267925e-10
451.0 1.5721045342267925e-10
452.0 0.0010690214367059525
453.0 0.0016237047020695172
454.0 0.002178388422180433
455.0 0.0020595760361175053
456.0 0.0019407636500545777
457.0 0.0013607752407551743
458.0 0.0007807866495568305
459.0 0.0004641915438696742
460.0 0.00014759641544515034
461.0 0.0004613506916939514
462.0 0.0007751047633064445
463.0 0.0003299615173091297
464.0 1.5721045342267925e-10
465.0 0.00018917653505923226
466.0 0.0004935347533319145
467.0 0.0006525269782287069
468.0 0.0008115192031254992
469.0 0.0006550280431838473
470.0 0.0004985370196664007
471.0 0.0005368993697629776
472.0 0.0005752619017584948
473.0 0.000881052346812794
474.0 0.0011868429282912984
475.0 0.0006599220341740875
476.0 0.00013300139016791945
477.0 0.0006051954187569208
478.0 0.0010773895155580249
479.0 0.0012638423868338577
480.0 0.0014502952581096906
481.0 0.002761343239399139
482.0 0.004072389492648654
483.0 0.0056562254030723125
484.0 0.0072400609496980906
485.0 0.00856768383528106
486.0 0.009895306720864028
487.0 0.012268403952475637
488.0 0.014641501184087247
489.0 0.017508098972029984
490.0 0.02037469675997272
491.0 0.02250084071420133
492.0 0.024626986123621464
493.0 0.025504204677417874
494.0 0.026381423231214285
495.0 0.023124621657188982
496.0 0.019867817172780633
497.0 0.01578159281052649
498.0 0.011695366993080825
499.0 0.00855119651532732
500.0 0.005407026037573814
501.0 0.004269541022949852
502.0 0.0031320563721237704
503.0 0.002501576818758622
504.0 0.0018710972653934732
505.0 0.001795151001715567
506.0 0.0017192047380376607
507.0 0.0017891368770506233
508.0 0.0018590686522657052
509.0 0.0018175402146880515
510.0 0.0017760119590093382
511.0 0.0014296437257144134
512.0 0.001083275674318429
513.0 0.0015411007552756928
514.0 0.0019989258362329565
515.0 0.0026314164642826654
516.0 0.0032639072742313147
517.0 0.0025743862352101132
518.0 0.0018848655599867925
519.0 0.002035279612755403
520.0 0.0021856938474229537
521.0 0.0017346857930533588
522.0 0.0012836781024816446
523.0 0.001396002608089475
524.0 0.0015083273865457159
525.0 0.0020708912416012026
526.0 0.0026334546419093385
527.0 0.002552588739490602
528.0 0.002471722837071866
529.0 0.0017638294593780302
530.0 0.001055936354532605
531.0 0.001063138188328594
532.0 0.0010703402040235233
533.0 0.0012327110198384617
534.0 0.0013950820175523404
535.0 0.00157706508616684
536.0 0.0017590480638318695
537.0 0.002529260382289067
538.0 0.0032994721550494432
539.0 0.004092493691132404
540.0 0.004885515227215365
541.0 0.005469541429192759
542.0 0.006053567994968034
543.0 0.004993793845642358
544.0 0.003934019696316682
545.0 0.003113632192253135
546.0 0.00229324541578535
547.0 0.0019421069737290964
548.0 0.0015909685316728428
549.0 0.0017357833712594584
550.0 0.0018805985746439546
551.0 0.0016149106158991344
552.0 0.0013492226571543142
553.0 0.001363171759294346
554.0 0.001377120952383848
555.0 0.0010017747626989149
556.0 0.0006264285275392467
557.0 0.0006700029643980088
558.0 0.000713577492206241
559.0 0.00024745672817516606
560.0 1.5721045342267925e-10
561.0 0.0005425033123174217
562.0 0.0013036707969149575
563.0 0.0016119836800498888
564.0 0.0019202965631848201
565.0 0.0014388253475772217
566.0 0.000957354495767504
567.0 0.0006950549959583441
568.0 0.00043275567804812454
569.0 0.0005463365141622489
570.0 0.000659917168377433
571.0 0.00044579974201042205
572.0 0.00023168231564341113
573.0 0.0003781985469686333
574.0 0.0005247148237685906
575.0 0.00047763674047018867
576.0 0.0004305585207475815
577.0 0.00048438814701512456
578.0 0.0005382177732826676
579.0 0.00025960396214941284
580.0 1.5721045342267925e-10
581.0 0.00015795375247762422
582.0 0.00033491733120172285
583.0 0.0004699035343946889
584.0 0.0006048896011634497
585.0 0.0007207636826933594
586.0 0.0008366379006474745
587.0 0.0007795780220476445
588.0 0.0007225180524983443
589.0 0.0005667817276844289
590.0 0.0004110454483452486
591.0 0.0006505016699520638
592.0 0.0008899580279830843
593.0 0.000555536007595947
594.0 0.00022111391899670707
595.0 0.0005334793058864307
596.0 0.0008458445336145815
597.0 0.0007495855243178084
598.0 0.0006533265604957705
599.0 0.0005647285888699116
600.0 0.0004761305262945825
601.0 0.00044861781134386547
602.0 0.0004211050963931484
603.0 0.0003122802354482701
604.0 0.00020345523807918653
605.0 0.00019830426936096046
606.0 0.0001931533006427344
607.0 0.00045059482545184437
608.0 0.0007080362138367491
609.0 0.0006303097507043276
610.0 0.0005525830147234956
611.0 0.0006996945558057632
612.0 0.000846806142362766
613.0 0.0005266193056741031
614.0 0.0002064325599349104
615.0 1.5721045342267925e-10
616.0 1.5721045342267925e-10
617.0 1.5721045342267925e-10
618.0 0.0002313297727596364
619.0 0.000350497180079401
620.0 0.00046966465561126824
621.0 0.0006437058345909463
622.0 0.0008177469680958893
623.0 0.0006689246674795868
624.0 0.0005201024123380193
625.0 0.0004170858119323384
626.0 0.00031406930247612763
627.0 0.0003117921778539312
628.0 0.0003095150759691023
629.0 0.00046564450713049155
630.0 0.0006217740519787185
631.0 0.0005954223070148146
632.0 0.0005690705620509107
633.0 0.0004848549906455446
634.0 0.00040063937376544345
635.0 0.00042656265577534214
636.0 0.00045248580136103556
637.0 0.00039845158426032867
638.0 0.00034441718526068144
639.0 0.0006139367542346008
640.0 0.0008834561413095798
641.0 0.0005837808203068562
642.0 0.00028410549930413254
643.0 0.0005954366770311026
644.0 0.0009067678547580726
645.0 0.0007551002454420086
646.0 0.0006034326816006796
647.0 0.0007550320788141107
648.0 0.0009066318853001576
649.0 0.0007962969903019257
650.0 0.0006859620953036938
651.0 0.0009159973160421941
652.0 0.0011460327186796349
653.0 0.0012640550266951323
654.0 0.0013820773347106297
655.0 0.0020264127670088783
656.0 0.0026707481083576567
657.0 0.0037171976146055385
658.0 0.004763645483762957
659.0 0.007435271982103586
660.0 1.5721045342267925e-10
661.0 0.0543720496352762
662.0 0.20242289174348116
663.0 0.13432063860818744
664.0 0.15878250123932958
665.0 0.14661361929029226
666.0 0.23247436620295048
667.0 0.09664249955676496
668.0 0.23862950038164854
669.0 0.40563889779150486
670.0 0.533048203215003
671.0 0.8836410008370876
672.0 1.3444751501083374
673.0 1.9381053745746613
674.0 2.8063980862498283
675.0 3.8154974579811096
676.0 5.020543187856674
677.0 6.4553312957286835
678.0 7.823939621448517
679.0 9.454809129238129
680.0 11.680719256401062
681.0 13.911306858062744
682.0 16.574423015117645
683.0 19.368113577365875
684.0 22.401688992977142
685.0 25.287199020385742
686.0 28.321805596351624
687.0 31.63294494152069
688.0 35.15157997608185
689.0 38.799238204956055
690.0 43.106088042259216
691.0 47.74256944656372
692.0 53.1749963760376
693.0 58.92544388771057
694.0 65.11905193328857
695.0 70.90511322021484
696.0 77.11266279220581
697.0 82.39051103591919
698.0 87.74858713150024
699.0 91.28986597061157
700.0 93.82885098457336
701.0 95.63886523246765
702.0 96.80225849151611
703.0 97.2903847694397
704.0 97.55499362945557
705.0 97.75277972221375
706.0 97.73236513137817
707.0 97.78701663017273
708.0 97.88743257522583
709.0 97.86962270736694
710.0 97.69666790962219
711.0 98.00732135772705
712.0 97.91795611381531
713.0 97.94012904167175
714.0 98.04673790931702
715.0 98.13827276229858
716.0 98.02533388137817
717.0 98.16513657569885
718.0 98.17367792129517
719.0 98.02798628807068
720.0 98.17822575569153
721.0 98.05641174316406
722.0 97.6667582988739
723.0 97.30527400970459
724.0 97.11903929710388
725.0 96.97607159614563
726.0 96.71531319618225
727.0 96.5616524219513
728.0 96.39208316802979
729.0 96.30677700042725
730.0 96.42758369445801
731.0 96.5203583240509
732.0 96.69443964958191
733.0 96.99681401252747
734.0 97.34686613082886
735.0 97.45720028877258
736.0 97.83270359039307
737.0 98.23096990585327
738.0 98.45399260520935
739.0 98.64591360092163
740.0 98.72264862060547
741.0 98.60517978668213
742.0 98.8812506198883
743.0 98.76331090927124
744.0 98.51210713386536
745.0 98.52615594863892
746.0 98.53014349937439
747.0 98.751699924469
748.0 98.48036766052246
749.0 98.46214652061462
750.0 98.46082329750061
751.0 98.35212826728821
752.0 98.30629229545593
753.0 98.51164221763611
754.0 98.44091534614563
755.0 98.5918939113617
756.0 98.6804187297821
757.0 98.67861866950989
758.0 98.7111508846283
759.0 98.86114001274109
760.0 98.69943261146545
761.0 98.52923154830933
762.0 98.71312379837036
763.0 98.65622520446777
764.0 98.54264259338379
765.0 98.53229522705078
766.0 98.46851229667664
767.0 98.29081892967224
768.0 98.26881885528564
769.0 98.21671843528748
770.0 97.95908331871033
771.0 97.91447520256042
772.0 98.0631947517395
773.0 97.82947301864624
774.0 97.65604138374329
775.0 97.85088300704956
776.0 97.74094820022583
777.0 97.85207509994507
778.0 97.87085056304932
779.0 98.00557494163513
780.0 98.07968139648438
781.0 98.40402603149414
782.0 98.3774483203888
783.0 98.51077795028687
784.0 98.34062457084656
785.0 98.4778642654419
786.0 98.68768453598022
787.0 98.39925169944763
788.0 98.47294092178345
789.0 98.53218793869019
790.0 98.46432209014893
791.0 98.42676520347595
792.0 98.34659695625305
793.0 98.24715256690979
794.0 98.1482446193695
795.0 97.91216254234314
796.0 97.93484210968018
797.0 97.87037372589111
798.0 97.8595495223999
799.0 97.6404070854187
800.0 97.48503565788269
801.0 97.3111629486084
802.0 97.15292453765869
803.0 96.71635627746582
804.0 96.05610370635986
805.0 95.09485960006714
806.0 94.08628344535828
807.0 92.59898066520691
808.0 90.63485264778137
809.0 88.62364292144775
810.0 86.34187579154968
811.0 83.36096405982971
812.0 79.93723154067993
813.0 76.15906596183777
814.0 71.91475629806519
815.0 67.46832728385925
816.0 63.19367289543152
817.0 58.42200517654419
818.0 53.6080002784729
819.0 49.435585737228394
820.0 44.738778471946716
821.0 40.22122025489807
822.0 35.82720160484314
823.0 31.23711347579956
824.0 26.56322419643402
825.0 22.396160662174225
826.0 17.981602251529694
827.0 13.602058589458466
828.0 9.982682019472122
829.0 6.782370060682297
830.0 4.148779064416885
831.0 2.642311155796051
832.0 1.5121431089937687
833.0 0.85799191147089
834.0 0.45623239129781723
835.0 0.2945268526673317
836.0 0.16103590605780482
837.0 0.14177343109622598
838.0 0.0621346291154623
839.0 0.027380575193092227
840.0 0.026260281447321177
841.0 1.5721045342267925e-10
842.0 0.011601192090893164
843.0 0.001179897299152799
844.0 1.5721045342267925e-10
845.0 0.011520036787260324
846.0 1.5721045342267925e-10
847.0 1.5721045342267925e-10
848.0 1.5721045342267925e-10
849.0 0.007795310375513509
850.0 1.5721045342267925e-10
851.0 1.5721045342267925e-10
852.0 0.0009201342436426785
853.0 0.0010699475751607679
854.0 0.0012197611795272678
855.0 0.000993510548141785
856.0 0.0007672599167563021
857.0 0.0008498792340105865
858.0 0.0009324981874669902
859.0 0.0005413265625975328
860.0 0.00015015478993518627
861.0 0.0003045497805942432
862.0 0.0004589446234604111
863.0 0.00019123019683320308
864.0 1.5721045342267925e-10
865.0 8.970146581077643e-06
866.0 9.442445048080117e-05
867.0 3.109611270701862e-05
868.0 1.5721045342267925e-10
869.0 1.5721045342267925e-10
870.0 1.5721045342267925e-10
871.0 9.347631930722855e-05
872.0 0.0002835224222508259
873.0 0.00021734995243605226
874.0 0.00015117748262127861
875.0 0.00021422849840746494
876.0 0.0002772795369310188
877.0 1.5721045342267925e-10
878.0 1.5721045342267925e-10
879.0 4.994274718228553e-05
880.0 0.000395762663174537
881.0 0.0001759347583174531
882.0 1.5721045342267925e-10
883.0 0.00015011146388133056
884.0 0.0003441160970396595
885.0 0.00012650758662857697
886.0 1.5721045342267925e-10
887.0 8.388454375563015e-05
888.0 0.00025886997718771454
889.0 0.00012920883136757766
890.0 1.5721045342267925e-10
891.0 5.113485599395062e-05
892.0 0.00010272199233440915
893.0 0.00016498701143063954
894.0 0.00022725203052686993
