lsstCam/transmission_filter_detector/r12_s20/i_39/19700101T000000.ecsv
# %ECSV 1.0
# ---
# datatype:
# - {name: wavelength, unit: nm, datatype: float32}
# - {name: efficiency, unit: '%', datatype: float64}
# meta: !!omap
# - {MODE: DETECTOR}
# - {TYPE: transmission_filter_detector}
# - {CALIBDATE: '1970-01-01T00:00:00'}
# - {INSTRUME: LSSTCam}
# - {OBSTYPE: transmission_filter_detector}
# - {CALIBCLS: lsst.ip.isr.IntermediateFilterDetectorTransmissionCurve}
# - {SOURCE: Materion (DM-46256)}
# - {DETECTOR: 51}
# - {FILTER: i_39}
# - {CALIB_ID: 'calibDate=1970-01-01T00:00:00 filter=i_39 detector=51'}
# - {DATE: '2025-04-02T15:59:46.715371'}
# - {CALIB_CREATION_DATE: '2025-04-02'}
# - {CALIB_CREATION_TIME: '15:59:46'}
# - __serialized_columns__:
#     efficiency:
#       __class__: astropy.units.quantity.Quantity
#       unit: !astropy.units.Unit {unit: '%'}
#       value: !astropy.table.SerializedColumn {name: efficiency}
#     wavelength:
#       __class__: astropy.units.quantity.Quantity
#       unit: !astropy.units.Unit {unit: nm}
#       value: !astropy.table.SerializedColumn {name: wavelength}
# schema: astropy-2.0
wavelength efficiency
[from data line 596]
896.0 1.5721045342267925e-10
897.0 1.5721045342267925e-10
898.0 1.5721045342267925e-10
899.0 1.5721045342267925e-10
900.0 1.5721045342267925e-10
901.0 1.5721045342267925e-10
902.0 1.5721045342267925e-10
903.0 1.5721045342267925e-10
904.0 1.5721045342267925e-10
905.0 1.5721045342267925e-10
906.0 1.5721045342267925e-10
907.0 6.180061404847947e-05
908.0 0.0002743040795394336
909.0 6.347095649061885e-06
910.0 1.5721045342267925e-10
911.0 1.5721045342267925e-10
912.0 0.00018462937987351324
913.0 8.576045047448133e-05
914.0 1.5721045342267925e-10
915.0 1.5721045342267925e-10
916.0 1.5721045342267925e-10
917.0 1.5721045342267925e-10
918.0 1.5721045342267925e-10
919.0 1.5721045342267925e-10
920.0 1.5721045342267925e-10
921.0 1.5721045342267925e-10
922.0 1.5721045342267925e-10
923.0 1.5721045342267925e-10
924.0 1.5721045342267925e-10
925.0 0.00012378136489132885
926.0 0.0003069531885557808
927.0 7.261355676746462e-05
928.0 1.5721045342267925e-10
929.0 6.191443162606447e-05
930.0 0.00028555491553561296
931.0 0.00022146550691104494
932.0 0.00015737608691779315
933.0 0.00014543943507305812
934.0 0.00013350282870305819
935.0 1.5721045342267925e-10
936.0 1.5721045342267925e-10
937.0 1.5721045342267925e-10
938.0 1.5721045342267925e-10
939.0 1.5721045342267925e-10
940.0 1.5721045342267925e-10
941.0 1.5721045342267925e-10
942.0 6.818788733653491e-06
943.0 1.5721045342267925e-10
944.0 1.5721045342267925e-10
945.0 1.5721045342267925e-10
946.0 1.5721045342267925e-10
947.0 1.5721045342267925e-10
948.0 1.5721045342267925e-10
949.0 1.5721045342267925e-10
950.0 1.5721045342267925e-10
951.0 1.5721045342267925e-10
952.0 1.5721045342267925e-10
953.0 1.5721045342267925e-10
954.0 1.5721045342267925e-10
955.0 7.15120791028312e-05
956.0 0.00030098051411187043
957.0 0.00022173753677634522
958.0 0.0001424944798600336
959.0 0.00016690397615093389
960.0 0.0001913134610731504
961.0 0.00021249218207231024
962.0 0.00023367092580883764
963.0 7.485236892534886e-05
964.0 1.5721045342267925e-10
965.0 1.5721045342267925e-10
966.0 1.5721045342267925e-10
967.0 1.5721045342267925e-10
968.0 1.5721045342267925e-10
969.0 1.5721045342267925e-10
970.0 1.5721045342267925e-10
971.0 1.5721045342267925e-10
972.0 1.5721045342267925e-10
973.0 1.5721045342267925e-10
974.0 1.5721045342267925e-10
975.0 1.5721045342267925e-10
976.0 1.5721045342267925e-10
977.0 1.5721045342267925e-10
978.0 1.5721045342267925e-10
979.0 1.5721045342267925e-10
980.0 1.5721045342267925e-10
981.0 1.5721045342267925e-10
982.0 1.5721045342267925e-10
983.0 1.5721045342267925e-10
984.0 1.5721045342267925e-10
985.0 5.773113116447348e-05
986.0 0.00023859424800320994
987.0 1.5721045342267925e-10
988.0 1.5721045342267925e-10
989.0 1.5721045342267925e-10
990.0 1.5721045342267925e-10
991.0 1.5721045342267925e-10
992.0 1.5721045342267925e-10
993.0 1.5721045342267925e-10
994.0 4.9958578074438265e-05
995.0 1.5721045342267925e-10
996.0 1.5721045342267925e-10
997.0 7.815096410013211e-05
998.0 0.00026560082915239036
999.0 0.00030340902412717696
1000.0 0.0003412171736272285
1001.0 0.0002089588861053926
1002.0 7.670054742447974e-05
1003.0 0.00010129194834007649
1004.0 0.00012588337767738267
1005.0 1.9225748815188126e-05
1006.0 1.5721045342267925e-10
1007.0 4.495093435252784e-05
1008.0 0.00017733376580508775
1009.0 0.00012114143146391143
1010.0 6.49490175419487e-05
1011.0 3.462944562215853e-05
1012.0 4.309870860197407e-06
1013.0 0.0002129167114617303
1014.0 0.00042152360038016923
1015.0 0.00034915574360638857
1016.0 0.00027678795504471054
1017.0 0.0003090198106292519
1018.0 0.00034125184811273357
1019.0 0.00033610735954425763
1020.0 0.0003309628255010466
1021.0 0.00019818489818135276
1022.0 6.540698223034269e-05
1023.0 0.0004799808266398031
1024.0 0.0008945547961047851
1025.0 0.0007025638751656516
1026.0 0.0005105730451759882
1027.0 0.00041379157664778177
1028.0 0.0003170101081195753
1029.0 0.000763743810239248
1030.0 0.0012104774214094505
1031.0 0.0017338910765829496
1032.0 0.0022573041860596277
1033.0 0.002400963603577111
1034.0 0.0025446222934988327
1035.0 0.00308998060063459
1036.0 0.003635338362073526
1037.0 0.003783418287639506
1038.0 0.0039314982132054865
1039.0 0.0033705367968650535
1040.0 0.002809576108120382
1041.0 0.002628146467031911
1042.0 0.00244671682594344
1043.0 0.0031294253858504817
1044.0 0.0038121335819596425
1045.0 0.0034104527003364637
1046.0 0.0030087720006122254
1047.0 0.0026895453629549593
1048.0 0.0023703189071966335
1049.0 0.002147564373444766
1050.0 0.0019248096577939577
1051.0 0.0020540917830658145
1052.0 0.002183374272135552
1053.0 0.001307264028582722
1054.0 0.0004311537850298919
1055.0 0.00046799800657026935
1056.0 0.0005048421826359117
1057.0 0.000608170830673771
1058.0 0.0007114996606105706
1059.0 0.0009105334356718231
1060.0 0.001109567438106751
1061.0 0.001705335671431385
1062.0 0.0023011036319076084
1063.0 0.0027422976927482523
1064.0 0.0031834919354878366
1065.0 0.0035325720091350377
1066.0 0.003881652810378
1067.0 0.004610541873262264
1068.0 0.005339430572348647
1069.0 0.004308436473365873
1070.0 0.0032774420105852187
1071.0 0.003299630043329671
1072.0 0.0033218180760741234
1073.0 0.0032588362955721095
1074.0 0.0031958545150700957
1075.0 0.0034428638173267245
1076.0 0.0036898727557854727
1077.0 0.0028340096832835115
1078.0 0.0019781462469836697
1079.0 0.0018494718460715376
1080.0 0.0017207974451594055
1081.0 0.0012273900210857391
1082.0 0.0007339824605878675
1083.0 0.0002448475697747199
1084.0 1.5721045342267925e-10
1085.0 0.0006289340490184259
1086.0 0.0015021558283478953
1087.0 0.0011736615306290332
1088.0 0.0008451673238596413
1089.0 1.5721045342267925e-10
1090.0 1.5721045342267925e-10
1091.0 1.5721045342267925e-10
1092.0 1.5721045342267925e-10
1093.0 1.5721045342267925e-10
1094.0 1.5721045342267925e-10
1095.0 0.0004415843704919098
1096.0 0.000906755212781718
1097.0 1.5721045342267925e-10
1098.0 1.5721045342267925e-10
1099.0 1.5721045342267925e-10
1100.0 1.5721045342267925e-10
