lsstCam/transmission_sensor/r14_s20/19700101T000000.ecsv
# %ECSV 1.0
# ---
# datatype:
# - {name: amp_name, datatype: string}
# - {name: wavelength, unit: nm, datatype: float32}
# - {name: efficiency, unit: '%', datatype: float64}
# meta: !!omap
# - {MODE: AMP}
# - {TYPE: transmission_sensor}
# - {CALIBDATE: '1970-01-01T00:00:00'}
# - {INSTRUME: LSSTCAM}
# - {OBSTYPE: transmission_sensor}
# - {DETECTOR: 69}
# - {PARQUETFILE: qe_raft_allvalues_nircorrected_20230725.parquet}
# - {CALIBCLS: lsst.ip.isr.IntermediateSensorTransmissionCurve}
# - {CALIB_ID: 'raftName=R14 detectorName=S20 detector=69 calibDate=1970-01-01T00:00:00 ccd=69 ccdnum=69 filter=None'}
# - {DATE: '2024-01-18T22:42:25.217130'}
# - {CALIB_CREATION_DATE: '2024-01-18'}
# - {CALIB_CREATION_TIME: '22:42:25'}
# - __serialized_columns__:
#     efficiency:
#       __class__: astropy.units.quantity.Quantity
#       unit: !astropy.units.Unit {unit: '%'}
#       value: !astropy.table.SerializedColumn {name: efficiency}
#     wavelength:
#       __class__: astropy.units.quantity.Quantity
#       unit: !astropy.units.Unit {unit: nm}
#       value: !astropy.table.SerializedColumn {name: wavelength}
# schema: astropy-2.0
amp_name wavelength efficiency
C00 319.994 44.477394104003906
C00 324.969 50.27376937866211
C00 349.982 74.59220886230469
C00 374.975 79.19424438476562
C00 400.019 85.05110168457031
C00 424.965 86.59456634521484
C00 450.035 88.4888687133789
C00 475.003 90.22708892822266
C00 500.018 92.34564208984375
C00 525.002 94.57054138183594
C00 550.029 95.18726348876953
C00 575.023 97.04096984863281
C00 599.982 97.72398376464844
C00 619.997 98.07398986816406
C00 624.979 98.92314910888672
C00 650.012 99.02401733398438
C00 675.004 98.39777374267578
C00 700.03 98.07086181640625
C00 725.012 97.29537200927734
C00 750.022 97.44902801513672
C00 774.987 97.75591278076172
C00 799.976 96.37346649169922
C00 824.988 94.75758361816406
C00 850.022 92.60311889648438
C00 869.967 89.46171569824219
C00 875.002 88.04515075683594
C00 899.999 81.60539245605469
C00 919.999 72.75907135009766
C00 925.012 70.04888916015625
C00 949.965 57.27700424194336
C00 975.002 42.242652893066406
C00 999.976 25.75467300415039
C00 1025.028 11.02872371673584
C00 1050.014 3.9108846187591553
C00 1075.002 0.9283903850585954
C00 1099.99 0.09211404111079481
C01 319.994 44.78467559814453
C01 324.969 50.62284469604492
C01 349.982 75.17768096923828
C01 374.975 79.7536392211914
C01 400.019 85.45527648925781
C01 424.965 86.91236877441406
C01 450.035 88.76477813720703
C01 475.003 90.48085021972656
C01 500.018 92.59181213378906
C01 525.002 94.81055450439453
C01 550.029 95.42501068115234
C01 575.023 97.2789535522461
C01 599.982 97.965576171875
C01 619.997 98.31619262695312
C01 624.979 99.16935729980469
C01 650.012 99.26934051513672
C01 675.004 98.64885711669922
C01 700.03 98.34709930419922
C01 725.012 97.63327026367188
C01 750.022 97.8705825805664
C01 774.987 98.25869750976562
C01 799.976 96.91281127929688
C01 824.988 95.28445434570312
C01 850.022 93.14839935302734
C01 869.967 90.00580596923828
C01 875.002 88.57917785644531
C01 899.999 82.06111907958984
C01 919.999 73.10938262939453
C01 925.012 70.36576843261719
C01 949.965 57.649391174316406
C01 975.002 42.56112289428711
C01 999.976 25.939733505249023
C01 1025.028 11.061189651489258
C01 1050.014 3.9034910202026367
C01 1075.002 0.9324057622689713
C01 1099.99 0.09251244314875708
C02 319.994 45.00067901611328
C02 324.969 50.8646354675293
C02 349.982 75.48601531982422
C02 374.975 79.9761962890625
C02 400.019 85.55828094482422
C02 424.965 86.96033477783203
C02 450.035 88.78564453125
C02 475.003 90.48377990722656
C02 500.018 92.5821762084961
C02 525.002 94.79041290283203
C02 550.029 95.39934539794922
C02 575.023 97.24180603027344
C02 599.982 97.92636108398438
C02 619.997 98.27265930175781
C02 624.979 99.12306213378906
C02 650.012 99.21953582763672
C02 675.004 98.59709167480469
C02 700.03 98.2999496459961
C02 725.012 97.59819793701172
C02 750.022 97.85391235351562
C02 774.987 98.2682876586914
C02 799.976 96.93165588378906
C02 824.988 95.30809020996094
C02 850.022 93.21066284179688
C02 869.967 90.05127716064453
C02 875.002 88.61741638183594
C02 899.999 82.16863250732422
C02 919.999 73.2151107788086
C02 925.012 70.45360565185547
C02 949.965 57.70005798339844
C02 975.002 42.62451171875
C02 999.976 26.0031681060791
C02 1025.028 11.076990127563477
C02 1050.014 3.9012789726257324
C02 1075.002 0.9322467637386751
C02 1099.99 0.09249666746065004
C03 319.994 45.30006790161133
C03 324.969 51.200191497802734
C03 349.982 75.89559936523438
C03 374.975 80.30753326416016
C03 400.019 85.8259048461914
C03 424.965 87.2013931274414
C03 450.035 89.0188217163086
C03 475.003 90.7140884399414
C03 500.018 92.80997467041016
C03 525.002 95.0140609741211
C03 550.029 95.62023162841797
C03 575.023 97.45983123779297
C03 599.982 98.13636016845703
C03 619.997 98.48099517822266
C03 624.979 99.32698822021484
C03 650.012 99.42179870605469
C03 675.004 98.79108428955078
C03 700.03 98.48434448242188
C03 725.012 97.76829528808594
C03 750.022 98.00825500488281
C03 774.987 98.41329193115234
C03 799.976 97.06928253173828
C03 824.988 95.44853210449219
C03 850.022 93.3563232421875
C03 869.967 90.18365478515625
C03 875.002 88.75086212158203
C03 899.999 82.34733581542969
C03 919.999 73.39093780517578
C03 925.012 70.63255310058594
C03 949.965 57.79143524169922
C03 975.002 42.71751022338867
C03 999.976 26.058551788330078
C03 1025.028 11.095025062561035
C03 1050.014 3.907008647918701
C03 1075.002 0.9337173034527052
C03 1099.99 0.09264257306011904
C04 319.994 45.77790451049805
C04 324.969 51.73537826538086
C04 349.982 76.48507690429688
C04 374.975 80.70588684082031
C04 400.019 86.1187973022461
C04 424.965 87.46431732177734
C04 450.035 89.27351379394531
C04 475.003 90.96571350097656
C04 500.018 93.05977630615234
C04 525.002 95.2596664428711
C04 550.029 95.85182189941406
C04 575.023 97.68464660644531
C04 599.982 98.3465805053711
C04 619.997 98.67977142333984
C04 624.979 99.52599334716797
C04 650.012 99.60509490966797
C04 675.004 98.96233367919922
C04 700.03 98.63408660888672
C04 725.012 97.8861312866211
C04 750.022 98.0909652709961
C04 774.987 98.46077728271484
C04 799.976 97.10022735595703
C04 824.988 95.48197937011719
C04 850.022 93.38294219970703
C04 869.967 90.1985855102539
C04 875.002 88.76473999023438
C04 899.999 82.41851806640625
C04 919.999 73.46842193603516
C04 925.012 70.70696258544922
C04 949.965 57.75114822387695
C04 975.002 42.69236755371094
C04 999.976 26.03458595275879
C04 1025.028 11.092824935913086
C04 1050.014 3.9095563888549805
C04 1075.002 0.9345055964129181
C04 1099.99 0.09272078676344149
C05 319.994 46.16364669799805
C05 324.969 52.16714096069336
C05 349.982 76.99150848388672
C05 374.975 81.09501647949219
C05 400.019 86.4690170288086
C05 424.965 87.79832458496094
C05 450.035 89.61177062988281
C05 475.003 91.30901336669922
C05 500.018 93.40381622314453
C05 525.002 95.60771179199219
C05 550.029 96.19217681884766
C05 575.023 98.02277374267578
C05 599.982 98.68103790283203
C05 619.997 99.0075912475586
C05 624.979 99.85603332519531
C05 650.012 99.92855072021484
C05 675.004 99.27300262451172
C05 700.03 98.92477416992188
C05 725.012 98.14539337158203
C05 750.022 98.3116226196289
C05 774.987 98.64486694335938
C05 799.976 97.2645492553711
C05 824.988 95.64443969726562
C05 850.022 93.52325439453125
C05 869.967 90.33715057373047
C05 875.002 88.90716552734375
C05 899.999 82.64302825927734
C05 919.999 73.60658264160156
C05 925.012 70.84004211425781
C05 949.965 57.79618835449219
C05 975.002 42.793540954589844
C05 999.976 26.042646408081055
C05 1025.028 11.114851951599121
C05 1050.014 3.9153647422790527
C05 1075.002 0.9366081387660955
C05 1099.99 0.09292939908415779
C06 319.994 46.226890563964844
C06 324.969 52.23457717895508
C06 349.982 77.00167083740234
C06 374.975 81.00933074951172
C06 400.019 86.32653045654297
C06 424.965 87.64059448242188
C06 450.035 89.44602966308594
C06 475.003 91.1375961303711
C06 500.018 93.22897338867188
C06 525.002 95.42330169677734
C06 550.029 96.0035400390625
C06 575.023 97.82344055175781
C06 599.982 98.47315979003906
C06 619.997 98.79814910888672
C06 624.979 99.64215087890625
C06 650.012 99.7098617553711
C06 675.004 99.04743957519531
C06 700.03 98.6914291381836
C06 725.012 97.8833999633789
C06 750.022 98.01203918457031
C06 774.987 98.31047058105469
C06 799.976 96.92156982421875
C06 824.988 95.32101440429688
C06 850.022 93.19306945800781
C06 869.967 90.03311157226562
C06 875.002 88.62088012695312
C06 899.999 82.4468765258789
C06 919.999 73.39708709716797
C06 925.012 70.63080596923828
C06 949.965 57.591304779052734
C06 975.002 42.68341064453125
C06 999.976 25.955307006835938
C06 1025.028 11.087363243103027
C06 1050.014 3.9137792587280273
C06 1075.002 0.9337543744109025
C06 1099.99 0.09264625120653498
C07 319.994 46.35312271118164
C07 324.969 52.381839752197266
C07 349.982 77.1093521118164
C07 374.975 81.02462005615234
C07 400.019 86.3610610961914
C07 424.965 87.69636535644531
C07 450.035 89.52366638183594
C07 475.003 91.22833251953125
C07 500.018 93.33328247070312
C07 525.002 95.5304183959961
C07 550.029 96.11383819580078
C07 575.023 97.93313598632812
C07 599.982 98.58311462402344
C07 619.997 98.89736938476562
C07 624.979 99.74288177490234
C07 650.012 99.80254364013672
C07 675.004 99.1338119506836
C07 700.03 98.76121520996094
C07 725.012 97.92733764648438
C07 750.022 98.02741241455078
C07 774.987 98.2934799194336
C07 799.976 96.890625
C07 824.988 95.30068969726562
C07 850.022 93.14672088623047
C07 869.967 90.06185913085938
C07 875.002 88.68500518798828
C07 899.999 82.46485900878906
C07 919.999 73.3541030883789
C07 925.012 70.54798889160156
C07 949.965 57.68133544921875
C07 975.002 42.65756607055664
C07 999.976 25.97087860107422
C07 1025.028 11.147196769714355
C07 1050.014 3.9130444526672363
C07 1075.002 0.9339011221853476
C07 1099.99 0.09266081138590102
C10 319.994 43.58919143676758
C10 324.969 49.24945068359375
C10 349.982 72.71724700927734
C10 374.975 77.38036346435547
C10 400.019 84.07218933105469
C10 424.965 86.04967498779297
C10 450.035 88.1797866821289
C10 475.003 90.05985260009766
C10 500.018 92.26451110839844
C10 525.002 94.53899383544922
C10 550.029 95.18167877197266
C10 575.023 97.04459381103516
C10 599.982 97.73114013671875
C10 619.997 98.08113098144531
C10 624.979 98.93138122558594
C10 650.012 99.02080535888672
C10 675.004 98.39898681640625
C10 700.03 98.11884307861328
C10 725.012 97.48123168945312
C10 750.022 97.82490539550781
C10 774.987 98.33061218261719
C10 799.976 97.03092193603516
C10 824.988 95.40455627441406
C10 850.022 93.34805297851562
C10 869.967 90.22454071044922
C10 875.002 88.7923812866211
C10 899.999 82.42313385009766
C10 919.999 73.2823257446289
C10 925.012 70.5396957397461
C10 949.965 57.75735092163086
C10 975.002 42.73427963256836
C10 999.976 26.016477584838867
C10 1025.028 11.100175857543945
C10 1050.014 3.989333152770996
C10 1075.002 0.9319696364337473
C10 1099.99 0.09246917114404672
C11 319.994 43.98629379272461
C11 324.969 49.69744110107422
C11 349.982 73.43156433105469
C11 374.975 78.05533599853516
C11 400.019 84.54936218261719
C11 424.965 86.42556762695312
C11 450.035 88.50481414794922
C11 475.003 90.35623168945312
C11 500.018 92.55023193359375
C11 525.002 94.81604766845703
C11 550.029 95.45779418945312
C11 575.023 97.31951141357422
C11 599.982 98.00887298583984
C11 619.997 98.35668182373047
C11 624.979 99.20563507080078
C11 650.012 99.30316162109375
C11 675.004 98.68048095703125
C11 700.03 98.42337036132812
C11 725.012 97.85020446777344
C11 750.022 98.27670288085938
C11 774.987 98.86695098876953
C11 799.976 97.59690856933594
C11 824.988 95.95274353027344
C11 850.022 93.89948272705078
C11 869.967 90.75847625732422
C11 875.002 89.29705810546875
C11 899.999 82.8215560913086
C11 919.999 73.57027435302734
C11 925.012 70.75885772705078
C11 949.965 58.06248092651367
C11 975.002 43.050270080566406
C11 999.976 26.110002517700195
C11 1025.028 11.126250267028809
C11 1050.014 3.9721570014953613
C11 1075.002 0.936273168256737
C11 1099.99 0.09289616361795032
C12 319.994 44.24588394165039
C12 324.969 49.9910774230957
C12 349.982 73.81136322021484
C12 374.975 78.33460235595703
C12 400.019 84.66439056396484
C12 424.965 86.46722412109375
C12 450.035 88.50776672363281
C12 475.003 90.33647918701172
C12 500.018 92.51211547851562
C12 525.002 94.76457214355469
C12 550.029 95.39537811279297
C12 575.023 97.24903106689453
C12 599.982 97.92921447753906
C12 619.997 98.2711410522461
C12 624.979 99.11717987060547
C12 650.012 99.21209716796875
C12 675.004 98.58934020996094
C12 700.03 98.3345947265625
C12 725.012 97.78533935546875
C12 750.022 98.24971771240234
C12 774.987 98.87596893310547
C12 799.976 97.61922454833984
C12 824.988 95.97486877441406
C12 850.022 93.92072296142578
C12 869.967 90.7747802734375
C12 875.002 89.31404876708984
C12 899.999 82.83668518066406
C12 919.999 73.47216796875
C12 925.012 70.67155456542969
C12 949.965 57.985809326171875
C12 975.002 43.03064727783203
C12 999.976 26.12828254699707
C12 1025.028 11.133975982666016
C12 1050.014 3.961117744445801
C12 1075.002 0.9360157622977879
C12 1099.99 0.0928706240351774
C13 319.994 44.47132873535156
C13 324.969 50.245582580566406
C13 349.982 74.11833190917969
C13 374.975 78.58870697021484
C13 400.019 84.85009765625
C13 424.965 86.62203979492188
C13 450.035 88.642578125
C13 475.003 90.46236419677734
C13 500.018 92.6341323852539
C13 525.002 94.8786849975586
C13 550.029 95.50312805175781
C13 575.023 97.3498306274414
C13 599.982 98.02448272705078
C13 619.997 98.36408233642578
C13 624.979 99.20996856689453
C13 650.012 99.29903411865234
C13 675.004 98.67166137695312
C13 700.03 98.4142837524414
C13 725.012 97.86772918701172
C13 750.022 98.33399963378906
C13 774.987 98.97543334960938
C13 799.976 97.7222671508789
C13 824.988 96.06501007080078
C13 850.022 94.01393127441406
C13 869.967 90.8548583984375
C13 875.002 89.40807342529297
C13 899.999 82.9400863647461
C13 919.999 73.52247619628906
C13 925.012 70.68700408935547
C13 949.965 57.942832946777344
C13 975.002 43.120201110839844
C13 999.976 26.119312286376953
C13 1025.028 11.168355941772461
C13 1050.014 3.964982748031616
C13 1075.002 0.936818655974971
C13 1099.99 0.09295028640822424
C14 319.994 44.87934494018555
C14 324.969 50.70116424560547
C14 349.982 74.7227783203125
C14 374.975 79.08585357666016
C14 400.019 85.21346282958984
C14 424.965 86.92073059082031
C14 450.035 88.91840362548828
C14 475.003 90.7222671508789
C14 500.018 92.88126373291016
C14 525.002 95.11761474609375
C14 550.029 95.73483276367188
C14 575.023 97.57878875732422
C14 599.982 98.24518585205078
C14 619.997 98.58309936523438
C14 624.979 99.42655944824219
C14 650.012 99.51171112060547
C14 675.004 98.87738800048828
C14 700.03 98.61461639404297
C14 725.012 98.05340576171875
C14 750.022 98.51116943359375
C14 774.987 99.14527130126953
C14 799.976 97.885498046875
C14 824.988 96.23577117919922
C14 850.022 94.17440795898438
C14 869.967 91.02507019042969
C14 875.002 89.57794952392578
C14 899.999 83.09085083007812
C14 919.999 73.6268310546875
C14 925.012 70.79039764404297
C14 949.965 58.04226303100586
C14 975.002 43.097068786621094
C14 999.976 26.1914119720459
C14 1025.028 11.199847221374512
C14 1050.014 3.9719886779785156
C14 1075.002 0.938506613629502
C14 1099.99 0.09311776401601199
C15 319.994 45.15146255493164
C15 324.969 51.009239196777344
C15 349.982 75.1098403930664
C15 374.975 79.39601135253906
C15 400.019 85.44519805908203
C15 424.965 87.11524963378906
C15 450.035 89.09676361083984
C15 475.003 90.89429473876953
C15 500.018 93.04778289794922
C15 525.002 95.28485870361328
C15 550.029 95.89346313476562
C15 575.023 97.73333740234375
C15 599.982 98.39778137207031
C15 619.997 98.73119354248047
C15 624.979 99.57640838623047
C15 650.012 99.65225982666016
C15 675.004 99.01329803466797
C15 700.03 98.74076843261719
C15 725.012 98.1661376953125
C15 750.022 98.60631561279297
C15 774.987 99.224853515625
C15 799.976 97.95329284667969
C15 824.988 96.31291198730469
C15 850.022 94.25312805175781
C15 869.967 91.11322021484375
C15 875.002 89.67073822021484
C15 899.999 83.19380950927734
C15 919.999 73.74004364013672
C15 925.012 70.87431335449219
C15 949.965 58.09550476074219
C15 975.002 43.14694595336914
C15 999.976 26.203033447265625
C15 1025.028 11.227319717407227
C15 1050.014 3.9754796028137207
C15 1075.002 0.9394132121670091
C15 1099.99 0.09320771589002848
C16 319.994 45.30616760253906
C16 324.969 51.183197021484375
C16 349.982 75.31278991699219
C16 374.975 79.54093170166016
C16 400.019 85.52106475830078
C16 424.965 87.16932678222656
C16 450.035 89.14231872558594
C16 475.003 90.9349136352539
C16 500.018 93.08951568603516
C16 525.002 95.32044219970703
C16 550.029 95.92762756347656
C16 575.023 97.76441955566406
C16 599.982 98.42572021484375
C16 619.997 98.7565689086914
C16 624.979 99.59984588623047
C16 650.012 99.67642974853516
C16 675.004 99.03211212158203
C16 700.03 98.74994659423828
C16 725.012 98.16230010986328
C16 750.022 98.5808334350586
C16 774.987 99.18289184570312
C16 799.976 97.90953826904297
C16 824.988 96.2763671875
C16 850.022 94.21186065673828
C16 869.967 91.09014892578125
C16 875.002 89.66874694824219
C16 899.999 83.1782455444336
C16 919.999 73.75605010986328
C16 925.012 70.86570739746094
C16 949.965 58.081050872802734
C16 975.002 43.110286712646484
C16 999.976 26.218393325805664
C16 1025.028 11.239677429199219
C16 1050.014 3.9873321056365967
C16 1075.002 0.9391706169630814
C16 1099.99 0.09318364581676239
C17 319.994 45.377803802490234
C17 324.969 51.266517639160156
C17 349.982 75.37797546386719
C17 374.975 79.54351043701172
C17 400.019 85.53512573242188
C17 424.965 87.18601989746094
C17 450.035 89.16633605957031
C17 475.003 90.9654312133789
C17 500.018 93.12284088134766
C17 525.002 95.35881042480469
C17 550.029 95.96538543701172
C17 575.023 97.80229187011719
C17 599.982 98.45884704589844
C17 619.997 98.78489685058594
C17 624.979 99.6295394897461
C17 650.012 99.69610595703125
C17 675.004 99.04515075683594
C17 700.03 98.75554656982422
C17 725.012 98.15230560302734
C17 750.022 98.55607604980469
C17 774.987 99.13751220703125
C17 799.976 97.85595703125
C17 824.988 96.22803497314453
C17 850.022 94.16854858398438
C17 869.967 91.03207397460938
C17 875.002 89.63175964355469
C17 899.999 83.11944580078125
C17 919.999 73.82139587402344
C17 925.012 70.92949676513672
C17 949.965 57.99364471435547
C17 975.002 43.041603088378906
C17 999.976 26.23028564453125
C17 1025.028 11.25739860534668
C17 1050.014 3.9976911544799805
C17 1075.002 0.9389348988147797
C17 1099.99 0.09316025807863772
