lsstCam/transmission_sensor/r14_s20/19700101T000000.ecsv
# %ECSV 1.0
# ---
# datatype:
# - {name: amp_name, datatype: string}
# - {name: wavelength, unit: nm, datatype: float32}
# - {name: efficiency, unit: '%', datatype: float64}
# meta: !!omap
# - {MODE: AMP}
# - {TYPE: transmission_sensor}
# - {CALIBDATE: '1970-01-01T00:00:00'}
# - {INSTRUME: LSSTCam}
# - {OBSTYPE: transmission_sensor}
# - {DETECTOR: 69}
# - {PARQUETFILE: qe_raft_allvalues_nircorrected_20230725_adjust.parquet}
# - {CORRFILE: qe_corr_factor_bydetnum.parquet}
# - {CALIBCLS: lsst.ip.isr.IntermediateSensorTransmissionCurve}
# - {CALIB_ID: 'raftName=R14 detectorName=S20 detector=69 calibDate=1970-01-01T00:00:00 ccd=69 ccdnum=69 filter=None'}
# - {DATE: '2025-03-03T21:56:47.762587'}
# - {CALIB_CREATION_DATE: '2025-03-03'}
# - {CALIB_CREATION_TIME: '21:56:47'}
# - __serialized_columns__:
#     efficiency:
#       __class__: astropy.units.quantity.Quantity
#       unit: !astropy.units.Unit {unit: '%'}
#       value: !astropy.table.SerializedColumn {name: efficiency}
#     wavelength:
#       __class__: astropy.units.quantity.Quantity
#       unit: !astropy.units.Unit {unit: nm}
#       value: !astropy.table.SerializedColumn {name: wavelength}
# schema: astropy-2.0
amp_name wavelength efficiency
C00 319.994 44.56637444657294
C00 324.969 50.37434580207148
C00 349.982 74.741436136772
C00 374.975 79.35267837436434
C00 400.019 85.22125275380944
C00 424.965 86.76780523056853
C00 450.035 88.66589729183498
C00 475.003 90.40759494579792
C00 500.018 92.530386430951
C00 525.002 94.75973679983676
C00 550.029 95.37769270532017
C00 575.023 97.23510754294492
C00 599.982 97.91948787921629
C00 619.997 98.27019419603397
C00 624.979 99.1210522431201
C00 650.012 99.22212226262151
C00 675.004 98.59462582432381
C00 700.03 98.26705988637542
C00 725.012 97.49001865407678
C00 750.022 97.6439820602305
C00 774.987 97.95148077170653
C00 799.976 96.56626879578529
C00 824.988 94.94715322810214
C00 850.022 92.78837833913747
C00 869.967 89.64069052961447
C00 875.002 88.22129164444203
C00 899.999 81.7686501271143
C00 919.999 72.90463129631657
C00 925.012 70.18902718486777
C00 949.965 57.39159115876808
C00 975.002 42.327162469249316
C00 999.976 25.806197147433245
C00 1025.028 11.050787500691339
C00 1050.014 3.918708634984373
C00 1075.002 0.9302476992327833
C00 1099.99 0.09229832211687827
C01 319.994 44.87427068024956
C01 324.969 50.7241194706493
C01 349.982 75.32807952430079
C01 374.975 79.9131923218617
C01 400.019 85.62623614032381
C01 424.965 87.08624344721862
C01 450.035 88.94235869303374
C01 475.003 90.66186390568268
C01 500.018 92.7770489564205
C01 525.002 95.00023008653933
C01 550.029 95.61591552868472
C01 575.023 97.47356735069829
C01 599.982 98.16156361006354
C01 619.997 98.51288149949751
C01 624.979 99.36775299187813
C01 650.012 99.4679362310859
C01 675.004 98.84621150935455
C01 700.03 98.54385000785544
C01 725.012 97.82859289911859
C01 750.022 98.06637997699403
C01 774.987 98.45527135904199
C01 799.976 97.10669258283717
C01 824.988 95.47507799980836
C01 850.022 93.33474966988287
C01 869.967 90.18586929375809
C01 875.002 88.75638710507438
C01 899.999 82.22528846573296
C01 919.999 73.25564339944239
C01 925.012 70.50654039793572
C01 949.965 57.76472307895973
C01 975.002 42.6462695934485
C01 999.976 25.99162787586006
C01 1025.028 11.083318385967475
C01 1050.014 3.9113002449827707
C01 1075.002 0.9342711095046036
C01 1099.99 0.09269752118781723
C02 319.994 45.0907062291584
C02 324.969 50.96639396259685
C02 349.982 75.63703072074053
C02 374.975 80.13619463173806
C02 400.019 85.72944666398227
C02 424.965 87.13430541020216
C02 450.035 88.96326683185353
C02 475.003 90.66479945424092
C02 500.018 92.76739375374065
C02 525.002 94.98004819020142
C02 550.029 95.59019890016927
C02 575.023 97.43634551233869
C02 599.982 98.12227006946623
C02 619.997 98.46926108263986
C02 624.979 99.32136520893172
C02 650.012 99.41803190559575
C02 675.004 98.79434250683454
C02 700.03 98.49660602324622
C02 725.012 97.7934504076544
C02 750.022 98.04967639991132
C02 774.987 98.46488069377561
C02 799.976 97.12557488736546
C02 824.988 95.4987611493746
C02 850.022 93.39713772140325
C02 869.967 90.2314314536725
C02 875.002 88.79470212948563
C02 899.999 82.33301698209435
C02 919.999 73.36158306590109
C02 925.012 70.5945533420791
C02 949.965 57.8154912507704
C02 975.002 42.709785231980185
C02 999.976 26.05518938233797
C02 1025.028 11.099150472071962
C02 1050.014 3.9090837720397866
C02 1075.002 0.9341117928858946
C02 1099.99 0.09268171393927009
C03 319.994 45.39069406444048
C03 324.969 51.3026212977236
C03 349.982 76.04743416956687
C03 374.975 80.46819447115465
C03 400.019 85.99760596691475
C03 424.965 87.37584601501015
C03 450.035 89.19691050525353
C03 475.003 90.8955687363443
C03 500.018 92.9956479434595
C03 525.002 95.20414368612941
C03 550.029 95.81152703000852
C03 575.023 97.65480689553902
C03 599.982 98.3326892727622
C03 619.997 98.67801375055643
C03 624.979 99.5256992646955
C03 650.012 99.62069942598013
C03 675.004 98.98872321826803
C03 700.03 98.68136975528837
C03 725.012 97.96388805115973
C03 750.022 98.20432782525837
C03 774.987 98.61017505809326
C03 799.976 97.26347686768358
C03 824.988 95.63948400838541
C03 850.022 93.54308952628342
C03 869.967 90.36407390949043
C03 875.002 88.92841483738208
C03 899.999 82.5120777994895
C03 919.999 73.53776184734194
C03 925.012 70.77385878852078
C03 949.965 57.90705131608833
C03 975.002 42.802969787060164
C03 999.976 26.11068386377399
C03 1025.028 11.117221487301435
C03 1050.014 3.91482490997531
C03 1075.002 0.9355852745242472
C03 1099.99 0.09282791143376769
C04 319.994 45.86948662108464
C04 324.969 51.83887874632692
C04 349.982 76.63809100239014
C04 374.975 80.86734498384104
C04 400.019 86.29108437616208
C04 424.965 87.6392962087971
C04 450.035 89.45211211337813
C04 475.003 91.147697192072
C04 500.018 93.245949325996
C04 525.002 95.45024050692885
C04 550.029 96.04358061460614
C04 575.023 97.88007202409571
C04 599.982 98.54333017113159
C04 619.997 98.87718766237018
C04 624.979 99.72510251624037
C04 650.012 99.80436232731296
C04 675.004 99.16031520508662
C04 700.03 98.83141145204007
C04 725.012 98.08195978939429
C04 750.022 98.28720355942482
C04 774.987 98.65775540764146
C04 799.976 97.29448359933002
C04 824.988 95.6729981877587
C04 850.022 93.56976173701185
C04 869.967 90.37903450461668
C04 875.002 88.94232046974523
C04 899.999 82.58340245586558
C04 919.999 73.61540099098131
C04 925.012 70.84841713510555
C04 949.965 57.86668370108363
C04 975.002 42.77777681759743
C04 999.976 26.086670082762055
C04 1025.028 11.115016959136113
C04 1050.014 3.9173777478572593
C04 1075.002 0.9363751445232921
C04 1099.99 0.09290628160943425
C05 319.994 46.256000514586724
C05 324.969 52.27150521509808
C05 349.982 77.145535736108
C05 374.975 81.25725310536359
C05 400.019 86.64200474339546
C05 424.965 87.97397167841
C05 450.035 89.79104565733202
C05 475.003 91.49168385476807
C05 500.018 93.59067752048934
C05 525.002 95.79898214671665
C05 550.029 96.38461643942856
C05 575.023 98.21887560886863
C05 599.982 98.878456675549
C05 619.997 99.20566331458532
C05 624.979 100.05580276384731
C05 650.012 100.12846523532154
C05 675.004 99.4716056667837
C05 700.03 99.122680555211
C05 725.012 98.34174054748345
C05 750.022 98.50830234953297
C05 774.987 98.84221335337548
C05 799.976 97.4591342369536
C05 824.988 95.83578352890255
C05 850.022 93.71035463684169
C05 869.967 90.51787677783237
C05 875.002 89.08503093975901
C05 899.999 82.8083617981141
C05 919.999 73.7538380973387
C05 925.012 70.98176289943223
C05 949.965 57.91181393783777
C05 975.002 42.87915262340698
C05 999.976 26.094746663626076
C05 1025.028 11.137088041509081
C05 1050.014 3.923197721325353
C05 1075.002 0.9384818931691855
C05 1099.99 0.09311531127464959
C06 319.994 46.31937090462204
C06 324.969 52.33907634454162
C06 349.982 77.1557184201694
C06 374.975 81.17139595469267
C06 400.019 86.49923311612004
C06 424.965 87.81592602504247
C06 450.035 89.62497311337555
C06 475.003 91.31992368548
C06 500.018 93.41548489989228
C06 525.002 95.61420312535908
C06 550.029 96.1956022777031
C06 575.023 98.0191436370425
C06 599.982 98.67016268709466
C06 619.997 98.9958021713017
C06 624.979 99.84149242978012
C06 650.012 99.90933876690097
C06 675.004 99.24559136177206
C06 700.03 98.88886869934153
C06 725.012 98.07922300193634
C06 750.022 98.20811957547944
C06 774.987 98.5071480062197
C06 799.976 97.11546864988108
C06 824.988 95.51171119952477
C06 850.022 93.37950914073838
C06 869.967 90.21322952367984
C06 875.002 88.79817280408314
C06 899.999 82.61181764855046
C06 919.999 73.54392344145117
C06 925.012 70.77210816190662
C06 949.965 57.70652047753216
C06 975.002 42.76880198945321
C06 999.976 26.00723253339786
C06 1025.028 11.109544339802435
C06 1050.014 3.9216090658962903
C06 1075.002 0.93562241964566
C06 1099.99 0.09283159693858972
C07 319.994 46.4458555886596
C07 324.969 52.48663352753958
C07 349.982 77.26361511900026
C07 374.975 81.18671584873101
C07 400.019 86.53383283688726
C07 424.965 87.87180847285696
C07 450.035 89.702765150169
C07 475.003 91.41084159955082
C07 500.018 93.52000266001808
C07 525.002 95.72153411951986
C07 550.029 96.30612109412635
C07 575.023 98.12905852550716
C07 599.982 98.78033749392125
C07 619.997 99.09522094473911
C07 624.979 99.94242484544284
C07 650.012 100.00220606868625
C07 675.004 99.33213653163632
C07 700.03 98.95879438335781
C07 725.012 98.1232485856523
C07 750.022 98.22352356075251
C07 774.987 98.49012335351343
C07 799.976 97.08446191823464
C07 824.988 95.49134583140196
C07 850.022 93.33306784518804
C07 869.967 90.2420345939076
C07 875.002 88.86242615208323
C07 899.999 82.62983610675822
C07 919.999 73.50085343994819
C07 925.012 70.68912540253231
C07 949.965 57.79673126076538
C07 975.002 42.742905711481725
C07 999.976 26.022835279771236
C07 1025.028 11.16949756784417
C07 1050.014 3.920872789801197
C07 1075.002 0.9357694609999675
C07 1099.99 0.09284618624668001
C10 319.994 43.676394863687804
C10 324.969 49.34797788109358
C10 349.982 72.86272328278456
C10 374.975 77.53516864995322
C10 400.019 84.24038201315547
C10 424.965 86.22182377736601
C10 450.035 88.35619691894027
C10 475.003 90.24002404893152
C10 500.018 92.44909314092921
C10 525.002 94.72812614023172
C10 550.029 95.37209681588101
C10 575.023 97.2387387553542
C10 599.982 97.92665856814241
C10 619.997 98.27734959564468
C10 624.979 99.12930082878246
C10 650.012 99.21890386172824
C10 675.004 98.59584132489871
C10 700.03 98.31513713867437
C10 725.012 97.67625016039807
C10 750.022 98.02061141132162
C10 774.987 98.52732990255763
C10 799.976 97.22503952874906
C10 824.988 95.59542020138095
C10 850.022 93.53480271733255
C10 869.967 90.40504163012487
C10 875.002 88.97001706460594
C10 899.999 82.58802747377635
C10 919.999 73.42893250027122
C10 925.012 70.68081565960833
C10 949.965 57.87289880779679
C10 975.002 42.819772744693026
C10 999.976 26.06852548770218
C10 1025.028 11.122382586833686
C10 1050.014 3.997314111136621
C10 1075.002 0.9338341111671343
C10 1099.99 0.09265416261423565
C11 319.994 44.07429165251079
C11 324.969 49.79686453680063
C11 349.982 73.57846964961446
C11 374.975 78.21149151700483
C11 400.019 84.7185094845794
C11 424.965 86.59846841777254
C11 450.035 88.68187462643584
C11 475.003 90.53699606674947
C11 500.018 92.73538557193501
C11 525.002 95.00573424008604
C11 550.029 95.64876462283777
C11 575.023 97.51420635105148
C11 599.982 98.20494704253238
C11 619.997 98.55345169793137
C11 624.979 99.4041033392595
C11 650.012 99.50182499868667
C11 675.004 98.87789861553662
C11 700.03 98.62027365091993
C11 725.012 98.04596109626729
C11 750.022 98.47331275122286
C11 774.987 99.06474169447422
C11 799.976 97.79215846050248
C11 824.988 96.14470414671148
C11 850.022 94.08733564218718
C11 869.967 90.94004535486478
C11 875.002 89.47570352705193
C11 899.999 82.98724678838208
C11 919.999 73.71745717132652
C11 925.012 70.90041609680652
C11 949.965 58.17863924800094
C11 975.002 43.13639535513849
C11 999.976 26.162237524163718
C11 1025.028 11.148509160118497
C11 1050.014 3.980103597689926
C11 1075.002 0.938146252526352
C11 1099.99 0.09308200931841436
C12 319.994 44.334401130881204
C12 324.969 50.09108830017408
C12 349.982 73.95902835476531
C12 374.975 78.49131656759324
C12 400.019 84.83376798877899
C12 424.965 86.64020824883507
C12 450.035 88.6848331089672
C12 475.003 90.51720404795444
C12 500.018 92.69719286204703
C12 525.002 94.95415573455878
C12 550.029 95.58622367816332
C12 575.023 97.44358500318415
C12 599.982 98.12512917144743
C12 619.997 98.46773979575681
C12 624.979 99.31547117784213
C12 650.012 99.4105783643346
C12 675.004 98.78657553460752
C12 700.03 98.53132041387899
C12 725.012 97.98096621646992
C12 750.022 98.44627359692466
C12 774.987 99.07377767988005
C12 799.976 97.81451908428598
C12 824.988 96.16687365405238
C12 850.022 94.10861836923445
C12 869.967 90.95638198837771
C12 875.002 89.4927281797582
C12 899.999 83.00240614460864
C12 919.999 73.61915451791387
C12 925.012 70.8129382787024
C12 949.965 58.10181426040701
C12 975.002 43.11673329552442
C12 999.976 26.180554124021924
C12 1025.028 11.156250331625767
C12 1050.014 3.9690422557836924
C12 1075.002 0.9378883316075931
C12 1099.99 0.09305641864180221
C13 319.994 44.56029694369845
C13 324.969 50.34610261418494
C13 349.982 74.26661115747608
C13 374.975 78.74592953707466
C13 400.019 85.0198466019462
C13 424.965 86.79533364295976
C13 450.035 88.81991421059263
C13 475.003 90.64334090006646
C13 500.018 92.81945387270325
C13 525.002 95.0684968798339
C13 550.029 95.69418917891352
C13 575.023 97.54458622076622
C13 599.982 98.22058801219427
C13 619.997 98.56086701590401
C13 624.979 99.40844550483524
C13 650.012 99.49768923886893
C13 675.004 98.86906139123109
C13 700.03 98.61116886359476
C13 725.012 98.06352087501283
C13 750.022 98.5307241305781
C13 774.987 99.17344108236398
C13 799.976 97.91776783123295
C13 824.988 96.2571952848223
C13 850.022 94.20201315240128
C13 869.967 91.03662031563637
C13 875.002 89.58694094129935
C13 899.999 83.10601419046769
C13 919.999 73.66956339081246
C13 925.012 70.82841871055251
C13 949.965 58.058751903561735
C13 975.002 43.206466287651146
C13 999.976 26.171565917726728
C13 1025.028 11.190699070403333
C13 1050.014 3.9729149915973063
C13 1075.002 0.938692831533431
C13 1099.99 0.09313624038536493
C14 319.994 44.96912941536666
C14 324.969 50.80259570430724
C14 349.982 74.87226680871413
C14 374.975 79.24407072236703
C14 400.019 85.38393871440316
C14 424.965 87.09462199206195
C14 450.035 89.09629152055665
C14 475.003 90.90376380940273
C14 500.018 93.06707962504343
C14 525.002 95.30790462514254
C14 550.029 95.9263574333767
C14 575.023 97.77400239845605
C14 599.982 98.44173267024863
C14 619.997 98.78032220460584
C14 624.979 99.62546969238727
C14 650.012 99.71079171701894
C14 675.004 99.07519958621296
C14 700.03 98.81190228558008
C14 725.012 98.24956890954923
C14 750.022 98.7082483717748
C14 774.987 99.34361880750737
C14 799.976 98.08132528280488
C14 824.988 96.42829801354785
C14 850.022 94.36281088254216
C14 869.967 91.20717262900725
C14 875.002 89.75715688973125
C14 899.999 83.25708027135168
C14 919.999 73.77412701888449
C14 925.012 70.93201911175386
C14 949.965 58.158380905085984
C14 975.002 43.18328768549335
C14 999.976 26.243809844191684
C14 1025.028 11.222253350657814
C14 1050.014 3.979934937429337
C14 1075.002 0.9403841660730823
C14 1099.99 0.09330405304459204
C15 319.994 45.24179142168665
C15 324.969 51.11128698238505
C15 349.982 75.26010322799897
C15 374.975 79.55484899199797
C15 400.019 85.61613754749715
C15 424.965 87.289530184877
C15 450.035 89.27500832835514
C15 475.003 91.0761355513071
C15 500.018 93.2339319240857
C15 525.002 95.47548316666666
C15 550.029 96.08530515635326
C15 575.023 97.9288602295611
C15 599.982 98.59463346898153
C15 619.997 98.92871265529352
C15 624.979 99.77561841434682
C15 650.012 99.8516216012376
C15 675.004 99.21138151854773
C15 700.03 98.93830670071173
C15 725.012 98.36252637177998
C15 750.022 98.80358489799838
C15 774.987 99.42336023201528
C15 799.976 98.14925571116049
C15 824.988 96.50559314759056
C15 850.022 94.44168846072955
C15 869.967 91.2954990041165
C15 875.002 89.85013121672438
C15 899.999 83.36024492706392
C15 919.999 73.88756609455056
C15 925.012 71.01610270183751
C15 949.965 58.21172914887167
C15 975.002 43.23326463523168
C15 999.976 26.255454569038935
C15 1025.028 11.24978080746684
C15 1050.014 3.9834328461199133
C15 1075.002 0.941292578328548
C15 1099.99 0.09339418487403815
C16 319.994 45.396805968274634
C16 324.969 51.28559282268847
C16 349.982 75.46345876757667
C16 374.975 79.70005926508088
C16 400.019 85.69215602370333
C16 424.965 87.34371551868125
C16 450.035 89.32065457950428
C16 475.003 91.11683570892193
C16 500.018 93.27574820172525
C16 525.002 95.51113785019699
C16 550.029 96.1195379335507
C16 575.023 97.96000456504622
C16 599.982 98.62262820549269
C16 619.997 98.95413878681622
C16 624.979 99.79910280281277
C16 650.012 99.8758398768431
C16 675.004 99.2302332444452
C16 700.03 98.94750322392936
C16 725.012 98.35868110895498
C16 750.022 98.77805174126783
C16 774.987 99.38131461464461
C16 799.976 98.10541359922942
C16 824.988 96.46897523718955
C16 850.022 94.40033850720991
C16 869.967 91.27238155922032
C16 875.002 89.84813596106369
C16 899.999 83.34464982534826
C16 919.999 73.90360458641305
C16 925.012 71.00747952794767
C16 949.965 58.1972463448519
C16 975.002 43.19653205496511
C16 999.976 26.27084517616103
C16 1025.028 11.262163241782504
C16 1050.014 3.995309060758257
C16 1075.002 0.9410494977948299
C16 1099.99 0.09337006664679615
C17 319.994 45.46858548178408
C17 324.969 51.36908012947123
C17 349.982 75.5287747229976
C17 374.975 79.70264315938475
C17 400.019 85.70624512785136
C17 424.965 87.36044202973707
C17 450.035 89.34471996195572
C17 475.003 91.14741433973697
C17 500.018 93.30914006657528
C17 525.002 95.5495828337892
C17 550.029 96.15737134452661
C17 575.023 97.99795264588768
C17 599.982 98.65582130924241
C17 619.997 98.98252340087028
C17 624.979 99.8288558105958
C17 650.012 99.8955554490611
C17 675.004 99.24329796446092
C17 700.03 98.95311440268392
C17 725.012 98.34866660736306
C17 750.022 98.75324482701913
C17 774.987 99.33584419062264
C17 799.976 98.05172516817592
C17 824.988 96.42054633063623
C17 850.022 94.35693978542567
C17 869.967 91.2141904247793
C17 875.002 89.81107466051587
C17 899.999 83.28573244842538
C17 919.999 73.96908107964576
C17 925.012 71.0713965110088
C17 949.965 58.109665323868775
C17 975.002 43.12771102398702
C17 999.976 26.282761286356763
C17 1025.028 11.279919870463912
C17 1050.014 4.00568883365109
C17 1075.002 0.9408133080748005
C17 1099.99 0.09334663211975786
