lsstCam/transmission_sensor/r14_s20/19700101T000000.ecsv
# %ECSV 0.9
# ---
# datatype:
# - {name: amp_name, datatype: string}
# - {name: wavelength, unit: nm, datatype: float32}
# - {name: efficiency, unit: '%', datatype: float32}
# meta: !!omap
# - {MODE: AMP}
# - {TYPE: transmission_sensor}
# - {CALIBDATE: '1970-01-01T00:00:00'}
# - {INSTRUME: LSSTCAM}
# - {OBSTYPE: transmission_sensor}
# - {DETECTOR: 69}
# - {CALIBCLS: lsst.ip.isr.IntermediateSensorTransmissionCurve}
# - {PICKLEFILE: RaftRun11746.p}
# - {CALIB_ID: 'raftName=R14 detectorName=S20 detector=69 calibDate=1970-01-01T00:00:00 ccd=69 ccdnum=69 filter=None'}
# - {DATE: '2020-07-23T19:15:42.319997'}
# - {CALIB_CREATION_DATE: '2020-07-23'}
# - {CALIB_CREATION_TIME: '19:15:42'}
# - __serialized_columns__:
#     efficiency:
#       __class__: astropy.units.quantity.Quantity
#       unit: !astropy.units.Unit {unit: '%'}
#       value: !astropy.table.SerializedColumn {name: efficiency}
#     wavelength:
#       __class__: astropy.units.quantity.Quantity
#       unit: !astropy.units.Unit {unit: nm}
#       value: !astropy.table.SerializedColumn {name: wavelength}
# schema: astropy-2.0
amp_name wavelength efficiency
C10 319.994 43.58919
C10 324.969 49.24945
C10 349.982 72.71725
C10 374.975 77.38036
C10 400.019 84.07219
C10 424.965 86.049675
C10 450.035 88.17979
C10 475.003 90.05985
C10 500.018 92.26451
C10 525.002 94.538994
C10 550.029 95.18168
C10 575.023 97.04459
C10 599.982 97.73114
C10 619.997 98.08113
C10 624.979 98.93138
C10 650.012 99.020805
C10 675.004 98.39899
C10 700.03 98.11884
C10 725.012 97.48123
C10 750.022 97.824905
C10 774.987 98.33061
C10 799.976 97.03092
C10 824.988 95.40456
C10 850.022 93.34805
C10 869.967 90.22454
C10 875.002 88.79238
C10 899.999 82.423134
C10 919.999 73.282326
C10 925.012 70.539696
C10 949.965 57.75735
C10 975.002 42.73428
C10 999.976 26.016478
C10 1025.028 11.100176
C10 1050.014 3.9893332
C10 1075.002 2.1818557
C10 1099.99 1.6936424
C13 319.994 44.47133
C13 324.969 50.245583
C13 349.982 74.11833
C13 374.975 78.58871
C13 400.019 84.8501
C13 424.965 86.62204
C13 450.035 88.64258
C13 475.003 90.462364
C13 500.018 92.63413
C13 525.002 94.878685
C13 550.029 95.50313
C13 575.023 97.34983
C13 599.982 98.02448
C13 619.997 98.36408
C13 624.979 99.20997
C13 650.012 99.299034
C13 675.004 98.67166
C13 700.03 98.41428
C13 725.012 97.86773
C13 750.022 98.334
C13 774.987 98.97543
C13 799.976 97.72227
C13 824.988 96.06501
C13 850.022 94.01393
C13 869.967 90.85486
C13 875.002 89.40807
C13 899.999 82.94009
C13 919.999 73.52248
C13 925.012 70.687004
C13 949.965 57.942833
C13 975.002 43.1202
C13 999.976 26.119312
C13 1025.028 11.168356
C13 1050.014 3.9649827
C13 1075.002 2.1678035
C13 1099.99 1.6941829
C12 319.994 44.245884
C12 324.969 49.991077
C12 349.982 73.81136
C12 374.975 78.3346
C12 400.019 84.66439
C12 424.965 86.467224
C12 450.035 88.50777
C12 475.003 90.33648
C12 500.018 92.512115
C12 525.002 94.76457
C12 550.029 95.39538
C12 575.023 97.24903
C12 599.982 97.929214
C12 619.997 98.27114
C12 624.979 99.11718
C12 650.012 99.2121
C12 675.004 98.58934
C12 700.03 98.334595
C12 725.012 97.78534
C12 750.022 98.24972
C12 774.987 98.87597
C12 799.976 97.619225
C12 824.988 95.97487
C12 850.022 93.92072
C12 869.967 90.77478
C12 875.002 89.31405
C12 899.999 82.836685
C12 919.999 73.47217
C12 925.012 70.671555
C12 949.965 57.98581
C12 975.002 43.030647
C12 999.976 26.128283
C12 1025.028 11.133976
C12 1050.014 3.9611177
C12 1075.002 2.1667798
C12 1099.99 1.6928091
C02 319.994 45.00068
C02 324.969 50.864635
C02 349.982 75.486015
C02 374.975 79.9762
C02 400.019 85.55828
C02 424.965 86.960335
C02 450.035 88.785645
C02 475.003 90.48378
C02 500.018 92.58218
C02 525.002 94.79041
C02 550.029 95.399345
C02 575.023 97.241806
C02 599.982 97.92636
C02 619.997 98.27266
C02 624.979 99.12306
C02 650.012 99.219536
C02 675.004 98.59709
C02 700.03 98.29995
C02 725.012 97.5982
C02 750.022 97.85391
C02 774.987 98.26829
C02 799.976 96.931656
C02 824.988 95.30809
C02 850.022 93.21066
C02 869.967 90.05128
C02 875.002 88.61742
C02 899.999 82.16863
C02 919.999 73.21511
C02 925.012 70.453606
C02 949.965 57.700058
C02 975.002 42.62451
C02 999.976 26.003168
C02 1025.028 11.07699
C02 1050.014 3.901279
C02 1075.002 2.1235728
C02 1099.99 1.666965
C17 319.994 45.377804
C17 324.969 51.266518
C17 349.982 75.377975
C17 374.975 79.54351
C17 400.019 85.535126
C17 424.965 87.18602
C17 450.035 89.166336
C17 475.003 90.96543
C17 500.018 93.12284
C17 525.002 95.35881
C17 550.029 95.965385
C17 575.023 97.80229
C17 599.982 98.45885
C17 619.997 98.7849
C17 624.979 99.62954
C17 650.012 99.696106
C17 675.004 99.04515
C17 700.03 98.75555
C17 725.012 98.152306
C17 750.022 98.556076
C17 774.987 99.13751
C17 799.976 97.85596
C17 824.988 96.228035
C17 850.022 94.16855
C17 869.967 91.032074
C17 875.002 89.63176
C17 899.999 83.119446
C17 919.999 73.821396
C17 925.012 70.9295
C17 949.965 57.993645
C17 975.002 43.041603
C17 999.976 26.230286
C17 1025.028 11.257399
C17 1050.014 3.9976912
C17 1075.002 2.1751683
C17 1099.99 1.6962616
C05 319.994 46.163647
C05 324.969 52.16714
C05 349.982 76.99151
C05 374.975 81.09502
C05 400.019 86.46902
C05 424.965 87.798325
C05 450.035 89.61177
C05 475.003 91.30901
C05 500.018 93.40382
C05 525.002 95.60771
C05 550.029 96.19218
C05 575.023 98.02277
C05 599.982 98.68104
C05 619.997 99.00759
C05 624.979 99.85603
C05 650.012 99.92855
C05 675.004 99.273
C05 700.03 98.924774
C05 725.012 98.14539
C05 750.022 98.31162
C05 774.987 98.64487
C05 799.976 97.26455
C05 824.988 95.64444
C05 850.022 93.523254
C05 869.967 90.33715
C05 875.002 88.907166
C05 899.999 82.64303
C05 919.999 73.60658
C05 925.012 70.84004
C05 949.965 57.79619
C05 975.002 42.79354
C05 999.976 26.042646
C05 1025.028 11.114852
C05 1050.014 3.9153647
C05 1075.002 2.1247888
C05 1099.99 1.6726171
C14 319.994 44.879345
C14 324.969 50.701164
C14 349.982 74.72278
C14 374.975 79.08585
C14 400.019 85.21346
C14 424.965 86.92073
C14 450.035 88.9184
C14 475.003 90.72227
C14 500.018 92.88126
C14 525.002 95.117615
C14 550.029 95.73483
C14 575.023 97.57879
C14 599.982 98.245186
C14 619.997 98.5831
C14 624.979 99.42656
C14 650.012 99.51171
C14 675.004 98.87739
C14 700.03 98.61462
C14 725.012 98.053406
C14 750.022 98.51117
C14 774.987 99.14527
C14 799.976 97.8855
C14 824.988 96.23577
C14 850.022 94.17441
C14 869.967 91.02507
C14 875.002 89.57795
C14 899.999 83.09085
C14 919.999 73.62683
C14 925.012 70.7904
C14 949.965 58.042263
C14 975.002 43.09707
C14 999.976 26.191412
C14 1025.028 11.199847
C14 1050.014 3.9719887
C14 1075.002 2.169937
C14 1099.99 1.6957636
C04 319.994 45.777905
C04 324.969 51.73538
C04 349.982 76.48508
C04 374.975 80.70589
C04 400.019 86.1188
C04 424.965 87.46432
C04 450.035 89.27351
C04 475.003 90.96571
C04 500.018 93.05978
C04 525.002 95.25967
C04 550.029 95.85182
C04 575.023 97.68465
C04 599.982 98.34658
C04 619.997 98.67977
C04 624.979 99.52599
C04 650.012 99.605095
C04 675.004 98.96233
C04 700.03 98.63409
C04 725.012 97.88613
C04 750.022 98.090965
C04 774.987 98.46078
C04 799.976 97.10023
C04 824.988 95.48198
C04 850.022 93.38294
C04 869.967 90.198586
C04 875.002 88.76474
C04 899.999 82.41852
C04 919.999 73.46842
C04 925.012 70.70696
C04 949.965 57.75115
C04 975.002 42.692368
C04 999.976 26.034586
C04 1025.028 11.092825
C04 1050.014 3.9095564
C04 1075.002 2.1235635
C04 1099.99 1.6685842
C01 319.994 44.784676
C01 324.969 50.622845
C01 349.982 75.17768
C01 374.975 79.75364
C01 400.019 85.45528
C01 424.965 86.91237
C01 450.035 88.76478
C01 475.003 90.48085
C01 500.018 92.59181
C01 525.002 94.810555
C01 550.029 95.42501
C01 575.023 97.27895
C01 599.982 97.965576
C01 619.997 98.31619
C01 624.979 99.16936
C01 650.012 99.26934
C01 675.004 98.64886
C01 700.03 98.3471
C01 725.012 97.63327
C01 750.022 97.87058
C01 774.987 98.2587
C01 799.976 96.91281
C01 824.988 95.284454
C01 850.022 93.1484
C01 869.967 90.005806
C01 875.002 88.57918
C01 899.999 82.06112
C01 919.999 73.10938
C01 925.012 70.36577
C01 949.965 57.64939
C01 975.002 42.561123
C01 999.976 25.939734
C01 1025.028 11.06119
C01 1050.014 3.903491
C01 1075.002 2.1300101
C01 1099.99 1.6679355
C00 319.994 44.477394
C00 324.969 50.27377
C00 349.982 74.59221
C00 374.975 79.194244
C00 400.019 85.0511
C00 424.965 86.59457
C00 450.035 88.48887
C00 475.003 90.22709
C00 500.018 92.34564
C00 525.002 94.57054
C00 550.029 95.18726
C00 575.023 97.04097
C00 599.982 97.72398
C00 619.997 98.07399
C00 624.979 98.92315
C00 650.012 99.02402
C00 675.004 98.39777
C00 700.03 98.07086
C00 725.012 97.29537
C00 750.022 97.44903
C00 774.987 97.75591
C00 799.976 96.37347
C00 824.988 94.75758
C00 850.022 92.60312
C00 869.967 89.461716
C00 875.002 88.04515
C00 899.999 81.60539
C00 919.999 72.75907
C00 925.012 70.04889
C00 949.965 57.277004
C00 975.002 42.242653
C00 999.976 25.754673
C00 1025.028 11.028724
C00 1050.014 3.9108846
C00 1075.002 2.12957
C00 1099.99 1.6618589
C06 319.994 46.22689
C06 324.969 52.234577
C06 349.982 77.00167
C06 374.975 81.00933
C06 400.019 86.32653
C06 424.965 87.640594
C06 450.035 89.44603
C06 475.003 91.137596
C06 500.018 93.22897
C06 525.002 95.4233
C06 550.029 96.00354
C06 575.023 97.82344
C06 599.982 98.47316
C06 619.997 98.79815
C06 624.979 99.64215
C06 650.012 99.70986
C06 675.004 99.04744
C06 700.03 98.69143
C06 725.012 97.8834
C06 750.022 98.01204
C06 774.987 98.31047
C06 799.976 96.92157
C06 824.988 95.321014
C06 850.022 93.19307
C06 869.967 90.03311
C06 875.002 88.62088
C06 899.999 82.44688
C06 919.999 73.39709
C06 925.012 70.630806
C06 949.965 57.591305
C06 975.002 42.68341
C06 999.976 25.955307
C06 1025.028 11.087363
C06 1050.014 3.9137793
C06 1075.002 2.1231022
C06 1099.99 1.6710435
C16 319.994 45.306168
C16 324.969 51.183197
C16 349.982 75.31279
C16 374.975 79.54093
C16 400.019 85.521065
C16 424.965 87.16933
C16 450.035 89.14232
C16 475.003 90.93491
C16 500.018 93.089516
C16 525.002 95.32044
C16 550.029 95.92763
C16 575.023 97.76442
C16 599.982 98.42572
C16 619.997 98.75657
C16 624.979 99.599846
C16 650.012 99.67643
C16 675.004 99.03211
C16 700.03 98.74995
C16 725.012 98.1623
C16 750.022 98.58083
C16 774.987 99.18289
C16 799.976 97.90954
C16 824.988 96.27637
C16 850.022 94.21186
C16 869.967 91.09015
C16 875.002 89.66875
C16 899.999 83.178246
C16 919.999 73.75605
C16 925.012 70.86571
C16 949.965 58.08105
C16 975.002 43.110287
C16 999.976 26.218393
C16 1025.028 11.239677
C16 1050.014 3.987332
C16 1075.002 2.1786473
C16 1099.99 1.699272
C07 319.994 46.353123
C07 324.969 52.38184
C07 349.982 77.10935
C07 374.975 81.02462
C07 400.019 86.36106
C07 424.965 87.696365
C07 450.035 89.52367
C07 475.003 91.22833
C07 500.018 93.33328
C07 525.002 95.53042
C07 550.029 96.11384
C07 575.023 97.933136
C07 599.982 98.583115
C07 619.997 98.89737
C07 624.979 99.74288
C07 650.012 99.80254
C07 675.004 99.13381
C07 700.03 98.761215
C07 725.012 97.92734
C07 750.022 98.02741
C07 774.987 98.29348
C07 799.976 96.890625
C07 824.988 95.30069
C07 850.022 93.14672
C07 869.967 90.06186
C07 875.002 88.685005
C07 899.999 82.46486
C07 919.999 73.3541
C07 925.012 70.54799
C07 949.965 57.681335
C07 975.002 42.657566
C07 999.976 25.970879
C07 1025.028 11.147197
C07 1050.014 3.9130445
C07 1075.002 2.1221693
C07 1099.99 1.6725045
C03 319.994 45.300068
C03 324.969 51.20019
C03 349.982 75.8956
C03 374.975 80.30753
C03 400.019 85.825905
C03 424.965 87.20139
C03 450.035 89.01882
C03 475.003 90.71409
C03 500.018 92.809975
C03 525.002 95.01406
C03 550.029 95.62023
C03 575.023 97.45983
C03 599.982 98.13636
C03 619.997 98.480995
C03 624.979 99.32699
C03 650.012 99.4218
C03 675.004 98.791084
C03 700.03 98.484344
C03 725.012 97.768295
C03 750.022 98.008255
C03 774.987 98.41329
C03 799.976 97.06928
C03 824.988 95.44853
C03 850.022 93.35632
C03 869.967 90.183655
C03 875.002 88.75086
C03 899.999 82.347336
C03 919.999 73.39094
C03 925.012 70.63255
C03 949.965 57.791435
C03 975.002 42.71751
C03 999.976 26.058552
C03 1025.028 11.095025
C03 1050.014 3.9070086
C03 1075.002 2.123463
C03 1099.99 1.6688061
C15 319.994 45.151463
C15 324.969 51.00924
C15 349.982 75.10984
C15 374.975 79.39601
C15 400.019 85.4452
C15 424.965 87.11525
C15 450.035 89.09676
C15 475.003 90.894295
C15 500.018 93.04778
C15 525.002 95.28486
C15 550.029 95.89346
C15 575.023 97.73334
C15 599.982 98.39778
C15 619.997 98.73119
C15 624.979 99.57641
C15 650.012 99.65226
C15 675.004 99.0133
C15 700.03 98.74077
C15 725.012 98.16614
C15 750.022 98.606316
C15 774.987 99.22485
C15 799.976 97.95329
C15 824.988 96.31291
C15 850.022 94.25313
C15 869.967 91.11322
C15 875.002 89.67074
C15 899.999 83.19381
C15 919.999 73.74004
C15 925.012 70.87431
C15 949.965 58.095505
C15 975.002 43.146946
C15 999.976 26.203033
C15 1025.028 11.22732
C15 1050.014 3.9754796
C15 1075.002 2.1752372
C15 1099.99 1.6986171
C11 319.994 43.986294
C11 324.969 49.69744
C11 349.982 73.431564
C11 374.975 78.055336
C11 400.019 84.54936
C11 424.965 86.42557
C11 450.035 88.504814
C11 475.003 90.35623
C11 500.018 92.55023
C11 525.002 94.81605
C11 550.029 95.457794
C11 575.023 97.31951
C11 599.982 98.00887
C11 619.997 98.35668
C11 624.979 99.205635
C11 650.012 99.30316
C11 675.004 98.68048
C11 700.03 98.42337
C11 725.012 97.850204
C11 750.022 98.2767
C11 774.987 98.86695
C11 799.976 97.59691
C11 824.988 95.95274
C11 850.022 93.89948
C11 869.967 90.75848
C11 875.002 89.29706
C11 899.999 82.821556
C11 919.999 73.570274
C11 925.012 70.75886
C11 949.965 58.06248
C11 975.002 43.05027
C11 999.976 26.110003
C11 1025.028 11.12625
C11 1050.014 3.972157
C11 1075.002 2.1778362
C11 1099.99 1.6975851
