lsstCam/transmission_filter_detector/r14_s21/i_39/19700101T000000.ecsv
# %ECSV 1.0
# ---
# datatype:
# - {name: wavelength, unit: nm, datatype: float32}
# - {name: efficiency, unit: '%', datatype: float64}
# meta: !!omap
# - {MODE: DETECTOR}
# - {TYPE: transmission_filter_detector}
# - {CALIBDATE: '1970-01-01T00:00:00'}
# - {INSTRUME: LSSTCam}
# - {OBSTYPE: transmission_filter_detector}
# - {CALIBCLS: lsst.ip.isr.IntermediateFilterDetectorTransmissionCurve}
# - {SOURCE: Materion (DM-46256)}
# - {DETECTOR: 70}
# - {FILTER: i_39}
# - {CALIB_ID: 'calibDate=1970-01-01T00:00:00 filter=i_39 detector=70'}
# - {DATE: '2025-04-02T15:59:46.803283'}
# - {CALIB_CREATION_DATE: '2025-04-02'}
# - {CALIB_CREATION_TIME: '15:59:46'}
# - __serialized_columns__:
#     efficiency:
#       __class__: astropy.units.quantity.Quantity
#       unit: !astropy.units.Unit {unit: '%'}
#       value: !astropy.table.SerializedColumn {name: efficiency}
#     wavelength:
#       __class__: astropy.units.quantity.Quantity
#       unit: !astropy.units.Unit {unit: nm}
#       value: !astropy.table.SerializedColumn {name: wavelength}
# schema: astropy-2.0
wavelength efficiency
[from data line 597]
897.0 1.6468766454724726e-10
898.0 1.6468766454724726e-10
899.0 1.6468766454724726e-10
900.0 1.6468766454724726e-10
901.0 1.6468766454724726e-10
902.0 1.6468766454724726e-10
903.0 1.6468766454724726e-10
904.0 1.6468766454724726e-10
905.0 1.6468766454724726e-10
906.0 1.6468766454724726e-10
907.0 9.42253507218993e-05
908.0 0.00030636892915936187
909.0 1.9347811530678882e-05
910.0 1.6468766454724726e-10
911.0 1.6468766454724726e-10
912.0 0.00011013829634975991
913.0 6.85153736412758e-05
914.0 2.6892456617133575e-05
915.0 1.6468766454724726e-10
916.0 1.6468766454724726e-10
917.0 1.6468766454724726e-10
918.0 1.6468766454724726e-10
919.0 1.6468766454724726e-10
920.0 0.00011090561429227819
921.0 3.8063248553044104e-05
922.0 1.6468766454724726e-10
923.0 1.6468766454724726e-10
924.0 1.6468766454724726e-10
925.0 4.41959542740733e-05
926.0 0.00025275376174249686
927.0 1.6468766454724726e-10
928.0 1.6468766454724726e-10
929.0 1.6468766454724726e-10
930.0 0.00020565762497426476
931.0 0.00025833755898929667
932.0 0.000311017470266961
933.0 0.0002365515456403955
934.0 0.0001620856437511975
935.0 1.6468766454724726e-10
936.0 1.6468766454724726e-10
937.0 1.6468766454724726e-10
938.0 1.6468766454724726e-10
939.0 1.6468766454724726e-10
940.0 1.6468766454724726e-10
941.0 1.6468766454724726e-10
942.0 1.6468766454724726e-10
943.0 1.6468766454724726e-10
944.0 1.6468766454724726e-10
945.0 1.6468766454724726e-10
946.0 1.6468766454724726e-10
947.0 1.6468766454724726e-10
948.0 1.6468766454724726e-10
949.0 1.6468766454724726e-10
950.0 1.6468766454724726e-10
951.0 1.6468766454724726e-10
952.0 1.6468766454724726e-10
953.0 1.6468766454724726e-10
954.0 1.6468766454724726e-10
955.0 0.00012190118923172122
956.0 0.00035342022783879656
957.0 0.00026637846985977376
958.0 0.00017933666640601587
959.0 0.00014848125147182145
960.0 0.00011762588201236213
961.0 8.951300287662889e-05
962.0 6.140012942523754e-05
963.0 1.6468766454724726e-10
964.0 1.6468766454724726e-10
965.0 1.6468766454724726e-10
966.0 1.6468766454724726e-10
967.0 1.6468766454724726e-10
968.0 1.6468766454724726e-10
969.0 1.6468766454724726e-10
970.0 1.6468766454724726e-10
971.0 1.6468766454724726e-10
972.0 1.6468766454724726e-10
973.0 1.6468766454724726e-10
974.0 1.6468766454724726e-10
975.0 1.6468766454724726e-10
976.0 1.6468766454724726e-10
977.0 1.6468766454724726e-10
978.0 1.6468766454724726e-10
979.0 1.6468766454724726e-10
980.0 1.6468766454724726e-10
981.0 1.6468766454724726e-10
982.0 1.6468766454724726e-10
983.0 1.6468766454724726e-10
984.0 1.6468766454724726e-10
985.0 4.578921846132289e-05
986.0 0.00021100718186062295
987.0 1.3069551130229229e-05
988.0 1.6468766454724726e-10
989.0 1.6468766454724726e-10
990.0 1.6468766454724726e-10
991.0 1.6468766454724726e-10
992.0 1.6468766454724726e-10
993.0 1.6468766454724726e-10
994.0 3.234285657072178e-05
995.0 1.6468766454724726e-10
996.0 1.6468766454724726e-10
997.0 0.00010913004189205822
998.0 0.0003961708443966927
999.0 0.0003510311444188119
1000.0 0.00030589137622882845
1001.0 7.204195640042599e-05
1002.0 1.6468766454724726e-10
1003.0 1.6468766454724726e-10
1004.0 0.00012487655567383626
1005.0 4.35061515702273e-06
1006.0 1.6468766454724726e-10
1007.0 3.330028164327814e-05
1008.0 0.00018277589788340265
1009.0 0.00012648652045754716
1010.0 7.019707481958903e-05
1011.0 0.0001486127757743816
1012.0 0.00022702843125443906
1013.0 0.0003544926585163921
1014.0 0.00048195693125308026
1015.0 0.00037731715565314516
1016.0 0.0002726774027905776
1017.0 0.00039740943975630216
1018.0 0.0005221416358835995
1019.0 0.00035179323276679497
1020.0 0.00018144477280657156
1021.0 0.00014926929452485638
1022.0 0.00011709379350577365
1023.0 0.00048791252993396483
1024.0 0.0008587313459429424
1025.0 0.0006819606824137736
1026.0 0.000505190109834075
1027.0 0.0004063351752847666
1028.0 0.00030748026347282575
1029.0 0.0007619909865752561
1030.0 0.0012165016414655838
1031.0 0.0017170599676319398
1032.0 0.002217617839050945
1033.0 0.002423820842523128
1034.0 0.0026300231183995493
1035.0 0.0032657626434229314
1036.0 0.0039015016227494925
1037.0 0.003892050517606549
1038.0 0.0038825990486657247
1039.0 0.0031760439014760777
1040.0 0.0024694896637811325
1041.0 0.00197605859284522
1042.0 0.0014826274309598375
1043.0 0.0022423975678975694
1044.0 0.003002167613885831
1045.0 0.003359775655553676
1046.0 0.0037173838791204616
1047.0 0.003414171078475192
1048.0 0.0031109582778299227
1049.0 0.002820107329171151
1050.0 0.0025292561986134388
1051.0 0.0025357365302625112
1052.0 0.0025422172257094644
1053.0 0.0017089412722270936
1054.0 0.0008756651368457824
1055.0 0.000870580697664991
1056.0 0.0008654960765852593
1057.0 0.0008933744538808241
1058.0 0.0009212531040247995
1059.0 0.0010059903615911026
1060.0 0.0010907279829552863
1061.0 0.001762461761245504
1062.0 0.002434195084788371
1063.0 0.0027432643037172966
1064.0 0.003052333340747282
1065.0 0.003210888462490402
1066.0 0.003369444311829284
1067.0 0.004342506144894287
1068.0 0.00531556797795929
1069.0 0.004346973946667276
1070.0 0.0033783799153752625
1071.0 0.0031203777325572446
1072.0 0.0028623750040424056
1073.0 0.0029965956855448894
1074.0 0.0031308165489463136
1075.0 0.0030227027309592813
1076.0 0.002914588912972249
1077.0 0.002415133349131793
1078.0 0.0019156776033923961
1079.0 0.002031649637501687
1080.0 0.0021476216716109775
1081.0 0.0012635806342586875
1082.0 0.00037953941500745714
1083.0 0.00022293454549071612
1084.0 6.632946565332531e-05
1085.0 0.0006055172889318783
1086.0 0.0011447054930613376
1087.0 0.0012607626558747143
1088.0 0.0013768200005870312
1089.0 1.6468766454724726e-10
1090.0 1.6468766454724726e-10
1091.0 1.6468766454724726e-10
1092.0 1.6468766454724726e-10
1093.0 1.6468766454724726e-10
1094.0 0.0006572276106453501
1095.0 0.0004494665063248249
1096.0 0.00024170565211534267
1097.0 1.6468766454724726e-10
1098.0 1.6468766454724726e-10
1099.0 1.6468766454724726e-10
1100.0 1.6468766454724726e-10
