lsstCam/transmission_filter_detector/r14_s21/i_39/19700101T000000.ecsv
# %ECSV 1.0
# ---
# datatype:
# - {name: wavelength, unit: nm, datatype: float32}
# - {name: efficiency, unit: '%', datatype: float64}
# meta: !!omap
# - {MODE: DETECTOR}
# - {TYPE: transmission_filter_detector}
# - {CALIBDATE: '1970-01-01T00:00:00'}
# - {INSTRUME: LSSTCam}
# - {OBSTYPE: transmission_filter_detector}
# - {CALIBCLS: lsst.ip.isr.IntermediateFilterDetectorTransmissionCurve}
# - {SOURCE: Materion (DM-46256)}
# - {DETECTOR: 70}
# - {FILTER: i_39}
# - {CALIB_ID: 'calibDate=1970-01-01T00:00:00 filter=i_39 detector=70'}
# - {DATE: '2025-04-02T15:59:46.803283'}
# - {CALIB_CREATION_DATE: '2025-04-02'}
# - {CALIB_CREATION_TIME: '15:59:46'}
# - __serialized_columns__:
#     efficiency:
#       __class__: astropy.units.quantity.Quantity
#       unit: !astropy.units.Unit {unit: '%'}
#       value: !astropy.table.SerializedColumn {name: efficiency}
#     wavelength:
#       __class__: astropy.units.quantity.Quantity
#       unit: !astropy.units.Unit {unit: nm}
#       value: !astropy.table.SerializedColumn {name: wavelength}
# schema: astropy-2.0
wavelength efficiency
300.0 0.09069499210454524
301.0 0.04808174562640488
302.0 0.005468526796903461
303.0 0.017634850519243628
304.0 0.029801175696775317
305.0 0.026725756470113993
306.0 0.023650335788261145
307.0 0.0006049222974979784
308.0 1.6468766454724726e-10
309.0 1.6468766454724726e-10
310.0 1.6468766454724726e-10
311.0 1.6468766454724726e-10
312.0 0.006606072565773502
313.0 0.0014095308870309964
314.0 1.6468766454724726e-10
315.0 1.6468766454724726e-10
316.0 1.6468766454724726e-10
317.0 1.6468766454724726e-10
318.0 1.6468766454724726e-10
319.0 1.6468766454724726e-10
320.0 1.6468766454724726e-10
321.0 1.6468766454724726e-10
322.0 1.6468766454724726e-10
323.0 1.6468766454724726e-10
324.0 1.6468766454724726e-10
325.0 1.6468766454724726e-10
326.0 1.6468766454724726e-10
327.0 1.6468766454724726e-10
328.0 0.004243113289703615
329.0 0.0023445005354005843
330.0 0.0004458880084712291
331.0 1.739267219136309e-05
332.0 1.6468766454724726e-10
333.0 0.000526962458025082
334.0 0.0014650271623395383
335.0 0.0005017399416828994
336.0 1.6468766454724726e-10
337.0 0.0009044104444910772
338.0 0.0022703674403601326
339.0 0.003111524711130187
340.0 0.003952682891394943
341.0 0.0005070773568149889
342.0 1.6468766454724726e-10
343.0 1.6468766454724726e-10
344.0 1.6468766454724726e-10
345.0 1.6468766454724726e-10
346.0 1.6468766454724726e-10
347.0 1.6468766454724726e-10
348.0 1.6468766454724726e-10
349.0 1.6468766454724726e-10
350.0 1.6468766454724726e-10
351.0 1.6468766454724726e-10
352.0 4.0649555899108236e-05
353.0 1.6468766454724726e-10
354.0 1.6468766454724726e-10
355.0 1.6468766454724726e-10
356.0 0.00032508926324226195
357.0 0.000978845673671458
358.0 0.0016326022887369618
359.0 0.0018075294065056369
360.0 0.0019824561604764313
361.0 0.0013175506865081843
362.0 0.0006526451215904672
363.0 0.0005489569502969971
364.0 0.00044526896090246737
365.0 0.001364630224998109
366.0 0.0022839918528916314
367.0 0.001394734499626793
368.0 0.0005054771008872194
369.0 0.0008277337656181771
370.0 0.00114999047582387
371.0 0.000902113151823869
372.0 0.0006542356913996628
373.0 0.0006732660040142946
374.0 0.0006922963166289264
375.0 1.6468766454724726e-10
376.0 1.6468766454724726e-10
377.0 1.6468766454724726e-10
378.0 0.00013200050261730212
379.0 6.895643878124247e-06
380.0 1.6468766454724726e-10
381.0 1.6468766454724726e-10
382.0 1.6468766454724726e-10
383.0 0.0002664508656380349
384.0 0.0011840317711175885
385.0 0.0011137799447169527
386.0 0.0010435279364173766
387.0 1.6468766454724726e-10
388.0 1.6468766454724726e-10
389.0 1.6468766454724726e-10
390.0 1.6468766454724726e-10
391.0 1.6468766454724726e-10
392.0 1.6468766454724726e-10
393.0 1.6468766454724726e-10
394.0 0.0006680073511233786
395.0 1.6468766454724726e-10
396.0 1.6468766454724726e-10
397.0 1.6468766454724726e-10
398.0 1.6468766454724726e-10
399.0 1.6468766454724726e-10
400.0 1.6468766454724726e-10
401.0 1.6468766454724726e-10
402.0 1.6468766454724726e-10
403.0 0.001035376681102207
404.0 0.002697097443160601
405.0 0.004087450361112133
406.0 0.005477803279063664
407.0 0.0020340605260571465
408.0 1.6468766454724726e-10
409.0 1.6468766454724726e-10
410.0 1.6468766454724726e-10
411.0 0.002500750451872591
412.0 0.005128999328007922
413.0 0.004563117909128778
414.0 0.003997237581643276
415.0 0.0047201025154208764
416.0 0.005442966357804835
417.0 0.002888974813686218
418.0 0.00033498299671919085
419.0 0.003045929224754218
420.0 0.005756875179940835
421.0 0.005180986045161262
422.0 0.004605096546583809
423.0 0.004453183646546677
424.0 0.004301270018913783
425.0 0.0032201583962887526
426.0 0.0021390460460679606
427.0 0.003169302362948656
428.0 0.004199559043627232
429.0 0.004752405584440567
430.0 0.005305252852849662
431.0 0.003721733810380101
432.0 0.002138215677405242
433.0 0.003334118446218781
434.0 0.00453002103313338
435.0 0.002956201024062466
436.0 0.0013823809240420815
437.0 0.001543786856927909
438.0 0.001705193062662147
439.0 0.002060613223875407
440.0 0.002416033748886548
441.0 0.0005534857791644754
442.0 1.6468766454724726e-10
443.0 1.6468766454724726e-10
444.0 1.6468766454724726e-10
445.0 1.6468766454724726e-10
446.0 1.6468766454724726e-10
447.0 0.00010943942925223382
448.0 0.0005354874701879453
449.0 1.6468766454724726e-10
450.0 1.6468766454724726e-10
451.0 0.00013797485962641076
452.0 0.0012435398275556508
453.0 0.001679819069977384
454.0 0.002116098585247528
455.0 0.002060121732938569
456.0 0.0020041448806296103
457.0 0.0013067160580249038
458.0 0.0006092872354201972
459.0 0.0003173140612489078
460.0 2.534087855110556e-05
461.0 0.0004521160008152947
462.0 0.000878891114552971
463.0 0.00039574206311954185
464.0 1.6468766454724726e-10
465.0 0.00028267472771403845
466.0 0.0006527562618430238
467.0 0.0008760610398894642
468.0 0.0010993658179359045
469.0 0.000568100176678854
470.0 3.683457805436774e-05
471.0 0.00037711615732405335
472.0 0.0007173977792263031
473.0 0.0009022248377732467
474.0 0.0010870521691686008
475.0 0.0005189333478483604
476.0 1.6468766454724726e-10
477.0 0.0005537547167477896
478.0 0.0011566946341190487
479.0 0.0012198373951832764
480.0 0.0012829802471969742
481.0 0.0025124458261416294
482.0 0.003741909677046351
483.0 0.005100029375171289
484.0 0.006458148709498346
485.0 0.00663924147374928
486.0 0.006820333510404453
487.0 0.009965786011889577
488.0 0.013111239240970463
489.0 0.01644330332055688
490.0 0.019775367400143296
491.0 0.022470572730526328
492.0 0.025165776605717838
493.0 0.027343863621354103
494.0 0.02952195063699037
495.0 0.026959035312756896
496.0 0.024396114167757332
497.0 0.019639301171991974
498.0 0.01488248526584357
499.0 0.010735629621194676
500.0 0.006588776159333065
501.0 0.00480527596664615
502.0 0.0030217765015549958
503.0 0.002433634472254198
504.0 0.0018454920791555196
505.0 0.001823153070290573
506.0 0.0018008140614256263
507.0 0.0019592651369748637
508.0 0.0021177158487262204
509.0 0.0022767424525227398
510.0 0.0024357688744203188
511.0 0.0018470371287548915
512.0 0.001258305292139994
513.0 0.0016127529306686483
514.0 0.001967200296348892
515.0 0.0024891698558349162
516.0 0.0030111395972198807
517.0 0.002305848101968877
518.0 0.0016005566067178734
519.0 0.0018633389117894694
520.0 0.002126121398760006
521.0 0.0017791076970752329
522.0 0.0014320941772894002
523.0 0.001515606800239766
524.0 0.0015991196050890721
525.0 0.0019791290469584055
526.0 0.002359138488827739
527.0 0.002448934355925303
528.0 0.0025387305868207477
529.0 0.002327449692529626
530.0 0.002116168980137445
531.0 0.002050822331511881
532.0 0.0019854756828863174
533.0 0.0019117607735097408
534.0 0.0018380460460321046
535.0 0.0017224469047505409
536.0 0.001606847763468977
537.0 0.0022604579498874955
538.0 0.002914068136306014
539.0 0.0036026187444804236
540.0 0.004291169898351654
541.0 0.004874141814070754
542.0 0.005457113729789853
543.0 0.005130386489327066
544.0 0.004803659612662159
545.0 0.003957555236411281
546.0 0.0031114515877561644
547.0 0.002490981205482967
548.0 0.0018705110051087104
549.0 0.0019071261704084463
550.0 0.0019437413357081823
551.0 0.0016549824067624286
552.0 0.0013662236597156152
553.0 0.001608755519555416
554.0 0.0018512873793952167
555.0 0.0014038489098311402
556.0 0.0009564104402670637
557.0 0.0007951733095978852
558.0 0.0006339361789287068
559.0 0.0002275074848512304
560.0 1.6468766454724726e-10
561.0 0.0006377910267474363
562.0 0.0014545033081958536
563.0 0.001611640072951559
564.0 0.0017687769286567345
565.0 0.0014122748325462453
566.0 0.001055772645486286
567.0 0.0009188541298499331
568.0 0.0007819355232641101
569.0 0.0007811282557668164
570.0 0.0007803206244716421
571.0 0.00044616253944695927
572.0 0.00011200445442227647
573.0 0.0002600491143311956
574.0 0.0004080938197148498
575.0 0.00037205165881459834
576.0 0.00033600942970224423
577.0 0.0004890654963674024
578.0 0.0006421215857699281
579.0 0.0002961768132081488
580.0 1.6468766454724726e-10
581.0 0.00015367018022516277
582.0 0.00035710831980395596
583.0 0.000444823490397539
584.0 0.0005325385245669167
585.0 0.0006373522410285659
586.0 0.0007421660939144203
587.0 0.0007145637482608436
588.0 0.0006869613116577966
589.0 0.0006606267106690211
590.0 0.0006342921096802456
591.0 0.00077914482972119
592.0 0.0009239976861863397
593.0 0.0006114625648478977
594.0 0.0002989274662468233
595.0 0.0006007432148180669
596.0 0.0009025588042277377
597.0 0.0006921051408426138
598.0 0.00048165156840696
599.0 0.0004667680968850618
600.0 0.0004518844434642233
601.0 0.00042092910916835535
602.0 0.0003899737293977523
603.0 0.0002974128619825933
604.0 0.00020485190361796413
605.0 0.00022515589535032632
606.0 0.00024545990982005605
607.0 0.0004733612513518892
608.0 0.0007012624791968847
609.0 0.0006249567832128378
610.0 0.0005486508143803803
611.0 0.0006991956979618408
612.0 0.0008497406270180363
613.0 0.0005034060905018123
614.0 0.00015707159946032334
615.0 1.6468766454724726e-10
616.0 1.6468766454724726e-10
617.0 1.6468766454724726e-10
618.0 0.00010192047739110421
619.0 0.0002204497150160023
620.0 0.000338979020853003
621.0 0.0005431342287920415
622.0 0.0007472894139937125
623.0 0.0005726551080442732
624.0 0.0003980208020948339
625.0 0.00042149827095272485
626.0 0.00044497583076008596
627.0 0.0003381065653229598
628.0 0.00023123729988583364
629.0 0.000416564398619812
630.0 0.0006018915883032605
631.0 0.0004635955065168673
632.0 0.0003252993565183715
633.0 0.00037991728731867624
634.0 0.00043453519538161345
635.0 0.0004659239039028762
636.0 0.0004973125214746688
637.0 0.0004368652753328206
638.0 0.0003764178472920321
639.0 0.0006159723398013739
640.0 0.0008555267413612455
641.0 0.0006219170245458372
642.0 0.0003883072622556938
643.0 0.0005793307082058163
644.0 0.0007703541086812038
645.0 0.0007441278285114095
646.0 0.0007179015938163502
647.0 0.0008399906619160902
648.0 0.0009620802302379161
649.0 0.0007810122951923404
650.0 0.0005999443601467647
651.0 0.0008129792149702553
652.0 0.001026014160743216
653.0 0.0011673740118567366
654.0 0.001308733772020787
655.0 0.0018351305698161013
656.0 0.0023615271857124753
657.0 0.003346562516526319
658.0 0.004331596937845461
659.0 0.006953326374059543
660.0 0.06242566159926355
661.0 0.1179508282802999
662.0 0.084061169764027
663.0 0.09119245223701
664.0 0.14110082993283868
665.0 0.1162357279099524
666.0 0.11715329019352794
667.0 0.15083024045452476
668.0 0.20471345633268356
669.0 0.2377345459535718
670.0 0.33857158850878477
671.0 0.4537961445748806
672.0 0.748444814234972
673.0 1.2824691832065582
674.0 1.896940916776657
675.0 2.7431368827819824
676.0 3.7884052842855453
677.0 5.148439109325409
678.0 6.461244821548462
679.0 7.909146696329117
680.0 9.794221818447113
681.0 11.807575076818466
682.0 14.35215175151825
683.0 17.175225913524628
684.0 20.17873525619507
685.0 23.07784855365753
686.0 26.066163182258606
687.0 29.228854179382324
688.0 32.436758279800415
689.0 35.65610945224762
690.0 39.41909670829773
691.0 43.43372583389282
692.0 48.372530937194824
693.0 53.51259708404541
694.0 59.33583378791809
695.0 65.00078439712524
696.0 71.27326726913452
697.0 76.81875228881836
698.0 82.88139700889587
699.0 87.45893836021423
700.0 91.07601642608643
701.0 93.85939240455627
702.0 95.7988440990448
703.0 96.79556488990784
704.0 97.30393886566162
705.0 97.75853157043457
706.0 97.81935214996338
707.0 97.95284867286682
708.0 97.9698121547699
709.0 98.07531833648682
710.0 97.85873889923096
711.0 97.96728491783142
712.0 97.88528084754944
713.0 97.98634052276611
714.0 98.02253842353821
715.0 98.16447496414185
716.0 97.94057607650757
717.0 98.16699624061584
718.0 98.23382496833801
719.0 98.21639060974121
720.0 98.38241338729858
721.0 98.39062690734863
722.0 98.06647300720215
723.0 97.85712957382202
724.0 97.54781723022461
725.0 97.30426669120789
726.0 96.95495963096619
727.0 96.7335045337677
728.0 96.4103102684021
729.0 96.22352123260498
730.0 96.24878764152527
731.0 96.27219438552856
732.0 96.3007926940918
733.0 96.54016494750977
734.0 96.91795110702515
735.0 97.10615873336792
736.0 97.52919673919678
737.0 97.96640872955322
738.0 98.23063015937805
739.0 98.57490658760071
740.0 98.712819814682
741.0 98.56069684028625
742.0 98.84321093559265
743.0 98.6867606639862
744.0 98.55760335922241
745.0 98.54244589805603
746.0 98.48619103431702
747.0 98.73327016830444
748.0 98.6488938331604
749.0 98.48142266273499
750.0 98.53097796440125
751.0 98.44794869422913
752.0 98.33822846412659
753.0 98.54865670204163
754.0 98.46213459968567
755.0 98.55366945266724
756.0 98.64890575408936
757.0 98.57408404350281
758.0 98.77925515174866
759.0 98.75766634941101
760.0 98.63623976707458
761.0 98.54488372802734
762.0 98.62732887268066
763.0 98.59768748283386
764.0 98.53173494338989
765.0 98.41155409812927
766.0 98.45733046531677
767.0 98.25217127799988
768.0 98.32065105438232
769.0 98.3321487903595
770.0 98.1130063533783
771.0 98.22304248809814
772.0 98.17152619361877
773.0 98.10132384300232
774.0 97.91305661201477
775.0 97.99579977989197
776.0 97.8362500667572
777.0 97.92283773422241
778.0 97.9310691356659
779.0 97.9431688785553
780.0 97.90452122688293
781.0 98.20935130119324
782.0 98.02859425544739
783.0 98.14150929450989
784.0 98.1353759765625
785.0 98.22670817375183
786.0 98.34803342819214
787.0 98.11149835586548
788.0 98.2175350189209
789.0 98.31444025039673
790.0 98.24236035346985
791.0 98.26180338859558
792.0 98.18070530891418
793.0 98.08233976364136
794.0 98.05737733840942
795.0 97.93266654014587
796.0 97.94049263000488
797.0 98.0150818824768
798.0 97.97680377960205
799.0 97.83618450164795
800.0 97.61620163917542
801.0 97.67076969146729
802.0 97.64121770858765
803.0 97.37436175346375
804.0 97.28066921234131
805.0 96.88926935195923
806.0 96.59891128540039
807.0 95.8733320236206
808.0 95.05295157432556
809.0 94.02251839637756
810.0 92.81326532363892
811.0 91.12486839294434
812.0 89.0104353427887
813.0 86.48459315299988
814.0 83.4902822971344
815.0 79.9583911895752
816.0 76.26560926437378
817.0 71.95846438407898
818.0 67.0655608177185
819.0 62.74063587188721
820.0 57.71156549453735
821.0 53.14404368400574
822.0 48.69983792304993
823.0 44.09816265106201
824.0 39.492687582969666
825.0 35.23037135601044
826.0 30.77872395515442
827.0 26.17277204990387
828.0 21.92237228155136
829.0 17.737306654453278
830.0 13.498029112815857
831.0 10.176558047533035
832.0 6.978825479745865
833.0 4.6198200434446335
834.0 2.92078647762537
835.0 1.750389114022255
836.0 1.0214210487902164
837.0 0.5563650745898485
838.0 0.31283285934478045
839.0 0.19257182721048594
840.0 0.09425054886378348
841.0 0.04882783105131239
842.0 0.013468465476762503
843.0 0.01871814747573808
844.0 1.6468766454724726e-10
845.0 1.6468766454724726e-10
846.0 1.2237400426329259e-05
847.0 1.6468766454724726e-10
848.0 0.0009063946890819352
849.0 1.6468766454724726e-10
850.0 1.6468766454724726e-10
851.0 1.6468766454724726e-10
852.0 0.0009824168046179693
853.0 0.0010662429303920362
854.0 0.0011500693290145136
855.0 0.001159285329777049
856.0 0.0011685013305395842
857.0 0.0010316427506040782
858.0 0.0008947837159212213
859.0 0.0005275415787764359
860.0 0.00016029928247007774
861.0 0.00021923144686297746
862.0 0.0002781634748316719
863.0 0.00016451962210339843
864.0 5.087582621854381e-05
865.0 7.527560796916077e-05
866.0 9.967533287635888e-05
867.0 7.450227030858514e-05
868.0 4.932917931910197e-05
869.0 1.6468766454724726e-10
870.0 1.6468766454724726e-10
871.0 3.895902693784592e-05
872.0 0.0003104777988482965
873.0 0.00029155269203329226
874.0 0.00027262756248092046
875.0 0.00027993162348138867
876.0 0.0002872357072192244
877.0 1.6468766454724726e-10
878.0 1.6468766454724726e-10
879.0 2.644417129715748e-06
880.0 0.0004952641575073358
881.0 0.00022792510208091699
882.0 1.6468766454724726e-10
883.0 0.000128207011584891
884.0 0.00029582795377791626
885.0 0.00015146817986533279
886.0 7.1084436115143035e-06
887.0 0.0001506086505287385
888.0 0.0002941088951047277
889.0 0.0001560393457111786
890.0 1.7969807686313288e-05
891.0 9.341092095382919e-05
892.0 0.00016885201148397755
893.0 0.0002535655312385643
894.0 0.0003382790282557835
895.0 4.2369794073238154e-05
