lsstCam/transmission_filter_detector/r10_s22/g_6/19700101T000000.ecsv
# %ECSV 1.0
# ---
# datatype:
# - {name: wavelength, unit: nm, datatype: float32}
# - {name: efficiency, unit: '%', datatype: float64}
# meta: !!omap
# - {MODE: DETECTOR}
# - {TYPE: transmission_filter_detector}
# - {CALIBDATE: '1970-01-01T00:00:00'}
# - {INSTRUME: LSSTCam}
# - {OBSTYPE: transmission_filter_detector}
# - {CALIBCLS: lsst.ip.isr.IntermediateFilterDetectorTransmissionCurve}
# - {SOURCE: Materion (DM-46256)}
# - {DETECTOR: 35}
# - {FILTER: g_6}
# - {CALIB_ID: 'calibDate=1970-01-01T00:00:00 filter=g_6 detector=35'}
# - {DATE: '2025-04-02T15:59:42.189724'}
# - {CALIB_CREATION_DATE: '2025-04-02'}
# - {CALIB_CREATION_TIME: '15:59:42'}
# - __serialized_columns__:
#     efficiency:
#       __class__: astropy.units.quantity.Quantity
#       unit: !astropy.units.Unit {unit: '%'}
#       value: !astropy.table.SerializedColumn {name: efficiency}
#     wavelength:
#       __class__: astropy.units.quantity.Quantity
#       unit: !astropy.units.Unit {unit: nm}
#       value: !astropy.table.SerializedColumn {name: wavelength}
# schema: astropy-2.0
wavelength efficiency
[from data line 608]
908.0 0.000451846835858305
909.0 0.0003783101647059084
910.0 0.00030400224204640836
911.0 0.00022969434212427586
912.0 0.0003738003670150647
913.0 0.0005179064828553237
914.0 0.0003221701717848191
915.0 0.00012643392892641714
916.0 0.00015694913599872962
917.0 0.00018746430896499078
918.0 0.00022686351712764008
919.0 0.0002662627139216056
920.0 0.0003293090912848129
921.0 0.0003923554686480202
922.0 0.0005301084911479848
923.0 0.0006678615136479493
924.0 0.0005817083547299262
925.0 0.0004955551048624329
926.0 0.0005810740731249098
927.0 0.0006665931778115919
928.0 0.0005863373189640697
929.0 0.0005060815055912826
930.0 0.0005010883342038142
931.0 0.0004960952537658159
932.0 0.0004949717549607158
933.0 0.0004938483471050858
934.0 0.0004595682185026817
935.0 0.00042528813537501264
936.0 0.0004977744993084343
937.0 0.000570260863241856
938.0 0.0006105928150645923
939.0 0.0006509247214125935
940.0 0.0005564678758673836
941.0 0.00046201089389796834
942.0 0.000602785485170898
943.0 0.0007435600309690926
944.0 0.0006718154054397019
945.0 0.0006000706889608409
946.0 0.000521231322636595
947.0 0.0004423918198881438
948.0 0.0008856177373672836
949.0 0.0013288437912706286
950.0 0.0010830672181327827
951.0 0.0008372907359444071
952.0 0.000881032883626176
953.0 0.0009247749403584749
954.0 0.0008565393727621995
955.0 0.0007883038961153943
956.0 0.0006951761406526202
957.0 0.0006020481578161707
958.0 0.0007197925697255414
959.0 0.000837536936160177
960.0 0.0006610522632399807
961.0 0.0004845674538955791
962.0 0.0005260328634903999
963.0 0.0005674981821357505
964.0 0.0006872249741718406
965.0 0.0008069516297837254
966.0 0.000801934402261395
967.0 0.0007969171747390646
968.0 0.0007303422080440214
969.0 0.0006637672868237132
970.0 0.0006893998033774551
971.0 0.0007150324108806672
972.0 0.0008052864359342493
973.0 0.0008955405064625666
974.0 0.0008118201549223159
975.0 0.0007281001671799459
976.0 0.0007843858838896267
977.0 0.0008406719643971883
978.0 0.0009085872079594992
979.0 0.0009765024515218101
980.0 0.0010129591828444973
981.0 0.0010494160051166546
982.0 0.000967375763138989
983.0 0.0008853354302118532
984.0 0.0009321355719293933
985.0 0.000978935986495344
986.0 0.0011140603419335093
987.0 0.0012491845154727343
988.0 0.0013224795111455023
989.0 0.0013957740520709194
990.0 0.0014449626178247854
991.0 0.0014941512745281216
992.0 0.0014800808457948733
993.0 0.0014660105080110952
994.0 0.001382110349368304
995.0 0.0012982103726244532
996.0 0.0011778424777730834
997.0 0.0010574744010227732
998.0 0.00124452435557032
999.0 0.0014315743101178668
1000.0 0.0013949620552011766
1001.0 0.001358349618385546
1002.0 0.0012659740605158731
1003.0 0.0011735985935956705
1004.0 0.0011277802514086943
1005.0 0.0010819617273227777
1006.0 0.0013603112165583298
1007.0 0.0016386606148444116
1008.0 0.0016337799024768174
1009.0 0.0016288995539071038
1010.0 0.0017661341189523228
1011.0 0.0019033692296943627
1012.0 0.0020452940589166246
1013.0 0.002187219070037827
1014.0 0.0021948331777821295
1015.0 0.002202447649324313
1016.0 0.0025111681679845788
1017.0 0.002819889414240606
1018.0 0.003037727037735749
1019.0 0.003255564661230892
1020.0 0.0033327731216559187
1021.0 0.0034099815820809454
1022.0 0.003696920975926332
1023.0 0.00398386109736748
1024.0 0.004203335629426874
1025.0 0.004422810525284149
1026.0 0.004493743836064823
1027.0 0.0045646767830476165
1028.0 0.004625186193152331
1029.0 0.004685695603257045
1030.0 0.004828771488973871
1031.0 0.004971846647094935
1032.0 0.005334075103746727
1033.0 0.005696303560398519
1034.0 0.005540214624488726
1035.0 0.005384126052376814
1036.0 0.00549976211914327
1037.0 0.005615397822111845
1038.0 0.0058360023103887215
1039.0 0.006056606434867717
1040.0 0.006432721420424059
1041.0 0.006808835314586759
1042.0 0.006982706690905616
1043.0 0.007156577339628711
1044.0 0.007374731649179012
1045.0 0.007592883775942028
1046.0 0.008679040183778852
1047.0 0.009765195136424154
1048.0 0.011241806350881234
1049.0 0.012718414654955268
1050.0 0.015110956155695021
1051.0 0.01750349474605173
1052.0 0.021402921993285418
1053.0 0.025302355061285198
1054.0 0.03026043705176562
1055.0 0.035218519042246044
1056.0 0.04206908924970776
1057.0 0.048919650726020336
1058.0 0.05690811085514724
1059.0 0.06489655352197587
1060.0 0.07231649942696095
1061.0 0.07973642204888165
1062.0 0.0869893585331738
1063.0 0.09424227173440158
1064.0 0.09993626736104488
1065.0 0.10563025716692209
1066.0 0.1112946541979909
1067.0 0.1169590512290597
1068.0 0.12382511049509048
1069.0 0.13069121632725
1070.0 0.14117496320977807
1071.0 0.15165871009230614
1072.0 0.1643975847400725
1073.0 0.1771364244632423
1074.0 0.19052299903705716
1075.0 0.20390963181853294
1076.0 0.21684477105736732
1077.0 0.22977988701313734
1078.0 0.24305579718202353
1079.0 0.256331660784781
1080.0 0.27350925374776125
1081.0 0.2906868467107415
1082.0 0.31887227669358253
1083.0 0.34705770667642355
1084.0 0.3865594509989023
1085.0 0.42606121860444546
1086.0 0.4618742037564516
1087.0 0.4976872354745865
1088.0 0.5625997669994831
1089.0 0.6275122985243797
1090.0 0.7059394847601652
1091.0 0.7843665778636932
1092.0 0.8156269788742065
1093.0 0.84688700735569
1094.0 0.886098574846983
1095.0 0.9253097698092461
1096.0 0.9738299995660782
1097.0 1.0223504155874252
1098.0 1.0503421537578106
1099.0 1.0783340781927109
1100.0 1.2502338737249374
1101.0 1.4221332967281342
