lsstCam/transmission_filter_detector/r10_s22/g_6/19700101T000000.ecsv
# %ECSV 1.0
# ---
# datatype:
# - {name: wavelength, unit: nm, datatype: float32}
# - {name: efficiency, unit: '%', datatype: float64}
# meta: !!omap
# - {MODE: DETECTOR}
# - {TYPE: transmission_filter_detector}
# - {CALIBDATE: '1970-01-01T00:00:00'}
# - {INSTRUME: LSSTCam}
# - {OBSTYPE: transmission_filter_detector}
# - {CALIBCLS: lsst.ip.isr.IntermediateFilterDetectorTransmissionCurve}
# - {SOURCE: Materion (DM-46256)}
# - {DETECTOR: 35}
# - {FILTER: g_6}
# - {CALIB_ID: 'calibDate=1970-01-01T00:00:00 filter=g_6 detector=35'}
# - {DATE: '2025-04-02T15:59:42.189724'}
# - {CALIB_CREATION_DATE: '2025-04-02'}
# - {CALIB_CREATION_TIME: '15:59:42'}
# - __serialized_columns__:
#     efficiency:
#       __class__: astropy.units.quantity.Quantity
#       unit: !astropy.units.Unit {unit: '%'}
#       value: !astropy.table.SerializedColumn {name: efficiency}
#     wavelength:
#       __class__: astropy.units.quantity.Quantity
#       unit: !astropy.units.Unit {unit: nm}
#       value: !astropy.table.SerializedColumn {name: wavelength}
# schema: astropy-2.0
wavelength efficiency
300.0 0.5164946429431438
301.0 0.3810926340520382
302.0 0.2456905785948038
303.0 0.21996917203068733
304.0 0.19424775382503867
305.0 0.20247248467057943
306.0 0.21069718059152365
307.0 0.2170841908082366
308.0 0.22347120102494955
309.0 0.22423160262405872
310.0 0.22499202750623226
311.0 0.21558513399213552
312.0 0.20617826376110315
313.0 0.20224179606884718
314.0 0.19830530509352684
315.0 0.18838548567146063
316.0 0.17846570117399096
317.0 0.17554503865540028
318.0 0.17262441106140614
319.0 0.159785570576787
320.0 0.1469467068091035
321.0 0.1418556086719036
322.0 0.13676451053470373
323.0 0.11557330144569278
324.0 0.09438216220587492
325.0 0.08668179507367313
326.0 0.07898142794147134
327.0 0.07301396690309048
328.0 0.06704650586470962
329.0 0.0633103190921247
330.0 0.0595741206780076
331.0 0.05469224997796118
332.0 0.04981037345714867
333.0 0.04678344412241131
334.0 0.04375651478767395
335.0 0.04232887295074761
336.0 0.04090122529305518
337.0 0.04152261535637081
338.0 0.042143999598920345
339.0 0.04085628315806389
340.0 0.03956856962759048
341.0 0.03754837962333113
342.0 0.03552819543983787
343.0 0.03214510506950319
344.0 0.028762014699168503
345.0 0.02554675447754562
346.0 0.02233149134553969
347.0 0.021116032439749688
348.0 0.01990057062357664
349.0 0.018125645874533802
350.0 0.8514038287103176
351.0 1.0573601350188255
352.0 1.0323960334062576
353.0 0.9230233728885651
354.0 0.6083571817725897
355.0 0.9654859080910683
356.0 0.9380823001265526
357.0 0.865726824849844
358.0 0.39883251301944256
359.0 0.7965520955622196
360.0 0.6637559738010168
361.0 0.7977103814482689
362.0 0.498454924672842
363.0 0.540384091436863
364.0 0.47308835200965405
365.0 0.7092928048223257
366.0 0.4120314959436655
367.0 0.6271881517022848
368.0 0.4162060562521219
369.0 0.6264409981667995
370.0 0.46294648200273514
371.0 0.6066648289561272
372.0 0.5164155270904303
373.0 0.5972579121589661
374.0 0.39228079840540886
375.0 0.5275375209748745
376.0 0.29343864880502224
377.0 0.5009413231164217
378.0 0.38037297781556845
379.0 0.5975131411105394
380.0 0.38054247852414846
381.0 0.5116514395922422
382.0 0.5316145718097687
383.0 0.5345454439520836
384.0 0.5916608963161707
385.0 0.5960420239716768
386.0 0.58627650141716
387.0 0.7217488717287779
388.0 0.9119108319282532
389.0 1.1873221024870872
390.0 1.668335311114788
391.0 2.4521145969629288
392.0 4.0342845022678375
393.0 6.392379850149155
394.0 9.681214392185211
395.0 14.096646010875702
396.0 19.65070366859436
397.0 26.865029335021973
398.0 35.12488007545471
399.0 44.23196017742157
400.0 53.60967516899109
401.0 62.75620460510254
402.0 71.21304869651794
403.0 78.56712341308594
404.0 84.0155303478241
405.0 88.14471364021301
406.0 90.53009152412415
407.0 92.34235882759094
408.0 93.46584677696228
409.0 94.02108192443848
410.0 94.21455264091492
411.0 94.09035444259644
412.0 93.77642273902893
413.0 93.59918236732483
414.0 93.33555102348328
415.0 93.50904822349548
416.0 93.86149644851685
417.0 94.12455558776855
418.0 94.58816647529602
419.0 95.19539475440979
420.0 95.75647115707397
421.0 96.24653458595276
422.0 96.48695588111877
423.0 96.71359062194824
424.0 96.53195142745972
425.0 96.47419452667236
426.0 96.43384218215942
427.0 96.49853706359863
428.0 96.25190496444702
429.0 96.15067839622498
430.0 95.95630168914795
431.0 96.08551859855652
432.0 96.00719809532166
433.0 96.12904191017151
434.0 96.25251889228821
435.0 96.3723361492157
436.0 96.41648530960083
437.0 96.47256135940552
438.0 96.46967649459839
439.0 96.55454754829407
440.0 96.47963643074036
441.0 96.63670063018799
442.0 96.63203954696655
443.0 96.61031365394592
444.0 96.58752679824829
445.0 96.30988240242004
446.0 96.20851874351501
447.0 95.94848155975342
448.0 95.96071243286133
449.0 96.0985541343689
450.0 96.3149905204773
451.0 96.49752974510193
452.0 96.67389988899231
453.0 96.79190516471863
454.0 96.89660668373108
455.0 97.21900820732117
456.0 97.30876684188843
457.0 97.47671484947205
458.0 97.43924140930176
459.0 97.46871590614319
460.0 97.50034213066101
461.0 97.59729504585266
462.0 97.57680892944336
463.0 97.5223183631897
464.0 97.61470556259155
465.0 97.55755066871643
466.0 97.49695658683777
467.0 97.54306674003601
468.0 97.58578538894653
469.0 97.60170578956604
470.0 97.46024012565613
471.0 97.32932448387146
472.0 97.37724661827087
473.0 97.3362684249878
474.0 97.21991419792175
475.0 97.24225997924805
476.0 97.20568060874939
477.0 97.2108006477356
478.0 97.37183451652527
479.0 97.33643531799316
480.0 97.5184977054596
481.0 97.57512211799622
482.0 97.78729677200317
483.0 97.68942594528198
484.0 97.84902930259705
485.0 97.90330529212952
486.0 97.95584082603455
487.0 97.97213077545166
488.0 97.98301458358765
489.0 98.07398915290833
490.0 98.0088472366333
491.0 98.03028702735901
492.0 97.97505140304565
493.0 97.94909358024597
494.0 97.9154884815216
495.0 97.96417951583862
496.0 97.77526259422302
497.0 97.69377708435059
498.0 97.52832055091858
499.0 97.56020903587341
500.0 97.50760793685913
501.0 97.43890166282654
502.0 97.3723828792572
503.0 97.54666090011597
504.0 97.39112854003906
505.0 97.35433459281921
506.0 97.3961591720581
507.0 97.34516143798828
508.0 97.38263487815857
509.0 97.33794927597046
510.0 97.28713035583496
511.0 97.22811579704285
512.0 97.17729687690735
513.0 97.28858470916748
514.0 97.22686409950256
515.0 97.24412560462952
516.0 97.33991622924805
517.0 97.31661677360535
518.0 97.40657210350037
519.0 97.48106598854065
520.0 97.50820994377136
521.0 97.63397574424744
522.0 97.61152863502502
523.0 97.6102352142334
524.0 97.64547348022461
525.0 97.63011336326599
526.0 97.68376350402832
527.0 97.73063063621521
528.0 97.770756483078
529.0 97.86467552185059
530.0 97.88898825645447
531.0 98.04258346557617
532.0 97.88334965705872
533.0 97.88710474967957
534.0 97.88285493850708
535.0 97.73812890052795
536.0 97.4418580532074
537.0 96.98140025138855
538.0 96.32691740989685
539.0 95.05677223205566
540.0 93.44046711921692
541.0 90.98671078681946
542.0 88.37066292762756
543.0 84.876149892807
544.0 80.39711713790894
545.0 76.44047737121582
546.0 71.55224680900574
547.0 66.98505282402039
548.0 62.396419048309326
549.0 58.195894956588745
550.0 54.856592416763306
551.0 51.62537693977356
552.0 49.18167591094971
553.0 46.68640494346619
554.0 43.91711950302124
555.0 40.862005949020386
556.0 36.816003918647766
557.0 32.09225833415985
558.0 26.8248051404953
559.0 21.496964991092682
560.0 16.249871253967285
561.0 11.313605308532715
562.0 7.411163300275803
563.0 4.453767463564873
564.0 2.5003401562571526
565.0 1.2301219627261162
566.0 0.6380707956850529
567.0 0.32316430006176233
568.0 0.20259676966816187
569.0 0.11609229259192944
570.0 0.08616140112280846
571.0 0.05164367612451315
572.0 0.05870747845619917
573.0 0.033231975976377726
574.0 0.04244490119162947
575.0 0.03251854213885963
576.0 0.031122329528443515
577.0 0.031639859662391245
578.0 0.03687988792080432
579.0 0.029719254234805703
580.0 0.02634980482980609
581.0 0.024610813125036657
582.0 0.0267218507360667
583.0 0.015946500934660435
584.0 0.022275270021054894
585.0 0.019947299733757973
586.0 0.029247108614072204
587.0 0.016055528249125928
588.0 0.019959284691140056
589.0 0.009483118628850207
590.0 0.013592501636594534
591.0 0.007451803685398772
592.0 0.009228488488588482
593.0 0.015268259448930621
594.0 0.017039010708685964
595.0 0.01217090175487101
596.0 0.013889875845052302
597.0 0.01968392462003976
598.0 0.004426022860570811
599.0 0.00561817578272894
600.0 0.010352244862588122
601.0 0.002321930332982447
602.0 0.0024686021788511425
603.0 0.002615273479023017
604.0 0.002309385672560893
605.0 0.0020034976841998287
606.0 0.0020335230146883987
607.0 0.002063547981379088
608.0 0.0018731485397438519
609.0 0.0016827489162096754
610.0 0.0018727558199316263
611.0 0.0020627623598556966
612.0 0.001938214700203389
613.0 0.0018136670405510813
614.0 0.0018285152691532858
615.0 0.0018433640434523113
616.0 0.0019310664356453344
617.0 0.0020187688278383575
618.0 0.0018684489987208508
619.0 0.001718129169603344
620.0 0.0017177426343550906
621.0 0.0017173559172078967
622.0 0.001571352913742885
623.0 0.001425349819328403
624.0 0.0014229465705284383
625.0 0.0014205433217284735
626.0 0.0013544573448598385
627.0 0.0012883717317890842
628.0 0.0014574276974599343
629.0 0.001626483935979195
630.0 0.0014315837688627653
631.0 0.001236683328897925
632.0 0.0013130234947311692
633.0 0.0013893632967665326
634.0 0.001423258254362736
635.0 0.0014571527572115883
636.0 0.0013645741091750097
637.0 0.0012719958249363117
638.0 0.0011624848411884159
639.0 0.00105297376649105
640.0 0.0010659311556082685
641.0 0.0010788883628265467
642.0 0.0013249537005322054
643.0 0.0015710193110862747
644.0 0.0014256120266509242
645.0 0.0012802045603166334
646.0 0.0012085843081877101
647.0 0.0011369640560587868
648.0 0.0010400360224593896
649.0 0.0009431078069610521
650.0 0.0011854101103381254
651.0 0.0014277118680183776
652.0 0.0011750147677958012
653.0 0.0009223176675732248
654.0 0.001026463542075362
655.0 0.0011306095984764397
656.0 0.001127384530263953
657.0 0.0011241595530009363
658.0 0.0011085169717262033
659.0 0.0010928748451988213
660.0 0.0010089863280882128
661.0 0.0009250978109776042
662.0 0.001048887861543335
663.0 0.0011726781849574763
664.0 0.0012793536370736547
665.0 0.0013860287253919523
666.0 0.0012374181096674874
667.0 0.0010888074029935524
668.0 0.0011617215022852179
669.0 0.0012346356925263535
670.0 0.0011752144018828403
671.0 0.001115793020289857
672.0 0.0011279841601208318
673.0 0.0011401750271033961
674.0 0.0011198616448382381
675.0 0.00109954817162361
676.0 0.0010617214684316423
677.0 0.001023894492391264
678.0 0.0011018781151506118
679.0 0.0011798618288594298
680.0 0.0010559904694673605
681.0 0.0009321191100752912
682.0 0.0009790963304112665
683.0 0.0010260732778988313
684.0 0.0009104957825911697
685.0 0.0007949182872835081
686.0 0.000998033556243172
687.0 0.0012011488252028357
688.0 0.0011583219020394608
689.0 0.0011154948879266158
690.0 0.000998739506030688
691.0 0.0008819841241347603
692.0 0.0009147825949185062
693.0 0.0009475810657022521
694.0 0.001044599230226595
695.0 0.0011416173947509378
696.0 0.0011306474334560335
697.0 0.0011196770174137782
698.0 0.0012312327271502
699.0 0.0013427882549876813
700.0 0.0011457867003628053
701.0 0.0009487850547884591
702.0 0.001052585503202863
703.0 0.0011563858606677968
704.0 0.001175873421743745
705.0 0.0011953606190218125
706.0 0.0011909740351256914
707.0 0.0011865876331285108
708.0 0.001102603073377395
709.0 0.0010186187864746898
710.0 0.0011662196811812464
711.0 0.0013138209396856837
712.0 0.0012527862963906955
713.0 0.0011917521078430582
714.0 0.001254541439266177
715.0 0.0013173310435377061
716.0 0.00151164340422838
717.0 0.0017059561287169345
718.0 0.0019663288185256533
719.0 0.002226701326435432
720.0 0.0018410342818242498
721.0 0.0014553670553141274
722.0 0.0015640738638467155
723.0 0.0016727812180761248
724.0 0.0017075819414458238
725.0 0.001742382846714463
726.0 0.0018371045371168293
727.0 0.0019318260456202552
728.0 0.0020313058485044166
729.0 0.002130785651388578
730.0 0.002085379855998326
731.0 0.0020399738787091337
732.0 0.0019001063265022822
733.0 0.001760238956194371
734.0 0.0015142891243158374
735.0 0.0012683395652857143
736.0 0.0011669519153656438
737.0 0.001065564083546633
738.0 0.0011011064088961575
739.0 0.0011366488251951523
740.0 0.000949520654103253
741.0 0.0007623922556376783
742.0 0.0007527335583290551
743.0 0.0007430747700709617
744.0 0.0008737701136851683
745.0 0.0010044655937235802
746.0 0.0009722940376377665
747.0 0.0009401224815519527
748.0 0.0010948941962851677
749.0 0.0012496659110183828
750.0 0.001063157651515212
751.0 0.0008766496648604516
752.0 0.000830038061394589
753.0 0.000783426730777137
754.0 0.0008384190550714266
755.0 0.0008934114703151863
756.0 0.0009141494047071319
757.0 0.0009348872481496073
758.0 0.0008950442861532792
759.0 0.0008552016879548319
760.0 0.0007277642907865811
761.0 0.0006003268026688602
762.0 0.0006321282398857875
763.0 0.0006639295861532446
764.0 0.0007457261745003052
765.0 0.0008275230356957763
766.0 0.0007481498869310599
767.0 0.0006687768745905487
768.0 0.0006231878160178894
769.0 0.0005775987574452301
770.0 0.00042976889744750224
771.0 0.0002819391283992445
772.0 0.0005230851911619538
773.0 0.0007642314812983386
774.0 0.0008389275535591878
775.0 0.0009136237167695072
776.0 0.0008239274393417872
777.0 0.0007342311164393323
778.0 0.0006914143796166172
779.0 0.0006485977337433724
780.0 0.0006204475994309178
781.0 0.000592297374168993
782.0 0.0005741009317716816
783.0 0.000555904352950165
784.0 0.0007138790351746138
785.0 0.0008718536264495924
786.0 0.0007691115570196416
787.0 0.0006663698968623066
788.0 0.00048601318667351734
789.0 0.00030565659017156577
790.0 0.0002750540716078831
791.0 0.00024445153030683286
792.0 0.0002546064933994785
793.0 0.0002647614564921241
794.0 0.0002892059228543076
795.0 0.0003136503664791235
796.0 0.00040586069189885166
797.0 0.0004980710400559474
798.0 0.0005254186817182926
799.0 0.0005527664143301081
800.0 0.0004908918526780326
801.0 0.00042901747292489745
802.0 0.0003632579591794638
803.0 0.0002974985136461328
804.0 0.00023239049369294662
805.0 0.0001672825760579144
806.0 0.00025360748168168357
807.0 0.00033993242141150404
808.0 0.0004141239060118096
809.0 0.0004883154360868502
810.0 0.0004020193500764435
811.0 0.00031572324132866925
812.0 0.0003192940994267701
813.0 0.00032286488931276836
814.0 0.00038348662201315165
815.0 0.00044410835471353494
816.0 0.0005874393991689431
817.0 0.0007307703072001459
818.0 0.0004985593022865942
819.0 0.00026634834284777753
820.0 0.00040054796954791527
821.0 0.0005347474598238477
822.0 0.000454870405519614
823.0 0.0003749933284780127
824.0 0.0004859156433667522
825.0 0.000596837890043389
826.0 0.0006661330189672299
827.0 0.0007354281024163356
828.0 0.000684821816321346
829.0 0.0006342155757010914
830.0 0.00048746342145022936
831.0 0.00034071128993673483
832.0 0.0005326624886947684
833.0 0.0007246136192406993
834.0 0.0005676455657521728
835.0 0.00041067755773838144
836.0 0.0004525760687101865
837.0 0.0004944746706314618
838.0 0.0004392264600028284
839.0 0.000383978249374195
840.0 0.0005744861482526176
841.0 0.0007649939107068349
842.0 0.0003866036877298029
843.0 8.213332591822109e-06
844.0 7.481002626263944e-05
845.0 0.00014140672419671318
846.0 0.0003812534941971535
847.0 0.0006211003437783802
848.0 0.0005540913207369158
849.0 0.0004870822976954514
850.0 0.0005362250703910831
851.0 0.0005853678430867149
852.0 0.0005631117801385699
853.0 0.0005408553079178091
854.0 0.0005707073341909563
855.0 0.000600559087615693
856.0 0.0005916126610827632
857.0 0.0005826663254993036
858.0 0.0005776988928118953
859.0 0.0005727314601244871
860.0 0.0005526117547560716
861.0 0.0005324920493876562
862.0 0.00048121296458703
863.0 0.000429933970735874
864.0 0.0004119798632018501
865.0 0.00039402580114256125
866.0 0.00044581011025002226
867.0 0.0004975944648322184
868.0 0.0006380993454513373
869.0 0.0007786043170199264
870.0 0.0006538570232805796
871.0 0.0005291095931170275
872.0 0.00042764527279359754
873.0 0.0003261808160459623
874.0 0.0004113775048608659
875.0 0.0004965741482010344
876.0 0.0005777947080787271
877.0 0.0006590152224816848
878.0 0.0007129137429728871
879.0 0.0007668121725146193
880.0 0.0007083049240463879
881.0 0.0006497979939013021
882.0 0.0005815613803861197
883.0 0.0005133249942446128
884.0 0.0005528173915081425
885.0 0.0005923099706706125
886.0 0.0006898047104186844
887.0 0.0007872996320656966
888.0 0.0006722769740008516
889.0 0.0005572543614107417
890.0 0.0005345094905351289
891.0 0.0005117648015584564
892.0 0.0004801374871021835
893.0 0.0004485103090701159
894.0 0.00044890998651681
895.0 0.0004493097094382392
896.0 0.0002466278601787053
897.0 4.394598818180384e-05
898.0 0.00022635260847891914
899.0 0.000408759251513402
900.0 0.0004190439540252555
901.0 0.00042932870201184414
902.0 0.000551967104911455
903.0 0.0006746055078110658
904.0 0.0003888402261509327
905.0 0.00010307487627869705
906.0 0.0003142292825941695
