lsstCam/transmission_filter_detector/r10_s21/z_20/19700101T000000.ecsv
# %ECSV 1.0
# ---
# datatype:
# - {name: wavelength, unit: nm, datatype: float32}
# - {name: efficiency, unit: '%', datatype: float64}
# meta: !!omap
# - {MODE: DETECTOR}
# - {TYPE: transmission_filter_detector}
# - {CALIBDATE: '1970-01-01T00:00:00'}
# - {INSTRUME: LSSTCam}
# - {OBSTYPE: transmission_filter_detector}
# - {CALIBCLS: lsst.ip.isr.IntermediateFilterDetectorTransmissionCurve}
# - {SOURCE: Materion (DM-46256)}
# - {DETECTOR: 34}
# - {FILTER: z_20}
# - {CALIB_ID: 'calibDate=1970-01-01T00:00:00 filter=z_20 detector=34'}
# - {DATE: '2025-04-02T15:59:48.792461'}
# - {CALIB_CREATION_DATE: '2025-04-02'}
# - {CALIB_CREATION_TIME: '15:59:48'}
# - __serialized_columns__:
#     efficiency:
#       __class__: astropy.units.quantity.Quantity
#       unit: !astropy.units.Unit {unit: '%'}
#       value: !astropy.table.SerializedColumn {name: efficiency}
#     wavelength:
#       __class__: astropy.units.quantity.Quantity
#       unit: !astropy.units.Unit {unit: nm}
#       value: !astropy.table.SerializedColumn {name: wavelength}
# schema: astropy-2.0
wavelength efficiency
[from data line 597]
897.0 99.18996095657349
898.0 98.83063435554504
899.0 98.57022762298584
900.0 98.73586297035217
901.0 99.2999792098999
902.0 99.16630983352661
903.0 98.69924783706665
904.0 97.65933156013489
905.0 98.74101877212524
906.0 98.28277826309204
907.0 98.38680028915405
908.0 98.13255667686462
909.0 98.39956164360046
910.0 97.9859471321106
911.0 97.09781408309937
912.0 96.03258967399597
913.0 94.97562050819397
914.0 92.61634945869446
915.0 90.11169672012329
916.0 88.10870051383972
917.0 86.6207480430603
918.0 83.08356404304504
919.0 82.0274293422699
920.0 78.76520156860352
921.0 74.75045919418335
922.0 70.52802443504333
923.0 64.65613842010498
924.0 58.913350105285645
925.0 53.73241305351257
926.0 47.47776985168457
927.0 40.473660826683044
928.0 34.48788821697235
929.0 28.206419944763184
930.0 22.698958218097687
931.0 17.66311824321747
932.0 12.333418428897858
933.0 8.116240799427032
934.0 5.187520757317543
935.0 3.150314837694168
936.0 1.814899779856205
937.0 1.0657918639481068
938.0 0.5877515766769648
939.0 0.2756295492872596
940.0 0.15646334504708648
941.0 0.13606494758278131
942.0 0.13709510676562786
943.0 0.0781475508119911
944.0 1.640742880101853e-10
945.0 1.640742880101853e-10
946.0 0.010358553845435381
947.0 0.01747375208651647
948.0 0.07215228397399187
949.0 1.640742880101853e-10
950.0 1.640742880101853e-10
951.0 0.02736642782110721
952.0 0.018654833547770977
953.0 1.640742880101853e-10
954.0 1.640742880101853e-10
955.0 1.640742880101853e-10
956.0 1.640742880101853e-10
957.0 1.640742880101853e-10
958.0 0.05936730303801596
959.0 1.640742880101853e-10
960.0 1.640742880101853e-10
961.0 1.640742880101853e-10
962.0 1.640742880101853e-10
963.0 1.640742880101853e-10
964.0 0.07352502434514463
965.0 0.020118420070502907
966.0 0.04725237376987934
967.0 1.640742880101853e-10
968.0 1.640742880101853e-10
969.0 1.640742880101853e-10
970.0 1.640742880101853e-10
971.0 0.014631064550485462
972.0 1.640742880101853e-10
973.0 1.640742880101853e-10
974.0 1.640742880101853e-10
975.0 0.010680512059479952
976.0 0.006299425876932219
977.0 0.00621103827143088
978.0 0.006122652848716825
979.0 0.00599338673055172
980.0 0.005864119157195091
981.0 0.005756871178164147
982.0 0.005649623926728964
983.0 0.0055330190662061796
984.0 0.005416414569481276
985.0 0.005111628343001939
986.0 0.004806841388926841
987.0 0.004887810428044759
988.0 0.004968779467162676
989.0 0.004865341179538518
990.0 0.004761903619510122
991.0 0.00482950963487383
992.0 0.004897116014035419
993.0 0.00487455035909079
994.0 0.004851984340348281
995.0 0.004748395076603629
996.0 0.004644805812858976
997.0 0.004498284397413954
998.0 0.0043517633457668126
999.0 0.004300294312997721
1000.0 0.00424882528022863
1001.0 0.004399956014822237
1002.0 0.004551086749415845
1003.0 0.00451684718427714
1004.0 0.004482607255340554
1005.0 0.004318291394156404
1006.0 0.004153975532972254
1007.0 0.0042536703404039145
1008.0 0.004353365147835575
1009.0 0.004398576129460707
1010.0 0.004443786747287959
1011.0 0.004496062683756463
1012.0 0.004548338984022848
1013.0 0.004356951831141487
1014.0 0.004165563950664364
1015.0 0.004396003350848332
1016.0 0.004626442023436539
1017.0 0.004855663064518012
1018.0 0.005084884469397366
1019.0 0.004882115899818018
1020.0 0.004679347694036551
1021.0 0.0046784487494733185
1022.0 0.004677549441112205
1023.0 0.004586771683534607
1024.0 0.0044959935621591285
1025.0 0.0046510664105881006
1026.0 0.004806138895219192
1027.0 0.0047363104386022314
1028.0 0.00466648161818739
1029.0 0.004659628757508472
1030.0 0.004652776624425314
1031.0 0.004721365621662699
1032.0 0.004789954255102202
1033.0 0.004910890129394829
1034.0 0.005031826731283218
1035.0 0.005227762812864967
1036.0 0.005423698530648835
1037.0 0.005494854849530384
1038.0 0.005566010804614052
1039.0 0.0053651394409826025
1040.0 0.0051642673497553915
1041.0 0.005602342935162596
1042.0 0.006040418884367682
1043.0 0.005509451875695959
1044.0 0.004978485230822116
1045.0 0.005695898289559409
1046.0 0.0064133106207009405
1047.0 0.006133337592473254
1048.0 0.005853363472851925
1049.0 0.005994250386720523
1050.0 0.006135137664387003
1051.0 0.0064124862547032535
1052.0 0.006689836300211027
1053.0 0.006758226663805544
1054.0 0.0068266170274000615
1055.0 0.007553149771410972
1056.0 0.008279683243017644
1057.0 0.007872965215938166
1058.0 0.007466247188858688
1059.0 0.007700972491875291
1060.0 0.007935696339700371
1061.0 0.0084400933701545
1062.0 0.00894449112820439
1063.0 0.008776562026469037
1064.0 0.008608633652329445
1065.0 0.008725595398573205
1066.0 0.008842559327604249
1067.0 0.008987532055471092
1068.0 0.00913250696612522
1069.0 0.010181976540479809
1070.0 0.011231445387238637
1071.0 0.010871647100429982
1072.0 0.010511848086025566
1073.0 0.010515651956666261
1074.0 0.010519455827306956
1075.0 0.011163861927343532
1076.0 0.011808270937763155
1077.0 0.011873317998833954
1078.0 0.011938365059904754
1079.0 0.012887490447610617
1080.0 0.013836617290508002
1081.0 0.013856888108421117
1082.0 0.013877158926334232
1083.0 0.013791350647807121
1084.0 0.013705543824471533
1085.0 0.01444171357434243
1086.0 0.015177886234596372
1087.0 0.015232840087264776
1088.0 0.015287796850316226
1089.0 0.01655899395700544
1090.0 0.017830191063694656
1091.0 0.01773244875948876
1092.0 0.0176347020897083
1093.0 0.017498787201475352
1094.0 0.017362870858050883
1095.0 0.018523106700740755
1096.0 0.01968334399862215
1097.0 0.019830621022265404
1098.0 0.01997789804590866
1099.0 0.02238423767266795
1100.0 0.024790575844235718
1101.0 0.02455896174069494
1102.0 0.024327347637154162
1103.0 0.025696653756313026
1104.0 0.027065956965088844
1105.0 0.026974419597536325
1106.0 0.026882882229983807
1107.0 0.028212787583470345
1108.0 0.029542692936956882
1109.0 0.030823523411527276
1110.0 0.032104350975714624
1111.0 0.032039350480772555
1112.0 0.03197435289621353
1113.0 0.033201678888872266
1114.0 0.03442901070229709
1115.0 0.03355549997650087
1116.0 0.03268199507147074
1117.0 0.033505159080959857
1118.0 0.03432832600083202
1119.0 0.037413425161503255
1120.0 0.04049852432217449
1121.0 0.04262006259523332
1122.0 0.044741606689058244
1123.0 0.04468113475013524
1124.0 0.04462066281121224
1125.0 0.044494966277852654
1126.0 0.04436927265487611
1127.0 0.048490703920833766
1128.0 0.05261213518679142
1129.0 0.056380999740213156
1130.0 0.06014986429363489
1131.0 0.05980812129564583
1132.0 0.05946637247689068
1133.0 0.06102760089561343
1134.0 0.06258882349357009
1135.0 0.06186038954183459
1136.0 0.061131949769333005
1137.0 0.06650531431660056
1138.0 0.0718786905054003
1139.0 0.077995122410357
1140.0 0.08411151939071715
1141.0 0.09276856435462832
1142.0 0.10142559185624123
1143.0 0.12178388424217701
1144.0 0.14214214170351624
1145.0 0.28422833420336246
1146.0 0.42631453834474087
1147.0 0.8996572345495224
1148.0 1.3729998841881752
1149.0 1.5644876286387444
1150.0 1.7559763044118881
