lsstCam/transmission_filter_detector/r10_s21/z_20/19700101T000000.ecsv
# %ECSV 1.0
# ---
# datatype:
# - {name: wavelength, unit: nm, datatype: float32}
# - {name: efficiency, unit: '%', datatype: float64}
# meta: !!omap
# - {MODE: DETECTOR}
# - {TYPE: transmission_filter_detector}
# - {CALIBDATE: '1970-01-01T00:00:00'}
# - {INSTRUME: LSSTCam}
# - {OBSTYPE: transmission_filter_detector}
# - {CALIBCLS: lsst.ip.isr.IntermediateFilterDetectorTransmissionCurve}
# - {SOURCE: Materion (DM-46256)}
# - {DETECTOR: 34}
# - {FILTER: z_20}
# - {CALIB_ID: 'calibDate=1970-01-01T00:00:00 filter=z_20 detector=34'}
# - {DATE: '2025-04-02T15:59:48.792461'}
# - {CALIB_CREATION_DATE: '2025-04-02'}
# - {CALIB_CREATION_TIME: '15:59:48'}
# - __serialized_columns__:
#     efficiency:
#       __class__: astropy.units.quantity.Quantity
#       unit: !astropy.units.Unit {unit: '%'}
#       value: !astropy.table.SerializedColumn {name: efficiency}
#     wavelength:
#       __class__: astropy.units.quantity.Quantity
#       unit: !astropy.units.Unit {unit: nm}
#       value: !astropy.table.SerializedColumn {name: wavelength}
# schema: astropy-2.0
wavelength efficiency
300.0 0.8706090040504932
301.0 0.5883950740098953
302.0 0.30618126038461924
303.0 0.2977079711854458
304.0 0.28923468198627234
305.0 0.2445740159600973
306.0 0.19991332665085793
307.0 0.18385864095762372
308.0 0.16780395526438951
309.0 0.14713879209011793
310.0 0.12647362891584635
311.0 0.12635099701583385
312.0 0.12622838839888573
313.0 0.11132386280223727
314.0 0.09641936048865318
315.0 0.09572310373187065
316.0 0.09502684697508812
317.0 0.079981645103544
318.0 0.06493644905276597
319.0 0.0646724016405642
320.0 0.06440834840759635
321.0 0.06365750450640917
322.0 0.06290666060522199
323.0 0.05461020045913756
324.0 0.04631374031305313
325.0 0.04319499421399087
326.0 0.0400762481149286
327.0 0.039278031908906996
328.0 0.03847981570288539
329.0 0.03414844395592809
330.0 0.029817072208970785
331.0 0.026990289916284382
332.0 0.02416350762359798
333.0 0.023415595933329314
334.0 0.022667682787869126
335.0 0.02141536824638024
336.0 0.020163053704891354
337.0 0.024249150010291487
338.0 0.02833524195011705
339.0 0.024219400074798614
340.0 0.02010356547543779
341.0 0.01710276847006753
342.0 0.014101971464697272
343.0 0.013762040180154145
344.0 0.013422111805994064
345.0 0.012643694935832173
346.0 0.011865278065670282
347.0 0.01125939525081776
348.0 0.010653515346348286
349.0 0.013236708764452487
350.0 0.015819905092939734
351.0 0.013120491348672658
352.0 0.010421072511235252
353.0 0.010986273264279589
354.0 0.011551473289728165
355.0 0.009911412053043023
356.0 0.008271351543953642
357.0 0.009211705037159845
358.0 0.010152061440749094
359.0 0.009954335109796375
360.0 0.009756608051247895
361.0 0.008894266647985205
362.0 0.008031928155105561
363.0 0.009237854101229459
364.0 0.010443780047353357
365.0 0.010167148866457865
366.0 0.009890519868349656
367.0 0.008635673293611035
368.0 0.007380825991276652
369.0 0.007837200246285647
370.0 0.008293574501294643
371.0 0.008260448521468788
372.0 0.008227323996834457
373.0 0.00713408735464327
374.0 0.006040852531441487
375.0 0.006384238076861948
376.0 0.006727623986080289
377.0 0.007026971434243023
378.0 0.007326317427214235
379.0 0.00619001075392589
380.0 0.005053704080637544
381.0 0.0032088704756461084
382.0 0.0013640370525536127
383.0 0.0035828456020681188
384.0 0.005801654697279446
385.0 0.0055453117965953425
386.0 0.00528896925970912
387.0 0.005935724766459316
388.0 0.006582481000805274
389.0 0.005800318467663601
390.0 0.0050181570259155706
391.0 0.0046471086534438655
392.0 0.00427606028097216
393.0 0.0047365254431497306
394.0 0.005196991332923062
395.0 0.004283032467355952
396.0 0.0033690732379909605
397.0 0.003581478085834533
398.0 0.0037938825698802248
399.0 0.00399794771510642
400.0 0.004202012496534735
401.0 0.004653173527913168
402.0 0.0051043341954937205
403.0 0.004993717084289528
404.0 0.004883099973085336
405.0 0.003940160968340933
406.0 0.0029972221454954706
407.0 0.0015147775229706895
408.0 3.2333579724763695e-05
409.0 0.0017646385458647273
410.0 0.0034969438274856657
411.0 0.0040902701584855095
412.0 0.004683596489485353
413.0 0.004543452450889163
414.0 0.004403307684697211
415.0 0.003598546754801646
416.0 0.0027937867344007827
417.0 0.003810881753452122
418.0 0.004827976954402402
419.0 0.004368245572550222
420.0 0.003908513826900162
421.0 0.0037344143493101
422.0 0.003560315235517919
423.0 0.0035166754969395697
424.0 0.0034730368497548625
425.0 0.0025912549972417764
426.0 0.0017094733266276307
427.0 0.0018415628801449202
428.0 0.0019736524336622097
429.0 0.001190573675557971
430.0 0.00040749528125161305
431.0 0.0006267372555157635
432.0 0.0008459791388304438
433.0 0.0006573944119736552
434.0 0.00046880986701580696
435.0 0.0011456600077508483
436.0 0.0018225102394353598
437.0 0.0018938151697511785
438.0 0.001965120100066997
439.0 0.0020909403247060254
440.0 0.002216760731243994
441.0 0.0016331727238139138
442.0 0.0010495847163838334
443.0 0.002272945494041778
444.0 0.0034963060898007825
445.0 0.003450301301199943
446.0 0.0034042961488012224
447.0 0.002658389712451026
448.0 0.0019124832761008292
449.0 0.00256905968853971
450.0 0.003225636828574352
451.0 0.0025062721761059947
452.0 0.0017869069779408164
453.0 0.0016772162780398503
454.0 0.0015675257600378245
455.0 0.0023064460037858225
456.0 0.003045366429432761
457.0 0.002196033346990589
458.0 0.0013467004464473575
459.0 0.0015669649656047113
460.0 0.0017872298485599458
461.0 0.0008775317837717012
462.0 1.640742880101853e-10
463.0 0.0009881619916995987
464.0 0.0020084904463146813
465.0 0.002236751424788963
466.0 0.002465012585162185
467.0 0.0021414500224636868
468.0 0.0018178870959673077
469.0 0.0016254864021902904
470.0 0.001433085708413273
471.0 0.0013028481589572039
472.0 0.0011726108823495451
473.0 0.00118076986836968
474.0 0.0011889288543898147
475.0 0.0010631650184222963
476.0 0.0009374010005558375
477.0 0.0013047376342001371
478.0 0.0016720739949960262
479.0 0.0019643863197416067
480.0 0.002256698462588247
481.0 0.0018064169125864282
482.0 0.00135613554448355
483.0 0.0008978542609838769
484.0 0.00043957302295893896
485.0 0.0012825345947931055
486.0 0.0021254960302030668
487.0 0.0014880144590279087
488.0 0.0008505327969032805
489.0 0.0016884450815268792
490.0 0.0025263576389988884
491.0 0.0023069329472491518
492.0 0.0020875084373983555
493.0 0.0019365497792023234
494.0 0.0017855913029052317
495.0 0.0015936417185002938
496.0 0.0014016920431458857
497.0 0.0012269142644072417
498.0 0.001052136576618068
499.0 0.0012303289622650482
500.0 0.0014085215298109688
501.0 0.0009345403668703511
502.0 0.0004605590675055282
503.0 0.0012835922461817972
504.0 0.0021066254703328013
505.0 0.00223730912694009
506.0 0.0023679929654463194
507.0 0.0022641488612862304
508.0 0.0021603043933282606
509.0 0.0018531975001678802
510.0 0.0015460909708053805
511.0 0.0011754463230317924
512.0 0.0008048017662076745
513.0 0.0012279009752091952
514.0 0.0016510004570591263
515.0 0.0012362736924842466
516.0 0.0008215474736061879
517.0 0.0008485118087264709
518.0 0.0008754759619478136
519.0 0.0010601595931802876
520.0 0.001244842860614881
521.0 0.0016547477571293712
522.0 0.002064652471744921
523.0 0.0013700288036488928
524.0 0.0006754050900781294
525.0 0.000754246320866514
526.0 0.0008330875971296337
527.0 0.0011860632184834685
528.0 0.0015390389307867736
529.0 0.001331515159108676
530.0 0.0011239907507842872
531.0 0.001156427970272489
532.0 0.0011888650078617502
533.0 0.000864757203089539
534.0 0.0005406493983173277
535.0 0.001169443567050621
536.0 0.0017982378267333843
537.0 0.001774757583916653
538.0 0.0017512771592009813
539.0 0.0011923038982786238
540.0 0.0006333303645078558
541.0 0.0007487909897463396
542.0 0.0008642517059342936
543.0 0.0012596890883287415
544.0 0.0016551264707231894
545.0 0.0010801061762322206
546.0 0.0005050861091149272
547.0 0.00118518673843937
548.0 0.001865287049440667
549.0 0.0016614218111499213
550.0 0.0014575565728591755
551.0 0.0015317058569053188
552.0 0.001605855140951462
553.0 0.0013452322491502855
554.0 0.0010846092663996387
555.0 0.00100427569122985
556.0 0.0009239420251105912
557.0 0.0013398258488450665
558.0 0.0017557094906806014
559.0 0.0017367154214298353
560.0 0.001717720806482248
561.0 0.001529642213426996
562.0 0.0013415637113212142
563.0 0.0011524091860337649
564.0 0.0009632545697968453
565.0 0.001751378113112878
566.0 0.0025395020202267915
567.0 0.0028831746021751314
568.0 0.0032268468203255907
569.0 0.0030305100153782405
570.0 0.00283417302853195
571.0 0.0026854953830479644
572.0 0.002536817373766098
573.0 0.002056263110716827
574.0 0.0015757090295664966
575.0 0.0019893241187673993
576.0 0.0024029390260693617
577.0 0.0020291814507800154
578.0 0.0016554242392885499
579.0 0.0017837701307144016
580.0 0.001912115840241313
581.0 0.001700213942967821
582.0 0.0014883116818964481
583.0 0.0019125664039165713
584.0 0.002336820944037754
585.0 0.002529949961171951
586.0 0.002723078796407208
587.0 0.0020980540284654126
588.0 0.0014730285329278558
589.0 0.0021014027879573405
590.0 0.0027297768610878848
591.0 0.0018821148842107505
592.0 0.0010344527254346758
593.0 0.0007935491339594591
594.0 0.000552645315110567
595.0 0.0009954926099453587
596.0 0.0014383398593054153
597.0 0.001343723761237925
598.0 0.0012491075722209644
599.0 0.0008737288226257078
600.0 0.0004983502549293917
601.0 0.0005061878255219199
602.0 0.0005140252142155077
603.0 0.0009506848073215224
604.0 0.001387343854730716
605.0 0.0008889669516065624
606.0 0.00039058959373505786
607.0 0.000774714135332033
608.0 0.0011588386769290082
609.0 0.0011374841051292606
610.0 0.0011161291695316322
611.0 0.0009735103958519176
612.0 0.0008308913493237924
613.0 0.0008110319868137594
614.0 0.0007911725333542563
615.0 0.0012409762348397635
616.0 0.001690780118224211
617.0 0.002177279930037912
618.0 0.0026637799237505533
619.0 0.0022117868866189383
620.0 0.0017597934856894426
621.0 0.0014928416021575686
622.0 0.0012258892638783436
623.0 0.0015743033145554364
624.0 0.0019227170923841186
625.0 0.001694902493909467
626.0 0.0014670878954348154
627.0 0.00189350812433986
628.0 0.002319928717042785
629.0 0.0020364519514259882
630.0 0.0017529751858091913
631.0 0.0015928791981423274
632.0 0.0014327832104754634
633.0 0.0017960019249585457
634.0 0.0021592210032395087
635.0 0.0051288418035255745
636.0 0.008098461694316939
637.0 0.015462207375094295
638.0 0.022825955238658935
639.0 0.019872572738677263
640.0 0.01691919023869559
641.0 0.014703802298754454
642.0 0.012488417269196361
643.0 0.009981897892430425
644.0 0.0074753792432602495
645.0 0.006751963519491255
646.0 0.006028547795722261
647.0 0.005550076821236871
648.0 0.005071605482953601
649.0 0.004154749694862403
650.0 0.003237894270569086
651.0 0.0036356279451865703
652.0 0.0040333616198040545
653.0 0.003323992859805003
654.0 0.002614624099805951
655.0 0.002820665031322278
656.0 0.0030267066904343665
657.0 0.0029339324100874364
658.0 0.002841157947841566
659.0 0.002707927160372492
660.0 0.002574696372903418
661.0 0.0027516840418684296
662.0 0.0029286713470355608
663.0 0.0019845887436531484
664.0 0.0010405063221696764
665.0 0.0015499734217883088
666.0 0.002059440885204822
667.0 0.002377810778853018
668.0 0.002696180854400154
669.0 0.00198234265553765
670.0 0.0012685048204730265
671.0 0.0009797127859201282
672.0 0.0006909206604177598
673.0 0.0013046870662947185
674.0 0.0019184537450200878
675.0 0.0020586547179846093
676.0 0.0021988555090501904
677.0 0.0019454539142316207
678.0 0.0016920519556151703
679.0 0.001425297432433581
680.0 0.0011585428183025215
681.0 0.001292831075261347
682.0 0.001427119059371762
683.0 0.0024683451556484215
684.0 0.003509571251925081
685.0 0.0028949791158083826
686.0 0.002280387343489565
687.0 0.0017120990378316492
688.0 0.0011438102774263825
689.0 0.0014777256183151621
690.0 0.0018116408682544716
691.0 0.00212809336517239
692.0 0.002444545680191368
693.0 0.0028206353817950003
694.0 0.0031967250833986327
695.0 0.0033107546187238768
696.0 0.00342478379025124
697.0 0.0036676272429758683
698.0 0.0039104706957004964
699.0 0.005798445999971591
700.0 0.007686420576646924
701.0 0.007246617315104231
702.0 0.0068068147811573
703.0 0.00624456733930856
704.0 0.005682320261257701
705.0 0.005105732998345047
706.0 0.004529146463028155
707.0 0.004312623786972836
708.0 0.004096101110917516
709.0 0.004258256740286015
710.0 0.004420412005856633
711.0 0.003946570723201148
712.0 0.003472729804343544
713.0 0.0024541008315281942
714.0 0.0014354719496623147
715.0 0.0021811059923493303
716.0 0.0029267399440868758
717.0 0.002525011950638145
718.0 0.0021232837752904743
719.0 0.001666159187152516
720.0 0.001209034144267207
721.0 0.0011880496458616108
722.0 0.001167064874607604
723.0 0.0009968885024136398
724.0 0.0008267122211691458
725.0 0.0012409868759277742
726.0 0.0016552618035348132
727.0 0.001694619822956156
728.0 0.001733977478579618
729.0 0.001801912185328547
730.0 0.0018698468920774758
731.0 0.0013808580661134329
732.0 0.00089186924014939
733.0 0.0009523197149974294
734.0 0.0010127698260475881
735.0 0.0010870031474041753
736.0 0.0011612359230639413
737.0 0.0013266477253637277
738.0 0.0014920592548151035
739.0 0.0011745426490961108
740.0 0.0008570260433771182
741.0 0.0010122547791979741
742.0 0.0011674832421704195
743.0 0.0015875317330937833
744.0 0.0020075800421182066
745.0 0.0012911060366604943
746.0 0.0005746322585764574
747.0 0.001075141153705772
748.0 0.0015756500943098217
749.0 0.0022713460566592403
750.0 0.002967042019008659
751.0 0.0029834345696144737
752.0 0.0029998271202202886
753.0 0.002977793883474078
754.0 0.0029557608286268078
755.0 0.0019408953448873945
756.0 0.0009260295882995706
757.0 0.0018828095562639646
758.0 0.0028395894332788885
759.0 0.0026823106964002363
760.0 0.002525031777622644
761.0 0.0043462881876621395
762.0 0.0061675447796005756
763.0 0.0056945955293485895
764.0 0.005221646642894484
765.0 0.005297495954437181
766.0 0.0053733441745862365
767.0 0.004659983460442163
768.0 0.00394662274629809
769.0 0.0034421536838635802
770.0 0.0029376855309237726
771.0 0.003806899258051999
772.0 0.004676112803281285
773.0 0.003967449811170809
774.0 0.0032587864552624524
775.0 1.640742880101853e-10
776.0 0.09891607332974672
777.0 0.08934382349252701
778.0 0.11397979687899351
779.0 1.640742880101853e-10
780.0 0.08092166390269995
781.0 0.06265023839659989
782.0 1.640742880101853e-10
783.0 0.023767769744154066
784.0 0.08927183225750923
785.0 0.030651484848931432
786.0 1.640742880101853e-10
787.0 1.640742880101853e-10
788.0 0.06590232369489968
789.0 0.023392055300064385
790.0 1.640742880101853e-10
791.0 0.06223005475476384
792.0 1.640742880101853e-10
793.0 0.09755545179359615
794.0 0.03480823361314833
795.0 0.0118750955152791
796.0 0.09688156424090266
797.0 0.07032526191323996
798.0 0.10244195582345128
799.0 0.2659495919942856
800.0 0.33994377590715885
801.0 0.6432391237467527
802.0 1.0016200132668018
803.0 1.7009444534778595
804.0 2.666626311838627
805.0 3.9602115750312805
806.0 5.664518848061562
807.0 7.792637497186661
808.0 10.298427194356918
809.0 13.393734395503998
810.0 16.735906898975372
811.0 19.587242603302002
812.0 22.6431742310524
813.0 26.10834538936615
814.0 29.863181710243225
815.0 34.965676069259644
816.0 40.46787917613983
817.0 46.48805856704712
818.0 52.911823987960815
819.0 59.207576513290405
820.0 66.88643097877502
821.0 74.20514822006226
822.0 79.72307205200195
823.0 84.50643420219421
824.0 88.95778059959412
825.0 92.83098578453064
826.0 95.1345682144165
827.0 97.3267912864685
828.0 98.70484471321106
829.0 98.68278503417969
830.0 98.91108274459839
831.0 98.84899258613586
832.0 98.36134910583496
833.0 99.6050238609314
834.0 98.01509976387024
835.0 99.15667772293091
836.0 98.9843487739563
837.0 99.18878078460693
838.0 98.00081253051758
839.0 98.28286170959473
840.0 98.95473122596741
841.0 99.47584271430969
842.0 99.35344457626343
843.0 99.8046338558197
844.0 98.35498929023743
845.0 98.5255479812622
846.0 98.8371193408966
847.0 98.91491532325745
848.0 99.61639046669006
849.0 98.47249984741211
850.0 98.1987714767456
851.0 99.10895228385925
852.0 99.26745295524597
853.0 98.4430193901062
854.0 99.7271478176117
855.0 98.6248254776001
856.0 99.13103580474854
857.0 98.00019264221191
858.0 98.4653890132904
859.0 99.075847864151
860.0 98.64204525947571
861.0 99.00670647621155
862.0 98.87114763259888
863.0 98.49464893341064
864.0 99.3955671787262
865.0 100.21673440933228
866.0 98.82735013961792
867.0 99.24860000610352
868.0 99.48480725288391
869.0 99.29620027542114
870.0 98.1989324092865
871.0 98.45393300056458
872.0 98.99648427963257
873.0 99.27332401275635
874.0 100.04785060882568
875.0 98.63817095756531
876.0 99.39196705818176
877.0 99.60153102874756
878.0 99.22628998756409
879.0 98.82314801216125
880.0 98.53304624557495
881.0 99.87343549728394
882.0 98.68189096450806
883.0 98.95198345184326
884.0 99.09251928329468
885.0 99.08080697059631
886.0 98.65532517433167
887.0 98.55815768241882
888.0 98.94140958786011
889.0 99.57778453826904
890.0 98.43008518218994
891.0 99.06747341156006
892.0 98.59839081764221
893.0 98.65276217460632
894.0 98.260098695755
895.0 99.58515763282776
