lsstCam/transmission_filter_detector/r23_s00/r_57/19700101T000000.ecsv
# %ECSV 1.0
# ---
# datatype:
# - {name: wavelength, unit: nm, datatype: float32}
# - {name: efficiency, unit: '%', datatype: float64}
# meta: !!omap
# - {MODE: DETECTOR}
# - {TYPE: transmission_filter_detector}
# - {CALIBDATE: '1970-01-01T00:00:00'}
# - {INSTRUME: LSSTCam}
# - {OBSTYPE: transmission_filter_detector}
# - {CALIBCLS: lsst.ip.isr.IntermediateFilterDetectorTransmissionCurve}
# - {SOURCE: Materion (DM-46256)}
# - {DETECTOR: 99}
# - {FILTER: r_57}
# - {CALIB_ID: 'calibDate=1970-01-01T00:00:00 filter=r_57 detector=99'}
# - {DATE: '2025-04-02T15:59:44.640894'}
# - {CALIB_CREATION_DATE: '2025-04-02'}
# - {CALIB_CREATION_TIME: '15:59:44'}
# - __serialized_columns__:
#     efficiency:
#       __class__: astropy.units.quantity.Quantity
#       unit: !astropy.units.Unit {unit: '%'}
#       value: !astropy.table.SerializedColumn {name: efficiency}
#     wavelength:
#       __class__: astropy.units.quantity.Quantity
#       unit: !astropy.units.Unit {unit: nm}
#       value: !astropy.table.SerializedColumn {name: wavelength}
# schema: astropy-2.0
wavelength efficiency
[from data line 602]
902.0 1.5792300193245845e-10
903.0 1.5792300193245845e-10
904.0 1.5792300193245845e-10
905.0 1.5792300193245845e-10
906.0 1.5792300193245845e-10
907.0 1.5792300193245845e-10
908.0 1.5792300193245845e-10
909.0 1.5792300193245845e-10
910.0 1.5792300193245845e-10
911.0 1.5792300193245845e-10
912.0 1.5792300193245845e-10
913.0 1.5792300193245845e-10
914.0 1.5792300193245845e-10
915.0 7.519981863879366e-05
916.0 5.899885309190722e-05
917.0 4.279789322936267e-05
918.0 0.00011393102568035829
919.0 0.00018506410697227693
920.0 7.191807185336074e-05
921.0 1.5792300193245845e-10
922.0 8.971191505224851e-05
923.0 0.00022065185021347133
924.0 0.0002011000333368429
925.0 0.000181548239197582
926.0 0.00014453319181484403
927.0 0.00010751813306342228
928.0 0.0001132424927163811
929.0 0.00011896682963197236
930.0 0.00020722932276839856
931.0 0.0002954918500108761
932.0 0.00013446841649056296
933.0 1.5792300193245845e-10
934.0 0.00012064075463058543
935.0 0.0002678364580788184
936.0 0.0002835523673638818
937.0 0.00029926825391157763
938.0 0.00034042120660160435
939.0 0.0003815741820289986
940.0 0.00035141067655786173
941.0 0.0003212471483493573
942.0 0.00038482075979118235
943.0 0.00044839434849563986
944.0 0.0003950180143874604
945.0 0.0003416417257540161
946.0 0.00034402387427689973
947.0 0.00034640600006241584
948.0 0.0004667789198720129
949.0 0.0005871519533684477
950.0 0.0005792352567368653
951.0 0.0005713186055800179
952.0 0.0007451978945027804
953.0 0.0009190773198497482
954.0 0.0011759908375097439
955.0 0.00143290462801815
956.0 0.0015237682418955956
957.0 0.0016146317648235708
958.0 0.0017249374650418758
959.0 0.0018352435290580615
960.0 0.001982000503630843
961.0 0.002128757660102565
962.0 0.00229680044867564
963.0 0.0024648434191476554
964.0 0.0025245146389352158
965.0 0.0025841854949248955
966.0 0.002559059976192657
967.0 0.0025339344574604183
968.0 0.0025249823011108674
969.0 0.002516030508559197
970.0 0.0026158322725677863
971.0 0.002715634400374256
972.0 0.002727754872466903
973.0 0.0027398747988627292
974.0 0.002906763620558195
975.0 0.00307365226035472
976.0 0.003152650606352836
977.0 0.0032316482247551903
978.0 0.0031151477742241696
979.0 0.0029986471417942084
980.0 0.0029206250474089757
981.0 0.002842602953023743
982.0 0.002896252590289805
983.0 0.0029499024094548076
984.0 0.002904150460381061
985.0 0.0028583983294083737
986.0 0.0027749743821914308
987.0 0.002691550434974488
988.0 0.002557642619649414
989.0 0.00242373480432434
990.0 0.0024452368961647153
991.0 0.00246673880610615
992.0 0.0024892930014175363
993.0 0.0025118473786278628
994.0 0.002579169267846737
995.0 0.0026464906113687903
996.0 0.0027386910005589016
997.0 0.002830891025951132
998.0 0.0029455553885782138
999.0 0.0030602197512052953
1000.0 0.0032355259463656694
1001.0 0.0034108321415260434
1002.0 0.003602012657211162
1003.0 0.0037931935366941616
1004.0 0.003926716453861445
1005.0 0.004060239007230848
1006.0 0.004250703932484612
1007.0 0.004441168857738376
1008.0 0.004369387534097768
1009.0 0.00429760584665928
1010.0 0.004251030259183608
1011.0 0.004204454671707936
1012.0 0.004155334318056703
1013.0 0.004106213600607589
1014.0 0.0038399037293856964
1015.0 0.003573593858163804
1016.0 0.0034066641092067584
1017.0 0.0032397350878454745
1018.0 0.0028513401048257947
1019.0 0.0024629454856039956
1020.0 0.0021128491425770335
1021.0 0.001762752617651131
1022.0 0.0015447052646777593
1023.0 0.001326657638855977
1024.0 0.001397244614054216
1025.0 0.0014678318621008657
1026.0 0.001351348873868119
1027.0 0.0012348655218374915
1028.0 0.0011156062100781128
1029.0 0.0009963466254703235
1030.0 0.0009420985406904947
1031.0 0.0008878499102138449
1032.0 0.0008600182809459511
1033.0 0.000832186469779117
1034.0 0.0007927689694042783
1035.0 0.0007533512871304993
1036.0 0.0008612266356067266
1037.0 0.0009691018021840136
1038.0 0.0008358270861208439
1039.0 0.0007025525064818794
1040.0 0.0007678799192945007
1041.0 0.000833207286632387
1042.0 0.0009720833077153657
1043.0 0.0011109589650004636
1044.0 0.0009793876415642444
1045.0 0.0008478165909764357
1046.0 0.0008340320164279547
1047.0 0.000820247623778414
1048.0 0.0007004949566180585
1049.0 0.0005807423804071732
1050.0 0.0005801824045192916
1051.0 0.0005796223376819398
1052.0 0.0008922233973862603
1053.0 0.00120482400234323
1054.0 0.0009539088750898372
1055.0 0.0007029936114122393
1056.0 0.0008287071068480145
1057.0 0.0009544208296574652
1058.0 0.0008451995199720841
1059.0 0.0007359783921856433
1060.0 0.0010531941370572895
1061.0 0.001370409518131055
1062.0 0.001549689295643475
1063.0 0.0017289692550548352
1064.0 0.0012621146197488997
1065.0 0.0007952598025440238
1066.0 0.0011162296686961781
1067.0 0.0014371994438988622
1068.0 0.0017175792891066521
1069.0 0.0019979588614660315
1070.0 0.0014526978702633642
1071.0 0.0009074370609596372
1072.0 0.0011991839528491255
1073.0 0.0014909308447386138
1074.0 0.0021370064132497646
1075.0 0.002783081799861975
1076.0 0.002880813190131448
1077.0 0.0029785445804009214
1078.0 0.0035441789805190638
1079.0 0.0041098141082329676
1080.0 0.004167763108853251
1081.0 0.004225712109473534
1082.0 0.004110512600163929
1083.0 0.003995313454652205
1084.0 0.004693696973845363
1085.0 0.00539208049303852
1086.0 0.005207251888350584
1087.0 0.005022423283662647
1088.0 0.005018419687985443
1089.0 0.005014416456106119
1090.0 0.004778302536578849
1091.0 0.004542188253253698
1092.0 0.0039580761949764565
1093.0 0.003373963772901334
1094.0 0.003956702857976779
1095.0 0.004539441579254344
1096.0 0.0034456155844964087
1097.0 0.0023517897716374137
1098.0 0.0018711178199737333
1099.0 0.0013904461411584634
1100.0 0.0012740327292704023
1101.0 0.0011576189535844605
