lsstCam/transmission_filter_detector/r23_s00/r_57/19700101T000000.ecsv
# %ECSV 1.0
# ---
# datatype:
# - {name: wavelength, unit: nm, datatype: float32}
# - {name: efficiency, unit: '%', datatype: float64}
# meta: !!omap
# - {MODE: DETECTOR}
# - {TYPE: transmission_filter_detector}
# - {CALIBDATE: '1970-01-01T00:00:00'}
# - {INSTRUME: LSSTCam}
# - {OBSTYPE: transmission_filter_detector}
# - {CALIBCLS: lsst.ip.isr.IntermediateFilterDetectorTransmissionCurve}
# - {SOURCE: Materion (DM-46256)}
# - {DETECTOR: 99}
# - {FILTER: r_57}
# - {CALIB_ID: 'calibDate=1970-01-01T00:00:00 filter=r_57 detector=99'}
# - {DATE: '2025-04-02T15:59:44.640894'}
# - {CALIB_CREATION_DATE: '2025-04-02'}
# - {CALIB_CREATION_TIME: '15:59:44'}
# - __serialized_columns__:
#     efficiency:
#       __class__: astropy.units.quantity.Quantity
#       unit: !astropy.units.Unit {unit: '%'}
#       value: !astropy.table.SerializedColumn {name: efficiency}
#     wavelength:
#       __class__: astropy.units.quantity.Quantity
#       unit: !astropy.units.Unit {unit: nm}
#       value: !astropy.table.SerializedColumn {name: wavelength}
# schema: astropy-2.0
wavelength efficiency
300.0 0.0012744240848405752
301.0 0.004375886055640876
302.0 0.0074773481173906475
303.0 0.009582241182215512
304.0 0.011687134247040376
305.0 0.010288259363733232
306.0 0.008889386663213372
307.0 0.00781793351052329
308.0 0.006746481085428968
309.0 0.006062632019165903
310.0 0.0053787836804986
311.0 0.005083494033897296
312.0 0.004788205114891753
313.0 0.004128722139284946
314.0 0.00346923952747602
315.0 0.0031829757062951103
316.0 0.0028967109756194986
317.0 0.0029633569283760153
318.0 0.003030002517334651
319.0 0.00291052656393731
320.0 0.0027910498829442076
321.0 0.0026810415874933824
322.0 0.002571033110143617
323.0 0.002396996751485858
324.0 0.0022229603928280994
325.0 0.002104591294482816
326.0 0.001986222378036473
327.0 0.002031829899351578
328.0 0.002077437238767743
329.0 0.002166405647585634
330.0 0.002255373874504585
331.0 0.0021835034203832038
332.0 0.0021116333300597034
333.0 0.0019233437342336401
334.0 0.0017350543203065172
335.0 0.0015031486327643506
336.0 0.0012712428542727139
337.0 0.0011811519470938947
338.0 0.0010910610399150755
339.0 0.001046412126015639
340.0 0.0010017633940151427
341.0 0.0008522786629328039
342.0 0.0007027939773252001
343.0 0.0007278789780684747
344.0 0.0007529640242864843
345.0 0.0007276385986187961
346.0 0.0007023132184258429
347.0 0.0006852427759440616
348.0 0.0006681723334622802
349.0 0.0006938988008187152
350.0 0.005553670780500397
351.0 0.005469491588883102
352.0 0.0053853127610636875
353.0 0.005250110916676931
354.0 0.005114909436088055
355.0 0.005133428567205556
356.0 0.005151948789716698
357.0 0.006392093928297982
358.0 0.007632239430677146
359.0 0.005793970558443107
360.0 0.003955701322411187
361.0 0.0025774863388505764
362.0 0.0011992712643404957
363.0 0.002539749584684614
364.0 0.0038802278140792623
365.0 0.004037666803924367
366.0 0.004195105793769471
367.0 0.0031254374334821478
368.0 0.002055768527498003
369.0 0.0015336054275394417
370.0 0.001011442691378761
371.0 0.0014397727682080586
372.0 0.0018681032088352367
373.0 0.0024290711735375226
374.0 0.0029900391382398084
375.0 0.0027326752388034947
376.0 0.002475311885064002
377.0 0.0009015547220769804
378.0 1.5792300193245845e-10
379.0 0.0005681751645170152
380.0 0.0018085527699440718
381.0 0.0024092803869280033
382.0 0.003010008185810875
383.0 0.0032179857953451574
384.0 0.00342596358677838
385.0 0.004228568286634982
386.0 0.005031171895097941
387.0 0.0046630539145553485
388.0 0.004294935934012756
389.0 0.003660262154880911
390.0 0.0030255878300522454
391.0 0.0021592915800283663
392.0 0.001292995239055017
393.0 0.001247854197572451
394.0 0.0012027127013425343
395.0 0.000934083709580591
396.0 0.0006654546268691774
397.0 0.0007193457804532954
398.0 0.0007732373887847643
399.0 0.0007002591246418888
400.0 0.0006272804057516623
401.0 0.00010618499572956352
402.0 1.5792300193245845e-10
403.0 1.5792300193245845e-10
404.0 0.0002276360874020611
405.0 0.0006631722953898134
406.0 0.0010987081623170525
407.0 0.001649363366595935
408.0 0.0022000183889758773
409.0 0.001784734740795102
410.0 0.0013694511835637968
411.0 0.0009668439815868624
412.0 0.0005642367796099279
413.0 0.0006129506346042035
414.0 0.0006616645350732142
415.0 0.0006474992005678359
416.0 0.0006333342753350735
417.0 0.0012801519005734008
418.0 0.0019269698896096088
419.0 0.0023313166821026243
420.0 0.00273566347459564
421.0 0.004004027869086713
422.0 0.005272392081678845
423.0 0.008060628169914708
424.0 0.010848863166756928
425.0 0.014803254452999681
426.0 0.018757641373667866
427.0 0.01957233907887712
428.0 0.0203870382392779
429.0 0.015563347551506013
430.0 0.010739656136138365
431.0 0.007623795681865886
432.0 0.004507934863795526
433.0 0.003537940210662782
434.0 0.002567945011833217
435.0 0.0020940697140758857
436.0 0.001620194234419614
437.0 0.0013640283214044757
438.0 0.0011078625902882777
439.0 0.00093274429673329
440.0 0.0007576260486530373
441.0 0.0010763450518425088
442.0 0.0013950641005067155
443.0 0.0017442891476093791
444.0 0.002093514194712043
445.0 0.002011775359278545
446.0 0.0019300363419461064
447.0 0.001686959330982063
448.0 0.0014438826838159002
449.0 0.0013524970199796371
450.0 0.0012611109013960231
451.0 0.0013230840522737708
452.0 0.0013850571122020483
453.0 0.0014527287021337543
454.0 0.0015204003830149304
455.0 0.0013561390915128868
456.0 0.0011918780728592537
457.0 0.0008359467756235972
458.0 0.00048001561481214594
459.0 0.0007194884801720036
460.0 0.0009589613000571262
461.0 0.0015816165614523925
462.0 0.0022042715499992482
463.0 0.0027839218091685325
464.0 0.0033635718864388764
465.0 0.004349076334619895
466.0 0.005334580782800913
467.0 0.006023167225066572
468.0 0.006711754394927993
469.0 0.005774985766038299
470.0 0.004838218228542246
471.0 0.0036969584471080452
472.0 0.0025556981199770235
473.0 0.0021371191905927844
474.0 0.0017185397155117244
475.0 0.0014118769286142197
476.0 0.0011052144145651255
477.0 0.000875604928296525
478.0 0.0006459953056037193
479.0 0.0008777248694968875
480.0 0.0011094542060163803
481.0 0.0008483732017339207
482.0 0.0005872922884009313
483.0 0.0006274401130212937
484.0 0.0006675877557427157
485.0 0.0005949785190750845
486.0 0.000522369145983248
487.0 0.0005486058853421127
488.0 0.0005748425337515073
489.0 0.0005315769612934673
490.0 0.0004883113433606923
491.0 0.0006449120064644376
492.0 0.0008015125786187127
493.0 0.0009531784598948434
494.0 0.001104844341170974
495.0 0.0009377042260894086
496.0 0.000770564020058373
497.0 0.001011347194435075
498.0 0.0012521301869128365
499.0 0.0012681560292548966
500.0 0.001284182053495897
501.0 0.001428810901416
502.0 0.0015734400221845135
503.0 0.001896327557915356
504.0 0.0022192150936461985
505.0 0.0027061067157774232
506.0 0.0031929987017065287
507.0 0.0037967321986798197
508.0 0.00440046533185523
509.0 0.004930312934448011
510.0 0.00546015944564715
511.0 0.004844557770411484
512.0 0.004228955367580056
513.0 0.003637803820311092
514.0 0.0030466519092442468
515.0 0.002864992893591989
516.0 0.002683333877939731
517.0 0.002460612085997127
518.0 0.002237890294054523
519.0 0.07028048858046532
520.0 0.030441334820352495
521.0 0.15216957544907928
522.0 0.11834836332127452
523.0 0.052210845751687884
524.0 0.13830735115334392
525.0 0.08675741264596581
526.0 0.11880011297762394
527.0 0.14253014232963324
528.0 0.08839902002364397
529.0 0.140846474096179
530.0 0.12904275208711624
531.0 0.13159961672499776
532.0 0.15090163797140121
533.0 0.2398297656327486
534.0 0.2836181316524744
535.0 0.35543846897780895
536.0 0.4796707071363926
537.0 0.6319563835859299
538.0 1.0123581625521183
539.0 1.510901004076004
540.0 2.46544498950243
541.0 3.862200677394867
542.0 5.784622952342033
543.0 8.40829610824585
544.0 11.632577329874039
545.0 15.218916535377502
546.0 19.582657516002655
547.0 25.014755129814148
548.0 32.172366976737976
549.0 39.8440808057785
550.0 47.02024459838867
551.0 54.72022891044617
552.0 61.13049387931824
553.0 66.67941808700562
554.0 71.56193852424622
555.0 75.96923112869263
556.0 80.13514280319214
557.0 83.1979513168335
558.0 86.34184002876282
559.0 89.91045355796814
560.0 91.16597175598145
561.0 93.16068887710571
562.0 94.38616037368774
563.0 94.27947998046875
564.0 94.88442540168762
565.0 94.78510618209839
566.0 95.4652726650238
567.0 94.63242888450623
568.0 94.86888647079468
569.0 95.83120942115784
570.0 94.8237955570221
571.0 96.11416459083557
572.0 95.9284245967865
573.0 95.98783254623413
574.0 96.43710255622864
575.0 96.05568647384644
576.0 96.61829471588135
577.0 96.66845798492432
578.0 96.48433923721313
579.0 96.01094722747803
580.0 95.83837389945984
581.0 95.66460847854614
582.0 95.92120051383972
583.0 95.9915041923523
584.0 95.52717804908752
585.0 95.81086039543152
586.0 95.9907054901123
587.0 95.77566981315613
588.0 95.7244873046875
589.0 96.51929140090942
590.0 95.94239592552185
591.0 95.47857642173767
592.0 95.22402286529541
593.0 94.90177631378174
594.0 95.65019607543945
595.0 95.93563079833984
596.0 96.1922824382782
597.0 96.52867913246155
598.0 96.06832265853882
599.0 96.01012468338013
600.0 96.174156665802
601.0 95.51074504852295
602.0 96.11102938652039
603.0 96.06100916862488
604.0 95.75358033180237
605.0 96.21539115905762
606.0 95.72920799255371
607.0 95.87229490280151
608.0 95.95725536346436
609.0 94.96433138847351
610.0 95.09344696998596
611.0 95.3676700592041
612.0 95.36265134811401
613.0 96.2844729423523
614.0 96.18170857429504
615.0 95.759117603302
616.0 95.65684199333191
617.0 95.81230878829956
618.0 95.88629007339478
619.0 96.50086760520935
620.0 95.53707838058472
621.0 95.07303833961487
622.0 96.20309472084045
623.0 96.0139513015747
624.0 95.86910009384155
625.0 96.123605966568
626.0 95.69029211997986
627.0 94.50551867485046
628.0 96.3391125202179
629.0 94.76000666618347
630.0 95.68324089050293
631.0 95.60713768005371
632.0 96.14284038543701
633.0 96.02628350257874
634.0 95.22775411605835
635.0 95.73390483856201
636.0 95.42969465255737
637.0 94.98185515403748
638.0 94.90741491317749
639.0 95.07788419723511
640.0 95.13099193572998
641.0 94.91105079650879
642.0 95.63108086585999
643.0 95.2236533164978
644.0 95.14575600624084
645.0 95.61375379562378
646.0 95.38854956626892
647.0 96.51684761047363
648.0 95.72643637657166
649.0 95.21260857582092
650.0 95.95237970352173
651.0 96.30570411682129
652.0 96.29055261611938
653.0 95.28476595878601
654.0 95.87469100952148
655.0 95.99934220314026
656.0 95.18381953239441
657.0 95.32115459442139
658.0 95.67755460739136
659.0 95.97423076629639
660.0 94.92761492729187
661.0 95.23362517356873
662.0 95.35140991210938
663.0 95.4779863357544
664.0 95.0535774230957
665.0 94.86890435218811
666.0 94.7607696056366
667.0 95.33102512359619
668.0 94.89968419075012
669.0 95.18523812294006
670.0 95.32108306884766
671.0 95.2278733253479
672.0 95.23657560348511
673.0 95.01588940620422
674.0 94.27176713943481
675.0 95.26575207710266
676.0 94.54622268676758
677.0 93.42109560966492
678.0 92.92764067649841
679.0 91.63661003112793
680.0 90.91752767562866
681.0 89.74876403808594
682.0 87.33822703361511
683.0 84.61562991142273
684.0 80.8336615562439
685.0 77.09195017814636
686.0 73.52924942970276
687.0 68.53687167167664
688.0 63.82543444633484
689.0 59.29582715034485
690.0 53.948646783828735
691.0 49.744781851768494
692.0 44.92676556110382
693.0 40.76727032661438
694.0 35.934001207351685
695.0 30.945515632629395
696.0 25.752702355384827
697.0 20.856961607933044
698.0 15.325747430324554
699.0 11.123765259981155
700.0 7.743660360574722
701.0 4.914308711886406
702.0 3.02557535469532
703.0 1.7822960391640663
704.0 1.0455304756760597
705.0 0.609503872692585
706.0 0.35845357924699783
707.0 0.2681753830984235
708.0 0.18410973716527224
709.0 0.16602592077106237
710.0 0.09824912995100021
711.0 0.09899468859657645
712.0 0.06670753937214613
713.0 0.07773034158162773
714.0 0.06091122631914914
715.0 0.053948722779750824
716.0 0.03869938664138317
717.0 1.5792300193245845e-10
718.0 0.052097137086093426
719.0 0.07498186896555126
720.0 1.5792300193245845e-10
721.0 0.0044620202970691025
722.0 0.0042073519580299035
723.0 0.003952683618990704
724.0 0.003627472688094713
725.0 0.003302261757198721
726.0 0.003046347410418093
727.0 0.002790432881738525
728.0 0.002691641384444665
729.0 0.0025928495233529247
730.0 0.002380575278948527
731.0 0.0021683013983420096
732.0 0.0021739493604400195
733.0 0.002179597140639089
734.0 0.002081861202896107
735.0 0.001984125265153125
736.0 0.00179724556801375
737.0 0.0016103656889754348
738.0 0.001613378663023468
739.0 0.0016163916370715015
740.0 0.0015967558283591643
741.0 0.0015771203834447078
742.0 0.0014491998626908753
743.0 0.0013212795238359831
744.0 0.001385028735967353
745.0 0.0014487776752503123
746.0 0.0013754041901847813
747.0 0.0013020307960687205
748.0 0.001154668007075088
749.0 0.0010073053090309259
750.0 0.000999721851258073
751.0 0.0009921386663336307
752.0 0.0010700869097490795
753.0 0.0011480350622150581
754.0 0.0011493506463011727
755.0 0.0011506665032356977
756.0 0.0011102100870630238
757.0 0.0010697534889914095
758.0 0.0010931149518000893
759.0 0.0011164764146087691
760.0 0.0011117334906884935
761.0 0.0011069908396166284
762.0 0.0011055012691940647
763.0 0.0011040120625693817
764.0 0.001053578580467729
765.0 0.0010031451893155463
766.0 0.0007958554306242149
767.0 0.0005885658083570888
768.0 0.0006235223736439366
769.0 0.0006584788934560493
770.0 0.0007615401045768522
771.0 0.0008646016794955358
772.0 0.0007849551366234664
773.0 0.0007053084118524566
774.0 0.0008207036444218829
775.0 0.000936098786041839
776.0 0.0008894297025108244
777.0 0.00084276070992928
778.0 0.0008195323061954696
779.0 0.0007963040843605995
780.0 0.0007243412255775183
781.0 0.0006523784577439073
782.0 0.000754898337618215
783.0 0.0008574182174925227
784.0 0.000894286495167762
785.0 0.0009311545909440611
786.0 0.0007706087671977002
787.0 0.0006100628979766043
788.0 0.0006516869234474143
789.0 0.0006933110398676945
790.0 0.000756768713472411
791.0 0.0008202262506529223
792.0 0.0007894360351201613
793.0 0.00075864572863793
794.0 0.0008138325028994586
795.0 0.0008690189133631065
796.0 0.0007281550551851979
797.0 0.0005872911970072892
798.0 0.0007242135779961245
799.0 0.0008611359589849599
800.0 0.0007993055987753905
801.0 0.0007374751021416159
802.0 0.0006839906291133957
803.0 0.0006305058832367649
804.0 0.0007101944447640562
805.0 0.0007898830517660826
806.0 0.0006912298886163626
807.0 0.0005925768164161127
808.0 0.0007202767847047653
809.0 0.0008479766620439477
810.0 0.0007630259460711386
811.0 0.0006780754119972698
812.0 0.0007233169981191168
813.0 0.0007685584932914935
814.0 0.0006242488780117128
815.0 0.000479939217257197
816.0 0.0006233810836420162
817.0 0.0007668230864510406
818.0 0.0007033505880826851
819.0 0.0006398780897143297
820.0 0.000474571288577863
821.0 0.00030926448744139634
822.0 0.00038607531678280793
823.0 0.0004628862825484248
824.0 0.0004643753072741674
825.0 0.00046586442294938024
826.0 0.0005350535957404645
827.0 0.0006042427685315488
828.0 0.00047013750190672
829.0 0.00033603216706978856
830.0 0.00019098138182016555
831.0 4.593059088620066e-05
832.0 3.4143889138249506e-05
833.0 2.2357183127041935e-05
834.0 1.5792300193245845e-10
835.0 1.5792300193245845e-10
836.0 0.00022775889192416798
837.0 0.0005661152499669697
838.0 0.000732692524252343
839.0 0.0008992698894871864
840.0 0.0012020602298434824
841.0 0.0015048504792503081
842.0 0.001950527985172812
843.0 0.0023962054910953157
844.0 0.0021887979528401047
845.0 0.0019813904145848937
846.0 0.001728454117255751
847.0 0.001475517638027668
848.0 0.0013852480151399504
849.0 0.0012949781194038223
850.0 0.0012059457731083967
851.0 0.0011169136087119114
852.0 0.0010891415513469838
853.0 0.0010613693120831158
854.0 0.000927610290091252
855.0 0.0007938509952509776
856.0 0.0006232293799257604
857.0 0.0004526077646005433
858.0 0.0005931266969128046
859.0 0.0007336455382755958
860.0 0.0005592814432020532
861.0 0.00038491725717904046
862.0 0.00038127764128148556
863.0 0.00037763802538393065
864.0 0.00025244437438232126
865.0 0.00012725080296149827
866.0 9.496508823758631e-05
867.0 6.267935077630682e-05
868.0 0.0001442157667952415
869.0 0.00022575216007680865
870.0 9.72200155047176e-05
871.0 1.5792300193245845e-10
872.0 1.5792300193245845e-10
873.0 1.5792300193245845e-10
874.0 1.5792300193245845e-10
875.0 1.5792300193245845e-10
876.0 1.5792300193245845e-10
877.0 1.5792300193245845e-10
878.0 0.00011303657174721593
879.0 0.0002701721086850739
880.0 0.00019136464288749266
881.0 0.00011255716572122765
882.0 9.867500239124638e-05
883.0 8.47928845360002e-05
884.0 1.0005196671158956e-06
885.0 1.5792300193245845e-10
886.0 1.1074342864958453e-05
887.0 0.00010494051139176008
888.0 0.00017733874528857996
889.0 0.00024973696781671606
890.0 0.0001989664042412187
891.0 0.00014819580655967002
892.0 1.5792300193245845e-10
893.0 1.5792300193245845e-10
894.0 1.5792300193245845e-10
895.0 7.087197104738152e-05
896.0 5.567600851463794e-05
897.0 4.048010566748417e-05
898.0 5.594476419901184e-05
899.0 7.140941420402669e-05
900.0 3.706670952396962e-05
