lsstCam/transmission_filter_detector/r02_s01/u_24/19700101T000000.ecsv
# %ECSV 1.0
# ---
# datatype:
# - {name: wavelength, unit: nm, datatype: float32}
# - {name: efficiency, unit: '%', datatype: float64}
# meta: !!omap
# - {MODE: DETECTOR}
# - {TYPE: transmission_filter_detector}
# - {CALIBDATE: '1970-01-01T00:00:00'}
# - {INSTRUME: LSSTCam}
# - {OBSTYPE: transmission_filter_detector}
# - {CALIBCLS: lsst.ip.isr.IntermediateFilterDetectorTransmissionCurve}
# - {SOURCE: Materion (DM-46256)}
# - {DETECTOR: 10}
# - {FILTER: u_24}
# - {CALIB_ID: 'calibDate=1970-01-01T00:00:00 filter=u_24 detector=10'}
# - {DATE: '2025-04-02T15:59:39.792545'}
# - {CALIB_CREATION_DATE: '2025-04-02'}
# - {CALIB_CREATION_TIME: '15:59:39'}
# - __serialized_columns__:
#     efficiency:
#       __class__: astropy.units.quantity.Quantity
#       unit: !astropy.units.Unit {unit: '%'}
#       value: !astropy.table.SerializedColumn {name: efficiency}
#     wavelength:
#       __class__: astropy.units.quantity.Quantity
#       unit: !astropy.units.Unit {unit: nm}
#       value: !astropy.table.SerializedColumn {name: wavelength}
# schema: astropy-2.0
wavelength efficiency
[from data line 582]
877.0 0.0024361570467590354
878.0 0.002805946314765606
879.0 0.0028000893507851288
880.0 0.0027942329325014725
881.0 0.0031125720852287486
882.0 0.003430911965551786
883.0 0.0031294472137233242
884.0 0.0028279826437938027
885.0 0.0029020517104072496
886.0 0.0029761207770206966
887.0 0.0025937666578101926
888.0 0.0022114129023975693
889.0 0.0021145790014998056
890.0 0.002017745100602042
891.0 0.0021687475964426994
892.0 0.0023197499103844166
893.0 0.0022772754164179787
894.0 0.00223480055865366
895.0 0.0028054755603079684
896.0 0.003376150198164396
897.0 0.0037394864193629473
898.0 0.004102822640561499
899.0 0.004382578481454402
900.0 0.004662333958549425
901.0 0.004390488538774662
902.0 0.004118643482797779
903.0 0.004445693775778636
904.0 0.004772744432557374
905.0 0.004937134144711308
906.0 0.005101523493067361
907.0 0.005595386755885556
908.0 0.006089250018703751
909.0 0.006092442345106974
910.0 0.006095635035308078
911.0 0.0061161277699284256
912.0 0.006136621232144535
913.0 0.006033679892425425
914.0 0.005930738552706316
915.0 0.005301952842273749
916.0 0.004673167495639063
917.0 0.004189273022348061
918.0 0.0037053789128549397
919.0 0.003918778747902252
920.0 0.004132178219151683
921.0 0.004413466740516014
922.0 0.004694755261880346
923.0 0.00566179005545564
924.0 0.006628823757637292
925.0 0.006768934690626338
926.0 0.006909047078806907
927.0 0.0074903749919030815
928.0 0.00807169999461621
929.0 0.007876135350670666
930.0 0.007680569979129359
931.0 0.007244743028422818
932.0 0.006808914622524753
933.0 0.006705399573547766
934.0 0.006601884524570778
935.0 0.006710835441481322
936.0 0.006819785630796105
937.0 0.007300930155906826
938.0 0.007782076136209071
939.0 0.007596262003062293
940.0 0.007410447142319754
941.0 0.006524890341097489
942.0 0.005639332812279463
943.0 0.0046381559513974935
944.0 0.003636979454313405
945.0 0.002767134537862148
946.0 0.001897289439511951
947.0 0.001788172812666744
948.0 0.0016790563677204773
949.0 0.0014789339729759376
950.0 0.0012788114872819278
951.0 0.0012199918273836374
952.0 0.001161172167485347
953.0 0.001453971526643727
954.0 0.0017467709767515771
955.0 0.002264150134578813
956.0 0.002781529474304989
957.0 0.002809693614835851
958.0 0.0028378572096698917
959.0 0.0029617702239193022
960.0 0.0030856830562697724
961.0 0.003606405880418606
962.0 0.00412712870456744
963.0 0.004236177483107895
964.0 0.00434522662544623
965.0 0.004549177901935764
966.0 0.004753129542223178
967.0 0.0047524707042612135
968.0 0.00475181223009713
969.0 0.004684335726778954
970.0 0.004616858859662898
971.0 0.004917867772746831
972.0 0.005218877049628645
973.0 0.005004268678021617
974.0 0.004789659578818828
975.0 0.004548567812889814
976.0 0.0043074753193650395
977.0 0.0039839935197960585
978.0 0.003660511356429197
979.0 0.003318503877380863
980.0 0.0029764963983325288
981.0 0.002940555350505747
982.0 0.0029046141207800247
983.0 0.0030630217224825174
984.0 0.003221428778488189
985.0 0.0034340177080594003
986.0 0.003646607365226373
987.0 0.004036871541757137
988.0 0.004427135354490019
989.0 0.005465549838845618
990.0 0.006503963231807575
991.0 0.006521501200040802
992.0 0.00653903916827403
993.0 0.007114581239875406
994.0 0.007690123311476782
995.0 0.00750054168747738
996.0 0.00731095569790341
997.0 0.006959517486393452
998.0 0.006608080730075017
999.0 0.006479307921836153
1000.0 0.006350538023980334
1001.0 0.0060251535614952445
1002.0 0.005699770917999558
1003.0 0.005010616951039992
1004.0 0.004321462984080426
1005.0 0.004692957736551762
1006.0 0.0050644517614273354
1007.0 0.004963725223205984
1008.0 0.004862996502197348
1009.0 0.004305273978388868
1010.0 0.0037475518183782697
1011.0 0.0035955574276158586
1012.0 0.003443562673055567
1013.0 0.0031494764698436484
1014.0 0.002855389902833849
1015.0 0.0023650016373721883
1016.0 0.0018746135538094677
1017.0 0.0017244037735508755
1018.0 0.0015741939932922833
1019.0 0.0015845242160139605
1020.0 0.001594854074937757
1021.0 0.001277915907849092
1022.0 0.000960977740760427
1023.0 0.0010188382475462276
1024.0 0.0010766986633825582
1025.0 0.0011344498489052057
1026.0 0.0011922011253773235
1027.0 0.0010552029380050953
1028.0 0.0009182044777844567
1029.0 0.000996135531750042
1030.0 0.0010740668585640378
1031.0 0.0017573551303939894
1032.0 0.0024406437660218216
1033.0 0.0022092544895713218
1034.0 0.0019778655769187026
1035.0 0.002265295734105166
1036.0 0.002552725527493749
1037.0 0.002925337139458861
1038.0 0.0032979485695250332
1039.0 0.0029725457352469675
1040.0 0.0026471432647667825
1041.0 0.0021008374460507184
1042.0 0.0015545321730314754
1043.0 0.001546435487398412
1044.0 0.0015383393474621698
1045.0 0.0018429156625643373
1046.0 0.0021474925233633257
1047.0 0.002258913082187064
1048.0 0.0023703336410108022
1049.0 0.001764663466019556
1050.0 0.0011589927453314885
1051.0 0.0012450243048078846
1052.0 0.0013310552276379894
1053.0 0.0007983450814208481
1054.0 0.0002656347078300314
1055.0 0.0001544122824270744
1056.0 4.3190175347262993e-05
1057.0 0.0011006194654328283
1058.0 0.002158048482669983
1059.0 0.0011466517207736615
1060.0 0.00013525516351364786
1061.0 0.0012050334589730483
1062.0 0.002274811777169816
1063.0 0.0018738295693765394
1064.0 0.0014728471796843223
1065.0 0.0011804912901425269
1066.0 0.0008881356734491419
1067.0 0.00021485393517650664
1068.0 1.7072420950905998e-10
1069.0 0.0011508886927913409
1070.0 0.0027602056434261613
1071.0 0.0011841492778330576
1072.0 1.7072420950905998e-10
1073.0 0.0005623187007586239
1074.0 0.0015165439435804728
1075.0 0.003102249320363626
1076.0 0.004687954424298368
1077.0 0.004907847323920578
1078.0 0.005127740223542787
1079.0 0.006461414159275591
1080.0 0.007795084820827469
1081.0 0.006239358481252566
1082.0 0.004683631777879782
1083.0 0.0035911358281737193
1084.0 0.002498641151760239
1085.0 0.002721426426433027
1086.0 0.0029442113373079337
1087.0 0.0029373843062785454
1088.0 0.0029305574571480975
1089.0 0.004188209277344868
1090.0 0.005445861825137399
1091.0 0.003425113027333282
1092.0 0.0014043645933270454
1093.0 0.0009679682079877239
1094.0 0.0005315722773957532
1095.0 0.000494689720653696
1096.0 0.00045780734581057914
1097.0 0.0010193410162173677
1098.0 0.0015808751413715072
1099.0 0.0026032908863271587
1100.0 0.0036257064493838698
