lsstCam/transmission_filter_detector/r02_s01/u_24/19700101T000000.ecsv
# %ECSV 1.0
# ---
# datatype:
# - {name: wavelength, unit: nm, datatype: float32}
# - {name: efficiency, unit: '%', datatype: float64}
# meta: !!omap
# - {MODE: DETECTOR}
# - {TYPE: transmission_filter_detector}
# - {CALIBDATE: '1970-01-01T00:00:00'}
# - {INSTRUME: LSSTCam}
# - {OBSTYPE: transmission_filter_detector}
# - {CALIBCLS: lsst.ip.isr.IntermediateFilterDetectorTransmissionCurve}
# - {SOURCE: Materion (DM-46256)}
# - {DETECTOR: 10}
# - {FILTER: u_24}
# - {CALIB_ID: 'calibDate=1970-01-01T00:00:00 filter=u_24 detector=10'}
# - {DATE: '2025-04-02T15:59:39.792545'}
# - {CALIB_CREATION_DATE: '2025-04-02'}
# - {CALIB_CREATION_TIME: '15:59:39'}
# - __serialized_columns__:
#     efficiency:
#       __class__: astropy.units.quantity.Quantity
#       unit: !astropy.units.Unit {unit: '%'}
#       value: !astropy.table.SerializedColumn {name: efficiency}
#     wavelength:
#       __class__: astropy.units.quantity.Quantity
#       unit: !astropy.units.Unit {unit: nm}
#       value: !astropy.table.SerializedColumn {name: wavelength}
# schema: astropy-2.0
wavelength efficiency
295.0 1.7072420950905998e-10
296.0 1.7072420950905998e-10
297.0 1.7072420950905998e-10
298.0 1.7072420950905998e-10
299.0 1.7072420950905998e-10
300.0 1.7072420950905998e-10
301.0 1.7072420950905998e-10
302.0 1.7072420950905998e-10
303.0 0.08161553996615112
304.0 0.05948935868218541
305.0 1.2479444034397602
306.0 2.7035901322960854
307.0 4.936826601624489
308.0 7.7238768339157104
309.0 11.203308403491974
310.0 15.165004134178162
311.0 18.965713679790497
312.0 22.610896825790405
313.0 25.476977229118347
314.0 28.24658453464508
315.0 30.652549862861633
316.0 32.96387791633606
317.0 36.19256615638733
318.0 39.89288806915283
319.0 44.68761682510376
320.0 51.17015838623047
321.0 56.63686990737915
322.0 62.42024898529053
323.0 67.26182699203491
324.0 70.61773538589478
325.0 73.25609922409058
326.0 75.31597018241882
327.0 76.90805196762085
328.0 78.59712839126587
329.0 80.01217842102051
330.0 80.87498545646667
331.0 81.27328753471375
332.0 81.36001229286194
333.0 81.54623508453369
334.0 81.52179718017578
335.0 81.96920156478882
336.0 82.52319693565369
337.0 83.11572670936584
338.0 83.98126363754272
339.0 84.4228744506836
340.0 84.80185866355896
341.0 85.16753315925598
342.0 85.44523119926453
343.0 85.54201126098633
344.0 85.65821051597595
345.0 86.17718815803528
346.0 86.5833044052124
347.0 86.85898780822754
348.0 87.04338669776917
349.0 87.3199999332428
350.0 87.23156452178955
351.0 87.44949102401733
352.0 87.36449480056763
353.0 87.37646341323853
354.0 87.37580180168152
355.0 87.50874400138855
356.0 87.59720921516418
357.0 87.4232530593872
358.0 87.03321814537048
359.0 86.85449361801147
360.0 86.59768104553223
361.0 86.3675057888031
362.0 86.29863858222961
363.0 86.41970157623291
364.0 86.63349747657776
365.0 87.01059222221375
366.0 87.32208609580994
367.0 87.41622567176819
368.0 87.40568161010742
369.0 87.6014769077301
370.0 87.51828670501709
371.0 87.44786381721497
372.0 87.55739331245422
373.0 87.77907490730286
374.0 87.83126473426819
375.0 88.14893364906311
376.0 88.35591077804565
377.0 88.46652507781982
378.0 88.42161297798157
379.0 87.89807558059692
380.0 86.92243099212646
381.0 85.31488180160522
382.0 83.27330946922302
383.0 81.23335242271423
384.0 79.12564277648926
385.0 76.58826112747192
386.0 73.69595766067505
387.0 69.93105411529541
388.0 66.0474956035614
389.0 61.398470401763916
390.0 57.064276933670044
391.0 52.877646684646606
392.0 48.72259199619293
393.0 45.25185227394104
394.0 41.648054122924805
395.0 37.320709228515625
396.0 32.36859142780304
397.0 25.626230239868164
398.0 18.592363595962524
399.0 11.852119863033295
400.0 6.381380558013916
401.0 2.7954313904047012
402.0 0.885907094925642
403.0 0.2905850997194648
404.0 0.09521173778921366
405.0 0.0339035497745499
406.0 1.7072420950905998e-10
407.0 0.011984171578660607
408.0 1.7072420950905998e-10
409.0 1.7072420950905998e-10
410.0 1.7072420950905998e-10
411.0 1.7072420950905998e-10
412.0 1.7072420950905998e-10
413.0 1.7072420950905998e-10
414.0 1.7072420950905998e-10
415.0 1.7072420950905998e-10
416.0 1.7072420950905998e-10
417.0 1.7072420950905998e-10
418.0 1.7072420950905998e-10
419.0 1.7072420950905998e-10
420.0 1.7072420950905998e-10
421.0 1.7072420950905998e-10
422.0 1.7072420950905998e-10
423.0 1.7072420950905998e-10
424.0 1.7072420950905998e-10
425.0 1.7072420950905998e-10
426.0 1.7072420950905998e-10
427.0 1.7072420950905998e-10
428.0 0.0004122250629734481
429.0 0.001410576624039095
430.0 0.0024089276848826557
431.0 0.000433437162428163
432.0 1.7072420950905998e-10
433.0 1.7072420950905998e-10
434.0 1.7072420950905998e-10
435.0 0.0002908372835008777
436.0 0.0010174710041610524
437.0 1.7072420950905998e-10
438.0 1.7072420950905998e-10
439.0 0.0007983088835317176
440.0 0.002770924402284436
441.0 0.00017499759223937872
442.0 1.7072420950905998e-10
443.0 1.7072420950905998e-10
444.0 1.7072420950905998e-10
445.0 1.7072420950905998e-10
446.0 1.7072420950905998e-10
447.0 1.7072420950905998e-10
448.0 1.7072420950905998e-10
449.0 0.0005149387106939685
450.0 0.002020461943175178
451.0 0.0006727864274580497
452.0 1.7072420950905998e-10
453.0 1.7072420950905998e-10
454.0 1.7072420950905998e-10
455.0 1.7072420950905998e-10
456.0 1.7072420950905998e-10
457.0 1.7072420950905998e-10
458.0 1.7072420950905998e-10
459.0 1.7072420950905998e-10
460.0 1.7072420950905998e-10
461.0 1.7072420950905998e-10
462.0 1.7072420950905998e-10
463.0 1.7072420950905998e-10
464.0 1.7072420950905998e-10
465.0 1.7072420950905998e-10
466.0 0.00014097070106799947
467.0 0.0002657990080479067
468.0 0.0003906273832399165
469.0 0.0003148505584249506
470.0 0.000239073665397882
471.0 3.378930273356673e-05
472.0 1.7072420950905998e-10
473.0 1.7072420950905998e-10
474.0 1.7072420950905998e-10
475.0 0.00015721805084467633
476.0 0.0008440470992354676
477.0 0.00086348036347772
478.0 0.0008829138096189126
479.0 1.7072420950905998e-10
480.0 1.7072420950905998e-10
481.0 1.7072420950905998e-10
482.0 0.00046781774472037796
483.0 0.00011853710475406842
484.0 1.7072420950905998e-10
485.0 1.7072420950905998e-10
486.0 1.7072420950905998e-10
487.0 1.7072420950905998e-10
488.0 1.7072420950905998e-10
489.0 1.7072420950905998e-10
490.0 1.7072420950905998e-10
491.0 1.7072420950905998e-10
492.0 1.7072420950905998e-10
493.0 1.7072420950905998e-10
494.0 1.7072420950905998e-10
495.0 0.00020421703084139153
496.0 0.001053457071975572
497.0 0.00040139880184142385
498.0 1.7072420950905998e-10
499.0 7.190317887761921e-05
500.0 0.00039446640585083514
501.0 5.6392593705822947e-05
502.0 1.7072420950905998e-10
503.0 1.7072420950905998e-10
504.0 1.7072420950905998e-10
505.0 1.7072420950905998e-10
506.0 1.7072420950905998e-10
507.0 1.7072420950905998e-10
508.0 1.7072420950905998e-10
509.0 1.7072420950905998e-10
510.0 0.0001784263304216438
511.0 0.00032601844850432826
512.0 0.00047361058932438027
513.0 0.00024050780211837264
514.0 7.404787538689561e-06
515.0 0.0003425273234824999
516.0 0.0006776499049010454
517.0 9.040401778293017e-05
518.0 1.7072420950905998e-10
519.0 1.7072420950905998e-10
520.0 0.0004416709089127835
521.0 0.00019900489860447124
522.0 1.7072420950905998e-10
523.0 1.7072420950905998e-10
524.0 1.7072420950905998e-10
525.0 1.7072420950905998e-10
526.0 1.7072420950905998e-10
527.0 1.7072420950905998e-10
528.0 1.7072420950905998e-10
529.0 1.7072420950905998e-10
530.0 1.7072420950905998e-10
531.0 0.00021734133497375296
532.0 0.0006504429165943293
533.0 9.103966931434115e-05
534.0 1.7072420950905998e-10
535.0 1.7072420950905998e-10
536.0 1.7072420950905998e-10
537.0 1.7072420950905998e-10
538.0 1.7072420950905998e-10
539.0 1.7072420950905998e-10
540.0 1.7072420950905998e-10
541.0 1.7072420950905998e-10
542.0 1.7072420950905998e-10
543.0 1.7072420950905998e-10
544.0 1.7072420950905998e-10
545.0 1.7072420950905998e-10
546.0 1.7072420950905998e-10
547.0 1.7072420950905998e-10
548.0 0.00012346906714810757
549.0 1.7072420950905998e-10
550.0 1.7072420950905998e-10
551.0 1.7072420950905998e-10
552.0 1.7072420950905998e-10
553.0 1.7072420950905998e-10
554.0 1.7072420950905998e-10
555.0 1.7072420950905998e-10
556.0 1.7072420950905998e-10
557.0 1.7072420950905998e-10
558.0 1.7072420950905998e-10
559.0 1.7072420950905998e-10
560.0 0.0002024853074544808
561.0 1.7072420950905998e-10
562.0 1.7072420950905998e-10
563.0 1.7072420950905998e-10
564.0 1.7072420950905998e-10
565.0 1.7072420950905998e-10
566.0 1.7072420950905998e-10
567.0 1.7072420950905998e-10
568.0 1.7072420950905998e-10
569.0 2.0807696898828e-05
570.0 0.00032150612696568714
571.0 0.0005362054253055248
572.0 0.0007509048828069353
573.0 0.0006004356237099273
574.0 0.0004499666829360649
575.0 5.083722953713732e-05
576.0 1.7072420950905998e-10
577.0 1.7072420950905998e-10
578.0 0.00017292512666244875
579.0 0.00045208207666291855
580.0 0.0007312389698199695
581.0 0.0009598194992577191
582.0 0.0011884000741702039
583.0 0.0015391557099064812
584.0 0.0018899118003901094
585.0 0.0015604940927005373
586.0 0.0012310756574152038
587.0 0.000983072732196888
588.0 0.0007350696705543669
589.0 0.0007563068720628507
590.0 0.0007775439371471293
591.0 0.0009598393262422178
592.0 0.0011421347153373063
593.0 0.0008311689271067735
594.0 0.0005202028660278302
595.0 0.0007358401489909738
596.0 0.0009514770681562368
597.0 0.0009436611435376108
598.0 0.0009358450370200444
599.0 0.001579002673679497
600.0 0.002222159855591599
601.0 0.0025104312953772023
602.0 0.002798702371364925
603.0 0.002395573210378643
604.0 0.001992444049392361
605.0 0.0015022673323983327
606.0 0.0010120908882527146
607.0 0.0010365199159423355
608.0 0.0010609488526824862
609.0 0.0006391125680238474
610.0 0.00021727632883994374
611.0 0.0004314137186156586
612.0 0.0006455511993408436
613.0 0.0006246682914934354
614.0 0.0006037853836460272
615.0 0.0007116312644939171
616.0 0.0008194771908165421
617.0 0.0007720142093603499
618.0 0.0007245515462273033
619.0 0.00047369712774525397
620.0 0.00022284282295004232
621.0 0.0005183496796234977
622.0 0.0008138565135595854
623.0 0.000719264517101692
624.0 0.0006246724296943285
625.0 0.0007000098776188679
626.0 0.0007753473255434074
627.0 0.0008582467671658378
628.0 0.0009411461178387981
629.0 0.0010048116564576048
630.0 0.0010684775588742923
631.0 0.0016234256690950133
632.0 0.0021783733245683834
633.0 0.0023050979507388547
634.0 0.0024318229407072067
635.0 0.002615688390505966
636.0 0.002799553294607904
637.0 0.002506287091819104
638.0 0.0022130203433334827
639.0 0.001517007240181556
640.0 0.0008209938641812187
641.0 0.0008479512871417683
642.0 0.0008749086191528477
643.0 0.0006247536930459319
644.0 0.00037459876693901606
645.0 0.00035798045701085357
646.0 0.000341362101607956
647.0 0.00017856472140920232
648.0 1.5767527372645418e-05
649.0 0.00012931926676174044
650.0 0.00024287105588882696
651.0 0.000621372646492091
652.0 0.0009998742825700901
653.0 0.0012751740541716572
654.0 0.0015504738257732242
655.0 0.0017215412299265154
656.0 0.0018926084521808662
657.0 0.002839652370312251
658.0 0.003786696834140457
659.0 0.004169234671280719
660.0 0.0045517725084209815
661.0 0.004362489198683761
662.0 0.004173206252744421
663.0 0.003021152406290639
664.0 0.0018690987417357974
665.0 0.0015486173651879653
666.0 0.0012281356248422526
667.0 0.0012959149898961186
668.0 0.0013636940821015742
669.0 0.0007656624802621081
670.0 0.00016763085568527458
671.0 0.0003229934236514964
672.0 0.0004783558779308805
673.0 0.0005757249255111674
674.0 0.0006730940185661893
675.0 0.0009517878424958326
676.0 0.0012304816664254759
677.0 0.001882584547274746
678.0 0.0025346877009724267
679.0 0.002551799116190523
680.0 0.0025689103495096788
681.0 0.0033765085390768945
682.0 0.004184107092441991
683.0 0.005989645796944387
684.0 0.007795185229042545
685.0 0.008659137529321015
686.0 0.009523092012386769
687.0 0.008397307829000056
688.0 0.0072715236456133425
689.0 0.005824976324220188
690.0 0.004378429730422795
691.0 0.0037959904148010537
692.0 0.0032135510991793126
693.0 0.0029760010875179432
694.0 0.0027384512577555142
695.0 0.002409123226243537
696.0 0.0020797955585294403
697.0 0.0015125150639505591
698.0 0.0009452344784222078
699.0 0.0006420840691134799
700.0 0.000338933614330017
701.0 0.0003487208914521034
702.0 0.00035850830499839503
703.0 0.0007191075837909011
704.0 0.0010797071809065528
705.0 0.00108446629383252
706.0 0.0010892256796068978
707.0 0.000976992760115536
708.0 0.0008647594768262934
709.0 0.0006903401754243532
710.0 0.0005159207375982078
711.0 0.0005914781922911061
712.0 0.0006670356469840044
713.0 0.0008703089406481013
714.0 0.0010735822797869332
715.0 0.0008481360055156983
716.0 0.0006226895948202582
717.0 0.0005909291758143809
718.0 0.0005591686203842983
719.0 0.000515330930284108
720.0 0.0004714932401839178
721.0 0.000418272657043417
722.0 0.00036505207390291616
723.0 0.0003324051931485883
724.0 0.0002997582896568929
725.0 0.00019760207123908913
726.0 9.544568229102879e-05
727.0 0.00032208590710069984
728.0 0.0005487261660164222
729.0 0.0003150794555040193
730.0 8.143281888806086e-05
731.0 8.399112516599416e-05
732.0 8.654943144392746e-05
733.0 0.0001266528329324501
734.0 0.000166756171893212
735.0 0.0003775136974581983
736.0 0.0005882711320737144
737.0 0.0006615666279685684
738.0 0.0007348620329139521
739.0 0.0006521028353745351
740.0 0.0005693434104614425
741.0 0.0009587918611941859
742.0 0.001348240220977459
743.0 0.002074689109576866
744.0 0.002801137452479452
745.0 0.0035385299270274118
746.0 0.00427592167397961
747.0 0.004735157199320383
748.0 0.005194391997065395
749.0 0.0044221953430678695
750.0 0.003649998689070344
751.0 0.0031896914151730016
752.0 0.0027293843231745996
753.0 0.0022605832782574
754.0 0.0017917818695423193
755.0 0.0021824136638315395
756.0 0.0025730456400197
757.0 0.002105543899233453
758.0 0.0016380417946493253
759.0 0.001325084849668201
760.0 0.0010121278137376066
761.0 0.0011791984434239566
762.0 0.0013462691640597768
763.0 0.0010592857506708242
764.0 0.0007723022463324014
765.0 0.0008543923286197241
766.0 0.0009364825928059872
767.0 0.0006817483154009096
768.0 0.00042701399252109695
769.0 0.0006858802407805342
770.0 0.0009447463526157662
771.0 0.0006002902409818489
772.0 0.0002558339701863588
773.0 0.00032210048175329575
774.0 0.000388366879633395
775.0 0.0004515183263720246
776.0 0.0005146695912117139
777.0 0.0005385778877098346
778.0 0.0005624859568342799
779.0 0.0008342705768882297
780.0 0.001106054969568504
781.0 0.0010787748578877654
782.0 0.001051494837156497
783.0 0.0010011822269007098
784.0 0.0009508690709481016
785.0 0.0010964807188429404
786.0 0.0012420920938893687
787.0 0.0009223263987223618
788.0 0.0006025607035553548
789.0 0.0007812038347765338
790.0 0.0009598469659977127
791.0 0.0008910167707654182
792.0 0.0008221866664825939
793.0 0.0002566409648352419
794.0 1.7072420950905998e-10
795.0 1.7072420950905998e-10
796.0 0.00017724103145155823
797.0 0.0003281330691606854
798.0 0.00047902508413244504
799.0 0.0002783096533676144
800.0 7.7594057756869e-05
801.0 6.396783192030853e-05
802.0 5.034162882111559e-05
803.0 1.7072420950905998e-10
804.0 1.7072420950905998e-10
805.0 1.7072420950905998e-10
806.0 0.00013041735655860975
807.0 1.7072420950905998e-10
808.0 1.7072420950905998e-10
809.0 1.7072420950905998e-10
810.0 0.00012709186876236345
811.0 0.00014998826145529165
812.0 0.00017288474509769003
813.0 0.0003271414470873424
814.0 0.00048139822865778115
815.0 0.00045980355025676545
816.0 0.00043820891733048484
817.0 0.00040171362343244255
818.0 0.00036521832953440025
819.0 0.0003063404619751964
820.0 0.00024746261715336004
821.0 5.840492178776913e-06
822.0 1.7072420950905998e-10
823.0 1.7072420950905998e-10
824.0 0.0002176938778575277
825.0 1.7072420950905998e-10
826.0 1.7072420950905998e-10
827.0 0.00011835630857603974
828.0 0.0005459689873532625
829.0 0.0005248470188234933
830.0 0.0005037254595663399
831.0 6.973417043809604e-05
832.0 1.7072420950905998e-10
833.0 1.7072420950905998e-10
834.0 1.7072420950905998e-10
835.0 1.7072420950905998e-10
836.0 5.822491999651902e-06
837.0 1.7072420950905998e-10
838.0 1.7072420950905998e-10
839.0 1.7072420950905998e-10
840.0 1.7072420950905998e-10
841.0 1.7072420950905998e-10
842.0 0.00011617790960372076
843.0 1.7072420950905998e-10
844.0 1.7072420950905998e-10
845.0 1.7072420950905998e-10
846.0 3.558885453003313e-05
847.0 0.00031360868888441473
848.0 0.0005916285317653092
849.0 0.0005872229849046562
850.0 0.0005828175289934734
851.0 0.00038449993553513195
852.0 0.00018618237618284184
853.0 0.00039390320125676226
854.0 0.000601624060436734
855.0 0.0005922550826653605
856.0 0.000582886059419252
857.0 0.0006866397143312497
858.0 0.0007903935511421878
859.0 0.0009513492841506377
860.0 0.001112305199058028
861.0 0.0010084469067805912
862.0 0.0009045884326042142
863.0 0.000991141041595256
864.0 0.0010776934686873574
865.0 0.0017109137843362987
866.0 0.0023441338271368295
867.0 0.0020660065274569206
868.0 0.0017878795915748924
869.0 0.001728936331346631
870.0 0.001669992707320489
871.0 0.001741586675052531
872.0 0.0018131802789866924
873.0 0.001783460538717918
874.0 0.001753740434651263
875.0 0.001910054197651334
