lsstCam/transmission_filter_detector/r03_s12/y_10/19700101T000000.ecsv
# %ECSV 1.0
# ---
# datatype:
# - {name: wavelength, unit: nm, datatype: float32}
# - {name: efficiency, unit: '%', datatype: float64}
# meta: !!omap
# - {MODE: DETECTOR}
# - {TYPE: transmission_filter_detector}
# - {CALIBDATE: '1970-01-01T00:00:00'}
# - {INSTRUME: LSSTCam}
# - {OBSTYPE: transmission_filter_detector}
# - {CALIBCLS: lsst.ip.isr.IntermediateFilterDetectorTransmissionCurve}
# - {SOURCE: Materion (DM-46256)}
# - {DETECTOR: 23}
# - {FILTER: y_10}
# - {CALIB_ID: 'calibDate=1970-01-01T00:00:00 filter=y_10 detector=23'}
# - {DATE: '2025-04-02T15:59:50.848818'}
# - {CALIB_CREATION_DATE: '2025-04-02'}
# - {CALIB_CREATION_TIME: '15:59:50'}
# - __serialized_columns__:
#     efficiency:
#       __class__: astropy.units.quantity.Quantity
#       unit: !astropy.units.Unit {unit: '%'}
#       value: !astropy.table.SerializedColumn {name: efficiency}
#     wavelength:
#       __class__: astropy.units.quantity.Quantity
#       unit: !astropy.units.Unit {unit: nm}
#       value: !astropy.table.SerializedColumn {name: wavelength}
# schema: astropy-2.0
wavelength efficiency
300.0 0.5250455345958471
301.0 0.28496645390987396
302.0 0.04488733829930425
303.0 0.03880090080201626
304.0 0.03271446912549436
305.0 0.02161027950933203
306.0 0.010506088437978178
307.0 0.016928724653553218
308.0 0.023351360869128257
309.0 0.016407444491051137
310.0 0.009463526657782495
311.0 0.008655444253236055
312.0 0.00784735893830657
313.0 0.00782782444730401
314.0 0.007808289228705689
315.0 0.006786263838876039
316.0 0.005764241359429434
317.0 0.0052987754315836355
318.0 0.00483330586575903
319.0 0.0020574960217345506
320.0 1.7271157377526936e-10
321.0 0.0016278412658721209
322.0 0.003973997445427813
323.0 0.0031116440368350595
324.0 0.0022492906282423064
325.0 0.0008006360985746142
326.0 1.7271157377526936e-10
327.0 0.00031454521831619786
328.0 0.0012771090950991493
329.0 0.003059222945012152
330.0 0.004841337067773566
331.0 0.004179264578851871
332.0 0.0035171920899301767
333.0 0.002342397056054324
334.0 0.0011676015674311202
335.0 0.0015385621736641042
336.0 0.0019095230527454987
337.0 0.0027483982194098644
338.0 0.0035872730222763494
339.0 0.0018699196516536176
340.0 0.00015256624692483456
341.0 1.7271157377526936e-10
342.0 1.7271157377526936e-10
343.0 0.00024210930860135704
344.0 0.0008478879863105249
345.0 0.0012689289178524632
346.0 0.0016899703041417524
347.0 0.0017610842405701987
348.0 0.0018321979950997047
349.0 0.0013233112440502737
350.0 0.0008144239473040216
351.0 0.0012598587090906221
352.0 0.0017052927432814613
353.0 0.0014924303286534268
354.0 0.001279567732126452
355.0 0.001516254724265309
356.0 0.001752941716404166
357.0 0.0011762002941395622
358.0 0.0005994587809254881
359.0 0.0007817946425348055
360.0 0.0009641305041441228
361.0 0.0012004697055090219
362.0 0.0014368086340255104
363.0 0.001196792709379224
364.0 0.0009567763299855869
365.0 0.0013425409633782692
366.0 0.0017283062334172428
367.0 0.002146906263078563
368.0 0.0025655066565377638
369.0 0.002179935108870268
370.0 0.0017943637431017123
371.0 0.0017449025108362548
372.0 0.0016954409147729166
373.0 0.0021504729375010356
374.0 0.0026055049602291547
375.0 0.0034386481274850667
376.0 0.0042717907490441576
377.0 0.004121597521589138
378.0 0.003971403930336237
379.0 0.0035410179407335818
380.0 0.0031106319511309266
381.0 0.0021092495444463566
382.0 0.0011078670468123164
383.0 0.0011512131095514633
384.0 0.00119455908134114
385.0 0.000931840440898668
386.0 0.0006691218004561961
387.0 0.0007224736236821627
388.0 0.0007758254469081294
389.0 0.0006302064321062062
390.0 0.0004845874627790181
391.0 0.0004647094556275988
392.0 0.0004448314939509146
393.0 0.0005314063400874147
394.0 0.000617981277173385
395.0 0.0006512092568300432
396.0 0.0006844373274361715
397.0 0.0008451981557300314
398.0 0.0010059588930744212
399.0 0.0012163435712864157
400.0 0.0014267283404478803
401.0 0.0015749059457448311
402.0 0.0017230839148396626
403.0 0.001798457196855452
404.0 0.0018738304788712412
405.0 0.0018144539353670552
406.0 0.0017550775737618096
407.0 0.001511464415671071
408.0 0.0012678514394792728
409.0 0.0009989068530558143
410.0 0.0007299617664102698
411.0 0.0003559386641427409
412.0 1.7271157377526936e-10
413.0 0.0008813749445835128
414.0 0.0017808342818170786
415.0 0.002194490298279561
416.0 0.0026081466785399243
417.0 0.0012891921869595535
418.0 1.7271157377526936e-10
419.0 1.7271157377526936e-10
420.0 1.7271157377526936e-10
421.0 0.0002699873675737763
422.0 0.0009021713594847824
423.0 0.0009558778401697055
424.0 0.001009584048006218
425.0 6.546476782887112e-06
426.0 1.7271157377526936e-10
427.0 1.7271157377526936e-10
428.0 0.0005196009169594618
429.0 0.0001926294316945132
430.0 1.7271157377526936e-10
431.0 0.0006283699804043863
432.0 0.0013910821508034132
433.0 0.0010821064279298298
434.0 0.0007731312507530674
435.0 0.0003544473656802438
436.0 1.7271157377526936e-10
437.0 1.7271157377526936e-10
438.0 1.7271157377526936e-10
439.0 1.7271157377526936e-10
440.0 1.7271157377526936e-10
441.0 1.7271157377526936e-10
442.0 1.7271157377526936e-10
443.0 1.7271157377526936e-10
444.0 2.198465942626626e-06
445.0 0.00012066626595697016
446.0 0.00023913401037134463
447.0 0.00033076580621127505
448.0 0.0004223975793138379
449.0 0.0005845321993547259
450.0 0.0007466665920219384
451.0 0.00035613629734143615
452.0 1.7271157377526936e-10
453.0 1.7271157377526936e-10
454.0 1.7271157377526936e-10
455.0 1.7271157377526936e-10
456.0 1.7271157377526936e-10
457.0 1.7271157377526936e-10
458.0 1.7271157377526936e-10
459.0 0.00011107389354947372
460.0 0.0003540533271007007
461.0 0.00029419222755677765
462.0 0.00023433121896232478
463.0 0.00034623267310962547
464.0 0.00045813417273166124
465.0 0.00041946955207095016
466.0 0.00038080506783444434
467.0 0.0010119922990270425
468.0 0.0016431793483207002
469.0 0.001549596527183894
470.0 0.0014560131603502668
471.0 0.0015233774320222437
472.0 0.00159074133989634
473.0 0.0022331880245474167
474.0 0.0028756347091984935
475.0 0.002664176827238407
476.0 0.00245271876337938
477.0 0.00294846722681541
478.0 0.00344421569025144
479.0 0.003848284177365713
480.0 0.004252352664479986
481.0 0.0042826999560929835
482.0 0.004313047247705981
483.0 0.0038840593333588913
484.0 0.0034550710552139208
485.0 0.0035239012504462153
486.0 0.003592731081880629
487.0 0.003121317786280997
488.0 0.0026499041268834844
489.0 0.0023768887331243604
490.0 0.002103873521264177
491.0 0.001716647602734156
492.0 0.0013294214113557246
493.0 0.000914619886316359
494.0 0.0004998187250748742
495.0 0.0008933121534937527
496.0 0.0012868057638115715
497.0 0.001787625478755217
498.0 0.0022884456484462135
499.0 0.0024076651243376546
500.0 0.002526884782128036
501.0 0.002279727232235018
502.0 0.0020325698642409407
503.0 0.002055175900750328
504.0 0.0020777817553607747
505.0 0.002819396831910126
506.0 0.003561011908459477
507.0 0.0025400540835107677
508.0 0.0015190953490673564
509.0 0.0016699055777280591
510.0 0.0018207154425908811
511.0 0.0019655799405882135
512.0 0.002110444438585546
513.0 0.0019101822545053437
514.0 0.0017099206161219627
515.0 0.0015110126696527004
516.0 0.0013121047231834382
517.0 0.001375134161207825
518.0 0.001438163235434331
519.0 0.0015741930837975815
520.0 0.0017102225683629513
521.0 0.0017132286302512512
522.0 0.0017162345102406107
523.0 0.0015687019185861573
524.0 0.0014211693269317038
525.0 0.001938566128956154
526.0 0.002455963476677425
527.0 0.0023966660592122935
528.0 0.002337368823646102
529.0 0.0026982334020431153
530.0 0.0030590977985411882
531.0 0.002817263884935528
532.0 0.0025754294256330468
533.0 0.002560310167609714
534.0 0.00254519036388956
535.0 0.002247005068056751
536.0 0.0019488194084260613
537.0 0.0021707235646317713
538.0 0.002392627538938541
539.0 0.0031348168704425916
540.0 0.003877005656249821
541.0 0.004015025479020551
542.0 0.004153045665589161
543.0 0.004336091660661623
544.0 0.0045191376557340845
545.0 0.004667869143304415
546.0 0.004816600267076865
547.0 0.004000761691713706
548.0 0.003184923480148427
549.0 0.0028427351935533807
550.0 0.002500546906958334
551.0 0.002458706876495853
552.0 0.002416866846033372
553.0 0.0028544265660457313
554.0 0.00329198592226021
555.0 0.0036186120269121602
556.0 0.0039452381315641105
557.0 0.003816977914539166
558.0 0.0036887180613121018
559.0 0.0035929817386204377
560.0 0.003497245052130893
561.0 0.0036495657695923
562.0 0.0038018861232558265
563.0 0.003299833770142868
564.0 0.002797781053232029
565.0 0.00364962215826381
566.0 0.004501463990891352
567.0 0.004776439891429618
568.0 0.005051415428170003
569.0 0.005945330485701561
570.0 0.006839245179435238
571.0 0.0069071087636984885
572.0 0.0069749730755575
573.0 0.006886525807203725
574.0 0.006798079994041473
575.0 0.006419534474844113
576.0 0.0060409900470403954
577.0 0.0055520227761007845
578.0 0.005063056232756935
579.0 0.005466455695568584
580.0 0.0058698555221781135
581.0 0.006624188245041296
582.0 0.007378520240308717
583.0 0.008652754331706092
584.0 0.00992698478512466
585.0 0.010266996832797304
586.0 0.010607010335661471
587.0 0.010547557030804455
588.0 0.010488100815564394
589.0 0.010504658712306991
590.0 0.010521218791836873
591.0 0.00976488518062979
592.0 0.009008550114231184
593.0 0.007445242954418063
594.0 0.0058819379773922265
595.0 0.005747071190853603
596.0 0.005612204768112861
597.0 0.006027605923009105
598.0 0.006443006714107469
599.0 0.007523063686676323
600.0 0.008603119204053655
601.0 0.00916976568987593
602.0 0.009736409992910922
603.0 0.010528161510592327
604.0 0.011319913028273731
605.0 0.011359492054907605
606.0 0.011399071081541479
607.0 0.009860126010607928
608.0 0.0083211823948659
609.0 0.00637657503830269
610.0 0.004431969500728883
611.0 0.0037260517274262384
612.0 0.0030201337722246535
613.0 0.003591138738556765
614.0 0.004162143522989936
615.0 0.004697113035945222
616.0 0.005232083276496269
617.0 0.0065903055656235665
618.0 0.007948527490952983
619.0 0.008784597594058141
620.0 0.009620667697163299
621.0 0.010588589793769643
622.0 0.01155651334556751
623.0 0.01148992741946131
624.0 0.011423340038163587
625.0 0.010115433542523533
626.0 0.008807524136500433
627.0 0.0069044843257870525
628.0 0.005001441968488507
629.0 0.004184103818261065
630.0 0.0033667653042357415
631.0 0.002804902396746911
632.0 0.0022430393073591404
633.0 0.00246482013608329
634.0 0.00268660114670638
635.0 0.0029264623663038947
636.0 0.0031663232221035287
637.0 0.0040220635128207505
638.0 0.0048778034397400916
639.0 0.004992579488316551
640.0 0.005107354809297249
641.0 0.005509297625394538
642.0 0.005911240441491827
643.0 0.005528631299966946
644.0 0.005146021794644184
645.0 0.004810104655916803
646.0 0.004474186789593659
647.0 0.003665326948976144
648.0 0.0028564669264596887
649.0 0.0020067711375304498
650.0 0.0011570750757528003
651.0 0.0013280130588100292
652.0 0.0014989512237661984
653.0 0.0015762158000143245
654.0 0.0016534802853129804
655.0 0.0016873131244210526
656.0 0.0017211461454280652
657.0 0.0015680730939493515
658.0 0.0014150000424706377
659.0 0.0017000736988848075
660.0 0.0019851473552989773
661.0 0.0017967739040614106
662.0 0.0016084002709249035
663.0 0.0022880178221384995
664.0 0.0029676353733520955
665.0 0.003452361124800518
666.0 0.00393708651245106
667.0 0.0045306522224564105
668.0 0.005124216477270238
669.0 0.005438646985567175
670.0 0.0057530738558853045
671.0 0.006272236350923777
672.0 0.006791399937355891
673.0 0.007720478606643155
674.0 0.008649558003526181
675.0 0.008180367876775563
676.0 0.007711179205216467
677.0 0.0061163780628703535
678.0 0.0045215769205242395
679.0 0.0029948598239570856
680.0 0.0014681435459351633
681.0 0.0005776166744908551
682.0 1.7271157377526936e-10
683.0 7.072809466990293e-05
684.0 0.00045436663640430197
685.0 0.00027907246931135887
686.0 0.00010377833632446709
687.0 4.547735841242684e-05
688.0 1.7271157377526936e-10
689.0 0.0001454916741749912
690.0 0.00030380695079657016
691.0 0.0004570071723719593
692.0 0.0006102073712099809
693.0 0.0005505077297129901
694.0 0.0004908081336907344
695.0 0.0005511410563485697
696.0 0.0006114740244811401
697.0 0.0005455273367260816
698.0 0.00047958055802155286
699.0 0.0004593474841385614
700.0 0.00043911413740715943
701.0 0.00032150464903679676
702.0 0.00020389527435327182
703.0 0.0002747844064288074
704.0 0.00034567351576697547
705.0 0.0004311084467190085
706.0 0.0005165431502973661
707.0 6.590965995201259e-05
708.0 1.7271157377526936e-10
709.0 1.7271157377526936e-10
710.0 0.00033648748285486363
711.0 0.00039710780583845917
712.0 0.0004577280833473196
713.0 0.000252272388934216
714.0 4.681666041506105e-05
715.0 0.0002698499883990735
716.0 0.0004928833277517697
717.0 0.00038603443499596324
718.0 0.00027918556497752434
719.0 0.00042974161260644905
720.0 0.000580297546548536
721.0 0.0003882054443238303
722.0 0.00019611338757385965
723.0 0.00022608594463235931
724.0 0.00025605847895349143
725.0 0.00035946263778896537
726.0 0.0004628669557860121
727.0 0.00022289998469204875
728.0 1.7271157377526936e-10
729.0 0.00016799428976810304
730.0 0.00035305558867548825
731.0 0.0004893239292869112
732.0 0.000625592474534642
733.0 0.0001366979972772242
734.0 1.7271157377526936e-10
735.0 1.7271157377526936e-10
736.0 1.7271157377526936e-10
737.0 0.0004205194727546768
738.0 0.0010753101378213614
739.0 0.0006498866241599899
740.0 0.00022446270122600254
741.0 9.719800573293469e-05
742.0 1.7271157377526936e-10
743.0 1.7271157377526936e-10
744.0 1.7271157377526936e-10
745.0 0.00023780403353157453
746.0 0.0007179957265179837
747.0 0.00037959209748805733
748.0 4.118843719425058e-05
749.0 1.7325041312687972e-05
750.0 1.7271157377526936e-10
751.0 5.427582436823286e-05
752.0 0.00011509006299093016
753.0 0.0003133831114610075
754.0 0.0005116761712997686
755.0 1.7271157377526936e-10
756.0 1.7271157377526936e-10
757.0 1.7271157377526936e-10
758.0 1.7271157377526936e-10
759.0 0.0003474919367363327
760.0 0.0009455780855205376
761.0 0.0003856312105199322
762.0 1.7271157377526936e-10
763.0 1.7271157377526936e-10
764.0 1.7271157377526936e-10
765.0 1.7271157377526936e-10
766.0 0.0003435149210417876
767.0 1.7271157377526936e-10
768.0 1.7271157377526936e-10
769.0 1.7271157377526936e-10
770.0 1.7271157377526936e-10
771.0 1.7271157377526936e-10
772.0 1.7271157377526936e-10
773.0 0.00035719331208383664
774.0 0.0009043038517120294
775.0 0.0004985113264410757
776.0 9.27186704302585e-05
777.0 0.00016903197774809087
778.0 0.0002453452680128976
779.0 0.00046266331992228515
780.0 0.0006799813490943052
781.0 0.00058221303333994
782.0 0.00048444467211083975
783.0 0.00026533791697147535
784.0 4.623123857072642e-05
785.0 1.4104894319189043e-05
786.0 1.7271157377526936e-10
787.0 0.0003973199909523828
788.0 0.0008126616194203962
789.0 0.0007129042842279887
790.0 0.0006131470399850514
791.0 0.00046227364691731054
792.0 0.0003114000492132618
793.0 0.000498300141771324
794.0 0.0006851998477941379
795.0 0.0007916193681012373
796.0 0.0008980387974588666
797.0 0.0003961445145250764
798.0 1.7271157377526936e-10
799.0 0.0003786377192227519
800.0 0.0008630251613794826
801.0 0.000401644092562492
802.0 1.7271157377526936e-10
803.0 0.0002571577624621568
804.0 0.000574052364754607
805.0 0.0009629185115045402
806.0 0.001351784430880798
807.0 0.0008970275302999653
808.0 0.0004422704932949273
809.0 0.00020060047063452657
810.0 1.7271157377526936e-10
811.0 0.0002628870788612403
812.0 0.0005668438006978249
813.0 0.0008956531928561162
814.0 0.0012244625395396724
815.0 0.0010571468919806648
816.0 0.0008898306987248361
817.0 0.0008367589543922804
818.0 0.0007836871191102546
819.0 0.0008745062586967833
820.0 0.0009653254892327823
821.0 0.000759612203182769
822.0 0.0005538989626074908
823.0 0.0006234238753677346
824.0 0.0006929490609763889
825.0 0.0006382253104675328
826.0 0.000583501650908147
827.0 0.0006598312211281154
828.0 0.000736160836822819
829.0 0.0003736590542757767
830.0 1.1157266754935335e-05
831.0 0.0001590851411492622
832.0 0.0003070132152060978
833.0 0.0004707462267106166
834.0 0.0006344792382151354
835.0 9.522092909719504e-05
836.0 1.7271157377526936e-10
837.0 1.7271157377526936e-10
838.0 1.7271157377526936e-10
839.0 0.00037075283216836397
840.0 0.0007642836862942204
841.0 0.0010713515621318948
842.0 0.0013784194379695691
843.0 0.0009473519639868755
844.0 0.0005162840807315661
845.0 0.0005657243036694126
846.0 0.000615164435657789
847.0 0.0008379440259886906
848.0 0.001060723570844857
849.0 0.0009028382010001224
850.0 0.0007449523764080368
851.0 0.001159657858806895
852.0 0.0015743633412057534
853.0 0.0005803875865240116
854.0 1.7271157377526936e-10
855.0 1.7271157377526936e-10
856.0 1.7271157377526936e-10
857.0 0.0003304842948637088
858.0 0.0014564239791070577
859.0 0.0013129819308232982
860.0 0.001169539518741658
861.0 0.0012636921383091249
862.0 0.0013578449397755321
863.0 0.001526415508124046
864.0 0.0016949859855230898
865.0 0.001857238748925738
866.0 0.002019491330429446
867.0 0.0027019686967832968
868.0 0.0033844458812382072
869.0 0.0030033388611627743
870.0 0.0026222314772894606
871.0 0.003267983629484661
872.0 0.003913735781679861
873.0 0.0029324237402761355
874.0 0.0019511120626702905
