lsstCam/transmission_filter_detector/r03_s12/y_10/19700101T000000.ecsv
# %ECSV 1.0
# ---
# datatype:
# - {name: wavelength, unit: nm, datatype: float32}
# - {name: efficiency, unit: '%', datatype: float64}
# meta: !!omap
# - {MODE: DETECTOR}
# - {TYPE: transmission_filter_detector}
# - {CALIBDATE: '1970-01-01T00:00:00'}
# - {INSTRUME: LSSTCam}
# - {OBSTYPE: transmission_filter_detector}
# - {CALIBCLS: lsst.ip.isr.IntermediateFilterDetectorTransmissionCurve}
# - {SOURCE: Materion (DM-46256)}
# - {DETECTOR: 23}
# - {FILTER: y_10}
# - {CALIB_ID: 'calibDate=1970-01-01T00:00:00 filter=y_10 detector=23'}
# - {DATE: '2025-04-02T15:59:50.848818'}
# - {CALIB_CREATION_DATE: '2025-04-02'}
# - {CALIB_CREATION_TIME: '15:59:50'}
# - __serialized_columns__:
#     efficiency:
#       __class__: astropy.units.quantity.Quantity
#       unit: !astropy.units.Unit {unit: '%'}
#       value: !astropy.table.SerializedColumn {name: efficiency}
#     wavelength:
#       __class__: astropy.units.quantity.Quantity
#       unit: !astropy.units.Unit {unit: nm}
#       value: !astropy.table.SerializedColumn {name: wavelength}
# schema: astropy-2.0
wavelength efficiency
[from data line 576]
876.0 0.003219375867047347
877.0 0.0019160979718435556
878.0 0.0006128202130639693
879.0 0.0017155371097032912
880.0 0.058049923973158
881.0 0.07175462087616324
882.0 0.05959972622804344
883.0 0.08440918172709644
884.0 0.0648507266305387
885.0 0.0898220925591886
886.0 0.06996339070610702
887.0 0.09471014491282403
888.0 0.06396452663466334
889.0 0.08564841700717807
890.0 0.07341368473134935
891.0 0.09956135181710124
892.0 0.05958180408924818
893.0 0.098543765489012
894.0 0.06870426586829126
895.0 0.10062947403639555
896.0 0.06906063063070178
897.0 0.10949177667498589
898.0 0.07319450960494578
899.0 0.10215525981038809
900.0 0.08508649189025164
901.0 0.11985580204054713
902.0 0.12890399666503072
903.0 0.126118422485888
904.0 0.13381302123889327
905.0 0.15196595340967178
906.0 0.18233483424410224
907.0 0.21782508119940758
908.0 0.27109708171337843
909.0 0.32371042761951685
910.0 0.44001489877700806
911.0 0.5722536239773035
912.0 0.8041186258196831
913.0 1.1809618212282658
914.0 1.6622122377157211
915.0 2.466834709048271
916.0 3.536178544163704
917.0 4.867815226316452
918.0 6.576753407716751
919.0 8.361512422561646
920.0 10.99393218755722
921.0 13.84330689907074
922.0 16.642671823501587
923.0 19.875334203243256
924.0 23.323166370391846
925.0 27.123594284057617
926.0 31.864601373672485
927.0 37.306591868400574
928.0 42.462095618247986
929.0 48.336830735206604
930.0 54.072922468185425
931.0 60.236239433288574
932.0 66.58610701560974
933.0 72.71500825881958
934.0 77.80880928039551
935.0 82.02370405197144
936.0 85.75111627578735
937.0 88.73499035835266
938.0 91.06018543243408
939.0 92.60762929916382
940.0 93.68441104888916
941.0 94.3585753440857
942.0 94.92899775505066
943.0 95.30684351921082
944.0 95.83820104598999
945.0 96.0764467716217
946.0 96.38531804084778
947.0 96.62196040153503
948.0 96.83946371078491
949.0 96.8759298324585
950.0 96.9437301158905
951.0 96.96159362792969
952.0 96.94226384162903
953.0 97.03478217124939
954.0 97.00198173522949
955.0 96.9953179359436
956.0 97.22919464111328
957.0 97.3864197731018
958.0 97.53940105438232
959.0 97.71273136138916
960.0 97.85045981407166
961.0 97.99944758415222
962.0 98.17554950714111
963.0 98.2553780078888
964.0 98.40577244758606
965.0 98.46780896186829
966.0 98.59302639961243
967.0 98.67876172065735
968.0 98.68314266204834
969.0 98.69120717048645
970.0 98.74370694160461
971.0 98.79745244979858
972.0 98.82791638374329
973.0 98.85769486427307
974.0 98.89238476753235
975.0 98.88387322425842
976.0 98.93065690994263
977.0 98.91537427902222
978.0 98.99587631225586
979.0 98.96978735923767
980.0 98.9787220954895
981.0 98.88057112693787
982.0 98.86971712112427
983.0 98.90276193618774
984.0 98.86510968208313
985.0 98.8744854927063
986.0 98.75608086585999
987.0 98.80899786949158
988.0 98.68462085723877
989.0 98.63433837890625
990.0 98.57027530670166
991.0 98.56210350990295
992.0 98.58649373054504
993.0 98.5239565372467
994.0 98.44502806663513
995.0 98.48540425300598
996.0 98.44717979431152
997.0 98.56376647949219
998.0 98.58394861221313
999.0 98.6179769039154
1000.0 98.68167638778687
1001.0 98.6508846282959
1002.0 98.77514839172363
1003.0 98.80114793777466
1004.0 98.90438318252563
1005.0 98.8854706287384
1006.0 99.03446435928345
1007.0 99.00127649307251
1008.0 99.02949333190918
1009.0 98.95650744438171
1010.0 99.0278422832489
1011.0 99.0482747554779
1012.0 98.98967146873474
1013.0 98.99910688400269
1014.0 98.99165630340576
1015.0 98.92988204956055
1016.0 98.8772451877594
1017.0 98.90085458755493
1018.0 98.95925521850586
1019.0 98.83546233177185
1020.0 98.8641083240509
1021.0 98.94213676452637
1022.0 98.8562822341919
1023.0 98.8571286201477
1024.0 98.84827733039856
1025.0 98.75560402870178
1026.0 98.8263487815857
1027.0 98.98367524147034
1028.0 98.87099266052246
1029.0 98.95957708358765
1030.0 99.02122616767883
1031.0 99.00841116905212
1032.0 98.97745251655579
1033.0 98.9890456199646
1034.0 99.00941252708435
1035.0 99.04407262802124
1036.0 99.02095198631287
1037.0 99.00869131088257
1038.0 98.99646639823914
1039.0 98.87852072715759
1040.0 98.81708025932312
1041.0 98.97797107696533
1042.0 98.90897870063782
1043.0 98.78715872764587
1044.0 98.87410402297974
1045.0 98.55085015296936
1046.0 98.81729483604431
1047.0 98.67404103279114
1048.0 98.7100601196289
1049.0 98.60790371894836
1050.0 98.67861270904541
1051.0 98.603355884552
1052.0 98.55220317840576
1053.0 98.43950271606445
1054.0 98.68535995483398
1055.0 98.70405793190002
1056.0 98.663729429245
1057.0 98.77567887306213
1058.0 98.55931997299194
1059.0 98.6066222190857
1060.0 98.67058396339417
1061.0 98.64264726638794
1062.0 98.69351387023926
1063.0 98.68801236152649
1064.0 98.89518022537231
1065.0 98.75689148902893
1066.0 98.74152541160583
1067.0 98.8002359867096
1068.0 98.81933927536011
1069.0 98.65134358406067
1070.0 99.0492045879364
1071.0 98.79395365715027
1072.0 98.87546300888062
1073.0 98.9623486995697
1074.0 98.61697554588318
1075.0 98.75659346580505
1076.0 98.26252460479736
1077.0 98.74846339225769
1078.0 99.00520443916321
1079.0 98.41490387916565
1080.0 99.16257858276367
1081.0 98.53209257125854
1082.0 98.53980541229248
1083.0 98.44508171081543
1084.0 98.75379800796509
1085.0 98.89793395996094
1086.0 98.63569736480713
1087.0 98.7507700920105
1088.0 98.46935868263245
1089.0 98.27677607536316
1090.0 98.57057929039001
1091.0 98.61316680908203
1092.0 98.64861369132996
1093.0 98.54638576507568
1094.0 98.35904240608215
1095.0 98.35310578346252
1096.0 98.37180972099304
1097.0 98.22756052017212
1098.0 97.47177362442017
1099.0 98.50746393203735
1100.0 98.05624485015869
