lsstCam/transmission_filter_detector/r33_s02/i_39/19700101T000000.ecsv
# %ECSV 1.0
# ---
# datatype:
# - {name: wavelength, unit: nm, datatype: float32}
# - {name: efficiency, unit: '%', datatype: float64}
# meta: !!omap
# - {MODE: DETECTOR}
# - {TYPE: transmission_filter_detector}
# - {CALIBDATE: '1970-01-01T00:00:00'}
# - {INSTRUME: LSSTCam}
# - {OBSTYPE: transmission_filter_detector}
# - {CALIBCLS: lsst.ip.isr.IntermediateFilterDetectorTransmissionCurve}
# - {SOURCE: Materion (DM-46256)}
# - {DETECTOR: 146}
# - {FILTER: i_39}
# - {CALIB_ID: 'calibDate=1970-01-01T00:00:00 filter=i_39 detector=146'}
# - {DATE: '2025-04-02T15:59:47.155625'}
# - {CALIB_CREATION_DATE: '2025-04-02'}
# - {CALIB_CREATION_TIME: '15:59:47'}
# - __serialized_columns__:
#     efficiency:
#       __class__: astropy.units.quantity.Quantity
#       unit: !astropy.units.Unit {unit: '%'}
#       value: !astropy.table.SerializedColumn {name: efficiency}
#     wavelength:
#       __class__: astropy.units.quantity.Quantity
#       unit: !astropy.units.Unit {unit: nm}
#       value: !astropy.table.SerializedColumn {name: wavelength}
# schema: astropy-2.0
wavelength efficiency
[from data line 597]
897.0 1.6092434459644145e-10
898.0 1.6092434459644145e-10
899.0 1.6092434459644145e-10
900.0 1.6092434459644145e-10
901.0 1.6092434459644145e-10
902.0 1.6092434459644145e-10
903.0 1.6092434459644145e-10
904.0 1.6092434459644145e-10
905.0 2.0134244493874576e-05
906.0 5.914666871831287e-05
907.0 1.6092434459644145e-10
908.0 1.6092434459644145e-10
909.0 1.6092434459644145e-10
910.0 1.6092434459644145e-10
911.0 1.6092434459644145e-10
912.0 7.044030780889443e-06
913.0 1.6092434459644145e-10
914.0 1.6092434459644145e-10
915.0 1.6092434459644145e-10
916.0 1.6092434459644145e-10
917.0 1.6092434459644145e-10
918.0 1.6092434459644145e-10
919.0 1.6092434459644145e-10
920.0 1.6092434459644145e-10
921.0 1.6092434459644145e-10
922.0 1.6092434459644145e-10
923.0 1.6092434459644145e-10
924.0 2.2353799522534246e-05
925.0 7.846971783465051e-06
926.0 1.6092434459644145e-10
927.0 1.6092434459644145e-10
928.0 1.6092434459644145e-10
929.0 1.6092434459644145e-10
930.0 7.610416297154643e-07
931.0 1.6092434459644145e-10
932.0 1.6092434459644145e-10
933.0 1.6092434459644145e-10
934.0 1.6092434459644145e-10
935.0 1.6092434459644145e-10
936.0 1.6092434459644145e-10
937.0 1.6092434459644145e-10
938.0 9.862991312559188e-07
939.0 1.6092434459644145e-10
940.0 1.6092434459644145e-10
941.0 1.6092434459644145e-10
942.0 3.4537001170065196e-05
943.0 7.300359783357635e-06
944.0 1.6092434459644145e-10
945.0 1.6092434459644145e-10
946.0 1.6092434459644145e-10
947.0 1.6092434459644145e-10
948.0 0.0001145391820500663
949.0 5.312457673767312e-06
950.0 1.6092434459644145e-10
951.0 1.7336945745682897e-05
952.0 0.00013858812053513248
953.0 2.8271429641790746e-05
954.0 1.6092434459644145e-10
955.0 1.6092434459644145e-10
956.0 1.6092434459644145e-10
957.0 1.6092434459644145e-10
958.0 1.6092434459644145e-10
959.0 1.6092434459644145e-10
960.0 3.521016367358243e-05
961.0 4.8622587200952694e-05
962.0 6.20350135704939e-05
963.0 0.00016759277059463784
964.0 0.000273150567409175
965.0 0.0002008476485571009
966.0 0.0001285447410737106
967.0 1.6092434459644145e-10
968.0 1.6092434459644145e-10
969.0 1.6092434459644145e-10
970.0 1.6092434459644145e-10
971.0 1.6092434459644145e-10
972.0 2.8489040460044635e-05
973.0 0.000146166405556869
974.0 0.0002638437990754028
975.0 0.00012141941851950833
976.0 1.6092434459644145e-10
977.0 7.153591354835953e-05
978.0 0.00016407677776442142
979.0 2.231998337265395e-05
980.0 1.6092434459644145e-10
981.0 1.6092434459644145e-10
982.0 1.6092434459644145e-10
983.0 1.6092434459644145e-10
984.0 1.6092434459644145e-10
985.0 1.6092434459644145e-10
986.0 8.560750188735256e-05
987.0 1.1914644915123063e-05
988.0 1.6092434459644145e-10
989.0 1.6092434459644145e-10
990.0 8.331815593010106e-06
991.0 0.00015951150089676958
992.0 0.0003106911890427
993.0 0.00016285508763758116
994.0 1.5019011812000826e-05
995.0 2.9716872518292803e-05
996.0 4.4414738908926665e-05
997.0 7.46594707834447e-05
998.0 0.00010490417707842425
999.0 6.903151188453194e-05
1000.0 3.3158795531562646e-05
1001.0 0.00023287273052119417
1002.0 0.00043258664845780004
1003.0 0.00033114522466348717
1004.0 0.0002297038008691743
1005.0 0.000275645766123489
1006.0 0.0003215877313778037
1007.0 0.0001844741746026557
1008.0 4.736064056487521e-05
1009.0 0.000173616899701301
1010.0 0.0002998731133629917
1011.0 0.00033266449008806376
1012.0 0.00036545584407576825
1013.0 0.0002984823368024081
1014.0 0.00023150882952904794
1015.0 0.00019151048036292195
1016.0 0.00015151217667153105
1017.0 0.0001740691459417576
1018.0 0.0001966261379493517
1019.0 2.4039741219894495e-05
1020.0 1.6092434459644145e-10
1021.0 3.3999629067693604e-05
1022.0 0.0002165459136449499
1023.0 0.00014886786630086135
1024.0 8.118984169414034e-05
1025.0 0.00011573677056730958
1026.0 0.0001502837449152139
1027.0 0.00038318103179335594
1028.0 0.0006160783414088655
1029.0 0.0009410444363311399
1030.0 0.0012660105312534142
1031.0 0.0017996151655097492
1032.0 0.002333219708816614
1033.0 0.0024324835976585746
1034.0 0.0025317476683994755
1035.0 0.0029479062504833564
1036.0 0.0033640648325672373
1037.0 0.0032222225854638964
1038.0 0.0030803803383605555
1039.0 0.0028476726583903655
1040.0 0.0026149647965212353
1041.0 0.002647422479640227
1042.0 0.0026798803446581587
1043.0 0.0029322400223463774
1044.0 0.003184599700034596
1045.0 0.0033330714359181
1046.0 0.0034815431718016043
1047.0 0.0033608637750148773
1048.0 0.0032401840144302696
1049.0 0.002842717913154047
1050.0 0.0024452518118778244
1051.0 0.00210415728361113
1052.0 0.001763062937243376
1053.0 0.0014613901839766186
1054.0 0.0011597175216593314
1055.0 0.0008939406143326778
1056.0 0.0006281636615312891
1057.0 0.0006480146112153307
1058.0 0.0006678657427983126
1059.0 0.0010970674338750541
1060.0 0.001526269261376001
1061.0 0.0012797331692127045
1062.0 0.0010331973498978186
1063.0 0.0017043868865584955
1064.0 0.002375576332269702
1065.0 0.0030107326892903075
1066.0 0.0036458888644119725
1067.0 0.0039483340515289456
1068.0 0.004250779602443799
1069.0 0.004117009666515514
1070.0 0.003983239730587229
1071.0 0.0036058878322364762
1072.0 0.0032285359338857234
1073.0 0.002810203477565665
1074.0 0.0023918710212456062
1075.0 0.003090465907007456
1076.0 0.0037890604289714247
1077.0 0.0037492405681405216
1078.0 0.0037094207073096186
1079.0 0.0035836441384162754
1080.0 0.003457867569522932
1081.0 0.0022187035938259214
1082.0 0.0009795399819267914
1083.0 0.0006676651082671015
1084.0 0.00035579048471845454
1085.0 0.0009005309948406648
1086.0 0.0014452715731749777
1087.0 0.0012505910490290262
1088.0 0.0010559105248830747
1089.0 0.00028568556444952264
1090.0 1.6092434459644145e-10
1091.0 7.359124651884486e-05
1092.0 0.0006317217867035652
1093.0 0.0005301285000314238
1094.0 0.000428535031460342
1095.0 1.6092434459644145e-10
1096.0 1.6092434459644145e-10
1097.0 1.6092434459644145e-10
1098.0 1.6092434459644145e-10
1099.0 0.0006490469786513131
1100.0 0.001773541771399323
