lsstCam/transmission_filter_detector/r33_s02/i_39/19700101T000000.ecsv
# %ECSV 1.0
# ---
# datatype:
# - {name: wavelength, unit: nm, datatype: float32}
# - {name: efficiency, unit: '%', datatype: float64}
# meta: !!omap
# - {MODE: DETECTOR}
# - {TYPE: transmission_filter_detector}
# - {CALIBDATE: '1970-01-01T00:00:00'}
# - {INSTRUME: LSSTCam}
# - {OBSTYPE: transmission_filter_detector}
# - {CALIBCLS: lsst.ip.isr.IntermediateFilterDetectorTransmissionCurve}
# - {SOURCE: Materion (DM-46256)}
# - {DETECTOR: 146}
# - {FILTER: i_39}
# - {CALIB_ID: 'calibDate=1970-01-01T00:00:00 filter=i_39 detector=146'}
# - {DATE: '2025-04-02T15:59:47.155625'}
# - {CALIB_CREATION_DATE: '2025-04-02'}
# - {CALIB_CREATION_TIME: '15:59:47'}
# - __serialized_columns__:
#     efficiency:
#       __class__: astropy.units.quantity.Quantity
#       unit: !astropy.units.Unit {unit: '%'}
#       value: !astropy.table.SerializedColumn {name: efficiency}
#     wavelength:
#       __class__: astropy.units.quantity.Quantity
#       unit: !astropy.units.Unit {unit: nm}
#       value: !astropy.table.SerializedColumn {name: wavelength}
# schema: astropy-2.0
wavelength efficiency
300.0 1.6092434459644145e-10
301.0 1.6092434459644145e-10
302.0 0.001063521904143272
303.0 1.6092434459644145e-10
304.0 1.6092434459644145e-10
305.0 0.005081811832496896
306.0 0.01299268624279648
307.0 0.011287917732261121
308.0 0.009583150676917285
309.0 0.00848657509777695
310.0 0.0073900002462323755
311.0 0.0032144831493496895
312.0 1.6092434459644145e-10
313.0 1.6092434459644145e-10
314.0 1.6092434459644145e-10
315.0 1.6092434459644145e-10
316.0 0.002064085128949955
317.0 0.0021001271306886338
318.0 0.0021361691324273124
319.0 0.0021499681679415517
320.0 0.0021637664758600295
321.0 0.00047722382987558376
322.0 1.6092434459644145e-10
323.0 1.6092434459644145e-10
324.0 0.001135338970925659
325.0 0.0003625190402090084
326.0 1.6092434459644145e-10
327.0 1.6092434459644145e-10
328.0 1.6092434459644145e-10
329.0 0.0026303150661988184
330.0 0.005468031667987816
331.0 0.0041407627577427775
332.0 0.002813493483699858
333.0 0.002887494338210672
334.0 0.002961495192721486
335.0 0.0020032606698805466
336.0 0.0010450261470396072
337.0 0.0007320013537537307
338.0 0.0004189762876194436
339.0 0.0004457599061424844
340.0 0.0004725437520392006
341.0 0.00014756922155356733
342.0 1.6092434459644145e-10
343.0 0.000830571025289828
344.0 0.0018385469957138412
345.0 0.0007860262485337444
346.0 1.6092434459644145e-10
347.0 1.6092434459644145e-10
348.0 1.6092434459644145e-10
349.0 1.6092434459644145e-10
350.0 0.000796385393186938
351.0 0.0003844155799015425
352.0 1.6092434459644145e-10
353.0 1.6092434459644145e-10
354.0 1.6092434459644145e-10
355.0 0.0004560130491881864
356.0 0.0016829326341394335
357.0 0.0010767742423922755
358.0 0.0004706160325440578
359.0 0.00034145903100579744
360.0 0.00021230218862910988
361.0 1.6092434459644145e-10
362.0 1.6092434459644145e-10
363.0 1.6092434459644145e-10
364.0 1.6092434459644145e-10
365.0 1.6092434459644145e-10
366.0 1.6092434459644145e-10
367.0 0.00019452663764241152
368.0 0.0008077794518612791
369.0 0.0002884633431676775
370.0 1.6092434459644145e-10
371.0 1.6092434459644145e-10
372.0 1.6092434459644145e-10
373.0 0.00030461865208053496
374.0 0.0006729012511641486
375.0 0.0007886574167059734
376.0 0.0009044136277225334
377.0 0.0008585450814280193
378.0 0.0008126766260829754
379.0 0.0009828592737903818
380.0 0.001153041830548318
381.0 0.0003514089257805608
382.0 1.6092434459644145e-10
383.0 1.6092434459644145e-10
384.0 1.6092434459644145e-10
385.0 6.385465667335666e-05
386.0 0.00023681018319621217
387.0 1.6092434459644145e-10
388.0 1.6092434459644145e-10
389.0 1.6092434459644145e-10
390.0 1.6092434459644145e-10
391.0 1.6092434459644145e-10
392.0 1.6092434459644145e-10
393.0 1.6092434459644145e-10
394.0 1.6092434459644145e-10
395.0 0.0007642067430424504
396.0 0.0015933565009618178
397.0 0.001374102521367604
398.0 0.0011548486327228602
399.0 0.0017904980268212967
400.0 0.0024261475118692033
401.0 0.003533126800903119
402.0 0.004640105544240214
403.0 0.005634390981867909
404.0 0.006628676055697724
405.0 0.004113889735890552
406.0 0.0015991039617802016
407.0 0.0030678573239129037
408.0 0.004536610504146665
409.0 0.004872497811447829
410.0 0.005208384754951112
411.0 0.005552687798626721
412.0 0.005896990478504449
413.0 0.004668013207265176
414.0 0.0034390359360259026
415.0 0.003309851308586076
416.0 0.003180666681146249
417.0 0.0037747329770354554
418.0 0.004368798909126781
419.0 0.0036873476346954703
420.0 0.003005895450769458
421.0 0.004295393227948807
422.0 0.005584891187027097
423.0 0.005199664519750513
424.0 0.00481443821627181
425.0 0.005286517625791021
426.0 0.005758597399108112
427.0 0.005541638165595941
428.0 0.005324679295881651
429.0 0.00432432752859313
430.0 0.003323976488900371
431.0 0.0034998436603927985
432.0 0.0036757111956831068
433.0 0.002718912946875207
434.0 0.0017621146980673075
435.0 0.0016624639101792127
436.0 0.0015628129403921776
437.0 0.0016609947124379687
438.0 0.0017591764844837599
439.0 0.001594779678271152
440.0 0.0014303828720585443
441.0 0.0015865240129642189
442.0 0.0017426651538698934
443.0 0.00239893688558368
444.0 0.003055208799196407
445.0 0.0019381221136427484
446.0 0.00082103560998803
447.0 0.00038369244066416286
448.0 1.6092434459644145e-10
449.0 0.0004088164132554084
450.0 0.0008712837370694615
451.0 0.0008228576916735619
452.0 0.0007744316462776624
453.0 0.0007233229553094134
454.0 0.000672214082442224
455.0 0.0009016164767672308
456.0 0.0011310187801427674
457.0 0.0007710567842877936
458.0 0.00041109487938228995
459.0 0.0005270505425869487
460.0 0.0006430062057916075
461.0 0.0006798022695875261
462.0 0.0007165983333834447
463.0 0.0006250871592783369
464.0 0.0005335760306479642
465.0 0.0003659992898974451
466.0 0.0001984226400963962
467.0 0.0004676401204051217
468.0 0.0007368575552391121
469.0 0.0006731876055710018
470.0 0.0006095175649534212
471.0 0.0004829720637644641
472.0 0.0003564266762623447
473.0 0.0006148666670924285
474.0 0.0008733065442356747
475.0 0.0004027158411190612
476.0 1.6092434459644145e-10
477.0 0.00012788738104063668
478.0 0.00032364960134145804
479.0 0.0012586129741976038
480.0 0.0021935764380032197
481.0 0.002638163641677238
482.0 0.0030827508453512564
483.0 0.004292274024919607
484.0 0.005501797204487957
485.0 0.006672704330412671
486.0 0.007843610364943743
487.0 0.010330627992516384
488.0 0.012817642709705979
489.0 0.01565257553011179
490.0 0.0184875083505176
491.0 0.020867913553956896
492.0 0.02324831875739619
493.0 0.024884709273464978
494.0 0.026521095423959196
495.0 0.024441187269985676
496.0 0.022361279116012156
497.0 0.018722958338912576
498.0 0.01508463901700452
499.0 0.010525707330089062
500.0 0.005966779644950293
501.0 0.004091909431735985
502.0 0.002217039764218498
503.0 0.002147999475710094
504.0 0.0020789590053027496
505.0 0.0020902889446006157
506.0 0.0021016188838984817
507.0 0.0021527976059587672
508.0 0.0022039763280190527
509.0 0.0023301368855754845
510.0 0.0024562974431319162
511.0 0.001989098200283479
512.0 0.001521899139333982
513.0 0.0019262470232206397
514.0 0.0023305949071072973
515.0 0.002418209260213189
516.0 0.0025058236133190803
517.0 0.0023372680516331457
518.0 0.0021687126718461514
519.0 0.002304411100340076
520.0 0.0024401095288340002
521.0 0.002276844134030398
522.0 0.0021135787392267957
523.0 0.0018320717572350986
524.0 0.0015505647752434015
525.0 0.0019690724002430215
526.0 0.002387580207141582
527.0 0.0026175053790211678
528.0 0.0028474305509007536
529.0 0.0027280884751235135
530.0 0.002608746217447333
531.0 0.0022719417756889015
532.0 0.0019351375158294104
533.0 0.0017410047803423367
534.0 0.0015468722267542034
535.0 0.0018182199710281566
536.0 0.0020895675334031694
537.0 0.00266252645815257
538.0 0.00323548520100303
539.0 0.003914031185558997
540.0 0.004592577170114964
541.0 0.005043030978413299
542.0 0.005493485150509514
543.0 0.005289731780067086
544.0 0.005085978773422539
545.0 0.004245979653205723
546.0 0.003405980532988906
547.0 0.0026104080461664125
548.0 0.0018148357412428595
549.0 0.0016014899301808327
550.0 0.0013881440281693358
551.0 0.0015296234778361395
552.0 0.0016711026546545327
553.0 0.0016565039913984947
554.0 0.001641905510041397
555.0 0.0011820566214737482
556.0 0.0007222080057545099
557.0 0.000761847786634462
558.0 0.0008014873856154736
559.0 0.0007288575943675824
560.0 0.0006562278485944262
561.0 0.0011486882613098715
562.0 0.001641148810449522
563.0 0.0015574778444715776
564.0 0.0014738066965946928
565.0 0.00141264654303086
566.0 0.001351486389467027
567.0 0.0011427027857280336
568.0 0.0009339192729385104
569.0 0.000879999697644962
570.0 0.0008260802133008838
571.0 0.000769278994994238
572.0 0.000712477640263387
573.0 0.0006720111286995234
574.0 0.0006315445716609247
575.0 0.0006065751222195104
576.0 0.0005816055818286259
577.0 0.0004274058937880909
578.0 0.0002732062739596586
579.0 0.0004633026946976315
580.0 0.0006533992745971773
581.0 0.0005161920398677466
582.0 0.000378984805138316
583.0 0.0005658047939505195
584.0 0.0007526246463385178
585.0 0.0006725430921505904
586.0 0.000592461537962663
587.0 0.00048215642891591415
588.0 0.0003718513653439004
589.0 0.0005651656010741135
590.0 0.0007584798822790617
591.0 0.000571360214962624
592.0 0.0003842405476461863
593.0 0.0004298163730709348
594.0 0.00047539219849568326
595.0 0.0004076000550412573
596.0 0.0003398078888494638
597.0 0.000427813756687101
598.0 0.0005158196017873706
599.0 0.0004036014615849126
600.0 0.0002913834123319248
601.0 0.00036261865261622006
602.0 0.00043385393837525044
603.0 0.0003776217454287689
604.0 0.00032138957521965494
605.0 0.00027985533961327747
606.0 0.00023832108126953244
607.0 0.0002810908426909009
608.0 0.0003238605813749018
609.0 0.00041236821743950713
610.0 0.0005008758307667449
611.0 0.0005185394456930226
612.0 0.00053620296966983
613.0 0.00047917415031406563
614.0 0.0004221453764330363
615.0 0.0003415191258682171
616.0 0.0002608928753033979
617.0 0.00040569202610640787
618.0 0.0005504911314346828
619.0 0.00033588287351449253
620.0 0.00012127463833166985
621.0 9.227984492099495e-05
622.0 6.328507424768759e-05
623.0 0.00026715144940681057
624.0 0.0004710178473033011
625.0 0.0003114686933258781
626.0 0.0001519195620858227
627.0 0.00026138764042116236
628.0 0.00037085574149386957
629.0 0.0003055114348171628
630.0 0.00024016708266572095
631.0 0.00035889136142941425
632.0 0.0004776154582941672
633.0 0.0004664934294851264
634.0 0.00045537126425188035
635.0 0.0004949045433022548
636.0 0.0005344378678273642
637.0 0.0005565997525991406
638.0 0.0005787615918961819
639.0 0.0005914492248848546
640.0 0.0006041369488229975
641.0 0.0006614155154238688
642.0 0.0007186940820247401
643.0 0.0007428984190482879
644.0 0.0007671026651223656
645.0 0.0006906856015120866
646.0 0.0006142684924270725
647.0 0.0006113771178206662
648.0 0.0006084856522647897
649.0 0.0007216744506877149
650.0 0.0008348632945853751
651.0 0.000808702770882519
652.0 0.0007825420652807225
653.0 0.0008018343578442
654.0 0.0008211268323066179
655.0 0.0012885471733170561
656.0 0.0017559674233780243
657.0 0.0028325419407337904
658.0 0.003909116276190616
659.0 0.006319386011455208
660.0 0.06785197765566409
661.0 0.09935387643054128
662.0 0.08936267695389688
663.0 0.09311304311268032
664.0 0.0987503444775939
665.0 0.109296222217381
666.0 0.15957066789269447
667.0 0.20474414341151714
668.0 0.25246492587029934
669.0 0.29943434055894613
670.0 0.36796932108700275
671.0 0.6312450394034386
672.0 1.0152587667107582
673.0 1.5769094228744507
674.0 2.3244814947247505
675.0 3.2959505915641785
676.0 4.364951699972153
677.0 5.7141948491334915
678.0 7.07666203379631
679.0 8.597265183925629
680.0 10.561440885066986
681.0 12.732936441898346
682.0 15.260981023311615
683.0 18.054035305976868
684.0 20.96051722764969
685.0 23.95489066839218
686.0 26.915675401687622
687.0 30.198603868484497
688.0 33.51789712905884
689.0 37.011441588401794
690.0 40.96767008304596
691.0 45.285430550575256
692.0 50.3837525844574
693.0 55.82767128944397
694.0 61.88601851463318
695.0 67.59112477302551
696.0 73.79451394081116
697.0 79.33738827705383
698.0 84.9235475063324
699.0 89.1269326210022
700.0 92.27598905563354
701.0 94.68146562576294
702.0 96.2849497795105
703.0 97.14137315750122
704.0 97.37884998321533
705.0 97.75801301002502
706.0 97.72718548774719
707.0 97.83105254173279
708.0 97.86608219146729
709.0 97.88385033607483
710.0 97.67159223556519
711.0 97.9763388633728
712.0 97.82046675682068
713.0 97.9365885257721
714.0 97.96832799911499
715.0 98.13276529312134
716.0 97.87518382072449
717.0 98.1023907661438
718.0 98.17114472389221
719.0 98.04375767707825
720.0 98.33723306655884
721.0 98.22943806648254
722.0 97.88880348205566
723.0 97.67431020736694
724.0 97.3809540271759
725.0 97.0430314540863
726.0 96.83699607849121
727.0 96.59572839736938
728.0 96.38020992279053
729.0 96.27015590667725
730.0 96.30745649337769
731.0 96.31984233856201
732.0 96.3679850101471
733.0 96.69448733329773
734.0 97.02159762382507
735.0 97.2074031829834
736.0 97.55557179450989
737.0 97.99609780311584
738.0 98.17496538162231
739.0 98.54527115821838
740.0 98.63314032554626
741.0 98.40534329414368
742.0 98.84412288665771
743.0 98.72717261314392
744.0 98.486328125
745.0 98.47641587257385
746.0 98.48068952560425
747.0 98.70184063911438
748.0 98.66997599601746
749.0 98.41540455818176
750.0 98.47717881202698
751.0 98.38380813598633
752.0 98.28680753707886
753.0 98.46869111061096
754.0 98.44080209732056
755.0 98.49985241889954
756.0 98.5699713230133
757.0 98.5590934753418
758.0 98.63961935043335
759.0 98.6820936203003
760.0 98.59970211982727
761.0 98.56432676315308
762.0 98.62504601478577
763.0 98.5973596572876
764.0 98.47971200942993
765.0 98.41033220291138
766.0 98.45741987228394
767.0 98.23653101921082
768.0 98.2722282409668
769.0 98.24068546295166
770.0 97.98409342765808
771.0 98.0663001537323
772.0 98.05601835250854
773.0 97.88811206817627
774.0 97.67849445343018
775.0 97.77429103851318
776.0 97.69998788833618
777.0 97.79639840126038
778.0 97.82496690750122
779.0 97.96342253684998
780.0 97.89314270019531
781.0 98.23315143585205
782.0 98.117995262146
783.0 98.28108549118042
784.0 98.2903778553009
785.0 98.38712215423584
786.0 98.58073592185974
787.0 98.30304980278015
788.0 98.32702279090881
789.0 98.41035008430481
790.0 98.35876822471619
791.0 98.3593225479126
792.0 98.1889009475708
793.0 98.12785983085632
794.0 98.06739091873169
795.0 97.90065884590149
796.0 97.93787598609924
797.0 97.97353148460388
798.0 97.79583811759949
799.0 97.71304130554199
800.0 97.51113653182983
801.0 97.50162959098816
802.0 97.43677377700806
803.0 97.09746837615967
804.0 96.77534699440002
805.0 96.22529149055481
806.0 95.5590307712555
807.0 94.5787250995636
808.0 93.26821565628052
809.0 91.65218472480774
810.0 89.95369672775269
811.0 87.60554790496826
812.0 84.9445104598999
813.0 81.83568120002747
814.0 78.0577003955841
815.0 74.06507730484009
816.0 69.91432905197144
817.0 65.27630686759949
818.0 60.28759479522705
819.0 56.04127049446106
820.0 51.24897360801697
821.0 46.798816323280334
822.0 42.402392625808716
823.0 37.899792194366455
824.0 33.245885372161865
825.0 29.015624523162842
826.0 24.57178682088852
827.0 19.9304461479187
828.0 15.818268060684204
829.0 11.978773027658463
830.0 8.343753963708878
831.0 5.788730829954147
832.0 3.602387383580208
833.0 2.205982431769371
834.0 1.3134492561221123
835.0 0.7540171034634113
836.0 0.4331375937908888
837.0 0.23841981310397387
838.0 0.13336605625227094
839.0 0.13456279411911964
840.0 0.08452921756543219
841.0 0.015201453061308712
842.0 1.6092434459644145e-10
843.0 1.6092434459644145e-10
844.0 0.028121951618231833
845.0 1.6092434459644145e-10
846.0 1.6092434459644145e-10
847.0 1.6092434459644145e-10
848.0 1.6092434459644145e-10
849.0 1.6092434459644145e-10
850.0 0.011707041994668543
851.0 0.0017278745872317813
852.0 0.002676582880667411
853.0 0.001848844658525195
854.0 0.00102110689113033
855.0 0.0007306718089239439
856.0 0.00044023677219229285
857.0 0.00043844643187185284
858.0 0.00043665609155141283
859.0 0.00011118429483758518
860.0 1.6092434459644145e-10
861.0 1.6092434459644145e-10
862.0 1.6092434459644145e-10
863.0 1.6092434459644145e-10
864.0 1.6092434459644145e-10
865.0 1.6092434459644145e-10
866.0 1.6092434459644145e-10
867.0 1.6092434459644145e-10
868.0 1.6092434459644145e-10
869.0 1.6092434459644145e-10
870.0 0.00015345503925345838
871.0 0.00016244418930000393
872.0 0.0001714332483970793
873.0 0.00013941220231572515
874.0 0.00010739113349700347
875.0 1.6092434459644145e-10
876.0 1.6092434459644145e-10
877.0 1.6092434459644145e-10
878.0 1.6092434459644145e-10
879.0 1.6092434459644145e-10
880.0 1.6092434459644145e-10
881.0 3.0079149837547448e-05
882.0 0.00014600759641325567
883.0 1.6092434459644145e-10
884.0 1.6092434459644145e-10
885.0 1.6092434459644145e-10
886.0 5.0176379318145337e-05
887.0 1.6092434459644145e-10
888.0 1.6092434459644145e-10
889.0 1.6092434459644145e-10
890.0 0.00010602412885418744
891.0 2.1736502731073415e-05
892.0 1.6092434459644145e-10
893.0 1.6092434459644145e-10
894.0 1.6092434459644145e-10
895.0 1.6092434459644145e-10
