lsstCam/transmission_filter_detector/r33_s20/u_24/19700101T000000.ecsv
# %ECSV 1.0
# ---
# datatype:
# - {name: wavelength, unit: nm, datatype: float32}
# - {name: efficiency, unit: '%', datatype: float64}
# meta: !!omap
# - {MODE: DETECTOR}
# - {TYPE: transmission_filter_detector}
# - {CALIBDATE: '1970-01-01T00:00:00'}
# - {INSTRUME: LSSTCam}
# - {OBSTYPE: transmission_filter_detector}
# - {CALIBCLS: lsst.ip.isr.IntermediateFilterDetectorTransmissionCurve}
# - {SOURCE: Materion (DM-46256)}
# - {DETECTOR: 150}
# - {FILTER: u_24}
# - {CALIB_ID: 'calibDate=1970-01-01T00:00:00 filter=u_24 detector=150'}
# - {DATE: '2025-04-02T15:59:40.445123'}
# - {CALIB_CREATION_DATE: '2025-04-02'}
# - {CALIB_CREATION_TIME: '15:59:40'}
# - __serialized_columns__:
#     efficiency:
#       __class__: astropy.units.quantity.Quantity
#       unit: !astropy.units.Unit {unit: '%'}
#       value: !astropy.table.SerializedColumn {name: efficiency}
#     wavelength:
#       __class__: astropy.units.quantity.Quantity
#       unit: !astropy.units.Unit {unit: nm}
#       value: !astropy.table.SerializedColumn {name: wavelength}
# schema: astropy-2.0
wavelength efficiency
[from data line 581]
876.0 0.0022970840291236527
877.0 0.0025855628337012604
878.0 0.0028740418201778084
879.0 0.002876368125726003
880.0 0.0028786946131731384
881.0 0.00283655335806543
882.0 0.002794412284856662
883.0 0.0027341042368789203
884.0 0.002673796007002238
885.0 0.0027275822503725067
886.0 0.002781368493742775
887.0 0.002570820834080223
888.0 0.002360273174417671
889.0 0.0025490180632914416
890.0 0.0027377625883673318
891.0 0.0028467702577472664
892.0 0.0029557775633293204
893.0 0.003101945185335353
894.0 0.0032481122616445646
895.0 0.0032601663406239823
896.0 0.0032722204196034
897.0 0.003367012322996743
898.0 0.003461804226390086
899.0 0.003368762554600835
900.0 0.0032757212466094643
901.0 0.003748387098312378
902.0 0.004221053313813172
903.0 0.004461835487745702
904.0 0.004702618025476113
905.0 0.004826964868698269
906.0 0.004951310984324664
907.0 0.005115800377097912
908.0 0.005280290133669041
909.0 0.005373721069190651
910.0 0.005467152368510142
911.0 0.0055193817388499156
912.0 0.005571611109189689
913.0 0.005485245856107213
914.0 0.005398880603024736
915.0 0.004952190647600219
916.0 0.004505500692175701
917.0 0.004497018380789086
918.0 0.0044885357056045905
919.0 0.0046071272663539276
920.0 0.004725718827103265
921.0 0.004742939563584514
922.0 0.004760160300065763
923.0 0.004928795533487573
924.0 0.005097430766909383
925.0 0.0054793330491520464
926.0 0.00586123569519259
927.0 0.006229898281162605
928.0 0.006598560867132619
929.0 0.006856440450064838
930.0 0.00711432148818858
931.0 0.00706827559042722
932.0 0.0070222304202616215
933.0 0.00735677604097873
934.0 0.0076913209341000766
935.0 0.007590245513711125
936.0 0.007489169365726411
937.0 0.0070972106186673045
938.0 0.006705251144012436
939.0 0.006625654350500554
940.0 0.006546056101797149
941.0 0.0058616202295525
942.0 0.005177184721105732
943.0 0.004667113898904063
944.0 0.004157042712904513
945.0 0.003575577648007311
946.0 0.0029941122193122283
947.0 0.0025405735868844204
948.0 0.002087034226860851
949.0 0.0017979740732698701
950.0 0.0015089135558810085
951.0 0.0015304058251786046
952.0 0.0015518980944762006
953.0 0.0016761872757342644
954.0 0.0018004766388912685
955.0 0.0019865416106767952
956.0 0.002172606582462322
957.0 0.002124352249666117
958.0 0.0020760980987688527
959.0 0.0024895321985241026
960.0 0.0029029662982793525
961.0 0.003414182356209494
962.0 0.003925398414139636
963.0 0.004079319478478283
964.0 0.00423324090661481
965.0 0.00450559236924164
966.0 0.004777943468070589
967.0 0.004629536852007732
968.0 0.004481129872146994
969.0 0.004685052044806071
970.0 0.004888974217465147
971.0 0.00483788680867292
972.0 0.004786799036082812
973.0 0.004622262713382952
974.0 0.004457726754480973
975.0 0.00442494529124815
976.0 0.004392164191813208
977.0 0.003901893796864897
978.0 0.003411623401916586
979.0 0.0031878538720775396
980.0 0.0029640845241374336
981.0 0.0028978216505493037
982.0 0.0028315591407590546
983.0 0.002729523475863971
984.0 0.0026274881747667678
985.0 0.002878353734558914
986.0 0.003129219840047881
987.0 0.003413283047848381
988.0 0.0036973458918510005
989.0 0.00424887657572981
990.0 0.004800407259608619
991.0 0.00527320516994223
992.0 0.005746003444073722
993.0 0.006222225056262687
994.0 0.006698446668451652
995.0 0.00685537452227436
996.0 0.00701230310369283
997.0 0.006847072654636577
998.0 0.006681842933176085
999.0 0.00645966938463971
1000.0 0.006237495836103335
1001.0 0.006066979040042497
1002.0 0.00589646260777954
1003.0 0.005687048542313278
1004.0 0.005477634476847015
1005.0 0.005483191489474848
1006.0 0.0054887481383048
1007.0 0.005102269642520696
1008.0 0.004715791510534473
1009.0 0.0044665110181085765
1010.0 0.004217230889480561
1011.0 0.0038162379496498033
1012.0 0.003415244646021165
1013.0 0.0029887480195611715
1014.0 0.0025622512112022378
1015.0 0.0022066524252295494
1016.0 0.0018510538211558014
1017.0 0.0016242469428107142
1018.0 0.0013974401554150973
1019.0 0.001466923004045384
1020.0 0.0015364057617262006
1021.0 0.0014077711966820061
1022.0 0.001279136813536752
1023.0 0.0012570185390359256
1024.0 0.001234900173585629
1025.0 0.0013102113371132873
1026.0 0.0013855225006409455
1027.0 0.0014126181667961646
1028.0 0.0014397138329513837
1029.0 0.0017240872693946585
1030.0 0.0020084611605852842
1031.0 0.00188808589882683
1032.0 0.0017677110008662567
1033.0 0.001841306766436901
1034.0 0.0019149025320075452
1035.0 0.001908446938614361
1036.0 0.0019019913452211767
1037.0 0.0020018032955704257
1038.0 0.0021016152459196746
1039.0 0.0018772147086565383
1040.0 0.001652814171393402
1041.0 0.0016821304598124698
1042.0 0.0017114467482315376
1043.0 0.001709130810922943
1044.0 0.0017068146917154081
1045.0 0.0016464566215290688
1046.0 0.0015860981875448488
1047.0 0.0019772272935369983
1048.0 0.002368356399529148
1049.0 0.0021311818272806704
1050.0 0.0018940068912343122
1051.0 0.0017684460544842295
1052.0 0.0016428848539362662
1053.0 0.0013642419617099222
1054.0 0.0010855991604330484
1055.0 0.0011192112651770003
1056.0 0.0011528231880220119
1057.0 0.0007095552973623853
1058.0 0.00026628761133906664
1059.0 0.0009912569112202618
1060.0 0.0017162263247882947
1061.0 0.001370302288705716
1062.0 0.001024378161673667
1063.0 0.0009526415851723868
1064.0 0.0008809050086711068
1065.0 0.0009425109055882785
1066.0 0.0010041169844043907
1067.0 0.0011964623809035402
1068.0 0.0013888078683521599
1069.0 0.001730042822600808
1070.0 0.0020712779587483965
1071.0 0.0023573669750476256
1072.0 0.0026434559913468547
1073.0 0.0027977946956525557
1074.0 0.0029521333999582566
1075.0 0.0027527972633833997
1076.0 0.0025534611268085428
1077.0 0.0028070193366147578
1078.0 0.003060577728319913
1079.0 0.0036131092201685533
1080.0 0.0041656407120171934
1081.0 0.004657316821976565
1082.0 0.005148992204340175
1083.0 0.004283707312424667
1084.0 0.003418421692913398
1085.0 0.0042954554373864084
1086.0 0.005172489181859419
1087.0 0.004569735756376758
1088.0 0.00396698342228774
1089.0 0.003979678513132967
1090.0 0.003992374331573956
1091.0 0.004108191569685005
1092.0 0.004224008807796054
1093.0 0.003934272172045894
1094.0 0.003644535900093615
1095.0 0.0041580464312573895
1096.0 0.004671556962421164
1097.0 0.00425290381826926
1098.0 0.0038342506741173565
1099.0 0.005085492375656031
1100.0 0.006336734077194706
