lsstCam/transmission_filter_detector/r33_s20/u_24/19700101T000000.ecsv
# %ECSV 1.0
# ---
# datatype:
# - {name: wavelength, unit: nm, datatype: float32}
# - {name: efficiency, unit: '%', datatype: float64}
# meta: !!omap
# - {MODE: DETECTOR}
# - {TYPE: transmission_filter_detector}
# - {CALIBDATE: '1970-01-01T00:00:00'}
# - {INSTRUME: LSSTCam}
# - {OBSTYPE: transmission_filter_detector}
# - {CALIBCLS: lsst.ip.isr.IntermediateFilterDetectorTransmissionCurve}
# - {SOURCE: Materion (DM-46256)}
# - {DETECTOR: 150}
# - {FILTER: u_24}
# - {CALIB_ID: 'calibDate=1970-01-01T00:00:00 filter=u_24 detector=150'}
# - {DATE: '2025-04-02T15:59:40.445123'}
# - {CALIB_CREATION_DATE: '2025-04-02'}
# - {CALIB_CREATION_TIME: '15:59:40'}
# - __serialized_columns__:
#     efficiency:
#       __class__: astropy.units.quantity.Quantity
#       unit: !astropy.units.Unit {unit: '%'}
#       value: !astropy.table.SerializedColumn {name: efficiency}
#     wavelength:
#       __class__: astropy.units.quantity.Quantity
#       unit: !astropy.units.Unit {unit: nm}
#       value: !astropy.table.SerializedColumn {name: wavelength}
# schema: astropy-2.0
wavelength efficiency
295.0 1.5979801032753316e-10
296.0 1.5979801032753316e-10
297.0 1.5979801032753316e-10
298.0 1.5979801032753316e-10
299.0 1.5979801032753316e-10
300.0 1.5979801032753316e-10
301.0 0.07831971743144095
302.0 0.06753685302101076
303.0 0.012608493852894753
304.0 0.43720370158553123
305.0 0.40183509700000286
306.0 1.9614875316619873
307.0 3.0847085639834404
308.0 5.145202204585075
309.0 8.209024369716644
310.0 11.731460690498352
311.0 15.23607075214386
312.0 19.018110632896423
313.0 22.298549115657806
314.0 25.17944872379303
315.0 27.845510840415955
316.0 29.970186948776245
317.0 32.442834973335266
318.0 35.120123624801636
319.0 38.69422674179077
320.0 43.93339157104492
321.0 49.19620454311371
322.0 55.31960129737854
323.0 60.80382466316223
324.0 65.58034420013428
325.0 68.76923441886902
326.0 71.32313847541809
327.0 73.2006311416626
328.0 74.98968243598938
329.0 76.26940608024597
330.0 77.7173399925232
331.0 78.5868227481842
332.0 78.86748313903809
333.0 79.0249764919281
334.0 78.91266942024231
335.0 79.04985547065735
336.0 79.23595309257507
337.0 79.69474196434021
338.0 80.51262497901917
339.0 81.14784955978394
340.0 81.65982365608215
341.0 82.08391070365906
342.0 82.38852620124817
343.0 82.36596584320068
344.0 82.60329365730286
345.0 82.90388584136963
346.0 83.23433995246887
347.0 83.48714709281921
348.0 83.76489877700806
349.0 84.0433120727539
350.0 84.16740894317627
351.0 84.30899977684021
352.0 84.14166569709778
353.0 84.16670560836792
354.0 84.02978181838989
355.0 84.25111770629883
356.0 84.4351053237915
357.0 84.37194228172302
358.0 84.03651714324951
359.0 83.83679986000061
360.0 83.72460007667542
361.0 83.40446352958679
362.0 83.25543403625488
363.0 83.35790634155273
364.0 83.49420428276062
365.0 83.79265666007996
366.0 83.92807841300964
367.0 84.10775661468506
368.0 84.02606248855591
369.0 84.06282663345337
370.0 83.82541537284851
371.0 83.65156650543213
372.0 83.6529552936554
373.0 83.75558853149414
374.0 83.78562927246094
375.0 84.11660194396973
376.0 84.18680429458618
377.0 84.257572889328
378.0 84.38625931739807
379.0 84.08090472221375
380.0 83.4396243095398
381.0 82.17533826828003
382.0 80.42415380477905
383.0 78.4641444683075
384.0 76.39684081077576
385.0 73.99940490722656
386.0 71.6130256652832
387.0 68.37663054466248
388.0 65.06829261779785
389.0 61.189115047454834
390.0 57.15080499649048
391.0 52.93186902999878
392.0 48.42028021812439
393.0 44.540223479270935
394.0 41.25061333179474
395.0 37.88270354270935
396.0 34.339916706085205
397.0 29.742610454559326
398.0 24.383625388145447
399.0 17.77951270341873
400.0 11.51084154844284
401.0 6.587567925453186
402.0 2.9860613867640495
403.0 1.0068945586681366
404.0 0.2827256452292204
405.0 0.128367287106812
406.0 0.0715040776412934
407.0 0.04914036253467202
408.0 0.019603484543040395
409.0 1.5979801032753316e-10
410.0 1.5979801032753316e-10
411.0 1.5979801032753316e-10
412.0 1.5979801032753316e-10
413.0 0.008240445458795875
414.0 1.5979801032753316e-10
415.0 1.5979801032753316e-10
416.0 1.5979801032753316e-10
417.0 1.5979801032753316e-10
418.0 1.5979801032753316e-10
419.0 1.5979801032753316e-10
420.0 1.5979801032753316e-10
421.0 1.5979801032753316e-10
422.0 1.5979801032753316e-10
423.0 1.5979801032753316e-10
424.0 1.5979801032753316e-10
425.0 1.5979801032753316e-10
426.0 0.0011999313755950425
427.0 4.4957110389987065e-05
428.0 1.5979801032753316e-10
429.0 1.5979801032753316e-10
430.0 1.5979801032753316e-10
431.0 1.5979801032753316e-10
432.0 1.5979801032753316e-10
433.0 1.5979801032753316e-10
434.0 1.5979801032753316e-10
435.0 1.5979801032753316e-10
436.0 1.5979801032753316e-10
437.0 1.5979801032753316e-10
438.0 1.5979801032753316e-10
439.0 1.5979801032753316e-10
440.0 1.5979801032753316e-10
441.0 1.5979801032753316e-10
442.0 1.5979801032753316e-10
443.0 1.5979801032753316e-10
444.0 0.00014467145774688106
445.0 1.5979801032753316e-10
446.0 1.5979801032753316e-10
447.0 1.5979801032753316e-10
448.0 1.5979801032753316e-10
449.0 1.5979801032753316e-10
450.0 1.5979801032753316e-10
451.0 1.5979801032753316e-10
452.0 1.5979801032753316e-10
453.0 1.5979801032753316e-10
454.0 1.5979801032753316e-10
455.0 1.5979801032753316e-10
456.0 1.5979801032753316e-10
457.0 0.00025872716378216865
458.0 0.0005815188615088118
459.0 0.0001356199959445803
460.0 1.5979801032753316e-10
461.0 1.5979801032753316e-10
462.0 1.5979801032753316e-10
463.0 1.5979801032753316e-10
464.0 0.00018986980876434245
465.0 1.5979801032753316e-10
466.0 1.5979801032753316e-10
467.0 1.5979801032753316e-10
468.0 1.5979801032753316e-10
469.0 1.5979801032753316e-10
470.0 1.5979801032753316e-10
471.0 1.5979801032753316e-10
472.0 1.5979801032753316e-10
473.0 1.5979801032753316e-10
474.0 1.5979801032753316e-10
475.0 1.5979801032753316e-10
476.0 1.5979801032753316e-10
477.0 1.5979801032753316e-10
478.0 1.5979801032753316e-10
479.0 1.5979801032753316e-10
480.0 0.00010275952035954106
481.0 7.66466996537929e-05
482.0 5.053390736975416e-05
483.0 9.940551990439417e-05
484.0 0.0001482770016991708
485.0 5.684918846782239e-05
486.0 1.5979801032753316e-10
487.0 1.5979801032753316e-10
488.0 1.5979801032753316e-10
489.0 1.5979801032753316e-10
490.0 1.5979801032753316e-10
491.0 1.5979801032753316e-10
492.0 0.00018462270645613899
493.0 1.5979801032753316e-10
494.0 1.5979801032753316e-10
495.0 1.5979801032753316e-10
496.0 1.5979801032753316e-10
497.0 1.5979801032753316e-10
498.0 1.5979801032753316e-10
499.0 1.5979801032753316e-10
500.0 1.5979801032753316e-10
501.0 1.5979801032753316e-10
502.0 1.5979801032753316e-10
503.0 1.5979801032753316e-10
504.0 0.00035056907563557616
505.0 1.5979801032753316e-10
506.0 1.5979801032753316e-10
507.0 1.5979801032753316e-10
508.0 1.5979801032753316e-10
509.0 1.5979801032753316e-10
510.0 1.5979801032753316e-10
511.0 1.5979801032753316e-10
512.0 1.5979801032753316e-10
513.0 1.5979801032753316e-10
514.0 0.0001374037651658
515.0 0.00016075665598691558
516.0 0.00018410954680803115
517.0 1.5979801032753316e-10
518.0 1.5979801032753316e-10
519.0 1.5979801032753316e-10
520.0 1.5979801032753316e-10
521.0 1.5979801032753316e-10
522.0 1.5979801032753316e-10
523.0 1.5979801032753316e-10
524.0 1.5979801032753316e-10
525.0 1.5979801032753316e-10
526.0 1.5979801032753316e-10
527.0 1.5979801032753316e-10
528.0 1.5979801032753316e-10
529.0 1.5979801032753316e-10
530.0 0.00012030720881739398
531.0 1.5979801032753316e-10
532.0 1.5979801032753316e-10
533.0 1.5979801032753316e-10
534.0 8.512229783264047e-05
535.0 0.00013023430938119418
536.0 0.0001753463948261924
537.0 1.5979801032753316e-10
538.0 1.5979801032753316e-10
539.0 1.5979801032753316e-10
540.0 1.5979801032753316e-10
541.0 1.5979801032753316e-10
542.0 1.5979801032753316e-10
543.0 1.5979801032753316e-10
544.0 1.6545165237857873e-05
545.0 0.00017315064724243712
546.0 0.0003297560624559992
547.0 0.00014069551070861053
548.0 1.5979801032753316e-10
549.0 1.5979801032753316e-10
550.0 1.5979801032753316e-10
551.0 1.5979801032753316e-10
552.0 1.5979801032753316e-10
553.0 1.5979801032753316e-10
554.0 1.5979801032753316e-10
555.0 1.5979801032753316e-10
556.0 9.105043545787339e-05
557.0 6.154057814455882e-05
558.0 3.203066114565445e-05
559.0 7.617405231030716e-05
560.0 0.00012031746337015647
561.0 1.5979801032753316e-10
562.0 1.5979801032753316e-10
563.0 0.00011618739108598675
564.0 0.0003569414047888131
565.0 1.5979801032753316e-10
566.0 1.5979801032753316e-10
567.0 1.5979801032753316e-10
568.0 1.5979801032753316e-10
569.0 7.750284680696495e-05
570.0 0.00020620057057385566
571.0 0.00020020534066134132
572.0 0.00019421008801145945
573.0 0.00019409974356676685
574.0 0.00019398939912207425
575.0 0.00011967430282311398
576.0 4.5359206524153706e-05
577.0 0.0001423253365828714
578.0 0.00023929142116685398
579.0 0.0004460930540517438
580.0 0.0006528946869366337
581.0 0.0007787789400026668
582.0 0.0009046632840181701
583.0 0.0009900873010337818
584.0 0.0010755112270999234
585.0 0.000963335969572654
586.0 0.0008511608939443249
587.0 0.0007140287380025256
588.0 0.0005768965365859913
589.0 0.0005988653356325813
590.0 0.0006208342256286414
591.0 0.0008086334673862439
592.0 0.0009964327546185814
593.0 0.0007562585778941866
594.0 0.0005160845375939971
595.0 0.000744559520171606
596.0 0.00097303454822395
597.0 0.0011531426025612745
598.0 0.0013332502931007184
599.0 0.001577658076712396
600.0 0.0018220658603240736
601.0 0.002149459032807499
602.0 0.0024768522052909248
603.0 0.0024006016246858053
604.0 0.002324351225979626
605.0 0.0020342848074506037
606.0 0.0017442183889215812
607.0 0.0013558472346630879
608.0 0.0009674758985056542
609.0 0.0009969403436116409
610.0 0.0010264047887176275
611.0 0.0006868555374239804
612.0 0.0003473062633929658
613.0 0.00048014449021138716
614.0 0.000612982694292441
615.0 0.000535703293280676
616.0 0.000458423892268911
617.0 0.0005214489192439942
618.0 0.0005844738097948721
619.0 0.0006273802227951819
620.0 0.0006702864993712865
621.0 0.000538741733180359
622.0 0.00040719696698943153
623.0 0.0004567545147438068
624.0 0.0005063121079729171
625.0 0.0006224896424100734
626.0 0.0007386672677966999
627.0 0.0007297355296032038
628.0 0.0007208038823591778
629.0 0.0009680170478532091
630.0 0.0012152303497714456
631.0 0.001421255547029432
632.0 0.0016272808352368884
633.0 0.0021127645595697686
634.0 0.002598248465801589
635.0 0.0026384213924757205
636.0 0.002678594319149852
637.0 0.0025217745132977143
638.0 0.002364954707445577
639.0 0.0022263395294430666
640.0 0.0020877243514405563
641.0 0.001961310590559151
642.0 0.001834897011576686
643.0 0.001318579052167479
644.0 0.0008022613656066824
645.0 0.0004133227776037529
646.0 2.438417254779779e-05
647.0 2.3676946625528217e-05
648.0 2.296971501891676e-05
649.0 0.00012475987887228257
650.0 0.0002265500370413065
651.0 0.0005429017619462684
652.0 0.0008592535778007004
653.0 0.000884240580489859
654.0 0.0009092276741284877
655.0 0.0013093279449094553
656.0 0.0017094282156904228
657.0 0.0021887179173063487
658.0 0.002668007437023334
659.0 0.0029705393899348564
660.0 0.0032730713428463787
661.0 0.0031728046451462433
662.0 0.003072537583648227
663.0 0.002683284583326895
664.0 0.002294031401106622
665.0 0.0019143772078678012
666.0 0.00153472283273004
667.0 0.0015061201338539831
668.0 0.0014775173440284561
669.0 0.0011875009477080312
670.0 0.0008974846423370764
671.0 0.0007211193405964877
672.0 0.0005447540843306342
673.0 0.0005690577836503508
674.0 0.0005933616193942726
675.0 0.0008145101674017496
676.0 0.0010356587154092267
677.0 0.001254449125553947
678.0 0.0014732396266481373
679.0 0.002094360752380453
680.0 0.0027154821509611793
681.0 0.0038739566662115976
682.0 0.005032430635765195
683.0 0.006550610851263627
684.0 0.008068790339166299
685.0 0.008710711699677631
686.0 0.009352633787784725
687.0 0.008590056677348912
688.0 0.007827481749700382
689.0 0.006880204455228522
690.0 0.005932927524554543
691.0 0.00500872301927302
692.0 0.004084518877789378
693.0 0.003295582428108901
694.0 0.0025066461603273638
695.0 0.0019480165065033361
696.0 0.0013893870345782489
697.0 0.001223493745783344
698.0 0.0010576003660389688
699.0 0.0008407281711697578
700.0 0.0006238558853510767
701.0 0.0007371768788289046
702.0 0.0008504978723067325
703.0 0.0006833200586697785
704.0 0.0005161421540833544
705.0 0.0006618943189096171
706.0 0.0008076465746853501
707.0 0.000865145557327196
708.0 0.0009226445399690419
709.0 0.0008731429261388257
710.0 0.0008236414032580797
711.0 0.0007684953743591905
712.0 0.0007133493454603013
713.0 0.0006301479515968822
714.0 0.0005469467396324035
715.0 0.0004889581759925932
716.0 0.00043096970330225304
717.0 0.0005095584128866903
718.0 0.0005881469860469224
719.0 0.0005613897883449681
720.0 0.000534632681592484
721.0 0.0002995514023496071
722.0 6.447016858146526e-05
723.0 0.00012375759297356126
724.0 0.00018304509694644366
725.0 0.00015218946600725758
726.0 0.00012133380096202018
727.0 0.00019963756585639203
728.0 0.00027794121706392616
729.0 0.0001780247657734435
730.0 7.810828037690953e-05
731.0 0.00018882934682551422
732.0 0.00029955047011753777
733.0 0.0004162754521530587
734.0 0.0005330004569259472
735.0 0.00048359197535319254
736.0 0.00043418344830570277
737.0 0.00037374002204160206
738.0 0.0003132966185148689
739.0 0.00039517972254543565
740.0 0.00047706294026284013
741.0 0.0009226971997122746
742.0 0.001368331413686974
743.0 0.0019079525372944772
744.0 0.00244757338805357
745.0 0.002933034375018906
746.0 0.0034184951800853014
747.0 0.0035105116694467142
748.0 0.003602528158808127
749.0 0.0036688255931949243
750.0 0.0037351230275817215
751.0 0.003563845530152321
752.0 0.0033925676689250395
753.0 0.0032731528335716575
754.0 0.0031537379982182756
755.0 0.002931921153503936
756.0 0.0027101046725874767
757.0 0.0023692256945651025
758.0 0.0020283467165427282
759.0 0.0017001146261463873
760.0 0.0013718827176489867
761.0 0.0011119015653093811
762.0 0.000851920685818186
763.0 0.0006440030574594857
764.0 0.0004360854745755205
765.0 0.0004098609679203946
766.0 0.00038363641579053365
767.0 0.0004917477781418711
768.0 0.0005998591404932085
769.0 0.0006736632258252939
770.0 0.0007474673111573793
771.0 0.0007706194992351811
772.0 0.0007937717782624532
773.0 0.000789645218901569
774.0 0.0007855186595406849
775.0 0.0006866641797387274
776.0 0.0005878097908862401
777.0 0.0006661405222985195
778.0 0.0007444712082360638
779.0 0.0008696066288393922
780.0 0.0009947420949174557
781.0 0.0010765564184112009
782.0 0.0011583705600060057
783.0 0.0010541168194322381
784.0 0.0009498631698079407
785.0 0.0011843096217489801
786.0 0.0014187560736900195
787.0 0.001177953072328819
788.0 0.0009371499800181482
789.0 0.001032563523040153
790.0 0.001127977066062158
791.0 0.0009112717634707224
792.0 0.0006945665518287569
793.0 0.0007471981916751247
794.0 0.0007998298315214925
795.0 0.0007154077593440888
796.0 0.0006309856416919501
797.0 0.0005555038114835043
798.0 0.00048002202674979344
799.0 0.00034499744288041256
800.0 0.00020997294996050186
801.0 3.067009686219535e-05
802.0 1.5979801032753316e-10
803.0 1.5979801032753316e-10
804.0 1.5979801032753316e-10
805.0 1.5979801032753316e-10
806.0 3.554196439381485e-05
807.0 0.00017542522527946858
808.0 0.00031530844353255816
809.0 0.00021686105355911423
810.0 0.00011841359537356766
811.0 0.00020607114947779337
812.0 0.0002937287263193866
813.0 0.00011081639286203426
814.0 1.5979801032753316e-10
815.0 2.6882423753704643e-05
816.0 0.0001258607767340436
817.0 0.00016613095112916199
818.0 0.00020640115963033168
819.0 0.0002406563908152748
820.0 0.00027491164473758545
821.0 0.0001354694632027531
822.0 1.5979801032753316e-10
823.0 1.5219774240904371e-05
824.0 3.44125254514438e-05
825.0 0.00012281185490792268
826.0 0.00021121111331012798
827.0 1.7919511208219774e-06
828.0 1.5979801032753316e-10
829.0 1.5979801032753316e-10
830.0 1.5979801032753316e-10
831.0 1.5979801032753316e-10
832.0 1.5979801032753316e-10
833.0 2.1600568445023782e-06
834.0 0.00014351619483932154
835.0 0.0001363332330583944
836.0 0.0001291502144340484
837.0 6.546298436660436e-05
838.0 1.7756706327531901e-06
839.0 1.5979801032753316e-10
840.0 1.5979801032753316e-10
841.0 1.5979801032753316e-10
842.0 1.5979801032753316e-10
843.0 1.5979801032753316e-10
844.0 1.5979801032753316e-10
845.0 1.5979801032753316e-10
846.0 0.0001169087340713304
847.0 4.8835892130227876e-05
848.0 1.5979801032753316e-10
849.0 0.00011646181974356296
850.0 0.0002521605210858979
851.0 0.0001962023134183255
852.0 0.00014024403753865045
853.0 2.774227141344454e-05
854.0 1.5979801032753316e-10
855.0 0.0002880855163311935
856.0 0.0006609305728488835
857.0 0.0006291488716669846
858.0 0.0005973673069092911
859.0 0.000599248414800968
860.0 0.0006011294772179099
861.0 0.0007731661753496155
862.0 0.0009452028280065861
863.0 0.0011556053323147353
864.0 0.0013660079275723547
865.0 0.001135930961027043
866.0 0.0009058539944817312
867.0 0.0012565768884087447
868.0 0.0016072996004368179
869.0 0.0015681183867854998
870.0 0.0015289371731341816
871.0 0.0016051155398599803
872.0 0.001681293906585779
873.0 0.002286753624503035
874.0 0.002892213342420291
