lsstCam/transmission_filter_detector/r33_s20/i_39/19700101T000000.ecsv
# %ECSV 1.0
# ---
# datatype:
# - {name: wavelength, unit: nm, datatype: float32}
# - {name: efficiency, unit: '%', datatype: float64}
# meta: !!omap
# - {MODE: DETECTOR}
# - {TYPE: transmission_filter_detector}
# - {CALIBDATE: '1970-01-01T00:00:00'}
# - {INSTRUME: LSSTCam}
# - {OBSTYPE: transmission_filter_detector}
# - {CALIBCLS: lsst.ip.isr.IntermediateFilterDetectorTransmissionCurve}
# - {SOURCE: Materion (DM-46256)}
# - {DETECTOR: 150}
# - {FILTER: i_39}
# - {CALIB_ID: 'calibDate=1970-01-01T00:00:00 filter=i_39 detector=150'}
# - {DATE: '2025-04-02T15:59:47.173958'}
# - {CALIB_CREATION_DATE: '2025-04-02'}
# - {CALIB_CREATION_TIME: '15:59:47'}
# - __serialized_columns__:
#     efficiency:
#       __class__: astropy.units.quantity.Quantity
#       unit: !astropy.units.Unit {unit: '%'}
#       value: !astropy.table.SerializedColumn {name: efficiency}
#     wavelength:
#       __class__: astropy.units.quantity.Quantity
#       unit: !astropy.units.Unit {unit: nm}
#       value: !astropy.table.SerializedColumn {name: wavelength}
# schema: astropy-2.0
wavelength efficiency
300.0 0.015419103146996349
301.0 0.017855803889688104
302.0 0.020292522094678134
303.0 0.01568979787407443
304.0 0.011087080201832578
305.0 0.017717189621180296
306.0 0.024347298312932253
307.0 0.022623836412094533
308.0 0.020900368690490723
309.0 0.010593065235298127
310.0 0.0002857619847418391
311.0 1.5979801032753316e-10
312.0 1.5979801032753316e-10
313.0 1.5979801032753316e-10
314.0 1.5979801032753316e-10
315.0 1.5979801032753316e-10
316.0 0.002984751517942641
317.0 0.0005610580501524964
318.0 1.5979801032753316e-10
319.0 0.0007690323400311172
320.0 0.003400696732569486
321.0 0.0007611043656652328
322.0 1.5979801032753316e-10
323.0 0.0004045490641146898
324.0 0.002687586675165221
325.0 0.000880550669535296
326.0 1.5979801032753316e-10
327.0 1.5979801032753316e-10
328.0 1.5979801032753316e-10
329.0 0.000585662382945884
330.0 0.0014294912034529261
331.0 0.0019481625713524409
332.0 0.002466833029757254
333.0 0.0013704857337870635
334.0 0.0002741386424531811
335.0 0.00038421590033976827
336.0 0.0004942924078932265
337.0 0.0010327303243684582
338.0 0.001571168286318425
339.0 0.001056769451679429
340.0 0.0005423708444141084
341.0 1.5979801032753316e-10
342.0 1.5979801032753316e-10
343.0 1.5979801032753316e-10
344.0 2.3756777522976336e-05
345.0 0.0009547024092171341
346.0 0.001885648089228198
347.0 0.00045469751057680696
348.0 1.5979801032753316e-10
349.0 1.5979801032753316e-10
350.0 0.00042308474803576246
351.0 1.5979801032753316e-10
352.0 1.5979801032753316e-10
353.0 1.5979801032753316e-10
354.0 1.5979801032753316e-10
355.0 0.0005090494141768431
356.0 0.0012068946489307564
357.0 0.0002024322157012648
358.0 1.5979801032753316e-10
359.0 1.5979801032753316e-10
360.0 0.0007244398148031905
361.0 1.5979801032753316e-10
362.0 1.5979801032753316e-10
363.0 1.5979801032753316e-10
364.0 1.5979801032753316e-10
365.0 1.5979801032753316e-10
366.0 9.760900638866588e-05
367.0 5.353480148073686e-06
368.0 1.5979801032753316e-10
369.0 1.5979801032753316e-10
370.0 1.5979801032753316e-10
371.0 1.5979801032753316e-10
372.0 1.5979801032753316e-10
373.0 0.00011865046189996065
374.0 0.00047056705625436734
375.0 0.0004898740371572785
376.0 0.0005091811544843949
377.0 0.0008035030077735428
378.0 0.0010978247701132204
379.0 0.0008934269317251164
380.0 0.0006890290023875423
381.0 0.0001831713916544686
382.0 1.5979801032753316e-10
383.0 1.5979801032753316e-10
384.0 1.5979801032753316e-10
385.0 1.5979801032753316e-10
386.0 0.00032919288059929386
387.0 1.5979801032753316e-10
388.0 1.5979801032753316e-10
389.0 1.5979801032753316e-10
390.0 1.5979801032753316e-10
391.0 1.5979801032753316e-10
392.0 1.5979801032753316e-10
393.0 1.5979801032753316e-10
394.0 1.5979801032753316e-10
395.0 5.51644063762069e-05
396.0 0.0002258438598801149
397.0 0.0002771759454844869
398.0 0.0003285079174020211
399.0 0.001043350675900001
400.0 0.0017581933207111433
401.0 0.001729013820295222
402.0 0.0016998335922835395
403.0 0.0022740752683603205
404.0 0.00284831621684134
405.0 0.0020213497919030488
406.0 0.001194383094116347
407.0 0.0030201261324691586
408.0 0.00484586889797356
409.0 0.004852882193517871
410.0 0.0048598943976685405
411.0 0.0038818438042653725
412.0 0.0029037932108622044
413.0 0.004525480471784249
414.0 0.006147167005110532
415.0 0.005161592707736418
416.0 0.004176017682766542
417.0 0.005313558358466253
418.0 0.006451098306570202
419.0 0.004025997259304859
420.0 0.0016008953025448136
421.0 0.002480909097357653
422.0 0.003360922710271552
423.0 0.003570105036487803
424.0 0.003779286998906173
425.0 0.00462177449662704
426.0 0.005464261994347908
427.0 0.005164568938198499
428.0 0.004864876245846972
429.0 0.003596664100768976
430.0 0.0023284521375899203
431.0 0.0028095206289435737
432.0 0.0032905889383982867
433.0 0.002762890471785795
434.0 0.002235192005173303
435.0 0.001841844459704589
436.0 0.001448496914235875
437.0 0.0016275380403385498
438.0 0.0018065791664412245
439.0 0.0015820678527234122
440.0 0.00135755662995507
441.0 0.0010939621461147908
442.0 0.0008303677532239817
443.0 0.00112818843263085
444.0 0.0014260090210882481
445.0 0.0007761397682770621
446.0 0.00012627029946088442
447.0 0.00041794842218223494
448.0 0.0007096265562722692
449.0 0.0006457718882302288
450.0 0.000581917038289248
451.0 0.0008280188012577128
452.0 0.0010741206097009126
453.0 0.0009135197615250945
454.0 0.0007529190497734817
455.0 0.0008651956704852637
456.0 0.0009774722457223106
457.0 0.0004826473286811961
458.0 1.5979801032753316e-10
459.0 0.00033654612252576044
460.0 0.0006852702426840551
461.0 0.0004214575255900854
462.0 0.00015764487670821836
463.0 0.00023656009489059215
464.0 0.00031547535854770103
465.0 0.00017718549543133122
466.0 3.889581421390176e-05
467.0 0.0003075358563364716
468.0 0.0005761758984590415
469.0 0.0005552873517444823
470.0 0.0005343989414541284
471.0 0.00041677126318973023
472.0 0.00029914390324847773
473.0 0.000249148524744669
474.0 0.0001991532371903304
475.0 4.535606024091976e-05
476.0 1.5979801032753316e-10
477.0 0.0003659874892036896
478.0 0.0008404162144870497
479.0 0.0008694550160726067
480.0 0.000898493999557104
481.0 0.001235212585015688
482.0 0.0015719311704742722
483.0 0.002766693796729669
484.0 0.003961456241086125
485.0 0.005103316652821377
486.0 0.006245175609365106
487.0 0.008764911763137206
488.0 0.011284646461717784
489.0 0.014380596985574812
490.0 0.01747654750943184
491.0 0.02087280881823972
492.0 0.024269073037430644
493.0 0.02620842424221337
494.0 0.02814777835737914
495.0 0.026445399271324277
496.0 0.024743020185269415
497.0 0.020765095541719347
498.0 0.016787169442977756
499.0 0.012446634355001152
500.0 0.008106097811833024
501.0 0.005327837789081968
502.0 0.00254957631113939
503.0 0.0020076606233487837
504.0 0.0014657450265076477
505.0 0.0017008214854286052
506.0 0.0019358976715011522
507.0 0.0019514331143000163
508.0 0.00196696837519994
509.0 0.0019819519366137683
510.0 0.0019969353161286563
511.0 0.0017389882486895658
512.0 0.0014810410903010052
513.0 0.0016663716451148503
514.0 0.0018517022908781655
515.0 0.002052204763458576
516.0 0.0022527072360389866
517.0 0.0023153364963945933
518.0 0.0023779659386491403
519.0 0.0020250618035788648
520.0 0.0016721576685085893
521.0 0.0016450692783109844
522.0 0.0016179810700123198
523.0 0.001738604623824358
524.0 0.0018592279957374558
525.0 0.0021173274944885634
526.0 0.0023754271751386113
527.0 0.002784571552183479
528.0 0.0031937157473294064
529.0 0.0028293179639149457
530.0 0.0024649199986015446
531.0 0.002223599767603446
532.0 0.0019822799004032277
533.0 0.0016567279089940712
534.0 0.0013311760085343849
535.0 0.0015287871065083891
536.0 0.0017263981135329232
537.0 0.002123723243130371
538.0 0.0025210487365256995
539.0 0.00336437915393617
540.0 0.004207709935144521
541.0 0.004867883762926795
542.0 0.005528057226911187
543.0 0.00513930463057477
544.0 0.004750551670440473
545.0 0.004063023152411915
546.0 0.003375494634383358
547.0 0.002505460361135192
548.0 0.0016354262697859667
549.0 0.0017292062693741173
550.0 0.0018229864508612081
551.0 0.0018048989659291692
552.0 0.0017868114809971303
553.0 0.0017178623238578439
554.0 0.0016489135305164382
555.0 0.0013262423635751475
556.0 0.001003571287583327
557.0 0.0008841579074214678
558.0 0.0007647444363101386
559.0 0.0006492371085187187
560.0 0.0005337298716767691
561.0 0.0008854294719640166
562.0 0.001237129072251264
563.0 0.0013352469068195205
564.0 0.0014333645594888367
565.0 0.0015081765013746917
566.0 0.0015829884432605468
567.0 0.0013098832823743578
568.0 0.0010367781214881688
569.0 0.0009881322512228508
570.0 0.000939486562856473
571.0 0.0007224493856483605
572.0 0.0005054122084402479
573.0 0.00047106841520871967
574.0 0.00043672453102772124
575.0 0.00047588882807758637
576.0 0.0005150531251274515
577.0 0.0004683551651396556
578.0 0.00042165720515185967
579.0 0.0004252846338204108
580.0 0.00042891210796369705
581.0 0.0004076233381056227
582.0 0.00038633470467175357
583.0 0.0003683880549942842
584.0 0.00035044133710471215
585.0 0.00039390170059050433
586.0 0.0004373619049147237
587.0 0.0003816298885794822
588.0 0.0003258978722442407
589.0 0.0006346589543682057
590.0 0.0009434200364921708
591.0 0.0006399805897672195
592.0 0.0003365412339917384
593.0 0.0005091564162285067
594.0 0.000681771598465275
595.0 0.00046406685214606114
596.0 0.00024636206035211217
597.0 0.0002981822490255581
598.0 0.00035000248317373917
599.0 0.00032099528652906884
600.0 0.0002919881808338687
601.0 0.000244430816565
602.0 0.00019687354324560147
603.0 0.00019091114609182114
604.0 0.0001849487489380408
605.0 0.00020693655642389785
606.0 0.0002289243184350198
607.0 0.0002367783508816501
608.0 0.00024463240606564796
609.0 0.0002701981657082797
610.0 0.000295763948088279
611.0 0.0003358909680173383
612.0 0.0003760179652090301
613.0 0.00040133422771759797
614.0 0.0004266505584382685
615.0 0.0003633595952123869
616.0 0.000300068700198608
617.0 0.000283355757346726
618.0 0.00026664281449484406
619.0 0.00014806379340370768
620.0 2.948475810171658e-05
621.0 0.0001347256784356432
622.0 0.00023996660729608266
623.0 0.0002854875219782116
624.0 0.00033100855034717824
625.0 0.00032625432595523307
626.0 0.0003215001015632879
627.0 0.0003668163799375179
628.0 0.00041213270378648303
629.0 0.00047443741095776204
630.0 0.0005367421636037761
631.0 0.0004713827820523875
632.0 0.00040602326407679357
633.0 0.0002763307520581293
634.0 0.00014663822867078125
635.0 0.00024976225176942535
636.0 0.0003528863317114883
637.0 0.0003284337708464591
638.0 0.0003039811872440623
639.0 0.0003633004780567717
640.0 0.00042261981434421614
641.0 0.0006462661986006424
642.0 0.0008699124919075985
643.0 0.0007084307526383782
644.0 0.0005469489224196877
645.0 0.0006245181793929078
646.0 0.0007020875727903331
647.0 0.0007273218216141686
648.0 0.0007525559794885339
649.0 0.0007242582796607167
650.0 0.0006959604434086941
651.0 0.0007598498086736072
652.0 0.0008237389920395799
653.0 0.0008383914064324927
654.0 0.0008530439117748756
655.0 0.0010612958249112125
656.0 0.0012695475561486091
657.0 0.002071461858577095
658.0 0.0028733758881571703
659.0 0.004908142727799714
660.0 0.054103066213428974
661.0 0.11411069426685572
662.0 0.1107513322494924
663.0 0.11883614351972938
664.0 0.13278023106977344
665.0 0.1461861887946725
666.0 0.16055562300607562
667.0 0.17951008630916476
668.0 0.22395479027181864
669.0 0.2775432076305151
670.0 0.40451185777783394
671.0 0.5633919034153223
672.0 0.9513940662145615
673.0 1.5170535072684288
674.0 2.224988676607609
675.0 3.1962215900421143
676.0 4.2624518275260925
677.0 5.635462328791618
678.0 6.883759051561356
679.0 8.423175662755966
680.0 10.36350354552269
681.0 12.459242343902588
682.0 15.037515759468079
683.0 17.809690535068512
684.0 20.809489488601685
685.0 23.7194761633873
686.0 26.74732506275177
687.0 29.982048273086548
688.0 33.29506516456604
689.0 36.727458238601685
690.0 40.70584177970886
691.0 44.97567415237427
692.0 50.034135580062866
693.0 55.34781217575073
694.0 61.30749583244324
695.0 66.97186827659607
696.0 73.1665849685669
697.0 78.59660387039185
698.0 84.34004783630371
699.0 88.68975043296814
700.0 91.90011620521545
701.0 94.46843266487122
702.0 96.11095786094666
703.0 97.09827303886414
704.0 97.49568700790405
705.0 97.81843423843384
706.0 97.77195453643799
707.0 97.93158173561096
708.0 97.97564148902893
709.0 97.9792058467865
710.0 97.75261878967285
711.0 97.98367619514465
712.0 97.93633222579956
713.0 98.031747341156
714.0 98.11481237411499
715.0 98.18122386932373
716.0 97.96403646469116
717.0 98.13138246536255
718.0 98.23322296142578
719.0 98.18046689033508
720.0 98.39749336242676
721.0 98.26289415359497
722.0 97.96863794326782
723.0 97.7679193019867
724.0 97.43127822875977
725.0 97.16801047325134
726.0 96.93405032157898
727.0 96.70896530151367
728.0 96.51225209236145
729.0 96.27283811569214
730.0 96.36147022247314
731.0 96.50471210479736
732.0 96.45293951034546
733.0 96.68098092079163
734.0 97.0184326171875
735.0 97.25285768508911
736.0 97.60964512825012
737.0 97.97651171684265
738.0 98.30161333084106
739.0 98.60299229621887
740.0 98.66849184036255
741.0 98.55425953865051
742.0 98.9911437034607
743.0 98.84219765663147
744.0 98.6157476902008
745.0 98.57098460197449
746.0 98.51359724998474
747.0 98.75584244728088
748.0 98.64020943641663
749.0 98.54618310928345
750.0 98.57373833656311
751.0 98.42365980148315
752.0 98.25746417045593
753.0 98.56871962547302
754.0 98.5185980796814
755.0 98.55090379714966
756.0 98.58999252319336
757.0 98.58672618865967
758.0 98.77322912216187
759.0 98.83890151977539
760.0 98.67451190948486
761.0 98.60334396362305
762.0 98.6272394657135
763.0 98.67606163024902
764.0 98.56080412864685
765.0 98.53543043136597
766.0 98.58956933021545
767.0 98.35686087608337
768.0 98.3851671218872
769.0 98.36806654930115
770.0 97.99031615257263
771.0 98.08349013328552
772.0 98.10938239097595
773.0 97.96193838119507
774.0 97.77790904045105
775.0 97.92152047157288
776.0 97.76245951652527
777.0 97.94875383377075
778.0 97.82768487930298
779.0 98.02069067955017
780.0 97.90893197059631
781.0 98.32431674003601
782.0 98.21090698242188
783.0 98.3377754688263
784.0 98.33126664161682
785.0 98.40081334114075
786.0 98.6051082611084
787.0 98.30504655838013
788.0 98.4039843082428
789.0 98.5144853591919
790.0 98.42582941055298
791.0 98.40168356895447
792.0 98.2711672782898
793.0 98.24784994125366
794.0 98.08177351951599
795.0 98.02157282829285
796.0 98.0179488658905
797.0 98.03386926651001
798.0 97.90286421775818
799.0 97.82218337059021
800.0 97.64633774757385
801.0 97.67512679100037
802.0 97.46583104133606
803.0 97.23385572433472
804.0 96.99257016181946
805.0 96.25281691551208
806.0 95.74131369590759
807.0 94.63634490966797
808.0 93.2754397392273
809.0 91.8440580368042
810.0 90.00802636146545
811.0 87.79768943786621
812.0 85.1256012916565
813.0 82.05758929252625
814.0 78.54092121124268
815.0 74.61735606193542
816.0 70.49910426139832
817.0 65.9817636013031
818.0 60.993605852127075
819.0 56.68274164199829
820.0 51.86101198196411
821.0 47.447270154953
822.0 43.00040304660797
823.0 38.361191749572754
824.0 33.75309705734253
825.0 29.534941911697388
826.0 25.13534724712372
827.0 20.571641623973846
828.0 16.503193974494934
829.0 12.573060393333435
830.0 8.940795063972473
831.0 6.314998120069504
832.0 4.017187654972076
833.0 2.4008529260754585
834.0 1.4306401833891869
835.0 0.8328072726726532
836.0 0.5105549935251474
837.0 0.33584628254175186
838.0 0.12297187931835651
839.0 0.07394999265670776
840.0 0.039882457349449396
841.0 0.017229792138095945
842.0 0.007103752432158217
843.0 1.5979801032753316e-10
844.0 1.5979801032753316e-10
845.0 0.01860793272498995
846.0 1.5979801032753316e-10
847.0 1.5979801032753316e-10
848.0 0.0001728882239149243
849.0 1.5979801032753316e-10
850.0 0.0007807919246261008
851.0 0.0026982113922713324
852.0 0.003218998244847171
853.0 0.0018464497770764865
854.0 0.0004739012183563318
855.0 0.0003623233396865544
856.0 0.0002507454155420419
857.0 0.00022016586171957897
858.0 0.00018958636474053492
859.0 0.00015606715351168532
860.0 0.00012254791954546818
861.0 1.5979801032753316e-10
862.0 1.5979801032753316e-10
863.0 1.5979801032753316e-10
864.0 0.00011300747928544297
865.0 8.062193614932767e-05
866.0 4.823639869755425e-05
867.0 1.5979801032753316e-10
868.0 1.5979801032753316e-10
869.0 9.822493893807405e-05
870.0 0.00025852314138319343
871.0 0.0001627870801712561
872.0 6.705097348458366e-05
873.0 6.742273512827524e-05
874.0 6.779449108762492e-05
875.0 1.5979801032753316e-10
876.0 1.5979801032753316e-10
877.0 1.5979801032753316e-10
878.0 1.5979801032753316e-10
879.0 1.5979801032753316e-10
880.0 0.00010056878636532929
881.0 0.00011426534456404625
882.0 0.0001279619027627632
883.0 2.8115726991018164e-05
884.0 1.5979801032753316e-10
885.0 0.00017067975477402797
886.0 0.00041308990148536395
887.0 0.00022350423023453914
888.0 3.3918524877663e-05
889.0 9.803270586417057e-05
890.0 0.00016214687548199436
891.0 3.158417314352846e-05
892.0 1.5979801032753316e-10
893.0 2.5766047073716436e-07
894.0 9.9493797733885e-05
895.0 5.611369147118239e-05
