lsstCam/transmission_filter_detector/r33_s20/i_39/19700101T000000.ecsv
# %ECSV 1.0
# ---
# datatype:
# - {name: wavelength, unit: nm, datatype: float32}
# - {name: efficiency, unit: '%', datatype: float64}
# meta: !!omap
# - {MODE: DETECTOR}
# - {TYPE: transmission_filter_detector}
# - {CALIBDATE: '1970-01-01T00:00:00'}
# - {INSTRUME: LSSTCam}
# - {OBSTYPE: transmission_filter_detector}
# - {CALIBCLS: lsst.ip.isr.IntermediateFilterDetectorTransmissionCurve}
# - {SOURCE: Materion (DM-46256)}
# - {DETECTOR: 150}
# - {FILTER: i_39}
# - {CALIB_ID: 'calibDate=1970-01-01T00:00:00 filter=i_39 detector=150'}
# - {DATE: '2025-04-02T15:59:47.173958'}
# - {CALIB_CREATION_DATE: '2025-04-02'}
# - {CALIB_CREATION_TIME: '15:59:47'}
# - __serialized_columns__:
#     efficiency:
#       __class__: astropy.units.quantity.Quantity
#       unit: !astropy.units.Unit {unit: '%'}
#       value: !astropy.table.SerializedColumn {name: efficiency}
#     wavelength:
#       __class__: astropy.units.quantity.Quantity
#       unit: !astropy.units.Unit {unit: nm}
#       value: !astropy.table.SerializedColumn {name: wavelength}
# schema: astropy-2.0
wavelength efficiency
[from data line 597]
897.0 6.161869237075734e-05
898.0 0.00011050378816435114
899.0 4.6589545377173636e-05
900.0 1.5979801032753316e-10
901.0 1.5979801032753316e-10
902.0 1.5979801032753316e-10
903.0 1.5979801032753316e-10
904.0 1.5979801032753316e-10
905.0 1.5979801032753316e-10
906.0 1.5979801032753316e-10
907.0 1.5979801032753316e-10
908.0 1.5979801032753316e-10
909.0 1.5979801032753316e-10
910.0 1.5979801032753316e-10
911.0 1.5979801032753316e-10
912.0 1.5979801032753316e-10
913.0 1.500292796663416e-05
914.0 0.0001333419618276821
915.0 9.78561502051889e-05
916.0 6.237033289835381e-05
917.0 1.5979801032753316e-10
918.0 1.5979801032753316e-10
919.0 1.5979801032753316e-10
920.0 1.5979801032753316e-10
921.0 1.5979801032753316e-10
922.0 1.5979801032753316e-10
923.0 1.5979801032753316e-10
924.0 0.00015507673651882214
925.0 7.713636023254367e-05
926.0 1.5979801032753316e-10
927.0 1.5979801032753316e-10
928.0 1.5979801032753316e-10
929.0 1.5979801032753316e-10
930.0 1.5979801032753316e-10
931.0 1.5979801032753316e-10
932.0 1.5979801032753316e-10
933.0 1.5979801032753316e-10
934.0 1.5979801032753316e-10
935.0 1.5979801032753316e-10
936.0 1.5979801032753316e-10
937.0 1.5979801032753316e-10
938.0 1.6200957020373608e-05
939.0 1.5979801032753316e-10
940.0 1.5979801032753316e-10
941.0 1.5979801032753316e-10
942.0 1.5979801032753316e-10
943.0 4.212982318563263e-06
944.0 1.8788271916037047e-05
945.0 1.2724618159154488e-05
946.0 6.661046825229278e-06
947.0 0.00019513945517246611
948.0 0.00038361790757335257
949.0 0.0003057527919736458
950.0 0.00022788772184867412
951.0 0.00011550141607585829
952.0 3.1151348167668402e-06
953.0 1.5979801032753316e-10
954.0 1.5979801032753316e-10
955.0 1.5979801032753316e-10
956.0 0.00012389523362799082
957.0 0.00011072575034631882
958.0 9.755632390806568e-05
959.0 0.00014901736449246528
960.0 0.00020047846192028373
961.0 0.00016021306237234967
962.0 0.00011994768556178315
963.0 0.00018436164737067884
964.0 0.0002487756546543096
965.0 7.400756771858141e-05
966.0 1.5979801032753316e-10
967.0 1.5979801032753316e-10
968.0 1.5979801032753316e-10
969.0 1.5979801032753316e-10
970.0 1.5979801032753316e-10
971.0 1.5979801032753316e-10
972.0 1.5979801032753316e-10
973.0 1.726591420947443e-05
974.0 7.33165109068068e-05
975.0 8.755935141380178e-05
976.0 0.0001018021748677711
977.0 1.5348268789239228e-05
978.0 1.5979801032753316e-10
979.0 8.421847041972796e-05
980.0 0.00023954257812874857
981.0 0.00010958042366837617
982.0 1.5979801032753316e-10
983.0 2.0275035694794497e-05
984.0 6.093180786592711e-05
985.0 4.0124430711330206e-05
986.0 1.9317059241075185e-05
987.0 1.5979801032753316e-10
988.0 1.5979801032753316e-10
989.0 1.5979801032753316e-10
990.0 1.5979801032753316e-10
991.0 0.00015264653256963356
992.0 0.00035428522551228525
993.0 0.0002522551085348823
994.0 0.00015022492334537674
995.0 0.00020539944216579897
996.0 0.00026057393824885366
997.0 0.00018767304936773144
998.0 0.00011477216048660921
999.0 0.00012125823332098662
1000.0 0.00012774428341799648
1001.0 0.00013172976878195186
1002.0 0.00013571525414590724
1003.0 0.0002211242417615722
1004.0 0.0003065332521146047
1005.0 0.0002462007387293852
1006.0 0.000185868259450217
1007.0 0.00012961310176251573
1008.0 7.33579611278401e-05
1009.0 0.0001411257130712329
1010.0 0.0002088934252242325
1011.0 0.0002645327640493633
1012.0 0.00032017214834922925
1013.0 0.00028693305011984194
1014.0 0.00025369397462782217
1015.0 0.00019554699974833056
1016.0 0.00013740003623752273
1017.0 0.0002486788389433059
1018.0 0.00035995767575514037
1019.0 0.00017196705357491737
1020.0 1.5979801032753316e-10
1021.0 8.879539592498986e-06
1022.0 3.3782643527047185e-05
1023.0 5.4097841939437785e-05
1024.0 7.441303182531556e-05
1025.0 0.0002417069481452927
1026.0 0.00040900090425566304
1027.0 0.0005209372829995118
1028.0 0.0006328736162686255
1029.0 0.0008973347576102242
1030.0 0.0011617958080023527
1031.0 0.0015293469914468005
1032.0 0.0018968981748912483
1033.0 0.0020806764950975776
1034.0 0.0022644546334049664
1035.0 0.002587562266853638
1036.0 0.002910669718403369
1037.0 0.003132378333248198
1038.0 0.003354086948093027
1039.0 0.0033393640478607267
1040.0 0.003324640783830546
1041.0 0.003141982961096801
1042.0 0.002959325138363056
1043.0 0.0030981678719399497
1044.0 0.0032370106055168435
1045.0 0.0033816875657066703
1046.0 0.003526364525896497
1047.0 0.0032691510568838567
1048.0 0.0030119375878712162
1049.0 0.0027717034754459746
1050.0 0.002531469363020733
1051.0 0.0021539904992096126
1052.0 0.0017765116353984922
1053.0 0.001836819683376234
1054.0 0.0018971280951518565
1055.0 0.0010699338417907711
1056.0 0.0002427394974802155
1057.0 0.0007392071438516723
1058.0 0.0012356748811725993
1059.0 0.0009501834938419051
1060.0 0.0006646922884101514
1061.0 0.0008437287760898471
1062.0 0.001022765354719013
1063.0 0.0016409750969614834
1064.0 0.0022591848392039537
1065.0 0.0023377082470688038
1066.0 0.002416231836832594
1067.0 0.003333496715640649
1068.0 0.004250761776347645
1069.0 0.004195457222522236
1070.0 0.00414015339629259
1071.0 0.003942441617255099
1072.0 0.0037447302020154893
1073.0 0.003479302176856436
1074.0 0.0032138741516973823
1075.0 0.003072986874030903
1076.0 0.0029320994144654833
1077.0 0.0034415192203596234
1078.0 0.003950939208152704
1079.0 0.003585868762456812
1080.0 0.0032207979529630393
1081.0 0.002556052822910715
1082.0 0.0018913076928583905
1083.0 0.0017483958799857646
1084.0 0.0016054840671131387
1085.0 0.001187173529615393
1086.0 0.0007688631740165874
1087.0 0.0011123440344817936
1088.0 0.0014558251677954104
1089.0 0.0005359972874430241
1090.0 1.5979801032753316e-10
1091.0 0.00031049191875354154
1092.0 0.00100481429399224
1093.0 0.0003048924554605037
1094.0 1.5979801032753316e-10
1095.0 1.5979801032753316e-10
1096.0 0.00036893084143230226
1097.0 0.00011150073078169953
1098.0 1.5979801032753316e-10
1099.0 0.00045851511458749883
1100.0 0.0010629595635691658
