lsstCam/transmission_filter_detector/r01_s02/y_10/19700101T000000.ecsv
# %ECSV 1.0
# ---
# datatype:
# - {name: wavelength, unit: nm, datatype: float32}
# - {name: efficiency, unit: '%', datatype: float64}
# meta: !!omap
# - {MODE: DETECTOR}
# - {TYPE: transmission_filter_detector}
# - {CALIBDATE: '1970-01-01T00:00:00'}
# - {INSTRUME: LSSTCam}
# - {OBSTYPE: transmission_filter_detector}
# - {CALIBCLS: lsst.ip.isr.IntermediateFilterDetectorTransmissionCurve}
# - {SOURCE: Materion (DM-46256)}
# - {DETECTOR: 2}
# - {FILTER: y_10}
# - {CALIB_ID: 'calibDate=1970-01-01T00:00:00 filter=y_10 detector=2'}
# - {DATE: '2025-04-02T15:59:50.750904'}
# - {CALIB_CREATION_DATE: '2025-04-02'}
# - {CALIB_CREATION_TIME: '15:59:50'}
# - __serialized_columns__:
#     efficiency:
#       __class__: astropy.units.quantity.Quantity
#       unit: !astropy.units.Unit {unit: '%'}
#       value: !astropy.table.SerializedColumn {name: efficiency}
#     wavelength:
#       __class__: astropy.units.quantity.Quantity
#       unit: !astropy.units.Unit {unit: nm}
#       value: !astropy.table.SerializedColumn {name: wavelength}
# schema: astropy-2.0
wavelength efficiency
[from data line 578]
878.0 0.0007408982128254138
879.0 0.0016325759133906104
880.0 0.06570438272319734
881.0 0.09185803937725723
882.0 0.0542996684089303
883.0 0.09254098404198885
884.0 0.05880498210899532
885.0 0.08524124277755618
886.0 0.07275406387634575
887.0 0.09045485639944673
888.0 0.05624803015962243
889.0 0.11585911270231009
890.0 0.07195713114924729
891.0 0.11366491671651602
892.0 0.06895161350257695
893.0 0.09582506609149277
894.0 0.07832659175619483
895.0 0.10503499070182443
896.0 0.06902621244080365
897.0 0.10412517003715038
898.0 0.08153765229508281
899.0 0.1271860906854272
900.0 0.0795403029769659
901.0 0.11510812910273671
902.0 0.12046996271237731
903.0 0.1478363643400371
904.0 0.14700976898893714
905.0 0.15937825664877892
906.0 0.17835655016824603
907.0 0.23157529067248106
908.0 0.27529688086360693
909.0 0.35544936545193195
910.0 0.43880436569452286
911.0 0.594092532992363
912.0 0.8411512710154057
913.0 1.2218214571475983
914.0 1.714237965643406
915.0 2.53602284938097
916.0 3.636763244867325
917.0 5.014363303780556
918.0 6.75395280122757
919.0 8.564215898513794
920.0 11.226693540811539
921.0 14.073283970355988
922.0 16.87588393688202
923.0 20.062173902988434
924.0 23.44570755958557
925.0 27.17718482017517
926.0 31.897461414337158
927.0 37.26876080036163
928.0 42.41071939468384
929.0 48.33357036113739
930.0 54.060494899749756
931.0 60.158294439315796
932.0 66.47581458091736
933.0 72.47872948646545
934.0 77.5476336479187
935.0 81.74898028373718
936.0 85.49174666404724
937.0 88.50647807121277
938.0 90.83752036094666
939.0 92.45498180389404
940.0 93.57454180717468
941.0 94.31900382041931
942.0 94.84552145004272
943.0 95.23288011550903
944.0 95.74874639511108
945.0 96.06760144233704
946.0 96.3310182094574
947.0 96.52339220046997
948.0 96.86353206634521
949.0 96.7982828617096
950.0 97.01535701751709
951.0 96.99234962463379
952.0 96.99062705039978
953.0 97.04210758209229
954.0 97.02938795089722
955.0 97.0467746257782
956.0 97.21586108207703
957.0 97.38133549690247
958.0 97.54897952079773
959.0 97.68949747085571
960.0 97.86372184753418
961.0 98.01387190818787
962.0 98.16869497299194
963.0 98.28495979309082
964.0 98.39377403259277
965.0 98.49270582199097
966.0 98.57252836227417
967.0 98.7047016620636
968.0 98.68571758270264
969.0 98.69278073310852
970.0 98.74431490898132
971.0 98.76912832260132
972.0 98.82972836494446
973.0 98.88997673988342
974.0 98.91253709793091
975.0 98.87480735778809
976.0 98.95973205566406
977.0 98.92298579216003
978.0 98.97505640983582
979.0 98.96080493927002
980.0 98.9375352859497
981.0 98.90176057815552
982.0 98.86161684989929
983.0 98.90229105949402
984.0 98.863285779953
985.0 98.87707233428955
986.0 98.75178337097168
987.0 98.8166868686676
988.0 98.69252443313599
989.0 98.65379333496094
990.0 98.57449531555176
991.0 98.56816530227661
992.0 98.60151410102844
993.0 98.53261113166809
994.0 98.50056767463684
995.0 98.48914742469788
996.0 98.44666123390198
997.0 98.52821230888367
998.0 98.56712222099304
999.0 98.60365390777588
1000.0 98.65376949310303
1001.0 98.642098903656
1002.0 98.79381060600281
1003.0 98.8218367099762
1004.0 98.89249801635742
1005.0 98.88511300086975
1006.0 99.04741644859314
1007.0 99.03045892715454
1008.0 99.01163578033447
1009.0 99.01150465011597
1010.0 99.06817674636841
1011.0 99.06759858131409
1012.0 98.97868037223816
1013.0 98.99701476097107
1014.0 98.9986002445221
1015.0 98.90193939208984
1016.0 98.88893961906433
1017.0 98.89999628067017
1018.0 98.90121221542358
1019.0 98.80543947219849
1020.0 98.86003136634827
1021.0 98.95047545433044
1022.0 98.84279370307922
1023.0 98.85715842247009
1024.0 98.84765148162842
1025.0 98.77371191978455
1026.0 98.85262846946716
1027.0 98.95135760307312
1028.0 98.87606501579285
1029.0 99.01368021965027
1030.0 98.99286031723022
1031.0 98.98622632026672
1032.0 98.99213314056396
1033.0 98.97899627685547
1034.0 99.00457859039307
1035.0 99.03371930122375
1036.0 98.9804208278656
1037.0 99.00161623954773
1038.0 98.99891018867493
1039.0 98.88802170753479
1040.0 98.86381030082703
1041.0 98.8781213760376
1042.0 98.91191124916077
1043.0 98.81576895713806
1044.0 98.93904328346252
1045.0 98.64368438720703
1046.0 98.78283143043518
1047.0 98.69685173034668
1048.0 98.71456623077393
1049.0 98.63364100456238
1050.0 98.57389330863953
1051.0 98.57881665229797
1052.0 98.50791096687317
1053.0 98.38356375694275
1054.0 98.67846369743347
1055.0 98.74058365821838
1056.0 98.61646890640259
1057.0 98.66962432861328
1058.0 98.50514531135559
1059.0 98.64935874938965
1060.0 98.71582388877869
1061.0 98.61854314804077
1062.0 98.7324595451355
1063.0 98.63935112953186
1064.0 98.8325297832489
1065.0 98.76023530960083
1066.0 98.79748225212097
1067.0 98.91031384468079
1068.0 98.77648949623108
1069.0 98.65485429763794
1070.0 99.02098774909973
1071.0 98.8340973854065
1072.0 99.05010461807251
1073.0 99.0743100643158
1074.0 98.57207536697388
1075.0 98.5708236694336
1076.0 98.50363731384277
1077.0 98.69769215583801
1078.0 98.88609647750854
1079.0 98.4933614730835
1080.0 99.2315948009491
1081.0 98.57925176620483
1082.0 98.51753115653992
1083.0 98.59066605567932
1084.0 98.72275590896606
1085.0 98.92098903656006
1086.0 98.64799380302429
1087.0 98.64102602005005
1088.0 98.40484261512756
1089.0 98.32159280776978
1090.0 98.47528338432312
1091.0 98.561692237854
1092.0 98.7098217010498
1093.0 98.48737716674805
1094.0 97.94872999191284
1095.0 98.34104776382446
1096.0 98.71534705162048
1097.0 98.15611243247986
1098.0 97.52721786499023
1099.0 98.36726784706116
1100.0 98.04129004478455
