lsstCam/transmission_filter_detector/r01_s02/y_10/19700101T000000.ecsv
# %ECSV 1.0
# ---
# datatype:
# - {name: wavelength, unit: nm, datatype: float32}
# - {name: efficiency, unit: '%', datatype: float64}
# meta: !!omap
# - {MODE: DETECTOR}
# - {TYPE: transmission_filter_detector}
# - {CALIBDATE: '1970-01-01T00:00:00'}
# - {INSTRUME: LSSTCam}
# - {OBSTYPE: transmission_filter_detector}
# - {CALIBCLS: lsst.ip.isr.IntermediateFilterDetectorTransmissionCurve}
# - {SOURCE: Materion (DM-46256)}
# - {DETECTOR: 2}
# - {FILTER: y_10}
# - {CALIB_ID: 'calibDate=1970-01-01T00:00:00 filter=y_10 detector=2'}
# - {DATE: '2025-04-02T15:59:50.750904'}
# - {CALIB_CREATION_DATE: '2025-04-02'}
# - {CALIB_CREATION_TIME: '15:59:50'}
# - __serialized_columns__:
#     efficiency:
#       __class__: astropy.units.quantity.Quantity
#       unit: !astropy.units.Unit {unit: '%'}
#       value: !astropy.table.SerializedColumn {name: efficiency}
#     wavelength:
#       __class__: astropy.units.quantity.Quantity
#       unit: !astropy.units.Unit {unit: nm}
#       value: !astropy.table.SerializedColumn {name: wavelength}
# schema: astropy-2.0
wavelength efficiency
300.0 0.523224426433444
301.0 0.2809524303302169
302.0 0.038680387660861015
303.0 0.03782823623623699
304.0 0.036976090632379055
305.0 0.02227852528449148
306.0 0.0075809577538166195
307.0 0.013780481822323054
308.0 0.01998000225285068
309.0 0.0135018490254879
310.0 0.007023692160146311
311.0 0.006953549018362537
312.0 0.006883403693791479
313.0 0.007148331496864557
314.0 0.007413258572341874
315.0 0.006283686525421217
316.0 0.0051541162974899635
317.0 0.00528923083038535
318.0 0.005424341725301929
319.0 0.0028403666874510236
320.0 0.00025638992156018503
321.0 0.0027427511668065563
322.0 0.005229112139204517
323.0 0.0038048594433348626
324.0 0.0023806069293641485
325.0 0.0010538286915107165
326.0 1.730942320900264e-10
327.0 0.0005593599780695513
328.0 0.001391669957229169
329.0 0.003316967558930628
330.0 0.005242265251581557
331.0 0.004453945439308882
332.0 0.0036656256270362064
333.0 0.0025398923753527924
334.0 0.0014141586689220276
335.0 0.0017928619854501449
336.0 0.002171565756725613
337.0 0.0024374712666030973
338.0 0.002703376412682701
339.0 0.001318108115810901
340.0 1.730942320900264e-10
341.0 1.730942320900264e-10
342.0 1.730942320900264e-10
343.0 0.00032343932616640814
344.0 0.001168979360954836
345.0 0.0014963083231123164
346.0 0.001823637830966618
347.0 0.0017392436348018236
348.0 0.0016548494386370294
349.0 0.0013399693671090063
350.0 0.0010250891136820428
351.0 0.001153391167463269
352.0 0.0012816928574466147
353.0 0.0010506149919820018
354.0 0.000819537126517389
355.0 0.001023340428218944
356.0 0.0012271436389710288
357.0 0.0007353367891482776
358.0 0.00024352982563868864
359.0 0.0004436691597220488
360.0 0.0006438085165427765
361.0 0.001101533962355461
362.0 0.00155925918079447
363.0 0.0013077044968667906
364.0 0.0010561493581917603
365.0 0.0013363734069571365
366.0 0.0016165979104698636
367.0 0.0020930394384777173
368.0 0.002569480966485571
369.0 0.002260166365886107
370.0 0.0019508519471855834
371.0 0.00186365723493509
372.0 0.0017764621588867158
373.0 0.0020509933165158145
374.0 0.0023255244741449133
375.0 0.0032103729608934373
376.0 0.004095221811439842
377.0 0.004049914059578441
378.0 0.004004606671514921
379.0 0.0035629989724839106
380.0 0.0031213909096550196
381.0 0.002193705404351931
382.0 0.0012660194443014916
383.0 0.0012465099644032307
384.0 0.0012270003026060294
385.0 0.0009305211278842762
386.0 0.0006340419076877879
387.0 0.0007013003141764784
388.0 0.000768558766139904
389.0 0.0006783197477489011
390.0 0.0005880808203073684
391.0 0.0005274939667287981
392.0 0.000466907204099698
393.0 0.0005769089966634056
394.0 0.0006869109256513184
395.0 0.0006232176929188427
396.0 0.0005595245511358371
397.0 0.0007994763109309133
398.0 0.0010394280252512544
399.0 0.0012336641702859197
400.0 0.001427900315320585
401.0 0.001618167334527243
402.0 0.0018084345356328413
403.0 0.0018469849237590097
404.0 0.0018855356756830588
405.0 0.0017892682080855593
406.0 0.0016930011042859405
407.0 0.0014679993910249323
408.0 0.0012429977687133942
409.0 0.0010810968888108619
410.0 0.0009191955541609786
411.0 0.00037002387216489296
412.0 1.730942320900264e-10
413.0 0.0007673545951547567
414.0 0.001713856909191236
415.0 0.0023398099074256606
416.0 0.002965763269457966
417.0 0.0011455394997028634
418.0 1.730942320900264e-10
419.0 1.730942320900264e-10
420.0 1.730942320900264e-10
421.0 1.730942320900264e-10
422.0 0.0005375632099458016
423.0 0.0006017059149598936
424.0 0.0006658482107013697
425.0 2.315909739536437e-05
426.0 1.730942320900264e-10
427.0 1.730942320900264e-10
428.0 1.730942320900264e-10
429.0 1.730942320900264e-10
430.0 1.730942320900264e-10
431.0 0.00045148772187530994
432.0 0.0011826112313428894
433.0 0.00083140312199248
434.0 0.0004801955583388917
435.0 0.000205188621293928
436.0 1.730942320900264e-10
437.0 1.730942320900264e-10
438.0 1.730942320900264e-10
439.0 1.730942320900264e-10
440.0 1.730942320900264e-10
441.0 1.730942320900264e-10
442.0 1.730942320900264e-10
443.0 1.730942320900264e-10
444.0 0.0001368566131532134
445.0 1.730942320900264e-10
446.0 1.730942320900264e-10
447.0 0.00028044173632224556
448.0 0.0007062074928398943
449.0 0.0007560935046058148
450.0 0.0008059792889980599
451.0 0.000331170531353564
452.0 1.730942320900264e-10
453.0 1.730942320900264e-10
454.0 1.730942320900264e-10
455.0 1.730942320900264e-10
456.0 1.730942320900264e-10
457.0 1.730942320900264e-10
458.0 0.0001034589786286233
459.0 4.6722743718419224e-05
460.0 1.730942320900264e-10
461.0 9.60791567194974e-05
462.0 0.00020217171368130948
463.0 0.0003088073981416528
464.0 0.0004154431735514663
465.0 0.00041837088247120846
466.0 0.0004212986823404208
467.0 0.0009367112397740129
468.0 0.0014521235243591946
469.0 0.001467714082536986
470.0 0.0014833040950179566
471.0 0.0015776311556692235
472.0 0.00167195794347208
473.0 0.002156089794880245
474.0 0.00264022164628841
475.0 0.002714037873374764
476.0 0.0027878539185621776
477.0 0.0030885752494214103
478.0 0.0033892967621795833
479.0 0.003762504638871178
480.0 0.004135712151764892
481.0 0.004197175076114945
482.0 0.0042586376366671175
483.0 0.0037741014239145443
484.0 0.0032895644835662097
485.0 0.0034644202969502658
486.0 0.003639276110334322
487.0 0.002925074295490049
488.0 0.002210872116847895
489.0 0.0021043581000412814
490.0 0.001997844628931489
491.0 0.0016825095372041687
492.0 0.0013671742635779083
493.0 0.0012657789739023428
494.0 0.0011643838661257178
495.0 0.0013910957022744697
496.0 0.001617807720322162
497.0 0.002061067607428413
498.0 0.002504327676433604
499.0 0.0023544331270386465
500.0 0.0022045383957447484
501.0 0.002366187982261181
502.0 0.0025278375687776133
503.0 0.002620032500999514
504.0 0.0027122274332214147
505.0 0.0031485909858020023
506.0 0.0035849549021804705
507.0 0.002518294786568731
508.0 0.0014516340343107004
509.0 0.0018017724869423546
510.0 0.0021519108486245386
511.0 0.0020366091121104546
512.0 0.001921307557495311
513.0 0.0018686290786718018
514.0 0.0018159511455451138
515.0 0.0015101320968824439
516.0 0.0012043129572703037
517.0 0.0013837741789757274
518.0 0.0015632351278327405
519.0 0.001625122968107462
520.0 0.001687010626483243
521.0 0.0017369593479088508
522.0 0.0017869077055365779
523.0 0.001614931898075156
524.0 0.0014429561815632042
525.0 0.00201775947061833
526.0 0.0025925635782186873
527.0 0.0024722745365579613
528.0 0.0023519860405940562
529.0 0.002660472455318086
530.0 0.0029689585062442347
531.0 0.0025799292416195385
532.0 0.0021908994312980212
533.0 0.002372697963437531
534.0 0.0025544957679812796
535.0 0.00221759983105585
536.0 0.0018807035303325392
537.0 0.0022969079509493895
538.0 0.0027131123715662397
539.0 0.0032034477044362575
540.0 0.003693782491609454
541.0 0.003966700387536548
542.0 0.004239618283463642
543.0 0.004397244629217312
544.0 0.004554870611173101
545.0 0.0047173180064419284
546.0 0.004879765401710756
547.0 0.004076709228684194
548.0 0.003273652691859752
549.0 0.00289666040771408
550.0 0.002519667577871587
551.0 0.002520456473575905
552.0 0.0025212451873812824
553.0 0.003163239307468757
554.0 0.00380523269996047
555.0 0.003923901749658398
556.0 0.004042571163154207
557.0 0.003823770020972006
558.0 0.0036049692425876856
559.0 0.003523118357406929
560.0 0.0034412678360240534
561.0 0.0033285039535257965
562.0 0.0032157393434317783
563.0 0.003177090547978878
564.0 0.003138441388728097
565.0 0.0038752066757297143
566.0 0.004611971962731332
567.0 0.004825599535251968
568.0 0.005039226743974723
569.0 0.005811005758005194
570.0 0.0065827851358335465
571.0 0.006619222403969616
572.0 0.006655659672105685
573.0 0.006731272878823802
574.0 0.006806887540733442
575.0 0.006698221113765612
576.0 0.006589555414393544
577.0 0.005689969839295372
578.0 0.004790384991792962
579.0 0.005263883213046938
580.0 0.005737381798098795
581.0 0.006768325692974031
582.0 0.007799268496455625
583.0 0.009184950613416731
584.0 0.010570629819994792
585.0 0.010983167157974094
586.0 0.011395703768357635
587.0 0.010955449397442862
588.0 0.010515191388549283
589.0 0.01045409735525027
590.0 0.010393006959930062
591.0 0.009336369839729741
592.0 0.008279733447125182
593.0 0.006891709927003831
594.0 0.005503688953467645
595.0 0.005304080696078017
596.0 0.005104472802486271
597.0 0.005857119322172366
598.0 0.0066097658418584615
599.0 0.007604687561979517
600.0 0.008599608554504812
601.0 0.00921752507565543
602.0 0.009835438686423004
603.0 0.01062619048752822
604.0 0.011416941561037675
605.0 0.011223252658965066
606.0 0.011029563029296696
607.0 0.009632152068661526
608.0 0.00823474329081364
609.0 0.006454555841628462
610.0 0.0046743694838369265
611.0 0.0038772432162659243
612.0 0.0030801173124928027
613.0 0.003582598947104998
614.0 0.004085079854121432
615.0 0.004655466545955278
616.0 0.005225853601587005
617.0 0.006646788096986711
618.0 0.008067722228588536
619.0 0.008927394083002582
620.0 0.009787065937416628
621.0 0.0106770487036556
622.0 0.011567032197490335
623.0 0.011485130380606279
624.0 0.011403225653339177
625.0 0.009998351015383378
626.0 0.008593473467044532
627.0 0.006766335718566552
628.0 0.0049391965148970485
629.0 0.004139585507800803
630.0 0.0033399748645024374
631.0 0.0029445158361340873
632.0 0.0025490569896646775
633.0 0.0026963507480104454
634.0 0.002843644870154094
635.0 0.003172144715790637
636.0 0.0035006440157303587
637.0 0.004315836849855259
638.0 0.0051310296839801595
639.0 0.005062082345830277
640.0 0.004993134643882513
641.0 0.005394206527853385
642.0 0.005795279139420018
643.0 0.005429262819234282
644.0 0.005063246862846427
645.0 0.004624007488018833
646.0 0.0041847681131912395
647.0 0.0035385190130909905
648.0 0.0028922699129907414
649.0 0.0020377203327370808
650.0 0.0011831705705844797
651.0 0.001367663480777992
652.0 0.0015521569366683252
653.0 0.0016007352314773016
654.0 0.0016493131624883972
655.0 0.0017904223568621092
656.0 0.001931531551235821
657.0 0.0018288286810275167
658.0 0.0017261258108192123
659.0 0.002060081715171691
660.0 0.0023940376195241697
661.0 0.0020439914806047454
662.0 0.0016939455235842615
663.0 0.0023596548999194056
664.0 0.0030253646400524303
665.0 0.0034850214433390647
666.0 0.003944678246625699
667.0 0.004617642844095826
668.0 0.00529060562257655
669.0 0.005533607327379286
670.0 0.0057766057580010965
671.0 0.006404900341294706
672.0 0.007033195288386196
673.0 0.00785939409979619
674.0 0.008685593638801947
675.0 0.008137101394822821
676.0 0.007588612788822502
677.0 0.005973890802124515
678.0 0.004359169179224409
679.0 0.0029381108106463216
680.0 0.0015170530787145253
681.0 0.0007179526619438548
682.0 1.730942320900264e-10
683.0 0.00021870173441129737
684.0 0.0005185513600736158
685.0 0.00025407593966519926
686.0 1.730942320900264e-10
687.0 0.00020273748759791488
688.0 0.00041587450141378213
689.0 0.00037726399568782654
690.0 0.0003386535126992385
691.0 0.0003365894372109324
692.0 0.00033452545267209643
693.0 0.0003574957418095437
694.0 0.00038046593999752076
695.0 0.0004909531980956672
696.0 0.000601440387981711
697.0 0.0006721878435200779
698.0 0.0007429351171595044
699.0 0.000580126697968808
700.0 0.00041731796045496594
701.0 0.00030502728805004153
702.0 0.00019273672933195485
703.0 0.0003280395958427107
704.0 0.000463342439616099
705.0 0.00040051008909358643
706.0 0.0003376776021468686
707.0 6.435706012553055e-06
708.0 1.730942320900264e-10
709.0 1.730942320900264e-10
710.0 0.00021869989268452628
711.0 0.00036098504097026307
712.0 0.0005032702574681025
713.0 0.0003893444954883307
714.0 0.00027541884719539667
715.0 0.00044006765165249817
716.0 0.0006047165697964374
717.0 0.0003930154434783617
718.0 0.00018131443084712373
719.0 0.00030673961646243697
720.0 0.0004321646883909125
721.0 0.0003085737262153998
722.0 0.00018498276403988712
723.0 0.0003107764086962561
724.0 0.0004365700533526251
725.0 0.0004693176379078068
726.0 0.0005020653588871937
727.0 0.00024060559553618077
728.0 1.730942320900264e-10
729.0 0.0002147581426470424
730.0 0.00045037027120997664
731.0 0.0005765994501416571
732.0 0.0007028287654975429
733.0 0.00018707404478846001
734.0 1.730942320900264e-10
735.0 1.730942320900264e-10
736.0 1.730942320900264e-10
737.0 0.00019685851384565467
738.0 0.000811595054983627
739.0 0.0005585122835327638
740.0 0.00030542933018296026
741.0 0.0001050875198416179
742.0 1.730942320900264e-10
743.0 1.730942320900264e-10
744.0 1.730942320900264e-10
745.0 0.00010903050906563294
746.0 0.0003926750196114881
747.0 0.0001911734216264449
748.0 1.730942320900264e-10
749.0 1.730942320900264e-10
750.0 1.730942320900264e-10
751.0 1.730942320900264e-10
752.0 3.571569777705008e-05
753.0 0.00026440554847795283
754.0 0.0004930954673909582
755.0 1.730942320900264e-10
756.0 1.730942320900264e-10
757.0 1.730942320900264e-10
758.0 1.730942320900264e-10
759.0 2.7255046575191955e-05
760.0 0.00039123442547861487
761.0 0.00011813722267106641
762.0 1.730942320900264e-10
763.0 1.730942320900264e-10
764.0 1.730942320900264e-10
765.0 0.00023745462840452092
766.0 0.00048530296226090286
767.0 4.5527337988460204e-05
768.0 1.730942320900264e-10
769.0 1.730942320900264e-10
770.0 1.730942320900264e-10
771.0 1.730942320900264e-10
772.0 1.730942320900264e-10
773.0 0.00033170206279464765
774.0 0.0008371875082957558
775.0 0.000514967723574955
776.0 0.00019274775695521384
777.0 0.00026146919935854385
778.0 0.00033019068723660894
779.0 0.0005494312517839717
780.0 0.0007686718163313344
781.0 0.0005695868821931072
782.0 0.0003705019480548799
783.0 0.0002614091499708593
784.0 0.00015231640873025754
785.0 1.6699335958492156e-05
786.0 1.730942320900264e-10
787.0 0.0005494395281857578
788.0 0.001217797034769319
789.0 0.0009455830877413973
790.0 0.000673369322612416
791.0 0.0004774139142682543
792.0 0.00028145832402515225
793.0 0.0004768527105625253
794.0 0.0006722468242514879
795.0 0.0007268880835908931
796.0 0.0007815292519808281
797.0 0.00042789124563569203
798.0 7.425330181831669e-05
799.0 0.0005388969839259516
800.0 0.0010035407285613474
801.0 0.0004921511845168425
802.0 1.730942320900264e-10
803.0 0.00035708005725609837
804.0 0.000733398383090389
805.0 0.0009411339306097943
806.0 0.0011488695236039348
807.0 0.0007198673301900271
808.0 0.00029086513677611947
809.0 7.743808794202778e-06
810.0 1.730942320900264e-10
811.0 0.0001399023631165619
812.0 0.0005551822141569573
813.0 0.000873365206643939
814.0 0.0011915481081814505
815.0 0.0010411687071609776
816.0 0.0008907886694942135
817.0 0.0007516428013332188
818.0 0.0006124969331722241
819.0 0.000798398377810372
820.0 0.00098429982244852
821.0 0.000713384088157909
822.0 0.0004424683083925629
823.0 0.000650375568511663
824.0 0.0008582830560044385
825.0 0.0007576822554256069
826.0 0.0006570815003215102
827.0 0.0005700963811250404
828.0 0.00048311135287804063
829.0 0.00017213475302924053
830.0 1.730942320900264e-10
831.0 1.730942320900264e-10
832.0 6.243226380320266e-05
833.0 0.00042668630158004817
834.0 0.0007909402484074235
835.0 0.0002191231715187314
836.0 1.730942320900264e-10
837.0 1.730942320900264e-10
838.0 2.798727223307651e-05
839.0 0.0005114746272738557
840.0 0.0009949621016858146
841.0 0.0011686175639624707
842.0 0.001342273026239127
843.0 0.0009080235031433403
844.0 0.00047377361624967307
845.0 0.0004772176453116117
846.0 0.0004806615379493451
847.0 0.0007544404525106074
848.0 0.0010282193215971347
849.0 0.0008993431947601493
850.0 0.0007704667041252833
851.0 0.000902010560821509
852.0 0.0010335544175177347
853.0 0.00023682930532231694
854.0 1.730942320900264e-10
855.0 1.730942320900264e-10
856.0 1.730942320900264e-10
857.0 0.00027177670745004434
858.0 0.001171428903035121
859.0 0.0010458279575686902
860.0 0.0009202267392538488
861.0 0.0010780821867228951
862.0 0.001235937907040352
863.0 0.0015582805644953623
864.0 0.0018806231310009025
865.0 0.0020021709133288823
866.0 0.0021237188775558025
867.0 0.002824728471750859
868.0 0.003525738065945916
869.0 0.0031077684980118647
870.0 0.002689799111976754
871.0 0.0034844979381887242
872.0 0.004279196582501754
873.0 0.002985381433973089
874.0 0.0016915662854444236
875.0 0.0024467657567583956
876.0 0.0032019652280723676
