ts8/qe_curves/rtm-005_s20/19700101T000000.ecsv
# %ECSV 0.9
# ---
# datatype:
# - {name: amp_name, datatype: string}
# - {name: wavelength, unit: nm, datatype: float32}
# - {name: efficiency, unit: '%', datatype: float32}
# meta: !!omap
# - {MODE: AMP}
# - {TYPE: QE}
# - {CALIBDATE: '1970-01-01T00:00:00'}
# - {INSTRUME: TS8}
# - {OBSTYPE: qe_curves}
# - {DETECTOR: 33}
# - {PICKLEFILE: RaftRun11852.p}
# - {CALIB_ID: 'raftName=RTM-005 detectorName=S20 detector=33 calibDate=1970-01-01T00:00:00 ccd=33 ccdnum=33 filter=None'}
# - {DATE: '2020-01-23T13:45:24.485645'}
# - {CALIB_CREATION_DATE: '2020-01-23'}
# - {CALIB_CREATION_TIME: '13:45:24'}
# - __serialized_columns__:
#     efficiency:
#       __class__: astropy.units.quantity.Quantity
#       unit: !astropy.units.Unit {unit: '%'}
#       value: !astropy.table.SerializedColumn {name: efficiency}
#     wavelength:
#       __class__: astropy.units.quantity.Quantity
#       unit: !astropy.units.Unit {unit: nm}
#       value: !astropy.table.SerializedColumn {name: wavelength}
# schema: astropy-2.0
amp_name wavelength efficiency
C07 319.994 39.43039
C07 324.969 44.4359
C07 349.982 67.36529
C07 374.975 74.53971
C07 400.019 82.86728
C07 424.965 85.86037
C07 450.035 87.58458
C07 475.003 90.57188
C07 500.018 92.115875
C07 525.002 94.74862
C07 550.029 95.79803
C07 575.023 97.57684
C07 599.982 98.02908
C07 619.997 98.75409
C07 624.979 99.65108
C07 650.012 99.74511
C07 675.004 98.90333
C07 700.03 99.01639
C07 725.012 98.43948
C07 750.022 99.566605
C07 774.987 99.15113
C07 799.976 98.70456
C07 824.988 97.98233
C07 850.022 95.09561
C07 869.967 91.88945
C07 875.002 90.78515
C07 899.999 83.09293
C07 919.999 74.49715
C07 925.012 71.39512
C07 949.965 57.958427
C07 975.002 43.634296
C07 999.976 26.577267
C07 1025.028 11.572324
C07 1050.014 4.017279
C07 1075.002 2.1764028
C07 1099.99 1.7136782
C15 319.994 40.013138
C15 324.969 45.09297
C15 349.982 68.65914
C15 374.975 75.939735
C15 400.019 83.55154
C15 424.965 86.16732
C15 450.035 87.6808
C15 475.003 90.53534
C15 500.018 91.99169
C15 525.002 94.572174
C15 550.029 95.58948
C15 575.023 97.354965
C15 599.982 97.80499
C15 619.997 98.53349
C15 624.979 99.42969
C15 650.012 99.531075
C15 675.004 98.693306
C15 700.03 98.77748
C15 725.012 98.08134
C15 750.022 99.036224
C15 774.987 98.44625
C15 799.976 97.909874
C15 824.988 97.16086
C15 850.022 94.2134
C15 869.967 90.97229
C15 875.002 89.85242
C15 899.999 82.187035
C15 919.999 73.97545
C15 925.012 70.96464
C15 949.965 57.36955
C15 975.002 42.688046
C15 999.976 25.874886
C15 1025.028 11.295975
C15 1050.014 3.9773717
C15 1075.002 2.1596
C15 1099.99 1.698059
C10 319.994 40.74558
C10 324.969 45.925285
C10 349.982 69.615875
C10 374.975 76.50794
C10 400.019 84.06385
C10 424.965 86.69574
C10 450.035 88.24301
C10 475.003 91.1344
C10 500.018 92.61345
C10 525.002 95.213196
C10 550.029 96.22876
C10 575.023 97.99216
C10 599.982 98.42108
C10 619.997 99.13838
C10 624.979 100.03
C10 650.012 100.10895
C10 675.004 99.24153
C10 700.03 99.2699
C10 725.012 98.45024
C10 750.022 99.26661
C10 774.987 98.5362
C10 799.976 97.943344
C10 824.988 97.234245
C10 850.022 94.233215
C10 869.967 90.97647
C10 875.002 89.87598
C10 899.999 82.53016
C10 919.999 74.34638
C10 925.012 71.23258
C10 949.965 57.567104
C10 975.002 43.03292
C10 999.976 26.295086
C10 1025.028 11.493753
C10 1050.014 4.035015
C10 1075.002 2.1530766
C10 1099.99 1.685871
C06 319.994 39.56416
C06 324.969 44.579136
C06 349.982 67.57864
C06 374.975 74.79204
C06 400.019 83.089455
C06 424.965 86.065994
C06 450.035 87.78113
C06 475.003 90.76307
C06 500.018 92.29889
C06 525.002 94.92987
C06 550.029 95.97672
C06 575.023 97.75757
C06 599.982 98.20747
C06 619.997 98.93644
C06 624.979 99.838806
C06 650.012 99.93329
C06 675.004 99.09077
C06 700.03 99.20796
C06 725.012 98.639725
C06 750.022 99.787926
C06 774.987 99.3854
C06 799.976 98.938034
C06 824.988 98.21238
C06 850.022 95.31628
C06 869.967 92.06852
C06 875.002 90.94842
C06 899.999 83.24936
C06 919.999 74.69443
C06 925.012 71.53491
C06 949.965 57.986202
C06 975.002 43.643234
C06 999.976 26.579556
C06 1025.028 11.551852
C06 1050.014 4.012699
C06 1075.002 2.1782026
C06 1099.99 1.7167003
C16 319.994 39.615875
C16 324.969 44.64731
C16 349.982 68.009445
C16 374.975 75.33395
C16 400.019 83.05727
C16 424.965 85.727005
C16 450.035 87.2669
C16 475.003 90.12483
C16 500.018 91.58839
C16 525.002 94.16791
C16 550.029 95.18983
C16 575.023 96.95392
C16 599.982 97.40618
C16 619.997 98.13694
C16 624.979 99.029976
C16 650.012 99.134476
C16 675.004 98.30095
C16 700.03 98.382904
C16 725.012 97.67575
C16 750.022 98.603874
C16 774.987 97.98697
C16 799.976 97.441536
C16 824.988 96.69438
C16 850.022 93.71633
C16 869.967 90.47668
C16 875.002 89.37277
C16 899.999 81.78856
C16 919.999 73.53649
C16 925.012 70.534454
C16 949.965 56.978725
C16 975.002 42.423744
C16 999.976 25.65264
C16 1025.028 11.200856
C16 1050.014 3.9498928
C16 1075.002 2.1542482
C16 1099.99 1.6904383
C14 319.994 40.179688
C14 324.969 45.281063
C14 349.982 68.88403
C14 374.975 76.08751
C14 400.019 83.63345
C14 424.965 86.22438
C14 450.035 87.73008
C14 475.003 90.576454
C14 500.018 92.02779
C14 525.002 94.60471
C14 550.029 95.620544
C14 575.023 97.380806
C14 599.982 97.82516
C14 619.997 98.54735
C14 624.979 99.44157
C14 650.012 99.54019
C14 675.004 98.69775
C14 700.03 98.77245
C14 725.012 98.06816
C14 750.022 99.01259
C14 774.987 98.40899
C14 799.976 97.87138
C14 824.988 97.126434
C14 850.022 94.19999
C14 869.967 90.94965
C14 875.002 89.82169
C14 899.999 82.14547
C14 919.999 74.017876
C14 925.012 71.02171
C14 949.965 57.3834
C14 975.002 42.693428
C14 999.976 25.89014
C14 1025.028 11.279378
C14 1050.014 3.9762008
C14 1075.002 2.1587622
C14 1099.99 1.695716
C04 319.994 39.26709
C04 324.969 44.246147
C04 349.982 67.12809
C04 374.975 74.406906
C04 400.019 82.74859
C04 424.965 85.74359
C04 450.035 87.46535
C04 475.003 90.440765
C04 500.018 91.975174
C04 525.002 94.604
C04 550.029 95.64753
C04 575.023 97.43276
C04 599.982 97.88746
C04 619.997 98.6157
C04 624.979 99.51147
C04 650.012 99.61122
C04 675.004 98.78292
C04 700.03 98.91375
C04 725.012 98.3728
C04 750.022 99.549324
C04 774.987 99.17844
C04 799.976 98.73978
C04 824.988 97.99894
C04 850.022 95.123695
C04 869.967 91.81589
C04 875.002 90.674286
C04 899.999 82.94551
C04 919.999 74.484955
C04 925.012 71.369255
C04 949.965 57.698315
C04 975.002 43.27392
C04 999.976 26.41909
C04 1025.028 11.514077
C04 1050.014 4.026276
C04 1075.002 2.1750362
C04 1099.99 1.709879
C05 319.994 39.40193
C05 324.969 44.397495
C05 349.982 67.32601
C05 374.975 74.53569
C05 400.019 82.79088
C05 424.965 85.74376
C05 450.035 87.44711
C05 475.003 90.41145
C05 500.018 91.9358
C05 525.002 94.55861
C05 550.029 95.597786
C05 575.023 97.372086
C05 599.982 97.82364
C05 619.997 98.549355
C05 624.979 99.44426
C05 650.012 99.539116
C05 675.004 98.70527
C05 700.03 98.829956
C05 725.012 98.27737
C05 750.022 99.43375
C05 774.987 99.04564
C05 799.976 98.604
C05 824.988 97.87318
C05 850.022 94.99685
C05 869.967 91.71526
C05 875.002 90.59744
C05 899.999 82.887505
C05 919.999 74.359184
C05 925.012 71.24852
C05 949.965 57.722935
C05 975.002 43.307274
C05 999.976 26.412964
C05 1025.028 11.507087
C05 1050.014 4.011243
C05 1075.002 2.1687229
C05 1099.99 1.7081532
C01 319.994 38.443165
C01 324.969 43.318314
C01 349.982 65.80768
C01 374.975 73.211685
C01 400.019 81.78617
C01 424.965 84.89525
C01 450.035 86.670105
C01 475.003 89.65932
C01 500.018 91.21428
C01 525.002 93.84378
C01 550.029 94.896614
C01 575.023 96.6771
C01 599.982 97.14413
C01 619.997 97.880844
C01 624.979 98.76931
C01 650.012 98.879295
C01 675.004 98.063354
C01 700.03 98.194115
C01 725.012 97.63636
C01 750.022 98.76534
C01 774.987 98.356705
C01 799.976 97.90397
C01 824.988 97.168846
C01 850.022 94.32092
C01 869.967 91.07153
C01 875.002 89.942924
C01 899.999 82.20029
C01 919.999 73.927895
C01 925.012 70.91947
C01 949.965 57.25933
C01 975.002 42.715363
C01 999.976 26.081512
C01 1025.028 11.366858
C01 1050.014 4.0295815
C01 1075.002 2.1973321
C01 1099.99 1.7088426
C12 319.994 40.55267
C12 324.969 45.703617
C12 349.982 69.41775
C12 374.975 76.4371
C12 400.019 83.84673
C12 424.965 86.393906
C12 450.035 87.88223
C12 475.003 90.72754
C12 500.018 92.17601
C12 525.002 94.74731
C12 550.029 95.75604
C12 575.023 97.51019
C12 599.982 97.94577
C12 619.997 98.66209
C12 624.979 99.55535
C12 650.012 99.64279
C12 675.004 98.78942
C12 700.03 98.836555
C12 725.012 98.07699
C12 750.022 98.95693
C12 774.987 98.29077
C12 799.976 97.72098
C12 824.988 96.99192
C12 850.022 94.06679
C12 869.967 90.730865
C12 875.002 89.588745
C12 899.999 82.09029
C12 919.999 74.178474
C12 925.012 71.14226
C12 949.965 57.17432
C12 975.002 42.596657
C12 999.976 25.92318
C12 1025.028 11.299323
C12 1050.014 3.992692
C12 1075.002 2.161664
C12 1099.99 1.687854
C13 319.994 40.453663
C13 324.969 45.59215
C13 349.982 69.30969
C13 374.975 76.4222
C13 400.019 83.87552
C13 424.965 86.43123
C13 450.035 87.921555
C13 475.003 90.7653
C13 500.018 92.21435
C13 525.002 94.79141
C13 550.029 95.799
C13 575.023 97.558754
C13 599.982 97.99985
C13 619.997 98.71967
C13 624.979 99.61542
C13 650.012 99.706215
C13 675.004 98.85787
C13 700.03 98.92196
C13 725.012 98.18606
C13 750.022 99.10393
C13 774.987 98.475464
C13 799.976 97.92087
C13 824.988 97.18107
C13 850.022 94.256615
C13 869.967 90.96689
C13 875.002 89.82429
C13 899.999 82.2061
C13 919.999 74.1791
C13 925.012 71.16866
C13 949.965 57.373672
C13 975.002 42.704285
C13 999.976 25.94134
C13 1025.028 11.300287
C13 1050.014 3.987323
C13 1075.002 2.1596224
C13 1099.99 1.6949192
C17 319.994 39.476177
C17 324.969 44.4875
C17 349.982 67.80346
C17 374.975 75.227135
C17 400.019 83.116684
C17 424.965 85.85893
C17 450.035 87.43868
C17 475.003 90.325676
C17 500.018 91.79619
C17 525.002 94.39234
C17 550.029 95.4235
C17 575.023 97.20433
C17 599.982 97.66289
C17 619.997 98.40148
C17 624.979 99.29642
C17 650.012 99.40712
C17 675.004 98.575294
C17 700.03 98.63271
C17 725.012 97.8607
C17 750.022 98.7078
C17 774.987 98.00963
C17 799.976 97.4258
C17 824.988 96.689186
C17 850.022 93.660706
C17 869.967 90.40104
C17 875.002 89.30564
C17 899.999 81.82154
C17 919.999 73.5935
C17 925.012 70.581894
C17 949.965 56.890495
C17 975.002 42.357533
C17 999.976 25.617064
C17 1025.028 11.227953
C17 1050.014 3.9752872
C17 1075.002 2.1622462
C17 1099.99 1.6935517
C02 319.994 38.800514
C02 324.969 43.720085
C02 349.982 66.39648
C02 374.975 73.76683
C02 400.019 82.23496
C02 424.965 85.2943
C02 450.035 87.04806
C02 475.003 90.03117
C02 500.018 91.57734
C02 525.002 94.20782
C02 550.029 95.26004
C02 575.023 97.04371
C02 599.982 97.501884
C02 619.997 98.241104
C02 624.979 99.13226
C02 650.012 99.23961
C02 675.004 98.42015
C02 700.03 98.55831
C02 725.012 98.02648
C02 750.022 99.19666
C02 774.987 98.82504
C02 799.976 98.38632
C02 824.988 97.64255
C02 850.022 94.792435
C02 869.967 91.502716
C02 875.002 90.33442
C02 899.999 82.59891
C02 919.999 74.18861
C02 925.012 71.074875
C02 949.965 57.617477
C02 975.002 42.911438
C02 999.976 26.154778
C02 1025.028 11.432734
C02 1050.014 4.0292845
C02 1075.002 2.1831355
C02 1099.99 1.7101035
C00 319.994 38.200558
C00 324.969 43.043148
C00 349.982 65.40513
C00 374.975 72.876144
C00 400.019 81.648315
C00 424.965 84.85319
C00 450.035 86.68202
C00 475.003 89.699486
C00 500.018 91.273125
C00 525.002 93.91923
C00 550.029 94.98384
C00 575.023 96.77542
C00 599.982 97.24818
C00 619.997 97.98891
C00 624.979 98.88217
C00 650.012 98.99474
C00 675.004 98.179054
C00 700.03 98.28721
C00 725.012 97.65923
C00 750.022 98.70475
C00 774.987 98.20598
C00 799.976 97.72212
C00 824.988 96.99898
C00 850.022 94.13617
C00 869.967 90.91446
C00 875.002 89.78454
C00 899.999 82.13947
C00 919.999 73.947586
C00 925.012 70.886314
C00 949.965 57.23861
C00 975.002 42.674103
C00 999.976 25.979994
C00 1025.028 11.388851
C00 1050.014 4.057874
C00 1075.002 2.206688
C00 1099.99 1.7135681
C11 319.994 40.786427
C11 324.969 45.966927
C11 349.982 69.72109
C11 374.975 76.689
C11 400.019 84.172226
C11 424.965 86.75952
C11 450.035 88.275925
C11 475.003 91.145905
C11 500.018 92.608185
C11 525.002 95.195656
C11 550.029 96.20238
C11 575.023 97.96582
C11 599.982 98.397026
C11 619.997 99.11211
C11 624.979 100.00744
C11 650.012 100.0885
C11 675.004 99.22525
C11 700.03 99.26056
C11 725.012 98.464554
C11 750.022 99.31133
C11 774.987 98.60972
C11 799.976 98.02304
C11 824.988 97.309326
C11 850.022 94.32703
C11 869.967 90.98449
C11 875.002 89.85652
C11 899.999 82.505
C11 919.999 74.478935
C11 925.012 71.34055
C11 949.965 57.393513
C11 975.002 42.881714
C11 999.976 26.127253
C11 1025.028 11.387761
C11 1050.014 4.022057
C11 1075.002 2.161193
C11 1099.99 1.6870532
C03 319.994 38.97906
C03 324.969 43.918858
C03 349.982 66.66265
C03 374.975 73.99057
C03 400.019 82.40576
C03 424.965 85.43645
C03 450.035 87.17419
C03 475.003 90.15481
C03 500.018 91.696495
C03 525.002 94.32098
C03 550.029 95.372025
C03 575.023 97.15075
C03 599.982 97.610535
C03 619.997 98.34271
C03 624.979 99.2371
C03 650.012 99.34078
C03 675.004 98.519035
C03 700.03 98.654015
C03 725.012 98.125755
C03 750.022 99.3049
C03 774.987 98.93931
C03 799.976 98.503586
C03 824.988 97.76085
C03 850.022 94.88934
C03 869.967 91.609856
C03 875.002 90.446846
C03 899.999 82.6878
C03 919.999 74.33279
C03 925.012 71.179016
C03 949.965 57.50282
C03 975.002 43.19887
C03 999.976 26.310768
C03 1025.028 11.440272
C03 1050.014 4.0123744
C03 1075.002 2.1684363
C03 1099.99 1.7061747
