lsstCam/transmission_filter_detector/r12_s22/u_24/19700101T000000.ecsv
# %ECSV 1.0
# ---
# datatype:
# - {name: wavelength, unit: nm, datatype: float32}
# - {name: efficiency, unit: '%', datatype: float64}
# meta: !!omap
# - {MODE: DETECTOR}
# - {TYPE: transmission_filter_detector}
# - {CALIBDATE: '1970-01-01T00:00:00'}
# - {INSTRUME: LSSTCam}
# - {OBSTYPE: transmission_filter_detector}
# - {CALIBCLS: lsst.ip.isr.IntermediateFilterDetectorTransmissionCurve}
# - {SOURCE: Materion (DM-46256)}
# - {DETECTOR: 53}
# - {FILTER: u_24}
# - {CALIB_ID: 'calibDate=1970-01-01T00:00:00 filter=u_24 detector=53'}
# - {DATE: '2025-04-02T15:59:39.994910'}
# - {CALIB_CREATION_DATE: '2025-04-02'}
# - {CALIB_CREATION_TIME: '15:59:39'}
# - __serialized_columns__:
#     efficiency:
#       __class__: astropy.units.quantity.Quantity
#       unit: !astropy.units.Unit {unit: '%'}
#       value: !astropy.table.SerializedColumn {name: efficiency}
#     wavelength:
#       __class__: astropy.units.quantity.Quantity
#       unit: !astropy.units.Unit {unit: nm}
#       value: !astropy.table.SerializedColumn {name: wavelength}
# schema: astropy-2.0
wavelength efficiency
295.0 0.16212790505960584
296.0 1.583430977482314e-10
297.0 1.583430977482314e-10
298.0 0.11399569921195507
299.0 1.583430977482314e-10
300.0 1.583430977482314e-10
301.0 1.583430977482314e-10
302.0 1.583430977482314e-10
303.0 0.06698963697999716
304.0 0.13596663484349847
305.0 0.5339200608432293
306.0 1.2231286615133286
307.0 2.5861499831080437
308.0 4.391848668456078
309.0 7.343292981386185
310.0 10.471857339143753
311.0 13.782653212547302
312.0 17.4648255109787
313.0 20.78702449798584
314.0 23.997242748737335
315.0 26.256272196769714
316.0 28.357556462287903
317.0 30.89406192302704
318.0 33.15629065036774
319.0 36.73177361488342
320.0 41.394877433776855
321.0 46.48853242397308
322.0 52.36596465110779
323.0 57.93728232383728
324.0 62.65871524810791
325.0 66.38205647468567
326.0 68.93770098686218
327.0 70.91397047042847
328.0 72.67550826072693
329.0 74.13015961647034
330.0 75.46727061271667
331.0 76.57455801963806
332.0 77.01377868652344
333.0 77.18192934989929
334.0 77.04160809516907
335.0 77.13906168937683
336.0 77.27271318435669
337.0 77.76474952697754
338.0 78.571218252182
339.0 79.23499345779419
340.0 79.63261008262634
341.0 80.20516037940979
342.0 80.51927089691162
343.0 80.42600154876709
344.0 80.60721158981323
345.0 80.97714185714722
346.0 81.11173510551453
347.0 81.45496249198914
348.0 81.79169297218323
349.0 81.96635246276855
350.0 82.08097219467163
351.0 82.29920268058777
352.0 82.12247490882874
353.0 81.98630213737488
354.0 81.98363780975342
355.0 82.09035992622375
356.0 82.25200772285461
357.0 82.24691152572632
358.0 81.95955753326416
359.0 81.79858922958374
360.0 81.75560235977173
361.0 81.53555989265442
362.0 81.49052858352661
363.0 81.62850737571716
364.0 81.72836899757385
365.0 81.85402750968933
366.0 81.98304176330566
367.0 81.95008039474487
368.0 81.79319500923157
369.0 81.70683979988098
370.0 81.3534140586853
371.0 81.18146657943726
372.0 81.1177670955658
373.0 81.25674724578857
374.0 81.20559453964233
375.0 81.51528835296631
376.0 81.54347538948059
377.0 81.57399892807007
378.0 81.58159852027893
379.0 81.39138221740723
380.0 80.77384233474731
381.0 79.52077984809875
382.0 77.90027260780334
383.0 75.90326070785522
384.0 73.82292151451111
385.0 71.54057621955872
386.0 69.1011130809784
387.0 66.0178542137146
388.0 62.87049651145935
389.0 59.13585424423218
390.0 55.28308153152466
391.0 51.22165083885193
392.0 46.825435757637024
393.0 43.04113686084747
394.0 39.75854218006134
395.0 36.61532998085022
396.0 33.38581919670105
397.0 29.170820116996765
398.0 24.289366602897644
399.0 18.082687258720398
400.0 11.953753232955933
401.0 7.007861137390137
402.0 3.3884719014167786
403.0 1.2124749831855297
404.0 0.3658491652458906
405.0 0.15802489360794425
406.0 0.05767476977780461
407.0 0.0408599094953388
408.0 0.030656057060696185
409.0 1.583430977482314e-10
410.0 1.583430977482314e-10
411.0 1.583430977482314e-10
412.0 1.583430977482314e-10
413.0 1.583430977482314e-10
414.0 1.583430977482314e-10
415.0 1.583430977482314e-10
416.0 1.583430977482314e-10
417.0 1.583430977482314e-10
418.0 1.583430977482314e-10
419.0 1.583430977482314e-10
420.0 1.583430977482314e-10
421.0 1.583430977482314e-10
422.0 1.583430977482314e-10
423.0 1.583430977482314e-10
424.0 1.583430977482314e-10
425.0 1.583430977482314e-10
426.0 0.0014924028619134333
427.0 0.0003441274429860641
428.0 1.583430977482314e-10
429.0 0.00073739256549743
430.0 0.002278934516652953
431.0 0.001843632708187215
432.0 0.0014083308997214772
433.0 0.002262129055452533
434.0 0.003115926301688887
435.0 0.0028220001695444807
436.0 0.002528073309804313
437.0 9.935212119671633e-05
438.0 1.583430977482314e-10
439.0 1.583430977482314e-10
440.0 0.0003306710368633503
441.0 1.583430977482314e-10
442.0 1.583430977482314e-10
443.0 1.583430977482314e-10
444.0 1.583430977482314e-10
445.0 1.583430977482314e-10
446.0 1.583430977482314e-10
447.0 1.583430977482314e-10
448.0 1.583430977482314e-10
449.0 1.583430977482314e-10
450.0 0.0007943501259433106
451.0 1.583430977482314e-10
452.0 1.583430977482314e-10
453.0 1.583430977482314e-10
454.0 0.0005937875357631128
455.0 1.583430977482314e-10
456.0 1.583430977482314e-10
457.0 1.583430977482314e-10
458.0 1.583430977482314e-10
459.0 1.583430977482314e-10
460.0 1.583430977482314e-10
461.0 1.583430977482314e-10
462.0 1.583430977482314e-10
463.0 7.121062708392856e-05
464.0 0.0002626784862513887
465.0 0.0004279586391930934
466.0 0.0005932385647611227
467.0 1.583430977482314e-10
468.0 1.583430977482314e-10
469.0 1.583430977482314e-10
470.0 0.000333524121742812
471.0 1.583430977482314e-10
472.0 1.583430977482314e-10
473.0 1.583430977482314e-10
474.0 1.583430977482314e-10
475.0 1.583430977482314e-10
476.0 1.583430977482314e-10
477.0 0.0005311590030032676
478.0 0.0014860615010547917
479.0 0.001341587721981341
480.0 0.0011971141248068307
481.0 0.0007786837159073912
482.0 0.000360253488906892
483.0 1.583430977482314e-10
484.0 1.583430977482314e-10
485.0 1.583430977482314e-10
486.0 1.583430977482314e-10
487.0 1.583430977482314e-10
488.0 1.583430977482314e-10
489.0 1.583430977482314e-10
490.0 1.583430977482314e-10
491.0 1.583430977482314e-10
492.0 1.583430977482314e-10
493.0 1.583430977482314e-10
494.0 1.583430977482314e-10
495.0 1.583430977482314e-10
496.0 0.0010372148608439602
497.0 0.0006628503797401208
498.0 0.00028848571673734114
499.0 0.0006957558071007952
500.0 0.0011030259884137195
501.0 0.0006148861757537816
502.0 0.00012674665867962176
503.0 1.583430977482314e-10
504.0 1.583430977482314e-10
505.0 1.583430977482314e-10
506.0 1.583430977482314e-10
507.0 1.583430977482314e-10
508.0 1.583430977482314e-10
509.0 1.583430977482314e-10
510.0 1.583430977482314e-10
511.0 4.749680115878618e-06
512.0 0.0005633812179439701
513.0 0.00030563339805667056
514.0 4.788515752807143e-05
515.0 0.00010333184263799922
516.0 0.00015877859596002963
517.0 0.0001231082137564954
518.0 8.743784292164491e-05
519.0 0.00030920032259018626
520.0 0.0005309628249960952
521.0 0.00039647620724281296
522.0 0.00026198952127742814
523.0 1.583430977482314e-10
524.0 1.583430977482314e-10
525.0 1.583430977482314e-10
526.0 1.583430977482314e-10
527.0 1.583430977482314e-10
528.0 1.583430977482314e-10
529.0 1.583430977482314e-10
530.0 1.583430977482314e-10
531.0 1.583430977482314e-10
532.0 2.4224664230132475e-05
533.0 1.583430977482314e-10
534.0 1.583430977482314e-10
535.0 1.583430977482314e-10
536.0 1.583430977482314e-10
537.0 1.583430977482314e-10
538.0 1.583430977482314e-10
539.0 1.583430977482314e-10
540.0 0.00018991316892424948
541.0 1.583430977482314e-10
542.0 1.583430977482314e-10
543.0 1.583430977482314e-10
544.0 1.583430977482314e-10
545.0 1.583430977482314e-10
546.0 1.583430977482314e-10
547.0 1.583430977482314e-10
548.0 1.583430977482314e-10
549.0 1.583430977482314e-10
550.0 1.583430977482314e-10
551.0 1.583430977482314e-10
552.0 1.583430977482314e-10
553.0 1.583430977482314e-10
554.0 1.583430977482314e-10
555.0 1.583430977482314e-10
556.0 1.583430977482314e-10
557.0 1.583430977482314e-10
558.0 1.583430977482314e-10
559.0 1.583430977482314e-10
560.0 5.025579525863577e-05
561.0 5.347711748981965e-05
562.0 5.669859319823445e-05
563.0 1.583430977482314e-10
564.0 1.583430977482314e-10
565.0 1.583430977482314e-10
566.0 0.00010293426839780295
567.0 0.00018325492874282645
568.0 0.0002635755663504824
569.0 0.0005048192633694271
570.0 0.000746062596590491
571.0 0.0005847432021255372
572.0 0.0004234238986100536
573.0 0.0005349003004084807
574.0 0.0006463770660047885
575.0 0.00044718522076436784
576.0 0.00024799346647341736
577.0 0.0002499676156730857
578.0 0.0002519417193980189
579.0 0.00043477116378198843
580.0 0.0006176005626912229
581.0 0.0005442827841761755
582.0 0.0004709653239842737
583.0 0.0011575310963962693
584.0 0.0018440972780808806
585.0 0.0016723508451832458
586.0 0.0015006040484877303
587.0 0.0015883155356277712
588.0 0.0016760266589699313
589.0 0.0014499772078124806
590.0 0.0012239273928571492
591.0 0.0010449919500388205
592.0 0.0008660560524731409
593.0 0.0008655278179503512
594.0 0.0008649990377307404
595.0 0.0008192841960408259
596.0 0.0007735687177046202
597.0 0.0009546472028887365
598.0 0.001135725324274972
599.0 0.0012708024769381154
600.0 0.0014058793567528483
601.0 0.001509400681243278
602.0 0.001612922096683178
603.0 0.0015652089132345282
604.0 0.0015174960026342887
605.0 0.001621440242161043
606.0 0.001725384390738327
607.0 0.001594724744791165
608.0 0.0014640651897934731
609.0 0.0008743996659177355
610.0 0.00028473423299146816
611.0 0.00032319192087015836
612.0 0.000361649586011481
613.0 0.0001906205170598696
614.0 1.9591414002206875e-05
615.0 0.00021310356714820955
616.0 0.00040661575440026354
617.0 0.0008152424925356172
618.0 0.0012238694580446463
619.0 0.0006068099992262432
620.0 1.583430977482314e-10
621.0 0.00021764537905255565
622.0 0.0004455398993741255
623.0 0.0005254915322439047
624.0 0.0006054430741642136
625.0 0.0006240055427042535
626.0 0.0006425680567190284
627.0 0.00046856748667778447
628.0 0.00029456696211127564
629.0 0.00037023014556325506
630.0 0.00044589341996470466
631.0 0.001061052353179548
632.0 0.0016762111044954509
633.0 0.0015754061678308062
634.0 0.0014746010492672212
635.0 0.0019696684830705635
636.0 0.002464735916873906
637.0 0.0026931738830171525
638.0 0.0029216118491603993
639.0 0.0022498668840853497
640.0 0.0015781217371113598
641.0 0.001549427724967245
642.0 0.0015207338037726004
643.0 0.0009472882084082812
644.0 0.0003738425903065945
645.0 0.000647440219836426
646.0 0.0009210378266288899
647.0 0.00023175250589702046
648.0 1.583430977482314e-10
649.0 1.583430977482314e-10
650.0 0.0001351890318801452
651.0 0.0002508190846128855
652.0 0.00036644930787588237
653.0 0.0008424248335359152
654.0 0.0013183999726606999
655.0 0.0012741278624162078
656.0 0.0012298556612222455
657.0 0.001968949982256163
658.0 0.0027080444851890206
659.0 0.003333810673211701
660.0 0.003959576497436501
661.0 0.004047399488626979
662.0 0.004135222116019577
663.0 0.0034781503927661106
664.0 0.0028210786695126444
665.0 0.0024677727196831256
666.0 0.0021144665879546665
667.0 0.0019242697817389853
668.0 0.0017340726117254235
669.0 0.0011311926755297463
670.0 0.0005283128757582745
671.0 0.0003505065024000942
672.0 0.00017270003809244372
673.0 0.0001388685404890566
674.0 0.00010503704288566951
675.0 0.00031146162200457184
676.0 0.0005178862920729443
677.0 0.0010455352821736597
678.0 0.0015731846360722557
679.0 0.001664055889705196
680.0 0.001754926961439196
681.0 0.002563990892667789
682.0 0.0033730546419974416
683.0 0.004851831909036264
684.0 0.006330609903670847
685.0 0.006657750782324001
686.0 0.006984894571360201
687.0 0.007039626507321373
688.0 0.007094358443282545
689.0 0.006262661918299273
690.0 0.005430965393316001
691.0 0.004951595110469498
692.0 0.004472224827622995
693.0 0.003630978608271107
694.0 0.0027897327527171
695.0 0.0023304530259338208
696.0 0.0018711736629484221
697.0 0.0013176145330362488
698.0 0.0007640553121746052
699.0 0.0008755102498980705
700.0 0.000986964823823655
701.0 0.0009110972314374521
702.0 0.0008352295481017791
703.0 0.0008179880751413293
704.0 0.0008007471478777006
705.0 0.0005673267423844663
706.0 0.00033390642784070224
707.0 0.0005767258244304685
708.0 0.0008195447662728839
709.0 0.0006670294169452973
710.0 0.0005145138857187703
711.0 0.00048136416808119975
712.0 0.000448214359494159
713.0 0.0007780831765558105
714.0 0.0011079519026679918
715.0 0.0008683320629643276
716.0 0.000628711995886988
717.0 0.0006421617399610113
718.0 0.0006556113476108294
719.0 0.000691642026140471
720.0 0.0007276725227711722
721.0 0.0004396273197926348
722.0 0.0001515819917585759
723.0 0.0005215898454480339
724.0 0.0008915977559809107
725.0 0.00044138823795947246
726.0 1.583430977482314e-10
727.0 0.00030818741834082175
728.0 0.0006251962986425497
729.0 0.0004906756203126861
730.0 0.00035615512388176285
731.0 0.00032061377623904264
732.0 0.00028507258775789523
733.0 0.0001892604473141546
734.0 9.344831823909772e-05
735.0 0.0003014513140442432
736.0 0.0005094542757433373
737.0 0.0004452359007700579
738.0 0.00038101745758467587
739.0 0.00034072936614393257
740.0 0.0003004411837537191
741.0 0.0008121672181005124
742.0 0.0013238933206594083
743.0 0.0014106934941082727
744.0 0.0014974933947087266
745.0 0.0018511713278712705
746.0 0.0022048488972359337
747.0 0.0028902031772304326
748.0 0.003575557639123872
749.0 0.00348260800819844
750.0 0.0033896591048687696
751.0 0.0033663538488326594
752.0 0.0033430482289986685
753.0 0.002944428524642717
754.0 0.002545808456488885
755.0 0.002821143607434351
756.0 0.0030964791221776977
757.0 0.0024670836864970624
758.0 0.0018376880689174868
759.0 0.0015233315025398042
760.0 0.0012089752090105321
761.0 0.0012608631550392602
762.0 0.0013127511920174584
763.0 0.0010245470548397861
764.0 0.0007363428267126437
765.0 0.0009227121154253837
766.0 0.0011090814041381236
767.0 0.001061606963048689
768.0 0.001014132794807665
769.0 0.0007948034181026742
770.0 0.000575473859498743
771.0 0.0003676209871628089
772.0 0.00015976796703398577
773.0 0.00047749231271154713
774.0 0.00079521678344463
775.0 0.0007329353593377164
776.0 0.0006706536169076571
777.0 0.0005843246526637813
778.0 0.0004979952791472897
779.0 0.0003556722731445916
780.0 0.00021334924440452596
781.0 0.0006280107754719211
782.0 0.0010426723747514188
783.0 0.0010739357094280422
784.0 0.0011051985893573146
785.0 0.00114310105345794
786.0 0.0011810031537606847
787.0 0.0009213831617671531
788.0 0.0006617629878746811
789.0 0.0006491704425570788
790.0 0.0006365778972394764
791.0 0.0006111228231020505
792.0 0.0005856677489646245
793.0 0.00016686431081325281
794.0 1.583430977482314e-10
795.0 1.583430977482314e-10
796.0 1.583430977482314e-10
797.0 0.000169875147548737
798.0 0.0006864236183901085
799.0 0.0002603860593808349
800.0 1.583430977482314e-10
801.0 1.583430977482314e-10
802.0 1.583430977482314e-10
803.0 1.583430977482314e-10
804.0 2.028326520076007e-05
805.0 1.583430977482314e-10
806.0 1.583430977482314e-10
807.0 1.583430977482314e-10
808.0 1.583430977482314e-10
809.0 0.00015303982081604772
810.0 0.0006249243142519845
811.0 7.474203016499814e-05
812.0 1.583430977482314e-10
813.0 1.583430977482314e-10
814.0 0.0002902267851823126
815.0 0.00014907648164808052
816.0 7.925991241108932e-06
817.0 1.583430977482314e-10
818.0 1.583430977482314e-10
819.0 1.583430977482314e-10
820.0 1.583430977482314e-10
821.0 1.583430977482314e-10
822.0 1.583430977482314e-10
823.0 1.583430977482314e-10
824.0 1.583430977482314e-10
825.0 1.583430977482314e-10
826.0 1.583430977482314e-10
827.0 0.0002085488631564658
828.0 0.0006100819973653415
829.0 0.0003169297087879386
830.0 2.3777914748279727e-05
831.0 1.583430977482314e-10
832.0 1.583430977482314e-10
833.0 1.583430977482314e-10
834.0 1.583430977482314e-10
835.0 1.583430977482314e-10
836.0 1.583430977482314e-10
837.0 1.583430977482314e-10
838.0 1.583430977482314e-10
839.0 1.583430977482314e-10
840.0 1.583430977482314e-10
841.0 1.583430977482314e-10
842.0 3.457160175912577e-05
843.0 5.795865263280575e-05
844.0 8.13456551895797e-05
845.0 7.643979529348144e-05
846.0 7.153386150093866e-05
847.0 1.583430977482314e-10
848.0 1.583430977482314e-10
849.0 1.583430977482314e-10
850.0 1.583430977482314e-10
851.0 1.583430977482314e-10
852.0 1.583430977482314e-10
853.0 1.583430977482314e-10
854.0 0.00032838881907082396
855.0 8.861879337018763e-05
856.0 1.583430977482314e-10
857.0 0.0003891586857207585
858.0 0.0009294685696659144
859.0 0.000907755020307377
860.0 0.0008860414709488396
861.0 0.000710503672962659
862.0 0.0005349657385522733
863.0 0.0005979685283818981
864.0 0.0006609710908378474
865.0 0.0013714568922296166
866.0 0.0020819425117224455
867.0 0.001937756132974755
868.0 0.0017935702999238856
869.0 0.001652444370847661
870.0 0.001511318168923026
871.0 0.0016093876183731481
872.0 0.0017074566130759194
873.0 0.0018143058696296066
874.0 0.0019211549442843534
875.0 0.002274657163070515
876.0 0.002628159745654557
877.0 0.002598795254016295
878.0 0.0025694309442769736
879.0 0.002614321965666022
880.0 0.0026592138965497725
