lsstCam/transmission_filter_detector/r12_s22/u_24/19700101T000000.ecsv
# %ECSV 1.0
# ---
# datatype:
# - {name: wavelength, unit: nm, datatype: float32}
# - {name: efficiency, unit: '%', datatype: float64}
# meta: !!omap
# - {MODE: DETECTOR}
# - {TYPE: transmission_filter_detector}
# - {CALIBDATE: '1970-01-01T00:00:00'}
# - {INSTRUME: LSSTCam}
# - {OBSTYPE: transmission_filter_detector}
# - {CALIBCLS: lsst.ip.isr.IntermediateFilterDetectorTransmissionCurve}
# - {SOURCE: Materion (DM-46256)}
# - {DETECTOR: 53}
# - {FILTER: u_24}
# - {CALIB_ID: 'calibDate=1970-01-01T00:00:00 filter=u_24 detector=53'}
# - {DATE: '2025-04-02T15:59:39.994910'}
# - {CALIB_CREATION_DATE: '2025-04-02'}
# - {CALIB_CREATION_TIME: '15:59:39'}
# - __serialized_columns__:
#     efficiency:
#       __class__: astropy.units.quantity.Quantity
#       unit: !astropy.units.Unit {unit: '%'}
#       value: !astropy.table.SerializedColumn {name: efficiency}
#     wavelength:
#       __class__: astropy.units.quantity.Quantity
#       unit: !astropy.units.Unit {unit: nm}
#       value: !astropy.table.SerializedColumn {name: wavelength}
# schema: astropy-2.0
wavelength efficiency
[from data line 587]
882.0 0.0028147125703981146
883.0 0.0024667138859513216
884.0 0.002118715383403469
885.0 0.002157678500225302
886.0 0.0021966419808450155
887.0 0.0020563797079375945
888.0 0.0019161177988280542
889.0 0.001796181641111616
890.0 0.0016762454833951779
891.0 0.0020203071471769363
892.0 0.0023643688109586947
893.0 0.0022933878426556475
894.0 0.0022224059648578987
895.0 0.0023728018277324736
896.0 0.0025231971449102275
897.0 0.003224130705348216
898.0 0.0039250648114830256
899.0 0.004050954157719389
900.0 0.004176843140157871
901.0 0.004321394590078853
902.0 0.004465946039999835
903.0 0.004601730688591488
904.0 0.0047375149733852595
905.0 0.005088154648547061
906.0 0.005438793596113101
907.0 0.005475001307786442
908.0 0.005511208655661903
909.0 0.005346257239580154
910.0 0.0051813058234984055
911.0 0.00526849071320612
912.0 0.005355676330509596
913.0 0.00526576186530292
914.0 0.005175847763894126
915.0 0.004521318624028936
916.0 0.0038667902117595077
917.0 0.0036484867450781167
918.0 0.0034301836421946064
919.0 0.003951858525397256
920.0 0.004473532681004144
921.0 0.004475854802876711
922.0 0.004478176560951397
923.0 0.00515817228006199
924.0 0.00583816618018318
925.0 0.006294755439739674
926.0 0.00675134506309405
927.0 0.007315423135878518
928.0 0.007879499025875703
929.0 0.007828940579202026
930.0 0.007778381404932588
931.0 0.007655339868506417
932.0 0.007532296876888722
933.0 0.007313697278732434
934.0 0.007095097680576146
935.0 0.007339927833527327
936.0 0.00758475944167003
937.0 0.007271309004863724
938.0 0.0069578614784404635
939.0 0.006798481626901776
940.0 0.006639101047767326
941.0 0.0060450041928561404
942.0 0.0054509062465513125
943.0 0.004038053884869441
944.0 0.0026252022507833317
945.0 0.0022075804736232385
946.0 0.001789959060261026
947.0 0.0015477786291739903
948.0 0.0013055981980869547
949.0 0.0013240914995549247
950.0 0.0013425847100734245
951.0 0.0013086438229947817
952.0 0.0012747028449666686
953.0 0.001451522530260263
954.0 0.0016283427612506784
955.0 0.0022670992620987818
956.0 0.002905855762946885
957.0 0.002795289401547052
958.0 0.0026847223125514574
959.0 0.002944889638456516
960.0 0.0032050564186647534
961.0 0.003415143510210328
962.0 0.003625230601755902
963.0 0.004096192424185574
964.0 0.004567153882817365
965.0 0.004807970253750682
966.0 0.005048786988481879
967.0 0.00508390658069402
968.0 0.005119026536704041
969.0 0.004996193456463516
970.0 0.00487336001242511
971.0 0.004704531966126524
972.0 0.004535702828434296
973.0 0.004340826490079053
974.0 0.004145949424128048
975.0 0.0037293662899173796
976.0 0.0033127824281109497
977.0 0.0032198357075685635
978.0 0.0031268886232282966
979.0 0.0029190270652179606
980.0 0.002711165143409744
981.0 0.0026462210371391848
982.0 0.002581276567070745
983.0 0.00260367633018177
984.0 0.002626075547595974
985.0 0.003186818867106922
986.0 0.0037475623685168102
987.0 0.004051986979902722
988.0 0.004356411227490753
989.0 0.005354642780730501
990.0 0.006352873606374487
991.0 0.006032016972312704
992.0 0.005711159610655159
993.0 0.006128248787717894
994.0 0.006545337964780629
995.0 0.006188649422256276
996.0 0.005831958333146758
997.0 0.00575811936869286
998.0 0.005684282587026246
999.0 0.006140165351098403
1000.0 0.006596044840989634
1001.0 0.006276924250414595
1002.0 0.005957801477052271
1003.0 0.005731010969611816
1004.0 0.005504222644958645
1005.0 0.005408159631770104
1006.0 0.0053120962547836825
1007.0 0.005150045399204828
1008.0 0.004987991997040808
1009.0 0.0047238037950592116
1010.0 0.004459615593077615
1011.0 0.004063997766934335
1012.0 0.0036683803045889363
1013.0 0.002918960490205791
1014.0 0.002169540493923705
1015.0 0.0019972672816948034
1016.0 0.0018249938875669613
1017.0 0.0015376010196632706
1018.0 0.0012502078789111692
1019.0 0.0010695760465750936
1020.0 0.0008889440323400777
1021.0 0.0009593260983820073
1022.0 0.0010297083463228773
1023.0 0.0010711227332649287
1024.0 0.00111253712020698
1025.0 0.0015388524843729101
1026.0 0.0019651681213872507
1027.0 0.0014321260096039623
1028.0 0.000899083443073323
1029.0 0.0008513151442457456
1030.0 0.0008035472092160489
1031.0 0.0011525655281729996
1032.0 0.0015015840290288907
1033.0 0.0017096992451115511
1034.0 0.0019178145521436818
1035.0 0.0019533348677214235
1036.0 0.001988855001400225
1037.0 0.0019484903532429598
1038.0 0.0019081257050856948
1039.0 0.001783484549378045
1040.0 0.0016588435755693354
1041.0 0.0015001251995272469
1042.0 0.001341407096333569
1043.0 0.0010759743418020662
1044.0 0.0008105419510684442
1045.0 0.0011487974916235544
1046.0 0.001487053214077605
1047.0 0.0012987830814381596
1048.0 0.0011105130397481844
1049.0 0.0010188672604272142
1050.0 0.0009272210263588931
1051.0 0.0011782458386733197
1052.0 0.0014292708328866865
1053.0 0.0009384231816511601
1054.0 0.00044757525756722316
1055.0 0.0007796403224347159
1056.0 0.0011117056601506192
1057.0 0.0014573605767509434
1058.0 0.0018030155843007378
1059.0 0.0008403282663493883
1060.0 1.583430977482314e-10
1061.0 9.214265901391627e-05
1062.0 0.00030664418773085345
1063.0 0.0003911362455255585
1064.0 0.00047562775762344245
1065.0 0.001015391080727568
1066.0 0.0015551546312053688
1067.0 0.0004569712018565042
1068.0 1.583430977482314e-10
1069.0 0.0007838919373170938
1070.0 0.0022089958292781375
1071.0 0.001699500899121631
1072.0 0.001190006332763005
1073.0 0.0015517389329033904
1074.0 0.001913471714942716
1075.0 0.0032352207199437544
1076.0 0.004556969361146912
1077.0 0.0043369702325435355
1078.0 0.004116971103940159
1079.0 0.004463250661501661
1080.0 0.004809526944882236
1081.0 0.0026111389161087573
1082.0 0.0004127505690121325
1083.0 0.001284589416172821
1084.0 0.0021564283088082448
1085.0 0.0038839476474095136
1086.0 0.005611466258415021
1087.0 0.004485698082135059
1088.0 0.0033599291782593355
1089.0 0.005648255319101736
1090.0 0.007936581096146256
1091.0 0.005561170110013336
1092.0 0.003185759123880416
1093.0 0.00253173457167577
1094.0 0.0018777102013700642
1095.0 0.001584562414791435
1096.0 0.0012914149920106865
1097.0 0.0019513374354573898
1098.0 0.002611260424600914
1099.0 0.0007950966391945258
1100.0 1.583430977482314e-10
