lsstCam/transmission_filter_detector/r10_s12/r_57/19700101T000000.ecsv
# %ECSV 1.0
# ---
# datatype:
# - {name: wavelength, unit: nm, datatype: float32}
# - {name: efficiency, unit: '%', datatype: float64}
# meta: !!omap
# - {MODE: DETECTOR}
# - {TYPE: transmission_filter_detector}
# - {CALIBDATE: '1970-01-01T00:00:00'}
# - {INSTRUME: LSSTCam}
# - {OBSTYPE: transmission_filter_detector}
# - {CALIBCLS: lsst.ip.isr.IntermediateFilterDetectorTransmissionCurve}
# - {SOURCE: Materion (DM-46256)}
# - {DETECTOR: 32}
# - {FILTER: r_57}
# - {CALIB_ID: 'calibDate=1970-01-01T00:00:00 filter=r_57 detector=32'}
# - {DATE: '2025-04-02T15:59:44.333285'}
# - {CALIB_CREATION_DATE: '2025-04-02'}
# - {CALIB_CREATION_TIME: '15:59:44'}
# - __serialized_columns__:
#     efficiency:
#       __class__: astropy.units.quantity.Quantity
#       unit: !astropy.units.Unit {unit: '%'}
#       value: !astropy.table.SerializedColumn {name: efficiency}
#     wavelength:
#       __class__: astropy.units.quantity.Quantity
#       unit: !astropy.units.Unit {unit: nm}
#       value: !astropy.table.SerializedColumn {name: wavelength}
# schema: astropy-2.0
wavelength efficiency
[from data line 603]
903.0 1.633693289156135e-10
904.0 1.633693289156135e-10
905.0 4.7274988901335746e-05
906.0 1.633693289156135e-10
907.0 1.633693289156135e-10
908.0 1.633693289156135e-10
909.0 1.633693289156135e-10
910.0 1.633693289156135e-10
911.0 1.633693289156135e-10
912.0 1.633693289156135e-10
913.0 1.633693289156135e-10
914.0 1.633693289156135e-10
915.0 4.9600390639170655e-05
916.0 6.799941161261813e-05
917.0 8.639844963909127e-05
918.0 0.00010987688483510283
919.0 0.00013335528592506307
920.0 2.7760123089137778e-05
921.0 1.633693289156135e-10
922.0 7.346799861807085e-05
923.0 0.0002247710881420062
924.0 0.00019542192148946924
925.0 0.0001660727548369323
926.0 0.00015135755120354588
927.0 0.0001366423362014757
928.0 0.0001698595951893367
929.0 0.0002030768428085139
930.0 0.00023814375254005427
931.0 0.0002732107077463297
932.0 0.00013079893506073859
933.0 1.633693289156135e-10
934.0 0.00011102956705144607
935.0 0.0002336718807782745
936.0 0.0002366034095757641
937.0 0.00023953496111062123
938.0 0.00028074402962374734
939.0 0.00032195314361160854
940.0 0.00031749182198836934
941.0 0.0003130304776277626
942.0 0.00032314924283127766
943.0 0.0003332679852974252
944.0 0.0003436068027440342
945.0 0.0003539456429280108
946.0 0.00034150039027736057
947.0 0.0003290551148893428
948.0 0.00042144492908846587
949.0 0.0005138348114996916
950.0 0.0005137915195518872
951.0 0.0005137482276040828
952.0 0.0006467465482273838
953.0 0.00077974500527489
954.0 0.0011395150977477897
955.0 0.0014992855540185701
956.0 0.001540579614811577
957.0 0.0015818735846551135
958.0 0.0016992651580949314
959.0 0.0018166569134336896
960.0 0.001957048698386643
961.0 0.002097440665238537
962.0 0.0022436443032347597
963.0 0.002389848123129923
964.0 0.0024218261387431994
965.0 0.0024538039724575356
966.0 0.002453785236866679
967.0 0.002453766319376882
968.0 0.0024326676793862134
969.0 0.0024115690393955447
970.0 0.0024657689209561795
971.0 0.0025199688025168143
972.0 0.0025881323381327093
973.0 0.002656295328051783
974.0 0.002890416362788528
975.0 0.0031245373975252733
976.0 0.003233350071241148
977.0 0.003342162017361261
978.0 0.0032120435207616538
979.0 0.0030819250241620466
980.0 0.0030299595891847275
981.0 0.0029779941542074084
982.0 0.003066459612455219
983.0 0.0031549250707030296
984.0 0.003129894321318716
985.0 0.0031048632081365213
986.0 0.002996285184053704
987.0 0.002887707159970887
988.0 0.0026969932150677778
989.0 0.0025062796339625493
990.0 0.0025399920559721068
991.0 0.0025737046598806046
992.0 0.002643028710735962
993.0 0.00271235330728814
994.0 0.0027340267479303293
995.0 0.002755699824774638
996.0 0.00284124198515201
997.0 0.002926784145529382
998.0 0.0030789655284024775
999.0 0.003231146911275573
1000.0 0.0033380943932570517
1001.0 0.0034450426028342918
1002.0 0.003646738696261309
1003.0 0.003848435153486207
1004.0 0.003955129795940593
1005.0 0.004061824438394979
1006.0 0.004248021650710143
1007.0 0.004434219590621069
1008.0 0.004331302261562087
1009.0 0.0042283845687052235
1010.0 0.004265985990059562
1011.0 0.004303587775211781
1012.0 0.004260878631612286
1013.0 0.004218169488012791
1014.0 0.00398838528781198
1015.0 0.0037586010876111686
1016.0 0.0035682907764567062
1017.0 0.0033779808291001245
1018.0 0.0029774324502795935
1019.0 0.002576884435256943
1020.0 0.0021824533178005368
1021.0 0.0017880223822430708
1022.0 0.001541258825454861
1023.0 0.0012944950867677107
1024.0 0.001372534825350158
1025.0 0.0014505748367810156
1026.0 0.0013188511729822494
1027.0 0.001187127418234013
1028.0 0.001144433281297097
1029.0 0.0011017389624612406
1030.0 0.00101223722595023
1031.0 0.0009227347618434578
1032.0 0.0009007892003864981
1033.0 0.0008788434570305981
1034.0 0.0007872312380641233
1035.0 0.0006956189281481784
1036.0 0.0008033121048356406
1037.0 0.0009110050086746924
1038.0 0.0008059105311986059
1039.0 0.0007008161446719896
1040.0 0.0007605250175402034
1041.0 0.0008202338904084172
1042.0 0.0008988699846668169
1043.0 0.0009775056241778657
1044.0 0.0009085594683710951
1045.0 0.0008396134944632649
1046.0 0.0008979218364402186
1047.0 0.0009562304512655828
1048.0 0.0007579278644698206
1049.0 0.0005596252776740585
1050.0 0.0005788759608549299
1051.0 0.0005981266440358013
1052.0 0.0009321975085185841
1053.0 0.001266267918254016
1054.0 0.0010331909834349062
1055.0 0.0008001139576663263
1056.0 0.0009081357347895391
1057.0 0.0010161578757106327
1058.0 0.0008603689821029548
1059.0 0.0007045803158689523
1060.0 0.001119586067943601
1061.0 0.0015345913197961636
1062.0 0.0016567413695156574
1063.0 0.0017788914192351513
1064.0 0.001260526005353313
1065.0 0.0007421603640977992
1066.0 0.0011878048098878935
1067.0 0.001633449392102193
1068.0 0.0018458653357811272
1069.0 0.0020582807337632403
1070.0 0.0015749070371384732
1071.0 0.0010915331586147659
1072.0 0.0012003572919638827
1073.0 0.0013091815162624698
1074.0 0.002114471499226056
1075.0 0.002919761391240172
1076.0 0.003222747182007879
1077.0 0.0035257326089777052
1078.0 0.003862263838527724
1079.0 0.004198795068077743
1080.0 0.004108339635422453
1081.0 0.0040178842027671635
1082.0 0.003941165778087452
1083.0 0.0038644477172056213
1084.0 0.004434836228028871
1085.0 0.00500522437505424
1086.0 0.005188476643525064
1087.0 0.005371728548198007
1088.0 0.005360618160921149
1089.0 0.005349507773644291
1090.0 0.00506095529999584
1091.0 0.004772402462549508
1092.0 0.003935541826649569
1093.0 0.0030986811907496303
1094.0 0.00367574357369449
1095.0 0.004252805592841469
1096.0 0.0034166911063948646
1097.0 0.0025805762561503798
1098.0 0.0019915727534680627
1099.0 0.0014025697055330966
1100.0 0.001275446356885368
1101.0 0.0011483226444397587
