lsstCam/transmission_filter_detector/r10_s12/r_57/19700101T000000.ecsv
# %ECSV 1.0
# ---
# datatype:
# - {name: wavelength, unit: nm, datatype: float32}
# - {name: efficiency, unit: '%', datatype: float64}
# meta: !!omap
# - {MODE: DETECTOR}
# - {TYPE: transmission_filter_detector}
# - {CALIBDATE: '1970-01-01T00:00:00'}
# - {INSTRUME: LSSTCam}
# - {OBSTYPE: transmission_filter_detector}
# - {CALIBCLS: lsst.ip.isr.IntermediateFilterDetectorTransmissionCurve}
# - {SOURCE: Materion (DM-46256)}
# - {DETECTOR: 32}
# - {FILTER: r_57}
# - {CALIB_ID: 'calibDate=1970-01-01T00:00:00 filter=r_57 detector=32'}
# - {DATE: '2025-04-02T15:59:44.333285'}
# - {CALIB_CREATION_DATE: '2025-04-02'}
# - {CALIB_CREATION_TIME: '15:59:44'}
# - __serialized_columns__:
#     efficiency:
#       __class__: astropy.units.quantity.Quantity
#       unit: !astropy.units.Unit {unit: '%'}
#       value: !astropy.table.SerializedColumn {name: efficiency}
#     wavelength:
#       __class__: astropy.units.quantity.Quantity
#       unit: !astropy.units.Unit {unit: nm}
#       value: !astropy.table.SerializedColumn {name: wavelength}
# schema: astropy-2.0
wavelength efficiency
300.0 0.002198956826759968
301.0 0.006127052620286122
302.0 0.010055147868115455
303.0 0.012360504479147494
304.0 0.01466585963498801
305.0 0.01335698034381494
306.0 0.012048101052641869
307.0 0.010109889990417287
308.0 0.008171678928192705
309.0 0.0074812960519921035
310.0 0.006790913175791502
311.0 0.006502564792754129
312.0 0.006214216409716755
313.0 0.005974229497951455
314.0 0.005734242949984036
315.0 0.005381596929510124
316.0 0.005028950545238331
317.0 0.004740717849927023
318.0 0.004452485154615715
319.0 0.004148034713580273
320.0 0.0038435860915342346
321.0 0.0035650540667120367
322.0 0.003286522041889839
323.0 0.0031166375265456736
324.0 0.002946752829302568
325.0 0.00290604293695651
326.0 0.002865332498913631
327.0 0.0027858895919052884
328.0 0.0027064465029980056
329.0 0.0027635616788757034
330.0 0.00282067630905658
331.0 0.002653507181094028
332.0 0.0024863378712325357
333.0 0.002238566776213702
334.0 0.001990795681194868
335.0 0.0016835878341225907
336.0 0.0013763801689492539
337.0 0.0013013293937547132
338.0 0.0012262786185601726
339.0 0.001159294060926186
340.0 0.0010923095942416694
341.0 0.0010430494512547739
342.0 0.0009937893082678784
343.0 0.0009739560482557863
344.0 0.0009541227882436942
345.0 0.0009103719094127882
346.0 0.0008666210305818822
347.0 0.0009157419299299363
348.0 0.0009648628292779904
349.0 0.000947345051827142
350.0 0.005772646545665339
351.0 0.005678634988726117
352.0 0.005584623067989014
353.0 0.005087974204798229
354.0 0.004591325705405325
355.0 0.0048653357225703076
356.0 0.005139346467331052
357.0 0.006583148933714256
358.0 0.008026952127693221
359.0 0.006219705392140895
360.0 0.004412458656588569
361.0 0.0030433595384238288
362.0 0.0016742604202590883
363.0 0.00285935057036113
364.0 0.004044440356665291
365.0 0.004097152850590646
366.0 0.004149865344516002
367.0 0.0031495212169829756
368.0 0.0021491770894499496
369.0 0.0018297387214261107
370.0 0.0015103008081496228
371.0 0.002171204141632188
372.0 0.002832107747963164
373.0 0.0033780132071115077
374.0 0.00392391812056303
375.0 0.0033902997529366985
376.0 0.002856681931007188
377.0 0.0013826201211486477
378.0 1.633693289156135e-10
379.0 0.0006649553597526392
380.0 0.0014213521353667602
381.0 0.0023532813429483213
382.0 0.003285210914327763
383.0 0.0032441566872876137
384.0 0.003203102824045345
385.0 0.0042198797018500045
386.0 0.005236656215856783
387.0 0.004699267083196901
388.0 0.004161877586739138
389.0 0.0036564448237186298
390.0 0.0031510109693044797
391.0 0.00223325641854899
392.0 0.00131550168589456
393.0 0.001459658051317092
394.0 0.001603813871042803
395.0 0.0011116690075141378
396.0 0.0006195239620865323
397.0 0.0006171701897983439
398.0 0.0006148166903585661
399.0 0.00057944798754761
400.0 0.0005440787390398327
401.0 0.00016971761169770616
402.0 1.633693289156135e-10
403.0 7.397841841338959e-05
404.0 0.00035260134154668776
405.0 0.0008560772585042287
406.0 0.0013595527889265213
407.0 0.001853284084063489
408.0 0.0023470152882509865
409.0 0.001814985262171831
410.0 0.0012829551451432053
411.0 0.0009309892448072787
412.0 0.0005790234354208224
413.0 0.000733385604689829
414.0 0.0008877477739588358
415.0 0.0008600151886639651
416.0 0.0008322830581164453
417.0 0.001351338141830638
418.0 0.001870393862191122
419.0 0.0023320566469919868
420.0 0.002793719249893911
421.0 0.004228356556268409
422.0 0.005662993498845026
423.0 0.008710051770322025
424.0 0.011757109314203262
425.0 0.015951370005495846
426.0 0.020145627786405385
427.0 0.020690895325969905
428.0 0.02123616577591747
429.0 0.01619702816242352
430.0 0.01115788982133381
431.0 0.007950678991619498
432.0 0.0047434667067136616
433.0 0.0038159298128448427
434.0 0.0028883923732792027
435.0 0.0022352429368766025
436.0 0.0015820929547771811
437.0 0.0014649267541244626
438.0 0.0013477608263201546
439.0 0.0010991064300469588
440.0 0.0008504520337737631
441.0 0.0011196496416232549
442.0 0.0013888473404222168
443.0 0.001669076482357923
444.0 0.001949305624293629
445.0 0.0019259568944107741
446.0 0.0019026081645279191
447.0 0.001721840089885518
448.0 0.0015410721971420571
449.0 0.0014368692973221187
450.0 0.0013326661246537697
451.0 0.0014893587831465993
452.0 0.0016460515325888991
453.0 0.0016134767065523192
454.0 0.0015809020624146797
455.0 0.0013786710042040795
456.0 0.0011764401278924197
457.0 0.0008677919140609447
458.0 0.00055914388212841
459.0 0.0007916558388387784
460.0 0.0010241677045996767
461.0 0.001686883479123935
462.0 0.0023495987989008427
463.0 0.0030436072847805917
464.0 0.0037376161344582215
465.0 0.004770495797856711
466.0 0.005803375825053081
467.0 0.00641804508632049
468.0 0.00703271507518366
469.0 0.006034252146491781
470.0 0.005035790309193544
471.0 0.0038675021642120555
472.0 0.002699213473533746
473.0 0.002232715814898256
474.0 0.0017662179743638262
475.0 0.0014512310372083448
476.0 0.001136244463850744
477.0 0.0009101727300731
478.0 0.0006841008598712506
479.0 0.000876461581356125
480.0 0.0010688220754673239
481.0 0.0008112613613775466
482.0 0.0005537006927625043
483.0 0.0006468642823165283
484.0 0.0007400276899716118
485.0 0.0006414063136617187
486.0 0.0005427848009276204
487.0 0.0005679029072780395
488.0 0.0005930208772042533
489.0 0.0005505901754077058
490.0 0.0005081595645606285
491.0 0.000691225477567059
492.0 0.0008742913450987544
493.0 0.0009738533663039561
494.0 0.001073415478458628
495.0 0.0009374582987220492
496.0 0.0008015010280360002
497.0 0.0011136545253975783
498.0 0.0014258077499107458
499.0 0.0013666776794707403
500.0 0.001307547790929675
501.0 0.0014858129361527972
502.0 0.0016640782632748596
503.0 0.0020119854525546543
504.0 0.0023598924599355087
505.0 0.0029045939299976453
506.0 0.0034492957638576627
507.0 0.004104969775653444
508.0 0.004760643787449226
509.0 0.005299889016896486
510.0 0.005839132791152224
511.0 0.005124763629282825
512.0 0.0044103944674134254
513.0 0.0037754893128294498
514.0 0.0031405837944475934
515.0 0.0029253502361825667
516.0 0.0027101170417154208
517.0 0.002572465382399969
518.0 0.002434813723084517
519.0 0.05332691362127662
520.0 0.008048822201089934
521.0 0.10525677353143692
522.0 0.08540808921679854
523.0 1.633693289156135e-10
524.0 0.12132391566410661
525.0 0.06323899142444134
526.0 0.174246437381953
527.0 0.1494762022048235
528.0 0.02187834761571139
529.0 0.1168612390756607
530.0 0.09803409921005368
531.0 0.19323669839650393
532.0 0.21659319754689932
533.0 0.2833425533026457
534.0 0.3950832411646843
535.0 0.5026080179959536
536.0 0.7804738357663155
537.0 1.1304819956421852
538.0 1.6912203282117844
539.0 2.625291422009468
540.0 4.1209254413843155
541.0 6.0260288417339325
542.0 8.648115396499634
543.0 11.892499029636383
544.0 15.872244536876678
545.0 20.215335488319397
546.0 25.613901019096375
547.0 32.298120856285095
548.0 40.362197160720825
549.0 48.388671875
550.0 55.0320565700531
551.0 62.61957883834839
552.0 67.78509616851807
553.0 72.42506742477417
554.0 76.30667090415955
555.0 80.35057783126831
556.0 84.11054611206055
557.0 86.65375709533691
558.0 89.73912000656128
559.0 92.6582396030426
560.0 93.20107698440552
561.0 94.89192962646484
562.0 95.57859897613525
563.0 95.08530497550964
564.0 95.77426314353943
565.0 95.06574869155884
566.0 95.65418362617493
567.0 95.15240788459778
568.0 95.60238122940063
569.0 96.37792706489563
570.0 96.06973528862
571.0 96.69021964073181
572.0 96.85543179512024
573.0 96.90890312194824
574.0 97.00682163238525
575.0 96.85876369476318
576.0 97.71894216537476
577.0 97.09750413894653
578.0 97.15946912765503
579.0 97.08269834518433
580.0 96.70100808143616
581.0 96.40007615089417
582.0 96.74699902534485
583.0 96.88311815261841
584.0 96.29110097885132
585.0 96.31710052490234
586.0 96.4133083820343
587.0 96.33925557136536
588.0 96.45998477935791
589.0 97.02244997024536
590.0 96.49942517280579
591.0 96.22859954833984
592.0 95.81752419471741
593.0 95.75520753860474
594.0 95.86511254310608
595.0 96.34324908256531
596.0 96.87258005142212
597.0 97.06271290779114
598.0 96.85561060905457
599.0 96.85191512107849
600.0 96.96692228317261
601.0 96.07204794883728
602.0 96.65476083755493
603.0 96.23567461967468
604.0 96.15252017974854
605.0 96.97690606117249
606.0 96.08772993087769
607.0 96.29213213920593
608.0 96.2908923625946
609.0 95.4702615737915
610.0 95.82226276397705
611.0 95.77791094779968
612.0 95.87962031364441
613.0 96.47960066795349
614.0 96.77412509918213
615.0 96.0431456565857
616.0 96.52420282363892
617.0 96.44875526428223
618.0 96.41088843345642
619.0 96.72314524650574
620.0 95.77783942222595
621.0 95.44968605041504
622.0 96.56205177307129
623.0 96.59961462020874
624.0 96.42578363418579
625.0 96.92094326019287
626.0 96.07765674591064
627.0 95.13288736343384
628.0 97.14744687080383
629.0 95.53551077842712
630.0 96.35694026947021
631.0 96.09239101409912
632.0 96.50434255599976
633.0 96.33029699325562
634.0 95.73624730110168
635.0 96.06122374534607
636.0 96.07973098754883
637.0 95.40899395942688
638.0 95.59240341186523
639.0 95.21489143371582
640.0 95.58547139167786
641.0 95.4465389251709
642.0 95.94740867614746
643.0 96.07952237129211
644.0 96.07981443405151
645.0 96.25775814056396
646.0 96.1614191532135
647.0 96.97033762931824
648.0 96.64046168327332
649.0 95.64889073371887
650.0 96.47342562675476
651.0 96.83078527450562
652.0 96.55808806419373
653.0 95.75931429862976
654.0 96.72613739967346
655.0 96.37613296508789
656.0 95.6523060798645
657.0 95.9979236125946
658.0 96.49492502212524
659.0 95.90613842010498
660.0 95.79822421073914
661.0 95.633065700531
662.0 95.99869847297668
663.0 95.88578343391418
664.0 95.24847269058228
665.0 95.26296854019165
666.0 95.31224966049194
667.0 95.82993388175964
668.0 94.89662647247314
669.0 95.85801959037781
670.0 95.02715468406677
671.0 95.78548073768616
672.0 95.2623963356018
673.0 95.59307098388672
674.0 94.91309523582458
675.0 95.83125710487366
676.0 95.07429599761963
677.0 93.91189217567444
678.0 93.35649609565735
679.0 92.73542165756226
680.0 91.84491038322449
681.0 90.66005945205688
682.0 88.35649490356445
683.0 85.72946190834045
684.0 82.67720937728882
685.0 78.93151640892029
686.0 75.48028826713562
687.0 71.04381322860718
688.0 66.77525043487549
689.0 62.45971918106079
690.0 57.228463888168335
691.0 53.25029492378235
692.0 48.62410128116608
693.0 44.30282413959503
694.0 39.33843970298767
695.0 34.01170074939728
696.0 28.721883893013
697.0 23.48664551973343
698.0 17.51822829246521
699.0 12.841993570327759
700.0 9.037144482135773
701.0 5.719258636236191
702.0 3.6109279841184616
703.0 2.0507747307419777
704.0 1.133127324283123
705.0 0.7076317444443703
706.0 0.4263439681380987
707.0 0.3381123999133706
708.0 0.15254546888172626
709.0 0.14519651886075735
710.0 0.12552299303933978
711.0 0.0881349144037813
712.0 0.07628549938090146
713.0 0.08723470964469016
714.0 0.023130353656597435
715.0 0.09696813067421317
716.0 0.07222925196401775
717.0 0.06899582804180682
718.0 0.06554375286214054
719.0 0.012357944797258824
720.0 1.633693289156135e-10
721.0 0.0045661003241548315
722.0 0.0043169784476049244
723.0 0.004067856934852898
724.0 0.0037435580452438444
725.0 0.0034192591556347907
726.0 0.0031701434636488557
727.0 0.0029210281354608014
728.0 0.0027448037144495174
729.0 0.002568579111539293
730.0 0.0024230434064520523
731.0 0.0022775082470616326
732.0 0.002264737122459337
733.0 0.0022519659978570417
734.0 0.002184536242566537
735.0 0.002117106305377092
736.0 0.001906773104565218
737.0 0.001696439903753344
738.0 0.001728993265714962
739.0 0.0017615468095755205
740.0 0.0017323058273177594
741.0 0.0017030650269589387
742.0 0.001513884672021959
743.0 0.0013247040442365687
744.0 0.0014022486539033707
745.0 0.0014797929907217622
746.0 0.001390783927490702
747.0 0.0013017749552091118
748.0 0.0011878631994477473
749.0 0.0010739512617874425
750.0 0.0010601754183880985
751.0 0.0010463999387866352
752.0 0.0010787452993099578
753.0 0.0011110905688838102
754.0 0.001106257059291238
755.0 0.0011014238225470763
756.0 0.0010710058631957509
757.0 0.001040587630996015
758.0 0.0010342584573663771
759.0 0.0010279291927872691
760.0 0.0010645271686371416
761.0 0.0011011254173354246
762.0 0.0010848201782209799
763.0 0.001068515393853886
764.0 0.001032072577800136
765.0 0.000995629761746386
766.0 0.0008140190402627923
767.0 0.0006324085006781388
768.0 0.0006489847237389768
769.0 0.0006655609013250796
770.0 0.0007553414434369188
771.0 0.0008451222129224334
772.0 0.0007922801160020754
773.0 0.0007394377917080419
774.0 0.0008389859431190416
775.0 0.0009385342309542466
776.0 0.0009377170499647036
777.0 0.0009368999599246308
778.0 0.0008944977707869839
779.0 0.0008520958544977475
780.0 0.0007582844773423858
781.0 0.0006644732366112294
782.0 0.0007062332315399544
783.0 0.0007479931355192093
784.0 0.0008358698323718272
785.0 0.0009237463928002398
786.0 0.000784363965067314
787.0 0.0006449816282838583
788.0 0.0006651274361502146
789.0 0.0006852734259155113
790.0 0.0007051370175759075
791.0 0.0007250006092363037
792.0 0.0007842664672352839
793.0 0.0008435324161837343
794.0 0.0008546755452698562
795.0 0.0008658183105580974
796.0 0.0007209479463199386
797.0 0.0005760775820817798
798.0 0.0007223418833746109
799.0 0.000868606184667442
800.0 0.0008340108252014033
801.0 0.0007994153747858945
802.0 0.0006848903922218597
803.0 0.0005703650458599441
804.0 0.0007001998255873332
805.0 0.0008300346053147223
806.0 0.0007190938958956394
807.0 0.0006081531864765566
808.0 0.0007351471140282229
809.0 0.0008621410415798891
810.0 0.0007529152298957342
811.0 0.0006436896910599899
812.0 0.0006552765626111068
813.0 0.0006668634341622237
814.0 0.0005755327947554179
815.0 0.00048420224629808217
816.0 0.0006129925623099552
817.0 0.0007417829692712985
818.0 0.0006641192157985643
819.0 0.0005864555078005651
820.0 0.0004705487299361266
821.0 0.0003546419748090557
822.0 0.00040969143810798414
823.0 0.0004647410150937503
824.0 0.000463397327621351
825.0 0.00046205373109842185
826.0 0.0005013636382500408
827.0 0.0005406734999269247
828.0 0.00041788662201724946
829.0 0.0002950997213702067
830.0 0.00020182933440082707
831.0 0.00010855899290618254
832.0 3.8533258361894696e-05
833.0 1.633693289156135e-10
834.0 1.633693289156135e-10
835.0 1.633693289156135e-10
836.0 0.00026775721835292643
837.0 0.0005466552011057502
838.0 0.0007302982794499258
839.0 0.0009139414032688364
840.0 0.0012217399671499152
841.0 0.001529538531030994
842.0 0.002006518843700178
843.0 0.002483499156369362
844.0 0.002401831625320483
845.0 0.002320164094271604
846.0 0.002430540553177707
847.0 0.002540916648285929
848.0 0.00251886358455522
849.0 0.0024968103389255702
850.0 0.002080156627926044
851.0 0.001663502916926518
852.0 0.0013944561942480505
853.0 0.0011254091987211723
854.0 0.00104217542684637
855.0 0.0009589413821231574
856.0 0.0007269169145729393
857.0 0.0004948925834469264
858.0 0.000563242156204069
859.0 0.0006315916380117415
860.0 0.0005110101028549252
861.0 0.0003904285222233739
862.0 0.000357381259163958
863.0 0.0003243339733671746
864.0 0.00025927174647222273
865.0 0.00019420961052674102
866.0 0.0001359511543341796
867.0 7.769267540425062e-05
868.0 0.00012929418744533905
869.0 0.00018089567674905993
870.0 6.511777428386267e-05
871.0 1.633693289156135e-10
872.0 1.633693289156135e-10
873.0 1.633693289156135e-10
874.0 1.633693289156135e-10
875.0 1.633693289156135e-10
876.0 1.633693289156135e-10
877.0 1.7435975507851253e-05
878.0 0.0001431648797733942
879.0 0.00026889376840699697
880.0 0.0001857684196693299
881.0 0.0001026430709316628
882.0 5.995958645144128e-05
883.0 1.7276146024869377e-05
884.0 1.633693289156135e-10
885.0 1.633693289156135e-10
886.0 1.633693289156135e-10
887.0 9.782022516446887e-05
888.0 0.00014426215102503193
889.0 0.00019070406551691121
890.0 0.0001688008978817379
891.0 0.00014689771887788083
892.0 9.340449480532698e-06
893.0 1.633693289156135e-10
894.0 1.633693289156135e-10
895.0 0.00011750103112717625
896.0 4.368141333088715e-05
897.0 1.633693289156135e-10
898.0 3.4163875284320966e-05
899.0 9.846589819062501e-05
900.0 5.492022836506294e-06
901.0 1.633693289156135e-10
