ts8/qe_curve/rtm-019_s00/19700101T000000.ecsv
# %ECSV 0.9
# ---
# datatype:
# - {name: amp_name, datatype: string}
# - {name: wavelength, unit: nm, datatype: float32}
# - {name: efficiency, unit: '%', datatype: float32}
# meta: !!omap
# - {MODE: AMP}
# - {TYPE: QE}
# - {CALIBDATE: '1970-01-01T00:00:00'}
# - {INSTRUME: TS8}
# - {OBSTYPE: qe_curve}
# - {DETECTOR: 135}
# - {PICKLEFILE: RaftRun11808.p}
# - {CALIB_ID: 'raftName=RTM-019 detectorName=S00 detector=135 calibDate=1970-01-01T00:00:00 ccd=135 ccdnum=135 filter=None'}
# - {DATE: '2020-01-23T13:37:35.829928'}
# - {CALIB_CREATION_DATE: '2020-01-23'}
# - {CALIB_CREATION_TIME: '13:37:35'}
# - __serialized_columns__:
#     efficiency:
#       __class__: astropy.units.quantity.Quantity
#       unit: !astropy.units.Unit {unit: '%'}
#       value: !astropy.table.SerializedColumn {name: efficiency}
#     wavelength:
#       __class__: astropy.units.quantity.Quantity
#       unit: !astropy.units.Unit {unit: nm}
#       value: !astropy.table.SerializedColumn {name: wavelength}
# schema: astropy-2.0
amp_name wavelength efficiency
C07 319.994 42.68053
C07 324.969 48.26111
C07 349.982 73.72167
C07 374.975 80.043144
C07 400.019 85.803986
C07 424.965 87.05465
C07 450.035 88.41289
C07 475.003 90.52109
C07 500.018 93.20548
C07 525.002 93.808876
C07 550.029 95.438385
C07 575.023 96.86029
C07 599.982 98.02751
C07 619.997 98.63421
C07 624.979 98.51432
C07 650.012 98.9676
C07 675.004 99.31889
C07 700.03 99.27195
C07 725.012 98.90225
C07 750.022 98.425835
C07 774.987 98.49364
C07 799.976 97.38869
C07 824.988 96.11201
C07 850.022 93.6691
C07 869.967 90.2904
C07 875.002 89.90526
C07 899.999 82.345505
C07 919.999 74.46801
C07 925.012 71.11451
C07 949.965 57.346012
C07 975.002 42.877804
C07 999.976 26.343311
C07 1025.028 11.556182
C07 1050.014 4.0384703
C07 1075.002 2.1432438
C07 1099.99 1.6859039
C12 319.994 43.21919
C12 324.969 48.863075
C12 349.982 74.1995
C12 374.975 80.011894
C12 400.019 85.58602
C12 424.965 86.810165
C12 450.035 88.17417
C12 475.003 90.27947
C12 500.018 92.94997
C12 525.002 93.54038
C12 550.029 95.13862
C12 575.023 96.52943
C12 599.982 97.66258
C12 619.997 98.24378
C12 624.979 98.1138
C12 650.012 98.541435
C12 675.004 98.886314
C12 700.03 98.91703
C12 725.012 98.819145
C12 750.022 98.68414
C12 774.987 99.0889
C12 799.976 98.117874
C12 824.988 96.791084
C12 850.022 94.40582
C12 869.967 91.21785
C12 875.002 90.83278
C12 899.999 82.70602
C12 919.999 74.492516
C12 925.012 71.092
C12 949.965 58.238895
C12 975.002 43.66031
C12 999.976 26.50695
C12 1025.028 11.470984
C12 1050.014 4.0058303
C12 1075.002 2.188091
C12 1099.99 1.7177547
C02 319.994 41.62044
C02 324.969 47.049904
C02 349.982 71.46487
C02 374.975 77.64984
C02 400.019 84.314575
C02 424.965 86.078354
C02 450.035 87.71723
C02 475.003 89.98682
C02 500.018 92.76508
C02 525.002 93.42888
C02 550.029 95.07927
C02 575.023 96.50678
C02 599.982 97.66795
C02 619.997 98.27139
C02 624.979 98.14702
C02 650.012 98.59208
C02 675.004 98.94121
C02 700.03 98.91748
C02 725.012 98.64238
C02 750.022 98.290436
C02 774.987 98.484245
C02 799.976 97.43717
C02 824.988 96.15822
C02 850.022 93.743385
C02 869.967 90.510315
C02 875.002 90.09669
C02 899.999 82.475334
C02 919.999 74.50953
C02 925.012 71.04292
C02 949.965 57.736248
C02 975.002 42.912895
C02 999.976 26.14516
C02 1025.028 11.490739
C02 1050.014 4.017256
C02 1075.002 2.1757398
C02 1099.99 1.6921029
C01 319.994 41.43422
C01 324.969 46.83913
C01 349.982 71.06402
C01 374.975 77.21621
C01 400.019 84.1369
C01 424.965 86.038055
C01 450.035 87.762726
C01 475.003 90.077385
C01 500.018 92.88697
C01 525.002 93.57041
C01 550.029 95.235695
C01 575.023 96.669586
C01 599.982 97.83479
C01 619.997 98.44042
C01 624.979 98.314
C01 650.012 98.75807
C01 675.004 99.10085
C01 700.03 99.0698
C01 725.012 98.775505
C01 750.022 98.39414
C01 774.987 98.56301
C01 799.976 97.50609
C01 824.988 96.249565
C01 850.022 93.83157
C01 869.967 90.58466
C01 875.002 90.18972
C01 899.999 82.759155
C01 919.999 74.72884
C01 925.012 71.23896
C01 949.965 57.738388
C01 975.002 42.96506
C01 999.976 26.226833
C01 1025.028 11.5437975
C01 1050.014 4.0434494
C01 1075.002 2.1765478
C01 1099.99 1.6968879
C10 319.994 43.491703
C10 324.969 49.181675
C10 349.982 74.83386
C10 374.975 80.71251
C10 400.019 86.11463
C10 424.965 87.23221
C10 450.035 88.54138
C10 475.003 90.61825
C10 500.018 93.27972
C10 525.002 93.864685
C10 550.029 95.469376
C10 575.023 96.86564
C10 599.982 98.00467
C10 619.997 98.59293
C10 624.979 98.46925
C10 650.012 98.90077
C10 675.004 99.245316
C10 700.03 99.272415
C10 725.012 99.1551
C10 750.022 98.993034
C10 774.987 99.37188
C10 799.976 98.38251
C10 824.988 97.064766
C10 850.022 94.63948
C10 869.967 91.38796
C10 875.002 91.03065
C10 899.999 82.98371
C10 919.999 74.61309
C10 925.012 71.20561
C10 949.965 58.149704
C10 975.002 43.773464
C10 999.976 26.781496
C10 1025.028 11.578926
C10 1050.014 3.9952724
C10 1075.002 2.184736
C10 1099.99 1.7160356
C03 319.994 41.892952
C03 324.969 47.35767
C03 349.982 71.98666
C03 374.975 78.1575
C03 400.019 84.61144
C03 424.965 86.258255
C03 450.035 87.83453
C03 475.003 90.069626
C03 500.018 92.82621
C03 525.002 93.474594
C03 550.029 95.11363
C03 575.023 96.53758
C03 599.982 97.6966
C03 619.997 98.29768
C03 624.979 98.175385
C03 650.012 98.61894
C03 675.004 98.96781
C03 700.03 98.94189
C03 725.012 98.65914
C03 750.022 98.297676
C03 774.987 98.481575
C03 799.976 97.427956
C03 824.988 96.135765
C03 850.022 93.7081
C03 869.967 90.54324
C03 875.002 90.16404
C03 899.999 82.287895
C03 919.999 74.28803
C03 925.012 70.973465
C03 949.965 57.766434
C03 975.002 42.95234
C03 999.976 26.134333
C03 1025.028 11.387734
C03 1050.014 3.9712925
C03 1075.002 2.1773741
C03 1099.99 1.7024221
C13 319.994 43.169426
C13 324.969 48.804905
C13 349.982 74.05185
C13 374.975 79.835075
C13 400.019 85.5171
C13 424.965 86.80518
C13 450.035 88.200096
C13 475.003 90.32604
C13 500.018 93.0126
C13 525.002 93.610054
C13 550.029 95.212456
C13 575.023 96.6042
C13 599.982 97.73726
C13 619.997 98.31992
C13 624.979 98.18897
C13 650.012 98.61502
C13 675.004 98.9577
C13 700.03 98.993965
C13 725.012 98.90907
C13 750.022 98.78853
C13 774.987 99.21028
C13 799.976 98.24606
C13 824.988 96.92347
C13 850.022 94.554
C13 869.967 91.36007
C13 875.002 90.93201
C13 899.999 82.89608
C13 919.999 74.75362
C13 925.012 71.19026
C13 949.965 58.382446
C13 975.002 43.76566
C13 999.976 26.467548
C13 1025.028 11.565664
C13 1050.014 4.0343404
C13 1075.002 2.1900403
C13 1099.99 1.7189806
C14 319.994 42.99087
C14 324.969 48.602478
C14 349.982 73.67712
C14 374.975 79.413414
C14 400.019 85.218155
C14 424.965 86.57745
C14 450.035 88.01605
C14 475.003 90.16675
C14 500.018 92.864555
C14 525.002 93.47095
C14 550.029 95.07574
C14 575.023 96.467155
C14 599.982 97.5976
C14 619.997 98.178696
C14 624.979 98.04851
C14 650.012 98.472
C14 675.004 98.812775
C14 700.03 98.85
C14 725.012 98.771614
C14 750.022 98.65981
C14 774.987 99.085594
C14 799.976 98.13094
C14 824.988 96.817856
C14 850.022 94.45003
C14 869.967 91.30332
C14 875.002 90.86889
C14 899.999 82.90098
C14 919.999 74.75361
C14 925.012 71.09993
C14 949.965 58.391857
C14 975.002 43.876583
C14 999.976 26.549784
C14 1025.028 11.597006
C14 1050.014 4.0165143
C14 1075.002 2.1858532
C14 1099.99 1.7181855
C16 319.994 42.82577
C16 324.969 48.414204
C16 349.982 73.242165
C16 374.975 78.88975
C16 400.019 84.95098
C16 424.965 86.464645
C16 450.035 87.99157
C16 475.003 90.196396
C16 500.018 92.929504
C16 525.002 93.552704
C16 550.029 95.171745
C16 575.023 96.56591
C16 599.982 97.6959
C16 619.997 98.27054
C16 624.979 98.142426
C16 650.012 98.560844
C16 675.004 98.89245
C16 700.03 98.916405
C16 725.012 98.794014
C16 750.022 98.63312
C16 774.987 99.00963
C16 799.976 98.03307
C16 824.988 96.748924
C16 850.022 94.4083
C16 869.967 91.31568
C16 875.002 90.964645
C16 899.999 83.14262
C16 919.999 74.932976
C16 925.012 71.52842
C16 949.965 58.664062
C16 975.002 43.987595
C16 999.976 26.690556
C16 1025.028 11.579634
C16 1050.014 4.0262027
C16 1075.002 2.203715
C16 1099.99 1.7310015
C17 319.994 42.633327
C17 324.969 48.194427
C17 349.982 72.86896
C17 374.975 78.48035
C17 400.019 84.641335
C17 424.965 86.2169
C17 450.035 87.777145
C17 475.003 90.002464
C17 500.018 92.745346
C17 525.002 93.377495
C17 550.029 94.992905
C17 575.023 96.38634
C17 599.982 97.51272
C17 619.997 98.08773
C17 624.979 97.96014
C17 650.012 98.37548
C17 675.004 98.702644
C17 700.03 98.69947
C17 725.012 98.508064
C17 750.022 98.26251
C17 774.987 98.553
C17 799.976 97.5507
C17 824.988 96.29899
C17 850.022 93.982735
C17 869.967 90.92023
C17 875.002 90.6034
C17 899.999 82.952156
C17 919.999 74.86596
C17 925.012 71.513466
C17 949.965 58.552303
C17 975.002 43.955265
C17 999.976 26.63935
C17 1025.028 11.613065
C17 1050.014 4.0543866
C17 1075.002 2.2098365
C17 1099.99 1.7312133
C06 319.994 42.45796
C06 324.969 48.003014
C06 349.982 73.2372
C06 374.975 79.51758
C06 400.019 85.409424
C06 424.965 86.73645
C06 450.035 88.13615
C06 475.003 90.26192
C06 500.018 92.95501
C06 525.002 93.564766
C06 550.029 95.18858
C06 575.023 96.60522
C06 599.982 97.76488
C06 619.997 98.3705
C06 624.979 98.25221
C06 650.012 98.702576
C06 675.004 99.05256
C06 700.03 99.00994
C06 725.012 98.658585
C06 750.022 98.20815
C06 774.987 98.30322
C06 799.976 97.211174
C06 824.988 95.93803
C06 850.022 93.49378
C06 869.967 90.18584
C06 875.002 89.82259
C06 899.999 82.248795
C06 919.999 74.2846
C06 925.012 70.90343
C06 949.965 57.29416
C06 975.002 42.982334
C06 999.976 26.274702
C06 1025.028 11.528211
C06 1050.014 4.0122814
C06 1075.002 2.150706
C06 1099.99 1.6876909
C00 319.994 41.110672
C00 324.969 46.47325
C00 349.982 70.456184
C00 374.975 76.5597
C00 400.019 83.65802
C00 424.965 85.67205
C00 450.035 87.45714
C00 475.003 89.80565
C00 500.018 92.63446
C00 525.002 93.32679
C00 550.029 95.00405
C00 575.023 96.441124
C00 599.982 97.60523
C00 619.997 98.20331
C00 624.979 98.0818
C00 650.012 98.5213
C00 675.004 98.858604
C00 700.03 98.80702
C00 725.012 98.446915
C00 750.022 97.98769
C00 774.987 98.07247
C00 799.976 96.997536
C00 824.988 95.76423
C00 850.022 93.35851
C00 869.967 90.208046
C00 875.002 89.83703
C00 899.999 82.48745
C00 919.999 74.62965
C00 925.012 71.18575
C00 949.965 57.656696
C00 975.002 42.95988
C00 999.976 26.23288
C00 1025.028 11.535729
C00 1050.014 4.0699177
C00 1075.002 2.1842437
C00 1099.99 1.6992476
C15 319.994 42.72131
C15 324.969 48.29377
C15 349.982 73.13432
C15 374.975 78.820854
C15 400.019 84.740616
C15 424.965 86.176125
C15 450.035 87.65872
C15 475.003 89.826065
C15 500.018 92.53434
C15 525.002 93.149185
C15 550.029 94.75123
C15 575.023 96.14052
C15 599.982 97.26607
C15 619.997 97.84217
C15 624.979 97.7127
C15 650.012 98.12996
C15 675.004 98.47032
C15 700.03 98.50307
C15 725.012 98.416916
C15 750.022 98.29512
C15 774.987 98.71079
C15 799.976 97.75295
C15 824.988 96.45827
C15 850.022 94.11724
C15 869.967 90.99429
C15 875.002 90.62177
C15 899.999 82.74124
C15 919.999 74.5008
C15 925.012 71.08732
C15 949.965 58.315548
C15 975.002 43.67737
C15 999.976 26.515047
C15 1025.028 11.527362
C15 1050.014 3.998363
C15 1075.002 2.1834645
C15 1099.99 1.7169076
C11 319.994 43.40934
C11 324.969 49.081036
C11 349.982 74.60068
C11 374.975 80.45621
C11 400.019 85.95046
C11 424.965 87.122086
C11 450.035 88.45557
C11 475.003 90.549736
C11 500.018 93.217545
C11 525.002 93.80121
C11 550.029 95.40456
C11 575.023 96.798584
C11 599.982 97.93214
C11 619.997 98.518326
C11 624.979 98.39315
C11 650.012 98.82348
C11 675.004 99.1654
C11 700.03 99.19692
C11 725.012 99.08733
C11 750.022 98.93632
C11 774.987 99.326706
C11 799.976 98.34285
C11 824.988 97.02459
C11 850.022 94.60932
C11 869.967 91.40182
C11 875.002 91.04303
C11 899.999 82.931145
C11 919.999 74.58637
C11 925.012 71.18663
C11 949.965 58.22333
C11 975.002 43.79436
C11 999.976 26.685284
C11 1025.028 11.507728
C11 1050.014 3.9860787
C11 1075.002 2.1901975
C11 1099.99 1.7194681
C05 319.994 42.314922
C05 324.969 47.83702
C05 349.982 72.91655
C05 374.975 79.19723
C05 400.019 85.24988
C05 424.965 86.6629
C05 450.035 88.11091
C05 475.003 90.26751
C05 500.018 92.97504
C05 525.002 93.59808
C05 550.029 95.22875
C05 575.023 96.650856
C05 599.982 97.80833
C05 619.997 98.41408
C05 624.979 98.29123
C05 650.012 98.74485
C05 675.004 99.090744
C05 700.03 99.05457
C05 725.012 98.72697
C05 750.022 98.307465
C05 774.987 98.43461
C05 799.976 97.35668
C05 824.988 96.08245
C05 850.022 93.627686
C05 869.967 90.43662
C05 875.002 90.0959
C05 899.999 82.32254
C05 919.999 74.24707
C05 925.012 70.877396
C05 949.965 57.524338
C05 975.002 43.17233
C05 999.976 26.271187
C05 1025.028 11.45946
C05 1050.014 3.9826314
C05 1075.002 2.1639094
C05 1099.99 1.6978098
C04 319.994 42.130527
C04 324.969 47.62713
C04 349.982 72.48078
C04 374.975 78.69252
C04 400.019 84.95465
C04 424.965 86.48999
C04 450.035 88.00637
C04 475.003 90.206
C04 500.018 92.93836
C04 525.002 93.57287
C04 550.029 95.210724
C04 575.023 96.63314
C04 599.982 97.79145
C04 619.997 98.392586
C04 624.979 98.27055
C04 650.012 98.72008
C04 675.004 99.06899
C04 700.03 99.03659
C04 725.012 98.73126
C04 750.022 98.34294
C04 774.987 98.49872
C04 799.976 97.43845
C04 824.988 96.14981
C04 850.022 93.69866
C04 869.967 90.57108
C04 875.002 90.208954
C04 899.999 82.26786
C04 919.999 74.269516
C04 925.012 70.90744
C04 949.965 57.723133
C04 975.002 43.167133
C04 999.976 26.2732
C04 1025.028 11.384375
C04 1050.014 3.9619746
C04 1075.002 2.1692095
C04 1099.99 1.7052276
