lsstCam/transmission_filter_detector/r24_s02/y_10/19700101T000000.ecsv
# %ECSV 1.0
# ---
# datatype:
# - {name: wavelength, unit: nm, datatype: float32}
# - {name: efficiency, unit: '%', datatype: float64}
# meta: !!omap
# - {MODE: DETECTOR}
# - {TYPE: transmission_filter_detector}
# - {CALIBDATE: '1970-01-01T00:00:00'}
# - {INSTRUME: LSSTCam}
# - {OBSTYPE: transmission_filter_detector}
# - {CALIBCLS: lsst.ip.isr.IntermediateFilterDetectorTransmissionCurve}
# - {SOURCE: Materion (DM-46256)}
# - {DETECTOR: 110}
# - {FILTER: y_10}
# - {CALIB_ID: 'calibDate=1970-01-01T00:00:00 filter=y_10 detector=110'}
# - {DATE: '2025-04-02T15:59:51.252899'}
# - {CALIB_CREATION_DATE: '2025-04-02'}
# - {CALIB_CREATION_TIME: '15:59:51'}
# - __serialized_columns__:
#     efficiency:
#       __class__: astropy.units.quantity.Quantity
#       unit: !astropy.units.Unit {unit: '%'}
#       value: !astropy.table.SerializedColumn {name: efficiency}
#     wavelength:
#       __class__: astropy.units.quantity.Quantity
#       unit: !astropy.units.Unit {unit: nm}
#       value: !astropy.table.SerializedColumn {name: wavelength}
# schema: astropy-2.0
wavelength efficiency
300.0 0.5266522988677025
301.0 0.284382957033813
302.0 0.042113589006476104
303.0 0.03496127319522202
304.0 0.027808963204734027
305.0 0.01896350586321205
306.0 0.010118047066498548
307.0 0.015858396363910288
308.0 0.021598744206130505
309.0 0.015101226745173335
310.0 0.00860370637383312
311.0 0.008097204408841208
312.0 0.007590700261062011
313.0 0.007991381426109001
314.0 0.008392062591155991
315.0 0.007425696094287559
316.0 0.006459331780206412
317.0 0.0058172925491817296
318.0 0.005175251135369763
319.0 0.0019192882973584346
320.0 1.706775888156431e-10
321.0 0.0013225841030362062
322.0 0.003981844201916829
323.0 0.002889280585804954
324.0 0.0017967173334909603
325.0 0.00047472176447627135
326.0 1.706775888156431e-10
327.0 0.00018899791029980406
328.0 0.0012252699889359064
329.0 0.0031332383514381945
330.0 0.005041206895839423
331.0 0.003850911889458075
332.0 0.0026606165192788467
333.0 0.0022184507542988285
334.0 0.0017762844436219893
335.0 0.0016297597539960407
336.0 0.0014832352462690324
337.0 0.002448242776154075
338.0 0.003413249578443356
339.0 0.0019589331714087166
340.0 0.0005046165370004019
341.0 1.706775888156431e-10
342.0 1.706775888156431e-10
343.0 0.00023125551251723664
344.0 0.0011155657375638839
345.0 0.0014501048099191394
346.0 0.001784644518920686
347.0 0.0017710885003907606
348.0 0.0017575322999618948
349.0 0.001504981173638953
350.0 0.0012524299563665409
351.0 0.0013534268873627298
352.0 0.0014544231817126274
353.0 0.001188638179883128
354.0 0.0009228530871041585
355.0 0.0010972752534144092
356.0 0.00127169741972466
357.0 0.0008400631486438215
358.0 0.0004084286501893075
359.0 0.000684941369399894
360.0 0.0009614541340852156
361.0 0.001202783369080862
362.0 0.001444112331228098
363.0 0.001118156887969235
364.0 0.0007922009899630211
365.0 0.0012273486390768085
366.0 0.0016624966519884765
367.0 0.0020409090211614966
368.0 0.0024193212084355764
369.0 0.002107782165694516
370.0 0.0017962433048523962
371.0 0.0017558792023919523
372.0 0.001715514918032568
373.0 0.002165595469705295
374.0 0.0026156758394790813
375.0 0.0034114011214114726
376.0 0.0042071267671417445
377.0 0.0040756283851806074
378.0 0.00394413000321947
379.0 0.003487339199637063
380.0 0.0030305480322567746
381.0 0.002034013050433714
382.0 0.0010374777048127726
383.0 0.0012377643543004524
384.0 0.0014380505490407813
385.0 0.0010954592653433792
386.0 0.0007528680271207122
387.0 0.0007653067768842448
388.0 0.0007777455721225124
389.0 0.0006373798441927647
390.0 0.0004970142981619574
391.0 0.0004876639650319703
392.0 0.00047831372285145335
393.0 0.0005650286766467616
394.0 0.0006517437668662751
395.0 0.0006258278972381959
396.0 0.0005999120730848517
397.0 0.0008135265488817822
398.0 0.0010271410246787127
399.0 0.0012445798347471282
400.0 0.0014620185538660735
401.0 0.0016276220776489936
402.0 0.001793225783330854
403.0 0.0018617523892316967
404.0 0.001930278813233599
405.0 0.0018616541638039052
406.0 0.0017930296962731518
407.0 0.0015309315131162293
408.0 0.0012688332390098367
409.0 0.0009934550689649768
410.0 0.0007180766260717064
411.0 9.649654657550855e-05
412.0 1.706775888156431e-10
413.0 0.00048095998863573186
414.0 0.0014870031918690074
415.0 0.001871684071375057
416.0 0.0022563652237295173
417.0 0.001275077011086978
418.0 0.0002937885938081308
419.0 1.706775888156431e-10
420.0 1.706775888156431e-10
421.0 2.5334978559499177e-07
422.0 0.0008338130101037677
423.0 0.0007717159860476386
424.0 0.0007096186891430989
425.0 1.706775888156431e-10
426.0 1.706775888156431e-10
427.0 1.706775888156431e-10
428.0 0.00042178548937954474
429.0 0.0001079663661585073
430.0 1.706775888156431e-10
431.0 0.00046419454520219006
432.0 0.0011342421203153208
433.0 0.000652748667562264
434.0 0.00017125579461207963
435.0 1.706775888156431e-10
436.0 1.706775888156431e-10
437.0 7.573704579044716e-05
438.0 0.0004715100658359006
439.0 5.262168656372523e-06
440.0 1.706775888156431e-10
441.0 1.706775888156431e-10
442.0 1.706775888156431e-10
443.0 1.706775888156431e-10
444.0 1.706775888156431e-10
445.0 1.706775888156431e-10
446.0 1.706775888156431e-10
447.0 0.00041949288061005063
448.0 0.0009219887033395935
449.0 0.0008857590728439391
450.0 0.0008495292604493443
451.0 0.00017834200889410567
452.0 1.706775888156431e-10
453.0 1.706775888156431e-10
454.0 1.706775888156431e-10
455.0 1.706775888156431e-10
456.0 1.706775888156431e-10
457.0 3.073301684253238e-05
458.0 0.0001342318682873156
459.0 0.00027390244667913066
460.0 0.0004135730705456808
461.0 0.00039451560951420106
462.0 0.00037545817122008884
463.0 0.0004111514499527402
464.0 0.00044684479689749423
465.0 0.00038621069506916683
466.0 0.00032557670692767715
467.0 0.0008585419891460333
468.0 0.0013915069757786114
469.0 0.0014557554095517844
470.0 0.0015200032066786662
471.0 0.0016888736354303546
472.0 0.001857744064182043
473.0 0.0023684116968070157
474.0 0.0028790795113309287
475.0 0.0028105603632866405
476.0 0.0027420413971412927
477.0 0.0030440945920418017
478.0 0.0033461477869423106
479.0 0.003894020483130589
480.0 0.004441893179318868
481.0 0.0046705692511750385
482.0 0.004899245323031209
483.0 0.003977355299866758
484.0 0.003055464185308665
485.0 0.0033500571589684114
486.0 0.0036446494050323963
487.0 0.0030057870390010066
488.0 0.0023669243091717362
489.0 0.002009037234529387
490.0 0.0016511507055838592
491.0 0.0015642986909369938
492.0 0.0014774464034417178
493.0 0.0012731547030853108
494.0 0.0010688633665267844
495.0 0.0013161412425688468
496.0 0.0015634192095603794
497.0 0.0020525112631730735
498.0 0.002541603498684708
499.0 0.0025615348931751214
500.0 0.0025814661057665944
501.0 0.0023380031052511185
502.0 0.0020945404685335234
503.0 0.0023769420295138843
504.0 0.0026593435904942453
505.0 0.0031695217330707237
506.0 0.003679700239445083
507.0 0.0026864394385484047
508.0 0.0016931775462580845
509.0 0.0019832248653983697
510.0 0.0022732718207407743
511.0 0.0020065150238224305
512.0 0.0017397584088030271
513.0 0.001838482785387896
514.0 0.0019372075257706456
515.0 0.0017007996575557627
516.0 0.0014643916983914096
517.0 0.0014727201232744846
518.0 0.001481048184359679
519.0 0.001555410744913388
520.0 0.0016297730326186866
521.0 0.0016161873645614833
522.0 0.0016026015146053396
523.0 0.001498566780355759
524.0 0.0013945320461061783
525.0 0.0019439430616330355
526.0 0.002493354804755654
527.0 0.002459179813740775
528.0 0.0024250051865237765
529.0 0.0026293275368516333
530.0 0.002833649341482669
531.0 0.0026633131710696034
532.0 0.002492976636858657
533.0 0.0023907952709123492
534.0 0.0022886133592692204
535.0 0.002070114351226948
536.0 0.0018516149793867953
537.0 0.00222531525650993
538.0 0.002599015351734124
539.0 0.0032327610824722797
540.0 0.003866506085614674
541.0 0.004123516919207759
542.0 0.004380527752800845
543.0 0.004455219823285006
544.0 0.004529912257567048
545.0 0.004736905611935072
546.0 0.004943898966303095
547.0 0.004112509122933261
548.0 0.0032811189157655463
549.0 0.0029400227504083887
550.0 0.0025989264031522907
551.0 0.00242908536165487
552.0 0.0022592441382585093
553.0 0.00284868547169026
554.0 0.003438126077526249
555.0 0.0038035137549741194
556.0 0.0041689017962198704
557.0 0.0037586021790048108
558.0 0.0033483029255876318
559.0 0.003292364635854028
560.0 0.0032364263461204246
561.0 0.003456674312474206
562.0 0.003676921915030107
563.0 0.003325611396576278
564.0 0.002974300878122449
565.0 0.003630236824392341
566.0 0.004286173134460114
567.0 0.004622993219527416
568.0 0.004959812940796837
569.0 0.0056166769354604185
570.0 0.006273540930124
571.0 0.00641241276753135
572.0 0.006551284604938701
573.0 0.006723029218846932
574.0 0.006894774560350925
575.0 0.006803106225561351
576.0 0.0067114378907717764
577.0 0.005771930955233984
578.0 0.004832424383494072
579.0 0.005488536044140346
580.0 0.006144648068584502
581.0 0.006705473060719669
582.0 0.007266298052854836
583.0 0.008513504144502804
584.0 0.009760707325767726
585.0 0.01026387108140625
586.0 0.010767034109449014
587.0 0.01059230271494016
588.0 0.010417568410048261
589.0 0.010526592086534947
590.0 0.010635616490617394
591.0 0.00984387079370208
592.0 0.009052125096786767
593.0 0.007407944940496236
594.0 0.00576376733079087
595.0 0.005559859346249141
596.0 0.005355951361707412
597.0 0.005943542419117875
598.0 0.00653113384032622
599.0 0.0075761556217912585
600.0 0.008621176675660536
601.0 0.009148463141173124
602.0 0.009675747423898429
603.0 0.010594280320219696
604.0 0.011512813216540962
605.0 0.011514214565977454
606.0 0.011515615915413946
607.0 0.009886030602501705
608.0 0.008256447472376749
609.0 0.006578393367817625
610.0 0.004900341082247905
611.0 0.004107329732505605
612.0 0.0033143187465611845
613.0 0.003627322075772099
614.0 0.003940325041185133
615.0 0.004671737769967876
616.0 0.0054031508625485
617.0 0.006670784205198288
618.0 0.007938417547848076
619.0 0.008897430961951613
620.0 0.009856444376055151
621.0 0.010727017797762528
622.0 0.011597589764278382
623.0 0.011818204075098038
624.0 0.012038814020343125
625.0 0.010592993203317747
626.0 0.009147168748313561
627.0 0.00725515783415176
628.0 0.005363144009606913
629.0 0.004412432463141158
630.0 0.0034617212804732844
631.0 0.0029731596441706643
632.0 0.002484598371665925
633.0 0.0025129249479505233
634.0 0.002541251524235122
635.0 0.003016123446286656
636.0 0.0034909950045403093
637.0 0.004151943721808493
638.0 0.004812892075278796
639.0 0.0049052407121052966
640.0 0.004997588621336035
641.0 0.00539878528797999
642.0 0.005799981954623945
643.0 0.005483078712131828
644.0 0.005166175469639711
645.0 0.004951833761879243
646.0 0.004737491326523013
647.0 0.003890266816597432
648.0 0.003043042670469731
649.0 0.0021518635549000464
650.0 0.0012606844393303618
651.0 0.0013795322047371883
652.0 0.0014983803339418955
653.0 0.0016294648958137259
654.0 0.0017605494576855563
655.0 0.001638278627069667
656.0 0.0015160077055043075
657.0 0.0015873323718551546
658.0 0.0016586573110544123
659.0 0.0018571605323813856
660.0 0.002055663753708359
661.0 0.0017371572539559565
662.0 0.0014186507542035542
663.0 0.002199460141127929
664.0 0.0029802698918501846
665.0 0.0034101605706382543
666.0 0.0038400510675273836
667.0 0.004563095717458054
668.0 0.0052861389121972024
669.0 0.005379141293815337
670.0 0.005472140037454665
671.0 0.006241322262212634
672.0 0.007010505214566365
673.0 0.007999408262548968
674.0 0.008988308400148526
675.0 0.008377378253499046
676.0 0.0077664488344453275
677.0 0.006247514102142304
678.0 0.004728579369839281
679.0 0.0031986815884010866
680.0 0.001668785080255475
681.0 0.0008737906682654284
682.0 7.87960914294672e-05
683.0 0.0002565301201684633
684.0 0.0004342642114352202
685.0 0.00029131290375516983
686.0 0.00014836152786301682
687.0 0.0001286144993173366
688.0 0.00010886747077165637
689.0 0.0001441871404495032
690.0 0.0001795068214960338
691.0 0.00032972316148516256
692.0 0.00047993949010560755
693.0 0.00046181621655705385
694.0 0.0004436928065842949
695.0 0.0003612037517086719
696.0 0.0002787146286209463
697.0 0.0003867126451950753
698.0 0.0004947105935571017
699.0 0.000465953553430154
700.0 0.00043719628592953086
701.0 0.000334535502588551
702.0 0.00023187474198493874
703.0 0.0002517223720133188
704.0 0.000271570047516434
705.0 0.0002716586095630191
706.0 0.0002717469897106639
707.0 0.00011499096217448823
708.0 1.706775888156431e-10
709.0 7.514249773521442e-05
710.0 0.0001920500608321163
711.0 0.00035454786484478973
712.0 0.0005170456915948307
713.0 0.00029774037102470174
714.0 7.843509592930786e-05
715.0 0.00034730267088889377
716.0 0.0006161702003737446
717.0 0.00047017533688631374
718.0 0.00032418040518678026
719.0 0.0004653142241295427
720.0 0.0006064478839107323
721.0 0.0004795515906153014
722.0 0.00035265534279460553
723.0 0.0002656676542756031
724.0 0.00017867996575660072
725.0 0.0004640408860723255
726.0 0.0007494019882869907
727.0 0.0003804294465226121
728.0 1.1457159132532979e-05
729.0 0.0003230074753446388
730.0 0.0006345579549815739
731.0 0.0007392487987090135
732.0 0.0008439398698101286
733.0 0.00040148738662537653
734.0 1.706775888156431e-10
735.0 1.706775888156431e-10
736.0 1.706775888156431e-10
737.0 0.0002933303903773776
738.0 0.0008205622179957572
739.0 0.0006725260391249321
740.0 0.0005244895419309614
741.0 0.00031372401281259954
742.0 0.00010295844958818634
743.0 3.432112976042845e-05
744.0 1.706775888156431e-10
745.0 0.0003028616220035474
746.0 0.0006400395250238944
747.0 0.0003905268840753706
748.0 0.00014101423175816308
749.0 3.6457774399423215e-05
750.0 1.706775888156431e-10
751.0 6.01906833708199e-05
752.0 0.0001884799416984606
753.0 0.0002913043090302381
754.0 0.0003941286195185967
755.0 1.706775888156431e-10
756.0 1.706775888156431e-10
757.0 1.706775888156431e-10
758.0 1.706775888156431e-10
759.0 0.00015158806263571023
760.0 0.0007716562322457321
761.0 0.0003379566805961076
762.0 1.706775888156431e-10
763.0 1.706775888156431e-10
764.0 1.706775888156431e-10
765.0 0.00010188128953814157
766.0 0.0005517128556675743
767.0 0.00011093807188444771
768.0 1.706775888156431e-10
769.0 1.706775888156431e-10
770.0 1.706775888156431e-10
771.0 1.706775888156431e-10
772.0 1.706775888156431e-10
773.0 0.0002597551656435826
774.0 0.0007336575436056592
775.0 0.00037377196804300183
776.0 1.3886251792882831e-05
777.0 0.0002582963816166739
778.0 0.0005027064617024735
779.0 0.0005364646767702652
780.0 0.000570222891838057
781.0 0.0005769014478573808
782.0 0.0005835799129272345
783.0 0.00045948318074806593
784.0 0.00033538647130626487
785.0 0.00021103612652950687
786.0 8.668541227052629e-05
787.0 0.00043842119339387864
788.0 0.0007901569006207865
789.0 0.0008242082003562246
790.0 0.0008582595910411328
791.0 0.0006595641934836749
792.0 0.0004608687049767468
793.0 0.0005382653398555703
794.0 0.0006156617473607184
795.0 0.0006766861588403117
796.0 0.0007377105248451699
797.0 0.00037422457808133913
798.0 1.0738742872717921e-05
799.0 0.0005613739631371573
800.0 0.0011120091585326008
801.0 0.0006729606411681743
802.0 0.00023391210106638027
803.0 0.00037502063605643343
804.0 0.000516129148309119
805.0 0.0007713365448580589
806.0 0.0010265439414069988
807.0 0.0006444989594456274
808.0 0.0002624540229589911
809.0 0.00011698092521328363
810.0 1.706775888156431e-10
811.0 0.0002590927351775463
812.0 0.0005466774837259436
813.0 0.0007146738880692283
814.0 0.0008826701559883077
815.0 0.0010026524250861257
816.0 0.0011226340575376526
817.0 0.0010723939340095967
818.0 0.001022153901431011
819.0 0.0010052434845420066
820.0 0.0009883330676530022
821.0 0.0007862342499720398
822.0 0.0005841353868163424
823.0 0.0005136826075613499
824.0 0.0004432300556800328
825.0 0.0005060862804384669
826.0 0.0005689426870958414
827.0 0.0006033643330738414
828.0 0.0006377860245265765
829.0 0.0003217916855646763
830.0 5.79734127370557e-06
831.0 2.264690976971906e-05
832.0 3.9496674730798986e-05
833.0 0.00037062904993945267
834.0 0.0007017613370408071
835.0 0.00014164777439873433
836.0 1.706775888156431e-10
837.0 1.706775888156431e-10
838.0 1.706775888156431e-10
839.0 0.00042807382669707295
840.0 0.0008763685400481336
841.0 0.0011932901543332264
842.0 0.0015102115867193788
843.0 0.0010503454177523963
844.0 0.0005904790668864734
845.0 0.0006147028670966392
846.0 0.0006389265763573349
847.0 0.0008735063602216542
848.0 0.0011080863259849139
849.0 0.0009882694030238781
850.0 0.0008684521162649617
851.0 0.001107051139115356
852.0 0.00134565007101628
853.0 0.0005034318292018725
854.0 1.706775888156431e-10
855.0 1.706775888156431e-10
856.0 1.706775888156431e-10
857.0 0.00041145895011140965
858.0 0.0013162658433429897
859.0 0.001226250060426537
860.0 0.0011362339137122035
861.0 0.0013149574442650191
862.0 0.001493681065767305
863.0 0.0016542404409847222
864.0 0.0018147997252526693
865.0 0.00184779564733617
866.0 0.0018807919332175516
867.0 0.002610556111903861
868.0 0.0033403201086912304
869.0 0.003046331949008163
870.0 0.0027523436074261554
871.0 0.003439766078372486
872.0 0.004127188731217757
873.0 0.003095589636359364
874.0 0.002063991087197792
875.0 0.002710949229367543
876.0 0.003357907189638354
