lsstCam/transmission_filter_detector/r24_s02/y_10/19700101T000000.ecsv
# %ECSV 1.0
# ---
# datatype:
# - {name: wavelength, unit: nm, datatype: float32}
# - {name: efficiency, unit: '%', datatype: float64}
# meta: !!omap
# - {MODE: DETECTOR}
# - {TYPE: transmission_filter_detector}
# - {CALIBDATE: '1970-01-01T00:00:00'}
# - {INSTRUME: LSSTCam}
# - {OBSTYPE: transmission_filter_detector}
# - {CALIBCLS: lsst.ip.isr.IntermediateFilterDetectorTransmissionCurve}
# - {SOURCE: Materion (DM-46256)}
# - {DETECTOR: 110}
# - {FILTER: y_10}
# - {CALIB_ID: 'calibDate=1970-01-01T00:00:00 filter=y_10 detector=110'}
# - {DATE: '2025-04-02T15:59:51.252899'}
# - {CALIB_CREATION_DATE: '2025-04-02'}
# - {CALIB_CREATION_TIME: '15:59:51'}
# - __serialized_columns__:
#     efficiency:
#       __class__: astropy.units.quantity.Quantity
#       unit: !astropy.units.Unit {unit: '%'}
#       value: !astropy.table.SerializedColumn {name: efficiency}
#     wavelength:
#       __class__: astropy.units.quantity.Quantity
#       unit: !astropy.units.Unit {unit: nm}
#       value: !astropy.table.SerializedColumn {name: wavelength}
# schema: astropy-2.0
wavelength efficiency
[from data line 578]
878.0 0.0006386295353877358
879.0 0.001717122177069541
880.0 0.058824464213103056
881.0 0.09480736334808171
882.0 0.05688457749783993
883.0 0.08732171263545752
884.0 0.055218394845724106
885.0 0.10015014559030533
886.0 0.06858296692371368
887.0 0.09229850838892162
888.0 0.06584207294508815
889.0 0.09914061520248652
890.0 0.06647247355431318
891.0 0.0922526407521218
892.0 0.06855149986222386
893.0 0.0941105477977544
894.0 0.06988584063947201
895.0 0.08322584326379001
896.0 0.06207622936926782
897.0 0.10821532923728228
898.0 0.07182959234341979
899.0 0.09407217148691416
900.0 0.07315974216908216
901.0 0.11437881039455533
902.0 0.13036460150033236
903.0 0.12698016362264752
904.0 0.14380088541656733
905.0 0.16697949031367898
906.0 0.1842861995100975
907.0 0.21470298524945974
908.0 0.271924352273345
909.0 0.336749036796391
910.0 0.4524411167949438
911.0 0.6072396878153086
912.0 0.864420086145401
913.0 1.2635929509997368
914.0 1.7698056995868683
915.0 2.6159022003412247
916.0 3.756546229124069
917.0 5.136594921350479
918.0 6.900324672460556
919.0 8.776087313890457
920.0 11.49749681353569
921.0 14.466297626495361
922.0 17.362993955612183
923.0 20.670460164546967
924.0 24.173609912395477
925.0 28.030040860176086
926.0 32.87094533443451
927.0 38.39245140552521
928.0 43.67836117744446
929.0 49.69945251941681
930.0 55.562061071395874
931.0 61.77905201911926
932.0 68.1014358997345
933.0 74.13606643676758
934.0 79.1576623916626
935.0 83.15911889076233
936.0 86.71172261238098
937.0 89.51177597045898
938.0 91.63881540298462
939.0 93.05859208106995
940.0 93.97669434547424
941.0 94.56356763839722
942.0 95.10495662689209
943.0 95.47532796859741
944.0 95.94391584396362
945.0 96.19888663291931
946.0 96.48401141166687
947.0 96.68757319450378
948.0 96.87509536743164
949.0 96.84007167816162
950.0 96.95281982421875
951.0 96.92935943603516
952.0 96.95565700531006
953.0 97.02589511871338
954.0 97.06509113311768
955.0 97.08552956581116
956.0 97.22760915756226
957.0 97.42274880409241
958.0 97.62710332870483
959.0 97.78647422790527
960.0 97.9487419128418
961.0 98.07008504867554
962.0 98.23152422904968
963.0 98.3117938041687
964.0 98.40665459632874
965.0 98.4861433506012
966.0 98.57118725776672
967.0 98.71813654899597
968.0 98.6912727355957
969.0 98.70784878730774
970.0 98.7794816493988
971.0 98.78441095352173
972.0 98.82161617279053
973.0 98.89522194862366
974.0 98.87316823005676
975.0 98.89727234840393
976.0 98.95353317260742
977.0 98.9347755908966
978.0 98.97535443305969
979.0 98.98039698600769
980.0 98.97331595420837
981.0 98.907870054245
982.0 98.86683225631714
983.0 98.94512891769409
984.0 98.8804817199707
985.0 98.8780677318573
986.0 98.73743057250977
987.0 98.81417751312256
988.0 98.67672324180603
989.0 98.6476182937622
990.0 98.57754707336426
991.0 98.55581521987915
992.0 98.62351417541504
993.0 98.54976534843445
994.0 98.49014282226562
995.0 98.50865602493286
996.0 98.45632314682007
997.0 98.56722354888916
998.0 98.56558442115784
999.0 98.64697456359863
1000.0 98.67839813232422
1001.0 98.6647367477417
1002.0 98.80959987640381
1003.0 98.82667660713196
1004.0 98.90614151954651
1005.0 98.87728095054626
1006.0 99.0319550037384
1007.0 99.03593063354492
1008.0 99.03993010520935
1009.0 98.98296594619751
1010.0 99.02864694595337
1011.0 99.07628297805786
1012.0 99.02108907699585
1013.0 98.99469017982483
1014.0 98.98460507392883
1015.0 98.97350668907166
1016.0 98.88803362846375
1017.0 98.90462160110474
1018.0 98.93009662628174
1019.0 98.80353212356567
1020.0 98.8649070262909
1021.0 98.9567518234253
1022.0 98.85672330856323
1023.0 98.88550639152527
1024.0 98.85489344596863
1025.0 98.80502223968506
1026.0 98.86621236801147
1027.0 98.92669320106506
1028.0 98.88549447059631
1029.0 99.01933670043945
1030.0 98.99022579193115
1031.0 98.99232983589172
1032.0 99.02250170707703
1033.0 99.01754260063171
1034.0 99.01188611984253
1035.0 99.01823401451111
1036.0 98.97688031196594
1037.0 99.00100827217102
1038.0 98.98934364318848
1039.0 98.91000390052795
1040.0 98.87717366218567
1041.0 98.9209771156311
1042.0 98.90208840370178
1043.0 98.81174564361572
1044.0 98.88938069343567
1045.0 98.58105778694153
1046.0 98.7813651561737
1047.0 98.72534275054932
1048.0 98.73031973838806
1049.0 98.59921336174011
1050.0 98.57537746429443
1051.0 98.61631393432617
1052.0 98.56457710266113
1053.0 98.41899871826172
1054.0 98.62251281738281
1055.0 98.82941246032715
1056.0 98.71216416358948
1057.0 98.68320226669312
1058.0 98.59951734542847
1059.0 98.57208728790283
1060.0 98.77656102180481
1061.0 98.67376685142517
1062.0 98.61464500427246
1063.0 98.71395826339722
1064.0 98.97158741950989
1065.0 98.69728088378906
1066.0 98.8624095916748
1067.0 98.77495765686035
1068.0 98.81759881973267
1069.0 98.68554472923279
1070.0 99.14089441299438
1071.0 98.79747033119202
1072.0 98.96467328071594
1073.0 99.03269410133362
1074.0 98.60908389091492
1075.0 98.60670566558838
1076.0 98.52451086044312
1077.0 98.6839234828949
1078.0 98.86445999145508
1079.0 98.56957793235779
1080.0 99.27567839622498
1081.0 98.59772324562073
1082.0 98.4703004360199
1083.0 98.43671917915344
1084.0 98.71256947517395
1085.0 98.7713098526001
1086.0 98.58620762825012
1087.0 98.67897033691406
1088.0 98.50260615348816
1089.0 98.48778247833252
1090.0 98.63394498825073
1091.0 98.71225357055664
1092.0 98.48419427871704
1093.0 98.37808012962341
1094.0 98.21727871894836
1095.0 98.05430769920349
1096.0 98.4470784664154
1097.0 98.37104082107544
1098.0 97.6774275302887
1099.0 98.41505885124207
1100.0 97.97553420066833
