lsstCam/transmission_filter_detector/r10_s01/u_24/19700101T000000.ecsv
# %ECSV 1.0
# ---
# datatype:
# - {name: wavelength, unit: nm, datatype: float32}
# - {name: efficiency, unit: '%', datatype: float64}
# meta: !!omap
# - {MODE: DETECTOR}
# - {TYPE: transmission_filter_detector}
# - {CALIBDATE: '1970-01-01T00:00:00'}
# - {INSTRUME: LSSTCam}
# - {OBSTYPE: transmission_filter_detector}
# - {CALIBCLS: lsst.ip.isr.IntermediateFilterDetectorTransmissionCurve}
# - {SOURCE: Materion (DM-46256)}
# - {DETECTOR: 28}
# - {FILTER: u_24}
# - {CALIB_ID: 'calibDate=1970-01-01T00:00:00 filter=u_24 detector=28'}
# - {DATE: '2025-04-02T15:59:39.878383'}
# - {CALIB_CREATION_DATE: '2025-04-02'}
# - {CALIB_CREATION_TIME: '15:59:39'}
# - __serialized_columns__:
#     efficiency:
#       __class__: astropy.units.quantity.Quantity
#       unit: !astropy.units.Unit {unit: '%'}
#       value: !astropy.table.SerializedColumn {name: efficiency}
#     wavelength:
#       __class__: astropy.units.quantity.Quantity
#       unit: !astropy.units.Unit {unit: nm}
#       value: !astropy.table.SerializedColumn {name: wavelength}
# schema: astropy-2.0
wavelength efficiency
295.0 1.713854752560806e-10
296.0 1.713854752560806e-10
297.0 1.713854752560806e-10
298.0 1.713854752560806e-10
299.0 1.713854752560806e-10
300.0 1.713854752560806e-10
301.0 1.713854752560806e-10
302.0 1.713854752560806e-10
303.0 0.10447425302118063
304.0 0.41086734272539616
305.0 1.4047062955796719
306.0 2.6822054758667946
307.0 5.017883703112602
308.0 8.13877359032631
309.0 11.656520515680313
310.0 15.475994348526001
311.0 19.49393004179001
312.0 22.966261208057404
313.0 25.841760635375977
314.0 28.40912640094757
315.0 30.839845538139343
316.0 33.3000510931015
317.0 36.71604096889496
318.0 40.70594906806946
319.0 45.68902552127838
320.0 51.9762396812439
321.0 57.512712478637695
322.0 63.16090226173401
323.0 67.71519780158997
324.0 71.32251262664795
325.0 73.65757822990417
326.0 75.83882212638855
327.0 77.36639380455017
328.0 78.96469235420227
329.0 80.3034245967865
330.0 81.27614855766296
331.0 81.51090741157532
332.0 81.74538016319275
333.0 82.02148675918579
334.0 81.99711441993713
335.0 82.41725564002991
336.0 82.99649357795715
337.0 83.62096548080444
338.0 84.46656465530396
339.0 84.91488099098206
340.0 85.28086543083191
341.0 85.59793829917908
342.0 85.87610125541687
343.0 85.87339520454407
344.0 86.09307408332825
345.0 86.6129457950592
346.0 86.9928240776062
347.0 87.28339076042175
348.0 87.52518892288208
349.0 87.67351508140564
350.0 87.74110674858093
351.0 87.84787058830261
352.0 87.82020211219788
353.0 87.81201243400574
354.0 87.65259385108948
355.0 87.8361165523529
356.0 87.83397078514099
357.0 87.57672309875488
358.0 87.23710775375366
359.0 86.94507479667664
360.0 86.8540346622467
361.0 86.60116791725159
362.0 86.63557171821594
363.0 86.93724870681763
364.0 87.11591362953186
365.0 87.53474354743958
366.0 87.78255581855774
367.0 87.79804706573486
368.0 87.8158450126648
369.0 87.91892528533936
370.0 87.95355558395386
371.0 87.83882260322571
372.0 88.05142045021057
373.0 88.40534687042236
374.0 88.43587040901184
375.0 88.71390223503113
376.0 88.95952105522156
377.0 89.00611996650696
378.0 88.89021873474121
379.0 88.33706974983215
380.0 87.3087227344513
381.0 85.6880247592926
382.0 83.68437886238098
383.0 81.63896203041077
384.0 79.46004867553711
385.0 76.81059837341309
386.0 73.93755316734314
387.0 70.05409598350525
388.0 66.1214828491211
389.0 61.43859028816223
390.0 57.100510597229004
391.0 52.868086099624634
392.0 48.69532287120819
393.0 45.085373520851135
394.0 41.34688675403595
395.0 36.95894479751587
396.0 31.904208660125732
397.0 25.09368062019348
398.0 18.14628690481186
399.0 11.560804396867752
400.0 6.230195239186287
401.0 2.6780659332871437
402.0 0.8771734312176704
403.0 0.2765344688668847
404.0 0.13109330320730805
405.0 0.06820388953201473
406.0 0.002843660695361905
407.0 0.020609232888091356
408.0 1.713854752560806e-10
409.0 1.713854752560806e-10
410.0 1.713854752560806e-10
411.0 1.713854752560806e-10
412.0 1.713854752560806e-10
413.0 1.713854752560806e-10
414.0 1.713854752560806e-10
415.0 1.713854752560806e-10
416.0 1.713854752560806e-10
417.0 1.713854752560806e-10
418.0 1.713854752560806e-10
419.0 1.713854752560806e-10
420.0 1.713854752560806e-10
421.0 1.713854752560806e-10
422.0 1.713854752560806e-10
423.0 1.713854752560806e-10
424.0 1.713854752560806e-10
425.0 1.713854752560806e-10
426.0 1.713854752560806e-10
427.0 1.713854752560806e-10
428.0 1.713854752560806e-10
429.0 0.0002916533048846759
430.0 0.00197793087863829
431.0 0.0011786472896346822
432.0 0.00037936372336844215
433.0 0.0006270264293561922
434.0 0.0008746896128286608
435.0 0.0005180914740776643
436.0 0.00016149407429111307
437.0 1.713854752560806e-10
438.0 1.713854752560806e-10
439.0 1.713854752560806e-10
440.0 0.0013762360140390228
441.0 1.713854752560806e-10
442.0 1.713854752560806e-10
443.0 1.713854752560806e-10
444.0 1.713854752560806e-10
445.0 1.713854752560806e-10
446.0 1.990302394005994e-05
447.0 0.00012575911796375294
448.0 0.000231615558732301
449.0 0.0006333435976557666
450.0 0.001035071454680292
451.0 0.0001960512918230961
452.0 1.713854752560806e-10
453.0 1.713854752560806e-10
454.0 1.713854752560806e-10
455.0 1.713854752560806e-10
456.0 1.713854752560806e-10
457.0 0.000125141377793625
458.0 0.0008321572749991901
459.0 1.713854752560806e-10
460.0 1.713854752560806e-10
461.0 1.713854752560806e-10
462.0 1.713854752560806e-10
463.0 1.713854752560806e-10
464.0 1.713854752560806e-10
465.0 1.713854752560806e-10
466.0 0.00032163472951651784
467.0 1.713854752560806e-10
468.0 1.713854752560806e-10
469.0 1.713854752560806e-10
470.0 0.0001918686166391126
471.0 1.713854752560806e-10
472.0 1.713854752560806e-10
473.0 1.713854752560806e-10
474.0 1.713854752560806e-10
475.0 1.713854752560806e-10
476.0 0.00018081007056025555
477.0 2.339602218626169e-05
478.0 1.713854752560806e-10
479.0 1.713854752560806e-10
480.0 1.713854752560806e-10
481.0 0.00036306416859588353
482.0 0.001359645011689281
483.0 0.0007068575541779865
484.0 5.406993182077713e-05
485.0 1.713854752560806e-10
486.0 1.713854752560806e-10
487.0 1.713854752560806e-10
488.0 1.713854752560806e-10
489.0 1.713854752560806e-10
490.0 1.713854752560806e-10
491.0 1.713854752560806e-10
492.0 1.713854752560806e-10
493.0 1.713854752560806e-10
494.0 1.713854752560806e-10
495.0 1.713854752560806e-10
496.0 0.0002546125870139804
497.0 0.00019657927623484284
498.0 0.00013854562439519214
499.0 8.848778634273913e-05
500.0 3.8430178506132506e-05
501.0 8.613627073827956e-05
502.0 0.00013384247949943529
503.0 1.713854752560806e-10
504.0 1.713854752560806e-10
505.0 1.713854752560806e-10
506.0 0.00025654730961832684
507.0 1.713854752560806e-10
508.0 1.713854752560806e-10
509.0 1.713854752560806e-10
510.0 1.713854752560806e-10
511.0 0.00023541649625258287
512.0 0.0008746204002818558
513.0 0.0005689572844858048
514.0 0.0002632938731039758
515.0 0.00038904031498532277
516.0 0.0005147868250787724
517.0 5.250892627373105e-05
518.0 1.713854752560806e-10
519.0 1.713854752560806e-10
520.0 0.0002272403207825846
521.0 0.0005152372978045605
522.0 0.0008032342520891689
523.0 0.00017692433402771712
524.0 1.713854752560806e-10
525.0 1.713854752560806e-10
526.0 1.713854752560806e-10
527.0 1.713854752560806e-10
528.0 1.713854752560806e-10
529.0 1.713854752560806e-10
530.0 1.713854752560806e-10
531.0 1.713854752560806e-10
532.0 6.517582278320333e-05
533.0 1.713854752560806e-10
534.0 1.713854752560806e-10
535.0 1.713854752560806e-10
536.0 0.00016173946733033517
537.0 1.713854752560806e-10
538.0 1.713854752560806e-10
539.0 1.713854752560806e-10
540.0 1.713854752560806e-10
541.0 1.713854752560806e-10
542.0 1.713854752560806e-10
543.0 1.713854752560806e-10
544.0 1.713854752560806e-10
545.0 1.713854752560806e-10
546.0 1.713854752560806e-10
547.0 8.400339766012621e-05
548.0 0.0005971588052489096
549.0 2.3949136007672678e-06
550.0 1.713854752560806e-10
551.0 1.713854752560806e-10
552.0 1.713854752560806e-10
553.0 1.713854752560806e-10
554.0 1.713854752560806e-10
555.0 1.713854752560806e-10
556.0 1.713854752560806e-10
557.0 1.713854752560806e-10
558.0 1.713854752560806e-10
559.0 1.713854752560806e-10
560.0 0.00045377546484814957
561.0 0.0001187797352031339
562.0 1.713854752560806e-10
563.0 1.713854752560806e-10
564.0 1.713854752560806e-10
565.0 1.713854752560806e-10
566.0 1.713854752560806e-10
567.0 1.713854752560806e-10
568.0 1.713854752560806e-10
569.0 3.528751904013916e-05
570.0 0.0004881017503066687
571.0 0.00045181727728049736
572.0 0.0004155329861532664
573.0 0.00034514159779064357
574.0 0.0002747505504885339
575.0 0.00017687536910671042
576.0 7.90003241490922e-05
577.0 0.00011427415529396967
578.0 0.00014954792959542829
579.0 0.00035918371850129915
580.0 0.0005688194505637512
581.0 0.0009224446330335923
582.0 0.0012760700883518439
583.0 0.0014725344954058528
584.0 0.0016689993572072126
585.0 0.0012166230590082705
586.0 0.0007642463970114477
587.0 0.0009524052984488662
588.0 0.0011405641998862848
589.0 0.0010949188435915858
590.0 0.0010492732144484762
591.0 0.0010271244718751404
592.0 0.0010049757293018047
593.0 0.0008060388609010261
594.0 0.0006071018106013071
595.0 0.0007682174327783287
596.0 0.0009293326911574695
597.0 0.0012132814845244866
598.0 0.0014972300050430931
599.0 0.0020002678866148926
600.0 0.002503305586287752
601.0 0.00253928064921638
602.0 0.0025752558940439485
603.0 0.002108124681399204
604.0 0.0016409938325523399
605.0 0.0012763098311552312
606.0 0.0009116259207075927
607.0 0.0008940482985053677
608.0 0.0008764706763031427
609.0 0.0005485147539729951
610.0 0.0002205588771175826
611.0 0.0005207989943301072
612.0 0.000821039157017367
613.0 0.0007503162578359479
614.0 0.0006795935405534692
615.0 0.0008040804459596984
616.0 0.0009285673513659276
617.0 0.00078100183600327
618.0 0.0006334365025395527
619.0 0.00041409521145396866
620.0 0.00019475401131785475
621.0 0.0003423555654080701
622.0 0.0004899570740235504
623.0 0.0005497636266227346
624.0 0.0006095701337471837
625.0 0.0007198969342425698
626.0 0.000830223780212691
627.0 0.0008501740012434311
628.0 0.000870124131324701
629.0 0.0010166175343329087
630.0 0.0011631108463916462
631.0 0.0016691963537596166
632.0 0.002175281770178117
633.0 0.0021519368601730093
634.0 0.0021285917682689615
635.0 0.002439443960611243
636.0 0.002750296152953524
637.0 0.0023917240469017997
638.0 0.0020331515770521946
639.0 0.0015639348930562846
640.0 0.0010947176633635536
641.0 0.0009560496437188704
642.0 0.0008173816240741871
643.0 0.0007800705134286545
644.0 0.0007427593118336517
645.0 0.0005453518497233745
646.0 0.00034794431940099457
647.0 0.00013924920949648367
648.0 1.713854752560806e-10
649.0 1.713854752560806e-10
650.0 2.545970971823408e-05
651.0 0.0004944793545291759
652.0 0.0009634991329221521
653.0 0.001287461054744199
654.0 0.0016114227037178352
655.0 0.0017667445717961527
656.0 0.0019220664398744702
657.0 0.0027787053113570437
658.0 0.003635344546637498
659.0 0.004083643943886273
660.0 0.004531943704932928
661.0 0.004221846393193118
662.0 0.003911749445251189
663.0 0.003016827213286888
664.0 0.002121905163221527
665.0 0.0017736323570716195
666.0 0.0014253591871238314
667.0 0.0012995993529330008
668.0 0.0011738391549442895
669.0 0.0010014458894147538
670.0 0.0008290527148346882
671.0 0.0006384987500496209
672.0 0.00044794464884034824
673.0 0.0003973023922299035
674.0 0.0003466601128820912
675.0 0.0007406701115542091
676.0 0.0011346801329636946
677.0 0.001820189027057495
678.0 0.002505698284949176
679.0 0.0025744919184944592
680.0 0.002643285370140802
681.0 0.003848181586363353
682.0 0.0050530772568890825
683.0 0.006690008012810722
684.0 0.00832693840493448
685.0 0.008645097841508687
686.0 0.008963260188465938
687.0 0.007978929352248088
688.0 0.006994597788434476
689.0 0.005519657861441374
690.0 0.004044718298246153
691.0 0.0036604418710339814
692.0 0.0032761650800239295
693.0 0.002891909571189899
694.0 0.0025076540623558685
695.0 0.002201320239691995
696.0 0.001894986598927062
697.0 0.0013795806808047928
698.0 0.0008641747626825236
699.0 0.0006860289886390092
700.0 0.0005078831691207597
701.0 0.0004034553512610728
702.0 0.00029902766982559115
703.0 0.0005978004082862753
704.0 0.0008965734195953701
705.0 0.0008684273780090734
706.0 0.0008402816092711873
707.0 0.0008441802492598072
708.0 0.0008480785254505463
709.0 0.0006271247002587188
710.0 0.00040617073864268605
711.0 0.0005712446181860287
712.0 0.0007363184522546362
713.0 0.0008293026439787354
714.0 0.0009222868357028347
715.0 0.000773195642977953
716.0 0.0006241044047783362
717.0 0.0006037412276782561
718.0 0.000583378005103441
719.0 0.000450025208920124
720.0 0.00031667243547417456
721.0 0.000321460129271145
722.0 0.00032624780033074785
723.0 0.0004499423539527925
724.0 0.0005736369075748371
725.0 0.0003536086751410039
726.0 0.00013358039723243564
727.0 0.00028550007300509606
728.0 0.00043741983972722664
729.0 0.0003297488319731201
730.0 0.0002220778924311162
731.0 0.0002615343646539259
732.0 0.00030099083687673556
733.0 0.00028215633847139543
734.0 0.0002633218855407904
735.0 0.0004118412562092999
736.0 0.000560360649615177
737.0 0.0006190330623212503
738.0 0.0006777054750273237
739.0 0.0006083527296141256
740.0 0.0005389999842009274
741.0 0.0010859326721401885
742.0 0.0016328654965036549
743.0 0.002359260724915657
744.0 0.003085655771428719
745.0 0.003623103111749515
746.0 0.004160550452070311
747.0 0.004411424015415832
748.0 0.004662297214963473
749.0 0.004018171239295043
750.0 0.0033740456274244934
751.0 0.003032214408449363
752.0 0.002690383007575292
753.0 0.0021350499082473107
754.0 0.0015797168089193292
755.0 0.0019662402337417006
756.0 0.002352764204260893
757.0 0.001970288940356113
758.0 0.0015878134945523925
759.0 0.0013847889022144955
760.0 0.0011817643098765984
761.0 0.0012170235095254611
762.0 0.001252282800123794
763.0 0.000915586315386463
764.0 0.0005788896942249266
765.0 0.0006748624400643166
766.0 0.0007708351404289715
767.0 0.0006863581347715808
768.0 0.0006018809472152498
769.0 0.0006434714578062994
770.0 0.0006850617410236737
771.0 0.00044720436562784016
772.0 0.00020934685380780138
773.0 0.00026407124096294865
774.0 0.00031879553716862574
775.0 0.00041063267417484894
776.0 0.0005024698111810721
777.0 0.0006215245775820222
778.0 0.0007405792075587669
779.0 0.0009239583960152231
780.0 0.0011073373570980038
781.0 0.0010583493349258788
782.0 0.0010093613127537537
783.0 0.0009634986781748012
784.0 0.0009176359526463784
785.0 0.0012153799616498873
786.0 0.0015131236978049856
787.0 0.001227716165885795
788.0 0.0009423086339666042
789.0 0.0008277758752228692
790.0 0.0007132432529033395
791.0 0.0006744246093148831
792.0 0.0006356059202516917
793.0 0.0001277942260458076
794.0 1.713854752560806e-10
795.0 3.7240931760607054e-05
796.0 0.00045449933168129064
797.0 0.0005062915988673922
798.0 0.0005580839115282288
799.0 0.00024259820747829508
800.0 1.713854752560806e-10
801.0 1.713854752560806e-10
802.0 1.713854752560806e-10
803.0 1.713854752560806e-10
804.0 1.713854752560806e-10
805.0 1.713854752560806e-10
806.0 1.713854752560806e-10
807.0 1.713854752560806e-10
808.0 5.1621941565827e-05
809.0 0.000245298042500508
810.0 0.00043897425712202676
811.0 0.00011419666634537862
812.0 1.713854752560806e-10
813.0 0.0001452436208637664
814.0 0.0005010680979466997
815.0 0.0003261032134105335
816.0 0.00015113841982383747
817.0 0.00024105413558572764
818.0 0.00033096987408498535
819.0 0.0002172286485802033
820.0 0.00010348742307542125
821.0 1.713854752560806e-10
822.0 1.713854752560806e-10
823.0 1.713854752560806e-10
824.0 1.713854752560806e-10
825.0 1.713854752560806e-10
826.0 1.713854752560806e-10
827.0 0.00010551940476943855
828.0 0.000665189691062551
829.0 0.00028844426651630783
830.0 1.713854752560806e-10
831.0 1.713854752560806e-10
832.0 1.713854752560806e-10
833.0 1.713854752560806e-10
834.0 1.713854752560806e-10
835.0 1.713854752560806e-10
836.0 6.932667702130857e-05
837.0 1.713854752560806e-10
838.0 1.713854752560806e-10
839.0 1.713854752560806e-10
840.0 1.713854752560806e-10
841.0 1.713854752560806e-10
842.0 1.713854752560806e-10
843.0 1.713854752560806e-10
844.0 1.713854752560806e-10
845.0 1.713854752560806e-10
846.0 0.00014794685512242722
847.0 0.0001940789388754638
848.0 0.0002402109203103464
849.0 0.0002789772679534508
850.0 0.0003177434336976148
851.0 7.665941552659206e-05
852.0 1.713854752560806e-10
853.0 0.00021312851004040567
854.0 0.0005906816113565583
855.0 0.0005245928605290828
856.0 0.0004585040187521372
857.0 0.0005613127541437279
858.0 0.0006641213985858485
859.0 0.0008710278052603826
860.0 0.0010779341209854465
861.0 0.0010656492122507188
862.0 0.0010533643035159912
863.0 0.001528027860331349
864.0 0.002002691508096177
865.0 0.002312398464709986
866.0 0.002622105057525914
867.0 0.0024355558707611635
868.0 0.0022490070477942936
869.0 0.002230821155535523
870.0 0.002212634717579931
871.0 0.00212136292248033
872.0 0.002030090763582848
873.0 0.0020854509784840047
874.0 0.0021408108295872808
875.0 0.0023810795028111897
876.0 0.002621348357934039
877.0 0.00271615444944473
878.0 0.0028109610866522416
879.0 0.0027940559448325075
880.0 0.0027771513487095945
