lsstCam/transmission_filter_detector/r10_s01/u_24/19700101T000000.ecsv
# %ECSV 1.0
# ---
# datatype:
# - {name: wavelength, unit: nm, datatype: float32}
# - {name: efficiency, unit: '%', datatype: float64}
# meta: !!omap
# - {MODE: DETECTOR}
# - {TYPE: transmission_filter_detector}
# - {CALIBDATE: '1970-01-01T00:00:00'}
# - {INSTRUME: LSSTCam}
# - {OBSTYPE: transmission_filter_detector}
# - {CALIBCLS: lsst.ip.isr.IntermediateFilterDetectorTransmissionCurve}
# - {SOURCE: Materion (DM-46256)}
# - {DETECTOR: 28}
# - {FILTER: u_24}
# - {CALIB_ID: 'calibDate=1970-01-01T00:00:00 filter=u_24 detector=28'}
# - {DATE: '2025-04-02T15:59:39.878383'}
# - {CALIB_CREATION_DATE: '2025-04-02'}
# - {CALIB_CREATION_TIME: '15:59:39'}
# - __serialized_columns__:
#     efficiency:
#       __class__: astropy.units.quantity.Quantity
#       unit: !astropy.units.Unit {unit: '%'}
#       value: !astropy.table.SerializedColumn {name: efficiency}
#     wavelength:
#       __class__: astropy.units.quantity.Quantity
#       unit: !astropy.units.Unit {unit: nm}
#       value: !astropy.table.SerializedColumn {name: wavelength}
# schema: astropy-2.0
wavelength efficiency
[from data line 587]
882.0 0.0033418535167584196
883.0 0.0029768916647299193
884.0 0.00261193035839824
885.0 0.002727456194406841
886.0 0.002842982030415442
887.0 0.0026641826480044983
888.0 0.002485383811290376
889.0 0.0023242955649038777
890.0 0.00216320750041632
891.0 0.002318420411029365
892.0 0.00247363332164241
893.0 0.0024811000912450254
894.0 0.00248856649704976
895.0 0.0030159617381286807
896.0 0.003543356797308661
897.0 0.004118219294468872
898.0 0.0046930817916290835
899.0 0.004710012944997288
900.0 0.004726944098365493
901.0 0.0046476052375510335
902.0 0.004568266376736574
903.0 0.00489511621708516
904.0 0.0052219664212316275
905.0 0.005292441346682608
906.0 0.005362916272133589
907.0 0.0056847333326004446
908.0 0.0060065503930673
909.0 0.005935545050306246
910.0 0.0058645404351409525
911.0 0.006029387077433057
912.0 0.006194234447320923
913.0 0.005969504127278924
914.0 0.005744773443439044
915.0 0.005180681910132989
916.0 0.004616590740624815
917.0 0.004175390495220199
918.0 0.0037341898860177025
919.0 0.0042483075958443806
920.0 0.004762425669468939
921.0 0.004743141107610427
922.0 0.004723856909549795
923.0 0.005899319512536749
924.0 0.0070747802965343
925.0 0.007289144559763372
926.0 0.0075035095505882055
927.0 0.008130338392220438
928.0 0.008757163595873863
929.0 0.008659818558953702
930.0 0.008562473522033542
931.0 0.007723326416453347
932.0 0.006884177128085867
933.0 0.006857213884359226
934.0 0.006830250640632585
935.0 0.006623424269491807
936.0 0.00641659862594679
937.0 0.006627928814850748
938.0 0.0068392611865419894
939.0 0.006675552140222862
940.0 0.006511843093903735
941.0 0.006001145811751485
942.0 0.005490447438205592
943.0 0.004440448901732452
944.0 0.003390450729057193
945.0 0.0024524804757675156
946.0 0.001514510495326249
947.0 0.0017442584066884592
948.0 0.001974006045202259
949.0 0.0017509324607090093
950.0 0.0015278586943168193
951.0 0.0014895136700943112
952.0 0.0014511688277707435
953.0 0.0013967650374979712
954.0 0.0013423616110230796
955.0 0.0021791032850160263
956.0 0.003015844959008973
957.0 0.003103122435277328
958.0 0.0031903993658488616
959.0 0.003568703687051311
960.0 0.00394700764445588
961.0 0.0045246804802445695
962.0 0.005102353316033259
963.0 0.0051223421905888245
964.0 0.005142331428942271
965.0 0.005154203245183453
966.0 0.005166075789020397
967.0 0.005046507794759236
968.0 0.0049269401642959565
969.0 0.004824719508178532
970.0 0.0047224992158589885
971.0 0.0046334174840012565
972.0 0.004544335388345644
973.0 0.004466354948817752
974.0 0.004388373781694099
975.0 0.004246489697834477
976.0 0.004104605250176974
977.0 0.003950167229049839
978.0 0.003795728480326943
979.0 0.0035403852962190285
980.0 0.0032850417483132333
981.0 0.0031542720535071567
982.0 0.00302350235870108
983.0 0.003174634912284091
984.0 0.0033257671020692214
985.0 0.003676532651297748
986.0 0.004027298928122036
987.0 0.004533907485892996
988.0 0.005040516043663956
989.0 0.006120341276982799
990.0 0.007200166146503761
991.0 0.007597538933623582
992.0 0.007994912448339164
993.0 0.008568908378947526
994.0 0.009142902854364365
995.0 0.008549838094040751
996.0 0.00795676969573833
997.0 0.007448912947438657
998.0 0.006941057654330507
999.0 0.00662163074593991
1000.0 0.00630220165476203
1001.0 0.00585628004046157
1002.0 0.005410357698565349
1003.0 0.004664321386371739
1004.0 0.003918284710380249
1005.0 0.004487605474423617
1006.0 0.005056925147073343
1007.0 0.004886623719357885
1008.0 0.0047163197450572625
1009.0 0.004117657590541057
1010.0 0.003518995799822733
1011.0 0.003588137769838795
1012.0 0.0036572793760569766
1013.0 0.003307445513200946
1014.0 0.0029576114684459753
1015.0 0.0024431179554085247
1016.0 0.0019286244423710741
1017.0 0.002021906402660534
1018.0 0.0021151879991521128
1019.0 0.0018438304323353805
1020.0 0.0015724725017207675
1021.0 0.0016620200767647475
1022.0 0.0017515672880108468
1023.0 0.0016480740669067018
1024.0 0.001544580482004676
1025.0 0.0014845578334643506
1026.0 0.0014245353668229654
1027.0 0.0014524827747663949
1028.0 0.0014804299098614138
1029.0 0.0016523645172128454
1030.0 0.001824299579311628
1031.0 0.0023098818928701803
1032.0 0.0027954645702266134
1033.0 0.002729956577240955
1034.0 0.0026644485842552967
1035.0 0.0027108844733447768
1036.0 0.0027573198167374358
1037.0 0.0029488373911590315
1038.0 0.003140355329378508
1039.0 0.002719224721658975
1040.0 0.002298094659636263
1041.0 0.002009944000747055
1042.0 0.0017217937056557275
1043.0 0.0017138070688815787
1044.0 0.0017058207959053107
1045.0 0.001480942501075333
1046.0 0.0012560643881442957
1047.0 0.00192660118045751
1048.0 0.002597138336568605
1049.0 0.0018893908418249339
1050.0 0.0011816428013844416
1051.0 0.0014765722880838439
1052.0 0.0017715015928843059
1053.0 0.0012137776138843037
1054.0 0.0006560534529853612
1055.0 0.000970931796473451
1056.0 0.0012858105037594214
1057.0 0.00156408132170327
1058.0 0.001842352321546059
1059.0 0.0011697210538841318
1060.0 0.0004970901500200853
1061.0 0.0015934741895762272
1062.0 0.002689858229132369
1063.0 0.002296180355187971
1064.0 0.0019025022993446328
1065.0 0.0012468742170312908
1066.0 0.0005912462256674189
1067.0 0.0009160992703982629
1068.0 0.0012409515875333454
1069.0 0.0020308572857175022
1070.0 0.002820762529154308
1071.0 0.0015152586456679273
1072.0 0.0002097548986057518
1073.0 0.0012789356333087198
1074.0 0.002348116322536953
1075.0 0.0034364777093287557
1076.0 0.004524838368524797
1077.0 0.005528637848328799
1078.0 0.0065324376919306815
1079.0 0.0069597241235896945
1080.0 0.007387008372461423
1081.0 0.005685324140358716
1082.0 0.003983639180660248
1083.0 0.003171970820403658
1084.0 0.002360302096349187
1085.0 0.0036694233131129295
1086.0 0.00497854380228091
1087.0 0.004800544775207527
1088.0 0.004622545384336263
1089.0 0.006010857759974897
1090.0 0.007399170135613531
1091.0 0.00438700444647111
1092.0 0.0013748381206823979
1093.0 0.001415490078215953
1094.0 0.001456142035749508
1095.0 0.0028497153834905475
1096.0 0.004243288276484236
1097.0 0.00267700816038996
1098.0 0.0011107274985988624
1099.0 0.002164530633308459
1100.0 0.0032183335861191154
