lsstCam/transmission_filter_detector/r11_s02/z_20/19700101T000000.ecsv
# %ECSV 1.0
# ---
# datatype:
# - {name: wavelength, unit: nm, datatype: float32}
# - {name: efficiency, unit: '%', datatype: float64}
# meta: !!omap
# - {MODE: DETECTOR}
# - {TYPE: transmission_filter_detector}
# - {CALIBDATE: '1970-01-01T00:00:00'}
# - {INSTRUME: LSSTCam}
# - {OBSTYPE: transmission_filter_detector}
# - {CALIBCLS: lsst.ip.isr.IntermediateFilterDetectorTransmissionCurve}
# - {SOURCE: Materion (DM-46256)}
# - {DETECTOR: 38}
# - {FILTER: z_20}
# - {CALIB_ID: 'calibDate=1970-01-01T00:00:00 filter=z_20 detector=38'}
# - {DATE: '2025-04-02T15:59:48.810688'}
# - {CALIB_CREATION_DATE: '2025-04-02'}
# - {CALIB_CREATION_TIME: '15:59:48'}
# - __serialized_columns__:
#     efficiency:
#       __class__: astropy.units.quantity.Quantity
#       unit: !astropy.units.Unit {unit: '%'}
#       value: !astropy.table.SerializedColumn {name: efficiency}
#     wavelength:
#       __class__: astropy.units.quantity.Quantity
#       unit: !astropy.units.Unit {unit: nm}
#       value: !astropy.table.SerializedColumn {name: wavelength}
# schema: astropy-2.0
wavelength efficiency
300.0 0.8750466629862785
301.0 0.5898748058825731
302.0 0.3047030186280608
303.0 0.29612539801746607
304.0 0.2875477774068713
305.0 0.24333824403584003
306.0 0.19912866409868002
307.0 0.1838618889451027
308.0 0.1685951487161219
309.0 0.14664449263364077
310.0 0.12469382490962744
311.0 0.1265400554984808
312.0 0.12838630937039852
313.0 0.11378928320482373
314.0 0.09919228032231331
315.0 0.09664498502388597
316.0 0.09409769554622471
317.0 0.07909774431027472
318.0 0.06409780471585691
319.0 0.0641642662230879
320.0 0.0642307277303189
321.0 0.06370832561515272
322.0 0.06318592349998653
323.0 0.0558539351914078
324.0 0.04852195561397821
325.0 0.04419009783305228
326.0 0.03985824005212635
327.0 0.039416307117789984
328.0 0.038974377093836665
329.0 0.03432182129472494
330.0 0.029669268405996263
331.0 0.02694115974009037
332.0 0.024213053984567523
333.0 0.023459817748516798
334.0 0.022706578602083027
335.0 0.0216601460124366
336.0 0.020613710512407124
337.0 0.024612501147203147
338.0 0.02861128596123308
339.0 0.024693779414519668
340.0 0.02077628014376387
341.0 0.01743528264341876
342.0 0.014094288053456694
343.0 0.013917358592152596
344.0 0.013740432041231543
345.0 0.01281254953937605
346.0 0.011884665582329035
347.0 0.011406319390516728
348.0 0.010927975381491706
349.0 0.013560845400206745
350.0 0.016193717601709068
351.0 0.013437806046567857
352.0 0.01068189085344784
353.0 0.011214620462851599
354.0 0.01174735079985112
355.0 0.010017939348472282
356.0 0.008288528624689206
357.0 0.009317261719843373
358.0 0.010345997725380585
359.0 0.010121504601556808
360.0 0.00989701075013727
361.0 0.008958373655332252
362.0 0.008019739470910281
363.0 0.009240975487045944
364.0 0.010462211503181607
365.0 0.010152162576559931
366.0 0.009842116560321301
367.0 0.0085114807006903
368.0 0.007180844113463536
369.0 0.007767047645756975
370.0 0.008353251905646175
371.0 0.008335814345628023
372.0 0.008318377513205633
373.0 0.007240724517032504
374.0 0.006163072248455137
375.0 0.006446126644732431
376.0 0.006729180313413963
377.0 0.007103190728230402
378.0 0.00747720041545108
379.0 0.006326401489786804
380.0 0.005175601472728886
381.0 0.0032800027838675305
382.0 0.0013844043678545859
383.0 0.0035713965189643204
384.0 0.005758388579124585
385.0 0.005483600034494884
386.0 0.005208811489865184
387.0 0.005868301377631724
388.0 0.006527792720589787
389.0 0.0057996974646812305
390.0 0.005071603663964197
391.0 0.004684401210397482
392.0 0.0042971991206286475
393.0 0.004778064976562746
394.0 0.005258931196294725
395.0 0.004328658178565092
396.0 0.003398384797037579
397.0 0.0036104771425016224
398.0 0.003822569124167785
399.0 0.004026958777103573
400.0 0.00423134806624148
401.0 0.004662870560423471
402.0 0.005094392690807581
403.0 0.005138368942425586
404.0 0.005182345557841472
405.0 0.004205701407045126
406.0 0.003229057983844541
407.0 0.001738584069244098
408.0 0.0002481108140273136
409.0 0.001997183971980121
410.0 0.0037462570617208257
411.0 0.00426479491579812
412.0 0.004783332769875415
413.0 0.004701162833953276
414.0 0.004618992534233257
415.0 0.0037744848668808118
416.0 0.0029299777452251874
417.0 0.0039003833080641925
418.0 0.004870789416600019
419.0 0.004360740058473311
420.0 0.0038506910641444847
421.0 0.0038255209801718593
422.0 0.0038003516237949952
423.0 0.003674702747957781
424.0 0.003549054963514209
425.0 0.0025570185243850574
426.0 0.0015649822671548463
427.0 0.0018393538994132541
428.0 0.0021137257135706022
429.0 0.0014017042303748894
430.0 0.0006896831109770574
431.0 0.0007399288278975291
432.0 0.0007901744538685307
433.0 0.0006420304544008104
434.0 0.000493886409458355
435.0 0.0011133596672152635
436.0 0.0017328331523458473
437.0 0.001917624831548892
438.0 0.0021024165107519366
439.0 0.002221987051598262
440.0 0.002341557774343528
441.0 0.0017021331586875021
442.0 0.0010627089977788273
443.0 0.00221287009480875
444.0 0.0033630312827881426
445.0 0.003296974682598375
446.0 0.0032309177186107263
447.0 0.0025910250769811682
448.0 0.0019511320715537295
449.0 0.002620104714878835
450.0 0.003289077722001821
451.0 0.0025962530344258994
452.0 0.0019034279830520973
453.0 0.0017335756638203748
454.0 0.0015637235264875926
455.0 0.002317764847248327
456.0 0.0030718063499080017
457.0 0.002298639446962625
458.0 0.0015254723621183075
459.0 0.0015658031770726666
460.0 0.0016061339920270257
461.0 0.0007208672741398914
462.0 1.60426088646054e-10
463.0 0.0009099462658923585
464.0 0.0019842922483803704
465.0 0.0022449226889875717
466.0 0.0025055533114937134
467.0 0.0021737014321843162
468.0 0.0018418488252791576
469.0 0.0016440311810583808
470.0 0.0014462134458881337
471.0 0.0013230012882559095
472.0 0.0011997893125226256
473.0 0.001220017202285817
474.0 0.0012402449101500679
475.0 0.0010451807611389086
476.0 0.0008501165211782791
477.0 0.0012549642633530311
478.0 0.0016598116417299025
479.0 0.001993901969399303
480.0 0.002327991933270823
481.0 0.0018595936126075685
482.0 0.0013911951100453734
483.0 0.0009258552381652407
484.0 0.00046051536628510803
485.0 0.0013196495274314657
486.0 0.002178783506678883
487.0 0.0015033829185995273
488.0 0.0008279822395707015
489.0 0.0016835219867061824
490.0 0.0025390618247911334
491.0 0.0023508646336267702
492.0 0.0021626676243613474
493.0 0.0019798688299488276
494.0 0.0017970703993341886
495.0 0.0016403640984208323
496.0 0.0014836575246590655
497.0 0.0013123361895850394
498.0 0.0011410150364099536
499.0 0.0012463822713471018
500.0 0.0013517497791326605
501.0 0.0008653304576000664
502.0 0.0003789110223806347
503.0 0.0012149685971962754
504.0 0.0020510262402240187
505.0 0.002235222200397402
506.0 0.0024194183424697258
507.0 0.0023108628738555126
508.0 0.0022023070414434187
509.0 0.0018957071006298065
510.0 0.001589107523614075
511.0 0.0012238806448294781
512.0 0.0008586537660448812
513.0 0.0012930079719808418
514.0 0.0017273625417146832
515.0 0.001331611110799713
516.0 0.000935860225581564
517.0 0.0009052609129867051
518.0 0.0008746617822907865
519.0 0.0010804646080941893
520.0 0.001286267342948122
521.0 0.0016215455616475083
522.0 0.001956823507498484
523.0 0.0013032818969804794
524.0 0.0006497403319372097
525.0 0.0007198081675596768
526.0 0.0007898762305558193
527.0 0.0011784459275077097
528.0 0.0015670158973080106
529.0 0.001329766382696107
530.0 0.0010925162314379122
531.0 0.0011436670320108533
532.0 0.0011948177416343242
533.0 0.0008522034477209672
534.0 0.0005095891083328752
535.0 0.001117645933845779
536.0 0.0017257027138839476
537.0 0.0016750303984736092
538.0 0.0016243579011643305
539.0 0.001143971076089656
540.0 0.0006635839781665709
541.0 0.0007448342785210116
542.0 0.0008260845788754523
543.0 0.001266481285711052
544.0 0.0017068779925466515
545.0 0.0011406681551306974
546.0 0.0005744585905631538
547.0 0.0012232672816026025
548.0 0.0018720756997936405
549.0 0.0016362397218472324
550.0 0.0014004034710524138
551.0 0.0014486532563751098
552.0 0.0014969027688493952
553.0 0.0013058919648756273
554.0 0.0011148808880534489
555.0 0.00100684574135812
556.0 0.0008988105037133209
557.0 0.001311192045250209
558.0 0.0017235732229892164
559.0 0.0017416212358511984
560.0 0.001759668521117419
561.0 0.001589922612765804
562.0 0.0014201764315657783
563.0 0.0011566656212380622
564.0 0.0008931547199608758
565.0 0.0016719961422495544
566.0 0.0024508379283361137
567.0 0.002811723061313387
568.0 0.0031726081942906603
569.0 0.003010827276739292
570.0 0.0028490465410868637
571.0 0.002669034256541636
572.0 0.0024890216081985272
573.0 0.0020309164028731175
574.0 0.0015728115613455884
575.0 0.0020185349058010615
576.0 0.0024642582502565347
577.0 0.0020079165551578626
578.0 0.0015515752238570713
579.0 0.0017043377738445997
580.0 0.0018570999600342475
581.0 0.001669530502113048
582.0 0.0014819606803939678
583.0 0.0019371484086150303
584.0 0.002392336136836093
585.0 0.0025444143830100074
586.0 0.0026964929929818027
587.0 0.002066122760879807
588.0 0.0014357520740304608
589.0 0.0020104347640881315
590.0 0.0025851175450952724
591.0 0.0017095289877033792
592.0 0.0008339404303114861
593.0 0.0007119847396097612
594.0 0.0005900288215343608
595.0 0.0010449469300510827
596.0 0.0014998650840425398
597.0 0.0014302800082077738
598.0 0.0013606949323730078
599.0 0.0009932986358762719
600.0 0.0006259026577026816
601.0 0.0005663837328029331
602.0 0.0005068646714789793
603.0 0.0009455759027332533
604.0 0.0013842865882907063
605.0 0.0008754260306886863
606.0 0.0003665651547635207
607.0 0.0008027213880268391
608.0 0.0012388775758154225
609.0 0.0011803478628280573
610.0 0.0011218178769922815
611.0 0.0009885542567644734
612.0 0.0008552903636882547
613.0 0.0008222019459935836
614.0 0.0007891135282989126
615.0 0.0012578445421240758
616.0 0.00172657601069659
617.0 0.0021755324269179255
618.0 0.002624488843139261
619.0 0.002169147592212539
620.0 0.0017138059774879366
621.0 0.0014710786672367249
622.0 0.0012283509931876324
623.0 0.001561325007060077
624.0 0.0018942990209325217
625.0 0.0017007250789902173
626.0 0.001507151227997383
627.0 0.0018620306946104392
628.0 0.0022169106159708463
629.0 0.0019873174096574076
630.0 0.0017577243852429092
631.0 0.001584489109518472
632.0 0.0014112537428445648
633.0 0.0017555265003466047
634.0 0.002099799530697055
635.0 0.005064119250164367
636.0 0.008028438605833799
637.0 0.015316263306885958
638.0 0.022604088007938117
639.0 0.019807439821306616
640.0 0.017010791634675115
641.0 0.014725247456226498
642.0 0.012439706188160926
643.0 0.010009465768234804
644.0 0.0075792289862874895
645.0 0.006847621261840686
646.0 0.006116014264989644
647.0 0.0055819244153099135
648.0 0.005047834929428063
649.0 0.004114742478122935
650.0 0.0031816507544135675
651.0 0.0036299974453868344
652.0 0.004078344500157982
653.0 0.0032769465178716928
654.0 0.0024755481717875227
655.0 0.0027526026315172203
656.0 0.0030296574550447986
657.0 0.002986164327012375
658.0 0.002942671017081011
659.0 0.0027484486054163426
660.0 0.002554226557549555
661.0 0.0027295698600937612
662.0 0.002904912798840087
663.0 0.002017808219534345
664.0 0.0011307037311780732
665.0 0.0016246411178144626
666.0 0.002118578959198203
667.0 0.0024333263354492374
668.0 0.0027480740754981525
669.0 0.001995191996684298
670.0 0.0012423098269209731
671.0 0.0009112492080021184
672.0 0.0005801886345579987
673.0 0.0013087848856230266
674.0 0.0020373814550112
675.0 0.002145453436241951
676.0 0.002253525053674821
677.0 0.0019679828255902976
678.0 0.0016824400518089533
679.0 0.001368994708172977
680.0 0.0010555492735875305
681.0 0.0011741208254534286
682.0 0.0012926922863698564
683.0 0.0023582580979564227
684.0 0.0034238240914419293
685.0 0.002885075628000777
686.0 0.002346327528357506
687.0 0.001744379369483795
688.0 0.0011424309377616737
689.0 0.0014930119505152106
690.0 0.001843592690420337
691.0 0.002121058241755236
692.0 0.002398523793090135
693.0 0.002775822940748185
694.0 0.0031531224522041157
695.0 0.0032887928682612255
696.0 0.003424462556722574
697.0 0.003622356234700419
698.0 0.003820249912678264
699.0 0.005665270145982504
700.0 0.007510290743084624
701.0 0.007124055264284834
702.0 0.006737819057889283
703.0 0.006210790161276236
704.0 0.00568376126466319
705.0 0.005170141230337322
706.0 0.004656521923607215
707.0 0.004394034112920053
708.0 0.004131545938435011
709.0 0.004240529233356938
710.0 0.004349512892076746
711.0 0.003916055356967263
712.0 0.0034825978218577802
713.0 0.002486262201273348
714.0 0.0014899266716383863
715.0 0.0021837910026079044
716.0 0.0028776552426279522
717.0 0.0025091303541557863
718.0 0.0021406049199867994
719.0 0.001674566556175705
720.0 0.0012085280104656704
721.0 0.0011436681234044954
722.0 0.0010788077815959696
723.0 0.0009932293323799968
724.0 0.000907650883164024
725.0 0.0012992350093554705
726.0 0.0016908192264963873
727.0 0.0017145312085631303
728.0 0.001738243008730933
729.0 0.0018274376998306252
730.0 0.001916632209031377
731.0 0.0014612819541071076
732.0 0.0010059316991828382
733.0 0.0009831425813899841
734.0 0.0009603533726476599
735.0 0.0010495668902876787
736.0 0.0011387800441298168
737.0 0.001313773373112781
738.0 0.0014887665201968048
739.0 0.0011793425983341876
740.0 0.0008699188583705109
741.0 0.0010130093869520351
742.0 0.0011560998245840892
743.0 0.0015653205991839059
744.0 0.001974541009985842
745.0 0.0013182068869355135
746.0 0.0006618726274609799
747.0 0.0011706755685736425
748.0 0.0016794785551610403
749.0 0.0023394855816150084
750.0 0.002999492789967917
751.0 0.0029619412089232355
752.0 0.0029243898097774945
753.0 0.002931142444140278
754.0 0.002937895078503061
755.0 0.0019390809029573575
756.0 0.0009402664545632433
757.0 0.0018699352949624881
758.0 0.0027996044082101434
759.0 0.002656824653968215
760.0 0.002514044717827346
761.0 0.004309635914978571
762.0 0.006105227657826617
763.0 0.005651947867590934
764.0 0.005198666985961609
765.0 0.005197077916818671
766.0 0.005195490302867256
767.0 0.004464639278012328
768.0 0.003733787889359519
769.0 0.0033271357096964493
770.0 0.002920484621427022
771.0 0.003862198718707077
772.0 0.004803912452189252
773.0 0.0039035345253068954
774.0 0.0030031562346266583
775.0 0.059154932387173176
776.0 0.027659846819005907
777.0 1.60426088646054e-10
778.0 1.60426088646054e-10
779.0 0.052776013035327196
780.0 0.12852265499532223
781.0 0.03832937509287149
782.0 0.0005262100330583053
783.0 1.60426088646054e-10
784.0 0.02086111926473677
785.0 0.09570496040396392
786.0 1.60426088646054e-10
787.0 1.60426088646054e-10
788.0 0.1017108908854425
789.0 0.022964607342146337
790.0 0.0905692286323756
791.0 0.005368669008021243
792.0 1.60426088646054e-10
793.0 0.029444906977005303
794.0 0.10040244087576866
795.0 0.06423490704037249
796.0 0.09527182555757463
797.0 0.041700139991007745
798.0 0.03945600474253297
799.0 0.22019962780177593
800.0 0.259792641736567
801.0 0.38981589023023844
802.0 0.5491043906658888
803.0 0.9018849581480026
804.0 1.7011679708957672
805.0 2.495252527296543
806.0 3.928704932332039
807.0 5.708331987261772
808.0 7.754529267549515
809.0 10.144409537315369
810.0 13.094688951969147
811.0 16.448284685611725
812.0 19.484011828899384
813.0 22.49484658241272
814.0 25.331950187683105
815.0 29.334405064582825
816.0 33.947426080703735
817.0 39.49585258960724
818.0 45.49318552017212
819.0 51.1998176574707
820.0 58.72529745101929
821.0 66.57077074050903
822.0 72.71986603736877
823.0 78.50146889686584
824.0 84.24896001815796
825.0 88.81462812423706
826.0 92.27572679519653
827.0 94.9548602104187
828.0 97.69877791404724
829.0 98.4437882900238
830.0 98.6321747303009
831.0 99.12091493606567
832.0 98.45768213272095
833.0 99.4884729385376
834.0 98.76638054847717
835.0 98.9885926246643
836.0 99.30765628814697
837.0 99.2055356502533
838.0 98.63010048866272
839.0 98.62915873527527
840.0 98.73062372207642
841.0 99.64635372161865
842.0 99.45834875106812
843.0 99.99518394470215
844.0 98.275226354599
845.0 98.64353537559509
846.0 99.01137948036194
847.0 99.12222623825073
848.0 99.88737106323242
849.0 99.00228381156921
850.0 97.95451164245605
851.0 99.1514265537262
852.0 99.25807118415833
853.0 98.47760200500488
854.0 99.98342990875244
855.0 98.37691187858582
856.0 99.08432960510254
857.0 97.94705510139465
858.0 98.7289309501648
859.0 99.65083599090576
860.0 98.49273562431335
861.0 98.96105527877808
862.0 98.76576662063599
863.0 98.6031174659729
864.0 99.38623309135437
865.0 99.96231198310852
866.0 98.84424805641174
867.0 98.98484945297241
868.0 99.5706558227539
869.0 99.00541305541992
870.0 98.37387204170227
871.0 98.98636937141418
872.0 99.4524359703064
873.0 99.50829148292542
874.0 99.84989166259766
875.0 99.40542578697205
876.0 99.19646978378296
877.0 99.4119644165039
878.0 99.29091334342957
879.0 98.94686937332153
880.0 98.43980669975281
881.0 99.68569278717041
882.0 99.06514883041382
883.0 99.07279014587402
884.0 99.13300275802612
885.0 98.9400565624237
886.0 98.89127016067505
887.0 98.41415286064148
888.0 99.12136197090149
889.0 99.87637996673584
890.0 98.49375486373901
891.0 99.64906573295593
892.0 98.86903166770935
893.0 98.51598143577576
894.0 98.7208366394043
895.0 99.4847059249878
