lsstCam/transmission_filter_detector/r11_s02/z_20/19700101T000000.ecsv
# %ECSV 1.0
# ---
# datatype:
# - {name: wavelength, unit: nm, datatype: float32}
# - {name: efficiency, unit: '%', datatype: float64}
# meta: !!omap
# - {MODE: DETECTOR}
# - {TYPE: transmission_filter_detector}
# - {CALIBDATE: '1970-01-01T00:00:00'}
# - {INSTRUME: LSSTCam}
# - {OBSTYPE: transmission_filter_detector}
# - {CALIBCLS: lsst.ip.isr.IntermediateFilterDetectorTransmissionCurve}
# - {SOURCE: Materion (DM-46256)}
# - {DETECTOR: 38}
# - {FILTER: z_20}
# - {CALIB_ID: 'calibDate=1970-01-01T00:00:00 filter=z_20 detector=38'}
# - {DATE: '2025-04-02T15:59:48.810688'}
# - {CALIB_CREATION_DATE: '2025-04-02'}
# - {CALIB_CREATION_TIME: '15:59:48'}
# - __serialized_columns__:
#     efficiency:
#       __class__: astropy.units.quantity.Quantity
#       unit: !astropy.units.Unit {unit: '%'}
#       value: !astropy.table.SerializedColumn {name: efficiency}
#     wavelength:
#       __class__: astropy.units.quantity.Quantity
#       unit: !astropy.units.Unit {unit: nm}
#       value: !astropy.table.SerializedColumn {name: wavelength}
# schema: astropy-2.0
wavelength efficiency
[from data line 597]
897.0 99.34238195419312
898.0 98.83070588111877
899.0 98.46940040588379
900.0 98.96061420440674
901.0 99.5412290096283
902.0 99.18428659439087
903.0 98.57092499732971
904.0 97.84878492355347
905.0 98.63455295562744
906.0 98.19889664649963
907.0 98.85100722312927
908.0 98.23864102363586
909.0 98.4664261341095
910.0 98.13463091850281
911.0 96.97473645210266
912.0 96.00942730903625
913.0 95.20190358161926
914.0 92.87119507789612
915.0 90.43800830841064
916.0 88.48786354064941
917.0 86.9718849658966
918.0 83.40193033218384
919.0 82.27311372756958
920.0 79.27276492118835
921.0 75.65394043922424
922.0 71.37107849121094
923.0 65.8093273639679
924.0 60.357409715652466
925.0 54.93627190589905
926.0 48.8370418548584
927.0 42.138710618019104
928.0 36.211007833480835
929.0 29.88063395023346
930.0 24.189144372940063
931.0 19.059018790721893
932.0 13.505244255065918
933.0 9.086579084396362
934.0 5.911106243729591
935.0 3.8011234253644943
936.0 2.069370076060295
937.0 1.25277079641819
938.0 0.7428061682730913
939.0 0.5370803643018007
940.0 0.3202214138582349
941.0 0.05694003775715828
942.0 0.2670828253030777
943.0 0.1781242899596691
944.0 1.60426088646054e-10
945.0 0.22608446888625622
946.0 0.14338535256683826
947.0 0.005698369568563066
948.0 1.60426088646054e-10
949.0 1.60426088646054e-10
950.0 0.07524917600676417
951.0 0.021093946998007596
952.0 0.0017730390027281828
953.0 0.018567556980997324
954.0 1.60426088646054e-10
955.0 1.60426088646054e-10
956.0 1.60426088646054e-10
957.0 1.60426088646054e-10
958.0 1.60426088646054e-10
959.0 1.60426088646054e-10
960.0 1.60426088646054e-10
961.0 0.04849943215958774
962.0 0.026268025976605713
963.0 0.027349527226760983
964.0 1.60426088646054e-10
965.0 0.011077574890805408
966.0 1.60426088646054e-10
967.0 0.030478998087346554
968.0 0.020896928617730737
969.0 1.60426088646054e-10
970.0 1.60426088646054e-10
971.0 0.025639912928454578
972.0 0.05870909080840647
973.0 0.015713459288235754
974.0 1.60426088646054e-10
975.0 1.60426088646054e-10
976.0 0.006450973160099238
977.0 0.006416138785425574
978.0 0.006381305865943432
979.0 0.006162589124869555
980.0 0.005943870201008394
981.0 0.005853837865288369
982.0 0.005763805893366225
983.0 0.005620531374006532
984.0 0.005477257582242601
985.0 0.005233517003944144
986.0 0.0049897753342520446
987.0 0.005032489207223989
988.0 0.005075203443993814
989.0 0.00498567424074281
990.0 0.0048961454012896866
991.0 0.004926263864035718
992.0 0.00495638232678175
993.0 0.0049204783863388
994.0 0.00488457408209797
995.0 0.004780663221026771
996.0 0.004676752359955572
997.0 0.004566794814309105
998.0 0.00445683763246052
999.0 0.0044179119868204
1000.0 0.004378985977382399
1001.0 0.004529808211373165
1002.0 0.004680630081566051
1003.0 0.0045760149077977985
1004.0 0.004471399734029546
1005.0 0.004346948844613507
1006.0 0.004222497591399588
1007.0 0.004309457290219143
1008.0 0.004396416989038698
1009.0 0.004444149453775026
1010.0 0.004491881918511353
1011.0 0.004619215178536251
1012.0 0.00474654880235903
1013.0 0.0045516811951529235
1014.0 0.004356813224148937
1015.0 0.004497310510487296
1016.0 0.004637807433027774
1017.0 0.004924196036881767
1018.0 0.005210585004533641
1019.0 0.004981858000974171
1020.0 0.004753130997414701
1021.0 0.0047500427172053605
1022.0 0.004746953709400259
1023.0 0.00467059544462245
1024.0 0.00459423717984464
1025.0 0.0047669975174358115
1026.0 0.004939757855026983
1027.0 0.004875958984484896
1028.0 0.004812160113942809
1029.0 0.0048073427024064586
1030.0 0.004802526018465869
1031.0 0.00488262485305313
1032.0 0.004962723687640391
1033.0 0.004991037712898105
1034.0 0.0050193521019537
1035.0 0.005198237704462372
1036.0 0.005377123670768924
1037.0 0.005482944106915966
1038.0 0.005588764179265127
1039.0 0.005443885311251506
1040.0 0.005299005715642124
1041.0 0.005771129144704901
1042.0 0.006243253301363438
1043.0 0.005732743375119753
1044.0 0.005222234176471829
1045.0 0.005922095442656428
1046.0 0.006621956708841026
1047.0 0.006345533620333299
1048.0 0.006069109804229811
1049.0 0.006166947423480451
1050.0 0.00626478431513533
1051.0 0.00657692871754989
1052.0 0.006889073847560212
1053.0 0.0069388566771522164
1054.0 0.006988640234339982
1055.0 0.00759528047638014
1056.0 0.008201921446016058
1057.0 0.007999203080544248
1058.0 0.0077964854426681995
1059.0 0.007937157351989299
1060.0 0.008077827806118876
1061.0 0.008594259998062626
1062.0 0.009110692190006375
1063.0 0.009148581011686474
1064.0 0.009186471288558096
1065.0 0.009459914872422814
1066.0 0.009733361366670579
1067.0 0.009697095083538443
1068.0 0.009660831710789353
1069.0 0.010509574349271134
1070.0 0.011358316987752914
1071.0 0.011082088894909248
1072.0 0.01080586007446982
1073.0 0.010997968638548627
1074.0 0.011190077202627435
1075.0 0.01190264301840216
1076.0 0.01261521247215569
1077.0 0.012456966214813292
1078.0 0.012298719957470894
1079.0 0.0132272660266608
1080.0 0.014155813551042229
1081.0 0.014386788825504482
1082.0 0.01461776701034978
1083.0 0.01436481688870117
1084.0 0.014111863856669515
1085.0 0.014971454220358282
1086.0 0.015831046039238572
1087.0 0.015799558605067432
1088.0 0.015768074081279337
1089.0 0.0169604696566239
1090.0 0.018152862321585417
1091.0 0.01834253635024652
1092.0 0.01853220455814153
1093.0 0.017974094953387976
1094.0 0.0174159838934429
1095.0 0.018865635502152145
1096.0 0.02031528711086139
1097.0 0.020957310334779322
1098.0 0.021599333558697253
1099.0 0.023280517780222
1100.0 0.02496169472578913
1101.0 0.02488018071744591
1102.0 0.024798663798719645
1103.0 0.025985829415731132
1104.0 0.027172992122359574
1105.0 0.027563079493120313
1106.0 0.02795316686388105
1107.0 0.028791857766918838
1108.0 0.029630548669956625
1109.0 0.031152446172200143
1110.0 0.03267434367444366
1111.0 0.03256698837503791
1112.0 0.0324596359860152
1113.0 0.03409999189898372
1114.0 0.03574035654310137
1115.0 0.03465594199951738
1116.0 0.03357153327669948
1117.0 0.033806663122959435
1118.0 0.03404179587960243
1119.0 0.03813816292677075
1120.0 0.042234527063556015
1121.0 0.04416029842104763
1122.0 0.04608607559930533
1123.0 0.04502340161707252
1124.0 0.04396073054522276
1125.0 0.04424288927111775
1126.0 0.044525047997012734
1127.0 0.04847559321206063
1128.0 0.052426138427108526
1129.0 0.05726178642362356
1130.0 0.0620974344201386
1131.0 0.06076632416807115
1132.0 0.059435213916003704
1133.0 0.0633884861599654
1134.0 0.06734175840392709
1135.0 0.06542584742419422
1136.0 0.06350993644446135
1137.0 0.06990320980548859
1138.0 0.0762965006288141
1139.0 0.08186461054719985
1140.0 0.08743267972022295
1141.0 0.09606044623069465
1142.0 0.10468820109963417
1143.0 0.12802412966266274
1144.0 0.1513600116595626
1145.0 0.3035315312445164
1146.0 0.4557030741125345
1147.0 0.9710683487355709
1148.0 1.4864335767924786
1149.0 1.6864186152815819
1150.0 1.8864046782255173
