lsstCam/transmission_filter_detector/r10_s01/z_20/19700101T000000.ecsv
# %ECSV 1.0
# ---
# datatype:
# - {name: wavelength, unit: nm, datatype: float32}
# - {name: efficiency, unit: '%', datatype: float64}
# meta: !!omap
# - {MODE: DETECTOR}
# - {TYPE: transmission_filter_detector}
# - {CALIBDATE: '1970-01-01T00:00:00'}
# - {INSTRUME: LSSTCam}
# - {OBSTYPE: transmission_filter_detector}
# - {CALIBCLS: lsst.ip.isr.IntermediateFilterDetectorTransmissionCurve}
# - {SOURCE: Materion (DM-46256)}
# - {DETECTOR: 28}
# - {FILTER: z_20}
# - {CALIB_ID: 'calibDate=1970-01-01T00:00:00 filter=z_20 detector=28'}
# - {DATE: '2025-04-02T15:59:48.764266'}
# - {CALIB_CREATION_DATE: '2025-04-02'}
# - {CALIB_CREATION_TIME: '15:59:48'}
# - __serialized_columns__:
#     efficiency:
#       __class__: astropy.units.quantity.Quantity
#       unit: !astropy.units.Unit {unit: '%'}
#       value: !astropy.table.SerializedColumn {name: efficiency}
#     wavelength:
#       __class__: astropy.units.quantity.Quantity
#       unit: !astropy.units.Unit {unit: nm}
#       value: !astropy.table.SerializedColumn {name: wavelength}
# schema: astropy-2.0
wavelength efficiency
300.0 0.8591562509536743
301.0 0.5792794283479452
302.0 0.2994026755914092
303.0 0.2935241209343076
304.0 0.28764556627720594
305.0 0.2440648153424263
306.0 0.20048399455845356
307.0 0.18313914770260453
308.0 0.16579428920522332
309.0 0.14599235728383064
310.0 0.12619043700397015
311.0 0.12640830827876925
312.0 0.1266262144781649
313.0 0.11106639867648482
314.0 0.09550661779940128
315.0 0.09561101323924959
316.0 0.0957154028583318
317.0 0.07987943827174604
318.0 0.06404347950592637
319.0 0.06401448044925928
320.0 0.06398546975106001
321.0 0.0631653587333858
322.0 0.062345253536477685
323.0 0.05427637952379882
324.0 0.04620750842150301
325.0 0.0431879743700847
326.0 0.0401684403186664
327.0 0.03874222747981548
328.0 0.03731601755134761
329.0 0.03328742168378085
330.0 0.029258831636980176
331.0 0.026667339261621237
332.0 0.024075849796645343
333.0 0.02324343950022012
334.0 0.02241102629341185
335.0 0.021175231086090207
336.0 0.01993943442357704
337.0 0.0239341810811311
338.0 0.027928923373110592
339.0 0.02382997190579772
340.0 0.01973102625925094
341.0 0.016742518346291035
342.0 0.013754011888522655
343.0 0.01363567280350253
344.0 0.013517335173673928
345.0 0.01276984257856384
346.0 0.012022351438645273
347.0 0.011291812552371994
348.0 0.010561277304077521
349.0 0.01317804999416694
350.0 0.015794826322235167
351.0 0.013101905642542988
352.0 0.01040898059727624
353.0 0.010973207099596038
354.0 0.011537432874320075
355.0 0.009897413110593334
356.0 0.008257394802058116
357.0 0.009237625636160374
358.0 0.010217859380645677
359.0 0.00995202935882844
360.0 0.009686200064606965
361.0 0.008771045395405963
362.0 0.007855894364183769
363.0 0.009180164488498122
364.0 0.010504433885216713
365.0 0.010236543312203139
366.0 0.00996865492197685
367.0 0.008766521204961464
368.0 0.007564387487946078
369.0 0.007922447548480704
370.0 0.008280509064206854
371.0 0.008189237996703014
372.0 0.008097967656794935
373.0 0.007132506289053708
374.0 0.006167046376504004
375.0 0.006449572538258508
376.0 0.00673209797241725
377.0 0.007029404514469206
378.0 0.007326710328925401
379.0 0.006224916432984173
380.0 0.005123121809447184
381.0 0.0032555602956563234
382.0 0.001387998963764403
383.0 0.003550723340595141
384.0 0.0057134478993248194
385.0 0.005512882853508927
386.0 0.005312317807693034
387.0 0.005910001709708013
388.0 0.006507686339318752
389.0 0.005731553028454073
390.0 0.004955421172780916
391.0 0.0045931847125757486
392.0 0.004230948252370581
393.0 0.004724015889223665
394.0 0.00521708425367251
395.0 0.004282050213078037
396.0 0.0033470161724835634
397.0 0.003514236959745176
398.0 0.0036814570194110274
399.0 0.00395990937249735
400.0 0.004238361361785792
401.0 0.004793756306753494
402.0 0.005349151251721196
403.0 0.005321815115166828
404.0 0.00529447897861246
405.0 0.00398982701881323
406.0 0.002685175604710821
407.0 0.0013927704458183143
408.0 0.00010036576441052603
409.0 0.001840656841523014
410.0 0.0035809480323223397
411.0 0.004016264938400127
412.0 0.0044515814806800336
413.0 0.00437443086411804
414.0 0.004297279883758165
415.0 0.0035708235373022035
416.0 0.0028443675546441227
417.0 0.0038157246308401227
418.0 0.004787082070834003
419.0 0.004283997259335592
420.0 0.003780912811635062
421.0 0.0036366211134009063
422.0 0.003492330142762512
423.0 0.0034350530768278986
424.0 0.0033777771022869274
425.0 0.0025460185497649945
426.0 0.001714260179142002
427.0 0.0018526332496549003
428.0 0.001991006502066739
429.0 0.0012388355571602006
430.0 0.0004866647032031324
431.0 0.0006107504304964095
432.0 0.0007348360213654814
433.0 0.0006578915417776443
434.0 0.0005809471076645423
435.0 0.0012176286873000208
436.0 0.0018543101759860292
437.0 0.0018839089534594677
438.0 0.001913507549033966
439.0 0.0020543096979963593
440.0 0.002195112028857693
441.0 0.001672103098826483
442.0 0.001149094350694213
443.0 0.0023043534383759834
444.0 0.0034596123441588134
445.0 0.0034549462725408375
446.0 0.0034502802009228617
447.0 0.0026783049179357477
448.0 0.001906329816847574
449.0 0.0026013203751062974
450.0 0.003296311479061842
451.0 0.00250380217039492
452.0 0.0017112923160311766
453.0 0.0016724910892662592
454.0 0.0016336896806024015
455.0 0.002374512769165449
456.0 0.003115336221526377
457.0 0.002318365477549378
458.0 0.0015213949154713191
459.0 0.0016498464901815169
460.0 0.001778298246790655
461.0 0.0008512539352523163
462.0 1.713854752560806e-10
463.0 0.0009192774086841382
464.0 0.0019143455574521795
465.0 0.0021760361050837673
466.0 0.002437726652715355
467.0 0.002179487819375936
468.0 0.0019212482584407553
469.0 0.0017092110283556394
470.0 0.0014971737982705235
471.0 0.0013876350749342237
472.0 0.0012780966244463343
473.0 0.0012506628991104662
474.0 0.001223229082825128
475.0 0.0011288549103483092
476.0 0.0010344806469220202
477.0 0.0013188040611566976
478.0 0.0016031272025429644
479.0 0.00196106375369709
480.0 0.0023189999410533346
481.0 0.001836411865951959
482.0 0.0013538237908505835
483.0 0.0008846081072988454
484.0 0.0004153923327976372
485.0 0.00124664293252863
486.0 0.0020778934413101524
487.0 0.0015519020962528884
488.0 0.0010259108421450946
489.0 0.0017404361642547883
490.0 0.002454961395415012
491.0 0.00228455028263852
492.0 0.0021141393517609686
493.0 0.001981047898880206
494.0 0.0018479566278983839
495.0 0.0016463451174786314
496.0 0.001444733607058879
497.0 0.0013026523447479121
498.0 0.0011605712643358856
499.0 0.0012710701412288472
500.0 0.0013815692000207491
501.0 0.0009394959306519013
502.0 0.0004974224793841131
503.0 0.0013185968782636337
504.0 0.0021397712771431543
505.0 0.002254879473184701
506.0 0.002369987851125188
507.0 0.0022775579054723494
508.0 0.0021851277779205702
509.0 0.0018328577425563708
510.0 0.0014805877981416415
511.0 0.0011752897080441471
512.0 0.0008699916179466527
513.0 0.0012594406143762171
514.0 0.001648889883654192
515.0 0.0012792827874363866
516.0 0.0009096761459659319
517.0 0.0008825074473861605
518.0 0.0008553386578569189
519.0 0.0010484481208550278
520.0 0.0012415573110047262
521.0 0.001593059096194338
522.0 0.00194456097233342
523.0 0.001341003917332273
524.0 0.0007374469987553312
525.0 0.0007808319423929788
526.0 0.0008242171134043019
527.0 0.0011572175935725681
528.0 0.001490218346589245
529.0 0.0013050909728917759
530.0 0.0011199630534974858
531.0 0.0011638006071734708
532.0 0.0012076380698999856
533.0 0.000871666179591557
534.0 0.0005356942892831285
535.0 0.0011761144378397148
536.0 0.0018165346773457713
537.0 0.0017956979718292132
538.0 0.0017748614482115954
539.0 0.0012422542567946948
540.0 0.0007096469289535889
541.0 0.0007818296580808237
542.0 0.0008540126145817339
543.0 0.0012271707419131417
544.0 0.0016003290511434898
545.0 0.0010959794053633232
546.0 0.0005916301688557724
547.0 0.001241664904227946
548.0 0.0018916991393780336
549.0 0.0017606640540179797
550.0 0.0016296287867589854
551.0 0.001616164627193939
552.0 0.0016027002857299522
553.0 0.0013635131836053915
554.0 0.0011243258086324204
555.0 0.0010418545571155846
556.0 0.0009593833055987488
557.0 0.0013191109246690758
558.0 0.0016788384527899325
559.0 0.001738919127092231
560.0 0.0017989992556977086
561.0 0.0016335327018168755
562.0 0.0014680660569865722
563.0 0.0012025342584820464
564.0 0.0009370023690280505
565.0 0.0018230681234854273
566.0 0.0027091340598417446
567.0 0.003002579069288913
568.0 0.003296023714938201
569.0 0.0030184552088030614
570.0 0.002740886884566862
571.0 0.0025999061108450405
572.0 0.002458924791426398
573.0 0.0019967101252404973
574.0 0.0015344958228524774
575.0 0.0019713617803063244
576.0 0.002408227555861231
577.0 0.002031241456279531
578.0 0.0016542559023946524
579.0 0.0017656655472819693
580.0 0.0018770746464724652
581.0 0.0016578362192376517
582.0 0.0014385974282049574
583.0 0.0018753320546238683
584.0 0.0023120668629417196
585.0 0.0025676918085082434
586.0 0.0028233167540747672
587.0 0.0022219117454369552
588.0 0.0016205060092033818
589.0 0.0022309413907350972
590.0 0.0028413765903678723
591.0 0.001906329816847574
592.0 0.0009712830433272757
593.0 0.0007817773621354718
594.0 0.0005922714080952574
595.0 0.0010358939107391052
596.0 0.0014795162314840127
597.0 0.001340850030828733
598.0 0.0012021837392239831
599.0 0.0008584387614973821
600.0 0.0005146938292455161
601.0 0.0004687168257078156
602.0 0.0004227396402711747
603.0 0.0009182762369164266
604.0 0.0014138123333395924
605.0 0.000905718479771167
606.0 0.000397624307879596
607.0 0.0008229942977777682
608.0 0.0012483642422012053
609.0 0.0012140000762883574
610.0 0.0011796356375270989
611.0 0.001011037420539651
612.0 0.0008424389307037927
613.0 0.0008383554813917726
614.0 0.0008342721230292227
615.0 0.0012490334484027699
616.0 0.0016637950466247275
617.0 0.0021263347662170418
618.0 0.002588874485809356
619.0 0.0021860778360860422
620.0 0.0017832808225648478
621.0 0.0015414410881930962
622.0 0.0012996008990739938
623.0 0.001617344059923198
624.0 0.0019350873117218725
625.0 0.001669465382292401
626.0 0.00140384372571134
627.0 0.0018608230675454251
628.0 0.0023178030460258015
629.0 0.0021309617295628414
630.0 0.0019441204130998813
631.0 0.001735049045237247
632.0 0.0015259771316777915
633.0 0.0018600498151499778
634.0 0.002194122862420045
635.0 0.005158107160241343
636.0 0.00812209109426476
637.0 0.015426651225425303
638.0 0.022731212084181607
639.0 0.019764342869166285
640.0 0.01679747219895944
641.0 0.014590633509214967
642.0 0.01238379772985354
643.0 0.009901411976898089
644.0 0.007419028406729922
645.0 0.0067097003920935094
646.0 0.006000373468850739
647.0 0.005509485708898865
648.0 0.00501859794894699
649.0 0.004128672298975289
650.0 0.003238747376599349
651.0 0.0036452005588216707
652.0 0.004051654104841873
653.0 0.0033163338230224326
654.0 0.0025810128136072308
655.0 0.0027768488507717848
656.0 0.0029726852517342195
657.0 0.002914876131399069
658.0 0.0028570666472660378
659.0 0.0027160604076925665
660.0 0.0025750543500180356
661.0 0.0027145295462105423
662.0 0.0028540043786051683
663.0 0.0019330178474774584
664.0 0.0010120314982486889
665.0 0.0015201135283859912
666.0 0.002028195740422234
667.0 0.002347974441363476
668.0 0.002667753324203659
669.0 0.0019817663996946067
670.0 0.001295779748033965
671.0 0.0009615214366931468
672.0 0.0006272631253523286
673.0 0.0012805277947336435
674.0 0.0019337925550644286
675.0 0.002079260957543738
676.0 0.0022247293600230478
677.0 0.0019600836822064593
678.0 0.0016954374586930498
679.0 0.0013866807421436533
680.0 0.0010779238436953165
681.0 0.0011974922927038278
682.0 0.0013170604688639287
683.0 0.002404971019132063
684.0 0.003492881660349667
685.0 0.0028302505597821437
686.0 0.002167619823012501
687.0 0.0016382084140786901
688.0 0.0011087968232459389
689.0 0.0014590477803722024
690.0 0.0018092985555995256
691.0 0.0021459456547745503
692.0 0.0024825923901516944
693.0 0.0028527543690870516
694.0 0.0032229167118202895
695.0 0.003337498856126331
696.0 0.0034520806366344914
697.0 0.0037390793295344338
698.0 0.004026078386232257
699.0 0.005967219840385951
700.0 0.007908361294539645
701.0 0.007371114770649001
702.0 0.006833868246758357
703.0 0.006304268026724458
704.0 0.005774667079094797
705.0 0.005152132143848576
706.0 0.004529597936198115
707.0 0.004281489964341745
708.0 0.0040333816286874935
709.0 0.004283666203264147
710.0 0.00453395041404292
711.0 0.0040220947994384915
712.0 0.003510239184834063
713.0 0.002465935358486604
714.0 0.0014216313502402045
715.0 0.002175361441913992
716.0 0.00292909153358778
717.0 0.002515240339562297
718.0 0.0021013889636378735
719.0 0.0016933359802351333
720.0 0.0012852826330345124
721.0 0.0011884479135915171
722.0 0.0010916128303506412
723.0 0.0009618252988730092
724.0 0.0008320375854964368
725.0 0.001220000285684364
726.0 0.0016079631677712314
727.0 0.0016900638001970947
728.0 0.0017721642507240176
729.0 0.001794725721993018
730.0 0.0018172868294641376
731.0 0.0013567699170380365
732.0 0.0008962530046119355
733.0 0.0009796343874768354
734.0 0.0010630154974933248
735.0 0.0011442028153396677
736.0 0.0012253898603376001
737.0 0.0013343933460419066
738.0 0.0014433966498472728
739.0 0.001112461177399382
740.0 0.000781525614002021
741.0 0.0010043319889518898
742.0 0.0012271381820028182
743.0 0.0016127167327795178
744.0 0.0019982948288088664
745.0 0.0013424876669887453
746.0 0.0006866805051686242
747.0 0.001175317356683081
748.0 0.0016639542081975378
749.0 0.002357026460231282
750.0 0.003050098712265026
751.0 0.003039305920538027
752.0 0.003028513128811028
753.0 0.0030067883926676586
754.0 0.0029850638384232298
755.0 0.0019623024854809046
756.0 0.0009395410415891092
757.0 0.0019104760212940164
758.0 0.0028814109100494534
759.0 0.0027688311092788354
760.0 0.002656251126609277
761.0 0.0044536380300996825
762.0 0.006251024024095386
763.0 0.005753229197580367
764.0 0.005255433643469587
765.0 0.00527976117155049
766.0 0.005304089427227154
767.0 0.004616051592165604
768.0 0.003928013029508293
769.0 0.00351781454810407
770.0 0.003107616794295609
771.0 0.003927627767552622
772.0 0.004747638377011754
773.0 0.00402751102228649
774.0 0.003307383303763345
775.0 0.03239433572161943
776.0 1.713854752560806e-10
777.0 1.713854752560806e-10
778.0 0.02424921258352697
779.0 1.713854752560806e-10
780.0 0.0023873932150308974
781.0 0.08287174860015512
782.0 0.01717026752885431
783.0 0.11197603307664394
784.0 0.09030510555021465
785.0 0.08912808261811733
786.0 1.713854752560806e-10
787.0 1.713854752560806e-10
788.0 0.0011466377145552542
789.0 1.713854752560806e-10
790.0 0.1391883590258658
791.0 1.713854752560806e-10
792.0 0.10667144088074565
793.0 1.713854752560806e-10
794.0 1.713854752560806e-10
795.0 0.13228020397946239
796.0 0.09028195054270327
797.0 0.07315777475014329
798.0 0.128293433226645
799.0 0.2686247695237398
800.0 0.5084840580821037
801.0 0.7747297175228596
802.0 1.2597737833857536
803.0 2.0431427285075188
804.0 3.2615549862384796
805.0 4.786857217550278
806.0 6.81573674082756
807.0 9.199334681034088
808.0 11.978678405284882
809.0 14.947722852230072
810.0 18.286390602588654
811.0 21.445834636688232
812.0 24.88335371017456
813.0 28.867998719215393
814.0 33.721646666526794
815.0 39.02071714401245
816.0 44.557949900627136
817.0 51.11806392669678
818.0 57.91564583778381
819.0 64.53019976615906
820.0 72.02542424201965
821.0 78.75683903694153
822.0 83.95088911056519
823.0 88.11085224151611
824.0 91.9529914855957
825.0 95.17995715141296
826.0 96.26601934432983
827.0 97.67372012138367
828.0 99.18809533119202
829.0 98.97422790527344
830.0 98.94598126411438
831.0 98.97708296775818
832.0 98.30912947654724
833.0 99.29907321929932
834.0 98.02239537239075
835.0 99.22513365745544
836.0 98.65140318870544
837.0 98.7736165523529
838.0 97.77734279632568
839.0 98.16926717758179
840.0 98.48523139953613
841.0 99.22123551368713
842.0 99.2264449596405
843.0 99.56976175308228
844.0 98.26873540878296
845.0 98.22544455528259
846.0 98.78965616226196
847.0 98.82498979568481
848.0 100.04074573516846
849.0 98.81203174591064
850.0 98.07515144348145
851.0 98.85119795799255
852.0 99.19902682304382
853.0 98.63592386245728
854.0 99.382084608078
855.0 98.10200929641724
856.0 98.6624002456665
857.0 97.7426826953888
858.0 98.72113466262817
859.0 99.28812980651855
860.0 98.58291745185852
861.0 99.0984320640564
862.0 98.6061155796051
863.0 97.88612127304077
864.0 99.2990255355835
865.0 99.94618892669678
866.0 98.4325110912323
867.0 99.2656409740448
868.0 99.57877993583679
869.0 99.04903769493103
870.0 98.09725284576416
871.0 98.66400361061096
872.0 98.89221787452698
873.0 99.1851806640625
874.0 99.61267113685608
875.0 98.64023923873901
876.0 99.11242127418518
877.0 99.46202039718628
878.0 98.82724285125732
879.0 98.73009324073792
880.0 98.52772951126099
881.0 99.69700574874878
882.0 98.67663383483887
883.0 98.64793419837952
884.0 98.86260032653809
885.0 99.11156296730042
886.0 98.53137135505676
887.0 98.61831665039062
888.0 98.73340129852295
889.0 99.47190880775452
890.0 98.21224212646484
891.0 99.28521513938904
892.0 98.70362877845764
893.0 98.30681085586548
894.0 98.21177124977112
895.0 99.33171272277832
896.0 99.0406334400177
