lsstCam/transmission_filter_detector/r10_s01/z_20/19700101T000000.ecsv
# %ECSV 1.0
# ---
# datatype:
# - {name: wavelength, unit: nm, datatype: float32}
# - {name: efficiency, unit: '%', datatype: float64}
# meta: !!omap
# - {MODE: DETECTOR}
# - {TYPE: transmission_filter_detector}
# - {CALIBDATE: '1970-01-01T00:00:00'}
# - {INSTRUME: LSSTCam}
# - {OBSTYPE: transmission_filter_detector}
# - {CALIBCLS: lsst.ip.isr.IntermediateFilterDetectorTransmissionCurve}
# - {SOURCE: Materion (DM-46256)}
# - {DETECTOR: 28}
# - {FILTER: z_20}
# - {CALIB_ID: 'calibDate=1970-01-01T00:00:00 filter=z_20 detector=28'}
# - {DATE: '2025-04-02T15:59:48.764266'}
# - {CALIB_CREATION_DATE: '2025-04-02'}
# - {CALIB_CREATION_TIME: '15:59:48'}
# - __serialized_columns__:
#     efficiency:
#       __class__: astropy.units.quantity.Quantity
#       unit: !astropy.units.Unit {unit: '%'}
#       value: !astropy.table.SerializedColumn {name: efficiency}
#     wavelength:
#       __class__: astropy.units.quantity.Quantity
#       unit: !astropy.units.Unit {unit: nm}
#       value: !astropy.table.SerializedColumn {name: wavelength}
# schema: astropy-2.0
wavelength efficiency
[from data line 598]
898.0 98.95510077476501
899.0 98.60668182373047
900.0 98.55628609657288
901.0 99.19303059577942
902.0 99.07118082046509
903.0 98.42055439949036
904.0 97.8416383266449
905.0 98.48605394363403
906.0 98.07896018028259
907.0 98.44474196434021
908.0 97.88283705711365
909.0 98.07782769203186
910.0 97.78028130531311
911.0 96.755450963974
912.0 96.05911374092102
913.0 94.40971612930298
914.0 91.99007749557495
915.0 89.58023190498352
916.0 87.32259273529053
917.0 86.19020581245422
918.0 82.41897225379944
919.0 81.25401735305786
920.0 77.68800258636475
921.0 73.54037761688232
922.0 68.99798512458801
923.0 62.926310300827026
924.0 57.49329328536987
925.0 51.80755257606506
926.0 45.60505747795105
927.0 38.45530152320862
928.0 32.32937157154083
929.0 26.30007266998291
930.0 20.84820419549942
931.0 15.79882800579071
932.0 10.684943944215775
933.0 6.710962951183319
934.0 4.2353034019470215
935.0 2.5652434676885605
936.0 1.4533941633999348
937.0 0.9820030070841312
938.0 0.5655235610902309
939.0 0.2668253844603896
940.0 0.22094438318163157
941.0 0.0997424591332674
942.0 0.00531676851096563
943.0 0.14963980065658689
944.0 1.713854752560806e-10
945.0 0.009553757990943268
946.0 1.713854752560806e-10
947.0 0.007223361171782017
948.0 1.713854752560806e-10
949.0 1.713854752560806e-10
950.0 1.713854752560806e-10
951.0 1.713854752560806e-10
952.0 0.05421321257017553
953.0 1.713854752560806e-10
954.0 1.713854752560806e-10
955.0 1.713854752560806e-10
956.0 1.713854752560806e-10
957.0 1.713854752560806e-10
958.0 1.713854752560806e-10
959.0 1.713854752560806e-10
960.0 1.713854752560806e-10
961.0 1.713854752560806e-10
962.0 1.713854752560806e-10
963.0 1.713854752560806e-10
964.0 1.713854752560806e-10
965.0 1.713854752560806e-10
966.0 1.713854752560806e-10
967.0 1.713854752560806e-10
968.0 1.713854752560806e-10
969.0 1.713854752560806e-10
970.0 1.713854752560806e-10
971.0 1.713854752560806e-10
972.0 1.713854752560806e-10
973.0 1.713854752560806e-10
974.0 1.713854752560806e-10
975.0 1.713854752560806e-10
976.0 0.006186949758557603
977.0 0.006172394205350429
978.0 0.006157840107334778
979.0 0.006006173862260766
980.0 0.005854505798197351
981.0 0.005700412657461129
982.0 0.00554632097191643
983.0 0.0054382697271648794
984.0 0.005330219210009091
985.0 0.005070920451544225
986.0 0.004811621329281479
987.0 0.004806890865438618
988.0 0.004802160765393637
989.0 0.004745868136524223
990.0 0.004689575871452689
991.0 0.004777614594786428
992.0 0.004865653318120167
993.0 0.004780171002494171
994.0 0.004694688323070295
995.0 0.004675888703786768
996.0 0.004657089448301122
997.0 0.004477082984521985
998.0 0.004297076884540729
999.0 0.004242913564667106
1000.0 0.004188750244793482
1001.0 0.004369453017716296
1002.0 0.0045501550630433485
1003.0 0.0044672815420199186
1004.0 0.004384408384794369
1005.0 0.00424688623752445
1006.0 0.00410936409025453
1007.0 0.004139192606089637
1008.0 0.004169020758126862
1009.0 0.004273812373867258
1010.0 0.0043786039896076545
1011.0 0.004482955046114512
1012.0 0.00458730646641925
1013.0 0.00443159369751811
1014.0 0.00427588056481909
1015.0 0.004396528674988076
1016.0 0.004517176421359181
1017.0 0.004767176869791001
1018.0 0.0050171776820207015
1019.0 0.004806633660336956
1020.0 0.004596089638653211
1021.0 0.004612715565599501
1022.0 0.004629341492545791
1023.0 0.0045534423406934366
1024.0 0.0044775428250432014
1025.0 0.004628443639376201
1026.0 0.004779344089911319
1027.0 0.0046789165935479105
1028.0 0.004578489097184502
1029.0 0.004626277950592339
1030.0 0.004674067167798057
1031.0 0.004691306457971223
1032.0 0.004708545748144388
1033.0 0.004861698471358977
1034.0 0.005014851558371447
1035.0 0.0051776194595731795
1036.0 0.005340386996977031
1037.0 0.005404179682955146
1038.0 0.00546797200513538
1039.0 0.00536753395863343
1040.0 0.0052670951845357195
1041.0 0.005726096424041316
1042.0 0.006185098027344793
1043.0 0.005578101990977302
1044.0 0.004971106318407692
1045.0 0.00563742323720362
1046.0 0.006303739064605907
1047.0 0.006042416862328537
1048.0 0.005781093568657525
1049.0 0.005930147381150164
1050.0 0.0060792011936428025
1051.0 0.006311613833531737
1052.0 0.006544027564814314
1053.0 0.006698221841361374
1054.0 0.006852415390312672
1055.0 0.007461760105798021
1056.0 0.008071105548879132
1057.0 0.007747930794721469
1058.0 0.007424756040563807
1059.0 0.007619815005455166
1060.0 0.007814872515155002
1061.0 0.008392005111090839
1062.0 0.008969136979430914
1063.0 0.008793780580163002
1064.0 0.00861842418089509
1065.0 0.008794345922069624
1066.0 0.008970269846031442
1067.0 0.009130074613494799
1068.0 0.009289880836149678
1069.0 0.01025283127091825
1070.0 0.011215781705686823
1071.0 0.010787022620206699
1072.0 0.010358263534726575
1073.0 0.010465651575941592
1074.0 0.010573038161965087
1075.0 0.011211980745429173
1076.0 0.011850925511680543
1077.0 0.011784036905737594
1078.0 0.011717147572198883
1079.0 0.012781131954398006
1080.0 0.013845118519384414
1081.0 0.013699769624508917
1082.0 0.013554423640016466
1083.0 0.013720792776439339
1084.0 0.013887161912862211
1085.0 0.014605502656195313
1086.0 0.01532384630991146
1087.0 0.01502716331742704
1088.0 0.01473048614570871
1089.0 0.016176360077224672
1090.0 0.01762223255354911
1091.0 0.01749952498357743
1092.0 0.017376814503222704
1093.0 0.01709701755316928
1094.0 0.016817219147924334
1095.0 0.01821362820919603
1096.0 0.019610040180850774
1097.0 0.019606771820690483
1098.0 0.01960350346053019
1099.0 0.0222133967326954
1100.0 0.02482328563928604
1101.0 0.02428978041280061
1102.0 0.023756272275932133
1103.0 0.025051122065633535
1104.0 0.026345971855334938
1105.0 0.0263626454398036
1106.0 0.026379319024272263
1107.0 0.027853986830450594
1108.0 0.029328654636628926
1109.0 0.0304787652567029
1110.0 0.03162887878715992
1111.0 0.03187674446962774
1112.0 0.03212461597286165
1113.0 0.03310878528282046
1114.0 0.03409296041354537
1115.0 0.032670580549165606
1116.0 0.031248206505551934
1117.0 0.03269811568316072
1118.0 0.034148027771152556
1119.0 0.037139709456823766
1120.0 0.040131385321728885
1121.0 0.04158559313509613
1122.0 0.043039803858846426
1123.0 0.04305613983888179
1124.0 0.043072475818917155
1125.0 0.04396558797452599
1126.0 0.04485870304051787
1127.0 0.04852666752412915
1128.0 0.05219462909735739
1129.0 0.05560670979321003
1130.0 0.05901879630982876
1131.0 0.05935060326009989
1132.0 0.059682398568838835
1133.0 0.06183181540109217
1134.0 0.06398123223334551
1135.0 0.06253840401768684
1136.0 0.06109557580202818
1137.0 0.06621104548685253
1138.0 0.07132652681320906
1139.0 0.07649300969205797
1140.0 0.08165946346707642
1141.0 0.08976573590189219
1142.0 0.09787199087440968
1143.0 0.11699852766469121
1144.0 0.136125017888844
1145.0 0.2656938275322318
1146.0 0.39526266045868397
1147.0 0.8160106837749481
1148.0 1.236758753657341
1149.0 1.4190916903316975
1150.0 1.6014255583286285
