lsstCam/transmission_sensor/r10_s20/19700101T000000.ecsv
# %ECSV 1.0
# ---
# datatype:
# - {name: amp_name, datatype: string}
# - {name: wavelength, unit: nm, datatype: float32}
# - {name: efficiency, unit: '%', datatype: float64}
# meta: !!omap
# - {MODE: AMP}
# - {TYPE: transmission_sensor}
# - {CALIBDATE: '1970-01-01T00:00:00'}
# - {INSTRUME: LSSTCAM}
# - {OBSTYPE: transmission_sensor}
# - {DETECTOR: 33}
# - {PARQUETFILE: qe_raft_allvalues_nircorrected_20230725.parquet}
# - {CALIBCLS: lsst.ip.isr.IntermediateSensorTransmissionCurve}
# - {CALIB_ID: 'raftName=R10 detectorName=S20 detector=33 calibDate=1970-01-01T00:00:00 ccd=33 ccdnum=33 filter=None'}
# - {DATE: '2024-01-18T22:42:25.088717'}
# - {CALIB_CREATION_DATE: '2024-01-18'}
# - {CALIB_CREATION_TIME: '22:42:25'}
# - __serialized_columns__:
#     efficiency:
#       __class__: astropy.units.quantity.Quantity
#       unit: !astropy.units.Unit {unit: '%'}
#       value: !astropy.table.SerializedColumn {name: efficiency}
#     wavelength:
#       __class__: astropy.units.quantity.Quantity
#       unit: !astropy.units.Unit {unit: nm}
#       value: !astropy.table.SerializedColumn {name: wavelength}
# schema: astropy-2.0
amp_name wavelength efficiency
C00 319.994 45.246395111083984
C00 324.969 46.75618362426758
C00 349.982 56.270782470703125
C00 374.975 72.56986999511719
C00 400.019 84.79559326171875
C00 424.965 86.13373565673828
C00 450.035 85.40521240234375
C00 475.003 84.702392578125
C00 500.018 84.45664978027344
C00 525.002 84.83020782470703
C00 550.029 85.6190414428711
C00 575.023 87.19660186767578
C00 599.982 89.12078857421875
C00 619.997 90.0698471069336
C00 624.979 90.45975494384766
C00 650.012 91.9365005493164
C00 675.004 93.2872543334961
C00 700.03 94.07351684570312
C00 725.012 95.00698852539062
C00 750.022 96.26799774169922
C00 774.987 97.36376190185547
C00 799.976 97.45453643798828
C00 824.988 96.68363952636719
C00 850.022 95.59774017333984
C00 869.967 93.0861587524414
C00 875.002 92.3545913696289
C00 899.999 86.15664672851562
C00 919.999 77.96458435058594
C00 925.012 75.121826171875
C00 949.965 61.9553337097168
C00 975.002 51.78449249267578
C00 999.976 30.664905548095703
C00 1025.028 15.076319694519043
C00 1050.014 6.045288562774658
C00 1075.002 0.9171306567924278
C00 1099.99 0.09099686121632544
C01 319.994 45.2335319519043
C01 324.969 46.689369201660156
C01 349.982 55.9862174987793
C01 374.975 72.32389068603516
C01 400.019 84.8180160522461
C01 424.965 86.30059814453125
C01 450.035 85.59434509277344
C01 475.003 84.85846710205078
C01 500.018 84.5786361694336
C01 525.002 84.93785095214844
C01 550.029 85.73074340820312
C01 575.023 87.32959747314453
C01 599.982 89.26692962646484
C01 619.997 90.22801971435547
C01 624.979 90.61808013916016
C01 650.012 92.10860443115234
C01 675.004 93.48112487792969
C01 700.03 94.300048828125
C01 725.012 95.31874084472656
C01 750.022 96.6722640991211
C01 774.987 97.87039947509766
C01 799.976 98.01109313964844
C01 824.988 97.241455078125
C01 850.022 96.1700210571289
C01 869.967 93.56173706054688
C01 875.002 92.79566192626953
C01 899.999 86.49895477294922
C01 919.999 78.30221557617188
C01 925.012 75.4572525024414
C01 949.965 62.312644958496094
C01 975.002 52.123023986816406
C01 999.976 30.894855499267578
C01 1025.028 15.21208381652832
C01 1050.014 6.129361629486084
C01 1075.002 0.9209812573846851
C01 1099.99 0.09137891426961514
C02 319.994 45.2636604309082
C02 324.969 46.65948486328125
C02 349.982 55.7066535949707
C02 374.975 72.0950927734375
C02 400.019 84.9273910522461
C02 424.965 86.60330963134766
C02 450.035 85.95528411865234
C02 475.003 85.21585083007812
C02 500.018 84.9110107421875
C02 525.002 85.24903106689453
C02 550.029 86.02482604980469
C02 575.023 87.61296081542969
C02 599.982 89.54070281982422
C02 619.997 90.50166320800781
C02 624.979 90.89434051513672
C02 650.012 92.38709259033203
C02 675.004 93.77252197265625
C02 700.03 94.6100082397461
C02 725.012 95.6657943725586
C02 750.022 97.0604476928711
C02 774.987 98.30615234375
C02 799.976 98.47893524169922
C02 824.988 97.71511840820312
C02 850.022 96.64356231689453
C02 869.967 93.94750213623047
C02 875.002 93.15088653564453
C02 899.999 86.76551818847656
C02 919.999 78.6349105834961
C02 925.012 75.8066635131836
C02 949.965 62.689430236816406
C02 975.002 52.36845397949219
C02 999.976 31.00940704345703
C02 1025.028 15.291657447814941
C02 1050.014 6.176680564880371
C02 1075.002 0.9246790874834766
C02 1099.99 0.09174580957489055
C03 319.994 45.11821365356445
C03 324.969 46.4650764465332
C03 349.982 55.33429718017578
C03 374.975 71.78609466552734
C03 400.019 84.85624694824219
C03 424.965 86.66307830810547
C03 450.035 86.04756927490234
C03 475.003 85.28445434570312
C03 500.018 84.9509506225586
C03 525.002 85.256103515625
C03 550.029 86.01294708251953
C03 575.023 87.58406066894531
C03 599.982 89.49181365966797
C03 619.997 90.44113159179688
C03 624.979 90.83486938476562
C03 650.012 92.32688903808594
C03 675.004 93.71359252929688
C03 700.03 94.55642700195312
C03 725.012 95.61519622802734
C03 750.022 97.01325225830078
C03 774.987 98.26055145263672
C03 799.976 98.44141387939453
C03 824.988 97.68819427490234
C03 850.022 96.61864471435547
C03 869.967 93.87754821777344
C03 875.002 93.06272888183594
C03 899.999 86.64348602294922
C03 919.999 78.5804672241211
C03 925.012 75.76892852783203
C03 949.965 62.66273880004883
C03 975.002 52.304168701171875
C03 999.976 30.939062118530273
C03 1025.028 15.310158729553223
C03 1050.014 6.205819129943848
C03 1075.002 0.9242294387365436
C03 1099.99 0.09170119583930367
C04 319.994 45.00261688232422
C04 324.969 46.317161560058594
C04 349.982 55.077640533447266
C04 374.975 71.63849639892578
C04 400.019 84.93184661865234
C04 424.965 86.84693145751953
C04 450.035 86.240966796875
C04 475.003 85.4500961303711
C04 500.018 85.08628845214844
C04 525.002 85.36627197265625
C04 550.029 86.1094970703125
C04 575.023 87.67379760742188
C04 599.982 89.56696319580078
C04 619.997 90.51101684570312
C04 624.979 90.90027618408203
C04 650.012 92.39176177978516
C04 675.004 93.77790832519531
C04 700.03 94.6190414428711
C04 725.012 95.66877746582031
C04 750.022 97.05509948730469
C04 774.987 98.28570556640625
C04 799.976 98.4670639038086
C04 824.988 97.71599578857422
C04 850.022 96.62057495117188
C04 869.967 93.8406753540039
C04 875.002 93.01447296142578
C04 899.999 86.58184814453125
C04 919.999 78.55037689208984
C04 925.012 75.7319564819336
C04 949.965 62.58665084838867
C04 975.002 52.16429901123047
C04 999.976 30.827341079711914
C04 1025.028 15.319679260253906
C04 1050.014 6.17812442779541
C04 1075.002 0.9246282370855333
C04 1099.99 0.09174076424512191
C05 319.994 44.75716781616211
C05 324.969 46.04650115966797
C05 349.982 54.71169662475586
C05 374.975 71.32899475097656
C05 400.019 84.75948333740234
C05 424.965 86.7398452758789
C05 450.035 86.12332916259766
C05 475.003 85.29063415527344
C05 500.018 84.88558197021484
C05 525.002 85.13970184326172
C05 550.029 85.86988830566406
C05 575.023 87.423095703125
C05 599.982 89.31510925292969
C05 619.997 90.25790405273438
C05 624.979 90.64653778076172
C05 650.012 92.13237762451172
C05 675.004 93.52400207519531
C05 700.03 94.36044311523438
C05 725.012 95.3912353515625
C05 750.022 96.75139617919922
C05 774.987 97.95708465576172
C05 799.976 98.12324523925781
C05 824.988 97.37873840332031
C05 850.022 96.26449584960938
C05 869.967 93.47555541992188
C05 875.002 92.6531753540039
C05 899.999 86.23947143554688
C05 919.999 78.29153442382812
C05 925.012 75.47775268554688
C05 949.965 62.300758361816406
C05 975.002 51.82332229614258
C05 999.976 30.594966888427734
C05 1025.028 15.253332138061523
C05 1050.014 6.096395969390869
C05 1075.002 0.921735084736389
C05 1099.99 0.09145370832692426
C06 319.994 44.825721740722656
C06 324.969 46.07782745361328
C06 349.982 54.60310363769531
C06 374.975 71.26954650878906
C06 400.019 84.92932891845703
C06 424.965 87.03657531738281
C06 450.035 86.45042419433594
C06 475.003 85.59810638427734
C06 500.018 85.1654281616211
C06 525.002 85.39466094970703
C06 550.029 86.11407470703125
C06 575.023 87.662353515625
C06 599.982 89.55634307861328
C06 619.997 90.50586700439453
C06 624.979 90.89553833007812
C06 650.012 92.39659118652344
C06 675.004 93.79390716552734
C06 700.03 94.63569641113281
C06 725.012 95.65226745605469
C06 750.022 96.99755096435547
C06 774.987 98.18541717529297
C06 799.976 98.3477783203125
C06 824.988 97.61167907714844
C06 850.022 96.48719787597656
C06 869.967 93.68375396728516
C06 875.002 92.85276794433594
C06 899.999 86.42060089111328
C06 919.999 78.49980163574219
C06 925.012 75.68287658691406
C06 949.965 62.42871856689453
C06 975.002 51.8465576171875
C06 999.976 30.57097053527832
C06 1025.028 15.258072853088379
C06 1050.014 6.09512996673584
C06 1075.002 0.9240803282371479
C06 1099.99 0.09168640123253863
C07 319.994 44.69508361816406
C07 324.969 45.930599212646484
C07 349.982 54.403900146484375
C07 374.975 71.17558288574219
C07 400.019 85.01011657714844
C07 424.965 87.19953155517578
C07 450.035 86.62509155273438
C07 475.003 85.7481460571289
C07 500.018 85.28318786621094
C07 525.002 85.47608947753906
C07 550.029 86.16503143310547
C07 575.023 87.70301055908203
C07 599.982 89.60468292236328
C07 619.997 90.55876922607422
C07 624.979 90.95220947265625
C07 650.012 92.46217346191406
C07 675.004 93.87213897705078
C07 700.03 94.71804809570312
C07 725.012 95.73202514648438
C07 750.022 97.05033874511719
C07 774.987 98.21696472167969
C07 799.976 98.3833999633789
C07 824.988 97.65861511230469
C07 850.022 96.53935241699219
C07 869.967 93.7307357788086
C07 875.002 92.88748931884766
C07 899.999 86.37507629394531
C07 919.999 78.49668884277344
C07 925.012 75.7063980102539
C07 949.965 62.51995086669922
C07 975.002 51.76026153564453
C07 999.976 30.4836483001709
C07 1025.028 15.176111221313477
C07 1050.014 6.036698818206787
C07 1075.002 0.92458343475127
C07 1099.99 0.09173631899867538
C10 319.994 45.25214385986328
C10 324.969 46.76384353637695
C10 349.982 56.2890739440918
C10 374.975 72.65369415283203
C10 400.019 84.90672302246094
C10 424.965 86.25000762939453
C10 450.035 85.50330352783203
C10 475.003 84.77960205078125
C10 500.018 84.50041198730469
C10 525.002 84.85165405273438
C10 550.029 85.62897491455078
C10 575.023 87.21696472167969
C10 599.982 89.13489532470703
C10 619.997 90.08637237548828
C10 624.979 90.47509002685547
C10 650.012 91.94477081298828
C10 675.004 93.3011703491211
C10 700.03 94.1209945678711
C10 725.012 95.19170379638672
C10 750.022 96.63077545166016
C10 774.987 97.92091369628906
C10 799.976 98.08920288085938
C10 824.988 97.27019500732422
C10 850.022 96.26617431640625
C10 869.967 93.73943328857422
C10 875.002 92.94180297851562
C10 899.999 86.35629272460938
C10 919.999 78.20936584472656
C10 925.012 75.31903839111328
C10 949.965 61.81393051147461
C10 975.002 51.828102111816406
C10 999.976 30.712268829345703
C10 1025.028 14.969332695007324
C10 1050.014 5.993403434753418
C10 1075.002 0.9205852476953545
C10 1099.99 0.09133962255204639
C11 319.994 45.15969467163086
C11 324.969 46.614112854003906
C11 349.982 55.932289123535156
C11 374.975 72.33441925048828
C11 400.019 84.82281494140625
C11 424.965 86.28815460205078
C11 450.035 85.56208801269531
C11 475.003 84.80218505859375
C11 500.018 84.4926528930664
C11 525.002 84.82432556152344
C11 550.029 85.59871673583984
C11 575.023 87.19039154052734
C11 599.982 89.1164779663086
C11 619.997 90.0728988647461
C11 624.979 90.46448516845703
C11 650.012 91.9439697265625
C11 675.004 93.31610107421875
C11 700.03 94.17462158203125
C11 725.012 95.33639526367188
C11 750.022 96.86692810058594
C11 774.987 98.26382446289062
C11 799.976 98.49063873291016
C11 824.988 97.67353057861328
C11 850.022 96.68110656738281
C11 869.967 94.1095962524414
C11 875.002 93.30924987792969
C11 899.999 86.5762939453125
C11 919.999 78.47042846679688
C11 925.012 75.63005065917969
C11 949.965 62.268150329589844
C11 975.002 52.14372634887695
C11 999.976 31.003995895385742
C11 1025.028 15.151261329650879
C11 1050.014 6.033548831939697
C11 1075.002 0.9228342237739788
C11 1099.99 0.09156276389247563
C12 319.994 44.92164611816406
C12 324.969 46.31582260131836
C12 349.982 55.3874626159668
C12 374.975 71.7811508178711
C12 400.019 84.5128173828125
C12 424.965 86.13436889648438
C12 450.035 85.45053100585938
C12 475.003 84.67459869384766
C12 500.018 84.33372497558594
C12 525.002 84.63577270507812
C12 550.029 85.38829803466797
C12 575.023 86.95533752441406
C12 599.982 88.86166381835938
C12 619.997 89.81355285644531
C12 624.979 90.19898223876953
C12 650.012 91.67972564697266
C12 675.004 93.05460357666016
C12 700.03 93.92806243896484
C12 725.012 95.13153839111328
C12 750.022 96.71680450439453
C12 774.987 98.16606903076172
C12 799.976 98.43090057373047
C12 824.988 97.63855743408203
C12 850.022 96.67755889892578
C12 869.967 94.07512664794922
C12 875.002 93.25640106201172
C12 899.999 86.47305297851562
C12 919.999 78.44239044189453
C12 925.012 75.64624786376953
C12 949.965 62.45378112792969
C12 975.002 52.25470733642578
C12 999.976 31.07377052307129
C12 1025.028 15.2495698928833
C12 1050.014 6.080224990844727
C12 1075.002 0.9214035549320815
C12 1099.99 0.09142081424431103
C13 319.994 44.85605239868164
C13 324.969 46.207908630371094
C13 349.982 55.124549865722656
C13 374.975 71.6136245727539
C13 400.019 84.59770202636719
C13 424.965 86.35265350341797
C13 450.035 85.69486999511719
C13 475.003 84.8974380493164
C13 500.018 84.51986694335938
C13 525.002 84.79320526123047
C13 550.029 85.5260009765625
C13 575.023 87.08380889892578
C13 599.982 88.97555541992188
C13 619.997 89.91696166992188
C13 624.979 90.30699157714844
C13 650.012 91.78219604492188
C13 675.004 93.16020965576172
C13 700.03 94.04106903076172
C13 725.012 95.26280212402344
C13 750.022 96.87488555908203
C13 774.987 98.35152435302734
C13 799.976 98.63988494873047
C13 824.988 97.86665344238281
C13 850.022 96.93321228027344
C13 869.967 94.32342529296875
C13 875.002 93.49980926513672
C13 899.999 86.68010711669922
C13 919.999 78.66424560546875
C13 925.012 75.88648986816406
C13 949.965 62.77353286743164
C13 975.002 52.510826110839844
C13 999.976 31.212907791137695
C13 1025.028 15.360001564025879
C13 1050.014 6.133170127868652
C13 1075.002 0.922909357693306
C13 1099.99 0.09157021861092715
C14 319.994 44.771427154541016
C14 324.969 46.088809967041016
C14 349.982 54.88920211791992
C14 374.975 71.48021697998047
C14 400.019 84.67933654785156
C14 424.965 86.53716278076172
C14 450.035 85.8847427368164
C14 475.003 85.0475082397461
C14 500.018 84.62774658203125
C14 525.002 84.8680648803711
C14 550.029 85.58431243896484
C14 575.023 87.13358306884766
C14 599.982 89.01869201660156
C14 619.997 89.96190643310547
C14 624.979 90.34675598144531
C14 650.012 91.82599639892578
C14 675.004 93.2087173461914
C14 700.03 94.09609985351562
C14 725.012 95.3221435546875
C14 750.022 96.93472290039062
C14 774.987 98.41725158691406
C14 799.976 98.71778869628906
C14 824.988 97.95654296875
C14 850.022 97.0301742553711
C14 869.967 94.41038513183594
C14 875.002 93.58903503417969
C14 899.999 86.7756118774414
C14 919.999 78.76445007324219
C14 925.012 75.98372650146484
C14 949.965 62.831356048583984
C14 975.002 52.55863571166992
C14 999.976 31.26043701171875
C14 1025.028 15.390713691711426
C14 1050.014 6.15247917175293
C14 1075.002 0.9234793964400472
C14 1099.99 0.09162677733169498
C15 319.994 44.660011291503906
C15 324.969 45.93467712402344
C15 349.982 54.6069221496582
C15 374.975 71.27014923095703
C15 400.019 84.66552734375
C15 424.965 86.62518310546875
C15 450.035 85.98521423339844
C15 475.003 85.12055206298828
C15 500.018 84.66159057617188
C15 525.002 84.87313079833984
C15 550.029 85.56573486328125
C15 575.023 87.10707092285156
C15 599.982 88.98897552490234
C15 619.997 89.93011474609375
C15 624.979 90.31976318359375
C15 650.012 91.80230712890625
C15 675.004 93.18914031982422
C15 700.03 94.07913208007812
C15 725.012 95.31024169921875
C15 750.022 96.9153823852539
C15 774.987 98.39453887939453
C15 799.976 98.69540405273438
C15 824.988 97.94198608398438
C15 850.022 97.00860595703125
C15 869.967 94.38237762451172
C15 875.002 93.5522689819336
C15 899.999 86.7646255493164
C15 919.999 78.76119995117188
C15 925.012 75.96971893310547
C15 949.965 62.70899963378906
C15 975.002 52.461181640625
C15 999.976 31.260486602783203
C15 1025.028 15.377368927001953
C15 1050.014 6.158568382263184
C15 1075.002 0.9232951843533952
C15 1099.99 0.09160849997768954
C16 319.994 44.511844635009766
C16 324.969 45.774147033691406
C16 349.982 54.361412048339844
C16 374.975 71.0873031616211
C16 400.019 84.65707397460938
C16 424.965 86.7083969116211
C16 450.035 86.08101654052734
C16 475.003 85.18714141845703
C16 500.018 84.6955337524414
C16 525.002 84.87735748291016
C16 550.029 85.5558090209961
C16 575.023 87.08649444580078
C16 599.982 88.96742248535156
C16 619.997 89.90757751464844
C16 624.979 90.29546356201172
C16 650.012 91.77782440185547
C16 675.004 93.16810607910156
C16 700.03 94.06370544433594
C16 725.012 95.28231048583984
C16 750.022 96.89250946044922
C16 774.987 98.36582946777344
C16 799.976 98.66671752929688
C16 824.988 97.90856170654297
C16 850.022 96.95962524414062
C16 869.967 94.3218002319336
C16 875.002 93.48088073730469
C16 899.999 86.68025207519531
C16 919.999 78.67054748535156
C16 925.012 75.87146759033203
C16 949.965 62.57926940917969
C16 975.002 52.359100341796875
C16 999.976 31.19258689880371
C16 1025.028 15.34679126739502
C16 1050.014 6.132557392120361
C16 1075.002 0.9230772820818004
C16 1099.99 0.09158687991448461
C17 319.994 44.49884796142578
C17 324.969 45.74345779418945
C17 349.982 54.268768310546875
C17 374.975 71.12077331542969
C17 400.019 84.90338134765625
C17 424.965 87.05416107177734
C17 450.035 86.44868469238281
C17 475.003 85.54737091064453
C17 500.018 85.02784729003906
C17 525.002 85.17277526855469
C17 550.029 85.81478118896484
C17 575.023 87.33230590820312
C17 599.982 89.2148666381836
C17 619.997 90.16104125976562
C17 624.979 90.5514144897461
C17 650.012 92.04342651367188
C17 675.004 93.448486328125
C17 700.03 94.35354614257812
C17 725.012 95.57555389404297
C17 750.022 97.19335174560547
C17 774.987 98.6633529663086
C17 799.976 98.9637680053711
C17 824.988 98.19188690185547
C17 850.022 97.20500183105469
C17 869.967 94.50516510009766
C17 875.002 93.63378143310547
C17 899.999 86.65045166015625
C17 919.999 78.5999526977539
C17 925.012 75.79966735839844
C17 949.965 62.589176177978516
C17 975.002 52.30960464477539
C17 999.976 30.983083724975586
C17 1025.028 15.223834037780762
C17 1050.014 6.051609516143799
C17 1075.002 0.9259433778661804
C17 1099.99 0.09187125130518271
