lsstCam/transmission_sensor/r10_s20/19700101T000000.ecsv
# %ECSV 1.0
# ---
# datatype:
# - {name: amp_name, datatype: string}
# - {name: wavelength, unit: nm, datatype: float32}
# - {name: efficiency, unit: '%', datatype: float64}
# meta: !!omap
# - {MODE: AMP}
# - {TYPE: transmission_sensor}
# - {CALIBDATE: '1970-01-01T00:00:00'}
# - {INSTRUME: LSSTCam}
# - {OBSTYPE: transmission_sensor}
# - {DETECTOR: 33}
# - {PARQUETFILE: qe_raft_allvalues_nircorrected_20230725_adjust.parquet}
# - {CORRFILE: qe_corr_factor_bydetnum.parquet}
# - {CALIBCLS: lsst.ip.isr.IntermediateSensorTransmissionCurve}
# - {CALIB_ID: 'raftName=R10 detectorName=S20 detector=33 calibDate=1970-01-01T00:00:00 ccd=33 ccdnum=33 filter=None'}
# - {DATE: '2025-03-03T21:56:47.558756'}
# - {CALIB_CREATION_DATE: '2025-03-03'}
# - {CALIB_CREATION_TIME: '21:56:47'}
# - __serialized_columns__:
#     efficiency:
#       __class__: astropy.units.quantity.Quantity
#       unit: !astropy.units.Unit {unit: '%'}
#       value: !astropy.table.SerializedColumn {name: efficiency}
#     wavelength:
#       __class__: astropy.units.quantity.Quantity
#       unit: !astropy.units.Unit {unit: nm}
#       value: !astropy.table.SerializedColumn {name: wavelength}
# schema: astropy-2.0
amp_name wavelength efficiency
C00 319.994 45.715173576061694
C00 324.969 47.24060435952811
C00 349.982 56.85377987778825
C00 374.975 73.32173524706539
C00 400.019 85.67412398109457
C00 424.965 87.0261302946941
C00 450.035 86.29005912378473
C00 475.003 85.57995768525076
C00 500.018 85.33166885182501
C00 525.002 85.70909717070191
C00 550.029 86.5061035551546
C00 575.023 88.10000840590823
C00 599.982 90.04413078441819
C00 619.997 91.00302210493962
C00 624.979 91.3969696094741
C00 650.012 92.88901514185183
C00 675.004 94.25376350579762
C00 700.03 95.04817214616882
C00 725.012 95.99131512497374
C00 750.022 97.26538911612887
C00 774.987 98.37250601808289
C00 799.976 98.46422103019401
C00 824.988 97.6853371867964
C00 850.022 96.58818729700072
C00 869.967 94.05058445980458
C00 875.002 93.31143762157026
C00 899.999 87.04927873824509
C00 919.999 78.77234192076946
C00 925.012 75.9001311456241
C00 949.965 62.597226310493475
C00 975.002 52.32100937630304
C00 999.976 30.982611462925618
C00 1025.028 15.232518967114322
C00 1050.014 6.107921200929528
C00 1075.002 0.9266326535906176
C00 1099.99 0.09193964060933678
C01 319.994 45.70217714721488
C01 324.969 47.17309770138698
C01 349.982 56.56626665042003
C01 374.975 73.07320745201791
C01 400.019 85.69677908452326
C01 424.965 87.19472157305033
C01 450.035 86.48115133678145
C01 475.003 85.73764923027996
C01 500.018 85.45491908956622
C01 525.002 85.81785554235059
C01 550.029 86.61896281656988
C01 575.023 88.23438192171939
C01 599.982 90.19178594133436
C01 619.997 91.16283347080682
C01 624.979 91.55693514412953
C01 650.012 93.06290211808337
C01 675.004 94.44964265966851
C01 700.03 95.27705112915787
C01 725.012 96.30629737618277
C01 750.022 97.67384390363472
C01 774.987 98.88439264560446
C01 799.976 99.02654397678124
C01 824.988 98.24893202588643
C01 850.022 97.16639733721384
C01 869.967 94.5310900304843
C01 875.002 93.75707792079439
C01 899.999 87.39513328929485
C01 919.999 79.11347119846033
C01 925.012 76.23903268432521
C01 949.965 62.958239507644805
C01 975.002 52.663048249844394
C01 999.976 31.214943826770757
C01 1025.028 15.36968968287672
C01 1050.014 6.19286531257309
C01 1075.002 0.9305231486016556
C01 1099.99 0.09232565195020766
C02 319.994 45.732617774448606
C02 324.969 47.14290374421441
C02 349.982 56.28380630508568
C02 374.975 72.84203906252382
C02 400.019 85.80728727191821
C02 424.965 87.50056932355741
C02 450.035 86.84582989687267
C02 475.003 86.09873565760569
C02 500.018 85.79073725250296
C02 525.002 86.13225966060378
C02 550.029 86.91609232210321
C02 575.023 88.52068106988037
C02 599.982 90.46839558115583
C02 619.997 91.43931206715828
C02 624.979 91.83605773519895
C02 650.012 93.34427557346078
C02 675.004 94.7440587945292
C02 700.03 95.59022189710532
C02 725.012 96.65694657654612
C02 750.022 98.06604930086235
C02 774.987 99.32466016255917
C02 799.976 99.49923318989828
C02 824.988 98.727502778274
C02 850.022 97.64484475457084
C02 869.967 94.92085185241866
C02 875.002 94.11598285976683
C02 899.999 87.664458453873
C02 919.999 79.44961311585233
C02 925.012 76.59206379246655
C02 949.965 63.33892849639252
C02 975.002 52.91102103725429
C02 999.976 31.330682190306018
C02 1025.028 15.450087742377692
C02 1050.014 6.240674499132008
C02 1075.002 0.934259290329765
C02 1099.99 0.0926963485001478
C03 319.994 45.58566408551882
C03 324.969 46.94648114536504
C03 349.982 55.90759206541602
C03 374.975 72.52983955794214
C03 400.019 85.73540607441137
C03 424.965 87.56095723790257
C03 450.035 86.93907117998717
C03 475.003 86.16804994478869
C03 500.018 85.83109093281914
C03 525.002 86.13940538393771
C03 550.029 86.90409028194041
C03 575.023 88.4914815013918
C03 599.982 90.41899990141066
C03 619.997 91.37815330887204
C03 624.979 91.77597044999082
C03 650.012 93.28344827806922
C03 675.004 94.68451880851926
C03 700.03 95.53608552712244
C03 725.012 96.6058242063729
C03 750.022 98.01836489466639
C03 774.987 99.2785868202001
C03 799.976 99.46132308487537
C03 824.988 98.70029969559286
C03 850.022 97.61966899145477
C03 869.967 94.85017317145993
C03 875.002 94.02691184237365
C03 899.999 87.54116196549532
C03 919.999 79.394605692216
C03 925.012 76.55393785114013
C03 949.965 63.31196052111341
C03 975.002 52.84606972677787
C03 999.976 31.259608451827482
C03 1025.028 15.468780707949174
C03 1050.014 6.270114956352165
C03 1075.002 0.9338049829653035
C03 1099.99 0.09265127254080952
C04 319.994 45.46886966578427
C04 324.969 46.79703377628583
C04 349.982 55.64827630941296
C04 374.975 72.38071208909848
C04 400.019 85.81178900053419
C04 424.965 87.74671521082692
C04 450.035 87.13447241061458
C04 475.003 86.33540787283918
C04 500.018 85.96783093952945
C04 525.002 86.2507152490314
C04 550.029 87.00164058268561
C04 575.023 88.58214816574305
C04 599.982 90.49492802960822
C04 619.997 91.44876261387608
C04 624.979 91.84205490106064
C04 650.012 93.34899313838027
C04 675.004 94.74950095275331
C04 700.03 95.59934868936786
C04 725.012 96.65996057635579
C04 750.022 98.0606456848353
C04 774.987 99.3040015449379
C04 799.976 99.48723885817489
C04 824.988 98.72838924880625
C04 850.022 97.62161922662574
C04 869.967 94.81291828378696
C04 875.002 93.97815596309958
C04 899.999 87.4788854834945
C04 919.999 79.36420360717933
C04 925.012 76.5165827537548
C04 949.965 63.235084254868305
C04 975.002 52.70475090705747
C04 999.976 31.14672991931367
C04 1025.028 15.478399876779076
C04 1050.014 6.242133321290524
C04 1075.002 0.9342079130926905
C04 1099.99 0.09269125089788456
C05 319.994 45.220877607275845
C05 324.969 46.523569179744015
C05 349.982 55.278541013068164
C05 374.975 72.06800382751567
C05 400.019 85.63763993736268
C05 424.965 87.63851955525524
C05 450.035 87.0156159833376
C05 475.003 86.17429378071154
C05 500.018 85.76504502394637
C05 525.002 86.0217977238453
C05 550.029 86.75954933454624
C05 575.023 88.32884884670021
C05 599.982 90.24046473621432
C05 619.997 91.19302742797939
C05 624.979 91.58568762313226
C05 650.012 93.08692161528779
C05 675.004 94.49296408915788
C05 700.03 95.33807113553472
C05 725.012 96.37954296746533
C05 750.022 97.75379583720479
C05 774.987 98.97197593419133
C05 799.976 99.13985803612177
C05 824.988 98.38763768464652
C05 850.022 97.26185094243927
C05 869.967 94.44401549889854
C05 875.002 93.61311510635603
C05 899.999 87.13296155649005
C05 919.999 79.10267938328504
C05 925.012 76.25974526102236
C05 949.965 62.946229759042595
C05 975.002 52.36024147868492
C05 999.976 30.911948198845714
C05 1025.028 15.41136536055186
C05 1050.014 6.159558109433431
C05 1075.002 0.9312847860347577
C05 1099.99 0.09240122091661812
C06 319.994 45.290141789602664
C06 324.969 46.555220031965256
C06 349.982 55.16882294071283
C06 374.975 72.00793966762578
C06 400.019 85.80924521552858
C06 424.965 87.93832388926417
C06 450.035 87.34609990620199
C06 475.003 86.48495159741103
C06 500.018 86.04779058153892
C06 525.002 86.27939835207943
C06 550.029 87.00626564633215
C06 575.023 88.57058550662667
C06 599.982 90.48419788194822
C06 619.997 91.4435594172737
C06 624.979 91.83726796018645
C06 650.012 93.35387258052738
C06 675.004 94.76566555019801
C06 700.03 95.6161762126019
C06 725.012 96.64327951347056
C06 750.022 98.00250092635872
C06 774.987 99.20267410888135
C06 799.976 99.36671740798515
C06 824.988 98.62299175674075
C06 850.022 97.48686028884403
C06 869.967 94.65437110198314
C06 875.002 93.81477558978511
C06 899.999 87.3159676165447
C06 919.999 79.31310436232434
C06 925.012 76.46699436302436
C06 949.965 63.07551570484255
C06 975.002 52.38371753091087
C06 999.976 30.887703229788517
C06 1025.028 15.416155192090821
C06 1050.014 6.1582789902686805
C06 1075.002 0.9336543275960713
C06 1099.99 0.09263632465347854
C07 319.994 45.15815018156948
C07 324.969 46.40646642243302
C07 349.982 54.9675555876937
C07 374.975 71.91300252784089
C07 400.019 85.89086988045082
C07 424.965 88.10296844664201
C07 450.035 87.5225769180756
C07 475.003 86.63654576686619
C07 500.018 86.16677034384648
C07 525.002 86.36167052591219
C07 550.029 87.0577503131577
C07 575.023 88.61166378024747
C07 599.982 90.5330385540558
C07 619.997 91.49700973614902
C07 624.979 91.89452624813077
C07 650.012 93.42013432570364
C07 675.004 94.8447078879176
C07 700.03 95.69938110760337
C07 725.012 96.72386353907231
C07 750.022 98.05583561864287
C07 774.987 99.23454850584551
C07 799.976 99.40270811159473
C07 824.988 98.67041407599672
C07 850.022 97.53955518065708
C07 869.967 94.70183967187559
C07 875.002 93.84985669754423
C07 899.999 87.26997135857974
C07 919.999 79.30995931904468
C07 925.012 76.49075948172823
C07 949.965 63.16769322331833
C07 975.002 52.296527372733955
C07 999.976 30.799476286510828
C07 1025.028 15.333344391054231
C07 1050.014 6.0992424617077585
C07 1075.002 0.9341626465806859
C07 1099.99 0.09268675959614896
C10 319.994 45.720981885157826
C10 324.969 47.24834363269668
C10 349.982 56.872260861275926
C10 374.975 73.40642787087317
C10 400.019 85.78640510955402
C10 424.965 87.14360691131652
C10 450.035 86.38916652929093
C10 475.003 85.65796709208927
C10 500.018 85.37588446028606
C10 525.002 85.730765593886
C10 550.029 86.51613994326762
C10 575.023 88.12058223069597
C10 599.982 90.05838368888898
C10 619.997 91.01971858470367
C10 624.979 91.41246357269006
C10 650.012 92.89737109017327
C10 675.004 94.26782369928314
C10 700.03 95.09614176462298
C10 725.012 96.17794415155153
C10 750.022 97.63192541011813
C10 774.987 98.93543022294416
C10 799.976 99.10546297947025
C10 824.988 98.27796971714736
C10 850.022 97.26354679910966
C10 869.967 94.71062729280403
C10 875.002 93.90473307771056
C10 899.999 87.25099318075006
C10 919.999 79.01965949082943
C10 925.012 76.09938659595699
C10 949.965 62.45435809445148
C10 975.002 52.365070815975855
C10 999.976 31.03046545478861
C10 1025.028 15.124423521254986
C10 1050.014 6.055498513383176
C10 1075.002 0.9301230360260327
C10 1099.99 0.09228595314803022
C11 319.994 45.627574870596
C11 324.969 47.09706165503766
C11 349.982 56.51177954644395
C11 374.975 73.08384509840498
C11 400.019 85.70162769291272
C11 424.965 87.18214910837112
C11 450.035 86.44856005495208
C11 475.003 85.6807840727456
C11 500.018 85.36804497740515
C11 525.002 85.70315396391608
C11 550.029 86.48556827256391
C11 575.023 88.09373373622773
C11 599.982 90.03977551615102
C11 619.997 91.00610548070398
C11 624.979 91.40174884190887
C11 650.012 92.89656170403512
C11 675.004 94.2829091152103
C11 700.03 95.15032438524234
C11 725.012 96.32413470497964
C11 750.022 97.87052473520436
C11 774.987 99.28189374070739
C11 799.976 99.51105793595464
C11 824.988 98.68548407504507
C11 850.022 97.68277798491198
C11 869.967 95.08462535614306
C11 875.002 94.2759869366193
C11 899.999 87.47327373960334
C11 919.999 79.2834268705923
C11 925.012 76.41362112854316
C11 949.965 62.91328388900032
C11 975.002 52.68396510018592
C11 999.976 31.325214979653822
C11 1025.028 15.308237040337938
C11 1050.014 6.096059839785974
C11 1075.002 0.9323953127798008
C11 1099.99 0.09251140636004132
C12 319.994 45.38705999831617
C12 324.969 46.79568094516921
C12 349.982 55.961308325451014
C12 374.975 72.52484448920386
C12 400.019 85.38841838276821
C12 424.965 87.0267700951652
C12 450.035 86.3358472538856
C12 475.003 85.55187584047678
C12 500.018 85.20747047603626
C12 525.002 85.51264759231461
C12 550.029 86.27296951361072
C12 575.023 87.8562444264167
C12 599.982 89.7823213482657
C12 619.997 90.74407249980857
C12 624.979 91.13349515040885
C12 650.012 92.6295799050379
C12 675.004 94.01870235440101
C12 700.03 94.90121074879963
C12 725.012 96.11715539835701
C12 750.022 97.71884577291567
C12 774.987 99.18312550653526
C12 799.976 99.45070085536713
C12 824.988 98.65014858878541
C12 850.022 97.6791935605859
C12 869.967 95.04979862688454
C12 875.002 94.22259057681985
C12 899.999 87.36896313749477
C12 919.999 79.25509835575717
C12 925.012 76.42998614541253
C12 949.965 63.10083792830742
C12 975.002 52.79609591407687
C12 999.976 31.395712512286394
C12 1025.028 15.40756413636735
C12 1050.014 6.143219590324522
C12 1075.002 0.9309498213925504
C12 1099.99 0.092367986032544
C13 319.994 45.32078669048078
C13 324.969 46.686648923921446
C13 349.982 55.69567164913099
C13 374.975 72.35558257661887
C13 400.019 85.47418247965412
C13 424.965 87.24731625515105
C13 450.035 86.58271773445973
C13 475.003 85.77702393879093
C13 500.018 85.3955409807839
C13 525.002 85.67171123955895
C13 550.029 86.41209913653843
C13 575.023 87.98604683765717
C13 599.982 89.89739293179191
C13 619.997 90.84855268758419
C13 624.979 91.24262352714925
C13 650.012 92.73311195476597
C13 675.004 94.12540257272697
C13 700.03 95.01538815335418
C13 725.012 96.2497790984219
C13 750.022 97.87856463750994
C13 774.987 99.37050225173591
C13 799.976 99.66185042771106
C13 824.988 98.8806078018537
C13 850.022 97.93749565680642
C13 869.967 95.30066978751293
C13 875.002 94.46852062778586
C13 899.999 87.57816247466774
C13 919.999 79.47925206538731
C13 925.012 76.67271719402301
C13 949.965 63.423902478238794
C13 975.002 53.054868225101465
C13 999.976 31.536291321823345
C13 1025.028 15.519139942620717
C13 1050.014 6.196713269171529
C13 1075.002 0.9324712251293936
C13 1099.99 0.09251893831362869
C14 319.994 45.23528468053485
C14 324.969 46.56631633049728
C14 349.982 55.45788556440264
C14 374.975 72.22079280507953
C14 400.019 85.55666278135095
C14 424.965 87.43373715386474
C14 450.035 86.7745576660793
C14 475.003 85.92864894200373
C14 500.018 85.50453831405432
C14 525.002 85.74734644705889
C14 550.029 86.47101473895609
C14 575.023 88.03633669637402
C14 599.982 89.94097644822125
C14 619.997 90.89396310415391
C14 624.979 91.28279991335897
C14 650.012 92.77736610542406
C14 675.004 94.17441283050161
C14 700.03 95.07098912682515
C14 725.012 96.30973534016003
C14 750.022 97.93902192780979
C14 774.987 99.43691045726099
C14 799.976 99.74056130253597
C14 824.988 98.97142863499316
C14 850.022 98.03546221327981
C14 869.967 95.3885305799186
C14 875.002 94.55867082669657
C14 899.999 87.67465671921364
C14 919.999 79.58049470861035
C14 925.012 76.77096125431518
C14 949.965 63.48232474053416
C14 975.002 53.10317316067
C14 999.976 31.584312972243527
C14 1025.028 15.550170265469376
C14 1050.014 6.216222365765642
C14 1075.002 0.93304716980274
C14 1099.99 0.09257608301500862
C15 319.994 45.12271448559748
C15 324.969 46.41058658329816
C15 349.982 55.172681014637995
C15 374.975 72.00854863433925
C15 400.019 85.54271050601719
C15 424.965 87.52266941934853
C15 450.035 86.87607010468172
C15 475.003 86.00244954092389
C15 500.018 85.53873295128116
C15 525.002 85.75246485082775
C15 550.029 86.45224468899049
C15 575.023 88.00954986942108
C15 599.982 89.91095207671572
C15 619.997 90.86184203712861
C15 624.979 91.25552745472312
C15 650.012 92.75343140105315
C15 675.004 94.15463297497318
C15 700.03 95.05384555757527
C15 725.012 96.297710174679
C15 750.022 97.91948103390311
C15 774.987 99.41396243313469
C15 799.976 99.71794474130432
C15 824.988 98.95672093259712
C15 850.022 98.01367045506514
C15 869.967 95.36023289884112
C15 875.002 94.52152385717534
C15 899.999 87.66355656646192
C15 919.999 79.57721091342128
C15 925.012 76.75680855955673
C15 949.965 63.35870064348153
C15 975.002 53.00470940985461
C15 999.976 31.5843630770997
C15 1025.028 15.53668724138475
C15 1050.014 6.222374663970483
C15 1075.002 0.9328610491737832
C15 1099.99 0.09255761629718903
C16 319.994 44.9730127380177
C16 324.969 46.24839330965299
C16 349.982 54.92462728861429
C16 374.975 71.82380817541713
C16 400.019 85.53416955514989
C16 424.965 87.60674536800343
C16 450.035 86.97286497836464
C16 475.003 86.0697288001024
C16 500.018 85.57302779822034
C16 525.002 85.75673532626139
C16 550.029 86.4422160093169
C16 575.023 87.98876020832982
C16 599.982 89.88917573537987
C16 619.997 90.83907130710875
C16 624.979 91.23097607519935
C16 650.012 92.72869501898352
C16 675.004 94.13338080751728
C16 700.03 95.03825909308638
C16 725.012 96.26948957799563
C16 750.022 97.89637113254916
C16 774.987 99.3849555756314
C16 799.976 99.68896100911927
C16 824.988 98.92295025953788
C16 850.022 97.96418227404703
C16 869.967 95.2990278899184
C16 875.002 94.44939598960737
C16 899.999 87.57830893501655
C16 919.999 79.48561923634074
C16 925.012 76.6575392768229
C16 949.965 63.22762633973824
C16 975.002 52.9015704905365
C16 999.976 31.515759893452362
C16 1025.028 15.505792779780707
C16 1050.014 6.19609418513134
C16 1075.002 0.9326408893103484
C16 1099.99 0.09253577223779574
C17 319.994 44.9598814114812
C17 324.969 46.21738611212256
C17 349.982 54.83102370884748
C17 374.975 71.85762509911284
C17 400.019 85.78302881309205
C17 424.965 87.95609184210635
C17 450.035 87.3443423820163
C17 475.003 86.4336904753284
C17 500.018 85.9087842936418
C17 525.002 86.05521380869163
C17 550.029 86.70387127668117
C17 575.023 88.23711841771026
C17 599.982 90.13918355079424
C17 619.997 91.09516108121835
C17 624.979 91.4895788005569
C17 650.012 92.99704892019588
C17 675.004 94.4166659558686
C17 700.03 95.33110270630725
C17 725.012 96.56577115519376
C17 750.022 98.20033031540058
C17 774.987 99.68556158733905
C17 799.976 99.98908909758345
C17 824.988 99.20921086550182
C17 850.022 98.21210110238106
C17 869.967 95.48429252272047
C17 875.002 94.60388082384162
C17 899.999 87.5481997706775
C17 919.999 79.41429304647149
C17 925.012 76.58499515352673
C17 949.965 63.237635748313316
C17 975.002 52.851561989858155
C17 999.976 31.30408614722849
C17 1025.028 15.381561643124464
C17 1050.014 6.114307642981476
C17 1075.002 0.935536679482071
C17 1099.99 0.0928230898783263
