lsstCam/transmission_sensor/r10_s20/19700101T000000.ecsv
# %ECSV 0.9
# ---
# datatype:
# - {name: amp_name, datatype: string}
# - {name: wavelength, unit: nm, datatype: float32}
# - {name: efficiency, unit: '%', datatype: float32}
# meta: !!omap
# - {MODE: AMP}
# - {TYPE: transmission_sensor}
# - {CALIBDATE: '1970-01-01T00:00:00'}
# - {INSTRUME: LSSTCAM}
# - {OBSTYPE: transmission_sensor}
# - {DETECTOR: 33}
# - {CALIBCLS: lsst.ip.isr.IntermediateSensorTransmissionCurve}
# - {PICKLEFILE: RaftRun10517.p}
# - {CALIB_ID: 'raftName=R10 detectorName=S20 detector=33 calibDate=1970-01-01T00:00:00 ccd=33 ccdnum=33 filter=None'}
# - {DATE: '2020-07-23T19:15:25.348779'}
# - {CALIB_CREATION_DATE: '2020-07-23'}
# - {CALIB_CREATION_TIME: '19:15:25'}
# - __serialized_columns__:
#     efficiency:
#       __class__: astropy.units.quantity.Quantity
#       unit: !astropy.units.Unit {unit: '%'}
#       value: !astropy.table.SerializedColumn {name: efficiency}
#     wavelength:
#       __class__: astropy.units.quantity.Quantity
#       unit: !astropy.units.Unit {unit: nm}
#       value: !astropy.table.SerializedColumn {name: wavelength}
# schema: astropy-2.0
amp_name wavelength efficiency
C01 319.994 45.233532
C01 324.969 46.68937
C01 349.982 55.986217
C01 374.975 72.32389
C01 400.019 84.818016
C01 424.965 86.3006
C01 450.035 85.594345
C01 475.003 84.85847
C01 500.018 84.578636
C01 525.002 84.93785
C01 550.029 85.73074
C01 575.023 87.3296
C01 599.982 89.26693
C01 619.997 90.22802
C01 624.979 90.61808
C01 650.012 92.108604
C01 675.004 93.481125
C01 700.03 94.30005
C01 725.012 95.31874
C01 750.022 96.672264
C01 774.987 97.8704
C01 799.976 98.01109
C01 824.988 97.241455
C01 850.022 96.17002
C01 869.967 93.56174
C01 875.002 92.79566
C01 899.999 86.498955
C01 919.999 78.302216
C01 925.012 75.45725
C01 949.965 62.312645
C01 975.002 52.123024
C01 999.976 30.894855
C01 1025.028 15.212084
C01 1050.014 6.1293616
C01 1075.002 3.2799783
C01 1099.99 2.2273648
C13 319.994 44.856052
C13 324.969 46.20791
C13 349.982 55.12455
C13 374.975 71.613625
C13 400.019 84.5977
C13 424.965 86.35265
C13 450.035 85.69487
C13 475.003 84.89744
C13 500.018 84.51987
C13 525.002 84.793205
C13 550.029 85.526
C13 575.023 87.08381
C13 599.982 88.975555
C13 619.997 89.91696
C13 624.979 90.30699
C13 650.012 91.782196
C13 675.004 93.16021
C13 700.03 94.04107
C13 725.012 95.2628
C13 750.022 96.874886
C13 774.987 98.351524
C13 799.976 98.639885
C13 824.988 97.86665
C13 850.022 96.93321
C13 869.967 94.323425
C13 875.002 93.49981
C13 899.999 86.68011
C13 919.999 78.664246
C13 925.012 75.88649
C13 949.965 62.773533
C13 975.002 52.510826
C13 999.976 31.212908
C13 1025.028 15.360002
C13 1050.014 6.13317
C13 1075.002 3.3709962
C13 1099.99 2.305156
C07 319.994 44.695084
C07 324.969 45.9306
C07 349.982 54.4039
C07 374.975 71.17558
C07 400.019 85.01012
C07 424.965 87.19953
C07 450.035 86.62509
C07 475.003 85.748146
C07 500.018 85.28319
C07 525.002 85.47609
C07 550.029 86.16503
C07 575.023 87.70301
C07 599.982 89.60468
C07 619.997 90.55877
C07 624.979 90.95221
C07 650.012 92.46217
C07 675.004 93.87214
C07 700.03 94.71805
C07 725.012 95.732025
C07 750.022 97.05034
C07 774.987 98.216965
C07 799.976 98.3834
C07 824.988 97.658615
C07 850.022 96.53935
C07 869.967 93.730736
C07 875.002 92.88749
C07 899.999 86.37508
C07 919.999 78.49669
C07 925.012 75.7064
C07 949.965 62.51995
C07 975.002 51.76026
C07 999.976 30.483648
C07 1025.028 15.176111
C07 1050.014 6.036699
C07 1075.002 3.231071
C07 1099.99 2.1772645
C05 319.994 44.757168
C05 324.969 46.0465
C05 349.982 54.711697
C05 374.975 71.328995
C05 400.019 84.75948
C05 424.965 86.739845
C05 450.035 86.12333
C05 475.003 85.290634
C05 500.018 84.88558
C05 525.002 85.1397
C05 550.029 85.86989
C05 575.023 87.423096
C05 599.982 89.31511
C05 619.997 90.257904
C05 624.979 90.64654
C05 650.012 92.13238
C05 675.004 93.524
C05 700.03 94.36044
C05 725.012 95.391235
C05 750.022 96.751396
C05 774.987 97.957085
C05 799.976 98.123245
C05 824.988 97.37874
C05 850.022 96.264496
C05 869.967 93.475555
C05 875.002 92.653175
C05 899.999 86.23947
C05 919.999 78.291534
C05 925.012 75.47775
C05 949.965 62.30076
C05 975.002 51.823322
C05 999.976 30.594967
C05 1025.028 15.253332
C05 1050.014 6.096396
C05 1075.002 3.2741287
C05 1099.99 2.2104151
C06 319.994 44.82572
C06 324.969 46.077827
C06 349.982 54.603104
C06 374.975 71.26955
C06 400.019 84.92933
C06 424.965 87.036575
C06 450.035 86.450424
C06 475.003 85.59811
C06 500.018 85.16543
C06 525.002 85.39466
C06 550.029 86.114075
C06 575.023 87.66235
C06 599.982 89.55634
C06 619.997 90.50587
C06 624.979 90.89554
C06 650.012 92.39659
C06 675.004 93.79391
C06 700.03 94.6357
C06 725.012 95.65227
C06 750.022 96.99755
C06 774.987 98.18542
C06 799.976 98.34778
C06 824.988 97.61168
C06 850.022 96.4872
C06 869.967 93.683754
C06 875.002 92.85277
C06 899.999 86.4206
C06 919.999 78.4998
C06 925.012 75.68288
C06 949.965 62.42872
C06 975.002 51.846558
C06 999.976 30.57097
C06 1025.028 15.258073
C06 1050.014 6.09513
C06 1075.002 3.2691092
C06 1099.99 2.1982455
C16 319.994 44.511845
C16 324.969 45.774147
C16 349.982 54.361412
C16 374.975 71.0873
C16 400.019 84.657074
C16 424.965 86.7084
C16 450.035 86.08102
C16 475.003 85.18714
C16 500.018 84.69553
C16 525.002 84.87736
C16 550.029 85.55581
C16 575.023 87.086494
C16 599.982 88.96742
C16 619.997 89.90758
C16 624.979 90.29546
C16 650.012 91.777824
C16 675.004 93.168106
C16 700.03 94.063705
C16 725.012 95.28231
C16 750.022 96.89251
C16 774.987 98.36583
C16 799.976 98.66672
C16 824.988 97.90856
C16 850.022 96.959625
C16 869.967 94.3218
C16 875.002 93.48088
C16 899.999 86.68025
C16 919.999 78.67055
C16 925.012 75.87147
C16 949.965 62.57927
C16 975.002 52.3591
C16 999.976 31.192587
C16 1025.028 15.346791
C16 1050.014 6.1325574
C16 1075.002 3.354757
C16 1099.99 2.2774699
C10 319.994 45.252144
C10 324.969 46.763844
C10 349.982 56.289074
C10 374.975 72.653694
C10 400.019 84.90672
C10 424.965 86.25001
C10 450.035 85.5033
C10 475.003 84.7796
C10 500.018 84.50041
C10 525.002 84.851654
C10 550.029 85.628975
C10 575.023 87.216965
C10 599.982 89.134895
C10 619.997 90.08637
C10 624.979 90.47509
C10 650.012 91.94477
C10 675.004 93.30117
C10 700.03 94.120995
C10 725.012 95.1917
C10 750.022 96.630775
C10 774.987 97.92091
C10 799.976 98.0892
C10 824.988 97.270195
C10 850.022 96.266174
C10 869.967 93.73943
C10 875.002 92.9418
C10 899.999 86.35629
C10 919.999 78.209366
C10 925.012 75.31904
C10 949.965 61.81393
C10 975.002 51.828102
C10 999.976 30.712269
C10 1025.028 14.969333
C10 1050.014 5.9934034
C10 1075.002 3.2524884
C10 1099.99 2.2198975
C15 319.994 44.66001
C15 324.969 45.934677
C15 349.982 54.606922
C15 374.975 71.27015
C15 400.019 84.66553
C15 424.965 86.62518
C15 450.035 85.985214
C15 475.003 85.12055
C15 500.018 84.66159
C15 525.002 84.87313
C15 550.029 85.565735
C15 575.023 87.10707
C15 599.982 88.988976
C15 619.997 89.930115
C15 624.979 90.31976
C15 650.012 91.80231
C15 675.004 93.18914
C15 700.03 94.07913
C15 725.012 95.31024
C15 750.022 96.91538
C15 774.987 98.39454
C15 799.976 98.695404
C15 824.988 97.941986
C15 850.022 97.008606
C15 869.967 94.38238
C15 875.002 93.55227
C15 899.999 86.764626
C15 919.999 78.7612
C15 925.012 75.96972
C15 949.965 62.709
C15 975.002 52.46118
C15 999.976 31.260487
C15 1025.028 15.377369
C15 1050.014 6.1585684
C15 1075.002 3.404578
C15 1099.99 2.3536012
C02 319.994 45.26366
C02 324.969 46.659485
C02 349.982 55.706654
C02 374.975 72.09509
C02 400.019 84.92739
C02 424.965 86.60331
C02 450.035 85.955284
C02 475.003 85.21585
C02 500.018 84.91101
C02 525.002 85.24903
C02 550.029 86.024826
C02 575.023 87.61296
C02 599.982 89.5407
C02 619.997 90.50166
C02 624.979 90.89434
C02 650.012 92.38709
C02 675.004 93.77252
C02 700.03 94.61001
C02 725.012 95.665794
C02 750.022 97.06045
C02 774.987 98.30615
C02 799.976 98.478935
C02 824.988 97.71512
C02 850.022 96.64356
C02 869.967 93.9475
C02 875.002 93.15089
C02 899.999 86.76552
C02 919.999 78.63491
C02 925.012 75.80666
C02 949.965 62.68943
C02 975.002 52.368454
C02 999.976 31.009407
C02 1025.028 15.291657
C02 1050.014 6.1766806
C02 1075.002 3.308505
C02 1099.99 2.2441337
C04 319.994 45.002617
C04 324.969 46.31716
C04 349.982 55.07764
C04 374.975 71.6385
C04 400.019 84.93185
C04 424.965 86.84693
C04 450.035 86.24097
C04 475.003 85.450096
C04 500.018 85.08629
C04 525.002 85.36627
C04 550.029 86.1095
C04 575.023 87.6738
C04 599.982 89.56696
C04 619.997 90.51102
C04 624.979 90.900276
C04 650.012 92.39176
C04 675.004 93.77791
C04 700.03 94.61904
C04 725.012 95.66878
C04 750.022 97.0551
C04 774.987 98.285706
C04 799.976 98.467064
C04 824.988 97.715996
C04 850.022 96.620575
C04 869.967 93.840675
C04 875.002 93.01447
C04 899.999 86.58185
C04 919.999 78.55038
C04 925.012 75.73196
C04 949.965 62.58665
C04 975.002 52.1643
C04 999.976 30.827341
C04 1025.028 15.319679
C04 1050.014 6.1781244
C04 1075.002 3.3109624
C04 1099.99 2.2357388
C14 319.994 44.771427
C14 324.969 46.08881
C14 349.982 54.889202
C14 374.975 71.48022
C14 400.019 84.67934
C14 424.965 86.53716
C14 450.035 85.88474
C14 475.003 85.04751
C14 500.018 84.62775
C14 525.002 84.868065
C14 550.029 85.58431
C14 575.023 87.13358
C14 599.982 89.01869
C14 619.997 89.96191
C14 624.979 90.346756
C14 650.012 91.826
C14 675.004 93.20872
C14 700.03 94.0961
C14 725.012 95.32214
C14 750.022 96.93472
C14 774.987 98.41725
C14 799.976 98.71779
C14 824.988 97.95654
C14 850.022 97.030174
C14 869.967 94.410385
C14 875.002 93.589035
C14 899.999 86.77561
C14 919.999 78.76445
C14 925.012 75.98373
C14 949.965 62.831356
C14 975.002 52.558636
C14 999.976 31.260437
C14 1025.028 15.390714
C14 1050.014 6.152479
C14 1075.002 3.3832078
C14 1099.99 2.313007
C17 319.994 44.498848
C17 324.969 45.743458
C17 349.982 54.26877
C17 374.975 71.12077
C17 400.019 84.90338
C17 424.965 87.05416
C17 450.035 86.448685
C17 475.003 85.54737
C17 500.018 85.02785
C17 525.002 85.172775
C17 550.029 85.81478
C17 575.023 87.332306
C17 599.982 89.21487
C17 619.997 90.16104
C17 624.979 90.551414
C17 650.012 92.04343
C17 675.004 93.44849
C17 700.03 94.353546
C17 725.012 95.575554
C17 750.022 97.19335
C17 774.987 98.66335
C17 799.976 98.96377
C17 824.988 98.19189
C17 850.022 97.205
C17 869.967 94.505165
C17 875.002 93.63378
C17 899.999 86.65045
C17 919.999 78.59995
C17 925.012 75.79967
C17 949.965 62.589176
C17 975.002 52.309605
C17 999.976 30.983084
C17 1025.028 15.223834
C17 1050.014 6.0516095
C17 1075.002 3.2705498
C17 1099.99 2.2311661
C00 319.994 45.246395
C00 324.969 46.756184
C00 349.982 56.270782
C00 374.975 72.56987
C00 400.019 84.79559
C00 424.965 86.133736
C00 450.035 85.40521
C00 475.003 84.70239
C00 500.018 84.45665
C00 525.002 84.83021
C00 550.029 85.61904
C00 575.023 87.1966
C00 599.982 89.12079
C00 619.997 90.06985
C00 624.979 90.459755
C00 650.012 91.9365
C00 675.004 93.287254
C00 700.03 94.07352
C00 725.012 95.00699
C00 750.022 96.268
C00 774.987 97.36376
C00 799.976 97.45454
C00 824.988 96.68364
C00 850.022 95.59774
C00 869.967 93.08616
C00 875.002 92.35459
C00 899.999 86.15665
C00 919.999 77.964584
C00 925.012 75.121826
C00 949.965 61.955334
C00 975.002 51.784492
C00 999.976 30.664906
C00 1025.028 15.07632
C00 1050.014 6.0452886
C00 1075.002 3.2412958
C00 1099.99 2.2053063
C12 319.994 44.921646
C12 324.969 46.315823
C12 349.982 55.387463
C12 374.975 71.78115
C12 400.019 84.51282
C12 424.965 86.13437
C12 450.035 85.45053
C12 475.003 84.6746
C12 500.018 84.333725
C12 525.002 84.63577
C12 550.029 85.3883
C12 575.023 86.95534
C12 599.982 88.861664
C12 619.997 89.81355
C12 624.979 90.19898
C12 650.012 91.679726
C12 675.004 93.0546
C12 700.03 93.92806
C12 725.012 95.13154
C12 750.022 96.716805
C12 774.987 98.16607
C12 799.976 98.4309
C12 824.988 97.63856
C12 850.022 96.67756
C12 869.967 94.07513
C12 875.002 93.2564
C12 899.999 86.47305
C12 919.999 78.44239
C12 925.012 75.64625
C12 949.965 62.45378
C12 975.002 52.254707
C12 999.976 31.07377
C12 1025.028 15.24957
C12 1050.014 6.080225
C12 1075.002 3.3320057
C12 1099.99 2.2740808
C11 319.994 45.159695
C11 324.969 46.614113
C11 349.982 55.93229
C11 374.975 72.33442
C11 400.019 84.822815
C11 424.965 86.288155
C11 450.035 85.56209
C11 475.003 84.802185
C11 500.018 84.49265
C11 525.002 84.824326
C11 550.029 85.59872
C11 575.023 87.19039
C11 599.982 89.11648
C11 619.997 90.0729
C11 624.979 90.464485
C11 650.012 91.94397
C11 675.004 93.3161
C11 700.03 94.17462
C11 725.012 95.336395
C11 750.022 96.86693
C11 774.987 98.263824
C11 799.976 98.49064
C11 824.988 97.67353
C11 850.022 96.68111
C11 869.967 94.1096
C11 875.002 93.30925
C11 899.999 86.576294
C11 919.999 78.47043
C11 925.012 75.63005
C11 949.965 62.26815
C11 975.002 52.143726
C11 999.976 31.003996
C11 1025.028 15.151261
C11 1050.014 6.033549
C11 1075.002 3.3021333
C11 1099.99 2.2641275
C03 319.994 45.118214
C03 324.969 46.465076
C03 349.982 55.334297
C03 374.975 71.786095
C03 400.019 84.85625
C03 424.965 86.66308
C03 450.035 86.04757
C03 475.003 85.284454
C03 500.018 84.95095
C03 525.002 85.2561
C03 550.029 86.01295
C03 575.023 87.58406
C03 599.982 89.49181
C03 619.997 90.44113
C03 624.979 90.83487
C03 650.012 92.32689
C03 675.004 93.71359
C03 700.03 94.55643
C03 725.012 95.6152
C03 750.022 97.01325
C03 774.987 98.26055
C03 799.976 98.441414
C03 824.988 97.688194
C03 850.022 96.618645
C03 869.967 93.87755
C03 875.002 93.06273
C03 899.999 86.643486
C03 919.999 78.58047
C03 925.012 75.76893
C03 949.965 62.66274
C03 975.002 52.30417
C03 999.976 30.939062
C03 1025.028 15.310159
C03 1050.014 6.205819
C03 1075.002 3.3206122
C03 1099.99 2.2451994
