lsstCam/transmission_filter_detector/r10_s00/r_57/19700101T000000.ecsv
# %ECSV 1.0
# ---
# datatype:
# - {name: wavelength, unit: nm, datatype: float32}
# - {name: efficiency, unit: '%', datatype: float64}
# meta: !!omap
# - {MODE: DETECTOR}
# - {TYPE: transmission_filter_detector}
# - {CALIBDATE: '1970-01-01T00:00:00'}
# - {INSTRUME: LSSTCam}
# - {OBSTYPE: transmission_filter_detector}
# - {CALIBCLS: lsst.ip.isr.IntermediateFilterDetectorTransmissionCurve}
# - {SOURCE: Materion (DM-46256)}
# - {DETECTOR: 27}
# - {FILTER: r_57}
# - {CALIB_ID: 'calibDate=1970-01-01T00:00:00 filter=r_57 detector=27'}
# - {DATE: '2025-04-02T15:59:44.309628'}
# - {CALIB_CREATION_DATE: '2025-04-02'}
# - {CALIB_CREATION_TIME: '15:59:44'}
# - __serialized_columns__:
#     efficiency:
#       __class__: astropy.units.quantity.Quantity
#       unit: !astropy.units.Unit {unit: '%'}
#       value: !astropy.table.SerializedColumn {name: efficiency}
#     wavelength:
#       __class__: astropy.units.quantity.Quantity
#       unit: !astropy.units.Unit {unit: nm}
#       value: !astropy.table.SerializedColumn {name: wavelength}
# schema: astropy-2.0
wavelength efficiency
300.0 0.0035115030186716467
301.0 0.009394210792379454
302.0 0.0152769178384915
303.0 0.018399301916360855
304.0 0.021521684539038688
305.0 0.019074110605288297
306.0 0.016626535216346383
307.0 0.01437783648725599
308.0 0.012129136302974075
309.0 0.011580585123738274
310.0 0.011032033944502473
311.0 0.009666846017353237
312.0 0.008301658090204
313.0 0.007909259875304997
314.0 0.0075168616604059935
315.0 0.007136100612115115
316.0 0.006755339563824236
317.0 0.006072578253224492
318.0 0.005389816578826867
319.0 0.005277218951960094
320.0 0.005164622416486964
321.0 0.005021815013606101
322.0 0.004879008702118881
323.0 0.004679268749896437
324.0 0.004479529889067635
325.0 0.004247401375323534
326.0 0.0040152710425900295
327.0 0.004020621418021619
328.0 0.004025971793453209
329.0 0.0040893319237511605
330.0 0.00415269096265547
331.0 0.003715798447956331
332.0 0.0032789055694593117
333.0 0.002951156238850672
334.0 0.002623406908242032
335.0 0.0024725075491005555
336.0 0.0023216083718580194
337.0 0.0021793110136059113
338.0 0.002037013655353803
339.0 0.0018910033759311773
340.0 0.001744993460306432
341.0 0.0017025437045958824
342.0 0.0016600939488853328
343.0 0.0016505900930496864
344.0 0.0016410860553150997
345.0 0.0015538467778242193
346.0 0.0014666075912828092
347.0 0.0014379461390490178
348.0 0.0014092847777646966
349.0 0.0013035562915320043
350.0 0.006053306424291804
351.0 0.006230148574104533
352.0 0.006406990723917261
353.0 0.00574036457692273
354.0 0.0050737384299281985
355.0 0.0050390346586937085
356.0 0.00500433161505498
357.0 0.007082796219037846
358.0 0.009161261550616473
359.0 0.006454914546338841
360.0 0.003748567178263329
361.0 0.002244712413812522
362.0 0.000740857285563834
363.0 0.0024164393835235387
364.0 0.004092021117685363
365.0 0.004377377626951784
366.0 0.004662733772420324
367.0 0.0038444431993411854
368.0 0.0030261522624641657
369.0 0.0022242402337724343
370.0 0.0014223284779291134
371.0 0.0021543772163568065
372.0 0.0028864260457339697
373.0 0.0033116768463514745
374.0 0.0037369278288679197
375.0 0.003382440991117619
376.0 0.0030279548809630796
377.0 0.0016702781067579053
378.0 0.0003126013552900986
379.0 0.001067571429302916
380.0 0.0018225415260531008
381.0 0.0029074073609081097
382.0 0.003992273559560999
383.0 0.004067182089784183
384.0 0.004142090983805247
385.0 0.005119203706271946
386.0 0.006096316428738646
387.0 0.005331025386112742
388.0 0.004565734343486838
389.0 0.0038540852983715013
390.0 0.0031424358894582838
391.0 0.002226948708994314
392.0 0.0013114617104292847
393.0 0.0014495761206489988
394.0 0.0015876899851718917
395.0 0.001195842105516931
396.0 0.0008039939530135598
397.0 0.0007476016435248312
398.0 0.0006912097433087183
399.0 0.0006981601472944021
400.0 0.0007051101420074701
401.0 0.0003519574647725676
402.0 2.683987363957807e-10
403.0 0.00016665527482473408
404.0 0.00033450658065703465
405.0 0.0008411419912590645
406.0 0.0013477768334269058
407.0 0.002022580520133488
408.0 0.0026973841158906
409.0 0.0022576585251954384
410.0 0.001817932934500277
411.0 0.001306499689235352
412.0 0.0007950664439704269
413.0 0.0008146501386363525
414.0 0.0008342337423528079
415.0 0.0008396144039579667
416.0 0.0008449953384115361
417.0 0.001398788663209416
418.0 0.001952582533704117
419.0 0.0025625669877626933
420.0 0.0031725514418212697
421.0 0.004850924597121775
422.0 0.0065292973886244
423.0 0.010266214667353779
424.0 0.014003131946083158
425.0 0.018370940233580768
426.0 0.022738745610695332
427.0 0.022843951592221856
428.0 0.02294916193932295
429.0 0.017487640434410423
430.0 0.012026118929497898
431.0 0.008815917681204155
432.0 0.005605714250123128
433.0 0.004421736593940295
434.0 0.003237758210161701
435.0 0.002624384615046438
436.0 0.002011010656133294
437.0 0.0019017263184650801
438.0 0.0017924425264936872
439.0 0.0013804080481349956
440.0 0.0009683737516752444
441.0 0.0012827573300455697
442.0 0.0015971407265169546
443.0 0.0019477047317195684
444.0 0.002298268736922182
445.0 0.001982326648430899
446.0 0.0016663845599396154
447.0 0.0016758865967858583
448.0 0.0016853888155310415
449.0 0.0018834980437532067
450.0 0.0020816069081774913
451.0 0.002074749681924004
452.0 0.0020678926375694573
453.0 0.0018796963558997959
454.0 0.0016915002561290748
455.0 0.0014811121218372136
456.0 0.0012707243513432331
457.0 0.0009584787221683655
458.0 0.0006462332748924382
459.0 0.000887825353856897
460.0 0.0011294172509224154
461.0 0.0018996206563315354
462.0 0.0026698236979427747
463.0 0.003556681258487515
464.0 0.004443539000931196
465.0 0.0055830150813562796
466.0 0.006722491525579244
467.0 0.0072744733188301325
468.0 0.007826455839676782
469.0 0.00655476760584861
470.0 0.0052830804634140804
471.0 0.004010014890809543
472.0 0.002736949136306066
473.0 0.0022709557015332393
474.0 0.0018049622667604126
475.0 0.0015205269846774172
476.0 0.0012360920663923025
477.0 0.0009999528629123233
478.0 0.0007638134775334038
479.0 0.0009901596058625728
480.0 0.0012165054613433313
481.0 0.0009569085705152247
482.0 0.0006973118161113234
483.0 0.0007111088962119538
484.0 0.0007249058853631141
485.0 0.000683439293425181
486.0 0.0006419725650630426
487.0 0.0007042049219307955
488.0 0.0007664370968996082
489.0 0.0007638559509359766
490.0 0.0007612747140228748
491.0 0.0008525440534867812
492.0 0.0009438133020012174
493.0 0.0011027458640455734
494.0 0.0012616784260899294
495.0 0.0010887776625168044
496.0 0.0009158768079942092
497.0 0.0012753872397297528
498.0 0.001634897489566356
499.0 0.0015872537915129215
500.0 0.0015396104572573677
501.0 0.0016856041838764213
502.0 0.0018315980923944153
503.0 0.0022981785150477663
504.0 0.0027647589377011172
505.0 0.0034642827813513577
506.0 0.004163807170698419
507.0 0.004801867180503905
508.0 0.00543992682651151
509.0 0.005920637704548426
510.0 0.0064013474911917
511.0 0.005599603900918737
512.0 0.004797859946847893
513.0 0.004096329212188721
514.0 0.003394798477529548
515.0 0.003252610986237414
516.0 0.003110423858743161
517.0 0.002889503230107948
518.0 0.0026685822376748547
519.0 0.03897351853083819
520.0 0.02463159034959972
521.0 0.1173997763544321
522.0 0.006372020288836211
523.0 0.13484549708664417
524.0 0.08452647016383708
525.0 0.08739890763536096
526.0 0.10154412593692541
527.0 0.12507877545431256
528.0 0.10320014553144574
529.0 0.12624890077859163
530.0 0.23816428147256374
531.0 0.24111028760671616
532.0 0.37911904510110617
533.0 0.4227598197758198
534.0 0.5476751830428839
535.0 0.9056181646883488
536.0 1.397787407040596
537.0 2.189190872013569
538.0 3.4606903791427612
539.0 5.092453211545944
540.0 7.774509489536285
541.0 10.619944334030151
542.0 14.344246685504913
543.0 19.00247037410736
544.0 24.856555461883545
545.0 31.093183159828186
546.0 38.41979503631592
547.0 46.512070298194885
548.0 55.07768392562866
549.0 62.61398196220398
550.0 67.7008330821991
551.0 73.3344316482544
552.0 76.56644582748413
553.0 80.05658388137817
554.0 83.24899673461914
555.0 87.06061840057373
556.0 89.99024629592896
557.0 92.16464161872864
558.0 93.98483633995056
559.0 95.71713209152222
560.0 95.46219110488892
561.0 96.11462354660034
562.0 96.05188965797424
563.0 95.32654881477356
564.0 95.60805559158325
565.0 95.72475552558899
566.0 96.530020236969
567.0 95.86652517318726
568.0 96.60071730613708
569.0 97.297203540802
570.0 96.81400656700134
571.0 97.5970447063446
572.0 97.17093110084534
573.0 96.9627857208252
574.0 97.21718430519104
575.0 97.00644016265869
576.0 98.00710678100586
577.0 97.30253219604492
578.0 97.4430501461029
579.0 97.40435481071472
580.0 96.88546657562256
581.0 96.72837257385254
582.0 97.15573191642761
583.0 97.37246632575989
584.0 96.26564979553223
585.0 96.92867994308472
586.0 97.0232367515564
587.0 96.64212465286255
588.0 96.55860662460327
589.0 98.12121391296387
590.0 96.77312970161438
591.0 96.38760685920715
592.0 96.15516066551208
593.0 96.35717868804932
594.0 96.43257260322571
595.0 96.77852988243103
596.0 97.2760558128357
597.0 97.86251187324524
598.0 96.98085188865662
599.0 97.3462462425232
600.0 97.34998941421509
601.0 96.43272161483765
602.0 96.90223336219788
603.0 96.48995399475098
604.0 96.2450385093689
605.0 97.1160888671875
606.0 96.37027382850647
607.0 96.78648114204407
608.0 96.46168947219849
609.0 95.84349393844604
610.0 95.95870971679688
611.0 95.97870111465454
612.0 96.40487432479858
613.0 97.03083038330078
614.0 97.06452488899231
615.0 96.63265943527222
616.0 96.81290984153748
617.0 96.74167037010193
618.0 96.77536487579346
619.0 97.2627341747284
620.0 96.24881744384766
621.0 95.95715403556824
622.0 96.76432013511658
623.0 96.9898521900177
624.0 96.65578007698059
625.0 97.12035059928894
626.0 96.31008505821228
627.0 95.4360842704773
628.0 97.72266149520874
629.0 95.65207362174988
630.0 96.5651273727417
631.0 96.55613303184509
632.0 97.02383875846863
633.0 96.92249298095703
634.0 95.79413533210754
635.0 96.80125117301941
636.0 96.20247483253479
637.0 95.75716853141785
638.0 95.79912424087524
639.0 95.43739557266235
640.0 95.91809511184692
641.0 96.12950682640076
642.0 96.22949957847595
643.0 96.56826853752136
644.0 96.33471369743347
645.0 96.71504497528076
646.0 96.55322432518005
647.0 97.57291674613953
648.0 96.51467204093933
649.0 95.71952223777771
650.0 96.64903283119202
651.0 96.89359664916992
652.0 97.22266793251038
653.0 96.18788361549377
654.0 96.9902753829956
655.0 97.02118039131165
656.0 96.02689146995544
657.0 96.2134063243866
658.0 96.66039943695068
659.0 96.41402959823608
660.0 95.71390748023987
661.0 95.77388167381287
662.0 96.2638258934021
663.0 95.6250250339508
664.0 95.56538462638855
665.0 95.75349688529968
666.0 95.54380774497986
667.0 95.73652148246765
668.0 95.26784420013428
669.0 95.79176902770996
670.0 95.92168927192688
671.0 95.7726001739502
672.0 95.40156126022339
673.0 95.85896730422974
674.0 95.10166049003601
675.0 95.54438591003418
676.0 94.82622146606445
677.0 93.39390993118286
678.0 92.24851727485657
679.0 91.09261631965637
680.0 89.60955739021301
681.0 88.0326509475708
682.0 85.28015613555908
683.0 81.75041675567627
684.0 77.84335613250732
685.0 73.81263971328735
686.0 69.55834627151489
687.0 64.92646336555481
688.0 60.55176854133606
689.0 56.534528732299805
690.0 51.572102308273315
691.0 47.8223979473114
692.0 42.984938621520996
693.0 38.11493217945099
694.0 32.331421971321106
695.0 26.319792866706848
696.0 20.405180752277374
697.0 15.289092063903809
698.0 10.108870267868042
699.0 6.534262001514435
700.0 4.157015308737755
701.0 2.4500105530023575
702.0 1.3989492319524288
703.0 0.8382008410990238
704.0 0.4713318310678005
705.0 0.28365517500787973
706.0 0.24642590433359146
707.0 0.18005750607699156
708.0 0.11551588540896773
709.0 0.07040882483124733
710.0 0.09275152697227895
711.0 0.07869255496188998
712.0 0.04327224160078913
713.0 0.0835216254927218
714.0 2.683987363957807e-10
715.0 0.03991700359620154
716.0 0.04575315397232771
717.0 0.035088497679680586
718.0 0.012737588258460164
719.0 0.025570945581421256
720.0 2.683987363957807e-10
721.0 0.004063249070895836
722.0 0.0038232581573538482
723.0 0.0035832672438118607
724.0 0.003304023266537115
725.0 0.0030247789254644886
726.0 0.0027668475013342686
727.0 0.002508916259102989
728.0 0.0023927124857436866
729.0 0.0022765088942833245
730.0 0.002082469654851593
731.0 0.0018884307792177424
732.0 0.0018893673768616281
733.0 0.001890303974505514
734.0 0.0018055094187729992
735.0 0.0017207148630404845
736.0 0.0015433070075232536
737.0 0.0013658991520060226
738.0 0.0014009146070748102
739.0 0.001435930153093068
740.0 0.001432965655112639
741.0 0.0014300014299806207
742.0 0.0012915668776258826
743.0 0.0011531321433722042
744.0 0.0012031592632411048
745.0 0.0012531860193121247
746.0 0.0011745667507057078
747.0 0.001095947482099291
748.0 0.0009813420547288842
749.0 0.0008667367183079477
750.0 0.000850515607453417
751.0 0.0008342946784978267
752.0 0.0009056816452357452
753.0 0.0009770686119736638
754.0 0.0009838720870902762
755.0 0.0009906759260047693
756.0 0.0009357465387438424
757.0 0.0008808170605334453
758.0 0.0008919790161598939
759.0 0.0009031408808368724
760.0 0.0009554883035889361
761.0 0.0010078359082399402
762.0 0.0010027244570665061
763.0 0.0009976133696909528
764.0 0.0009370052794110961
765.0 0.0008763970981817693
766.0 0.0007154025752242887
767.0 0.0005544081886910135
768.0 0.0005597741619567387
769.0 0.0005651399987982586
770.0 0.0006711309652018826
771.0 0.0007771222044539172
772.0 0.0006890602890052833
773.0 0.0006009982826071791
774.0 0.0006994359864620492
775.0 0.0007978735993674491
776.0 0.0007995205123734195
777.0 0.0008011674253793899
778.0 0.0007512941920140292
779.0 0.0007014210495981388
780.0 0.0006099392976466333
781.0 0.0005184575456951279
782.0 0.0005881928245798917
783.0 0.0006579280125151854
784.0 0.0006900557764311088
785.0 0.0007221833129733568
786.0 0.0006248775662243133
787.0 0.0005275718194752699
788.0 0.000561442584512406
789.0 0.0005953135769232176
790.0 0.0006477746410382679
791.0 0.000700235659678583
792.0 0.0007184972218965413
793.0 0.0007367587841144996
794.0 0.0008044532478379551
795.0 0.0008721473932382651
796.0 0.0006670011316600721
797.0 0.000461854779132409
798.0 0.0006354729521262925
799.0 0.0008090910341707058
800.0 0.0007560593530797632
801.0 0.000703027353665675
802.0 0.0005615090685751056
803.0 0.0004199904651613906
804.0 0.0005691915703209816
805.0 0.0007183926754805725
806.0 0.0006373787982738577
807.0 0.000556365012016613
808.0 0.0006424903403967619
809.0 0.0007286156687769108
810.0 0.0006164996193547267
811.0 0.0005043838427809533
812.0 0.0005707013315259246
813.0 0.0006370187747961609
814.0 0.0005164503363630502
815.0 0.00039588194340467453
816.0 0.0005193449396756478
817.0 0.0006428080723708263
818.0 0.0005606579179584514
819.0 0.0004785078090208117
820.0 0.00040369509406446014
821.0 0.00032888231089600595
822.0 0.0003848570486297831
823.0 0.00044083190005039796
824.0 0.00039020033000269905
825.0 0.0003395688509044703
826.0 0.0003988960543210851
827.0 0.0004582232577376999
828.0 0.00031987019610824063
829.0 0.00018151713447878137
830.0 0.0001802220594981918
831.0 0.0001789270072549698
832.0 9.668173106547329e-05
833.0 1.4436452033805836e-05
834.0 2.683987363957807e-10
835.0 2.683987363957807e-10
836.0 0.00025180170268868096
837.0 0.0005476052137964871
838.0 0.0007217739039333537
839.0 0.0008959425940702204
840.0 0.001317282203672221
841.0 0.0017386217223247513
842.0 0.002694774593692273
843.0 0.0036509274650597945
844.0 0.004258631815901026
845.0 0.0048663365305401385
846.0 0.004994468690711074
847.0 0.005122600850882009
848.0 0.004230026752338745
849.0 0.0033374519261997193
850.0 0.0024076060071820393
851.0 0.0014777595424675383
852.0 0.0012477153177314904
853.0 0.0010176707291975617
854.0 0.0009591423804522492
855.0 0.000900613667909056
856.0 0.000707709887137753
857.0 0.0005148061518411851
858.0 0.0006142784059193218
859.0 0.0007137505235732533
860.0 0.0005971060090814717
861.0 0.00048046140364021994
862.0 0.00044299158616922796
863.0 0.000405521768698236
864.0 0.00034383720048936084
865.0 0.00028215265501785325
866.0 0.0002193808541051112
867.0 0.00015660901908631786
868.0 0.0001828133235903806
869.0 0.00020901759398839204
870.0 9.5441430403298e-05
871.0 2.683987363957807e-10
872.0 2.683987363957807e-10
873.0 2.683987363957807e-10
874.0 2.683987363957807e-10
875.0 2.683987363957807e-10
876.0 2.683987363957807e-10
877.0 2.683987363957807e-10
878.0 8.02439672042965e-05
879.0 0.00022854671897221124
880.0 0.00017768071529644658
881.0 0.0001268146775146306
882.0 0.00013313837143869023
883.0 0.00013946209946880117
884.0 5.10124323227501e-05
885.0 2.683987363957807e-10
886.0 7.034396958260913e-05
887.0 0.00017812511714510038
888.0 0.00022725744202034548
889.0 0.00027638977826427436
890.0 0.00024719438442843966
891.0 0.00021799899059260497
892.0 6.208547915775853e-05
893.0 2.683987363957807e-10
894.0 2.453329450702313e-06
895.0 9.8734699349734e-05
896.0 3.895765132710949e-05
897.0 2.683987363957807e-10
898.0 2.683987363957807e-10
899.0 1.6704764504993364e-05
900.0 2.09725797617466e-05
901.0 2.524040496609814e-05
