lsstCam/transmission_filter_detector/r10_s00/r_57/19700101T000000.ecsv
# %ECSV 1.0
# ---
# datatype:
# - {name: wavelength, unit: nm, datatype: float32}
# - {name: efficiency, unit: '%', datatype: float64}
# meta: !!omap
# - {MODE: DETECTOR}
# - {TYPE: transmission_filter_detector}
# - {CALIBDATE: '1970-01-01T00:00:00'}
# - {INSTRUME: LSSTCam}
# - {OBSTYPE: transmission_filter_detector}
# - {CALIBCLS: lsst.ip.isr.IntermediateFilterDetectorTransmissionCurve}
# - {SOURCE: Materion (DM-46256)}
# - {DETECTOR: 27}
# - {FILTER: r_57}
# - {CALIB_ID: 'calibDate=1970-01-01T00:00:00 filter=r_57 detector=27'}
# - {DATE: '2025-04-02T15:59:44.309628'}
# - {CALIB_CREATION_DATE: '2025-04-02'}
# - {CALIB_CREATION_TIME: '15:59:44'}
# - __serialized_columns__:
#     efficiency:
#       __class__: astropy.units.quantity.Quantity
#       unit: !astropy.units.Unit {unit: '%'}
#       value: !astropy.table.SerializedColumn {name: efficiency}
#     wavelength:
#       __class__: astropy.units.quantity.Quantity
#       unit: !astropy.units.Unit {unit: nm}
#       value: !astropy.table.SerializedColumn {name: wavelength}
# schema: astropy-2.0
wavelength efficiency
[from data line 603]
903.0 2.683987363957807e-10
904.0 2.683987363957807e-10
905.0 5.676772047991108e-05
906.0 2.683987363957807e-10
907.0 2.683987363957807e-10
908.0 2.683987363957807e-10
909.0 2.683987363957807e-10
910.0 2.683987363957807e-10
911.0 2.683987363957807e-10
912.0 2.683987363957807e-10
913.0 2.683987363957807e-10
914.0 3.33388300077786e-05
915.0 0.00011374166888344917
916.0 9.500581654720008e-05
917.0 7.626996989529289e-05
918.0 0.00010623250545904739
919.0 0.0001361949898637249
920.0 6.165396939650236e-05
921.0 2.683987363957807e-10
922.0 0.00011909697832379607
923.0 0.0002510810645617312
924.0 0.0002455680714774644
925.0 0.00024005510113056516
926.0 0.00021303196717781248
927.0 0.00018600884459374356
928.0 0.00015106496675798553
929.0 0.00011612106618485996
930.0 0.0001999817186515429
931.0 0.00028384240522427717
932.0 0.00014048954426471028
933.0 2.683987363957807e-10
934.0 0.00015032753708510427
935.0 0.00030351827717822744
936.0 0.00030030582820472773
937.0 0.00029709337923122803
938.0 0.00033067224194383016
939.0 0.0003642511728685349
940.0 0.0003284424110461259
941.0 0.0002926336719610845
942.0 0.00033215801522601396
943.0 0.00037168235849094344
944.0 0.0003313081151645747
945.0 0.0002909338945755735
946.0 0.0003714616923389258
947.0 0.000451989444627543
948.0 0.0005434902050183155
949.0 0.0006349910563585581
950.0 0.0005978432454867288
951.0 0.0005606953891401645
952.0 0.0007404275947919814
953.0 0.0009201598913932685
954.0 0.0012102819709980395
955.0 0.001500404323451221
956.0 0.0015962861652951688
957.0 0.0016921680071391165
958.0 0.001789125417417381
959.0 0.001886083191493526
960.0 0.0020067715013283305
961.0 0.0021274601749610156
962.0 0.002310242962266784
963.0 0.002493025931471493
964.0 0.002485074037394952
965.0 0.0024771217795205303
966.0 0.0024251718059531413
967.0 0.002373221650486812
968.0 0.0023480582967749797
969.0 0.0023228949430631474
970.0 0.0023979746401892044
971.0 0.002473054701113142
972.0 0.002566599505371414
973.0 0.002660144127730746
974.0 0.002927302739408333
975.0 0.0031944611691869795
976.0 0.003289464075351134
977.0 0.0033844666177174076
978.0 0.0033184267522301525
979.0 0.003252387250540778
980.0 0.0032040090445661917
981.0 0.003155631202389486
982.0 0.0032489817385794595
983.0 0.0033423326385673136
984.0 0.0033167856599902734
985.0 0.003291239045211114
986.0 0.003176167228957638
987.0 0.0030610954127041623
988.0 0.0028719756301143207
989.0 0.0026828563932213
990.0 0.002679737917787861
991.0 0.0026766196242533624
992.0 0.0027186493753106333
993.0 0.0027606793082668446
994.0 0.0028103899239795282
995.0 0.002860100175894331
996.0 0.0029099343009875156
997.0 0.0029597682441817597
998.0 0.0030891518690623343
999.0 0.003218535493942909
1000.0 0.0033684027584968135
1001.0 0.003518270023050718
1002.0 0.0037677502405131236
1003.0 0.004017230094177648
1004.0 0.004119323421036825
1005.0 0.00422141638409812
1006.0 0.0044676518882624805
1007.0 0.004713887756224722
1008.0 0.00465700140921399
1009.0 0.004600115062203258
1010.0 0.0045832439354853705
1011.0 0.004566372808767483
1012.0 0.004429483669809997
1013.0 0.004292594167054631
1014.0 0.003988111348007806
1015.0 0.0036836285289609805
1016.0 0.0034840410080505535
1017.0 0.0032844538509380072
1018.0 0.002835331360984128
1019.0 0.0023862092348281294
1020.0 0.002021266845986247
1021.0 0.0016563242752454244
1022.0 0.0014457079487328883
1023.0 0.0012350912584224716
1024.0 0.0013346824744076002
1025.0 0.0014342738722916692
1026.0 0.0013021908671362326
1027.0 0.0011701076800818555
1028.0 0.0010815472705871798
1029.0 0.0009929865882440936
1030.0 0.0009620490345696453
1031.0 0.0009311108442489058
1032.0 0.0009064731784746982
1033.0 0.0008818352398520801
1034.0 0.0007710504178248812
1035.0 0.0006602654138987418
1036.0 0.0007997839020390529
1037.0 0.0009393022082804237
1038.0 0.0008407427230849862
1039.0 0.0007421834652632242
1040.0 0.000866315713210497
1041.0 0.0009904479156830348
1042.0 0.0010299279892933555
1043.0 0.0010694075172068551
1044.0 0.001040382448991295
1045.0 0.0010113578355230857
1046.0 0.0010571411621640436
1047.0 0.0011029248526028823
1048.0 0.0008945287845563143
1049.0 0.0006861326710350113
1050.0 0.0006850777026556898
1051.0 0.0006840226888016332
1052.0 0.0010230380212306045
1053.0 0.001362052898912225
1054.0 0.0011009395166183822
1055.0 0.0008398259524255991
1056.0 0.0009854303243628237
1057.0 0.0011310348781989887
1058.0 0.0010210927030129824
1059.0 0.0009111508916248567
1060.0 0.0013014445357839577
1061.0 0.001691737816145178
1062.0 0.001832845009630546
1063.0 0.001973952203115914
1064.0 0.0013674592082679737
1065.0 0.000760965986046358
1066.0 0.0012050216355419252
1067.0 0.0016490774214616977
1068.0 0.001730065378069412
1069.0 0.0018110529708792455
1070.0 0.0014176212971506175
1071.0 0.0010241898053209297
1072.0 0.0011745769370463677
1073.0 0.0013249641597212758
1074.0 0.0020910756575176492
1075.0 0.002857186882465612
1076.0 0.003260758239775896
1077.0 0.0036643297789851204
1078.0 0.004146073843003251
1079.0 0.004627818270819262
1080.0 0.004530842852545902
1081.0 0.004433867070474662
1082.0 0.0043356267269700766
1083.0 0.004237386383465491
1084.0 0.004760249066748656
1085.0 0.00528311102243606
1086.0 0.005286670057103038
1087.0 0.005290229455567896
1088.0 0.005254114148556255
1089.0 0.005217999205342494
1090.0 0.005011081157135777
1091.0 0.00480416310892906
1092.0 0.004057622572872788
1093.0 0.003311082036816515
1094.0 0.0041798033635132015
1095.0 0.005048524690209888
1096.0 0.0037225225241854787
1097.0 0.00239652072195895
1098.0 0.001865103331510909
1099.0 0.0013336863958102185
1100.0 0.001480256651120726
1101.0 0.0016268264516838826
