lsstCam/transmission_filter_detector/r30_s22/r_57/19700101T000000.ecsv
# %ECSV 1.0
# ---
# datatype:
# - {name: wavelength, unit: nm, datatype: float32}
# - {name: efficiency, unit: '%', datatype: float64}
# meta: !!omap
# - {MODE: DETECTOR}
# - {TYPE: transmission_filter_detector}
# - {CALIBDATE: '1970-01-01T00:00:00'}
# - {INSTRUME: LSSTCam}
# - {OBSTYPE: transmission_filter_detector}
# - {CALIBCLS: lsst.ip.isr.IntermediateFilterDetectorTransmissionCurve}
# - {SOURCE: Materion (DM-46256)}
# - {DETECTOR: 125}
# - {FILTER: r_57}
# - {CALIB_ID: 'calibDate=1970-01-01T00:00:00 filter=r_57 detector=125'}
# - {DATE: '2025-04-02T15:59:44.761427'}
# - {CALIB_CREATION_DATE: '2025-04-02'}
# - {CALIB_CREATION_TIME: '15:59:44'}
# - __serialized_columns__:
#     efficiency:
#       __class__: astropy.units.quantity.Quantity
#       unit: !astropy.units.Unit {unit: '%'}
#       value: !astropy.table.SerializedColumn {name: efficiency}
#     wavelength:
#       __class__: astropy.units.quantity.Quantity
#       unit: !astropy.units.Unit {unit: nm}
#       value: !astropy.table.SerializedColumn {name: wavelength}
# schema: astropy-2.0
wavelength efficiency
300.0 0.0028063357603969052
301.0 0.0068361114244908094
302.0 0.010865889635169879
303.0 0.013514187594410032
304.0 0.016162486281245947
305.0 0.014457869110628963
306.0 0.012753253395203501
307.0 0.011013675975846127
308.0 0.009274099284084514
309.0 0.008646154310554266
310.0 0.008018209337024018
311.0 0.007431022822856903
312.0 0.006843837763881311
313.0 0.00657583586871624
314.0 0.006307833973551169
315.0 0.005816195334773511
316.0 0.005324555968400091
317.0 0.004765538687934168
318.0 0.0042065224988618866
319.0 0.004189099126961082
320.0 0.004171676118858159
321.0 0.003945424396079034
322.0 0.0037191719457041472
323.0 0.0035022989322897047
324.0 0.0032854270102689043
325.0 0.0031346946343546733
326.0 0.0029839617127436213
327.0 0.002970862442452926
328.0 0.00295776262646541
329.0 0.0029941247703391127
330.0 0.003030486732313875
331.0 0.002875520476663951
332.0 0.0027205553124076687
333.0 0.00243621580011677
334.0 0.0021518762878258713
335.0 0.0019031387637369335
336.0 0.0016544012396479957
337.0 0.0015639710909454152
338.0 0.0014735406693944242
339.0 0.0013549968571169302
340.0 0.0012364531357889064
341.0 0.0011750785233743954
342.0 0.0011137040019093547
343.0 0.0010898223081312608
344.0 0.0010659405234036967
345.0 0.0010739558092609514
346.0 0.0010819712770171463
347.0 0.0010886505151574966
348.0 0.001095329844247317
349.0 0.0010648651368683204
350.0 0.002978128941322211
351.0 0.004639403414330445
352.0 0.00630067806923762
353.0 0.00559414729650598
354.0 0.004887618342763744
355.0 0.0045609878725372255
356.0 0.004234357038512826
357.0 0.0046555760491173714
358.0 0.005076797606307082
359.0 0.004065567554789595
360.0 0.00305433823086787
361.0 0.002744527409959119
362.0 0.0024347165890503675
363.0 0.0027252977815805934
364.0 0.003015878792211879
365.0 0.002795671025523916
366.0 0.0025754632588359527
367.0 0.0024106195269268937
368.0 0.0022457757950178348
369.0 0.0033546013582963496
370.0 0.004463426739675924
371.0 0.004306841219658963
372.0 0.004150255699642003
373.0 0.0037262892874423414
374.0 0.0033023225114447996
375.0 0.002303047767782118
376.0 0.0013037729331699666
377.0 0.0018455075405654497
378.0 0.002387242238910403
379.0 0.002311381285835523
380.0 0.0022355205146595836
381.0 0.002350927024963312
382.0 0.0024663333533680998
383.0 0.0031607029086444527
384.0 0.0038550722820218652
385.0 0.004463861478143372
386.0 0.005072651038062759
387.0 0.0047718709538457915
388.0 0.004471091233426705
389.0 0.0032549509342061356
390.0 0.002038810998783447
391.0 0.001689270357019268
392.0 0.0013397298971540295
393.0 0.0015467910998268053
394.0 0.0017538523024995811
395.0 0.0013500333807314746
396.0 0.0009462144589633681
397.0 0.000854872905620141
398.0 0.000763531443226384
399.0 0.0011577026270970237
400.0 0.0015518742657150142
401.0 0.0013569978364103008
402.0 0.0011621214980550576
403.0 0.0011317012649669778
404.0 0.0011012812137778383
405.0 0.001197857091028709
406.0 0.0012944330592290498
407.0 0.0012541968317236751
408.0 0.0012139607861172408
409.0 0.0012997243175050244
410.0 0.0013854880307917483
411.0 0.0014892054423398804
412.0 0.0015929228538880125
413.0 0.0018726246707956307
414.0 0.002152326487703249
415.0 0.0020674489860539325
416.0 0.001982572030101437
417.0 0.0016645715732011013
418.0 0.001346570934401825
419.0 0.0018980097593157552
420.0 0.002449448402330745
421.0 0.004038378028781153
422.0 0.005627307473332621
423.0 0.008980831626104191
424.0 0.012334354687482119
425.0 0.01628259924473241
426.0 0.020230845257174224
427.0 0.020359862537588924
428.0 0.02048888272838667
429.0 0.016348059580195695
430.0 0.01220723643200472
431.0 0.00857791819726117
432.0 0.004948599598719738
433.0 0.004038666520500556
434.0 0.0031287338060792536
435.0 0.0025637460566940717
436.0 0.0019987584892078303
437.0 0.0013638084965350572
438.0 0.0007288585948117543
439.0 0.0008504191100655589
440.0 0.0009719797162688337
441.0 0.001178258298750734
442.0 0.0013845371540810447
443.0 0.0016216317817452364
444.0 0.0018587261365610175
445.0 0.0016306596080539748
446.0 0.0014025930795469321
447.0 0.0013391214451985434
448.0 0.001275649538001744
449.0 0.0014022240975464229
450.0 0.0015287982023437507
451.0 0.001496295226388611
452.0 0.0014637921594840009
453.0 0.0015022789739305153
454.0 0.0015407655155286193
455.0 0.0012293431609577965
456.0 0.0009179207154375035
457.0 0.0009052126188180409
458.0 0.0008925044312491082
459.0 0.0010198128620686475
460.0 0.0011471212928881869
461.0 0.001691565012151841
462.0 0.0022360089133144356
463.0 0.0031686737202107906
464.0 0.004101338709006086
465.0 0.00504722265759483
466.0 0.005993105878587812
467.0 0.006463668250944465
468.0 0.006934230623301119
469.0 0.006004725946695544
470.0 0.005075220906292088
471.0 0.0037516947486437857
472.0 0.0024281682271976024
473.0 0.001777279430825729
474.0 0.001126390452554915
475.0 0.0009156424312095623
476.0 0.0007048943643894745
477.0 0.000696808365319157
478.0 0.0006887224571983097
479.0 0.0006571586254722206
480.0 0.0006255948392208666
481.0 0.0005655082986777415
482.0 0.0005054218036093516
483.0 0.0005128545126353856
484.0 0.0005202873126108898
485.0 0.0006400390248018084
486.0 0.0007597906915179919
487.0 0.0005704814157070359
488.0 0.00038117216263344744
489.0 0.0007275568350451067
490.0 0.0010739414392446633
491.0 0.0009362369382870384
492.0 0.0007985325282788835
493.0 0.0009027406122186221
494.0 0.0010069485142594203
495.0 0.001026213158183964
496.0 0.0010454777111590374
497.0 0.0010368215043854434
498.0 0.0010281652976118494
499.0 0.0011112593711004592
500.0 0.0011943535355385393
501.0 0.0014144347915134858
502.0 0.001634515865589492
503.0 0.0019447057638899423
504.0 0.002254895298392512
505.0 0.0027657019018079154
506.0 0.003276508505223319
507.0 0.0040797000110615045
508.0 0.004882891880697571
509.0 0.005240694372332655
510.0 0.00559849722776562
511.0 0.005059889736003242
512.0 0.004521282244240865
513.0 0.003883724639308639
514.0 0.0032461673981742933
515.0 0.003023530007340014
516.0 0.0028008924346067943
517.0 0.00275783495453652
518.0 0.0027147772925673053
519.0 0.010062456567538902
520.0 0.10782377794384956
521.0 0.11614036047831178
522.0 0.11436647037044168
523.0 0.07256290409713984
524.0 0.06676078774034977
525.0 0.10840578470379114
526.0 0.05222473409958184
527.0 0.14208863722160459
528.0 0.12819748371839523
529.0 0.13246790040284395
530.0 0.10375542333349586
531.0 0.18552354304119945
532.0 0.29404996894299984
533.0 0.28600585646927357
534.0 0.37002619355916977
535.0 0.4872548393905163
536.0 0.8199303410947323
537.0 1.2028981000185013
538.0 1.8705323338508606
539.0 3.0135342851281166
540.0 4.833424091339111
541.0 6.955422461032867
542.0 9.80122834444046
543.0 13.323801755905151
544.0 17.526698112487793
545.0 22.32174724340439
546.0 28.4654438495636
547.0 35.244059562683105
548.0 43.63319277763367
549.0 51.81164741516113
550.0 58.32176208496094
551.0 65.31921625137329
552.0 69.89598870277405
553.0 74.35532212257385
554.0 78.0582070350647
555.0 81.9537341594696
556.0 85.73556542396545
557.0 87.84952759742737
558.0 90.80026149749756
559.0 93.32932829856873
560.0 94.07011270523071
561.0 94.93130445480347
562.0 95.91816067695618
563.0 95.51901817321777
564.0 95.92816829681396
565.0 95.59102058410645
566.0 96.07999324798584
567.0 95.52261233329773
568.0 95.8719551563263
569.0 96.53567671775818
570.0 96.46012783050537
571.0 96.95369005203247
572.0 96.94159626960754
573.0 96.96904420852661
574.0 97.44611382484436
575.0 96.84678912162781
576.0 97.4001407623291
577.0 97.38757610321045
578.0 97.30626940727234
579.0 97.15134501457214
580.0 96.6385006904602
581.0 96.88920974731445
582.0 96.75443768501282
583.0 96.70732617378235
584.0 96.16602659225464
585.0 96.67433500289917
586.0 96.82900905609131
587.0 96.39132618904114
588.0 96.49938941001892
589.0 97.41361141204834
590.0 96.52587175369263
591.0 96.33916020393372
592.0 96.11424803733826
593.0 96.00187540054321
594.0 96.1579978466034
595.0 96.48057818412781
596.0 97.26904630661011
597.0 97.49841690063477
598.0 96.93789482116699
599.0 97.12105393409729
600.0 96.9530701637268
601.0 96.30565643310547
602.0 96.71500325202942
603.0 96.20788097381592
604.0 96.3811993598938
605.0 96.97805643081665
606.0 96.18644714355469
607.0 96.2984561920166
608.0 96.3987410068512
609.0 95.70879936218262
610.0 96.12754583358765
611.0 96.03665471076965
612.0 96.00194692611694
613.0 97.13304042816162
614.0 96.73055410385132
615.0 96.39317989349365
616.0 96.89316749572754
617.0 96.71738147735596
618.0 96.33764624595642
619.0 97.29890823364258
620.0 96.03326320648193
621.0 95.59562802314758
622.0 96.85250520706177
623.0 96.78739309310913
624.0 96.72430753707886
625.0 97.11694121360779
626.0 96.3921844959259
627.0 95.53946852684021
628.0 97.35300540924072
629.0 95.64439654350281
630.0 96.69806361198425
631.0 96.23274803161621
632.0 97.33331799507141
633.0 96.81870937347412
634.0 95.8355963230133
635.0 96.44346833229065
636.0 96.27067446708679
637.0 95.9227979183197
638.0 95.47162055969238
639.0 95.39440274238586
640.0 95.84407806396484
641.0 95.4693615436554
642.0 96.41265869140625
643.0 96.22942805290222
644.0 96.40583395957947
645.0 96.35097980499268
646.0 96.65015935897827
647.0 97.12698459625244
648.0 96.33045196533203
649.0 95.81273794174194
650.0 96.4515745639801
651.0 96.85369729995728
652.0 96.96254134178162
653.0 96.29093408584595
654.0 96.53586149215698
655.0 96.66155576705933
656.0 95.93887329101562
657.0 95.83110213279724
658.0 96.6734230518341
659.0 96.68081402778625
660.0 95.97585797309875
661.0 95.44483423233032
662.0 96.02721333503723
663.0 95.67216038703918
664.0 95.61872482299805
665.0 95.57943344116211
666.0 95.4252541065216
667.0 95.96681594848633
668.0 95.25256752967834
669.0 95.96416354179382
670.0 95.54628133773804
671.0 95.77241539955139
672.0 95.62764167785645
673.0 95.68201899528503
674.0 95.03389000892639
675.0 95.989590883255
676.0 95.21767497062683
677.0 94.0085768699646
678.0 93.48273873329163
679.0 92.69733428955078
680.0 91.69154763221741
681.0 90.38864374160767
682.0 88.02009224891663
683.0 85.30420660972595
684.0 81.9653570652008
685.0 78.44407558441162
686.0 74.61497187614441
687.0 70.12968063354492
688.0 65.50006866455078
689.0 61.118876934051514
690.0 56.0818612575531
691.0 52.19475030899048
692.0 47.51187860965729
693.0 43.07612180709839
694.0 37.990349531173706
695.0 32.55271315574646
696.0 27.13324725627899
697.0 21.819791197776794
698.0 15.922543406486511
699.0 11.37639582157135
700.0 7.934192568063736
701.0 4.900100082159042
702.0 3.0217884108424187
703.0 1.7283746972680092
704.0 0.9179006330668926
705.0 0.6021580658853054
706.0 0.39571598172187805
707.0 0.22660638205707073
708.0 0.18605674849823117
709.0 0.1343723153695464
710.0 0.12777707306668162
711.0 0.07062117801979184
712.0 0.0775801483541727
713.0 0.022545365209225565
714.0 0.044900403008796275
715.0 0.009696785127744079
716.0 0.03977793676313013
717.0 0.06869173957966268
718.0 0.021430864580906928
719.0 0.04142879042774439
720.0 1.6625933485850397e-10
721.0 0.004495733082876541
722.0 0.004318523133406416
723.0 0.0041413131839362904
724.0 0.0038304391637211666
725.0 0.003519564779708162
726.0 0.003342833952046931
727.0 0.003166102396789938
728.0 0.003021778138645459
729.0 0.002877453516703099
730.0 0.002674937422852963
731.0 0.0024724213290028274
732.0 0.0023833519662730396
733.0 0.0022942829673411325
734.0 0.0022074655134929344
735.0 0.002120648423442617
736.0 0.0019978424461442046
737.0 0.0018750368326436728
738.0 0.0017637243217905052
739.0 0.0016524118109373376
740.0 0.0016112284356495366
741.0 0.0015700448784627952
742.0 0.0015311372408177704
743.0 0.001492229330324335
744.0 0.0015394867659779266
745.0 0.0015867442925809883
746.0 0.0014309069229057059
747.0 0.001275069280382013
748.0 0.0012709431757684797
749.0 0.0012668171621044166
750.0 0.0012232826520630624
751.0 0.0011797484148701187
752.0 0.0011476715371827595
753.0 0.0011155948413943406
754.0 0.0011616953088378068
755.0 0.0012077958672307432
756.0 0.0011512496712384745
757.0 0.001094703566195676
758.0 0.001121723198593827
759.0 0.001148742921941448
760.0 0.0011357691619195975
761.0 0.0011227954928472172
762.0 0.0009990540092985611
763.0 0.0008753127076488454
764.0 0.0009663485798228066
765.0 0.0010573843610472977
766.0 0.0008877166692400351
767.0 0.0007180489774327725
768.0 0.0007354967692663195
769.0 0.0007529444246756611
770.0 0.0007852290764276404
771.0 0.0008175136827048846
772.0 0.0008921683729568031
773.0 0.0009668228813097812
774.0 0.0009643751582188997
775.0 0.0009619274351280183
776.0 0.0009540263818053063
777.0 0.0009461257832299452
778.0 0.0008125691238092259
779.0 0.0006790126917621819
780.0 0.0007028432264633011
781.0 0.0007266738066391554
782.0 0.0007779853149258997
783.0 0.0008292970960610546
784.0 0.0007648142855032347
785.0 0.0007003314294706797
786.0 0.00073524824983906
787.0 0.0007701651156821754
788.0 0.0006593542366317706
789.0 0.000548543448530836
790.0 0.000563702315048431
791.0 0.0005788612270407612
792.0 0.0005424047685664846
793.0 0.000505948310092208
794.0 0.0006267878688959172
795.0 0.0007476274731743615
796.0 0.0005945010343566537
797.0 0.00044137464101368096
798.0 0.0005354778750188416
799.0 0.0006295811999734724
800.0 0.000648481591269956
801.0 0.000667381709718029
802.0 0.0006819606369390385
803.0 0.0006965396096347831
804.0 0.0006768159437342547
805.0 0.0006570923233084613
806.0 0.0006368834874592721
807.0 0.0006166746061353479
808.0 0.0006603672318306053
809.0 0.0007040598120511277
810.0 0.0007164780072344001
811.0 0.0007288959295692621
812.0 0.0005904350473429076
813.0 0.0004519738467934076
814.0 0.0005120662081026239
815.0 0.0005721584784623701
816.0 0.0007144102710299194
817.0 0.0008566621545469388
818.0 0.0006766921160306083
819.0 0.0004967221229890129
820.0 0.0006020561158948112
821.0 0.0007073900178511394
822.0 0.0006734245744155487
823.0 0.0006394592674041633
824.0 0.0005956575478194281
825.0 0.000551855782759958
826.0 0.0005198546205065213
827.0 0.0004878534127783496
828.0 0.00045087176658853423
829.0 0.00041389021134818904
830.0 0.00016198947605516878
831.0 1.6625933485850397e-10
832.0 1.6625933485850397e-10
833.0 1.6625933485850397e-10
834.0 1.6625933485850397e-10
835.0 5.918696999174244e-06
836.0 1.6625933485850397e-10
837.0 1.6625933485850397e-10
838.0 0.0005800610779260751
839.0 0.0011723870557034388
840.0 0.001472765416110633
841.0 0.0017731439584167674
842.0 0.002232438600913156
843.0 0.0026917334253084846
844.0 0.0029017439374001697
845.0 0.003111754631390795
846.0 0.0031837858841754496
847.0 0.003255817136960104
848.0 0.0030034769224585034
849.0 0.002751136889855843
850.0 0.002311721800651867
851.0 0.0018723068933468312
852.0 0.0016541491277166642
853.0 0.0014359913620864972
854.0 0.0011482520676509012
855.0 0.0008605127732153051
856.0 0.0007398754860332701
857.0 0.000619238107901765
858.0 0.0004916113084618701
859.0 0.00036398464544618037
860.0 0.0003401153890081332
861.0 0.00031624617804482114
862.0 0.0003441179387664306
863.0 0.00037198965401330497
864.0 0.00029615384846692905
865.0 0.00022031808839528821
866.0 0.0002587154313005158
867.0 0.00029711277420574334
868.0 0.00016719479845050955
869.0 3.727679711573728e-05
870.0 0.00010536447234699153
871.0 0.00017345214473607484
872.0 0.00020854122340097092
873.0 0.00024363032480323454
874.0 0.00022242143131734338
875.0 0.00020121249235671712
876.0 0.0001054332187777618
877.0 9.653959409661184e-06
878.0 8.797901500656735e-05
879.0 0.000166304096183012
880.0 0.00014418139926419826
881.0 0.00012205872508275206
882.0 0.00013675218042408233
883.0 0.00015144565850278013
884.0 0.00011923400506930193
885.0 8.702235163582372e-05
886.0 0.00016323971294696094
887.0 0.00023945706288941437
888.0 0.00024111382117553148
889.0 0.00024277062493638368
890.0 0.00019061483271798352
891.0 0.00013845905186826712
892.0 0.00013811104508931749
893.0 0.00013776303831036785
894.0 8.796884003459127e-05
895.0 3.81746360744728e-05
896.0 1.299924576869671e-05
897.0 1.6625933485850397e-10
898.0 6.16293576172211e-06
899.0 2.4502031692463788e-05
900.0 1.6625933485850397e-10
