lsstCam/transmission_filter_detector/r30_s22/r_57/19700101T000000.ecsv
# %ECSV 1.0
# ---
# datatype:
# - {name: wavelength, unit: nm, datatype: float32}
# - {name: efficiency, unit: '%', datatype: float64}
# meta: !!omap
# - {MODE: DETECTOR}
# - {TYPE: transmission_filter_detector}
# - {CALIBDATE: '1970-01-01T00:00:00'}
# - {INSTRUME: LSSTCam}
# - {OBSTYPE: transmission_filter_detector}
# - {CALIBCLS: lsst.ip.isr.IntermediateFilterDetectorTransmissionCurve}
# - {SOURCE: Materion (DM-46256)}
# - {DETECTOR: 125}
# - {FILTER: r_57}
# - {CALIB_ID: 'calibDate=1970-01-01T00:00:00 filter=r_57 detector=125'}
# - {DATE: '2025-04-02T15:59:44.761427'}
# - {CALIB_CREATION_DATE: '2025-04-02'}
# - {CALIB_CREATION_TIME: '15:59:44'}
# - __serialized_columns__:
#     efficiency:
#       __class__: astropy.units.quantity.Quantity
#       unit: !astropy.units.Unit {unit: '%'}
#       value: !astropy.table.SerializedColumn {name: efficiency}
#     wavelength:
#       __class__: astropy.units.quantity.Quantity
#       unit: !astropy.units.Unit {unit: nm}
#       value: !astropy.table.SerializedColumn {name: wavelength}
# schema: astropy-2.0
wavelength efficiency
[from data line 602]
902.0 1.6625933485850397e-10
903.0 1.6625933485850397e-10
904.0 1.9908033266347047e-05
905.0 9.71012127592985e-05
906.0 7.869124374337844e-05
907.0 6.028128041180025e-05
908.0 0.00012187762195026153
909.0 0.00018347393506701337
910.0 9.268554208574642e-05
911.0 1.8971322290894932e-06
912.0 9.216308285431296e-05
913.0 0.000182429039341514
914.0 0.00014500701581710018
915.0 0.0001075849809240026
916.0 6.13276718297584e-07
917.0 1.6625933485850397e-10
918.0 4.571697687083542e-06
919.0 0.00011550183671715786
920.0 0.0001550804313410481
921.0 0.00019465901459625456
922.0 0.00018991419210578897
923.0 0.00018516934687795583
924.0 0.00021879181986150797
925.0 0.00025241424737032503
926.0 0.00017692317442197236
927.0 0.00010143211284230347
928.0 0.0001436315415048739
929.0 0.00018583095879876055
930.0 0.00018953065819005133
931.0 0.00019323033484397456
932.0 0.00010947785540338373
933.0 2.572537027845101e-05
934.0 4.773596273821568e-06
935.0 1.6625933485850397e-10
936.0 1.6625933485850397e-10
937.0 1.6625933485850397e-10
938.0 1.6625933485850397e-10
939.0 1.6625933485850397e-10
940.0 1.6625933485850397e-10
941.0 4.998933604838385e-05
942.0 0.00019840551885863533
943.0 0.00034682168461586116
944.0 0.0003595493126340443
945.0 0.00037227687244012486
946.0 0.000499868883707677
947.0 0.0006274609404499643
948.0 0.00043773229663202073
949.0 0.00024800381197565
950.0 0.00031272425076167565
951.0 0.00037744466681033373
952.0 0.0005061324372945819
953.0 0.0006348202987283003
954.0 0.0008032798177737277
955.0 0.0009717396096675657
956.0 0.0011136064131278545
957.0 0.0012554732165881433
958.0 0.0014848271348455455
959.0 0.0017141810531029478
960.0 0.0018887505575548857
961.0 0.0020633198801078834
962.0 0.0021491261577466503
963.0 0.0022349320715875365
964.0 0.0022914226065040566
965.0 0.002347913323319517
966.0 0.0023526186851086095
967.0 0.002357324046897702
968.0 0.002281516935909167
969.0 0.0022057096430216916
970.0 0.002262093221361283
971.0 0.0023184766178019345
972.0 0.0024663238946232013
973.0 0.002614171171444468
974.0 0.0028207074137753807
975.0 0.003027244019904174
976.0 0.003093711711699143
977.0 0.0031601790396962315
978.0 0.003152222416247241
979.0 0.0031442650652024895
980.0 0.003198243211954832
981.0 0.0032522217225050554
982.0 0.003270723027526401
983.0 0.003289223968749866
984.0 0.0031760202546138316
985.0 0.0030628165404777974
986.0 0.002928490357589908
987.0 0.002794164356600959
988.0 0.002745771416812204
989.0 0.0026973788408213295
990.0 0.0027084630346507765
991.0 0.0027195472284802236
992.0 0.002618607868498657
993.0 0.0025176685085170902
994.0 0.002542875154176727
995.0 0.0025680821636342444
996.0 0.0026193898520432413
997.0 0.002670697904250119
998.0 0.002811097147059627
999.0 0.002951496389869135
1000.0 0.0030083991077844985
1001.0 0.0030653020075988024
1002.0 0.003278952863183804
1003.0 0.0034926037187688053
1004.0 0.003616259346017614
1005.0 0.0037399142456706613
1006.0 0.003890570587827824
1007.0 0.004041226929984987
1008.0 0.004129823355469853
1009.0 0.004218419780954719
1010.0 0.00417090232076589
1011.0 0.004123384860577062
1012.0 0.004132882168050855
1013.0 0.004142379111726768
1014.0 0.00401736942876596
1015.0 0.0038923597458051518
1016.0 0.0035086635762127116
1017.0 0.0031249674066202715
1018.0 0.002873323865060229
1019.0 0.002621680141601246
1020.0 0.00237445692619076
1021.0 0.002127233165083453
1022.0 0.001806763611966744
1023.0 0.0014862938769510947
1024.0 0.001344825705018593
1025.0 0.0012033578059345018
1026.0 0.0010460628800501581
1027.0 0.0008887681360647548
1028.0 0.000906789045984624
1029.0 0.0009248099559044931
1030.0 0.0009010616849991493
1031.0 0.0008773135050432757
1032.0 0.0007989677214936819
1033.0 0.000720621892469353
1034.0 0.0006452770321629941
1035.0 0.0005699321263819002
1036.0 0.0005733115813200129
1037.0 0.0005766910362581257
1038.0 0.0007564725365227787
1039.0 0.0009362540367874317
1040.0 0.0008244471246143803
1041.0 0.0007126399850676535
1042.0 0.0007704869858571328
1043.0 0.0008283339411718771
1044.0 0.0008230812454712577
1045.0 0.0008178285497706383
1046.0 0.0007696330612816382
1047.0 0.0007214377546915784
1048.0 0.0006341211246763123
1049.0 0.0005468046310852515
1050.0 0.0008007028554857243
1051.0 0.0010546009434619918
1052.0 0.0010018992725235876
1053.0 0.0009491972377873026
1054.0 0.0009716886779642664
1055.0 0.0009941801181412302
1056.0 0.0009762336048879661
1057.0 0.0009582870916347019
1058.0 0.0010839434253284708
1059.0 0.0012095995771232992
1060.0 0.0011744299627025612
1061.0 0.001139260257332353
1062.0 0.001135856109613087
1063.0 0.0011324519618938211
1064.0 0.0013926083738624584
1065.0 0.0016527648767805658
1066.0 0.001975131090148352
1067.0 0.0022974969397182576
1068.0 0.002311018033651635
1069.0 0.0023245385818881914
1070.0 0.0021318610379239544
1071.0 0.0019391834939597175
1072.0 0.002202386167482473
1073.0 0.002465589022904169
1074.0 0.0023834894818719476
1075.0 0.0023013899408397265
1076.0 0.002209689046139829
1077.0 0.0021179877876420505
1078.0 0.002840436172846239
1079.0 0.003562884739949368
1080.0 0.0037349807826103643
1081.0 0.00390707646147348
1082.0 0.003960408866987564
1083.0 0.004013740544905886
1084.0 0.0039199661841848865
1085.0 0.003826191823463887
1086.0 0.004438859468791634
1087.0 0.005051527114119381
1088.0 0.004498965063248761
1089.0 0.003946403376176022
1090.0 0.0031482893973588943
1091.0 0.0023501752366428263
1092.0 0.003225854379707016
1093.0 0.004101533704670146
1094.0 0.0037289639294613153
1095.0 0.003356394518050365
1096.0 0.00338353420374915
1097.0 0.0034106742532458156
1098.0 0.0028636390197789297
1099.0 0.0023166041501099244
1100.0 0.0016536656403332017
1101.0 0.0009907268577080686
