lsstCam/transmission_filter_detector/r33_s12/y_10/19700101T000000.ecsv
# %ECSV 1.0
# ---
# datatype:
# - {name: wavelength, unit: nm, datatype: float32}
# - {name: efficiency, unit: '%', datatype: float64}
# meta: !!omap
# - {MODE: DETECTOR}
# - {TYPE: transmission_filter_detector}
# - {CALIBDATE: '1970-01-01T00:00:00'}
# - {INSTRUME: LSSTCam}
# - {OBSTYPE: transmission_filter_detector}
# - {CALIBCLS: lsst.ip.isr.IntermediateFilterDetectorTransmissionCurve}
# - {SOURCE: Materion (DM-46256)}
# - {DETECTOR: 149}
# - {FILTER: y_10}
# - {CALIB_ID: 'calibDate=1970-01-01T00:00:00 filter=y_10 detector=149'}
# - {DATE: '2025-04-02T15:59:51.434214'}
# - {CALIB_CREATION_DATE: '2025-04-02'}
# - {CALIB_CREATION_TIME: '15:59:51'}
# - __serialized_columns__:
#     efficiency:
#       __class__: astropy.units.quantity.Quantity
#       unit: !astropy.units.Unit {unit: '%'}
#       value: !astropy.table.SerializedColumn {name: efficiency}
#     wavelength:
#       __class__: astropy.units.quantity.Quantity
#       unit: !astropy.units.Unit {unit: nm}
#       value: !astropy.table.SerializedColumn {name: wavelength}
# schema: astropy-2.0
wavelength efficiency
[from data line 577]
877.0 0.0023240219888975844
878.0 0.0023859747670940123
879.0 0.0015859845007071272
880.0 0.07272046059370041
881.0 0.09122148621827364
882.0 0.06342755514197052
883.0 0.07931138388812542
884.0 0.06933857803232968
885.0 0.09072244283743203
886.0 0.07127468124963343
887.0 0.10098859202116728
888.0 0.07483791559934616
889.0 0.1008269377052784
890.0 0.06253474275581539
891.0 0.09117918089032173
892.0 0.07772062090225518
893.0 0.09810011833906174
894.0 0.07009555120021105
895.0 0.0915584503673017
896.0 0.07695836247876287
897.0 0.12178887845948339
898.0 0.092374999076128
899.0 0.1386793563142419
900.0 0.10804689954966307
901.0 0.14913647901266813
902.0 0.1449962961487472
903.0 0.170639727730304
904.0 0.20020445808768272
905.0 0.25073722936213017
906.0 0.2791573526337743
907.0 0.35921207163482904
908.0 0.49044443294405937
909.0 0.6552858278155327
910.0 0.943399965763092
911.0 1.3051395304501057
912.0 1.9513461738824844
913.0 2.8866203501820564
914.0 4.0629081428050995
915.0 5.7610884308815
916.0 7.856385409832001
917.0 10.200141370296478
918.0 12.875261902809143
919.0 15.457361936569214
920.0 18.894925713539124
921.0 22.412969172000885
922.0 25.91153085231781
923.0 30.101695656776428
924.0 34.631821513175964
925.0 39.707714319229126
926.0 45.85241377353668
927.0 52.51268744468689
928.0 58.464789390563965
929.0 64.92471098899841
930.0 70.61271667480469
931.0 76.3335108757019
932.0 81.54077529907227
933.0 86.02694272994995
934.0 89.31688666343689
935.0 91.70060753822327
936.0 93.54831576347351
937.0 94.83813047409058
938.0 95.65770626068115
939.0 96.12322449684143
940.0 96.45999073982239
941.0 96.63705229759216
942.0 96.90021276473999
943.0 97.02695608139038
944.0 97.28683829307556
945.0 97.20581769943237
946.0 97.27093577384949
947.0 97.27732539176941
948.0 97.43055701255798
949.0 97.30680584907532
950.0 97.45609164237976
951.0 97.48929738998413
952.0 97.55471348762512
953.0 97.77026176452637
954.0 97.88925647735596
955.0 97.96984791755676
956.0 98.11243414878845
957.0 98.3320951461792
958.0 98.4875738620758
959.0 98.54549169540405
960.0 98.68175983428955
961.0 98.7693727016449
962.0 98.77213835716248
963.0 98.80608916282654
964.0 98.8621711730957
965.0 98.86386394500732
966.0 98.9193320274353
967.0 98.99629950523376
968.0 98.97063374519348
969.0 98.99258017539978
970.0 99.05407428741455
971.0 99.08314347267151
972.0 99.15356040000916
973.0 99.21649694442749
974.0 99.22524094581604
975.0 99.23866987228394
976.0 99.2746889591217
977.0 99.23677444458008
978.0 99.31755661964417
979.0 99.22676682472229
980.0 99.208664894104
981.0 99.1266667842865
982.0 99.07803535461426
983.0 99.11343455314636
984.0 99.03834462165833
985.0 99.05668497085571
986.0 98.92138242721558
987.0 98.97390604019165
988.0 98.85672926902771
989.0 98.87759685516357
990.0 98.82299304008484
991.0 98.86500835418701
992.0 98.91210198402405
993.0 98.89451861381531
994.0 98.85620474815369
995.0 98.9243745803833
996.0 98.89636039733887
997.0 99.0109920501709
998.0 99.03925657272339
999.0 99.07023906707764
1000.0 99.13363456726074
1001.0 99.08902645111084
1002.0 99.19163584709167
1003.0 99.21395778656006
1004.0 99.30880665779114
1005.0 99.21690821647644
1006.0 99.35828447341919
1007.0 99.35711026191711
1008.0 99.30581450462341
1009.0 99.23989176750183
1010.0 99.25065636634827
1011.0 99.30969476699829
1012.0 99.18267726898193
1013.0 99.19264912605286
1014.0 99.1767406463623
1015.0 99.11545515060425
1016.0 99.12048578262329
1017.0 99.1472065448761
1018.0 99.13478493690491
1019.0 99.07553791999817
1020.0 99.14836287498474
1021.0 99.31774139404297
1022.0 99.17440414428711
1023.0 99.18623566627502
1024.0 99.19490218162537
1025.0 99.16155338287354
1026.0 99.21270608901978
1027.0 99.3245780467987
1028.0 99.25010800361633
1029.0 99.34046864509583
1030.0 99.36419129371643
1031.0 99.3223786354065
1032.0 99.40135478973389
1033.0 99.37381148338318
1034.0 99.3750512599945
1035.0 99.40577745437622
1036.0 99.35835003852844
1037.0 99.33931231498718
1038.0 99.2961049079895
1039.0 99.29693937301636
1040.0 99.2096483707428
1041.0 99.25797581672668
1042.0 99.28274154663086
1043.0 99.16438460350037
1044.0 99.25270676612854
1045.0 98.98312091827393
1046.0 99.18197393417358
1047.0 99.11954402923584
1048.0 99.12188649177551
1049.0 99.06458258628845
1050.0 98.98979663848877
1051.0 99.0077018737793
1052.0 99.02931451797485
1053.0 98.96043539047241
1054.0 99.25444722175598
1055.0 99.31170344352722
1056.0 99.11010265350342
1057.0 99.15504455566406
1058.0 98.96116852760315
1059.0 99.03721809387207
1060.0 99.12369847297668
1061.0 99.08973574638367
1062.0 99.14243817329407
1063.0 99.09569025039673
1064.0 99.22960996627808
1065.0 99.16212558746338
1066.0 99.1711974143982
1067.0 99.18936491012573
1068.0 99.12833571434021
1069.0 99.04127717018127
1070.0 99.17371869087219
1071.0 99.06272888183594
1072.0 99.0760862827301
1073.0 99.24649596214294
1074.0 99.02185201644897
1075.0 98.89312982559204
1076.0 98.76483082771301
1077.0 99.0214467048645
1078.0 99.28402900695801
1079.0 98.81747961044312
1080.0 99.49302077293396
1081.0 98.8641083240509
1082.0 98.86690378189087
1083.0 98.77299070358276
1084.0 99.02327060699463
1085.0 99.03220534324646
1086.0 98.77430200576782
1087.0 99.06309843063354
1088.0 98.6368477344513
1089.0 98.69587421417236
1090.0 98.8976001739502
1091.0 99.04325604438782
1092.0 98.78310561180115
1093.0 98.88133406639099
1094.0 98.66257905960083
1095.0 98.46637845039368
1096.0 98.63889217376709
1097.0 98.37446212768555
1098.0 97.97256588935852
1099.0 98.88162016868591
1100.0 98.34646582603455
