lsstCam/transmission_filter_detector/r33_s12/y_10/19700101T000000.ecsv
# %ECSV 1.0
# ---
# datatype:
# - {name: wavelength, unit: nm, datatype: float32}
# - {name: efficiency, unit: '%', datatype: float64}
# meta: !!omap
# - {MODE: DETECTOR}
# - {TYPE: transmission_filter_detector}
# - {CALIBDATE: '1970-01-01T00:00:00'}
# - {INSTRUME: LSSTCam}
# - {OBSTYPE: transmission_filter_detector}
# - {CALIBCLS: lsst.ip.isr.IntermediateFilterDetectorTransmissionCurve}
# - {SOURCE: Materion (DM-46256)}
# - {DETECTOR: 149}
# - {FILTER: y_10}
# - {CALIB_ID: 'calibDate=1970-01-01T00:00:00 filter=y_10 detector=149'}
# - {DATE: '2025-04-02T15:59:51.434214'}
# - {CALIB_CREATION_DATE: '2025-04-02'}
# - {CALIB_CREATION_TIME: '15:59:51'}
# - __serialized_columns__:
#     efficiency:
#       __class__: astropy.units.quantity.Quantity
#       unit: !astropy.units.Unit {unit: '%'}
#       value: !astropy.table.SerializedColumn {name: efficiency}
#     wavelength:
#       __class__: astropy.units.quantity.Quantity
#       unit: !astropy.units.Unit {unit: nm}
#       value: !astropy.table.SerializedColumn {name: wavelength}
# schema: astropy-2.0
wavelength efficiency
300.0 0.017888595175463706
301.0 0.022230029571801424
302.0 0.026571459602564573
303.0 0.0232809383305721
304.0 0.0199904156033881
305.0 0.016017993038985878
306.0 0.01204556756420061
307.0 0.011383181117707863
308.0 0.010720795398810878
309.0 0.009059242438524961
310.0 0.00739769238862209
311.0 0.004496235123951919
312.0 0.0015947800420690328
313.0 0.0063302621128968894
314.0 0.011065744183724746
315.0 0.006676328484900296
316.0 0.002286910967086442
317.0 0.003880383155774325
318.0 0.00547385607205797
319.0 0.002487617894075811
320.0 1.6082341621620477e-10
321.0 1.6082341621620477e-10
322.0 0.0004098573754163226
323.0 0.002349682108615525
324.0 0.004289506614441052
325.0 0.0027058133127866313
326.0 0.0011221203749300912
327.0 0.0015892863302724436
328.0 0.0020564521037158556
329.0 0.002855711863958277
330.0 0.003654971078503877
331.0 0.0028265400032978505
332.0 0.0019981092918897048
333.0 0.0024468165065627545
334.0 0.002895523539336864
335.0 0.0019690611225087196
336.0 0.0010425987056805752
337.0 0.001468261416448513
338.0 0.0018939243091153912
339.0 0.00143773177114781
340.0 0.0009815395060286392
341.0 0.00090213934527128
342.0 0.0008227390026149806
343.0 0.0010079885214508977
344.0 0.0011932379493373446
345.0 0.000819873639557045
346.0 0.00044650942072621547
347.0 0.0008767096005612984
348.0 0.0013069099622953217
349.0 0.000959618864726508
350.0 0.0006123278581071645
351.0 0.0007158778771554353
352.0 0.000819427896203706
353.0 0.0012647906260099262
354.0 0.0017101532648666762
355.0 0.0017811244106269442
356.0 0.0018520955563872121
357.0 0.001522433194622863
358.0 0.001192771287605865
359.0 0.0009612899702915456
360.0 0.0007298089713003719
361.0 0.0005620493084279587
362.0 0.00039428973650501575
363.0 0.0006597755145776318
364.0 0.000925261338124983
365.0 0.001184912798635196
366.0 0.0014445641681959387
367.0 0.0018504097170080058
368.0 0.002256255174870603
369.0 0.0018786458895192482
370.0 0.0015010369679657742
371.0 0.0012956831596966367
372.0 0.0010903294423769694
373.0 0.0014561926946043968
374.0 0.0018220556739834137
375.0 0.0027553640393307433
376.0 0.003688672586577013
377.0 0.003962292612413876
378.0 0.004235913002048619
379.0 0.0038757603761041537
380.0 0.003515608113957569
381.0 0.00271660082944436
382.0 0.0019175933630322106
383.0 0.0014096180166234262
384.0 0.0009016424883157015
385.0 0.0008239368980866857
386.0 0.0007462312169081997
387.0 0.0005565336778090568
388.0 0.0003668360250230762
389.0 0.0004914705186820356
390.0 0.0006161050805530977
391.0 0.0006800552910135593
392.0 0.0007440054559992859
393.0 0.0007478270617866656
394.0 0.00075164853114984
395.0 0.0006541533366544172
396.0 0.0005566580512095243
397.0 0.0006581012712558731
398.0 0.0007595443548780167
399.0 0.0008238282134698238
400.0 0.0008881117537384853
401.0 0.0012529934792837594
402.0 0.0016178752048290335
403.0 0.0017603966625756584
404.0 0.0019029181203222834
405.0 0.0017561176719027571
406.0 0.001609317223483231
407.0 0.001567301296745427
408.0 0.0015252851881086826
409.0 0.0013408037375484128
410.0 0.0011563222869881429
411.0 0.0012720091035589576
412.0 0.0013876960110792425
413.0 0.0012409476767061278
414.0 0.0010941994332824834
415.0 0.0009387860700371675
416.0 0.0007833726158423815
417.0 0.00040695131247048266
418.0 3.0529918149113655e-05
419.0 1.6082341621620477e-10
420.0 1.6082341621620477e-10
421.0 1.6082341621620477e-10
422.0 1.6082341621620477e-10
423.0 0.00026726690975920064
424.0 0.0007702732546022162
425.0 0.0002972728680106229
426.0 1.6082341621620477e-10
427.0 0.0005156875886314083
428.0 0.0012071025594195817
429.0 0.00043800778257718775
430.0 1.6082341621620477e-10
431.0 1.6082341621620477e-10
432.0 1.6082341621620477e-10
433.0 1.6082341621620477e-10
434.0 1.6082341621620477e-10
435.0 1.6082341621620477e-10
436.0 0.00017725775478538708
437.0 0.00017393689404343604
438.0 0.00017061605603885255
439.0 0.0005670608061336679
440.0 0.0009635054993850645
441.0 0.0006097594905440928
442.0 0.0002560137772888993
443.0 0.0003712606712724664
444.0 0.0004865074970439309
445.0 0.0003399650267965626
446.0 0.0001934224655997241
447.0 0.000641143788016052
448.0 0.0010888652468565851
449.0 0.0005851711648574565
450.0 8.14769521184644e-05
451.0 0.00014485078736470314
452.0 0.00020822467377001885
453.0 1.6082341621620477e-10
454.0 1.6082341621620477e-10
455.0 0.00038039684113755357
456.0 0.001111146411858499
457.0 0.0005849496574228397
458.0 5.875274382560747e-05
459.0 5.560507361224154e-05
460.0 5.245752277005522e-05
461.0 0.00011495629905766691
462.0 0.00017745525155987707
463.0 0.0002551317493271199
464.0 0.00033280823572567897
465.0 0.000537127880306798
466.0 0.0007414476385747548
467.0 0.0010997423487424385
468.0 0.0014580372408090625
469.0 0.0015802159396116622
470.0 0.001702394729363732
471.0 0.0017597783880773932
472.0 0.0018171620467910543
473.0 0.0020132270947215147
474.0 0.002209292142651975
475.0 0.0026215091565973125
476.0 0.0030337263524415903
477.0 0.003012879278685432
478.0 0.0029920320230303332
479.0 0.0036881545383948833
480.0 0.004384277053759433
481.0 0.004762116805068217
482.0 0.005139956920174882
483.0 0.004474283196032047
484.0 0.003808609108091332
485.0 0.0036349771107779816
486.0 0.003461345113464631
487.0 0.0031540261261397973
488.0 0.0028467076845117845
489.0 0.0025979237761930563
490.0 0.0023491402316722088
491.0 0.002165606929338537
492.0 0.0019820736270048656
493.0 0.001774242082319688
494.0 0.0015664101738366298
495.0 0.0016261574273812585
496.0 0.0016859044990269467
497.0 0.0016222344129346311
498.0 0.0015585646906401962
499.0 0.0019167822756571695
500.0 0.002275000042573083
501.0 0.00247183270403184
502.0 0.002668665547389537
503.0 0.002875229256460443
504.0 0.003081792965531349
505.0 0.002721736382227391
506.0 0.0023616801627213135
507.0 0.0023923636035760865
508.0 0.0024230472263297997
509.0 0.00217842280108016
510.0 0.0019337987396284007
511.0 0.0018950589947053231
512.0 0.0018563190678833053
513.0 0.0020361796487122774
514.0 0.0022160405933391303
515.0 0.001713695928629022
516.0 0.0012113510820199735
517.0 0.0014597348126699217
518.0 0.0017081183614209294
519.0 0.0014228657164494507
520.0 0.0011376131624274421
521.0 0.0012934462574776262
522.0 0.0014492793525278103
523.0 0.001752272692101542
524.0 0.0020552659407258034
525.0 0.0022345346224028617
526.0 0.00241380330407992
527.0 0.0022481455744127743
528.0 0.0020824878447456285
529.0 0.0022380680093192495
530.0 0.0023936481738928705
531.0 0.0021790438040625304
532.0 0.0019644396161311306
533.0 0.001951974627445452
534.0 0.0019395094568608329
535.0 0.0017939515601028688
536.0 0.0016483938452438451
537.0 0.001884615448943805
538.0 0.0021208370526437648
539.0 0.0024710727302590385
540.0 0.002821308225975372
541.0 0.003553748319973238
542.0 0.004286188413971104
543.0 0.0045246441004564986
544.0 0.004763099786941893
545.0 0.005005652928957716
546.0 0.005248206070973538
547.0 0.0047141918912529945
548.0 0.00418017698393669
549.0 0.0033815143979154527
550.0 0.0025828521756920964
551.0 0.0023830045392969623
552.0 0.0021831570848007686
553.0 0.002410616616543848
554.0 0.002638076330185868
555.0 0.003424664100748487
556.0 0.004211251507513225
557.0 0.004299105785321444
558.0 0.004386960426927544
559.0 0.0040695515053812414
560.0 0.0037521425838349387
561.0 0.0037929061363684013
562.0 0.0038336700526997447
563.0 0.0036427627492230386
564.0 0.0034518554457463324
565.0 0.0033011157938744873
566.0 0.003150376142002642
567.0 0.0036123612517258152
568.0 0.004074346361448988
569.0 0.004653778887586668
570.0 0.005233211777522229
571.0 0.005664578202413395
572.0 0.006095944991102442
573.0 0.006326379661913961
574.0 0.00655681433272548
575.0 0.006346054578898475
576.0 0.00613529555266723
577.0 0.005808553396491334
578.0 0.005481811604113318
579.0 0.00545639377378393
580.0 0.005430975943454541
581.0 0.006265708361752331
582.0 0.0071004404162522405
583.0 0.00811431382317096
584.0 0.00912818723008968
585.0 0.009564543870510533
586.0 0.010000900510931388
587.0 0.010368760558776557
588.0 0.01073662206181325
589.0 0.010734350507846102
590.0 0.010732082591857761
591.0 0.010211682820226997
592.0 0.009691283776191995
593.0 0.008341413922607899
594.0 0.006991545524215326
595.0 0.006125806248746812
596.0 0.0052600687922677025
597.0 0.005693532148143277
598.0 0.00612699514022097
599.0 0.007003067003097385
600.0 0.007879138138378039
601.0 0.008914306090446189
602.0 0.009949472587322816
603.0 0.010212401684839278
604.0 0.010475331509951502
605.0 0.010663981083780527
606.0 0.01085262920241803
607.0 0.009953261906048283
608.0 0.009053894609678537
609.0 0.0075526899308897555
610.0 0.006051485615898855
611.0 0.00478966067021247
612.0 0.003527835724526085
613.0 0.0033558586437720805
614.0 0.003183881563018076
615.0 0.004164240453974344
616.0 0.005144599708728492
617.0 0.006557980668731034
618.0 0.007971360173542053
619.0 0.009025749750435352
620.0 0.010080140054924414
621.0 0.0106010542367585
622.0 0.011121966235805303
623.0 0.011593088856898248
624.0 0.012064207112416625
625.0 0.011218922736588866
626.0 0.010373637633165345
627.0 0.008381397492485121
628.0 0.006389158079400659
629.0 0.005021889592171647
630.0 0.0036546211049426347
631.0 0.0030541705200448632
632.0 0.002453720117046032
633.0 0.002444486744934693
634.0 0.0024352531909244135
635.0 0.0028364889658405446
636.0 0.003237724376958795
637.0 0.0035546134313335642
638.0 0.003871502121910453
639.0 0.004563066977425478
640.0 0.005254632196738385
641.0 0.005282699203235097
642.0 0.0053107665735296905
643.0 0.0056998418585862964
644.0 0.006088917143642902
645.0 0.005366306140786037
646.0 0.004643695137929171
647.0 0.004115436240681447
648.0 0.003587176979635842
649.0 0.002839178705471568
650.0 0.002091180249408353
651.0 0.0017648899302002974
652.0 0.0014385993381438311
653.0 0.0014624696632381529
654.0 0.0014863399883324746
655.0 0.001407840409228811
656.0 0.0013293408301251475
657.0 0.001453350796509767
658.0 0.0015773606719449162
659.0 0.0016397036233684048
660.0 0.001702046938589774
661.0 0.0016149326256709173
662.0 0.0015278183127520606
663.0 0.0017731623302097432
664.0 0.002018505983869545
665.0 0.0026430228899698704
666.0 0.0032675397960701957
667.0 0.003764905341085978
668.0 0.004262271249899641
669.0 0.004943598105455749
670.0 0.00562492641620338
671.0 0.006322318222373724
672.0 0.0070197085733525455
673.0 0.007375908171525225
674.0 0.007732107769697905
675.0 0.007706147152930498
676.0 0.007680186536163092
677.0 0.006427979678846896
678.0 0.005175772093934938
679.0 0.003765584187931381
680.0 0.0023553961000288837
681.0 0.0014209669643605594
682.0 0.0004865381470153807
683.0 0.0004039152372570243
684.0 0.00032129237297340296
685.0 0.00019641431663330877
686.0 7.153630008360778e-05
687.0 0.0001389801127515966
688.0 0.0002064238515231409
689.0 0.00028030676730850246
690.0 0.00035418966035649646
691.0 0.00016342763728971477
692.0 1.6082341621620477e-10
693.0 0.0002859842425095849
694.0 0.0005993031209072797
695.0 0.00042343049244664144
696.0 0.0002475580004102085
697.0 0.00015441972891494515
698.0 6.128154268481012e-05
699.0 0.00012384033425405505
700.0 0.00018639925656316336
701.0 0.00028872268558188807
702.0 0.0003910460691258777
703.0 0.00021146665858395863
704.0 3.1887202567304485e-05
705.0 0.00012986641877432703
706.0 0.00022784561224398203
707.0 0.0003757108061108738
708.0 0.0005235760454525007
709.0 0.0005773631073680008
710.0 0.0006311503511824412
711.0 0.0005506259640242206
712.0 0.00047010153139126487
713.0 0.000283134659184725
714.0 9.616774150345009e-05
715.0 0.00019400483779463684
716.0 0.00029184186587372096
717.0 0.0002766930720099481
718.0 0.00026154409624723485
719.0 0.0003034704604942817
720.0 0.0003453968247413286
721.0 0.0004189265837339917
722.0 0.0004924564564134926
723.0 0.0004125998202653136
724.0 0.0003327432068545022
725.0 0.00044693729250866454
726.0 0.0005611313554254593
727.0 0.0003296214117654017
728.0 9.811160452954937e-05
729.0 0.0002168741730201873
730.0 0.0003356365823492524
731.0 0.00019159408566338243
732.0 4.755145255330717e-05
733.0 0.00026945235731545836
734.0 0.0004913535576633876
735.0 0.0004229163096169941
736.0 0.0003544791070453357
737.0 0.00012191979976705625
738.0 1.6082341621620477e-10
739.0 0.00013377414234128082
740.0 0.00037818795135535765
741.0 0.00032937566629698267
742.0 0.0002805633812386077
743.0 0.00047902140067890286
744.0 0.0006774792836949928
745.0 0.0005424743449111702
746.0 0.000407469087804202
747.0 0.00025877968710119603
748.0 0.00011009026366082253
749.0 0.0003075797621931997
750.0 0.0005050692834629444
751.0 0.0004953793450113153
752.0 0.0004856894065596862
753.0 0.0003435097369219875
754.0 0.00020133006728428882
755.0 0.00044009771045239177
756.0 0.0006788653536204947
757.0 0.00043586464926193
758.0 0.0001928641268023057
759.0 0.00021095017928018933
760.0 0.0002290361408086028
761.0 0.0006190627118485281
762.0 0.0010090891919389833
763.0 0.0007324458692892222
764.0 0.0004558023192657856
765.0 0.00021498096884897677
766.0 1.6082341621620477e-10
767.0 0.0003432983476159279
768.0 0.0007124370767996879
769.0 0.000618102831140277
770.0 0.0005237686764303362
771.0 0.0006574802682735026
772.0 0.0007911919965408742
773.0 0.0005475955276779132
774.0 0.00030399914976442233
775.0 0.0003744446985365357
776.0 0.0004448903837328544
777.0 0.00018797312577589764
778.0 1.6082341621620477e-10
779.0 0.0005591963144979673
780.0 0.0011873369658133015
781.0 0.0009092984328162856
782.0 0.0006312596269708592
783.0 0.000685505665387609
784.0 0.0007397517038043588
785.0 0.0005191576292418176
786.0 0.000298563327305601
787.0 0.0002663317673068377
788.0 0.0002341000254091341
789.0 0.000337250753545959
790.0 0.00044040143620804884
791.0 0.0004994887149223359
792.0 0.0005585759481618879
793.0 0.0007292322152352426
794.0 0.0008998884368338622
795.0 0.0007418978839268675
796.0 0.0005839071945956675
797.0 0.0006615774509555195
798.0 0.0007392475708911661
799.0 0.0005792359843326267
800.0 0.00041922444324882235
801.0 0.0006678738373011583
802.0 0.0009165232768282294
803.0 0.0008589315257268026
804.0 0.0008013397746253759
805.0 0.0007564344286947744
806.0 0.0007115290372894378
807.0 0.0002719952135521453
808.0 1.6082341621620477e-10
809.0 0.00028575759642990306
810.0 0.0007390539394691586
811.0 0.0005812754807266174
812.0 0.00042349702198407613
813.0 0.0006372120878950227
814.0 0.0008509270628564991
815.0 0.0006245733402465703
816.0 0.00039821943573770113
817.0 0.0006719422344758641
818.0 0.0009456650332140271
819.0 0.0009356762348033953
820.0 0.0009256874363927636
821.0 0.0009626697647036053
822.0 0.0009996519111155067
823.0 0.0008842523129715119
824.0 0.000768852714827517
825.0 0.0010232426575385034
826.0 0.00127763269119896
827.0 0.0007330226708290866
828.0 0.00018841259361579432
829.0 0.0004853617156186374
830.0 0.0007823108717275318
831.0 0.0007050131898722611
832.0 0.0006277156899159309
833.0 0.0008436760253971443
834.0 0.0010596360880299471
835.0 0.0011069822903664317
836.0 0.0011543284927029163
837.0 0.0006022598881827435
838.0 5.0191437139801565e-05
839.0 0.00033182379866047995
840.0 0.0006134563136583893
841.0 0.0010322561138309538
842.0 0.0014510560504277237
843.0 0.0012752644579450134
844.0 0.0010994728654623032
845.0 0.0007929981620691251
846.0 0.0004865232767770067
847.0 0.0008357133992831223
848.0 0.0011849037946376484
849.0 0.0009878259334072936
850.0 0.0007907478902779985
851.0 0.0007809314411133528
852.0 0.000771114991948707
853.0 0.0008326184797624592
854.0 0.0008941219675762113
855.0 0.0009018569471663795
856.0 0.0009095917448576074
857.0 0.0010393385309726
858.0 0.001169085044239182
859.0 0.0009697239875094965
860.0 0.0007703631126787513
861.0 0.0009985750693886075
862.0 0.0012267871170479339
863.0 0.0016380850865971297
864.0 0.0020493829651968554
865.0 0.002102766120515298
866.0 0.002156149457732681
867.0 0.0024968285288196057
868.0 0.00283750741800759
869.0 0.0027917627448914573
870.0 0.0027460180717753246
871.0 0.003271531022619456
872.0 0.003797044337261468
873.0 0.002986046820296906
874.0 0.0021750496671302244
875.0 0.002218559711764101
