lsstCam/transmission_sensor/r14_s10/19700101T000000.ecsv
# %ECSV 1.0
# ---
# datatype:
# - {name: amp_name, datatype: string}
# - {name: wavelength, unit: nm, datatype: float32}
# - {name: efficiency, unit: '%', datatype: float64}
# meta: !!omap
# - {MODE: AMP}
# - {TYPE: transmission_sensor}
# - {CALIBDATE: '1970-01-01T00:00:00'}
# - {INSTRUME: LSSTCAM}
# - {OBSTYPE: transmission_sensor}
# - {DETECTOR: 66}
# - {PARQUETFILE: qe_raft_allvalues_nircorrected_20230725.parquet}
# - {CALIBCLS: lsst.ip.isr.IntermediateSensorTransmissionCurve}
# - {CALIB_ID: 'raftName=R14 detectorName=S10 detector=66 calibDate=1970-01-01T00:00:00 ccd=66 ccdnum=66 filter=None'}
# - {DATE: '2024-01-18T22:42:25.206317'}
# - {CALIB_CREATION_DATE: '2024-01-18'}
# - {CALIB_CREATION_TIME: '22:42:25'}
# - __serialized_columns__:
#     efficiency:
#       __class__: astropy.units.quantity.Quantity
#       unit: !astropy.units.Unit {unit: '%'}
#       value: !astropy.table.SerializedColumn {name: efficiency}
#     wavelength:
#       __class__: astropy.units.quantity.Quantity
#       unit: !astropy.units.Unit {unit: nm}
#       value: !astropy.table.SerializedColumn {name: wavelength}
# schema: astropy-2.0
amp_name wavelength efficiency
C00 319.994 42.446537017822266
C00 324.969 47.95549011230469
C00 349.982 70.33405303955078
C00 374.975 74.99152374267578
C00 400.019 82.77117919921875
C00 424.965 85.3224868774414
C00 450.035 87.76603698730469
C00 475.003 89.85498809814453
C00 500.018 92.19725036621094
C00 525.002 94.56260681152344
C00 550.029 95.2685546875
C00 575.023 97.1656494140625
C00 599.982 97.87223052978516
C00 619.997 98.23876190185547
C00 624.979 99.08353424072266
C00 650.012 99.18395233154297
C00 675.004 98.55839538574219
C00 700.03 98.1998291015625
C00 725.012 97.33431243896484
C00 750.022 97.37523651123047
C00 774.987 97.56182098388672
C00 799.976 96.13480377197266
C00 824.988 94.56831359863281
C00 850.022 92.33776092529297
C00 869.967 89.20589447021484
C00 875.002 87.84259796142578
C00 899.999 82.16403198242188
C00 919.999 73.11568450927734
C00 925.012 70.35777282714844
C00 949.965 56.99036407470703
C00 975.002 42.48076629638672
C00 999.976 25.914905548095703
C00 1025.028 11.204200744628906
C00 1050.014 3.90051007270813
C00 1075.002 0.9276885305590548
C00 1099.99 0.09204440375213087
C01 319.994 42.52226257324219
C01 324.969 48.04631423950195
C01 349.982 70.55598449707031
C01 374.975 75.19322204589844
C01 400.019 82.7916259765625
C01 424.965 85.24566650390625
C01 450.035 87.6392822265625
C01 475.003 89.69036865234375
C01 500.018 92.00957489013672
C01 525.002 94.35841369628906
C01 550.029 95.06295776367188
C01 575.023 96.95249938964844
C01 599.982 97.6626205444336
C01 619.997 98.02765655517578
C01 624.979 98.87368774414062
C01 650.012 98.97718811035156
C01 675.004 98.35385131835938
C01 700.03 98.0235824584961
C01 725.012 97.22672271728516
C01 750.022 97.33880615234375
C01 774.987 97.6067123413086
C01 799.976 96.21907806396484
C01 824.988 94.64906311035156
C01 850.022 92.46134185791016
C01 869.967 89.35708618164062
C01 875.002 87.98983764648438
C01 899.999 82.22526550292969
C01 919.999 73.09517669677734
C01 925.012 70.34602355957031
C01 949.965 57.161468505859375
C01 975.002 42.65730667114258
C01 999.976 25.98004150390625
C01 1025.028 11.166244506835938
C01 1050.014 3.866715908050537
C01 1075.002 0.927340698515024
C01 1099.99 0.09200989217626887
C02 319.994 42.87307357788086
C02 324.969 48.43705368041992
C02 349.982 71.04302978515625
C02 374.975 75.55657196044922
C02 400.019 82.99356842041016
C02 424.965 85.37744903564453
C02 450.035 87.74293518066406
C02 475.003 89.77459716796875
C02 500.018 92.08133697509766
C02 525.002 94.41992950439453
C02 550.029 95.10991668701172
C02 575.023 96.99048614501953
C02 599.982 97.69083404541016
C02 619.997 98.0490951538086
C02 624.979 98.89581298828125
C02 650.012 98.99235534667969
C02 675.004 98.36129760742188
C02 700.03 98.0315933227539
C02 725.012 97.24201965332031
C02 750.022 97.36756134033203
C02 774.987 97.64563751220703
C02 799.976 96.26667785644531
C02 824.988 94.69526672363281
C02 850.022 92.53494262695312
C02 869.967 89.44563293457031
C02 875.002 88.0877456665039
C02 899.999 82.25892639160156
C02 919.999 73.03482055664062
C02 925.012 70.29258728027344
C02 949.965 57.31507110595703
C02 975.002 42.8142204284668
C02 999.976 26.02332305908203
C02 1025.028 11.136980056762695
C02 1050.014 3.8483660221099854
C02 1075.002 0.9276145225393853
C02 1099.99 0.09203706074440902
C03 319.994 43.23064041137695
C03 324.969 48.83987045288086
C03 349.982 71.62926483154297
C03 374.975 76.13578033447266
C03 400.019 83.49822235107422
C03 424.965 85.82943725585938
C03 450.035 88.16979217529297
C03 475.003 90.18696594238281
C03 500.018 92.49581909179688
C03 525.002 94.83246612548828
C03 550.029 95.51697540283203
C03 575.023 97.40638732910156
C03 599.982 98.10360717773438
C03 619.997 98.46134948730469
C03 624.979 99.30998229980469
C03 650.012 99.40263366699219
C03 675.004 98.76927947998047
C03 700.03 98.42839050292969
C03 725.012 97.61962127685547
C03 750.022 97.73299407958984
C03 774.987 97.99598693847656
C03 799.976 96.60919189453125
C03 824.988 95.03860473632812
C03 850.022 92.86465454101562
C03 869.967 89.78266906738281
C03 875.002 88.43234252929688
C03 899.999 82.59168243408203
C03 919.999 73.26879119873047
C03 925.012 70.51799011230469
C03 949.965 57.632911682128906
C03 975.002 43.03333282470703
C03 999.976 26.130216598510742
C03 1025.028 11.136865615844727
C03 1050.014 3.8552310466766357
C03 1075.002 0.9310961041647942
C03 1099.99 0.0923825000748188
C04 319.994 43.53504943847656
C04 324.969 49.184791564941406
C04 349.982 72.05059814453125
C04 374.975 76.4363784790039
C04 400.019 83.65266418457031
C04 424.965 85.91827392578125
C04 450.035 88.2346420288086
C04 475.003 90.2336196899414
C04 500.018 92.5289306640625
C04 525.002 94.85493469238281
C04 550.029 95.52947998046875
C04 575.023 97.40873718261719
C04 599.982 98.09982299804688
C04 619.997 98.44840240478516
C04 624.979 99.2942886352539
C04 650.012 99.38368225097656
C04 675.004 98.74049377441406
C04 700.03 98.3841781616211
C04 725.012 97.54888153076172
C04 750.022 97.62116241455078
C04 774.987 97.84688568115234
C04 799.976 96.44961547851562
C04 824.988 94.87598419189453
C04 850.022 92.73028564453125
C04 869.967 89.66712188720703
C04 875.002 88.31668853759766
C04 899.999 82.42061614990234
C04 919.999 73.19145965576172
C04 925.012 70.48721313476562
C04 949.965 57.61772918701172
C04 975.002 42.94364547729492
C04 999.976 26.047819137573242
C04 1025.028 11.093147277832031
C04 1050.014 3.8483471870422363
C04 1075.002 0.9300310995737674
C04 1099.99 0.09227683129769673
C05 319.994 43.89419937133789
C05 324.969 49.59126281738281
C05 349.982 72.64181518554688
C05 374.975 76.94760131835938
C05 400.019 83.99222564697266
C05 424.965 86.18109893798828
C05 450.035 88.4587173461914
C05 475.003 90.43817901611328
C05 500.018 92.7236099243164
C05 525.002 95.04325103759766
C05 550.029 95.71302032470703
C05 575.023 97.59271240234375
C05 599.982 98.28019714355469
C05 619.997 98.62622833251953
C05 624.979 99.47465515136719
C05 650.012 99.5634994506836
C05 675.004 98.91307067871094
C05 700.03 98.5440444946289
C05 725.012 97.67328643798828
C05 750.022 97.70957946777344
C05 774.987 97.89793395996094
C05 799.976 96.48214721679688
C05 824.988 94.9106674194336
C05 850.022 92.76864624023438
C05 869.967 89.71388244628906
C05 875.002 88.3738021850586
C05 899.999 82.44060516357422
C05 919.999 73.24126434326172
C05 925.012 70.57330322265625
C05 949.965 57.7371940612793
C05 975.002 42.95743179321289
C05 999.976 26.01992416381836
C05 1025.028 11.048831939697266
C05 1050.014 3.856800079345703
C05 1075.002 0.9308738519684037
C05 1099.99 0.09236044841607183
C06 319.994 44.079532623291016
C06 324.969 49.801151275634766
C06 349.982 72.91155242919922
C06 374.975 77.16362762451172
C06 400.019 84.1494369506836
C06 424.965 86.30883026123047
C06 450.035 88.57551574707031
C06 475.003 90.54742431640625
C06 500.018 92.82697296142578
C06 525.002 95.13945007324219
C06 550.029 95.8109130859375
C06 575.023 97.68645477294922
C06 599.982 98.369873046875
C06 619.997 98.71403503417969
C06 624.979 99.56232452392578
C06 650.012 99.64418029785156
C06 675.004 98.98884582519531
C06 700.03 98.61182403564453
C06 725.012 97.7076416015625
C06 750.022 97.70072174072266
C06 774.987 97.8529052734375
C06 799.976 96.42092895507812
C06 824.988 94.8568344116211
C06 850.022 92.72402954101562
C06 869.967 89.68629455566406
C06 875.002 88.35448455810547
C06 899.999 82.38104248046875
C06 919.999 73.26459503173828
C06 925.012 70.64910125732422
C06 949.965 57.77339172363281
C06 975.002 42.94242858886719
C06 999.976 25.96641731262207
C06 1025.028 11.022679328918457
C06 1050.014 3.8692057132720947
C06 1075.002 0.9307899744371022
C06 1099.99 0.0923521261644728
C07 319.994 44.139427185058594
C07 324.969 49.8751335144043
C07 349.982 73.04000854492188
C07 374.975 77.20869445800781
C07 400.019 84.08829498291016
C07 424.965 86.1954574584961
C07 450.035 88.4374008178711
C07 475.003 90.39911651611328
C07 500.018 92.66887664794922
C07 525.002 94.97840881347656
C07 550.029 95.64407348632812
C07 575.023 97.51471710205078
C07 599.982 98.19822692871094
C07 619.997 98.54214477539062
C07 624.979 99.3899154663086
C07 650.012 99.46717071533203
C07 675.004 98.80879974365234
C07 700.03 98.42227935791016
C07 725.012 97.4927749633789
C07 750.022 97.45191192626953
C07 774.987 97.56883239746094
C07 799.976 96.13043975830078
C07 824.988 94.57881927490234
C07 850.022 92.45579528808594
C07 869.967 89.46654510498047
C07 875.002 88.12203979492188
C07 899.999 82.0630874633789
C07 919.999 73.0132827758789
C07 925.012 70.51934051513672
C07 949.965 57.71810531616211
C07 975.002 42.89337921142578
C07 999.976 25.863895416259766
C07 1025.028 10.993431091308594
C07 1050.014 3.8760814666748047
C07 1075.002 0.928419575836921
C07 1099.99 0.09211693739300326
C10 319.994 41.37445068359375
C10 324.969 46.72554016113281
C10 349.982 68.16655731201172
C10 374.975 72.8886489868164
C10 400.019 81.60107421875
C10 424.965 84.64204406738281
C10 450.035 87.3551254272461
C10 475.003 89.60679626464844
C10 500.018 92.04409790039062
C10 525.002 94.46878051757812
C10 550.029 95.20748901367188
C10 575.023 97.12092590332031
C10 599.982 97.83851623535156
C10 619.997 98.20321655273438
C10 624.979 99.05348205566406
C10 650.012 99.1514892578125
C10 675.004 98.51701354980469
C10 700.03 98.1526870727539
C10 725.012 97.2801742553711
C10 750.022 97.3115234375
C10 774.987 97.50585174560547
C10 799.976 96.0966796875
C10 824.988 94.53612518310547
C10 850.022 92.42610931396484
C10 869.967 89.36827087402344
C10 875.002 88.02751159667969
C10 899.999 82.22119903564453
C10 919.999 73.07832336425781
C10 925.012 70.36647033691406
C10 949.965 57.44530487060547
C10 975.002 42.781028747558594
C10 999.976 25.988292694091797
C10 1025.028 11.125518798828125
C10 1050.014 3.9177873134613037
C10 1075.002 0.927081649285768
C10 1099.99 0.09198418954972572
C11 319.994 41.6541748046875
C11 324.969 47.04147720336914
C11 349.982 68.66285705566406
C11 374.975 73.34493255615234
C11 400.019 81.87158966064453
C11 424.965 84.8098373413086
C11 450.035 87.46641540527344
C11 475.003 89.67724609375
C11 500.018 92.0983657836914
C11 525.002 94.50862121582031
C11 550.029 95.24513244628906
C11 575.023 97.15293884277344
C11 599.982 97.86885070800781
C11 619.997 98.22724914550781
C11 624.979 99.07716369628906
C11 650.012 99.17755126953125
C11 675.004 98.54468536376953
C11 700.03 98.20247650146484
C11 725.012 97.39155578613281
C11 750.022 97.49656677246094
C11 774.987 97.7634506225586
C11 799.976 96.38031768798828
C11 824.988 94.80689239501953
C11 850.022 92.70466613769531
C11 869.967 89.66378784179688
C11 875.002 88.31564331054688
C11 899.999 82.38484954833984
C11 919.999 73.20680236816406
C11 925.012 70.499267578125
C11 949.965 57.57634353637695
C11 975.002 43.003990173339844
C11 999.976 26.10147476196289
C11 1025.028 11.101948738098145
C11 1050.014 3.8936960697174072
C11 1075.002 0.9288437376234873
C11 1099.99 0.09215902233579694
C12 319.994 42.037086486816406
C12 324.969 47.476966857910156
C12 349.982 69.32257843017578
C12 374.975 73.94078826904297
C12 400.019 82.24230194091797
C12 424.965 85.06678009033203
C12 450.035 87.67450714111328
C12 475.003 89.85192108154297
C12 500.018 92.2554702758789
C12 525.002 94.65103149414062
C12 550.029 95.37519836425781
C12 575.023 97.28018188476562
C12 599.982 97.99124145507812
C12 619.997 98.3508071899414
C12 624.979 99.20220184326172
C12 650.012 99.2963638305664
C12 675.004 98.6626205444336
C12 700.03 98.32740020751953
C12 725.012 97.52342224121094
C12 750.022 97.64219665527344
C12 774.987 97.92725372314453
C12 799.976 96.5517807006836
C12 824.988 94.97552490234375
C12 850.022 92.8800277709961
C12 869.967 89.82414245605469
C12 875.002 88.48794555664062
C12 899.999 82.50291442871094
C12 919.999 73.23113250732422
C12 925.012 70.55384063720703
C12 949.965 57.73881149291992
C12 975.002 43.028839111328125
C12 999.976 26.080677032470703
C12 1025.028 11.10265064239502
C12 1050.014 3.887843370437622
C12 1075.002 0.9302310042187654
C12 1099.99 0.09229666565292481
C13 319.994 42.262489318847656
C13 324.969 47.734130859375
C13 349.982 69.7297592163086
C13 374.975 74.34851837158203
C13 400.019 82.54438781738281
C13 424.965 85.30287170410156
C13 450.035 87.88356018066406
C13 475.003 90.04263305664062
C13 500.018 92.43798065185547
C13 525.002 94.83080291748047
C13 550.029 95.5502700805664
C13 575.023 97.45112609863281
C13 599.982 98.16268920898438
C13 619.997 98.52336120605469
C13 624.979 99.37142944335938
C13 650.012 99.4699478149414
C13 675.004 98.8309326171875
C13 700.03 98.48992919921875
C13 725.012 97.66775512695312
C13 750.022 97.77638244628906
C13 774.987 98.04618835449219
C13 799.976 96.66264343261719
C13 824.988 95.090087890625
C13 850.022 92.97727966308594
C13 869.967 89.93017578125
C13 875.002 88.61018371582031
C13 899.999 82.62550354003906
C13 919.999 73.3121109008789
C13 925.012 70.67301940917969
C13 949.965 57.901756286621094
C13 975.002 43.0662727355957
C13 999.976 26.061426162719727
C13 1025.028 11.081903457641602
C13 1050.014 3.8828330039978027
C13 1075.002 0.9315094928103385
C13 1099.99 0.09242351611645735
C14 319.994 42.493900299072266
C14 324.969 47.995391845703125
C14 349.982 70.14277648925781
C14 374.975 74.71086883544922
C14 400.019 82.74266815185547
C14 424.965 85.41771697998047
C14 450.035 87.94839477539062
C14 475.003 90.08164978027344
C14 500.018 92.46146392822266
C14 525.002 94.84037017822266
C14 550.029 95.55201721191406
C14 575.023 97.45252227783203
C14 599.982 98.16279602050781
C14 619.997 98.51641082763672
C14 624.979 99.36627197265625
C14 650.012 99.46480560302734
C14 675.004 98.82279205322266
C14 700.03 98.46891784667969
C14 725.012 97.62445068359375
C14 750.022 97.69994354248047
C14 774.987 97.93362426757812
C14 799.976 96.54360961914062
C14 824.988 94.97647857666016
C14 850.022 92.85883331298828
C14 869.967 89.84721374511719
C14 875.002 88.51457977294922
C14 899.999 82.492919921875
C14 919.999 73.30787658691406
C14 925.012 70.69623565673828
C14 949.965 57.86211395263672
C14 975.002 43.04747009277344
C14 999.976 26.02071762084961
C14 1025.028 11.057534217834473
C14 1050.014 3.883939504623413
C14 1075.002 0.9307816048087517
C14 1099.99 0.0923512957376369
C15 319.994 42.858333587646484
C15 324.969 48.40912628173828
C15 349.982 70.72396087646484
C15 374.975 75.22610473632812
C15 400.019 83.08927154541016
C15 424.965 85.68062591552734
C15 450.035 88.16962432861328
C15 475.003 90.28182983398438
C15 500.018 92.63928985595703
C15 525.002 95.0116958618164
C15 550.029 95.71397399902344
C15 575.023 97.61387634277344
C15 599.982 98.31576538085938
C15 619.997 98.66690063476562
C15 624.979 99.51815795898438
C15 650.012 99.61064910888672
C15 675.004 98.96305084228516
C15 700.03 98.59504699707031
C15 725.012 97.71855163574219
C15 750.022 97.75180053710938
C15 774.987 97.94480895996094
C15 799.976 96.5380630493164
C15 824.988 94.98207092285156
C15 850.022 92.86705780029297
C15 869.967 89.90216064453125
C15 875.002 88.5750961303711
C15 899.999 82.47445678710938
C15 919.999 73.36518859863281
C15 925.012 70.83343505859375
C15 949.965 58.01668167114258
C15 975.002 42.98633575439453
C15 999.976 25.941396713256836
C15 1025.028 11.026106834411621
C15 1050.014 3.8908236026763916
C15 1075.002 0.9312761246503095
C15 1099.99 0.09240036154201021
C16 319.994 42.93357467651367
C16 324.969 48.49668884277344
C16 349.982 70.91967010498047
C16 374.975 75.45380401611328
C16 400.019 83.22981262207031
C16 424.965 85.76314544677734
C16 450.035 88.22161865234375
C16 475.003 90.30974578857422
C16 500.018 92.66216278076172
C16 525.002 95.02423095703125
C16 550.029 95.72233581542969
C16 575.023 97.61878967285156
C16 599.982 98.32135772705078
C16 619.997 98.67716217041016
C16 624.979 99.5240707397461
C16 650.012 99.61871337890625
C16 675.004 98.97212982177734
C16 700.03 98.5925064086914
C16 725.012 97.69535827636719
C16 750.022 97.68891906738281
C16 774.987 97.8473892211914
C16 799.976 96.43244934082031
C16 824.988 94.88355255126953
C16 850.022 92.78446960449219
C16 869.967 89.84273529052734
C16 875.002 88.5106430053711
C16 899.999 82.43177795410156
C16 919.999 73.39006805419922
C16 925.012 70.84424591064453
C16 949.965 58.0192756652832
C16 975.002 42.92991256713867
C16 999.976 25.972980499267578
C16 1025.028 11.027743339538574
C16 1050.014 3.90796160697937
C16 1075.002 0.9306775309446215
C16 1099.99 0.09234096962444859
C17 319.994 43.14628601074219
C17 324.969 48.74675369262695
C17 349.982 71.32581329345703
C17 374.975 75.80681610107422
C17 400.019 83.46307373046875
C17 424.965 85.94024658203125
C17 450.035 88.36943817138672
C17 475.003 90.44691467285156
C17 500.018 92.79295349121094
C17 525.002 95.15452575683594
C17 550.029 95.85165405273438
C17 575.023 97.7544937133789
C17 599.982 98.45462036132812
C17 619.997 98.8073501586914
C17 624.979 99.66241455078125
C17 650.012 99.75276184082031
C17 675.004 99.10091400146484
C17 700.03 98.71420288085938
C17 725.012 97.78423309326172
C17 750.022 97.74694061279297
C17 774.987 97.86944580078125
C17 799.976 96.44048309326172
C17 824.988 94.90289306640625
C17 850.022 92.7976303100586
C17 869.967 89.87770080566406
C17 875.002 88.53482818603516
C17 899.999 82.52825927734375
C17 919.999 73.44125366210938
C17 925.012 70.8742446899414
C17 949.965 58.0786018371582
C17 975.002 42.86819839477539
C17 999.976 26.014331817626953
C17 1025.028 11.05339241027832
C17 1050.014 3.917531967163086
C17 1075.002 0.9312302996034308
C17 1099.99 0.09239581482295751
