lsstCam/transmission_sensor/r14_s10/19700101T000000.ecsv
# %ECSV 1.0
# ---
# datatype:
# - {name: amp_name, datatype: string}
# - {name: wavelength, unit: nm, datatype: float32}
# - {name: efficiency, unit: '%', datatype: float64}
# meta: !!omap
# - {MODE: AMP}
# - {TYPE: transmission_sensor}
# - {CALIBDATE: '1970-01-01T00:00:00'}
# - {INSTRUME: LSSTCam}
# - {OBSTYPE: transmission_sensor}
# - {DETECTOR: 66}
# - {PARQUETFILE: qe_raft_allvalues_nircorrected_20230725_adjust.parquet}
# - {CORRFILE: qe_corr_factor_bydetnum.parquet}
# - {CALIBCLS: lsst.ip.isr.IntermediateSensorTransmissionCurve}
# - {CALIB_ID: 'raftName=R14 detectorName=S10 detector=66 calibDate=1970-01-01T00:00:00 ccd=66 ccdnum=66 filter=None'}
# - {DATE: '2025-03-03T21:56:47.745394'}
# - {CALIB_CREATION_DATE: '2025-03-03'}
# - {CALIB_CREATION_TIME: '21:56:47'}
# - __serialized_columns__:
#     efficiency:
#       __class__: astropy.units.quantity.Quantity
#       unit: !astropy.units.Unit {unit: '%'}
#       value: !astropy.table.SerializedColumn {name: efficiency}
#     wavelength:
#       __class__: astropy.units.quantity.Quantity
#       unit: !astropy.units.Unit {unit: nm}
#       value: !astropy.table.SerializedColumn {name: wavelength}
# schema: astropy-2.0
amp_name wavelength efficiency
C00 319.994 42.87270832325097
C00 324.969 48.43697235466177
C00 349.982 71.04022031033124
C00 374.975 75.74445290521464
C00 400.019 83.60221758231212
C00 424.965 86.17914087490921
C00 450.035 88.64722469266398
C00 475.003 90.75714926999675
C00 500.018 93.12292829675701
C00 525.002 95.51203337069568
C00 550.029 96.22506909762562
C00 575.023 98.14121101608981
C00 599.982 98.85488634061336
C00 619.997 99.22509775737731
C00 624.979 100.07835177121115
C00 650.012 100.17977807876385
C00 675.004 99.54794042223983
C00 700.03 99.18577406436398
C00 725.012 98.31156744984364
C00 750.022 98.35290240757898
C00 774.987 98.54136022383099
C00 799.976 97.1000154876759
C00 824.988 95.51779745503312
C00 850.022 93.26484960857879
C00 869.967 90.10153861857833
C00 875.002 88.72455435352795
C00 899.999 82.98897449197294
C00 919.999 73.84977988910889
C00 925.012 71.06417824910811
C00 949.965 57.562558170172984
C00 975.002 42.90728127028297
C00 999.976 26.17509612908129
C00 1025.028 11.316693051259689
C00 1050.014 3.939671935755423
C00 1075.002 0.9370026998618082
C00 1099.99 0.09296854707359857
C01 319.994 42.94919417765109
C01 324.969 48.528708373371785
C01 349.982 71.26438000189792
C01 374.975 75.94817629776675
C01 400.019 83.6228696491896
C01 424.965 86.10154921021173
C01 450.035 88.51919729001388
C01 475.003 90.5908770136478
C01 500.018 92.93336852320519
C01 525.002 95.3057901177447
C01 550.029 96.0174079415756
C01 575.023 97.92592092488731
C01 599.982 98.64317183113887
C01 619.997 99.01187287286254
C01 624.979 99.86639837588847
C01 650.012 99.97093790546299
C01 675.004 99.34134269351411
C01 700.03 99.00775787147725
C01 725.012 98.2028975068936
C01 750.022 98.31610628095962
C01 774.987 98.58670229902019
C01 799.976 97.18513590958953
C01 824.988 95.59935770720891
C01 850.022 93.38967131726582
C01 869.967 90.25424832354504
C01 875.002 88.87327235303104
C01 899.999 83.0508228086739
C01 919.999 73.8290661742706
C01 925.012 71.05231101664867
C01 949.965 57.735380522359925
C01 975.002 43.08559414398118
C01 999.976 26.240886062277706
C01 1025.028 11.27835572561961
C01 1050.014 3.905538471256669
C01 1075.002 0.936651375517894
C01 1099.99 0.09293368899495046
C02 319.994 43.30352739150421
C02 324.969 48.923370912599246
C02 349.982 71.75631531731727
C02 374.975 76.31517431457253
C02 400.019 83.82683963358502
C02 424.965 86.23465486363506
C02 450.035 88.62389093949048
C02 475.003 90.67595119959081
C02 500.018 93.00585111314902
C02 525.002 95.3679235562645
C02 550.029 96.06483834143785
C02 575.023 97.96428907450779
C02 599.982 98.67166860103174
C02 619.997 99.03352671910346
C02 624.979 99.88874576168871
C02 650.012 99.98625742372882
C02 675.004 99.34886374473516
C02 700.03 99.01584916633595
C02 725.012 98.21834802707619
C02 750.022 98.34515017650483
C02 774.987 98.62601828603842
C02 799.976 97.23321361304048
C02 824.988 95.64602521355592
C02 850.022 93.4640110520296
C02 869.967 90.34368410271665
C02 875.002 88.97216338819467
C02 899.999 83.08482165907068
C02 919.999 73.76810404700653
C02 925.012 70.99833822694353
C02 949.965 57.890525321779364
C02 975.002 43.24408334527555
C02 999.976 26.28460217250005
C02 1025.028 11.248797454901233
C02 1050.014 3.8870043489709363
C02 1075.002 0.936927948787544
C02 1099.99 0.09296113034068249
C03 319.994 43.66468426402151
C03 324.969 49.33023204207561
C03 349.982 72.34843627507767
C03 374.975 76.90019805084258
C03 400.019 84.33656038570334
C03 424.965 86.69118113155369
C03 450.035 89.05503365953808
C03 475.003 91.0924602349368
C03 500.018 93.42449470913868
C03 525.002 95.78460212350275
C03 550.029 96.47598400419177
C03 575.023 98.38436598558671
C03 599.982 99.08858605411821
C03 619.997 99.4499201645229
C03 624.979 100.30707341187912
C03 650.012 100.40065501641642
C03 675.004 99.7609418328966
C03 700.03 99.41663026567564
C03 725.012 98.59974084273537
C03 750.022 98.71425192997387
C03 774.987 98.97988528718777
C03 799.976 97.5791665572185
C03 824.988 95.99281040520512
C03 850.022 93.79703333642391
C03 869.967 90.68410414241035
C03 875.002 89.32022006903597
C03 899.999 83.4209186355113
C03 919.999 74.00442379884659
C03 925.012 71.22600414628232
C03 949.965 58.21155707779256
C03 975.002 43.46539567165148
C03 999.976 26.39256894339688
C03 1025.028 11.24868186497468
C03 1050.014 3.8939382996900345
C03 1075.002 0.9404444861547049
C03 1099.99 0.0933100379476757
C04 319.994 43.972149615654935
C04 324.969 49.678616227708794
C04 349.982 72.77399985467031
C04 374.975 77.20381425792179
C04 400.019 84.49255284458417
C04 424.965 86.78090973853924
C04 450.035 89.12053461791811
C04 475.003 91.13958239499489
C04 500.018 93.45793872788802
C04 525.002 95.80729627908266
C04 550.029 96.48861413016645
C04 575.023 98.3867394320786
C04 599.982 99.08476388054686
C04 619.997 99.4368430908322
C04 624.979 100.29122217995115
C04 650.012 100.38151332457926
C04 675.004 99.73186711337097
C04 700.03 99.37197402405066
C04 725.012 98.5282908561354
C04 750.022 98.60129745374628
C04 774.987 98.82928702487942
C04 799.976 97.417987963633
C04 824.988 95.8285571195733
C04 850.022 93.66131535066047
C04 869.967 90.56739684656733
C04 875.002 89.2034048892615
C04 899.999 83.24813481329987
C04 919.999 73.92631583247717
C04 925.012 71.19491816203467
C04 949.965 58.19622214753653
C04 975.002 43.374807846211894
C04 999.976 26.309344196278722
C04 1025.028 11.204524586532656
C04 1050.014 3.8869853247955244
C04 1075.002 0.9393687887150093
C04 1099.99 0.09320330823593204
C05 319.994 44.33490548215622
C05 324.969 50.08916852883974
C05 349.982 73.37115282723332
C05 374.975 77.72016987182425
C05 400.019 84.83552356865712
C05 424.965 87.04637356386085
C05 450.035 89.34685969410889
C05 475.003 91.34619553571083
C05 500.018 93.65457260494487
C05 525.002 95.99750335622318
C05 550.029 96.67399725437217
C05 575.023 98.5725617980052
C05 599.982 99.2669490167846
C05 619.997 99.61645442470535
C05 624.979 100.47339961019378
C05 650.012 100.56313592317443
C05 675.004 99.9061767226129
C05 700.03 99.5334454454501
C05 725.012 98.65394481229362
C05 750.022 98.69060223100112
C05 774.987 98.88084783811716
C05 799.976 97.45084632675447
C05 824.988 95.86358857331398
C05 850.022 93.70006109404103
C05 869.967 90.61462689055689
C05 875.002 89.26109196860656
C05 899.999 83.26832452047113
C05 919.999 73.97662056851304
C05 925.012 71.28187261078294
C05 949.965 58.31688647186521
C05 975.002 43.388732579363975
C05 999.976 26.28116915168143
C05 1025.028 11.159764313973783
C05 1050.014 3.8955230857455456
C05 1075.002 0.940220002503988
C05 1099.99 0.09328776488608045
C06 319.994 44.52209951521125
C06 324.969 50.3011643071355
C06 349.982 73.64359828411874
C06 374.975 77.9383651231808
C06 400.019 84.99431330376053
C06 424.965 87.17538733388422
C06 450.035 89.46483077314888
C06 475.003 91.45653767959833
C06 500.018 93.75897342660755
C06 525.002 96.09466824848363
C06 550.029 96.7728728775456
C06 575.023 98.66724535984231
C06 599.982 99.35752528323152
C06 619.997 99.70514272235192
C06 624.979 100.56194919992849
C06 650.012 100.6446268213943
C06 675.004 99.9827126659812
C06 700.03 99.60190550594989
C06 725.012 98.68864490824483
C06 750.022 98.68165557068592
C06 774.987 98.8353670550161
C06 799.976 97.38901342204372
C06 824.988 95.80921507186343
C06 850.022 93.65499643467558
C06 869.967 90.58676201226251
C06 875.002 89.24158038900441
C06 899.999 83.20816381669783
C06 919.999 74.00018550153965
C06 925.012 71.35843167213653
C06 949.965 58.35344756563393
C06 975.002 43.37357873999288
C06 999.976 26.22712508152157
C06 1025.028 11.133349126008259
C06 1050.014 3.9080532745962375
C06 1075.002 0.9401352828263179
C06 1099.99 0.0932793590774924
C07 319.994 44.582595429771544
C07 324.969 50.375889341654464
C07 349.982 73.77334412367694
C07 374.975 77.98388443625737
C07 400.019 84.93255745900082
C07 424.965 87.0608762466457
C07 450.035 89.32532914378962
C07 475.003 91.30674084078075
C07 500.018 93.59928979607213
C07 525.002 95.93201010383824
C07 550.029 96.60435817662153
C07 575.023 98.49378341006178
C07 599.982 99.18415580539224
C07 619.997 99.53152665266931
C07 624.979 100.38780912257884
C07 650.012 100.46584002899722
C07 675.004 99.80085888753291
C07 700.03 99.4104577635977
C07 725.012 98.47162096814402
C07 750.022 98.4303476583695
C07 774.987 98.54844203333114
C07 799.976 97.09560765847668
C07 824.988 95.52840861029068
C07 850.022 93.38406905882555
C07 869.967 90.36480623529545
C07 875.002 89.00680183618506
C07 899.999 82.88701647075808
C07 919.999 73.74635002282926
C07 925.012 71.22736810741564
C07 949.965 58.297606072116174
C07 975.002 43.32403689747226
C07 999.976 26.123573845819067
C07 1025.028 11.103807230529476
C07 1050.014 3.9149980618709503
C07 1075.002 0.9377410849733165
C07 1099.99 0.09304180896602197
C10 319.994 41.7898580383049
C10 324.969 47.19467347203095
C10 349.982 68.8509625134076
C10 374.975 73.62046488681794
C10 400.019 82.42036452527341
C10 424.965 85.49186628961037
C10 450.035 88.23218750238279
C10 475.003 90.5064655432837
C10 500.018 92.96823815104868
C10 525.002 95.41726504291242
C10 550.029 96.16339031281694
C10 575.023 98.0960384727929
C10 599.982 98.82083354825085
C10 619.997 99.18919552618995
C10 624.979 100.04799785649833
C10 650.012 100.14698906959832
C10 675.004 99.50614310479827
C10 700.03 99.13815872061924
C10 725.012 98.25688570858895
C10 750.022 98.28854964246938
C10 774.987 98.48482904375147
C10 799.976 97.06150863014355
C10 824.988 95.48528586169131
C10 850.022 93.3540850318777
C10 869.967 90.26554531236683
C10 875.002 88.91132455685228
C10 899.999 83.04671551328371
C10 919.999 73.81204363108688
C10 925.012 71.07296308352615
C10 949.965 58.02206665819668
C10 975.002 43.21055841357763
C10 999.976 26.249220095982178
C10 1025.028 11.23722112375695
C10 1050.014 3.9571226432920685
C10 1075.002 0.9363897253851025
C10 1099.99 0.09290772830914791
C11 319.994 42.07239064278085
C11 324.969 47.51378258226582
C11 349.982 69.35224520088755
C11 374.975 74.08132962997986
C11 400.019 82.6935959936594
C11 424.965 85.66134423992239
C11 450.035 88.34459485295802
C11 475.003 90.57762270206972
C11 500.018 93.0230508942201
C11 525.002 95.45750574934307
C11 550.029 96.20141169265777
C11 575.023 98.12837282824734
C11 599.982 98.85147258478248
C11 619.997 99.21346941076608
C11 624.979 100.07191726529969
C11 650.012 100.173312748872
C11 675.004 99.53409274903879
C11 700.03 99.1884480446649
C11 725.012 98.36938553110544
C11 750.022 98.47545084771048
C11 774.987 98.74501426242718
C11 799.976 97.3479944101076
C11 824.988 95.7587716279157
C11 850.022 93.63543861910281
C11 869.967 90.56402932670709
C11 875.002 89.20234916793233
C11 899.999 83.2120091082545
C11 919.999 73.94181258863038
C11 925.012 71.20709363429825
C11 949.965 58.154420977097416
C11 975.002 43.43575841448329
C11 999.976 26.363538533343096
C11 1025.028 11.21341441513397
C11 1050.014 3.9327895188785797
C11 1075.002 0.9381695054248999
C11 1099.99 0.09308431644964629
C12 319.994 42.459146831032086
C12 324.969 47.95364463577305
C12 349.982 70.01859030348518
C12 374.975 74.68316784756581
C12 400.019 83.06803029574009
C12 424.965 85.92086674301918
C12 450.035 88.5547758694069
C12 475.003 90.75405145996511
C12 500.018 93.18173274539207
C12 525.002 95.60134585394563
C12 550.029 96.3327834971828
C12 575.023 98.25689341458406
C12 599.982 98.97509215823337
C12 619.997 99.3382680014678
C12 624.979 100.19821081905151
C12 650.012 100.29331821061932
C12 675.004 99.6532120213492
C12 700.03 99.31462600849015
C12 725.012 98.5025759504749
C12 750.022 98.62254288224672
C12 774.987 98.91046197730005
C12 799.976 97.52117894406442
C12 824.988 95.9290972376891
C12 850.022 93.81256091655752
C12 869.967 90.72599393179316
C12 875.002 89.37638136135052
C12 899.999 83.33125938248168
C12 919.999 73.96638700701556
C12 925.012 71.26221461727383
C12 949.965 58.31852014282716
C12 975.002 43.4608568405355
C12 999.976 26.342531990690865
C12 1025.028 11.214123366683495
C12 1050.014 3.9268780573847817
C12 1075.002 0.939570700440667
C12 1099.99 0.09322334173185931
C13 319.994 42.686812750370876
C13 324.969 48.213390612727856
C13 349.982 70.42985926216076
C13 374.975 75.09499163788884
C13 400.019 83.37314917186448
C13 424.965 86.15932876149802
C13 450.035 88.76592784123882
C13 475.003 90.94667821956814
C13 500.018 93.36607556025879
C13 525.002 95.78292221657019
C13 550.029 96.50961296682358
C13 575.023 98.42955394087383
C13 599.982 99.14826128019997
C13 619.997 99.51255449272442
C13 624.979 100.36913749644297
C13 650.012 100.4686450112149
C13 675.004 99.82321397932826
C13 700.03 99.47878682218072
C13 725.012 98.64835796584356
C13 750.022 98.75807592412767
C13 774.987 99.03059073496902
C13 799.976 97.63315475891386
C13 824.988 96.04481046016376
C13 850.022 93.91078923614226
C13 869.967 90.83309185174205
C13 875.002 89.49984681489933
C13 899.999 83.45507931180525
C13 919.999 74.04817843904445
C13 925.012 71.38258996678611
C13 949.965 58.483100933250874
C13 975.002 43.49866630551099
C13 999.976 26.323087838545874
C13 1025.028 11.193167876248824
C13 1050.014 3.9218173859128833
C13 1075.002 0.9408620253008813
C13 1099.99 0.09335146579817398
C14 319.994 42.9205471408537
C14 324.969 48.477274709053255
C14 349.982 70.84702330709054
C14 374.975 75.46098016933605
C14 400.019 83.57342027861021
C14 424.965 86.2753271057915
C14 450.035 88.83141338762864
C14 475.003 90.98608667852761
C14 500.018 93.38979461318748
C14 525.002 95.79258553443002
C14 550.029 96.5113776397023
C14 575.023 98.43096413797778
C14 599.982 99.14836916413142
C14 619.997 99.50553433118509
C14 624.979 100.363928243753
C14 650.012 100.46345117051513
C14 675.004 99.81499168255279
C14 700.03 99.4575645116656
C14 725.012 98.6046187376359
C14 750.022 98.68086955918537
C14 774.987 98.91689648321149
C14 799.976 97.51292582330854
C14 824.988 95.93006048707704
C14 850.022 93.7911536621599
C14 869.967 90.74929686098623
C14 875.002 89.40328299025695
C14 899.999 83.32116452889605
C14 919.999 74.043901611762
C14 925.012 71.40603930988617
C14 949.965 58.443060582692915
C14 975.002 43.47967488057833
C14 999.976 26.281970575172195
C14 1025.028 11.16855396463875
C14 1050.014 3.9229349960152424
C14 1075.002 0.9401268291653068
C14 1099.99 0.0932785203130131
C15 319.994 43.28863940896418
C15 324.969 48.89516311752276
C15 349.982 71.43404289609241
C15 374.975 75.98138913666298
C15 400.019 83.92350363616374
C15 424.965 86.54087569705928
C15 450.035 89.0548641276458
C15 475.003 91.18827657805411
C15 500.018 93.56940594706063
C15 525.002 95.96563136047496
C15 550.029 96.6749605037601
C15 575.023 98.5939382284224
C15 599.982 99.30287436595727
C15 619.997 99.65753508460229
C15 624.979 100.51733919427413
C15 650.012 100.61075897291427
C15 675.004 99.95665869653615
C15 700.03 99.58496002271721
C15 725.012 98.69966448124288
C15 750.022 98.73324720790409
C15 774.987 98.92819347203327
C15 799.976 97.50732356486826
C15 824.988 95.93570898148793
C15 850.022 93.79946072488151
C15 869.967 90.80479543772189
C15 875.002 89.46440694341818
C15 899.999 83.3025160207455
C15 919.999 74.10178904697973
C15 925.012 71.544616219833
C15 949.965 58.59918019049295
C15 975.002 43.417926741813716
C15 999.976 26.201853270579534
C15 1025.028 11.136811044308521
C15 1050.014 3.9298882117220995
C15 1075.002 0.9406263140801365
C15 1099.99 0.09332807874739515
C16 319.994 43.36463593267523
C16 324.969 48.98360482332602
C16 349.982 71.63171708248825
C16 374.975 76.21137456052793
C16 400.019 84.06545577196593
C16 424.965 86.62422374009908
C16 450.035 89.10738048427638
C16 475.003 91.21647281413794
C16 500.018 93.59250852038102
C16 525.002 95.97829231043006
C16 550.029 96.68340627439358
C16 575.023 98.59890088926907
C16 599.982 99.30852286036816
C16 619.997 99.66789964801654
C16 624.979 100.52331134047937
C16 650.012 100.6189042097387
C16 675.004 99.96582883070936
C16 700.03 99.58239392634773
C16 725.012 98.67623825612814
C16 750.022 98.66973439626076
C16 774.987 98.82979562055625
C16 799.976 97.40064947465005
C16 824.988 95.836201466716
C16 850.022 93.71604332788577
C16 869.967 90.74477344186046
C16 875.002 89.39930669678354
C16 899.999 83.25940868413633
C16 919.999 74.12691829701235
C16 925.012 71.55553561489472
C16 949.965 58.601800228828154
C16 975.002 43.36093705502553
C16 999.976 26.233754163809387
C16 1025.028 11.138463980258228
C16 1050.014 3.9471982848481053
C16 1075.002 0.9400217103797847
C16 1099.99 0.09326809052368425
C17 319.994 43.57948292915929
C17 324.969 49.23618037183698
C17 349.982 72.04193802582974
C17 374.975 76.56793095396843
C17 400.019 84.30105886626136
C17 424.965 86.8031030044374
C17 450.035 89.25668413940734
C17 475.003 91.35501890010438
C17 500.018 93.7246123944409
C17 525.002 96.10989529480821
C17 550.029 96.81402289139847
C17 575.023 98.73596742417563
C17 599.982 99.44312347684158
C17 619.997 99.79939474846324
C17 624.979 100.66304414969174
C17 650.012 100.75429854370779
C17 675.004 100.09590602805699
C17 700.03 99.70531225424419
C17 725.012 98.7660053930892
C17 750.022 98.72833848902313
C17 774.987 98.85207365240056
C17 799.976 97.40876388749408
C17 824.988 95.85573616430347
C17 850.022 93.72933616943936
C17 869.967 90.78009001741995
C17 875.002 89.42373470126174
C17 899.999 83.35685869821562
C17 919.999 74.17861781816197
C17 925.012 71.58583558764181
C17 949.965 58.661722046753226
C17 975.002 43.29860326063305
C17 999.976 26.275520657270537
C17 1025.028 11.16437057254692
C17 1050.014 3.9568647332684472
C17 1075.002 0.9405800289410708
C17 1099.99 0.09332348637841834
