lsstCam/transmission_filter_detector/r42_s10/u_24/19700101T000000.ecsv
# %ECSV 1.0
# ---
# datatype:
# - {name: wavelength, unit: nm, datatype: float32}
# - {name: efficiency, unit: '%', datatype: float64}
# meta: !!omap
# - {MODE: DETECTOR}
# - {TYPE: transmission_filter_detector}
# - {CALIBDATE: '1970-01-01T00:00:00'}
# - {INSTRUME: LSSTCam}
# - {OBSTYPE: transmission_filter_detector}
# - {CALIBCLS: lsst.ip.isr.IntermediateFilterDetectorTransmissionCurve}
# - {SOURCE: Materion (DM-46256)}
# - {DETECTOR: 174}
# - {FILTER: u_24}
# - {CALIB_ID: 'calibDate=1970-01-01T00:00:00 filter=u_24 detector=174'}
# - {DATE: '2025-04-02T15:59:40.557043'}
# - {CALIB_CREATION_DATE: '2025-04-02'}
# - {CALIB_CREATION_TIME: '15:59:40'}
# - __serialized_columns__:
#     efficiency:
#       __class__: astropy.units.quantity.Quantity
#       unit: !astropy.units.Unit {unit: '%'}
#       value: !astropy.table.SerializedColumn {name: efficiency}
#     wavelength:
#       __class__: astropy.units.quantity.Quantity
#       unit: !astropy.units.Unit {unit: nm}
#       value: !astropy.table.SerializedColumn {name: wavelength}
# schema: astropy-2.0
wavelength efficiency
295.0 1.63794802374162e-10
296.0 1.63794802374162e-10
297.0 1.63794802374162e-10
298.0 1.63794802374162e-10
299.0 1.63794802374162e-10
300.0 1.63794802374162e-10
301.0 1.63794802374162e-10
302.0 1.63794802374162e-10
303.0 0.0811620440799743
304.0 0.3072165884077549
305.0 0.7424684707075357
306.0 2.24330797791481
307.0 3.9303623139858246
308.0 6.207384541630745
309.0 9.69189926981926
310.0 13.38210254907608
311.0 17.09134727716446
312.0 20.878396928310394
313.0 24.094867706298828
314.0 26.884469389915466
315.0 29.401493072509766
316.0 31.624045968055725
317.0 34.290409088134766
318.0 37.55783140659332
319.0 41.689375042915344
320.0 47.41086661815643
321.0 53.08586359024048
322.0 58.93218517303467
323.0 64.25028443336487
324.0 68.4604287147522
325.0 71.24672532081604
326.0 73.62962365150452
327.0 75.43158531188965
328.0 77.0418107509613
329.0 78.48222851753235
330.0 79.65779304504395
331.0 80.23621439933777
332.0 80.55976629257202
333.0 80.61637878417969
334.0 80.52114248275757
335.0 80.81581592559814
336.0 81.09426498413086
337.0 81.83678984642029
338.0 82.66550302505493
339.0 83.2291841506958
340.0 83.49522352218628
341.0 83.96784663200378
342.0 84.29788947105408
343.0 84.22955870628357
344.0 84.42372679710388
345.0 84.88059043884277
346.0 85.18601059913635
347.0 85.5894386768341
348.0 85.8041524887085
349.0 86.00150942802429
350.0 86.0810399055481
351.0 86.23774647712708
352.0 86.16632223129272
353.0 86.10382676124573
354.0 86.10075116157532
355.0 86.26039028167725
356.0 86.39723658561707
357.0 86.33575439453125
358.0 85.96779704093933
359.0 85.67062616348267
360.0 85.50322651863098
361.0 85.2333664894104
362.0 85.09801626205444
363.0 85.26410460472107
364.0 85.35872101783752
365.0 85.69427132606506
366.0 86.02634072303772
367.0 86.11714243888855
368.0 86.14059090614319
369.0 86.30029559135437
370.0 86.11699342727661
371.0 86.01699471473694
372.0 86.04541420936584
373.0 86.31502389907837
374.0 86.28314733505249
375.0 86.60345673561096
376.0 86.76503300666809
377.0 86.89734935760498
378.0 86.96679472923279
379.0 86.56817674636841
380.0 85.75454354286194
381.0 84.29558277130127
382.0 82.40497708320618
383.0 80.38492202758789
384.0 78.27451825141907
385.0 75.80979466438293
386.0 73.21198582649231
387.0 69.6384608745575
388.0 66.14904999732971
389.0 61.7655873298645
390.0 57.53563642501831
391.0 53.18824052810669
392.0 48.75932037830353
393.0 45.03751993179321
394.0 41.68491065502167
395.0 37.86623179912567
396.0 33.82132649421692
397.0 28.371652960777283
398.0 22.131352126598358
399.0 15.247932076454163
400.0 9.27373692393303
401.0 4.78186160326004
402.0 1.9118750467896461
403.0 0.586578669026494
404.0 0.23519517853856087
405.0 0.10826942743733525
406.0 0.05436893552541733
407.0 0.020363483054097742
408.0 0.005466095171868801
409.0 1.63794802374162e-10
410.0 1.63794802374162e-10
411.0 1.63794802374162e-10
412.0 1.63794802374162e-10
413.0 1.63794802374162e-10
414.0 1.63794802374162e-10
415.0 1.63794802374162e-10
416.0 1.63794802374162e-10
417.0 1.63794802374162e-10
418.0 1.63794802374162e-10
419.0 1.63794802374162e-10
420.0 1.63794802374162e-10
421.0 1.63794802374162e-10
422.0 1.63794802374162e-10
423.0 1.63794802374162e-10
424.0 1.63794802374162e-10
425.0 1.63794802374162e-10
426.0 1.63794802374162e-10
427.0 1.63794802374162e-10
428.0 1.63794802374162e-10
429.0 1.63794802374162e-10
430.0 1.63794802374162e-10
431.0 1.63794802374162e-10
432.0 1.63794802374162e-10
433.0 5.156343831913546e-05
434.0 0.0012920982044306584
435.0 0.0011105033991043456
436.0 0.0009289083209296223
437.0 1.63794802374162e-10
438.0 1.63794802374162e-10
439.0 1.63794802374162e-10
440.0 1.63794802374162e-10
441.0 1.63794802374162e-10
442.0 0.0007831786206224933
443.0 9.301502927883121e-05
444.0 1.63794802374162e-10
445.0 1.63794802374162e-10
446.0 1.63794802374162e-10
447.0 1.63794802374162e-10
448.0 1.63794802374162e-10
449.0 0.0002014418441831367
450.0 0.0012185705600131769
451.0 0.0010719104466261342
452.0 0.0009252501513401512
453.0 0.000762216677685501
454.0 0.0005991833859297913
455.0 9.238189591087576e-05
456.0 1.63794802374162e-10
457.0 1.4396809433492308e-05
458.0 0.0004432132755027851
459.0 0.00019220906324335374
460.0 1.63794802374162e-10
461.0 1.63794802374162e-10
462.0 1.63794802374162e-10
463.0 1.63794802374162e-10
464.0 1.63794802374162e-10
465.0 1.63794802374162e-10
466.0 1.63794802374162e-10
467.0 1.63794802374162e-10
468.0 0.00065432664086984
469.0 0.00022394747247744817
470.0 1.63794802374162e-10
471.0 1.63794802374162e-10
472.0 1.63794802374162e-10
473.0 1.63794802374162e-10
474.0 1.63794802374162e-10
475.0 1.63794802374162e-10
476.0 1.63794802374162e-10
477.0 1.63794802374162e-10
478.0 1.63794802374162e-10
479.0 1.63794802374162e-10
480.0 1.63794802374162e-10
481.0 1.63794802374162e-10
482.0 0.0001439607785869157
483.0 1.63794802374162e-10
484.0 1.63794802374162e-10
485.0 1.63794802374162e-10
486.0 1.63794802374162e-10
487.0 1.63794802374162e-10
488.0 1.63794802374162e-10
489.0 5.958498405789214e-06
490.0 0.0002499838501535123
491.0 0.0003652205577964196
492.0 0.0004804572654393269
493.0 0.00046392910917347763
494.0 0.00044740108933183365
495.0 0.0001307135335082421
496.0 1.63794802374162e-10
497.0 3.474269760772586e-05
498.0 0.0002554595084802713
499.0 1.63794802374162e-10
500.0 1.63794802374162e-10
501.0 6.224775006558048e-05
502.0 0.0005689006229658844
503.0 0.0003763257154787425
504.0 0.00018375100125922472
505.0 1.63794802374162e-10
506.0 1.63794802374162e-10
507.0 1.63794802374162e-10
508.0 4.033097980027378e-05
509.0 1.63794802374162e-10
510.0 1.63794802374162e-10
511.0 1.63794802374162e-10
512.0 1.63794802374162e-10
513.0 1.63794802374162e-10
514.0 1.63794802374162e-10
515.0 1.63794802374162e-10
516.0 1.63794802374162e-10
517.0 1.63794802374162e-10
518.0 4.6276255716293235e-05
519.0 0.0001127379732679401
520.0 0.00017919982155945036
521.0 1.1174421388204792e-05
522.0 1.63794802374162e-10
523.0 1.63794802374162e-10
524.0 5.584462883234664e-05
525.0 1.63794802374162e-10
526.0 1.63794802374162e-10
527.0 1.63794802374162e-10
528.0 1.63794802374162e-10
529.0 1.63794802374162e-10
530.0 1.63794802374162e-10
531.0 1.63794802374162e-10
532.0 3.9073677271517226e-05
533.0 0.00010769186928882846
534.0 0.00017631004993745591
535.0 0.00019563751720852451
536.0 0.0002149650754290633
537.0 1.63794802374162e-10
538.0 1.63794802374162e-10
539.0 1.63794802374162e-10
540.0 1.63794802374162e-10
541.0 1.63794802374162e-10
542.0 1.63794802374162e-10
543.0 1.63794802374162e-10
544.0 1.63794802374162e-10
545.0 1.63794802374162e-10
546.0 0.0002734994495767751
547.0 1.63794802374162e-10
548.0 1.63794802374162e-10
549.0 1.63794802374162e-10
550.0 1.63794802374162e-10
551.0 1.63794802374162e-10
552.0 1.63794802374162e-10
553.0 1.63794802374162e-10
554.0 1.63794802374162e-10
555.0 1.63794802374162e-10
556.0 1.63794802374162e-10
557.0 1.63794802374162e-10
558.0 1.63794802374162e-10
559.0 1.63794802374162e-10
560.0 1.63794802374162e-10
561.0 1.63794802374162e-10
562.0 1.63794802374162e-10
563.0 1.63794802374162e-10
564.0 8.52599100653606e-05
565.0 0.00014299264421424596
566.0 0.0002007252987823449
567.0 0.00022522901872434886
568.0 0.00024973269319161773
569.0 0.0002522176146158017
570.0 0.00025470249056525063
571.0 0.00023335435344051803
572.0 0.00021200628452788806
573.0 0.00030291173516161507
574.0 0.0003938172540074447
575.0 0.00030855594559398014
576.0 0.00022329456896841293
577.0 0.0002566309149187873
578.0 0.0002899673290812643
579.0 0.0005541707650991157
580.0 0.0008183741556422319
581.0 0.0006755240065103862
582.0 0.0005326737664290704
583.0 0.000637499488220783
584.0 0.0007423252100124955
585.0 0.0007604377060488332
586.0 0.0007785502930346411
587.0 0.0007708612429269124
588.0 0.0007631720109202433
589.0 0.0005848241016792599
590.0 0.0004064760560140712
591.0 0.0005487482667376753
592.0 0.0006910203865118092
593.0 0.0006598789695999585
594.0 0.0006287375981628429
595.0 0.0008537193025404122
596.0 0.0010787010978674516
597.0 0.0015147255908232182
598.0 0.0019507502656779252
599.0 0.0020368377590784803
600.0 0.002122925070580095
601.0 0.002182808384532109
602.0 0.002242691334686242
603.0 0.0021587495211861096
604.0 0.0020748077076859772
605.0 0.0018846922102966346
606.0 0.0016945765310083516
607.0 0.0012612335922312923
608.0 0.0008278904715552926
609.0 0.0008296861778944731
610.0 0.0008314818842336535
611.0 0.0004366410394140985
612.0 4.1800183225859655e-05
613.0 0.0004109637302462943
614.0 0.0007801273568475153
615.0 0.0005867170330020599
616.0 0.0003933069365302799
617.0 0.00038418875192292035
618.0 0.0003750705218408257
619.0 0.00045813089855073486
620.0 0.0005411912297859089
621.0 0.0004682033249991946
622.0 0.00039521537473774515
623.0 0.0006081614174036076
624.0 0.0008211074600694701
625.0 0.0009532164767733775
626.0 0.001085325493477285
627.0 0.001183053791464772
628.0 0.001280781998502789
629.0 0.001447498107154388
630.0 0.0016142141248565167
631.0 0.0018302471289644018
632.0 0.002046280314971227
633.0 0.002397461503278464
634.0 0.002748642691585701
635.0 0.002805687654472422
636.0 0.0028627320716623217
637.0 0.002618200596771203
638.0 0.002373668939981144
639.0 0.0020464169210754335
640.0 0.0017191647202707827
641.0 0.0015420764611917548
642.0 0.0013649881111632567
643.0 0.0008618556421424728
644.0 0.0003587232868085266
645.0 0.00014489851309917867
646.0 1.63794802374162e-10
647.0 0.00026824923224921804
648.0 0.0006054248842701782
649.0 0.000571778809899115
650.0 0.0005381327810027869
651.0 0.0008324920599989127
652.0 0.0011268513844697736
653.0 0.001300755775446305
654.0 0.0014746599845238961
655.0 0.0018414993974147364
656.0 0.0022083386284066364
657.0 0.002755756759142969
658.0 0.003303174889879301
659.0 0.0034034081181744114
660.0 0.0035036417102674022
661.0 0.003134368671453558
662.0 0.0027650956326397136
663.0 0.002333831253054086
664.0 0.0019025666915695183
665.0 0.0017149395716842264
666.0 0.0015273122698999941
667.0 0.0011569463822524995
668.0 0.000786580585554475
669.0 0.0007299391654669307
670.0 0.0006732976999046514
671.0 0.0005818819772684947
672.0 0.0004904663910565432
673.0 0.0006278290129557718
674.0 0.0007651917258044705
675.0 0.0009604968909115996
676.0 0.0011558020560187288
677.0 0.0017535117876832373
678.0 0.002351221519347746
679.0 0.003274859773227945
680.0 0.004198497845209204
681.0 0.005898920426261611
682.0 0.007599342643516138
683.0 0.009169758413918316
684.0 0.010740174184320495
685.0 0.01044480741256848
686.0 0.010149442096007988
687.0 0.008906850416678935
688.0 0.007664258009754121
689.0 0.006531809049192816
690.0 0.00539935972483363
691.0 0.004561866080621257
692.0 0.003724372436408885
693.0 0.0029720122256549075
694.0 0.0022196521967998706
695.0 0.0016817783034639433
696.0 0.0011439047739258967
697.0 0.0009728039003675804
698.0 0.000801703026809264
699.0 0.0006843358733021887
700.0 0.0005669687652698485
701.0 0.0005733139460062375
702.0 0.0005796591722173616
703.0 0.0006350466264848365
704.0 0.0006904340807523113
705.0 0.0006303233931248542
706.0 0.0005702128419216024
707.0 0.0007182307854236569
708.0 0.0008662488653499167
709.0 0.0008389506547246128
710.0 0.0008116524440993089
711.0 0.0008871395948517602
712.0 0.0009626268365536816
713.0 0.0007794036719133146
714.0 0.0005961805527476827
715.0 0.0005237884124653647
716.0 0.0004513962267083116
717.0 0.00039403416849381756
718.0 0.00033667190564301563
719.0 0.000329512022290146
720.0 0.00032235209346254123
721.0 0.00019355766198714264
722.0 6.476329872384667e-05
723.0 0.00017442589523852803
724.0 0.0002840886054400471
725.0 0.00025489512154308613
726.0 0.00022570168312086025
727.0 0.0003193536485923687
728.0 0.00041300545490230434
729.0 0.00013879952120987582
730.0 1.63794802374162e-10
731.0 0.00011088161500083515
732.0 0.00035716971069632564
733.0 0.00040551944948674645
734.0 0.0004538690063782269
735.0 0.0004711487690656213
736.0 0.0004884284408035455
737.0 0.00044916705519426614
738.0 0.00040990566958498675
739.0 0.0008825952136248816
740.0 0.0013552848940889817
741.0 0.001975982013391331
742.0 0.00259667922364315
743.0 0.0029573915526270866
744.0 0.0033181040635099635
745.0 0.003678701978060417
746.0 0.00403929952881299
747.0 0.0041537732613505796
748.0 0.004268246630090289
749.0 0.004153345798840746
750.0 0.004038444967591204
751.0 0.003965713040088303
752.0 0.0038929807487875223
753.0 0.003582617500796914
754.0 0.003272254252806306
755.0 0.002890007999667432
756.0 0.0025077617465285584
757.0 0.0019139262803946622
758.0 0.0013200904504628852
759.0 0.0011518261999299284
760.0 0.0009835620403464418
761.0 0.0008770489330345299
762.0 0.000770535825722618
763.0 0.0005651874744216911
764.0 0.00035983921407023445
765.0 0.0004162732238910394
766.0 0.0004727072791865794
767.0 0.00044611088014789857
768.0 0.0004195145720586879
769.0 0.0005239920483290916
770.0 0.0006284696155489655
771.0 0.0007089932296366896
772.0 0.0007895167982496787
773.0 0.0008626967428426724
774.0 0.0009358765964861959
775.0 0.0007102085874066688
776.0 0.0004845405328524066
777.0 0.0007080164778017206
778.0 0.0009314923772762995
779.0 0.0008690512913744897
780.0 0.0008066102054726798
781.0 0.001011144104268169
782.0 0.0012156780030636583
783.0 0.001161919590231264
784.0 0.0011081613592978101
785.0 0.001344260908808792
786.0 0.0015803601854713634
787.0 0.0013068812222627457
788.0 0.001033402259054128
789.0 0.0010550043043622281
790.0 0.0010766063496703282
791.0 0.000926135999179678
792.0 0.0007756659215374384
793.0 0.0007437357453454752
794.0 0.0007118054327293066
795.0 0.0005802990017400589
796.0 0.00044879257075081114
797.0 0.00037244460600049933
798.0 0.0002960967321996577
799.0 0.00028309275421634084
800.0 0.0002700887989703915
801.0 0.0002448959548928542
802.0 0.00021970329271425726
803.0 5.868638481842936e-05
804.0 1.63794802374162e-10
805.0 1.63794802374162e-10
806.0 3.7528673146880465e-05
807.0 0.00025594199541956186
808.0 0.00047435523811145686
809.0 0.000355658630724065
810.0 0.00023696202333667316
811.0 0.0003065407554458943
812.0 0.00037611951029248303
813.0 0.00026491998141864315
814.0 0.00015372046391348704
815.0 0.00023669731490372214
816.0 0.0003196741090505384
817.0 0.00016438721104350407
818.0 9.100350695234738e-06
819.0 0.000234705294133164
820.0 0.00046031018428038806
821.0 0.0003486142531983205
822.0 0.0002369181856920477
823.0 9.586981377651682e-05
824.0 1.63794802374162e-10
825.0 8.181054340639093e-05
826.0 0.00020879942894680426
827.0 1.63794802374162e-10
828.0 1.63794802374162e-10
829.0 1.63794802374162e-10
830.0 4.398508792746725e-05
831.0 1.63794802374162e-10
832.0 1.63794802374162e-10
833.0 1.63794802374162e-10
834.0 2.787027142403531e-05
835.0 1.63794802374162e-10
836.0 1.63794802374162e-10
837.0 1.63794802374162e-10
838.0 1.63794802374162e-10
839.0 8.835165203890938e-05
840.0 0.00021962500795780215
841.0 0.00015250041087710997
842.0 8.537571716260572e-05
843.0 1.63794802374162e-10
844.0 1.63794802374162e-10
845.0 1.63794802374162e-10
846.0 1.63794802374162e-10
847.0 5.58588169496943e-05
848.0 0.0001490250269853277
849.0 0.00010813859034897177
850.0 6.725204002577811e-05
851.0 0.00018092071059072623
852.0 0.0002945893584183068
853.0 0.0005363101081456989
854.0 0.0007780308806104586
855.0 0.0007693332008784637
856.0 0.0007606357030454092
857.0 0.000815583553048782
858.0 0.0008705314030521549
859.0 0.0009658244380261749
860.0 0.0010611174730001949
861.0 0.00121890561786131
862.0 0.0013766937627224252
863.0 0.0015120775969990063
864.0 0.0016474617950734682
865.0 0.0015111000720935408
866.0 0.0013747382581641432
867.0 0.001547533247503452
868.0 0.0017203279639943503
869.0 0.0018005082893068902
870.0 0.0018806886146194302
871.0 0.0020438954379642382
872.0 0.0022071022613090463
873.0 0.0024015231247176416
874.0 0.002595944533823058
875.0 0.002549028431531042
876.0 0.0025021123292390257
877.0 0.002856557875929866
878.0 0.0032110034226207063
879.0 0.003222133091185242
880.0 0.003233262395951897
881.0 0.0031483545171795413
882.0 0.003063446274609305
883.0 0.003039810690097511
884.0 0.0030161749236867763
885.0 0.0031019335438031703
