lsstCam/transmission_filter_detector/r42_s10/u_24/19700101T000000.ecsv
# %ECSV 1.0
# ---
# datatype:
# - {name: wavelength, unit: nm, datatype: float32}
# - {name: efficiency, unit: '%', datatype: float64}
# meta: !!omap
# - {MODE: DETECTOR}
# - {TYPE: transmission_filter_detector}
# - {CALIBDATE: '1970-01-01T00:00:00'}
# - {INSTRUME: LSSTCam}
# - {OBSTYPE: transmission_filter_detector}
# - {CALIBCLS: lsst.ip.isr.IntermediateFilterDetectorTransmissionCurve}
# - {SOURCE: Materion (DM-46256)}
# - {DETECTOR: 174}
# - {FILTER: u_24}
# - {CALIB_ID: 'calibDate=1970-01-01T00:00:00 filter=u_24 detector=174'}
# - {DATE: '2025-04-02T15:59:40.557043'}
# - {CALIB_CREATION_DATE: '2025-04-02'}
# - {CALIB_CREATION_TIME: '15:59:40'}
# - __serialized_columns__:
#     efficiency:
#       __class__: astropy.units.quantity.Quantity
#       unit: !astropy.units.Unit {unit: '%'}
#       value: !astropy.table.SerializedColumn {name: efficiency}
#     wavelength:
#       __class__: astropy.units.quantity.Quantity
#       unit: !astropy.units.Unit {unit: nm}
#       value: !astropy.table.SerializedColumn {name: wavelength}
# schema: astropy-2.0
wavelength efficiency
[from data line 592]
887.0 0.003203539381502196
888.0 0.0032193864171858877
889.0 0.002977093026856892
890.0 0.002734799090831075
891.0 0.0029065360649838112
892.0 0.0030782724934397265
893.0 0.0032028296118369326
894.0 0.003327386366436258
895.0 0.0030979354050941765
896.0 0.002868484989448916
897.0 0.003095625652349554
898.0 0.0033227661333512515
899.0 0.0034262709959875792
900.0 0.003529775858623907
901.0 0.0038736838178010657
902.0 0.0042175917769782245
903.0 0.004549347431748174
904.0 0.004881103086518124
905.0 0.004910978896077722
906.0 0.00494085434183944
907.0 0.0052677543862955645
908.0 0.005594654066953808
909.0 0.005478118691826239
910.0 0.00536158331669867
911.0 0.005505077206180431
912.0 0.0056485710956621915
913.0 0.005603138924925588
914.0 0.005557707117986865
915.0 0.005238076846580952
916.0 0.004918446211377159
917.0 0.005059605609858409
918.0 0.005200765008339658
919.0 0.005172936653252691
920.0 0.005145108298165724
921.0 0.005018797310185619
922.0 0.004892486322205514
923.0 0.0049221554945688695
924.0 0.0049518243031343445
925.0 0.005309015978127718
926.0 0.005666207289323211
927.0 0.006069839946576394
928.0 0.006473471876233816
929.0 0.006720497913192958
930.0 0.0069675246777478606
931.0 0.00722168042557314
932.0 0.007475836900994182
933.0 0.0074857016443274915
934.0 0.007495564932469279
935.0 0.007596587965963408
936.0 0.007697610271861777
937.0 0.007304446626221761
938.0 0.0069112829805817455
939.0 0.006673238385701552
940.0 0.00643519451841712
941.0 0.005815139229525812
942.0 0.005195084668230265
943.0 0.004721603909274563
944.0 0.004248123150318861
945.0 0.003669123543659225
946.0 0.003090123209403828
947.0 0.0027885022063856013
948.0 0.002486881203367375
949.0 0.0021331892639864236
950.0 0.0017794973246054724
951.0 0.001741990854497999
952.0 0.0017044842024915852
953.0 0.0016867612430360168
954.0 0.0016690379197825678
955.0 0.0017996235328610055
956.0 0.001930208964040503
957.0 0.002085298183374107
958.0 0.002240387584606651
959.0 0.0024879509510356
960.0 0.0027355139536666684
961.0 0.003310459214844741
962.0 0.003885404294123873
963.0 0.004051745418109931
964.0 0.004218086178298108
965.0 0.004613357668858953
966.0 0.005008628795621917
967.0 0.004951482696924359
968.0 0.0048943365982268006
969.0 0.00481674142065458
970.0 0.00473914660688024
971.0 0.005056542067904957
972.0 0.005373937892727554
973.0 0.005118349872645922
974.0 0.00486276185256429
975.0 0.0045458182285074145
976.0 0.004228874240652658
977.0 0.004161427932558581
978.0 0.004093981260666624
979.0 0.00386336469091475
980.0 0.0036327477573649958
981.0 0.003449898213148117
982.0 0.0032670486689312384
983.0 0.00324646825902164
984.0 0.0032258878491120413
985.0 0.003289491360192187
986.0 0.003353094871272333
987.0 0.003897761052940041
988.0 0.004442426870809868
989.0 0.004774519038619474
990.0 0.005106611206429079
991.0 0.005814759788336232
992.0 0.006522909097839147
993.0 0.006724659033352509
994.0 0.006926409696461633
995.0 0.007102188828866929
996.0 0.007277967233676463
997.0 0.00719003364793025
998.0 0.0071020978793967515
999.0 0.006822508294135332
1000.0 0.006542917981278151
1001.0 0.006192209548316896
1002.0 0.0058415025705471635
1003.0 0.005603646059171297
1004.0 0.005365790639189072
1005.0 0.005193730248720385
1006.0 0.00502167058584746
1007.0 0.004510605504037812
1008.0 0.0039995396946324036
1009.0 0.00425649959652219
1010.0 0.004513459134614095
1011.0 0.00400721728510689
1012.0 0.0035009747080039233
1013.0 0.0028293547075008973
1014.0 0.002157734525098931
1015.0 0.001966857962543145
1016.0 0.001775981581886299
1017.0 0.0014926069525245111
1018.0 0.0012092323231627233
1019.0 0.0011963395081693307
1020.0 0.0011834465112769976
1021.0 0.0013581909115600865
1022.0 0.0015329353118431754
1023.0 0.0013556242265622132
1024.0 0.001178313232230721
1025.0 0.0013504868547897786
1026.0 0.0015226604773488361
1027.0 0.0015086437088029925
1028.0 0.0014946271221560892
1029.0 0.0015824525689822622
1030.0 0.001670277924858965
1031.0 0.0017537397070555016
1032.0 0.0018372014892520383
1033.0 0.0021627316527883522
1034.0 0.0024882614525267854
1035.0 0.002305225279997103
1036.0 0.0021221891074674204
1037.0 0.0024944192773546092
1038.0 0.0028666496291407384
1039.0 0.0026421765142004006
1040.0 0.0024177033992600627
1041.0 0.002401986603217665
1042.0 0.0023862698071752675
1043.0 0.0021270425349939615
1044.0 0.0018678152628126554
1045.0 0.0018981139874085784
1046.0 0.0019284127120045014
1047.0 0.0022539954443345778
1048.0 0.002579578540462535
1049.0 0.002174850851588417
1050.0 0.0017701231627142988
1051.0 0.0017398764612153172
1052.0 0.0017096295778173953
1053.0 0.0015523504771408625
1054.0 0.0013950716493127402
1055.0 0.0014203051250660792
1056.0 0.0014455386008194182
1057.0 0.0011365965292498004
1058.0 0.0008276546395791229
1059.0 0.0010863974239327945
1060.0 0.0013451405720843468
1061.0 0.001631629311305005
1062.0 0.0019181181414751336
1063.0 0.002218910594820045
1064.0 0.0025197030481649563
1065.0 0.001261757188331103
1066.0 3.8111664935058798e-06
1067.0 0.0009239483006240334
1068.0 0.0018440850908518769
1069.0 0.0013281716746860184
1070.0 0.0008122579856717493
1071.0 0.0010212637789663859
1072.0 0.0012302696632104926
1073.0 0.0021060242943349294
1074.0 0.002981778743560426
1075.0 0.002594776378828101
1076.0 0.002207774195994716
1077.0 0.002942705759778619
1078.0 0.003677637505461462
1079.0 0.003647911944426596
1080.0 0.0036181860195938498
1081.0 0.003057100548176095
1082.0 0.0024960152586572804
1083.0 0.0032777923479443416
1084.0 0.004059569619130343
1085.0 0.004724351310869679
1086.0 0.0053891330026090145
1087.0 0.0049205980758415535
1088.0 0.0044520631490740925
1089.0 0.0030956973205320537
1090.0 0.0017393318557878956
1091.0 0.003948199810110964
1092.0 0.006157067400636151
1093.0 0.004017988612758927
1094.0 0.001878909461083822
1095.0 0.0032700630981707945
1096.0 0.004661217099055648
1097.0 0.0029190932764322497
1098.0 0.001176969635707792
1099.0 0.004261399953975342
1100.0 0.007345829362748191
