lsstCam/transmission_filter_detector/r30_s12/i_39/19700101T000000.ecsv
# %ECSV 1.0
# ---
# datatype:
# - {name: wavelength, unit: nm, datatype: float32}
# - {name: efficiency, unit: '%', datatype: float64}
# meta: !!omap
# - {MODE: DETECTOR}
# - {TYPE: transmission_filter_detector}
# - {CALIBDATE: '1970-01-01T00:00:00'}
# - {INSTRUME: LSSTCam}
# - {OBSTYPE: transmission_filter_detector}
# - {CALIBCLS: lsst.ip.isr.IntermediateFilterDetectorTransmissionCurve}
# - {SOURCE: Materion (DM-46256)}
# - {DETECTOR: 122}
# - {FILTER: i_39}
# - {CALIB_ID: 'calibDate=1970-01-01T00:00:00 filter=i_39 detector=122'}
# - {DATE: '2025-04-02T15:59:47.045223'}
# - {CALIB_CREATION_DATE: '2025-04-02'}
# - {CALIB_CREATION_TIME: '15:59:47'}
# - __serialized_columns__:
#     efficiency:
#       __class__: astropy.units.quantity.Quantity
#       unit: !astropy.units.Unit {unit: '%'}
#       value: !astropy.table.SerializedColumn {name: efficiency}
#     wavelength:
#       __class__: astropy.units.quantity.Quantity
#       unit: !astropy.units.Unit {unit: nm}
#       value: !astropy.table.SerializedColumn {name: wavelength}
# schema: astropy-2.0
wavelength efficiency
300.0 1.6236929335777806e-10
301.0 1.6096295496481616e-05
302.0 0.018019571143668145
303.0 0.011971828644163907
304.0 0.0059240883274469525
305.0 0.012785794388037175
306.0 0.01964750263141468
307.0 0.01391223631799221
308.0 0.008176967821782455
309.0 0.007172161713242531
310.0 0.006167357787489891
311.0 1.6236929335777806e-10
312.0 1.6236929335777806e-10
313.0 1.6236929335777806e-10
314.0 1.6236929335777806e-10
315.0 1.6236929335777806e-10
316.0 1.6236929335777806e-10
317.0 1.6236929335777806e-10
318.0 1.6236929335777806e-10
319.0 0.0018610582628753036
320.0 0.005466729635372758
321.0 0.0016064523151726462
322.0 1.6236929335777806e-10
323.0 1.6236929335777806e-10
324.0 0.0016075809980975464
325.0 0.0021786217985209078
326.0 0.0027496636903379112
327.0 0.001455605979572283
328.0 0.00016154907598320278
329.0 0.002197337744291872
330.0 0.004233125946484506
331.0 0.0033230622648261487
332.0 0.0024129976736730896
333.0 0.0015607611203449778
334.0 0.0007085249762894819
335.0 0.001181343395728618
336.0 0.0016541616787435487
337.0 0.0025088671463890933
338.0 0.003363572614034638
339.0 0.0012184042134322226
340.0 1.6236929335777806e-10
341.0 1.6236929335777806e-10
342.0 1.6236929335777806e-10
343.0 1.6236929335777806e-10
344.0 1.6236929335777806e-10
345.0 0.0002765453473330126
346.0 0.00083762570284307
347.0 0.00015452451407327317
348.0 1.6236929335777806e-10
349.0 7.577493477128883e-06
350.0 0.0005437319032353116
351.0 1.6236929335777806e-10
352.0 1.6236929335777806e-10
353.0 1.6236929335777806e-10
354.0 1.6236929335777806e-10
355.0 0.00012404333347149077
356.0 0.00047798857849556953
357.0 1.6236929335777806e-10
358.0 1.6236929335777806e-10
359.0 1.6236929335777806e-10
360.0 0.0008417998287768569
361.0 0.0004251096015650546
362.0 8.41957898956025e-06
363.0 1.6236929335777806e-10
364.0 1.6236929335777806e-10
365.0 1.6236929335777806e-10
366.0 0.0005397704626375344
367.0 0.0008011911631911062
368.0 0.0010626120456436183
369.0 0.0002555326091169263
370.0 1.6236929335777806e-10
371.0 1.6236929335777806e-10
372.0 1.6236929335777806e-10
373.0 1.6236929335777806e-10
374.0 1.6236929335777806e-10
375.0 1.6236929335777806e-10
376.0 1.6236929335777806e-10
377.0 0.00011368197192496154
378.0 0.000367042662219319
379.0 0.0007229104994621594
380.0 0.001078778223018162
381.0 0.0006466313152486691
382.0 0.00021448458937811665
383.0 4.39076785596626e-05
384.0 1.6236929335777806e-10
385.0 0.00011018814802810084
386.0 0.0003470457386356429
387.0 8.463485983156716e-05
388.0 1.6236929335777806e-10
389.0 1.6236929335777806e-10
390.0 1.6236929335777806e-10
391.0 1.6236929335777806e-10
392.0 1.6236929335777806e-10
393.0 1.6236929335777806e-10
394.0 0.0004038176939502591
395.0 0.0008034079655772075
396.0 0.001202998282678891
397.0 0.0009331700312031899
398.0 0.0006633418252022238
399.0 0.001056370820151642
400.0 0.0014493999515252654
401.0 0.0033267337130382657
402.0 0.005204066474107094
403.0 0.003239534271415323
404.0 0.001275000613532029
405.0 0.0021683794329874218
406.0 0.003061758616240695
407.0 0.004027677641715854
408.0 0.004993596667191014
409.0 0.00409026033594273
410.0 0.0031869232770986855
411.0 0.003723876943695359
412.0 0.004260830246494152
413.0 0.004284294118406251
414.0 0.00430775762652047
415.0 0.004799594898940995
416.0 0.00529143180756364
417.0 0.005189817602513358
418.0 0.005088201942271553
419.0 0.004935840479447506
420.0 0.004783478289027698
421.0 0.004444576916284859
422.0 0.004105674815946259
423.0 0.004781359893968329
424.0 0.005457044971990399
425.0 0.00543632049812004
426.0 0.005415596388047561
427.0 0.005637537105940282
428.0 0.005859478187630884
429.0 0.0049708392907632515
430.0 0.004082200393895619
431.0 0.004106694905203767
432.0 0.004131189052714035
433.0 0.003126890806015581
434.0 0.002122592559317127
435.0 0.0020050123566761613
436.0 0.001887432335934136
437.0 0.0013435634173220024
438.0 0.0007996944077603985
439.0 0.0009898450116452295
440.0 0.0011799957064795308
441.0 0.0008577099833928514
442.0 0.0005354243057809072
443.0 0.0014331345482787583
444.0 0.0023308448362513445
445.0 0.0011099645234935451
446.0 1.6236929335777806e-10
447.0 2.7635724109131843e-05
448.0 0.00016618724885120173
449.0 0.00041913954191841185
450.0 0.0006720917099301005
451.0 0.0006854967978142668
452.0 0.0006989020221226383
453.0 0.00041856237658066675
454.0 0.00013822269693264388
455.0 0.00041846551539492793
456.0 0.0006987083907006308
457.0 0.0004470156454772223
458.0 0.000195322786566976
459.0 0.00037884190078329993
460.0 0.0005623609467875212
461.0 0.0004932971933158115
462.0 0.0004242336672177771
463.0 0.0004960104433848755
464.0 0.0005677872650267091
465.0 0.00047977614485716913
466.0 0.000391765433960245
467.0 0.0003556502633728087
468.0 0.0003195349790985347
469.0 0.00042909027797577437
470.0 0.0005386457360145869
471.0 0.0004430229637364391
472.0 0.000347400509781437
473.0 0.00042270153244317044
474.0 0.0004980025551049039
475.0 0.0003052815145565546
476.0 0.00011256046263952157
477.0 0.00029227892355265794
478.0 0.00047199728214764036
479.0 0.0010141723578271922
480.0 0.0015563477063551545
481.0 0.0018467151676304638
482.0 0.002137082992703654
483.0 0.0032171610655495897
484.0 0.0042972391383955255
485.0 0.005220718594500795
486.0 0.006144196959212422
487.0 0.008440432429779321
488.0 0.010736666445154697
489.0 0.013940538337919861
490.0 0.017144410230685025
491.0 0.02072450879495591
492.0 0.02430461026960984
493.0 0.026676181005313993
494.0 0.02904775319620967
495.0 0.02747952821664512
496.0 0.025911297416314483
497.0 0.02133781526936218
498.0 0.016764331667218357
499.0 0.01215951779158786
500.0 0.0075547031883616
501.0 0.004971112866769545
502.0 0.002387521271884907
503.0 0.002158088500436861
504.0 0.0019286559108877555
505.0 0.0018130167518393137
506.0 0.0016973774108919315
507.0 0.0018477072444511577
508.0 0.0019980367142125033
509.0 0.0022887406885274686
510.0 0.0025794444809434935
511.0 0.0019837427316815592
512.0 0.001388041073369095
513.0 0.0015870176866883412
514.0 0.0017859945728559978
515.0 0.0021030526113463566
516.0 0.0024201108317356557
517.0 0.002431997927487828
518.0 0.0024438852051389404
519.0 0.0019500610505929217
520.0 0.0014562367141479626
521.0 0.0015294448530767113
522.0 0.0016026531739044003
523.0 0.0017375983588863164
524.0 0.0018725437257671729
525.0 0.0019731525753741153
526.0 0.002073761606879998
527.0 0.0024791153919068165
528.0 0.002884469176933635
529.0 0.002940186641353648
530.0 0.0029959041057736613
531.0 0.0026285679268767126
532.0 0.0022612321117776446
533.0 0.001838636126194615
534.0 0.001416040049662115
535.0 0.0016307714759022929
536.0 0.0018455029930919409
537.0 0.0024537017452530563
538.0 0.0030619004974141717
539.0 0.003694765837281011
540.0 0.004327631540945731
541.0 0.0048125264584086835
542.0 0.005297421739669517
543.0 0.005110827987664379
544.0 0.004924234235659242
545.0 0.004174752029939555
546.0 0.0034252698242198676
547.0 0.002686182597244624
548.0 0.0019470953702693805
549.0 0.0016332907762262039
550.0 0.0013194862731324974
551.0 0.0014375026694324333
552.0 0.0015555187928839587
553.0 0.0016971864170045592
554.0 0.0018388542230241
555.0 0.0014218310752767138
556.0 0.0010048083822766785
557.0 0.0008860922207531985
558.0 0.0007673762411286589
559.0 0.0007037599971226882
560.0 0.0006401438440661877
561.0 0.0009076584319700487
562.0 0.0011751731108233798
563.0 0.0015093911315489095
564.0 0.001843609061324969
565.0 0.001705718386801891
566.0 0.0015678278941777535
567.0 0.0013290029528434388
568.0 0.001090177920559654
569.0 0.0009285944543080404
570.0 0.0007670108971069567
571.0 0.000592759579376434
572.0 0.000418508125221706
573.0 0.00044677781261270866
574.0 0.0004750475000037113
575.0 0.0004192859705653973
576.0 0.00036352444112708326
577.0 0.00038565349314012565
578.0 0.0004077825906279031
579.0 0.0004645463377528358
580.0 0.0005213101758272387
581.0 0.000493200514029013
582.0 0.00046509094318025745
583.0 0.000415363501815591
584.0 0.00036563601497618947
585.0 0.000513857094119885
586.0 0.0006620780368393753
587.0 0.000551988159713801
588.0 0.0004418983280629618
589.0 0.0006045880127203418
590.0 0.000767277833801927
591.0 0.0005139538188814186
592.0 0.000260629758486175
593.0 0.00041842986320261844
594.0 0.0005762299679190619
595.0 0.00046579593799833674
596.0 0.00035536188534024404
597.0 0.00038943903746258
598.0 0.00042351616684754845
599.0 0.00036678120522992685
600.0 0.00031004624361230526
601.0 0.00039670167097938247
602.0 0.00048335718929592986
603.0 0.0003443621608312242
604.0 0.00020536717784125358
605.0 0.00022072886167734396
606.0 0.0002360905227760668
607.0 0.0003437806526562781
608.0 0.0004514707597991219
609.0 0.0004499470833252417
610.0 0.0004484234523260966
611.0 0.00044517005335364956
612.0 0.0004419166998559376
613.0 0.00040561631067248527
614.0 0.00036931598970113555
615.0 0.00043001928133890033
616.0 0.0004907225957140326
617.0 0.0003606870222938596
618.0 0.0002306514943484217
619.0 0.0001493278887210181
620.0 6.800429446229828e-05
621.0 0.00019363737919775303
622.0 0.00031927047530189157
623.0 0.0003316654101581662
624.0 0.0003440603222770733
625.0 0.00035474645301292185
626.0 0.0003654325837487704
627.0 0.00035497935186867835
628.0 0.0003445261199885863
629.0 0.0003880331860273145
630.0 0.0004315402293286752
631.0 0.00041791759031184483
632.0 0.0004042947693960741
633.0 0.00038477637644973584
634.0 0.00036525798350339755
635.0 0.00040187951526604593
636.0 0.0004385010925034294
637.0 0.00032595226002740674
638.0 0.00021340331386454636
639.0 0.00035139253213856136
640.0 0.000489381818624679
641.0 0.0005203450655244524
642.0 0.0005513083578989608
643.0 0.0005091666480439017
644.0 0.00046702480176463723
645.0 0.0005657554538629483
646.0 0.0006644861514359945
647.0 0.0007703501978539862
648.0 0.0008762141078477725
649.0 0.0008478755262331106
650.0 0.0008195369446184486
651.0 0.0008436405551037751
652.0 0.0008677440746396314
653.0 0.0008070775947999209
654.0 0.0007464110694854753
655.0 0.0010783207471831702
656.0 0.00141023037940613
657.0 0.002392019086983055
658.0 0.003373807339812629
659.0 0.0054685002396581694
660.0 0.05266587249934673
661.0 0.09040115983225405
662.0 0.06295596831478179
663.0 0.10851577389985323
664.0 0.11871610768139362
665.0 0.10317044798284769
666.0 0.10561038507148623
667.0 0.16303547890856862
668.0 0.18615848384797573
669.0 0.23333821445703506
670.0 0.33278241753578186
671.0 0.46668765135109425
672.0 0.747104175388813
673.0 1.1535942554473877
674.0 1.7662262544035912
675.0 2.6391252875328064
676.0 3.653709962964058
677.0 4.938133060932159
678.0 6.261860579252243
679.0 7.621803879737854
680.0 9.442786127328873
681.0 11.408565938472748
682.0 13.898800313472748
683.0 16.579335927963257
684.0 19.57414597272873
685.0 22.482728958129883
686.0 25.482919812202454
687.0 28.650203347206116
688.0 31.964141130447388
689.0 35.151755809783936
690.0 38.792744278907776
691.0 42.82320439815521
692.0 47.60242998600006
693.0 52.64610052108765
694.0 58.40579271316528
695.0 64.07226920127869
696.0 70.33557295799255
697.0 75.9041428565979
698.0 81.96027278900146
699.0 86.6497278213501
700.0 90.35286903381348
701.0 93.4477686882019
702.0 95.49296498298645
703.0 96.68876528739929
704.0 97.26316928863525
705.0 97.71960973739624
706.0 97.84619212150574
707.0 98.00322651863098
708.0 98.04475903511047
709.0 98.11790585517883
710.0 97.91849255561829
711.0 98.05366396903992
712.0 97.917240858078
713.0 98.05700778961182
714.0 98.08324575424194
715.0 98.14105033874512
716.0 97.9897677898407
717.0 98.2189953327179
718.0 98.31087589263916
719.0 98.25816750526428
720.0 98.53761792182922
721.0 98.45575094223022
722.0 98.15494418144226
723.0 97.97402620315552
724.0 97.60317802429199
725.0 97.33765125274658
726.0 97.04945683479309
727.0 96.75651788711548
728.0 96.53800129890442
729.0 96.35035991668701
730.0 96.32874131202698
731.0 96.31679654121399
732.0 96.25518918037415
733.0 96.6356098651886
734.0 96.94493412971497
735.0 97.15005159378052
736.0 97.55586981773376
737.0 98.00103902816772
738.0 98.18696975708008
739.0 98.59553575515747
740.0 98.82544875144958
741.0 98.67101907730103
742.0 98.98805618286133
743.0 98.80707263946533
744.0 98.65002632141113
745.0 98.6257553100586
746.0 98.53959679603577
747.0 98.85111451148987
748.0 98.66926074028015
749.0 98.56176376342773
750.0 98.628169298172
751.0 98.5239028930664
752.0 98.40280413627625
753.0 98.64397644996643
754.0 98.49454164505005
755.0 98.5490083694458
756.0 98.64686727523804
757.0 98.67074489593506
758.0 98.83950352668762
759.0 98.831307888031
760.0 98.69163632392883
761.0 98.67729544639587
762.0 98.66253137588501
763.0 98.68887662887573
764.0 98.49811792373657
765.0 98.56476187705994
766.0 98.55508804321289
767.0 98.35423231124878
768.0 98.3865737915039
769.0 98.47083687782288
770.0 98.21251630783081
771.0 98.18440079689026
772.0 98.27188849449158
773.0 98.12285304069519
774.0 97.96921610832214
775.0 98.05208444595337
776.0 97.95429706573486
777.0 98.00136089324951
778.0 98.04335236549377
779.0 98.00655841827393
780.0 97.9381263256073
781.0 98.2420265674591
782.0 98.17966222763062
783.0 98.19161295890808
784.0 98.18369746208191
785.0 98.33971858024597
786.0 98.49542379379272
787.0 98.19045662879944
788.0 98.36309552192688
789.0 98.37931990623474
790.0 98.35810661315918
791.0 98.42982292175293
792.0 98.24614524841309
793.0 98.19172620773315
794.0 98.14557433128357
795.0 98.03975224494934
796.0 98.07998538017273
797.0 98.08528423309326
798.0 98.10072779655457
799.0 97.90738224983215
800.0 97.67174124717712
801.0 97.82344698905945
802.0 97.70451784133911
803.0 97.51505851745605
804.0 97.3500907421112
805.0 96.93236947059631
806.0 96.54539823532104
807.0 95.9181547164917
808.0 94.96568441390991
809.0 93.79779100418091
810.0 92.495858669281
811.0 90.74391722679138
812.0 88.56204152107239
813.0 85.96378564834595
814.0 82.93861746788025
815.0 79.49626445770264
816.0 75.78508853912354
817.0 71.50157690048218
818.0 66.66716933250427
819.0 62.365901470184326
820.0 57.359522581100464
821.0 52.84184217453003
822.0 48.44396710395813
823.0 43.8302606344223
824.0 39.149245619773865
825.0 34.87377166748047
826.0 30.47085702419281
827.0 25.8271723985672
828.0 21.618790924549103
829.0 17.43462234735489
830.0 13.228127360343933
831.0 10.010621696710587
832.0 6.866327673196793
833.0 4.542872309684753
834.0 2.83016636967659
835.0 1.743980124592781
836.0 0.9974499233067036
837.0 0.5782809108495712
838.0 0.3106196178123355
839.0 0.18891708459705114
840.0 0.11859176447615027
841.0 0.029314623679965734
842.0 0.02834148472175002
843.0 0.027050822973251343
844.0 0.01651076745474711
845.0 1.6236929335777806e-10
846.0 1.6236929335777806e-10
847.0 1.6236929335777806e-10
848.0 1.6236929335777806e-10
849.0 1.6236929335777806e-10
850.0 1.6236929335777806e-10
851.0 0.002493585998308845
852.0 0.0031984051020117477
853.0 0.001788455483620055
854.0 0.0003785058197536273
855.0 0.00033365326999046374
856.0 0.00028880069748993265
857.0 0.0004697690656030318
858.0 0.0006507374564534985
859.0 0.00020926274828525493
860.0 1.6236929335777806e-10
861.0 1.6236929335777806e-10
862.0 1.6236929335777806e-10
863.0 1.6236929335777806e-10
864.0 1.6236929335777806e-10
865.0 1.449184310331475e-05
866.0 9.590994523023255e-05
867.0 1.6236929335777806e-10
868.0 1.6236929335777806e-10
869.0 1.6236929335777806e-10
870.0 0.00011493644933580072
871.0 9.252478889720805e-05
872.0 7.011309435256408e-05
873.0 8.560926545442271e-06
874.0 1.6236929335777806e-10
875.0 1.6236929335777806e-10
876.0 1.6236929335777806e-10
877.0 1.6236929335777806e-10
878.0 4.5037560880700767e-05
879.0 2.10899898434036e-05
880.0 1.6236929335777806e-10
881.0 3.4747162658277375e-05
882.0 7.235186672005511e-05
883.0 1.6236929335777806e-10
884.0 1.6236929335777806e-10
885.0 1.6236929335777806e-10
886.0 4.883482347395329e-05
887.0 2.7033237870455196e-05
888.0 5.231620647805357e-06
889.0 7.777688892929291e-05
890.0 0.00015032214832899626
891.0 1.1709752056887623e-07
892.0 1.6236929335777806e-10
893.0 1.6236929335777806e-10
894.0 4.148152186189691e-05
895.0 3.548520055574045e-05
