lsstCam/transmission_filter_detector/r30_s12/i_39/19700101T000000.ecsv
# %ECSV 1.0
# ---
# datatype:
# - {name: wavelength, unit: nm, datatype: float32}
# - {name: efficiency, unit: '%', datatype: float64}
# meta: !!omap
# - {MODE: DETECTOR}
# - {TYPE: transmission_filter_detector}
# - {CALIBDATE: '1970-01-01T00:00:00'}
# - {INSTRUME: LSSTCam}
# - {OBSTYPE: transmission_filter_detector}
# - {CALIBCLS: lsst.ip.isr.IntermediateFilterDetectorTransmissionCurve}
# - {SOURCE: Materion (DM-46256)}
# - {DETECTOR: 122}
# - {FILTER: i_39}
# - {CALIB_ID: 'calibDate=1970-01-01T00:00:00 filter=i_39 detector=122'}
# - {DATE: '2025-04-02T15:59:47.045223'}
# - {CALIB_CREATION_DATE: '2025-04-02'}
# - {CALIB_CREATION_TIME: '15:59:47'}
# - __serialized_columns__:
#     efficiency:
#       __class__: astropy.units.quantity.Quantity
#       unit: !astropy.units.Unit {unit: '%'}
#       value: !astropy.table.SerializedColumn {name: efficiency}
#     wavelength:
#       __class__: astropy.units.quantity.Quantity
#       unit: !astropy.units.Unit {unit: nm}
#       value: !astropy.table.SerializedColumn {name: wavelength}
# schema: astropy-2.0
wavelength efficiency
[from data line 597]
897.0 3.523835800933739e-05
898.0 4.098783392691985e-05
899.0 1.6236929335777806e-10
900.0 1.6236929335777806e-10
901.0 1.6236929335777806e-10
902.0 1.6236929335777806e-10
903.0 1.6236929335777806e-10
904.0 1.6236929335777806e-10
905.0 1.6236929335777806e-10
906.0 1.6236929335777806e-10
907.0 1.6236929335777806e-10
908.0 1.6236929335777806e-10
909.0 1.6236929335777806e-10
910.0 1.6236929335777806e-10
911.0 1.6236929335777806e-10
912.0 1.6236929335777806e-10
913.0 1.6236929335777806e-10
914.0 1.6236929335777806e-10
915.0 4.888686362392036e-05
916.0 0.00012748226936309948
917.0 1.6236929335777806e-10
918.0 1.6236929335777806e-10
919.0 1.6236929335777806e-10
920.0 0.00019483918549667578
921.0 1.6236929335777806e-10
922.0 1.6236929335777806e-10
923.0 1.6236929335777806e-10
924.0 1.6236929335777806e-10
925.0 5.427806968327786e-05
926.0 0.00013864578249922488
927.0 1.6236929335777806e-10
928.0 1.6236929335777806e-10
929.0 1.6236929335777806e-10
930.0 1.6236929335777806e-10
931.0 1.6236929335777806e-10
932.0 5.449822992886766e-05
933.0 2.2204217131616133e-06
934.0 1.6236929335777806e-10
935.0 1.6236929335777806e-10
936.0 1.6236929335777806e-10
937.0 4.231245043229137e-05
938.0 0.0001378861384182528
939.0 1.6236929335777806e-10
940.0 1.6236929335777806e-10
941.0 1.6236929335777806e-10
942.0 0.00011561025985429296
943.0 7.991046118149825e-05
944.0 4.4210671035216365e-05
945.0 1.6236929335777806e-10
946.0 1.6236929335777806e-10
947.0 3.1645976150684874e-05
948.0 0.0002706783789108158
949.0 8.483040119244833e-05
950.0 1.6236929335777806e-10
951.0 1.6236929335777806e-10
952.0 3.729847435351985e-05
953.0 1.7806929974995e-05
954.0 1.6236929335777806e-10
955.0 6.30236229426373e-05
956.0 0.00012773189155268483
957.0 0.00017718119806886534
958.0 0.00022663050458504586
959.0 0.000258626550930785
960.0 0.00029062257453915663
961.0 0.00021420473785838112
962.0 0.00013778688980892184
963.0 0.00022322851691569667
964.0 0.0003086701781285228
965.0 6.464776447501208e-05
966.0 1.6236929335777806e-10
967.0 1.6236929335777806e-10
968.0 1.6236929335777806e-10
969.0 1.6236929335777806e-10
970.0 1.6236929335777806e-10
971.0 1.6236929335777806e-10
972.0 1.3301070111992885e-05
973.0 7.653996476619795e-05
974.0 0.00013977887647342868
975.0 0.0001197107621919713
976.0 9.964268201656523e-05
977.0 8.020580821721524e-05
978.0 6.076892873352335e-05
979.0 0.00011362805025783018
980.0 0.00016648714336042758
981.0 2.1123564408753737e-05
982.0 1.6236929335777806e-10
983.0 1.6236929335777806e-10
984.0 1.6236929335777806e-10
985.0 1.6236929335777806e-10
986.0 1.4683189419884002e-05
987.0 1.6236929335777806e-10
988.0 1.6236929335777806e-10
989.0 1.3201913873217563e-05
990.0 4.839308758164407e-05
991.0 0.00011921950999749242
992.0 0.00019004595515070832
993.0 0.00016980550299194874
994.0 0.00014956506220187293
995.0 0.00015899695426924154
996.0 0.00016842884633661015
997.0 0.00017101455114243436
998.0 0.00017360022184220725
999.0 0.00017100243212553323
1000.0 0.00016840459693412413
1001.0 0.00020628003767342307
1002.0 0.00024415546704403823
1003.0 0.00026480281576368725
1004.0 0.0002854501872207038
1005.0 0.00027494982077769237
1006.0 0.000264449499809416
1007.0 0.0001812683422031114
1008.0 9.808719596549054e-05
1009.0 0.0001659160147937655
1010.0 0.0002337447767786216
1011.0 0.00018666939922695747
1012.0 0.00013959406715002842
1013.0 0.0002085904043269693
1014.0 0.0002775868097160128
1015.0 9.983726840800955e-05
1016.0 1.6236929335777806e-10
1017.0 6.0767462173316744e-05
1018.0 0.00019944714040320832
1019.0 8.324229838763131e-05
1020.0 1.6236929335777806e-10
1021.0 5.2318148391350405e-05
1022.0 0.0001375988517793303
1023.0 0.00011257438927714247
1024.0 8.754993245929654e-05
1025.0 0.000223481333705422
1026.0 0.0003594127520045731
1027.0 0.0005315876478562132
1028.0 0.0007037624982331181
1029.0 0.0009071068234334234
1030.0 0.0011104510122095235
1031.0 0.0015350693502114154
1032.0 0.001959687506314367
1033.0 0.0022834547053207643
1034.0 0.0026072217224282213
1035.0 0.0028822440071962774
1036.0 0.003157266473863274
1037.0 0.003309334715595469
1038.0 0.0034614033211255446
1039.0 0.003118165841442533
1040.0 0.0027749281798605807
1041.0 0.0024286047846544534
1042.0 0.0020822815713472664
1043.0 0.002284262518514879
1044.0 0.002486243647581432
1045.0 0.0028741276764776558
1046.0 0.00326201188727282
1047.0 0.0033929976780200377
1048.0 0.0035239838325651363
1049.0 0.003066138378926553
1050.0 0.0026082923795911483
1051.0 0.002230586869700346
1052.0 0.001852881359809544
1053.0 0.0016490586858708411
1054.0 0.0014452360119321384
1055.0 0.001042385156324599
1056.0 0.0006395341642928543
1057.0 0.001044991131493589
1058.0 0.001450448326067999
1059.0 0.0010987106179527473
1060.0 0.0007469732736353762
1061.0 0.0008807198355498258
1062.0 0.001014466761262156
1063.0 0.0014514058420900255
1064.0 0.001888344922917895
1065.0 0.0023008891730569303
1066.0 0.0027134334231959656
1067.0 0.003542201011441648
1068.0 0.00437096859968733
1069.0 0.004212816929793917
1070.0 0.004054665259900503
1071.0 0.004225540396873839
1072.0 0.004396415897645056
1073.0 0.0032952761102933437
1074.0 0.002194136322941631
1075.0 0.0024314451366080903
1076.0 0.002668753768375609
1077.0 0.002854431477317121
1078.0 0.0030401090043596923
1079.0 0.0030166716896928847
1080.0 0.0029932345569250174
1081.0 0.0023247595891007222
1082.0 0.0016562849850743078
1083.0 0.0015227152289298829
1084.0 0.001389145472785458
1085.0 0.000964731316344114
1086.0 0.0005403171599027701
1087.0 0.0007978787834872492
1088.0 0.0010554405889706686
1089.0 0.0003480136456346372
1090.0 1.6236929335777806e-10
1091.0 0.00018445279010848026
1092.0 0.0007283187187567819
1093.0 1.4511525137095305e-05
1094.0 1.6236929335777806e-10
1095.0 1.6236929335777806e-10
1096.0 0.00044424759835237637
1097.0 1.6236929335777806e-10
1098.0 1.6236929335777806e-10
1099.0 1.6236929335777806e-10
1100.0 0.000834208640299039
