lsstCam/transmission_filter_detector/r02_s02/u_24/19700101T000000.ecsv
# %ECSV 1.0
# ---
# datatype:
# - {name: wavelength, unit: nm, datatype: float32}
# - {name: efficiency, unit: '%', datatype: float64}
# meta: !!omap
# - {MODE: DETECTOR}
# - {TYPE: transmission_filter_detector}
# - {CALIBDATE: '1970-01-01T00:00:00'}
# - {INSTRUME: LSSTCam}
# - {OBSTYPE: transmission_filter_detector}
# - {CALIBCLS: lsst.ip.isr.IntermediateFilterDetectorTransmissionCurve}
# - {SOURCE: Materion (DM-46256)}
# - {DETECTOR: 11}
# - {FILTER: u_24}
# - {CALIB_ID: 'calibDate=1970-01-01T00:00:00 filter=u_24 detector=11'}
# - {DATE: '2025-04-02T15:59:39.797204'}
# - {CALIB_CREATION_DATE: '2025-04-02'}
# - {CALIB_CREATION_TIME: '15:59:39'}
# - __serialized_columns__:
#     efficiency:
#       __class__: astropy.units.quantity.Quantity
#       unit: !astropy.units.Unit {unit: '%'}
#       value: !astropy.table.SerializedColumn {name: efficiency}
#     wavelength:
#       __class__: astropy.units.quantity.Quantity
#       unit: !astropy.units.Unit {unit: nm}
#       value: !astropy.table.SerializedColumn {name: wavelength}
# schema: astropy-2.0
wavelength efficiency
295.0 1.7054660635118513e-10
296.0 1.7054660635118513e-10
297.0 1.7054660635118513e-10
298.0 1.7054660635118513e-10
299.0 1.7054660635118513e-10
300.0 1.7054660635118513e-10
301.0 1.7054660635118513e-10
302.0 1.7054660635118513e-10
303.0 0.06979231256991625
304.0 0.1415001694113016
305.0 1.2916249223053455
306.0 2.842964790761471
307.0 5.226688832044601
308.0 8.041229099035263
309.0 11.42825037240982
310.0 15.371710062026978
311.0 19.16804313659668
312.0 22.86943346261978
313.0 25.74586272239685
314.0 28.359004855155945
315.0 30.801481008529663
316.0 33.10229480266571
317.0 36.36223375797272
318.0 40.268734097480774
319.0 45.21046280860901
320.0 51.60608887672424
321.0 57.12434649467468
322.0 62.84846067428589
323.0 67.58676171302795
324.0 70.9426760673523
325.0 73.5069990158081
326.0 75.47717094421387
327.0 77.18478441238403
328.0 78.82559895515442
329.0 80.22717237472534
330.0 80.96099495887756
331.0 81.41738176345825
332.0 81.57647252082825
333.0 81.68830275535583
334.0 81.75490498542786
335.0 82.187020778656
336.0 82.663494348526
337.0 83.29479098320007
338.0 84.2352032661438
339.0 84.607994556427
340.0 85.04706025123596
341.0 85.36081314086914
342.0 85.64525842666626
343.0 85.7392430305481
344.0 85.8559787273407
345.0 86.39868497848511
346.0 86.8092954158783
347.0 87.05788850784302
348.0 87.24421858787537
349.0 87.56023645401001
350.0 87.4266505241394
351.0 87.67621517181396
352.0 87.53732442855835
353.0 87.5688374042511
354.0 87.54201531410217
355.0 87.73903846740723
356.0 87.762051820755
357.0 87.60778307914734
358.0 87.21356987953186
359.0 87.00910210609436
360.0 86.80927157402039
361.0 86.53209805488586
362.0 86.50014400482178
363.0 86.62317395210266
364.0 86.83042526245117
365.0 87.21246719360352
366.0 87.53912448883057
367.0 87.62156963348389
368.0 87.62812614440918
369.0 87.79882788658142
370.0 87.75048851966858
371.0 87.6750111579895
372.0 87.77575492858887
373.0 88.02624344825745
374.0 88.06055784225464
375.0 88.36875557899475
376.0 88.62416744232178
377.0 88.7056827545166
378.0 88.63957524299622
379.0 88.08624744415283
380.0 87.09511160850525
381.0 85.41430830955505
382.0 83.35961699485779
383.0 81.35552406311035
384.0 79.2199432849884
385.0 76.63835883140564
386.0 73.72817397117615
387.0 69.88902688026428
388.0 65.91534614562988
389.0 61.26449704170227
390.0 56.94737434387207
391.0 52.748942375183105
392.0 48.65608215332031
393.0 45.17960548400879
394.0 41.53188467025757
395.0 37.11398541927338
396.0 31.995952129364014
397.0 25.110411643981934
398.0 18.081465363502502
399.0 11.409526318311691
400.0 6.06069378554821
401.0 2.5964638218283653
402.0 0.8283884264528751
403.0 0.3065602155402303
404.0 0.10362396715208888
405.0 0.030627447995357215
406.0 0.010754496179288253
407.0 0.009142159979091957
408.0 1.7054660635118513e-10
409.0 1.7054660635118513e-10
410.0 1.7054660635118513e-10
411.0 1.7054660635118513e-10
412.0 1.7054660635118513e-10
413.0 1.7054660635118513e-10
414.0 1.7054660635118513e-10
415.0 1.7054660635118513e-10
416.0 1.7054660635118513e-10
417.0 1.7054660635118513e-10
418.0 1.7054660635118513e-10
419.0 1.7054660635118513e-10
420.0 1.7054660635118513e-10
421.0 1.7054660635118513e-10
422.0 1.7054660635118513e-10
423.0 1.7054660635118513e-10
424.0 1.7054660635118513e-10
425.0 1.7054660635118513e-10
426.0 1.7054660635118513e-10
427.0 1.7054660635118513e-10
428.0 0.00010094466915688827
429.0 0.001659266126807779
430.0 0.003217587436665781
431.0 0.0005509102265932597
432.0 1.7054660635118513e-10
433.0 1.7054660635118513e-10
434.0 0.0005921931915509049
435.0 0.0002898478442148189
436.0 1.7054660635118513e-10
437.0 1.7054660635118513e-10
438.0 1.7054660635118513e-10
439.0 0.001050563241733471
440.0 0.0022971151338424534
441.0 1.7054660635118513e-10
442.0 1.7054660635118513e-10
443.0 1.7054660635118513e-10
444.0 1.7054660635118513e-10
445.0 1.7054660635118513e-10
446.0 0.00022094911855674582
447.0 3.174618257162365e-05
448.0 1.7054660635118513e-10
449.0 0.00081920934462687
450.0 0.0017958749594981782
451.0 0.0005064737251814222
452.0 1.7054660635118513e-10
453.0 1.7054660635118513e-10
454.0 1.7054660635118513e-10
455.0 1.7054660635118513e-10
456.0 1.7054660635118513e-10
457.0 1.7054660635118513e-10
458.0 1.7054660635118513e-10
459.0 1.7054660635118513e-10
460.0 1.7054660635118513e-10
461.0 1.7054660635118513e-10
462.0 1.7054660635118513e-10
463.0 1.7054660635118513e-10
464.0 1.7054660635118513e-10
465.0 1.7054660635118513e-10
466.0 0.0006169171228975756
467.0 0.0008081917258095928
468.0 0.000999466374196345
469.0 0.0006433718681364553
470.0 0.00028727731660183053
471.0 1.7054660635118513e-10
472.0 1.7054660635118513e-10
473.0 1.7054660635118513e-10
474.0 1.7054660635118513e-10
475.0 1.7054660635118513e-10
476.0 0.00042611445678630844
477.0 0.0005597564722847892
478.0 0.0006933988515811507
479.0 1.7054660635118513e-10
480.0 1.7054660635118513e-10
481.0 1.7054660635118513e-10
482.0 1.7054660635118513e-10
483.0 1.7054660635118513e-10
484.0 1.7054660635118513e-10
485.0 1.7054660635118513e-10
486.0 1.7054660635118513e-10
487.0 1.7054660635118513e-10
488.0 1.7054660635118513e-10
489.0 1.7054660635118513e-10
490.0 1.7054660635118513e-10
491.0 1.7054660635118513e-10
492.0 1.7054660635118513e-10
493.0 1.7054660635118513e-10
494.0 1.7054660635118513e-10
495.0 0.00040222316783911083
496.0 0.0010103467502631247
497.0 0.000507043023389997
498.0 3.7389639828688814e-06
499.0 6.158106202747149e-05
500.0 0.0001194233846035786
501.0 0.0001201958752972132
502.0 0.0001209684114655829
503.0 1.7054660635118513e-10
504.0 1.7054660635118513e-10
505.0 1.7054660635118513e-10
506.0 1.7054660635118513e-10
507.0 1.7054660635118513e-10
508.0 9.713096460473025e-05
509.0 0.00019588660506997257
510.0 0.0002946423592220526
511.0 0.0004942488430970116
512.0 0.0006938552814972354
513.0 0.00042457318158994894
514.0 0.00015529080883425195
515.0 0.0003324252929814975
516.0 0.0005095598226034781
517.0 1.7054660635118513e-10
518.0 1.7054660635118513e-10
519.0 1.7054660635118513e-10
520.0 0.00043572713366302196
521.0 0.0002950600674012094
522.0 0.00015439272829098627
523.0 8.164565912238686e-07
524.0 1.7054660635118513e-10
525.0 1.7054660635118513e-10
526.0 1.7054660635118513e-10
527.0 1.7054660635118513e-10
528.0 1.7054660635118513e-10
529.0 1.7054660635118513e-10
530.0 1.7054660635118513e-10
531.0 0.0003135311999358237
532.0 0.0008346469257958233
533.0 0.0002622354713821551
534.0 1.7054660635118513e-10
535.0 1.7054660635118513e-10
536.0 1.7054660635118513e-10
537.0 1.7054660635118513e-10
538.0 8.989676416604198e-05
539.0 1.7054660635118513e-10
540.0 1.7054660635118513e-10
541.0 1.7054660635118513e-10
542.0 1.7054660635118513e-10
543.0 1.7054660635118513e-10
544.0 1.7054660635118513e-10
545.0 1.7054660635118513e-10
546.0 1.7054660635118513e-10
547.0 1.7054660635118513e-10
548.0 0.00021626312900480116
549.0 1.7054660635118513e-10
550.0 1.7054660635118513e-10
551.0 1.7054660635118513e-10
552.0 1.7054660635118513e-10
553.0 1.7054660635118513e-10
554.0 1.7054660635118513e-10
555.0 1.7054660635118513e-10
556.0 1.7054660635118513e-10
557.0 1.7054660635118513e-10
558.0 1.7054660635118513e-10
559.0 1.7054660635118513e-10
560.0 0.0003201223080395721
561.0 8.554894748158404e-05
562.0 1.7054660635118513e-10
563.0 1.7054660635118513e-10
564.0 1.7054660635118513e-10
565.0 1.7054660635118513e-10
566.0 1.7054660635118513e-10
567.0 1.7054660635118513e-10
568.0 1.7054660635118513e-10
569.0 1.7054660635118513e-10
570.0 0.00023250911453942535
571.0 0.000400259023081162
572.0 0.0005680090453097364
573.0 0.00044463663471105974
574.0 0.0003212645879102638
575.0 1.7054660635118513e-10
576.0 1.7054660635118513e-10
577.0 1.7054660635118513e-10
578.0 1.5483895055012908e-06
579.0 0.00032635055049468065
580.0 0.0006511526407848578
581.0 0.000948831166169839
582.0 0.0012465097825042903
583.0 0.0015985226127668284
584.0 0.0019505356249283068
585.0 0.0014822933735558763
586.0 0.0010140507583855651
587.0 0.0009174282240564935
588.0 0.0008208056897274218
589.0 0.0007091256520652678
590.0 0.0005974454325041734
591.0 0.0008988707122625783
592.0 0.0012002959920209832
593.0 0.000860329600982368
594.0 0.0005203629370953422
595.0 0.0006917557584529277
596.0 0.0008631483069621027
597.0 0.0008637265636934899
598.0 0.0008643046385259368
599.0 0.0015216966858133674
600.0 0.0021790885512018576
601.0 0.0025939865736290812
602.0 0.0030088847779552452
603.0 0.0024937242415035143
604.0 0.0019785637050517835
605.0 0.0015736317436676472
606.0 0.0011687000551319215
607.0 0.0010846523764485028
608.0 0.0010006047887145542
609.0 0.000716917065801681
610.0 0.0004332293428888079
611.0 0.0005974374289507978
612.0 0.0007616456059622578
613.0 0.0007036354418232804
614.0 0.0006456253231590381
615.0 0.0007885714694566559
616.0 0.0009315175702795386
617.0 0.0008349774361704476
618.0 0.0007384374384855619
619.0 0.0004379466190584935
620.0 0.00013745590194957913
621.0 0.00041065309233090375
622.0 0.000683850203131442
623.0 0.0006745395239704521
624.0 0.0006652288448094623
625.0 0.0007474141966667958
626.0 0.0008295995030493941
627.0 0.0009858493285719305
628.0 0.001142099154094467
629.0 0.0011130966413475107
630.0 0.001084094401448965
631.0 0.001574340603838209
632.0 0.0020645864424295723
633.0 0.0021893001758144237
634.0 0.002314013909199275
635.0 0.002583425521152094
636.0 0.0028528369512059726
637.0 0.0025245262804673985
638.0 0.0021962156097288243
639.0 0.0014992945580161177
640.0 0.0008023732334550004
641.0 0.0008882353540684562
642.0 0.000974097474681912
643.0 0.0006477840997831663
644.0 0.00032147063393495046
645.0 0.00030625417366536567
646.0 0.0002910376679210458
647.0 0.0001917724375744001
648.0 9.250738344235288e-05
649.0 0.00018042195506495773
650.0 0.00026833658921532333
651.0 0.0006088675490900641
652.0 0.0009493984180153348
653.0 0.0012708865142485593
654.0 0.0015923744285828434
655.0 0.0017358865079586394
656.0 0.0018793982235365547
657.0 0.002849134943971876
658.0 0.0038188722101040184
659.0 0.00408873129345011
660.0 0.004358590376796201
661.0 0.004283294401830062
662.0 0.004207998063066043
663.0 0.0030942952434998006
664.0 0.001980592423933558
665.0 0.0016219986719079316
666.0 0.001263404374185484
667.0 0.0013242653039924335
668.0 0.0013851261428499129
669.0 0.0007230632490973221
670.0 6.100040081946645e-05
671.0 0.00030421676910918904
672.0 0.0005474330464494415
673.0 0.0005421210516942665
674.0 0.0005368091024138266
675.0 0.0008484004865749739
676.0 0.0011599916433624458
677.0 0.0019254308426752687
678.0 0.002690870314836502
679.0 0.0025561490474501625
680.0 0.0024214275981648825
681.0 0.00330737566400785
682.0 0.004193323911749758
683.0 0.006026595656294376
684.0 0.007859867764636874
685.0 0.008744849765207618
686.0 0.009629833948565647
687.0 0.008501995034748688
688.0 0.0073741575761232525
689.0 0.00583094843022991
690.0 0.004287739284336567
691.0 0.0037935249565634876
692.0 0.003299310992588289
693.0 0.0030260767744039185
694.0 0.0027528429200174287
695.0 0.002431515713396948
696.0 0.0021101892343722284
697.0 0.0015354948118329048
698.0 0.0009608005711925216
699.0 0.000603511853114469
700.0 0.00024622308956168126
701.0 0.0003486568175503635
702.0 0.0004510905455390457
703.0 0.0007580868441436905
704.0 0.0010650833246472757
705.0 0.0011271218681940809
706.0 0.0011891609574377071
707.0 0.0010402690350019839
708.0 0.0008913767487683799
709.0 0.0007599096534249838
710.0 0.0006284425126068527
711.0 0.0006709915851388359
712.0 0.0007135406576708192
713.0 0.0007558006018371088
714.0 0.0007980605005286634
715.0 0.0007951257430249825
716.0 0.0007921910764707718
717.0 0.0006673695224890253
718.0 0.0005425478775578085
719.0 0.00048704055188864004
720.0 0.00043153322621947154
721.0 0.00041195607991539873
722.0 0.00039237888813659083
723.0 0.0004513945441431133
724.0 0.0005104101546749007
725.0 0.00039211045077536255
726.0 0.00027381056497688405
727.0 0.0004132570666115498
728.0 0.0005527036591956858
729.0 0.0003123508804492303
730.0 7.199820402092882e-05
731.0 8.18718547179742e-05
732.0 9.174555088975467e-05
733.0 7.645808750567085e-05
734.0 6.117066959632211e-05
735.0 0.0003391104883121443
736.0 0.0006170503638713853
737.0 0.0007150242254283512
738.0 0.000812998041510582
739.0 0.0006446239694923861
740.0 0.00047624976104998495
741.0 0.0010529211976972874
742.0 0.0016295925888698548
743.0 0.002167177626688499
744.0 0.002704762482608203
745.0 0.0034998472983716056
746.0 0.004294931568438187
747.0 0.004826275835512206
748.0 0.005357619738788344
749.0 0.004535724292509258
750.0 0.0037138292100280523
751.0 0.0032462070521432906
752.0 0.0027785850761574693
753.0 0.0023366701498162
754.0 0.001894755223474931
755.0 0.0022293645088211633
756.0 0.0025639741579652764
757.0 0.0021223846488283016
758.0 0.0016807945939945057
759.0 0.0013508577467291616
760.0 0.0010209208994638175
761.0 0.0011649233783828095
762.0 0.0013089258573018014
763.0 0.0010942939297819976
764.0 0.0008796620022621937
765.0 0.0008037245606828947
766.0 0.0007277871191035956
767.0 0.0005469716597872321
768.0 0.0003661560867840308
769.0 0.000558283090867917
770.0 0.0007504098448407603
771.0 0.00048433980737172533
772.0 0.00021826956526638241
773.0 0.00022295050712273223
774.0 0.00022763138076697942
775.0 0.00033955209346459014
776.0 0.0004514727606874658
777.0 0.0004884218469669577
778.0 0.0005253707968222443
779.0 0.0007839299541956279
780.0 0.0010424892025184818
781.0 0.0010472826033947058
782.0 0.0010520760952204
783.0 0.0010271089195157401
784.0 0.0010021412890637293
785.0 0.0011296280717942864
786.0 0.001257114672625903
787.0 0.0010472285794094205
788.0 0.0008373426680918783
789.0 0.0008949748007580638
790.0 0.0009526067515253089
791.0 0.0008785475074546412
792.0 0.0008044882633839734
793.0 0.00023346631223830627
794.0 1.7054660635118513e-10
795.0 1.7054660635118513e-10
796.0 0.0001251375806532451
797.0 0.0003477969130472047
798.0 0.0005704562681785319
799.0 0.00023039026473270496
800.0 1.7054660635118513e-10
801.0 1.7054660635118513e-10
802.0 1.7054660635118513e-10
803.0 1.7054660635118513e-10
804.0 1.7054660635118513e-10
805.0 1.7054660635118513e-10
806.0 1.7054660635118513e-10
807.0 1.7054660635118513e-10
808.0 1.7054660635118513e-10
809.0 1.7054660635118513e-10
810.0 0.0002034672206718824
811.0 0.00014970203210395994
812.0 9.593686627340503e-05
813.0 0.000355578094968223
814.0 0.000615219323663041
815.0 0.0004894790436082985
816.0 0.0003637387862909236
817.0 0.00038653624869766645
818.0 0.00040933368836704176
819.0 0.00028863551051472314
820.0 0.0001679373781371396
821.0 1.7054660635118513e-10
822.0 1.7054660635118513e-10
823.0 1.7054660635118513e-10
824.0 0.0002538753278713557
825.0 7.951029488140193e-05
826.0 1.7054660635118513e-10
827.0 0.00013629959312311257
828.0 0.0003674541176224011
829.0 0.00045844135456718504
830.0 0.0005494291144714225
831.0 4.512771454301401e-05
832.0 1.7054660635118513e-10
833.0 1.7054660635118513e-10
834.0 1.7054660635118513e-10
835.0 1.7054660635118513e-10
836.0 9.857116083367146e-05
837.0 1.7054660635118513e-10
838.0 1.7054660635118513e-10
839.0 1.7054660635118513e-10
840.0 1.7054660635118513e-10
841.0 1.7054660635118513e-10
842.0 2.5466292186138162e-05
843.0 1.7054660635118513e-10
844.0 1.7054660635118513e-10
845.0 1.7054660635118513e-10
846.0 2.272280568149654e-05
847.0 0.00023798670554242563
848.0 0.0004532505954557564
849.0 0.0004519413323578192
850.0 0.000450632069259882
851.0 0.00032923408070928417
852.0 0.0002078362058455241
853.0 0.0003248369921493577
854.0 0.0004418378466652939
855.0 0.0005263360435492359
856.0 0.0006108342404331779
857.0 0.0006342663709801855
858.0 0.0006576987289008684
859.0 0.0009569671419740189
860.0 0.0012562355550471693
861.0 0.0010009669495048001
862.0 0.000745698343962431
863.0 0.0008916473234421574
864.0 0.0010375962119724136
865.0 0.0016041492926888168
866.0 0.0021707021005568095
867.0 0.0020342042262200266
868.0 0.0018977063518832438
869.0 0.0019272494682809338
870.0 0.0019567920389818028
871.0 0.0018017852198681794
872.0 0.0016467782188556157
873.0 0.001738899118208792
874.0 0.001831019835663028
875.0 0.002015893187490292
