lsstCam/transmission_filter_detector/r02_s02/u_24/19700101T000000.ecsv
# %ECSV 1.0
# ---
# datatype:
# - {name: wavelength, unit: nm, datatype: float32}
# - {name: efficiency, unit: '%', datatype: float64}
# meta: !!omap
# - {MODE: DETECTOR}
# - {TYPE: transmission_filter_detector}
# - {CALIBDATE: '1970-01-01T00:00:00'}
# - {INSTRUME: LSSTCam}
# - {OBSTYPE: transmission_filter_detector}
# - {CALIBCLS: lsst.ip.isr.IntermediateFilterDetectorTransmissionCurve}
# - {SOURCE: Materion (DM-46256)}
# - {DETECTOR: 11}
# - {FILTER: u_24}
# - {CALIB_ID: 'calibDate=1970-01-01T00:00:00 filter=u_24 detector=11'}
# - {DATE: '2025-04-02T15:59:39.797204'}
# - {CALIB_CREATION_DATE: '2025-04-02'}
# - {CALIB_CREATION_TIME: '15:59:39'}
# - __serialized_columns__:
#     efficiency:
#       __class__: astropy.units.quantity.Quantity
#       unit: !astropy.units.Unit {unit: '%'}
#       value: !astropy.table.SerializedColumn {name: efficiency}
#     wavelength:
#       __class__: astropy.units.quantity.Quantity
#       unit: !astropy.units.Unit {unit: nm}
#       value: !astropy.table.SerializedColumn {name: wavelength}
# schema: astropy-2.0
wavelength efficiency
[from data line 582]
877.0 0.0024436945750494488
878.0 0.002686622610781342
879.0 0.00278079642157536
880.0 0.002874970596167259
881.0 0.003085954813286662
882.0 0.003296939394203946
883.0 0.0031619103538105264
884.0 0.0030268816772149876
885.0 0.0029197386538726278
886.0 0.0028125958124292083
887.0 0.002516915810701903
888.0 0.0022212361727724783
889.0 0.00205729575100122
890.0 0.001893355329229962
891.0 0.0021555888451985084
892.0 0.002417822543065995
893.0 0.00230631139856996
894.0 0.0021947998902760446
895.0 0.002737061913649086
896.0 0.0032793235732242465
897.0 0.003629610000643879
898.0 0.003979896428063512
899.0 0.004361181345302612
900.0 0.004742466262541711
901.0 0.004422575511853211
902.0 0.00410268476116471
903.0 0.004422693746164441
904.0 0.004742703094962053
905.0 0.004910822462989017
906.0 0.005078941831015982
907.0 0.005605408659903333
908.0 0.006131875124992803
909.0 0.006140834739198908
910.0 0.006149793625809252
911.0 0.006162362842587754
912.0 0.006174932059366256
913.0 0.006068154107197188
914.0 0.00596137615502812
915.0 0.005289267210173421
916.0 0.004617158992914483
917.0 0.004220065602567047
918.0 0.003822972212219611
919.0 0.004027575414511375
920.0 0.004232178253005259
921.0 0.004419424294610508
922.0 0.004606670336215757
923.0 0.005500064071384259
924.0 0.006393455987563357
925.0 0.006660016515525058
926.0 0.006926577043486759
927.0 0.007471000571968034
928.0 0.008015421190066263
929.0 0.007815742719685659
930.0 0.007616063521709293
931.0 0.007180961256381124
932.0 0.006745858263457194
933.0 0.006623850640607998
934.0 0.006501843017758802
935.0 0.006705974374199286
936.0 0.006910106458235532
937.0 0.007264149462571368
938.0 0.0076181946496944875
939.0 0.007470862328773364
940.0 0.007323530735448003
941.0 0.0064565028878860176
942.0 0.00558947394893039
943.0 0.00446766716777347
944.0 0.0033458603866165504
945.0 0.002585629772511311
946.0 0.0018253991584060714
947.0 0.0017578804545337334
948.0 0.0016903617506613955
949.0 0.0014926727089914493
950.0 0.0012949836673215032
951.0 0.0013750507605436724
952.0 0.0014551178537658416
953.0 0.0016509666238562204
954.0 0.0018468155758455396
955.0 0.002299036714248359
956.0 0.002751257852651179
957.0 0.002815219158947002
958.0 0.0028791793738491833
959.0 0.0030446997698163614
960.0 0.0032102198019856587
961.0 0.00373908769688569
962.0 0.0042679555917857215
963.0 0.004334644108894281
964.0 0.004401332989800721
965.0 0.004526094562606886
966.0 0.00465085577161517
967.0 0.004758255818160251
968.0 0.004865656228503212
969.0 0.004736697519547306
970.0 0.004607738082995638
971.0 0.0048510442866245285
972.0 0.005094350126455538
973.0 0.004925179746351205
974.0 0.004756009002448991
975.0 0.004522977178567089
976.0 0.004289944627089426
977.0 0.0038919857615837827
978.0 0.003494026532280259
979.0 0.003300726893940009
980.0 0.0031074272555997595
981.0 0.002970070818264503
982.0 0.002832714017131366
983.0 0.003009450483659748
984.0 0.0031861862225923687
985.0 0.003353173815412447
986.0 0.0035201610444346443
987.0 0.003882135933963582
988.0 0.0042441108234925196
989.0 0.005315469752531499
990.0 0.006386827590176836
991.0 0.0064797597588039935
992.0 0.006572691927431151
993.0 0.00706023201928474
994.0 0.007547772111138329
995.0 0.007505965913878754
996.0 0.00746415535104461
997.0 0.007020476914476603
998.0 0.006576801388291642
999.0 0.006588562246179208
1000.0 0.0066003252868540585
1001.0 0.006207665865076706
1002.0 0.0058150071708951145
1003.0 0.0050012298743240535
1004.0 0.004187452941550873
1005.0 0.004591045217239298
1006.0 0.0049946364015340805
1007.0 0.0049677095375955105
1008.0 0.004940780490869656
1009.0 0.004257988257450052
1010.0 0.0035751963878283277
1011.0 0.003406250471016392
1012.0 0.0032373049180023372
1013.0 0.002978306838485878
1014.0 0.0027193087589694187
1015.0 0.002262080306536518
1016.0 0.0018048523998004384
1017.0 0.0016683641661074944
1018.0 0.0015318761143134907
1019.0 0.0015265171896317042
1020.0 0.0015211579921015073
1021.0 0.0012053126738464925
1022.0 0.0008894675374904182
1023.0 0.0010774620022857562
1024.0 0.0012654564670810942
1025.0 0.0011917600204469636
1026.0 0.0011180637557117734
1027.0 0.0009437821972824167
1028.0 0.0007695005479035899
1029.0 0.0007141742571548093
1030.0 0.0006588481483049691
1031.0 0.0015642706785001792
1032.0 0.0024696932086953893
1033.0 0.002233308623544872
1034.0 0.0019969242202932946
1035.0 0.0022818005163571797
1036.0 0.002566676994320005
1037.0 0.002934924850706011
1038.0 0.003303172707092017
1039.0 0.0029149083275115117
1040.0 0.002526644675526768
1041.0 0.0018932394596049562
1042.0 0.0012598346984304953
1043.0 0.0012929281183460262
1044.0 0.0013260218111099675
1045.0 0.001627645360713359
1046.0 0.0019292694560135715
1047.0 0.002436037902953103
1048.0 0.0029428067136905156
1049.0 0.001922650153574068
1050.0 0.0009024925930134486
1051.0 0.0010836411092896014
1052.0 0.001264788988919463
1053.0 0.0007938347152958158
1054.0 0.0003228802370358608
1055.0 0.0002721061719057616
1056.0 0.00022133244783617556
1057.0 0.0012218048141221516
1058.0 0.002222276816610247
1059.0 0.001333119780611014
1060.0 0.0004439630629349267
1061.0 0.0016148649592651054
1062.0 0.0027857669920194894
1063.0 0.002060298174910713
1064.0 0.0013348292668524664
1065.0 0.0014198204553395044
1066.0 0.001504811916674953
1067.0 0.0008365085705008823
1068.0 0.0001682044967310503
1069.0 0.001196217544929823
1070.0 0.002224230229330715
1071.0 0.000826825180411106
1072.0 1.7054660635118513e-10
1073.0 0.0005596135906671407
1074.0 0.0016898067769943736
1075.0 0.003083011324633844
1076.0 0.004476216054172255
1077.0 0.0048135960241779685
1078.0 0.005150976721779443
1079.0 0.006307785952230915
1080.0 0.007464591908501461
1081.0 0.006015981489326805
1082.0 0.0045673699787585065
1083.0 0.0036808338336413726
1084.0 0.002794299325614702
1085.0 0.0031179508368950337
1086.0 0.0034416018024785444
1087.0 0.0036876339436275885
1088.0 0.0039336660847766325
1089.0 0.005621712625725195
1090.0 0.007309759530471638
1091.0 0.004293617894290946
1092.0 0.0012774763490597252
1093.0 0.0004341777184890816
1094.0 1.7054660635118513e-10
1095.0 1.7054660635118513e-10
1096.0 5.3870263627686654e-05
1097.0 0.00034124127523682546
1098.0 0.0006286126790655544
1099.0 0.0017467602447140962
1100.0 0.0028649075829889625
