ts8/qe_curves/rtm-006_s10/19700101T000000.ecsv
# %ECSV 0.9
# ---
# datatype:
# - {name: amp_name, datatype: string}
# - {name: wavelength, unit: nm, datatype: float32}
# - {name: efficiency, unit: '%', datatype: float32}
# meta: !!omap
# - {MODE: AMP}
# - {TYPE: QE}
# - {CALIBDATE: '1970-01-01T00:00:00'}
# - {INSTRUME: TS8}
# - {OBSTYPE: qe_curves}
# - {DETECTOR: 39}
# - {PICKLEFILE: RaftRun11746.p}
# - {CALIB_ID: 'raftName=RTM-006 detectorName=S10 detector=39 calibDate=1970-01-01T00:00:00 ccd=39 ccdnum=39 filter=None'}
# - {DATE: '2020-01-23T14:12:32.956822'}
# - {CALIB_CREATION_DATE: '2020-01-23'}
# - {CALIB_CREATION_TIME: '14:12:32'}
# - __serialized_columns__:
#     efficiency:
#       __class__: astropy.units.quantity.Quantity
#       unit: !astropy.units.Unit {unit: '%'}
#       value: !astropy.table.SerializedColumn {name: efficiency}
#     wavelength:
#       __class__: astropy.units.quantity.Quantity
#       unit: !astropy.units.Unit {unit: nm}
#       value: !astropy.table.SerializedColumn {name: wavelength}
# schema: astropy-2.0
amp_name wavelength efficiency
C14 319.994 43.23064
C14 324.969 48.83987
C14 349.982 71.629265
C14 374.975 76.13578
C14 400.019 83.49822
C14 424.965 85.82944
C14 450.035 88.16979
C14 475.003 90.186966
C14 500.018 92.49582
C14 525.002 94.832466
C14 550.029 95.516975
C14 575.023 97.40639
C14 599.982 98.10361
C14 619.997 98.46135
C14 624.979 99.30998
C14 650.012 99.40263
C14 675.004 98.76928
C14 700.03 98.42839
C14 725.012 97.61962
C14 750.022 97.732994
C14 774.987 97.99599
C14 799.976 96.60919
C14 824.988 95.038605
C14 850.022 92.864655
C14 869.967 89.78267
C14 875.002 88.43234
C14 899.999 82.59168
C14 919.999 73.26879
C14 925.012 70.51799
C14 949.965 57.63291
C14 975.002 43.033333
C14 999.976 26.130217
C14 1025.028 11.136866
C14 1050.014 3.855231
C14 1075.002 2.1223836
C14 1099.99 1.67551
C11 319.994 44.079533
C11 324.969 49.80115
C11 349.982 72.91155
C11 374.975 77.16363
C11 400.019 84.14944
C11 424.965 86.30883
C11 450.035 88.575516
C11 475.003 90.547424
C11 500.018 92.82697
C11 525.002 95.13945
C11 550.029 95.81091
C11 575.023 97.686455
C11 599.982 98.36987
C11 619.997 98.714035
C11 624.979 99.562325
C11 650.012 99.64418
C11 675.004 98.988846
C11 700.03 98.611824
C11 725.012 97.70764
C11 750.022 97.70072
C11 774.987 97.852905
C11 799.976 96.42093
C11 824.988 94.856834
C11 850.022 92.72403
C11 869.967 89.686295
C11 875.002 88.354485
C11 899.999 82.38104
C11 919.999 73.264595
C11 925.012 70.6491
C11 949.965 57.77339
C11 975.002 42.94243
C11 999.976 25.966417
C11 1025.028 11.022679
C11 1050.014 3.8692057
C11 1075.002 2.1349301
C11 1099.99 1.679567
C12 319.994 43.8942
C12 324.969 49.591263
C12 349.982 72.641815
C12 374.975 76.9476
C12 400.019 83.992226
C12 424.965 86.1811
C12 450.035 88.45872
C12 475.003 90.43818
C12 500.018 92.72361
C12 525.002 95.04325
C12 550.029 95.71302
C12 575.023 97.59271
C12 599.982 98.2802
C12 619.997 98.62623
C12 624.979 99.474655
C12 650.012 99.5635
C12 675.004 98.91307
C12 700.03 98.544044
C12 725.012 97.67329
C12 750.022 97.70958
C12 774.987 97.897934
C12 799.976 96.48215
C12 824.988 94.91067
C12 850.022 92.76865
C12 869.967 89.71388
C12 875.002 88.3738
C12 899.999 82.440605
C12 919.999 73.241264
C12 925.012 70.5733
C12 949.965 57.737194
C12 975.002 42.95743
C12 999.976 26.019924
C12 1025.028 11.048832
C12 1050.014 3.8568
C12 1075.002 2.1278665
C12 1099.99 1.6777705
C01 319.994 41.654175
C01 324.969 47.041477
C01 349.982 68.66286
C01 374.975 73.34493
C01 400.019 81.87159
C01 424.965 84.80984
C01 450.035 87.466415
C01 475.003 89.677246
C01 500.018 92.098366
C01 525.002 94.50862
C01 550.029 95.24513
C01 575.023 97.15294
C01 599.982 97.86885
C01 619.997 98.22725
C01 624.979 99.07716
C01 650.012 99.17755
C01 675.004 98.544685
C01 700.03 98.20248
C01 725.012 97.391556
C01 750.022 97.49657
C01 774.987 97.76345
C01 799.976 96.38032
C01 824.988 94.80689
C01 850.022 92.704666
C01 869.967 89.66379
C01 875.002 88.31564
C01 899.999 82.38485
C01 919.999 73.2068
C01 925.012 70.49927
C01 949.965 57.576344
C01 975.002 43.00399
C01 999.976 26.101475
C01 1025.028 11.101949
C01 1050.014 3.893696
C01 1075.002 2.1470168
C01 1099.99 1.6875637
C05 319.994 42.858334
C05 324.969 48.409126
C05 349.982 70.72396
C05 374.975 75.226105
C05 400.019 83.08927
C05 424.965 85.680626
C05 450.035 88.169624
C05 475.003 90.28183
C05 500.018 92.63929
C05 525.002 95.011696
C05 550.029 95.713974
C05 575.023 97.61388
C05 599.982 98.315765
C05 619.997 98.6669
C05 624.979 99.51816
C05 650.012 99.61065
C05 675.004 98.96305
C05 700.03 98.59505
C05 725.012 97.71855
C05 750.022 97.7518
C05 774.987 97.94481
C05 799.976 96.53806
C05 824.988 94.98207
C05 850.022 92.86706
C05 869.967 89.90216
C05 875.002 88.575096
C05 899.999 82.47446
C05 919.999 73.36519
C05 925.012 70.833435
C05 949.965 58.01668
C05 975.002 42.986336
C05 999.976 25.941397
C05 1025.028 11.026107
C05 1050.014 3.8908236
C05 1075.002 2.1540332
C05 1099.99 1.6870661
C04 319.994 42.4939
C04 324.969 47.99539
C04 349.982 70.14278
C04 374.975 74.71087
C04 400.019 82.74267
C04 424.965 85.41772
C04 450.035 87.948395
C04 475.003 90.08165
C04 500.018 92.461464
C04 525.002 94.84037
C04 550.029 95.55202
C04 575.023 97.45252
C04 599.982 98.162796
C04 619.997 98.51641
C04 624.979 99.36627
C04 650.012 99.464806
C04 675.004 98.82279
C04 700.03 98.46892
C04 725.012 97.62445
C04 750.022 97.69994
C04 774.987 97.933624
C04 799.976 96.54361
C04 824.988 94.97648
C04 850.022 92.85883
C04 869.967 89.84721
C04 875.002 88.51458
C04 899.999 82.49292
C04 919.999 73.30788
C04 925.012 70.696236
C04 949.965 57.862114
C04 975.002 43.04747
C04 999.976 26.020718
C04 1025.028 11.057534
C04 1050.014 3.8839395
C04 1075.002 2.1477444
C04 1099.99 1.6869322
C03 319.994 42.26249
C03 324.969 47.73413
C03 349.982 69.72976
C03 374.975 74.34852
C03 400.019 82.54439
C03 424.965 85.30287
C03 450.035 87.88356
C03 475.003 90.04263
C03 500.018 92.43798
C03 525.002 94.8308
C03 550.029 95.55027
C03 575.023 97.451126
C03 599.982 98.16269
C03 619.997 98.52336
C03 624.979 99.37143
C03 650.012 99.46995
C03 675.004 98.83093
C03 700.03 98.48993
C03 725.012 97.667755
C03 750.022 97.77638
C03 774.987 98.04619
C03 799.976 96.66264
C03 824.988 95.09009
C03 850.022 92.97728
C03 869.967 89.930176
C03 875.002 88.61018
C03 899.999 82.6255
C03 919.999 73.31211
C03 925.012 70.67302
C03 949.965 57.901756
C03 975.002 43.066273
C03 999.976 26.061426
C03 1025.028 11.081903
C03 1050.014 3.882833
C03 1075.002 2.1456969
C03 1099.99 1.6880978
C07 319.994 43.146286
C07 324.969 48.746754
C07 349.982 71.32581
C07 374.975 75.806816
C07 400.019 83.46307
C07 424.965 85.94025
C07 450.035 88.36944
C07 475.003 90.446915
C07 500.018 92.79295
C07 525.002 95.154526
C07 550.029 95.851654
C07 575.023 97.75449
C07 599.982 98.45462
C07 619.997 98.80735
C07 624.979 99.662415
C07 650.012 99.75276
C07 675.004 99.100914
C07 700.03 98.7142
C07 725.012 97.78423
C07 750.022 97.74694
C07 774.987 97.869446
C07 799.976 96.44048
C07 824.988 94.90289
C07 850.022 92.79763
C07 869.967 89.8777
C07 875.002 88.53483
C07 899.999 82.52826
C07 919.999 73.44125
C07 925.012 70.874245
C07 949.965 58.0786
C07 975.002 42.8682
C07 999.976 26.014332
C07 1025.028 11.053392
C07 1050.014 3.917532
C07 1075.002 2.1631434
C07 1099.99 1.6829274
C10 319.994 44.139427
C10 324.969 49.875134
C10 349.982 73.04001
C10 374.975 77.208694
C10 400.019 84.088295
C10 424.965 86.19546
C10 450.035 88.4374
C10 475.003 90.39912
C10 500.018 92.66888
C10 525.002 94.97841
C10 550.029 95.64407
C10 575.023 97.51472
C10 599.982 98.19823
C10 619.997 98.542145
C10 624.979 99.389915
C10 650.012 99.46717
C10 675.004 98.8088
C10 700.03 98.42228
C10 725.012 97.492775
C10 750.022 97.45191
C10 774.987 97.56883
C10 799.976 96.13044
C10 824.988 94.57882
C10 850.022 92.455795
C10 869.967 89.466545
C10 875.002 88.12204
C10 899.999 82.06309
C10 919.999 73.01328
C10 925.012 70.51934
C10 949.965 57.718105
C10 975.002 42.89338
C10 999.976 25.863895
C10 1025.028 10.993431
C10 1050.014 3.8760815
C10 1075.002 2.1376154
C10 1099.99 1.6760634
C06 319.994 42.933575
C06 324.969 48.49669
C06 349.982 70.91967
C06 374.975 75.453804
C06 400.019 83.22981
C06 424.965 85.763145
C06 450.035 88.22162
C06 475.003 90.309746
C06 500.018 92.66216
C06 525.002 95.02423
C06 550.029 95.722336
C06 575.023 97.61879
C06 599.982 98.32136
C06 619.997 98.67716
C06 624.979 99.52407
C06 650.012 99.61871
C06 675.004 98.97213
C06 700.03 98.59251
C06 725.012 97.69536
C06 750.022 97.68892
C06 774.987 97.84739
C06 799.976 96.43245
C06 824.988 94.88355
C06 850.022 92.78447
C06 869.967 89.842735
C06 875.002 88.51064
C06 899.999 82.43178
C06 919.999 73.39007
C06 925.012 70.844246
C06 949.965 58.019276
C06 975.002 42.929913
C06 999.976 25.97298
C06 1025.028 11.027743
C06 1050.014 3.9079616
C06 1075.002 2.1623588
C06 1099.99 1.6863841
C15 319.994 42.873074
C15 324.969 48.437054
C15 349.982 71.04303
C15 374.975 75.55657
C15 400.019 82.99357
C15 424.965 85.37745
C15 450.035 87.742935
C15 475.003 89.7746
C15 500.018 92.08134
C15 525.002 94.41993
C15 550.029 95.10992
C15 575.023 96.990486
C15 599.982 97.690834
C15 619.997 98.049095
C15 624.979 98.89581
C15 650.012 98.992355
C15 675.004 98.3613
C15 700.03 98.03159
C15 725.012 97.24202
C15 750.022 97.36756
C15 774.987 97.64564
C15 799.976 96.26668
C15 824.988 94.69527
C15 850.022 92.53494
C15 869.967 89.44563
C15 875.002 88.087746
C15 899.999 82.25893
C15 919.999 73.03482
C15 925.012 70.29259
C15 949.965 57.31507
C15 975.002 42.81422
C15 999.976 26.023323
C15 1025.028 11.13698
C15 1050.014 3.848366
C15 1075.002 2.1126242
C15 1099.99 1.6690181
C00 319.994 41.37445
C00 324.969 46.72554
C00 349.982 68.16656
C00 374.975 72.88865
C00 400.019 81.601074
C00 424.965 84.642044
C00 450.035 87.355125
C00 475.003 89.6068
C00 500.018 92.0441
C00 525.002 94.46878
C00 550.029 95.20749
C00 575.023 97.120926
C00 599.982 97.83852
C00 619.997 98.20322
C00 624.979 99.05348
C00 650.012 99.15149
C00 675.004 98.51701
C00 700.03 98.15269
C00 725.012 97.280174
C00 750.022 97.31152
C00 774.987 97.50585
C00 799.976 96.09668
C00 824.988 94.536125
C00 850.022 92.42611
C00 869.967 89.36827
C00 875.002 88.02751
C00 899.999 82.2212
C00 919.999 73.07832
C00 925.012 70.36647
C00 949.965 57.445305
C00 975.002 42.78103
C00 999.976 25.988293
C00 1025.028 11.125519
C00 1050.014 3.9177873
C00 1075.002 2.1504803
C00 1099.99 1.6865255
C17 319.994 42.446537
C17 324.969 47.95549
C17 349.982 70.33405
C17 374.975 74.99152
C17 400.019 82.77118
C17 424.965 85.32249
C17 450.035 87.76604
C17 475.003 89.85499
C17 500.018 92.19725
C17 525.002 94.56261
C17 550.029 95.268555
C17 575.023 97.16565
C17 599.982 97.87223
C17 619.997 98.23876
C17 624.979 99.083534
C17 650.012 99.18395
C17 675.004 98.558395
C17 700.03 98.19983
C17 725.012 97.33431
C17 750.022 97.37524
C17 774.987 97.56182
C17 799.976 96.1348
C17 824.988 94.56831
C17 850.022 92.33776
C17 869.967 89.205894
C17 875.002 87.8426
C17 899.999 82.16403
C17 919.999 73.115685
C17 925.012 70.35777
C17 949.965 56.990364
C17 975.002 42.480766
C17 999.976 25.914906
C17 1025.028 11.204201
C17 1050.014 3.90051
C17 1075.002 2.1197743
C17 1099.99 1.6684281
C02 319.994 42.037086
C02 324.969 47.476967
C02 349.982 69.32258
C02 374.975 73.94079
C02 400.019 82.2423
C02 424.965 85.06678
C02 450.035 87.67451
C02 475.003 89.85192
C02 500.018 92.25547
C02 525.002 94.65103
C02 550.029 95.3752
C02 575.023 97.28018
C02 599.982 97.99124
C02 619.997 98.35081
C02 624.979 99.2022
C02 650.012 99.296364
C02 675.004 98.66262
C02 700.03 98.3274
C02 725.012 97.52342
C02 750.022 97.6422
C02 774.987 97.92725
C02 799.976 96.55178
C02 824.988 94.975525
C02 850.022 92.88003
C02 869.967 89.82414
C02 875.002 88.487946
C02 899.999 82.502914
C02 919.999 73.23113
C02 925.012 70.55384
C02 949.965 57.73881
C02 975.002 43.02884
C02 999.976 26.080677
C02 1025.028 11.102651
C02 1050.014 3.8878434
C02 1075.002 2.1432104
C02 1099.99 1.6882454
C16 319.994 42.522263
C16 324.969 48.046314
C16 349.982 70.555984
C16 374.975 75.19322
C16 400.019 82.791626
C16 424.965 85.24567
C16 450.035 87.63928
C16 475.003 89.69037
C16 500.018 92.009575
C16 525.002 94.35841
C16 550.029 95.06296
C16 575.023 96.9525
C16 599.982 97.66262
C16 619.997 98.02766
C16 624.979 98.87369
C16 650.012 98.97719
C16 675.004 98.35385
C16 700.03 98.02358
C16 725.012 97.22672
C16 750.022 97.338806
C16 774.987 97.60671
C16 799.976 96.21908
C16 824.988 94.64906
C16 850.022 92.46134
C16 869.967 89.357086
C16 875.002 87.98984
C16 899.999 82.225266
C16 919.999 73.09518
C16 925.012 70.34602
C16 949.965 57.16147
C16 975.002 42.657307
C16 999.976 25.980042
C16 1025.028 11.1662445
C16 1050.014 3.866716
C16 1075.002 2.1118784
C16 1099.99 1.6678249
C13 319.994 43.53505
C13 324.969 49.18479
C13 349.982 72.0506
C13 374.975 76.43638
C13 400.019 83.652664
C13 424.965 85.918274
C13 450.035 88.23464
C13 475.003 90.23362
C13 500.018 92.52893
C13 525.002 94.854935
C13 550.029 95.52948
C13 575.023 97.40874
C13 599.982 98.09982
C13 619.997 98.4484
C13 624.979 99.29429
C13 650.012 99.38368
C13 675.004 98.74049
C13 700.03 98.38418
C13 725.012 97.54888
C13 750.022 97.62116
C13 774.987 97.846886
C13 799.976 96.449615
C13 824.988 94.875984
C13 850.022 92.730286
C13 869.967 89.66712
C13 875.002 88.31669
C13 899.999 82.420616
C13 919.999 73.19146
C13 925.012 70.48721
C13 949.965 57.61773
C13 975.002 42.943645
C13 999.976 26.04782
C13 1025.028 11.093147
C13 1050.014 3.8483472
C13 1075.002 2.121813
C13 1099.99 1.6743357
