lsstCam/transmission_filter_detector/r22_s00/z_20/19700101T000000.ecsv
# %ECSV 1.0
# ---
# datatype:
# - {name: wavelength, unit: nm, datatype: float32}
# - {name: efficiency, unit: '%', datatype: float64}
# meta: !!omap
# - {MODE: DETECTOR}
# - {TYPE: transmission_filter_detector}
# - {CALIBDATE: '1970-01-01T00:00:00'}
# - {INSTRUME: LSSTCam}
# - {OBSTYPE: transmission_filter_detector}
# - {CALIBCLS: lsst.ip.isr.IntermediateFilterDetectorTransmissionCurve}
# - {SOURCE: Materion (DM-46256)}
# - {DETECTOR: 90}
# - {FILTER: z_20}
# - {CALIB_ID: 'calibDate=1970-01-01T00:00:00 filter=z_20 detector=90'}
# - {DATE: '2025-04-02T15:59:49.056244'}
# - {CALIB_CREATION_DATE: '2025-04-02'}
# - {CALIB_CREATION_TIME: '15:59:49'}
# - __serialized_columns__:
#     efficiency:
#       __class__: astropy.units.quantity.Quantity
#       unit: !astropy.units.Unit {unit: '%'}
#       value: !astropy.table.SerializedColumn {name: efficiency}
#     wavelength:
#       __class__: astropy.units.quantity.Quantity
#       unit: !astropy.units.Unit {unit: nm}
#       value: !astropy.table.SerializedColumn {name: wavelength}
# schema: astropy-2.0
wavelength efficiency
300.0 0.815872848033905
301.0 0.5628136452287436
302.0 0.30975453555583954
303.0 0.29406885150820017
304.0 0.2783831674605608
305.0 0.2367117442190647
306.0 0.19504029769450426
307.0 0.17959665274247527
308.0 0.16415301943197846
309.0 0.1441172673366964
310.0 0.12408151524141431
311.0 0.12452392838895321
312.0 0.12496637646108866
313.0 0.11192673118785024
314.0 0.098887097556144
315.0 0.09499904117546976
316.0 0.09111097897402942
317.0 0.07778907311148942
318.0 0.06446718471124768
319.0 0.0656170304864645
320.0 0.06676687626168132
321.0 0.06471957312896848
322.0 0.06267227581702173
323.0 0.056611018953844905
324.0 0.050549767911434174
325.0 0.04587667353916913
326.0 0.04120358207728714
327.0 0.04040113708470017
328.0 0.0395986920921132
329.0 0.035623155417852104
330.0 0.03164761874359101
331.0 0.028995252796448767
332.0 0.026342883938923478
333.0 0.025337262195535004
334.0 0.02433163463138044
335.0 0.022846423962619156
336.0 0.021361213293857872
337.0 0.024707245756872
338.0 0.02805327530950308
339.0 0.024264072999358177
340.0 0.020474879420362413
341.0 0.01801249454729259
342.0 0.015550109674222767
343.0 0.015108443039935082
344.0 0.01466677786083892
345.0 0.013808856601826847
346.0 0.012950936798006296
347.0 0.012109546514693648
348.0 0.011268158414168283
349.0 0.013534659228753299
350.0 0.015801160770934075
351.0 0.013658082752954215
352.0 0.011515001824591309
353.0 0.012077928113285452
354.0 0.012640854401979595
355.0 0.010716432007029653
356.0 0.00879200961207971
357.0 0.009707388380775228
358.0 0.01062276860466227
359.0 0.010316423140466213
360.0 0.010010077676270157
361.0 0.009178740583593026
362.0 0.008347407128894702
363.0 0.00929045636439696
364.0 0.010233504872303456
365.0 0.01010170963127166
366.0 0.00996991730062291
367.0 0.00888596405275166
368.0 0.00780201080488041
369.0 0.008227724902098998
370.0 0.008653439726913348
371.0 0.008364790846826509
372.0 0.00807614269433543
373.0 0.007282620936166495
374.0 0.006489100633189082
375.0 0.006630354619119316
376.0 0.006771607877453789
377.0 0.007053963781800121
378.0 0.00733631823095493
379.0 0.006239680078579113
380.0 0.005143041562405415
381.0 0.0035847435356117785
382.0 0.002026445872616023
383.0 0.0038609250623267144
384.0 0.005695404979633167
385.0 0.005438179505290464
386.0 0.0051809543947456405
387.0 0.00583835608267691
388.0 0.006495758862001821
389.0 0.0057997000112663954
390.0 0.005103642251924612
391.0 0.004724326572613791
392.0 0.00434501125710085
393.0 0.004814685235032812
394.0 0.005284359576762654
395.0 0.004444864316610619
396.0 0.0036053683288628235
397.0 0.0037703597627114505
398.0 0.003935350468964316
399.0 0.004098136196262203
400.0 0.00426092155976221
401.0 0.004747453931486234
402.0 0.005233985939412378
403.0 0.005055921064922586
404.0 0.004877856554230675
405.0 0.004115131014259532
406.0 0.0033524062018841505
407.0 0.002057740493910387
408.0 0.0007630755135323852
409.0 0.0022246234948397614
410.0 0.0036861714761471376
411.0 0.004215767330606468
412.0 0.0047453631850657985
413.0 0.004564869595924392
414.0 0.0043843756429851055
415.0 0.003667887722258456
416.0 0.002951400529127568
417.0 0.0038184018194442615
418.0 0.004685403109760955
419.0 0.004180466203251854
420.0 0.0036755289329448715
421.0 0.0039112561353249475
422.0 0.004146983701502904
423.0 0.0038668767956551164
424.0 0.0035867709812009707
425.0 0.0025520066628814675
426.0 0.0015172423445619643
427.0 0.0019190400053048506
428.0 0.002320837666047737
429.0 0.0015712639651610516
430.0 0.0008216904461733066
431.0 0.000803081456979271
432.0 0.0007844722858862951
433.0 0.0007997096872713882
434.0 0.000814946906757541
435.0 0.0012884769603260793
436.0 0.0017620070138946176
437.0 0.0018970025848830119
438.0 0.002031998519669287
439.0 0.0022177180653670803
440.0 0.0024034379748627543
441.0 0.0018420334527036175
442.0 0.0012806290214939509
443.0 0.0022980941139394417
444.0 0.003315559297334403
445.0 0.0033017022360581905
446.0 0.003287845174781978
447.0 0.002643543848535046
448.0 0.0019992423403891735
449.0 0.0025491006454103626
450.0 0.003098959132330492
451.0 0.0025428744265809655
452.0 0.0019867895389324985
453.0 0.001823373713705223
454.0 0.001659958070376888
455.0 0.002378075987508055
456.0 0.0030961942684371024
457.0 0.0022606727725360543
458.0 0.0014251515494834166
459.0 0.001527873973827809
460.0 0.0016305963072227314
461.0 0.0008746853382035624
462.0 0.00011877414181071799
463.0 0.0010641892004059628
464.0 0.002009604395425413
465.0 0.0021853178623132408
466.0 0.002361031511100009
467.0 0.0021196528905420564
468.0 0.0018782737242872827
469.0 0.001667564720264636
470.0 0.001456855625292519
471.0 0.0013723688425670844
472.0 0.0012878823326900601
473.0 0.001269452604901744
474.0 0.0012510227861639578
475.0 0.001061394050339004
476.0 0.0008717653145140503
477.0 0.0012755635907524265
478.0 0.0016793615941423923
479.0 0.0020599434719770215
480.0 0.0024405251679127105
481.0 0.001845170663727913
482.0 0.0012498158866947051
483.0 0.0009430576938029844
484.0 0.0006362993644870585
485.0 0.0012696616067842115
486.0 0.0019030238036066294
487.0 0.0014701725376653485
488.0 0.0010373213626735378
489.0 0.0017282984117628075
490.0 0.0024192755518015474
491.0 0.002279045293107629
492.0 0.0021388150344137102
493.0 0.0020050201783305965
494.0 0.0018712255041464232
495.0 0.0016136307749547996
496.0 0.0013560362276621163
497.0 0.0012067801435478032
498.0 0.0010575242413324304
499.0 0.001130106011260068
500.0 0.0012026878721371759
501.0 0.0008497657290718053
502.0 0.0004968434950569645
503.0 0.0012420223356457427
504.0 0.0019872013581334613
505.0 0.0021747066057287157
506.0 0.0023622120352229103
507.0 0.002246340227429755
508.0 0.002130468055838719
509.0 0.0018504520994611084
510.0 0.0015704365068813786
511.0 0.0012523656550911255
512.0 0.0009342948033008724
513.0 0.0013017164746997878
514.0 0.0016691383279976435
515.0 0.0012696570593107026
516.0 0.0008701763363205828
517.0 0.0009075109119294211
518.0 0.0009448453965887893
519.0 0.0011662719771265984
520.0 0.0013876982848159969
521.0 0.0017075171854230575
522.0 0.0020273362679290585
523.0 0.001345619784842711
524.0 0.0006639032562816283
525.0 0.0007311952231248142
526.0 0.0007984874173416756
527.0 0.0010953349374176469
528.0 0.0013921827303420287
529.0 0.0012299780792091042
530.0 0.0010677731552277692
531.0 0.0011837963938887697
532.0 0.0012998196325497702
533.0 0.0008726935448066797
534.0 0.000445567320639384
535.0 0.0010427649613120593
536.0 0.0016399624655605294
537.0 0.0016016991139622405
538.0 0.0015634357623639517
539.0 0.001128221265389584
540.0 0.0006930066319910111
541.0 0.0008195564078050666
542.0 0.0009461062290938571
543.0 0.0012556260116980411
544.0 0.0015651457943022251
545.0 0.0010400804058008362
546.0 0.0005150152446731227
547.0 0.0012197039723105263
548.0 0.0019243925635237247
549.0 0.0017126634702435695
550.0 0.0015009343769634143
551.0 0.0016068624972831458
552.0 0.0017127902538049966
553.0 0.0014791382454859558
554.0 0.0012454858733690344
555.0 0.0010227090569969732
556.0 0.0007999320587259717
557.0 0.001274757414648775
558.0 0.001749582588672638
559.0 0.0016893758584046736
560.0 0.0016291685824398883
561.0 0.0014709281458635814
562.0 0.001312687436438864
563.0 0.001110559514927445
564.0 0.000908431684365496
565.0 0.0016569736544624902
566.0 0.002405515988357365
567.0 0.002794722968246788
568.0 0.0031839295843383297
569.0 0.002928900357801467
570.0 0.002673870767466724
571.0 0.002491847953933757
572.0 0.002309824776602909
573.0 0.00191074977919925
574.0 0.0015116748727450613
575.0 0.0019210381651646458
576.0 0.0023304011847358197
577.0 0.001974763836187776
578.0 0.001619127215235494
579.0 0.0016856371075846255
580.0 0.0017521468180348165
581.0 0.0016394309568568133
582.0 0.0015267147318809293
583.0 0.0020095991203561425
584.0 0.002492483690730296
585.0 0.002627725916681811
586.0 0.002762967960734386
587.0 0.0022101778085925616
588.0 0.001657387474551797
589.0 0.0020066920114913955
590.0 0.002355996912228875
591.0 0.001529245673737023
592.0 0.0007024942533462308
593.0 0.0006240595212148037
594.0 0.0005456246981339063
595.0 0.0010559574548096862
596.0 0.0015662903024349362
597.0 0.0013816365935781505
598.0 0.0011969828847213648
599.0 0.0009213174962496851
600.0 0.0006456522442022106
601.0 0.0005810677066619974
602.0 0.0005164829417481087
603.0 0.0009746659998199902
604.0 0.001432848603144521
605.0 0.000976596220425563
606.0 0.0005203436558076646
607.0 0.0008058344064920675
608.0 0.0010913251571764704
609.0 0.0011848231224576011
610.0 0.0012783208148903213
611.0 0.001014011741062859
612.0 0.0007497025762859266
613.0 0.0006902514087414602
614.0 0.0006308001047727885
615.0 0.00107667401607614
616.0 0.0015225481547531672
617.0 0.0020332818166934885
618.0 0.00254401566053275
619.0 0.0021363610358093865
620.0 0.0017287062291870825
621.0 0.0015038046512927394
622.0 0.0012789028005499858
623.0 0.0015333491319324821
624.0 0.001787795736163389
625.0 0.0016675607184879482
626.0 0.0015473260646103881
627.0 0.0019021257685380988
628.0 0.00225692583626369
629.0 0.0020628998754546046
630.0 0.001868873914645519
631.0 0.001676372266956605
632.0 0.001483870619267691
633.0 0.0017734701032168232
634.0 0.002063069769064896
635.0 0.0050625603762455285
636.0 0.00806205061962828
637.0 0.015357120719272643
638.0 0.022652189363725483
639.0 0.01986377319553867
640.0 0.01707535411696881
641.0 0.01483800879213959
642.0 0.012600664922501892
643.0 0.01006850361591205
644.0 0.007536343764513731
645.0 0.006811555795138702
646.0 0.006086767825763673
647.0 0.005668955418514088
648.0 0.005251142647466622
649.0 0.004219521360937506
650.0 0.0031879011658020318
651.0 0.0036050209018867463
652.0 0.0040221410017693415
653.0 0.003253037721151486
654.0 0.00248393407673575
655.0 0.002691787085495889
656.0 0.0028996404580539092
657.0 0.0028814782126573846
658.0 0.002863315603462979
659.0 0.0026857363991439342
660.0 0.0025081573767238297
661.0 0.0026249548682244495
662.0 0.0027417519959271885
663.0 0.0020374851374072023
664.0 0.0013332183698366862
665.0 0.0017204209143528715
666.0 0.002107623549818527
667.0 0.0024109958758344874
668.0 0.0027143680199515074
669.0 0.0019259410692029633
670.0 0.0011375142094038893
671.0 0.0009289195077144541
672.0 0.000720324851499754
673.0 0.0013317021512193605
674.0 0.0019430795873631723
675.0 0.002003637382586021
676.0 0.0020641949959099293
677.0 0.0019200213500880636
678.0 0.001775847158569377
679.0 0.0014230738088372163
680.0 0.0010703002772061154
681.0 0.0012294180123717524
682.0 0.0013885356565879192
683.0 0.0024505101464455947
684.0 0.0035124849091516808
685.0 0.0029322036425583065
686.0 0.002351922921661753
687.0 0.0017847443814389408
688.0 0.001217565659317188
689.0 0.0014903494047757704
690.0 0.0017631331502343528
691.0 0.0020715497157652862
692.0 0.002379965917498339
693.0 0.0027200097974855453
694.0 0.003060053859371692
695.0 0.003177981125190854
696.0 0.003295907663414255
697.0 0.003471960371825844
698.0 0.0036480130802374333
699.0 0.005410297308117151
700.0 0.007172580808401108
701.0 0.007097992056515068
702.0 0.007023401849437505
703.0 0.006357325037242845
704.0 0.005691247133654542
705.0 0.005176124250283465
706.0 0.004661001366912387
707.0 0.004324662222643383
708.0 0.003988322714576498
709.0 0.004294202881283127
710.0 0.004600083411787637
711.0 0.004174793866695836
712.0 0.0037495046854019165
713.0 0.002727536775637418
714.0 0.00170556904777186
715.0 0.0022413376427721232
716.0 0.002777106419671327
717.0 0.0025030103643075563
718.0 0.0022289137632469647
719.0 0.00175847380887717
720.0 0.0012880333088105544
721.0 0.0011729887773981318
722.0 0.0010579439731372986
723.0 0.0009507412869425025
724.0 0.0008435386007477064
725.0 0.0011947583516302984
726.0 0.0015459781934623607
727.0 0.001582571530889254
728.0 0.0016191646864172071
729.0 0.0016944211893132888
730.0 0.0017696776922093704
731.0 0.001415382848790614
732.0 0.0010610881872707978
733.0 0.001102688202081481
734.0 0.0011442883078416344
735.0 0.0011513341632962693
736.0 0.0011583797459024936
737.0 0.0012322360817051958
738.0 0.0013060922356089577
739.0 0.00118451471280423
740.0 0.0010629369171510916
741.0 0.0011721529517672025
742.0 0.0012813689863833133
743.0 0.001682633774180431
744.0 0.002083898289129138
745.0 0.0015046146472741384
746.0 0.0009253309144696686
747.0 0.0012880876965937205
748.0 0.0016508445696672425
749.0 0.00234488816204248
750.0 0.003038931936316658
751.0 0.0030706407414982095
752.0 0.0031023497285787016
753.0 0.0030156452339724638
754.0 0.002928940739366226
755.0 0.001942191920534242
756.0 0.000955443101702258
757.0 0.001859735493781045
758.0 0.0027640280677587725
759.0 0.0027411097107687965
760.0 0.0027181909899809398
761.0 0.004333219840191305
762.0 0.005948247417109087
763.0 0.005564704042626545
764.0 0.005181159940548241
765.0 0.005352074367692694
766.0 0.005522988794837147
767.0 0.004649913898902014
768.0 0.003776839002966881
769.0 0.003542273407219909
770.0 0.003307708539068699
771.0 0.003898243812727742
772.0 0.004488779450184666
773.0 0.003866955012199469
774.0 0.0032451298466185108
775.0 0.07603493868373334
776.0 1.5834059324121297e-10
777.0 0.03188163391314447
778.0 0.06977785960771143
779.0 0.10762813035398722
780.0 0.11624648468568921
781.0 1.5834059324121297e-10
782.0 0.03326364676468074
783.0 0.14104690635576844
784.0 0.06536628352478147
785.0 0.08764475933276117
786.0 0.10336372070014477
787.0 0.06013633101247251
788.0 0.07370723760686815
789.0 1.5834059324121297e-10
790.0 1.5834059324121297e-10
791.0 1.5834059324121297e-10
792.0 0.2977791940793395
793.0 1.5834059324121297e-10
794.0 0.0781538023147732
795.0 0.04218129033688456
796.0 0.10465497616678476
797.0 0.07898852927610278
798.0 0.1172018120996654
799.0 0.1031139399856329
800.0 0.2259513596072793
801.0 0.12673952151089907
802.0 0.26318125892430544
803.0 0.48204190097749233
804.0 0.8573439903557301
805.0 1.3616758398711681
806.0 2.259545773267746
807.0 3.5848353058099747
808.0 5.080051347613335
809.0 7.217772305011749
810.0 9.726832062005997
811.0 12.635859847068787
812.0 15.86512178182602
813.0 18.89788508415222
814.0 21.5748593211174
815.0 24.400973320007324
816.0 28.324037790298462
817.0 33.07883441448212
818.0 38.278067111968994
819.0 43.412044644355774
820.0 50.2041757106781
821.0 57.42228627204895
822.0 64.30314779281616
823.0 70.85960507392883
824.0 77.26401686668396
825.0 82.74097442626953
826.0 87.46533393859863
827.0 91.54684543609619
828.0 95.24021744728088
829.0 97.77581691741943
830.0 98.09823036193848
831.0 98.6943781375885
832.0 98.56249690055847
833.0 100.05780458450317
834.0 98.9093542098999
835.0 99.6577799320221
836.0 99.41645860671997
837.0 99.33436512947083
838.0 98.55536222457886
839.0 98.697429895401
840.0 99.34918880462646
841.0 100.02878904342651
842.0 99.88704323768616
843.0 99.97933506965637
844.0 98.72824549674988
845.0 98.88042211532593
846.0 99.16532635688782
847.0 99.29230809211731
848.0 100.26648044586182
849.0 98.97425174713135
850.0 98.48070740699768
851.0 99.25464391708374
852.0 99.60074424743652
853.0 99.24506545066833
854.0 99.93905425071716
855.0 98.66065382957458
856.0 99.00352954864502
857.0 98.33074808120728
858.0 98.6701250076294
859.0 99.58930611610413
860.0 98.7437903881073
861.0 98.9469587802887
862.0 99.02673959732056
863.0 98.66101145744324
864.0 99.68170523643494
865.0 99.88495707511902
866.0 99.18913245201111
867.0 99.58452582359314
868.0 99.50575232505798
869.0 99.1270661354065
870.0 98.5254168510437
871.0 99.2901623249054
872.0 99.68979954719543
873.0 99.45464134216309
874.0 99.95633959770203
875.0 99.47764277458191
876.0 99.34779405593872
877.0 99.95835423469543
878.0 99.42958950996399
879.0 99.10964965820312
880.0 98.64134192466736
881.0 100.23517608642578
882.0 99.20234680175781
883.0 99.47768449783325
884.0 99.90965723991394
885.0 99.29834604263306
886.0 99.40045475959778
887.0 98.74076843261719
888.0 99.43835735321045
889.0 100.03130435943604
890.0 98.82208704948425
891.0 99.76365566253662
892.0 98.96146655082703
893.0 99.00401830673218
894.0 98.86704683303833
895.0 99.65901374816895
896.0 99.08638596534729
