lsstCam/transmission_filter_detector/r22_s00/z_20/19700101T000000.ecsv
# %ECSV 1.0
# ---
# datatype:
# - {name: wavelength, unit: nm, datatype: float32}
# - {name: efficiency, unit: '%', datatype: float64}
# meta: !!omap
# - {MODE: DETECTOR}
# - {TYPE: transmission_filter_detector}
# - {CALIBDATE: '1970-01-01T00:00:00'}
# - {INSTRUME: LSSTCam}
# - {OBSTYPE: transmission_filter_detector}
# - {CALIBCLS: lsst.ip.isr.IntermediateFilterDetectorTransmissionCurve}
# - {SOURCE: Materion (DM-46256)}
# - {DETECTOR: 90}
# - {FILTER: z_20}
# - {CALIB_ID: 'calibDate=1970-01-01T00:00:00 filter=z_20 detector=90'}
# - {DATE: '2025-04-02T15:59:49.056244'}
# - {CALIB_CREATION_DATE: '2025-04-02'}
# - {CALIB_CREATION_TIME: '15:59:49'}
# - __serialized_columns__:
#     efficiency:
#       __class__: astropy.units.quantity.Quantity
#       unit: !astropy.units.Unit {unit: '%'}
#       value: !astropy.table.SerializedColumn {name: efficiency}
#     wavelength:
#       __class__: astropy.units.quantity.Quantity
#       unit: !astropy.units.Unit {unit: nm}
#       value: !astropy.table.SerializedColumn {name: wavelength}
# schema: astropy-2.0
wavelength efficiency
[from data line 598]
898.0 99.09294843673706
899.0 98.74837398529053
900.0 99.09674525260925
901.0 99.88162517547607
902.0 99.4326651096344
903.0 99.11208748817444
904.0 97.96178936958313
905.0 98.88758063316345
906.0 98.21664690971375
907.0 99.15555715560913
908.0 98.57099056243896
909.0 98.55579137802124
910.0 98.41604828834534
911.0 97.4179744720459
912.0 96.61425352096558
913.0 95.25001049041748
914.0 93.52163076400757
915.0 91.09280705451965
916.0 89.07213807106018
917.0 87.60418891906738
918.0 83.8828980922699
919.0 83.10192227363586
920.0 79.87369298934937
921.0 76.49024724960327
922.0 72.19711542129517
923.0 67.06668734550476
924.0 61.39196753501892
925.0 56.28020167350769
926.0 50.28064250946045
927.0 42.91118383407593
928.0 37.33417987823486
929.0 31.06358051300049
930.0 25.40144920349121
931.0 20.2193021774292
932.0 14.487053453922272
933.0 9.974291920661926
934.0 6.575535237789154
935.0 4.075754061341286
936.0 2.4625636637210846
937.0 1.5118366107344627
938.0 0.8426891639828682
939.0 0.6166241131722927
940.0 0.3655396867543459
941.0 0.21249435376375914
942.0 0.16481559723615646
943.0 0.19028492970392108
944.0 0.1953234663233161
945.0 0.07151925819925964
946.0 0.0669538218062371
947.0 1.5834059324121297e-10
948.0 0.13881829800084233
949.0 1.5834059324121297e-10
950.0 0.10495795868337154
951.0 0.0324661610648036
952.0 0.03848557826131582
953.0 1.5834059324121297e-10
954.0 1.5834059324121297e-10
955.0 0.055815273663029075
956.0 1.5834059324121297e-10
957.0 0.007054791785776615
958.0 1.5834059324121297e-10
959.0 1.5834059324121297e-10
960.0 0.06746084545738995
961.0 0.03721859829965979
962.0 1.5834059324121297e-10
963.0 0.09449812350794673
964.0 0.05476993974298239
965.0 0.0015463414456462488
966.0 0.0564238871447742
967.0 1.5834059324121297e-10
968.0 1.5834059324121297e-10
969.0 1.5834059324121297e-10
970.0 1.5834059324121297e-10
971.0 0.01514228933956474
972.0 1.5834059324121297e-10
973.0 0.02279712789459154
974.0 0.10192488553002477
975.0 0.058272655587643385
976.0 0.00677613279549405
977.0 0.006704701081616804
978.0 0.0066332715505268425
979.0 0.0064324856793973595
980.0 0.006231698353076354
981.0 0.0060897426010342315
982.0 0.00594778721278999
983.0 0.005858764416188933
984.0 0.005769742347183637
985.0 0.0055192380386870354
986.0 0.0052687326387967914
987.0 0.005293523645377718
988.0 0.005318315015756525
989.0 0.005153576785232872
990.0 0.00498883928230498
991.0 0.005079020411358215
992.0 0.00516920154041145
993.0 0.005114618761581369
994.0 0.005060035255155526
995.0 0.005013991903979331
996.0 0.004967948916601017
997.0 0.0048437803343404084
998.0 0.0047196121158776805
999.0 0.004645003718906082
1000.0 0.004570395321934484
1001.0 0.0046792392822680995
1002.0 0.004788083242601715
1003.0 0.004740494478028268
1004.0 0.004692906441050582
1005.0 0.004614914359990507
1006.0 0.004536922642728314
1007.0 0.0045210064854472876
1008.0 0.004505090691964142
1009.0 0.0045775548642268404
1010.0 0.004650018672691658
1011.0 0.004724313475890085
1012.0 0.004798608642886393
1013.0 0.004661983257392421
1014.0 0.004525358235696331
1015.0 0.004661759885493666
1016.0 0.0047981611714931205
1017.0 0.005038478775531985
1018.0 0.00527879674336873
1019.0 0.005091662387712859
1020.0 0.004904528032056987
1021.0 0.004918713239021599
1022.0 0.004932898809784092
1023.0 0.004859588443650864
1024.0 0.004786278077517636
1025.0 0.004950499351252802
1026.0 0.005114720624987967
1027.0 0.00503489063703455
1028.0 0.004955061012879014
1029.0 0.004937316771247424
1030.0 0.004919572893413715
1031.0 0.005051607877248898
1032.0 0.0051836424972862005
1033.0 0.005257526572677307
1034.0 0.0053314113756641746
1035.0 0.005510971823241562
1036.0 0.0056905326346168295
1037.0 0.005809419963043183
1038.0 0.005928306927671656
1039.0 0.005783863889519125
1040.0 0.005639420123770833
1041.0 0.006022156594553962
1042.0 0.006404893065337092
1043.0 0.006025259426678531
1044.0 0.00564562578801997
1045.0 0.006223102536750957
1046.0 0.006800577830290422
1047.0 0.00651546724839136
1048.0 0.006230355211300775
1049.0 0.006376229430316016
1050.0 0.006522104376927018
1051.0 0.006804762233514339
1052.0 0.0070874222728889436
1053.0 0.007165010902099311
1054.0 0.007242600258905441
1055.0 0.007896110037108883
1056.0 0.008549620542908087
1057.0 0.008434064511675388
1058.0 0.008318508480442688
1059.0 0.008351201540790498
1060.0 0.008383893145946786
1061.0 0.009095744462683797
1062.0 0.00980759723461233
1063.0 0.009723606490297243
1064.0 0.009639615745982155
1065.0 0.009714964107843116
1066.0 0.0097903139248956
1067.0 0.009989670797949657
1068.0 0.010189029126195237
1069.0 0.011059362441301346
1070.0 0.011929695756407455
1071.0 0.011757573520299047
1072.0 0.01158545128419064
1073.0 0.011569490743568167
1074.0 0.011553528747754171
1075.0 0.012078361032763496
1076.0 0.012603195500560105
1077.0 0.01272452500415966
1078.0 0.012845854507759213
1079.0 0.013711073552258313
1080.0 0.014576292596757412
1081.0 0.01512428862042725
1082.0 0.015672286099288613
1083.0 0.015300532686524093
1084.0 0.014928779273759574
1085.0 0.015469707432202995
1086.0 0.01601063850102946
1087.0 0.016399599553551525
1088.0 0.016788564971648157
1089.0 0.017939302779268473
1090.0 0.01909004058688879
1091.0 0.01885144883999601
1092.0 0.01861285127233714
1093.0 0.01845818624133244
1094.0 0.01830351975513622
1095.0 0.02010264142882079
1096.0 0.02190176455769688
1097.0 0.02199466252932325
1098.0 0.022087563411332667
1099.0 0.023735521244816482
1100.0 0.02538347616791725
1101.0 0.02560055290814489
1102.0 0.02581762382760644
1103.0 0.027100660372525454
1104.0 0.028383691096678376
1105.0 0.028275279328227043
1106.0 0.02816686755977571
1107.0 0.0296466751024127
1108.0 0.03112648264504969
1109.0 0.031801979639567435
1110.0 0.03247747372370213
1111.0 0.03297555958852172
1112.0 0.03347364836372435
1113.0 0.03493759722914547
1114.0 0.03640154900494963
1115.0 0.03539189929142594
1116.0 0.0343822524882853
1117.0 0.035346022923476994
1118.0 0.036309793358668685
1119.0 0.04035464080516249
1120.0 0.04439948534127325
1121.0 0.0459816976217553
1122.0 0.0475639128126204
1123.0 0.047232999349944293
1124.0 0.046902085887268186
1125.0 0.04698414995800704
1126.0 0.04706621984951198
1127.0 0.05190627998672426
1128.0 0.05674633430317044
1129.0 0.06016303668729961
1130.0 0.06357974489219487
1131.0 0.06371496128849685
1132.0 0.06385017186403275
1133.0 0.0670586945489049
1134.0 0.07026721141301095
1135.0 0.06938354927115142
1136.0 0.06849988712929189
1137.0 0.07520546787418425
1138.0 0.08191106026060879
1139.0 0.08556379470974207
1140.0 0.0892164942342788
1141.0 0.09898388525471091
1142.0 0.10875127045437694
1143.0 0.13109167339280248
1144.0 0.15343204140663147
1145.0 0.29972081538289785
1146.0 0.4460096824914217
1147.0 0.9444360621273518
1148.0 1.4428624883294106
1149.0 1.6368875280022621
1150.0 1.8309136852622032
