lsstCam/transmission_filter_detector/r20_s12/r_57/19700101T000000.ecsv
# %ECSV 1.0
# ---
# datatype:
# - {name: wavelength, unit: nm, datatype: float32}
# - {name: efficiency, unit: '%', datatype: float64}
# meta: !!omap
# - {MODE: DETECTOR}
# - {TYPE: transmission_filter_detector}
# - {CALIBDATE: '1970-01-01T00:00:00'}
# - {INSTRUME: LSSTCam}
# - {OBSTYPE: transmission_filter_detector}
# - {CALIBCLS: lsst.ip.isr.IntermediateFilterDetectorTransmissionCurve}
# - {SOURCE: Materion (DM-46256)}
# - {DETECTOR: 77}
# - {FILTER: r_57}
# - {CALIB_ID: 'calibDate=1970-01-01T00:00:00 filter=r_57 detector=77'}
# - {DATE: '2025-04-02T15:59:44.539112'}
# - {CALIB_CREATION_DATE: '2025-04-02'}
# - {CALIB_CREATION_TIME: '15:59:44'}
# - __serialized_columns__:
#     efficiency:
#       __class__: astropy.units.quantity.Quantity
#       unit: !astropy.units.Unit {unit: '%'}
#       value: !astropy.table.SerializedColumn {name: efficiency}
#     wavelength:
#       __class__: astropy.units.quantity.Quantity
#       unit: !astropy.units.Unit {unit: nm}
#       value: !astropy.table.SerializedColumn {name: wavelength}
# schema: astropy-2.0
wavelength efficiency
300.0 0.0020884937839582562
301.0 0.004656290911952965
302.0 0.007224088039947674
303.0 0.009590959234628826
304.0 0.011957829701714218
305.0 0.010779900912893936
306.0 0.009601972851669416
307.0 0.008886989235179499
308.0 0.00817200489109382
309.0 0.007529810682171956
310.0 0.006887617928441614
311.0 0.005937722744420171
312.0 0.004987827560398728
313.0 0.005229095040704124
314.0 0.005470363612403162
315.0 0.005017672447138466
316.0 0.004564982373267412
317.0 0.0043833937525050715
318.0 0.004201805131742731
319.0 0.003973520506406203
320.0 0.003745236972463317
321.0 0.003460763400653377
322.0 0.0031762894650455564
323.0 0.0029440261641866527
324.0 0.002711762863327749
325.0 0.0026038187570520677
326.0 0.0024958748326753266
327.0 0.0023920767489471473
328.0 0.002288278665218968
329.0 0.002354582102270797
330.0 0.002420885721221566
331.0 0.002173110442527104
332.0 0.0019253351638326421
333.0 0.0016714491721359082
334.0 0.0014175632713886444
335.0 0.0013497531654138584
336.0 0.0012819431503885426
337.0 0.0011657364666461945
338.0 0.0010495297829038464
339.0 0.0010179681339650415
340.0 0.0009864063940767664
341.0 0.001018588591250591
342.0 0.0010507708793738857
343.0 0.0009754428901942447
344.0 0.0009001148100651335
345.0 0.000876753983902745
346.0 0.000853392975841416
347.0 0.0008510004590789322
348.0 0.0008486079423164483
349.0 0.0008707950655661989
350.0 0.005454272832139395
351.0 0.0059542337112361565
352.0 0.006454194954130799
353.0 0.005598475763690658
354.0 0.004742757664644159
355.0 0.004777041976922192
356.0 0.004811327016795985
357.0 0.006235837645363063
358.0 0.0076603486377280205
359.0 0.006065704656066373
360.0 0.004471060674404725
361.0 0.0032972253393381834
362.0 0.0021233900042716414
363.0 0.0029607848773594014
364.0 0.0037981797504471615
365.0 0.003652565646916628
366.0 0.003506951907183975
367.0 0.0030228398827603087
368.0 0.002538727676437702
369.0 0.002265370676468592
370.0 0.0019920136764994822
371.0 0.0022198804799700156
372.0 0.002447747283440549
373.0 0.0028786347684217617
374.0 0.003309522071504034
375.0 0.0029963191991555505
376.0 0.002683116872503888
377.0 0.001375317788188113
378.0 6.75189255616715e-05
379.0 0.0009178852451441344
380.0 0.0017682517864159308
381.0 0.0023984470317373052
382.0 0.00302864245895762
383.0 0.003079986709053628
384.0 0.0031313316867453977
385.0 0.004272110891179182
386.0 0.005412889731815085
387.0 0.004735605762107298
388.0 0.0040583221561973915
389.0 0.0035447406844468787
390.0 0.0030311583032016642
391.0 0.0023280608729692176
392.0 0.001624963442736771
393.0 0.0014427521819015965
394.0 0.0012605406482180115
395.0 0.0008744832484808285
396.0 0.0004884257577941753
397.0 0.0005364541721064597
398.0 0.00058448299569136
399.0 0.0005804715328849852
400.0 0.0005764597062807297
401.0 0.0001875598172773607
402.0 1.602435740523378e-10
403.0 7.950976055326464e-05
404.0 0.0003603603317969828
405.0 0.0008092082680377644
406.0 0.0012580558177432977
407.0 0.001714852623990737
408.0 0.002171649430238176
409.0 0.0017754329746821895
410.0 0.0013792164281767327
411.0 0.0009606079402146861
412.0 0.0005419994067779044
413.0 0.0005868644166184822
414.0 0.0006317294719337951
415.0 0.0006785786354157608
416.0 0.0007254282081703423
417.0 0.0011993705811619293
418.0 0.001673313272476662
419.0 0.002099134144373238
420.0 0.0025249550162698142
421.0 0.003925634155166335
422.0 0.005326313475961797
423.0 0.00828796619316563
424.0 0.011249617818975821
425.0 0.015371885092463344
426.0 0.01949414872797206
427.0 0.02011222968576476
428.0 0.02073031064355746
429.0 0.015901059668976814
430.0 0.011071807239204645
431.0 0.00786028613219969
432.0 0.0046487635700032115
433.0 0.0036127035855315626
434.0 0.0025766436010599136
435.0 0.0020589432097040117
436.0 0.001541242454550229
437.0 0.00134689662445453
438.0 0.0011525512491061818
439.0 0.0009770190445124172
440.0 0.0008014870218175929
441.0 0.001075611089618178
442.0 0.0013497351574187633
443.0 0.0016921414498938248
444.0 0.0020345478333183564
445.0 0.001968054311873857
446.0 0.0019015607904293574
447.0 0.0017030550225172192
448.0 0.0015045494365040213
449.0 0.0013813558325637132
450.0 0.0012581617738760542
451.0 0.0013773712453257758
452.0 0.001496580534876557
453.0 0.0015629273548256606
454.0 0.001629274083825294
455.0 0.0014563536751666106
456.0 0.0012834334484068677
457.0 0.0008972127943707164
458.0 0.0005109921403345652
459.0 0.000736239326215582
460.0 0.0009614865120965987
461.0 0.001556722963869106
462.0 0.0021519590518437326
463.0 0.002828310061886441
464.0 0.0035046610719291493
465.0 0.004516074477578513
466.0 0.005527487883227877
467.0 0.006158485484775156
468.0 0.006789483450120315
469.0 0.005859277734998614
470.0 0.004929073475068435
471.0 0.0037669407902285457
472.0 0.0026048081053886563
473.0 0.0021273719539749436
474.0 0.0016499356206622906
475.0 0.0013704359844268765
476.0 0.001090936621039873
477.0 0.0008884203452907968
478.0 0.0006859039331175154
479.0 0.0008709898793313187
480.0 0.0010560756891209166
481.0 0.0008282311682705767
482.0 0.0006003868293191772
483.0 0.0006488190592790488
484.0 0.0006972511528147152
485.0 0.0006252035291254288
486.0 0.000553155723537202
487.0 0.0005146444891579449
488.0 0.00047613320930395275
489.0 0.0004974950115865795
490.0 0.0005188568138692062
491.0 0.0006749520707671763
492.0 0.0008310473276651464
493.0 0.0009649036655901
494.0 0.0010987600035150535
495.0 0.0009449984645470977
496.0 0.0007912369255791418
497.0 0.0010238269169349223
498.0 0.0012564167263917625
499.0 0.0012777962183463387
500.0 0.0012991758012503851
501.0 0.0014392700904863887
502.0 0.0015793644706718624
503.0 0.0019168992366758175
504.0 0.002254433638881892
505.0 0.0027786876671598293
506.0 0.0033029416954377666
507.0 0.003963135168305598
508.0 0.004623328277375549
509.0 0.0051206734497100115
510.0 0.0056180178944487125
511.0 0.005008511652704328
512.0 0.004399005047162063
513.0 0.0037471458199433982
514.0 0.0030952862289268523
515.0 0.002902946107496973
516.0 0.0027106061679660343
517.0 0.002523602597648278
518.0 0.0023365990273305215
519.0 0.06688626599498093
520.0 0.1694269012659788
521.0 0.1379375229589641
522.0 0.12583218049257994
523.0 0.12479763245210052
524.0 0.11183638125658035
525.0 0.0674613460432738
526.0 0.11105431476607919
527.0 0.11299147736281157
528.0 0.11953248176723719
529.0 0.1570907887071371
530.0 0.21937964484095573
531.0 0.11654609115794301
532.0 0.21146484650671482
533.0 0.30353658366948366
534.0 0.34709039609879255
535.0 0.43243770487606525
536.0 0.5335591733455658
537.0 0.8444158360362053
538.0 1.3391923159360886
539.0 2.1141404286026955
540.0 3.337724506855011
541.0 5.049704015254974
542.0 7.262513041496277
543.0 10.313842445611954
544.0 13.753056526184082
545.0 17.846274375915527
546.0 22.67526388168335
547.0 28.707128763198853
548.0 36.21391952037811
549.0 44.496774673461914
550.0 51.363182067871094
551.0 59.01749134063721
552.0 64.69898819923401
553.0 69.8175311088562
554.0 74.52079057693481
555.0 78.36209535598755
556.0 82.15422034263611
557.0 85.02646684646606
558.0 88.1816029548645
559.0 91.320139169693
560.0 92.28026270866394
561.0 94.01498436927795
562.0 95.13575434684753
563.0 94.95542049407959
564.0 95.4384446144104
565.0 95.11342644691467
566.0 95.844167470932
567.0 94.79328989982605
568.0 95.46820521354675
569.0 96.15005850791931
570.0 95.55856585502625
571.0 96.31271362304688
572.0 96.46843671798706
573.0 96.70189023017883
574.0 96.54722213745117
575.0 96.56294584274292
576.0 96.93708419799805
577.0 96.96584343910217
578.0 96.8361496925354
579.0 96.61507606506348
580.0 96.75745964050293
581.0 95.99661231040955
582.0 96.65479063987732
583.0 96.39047384262085
584.0 96.04943990707397
585.0 96.6420590877533
586.0 96.15187048912048
587.0 96.04941010475159
588.0 96.22080326080322
589.0 97.00607061386108
590.0 96.28365635871887
591.0 95.59752345085144
592.0 95.95583081245422
593.0 95.63098549842834
594.0 95.66258788108826
595.0 96.2268054485321
596.0 96.96230292320251
597.0 97.04133868217468
598.0 96.96393609046936
599.0 96.66677117347717
600.0 96.69550657272339
601.0 95.76758742332458
602.0 96.3543713092804
603.0 96.08954787254333
604.0 96.1635947227478
605.0 96.4862048625946
606.0 96.06108069419861
607.0 96.14203572273254
608.0 96.36123180389404
609.0 95.10952830314636
610.0 95.72206735610962
611.0 95.60220241546631
612.0 95.71698307991028
613.0 96.66945934295654
614.0 96.58607840538025
615.0 95.61169743537903
616.0 96.5059220790863
617.0 96.15768790245056
618.0 96.24011516571045
619.0 96.7013418674469
620.0 95.58627605438232
621.0 95.39766311645508
622.0 96.29368185997009
623.0 96.19283676147461
624.0 96.50560021400452
625.0 96.52301073074341
626.0 96.08317017555237
627.0 95.05585432052612
628.0 96.91543579101562
629.0 95.49694657325745
630.0 96.3276743888855
631.0 95.72329521179199
632.0 96.56563997268677
633.0 96.25179171562195
634.0 95.66794037818909
635.0 95.840322971344
636.0 95.73836326599121
637.0 95.32081484794617
638.0 95.0222909450531
639.0 95.38970589637756
640.0 95.22894024848938
641.0 95.28399109840393
642.0 95.5714762210846
643.0 95.88562250137329
644.0 96.00932598114014
645.0 95.67769169807434
646.0 95.96233367919922
647.0 96.82729244232178
648.0 96.1108148097992
649.0 95.60800790786743
650.0 96.21528387069702
651.0 96.57561182975769
652.0 96.73572778701782
653.0 95.58948278427124
654.0 96.52945399284363
655.0 96.3725209236145
656.0 95.73202133178711
657.0 95.76241374015808
658.0 96.06041312217712
659.0 96.29033207893372
660.0 95.21840810775757
661.0 95.32651901245117
662.0 95.84301114082336
663.0 95.53086757659912
664.0 95.53833603858948
665.0 95.34891843795776
666.0 95.31916975975037
667.0 95.49650549888611
668.0 94.73036527633667
669.0 95.57734727859497
670.0 95.27949094772339
671.0 95.51876783370972
672.0 95.18811702728271
673.0 95.54394483566284
674.0 94.73140835762024
675.0 95.49893736839294
676.0 95.13282179832458
677.0 94.24256682395935
678.0 93.69489550590515
679.0 92.64161586761475
680.0 91.9710099697113
681.0 90.73300361633301
682.0 88.48130106925964
683.0 86.38293147087097
684.0 82.77804851531982
685.0 79.72697019577026
686.0 76.04165077209473
687.0 71.34395241737366
688.0 66.86558723449707
689.0 62.603843212127686
690.0 57.47990608215332
691.0 53.27097773551941
692.0 48.58609139919281
693.0 44.35315728187561
694.0 39.44961130619049
695.0 34.29260849952698
696.0 29.143834114074707
697.0 23.98981750011444
698.0 18.201369047164917
699.0 13.388456404209137
700.0 9.635558724403381
701.0 6.153012439608574
702.0 3.9344679564237595
703.0 2.2694798186421394
704.0 1.2981247156858444
705.0 0.7422723807394505
706.0 0.49140937626361847
707.0 0.28168559074401855
708.0 0.20074429921805859
709.0 0.16273066867142916
710.0 0.11903832200914621
711.0 0.09050206863321364
712.0 0.057352130534127355
713.0 0.06068773800507188
714.0 0.019938296463806182
715.0 0.062328140484169126
716.0 0.08724139770492911
717.0 0.07105297991074622
718.0 0.047617818927392364
719.0 0.03130447294097394
720.0 1.602435740523378e-10
721.0 0.004684888699557632
722.0 0.0043615516915451735
723.0 0.0040382150473305956
724.0 0.003720709355548024
725.0 0.003403203299967572
726.0 0.003178980477969162
727.0 0.0029547576559707522
728.0 0.002870803655241616
729.0 0.00278684965451248
730.0 0.002570773540355731
731.0 0.0023546977899968624
732.0 0.002291535201948136
733.0 0.0022283726138994098
734.0 0.0021587406081380323
735.0 0.0020891084204777144
736.0 0.0019209648598916829
737.0 0.001752821117406711
738.0 0.0017141142961918376
739.0 0.0016754074749769643
740.0 0.0016415939171565697
741.0 0.001607780359336175
742.0 0.0014809243111812975
743.0 0.0013540681720769498
744.0 0.001426728704245761
745.0 0.0014993889635661617
746.0 0.0014008543985255528
747.0 0.0013023199244344141
748.0 0.0012178409633634146
749.0 0.001133361911342945
750.0 0.0010821161595231388
751.0 0.0010308704986528028
752.0 0.0010806030331877992
753.0 0.0011303356586722657
754.0 0.0011310226000205148
755.0 0.0011317097232677042
756.0 0.00108637977973558
757.0 0.0010410495633550454
758.0 0.001049600359692704
759.0 0.001058150883181952
760.0 0.00109025286292308
761.0 0.0011223549336136784
762.0 0.0011264972272329032
763.0 0.0011306397937005386
764.0 0.0011164962415932678
765.0 0.001102352689485997
766.0 0.0008979071935755201
767.0 0.0006934616521903081
768.0 0.0006730296718160389
769.0 0.0006525975095428294
770.0 0.0007871954039728735
771.0 0.0009217933438776527
772.0 0.0008670855095260777
773.0 0.0008123774023260921
774.0 0.000884835117176408
775.0 0.0009572927410772536
776.0 0.0009472416422795504
777.0 0.0009371906344313174
778.0 0.0009095214409171604
779.0 0.0008818525202514138
780.0 0.0007801036190357991
781.0 0.0006783547632949194
782.0 0.0007484125035261968
783.0 0.000818470107333269
784.0 0.0008320219421875663
785.0 0.0008455735041934531
786.0 0.0007296185685845558
787.0 0.0006136636329756584
788.0 0.0006301396751950961
789.0 0.000646615853838739
790.0 0.0007107431883923709
791.0 0.0007748704774712678
792.0 0.0008009153134480584
793.0 0.0008269600584753789
794.0 0.0008605927177995909
795.0 0.0008942250133259222
796.0 0.0007380397164524766
797.0 0.0005818543741042959
798.0 0.0007631239895999897
799.0 0.0009443935596209485
800.0 0.0008787062142801005
801.0 0.0008130186870403122
802.0 0.0007138425644370727
803.0 0.0006146662144601578
804.0 0.0006973933068366023
805.0 0.0007801203537383117
806.0 0.0007027637821011012
807.0 0.0006254072104638908
808.0 0.0007312446541618556
809.0 0.0008370820978598204
810.0 0.0007766519047436304
811.0 0.0007162219844758511
812.0 0.0007424807790812338
813.0 0.0007687394827371463
814.0 0.0006546248641825514
815.0 0.0005405103820521617
816.0 0.0006544262760144193
817.0 0.0007683422154514119
818.0 0.0006542550181620754
819.0 0.000540167866347474
820.0 0.0004756134330818895
821.0 0.0004110589543415699
822.0 0.00045088695515005384
823.0 0.0004907150014332728
824.0 0.0004918065314996056
825.0 0.0004928980615659384
826.0 0.0005478381353896111
827.0 0.0006027782092132838
828.0 0.0004725402959593339
829.0 0.00034230233723064885
830.0 0.00019987164705526084
831.0 5.7440962564214715e-05
832.0 3.730144726432627e-05
833.0 1.7161933385523298e-05
834.0 2.166494823541143e-05
835.0 2.6167936084675603e-05
836.0 0.0002841608420567354
837.0 0.0005421538389782654
838.0 0.0007306322913791519
839.0 0.0009191107892547734
840.0 0.001199830057885265
841.0 0.0014805492355662864
842.0 0.001931494080054108
843.0 0.0023824390154914
844.0 0.0022207714209798723
845.0 0.0020591038264683448
846.0 0.0019161368982167915
847.0 0.0017731697880662978
848.0 0.0017634849427849986
849.0 0.0017537997337058187
850.0 0.0016274518202408217
851.0 0.0015011041796242353
852.0 0.0013208984455559403
853.0 0.0011406924386392348
854.0 0.0009921284799929708
855.0 0.0008435641575488262
856.0 0.0006537647550430847
857.0 0.0004639653525373433
858.0 0.0005663948741130298
859.0 0.0006688243047392461
860.0 0.0005409700406744378
861.0 0.0004131157766096294
862.0 0.0003433075107750483
863.0 0.0002734992676778347
864.0 0.00018307645177628729
865.0 9.265368703381682e-05
866.0 8.604786785326723e-05
867.0 7.944201456666633e-05
868.0 0.0001321123249908851
869.0 0.0001847825842560269
870.0 0.00010571448001428507
871.0 2.664635587734665e-05
872.0 1.602435740523378e-10
873.0 1.602435740523378e-10
874.0 1.602435740523378e-10
875.0 1.602435740523378e-10
876.0 1.602435740523378e-10
877.0 1.602435740523378e-10
878.0 6.715119980071904e-05
879.0 0.00013496864994522184
880.0 0.0001429223061677476
881.0 0.00015087592828422203
882.0 0.00013348463880902273
883.0 0.0001160933607025072
884.0 1.571284400370132e-05
885.0 1.602435740523378e-10
886.0 3.63073127118696e-06
887.0 9.192913239530753e-05
888.0 0.0001557570726617996
889.0 0.0002195850129282917
890.0 0.00015275767282219022
891.0 8.593031566306308e-05
892.0 1.602435740523378e-10
893.0 1.602435740523378e-10
894.0 1.602435740523378e-10
895.0 4.353547069513297e-05
896.0 6.20934542894247e-05
897.0 8.065147198976774e-05
898.0 0.00011781251032516593
899.0 0.00015497354297622223
900.0 7.151405725380755e-05
901.0 1.602435740523378e-10
