lsstCam/transmission_filter_detector/r20_s12/r_57/19700101T000000.ecsv
# %ECSV 1.0
# ---
# datatype:
# - {name: wavelength, unit: nm, datatype: float32}
# - {name: efficiency, unit: '%', datatype: float64}
# meta: !!omap
# - {MODE: DETECTOR}
# - {TYPE: transmission_filter_detector}
# - {CALIBDATE: '1970-01-01T00:00:00'}
# - {INSTRUME: LSSTCam}
# - {OBSTYPE: transmission_filter_detector}
# - {CALIBCLS: lsst.ip.isr.IntermediateFilterDetectorTransmissionCurve}
# - {SOURCE: Materion (DM-46256)}
# - {DETECTOR: 77}
# - {FILTER: r_57}
# - {CALIB_ID: 'calibDate=1970-01-01T00:00:00 filter=r_57 detector=77'}
# - {DATE: '2025-04-02T15:59:44.539112'}
# - {CALIB_CREATION_DATE: '2025-04-02'}
# - {CALIB_CREATION_TIME: '15:59:44'}
# - __serialized_columns__:
#     efficiency:
#       __class__: astropy.units.quantity.Quantity
#       unit: !astropy.units.Unit {unit: '%'}
#       value: !astropy.table.SerializedColumn {name: efficiency}
#     wavelength:
#       __class__: astropy.units.quantity.Quantity
#       unit: !astropy.units.Unit {unit: nm}
#       value: !astropy.table.SerializedColumn {name: wavelength}
# schema: astropy-2.0
wavelength efficiency
[from data line 603]
903.0 1.602435740523378e-10
904.0 1.602435740523378e-10
905.0 1.602435740523378e-10
906.0 1.602435740523378e-10
907.0 1.602435740523378e-10
908.0 1.602435740523378e-10
909.0 1.602435740523378e-10
910.0 1.602435740523378e-10
911.0 1.602435740523378e-10
912.0 1.602435740523378e-10
913.0 1.602435740523378e-10
914.0 1.602435740523378e-10
915.0 4.5809557036591286e-05
916.0 5.2691287777406615e-06
917.0 1.602435740523378e-10
918.0 6.55158544304868e-05
919.0 0.00016630294794595102
920.0 7.142978120100452e-05
921.0 1.602435740523378e-10
922.0 8.79763831562741e-05
923.0 0.0001993961859625415
924.0 0.00019405269995331764
925.0 0.0001887092139440938
926.0 0.00014340372445076355
927.0 9.80982349574333e-05
928.0 0.0001603808073014079
929.0 0.00022266337964538252
930.0 0.000243727254201076
931.0 0.00026479112875676947
932.0 9.455087592868949e-05
933.0 1.602435740523378e-10
934.0 7.00346731719037e-05
935.0 0.00021575865503109526
936.0 0.00022553281269210856
937.0 0.00023530694761575432
938.0 0.00024670246148161823
939.0 0.0002580980208222172
940.0 0.00026215784600935876
941.0 0.0002662176711965003
942.0 0.00033414985409763176
943.0 0.00040208201426139567
944.0 0.00035867574297299143
945.0 0.0003152695171593223
946.0 0.0003077740757362335
947.0 0.00030027865705051227
948.0 0.0004051779342262307
949.0 0.0005100772796140518
950.0 0.0005092163064546185
951.0 0.00050835528782045
952.0 0.0006657392532360973
953.0 0.0008231233550759498
954.0 0.0011303934115858283
955.0 0.0014376637409441173
956.0 0.0015343994164140895
957.0 0.0016311349099851213
958.0 0.0017133939763880335
959.0 0.0017956534065888263
960.0 0.0019393592083361
961.0 0.0020830655557801947
962.0 0.0022690530386171304
963.0 0.0024550408852519467
964.0 0.0024703715098439716
965.0 0.0024857017706381157
966.0 0.0024643239157740027
967.0 0.0024429460609098896
968.0 0.0024666702302056365
969.0 0.002490394763299264
970.0 0.0025568448108970188
971.0 0.002623295040393714
972.0 0.0026822308427654207
973.0 0.002741166463238187
974.0 0.0029590022677439265
975.0 0.003176838072249666
976.0 0.0032445037504658103
977.0 0.003312169064884074
978.0 0.0031545027013635263
979.0 0.002996836155944038
980.0 0.0029877994165872224
981.0 0.002978762859129347
982.0 0.00304145178233739
983.0 0.003104140705545433
984.0 0.0030530842195730656
985.0 0.0030020277336006984
986.0 0.002885539288399741
987.0 0.002769051025097724
988.0 0.0025713115974212997
989.0 0.0023735727154416963
990.0 0.002426506034680642
991.0 0.0024794395358185284
992.0 0.0025300980269093998
993.0 0.002580756881798152
994.0 0.0026429182980791666
995.0 0.00270507916866336
996.0 0.0027846714147017337
997.0 0.002864263478841167
998.0 0.0030003626307006925
999.0 0.0031364619644591585
1000.0 0.0032594740332569927
1001.0 0.0033824864658527076
1002.0 0.0035878736525774
1003.0 0.003793260475504212
1004.0 0.00391251924156677
1005.0 0.004031777643831447
1006.0 0.004189462924841791
1007.0 0.004347148205852136
1008.0 0.0042746316466946155
1009.0 0.004202114723739214
1010.0 0.0042157837015111
1011.0 0.004229453043080866
1012.0 0.004173680645180866
1013.0 0.004117908247280866
1014.0 0.0038958802178967744
1015.0 0.003673852188512683
1016.0 0.003489375376375392
1017.0 0.003304898928035982
1018.0 0.0029361310225795023
1019.0 0.0025673636628198437
1020.0 0.0021763886252301745
1021.0 0.001785413405741565
1022.0 0.0015943433027132414
1023.0 0.0014032726539880969
1024.0 0.0014377084880834445
1025.0 0.0014721445950272027
1026.0 0.001347949273622362
1027.0 0.001223753861268051
1028.0 0.001095897187042283
1029.0 0.0009680404218670446
1030.0 0.000900841951079201
1031.0 0.0008336427526955958
1032.0 0.000824357175588375
1033.0 0.0008150714165822137
1034.0 0.0007652401109226048
1035.0 0.0007154086688387906
1036.0 0.0008228178558056243
1037.0 0.0009302268153987825
1038.0 0.0008390639777644537
1039.0 0.0007479011856048601
1040.0 0.0007963707503222395
1041.0 0.000844840360514354
1042.0 0.0008705907930561807
1043.0 0.0008963407708506566
1044.0 0.0008656683348817751
1045.0 0.000834996080811834
1046.0 0.0008099699698504992
1047.0 0.0007849440407881048
1048.0 0.0007103619282133877
1049.0 0.0006357798611134058
1050.0 0.0006424188541132025
1051.0 0.0006490578016382642
1052.0 0.0009232200682163239
1053.0 0.0011973818800470326
1054.0 0.0009779706488188822
1055.0 0.0007585592811665265
1056.0 0.000830900899018161
1057.0 0.000903242744243471
1058.0 0.000812036705610808
1059.0 0.000720830666978145
1060.0 0.0010391855539637618
1061.0 0.0013575398952525575
1062.0 0.001376069849357009
1063.0 0.0013945997125119902
1064.0 0.0010063580702990294
1065.0 0.000618116200712393
1066.0 0.0010120429578819312
1067.0 0.0014059697605262045
1068.0 0.0016900223272386938
1069.0 0.0019740744392038323
1070.0 0.0014585244571208023
1071.0 0.0009429744750377722
1072.0 0.0012192151189083233
1073.0 0.0014954559446778148
1074.0 0.0019578008505050093
1075.0 0.0024201455744332634
1076.0 0.0028595530238817446
1077.0 0.003298960655229166
1078.0 0.0038693156966473907
1079.0 0.004439670738065615
1080.0 0.0043223008105997
1081.0 0.004204930883133784
1082.0 0.00410855354857631
1083.0 0.004012176577816717
1084.0 0.0046318789827637374
1085.0 0.005251581023912877
1086.0 0.005108066397951916
1087.0 0.004964552135788836
1088.0 0.004829551835427992
1089.0 0.004694551898865029
1090.0 0.004424272265168838
1091.0 0.0041539922676747665
1092.0 0.003961898619309068
1093.0 0.003769804970943369
1094.0 0.0041755265556275845
1095.0 0.0045812481403118
1096.0 0.003652536543086171
1097.0 0.002723824763961602
1098.0 0.0020362103896331973
1099.0 0.0013485962881532032
1100.0 0.0013262596439744812
1101.0 0.001303922454098938
