lsstCam/transmission_sensor/r14_s02/19700101T000000.ecsv
# %ECSV 1.0
# ---
# datatype:
# - {name: amp_name, datatype: string}
# - {name: wavelength, unit: nm, datatype: float32}
# - {name: efficiency, unit: '%', datatype: float64}
# meta: !!omap
# - {MODE: AMP}
# - {TYPE: transmission_sensor}
# - {CALIBDATE: '1970-01-01T00:00:00'}
# - {INSTRUME: LSSTCAM}
# - {OBSTYPE: transmission_sensor}
# - {DETECTOR: 65}
# - {PARQUETFILE: qe_raft_allvalues_nircorrected_20230725.parquet}
# - {CALIBCLS: lsst.ip.isr.IntermediateSensorTransmissionCurve}
# - {CALIB_ID: 'raftName=R14 detectorName=S02 detector=65 calibDate=1970-01-01T00:00:00 ccd=65 ccdnum=65 filter=None'}
# - {DATE: '2023-08-02T16:57:55.708403'}
# - {CALIB_CREATION_DATE: '2023-08-02'}
# - {CALIB_CREATION_TIME: '16:57:55'}
# - __serialized_columns__:
#     efficiency:
#       __class__: astropy.units.quantity.Quantity
#       unit: !astropy.units.Unit {unit: '%'}
#       value: !astropy.table.SerializedColumn {name: efficiency}
#     wavelength:
#       __class__: astropy.units.quantity.Quantity
#       unit: !astropy.units.Unit {unit: nm}
#       value: !astropy.table.SerializedColumn {name: wavelength}
# schema: astropy-2.0
amp_name wavelength efficiency
C00 319.994 42.738243103027344
C00 324.969 48.287139892578125
C00 349.982 72.54460144042969
C00 374.975 78.44918823242188
C00 400.019 84.63782501220703
C00 424.965 86.2017822265625
C00 450.035 88.05451202392578
C00 475.003 89.76627349853516
C00 500.018 91.87969207763672
C00 525.002 94.11734008789062
C00 550.029 94.78112030029297
C00 575.023 96.6777572631836
C00 599.982 97.41861724853516
C00 619.997 97.81755065917969
C00 624.979 98.6747817993164
C00 650.012 98.83259582519531
C00 675.004 98.28278350830078
C00 700.03 98.1285629272461
C00 725.012 97.7171859741211
C00 750.022 98.30262756347656
C00 774.987 98.99390411376953
C00 799.976 97.76109313964844
C00 824.988 96.09786987304688
C00 850.022 93.98278045654297
C00 869.967 90.892578125
C00 875.002 89.423095703125
C00 899.999 82.68894958496094
C00 919.999 73.12496185302734
C00 925.012 70.27397918701172
C00 949.965 57.511775970458984
C00 975.002 42.63291549682617
C00 999.976 26.126392364501953
C00 1025.028 11.214360237121582
C00 1050.014 3.8686437606811523
C00 1075.002 0.9365189871625641
C00 1099.99 0.0929205535439573
C01 319.994 43.156951904296875
C01 324.969 48.7554931640625
C01 349.982 73.20234680175781
C01 374.975 79.04037475585938
C01 400.019 85.04000854492188
C01 424.965 86.50872802734375
C01 450.035 88.31555938720703
C01 475.003 90.00167846679688
C01 500.018 92.09410858154297
C01 525.002 94.3183364868164
C01 550.029 94.96928405761719
C01 575.023 96.86132049560547
C01 599.982 97.5927505493164
C01 619.997 97.98617553710938
C01 624.979 98.84530639648438
C01 650.012 99.00152587890625
C01 675.004 98.44841766357422
C01 700.03 98.301513671875
C01 725.012 97.913818359375
C01 750.022 98.5331039428711
C01 774.987 99.26084899902344
C01 799.976 98.04354858398438
C01 824.988 96.38727569580078
C01 850.022 94.28235626220703
C01 869.967 91.18223571777344
C01 875.002 89.72074890136719
C01 899.999 83.02094268798828
C01 919.999 73.40946197509766
C01 925.012 70.53018951416016
C01 949.965 57.750213623046875
C01 975.002 42.89480209350586
C01 999.976 26.279876708984375
C01 1025.028 11.254125595092773
C01 1050.014 3.8678455352783203
C01 1075.002 0.9387144293894818
C01 1099.99 0.09313838330480075
C02 319.994 43.33144760131836
C02 324.969 48.95147705078125
C02 349.982 73.474853515625
C02 374.975 79.27184295654297
C02 400.019 85.1673355102539
C02 424.965 86.58531188964844
C02 450.035 88.36127471923828
C02 475.003 90.02825927734375
C02 500.018 92.10846710205078
C02 525.002 94.32676696777344
C02 550.029 94.97252655029297
C02 575.023 96.85283660888672
C02 599.982 97.58250427246094
C02 619.997 97.97452545166016
C02 624.979 98.83281707763672
C02 650.012 98.98704528808594
C02 675.004 98.43268585205078
C02 700.03 98.29830169677734
C02 725.012 97.9368896484375
C02 750.022 98.59483337402344
C02 774.987 99.35906219482422
C02 799.976 98.15779113769531
C02 824.988 96.50357818603516
C02 850.022 94.4270248413086
C02 869.967 91.31368255615234
C02 875.002 89.84341430664062
C02 899.999 83.15913391113281
C02 919.999 73.45481872558594
C02 925.012 70.56269836425781
C02 949.965 57.92866516113281
C02 975.002 43.13277053833008
C02 999.976 26.421842575073242
C02 1025.028 11.241207122802734
C02 1050.014 3.8592984676361084
C02 1075.002 0.9393022042890646
C02 1099.99 0.09319670179035966
C03 319.994 43.37461471557617
C03 324.969 48.99866485595703
C03 349.982 73.51190948486328
C03 374.975 79.24667358398438
C03 400.019 85.06513977050781
C03 424.965 86.44863891601562
C03 450.035 88.20980834960938
C03 475.003 89.86347961425781
C03 500.018 91.93303680419922
C03 525.002 94.14008331298828
C03 550.029 94.77738189697266
C03 575.023 96.6541519165039
C03 599.982 97.37904357910156
C03 619.997 97.76612091064453
C03 624.979 98.61985778808594
C03 650.012 98.7693862915039
C03 675.004 98.21900177001953
C03 700.03 98.09002685546875
C03 725.012 97.75481414794922
C03 750.022 98.44917297363281
C03 774.987 99.24939727783203
C03 799.976 98.05966186523438
C03 824.988 96.40807342529297
C03 850.022 94.34280395507812
C03 869.967 91.24956512451172
C03 875.002 89.7890625
C03 899.999 83.09699249267578
C03 919.999 73.34325408935547
C03 925.012 70.44576263427734
C03 949.965 57.960296630859375
C03 975.002 43.18510055541992
C03 999.976 26.40065574645996
C03 1025.028 11.218071937561035
C03 1050.014 3.8454842567443848
C03 1075.002 0.9379141993744512
C03 1099.99 0.09305898521786563
C04 319.994 43.67140197753906
C04 324.969 49.33409118652344
C04 349.982 73.95204162597656
C04 374.975 79.5826416015625
C04 400.019 85.24051666259766
C04 424.965 86.55619812011719
C04 450.035 88.28450012207031
C04 475.003 89.9212417602539
C04 500.018 91.97991943359375
C04 525.002 94.17676544189453
C04 550.029 94.80728149414062
C04 575.023 96.6758041381836
C04 599.982 97.39189147949219
C04 619.997 97.7757797241211
C04 624.979 98.62805938720703
C04 650.012 98.77545166015625
C04 675.004 98.21955871582031
C04 700.03 98.09789276123047
C04 725.012 97.78819274902344
C04 750.022 98.51167297363281
C04 774.987 99.33683776855469
C04 799.976 98.16000366210938
C04 824.988 96.50477600097656
C04 850.022 94.4415512084961
C04 869.967 91.34799194335938
C04 875.002 89.8814697265625
C04 899.999 83.17444610595703
C04 919.999 73.3216323852539
C04 925.012 70.43746185302734
C04 949.965 58.10978698730469
C04 975.002 43.291934967041016
C04 999.976 26.429231643676758
C04 1025.028 11.17967414855957
C04 1050.014 3.8406131267547607
C04 1075.002 0.9385094036591846
C04 1099.99 0.09311804084019393
C05 319.994 43.79432678222656
C05 324.969 49.47157287597656
C05 349.982 74.1070556640625
C05 374.975 79.66268920898438
C05 400.019 85.22277069091797
C05 424.965 86.49922180175781
C05 450.035 88.20597076416016
C05 475.003 89.82965850830078
C05 500.018 91.8781967163086
C05 525.002 94.06575012207031
C05 550.029 94.69163513183594
C05 575.023 96.55009460449219
C05 599.982 97.26160430908203
C05 619.997 97.63854217529297
C05 624.979 98.49150085449219
C05 650.012 98.63291931152344
C05 675.004 98.07634735107422
C05 700.03 97.9614486694336
C05 725.012 97.66314697265625
C05 750.022 98.40077209472656
C05 774.987 99.23676300048828
C05 799.976 98.06517028808594
C05 824.988 96.41082763671875
C05 850.022 94.35331726074219
C05 869.967 91.25603485107422
C05 875.002 89.78910064697266
C05 899.999 83.10853576660156
C05 919.999 73.2492446899414
C05 925.012 70.36493682861328
C05 949.965 58.08528518676758
C05 975.002 43.26225662231445
C05 999.976 26.4022274017334
C05 1025.028 11.153087615966797
C05 1050.014 3.836960792541504
C05 1075.002 0.937452749495501
C05 1099.99 0.09301320058480148
C06 319.994 43.91736602783203
C06 324.969 49.61325454711914
C06 349.982 74.28406524658203
C06 374.975 79.77828979492188
C06 400.019 85.31165313720703
C06 424.965 86.57831573486328
C06 450.035 88.28455352783203
C06 475.003 89.91090393066406
C06 500.018 91.96211242675781
C06 525.002 94.15254211425781
C06 550.029 94.7789306640625
C06 575.023 96.63948822021484
C06 599.982 97.35043334960938
C06 619.997 97.72671508789062
C06 624.979 98.57730865478516
C06 650.012 98.71476745605469
C06 675.004 98.15579986572266
C06 700.03 98.03681945800781
C06 725.012 97.73130798339844
C06 750.022 98.45549774169922
C06 774.987 99.27583312988281
C06 799.976 98.09403228759766
C06 824.988 96.44694519042969
C06 850.022 94.41525268554688
C06 869.967 91.29653930664062
C06 875.002 89.8124008178711
C06 899.999 83.16578674316406
C06 919.999 73.3320083618164
C06 925.012 70.51264953613281
C06 949.965 58.268951416015625
C06 975.002 43.331459045410156
C06 999.976 26.36380386352539
C06 1025.028 11.083732604980469
C06 1050.014 3.852177619934082
C06 1075.002 0.9379742392907627
C06 1099.99 0.09306494232320452
C07 319.994 43.92845153808594
C07 324.969 49.62516784667969
C07 349.982 74.24093627929688
C07 374.975 79.69442749023438
C07 400.019 85.28173065185547
C07 424.965 86.57696533203125
C07 450.035 88.30753326416016
C07 475.003 89.94855499267578
C07 500.018 92.0106201171875
C07 525.002 94.20728302001953
C07 550.029 94.83699798583984
C07 575.023 96.69632720947266
C07 599.982 97.4068832397461
C07 619.997 97.78301239013672
C07 624.979 98.63442993164062
C07 650.012 98.77081298828125
C07 675.004 98.2043228149414
C07 700.03 98.0702896118164
C07 725.012 97.71913146972656
C07 750.022 98.38485717773438
C07 774.987 99.14618682861328
C07 799.976 97.9409408569336
C07 824.988 96.31317901611328
C07 850.022 94.2894515991211
C07 869.967 91.197021484375
C07 875.002 89.73983764648438
C07 899.999 83.13904571533203
C07 919.999 73.44197082519531
C07 925.012 70.64607238769531
C07 949.965 58.43827438354492
C07 975.002 43.413673400878906
C07 999.976 26.328350067138672
C07 1025.028 11.113521575927734
C07 1050.014 3.895514965057373
C07 1075.002 0.9373017443396369
C07 1099.99 0.09299821799196221
C10 319.994 41.79426956176758
C10 324.969 47.211116790771484
C10 349.982 70.73184204101562
C10 374.975 76.7717056274414
C10 400.019 83.89734649658203
C10 424.965 85.93504333496094
C10 450.035 88.05087280273438
C10 475.003 89.91808319091797
C10 500.018 92.136962890625
C10 525.002 94.44239807128906
C10 550.029 95.15235137939453
C10 575.023 97.08369445800781
C10 599.982 97.84429931640625
C10 619.997 98.25396728515625
C10 624.979 99.11680603027344
C10 650.012 99.28334045410156
C10 675.004 98.71790313720703
C10 700.03 98.47034454345703
C10 725.012 97.7882308959961
C10 750.022 98.0386962890625
C10 774.987 98.41130828857422
C10 799.976 97.0682601928711
C10 824.988 95.46665954589844
C10 850.022 93.3460464477539
C10 869.967 90.2843246459961
C10 875.002 88.85647583007812
C10 899.999 82.64848327636719
C10 919.999 73.35983276367188
C10 925.012 70.49857330322266
C10 949.965 57.48516082763672
C10 975.002 42.59828186035156
C10 999.976 26.086599349975586
C10 1025.028 11.138358116149902
C10 1050.014 3.843353271484375
C10 1075.002 0.9340073308651698
C10 1099.99 0.09267134931354107
C11 319.994 42.137367248535156
C11 324.969 47.59553909301758
C11 349.982 71.27947235107422
C11 374.975 77.2505874633789
C11 400.019 84.15283203125
C11 424.965 86.07593536376953
C11 450.035 88.13081359863281
C11 475.003 89.9615478515625
C11 500.018 92.15322875976562
C11 525.002 94.44225311279297
C11 550.029 95.13755798339844
C11 575.023 97.05718994140625
C11 599.982 97.80950164794922
C11 619.997 98.21553802490234
C11 624.979 99.07319641113281
C11 650.012 99.23992919921875
C11 675.004 98.6729965209961
C11 700.03 98.4376220703125
C11 725.012 97.7857894897461
C11 750.022 98.08014678955078
C11 774.987 98.5005874633789
C11 799.976 97.1727066040039
C11 824.988 95.57780456542969
C11 850.022 93.4555435180664
C11 869.967 90.39337158203125
C11 875.002 88.97665405273438
C11 899.999 82.7900161743164
C11 919.999 73.34563446044922
C11 925.012 70.45677947998047
C11 949.965 57.602638244628906
C11 975.002 42.74803161621094
C11 999.976 26.162729263305664
C11 1025.028 11.122262001037598
C11 1050.014 3.8267595767974854
C11 1075.002 0.9344018361396697
C11 1099.99 0.0927104917644524
C12 319.994 42.39363098144531
C12 324.969 47.88654327392578
C12 349.982 71.70137023925781
C12 374.975 77.63134002685547
C12 400.019 84.414794921875
C12 424.965 86.28106689453125
C12 450.035 88.3061294555664
C12 475.003 90.12264251708984
C12 500.018 92.30532836914062
C12 525.002 94.58963012695312
C12 550.029 95.27771759033203
C12 575.023 97.1944808959961
C12 599.982 97.94278717041016
C12 619.997 98.34520721435547
C12 624.979 99.20545959472656
C12 650.012 99.36863708496094
C12 675.004 98.80052185058594
C12 700.03 98.57376861572266
C12 725.012 97.96018981933594
C12 750.022 98.30397033691406
C12 774.987 98.77174377441406
C12 799.976 97.4645767211914
C12 824.988 95.85945892333984
C12 850.022 93.73566436767578
C12 869.967 90.67682647705078
C12 875.002 89.27195739746094
C12 899.999 83.00112915039062
C12 919.999 73.44950103759766
C12 925.012 70.57694244384766
C12 949.965 57.76533508300781
C12 975.002 42.928855895996094
C12 999.976 26.233440399169922
C12 1025.028 11.134859085083008
C12 1050.014 3.8230934143066406
C12 1075.002 0.9365337726280876
C12 1099.99 0.09292202054426342
C13 319.994 42.5166130065918
C13 324.969 48.024295806884766
C13 349.982 71.89949035644531
C13 374.975 77.8022232055664
C13 400.019 84.5158462524414
C13 424.965 86.34791564941406
C13 450.035 88.35531616210938
C13 475.003 90.16094207763672
C13 500.018 92.3399658203125
C13 525.002 94.61773681640625
C13 550.029 95.30209350585938
C13 575.023 97.21256256103516
C13 599.982 97.96082305908203
C13 619.997 98.3609390258789
C13 624.979 99.22221374511719
C13 650.012 99.38516235351562
C13 675.004 98.81731414794922
C13 700.03 98.60346984863281
C13 725.012 98.02494812011719
C13 750.022 98.41972351074219
C13 774.987 98.93899536132812
C13 799.976 97.65115356445312
C13 824.988 96.04544067382812
C13 850.022 93.93545532226562
C13 869.967 90.87948608398438
C13 875.002 89.44769287109375
C13 899.999 83.17543029785156
C13 919.999 73.52490997314453
C13 925.012 70.60968017578125
C13 949.965 57.95722961425781
C13 975.002 43.02745819091797
C13 999.976 26.272014617919922
C13 1025.028 11.132519721984863
C13 1050.014 3.8203494548797607
C13 1075.002 0.9376361094305427
C13 1099.99 0.093031393389107
C14 319.994 42.7517204284668
C14 324.969 48.2885856628418
C14 349.982 72.26317596435547
C14 374.975 78.09254455566406
C14 400.019 84.65371704101562
C14 424.965 86.40571594238281
C14 450.035 88.3739013671875
C14 475.003 90.15377044677734
C14 500.018 92.31158447265625
C14 525.002 94.57490539550781
C14 550.029 95.25035858154297
C14 575.023 97.15365600585938
C14 599.982 97.89287567138672
C14 619.997 98.28874206542969
C14 624.979 99.14778900146484
C14 650.012 99.30565643310547
C14 675.004 98.73826599121094
C14 700.03 98.5374755859375
C14 725.012 97.9949951171875
C14 750.022 98.43645477294922
C14 774.987 99.00350952148438
C14 799.976 97.73458862304688
C14 824.988 96.12858581542969
C14 850.022 94.04551696777344
C14 869.967 90.98062133789062
C14 875.002 89.56623840332031
C14 899.999 83.19221496582031
C14 919.999 73.50091552734375
C14 925.012 70.6949691772461
C14 949.965 58.164913177490234
C14 975.002 43.06513977050781
C14 999.976 26.264808654785156
C14 1025.028 11.115445137023926
C14 1050.014 3.828021764755249
C14 1075.002 0.9377951058114352
C14 1099.99 0.09304716886395219
C15 319.994 42.890724182128906
C15 324.969 48.445655822753906
C15 349.982 72.45298767089844
C15 374.975 78.21510314941406
C15 400.019 84.68029022216797
C15 424.965 86.39171600341797
C15 450.035 88.3313217163086
C15 475.003 90.0968017578125
C15 500.018 92.24007415771484
C15 525.002 94.49652862548828
C15 550.029 95.16004180908203
C15 575.023 97.05661010742188
C15 599.982 97.7901840209961
C15 619.997 98.18145751953125
C15 624.979 99.04100036621094
C15 650.012 99.19215393066406
C15 675.004 98.62235260009766
C15 700.03 98.43096923828125
C15 725.012 97.91312408447266
C15 750.022 98.38736724853516
C15 774.987 98.98433685302734
C15 799.976 97.72879028320312
C15 824.988 96.12702941894531
C15 850.022 94.05078887939453
C15 869.967 91.04798126220703
C15 875.002 89.64111328125
C15 899.999 83.22161865234375
C15 919.999 73.53001403808594
C15 925.012 70.69466400146484
C15 949.965 58.31150817871094
C15 975.002 43.239933013916016
C15 999.976 26.297607421875
C15 1025.028 11.120856285095215
C15 1050.014 3.833400249481201
C15 1075.002 0.9373271818749056
C15 1099.99 0.0930007418808426
C16 319.994 43.04531478881836
C16 324.969 48.619964599609375
C16 349.982 72.6990966796875
C16 374.975 78.44190216064453
C16 400.019 84.8477783203125
C16 424.965 86.53308868408203
C16 450.035 88.46611022949219
C16 475.003 90.2205810546875
C16 500.018 92.36730194091797
C16 525.002 94.62146759033203
C16 550.029 95.28514099121094
C16 575.023 97.18326568603516
C16 599.982 97.91749572753906
C16 619.997 98.30429077148438
C16 624.979 99.16182708740234
C16 650.012 99.31603240966797
C16 675.004 98.74344635009766
C16 700.03 98.54894256591797
C16 725.012 98.03271484375
C16 750.022 98.50338745117188
C16 774.987 99.09794616699219
C16 799.976 97.84331512451172
C16 824.988 96.24787139892578
C16 850.022 94.18580627441406
C16 869.967 91.23408508300781
C16 875.002 89.8365478515625
C16 899.999 83.32073211669922
C16 919.999 73.75621032714844
C16 925.012 70.96624755859375
C16 949.965 58.55648422241211
C16 975.002 43.31289291381836
C16 999.976 26.274627685546875
C16 1025.028 11.114293098449707
C16 1050.014 3.8516788482666016
C16 1075.002 0.9384325271883952
C16 1099.99 0.09311041322738718
C17 319.994 42.98851776123047
C17 324.969 48.55513000488281
C17 349.982 72.59004211425781
C17 374.975 78.31918334960938
C17 400.019 84.72807312011719
C17 424.965 86.41417694091797
C17 450.035 88.34809112548828
C17 475.003 90.10646057128906
C17 500.018 92.25248718261719
C17 525.002 94.50885772705078
C17 550.029 95.17546844482422
C17 575.023 97.06751251220703
C17 599.982 97.80030822753906
C17 619.997 98.1875991821289
C17 624.979 99.04805755615234
C17 650.012 99.19482421875
C17 675.004 98.62213134765625
C17 700.03 98.41149139404297
C17 725.012 97.85529327392578
C17 750.022 98.2690200805664
C17 774.987 98.80375671386719
C17 799.976 97.53312683105469
C17 824.988 95.95264434814453
C17 850.022 93.92916107177734
C17 869.967 91.00977325439453
C17 875.002 89.62843322753906
C17 899.999 83.08517456054688
C17 919.999 73.8639144897461
C17 925.012 71.09878540039062
C17 949.965 58.51914978027344
C17 975.002 43.21149444580078
C17 999.976 26.200674057006836
C17 1025.028 11.127201080322266
C17 1050.014 3.8850507736206055
C17 1075.002 0.9362002145780324
C17 1099.99 0.09288892522097042
