lsstCam/transmission_sensor/r14_s02/19700101T000000.ecsv
# %ECSV 1.0
# ---
# datatype:
# - {name: amp_name, datatype: string}
# - {name: wavelength, unit: nm, datatype: float32}
# - {name: efficiency, unit: '%', datatype: float64}
# meta: !!omap
# - {MODE: AMP}
# - {TYPE: transmission_sensor}
# - {CALIBDATE: '1970-01-01T00:00:00'}
# - {INSTRUME: LSSTCam}
# - {OBSTYPE: transmission_sensor}
# - {DETECTOR: 65}
# - {PARQUETFILE: qe_raft_allvalues_nircorrected_20230725_adjust.parquet}
# - {CORRFILE: qe_corr_factor_bydetnum.parquet}
# - {CALIBCLS: lsst.ip.isr.IntermediateSensorTransmissionCurve}
# - {CALIB_ID: 'raftName=R14 detectorName=S02 detector=65 calibDate=1970-01-01T00:00:00 ccd=65 ccdnum=65 filter=None'}
# - {DATE: '2025-03-03T21:56:47.739452'}
# - {CALIB_CREATION_DATE: '2025-03-03'}
# - {CALIB_CREATION_TIME: '21:56:47'}
# - __serialized_columns__:
#     efficiency:
#       __class__: astropy.units.quantity.Quantity
#       unit: !astropy.units.Unit {unit: '%'}
#       value: !astropy.table.SerializedColumn {name: efficiency}
#     wavelength:
#       __class__: astropy.units.quantity.Quantity
#       unit: !astropy.units.Unit {unit: nm}
#       value: !astropy.table.SerializedColumn {name: wavelength}
# schema: astropy-2.0
amp_name wavelength efficiency
C00 319.994 42.435445970621814
C00 324.969 47.945029257466366
C00 349.982 72.03062857461227
C00 374.975 77.89338182786153
C00 400.019 84.03817259680575
C00 424.965 85.59104929578837
C00 450.035 87.43065264646053
C00 475.003 89.13028642399483
C00 500.018 91.22873159663742
C00 525.002 93.45052604456298
C00 550.029 94.10960342572403
C00 575.023 95.99280286306656
C00 599.982 96.72841391297317
C00 619.997 97.1245209113931
C00 624.979 97.97567863549313
C00 650.012 98.13237456125795
C00 675.004 97.58645762191826
C00 700.03 97.43332968170023
C00 725.012 97.02486730233166
C00 750.022 97.60616108350463
C00 774.987 98.29253999313832
C00 799.976 97.06846338900202
C00 824.988 95.41702393004232
C00 850.022 93.3169197577506
C00 869.967 90.24861126967444
C00 875.002 88.78954001660652
C00 899.999 82.10310480056974
C00 919.999 72.60687717877006
C00 925.012 69.77609350347397
C00 949.965 57.104309505320856
C00 975.002 42.330864602328546
C00 999.976 25.941288904142052
C00 1025.028 11.134907365992152
C00 1050.014 3.841234720159554
C00 1075.002 0.9298838228889051
C00 1099.99 0.09226221864032501
C01 319.994 42.851188252560355
C01 324.969 48.410064282404754
C01 349.982 72.68371386115017
C01 374.975 78.48037984070486
C01 400.019 84.43750669043361
C01 424.965 85.89582040941515
C01 450.035 87.68985050945153
C01 475.003 89.36402356634308
C01 500.018 91.44162897626973
C01 525.002 93.65009839961611
C01 550.029 94.29643405744449
C01 575.023 96.17506556424622
C01 599.982 96.90131349284535
C01 619.997 97.29195109516174
C01 624.979 98.1449950791368
C01 650.012 98.30010775866111
C01 675.004 97.75091827206832
C01 700.03 97.60505508373855
C01 725.012 97.22010656241078
C01 750.022 97.83500455565496
C01 774.987 98.55759359461693
C01 799.976 97.34891765845646
C01 824.988 95.70437933502355
C01 850.022 93.6143730921031
C01 869.967 90.53621666090417
C01 875.002 89.08508436506138
C01 899.999 82.43274575825191
C01 919.999 72.88936163957595
C01 925.012 70.03048860035742
C01 949.965 57.341057845662405
C01 975.002 42.59089575281455
C01 999.976 26.09368582396674
C01 1025.028 11.174390989491158
C01 1050.014 3.840442150121693
C01 1075.002 0.9320637105781908
C01 1099.99 0.09247850509423426
C02 319.994 43.02444766112357
C02 324.969 48.60465963851046
C02 349.982 72.95428988611839
C02 374.975 78.71020810716745
C02 400.019 84.56393155410724
C02 424.965 85.97186168100457
C02 450.035 87.73524195190659
C02 475.003 89.39041605391208
C02 500.018 91.45588576777514
C02 525.002 93.65846915127045
C02 550.029 94.29965357731155
C02 575.023 96.16664178520584
C02 599.982 96.89113981006545
C02 619.997 97.28038354966291
C02 624.979 98.13259424614299
C02 650.012 98.28572976170189
C02 675.004 97.73529791920745
C02 700.03 97.60186586523494
C02 725.012 97.24301439318248
C02 750.022 97.89629663858283
C02 774.987 98.65511095755484
C02 799.976 97.4623508125489
C02 824.988 95.81985783114919
C02 850.022 93.75801670555981
C02 869.967 90.66673220864418
C02 875.002 89.2068806954673
C02 899.999 82.5699579073154
C02 919.999 72.93439704101041
C02 925.012 70.06276712777748
C02 949.965 57.51824506846342
C02 975.002 42.82717820969299
C02 999.976 26.23464587292252
C02 1025.028 11.161564043573765
C02 1050.014 3.8319556377897754
C02 1075.002 0.9326473211382694
C02 1099.99 0.09253641039785326
C03 319.994 43.06730893973016
C03 324.969 48.6515131217522
C03 349.982 72.99108331669319
C03 374.975 78.68521705765824
C03 400.019 84.46245986323851
C03 424.965 85.83615702477296
C03 450.035 87.58484870974034
C03 475.003 89.22680384193873
C03 500.018 91.28169837995613
C03 525.002 93.47310813567755
C03 550.029 94.10589150870084
C03 575.023 95.9693647584344
C03 599.982 96.68912061991335
C03 619.997 97.07345553863117
C03 624.979 97.92114375661563
C03 650.012 98.06961286220252
C03 675.004 97.52312777229805
C03 700.03 97.39506663499787
C03 725.012 97.06222888347122
C03 750.022 97.75166823081382
C03 774.987 98.54622300798059
C03 799.976 97.36491677836051
C03 824.988 95.72502971421788
C03 850.022 93.67439251776587
C03 869.967 90.60306904402597
C03 875.002 89.15291396715459
C03 899.999 82.50825675598088
C03 919.999 72.82362283156111
C03 925.012 69.94665987836015
C03 949.965 57.54965243168416
C03 975.002 42.87913747267683
C03 999.976 26.213609151344134
C03 1025.028 11.138592769322324
C03 1050.014 3.8182392995091083
C03 1075.002 0.9312691501306535
C03 1099.99 0.0923996695365773
C04 319.994 43.36199348699698
C04 324.969 48.98456298282303
C04 349.982 73.4280971557769
C04 374.975 79.01880476793039
C04 400.019 84.63659422367147
C04 424.965 85.94295418026884
C04 450.035 87.65901129679557
C04 475.003 89.28415674761752
C04 500.018 91.32824884956332
C04 525.002 93.50953037455002
C04 550.029 94.13557926954552
C04 575.023 95.99086357580546
C04 599.982 96.70187749392777
C04 619.997 97.08304592016457
C04 624.979 97.92928724804408
C04 650.012 98.07563525818912
C04 675.004 97.52368077218111
C04 700.03 97.40287681142831
C04 725.012 97.09537099974975
C04 750.022 97.81372542316893
C04 774.987 98.633043989619
C04 799.976 97.46454766139937
C04 824.988 95.82104715966479
C04 850.022 93.77244015456422
C04 869.967 90.70079851650806
C04 875.002 89.24466649569524
C04 899.999 82.58516161642876
C04 919.999 72.8021543155535
C04 925.012 69.93841790750048
C04 949.965 57.69808366056672
C04 975.002 42.98521497079067
C04 999.976 26.241982590548975
C04 1025.028 11.100467025673128
C04 1050.014 3.813402681097063
C04 1075.002 0.931860137439266
C04 1099.99 0.09245830675440894
C05 319.994 43.48404737899228
C05 324.969 49.12107062518619
C05 349.982 73.58201293144475
C05 374.975 79.0982852442719
C05 400.019 84.61897398082259
C05 424.965 85.88638153469903
C05 450.035 87.58103831328592
C05 475.003 89.19322235589013
C05 500.018 91.22724682982813
C05 525.002 93.3993015896429
C05 550.029 94.02075225273416
C05 575.023 95.86604468439492
C05 599.982 96.57251339799903
C05 619.997 96.94678068870904
C05 624.979 97.79369622192542
C05 650.012 97.93411274017423
C05 675.004 97.38148404882934
C05 700.03 97.2673994154226
C05 725.012 96.97121116299435
C05 750.022 97.70361026837476
C05 774.987 98.53367824351035
C05 799.976 97.37038617446407
C05 824.988 95.72776441226966
C05 850.022 93.684831337476
C05 869.967 90.60949293307836
C05 875.002 89.15295184385892
C05 899.999 82.5197182467076
C05 919.999 72.73027948143908
C05 925.012 69.86640671725053
C05 949.965 57.67375545338308
C05 975.002 42.95574689483103
C05 999.976 26.215169671562048
C05 1025.028 11.074068856598489
C05 1050.014 3.809776223387988
C05 1075.002 0.9308109695882494
C05 1099.99 0.09235420928408178
C06 319.994 43.60621490110053
C06 324.969 49.2617484926948
C06 349.982 73.75776841482254
C06 374.975 79.2130668090381
C06 400.019 84.70722670188424
C06 424.965 85.9649150934326
C06 450.035 87.65906432418161
C06 475.003 89.27389216074725
C06 500.018 91.31056800398754
C06 525.002 93.4854786673079
C06 550.029 94.10742930289615
C06 575.023 95.95480495329444
C06 599.982 96.66071309167464
C06 619.997 97.03432890307036
C06 624.979 97.878896080619
C06 650.012 98.01538099695958
C06 675.004 97.4603736485835
C06 700.03 97.34223620781471
C06 725.012 97.03888925827029
C06 750.022 97.7579481883898
C06 774.987 98.57247156407317
C06 799.976 97.3990436889513
C06 824.988 95.76362607591824
C06 850.022 93.7463279546072
C06 869.967 90.64971041772353
C06 875.002 89.17608693485653
C06 899.999 82.57656360454851
C06 919.999 72.81245677912807
C06 925.012 70.01307289171186
C06 949.965 57.85612042166441
C06 975.002 43.02445902413486
C06 999.976 26.17701836113744
C06 1025.028 11.005205220477382
C06 1050.014 3.8248852407405587
C06 1075.002 0.931328764668822
C06 1099.99 0.09240558443628762
C07 319.994 43.61722187137543
C07 324.969 49.27357738745341
C07 349.982 73.71494501292025
C07 374.975 79.12979866226473
C07 400.019 84.67751621501696
C07 424.965 85.96357425809973
C07 450.035 87.68188125086296
C07 475.003 89.31127646790941
C07 500.018 91.35873202119869
C07 525.002 93.53983173800466
C07 550.029 94.16508522220947
C07 575.023 96.0112412427287
C07 599.982 96.71676303872485
C07 619.997 97.09022734330331
C07 624.979 97.93561265766523
C07 650.012 98.07102945094402
C07 675.004 97.50855281647637
C07 700.03 97.37546922818359
C07 725.012 97.02679901425189
C07 750.022 97.68780810733317
C07 774.987 98.44374379677699
C07 799.976 97.24703689918108
C07 824.988 95.63080762455567
C07 850.022 93.6214181591063
C07 869.967 90.55089767149795
C07 875.002 89.10403786790225
C07 899.999 82.55001203482138
C07 919.999 72.92164016699601
C07 925.012 70.14555045273555
C07 949.965 58.02424374912206
C07 975.002 43.10609089728167
C07 999.976 26.14181575214401
C07 1025.028 11.034783138879545
C07 1050.014 3.86791554414017
C07 1075.002 0.9306610342921843
C07 1099.99 0.09233933284174892
C10 319.994 41.4981604085724
C10 324.969 46.87662969574872
C10 349.982 70.23071243472482
C10 374.975 76.22778405682766
C10 400.019 83.30294031394232
C10 424.965 85.32620022851307
C10 450.035 87.42703920886856
C10 475.003 89.28102055649995
C10 500.018 91.48417966590091
C10 525.002 93.7732810174001
C10 550.029 94.47820436146802
C10 575.023 96.39586402439933
C10 599.982 97.1510800564611
C10 619.997 97.5578455594762
C10 624.979 98.41457115911102
C10 650.012 98.579925699483
C10 675.004 98.01849446205453
C10 700.03 97.77268980171048
C10 725.012 97.09540887645406
C10 750.022 97.34409974166716
C10 774.987 97.71407181410748
C10 799.976 96.38053910983216
C10 824.988 94.79028567902823
C10 850.022 92.68469695995122
C10 869.967 89.6446672193191
C10 875.002 88.2269346013442
C10 899.999 82.06292519262888
C10 919.999 72.84008404725785
C10 925.012 69.99909638781841
C10 949.965 57.077882928717976
C10 975.002 42.29647634247796
C10 999.976 25.901777820032414
C10 1025.028 11.059443714143583
C10 1050.014 3.8161234121141274
C10 1075.002 0.9273899614812682
C10 1099.99 0.09201478000252267
C11 319.994 41.838827274881645
C11 324.969 47.25832839584598
C11 349.982 70.7744628265775
C11 374.975 76.7032730521579
C11 400.019 83.55661575344372
C11 424.965 85.46609404824228
C11 450.035 87.50641363043799
C11 475.003 89.32417727340022
C11 500.018 91.50033029262224
C11 525.002 93.77313708592368
C11 550.029 94.46351577553338
C11 575.023 96.36954729023898
C11 599.982 97.11652892678194
C11 619.997 97.51968856754596
C11 624.979 98.37127051073435
C11 650.012 98.53682200996877
C11 675.004 97.97390600573104
C11 700.03 97.74019916474624
C11 725.012 97.09298476737769
C11 750.022 97.38525656857944
C11 774.987 97.80271845289404
C11 799.976 96.48424552625566
C11 824.988 94.90064324473003
C11 850.022 92.79341825202648
C11 869.967 89.75294156628341
C11 875.002 88.34626137062857
C11 899.999 82.20345534099064
C11 919.999 72.82598633791056
C11 925.012 69.95759867056728
C11 949.965 57.194528027336624
C11 975.002 42.44516513294989
C11 999.976 25.97736835884045
C11 1025.028 11.043461638756476
C11 1050.014 3.799647282465068
C11 1075.002 0.927781671716544
C11 1099.99 0.09205364513220994
C12 319.994 42.09327539915113
C12 324.969 47.54727083473814
C12 349.982 71.19337160099707
C12 374.975 77.08132801329972
C12 400.019 83.81672265733836
C12 424.965 85.66977223804352
C12 450.035 87.68048738814404
C12 475.003 89.48413059573642
C12 500.018 91.65135228808016
C12 525.002 93.91946994538701
C12 550.029 94.60268236253968
C12 575.023 96.50586554908055
C12 599.982 97.24887013167009
C12 619.997 97.64843906086473
C12 624.979 98.50259661994676
C12 650.012 98.66461801033873
C12 675.004 98.10052782826712
C12 700.03 97.87538112245826
C12 725.012 97.2661494841801
C12 750.022 97.60749434349664
C12 774.987 98.0719536425294
C12 799.976 96.77404776633585
C12 824.988 95.18030210339379
C12 850.022 93.07155446717664
C12 869.967 90.03438820539098
C12 875.002 88.63947251409742
C12 899.999 82.41307259802899
C12 919.999 72.92911702842845
C12 925.012 70.07691028916993
C12 949.965 57.35607217125418
C12 975.002 42.6247082867595
C12 999.976 26.047578511800072
C12 1025.028 11.055969473439987
C12 1050.014 3.796007094450677
C12 1075.002 0.9298985036005539
C12 1099.99 0.09226367524704791
C13 319.994 42.21538610620291
C13 324.969 47.68404740170197
C13 349.982 71.3900880525446
C13 374.975 77.251000497964
C13 400.019 83.91705804707755
C13 424.965 85.73614737469092
C13 450.035 87.72932561069207
C13 475.003 89.522158806872
C13 500.018 91.68574433560119
C13 525.002 93.94737750112874
C13 550.029 94.62688557659908
C13 575.023 96.52381910692742
C13 599.982 97.26677823747178
C13 619.997 97.6640594137256
C13 624.979 98.51923206848336
C13 650.012 98.68102619864942
C13 675.004 98.11720115350803
C13 700.03 97.9048719244405
C13 725.012 97.33044897743085
C13 750.022 97.72242741508009
C13 774.987 98.23802026494255
C13 799.976 96.95930272715667
C13 824.988 95.36496618762725
C13 850.022 93.26992991837331
C13 869.967 90.2356119847524
C13 875.002 88.81396291555097
C13 899.999 82.58613883540018
C13 919.999 73.00399169752487
C13 925.012 70.10941607681589
C13 949.965 57.54660714465697
C13 975.002 42.72261199208145
C13 999.976 26.08587943520674
C13 1025.028 11.053646684547667
C13 1050.014 3.793282575763181
C13 1075.002 0.930993030432395
C13 1099.99 0.09237227319378205
C14 319.994 42.44882781025747
C14 324.969 47.94646478456003
C14 349.982 71.75119697617443
C14 374.975 77.53926494384886
C14 400.019 84.05395203182475
C14 424.965 85.79353815707401
C14 450.035 87.74777914103595
C14 475.003 89.51503798646016
C14 500.018 91.65756406758837
C14 525.002 93.90484953752015
C14 550.029 94.5755171902026
C14 575.023 96.4653299001191
C14 599.982 97.19931225174003
C14 619.997 97.59237396313277
C14 624.979 98.44533461835834
C14 650.012 98.60208357150921
C14 675.004 98.03871304681965
C14 700.03 97.83934522596984
C14 725.012 97.30070818920012
C14 750.022 97.7390401375941
C14 774.987 98.30207734728566
C14 799.976 97.04214665484166
C14 824.988 95.44752225235942
C14 850.022 93.37921178567248
C14 869.967 90.33603070324108
C14 875.002 88.93166856189052
C14 899.999 82.60280458530023
C14 919.999 72.98016725050866
C14 925.012 70.19410081233075
C14 949.965 57.752819285977104
C14 975.002 42.76002660060707
C14 999.976 26.07872452576101
C14 1025.028 11.036693071694796
C14 1050.014 3.8009005279191994
C14 1075.002 0.93115090033628
C14 1099.99 0.09238793690061342
C15 319.994 42.586846733122925
C15 324.969 48.10242211459064
C15 349.982 71.93966388152144
C15 374.975 77.6609552194827
C15 400.019 84.08033694405287
C15 424.965 85.77963740658919
C15 450.035 87.70550116367586
C15 475.003 89.4584729162312
C15 500.018 91.58656039767328
C15 525.002 93.82702806082776
C15 550.029 94.48584030505859
C15 575.023 96.36897156433334
C15 599.982 97.09734816371515
C15 619.997 97.48584951990799
C15 624.979 98.3393025722897
C15 650.012 98.48938522548053
C15 675.004 97.92362089307805
C15 700.03 97.73359346751313
C15 725.012 97.21941720639218
C15 750.022 97.69030039447732
C15 774.987 98.28304051569529
C15 799.976 97.03638939578528
C15 824.988 95.44597688282323
C15 850.022 93.38444634620927
C15 869.967 90.40291338772634
C15 875.002 89.00601295712649
C15 899.999 82.63199994898878
C15 919.999 73.00905960056265
C15 925.012 70.19379779869621
C15 949.965 57.8983756730019
C15 975.002 42.933581447463965
C15 999.976 26.11129091613389
C15 1025.028 11.042065882202346
C15 1050.014 3.806240906498678
C15 1075.002 0.9306862916044917
C15 1099.99 0.09234183884907264
C16 319.994 42.740342077372844
C16 324.969 48.275495927302686
C16 349.982 72.18402922710139
C16 374.975 77.88614737733674
C16 400.019 84.24663840203281
C16 424.965 85.92000847279282
C16 450.035 87.83933471071414
C16 475.003 89.58137524640323
C16 500.018 91.71288678191569
C16 525.002 93.95108184281106
C16 550.029 94.61005316920003
C16 575.023 96.49472979801097
C16 599.982 97.22375787670705
C16 619.997 97.60781250781291
C16 624.979 98.45927324554748
C16 650.012 98.61238603508379
C16 675.004 98.04385670326607
C16 700.03 97.85073096328792
C16 725.012 97.33816067443006
C16 750.022 97.805498602991
C16 774.987 98.39584491649606
C16 799.976 97.15010283748968
C16 824.988 95.56596270676275
C16 850.022 93.51850715347346
C16 869.967 90.58769867741361
C16 875.002 89.20006288869001
C16 899.999 82.73041120214859
C16 919.999 73.23365330648846
C16 925.012 70.46345720741992
C16 949.965 58.141616080463606
C16 975.002 43.00602443214315
C16 999.976 26.08847398945254
C16 1025.028 11.035549195224382
C16 1050.014 3.824390002831597
C16 1075.002 0.9317838056323002
C16 1099.99 0.0924507331826464
C17 319.994 42.683947452313326
C17 324.969 48.211120680643305
C17 349.982 72.07574730479624
C17 374.975 77.76429801954477
C17 400.019 84.12778130388199
C17 424.965 85.8019392100918
C17 450.035 87.72215176289419
C17 475.003 89.46806329776459
C17 500.018 91.59888547725845
C17 525.002 93.83926981166344
C17 550.029 94.5011576442849
C17 575.023 96.37979672642751
C17 599.982 97.10740064104124
C17 619.997 97.49194766930323
C17 624.979 98.34630976258858
C17 650.012 98.49203659478282
C17 675.004 97.92340120819301
C17 700.03 97.71425362228821
C17 725.012 97.16199612264563
C17 750.022 97.5727917070002
C17 774.987 98.1037397727933
C17 799.976 96.84211220399584
C17 824.988 95.27282731670255
C17 850.022 93.26368026216079
C17 869.967 90.36497608068113
C17 875.002 88.99342274061108
C17 899.999 82.49652255298308
C17 919.999 73.34059439346075
C17 925.012 70.59505602890343
C17 949.965 58.10454614994729
C17 975.002 42.905344364394665
C17 999.976 26.015044316625865
C17 1025.028 11.048365725048088
C17 1050.014 3.8575254906868555
C17 1075.002 0.929567308783372
C17 1099.99 0.09223081440154954
