lsstCam/transmission_sensor/r12_s22/19700101T000000.ecsv
# %ECSV 1.0
# ---
# datatype:
# - {name: amp_name, datatype: string}
# - {name: wavelength, unit: nm, datatype: float32}
# - {name: efficiency, unit: '%', datatype: float64}
# meta: !!omap
# - {MODE: AMP}
# - {TYPE: transmission_sensor}
# - {CALIBDATE: '1970-01-01T00:00:00'}
# - {INSTRUME: LSSTCam}
# - {OBSTYPE: transmission_sensor}
# - {DETECTOR: 53}
# - {PARQUETFILE: qe_raft_allvalues_nircorrected_20230725_adjust.parquet}
# - {CORRFILE: qe_corr_factor_bydetnum.parquet}
# - {CALIBCLS: lsst.ip.isr.IntermediateSensorTransmissionCurve}
# - {CALIB_ID: 'raftName=R12 detectorName=S22 detector=53 calibDate=1970-01-01T00:00:00 ccd=53 ccdnum=53 filter=None'}
# - {DATE: '2025-03-03T21:56:47.670172'}
# - {CALIB_CREATION_DATE: '2025-03-03'}
# - {CALIB_CREATION_TIME: '21:56:47'}
# - __serialized_columns__:
#     efficiency:
#       __class__: astropy.units.quantity.Quantity
#       unit: !astropy.units.Unit {unit: '%'}
#       value: !astropy.table.SerializedColumn {name: efficiency}
#     wavelength:
#       __class__: astropy.units.quantity.Quantity
#       unit: !astropy.units.Unit {unit: nm}
#       value: !astropy.table.SerializedColumn {name: wavelength}
# schema: astropy-2.0
amp_name wavelength efficiency
C00 319.994 41.79965354302683
C00 324.969 47.183804122342934
C00 349.982 72.97459072078173
C00 374.975 80.9195681672387
C00 400.019 86.47368149249458
C00 424.965 86.89689069163168
C00 450.035 88.66578291209343
C00 475.003 89.82590729846751
C00 500.018 91.66368702094607
C00 525.002 94.23804239751914
C00 550.029 95.30686254929243
C00 575.023 96.33490099806455
C00 599.982 97.18485808620137
C00 619.997 98.20438557086891
C00 624.979 97.9145072641895
C00 650.012 98.32087561946005
C00 675.004 98.67721187989235
C00 700.03 98.48849935930726
C00 725.012 98.10605677280945
C00 750.022 98.30198248637682
C00 774.987 97.95150883153784
C00 799.976 97.62333118638776
C00 824.988 95.6604523638612
C00 850.022 93.63320560270317
C00 869.967 90.91194555315454
C00 875.002 89.6809040110898
C00 899.999 83.53527868056467
C00 919.999 74.5581129358165
C00 925.012 72.20317896626975
C00 949.965 58.785972270749355
C00 975.002 44.03579618379458
C00 999.976 27.19202667334781
C00 1025.028 12.183737491486978
C00 1050.014 4.428435990906865
C00 1075.002 0.9365181516398313
C00 1099.99 0.09292047064415933
C01 319.994 42.1606376349205
C01 324.969 47.59124766589799
C01 349.982 73.50524329655838
C01 374.975 81.29524272642992
C01 400.019 86.69967475212293
C01 424.965 87.06884536534062
C01 450.035 88.812016063965
C01 475.003 89.95567686551973
C01 500.018 91.78338377143834
C01 525.002 94.34900182847849
C01 550.029 95.41351368193288
C01 575.023 96.4305059858033
C01 599.982 97.27359695928128
C01 619.997 98.28878596490613
C01 624.979 97.99772306481854
C01 650.012 98.39620670600284
C01 675.004 98.75037749950427
C01 700.03 98.56467550611575
C01 725.012 98.21298707714483
C01 750.022 98.45035846963641
C01 774.987 98.14428820465163
C01 799.976 97.83237042443541
C01 824.988 95.87748949370926
C01 850.022 93.85580353090681
C01 869.967 91.15885405435907
C01 875.002 89.93836822043468
C01 899.999 83.80084641424318
C01 919.999 74.60198816300463
C01 925.012 72.2161793130359
C01 949.965 59.074032188821306
C01 975.002 44.27709107037693
C01 999.976 27.34044604139784
C01 1025.028 12.134218468952893
C01 1050.014 4.42508734528925
C01 1075.002 0.937931721426425
C01 1099.99 0.0930607237397653
C02 319.994 42.203018916281756
C02 324.969 47.64126467037436
C02 349.982 73.53178724311861
C02 374.975 81.19551806989587
C02 400.019 86.48688555914622
C02 424.965 86.81538010189593
C02 450.035 88.54621442967722
C02 475.003 89.67740304713188
C02 500.018 91.49721769378327
C02 525.002 94.05010703057125
C02 550.029 95.1038745463617
C02 575.023 96.11461944041065
C02 599.982 96.95219488661871
C02 619.997 97.95965762695712
C02 624.979 97.66521448580673
C02 650.012 98.06009153049989
C02 675.004 98.40775083284683
C02 700.03 98.23914621947694
C02 725.012 97.92168273126704
C02 750.022 98.2086561432831
C02 774.987 97.9516748255186
C02 799.976 97.66471650386444
C02 824.988 95.72402051331261
C02 850.022 93.72290271376292
C02 869.967 91.0878312661352
C02 875.002 89.87997606511071
C02 899.999 83.70179327881313
C02 919.999 74.39925669622598
C02 925.012 72.04444344957432
C02 949.965 59.165276061974545
C02 975.002 44.35358411478506
C02 999.976 27.345054260659257
C02 1025.028 12.111476350440698
C02 1050.014 4.420187221840068
C02 1075.002 0.9356290341484527
C02 1099.99 0.0928322532234802
C03 319.994 42.34753553948861
C03 324.969 47.805168636016276
C03 349.982 73.73365101408874
C03 374.975 81.28833134068542
C03 400.019 86.5070764633518
C03 424.965 86.81427850547814
C03 450.035 88.53602843540311
C03 475.003 89.66772257998099
C03 500.018 91.48404380785541
C03 525.002 94.03328882224756
C03 550.029 95.0872826934663
C03 575.023 96.09510760249002
C03 599.982 96.92726560878044
C03 619.997 97.92983152668633
C03 624.979 97.63701814461979
C03 650.012 98.02837913499316
C03 675.004 98.37611388914954
C03 700.03 98.21384722777242
C03 725.012 97.93516596961359
C03 750.022 98.27467647654125
C03 774.987 98.07136403082991
C03 799.976 97.8072449718926
C03 824.988 95.8584379118262
C03 850.022 93.9002899177514
C03 869.967 91.27908651269834
C03 875.002 90.05908357035436
C03 899.999 83.79885448647403
C03 919.999 74.50742441023613
C03 925.012 72.1722437244002
C03 949.965 59.35491286722525
C03 975.002 44.47178314685998
C03 999.976 27.411474488507427
C03 1025.028 12.1353417577659
C03 1050.014 4.443067983052107
C03 1075.002 0.9362580054604276
C03 1099.99 0.09289465917923027
C04 319.994 42.65319081952148
C04 324.969 48.15137926362201
C04 349.982 74.2206094470199
C04 374.975 81.66485850532328
C04 400.019 86.75891951289356
C04 424.965 87.01413525831721
C04 450.035 88.71435878700954
C04 475.003 89.83882464824329
C04 500.018 91.65097339105579
C04 525.002 94.20165953500819
C04 550.029 95.2486514783111
C04 575.023 96.25086277271264
C04 599.982 97.07877284213171
C04 619.997 98.0753252508254
C04 624.979 97.78472260677539
C04 650.012 98.16911184995669
C04 675.004 98.51508857695318
C04 700.03 98.36590525933259
C04 725.012 98.1200908093649
C04 750.022 98.50552128751644
C04 774.987 98.34789491241976
C04 799.976 98.10100904675807
C04 824.988 96.14386456174877
C04 850.022 94.19604592038601
C04 869.967 91.62010605581474
C04 875.002 90.38820436312241
C04 899.999 83.94489900882199
C04 919.999 74.66941189991832
C04 925.012 72.36497782642834
C04 949.965 59.622683793739355
C04 975.002 44.59314360975034
C04 999.976 27.450194470815713
C04 1025.028 12.15096594120525
C04 1050.014 4.458734136560457
C04 1075.002 0.9384572516169751
C04 1099.99 0.09311286636247701
C05 319.994 42.84915425899355
C05 324.969 48.377995000678226
C05 349.982 74.49698942499087
C05 374.975 81.79866474418043
C05 400.019 86.79776210439218
C05 424.965 87.01785503252249
C05 450.035 88.70966568446251
C05 475.003 89.82449634963103
C05 500.018 91.63530205023554
C05 525.002 94.18192134165925
C05 550.029 95.22362411312056
C05 575.023 96.22462063339015
C05 599.982 97.04734716350083
C05 619.997 98.04244335227237
C05 624.979 97.74719287676099
C05 650.012 98.12928083975443
C05 675.004 98.47092663288917
C05 700.03 98.32315426410509
C05 725.012 98.10240490523266
C05 750.022 98.51629580590418
C05 774.987 98.38693367862292
C05 799.976 98.15467791881123
C05 824.988 96.19710335848815
C05 850.022 94.26954352795946
C05 869.967 91.70679263967793
C05 875.002 90.45479058495134
C05 899.999 83.94102078581689
C05 919.999 74.72930554625012
C05 925.012 72.41594552370363
C05 949.965 59.6704900601992
C05 975.002 44.582297412143646
C05 999.976 27.465516847017312
C05 1025.028 12.158034832601961
C05 1050.014 4.477913986519567
C05 1075.002 0.9385598992966437
C05 1099.99 0.09312305097095323
C06 319.994 42.98365465449753
C06 324.969 48.530177527723964
C06 349.982 74.68265369247467
C06 374.975 81.87012515289905
C06 400.019 86.79472894165278
C06 424.965 86.99472150774884
C06 450.035 88.67862481005977
C06 475.003 89.79182571614443
C06 500.018 91.5994548955716
C06 525.002 94.14163762060035
C06 550.029 95.18346866013772
C06 575.023 96.1768671831969
C06 599.982 96.99463652942752
C06 619.997 97.98537914879451
C06 624.979 97.69166789019565
C06 650.012 98.06613522043587
C06 675.004 98.40390279056551
C06 700.03 98.25911831343515
C06 725.012 98.03538860808993
C06 750.022 98.4475818430491
C06 774.987 98.31254573969811
C06 799.976 98.07898466358314
C06 824.988 96.12371892862886
C06 850.022 94.25004678040071
C06 869.967 91.66503760833501
C06 875.002 90.36774183240286
C06 899.999 83.97044699149767
C06 919.999 74.87395421012349
C06 925.012 72.49747120380127
C06 949.965 59.638351361969136
C06 975.002 44.48289342579971
C06 999.976 27.54554669499284
C06 1025.028 12.231190077590082
C06 1050.014 4.540284810069967
C06 1075.002 0.9379052647869964
C06 1099.99 0.0930580987363064
C07 319.994 43.00839530281221
C07 324.969 48.55835123336807
C07 349.982 74.68619238233731
C07 374.975 81.81585266637038
C07 400.019 86.72464930104687
C07 424.965 86.9277052106061
C07 450.035 88.61215931112594
C07 475.003 89.73433143735276
C07 500.018 91.54093447217157
C07 525.002 94.08366799540923
C07 550.029 95.1250689596328
C07 575.023 96.11616620250413
C07 599.982 96.93315839509754
C07 619.997 97.92061131557303
C07 624.979 97.62458368642443
C07 650.012 97.99561041415429
C07 675.004 98.32995247213543
C07 700.03 98.16951928972766
C07 725.012 97.9033403963927
C07 750.022 98.25912585861609
C07 774.987 98.06747071746292
C07 799.976 97.8119154388968
C07 824.988 95.88074901187699
C07 850.022 94.0431352833792
C07 869.967 91.43672043297597
C07 875.002 90.14303879871589
C07 899.999 84.00357033584089
C07 919.999 74.90656448216254
C07 925.012 72.47826871829932
C07 949.965 59.49347634266745
C07 975.002 44.436343431967
C07 999.976 27.635072153186126
C07 1025.028 12.348107372052173
C07 1050.014 4.603679891933487
C07 1075.002 0.9361098551288886
C07 1099.99 0.09287995983943789
C10 319.994 41.2524619306214
C10 324.969 46.55981388570116
C10 349.982 71.70924878614652
C10 374.975 79.45943984135864
C10 400.019 85.64870649846264
C10 424.965 86.43504262088145
C10 450.035 88.40626641353184
C10 475.003 89.69207842406755
C10 500.018 91.61102165795843
C10 525.002 94.23278340640132
C10 550.029 95.33398747478536
C10 575.023 96.37113295695663
C10 599.982 97.2253379819648
C10 619.997 98.24232274065427
C10 624.979 97.95559077442843
C10 650.012 98.3568434970191
C10 675.004 98.71490760388753
C10 700.03 98.60268058252962
C10 725.012 98.44785346956307
C10 750.022 98.94904965893517
C10 774.987 98.91268943196705
C10 799.976 98.71999305584363
C10 824.988 96.7376325761202
C10 850.022 94.85744139155662
C10 869.967 92.2205968264071
C10 875.002 90.96732718128195
C10 899.999 84.51483934177294
C10 919.999 75.1148642924777
C10 925.012 72.68846991421233
C10 949.965 59.61127925274282
C10 975.002 44.76340061774693
C10 999.976 27.695224221965244
C10 1025.028 12.352473202375773
C10 1050.014 4.551583246959481
C10 1075.002 0.9426827220613102
C10 1099.99 0.093532113658104
C11 319.994 41.46359495638096
C11 324.969 46.797777574896834
C11 349.982 72.01076176184125
C11 374.975 79.6304664578115
C11 400.019 85.64083687473827
C11 424.965 86.35246816063263
C11 450.035 88.28174074723555
C11 475.003 89.53959786237452
C11 500.018 91.43532457450137
C11 525.002 94.04251657854181
C11 550.029 95.12973188145605
C11 575.023 96.153363944557
C11 599.982 96.99962389403137
C11 619.997 98.0099160772237
C11 624.979 97.71735168612831
C11 650.012 98.11706519180645
C11 675.004 98.47260920823965
C11 700.03 98.36505265388594
C11 725.012 98.23332133978833
C11 750.022 98.76660718371436
C11 774.987 98.76279686733774
C11 799.976 98.58196906083892
C11 824.988 96.61214867184407
C11 850.022 94.74000065016655
C11 869.967 92.12358088983187
C11 875.002 90.86853058200398
C11 899.999 84.39592729009884
C11 919.999 74.92056833799421
C11 925.012 72.54726939803027
C11 949.965 59.638615443302164
C11 975.002 44.77100616013827
C11 999.976 27.63800156968755
C11 1025.028 12.282357722160382
C11 1050.014 4.536648032855061
C11 1075.002 0.9409446008587736
C11 1099.99 0.09335965886916746
C12 319.994 41.6086095615301
C12 324.969 46.96315662341326
C12 349.982 72.24307033791955
C12 374.975 79.78026093508852
C12 400.019 85.6637063181789
C12 424.965 86.32144992177271
C12 450.035 88.22376357686348
C12 475.003 89.46865052596009
C12 500.018 91.35459868358377
C12 525.002 93.94512338291939
C12 550.029 95.02683070374466
C12 575.023 96.05004778189371
C12 599.982 96.88987169202302
C12 619.997 97.89599893533439
C12 624.979 97.60713922808239
C12 650.012 97.99893029376955
C12 675.004 98.35426304513632
C12 700.03 98.25271999999481
C12 725.012 98.15014326506402
C12 750.022 98.7197289745106
C12 774.987 98.74634082769934
C12 799.976 98.58175779577249
C12 824.988 96.61090371698833
C12 850.022 94.74839089137605
C12 869.967 92.1619783156548
C12 875.002 90.91113821879355
C12 899.999 84.32988432129785
C12 919.999 74.8780587885569
C12 925.012 72.52994566258333
C12 949.965 59.704167975341804
C12 975.002 44.786979308196265
C12 999.976 27.588335416125062
C12 1025.028 12.271499263634652
C12 1050.014 4.528512913076231
C12 1075.002 0.9404975682003996
C12 1099.99 0.09331530469948406
C13 319.994 41.709926251243296
C13 324.969 47.08086144613636
C13 349.982 72.3859760649949
C13 374.975 79.81963168925321
C13 400.019 85.5875980779989
C13 424.965 86.19985933086356
C13 450.035 88.08263851249086
C13 475.003 89.31736210285618
C13 500.018 91.1940598686428
C13 525.002 93.77738646535802
C13 550.029 94.8524766624956
C13 575.023 95.86897098442373
C13 599.982 96.70414706309167
C13 619.997 97.70420798092422
C13 624.979 97.41360533687421
C13 650.012 97.80165399281326
C13 675.004 98.15846559964501
C13 700.03 98.06474690714221
C13 725.012 97.98832176936259
C13 750.022 98.59671234440307
C13 774.987 98.66175180413853
C13 799.976 98.51032756777764
C13 824.988 96.5324791062586
C13 850.022 94.6943824861804
C13 869.967 92.14362843559951
C13 875.002 90.87372921167426
C13 899.999 84.28207050965707
C13 919.999 74.81523006683798
C13 925.012 72.4371323917938
C13 949.965 59.74596450517992
C13 975.002 44.76305353942352
C13 999.976 27.629384973049746
C13 1025.028 12.266187456250226
C13 1050.014 4.532419430509877
C13 1075.002 0.9393250361830691
C13 1099.99 0.09319896714990755
C14 319.994 41.91732818502615
C14 324.969 47.31521099365996
C14 349.982 72.70558238459284
C14 374.975 80.03333384912413
C14 400.019 85.66358559528379
C14 424.965 86.22037467784972
C14 450.035 88.079130003352
C14 475.003 89.29708820166022
C14 500.018 91.16512409972336
C14 525.002 93.74154685587503
C14 550.029 94.80913714315449
C14 575.023 95.81847108836695
C14 599.982 96.64527956136824
C14 619.997 97.64421624724017
C14 624.979 97.35068607298396
C14 650.012 97.73278158115835
C14 675.004 98.08700519092639
C14 700.03 97.99948863715939
C14 725.012 97.94987152727303
C14 750.022 98.587326139309
C14 774.987 98.67801166907239
C14 799.976 98.5405611078194
C14 824.988 96.56599480001091
C14 850.022 94.74651214132105
C14 869.967 92.21088617853245
C14 875.002 90.93566005686087
C14 899.999 84.29371272385333
C14 919.999 74.88241235796147
C14 925.012 72.4331711717983
C14 949.965 59.73950583029203
C14 975.002 44.680580939117434
C14 999.976 27.581280671942622
C14 1025.028 12.270209037693265
C14 1050.014 4.551711986609335
C14 1075.002 0.939235268403559
C14 1099.99 0.09319006047329251
C15 319.994 42.14479652752902
C15 324.969 47.573535353632444
C15 349.982 73.04987653623886
C15 374.975 80.2986148659268
C15 400.019 85.88038127934166
C15 424.965 86.41360676182013
C15 450.035 88.26247790028606
C15 475.003 89.47928168590988
C15 500.018 91.34402788508153
C15 525.002 93.92468348774266
C15 550.029 94.98862945262627
C15 575.023 95.99840856351442
C15 599.982 96.82339864790825
C15 619.997 97.81974733671646
C15 624.979 97.52685095765953
C15 650.012 97.90442690244859
C15 675.004 98.25672649107597
C15 700.03 98.17706447067145
C15 725.012 98.13867459002945
C15 750.022 98.79782159727881
C15 774.987 98.90515179620421
C15 799.976 98.77172281639425
C15 824.988 96.7960775477108
C15 850.022 94.99801565772034
C15 869.967 92.46083538765733
C15 875.002 91.16464120814295
C15 899.999 84.5711942982421
C15 919.999 75.04329070604493
C15 925.012 72.62821409919523
C15 949.965 60.00785396314834
C15 975.002 44.9233773167076
C15 999.976 27.784402601835115
C15 1025.028 12.366016802169872
C15 1050.014 4.592101340201435
C15 1075.002 0.94124043182102
C15 1099.99 0.09338901094546723
C16 319.994 42.3495236946673
C16 324.969 47.807190744509214
C16 349.982 73.37791836813194
C16 374.975 80.55982148501981
C16 400.019 86.0544712392577
C16 424.965 86.54880131397094
C16 450.035 88.38826361179996
C16 475.003 89.59382507781753
C16 500.018 91.4569037920006
C16 525.002 94.03478276807442
C16 550.029 95.09828356728235
C16 575.023 96.10173227135866
C16 599.982 96.92716752142817
C16 619.997 97.9178346889857
C16 624.979 97.626251171413
C16 650.012 98.00226526374671
C16 675.004 98.34786473169599
C16 700.03 98.26459611480034
C16 725.012 98.21881950201437
C16 750.022 98.86642992760068
C16 774.987 98.95621758083176
C16 799.976 98.81984598045374
C16 824.988 96.85317193191244
C16 850.022 95.09575593166618
C16 869.967 92.55036650473632
C16 875.002 91.25998965972961
C16 899.999 84.73400421264716
C16 919.999 75.3463278082903
C16 925.012 72.77451515769529
C16 949.965 59.89955420847168
C16 975.002 44.869844257911424
C16 999.976 27.819440535842833
C16 1025.028 12.435673912642928
C16 1050.014 4.624573441114455
C16 1075.002 0.9418942852237848
C16 1099.99 0.09345388567940678
C17 319.994 42.241133397819304
C17 324.969 47.68561147137147
C17 349.982 73.1583536026677
C17 374.975 80.26661575354419
C17 400.019 85.72114778070396
C17 424.965 86.21603619880703
C17 450.035 88.04841357172984
C17 475.003 89.25435984197554
C17 500.018 91.11225501685024
C17 525.002 93.68068742638243
C17 550.029 94.74041563511847
C17 575.023 95.74442268258461
C17 599.982 96.56067544744553
C17 619.997 97.54667214799886
C17 624.979 97.25419075389385
C17 650.012 97.62765457506855
C17 675.004 97.96751216031961
C17 700.03 97.87140164545764
C17 725.012 97.78808775747632
C17 750.022 98.37453694633228
C17 774.987 98.4060380767726
C17 799.976 98.24416376480455
C17 824.988 96.31220509378564
C17 850.022 94.5690947566088
C17 869.967 92.02995273950039
C17 875.002 90.72707352966984
C17 899.999 84.34480114402373
C17 919.999 74.91232145522265
C17 925.012 72.62503003283696
C17 949.965 59.6731610542533
C17 975.002 44.79558835965313
C17 999.976 27.649253320769976
C17 1025.028 12.401461232800937
C17 1050.014 4.6309547778976645
C17 1075.002 0.9372088655191438
C17 1099.99 0.09298900264071892
