lsstCam/transmission_sensor/r12_s22/19700101T000000.ecsv
# %ECSV 1.0
# ---
# datatype:
# - {name: amp_name, datatype: string}
# - {name: wavelength, unit: nm, datatype: float32}
# - {name: efficiency, unit: '%', datatype: float64}
# meta: !!omap
# - {MODE: AMP}
# - {TYPE: transmission_sensor}
# - {CALIBDATE: '1970-01-01T00:00:00'}
# - {INSTRUME: LSSTCAM}
# - {OBSTYPE: transmission_sensor}
# - {DETECTOR: 53}
# - {PARQUETFILE: qe_raft_allvalues_nircorrected_20230725.parquet}
# - {CALIBCLS: lsst.ip.isr.IntermediateSensorTransmissionCurve}
# - {CALIB_ID: 'raftName=R12 detectorName=S22 detector=53 calibDate=1970-01-01T00:00:00 ccd=53 ccdnum=53 filter=None'}
# - {DATE: '2024-01-18T22:42:25.159221'}
# - {CALIB_CREATION_DATE: '2024-01-18'}
# - {CALIB_CREATION_TIME: '22:42:25'}
# - __serialized_columns__:
#     efficiency:
#       __class__: astropy.units.quantity.Quantity
#       unit: !astropy.units.Unit {unit: '%'}
#       value: !astropy.table.SerializedColumn {name: efficiency}
#     wavelength:
#       __class__: astropy.units.quantity.Quantity
#       unit: !astropy.units.Unit {unit: nm}
#       value: !astropy.table.SerializedColumn {name: wavelength}
# schema: astropy-2.0
amp_name wavelength efficiency
C00 319.994 42.26618957519531
C00 324.969 47.71043395996094
C00 349.982 73.78907775878906
C00 374.975 81.8227310180664
C00 400.019 87.43883514404297
C00 424.965 87.86676788330078
C00 450.035 89.65540313720703
C00 475.003 90.82847595214844
C00 500.018 92.686767578125
C00 525.002 95.28985595703125
C00 550.029 96.37060546875
C00 575.023 97.41011810302734
C00 599.982 98.26956176757812
C00 619.997 99.30046844482422
C00 624.979 99.00735473632812
C00 650.012 99.41825866699219
C00 675.004 99.77857208251953
C00 700.03 99.58775329589844
C00 725.012 99.20104217529297
C00 750.022 99.39915466308594
C00 774.987 99.04476928710938
C00 799.976 98.71292877197266
C00 824.988 96.72814178466797
C00 850.022 94.67826843261719
C00 869.967 91.9266357421875
C00 875.002 90.68185424804688
C00 899.999 84.46763610839844
C00 919.999 75.39027404785156
C00 925.012 73.0090560913086
C00 949.965 59.44209671020508
C00 975.002 44.52729034423828
C00 999.976 27.49552345275879
C00 1025.028 12.319723129272461
C00 1050.014 4.47786283493042
C00 1075.002 0.9469708569970674
C00 1099.99 0.09395757846700123
C01 319.994 42.631202697753906
C01 324.969 48.1224250793457
C01 349.982 74.32565307617188
C01 374.975 82.20259857177734
C01 400.019 87.66735076904297
C01 424.965 88.04064178466797
C01 450.035 89.80326843261719
C01 475.003 90.9596939086914
C01 500.018 92.80780029296875
C01 525.002 95.40205383300781
C01 550.029 96.47844696044922
C01 575.023 97.50679016113281
C01 599.982 98.35929107666016
C01 619.997 99.38581085205078
C01 624.979 99.09149932861328
C01 650.012 99.49443054199219
C01 675.004 99.85255432128906
C01 700.03 99.66477966308594
C01 725.012 99.30916595458984
C01 750.022 99.54918670654297
C01 774.987 99.23970031738281
C01 799.976 98.92430114746094
C01 824.988 96.94760131835938
C01 850.022 94.90335083007812
C01 869.967 92.17630004882812
C01 875.002 90.94219207763672
C01 899.999 84.73616790771484
C01 919.999 75.43463897705078
C01 925.012 73.02220153808594
C01 949.965 59.73337173461914
C01 975.002 44.771278381347656
C01 999.976 27.645599365234375
C01 1025.028 12.269651412963867
C01 1050.014 4.4744768142700195
C01 1075.002 0.9484002039775739
C01 1099.99 0.094099396961293
C02 319.994 42.67405700683594
C02 324.969 48.17300033569336
C02 349.982 74.35249328613281
C02 374.975 82.10176086425781
C02 400.019 87.45218658447266
C02 424.965 87.78434753417969
C02 450.035 89.53450012207031
C02 475.003 90.67831420898438
C02 500.018 92.51844024658203
C02 525.002 95.09982299804688
C02 550.029 96.16535186767578
C02 575.023 97.1873779296875
C02 599.982 98.0343017578125
C02 619.997 99.05300903320312
C02 624.979 98.75527954101562
C02 650.012 99.1545639038086
C02 675.004 99.506103515625
C02 700.03 99.33561706542969
C02 725.012 99.01461029052734
C02 750.022 99.3047866821289
C02 774.987 99.04493713378906
C02 799.976 98.75477600097656
C02 824.988 96.79241943359375
C02 850.022 94.76896667480469
C02 869.967 92.10448455810547
C02 875.002 90.88314819335938
C02 899.999 84.6360092163086
C02 919.999 75.22964477539062
C02 925.012 72.84854888916016
C02 949.965 59.82563400268555
C02 975.002 44.84862518310547
C02 999.976 27.650259017944336
C02 1025.028 12.246655464172363
C02 1050.014 4.469521999359131
C02 1075.002 0.9460718158505529
C02 1099.99 0.0938683764303762
C03 319.994 42.820186614990234
C03 324.969 48.3387336730957
C03 349.982 74.55661010742188
C03 374.975 82.19561004638672
C03 400.019 87.47260284423828
C03 424.965 87.78323364257812
C03 450.035 89.52420043945312
C03 475.003 90.66852569580078
C03 500.018 92.50511932373047
C03 525.002 95.08281707763672
C03 550.029 96.14857482910156
C03 575.023 97.16764831542969
C03 599.982 98.00909423828125
C03 619.997 99.0228500366211
C03 624.979 98.72676849365234
C03 650.012 99.12249755859375
C03 675.004 99.47411346435547
C03 700.03 99.3100357055664
C03 725.012 99.02824401855469
C03 750.022 99.37154388427734
C03 774.987 99.16596221923828
C03 799.976 98.89889526367188
C03 824.988 96.92833709716797
C03 850.022 94.94833374023438
C03 869.967 92.2978744506836
C03 875.002 91.06425476074219
C03 899.999 84.7341537475586
C03 919.999 75.33901977539062
C03 925.012 72.97777557373047
C03 949.965 60.01738739013672
C03 975.002 44.968143463134766
C03 999.976 27.71742057800293
C03 1025.028 12.270787239074707
C03 1050.014 4.4926581382751465
C03 1075.002 0.946707807263303
C03 1099.99 0.09393147891407594
C04 319.994 43.12925338745117
C04 324.969 48.68880844116211
C04 349.982 75.04900360107422
C04 374.975 82.57633972167969
C04 400.019 87.72725677490234
C04 424.965 87.98532104492188
C04 450.035 89.70452117919922
C04 475.003 90.84153747558594
C04 500.018 92.67391204833984
C04 525.002 95.25306701660156
C04 550.029 96.3117446899414
C04 575.023 97.32514190673828
C04 599.982 98.16229248046875
C04 619.997 99.16996765136719
C04 624.979 98.8761215209961
C04 650.012 99.26480102539062
C04 675.004 99.61463928222656
C04 700.03 99.46379089355469
C04 725.012 99.2152328491211
C04 750.022 99.60496520996094
C04 774.987 99.4455795288086
C04 799.976 99.19593811035156
C04 824.988 97.21694946289062
C04 850.022 95.24739074707031
C04 869.967 92.6427001953125
C04 875.002 91.39704895019531
C04 899.999 84.88182830810547
C04 919.999 75.50281524658203
C04 925.012 73.17266082763672
C04 949.965 60.28814697265625
C04 975.002 45.090858459472656
C04 999.976 27.756572723388672
C04 1025.028 12.286585807800293
C04 1050.014 4.5084991455078125
C04 1075.002 0.948931599737551
C04 1099.99 0.09415212156041468
C05 319.994 43.3274040222168
C05 324.969 48.91795349121094
C05 349.982 75.3284683227539
C05 374.975 82.71163940429688
C05 400.019 87.76653289794922
C05 424.965 87.98908233642578
C05 450.035 89.69977569580078
C05 475.003 90.8270492553711
C05 500.018 92.65806579589844
C05 525.002 95.23310852050781
C05 550.029 96.28643798828125
C05 575.023 97.2986068725586
C05 599.982 98.1305160522461
C05 619.997 99.13671875
C05 624.979 98.83817291259766
C05 650.012 99.22452545166016
C05 675.004 99.56998443603516
C05 700.03 99.42056274414062
C05 725.012 99.19734954833984
C05 750.022 99.61585998535156
C05 774.987 99.48505401611328
C05 799.976 99.25020599365234
C05 824.988 97.27078247070312
C05 850.022 95.32170867919922
C05 869.967 92.73035430908203
C05 875.002 91.4643783569336
C05 899.999 84.8779067993164
C05 919.999 75.5633773803711
C05 925.012 73.22419738769531
C05 949.965 60.33648681640625
C05 975.002 45.079891204833984
C05 999.976 27.772066116333008
C05 1025.028 12.293733596801758
C05 1050.014 4.52789306640625
C05 1075.002 0.9490353930927725
C05 1099.99 0.09416241984176675
C06 319.994 43.46340560913086
C06 324.969 49.071834564208984
C06 349.982 75.51620483398438
C06 374.975 82.78389739990234
C06 400.019 87.76346588134766
C06 424.965 87.96569061279297
C06 450.035 89.66838836669922
C06 475.003 90.79401397705078
C06 500.018 92.62181854248047
C06 525.002 95.19237518310547
C06 550.029 96.24583435058594
C06 575.023 97.25032043457031
C06 599.982 98.07721710205078
C06 619.997 99.07901763916016
C06 624.979 98.78202819824219
C06 650.012 99.16067504882812
C06 675.004 99.50221252441406
C06 700.03 99.3558120727539
C06 725.012 99.12958526611328
C06 750.022 99.54637908935547
C06 774.987 99.40983581542969
C06 799.976 99.17366790771484
C06 824.988 97.19657897949219
C06 850.022 95.30199432373047
C06 869.967 92.6881332397461
C06 875.002 91.37635803222656
C06 899.999 84.90766143798828
C06 919.999 75.70964050292969
C06 925.012 73.30663299560547
C06 949.965 60.30398941040039
C06 975.002 44.97937774658203
C06 999.976 27.852989196777344
C06 1025.028 12.367705345153809
C06 1050.014 4.5909600257873535
C06 1075.002 0.9483734520492005
C06 1099.99 0.09409674265953628
C07 319.994 43.48842239379883
C07 324.969 49.10032272338867
C07 349.982 75.51978302001953
C07 374.975 82.72901916503906
C07 400.019 87.6926040649414
C07 424.965 87.8979263305664
C07 450.035 89.60118103027344
C07 475.003 90.73587799072266
C07 500.018 92.5626449584961
C07 525.002 95.13375854492188
C07 550.029 96.18678283691406
C07 575.023 97.1889419555664
C07 599.982 98.01505279541016
C07 619.997 99.0135269165039
C07 624.979 98.71419525146484
C07 650.012 99.08936309814453
C07 675.004 99.42743682861328
C07 700.03 99.26521301269531
C07 725.012 98.99606323242188
C07 750.022 99.35581970214844
C07 774.987 99.16202545166016
C07 799.976 98.90361785888672
C07 824.988 96.95089721679688
C07 850.022 95.0927734375
C07 869.967 92.45726776123047
C07 875.002 91.1491470336914
C07 899.999 84.94115447998047
C07 919.999 75.74261474609375
C07 925.012 73.28721618652344
C07 949.965 60.15749740600586
C07 975.002 44.932308197021484
C07 999.976 27.943513870239258
C07 1025.028 12.48592758178711
C07 1050.014 4.655062675476074
C07 1075.002 0.9465580033901199
C07 1099.99 0.09391661551140071
C10 319.994 41.712890625
C10 324.969 47.0794792175293
C10 349.982 72.50961303710938
C10 374.975 80.34630584716797
C10 400.019 86.60465240478516
C10 424.965 87.39976501464844
C10 450.035 89.39299011230469
C10 475.003 90.69315338134766
C10 500.018 92.63351440429688
C10 525.002 95.28453826904297
C10 550.029 96.39803314208984
C10 575.023 97.4467544555664
C10 599.982 98.31049346923828
C10 619.997 99.33882904052734
C10 624.979 99.04889678955078
C10 650.012 99.45462799072266
C10 675.004 99.81668853759766
C10 700.03 99.70320892333984
C10 725.012 99.5466537475586
C10 750.022 100.0534439086914
C10 774.987 100.01667785644531
C10 799.976 99.82183074951172
C10 824.988 97.81734466552734
C10 850.022 95.91616821289062
C10 869.967 93.24989318847656
C10 875.002 91.98263549804688
C10 899.999 85.4581298828125
C10 919.999 75.95323944091797
C10 925.012 73.49976348876953
C10 949.965 60.276615142822266
C10 975.002 45.26301574707031
C10 999.976 28.004337310791016
C10 1025.028 12.490342140197754
C10 1050.014 4.602384567260742
C10 1075.002 0.953204231678407
C10 1099.99 0.0945760481764001
C11 319.994 41.9263801574707
C11 324.969 47.320098876953125
C11 349.982 72.81449127197266
C11 374.975 80.51924133300781
C11 400.019 86.59669494628906
C11 424.965 87.31626892089844
C11 450.035 89.26707458496094
C11 475.003 90.53897094726562
C11 500.018 92.45585632324219
C11 525.002 95.09214782714844
C11 550.029 96.19149780273438
C11 575.023 97.22655487060547
C11 599.982 98.08226013183594
C11 619.997 99.10382843017578
C11 624.979 98.80799865722656
C11 650.012 99.21217346191406
C11 675.004 99.57168579101562
C11 700.03 99.46292877197266
C11 725.012 99.32972717285156
C11 750.022 99.86896514892578
C11 774.987 99.8651123046875
C11 799.976 99.68226623535156
C11 824.988 97.69046020507812
C11 850.022 95.79741668701172
C11 869.967 93.15179443359375
C11 875.002 91.88273620605469
C11 899.999 85.337890625
C11 919.999 75.75677490234375
C11 925.012 73.35698699951172
C11 949.965 60.304256439208984
C11 975.002 45.27070617675781
C11 999.976 27.946475982666016
C11 1025.028 12.41944408416748
C11 1050.014 4.587282657623291
C11 1075.002 0.9514467108851914
C11 1099.99 0.09440166857789843
C12 319.994 42.07301330566406
C12 324.969 47.48732376098633
C12 349.982 73.04939270019531
C12 374.975 80.67070770263672
C12 400.019 86.61981964111328
C12 424.965 87.28490447998047
C12 450.035 89.20845031738281
C12 475.003 90.46723175048828
C12 500.018 92.37422943115234
C12 525.002 94.99366760253906
C12 550.029 96.08744812011719
C12 575.023 97.12208557128906
C12 599.982 97.97128295898438
C12 619.997 98.98863983154297
C12 624.979 98.6965560913086
C12 650.012 99.09272003173828
C12 675.004 99.45201873779297
C12 700.03 99.3493423461914
C12 725.012 99.24562072753906
C12 750.022 99.82156372070312
C12 774.987 99.84847259521484
C12 799.976 99.68205261230469
C12 824.988 97.68920135498047
C12 850.022 95.80590057373047
C12 869.967 93.19062042236328
C12 875.002 91.92581939697266
C12 899.999 85.27111053466797
C12 919.999 75.71379089355469
C12 925.012 73.33946990966797
C12 949.965 60.370540618896484
C12 975.002 45.28685760498047
C12 999.976 27.896255493164062
C12 1025.028 12.408464431762695
C12 1050.014 4.579056739807129
C12 1075.002 0.9509946887873123
C12 1099.99 0.09435681936061104
C13 319.994 42.17546081542969
C13 324.969 47.60634231567383
C13 349.982 73.19389343261719
C13 374.975 80.71051788330078
C13 400.019 86.54286193847656
C13 424.965 87.16195678710938
C13 450.035 89.06575012207031
C13 475.003 90.31425476074219
C13 500.018 92.21189880371094
C13 525.002 94.82405853271484
C13 550.029 95.91114807128906
C13 575.023 96.9389877319336
C13 599.982 97.78348541259766
C13 619.997 98.79470825195312
C13 624.979 98.50086212158203
C13 650.012 98.89324188232422
C13 675.004 99.25403594970703
C13 700.03 99.15927124023438
C13 725.012 99.08199310302734
C13 750.022 99.69717407226562
C13 774.987 99.762939453125
C13 799.976 99.60982513427734
C13 824.988 97.60990142822266
C13 850.022 95.75128936767578
C13 869.967 93.17206573486328
C13 875.002 91.88799285888672
C13 899.999 85.22276306152344
C13 919.999 75.65026092529297
C13 925.012 73.24562072753906
C13 949.965 60.412803649902344
C13 975.002 45.262664794921875
C13 999.976 27.937763214111328
C13 1025.028 12.403093338012695
C13 1050.014 4.583006858825684
C13 1075.002 0.9498090698568475
C13 1099.99 0.09423918333953606
C14 319.994 42.38517761230469
C14 324.969 47.84330749511719
C14 349.982 73.5170669555664
C14 374.975 80.92660522460938
C14 400.019 86.61969757080078
C14 424.965 87.18270111083984
C14 450.035 89.06220245361328
C14 475.003 90.29375457763672
C14 500.018 92.1826400756836
C14 525.002 94.7878189086914
C14 550.029 95.86732482910156
C14 575.023 96.88792419433594
C14 599.982 97.72396087646484
C14 619.997 98.73404693603516
C14 624.979 98.43724060058594
C14 650.012 98.82360076904297
C14 675.004 99.18177795410156
C14 700.03 99.0932846069336
C14 725.012 99.0431137084961
C14 750.022 99.68768310546875
C14 774.987 99.77938079833984
C14 799.976 99.64039611816406
C14 824.988 97.64379119873047
C14 850.022 95.80400085449219
C14 869.967 93.24007415771484
C14 875.002 91.95061492919922
C14 899.999 85.23453521728516
C14 919.999 75.71819305419922
C14 925.012 73.24161529541016
C14 949.965 60.406272888183594
C14 975.002 45.17927169799805
C14 999.976 27.889122009277344
C14 1025.028 12.407159805297852
C14 1050.014 4.602514743804932
C14 1075.002 0.9497183001574621
C14 1099.99 0.09423017725335142
C15 319.994 42.61518478393555
C15 324.969 48.104515075683594
C15 349.982 73.86520385742188
C15 374.975 81.1948471069336
C15 400.019 86.83891296386719
C15 424.965 87.37808990478516
C15 450.035 89.24759674072266
C15 475.003 90.47798156738281
C15 500.018 92.36354064941406
C15 525.002 94.9729995727539
C15 550.029 96.04882049560547
C15 575.023 97.06986999511719
C15 599.982 97.90406799316406
C15 619.997 98.91153717041016
C15 624.979 98.61537170410156
C15 650.012 98.99716186523438
C15 675.004 99.3533935546875
C15 700.03 99.27284240722656
C15 725.012 99.23402404785156
C15 750.022 99.90052795410156
C15 774.987 100.0090560913086
C15 799.976 99.87413787841797
C15 824.988 97.8764419555664
C15 850.022 96.05831146240234
C15 869.967 93.49281311035156
C15 875.002 92.1821517944336
C15 899.999 85.5151138305664
C15 919.999 75.88086700439453
C15 925.012 73.43883514404297
C15 949.965 60.677616119384766
C15 975.002 45.42477798461914
C15 999.976 28.094511032104492
C15 1025.028 12.504036903381348
C15 1050.014 4.643354892730713
C15 1075.002 0.9517458436882814
C15 1099.99 0.09443134825981336
C16 319.994 42.82219696044922
C16 324.969 48.34077835083008
C16 349.982 74.19690704345703
C16 374.975 81.45896911621094
C16 400.019 87.01494598388672
C16 424.965 87.5147933959961
C16 450.035 89.37478637695312
C16 475.003 90.59380340576172
C16 500.018 92.47767639160156
C16 525.002 95.0843276977539
C16 550.029 96.15969848632812
C16 575.023 97.17434692382812
C16 599.982 98.00899505615234
C16 619.997 99.0107192993164
C16 624.979 98.71588134765625
C16 650.012 99.0960922241211
C16 675.004 99.44554901123047
C16 700.03 99.3613510131836
C16 725.012 99.3150634765625
C16 750.022 99.96990203857422
C16 774.987 100.0606918334961
C16 799.976 99.92279815673828
C16 824.988 97.93417358398438
C16 850.022 96.15714263916016
C16 869.967 93.58334350585938
C16 875.002 92.278564453125
C16 899.999 85.67974090576172
C16 919.999 76.18728637695312
C16 925.012 73.5867691040039
C16 949.965 60.56810760498047
C16 975.002 45.37064743041992
C16 999.976 28.129940032958984
C16 1025.028 12.574471473693848
C16 1050.014 4.676189422607422
C16 1075.002 0.9524069949068483
C16 1099.99 0.09449694707633242
C17 319.994 42.71259689331055
C17 324.969 48.21784210205078
C17 349.982 73.97489166259766
C17 374.975 81.16249084472656
C17 400.019 86.67790222167969
C17 424.965 87.17831420898438
C17 450.035 89.03114318847656
C17 475.003 90.25054931640625
C17 500.018 92.12918090820312
C17 525.002 94.72628021240234
C17 550.029 95.79783630371094
C17 575.023 96.81304931640625
C17 599.982 97.63841247558594
C17 619.997 98.63541412353516
C17 624.979 98.33966827392578
C17 650.012 98.71730041503906
C17 675.004 99.06095123291016
C17 700.03 98.9637680053711
C17 725.012 98.87952423095703
C17 750.022 99.47251892089844
C17 774.987 99.5043716430664
C17 799.976 99.34069061279297
C17 824.988 97.38716888427734
C17 850.022 95.62460327148438
C17 869.967 93.05712127685547
C17 875.002 91.73970031738281
C17 899.999 85.28619384765625
C17 919.999 75.7484359741211
C17 925.012 73.43561553955078
C17 949.965 60.33918762207031
C17 975.002 45.295562744140625
C17 999.976 27.957853317260742
C17 1025.028 12.539876937866211
C17 1050.014 4.682641983032227
C17 1075.002 0.9476692801008664
C17 1099.99 0.09402687536573205
