lsstCam/transmission_sensor/r13_s10/19700101T000000.ecsv
# %ECSV 1.0
# ---
# datatype:
# - {name: amp_name, datatype: string}
# - {name: wavelength, unit: nm, datatype: float32}
# - {name: efficiency, unit: '%', datatype: float64}
# meta: !!omap
# - {MODE: AMP}
# - {TYPE: transmission_sensor}
# - {CALIBDATE: '1970-01-01T00:00:00'}
# - {INSTRUME: LSSTCam}
# - {OBSTYPE: transmission_sensor}
# - {DETECTOR: 57}
# - {PARQUETFILE: qe_raft_allvalues_nircorrected_20230725_adjust.parquet}
# - {CORRFILE: qe_corr_factor_bydetnum.parquet}
# - {CALIBCLS: lsst.ip.isr.IntermediateSensorTransmissionCurve}
# - {CALIB_ID: 'raftName=R13 detectorName=S10 detector=57 calibDate=1970-01-01T00:00:00 ccd=57 ccdnum=57 filter=None'}
# - {DATE: '2025-03-03T21:56:47.693070'}
# - {CALIB_CREATION_DATE: '2025-03-03'}
# - {CALIB_CREATION_TIME: '21:56:47'}
# - __serialized_columns__:
#     efficiency:
#       __class__: astropy.units.quantity.Quantity
#       unit: !astropy.units.Unit {unit: '%'}
#       value: !astropy.table.SerializedColumn {name: efficiency}
#     wavelength:
#       __class__: astropy.units.quantity.Quantity
#       unit: !astropy.units.Unit {unit: nm}
#       value: !astropy.table.SerializedColumn {name: wavelength}
# schema: astropy-2.0
amp_name wavelength efficiency
C00 319.994 44.493240401130166
C00 324.969 50.2468375165258
C00 349.982 75.1245605723297
C00 374.975 80.00798071117828
C00 400.019 85.58494242417308
C00 424.965 86.97019135229525
C00 450.035 88.48520371488277
C00 475.003 90.7015225170042
C00 500.018 93.45105676521868
C00 525.002 94.0776645883167
C00 550.029 95.69945149256839
C00 575.023 97.09251114158245
C00 599.982 98.20816027500526
C00 619.997 98.7794434322163
C00 624.979 98.65263767777556
C00 650.012 99.04470223917926
C00 675.004 99.34147142015134
C00 700.03 99.19696544106709
C00 725.012 98.6897577084722
C00 750.022 98.06024570343786
C00 774.987 97.99339602081412
C00 799.976 96.85134940210693
C00 824.988 95.61753827679597
C00 850.022 93.21367046226038
C00 869.967 90.16180323189054
C00 875.002 89.84197637486088
C00 899.999 82.31400052221187
C00 919.999 74.76689528170336
C00 925.012 71.66042943093062
C00 949.965 58.28118806010902
C00 975.002 43.442809258637936
C00 999.976 26.3124023068699
C00 1025.028 11.38204118514981
C00 1050.014 3.953101996652218
C00 1075.002 0.9342161625102623
C00 1099.99 0.09269206939751744
C01 319.994 44.64029518199273
C01 324.969 50.412467597904765
C01 349.982 75.42617515158501
C01 374.975 80.39082067364212
C01 400.019 85.93301627182552
C01 424.965 87.2837895033299
C01 450.035 88.77579004536409
C01 475.003 90.9779089263337
C01 500.018 93.72676298456837
C01 525.002 94.35343959092276
C01 550.029 95.97683908040752
C01 575.023 97.3749734052261
C01 599.982 98.49471896369593
C01 619.997 99.07109972446364
C01 624.979 98.94307115657601
C01 650.012 99.3434049939142
C01 675.004 99.6392876351373
C01 700.03 99.5240756806897
C01 725.012 99.07907858220449
C01 750.022 98.52768907125726
C01 774.987 98.53938222484298
C01 799.976 97.41482183842608
C01 824.988 96.15938984285759
C01 850.022 93.73323625325274
C01 869.967 90.61369394118252
C01 875.002 90.30276305197886
C01 899.999 82.81908361644282
C01 919.999 74.92146654397216
C01 925.012 71.60589195120008
C01 949.965 58.11146155368303
C01 975.002 43.57536223627899
C01 999.976 26.36778238149118
C01 1025.028 11.501772772735793
C01 1050.014 3.9262650627853737
C01 1075.002 0.938668460037113
C01 1099.99 0.09313382226788991
C02 319.994 44.56150014050984
C02 324.969 50.32454731107459
C02 349.982 75.39867713419845
C02 374.975 80.42935458238672
C02 400.019 85.94930261842106
C02 424.965 87.26767893616734
C02 450.035 88.73505507241514
C02 475.003 90.92684882234269
C02 500.018 93.66420079159272
C02 525.002 94.28727009827884
C02 550.029 95.9095155575731
C02 575.023 97.3074893881268
C02 599.982 98.43162943242132
C02 619.997 99.00570213280805
C02 624.979 98.88233554118663
C02 650.012 99.28528314226752
C02 675.004 99.58737920431753
C02 700.03 99.48351648717373
C02 725.012 99.05309379645843
C02 750.022 98.52984427995736
C02 774.987 98.56304366503997
C02 799.976 97.44305354388077
C02 824.988 96.18062094132893
C02 850.022 93.75773073511043
C02 869.967 90.57198071747607
C02 875.002 90.25356773849434
C02 899.999 82.8739650124553
C02 919.999 75.00826337094803
C02 925.012 71.64044407365829
C02 949.965 57.89096536145967
C02 975.002 43.35522524550565
C02 999.976 26.24077983051133
C02 1025.028 11.455557111705025
C02 1050.014 3.9656145785457984
C02 1075.002 0.9386889921325327
C02 1099.99 0.093135859443535
C03 319.994 44.584466105558924
C03 324.969 50.3504709561483
C03 349.982 75.53123011183949
C03 374.975 80.62614347890882
C03 400.019 85.99333918767658
C03 424.965 87.22447540857252
C03 450.035 88.64689022289558
C03 475.003 90.80150280145415
C03 500.018 93.5159270185753
C03 525.002 94.12704332381824
C03 550.029 95.74627760499958
C03 575.023 97.13316204610693
C03 599.982 98.2600457780729
C03 619.997 98.83560113976395
C03 624.979 98.71441268459478
C03 650.012 99.1244296759154
C03 675.004 99.42340756367588
C03 700.03 99.3188722991363
C03 725.012 98.88105158706742
C03 750.022 98.34685789021684
C03 774.987 98.36433647992308
C03 799.976 97.24044099831792
C03 824.988 95.98514656926221
C03 850.022 93.56001708591911
C03 869.967 90.37419828502837
C03 875.002 90.05268241692521
C03 899.999 82.75448849611175
C03 919.999 74.91108027225778
C03 925.012 71.57866142425503
C03 949.965 57.85835445534837
C03 975.002 43.211242783428354
C03 999.976 26.08527617298928
C03 1025.028 11.331141575423715
C03 1050.014 3.96803273990314
C03 1075.002 0.9369456899663763
C03 1099.99 0.09296289060414774
C04 319.994 44.729992369612894
C04 324.969 50.51583354708576
C04 349.982 75.85640677769923
C04 374.975 81.03361548974313
C04 400.019 86.32380452169406
C04 424.965 87.50546265349588
C04 450.035 88.89480036408102
C04 475.003 91.03931708911885
C04 500.018 93.74709225812262
C04 525.002 94.3537682220366
C04 550.029 95.97277322569666
C04 575.023 97.36844663845342
C04 599.982 98.4995720045632
C04 619.997 99.08114972248012
C04 624.979 98.95445096421598
C04 650.012 99.36942034999643
C04 675.004 99.67526127822748
C04 700.03 99.56706521593134
C04 725.012 99.10264831139297
C04 750.022 98.53443747296718
C04 774.987 98.5253657257082
C04 799.976 97.39067891543438
C04 824.988 96.13533098829036
C04 850.022 93.710866409759
C04 869.967 90.50255548402984
C04 875.002 90.18201786668418
C04 899.999 82.93459363166808
C04 919.999 75.1118203847301
C04 925.012 71.79315054542062
C04 949.965 57.99895507398665
C04 975.002 43.23368141017848
C04 999.976 26.107185550794426
C04 1025.028 11.316363683853652
C04 1050.014 3.9699550886206953
C04 1075.002 0.9387329013951793
C04 1099.99 0.09314021608023616
C05 319.994 44.793104828639635
C05 324.969 50.59150277169508
C05 349.982 76.05553430493849
C05 374.975 81.24782947788317
C05 400.019 86.47566266662761
C05 424.965 87.60925658738327
C05 450.035 88.97600281953744
C05 475.003 91.09991513799545
C05 500.018 93.79996365453181
C05 525.002 94.39918045641986
C05 550.029 96.02450587708344
C05 575.023 97.41549438582186
C05 599.982 98.55152629088724
C05 619.997 99.13546556727341
C05 624.979 99.01652403181288
C05 650.012 99.42910128878788
C05 675.004 99.73220617193157
C05 700.03 99.61658151794566
C05 725.012 99.12380298402387
C05 750.022 98.52523580177946
C05 774.987 98.47773714195249
C05 799.976 97.32324075383933
C05 824.988 96.08024324250873
C05 850.022 93.64264870459158
C05 869.967 90.42209435922558
C05 875.002 90.1056455243429
C05 899.999 82.93104747267215
C05 919.999 75.13032308069809
C05 925.012 71.83213536662375
C05 949.965 58.01514206698963
C05 975.002 43.19198347164011
C05 999.976 26.11526758341985
C05 1025.028 11.295199457992693
C05 1050.014 3.9706937921345973
C05 1075.002 0.9386458249571188
C05 1099.99 0.09313157643604729
C06 319.994 44.933755124074196
C06 324.969 50.75283389954989
C06 349.982 76.3478096464933
C06 374.975 81.56984975653317
C06 400.019 86.69859684316067
C06 424.965 87.77864682011138
C06 450.035 89.11281271649042
C06 475.003 91.22078260463482
C06 500.018 93.91691047555713
C06 525.002 94.51190092846944
C06 550.029 96.1286131569166
C06 575.023 97.52681626499158
C06 599.982 98.66345957678038
C06 619.997 99.24771984169638
C06 624.979 99.12767777413364
C06 650.012 99.54387761594501
C06 675.004 99.85003189012183
C06 700.03 99.72133077483844
C06 725.012 99.20670209313782
C06 750.022 98.56513773306774
C06 774.987 98.48093174208243
C06 799.976 97.30613665075118
C06 824.988 96.05881343685228
C06 850.022 93.60416065135124
C06 869.967 90.35878319301372
C06 875.002 90.03270470223691
C06 899.999 82.89135953373707
C06 919.999 75.10961167794167
C06 925.012 71.83169209674925
C06 949.965 57.997147602860494
C06 975.002 43.0996457712331
C06 999.976 26.05806666315034
C06 1025.028 11.252732484434995
C06 1050.014 3.9645114193053477
C06 1075.002 0.9390264785673913
C06 1099.99 0.09316934453755925
C07 319.994 44.86409297052264
C07 324.969 50.67703475101184
C07 349.982 76.32761793945181
C07 374.975 81.61928963270707
C07 400.019 86.7104504910113
C07 424.965 87.76035047391254
C07 450.035 89.07457686852351
C07 475.003 91.17867960914218
C07 500.018 93.86750881230346
C07 525.002 94.46372207866264
C07 550.029 96.08425559913128
C07 575.023 97.48553102599152
C07 599.982 98.62804384232533
C07 619.997 99.21815068403417
C07 624.979 99.09704629728948
C07 650.012 99.51396454200088
C07 675.004 99.82738691360255
C07 700.03 99.69705028533396
C07 725.012 99.15683423225752
C07 750.022 98.48812341366686
C07 774.987 98.37070275243087
C07 799.976 97.18538382287247
C07 824.988 95.92870608610497
C07 850.022 93.46576873950137
C07 869.967 90.19319896713901
C07 875.002 89.86478184564506
C07 899.999 82.74119039987701
C07 919.999 74.99040265203963
C07 925.012 71.72864713609806
C07 949.965 57.89963205176438
C07 975.002 42.95224325279658
C07 999.976 25.96860448498949
C07 1025.028 11.231982868758367
C07 1050.014 3.9630755688282773
C07 1075.002 0.9382931930616875
C07 1099.99 0.09309658862333885
C10 319.994 44.03617184114909
C10 324.969 49.720255833382005
C10 349.982 74.13778833362329
C10 374.975 78.97779095252382
C10 400.019 84.95076080028849
C10 424.965 86.53993679842888
C10 450.035 88.1716743471045
C10 475.003 90.45647834483485
C10 500.018 93.24154296626506
C10 525.002 93.89267584155692
C10 550.029 95.52718764824013
C10 575.023 96.92484049026402
C10 599.982 98.03658426324087
C10 619.997 98.60555936007094
C10 624.979 98.48003755974942
C10 650.012 98.87161299577437
C10 675.004 99.15550442263405
C10 700.03 99.01367334796485
C10 725.012 98.47818805441102
C10 750.022 97.83935209684427
C10 774.987 97.7628574731583
C10 799.976 96.62024530323195
C10 824.988 95.41915972279293
C10 850.022 93.09631858428078
C10 869.967 90.03939196327451
C10 875.002 89.73450635804882
C10 899.999 82.27248600569052
C10 919.999 74.64113656127648
C10 925.012 71.49641957736877
C10 949.965 58.031523945885716
C10 975.002 43.03246363620348
C10 999.976 25.89923657092359
C10 1025.028 11.181125293244508
C10 1050.014 3.966535748753726
C10 1075.002 0.9321118519148558
C10 1099.99 0.09248328163343163
C11 319.994 44.26399345017762
C11 324.969 49.98048199875268
C11 349.982 74.55129798585152
C11 374.975 79.43239477915104
C11 400.019 85.35788889484087
C11 424.965 86.91873383393401
C11 450.035 88.53104393397243
C11 475.003 90.80580557627033
C11 500.018 93.59543282037419
C11 525.002 94.24318767351906
C11 550.029 95.88392818619728
C11 575.023 97.28537174990647
C11 599.982 98.40181571206975
C11 619.997 98.97714943882356
C11 624.979 98.85285045194891
C11 650.012 99.24649702824951
C11 675.004 99.53679294053718
C11 700.03 99.41575733704887
C11 725.012 98.94647974905918
C11 750.022 98.37939237048771
C11 774.987 98.38476510706991
C11 799.976 97.26026586132537
C11 824.988 96.03151412665083
C11 850.022 93.6590038344435
C11 869.967 90.54349680674797
C11 875.002 90.23278755248154
C11 899.999 82.72415508004526
C11 919.999 74.93319026789405
C11 925.012 71.75982123640928
C11 949.965 58.29380596636394
C11 975.002 43.38022031661814
C11 999.976 26.145610552716402
C11 1025.028 11.246406335493438
C11 1050.014 3.9190526129255843
C11 1075.002 0.937255644848471
C11 1099.99 0.09299364404279949
C12 319.994 44.30957764270184
C12 324.969 50.03354445976293
C12 349.982 74.71448244033675
C12 374.975 79.65162230242326
C12 400.019 85.55630566176411
C12 424.965 87.08718402882484
C12 450.035 88.67997496921754
C12 475.003 90.94231741244563
C12 500.018 93.72793994251097
C12 525.002 94.37695582202295
C12 550.029 96.02277101050569
C12 575.023 97.42266312965415
C12 599.982 98.54330287045701
C12 619.997 99.11642789042241
C12 624.979 98.99812068943744
C12 650.012 99.4013510661279
C12 675.004 99.69001146543039
C12 700.03 99.57541091770625
C12 725.012 99.12525507499203
C12 750.022 98.58145464999946
C12 774.987 98.60799734438065
C12 799.976 97.48565330733621
C12 824.988 96.2371760632468
C12 850.022 93.85680919464332
C12 869.967 90.69645548378371
C12 875.002 90.40833770794826
C12 899.999 82.944185074642
C12 919.999 75.27940696762406
C12 925.012 71.83516182990476
C12 949.965 58.21345183773629
C12 975.002 43.40077122510965
C12 999.976 26.30410437124526
C12 1025.028 11.38702988188385
C12 1050.014 3.9175601595604457
C12 1075.002 0.9391806818957071
C12 1099.99 0.09318464445013104
C13 319.994 44.33218440630091
C13 324.969 50.05844399857489
C13 349.982 74.83285078199407
C13 374.975 79.8121777079977
C13 400.019 85.62808481109558
C13 424.965 87.10432634483318
C13 450.035 88.66802196777435
C13 475.003 90.90821620244597
C13 500.018 93.68394158617568
C13 525.002 94.32772229561822
C13 550.029 95.96487843638029
C13 575.023 97.363570669834
C13 599.982 98.48953729171481
C13 619.997 99.06649124628574
C13 624.979 98.9442251867665
C13 650.012 99.34931271137941
C13 675.004 99.64064801509693
C13 700.03 99.52250130837686
C13 725.012 99.063694060526
C13 750.022 98.50924751596159
C13 774.987 98.51695888326094
C13 799.976 97.38816450528425
C13 824.988 96.13207524748806
C13 850.022 93.75841092509025
C13 869.967 90.55285132961654
C13 875.002 90.24372409024701
C13 899.999 82.79148624546372
C13 919.999 75.1177281021953
C13 925.012 71.66373102723718
C13 949.965 57.97053994651494
C13 975.002 43.26676615650044
C13 999.976 26.2635298925612
C13 1025.028 11.401916680276525
C13 1050.014 3.924707169794367
C13 1075.002 0.9384927682429896
C13 1099.99 0.09311639028948171
C14 319.994 44.22719058671876
C14 324.969 49.94302951565017
C14 349.982 74.71770761080288
C14 374.975 79.76137745186418
C14 400.019 85.51121441591067
C14 424.965 86.94448169957474
C14 450.035 88.47824896340369
C14 475.003 90.6978082211593
C14 500.018 93.45619258169555
C14 525.002 94.09441713253887
C14 550.029 95.72836338800289
C14 575.023 97.12273756147235
C14 599.982 98.24887232020208
C14 619.997 98.82675867002625
C14 624.979 98.70372835210273
C14 650.012 99.11287408884245
C14 675.004 99.40773262380377
C14 700.03 99.28037660331194
C14 725.012 98.80297494848458
C14 750.022 98.21928023478776
C14 774.987 98.20056354646655
C14 799.976 97.05984673738286
C14 824.988 95.81279101392543
C14 850.022 93.43299733912517
C14 869.967 90.22180515921181
C14 875.002 89.88141210852254
C14 899.999 82.48397159132725
C14 919.999 74.72248422582973
C14 925.012 71.48513912332136
C14 949.965 57.76811082296913
C14 975.002 43.16879587165377
C14 999.976 26.09474151332648
C14 1025.028 11.347511990443728
C14 1050.014 3.9265774534081297
C14 1075.002 0.9357305681723748
C14 1099.99 0.09284232733605637
C15 319.994 44.46310569224879
C15 324.969 50.2122701088995
C15 349.982 75.20707755224151
C15 374.975 80.29567814489135
C15 400.019 86.0075926069167
C15 424.965 87.40422134267882
C15 450.035 88.91438066439908
C15 475.003 91.132212698161
C15 500.018 93.892691126725
C15 525.002 94.529257236831
C15 550.029 96.16652037376967
C15 575.023 97.57089868975136
C15 599.982 98.70538679284005
C15 619.997 99.29077816019439
C15 624.979 99.16209997266313
C15 650.012 99.57651144980844
C15 675.004 99.87628416630939
C15 700.03 99.74498457245139
C15 725.012 99.2362865359681
C15 750.022 98.61003027173606
C15 774.987 98.55284845792667
C15 799.976 97.39784001668264
C15 824.988 96.14381425657804
C15 850.022 93.73900640420518
C15 869.967 90.52949559278126
C15 875.002 90.20976808934415
C15 899.999 82.80724525376029
C15 919.999 75.06485670578613
C15 925.012 71.77574073897077
C15 949.965 57.94214774679535
C15 975.002 43.25198539896136
C15 999.976 26.168903238233327
C15 1025.028 11.392966259039216
C15 1050.014 3.9617966301548386
C15 1075.002 0.9394537985669831
C15 1099.99 0.09321174283534793
C16 319.994 44.67609304564994
C16 324.969 50.4543527797522
C16 349.982 75.62577651903491
C16 374.975 80.7414089314447
C16 400.019 86.35390866023926
C16 424.965 87.68922858680878
C16 450.035 89.16619616603047
C16 475.003 91.37065367771721
C16 500.018 94.12338252606166
C16 525.002 94.75109852384591
C16 550.029 96.3883463756165
C16 575.023 97.79657655395583
C16 599.982 98.93236389633184
C16 619.997 99.51988754463417
C16 624.979 99.39407532611901
C16 650.012 99.81077957847721
C16 675.004 100.10992560308664
C16 700.03 99.97076943283247
C16 725.012 99.43264744778381
C16 750.022 98.76817062075294
C16 774.987 98.67595520169063
C16 799.976 97.50295611760947
C16 824.988 96.24745533878459
C16 850.022 93.82542110197889
C16 869.967 90.60702196531302
C16 875.002 90.28317510907675
C16 899.999 82.90327432226005
C16 919.999 75.18479941975629
C16 925.012 71.92244778225937
C16 949.965 58.07183093412827
C16 975.002 43.312361812900726
C16 999.976 26.203151567975826
C16 1025.028 11.396950911294613
C16 1050.014 3.981535275261035
C16 1075.002 0.9409608726896966
C16 1099.99 0.09336127334528302
C17 319.994 44.55072409700927
C17 324.969 50.319426779765806
C17 349.982 75.49838228562287
C17 374.975 80.66562506807473
C17 400.019 86.2226702070536
C17 424.965 87.52542508301607
C17 450.035 88.98366833133252
C17 475.003 91.17696767031656
C17 500.018 93.92147309823078
C17 525.002 94.55272761242692
C17 550.029 96.19073208001775
C17 575.023 97.60019271438802
C17 599.982 98.73675960033638
C17 619.997 99.32297636676738
C17 624.979 99.19976262682682
C17 650.012 99.61814060509043
C17 675.004 99.91902913886165
C17 700.03 99.7736824755327
C17 725.012 99.21764627348733
C17 750.022 98.52616055444867
C17 774.987 98.3984988305951
C17 799.976 97.21724575574756
C17 824.988 95.96869972840176
C17 850.022 93.53653906773916
C17 869.967 90.35227935399317
C17 875.002 90.02660592017064
C17 899.999 82.65006787033283
C17 919.999 74.97215980392909
C17 925.012 71.72928911315768
C17 949.965 57.93461598022102
C17 975.002 43.16128703283157
C17 999.976 26.090702407659776
C17 1025.028 11.367714206038281
C17 1050.014 3.9995333218514477
C17 1075.002 0.938655703300925
C17 1099.99 0.0931325565562447
