lsstCam/transmission_sensor/r13_s10/19700101T000000.ecsv
# %ECSV 1.0
# ---
# datatype:
# - {name: amp_name, datatype: string}
# - {name: wavelength, unit: nm, datatype: float32}
# - {name: efficiency, unit: '%', datatype: float64}
# meta: !!omap
# - {MODE: AMP}
# - {TYPE: transmission_sensor}
# - {CALIBDATE: '1970-01-01T00:00:00'}
# - {INSTRUME: LSSTCAM}
# - {OBSTYPE: transmission_sensor}
# - {DETECTOR: 57}
# - {PARQUETFILE: qe_raft_allvalues_nircorrected_20230725.parquet}
# - {CALIBCLS: lsst.ip.isr.IntermediateSensorTransmissionCurve}
# - {CALIB_ID: 'raftName=R13 detectorName=S10 detector=57 calibDate=1970-01-01T00:00:00 ccd=57 ccdnum=57 filter=None'}
# - {DATE: '2024-01-18T22:42:25.173639'}
# - {CALIB_CREATION_DATE: '2024-01-18'}
# - {CALIB_CREATION_TIME: '22:42:25'}
# - __serialized_columns__:
#     efficiency:
#       __class__: astropy.units.quantity.Quantity
#       unit: !astropy.units.Unit {unit: '%'}
#       value: !astropy.table.SerializedColumn {name: efficiency}
#     wavelength:
#       __class__: astropy.units.quantity.Quantity
#       unit: !astropy.units.Unit {unit: nm}
#       value: !astropy.table.SerializedColumn {name: wavelength}
# schema: astropy-2.0
amp_name wavelength efficiency
C00 319.994 44.41645431518555
C00 324.969 50.16012191772461
C00 349.982 74.99491119384766
C00 374.975 79.86990356445312
C00 400.019 85.43724060058594
C00 424.965 86.82009887695312
C00 450.035 88.3324966430664
C00 475.003 90.54499053955078
C00 500.018 93.28977966308594
C00 525.002 93.9153060913086
C00 550.029 95.53429412841797
C00 575.023 96.9249496459961
C00 599.982 98.0386734008789
C00 619.997 98.60897064208984
C00 624.979 98.48238372802734
C00 650.012 98.87377166748047
C00 675.004 99.17002868652344
C00 700.03 99.02577209472656
C00 725.012 98.51943969726562
C00 750.022 97.8910140991211
C00 774.987 97.82427978515625
C00 799.976 96.6842041015625
C00 824.988 95.45252227783203
C00 850.022 93.05280303955078
C00 869.967 90.0062026977539
C00 875.002 89.68692779541016
C00 899.999 82.17194366455078
C00 919.999 74.63786315917969
C00 925.012 71.53675842285156
C00 949.965 58.180606842041016
C00 975.002 43.367835998535156
C00 999.976 26.266992568969727
C00 1025.028 11.362398147583008
C00 1050.014 3.946279764175415
C00 1075.002 0.9326038995710239
C00 1099.99 0.09253210214984173
C01 319.994 44.563255310058594
C01 324.969 50.32546615600586
C01 349.982 75.29600524902344
C01 374.975 80.25208282470703
C01 400.019 85.78471374511719
C01 424.965 87.1331558227539
C01 450.035 88.6225814819336
C01 475.003 90.8208999633789
C01 500.018 93.56501007080078
C01 525.002 94.19060516357422
C01 550.029 95.81120300292969
C01 575.023 97.20692443847656
C01 599.982 98.32473754882812
C01 619.997 98.9001235961914
C01 624.979 98.7723159790039
C01 650.012 99.17195892333984
C01 675.004 99.46733093261719
C01 700.03 99.3523178100586
C01 725.012 98.90808868408203
C01 750.022 98.35765075683594
C01 774.987 98.36932373046875
C01 799.976 97.2467041015625
C01 824.988 95.99343872070312
C01 850.022 93.57147216796875
C01 869.967 90.45731353759766
C01 875.002 90.14691925048828
C01 899.999 82.67615509033203
C01 919.999 74.79216766357422
C01 925.012 71.48231506347656
C01 949.965 58.011173248291016
C01 975.002 43.500160217285156
C01 999.976 26.322277069091797
C01 1025.028 11.48192310333252
C01 1050.014 3.9194891452789307
C01 1075.002 0.93704851335766
C01 1099.99 0.09297309264656901
C02 319.994 44.484596252441406
C02 324.969 50.23769760131836
C02 349.982 75.2685546875
C02 374.975 80.2905502319336
C02 400.019 85.80097198486328
C02 424.965 87.11707305908203
C02 450.035 88.58191680908203
C02 475.003 90.76992797851562
C02 500.018 93.50255584716797
C02 525.002 94.12454986572266
C02 550.029 95.7439956665039
C02 575.023 97.13955688476562
C02 599.982 98.26175689697266
C02 619.997 98.8348388671875
C02 624.979 98.71168518066406
C02 650.012 99.11393737792969
C02 675.004 99.41551208496094
C02 700.03 99.31182861328125
C02 725.012 98.88214874267578
C02 750.022 98.35980224609375
C02 774.987 98.3929443359375
C02 799.976 97.27488708496094
C02 824.988 96.01463317871094
C02 850.022 93.5959243774414
C02 869.967 90.4156723022461
C02 875.002 90.09780883789062
C02 899.999 82.73094177246094
C02 919.999 74.87881469726562
C02 925.012 71.51680755615234
C02 949.965 57.79105758666992
C02 975.002 43.28040313720703
C02 999.976 26.195493698120117
C02 1025.028 11.435787200927734
C02 1050.014 3.958770751953125
C02 1075.002 0.9370690100189502
C02 1099.99 0.09297512630647232
C03 319.994 44.50752258300781
C03 324.969 50.26357650756836
C03 349.982 75.40087890625
C03 374.975 80.48699951171875
C03 400.019 85.84493255615234
C03 424.965 87.07394409179688
C03 450.035 88.49390411376953
C03 475.003 90.6447982788086
C03 500.018 93.35453796386719
C03 525.002 93.964599609375
C03 550.029 95.58103942871094
C03 575.023 96.96553039550781
C03 599.982 98.09046936035156
C03 619.997 98.66503143310547
C03 624.979 98.54405212402344
C03 650.012 98.95336151123047
C03 675.004 99.25182342529297
C03 700.03 99.14746856689453
C03 725.012 98.71040344238281
C03 750.022 98.17713165283203
C03 774.987 98.194580078125
C03 799.976 97.07262420654297
C03 824.988 95.81949615478516
C03 850.022 93.39855194091797
C03 869.967 90.21823120117188
C03 875.002 89.89727020263672
C03 899.999 82.6116714477539
C03 919.999 74.78179931640625
C03 925.012 71.45513153076172
C03 949.965 57.75850296020508
C03 975.002 43.13666915893555
C03 999.976 26.040258407592773
C03 1025.028 11.311586380004883
C03 1050.014 3.9611847400665283
C03 1075.002 0.9353287164300237
C03 1099.99 0.0928024559753539
C04 319.994 44.65279769897461
C04 324.969 50.428653717041016
C04 349.982 75.72549438476562
C04 374.975 80.89376831054688
C04 400.019 86.1748275756836
C04 424.965 87.35444641113281
C04 450.035 88.74138641357422
C04 475.003 90.8822021484375
C04 500.018 93.5853042602539
C04 525.002 94.19093322753906
C04 550.029 95.80714416503906
C04 575.023 97.20040893554688
C04 599.982 98.32958221435547
C04 619.997 98.91015625
C04 624.979 98.78367614746094
C04 650.012 99.19792938232422
C04 675.004 99.50324249267578
C04 700.03 99.39523315429688
C04 725.012 98.9316177368164
C04 750.022 98.36438751220703
C04 774.987 98.35533142089844
C04 799.976 97.22260284423828
C04 824.988 95.96942138671875
C04 850.022 93.54914093017578
C04 869.967 90.34636688232422
C04 875.002 90.02638244628906
C04 899.999 82.79146575927734
C04 919.999 74.98219299316406
C04 925.012 71.66925048828125
C04 949.965 57.898860931396484
C04 975.002 43.1590690612793
C04 999.976 26.062129974365234
C04 1025.028 11.296833992004395
C04 1050.014 3.963103771209717
C04 1075.002 0.937112843503335
C04 1099.99 0.09297947542452398
C05 319.994 44.71580123901367
C05 324.969 50.50419235229492
C05 349.982 75.92427825927734
C05 374.975 81.10761260986328
C05 400.019 86.32642364501953
C05 424.965 87.45806121826172
C05 450.035 88.82244873046875
C05 475.003 90.94269561767578
C05 500.018 93.6380844116211
C05 525.002 94.23626708984375
C05 550.029 95.8587875366211
C05 575.023 97.24737548828125
C05 599.982 98.3814468383789
C05 619.997 98.9643783569336
C05 624.979 98.84564208984375
C05 650.012 99.25750732421875
C05 675.004 99.56008911132812
C05 700.03 99.44466400146484
C05 725.012 98.9527359008789
C05 750.022 98.3552017211914
C05 774.987 98.30778503417969
C05 799.976 97.15528106689453
C05 824.988 95.9144287109375
C05 850.022 93.48104095458984
C05 869.967 90.26604461669922
C05 875.002 89.95014190673828
C05 899.999 82.78792572021484
C05 919.999 75.00066375732422
C05 925.012 71.70816802978516
C05 949.965 57.91501998901367
C05 975.002 43.1174430847168
C05 999.976 26.07019805908203
C05 1025.028 11.27570629119873
C05 1050.014 3.963841199874878
C05 1075.002 0.9370259173411096
C05 1099.99 0.0929708506905654
C06 319.994 44.85620880126953
C06 324.969 50.665245056152344
C06 349.982 76.21604919433594
C06 374.975 81.4290771484375
C06 400.019 86.5489730834961
C06 424.965 87.62715911865234
C06 450.035 88.95902252197266
C06 475.003 91.0633544921875
C06 500.018 93.75482940673828
C06 525.002 94.34879302978516
C06 550.029 95.96271514892578
C06 575.023 97.35850524902344
C06 599.982 98.4931869506836
C06 619.997 99.0764389038086
C06 624.979 98.95660400390625
C06 650.012 99.37208557128906
C06 675.004 99.6777114868164
C06 700.03 99.54923248291016
C06 725.012 99.03549194335938
C06 750.022 98.39503479003906
C06 774.987 98.31097412109375
C06 799.976 97.1382064819336
C06 824.988 95.89303588867188
C06 850.022 93.44261932373047
C06 869.967 90.20284271240234
C06 875.002 89.87732696533203
C06 899.999 82.74830627441406
C06 919.999 74.97998809814453
C06 925.012 71.70772552490234
C06 949.965 57.897056579589844
C06 975.002 43.025264739990234
C06 999.976 26.01309585571289
C06 1025.028 11.233312606811523
C06 1050.014 3.957669496536255
C06 1075.002 0.9374059140223617
C06 1099.99 0.09300855361218346
C07 319.994 44.78666687011719
C07 324.969 50.589576721191406
C07 349.982 76.19589233398438
C07 374.975 81.47843170166016
C07 400.019 86.56080627441406
C07 424.965 87.60889434814453
C07 450.035 88.92085266113281
C07 475.003 91.02132415771484
C07 500.018 93.70551300048828
C07 525.002 94.30069732666016
C07 550.029 95.9184341430664
C07 575.023 97.31729125976562
C07 599.982 98.45783233642578
C07 619.997 99.04692077636719
C07 624.979 98.926025390625
C07 650.012 99.34222412109375
C07 675.004 99.65510559082031
C07 700.03 99.52499389648438
C07 725.012 98.98571014404297
C07 750.022 98.31815338134766
C07 774.987 98.20093536376953
C07 799.976 97.01766204833984
C07 824.988 95.76315307617188
C07 850.022 93.3044662475586
C07 869.967 90.03754425048828
C07 875.002 89.7096939086914
C07 899.999 82.59839630126953
C07 919.999 74.8609848022461
C07 925.012 71.6048583984375
C07 949.965 57.79970932006836
C07 975.002 42.878116607666016
C07 999.976 25.92378807067871
C07 1025.028 11.21259880065918
C07 1050.014 3.9562361240386963
C07 1075.002 0.9366738940150426
C07 1099.99 0.09293592325955022
C10 319.994 43.960174560546875
C10 324.969 49.63444900512695
C10 349.982 74.00984191894531
C10 374.975 78.84149169921875
C10 400.019 84.80415344238281
C10 424.965 86.39058685302734
C10 450.035 88.0195083618164
C10 475.003 90.30036926269531
C10 500.018 93.08062744140625
C10 525.002 93.73063659667969
C10 550.029 95.3623275756836
C10 575.023 96.757568359375
C10 599.982 97.86739349365234
C10 619.997 98.43538665771484
C10 624.979 98.3100814819336
C10 650.012 98.70098114013672
C10 675.004 98.98438262939453
C10 700.03 98.8427963256836
C10 725.012 98.30823516845703
C10 750.022 97.67050170898438
C10 774.987 97.5941390991211
C10 799.976 96.45349884033203
C10 824.988 95.25448608398438
C10 850.022 92.93565368652344
C10 869.967 89.88400268554688
C10 875.002 89.57964324951172
C10 899.999 82.13050079345703
C10 919.999 74.51232147216797
C10 925.012 71.37303161621094
C10 949.965 57.931373596191406
C10 975.002 42.95819854736328
C10 999.976 25.85453987121582
C10 1025.028 11.161828994750977
C10 1050.014 3.9596903324127197
C10 1075.002 0.9305032205783682
C10 1099.99 0.09232367471004457
C11 319.994 44.18760299682617
C11 324.969 49.89422607421875
C11 349.982 74.42263793945312
C11 374.975 79.2953109741211
C11 400.019 85.21057891845703
C11 424.965 86.76873016357422
C11 450.035 88.37825775146484
C11 475.003 90.64909362792969
C11 500.018 93.43390655517578
C11 525.002 94.0805435180664
C11 550.029 95.71845245361328
C11 575.023 97.11747741699219
C11 599.982 98.23199462890625
C11 619.997 98.80633544921875
C11 624.979 98.6822509765625
C11 650.012 99.0752182006836
C11 675.004 99.3650131225586
C11 700.03 99.24418640136719
C11 725.012 98.77571868896484
C11 750.022 98.20960998535156
C11 774.987 98.21497344970703
C11 799.976 97.09241485595703
C11 824.988 95.86578369140625
C11 850.022 93.49736785888672
C11 869.967 90.38723754882812
C11 875.002 90.07706451416016
C11 899.999 82.58139038085938
C11 919.999 74.80387115478516
C11 925.012 71.63597869873047
C11 949.965 58.19320297241211
C11 975.002 43.305355072021484
C11 999.976 26.100488662719727
C11 1025.028 11.226997375488281
C11 1050.014 3.9122891426086426
C11 1075.002 0.9356381363944096
C11 1099.99 0.09283315633996199
C12 319.994 44.23310852050781
C12 324.969 49.94719696044922
C12 349.982 74.58554077148438
C12 374.975 79.51416015625
C12 400.019 85.40865325927734
C12 424.965 86.9368896484375
C12 450.035 88.52693176269531
C12 475.003 90.78536987304688
C12 500.018 93.5661849975586
C12 525.002 94.21408081054688
C12 550.029 95.8570556640625
C12 575.023 97.25453186035156
C12 599.982 98.37323760986328
C12 619.997 98.94537353515625
C12 624.979 98.8272705078125
C12 650.012 99.22980499267578
C12 675.004 99.5179672241211
C12 700.03 99.403564453125
C12 725.012 98.95418548583984
C12 750.022 98.41132354736328
C12 774.987 98.43782043457031
C12 799.976 97.31741333007812
C12 824.988 96.07109069824219
C12 850.022 93.69483184814453
C12 869.967 90.53993225097656
C12 875.002 90.25231170654297
C12 899.999 82.80104064941406
C12 919.999 75.14949035644531
C12 925.012 71.71118927001953
C12 949.965 58.11298751831055
C12 975.002 43.325870513916016
C12 999.976 26.258708953857422
C12 1025.028 11.367378234863281
C12 1050.014 3.910799264907837
C12 1075.002 0.9375598512277807
C12 1099.99 0.09302382712028592
C13 319.994 44.25567626953125
C13 324.969 49.97205352783203
C13 349.982 74.70370483398438
C13 374.975 79.6744384765625
C13 400.019 85.48030853271484
C13 424.965 86.9540023803711
C13 450.035 88.51499938964844
C13 475.003 90.75132751464844
C13 500.018 93.52226257324219
C13 525.002 94.16493225097656
C13 550.029 95.79926300048828
C13 575.023 97.19554138183594
C13 599.982 98.31956481933594
C13 619.997 98.89552307128906
C13 624.979 98.77346801757812
C13 650.012 99.1778564453125
C13 675.004 99.46868896484375
C13 700.03 99.35074615478516
C13 725.012 98.89273071289062
C13 750.022 98.33924102783203
C13 774.987 98.34693908691406
C13 799.976 97.2200927734375
C13 824.988 95.96617126464844
C13 850.022 93.59660339355469
C13 869.967 90.39657592773438
C13 875.002 90.08798217773438
C13 899.999 82.64860534667969
C13 919.999 74.98809051513672
C13 925.012 71.54005432128906
C13 949.965 57.8704948425293
C13 975.002 43.19209671020508
C13 999.976 26.218204498291016
C13 1025.028 11.38223934173584
C13 1050.014 3.917933940887451
C13 1075.002 0.9368731247710593
C13 1099.99 0.09295569075213267
C14 319.994 44.15086364746094
C14 324.969 49.85683822631836
C14 349.982 74.58876037597656
C14 374.975 79.62372589111328
C14 400.019 85.36363983154297
C14 424.965 86.79443359375
C14 450.035 88.32555389404297
C14 475.003 90.5412826538086
C14 500.018 93.29490661621094
C14 525.002 93.9320297241211
C14 550.029 95.56315612792969
C14 575.023 96.95512390136719
C14 599.982 98.07931518554688
C14 619.997 98.65620422363281
C14 624.979 98.53338623046875
C14 650.012 98.94182586669922
C14 675.004 99.23617553710938
C14 700.03 99.10903930664062
C14 725.012 98.63246154785156
C14 750.022 98.04977416992188
C14 774.987 98.03108978271484
C14 799.976 96.89234161376953
C14 824.988 95.6474380493164
C14 850.022 93.2717514038086
C14 869.967 90.06610107421875
C14 875.002 89.7262954711914
C14 899.999 82.34162139892578
C14 919.999 74.5935287475586
C14 925.012 71.36177062988281
C14 949.965 57.66841506958008
C14 975.002 43.094295501708984
C14 999.976 26.049707412719727
C14 1025.028 11.32792854309082
C14 1050.014 3.9198009967803955
C14 1075.002 0.934115691683701
C14 1099.99 0.0926821007744067
C15 319.994 44.38637161254883
C15 324.969 50.125614166259766
C15 349.982 75.07728576660156
C15 374.975 80.1571044921875
C15 400.019 85.85916137695312
C15 424.965 87.25337982177734
C15 450.035 88.76093292236328
C15 475.003 90.97493743896484
C15 500.018 93.73065185546875
C15 525.002 94.36611938476562
C15 550.029 96.00055694580078
C15 575.023 97.40251159667969
C15 599.982 98.53504180908203
C15 619.997 99.11942291259766
C15 624.979 98.990966796875
C15 650.012 99.4046630859375
C15 675.004 99.70391845703125
C15 700.03 99.57284545898438
C15 725.012 99.06502532958984
C15 750.022 98.43984985351562
C15 774.987 98.38276672363281
C15 799.976 97.22975158691406
C15 824.988 95.97789001464844
C15 850.022 93.57723236083984
C15 869.967 90.37326049804688
C15 875.002 90.05408477783203
C15 899.999 82.66433715820312
C15 919.999 74.93531036376953
C15 925.012 71.65187072753906
C15 949.965 57.8421516418457
C15 975.002 43.17734146118164
C15 999.976 26.123741149902344
C15 1025.028 11.37330436706543
C15 1050.014 3.9549593925476074
C15 1075.002 0.9378324965564437
C15 1099.99 0.09305087873932176
C16 319.994 44.59899139404297
C16 324.969 50.367279052734375
C16 349.982 75.4952621459961
C16 374.975 80.60206604003906
C16 400.019 86.20487976074219
C16 424.965 87.53789520263672
C16 450.035 89.01231384277344
C16 475.003 91.21296691894531
C16 500.018 93.96094512939453
C16 525.002 94.58757781982422
C16 550.029 96.22200012207031
C16 575.023 97.62779998779297
C16 599.982 98.76162719726562
C16 619.997 99.34813690185547
C16 624.979 99.22254180908203
C16 650.012 99.6385269165039
C16 675.004 99.9371566772461
C16 700.03 99.7982406616211
C16 725.012 99.26104736328125
C16 750.022 98.59771728515625
C16 774.987 98.50566101074219
C16 799.976 97.33468627929688
C16 824.988 96.08135223388672
C16 850.022 93.66349792480469
C16 869.967 90.45065307617188
C16 875.002 90.12736511230469
C16 899.999 82.76020050048828
C16 919.999 75.05504608154297
C16 925.012 71.79832458496094
C16 949.965 57.97161102294922
C16 975.002 43.237613677978516
C16 999.976 26.157930374145508
C16 1025.028 11.37728214263916
C16 1050.014 3.9746639728546143
C16 1075.002 0.9393369697824352
C16 1099.99 0.09320015119067349
C17 319.994 44.473838806152344
C17 324.969 50.23258590698242
C17 349.982 75.36808776855469
C17 374.975 80.52641296386719
C17 400.019 86.07386779785156
C17 424.965 87.37437438964844
C17 450.035 88.8301010131836
C17 475.003 91.01961517333984
C17 500.018 93.75938415527344
C17 525.002 94.3895492553711
C17 550.029 96.02472686767578
C17 575.023 97.43175506591797
C17 599.982 98.56636047363281
C17 619.997 99.15156555175781
C17 624.979 99.028564453125
C17 650.012 99.44622039794922
C17 675.004 99.74658966064453
C17 700.03 99.60149383544922
C17 725.012 99.04641723632812
C17 750.022 98.35612487792969
C17 774.987 98.22868347167969
C17 799.976 97.04946899414062
C17 824.988 95.8030776977539
C17 850.022 93.37511444091797
C17 869.967 90.19635009765625
C17 875.002 89.8712387084961
C17 899.999 82.50743103027344
C17 919.999 74.8427734375
C17 925.012 71.60549926757812
C17 949.965 57.834632873535156
C17 975.002 43.08679962158203
C17 999.976 26.04567527770996
C17 1025.028 11.348095893859863
C17 1050.014 3.992630958557129
C17 1075.002 0.9370357786369474
C17 1099.99 0.09297182911927905
