lsstCam/transmission_filter_detector/r33_s02/y_10/19700101T000000.ecsv
# %ECSV 1.0
# ---
# datatype:
# - {name: wavelength, unit: nm, datatype: float32}
# - {name: efficiency, unit: '%', datatype: float64}
# meta: !!omap
# - {MODE: DETECTOR}
# - {TYPE: transmission_filter_detector}
# - {CALIBDATE: '1970-01-01T00:00:00'}
# - {INSTRUME: LSSTCam}
# - {OBSTYPE: transmission_filter_detector}
# - {CALIBCLS: lsst.ip.isr.IntermediateFilterDetectorTransmissionCurve}
# - {SOURCE: Materion (DM-46256)}
# - {DETECTOR: 146}
# - {FILTER: y_10}
# - {CALIB_ID: 'calibDate=1970-01-01T00:00:00 filter=y_10 detector=146'}
# - {DATE: '2025-04-02T15:59:51.420508'}
# - {CALIB_CREATION_DATE: '2025-04-02'}
# - {CALIB_CREATION_TIME: '15:59:51'}
# - __serialized_columns__:
#     efficiency:
#       __class__: astropy.units.quantity.Quantity
#       unit: !astropy.units.Unit {unit: '%'}
#       value: !astropy.table.SerializedColumn {name: efficiency}
#     wavelength:
#       __class__: astropy.units.quantity.Quantity
#       unit: !astropy.units.Unit {unit: nm}
#       value: !astropy.table.SerializedColumn {name: wavelength}
# schema: astropy-2.0
wavelength efficiency
300.0 0.017542371642775834
301.0 0.019805048941634595
302.0 0.02206772333011031
303.0 0.019536574836820364
304.0 0.017005426343530416
305.0 0.013205985305830836
306.0 0.009406542085343972
307.0 0.012145988148404285
308.0 0.01488543493906036
309.0 0.012952304678037763
310.0 0.011019179510185495
311.0 0.0076180433097761124
312.0 0.0042169074731646106
313.0 0.004902699220110662
314.0 0.005588490603258833
315.0 0.003810999623965472
316.0 0.00203350828087423
317.0 0.003016550181200728
318.0 0.003999592081527226
319.0 0.0026889232685789466
320.0 0.001378253728034906
321.0 0.0009304154445999302
322.0 0.00048257729758915957
323.0 0.003163996007060632
324.0 0.005845413761562668
325.0 0.0033886670280480757
326.0 0.0009319198397861328
327.0 0.0013993198081152514
328.0 0.0018667191397980787
329.0 0.0022396345229935832
330.0 0.0026125497242901474
331.0 0.0022307423932943493
332.0 0.001848935426096432
333.0 0.002629810660437215
334.0 0.0034106855309801176
335.0 0.003190889401594177
336.0 0.0029710923627135344
337.0 0.002361012593610212
338.0 0.0017509330064058304
339.0 0.001644412441237364
340.0 0.0015378918760688975
341.0 0.0014895314052409958
342.0 0.001441170843463624
343.0 0.0014115500562184025
344.0 0.0013819291780237108
345.0 0.0012549572602438275
346.0 0.0011279854334134143
347.0 0.00122355331768631
348.0 0.0013191214748076163
349.0 0.0008645954039820936
350.0 0.00041006942410604097
351.0 0.0010156059943255968
352.0 0.0016211428373935632
353.0 0.0016192367183975875
354.0 0.0016173309631994925
355.0 0.0018304266632185318
356.0 0.0020435219994396903
357.0 0.0019114224414806813
358.0 0.0017793228835216723
359.0 0.0013208577001933008
360.0 0.0008623926987638697
361.0 0.0007145530616980977
362.0 0.0005667134246323258
363.0 0.0006275828127400018
364.0 0.0006884522917971481
365.0 0.0010259785995003767
366.0 0.0013635049981530756
367.0 0.0015008195987320505
368.0 0.001638134017412085
369.0 0.00137297711262363
370.0 0.001107820207835175
371.0 0.0011789105883508455
372.0 0.0012500008779170457
373.0 0.001584833262313623
374.0 0.0019196653738617897
375.0 0.002877612496376969
376.0 0.003835559618892148
377.0 0.004011551209259778
378.0 0.004187543163425289
379.0 0.0037430098018376157
380.0 0.003298476804047823
381.0 0.0024467719413223676
382.0 0.001595066896697972
383.0 0.001281361164728878
384.0 0.0009676555237092543
385.0 0.000891287527338136
386.0 0.0008149195309670176
387.0 0.0007474559424736071
388.0 0.0006799923539801966
389.0 0.0006525973731186241
390.0 0.0006252024377317866
391.0 0.0006454346021200763
392.0 0.0006656666300841607
393.0 0.000692851654093829
394.0 0.0007200364962045569
395.0 0.0006404494797607185
396.0 0.00056086237236741
397.0 0.0007508977432735264
398.0 0.0009409330232301727
399.0 0.001015594807540765
400.0 0.0010902565009018872
401.0 0.0013441236660582945
402.0 0.001597990922164172
403.0 0.0017426122212782502
404.0 0.0018872333384933881
405.0 0.0018575487047201023
406.0 0.0018278640709468164
407.0 0.001615769178897608
408.0 0.0014036740139999893
409.0 0.0012338655324128922
410.0 0.001064056959876325
411.0 0.0014349065168062225
412.0 0.00180575607373612
413.0 0.0010623649359331466
414.0 0.0003189738436049083
415.0 0.0004897616690868745
416.0 0.0006605494945688406
417.0 0.0004310913027438801
418.0 0.00020163311091891956
419.0 1.6092434459644145e-10
420.0 1.6092434459644145e-10
421.0 1.6092434459644145e-10
422.0 1.6092434459644145e-10
423.0 0.0006387685971276369
424.0 0.0013160379239707254
425.0 0.0003368843181306147
426.0 1.6092434459644145e-10
427.0 8.74003205808549e-05
428.0 0.0008170699402398895
429.0 0.0002507904582671472
430.0 1.6092434459644145e-10
431.0 8.322712830022283e-06
432.0 0.00033213441383850295
433.0 1.6092434459644145e-10
434.0 1.6092434459644145e-10
435.0 1.6092434459644145e-10
436.0 0.0002748314955169917
437.0 0.00018220174524685717
438.0 8.957193813330377e-05
439.0 2.7727671181310143e-05
440.0 1.6092434459644145e-10
441.0 8.818362289275683e-05
442.0 0.0002104840632455307
443.0 8.780564826338377e-05
444.0 1.6092434459644145e-10
445.0 0.000146995660088578
446.0 0.0003288642346888082
447.0 0.000647669003228657
448.0 0.000966473908192711
449.0 0.00036180990719003603
450.0 1.6092434459644145e-10
451.0 7.818608196430432e-05
452.0 0.0003992264737462392
453.0 0.00015746530834803707
454.0 1.6092434459644145e-10
455.0 0.0004329700459493324
456.0 0.0009502357897872571
457.0 0.00037185359360591974
458.0 1.6092434459644145e-10
459.0 1.6092434459644145e-10
460.0 1.6092434459644145e-10
461.0 0.00012248863185959635
462.0 0.00038026423681003507
463.0 0.0005494847300724359
464.0 0.000718705314284307
465.0 0.0006708095952490112
466.0 0.0006229140126379207
467.0 0.0009775691069080494
468.0 0.0013322243830771185
469.0 0.0014859229850117117
470.0 0.0016396217688452452
471.0 0.0018783335690386593
472.0 0.0021170450054341927
473.0 0.0021868858311790973
474.0 0.0022567264750250615
475.0 0.0026596775569487363
476.0 0.0030626288207713515
477.0 0.0030169239835231565
478.0 0.002971218964376021
479.0 0.0034572065487736836
480.0 0.003943193951272406
481.0 0.00449392173322849
482.0 0.005044649151386693
483.0 0.004453048313735053
484.0 0.0038614467484876513
485.0 0.003641335933934897
486.0 0.0034212247555842623
487.0 0.0030629675165982917
488.0 0.0027047100957133807
489.0 0.0024058210328803398
490.0 0.002106932151946239
491.0 0.0018434166122460738
492.0 0.001579901436343789
493.0 0.001549649823573418
494.0 0.0015193979379546363
495.0 0.001502489158156095
496.0 0.0014855801964586135
497.0 0.0017911781469592825
498.0 0.0020967761884094216
499.0 0.0023431730369338766
500.0 0.002589570067357272
501.0 0.0028847962312283926
502.0 0.003180022758897394
503.0 0.0031016992579679936
504.0 0.0030233757570385933
505.0 0.002645507083798293
506.0 0.0022676387743558735
507.0 0.002269348260597326
508.0 0.0022710579287377186
509.0 0.002065976877929643
510.0 0.001860895827121567
511.0 0.0017949047105503269
512.0 0.0017289134120801464
513.0 0.0021643856598529965
514.0 0.002599858089524787
515.0 0.002038777711277362
516.0 0.0014776972420804668
517.0 0.0016679854525136761
518.0 0.0018582735719974153
519.0 0.0015743315088911913
520.0 0.0012903894457849674
521.0 0.0016244990547420457
522.0 0.0019586084818001837
523.0 0.0019225597498007119
524.0 0.0018865108359022997
525.0 0.002132394365617074
526.0 0.0023782778953318484
527.0 0.0023059699742589146
528.0 0.002233662235084921
529.0 0.002175271038140636
530.0 0.0021168798411963508
531.0 0.0020817968106712215
532.0 0.002046713780146092
533.0 0.0020223227693350054
534.0 0.0019979317585239187
535.0 0.0017338388715870678
536.0 0.0014697460755996872
537.0 0.0019345297914696857
538.0 0.002399313780188095
539.0 0.002847801624739077
540.0 0.0032962896511889994
541.0 0.003702866524690762
542.0 0.004109443761990406
543.0 0.004510502913035452
544.0 0.004911562064080499
545.0 0.005048477396485396
546.0 0.005185392728890292
547.0 0.004481404539546929
548.0 0.0037774159864056855
549.0 0.0030434895961661823
550.0 0.0023095633878256194
551.0 0.0024913675588322803
552.0 0.0026731719117378816
553.0 0.0028577327611856163
554.0 0.0030422934287344106
555.0 0.003684460898512043
556.0 0.004326628550188616
557.0 0.004339850784162991
558.0 0.004353072654339485
559.0 0.004020374399260618
560.0 0.00368767578038387
561.0 0.0038380938349291682
562.0 0.003988512617070228
563.0 0.0036581786844180897
564.0 0.003327845479361713
565.0 0.0034165001125074923
566.0 0.003505154381855391
567.0 0.0038632868381682783
568.0 0.004221419658279046
569.0 0.0048057241656351835
570.0 0.00539002830919344
571.0 0.0058732053730636835
572.0 0.006356382800731808
573.0 0.00661737285554409
574.0 0.006878362910356373
575.0 0.00653722818242386
576.0 0.006196092726895586
577.0 0.005938041067565791
578.0 0.0056799886806402355
579.0 0.005801544830319472
580.0 0.005923100616200827
581.0 0.006790144834667444
582.0 0.0076571901445277035
583.0 0.008454798808088526
584.0 0.009252409654436633
585.0 0.009553791460348293
586.0 0.009855173993855715
587.0 0.010266319441143423
588.0 0.010677465616026893
589.0 0.0107770916656591
590.0 0.010876720625674352
591.0 0.010173926420975477
592.0 0.009471132943872362
593.0 0.008117609831970185
594.0 0.006764085992472246
595.0 0.006136287993285805
596.0 0.005508490357897244
597.0 0.005941211566096172
598.0 0.006373932410497218
599.0 0.007293667295016348
600.0 0.008213401451939717
601.0 0.009251370647689328
602.0 0.010289338388247415
603.0 0.010387192014604807
604.0 0.01048504636855796
605.0 0.0106824554677587
606.0 0.010879863111767918
607.0 0.00973210044321604
608.0 0.008584338502259925
609.0 0.006957016739761457
610.0 0.0053296938858693466
611.0 0.004398537566885352
612.0 0.003467380884103477
613.0 0.003562629717634991
614.0 0.0036578785511665046
615.0 0.004480719508137554
616.0 0.005303559737512842
617.0 0.006716626376146451
618.0 0.008129691559588537
619.0 0.009296840289607644
620.0 0.01046398829203099
621.0 0.010950970317935571
622.0 0.01143795088864863
623.0 0.011873012408614159
624.0 0.012308071018196642
625.0 0.010844918870134279
626.0 0.009381766722071916
627.0 0.0076779564551543444
628.0 0.005974147279630415
629.0 0.004796668508788571
630.0 0.003619190465542488
631.0 0.002990257962665055
632.0 0.002361325823585503
633.0 0.0025041872504516505
634.0 0.002647048677317798
635.0 0.0030095709007582627
636.0 0.0033720931241987273
637.0 0.0037754030927317217
638.0 0.0041787137888604775
639.0 0.004505721517489292
640.0 0.004832728882320225
641.0 0.005178845094633289
642.0 0.005524960943148471
643.0 0.005792269803350791
644.0 0.0060595782997552305
645.0 0.005473817145684734
646.0 0.004888056355412118
647.0 0.004088371861143969
648.0 0.00328868736687582
649.0 0.0026249103029840626
650.0 0.0019611332390923053
651.0 0.0017262722394661978
652.0 0.0014914113307895605
653.0 0.001554063055664301
654.0 0.0016167148714885116
655.0 0.0014046999240235891
656.0 0.0011926850675081369
657.0 0.0012994544704270083
658.0 0.0014062240552448202
659.0 0.001549918670207262
660.0 0.001693613376119174
661.0 0.0016903475625440478
662.0 0.0016870815670699812
663.0 0.0018262035155203193
664.0 0.0019653254639706574
665.0 0.0026659427021513693
666.0 0.0033665601222310215
667.0 0.003993457357864827
668.0 0.004620354957296513
669.0 0.005203494583838619
670.0 0.005786634574178606
671.0 0.0064790641772560775
672.0 0.007171493052737787
673.0 0.007326830382226035
674.0 0.00748216625652276
675.0 0.0076122152677271515
676.0 0.007742264278931543
677.0 0.006351550109684467
678.0 0.0049608344852458686
679.0 0.003400890273042023
680.0 0.0018409458789392374
681.0 0.001249872821063036
682.0 0.00065879989961104
683.0 0.000575857075091335
684.0 0.000492914296046365
685.0 0.0004143209480389487
686.0 0.0003357274863446946
687.0 0.00024232408577518072
688.0 0.00014892066246829927
689.0 0.00015240150332829216
690.0 0.00015588232145091752
691.0 3.531726520122902e-05
692.0 1.6092434459644145e-10
693.0 0.00020554587081278441
694.0 0.0004963397259416524
695.0 0.0003478291773717501
696.0 0.00019931876522605307
697.0 0.00017866734651761362
698.0 0.0001580159960212768
699.0 6.38287076526467e-05
700.0 1.6092434459644145e-10
701.0 6.326757784336223e-05
702.0 0.0001568935658724513
703.0 1.6092434459644145e-10
704.0 1.6092434459644145e-10
705.0 1.6092434459644145e-10
706.0 0.00014113942370386212
707.0 0.000271637259174895
708.0 0.0004021351287519792
709.0 0.0006001503152219811
710.0 0.0007981656381161883
711.0 0.0006748703981429571
712.0 0.0005515751581697259
713.0 0.0003070993443543557
714.0 6.262349643293419e-05
715.0 0.0001842878646129975
716.0 0.00030595210773753934
717.0 0.00016993697045109002
718.0 3.392176779470901e-05
719.0 0.00037180943763814867
720.0 0.0007096973149600672
721.0 0.0005467849405249581
722.0 0.0003838728389382595
723.0 0.0003898072918673279
724.0 0.00039574174479639623
725.0 6.980985745030921e-05
726.0 1.6092434459644145e-10
727.0 1.6092434459644145e-10
728.0 0.00021552327780227643
729.0 0.00031663114441471407
730.0 0.00041773892007768154
731.0 0.000259834132521064
732.0 0.00010192941317654913
733.0 0.00024055511858023237
734.0 0.00037918093767075334
735.0 0.0004588112460623961
736.0 0.000538441645403509
737.0 0.00030548103495675605
738.0 7.252052682815702e-05
739.0 0.0002564956730566337
740.0 0.0004404708761285292
741.0 0.0005078398771729553
742.0 0.0005752089236921165
743.0 0.0004726939550891984
744.0 0.0003701788727994426
745.0 0.00035601749459601706
746.0 0.0003418560254431213
747.0 0.00030488251923088683
748.0 0.0002679089448065497
749.0 0.0002951579062937526
750.0 0.0003224069132556906
751.0 0.00045058818614052143
752.0 0.0005787694135506172
753.0 0.0003983288479503244
754.0 0.00021788812318845885
755.0 0.00028128365556767676
756.0 0.0003446791424721596
757.0 0.00023148174932430265
758.0 0.0001182843675451295
759.0 0.0003734152187462314
760.0 0.0006285460131039144
761.0 0.0005715741735912161
762.0 0.0005146023340785177
763.0 0.0006146600298961857
764.0 0.0007147176802391186
765.0 0.0005510371465788921
766.0 0.0003873566583934007
767.0 0.0005198409780859947
768.0 0.0006523253887280589
769.0 0.0005577499450737378
770.0 0.00046317445594468154
771.0 0.0005189943749428494
772.0 0.0005748143848904874
773.0 0.00033944288588827476
774.0 0.0001040713868860621
775.0 0.00028568022116814973
776.0 0.00046728914639970753
777.0 0.00028554218260978814
778.0 0.00010379526429460384
779.0 0.000551229959455668
780.0 0.0009986646546167322
781.0 0.0007564319730590796
782.0 0.0005141993369761622
783.0 0.0006628840765188215
784.0 0.000811568861536216
785.0 0.00075470597948879
786.0 0.0006978429610171588
787.0 0.0003397594127818593
788.0 1.6092434459644145e-10
789.0 0.0002512962282708031
790.0 0.0005209166829445167
791.0 0.000541410327059566
792.0 0.0005619038802251453
793.0 0.0006755486083420692
794.0 0.0007891932909842581
795.0 0.0008119688573060557
796.0 0.0008347443326783832
797.0 0.0008031709512579255
798.0 0.0007715975698374677
799.0 0.0004598569375957595
800.0 0.0001481162598793162
801.0 0.00048186648200498894
802.0 0.0008156167496053968
803.0 0.0008280387191916816
804.0 0.0008404607797274366
805.0 0.0007068478225846775
806.0 0.0005732347290177131
807.0 0.0003296436261734925
808.0 8.605243806414364e-05
809.0 0.00040650556911714375
810.0 0.0007269587058544857
811.0 0.0006772499546059407
812.0 0.0006275412033573957
813.0 0.0007662756615900435
814.0 0.0009050100743479561
815.0 0.0008140486897900701
816.0 0.000723087305232184
817.0 0.0007578827535326127
818.0 0.0007926783837319817
819.0 0.0008600805813330226
820.0 0.0009274827789340634
821.0 0.0007208004717540462
822.0 0.0005141181645740289
823.0 0.0006135599960543914
824.0 0.0007130016911105486
825.0 0.0007726224794168957
826.0 0.0008322433131979778
827.0 0.0007555707270512357
828.0 0.0006788980954297585
829.0 0.0006554288120241836
830.0 0.0006319595286186086
831.0 0.0007232253665279131
832.0 0.0008144913408614229
833.0 0.0008954404620453715
834.0 0.0009763893103809096
835.0 0.0008995179996418301
836.0 0.0008226463251048699
837.0 0.0005595431957772234
838.0 0.00029644015739904717
839.0 0.0003938190275221132
840.0 0.0004911980340693844
841.0 0.0009340279575553723
842.0 0.0013768577446171548
843.0 0.001182883988803951
844.0 0.0009889099601423368
845.0 0.0009305901585321408
846.0 0.0008722701750230044
847.0 0.001027041616907809
848.0 0.0011818132406915538
849.0 0.0008088576578302309
850.0 0.00043590180212049745
851.0 0.0006822825980634661
852.0 0.0009286633030569647
853.0 0.0009534254786558449
854.0 0.0009781877452041954
855.0 0.0009954215784091502
856.0 0.0010126555935130455
857.0 0.0011769337106670719
858.0 0.0013412118278210983
859.0 0.0010075595128000714
860.0 0.0006739073342032498
861.0 0.001277153569390066
862.0 0.001880399759102147
863.0 0.0018495522454031743
864.0 0.0018187045498052612
865.0 0.0019935949239879847
866.0 0.0021684854800696485
867.0 0.0026208006602246314
868.0 0.003073115658480674
869.0 0.0029541903131757863
870.0 0.002835265149769839
871.0 0.003260530866100453
872.0 0.0036857964005321264
873.0 0.002833109647326637
874.0 0.001980423076020088
875.0 0.0017960404875339009
