lsstCam/transmission_filter_detector/r33_s02/y_10/19700101T000000.ecsv
# %ECSV 1.0
# ---
# datatype:
# - {name: wavelength, unit: nm, datatype: float32}
# - {name: efficiency, unit: '%', datatype: float64}
# meta: !!omap
# - {MODE: DETECTOR}
# - {TYPE: transmission_filter_detector}
# - {CALIBDATE: '1970-01-01T00:00:00'}
# - {INSTRUME: LSSTCam}
# - {OBSTYPE: transmission_filter_detector}
# - {CALIBCLS: lsst.ip.isr.IntermediateFilterDetectorTransmissionCurve}
# - {SOURCE: Materion (DM-46256)}
# - {DETECTOR: 146}
# - {FILTER: y_10}
# - {CALIB_ID: 'calibDate=1970-01-01T00:00:00 filter=y_10 detector=146'}
# - {DATE: '2025-04-02T15:59:51.420508'}
# - {CALIB_CREATION_DATE: '2025-04-02'}
# - {CALIB_CREATION_TIME: '15:59:51'}
# - __serialized_columns__:
#     efficiency:
#       __class__: astropy.units.quantity.Quantity
#       unit: !astropy.units.Unit {unit: '%'}
#       value: !astropy.table.SerializedColumn {name: efficiency}
#     wavelength:
#       __class__: astropy.units.quantity.Quantity
#       unit: !astropy.units.Unit {unit: nm}
#       value: !astropy.table.SerializedColumn {name: wavelength}
# schema: astropy-2.0
wavelength efficiency
[from data line 577]
877.0 0.001890247585834004
878.0 0.0021688372726202942
879.0 0.0017358797776978463
880.0 0.07107908022589982
881.0 0.09483554167672992
882.0 0.06584929651580751
883.0 0.08970792987383902
884.0 0.07136290660127997
885.0 0.09227480040863156
886.0 0.0590318173635751
887.0 0.10406436631456017
888.0 0.06692262249998748
889.0 0.10829708771780133
890.0 0.07245664019137621
891.0 0.09049614309333265
892.0 0.08425782434642315
893.0 0.10756738483905792
894.0 0.0706372142303735
895.0 0.0986624276265502
896.0 0.0766522774938494
897.0 0.12038000859320164
898.0 0.09330878383480012
899.0 0.13146644923835993
900.0 0.11246673529967666
901.0 0.1383861992508173
902.0 0.1547815278172493
903.0 0.19359124125912786
904.0 0.20919993985444307
905.0 0.25948891416192055
906.0 0.3065983531996608
907.0 0.38951109163463116
908.0 0.5495148710906506
909.0 0.7189241237938404
910.0 1.0308947414159775
911.0 1.4630666933953762
912.0 2.1547388285398483
913.0 3.204711899161339
914.0 4.474441334605217
915.0 6.288879364728928
916.0 8.512119203805923
917.0 10.956881940364838
918.0 13.70539516210556
919.0 16.331292688846588
920.0 19.865769147872925
921.0 23.51592779159546
922.0 27.190732955932617
923.0 31.5794438123703
924.0 36.32384538650513
925.0 41.60361588001251
926.0 47.93672859668732
927.0 54.754918813705444
928.0 60.75980067253113
929.0 67.25725531578064
930.0 72.86502122879028
931.0 78.42656373977661
932.0 83.40340852737427
933.0 87.6177728176117
934.0 90.63293933868408
935.0 92.7777111530304
936.0 94.35136914253235
937.0 95.50123810768127
938.0 96.1527168750763
939.0 96.52202129364014
940.0 96.853107213974
941.0 96.9567060470581
942.0 97.18959331512451
943.0 97.28670120239258
944.0 97.51339554786682
945.0 97.41061925888062
946.0 97.44889736175537
947.0 97.45054841041565
948.0 97.5963830947876
949.0 97.46409058570862
950.0 97.66396284103394
951.0 97.70177602767944
952.0 97.78267741203308
953.0 97.98976182937622
954.0 98.11420440673828
955.0 98.18583130836487
956.0 98.32131266593933
957.0 98.53440523147583
958.0 98.66749048233032
959.0 98.71348142623901
960.0 98.80868196487427
961.0 98.89036417007446
962.0 98.91142845153809
963.0 98.95872473716736
964.0 98.98865818977356
965.0 98.95444512367249
966.0 99.0027904510498
967.0 99.11218881607056
968.0 99.07897710800171
969.0 99.08706545829773
970.0 99.14366602897644
971.0 99.18463230133057
972.0 99.2586076259613
973.0 99.32777285575867
974.0 99.32636022567749
975.0 99.2932379245758
976.0 99.35023784637451
977.0 99.33005571365356
978.0 99.40679669380188
979.0 99.33732748031616
980.0 99.28588271141052
981.0 99.20270442962646
982.0 99.15061593055725
983.0 99.18961524963379
984.0 99.0969181060791
985.0 99.13965463638306
986.0 99.0174651145935
987.0 99.03610944747925
988.0 98.94350171089172
989.0 98.98656606674194
990.0 98.93510341644287
991.0 98.96976947784424
992.0 99.03919100761414
993.0 98.99683594703674
994.0 98.9534318447113
995.0 99.03274178504944
996.0 99.00679588317871
997.0 99.14582371711731
998.0 99.17028546333313
999.0 99.19348955154419
1000.0 99.24600720405579
1001.0 99.20015931129456
1002.0 99.31800365447998
1003.0 99.34344291687012
1004.0 99.41064715385437
1005.0 99.31936860084534
1006.0 99.44695830345154
1007.0 99.43947196006775
1008.0 99.38508868217468
1009.0 99.31657314300537
1010.0 99.35128092765808
1011.0 99.37727451324463
1012.0 99.2696762084961
1013.0 99.25677180290222
1014.0 99.23818111419678
1015.0 99.20350909233093
1016.0 99.18927550315857
1017.0 99.22947883605957
1018.0 99.22196865081787
1019.0 99.19809699058533
1020.0 99.25957322120667
1021.0 99.39429759979248
1022.0 99.28855895996094
1023.0 99.3139386177063
1024.0 99.29413199424744
1025.0 99.27899837493896
1026.0 99.34428334236145
1027.0 99.42570328712463
1028.0 99.37684535980225
1029.0 99.45738911628723
1030.0 99.50869083404541
1031.0 99.45621490478516
1032.0 99.53943490982056
1033.0 99.456787109375
1034.0 99.47088956832886
1035.0 99.56686496734619
1036.0 99.47206377983093
1037.0 99.43017959594727
1038.0 99.43174123764038
1039.0 99.38325881958008
1040.0 99.33192133903503
1041.0 99.35927391052246
1042.0 99.34748411178589
1043.0 99.27636384963989
1044.0 99.37084317207336
1045.0 99.08497333526611
1046.0 99.26230311393738
1047.0 99.19298887252808
1048.0 99.22963976860046
1049.0 99.21231269836426
1050.0 99.10852313041687
1051.0 99.16301369667053
1052.0 99.11810755729675
1053.0 99.05466437339783
1054.0 99.34185147285461
1055.0 99.38108921051025
1056.0 99.27375912666321
1057.0 99.2789626121521
1058.0 99.08481240272522
1059.0 99.10718202590942
1060.0 99.11094903945923
1061.0 99.1650938987732
1062.0 99.20260310173035
1063.0 99.14054274559021
1064.0 99.29416179656982
1065.0 99.22842383384705
1066.0 99.21538233757019
1067.0 99.30338859558105
1068.0 99.20360445976257
1069.0 99.04246926307678
1070.0 99.23961162567139
1071.0 99.14504885673523
1072.0 99.19408559799194
1073.0 99.34009909629822
1074.0 99.04338717460632
1075.0 98.94424080848694
1076.0 98.76639246940613
1077.0 99.16929006576538
1078.0 99.28430914878845
1079.0 98.82290959358215
1080.0 99.57597851753235
1081.0 98.96422624588013
1082.0 98.94681572914124
1083.0 98.84556531906128
1084.0 99.11667704582214
1085.0 99.07419681549072
1086.0 98.9672064781189
1087.0 99.00175929069519
1088.0 98.7708032131195
1089.0 98.65878224372864
1090.0 98.85706901550293
1091.0 99.02005791664124
1092.0 98.92907738685608
1093.0 98.84509444236755
1094.0 98.5262393951416
1095.0 98.62616658210754
1096.0 98.59275221824646
1097.0 98.2525885105133
1098.0 97.86779284477234
1099.0 98.83295893669128
1100.0 98.44496846199036
