lsstCam/transmission_filter_detector/r13_s12/y_10/19700101T000000.ecsv
# %ECSV 1.0
# ---
# datatype:
# - {name: wavelength, unit: nm, datatype: float32}
# - {name: efficiency, unit: '%', datatype: float64}
# meta: !!omap
# - {MODE: DETECTOR}
# - {TYPE: transmission_filter_detector}
# - {CALIBDATE: '1970-01-01T00:00:00'}
# - {INSTRUME: LSSTCam}
# - {OBSTYPE: transmission_filter_detector}
# - {CALIBCLS: lsst.ip.isr.IntermediateFilterDetectorTransmissionCurve}
# - {SOURCE: Materion (DM-46256)}
# - {DETECTOR: 59}
# - {FILTER: y_10}
# - {CALIB_ID: 'calibDate=1970-01-01T00:00:00 filter=y_10 detector=59'}
# - {DATE: '2025-04-02T15:59:51.014802'}
# - {CALIB_CREATION_DATE: '2025-04-02'}
# - {CALIB_CREATION_TIME: '15:59:51'}
# - __serialized_columns__:
#     efficiency:
#       __class__: astropy.units.quantity.Quantity
#       unit: !astropy.units.Unit {unit: '%'}
#       value: !astropy.table.SerializedColumn {name: efficiency}
#     wavelength:
#       __class__: astropy.units.quantity.Quantity
#       unit: !astropy.units.Unit {unit: nm}
#       value: !astropy.table.SerializedColumn {name: wavelength}
# schema: astropy-2.0
wavelength efficiency
[from data line 577]
877.0 0.002163421595469117
878.0 0.0011050583452743012
879.0 0.002037019658018835
880.0 0.0800569774582982
881.0 0.09611253626644611
882.0 0.06420928402803838
883.0 0.09760439861565828
884.0 0.07155064377002418
885.0 0.08843266987241805
886.0 0.0757796864490956
887.0 0.08583887247368693
888.0 0.05776736652478576
889.0 0.08806923287920654
890.0 0.06356584490276873
891.0 0.09897344280034304
892.0 0.06884903414174914
893.0 0.1057316199876368
894.0 0.07018111646175385
895.0 0.11637996649369597
896.0 0.09017763659358025
897.0 0.11570252245292068
898.0 0.0960106321144849
899.0 0.13550794683396816
900.0 0.10996290948241949
901.0 0.14719126047566533
902.0 0.1545190461911261
903.0 0.16770929796621203
904.0 0.20134684164077044
905.0 0.23885900154709816
906.0 0.28567651752382517
907.0 0.364485802128911
908.0 0.4845662973821163
909.0 0.6450933404266834
910.0 0.9255286306142807
911.0 1.290799304842949
912.0 1.9151544198393822
913.0 2.850203588604927
914.0 3.996235877275467
915.0 5.671429634094238
916.0 7.750964164733887
917.0 10.048025101423264
918.0 12.703992426395416
919.0 15.259355306625366
920.0 18.692950904369354
921.0 22.232089936733246
922.0 25.75170397758484
923.0 29.939010739326477
924.0 34.4762921333313
925.0 39.55751657485962
926.0 45.68885266780853
927.0 52.339959144592285
928.0 58.30138921737671
929.0 64.7896409034729
930.0 70.54252624511719
931.0 76.21954679489136
932.0 81.44893050193787
933.0 85.95811724662781
934.0 89.3025815486908
935.0 91.65012836456299
936.0 93.5012936592102
937.0 94.83373165130615
938.0 95.6411361694336
939.0 96.10521197319031
940.0 96.47777676582336
941.0 96.6755211353302
942.0 96.93560600280762
943.0 97.02995419502258
944.0 97.32643961906433
945.0 97.30539917945862
946.0 97.33064770698547
947.0 97.32311367988586
948.0 97.46777415275574
949.0 97.34720587730408
950.0 97.50378727912903
951.0 97.55861163139343
952.0 97.61916399002075
953.0 97.7849543094635
954.0 97.88842797279358
955.0 97.94126749038696
956.0 98.13134670257568
957.0 98.36663007736206
958.0 98.53605628013611
959.0 98.60920310020447
960.0 98.72117042541504
961.0 98.73316884040833
962.0 98.82195591926575
963.0 98.82053732872009
964.0 98.8470196723938
965.0 98.87430667877197
966.0 98.96391034126282
967.0 99.04282093048096
968.0 98.99568557739258
969.0 99.00231957435608
970.0 99.06624555587769
971.0 99.10019040107727
972.0 99.16315078735352
973.0 99.26210641860962
974.0 99.251788854599
975.0 99.24732446670532
976.0 99.2641806602478
977.0 99.24198389053345
978.0 99.30212497711182
979.0 99.25072193145752
980.0 99.23303127288818
981.0 99.16558265686035
982.0 99.0770161151886
983.0 99.11215901374817
984.0 99.06026124954224
985.0 99.0479588508606
986.0 98.94346594810486
987.0 99.00692701339722
988.0 98.91710877418518
989.0 98.88988733291626
990.0 98.8604485988617
991.0 98.86738657951355
992.0 98.97840023040771
993.0 98.89849424362183
994.0 98.89950752258301
995.0 98.92157912254333
996.0 98.8971471786499
997.0 99.0386962890625
998.0 99.06193017959595
999.0 99.13115501403809
1000.0 99.16159510612488
1001.0 99.11791682243347
1002.0 99.21007752418518
1003.0 99.26477670669556
1004.0 99.29704666137695
1005.0 99.22232031822205
1006.0 99.36468601226807
1007.0 99.33001399040222
1008.0 99.323570728302
1009.0 99.25060868263245
1010.0 99.31688904762268
1011.0 99.30180311203003
1012.0 99.18738603591919
1013.0 99.20287132263184
1014.0 99.16220307350159
1015.0 99.14208054542542
1016.0 99.11843538284302
1017.0 99.12562966346741
1018.0 99.21469688415527
1019.0 99.14230108261108
1020.0 99.16607141494751
1021.0 99.3187665939331
1022.0 99.16780591011047
1023.0 99.20670986175537
1024.0 99.20558333396912
1025.0 99.20929074287415
1026.0 99.27330613136292
1027.0 99.39738512039185
1028.0 99.26257729530334
1029.0 99.40694570541382
1030.0 99.40882325172424
1031.0 99.34598207473755
1032.0 99.38759207725525
1033.0 99.32735562324524
1034.0 99.39729571342468
1035.0 99.4301438331604
1036.0 99.35882687568665
1037.0 99.35922026634216
1038.0 99.33749437332153
1039.0 99.30915832519531
1040.0 99.20610189437866
1041.0 99.29443001747131
1042.0 99.25810694694519
1043.0 99.21014308929443
1044.0 99.29662942886353
1045.0 98.96515607833862
1046.0 99.18674230575562
1047.0 99.10218119621277
1048.0 99.15175437927246
1049.0 99.05909299850464
1050.0 99.01379942893982
1051.0 99.10348653793335
1052.0 99.01294708251953
1053.0 98.9411473274231
1054.0 99.14613366127014
1055.0 99.27219152450562
1056.0 99.11541938781738
1057.0 99.22065138816833
1058.0 98.97521734237671
1059.0 99.10861849784851
1060.0 99.24933910369873
1061.0 99.12269711494446
1062.0 99.03419613838196
1063.0 99.02164936065674
1064.0 99.23739433288574
1065.0 99.1450846195221
1066.0 99.13607835769653
1067.0 99.21084642410278
1068.0 99.1340160369873
1069.0 98.96013140678406
1070.0 99.30439591407776
1071.0 99.11243319511414
1072.0 99.23152327537537
1073.0 99.17628169059753
1074.0 98.9651083946228
1075.0 98.89156222343445
1076.0 98.75264167785645
1077.0 99.16088581085205
1078.0 99.34046268463135
1079.0 98.82136583328247
1080.0 99.46545362472534
1081.0 98.84074926376343
1082.0 98.80862832069397
1083.0 98.79345297813416
1084.0 99.12891983985901
1085.0 99.11149740219116
1086.0 98.84016513824463
1087.0 98.89370203018188
1088.0 98.82567524909973
1089.0 98.76394867897034
1090.0 98.73366355895996
1091.0 98.9827811717987
1092.0 99.00990724563599
1093.0 98.82938861846924
1094.0 98.71922731399536
1095.0 98.56318235397339
1096.0 98.64643812179565
1097.0 98.37852120399475
1098.0 97.98110723495483
1099.0 98.48273992538452
1100.0 98.15141558647156
