lsstCam/transmission_filter_detector/r13_s12/y_10/19700101T000000.ecsv
# %ECSV 1.0
# ---
# datatype:
# - {name: wavelength, unit: nm, datatype: float32}
# - {name: efficiency, unit: '%', datatype: float64}
# meta: !!omap
# - {MODE: DETECTOR}
# - {TYPE: transmission_filter_detector}
# - {CALIBDATE: '1970-01-01T00:00:00'}
# - {INSTRUME: LSSTCam}
# - {OBSTYPE: transmission_filter_detector}
# - {CALIBCLS: lsst.ip.isr.IntermediateFilterDetectorTransmissionCurve}
# - {SOURCE: Materion (DM-46256)}
# - {DETECTOR: 59}
# - {FILTER: y_10}
# - {CALIB_ID: 'calibDate=1970-01-01T00:00:00 filter=y_10 detector=59'}
# - {DATE: '2025-04-02T15:59:51.014802'}
# - {CALIB_CREATION_DATE: '2025-04-02'}
# - {CALIB_CREATION_TIME: '15:59:51'}
# - __serialized_columns__:
#     efficiency:
#       __class__: astropy.units.quantity.Quantity
#       unit: !astropy.units.Unit {unit: '%'}
#       value: !astropy.table.SerializedColumn {name: efficiency}
#     wavelength:
#       __class__: astropy.units.quantity.Quantity
#       unit: !astropy.units.Unit {unit: nm}
#       value: !astropy.table.SerializedColumn {name: wavelength}
# schema: astropy-2.0
wavelength efficiency
300.0 0.5374189466238022
301.0 0.290161301381886
302.0 0.042903656139969826
303.0 0.03825772146228701
304.0 0.03361178969498724
305.0 0.020788096298929304
306.0 0.007964398537296802
307.0 0.016884384967852384
308.0 0.025804369943216443
309.0 0.01886604877654463
310.0 0.011927726882277057
311.0 0.009931960812537
312.0 0.007936191832413897
313.0 0.006808448233641684
314.0 0.005680704634869471
315.0 0.004678234472521581
316.0 0.0036757675843546167
317.0 0.005009613596484996
318.0 0.006343455606838688
319.0 0.0034030967071885243
320.0 0.000462736079498427
321.0 0.002564871101640165
322.0 0.004667006214731373
323.0 0.0032814088626764715
324.0 0.0018958116925205104
325.0 0.0008589008757553529
326.0 1.6099429732061021e-10
327.0 0.0007959652975841891
328.0 0.0017699408999760635
329.0 0.0032087089493870735
330.0 0.004647476816899143
331.0 0.00403663725592196
332.0 0.003425796967349015
333.0 0.0024413619030383416
334.0 0.0014569262930308469
335.0 0.001600508221599739
336.0 0.0017440906958654523
337.0 0.0023609445634065196
338.0 0.0029777982490486465
339.0 0.0015085443010320887
340.0 3.9290250697376905e-05
341.0 1.6099429732061021e-10
342.0 1.6099429732061021e-10
343.0 0.00029362834084167844
344.0 0.001037362017086707
345.0 0.0012741517821268644
346.0 0.0015109422747627832
347.0 0.0015368288586614653
348.0 0.0015627154425601475
349.0 0.0013288818081491627
350.0 0.0010950479918392375
351.0 0.0015191159036476165
352.0 0.0019431832697591744
353.0 0.0016519232303835452
354.0 0.001360663281957386
355.0 0.00127193343359977
356.0 0.0011832034033432137
357.0 0.0008913835699786432
358.0 0.0005995636456646025
359.0 0.0008098358193819877
360.0 0.0010201081749983132
361.0 0.0012992996744287666
362.0 0.00157849117385922
363.0 0.0011504131180117838
364.0 0.000722334743841202
365.0 0.0010861826012842357
366.0 0.0014500311408482958
367.0 0.0020117466192459688
368.0 0.0025734620066941716
369.0 0.002165703699574806
370.0 0.0017579455743543804
371.0 0.0016892632629605941
372.0 0.0016205807696678676
373.0 0.002024555033131037
374.0 0.0024285292965942062
375.0 0.0033152646210510284
376.0 0.004202000127406791
377.0 0.004149467349634506
378.0 0.004096934571862221
379.0 0.003617251422838308
380.0 0.0031375679100165144
381.0 0.002132326699211262
382.0 0.0011270852155575994
383.0 0.0011150006685056724
384.0 0.0011029157576558646
385.0 0.0008567977602069732
386.0 0.0006106797172833467
387.0 0.0006953578576940345
388.0 0.0007800361345289275
389.0 0.0005765426976722665
390.0 0.0003730493517650757
391.0 0.00048765696192276664
392.0 0.0006022646175551927
393.0 0.0006355522600642871
394.0 0.0006688400844723219
395.0 0.000561907336305012
396.0 0.0004549745881377021
397.0 0.0007297462616406847
398.0 0.001004517798719462
399.0 0.001260752833331935
400.0 0.0015169878679444082
401.0 0.0016803609469207004
402.0 0.0018437342077959329
403.0 0.001904666169139091
404.0 0.0019655979485833086
405.0 0.0018784941858029924
406.0 0.0017913906049216166
407.0 0.0015229971722874325
408.0 0.0012546040125016589
409.0 0.0009579611287335865
410.0 0.0006613181994907791
411.0 0.000547493345948169
412.0 0.0004336685833550291
413.0 0.0007436779469571775
414.0 0.0010536870831856504
415.0 0.0017495027350378223
416.0 0.002445318750687875
417.0 0.001126022561948048
418.0 1.6099429732061021e-10
419.0 1.6099429732061021e-10
420.0 1.6099429732061021e-10
421.0 9.228103863279102e-05
422.0 0.0009997831512009725
423.0 0.000972883754002396
424.0 0.000945984083955409
425.0 0.0003314277819299605
426.0 1.6099429732061021e-10
427.0 0.0002194275339206797
428.0 0.0007219837243610527
429.0 3.0126122396723076e-05
430.0 1.6099429732061021e-10
431.0 0.000345880016539013
432.0 0.0013534915524360258
433.0 0.0009353945642942563
434.0 0.0005172979854251025
435.0 2.9429395453917095e-05
436.0 1.6099429732061021e-10
437.0 1.6099429732061021e-10
438.0 1.6099429732061021e-10
439.0 1.6099429732061021e-10
440.0 1.6099429732061021e-10
441.0 1.6099429732061021e-10
442.0 1.6099429732061021e-10
443.0 1.6099429732061021e-10
444.0 0.00038101636619103374
445.0 0.00017031525203492492
446.0 1.6099429732061021e-10
447.0 0.0006463469162554247
448.0 0.0013330795809451956
449.0 0.0010863202987820841
450.0 0.0008395609256695025
451.0 0.00040083364183374215
452.0 1.6099429732061021e-10
453.0 1.6099429732061021e-10
454.0 1.6099429732061021e-10
455.0 1.6099429732061021e-10
456.0 1.6099429732061021e-10
457.0 2.1440168040953722e-05
458.0 0.00016492800796186202
459.0 0.0002880759666368249
460.0 0.00041122389120573644
461.0 0.0003504279675325961
462.0 0.0002896320211220882
463.0 0.00042159881559200585
464.0 0.000553565632799291
465.0 0.00064778341766214
466.0 0.0007420013389491942
467.0 0.00117183872134774
468.0 0.0016016758308978751
469.0 0.001618233000044711
470.0 0.001634789805393666
471.0 0.00164053217304172
472.0 0.0016462743587908335
473.0 0.0021346731955418363
474.0 0.0026230722141917795
475.0 0.002671912625373807
476.0 0.0027207528546568938
477.0 0.003163295696140267
478.0 0.0036058387195225805
479.0 0.004343788168625906
480.0 0.005081737617729232
481.0 0.004966802225681022
482.0 0.004851866833632812
483.0 0.004132107642362826
484.0 0.0034123480872949585
485.0 0.003710163218784146
486.0 0.004007977986475453
487.0 0.0034556658647488803
488.0 0.002903353379224427
489.0 0.002597152160888072
490.0 0.0022909514882485382
491.0 0.0018224403902422637
492.0 0.0013539291103370488
493.0 0.0010924408343271352
494.0 0.0008309528311656322
495.0 0.0011647209248621948
496.0 0.0014984891095082276
497.0 0.00186895649676444
498.0 0.0022394242478185333
499.0 0.002357270204811357
500.0 0.0024751161618041806
501.0 0.002510472586436663
502.0 0.0025458293748670258
503.0 0.0027610803954303265
504.0 0.0029763310521957465
505.0 0.003341173942317255
506.0 0.0037060170143377036
507.0 0.0027056958060711622
508.0 0.0017053738702088594
509.0 0.0018989021555171348
510.0 0.00209243044082541
511.0 0.0021195184672251344
512.0 0.0021466064936248586
513.0 0.001989659358514473
514.0 0.0018327125872019678
515.0 0.0016424544810433872
516.0 0.0014521964658342768
517.0 0.0014777762771700509
518.0 0.0015033556337584741
519.0 0.0015121635442483239
520.0 0.0015209713637887035
521.0 0.0017198019122588448
522.0 0.0019186320059816353
523.0 0.0017337417375529185
524.0 0.0015488512872252613
525.0 0.0021571682736976072
526.0 0.002765485805866774
527.0 0.0024712106096558273
528.0 0.0021769355953438208
529.0 0.0024616856535430998
530.0 0.0027464351660455577
531.0 0.0025420766178285703
532.0 0.0023377178877126426
533.0 0.0024805800421745516
534.0 0.0026234416509396397
535.0 0.002349254828004632
536.0 0.0020750674593728036
537.0 0.002458374910929706
538.0 0.0028416823624866083
539.0 0.003373095751157962
540.0 0.003904508412233554
541.0 0.003985093280789442
542.0 0.00406567778554745
543.0 0.004296819315641187
544.0 0.004527960845734924
545.0 0.004914528108201921
546.0 0.005301095006871037
547.0 0.004510899452725425
548.0 0.0037207038985798135
549.0 0.0030786926799919456
550.0 0.002436681097606197
551.0 0.0024733704776735976
552.0 0.0025100598577409983
553.0 0.003030470179510303
554.0 0.003550879773683846
555.0 0.0038150643376866356
556.0 0.004079248901689425
557.0 0.0038347759982571006
558.0 0.003590303094824776
559.0 0.003459278741502203
560.0 0.00332825438817963
561.0 0.0034247110306750983
562.0 0.003521167309372686
563.0 0.0033421365515096113
564.0 0.0031631057936465368
565.0 0.003724379712366499
566.0 0.004285653631086461
567.0 0.0044018306653015316
568.0 0.004518007335718721
569.0 0.004936979530612007
570.0 0.005355951725505292
571.0 0.005562465230468661
572.0 0.005768978735432029
573.0 0.006117992597864941
574.0 0.006467007187893614
575.0 0.006388741894625127
576.0 0.006310477328952402
577.0 0.005825458356412128
578.0 0.005340439747669734
579.0 0.005971428981865756
580.0 0.006602418579859659
581.0 0.00711459360900335
582.0 0.007626767182955518
583.0 0.008546583558199927
584.0 0.009466396295465529
585.0 0.009756618965184316
586.0 0.010046841634903103
587.0 0.010002095950767398
588.0 0.009957346628652886
589.0 0.01050268328981474
590.0 0.011048021406168118
591.0 0.01024947123369202
592.0 0.009450922516407445
593.0 0.007755412661936134
594.0 0.006059905354049988
595.0 0.005829909787280485
596.0 0.005599914584308863
597.0 0.006074318298487924
598.0 0.006548722012666985
599.0 0.007354877743637189
600.0 0.00816103201941587
601.0 0.008742533827899024
602.0 0.009324033453594893
603.0 0.010434468276798725
604.0 0.01154490455519408
605.0 0.011641073797363788
606.0 0.011737244494725019
607.0 0.010115417535416782
608.0 0.00849359348649159
609.0 0.006719609518768266
610.0 0.0049456273700343445
611.0 0.004151049142819829
612.0 0.003356470915605314
613.0 0.003714954436873086
614.0 0.004073436866747215
615.0 0.004884218651568517
616.0 0.00569500116398558
617.0 0.0069629997597076
618.0 0.00823099835542962
619.0 0.009156660235021263
620.0 0.010082322842208669
621.0 0.011206911585759372
622.0 0.012331501056905836
623.0 0.01229264453286305
624.0 0.012253786553628743
625.0 0.010728786583058536
626.0 0.009203784429701045
627.0 0.007344123878283426
628.0 0.005484460780280642
629.0 0.004569533120957203
630.0 0.003654605825431645
631.0 0.0030745701224077493
632.0 0.002494534601282794
633.0 0.0025661411200417206
634.0 0.002637748002598528
635.0 0.0028540911443997175
636.0 0.003070433740504086
637.0 0.0037807207263540477
638.0 0.004491007712204009
639.0 0.004625968722393736
640.0 0.0047609293687855825
641.0 0.005236165816313587
642.0 0.005711401900043711
643.0 0.005715330553357489
644.0 0.0057192595704691485
645.0 0.005376646731747314
646.0 0.00503403389302548
647.0 0.004013592842966318
648.0 0.0029931521567050368
649.0 0.002284037873323541
650.0 0.0015749234080431052
651.0 0.0015947322026477195
652.0 0.0016145413610502146
653.0 0.0015281480955309235
654.0 0.0014417549209611025
655.0 0.0014369288692250848
656.0 0.0014321030903374776
657.0 0.0013731919352721889
658.0 0.0013142808711563703
659.0 0.0017625732652959414
660.0 0.0022108657503849827
661.0 0.001885790697997436
662.0 0.0015607154637109488
663.0 0.0023219576178235
664.0 0.0030831997719360515
665.0 0.003594097142922692
666.0 0.004104994150111452
667.0 0.004822193295694888
668.0 0.005539391349884681
669.0 0.005608056017081253
670.0 0.005676717410096899
671.0 0.006312850018730387
672.0 0.0069489826273638755
673.0 0.007755063415970653
674.0 0.008561144932173193
675.0 0.00812382495496422
676.0 0.007686507888138294
677.0 0.006093995398259722
678.0 0.004501483635976911
679.0 0.0030113107641227543
680.0 0.0015211390746117104
681.0 0.0005659641828970052
682.0 1.6099429732061021e-10
683.0 8.198098271350318e-05
684.0 0.0005531726856133901
685.0 0.00031125416626309743
686.0 6.933555027899274e-05
687.0 0.0001379149352942477
688.0 0.0002064943373625283
689.0 0.00028623855996556813
690.0 0.0003659828053059755
691.0 0.00039912620195536874
692.0 0.0004322696440794971
693.0 0.0003865849066642113
694.0 0.000340900146511558
695.0 0.0004412142061482882
696.0 0.0005415282430476509
697.0 0.0005726692961616209
698.0 0.0006038101673766505
699.0 0.0005741293989558471
700.0 0.0005444483576866332
701.0 0.0004476679350773338
702.0 0.00035088753520540195
703.0 0.00036638255096477224
704.0 0.00038187758946151007
705.0 0.00039330361687461846
706.0 0.0004047294623887865
707.0 2.1182331977342983e-05
708.0 1.6099429732061021e-10
709.0 1.6099429732061021e-10
710.0 0.00034144845812988933
711.0 0.000507508320879424
712.0 0.0006735681381542236
713.0 0.0003389306812096038
714.0 4.293185895676288e-06
715.0 0.00017871259387902683
716.0 0.0003531319862304372
717.0 0.0003347612164361635
718.0 0.00031639053759136004
719.0 0.0004030924628750654
720.0 0.0004897943654214032
721.0 0.00037338575111789396
722.0 0.00025697725050122244
723.0 0.0002857769004549482
724.0 0.0003145765276713064
725.0 0.00048529091145610437
726.0 0.0006560055680893129
727.0 0.00032520642889721785
728.0 1.6099429732061021e-10
729.0 0.00019714170775841922
730.0 0.00039987603486224543
731.0 0.0005188336672290461
732.0 0.0006377915269695222
733.0 0.00022595231712330133
734.0 1.6099429732061021e-10
735.0 1.6099429732061021e-10
736.0 1.6099429732061021e-10
737.0 0.00024302705696754856
738.0 0.0008278743734990712
739.0 0.0005507987680175574
740.0 0.0002737227077886928
741.0 0.0001336688683295506
742.0 1.6099429732061021e-10
743.0 1.6099429732061021e-10
744.0 1.6099429732061021e-10
745.0 0.0001984614755201619
746.0 0.0005663488991558552
747.0 0.0001870865844466607
748.0 1.6099429732061021e-10
749.0 1.6099429732061021e-10
750.0 1.6099429732061021e-10
751.0 1.6099429732061021e-10
752.0 1.6099429732061021e-10
753.0 0.00015563127817586064
754.0 0.00035569507872423856
755.0 1.6099429732061021e-10
756.0 1.6099429732061021e-10
757.0 1.6099429732061021e-10
758.0 1.6099429732061021e-10
759.0 0.00018360672129347222
760.0 0.0006018198291712906
761.0 0.00029050022476440063
762.0 1.6099429732061021e-10
763.0 8.875752399717385e-06
764.0 3.857084038827452e-05
765.0 0.0002463916644046549
766.0 0.0004542123861028813
767.0 5.2770366210097563e-05
768.0 1.6099429732061021e-10
769.0 1.6099429732061021e-10
770.0 1.6099429732061021e-10
771.0 1.6099429732061021e-10
772.0 1.6099429732061021e-10
773.0 0.0002847396444849437
774.0 0.0008269964382634498
775.0 0.000400094359065406
776.0 1.6099429732061021e-10
777.0 9.867819699138636e-05
778.0 0.00022416420506488066
779.0 0.0004325199824961601
780.0 0.0006408756689779693
781.0 0.0006010061952110846
782.0 0.0005611366304947296
783.0 0.0004417108357301913
784.0 0.00032228506370302057
785.0 0.00022283215912466403
786.0 0.00012337895896052942
787.0 0.0005936046363785863
788.0 0.0010638303137966432
789.0 0.0008431727110291831
790.0 0.0006225153356353985
791.0 0.0005203174168855185
792.0 0.000418119270761963
793.0 0.000579926609134418
794.0 0.0007417335837089922
795.0 0.0008781986252870411
796.0 0.0010146633940166794
797.0 0.0005407350272434996
798.0 6.680672299808066e-05
799.0 0.0005469872576213675
800.0 0.001027167854772415
801.0 0.0005283787231746828
802.0 2.9589611472147226e-05
803.0 0.00033812602850957774
804.0 0.0006466624199674698
805.0 0.0007918803930806462
806.0 0.0009370983207190875
807.0 0.0005934294676990248
808.0 0.00024976070562843233
809.0 8.458487741336285e-05
810.0 1.6099429732061021e-10
811.0 0.0002252176955153118
812.0 0.000531026353201014
813.0 0.0007408155852317577
814.0 0.0009506047717877664
815.0 0.0009645680620451458
816.0 0.0009785306247067638
817.0 0.0009507550203124993
818.0 0.0009229794159182347
819.0 0.0008933412573242094
820.0 0.0008637030987301841
821.0 0.0009201525244861841
822.0 0.000976601950242184
823.0 0.0008694758435012773
824.0 0.000762350009608781
825.0 0.0007957717571116518
826.0 0.0008291935046145227
827.0 0.0009055005648406222
828.0 0.000981807716016192
829.0 0.000485798591398634
830.0 1.6099429732061021e-10
831.0 4.0024630720836285e-05
832.0 9.026008456203272e-05
833.0 0.00042351821321062744
834.0 0.0007567763077531708
835.0 0.00011888658946190844
836.0 1.6099429732061021e-10
837.0 1.6099429732061021e-10
838.0 7.89301921599872e-06
839.0 0.0003573944240997662
840.0 0.0007068958439049311
841.0 0.0010253264008497354
842.0 0.0013437570487440098
843.0 0.0008810175131657161
844.0 0.0004182777502137469
845.0 0.0004612348220689455
846.0 0.0005041918029746739
847.0 0.0008301050002046395
848.0 0.00115601815195987
849.0 0.0009211970791511703
850.0 0.000686375688019325
851.0 0.0010913689948210958
852.0 0.0014963622561481316
853.0 0.0006380228114721831
854.0 1.6099429732061021e-10
855.0 1.6099429732061021e-10
856.0 1.6099429732061021e-10
857.0 0.0003612643695305451
858.0 0.0014123298569757026
859.0 0.0012720031008939259
860.0 0.0011316759810142685
861.0 0.0013460591617331374
862.0 0.001560442615300417
863.0 0.0017700251191854477
864.0 0.001979607441171538
865.0 0.0020068760932190344
866.0 0.0020341451090644114
867.0 0.0027431929993326776
868.0 0.0034522407077020034
869.0 0.0029937476938357577
870.0 0.0025352543161716312
871.0 0.0031359591957880184
872.0 0.0037366644392022863
873.0 0.002732209577516187
874.0 0.0017277550796279684
875.0 0.0024747703719185665
