lsstCam/transmission_filter_detector/r41_s10/u_24/19700101T000000.ecsv
# %ECSV 1.0
# ---
# datatype:
# - {name: wavelength, unit: nm, datatype: float32}
# - {name: efficiency, unit: '%', datatype: float64}
# meta: !!omap
# - {MODE: DETECTOR}
# - {TYPE: transmission_filter_detector}
# - {CALIBDATE: '1970-01-01T00:00:00'}
# - {INSTRUME: LSSTCam}
# - {OBSTYPE: transmission_filter_detector}
# - {CALIBCLS: lsst.ip.isr.IntermediateFilterDetectorTransmissionCurve}
# - {SOURCE: Materion (DM-46256)}
# - {DETECTOR: 165}
# - {FILTER: u_24}
# - {CALIB_ID: 'calibDate=1970-01-01T00:00:00 filter=u_24 detector=165'}
# - {DATE: '2025-04-02T15:59:40.515176'}
# - {CALIB_CREATION_DATE: '2025-04-02'}
# - {CALIB_CREATION_TIME: '15:59:40'}
# - __serialized_columns__:
#     efficiency:
#       __class__: astropy.units.quantity.Quantity
#       unit: !astropy.units.Unit {unit: '%'}
#       value: !astropy.table.SerializedColumn {name: efficiency}
#     wavelength:
#       __class__: astropy.units.quantity.Quantity
#       unit: !astropy.units.Unit {unit: nm}
#       value: !astropy.table.SerializedColumn {name: wavelength}
# schema: astropy-2.0
wavelength efficiency
295.0 1.7070089916235154e-10
296.0 1.7070089916235154e-10
297.0 1.7070089916235154e-10
298.0 1.7070089916235154e-10
299.0 1.7070089916235154e-10
300.0 1.7070089916235154e-10
301.0 1.7070089916235154e-10
302.0 1.7070089916235154e-10
303.0 1.7070089916235154e-10
304.0 0.4330677445977926
305.0 1.5438262373209
306.0 2.9758164659142494
307.0 4.986366629600525
308.0 8.016043901443481
309.0 11.613906174898148
310.0 15.39682000875473
311.0 19.334976375102997
312.0 22.98813760280609
313.0 25.81138014793396
314.0 28.409242630004883
315.0 31.007134914398193
316.0 33.44711661338806
317.0 36.73974275588989
318.0 40.55736064910889
319.0 45.503559708595276
320.0 51.78811550140381
321.0 57.375568151474
322.0 63.0022406578064
323.0 67.72268414497375
324.0 71.27788066864014
325.0 73.62514138221741
326.0 75.72382688522339
327.0 77.38893032073975
328.0 79.04704809188843
329.0 80.32300472259521
330.0 81.3306212425232
331.0 81.58839344978333
332.0 81.84859156608582
333.0 81.96343183517456
334.0 82.01135993003845
335.0 82.51173496246338
336.0 83.06023478507996
337.0 83.69643688201904
338.0 84.60438847541809
339.0 85.1340115070343
340.0 85.306316614151
341.0 85.7251763343811
342.0 86.08859777450562
343.0 85.89186668395996
344.0 86.18388175964355
345.0 86.6750717163086
346.0 86.98091506958008
347.0 87.45409846305847
348.0 87.63121366500854
349.0 87.80646920204163
350.0 87.79282569885254
351.0 88.00824880599976
352.0 87.95952200889587
353.0 87.88201212882996
354.0 87.85738945007324
355.0 87.97313570976257
356.0 88.04448246955872
357.0 87.81011700630188
358.0 87.37473487854004
359.0 87.05354332923889
360.0 86.8798553943634
361.0 86.673504114151
362.0 86.67340278625488
363.0 86.89757585525513
364.0 87.10610866546631
365.0 87.55342960357666
366.0 87.87998557090759
367.0 87.90174126625061
368.0 87.95990347862244
369.0 88.04484009742737
370.0 87.98752427101135
371.0 87.94575333595276
372.0 88.14446926116943
373.0 88.4373664855957
374.0 88.48050832748413
375.0 88.87041807174683
376.0 89.08168077468872
377.0 89.19275999069214
378.0 89.09559845924377
379.0 88.56101036071777
380.0 87.41286396980286
381.0 85.81342697143555
382.0 83.73468518257141
383.0 81.69393539428711
384.0 79.5431137084961
385.0 76.91280841827393
386.0 74.02631640434265
387.0 70.09013891220093
388.0 66.05355143547058
389.0 61.36462688446045
390.0 57.036370038986206
391.0 52.76793837547302
392.0 48.56735169887543
393.0 45.02841830253601
394.0 41.35650992393494
395.0 36.91299259662628
396.0 31.96798264980316
397.0 25.247231125831604
398.0 18.414217233657837
399.0 11.711976677179337
400.0 6.381197273731232
401.0 2.818392775952816
402.0 0.9646446444094181
403.0 0.3575483337044716
404.0 0.1458511338569224
405.0 0.045945451711304486
406.0 0.017236369603779167
407.0 0.014709516835864633
408.0 1.7070089916235154e-10
409.0 0.007568253931822255
410.0 1.7070089916235154e-10
411.0 1.7070089916235154e-10
412.0 1.7070089916235154e-10
413.0 1.7070089916235154e-10
414.0 1.7070089916235154e-10
415.0 1.7070089916235154e-10
416.0 1.7070089916235154e-10
417.0 1.7070089916235154e-10
418.0 1.7070089916235154e-10
419.0 1.7070089916235154e-10
420.0 1.7070089916235154e-10
421.0 1.7070089916235154e-10
422.0 1.7070089916235154e-10
423.0 1.7070089916235154e-10
424.0 1.7070089916235154e-10
425.0 1.7070089916235154e-10
426.0 0.0009685824807093013
427.0 0.00023468542167393025
428.0 1.7070089916235154e-10
429.0 1.7070089916235154e-10
430.0 1.7070089916235154e-10
431.0 1.7070089916235154e-10
432.0 1.7070089916235154e-10
433.0 1.7070089916235154e-10
434.0 1.7070089916235154e-10
435.0 1.7070089916235154e-10
436.0 0.0003885122623614734
437.0 1.7070089916235154e-10
438.0 1.7070089916235154e-10
439.0 1.7070089916235154e-10
440.0 0.0006846364613011247
441.0 1.7070089916235154e-10
442.0 1.7070089916235154e-10
443.0 1.7070089916235154e-10
444.0 1.7070089916235154e-10
445.0 1.7070089916235154e-10
446.0 0.00017879686993182986
447.0 1.7070089916235154e-10
448.0 1.7070089916235154e-10
449.0 0.000185202520697203
450.0 0.001259172768186545
451.0 0.0007701630238443613
452.0 0.000281153211290075
453.0 1.7070089916235154e-10
454.0 1.7070089916235154e-10
455.0 1.7070089916235154e-10
456.0 1.7070089916235154e-10
457.0 1.7070089916235154e-10
458.0 0.0005364162461773958
459.0 0.00014921212141416618
460.0 1.7070089916235154e-10
461.0 1.7070089916235154e-10
462.0 1.7070089916235154e-10
463.0 1.7070089916235154e-10
464.0 1.7070089916235154e-10
465.0 1.7070089916235154e-10
466.0 0.00032637713047733996
467.0 0.0006313586709438823
468.0 0.0009363401659356896
469.0 5.384085710602449e-06
470.0 1.7070089916235154e-10
471.0 1.7070089916235154e-10
472.0 1.7070089916235154e-10
473.0 1.7070089916235154e-10
474.0 1.7070089916235154e-10
475.0 1.7070089916235154e-10
476.0 1.7070089916235154e-10
477.0 1.7070089916235154e-10
478.0 1.7070089916235154e-10
479.0 1.7070089916235154e-10
480.0 1.7070089916235154e-10
481.0 5.013748705096077e-05
482.0 0.0004085264208697481
483.0 1.7070089916235154e-10
484.0 1.7070089916235154e-10
485.0 1.7070089916235154e-10
486.0 1.7070089916235154e-10
487.0 1.7070089916235154e-10
488.0 1.7070089916235154e-10
489.0 1.7070089916235154e-10
490.0 1.7070089916235154e-10
491.0 1.7070089916235154e-10
492.0 1.7070089916235154e-10
493.0 1.7070089916235154e-10
494.0 5.749577667302219e-05
495.0 6.745126484020147e-05
496.0 7.740654268673097e-05
497.0 1.5142354925501422e-05
498.0 1.7070089916235154e-10
499.0 1.7070089916235154e-10
500.0 1.7070089916235154e-10
501.0 1.7070089916235154e-10
502.0 0.0001244547206624702
503.0 0.0003014393087141798
504.0 0.0004784240445587784
505.0 5.528942210730747e-05
506.0 1.7070089916235154e-10
507.0 1.7070089916235154e-10
508.0 1.7070089916235154e-10
509.0 1.7070089916235154e-10
510.0 1.7070089916235154e-10
511.0 1.7070089916235154e-10
512.0 1.7070089916235154e-10
513.0 1.7070089916235154e-10
514.0 1.7070089916235154e-10
515.0 1.7070089916235154e-10
516.0 0.0001390280544910638
517.0 1.7070089916235154e-10
518.0 1.7070089916235154e-10
519.0 1.7070089916235154e-10
520.0 1.7070089916235154e-10
521.0 1.7070089916235154e-10
522.0 1.7070089916235154e-10
523.0 1.7070089916235154e-10
524.0 1.7070089916235154e-10
525.0 1.7070089916235154e-10
526.0 1.7070089916235154e-10
527.0 1.7070089916235154e-10
528.0 1.7070089916235154e-10
529.0 1.7070089916235154e-10
530.0 1.7070089916235154e-10
531.0 1.7070089916235154e-10
532.0 1.7070089916235154e-10
533.0 1.7070089916235154e-10
534.0 1.7070089916235154e-10
535.0 1.7070089916235154e-10
536.0 1.7070089916235154e-10
537.0 1.7070089916235154e-10
538.0 1.7070089916235154e-10
539.0 0.00010287665190844564
540.0 0.00023835516458348138
541.0 0.00017621109691390302
542.0 0.00011406706335037597
543.0 1.7070089916235154e-10
544.0 1.7070089916235154e-10
545.0 1.7070089916235154e-10
546.0 1.7070089916235154e-10
547.0 1.7070089916235154e-10
548.0 1.7070089916235154e-10
549.0 1.7070089916235154e-10
550.0 0.00017963253640118637
551.0 1.7070089916235154e-10
552.0 1.7070089916235154e-10
553.0 1.7070089916235154e-10
554.0 0.00011684646779031027
555.0 1.7070089916235154e-10
556.0 1.7070089916235154e-10
557.0 1.7070089916235154e-10
558.0 0.0002815159632518771
559.0 0.00018318709180675796
560.0 8.485824309900636e-05
561.0 4.597272322826029e-05
562.0 7.087250253334787e-06
563.0 1.7070089916235154e-10
564.0 1.7070089916235154e-10
565.0 2.1551319662194146e-05
566.0 0.00023565312403661665
567.0 0.00046470086090266705
568.0 0.0006937486432434525
569.0 0.0006139793185866438
570.0 0.0005342099029803649
571.0 0.0006056307483959245
572.0 0.0006770518211851595
573.0 0.00036378887671162374
574.0 5.0525937922429875e-05
575.0 9.29152633943886e-05
576.0 0.00013530452633858658
577.0 0.00016341078890036442
578.0 0.00019151721062371507
579.0 0.00047836210796958767
580.0 0.0007652070053154603
581.0 0.0007620239557581954
582.0 0.0007588408152514603
583.0 0.0007465609087375924
584.0 0.0007342808657995192
585.0 0.0006918988674442517
586.0 0.0006495169145637192
587.0 0.0005402703209256288
588.0 0.00043102377276227344
589.0 0.0005587932264461415
590.0 0.0006865627256047446
591.0 0.0006271516667766264
592.0 0.0005677405169990379
593.0 0.0006293301794357831
594.0 0.0006909197054483229
595.0 0.0010184431630477775
596.0 0.0013459666661219671
597.0 0.0016538477211724967
598.0 0.001961728594324086
599.0 0.0022955029635340907
600.0 0.0026292773327440955
601.0 0.0025861903850454837
602.0 0.002543103437346872
603.0 0.002217788642155938
604.0 0.0018924742107628845
605.0 0.001510054698883323
606.0 0.0011276351870037615
607.0 0.00096072280939552
608.0 0.0007938103408378083
609.0 0.0007401809853035957
610.0 0.0006865514933451777
611.0 0.0006247140390769346
612.0 0.0005628765848086914
613.0 0.00038974089875409845
614.0 0.0002166052126995055
615.0 0.000265169978774793
616.0 0.0003137347221127129
617.0 0.00027867843073181575
618.0 0.00024362211661355104
619.0 0.0004966777396475663
620.0 0.0007497333172068466
621.0 0.0007405792075587669
622.0 0.0007314249614864821
623.0 0.000778047524363501
624.0 0.0008246698598668445
625.0 0.0010123995707544964
626.0 0.0012001292816421483
627.0 0.001244718259840738
628.0 0.0012893072380393278
629.0 0.0016682030036463402
630.0 0.0020470986783038825
631.0 0.0021787549485452473
632.0 0.002310411218786612
633.0 0.002709621185204014
634.0 0.003108831151621416
635.0 0.0028410689992597327
636.0 0.002573306301201228
637.0 0.002237008993688505
638.0 0.0019007113223779015
639.0 0.001566722676216159
640.0 0.0012327341210038867
641.0 0.0010869714969885536
642.0 0.0009412087820237502
643.0 0.00040801278373692185
644.0 1.7070089916235154e-10
645.0 0.00012883920135209337
646.0 0.0003828616172540933
647.0 0.00029778602765873075
648.0 0.00021271036985126557
649.0 0.0002884116156565142
650.0 0.0003641128159870277
651.0 0.0008896301551430952
652.0 0.0014151476534607355
653.0 0.001494399293733295
654.0 0.0015736508430563845
655.0 0.00202074006665498
656.0 0.0024678294721525162
657.0 0.00315292454615701
658.0 0.0038380196201615036
659.0 0.0037844849430257455
660.0 0.0037309502658899873
661.0 0.0031702737032901496
662.0 0.0026095969587913714
663.0 0.0020867410057689995
664.0 0.0015638848708476871
665.0 0.0012098154911655001
666.0 0.0008557461114833131
667.0 0.0008967993380792905
668.0 0.000937852655624738
669.0 0.0007147021733544534
670.0 0.0004915516001346987
671.0 0.0004653109499486163
672.0 0.00043907039071200415
673.0 0.0007811019713699352
674.0 0.0011231335520278662
675.0 0.0013750550351687707
676.0 0.0016269767002086155
677.0 0.002024122659349814
678.0 0.0024212686184910126
679.0 0.003134792495984584
680.0 0.0038483158277813345
681.0 0.006167660467326641
682.0 0.008487005106871948
683.0 0.01027549515129067
684.0 0.012063988106092438
685.0 0.011376593465683982
686.0 0.01068920100806281
687.0 0.008935437654145062
688.0 0.007181675755418837
689.0 0.005849516310263425
690.0 0.004517356865108013
691.0 0.004012146018794738
692.0 0.0035069351724814624
693.0 0.0028892392947454937
694.0 0.0022715435989084654
695.0 0.001641894232307095
696.0 0.0010122448657057248
697.0 0.0009020965080708265
698.0 0.0007919481504359283
699.0 0.00068567546804843
700.0 0.0005794026947114617
701.0 0.0006584565198863856
702.0 0.0007375102995865745
703.0 0.0007858478056732565
704.0 0.0008341854481841438
705.0 0.0008942838576331269
706.0 0.0009543823580315802
707.0 0.0009309445886174217
708.0 0.0009075070011022035
709.0 0.0008594666724093258
710.0 0.0008114266165648587
711.0 0.0007972602361405734
712.0 0.0007830939466657583
713.0 0.0006776654117857106
714.0 0.0005722369678551331
715.0 0.0005157744908501627
716.0 0.0004593119228957221
717.0 0.00037683930713683367
718.0 0.0002943664640042698
719.0 0.00036699793781735934
720.0 0.0004396293206809787
721.0 0.00024119290173985064
722.0 4.2756511220432e-05
723.0 0.00020567258616210893
724.0 0.00036858873500023037
725.0 0.0005245462034508819
726.0 0.0006805037173762685
727.0 0.0004366313987702597
728.0 0.00019275901195214828
729.0 0.0001778255182216526
730.0 0.00016289202449115692
731.0 0.00029336272291402565
732.0 0.00042383339859952684
733.0 0.0003975954768975498
734.0 0.0003713574187713675
735.0 0.0004091396021976834
736.0 0.00044692169467452914
737.0 0.00046212817323976196
738.0 0.0004773346518049948
739.0 0.0010201254553976469
740.0 0.001562916258990299
741.0 0.0021477733753272332
742.0 0.002732630673563108
743.0 0.0034547236282378435
744.0 0.00417681694671046
745.0 0.004557810098049231
746.0 0.0049388025217922404
747.0 0.004565561903291382
748.0 0.004192320920992643
749.0 0.003734989877557382
750.0 0.0032776588341221213
751.0 0.003077995279454626
752.0 0.0028783315428881906
753.0 0.003056136119994335
754.0 0.003233940151403658
755.0 0.0029455140975187533
756.0 0.0026570876798359677
757.0 0.002081790444208309
758.0 0.0015064932995301206
759.0 0.001246699957846431
760.0 0.0009869065252132714
761.0 0.0008241655450547114
762.0 0.000661424337522476
763.0 0.00047429562073375564
764.0 0.00028716697215713793
765.0 0.0005244261046755128
766.0 0.0007616850780323148
767.0 0.0005188747309148312
768.0 0.0002760644065347151
769.0 0.00036791855109186145
770.0 0.0004597728093358455
771.0 0.00052248560677981
772.0 0.0005851984496985096
773.0 0.0007364142220467329
774.0 0.000887629903445486
775.0 0.0008164660357579123
776.0 0.0007453022135450738
777.0 0.0007851559530536178
778.0 0.0008250100108853076
779.0 0.0008988950867205858
780.0 0.0009727802535053343
781.0 0.0011214516234758776
782.0 0.0012701229024969507
783.0 0.001217156841448741
784.0 0.0011641907804005314
785.0 0.001304489796893904
786.0 0.0014447889043367468
787.0 0.0011696159162966069
788.0 0.000894442928256467
789.0 0.0007870839908719063
790.0 0.0006797249625378754
791.0 0.0005687486464012181
792.0 0.0004577725576382363
793.0 0.0006487026439572219
794.0 0.000839632502902532
795.0 0.0005903392320760759
796.0 0.00034104587030014955
797.0 0.00015595601325912867
798.0 1.7070089916235154e-10
799.0 3.821934058123588e-05
800.0 0.00010557258747212472
801.0 0.000102318574590754
802.0 9.906464129016967e-05
803.0 5.620738647849066e-05
804.0 1.3350130245726177e-05
805.0 0.00017390785842508194
806.0 0.00033446558518335223
807.0 0.00025531505798426224
808.0 0.00017616447394175339
809.0 0.00014223318203221424
810.0 0.00010830183327925624
811.0 0.00018029137436315068
812.0 0.0002522808927096776
813.0 0.00024209914499806473
814.0 0.00023191742002381943
815.0 0.00035327279874763917
816.0 0.00047462804104725365
817.0 0.0002505074007785879
818.0 2.6386734930383682e-05
819.0 7.10221797817212e-05
820.0 0.00011565763315957156
821.0 0.0003873022706102347
822.0 0.0006589468739548465
823.0 0.0005098498149891384
824.0 0.000360752869710268
825.0 0.00024372491225221893
826.0 0.00012669707984969136
827.0 1.7070089916235154e-10
828.0 1.7070089916235154e-10
829.0 1.7070089916235154e-10
830.0 1.7070089916235154e-10
831.0 1.7070089916235154e-10
832.0 1.7070089916235154e-10
833.0 1.7070089916235154e-10
834.0 1.7070089916235154e-10
835.0 1.7070089916235154e-10
836.0 1.7070089916235154e-10
837.0 1.7070089916235154e-10
838.0 2.95397995841995e-05
839.0 1.7070089916235154e-10
840.0 1.7070089916235154e-10
841.0 1.2131567928008735e-05
842.0 0.00015134772866076673
843.0 0.0001913603455250268
844.0 0.00023137283733376535
845.0 0.0001441097992938012
846.0 5.684674420081137e-05
847.0 0.00020219590624037664
848.0 0.0003475450739642838
849.0 0.00034430331652401946
850.0 0.0003410614908716525
851.0 0.000391152934753336
852.0 0.000441244355897652
853.0 0.0007894644113548566
854.0 0.0011376844668120611
855.0 0.0009683243661129382
856.0 0.0007989645382622257
857.0 0.0008600834007665981
858.0 0.0009212019904225599
859.0 0.0011052468835259788
860.0 0.0012892916856799275
861.0 0.0016320173017447814
862.0 0.001974742735910695
863.0 0.0021010657292208634
864.0 0.0022273890863289125
865.0 0.0021871661374461837
866.0 0.0021469435523613356
867.0 0.002171734922740143
868.0 0.0021965259293210693
869.0 0.0024116226995829493
870.0 0.0026267194698448293
871.0 0.0027456795578473248
872.0 0.00286463946395088
873.0 0.0029970175091875717
874.0 0.0031293955544242635
875.0 0.0030729112040717155
