lsstCam/transmission_filter_detector/r41_s10/u_24/19700101T000000.ecsv
# %ECSV 1.0
# ---
# datatype:
# - {name: wavelength, unit: nm, datatype: float32}
# - {name: efficiency, unit: '%', datatype: float64}
# meta: !!omap
# - {MODE: DETECTOR}
# - {TYPE: transmission_filter_detector}
# - {CALIBDATE: '1970-01-01T00:00:00'}
# - {INSTRUME: LSSTCam}
# - {OBSTYPE: transmission_filter_detector}
# - {CALIBCLS: lsst.ip.isr.IntermediateFilterDetectorTransmissionCurve}
# - {SOURCE: Materion (DM-46256)}
# - {DETECTOR: 165}
# - {FILTER: u_24}
# - {CALIB_ID: 'calibDate=1970-01-01T00:00:00 filter=u_24 detector=165'}
# - {DATE: '2025-04-02T15:59:40.515176'}
# - {CALIB_CREATION_DATE: '2025-04-02'}
# - {CALIB_CREATION_TIME: '15:59:40'}
# - __serialized_columns__:
#     efficiency:
#       __class__: astropy.units.quantity.Quantity
#       unit: !astropy.units.Unit {unit: '%'}
#       value: !astropy.table.SerializedColumn {name: efficiency}
#     wavelength:
#       __class__: astropy.units.quantity.Quantity
#       unit: !astropy.units.Unit {unit: nm}
#       value: !astropy.table.SerializedColumn {name: wavelength}
# schema: astropy-2.0
wavelength efficiency
[from data line 582]
877.0 0.003319225288578309
878.0 0.0036220240872353315
879.0 0.0037629517464665696
880.0 0.003903879041899927
881.0 0.0037352383515099064
882.0 0.0035665976611198857
883.0 0.003539540193742141
884.0 0.0035124827263643965
885.0 0.0035250352084403858
886.0 0.003537587690516375
887.0 0.0034330339985899627
888.0 0.0033284803066635504
889.0 0.0032726340577937663
890.0 0.003216787808923982
891.0 0.0032334290153812617
892.0 0.0032500702218385413
893.0 0.003411436773603782
894.0 0.003572803325369023
895.0 0.0037316327507141978
896.0 0.0038904621760593727
897.0 0.004151687971898355
898.0 0.0044129137677373365
899.0 0.004544094554148614
900.0 0.004675275704357773
901.0 0.004972002352587879
902.0 0.005268729364615865
903.0 0.0056707820476731285
904.0 0.006072834730730392
905.0 0.005896742004551925
906.0 0.0057206492783734575
907.0 0.00595057281316258
908.0 0.006180495984153822
909.0 0.0059744557802332565
910.0 0.005768415576312691
911.0 0.0056907614634837955
912.0 0.005613106623059139
913.0 0.005586874613072723
914.0 0.005560642603086308
915.0 0.005408307697507553
916.0 0.005255972791928798
917.0 0.0052146348025416955
918.0 0.005173297176952474
919.0 0.005358941780286841
920.0 0.005544586383621208
921.0 0.005483020868268795
922.0 0.0054214549891185015
923.0 0.005756918471888639
924.0 0.006092382318456657
925.0 0.0067986467911396176
926.0 0.007504910900024697
927.0 0.007882788486313075
928.0 0.00826066461740993
929.0 0.008313809667015448
930.0 0.008366956899408251
931.0 0.008446473657386377
932.0 0.008525991142960265
933.0 0.008082858403213322
934.0 0.0076397263910621405
935.0 0.007471733988495544
936.0 0.007303740858333185
937.0 0.006750785541953519
938.0 0.0061978316807653755
939.0 0.006044371548341587
940.0 0.005890911052119918
941.0 0.005566065738094039
942.0 0.00524122006027028
943.0 0.004726596671389416
944.0 0.004211973282508552
945.0 0.0040301692934008315
946.0 0.003848365304293111
947.0 0.003564602229744196
948.0 0.003280839155195281
949.0 0.0025618046493036672
950.0 0.0018427697796141729
951.0 0.0020242065147613175
952.0 0.002205643068009522
953.0 0.0021962419850751758
954.0 0.002186840538342949
955.0 0.0022984546376392245
956.0 0.0024100685550365597
957.0 0.0026368163162260316
958.0 0.002863563895516563
959.0 0.0033568070648470894
960.0 0.003850050416076556
961.0 0.004215559602016583
962.0 0.00458106878795661
963.0 0.004861627166974358
964.0 0.005142185545992106
965.0 0.005607539787888527
966.0 0.006072894393582828
967.0 0.0058273730246583
968.0 0.005581851655733772
969.0 0.005381674782256596
970.0 0.00518149790877942
971.0 0.005267342203296721
972.0 0.005353186861611903
973.0 0.005238407538854517
974.0 0.005123628579895012
975.0 0.004819200694328174
976.0 0.004514773172559217
977.0 0.004343788532423787
978.0 0.004172804256086238
979.0 0.004074523167219013
980.0 0.0039762417145539075
981.0 0.0038394366129068658
982.0 0.0037026318750577047
983.0 0.003623924931162037
984.0 0.00354521835106425
985.0 0.0037355082895373926
986.0 0.0039257978642126545
987.0 0.0046752338676014915
988.0 0.005424669507192448
989.0 0.0060511560150189325
990.0 0.006677642522845417
991.0 0.0077878066804260015
992.0 0.008897971565602347
993.0 0.009485278860665858
994.0 0.010072588338516653
995.0 0.01001040727715008
996.0 0.00994822767097503
997.0 0.00919170561246574
998.0 0.008435182098764926
999.0 0.007657054084120318
1000.0 0.006878926797071472
1001.0 0.006147205567685887
1002.0 0.005415486157289706
1003.0 0.005139766653883271
1004.0 0.004864047150476836
1005.0 0.0046803837904008105
1006.0 0.004496719702729024
1007.0 0.004533515311777592
1008.0 0.004570310557028279
1009.0 0.004568752046907321
1010.0 0.0045671935367863625
1011.0 0.004209730104776099
1012.0 0.0038522663089679554
1013.0 0.0033887987228808925
1014.0 0.002925330954894889
1015.0 0.002654597301443573
1016.0 0.0023838634660933167
1017.0 0.002495400622137822
1018.0 0.0026069375962833874
1019.0 0.0023239106667460874
1020.0 0.0020408839191077277
1021.0 0.00206065578822745
1022.0 0.002080427475448232
1023.0 0.0021068759451736696
1024.0 0.002133324414899107
1025.0 0.0021418689357233234
1026.0 0.0021504134565475397
1027.0 0.002366371700190939
1028.0 0.0025823304895311594
1029.0 0.002613873584778048
1030.0 0.002645416861923877
1031.0 0.0025286732125096023
1032.0 0.002411929744994268
1033.0 0.002538240914873313
1034.0 0.0026645520847523585
1035.0 0.0027742806196329184
1036.0 0.0028840093364124186
1037.0 0.0027604621209320612
1038.0 0.0026369147235527635
1039.0 0.002969666093122214
1040.0 0.0033024174626916647
1041.0 0.003008168459928129
1042.0 0.0027139192752656527
1043.0 0.0028120146453147754
1044.0 0.002910110015363898
1045.0 0.002615918310766574
1046.0 0.00232172660616925
1047.0 0.0023133472495828755
1048.0 0.0023049680748954415
1049.0 0.0021589345124084502
1050.0 0.0020129007680225186
1051.0 0.001983374750125222
1052.0 0.001953848550328985
1053.0 0.00166207773872884
1054.0 0.0013703068361792248
1055.0 0.00198410743905697
1056.0 0.0025979079509852454
1057.0 0.0023830878490116447
1058.0 0.002168268292734865
1059.0 0.0018772265320876613
1060.0 0.0015861847714404576
1061.0 0.0015362440535682254
1062.0 0.0014863036085444037
1063.0 0.0021807449229527265
1064.0 0.0028751863283105195
1065.0 0.001992790748772677
1066.0 0.0011103951692348346
1067.0 0.0013295142707647756
1068.0 0.0015486333722947165
1069.0 0.0017865542758954689
1070.0 0.0020244746337994
1071.0 0.0026901794626610354
1072.0 0.00335588410962373
1073.0 0.0034538981708465144
1074.0 0.0035519125958671793
1075.0 0.0036618555895984173
1076.0 0.0037717993109254166
1077.0 0.003923182521248236
1078.0 0.004074565367773175
1079.0 0.004642479325411841
1080.0 0.005210393646848388
1081.0 0.005484158464241773
1082.0 0.0057579236454330385
1083.0 0.005750996933784336
1084.0 0.005744070585933514
1085.0 0.005267102460493334
1086.0 0.004790135062648915
1087.0 0.005934295040788129
1088.0 0.007078455382725224
1089.0 0.005987930126138963
1090.0 0.004897405233350582
1091.0 0.0045835640776203945
1092.0 0.004269722921890207
1093.0 0.004784171323990449
1094.0 0.005298619362292811
1095.0 0.004582349720294587
1096.0 0.00386607825930696
1097.0 0.003424338501645252
1098.0 0.002982596924994141
1099.0 0.004630671173799783
1100.0 0.006278744695009664
