lsstCam/transmission_filter_detector/r44_sg1/u_24/19700101T000000.ecsv
# %ECSV 1.0
# ---
# datatype:
# - {name: wavelength, unit: nm, datatype: float32}
# - {name: efficiency, unit: '%', datatype: float64}
# meta: !!omap
# - {MODE: DETECTOR}
# - {TYPE: transmission_filter_detector}
# - {CALIBDATE: '1970-01-01T00:00:00'}
# - {INSTRUME: LSSTCam}
# - {OBSTYPE: transmission_filter_detector}
# - {CALIBCLS: lsst.ip.isr.IntermediateFilterDetectorTransmissionCurve}
# - {SOURCE: Materion (DM-46256)}
# - {DETECTOR: 202}
# - {FILTER: u_24}
# - {CALIB_ID: 'calibDate=1970-01-01T00:00:00 filter=u_24 detector=202'}
# - {DATE: '2025-04-02T15:59:40.687693'}
# - {CALIB_CREATION_DATE: '2025-04-02'}
# - {CALIB_CREATION_TIME: '15:59:40'}
# - __serialized_columns__:
#     efficiency:
#       __class__: astropy.units.quantity.Quantity
#       unit: !astropy.units.Unit {unit: '%'}
#       value: !astropy.table.SerializedColumn {name: efficiency}
#     wavelength:
#       __class__: astropy.units.quantity.Quantity
#       unit: !astropy.units.Unit {unit: nm}
#       value: !astropy.table.SerializedColumn {name: wavelength}
# schema: astropy-2.0
wavelength efficiency
295.0 1.6507642692023539e-10
296.0 1.6507642692023539e-10
297.0 1.6507642692023539e-10
298.0 1.6507642692023539e-10
299.0 1.6507642692023539e-10
300.0 1.6507642692023539e-10
301.0 0.03323692362755537
302.0 1.6507642692023539e-10
303.0 0.11361939832568169
304.0 0.41232695803046227
305.0 1.090193074196577
306.0 2.433443069458008
307.0 4.359403997659683
308.0 6.994549185037613
309.0 10.322906821966171
310.0 14.110162854194641
311.0 18.164946138858795
312.0 21.61509394645691
313.0 24.71950203180313
314.0 27.489441633224487
315.0 29.939737915992737
316.0 32.28159248828888
317.0 35.22014319896698
318.0 38.58479559421539
319.0 43.061619997024536
320.0 49.17632043361664
321.0 54.7450065612793
322.0 60.52093505859375
323.0 65.72995781898499
324.0 69.63648200035095
325.0 72.16400504112244
326.0 74.40723776817322
327.0 76.04429125785828
328.0 77.77633666992188
329.0 79.14397716522217
330.0 80.14793395996094
331.0 80.68780899047852
332.0 80.78808188438416
333.0 80.90034127235413
334.0 80.87031841278076
335.0 81.23483061790466
336.0 81.62238597869873
337.0 82.33141899108887
338.0 83.14875364303589
339.0 83.78419876098633
340.0 84.07207131385803
341.0 84.4811201095581
342.0 84.77057218551636
343.0 84.71702337265015
344.0 84.95802283287048
345.0 85.40318012237549
346.0 85.69809794425964
347.0 86.13812327384949
348.0 86.34539842605591
349.0 86.55945658683777
350.0 86.5194320678711
351.0 86.7102861404419
352.0 86.60860061645508
353.0 86.6952896118164
354.0 86.61727905273438
355.0 86.7963969707489
356.0 86.9230568408966
357.0 86.73475384712219
358.0 86.44413948059082
359.0 86.10837459564209
360.0 85.93779802322388
361.0 85.66455841064453
362.0 85.43599843978882
363.0 85.58982610702515
364.0 85.78649163246155
365.0 86.16554737091064
366.0 86.45690679550171
367.0 86.57012581825256
368.0 86.68113946914673
369.0 86.79258823394775
370.0 86.59685850143433
371.0 86.61105632781982
372.0 86.68259382247925
373.0 86.92164421081543
374.0 86.92629337310791
375.0 87.26983666419983
376.0 87.4212920665741
377.0 87.50888109207153
378.0 87.5462532043457
379.0 87.08398342132568
380.0 86.20647192001343
381.0 84.59641933441162
382.0 82.59667158126831
383.0 80.49925565719604
384.0 78.4230887889862
385.0 75.90638995170593
386.0 73.217111825943
387.0 69.5541262626648
388.0 65.80397486686707
389.0 61.28273010253906
390.0 56.97118043899536
391.0 52.6619017124176
392.0 48.35639297962189
393.0 44.841575622558594
394.0 41.38939082622528
395.0 37.46082782745361
396.0 32.9327791929245
397.0 26.83340311050415
398.0 20.192159712314606
399.0 13.383026421070099
400.0 7.698840647935867
401.0 3.6973029375076294
402.0 1.3021906837821007
403.0 0.37729358300566673
404.0 0.16424836358055472
405.0 0.0887499947566539
406.0 0.03599615884013474
407.0 1.6507642692023539e-10
408.0 1.6507642692023539e-10
409.0 1.6507642692023539e-10
410.0 1.6507642692023539e-10
411.0 1.6507642692023539e-10
412.0 1.6507642692023539e-10
413.0 1.6507642692023539e-10
414.0 1.6507642692023539e-10
415.0 1.6507642692023539e-10
416.0 1.6507642692023539e-10
417.0 1.6507642692023539e-10
418.0 1.6507642692023539e-10
419.0 1.6507642692023539e-10
420.0 1.6507642692023539e-10
421.0 1.6507642692023539e-10
422.0 1.6507642692023539e-10
423.0 1.6507642692023539e-10
424.0 1.6507642692023539e-10
425.0 1.6507642692023539e-10
426.0 0.001116968269343488
427.0 0.00048660590437066276
428.0 1.6507642692023539e-10
429.0 0.00020491495433816453
430.0 0.000553586642126902
431.0 0.00030622829854110023
432.0 5.886987537451205e-05
433.0 1.6507642692023539e-10
434.0 1.6507642692023539e-10
435.0 1.6507642692023539e-10
436.0 1.6507642692023539e-10
437.0 1.6507642692023539e-10
438.0 0.0005485497240442783
439.0 0.0003604516905397759
440.0 0.00017235379345947877
441.0 0.0002647717110448866
442.0 0.00035718951494345674
443.0 1.6507642692023539e-10
444.0 1.6507642692023539e-10
445.0 1.6507642692023539e-10
446.0 1.6507642692023539e-10
447.0 1.6507642692023539e-10
448.0 1.6507642692023539e-10
449.0 1.6507642692023539e-10
450.0 0.00031481565656577004
451.0 9.507139111519791e-05
452.0 1.6507642692023539e-10
453.0 1.6507642692023539e-10
454.0 1.6507642692023539e-10
455.0 1.6507642692023539e-10
456.0 1.6507642692023539e-10
457.0 0.00043201016524108127
458.0 0.0008698005331098102
459.0 1.6507642692023539e-10
460.0 1.6507642692023539e-10
461.0 1.6507642692023539e-10
462.0 0.0008754616828809958
463.0 0.0004998818894819124
464.0 0.00012430234619387193
465.0 1.6507642692023539e-10
466.0 1.6507642692023539e-10
467.0 0.0005782175776403164
468.0 0.0013048860637354665
469.0 0.00019396272818994476
470.0 1.6507642692023539e-10
471.0 1.6507642692023539e-10
472.0 1.6507642692023539e-10
473.0 1.6507642692023539e-10
474.0 0.0006082353138481267
475.0 1.6507642692023539e-10
476.0 1.6507642692023539e-10
477.0 1.6507642692023539e-10
478.0 1.6507642692023539e-10
479.0 1.6507642692023539e-10
480.0 1.6507642692023539e-10
481.0 1.6507642692023539e-10
482.0 0.0004148868356423918
483.0 0.0006913194738444872
484.0 0.0009677520210971124
485.0 2.10882035389659e-05
486.0 1.6507642692023539e-10
487.0 1.6507642692023539e-10
488.0 0.0003438261956034694
489.0 0.00022748940864403266
490.0 0.00011115271263406612
491.0 1.6507642692023539e-10
492.0 1.6507642692023539e-10
493.0 1.6507642692023539e-10
494.0 1.6507642692023539e-10
495.0 1.6507642692023539e-10
496.0 0.0002649400585141848
497.0 1.6507642692023539e-10
498.0 1.6507642692023539e-10
499.0 1.6507642692023539e-10
500.0 1.6507642692023539e-10
501.0 1.6507642692023539e-10
502.0 1.6507642692023539e-10
503.0 0.00016346573374903528
504.0 0.000719959598427522
505.0 0.000236013170251681
506.0 1.6507642692023539e-10
507.0 1.6507642692023539e-10
508.0 1.6507642692023539e-10
509.0 1.6507642692023539e-10
510.0 1.6507642692023539e-10
511.0 1.6507642692023539e-10
512.0 1.6507642692023539e-10
513.0 1.6507642692023539e-10
514.0 1.6507642692023539e-10
515.0 1.6507642692023539e-10
516.0 0.0001893308080980205
517.0 1.6507642692023539e-10
518.0 1.6507642692023539e-10
519.0 1.6507642692023539e-10
520.0 1.6507642692023539e-10
521.0 1.6507642692023539e-10
522.0 1.6507642692023539e-10
523.0 1.6507642692023539e-10
524.0 1.6507642692023539e-10
525.0 1.6507642692023539e-10
526.0 1.6507642692023539e-10
527.0 1.6507642692023539e-10
528.0 1.6507642692023539e-10
529.0 0.00020956317712261807
530.0 0.000527257907378953
531.0 0.0003921898951375624
532.0 0.00025712192837090697
533.0 1.6507642692023539e-10
534.0 1.6507642692023539e-10
535.0 1.6507642692023539e-10
536.0 1.6507642692023539e-10
537.0 7.820612495379464e-05
538.0 0.0002867120883820462
539.0 0.0002393001977907261
540.0 0.00019188828446203843
541.0 1.5519923124429624e-05
542.0 1.6507642692023539e-10
543.0 1.6507642692023539e-10
544.0 1.6507642692023539e-10
545.0 3.897958436027693e-05
546.0 0.0003814003775914898
547.0 1.6507642692023539e-10
548.0 1.6507642692023539e-10
549.0 1.6507642692023539e-10
550.0 4.892383458354743e-05
551.0 0.00020348670659586787
552.0 0.0003580496240829234
553.0 0.0003678288976516342
554.0 0.00037760821669508005
555.0 0.0002692614316401887
556.0 0.0001609146465852973
557.0 0.00014077359082875773
558.0 0.00012063251233485062
559.0 0.00010377686976426048
560.0 8.692119877196092e-05
561.0 1.6507642692023539e-10
562.0 1.6507642692023539e-10
563.0 1.6507642692023539e-10
564.0 0.00017445651110392646
565.0 0.00013313464251041296
566.0 9.1812796654267e-05
567.0 0.00014123811524768826
568.0 0.00019066333152295556
569.0 7.801330070833501e-06
570.0 1.6507642692023539e-10
571.0 8.713464012544136e-05
572.0 0.0003493300255286158
573.0 0.00014685208498121938
574.0 1.6507642692023539e-10
575.0 1.6507642692023539e-10
576.0 1.6507642692023539e-10
577.0 7.832818482711446e-05
578.0 0.00036252645259082783
579.0 0.0005153017809789162
580.0 0.0006680770184175344
581.0 0.0010986043889715802
582.0 0.0015291319868993014
583.0 0.0012090124982933048
584.0 0.0008888927368388977
585.0 0.000776242814026773
586.0 0.0006635929366893834
587.0 0.0006169475454953499
588.0 0.0005703022907255217
589.0 0.0007292260306712706
590.0 0.0008881497706170194
591.0 0.0008606950359535404
592.0 0.000833240119391121
593.0 0.0008146364052663557
594.0 0.0007960326911415905
595.0 0.0007620098131155828
596.0 0.0007279869805643102
597.0 0.0012356129445834085
598.0 0.0017432386812288314
599.0 0.002150225918740034
600.0 0.002557212792453356
601.0 0.002941387538157869
602.0 0.003325562283862382
603.0 0.0029263283067848533
604.0 0.0025270943297073245
605.0 0.0019117296687909402
606.0 0.0012963649169250857
607.0 0.0010913276128121652
608.0 0.0008862903086992446
609.0 0.0010059991836897098
610.0 0.0011257078767812345
611.0 0.0007613371053594165
612.0 0.00039696610656392295
613.0 0.0005679507466993527
614.0 0.0007389354777842527
615.0 0.0005434537342807744
616.0 0.000347971990777296
617.0 0.000551717812413699
618.0 0.0007554634976258967
619.0 0.0007433531209244393
620.0 0.0007312423804251011
621.0 0.000745089437259594
622.0 0.0007589364486193517
623.0 0.0006056522579456214
624.0 0.00045236806727189105
625.0 0.0008289128345495556
626.0 0.001205457556352485
627.0 0.0011859942787850741
628.0 0.0011665309102681931
629.0 0.0014622382877860218
630.0 0.0017579457562533207
631.0 0.0019480090486467816
632.0 0.002138072704838123
633.0 0.002603597931738477
634.0 0.0030691237043356523
635.0 0.0029672788514290005
636.0 0.0028654343623202294
637.0 0.0024323768229805864
638.0 0.001999319101742003
639.0 0.001752475873217918
640.0 0.0015056328265927732
641.0 0.0013906227650295477
642.0 0.0012756128853652626
643.0 0.0007284548246389022
644.0 0.0001812966843317554
645.0 9.154105669040291e-05
646.0 1.7854121736604611e-06
647.0 0.00032396069400419947
648.0 0.0006461358680098783
649.0 0.00033447076930315234
650.0 2.28055284878792e-05
651.0 0.0006287593805609504
652.0 0.0012347134543233551
653.0 0.0012027701814076863
654.0 0.001170827090390958
655.0 0.0016999139916151762
656.0 0.002229001074738335
657.0 0.002655125535966363
658.0 0.0030812494514975697
659.0 0.0034601191146066412
660.0 0.0038389891415135935
661.0 0.00342047969752457
662.0 0.0030019704354344867
663.0 0.002168260107282549
664.0 0.0013345496881811414
665.0 0.0012659613275900483
666.0 0.0011973729669989552
667.0 0.001040939605445601
668.0 0.0008845062438922469
669.0 0.0007298338914552005
670.0 0.0005751614025939489
671.0 0.0004760096544487169
672.0 0.0003768579063034849
673.0 0.00044849139158031903
674.0 0.000520124831382418
675.0 0.0010141714483324904
676.0 0.0015082177924341522
677.0 0.0019193344996892847
678.0 0.002330451025045477
679.0 0.0027307520213071257
680.0 0.0031310530175687745
681.0 0.00469583465019241
682.0 0.006260615919018164
683.0 0.008356418402399868
684.0 0.010452223068568856
685.0 0.011069397442042828
686.0 0.011686575453495607
687.0 0.009861303260549903
688.0 0.008036033250391483
689.0 0.006189779378473759
690.0 0.004343525142758153
691.0 0.0038911945011932403
692.0 0.0034388634958304465
693.0 0.002886413858504966
694.0 0.0023339642211794853
695.0 0.001860267911979463
696.0 0.0013865720575267915
697.0 0.001141314260166837
698.0 0.0008960567356552929
699.0 0.0006729900633217767
700.0 0.0004499233909882605
701.0 0.0006314717211353127
702.0 0.0008130199603328947
703.0 0.0007521663519582944
704.0 0.0006913126526342239
705.0 0.000766233370086411
706.0 0.0008411540875385981
707.0 0.0009288572073273826
708.0 0.0010165605090151075
709.0 0.0010318030035705306
710.0 0.001047045680024894
711.0 0.0007651979103684425
712.0 0.00048334995881305076
713.0 0.00040586864997749217
714.0 0.0003283873638793011
715.0 0.0003529428568072035
716.0 0.0003774983724724734
717.0 0.0004488450940698385
718.0 0.0005201917701924685
719.0 0.0002594016223156359
720.0 1.6507642692023539e-10
721.0 3.89812726098171e-05
722.0 7.935112762424978e-05
723.0 0.0003757772219614708
724.0 0.0006722034413542133
725.0 0.0003751569693122292
726.0 7.811059958839905e-05
727.0 0.00029416412417049287
728.0 0.0005102177055960055
729.0 0.00036031203762831865
730.0 0.00021040648334746948
731.0 0.0002689680513867643
732.0 0.0003275296876381617
733.0 0.00047924727368808817
734.0 0.0006309648142632795
735.0 0.00034538109048298793
736.0 5.9797343965328764e-05
737.0 0.00019857388906530105
738.0 0.00033735043416527333
739.0 0.0006150396984594408
740.0 0.0008927289854909759
741.0 0.0012893686289316975
742.0 0.0016860081814229488
743.0 0.0024979155568871647
744.0 0.0033098229323513806
745.0 0.004144608465139754
746.0 0.004979394361726008
747.0 0.004949423600919545
748.0 0.0049194524763152
749.0 0.004497652844293043
750.0 0.004075853212270886
751.0 0.0034305514418520033
752.0 0.0027852494895341806
753.0 0.0029365168302319944
754.0 0.0030877843528287485
755.0 0.0025603254471207038
756.0 0.0020328667233115993
757.0 0.0020182615116937086
758.0 0.0020036561181768775
759.0 0.0016346282791346312
760.0 0.0012656007129407953
761.0 0.0010073309567815159
762.0 0.0007490612915717065
763.0 0.000700341843185015
764.0 0.0006516224857477937
765.0 0.0004809004622075008
766.0 0.0003101784614045755
767.0 0.00043205031943216454
768.0 0.0005539222456718562
769.0 0.0006073713393561775
770.0 0.0006608205239899689
771.0 0.0008265831638709642
772.0 0.000992346031125635
773.0 0.0008971350325737149
774.0 0.0008019242159207352
775.0 0.000704239027982112
776.0 0.0006065537945687538
777.0 0.0008164300197677221
778.0 0.0010263062904414255
779.0 0.0008404678737861104
780.0 0.0006546294116560603
781.0 0.0008345247806573752
782.0 0.0010144201041839551
783.0 0.0010878352441068273
784.0 0.0011612502930802293
785.0 0.0014272568478190806
786.0 0.0016932632206589915
787.0 0.0013892003153159749
788.0 0.0010851371371245477
789.0 0.0010078775630972814
790.0 0.0009306178071710747
791.0 0.0006769449555577012
792.0 0.00042327214941906277
793.0 0.00048662072913430165
794.0 0.0005499692179000704
795.0 0.00038106095416878816
796.0 0.00021215259948803578
797.0 0.00020110396690142807
798.0 0.00019005524336535018
799.0 0.0002144301788575831
800.0 0.00023880518256191863
801.0 4.0685441149435064e-05
802.0 1.6507642692023539e-10
803.0 1.6507642692023539e-10
804.0 1.6507642692023539e-10
805.0 0.00017464145685153198
806.0 0.0005940790742897661
807.0 0.00040125300984072965
808.0 0.00020842689991695806
809.0 0.000211435303754115
810.0 0.00021444363937916933
811.0 0.00010227262237094692
812.0 1.6507642692023539e-10
813.0 0.0001707370415715559
814.0 0.000351372591467225
815.0 0.000233548507821979
816.0 0.00011572440143936547
817.0 0.0003395443854969926
818.0 0.0005633644377667224
819.0 0.000514083330926951
820.0 0.00046480254241032526
821.0 0.00046137433855619747
822.0 0.00045794581637892406
823.0 0.0002285046321048867
824.0 1.6507642692023539e-10
825.0 1.6507642692023539e-10
826.0 1.6507642692023539e-10
827.0 9.95980599327595e-05
828.0 0.00022670503767585615
829.0 1.6507642692023539e-10
830.0 1.6507642692023539e-10
831.0 1.6507642692023539e-10
832.0 1.6507642692023539e-10
833.0 1.6507642692023539e-10
834.0 1.6507642692023539e-10
835.0 1.6507642692023539e-10
836.0 1.6507642692023539e-10
837.0 1.6507642692023539e-10
838.0 1.6507642692023539e-10
839.0 1.6507642692023539e-10
840.0 0.00012253318573129945
841.0 1.6507642692023539e-10
842.0 1.6507642692023539e-10
843.0 1.6507642692023539e-10
844.0 0.00037600352698063944
845.0 0.00020844329355895752
846.0 4.088309424332692e-05
847.0 0.00026360364699939964
848.0 0.0004863242338615237
849.0 0.00035899672639061464
850.0 0.00023166912797023542
851.0 0.0004892326160188532
852.0 0.0007467961950169411
853.0 0.0005580385277426103
854.0 0.00036928099689248484
855.0 0.0004706019808509154
856.0 0.0005719231921830215
857.0 0.0007756276318104938
858.0 0.0009793323442863766
859.0 0.0009028545719047543
860.0 0.0008263764357252512
861.0 0.0012811322449124418
862.0 0.0017358881450491026
863.0 0.0019020559193450026
864.0 0.0020682240574387833
865.0 0.001738219361868687
866.0 0.0014082145753491204
867.0 0.0015164263459155336
868.0 0.0016246380255324766
869.0 0.001571116990817245
870.0 0.0015175960470514838
871.0 0.0015232849364110734
872.0 0.001528973734821193
873.0 0.0019817551219603047
874.0 0.002434536690998357
875.0 0.0024461964130750857
