lsstCam/transmission_filter_detector/r44_sg1/u_24/19700101T000000.ecsv
# %ECSV 1.0
# ---
# datatype:
# - {name: wavelength, unit: nm, datatype: float32}
# - {name: efficiency, unit: '%', datatype: float64}
# meta: !!omap
# - {MODE: DETECTOR}
# - {TYPE: transmission_filter_detector}
# - {CALIBDATE: '1970-01-01T00:00:00'}
# - {INSTRUME: LSSTCam}
# - {OBSTYPE: transmission_filter_detector}
# - {CALIBCLS: lsst.ip.isr.IntermediateFilterDetectorTransmissionCurve}
# - {SOURCE: Materion (DM-46256)}
# - {DETECTOR: 202}
# - {FILTER: u_24}
# - {CALIB_ID: 'calibDate=1970-01-01T00:00:00 filter=u_24 detector=202'}
# - {DATE: '2025-04-02T15:59:40.687693'}
# - {CALIB_CREATION_DATE: '2025-04-02'}
# - {CALIB_CREATION_TIME: '15:59:40'}
# - __serialized_columns__:
#     efficiency:
#       __class__: astropy.units.quantity.Quantity
#       unit: !astropy.units.Unit {unit: '%'}
#       value: !astropy.table.SerializedColumn {name: efficiency}
#     wavelength:
#       __class__: astropy.units.quantity.Quantity
#       unit: !astropy.units.Unit {unit: nm}
#       value: !astropy.table.SerializedColumn {name: wavelength}
# schema: astropy-2.0
wavelength efficiency
[from data line 582]
877.0 0.002782179035420995
878.0 0.003106502117589116
879.0 0.0033175911084981635
880.0 0.003528680099407211
881.0 0.003450362419243902
882.0 0.003372044739080593
883.0 0.0031834922992857173
884.0 0.00299493894999614
885.0 0.002797052547975909
886.0 0.002599166145955678
887.0 0.0023662212697672658
888.0 0.002133276211679913
889.0 0.002429598862363491
890.0 0.002725921331148129
891.0 0.0026881425583269447
892.0 0.0026503632398089394
893.0 0.0029848117264918983
894.0 0.0033192594855790958
895.0 0.0034659780794754624
896.0 0.00361269703716971
897.0 0.003488718721200712
898.0 0.003364740769029595
899.0 0.003454069883446209
900.0 0.003543399361660704
901.0 0.0038671354559483007
902.0 0.004190871186438017
903.0 0.004342597821960226
904.0 0.0044943248212803155
905.0 0.0049211797886528075
906.0 0.005348034028429538
907.0 0.005691606929758564
908.0 0.0060351794672897086
909.0 0.006001525980536826
910.0 0.005967872857581824
911.0 0.0059495741879800335
912.0 0.005931275518378243
913.0 0.00563794128538575
914.0 0.005344606324797496
915.0 0.005047098602517508
916.0 0.004749590516439639
917.0 0.004648519461625256
918.0 0.0045474480430129915
919.0 0.004770026134792715
920.0 0.00499260459037032
921.0 0.004886017995886505
922.0 0.0047794314014026895
923.0 0.004944367537973449
924.0 0.0051093040383420885
925.0 0.005677874287357554
926.0 0.006246443808777258
927.0 0.0064796295191627
928.0 0.00671281450195238
929.0 0.006906112685101107
930.0 0.007099411595845595
931.0 0.007235060184029862
932.0 0.007370710227405652
933.0 0.007515825564041734
934.0 0.0076609416282735765
935.0 0.007546613778686151
936.0 0.007432285201502964
937.0 0.007057190669002011
938.0 0.0066820954089052975
939.0 0.006670973380096257
940.0 0.0066598506236914545
941.0 0.005950226113782264
942.0 0.005240601603873074
943.0 0.0046440876758424565
944.0 0.004047573747811839
945.0 0.003785027001868002
946.0 0.0035224802559241652
947.0 0.0026409130441606976
948.0 0.0017593456504982896
949.0 0.001616482222743798
950.0 0.001473618522140896
951.0 0.001519080251455307
952.0 0.0015645420717191882
953.0 0.0014985062080086209
954.0 0.0014324702533485834
955.0 0.0017305654182564467
956.0 0.00202866049221484
957.0 0.0021311157979653217
958.0 0.0022335711037158035
959.0 0.00251063538598828
960.0 0.002787699668260757
961.0 0.0033490010537207127
962.0 0.003910302621079609
963.0 0.003977244341513142
964.0 0.0040441856981487945
965.0 0.004528240606305189
966.0 0.005012295514461584
967.0 0.004844716022489592
968.0 0.0046771365305176005
969.0 0.004866490053245798
970.0 0.0050558443035697564
971.0 0.005161463923286647
972.0 0.0052670839068014175
973.0 0.0049389138439437374
974.0 0.004610743417288177
975.0 0.004615071520674974
976.0 0.004619399624061771
977.0 0.004137994619668461
978.0 0.0036565888876793906
979.0 0.0034164182579843327
980.0 0.0031762469006935135
981.0 0.0030439308829954825
982.0 0.0029116148652974516
983.0 0.002914192373282276
984.0 0.0029167698812671006
985.0 0.0028610620574909262
986.0 0.0028053544156136923
987.0 0.003441513399593532
988.0 0.00407767147407867
989.0 0.004707726839114912
990.0 0.0053377822041511536
991.0 0.005883913399884477
992.0 0.006430044595617801
993.0 0.007014651782810688
994.0 0.007599260425195098
995.0 0.007847699453122914
996.0 0.00809613848105073
997.0 0.008186991908587515
998.0 0.008277846791315824
999.0 0.007739278953522444
1000.0 0.007200712570920587
1001.0 0.006173431756906211
1002.0 0.005146152398083359
1003.0 0.0047217174142133445
1004.0 0.00429728243034333
1005.0 0.004487826299737208
1006.0 0.004678370532928966
1007.0 0.004639614780899137
1008.0 0.004600859392667189
1009.0 0.004382861516205594
1010.0 0.004164864003541879
1011.0 0.003737855513463728
1012.0 0.0033108462957898155
1013.0 0.0032185820600716397
1014.0 0.0031263181881513447
1015.0 0.0024995353669510223
1016.0 0.0018727529095485806
1017.0 0.0018895199900725856
1018.0 0.0019062868886976503
1019.0 0.0014391672266356181
1020.0 0.0009720472917251755
1021.0 0.000997706774796825
1022.0 0.0010233662578684743
1023.0 0.0013159396075934637
1024.0 0.001608512866368983
1025.0 0.0015654113667551428
1026.0 0.0015223097761918325
1027.0 0.0016089306882349774
1028.0 0.0016955518731265329
1029.0 0.00206875574804144
1030.0 0.0024419599867542274
1031.0 0.0022809124857303686
1032.0 0.00211986498470651
1033.0 0.002149232750525698
1034.0 0.0021786001525470056
1035.0 0.0023286924260901287
1036.0 0.002478784699633252
1037.0 0.0024065422621788457
1038.0 0.0023342998247244395
1039.0 0.0023997861717361957
1040.0 0.0024652723368490115
1041.0 0.002357760604354553
1042.0 0.0022502488718600944
1043.0 0.002414583468635101
1044.0 0.0025789177016122267
1045.0 0.0021291858502081595
1046.0 0.0016794534531072713
1047.0 0.001844503276515752
1048.0 0.0020095534637221135
1049.0 0.0015961461031110957
1050.0 0.0011827389243990183
1051.0 0.0013523037523555104
1052.0 0.001521868307463592
1053.0 0.0015597006495227106
1054.0 0.001597532354935538
1055.0 0.0014998243386799004
1056.0 0.001402115958626382
1057.0 0.0010119276339537464
1058.0 0.0006217395366547862
1059.0 0.001229955978487851
1060.0 0.001838172465795651
1061.0 0.0015492443708353676
1062.0 0.001260316184925614
1063.0 0.0017135771486209705
1064.0 0.002166838021366857
1065.0 0.0019744556993828155
1066.0 0.0017820730136008933
1067.0 0.001741517371556256
1068.0 0.0017009617295116186
1069.0 0.002489879261702299
1070.0 0.003278796430095099
1071.0 0.0031175659387372434
1072.0 0.002956335083581507
1073.0 0.002626702917041257
1074.0 0.0022970711142988876
1075.0 0.0031773488444741815
1076.0 0.004057626210851595
1077.0 0.004185561920166947
1078.0 0.004313497265684418
1079.0 0.00450809056928847
1080.0 0.004702683872892521
1081.0 0.004227219324093312
1082.0 0.003751754411496222
1083.0 0.003928351361537352
1084.0 0.004104948675376363
1085.0 0.005527657413040288
1086.0 0.006950365786906332
1087.0 0.004867960888077505
1088.0 0.002785556353046559
1089.0 0.00368143773812335
1090.0 0.004577319486998022
1091.0 0.004552949030767195
1092.0 0.004528578574536368
1093.0 0.003705702692968771
1094.0 0.0028828268114011735
1095.0 0.0035136770748067647
1096.0 0.004144526974414475
1097.0 0.003602742071961984
1098.0 0.00306095571431797
1099.0 0.0030162078473949805
1100.0 0.0029714603442698717
