lsstCam/transmission_filter_detector/r11_s01/z_20/19700101T000000.ecsv
# %ECSV 1.0
# ---
# datatype:
# - {name: wavelength, unit: nm, datatype: float32}
# - {name: efficiency, unit: '%', datatype: float64}
# meta: !!omap
# - {MODE: DETECTOR}
# - {TYPE: transmission_filter_detector}
# - {CALIBDATE: '1970-01-01T00:00:00'}
# - {INSTRUME: LSSTCam}
# - {OBSTYPE: transmission_filter_detector}
# - {CALIBCLS: lsst.ip.isr.IntermediateFilterDetectorTransmissionCurve}
# - {SOURCE: Materion (DM-46256)}
# - {DETECTOR: 37}
# - {FILTER: z_20}
# - {CALIB_ID: 'calibDate=1970-01-01T00:00:00 filter=z_20 detector=37'}
# - {DATE: '2025-04-02T15:59:48.806158'}
# - {CALIB_CREATION_DATE: '2025-04-02'}
# - {CALIB_CREATION_TIME: '15:59:48'}
# - __serialized_columns__:
#     efficiency:
#       __class__: astropy.units.quantity.Quantity
#       unit: !astropy.units.Unit {unit: '%'}
#       value: !astropy.table.SerializedColumn {name: efficiency}
#     wavelength:
#       __class__: astropy.units.quantity.Quantity
#       unit: !astropy.units.Unit {unit: nm}
#       value: !astropy.table.SerializedColumn {name: wavelength}
# schema: astropy-2.0
wavelength efficiency
300.0 0.8775044232606888
301.0 0.5921118427067995
302.0 0.30671930871903896
303.0 0.29738431330770254
304.0 0.2880493178963661
305.0 0.24352441541850567
306.0 0.1989994663745165
307.0 0.18383373972028494
308.0 0.16866802470758557
309.0 0.14733239077031612
310.0 0.1259967335499823
311.0 0.12643339578062296
312.0 0.12687009293586016
313.0 0.11242734035477042
314.0 0.09798462269827724
315.0 0.09610142442397773
316.0 0.09421822614967823
317.0 0.0793445622548461
318.0 0.06447091000154614
319.0 0.06416782271116972
320.0 0.0638647296000272
321.0 0.0638137455098331
322.0 0.06376276724040508
323.0 0.055934779811650515
324.0 0.04810679820366204
325.0 0.04397738666739315
326.0 0.03984797513112426
327.0 0.03921021998394281
328.0 0.038572464836761355
329.0 0.03410052740946412
330.0 0.029628589982166886
331.0 0.026846598484553397
332.0 0.02406460262136534
333.0 0.02318702609045431
334.0 0.022309445193968713
335.0 0.02129597560269758
336.0 0.020282504556234926
337.0 0.024418719112873077
338.0 0.02855492930393666
339.0 0.024747219868004322
340.0 0.02093951334245503
341.0 0.017490246682427824
342.0 0.01404098147759214
343.0 0.013837096048519015
344.0 0.013633213529828936
345.0 0.012657845218200237
346.0 0.011682476178975776
347.0 0.011214047117391601
348.0 0.01074562023859471
349.0 0.013417818991001695
350.0 0.016090019198600203
351.0 0.01332408282905817
352.0 0.01055814209394157
353.0 0.011099303810624406
354.0 0.011640466254903004
355.0 0.009888313070405275
356.0 0.008136161341099069
357.0 0.009228023554896936
358.0 0.010319890134269372
359.0 0.010103082604473457
360.0 0.009886273619486019
361.0 0.008919060928747058
362.0 0.007951850420795381
363.0 0.009224066889146343
364.0 0.010496281902305782
365.0 0.010152645700145513
366.0 0.009809011680772528
367.0 0.008537442045053467
368.0 0.007265871681738645
369.0 0.007821226608939469
370.0 0.008376582263736054
371.0 0.008303490176331252
372.0 0.00823039881652221
373.0 0.0071471891715191305
374.0 0.006063980617909692
375.0 0.006377587851602584
376.0 0.006691194721497595
377.0 0.0070891561335884035
378.0 0.007487116090487689
379.0 0.006313654739642516
380.0 0.00514019193360582
381.0 0.003253940667491406
382.0 0.0013676897651748732
383.0 0.0035764573112828657
384.0 0.005785225221188739
385.0 0.0055145796068245545
386.0 0.00524393399246037
387.0 0.005921723641222343
388.0 0.006599514017580077
389.0 0.005841584788868204
390.0 0.005083656651549973
391.0 0.004678226468968205
392.0 0.004272796650184318
393.0 0.004741930024465546
394.0 0.005211063398746774
395.0 0.004302920569898561
396.0 0.0033947777410503477
397.0 0.003601967546273954
398.0 0.0038091573514975607
399.0 0.004017050014226697
400.0 0.004224942313157953
401.0 0.00471304556413088
402.0 0.0052011488151038066
403.0 0.005267826418275945
404.0 0.005334504021448083
405.0 0.004327203350840136
406.0 0.0033199030440300703
407.0 0.0017902464605867863
408.0 0.00026059040010295575
409.0 0.0020888150174869224
410.0 0.003917039430234581
411.0 0.004312947567086667
412.0 0.004708855703938752
413.0 0.004659689147956669
414.0 0.0046105222281767055
415.0 0.003741270847967826
416.0 0.002872020013455767
417.0 0.0038357145967893302
418.0 0.004799409725819714
419.0 0.004342510874266736
420.0 0.0038856123865116388
421.0 0.0037783363950438797
422.0 0.0036710607673740014
423.0 0.0036382447433425114
424.0 0.003605430174502544
425.0 0.0026335479560657404
426.0 0.0016616659195278771
427.0 0.0018477368939784355
428.0 0.0020338080503279343
429.0 0.0013741910152020864
430.0 0.0007145744802983245
431.0 0.0007381789146165829
432.0 0.0007617832125106361
433.0 0.0006661121915385593
434.0 0.0005704412160412176
435.0 0.001216903456224827
436.0 0.001863365832832642
437.0 0.0020220591977704316
438.0 0.0021807527446071617
439.0 0.0022849362721899524
440.0 0.002389120163570624
441.0 0.0017441261661588214
442.0 0.0010991325325448997
443.0 0.002193140971940011
444.0 0.0032871492294361815
445.0 0.003288567313575186
446.0 0.003289985761512071
447.0 0.0025955303499358706
448.0 0.0019010749383596703
449.0 0.0026069516025017947
450.0 0.0033128289942396805
451.0 0.0025913446734193712
452.0 0.001869859806902241
453.0 0.0017224081602762453
454.0 0.0015749570593470708
455.0 0.002335932367714122
456.0 0.003096908039879054
457.0 0.002309016781509854
458.0 0.0015211256140901241
459.0 0.0015854884622967802
460.0 0.001649851219553966
461.0 0.0007630908839928452
462.0 1.611317849981031e-10
463.0 0.0009207443326886278
464.0 0.0019651586626423523
465.0 0.002205828786827624
466.0 0.0024464990929118358
467.0 0.0021509180442080833
468.0 0.001855336086009629
469.0 0.0016649764802423306
470.0 0.0014746165106771514
471.0 0.001374897692585364
472.0 0.001275179056392517
473.0 0.0012809007785108406
474.0 0.0012866225006291643
475.0 0.0010616463441692758
476.0 0.0008366703696083277
477.0 0.0012437739314918872
478.0 0.001650877129577566
479.0 0.0020362869690870866
480.0 0.002421696626697667
481.0 0.0019152344975736924
482.0 0.0014087723684497178
483.0 0.0009595370102033485
484.0 0.0005103016519569792
485.0 0.001334042644884903
486.0 0.0021577834559138864
487.0 0.0015008523405413143
488.0 0.0008439211342192721
489.0 0.001699406493571587
490.0 0.0025548917619744316
491.0 0.0023697792130406015
492.0 0.0021846668460057117
493.0 0.0020167100956314243
494.0 0.001848753890953958
495.0 0.0016384861737606116
496.0 0.001428218456567265
497.0 0.001305742989643477
498.0 0.0011832677955680992
499.0 0.0012405171219143085
500.0 0.0012977666301594581
501.0 0.0008363943379663397
502.0 0.0003750218638742808
503.0 0.0012073877769580577
504.0 0.0020397537809913047
505.0 0.002212448453065008
506.0 0.0023851433070376515
507.0 0.00230565474339528
508.0 0.002226165815955028
509.0 0.0019076829630648717
510.0 0.0015892006558715366
511.0 0.001240038182004355
512.0 0.0008908757081371732
513.0 0.0013118633432895876
514.0 0.0017328513422398828
515.0 0.0013070615750621073
516.0 0.0008812722626316827
517.0 0.000861342232383322
518.0 0.0008414122930844314
519.0 0.0010433462193759624
520.0 0.001245279963768553
521.0 0.0016477508324896917
522.0 0.0020502217012108304
523.0 0.0013747242519457359
524.0 0.0006992269845795818
525.0 0.0007692954568483401
526.0 0.0008393641110160388
527.0 0.0012116627658542711
528.0 0.0015839616025914438
529.0 0.0013241841770650353
530.0 0.0010644059329933953
531.0 0.0011220059604966082
532.0 0.001179605987999821
533.0 0.0008327296200150158
534.0 0.00048585329750494566
535.0 0.0010755991752375849
536.0 0.001665345007495489
537.0 0.0016475763914058916
538.0 0.001629807593417354
539.0 0.0011429232472437434
540.0 0.0006560387191711925
541.0 0.0007549490874225739
542.0 0.0008538594556739554
543.0 0.0013112045053276233
544.0 0.0017685497368802316
545.0 0.0011781142347899731
546.0 0.0005876790055481251
547.0 0.001242224061570596
548.0 0.0018967688447446562
549.0 0.0016386429706471972
550.0 0.001380517005600268
551.0 0.0014357307009049691
552.0 0.0014909443052602
553.0 0.0013016578122915234
554.0 0.0011123709555249661
555.0 0.0010144021871383302
556.0 0.0009164332368527539
557.0 0.0013063388905720785
558.0 0.0016962443623924628
559.0 0.0017109949112636968
560.0 0.0017257449144381098
561.0 0.0015711504602222703
562.0 0.0014165557331580203
563.0 0.0011568195986910723
564.0 0.000897083282325184
565.0 0.0016689449694240466
566.0 0.00244080711127026
567.0 0.002785847391351126
568.0 0.003130887489533052
569.0 0.002963406950584613
570.0 0.0027959262297372334
571.0 0.0026488942239666358
572.0 0.002501861672499217
573.0 0.0020194378521409817
574.0 0.001537014395580627
575.0 0.001992820580198895
576.0 0.0024486267648171633
577.0 0.002009875424846541
578.0 0.0015711248124716803
579.0 0.001687077383394353
580.0 0.0018030295905191451
581.0 0.0016372283425880596
582.0 0.0014714269127580337
583.0 0.0019279679690953344
584.0 0.0023845088435336947
585.0 0.002543498885643203
586.0 0.0027024891096516512
587.0 0.0020512889022938907
588.0 0.001400088058289839
589.0 0.0020346309611340985
590.0 0.002669173954927828
591.0 0.0018109853044734336
592.0 0.000952796563069569
593.0 0.0007671857019886374
594.0 0.0005815747044835007
595.0 0.001034678552969126
596.0 0.0014877823559800163
597.0 0.0013902442333346698
598.0 0.0012927060197398532
599.0 0.0009516681529930793
600.0 0.0006106304226705106
601.0 0.000535715071237064
602.0 0.00046079967432888225
603.0 0.0009351311746286228
604.0 0.0014094622201810125
605.0 0.0008887706826499198
606.0 0.00036807880405831384
607.0 0.0008134451491059735
608.0 0.0012588114259415306
609.0 0.0011981943316641264
610.0 0.0011375770554877818
611.0 0.001004936439130688
612.0 0.0008722956408746541
613.0 0.0008532118044968229
614.0 0.0008341280590684619
615.0 0.001290263571718242
616.0 0.001746399539115373
617.0 0.0021789557649753988
618.0 0.002611512172734365
619.0 0.0021848052710993215
620.0 0.0017580978237674572
621.0 0.0014729262147739064
622.0 0.0011877544238814153
623.0 0.0015394523870781995
624.0 0.0018911501683760434
625.0 0.001701884320937097
626.0 0.0015126187463465612
627.0 0.00187864679901395
628.0 0.0022446753064286895
629.0 0.0019867407900164835
630.0 0.0017288062736042775
631.0 0.0015638928744010627
632.0 0.0013989792023494374
633.0 0.001782641265890561
634.0 0.0021663037841790356
635.0 0.0051268703828100115
636.0 0.008087436435744166
637.0 0.01539860968478024
638.0 0.022709784389007837
639.0 0.019822854665108025
640.0 0.01693592348601669
641.0 0.014675917918793857
642.0 0.01241591526195407
643.0 0.00998837931547314
644.0 0.007560845551779494
645.0 0.006804073927924037
646.0 0.00604730230406858
647.0 0.0055307187722064555
648.0 0.005014135240344331
649.0 0.004093962343176827
650.0 0.0031737901736050844
651.0 0.0036420398828340694
652.0 0.0041102895920630544
653.0 0.0032837870094226673
654.0 0.00245728424488334
655.0 0.0027456244424683973
656.0 0.0030339650038513355
657.0 0.0029942739274702035
658.0 0.002954582669190131
659.0 0.0027503794626682065
660.0 0.002546176256146282
661.0 0.002748204678937327
662.0 0.0029502327379304916
663.0 0.0020470093659241684
664.0 0.0011437861758167855
665.0 0.0016470577975269407
666.0 0.0021503296011360362
667.0 0.0024252407456515357
668.0 0.002700152253964916
669.0 0.002004006637434941
670.0 0.0013078612937533762
671.0 0.0009394877451995853
672.0 0.0005711143330699997
673.0 0.0013133756510796957
674.0 0.002055637196463067
675.0 0.002139941898349207
676.0 0.002224246236437466
677.0 0.001926817640196532
678.0 0.0016293883163598366
679.0 0.0013710407984035555
680.0 0.0011126932804472744
681.0 0.0011697506124619395
682.0 0.001226807762577664
683.0 0.0023252485334523953
684.0 0.0034236898500239477
685.0 0.0028744583687512204
686.0 0.002325227796973195
687.0 0.001717960913083516
688.0 0.001110693938244367
689.0 0.0014425711924559437
690.0 0.0017744481738191098
691.0 0.0020885847334284335
692.0 0.0024027214749366976
693.0 0.002772996413114015
694.0 0.0031432715331902727
695.0 0.0032727297366363928
696.0 0.0034021872124867514
697.0 0.0036491408536676317
698.0 0.0038960941310506314
699.0 0.005732037607231177
700.0 0.007567980355815962
701.0 0.007157675281632692
702.0 0.006747370207449421
703.0 0.006201564247021452
704.0 0.005655757922795601
705.0 0.005136475374456495
706.0 0.0046171946451067924
707.0 0.0043387564801378176
708.0 0.004060317587573081
709.0 0.004201329647912644
710.0 0.004342342072050087
711.0 0.003912574538844638
712.0 0.0034828073694370687
713.0 0.0024544471671106294
714.0 0.00142608696478419
715.0 0.002162352939194534
716.0 0.002898618913604878
717.0 0.0025132712835329585
718.0 0.0021279232896631584
719.0 0.0016871008483576588
720.0 0.0012462780432542786
721.0 0.001148243791249115
722.0 0.001050209357345011
723.0 0.0009589199180481955
724.0 0.0008676302968524396
725.0 0.0012816577509511262
726.0 0.0016956853869487531
727.0 0.0017146774553111754
728.0 0.0017336695236735977
729.0 0.0018234919480164535
730.0 0.0019133143723593093
731.0 0.0014469545021711383
732.0 0.0009805948138819076
733.0 0.0009796271115192212
734.0 0.0009786593182070646
735.0 0.0010835207831405569
736.0 0.0011883818842761684
737.0 0.0013298419617058244
738.0 0.0014713017662870698
739.0 0.0011262408406764735
740.0 0.0007811799150658771
741.0 0.0009326806321041659
742.0 0.0010841812581929844
743.0 0.00152459642777103
744.0 0.0019650115063996054
745.0 0.0013160492926544975
746.0 0.0006670870789093897
747.0 0.001190578859677771
748.0 0.0017140704585472122
749.0 0.002364344982197508
750.0 0.0030146195058478042
751.0 0.002978776137751993
752.0 0.0029429327696561813
753.0 0.002949550253106281
754.0 0.002956167736556381
755.0 0.0019432638509897515
756.0 0.0009303597835241817
757.0 0.0018767850633594207
758.0 0.0028232105250936
759.0 0.0026977480956702493
760.0 0.002572285484347958
761.0 0.004305953552830033
762.0 0.006039623258402571
763.0 0.005581325603998266
764.0 0.005123027949593961
765.0 0.005113091901876032
766.0 0.005103157309349626
767.0 0.004474098386708647
768.0 0.0038450387364719063
769.0 0.003340533294249326
770.0 0.0028360283977235667
771.0 0.0037893994885962456
772.0 0.004742770397569984
773.0 0.003947515142499469
774.0 0.0031522595236310735
775.0 0.1447375980205834
776.0 1.611317849981031e-10
777.0 1.611317849981031e-10
778.0 1.611317849981031e-10
779.0 0.011487705342005938
780.0 0.035249421489425004
781.0 0.06250196602195501
782.0 0.11765907984226942
783.0 1.611317849981031e-10
784.0 1.611317849981031e-10
785.0 0.16532366862520576
786.0 1.611317849981031e-10
787.0 1.611317849981031e-10
788.0 0.042210795800201595
789.0 0.04518298665061593
790.0 0.046131640556268394
791.0 1.611317849981031e-10
792.0 0.10173056507483125
793.0 0.026523787528276443
794.0 0.041656746179796755
795.0 0.06879505817778409
796.0 0.1511761569418013
797.0 0.051283149514347315
798.0 0.08674361160956323
799.0 0.15576280420646071
800.0 0.2387356711551547
801.0 0.38388159591704607
802.0 0.6858843844383955
803.0 1.1276048608124256
804.0 1.9958741962909698
805.0 2.8866078704595566
806.0 4.560231044888496
807.0 6.441742926836014
808.0 8.50420892238617
809.0 11.175111681222916
810.0 14.284808933734894
811.0 17.628107964992523
812.0 20.61162441968918
813.0 23.70024174451828
814.0 26.80254876613617
815.0 31.11807107925415
816.0 36.135876178741455
817.0 41.86776280403137
818.0 47.88101017475128
819.0 53.9706289768219
820.0 61.67914867401123
821.0 69.52458620071411
822.0 75.32647848129272
823.0 80.7751476764679
824.0 85.86677312850952
825.0 90.39732813835144
826.0 93.43865513801575
827.0 95.58922052383423
828.0 98.19832444190979
829.0 98.73592257499695
830.0 98.76638054847717
831.0 98.86929988861084
832.0 98.67401719093323
833.0 99.4837999343872
834.0 98.53475689888
835.0 98.84900450706482
836.0 99.41273927688599
837.0 99.12441372871399
838.0 98.43127131462097
839.0 98.58157634735107
840.0 98.5762894153595
841.0 99.58498477935791
842.0 99.50212836265564
843.0 99.75351691246033
844.0 98.28023314476013
845.0 98.5844612121582
846.0 99.08677935600281
847.0 99.11667704582214
848.0 99.92420673370361
849.0 99.04184937477112
850.0 98.0674684047699
851.0 99.43875074386597
852.0 99.51287508010864
853.0 98.46884608268738
854.0 99.89559054374695
855.0 98.21688532829285
856.0 99.05157089233398
857.0 97.97060489654541
858.0 98.60878586769104
859.0 99.54560399055481
860.0 98.32183718681335
861.0 98.9205539226532
862.0 98.73383045196533
863.0 98.42772483825684
864.0 99.50255751609802
865.0 99.88406896591187
866.0 98.89721870422363
867.0 99.1895079612732
868.0 99.36845898628235
869.0 98.94698858261108
870.0 98.34056496620178
871.0 99.03091788291931
872.0 99.41682815551758
873.0 99.23880696296692
874.0 99.8624324798584
875.0 99.11159873008728
876.0 99.09207224845886
877.0 99.31000471115112
878.0 99.27904009819031
879.0 98.78456592559814
880.0 98.6274778842926
881.0 99.90465044975281
882.0 98.78289103507996
883.0 98.90570640563965
884.0 99.20191168785095
885.0 98.83759021759033
886.0 98.96556735038757
887.0 98.54733347892761
888.0 98.99342656135559
889.0 99.77638125419617
890.0 98.11036586761475
891.0 99.43837523460388
892.0 98.90497326850891
893.0 98.39659929275513
894.0 98.5794723033905
895.0 99.30720925331116
