lsstCam/transmission_filter_detector/r11_s01/z_20/19700101T000000.ecsv
# %ECSV 1.0
# ---
# datatype:
# - {name: wavelength, unit: nm, datatype: float32}
# - {name: efficiency, unit: '%', datatype: float64}
# meta: !!omap
# - {MODE: DETECTOR}
# - {TYPE: transmission_filter_detector}
# - {CALIBDATE: '1970-01-01T00:00:00'}
# - {INSTRUME: LSSTCam}
# - {OBSTYPE: transmission_filter_detector}
# - {CALIBCLS: lsst.ip.isr.IntermediateFilterDetectorTransmissionCurve}
# - {SOURCE: Materion (DM-46256)}
# - {DETECTOR: 37}
# - {FILTER: z_20}
# - {CALIB_ID: 'calibDate=1970-01-01T00:00:00 filter=z_20 detector=37'}
# - {DATE: '2025-04-02T15:59:48.806158'}
# - {CALIB_CREATION_DATE: '2025-04-02'}
# - {CALIB_CREATION_TIME: '15:59:48'}
# - __serialized_columns__:
#     efficiency:
#       __class__: astropy.units.quantity.Quantity
#       unit: !astropy.units.Unit {unit: '%'}
#       value: !astropy.table.SerializedColumn {name: efficiency}
#     wavelength:
#       __class__: astropy.units.quantity.Quantity
#       unit: !astropy.units.Unit {unit: nm}
#       value: !astropy.table.SerializedColumn {name: wavelength}
# schema: astropy-2.0
wavelength efficiency
[from data line 597]
897.0 99.40066337585449
898.0 98.749440908432
899.0 98.54774475097656
900.0 98.90452027320862
901.0 99.43111538887024
902.0 98.9753246307373
903.0 98.5543966293335
904.0 97.83496260643005
905.0 98.47919940948486
906.0 98.20852279663086
907.0 98.49972724914551
908.0 98.25524687767029
909.0 98.45213294029236
910.0 98.22946786880493
911.0 96.93650007247925
912.0 95.94020247459412
913.0 95.22918462753296
914.0 92.70076751708984
915.0 90.25416374206543
916.0 88.46468329429626
917.0 87.11714148521423
918.0 83.19451808929443
919.0 82.0795476436615
920.0 79.0484070777893
921.0 75.42238235473633
922.0 71.26439213752747
923.0 65.62409400939941
924.0 60.002291202545166
925.0 54.48708534240723
926.0 48.652201890945435
927.0 41.76596701145172
928.0 35.64328849315643
929.0 29.4726699590683
930.0 23.793751001358032
931.0 18.653418123722076
932.0 13.195551931858063
933.0 8.849305659532547
934.0 5.6892938911914825
935.0 3.5357944667339325
936.0 2.016499824821949
937.0 1.189699862152338
938.0 0.7133797742426395
939.0 0.3995690029114485
940.0 0.3462959313765168
941.0 0.10705962777137756
942.0 0.2254324033856392
943.0 0.23953705094754696
944.0 1.611317849981031e-10
945.0 0.23327250964939594
946.0 0.036850484320893884
947.0 1.611317849981031e-10
948.0 1.611317849981031e-10
949.0 1.611317849981031e-10
950.0 1.611317849981031e-10
951.0 0.021647577523253858
952.0 1.611317849981031e-10
953.0 0.028112216386944056
954.0 1.611317849981031e-10
955.0 1.611317849981031e-10
956.0 1.611317849981031e-10
957.0 1.611317849981031e-10
958.0 1.611317849981031e-10
959.0 0.009793281060410663
960.0 1.611317849981031e-10
961.0 0.025326022296212614
962.0 0.0008752223948249593
963.0 1.611317849981031e-10
964.0 1.611317849981031e-10
965.0 0.03681556263472885
966.0 1.611317849981031e-10
967.0 0.05268824752420187
968.0 1.611317849981031e-10
969.0 0.054333778098225594
970.0 1.611317849981031e-10
971.0 0.028153383755125105
972.0 0.06968488451093435
973.0 1.611317849981031e-10
974.0 1.611317849981031e-10
975.0 1.611317849981031e-10
976.0 0.006373216456267983
977.0 0.006342398410197347
978.0 0.006311582546913996
979.0 0.006128369568614289
980.0 0.00594515549892094
981.0 0.005839580626343377
982.0 0.005734006481361575
983.0 0.005584690006799065
984.0 0.0054353738960344344
985.0 0.005178992432774976
986.0 0.004922610241919756
987.0 0.004973125760443509
988.0 0.005023641642765142
989.0 0.004951160735799931
990.0 0.004878680192632601
991.0 0.004915401223115623
992.0 0.004952122253598645
993.0 0.004860214176005684
994.0 0.004768305370816961
995.0 0.004690490823122673
996.0 0.0046126762754283845
997.0 0.004495326356845908
998.0 0.004377976438263431
999.0 0.004365382847026922
1000.0 0.004352789255790412
1001.0 0.004478190021472983
1002.0 0.004603590787155554
1003.0 0.004500936847762205
1004.0 0.004398282544570975
1005.0 0.00430604413850233
1006.0 0.004213805732433684
1007.0 0.004293157326173969
1008.0 0.004372509283712134
1009.0 0.004426015220815316
1010.0 0.004479521521716379
1011.0 0.004599620297085494
1012.0 0.004719719072454609
1013.0 0.004496589099289849
1014.0 0.004273458762327209
1015.0 0.004444974547368474
1016.0 0.004616489604813978
1017.0 0.0048750065616331995
1018.0 0.0051335238822503015
1019.0 0.0048944555601337925
1020.0 0.004655386874219403
1021.0 0.004665150117943995
1022.0 0.004674912997870706
1023.0 0.0046502209443133324
1024.0 0.004625528526958078
1025.0 0.004738873758469708
1026.0 0.004852219353779219
1027.0 0.0048420039092889056
1028.0 0.004831788464798592
1029.0 0.004794983033207245
1030.0 0.004758177965413779
1031.0 0.004851933408644982
1032.0 0.004945688851876184
1033.0 0.004991653258912265
1034.0 0.005037618393544108
1035.0 0.0052379629778442904
1036.0 0.005438308289740235
1037.0 0.005538588811759837
1038.0 0.005638868969981559
1039.0 0.005503459760802798
1040.0 0.005368049460230395
1041.0 0.005769890412921086
1042.0 0.006171731365611777
1043.0 0.005702368798665702
1044.0 0.005233006595517509
1045.0 0.005912485357839614
1046.0 0.006591963756363839
1047.0 0.006246916018426418
1048.0 0.005901866825297475
1049.0 0.006045079862815328
1050.0 0.00618829217273742
1051.0 0.006484166078735143
1052.0 0.006780041439924389
1053.0 0.006852237856946886
1054.0 0.0069244350015651435
1055.0 0.007526140689151362
1056.0 0.008127847104333341
1057.0 0.007947927952045575
1058.0 0.00776800952735357
1059.0 0.007888002437539399
1060.0 0.008007993164937943
1061.0 0.008469083695672452
1062.0 0.008930174954002723
1063.0 0.008985677413875237
1064.0 0.009041180601343513
1065.0 0.009164571383735165
1066.0 0.009287965804105625
1067.0 0.00946052314247936
1068.0 0.009633081936044618
1069.0 0.010354220285080373
1070.0 0.011075358634116128
1071.0 0.01087071213987656
1072.0 0.01066606564563699
1073.0 0.010818769806064665
1074.0 0.010971474694088101
1075.0 0.011527964670676738
1076.0 0.01208445755764842
1077.0 0.01203362990054302
1078.0 0.011982800788246095
1079.0 0.013228152238298208
1080.0 0.01447350368835032
1081.0 0.01441597705706954
1082.0 0.014358454791363329
1083.0 0.014215752889867872
1084.0 0.014073049533180892
1085.0 0.014991180796641856
1086.0 0.015909314970485866
1087.0 0.01572980108903721
1088.0 0.015550288662780076
1089.0 0.016677204985171556
1090.0 0.01780411839717999
1091.0 0.018024530436377972
1092.0 0.018244936654809862
1093.0 0.01795611751731485
1094.0 0.017667296924628317
1095.0 0.018795416690409184
1096.0 0.019923537911381572
1097.0 0.020728327217511833
1098.0 0.021533117978833616
1099.0 0.02304387016920373
1100.0 0.02455461653880775
1101.0 0.024676526663824916
1102.0 0.02479843096807599
1103.0 0.02588062488939613
1104.0 0.02696281881071627
1105.0 0.02729692787397653
1106.0 0.02763103984761983
1107.0 0.028547269175760448
1108.0 0.029463498503901064
1109.0 0.030948748462833464
1110.0 0.03243399551138282
1111.0 0.03234226314816624
1112.0 0.03225053660571575
1113.0 0.033873162465170026
1114.0 0.03549579705577344
1115.0 0.03426164039410651
1116.0 0.03302748955320567
1117.0 0.03361089329700917
1118.0 0.03419429704081267
1119.0 0.03816327080130577
1120.0 0.042132241651415825
1121.0 0.043950360850431025
1122.0 0.045768485870212317
1123.0 0.04473325388971716
1124.0 0.04369802190922201
1125.0 0.04454160516615957
1126.0 0.04538519133348018
1127.0 0.04851642588619143
1128.0 0.05164766334928572
1129.0 0.0559795880690217
1130.0 0.06031151860952377
1131.0 0.06056348793208599
1132.0 0.06081545143388212
1133.0 0.06364654400385916
1134.0 0.06647763075307012
1135.0 0.0640830781776458
1136.0 0.061688513960689306
1137.0 0.06846624310128391
1138.0 0.07524398388341069
1139.0 0.0797741231508553
1140.0 0.08430422749370337
1141.0 0.09408132173120975
1142.0 0.10385839268565178
1143.0 0.12721256352961063
1144.0 0.15056668780744076
1145.0 0.3022436052560806
1146.0 0.45392056927084923
1147.0 0.9643017314374447
1148.0 1.4746829867362976
1149.0 1.6751442104578018
1150.0 1.8756067380309105
