lsstcam/qe_curves/r30_s22/19700101T000000.ecsv
# %ECSV 0.9
# ---
# datatype:
# - {name: amp_name, datatype: string}
# - {name: wavelength, unit: nm, datatype: float32}
# - {name: efficiency, unit: '%', datatype: float32}
# meta: !!omap
# - {MODE: AMP}
# - {TYPE: QE}
# - {CALIBDATE: '1970-01-01T00:00:00'}
# - {INSTRUME: LSSTCAM}
# - {OBSTYPE: qe_curves}
# - {DETECTOR: 125}
# - {PICKLEFILE: RaftRun11063.p}
# - {CALIB_ID: 'raftName=R30 detectorName=S22 detector=125 calibDate=1970-01-01T00:00:00 ccd=125 ccdnum=125 filter=None'}
# - {DATE: '2020-01-22T16:52:09.907710'}
# - {CALIB_CREATION_DATE: '2020-01-22'}
# - {CALIB_CREATION_TIME: '16:52:09'}
# - __serialized_columns__:
#     efficiency:
#       __class__: astropy.units.quantity.Quantity
#       unit: !astropy.units.Unit {unit: '%'}
#       value: !astropy.table.SerializedColumn {name: efficiency}
#     wavelength:
#       __class__: astropy.units.quantity.Quantity
#       unit: !astropy.units.Unit {unit: nm}
#       value: !astropy.table.SerializedColumn {name: wavelength}
# schema: astropy-2.0
amp_name wavelength efficiency
C13 319.994 46.93272
C13 324.969 52.919735
C13 349.982 77.154724
C13 374.975 80.5395
C13 400.019 85.63037
C13 424.965 87.2168
C13 450.035 88.69056
C13 475.003 90.885544
C13 500.018 92.9387
C13 525.002 94.734055
C13 550.029 96.06251
C13 575.023 97.38668
C13 599.982 98.407776
C13 619.997 98.394775
C13 624.979 98.40235
C13 650.012 98.61164
C13 675.004 98.69758
C13 700.03 98.21874
C13 725.012 97.79424
C13 750.022 98.09765
C13 774.987 98.35468
C13 799.976 97.553024
C13 824.988 95.97239
C13 850.022 93.67822
C13 869.967 90.69283
C13 875.002 89.64855
C13 899.999 82.3848
C13 919.999 73.83379
C13 925.012 71.02967
C13 949.965 58.604874
C13 975.002 43.40302
C13 999.976 26.769909
C13 1025.028 11.353543
C13 1050.014 3.857341
C13 1075.002 2.1331806
C13 1099.99 1.620355
C15 319.994 46.761497
C15 324.969 52.72976
C15 349.982 76.99291
C15 374.975 80.52424
C15 400.019 85.74747
C15 424.965 87.378334
C15 450.035 88.877525
C15 475.003 91.08801
C15 500.018 93.15504
C15 525.002 94.966225
C15 550.029 96.307014
C15 575.023 97.64468
C15 599.982 98.68077
C15 619.997 98.671455
C15 624.979 98.681465
C15 650.012 98.89934
C15 675.004 98.98864
C15 700.03 98.48068
C15 725.012 97.98323
C15 750.022 98.18891
C15 774.987 98.349236
C15 799.976 97.49192
C15 824.988 95.92521
C15 850.022 93.64427
C15 869.967 90.47612
C15 875.002 89.41441
C15 899.999 82.241776
C15 919.999 74.03183
C15 925.012 71.20521
C15 949.965 58.380714
C15 975.002 43.54649
C15 999.976 26.815945
C15 1025.028 11.525989
C15 1050.014 3.9070978
C15 1075.002 2.089869
C15 1099.99 1.6052326
C01 319.994 46.113674
C01 324.969 52.000767
C01 349.982 76.24382
C01 374.975 80.07098
C01 400.019 85.48327
C01 424.965 87.17569
C01 450.035 88.69529
C01 475.003 90.91919
C01 500.018 93.00203
C01 525.002 94.82743
C01 550.029 96.18576
C01 575.023 97.54903
C01 599.982 98.600136
C01 619.997 98.60867
C01 624.979 98.62247
C01 650.012 98.86174
C01 675.004 98.97845
C01 700.03 98.54833
C01 725.012 98.24025
C01 750.022 98.69151
C01 774.987 99.08894
C01 799.976 98.319046
C01 824.988 96.65945
C01 850.022 94.37765
C01 869.967 91.22361
C01 875.002 90.0996
C01 899.999 82.241714
C01 919.999 73.81168
C01 925.012 71.00269
C01 949.965 58.29174
C01 975.002 43.422485
C01 999.976 26.571285
C01 1025.028 11.463968
C01 1050.014 3.9227774
C01 1075.002 2.0937066
C01 1099.99 1.5969036
C00 319.994 45.937138
C00 324.969 51.8035
C00 349.982 75.89981
C00 374.975 79.69927
C00 400.019 85.206024
C00 424.965 86.9568
C00 450.035 88.51055
C00 475.003 90.75267
C00 500.018 92.84759
C00 525.002 94.6777
C00 550.029 96.040474
C00 575.023 97.398926
C00 599.982 98.4477
C00 619.997 98.456955
C00 624.979 98.467804
C00 650.012 98.70319
C00 675.004 98.811806
C00 700.03 98.36963
C00 725.012 98.03165
C00 750.022 98.43948
C00 774.987 98.79728
C00 799.976 98.00398
C00 824.988 96.33399
C00 850.022 94.012825
C00 869.967 90.87029
C00 875.002 89.76661
C00 899.999 81.843445
C00 919.999 73.42288
C00 925.012 70.64227
C00 949.965 57.99421
C00 975.002 43.21921
C00 999.976 26.373196
C00 1025.028 11.391067
C00 1050.014 3.9080229
C00 1075.002 2.0916557
C00 1099.99 1.5896686
C10 319.994 47.30346
C10 324.969 53.329918
C10 349.982 77.66884
C10 374.975 80.93938
C10 400.019 85.89595
C10 424.965 87.4206
C10 450.035 88.86872
C10 475.003 91.05055
C10 500.018 93.09319
C10 525.002 94.88122
C10 550.029 96.199554
C10 575.023 97.519196
C10 599.982 98.532875
C10 619.997 98.5142
C10 624.979 98.52037
C10 650.012 98.72324
C10 675.004 98.806984
C10 700.03 98.31873
C10 725.012 97.888985
C10 750.022 98.176544
C10 774.987 98.415825
C10 799.976 97.612434
C10 824.988 96.060486
C10 850.022 93.86179
C10 869.967 90.99915
C10 875.002 89.9704
C10 899.999 82.757996
C10 919.999 74.42628
C10 925.012 71.59693
C10 949.965 58.83228
C10 975.002 43.63081
C10 999.976 26.838238
C10 1025.028 11.512028
C10 1050.014 3.9660125
C10 1075.002 2.1954584
C10 1099.99 1.6456274
C16 319.994 46.609127
C16 324.969 52.560497
C16 349.982 76.76632
C16 374.975 80.34688
C16 400.019 85.6411
C16 424.965 87.30148
C16 450.035 88.81407
C16 475.003 91.0373
C16 500.018 93.10844
C16 525.002 94.92248
C16 550.029 96.26436
C16 575.023 97.608505
C16 599.982 98.643196
C16 619.997 98.63548
C16 624.979 98.64372
C16 650.012 98.86233
C16 675.004 98.95181
C16 700.03 98.43659
C16 725.012 97.89943
C16 750.022 98.05108
C16 774.987 98.16432
C16 799.976 97.28644
C16 824.988 95.7237
C16 850.022 93.454605
C16 869.967 90.260605
C16 875.002 89.205055
C16 899.999 81.94165
C16 919.999 74.0203
C16 925.012 71.151634
C16 949.965 58.253124
C16 975.002 43.361164
C16 999.976 26.72984
C16 1025.028 11.474175
C16 1050.014 3.9302151
C16 1075.002 2.088854
C16 1099.99 1.6002018
C17 319.994 46.494167
C17 324.969 52.42931
C17 349.982 76.5758
C17 374.975 80.14809
C17 400.019 85.52111
C17 424.965 87.22836
C17 450.035 88.76953
C17 475.003 91.009796
C17 500.018 93.0962
C17 525.002 94.9182
C17 550.029 96.2686
C17 575.023 97.61816
C17 599.982 98.65232
C17 619.997 98.644226
C17 624.979 98.6545
C17 650.012 98.87266
C17 675.004 98.95582
C17 700.03 98.42672
C17 725.012 97.855576
C17 750.022 97.9612
C17 774.987 98.02437
C17 799.976 97.12857
C17 824.988 95.568825
C17 850.022 93.27866
C17 869.967 90.10643
C17 875.002 89.03365
C17 899.999 81.76789
C17 919.999 73.84238
C17 925.012 71.18525
C17 949.965 57.982567
C17 975.002 43.37912
C17 999.976 26.535723
C17 1025.028 11.50071
C17 1050.014 3.9444416
C17 1075.002 2.0920434
C17 1099.99 1.5967354
C04 319.994 46.52733
C04 324.969 52.466137
C04 349.982 76.72081
C04 374.975 80.25299
C04 400.019 85.39211
C04 424.965 86.98518
C04 450.035 88.46177
C04 475.003 90.65579
C04 500.018 92.71087
C04 525.002 94.518845
C04 550.029 95.85935
C04 575.023 97.19958
C04 599.982 98.23613
C04 619.997 98.23276
C04 624.979 98.24663
C04 650.012 98.468925
C04 675.004 98.581566
C04 700.03 98.176025
C04 725.012 97.948746
C04 750.022 98.51183
C04 774.987 99.01491
C04 799.976 98.30048
C04 824.988 96.67902
C04 850.022 94.4358
C04 869.967 91.29201
C04 875.002 90.1885
C04 899.999 82.66512
C04 919.999 74.12466
C04 925.012 71.23789
C04 949.965 58.55516
C04 975.002 43.702682
C04 999.976 26.876043
C04 1025.028 11.5273695
C04 1050.014 3.949862
C04 1075.002 2.1145535
C04 1099.99 1.613721
C02 319.994 46.200012
C02 324.969 52.10177
C02 349.982 76.36849
C02 374.975 80.11058
C02 400.019 85.40645
C02 424.965 87.0537
C02 450.035 88.55238
C02 475.003 90.76133
C02 500.018 92.82662
C02 525.002 94.64671
C02 550.029 95.99768
C02 575.023 97.35617
C02 599.982 98.406815
C02 619.997 98.41158
C02 624.979 98.42883
C02 650.012 98.66373
C02 675.004 98.7789
C02 700.03 98.35743
C02 725.012 98.080154
C02 750.022 98.569016
C02 774.987 99.006775
C02 799.976 98.259285
C02 824.988 96.62447
C02 850.022 94.37573
C02 869.967 91.221794
C02 875.002 90.11061
C02 899.999 82.36893
C02 919.999 73.96449
C02 925.012 71.144356
C02 949.965 58.48612
C02 975.002 43.602962
C02 999.976 26.709105
C02 1025.028 11.491241
C02 1050.014 3.9312012
C02 1075.002 2.102785
C02 1099.99 1.6064928
C14 319.994 46.905533
C14 324.969 52.89133
C14 349.982 77.17751
C14 374.975 80.62614
C14 400.019 85.77714
C14 424.965 87.37929
C14 450.035 88.86631
C14 475.003 91.070206
C14 500.018 93.12837
C14 525.002 94.93437
C14 550.029 96.270096
C14 575.023 97.601395
C14 599.982 98.62765
C14 619.997 98.61936
C14 624.979 98.628136
C14 650.012 98.840454
C14 675.004 98.927086
C14 700.03 98.43037
C14 725.012 97.97585
C14 750.022 98.23003
C14 774.987 98.44197
C14 799.976 97.61193
C14 824.988 96.03933
C14 850.022 93.731186
C14 869.967 90.644455
C14 875.002 89.60112
C14 899.999 82.41831
C14 919.999 73.97399
C14 925.012 71.13061
C14 949.965 58.574894
C14 975.002 43.51161
C14 999.976 26.902
C14 1025.028 11.486101
C14 1050.014 3.878457
C14 1075.002 2.1092443
C14 1099.99 1.6128047
C03 319.994 46.413704
C03 324.969 52.340103
C03 349.982 76.627686
C03 374.975 80.26148
C03 400.019 85.47831
C03 424.965 87.09721
C03 450.035 88.5844
C03 475.003 90.78808
C03 500.018 92.85425
C03 525.002 94.6692
C03 550.029 96.01494
C03 575.023 97.36532
C03 599.982 98.40808
C03 619.997 98.412384
C03 624.979 98.424324
C03 650.012 98.65501
C03 675.004 98.766205
C03 700.03 98.35694
C03 725.012 98.10625
C03 750.022 98.63138
C03 774.987 99.10544
C03 799.976 98.377304
C03 824.988 96.74732
C03 850.022 94.50865
C03 869.967 91.37083
C03 875.002 90.271
C03 899.999 82.57515
C03 919.999 74.156105
C03 925.012 71.32896
C03 949.965 58.663845
C03 975.002 43.75183
C03 999.976 26.785952
C03 1025.028 11.506734
C03 1050.014 3.9522345
C03 1075.002 2.1193194
C03 1099.99 1.6143618
C05 319.994 46.66475
C05 324.969 52.62067
C05 349.982 76.912346
C05 374.975 80.36146
C05 400.019 85.40705
C05 424.965 86.95791
C05 450.035 88.415146
C05 475.003 90.59581
C05 500.018 92.644905
C05 525.002 94.44378
C05 550.029 95.7798
C05 575.023 97.1137
C05 599.982 98.144806
C05 619.997 98.14062
C05 624.979 98.14988
C05 650.012 98.37004
C05 675.004 98.48122
C05 700.03 98.085266
C05 725.012 97.87658
C05 750.022 98.4577
C05 774.987 98.97622
C05 799.976 98.27544
C05 824.988 96.655815
C05 850.022 94.38759
C05 869.967 91.29403
C05 875.002 90.209114
C05 899.999 82.827705
C05 919.999 73.99005
C05 925.012 71.08671
C05 949.965 58.629524
C05 975.002 43.636353
C05 999.976 26.914463
C05 1025.028 11.509627
C05 1050.014 3.9167113
C05 1075.002 2.1257381
C05 1099.99 1.6190637
C12 319.994 47.12885
C12 324.969 53.138004
C12 349.982 77.45933
C12 374.975 80.82085
C12 400.019 85.86785
C12 424.965 87.43014
C12 450.035 88.894646
C12 475.003 91.08577
C12 500.018 93.139175
C12 525.002 94.93764
C12 550.029 96.264114
C12 575.023 97.59298
C12 599.982 98.61421
C12 619.997 98.59705
C12 624.979 98.603226
C12 650.012 98.814095
C12 675.004 98.902054
C12 700.03 98.433205
C12 725.012 98.03142
C12 750.022 98.373146
C12 774.987 98.6694
C12 799.976 97.87754
C12 824.988 96.289024
C12 850.022 94.041016
C12 869.967 91.06927
C12 875.002 89.993324
C12 899.999 82.753456
C12 919.999 74.19652
C12 925.012 71.37924
C12 949.965 58.76868
C12 975.002 43.466637
C12 999.976 26.755737
C12 1025.028 11.374521
C12 1050.014 3.901786
C12 1075.002 2.167725
C12 1099.99 1.6332389
C11 319.994 47.10271
C11 324.969 53.108906
C11 349.982 77.39254
C11 374.975 80.710495
C11 400.019 85.70009
C11 424.965 87.239525
C11 450.035 88.69158
C11 475.003 90.87368
C11 500.018 92.91738
C11 525.002 94.70531
C11 550.029 96.02713
C11 575.023 97.3517
C11 599.982 98.36594
C11 619.997 98.3478
C11 624.979 98.35539
C11 650.012 98.56233
C11 675.004 98.64697
C11 700.03 98.18044
C11 725.012 97.78638
C11 750.022 98.12905
C11 774.987 98.422
C11 799.976 97.63736
C11 824.988 96.06948
C11 850.022 93.85731
C11 869.967 90.9268
C11 875.002 89.86122
C11 899.999 82.68834
C11 919.999 74.171295
C11 925.012 71.3329
C11 949.965 58.703503
C11 975.002 43.43567
C11 999.976 26.740107
C11 1025.028 11.41337
C11 1050.014 3.9234254
C11 1075.002 2.1789331
C11 1099.99 1.6358507
C06 319.994 46.72476
C06 324.969 52.691338
C06 349.982 77.0015
C06 374.975 80.40327
C06 400.019 85.387276
C06 424.965 86.91415
C06 450.035 88.355515
C06 475.003 90.52916
C06 500.018 92.57267
C06 525.002 94.366776
C06 550.029 95.69684
C06 575.023 97.03158
C06 599.982 98.06004
C06 619.997 98.05295
C06 624.979 98.06459
C06 650.012 98.283905
C06 675.004 98.391945
C06 700.03 97.99795
C06 725.012 97.78692
C06 750.022 98.359344
C06 774.987 98.87145
C06 799.976 98.16782
C06 824.988 96.55394
C06 850.022 94.30422
C06 869.967 91.303085
C06 875.002 90.222984
C06 899.999 82.873566
C06 919.999 73.83365
C06 925.012 70.96542
C06 949.965 58.72509
C06 975.002 43.61619
C06 999.976 26.900097
C06 1025.028 11.438969
C06 1050.014 3.9231331
C06 1075.002 2.1558514
C06 1099.99 1.6313347
C07 319.994 47.008648
C07 324.969 53.00514
C07 349.982 77.33675
C07 374.975 80.64892
C07 400.019 85.60649
C07 424.965 87.13248
C07 450.035 88.57906
C07 475.003 90.75854
C07 500.018 92.807045
C07 525.002 94.60312
C07 550.029 95.93247
C07 575.023 97.26015
C07 599.982 98.28645
C07 619.997 98.27045
C07 624.979 98.281494
C07 650.012 98.495255
C07 675.004 98.59453
C07 700.03 98.18341
C07 725.012 97.93374
C07 750.022 98.45286
C07 774.987 98.90681
C07 799.976 98.18343
C07 824.988 96.577995
C07 850.022 94.37056
C07 869.967 91.4169
C07 875.002 90.337296
C07 899.999 83.01237
C07 919.999 74.0275
C07 925.012 71.19197
C07 949.965 58.84747
C07 975.002 43.657894
C07 999.976 26.92111
C07 1025.028 11.503734
C07 1050.014 3.9968865
C07 1075.002 2.189739
C07 1099.99 1.6450379
