lsstCam/transmission_filter_detector/r43_s12/y_10/19700101T000000.ecsv
# %ECSV 1.0
# ---
# datatype:
# - {name: wavelength, unit: nm, datatype: float32}
# - {name: efficiency, unit: '%', datatype: float64}
# meta: !!omap
# - {MODE: DETECTOR}
# - {TYPE: transmission_filter_detector}
# - {CALIBDATE: '1970-01-01T00:00:00'}
# - {INSTRUME: LSSTCam}
# - {OBSTYPE: transmission_filter_detector}
# - {CALIBCLS: lsst.ip.isr.IntermediateFilterDetectorTransmissionCurve}
# - {SOURCE: Materion (DM-46256)}
# - {DETECTOR: 185}
# - {FILTER: y_10}
# - {CALIB_ID: 'calibDate=1970-01-01T00:00:00 filter=y_10 detector=185'}
# - {DATE: '2025-04-02T15:59:51.598770'}
# - {CALIB_CREATION_DATE: '2025-04-02'}
# - {CALIB_CREATION_TIME: '15:59:51'}
# - __serialized_columns__:
#     efficiency:
#       __class__: astropy.units.quantity.Quantity
#       unit: !astropy.units.Unit {unit: '%'}
#       value: !astropy.table.SerializedColumn {name: efficiency}
#     wavelength:
#       __class__: astropy.units.quantity.Quantity
#       unit: !astropy.units.Unit {unit: nm}
#       value: !astropy.table.SerializedColumn {name: wavelength}
# schema: astropy-2.0
wavelength efficiency
[from data line 576]
876.0 0.0017074858988053165
877.0 0.001555859125801362
878.0 0.0014042321708984673
879.0 0.0017108439351432025
880.0 0.05948225152678788
881.0 0.07568980217911303
882.0 0.05504410364665091
883.0 0.09553501149639487
884.0 0.05155504331924021
885.0 0.09784415597096086
886.0 0.04237057873979211
887.0 0.1119064399972558
888.0 0.06895771948620677
889.0 0.08107009925879538
890.0 0.05622110911644995
891.0 0.08594486862421036
892.0 0.06583232316188514
893.0 0.10421080514788628
894.0 0.06144364597275853
895.0 0.09427269687876105
896.0 0.07114293985068798
897.0 0.09220729698427022
898.0 0.06900164880789816
899.0 0.12571481056511402
900.0 0.08342537912540138
901.0 0.1105738221667707
902.0 0.1250450499355793
903.0 0.12884429888799787
904.0 0.1541129662655294
905.0 0.1587060745805502
906.0 0.17731159459799528
907.0 0.23259255103766918
908.0 0.2623757114633918
909.0 0.32016613986343145
910.0 0.4341593012213707
911.0 0.5786462221294641
912.0 0.8109019137918949
913.0 1.2161893770098686
914.0 1.708291471004486
915.0 2.521020732820034
916.0 3.6179710179567337
917.0 4.956526681780815
918.0 6.662540882825851
919.0 8.44595730304718
920.0 11.078637093305588
921.0 13.947731256484985
922.0 16.74143224954605
923.0 19.924800097942352
924.0 23.31661283969879
925.0 26.98856294155121
926.0 31.6716730594635
927.0 37.006670236587524
928.0 42.17926561832428
929.0 48.04598391056061
930.0 53.72917652130127
931.0 59.793198108673096
932.0 66.09747409820557
933.0 72.12560176849365
934.0 77.2223174571991
935.0 81.45743012428284
936.0 85.27291417121887
937.0 88.27155232429504
938.0 90.63862562179565
939.0 92.37459897994995
940.0 93.51258277893066
941.0 94.22778487205505
942.0 94.80058550834656
943.0 95.14829516410828
944.0 95.65584659576416
945.0 95.92092037200928
946.0 96.24542593955994
947.0 96.5019702911377
948.0 96.78801894187927
949.0 96.77302241325378
950.0 96.92986607551575
951.0 96.97349667549133
952.0 96.95873260498047
953.0 96.99636101722717
954.0 96.9991147518158
955.0 96.99165225028992
956.0 97.18443751335144
957.0 97.32939600944519
958.0 97.49497175216675
959.0 97.58650660514832
960.0 97.80048131942749
961.0 97.94747233390808
962.0 98.08571338653564
963.0 98.24087023735046
964.0 98.32653403282166
965.0 98.43348264694214
966.0 98.54300022125244
967.0 98.64082932472229
968.0 98.643559217453
969.0 98.68268370628357
970.0 98.7433671951294
971.0 98.78272414207458
972.0 98.81165027618408
973.0 98.88052940368652
974.0 98.87914061546326
975.0 98.83711338043213
976.0 98.91998767852783
977.0 98.91694188117981
978.0 98.96923899650574
979.0 98.95234107971191
980.0 98.92999529838562
981.0 98.84772896766663
982.0 98.84822368621826
983.0 98.89751076698303
984.0 98.86367917060852
985.0 98.8525927066803
986.0 98.70858192443848
987.0 98.82057905197144
988.0 98.66573214530945
989.0 98.63229393959045
990.0 98.56597185134888
991.0 98.55443835258484
992.0 98.58006238937378
993.0 98.49656224250793
994.0 98.4601080417633
995.0 98.46800565719604
996.0 98.43566417694092
997.0 98.51948022842407
998.0 98.53687882423401
999.0 98.56278896331787
1000.0 98.59154224395752
1001.0 98.61740469932556
1002.0 98.73607158660889
1003.0 98.78562688827515
1004.0 98.88637661933899
1005.0 98.85557889938354
1006.0 98.97912740707397
1007.0 98.9908218383789
1008.0 98.99982213973999
1009.0 98.98491501808167
1010.0 99.01881217956543
1011.0 99.04008507728577
1012.0 98.96387457847595
1013.0 98.96498322486877
1014.0 98.95676970481873
1015.0 98.92557859420776
1016.0 98.88871908187866
1017.0 98.89801144599915
1018.0 98.93665313720703
1019.0 98.83747100830078
1020.0 98.87321591377258
1021.0 98.9539623260498
1022.0 98.83143305778503
1023.0 98.85734915733337
1024.0 98.82884621620178
1025.0 98.82400035858154
1026.0 98.83286356925964
1027.0 98.95224571228027
1028.0 98.8145112991333
1029.0 98.93893003463745
1030.0 98.99120926856995
1031.0 99.02825355529785
1032.0 98.98601174354553
1033.0 98.92985224723816
1034.0 98.98216128349304
1035.0 99.0099549293518
1036.0 98.97292256355286
1037.0 98.97591471672058
1038.0 98.89698028564453
1039.0 98.9056944847107
1040.0 98.80967736244202
1041.0 98.9273726940155
1042.0 98.86215329170227
1043.0 98.79027605056763
1044.0 98.83350133895874
1045.0 98.54390025138855
1046.0 98.75627160072327
1047.0 98.63636493682861
1048.0 98.6690104007721
1049.0 98.54754209518433
1050.0 98.5899031162262
1051.0 98.5324501991272
1052.0 98.56523871421814
1053.0 98.40333461761475
1054.0 98.64563345909119
1055.0 98.74210953712463
1056.0 98.54076504707336
1057.0 98.61999154090881
1058.0 98.50906133651733
1059.0 98.52226972579956
1060.0 98.65931272506714
1061.0 98.61019849777222
1062.0 98.6680805683136
1063.0 98.59837889671326
1064.0 98.6972451210022
1065.0 98.71028065681458
1066.0 98.80197048187256
1067.0 98.80030751228333
1068.0 98.81781935691833
1069.0 98.52534532546997
1070.0 98.98337125778198
1071.0 98.635733127594
1072.0 98.83541464805603
1073.0 98.93501400947571
1074.0 98.50524663925171
1075.0 98.49779009819031
1076.0 98.24835658073425
1077.0 98.74314665794373
1078.0 98.77407550811768
1079.0 98.52568507194519
1080.0 99.22727942466736
1081.0 98.62626791000366
1082.0 98.43477010726929
1083.0 98.44777584075928
1084.0 98.88121485710144
1085.0 98.79071712493896
1086.0 98.55901002883911
1087.0 98.5150396823883
1088.0 98.22348952293396
1089.0 98.27262163162231
1090.0 98.42348098754883
1091.0 98.58507513999939
1092.0 98.68569374084473
1093.0 98.48059415817261
1094.0 98.13777804374695
1095.0 98.14652800559998
1096.0 98.5348641872406
1097.0 98.03819060325623
1098.0 97.71093726158142
1099.0 98.4498381614685
1100.0 98.07878136634827
