lsstCam/transmission_filter_detector/r43_s12/y_10/19700101T000000.ecsv
# %ECSV 1.0
# ---
# datatype:
# - {name: wavelength, unit: nm, datatype: float32}
# - {name: efficiency, unit: '%', datatype: float64}
# meta: !!omap
# - {MODE: DETECTOR}
# - {TYPE: transmission_filter_detector}
# - {CALIBDATE: '1970-01-01T00:00:00'}
# - {INSTRUME: LSSTCam}
# - {OBSTYPE: transmission_filter_detector}
# - {CALIBCLS: lsst.ip.isr.IntermediateFilterDetectorTransmissionCurve}
# - {SOURCE: Materion (DM-46256)}
# - {DETECTOR: 185}
# - {FILTER: y_10}
# - {CALIB_ID: 'calibDate=1970-01-01T00:00:00 filter=y_10 detector=185'}
# - {DATE: '2025-04-02T15:59:51.598770'}
# - {CALIB_CREATION_DATE: '2025-04-02'}
# - {CALIB_CREATION_TIME: '15:59:51'}
# - __serialized_columns__:
#     efficiency:
#       __class__: astropy.units.quantity.Quantity
#       unit: !astropy.units.Unit {unit: '%'}
#       value: !astropy.table.SerializedColumn {name: efficiency}
#     wavelength:
#       __class__: astropy.units.quantity.Quantity
#       unit: !astropy.units.Unit {unit: nm}
#       value: !astropy.table.SerializedColumn {name: wavelength}
# schema: astropy-2.0
wavelength efficiency
300.0 0.02033153286902234
301.0 0.02121899015037343
302.0 0.02210644743172452
303.0 0.018191765411756933
304.0 0.014277081936597824
305.0 0.013336577103473246
306.0 0.012396073725540191
307.0 0.011307349632261321
308.0 0.01021862481138669
309.0 0.010404227941762656
310.0 0.010589830344542861
311.0 0.007759859727229923
312.0 0.004929887654725462
313.0 0.00435696892964188
314.0 0.0037840483855688944
315.0 0.0038718862924724817
316.0 0.00395972492697183
317.0 0.0037020119634689763
318.0 0.0034442986361682415
319.0 0.0029762670237687416
320.0 0.0025082348656724207
321.0 0.003947865479858592
322.0 0.005387496275943704
323.0 0.003556476440280676
324.0 0.0017254566046176478
325.0 0.002330197639821563
326.0 0.0029349384931265377
327.0 0.0026397905457997695
328.0 0.002344642962270882
329.0 0.002580003820185084
330.0 0.0028153644962003455
331.0 0.0021238574845483527
332.0 0.0014323503819468897
333.0 0.0015168422578426544
334.0 0.0016013340427889489
335.0 0.0021141520846867934
336.0 0.002626969762786757
337.0 0.0022197838916326873
338.0 0.0018125982023775578
339.0 0.0016522457372047938
340.0 0.0014918929082341492
341.0 0.0017167498299386352
342.0 0.0019416067516431212
343.0 0.002073800169455353
344.0 0.0022059937691665255
345.0 0.001318858176091453
346.0 0.00043172258301638067
347.0 0.0007614838523295475
348.0 0.0010912450306932442
349.0 0.0014038891094969586
350.0 0.0017165330064017326
351.0 0.0015974022971931845
352.0 0.001478271315136226
353.0 0.0014955096958146896
354.0 0.0015127478036447428
355.0 0.0019718183466466144
356.0 0.0024308887077495456
357.0 0.0016858262824825943
358.0 0.0009407636753167026
359.0 0.0008831914783513639
360.0 0.0008256192813860252
361.0 0.0009826706445892341
362.0 0.0011397219168429729
363.0 0.0011052828085666988
364.0 0.001070843791239895
365.0 0.001159216117230244
366.0 0.001247588443220593
367.0 0.0016061609130701981
368.0 0.0019647335648187436
369.0 0.0017294409190071747
370.0 0.0014941480003471952
371.0 0.0016324172975146212
372.0 0.001770686503732577
373.0 0.0019455661458778195
374.0 0.002120445788023062
375.0 0.00286534741462674
376.0 0.003610248677432537
377.0 0.004036637619719841
378.0 0.004463026562007144
379.0 0.004238158362568356
380.0 0.004013290163129568
381.0 0.0032486386771779507
382.0 0.0024839868274284527
383.0 0.001868753315648064
384.0 0.0012535198038676754
385.0 0.0009215962563757785
386.0 0.0005896727088838816
387.0 0.0005968356617813697
388.0 0.0006039987511030631
389.0 0.0005144796432432486
390.0 0.00042496048990869895
391.0 0.0005117202363180695
392.0 0.0005984799827274401
393.0 0.000680843595546321
394.0 0.0007632071174157318
395.0 0.000803914554126095
396.0 0.0008446219908364583
397.0 0.0008684850399731658
398.0 0.0008923481800593436
399.0 0.001079432331607677
400.0 0.0012665163922065403
401.0 0.0015704752513556741
402.0 0.0018744338376563974
403.0 0.001962362148333341
404.0 0.0020502900952124037
405.0 0.0019748640625039116
406.0 0.001899437847896479
407.0 0.0018422493667458184
408.0 0.0017850608855951577
409.0 0.0017520647816127166
410.0 0.0017190688595292158
411.0 0.0009097181646211538
412.0 0.00010036751518782694
413.0 0.00016832016171974828
414.0 0.0002362725808779942
415.0 9.508478342468152e-05
416.0 1.7194834965594818e-10
417.0 1.7194834965594818e-10
418.0 1.7194834965594818e-10
419.0 0.0002811746526276693
420.0 0.0008064970643317793
421.0 0.00032838286188052734
422.0 1.7194834965594818e-10
423.0 1.7194834965594818e-10
424.0 1.7194834965594818e-10
425.0 1.7194834965594818e-10
426.0 1.7194834965594818e-10
427.0 0.00025939580154954456
428.0 0.0011092741260654293
429.0 0.00011238364550081315
430.0 1.7194834965594818e-10
431.0 1.7194834965594818e-10
432.0 1.7194834965594818e-10
433.0 1.7194834965594818e-10
434.0 1.7194834965594818e-10
435.0 1.7194834965594818e-10
436.0 0.00023588295334775466
437.0 7.136763997550588e-05
438.0 1.7194834965594818e-10
439.0 8.91861304808117e-05
440.0 0.0002715199798331014
441.0 1.7194834965594818e-10
442.0 1.7194834965594818e-10
443.0 1.7194834965594818e-10
444.0 0.00029596342301374534
445.0 0.00012029501021970646
446.0 1.7194834965594818e-10
447.0 1.7194834965594818e-10
448.0 1.7194834965594818e-10
449.0 1.7194834965594818e-10
450.0 6.434843271563295e-05
451.0 1.7194834965594818e-10
452.0 1.7194834965594818e-10
453.0 1.7194834965594818e-10
454.0 1.7194834965594818e-10
455.0 1.7194834965594818e-10
456.0 0.0001485831262471038
457.0 0.00013130893421475776
458.0 0.00011403467397030909
459.0 0.00024853368358890293
460.0 0.0003830326477327617
461.0 0.0001450745116926555
462.0 1.7194834965594818e-10
463.0 0.00020387278709677048
464.0 0.0005006291758036241
465.0 0.0006047974693501601
466.0 0.0007089658993209014
467.0 0.000655503390589729
468.0 0.0006020408363838214
469.0 0.0010441889571666252
470.0 0.001486337168898899
471.0 0.001159649036708288
472.0 0.0008329611773660872
473.0 0.0017165764802484773
474.0 0.0026001916921813972
475.0 0.0025339095373055898
476.0 0.0024676273824297823
477.0 0.0023395086827804334
478.0 0.002211389619333204
479.0 0.002511813545424957
480.0 0.00281223765341565
481.0 0.0032190000638365746
482.0 0.003625762474257499
483.0 0.0036255882150726393
484.0 0.003625413592089899
485.0 0.0032594107324257493
486.0 0.0028934078727615997
487.0 0.0023710528694209643
488.0 0.0018486982298782095
489.0 0.0019009068637387827
490.0 0.0019531156794982962
491.0 0.0017925858628586866
492.0 0.0016320558643201366
493.0 0.0016460662664030679
494.0 0.0016600764865870588
495.0 0.0016910516933421604
496.0 0.0017220267181983218
497.0 0.0015294484910555184
498.0 0.0013368700820137747
499.0 0.0013741313523496501
500.0 0.0014113922588876449
501.0 0.0019489118130877614
502.0 0.002486431367287878
503.0 0.002585143556643743
504.0 0.002683855564100668
505.0 0.0024381135517614894
506.0 0.0021923713575233705
507.0 0.0019995259208371863
508.0 0.001806680484151002
509.0 0.0017676715287961997
510.0 0.001728662391542457
511.0 0.0019264260117779486
512.0 0.0021241894501144998
513.0 0.001891025749500841
514.0 0.0016578618669882417
515.0 0.0017334863514406607
516.0 0.001809110472095199
517.0 0.001395227991451975
518.0 0.0009813452379603405
519.0 0.0011349587111908477
520.0 0.001288572275370825
521.0 0.0012140340004407335
522.0 0.001139495725510642
523.0 0.0012314648301980924
524.0 0.0013234342077339534
525.0 0.0017618212950765155
526.0 0.002200208473368548
527.0 0.0023516624423791654
528.0 0.002503116411389783
529.0 0.002553759259171784
530.0 0.0026044019250548445
531.0 0.002343201049370691
532.0 0.0020820003555854782
533.0 0.0019777584384428337
534.0 0.0018735167031991296
535.0 0.00173373737197835
536.0 0.00159395785885863
537.0 0.0016892279745661654
538.0 0.0017844980902737007
539.0 0.0024702723749214783
540.0 0.003156046659569256
541.0 0.0037304631405277178
542.0 0.0043048796214861795
543.0 0.004493528103921562
544.0 0.004682176950154826
545.0 0.0045183871407061815
546.0 0.004354596967459656
547.0 0.0040255985368276015
548.0 0.003696599742397666
549.0 0.0033695887395879254
550.0 0.0030425777367781848
551.0 0.002456559923302848
552.0 0.001870542109827511
553.0 0.002207557190558873
554.0 0.002544572635088116
555.0 0.0029952256227261387
556.0 0.0034458786103641614
557.0 0.004111997623112984
558.0 0.004778116635861807
559.0 0.004620283289114013
560.0 0.00446244994236622
561.0 0.0040833863749867305
562.0 0.003704322807607241
563.0 0.003346954326843843
564.0 0.002989585482282564
565.0 0.0032251045922748744
566.0 0.003460623338469304
567.0 0.004266591349733062
568.0 0.005072558269603178
569.0 0.005691786282113753
570.0 0.00631101502222009
571.0 0.006798734102630988
572.0 0.007286452455446124
573.0 0.007215871301013976
574.0 0.00714529087417759
575.0 0.006797321839258075
576.0 0.006449352076742798
577.0 0.005954492371529341
578.0 0.005459632666315883
579.0 0.005105534728500061
580.0 0.004751436790684238
581.0 0.005344999590306543
582.0 0.0059385623899288476
583.0 0.007512397860409692
584.0 0.00908623478608206
585.0 0.0103470723843202
586.0 0.011607912892941386
587.0 0.011456458742031828
588.0 0.011305006773909554
589.0 0.010562591342022642
590.0 0.009820179548114538
591.0 0.009236620098818094
592.0 0.008653060649521649
593.0 0.007636214286321774
594.0 0.006619367195526138
595.0 0.005898323070141487
596.0 0.005177277125767432
597.0 0.005425081690191291
598.0 0.00567288625461515
599.0 0.0065895124862436205
600.0 0.007506139809265733
601.0 0.008538321708329022
602.0 0.00957050287979655
603.0 0.010083275992656127
604.0 0.010596049105515704
605.0 0.010301192378392443
606.0 0.010006337834056467
607.0 0.009694192704046145
608.0 0.009382046846440062
609.0 0.008242947660619393
610.0 0.007103848474798724
611.0 0.0055698856158414856
612.0 0.004035922393086366
613.0 0.0037039153539808467
614.0 0.003371908314875327
615.0 0.0036108645872445777
616.0 0.0038498208596138284
617.0 0.005049033643445
618.0 0.00624824533588253
619.0 0.007842759077902883
620.0 0.009437272092327476
621.0 0.010175787610933185
622.0 0.010914302401943132
623.0 0.01086420743376948
624.0 0.010814111738000065
625.0 0.01043733864207752
626.0 0.010060564090963453
627.0 0.008866238204063848
628.0 0.007671911589568481
629.0 0.006236077024368569
630.0 0.004800241731572896
631.0 0.003766451118281111
632.0 0.0027326608687872067
633.0 0.0027198595489608124
634.0 0.0027070584110333584
635.0 0.002737097383942455
636.0 0.002767135993053671
637.0 0.0034222066460642964
638.0 0.004077277117175981
639.0 0.004843342685489915
640.0 0.005609408253803849
641.0 0.005730446719098836
642.0 0.005851485184393823
643.0 0.005677702210959978
644.0 0.005503918873728253
645.0 0.005105233140056953
646.0 0.004706547406385653
647.0 0.004135504423175007
648.0 0.0035644610761664808
649.0 0.003030025072803255
650.0 0.002495588705642149
651.0 0.0023180955395218916
652.0 0.0021406023734016344
653.0 0.0019102841179119423
654.0 0.0016799660443211906
655.0 0.002012770164583344
656.0 0.0023455748305423185
657.0 0.0021033225493738428
658.0 0.001861070268205367
659.0 0.0016151383533724584
660.0 0.0013692062566406094
661.0 0.0015548408555332571
662.0 0.0017404758182237856
663.0 0.001959384280780796
664.0 0.0021782927433378063
665.0 0.0023714073904557154
666.0 0.0025645225832704455
667.0 0.0029847451514797285
668.0 0.0034049680834868923
669.0 0.004406411244417541
670.0 0.005407853677752428
671.0 0.006330877658911049
672.0 0.007253900548676029
673.0 0.007482389628421515
674.0 0.007710878708167002
675.0 0.007327306957449764
676.0 0.006943733023945242
677.0 0.006665048567811027
678.0 0.006386363384081051
679.0 0.005389457874116488
680.0 0.004392552364151925
681.0 0.0029296654247445986
682.0 0.0014667777577415109
683.0 0.0008317327228724025
684.0 0.00019668777895276435
685.0 0.00021786811430501984
686.0 0.0002390483814451727
687.0 0.00027207947823626455
688.0 0.00030511050681525376
689.0 0.0003963631570513826
690.0 0.0004876158072875114
691.0 0.00033497212825750466
692.0 0.0001823284492274979
693.0 0.0002461199073877651
694.0 0.00030991122912382707
695.0 0.00019324190816405462
696.0 7.657254172954708e-05
697.0 0.00033053588595066685
698.0 0.0005844992756465217
699.0 0.00036744147564604646
700.0 0.0001503837211203063
701.0 1.7194834965594818e-10
702.0 1.7194834965594818e-10
703.0 0.00011891803524122224
704.0 0.0004673959210776957
705.0 0.00031899262467049994
706.0 0.0001705892486825178
707.0 0.00011805083204308175
708.0 6.551242677232949e-05
709.0 0.0002444093752274057
710.0 0.00042330630094511434
711.0 0.0002758551545412047
712.0 0.0001284039399251924
713.0 0.0001064394268723845
714.0 8.44748797135253e-05
715.0 0.00010218577699561138
716.0 0.0001198966174342786
717.0 0.00017898273654282093
718.0 0.00023806874196452554
719.0 0.00022900364911038196
720.0 0.00021993860173097346
721.0 0.000415189606428612
722.0 0.0006104405656515155
723.0 0.0004541124781098915
724.0 0.00029778443604300264
725.0 0.0003103591780018178
726.0 0.0003229340109101031
727.0 0.00030791989047429524
728.0 0.0002929056790890172
729.0 0.00019163117030984722
730.0 9.035657626554894e-05
731.0 0.000160292233886139
732.0 0.0002302277152921306
733.0 0.0002951902615677682
734.0 0.00036015301247971365
735.0 0.00047693943088233937
736.0 0.0005937258720223326
737.0 0.0007106673365342431
738.0 0.0008276087100966834
739.0 0.0006252746516111074
740.0 0.00042294063860026654
741.0 0.0003634336053437437
742.0 0.0003039266402993235
743.0 0.0003692963218782097
744.0 0.00043466607166919857
745.0 0.0004767810423800256
746.0 0.000518896194989793
747.0 0.0004448856088856701
748.0 0.00037087527289259015
749.0 0.00040099262150761206
750.0 0.00043110990191053133
751.0 9.404195679962868e-05
752.0 1.7194834965594818e-10
753.0 5.3286760248738574e-05
754.0 0.00034959941785928095
755.0 0.0003847485004371265
756.0 0.0004198975602776045
757.0 0.00039541532714792993
758.0 0.00037093277569510974
759.0 0.00024678702175151557
760.0 0.0001226410972776648
761.0 0.00012720556696876884
762.0 0.00013176980928619741
763.0 0.0002844826894943253
764.0 0.00043719551285903435
765.0 0.00025517783797113225
766.0 7.31601801362558e-05
767.0 5.5286096767304116e-05
768.0 3.7411990660984884e-05
769.0 0.00012418422556947917
770.0 0.00021095650026836665
771.0 0.00010881979051191593
772.0 6.683053044298504e-06
773.0 0.00011892566362803336
774.0 0.00023116820102586644
775.0 0.0004335455741966143
776.0 0.0006359228791552596
777.0 0.0003352208977958071
778.0 3.451883117122634e-05
779.0 0.00046497752919094637
780.0 0.0008954361874202732
781.0 0.0008228769729612395
782.0 0.000750317849451676
783.0 0.000706680839357432
784.0 0.0006630440566368634
785.0 0.00047269500100810546
786.0 0.00028234599085408263
787.0 0.0005377536126616178
788.0 0.0007931613254186232
789.0 0.0006154761649668217
790.0 0.00043779091356555
791.0 0.0006155602022772655
792.0 0.000793329490988981
793.0 0.0008423079634667374
794.0 0.0008912863449950237
795.0 0.0005881610832147999
796.0 0.00028503586690931115
797.0 0.000536588731847587
798.0 0.000788141642260598
799.0 0.0008942806744016707
800.0 0.0010004197065427434
801.0 0.0008355559657502454
802.0 0.0006706922704324825
803.0 0.0006767649210814852
804.0 0.000682837571730488
805.0 0.0007616230050189188
806.0 0.0008404083928326145
807.0 0.000989540512819076
808.0 0.0011386727237550076
809.0 0.0010000882866734173
810.0 0.0008615039405412972
811.0 0.0008328530384460464
812.0 0.000804202318249736
813.0 0.000669133032715763
814.0 0.0005340638836059952
815.0 0.0002607957640066161
816.0 1.7194834965594818e-10
817.0 0.00019944802716054255
818.0 0.0004113686372875236
819.0 0.0003441759190536686
820.0 0.0002769832235571812
821.0 0.000439835184806725
822.0 0.0006026871687936364
823.0 0.00045069550651533064
824.0 0.00029870407161070034
825.0 0.00033690823784127133
826.0 0.0003751124495465774
827.0 0.00048336473810195457
828.0 0.0005916168902331265
829.0 0.0007991983693500515
830.0 0.001006779530143831
831.0 0.001029279883368872
832.0 0.0010517802365939133
833.0 0.0009972321095119696
834.0 0.0009426839824300259
835.0 0.000612019312029588
836.0 0.00028135475531598786
837.0 0.0006376816600095481
838.0 0.0009940084964910056
839.0 0.0009628857696952764
840.0 0.0009317630428995471
841.0 0.0006754013156751171
842.0 0.0004190395429759519
843.0 0.0004618929779098835
844.0 0.0005047465947427554
845.0 0.0008149417226377409
846.0 0.0011251368960074615
847.0 0.000787718909123214
848.0 0.00045030096771370154
849.0 0.0007979111614986323
850.0 0.0011455214007582981
851.0 0.0007479592113668332
852.0 0.00035039722661167616
853.0 0.0004576693754643202
854.0 0.0005649418199027423
855.0 0.0006404249234037707
856.0 0.000715907981430064
857.0 0.0008854264706315007
858.0 0.0010549448234087322
859.0 0.0010688273505365942
860.0 0.001082709786714986
861.0 0.0011308777175145224
862.0 0.001179045739263529
863.0 0.0013438739188131876
864.0 0.0015087020074133761
865.0 0.0017211796148330905
866.0 0.0019336575860506855
867.0 0.002317264625162352
868.0 0.0027008722099708393
869.0 0.002694565955607686
870.0 0.0026882598831434734
871.0 0.0028854732590843923
872.0 0.0030826868169242516
873.0 0.0026101182811544277
874.0 0.002137549927283544
