lsstCam/transmission_filter_detector/r33_s01/i_39/19700101T000000.ecsv
# %ECSV 1.0
# ---
# datatype:
# - {name: wavelength, unit: nm, datatype: float32}
# - {name: efficiency, unit: '%', datatype: float64}
# meta: !!omap
# - {MODE: DETECTOR}
# - {TYPE: transmission_filter_detector}
# - {CALIBDATE: '1970-01-01T00:00:00'}
# - {INSTRUME: LSSTCam}
# - {OBSTYPE: transmission_filter_detector}
# - {CALIBCLS: lsst.ip.isr.IntermediateFilterDetectorTransmissionCurve}
# - {SOURCE: Materion (DM-46256)}
# - {DETECTOR: 145}
# - {FILTER: i_39}
# - {CALIB_ID: 'calibDate=1970-01-01T00:00:00 filter=i_39 detector=145'}
# - {DATE: '2025-04-02T15:59:47.151089'}
# - {CALIB_CREATION_DATE: '2025-04-02'}
# - {CALIB_CREATION_TIME: '15:59:47'}
# - __serialized_columns__:
#     efficiency:
#       __class__: astropy.units.quantity.Quantity
#       unit: !astropy.units.Unit {unit: '%'}
#       value: !astropy.table.SerializedColumn {name: efficiency}
#     wavelength:
#       __class__: astropy.units.quantity.Quantity
#       unit: !astropy.units.Unit {unit: nm}
#       value: !astropy.table.SerializedColumn {name: wavelength}
# schema: astropy-2.0
wavelength efficiency
[from data line 596]
896.0 1.5798786974843826e-10
897.0 1.5798786974843826e-10
898.0 1.5798786974843826e-10
899.0 1.420618644942806e-05
900.0 5.4974759677861584e-05
901.0 1.5798786974843826e-10
902.0 1.5798786974843826e-10
903.0 1.5798786974843826e-10
904.0 1.5798786974843826e-10
905.0 3.694421195632458e-05
906.0 8.893613312466186e-05
907.0 1.5798786974843826e-10
908.0 1.5798786974843826e-10
909.0 1.5798786974843826e-10
910.0 9.10127369024849e-05
911.0 4.634283925497584e-05
912.0 1.6729240215340724e-06
913.0 1.5798786974843826e-10
914.0 1.5798786974843826e-10
915.0 1.5798786974843826e-10
916.0 1.9311713117531326e-05
917.0 1.5798786974843826e-10
918.0 1.5798786974843826e-10
919.0 1.5798786974843826e-10
920.0 1.5798786974843826e-10
921.0 1.5798786974843826e-10
922.0 1.5798786974843826e-10
923.0 1.5798786974843826e-10
924.0 4.85146074424847e-05
925.0 5.564779144151544e-05
926.0 6.27810038622556e-05
927.0 1.5798786974843826e-10
928.0 1.5798786974843826e-10
929.0 1.5798786974843826e-10
930.0 1.5798786974843826e-10
931.0 1.5798786974843826e-10
932.0 1.5798786974843826e-10
933.0 1.5798786974843826e-10
934.0 1.5798786974843826e-10
935.0 1.5798786974843826e-10
936.0 1.5798786974843826e-10
937.0 1.5798786974843826e-10
938.0 6.3753873291716445e-06
939.0 1.5798786974843826e-10
940.0 1.5798786974843826e-10
941.0 1.5798786974843826e-10
942.0 0.0001478196509197005
943.0 0.0002075762267850223
944.0 0.00026733282538771164
945.0 1.5798786974843826e-10
946.0 1.5798786974843826e-10
947.0 1.5798786974843826e-10
948.0 0.0001583751668476907
949.0 9.543261967337457e-05
950.0 3.2490140711161075e-05
951.0 1.5798786974843826e-10
952.0 1.5798786974843826e-10
953.0 1.5798786974843826e-10
954.0 2.605086979468041e-08
955.0 1.5798786974843826e-10
956.0 1.5798786974843826e-10
957.0 1.5798786974843826e-10
958.0 1.5798786974843826e-10
959.0 2.899923288168793e-05
960.0 6.967075592001493e-05
961.0 6.988544782871031e-05
962.0 7.010015679043136e-05
963.0 0.00018337356095798896
964.0 0.0002966470219689654
965.0 0.0002630681137816282
966.0 0.00022948922833165852
967.0 1.5798786974843826e-10
968.0 1.5798786974843826e-10
969.0 1.5798786974843826e-10
970.0 1.5798786974843826e-10
971.0 1.5798786974843826e-10
972.0 4.894505991615006e-05
973.0 9.718747833176167e-05
974.0 0.00014542989674737328
975.0 2.5086487198677787e-05
976.0 1.5798786974843826e-10
977.0 2.4229191097902003e-06
978.0 0.0001001027385427733
979.0 6.364976457007288e-05
980.0 2.719674796480831e-05
981.0 1.5798786974843826e-10
982.0 1.5798786974843826e-10
983.0 1.5798786974843826e-10
984.0 1.5798786974843826e-10
985.0 1.5798786974843826e-10
986.0 0.00010185074188484577
987.0 4.611970609857963e-05
988.0 1.5798786974843826e-10
989.0 1.5798786974843826e-10
990.0 1.7571647248360023e-06
991.0 0.00015512724758082186
992.0 0.0003084973286604509
993.0 0.0001655158371249854
994.0 2.2534338484092586e-05
995.0 7.181441219472617e-05
996.0 0.0001210944787999324
997.0 0.00010397114920124295
998.0 8.68477798121603e-05
999.0 0.00014514478152705124
1000.0 0.00020344170934549766
1001.0 0.00035340478916623397
1002.0 0.0005033678462496027
1003.0 0.000331839464706718
1004.0 0.0001603111059012008
1005.0 0.0001516908241683268
1006.0 0.00014307051969808526
1007.0 8.25505026114115e-05
1008.0 2.2030472734968498e-05
1009.0 0.00015427340258611366
1010.0 0.00028651629691012204
1011.0 0.0002385056859566248
1012.0 0.00019049505226576002
1013.0 0.0002362541181355482
1014.0 0.00028201322948007146
1015.0 0.0002585335778348963
1016.0 0.00023505399440182373
1017.0 0.00020210311504342826
1018.0 0.00016915228115976788
1019.0 1.8559981640464684e-05
1020.0 1.5798786974843826e-10
1021.0 2.1182566456445784e-05
1022.0 0.00017439742805436254
1023.0 0.00012851216979470337
1024.0 8.262693995675363e-05
1025.0 0.00010291710168530699
1026.0 0.00012320734867898864
1027.0 0.0003476255642453907
1028.0 0.0005720437457057415
1029.0 0.0009193046025757212
1030.0 0.001266565413970966
1031.0 0.0017520616893307306
1032.0 0.0022375576008926146
1033.0 0.002320712519576773
1034.0 0.0024038674382609315
1035.0 0.0028183028916828334
1036.0 0.0032327385270036757
1037.0 0.0031669162126490846
1038.0 0.0031010938982944936
1039.0 0.002982798650918994
1040.0 0.0028645037673413754
1041.0 0.002859527012333274
1042.0 0.002854550621123053
1043.0 0.0031009141821414232
1044.0 0.0033472777431597933
1045.0 0.0031841114832786843
1046.0 0.003020945041498635
1047.0 0.003233090683352202
1048.0 0.0034452365071047097
1049.0 0.0029624730814248323
1050.0 0.0024797092919470742
1051.0 0.0021581445253104903
1052.0 0.0018365799405728467
1053.0 0.0016131158190546557
1054.0 0.0013896515156375244
1055.0 0.0009247383786714636
1056.0 0.00045982515075593255
1057.0 0.0006853509603388375
1058.0 0.0009108768608712126
1059.0 0.001296776463277638
1060.0 0.0016826761566335335
1061.0 0.00135772070279927
1062.0 0.0010327654308639467
1063.0 0.001806831824069377
1064.0 0.0025808983991737477
1065.0 0.0032526269933441654
1066.0 0.003924355769413523
1067.0 0.004208517202641815
1068.0 0.004492679363465868
1069.0 0.004306425398681313
1070.0 0.004120170706300996
1071.0 0.0039041933632688597
1072.0 0.003688216020236723
1073.0 0.003335492147016339
1074.0 0.002982768273795955
1075.0 0.0030457098546321504
1076.0 0.0031086521630641073
1077.0 0.0032068812288343906
1078.0 0.0033051106584025547
1079.0 0.003155113518005237
1080.0 0.0030051165595068596
1081.0 0.002184919867431745
1082.0 0.0013647236301039811
1083.0 0.0011472023288661148
1084.0 0.0009296812095271889
1085.0 0.0005806360150018008
1086.0 0.00023159097963798558
1087.0 0.0006347033831843873
1088.0 0.0010378156730439514
1089.0 0.00046645600377814844
1090.0 1.5798786974843826e-10
1091.0 1.5798786974843826e-10
1092.0 9.975599368772237e-05
1093.0 0.0005871646862942725
1094.0 0.0010745731742645148
1095.0 0.000653273446005187
1096.0 0.00023197405880637234
1097.0 1.5798786974843826e-10
1098.0 1.5798786974843826e-10
1099.0 0.0007410949820041424
1100.0 0.0020074599888175726
