lsstCam/transmission_filter_detector/r33_s01/i_39/19700101T000000.ecsv
# %ECSV 1.0
# ---
# datatype:
# - {name: wavelength, unit: nm, datatype: float32}
# - {name: efficiency, unit: '%', datatype: float64}
# meta: !!omap
# - {MODE: DETECTOR}
# - {TYPE: transmission_filter_detector}
# - {CALIBDATE: '1970-01-01T00:00:00'}
# - {INSTRUME: LSSTCam}
# - {OBSTYPE: transmission_filter_detector}
# - {CALIBCLS: lsst.ip.isr.IntermediateFilterDetectorTransmissionCurve}
# - {SOURCE: Materion (DM-46256)}
# - {DETECTOR: 145}
# - {FILTER: i_39}
# - {CALIB_ID: 'calibDate=1970-01-01T00:00:00 filter=i_39 detector=145'}
# - {DATE: '2025-04-02T15:59:47.151089'}
# - {CALIB_CREATION_DATE: '2025-04-02'}
# - {CALIB_CREATION_TIME: '15:59:47'}
# - __serialized_columns__:
#     efficiency:
#       __class__: astropy.units.quantity.Quantity
#       unit: !astropy.units.Unit {unit: '%'}
#       value: !astropy.table.SerializedColumn {name: efficiency}
#     wavelength:
#       __class__: astropy.units.quantity.Quantity
#       unit: !astropy.units.Unit {unit: nm}
#       value: !astropy.table.SerializedColumn {name: wavelength}
# schema: astropy-2.0
wavelength efficiency
300.0 1.5798786974843826e-10
301.0 1.5798786974843826e-10
302.0 1.5798786974843826e-10
303.0 1.5798786974843826e-10
304.0 1.5798786974843826e-10
305.0 1.5798786974843826e-10
306.0 0.005357957343221642
307.0 0.007627089507877827
308.0 0.009896222036331892
309.0 0.0069748224632348865
310.0 0.00405342252634
311.0 0.003110578836640343
312.0 0.00216773732972797
313.0 1.5798786974843826e-10
314.0 1.5798786974843826e-10
315.0 1.5798786974843826e-10
316.0 0.0024762748580542393
317.0 0.00022322128643281758
318.0 1.5798786974843826e-10
319.0 0.0012874716958322097
320.0 0.004604774949257262
321.0 0.002215897802670952
322.0 1.5798786974843826e-10
323.0 0.0005731132205255562
324.0 0.0013192070582590532
325.0 1.5798786974843826e-10
326.0 1.5798786974843826e-10
327.0 1.5798786974843826e-10
328.0 1.5798786974843826e-10
329.0 0.0022453810743172653
330.0 0.005386590419220738
331.0 0.004391196125652641
332.0 0.0033958014682866633
333.0 0.003518049925332889
334.0 0.0036402987461769953
335.0 0.0012739491467073094
336.0 1.5798786974843826e-10
337.0 1.5798786974843826e-10
338.0 1.5798786974843826e-10
339.0 1.5798786974843826e-10
340.0 6.481614036601968e-05
341.0 0.00024680937258381164
342.0 0.00042880274122580886
343.0 0.0008912673365557566
344.0 0.0013537319318857044
345.0 0.0006207417300174711
346.0 1.5798786974843826e-10
347.0 1.5798786974843826e-10
348.0 1.5798786974843826e-10
349.0 1.5798786974843826e-10
350.0 0.000722593267710181
351.0 1.5798786974843826e-10
352.0 1.5798786974843826e-10
353.0 1.5798786974843826e-10
354.0 1.5798786974843826e-10
355.0 0.0005119586603541393
356.0 0.0016396270439145155
357.0 0.0011453991646703798
358.0 0.0006511716037493898
359.0 0.00019253511709393933
360.0 1.5798786974843826e-10
361.0 1.5798786974843826e-10
362.0 1.5798786974843826e-10
363.0 1.5798786974843826e-10
364.0 1.5798786974843826e-10
365.0 1.5798786974843826e-10
366.0 1.5798786974843826e-10
367.0 0.0003172391643602168
368.0 0.0008110001544991974
369.0 0.00041727589632500894
370.0 2.3551756100914645e-05
371.0 1.5798786974843826e-10
372.0 1.5798786974843826e-10
373.0 9.637360562919639e-05
374.0 0.0003419380846025888
375.0 0.0003919496521120891
376.0 0.0004419612196215894
377.0 0.00042368956201244146
378.0 0.0004054179498780286
379.0 0.0005401216185418889
380.0 0.0006748251053068088
381.0 0.00010406771480120369
382.0 1.5798786974843826e-10
383.0 1.5798786974843826e-10
384.0 1.5798786974843826e-10
385.0 4.369100281564897e-05
386.0 0.0001440667119823047
387.0 5.0326150358159794e-05
388.0 1.5798786974843826e-10
389.0 2.5394047042937018e-05
390.0 9.420284641237231e-05
391.0 1.5798786974843826e-10
392.0 1.5798786974843826e-10
393.0 1.5798786974843826e-10
394.0 1.2262040627319948e-05
395.0 0.00048069446165754925
396.0 0.0009491268428973854
397.0 0.0010585034033283591
398.0 0.0011678798728098627
399.0 0.0015446699762833305
400.0 0.001921459988807328
401.0 0.0030265624445746653
402.0 0.004131664172746241
403.0 0.0051499569963198155
404.0 0.00616824981989339
405.0 0.004720629658550024
406.0 0.0032730102248024195
407.0 0.00393342379538808
408.0 0.00459383700217586
409.0 0.004913801240036264
410.0 0.005233764750300907
411.0 0.00601232131884899
412.0 0.0067908775235991925
413.0 0.0056413784477626905
414.0 0.004491878644330427
415.0 0.002711890010687057
416.0 0.0009319011951447465
417.0 0.0028420083253877237
418.0 0.004752114546135999
419.0 0.003916344576282427
420.0 0.0030805731512373313
421.0 0.004232598439557478
422.0 0.005384624091675505
423.0 0.0049000445869751275
424.0 0.004415465809870511
425.0 0.004837553933612071
426.0 0.00525964169355575
427.0 0.005917553426115774
428.0 0.006575464794877917
429.0 0.0051335526222828776
430.0 0.0036916404496878386
431.0 0.0038711859815521166
432.0 0.004050731513416395
433.0 0.0030131233870633878
434.0 0.001975515260710381
435.0 0.0019986042389064096
436.0 0.002021693035203498
437.0 0.0019852530385833234
438.0 0.0019488132238620892
439.0 0.0017286005459027365
440.0 0.001508388049842324
441.0 0.0016030338883865625
442.0 0.0016976799088297412
443.0 0.0024019638658501208
444.0 0.0031062478228705004
445.0 0.0018923345123766921
446.0 0.0006784215656807646
447.0 0.00025458552954660263
448.0 1.5798786974843826e-10
449.0 0.00018764044398267288
450.0 0.0005445314855023753
451.0 0.000757564339437522
452.0 0.0009705971024231985
453.0 0.0011888930202985648
454.0 0.0014071886653255206
455.0 0.001532766873424407
456.0 0.0016583449905738235
457.0 0.0010552521416684613
458.0 0.0004521592018136289
459.0 0.0005822648745379411
460.0 0.0007123706836864585
461.0 0.0006299814231169876
462.0 0.0005475922080222517
463.0 0.0004816567525267601
464.0 0.00041572138798073865
465.0 0.0003485379238554742
466.0 0.0002813545734170475
467.0 0.0005206863988860277
468.0 0.0007600182470923755
469.0 0.0007075730081851361
470.0 0.0006551277692778967
471.0 0.0005490422154252883
472.0 0.0004429569344210904
473.0 0.0007266778538905783
474.0 0.001010398682410596
475.0 0.0005086489181849174
476.0 6.899072957367025e-06
477.0 0.00012186151252535637
478.0 0.00023682378014200367
479.0 0.0012526851605798583
480.0 0.0022685468138661236
481.0 0.0025516004825476557
482.0 0.002834654151229188
483.0 0.004202700074529275
484.0 0.005570745270233601
485.0 0.007014925358816981
486.0 0.008459103992208838
487.0 0.010802693577716127
488.0 0.013146281708031893
489.0 0.015736791829112917
490.0 0.01832730195019394
491.0 0.020717816369142383
492.0 0.023108330788090825
493.0 0.02467319427523762
494.0 0.026238057762384415
495.0 0.024075430701486766
496.0 0.021912803640589118
497.0 0.017985251906793565
498.0 0.014057701628189534
499.0 0.009941182361217216
500.0 0.005824665277032182
501.0 0.004012390127172694
502.0 0.0022001153411110863
503.0 0.002147186387446709
504.0 0.0020942572518833913
505.0 0.0021202647985774092
506.0 0.002146272163372487
507.0 0.0021612142518279143
508.0 0.002176156522182282
509.0 0.0022378757421392947
510.0 0.002299594780197367
511.0 0.0020740146283060312
512.0 0.001848434840212576
513.0 0.0019129169231746346
514.0 0.0019773991880356334
515.0 0.002173026769014541
516.0 0.0023686543499934487
517.0 0.002510986632842105
518.0 0.0026533190975897014
519.0 0.0024966677301563323
520.0 0.0023400165446219034
521.0 0.0020154293451923877
522.0 0.0016908419638639316
523.0 0.0015413699657074176
524.0 0.0013918978766014334
525.0 0.0018530308807385154
526.0 0.0023141637939261273
527.0 0.002547259646235034
528.0 0.0027803554985439405
529.0 0.0025586130504962057
530.0 0.0023368704205495305
531.0 0.002127268999174703
532.0 0.0019176677596988156
533.0 0.001699293716228567
534.0 0.0014809198546572588
535.0 0.0017172782463603653
536.0 0.0019536366380634718
537.0 0.002713843059609644
538.0 0.003474049299256876
539.0 0.004235919550410472
540.0 0.004997789801564068
541.0 0.005324370431480929
542.0 0.005650951061397791
543.0 0.005396163396653719
544.0 0.005141376095707528
545.0 0.004121659731026739
546.0 0.00310194373014383
547.0 0.0023839813366066664
548.0 0.0016660196706652641
549.0 0.0015164186152105685
550.0 0.0013668177416548133
551.0 0.0015662699297536165
552.0 0.0017657219359534793
553.0 0.0017511290934635326
554.0 0.0017365364328725263
555.0 0.0010920121894741897
556.0 0.00044748799155058805
557.0 0.0006842181392130442
558.0 0.0009209481504512951
559.0 0.0007557819571957225
560.0 0.0005906157184654148
561.0 0.0010593376828182954
562.0 0.0015280598745448515
563.0 0.001540097400720697
564.0 0.001552134744997602
565.0 0.001430694101145491
566.0 0.00130925345729338
567.0 0.0010569889127509668
568.0 0.0008047242772590835
569.0 0.0008376845471502747
570.0 0.0008706449989404064
571.0 0.0007267472483363235
572.0 0.0005828493613080354
573.0 0.0007186532002378954
574.0 0.0008544570846424904
575.0 0.0007538075351476436
576.0 0.0006531579401780618
577.0 0.000500235682920902
578.0 0.0003473134029263747
579.0 0.0004737273229693528
580.0 0.0006001413566991687
581.0 0.00048816996240930166
582.0 0.00037619863633153727
583.0 0.0004982428436051123
584.0 0.0006202869826665847
585.0 0.0006399215635610744
586.0 0.0006595561899302993
587.0 0.00047168896344373934
588.0 0.00028382178243191447
589.0 0.0005499648978002369
590.0 0.0008161081495927647
591.0 0.0006389161626429996
592.0 0.0004617242211679695
593.0 0.0004534917479759315
594.0 0.0004452592747838935
595.0 0.00038838275031594094
596.0 0.00033150620311062085
597.0 0.00040775798879622016
598.0 0.00048400975174445193
599.0 0.00045142319322621915
600.0 0.00041883668018272147
601.0 0.0004048984010296408
602.0 0.00039096012187656015
603.0 0.0002184326376664103
604.0 4.590514492974762e-05
605.0 0.00018685159375309013
606.0 0.00032779801131255226
607.0 0.00033104950034612557
608.0 0.0003343010121170664
609.0 0.0003644839580374537
610.0 0.000394666903957841
611.0 0.00046587647375417873
612.0 0.0005370859071263112
613.0 0.0004891674961982062
614.0 0.0004412491307448363
615.0 0.00034108882118744077
616.0 0.0002409284888926777
617.0 0.0003041909394596587
618.0 0.0003674533445519046
619.0 0.00028881013349746354
620.0 0.00021016689970565494
621.0 8.318089044223598e-05
622.0 1.5798786974843826e-10
623.0 0.00017837718360169674
624.0 0.0004005594291811576
625.0 0.00032881648621696513
626.0 0.0002570735659901402
627.0 0.00035212101465731394
628.0 0.00044716844058712013
629.0 0.0003363738414918771
630.0 0.00022557921965926653
631.0 0.0002991536348417867
632.0 0.0003727278681253665
633.0 0.000404770253226161
634.0 0.00043681261558958795
635.0 0.0004284296664991416
636.0 0.00042004680835816544
637.0 0.00047167732191155665
638.0 0.0005233076990407426
639.0 0.000549303149455227
640.0 0.0005752987362939166
641.0 0.000627841473033186
642.0 0.0006803843007219257
643.0 0.0007281475973286433
644.0 0.0007759107575111557
645.0 0.0006891777502460172
646.0 0.0006024447884556139
647.0 0.0005645023975375807
648.0 0.0005265599611448124
649.0 0.0005589651664195117
650.0 0.0005913703716942109
651.0 0.0007437365184159717
652.0 0.000896102483238792
653.0 0.0008705455911695026
654.0 0.0008449888809991535
655.0 0.0013119560207996983
656.0 0.001778923069650773
657.0 0.0028216112696100026
658.0 0.0038642989238724113
659.0 0.006263021350605413
660.0 0.03531946276780218
661.0 0.11660163290798664
662.0 0.08013292099349201
663.0 0.08425014675594866
664.0 0.09528667433187366
665.0 0.10289530036970973
666.0 0.16058176988735795
667.0 0.1872659893706441
668.0 0.25033028796315193
669.0 0.2965813037008047
670.0 0.39573037065565586
671.0 0.6777939852327108
672.0 1.1068908497691154
673.0 1.684666983783245
674.0 2.5085866451263428
675.0 3.496547043323517
676.0 4.5925866812467575
677.0 5.929627642035484
678.0 7.3021091520786285
679.0 8.887508511543274
680.0 10.97034141421318
681.0 13.168253004550934
682.0 15.737886726856232
683.0 18.555377423763275
684.0 21.498075127601624
685.0 24.46264773607254
686.0 27.42207646369934
687.0 30.738946795463562
688.0 34.075066447257996
689.0 37.632545828819275
690.0 41.67572557926178
691.0 46.153756976127625
692.0 51.36813521385193
693.0 56.92207217216492
694.0 63.054871559143066
695.0 68.79255771636963
696.0 75.04194974899292
697.0 80.5041253566742
698.0 85.93699932098389
699.0 89.95224833488464
700.0 92.87760257720947
701.0 95.04475593566895
702.0 96.45912647247314
703.0 97.25881218910217
704.0 97.38313555717468
705.0 97.7879524230957
706.0 97.69717454910278
707.0 97.83498048782349
708.0 97.7657675743103
709.0 97.89428114891052
710.0 97.66473174095154
711.0 97.9607880115509
712.0 97.85999059677124
713.0 97.94853925704956
714.0 97.98266291618347
715.0 98.17094802856445
716.0 97.92519211769104
717.0 98.05662631988525
718.0 98.1379747390747
719.0 97.99364805221558
720.0 98.29053282737732
721.0 98.11892509460449
722.0 97.79742360115051
723.0 97.56748080253601
724.0 97.30810523033142
725.0 97.04969525337219
726.0 96.86338305473328
727.0 96.57102823257446
728.0 96.37012481689453
729.0 96.26867175102234
730.0 96.35825157165527
731.0 96.39526605606079
732.0 96.4063048362732
733.0 96.76514863967896
734.0 97.13528156280518
735.0 97.32611775398254
736.0 97.69694805145264
737.0 98.03223013877869
738.0 98.27470779418945
739.0 98.65310192108154
740.0 98.63393306732178
741.0 98.48940372467041
742.0 98.86816143989563
743.0 98.7350344657898
744.0 98.50159287452698
745.0 98.52637648582458
746.0 98.47720265388489
747.0 98.68433475494385
748.0 98.62227439880371
749.0 98.41152429580688
750.0 98.50883483886719
751.0 98.4321117401123
752.0 98.29967021942139
753.0 98.4951376914978
754.0 98.43297004699707
755.0 98.48577976226807
756.0 98.5433578491211
757.0 98.52888584136963
758.0 98.65648746490479
759.0 98.67817163467407
760.0 98.58260154724121
761.0 98.5502302646637
762.0 98.68537187576294
763.0 98.60291481018066
764.0 98.52902293205261
765.0 98.41067790985107
766.0 98.48645329475403
767.0 98.24785590171814
768.0 98.23468923568726
769.0 98.15771579742432
770.0 97.9056179523468
771.0 97.96867966651917
772.0 97.97953367233276
773.0 97.83804416656494
774.0 97.62057662010193
775.0 97.7473795413971
776.0 97.67242074012756
777.0 97.81954288482666
778.0 97.83763885498047
779.0 97.95681238174438
780.0 97.87421822547913
781.0 98.3741283416748
782.0 98.17508459091187
783.0 98.35336208343506
784.0 98.32801818847656
785.0 98.47924709320068
786.0 98.60368371009827
787.0 98.3271062374115
788.0 98.31684827804565
789.0 98.42686653137207
790.0 98.3547568321228
791.0 98.40145707130432
792.0 98.19568991661072
793.0 98.16446900367737
794.0 98.06364178657532
795.0 97.89462089538574
796.0 97.83399701118469
797.0 97.97183871269226
798.0 97.75611758232117
799.0 97.70956039428711
800.0 97.42001295089722
801.0 97.53085970878601
802.0 97.2920835018158
803.0 96.96467518806458
804.0 96.47796750068665
805.0 95.76413631439209
806.0 94.94624733924866
807.0 93.8530683517456
808.0 92.19072461128235
809.0 90.41438698768616
810.0 88.46339583396912
811.0 85.88396906852722
812.0 82.91587233543396
813.0 79.48098182678223
814.0 75.56300163269043
815.0 71.31759524345398
816.0 67.02980399131775
817.0 62.28525638580322
818.0 57.349711656570435
819.0 53.18524241447449
820.0 48.450371623039246
821.0 43.98930370807648
822.0 39.55073058605194
823.0 35.047516226768494
824.0 30.419176816940308
825.0 26.196005940437317
826.0 21.707521378993988
827.0 17.15092957019806
828.0 13.126684725284576
829.0 9.552793949842453
830.0 6.310445815324783
831.0 4.190333932638168
832.0 2.526789903640747
833.0 1.479752641171217
834.0 0.8684419095516205
835.0 0.489985104650259
836.0 0.2770071616396308
837.0 0.20166076719760895
838.0 0.07933019078336656
839.0 0.0908014364540577
840.0 0.03815735399257392
841.0 1.5798786974843826e-10
842.0 0.009030345972860232
843.0 1.5798786974843826e-10
844.0 0.02380681544309482
845.0 0.0019347036868566647
846.0 1.5798786974843826e-10
847.0 1.5798786974843826e-10
848.0 1.5798786974843826e-10
849.0 1.5798786974843826e-10
850.0 0.008336149039678276
851.0 0.0019329190763528459
852.0 0.003160996493534185
853.0 0.002332997610210441
854.0 0.0015049989087856375
855.0 0.0007924691090011038
856.0 7.993936605998897e-05
857.0 0.00010226881386188325
858.0 0.0001245982730324613
859.0 1.5798786974843826e-10
860.0 1.5798786974843826e-10
861.0 1.5798786974843826e-10
862.0 1.5798786974843826e-10
863.0 1.5798786974843826e-10
864.0 1.5798786974843826e-10
865.0 1.5798786974843826e-10
866.0 1.5798786974843826e-10
867.0 1.5798786974843826e-10
868.0 1.5798786974843826e-10
869.0 1.5798786974843826e-10
870.0 0.00015321246564781177
871.0 0.00019328444977873005
872.0 0.00023335635432886193
873.0 0.00010320683259124053
874.0 1.5798786974843826e-10
875.0 1.5798786974843826e-10
876.0 1.5798786974843826e-10
877.0 1.5798786974843826e-10
878.0 3.444589822265698e-05
879.0 1.5798786974843826e-10
880.0 1.5798786974843826e-10
881.0 5.0998471579077886e-05
882.0 0.0001589918610989116
883.0 1.5798786974843826e-10
884.0 1.5798786974843826e-10
885.0 1.5798786974843826e-10
886.0 1.5798786974843826e-10
887.0 1.5798786974843826e-10
888.0 1.5798786974843826e-10
889.0 1.5798786974843826e-10
890.0 0.00016026823459469597
891.0 0.00011167355751240393
892.0 6.307885769274435e-05
893.0 1.5798786974843826e-10
894.0 1.5798786974843826e-10
