lsstCam/transmission_filter_detector/r41_s21/y_10/19700101T000000.ecsv
# %ECSV 1.0
# ---
# datatype:
# - {name: wavelength, unit: nm, datatype: float32}
# - {name: efficiency, unit: '%', datatype: float64}
# meta: !!omap
# - {MODE: DETECTOR}
# - {TYPE: transmission_filter_detector}
# - {CALIBDATE: '1970-01-01T00:00:00'}
# - {INSTRUME: LSSTCam}
# - {OBSTYPE: transmission_filter_detector}
# - {CALIBCLS: lsst.ip.isr.IntermediateFilterDetectorTransmissionCurve}
# - {SOURCE: Materion (DM-46256)}
# - {DETECTOR: 169}
# - {FILTER: y_10}
# - {CALIB_ID: 'calibDate=1970-01-01T00:00:00 filter=y_10 detector=169'}
# - {DATE: '2025-04-02T15:59:51.525649'}
# - {CALIB_CREATION_DATE: '2025-04-02'}
# - {CALIB_CREATION_TIME: '15:59:51'}
# - __serialized_columns__:
#     efficiency:
#       __class__: astropy.units.quantity.Quantity
#       unit: !astropy.units.Unit {unit: '%'}
#       value: !astropy.table.SerializedColumn {name: efficiency}
#     wavelength:
#       __class__: astropy.units.quantity.Quantity
#       unit: !astropy.units.Unit {unit: nm}
#       value: !astropy.table.SerializedColumn {name: wavelength}
# schema: astropy-2.0
wavelength efficiency
300.0 0.02675713039934635
301.0 0.02811822632793337
302.0 0.02947932225652039
303.0 0.022031686967238784
304.0 0.014584048767574131
305.0 0.010721517173806205
306.0 0.0068589877628255635
307.0 0.008457592775812373
308.0 0.010056199243990704
309.0 0.011678496957756579
310.0 0.013300793943926692
311.0 0.008615077967988327
312.0 0.003929359445464797
313.0 0.004400882244226523
314.0 0.004872403951594606
315.0 0.0035817702155327424
316.0 0.002291136115672998
317.0 0.0031510000553680584
318.0 0.0040108629036694765
319.0 0.003038282557099592
320.0 0.002065702028630767
321.0 0.0033359996450599283
322.0 0.004606297807185911
323.0 0.0030618659366155043
324.0 0.0015174341569945682
325.0 0.0022811869712313637
326.0 0.0030449393307208084
327.0 0.0026716774300439283
328.0 0.002298415347468108
329.0 0.002624069202283863
330.0 0.0029497228752006777
331.0 0.002678683085832745
332.0 0.0024076431145658717
333.0 0.002796958688122686
334.0 0.0031862738978816196
335.0 0.0023464592231903225
336.0 0.0015066441847011447
337.0 0.0014308435311249923
338.0 0.0013550427865993697
339.0 0.001186897588922875
340.0 0.0010187524821958505
341.0 0.001522413640486775
342.0 0.0020260747987776995
343.0 0.0016407164366682991
344.0 0.0012553579836094286
345.0 0.0009054950169229414
346.0 0.000555631913812249
347.0 0.0007028777417872334
348.0 0.0008501234333380125
349.0 0.0009808421054913197
350.0 0.0011115606866951566
351.0 0.0012890565812995192
352.0 0.0014665525668533519
353.0 0.0015607905879733153
354.0 0.0016550286090932786
355.0 0.0018333295884076506
356.0 0.002011630385823082
357.0 0.0014724784705322236
358.0 0.0009333264642918948
359.0 0.0008544995580450632
360.0 0.000775672378949821
361.0 0.0008602156412962358
362.0 0.00094475853984477
363.0 0.0008814853572403081
364.0 0.0008182121746358462
365.0 0.001196462835650891
366.0 0.001574713496665936
367.0 0.0018611181076266803
368.0 0.0021475227185874246
369.0 0.0019471757696010172
370.0 0.0017468284568167292
371.0 0.001890484600153286
372.0 0.002034140743489843
373.0 0.002234723069705069
374.0 0.0024353050321224146
375.0 0.0030351624445756897
376.0 0.0036350196751300246
377.0 0.004067481495440006
378.0 0.004499943315749988
379.0 0.004246846219757572
380.0 0.003993749123765156
381.0 0.003308726809336804
382.0 0.002623704494908452
383.0 0.0019727649487322196
384.0 0.0013218255844549276
385.0 0.001117057036026381
386.0 0.0009122883966483641
387.0 0.0009314169801655225
388.0 0.0009505453817837406
389.0 0.0007909064152045175
390.0 0.0006312674031505594
391.0 0.0005538684490602463
392.0 0.00047646958591940347
393.0 0.0005843774488312192
394.0 0.0006922853572177701
395.0 0.000700489044902497
396.0 0.0007086927325872239
397.0 0.0008003055881999899
398.0 0.0008919187166611664
399.0 0.001034547767631011
400.0 0.001177176909550326
401.0 0.0015027998415462207
402.0 0.001828422500693705
403.0 0.0018860217096516863
404.0 0.0019436207367107272
405.0 0.001929162499436643
406.0 0.0019147040802636184
407.0 0.0018626360542839393
408.0 0.0018105678464053199
409.0 0.0017125177691923454
410.0 0.0016144675100804307
411.0 0.0014589041711587925
412.0 0.0013033409231866244
413.0 0.0010620816283335444
414.0 0.0008208223334804643
415.0 0.000495286849400145
416.0 0.00016975129710772308
417.0 1.9519431643938434e-10
418.0 1.9519431643938434e-10
419.0 0.0001512619860477571
420.0 0.0005971271093585528
421.0 0.0002751243982856977
422.0 1.9519431643938434e-10
423.0 0.0004695286861533532
424.0 0.0009859353667707182
425.0 3.940841679650475e-05
426.0 1.9519431643938434e-10
427.0 1.9519431643938434e-10
428.0 0.0001892662794489297
429.0 5.8516724266155506e-05
430.0 1.9519431643938434e-10
431.0 1.9519431643938434e-10
432.0 1.9519431643938434e-10
433.0 1.9519431643938434e-10
434.0 1.9519431643938434e-10
435.0 1.9519431643938434e-10
436.0 1.9519431643938434e-10
437.0 1.9519431643938434e-10
438.0 1.9519431643938434e-10
439.0 1.9519431643938434e-10
440.0 1.9519431643938434e-10
441.0 1.9519431643938434e-10
442.0 1.9519431643938434e-10
443.0 1.9519431643938434e-10
444.0 0.00035951049994764617
445.0 0.00028291854050621623
446.0 0.00020632662653952138
447.0 0.0001936463377205655
448.0 0.0001809659352147719
449.0 7.418569225592364e-06
450.0 1.9519431643938434e-10
451.0 1.9519431643938434e-10
452.0 1.9519431643938434e-10
453.0 1.9519431643938434e-10
454.0 1.9519431643938434e-10
455.0 1.9519431643938434e-10
456.0 0.00034546703773230547
457.0 1.9519431643938434e-10
458.0 1.9519431643938434e-10
459.0 1.9519431643938434e-10
460.0 1.9519431643938434e-10
461.0 1.9519431643938434e-10
462.0 0.0002206217686762102
463.0 0.0003008251724168076
464.0 0.0003810285079453024
465.0 0.00042996989577659406
466.0 0.00047891135181998834
467.0 0.0004230721060594078
468.0 0.0003672328602988273
469.0 0.0008115645869111177
470.0 0.001255896313523408
471.0 0.001310772859142162
472.0 0.001365649495710386
473.0 0.001783608240657486
474.0 0.0022015672584529966
475.0 0.0023575094019179232
476.0 0.0025134517272817902
477.0 0.002453699016768951
478.0 0.002393946488155052
479.0 0.0023976310330908746
480.0 0.002401315578026697
481.0 0.0025196877686539665
482.0 0.0026380603230791166
483.0 0.002974741983052809
484.0 0.003311423643026501
485.0 0.002638034311530646
486.0 0.001964644980034791
487.0 0.0019102553778793663
488.0 0.0018558655938250013
489.0 0.001900326788017992
490.0 0.0019447879822109826
491.0 0.001788470399333164
492.0 0.0016321522707585245
493.0 0.0016312569641740993
494.0 0.0016303614756907336
495.0 0.0016977393897832371
496.0 0.0017651171219768003
497.0 0.0015434636225108989
498.0 0.0013218103049439378
499.0 0.0015952076864778064
500.0 0.0018686047042137943
501.0 0.0020163532099104486
502.0 0.002164101715607103
503.0 0.0020619185306713916
504.0 0.0019597355276346207
505.0 0.0018983993868459947
506.0 0.0018370630641584285
507.0 0.0017645847037783824
508.0 0.0016921068890951574
509.0 0.0015875099052209407
510.0 0.0014829130122961942
511.0 0.0014797784388065338
512.0 0.0014766439562663436
513.0 0.001916560358949937
514.0 0.0023564767616335303
515.0 0.0020981826310162432
516.0 0.0018398883185000159
517.0 0.0015025185348349623
518.0 0.0011651486602204386
519.0 0.001094111030397471
520.0 0.0010230733096250333
521.0 0.0010364007721364032
522.0 0.0010497283255972434
523.0 0.0013092118024360389
524.0 0.0015686953702243045
525.0 0.0017566835595062003
526.0 0.0019446719306870364
527.0 0.0023654896722291596
528.0 0.002786306868074462
529.0 0.002818245775415562
530.0 0.0028501846827566624
531.0 0.002564941860327963
532.0 0.002279699401697144
533.0 0.00202724459086312
534.0 0.001774789961928036
535.0 0.0016098832929856144
536.0 0.0014449763511947822
537.0 0.0013666412996826693
538.0 0.0012883063391200267
539.0 0.0021791587641928345
540.0 0.0030700113711645827
541.0 0.003783981446758844
542.0 0.004497951522353105
543.0 0.0046042878238949925
544.0 0.004710623761638999
545.0 0.004479884955799207
546.0 0.0042491457861615345
547.0 0.003849906352115795
548.0 0.0034506672818679363
549.0 0.003080694659729488
550.0 0.0027107216737931594
551.0 0.00243900649365969
552.0 0.00216729094972834
553.0 0.002108698754454963
554.0 0.0020501067410805263
555.0 0.0025200186428264715
556.0 0.0029899305445724167
557.0 0.003794183794525452
558.0 0.004598437226377428
559.0 0.00450013940280769
560.0 0.0044018419430358335
561.0 0.0042088417103514075
562.0 0.0040158414776669815
563.0 0.0037727462768089026
564.0 0.0035296510759508237
565.0 0.003852827285300009
566.0 0.0041760031308513135
567.0 0.004579012238536961
568.0 0.004982020982424729
569.0 0.005695510117220692
570.0 0.006408999615814537
571.0 0.007160450331866741
572.0 0.007911901047918946
573.0 0.008060748950811103
574.0 0.008209596126107499
575.0 0.007844092760933563
576.0 0.007478588668163866
577.0 0.006473980465671048
578.0 0.005469373718369752
579.0 0.004937806079396978
580.0 0.004406238804222085
581.0 0.005308412073645741
582.0 0.006210585706867278
583.0 0.007585562707390636
584.0 0.008960540435509756
585.0 0.010166413994738832
586.0 0.01137228900915943
587.0 0.011272989650024101
588.0 0.011173693201271817
589.0 0.01080858419300057
590.0 0.010443478095112368
591.0 0.009828351903706789
592.0 0.00921322571230121
593.0 0.008195784175768495
594.0 0.007178339728852734
595.0 0.006319799285847694
596.0 0.005461256296257488
597.0 0.005485397196025588
598.0 0.005509538095793687
599.0 0.006392582872649655
600.0 0.007275628013303503
601.0 0.008323421207023785
602.0 0.009371212945552543
603.0 0.010196885705227032
604.0 0.011022558464901522
605.0 0.010741384903667495
606.0 0.010460211342433468
607.0 0.01000023476080969
608.0 0.009540258179185912
609.0 0.008238496229751036
610.0 0.006936734280316159
611.0 0.005371358201955445
612.0 0.0038059817597968504
613.0 0.003598430339479819
614.0 0.0033908789191627875
615.0 0.003783283318625763
616.0 0.004175687718088739
617.0 0.005391082959249616
618.0 0.006606477836612612
619.0 0.007732479571131989
620.0 0.008858482033247128
621.0 0.009593650611350313
622.0 0.010328819917049259
623.0 0.01045785829774104
624.0 0.010586894495645538
625.0 0.010187186853727326
626.0 0.00978747775661759
627.0 0.008496874943375587
628.0 0.007206273585325107
629.0 0.005962321665720083
630.0 0.004718369018519297
631.0 0.003889939034706913
632.0 0.0030615090508945286
633.0 0.0030723767849849537
634.0 0.0030832448828732595
635.0 0.0031986051908461377
636.0 0.0033139658626168966
637.0 0.0038882182707311586
638.0 0.0044624706788454205
639.0 0.004999359589419328
640.0 0.005536248863791116
641.0 0.005609412255580537
642.0 0.005682576011167839
643.0 0.0058209978305967525
644.0 0.005959419286227785
645.0 0.005375117689254694
646.0 0.004790816456079483
647.0 0.004283714952180162
648.0 0.003776613448280841
649.0 0.0029448136046994478
650.0 0.0021130139430169947
651.0 0.001970296580111608
652.0 0.0018275788534083404
653.0 0.0018166647350881249
654.0 0.0018057506167679094
655.0 0.0020938818124704994
656.0 0.00238201319007203
657.0 0.001996187165786978
658.0 0.0016103609596029855
659.0 0.0014321686649054755
660.0 0.0012539765521069057
661.0 0.0014395541256817523
662.0 0.001625131699256599
663.0 0.0019214914573240094
664.0 0.00221785139729036
665.0 0.002415013477730099
666.0 0.0026121759219677188
667.0 0.002946437780337874
668.0 0.0032806998206069693
669.0 0.004127227293793112
670.0 0.004973754403181374
671.0 0.005765266541857272
672.0 0.006556777952937409
673.0 0.006999348261160776
674.0 0.00744191711419262
675.0 0.0074942552600987256
676.0 0.00754659267840907
677.0 0.007041571370791644
678.0 0.006536550063174218
679.0 0.005546124521060847
680.0 0.0045556989789474756
681.0 0.0029961587642901577
682.0 0.0014366174582391977
683.0 0.0008433667971985415
684.0 0.00025011602247104747
685.0 0.0002775500888674287
686.0 0.00030498410978907486
687.0 0.00026857580905925715
688.0 0.00023216755380417453
689.0 0.00020813802166230744
690.0 0.00018410856910122675
691.0 0.0001353672018922225
692.0 8.662579489282507e-05
693.0 0.0001715907615107426
694.0 0.0002565556997069507
695.0 0.00030792298275628127
696.0 0.00035929031128034694
697.0 0.0004626652298611589
698.0 0.0005660401711793384
699.0 0.0003904203367710579
700.0 0.00021480047962540993
701.0 1.9519431643938434e-10
702.0 1.9519431643938434e-10
703.0 1.9867798073391896e-05
704.0 0.00031135093649936607
705.0 0.0002715452183110756
706.0 0.0002317395001227851
707.0 3.604095297760068e-05
708.0 1.9519431643938434e-10
709.0 0.00013639246390084736
710.0 0.0004324425390223041
711.0 0.00023057436919771135
712.0 2.870621074180235e-05
713.0 0.00014397705854207743
714.0 0.00025924796318577137
715.0 0.00024639300590934
716.0 0.00023353800315817352
717.0 0.00034677464100241195
718.0 0.0004600111878971802
719.0 0.00029321302008611383
720.0 0.00012641492048715008
721.0 0.000327982047565456
722.0 0.0005295490609569242
723.0 0.0004207880010653753
724.0 0.00031202689569909126
725.0 0.0003045049879801809
726.0 0.0002969831257360056
727.0 0.0005435803814179963
728.0 0.0007901773642515764
729.0 0.000613092970525031
730.0 0.0004360084858490154
731.0 0.00027911196411878336
732.0 0.00012221541965118377
733.0 7.47531544220692e-05
734.0 2.729097730025387e-05
735.0 0.0003319552433822537
736.0 0.0006366194611473475
737.0 0.0006885176844662055
738.0 0.0007404158168355934
739.0 0.0005550081823457731
740.0 0.0003696005705933203
741.0 0.00019980036540800938
742.0 3.0000214223946386e-05
743.0 0.000254124802268052
744.0 0.0004782493761013029
745.0 0.00037455013170983875
746.0 0.0002708508418436395
747.0 0.0001295851348004362
748.0 1.9519431643938434e-10
749.0 0.00018360569811193272
750.0 0.00037889183204242727
751.0 8.769887926973752e-05
752.0 1.9519431643938434e-10
753.0 4.5148595972932526e-05
754.0 0.0002937912540801335
755.0 0.0002743294771789806
756.0 0.0002548677002778277
757.0 0.00027277719709672965
758.0 0.00029068664844089653
759.0 0.00035635991935123457
760.0 0.0004220331902615726
761.0 0.00044319917833490763
762.0 0.00046436512093350757
763.0 0.0005563032118516276
764.0 0.0006482411208708072
765.0 0.00047197927415254526
766.0 0.0002957174729090184
767.0 0.00033145274755952414
768.0 0.00036718799947266234
769.0 0.00026921750304609304
770.0 0.00017124709756899392
771.0 0.0002139346406693221
772.0 0.0002566221382949152
773.0 0.00030110743409750285
774.0 0.0003455925707385177
775.0 0.0005042256361775799
776.0 0.0006628588380408473
777.0 0.0004361672381492099
778.0 0.0002094755245707347
779.0 0.0004835128038394032
780.0 0.0007575501058454392
781.0 0.0008565251846448518
782.0 0.0009555002179695293
783.0 0.0007927938895591069
784.0 0.0006300875611486845
785.0 0.000370187285625434
786.0 0.00011028699873349979
787.0 0.0006811852017563069
788.0 0.001252083256986225
789.0 0.000552887922822265
790.0 1.9519431643938434e-10
791.0 0.00031764536743139615
792.0 0.0007815983735781629
793.0 0.0007799935701768845
794.0 0.000778388675826136
795.0 0.0006743859103153227
796.0 0.0005703830083803041
797.0 0.0006209485945873894
798.0 0.0006715142262692098
799.0 0.0005016614068154013
800.0 0.00033180851914949017
801.0 0.00036822757465415634
802.0 0.000404646607421455
803.0 0.00023830687041481724
804.0 7.196712772383762e-05
805.0 0.00044073422031942755
806.0 0.0008095013072306756
807.0 0.0009379776201967616
808.0 0.0010664539331628475
809.0 0.0009845376553130336
810.0 0.0009026214684126899
811.0 0.0007758861102047376
812.0 0.0006491509793704608
813.0 0.00063756979216123
814.0 0.0006259885594772641
815.0 0.0004928266207571141
816.0 0.00035966459108749405
817.0 0.0005432577836472774
818.0 0.0007268513400049414
819.0 0.0008183720638044178
820.0 0.0009098927876038942
821.0 0.0007632412234670483
822.0 0.0006165897502796724
823.0 0.00022844967588753207
824.0 1.9519431643938434e-10
825.0 1.9519431643938434e-10
826.0 1.9519431643938434e-10
827.0 0.00013234302969067357
828.0 0.0003460442258074181
829.0 0.0007541301329183625
830.0 0.0011622159036051016
831.0 0.0009864801540970802
832.0 0.0008107444045890588
833.0 0.0010238042705168482
834.0 0.0012368641364446376
835.0 0.0007037549949018285
836.0 0.00017064600115190842
837.0 0.00047517078201053664
838.0 0.0007796953468641732
839.0 0.0006826775006629759
840.0 0.0005856595180375734
841.0 0.0007464302598236827
842.0 0.0009072009561350569
843.0 0.0007350077794399112
844.0 0.0005628149665426463
845.0 0.0008875474122760352
846.0 0.0012122801308578346
847.0 0.0008235342647822108
848.0 0.0004347886260802625
849.0 0.0006401031896530185
850.0 0.0008454177077510394
851.0 0.0008669680937600788
852.0 0.0008885186616680585
853.0 0.0006574668077519163
854.0 0.0004264150902599795
855.0 0.0005790382147097262
856.0 0.0007316612936847378
857.0 0.0011586173968680669
858.0 0.0015855734091019258
859.0 0.001388964392390335
860.0 0.001192355284729274
861.0 0.0010583242328721099
862.0 0.0009242931810149457
863.0 0.0014257812836149242
864.0 0.0019272692952654324
865.0 0.002040294202743098
866.0 0.002153319110220764
867.0 0.0020328518075984903
868.0 0.001912384686875157
869.0 0.002265136208734475
870.0 0.0026178879124927334
871.0 0.0026584075385471806
872.0 0.0026989275283995084
873.0 0.0025288265533163212
874.0 0.0023587257601320744
