lsstCam/transmission_filter_detector/r41_s21/y_10/19700101T000000.ecsv
# %ECSV 1.0
# ---
# datatype:
# - {name: wavelength, unit: nm, datatype: float32}
# - {name: efficiency, unit: '%', datatype: float64}
# meta: !!omap
# - {MODE: DETECTOR}
# - {TYPE: transmission_filter_detector}
# - {CALIBDATE: '1970-01-01T00:00:00'}
# - {INSTRUME: LSSTCam}
# - {OBSTYPE: transmission_filter_detector}
# - {CALIBCLS: lsst.ip.isr.IntermediateFilterDetectorTransmissionCurve}
# - {SOURCE: Materion (DM-46256)}
# - {DETECTOR: 169}
# - {FILTER: y_10}
# - {CALIB_ID: 'calibDate=1970-01-01T00:00:00 filter=y_10 detector=169'}
# - {DATE: '2025-04-02T15:59:51.525649'}
# - {CALIB_CREATION_DATE: '2025-04-02'}
# - {CALIB_CREATION_TIME: '15:59:51'}
# - __serialized_columns__:
#     efficiency:
#       __class__: astropy.units.quantity.Quantity
#       unit: !astropy.units.Unit {unit: '%'}
#       value: !astropy.table.SerializedColumn {name: efficiency}
#     wavelength:
#       __class__: astropy.units.quantity.Quantity
#       unit: !astropy.units.Unit {unit: nm}
#       value: !astropy.table.SerializedColumn {name: wavelength}
# schema: astropy-2.0
wavelength efficiency
[from data line 576]
876.0 0.001889205668703653
877.0 0.0014331917554954998
878.0 0.0009771777513378765
879.0 0.0013207830306782853
880.0 0.06776335067115724
881.0 0.09211938013322651
882.0 0.06181991775520146
883.0 0.08742774953134358
884.0 0.07039558258838952
885.0 0.11103451251983643
886.0 0.06427273037843406
887.0 0.09954826673492789
888.0 0.06071846000850201
889.0 0.09314028429798782
890.0 0.08215145207941532
891.0 0.11832824675366282
892.0 0.06859811837784946
893.0 0.10208874009549618
894.0 0.07155376370064914
895.0 0.11283793719485402
896.0 0.08378372876904905
897.0 0.11020065285265446
898.0 0.07653675274923444
899.0 0.11334223672747612
900.0 0.08710555848665535
901.0 0.12143419589847326
902.0 0.12197874020785093
903.0 0.1413886435329914
904.0 0.14842964010313153
905.0 0.15224687522277236
906.0 0.18095339182764292
907.0 0.20916019566357136
908.0 0.24730134755373
909.0 0.29735094867646694
910.0 0.3735517617315054
911.0 0.499303312972188
912.0 0.7027014624327421
913.0 1.008137222379446
914.0 1.410856656730175
915.0 2.105250395834446
916.0 3.0532654374837875
917.0 4.253064841032028
918.0 5.804270878434181
919.0 7.492770999670029
920.0 9.974019229412079
921.0 12.671874463558197
922.0 15.286333858966827
923.0 18.218302726745605
924.0 21.356011927127838
925.0 24.7585266828537
926.0 29.092535376548767
927.0 34.04580056667328
928.0 38.883474469184875
929.0 44.49003040790558
930.0 50.060367584228516
931.0 56.117260456085205
932.0 62.45200037956238
933.0 68.62971782684326
934.0 73.98993968963623
935.0 78.53699922561646
936.0 82.74523615837097
937.0 86.20147109031677
938.0 89.0839695930481
939.0 91.16066098213196
940.0 92.66844987869263
941.0 93.57269406318665
942.0 94.2970871925354
943.0 94.71821188926697
944.0 95.28447389602661
945.0 95.51302790641785
946.0 95.91082334518433
947.0 96.18974924087524
948.0 96.56038284301758
949.0 96.65248990058899
950.0 96.88442945480347
951.0 96.93880081176758
952.0 96.97786569595337
953.0 97.08313941955566
954.0 97.02873826026917
955.0 97.02368974685669
956.0 97.12113738059998
957.0 97.28581309318542
958.0 97.40759134292603
959.0 97.52711057662964
960.0 97.70964980125427
961.0 97.84852266311646
962.0 98.00180792808533
963.0 98.13122749328613
964.0 98.29570055007935
965.0 98.38264584541321
966.0 98.52543473243713
967.0 98.64897727966309
968.0 98.67262244224548
969.0 98.68340492248535
970.0 98.73731136322021
971.0 98.79086017608643
972.0 98.84000420570374
973.0 98.91078472137451
974.0 98.9021897315979
975.0 98.87915849685669
976.0 98.92578125
977.0 98.90173673629761
978.0 98.97497892379761
979.0 98.945552110672
980.0 98.95619750022888
981.0 98.93251061439514
982.0 98.87537360191345
983.0 98.92426133155823
984.0 98.89357089996338
985.0 98.87591004371643
986.0 98.7876832485199
987.0 98.84397387504578
988.0 98.71368408203125
989.0 98.68994355201721
990.0 98.63107800483704
991.0 98.59316945075989
992.0 98.6465573310852
993.0 98.56947660446167
994.0 98.51627349853516
995.0 98.5049843788147
996.0 98.43948483467102
997.0 98.54524731636047
998.0 98.54882955551147
999.0 98.58338236808777
1000.0 98.64779710769653
1001.0 98.60442876815796
1002.0 98.73221516609192
1003.0 98.7690806388855
1004.0 98.81865382194519
1005.0 98.84490966796875
1006.0 98.97612929344177
1007.0 99.01466965675354
1008.0 98.97766709327698
1009.0 98.94441366195679
1010.0 99.02466535568237
1011.0 99.00434017181396
1012.0 98.98112416267395
1013.0 98.98887276649475
1014.0 98.9703893661499
1015.0 98.91034960746765
1016.0 98.89137148857117
1017.0 98.91652464866638
1018.0 98.92374873161316
1019.0 98.82340431213379
1020.0 98.91252517700195
1021.0 98.98178577423096
1022.0 98.83106350898743
1023.0 98.84583353996277
1024.0 98.84033799171448
1025.0 98.77654314041138
1026.0 98.83840680122375
1027.0 98.949533700943
1028.0 98.85480999946594
1029.0 98.9623486995697
1030.0 98.99216294288635
1031.0 98.98647665977478
1032.0 98.96433353424072
1033.0 99.0064263343811
1034.0 99.02076125144958
1035.0 99.07017350196838
1036.0 99.04974102973938
1037.0 99.02725219726562
1038.0 98.97560477256775
1039.0 98.99309873580933
1040.0 98.90446066856384
1041.0 98.9477813243866
1042.0 98.91496896743774
1043.0 98.84805679321289
1044.0 98.85965585708618
1045.0 98.59660863876343
1046.0 98.78978729248047
1047.0 98.70046377182007
1048.0 98.77245426177979
1049.0 98.57203364372253
1050.0 98.619943857193
1051.0 98.6444890499115
1052.0 98.54050874710083
1053.0 98.46417903900146
1054.0 98.65865111351013
1055.0 98.76605272293091
1056.0 98.56950640678406
1057.0 98.6518919467926
1058.0 98.48165512084961
1059.0 98.5869824886322
1060.0 98.66465330123901
1061.0 98.56438040733337
1062.0 98.6724317073822
1063.0 98.48390817642212
1064.0 98.85962009429932
1065.0 98.75184297561646
1066.0 98.70736598968506
1067.0 98.8725483417511
1068.0 98.87784123420715
1069.0 98.54495525360107
1070.0 98.89377951622009
1071.0 98.70315194129944
1072.0 98.88678193092346
1073.0 98.94204139709473
1074.0 98.61919283866882
1075.0 98.601233959198
1076.0 98.3351469039917
1077.0 98.73008131980896
1078.0 98.92428517341614
1079.0 98.47288131713867
1080.0 99.27594065666199
1081.0 98.5930860042572
1082.0 98.44412207603455
1083.0 98.35733771324158
1084.0 98.87763857841492
1085.0 98.88086318969727
1086.0 98.57380390167236
1087.0 98.64646792411804
1088.0 98.3031690120697
1089.0 98.26433658599854
1090.0 98.59094619750977
1091.0 98.33929538726807
1092.0 98.65966439247131
1093.0 98.68583083152771
1094.0 98.34600687026978
1095.0 98.17138910293579
1096.0 98.38358759880066
1097.0 98.1641173362732
1098.0 97.78386950492859
1099.0 98.87560606002808
1100.0 97.9134738445282
