lsstCam/transmission_filter_detector/r12_s22/r_57/19700101T000000.ecsv
# %ECSV 1.0
# ---
# datatype:
# - {name: wavelength, unit: nm, datatype: float32}
# - {name: efficiency, unit: '%', datatype: float64}
# meta: !!omap
# - {MODE: DETECTOR}
# - {TYPE: transmission_filter_detector}
# - {CALIBDATE: '1970-01-01T00:00:00'}
# - {INSTRUME: LSSTCam}
# - {OBSTYPE: transmission_filter_detector}
# - {CALIBCLS: lsst.ip.isr.IntermediateFilterDetectorTransmissionCurve}
# - {SOURCE: Materion (DM-46256)}
# - {DETECTOR: 53}
# - {FILTER: r_57}
# - {CALIB_ID: 'calibDate=1970-01-01T00:00:00 filter=r_57 detector=53'}
# - {DATE: '2025-04-02T15:59:44.429405'}
# - {CALIB_CREATION_DATE: '2025-04-02'}
# - {CALIB_CREATION_TIME: '15:59:44'}
# - __serialized_columns__:
#     efficiency:
#       __class__: astropy.units.quantity.Quantity
#       unit: !astropy.units.Unit {unit: '%'}
#       value: !astropy.table.SerializedColumn {name: efficiency}
#     wavelength:
#       __class__: astropy.units.quantity.Quantity
#       unit: !astropy.units.Unit {unit: nm}
#       value: !astropy.table.SerializedColumn {name: wavelength}
# schema: astropy-2.0
wavelength efficiency
[from data line 603]
903.0 1.583430977482314e-10
904.0 1.583430977482314e-10
905.0 9.398883094036137e-06
906.0 1.583430977482314e-10
907.0 1.583430977482314e-10
908.0 1.583430977482314e-10
909.0 1.583430977482314e-10
910.0 1.583430977482314e-10
911.0 1.583430977482314e-10
912.0 1.583430977482314e-10
913.0 1.583430977482314e-10
914.0 1.583430977482314e-10
915.0 0.00010589449175313348
916.0 6.445229132623354e-05
917.0 2.301009942584642e-05
918.0 7.794307634867437e-05
919.0 0.00013287602769196383
920.0 4.749746835841506e-05
921.0 1.583430977482314e-10
922.0 6.411549975382513e-05
923.0 0.00016611211322015151
924.0 0.00017920684740602155
925.0 0.00019230160432925913
926.0 0.00016590913674008334
927.0 0.00013951666915090755
928.0 0.0001236537627846701
929.0 0.00010779082231238135
930.0 0.00021045511857664678
931.0 0.000313119426209596
932.0 0.0001614046709619288
933.0 9.689972557680449e-06
934.0 0.00014402193073692615
935.0 0.00027835385481012054
936.0 0.0002532309054004145
937.0 0.0002281079332533409
938.0 0.00027044304715673206
939.0 0.0003127781837974908
940.0 0.0003037258693439071
941.0 0.00029467355489032343
942.0 0.0003840772023977479
943.0 0.00047348089537990745
944.0 0.00038764455894124694
945.0 0.000301808245239954
946.0 0.00035602542993729003
947.0 0.00041024259189725854
948.0 0.00046319755711010657
949.0 0.0005161525677976897
950.0 0.0005062880063633202
951.0 0.0004964234449289506
952.0 0.0007113758783816593
953.0 0.000926328357309103
954.0 0.0011877715223818086
955.0 0.0014492149603029247
956.0 0.0015069261280586943
957.0 0.001564637386763934
958.0 0.0017131724234786816
959.0 0.0018617080058902502
960.0 0.0020044615666847676
961.0 0.0021472154912771657
962.0 0.0023015669285086915
963.0 0.0024559185476391576
964.0 0.0024959625079645775
965.0 0.0025360061044921167
966.0 0.002529736593714915
967.0 0.0025234670829377137
968.0 0.0025165129045490175
969.0 0.0025095587261603214
970.0 0.0026128844183404
971.0 0.0027162101105204783
972.0 0.0027131296519655734
973.0 0.0027100486477138475
974.0 0.0028958731491002254
975.0 0.0030816972866887227
976.0 0.0031796720577403903
977.0 0.0032776461011962965
978.0 0.003153844954795204
979.0 0.0030300436264951713
980.0 0.0029383940272964537
981.0 0.0028467446099966764
982.0 0.0028950369596714154
983.0 0.0029433294912450947
984.0 0.0029079099476803094
985.0 0.002872490404115524
986.0 0.002786552613542881
987.0 0.0027006146410712972
988.0 0.0025503773940727115
989.0 0.0024001401470741257
990.0 0.0024383807613048702
991.0 0.002476621375535615
992.0 0.0025204089979524724
993.0 0.0025641968022682704
994.0 0.0026265111955581233
995.0 0.002688825406949036
996.0 0.002764151395240333
997.0 0.0028394772016326897
998.0 0.0029666432965314016
999.0 0.003093809573329054
1000.0 0.0032389831176260486
1001.0 0.003384157025720924
1002.0 0.0035907116398448125
1003.0 0.0037972662539687008
1004.0 0.0039070680941222236
1005.0 0.004016869570477866
1006.0 0.004219756738166325
1007.0 0.004422643905854784
1008.0 0.004319749859860167
1009.0 0.004216855450067669
1010.0 0.004210937186144292
1011.0 0.004205019286018796
1012.0 0.004131077366764657
1013.0 0.004057135811308399
1014.0 0.003816661410382949
1015.0 0.003576187009457499
1016.0 0.0033950957003980875
1017.0 0.0032140040275407955
1018.0 0.0028404821932781488
1019.0 0.0024669607228133827
1020.0 0.0021177040252950974
1021.0 0.0017684471458778717
1022.0 0.001569474807183724
1023.0 0.0013705021956411656
1024.0 0.0014098490282776766
1025.0 0.0014491960428131279
1026.0 0.001357691508019343
1027.0 0.0012661866094276775
1028.0 0.0011428303878346924
1029.0 0.0010194738933932967
1030.0 0.0009490087904850952
1031.0 0.0008785430509306025
1032.0 0.0008783856173977256
1033.0 0.000878227820066968
1034.0 0.0008313368198287208
1035.0 0.0007844457286410034
1036.0 0.0008403813808399718
1037.0 0.0008963168511399999
1038.0 0.0007932201697258279
1039.0 0.0006901235337863909
1040.0 0.0007444093171216082
1041.0 0.0007986951459315605
1042.0 0.0009623580808693077
1043.0 0.0011260208339081146
1044.0 0.0009663691344030667
1045.0 0.0008067177986958995
1046.0 0.000797174379840726
1047.0 0.0007876310519350227
1048.0 0.0006397798642865382
1049.0 0.0004919286766380537
1050.0 0.0005422843059932347
1051.0 0.0005926399353484157
1052.0 0.0008320844244735781
1053.0 0.0010715285498008598
1054.0 0.0008371400326723233
1055.0 0.0006027514245943166
1056.0 0.0007649025974387769
1057.0 0.0009270540431316476
1058.0 0.0008007566066225991
1059.0 0.0006744593520124909
1060.0 0.0010587200449663214
1061.0 0.0014429801012738608
1062.0 0.0015314064512494951
1063.0 0.0016198326193261892
1064.0 0.001151388369180495
1065.0 0.0006829440280853305
1066.0 0.0011366987564542796
1067.0 0.001590453575772699
1068.0 0.0018482129235053435
1069.0 0.0021059720893390477
1070.0 0.001525371590105351
1071.0 0.0009447711818211246
1072.0 0.0012800640433852095
1073.0 0.0016153569958987646
1074.0 0.002215209860878531
1075.0 0.002815062725858297
1076.0 0.002924838372564409
1077.0 0.0030346140192705207
1078.0 0.003545335857779719
1079.0 0.004056057878187858
1080.0 0.004073128002346493
1081.0 0.004090197398909368
1082.0 0.004159651871304959
1083.0 0.0042291063437005505
1084.0 0.004691565482062288
1085.0 0.005154024256626144
1086.0 0.0051149367209291086
1087.0 0.005075849185232073
1088.0 0.004875285230809823
1089.0 0.004674721640185453
1090.0 0.0047263620217563584
1091.0 0.004778002403327264
1092.0 0.004137587529839948
1093.0 0.0034971726563526317
1094.0 0.004081597217009403
1095.0 0.004666021413868293
1096.0 0.00362316204700619
1097.0 0.0025803026801440865
1098.0 0.0019567087292671204
1099.0 0.0013331150512385648
1100.0 0.001388919827149948
1101.0 0.001444724330212921
