lsstCam/transmission_filter_detector/r12_s22/r_57/19700101T000000.ecsv
# %ECSV 1.0
# ---
# datatype:
# - {name: wavelength, unit: nm, datatype: float32}
# - {name: efficiency, unit: '%', datatype: float64}
# meta: !!omap
# - {MODE: DETECTOR}
# - {TYPE: transmission_filter_detector}
# - {CALIBDATE: '1970-01-01T00:00:00'}
# - {INSTRUME: LSSTCam}
# - {OBSTYPE: transmission_filter_detector}
# - {CALIBCLS: lsst.ip.isr.IntermediateFilterDetectorTransmissionCurve}
# - {SOURCE: Materion (DM-46256)}
# - {DETECTOR: 53}
# - {FILTER: r_57}
# - {CALIB_ID: 'calibDate=1970-01-01T00:00:00 filter=r_57 detector=53'}
# - {DATE: '2025-04-02T15:59:44.429405'}
# - {CALIB_CREATION_DATE: '2025-04-02'}
# - {CALIB_CREATION_TIME: '15:59:44'}
# - __serialized_columns__:
#     efficiency:
#       __class__: astropy.units.quantity.Quantity
#       unit: !astropy.units.Unit {unit: '%'}
#       value: !astropy.table.SerializedColumn {name: efficiency}
#     wavelength:
#       __class__: astropy.units.quantity.Quantity
#       unit: !astropy.units.Unit {unit: nm}
#       value: !astropy.table.SerializedColumn {name: wavelength}
# schema: astropy-2.0
wavelength efficiency
300.0 0.001805393912945874
301.0 0.005160258660907857
302.0 0.008515124500263482
303.0 0.010345191549276933
304.0 0.012175258598290384
305.0 0.010574371844995767
306.0 0.008973487274488434
307.0 0.007840538455639035
308.0 0.006707589636789635
309.0 0.006131563714006916
310.0 0.005555538155022077
311.0 0.005165054608369246
312.0 0.004774571425514296
313.0 0.004304754838813096
314.0 0.0038349386159097776
315.0 0.0033897282264661044
316.0 0.002944516745628789
317.0 0.002836991916410625
318.0 0.002729467632889282
319.0 0.0028246415240573697
320.0 0.0029198150514275767
321.0 0.0028391903470037505
322.0 0.002758565460680984
323.0 0.002528272852941882
324.0 0.0022979800633038394
325.0 0.0021739420844824053
326.0 0.0020499042875599116
327.0 0.0021049687347840518
328.0 0.0021600333639071323
329.0 0.002205099917773623
330.0 0.0022501662897411734
331.0 0.0022024378267815337
332.0 0.0021547095457208343
333.0 0.002000290078285616
334.0 0.0018458706108503975
335.0 0.001550251545268111
336.0 0.0012546325706352945
337.0 0.0011968676517426502
338.0 0.0011391027328500059
339.0 0.001029433678922942
340.0 0.000919764624995878
341.0 0.0008435806194029283
342.0 0.0007673965228605084
343.0 0.0007107726560207084
344.0 0.0006541488801303785
345.0 0.0006442813173634931
346.0 0.000634413891020813
347.0 0.0006171051609271672
348.0 0.0005997964308335213
349.0 0.000615457338426495
350.0 0.0054597589041804895
351.0 0.005608443098026328
352.0 0.005757127291872166
353.0 0.005450323806144297
354.0 0.00514352104801219
355.0 0.0052975396101828665
356.0 0.0054515592637471855
357.0 0.00684563274262473
358.0 0.008239707676693797
359.0 0.0061460268625523895
360.0 0.004052346048410982
361.0 0.0028047219529980794
362.0 0.0015570974937872961
363.0 0.0025570499929017387
364.0 0.0035570021282183006
365.0 0.0037397941923700273
366.0 0.003922586620319635
367.0 0.003176673999405466
368.0 0.0024307613784912974
369.0 0.001895896093628835
370.0 0.0013610308997158427
371.0 0.0016378553482354619
372.0 0.0019146800696034916
373.0 0.0025210230887751095
374.0 0.0031273662898456678
375.0 0.00284499710687669
376.0 0.002562628469604533
377.0 0.0010083169399877079
378.0 1.583430977482314e-10
379.0 0.0005652485015161801
380.0 0.0016764915926614776
381.0 0.00254355381912319
382.0 0.003410616409382783
383.0 0.003352260318933986
384.0 0.003293904956080951
385.0 0.0041952782339649275
386.0 0.0050966511480510235
387.0 0.004640151382773183
388.0 0.004183651253697462
389.0 0.003418708365643397
390.0 0.00265376456809463
391.0 0.0020399249478941783
392.0 0.0014260852367442567
393.0 0.001398705535393674
394.0 0.0013713255611946806
395.0 0.0010032056707132142
396.0 0.0006350857802317478
397.0 0.000641929182165768
398.0 0.000648772993372404
399.0 0.000621274648437975
400.0 0.000593775848756195
401.0 0.00023160462205851218
402.0 1.583430977482314e-10
403.0 6.528941867145477e-05
404.0 0.000261146351476782
405.0 0.0007485815331165213
406.0 0.0012360164873825852
407.0 0.0017957421732717194
408.0 0.0023554679501103237
409.0 0.0018206703316536732
410.0 0.0012858727131970227
411.0 0.0009457762644160539
412.0 0.0006056798156350851
413.0 0.0006249509624467464
414.0 0.0006442220637836726
415.0 0.0006456751179939602
416.0 0.0006471284905273933
417.0 0.0013083286830806173
418.0 0.0019695293303811923
419.0 0.0022892358174431138
420.0 0.0026089424864039756
421.0 0.003911579915438779
422.0 0.005214216798776761
423.0 0.008017358049983159
424.0 0.010820497845998034
425.0 0.01480554201407358
426.0 0.018790581088978797
427.0 0.019552951562218368
428.0 0.020315326401032507
429.0 0.015540048480033875
430.0 0.010764772741822526
431.0 0.007618855306645855
432.0 0.0044729382352670655
433.0 0.0035425367968855426
434.0 0.00261213554040296
435.0 0.002105374187522102
436.0 0.001598612652742304
437.0 0.0013651704648509622
438.0 0.0011317283679090906
439.0 0.0009829484042711556
440.0 0.0008341685315826908
441.0 0.001156771213572938
442.0 0.0014793738955631852
443.0 0.0017987904357141815
444.0 0.002118207157764118
445.0 0.001998343941522762
446.0 0.0018784805433824658
447.0 0.0016158252037712373
448.0 0.001353170046058949
449.0 0.0012535641872091219
450.0 0.0011539578736119438
451.0 0.0012726020031550433
452.0 0.001391246223647613
453.0 0.0014549355910276063
454.0 0.0015186250493570697
455.0 0.0013335278708836995
456.0 0.0011484308743092697
457.0 0.0008305280061904341
458.0 0.0005126253199705388
459.0 0.0007651639862160664
460.0 0.001017702652461594
461.0 0.001614196844457183
462.0 0.002210690581705421
463.0 0.0027841906558023766
464.0 0.003357690729899332
465.0 0.004393913332023658
466.0 0.005430135934147984
467.0 0.00608258051215671
468.0 0.006735026545356959
469.0 0.005805374894407578
470.0 0.004875724698649719
471.0 0.0037148758565308526
472.0 0.0025540268325130455
473.0 0.00216145836020587
474.0 0.001768889524100814
475.0 0.00145670728670666
476.0 0.0011445252312114462
477.0 0.0008893632184481248
478.0 0.0006342010237858631
479.0 0.000873577573656803
480.0 0.0011129539416288026
481.0 0.0008428852197539527
482.0 0.0005728166797780432
483.0 0.0006005428076605313
484.0 0.0006282688445935491
485.0 0.0005543492079596035
486.0 0.0004804294349014526
487.0 0.0005016097020416055
488.0 0.0005227898327575531
489.0 0.0005100795988255413
490.0 0.0004973693194187945
491.0 0.0006559303528774763
492.0 0.0008144914318108931
493.0 0.000962992271524854
494.0 0.0011114932931377552
495.0 0.0009599891200195998
496.0 0.0008084848559519742
497.0 0.0010231971828034148
498.0 0.001237909327755915
499.0 0.0012332752703514416
500.0 0.0012286413038964383
501.0 0.0014292850210040342
502.0 0.0016299289200105704
503.0 0.0019350989532540552
504.0 0.00224026898649754
505.0 0.0026918514777207747
506.0 0.0031434341508429497
507.0 0.0037935362342977896
508.0 0.004443637226358987
509.0 0.004951321170665324
510.0 0.005459003659780137
511.0 0.004855130464420654
512.0 0.004251256541465409
513.0 0.003652795930975117
514.0 0.0030543349566869438
515.0 0.0028817403290304355
516.0 0.002709146065171808
517.0 0.002460419636918232
518.0 0.0022116930267657153
519.0 0.05506338202394545
520.0 0.051620358135551214
521.0 0.12091052485629916
522.0 0.1596504938788712
523.0 0.058114936109632254
524.0 0.1910421415232122
525.0 0.0964956998359412
526.0 0.11939769610762596
527.0 0.15392567729577422
528.0 0.05404992843978107
529.0 0.15070708468556404
530.0 0.10737740667536855
531.0 0.18304800614714622
532.0 0.19280601991340518
533.0 0.28862771578133106
534.0 0.30035446397960186
535.0 0.390865933150053
536.0 0.48120408318936825
537.0 0.6247233133763075
538.0 0.9747901931405067
539.0 1.5719344839453697
540.0 2.5412974879145622
541.0 3.9607997983694077
542.0 5.8352939784526825
543.0 8.46465602517128
544.0 11.75495982170105
545.0 15.470322966575623
546.0 19.834445416927338
547.0 25.169509649276733
548.0 32.3860228061676
549.0 40.08036553859711
550.0 47.15279936790466
551.0 54.97904419898987
552.0 61.24723553657532
553.0 67.00202822685242
554.0 71.6859519481659
555.0 76.10527276992798
556.0 80.15398979187012
557.0 83.1578016281128
558.0 86.6173267364502
559.0 90.01423120498657
560.0 91.44846796989441
561.0 93.11838150024414
562.0 94.28818225860596
563.0 94.14094090461731
564.0 94.77407932281494
565.0 94.79427337646484
566.0 95.46970129013062
567.0 94.5186972618103
568.0 94.84673142433167
569.0 95.72479128837585
570.0 95.03926634788513
571.0 96.07710838317871
572.0 96.01479172706604
573.0 95.86328864097595
574.0 96.46751880645752
575.0 96.31437659263611
576.0 96.96177244186401
577.0 96.41907811164856
578.0 96.42044305801392
579.0 96.26403450965881
580.0 96.1394190788269
581.0 95.8070695400238
582.0 95.92307806015015
583.0 95.95326781272888
584.0 95.4255759716034
585.0 95.56804895401001
586.0 95.8324670791626
587.0 95.72774767875671
588.0 95.68524956703186
589.0 96.51933908462524
590.0 95.97528576850891
591.0 95.48394083976746
592.0 95.3117847442627
593.0 95.08376121520996
594.0 95.3977882862091
595.0 95.90460658073425
596.0 96.39249444007874
597.0 96.47619128227234
598.0 96.0301399230957
599.0 96.30085825920105
600.0 96.18006348609924
601.0 95.42655944824219
602.0 96.10350728034973
603.0 95.85839509963989
604.0 95.89925408363342
605.0 96.20798826217651
606.0 95.7331657409668
607.0 95.77218294143677
608.0 95.77637910842896
609.0 95.10008692741394
610.0 95.46195864677429
611.0 95.283442735672
612.0 95.33759951591492
613.0 96.18643522262573
614.0 96.02939486503601
615.0 95.53663730621338
616.0 95.63853740692139
617.0 95.83390355110168
618.0 95.6499993801117
619.0 96.32177352905273
620.0 95.7028329372406
621.0 94.90147829055786
622.0 96.05643153190613
623.0 95.90167999267578
624.0 95.87669968605042
625.0 96.2041437625885
626.0 95.38454413414001
627.0 94.63598728179932
628.0 96.56630158424377
629.0 95.22399306297302
630.0 95.56100368499756
631.0 95.63953280448914
632.0 96.30151987075806
633.0 96.121346950531
634.0 95.42604684829712
635.0 95.79620361328125
636.0 95.61761021614075
637.0 95.13887763023376
638.0 94.95446681976318
639.0 95.14344334602356
640.0 95.01806497573853
641.0 95.04485726356506
642.0 95.54157257080078
643.0 95.46573758125305
644.0 95.19369602203369
645.0 95.90768814086914
646.0 95.52802443504333
647.0 96.72057628631592
648.0 95.87672352790833
649.0 95.39881348609924
650.0 96.01988792419434
651.0 96.39921188354492
652.0 96.50378227233887
653.0 95.4810082912445
654.0 96.01811170578003
655.0 96.01807594299316
656.0 95.0656533241272
657.0 95.31214833259583
658.0 95.44264078140259
659.0 96.00163698196411
660.0 95.18183469772339
661.0 95.066899061203
662.0 95.34227252006531
663.0 95.46540975570679
664.0 95.06151080131531
665.0 94.7609007358551
666.0 94.95337009429932
667.0 95.47102451324463
668.0 94.89498734474182
669.0 95.34246921539307
670.0 95.21963000297546
671.0 95.36170959472656
672.0 95.28641700744629
673.0 95.07453441619873
674.0 94.47832703590393
675.0 95.36306262016296
676.0 94.52351331710815
677.0 93.3797299861908
678.0 92.83892512321472
679.0 91.7583703994751
680.0 90.71891903877258
681.0 89.78468775749207
682.0 87.3132586479187
683.0 84.79201197624207
684.0 81.02386593818665
685.0 77.43160724639893
686.0 73.44273924827576
687.0 68.51391196250916
688.0 63.964664936065674
689.0 59.24650430679321
690.0 54.10202741622925
691.0 49.9302864074707
692.0 45.15300393104553
693.0 40.87167978286743
694.0 36.05267107486725
695.0 30.995410680770874
696.0 25.973573327064514
697.0 20.905135571956635
698.0 15.34997671842575
699.0 11.080023646354675
700.0 7.747161388397217
701.0 4.849216341972351
702.0 2.977736108005047
703.0 1.7712123692035675
704.0 1.0329771786928177
705.0 0.5813762079924345
706.0 0.3758869832381606
707.0 0.30848386231809855
708.0 0.16488610999658704
709.0 0.10375388665124774
710.0 0.09242539526894689
711.0 0.07942438242025673
712.0 0.06743049016222358
713.0 0.08903263369575143
714.0 0.07063827943056822
715.0 0.06588317919522524
716.0 0.018797106167767197
717.0 1.583430977482314e-10
718.0 0.05734952865168452
719.0 0.07830962422303855
720.0 1.583430977482314e-10
721.0 0.004445251397555694
722.0 0.004199512841296382
723.0 0.0039537742850370705
724.0 0.0036548412026604638
725.0 0.0033559077564859763
726.0 0.0030809533200226724
727.0 0.0028059994292561896
728.0 0.002701130688365083
729.0 0.002596261583676096
730.0 0.0023655951736145653
731.0 0.0021349293092498556
732.0 0.0021672698494512588
733.0 0.002199610389652662
734.0 0.0020899486116832122
735.0 0.001980286651814822
736.0 0.0018098382497555576
737.0 0.0016393896657973528
738.0 0.001612934829609003
739.0 0.001586479993420653
740.0 0.0015814375728950836
741.0 0.001576395152369514
742.0 0.0014389668649528176
743.0 0.001301538577536121
744.0 0.0013607548680738546
745.0 0.0014199709767126478
746.0 0.001358539520879276
747.0 0.0012971081559953745
748.0 0.0011523306966410019
749.0 0.001007553146337159
750.0 0.0010279476555297151
751.0 0.0010483424375706818
752.0 0.0011191953490197193
753.0 0.0011900481695192866
754.0 0.0011742843526008073
755.0 0.001158520990429679
756.0 0.0011340794117131736
757.0 0.0011096377420471981
758.0 0.0011222496141272131
759.0 0.0011348614862072282
760.0 0.0011037012882297859
761.0 0.0010725415449996945
762.0 0.0010991638191626407
763.0 0.0011257862752245273
764.0 0.001082535345631186
765.0 0.0010392845979367848
766.0 0.0008137511940731201
767.0 0.0005882178356841905
768.0 0.0006407702130672988
769.0 0.000693322590450407
770.0 0.0008046556104090996
771.0 0.0009159889486909378
772.0 0.0008183668796846177
773.0 0.0007207446742540924
774.0 0.0008321845598402433
775.0 0.0009436243999516591
776.0 0.0009080115887627471
777.0 0.0008723987775738351
778.0 0.0008426329259236809
779.0 0.0008128671652229968
780.0 0.0007332841960305814
781.0 0.000653701272312901
782.0 0.0007612261470058002
783.0 0.0008687509762239642
784.0 0.0009119738933804911
785.0 0.0009551967195875477
786.0 0.0007652904059796128
787.0 0.000575384092371678
788.0 0.000615131602899055
789.0 0.0006548792498506373
790.0 0.0007143826223909855
791.0 0.0007738859494565986
792.0 0.0007882606951170601
793.0 0.0008026355317269918
794.0 0.000838761934573995
795.0 0.0008748880645725876
796.0 0.0007304672180907801
797.0 0.0005860462351847673
798.0 0.000725988275007694
799.0 0.0008659303603053559
800.0 0.0007553069735877216
801.0 0.000644683450445882
802.0 0.0005927193797106156
803.0 0.0005407550361269386
804.0 0.0006733230748068308
805.0 0.000805891068011988
806.0 0.0006895528258610284
807.0 0.0005732145837100688
808.0 0.0007436423857143382
809.0 0.0009140700967691373
810.0 0.0007692043254792225
811.0 0.0006243386906135129
812.0 0.0006339258561638417
813.0 0.0006435130217141705
814.0 0.0005450480784929823
815.0 0.00044658318074652925
816.0 0.0006042057520971866
817.0 0.0007618284143973142
818.0 0.0007273817118402803
819.0 0.0006929351002327166
820.0 0.0005175545084057376
821.0 0.00034217393931612605
822.0 0.0003571309662220301
823.0 0.00037208808407740435
824.0 0.000408267305829213
825.0 0.0004444465957931243
826.0 0.000499866291647777
827.0 0.0005552859875024296
828.0 0.0004167174211033853
829.0 0.00027814887744170846
830.0 0.0001602557290425466
831.0 4.236259201206849e-05
832.0 1.0336106726072103e-05
833.0 1.583430977482314e-10
834.0 1.583430977482314e-10
835.0 1.583430977482314e-10
836.0 0.00026995394364348613
837.0 0.00059104158935952
838.0 0.0007353851287916768
839.0 0.0008797287591733038
840.0 0.0011855024240503553
841.0 0.0014912760889274068
842.0 0.0019496264940244146
843.0 0.0024079768991214223
844.0 0.0022052787244319916
845.0 0.002002580731641501
846.0 0.0017100215700338595
847.0 0.0014174623174767476
848.0 0.0013743198906013276
849.0 0.0013311772818269674
850.0 0.0012761815924022812
851.0 0.0012211862667754758
852.0 0.0011538612852746155
853.0 0.0010865361218748149
854.0 0.0009359663636132609
855.0 0.0007853962415538263
856.0 0.0006366157322190702
857.0 0.00048783522288431413
858.0 0.0006009434400766622
859.0 0.0007140516117942752
860.0 0.0005311399036145303
861.0 0.00034822810448531527
862.0 0.00035378218399273464
863.0 0.0003593362407627865
864.0 0.00027098703867523
865.0 0.0001826378820624086
866.0 0.0001392119543197623
867.0 9.578600383974845e-05
868.0 0.00015325058484449983
869.0 0.00021071512037451612
870.0 6.758155564057233e-05
871.0 1.583430977482314e-10
872.0 1.583430977482314e-10
873.0 1.583430977482314e-10
874.0 1.583430977482314e-10
875.0 1.583430977482314e-10
876.0 1.583430977482314e-10
877.0 5.295888172440755e-05
878.0 0.0001438907020201441
879.0 0.00023482250526285497
880.0 0.00017361844584229402
881.0 0.00011241438642173307
882.0 0.00012354262253211346
883.0 0.00013467089274854516
884.0 1.5941914455197548e-05
885.0 1.583430977482314e-10
886.0 1.583430977482314e-10
887.0 7.197827471827623e-05
888.0 0.00013771049225397292
889.0 0.0002034427097896696
890.0 0.00019209196580050047
891.0 0.00018074117633659625
892.0 1.7855870737548685e-05
893.0 1.583430977482314e-10
894.0 1.583430977482314e-10
895.0 4.671882436468877e-05
896.0 4.275771630091185e-05
897.0 3.879665939621191e-05
898.0 7.976424853950448e-05
899.0 0.00012073182915628422
900.0 4.953649295202922e-05
901.0 1.583430977482314e-10
