lsstCam/transmission_sensor/r31_s12/19700101T000000.ecsv
# %ECSV 1.0
# ---
# datatype:
# - {name: amp_name, datatype: string}
# - {name: wavelength, unit: nm, datatype: float32}
# - {name: efficiency, unit: '%', datatype: float64}
# meta: !!omap
# - {MODE: AMP}
# - {TYPE: transmission_sensor}
# - {CALIBDATE: '1970-01-01T00:00:00'}
# - {INSTRUME: LSSTCam}
# - {OBSTYPE: transmission_sensor}
# - {DETECTOR: 131}
# - {PARQUETFILE: qe_raft_allvalues_nircorrected_20230725_adjust.parquet}
# - {CORRFILE: qe_corr_factor_bydetnum.parquet}
# - {CALIBCLS: lsst.ip.isr.IntermediateSensorTransmissionCurve}
# - {CALIB_ID: 'raftName=R31 detectorName=S12 detector=131 calibDate=1970-01-01T00:00:00 ccd=131 ccdnum=131 filter=None'}
# - {DATE: '2025-03-03T21:56:48.120538'}
# - {CALIB_CREATION_DATE: '2025-03-03'}
# - {CALIB_CREATION_TIME: '21:56:48'}
# - __serialized_columns__:
#     efficiency:
#       __class__: astropy.units.quantity.Quantity
#       unit: !astropy.units.Unit {unit: '%'}
#       value: !astropy.table.SerializedColumn {name: efficiency}
#     wavelength:
#       __class__: astropy.units.quantity.Quantity
#       unit: !astropy.units.Unit {unit: nm}
#       value: !astropy.table.SerializedColumn {name: wavelength}
# schema: astropy-2.0
amp_name wavelength efficiency
C00 319.994 46.21742498348759
C00 324.969 52.24376666990587
C00 349.982 76.83936918940043
C00 374.975 80.38015065000141
C00 400.019 86.23191157413659
C00 424.965 87.28253037041831
C00 450.035 88.70803870285897
C00 475.003 91.27217510600958
C00 500.018 92.95728379196937
C00 525.002 94.78200992227018
C00 550.029 97.3834907396457
C00 575.023 98.37799021554909
C00 599.982 98.6788071175039
C00 619.997 98.72001605860318
C00 624.979 99.75745134096114
C00 650.012 99.2035763947627
C00 675.004 99.61066778576256
C00 700.03 98.45095217864366
C00 725.012 98.48036974837432
C00 750.022 98.14625553514178
C00 774.987 97.59266206038892
C00 799.976 96.56644759917206
C00 824.988 94.7692372045102
C00 850.022 92.92912143273925
C00 869.967 89.6322387833962
C00 875.002 88.73070095789585
C00 899.999 81.97886281684276
C00 919.999 73.25518026749013
C00 925.012 70.9621160810999
C00 949.965 57.56295699333801
C00 975.002 42.4721545176772
C00 999.976 25.971674576555166
C00 1025.028 11.08633579607577
C00 1050.014 3.873234421754412
C00 1075.002 0.9350380447482083
C00 1099.99 0.09277361579811877
C01 319.994 46.35280514147225
C01 324.969 52.39516407461095
C01 349.982 77.07909918032932
C01 374.975 80.60211751051368
C01 400.019 86.33321086519771
C01 424.965 87.32184508476226
C01 450.035 88.71092188334201
C01 475.003 91.24996168381834
C01 500.018 92.91791582627087
C01 525.002 94.73403045180437
C01 550.029 97.32983619625023
C01 575.023 98.32060807733386
C01 599.982 98.61516414145873
C01 619.997 98.65824448730426
C01 624.979 99.69312370464296
C01 650.012 99.14226887098218
C01 675.004 99.55359754833836
C01 700.03 98.40743060728884
C01 725.012 98.47028242035185
C01 750.022 98.18989882387845
C01 774.987 97.68666591587422
C01 799.976 96.67845801983773
C01 824.988 94.87643218125565
C01 850.022 93.04638091549805
C01 869.967 89.74632600689003
C01 875.002 88.84827234144569
C01 899.999 82.0858523955063
C01 919.999 73.29207584886942
C01 925.012 70.9768971356607
C01 949.965 57.605090225805874
C01 975.002 42.56018281044633
C01 999.976 25.99894307376218
C01 1025.028 11.061404652967475
C01 1050.014 3.8546751360411466
C01 1075.002 0.9354533576932837
C01 1099.99 0.09281482276698899
C02 319.994 46.4301337156414
C02 324.969 52.484352486176036
C02 349.982 77.23660147246882
C02 374.975 80.72846776023088
C02 400.019 86.36997712185875
C02 424.965 87.3147170105865
C02 450.035 88.68344418438491
C02 475.003 91.20435570229901
C02 500.018 92.86658912780365
C02 525.002 94.67609297803436
C02 550.029 97.26576720936852
C02 575.023 98.25491872780601
C02 599.982 98.5500909861766
C02 619.997 98.59301918529479
C02 624.979 99.6268409828785
C02 650.012 99.07877043432798
C02 675.004 99.49204658979409
C02 700.03 98.3588881939319
C02 725.012 98.46240121987579
C02 750.022 98.23419634354269
C02 774.987 97.78232056335113
C02 799.976 96.79586964932388
C02 824.988 94.99825606583457
C02 850.022 93.15645146539016
C02 869.967 89.86015458094737
C02 875.002 88.97943042774675
C02 899.999 82.2464965175653
C02 919.999 73.26824967136841
C02 925.012 70.91657095827149
C02 949.965 57.630240079834714
C02 975.002 42.672372003516614
C02 999.976 26.03590712116876
C02 1025.028 11.071274220986432
C02 1050.014 3.8320207260698953
C02 1075.002 0.935874901326671
C02 1099.99 0.09285664793902948
C03 319.994 46.504944261473106
C03 324.969 52.56855428875264
C03 349.982 77.33976456093983
C03 374.975 80.78502830611849
C03 400.019 86.35553079009809
C03 424.965 87.26955225457645
C03 450.035 88.61982403034885
C03 475.003 91.13153827859541
C03 500.018 92.78786841107937
C03 525.002 94.58886725925193
C03 550.029 97.16977783909147
C03 575.023 98.15817623122864
C03 599.982 98.45022187435244
C03 619.997 98.49224480044299
C03 624.979 99.5238376484712
C03 650.012 98.9750748323113
C03 675.004 99.38360400988448
C03 700.03 98.27043008665804
C03 725.012 98.40978888156258
C03 750.022 98.23879117470827
C03 774.987 97.84247937934026
C03 799.976 96.87460558072088
C03 824.988 95.07476304767609
C03 850.022 93.22415675905523
C03 869.967 89.96887863230255
C03 875.002 89.10742386211919
C03 899.999 82.32227319511561
C03 919.999 73.16970423607208
C03 925.012 70.80266631085048
C03 949.965 57.6917872347108
C03 975.002 42.78316905403177
C03 999.976 26.055273497724695
C03 1025.028 11.074269609680883
C03 1050.014 3.804839000043316
C03 1075.002 0.9359181366981508
C03 1099.99 0.0928609377128682
C04 319.994 46.55532765023083
C04 324.969 52.629393961346615
C04 349.982 77.5137291289772
C04 374.975 80.9467983139598
C04 400.019 86.38370836400094
C04 424.965 87.23136342601481
C04 450.035 88.54349201724376
C04 475.003 91.03277983788082
C04 500.018 92.67419198374937
C04 525.002 94.47047428337447
C04 550.029 97.04714757685767
C04 575.023 98.03200855758425
C04 599.982 98.325256159854
C04 619.997 98.37115882749166
C04 624.979 99.39883389729094
C04 650.012 98.85415622076005
C04 675.004 99.27056659880928
C04 700.03 98.16912318826056
C04 725.012 98.35691789381289
C04 750.022 98.23355732728787
C04 774.987 97.8934104963164
C04 799.976 96.94360412156831
C04 824.988 95.14794562352529
C04 850.022 93.29563529155826
C04 869.967 90.09140239182722
C04 875.002 89.23674858035582
C04 899.999 82.4131580426905
C04 919.999 73.06545329850061
C04 925.012 70.72835024188262
C04 949.965 57.81383553571254
C04 975.002 42.96202133568486
C04 999.976 26.05707073094137
C04 1025.028 11.06193146101088
C04 1050.014 3.795558049675745
C04 1075.002 0.9358677892695096
C04 1099.99 0.09285594228725166
C05 319.994 46.69028560104713
C05 324.969 52.77737567202298
C05 349.982 77.69091920763414
C05 374.975 81.07645775499658
C05 400.019 86.47733946000426
C05 424.965 87.30401348831833
C05 450.035 88.60719585197987
C05 475.003 91.09184319743314
C05 500.018 92.7248492366163
C05 525.002 94.5174343707671
C05 550.029 97.09101908568535
C05 575.023 98.0714373819737
C05 599.982 98.36460130354342
C05 619.997 98.40723281654331
C05 624.979 99.43505242573356
C05 650.012 98.88414434071821
C05 675.004 99.29983962914898
C05 700.03 98.20937360497761
C05 725.012 98.4213520328402
C05 750.022 98.33454471755795
C05 774.987 98.02538256760872
C05 799.976 97.08851627202066
C05 824.988 95.29728524374315
C05 850.022 93.44641269834945
C05 869.967 90.2733318410407
C05 875.002 89.41885299830575
C05 899.999 82.56226183548098
C05 919.999 73.12368745838894
C05 925.012 70.78187546055986
C05 949.965 57.947755085114764
C05 975.002 43.098763206879184
C05 999.976 26.05642981285246
C05 1025.028 11.077611132180026
C05 1050.014 3.806439631160756
C05 1075.002 0.9368295098725731
C05 1099.99 0.09295136332197304
C06 319.994 46.590043729741005
C06 324.969 52.66868205001327
C06 349.982 77.58851685279981
C06 374.975 80.99999641717326
C06 400.019 86.3523585308331
C06 424.965 87.15656048751947
C06 450.035 88.44624743646618
C06 475.003 90.91757433594108
C06 500.018 92.54741572319563
C06 525.002 94.33287278317069
C06 550.029 96.90078242515925
C06 575.023 97.8855597251858
C06 599.982 98.17485911988116
C06 619.997 98.21761235026293
C06 624.979 99.24258681565198
C06 650.012 98.69994029793102
C06 675.004 99.11533129290711
C06 700.03 98.0312173946021
C06 725.012 98.24931972824001
C06 750.022 98.17010453465188
C06 774.987 97.86384077985842
C06 799.976 96.93764757719306
C06 824.988 95.1417684663954
C06 850.022 93.31212038946525
C06 869.967 90.20443219556604
C06 875.002 89.37663228146967
C06 899.999 82.4263339492779
C06 919.999 73.07751092664209
C06 925.012 70.70978073381112
C06 949.965 57.915378261537406
C06 975.002 43.002378255111054
C06 999.976 26.06675296830229
C06 1025.028 11.05476915382148
C06 1050.014 3.792684140633902
C06 1075.002 0.9352628152198238
C06 1099.99 0.09279591731782007
C07 319.994 46.686683527277424
C07 324.969 52.78057455696524
C07 349.982 77.78451226695563
C07 374.975 81.21422661660044
C07 400.019 86.55386926385489
C07 424.965 87.34344231270778
C07 450.035 88.62721075396108
C07 475.003 91.0932049106428
C07 500.018 92.72343427205206
C07 525.002 94.50880765132709
C07 550.029 97.08475064051906
C07 575.023 98.06673604809897
C07 599.982 98.36174094506949
C07 619.997 98.39999063232206
C07 624.979 99.43215403057779
C07 650.012 98.8851789384641
C07 675.004 99.2983638058938
C07 700.03 98.2018727713199
C07 725.012 98.3819840671417
C07 750.022 98.2503086819677
C07 774.987 97.89069467723344
C07 799.976 96.9457646050965
C07 824.988 95.1626810340679
C07 850.022 93.34799658777136
C07 869.967 90.22049128263649
C07 875.002 89.39174805883063
C07 899.999 82.51028090608621
C07 919.999 73.31126155118663
C07 925.012 70.93949186274484
C07 949.965 57.90239253835917
C07 975.002 42.965022429881586
C07 999.976 26.071410559992902
C07 1025.028 11.093404913394677
C07 1050.014 3.84147284150572
C07 1075.002 0.9360274766912944
C07 1099.99 0.09287178632653932
C10 319.994 45.60819145054751
C10 324.969 51.55952099672035
C10 349.982 76.17800258033824
C10 374.975 80.08710844581354
C10 400.019 86.10435936527342
C10 424.965 87.20047003302899
C10 450.035 88.64071377601225
C10 475.003 91.20440134631721
C10 500.018 92.8999320830996
C10 525.002 94.73666259018731
C10 550.029 97.35178336166862
C10 575.023 98.37175980706463
C10 599.982 98.68929763435379
C10 619.997 98.74804148577869
C10 624.979 99.78638204116432
C10 650.012 99.25501720327543
C10 675.004 99.67579419239925
C10 700.03 98.52883608836758
C10 725.012 98.5609694771812
C10 750.022 98.23684369659836
C10 774.987 97.6839348821185
C10 799.976 96.63661006248363
C10 824.988 94.80751732110825
C10 850.022 92.90276201222808
C10 869.967 89.6212005383279
C10 875.002 88.70629662283096
C10 899.999 81.6541893080415
C10 919.999 72.89572601681958
C10 925.012 70.61339578204299
C10 949.965 57.298225491439425
C10 975.002 42.02273590713214
C10 999.976 25.577650687599498
C10 1025.028 10.931673893152253
C10 1050.014 3.847771002829697
C10 1075.002 0.9359010061989458
C10 1099.99 0.09285923804047454
C11 319.994 45.83965607051381
C11 324.969 51.82291360741837
C11 349.982 76.61222934015869
C11 374.975 80.51016002851107
C11 400.019 86.38442345361942
C11 424.965 87.40171450927794
C11 450.035 88.79621533868726
C11 475.003 91.33520188780902
C11 500.018 93.01512237036663
C11 525.002 94.84352284413261
C11 550.029 97.45861318626845
C11 575.023 98.47257983593465
C11 599.982 98.78725730474986
C11 619.997 98.85099917616779
C11 624.979 99.88803126969832
C11 650.012 99.36113193825678
C11 675.004 99.78931086566556
C11 700.03 98.65228033559265
C11 725.012 98.72575959756016
C11 750.022 98.4481678935334
C11 774.987 97.94370259703773
C11 799.976 96.92568884442436
C11 824.988 95.09999658240497
C11 850.022 93.21960757190784
C11 869.967 89.96375889492765
C11 875.002 89.0541877222239
C11 899.999 81.96439366307298
C11 919.999 73.13993672886856
C11 925.012 70.85157387635303
C11 949.965 57.58865837925345
C11 975.002 42.2820091451875
C11 999.976 25.71689727429262
C11 1025.028 10.954615717800614
C11 1050.014 3.8445426394590103
C11 1075.002 0.9379138576321787
C11 1099.99 0.0930589513105113
C12 319.994 45.94148026778425
C12 324.969 51.93916511810856
C12 349.982 76.82131698020187
C12 374.975 80.66159927356617
C12 400.019 86.37773660495294
C12 424.965 87.32381538488127
C12 450.035 88.67983069961065
C12 475.003 91.19649732383205
C12 500.018 92.86130202902869
C12 525.002 94.6792500226266
C12 550.029 97.28751658404137
C12 575.023 98.29788496360605
C12 599.982 98.6163204565865
C12 619.997 98.67866257811292
C12 624.979 99.71930054908132
C12 650.012 99.1915263739576
C12 675.004 99.61991069944828
C12 700.03 98.50149532146509
C12 725.012 98.61346009811255
C12 750.022 98.39709984450265
C12 774.987 97.94987214683125
C12 799.976 96.95553242499156
C12 824.988 95.14236183863201
C12 850.022 93.29902816357787
C12 869.967 90.07561716886597
C12 875.002 89.17211665058298
C12 899.999 82.08158467980448
C12 919.999 73.19237409844533
C12 925.012 70.89170257568823
C12 949.965 57.759446884357665
C12 975.002 42.44463117470189
C12 999.976 25.821024592648122
C12 1025.028 10.991529366603762
C12 1050.014 3.8426600614374737
C12 1075.002 0.937426777485273
C12 1099.99 0.09301062366580666
C13 319.994 46.09725569456847
C13 324.969 52.117431634861404
C13 349.982 77.07667244002829
C13 374.975 80.85464304121165
C13 400.019 86.47204475389293
C13 424.965 87.37003756064632
C13 450.035 88.70407528061185
C13 475.003 91.20535987069944
C13 500.018 92.86094448421944
C13 525.002 94.67263163998744
C13 550.029 97.27560349529087
C13 575.023 98.28499813580058
C13 599.982 98.60033744287972
C13 619.997 98.65995613798681
C13 624.979 99.69522332948021
C13 650.012 99.1691912343845
C13 675.004 99.59948500130326
C13 700.03 98.49580503386268
C13 725.012 98.6492145790368
C13 750.022 98.4861589313495
C13 774.987 98.09582650236585
C13 799.976 97.12737454618258
C13 824.988 95.31715560633339
C13 850.022 93.4861838528754
C13 869.967 90.28138040291684
C13 875.002 89.38534268160973
C13 899.999 82.24085948131746
C13 919.999 73.26637826662216
C13 925.012 70.98385784843639
C13 949.965 57.93088581672125
C13 975.002 42.5980673455533
C13 999.976 25.902615177016802
C13 1025.028 11.016369221675657
C13 1050.014 3.8394925567577216
C13 1075.002 0.93827472264951
C13 1099.99 0.09309475600601103
C14 319.994 46.204910915164106
C14 324.969 52.24318851234199
C14 349.982 77.27351987585719
C14 374.975 80.9689052334419
C14 400.019 86.45199942256625
C14 424.965 87.29219168760423
C14 450.035 88.5927495202192
C14 475.003 91.07284007118872
C14 500.018 92.7145641178483
C14 525.002 94.51980785971357
C14 550.029 97.1156136041594
C14 575.023 98.1175530550296
C14 599.982 98.42897458387979
C14 619.997 98.48895082379613
C14 624.979 99.52481899486253
C14 650.012 98.9987412557486
C14 675.004 99.42563454331139
C14 700.03 98.33859182050512
C14 725.012 98.52860026094021
C14 750.022 98.4215574309221
C14 774.987 98.07978262996814
C14 799.976 97.13467758909476
C14 824.988 95.31671438082411
C14 850.022 93.5082451283393
C14 869.967 90.2611905321992
C14 875.002 89.34977838409465
C14 899.999 82.28096535864356
C14 919.999 73.29835950870844
C14 925.012 70.97723185846085
C14 949.965 57.85687023753987
C14 975.002 42.60730645557085
C14 999.976 25.925062524801316
C14 1025.028 11.031798801661743
C14 1050.014 3.8258033926948167
C14 1075.002 0.9376587058652609
C14 1099.99 0.09303363538660084
C15 319.994 46.3462285991831
C15 324.969 52.399644795731035
C15 349.982 77.45430822461566
C15 374.975 81.06469681297341
C15 400.019 86.46366907655302
C15 424.965 87.2688752016398
C15 450.035 88.55355652325713
C15 475.003 91.02666353944187
C15 500.018 92.66034663156168
C15 525.002 94.45946646765162
C15 550.029 97.04361777278343
C15 575.023 98.04265122116149
C15 599.982 98.34976699762804
C15 619.997 98.4040909866238
C15 624.979 99.43995155035383
C15 650.012 98.90842695840122
C15 675.004 99.33534306797311
C15 700.03 98.25518498457886
C15 725.012 98.47141591347052
C15 750.022 98.39490132429263
C15 774.987 98.09024271747258
C15 799.976 97.1569138332951
C15 824.988 95.33369395559494
C15 850.022 93.53274075144058
C15 869.967 90.25914415871651
C15 875.002 89.34311435743729
C15 899.999 82.3925649831454
C15 919.999 73.25964577393748
C15 925.012 70.93276697739654
C15 949.965 57.781264725057824
C15 975.002 42.65269182433555
C15 999.976 25.933984028525554
C15 1025.028 11.031915764458383
C15 1050.014 3.8048052424881877
C15 1075.002 0.9374044133412619
C15 1099.99 0.09300840471598339
C16 319.994 46.54287824426646
C16 324.969 52.62298478045753
C16 349.982 77.75784855298978
C16 374.975 81.31535093892512
C16 400.019 86.6299654495326
C16 424.965 87.40630934044351
C16 450.035 88.67573795264528
C16 475.003 91.14234830357273
C16 500.018 92.77246355493648
C16 525.002 94.56707224056088
C16 550.029 97.14968686374658
C16 575.023 98.14866706077007
C16 599.982 98.45005451295238
C16 619.997 98.50512402091208
C16 624.979 99.53644300483109
C16 650.012 99.00364038036886
C16 675.004 99.4260681614843
C16 700.03 98.35084723939214
C16 725.012 98.56948208657573
C16 750.022 98.4978209779999
C16 774.987 98.19463058709864
C16 799.976 97.25319228235409
C16 824.988 95.43805900321192
C16 850.022 93.60656995088098
C16 869.967 90.3524405319197
C16 875.002 89.47625035119373
C16 899.999 82.62137844638785
C16 919.999 73.28076373969189
C16 925.012 70.89963702751886
C16 949.965 57.800903063888875
C16 975.002 42.84028113180598
C16 999.976 26.0072483832407
C16 1025.028 11.049449723866953
C16 1050.014 3.805670576999918
C16 1075.002 0.9383848703042182
C16 1099.99 0.09310568475512061
C17 319.994 46.552703119184265
C17 324.969 52.63270695633438
C17 349.982 77.70586762359503
C17 374.975 81.20483155618736
C17 400.019 86.52795106885299
C17 424.965 87.30683581011044
C17 450.035 88.58305016635144
C17 475.003 91.04951597788792
C17 500.018 92.68294042057126
C17 525.002 94.47331181983931
C17 550.029 97.05388006954233
C17 575.023 98.04524532286258
C17 599.982 98.34436578880756
C17 619.997 98.39527408377461
C17 624.979 99.42695061250285
C17 650.012 98.89006284841163
C17 675.004 99.30847395592535
C17 700.03 98.21606806098046
C17 725.012 98.39851480906688
C17 750.022 98.27583890281488
C17 774.987 97.9139807338524
C17 799.976 96.96069780638466
C17 824.988 95.16643145089677
C17 850.022 93.30929046033677
C17 869.967 90.1456274854502
C17 875.002 89.30988551218684
C17 899.999 82.47949401580952
C17 919.999 73.07535805045028
C17 925.012 70.68610670303744
C17 949.965 57.73183605701414
C17 975.002 42.79589993144171
C17 999.976 25.963534726642624
C17 1025.028 11.077345826324231
C17 1050.014 3.8137697752087494
C17 1075.002 0.9362706219109463
C17 1099.99 0.09289591097186024
