lsstCam/transmission_sensor/r31_s12/19700101T000000.ecsv
# %ECSV 1.0
# ---
# datatype:
# - {name: amp_name, datatype: string}
# - {name: wavelength, unit: nm, datatype: float32}
# - {name: efficiency, unit: '%', datatype: float64}
# meta: !!omap
# - {MODE: AMP}
# - {TYPE: transmission_sensor}
# - {CALIBDATE: '1970-01-01T00:00:00'}
# - {INSTRUME: LSSTCAM}
# - {OBSTYPE: transmission_sensor}
# - {DETECTOR: 131}
# - {PARQUETFILE: qe_raft_allvalues_nircorrected_20230725.parquet}
# - {CALIBCLS: lsst.ip.isr.IntermediateSensorTransmissionCurve}
# - {CALIB_ID: 'raftName=R31 detectorName=S12 detector=131 calibDate=1970-01-01T00:00:00 ccd=131 ccdnum=131 filter=None'}
# - {DATE: '2024-01-18T22:42:25.441188'}
# - {CALIB_CREATION_DATE: '2024-01-18'}
# - {CALIB_CREATION_TIME: '22:42:25'}
# - __serialized_columns__:
#     efficiency:
#       __class__: astropy.units.quantity.Quantity
#       unit: !astropy.units.Unit {unit: '%'}
#       value: !astropy.table.SerializedColumn {name: efficiency}
#     wavelength:
#       __class__: astropy.units.quantity.Quantity
#       unit: !astropy.units.Unit {unit: nm}
#       value: !astropy.table.SerializedColumn {name: wavelength}
# schema: astropy-2.0
amp_name wavelength efficiency
C00 319.994 46.351436614990234
C00 324.969 52.3952522277832
C00 349.982 77.06217193603516
C00 374.975 80.61322021484375
C00 400.019 86.48194885253906
C00 424.965 87.53561401367188
C00 450.035 88.96525573730469
C00 475.003 91.53682708740234
C00 500.018 93.22682189941406
C00 525.002 95.05683898925781
C00 550.029 97.66586303710938
C00 575.023 98.66324615478516
C00 599.982 98.96493530273438
C00 619.997 99.00626373291016
C00 624.979 100.04670715332031
C00 650.012 99.49122619628906
C00 675.004 99.89949798583984
C00 700.03 98.73641967773438
C00 725.012 98.76592254638672
C00 750.022 98.43083953857422
C00 774.987 97.87564086914062
C00 799.976 96.84645080566406
C00 824.988 95.04402923583984
C00 850.022 93.19857788085938
C00 869.967 89.89213562011719
C00 875.002 88.98798370361328
C00 899.999 82.21656799316406
C00 919.999 73.46759033203125
C00 925.012 71.16787719726562
C00 949.965 57.72986602783203
C00 975.002 42.595306396484375
C00 999.976 26.046981811523438
C00 1025.028 11.118481636047363
C00 1050.014 3.884465217590332
C00 1075.002 0.9377492726874221
C00 1099.99 0.09304262134349364
C01 319.994 46.48720932006836
C01 324.969 52.547088623046875
C01 349.982 77.30259704589844
C01 374.975 80.83583068847656
C01 400.019 86.58354187011719
C01 424.965 87.57504272460938
C01 450.035 88.96814727783203
C01 475.003 91.5145492553711
C01 500.018 93.18733978271484
C01 525.002 95.00872039794922
C01 550.029 97.61205291748047
C01 575.023 98.60569763183594
C01 599.982 98.90110778808594
C01 619.997 98.9443130493164
C01 624.979 99.98219299316406
C01 650.012 99.42974090576172
C01 675.004 99.8422622680664
C01 700.03 98.6927719116211
C01 725.012 98.75580596923828
C01 750.022 98.474609375
C01 774.987 97.96991729736328
C01 799.976 96.95878601074219
C01 824.988 95.15153503417969
C01 850.022 93.31617736816406
C01 869.967 90.00655364990234
C01 875.002 89.10589599609375
C01 899.999 82.32386779785156
C01 919.999 73.50459289550781
C01 925.012 71.18270111083984
C01 949.965 57.77212142944336
C01 975.002 42.683589935302734
C01 999.976 26.074329376220703
C01 1025.028 11.093478202819824
C01 1050.014 3.865852117538452
C01 1075.002 0.9381657898701931
C01 1099.99 0.0930839477957217
C02 319.994 46.564762115478516
C02 324.969 52.63653564453125
C02 349.982 77.46055603027344
C02 374.975 80.9625473022461
C02 400.019 86.62041473388672
C02 424.965 87.5678939819336
C02 450.035 88.94058990478516
C02 475.003 91.46881103515625
C02 500.018 93.1358642578125
C02 525.002 94.95061492919922
C02 550.029 97.54779815673828
C02 575.023 98.5398178100586
C02 599.982 98.83584594726562
C02 619.997 98.87889862060547
C02 624.979 99.91571807861328
C02 650.012 99.36605834960938
C02 675.004 99.78053283691406
C02 700.03 98.64408874511719
C02 725.012 98.7479019165039
C02 750.022 98.51903533935547
C02 774.987 98.06584930419922
C02 799.976 97.0765380859375
C02 824.988 95.27371215820312
C02 850.022 93.42656707763672
C02 869.967 90.12071228027344
C02 875.002 89.23743438720703
C02 899.999 82.48497772216797
C02 919.999 73.48069763183594
C02 925.012 71.12220001220703
C02 949.965 57.79734420776367
C02 975.002 42.796104431152344
C02 999.976 26.111400604248047
C02 1025.028 11.103376388549805
C02 1050.014 3.8431320190429688
C02 1075.002 0.9385885558077237
C02 1099.99 0.0931258942436564
C03 319.994 46.63978958129883
C03 324.969 52.72098159790039
C03 349.982 77.56401824951172
C03 374.975 81.01927185058594
C03 400.019 86.60592651367188
C03 424.965 87.52259826660156
C03 450.035 88.87678527832031
C03 475.003 91.39578247070312
C03 500.018 93.05691528320312
C03 525.002 94.8631362915039
C03 550.029 97.45153045654297
C03 575.023 98.44279479980469
C03 599.982 98.73568725585938
C03 619.997 98.77783203125
C03 624.979 99.81241607666016
C03 650.012 99.2620620727539
C03 675.004 99.6717758178711
C03 700.03 98.55537414550781
C03 725.012 98.69513702392578
C03 750.022 98.52364349365234
C03 774.987 98.12618255615234
C03 799.976 97.15550231933594
C03 824.988 95.3504409790039
C03 850.022 93.49446868896484
C03 869.967 90.22975158691406
C03 875.002 89.36579895019531
C03 899.999 82.56097412109375
C03 919.999 73.38186645507812
C03 925.012 71.00796508789062
C03 949.965 57.85906982421875
C03 975.002 42.907222747802734
C03 999.976 26.130823135375977
C03 1025.028 11.106380462646484
C03 1050.014 3.815871477127075
C03 1075.002 0.9386319165440995
C03 1099.99 0.09313019645608492
C04 319.994 46.6903190612793
C04 324.969 52.78199768066406
C04 349.982 77.73848724365234
C04 374.975 81.18151092529297
C04 400.019 86.63418579101562
C04 424.965 87.48429870605469
C04 450.035 88.80023193359375
C04 475.003 91.29673767089844
C04 500.018 92.94290924072266
C04 525.002 94.74440002441406
C04 550.029 97.32854461669922
C04 575.023 98.3162612915039
C04 599.982 98.61035919189453
C04 619.997 98.6563949584961
C04 624.979 99.68704986572266
C04 650.012 99.14079284667969
C04 675.004 99.55841064453125
C04 700.03 98.45377349853516
C04 725.012 98.6421127319336
C04 750.022 98.51839447021484
C04 774.987 98.17726135253906
C04 799.976 97.22470092773438
C04 824.988 95.42383575439453
C04 850.022 93.56615447998047
C04 869.967 90.35263061523438
C04 875.002 89.49549865722656
C04 899.999 82.6521224975586
C04 919.999 73.27731323242188
C04 925.012 70.93343353271484
C04 949.965 57.98147201538086
C04 975.002 43.08659362792969
C04 999.976 26.132625579833984
C04 1025.028 11.094006538391113
C04 1050.014 3.80656361579895
C04 1075.002 0.9385814231285052
C04 1099.99 0.093125186545777
C05 319.994 46.82566833496094
C05 324.969 52.9304084777832
C05 349.982 77.91619110107422
C05 374.975 81.3115463256836
C05 400.019 86.72808837890625
C05 424.965 87.55715942382812
C05 450.035 88.86412048339844
C05 475.003 91.35597229003906
C05 500.018 92.99371337890625
C05 525.002 94.79149627685547
C05 550.029 97.37254333496094
C05 575.023 98.35580444335938
C05 599.982 98.64981842041016
C05 619.997 98.69257354736328
C05 624.979 99.72337341308594
C05 650.012 99.17086791992188
C05 675.004 99.5877685546875
C05 700.03 98.494140625
C05 725.012 98.70673370361328
C05 750.022 98.61967468261719
C05 774.987 98.30961608886719
C05 799.976 97.37003326416016
C05 824.988 95.5736083984375
C05 850.022 93.71736907958984
C05 869.967 90.53508758544922
C05 875.002 89.67813110351562
C05 899.999 82.8016586303711
C05 919.999 73.3357162475586
C05 925.012 70.98711395263672
C05 949.965 58.115779876708984
C05 975.002 43.223731994628906
C05 999.976 26.131982803344727
C05 1025.028 11.109731674194336
C05 1050.014 3.817476749420166
C05 1075.002 0.939545932328015
C05 1099.99 0.09322088426247596
C06 319.994 46.725135803222656
C06 324.969 52.8213996887207
C06 349.982 77.81349182128906
C06 374.975 81.23486328125
C06 400.019 86.60274505615234
C06 424.965 87.4092788696289
C06 450.035 88.70270538330078
C06 475.003 91.18119812011719
C06 500.018 92.81576538085938
C06 525.002 94.60639953613281
C06 550.029 97.18175506591797
C06 575.023 98.16938781738281
C06 599.982 98.45952606201172
C06 619.997 98.50240325927734
C06 624.979 99.53034973144531
C06 650.012 98.98612976074219
C06 675.004 99.40272521972656
C06 700.03 98.31546783447266
C06 725.012 98.5342025756836
C06 750.022 98.45475769042969
C06 774.987 98.1476058959961
C06 799.976 97.2187271118164
C06 824.988 95.41764068603516
C06 850.022 93.58268737792969
C06 869.967 90.46598815917969
C06 875.002 89.63578796386719
C06 899.999 82.66533660888672
C06 919.999 73.2894058227539
C06 925.012 70.91481018066406
C06 949.965 58.083309173583984
C06 975.002 43.12706756591797
C06 999.976 26.142335891723633
C06 1025.028 11.086823463439941
C06 1050.014 3.8036813735961914
C06 1075.002 0.9379746949014838
C06 1099.99 0.0930649875284817
C07 319.994 46.82205581665039
C07 324.969 52.933616638183594
C07 349.982 78.01005554199219
C07 374.975 81.44971466064453
C07 400.019 86.80484008789062
C07 424.965 87.5967025756836
C07 450.035 88.88419342041016
C07 475.003 91.35733795166016
C07 500.018 92.99229431152344
C07 525.002 94.78284454345703
C07 550.029 97.36625671386719
C07 575.023 98.35108947753906
C07 599.982 98.6469497680664
C07 619.997 98.68531036376953
C07 624.979 99.72046661376953
C07 650.012 99.17190551757812
C07 675.004 99.58628845214844
C07 700.03 98.48661804199219
C07 725.012 98.66725158691406
C07 750.022 98.53519439697266
C07 774.987 98.1745376586914
C07 799.976 97.22686767578125
C07 824.988 95.43861389160156
C07 850.022 93.61866760253906
C07 869.967 90.48209381103516
C07 875.002 89.65094757080078
C07 899.999 82.74952697753906
C07 919.999 73.52383422851562
C07 925.012 71.14518737792969
C07 949.965 58.07028579711914
C07 975.002 43.089603424072266
C07 999.976 26.14700698852539
C07 1025.028 11.125571250915527
C07 1050.014 3.852611541748047
C07 1075.002 0.9387415735785078
C07 1099.99 0.09314107652629906
C10 319.994 45.74043655395508
C10 324.969 51.709022521972656
C10 349.982 76.39888763427734
C10 374.975 80.31932830810547
C10 400.019 86.3540267944336
C10 424.965 87.45331573486328
C10 450.035 88.89773559570312
C10 475.003 91.46885681152344
C10 500.018 93.16930389404297
C10 525.002 95.01136016845703
C10 550.029 97.63406372070312
C10 575.023 98.65699768066406
C10 599.982 98.97545623779297
C10 619.997 99.03437042236328
C10 624.979 100.07572174072266
C10 650.012 99.54281616210938
C10 675.004 99.96481323242188
C10 700.03 98.81452941894531
C10 725.012 98.84675598144531
C10 750.022 98.52169036865234
C10 774.987 97.96717834472656
C10 799.976 96.91681671142578
C10 824.988 95.0824203491211
C10 850.022 93.1721420288086
C10 869.967 89.88106536865234
C10 875.002 88.96350860595703
C10 899.999 81.89095306396484
C10 919.999 73.10709381103516
C10 925.012 70.81814575195312
C10 949.965 57.4643669128418
C10 975.002 42.14458465576172
C10 999.976 25.65181541442871
C10 1025.028 10.963371276855469
C10 1050.014 3.8589279651641846
C10 1075.002 0.9386147363734524
C10 1099.99 0.0931284918553364
C11 319.994 45.972572326660156
C11 324.969 51.97317886352539
C11 349.982 76.8343734741211
C11 374.975 80.74360656738281
C11 400.019 86.63490295410156
C11 424.965 87.65514373779297
C11 450.035 89.0536880493164
C11 475.003 91.60003662109375
C11 500.018 93.28482818603516
C11 525.002 95.1185302734375
C11 550.029 97.74120330810547
C11 575.023 98.75811004638672
C11 599.982 99.07369995117188
C11 619.997 99.13762664794922
C11 624.979 100.17766571044922
C11 650.012 99.64923858642578
C11 675.004 100.07865905761719
C11 700.03 98.9383316040039
C11 725.012 99.01202392578125
C11 750.022 98.73362731933594
C11 774.987 98.22769927978516
C11 799.976 97.20673370361328
C11 824.988 95.37574768066406
C11 850.022 93.48990631103516
C11 869.967 90.22461700439453
C11 875.002 89.31240844726562
C11 899.999 82.20205688476562
C11 919.999 73.35201263427734
C11 925.012 71.05701446533203
C11 949.965 57.75564193725586
C11 975.002 42.40460968017578
C11 999.976 25.791465759277344
C11 1025.028 10.986379623413086
C11 1050.014 3.8556902408599854
C11 1075.002 0.9406334242526716
C11 1099.99 0.09332878421218209
C12 319.994 46.07469177246094
C12 324.969 52.08976745605469
C12 349.982 77.0440673828125
C12 374.975 80.8954849243164
C12 400.019 86.6281967163086
C12 424.965 87.57701873779297
C12 450.035 88.93696594238281
C12 475.003 91.46092987060547
C12 500.018 93.13056182861328
C12 525.002 94.95378112792969
C12 550.029 97.56961059570312
C12 575.023 98.5829086303711
C12 599.982 98.90226745605469
C12 619.997 98.96479034423828
C12 624.979 100.0084457397461
C12 650.012 99.47914123535156
C12 675.004 99.90876770019531
C12 700.03 98.787109375
C12 725.012 98.89939880371094
C12 750.022 98.68241119384766
C12 774.987 98.23388671875
C12 799.976 97.23666381835938
C12 824.988 95.4182357788086
C12 850.022 93.5695571899414
C12 869.967 90.33679962158203
C12 875.002 89.43067932128906
C12 899.999 82.31958770751953
C12 919.999 73.40460205078125
C12 925.012 71.09725952148438
C12 949.965 57.92692565917969
C12 975.002 42.56770324707031
C12 999.976 25.89589500427246
C12 1025.028 11.02340030670166
C12 1050.014 3.85380220413208
C12 1075.002 0.9401449317725349
C12 1099.99 0.09328031643707176
C13 319.994 46.230918884277344
C13 324.969 52.268550872802734
C13 349.982 77.30016326904297
C13 374.975 81.0890884399414
C13 400.019 86.7227783203125
C13 424.965 87.62337493896484
C13 450.035 88.9612808227539
C13 475.003 91.46981811523438
C13 500.018 93.13020324707031
C13 525.002 94.9471435546875
C13 550.029 97.55766296386719
C13 575.023 98.56998443603516
C13 599.982 98.88623809814453
C13 619.997 98.94602966308594
C13 624.979 99.98429870605469
C13 650.012 99.45674133300781
C13 675.004 99.8882827758789
C13 700.03 98.78140258789062
C13 725.012 98.93525695800781
C13 750.022 98.771728515625
C13 774.987 98.38026428222656
C13 799.976 97.40900421142578
C13 824.988 95.59353637695312
C13 850.022 93.75725555419922
C13 869.967 90.54315948486328
C13 875.002 89.64452362060547
C13 899.999 82.47932434082031
C13 919.999 73.47882080078125
C13 925.012 71.18968200683594
C13 949.965 58.09886169433594
C13 975.002 42.72158432006836
C13 999.976 25.97772216796875
C13 1025.028 11.048312187194824
C13 1050.014 3.850625514984131
C13 1075.002 0.9409953356309747
C13 1099.99 0.09336469272665618
C14 319.994 46.33888626098633
C14 324.969 52.39467239379883
C14 349.982 77.4975814819336
C14 374.975 81.20368194580078
C14 400.019 86.70267486572266
C14 424.965 87.54530334472656
C14 450.035 88.8496322631836
C14 475.003 91.3369140625
C14 500.018 92.9833984375
C14 525.002 94.79387664794922
C14 550.029 97.39720916748047
C14 575.023 98.40205383300781
C14 599.982 98.7143783569336
C14 619.997 98.77452850341797
C14 624.979 99.81340026855469
C14 650.012 99.28579711914062
C14 675.004 99.71392822265625
C14 700.03 98.62373352050781
C14 725.012 98.81429290771484
C14 750.022 98.70693969726562
C14 774.987 98.36417388916016
C14 799.976 97.41632843017578
C14 824.988 95.59309387207031
C14 850.022 93.77938079833984
C14 869.967 90.52291107177734
C14 875.002 89.60885620117188
C14 899.999 82.51954650878906
C14 919.999 73.51089477539062
C14 925.012 71.18303680419922
C14 949.965 58.02463150024414
C14 975.002 42.73085021972656
C14 999.976 26.000234603881836
C14 1025.028 11.063786506652832
C14 1050.014 3.8368966579437256
C14 1075.002 0.9403775326499759
C14 1099.99 0.09330339488244542
C15 319.994 46.480613708496094
C15 324.969 52.55158233642578
C15 349.982 77.67889404296875
C15 374.975 81.29975128173828
C15 400.019 86.7143783569336
C15 424.965 87.52191925048828
C15 450.035 88.8103256225586
C15 475.003 91.29060363769531
C15 500.018 92.92902374267578
C15 525.002 94.73336029052734
C15 550.029 97.32500457763672
C15 575.023 98.32693481445312
C15 599.982 98.63494110107422
C15 619.997 98.68942260742188
C15 624.979 99.72828674316406
C15 650.012 99.19522094726562
C15 675.004 99.62337493896484
C15 700.03 98.54008483886719
C15 725.012 98.75694274902344
C15 750.022 98.68020629882812
C15 774.987 98.37466430664062
C15 799.976 97.43862915039062
C15 824.988 95.61012268066406
C15 850.022 93.80394744873047
C15 869.967 90.52085876464844
C15 875.002 89.6021728515625
C15 899.999 82.6314697265625
C15 919.999 73.4720687866211
C15 925.012 71.13844299316406
C15 949.965 57.94880676269531
C15 975.002 42.7763671875
C15 999.976 26.00918197631836
C15 1025.028 11.06390380859375
C15 1050.014 3.8158376216888428
C15 1075.002 0.9401225027816521
C15 1099.99 0.09327809105320145
C16 319.994 46.677833557128906
C16 324.969 52.775569915771484
C16 349.982 77.98331451416016
C16 374.975 81.55113220214844
C16 400.019 86.88115692138672
C16 424.965 87.65975189208984
C16 450.035 88.932861328125
C16 475.003 91.40662384033203
C16 500.018 93.04146575927734
C16 525.002 94.84127807617188
C16 550.029 97.43138122558594
C16 575.023 98.43325805664062
C16 599.982 98.73551940917969
C16 619.997 98.7907485961914
C16 624.979 99.82505798339844
C16 650.012 99.29071044921875
C16 675.004 99.71436309814453
C16 700.03 98.63602447509766
C16 725.012 98.85529327392578
C16 750.022 98.7834243774414
C16 774.987 98.47935485839844
C16 799.976 97.53518676757812
C16 824.988 95.71479034423828
C16 850.022 93.87799072265625
C16 869.967 90.61442565917969
C16 875.002 89.7356948852539
C16 899.999 82.86094665527344
C16 919.999 73.49324798583984
C16 925.012 71.10521697998047
C16 949.965 57.968502044677734
C16 975.002 42.964500427246094
C16 999.976 26.082658767700195
C16 1025.028 11.081488609313965
C16 1050.014 3.8167054653167725
C16 1075.002 0.941105802668836
C16 1099.99 0.0933756531646688
C17 319.994 46.687686920166016
C17 324.969 52.78532028198242
C17 349.982 77.93118286132812
C17 374.975 81.44029235839844
C17 400.019 86.77884674072266
C17 424.965 87.55998992919922
C17 450.035 88.83990478515625
C17 475.003 91.31352233886719
C17 500.018 92.9516830444336
C17 525.002 94.74724578857422
C17 550.029 97.33529663085938
C17 575.023 98.32953643798828
C17 599.982 98.62952423095703
C17 619.997 98.68058013916016
C17 624.979 99.71524810791016
C17 650.012 99.17680358886719
C17 675.004 99.59642791748047
C17 700.03 98.5008544921875
C17 725.012 98.68383026123047
C17 750.022 98.56079864501953
C17 774.987 98.19789123535156
C17 799.976 97.2418441772461
C17 824.988 95.44237518310547
C17 850.022 93.57984924316406
C17 869.967 90.40701293945312
C17 875.002 89.56884765625
C17 899.999 82.7186508178711
C17 919.999 73.28724670410156
C17 925.012 70.89106750488281
C17 949.965 57.899234771728516
C17 975.002 42.91999053955078
C17 999.976 26.038818359375
C17 1025.028 11.109465599060059
C17 1050.014 3.8248281478881836
C17 1075.002 0.9389854238198607
C17 1099.99 0.09316527112322548
