lsstcam/transmission_sensor/r31_s12/19700101T000000.ecsv
# %ECSV 0.9
# ---
# datatype:
# - {name: amp_name, datatype: string}
# - {name: wavelength, unit: nm, datatype: float32}
# - {name: efficiency, unit: '%', datatype: float32}
# meta: !!omap
# - {MODE: AMP}
# - {TYPE: transmission_sensor}
# - {CALIBDATE: '1970-01-01T00:00:00'}
# - {INSTRUME: LSSTCAM}
# - {OBSTYPE: transmission_sensor}
# - {DETECTOR: 131}
# - {CALIBCLS: lsst.ip.isr.IntermediateSensorTransmissionCurve}
# - {PICKLEFILE: RaftRun11903.p}
# - {CALIB_ID: 'raftName=R31 detectorName=S12 detector=131 calibDate=1970-01-01T00:00:00 ccd=131 ccdnum=131 filter=None'}
# - {DATE: '2020-07-23T19:16:12.615724'}
# - {CALIB_CREATION_DATE: '2020-07-23'}
# - {CALIB_CREATION_TIME: '19:16:12'}
# - __serialized_columns__:
#     efficiency:
#       __class__: astropy.units.quantity.Quantity
#       unit: !astropy.units.Unit {unit: '%'}
#       value: !astropy.table.SerializedColumn {name: efficiency}
#     wavelength:
#       __class__: astropy.units.quantity.Quantity
#       unit: !astropy.units.Unit {unit: nm}
#       value: !astropy.table.SerializedColumn {name: wavelength}
# schema: astropy-2.0
amp_name wavelength efficiency
C15 319.994 46.480614
C15 324.969 52.551582
C15 349.982 77.678894
C15 374.975 81.29975
C15 400.019 86.71438
C15 424.965 87.52192
C15 450.035 88.810326
C15 475.003 91.2906
C15 500.018 92.92902
C15 525.002 94.73336
C15 550.029 97.325005
C15 575.023 98.326935
C15 599.982 98.63494
C15 619.997 98.68942
C15 624.979 99.72829
C15 650.012 99.19522
C15 675.004 99.623375
C15 700.03 98.540085
C15 725.012 98.75694
C15 750.022 98.68021
C15 774.987 98.374664
C15 799.976 97.43863
C15 824.988 95.61012
C15 850.022 93.80395
C15 869.967 90.52086
C15 875.002 89.60217
C15 899.999 82.63147
C15 919.999 73.47207
C15 925.012 71.13844
C15 949.965 57.948807
C15 975.002 42.776367
C15 999.976 26.009182
C15 1025.028 11.063904
C15 1050.014 3.8158376
C15 1075.002 2.054224
C15 1099.99 1.6387763
C03 319.994 46.63979
C03 324.969 52.72098
C03 349.982 77.56402
C03 374.975 81.01927
C03 400.019 86.60593
C03 424.965 87.5226
C03 450.035 88.876785
C03 475.003 91.39578
C03 500.018 93.056915
C03 525.002 94.86314
C03 550.029 97.45153
C03 575.023 98.442795
C03 599.982 98.73569
C03 619.997 98.77783
C03 624.979 99.812416
C03 650.012 99.26206
C03 675.004 99.671776
C03 700.03 98.555374
C03 725.012 98.69514
C03 750.022 98.52364
C03 774.987 98.12618
C03 799.976 97.1555
C03 824.988 95.35044
C03 850.022 93.49447
C03 869.967 90.22975
C03 875.002 89.3658
C03 899.999 82.560974
C03 919.999 73.38187
C03 925.012 71.007965
C03 949.965 57.85907
C03 975.002 42.907223
C03 999.976 26.130823
C03 1025.028 11.10638
C03 1050.014 3.8158715
C03 1075.002 2.0523043
C03 1099.99 1.6438092
C17 319.994 46.687687
C17 324.969 52.78532
C17 349.982 77.93118
C17 374.975 81.44029
C17 400.019 86.77885
C17 424.965 87.55999
C17 450.035 88.839905
C17 475.003 91.31352
C17 500.018 92.95168
C17 525.002 94.747246
C17 550.029 97.3353
C17 575.023 98.32954
C17 599.982 98.629524
C17 619.997 98.68058
C17 624.979 99.71525
C17 650.012 99.1768
C17 675.004 99.59643
C17 700.03 98.500854
C17 725.012 98.68383
C17 750.022 98.5608
C17 774.987 98.19789
C17 799.976 97.241844
C17 824.988 95.442375
C17 850.022 93.57985
C17 869.967 90.40701
C17 875.002 89.56885
C17 899.999 82.71865
C17 919.999 73.28725
C17 925.012 70.89107
C17 949.965 57.899235
C17 975.002 42.91999
C17 999.976 26.038818
C17 1025.028 11.109466
C17 1050.014 3.8248281
C17 1075.002 2.063727
C17 1099.99 1.6548787
C02 319.994 46.564762
C02 324.969 52.636536
C02 349.982 77.460556
C02 374.975 80.96255
C02 400.019 86.620415
C02 424.965 87.567894
C02 450.035 88.94059
C02 475.003 91.46881
C02 500.018 93.135864
C02 525.002 94.950615
C02 550.029 97.5478
C02 575.023 98.53982
C02 599.982 98.835846
C02 619.997 98.8789
C02 624.979 99.91572
C02 650.012 99.36606
C02 675.004 99.78053
C02 700.03 98.64409
C02 725.012 98.7479
C02 750.022 98.519035
C02 774.987 98.06585
C02 799.976 97.07654
C02 824.988 95.27371
C02 850.022 93.42657
C02 869.967 90.12071
C02 875.002 89.237434
C02 899.999 82.48498
C02 919.999 73.4807
C02 925.012 71.1222
C02 949.965 57.797344
C02 975.002 42.796104
C02 999.976 26.1114
C02 1025.028 11.103376
C02 1050.014 3.843132
C02 1075.002 2.0584562
C02 1099.99 1.6409446
C04 319.994 46.69032
C04 324.969 52.781998
C04 349.982 77.73849
C04 374.975 81.18151
C04 400.019 86.634186
C04 424.965 87.4843
C04 450.035 88.80023
C04 475.003 91.29674
C04 500.018 92.94291
C04 525.002 94.7444
C04 550.029 97.328545
C04 575.023 98.31626
C04 599.982 98.61036
C04 619.997 98.656395
C04 624.979 99.68705
C04 650.012 99.14079
C04 675.004 99.55841
C04 700.03 98.45377
C04 725.012 98.64211
C04 750.022 98.518394
C04 774.987 98.17726
C04 799.976 97.2247
C04 824.988 95.423836
C04 850.022 93.566154
C04 869.967 90.35263
C04 875.002 89.4955
C04 899.999 82.65212
C04 919.999 73.27731
C04 925.012 70.93343
C04 949.965 57.981472
C04 975.002 43.086594
C04 999.976 26.132626
C04 1025.028 11.094007
C04 1050.014 3.8065636
C04 1075.002 2.0508838
C04 1099.99 1.6482053
C00 319.994 46.351437
C00 324.969 52.395252
C00 349.982 77.06217
C00 374.975 80.61322
C00 400.019 86.48195
C00 424.965 87.535614
C00 450.035 88.965256
C00 475.003 91.53683
C00 500.018 93.22682
C00 525.002 95.05684
C00 550.029 97.66586
C00 575.023 98.663246
C00 599.982 98.964935
C00 619.997 99.00626
C00 624.979 100.04671
C00 650.012 99.49123
C00 675.004 99.8995
C00 700.03 98.73642
C00 725.012 98.76592
C00 750.022 98.43084
C00 774.987 97.87564
C00 799.976 96.84645
C00 824.988 95.04403
C00 850.022 93.19858
C00 869.967 89.892136
C00 875.002 88.98798
C00 899.999 82.21657
C00 919.999 73.46759
C00 925.012 71.16788
C00 949.965 57.729866
C00 975.002 42.595306
C00 999.976 26.046982
C00 1025.028 11.118482
C00 1050.014 3.8844652
C00 1075.002 2.0741003
C00 1099.99 1.633098
C16 319.994 46.677834
C16 324.969 52.77557
C16 349.982 77.983315
C16 374.975 81.55113
C16 400.019 86.88116
C16 424.965 87.65975
C16 450.035 88.93286
C16 475.003 91.406624
C16 500.018 93.041466
C16 525.002 94.84128
C16 550.029 97.43138
C16 575.023 98.43326
C16 599.982 98.73552
C16 619.997 98.79075
C16 624.979 99.82506
C16 650.012 99.29071
C16 675.004 99.71436
C16 700.03 98.636024
C16 725.012 98.85529
C16 750.022 98.783424
C16 774.987 98.479355
C16 799.976 97.53519
C16 824.988 95.71479
C16 850.022 93.87799
C16 869.967 90.614426
C16 875.002 89.735695
C16 899.999 82.86095
C16 919.999 73.49325
C16 925.012 71.10522
C16 949.965 57.968502
C16 975.002 42.9645
C16 999.976 26.082659
C16 1025.028 11.081489
C16 1050.014 3.8167055
C16 1075.002 2.0546095
C16 1099.99 1.649169
C07 319.994 46.822056
C07 324.969 52.933617
C07 349.982 78.010056
C07 374.975 81.449715
C07 400.019 86.80484
C07 424.965 87.5967
C07 450.035 88.88419
C07 475.003 91.35734
C07 500.018 92.992294
C07 525.002 94.782845
C07 550.029 97.36626
C07 575.023 98.35109
C07 599.982 98.64695
C07 619.997 98.68531
C07 624.979 99.72047
C07 650.012 99.171906
C07 675.004 99.58629
C07 700.03 98.48662
C07 725.012 98.66725
C07 750.022 98.535194
C07 774.987 98.17454
C07 799.976 97.22687
C07 824.988 95.438614
C07 850.022 93.61867
C07 869.967 90.48209
C07 875.002 89.65095
C07 899.999 82.74953
C07 919.999 73.523834
C07 925.012 71.14519
C07 949.965 58.070286
C07 975.002 43.089603
C07 999.976 26.147007
C07 1025.028 11.125571
C07 1050.014 3.8526115
C07 1075.002 2.0888555
C07 1099.99 1.6673249
C06 319.994 46.725136
C06 324.969 52.8214
C06 349.982 77.81349
C06 374.975 81.23486
C06 400.019 86.602745
C06 424.965 87.40928
C06 450.035 88.702705
C06 475.003 91.1812
C06 500.018 92.815765
C06 525.002 94.6064
C06 550.029 97.181755
C06 575.023 98.16939
C06 599.982 98.459526
C06 619.997 98.5024
C06 624.979 99.53035
C06 650.012 98.98613
C06 675.004 99.402725
C06 700.03 98.31547
C06 725.012 98.5342
C06 750.022 98.45476
C06 774.987 98.147606
C06 799.976 97.21873
C06 824.988 95.41764
C06 850.022 93.58269
C06 869.967 90.46599
C06 875.002 89.63579
C06 899.999 82.66534
C06 919.999 73.289406
C06 925.012 70.91481
C06 949.965 58.08331
C06 975.002 43.127068
C06 999.976 26.142336
C06 1025.028 11.086823
C06 1050.014 3.8036814
C06 1075.002 2.0721035
C06 1099.99 1.660903
C10 319.994 45.740437
C10 324.969 51.709023
C10 349.982 76.39889
C10 374.975 80.31933
C10 400.019 86.35403
C10 424.965 87.453316
C10 450.035 88.897736
C10 475.003 91.46886
C10 500.018 93.169304
C10 525.002 95.01136
C10 550.029 97.63406
C10 575.023 98.657
C10 599.982 98.97546
C10 619.997 99.03437
C10 624.979 100.07572
C10 650.012 99.542816
C10 675.004 99.96481
C10 700.03 98.81453
C10 725.012 98.846756
C10 750.022 98.52169
C10 774.987 97.96718
C10 799.976 96.91682
C10 824.988 95.08242
C10 850.022 93.17214
C10 869.967 89.881065
C10 875.002 88.96351
C10 899.999 81.89095
C10 919.999 73.10709
C10 925.012 70.818146
C10 949.965 57.464367
C10 975.002 42.144585
C10 999.976 25.651815
C10 1025.028 10.963371
C10 1050.014 3.858928
C10 1075.002 2.0561304
C10 1099.99 1.6174344
C14 319.994 46.338886
C14 324.969 52.394672
C14 349.982 77.49758
C14 374.975 81.20368
C14 400.019 86.702675
C14 424.965 87.5453
C14 450.035 88.84963
C14 475.003 91.336914
C14 500.018 92.9834
C14 525.002 94.79388
C14 550.029 97.39721
C14 575.023 98.402054
C14 599.982 98.71438
C14 619.997 98.77453
C14 624.979 99.8134
C14 650.012 99.2858
C14 675.004 99.71393
C14 700.03 98.62373
C14 725.012 98.81429
C14 750.022 98.70694
C14 774.987 98.364174
C14 799.976 97.41633
C14 824.988 95.593094
C14 850.022 93.77938
C14 869.967 90.52291
C14 875.002 89.60886
C14 899.999 82.51955
C14 919.999 73.510895
C14 925.012 71.18304
C14 949.965 58.02463
C14 975.002 42.73085
C14 999.976 26.000235
C14 1025.028 11.0637865
C14 1050.014 3.8368967
C14 1075.002 2.0597234
C14 1099.99 1.6366949
C05 319.994 46.82567
C05 324.969 52.93041
C05 349.982 77.91619
C05 374.975 81.31155
C05 400.019 86.72809
C05 424.965 87.55716
C05 450.035 88.86412
C05 475.003 91.35597
C05 500.018 92.99371
C05 525.002 94.7915
C05 550.029 97.37254
C05 575.023 98.355804
C05 599.982 98.64982
C05 619.997 98.69257
C05 624.979 99.72337
C05 650.012 99.17087
C05 675.004 99.58777
C05 700.03 98.49414
C05 725.012 98.70673
C05 750.022 98.619675
C05 774.987 98.309616
C05 799.976 97.37003
C05 824.988 95.57361
C05 850.022 93.71737
C05 869.967 90.53509
C05 875.002 89.67813
C05 899.999 82.80166
C05 919.999 73.33572
C05 925.012 70.987114
C05 949.965 58.11578
C05 975.002 43.223732
C05 999.976 26.131983
C05 1025.028 11.109732
C05 1050.014 3.8174767
C05 1075.002 2.058105
C05 1099.99 1.6564234
C12 319.994 46.07469
C12 324.969 52.089767
C12 349.982 77.04407
C12 374.975 80.895485
C12 400.019 86.6282
C12 424.965 87.57702
C12 450.035 88.936966
C12 475.003 91.46093
C12 500.018 93.13056
C12 525.002 94.95378
C12 550.029 97.56961
C12 575.023 98.58291
C12 599.982 98.90227
C12 619.997 98.96479
C12 624.979 100.008446
C12 650.012 99.47914
C12 675.004 99.90877
C12 700.03 98.78711
C12 725.012 98.8994
C12 750.022 98.68241
C12 774.987 98.23389
C12 799.976 97.236664
C12 824.988 95.418236
C12 850.022 93.56956
C12 869.967 90.3368
C12 875.002 89.43068
C12 899.999 82.31959
C12 919.999 73.4046
C12 925.012 71.09726
C12 949.965 57.926926
C12 975.002 42.567703
C12 999.976 25.895895
C12 1025.028 11.0234
C12 1050.014 3.8538022
C12 1075.002 2.0662086
C12 1099.99 1.6334325
C13 319.994 46.23092
C13 324.969 52.26855
C13 349.982 77.30016
C13 374.975 81.08909
C13 400.019 86.72278
C13 424.965 87.623375
C13 450.035 88.96128
C13 475.003 91.46982
C13 500.018 93.1302
C13 525.002 94.94714
C13 550.029 97.55766
C13 575.023 98.569984
C13 599.982 98.88624
C13 619.997 98.94603
C13 624.979 99.9843
C13 650.012 99.45674
C13 675.004 99.88828
C13 700.03 98.7814
C13 725.012 98.93526
C13 750.022 98.77173
C13 774.987 98.380264
C13 799.976 97.409004
C13 824.988 95.59354
C13 850.022 93.757256
C13 869.967 90.54316
C13 875.002 89.64452
C13 899.999 82.479324
C13 919.999 73.47882
C13 925.012 71.18968
C13 949.965 58.09886
C13 975.002 42.721584
C13 999.976 25.977722
C13 1025.028 11.048312
C13 1050.014 3.8506255
C13 1075.002 2.0689094
C13 1099.99 1.6384631
C11 319.994 45.972572
C11 324.969 51.97318
C11 349.982 76.83437
C11 374.975 80.74361
C11 400.019 86.6349
C11 424.965 87.65514
C11 450.035 89.05369
C11 475.003 91.60004
C11 500.018 93.28483
C11 525.002 95.11853
C11 550.029 97.7412
C11 575.023 98.75811
C11 599.982 99.0737
C11 619.997 99.13763
C11 624.979 100.177666
C11 650.012 99.64924
C11 675.004 100.07866
C11 700.03 98.93833
C11 725.012 99.012024
C11 750.022 98.73363
C11 774.987 98.2277
C11 799.976 97.20673
C11 824.988 95.37575
C11 850.022 93.48991
C11 869.967 90.22462
C11 875.002 89.31241
C11 899.999 82.20206
C11 919.999 73.35201
C11 925.012 71.057014
C11 949.965 57.755642
C11 975.002 42.40461
C11 999.976 25.791466
C11 1025.028 10.98638
C11 1050.014 3.8556902
C11 1075.002 2.0613415
C11 1099.99 1.6260893
C01 319.994 46.48721
C01 324.969 52.54709
C01 349.982 77.3026
C01 374.975 80.83583
C01 400.019 86.58354
C01 424.965 87.57504
C01 450.035 88.96815
C01 475.003 91.51455
C01 500.018 93.18734
C01 525.002 95.00872
C01 550.029 97.61205
C01 575.023 98.6057
C01 599.982 98.90111
C01 619.997 98.94431
C01 624.979 99.98219
C01 650.012 99.42974
C01 675.004 99.84226
C01 700.03 98.69277
C01 725.012 98.755806
C01 750.022 98.47461
C01 774.987 97.96992
C01 799.976 96.958786
C01 824.988 95.151535
C01 850.022 93.31618
C01 869.967 90.00655
C01 875.002 89.105896
C01 899.999 82.32387
C01 919.999 73.50459
C01 925.012 71.1827
C01 949.965 57.77212
C01 975.002 42.68359
C01 999.976 26.07433
C01 1025.028 11.093478
C01 1050.014 3.865852
C01 1075.002 2.0688386
C01 1099.99 1.6365008
