lsstCam/transmission_sensor/r13_s12/19700101T000000.ecsv
# %ECSV 1.0
# ---
# datatype:
# - {name: amp_name, datatype: string}
# - {name: wavelength, unit: nm, datatype: float32}
# - {name: efficiency, unit: '%', datatype: float64}
# meta: !!omap
# - {MODE: AMP}
# - {TYPE: transmission_sensor}
# - {CALIBDATE: '1970-01-01T00:00:00'}
# - {INSTRUME: LSSTCam}
# - {OBSTYPE: transmission_sensor}
# - {DETECTOR: 59}
# - {PARQUETFILE: qe_raft_allvalues_nircorrected_20230725_adjust.parquet}
# - {CORRFILE: qe_corr_factor_bydetnum.parquet}
# - {CALIBCLS: lsst.ip.isr.IntermediateSensorTransmissionCurve}
# - {CALIB_ID: 'raftName=R13 detectorName=S12 detector=59 calibDate=1970-01-01T00:00:00 ccd=59 ccdnum=59 filter=None'}
# - {DATE: '2025-03-03T21:56:47.704880'}
# - {CALIB_CREATION_DATE: '2025-03-03'}
# - {CALIB_CREATION_TIME: '21:56:47'}
# - __serialized_columns__:
#     efficiency:
#       __class__: astropy.units.quantity.Quantity
#       unit: !astropy.units.Unit {unit: '%'}
#       value: !astropy.table.SerializedColumn {name: efficiency}
#     wavelength:
#       __class__: astropy.units.quantity.Quantity
#       unit: !astropy.units.Unit {unit: nm}
#       value: !astropy.table.SerializedColumn {name: wavelength}
# schema: astropy-2.0
amp_name wavelength efficiency
C00 319.994 43.99136490801284
C00 324.969 49.68726853609184
C00 349.982 75.46265173641933
C00 374.975 81.66906063916346
C00 400.019 87.11571437453642
C00 424.965 88.21981332906746
C00 450.035 89.52903989640122
C00 475.003 91.61942771724082
C00 500.018 94.29493565629102
C00 525.002 94.86622686058851
C00 550.029 96.46193795864357
C00 575.023 97.85187022080305
C00 599.982 98.9744639111713
C00 619.997 99.54984632878157
C00 624.979 99.41636857908975
C00 650.012 99.83174931350841
C00 675.004 100.13399344307693
C00 700.03 100.00177983233006
C00 725.012 99.49633877489295
C00 750.022 98.87127186602153
C00 774.987 98.80137647453728
C00 799.976 97.62132958448248
C00 824.988 96.3374011189443
C00 850.022 93.76741430528187
C00 869.967 90.50254946719345
C00 875.002 90.18892042567211
C00 899.999 82.80529936868916
C00 919.999 74.99606954400558
C00 925.012 71.70058955910457
C00 949.965 58.00859721665602
C00 975.002 43.19354766622607
C00 999.976 25.998764213350675
C00 1025.028 11.245962971468957
C00 1050.014 3.9392578260996496
C00 1075.002 0.9419428095406608
C00 1099.99 0.09345870021754883
C01 319.994 44.21794074491512
C01 324.969 49.940268707667926
C01 349.982 75.807845944324
C01 374.975 81.95270277262064
C01 400.019 87.3004012436715
C01 424.965 88.3551298263156
C01 450.035 89.64033775369505
C01 475.003 91.71130380347114
C01 500.018 94.37736517695079
C01 525.002 94.93258266302686
C01 550.029 96.52804093329293
C01 575.023 97.9055616494473
C01 599.982 99.02840816760455
C01 619.997 99.60301677895156
C01 624.979 99.47104833454553
C01 650.012 99.87823898089046
C01 675.004 100.18088916721099
C01 700.03 100.06175364845839
C01 725.012 99.59124113314301
C01 750.022 99.01329213040205
C01 774.987 98.99088239455952
C01 799.976 97.8258289585368
C01 824.988 96.5417779098282
C01 850.022 93.98113806291035
C01 869.967 90.69935674730387
C01 875.002 90.3669188505711
C01 899.999 82.97905335131234
C01 919.999 75.11687525845517
C01 925.012 71.81246202500976
C01 949.965 58.13981483914323
C01 975.002 43.287553635042435
C01 999.976 26.099491187557767
C01 1025.028 11.267649658142211
C01 1050.014 3.9381399729303252
C01 1075.002 0.9432951379334858
C01 1099.99 0.09359287699832637
C02 319.994 44.44229476185351
C02 324.969 50.19167146730446
C02 349.982 76.1188394476813
C02 374.975 82.13988727385303
C02 400.019 87.35297410088567
C02 424.965 88.35747422944989
C02 450.035 89.6159973329184
C02 475.003 91.67392359794098
C02 500.018 94.32686857218562
C02 525.002 94.87725934592638
C02 550.029 96.45891168662381
C02 575.023 97.82912338124186
C02 599.982 98.94271487003233
C02 619.997 99.51043583949132
C02 624.979 99.3787355457706
C02 650.012 99.77761352087137
C02 675.004 100.07496198507121
C02 700.03 99.9676250964716
C02 725.012 99.5274595772835
C02 750.022 99.0085190482038
C02 774.987 99.03465990929601
C02 799.976 97.89099723651171
C02 824.988 96.59982870247055
C02 850.022 94.05423593972183
C02 869.967 90.7623032053149
C02 875.002 90.43118307766414
C02 899.999 83.03637630638032
C02 919.999 75.12970052266043
C02 925.012 71.80709134985571
C02 949.965 58.178374907688685
C02 975.002 43.35209367426893
C02 999.976 26.146132168540802
C02 1025.028 11.292943929213706
C02 1050.014 3.9342039039425982
C02 1075.002 0.9432493030000914
C02 1099.99 0.09358832929834267
C03 319.994 44.529619947881955
C03 324.969 50.29077612986551
C03 349.982 76.21410189399448
C03 374.975 82.1423619216059
C03 400.019 87.26756427689506
C03 424.965 88.23525880854046
C03 450.035 89.47718721531326
C03 475.003 91.52265596564185
C03 500.018 94.16517370895257
C03 525.002 94.70674615587119
C03 550.029 96.2814342401991
C03 575.023 97.64438288196972
C03 599.982 98.74892620049353
C03 619.997 99.31126117190215
C03 624.979 99.17708623042856
C03 650.012 99.57410247362857
C03 675.004 99.86999526267967
C03 700.03 99.77346101597337
C03 725.012 99.37630686670663
C03 750.022 98.90644557448411
C03 774.987 98.98789442978051
C03 799.976 97.86577574919765
C03 824.988 96.55971335995038
C03 850.022 94.04642892405568
C03 869.967 90.74802992740904
C03 875.002 90.40197763731142
C03 899.999 82.97831019084167
C03 919.999 75.05847203919785
C03 925.012 71.70789091919276
C03 949.965 58.113961282356684
C03 975.002 43.328822025509375
C03 999.976 26.137197004634356
C03 1025.028 11.295936682397805
C03 1050.014 3.9269274435609076
C03 1075.002 0.9422768532875534
C03 1099.99 0.09349184373123584
C04 319.994 44.653900129068155
C04 324.969 50.43412565550029
C04 349.982 76.40562277488051
C04 374.975 82.24474951469979
C04 400.019 87.25634791680157
C04 424.965 88.17366076540407
C04 450.035 89.38927209777717
C04 475.003 91.42255148409704
C04 500.018 94.0477466931377
C04 525.002 94.5877638660816
C04 550.029 96.1537408838615
C04 575.023 97.50599414401292
C04 599.982 98.60797853885418
C04 619.997 99.16633721867228
C04 624.979 99.03375585841415
C04 650.012 99.4285196358577
C04 675.004 99.72484912745341
C04 700.03 99.63477348153866
C04 725.012 99.27920567283714
C04 750.022 98.86482858812629
C04 774.987 98.99271348066767
C04 799.976 97.89251420324565
C04 824.988 96.57119020928101
C04 850.022 94.07879088104673
C04 869.967 90.82191693338011
C04 875.002 90.46861691333137
C04 899.999 82.89529073867425
C04 919.999 74.95449852633665
C04 925.012 71.6003395100449
C04 949.965 58.13996806810625
C04 975.002 43.32361607149058
C04 999.976 26.094888572580878
C04 1025.028 11.255338668644102
C04 1050.014 3.9142465497692434
C04 1075.002 0.9418803694314649
C04 1099.99 0.09345250496727697
C05 319.994 45.00106715987179
C05 324.969 50.82630369419277
C05 349.982 76.94125759948189
C05 374.975 82.67170669727506
C05 400.019 87.56056869999313
C05 424.965 88.4279901982344
C05 450.035 89.62331401590288
C05 475.003 91.64369918498413
C05 500.018 94.27272511810042
C05 525.002 94.80113519709512
C05 550.029 96.36580210724114
C05 575.023 97.71559604253599
C05 599.982 98.81340494813482
C05 619.997 99.36558850074297
C05 624.979 99.23269302111063
C05 650.012 99.62501279659391
C05 675.004 99.91735833515096
C05 700.03 99.83588649551011
C05 725.012 99.50554017412264
C05 750.022 99.12253671959134
C05 774.987 99.28725785484414
C05 799.976 98.19766968311167
C05 824.988 96.85916872239183
C05 850.022 94.39985152727483
C05 869.967 91.15130557374866
C05 875.002 90.78277459477515
C05 899.999 83.0901749952987
C05 919.999 75.22532305703672
C05 925.012 71.82963899176497
C05 949.965 58.31189096462127
C05 975.002 43.44264816069314
C05 999.976 26.126900018319017
C05 1025.028 11.302600226927392
C05 1050.014 3.9248681899499926
C05 1075.002 0.944335541648599
C05 1099.99 0.09369610489914064
C06 319.994 45.18149809455882
C06 324.969 51.03466826883941
C06 349.982 77.25726168993012
C06 374.975 82.93678514186166
C06 400.019 87.75601990378077
C06 424.965 88.5912633197866
C06 450.035 89.77439011199823
C06 475.003 91.78906750220676
C06 500.018 94.4118416936316
C06 525.002 94.94258851431245
C06 550.029 96.50568482758746
C06 575.023 97.85869657110585
C06 599.982 98.95403849039995
C06 619.997 99.51205240505125
C06 624.979 99.37326527179057
C06 650.012 99.76396082026577
C06 675.004 100.05871205354232
C06 700.03 99.97873419629097
C06 725.012 99.65195044829386
C06 750.022 99.27177406813038
C06 774.987 99.43946018381774
C06 799.976 98.35317409623848
C06 824.988 97.02601207878254
C06 850.022 94.58170366059393
C06 869.967 91.38900200264253
C06 875.002 91.00748486905258
C06 899.999 83.20723426160231
C06 919.999 75.41455316492551
C06 925.012 72.05453314079803
C06 949.965 58.59770894935342
C06 975.002 43.487161174452154
C06 999.976 26.195152029174814
C06 1025.028 11.287857685322267
C06 1050.014 3.942942024979403
C06 1075.002 0.9457573184953417
C06 1099.99 0.09383717229171493
C07 319.994 45.33373106932502
C07 324.969 51.20424676222014
C07 349.982 77.30715304029134
C07 374.975 82.77330516120936
C07 400.019 87.57650451214782
C07 424.965 88.43186689099895
C07 450.035 89.63092949536527
C07 475.003 91.65706841200813
C07 500.018 94.28086923748525
C07 525.002 94.80678934583078
C07 550.029 96.36114394676515
C07 575.023 97.70347563156065
C07 599.982 98.78626809878293
C07 619.997 99.32809337349055
C07 624.979 99.19086151420457
C07 650.012 99.56392807048366
C07 675.004 99.84333342311317
C07 700.03 99.74391847190199
C07 725.012 99.36935027178525
C07 750.022 98.92929201287127
C07 774.987 99.03795433200106
C07 799.976 97.93305092541415
C07 824.988 96.62611513107764
C07 850.022 94.24286845465483
C07 869.967 91.06820184565159
C07 875.002 90.65614617973057
C07 899.999 82.86514294019891
C07 919.999 75.39236561107937
C07 925.012 72.05177501946356
C07 949.965 58.409007481387064
C07 975.002 43.225511227913266
C07 999.976 26.037410473187837
C07 1025.028 11.241861223664959
C07 1050.014 4.016942755571471
C07 1075.002 0.9424945097156742
C07 1099.99 0.09351343940207713
C10 319.994 43.246710454947895
C10 324.969 48.830331729645614
C10 349.982 73.65307131322092
C10 374.975 79.66655729006733
C10 400.019 85.97057304225892
C10 424.965 87.55168908158578
C10 450.035 89.1335636042796
C10 475.003 91.37606947816315
C10 500.018 94.14472530383676
C10 525.002 94.77235113639071
C10 550.029 96.40005644192557
C10 575.023 97.78447246141612
C10 599.982 98.90525805002066
C10 619.997 99.47422017408016
C10 624.979 99.34492557507893
C10 650.012 99.74270030164593
C10 675.004 100.02175322766048
C10 700.03 99.86965049751286
C10 725.012 99.33767784512781
C10 750.022 98.70243653311148
C10 774.987 98.61733316704691
C10 799.976 97.4393012378559
C10 824.988 96.15574818327714
C10 850.022 93.71247406058895
C10 869.967 90.49656587618729
C10 875.002 90.17117651175371
C10 899.999 82.75533906529458
C10 919.999 75.20349559125368
C10 925.012 71.9000706846198
C10 949.965 58.034967921192774
C10 975.002 43.08951669250373
C10 999.976 25.92985906403998
C10 1025.028 11.267762664502444
C10 1050.014 3.9387318198000125
C10 1075.002 0.9403345275422578
C10 1099.99 0.0932991279551656
C11 319.994 43.56540754442131
C11 324.969 49.18905988570954
C11 349.982 74.22561133356706
C11 374.975 80.23077697772116
C11 400.019 86.35589791558007
C11 424.965 87.84194304479752
C11 450.035 89.37013380029524
C11 475.003 91.58813836299095
C11 500.018 94.34062087161718
C11 525.002 94.95524522665838
C11 550.029 96.57147368286262
C11 575.023 97.95767481977241
C11 599.982 99.07619261972417
C11 619.997 99.64353051677558
C11 624.979 99.51405970446689
C11 650.012 99.91114490070026
C11 675.004 100.1948100185019
C11 700.03 100.0561990985487
C11 725.012 99.55992113310053
C11 750.022 98.96664923405697
C11 774.987 98.93130697373506
C11 799.976 97.7704596727474
C11 824.988 96.48075447530314
C11 850.022 94.0427744132875
C11 869.967 90.8230967963954
C11 875.002 90.49156295054449
C11 899.999 83.01003624763617
C11 919.999 75.39389790070963
C11 925.012 72.08547006843295
C11 949.965 58.250909668061055
C11 975.002 43.32417152648154
C11 999.976 26.036261255965144
C11 1025.028 11.29742970710629
C11 1050.014 3.9432293292850766
C11 1075.002 0.9428509706874164
C11 1099.99 0.09354880713221943
C12 319.994 43.791726722810516
C12 324.969 49.443377826367644
C12 349.982 74.55416487608713
C12 374.975 80.44333619523064
C12 400.019 86.40015810155009
C12 424.965 87.81451506041589
C12 450.035 89.31212131489364
C12 475.003 91.50387775622302
C12 500.018 94.23945144877935
C12 525.002 94.836577056243
C12 550.029 96.44856107017141
C12 575.023 97.81822114052257
C12 599.982 98.9273996351779
C12 619.997 99.48642486098517
C12 624.979 99.36115252226337
C12 650.012 99.75180210204967
C12 675.004 100.0304030026233
C12 700.03 99.90063339383669
C12 725.012 99.44221064370406
C12 750.022 98.90521208133175
C12 774.987 98.92024384260459
C12 799.976 97.77936993694736
C12 824.988 96.48411785104156
C12 850.022 94.0566492958895
C12 869.967 90.86710415457644
C12 875.002 90.51210329303811
C12 899.999 82.99469802843728
C12 919.999 75.29059859528574
C12 925.012 72.00272642839899
C12 949.965 58.23464824435993
C12 975.002 43.32122569966737
C12 999.976 26.06016305883514
C12 1025.028 11.276286983251776
C12 1050.014 3.9247980398153572
C12 1075.002 0.9422651028675395
C12 1099.99 0.09349067786535695
C13 319.994 43.974479076287395
C13 324.969 49.648493946998144
C13 349.982 74.8510383305016
C13 374.975 80.67868822099022
C13 400.019 86.52320095885986
C13 424.965 87.88481650865216
C13 450.035 89.35402943628122
C13 475.003 91.53238600479399
C13 500.018 94.25575501044531
C13 525.002 94.84956321085944
C13 550.029 96.45008569835352
C13 575.023 97.8183896923819
C13 599.982 98.92549193458824
C13 619.997 99.48357480227288
C13 624.979 99.35277855943401
C13 650.012 99.73967402962617
C13 675.004 100.01905639791123
C13 700.03 99.90369031164906
C13 725.012 99.48560508603298
C13 750.022 99.00396048655378
C13 774.987 99.07544179780534
C13 799.976 97.95565985890862
C13 824.988 96.6573431937423
C13 850.022 94.23929055836818
C13 869.967 91.04766150315797
C13 875.002 90.7051564635544
C13 899.999 83.12855118908853
C13 919.999 75.35703101220561
C13 925.012 72.00450388437008
C13 949.965 58.333281727859685
C13 975.002 43.43262315578718
C13 999.976 26.102557682180322
C13 1025.028 11.310164949295777
C13 1050.014 3.9216458327416097
C13 1075.002 0.9432058731959887
C13 1099.99 0.09358402023307774
C14 319.994 44.14460153248686
C14 324.969 49.84440100695079
C14 349.982 75.15690632504567
C14 374.975 80.93972908240109
C14 400.019 86.66937372813838
C14 424.965 87.97461634243346
C14 450.035 89.41425608019854
C14 475.003 91.5695210439833
C14 500.018 94.28522094003517
C14 525.002 94.86985838701221
C14 550.029 96.47084056139538
C14 575.023 97.83184319533557
C14 599.982 98.93847042775653
C14 619.997 99.49232417606167
C14 624.979 99.36573406825785
C14 650.012 99.75169484177555
C14 675.004 100.02938403001917
C14 700.03 99.92888881461866
C14 725.012 99.54951688651107
C14 750.022 99.12216897008008
C14 774.987 99.24645298199036
C14 799.976 98.14435366542682
C14 824.988 96.84743138382404
C14 850.022 94.44510004005637
C14 869.967 91.24971687525202
C14 875.002 90.90650698241853
C14 899.999 83.30013698188489
C14 919.999 75.42610662873767
C14 925.012 72.05535291575022
C14 949.965 58.4561598640342
C14 975.002 43.56557992700472
C14 999.976 26.157013340277675
C14 1025.028 11.336134385485604
C14 1050.014 3.9225714314463875
C14 1075.002 0.9443320387477835
C14 1099.99 0.09369575734453979
C15 319.994 44.275524189220235
C15 324.969 49.99308673122294
C15 349.982 75.3862747597991
C15 374.975 81.09401532527184
C15 400.019 86.67737228000834
C15 424.965 87.91240538344496
C15 450.035 89.3181049058998
C15 475.003 91.45613161134416
C15 500.018 94.15370452107008
C15 525.002 94.72897201695808
C15 550.029 96.32180241050827
C15 575.023 97.68170179591468
C15 599.982 98.78204664085156
C15 619.997 99.33384712105216
C15 624.979 99.20268312870202
C15 650.012 99.59062055584276
C15 675.004 99.87410946033691
C15 700.03 99.77698528212296
C15 725.012 99.43080274740679
C15 750.022 99.03404699344391
C15 774.987 99.19561927350654
C15 799.976 98.11281148338794
C15 824.988 96.82073123701679
C15 850.022 94.43849587174995
C15 869.967 91.26769829406311
C15 875.002 90.93518378284882
C15 899.999 83.2999147998885
C15 919.999 75.34708645250522
C15 925.012 71.97235644792725
C15 949.965 58.431352094920314
C15 975.002 43.60043568536903
C15 999.976 26.18986754531246
C15 1025.028 11.325696620060485
C15 1050.014 3.9127999725901774
C15 1075.002 0.943492504569363
C15 1099.99 0.09361245953462109
C16 319.994 44.31043740844568
C16 324.969 50.0387413007565
C16 349.982 75.48141462294186
C16 374.975 81.16020257585086
C16 400.019 86.66899065573082
C16 424.965 87.86578547144434
C16 450.035 89.25244629524322
C16 475.003 91.3787663079124
C16 500.018 94.06905318044645
C16 525.002 94.64104923797385
C16 550.029 96.22995697007056
C16 575.023 97.5858724024383
C16 599.982 98.68422527085585
C16 619.997 99.23563501720074
C16 624.979 99.10794932231128
C16 650.012 99.49183384337998
C16 675.004 99.77260293378043
C16 700.03 99.68214421545811
C16 725.012 99.34096460638472
C16 750.022 98.95212312836213
C16 774.987 99.11808541821544
C16 799.976 98.03779058309048
C16 824.988 96.76356151091184
C16 850.022 94.3907803726637
C16 869.967 91.26802007488546
C16 875.002 90.95146436017032
C16 899.999 83.30130918345203
C16 919.999 75.30436621761362
C16 925.012 71.96140823851906
C16 949.965 58.50737281420152
C16 975.002 43.68577655632628
C16 999.976 26.22057654486488
C16 1025.028 11.30871023182805
C16 1050.014 3.927522881734416
C16 1075.002 0.9427120198047672
C16 1099.99 0.09353502055329452
C17 319.994 44.60582071119472
C17 324.969 50.369551139757114
C17 349.982 75.86759757845594
C17 374.975 81.44968273279933
C17 400.019 86.93793047018566
C17 424.965 88.13646443462954
C17 450.035 89.5254083699775
C17 475.003 91.66776379362734
C17 500.018 94.36469314170854
C17 525.002 94.93524884698351
C17 550.029 96.51974358494508
C17 575.023 97.87711469246156
C17 599.982 98.97073278592161
C17 619.997 99.51930779645052
C17 624.979 99.380528324638
C17 650.012 99.76078898073114
C17 675.004 100.03638659362946
C17 700.03 99.92766298291446
C17 725.012 99.54389338356802
C17 750.022 99.0937603203351
C17 774.987 99.20452953770648
C17 799.976 98.10551012329977
C17 824.988 96.84009937794326
C17 850.022 94.49585713405868
C17 869.967 91.38176959558771
C17 875.002 91.06912121942973
C17 899.999 83.45313610146621
C17 919.999 75.4461872843422
C17 925.012 72.14630196675422
C17 949.965 58.65546860696602
C17 975.002 43.724907402759015
C17 999.976 26.267288394243316
C17 1025.028 11.348859093183883
C17 1050.014 3.9864363055545495
C17 1075.002 0.9440613913491901
C17 1099.99 0.09366890395829
