lsstCam/transmission_sensor/r13_s12/19700101T000000.ecsv
# %ECSV 1.0
# ---
# datatype:
# - {name: amp_name, datatype: string}
# - {name: wavelength, unit: nm, datatype: float32}
# - {name: efficiency, unit: '%', datatype: float64}
# meta: !!omap
# - {MODE: AMP}
# - {TYPE: transmission_sensor}
# - {CALIBDATE: '1970-01-01T00:00:00'}
# - {INSTRUME: LSSTCAM}
# - {OBSTYPE: transmission_sensor}
# - {DETECTOR: 59}
# - {PARQUETFILE: qe_raft_allvalues_nircorrected_20230725.parquet}
# - {CALIBCLS: lsst.ip.isr.IntermediateSensorTransmissionCurve}
# - {CALIB_ID: 'raftName=R13 detectorName=S12 detector=59 calibDate=1970-01-01T00:00:00 ccd=59 ccdnum=59 filter=None'}
# - {DATE: '2023-08-02T16:57:55.685311'}
# - {CALIB_CREATION_DATE: '2023-08-02'}
# - {CALIB_CREATION_TIME: '16:57:55'}
# - __serialized_columns__:
#     efficiency:
#       __class__: astropy.units.quantity.Quantity
#       unit: !astropy.units.Unit {unit: '%'}
#       value: !astropy.table.SerializedColumn {name: efficiency}
#     wavelength:
#       __class__: astropy.units.quantity.Quantity
#       unit: !astropy.units.Unit {unit: nm}
#       value: !astropy.table.SerializedColumn {name: wavelength}
# schema: astropy-2.0
amp_name wavelength efficiency
C00 319.994 43.807315826416016
C00 324.969 49.47938919067383
C00 349.982 75.14693450927734
C00 374.975 81.32737731933594
C00 400.019 86.7512435913086
C00 424.965 87.85072326660156
C00 450.035 89.15447235107422
C00 475.003 91.23611450195312
C00 500.018 93.90042877197266
C00 525.002 94.46932983398438
C00 550.029 96.05836486816406
C00 575.023 97.4424819946289
C00 599.982 98.56037902832031
C00 619.997 99.13335418701172
C00 624.979 99.00043487548828
C00 650.012 99.41407775878906
C00 675.004 99.71505737304688
C00 700.03 99.5833969116211
C00 725.012 99.08007049560547
C00 750.022 98.4576187133789
C00 774.987 98.38801574707031
C00 799.976 97.21290588378906
C00 824.988 95.9343490600586
C00 850.022 93.37511444091797
C00 869.967 90.12390899658203
C00 875.002 89.81159210205078
C00 899.999 82.4588623046875
C00 919.999 74.68230438232422
C00 925.012 71.4006118774414
C00 949.965 57.76590347290039
C00 975.002 43.01283645629883
C00 999.976 25.889991760253906
C00 1025.028 11.198912620544434
C00 1050.014 3.922776937484741
C00 1075.002 0.9380019518433558
C00 1099.99 0.0930676919372138
C01 319.994 44.03294372558594
C01 324.969 49.73133087158203
C01 349.982 75.49068450927734
C01 374.975 81.60983276367188
C01 400.019 86.9351577758789
C01 424.965 87.9854736328125
C01 450.035 89.26530456542969
C01 475.003 91.32760620117188
C01 500.018 93.98251342773438
C01 525.002 94.53540802001953
C01 550.029 96.12419128417969
C01 575.023 97.4959487915039
C01 599.982 98.61409759521484
C01 619.997 99.1863021850586
C01 624.979 99.05488586425781
C01 650.012 99.46037292480469
C01 675.004 99.76175689697266
C01 700.03 99.64311981201172
C01 725.012 99.17457580566406
C01 750.022 98.59904479980469
C01 774.987 98.57672882080078
C01 799.976 97.41654968261719
C01 824.988 96.13787078857422
C01 850.022 93.58794403076172
C01 869.967 90.31989288330078
C01 875.002 89.98884582519531
C01 899.999 82.63188934326172
C01 919.999 74.80260467529297
C01 925.012 71.51201629638672
C01 949.965 57.89657211303711
C01 975.002 43.106449127197266
C01 999.976 25.990297317504883
C01 1025.028 11.220508575439453
C01 1050.014 3.921663761138916
C01 1075.002 0.9393486224258529
C01 1099.99 0.09320130735524833
C02 319.994 44.2563591003418
C02 324.969 49.98168182373047
C02 349.982 75.80037689208984
C02 374.975 81.79623413085938
C02 400.019 86.98751068115234
C02 424.965 87.98780822753906
C02 450.035 89.2410659790039
C02 475.003 91.2903823852539
C02 500.018 93.9322280883789
C02 525.002 94.48031616210938
C02 550.029 96.05535125732422
C02 575.023 97.41983032226562
C02 599.982 98.52876281738281
C02 619.997 99.09410858154297
C02 624.979 98.96295928955078
C02 650.012 99.36016845703125
C02 675.004 99.6562728881836
C02 700.03 99.54938507080078
C02 725.012 99.1110610961914
C02 750.022 98.59429168701172
C02 774.987 98.62032318115234
C02 799.976 97.4814453125
C02 824.988 96.1956787109375
C02 850.022 93.66073608398438
C02 869.967 90.38257598876953
C02 875.002 90.05284118652344
C02 899.999 82.68897247314453
C02 919.999 74.81537628173828
C02 925.012 71.50666809082031
C02 949.965 57.93497085571289
C02 975.002 43.170719146728516
C02 999.976 26.0367431640625
C02 1025.028 11.245697021484375
C02 1050.014 3.9177441596984863
C02 1075.002 0.9393029792545784
C02 1099.99 0.09319677868172599
C03 319.994 44.343318939208984
C03 324.969 50.08037185668945
C03 349.982 75.8952407836914
C03 374.975 81.79869842529297
C03 400.019 86.90245819091797
C03 424.965 87.86610412597656
C03 450.035 89.10283660888672
C03 475.003 91.1397476196289
C03 500.018 93.77120971679688
C03 525.002 94.31051635742188
C03 550.029 95.87861633300781
C03 575.023 97.2358627319336
C03 599.982 98.33578491210938
C03 619.997 98.89576721191406
C03 624.979 98.76215362548828
C03 650.012 99.15750885009766
C03 675.004 99.45216369628906
C03 700.03 99.35603332519531
C03 725.012 98.96054077148438
C03 750.022 98.49264526367188
C03 774.987 98.5737533569336
C03 799.976 97.45632934570312
C03 824.988 96.15573120117188
C03 850.022 93.65296173095703
C03 869.967 90.36836242675781
C03 875.002 90.02375793457031
C03 899.999 82.63114929199219
C03 919.999 74.74444580078125
C03 925.012 71.40788269042969
C03 949.965 57.870826721191406
C03 975.002 43.147544860839844
C03 999.976 26.02784538269043
C03 1025.028 11.248677253723145
C03 1050.014 3.9104981422424316
C03 1075.002 0.9383345980331379
C03 1099.99 0.09310069678656821
C04 319.994 44.467079162597656
C04 324.969 50.223121643066406
C04 349.982 76.0859603881836
C04 374.975 81.9006576538086
C04 400.019 86.89128875732422
C04 424.965 87.80476379394531
C04 450.035 89.01528930664062
C04 475.003 91.0400619506836
C04 500.018 93.6542739868164
C04 525.002 94.19203186035156
C04 550.029 95.75145721435547
C04 575.023 97.09805297851562
C04 599.982 98.19542694091797
C04 619.997 98.75144958496094
C04 624.979 98.61942291259766
C04 650.012 99.01253509521484
C04 675.004 99.30762481689453
C04 700.03 99.21792602539062
C04 725.012 98.86384582519531
C04 750.022 98.45120239257812
C04 774.987 98.57855224609375
C04 799.976 97.48295593261719
C04 824.988 96.16716003417969
C04 850.022 93.68518829345703
C04 869.967 90.44194030761719
C04 875.002 90.09011840820312
C04 899.999 82.54847717285156
C04 919.999 74.64090728759766
C04 925.012 71.30078125
C04 949.965 57.896724700927734
C04 975.002 43.14236068725586
C04 999.976 25.985713958740234
C04 1025.028 11.20824909210205
C04 1050.014 3.8978703022003174
C04 1075.002 0.9379397729682629
C04 1099.99 0.09306152260634964
C05 319.994 44.81279373168945
C05 324.969 50.6136589050293
C05 349.982 76.61935424804688
C05 374.975 82.3258285522461
C05 400.019 87.1942367553711
C05 424.965 88.05802917480469
C05 450.035 89.24835205078125
C05 475.003 91.26028442382812
C05 500.018 93.87831115722656
C05 525.002 94.40451049804688
C05 550.029 95.96263122558594
C05 575.023 97.30677795410156
C05 599.982 98.39999389648438
C05 619.997 98.94986724853516
C05 624.979 98.8175277709961
C05 650.012 99.20820617675781
C05 675.004 99.49932861328125
C05 700.03 99.41819763183594
C05 725.012 99.0892333984375
C05 750.022 98.70783233642578
C05 774.987 98.87186431884766
C05 799.976 97.78683471679688
C05 824.988 96.45393371582031
C05 850.022 94.0049057006836
C05 869.967 90.76995086669922
C05 875.002 90.40296173095703
C05 899.999 82.74254608154297
C05 919.999 74.91059875488281
C05 925.012 71.52912139892578
C05 949.965 58.067928314208984
C05 975.002 43.260894775390625
C05 999.976 26.01759147644043
C05 1025.028 11.2553129196167
C05 1050.014 3.908447504043579
C05 1075.002 0.940384673346988
C05 1099.99 0.09330410337584293
C06 319.994 44.992469787597656
C06 324.969 50.82115173339844
C06 349.982 76.93403625488281
C06 374.975 82.58979797363281
C06 400.019 87.38887023925781
C06 424.965 88.22061920166016
C06 450.035 89.39879608154297
C06 475.003 91.40504455566406
C06 500.018 94.016845703125
C06 525.002 94.54537200927734
C06 550.029 96.1019287109375
C06 575.023 97.44927978515625
C06 599.982 98.5400390625
C06 619.997 99.09571838378906
C06 624.979 98.95751190185547
C06 650.012 99.34657287597656
C06 675.004 99.64009094238281
C06 700.03 99.5604476928711
C06 725.012 99.23503112792969
C06 750.022 98.8564453125
C06 774.987 99.02342987060547
C06 799.976 97.94168853759766
C06 824.988 96.62007904052734
C06 850.022 94.18599700927734
C06 869.967 91.00665283203125
C06 875.002 90.6267318725586
C06 899.999 82.85911560058594
C06 919.999 75.09903717041016
C06 925.012 71.7530746459961
C06 949.965 58.3525505065918
C06 975.002 43.30522155761719
C06 999.976 26.08555793762207
C06 1025.028 11.240632057189941
C06 1050.014 3.926445722579956
C06 1075.002 0.9418005018281044
C06 1099.99 0.0934445805770444
C07 319.994 45.144065856933594
C07 324.969 50.990020751953125
C07 349.982 76.98371887207031
C07 374.975 82.427001953125
C07 400.019 87.2101058959961
C07 424.965 88.0618896484375
C07 450.035 89.25593566894531
C07 475.003 91.27359771728516
C07 500.018 93.88642120361328
C07 525.002 94.41014099121094
C07 550.029 95.95799255371094
C07 575.023 97.29470825195312
C07 599.982 98.37297058105469
C07 619.997 98.91252899169922
C07 624.979 98.77587127685547
C07 650.012 99.14737701416016
C07 675.004 99.42561340332031
C07 700.03 99.32661437988281
C07 725.012 98.95361328125
C07 750.022 98.51539611816406
C07 774.987 98.62360382080078
C07 799.976 97.52332305908203
C07 824.988 96.22185516357422
C07 850.022 93.84857940673828
C07 869.967 90.68719482421875
C07 875.002 90.27686309814453
C07 899.999 82.5184555053711
C07 919.999 75.07694244384766
C07 925.012 71.75032806396484
C07 949.965 58.16463851928711
C07 975.002 43.0446662902832
C07 999.976 25.928476333618164
C07 1025.028 11.194828033447266
C07 1050.014 4.000136852264404
C07 1075.002 0.9385513438401452
C07 1099.99 0.09312220210641918
C10 319.994 43.06577682495117
C10 324.969 48.62603759765625
C10 349.982 73.34492492675781
C10 374.975 79.333251953125
C10 400.019 85.61089324951172
C10 424.965 87.18539428710938
C10 450.035 88.76065063476562
C10 475.003 90.9937744140625
C10 500.018 93.75084686279297
C10 525.002 94.37584686279297
C10 550.029 95.99674224853516
C10 575.023 97.3753662109375
C10 599.982 98.49146270751953
C10 619.997 99.05804443359375
C10 624.979 98.92929077148438
C10 650.012 99.32540130615234
C10 675.004 99.60328674316406
C10 700.03 99.45182037353516
C10 725.012 98.92207336425781
C10 750.022 98.28948974609375
C10 774.987 98.20474243164062
C10 799.976 97.0316390991211
C10 824.988 95.75345611572266
C10 850.022 93.32040405273438
C10 869.967 90.11795043945312
C10 875.002 89.7939224243164
C10 899.999 82.40911102294922
C10 919.999 74.88886260986328
C10 925.012 71.59925842285156
C10 949.965 57.79216384887695
C10 975.002 42.90924072265625
C10 999.976 25.821374893188477
C10 1025.028 11.220621109008789
C10 1050.014 3.922253131866455
C10 1075.002 0.9364003985023921
C10 1099.99 0.0929087872860402
C11 319.994 43.383140563964844
C11 324.969 48.9832649230957
C11 349.982 73.91506958007812
C11 374.975 79.89511108398438
C11 400.019 85.9946060180664
C11 424.965 87.47443389892578
C11 450.035 88.99623107910156
C11 475.003 91.2049560546875
C11 500.018 93.9459228515625
C11 525.002 94.55797576904297
C11 550.029 96.16744232177734
C11 575.023 97.54784393310547
C11 599.982 98.66168212890625
C11 619.997 99.22664642333984
C11 624.979 99.09771728515625
C11 650.012 99.4931411743164
C11 675.004 99.77561950683594
C11 700.03 99.63758850097656
C11 725.012 99.14338684082031
C11 750.022 98.55259704589844
C11 774.987 98.51740264892578
C11 799.976 97.36141204833984
C11 824.988 96.07710266113281
C11 850.022 93.64932250976562
C11 869.967 90.443115234375
C11 875.002 90.11296844482422
C11 899.999 82.6627426147461
C11 919.999 75.0784683227539
C11 925.012 71.78388214111328
C11 949.965 58.0072021484375
C11 975.002 43.142913818359375
C11 999.976 25.927331924438477
C11 1025.028 11.250164031982422
C11 1050.014 3.926731824874878
C11 1075.002 0.938906313466606
C11 1099.99 0.09315742186665274
C12 319.994 43.60851287841797
C12 324.969 49.23651885986328
C12 349.982 74.24224853515625
C12 374.975 80.10678100585938
C12 400.019 86.03868103027344
C12 424.965 87.4471206665039
C12 450.035 88.93846130371094
C12 475.003 91.12104797363281
C12 500.018 93.84517669677734
C12 525.002 94.43980407714844
C12 550.029 96.0450439453125
C12 575.023 97.40897369384766
C12 599.982 98.51351165771484
C12 619.997 99.07019805908203
C12 624.979 98.94544982910156
C12 650.012 99.33446502685547
C12 675.004 99.61190032958984
C12 700.03 99.48267364501953
C12 725.012 99.02616882324219
C12 750.022 98.49141693115234
C12 774.987 98.50638580322266
C12 799.976 97.37028503417969
C12 824.988 96.08045196533203
C12 850.022 93.66313934326172
C12 869.967 90.4869384765625
C12 875.002 90.1334228515625
C12 899.999 82.64746856689453
C12 919.999 74.97560119628906
C12 925.012 71.70148468017578
C12 949.965 57.99100875854492
C12 975.002 43.13998031616211
C12 999.976 25.951133728027344
C12 1025.028 11.229109764099121
C12 1050.014 3.9083776473999023
C12 1075.002 0.9383228967739995
C12 1099.99 0.09309953579838622
C13 319.994 43.79050064086914
C13 324.969 49.44077682495117
C13 349.982 74.53787994384766
C13 374.975 80.34114837646484
C13 400.019 86.16120910644531
C13 424.965 87.51712799072266
C13 450.035 88.98019409179688
C13 475.003 91.1494369506836
C13 500.018 93.86141204833984
C13 525.002 94.4527359008789
C13 550.029 96.04656219482422
C13 575.023 97.40914154052734
C13 599.982 98.51161193847656
C13 619.997 99.0673599243164
C13 624.979 98.9371109008789
C13 650.012 99.3223876953125
C13 675.004 99.60060119628906
C13 700.03 99.4857177734375
C13 725.012 99.06938171386719
C13 750.022 98.58975219726562
C13 774.987 98.66093444824219
C13 799.976 97.54583740234375
C13 824.988 96.2529525756836
C13 850.022 93.84501647949219
C13 869.967 90.66674041748047
C13 875.002 90.32566833496094
C13 899.999 82.78076171875
C13 919.999 75.04175567626953
C13 925.012 71.70325469970703
C13 949.965 58.089229583740234
C13 975.002 43.250911712646484
C13 999.976 25.993350982666016
C13 1025.028 11.262845993041992
C13 1050.014 3.905238628387451
C13 1075.002 0.9392597311501247
C13 1099.99 0.0931924876445333
C14 319.994 43.95991134643555
C14 324.969 49.6358642578125
C14 349.982 74.84246826171875
C14 374.975 80.6010971069336
C14 400.019 86.30677032470703
C14 424.965 87.60655212402344
C14 450.035 89.04016876220703
C14 475.003 91.18641662597656
C14 500.018 93.89075469970703
C14 525.002 94.47294616699219
C14 550.029 96.06723022460938
C14 575.023 97.42253875732422
C14 599.982 98.5245361328125
C14 619.997 99.0760726928711
C14 624.979 98.95001220703125
C14 650.012 99.33435821533203
C14 675.004 99.61088562011719
C14 700.03 99.51081085205078
C14 725.012 99.13302612304688
C14 750.022 98.70746612548828
C14 774.987 98.83123016357422
C14 799.976 97.7337417602539
C14 824.988 96.44224548339844
C14 850.022 94.04996490478516
C14 869.967 90.86795043945312
C14 875.002 90.52617645263672
C14 899.999 82.95162963867188
C14 919.999 75.11054229736328
C14 925.012 71.75389099121094
C14 949.965 58.21159362792969
C14 975.002 43.3833122253418
C14 999.976 26.047578811645508
C14 1025.028 11.28870677947998
C14 1050.014 3.906160354614258
C14 1075.002 0.9403811851014504
C14 1099.99 0.09330375727532528
C15 319.994 44.09028625488281
C15 324.969 49.78392791748047
C15 349.982 75.07087707519531
C15 374.975 80.7547378540039
C15 400.019 86.31473541259766
C15 424.965 87.54460144042969
C15 450.035 88.94441986083984
C15 475.003 91.07350158691406
C15 500.018 93.7597885131836
C15 525.002 94.33264923095703
C15 550.029 95.91881561279297
C15 575.023 97.27302551269531
C15 599.982 98.36876678466797
C15 619.997 98.91825866699219
C15 624.979 98.78764343261719
C15 650.012 99.17395782470703
C15 675.004 99.45626068115234
C15 700.03 99.35954284667969
C15 725.012 99.01480865478516
C15 750.022 98.61971282958984
C15 774.987 98.78060913085938
C15 799.976 97.70233154296875
C15 824.988 96.41565704345703
C15 850.022 94.04338836669922
C15 869.967 90.88585662841797
C15 875.002 90.55473327636719
C15 899.999 82.95140838623047
C15 919.999 75.03185272216797
C15 925.012 71.6712417602539
C15 949.965 58.1868896484375
C15 975.002 43.41802215576172
C15 999.976 26.08029556274414
C15 1025.028 11.278312683105469
C15 1050.014 3.8964297771453857
C15 1075.002 0.939545163328131
C15 1099.99 0.09322080796301394
C16 319.994 44.12505340576172
C16 324.969 49.82939147949219
C16 349.982 75.16561889648438
C16 374.975 80.82064819335938
C16 400.019 86.30638885498047
C16 424.965 87.49817657470703
C16 450.035 88.87903594970703
C16 475.003 90.9964599609375
C16 500.018 93.67549133300781
C16 525.002 94.2450942993164
C16 550.029 95.82735443115234
C16 575.023 97.17759704589844
C16 599.982 98.27135467529297
C16 619.997 98.8204574584961
C16 624.979 98.69330596923828
C16 650.012 99.0755844116211
C16 675.004 99.35517883300781
C16 700.03 99.26509857177734
C16 725.012 98.92534637451172
C16 750.022 98.53813171386719
C16 774.987 98.70339965820312
C16 799.976 97.62762451171875
C16 824.988 96.35872650146484
C16 850.022 93.9958724975586
C16 869.967 90.88617706298828
C16 875.002 90.5709457397461
C16 899.999 82.95279693603516
C16 919.999 74.98931121826172
C16 925.012 71.66033935546875
C16 949.965 58.26259231567383
C16 975.002 43.50300598144531
C16 999.976 26.110876083374023
C16 1025.028 11.261397361755371
C16 1050.014 3.9110910892486572
C16 1075.002 0.9387679439203711
C16 1099.99 0.0931436929673928
C17 319.994 44.4192008972168
C17 324.969 50.158817291259766
C17 349.982 75.55018615722656
C17 374.975 81.10891723632812
C17 400.019 86.57420349121094
C17 424.965 87.7677230834961
C17 450.035 89.1508560180664
C17 475.003 91.28424835205078
C17 500.018 93.96989440917969
C17 525.002 94.5380630493164
C17 550.029 96.11592864990234
C17 575.023 97.46762084960938
C17 599.982 98.5566635131836
C17 619.997 99.10294342041016
C17 624.979 98.9647445678711
C17 650.012 99.34341430664062
C17 675.004 99.61785888671875
C17 700.03 99.50959014892578
C17 725.012 99.12742614746094
C17 750.022 98.6791763305664
C17 774.987 98.78948211669922
C17 799.976 97.69506072998047
C17 824.988 96.43494415283203
C17 850.022 94.10050964355469
C17 869.967 90.99945068359375
C17 875.002 90.6881103515625
C17 899.999 83.10398864746094
C17 919.999 75.13053894042969
C17 925.012 71.8444595336914
C17 949.965 58.41006851196289
C17 975.002 43.54197311401367
C17 999.976 26.157392501831055
C17 1025.028 11.30137825012207
C17 1050.014 3.9697580337524414
C17 1075.002 0.9401116700251947
C17 1099.99 0.09327701623705759
