lsstCam/transmission_filter_detector/r34_s10/r_57/19700101T000000.ecsv
# %ECSV 1.0
# ---
# datatype:
# - {name: wavelength, unit: nm, datatype: float32}
# - {name: efficiency, unit: '%', datatype: float64}
# meta: !!omap
# - {MODE: DETECTOR}
# - {TYPE: transmission_filter_detector}
# - {CALIBDATE: '1970-01-01T00:00:00'}
# - {INSTRUME: LSSTCam}
# - {OBSTYPE: transmission_filter_detector}
# - {CALIBCLS: lsst.ip.isr.IntermediateFilterDetectorTransmissionCurve}
# - {SOURCE: Materion (DM-46256)}
# - {DETECTOR: 156}
# - {FILTER: r_57}
# - {CALIB_ID: 'calibDate=1970-01-01T00:00:00 filter=r_57 detector=156'}
# - {DATE: '2025-04-02T15:59:44.906651'}
# - {CALIB_CREATION_DATE: '2025-04-02'}
# - {CALIB_CREATION_TIME: '15:59:44'}
# - __serialized_columns__:
#     efficiency:
#       __class__: astropy.units.quantity.Quantity
#       unit: !astropy.units.Unit {unit: '%'}
#       value: !astropy.table.SerializedColumn {name: efficiency}
#     wavelength:
#       __class__: astropy.units.quantity.Quantity
#       unit: !astropy.units.Unit {unit: nm}
#       value: !astropy.table.SerializedColumn {name: wavelength}
# schema: astropy-2.0
wavelength efficiency
300.0 0.002141912773367949
301.0 0.005945003067608923
302.0 0.009748091542860493
303.0 0.01254117232747376
304.0 0.015334250929299742
305.0 0.013735171523876488
306.0 0.012136091390857473
307.0 0.010024757648352534
308.0 0.007913422450656071
309.0 0.00722275217412971
310.0 0.006532082625199109
311.0 0.006097925142967142
312.0 0.005663769115926698
313.0 0.005613621760858223
314.0 0.005563474041991867
315.0 0.005115558815305121
316.0 0.004667642861022614
317.0 0.004308798816055059
318.0 0.003949955862481147
319.0 0.0035840868804370984
320.0 0.0032182182621909305
321.0 0.00327479574480094
322.0 0.0033313735912088305
323.0 0.0029934726626379415
324.0 0.0026555711883702315
325.0 0.0024899532945710234
326.0 0.002324335218872875
327.0 0.0024158653104677796
328.0 0.0025073954020626843
329.0 0.002553574631747324
330.0 0.002599753497634083
331.0 0.00255754821409937
332.0 0.002515343112463597
333.0 0.0022689217075821944
334.0 0.002022500484599732
335.0 0.0017912896510097198
336.0 0.0015600788174197078
337.0 0.0014489943168882746
338.0 0.0013379099982557818
339.0 0.0012633066035050433
340.0 0.0011887032087543048
341.0 0.0011159655514347833
342.0 0.0010432278031657916
343.0 0.001029036138788797
344.0 0.0010148444744118024
345.0 0.0009811747986532282
346.0 0.0009475050319451839
347.0 0.0009122138180828188
348.0 0.0008769226042204536
349.0 0.0008614559192210436
350.0 0.0027013438739231788
351.0 0.0050897160690510646
352.0 0.007478087354684249
353.0 0.006831226346548647
354.0 0.006184365338413045
355.0 0.004842231282964349
356.0 0.0035000972275156528
357.0 0.003708553413162008
358.0 0.003917011053999886
359.0 0.0035174147342331707
360.0 0.003117818050668575
361.0 0.0025032644771272317
362.0 0.0018887109035858884
363.0 0.0020291456166887656
364.0 0.0021695806935895234
365.0 0.0019752989828702994
366.0 0.001781017635948956
367.0 0.002566211696830578
368.0 0.0033514057577122003
369.0 0.0036584602639777586
370.0 0.003965514770243317
371.0 0.003902012394974008
372.0 0.0038385100197046995
373.0 0.0033368378353770822
374.0 0.0028351654691505246
375.0 0.0019248849639552645
376.0 0.0010146043678105343
377.0 0.0019367760614841245
378.0 0.002858947846107185
379.0 0.00252161335083656
380.0 0.0021842790374648757
381.0 0.002383766150160227
382.0 0.002583253080956638
383.0 0.003424730311962776
384.0 0.004266207179171033
385.0 0.004573551268549636
386.0 0.0048808957217261195
387.0 0.004667544999392703
388.0 0.004454194277059287
389.0 0.0034626744309207425
390.0 0.002471154039085377
391.0 0.002143014353350736
392.0 0.001814875031413976
393.0 0.0018342612747801468
394.0 0.0018536478819441982
395.0 0.0015306850400520489
396.0 0.0012077221072104294
397.0 0.0008931686352298129
398.0 0.0005786152087239316
399.0 0.0008391231858695392
400.0 0.001099631299439352
401.0 0.0010002559974964242
402.0 0.0009008806046040263
403.0 0.0007867200110922568
404.0 0.0006725594630552223
405.0 0.0010671928066585679
406.0 0.0014618262866861187
407.0 0.0015455621905857697
408.0 0.0016292980944854207
409.0 0.001302388591284398
410.0 0.0009754790880833752
411.0 0.0011832890777441207
412.0 0.0013910990674048662
413.0 0.0017598376871319488
414.0 0.0021285764887579717
415.0 0.0020715986465802416
416.0 0.0020146211682003923
417.0 0.0016953352314885706
418.0 0.0013760494766756892
419.0 0.0019485562006593682
420.0 0.0025210625608451664
421.0 0.003974426363129169
422.0 0.005427790529211052
423.0 0.008772227010922506
424.0 0.01211666312883608
425.0 0.015915086260065436
426.0 0.019713510118890554
427.0 0.0199439178686589
428.0 0.020174328528810292
429.0 0.01599440147401765
430.0 0.011814473691629246
431.0 0.008177838753908873
432.0 0.004541202724794857
433.0 0.003733930498128757
434.0 0.0029266582714626566
435.0 0.0023648733986192383
436.0 0.0018030887076747604
437.0 0.0012337846783339046
438.0 0.0006644808308919892
439.0 0.0008150603207468521
440.0 0.000965639810601715
441.0 0.0010185427527176216
442.0 0.0010714457857829984
443.0 0.001432048429705901
444.0 0.0017926509826793335
445.0 0.0015520427041337825
446.0 0.0013114346074871719
447.0 0.0013093136658426374
448.0 0.0013071928151475731
449.0 0.001311807045567548
450.0 0.0013164213669369929
451.0 0.0014363374248205218
452.0 0.0015562531189061701
453.0 0.0016987412891467102
454.0 0.0018412290955893695
455.0 0.0015728781363577582
456.0 0.0013045271771261469
457.0 0.001089564921130659
458.0 0.0008746024832362309
459.0 0.001009153220365988
460.0 0.0011437041393946856
461.0 0.0016752150258980691
462.0 0.0022067259124014527
463.0 0.003068750083912164
464.0 0.003930774255422875
465.0 0.004917667683912441
466.0 0.0059045603848062456
467.0 0.006394631782313809
468.0 0.006884702452225611
469.0 0.00592001924815122
470.0 0.0049553356802789494
471.0 0.003743239722098224
472.0 0.0025311437639174983
473.0 0.0018221129721496254
474.0 0.0011130820894322824
475.0 0.0008087095011433121
476.0 0.0005043368219048716
477.0 0.000669482415105449
478.0 0.0008346280083060265
479.0 0.0007368495062110014
480.0 0.0006390710495907115
481.0 0.000534406945007504
482.0 0.00042974284042429645
483.0 0.0005503644842974609
484.0 0.0006709862191200955
485.0 0.0006870094239275204
486.0 0.0007030326742096804
487.0 0.000464023696622462
488.0 0.0002250147645099787
489.0 0.0005553811206482351
490.0 0.0008857475222612265
491.0 0.0008339223313669208
492.0 0.0007820974133210257
493.0 0.000883455686562229
494.0 0.0009848139598034322
495.0 0.0010115390068676788
496.0 0.0010382639629824553
497.0 0.0009940989002643619
498.0 0.0009499340194452088
499.0 0.0010592440048640128
500.0 0.0011685542631312273
501.0 0.0012614978004421573
502.0 0.0013544410649046768
503.0 0.0017837832274381071
504.0 0.0022131249352241866
505.0 0.0026489442461752333
506.0 0.0030847633752273396
507.0 0.00388876796932891
508.0 0.004692772927228361
509.0 0.005025662903790362
510.0 0.005358553244150244
511.0 0.0049786336603574455
512.0 0.004598714076564647
513.0 0.003880885924445465
514.0 0.003163057772326283
515.0 0.002932460847659968
516.0 0.002701864104892593
517.0 0.0027935937396250665
518.0 0.0028853231924586
519.0 0.010097012273035944
520.0 0.03859722928609699
521.0 0.04580458626151085
522.0 0.028277517412789166
523.0 0.12400401756167412
524.0 0.08557428373023868
525.0 0.1445573871023953
526.0 0.09269993170164526
527.0 0.17789193661883473
528.0 0.138533185236156
529.0 0.16964847454801202
530.0 0.20931523758918047
531.0 0.2145369304344058
532.0 0.21331137977540493
533.0 0.2902831416577101
534.0 0.37102249916642904
535.0 0.4797477275133133
536.0 0.7734438870102167
537.0 1.1099543422460556
538.0 1.7208997160196304
539.0 2.783346548676491
540.0 4.259046912193298
541.0 6.283722817897797
542.0 8.790545165538788
543.0 12.127017229795456
544.0 16.055046021938324
545.0 20.566383004188538
546.0 26.02665424346924
547.0 32.71172344684601
548.0 40.72638154029846
549.0 48.807159066200256
550.0 55.23353815078735
551.0 62.7149760723114
552.0 67.74075031280518
553.0 72.94589877128601
554.0 76.79275274276733
555.0 80.8038592338562
556.0 84.20447111129761
557.0 87.07444071769714
558.0 90.20809531211853
559.0 93.06957721710205
560.0 93.14218759536743
561.0 94.82027888298035
562.0 95.5710768699646
563.0 95.54623365402222
564.0 95.95335125923157
565.0 95.6250011920929
566.0 95.82875967025757
567.0 95.49064040184021
568.0 95.79256176948547
569.0 96.81052565574646
570.0 96.31555676460266
571.0 97.1983790397644
572.0 96.80403470993042
573.0 96.82075381278992
574.0 96.86795473098755
575.0 97.06186652183533
576.0 97.49169945716858
577.0 97.25392460823059
578.0 96.95059061050415
579.0 97.25188612937927
580.0 96.79020643234253
581.0 96.52518630027771
582.0 96.9860851764679
583.0 97.04197645187378
584.0 96.38237953186035
585.0 96.31707668304443
586.0 96.55777215957642
587.0 96.34079337120056
588.0 96.46155834197998
589.0 97.32621312141418
590.0 96.63623571395874
591.0 95.86998224258423
592.0 96.03100419044495
593.0 96.0763156414032
594.0 95.9765076637268
595.0 96.36029601097107
596.0 96.8890130519867
597.0 97.19658493995667
598.0 97.25711941719055
599.0 96.9698965549469
600.0 96.78913354873657
601.0 96.15175127983093
602.0 96.50461673736572
603.0 96.18427753448486
604.0 96.1040198802948
605.0 96.88037633895874
606.0 96.35109901428223
607.0 96.19593620300293
608.0 96.45400643348694
609.0 95.87302207946777
610.0 95.7963228225708
611.0 95.94535231590271
612.0 95.70360779762268
613.0 96.78112864494324
614.0 96.81887626647949
615.0 96.22992277145386
616.0 96.59577012062073
617.0 96.32289409637451
618.0 96.4400053024292
619.0 97.00144529342651
620.0 96.15882635116577
621.0 95.9367573261261
622.0 96.52394652366638
623.0 96.3986337184906
624.0 96.35628461837769
625.0 96.83647751808167
626.0 96.2895929813385
627.0 95.26067972183228
628.0 97.24079370498657
629.0 95.65520286560059
630.0 96.40687108039856
631.0 96.26972079277039
632.0 96.8768835067749
633.0 96.42213582992554
634.0 95.65518498420715
635.0 96.29574418067932
636.0 96.35801315307617
637.0 95.68951725959778
638.0 95.45880556106567
639.0 95.60824632644653
640.0 95.6625759601593
641.0 95.64658403396606
642.0 96.29830121994019
643.0 96.15324139595032
644.0 95.69127559661865
645.0 96.14813327789307
646.0 96.30755186080933
647.0 97.05683588981628
648.0 96.50572538375854
649.0 95.58210372924805
650.0 96.79611325263977
651.0 97.13751673698425
652.0 97.17437624931335
653.0 95.71637511253357
654.0 96.51193022727966
655.0 96.5921700000763
656.0 95.92567682266235
657.0 95.99190354347229
658.0 96.24763131141663
659.0 96.10247611999512
660.0 95.80612778663635
661.0 95.50459384918213
662.0 95.88391184806824
663.0 95.87063193321228
664.0 95.67098617553711
665.0 95.66227197647095
666.0 95.26789784431458
667.0 95.91850638389587
668.0 95.11637091636658
669.0 95.84544897079468
670.0 95.36581635475159
671.0 95.85325717926025
672.0 95.56692838668823
673.0 95.42044401168823
674.0 95.12248635292053
675.0 95.61505317687988
676.0 94.84317302703857
677.0 94.21374201774597
678.0 93.5254693031311
679.0 92.72292256355286
680.0 91.59789085388184
681.0 90.24958610534668
682.0 87.77844905853271
683.0 85.13219356536865
684.0 82.05488920211792
685.0 78.31966280937195
686.0 74.44379925727844
687.0 69.76486444473267
688.0 65.40951728820801
689.0 61.18620038032532
690.0 55.588650703430176
691.0 51.787519454956055
692.0 47.14793562889099
693.0 42.8073525428772
694.0 37.53994703292847
695.0 32.46122896671295
696.0 27.186870574951172
697.0 21.979445219039917
698.0 16.293109953403473
699.0 11.741077899932861
700.0 8.202832192182541
701.0 5.097908526659012
702.0 3.2406795769929886
703.0 1.8950175493955612
704.0 1.1096429079771042
705.0 0.6356542464345694
706.0 0.4085971973836422
707.0 0.25199251249432564
708.0 0.13310256181284785
709.0 0.1559942844323814
710.0 0.10416505392640829
711.0 0.0969414075370878
712.0 0.048024189891293645
713.0 0.03531334805302322
714.0 0.04456442256923765
715.0 0.017607548215892166
716.0 0.0753442058339715
717.0 0.062486581737175584
718.0 0.06289567681960762
719.0 0.052734295604750514
720.0 1.6285583992470265e-10
721.0 0.004528637145995162
722.0 0.004253225051797926
723.0 0.00397781259380281
724.0 0.003726906288648024
725.0 0.003475999619695358
726.0 0.0032356347219320014
727.0 0.0029952696422697045
728.0 0.0028534028388094157
729.0 0.0027115362172480673
730.0 0.0025603367248550057
731.0 0.002409137050563004
732.0 0.002318963197467383
733.0 0.002228789708169643
734.0 0.0021262561858748086
735.0 0.0020237228454789147
736.0 0.0019014147255802527
737.0 0.001779106787580531
738.0 0.0017237631254829466
739.0 0.0016684192814864218
740.0 0.0016668918760842644
741.0 0.001665364470682107
742.0 0.0015144139069889206
743.0 0.0013634632523462642
744.0 0.0014997026482888032
745.0 0.0016359421351808123
746.0 0.0014060099601920228
747.0 0.0011760777852032334
748.0 0.0012249668543518055
749.0 0.0012738559235003777
750.0 0.0012134149983467069
751.0 0.0011529743460414466
752.0 0.0011819084647868294
753.0 0.0012108428563806228
754.0 0.0011862846804433502
755.0 0.0011617265954555478
756.0 0.001102101305150427
757.0 0.0010424762876937166
758.0 0.0010125805602001492
759.0 0.0009826851965044625
760.0 0.0009332570698461495
761.0 0.0008838289431878366
762.0 0.0009209040399582591
763.0 0.0009579794095770922
764.0 0.0009900959412334487
765.0 0.0010222124728898052
766.0 0.0008882734618964605
767.0 0.0007543341780547053
768.0 0.0007345042831730098
769.0 0.0007146742063923739
770.0 0.000668092206979054
771.0 0.0006215100711415289
772.0 0.0007270421519933734
773.0 0.0008325740054715425
774.0 0.0009163577487925068
775.0 0.0010001415830629412
776.0 0.0010532166015764233
777.0 0.001106291983887786
778.0 0.0009119810783886351
779.0 0.000717670627636835
780.0 0.0007200038453447632
781.0 0.0007223372449516319
782.0 0.0007921247743070126
783.0 0.000861912667460274
784.0 0.000810783967608586
785.0 0.0007596555860800436
786.0 0.0008067459930316545
787.0 0.0008538364454580005
788.0 0.0006347266207740176
789.0 0.0004156166596658295
790.0 0.0005346800207917113
791.0 0.0006537435638165334
792.0 0.0006421246780519141
793.0 0.0006305056558630895
794.0 0.0007141356945794541
795.0 0.0007977660061442293
796.0 0.0006647672307735775
797.0 0.0005317685918271309
798.0 0.0006028702046023682
799.0 0.000673972090226016
800.0 0.0007491779342672089
801.0 0.0008243835509347264
802.0 0.0008503541721438523
803.0 0.0008763247933529783
804.0 0.0007450141310982872
805.0 0.0006137035597930662
806.0 0.0006307788680715021
807.0 0.0006478539035015274
808.0 0.0006620434305659728
809.0 0.0006762327757314779
810.0 0.0007071720119711244
811.0 0.0007381109298876254
812.0 0.0005824469099025009
813.0 0.0004267827534931712
814.0 0.0004789307695318712
815.0 0.0005310787855705712
816.0 0.000679168670103536
817.0 0.0008272587365354411
818.0 0.0006689999736408936
819.0 0.0005107409378979355
820.0 0.0005810298262076685
821.0 0.0006513185780931963
822.0 0.0006722994839947205
823.0 0.0006932803444215097
824.0 0.0005587381565419491
825.0 0.0004241957412887132
826.0 0.00041351045183546375
827.0 0.00040282507143274415
828.0 0.0004100415935681667
829.0 0.0004172581157035893
830.0 0.00011763910379158915
831.0 1.6285583992470265e-10
832.0 1.6285583992470265e-10
833.0 1.6285583992470265e-10
834.0 1.6285583992470265e-10
835.0 0.0001502233885730675
836.0 0.00013843690567227895
837.0 0.00012665041140280664
838.0 0.0006568805019924184
839.0 0.0011871106835315004
840.0 0.0015404659279738553
841.0 0.0018938215362140909
842.0 0.0021785052013001405
843.0 0.002463189412083011
844.0 0.002629462687764317
845.0 0.002795736145344563
846.0 0.002893728014896624
847.0 0.002991720066347625
848.0 0.0029082188120810315
849.0 0.0028247173759154975
850.0 0.002357006997044664
851.0 0.0018892962543759495
852.0 0.0016147741916938685
853.0 0.0013402522199612577
854.0 0.001154018536908552
855.0 0.0009677849448053166
856.0 0.0007541105333075393
857.0 0.0005404358944360865
858.0 0.0004850252935284516
859.0 0.0004296147835702868
860.0 0.00032364227990910877
861.0 0.0002176697762479307
862.0 0.00032098134852276416
863.0 0.00042429287532286253
864.0 0.0003182595492035034
865.0 0.0002122262230841443
866.0 0.00022032525066606468
867.0 0.0002284242555106175
868.0 0.000215955765270337
869.0 0.00020348725229268894
870.0 0.00016350478517779266
871.0 0.00012352232943158015
872.0 7.263093948495225e-05
873.0 2.173957369677737e-05
874.0 4.307272263304185e-05
875.0 6.440584456868237e-05
876.0 7.486398203582212e-05
877.0 8.53221479246713e-05
878.0 0.00010705823569878703
879.0 0.0001287943518946122
880.0 8.651305734019843e-05
881.0 4.4231768470126553e-05
882.0 0.00010238920822303044
883.0 0.0001605466536602762
884.0 0.00012137999192418647
885.0 8.221331313507108e-05
886.0 0.00015667835668864427
887.0 0.00023114339455787558
888.0 0.00021112768990860786
889.0 0.00019111203073407523
890.0 0.00010492514093130012
891.0 1.8738278129148966e-05
892.0 2.281713875618152e-05
893.0 2.6895980909102946e-05
894.0 3.50052289377345e-05
895.0 4.311447128202417e-05
896.0 3.708221640863485e-05
897.0 3.10499530087327e-05
898.0 6.703333497171116e-05
899.0 0.0001030167027238349
900.0 3.78380292431757e-05
