lsstCam/transmission_filter_detector/r34_s10/r_57/19700101T000000.ecsv
# %ECSV 1.0
# ---
# datatype:
# - {name: wavelength, unit: nm, datatype: float32}
# - {name: efficiency, unit: '%', datatype: float64}
# meta: !!omap
# - {MODE: DETECTOR}
# - {TYPE: transmission_filter_detector}
# - {CALIBDATE: '1970-01-01T00:00:00'}
# - {INSTRUME: LSSTCam}
# - {OBSTYPE: transmission_filter_detector}
# - {CALIBCLS: lsst.ip.isr.IntermediateFilterDetectorTransmissionCurve}
# - {SOURCE: Materion (DM-46256)}
# - {DETECTOR: 156}
# - {FILTER: r_57}
# - {CALIB_ID: 'calibDate=1970-01-01T00:00:00 filter=r_57 detector=156'}
# - {DATE: '2025-04-02T15:59:44.906651'}
# - {CALIB_CREATION_DATE: '2025-04-02'}
# - {CALIB_CREATION_TIME: '15:59:44'}
# - __serialized_columns__:
#     efficiency:
#       __class__: astropy.units.quantity.Quantity
#       unit: !astropy.units.Unit {unit: '%'}
#       value: !astropy.table.SerializedColumn {name: efficiency}
#     wavelength:
#       __class__: astropy.units.quantity.Quantity
#       unit: !astropy.units.Unit {unit: nm}
#       value: !astropy.table.SerializedColumn {name: wavelength}
# schema: astropy-2.0
wavelength efficiency
[from data line 602]
902.0 1.6285583992470265e-10
903.0 1.6285583992470265e-10
904.0 1.6285583992470265e-10
905.0 2.7089543053193665e-06
906.0 8.752865596761694e-05
907.0 0.00017234837059731944
908.0 0.00022275928586168448
909.0 0.0002731701670199982
910.0 0.0001300399958381604
911.0 1.6285583992470265e-10
912.0 9.709712003314053e-05
913.0 0.000207284438147326
914.0 0.00012855142585976864
915.0 4.9818413572211284e-05
916.0 6.1159647657405e-05
917.0 7.250087037391495e-05
918.0 0.00014141659221422742
919.0 0.0002103323140545399
920.0 0.0001928737219714094
921.0 0.00017541514125696267
922.0 0.00019349083686392987
923.0 0.0002115665665769484
924.0 0.00021964092411508318
925.0 0.00022771525891585043
926.0 0.0001968165634025354
927.0 0.00016591786788922036
928.0 0.00016411559045081958
929.0 0.00016231329027505126
930.0 0.00018628081761562498
931.0 0.00021024829948146362
932.0 0.00014986835594754666
933.0 8.948839536060404e-05
934.0 4.309663381718565e-05
935.0 1.6285583992470265e-10
936.0 1.6285583992470265e-10
937.0 1.306439845194518e-06
938.0 5.6841997775336495e-05
939.0 0.0001123774950428924
940.0 8.72253679062851e-05
941.0 6.207317255757516e-05
942.0 0.00019851788692903938
943.0 0.00033496257856313605
944.0 0.00024035327896854142
945.0 0.00014574394526789547
946.0 0.00038186917663551867
947.0 0.0006179943738970906
948.0 0.00044218936636752915
949.0 0.00026638440431270283
950.0 0.00038212397157622036
951.0 0.0004978635388397379
952.0 0.0005838783636136213
953.0 0.000669893279336975
954.0 0.000795159849076299
955.0 0.0009204267371387687
956.0 0.0011207147508685011
957.0 0.0013210026736487634
958.0 0.0015810554032213986
959.0 0.0018411081327940337
960.0 0.0019404145859880373
961.0 0.002039721039182041
962.0 0.002226740434707608
963.0 0.0024137594664352946
964.0 0.00239046730712289
965.0 0.002367175147810485
966.0 0.0023721784600638784
967.0 0.0023771815904183313
968.0 0.0023545289877802134
969.0 0.0023318765670410357
970.0 0.0023562979549751617
971.0 0.0023807191610103473
972.0 0.0025429913875996135
973.0 0.0027052639779867604
974.0 0.00292271506623365
975.0 0.00314016651827842
976.0 0.0031173847673926502
977.0 0.0030946030165068805
978.0 0.003130149343633093
979.0 0.0031656956707593054
980.0 0.0032071864552563056
981.0 0.003248676875955425
982.0 0.0031997475161915645
983.0 0.003150817792629823
984.0 0.002979986493301112
985.0 0.0028091548301745206
986.0 0.0027210739062866196
987.0 0.0026329928004997782
988.0 0.002608335307741072
989.0 0.0025836785425781272
990.0 0.002630017843330279
991.0 0.002676357325981371
992.0 0.0026070652893395163
993.0 0.0025377736164955422
994.0 0.0025981178623624146
995.0 0.0026584624720271677
996.0 0.002666669388418086
997.0 0.0026748764867079444
998.0 0.0028868076697108336
999.0 0.003098739034612663
1000.0 0.0031334249797509983
1001.0 0.0031681109248893335
1002.0 0.0033651391277089715
1003.0 0.0035621673305286095
1004.0 0.003671494050649926
1005.0 0.003780820406973362
1006.0 0.003934971755370498
1007.0 0.0040891231037676334
1008.0 0.004131797322770581
1009.0 0.004174471177975647
1010.0 0.0041582690755603835
1011.0 0.004142068064538762
1012.0 0.004174417335889302
1013.0 0.004206766607239842
1014.0 0.004031039497931488
1015.0 0.0038553120248252526
1016.0 0.003493901022011414
1017.0 0.0031324903829954565
1018.0 0.0028502792702056468
1019.0 0.0025680685212137178
1020.0 0.0023494190827477723
1021.0 0.002130769644281827
1022.0 0.0018392212950857356
1023.0 0.0015476729458896443
1024.0 0.001364227500744164
1025.0 0.001180782237497624
1026.0 0.001039985909301322
1027.0 0.0008991896720544901
1028.0 0.0009142949238594156
1029.0 0.0009294002666138113
1030.0 0.0009379811672260985
1031.0 0.0009465622497373261
1032.0 0.0008812121450318955
1033.0 0.0008158618584275246
1034.0 0.0007182211902545532
1035.0 0.0006205803401826415
1036.0 0.0005861229055881267
1037.0 0.000551665516468347
1038.0 0.0006766732440155465
1039.0 0.0008016807441890705
1040.0 0.0007023798389127478
1041.0 0.0006030787062627496
1042.0 0.000635937476545223
1043.0 0.0006687962013529614
1044.0 0.0007577988071716391
1045.0 0.0008468014129903167
1046.0 0.0008265101314464118
1047.0 0.0008062190318014473
1048.0 0.0007787030881445389
1049.0 0.0007511874173360411
1050.0 0.0009780022082850337
1051.0 0.0012048170901834965
1052.0 0.0010896232197410427
1053.0 0.0009744288036017679
1054.0 0.000855010421219049
1055.0 0.00073559194788686
1056.0 0.0007319719316001283
1057.0 0.0007283517788891913
1058.0 0.000981977518677013
1059.0 0.0012356030310911592
1060.0 0.0012501326636993326
1061.0 0.0012646621144085657
1062.0 0.0013256720194476657
1063.0 0.001386681651638355
1064.0 0.0013413714441412594
1065.0 0.0012960611456946936
1066.0 0.0015889952919678763
1067.0 0.0018819293472915888
1068.0 0.0019873528799507767
1069.0 0.0020927762307110243
1070.0 0.002186001256632153
1071.0 0.0022792262825532816
1072.0 0.002085066989820916
1073.0 0.0018909075151896104
1074.0 0.0021353744159569032
1075.0 0.0023798411348252557
1076.0 0.0025094095690292306
1077.0 0.0026389780032332055
1078.0 0.003067230136366561
1079.0 0.003495482451398857
1080.0 0.003992868369095959
1081.0 0.004490254286793061
1082.0 0.004281619476387277
1083.0 0.004072984302183613
1084.0 0.004045792957185768
1085.0 0.004018601612187922
1086.0 0.004309884388931096
1087.0 0.0046011668018763885
1088.0 0.0041443403461016715
1089.0 0.0036875135265290737
1090.0 0.0029923588954261504
1091.0 0.0022972044462221675
1092.0 0.003471087256912142
1093.0 0.004644969885703176
1094.0 0.004344191256677732
1095.0 0.0040434126276522875
1096.0 0.003896230919053778
1097.0 0.0037490495742531493
1098.0 0.003987719901488163
1099.0 0.004226390228723176
1100.0 0.0033793316106311977
1101.0 0.00253227317443816
