ts8/qe_curve/rtm-017_s01/19700101T000000.ecsv
# %ECSV 0.9
# ---
# datatype:
# - {name: amp_name, datatype: string}
# - {name: wavelength, unit: nm, datatype: float32}
# - {name: efficiency, unit: '%', datatype: float32}
# meta: !!omap
# - {MODE: AMP}
# - {TYPE: QE}
# - {CALIBDATE: '1970-01-01T00:00:00'}
# - {INSTRUME: TS8}
# - {OBSTYPE: qe_curve}
# - {DETECTOR: 208}
# - {PICKLEFILE: RaftRun11166.p}
# - {CALIB_ID: 'raftName=RTM-017 detectorName=S01 detector=208 calibDate=1970-01-01T00:00:00 ccd=208 ccdnum=208 filter=None'}
# - {DATE: '2020-01-23T22:57:43.869739'}
# - {CALIB_CREATION_DATE: '2020-01-23'}
# - {CALIB_CREATION_TIME: '22:57:43'}
# - __serialized_columns__:
#     efficiency:
#       __class__: astropy.units.quantity.Quantity
#       unit: !astropy.units.Unit {unit: '%'}
#       value: !astropy.table.SerializedColumn {name: efficiency}
#     wavelength:
#       __class__: astropy.units.quantity.Quantity
#       unit: !astropy.units.Unit {unit: nm}
#       value: !astropy.table.SerializedColumn {name: wavelength}
# schema: astropy-2.0
amp_name wavelength efficiency
C02 349.982 56.758278
C02 450.035 84.896065
C02 500.018 85.380554
C02 619.997 92.2466
C02 750.022 98.58856
C02 869.967 95.85475
C02 999.976 30.977608
C15 349.982 55.540783
C15 450.035 83.53843
C15 500.018 83.89982
C15 619.997 90.707596
C15 750.022 97.75525
C15 869.967 95.34476
C15 999.976 31.021088
C06 349.982 55.356884
C06 450.035 84.83322
C06 500.018 85.07012
C06 619.997 91.496086
C06 750.022 98.04175
C06 869.967 95.544785
C06 999.976 30.91467
C04 349.982 56.18645
C04 450.035 85.14043
C04 500.018 85.477974
C04 619.997 92.16069
C04 750.022 98.607376
C04 869.967 95.93585
C04 999.976 31.012806
C07 349.982 55.227074
C07 450.035 84.98591
C07 500.018 85.18801
C07 619.997 91.496346
C07 750.022 98.125244
C07 869.967 95.689186
C07 999.976 30.99053
C05 349.982 55.638443
C05 450.035 84.81051
C05 500.018 85.08828
C05 619.997 91.64084
C05 750.022 98.12653
C05 869.967 95.56601
C05 999.976 30.943432
C01 349.982 56.889496
C01 450.035 84.48443
C01 500.018 85.06665
C01 619.997 91.98467
C01 750.022 98.27006
C01 869.967 95.52756
C01 999.976 30.80239
C11 349.982 54.72983
C11 450.035 84.40443
C11 500.018 84.56978
C11 619.997 91.01737
C11 750.022 98.35925
C11 869.967 96.32978
C11 999.976 31.31209
C13 349.982 55.446968
C13 450.035 84.55622
C13 500.018 84.81999
C13 619.997 91.444984
C13 750.022 98.642296
C13 869.967 96.36777
C13 999.976 31.269222
C00 349.982 57.572704
C00 450.035 84.78516
C00 500.018 85.45697
C00 619.997 92.52408
C00 750.022 98.83766
C00 869.967 96.02414
C00 999.976 30.93582
C17 349.982 56.830967
C17 450.035 84.217705
C17 500.018 84.777855
C17 619.997 91.81662
C17 750.022 98.85538
C17 869.967 96.39104
C17 999.976 31.3337
C10 349.982 54.452816
C10 450.035 84.318344
C10 500.018 84.44607
C10 619.997 90.8783
C10 750.022 98.31513
C10 869.967 96.42934
C10 999.976 31.41658
C14 349.982 55.892452
C14 450.035 84.688965
C14 500.018 85.00185
C14 619.997 91.75441
C14 750.022 98.925606
C14 869.967 96.57211
C14 999.976 31.387089
C16 349.982 56.693375
C16 450.035 84.6295
C16 500.018 85.07259
C16 619.997 92.09889
C16 750.022 99.2154
C16 869.967 96.72223
C16 999.976 31.435617
C03 349.982 56.406826
C03 450.035 84.93417
C03 500.018 85.34098
C03 619.997 92.113785
C03 750.022 98.49569
C03 869.967 95.80026
C03 999.976 30.99803
C12 349.982 54.63285
C12 450.035 83.83103
C12 500.018 84.05442
C12 619.997 90.512505
C12 750.022 97.71331
C12 869.967 95.57867
C12 999.976 31.051142
