lsstCam/transmission_filter_detector/r02_s01/z_20/19700101T000000.ecsv
# %ECSV 1.0
# ---
# datatype:
# - {name: wavelength, unit: nm, datatype: float32}
# - {name: efficiency, unit: '%', datatype: float64}
# meta: !!omap
# - {MODE: DETECTOR}
# - {TYPE: transmission_filter_detector}
# - {CALIBDATE: '1970-01-01T00:00:00'}
# - {INSTRUME: LSSTCam}
# - {OBSTYPE: transmission_filter_detector}
# - {CALIBCLS: lsst.ip.isr.IntermediateFilterDetectorTransmissionCurve}
# - {SOURCE: Materion (DM-46256)}
# - {DETECTOR: 10}
# - {FILTER: z_20}
# - {CALIB_ID: 'calibDate=1970-01-01T00:00:00 filter=z_20 detector=10'}
# - {DATE: '2025-04-02T15:59:48.680868'}
# - {CALIB_CREATION_DATE: '2025-04-02'}
# - {CALIB_CREATION_TIME: '15:59:48'}
# - __serialized_columns__:
#     efficiency:
#       __class__: astropy.units.quantity.Quantity
#       unit: !astropy.units.Unit {unit: '%'}
#       value: !astropy.table.SerializedColumn {name: efficiency}
#     wavelength:
#       __class__: astropy.units.quantity.Quantity
#       unit: !astropy.units.Unit {unit: nm}
#       value: !astropy.table.SerializedColumn {name: wavelength}
# schema: astropy-2.0
wavelength efficiency
[from data line 597]
897.0 99.0317702293396
898.0 98.9486575126648
899.0 98.43776822090149
900.0 98.33762049674988
901.0 98.9539384841919
902.0 99.33253526687622
903.0 98.41975569725037
904.0 97.68641591072083
905.0 98.30554723739624
906.0 97.76835441589355
907.0 98.5641360282898
908.0 98.09876084327698
909.0 97.97480702400208
910.0 97.97130227088928
911.0 96.93506956100464
912.0 95.7066297531128
913.0 94.79417204856873
914.0 92.22403168678284
915.0 89.97946977615356
916.0 87.68374919891357
917.0 86.4195466041565
918.0 82.84200429916382
919.0 81.49775862693787
920.0 78.4291923046112
921.0 74.26901459693909
922.0 69.67347264289856
923.0 63.600462675094604
924.0 58.286458253860474
925.0 52.8331995010376
926.0 46.59706652164459
927.0 39.36918377876282
928.0 33.14869999885559
929.0 26.752668619155884
930.0 21.31207287311554
931.0 16.169854998588562
932.0 10.829728096723557
933.0 6.9593921303749084
934.0 4.187394678592682
935.0 2.562852203845978
936.0 1.508693490177393
937.0 0.9202500805258751
938.0 0.5879750475287437
939.0 0.25834545958787203
940.0 0.12664240784943104
941.0 0.003619912240537815
942.0 0.10333079844713211
943.0 0.020265505008865148
944.0 0.11232498800382018
945.0 0.0045055592636344954
946.0 0.0813362596090883
947.0 1.7072420950905998e-10
948.0 1.7072420950905998e-10
949.0 1.7072420950905998e-10
950.0 1.7072420950905998e-10
951.0 1.7072420950905998e-10
952.0 0.017439488146919757
953.0 0.04991200985386968
954.0 0.10900860652327538
955.0 1.7072420950905998e-10
956.0 1.7072420950905998e-10
957.0 0.013371536624617875
958.0 1.7072420950905998e-10
959.0 0.019312978838570416
960.0 1.7072420950905998e-10
961.0 1.7072420950905998e-10
962.0 1.7072420950905998e-10
963.0 1.7072420950905998e-10
964.0 0.010252563515678048
965.0 0.06828971090726554
966.0 1.7072420950905998e-10
967.0 1.7072420950905998e-10
968.0 0.06329145398922265
969.0 0.05080169648863375
970.0 1.7072420950905998e-10
971.0 0.07188347517512739
972.0 1.7072420950905998e-10
973.0 1.7072420950905998e-10
974.0 1.7072420950905998e-10
975.0 1.7072420950905998e-10
976.0 0.006275942723732442
977.0 0.006262490933295339
978.0 0.00624904059804976
979.0 0.006039037180016749
980.0 0.0058290323067922145
981.0 0.005679350942955352
982.0 0.005529670306714252
983.0 0.005439108645077795
984.0 0.005348547347239219
985.0 0.0051436825742712244
986.0 0.004938817073707469
987.0 0.004927929330733605
988.0 0.004917041587759741
989.0 0.004762680327985436
990.0 0.004608319795806892
991.0 0.004725590770249255
992.0 0.0048428621084894985
993.0 0.004828353849006817
994.0 0.004813844498130493
995.0 0.004746413105749525
996.0 0.004678981713368557
997.0 0.004482931399252266
998.0 0.004286881085135974
999.0 0.004247889228281565
1000.0 0.004208897735225037
1001.0 0.00441166921518743
1002.0 0.004614440331351943
1003.0 0.004512900341069326
1004.0 0.004411359986988828
1005.0 0.004253499355399981
1006.0 0.004095638723811135
1007.0 0.0041922372474800795
1008.0 0.004288835771149024
1009.0 0.004394405550556257
1010.0 0.00449997496616561
1011.0 0.004476797039387748
1012.0 0.004453619112609886
1013.0 0.004350899325800128
1014.0 0.004248179538990371
1015.0 0.004431762499734759
1016.0 0.004615345096681267
1017.0 0.004871552664553747
1018.0 0.0051277609600219876
1019.0 0.004869775511906482
1020.0 0.004611790063790977
1021.0 0.004666614404413849
1022.0 0.004721439108834602
1023.0 0.004568297663354315
1024.0 0.004415156217874028
1025.0 0.004584004273056053
1026.0 0.004752851964440197
1027.0 0.004728398198494688
1028.0 0.004703944432549179
1029.0 0.004644313594326377
1030.0 0.004584683483699337
1031.0 0.004671425267588347
1032.0 0.0047581674152752385
1033.0 0.004830394755117595
1034.0 0.004902622822555713
1035.0 0.0050878810725407675
1036.0 0.005273138958727941
1037.0 0.005337999027688056
1038.0 0.005402858732850291
1039.0 0.005352410516934469
1040.0 0.005301961573422886
1041.0 0.005720589979318902
1042.0 0.006139218749012798
1043.0 0.0056025553931249306
1044.0 0.0050658927648328245
1045.0 0.005812070958199911
1046.0 0.006558249151566997
1047.0 0.006221781950443983
1048.0 0.005885313657927327
1049.0 0.0059531692386372015
1050.0 0.006021024819347076
1051.0 0.006396328535629436
1052.0 0.006771634798496962
1053.0 0.006795264926040545
1054.0 0.00681889578117989
1055.0 0.007502659718738869
1056.0 0.008186424383893609
1057.0 0.007928048580652103
1058.0 0.007669673505006358
1059.0 0.007697792898397893
1060.0 0.0077259108365979046
1061.0 0.008312363206641749
1062.0 0.008898816304281354
1063.0 0.008921259723138064
1064.0 0.008943703141994774
1065.0 0.009009714267449453
1066.0 0.009075728303287178
1067.0 0.009158459579339251
1068.0 0.009241193038178608
1069.0 0.010164493869524449
1070.0 0.01108779470087029
1071.0 0.01082013695850037
1072.0 0.010552478488534689
1073.0 0.010673063661670312
1074.0 0.010793648834805936
1075.0 0.01136355276685208
1076.0 0.011933460336877033
1077.0 0.012017869448754936
1078.0 0.01210227856063284
1079.0 0.01309348299400881
1080.0 0.014084689610172063
1081.0 0.01413167774444446
1082.0 0.014178667333908379
1083.0 0.013959783245809376
1084.0 0.013740899157710373
1085.0 0.014302050112746656
1086.0 0.014863203978165984
1087.0 0.01484291860833764
1088.0 0.014822636148892343
1089.0 0.016463676001876593
1090.0 0.01810471439966932
1091.0 0.017778722394723445
1092.0 0.01745272456901148
1093.0 0.01736069971229881
1094.0 0.017268671945203096
1095.0 0.018564144556876272
1096.0 0.01985961862374097
1097.0 0.020086114818695933
1098.0 0.020312611013650894
1099.0 0.02213555999333039
1100.0 0.02395850606262684
1101.0 0.024210136325564235
1102.0 0.024461763678118587
1103.0 0.025969307171180844
1104.0 0.027476847753860056
1105.0 0.027282722294330597
1106.0 0.027088599745184183
1107.0 0.027862173737958074
1108.0 0.02863575064111501
1109.0 0.030402367701753974
1110.0 0.03216898476239294
1111.0 0.03208346606697887
1112.0 0.03199795028194785
1113.0 0.0332251307554543
1114.0 0.03445231996010989
1115.0 0.033671720302663743
1116.0 0.03289112646598369
1117.0 0.03312851185910404
1118.0 0.033365897252224386
1119.0 0.03645133110694587
1120.0 0.03953676205128431
1121.0 0.04180651158094406
1122.0 0.044076264020986855
1123.0 0.044120915117673576
1124.0 0.04416556912474334
1125.0 0.04516633634921163
1126.0 0.046167103573679924
1127.0 0.049711199244484305
1128.0 0.053255289094522595
1129.0 0.05596324917860329
1130.0 0.05867120926268399
1131.0 0.059560860972851515
1132.0 0.06045050104148686
1133.0 0.06426116451621056
1134.0 0.06807182799093425
1135.0 0.06513118278235197
1136.0 0.0621905317530036
1137.0 0.06851620273664594
1138.0 0.07484187954105437
1139.0 0.07937241462059319
1140.0 0.08390291477553546
1141.0 0.09194093872793019
1142.0 0.09997895685955882
1143.0 0.11883247643709183
1144.0 0.13768596109002829
1145.0 0.2682901220396161
1146.0 0.3988943062722683
1147.0 0.829112995415926
1148.0 1.2593317776918411
1149.0 1.4386290684342384
1150.0 1.6179272904992104
