lsstCam/transmission_filter_detector/r02_s01/z_20/19700101T000000.ecsv
# %ECSV 1.0
# ---
# datatype:
# - {name: wavelength, unit: nm, datatype: float32}
# - {name: efficiency, unit: '%', datatype: float64}
# meta: !!omap
# - {MODE: DETECTOR}
# - {TYPE: transmission_filter_detector}
# - {CALIBDATE: '1970-01-01T00:00:00'}
# - {INSTRUME: LSSTCam}
# - {OBSTYPE: transmission_filter_detector}
# - {CALIBCLS: lsst.ip.isr.IntermediateFilterDetectorTransmissionCurve}
# - {SOURCE: Materion (DM-46256)}
# - {DETECTOR: 10}
# - {FILTER: z_20}
# - {CALIB_ID: 'calibDate=1970-01-01T00:00:00 filter=z_20 detector=10'}
# - {DATE: '2025-04-02T15:59:48.680868'}
# - {CALIB_CREATION_DATE: '2025-04-02'}
# - {CALIB_CREATION_TIME: '15:59:48'}
# - __serialized_columns__:
#     efficiency:
#       __class__: astropy.units.quantity.Quantity
#       unit: !astropy.units.Unit {unit: '%'}
#       value: !astropy.table.SerializedColumn {name: efficiency}
#     wavelength:
#       __class__: astropy.units.quantity.Quantity
#       unit: !astropy.units.Unit {unit: nm}
#       value: !astropy.table.SerializedColumn {name: wavelength}
# schema: astropy-2.0
wavelength efficiency
300.0 0.8627033792436123
301.0 0.5823113024234772
302.0 0.3019193885847926
303.0 0.2930420218035579
304.0 0.2841646783053875
305.0 0.2422949532046914
306.0 0.20042522810399532
307.0 0.1827054424211383
308.0 0.16498566837981343
309.0 0.14571320498362184
310.0 0.12644075322896242
311.0 0.12714562471956015
312.0 0.1278505427762866
313.0 0.11109575862064958
314.0 0.09434100356884301
315.0 0.09472990641370416
316.0 0.0951188092585653
317.0 0.0795492494944483
318.0 0.06397970137186348
319.0 0.06367117166519165
320.0 0.06336264777928591
321.0 0.06284459959715605
322.0 0.06232655141502619
323.0 0.05432714242488146
324.0 0.04632773343473673
325.0 0.043291892507113516
326.0 0.040256051579490304
327.0 0.03915374691132456
328.0 0.03805143933277577
329.0 0.033710538991726935
330.0 0.029369641561061144
331.0 0.026934445486404
332.0 0.024499246501363814
333.0 0.023559214605484158
334.0 0.022619179799221456
335.0 0.021247229597065598
336.0 0.019875280850101262
337.0 0.02393685426795855
338.0 0.027998420409858227
339.0 0.024077801208477467
340.0 0.020157186372671276
341.0 0.016955264436546713
342.0 0.013753343955613673
343.0 0.013590377056971192
344.0 0.013427411613520235
345.0 0.012832169886678457
346.0 0.01223692815983668
347.0 0.011520082625793293
348.0 0.01080323854694143
349.0 0.013280547864269465
350.0 0.015757858636789024
351.0 0.013099914940539747
352.0 0.010441969061503187
353.0 0.011027416621800512
354.0 0.011612866364885122
355.0 0.00999284238787368
356.0 0.008372819138457999
357.0 0.009345041326014325
358.0 0.010317266423953697
359.0 0.009981616312870756
360.0 0.009645964746596292
361.0 0.00879509752849117
362.0 0.007944232493173331
363.0 0.009285000123782083
364.0 0.010625767754390836
365.0 0.010256643872708082
366.0 0.009887523629004136
367.0 0.00866422924445942
368.0 0.007440934859914705
369.0 0.007885986269684508
370.0 0.008331038407050073
371.0 0.008248307858593762
372.0 0.008165578037733212
373.0 0.0071514084993395954
374.0 0.006137241143733263
375.0 0.006404376472346485
376.0 0.006671511073363945
377.0 0.0069776244345121086
378.0 0.007283736340468749
379.0 0.0062066843383945525
380.0 0.005129631972522475
381.0 0.00326270455843769
382.0 0.0013957777809991967
383.0 0.0035728840884985402
384.0 0.005749990668846294
385.0 0.0055073356634238735
386.0 0.005264681021799333
387.0 0.005870226232218556
388.0 0.0064757718064356595
389.0 0.0057021334214368835
390.0 0.00492849612783175
391.0 0.00462720163341146
392.0 0.00432590713899117
393.0 0.004789494414580986
394.0 0.005253082417766564
395.0 0.004318303763284348
396.0 0.0033835251088021323
397.0 0.0035444081731839105
398.0 0.003705290873767808
399.0 0.003973041020799428
400.0 0.004240790804033168
401.0 0.004773722685058601
402.0 0.005306654566084035
403.0 0.0051097667892463505
404.0 0.004912879012408666
405.0 0.00400365206587594
406.0 0.0030944251193432137
407.0 0.0016947991753113456
408.0 0.00029517361781472573
409.0 0.001925214564835187
410.0 0.0035552558983908966
411.0 0.004117635762668215
412.0 0.004680015990743414
413.0 0.004444345904630609
414.0 0.004208675818517804
415.0 0.003498025398585014
416.0 0.0027873751605511643
417.0 0.0037075391446705908
418.0 0.004627703674486838
419.0 0.004215127410134301
420.0 0.0038025515095796436
421.0 0.003595497037167661
422.0 0.0033884432923514396
423.0 0.0033748408895917237
424.0 0.00336123957822565
425.0 0.002578584462753497
426.0 0.0017959295291802846
427.0 0.0019136634364258498
428.0 0.0020313977074692957
429.0 0.0012818293726013508
430.0 0.0005322613105818164
431.0 0.000682459995005047
432.0 0.0008326583156303968
433.0 0.0006866186140541686
434.0 0.0005405791398516158
435.0 0.001195993900182657
436.0 0.0018514088878873736
437.0 0.0019509765479597263
438.0 0.0020505440261331387
439.0 0.0020959019821020775
440.0 0.0021412601199699566
441.0 0.0016116458937176503
442.0 0.001082031667465344
443.0 0.0021612097043544054
444.0 0.0032403877412434667
445.0 0.003333636050228961
446.0 0.003426884359214455
447.0 0.0025515022571198642
448.0 0.0016761199731263332
449.0 0.002451986074447632
450.0 0.0032278530852636322
451.0 0.002506969940441195
452.0 0.0017860866137198173
453.0 0.0016986563423415646
454.0 0.0016112264347611926
455.0 0.0023754919311613776
456.0 0.003139757609460503
457.0 0.0023007989511825144
458.0 0.0014618406567024067
459.0 0.0015551288015558384
460.0 0.0016484171283082105
461.0 0.0007637279850314371
462.0 1.7072420950905998e-10
463.0 0.0009251281881006435
464.0 0.001971217534446623
465.0 0.0022414078557631
466.0 0.0025115983589785174
467.0 0.002191078965552151
468.0 0.0018705586626310833
469.0 0.0016682102796039544
470.0 0.001465861623728415
471.0 0.0013650450455315877
472.0 0.0012642287401831709
473.0 0.0012685347428487148
474.0 0.0012728407455142587
475.0 0.0011397063644835725
476.0 0.0010065718925034162
477.0 0.0013324424799066037
478.0 0.001658312976360321
479.0 0.0020025781850563362
480.0 0.002346843211853411
481.0 0.0018503324099583551
482.0 0.0013538213352148887
483.0 0.0008791943400865421
484.0 0.0004045672540087253
485.0 0.0012359818356344476
486.0 0.00206739641726017
487.0 0.0014658414329460356
488.0 0.0008642863576824311
489.0 0.0016100495486170985
490.0 0.0023558130124001764
491.0 0.00221795908146305
492.0 0.002080105150525924
493.0 0.0019637107470771298
494.0 0.0018473167074262165
495.0 0.001598987182660494
496.0 0.0013506575669453014
497.0 0.001252247966476716
498.0 0.0011538385479070712
499.0 0.0012575405889947433
500.0 0.001361242902930826
501.0 0.0008911918484955095
502.0 0.00042114052121178247
503.0 0.0012638391126529314
504.0 0.00210653761314461
505.0 0.0022278512915363535
506.0 0.002349164969928097
507.0 0.002226053584308829
508.0 0.0021029418348916806
509.0 0.0018450442439643666
510.0 0.0015871471987338737
511.0 0.001237391188624315
512.0 0.0008876353604136966
513.0 0.0013225679140305147
514.0 0.0017575008314452134
515.0 0.001330809755017981
516.0 0.0009041192242875695
517.0 0.0008460370736429468
518.0 0.0007879548320488539
519.0 0.0010614516213536263
520.0 0.001334948046860518
521.0 0.0017014896002365276
522.0 0.002068031062663067
523.0 0.0013846750334778335
524.0 0.0007013189588178648
525.0 0.0007353879936999874
526.0 0.0007694572559557855
527.0 0.0011402566087781452
528.0 0.0015110563253983855
529.0 0.0013023889550822787
530.0 0.0010937210390693508
531.0 0.0011443505172792356
532.0 0.00119497972264071
533.0 0.0008530722880095709
534.0 0.0005111648079036968
535.0 0.001104473358282121
536.0 0.0016977817722363397
537.0 0.0016542202502023429
538.0 0.0016106585462694056
539.0 0.0011675626410578843
540.0 0.0007244663720484823
541.0 0.0007409959380311193
542.0 0.0007575256859126966
543.0 0.0011854282092826907
544.0 0.0016133308236021549
545.0 0.001054744643624872
546.0 0.0004961586455465294
547.0 0.001204229465656681
548.0 0.0019122999219689518
549.0 0.0016785183106549084
550.0 0.0014447366083913948
551.0 0.0014960553926357534
552.0 0.001547373722132761
553.0 0.0012957481885678135
554.0 0.0010441223821544554
555.0 0.0009839305675996002
556.0 0.000923738753044745
557.0 0.0013104458957968745
558.0 0.0016971527657005936
559.0 0.0017291740732616745
560.0 0.0017611948351259343
561.0 0.0015865116438362747
562.0 0.0014118284525466152
563.0 0.001179531045636395
564.0 0.0009472336387261748
565.0 0.0017619757272768766
566.0 0.002576718179625459
567.0 0.002918874452007003
568.0 0.0032610303605906665
569.0 0.003014654248545412
570.0 0.0027682781365001574
571.0 0.002619067527120933
572.0 0.0024698565539438277
573.0 0.0019978064301540144
574.0 0.0015257566701620817
575.0 0.0019484710719552822
576.0 0.002371185655647423
577.0 0.0019799903384409845
578.0 0.001588795566931367
579.0 0.0017085292711271904
580.0 0.0018282626115251333
581.0 0.001614452776266262
582.0 0.0014006428500579204
583.0 0.0018475120668881573
584.0 0.0022943813746678643
585.0 0.002511725870135706
586.0 0.002729070547502488
587.0 0.0021123403712408617
588.0 0.0014956096492824145
589.0 0.0021537081920541823
590.0 0.0028118069167248905
591.0 0.0019286384485894814
592.0 0.0010454700714035425
593.0 0.0008224800694733858
594.0 0.0005994897946948186
595.0 0.0010245478733850177
596.0 0.0014496056792268064
597.0 0.0013383587429416366
598.0 0.0012271116247575264
599.0 0.0008788178092800081
600.0 0.0005305240847519599
601.0 0.0005143366706761299
602.0 0.0004981491201760946
603.0 0.0009753488484420814
604.0 0.0014525482583849225
605.0 0.0009091668289329391
606.0 0.00036578517210728023
607.0 0.0007533777534263209
608.0 0.0011409703802200966
609.0 0.0011843636457342654
610.0 0.0012277566384000238
611.0 0.0010423321327834856
612.0 0.000856907445268007
613.0 0.0008044241440074984
614.0 0.0007519408882217249
615.0 0.0011792271834565327
616.0 0.0016065139789134264
617.0 0.0021381389160524122
618.0 0.0026697636712924577
619.0 0.0022232990886550397
620.0 0.001776834142219741
621.0 0.001497299672337249
622.0 0.0012177649296063464
623.0 0.0015596024240949191
624.0 0.0019014396457350813
625.0 0.0016642372429487295
626.0 0.0014270348401623778
627.0 0.0018499449652153999
628.0 0.002272855635965243
629.0 0.002090168527502101
630.0 0.0019074816009378992
631.0 0.0017046766515704803
632.0 0.0015018717022030614
633.0 0.0017969696273212321
634.0 0.002092068098136224
635.0 0.005114548548590392
636.0 0.00813702863524668
637.0 0.015412042557727545
638.0 0.022687057207804173
639.0 0.01971156889339909
640.0 0.016736079123802483
641.0 0.014527038729283959
642.0 0.012318004155531526
643.0 0.00982754208962433
644.0 0.007337081478908658
645.0 0.00667213971610181
646.0 0.006007198680890724
647.0 0.005450557000585832
648.0 0.004893914592685178
649.0 0.0040368104237131774
650.0 0.0031797066185390577
651.0 0.003608782571973279
652.0 0.004037858889205381
653.0 0.0032775162253528833
654.0 0.0025171730158035643
655.0 0.002762079020612873
656.0 0.003006985571119003
657.0 0.0029026467018411495
658.0 0.0027983076506643556
659.0 0.002628196125442628
660.0 0.0024580846002209
661.0 0.0026417872504680417
662.0 0.0028254895369173028
663.0 0.0019476201487123035
664.0 0.001069750669557834
665.0 0.0015543500921921805
666.0 0.0020389497876749374
667.0 0.0023389424313791096
668.0 0.0026389348931843415
669.0 0.001945296571648214
670.0 0.001251657977263676
671.0 0.0009609078915673308
672.0 0.0006701578968204558
673.0 0.0013187436707084998
674.0 0.0019673296264954843
675.0 0.002050421062449459
676.0 0.002133512134605553
677.0 0.0019234663341194391
678.0 0.0017134201698354445
679.0 0.0014142544387141243
680.0 0.0011150886166433338
681.0 0.0011851819181174506
682.0 0.0012552752195915673
683.0 0.0023771335690980777
684.0 0.003498992373351939
685.0 0.0028554690288729034
686.0 0.0022119464119896293
687.0 0.0016531885194126517
688.0 0.0010944307177851442
689.0 0.0014515885595756117
690.0 0.001808746310416609
691.0 0.0021603300410788506
692.0 0.002511913226044271
693.0 0.002814447543642018
694.0 0.0031169816793408245
695.0 0.003271392415626906
696.0 0.0034258027881151065
697.0 0.003702931644511409
698.0 0.003980060864705592
699.0 0.005884758138563484
700.0 0.007789456140017137
701.0 0.007316739356610924
702.0 0.00684402184560895
703.0 0.006301025860011578
704.0 0.005758029146818444
705.0 0.005145756949787028
706.0 0.004533484388957731
707.0 0.004285073009668849
708.0 0.004036661630379967
709.0 0.004244580122758634
710.0 0.004452498978935182
711.0 0.003980868132202886
712.0 0.003509238376864232
713.0 0.0025208133592968807
714.0 0.00153238870552741
715.0 0.002196883906435687
716.0 0.0028613791073439643
717.0 0.00247212519752793
718.0 0.002082870742015075
719.0 0.0016475018128403462
720.0 0.0012121323379687965
721.0 0.001143090321420459
722.0 0.001074047941074241
723.0 0.0010286921678925864
724.0 0.0009833362128119916
725.0 0.0013075594324618578
726.0 0.0016317828340106644
727.0 0.0017360569472657517
728.0 0.0018403306967229582
729.0 0.001829462416935712
730.0 0.0018185939552495256
731.0 0.0013453422980092
732.0 0.0008720907317183446
733.0 0.0009270040209230501
734.0 0.0009819171282288153
735.0 0.0010637130799295846
736.0 0.0011455087587819435
737.0 0.0013451380254991818
738.0 0.0015447671103174798
739.0 0.001184979555546306
740.0 0.0008251919098256622
741.0 0.0010180647223023698
742.0 0.0012109374438296072
743.0 0.0016009855244192295
744.0 0.0019910334231099114
745.0 0.0013744825992034748
746.0 0.0007579315479233628
747.0 0.0012270444130990654
748.0 0.001696157232800033
749.0 0.0023396882170345634
750.0 0.002983219201269094
751.0 0.002982767728099134
752.0 0.0029823162549291737
753.0 0.0029154078220017254
754.0 0.002848499752872158
755.0 0.0019115743270958774
756.0 0.0009746489922690671
757.0 0.0019187771613360383
758.0 0.00286290560325142
759.0 0.0027360551030142233
760.0 0.0026092044208780862
761.0 0.004504132084548473
762.0 0.006399059930117801
763.0 0.0057930363254854456
764.0 0.00518701272085309
765.0 0.005229856469668448
766.0 0.005272699854685925
767.0 0.004582482506521046
768.0 0.0038922637031646445
769.0 0.003522276892908849
770.0 0.003152291537844576
771.0 0.003998393367510289
772.0 0.004844495560973883
773.0 0.004096050179214217
774.0 0.003347604797454551
775.0 0.0035737317375605926
776.0 1.7072420950905998e-10
777.0 0.06019027787260711
778.0 1.7072420950905998e-10
779.0 1.7072420950905998e-10
780.0 1.7072420950905998e-10
781.0 0.09539208840578794
782.0 0.039842736441642046
783.0 0.045755342580378056
784.0 1.7072420950905998e-10
785.0 0.0085136663983576
786.0 1.7072420950905998e-10
787.0 0.020857126219198108
788.0 0.033474795054644346
789.0 0.06734502385370433
790.0 1.7072420950905998e-10
791.0 1.7072420950905998e-10
792.0 0.0088520348072052
793.0 0.05902088596485555
794.0 1.7072420950905998e-10
795.0 0.048681237967684865
796.0 0.09006482432596385
797.0 0.03653228341136128
798.0 0.15980914467945695
799.0 0.23749996908009052
800.0 0.3871759632602334
801.0 0.6651286501437426
802.0 1.1126844212412834
803.0 1.8027592450380325
804.0 2.9803484678268433
805.0 4.4121164828538895
806.0 6.31055012345314
807.0 8.692096918821335
808.0 11.413447558879852
809.0 14.582160115242004
810.0 17.842699587345123
811.0 20.87729275226593
812.0 24.007292091846466
813.0 27.964729070663452
814.0 32.24198818206787
815.0 37.790676951408386
816.0 43.60261857509613
817.0 50.074076652526855
818.0 56.785255670547485
819.0 63.64946365356445
820.0 71.30939960479736
821.0 78.32289934158325
822.0 83.73615741729736
823.0 87.93317675590515
824.0 91.6955828666687
825.0 95.06883025169373
826.0 96.7075765132904
827.0 97.69049286842346
828.0 98.9300012588501
829.0 99.4469404220581
830.0 98.47155809402466
831.0 98.6629843711853
832.0 98.42350482940674
833.0 99.1145670413971
834.0 98.10935258865356
835.0 99.11211729049683
836.0 98.96224737167358
837.0 98.6757755279541
838.0 97.9280173778534
839.0 98.319411277771
840.0 98.48098754882812
841.0 99.42418336868286
842.0 98.97415041923523
843.0 99.63269829750061
844.0 98.02460074424744
845.0 98.28794002532959
846.0 98.54313731193542
847.0 98.77265691757202
848.0 99.42215085029602
849.0 98.64752888679504
850.0 98.2002854347229
851.0 99.1072416305542
852.0 98.95990490913391
853.0 98.50629568099976
854.0 99.7631311416626
855.0 98.25655817985535
856.0 98.8676905632019
857.0 97.95129299163818
858.0 98.5403299331665
859.0 99.22367334365845
860.0 98.38528633117676
861.0 98.64557385444641
862.0 98.91350865364075
863.0 98.02891612052917
864.0 99.52137470245361
865.0 99.77191090583801
866.0 98.55613112449646
867.0 99.4272232055664
868.0 99.5521605014801
869.0 98.7829327583313
870.0 98.17454814910889
871.0 98.4946608543396
872.0 99.20900464057922
873.0 99.00245070457458
874.0 99.8473048210144
875.0 98.8423228263855
876.0 98.94776940345764
877.0 99.44433569908142
878.0 98.89906048774719
879.0 98.39245676994324
880.0 98.30931425094604
881.0 99.92654323577881
882.0 98.77248406410217
883.0 98.75781536102295
884.0 98.95578026771545
885.0 98.93128275871277
886.0 98.40071201324463
887.0 98.09244871139526
888.0 98.71931076049805
889.0 99.21535849571228
890.0 98.1171190738678
891.0 99.27135705947876
892.0 98.55769276618958
893.0 98.39316010475159
894.0 97.99650311470032
895.0 99.25969243049622
