lsstCam/transmission_filter_detector/r23_s00/g_6/19700101T000000.ecsv
# %ECSV 1.0
# ---
# datatype:
# - {name: wavelength, unit: nm, datatype: float32}
# - {name: efficiency, unit: '%', datatype: float64}
# meta: !!omap
# - {MODE: DETECTOR}
# - {TYPE: transmission_filter_detector}
# - {CALIBDATE: '1970-01-01T00:00:00'}
# - {INSTRUME: LSSTCam}
# - {OBSTYPE: transmission_filter_detector}
# - {CALIBCLS: lsst.ip.isr.IntermediateFilterDetectorTransmissionCurve}
# - {SOURCE: Materion (DM-46256)}
# - {DETECTOR: 99}
# - {FILTER: g_6}
# - {CALIB_ID: 'calibDate=1970-01-01T00:00:00 filter=g_6 detector=99'}
# - {DATE: '2025-04-02T15:59:42.486830'}
# - {CALIB_CREATION_DATE: '2025-04-02'}
# - {CALIB_CREATION_TIME: '15:59:42'}
# - __serialized_columns__:
#     efficiency:
#       __class__: astropy.units.quantity.Quantity
#       unit: !astropy.units.Unit {unit: '%'}
#       value: !astropy.table.SerializedColumn {name: efficiency}
#     wavelength:
#       __class__: astropy.units.quantity.Quantity
#       unit: !astropy.units.Unit {unit: nm}
#       value: !astropy.table.SerializedColumn {name: wavelength}
# schema: astropy-2.0
wavelength efficiency
300.0 0.489696953445673
301.0 0.3674723906442523
302.0 0.24524780455976725
303.0 0.22247794549912214
304.0 0.19970808643847704
305.0 0.20652124658226967
306.0 0.21333436015993357
307.0 0.21813856437802315
308.0 0.222942722029984
309.0 0.22076130844652653
310.0 0.21857991814613342
311.0 0.20864629186689854
312.0 0.19871268887072802
313.0 0.19623010884970427
314.0 0.19374750554561615
315.0 0.18728150753304362
316.0 0.18081553280353546
317.0 0.17918352968990803
318.0 0.17755154985934496
319.0 0.1622475916519761
320.0 0.14694362180307508
321.0 0.14027459546923637
322.0 0.13360556913539767
323.0 0.11505592847242951
324.0 0.096506328554824
325.0 0.08729438995942473
326.0 0.07808245136402547
327.0 0.07101240917108953
328.0 0.0639423553366214
329.0 0.06095109856687486
330.0 0.05795984179712832
331.0 0.05418637301772833
332.0 0.05041290423832834
333.0 0.04716106050182134
334.0 0.043909213854931295
335.0 0.04255482635926455
336.0 0.041200435953214765
337.0 0.0413480622228235
338.0 0.04149568849243224
339.0 0.04018300387542695
340.0 0.03887031925842166
341.0 0.03730628523044288
342.0 0.03574224829208106
343.0 0.03230801085010171
344.0 0.028873770497739315
345.0 0.025556320906616747
346.0 0.022238872770685703
347.0 0.02106208703480661
348.0 0.019885296933352947
349.0 0.01809362438507378
350.0 0.8579526096582413
351.0 1.3698535971343517
352.0 0.7871606387197971
353.0 1.2811335735023022
354.0 0.77334214001894
355.0 0.9373769164085388
356.0 0.7159552536904812
357.0 1.0696888901293278
358.0 0.7094780914485455
359.0 0.9031538851559162
360.0 0.7369900122284889
361.0 0.8151298388838768
362.0 0.546543300151825
363.0 0.8261337876319885
364.0 0.5191061180084944
365.0 0.7803370244801044
366.0 0.5596815142780542
367.0 0.6212478969246149
368.0 0.5190224386751652
369.0 0.6508981343358755
370.0 0.47488179989159107
371.0 0.5985719617456198
372.0 0.4509849473834038
373.0 0.6473274435847998
374.0 0.3524836851283908
375.0 0.6270391400903463
376.0 0.4765259101986885
377.0 0.5893342662602663
378.0 0.4485775250941515
379.0 0.6386959459632635
380.0 0.4383468069136143
381.0 0.579041987657547
382.0 0.5297834984958172
383.0 0.5681933369487524
384.0 0.5920964293181896
385.0 0.6471047177910805
386.0 0.6840039975941181
387.0 0.7675308734178543
388.0 0.9712559171020985
389.0 1.3100173324346542
390.0 1.8403630703687668
391.0 2.8096485882997513
392.0 4.448799416422844
393.0 7.034692168235779
394.0 10.612259060144424
395.0 15.49924612045288
396.0 21.379005908966064
397.0 28.772184252738953
398.0 37.45959997177124
399.0 46.8351811170578
400.0 56.43373131752014
401.0 65.53241610527039
402.0 73.84342551231384
403.0 80.92011213302612
404.0 86.1705482006073
405.0 90.14605283737183
406.0 92.3679769039154
407.0 94.20613646507263
408.0 95.21722793579102
409.0 95.73149085044861
410.0 95.84689736366272
411.0 95.66999673843384
412.0 95.3128457069397
413.0 95.051509141922
414.0 94.91763114929199
415.0 95.08901834487915
416.0 95.47743201255798
417.0 95.83815336227417
418.0 96.36382460594177
419.0 97.02649116516113
420.0 97.53127098083496
421.0 98.0452835559845
422.0 98.16755652427673
423.0 98.34033846855164
424.0 98.147714138031
425.0 98.01572561264038
426.0 98.01490306854248
427.0 97.96897172927856
428.0 97.77867794036865
429.0 97.551828622818
430.0 97.4015474319458
431.0 97.43825793266296
432.0 97.41854667663574
433.0 97.49002456665039
434.0 97.62495160102844
435.0 97.75272607803345
436.0 97.8190004825592
437.0 97.75443077087402
438.0 97.86385297775269
439.0 97.9326605796814
440.0 97.93281555175781
441.0 98.06869626045227
442.0 98.00283908843994
443.0 97.9526162147522
444.0 97.87960648536682
445.0 97.67996668815613
446.0 97.5878655910492
447.0 97.39545583724976
448.0 97.48046398162842
449.0 97.73809909820557
450.0 98.03630709648132
451.0 98.24323654174805
452.0 98.40260148048401
453.0 98.50904941558838
454.0 98.508220911026
455.0 98.72380495071411
456.0 98.8200306892395
457.0 98.97649884223938
458.0 98.96607995033264
459.0 99.04217720031738
460.0 99.07583594322205
461.0 99.22651648521423
462.0 99.10949468612671
463.0 99.07243847846985
464.0 99.14815425872803
465.0 99.0670382976532
466.0 99.0798830986023
467.0 99.08226728439331
468.0 99.1151213645935
469.0 99.151211977005
470.0 99.00727868080139
471.0 98.91319274902344
472.0 98.90837669372559
473.0 98.79738688468933
474.0 98.67860078811646
475.0 98.7411618232727
476.0 98.71641397476196
477.0 98.73417019844055
478.0 98.8421380519867
479.0 98.8329529762268
480.0 98.98313283920288
481.0 99.04506206512451
482.0 99.2120087146759
483.0 99.10687804222107
484.0 99.2638885974884
485.0 99.26009178161621
486.0 99.33310747146606
487.0 99.36094880104065
488.0 99.30402636528015
489.0 99.40096139907837
490.0 99.31594729423523
491.0 99.33985471725464
492.0 99.23990368843079
493.0 99.22377467155457
494.0 99.19513463973999
495.0 99.18985962867737
496.0 99.04548525810242
497.0 98.98267388343811
498.0 98.75463247299194
499.0 98.85730743408203
500.0 98.75402450561523
501.0 98.67308735847473
502.0 98.61320853233337
503.0 98.71187806129456
504.0 98.57487082481384
505.0 98.63904118537903
506.0 98.72776865959167
507.0 98.6560583114624
508.0 98.65879416465759
509.0 98.63077998161316
510.0 98.55422973632812
511.0 98.55199456214905
512.0 98.45760464668274
513.0 98.58067631721497
514.0 98.56805801391602
515.0 98.56128096580505
516.0 98.66551756858826
517.0 98.64451289176941
518.0 98.72694611549377
519.0 98.73356819152832
520.0 98.78450632095337
521.0 98.89696836471558
522.0 98.94275069236755
523.0 98.92807006835938
524.0 98.9784836769104
525.0 98.9009439945221
526.0 99.04505014419556
527.0 99.08314943313599
528.0 99.17209148406982
529.0 99.27932620048523
530.0 99.24983382225037
531.0 99.39327239990234
532.0 99.28238987922668
533.0 99.2662250995636
534.0 99.23974871635437
535.0 99.04404282569885
536.0 98.5927939414978
537.0 97.95010685920715
538.0 97.07564115524292
539.0 95.49556374549866
540.0 93.54895353317261
541.0 90.65241813659668
542.0 87.62562274932861
543.0 83.75073075294495
544.0 78.85833382606506
545.0 74.62804913520813
546.0 69.57501769065857
547.0 64.91957306861877
548.0 60.37608981132507
549.0 56.37634992599487
550.0 53.253012895584106
551.0 50.2743124961853
552.0 47.949615120887756
553.0 45.42437195777893
554.0 42.403966188430786
555.0 38.991257548332214
556.0 34.477949142456055
557.0 29.300713539123535
558.0 23.774312436580658
559.0 18.437564373016357
560.0 13.419398665428162
561.0 8.93428921699524
562.0 5.602052807807922
563.0 3.219074383378029
564.0 1.7283974215388298
565.0 0.8461914025247097
566.0 0.4454821813851595
567.0 0.23699244484305382
568.0 0.15200319467112422
569.0 0.09413394145667553
570.0 0.08575189276598394
571.0 0.052279612282291055
572.0 0.06569224060513079
573.0 0.045583731844089925
574.0 0.04633194475900382
575.0 0.038832955760881305
576.0 0.04230988852214068
577.0 0.020172914082650095
578.0 0.03152819408569485
579.0 0.03032673557754606
580.0 0.03790973860304803
581.0 0.0275627855444327
582.0 0.021613806893583387
583.0 0.022506628010887653
584.0 0.031010989914648235
585.0 0.02026261354330927
586.0 0.028306545573286712
587.0 0.017180011491291225
588.0 0.022566561528947204
589.0 0.0181016672286205
590.0 0.02217201399616897
591.0 0.01693931990303099
592.0 0.011319046461721882
593.0 0.006726846913807094
594.0 0.024539121659472585
595.0 0.005151646109879948
596.0 0.016252408386208117
597.0 0.011137476394651458
598.0 0.01784753694664687
599.0 0.011534153600223362
600.0 0.006052937533240765
601.0 0.002439695526845753
602.0 0.002399768345640041
603.0 0.0023598409825353883
604.0 0.00215268610190833
605.0 0.0019455314031802118
606.0 0.0020322644559200853
607.0 0.0021189973267610185
608.0 0.0020127898096689023
609.0 0.0019065822925767861
610.0 0.0019631885152193718
611.0 0.002019794555963017
612.0 0.001889297527668532
613.0 0.0017588006812729873
614.0 0.0018263073798152618
615.0 0.001893814442155417
616.0 0.0019018418242922053
617.0 0.0019098690245300531
618.0 0.0018310078303329647
619.0 0.0017521466361358762
620.0 0.0017197638953803107
621.0 0.0016873813365236856
622.0 0.0015710909792687744
623.0 0.001454800531064393
624.0 0.001488421912654303
625.0 0.001522043294244213
626.0 0.0014179540812619962
627.0 0.0013138650501787197
628.0 0.0014250520507630426
629.0 0.0015362393241957761
630.0 0.0014251739230530802
631.0 0.0013141080671630334
632.0 0.0014313735846371856
633.0 0.0015486388292629272
634.0 0.001504961710452335
635.0 0.0014612843187933322
636.0 0.0014569081940862816
637.0 0.0014525325241265818
638.0 0.0014050993740966078
639.0 0.0013576661331171636
640.0 0.001209141919389367
641.0 0.0010606174328131601
642.0 0.0013030266018176917
643.0 0.0015454357708222233
644.0 0.0014036935681360774
645.0 0.001261951092601521
646.0 0.0012847716789110564
647.0 0.001307592356170062
648.0 0.0011673062545014545
649.0 0.001027020061883377
650.0 0.0011941609045607038
651.0 0.0013613011105917394
652.0 0.001206209617521381
653.0 0.0010511180335015524
654.0 0.001145926580647938
655.0 0.0012407351277943235
656.0 0.0012357813830021769
657.0 0.0012308277291595004
658.0 0.0011432908650022
659.0 0.0010557543646427803
660.0 0.0009159135515801609
661.0 0.0007760727385175414
662.0 0.0009870411304291338
663.0 0.0011980097951891366
664.0 0.0012035988220304716
665.0 0.0012091876669728663
666.0 0.0011737623026419897
667.0 0.0011383365745132323
668.0 0.0011520505722728558
669.0 0.0011657646609819494
670.0 0.0011609282410063315
671.0 0.0011560918210307136
672.0 0.0011356613867974374
673.0 0.0011152306797157507
674.0 0.001048724243446486
675.0 0.000982217625278281
676.0 0.0009490709999226965
677.0 0.0009159241017187014
678.0 0.0010278427907906007
679.0 0.0011397615708119702
680.0 0.0011048316082451493
681.0 0.0010699015547288582
682.0 0.0010825044228113256
683.0 0.0010951071089948528
684.0 0.0010111492883879691
685.0 0.0009271913768316153
686.0 0.0010004562682297546
687.0 0.001073721159627894
688.0 0.0011101731615781318
689.0 0.0011466249816294294
690.0 0.0010770984772534575
691.0 0.0010075718819280155
692.0 0.0010109165486937854
693.0 0.0010142613064090256
694.0 0.0011159273526573088
695.0 0.0012175933079561219
696.0 0.0011820737199741416
697.0 0.0011465538591437507
698.0 0.0012677646736847237
699.0 0.0013889754882256966
700.0 0.0012187590073153842
701.0 0.0010485424354556017
702.0 0.0011446324606367853
703.0 0.0012407223039190285
704.0 0.0011888372682733461
705.0 0.0011369520507287234
706.0 0.0011238492334086914
707.0 0.0011107465070381295
708.0 0.0011339977390889544
709.0 0.0011572489711397793
710.0 0.0011956106391153298
711.0 0.0012339723980403505
712.0 0.0012198229342175182
713.0 0.0012056737432430964
714.0 0.0012187297215859871
715.0 0.0012317860637267586
716.0 0.001459559007344069
717.0 0.0016873322238097899
718.0 0.0019270775737822987
719.0 0.0021668229237548076
720.0 0.0018176862795371562
721.0 0.0014685495443700347
722.0 0.0016768985005910508
723.0 0.0018852477296604775
724.0 0.0018663038645172492
725.0 0.0018473599993740208
726.0 0.0019065113519900478
727.0 0.001965662704606075
728.0 0.0020367153410916217
729.0 0.0021077679775771685
730.0 0.0020443028915906325
731.0 0.001980837987503037
732.0 0.0018161450498155318
733.0 0.0016514521121280268
734.0 0.0014779327102587558
735.0 0.0013044134902884252
736.0 0.0012124612112529576
737.0 0.0011205086593690794
738.0 0.001090085606847424
739.0 0.001059662645275239
740.0 0.0009677930393081624
741.0 0.0008759233423916157
742.0 0.000805971649242565
743.0 0.0007360199106187792
744.0 0.0008963893378677312
745.0 0.0010567589924903587
746.0 0.0010324411960027646
747.0 0.0010081233995151706
748.0 0.0011080521289841272
749.0 0.001207980949402554
750.0 0.0010248041689919773
751.0 0.0008416277523792814
752.0 0.0008340512977156322
753.0 0.0008264749340014532
754.0 0.0009018403943628073
755.0 0.0009772059456736315
756.0 0.0009757316547620576
757.0 0.000974257545749424
758.0 0.0008581480869906954
759.0 0.0007420389465551125
760.0 0.0006505618330265861
761.0 0.0005590846285485895
762.0 0.0006614011454075808
763.0 0.0007637175258423667
764.0 0.0008038385203690268
765.0 0.0008439596967946272
766.0 0.0007798782462486997
767.0 0.0007157968411775073
768.0 0.0006064116405468667
769.0 0.0004970263489667559
770.0 0.0004286296189093264
771.0 0.0003602328206397942
772.0 0.0005635245543089695
773.0 0.0007668162652407773
774.0 0.0008562871698813979
775.0 0.0009457580745220184
776.0 0.0009057091119757388
777.0 0.000865660058479989
778.0 0.0007985478077898733
779.0 0.0007314356480492279
780.0 0.0006953822776267771
781.0 0.0006593289072043262
782.0 0.0005999899713060586
783.0 0.0005406508535088506
784.0 0.0006075260444049491
785.0 0.0006744011443515774
786.0 0.0006475561349361669
787.0 0.000620711398369167
788.0 0.0004518332389125135
789.0 0.0002829551021932275
790.0 0.0002496489059922169
791.0 0.0002163427097912063
792.0 0.00030168193916324526
793.0 0.0003870211457979167
794.0 0.00034689180665736785
795.0 0.00030676244477945147
796.0 0.0003714450258485158
797.0 0.00043612762965494767
798.0 0.00044727894419338554
799.0 0.0004584303042065585
800.0 0.0004999033535568742
801.0 0.0005413765393313952
802.0 0.00043084019125672057
803.0 0.00032030393413151614
804.0 0.0003097264198004268
805.0 0.00029914895094407257
806.0 0.00033802891721279593
807.0 0.0003769088380067842
808.0 0.0004401940714160446
809.0 0.000503479304825305
810.0 0.0003782518433581572
811.0 0.00025302440462837694
812.0 0.0003126196361336042
813.0 0.00037221479942672886
814.0 0.0004571282715915004
815.0 0.0005420417437562719
816.0 0.0005862421403435292
817.0 0.0006304424459813163
818.0 0.00053947069318383
819.0 0.00044849889491160866
820.0 0.0005739508651458891
821.0 0.0006994026989559643
822.0 0.0005694215815310599
823.0 0.00043944041863142047
824.0 0.00046113091229926795
825.0 0.00048282136049238034
826.0 0.0006197343282110523
827.0 0.0007566472049802542
828.0 0.0006679995749436785
829.0 0.0005793518539576326
830.0 0.00047948124120011926
831.0 0.00037961062844260596
832.0 0.0005740196684200782
833.0 0.0007684286174480803
834.0 0.0005908073944738135
835.0 0.0004131862169742817
836.0 0.0005447875082609244
837.0 0.0006763888904970372
838.0 0.0005518254511116538
839.0 0.0004272620572010055
840.0 0.0005426657480711583
841.0 0.0006580693479918409
842.0 0.0003726527666003676
843.0 8.723606015337282e-05
844.0 0.0001631152940717584
845.0 0.00023899458483356284
846.0 0.00047475414248765446
847.0 0.0007105138138285838
848.0 0.0005916934242122807
849.0 0.0004728730345959775
850.0 0.00044330649870971683
851.0 0.00041373991734872106
852.0 0.00046779423428233713
853.0 0.0005218482783675427
854.0 0.0005519049864233239
855.0 0.0005819615580548998
856.0 0.0005527151188289281
857.0 0.0005234687705524266
858.0 0.0005511373274202924
859.0 0.0005788058842881583
860.0 0.0005592039542534621
861.0 0.0005396020696935011
862.0 0.00048411379793833476
863.0 0.0004286255716579035
864.0 0.0004428737611306133
865.0 0.00045712190512858797
866.0 0.0005047450486017624
867.0 0.0005523682375496719
868.0 0.0006719544217048679
869.0 0.0007915406058600638
870.0 0.0006775685505999718
871.0 0.0005635963589156745
872.0 0.0003955599368055118
873.0 0.00022752337827114388
874.0 0.0003891203050443437
875.0 0.0005507172318175435
876.0 0.0006354041488521034
877.0 0.0007200910658866633
878.0 0.000701280623616185
879.0 0.0006824700903962366
880.0 0.0007397226454486372
881.0 0.0007969754733494483
882.0 0.0006853717877675081
883.0 0.0005737683750339784
884.0 0.0006181521712278482
885.0 0.0006625361947953934
886.0 0.0007070937499520369
887.0 0.0007516514870076207
888.0 0.0006326061793515692
889.0 0.0005135609626449877
890.0 0.0005206702098803362
891.0 0.0005277795935398899
892.0 0.0005302366389514646
893.0 0.0005326937753125094
894.0 0.0005268777385936119
895.0 0.0005210617018747143
896.0 0.00037886909467488294
897.0 0.00023667644200031646
898.0 0.0003274556547694374
899.0 0.00041823482206382323
900.0 0.0003599678393584327
901.0 0.0003017008339156746
902.0 0.0005646978934237268
903.0 0.0008276949301944114
904.0 0.0004915894805890275
905.0 0.0001554839059281221
906.0 0.0003800273589149583
