lsstCam/transmission_filter_detector/r23_s00/g_6/19700101T000000.ecsv
# %ECSV 1.0
# ---
# datatype:
# - {name: wavelength, unit: nm, datatype: float32}
# - {name: efficiency, unit: '%', datatype: float64}
# meta: !!omap
# - {MODE: DETECTOR}
# - {TYPE: transmission_filter_detector}
# - {CALIBDATE: '1970-01-01T00:00:00'}
# - {INSTRUME: LSSTCam}
# - {OBSTYPE: transmission_filter_detector}
# - {CALIBCLS: lsst.ip.isr.IntermediateFilterDetectorTransmissionCurve}
# - {SOURCE: Materion (DM-46256)}
# - {DETECTOR: 99}
# - {FILTER: g_6}
# - {CALIB_ID: 'calibDate=1970-01-01T00:00:00 filter=g_6 detector=99'}
# - {DATE: '2025-04-02T15:59:42.486830'}
# - {CALIB_CREATION_DATE: '2025-04-02'}
# - {CALIB_CREATION_TIME: '15:59:42'}
# - __serialized_columns__:
#     efficiency:
#       __class__: astropy.units.quantity.Quantity
#       unit: !astropy.units.Unit {unit: '%'}
#       value: !astropy.table.SerializedColumn {name: efficiency}
#     wavelength:
#       __class__: astropy.units.quantity.Quantity
#       unit: !astropy.units.Unit {unit: nm}
#       value: !astropy.table.SerializedColumn {name: wavelength}
# schema: astropy-2.0
wavelength efficiency
[from data line 608]
908.0 0.0004862100468017161
909.0 0.00036784940675715916
910.0 0.00037030129078630125
911.0 0.0003727531975528109
912.0 0.0005046226760896388
913.0 0.0006364921318890993
914.0 0.0004470311068871524
915.0 0.0002575700364104705
916.0 0.0002270827280881349
917.0 0.00019659537429106422
918.0 0.0002705488441279158
919.0 0.00034450229122739984
920.0 0.00046628097152279224
921.0 0.000588059583606082
922.0 0.0006676960310869617
923.0 0.0007473324785678415
924.0 0.0005561385478358716
925.0 0.0003649445261544315
926.0 0.0005069070084573468
927.0 0.0006488695362349972
928.0 0.0005672982752003008
929.0 0.0004857270141656045
930.0 0.0005043105829827255
931.0 0.0005228941063251114
932.0 0.0005349695584300207
933.0 0.0005470451014844002
934.0 0.0005460510692500975
935.0 0.000545057127965265
936.0 0.0005731194960389985
937.0 0.0006011819095874671
938.0 0.0007474250196537469
939.0 0.0008936681297200266
940.0 0.0007287164407898672
941.0 0.0005637646609102376
942.0 0.0007433823157043662
943.0 0.0009229999704984948
944.0 0.0007294977876881603
945.0 0.0005359955139283556
946.0 0.0005740920641983394
947.0 0.000612188568993588
948.0 0.0009079130904865451
949.0 0.0012036377484037075
950.0 0.0010639756510499865
951.0 0.0009243135536962654
952.0 0.0009727628821565304
953.0 0.0010212122106167953
954.0 0.0009428506018593907
955.0 0.0008644890840514563
956.0 0.0007790394192852546
957.0 0.0006935897090443177
958.0 0.0008207101927837357
959.0 0.0009478307219978888
960.0 0.0007975261723913718
961.0 0.0006472215318353847
962.0 0.0006577581643796293
963.0 0.000668294796923874
964.0 0.0006960729479033034
965.0 0.0007238510079332627
966.0 0.0007507114787586033
967.0 0.0007775718586344738
968.0 0.0007677994290133938
969.0 0.000758027044867049
970.0 0.0007521644420194207
971.0 0.0007463018391717924
972.0 0.0008322176654473878
973.0 0.0009181335371977184
974.0 0.0008710511792742182
975.0 0.0008239690941991284
976.0 0.0008673193406139035
977.0 0.0009106699508265592
978.0 0.0009811400559556205
979.0 0.001051610342983622
980.0 0.0010735451724031009
981.0 0.0010954800018225797
982.0 0.0010048997864942066
983.0 0.0009143193892668933
984.0 0.0009881710866466165
985.0 0.0010620230568747502
986.0 0.0011729059224308003
987.0 0.00128378860608791
988.0 0.0012502192475949414
989.0 0.0012166496162535623
990.0 0.0012648899428313598
991.0 0.0013131302694091573
992.0 0.0012489552318584174
993.0 0.0011847802852571476
994.0 0.0011946084669034462
995.0 0.001204436739499215
996.0 0.0011340567652950995
997.0 0.001063676882040454
998.0 0.0012489032997109462
999.0 0.0014341298083309084
1000.0 0.0013100558135192841
1001.0 0.0011859816368087195
1002.0 0.001192587660625577
1003.0 0.0011991935934929643
1004.0 0.0012000104106846265
1005.0 0.0012008271369268186
1006.0 0.001371809503325494
1007.0 0.0015427918697241694
1008.0 0.0016281292118947022
1009.0 0.0017134669178631157
1010.0 0.0018198041288997047
1011.0 0.0019261417037341744
1012.0 0.002088544351863675
1013.0 0.002250947363791056
1014.0 0.002256945299450308
1015.0 0.002262943598907441
1016.0 0.0025927653041435406
1017.0 0.0029225871912785806
1018.0 0.0031560386560158804
1019.0 0.00338948993885424
1020.0 0.0034775512176565826
1021.0 0.003565612860256806
1022.0 0.003948532321373932
1023.0 0.004331452146288939
1024.0 0.004456831084098667
1025.0 0.004582209658110514
1026.0 0.004811772669199854
1027.0 0.005041335680289194
1028.0 0.005038442759541795
1029.0 0.005035550202592276
1030.0 0.005209812297835015
1031.0 0.005384074029279873
1032.0 0.005648861770168878
1033.0 0.0059136495110578835
1034.0 0.00572355929762125
1035.0 0.005533469084184617
1036.0 0.005556839823839255
1037.0 0.005580210199696012
1038.0 0.0058182169595966116
1039.0 0.006056223355699331
1040.0 0.006444786413339898
1041.0 0.006833348743384704
1042.0 0.007057822949718684
1043.0 0.0072822964284569025
1044.0 0.007552812894573435
1045.0 0.007823328633094206
1046.0 0.008786714170128107
1047.0 0.009750098979566246
1048.0 0.011284771608188748
1049.0 0.012819442781619728
1050.0 0.015389655891340226
1051.0 0.0179598675458692
1052.0 0.02186354686273262
1053.0 0.025767230545170605
1054.0 0.030997031717561185
1055.0 0.036226832889951766
1056.0 0.04330937808845192
1057.0 0.05039192037656903
1058.0 0.05852578906342387
1059.0 0.06665964610874653
1060.0 0.07471919525414705
1061.0 0.0827787269372493
1062.0 0.091111398069188
1063.0 0.09944404009729624
1064.0 0.10664627188816667
1065.0 0.11384848039597273
1066.0 0.12183627113699913
1067.0 0.1298240851610899
1068.0 0.13816539430990815
1069.0 0.14650673838332295
1070.0 0.15613301657140255
1071.0 0.16575928311794996
1072.0 0.1753534423187375
1073.0 0.18494758987799287
1074.0 0.19483343930914998
1075.0 0.204719346947968
1076.0 0.21521050948649645
1077.0 0.2257016720250249
1078.0 0.2377103315666318
1079.0 0.24971894454210997
1080.0 0.2660637488588691
1081.0 0.2824085531756282
1082.0 0.31171494629234076
1083.0 0.3410213626921177
1084.0 0.3830182598903775
1085.0 0.42501515708863735
1086.0 0.46287099830806255
1087.0 0.5007268395274878
1088.0 0.5679680034518242
1089.0 0.6352091673761606
1090.0 0.7153131533414125
1091.0 0.7954171858727932
1092.0 0.8351370692253113
1093.0 0.874856673181057
1094.0 0.928462203592062
1095.0 0.9820674546062946
1096.0 1.0565835982561111
1097.0 1.1310999281704426
1098.0 1.2151477858424187
1099.0 1.2991959229111671
1100.0 1.5373654663562775
1101.0 1.775534637272358
