lsstCam/transmission_filter_detector/r10_s21/g_6/19700101T000000.ecsv
# %ECSV 1.0
# ---
# datatype:
# - {name: wavelength, unit: nm, datatype: float32}
# - {name: efficiency, unit: '%', datatype: float64}
# meta: !!omap
# - {MODE: DETECTOR}
# - {TYPE: transmission_filter_detector}
# - {CALIBDATE: '1970-01-01T00:00:00'}
# - {INSTRUME: LSSTCam}
# - {OBSTYPE: transmission_filter_detector}
# - {CALIBCLS: lsst.ip.isr.IntermediateFilterDetectorTransmissionCurve}
# - {SOURCE: Materion (DM-46256)}
# - {DETECTOR: 34}
# - {FILTER: g_6}
# - {CALIB_ID: 'calibDate=1970-01-01T00:00:00 filter=g_6 detector=34'}
# - {DATE: '2025-04-02T15:59:42.185282'}
# - {CALIB_CREATION_DATE: '2025-04-02'}
# - {CALIB_CREATION_TIME: '15:59:42'}
# - __serialized_columns__:
#     efficiency:
#       __class__: astropy.units.quantity.Quantity
#       unit: !astropy.units.Unit {unit: '%'}
#       value: !astropy.table.SerializedColumn {name: efficiency}
#     wavelength:
#       __class__: astropy.units.quantity.Quantity
#       unit: !astropy.units.Unit {unit: nm}
#       value: !astropy.table.SerializedColumn {name: wavelength}
# schema: astropy-2.0
wavelength efficiency
[from data line 609]
909.0 0.00040385803004028276
910.0 0.00032804839520395035
911.0 0.00025223876036761794
912.0 0.0004117880507692462
913.0 0.0005713374321203446
914.0 0.00031945248792908387
915.0 6.756762900295143e-05
916.0 0.00013835199297318468
917.0 0.00020913630578434095
918.0 0.00025441636353207286
919.0 0.0002996964212798048
920.0 0.00035611049042927334
921.0 0.000412524605053477
922.0 0.0005099329882796155
923.0 0.0006073413715057541
924.0 0.0005285784482111922
925.0 0.00044981543396716006
926.0 0.0005275265266391216
927.0 0.0006052378012100235
928.0 0.0005436972969619092
929.0 0.00048215683818852995
930.0 0.0005119748948345659
931.0 0.0005417930424300721
932.0 0.0005336417416401673
933.0 0.0005254904863249976
934.0 0.0004896507562079933
935.0 0.000453811071565724
936.0 0.00048059346227091737
937.0 0.0005073758075013757
938.0 0.0005557915756071452
939.0 0.0006042072982381796
940.0 0.000559049976800452
941.0 0.0005138925189385191
942.0 0.0006560060683113988
943.0 0.0007981196176842786
944.0 0.0006753982688678661
945.0 0.0005526767836272484
946.0 0.0004893877303402405
947.0 0.0004260986315784976
948.0 0.0008243509910244029
949.0 0.0012226036233187187
950.0 0.001032168984238524
951.0 0.0008417342542088591
952.0 0.0008435607924184296
953.0 0.0008453873306280002
954.0 0.0007988365723576862
955.0 0.0007522860414610477
956.0 0.0006473003850260284
957.0 0.0005423145012173336
958.0 0.0006800044047849951
959.0 0.0008176943083526567
960.0 0.0006595653303520521
961.0 0.0005014362159272423
962.0 0.0005785459507023916
963.0 0.0006556555945280707
964.0 0.0007182725767052034
965.0 0.0007808894224581309
966.0 0.0007898376679804642
967.0 0.0007987859135027975
968.0 0.0007369546892732615
969.0 0.0006751235105184605
970.0 0.0006972076789679704
971.0 0.0007192919383669505
972.0 0.000810437722975621
973.0 0.0009015835530590266
974.0 0.0008176479241228662
975.0 0.0007337127044593217
976.0 0.0008017390427994542
977.0 0.0008697656085132621
978.0 0.0009618703188607469
979.0 0.0010539750292082317
980.0 0.001062406681739958
981.0 0.0010708384252211545
982.0 0.0009863070772553328
983.0 0.000901775638340041
984.0 0.0008934612196753733
985.0 0.0008851470738591161
986.0 0.0011158610504935496
987.0 0.0013465749361785129
988.0 0.0013664063772012014
989.0 0.001386237363476539
990.0 0.001461077499698149
991.0 0.0015359177268692292
992.0 0.0015431172869284637
993.0 0.0015503170288866386
994.0 0.0014810842003498692
995.0 0.0014118512808636297
996.0 0.0013025841326452792
997.0 0.0011933168934774585
998.0 0.0013451697668642737
999.0 0.0014970225493016187
1000.0 0.0014171053408063017
1001.0 0.0013371879504120443
1002.0 0.001260960016224999
1003.0 0.0011847321729874238
1004.0 0.001162372609542217
1005.0 0.0011400129551475402
1006.0 0.0013896730706619564
1007.0 0.0016393332771258429
1008.0 0.001637425521039404
1009.0 0.0016355183106497861
1010.0 0.0017420110452803783
1011.0 0.0018485043256077915
1012.0 0.0019677494492498226
1013.0 0.002086995118588675
1014.0 0.002106314968841616
1015.0 0.002125635182892438
1016.0 0.0024408622266491875
1017.0 0.0027560894523048773
1018.0 0.002962922189908568
1019.0 0.0031697549275122583
1020.0 0.0032314866984961554
1021.0 0.0032932184694800526
1022.0 0.0035582492273533717
1023.0 0.0038232803490245715
1024.0 0.004052749136462808
1025.0 0.004282217923901044
1026.0 0.004355461351224221
1027.0 0.004428704778547399
1028.0 0.004454557711142115
1029.0 0.004480410643736832
1030.0 0.00468258403998334
1031.0 0.004884756708634086
1032.0 0.0052375387895153835
1033.0 0.0055903205065988
1034.0 0.005435807179310359
1035.0 0.005281293852021918
1036.0 0.005380690345191397
1037.0 0.005480086838360876
1038.0 0.00573383949813433
1039.0 0.005987592157907784
1040.0 0.006386745371855795
1041.0 0.006785897858208045
1042.0 0.006979788304306567
1043.0 0.007173677295213565
1044.0 0.007328647916438058
1045.0 0.007483617082471028
1046.0 0.008544117008568719
1047.0 0.00960461693466641
1048.0 0.011018510849680752
1049.0 0.012432402581907809
1050.0 0.01487461559008807
1051.0 0.01731682423269376
1052.0 0.02100099518429488
1053.0 0.024685170501470566
1054.0 0.029527294100262225
1055.0 0.034369417699053884
1056.0 0.04120361409150064
1057.0 0.048037804663181305
1058.0 0.05569687345996499
1059.0 0.0633559306152165
1060.0 0.07083012023940682
1061.0 0.0783042749390006
1062.0 0.08541641291230917
1063.0 0.09252852178178728
1064.0 0.09779842803254724
1065.0 0.10306831682100892
1066.0 0.10832162806764245
1067.0 0.11357493931427598
1068.0 0.11972780339419842
1069.0 0.1258807023987174
1070.0 0.13599070953205228
1071.0 0.14610070502385497
1072.0 0.15934585826471448
1073.0 0.17259096493944526
1074.0 0.18706000410020351
1075.0 0.20152910146862268
1076.0 0.21517963614314795
1077.0 0.22883014753460884
1078.0 0.24292985908687115
1079.0 0.2570295240730047
1080.0 0.2740890486165881
1081.0 0.29114854987710714
1082.0 0.31833837274461985
1083.0 0.34552819561213255
1084.0 0.3838160540908575
1085.0 0.42210398241877556
1086.0 0.45716045424342155
1087.0 0.492217019200325
1088.0 0.5564969498664141
1089.0 0.6207768805325031
1090.0 0.6986326538026333
1091.0 0.7764884270727634
1092.0 0.8061984553933144
1093.0 0.8359082043170929
1094.0 0.8727411739528179
1095.0 0.9095737710595131
1096.0 0.9541232138872147
1097.0 0.9986729361116886
1098.0 1.0193987749516964
1099.0 1.040124800056219
1100.0 1.198661420494318
1101.0 1.3571977615356445
