lsstCam/transmission_filter_detector/r10_s21/g_6/19700101T000000.ecsv
# %ECSV 1.0
# ---
# datatype:
# - {name: wavelength, unit: nm, datatype: float32}
# - {name: efficiency, unit: '%', datatype: float64}
# meta: !!omap
# - {MODE: DETECTOR}
# - {TYPE: transmission_filter_detector}
# - {CALIBDATE: '1970-01-01T00:00:00'}
# - {INSTRUME: LSSTCam}
# - {OBSTYPE: transmission_filter_detector}
# - {CALIBCLS: lsst.ip.isr.IntermediateFilterDetectorTransmissionCurve}
# - {SOURCE: Materion (DM-46256)}
# - {DETECTOR: 34}
# - {FILTER: g_6}
# - {CALIB_ID: 'calibDate=1970-01-01T00:00:00 filter=g_6 detector=34'}
# - {DATE: '2025-04-02T15:59:42.185282'}
# - {CALIB_CREATION_DATE: '2025-04-02'}
# - {CALIB_CREATION_TIME: '15:59:42'}
# - __serialized_columns__:
#     efficiency:
#       __class__: astropy.units.quantity.Quantity
#       unit: !astropy.units.Unit {unit: '%'}
#       value: !astropy.table.SerializedColumn {name: efficiency}
#     wavelength:
#       __class__: astropy.units.quantity.Quantity
#       unit: !astropy.units.Unit {unit: nm}
#       value: !astropy.table.SerializedColumn {name: wavelength}
# schema: astropy-2.0
wavelength efficiency
300.0 0.5008993670344353
301.0 0.37089285906404257
302.0 0.2408862579613924
303.0 0.2176255453377962
304.0 0.19436480943113565
305.0 0.20289062522351742
306.0 0.21141641773283482
307.0 0.2166374120861292
308.0 0.2218583831563592
309.0 0.22173395846039057
310.0 0.22160958033055067
311.0 0.2129406202584505
312.0 0.20427170675247908
313.0 0.2022195141762495
314.0 0.20016729831695557
315.0 0.18908873898908496
316.0 0.17801020294427872
317.0 0.1758124795742333
318.0 0.17361477948725224
319.0 0.15940084122121334
320.0 0.1451868680305779
321.0 0.1407686504535377
322.0 0.1363504328764975
323.0 0.11601059231907129
324.0 0.09567079250700772
325.0 0.08728088578209281
326.0 0.07889097323641181
327.0 0.07291602087207139
328.0 0.06694106268696487
329.0 0.06347468588501215
330.0 0.06000830908305943
331.0 0.05503671709448099
332.0 0.05006512510590255
333.0 0.046878965804353356
334.0 0.043692809413187206
335.0 0.04234137595631182
336.0 0.04098993958905339
337.0 0.041600619442760944
338.0 0.04221129638608545
339.0 0.04085528780706227
340.0 0.03949928213842213
341.0 0.03761775733437389
342.0 0.03573623253032565
343.0 0.032249660580419004
344.0 0.02876308572012931
345.0 0.025614196783863008
346.0 0.022465306392405182
347.0 0.02120186109095812
348.0 0.01993841287912801
349.0 0.018243736121803522
350.0 0.7124973926693201
351.0 1.1602743528783321
352.0 0.9391202591359615
353.0 0.9285143576562405
354.0 0.5328776780515909
355.0 0.998325552791357
356.0 0.8517718873918056
357.0 0.857085082679987
358.0 0.49427575431764126
359.0 0.8472984656691551
360.0 0.5800013430416584
361.0 0.7788706570863724
362.0 0.5497765261679888
363.0 0.554130133241415
364.0 0.4658237099647522
365.0 0.6584758404642344
366.0 0.4051593132317066
367.0 0.657588941976428
368.0 0.389878754504025
369.0 0.5679918453097343
370.0 0.39235539734363556
371.0 0.5359732545912266
372.0 0.5233339499682188
373.0 0.6045105867087841
374.0 0.3921875264495611
375.0 0.46399282291531563
376.0 0.2738751005381346
377.0 0.50487513653934
378.0 0.3371038241311908
379.0 0.5666476208716631
380.0 0.3439187305048108
381.0 0.5066754762083292
382.0 0.509977713227272
383.0 0.605552177876234
384.0 0.5839570425450802
385.0 0.6172159221023321
386.0 0.6452683359384537
387.0 0.7442341186106205
388.0 0.9510580450296402
389.0 1.2603671289980412
390.0 1.811901293694973
391.0 2.7561986818909645
392.0 4.380981624126434
393.0 6.9680944085121155
394.0 10.413584113121033
395.0 15.066371858119965
396.0 20.8729088306427
397.0 28.250399231910706
398.0 36.61949932575226
399.0 45.86189389228821
400.0 55.23841977119446
401.0 64.23585414886475
402.0 72.41873741149902
403.0 79.408198595047
404.0 84.53444838523865
405.0 88.37659358978271
406.0 90.51154255867004
407.0 92.23253130912781
408.0 93.20335984230042
409.0 93.7006950378418
410.0 93.85038018226624
411.0 93.73692870140076
412.0 93.39812994003296
413.0 93.2367205619812
414.0 93.00180673599243
415.0 93.22385787963867
416.0 93.53445768356323
417.0 93.86199712753296
418.0 94.31450366973877
419.0 94.8689877986908
420.0 95.43026089668274
421.0 95.90691924095154
422.0 96.12099528312683
423.0 96.31873369216919
424.0 96.11702561378479
425.0 96.08034491539001
426.0 96.06228470802307
427.0 96.04538083076477
428.0 95.88854908943176
429.0 95.78214883804321
430.0 95.62915563583374
431.0 95.74878811836243
432.0 95.72574496269226
433.0 95.77862024307251
434.0 95.89024186134338
435.0 96.0436999797821
436.0 96.07572555541992
437.0 96.11441493034363
438.0 96.10903263092041
439.0 96.17961645126343
440.0 96.1723268032074
441.0 96.31458520889282
442.0 96.2592601776123
443.0 96.29262089729309
444.0 96.19985222816467
445.0 95.91675996780396
446.0 95.84751725196838
447.0 95.55134773254395
448.0 95.6087589263916
449.0 95.78469395637512
450.0 95.96589207649231
451.0 96.17543816566467
452.0 96.33200168609619
453.0 96.47912979125977
454.0 96.5600848197937
455.0 96.83204293251038
456.0 96.98278307914734
457.0 97.17048406600952
458.0 97.10965156555176
459.0 97.12128043174744
460.0 97.14661836624146
461.0 97.24699258804321
462.0 97.20980525016785
463.0 97.10562229156494
464.0 97.22310900688171
465.0 97.1462607383728
466.0 97.05988764762878
467.0 97.12010025978088
468.0 97.13547825813293
469.0 97.1906840801239
470.0 97.01117873191833
471.0 96.93283438682556
472.0 96.9637393951416
473.0 96.90014123916626
474.0 96.82825803756714
475.0 96.84758186340332
476.0 96.82177305221558
477.0 96.8712866306305
478.0 97.00044989585876
479.0 97.00731039047241
480.0 97.15777635574341
481.0 97.24472761154175
482.0 97.43584394454956
483.0 97.32286334037781
484.0 97.51030802726746
485.0 97.57962822914124
486.0 97.60237336158752
487.0 97.66272902488708
488.0 97.63391017913818
489.0 97.70128726959229
490.0 97.68350720405579
491.0 97.7845311164856
492.0 97.67155647277832
493.0 97.66358733177185
494.0 97.61294722557068
495.0 97.66671657562256
496.0 97.50544428825378
497.0 97.43536710739136
498.0 97.24414348602295
499.0 97.28288054466248
500.0 97.27144837379456
501.0 97.19622135162354
502.0 97.10104465484619
503.0 97.30013012886047
504.0 97.13694453239441
505.0 97.08333611488342
506.0 97.1173107624054
507.0 97.05678224563599
508.0 97.12416529655457
509.0 97.09805846214294
510.0 97.05889821052551
511.0 97.00473546981812
512.0 96.9246506690979
513.0 97.01380729675293
514.0 96.98269963264465
515.0 97.0405638217926
516.0 97.07820415496826
517.0 97.08842039108276
518.0 97.17162847518921
519.0 97.22329378128052
520.0 97.23854064941406
521.0 97.31513857841492
522.0 97.36578464508057
523.0 97.32566475868225
524.0 97.34188318252563
525.0 97.32412695884705
526.0 97.40538001060486
527.0 97.4272072315216
528.0 97.4976658821106
529.0 97.53347635269165
530.0 97.59599566459656
531.0 97.7046251296997
532.0 97.5820243358612
533.0 97.59888052940369
534.0 97.54025936126709
535.0 97.34536409378052
536.0 96.98641896247864
537.0 96.42821550369263
538.0 95.6384003162384
539.0 94.25192475318909
540.0 92.49741435050964
541.0 89.85011577606201
542.0 87.09912300109863
543.0 83.44410061836243
544.0 78.91896963119507
545.0 74.91050362586975
546.0 70.03451585769653
547.0 65.53362607955933
548.0 61.04382872581482
549.0 57.00458884239197
550.0 53.80604863166809
551.0 50.688374042510986
552.0 48.28723073005676
553.0 45.73074281215668
554.0 42.81206727027893
555.0 39.588043093681335
556.0 35.3599488735199
557.0 30.508434772491455
558.0 25.1909077167511
559.0 19.959910213947296
560.0 14.897143840789795
561.0 10.190236568450928
562.0 6.558217853307724
563.0 3.877071663737297
564.0 2.1368401125073433
565.0 1.0396444238722324
566.0 0.5396565888077021
567.0 0.2766824094578624
568.0 0.17518254462629557
569.0 0.10423605563119054
570.0 0.08317848551087081
571.0 0.05069976905360818
572.0 0.05236935103312135
573.0 0.029434246243909
574.0 0.03670870792120695
575.0 0.02655009739100933
576.0 0.029193010414019227
577.0 0.028898153686895967
578.0 0.03655297914519906
579.0 0.02865202841348946
580.0 0.020439877698663622
581.0 0.023604041780345142
582.0 0.025866058422252536
583.0 0.016041203343775123
584.0 0.02554167585913092
585.0 0.018018098489847034
586.0 0.02009139716392383
587.0 0.010337598359910771
588.0 0.01604339195182547
589.0 0.012505413906183094
590.0 0.01066260738298297
591.0 0.009109071834245697
592.0 0.015783979324623942
593.0 0.009004061575978994
594.0 0.019953081209678203
595.0 0.011406881094444543
596.0 0.010462001955602318
597.0 0.011494196223793551
598.0 0.0079448836913798
599.0 0.013215294166002423
600.0 0.00743060591048561
601.0 0.0022752716176910326
602.0 0.002377444616286084
603.0 0.002479617432982195
604.0 0.0022260233890847303
605.0 0.0019724289813893847
606.0 0.002000867789320182
607.0 0.0020293062334530987
608.0 0.0018169717804994434
609.0 0.0016046373275457881
610.0 0.0018107213691109791
611.0 0.002016804864979349
612.0 0.0019001863620360382
613.0 0.0017835680409916677
614.0 0.001795567004592158
615.0 0.0018075665138894692
616.0 0.001919083297252655
617.0 0.002030600080615841
618.0 0.0018688751879381016
619.0 0.001707150113361422
620.0 0.0016942252841545269
621.0 0.0016813002730486915
622.0 0.0015654626622563228
623.0 0.0014496248695650138
624.0 0.0014760545127501246
625.0 0.0015024844287836459
626.0 0.0013932287401985377
627.0 0.00128397332446184
628.0 0.0014105224181548692
629.0 0.001537071875645779
630.0 0.0013948080777481664
631.0 0.001252543916052673
632.0 0.0013705917808692902
633.0 0.0014886391909385566
634.0 0.0014306565390143078
635.0 0.0013726734323427081
636.0 0.0013327023225429002
637.0 0.0012927316674904432
638.0 0.001180753042717697
639.0 0.0010687745088944212
640.0 0.001083633651433047
641.0 0.0010984927030222025
642.0 0.0013317258890310768
643.0 0.0015649591659894213
644.0 0.001429101303074276
645.0 0.0012932432582601905
646.0 0.0012523364603111986
647.0 0.0012114295714127365
648.0 0.0010982781532220542
649.0 0.0009851264621829614
650.0 0.0012544229321065359
651.0 0.0015237188563332893
652.0 0.0012287571735214442
653.0 0.0009337953997601289
654.0 0.0010567097888269927
655.0 0.0011796242688433267
656.0 0.0011794337297033053
657.0 0.0011792431905632839
658.0 0.0010922808542090934
659.0 0.0010053189726022538
660.0 0.0009498954568698537
661.0 0.0008944721230363939
662.0 0.0010303209819539916
663.0 0.0011661700227705296
664.0 0.0012283365322218742
665.0 0.001290502586925868
666.0 0.0011405019904486835
667.0 0.0009905012120725587
668.0 0.001094103299692506
669.0 0.0011977053873124532
670.0 0.001186075314763002
671.0 0.001174445242213551
672.0 0.0011684473065542988
673.0 0.0011624490980466362
674.0 0.0011270145478192717
675.0 0.0010915797247434966
676.0 0.001034536489896709
677.0 0.0009774928003025707
678.0 0.0010628500604070723
679.0 0.001148207411461044
680.0 0.0010532890883041546
681.0 0.000958370765147265
682.0 0.0010059819942398462
683.0 0.001053592950484017
684.0 0.0009485245755058713
685.0 0.0008434561095782556
686.0 0.0010410670256533194
687.0 0.0012386779417283833
688.0 0.0011622278179856949
689.0 0.0010857778761419468
690.0 0.0009955397217709105
691.0 0.0009053014764504042
692.0 0.000916341468837345
693.0 0.0009273815521737561
694.0 0.0010396785910415929
695.0 0.0011519756299094297
696.0 0.0011531177733559161
697.0 0.0011542594620550517
698.0 0.0012839959708799142
699.0 0.0014137323887553066
700.0 0.0011893701412191149
701.0 0.0009650076208345126
702.0 0.0010824797755049076
703.0 0.0011999517482763622
704.0 0.001192577383335447
705.0 0.0011852025636471808
706.0 0.001158423037850298
707.0 0.0011316436939523555
708.0 0.0010613640370138455
709.0 0.0009910844710248057
710.0 0.0011217648534511682
711.0 0.0012524455996754114
712.0 0.0012183559192635585
713.0 0.001184266420750646
714.0 0.00122454339361866
715.0 0.0012648206393350847
716.0 0.0014642871974501759
717.0 0.0016637541193631478
718.0 0.0019356084521859884
719.0 0.0022074626031098887
720.0 0.0018256741896038875
721.0 0.0014438858670473564
722.0 0.0015593886928400025
723.0 0.001674891791481059
724.0 0.0016621035683783703
725.0 0.0016493153452756815
726.0 0.0017390366338077001
727.0 0.0018287579223397188
728.0 0.0018995158825418912
729.0 0.0019702736608451232
730.0 0.0019844481357722543
731.0 0.001998622428800445
732.0 0.00189932034118101
733.0 0.0018000184354605153
734.0 0.001527530184830539
735.0 0.0012550422979984432
736.0 0.001149309809989063
737.0 0.0010435772310302127
738.0 0.0010450364243297372
739.0 0.0010464956176292617
740.0 0.0009049134860106278
741.0 0.0007633311724930536
742.0 0.0007837511475372594
743.0 0.0008041711225814652
744.0 0.0009238826351065654
745.0 0.001043594329530606
746.0 0.0010055598977487534
747.0 0.0009675254659669008
748.0 0.0010912447578448337
749.0 0.0012149641406722367
750.0 0.0010436670891067479
751.0 0.0008723704013391398
752.0 0.000790172543929657
753.0 0.0007079747774696443
754.0 0.000819711567601189
755.0 0.0009314482667832635
756.0 0.0009006032087199856
757.0 0.0008697580597072374
758.0 0.00087038524725358
759.0 0.0008710127076483332
760.0 0.0007185379672591807
761.0 0.0005660631813952932
762.0 0.0005928052814851981
763.0 0.0006195472451508977
764.0 0.000741910935175838
765.0 0.0008642748980491888
766.0 0.0007495426416426199
767.0 0.000634810430710786
768.0 0.000603461603532196
769.0 0.000572112776353606
770.0 0.0004295583494240418
771.0 0.0002870039679692127
772.0 0.00050164280764875
773.0 0.0007162818747019628
774.0 0.000812734378996538
775.0 0.0009091869287658483
776.0 0.0008612712008471135
777.0 0.0008133553819789086
778.0 0.0007595408533234149
779.0 0.0007057264156173915
780.0 0.000667226277073496
781.0 0.0006287260930548655
782.0 0.0005888412488275208
783.0 0.0005489562681759708
784.0 0.0006899299023643835
785.0 0.000830903445603326
786.0 0.000768291465647053
787.0 0.0007056797585391905
788.0 0.00045923366087663453
789.0 0.00021278763142618118
790.0 0.00018136092876375187
791.0 0.00014993419199527125
792.0 0.0002557981133577414
793.0 0.0003616620460888953
794.0 0.0003214265007045469
795.0 0.00028119095532019855
796.0 0.00037660906855307985
797.0 0.0004720272045233287
798.0 0.0005203475211601472
799.0 0.0005686678377969656
800.0 0.0005397594577516429
801.0 0.0005108512596052606
802.0 0.0004419424385559978
803.0 0.0003730337084562052
804.0 0.0002917955725934007
805.0 0.00021055752768006641
806.0 0.0002806631755447597
807.0 0.00035076882340945303
808.0 0.00039458645915146917
809.0 0.0004384040948934853
810.0 0.00036460689898376586
811.0 0.0002908096348619438
812.0 0.0002725298145378474
813.0 0.00025424994873901596
814.0 0.00032139928407559637
815.0 0.00038854859667480923
816.0 0.0004990972229279578
817.0 0.0006096457582316361
818.0 0.0004553014605335193
819.0 0.0003009571628354024
820.0 0.00039671463127888273
821.0 0.0004924720087728929
822.0 0.00039795022530597635
823.0 0.0003034284418390598
824.0 0.00039979713619686663
825.0 0.0004961657396052033
826.0 0.0006057790415070485
827.0 0.0007153922524594236
828.0 0.0006343932909658179
829.0 0.000553394283997477
830.0 0.00046018485591048375
831.0 0.0003669753823487554
832.0 0.0005584945483860793
833.0 0.0007500135779991979
834.0 0.0006456267328758258
835.0 0.0005412398877524538
836.0 0.0005645713372359751
837.0 0.0005879028321942315
838.0 0.0005070359748060582
839.0 0.00042616920836735517
840.0 0.0005267650976747973
841.0 0.0006273608505580341
842.0 0.0003454510533629218
843.0 6.354117090268119e-05
844.0 0.00011209415333723882
845.0 0.00016064715282482211
846.0 0.0004161297056270996
847.0 0.0006716124062222661
848.0 0.0006115876658441266
849.0 0.0005515629709407222
850.0 0.0005679647983924951
851.0 0.000584366534894798
852.0 0.0006287031283136457
853.0 0.0006730393579346128
854.0 0.0006523688171000686
855.0 0.0006316981398413191
856.0 0.0006236516583157936
857.0 0.0006156052222650032
858.0 0.0006142048277979484
859.0 0.0006128044333308935
860.0 0.0005598435109277489
861.0 0.0005068825430498691
862.0 0.0005256154963717563
863.0 0.0005443484951683786
864.0 0.0004655232714867452
865.0 0.00038669809327984694
866.0 0.00042251995182596147
867.0 0.000458341810372076
868.0 0.0006036336344550364
869.0 0.0007489254585379967
870.0 0.0006368592039507348
871.0 0.0005247928129392676
872.0 0.00041499924918753095
873.0 0.0003052055262742215
874.0 0.0003778026666623191
875.0 0.00045039982978778426
876.0 0.0005668016910931328
877.0 0.0006832035523984814
878.0 0.000660094656268484
879.0 0.0006369857146637514
880.0 0.0006122494596638717
881.0 0.0005875134775124025
882.0 0.0004822379651159281
883.0 0.0003769627483052318
884.0 0.00047410044317075517
885.0 0.0005712382517231163
886.0 0.0006977361408644356
887.0 0.0008242342119046953
888.0 0.0006325623417069437
889.0 0.0004408905624586623
890.0 0.000504008221469121
891.0 0.0005671260169037851
892.0 0.0005215127657720586
893.0 0.0004758996055898024
894.0 0.0004718786385637941
895.0 0.0004678577170125209
896.0 0.0002636276349221589
897.0 5.939753577877127e-05
898.0 0.00016089192058643675
899.0 0.0002623862883410766
900.0 0.0003184050910931546
901.0 0.00037442389384523267
902.0 0.0005253661129245302
903.0 0.0006763083092664601
904.0 0.00040145041566574946
905.0 0.0001265923970095173
906.0 0.0003268372438469669
907.0 0.0005270820565783652
