lsstCam/transmission_filter_detector/r22_s21/u_24/19700101T000000.ecsv
# %ECSV 1.0
# ---
# datatype:
# - {name: wavelength, unit: nm, datatype: float32}
# - {name: efficiency, unit: '%', datatype: float64}
# meta: !!omap
# - {MODE: DETECTOR}
# - {TYPE: transmission_filter_detector}
# - {CALIBDATE: '1970-01-01T00:00:00'}
# - {INSTRUME: LSSTCam}
# - {OBSTYPE: transmission_filter_detector}
# - {CALIBCLS: lsst.ip.isr.IntermediateFilterDetectorTransmissionCurve}
# - {SOURCE: Materion (DM-46256)}
# - {DETECTOR: 97}
# - {FILTER: u_24}
# - {CALIB_ID: 'calibDate=1970-01-01T00:00:00 filter=u_24 detector=97'}
# - {DATE: '2025-04-02T15:59:40.198192'}
# - {CALIB_CREATION_DATE: '2025-04-02'}
# - {CALIB_CREATION_TIME: '15:59:40'}
# - __serialized_columns__:
#     efficiency:
#       __class__: astropy.units.quantity.Quantity
#       unit: !astropy.units.Unit {unit: '%'}
#       value: !astropy.table.SerializedColumn {name: efficiency}
#     wavelength:
#       __class__: astropy.units.quantity.Quantity
#       unit: !astropy.units.Unit {unit: nm}
#       value: !astropy.table.SerializedColumn {name: wavelength}
# schema: astropy-2.0
wavelength efficiency
[from data line 587]
882.0 0.002454420791764278
883.0 0.002328184200450778
884.0 0.002201947609137278
885.0 0.0023234104446601123
886.0 0.0024448732801829465
887.0 0.0022860956960357726
888.0 0.0021273181118885987
889.0 0.0021627527530654334
890.0 0.002198187394242268
891.0 0.00239697201322997
892.0 0.0025957566322176717
893.0 0.0025231662220903672
894.0 0.0024505758119630627
895.0 0.002664170642674435
896.0 0.002877765473385807
897.0 0.0032621072023175657
898.0 0.0036464491131482646
899.0 0.003863111123791896
900.0 0.004079773134435527
901.0 0.00424314130214043
902.0 0.0044065091060474515
903.0 0.004624264329322614
904.0 0.004842019552597776
905.0 0.005038136805524118
906.0 0.0052342540584504604
907.0 0.005349240018404089
908.0 0.005464225978357717
909.0 0.005398462963057682
910.0 0.005332699583959766
911.0 0.005234501077211462
912.0 0.005136302570463158
913.0 0.005015256101614796
914.0 0.004894209268968552
915.0 0.0045347427658271044
916.0 0.004175276626483537
917.0 0.004111574526177719
918.0 0.004047872789669782
919.0 0.004264749077265151
920.0 0.004481624637264758
921.0 0.0045848624722566456
922.0 0.004688100307248533
923.0 0.005192857133806683
924.0 0.005697612505173311
925.0 0.006098367157392204
926.0 0.006499122537206858
927.0 0.007066956459311768
928.0 0.007634790381416678
929.0 0.007716209802310914
930.0 0.007797628495609388
931.0 0.007827259105397388
932.0 0.007856888259993866
933.0 0.0078071294410619885
934.0 0.007757370622130111
935.0 0.00779277688707225
936.0 0.007828180969227105
937.0 0.007446319068549201
938.0 0.007064458623062819
939.0 0.006717898941133171
940.0 0.006371339259203523
941.0 0.005371541192289442
942.0 0.004371742033981718
943.0 0.0036631274269893765
944.0 0.002954512819997035
945.0 0.0027215104637434706
946.0 0.0024885082893888466
947.0 0.0020744029825436883
948.0 0.0016602974937995896
949.0 0.0014521012417390011
950.0 0.0012439047168300021
951.0 0.0013817674698657356
952.0 0.0015196300410025287
953.0 0.0016649904864607379
954.0 0.0018103508409694768
955.0 0.0020891679014312103
956.0 0.0023679847799940035
957.0 0.0026308369342586957
958.0 0.002893688724725507
959.0 0.003153787474730052
960.0 0.003413885860936716
961.0 0.003931831452064216
962.0 0.004449777043191716
963.0 0.0044761793105863035
964.0 0.004502581941778772
965.0 0.004728697604150511
966.0 0.004954813630320132
967.0 0.004968230132362805
968.0 0.004981646270607598
969.0 0.004861791603616439
970.0 0.00474193730042316
971.0 0.004640379847842269
972.0 0.004538821667665616
973.0 0.004283327507437207
974.0 0.0040278326196130365
975.0 0.0038684840546920896
976.0 0.003709135125973262
977.0 0.003161507993354462
978.0 0.0026138803150388412
979.0 0.0025699531761347316
980.0 0.002526026037230622
981.0 0.0026111711122212
982.0 0.0026963163691107184
983.0 0.0028719879992422648
984.0 0.003047659629373811
985.0 0.003277662835898809
986.0 0.0035076667700195685
987.0 0.0037863810575800017
988.0 0.0040650957089383155
989.0 0.0046369888877961785
990.0 0.005208881702856161
991.0 0.005696568041457795
992.0 0.006184254016261548
993.0 0.006279773515416309
994.0 0.006375291559379548
995.0 0.006354761717375368
996.0 0.006334230420179665
997.0 0.006093387128203176
998.0 0.005852544927620329
999.0 0.00620267164777033
1000.0 0.006552795093739405
1001.0 0.0065080988861154765
1002.0 0.006463402678491548
1003.0 0.00608784393989481
1004.0 0.005712285928893834
1005.0 0.005367197445593774
1006.0 0.005022108598495834
1007.0 0.005032249100622721
1008.0 0.00504239033034537
1009.0 0.004641818304662593
1010.0 0.004241246642777696
1011.0 0.0036754827306140214
1012.0 0.0031097191822482273
1013.0 0.0027334483093000017
1014.0 0.0023571772544528358
1015.0 0.0019206816432415508
1016.0 0.0014841860320302658
1017.0 0.0013885490261600353
1018.0 0.0012929119293403346
1019.0 0.0009929432962962892
1020.0 0.0006929744813533034
1021.0 0.001003367106022779
1022.0 0.0013137597306922544
1023.0 0.0013616309843200725
1024.0 0.0014095023288973607
1025.0 0.00135253440021188
1026.0 0.0012955666534253396
1027.0 0.0014040946552995592
1028.0 0.0015126222933758982
1029.0 0.0014838217794022057
1030.0 0.0014550212654285133
1031.0 0.0015729174265288748
1032.0 0.0016908135876292363
1033.0 0.0015034401258162688
1034.0 0.0013160663911548909
1035.0 0.0015568299204460345
1036.0 0.001797593358787708
1037.0 0.0018639171685208566
1038.0 0.0019302409782540053
1039.0 0.0017553216821397655
1040.0 0.001580402567924466
1041.0 0.0016525129467481747
1042.0 0.0017246235074708238
1043.0 0.0018186739907832816
1044.0 0.0019127248378936201
1045.0 0.0017853504687082022
1046.0 0.0016579762814217247
1047.0 0.0015345252904808149
1048.0 0.0014110740266914945
1049.0 0.001700503344181925
1050.0 0.0019899325707228854
1051.0 0.002048659007414244
1052.0 0.002107385444105603
1053.0 0.0020030502128065564
1054.0 0.0018987147996085696
1055.0 0.001713911842671223
1056.0 0.0015291088857338764
1057.0 0.001089045235858066
1058.0 0.0006489814040833153
1059.0 0.0005382108611229341
1060.0 0.00042744050006149337
1061.0 0.0004991143214283511
1062.0 0.0005707882792194141
1063.0 0.0008461234756396152
1064.0 0.0011214587175345514
1065.0 0.0012787045307049993
1066.0 0.0014359505257743876
1067.0 0.0012711322597169783
1068.0 0.0011063138117606286
1069.0 0.001374780731566716
1070.0 0.0016432475604233332
1071.0 0.0022409429220715538
1072.0 0.0028386382837197743
1073.0 0.0028160915462649427
1074.0 0.002793544808810111
1075.0 0.002767169826256577
1076.0 0.0027407946618041024
1077.0 0.002247502743557561
1078.0 0.0017542106434120797
1079.0 0.0030504155802191235
1080.0 0.004346619971329346
1081.0 0.0038356069126166403
1082.0 0.003324595309095457
1083.0 0.003897149144904688
1084.0 0.004469702616916038
1085.0 0.003798361649387516
1086.0 0.0031270210456568748
1087.0 0.003907129939761944
1088.0 0.004687239197664894
1089.0 0.005281010453472845
1090.0 0.005874781345482916
1091.0 0.004803714909940027
1092.0 0.0037326488381950185
1093.0 0.003432794619584456
1094.0 0.0031329396733781323
1095.0 0.0037596997572109103
1096.0 0.004386460204841569
1097.0 0.00390653258364182
1098.0 0.003426605326239951
1099.0 0.0016991261873045005
1100.0 1.571931603980281e-10
