lsstCam/transmission_filter_detector/r22_s21/u_24/19700101T000000.ecsv
# %ECSV 1.0
# ---
# datatype:
# - {name: wavelength, unit: nm, datatype: float32}
# - {name: efficiency, unit: '%', datatype: float64}
# meta: !!omap
# - {MODE: DETECTOR}
# - {TYPE: transmission_filter_detector}
# - {CALIBDATE: '1970-01-01T00:00:00'}
# - {INSTRUME: LSSTCam}
# - {OBSTYPE: transmission_filter_detector}
# - {CALIBCLS: lsst.ip.isr.IntermediateFilterDetectorTransmissionCurve}
# - {SOURCE: Materion (DM-46256)}
# - {DETECTOR: 97}
# - {FILTER: u_24}
# - {CALIB_ID: 'calibDate=1970-01-01T00:00:00 filter=u_24 detector=97'}
# - {DATE: '2025-04-02T15:59:40.198192'}
# - {CALIB_CREATION_DATE: '2025-04-02'}
# - {CALIB_CREATION_TIME: '15:59:40'}
# - __serialized_columns__:
#     efficiency:
#       __class__: astropy.units.quantity.Quantity
#       unit: !astropy.units.Unit {unit: '%'}
#       value: !astropy.table.SerializedColumn {name: efficiency}
#     wavelength:
#       __class__: astropy.units.quantity.Quantity
#       unit: !astropy.units.Unit {unit: nm}
#       value: !astropy.table.SerializedColumn {name: wavelength}
# schema: astropy-2.0
wavelength efficiency
295.0 1.571931603980281e-10
296.0 1.571931603980281e-10
297.0 0.2864734036847949
298.0 1.571931603980281e-10
299.0 1.571931603980281e-10
300.0 1.571931603980281e-10
301.0 1.571931603980281e-10
302.0 1.571931603980281e-10
303.0 1.571931603980281e-10
304.0 0.10912324069067836
305.0 0.32723641488701105
306.0 1.3104351237416267
307.0 2.4861112236976624
308.0 4.243584722280502
309.0 6.948060542345047
310.0 9.917380660772324
311.0 13.384702801704407
312.0 17.22252368927002
313.0 20.353254675865173
314.0 23.41160625219345
315.0 25.883492827415466
316.0 27.838855981826782
317.0 30.310899019241333
318.0 32.7580600976944
319.0 36.04695498943329
320.0 40.78589081764221
321.0 45.66689729690552
322.0 51.53042674064636
323.0 56.986403465270996
324.0 61.97774410247803
325.0 65.67201614379883
326.0 68.16093325614929
327.0 70.12973427772522
328.0 72.04355001449585
329.0 73.55101108551025
330.0 74.89205002784729
331.0 75.98317265510559
332.0 76.46054029464722
333.0 76.64897441864014
334.0 76.49098634719849
335.0 76.6586184501648
336.0 76.71183943748474
337.0 77.1689772605896
338.0 78.02583575248718
339.0 78.67997288703918
340.0 79.10435199737549
341.0 79.61899638175964
342.0 79.99676465988159
343.0 79.91654872894287
344.0 80.02687692642212
345.0 80.31305074691772
346.0 80.61272501945496
347.0 80.94080686569214
348.0 81.16763830184937
349.0 81.357342004776
350.0 81.43100142478943
351.0 81.63736462593079
352.0 81.53332471847534
353.0 81.43889307975769
354.0 81.40342235565186
355.0 81.58239126205444
356.0 81.68591856956482
357.0 81.62685632705688
358.0 81.34540319442749
359.0 81.14609718322754
360.0 81.12374544143677
361.0 81.06649518013
362.0 81.01580142974854
363.0 81.0294508934021
364.0 81.12453818321228
365.0 81.32425546646118
366.0 81.32041692733765
367.0 81.31380081176758
368.0 81.10199570655823
369.0 81.01284503936768
370.0 80.66526055335999
371.0 80.42253851890564
372.0 80.37293553352356
373.0 80.4598867893219
374.0 80.52600026130676
375.0 80.75952529907227
376.0 80.86873888969421
377.0 80.82476854324341
378.0 80.92377185821533
379.0 80.66073060035706
380.0 80.04964590072632
381.0 78.79694104194641
382.0 77.10740566253662
383.0 75.17093420028687
384.0 73.058420419693
385.0 70.64778804779053
386.0 68.31139922142029
387.0 65.1700496673584
388.0 62.05213665962219
389.0 58.32998752593994
390.0 54.55280542373657
391.0 50.465571880340576
392.0 46.12872004508972
393.0 42.28101670742035
394.0 39.03782665729523
395.0 35.91737151145935
396.0 32.767000794410706
397.0 28.76160442829132
398.0 24.112150073051453
399.0 18.086928129196167
400.0 12.081097811460495
401.0 7.22007229924202
402.0 3.540625050663948
403.0 1.3078820891678333
404.0 0.40161279030144215
405.0 0.1559499418362975
406.0 0.003362440475029871
407.0 0.025072417338378727
408.0 0.018985905626323074
409.0 0.0035733555705519393
410.0 0.0051084891310893
411.0 1.571931603980281e-10
412.0 1.571931603980281e-10
413.0 1.571931603980281e-10
414.0 1.571931603980281e-10
415.0 1.571931603980281e-10
416.0 1.571931603980281e-10
417.0 1.571931603980281e-10
418.0 1.571931603980281e-10
419.0 1.571931603980281e-10
420.0 1.571931603980281e-10
421.0 1.571931603980281e-10
422.0 1.571931603980281e-10
423.0 1.571931603980281e-10
424.0 0.00303302331303712
425.0 1.571931603980281e-10
426.0 0.000171426177075773
427.0 1.571931603980281e-10
428.0 1.571931603980281e-10
429.0 1.571931603980281e-10
430.0 1.571931603980281e-10
431.0 1.571931603980281e-10
432.0 1.571931603980281e-10
433.0 0.00018190677337770467
434.0 0.0010914149243035354
435.0 0.0010408798516436946
436.0 0.0009903447789838538
437.0 0.00043160453060409054
438.0 1.571931603980281e-10
439.0 0.00033640033052506624
440.0 0.0007999366971489508
441.0 1.571931603980281e-10
442.0 1.571931603980281e-10
443.0 1.571931603980281e-10
444.0 1.571931603980281e-10
445.0 1.571931603980281e-10
446.0 1.571931603980281e-10
447.0 1.571931603980281e-10
448.0 0.00034472986953915097
449.0 1.571931603980281e-10
450.0 1.571931603980281e-10
451.0 1.571931603980281e-10
452.0 1.571931603980281e-10
453.0 1.571931603980281e-10
454.0 1.571931603980281e-10
455.0 1.571931603980281e-10
456.0 1.571931603980281e-10
457.0 1.571931603980281e-10
458.0 1.571931603980281e-10
459.0 1.571931603980281e-10
460.0 1.571931603980281e-10
461.0 1.571931603980281e-10
462.0 1.571931603980281e-10
463.0 1.571931603980281e-10
464.0 1.571931603980281e-10
465.0 1.571931603980281e-10
466.0 1.571931603980281e-10
467.0 1.571931603980281e-10
468.0 1.571931603980281e-10
469.0 1.571931603980281e-10
470.0 0.0005375988621381111
471.0 9.671973657532362e-05
472.0 1.571931603980281e-10
473.0 1.571931603980281e-10
474.0 1.571931603980281e-10
475.0 1.571931603980281e-10
476.0 1.571931603980281e-10
477.0 1.571931603980281e-10
478.0 0.00028048712010786403
479.0 1.571931603980281e-10
480.0 1.571931603980281e-10
481.0 1.571931603980281e-10
482.0 1.571931603980281e-10
483.0 1.571931603980281e-10
484.0 1.571931603980281e-10
485.0 1.571931603980281e-10
486.0 1.571931603980281e-10
487.0 1.571931603980281e-10
488.0 1.571931603980281e-10
489.0 1.571931603980281e-10
490.0 1.571931603980281e-10
491.0 1.571931603980281e-10
492.0 1.571931603980281e-10
493.0 1.571931603980281e-10
494.0 1.571931603980281e-10
495.0 1.571931603980281e-10
496.0 1.571931603980281e-10
497.0 1.571931603980281e-10
498.0 1.571931603980281e-10
499.0 1.571931603980281e-10
500.0 1.571931603980281e-10
501.0 1.571931603980281e-10
502.0 1.571931603980281e-10
503.0 1.571931603980281e-10
504.0 1.571931603980281e-10
505.0 1.571931603980281e-10
506.0 1.571931603980281e-10
507.0 1.571931603980281e-10
508.0 1.571931603980281e-10
509.0 1.571931603980281e-10
510.0 1.571931603980281e-10
511.0 0.0002745984829743975
512.0 0.0007476019618479768
513.0 0.0005241560756985564
514.0 0.0003007100531249307
515.0 0.00018109561779056094
516.0 6.148126203697757e-05
517.0 1.571931603980281e-10
518.0 1.571931603980281e-10
519.0 1.571931603980281e-10
520.0 1.571931603980281e-10
521.0 1.571931603980281e-10
522.0 1.571931603980281e-10
523.0 1.571931603980281e-10
524.0 1.571931603980281e-10
525.0 1.571931603980281e-10
526.0 1.571931603980281e-10
527.0 1.571931603980281e-10
528.0 1.571931603980281e-10
529.0 1.571931603980281e-10
530.0 1.571931603980281e-10
531.0 1.571931603980281e-10
532.0 1.571931603980281e-10
533.0 9.137669394476688e-05
534.0 0.0002635347755131079
535.0 7.123593945834727e-05
536.0 1.571931603980281e-10
537.0 1.571931603980281e-10
538.0 1.571931603980281e-10
539.0 1.571931603980281e-10
540.0 1.571931603980281e-10
541.0 1.571931603980281e-10
542.0 1.571931603980281e-10
543.0 1.571931603980281e-10
544.0 1.571931603980281e-10
545.0 1.571931603980281e-10
546.0 1.571931603980281e-10
547.0 1.571931603980281e-10
548.0 1.571931603980281e-10
549.0 1.571931603980281e-10
550.0 1.571931603980281e-10
551.0 1.571931603980281e-10
552.0 8.36549105542872e-06
553.0 1.571931603980281e-10
554.0 1.571931603980281e-10
555.0 1.571931603980281e-10
556.0 1.571931603980281e-10
557.0 1.571931603980281e-10
558.0 1.571931603980281e-10
559.0 1.571931603980281e-10
560.0 0.00016644219158479245
561.0 7.907306098786648e-05
562.0 1.571931603980281e-10
563.0 1.571931603980281e-10
564.0 1.571931603980281e-10
565.0 1.571931603980281e-10
566.0 1.571931603980281e-10
567.0 1.571931603980281e-10
568.0 1.571931603980281e-10
569.0 9.524057418275333e-05
570.0 0.00020751467673107982
571.0 0.0003280269766037236
572.0 0.00044853932195110247
573.0 0.00047013004405016545
574.0 0.0004917208116239635
575.0 0.00034054012303386116
576.0 0.00018935950265586143
577.0 0.00017814492139223148
578.0 0.0001669303969720204
579.0 0.000391311959901941
580.0 0.0006156936251500156
581.0 0.0008096369128907099
582.0 0.0010035803825303447
583.0 0.0014230525266611949
584.0 0.0018425243979436345
585.0 0.001668616823735647
586.0 0.0014947089766792487
587.0 0.0014556102541973814
588.0 0.0014165113498165738
589.0 0.0013076348295726348
590.0 0.0011987580364802852
591.0 0.0009199515261570923
592.0 0.000641144833934959
593.0 0.000547426134289708
594.0 0.0004537072982202517
595.0 0.0005367216090235161
596.0 0.0006197358743520454
597.0 0.0007014029961283086
598.0 0.0007830700269551016
599.0 0.0010298806955688633
600.0 0.0012766911822836846
601.0 0.0014439409824262839
602.0 0.0016111909644678235
603.0 0.0016425623471150175
604.0 0.0016739339116611518
605.0 0.0016859577954164706
606.0 0.0016979818610707298
607.0 0.0015051700756885111
608.0 0.0013123581993568223
609.0 0.0009743735972733703
610.0 0.0006363889497151831
611.0 0.0004160160642641131
612.0 0.00019564311060094042
613.0 0.00030733656330994563
614.0 0.0004190299932815833
615.0 0.0003320494897707249
616.0 0.00024506889531039633
617.0 0.0003782415433306596
618.0 0.000511414236825658
619.0 0.0004474878551263828
620.0 0.0003835616098513128
621.0 0.0003853477210213896
622.0 0.00038713378671673127
623.0 0.0004892584456683835
624.0 0.0005913831046200357
625.0 0.0005879653144802433
626.0 0.0005845475698151859
627.0 0.0006392367140506394
628.0 0.000693925858286093
629.0 0.0006166166258481098
630.0 0.0005393074388848618
631.0 0.0009478796528128441
632.0 0.0013564520486397669
633.0 0.0017015268895193003
634.0 0.0020466017303988338
635.0 0.0022912101485417224
636.0 0.0025358187485835515
637.0 0.002416024108242709
638.0 0.0022962296498008072
639.0 0.0022173959223437123
640.0 0.0021385618310887367
641.0 0.001943407187354751
642.0 0.0017482525436207652
643.0 0.0012648434676520992
644.0 0.0007814343916834332
645.0 0.0005248044999461854
646.0 0.0002681746309463051
647.0 0.00018646071566763567
648.0 0.00010474691407580394
649.0 1.571931603980281e-10
650.0 1.571931603980281e-10
651.0 7.97639927441196e-05
652.0 0.00034773008792399196
653.0 0.000716487147656153
654.0 0.0010852442756004166
655.0 0.0011082020137109794
656.0 0.0011311597518215422
657.0 0.0018414595615467988
658.0 0.0025517594622215256
659.0 0.0029514894777094014
660.0 0.003351219493197277
661.0 0.0034394153772154823
662.0 0.0035276112612336874
663.0 0.0032391046261182055
664.0 0.002950597627204843
665.0 0.0024968972866190597
666.0 0.0020431969460332766
667.0 0.0016963769667199813
668.0 0.0013495568964572158
669.0 0.00118513544293819
670.0 0.0010207142622675747
671.0 0.0007043228379188804
672.0 0.00038793127714598086
673.0 0.00046365744310605805
674.0 0.0005393835635914002
675.0 0.0006560530891874805
676.0 0.0007727226147835609
677.0 0.0008709427675057668
678.0 0.0009691631021269131
679.0 0.0014174684110912494
680.0 0.0018657736291061155
681.0 0.0027387330192141235
682.0 0.0036116929550189525
683.0 0.005013512054574676
684.0 0.006415330426534638
685.0 0.007012805144768208
686.0 0.0076102813181933016
687.0 0.007258410914801061
688.0 0.006906541966600344
689.0 0.006194854358909652
690.0 0.005483166387421079
691.0 0.0048647016228642315
692.0 0.004246236494509503
693.0 0.003537689190125093
694.0 0.0028291418857406825
695.0 0.002329846756765619
696.0 0.0018305516277905554
697.0 0.0013894439689465798
698.0 0.0009483360372541938
699.0 0.0008040687134780455
700.0 0.0006598010713787517
701.0 0.000537109372089617
702.0 0.000414417536376277
703.0 0.0005269473149382975
704.0 0.0006394772299245233
705.0 0.0005319706815498648
706.0 0.00042446422412467655
707.0 0.0005893809884582879
708.0 0.0007542974799434887
709.0 0.0008009256816876587
710.0 0.0008475537470076233
711.0 0.0007455381364707137
712.0 0.0006435223895095987
713.0 0.0006147903604869498
714.0 0.000586058422413771
715.0 0.0006456660230469424
716.0 0.0007052735782053787
717.0 0.0006755979939043755
718.0 0.000645922318653902
719.0 0.0007143738457671134
720.0 0.0007828252819308545
721.0 0.000491014134240686
722.0 0.00019920303202525247
723.0 0.00033515079849166796
724.0 0.00047109861043281853
725.0 0.000242276269091235
726.0 1.3453910696625826e-05
727.0 2.7741947405957035e-05
728.0 4.2030004010484845e-05
729.0 0.00021895880308875348
730.0 0.0003958876732212957
731.0 0.0002600260813778732
732.0 0.00012416458048392087
733.0 9.922629260472604e-05
734.0 7.428807862197573e-05
735.0 0.0003300503749414929
736.0 0.000585812676945352
737.0 0.0004453681412996957
738.0 0.00030492346922983415
739.0 0.00044624389374803286
740.0 0.0005875642727914965
741.0 0.0008485694706905633
742.0 0.001109574532165425
743.0 0.001435049398423871
744.0 0.0017605239918339066
745.0 0.001988212898140773
746.0 0.0022159018044476397
747.0 0.002544586095609702
748.0 0.0028732703867717646
749.0 0.0029119497412466444
750.0 0.002950629095721524
751.0 0.003104978532064706
752.0 0.003259328514104709
753.0 0.003037294118257705
754.0 0.0028152599043096416
755.0 0.0028235846912139095
756.0 0.0028319094781181775
757.0 0.002465613215463236
758.0 0.002099316770909354
759.0 0.0017115005903178826
760.0 0.001323684409726411
761.0 0.0011400171388231684
762.0 0.0009563498679199256
763.0 0.0006777970156690571
764.0 0.0003992441634181887
765.0 0.0004920708306599408
766.0 0.0005848974069522228
767.0 0.0007285290394065669
768.0 0.0008721607628103811
769.0 0.0007155056209739996
770.0 0.0005588506610365584
771.0 0.0005531470833375352
772.0 0.0005474434146890417
773.0 0.000596025802224176
774.0 0.0006446081897593103
775.0 0.0006612891411350574
776.0 0.0006779699560865993
777.0 0.000578621575186844
778.0 0.0004792731033376185
779.0 0.0004790535967913456
780.0 0.00047883399929560255
781.0 0.0005660086117131868
782.0 0.0006531833605549764
783.0 0.0009095157111005392
784.0 0.001165848061646102
785.0 0.0012195450835861266
786.0 0.0012732421964756213
787.0 0.0010116323210240807
788.0 0.0007500225365220103
789.0 0.0007276707037817687
790.0 0.000705318871041527
791.0 0.000683032521919813
792.0 0.0006607462182728341
793.0 0.00047702201300126035
794.0 0.0002932977622549515
795.0 0.0001509106141384109
796.0 8.523452521558283e-06
797.0 0.0002529313178456505
798.0 0.0004973390787199605
799.0 0.0003007041414093692
800.0 0.00010406916999272653
801.0 4.941498445987236e-05
802.0 1.571931603980281e-10
803.0 1.571931603980281e-10
804.0 1.571931603980281e-10
805.0 3.879130474615522e-05
806.0 0.00026494574285607086
807.0 0.00011609220109676244
808.0 1.571931603980281e-10
809.0 0.00018049166783384862
810.0 0.00039374463085550815
811.0 0.00022413933038478717
812.0 5.453409812616883e-05
813.0 0.00011170395737281069
814.0 0.00016887389620023896
815.0 0.000340618521477154
816.0 0.0005123631126480177
817.0 0.0003759286073545809
818.0 0.00023949403384904144
819.0 0.0003056919922528323
820.0 0.0003718898824445205
821.0 0.00023794523258402478
822.0 0.00010400062819826417
823.0 0.00010567860044830013
824.0 0.00010735661817307118
825.0 1.571931603980281e-10
826.0 1.571931603980281e-10
827.0 1.571931603980281e-10
828.0 7.248988822539104e-05
829.0 1.571931603980281e-10
830.0 1.571931603980281e-10
831.0 1.571931603980281e-10
832.0 1.571931603980281e-10
833.0 1.571931603980281e-10
834.0 1.571931603980281e-10
835.0 1.571931603980281e-10
836.0 1.571931603980281e-10
837.0 1.571931603980281e-10
838.0 1.571931603980281e-10
839.0 1.571931603980281e-10
840.0 1.571931603980281e-10
841.0 1.571931603980281e-10
842.0 1.571931603980281e-10
843.0 1.571931603980281e-10
844.0 1.571931603980281e-10
845.0 1.571931603980281e-10
846.0 8.608503776486032e-05
847.0 1.571931603980281e-10
848.0 1.571931603980281e-10
849.0 4.62196084072275e-05
850.0 0.0002622919055284001
851.0 0.0001693857029749779
852.0 7.647948336853005e-05
853.0 0.00011318873021082254
854.0 0.00014989793726272183
855.0 2.0460790040033316e-05
856.0 1.571931603980281e-10
857.0 0.00013592292589237331
858.0 0.0003808221663348377
859.0 0.000632407045486616
860.0 0.0008839919246383943
861.0 0.0008666336725582369
862.0 0.0008492754204780795
863.0 0.0008306460586027242
864.0 0.0008120167876768392
865.0 0.0010684108929126523
866.0 0.0013248048162495252
867.0 0.0014111526070337277
868.0 0.0014975005797168706
869.0 0.001591496038599871
870.0 0.0016854915884323418
871.0 0.0015772093320265412
872.0 0.0014689265299239196
873.0 0.0018232396541861817
874.0 0.002177552778448444
875.0 0.0023869151846156456
876.0 0.002596277954580728
877.0 0.0026679219445213675
878.0 0.002739565934462007
879.0 0.0026211017029709183
880.0 0.00250263783527771
