lsstCam/transmission_filter_detector/r13_s01/i_39/19700101T000000.ecsv
# %ECSV 1.0
# ---
# datatype:
# - {name: wavelength, unit: nm, datatype: float32}
# - {name: efficiency, unit: '%', datatype: float64}
# meta: !!omap
# - {MODE: DETECTOR}
# - {TYPE: transmission_filter_detector}
# - {CALIBDATE: '1970-01-01T00:00:00'}
# - {INSTRUME: LSSTCam}
# - {OBSTYPE: transmission_filter_detector}
# - {CALIBCLS: lsst.ip.isr.IntermediateFilterDetectorTransmissionCurve}
# - {SOURCE: Materion (DM-46256)}
# - {DETECTOR: 55}
# - {FILTER: i_39}
# - {CALIB_ID: 'calibDate=1970-01-01T00:00:00 filter=i_39 detector=55'}
# - {DATE: '2025-04-02T15:59:46.734096'}
# - {CALIB_CREATION_DATE: '2025-04-02'}
# - {CALIB_CREATION_TIME: '15:59:46'}
# - __serialized_columns__:
#     efficiency:
#       __class__: astropy.units.quantity.Quantity
#       unit: !astropy.units.Unit {unit: '%'}
#       value: !astropy.table.SerializedColumn {name: efficiency}
#     wavelength:
#       __class__: astropy.units.quantity.Quantity
#       unit: !astropy.units.Unit {unit: nm}
#       value: !astropy.table.SerializedColumn {name: wavelength}
# schema: astropy-2.0
wavelength efficiency
[from data line 596]
896.0 1.6011272169214052e-10
897.0 1.6011272169214052e-10
898.0 1.6011272169214052e-10
899.0 1.6011272169214052e-10
900.0 1.6011272169214052e-10
901.0 1.6011272169214052e-10
902.0 1.6011272169214052e-10
903.0 1.6011272169214052e-10
904.0 1.6011272169214052e-10
905.0 1.6011272169214052e-10
906.0 1.6011272169214052e-10
907.0 2.279318778164452e-05
908.0 0.0001993397063415614
909.0 1.6011272169214052e-10
910.0 1.6011272169214052e-10
911.0 1.6011272169214052e-10
912.0 0.00011672294704112574
913.0 7.588890866827569e-05
914.0 3.5054907243647904e-05
915.0 1.6011272169214052e-10
916.0 1.6011272169214052e-10
917.0 1.6011272169214052e-10
918.0 1.6011272169214052e-10
919.0 1.6011272169214052e-10
920.0 1.6011272169214052e-10
921.0 1.6011272169214052e-10
922.0 1.6011272169214052e-10
923.0 1.6011272169214052e-10
924.0 1.6011272169214052e-10
925.0 4.3890753431696794e-05
926.0 0.0002736693659244338
927.0 1.6011272169214052e-10
928.0 1.6011272169214052e-10
929.0 1.6011272169214052e-10
930.0 0.00019531846646714257
931.0 0.0001348785417576437
932.0 7.443861136380292e-05
933.0 4.493636254210287e-05
934.0 1.543415208971055e-05
935.0 1.6011272169214052e-10
936.0 1.6011272169214052e-10
937.0 1.6011272169214052e-10
938.0 1.6011272169214052e-10
939.0 1.6011272169214052e-10
940.0 1.6011272169214052e-10
941.0 1.6011272169214052e-10
942.0 1.6011272169214052e-10
943.0 1.6011272169214052e-10
944.0 1.6011272169214052e-10
945.0 1.6011272169214052e-10
946.0 1.6011272169214052e-10
947.0 1.6011272169214052e-10
948.0 1.6011272169214052e-10
949.0 1.6011272169214052e-10
950.0 1.6011272169214052e-10
951.0 1.6011272169214052e-10
952.0 1.6011272169214052e-10
953.0 1.6011272169214052e-10
954.0 1.6011272169214052e-10
955.0 0.00017431465266781743
956.0 0.0003935184395231772
957.0 0.00031741569728183094
958.0 0.00024131288682838203
959.0 0.00018589911405797466
960.0 0.0001304853753936186
961.0 0.00018178186564909993
962.0 0.00023307836727326503
963.0 9.48798628996883e-05
964.0 1.6011272169214052e-10
965.0 1.6011272169214052e-10
966.0 1.6011272169214052e-10
967.0 1.6011272169214052e-10
968.0 1.6011272169214052e-10
969.0 1.6011272169214052e-10
970.0 9.33882120079943e-05
971.0 1.4534938941324071e-05
972.0 1.6011272169214052e-10
973.0 1.6011272169214052e-10
974.0 1.6011272169214052e-10
975.0 1.6011272169214052e-10
976.0 1.6011272169214052e-10
977.0 1.6011272169214052e-10
978.0 1.6011272169214052e-10
979.0 1.6011272169214052e-10
980.0 1.6011272169214052e-10
981.0 1.6011272169214052e-10
982.0 1.6011272169214052e-10
983.0 1.6011272169214052e-10
984.0 1.6011272169214052e-10
985.0 0.0001415845304109098
986.0 0.0003025051455551875
987.0 5.815738859382691e-05
988.0 1.6011272169214052e-10
989.0 1.6011272169214052e-10
990.0 1.6011272169214052e-10
991.0 1.6011272169214052e-10
992.0 1.6011272169214052e-10
993.0 1.6011272169214052e-10
994.0 7.977280915838492e-05
995.0 1.6011272169214052e-10
996.0 1.6011272169214052e-10
997.0 0.00011830851462946157
998.0 0.00038389803194149863
999.0 0.00035736527479457436
1000.0 0.00033083244943554746
1001.0 0.00020141833374509588
1002.0 7.200417257990921e-05
1003.0 0.00010917660802078899
1004.0 0.00014634905483035254
1005.0 2.774769143343292e-05
1006.0 1.6011272169214052e-10
1007.0 4.028923328291967e-06
1008.0 9.891156196317752e-05
1009.0 7.103138273123477e-05
1010.0 4.315113528718939e-05
1011.0 0.00012576321068991092
1012.0 0.00020837524061789736
1013.0 0.0003659348976725596
1014.0 0.0005234946002019569
1015.0 0.0004350263679953059
1016.0 0.00034655824947549263
1017.0 0.00044885427996632643
1018.0 0.000551150469618733
1019.0 0.000391953699363512
1020.0 0.0002327569063709234
1021.0 0.0002538291482778732
1022.0 0.0002749013674474554
1023.0 0.0005701043392036809
1024.0 0.0008653074473841116
1025.0 0.0006804392796766479
1026.0 0.0004955711574439192
1027.0 0.0004363630523585016
1028.0 0.0003771549017983489
1029.0 0.0007587135769426823
1030.0 0.0011402722520870157
1031.0 0.0017949205357581377
1032.0 0.0024495686375303194
1033.0 0.00253500747930957
1034.0 0.0026204457753919996
1035.0 0.0031315499654738232
1036.0 0.0036426539736567065
1037.0 0.0036966004699934274
1038.0 0.0037505469663301483
1039.0 0.003167272370774299
1040.0 0.00258399795711739
1041.0 0.002189142833231017
1042.0 0.0017942873455467634
1043.0 0.0026245803383062594
1044.0 0.003454873149166815
1045.0 0.0035853565350407735
1046.0 0.0037158406485104933
1047.0 0.003386881871847436
1048.0 0.0030579227313864976
1049.0 0.002724350633798167
1050.0 0.0023907785362098366
1051.0 0.0023593558580614626
1052.0 0.0023279331799130887
1053.0 0.0015651068679289892
1054.0 0.00080228064689436
1055.0 0.0008093910764728207
1056.0 0.0008165014151018113
1057.0 0.0009070829037227668
1058.0 0.0009976646651921328
1059.0 0.000916177305043675
1060.0 0.0008346903086930979
1061.0 0.0017024156477418728
1062.0 0.0025701403501443565
1063.0 0.0028013633709633723
1064.0 0.0030325865736813284
1065.0 0.0032169358746614307
1066.0 0.0034012853575404733
1067.0 0.004160990647505969
1068.0 0.004920696301269345
1069.0 0.004032990909763612
1070.0 0.003145285154459998
1071.0 0.002897243030020036
1072.0 0.002649200541782193
1073.0 0.0027408224923419766
1074.0 0.00283244426100282
1075.0 0.0033763644751161337
1076.0 0.003920284143532626
1077.0 0.003066572026000358
1078.0 0.0022128595446702093
1079.0 0.0022803091269452125
1080.0 0.0023477585273212753
1081.0 0.001369210713164648
1082.0 0.0003906628080585506
1083.0 1.6011272169214052e-10
1084.0 1.6011272169214052e-10
1085.0 0.00010168761264139903
1086.0 0.0010515647772990633
1087.0 0.0010905274393735453
1088.0 0.0011294901923974976
1089.0 1.6011272169214052e-10
1090.0 1.6011272169214052e-10
1091.0 1.6011272169214052e-10
1092.0 1.6011272169214052e-10
1093.0 1.6011272169214052e-10
1094.0 0.0005142003374203341
1095.0 0.0006965020020288648
1096.0 0.0008788039849605411
1097.0 1.6011272169214052e-10
1098.0 1.6011272169214052e-10
1099.0 1.6011272169214052e-10
1100.0 1.6011272169214052e-10
