lsstCam/transmission_filter_detector/r13_s01/i_39/19700101T000000.ecsv
# %ECSV 1.0
# ---
# datatype:
# - {name: wavelength, unit: nm, datatype: float32}
# - {name: efficiency, unit: '%', datatype: float64}
# meta: !!omap
# - {MODE: DETECTOR}
# - {TYPE: transmission_filter_detector}
# - {CALIBDATE: '1970-01-01T00:00:00'}
# - {INSTRUME: LSSTCam}
# - {OBSTYPE: transmission_filter_detector}
# - {CALIBCLS: lsst.ip.isr.IntermediateFilterDetectorTransmissionCurve}
# - {SOURCE: Materion (DM-46256)}
# - {DETECTOR: 55}
# - {FILTER: i_39}
# - {CALIB_ID: 'calibDate=1970-01-01T00:00:00 filter=i_39 detector=55'}
# - {DATE: '2025-04-02T15:59:46.734096'}
# - {CALIB_CREATION_DATE: '2025-04-02'}
# - {CALIB_CREATION_TIME: '15:59:46'}
# - __serialized_columns__:
#     efficiency:
#       __class__: astropy.units.quantity.Quantity
#       unit: !astropy.units.Unit {unit: '%'}
#       value: !astropy.table.SerializedColumn {name: efficiency}
#     wavelength:
#       __class__: astropy.units.quantity.Quantity
#       unit: !astropy.units.Unit {unit: nm}
#       value: !astropy.table.SerializedColumn {name: wavelength}
# schema: astropy-2.0
wavelength efficiency
300.0 0.08187606581486762
301.0 0.03510906535666436
302.0 1.6011272169214052e-10
303.0 0.01928413985297084
304.0 0.050226179882884026
305.0 0.04148521111346781
306.0 0.032744245254434645
307.0 0.010676406236598268
308.0 1.6011272169214052e-10
309.0 1.6011272169214052e-10
310.0 1.6011272169214052e-10
311.0 0.00044921343942405656
312.0 0.004853611972066574
313.0 0.004185688158031553
314.0 0.003517762161209248
315.0 0.0008159621756931301
316.0 1.6011272169214052e-10
317.0 1.6011272169214052e-10
318.0 1.6011272169214052e-10
319.0 1.6011272169214052e-10
320.0 1.6011272169214052e-10
321.0 1.6011272169214052e-10
322.0 0.0019133107343805023
323.0 1.6011272169214052e-10
324.0 1.6011272169214052e-10
325.0 1.6011272169214052e-10
326.0 1.6011272169214052e-10
327.0 1.6011272169214052e-10
328.0 0.0033453274227213115
329.0 0.002276744635310024
330.0 0.001208162029797677
331.0 0.0012128409252909478
332.0 0.0012175204574305099
333.0 0.0014948945135984104
334.0 0.0017722686607157812
335.0 0.0008111730494420044
336.0 1.6011272169214052e-10
337.0 0.0010340550034015905
338.0 0.0022180314772413112
339.0 0.002514198058634065
340.0 0.002810364640026819
341.0 1.6011272169214052e-10
342.0 1.6011272169214052e-10
343.0 1.6011272169214052e-10
344.0 1.6011272169214052e-10
345.0 1.6011272169214052e-10
346.0 1.6011272169214052e-10
347.0 1.6011272169214052e-10
348.0 1.6011272169214052e-10
349.0 1.6011272169214052e-10
350.0 1.6011272169214052e-10
351.0 1.6011272169214052e-10
352.0 4.4488533035291766e-05
353.0 1.6011272169214052e-10
354.0 1.6011272169214052e-10
355.0 1.6011272169214052e-10
356.0 6.511599508485233e-05
357.0 0.0006307789135462372
358.0 0.0011964420082222205
359.0 0.001178254751721397
360.0 0.0011600669495237526
361.0 0.0007815237950126175
362.0 0.0004029807314509526
363.0 0.00022025874386599753
364.0 3.7537097341555636e-05
365.0 0.0012547685400932096
366.0 0.002472000414854847
367.0 0.0015858593542361632
368.0 0.000699718520991155
369.0 0.0010741518053691834
370.0 0.0014485854080703575
371.0 0.001283194069401361
372.0 0.001117802912631305
373.0 0.0009949442755896598
374.0 0.0008720855475985445
375.0 4.419276251610427e-05
376.0 1.6011272169214052e-10
377.0 1.6011272169214052e-10
378.0 0.0002552192199800629
379.0 1.6011272169214052e-10
380.0 1.6011272169214052e-10
381.0 1.6011272169214052e-10
382.0 1.6011272169214052e-10
383.0 0.00026939865165331867
384.0 0.0013974936337035615
385.0 0.0012582373528857715
386.0 0.001118980799219571
387.0 1.6011272169214052e-10
388.0 1.6011272169214052e-10
389.0 1.6011272169214052e-10
390.0 1.6011272169214052e-10
391.0 1.6011272169214052e-10
392.0 1.6011272169214052e-10
393.0 1.6011272169214052e-10
394.0 0.0006277511147345649
395.0 1.6011272169214052e-10
396.0 1.6011272169214052e-10
397.0 1.6011272169214052e-10
398.0 1.6011272169214052e-10
399.0 1.6011272169214052e-10
400.0 1.6011272169214052e-10
401.0 0.0016817046343930997
402.0 0.0033871940104290843
403.0 0.0030102848540991545
404.0 0.002633375333971344
405.0 0.004539040310191922
406.0 0.006444704922614619
407.0 0.0034765769669320434
408.0 0.0005084461918158922
409.0 0.00031557046895613894
410.0 0.00012269273383935797
411.0 0.0018989328964380547
412.0 0.0036751735024154186
413.0 0.004560175511869602
414.0 0.005445178248919547
415.0 0.004297695340937935
416.0 0.0031502120691584423
417.0 0.0027920095817535184
418.0 0.002433806912449654
419.0 0.0036757643101736903
420.0 0.004917721889796667
421.0 0.0038903424865566194
422.0 0.0028629629014176317
423.0 0.0034250744647579268
424.0 0.0039871858461992815
425.0 0.0029730294045293704
426.0 0.0019588720533647574
427.0 0.0036548666685121134
428.0 0.00535086182935629
429.0 0.005597243944066577
430.0 0.005843627150170505
431.0 0.004564663686323911
432.0 0.0032857009500730783
433.0 0.0034717759263003245
434.0 0.003657851630123332
435.0 0.0031698837119620293
436.0 0.002681915975699667
437.0 0.002454524837958161
438.0 0.002227133882115595
439.0 0.0022843685655971058
440.0 0.002341603612876497
441.0 0.000795460982772056
442.0 1.6011272169214052e-10
443.0 1.6011272169214052e-10
444.0 1.6011272169214052e-10
445.0 1.6011272169214052e-10
446.0 1.6011272169214052e-10
447.0 0.00019293370314699132
448.0 0.0008003631592146121
449.0 1.6011272169214052e-10
450.0 1.6011272169214052e-10
451.0 1.011965125030656e-05
452.0 0.0010026322343037464
453.0 0.0017990741980611347
454.0 0.002595516161818523
455.0 0.0023797701942385174
456.0 0.0021640245904563926
457.0 0.0014987043869041372
458.0 0.0008333841833518818
459.0 0.0004273347258276772
460.0 2.12851759329169e-05
461.0 0.0003344618789924425
462.0 0.0006476386715803528
463.0 0.0002122566456819186
464.0 1.6011272169214052e-10
465.0 0.00015763192777740187
466.0 0.0005383891675592167
467.0 0.000584298823014251
468.0 0.0006302084329945501
469.0 0.00038198745642148424
470.0 0.0001337665139544697
471.0 0.0005977076853014296
472.0 0.0010616488907544408
473.0 0.0010803960321936756
474.0 0.0010991433555318508
475.0 0.0007392528004857013
476.0 0.00037936265471216757
477.0 0.0009612401299818885
478.0 0.0015431178326252848
479.0 0.0013653980204253457
480.0 0.0011876782991748769
481.0 0.0025609120712033473
482.0 0.003934144115191884
483.0 0.00526613621332217
484.0 0.006598127947654575
485.0 0.007005551742622629
486.0 0.007412976265186444
487.0 0.010767547064460814
488.0 0.014122117136139423
489.0 0.017136782116722316
490.0 0.020151445642113686
491.0 0.022095559688750654
492.0 0.02403967664577067
493.0 0.02590380609035492
494.0 0.027767938445322216
495.0 0.025081352214328945
496.0 0.022394763072952628
497.0 0.018541101599112153
498.0 0.014687440125271678
499.0 0.010412743722554296
500.0 0.006138048775028437
501.0 0.004522963718045503
502.0 0.0029078792067593895
503.0 0.0024240824131993577
504.0 0.0019402854377403855
505.0 0.001781534228939563
506.0 0.001622783202037681
507.0 0.0016916885215323418
508.0 0.0017605936591280624
509.0 0.0019793209503404796
510.0 0.0021980480596539564
511.0 0.0016888172467588447
512.0 0.0011795866157626733
513.0 0.0015568977687507868
514.0 0.0019342087398399599
515.0 0.002507756471459288
516.0 0.003081304021179676
517.0 0.002563956513768062
518.0 0.0020466088244575076
519.0 0.002088479777739849
520.0 0.0021303509129211307
521.0 0.0018123279005521908
522.0 0.0014943049791327212
523.0 0.0016071102436399087
524.0 0.0017199161447933875
525.0 0.002085859523504041
526.0 0.002451803084113635
527.0 0.0024112330720527098
528.0 0.0023706630599917844
529.0 0.0019256534869782627
530.0 0.0014806436411163304
531.0 0.0016445952496724203
532.0 0.0018085471310769208
533.0 0.0017046735592884943
534.0 0.0016008001693990082
535.0 0.0016036767192417756
536.0 0.001606553269084543
537.0 0.002368884815950878
538.0 0.0031312159990193322
539.0 0.0037433524994412437
540.0 0.004355488999863155
541.0 0.005057018279330805
542.0 0.005758547922596335
543.0 0.005202364627621137
544.0 0.0046461816964438185
545.0 0.003742619082913734
546.0 0.0028390573788783513
547.0 0.00231086669373326
548.0 0.0017826760085881688
549.0 0.0018781771359499544
550.0 0.0019736786271096207
551.0 0.0017257319996133447
552.0 0.0014777857359149493
553.0 0.0015889401765889488
554.0 0.001700094435364008
555.0 0.0012949010852025822
556.0 0.0008897076440916862
557.0 0.0007602004188811406
558.0 0.0006306932391453302
559.0 0.0002527858441681019
560.0 1.6011272169214052e-10
561.0 0.0005981730282655917
562.0 0.00132146769828978
563.0 0.0014792869478696957
564.0 0.0016371062883990817
565.0 0.0013456486158247571
566.0 0.0010541910341999028
567.0 0.0008824751603242476
568.0 0.000710759150024387
569.0 0.000702996067047934
570.0 0.0006952328021725407
571.0 0.00047207095121848397
572.0 0.0002489090775270597
573.0 0.00037845479710085783
574.0 0.0005080005848867586
575.0 0.00045757215048070066
576.0 0.00040714367059990764
577.0 0.0005533403509616619
578.0 0.0006995371222728863
579.0 0.00033144870030810125
580.0 1.6011272169214052e-10
581.0 0.00013636065432365285
582.0 0.000309361007566622
583.0 0.0004206613994028885
584.0 0.0005319617230270524
585.0 0.0007765817827021237
586.0 0.0010212020242761355
587.0 0.0009005470928968862
588.0 0.0007798921615176369
589.0 0.0007011401976342313
590.0 0.0006223883247002959
591.0 0.000748277670936659
592.0 0.0008741671990719624
593.0 0.0005273239366943017
594.0 0.00018048066294795717
595.0 0.0005419184617494466
596.0 0.000903356158232782
597.0 0.0007490771167795174
598.0 0.0005947981208009878
599.0 0.0005947782938164892
600.0 0.0005947582849330502
601.0 0.00045192705329100136
602.0 0.000309095798911585
603.0 0.0003051889734706492
604.0 0.00030128201160550816
605.0 0.00023776178750267718
606.0 0.00017424159750589752
607.0 0.0004298078238207381
608.0 0.0006853739705547923
609.0 0.00050222761274199
610.0 0.0003190810048181447
611.0 0.0006172335361043224
612.0 0.0009153860446531326
613.0 0.0006042979293852113
614.0 0.00029320990506676026
615.0 2.880878291477984e-06
616.0 1.6011272169214052e-10
617.0 1.6011272169214052e-10
618.0 0.00016269382285827305
619.0 0.0002992205281771021
620.0 0.00043574727897066623
621.0 0.0005812247309222585
622.0 0.0007267020919243805
623.0 0.0005656268513121177
624.0 0.00040455170164932497
625.0 0.00039599444789928384
626.0 0.0003874372850987129
627.0 0.0003079210955547751
628.0 0.00022840488327346975
629.0 0.00042597703213687055
630.0 0.0006235492037376389
631.0 0.0005622227945423219
632.0 0.0005008963398722699
633.0 0.00046580958041886333
634.0 0.00043072286644019186
635.0 0.00040939662540040445
636.0 0.00038807024793641176
637.0 0.00041066109588427935
638.0 0.0004332517619332066
639.0 0.0006974448751861928
640.0 0.0009616379429644439
641.0 0.000663790251564933
642.0 0.0003659425829027896
643.0 0.0005910962499910966
644.0 0.0008162499398167711
645.0 0.0007879789336584508
646.0 0.0007597080184496008
647.0 0.0008451477697235532
648.0 0.0009305879757448565
649.0 0.0008045305548876058
650.0 0.00067847308855562
651.0 0.0008683867235959042
652.0 0.0010583004950603936
653.0 0.0012214833077450749
654.0 0.0013846661204297561
655.0 0.0019881268599419855
656.0 0.0025915875085047446
657.0 0.0035568471503211185
658.0 0.004522105155047029
659.0 0.007122685929061845
660.0 0.04891827120445669
661.0 0.06850894424133003
662.0 0.0973787042312324
663.0 0.08373034070245922
664.0 0.11280798353254795
665.0 0.13998292852193117
666.0 0.14312282437458634
667.0 0.17735676374286413
668.0 0.20307092927396297
669.0 0.21373394411057234
670.0 0.35137790255248547
671.0 0.6055961363017559
672.0 0.8942806161940098
673.0 1.4380613341927528
674.0 2.187472954392433
675.0 3.094891645014286
676.0 4.188104718923569
677.0 5.501755326986313
678.0 6.832827627658844
679.0 8.234205842018127
680.0 10.204887390136719
681.0 12.292461842298508
682.0 14.822737872600555
683.0 17.574292421340942
684.0 20.529966056346893
685.0 23.444660007953644
686.0 26.432877779006958
687.0 29.642009735107422
688.0 32.90235698223114
689.0 36.2725704908371
690.0 40.181589126586914
691.0 44.40889358520508
692.0 49.45551156997681
693.0 54.7176718711853
694.0 60.63350439071655
695.0 66.36508703231812
696.0 72.57903218269348
697.0 78.15857529640198
698.0 83.99249315261841
699.0 88.4104311466217
700.0 91.71794056892395
701.0 94.30167078971863
702.0 96.05868458747864
703.0 96.99819684028625
704.0 97.33116030693054
705.0 97.72637486457825
706.0 97.76197671890259
707.0 97.86377549171448
708.0 97.87643551826477
709.0 97.97499775886536
710.0 97.70817756652832
711.0 97.90225625038147
712.0 97.90598154067993
713.0 97.95289039611816
714.0 98.01490306854248
715.0 98.0397880077362
716.0 97.84770011901855
717.0 98.13600182533264
718.0 98.18717837333679
719.0 98.11257123947144
720.0 98.40325713157654
721.0 98.30750823020935
722.0 97.94639348983765
723.0 97.75654077529907
724.0 97.44769334793091
725.0 97.18827605247498
726.0 96.90704941749573
727.0 96.69480323791504
728.0 96.42290472984314
729.0 96.26668691635132
730.0 96.22181057929993
731.0 96.31345272064209
732.0 96.27389907836914
733.0 96.53972387313843
734.0 96.93570137023926
735.0 97.12070822715759
736.0 97.49447703361511
737.0 97.8658139705658
738.0 98.17261099815369
739.0 98.5217034816742
740.0 98.59813451766968
741.0 98.45629334449768
742.0 98.79284501075745
743.0 98.67544770240784
744.0 98.47708344459534
745.0 98.48592877388
746.0 98.50063920021057
747.0 98.71741533279419
748.0 98.57059121131897
749.0 98.50702285766602
750.0 98.53295683860779
751.0 98.41220378875732
752.0 98.28358292579651
753.0 98.48409295082092
754.0 98.37920665740967
755.0 98.51528406143188
756.0 98.55142831802368
757.0 98.56103658676147
758.0 98.75380992889404
759.0 98.72361421585083
760.0 98.6110508441925
761.0 98.5484778881073
762.0 98.67268204689026
763.0 98.60002994537354
764.0 98.50941300392151
765.0 98.3888030052185
766.0 98.48020672798157
767.0 98.27693104743958
768.0 98.33340048789978
769.0 98.35132956504822
770.0 98.02590012550354
771.0 98.06886315345764
772.0 98.02302718162537
773.0 97.9673683643341
774.0 97.81323671340942
775.0 97.84398078918457
776.0 97.75736927986145
777.0 97.8078842163086
778.0 97.76843190193176
779.0 97.91039824485779
780.0 97.8080153465271
781.0 98.17662239074707
782.0 98.08077812194824
783.0 98.11906218528748
784.0 98.20700883865356
785.0 98.32267761230469
786.0 98.50510954856873
787.0 98.19076657295227
788.0 98.25310111045837
789.0 98.3275830745697
790.0 98.35050106048584
791.0 98.30365180969238
792.0 98.09799194335938
793.0 98.14394116401672
794.0 98.08924198150635
795.0 97.96214699745178
796.0 97.91060090065002
797.0 97.9413390159607
798.0 97.82541394233704
799.0 97.75076508522034
800.0 97.61537313461304
801.0 97.60901927947998
802.0 97.45420813560486
803.0 97.23408222198486
804.0 96.8955397605896
805.0 96.47902846336365
806.0 95.9918200969696
807.0 95.01860737800598
808.0 93.83404850959778
809.0 92.5469696521759
810.0 90.91945290565491
811.0 88.92697095870972
812.0 86.45645380020142
813.0 83.5581123828888
814.0 80.21464347839355
815.0 76.38959288597107
816.0 72.48635292053223
817.0 67.9606556892395
818.0 63.027018308639526
819.0 58.69728922843933
820.0 53.746575117111206
821.0 49.31448996067047
822.0 44.87729370594025
823.0 40.357980132102966
824.0 35.80048680305481
825.0 31.581363081932068
826.0 27.174311876296997
827.0 22.65426516532898
828.0 18.506500124931335
829.0 14.48771059513092
830.0 10.514020919799805
831.0 7.620113343000412
832.0 4.955854639410973
833.0 3.0973777174949646
834.0 1.8834127113223076
835.0 1.072749588638544
836.0 0.6342917680740356
837.0 0.35459580831229687
838.0 0.21184345241636038
839.0 0.12394036166369915
840.0 0.0831622164696455
841.0 0.039591861423105
842.0 0.0029804354198859073
843.0 1.6011272169214052e-10
844.0 0.004401855039759539
845.0 1.6011272169214052e-10
846.0 1.6011272169214052e-10
847.0 1.6011272169214052e-10
848.0 1.6011272169214052e-10
849.0 1.6011272169214052e-10
850.0 1.6011272169214052e-10
851.0 1.6011272169214052e-10
852.0 0.0006029750693414826
853.0 0.0007608735359099228
854.0 0.0009187722753267735
855.0 0.0007252983778016642
856.0 0.000531824571226025
857.0 0.0008140696081682108
858.0 0.0010963143722619861
859.0 0.0006611177013837732
860.0 0.00022592087134398753
861.0 0.0002320223075003014
862.0 0.00023812365270714508
863.0 0.00013161080687495996
864.0 2.5098020728364645e-05
865.0 8.686581622896483e-05
866.0 0.00014863356909700087
867.0 0.00011012023151124595
868.0 7.160683139773028e-05
869.0 1.6011272169214052e-10
870.0 1.6011272169214052e-10
871.0 2.0037167303144088e-05
872.0 0.00023203656382975169
873.0 0.00019129147403873503
874.0 0.00015054632740429952
875.0 0.00017324491636827588
876.0 0.00019594353943830356
877.0 1.6011272169214052e-10
878.0 1.6011272169214052e-10
879.0 1.6559871696131268e-06
880.0 0.0003799600563070271
881.0 0.00018825360257324064
882.0 1.6011272169214052e-10
883.0 0.00015532116321992362
884.0 0.0003140952003377606
885.0 0.00011126858225907199
886.0 1.6011272169214052e-10
887.0 1.8805796742071834e-05
888.0 0.00012916963214593125
889.0 4.747184618736355e-05
890.0 1.6011272169214052e-10
891.0 9.750569915922824e-05
892.0 0.00022923729829926742
893.0 0.00020087270513613475
894.0 0.00017250812334168586
