lsstCam/transmission_sensor/r01_s00/19700101T000000.ecsv
# %ECSV 1.0
# ---
# datatype:
# - {name: amp_name, datatype: string}
# - {name: wavelength, unit: nm, datatype: float32}
# - {name: efficiency, unit: '%', datatype: float64}
# meta: !!omap
# - {MODE: AMP}
# - {TYPE: transmission_sensor}
# - {CALIBDATE: '1970-01-01T00:00:00'}
# - {INSTRUME: LSSTCam}
# - {OBSTYPE: transmission_sensor}
# - {DETECTOR: 0}
# - {PARQUETFILE: qe_raft_allvalues_nircorrected_20230725_adjust.parquet}
# - {CORRFILE: qe_corr_factor_bydetnum.parquet}
# - {CALIBCLS: lsst.ip.isr.IntermediateSensorTransmissionCurve}
# - {CALIB_ID: 'raftName=R01 detectorName=S00 detector=0 calibDate=1970-01-01T00:00:00 ccd=0 ccdnum=0 filter=None'}
# - {DATE: '2025-03-03T21:56:47.369617'}
# - {CALIB_CREATION_DATE: '2025-03-03'}
# - {CALIB_CREATION_TIME: '21:56:47'}
# - __serialized_columns__:
#     efficiency:
#       __class__: astropy.units.quantity.Quantity
#       unit: !astropy.units.Unit {unit: '%'}
#       value: !astropy.table.SerializedColumn {name: efficiency}
#     wavelength:
#       __class__: astropy.units.quantity.Quantity
#       unit: !astropy.units.Unit {unit: nm}
#       value: !astropy.table.SerializedColumn {name: wavelength}
# schema: astropy-2.0
amp_name wavelength efficiency
C00 319.994 49.339350096660745
C00 324.969 51.49379452699658
C00 349.982 62.00892700095444
C00 374.975 74.83229333881333
C00 400.019 83.57343343488051
C00 424.965 83.9580511869027
C00 450.035 83.36570236508014
C00 475.003 83.49941449248716
C00 500.018 84.15034868122095
C00 525.002 85.19193291917861
C00 550.029 86.8244925880236
C00 575.023 88.51305018560903
C00 599.982 90.5782811136189
C00 619.997 91.41374289436332
C00 624.979 91.74274969520141
C00 650.012 93.17208544460806
C00 675.004 94.31268282242127
C00 700.03 94.97427786344235
C00 725.012 95.70722853073376
C00 750.022 97.09595440011077
C00 774.987 98.34401013386191
C00 799.976 98.54290901002355
C00 824.988 97.48449504226286
C00 850.022 96.08290785998409
C00 869.967 93.51799785320138
C00 875.002 92.48784842264368
C00 899.999 85.41120502551207
C00 919.999 76.8906421365566
C00 925.012 74.20494960542563
C00 949.965 61.78366433029299
C00 975.002 47.44109239641477
C00 999.976 30.408935392456534
C00 1025.028 14.684057812433755
C00 1050.014 5.867589879297386
C00 1075.002 0.9250173677084923
C00 1099.99 0.09177937342804494
C01 319.994 48.86453622283132
C01 324.969 50.952276345368084
C01 349.982 61.37742894968254
C01 374.975 74.55794901475656
C01 400.019 83.62613067269925
C01 424.965 84.08216475335352
C01 450.035 83.44510105428608
C01 475.003 83.48411749731905
C01 500.018 84.05967452831469
C01 525.002 85.06399510393574
C01 550.029 86.68434601026809
C01 575.023 88.40180551985517
C01 599.982 90.50448980508222
C01 619.997 91.36946810924131
C01 624.979 91.70349803051654
C01 650.012 93.17069687808238
C01 675.004 94.33264631165109
C01 700.03 95.01850712179302
C01 725.012 95.83518152156708
C01 750.022 97.32692688667699
C01 774.987 98.67923892678228
C01 799.976 98.93840766039449
C01 824.988 97.84955904599722
C01 850.022 96.46159195614244
C01 869.967 93.96807551460617
C01 875.002 92.92865379828685
C01 899.999 85.81185578883894
C01 919.999 77.14256452573153
C01 925.012 74.42380438302186
C01 949.965 61.964136245757324
C01 975.002 47.6047763149498
C01 999.976 30.550229624239428
C01 1025.028 14.759069807526817
C01 1050.014 5.850193910275905
C01 1075.002 0.9272169601768884
C01 1099.99 0.09199761497203512
C02 319.994 48.49814056103545
C02 324.969 50.55076816118111
C02 349.982 60.89582779302678
C02 374.975 74.33082354036803
C02 400.019 83.60056739059539
C02 424.965 84.11545241099367
C02 450.035 83.44782507277088
C02 475.003 83.41681375369741
C02 500.018 83.93316321857361
C02 525.002 84.89914266493648
C02 550.029 86.50295976547947
C02 575.023 88.21337780110028
C02 599.982 90.3199698008668
C02 619.997 91.19085899750405
C02 624.979 91.52786333450642
C02 650.012 92.99961485920562
C02 675.004 94.1701005623994
C02 700.03 94.89625256517164
C02 725.012 95.76082871618395
C02 750.022 97.30805603995917
C02 774.987 98.71373304386276
C02 799.976 98.98977703404933
C02 824.988 97.90174031374085
C02 850.022 96.49511483543448
C02 869.967 93.97346284921399
C02 875.002 92.9276825604984
C02 899.999 85.73721464723737
C02 919.999 76.99248552403004
C02 925.012 74.26012805228204
C02 949.965 61.80643530375506
C02 975.002 47.48101937487441
C02 999.976 30.479308399245575
C02 1025.028 14.730353796508096
C02 1050.014 5.806046220723871
C02 1075.002 0.9270367223718696
C02 1099.99 0.09197973194260224
C03 319.994 48.374121842024884
C03 324.969 50.405192515944044
C03 349.982 60.74042215907925
C03 374.975 74.39016768680149
C03 400.019 83.83237453463606
C03 424.965 84.37509158790967
C03 450.035 83.6617022567013
C03 475.003 83.56317473573999
C03 500.018 84.02128028448995
C03 525.002 84.96676509595744
C03 550.029 86.57208457995445
C03 575.023 88.2993095819926
C03 599.982 90.42406676352127
C03 619.997 91.31001014587952
C03 624.979 91.65048210529848
C03 650.012 93.13707535745246
C03 675.004 94.320968694804
C03 700.03 95.07067321394621
C03 725.012 95.96223915256417
C03 750.022 97.53576577457982
C03 774.987 98.97067855347484
C03 799.976 99.25869608452217
C03 824.988 98.16458154024065
C03 850.022 96.73107250346175
C03 869.967 94.1653050758189
C03 875.002 93.11367459698694
C03 899.999 85.86525869161335
C03 919.999 77.05850693025911
C03 925.012 74.29893962484401
C03 949.965 61.7876175716038
C03 975.002 47.47738482096293
C03 999.976 30.473647904009756
C03 1025.028 14.697874239059125
C03 1050.014 5.786760416454841
C03 1075.002 0.9292058675816196
C03 1099.99 0.09219495253756088
C04 319.994 48.023376007874965
C04 324.969 50.03212718214779
C04 349.982 60.29084149826152
C04 374.975 74.11858532020563
C04 400.019 83.68698479038194
C04 424.965 84.27334684177411
C04 450.035 83.53966774614136
C04 475.003 83.40426354039977
C04 500.018 83.82049204731797
C04 525.002 84.72888771573895
C04 550.029 86.30097265666237
C04 575.023 88.00897777340249
C04 599.982 90.1222090939885
C04 619.997 91.0088505535072
C04 624.979 91.34792635860526
C04 650.012 92.82224255808958
C04 675.004 94.00983115171438
C04 700.03 94.78352827934944
C04 725.012 95.67681664748287
C04 750.022 97.25598858914388
C04 774.987 98.69194848377958
C04 799.976 98.976862606581
C04 824.988 97.90441880545431
C04 850.022 96.47210864032053
C04 869.967 93.90483882922369
C04 875.002 92.86581926605115
C04 899.999 85.61319213432918
C04 919.999 76.85375027618586
C04 925.012 74.11045120372734
C04 949.965 61.62550053278217
C04 975.002 47.30868536978597
C04 999.976 30.347641182650953
C04 1025.028 14.648738522622844
C04 1050.014 5.754255250196994
C04 1075.002 0.9265404177254666
C04 1099.99 0.09193048905153184
C05 319.994 47.86144107613866
C05 324.969 49.848919866505824
C05 349.982 60.09033021561515
C05 374.975 74.08510796768492
C05 400.019 83.8229201417891
C05 424.965 84.43325962608367
C05 450.035 83.66241550945219
C05 475.003 83.46227982266932
C05 500.018 83.83577386689564
C05 525.002 84.73100471060596
C05 550.029 86.32313660650664
C05 575.023 88.0575776018012
C05 599.982 90.19242655097548
C05 619.997 91.095890152502
C05 624.979 91.43721953278106
C05 650.012 92.93358586518133
C05 675.004 94.14095584095061
C05 700.03 94.91028239853763
C05 725.012 95.80970170521066
C05 750.022 97.38941238033247
C05 774.987 98.82881713399908
C05 799.976 99.12475632325847
C05 824.988 98.05315476740145
C05 850.022 96.62460814869792
C05 869.967 94.09759159125528
C05 875.002 93.0585265013114
C05 899.999 85.77765759577211
C05 919.999 77.06566980894894
C05 925.012 74.33605911907141
C05 949.965 61.806025562813055
C05 975.002 47.37200931481351
C05 999.976 30.368426050713584
C05 1025.028 14.724919986654541
C05 1050.014 5.80703358257717
C05 1075.002 0.9278115218242831
C05 1099.99 0.09205660683247707
C06 319.994 47.71688219546139
C06 324.969 49.674540950604985
C06 349.982 59.90576847852601
C06 374.975 74.07727736301553
C06 400.019 84.00779677237996
C06 424.965 84.6470002297001
C06 450.035 83.85414391912877
C06 475.003 83.61724536449395
C06 500.018 83.95752004123713
C06 525.002 84.83219554769029
C06 550.029 86.41516897475768
C06 575.023 88.14925334367679
C06 599.982 90.28889777943157
C06 619.997 91.19568483526542
C06 624.979 91.53863800372206
C06 650.012 93.0608711300351
C06 675.004 94.29091343792854
C06 700.03 95.04113392714586
C06 725.012 95.94278404561423
C06 750.022 97.51778269990301
C06 774.987 98.96016945709198
C06 799.976 99.29042824414174
C06 824.988 98.21229359659834
C06 850.022 96.84582273060829
C06 869.967 94.4207557897722
C06 875.002 93.37658411364374
C06 899.999 86.14882218686519
C06 919.999 77.4848120292325
C06 925.012 74.7479246437368
C06 949.965 62.055443979564636
C06 975.002 47.57849598619743
C06 999.976 30.569849765735437
C06 1025.028 14.874442233881592
C06 1050.014 5.914091682317133
C06 1075.002 0.9290345040167033
C06 1099.99 0.09217795000207835
C07 319.994 47.34099040794483
C07 324.969 49.275172524670694
C07 349.982 59.449115992561104
C07 374.975 73.73638807485935
C07 400.019 83.81584831664193
C07 424.965 84.49203468787546
C07 450.035 83.67473808889318
C07 475.003 83.39908107626295
C07 500.018 83.72333791729189
C07 525.002 84.58285300889094
C07 550.029 86.17061433474358
C07 575.023 87.917613131131
C07 599.982 90.0668713034324
C07 619.997 90.98529803713726
C07 624.979 91.32793251819454
C07 650.012 92.86385402708858
C07 675.004 94.09852489006762
C07 700.03 94.8665084079003
C07 725.012 95.77356862436216
C07 750.022 97.34914395108783
C07 774.987 98.79373875668648
C07 799.976 99.1371623684469
C07 824.988 98.09095716319887
C07 850.022 96.79559152623679
C07 869.967 94.4348159743191
C07 875.002 93.40874118979576
C07 899.999 86.3037422019185
C07 919.999 77.64396603401983
C07 925.012 74.88760836598375
C07 949.965 62.0107518657054
C07 975.002 47.62458425437757
C07 999.976 30.784664042375812
C07 1025.028 14.951232618479876
C07 1050.014 5.9982322692998
C07 1075.002 0.9274278787074756
C07 1099.99 0.09201854211487312
C10 319.994 49.549937971362304
C10 324.969 51.72341259211562
C10 349.982 62.25008610260658
C10 374.975 75.15292321372601
C10 400.019 83.96727035809776
C10 424.965 84.36435485767014
C10 450.035 83.70609844654686
C10 475.003 83.76125413001762
C10 500.018 84.37740586545246
C10 525.002 85.44660967801924
C10 550.029 87.14348349916828
C10 575.023 88.91838261858803
C10 599.982 91.05641085396046
C10 619.997 91.94399320008672
C10 624.979 92.28326628786056
C10 650.012 93.72130523838716
C10 675.004 94.85456521822043
C10 700.03 95.51814067379453
C10 725.012 96.07907602339684
C10 750.022 97.25002458209917
C10 774.987 98.29534960310143
C10 799.976 98.38218433162521
C10 824.988 97.41034710735074
C10 850.022 95.97972902055152
C10 869.967 93.3618562031173
C10 875.002 92.35305124051987
C10 899.999 85.40156852557978
C10 919.999 77.37439443315787
C10 925.012 74.76296365386736
C10 949.965 62.03253642578857
C10 975.002 47.13440130132541
C10 999.976 30.38384445060526
C10 1025.028 14.668143360429424
C10 1050.014 5.776254639732392
C10 1075.002 0.9264869468238982
C10 1099.99 0.09192518371780094
C11 319.994 49.09983754657185
C11 324.969 51.22361590251683
C11 349.982 61.671569831474244
C11 374.975 74.87275905073375
C11 400.019 83.94233686299735
C11 424.965 84.40577663178857
C11 450.035 83.73374078454162
C11 475.003 83.72104640313475
C11 500.018 84.28462989326964
C11 525.002 85.31053774629808
C11 550.029 86.98549042704995
C11 575.023 88.76435796337095
C11 599.982 90.92145432813697
C11 619.997 91.8202969623731
C11 624.979 92.16109519698662
C11 650.012 93.62042550090695
C11 675.004 94.77685101955383
C11 700.03 95.45821985492418
C11 725.012 96.09566294375274
C11 750.022 97.35917501637168
C11 774.987 98.49675245168642
C11 799.976 98.63829518376285
C11 824.988 97.63985514943906
C11 850.022 96.22419260702296
C11 869.967 93.65494996916833
C11 875.002 92.64767015341059
C11 899.999 85.7324267484521
C11 919.999 77.5781267348761
C11 925.012 74.91301230438795
C11 949.965 62.11158228251668
C11 975.002 47.27638033162711
C11 999.976 30.5875786492723
C11 1025.028 14.755266425171648
C11 1050.014 5.8277259743855305
C11 1075.002 0.927526041315703
C11 1099.99 0.09202828171868131
C12 319.994 48.78584319858105
C12 324.969 50.87153082251019
C12 349.982 61.258926557798574
C12 374.975 74.70390784365235
C12 400.019 83.98183133712932
C12 424.965 84.50164083662686
C12 450.035 83.79530056717999
C12 475.003 83.71977924133263
C12 500.018 84.22627216021509
C12 525.002 85.21873301190371
C12 550.029 86.87812312465468
C12 575.023 88.66095907787694
C12 599.982 90.82561288668435
C12 619.997 91.73173221653865
C12 624.979 92.07381278854473
C12 650.012 93.54411504435647
C12 675.004 94.71906237114095
C12 700.03 95.4184825713451
C12 725.012 96.08974446347936
C12 750.022 97.39935997986888
C12 774.987 98.5765381184487
C12 799.976 98.73871965352973
C12 824.988 97.74417974595019
C12 850.022 96.32913181494709
C12 869.967 93.74508538861379
C12 875.002 92.73416343114936
C12 899.999 85.80432110818322
C12 919.999 77.61476061020927
C12 925.012 74.94687663446499
C12 949.965 62.16210561700424
C12 975.002 47.33259071863377
C12 999.976 30.65271797430677
C12 1025.028 14.79144123889387
C12 1050.014 5.853079643646378
C12 1075.002 0.9279085242616483
C12 1099.99 0.09206623132519814
C13 319.994 48.61823638991609
C13 324.969 50.698024503059905
C13 349.982 61.08683156825964
C13 374.975 74.74232485086274
C13 400.019 84.14905116823793
C13 424.965 84.71563183748562
C13 450.035 84.00045178660478
C13 475.003 83.90256164044214
C13 500.018 84.36894547377962
C13 525.002 85.34065370553532
C13 550.029 86.99128750259977
C13 575.023 88.7474827067966
C13 599.982 90.8908451622103
C13 619.997 91.78421699609116
C13 624.979 92.1212440964792
C13 650.012 93.58214507401054
C13 675.004 94.75304810594155
C13 700.03 95.4836313811236
C13 725.012 96.1674358987603
C13 750.022 97.49318306779237
C13 774.987 98.6854153920932
C13 799.976 98.84762727835512
C13 824.988 97.88014544853824
C13 850.022 96.47545485801355
C13 869.967 93.85073026149361
C13 875.002 92.84352632368808
C13 899.999 85.89932789216138
C13 919.999 77.753207521835
C13 925.012 75.0947855267329
C13 949.965 62.29577980543515
C13 975.002 47.41978966132821
C13 999.976 30.693739492227223
C13 1025.028 14.822609056243792
C13 1050.014 5.845126685779026
C13 1075.002 0.9288022416691203
C13 1099.99 0.0921549051453262
C14 319.994 48.327582100029026
C14 324.969 50.379492653526185
C14 349.982 60.69834024677648
C14 374.975 74.52015420675437
C14 400.019 84.10084590519078
C14 424.965 84.70599533755332
C14 450.035 83.9494769783015
C14 475.003 83.77751477517897
C14 500.018 84.19973005252754
C14 525.002 85.1625757394636
C14 550.029 86.83100291632432
C14 575.023 88.624674241124
C14 599.982 90.7970524254677
C14 619.997 91.70997041984116
C14 624.979 92.05817434259161
C14 650.012 93.52944024839658
C14 675.004 94.7173095904446
C14 700.03 95.46096663679465
C14 725.012 96.14074962296354
C14 750.022 97.44828608346214
C14 774.987 98.63418259875236
C14 799.976 98.79400432951927
C14 824.988 97.8503330011099
C14 850.022 96.43655981970414
C14 869.967 93.78102877458174
C14 875.002 92.77503129621655
C14 899.999 85.85471165625438
C14 919.999 77.78217013619845
C14 925.012 75.14821119289299
C14 949.965 62.357089190831175
C14 975.002 47.463631942122554
C14 999.976 30.707498061914023
C14 1025.028 14.821848379772758
C14 1050.014 5.854267133598666
C14 1075.002 0.9283746085290042
C14 1099.99 0.09211247577802238
C15 319.994 48.00183425723891
C15 324.969 50.02285110248855
C15 349.982 60.276079442656574
C15 374.975 74.22119507499653
C15 400.019 83.95591901644522
C15 424.965 84.57685865066533
C15 450.035 83.75623100958047
C15 475.003 83.48977040475964
C15 500.018 83.85155648095798
C15 525.002 84.79462837354478
C15 550.029 86.4835957120722
C15 575.023 88.32835566210349
C15 599.982 90.54539560912553
C15 619.997 91.48388447339808
C15 624.979 91.834766887862
C15 650.012 93.32840920177748
C15 675.004 94.53278199843396
C15 700.03 95.26258373070812
C15 725.012 95.92058215679384
C15 750.022 97.198131650574
C15 774.987 98.34392666811446
C15 799.976 98.49606955011642
C15 824.988 97.55621488270386
C15 850.022 96.11991353728315
C15 869.967 93.46206062682273
C15 875.002 92.45793733387745
C15 899.999 85.60584714855402
C15 919.999 77.62932158924083
C15 925.012 75.01405138556784
C15 949.965 62.202495450972435
C15 975.002 47.38065940136691
C15 999.976 30.634188578373962
C15 1025.028 14.790276512327251
C15 1050.014 5.914188426706216
C15 1075.002 0.925991698193817
C15 1099.99 0.09187604560369983
C16 319.994 47.86260200880767
C16 324.969 49.854034040485644
C16 349.982 60.09920034822999
C16 374.975 74.23619614615097
C16 400.019 84.1640901783685
C16 424.965 84.82042687730053
C16 450.035 83.98715038158014
C16 475.003 83.69318401907854
C16 500.018 84.02325311124774
C16 525.002 84.9411411114918
C16 550.029 86.61424995800466
C16 575.023 88.45189255611744
C16 599.982 90.67232424760384
C16 619.997 91.61213338824507
C16 624.979 91.96517832434733
C16 650.012 93.48445221052368
C16 675.004 94.69385571541252
C16 700.03 95.41128175367915
C16 725.012 96.05704865386656
C16 750.022 97.30801810098306
C16 774.987 98.43293150607182
C16 799.976 98.60202552260034
C16 824.988 97.64609231711178
C16 850.022 96.18920528325302
C16 869.967 93.53711909716152
C16 875.002 92.52367040388808
C16 899.999 85.76733819426981
C16 919.999 77.85193232547209
C16 925.012 75.21905084908819
C16 949.965 62.219602135301066
C16 975.002 47.441194831650265
C16 999.976 30.621473330530225
C16 1025.028 14.832992005531079
C16 1050.014 6.023859099188649
C16 1075.002 0.9270387779514913
C16 1099.99 0.09197993589532388
C17 319.994 47.55709460977299
C17 324.969 49.52416981878744
C17 349.982 59.74312408793642
C17 374.975 73.96833938700925
C17 400.019 84.03892949617698
C17 424.965 84.72652791142481
C17 450.035 83.89806966567056
C17 475.003 83.59331345836289
C17 500.018 83.91467934941213
C17 525.002 84.8093107572999
C17 550.029 86.45690943627545
C17 575.023 88.27782853371833
C17 599.982 90.4861273406443
C17 619.997 91.42809141512865
C17 624.979 91.78006647210458
C17 650.012 93.31417449794048
C17 675.004 94.52451130164167
C17 700.03 95.24615615405189
C17 725.012 95.88339437240946
C17 750.022 97.12232198850819
C17 774.987 98.23225708582817
C17 799.976 98.41311977274644
C17 824.988 97.4506231243906
C17 850.022 95.98064714377342
C17 869.967 93.43394025772896
C17 875.002 92.44438553161046
C17 899.999 85.87672385019421
C17 919.999 77.92500279346265
C17 925.012 75.24145002058437
C17 949.965 61.99010926880319
C17 975.002 47.396711382159644
C17 999.976 30.4160072176037
C17 1025.028 14.919809661515608
C17 1050.014 6.1147139364686325
C17 1075.002 0.9252697750340336
C17 1099.99 0.09180441705100331
