lsstCam/transmission_sensor/r01_s00/19700101T000000.ecsv
# %ECSV 1.0
# ---
# datatype:
# - {name: amp_name, datatype: string}
# - {name: wavelength, unit: nm, datatype: float32}
# - {name: efficiency, unit: '%', datatype: float64}
# meta: !!omap
# - {MODE: AMP}
# - {TYPE: transmission_sensor}
# - {CALIBDATE: '1970-01-01T00:00:00'}
# - {INSTRUME: LSSTCAM}
# - {OBSTYPE: transmission_sensor}
# - {DETECTOR: 0}
# - {PARQUETFILE: qe_raft_allvalues_nircorrected_20230725.parquet}
# - {CALIBCLS: lsst.ip.isr.IntermediateSensorTransmissionCurve}
# - {CALIB_ID: 'raftName=R01 detectorName=S00 detector=0 calibDate=1970-01-01T00:00:00 ccd=0 ccdnum=0 filter=None'}
# - {DATE: '2023-08-02T16:57:55.463895'}
# - {CALIB_CREATION_DATE: '2023-08-02'}
# - {CALIB_CREATION_TIME: '16:57:55'}
# - __serialized_columns__:
#     efficiency:
#       __class__: astropy.units.quantity.Quantity
#       unit: !astropy.units.Unit {unit: '%'}
#       value: !astropy.table.SerializedColumn {name: efficiency}
#     wavelength:
#       __class__: astropy.units.quantity.Quantity
#       unit: !astropy.units.Unit {unit: nm}
#       value: !astropy.table.SerializedColumn {name: wavelength}
# schema: astropy-2.0
amp_name wavelength efficiency
C00 319.994 49.60984802246094
C00 324.969 51.77610397338867
C00 349.982 62.34888458251953
C00 374.975 75.2425537109375
C00 400.019 84.0316162109375
C00 424.965 84.41834259033203
C00 450.035 83.82274627685547
C00 475.003 83.95719146728516
C00 500.018 84.6116943359375
C00 525.002 85.65898895263672
C00 550.029 87.30049896240234
C00 575.023 88.9983139038086
C00 599.982 91.07486724853516
C00 619.997 91.91490936279297
C00 624.979 92.24571990966797
C00 650.012 93.68289184570312
C00 675.004 94.82974243164062
C00 700.03 95.49496459960938
C00 725.012 96.23193359375
C00 750.022 97.6282730102539
C00 774.987 98.88317108154297
C00 799.976 99.08316040039062
C00 824.988 98.0189437866211
C00 850.022 96.60967254638672
C00 869.967 94.03070068359375
C00 875.002 92.99490356445312
C00 899.999 85.87946319580078
C00 919.999 77.31218719482422
C00 925.012 74.61177062988281
C00 949.965 62.12238693237305
C00 975.002 47.7011833190918
C00 999.976 30.57564926147461
C00 1025.028 14.764561653137207
C00 1050.014 5.899758338928223
C00 1075.002 0.9300886805410308
C00 1099.99 0.09228254442837006
C01 319.994 49.13243103027344
C01 324.969 51.23161697387695
C01 349.982 61.713924407958984
C01 374.975 74.96670532226562
C01 400.019 84.08460235595703
C01 424.965 84.54313659667969
C01 450.035 83.90258026123047
C01 475.003 83.94181060791016
C01 500.018 84.52052307128906
C01 525.002 85.53034973144531
C01 550.029 87.15958404541016
C01 575.023 88.88645935058594
C01 599.982 91.00067138671875
C01 619.997 91.87039184570312
C01 624.979 92.20625305175781
C01 650.012 93.6814956665039
C01 675.004 94.84981536865234
C01 700.03 95.53943634033203
C01 725.012 96.36058807373047
C01 750.022 97.86051177978516
C01 774.987 99.2202377319336
C01 799.976 99.48082733154297
C01 824.988 98.3860092163086
C01 850.022 96.99043273925781
C01 869.967 94.48324584960938
C01 875.002 93.43812561035156
C01 899.999 86.28231048583984
C01 919.999 77.56549072265625
C01 925.012 74.83182525634766
C01 949.965 62.30384826660156
C01 975.002 47.86576461791992
C01 999.976 30.71771812438965
C01 1025.028 14.839984893798828
C01 1050.014 5.882266998291016
C01 1075.002 0.9323003320495062
C01 1099.99 0.0925019824592385
C02 319.994 48.7640266418457
C02 324.969 50.82790756225586
C02 349.982 61.22968292236328
C02 374.975 74.73833465576172
C02 400.019 84.05889892578125
C02 424.965 84.57660675048828
C02 450.035 83.90531921386719
C02 475.003 83.87413787841797
C02 500.018 84.39331817626953
C02 525.002 85.36459350585938
C02 550.029 86.97720336914062
C02 575.023 88.6969985961914
C02 599.982 90.81513977050781
C02 619.997 91.69080352783203
C02 624.979 92.02965545654297
C02 650.012 93.50947570800781
C02 675.004 94.6863784790039
C02 700.03 95.41651153564453
C02 725.012 96.28582763671875
C02 750.022 97.84153747558594
C02 774.987 99.25492095947266
C02 799.976 99.53247833251953
C02 824.988 98.4384765625
C02 850.022 97.02413940429688
C02 869.967 94.48866271972656
C02 875.002 93.43714904785156
C02 899.999 86.20726013183594
C02 919.999 77.41458892822266
C02 925.012 74.66725158691406
C02 949.965 62.14528274536133
C02 975.002 47.741329193115234
C02 999.976 30.646408081054688
C02 1025.028 14.811111450195312
C02 1050.014 5.83787727355957
C02 1075.002 0.9321191061092098
C02 1099.99 0.09248400138793114
C03 319.994 48.63932800292969
C03 324.969 50.68153381347656
C03 349.982 61.07342529296875
C03 374.975 74.79800415039062
C03 400.019 84.29197692871094
C03 424.965 84.8376693725586
C03 450.035 84.12036895751953
C03 475.003 84.02130126953125
C03 500.018 84.48191833496094
C03 525.002 85.43258666992188
C03 550.029 87.04670715332031
C03 575.023 88.78340148925781
C03 599.982 90.91980743408203
C03 619.997 91.81060791015625
C03 624.979 92.15294647216797
C03 650.012 93.64768981933594
C03 675.004 94.83807373046875
C03 700.03 95.59188842773438
C03 725.012 96.48834228515625
C03 750.022 98.07049560546875
C03 774.987 99.51327514648438
C03 799.976 99.80287170410156
C03 824.988 98.7027587890625
C03 850.022 97.26139068603516
C03 869.967 94.68155670166016
C03 875.002 93.62416076660156
C03 899.999 86.33600616455078
C03 919.999 77.48097229003906
C03 925.012 74.7062759399414
C03 949.965 62.12636184692383
C03 975.002 47.737674713134766
C03 999.976 30.640716552734375
C03 1025.028 14.778453826904297
C03 1050.014 5.818485736846924
C03 1075.002 0.9343001434350668
C03 1099.99 0.09270040190772487
C04 319.994 48.286659240722656
C04 324.969 50.30642318725586
C04 349.982 60.62137985229492
C04 374.975 74.52493286132812
C04 400.019 84.14579010009766
C04 424.965 84.73536682128906
C04 450.035 83.99766540527344
C04 475.003 83.86151885986328
C04 500.018 84.280029296875
C04 525.002 85.19340515136719
C04 550.029 86.77410888671875
C04 575.023 88.4914779663086
C04 599.982 90.61629486083984
C04 619.997 91.50779724121094
C04 624.979 91.8487319946289
C04 650.012 93.33113098144531
C04 675.004 94.52523040771484
C04 700.03 95.30316925048828
C04 725.012 96.20135498046875
C04 750.022 97.7891845703125
C04 774.987 99.23301696777344
C04 799.976 99.51949310302734
C04 824.988 98.44116973876953
C04 850.022 97.00100708007812
C04 869.967 94.41966247558594
C04 875.002 93.37494659423828
C04 899.999 86.08255767822266
C04 919.999 77.27509307861328
C04 925.012 74.51675415039062
C04 949.965 61.963356018066406
C04 975.002 47.568050384521484
C04 999.976 30.514019012451172
C04 1025.028 14.729048728942871
C04 1050.014 5.785802364349365
C04 1075.002 0.9316200805234925
C04 1099.99 0.09243448852776166
C05 319.994 48.123836517333984
C05 324.969 50.12221145629883
C05 349.982 60.419769287109375
C05 374.975 74.49127197265625
C05 400.019 84.282470703125
C05 424.965 84.89615631103516
C05 450.035 84.12108612060547
C05 475.003 83.91985321044922
C05 500.018 84.29539489746094
C05 525.002 85.1955337524414
C05 550.029 86.79639434814453
C05 575.023 88.54034423828125
C05 599.982 90.68689727783203
C05 619.997 91.5953140258789
C05 624.979 91.93851470947266
C05 650.012 93.44308471679688
C05 675.004 94.65707397460938
C05 700.03 95.43061828613281
C05 725.012 96.33496856689453
C05 750.022 97.92333984375
C05 774.987 99.37063598632812
C05 799.976 99.66819763183594
C05 824.988 98.5907211303711
C05 850.022 97.15434265136719
C05 869.967 94.61347198486328
C05 875.002 93.56871032714844
C05 899.999 86.2479248046875
C05 919.999 77.48817443847656
C05 925.012 74.74359893798828
C05 949.965 62.14487075805664
C05 975.002 47.63172149658203
C05 999.976 30.5349178314209
C05 1025.028 14.805647850036621
C05 1050.014 5.838870048522949
C05 1075.002 0.9328981533201441
C05 1099.99 0.09256129773650408
C06 319.994 47.978485107421875
C06 324.969 49.946876525878906
C06 349.982 60.234195709228516
C06 374.975 74.4833984375
C06 400.019 84.4683609008789
C06 424.965 85.11106872558594
C06 450.035 84.3138656616211
C06 475.003 84.07566833496094
C06 500.018 84.41780853271484
C06 525.002 85.29727935791016
C06 550.029 86.88893127441406
C06 575.023 88.63252258300781
C06 599.982 90.78389739990234
C06 619.997 91.6956558227539
C06 624.979 92.04048919677734
C06 650.012 93.5710678100586
C06 675.004 94.80785369873047
C06 700.03 95.56218719482422
C06 725.012 96.46878051757812
C06 750.022 98.05241394042969
C06 774.987 99.5027084350586
C06 799.976 99.83477783203125
C06 824.988 98.750732421875
C06 850.022 97.37677001953125
C06 869.967 94.93840789794922
C06 875.002 93.88851165771484
C06 899.999 86.62112426757812
C06 919.999 77.90961456298828
C06 925.012 75.15772247314453
C06 949.965 62.39565658569336
C06 975.002 47.83934020996094
C06 999.976 30.737445831298828
C06 1025.028 14.955989837646484
C06 1050.014 5.946515083312988
C06 1075.002 0.9341278403869839
C06 1099.99 0.09268330615758563
C07 319.994 47.60053253173828
C07 324.969 49.545318603515625
C07 349.982 59.77503967285156
C07 374.975 74.14064025878906
C07 400.019 84.27536010742188
C07 424.965 84.95525360107422
C07 450.035 84.13347625732422
C07 475.003 83.85630798339844
C07 500.018 84.18234252929688
C07 525.002 85.04656982421875
C07 550.029 86.64303588867188
C07 575.023 88.39961242675781
C07 599.982 90.56065368652344
C07 619.997 91.48411560058594
C07 624.979 91.82862854003906
C07 650.012 93.37297058105469
C07 675.004 94.61441040039062
C07 700.03 95.38660430908203
C07 725.012 96.29863739013672
C07 750.022 97.88285064697266
C07 774.987 99.33536529541016
C07 799.976 99.68067169189453
C07 824.988 98.62873077392578
C07 850.022 97.32626342773438
C07 869.967 94.95254516601562
C07 875.002 93.92084503173828
C07 899.999 86.77689361572266
C07 919.999 78.06964111328125
C07 925.012 75.29817199707031
C07 949.965 62.3507194519043
C07 975.002 47.88568115234375
C07 999.976 30.95343780517578
C07 1025.028 15.033201217651367
C07 1050.014 6.031116962432861
C07 1075.002 0.9325124069193018
C07 1099.99 0.09252302433299045
C10 319.994 49.821590423583984
C10 324.969 52.006980895996094
C10 349.982 62.591365814208984
C10 374.975 75.56494140625
C10 400.019 84.4276123046875
C10 424.965 84.82687377929688
C10 450.035 84.16500854492188
C10 475.003 84.22046661376953
C10 500.018 84.83999633789062
C10 525.002 85.9150619506836
C10 550.029 87.6212387084961
C10 575.023 89.40586853027344
C10 599.982 91.55561828613281
C10 619.997 92.44806671142578
C10 624.979 92.78919982910156
C10 650.012 94.23512268066406
C10 675.004 95.37459564208984
C10 700.03 96.04180908203125
C10 725.012 96.60581970214844
C10 750.022 97.78318786621094
C10 774.987 98.83424377441406
C10 799.976 98.92155456542969
C10 824.988 97.94438934326172
C10 850.022 96.50592803955078
C10 869.967 93.87370300292969
C10 875.002 92.85936737060547
C10 899.999 85.8697738647461
C10 919.999 77.79859161376953
C10 925.012 75.17284393310547
C10 949.965 62.372623443603516
C10 975.002 47.3928108215332
C10 999.976 30.5504207611084
C10 1025.028 14.748559951782227
C10 1050.014 5.80792236328125
C10 1075.002 0.9315663164731912
C10 1099.99 0.09242915410808279
C11 319.994 49.369022369384766
C11 324.969 51.50444412231445
C11 349.982 62.00967788696289
C11 374.975 75.28324127197266
C11 400.019 84.40254211425781
C11 424.965 84.86852264404297
C11 450.035 84.19280242919922
C11 475.003 84.18003845214844
C11 500.018 84.74671173095703
C11 525.002 85.77824401855469
C11 550.029 87.4623794555664
C11 575.023 89.2509994506836
C11 599.982 91.419921875
C11 619.997 92.32369232177734
C11 624.979 92.6663589477539
C11 650.012 94.1336898803711
C11 675.004 95.29645538330078
C11 700.03 95.98155975341797
C11 725.012 96.62249755859375
C11 750.022 97.89293670654297
C11 774.987 99.03675079345703
C11 799.976 99.17906951904297
C11 824.988 98.17515563964844
C11 850.022 96.7517318725586
C11 869.967 94.16840362548828
C11 875.002 93.15560150146484
C11 899.999 86.20244598388672
C11 919.999 78.0034408569336
C11 925.012 75.32371520996094
C11 949.965 62.45210266113281
C11 975.002 47.53556823730469
C11 999.976 30.755271911621094
C11 1025.028 14.836160659790039
C11 1050.014 5.859675884246826
C11 1075.002 0.9326111076939597
C11 1099.99 0.09253281733317746
C12 319.994 49.053306579589844
C12 324.969 51.150428771972656
C12 349.982 61.59477233886719
C12 374.975 75.11346435546875
C12 400.019 84.44225311279297
C12 424.965 84.96491241455078
C12 450.035 84.25469970703125
C12 475.003 84.17876434326172
C12 500.018 84.68803405761719
C12 525.002 85.6859359741211
C12 550.029 87.35442352294922
C12 575.023 89.14703369140625
C12 599.982 91.32355499267578
C12 619.997 92.2346420288086
C12 624.979 92.57859802246094
C12 650.012 94.05696105957031
C12 675.004 95.23834991455078
C12 700.03 95.94160461425781
C12 725.012 96.61654663085938
C12 750.022 97.93334197998047
C12 774.987 99.11697387695312
C12 799.976 99.28004455566406
C12 824.988 98.2800521850586
C12 850.022 96.85724639892578
C12 869.967 94.259033203125
C12 875.002 93.24256896972656
C12 899.999 86.27473449707031
C12 919.999 78.04027557373047
C12 925.012 75.3577651977539
C12 949.965 62.50290298461914
C12 975.002 47.59208679199219
C12 999.976 30.820768356323242
C12 1025.028 14.872533798217773
C12 1050.014 5.885168552398682
C12 1075.002 0.9329956875634219
C12 1099.99 0.09257097499451925
C13 319.994 48.88478088378906
C13 324.969 50.97597122192383
C13 349.982 61.42173385620117
C13 374.975 75.15209197998047
C13 400.019 84.61038970947266
C13 424.965 85.1800765991211
C13 450.035 84.46097564697266
C13 475.003 84.362548828125
C13 500.018 84.83148956298828
C13 525.002 85.80852508544922
C13 550.029 87.46820831298828
C13 575.023 89.2340316772461
C13 599.982 91.38914489746094
C13 619.997 92.28741455078125
C13 624.979 92.62628936767578
C13 650.012 94.09519958496094
C13 675.004 95.27252197265625
C13 700.03 96.00711059570312
C13 725.012 96.69466400146484
C13 750.022 98.02767944335938
C13 774.987 99.22644805908203
C13 799.976 99.3895492553711
C13 824.988 98.41676330566406
C13 850.022 97.0043716430664
C13 869.967 94.3652572631836
C13 875.002 93.35253143310547
C13 899.999 86.3702621459961
C13 919.999 78.17948150634766
C13 925.012 75.50648498535156
C13 949.965 62.63731002807617
C13 975.002 47.67976379394531
C13 999.976 30.862014770507812
C13 1025.028 14.9038724899292
C13 1050.014 5.877171993255615
C13 1075.002 0.9338943046849052
C13 1099.99 0.09266013495977023
C14 319.994 48.592533111572266
C14 324.969 50.65569305419922
C14 349.982 61.03111267089844
C14 374.975 74.92870330810547
C14 400.019 84.56192016601562
C14 424.965 85.1703872680664
C14 450.035 84.40972137451172
C14 475.003 84.23681640625
C14 500.018 84.66134643554688
C14 525.002 85.62947082519531
C14 550.029 87.30704498291016
C14 575.023 89.11054992675781
C14 599.982 91.29483795166016
C14 619.997 92.21276092529297
C14 624.979 92.56287384033203
C14 650.012 94.04220581054688
C14 675.004 95.23658752441406
C14 700.03 95.98432159423828
C14 725.012 96.66783142089844
C14 750.022 97.98253631591797
C14 774.987 99.17493438720703
C14 799.976 99.33563232421875
C14 824.988 98.38678741455078
C14 850.022 96.96526336669922
C14 869.967 94.29517364501953
C14 875.002 93.28366088867188
C14 899.999 86.32540130615234
C14 919.999 78.20860290527344
C14 925.012 75.5602035522461
C14 949.965 62.69895553588867
C14 975.002 47.723846435546875
C14 999.976 30.8758487701416
C14 1025.028 14.903107643127441
C14 1050.014 5.886362552642822
C14 1075.002 0.933464327089964
C14 1099.99 0.09261747297781245
C15 319.994 48.26499938964844
C15 324.969 50.297096252441406
C15 349.982 60.606536865234375
C15 374.975 74.62810516357422
C15 400.019 84.41619873046875
C15 424.965 85.04054260253906
C15 450.035 84.21541595458984
C15 475.003 83.94749450683594
C15 500.018 84.31126403808594
C15 525.002 85.25950622558594
C15 550.029 86.95773315429688
C15 575.023 88.81260681152344
C15 599.982 91.04180145263672
C15 619.997 91.98543548583984
C15 624.979 92.33824157714844
C15 650.012 93.84007263183594
C15 675.004 95.0510482788086
C15 700.03 95.78485107421875
C15 725.012 96.44645690917969
C15 750.022 97.73101043701172
C15 774.987 98.88308715820312
C15 799.976 99.03606414794922
C15 824.988 98.09105682373047
C15 850.022 96.64688110351562
C15 869.967 93.97445678710938
C15 875.002 92.96482849121094
C15 899.999 86.0751724243164
C15 919.999 78.05491638183594
C15 925.012 75.42530822753906
C15 949.965 62.543514251708984
C15 975.002 47.640419006347656
C15 999.976 30.80213737487793
C15 1025.028 14.871362686157227
C15 1050.014 5.946612358093262
C15 1075.002 0.9310683526932969
C15 1099.99 0.09237974659931159
C16 319.994 48.125003814697266
C16 324.969 50.12735366821289
C16 349.982 60.428688049316406
C16 374.975 74.6431884765625
C16 400.019 84.6255111694336
C16 424.965 85.28544616699219
C16 450.035 84.44760131835938
C16 475.003 84.15202331542969
C16 500.018 84.48390197753906
C16 525.002 85.40682220458984
C16 550.029 87.08910369873047
C16 575.023 88.93682098388672
C16 599.982 91.16942596435547
C16 619.997 92.11438751220703
C16 624.979 92.46936798095703
C16 650.012 93.9969711303711
C16 675.004 95.21300506591797
C16 700.03 95.93436431884766
C16 725.012 96.58367156982422
C16 750.022 97.84149932861328
C16 774.987 98.97257995605469
C16 799.976 99.1426010131836
C16 824.988 98.18142700195312
C16 850.022 96.716552734375
C16 869.967 94.0499267578125
C16 875.002 93.03092193603516
C16 899.999 86.237548828125
C16 919.999 78.27874755859375
C16 925.012 75.63143157958984
C16 949.965 62.56071472167969
C16 975.002 47.70128631591797
C16 999.976 30.789352416992188
C16 1025.028 14.914312362670898
C16 1050.014 6.056884288787842
C16 1075.002 0.9321211729583359
C16 1099.99 0.09248420645880266
C17 319.994 47.81782150268555
C17 324.969 49.79568099975586
C17 349.982 60.07065963745117
C17 374.975 74.37386322021484
C17 400.019 84.49966430664062
C17 424.965 85.19103240966797
C17 450.035 84.3580322265625
C17 475.003 84.05160522460938
C17 500.018 84.3747329711914
C17 525.002 85.2742691040039
C17 550.029 86.93090057373047
C17 575.023 88.76180267333984
C17 599.982 90.98220825195312
C17 619.997 91.92933654785156
C17 624.979 92.28324127197266
C17 650.012 93.82575988769531
C17 675.004 95.04273223876953
C17 700.03 95.7683334350586
C17 725.012 96.40906524658203
C17 750.022 97.65478515625
C17 774.987 98.77080535888672
C17 799.976 98.9526596069336
C17 824.988 97.9848861694336
C17 850.022 96.50685119628906
C17 869.967 93.94618225097656
C17 875.002 92.95120239257812
C17 899.999 86.3475341796875
C17 919.999 78.35221862792969
C17 925.012 75.6539535522461
C17 949.965 62.32996368408203
C17 975.002 47.656558990478516
C17 999.976 30.582759857177734
C17 1025.028 15.001605987548828
C17 1050.014 6.148237228393555
C17 1075.002 0.9303424716638431
C17 1099.99 0.09230772535042238
