ts8/transmission_sensor/rtm-012_s11/19700101T000000.ecsv
# %ECSV 0.9
# ---
# datatype:
# - {name: amp_name, datatype: string}
# - {name: wavelength, unit: nm, datatype: float32}
# - {name: efficiency, unit: '%', datatype: float32}
# meta: !!omap
# - {MODE: AMP}
# - {TYPE: transmission_sensor}
# - {CALIBDATE: '1970-01-01T00:00:00'}
# - {INSTRUME: TS8}
# - {OBSTYPE: transmission_sensor}
# - {DETECTOR: 85}
# - {CALIBCLS: lsst.ip.isr.IntermediateSensorTransmissionCurve}
# - {PICKLEFILE: RaftRun11063.p}
# - {CALIB_ID: 'raftName=RTM-012 detectorName=S11 detector=85 calibDate=1970-01-01T00:00:00 ccd=85 ccdnum=85 filter=None'}
# - {DATE: '2020-07-23T20:30:39.491192'}
# - {CALIB_CREATION_DATE: '2020-07-23'}
# - {CALIB_CREATION_TIME: '20:30:39'}
# - __serialized_columns__:
#     efficiency:
#       __class__: astropy.units.quantity.Quantity
#       unit: !astropy.units.Unit {unit: '%'}
#       value: !astropy.table.SerializedColumn {name: efficiency}
#     wavelength:
#       __class__: astropy.units.quantity.Quantity
#       unit: !astropy.units.Unit {unit: nm}
#       value: !astropy.table.SerializedColumn {name: wavelength}
# schema: astropy-2.0
amp_name wavelength efficiency
C15 319.994 42.76697
C15 324.969 48.286896
C15 349.982 73.24835
C15 374.975 79.04293
C15 400.019 84.76029
C15 424.965 86.319405
C15 450.035 87.66816
C15 475.003 89.795395
C15 500.018 91.86847
C15 525.002 93.774994
C15 550.029 95.27663
C15 575.023 96.81885
C15 599.982 98.08193
C15 619.997 98.25976
C15 624.979 98.30973
C15 650.012 98.75483
C15 675.004 99.04039
C15 700.03 98.64256
C15 725.012 98.05894
C15 750.022 98.05927
C15 774.987 97.99784
C15 799.976 97.10178
C15 824.988 95.58036
C15 850.022 93.3063
C15 869.967 90.27661
C15 875.002 89.20301
C15 899.999 82.25499
C15 919.999 74.21932
C15 925.012 71.60844
C15 949.965 58.222786
C15 975.002 42.928783
C15 999.976 26.01825
C15 1025.028 10.950812
C15 1050.014 3.7314966
C15 1075.002 2.0135584
C15 1099.99 1.5610301
C05 319.994 43.638012
C05 324.969 49.280064
C05 349.982 74.96617
C05 374.975 80.63468
C05 400.019 85.49762
C05 424.965 86.63683
C05 450.035 87.76326
C05 475.003 89.75736
C05 500.018 91.74077
C05 525.002 93.59125
C05 550.029 95.05376
C05 575.023 96.580956
C05 599.982 97.82354
C05 619.997 97.99614
C05 624.979 98.05178
C05 650.012 98.48929
C05 675.004 98.77555
C05 700.03 98.38636
C05 725.012 97.814674
C05 750.022 97.83109
C05 774.987 97.77119
C05 799.976 96.86698
C05 824.988 95.35088
C05 850.022 92.92
C05 869.967 89.84442
C05 875.002 88.8524
C05 899.999 81.84134
C05 919.999 73.56381
C05 925.012 70.99144
C05 949.965 57.811485
C05 975.002 42.956482
C05 999.976 25.864134
C05 1025.028 10.880346
C05 1050.014 3.669208
C05 1075.002 1.9893008
C05 1099.99 1.5515
C04 319.994 43.53551
C04 324.969 49.161976
C04 349.982 74.818115
C04 374.975 80.566216
C04 400.019 85.52959
C04 424.965 86.713356
C04 450.035 87.86236
C04 475.003 89.86891
C04 500.018 91.86014
C04 525.002 93.7194
C04 550.029 95.18787
C04 575.023 96.71873
C04 599.982 97.97334
C04 619.997 98.14953
C04 624.979 98.203514
C04 650.012 98.643486
C04 675.004 98.93198
C04 700.03 98.54275
C04 725.012 97.96486
C04 750.022 97.96951
C04 774.987 97.89951
C04 799.976 96.98719
C04 824.988 95.47986
C04 850.022 92.99987
C04 869.967 89.925186
C04 875.002 88.936386
C04 899.999 82.039764
C04 919.999 73.528404
C04 925.012 70.87978
C04 949.965 57.838253
C04 975.002 43.024242
C04 999.976 25.89125
C04 1025.028 10.881579
C04 1050.014 3.6587532
C04 1075.002 1.9907165
C04 1099.99 1.5556091
C03 319.994 43.20113
C03 324.969 48.780254
C03 349.982 74.28663
C03 374.975 80.13721
C03 400.019 85.23387
C03 424.965 86.472374
C03 450.035 87.64369
C03 475.003 89.65746
C03 500.018 91.655396
C03 525.002 93.521065
C03 550.029 94.99579
C03 575.023 96.52632
C03 599.982 97.78273
C03 619.997 97.96324
C03 624.979 98.01901
C03 650.012 98.46533
C03 675.004 98.75376
C03 700.03 98.36915
C03 725.012 97.790924
C03 750.022 97.7919
C03 774.987 97.72118
C03 799.976 96.80582
C03 824.988 95.307
C03 850.022 92.802414
C03 869.967 89.72363
C03 875.002 88.75051
C03 899.999 81.89473
C03 919.999 73.25995
C03 925.012 70.623924
C03 949.965 57.64292
C03 975.002 42.998264
C03 999.976 25.884764
C03 1025.028 10.863813
C03 1050.014 3.6489987
C03 1075.002 1.9847729
C03 1099.99 1.5539584
C17 319.994 42.974266
C17 324.969 48.51867
C17 349.982 73.589226
C17 374.975 79.3569
C17 400.019 84.95886
C17 424.965 86.45848
C17 450.035 87.78204
C17 475.003 89.88957
C17 500.018 91.953514
C17 525.002 93.85384
C17 550.029 95.348564
C17 575.023 96.88922
C17 599.982 98.14583
C17 619.997 98.32022
C17 624.979 98.37582
C17 650.012 98.81392
C17 675.004 99.10157
C17 700.03 98.70711
C17 725.012 98.15456
C17 750.022 98.20796
C17 774.987 98.20036
C17 799.976 97.32876
C17 824.988 95.81319
C17 850.022 93.57935
C17 869.967 90.58486
C17 875.002 89.48977
C17 899.999 82.60652
C17 919.999 74.58507
C17 925.012 71.87515
C17 949.965 58.522266
C17 975.002 42.990532
C17 999.976 26.191952
C17 1025.028 11.0580435
C17 1050.014 3.7791243
C17 1075.002 2.031902
C17 1099.99 1.5674003
C13 319.994 42.303383
C13 324.969 47.76026
C13 349.982 72.51181
C13 374.975 78.414986
C13 400.019 84.34513
C13 424.965 86.00929
C13 450.035 87.41275
C13 475.003 89.56688
C13 500.018 91.66016
C13 525.002 93.58238
C13 550.029 95.09646
C13 575.023 96.65026
C13 599.982 97.92181
C13 619.997 98.11026
C13 624.979 98.16593
C13 650.012 98.61969
C13 675.004 98.91265
C13 700.03 98.518036
C13 725.012 97.9285
C13 750.022 97.91835
C13 774.987 97.84231
C13 799.976 96.940384
C13 824.988 95.42552
C13 850.022 93.06223
C13 869.967 90.08841
C13 875.002 89.08458
C13 899.999 81.94931
C13 919.999 73.76728
C13 925.012 71.18851
C13 949.965 58.052464
C13 975.002 42.970913
C13 999.976 25.843555
C13 1025.028 10.880192
C13 1050.014 3.689212
C13 1075.002 2.0089102
C13 1099.99 1.5611999
C11 319.994 42.051636
C11 324.969 47.474808
C11 349.982 72.07999
C11 374.975 78.07034
C11 400.019 84.22827
C11 424.965 85.99121
C11 450.035 87.44825
C11 475.003 89.62969
C11 500.018 91.74072
C11 525.002 93.67487
C11 550.029 95.1959
C11 575.023 96.75901
C11 599.982 98.035934
C11 619.997 98.22763
C11 624.979 98.28363
C11 650.012 98.74145
C11 675.004 99.036736
C11 700.03 98.64819
C11 725.012 98.06808
C11 750.022 98.07286
C11 774.987 98.007805
C11 799.976 97.10086
C11 824.988 95.60096
C11 850.022 93.157974
C11 869.967 90.15939
C11 875.002 89.18433
C11 899.999 82.17877
C11 919.999 73.60448
C11 925.012 70.94365
C11 949.965 57.999275
C11 975.002 43.02045
C11 999.976 25.924103
C11 1025.028 10.894337
C11 1050.014 3.7031188
C11 1075.002 2.020358
C11 1099.99 1.5641247
C16 319.994 42.995667
C16 324.969 48.542744
C16 349.982 73.6432
C16 374.975 79.399994
C16 400.019 84.9714
C16 424.965 86.45449
C16 450.035 87.76731
C16 475.003 89.86812
C16 500.018 91.924225
C16 525.002 93.82119
C16 550.029 95.313324
C16 575.023 96.85213
C16 599.982 98.10853
C16 619.997 98.28441
C16 624.979 98.33828
C16 650.012 98.77867
C16 675.004 99.06211
C16 700.03 98.66559
C16 725.012 98.090836
C16 750.022 98.114265
C16 774.987 98.07442
C16 799.976 97.18752
C16 824.988 95.67409
C16 850.022 93.41749
C16 869.967 90.39425
C16 875.002 89.30469
C16 899.999 82.434685
C16 919.999 74.38744
C16 925.012 71.72313
C16 949.965 58.358353
C16 975.002 42.919277
C16 999.976 26.114494
C16 1025.028 10.990291
C16 1050.014 3.7530878
C16 1075.002 2.0212817
C16 1099.99 1.5649556
C07 319.994 43.80668
C07 324.969 49.476215
C07 349.982 75.21339
C07 374.975 80.78712
C07 400.019 85.57244
C07 424.965 86.68784
C07 450.035 87.81129
C07 475.003 89.806816
C07 500.018 91.79358
C07 525.002 93.64495
C07 550.029 95.10936
C07 575.023 96.62719
C07 599.982 97.87351
C07 619.997 98.0462
C07 624.979 98.09725
C07 650.012 98.5313
C07 675.004 98.816284
C07 700.03 98.43663
C07 725.012 97.89388
C07 750.022 97.95943
C07 774.987 97.95388
C07 799.976 97.07361
C07 824.988 95.54614
C07 850.022 93.21762
C07 869.967 90.16666
C07 875.002 89.109764
C07 899.999 82.12907
C07 919.999 73.9651
C07 925.012 71.38188
C07 949.965 58.22614
C07 975.002 43.029324
C07 999.976 26.05626
C07 1025.028 10.9595375
C07 1050.014 3.7325423
C07 1075.002 2.0062702
C07 1099.99 1.5561484
C00 319.994 42.765842
C00 324.969 48.284008
C00 349.982 73.5777
C00 374.975 79.61617
C00 400.019 85.08857
C00 424.965 86.50079
C00 450.035 87.759865
C00 475.003 89.83157
C00 500.018 91.868004
C00 525.002 93.762695
C00 550.029 95.2617
C00 575.023 96.81103
C00 599.982 98.08313
C00 619.997 98.273994
C00 624.979 98.330734
C00 650.012 98.78754
C00 675.004 99.08938
C00 700.03 98.71378
C00 725.012 98.160675
C00 750.022 98.19302
C00 774.987 98.150986
C00 799.976 97.227196
C00 824.988 95.70048
C00 850.022 93.176056
C00 869.967 89.812
C00 875.002 88.76022
C00 899.999 82.1782
C00 919.999 73.477615
C00 925.012 70.642334
C00 949.965 57.170452
C00 975.002 42.621357
C00 999.976 25.91105
C00 1025.028 10.889076
C00 1050.014 3.6948643
C00 1075.002 1.9866543
C00 1099.99 1.5440321
C02 319.994 43.075245
C02 324.969 48.637505
C02 349.982 74.12588
C02 374.975 80.07481
C02 400.019 85.26426
C02 424.965 86.53553
C02 450.035 87.72417
C02 475.003 89.751175
C02 500.018 91.75794
C02 525.002 93.62531
C02 550.029 95.10795
C02 575.023 96.649086
C02 599.982 97.91179
C02 619.997 98.0993
C02 624.979 98.15505
C02 650.012 98.6073
C02 675.004 98.9043
C02 700.03 98.51985
C02 725.012 97.94865
C02 750.022 97.96134
C02 774.987 97.89346
C02 799.976 96.971886
C02 824.988 95.47263
C02 850.022 92.94656
C02 869.967 89.76314
C02 875.002 88.77535
C02 899.999 82.10725
C02 919.999 73.32395
C02 925.012 70.59233
C02 949.965 57.5045
C02 975.002 42.914536
C02 999.976 25.941034
C02 1025.028 10.880812
C02 1050.014 3.6589804
C02 1075.002 1.9853009
C02 1099.99 1.5528115
C06 319.994 43.921837
C06 324.969 49.60051
C06 349.982 75.40414
C06 374.975 80.989365
C06 400.019 85.76968
C06 424.965 86.87662
C06 450.035 87.98767
C06 475.003 89.97887
C06 500.018 91.96347
C06 525.002 93.811325
C06 550.029 95.27474
C06 575.023 96.79579
C06 599.982 98.04032
C06 619.997 98.211205
C06 624.979 98.26266
C06 650.012 98.69528
C06 675.004 98.97895
C06 700.03 98.58603
C06 725.012 98.026184
C06 750.022 98.06173
C06 774.987 98.024925
C06 799.976 97.1285
C06 824.988 95.59395
C06 850.022 93.22734
C06 869.967 90.13064
C06 875.002 89.10066
C06 899.999 82.09485
C06 919.999 73.95813
C06 925.012 71.35552
C06 949.965 58.073112
C06 975.002 43.08291
C06 999.976 25.995363
C06 1025.028 10.939927
C06 1050.014 3.7084813
C06 1075.002 1.9994682
C06 1099.99 1.5554136
C01 319.994 42.928246
C01 324.969 48.472343
C01 349.982 73.86952
C01 374.975 79.84876
C01 400.019 85.1361
C01 424.965 86.45711
C01 450.035 87.6711
C01 475.003 89.70874
C01 500.018 91.729065
C01 525.002 93.60429
C01 550.029 95.093346
C01 575.023 96.63471
C01 599.982 97.90065
C01 619.997 98.08895
C01 624.979 98.14552
C01 650.012 98.59984
C01 675.004 98.901115
C01 700.03 98.51984
C01 725.012 97.95869
C01 750.022 97.97419
C01 774.987 97.91765
C01 799.976 96.996216
C01 824.988 95.47938
C01 850.022 92.9672
C01 869.967 89.673775
C01 875.002 88.64764
C01 899.999 82.07792
C01 919.999 73.380005
C01 925.012 70.561195
C01 949.965 57.248672
C01 975.002 42.643448
C01 999.976 25.86705
C01 1025.028 10.847773
C01 1050.014 3.6624863
C01 1075.002 1.9833964
C01 1099.99 1.5461214
C14 319.994 42.629665
C14 324.969 48.1346
C14 349.982 73.03054
C14 374.975 78.85655
C14 400.019 84.64699
C14 424.965 86.248566
C14 450.035 87.6192
C14 475.003 89.75848
C14 500.018 91.84089
C14 525.002 93.75381
C14 550.029 95.26231
C14 575.023 96.809975
C14 599.982 98.07442
C14 619.997 98.25812
C14 624.979 98.31113
C14 650.012 98.75854
C14 675.004 99.04495
C14 700.03 98.64733
C14 725.012 98.05355
C14 750.022 98.04815
C14 774.987 97.97252
C14 799.976 97.07072
C14 824.988 95.548416
C14 850.022 93.23217
C14 869.967 90.232414
C14 875.002 89.19543
C14 899.999 82.10532
C14 919.999 74.05923
C14 925.012 71.45635
C14 949.965 58.197712
C14 975.002 42.9277
C14 999.976 25.9104
C14 1025.028 10.911366
C14 1050.014 3.7085989
C14 1075.002 2.012245
C14 1099.99 1.5597957
C12 319.994 42.247593
C12 324.969 47.698284
C12 349.982 72.42283
C12 374.975 78.373245
C12 400.019 84.39946
C12 424.965 86.10492
C12 450.035 87.5293
C12 475.003 89.69287
C12 500.018 91.792564
C12 525.002 93.71966
C12 550.029 95.24069
C12 575.023 96.79685
C12 599.982 98.06976
C12 619.997 98.26269
C12 624.979 98.31624
C12 650.012 98.770874
C12 675.004 99.06595
C12 700.03 98.675995
C12 725.012 98.086136
C12 750.022 98.07851
C12 774.987 98.00469
C12 799.976 97.09981
C12 824.988 95.589325
C12 850.022 93.162506
C12 869.967 90.22306
C12 875.002 89.1773
C12 899.999 82.12958
C12 919.999 73.643425
C12 925.012 71.221405
C12 949.965 57.908638
C12 975.002 43.230083
C12 999.976 25.748089
C12 1025.028 10.910788
C12 1050.014 3.7013829
C12 1075.002 2.0130007
C12 1099.99 1.563086
C10 319.994 41.747005
C10 324.969 47.128887
C10 349.982 71.51605
C10 374.975 77.53601
C10 400.019 83.9021
C10 424.965 85.77396
C10 450.035 87.28728
C10 475.003 89.503044
C10 500.018 91.635895
C10 525.002 93.58199
C10 550.029 95.11637
C10 575.023 96.68214
C10 599.982 97.95949
C10 619.997 98.15189
C10 624.979 98.21024
C10 650.012 98.667694
C10 675.004 98.96377
C10 700.03 98.57918
C10 725.012 98.011345
C10 750.022 98.02901
C10 774.987 97.979866
C10 799.976 97.080574
C10 824.988 95.58377
C10 850.022 93.12409
C10 869.967 90.08195
C10 875.002 89.11149
C10 899.999 82.19359
C10 919.999 73.509186
C10 925.012 70.81402
C10 949.965 57.887234
C10 975.002 42.98999
C10 999.976 25.888783
C10 1025.028 10.915788
C10 1050.014 3.7093828
C10 1075.002 2.020455
C10 1099.99 1.561505
