lsstCam/transmission_filter_detector/r02_s21/g_6/19700101T000000.ecsv
# %ECSV 1.0
# ---
# datatype:
# - {name: wavelength, unit: nm, datatype: float32}
# - {name: efficiency, unit: '%', datatype: float64}
# meta: !!omap
# - {MODE: DETECTOR}
# - {TYPE: transmission_filter_detector}
# - {CALIBDATE: '1970-01-01T00:00:00'}
# - {INSTRUME: LSSTCam}
# - {OBSTYPE: transmission_filter_detector}
# - {CALIBCLS: lsst.ip.isr.IntermediateFilterDetectorTransmissionCurve}
# - {SOURCE: Materion (DM-46256)}
# - {DETECTOR: 16}
# - {FILTER: g_6}
# - {CALIB_ID: 'calibDate=1970-01-01T00:00:00 filter=g_6 detector=16'}
# - {DATE: '2025-04-02T15:59:42.104062'}
# - {CALIB_CREATION_DATE: '2025-04-02'}
# - {CALIB_CREATION_TIME: '15:59:42'}
# - __serialized_columns__:
#     efficiency:
#       __class__: astropy.units.quantity.Quantity
#       unit: !astropy.units.Unit {unit: '%'}
#       value: !astropy.table.SerializedColumn {name: efficiency}
#     wavelength:
#       __class__: astropy.units.quantity.Quantity
#       unit: !astropy.units.Unit {unit: nm}
#       value: !astropy.table.SerializedColumn {name: wavelength}
# schema: astropy-2.0
wavelength efficiency
300.0 0.49719978123903275
301.0 0.3707797732204199
302.0 0.2443597186356783
303.0 0.21825223229825497
304.0 0.1921447110362351
305.0 0.20382043439894915
306.0 0.21549614612013102
307.0 0.22137216292321682
308.0 0.227248203009367
309.0 0.22100226487964392
310.0 0.2147563500329852
311.0 0.20994385704398155
312.0 0.205131433904171
313.0 0.20061875693500042
314.0 0.19610607996582985
315.0 0.18513225950300694
316.0 0.17415847396478057
317.0 0.173593417275697
318.0 0.17302840715274215
319.0 0.15966332284733653
320.0 0.14629821525886655
321.0 0.14044358395040035
322.0 0.13458895264193416
323.0 0.11511801276355982
324.0 0.09564711363054812
325.0 0.08745250524953008
326.0 0.07925789686851203
327.0 0.07170040626078844
328.0 0.06414290983229876
329.0 0.06231870502233505
330.0 0.06049450021237135
331.0 0.05579093121923506
332.0 0.05108736804686487
333.0 0.04753856046590954
334.0 0.043989752884954214
335.0 0.042410497553646564
336.0 0.04083123931195587
337.0 0.04168615851085633
338.0 0.042541074799373746
339.0 0.0410924170864746
340.0 0.0396437564631924
341.0 0.037784664891660213
342.0 0.03592557623051107
343.0 0.03268244327045977
344.0 0.029439307400025427
345.0 0.025951385032385588
346.0 0.022463462664745748
347.0 0.021232099970802665
348.0 0.02000073582166806
349.0 0.018283295503351837
350.0 0.6977359764277935
351.0 1.2463233433663845
352.0 0.7622142322361469
353.0 0.9757284075021744
354.0 0.5517162848263979
355.0 0.7856773212552071
356.0 0.6559149827808142
357.0 1.0593680664896965
358.0 0.424831872805953
359.0 0.9219424799084663
360.0 0.7273305673152208
361.0 0.9355760179460049
362.0 0.6482372991740704
363.0 0.7043870165944099
364.0 0.5182019900530577
365.0 0.7552945055067539
366.0 0.5008213687688112
367.0 0.6490672472864389
368.0 0.5189253017306328
369.0 0.6826430093497038
370.0 0.4531214479357004
371.0 0.5921786651015282
372.0 0.3913115244358778
373.0 0.5109201185405254
374.0 0.46581756323575974
375.0 0.49548204988241196
376.0 0.3917456138879061
377.0 0.5273973103612661
378.0 0.38780521135777235
379.0 0.5732400342822075
380.0 0.3818557830527425
381.0 0.5612692795693874
382.0 0.5242794752120972
383.0 0.5187039729207754
384.0 0.48238993622362614
385.0 0.6066191010177135
386.0 0.5817018449306488
387.0 0.7323629688471556
388.0 0.8509384468197823
389.0 1.161294151097536
390.0 1.6569703817367554
391.0 2.6112206280231476
392.0 4.034806787967682
393.0 6.41205757856369
394.0 9.794935584068298
395.0 14.221911132335663
396.0 19.82121169567108
397.0 26.91521942615509
398.0 35.30629575252533
399.0 44.46718096733093
400.0 53.851908445358276
401.0 63.027358055114746
402.0 71.50618433952332
403.0 78.87759208679199
404.0 84.23562049865723
405.0 88.33365440368652
406.0 90.65810441970825
407.0 92.45575666427612
408.0 93.69407296180725
409.0 94.1704511642456
410.0 94.38300728797913
411.0 94.28974986076355
412.0 93.84453296661377
413.0 93.68489980697632
414.0 93.46047043800354
415.0 93.61509680747986
416.0 93.97578835487366
417.0 94.2556381225586
418.0 94.75254416465759
419.0 95.33773064613342
420.0 95.88733315467834
421.0 96.43391966819763
422.0 96.62527441978455
423.0 96.91039323806763
424.0 96.65711522102356
425.0 96.5773344039917
426.0 96.58400416374207
427.0 96.63007855415344
428.0 96.41379714012146
429.0 96.26510739326477
430.0 96.07948064804077
431.0 96.13984823226929
432.0 96.15932106971741
433.0 96.27328515052795
434.0 96.31261825561523
435.0 96.51105403900146
436.0 96.5921938419342
437.0 96.57092094421387
438.0 96.64245843887329
439.0 96.67562246322632
440.0 96.61446213722229
441.0 96.82009816169739
442.0 96.75432443618774
443.0 96.79617881774902
444.0 96.688711643219
445.0 96.46888971328735
446.0 96.34546041488647
447.0 96.09607458114624
448.0 96.09606266021729
449.0 96.26902937889099
450.0 96.47831320762634
451.0 96.68611288070679
452.0 96.88255190849304
453.0 96.98599576950073
454.0 97.06089496612549
455.0 97.34406471252441
456.0 97.44365215301514
457.0 97.55822420120239
458.0 97.59379625320435
459.0 97.63230085372925
460.0 97.62783646583557
461.0 97.78060913085938
462.0 97.73110151290894
463.0 97.64164686203003
464.0 97.74370193481445
465.0 97.67337441444397
466.0 97.63742685317993
467.0 97.68103361129761
468.0 97.7199137210846
469.0 97.77340888977051
470.0 97.61073589324951
471.0 97.49525189399719
472.0 97.5511372089386
473.0 97.40855693817139
474.0 97.36529588699341
475.0 97.40992188453674
476.0 97.368323802948
477.0 97.40679264068604
478.0 97.5032091140747
479.0 97.45897650718689
480.0 97.64411449432373
481.0 97.74767756462097
482.0 97.95746803283691
483.0 97.81883358955383
484.0 97.97459840774536
485.0 98.01135063171387
486.0 98.02574515342712
487.0 98.08579087257385
488.0 98.08704257011414
489.0 98.16641211509705
490.0 98.1248676776886
491.0 98.16333055496216
492.0 98.0704665184021
493.0 98.05374145507812
494.0 98.00446629524231
495.0 98.11038970947266
496.0 97.93983101844788
497.0 97.83041477203369
498.0 97.62478470802307
499.0 97.68890142440796
500.0 97.62578010559082
501.0 97.56356477737427
502.0 97.45293259620667
503.0 97.63672351837158
504.0 97.46517539024353
505.0 97.4610447883606
506.0 97.48241305351257
507.0 97.45875000953674
508.0 97.49050736427307
509.0 97.4632203578949
510.0 97.4108338356018
511.0 97.3980188369751
512.0 97.25770950317383
513.0 97.36246466636658
514.0 97.34450578689575
515.0 97.33378887176514
516.0 97.44327068328857
517.0 97.47453927993774
518.0 97.53323197364807
519.0 97.54853844642639
520.0 97.61667251586914
521.0 97.74377346038818
522.0 97.73057699203491
523.0 97.74149060249329
524.0 97.73322939872742
525.0 97.74099588394165
526.0 97.85597324371338
527.0 97.83468842506409
528.0 97.91382551193237
529.0 97.96669483184814
530.0 98.01833033561707
531.0 98.14637899398804
532.0 98.0307400226593
533.0 98.02485704421997
534.0 98.08220267295837
535.0 97.91851043701172
536.0 97.59591817855835
537.0 97.08114862442017
538.0 96.36253714561462
539.0 95.08318901062012
540.0 93.49027872085571
541.0 91.00309610366821
542.0 88.35591673851013
543.0 84.83973145484924
544.0 80.29796481132507
545.0 76.32231116294861
546.0 71.34526371955872
547.0 66.77753329277039
548.0 62.197285890579224
549.0 57.97945857048035
550.0 54.711365699768066
551.0 51.48689150810242
552.0 49.1244912147522
553.0 46.600526571273804
554.0 43.845734000205994
555.0 40.7557874917984
556.0 36.67575716972351
557.0 31.882238388061523
558.0 26.53062641620636
559.0 21.19741141796112
560.0 15.942640602588654
561.0 11.003397405147552
562.0 7.1567632257938385
563.0 4.280900210142136
564.0 2.371816150844097
565.0 1.163057703524828
566.0 0.6164222490042448
567.0 0.312096974812448
568.0 0.1923197414726019
569.0 0.108954100869596
570.0 0.08213574183173478
571.0 0.05724809016101062
572.0 0.06836505490355194
573.0 0.037616092595271766
574.0 0.03590126580093056
575.0 0.03468015056569129
576.0 0.03307051374576986
577.0 0.02586588670965284
578.0 0.030820665415376425
579.0 0.023672261158935726
580.0 0.034774362575262785
581.0 0.0141097218147479
582.0 0.025269313482567668
583.0 0.015957088908180594
584.0 0.020880687225144356
585.0 0.018964961054734886
586.0 0.02518136170692742
587.0 0.017467219731770456
588.0 0.011668855586322024
589.0 0.02502914285287261
590.0 0.01999059459194541
591.0 0.01991376338992268
592.0 0.02852683246601373
593.0 0.01250428322236985
594.0 0.014689344970975071
595.0 0.012608927499968559
596.0 0.00870326766744256
597.0 0.015502132009714842
598.0 0.008660650200909004
599.0 0.011939596879528835
600.0 0.01577583607286215
601.0 0.0023098244128050283
602.0 0.0023300639441004023
603.0 0.0023503031115978956
604.0 0.0022144366084830835
605.0 0.0020785701053682715
606.0 0.002091759961331263
607.0 0.002104949817294255
608.0 0.0019349005015101284
609.0 0.0017648513676249422
610.0 0.0018869257473852485
611.0 0.002008999763347674
612.0 0.0019411812900216319
613.0 0.00187336299859453
614.0 0.0018848133549909107
615.0 0.0018962642570841126
616.0 0.0019085866370005533
617.0 0.001920909016916994
618.0 0.0018241751604364254
619.0 0.0017274413039558567
620.0 0.0016747715562814847
621.0 0.001622101990506053
622.0 0.001450549916626187
623.0 0.0012789973879989702
624.0 0.0013685039448319003
625.0 0.0014580104107153602
626.0 0.0013957278497400694
627.0 0.0013334456525626592
628.0 0.0014268837730924133
629.0 0.0015203222574200481
630.0 0.0014368832125910558
631.0 0.0013534438039641827
632.0 0.0014567559446732048
633.0 0.0015600675396854058
634.0 0.001443908695364371
635.0 0.0013277493962959852
636.0 0.0013458346984407399
637.0 0.0013639205462823156
638.0 0.0012371535376587417
639.0 0.0011103865290351678
640.0 0.0011377458577044308
641.0 0.0011651049135252833
642.0 0.001323790547758108
643.0 0.001482476363889873
644.0 0.0013951183973404113
645.0 0.001307760157942539
646.0 0.0012737711585941724
647.0 0.0012397821592458058
648.0 0.0010999230653396808
649.0 0.0009600638804840855
650.0 0.0012201960089441855
651.0 0.0014803275917074643
652.0 0.0012062590940331575
653.0 0.0009321904144599102
654.0 0.0010794478839670774
655.0 0.001226705626322655
656.0 0.0012380848602333572
657.0 0.0012494640941440593
658.0 0.0011168732271471526
659.0 0.0009842828148975968
660.0 0.0009417238288733643
661.0 0.0008991646609501913
662.0 0.001042367694026325
663.0 0.0011855708180519287
664.0 0.0011966219062742312
665.0 0.0012076727216481231
666.0 0.00115003158498439
667.0 0.0010923900845227763
668.0 0.001137245817517396
669.0 0.0011821015505120158
670.0 0.0012064575457770843
671.0 0.001230813631991623
672.0 0.001204223372042179
673.0 0.0011776331120927352
674.0 0.0011371910659363493
675.0 0.0010967490197799634
676.0 0.0010601876965665724
677.0 0.0010236261005047709
678.0 0.0010578544788586441
679.0 0.0010920830391114578
680.0 0.0010610373465169687
681.0 0.0010299916539224796
682.0 0.0010496552022232208
683.0 0.001069318659574492
684.0 0.0009409317499375902
685.0 0.000812544567452278
686.0 0.0010152381946681999
687.0 0.0012179318218841217
688.0 0.0012124324712203816
689.0 0.0012069333024555817
690.0 0.0010787640349008143
691.0 0.0009505947673460469
692.0 0.0009639406016503926
693.0 0.0009772865269042086
694.0 0.0010778401701827534
695.0 0.0011783939044107683
696.0 0.0011407124475226738
697.0 0.0011030307177861687
698.0 0.0012018044799333438
699.0 0.001300578242080519
700.0 0.001113690814236179
701.0 0.0009268031135434285
702.0 0.0010906403986155055
703.0 0.0012544775017886423
704.0 0.001210049322253326
705.0 0.0011656208698695991
706.0 0.001141407210525358
707.0 0.001117193551181117
708.0 0.0010293530067428946
709.0 0.0009415125532541424
710.0 0.0011459212146291975
711.0 0.001350330057903193
712.0 0.001240824167325627
713.0 0.0011313182767480612
714.0 0.0012288430298212916
715.0 0.0013263679647934623
716.0 0.0014995325727795716
717.0 0.0016726975445635617
718.0 0.0019399007214815356
719.0 0.002207103716500569
720.0 0.001858793075371068
721.0 0.0015104822523426265
722.0 0.0015932822861941531
723.0 0.0016760826838435605
724.0 0.0016666524970787577
725.0 0.0016572221284150146
726.0 0.0018008076949627139
727.0 0.0019443934434093535
728.0 0.0020176643374725245
729.0 0.0020909352315356955
730.0 0.00208159090107074
731.0 0.0020722463887068443
732.0 0.0019656492440844886
733.0 0.001859052099462133
734.0 0.0016338199202436954
735.0 0.0014085879229241982
736.0 0.001279998650716152
737.0 0.0011514091966091655
738.0 0.001124149093811866
739.0 0.0010968889910145663
740.0 0.0008914203135645948
741.0 0.0006859515906398883
742.0 0.0007083388936734991
743.0 0.0007307261967071099
744.0 0.0009064511687029153
745.0 0.0010821763680723961
746.0 0.0010537466550886165
747.0 0.0010253168511553667
748.0 0.0011290116162854247
749.0 0.0012327064723649528
750.0 0.0010714519703469705
751.0 0.0009101977411773987
752.0 0.0008105910637823399
753.0 0.0007109844773367513
754.0 0.0008073103344941046
755.0 0.0009036361916514579
756.0 0.0008954647455539089
757.0 0.0008872932994563598
758.0 0.000914597785595106
759.0 0.0009419026355317328
760.0 0.0007404823918477632
761.0 0.0005390620572143234
762.0 0.0005929427970841061
763.0 0.0006468234005296836
764.0 0.0008164292012224905
765.0 0.000986035229288973
766.0 0.0008443707883998286
767.0 0.0007027064384601545
768.0 0.0005908957064093556
769.0 0.0004790849743585568
770.0 0.00039380106500175316
771.0 0.0003085171556449495
772.0 0.0005021248853154248
773.0 0.0006957327514101053
774.0 0.0007772116077831015
775.0 0.0008586905096308328
776.0 0.0007814479431544896
777.0 0.0007042053312034113
778.0 0.0006427364951377967
779.0 0.0005812677500216523
780.0 0.0005407406206359155
781.0 0.0005002134912501788
782.0 0.0005840016910951817
783.0 0.0006677897090412444
784.0 0.0007595105671498459
785.0 0.0008512313797837123
786.0 0.0007295548130059615
787.0 0.0006078786555008264
788.0 0.0004269172677595634
789.0 0.00024595601644250564
790.0 0.00022079877908254275
791.0 0.00019564151898521231
792.0 0.00021455127807712415
793.0 0.00023346108264377108
794.0 0.00027338749077898683
795.0 0.0003133139216515701
796.0 0.00037575903206743533
797.0 0.00043820414248330053
798.0 0.00045344672798819374
799.0 0.00046868931349308696
800.0 0.0005067985057394253
801.0 0.0005449078344099689
802.0 0.00047109410843404476
803.0 0.00039728051888232585
804.0 0.00031021500035421923
805.0 0.00022314957277558278
806.0 0.00028913650567119475
807.0 0.0003551234840415418
808.0 0.00043204258872719947
809.0 0.000508961647938122
810.0 0.00038375173971871845
811.0 0.00025854183149931487
812.0 0.0002903943823184818
813.0 0.00032224700134975137
814.0 0.0004230441845720634
815.0 0.0005238413905317429
816.0 0.0005503298780240584
817.0 0.0005768182290921686
818.0 0.00037879265164519893
819.0 0.00018076707419822924
820.0 0.0003662857807285036
821.0 0.0005518044417840429
822.0 0.0004705543233285425
823.0 0.0003893042048730422
824.0 0.00041638350012362935
825.0 0.0004434627498994814
826.0 0.0005939968104939908
827.0 0.00074453078013903
828.0 0.0006378684247465571
829.0 0.0005312059784046141
830.0 0.0004568262284010416
831.0 0.00038244647839746904
832.0 0.0005184814199310495
833.0 0.0006545162250404246
834.0 0.0005410902758740121
835.0 0.0004276643721823348
836.0 0.0004905597052129451
837.0 0.0005534551291930256
838.0 0.00047120784074650146
839.0 0.00038896059777471237
840.0 0.0005583033271250315
841.0 0.0007276460110006155
842.0 0.0004107008862774819
843.0 9.375563649882679e-05
844.0 0.00013932925639892346
845.0 0.0001849028876677039
846.0 0.00043932800508628134
847.0 0.0006937532361916965
848.0 0.000576471666136058
849.0 0.0004591901415551547
850.0 0.0004871172677667346
851.0 0.0005150444394530496
852.0 0.000609412791163777
853.0 0.0007037807790766237
854.0 0.0006242406925593968
855.0 0.0005447003786684945
856.0 0.0005877785497432342
857.0 0.000630856811767444
858.0 0.0005944655185885495
859.0 0.0005580741799349198
860.0 0.0005469447842187947
861.0 0.0005358153430279344
862.0 0.000546535056855646
863.0 0.0005572547706833575
864.0 0.0004960160367772914
865.0 0.0004347773483459605
866.0 0.0004238691872160416
867.0 0.00041296102608612273
868.0 0.0006202888926054584
869.0 0.0008276168045995291
870.0 0.0006358063274092274
871.0 0.00044399571379472036
872.0 0.000336812149726029
873.0 0.0002296284947078675
874.0 0.0003355774197189021
875.0 0.00044152639020467177
876.0 0.0005812050403619651
877.0 0.0007208836450445233
878.0 0.00074391523412487
879.0 0.0007669467777304817
880.0 0.000678767491990584
881.0 0.000590588615523302
882.0 0.0005276881893223617
883.0 0.00046478808144456707
884.0 0.000539828761247918
885.0 0.0006148697138996795
886.0 0.0006826656317571178
887.0 0.0007504617769882316
888.0 0.0006027992185408948
889.0 0.0004551367965177633
890.0 0.0004655497832573019
891.0 0.00047596290642104577
892.0 0.0004574270860757679
893.0 0.00043889135667996015
894.0 0.00046445816224149894
895.0 0.0004900249678030377
896.0 0.0002434877387713641
897.0 1.6105393928211864e-10
898.0 0.00016154548347913078
899.0 0.0003261404572185711
900.0 0.0003102847585978452
901.0 0.0002944290372397518
902.0 0.0004734747108159354
903.0 0.0006525203389173839
904.0 0.00034847478218580363
905.0 4.442912029389845e-05
906.0 0.00030558394428226165
