lsstCam/transmission_filter_detector/r02_s21/g_6/19700101T000000.ecsv
# %ECSV 1.0
# ---
# datatype:
# - {name: wavelength, unit: nm, datatype: float32}
# - {name: efficiency, unit: '%', datatype: float64}
# meta: !!omap
# - {MODE: DETECTOR}
# - {TYPE: transmission_filter_detector}
# - {CALIBDATE: '1970-01-01T00:00:00'}
# - {INSTRUME: LSSTCam}
# - {OBSTYPE: transmission_filter_detector}
# - {CALIBCLS: lsst.ip.isr.IntermediateFilterDetectorTransmissionCurve}
# - {SOURCE: Materion (DM-46256)}
# - {DETECTOR: 16}
# - {FILTER: g_6}
# - {CALIB_ID: 'calibDate=1970-01-01T00:00:00 filter=g_6 detector=16'}
# - {DATE: '2025-04-02T15:59:42.104062'}
# - {CALIB_CREATION_DATE: '2025-04-02'}
# - {CALIB_CREATION_TIME: '15:59:42'}
# - __serialized_columns__:
#     efficiency:
#       __class__: astropy.units.quantity.Quantity
#       unit: !astropy.units.Unit {unit: '%'}
#       value: !astropy.table.SerializedColumn {name: efficiency}
#     wavelength:
#       __class__: astropy.units.quantity.Quantity
#       unit: !astropy.units.Unit {unit: nm}
#       value: !astropy.table.SerializedColumn {name: wavelength}
# schema: astropy-2.0
wavelength efficiency
[from data line 608]
908.0 0.0004949316462443676
909.0 0.0004231247203279054
910.0 0.0003801736511377385
911.0 0.0003372226274223067
912.0 0.0004170969987171702
913.0 0.000496971506436239
914.0 0.00027564799438550835
915.0 5.43245278095128e-05
916.0 0.00017700854186841752
917.0 0.00029969251045258716
918.0 0.00028008232675347244
919.0 0.00026047214305435773
920.0 0.0003018401230292511
921.0 0.0003432081030041445
922.0 0.0005139451786817517
923.0 0.0006846822543593589
924.0 0.0006034765192453051
925.0 0.0005222707386565162
926.0 0.000572765793549479
927.0 0.000623260984866647
928.0 0.0005735459581046598
929.0 0.0005238310222921427
930.0 0.000541339522897033
931.0 0.0005588480689766584
932.0 0.0005107232937007211
933.0 0.0004625985638995189
934.0 0.0004585764145303983
935.0 0.0004545542651612777
936.0 0.00047908438318700064
937.0 0.0005036145012127236
938.0 0.0006345224846882047
939.0 0.0007654303772142157
940.0 0.0006277681677602232
941.0 0.0004901057309325552
942.0 0.0006669718914054101
943.0 0.0008438380973530002
944.0 0.000740029827284161
945.0 0.0006362215572153218
946.0 0.0005644301381835248
947.0 0.0004926387191517279
948.0 0.000849107436806662
949.0 0.0012055763363605365
950.0 0.0009804373803490307
951.0 0.0007552984243375249
952.0 0.000830476164992433
953.0 0.000905653814697871
954.0 0.0008111818715406116
955.0 0.0007167100193328224
956.0 0.0006591961664526025
957.0 0.000601682040723972
958.0 0.0007639927389391232
959.0 0.0009263034371542744
960.0 0.0006984656465647276
961.0 0.0004706277650257107
962.0 0.0005758315182902152
963.0 0.0006810351351305144
964.0 0.0007657011337869335
965.0 0.0008503669960191473
966.0 0.0009006714208226185
967.0 0.0009509756637271494
968.0 0.0008765898201090749
969.0 0.0008022041583899409
970.0 0.0007731358891760465
971.0 0.0007440677563863574
972.0 0.0008274784704553895
973.0 0.0009108892299991567
974.0 0.0008201114724215586
975.0 0.0007293339422176359
976.0 0.0008034608981688507
977.0 0.0008775882633926813
978.0 0.0009242287887900602
979.0 0.0009708693141874392
980.0 0.0010688835573091637
981.0 0.0011668979823298287
982.0 0.0010598353583191056
983.0 0.0009527726433589123
984.0 0.0009597400094207842
985.0 0.0009667075573815964
986.0 0.0011168242963321973
987.0 0.0012669410352827981
988.0 0.0012450010217435192
989.0 0.0012230605534568895
990.0 0.0013565811059379485
991.0 0.0014901018403179478
992.0 0.0014587319128622767
993.0 0.0014273620763560757
994.0 0.0014619316971220542
995.0 0.0014965013178880326
996.0 0.0013170157217246015
997.0 0.0011375302165106405
998.0 0.001306105696130544
999.0 0.0014746810848009773
1000.0 0.001397642154188361
1001.0 0.0013206030416768044
1002.0 0.001188712576549733
1003.0 0.0010568222023721319
1004.0 0.0010838659363798797
1005.0 0.001110909397539217
1006.0 0.0013361367564357352
1007.0 0.0015613641153322533
1008.0 0.00162520409503486
1009.0 0.0016890448023332283
1010.0 0.00174661345226923
1011.0 0.0018041824660031125
1012.0 0.0019114373571937904
1013.0 0.002018692612182349
1014.0 0.002055825825664215
1015.0 0.0020929594029439613
1016.0 0.0024373466658289544
1017.0 0.0027817344744107686
1018.0 0.0030452321880147792
1019.0 0.0033087300835177302
1020.0 0.003312789340270683
1021.0 0.003316848597023636
1022.0 0.0036681551137007773
1023.0 0.00401946235797368
1024.0 0.004181791518931277
1025.0 0.004344121043686755
1026.0 0.004436723975231871
1027.0 0.004529326542979106
1028.0 0.004617677768692374
1029.0 0.0047060286306077614
1030.0 0.004883809378952719
1031.0 0.005061589399701916
1032.0 0.005410321318777278
1033.0 0.00575905287405476
1034.0 0.005603243334917352
1035.0 0.0054474337957799435
1036.0 0.005554368908633478
1037.0 0.005661303293891251
1038.0 0.005890044121770188
1039.0 0.006118784949649125
1040.0 0.006512011896120384
1041.0 0.0069052373874001205
1042.0 0.007084930985001847
1043.0 0.007264624582603574
1044.0 0.007553226896561682
1045.0 0.00784182848292403
1046.0 0.008783419616520405
1047.0 0.00972501075011678
1048.0 0.011381795047782362
1049.0 0.013038577162660658
1050.0 0.015416281530633569
1051.0 0.017793982988223433
1052.0 0.0216613887459971
1053.0 0.02552880032453686
1054.0 0.030448479810729623
1055.0 0.03536816220730543
1056.0 0.04243073344696313
1057.0 0.04949329304508865
1058.0 0.057188328355550766
1059.0 0.06488334038294852
1060.0 0.0724668032489717
1061.0 0.08005023701116443
1062.0 0.08715794538147748
1063.0 0.09426562464796007
1064.0 0.09989324025809765
1065.0 0.10552083840593696
1066.0 0.11127223260700703
1067.0 0.11702363844960928
1068.0 0.123698974493891
1069.0 0.13037434546276927
1070.0 0.14062889385968447
1071.0 0.15088343061506748
1072.0 0.16355171101167798
1073.0 0.17621995648369193
1074.0 0.18965123454108834
1075.0 0.20308257080614567
1076.0 0.21601885091513395
1077.0 0.22895510774105787
1078.0 0.24257050827145576
1079.0 0.25618590880185366
1080.0 0.2737156115472317
1081.0 0.29124533757567406
1082.0 0.31981964129954576
1083.0 0.34839396830648184
1084.0 0.3883765311911702
1085.0 0.42835911735892296
1086.0 0.4639298189431429
1087.0 0.4995005205273628
1088.0 0.5639697425067425
1089.0 0.6284389179199934
1090.0 0.7062301505357027
1091.0 0.7840213365852833
1092.0 0.8150031790137291
1093.0 0.8459846489131451
1094.0 0.8852194994688034
1095.0 0.9244540706276894
1096.0 0.972522422671318
1097.0 1.0205908678472042
1098.0 1.0485054925084114
1099.0 1.076420210301876
1100.0 1.2472850270569324
1101.0 1.4181495644152164
