lsstCam/transmission_filter_detector/r43_s12/u_24/19700101T000000.ecsv
# %ECSV 1.0
# ---
# datatype:
# - {name: wavelength, unit: nm, datatype: float32}
# - {name: efficiency, unit: '%', datatype: float64}
# meta: !!omap
# - {MODE: DETECTOR}
# - {TYPE: transmission_filter_detector}
# - {CALIBDATE: '1970-01-01T00:00:00'}
# - {INSTRUME: LSSTCam}
# - {OBSTYPE: transmission_filter_detector}
# - {CALIBCLS: lsst.ip.isr.IntermediateFilterDetectorTransmissionCurve}
# - {SOURCE: Materion (DM-46256)}
# - {DETECTOR: 185}
# - {FILTER: u_24}
# - {CALIB_ID: 'calibDate=1970-01-01T00:00:00 filter=u_24 detector=185'}
# - {DATE: '2025-04-02T15:59:40.608350'}
# - {CALIB_CREATION_DATE: '2025-04-02'}
# - {CALIB_CREATION_TIME: '15:59:40'}
# - __serialized_columns__:
#     efficiency:
#       __class__: astropy.units.quantity.Quantity
#       unit: !astropy.units.Unit {unit: '%'}
#       value: !astropy.table.SerializedColumn {name: efficiency}
#     wavelength:
#       __class__: astropy.units.quantity.Quantity
#       unit: !astropy.units.Unit {unit: nm}
#       value: !astropy.table.SerializedColumn {name: wavelength}
# schema: astropy-2.0
wavelength efficiency
[from data line 582]
877.0 0.0029100399842718616
878.0 0.0033663287467788905
879.0 0.0035462780942907557
880.0 0.00372622707800474
881.0 0.0035604822187451646
882.0 0.003394737359485589
883.0 0.0032092008041217923
884.0 0.0030236635211622342
885.0 0.0029038557840976864
886.0 0.002784048228932079
887.0 0.002729388688749168
888.0 0.002674728602869436
889.0 0.002714659603952896
890.0 0.002754590423137415
891.0 0.002794133069983218
892.0 0.0028336751711321995
893.0 0.003146792369079776
894.0 0.003459909203229472
895.0 0.0034067455999320373
896.0 0.0033535823604324833
897.0 0.003451089287409559
898.0 0.0035485965781845152
899.0 0.0036245281080482528
900.0 0.0037004596379119903
901.0 0.004075378819834441
902.0 0.004450298001756892
903.0 0.004700263889390044
904.0 0.004950230140821077
905.0 0.005286123632686213
906.0 0.005622016760753468
907.0 0.005974392843199894
908.0 0.00632676892564632
909.0 0.006128618406364694
910.0 0.005930468250880949
911.0 0.0058645717217586935
912.0 0.005798674828838557
913.0 0.005593244713963941
914.0 0.0053878145990893245
915.0 0.005183309986023232
916.0 0.00497880537295714
917.0 0.004995322160539217
918.0 0.005011839311919175
919.0 0.005126700852997601
920.0 0.005241562757873908
921.0 0.0050210866902489215
922.0 0.004800610622623935
923.0 0.004980854282621294
924.0 0.005161097942618653
925.0 0.00567379902349785
926.0 0.006186500104377046
927.0 0.006530123937409371
928.0 0.006873747042845935
929.0 0.007056048343656585
930.0 0.007238349644467235
931.0 0.00747004960430786
932.0 0.007701750291744247
933.0 0.007714321691310033
934.0 0.007726893090875819
935.0 0.007658632966922596
936.0 0.0075903721153736115
937.0 0.00721105097909458
938.0 0.006831729842815548
939.0 0.006550541729666293
940.0 0.006269353616517037
941.0 0.005626554411719553
942.0 0.004983754479326308
943.0 0.004353727126726881
944.0 0.0037236997741274536
945.0 0.00364808329322841
946.0 0.003572466812329367
947.0 0.0029510780223063193
948.0 0.002329689232283272
949.0 0.002013959783653263
950.0 0.0016982299712253734
951.0 0.0018045568140223622
952.0 0.0019108834749204107
953.0 0.0018595515939523466
954.0 0.0018082195310853422
955.0 0.002003714325837791
956.0 0.002199208756792359
957.0 0.00225229850912001
958.0 0.0023053882614476606
959.0 0.0025884090064209886
960.0 0.0028714297513943166
961.0 0.0032684667530702427
962.0 0.0036655041185440496
963.0 0.0038647285691695288
964.0 0.004063953383592889
965.0 0.0045500237320084125
966.0 0.005036094080423936
967.0 0.005040807445766404
968.0 0.005045520447310992
969.0 0.0050910959544125944
970.0 0.005136671825312078
971.0 0.005305407466948964
972.0 0.00547414347238373
973.0 0.005189769944990985
974.0 0.004905396781396121
975.0 0.004730898581328802
976.0 0.0045564007450593635
977.0 0.004267804979463108
978.0 0.003979209213866852
979.0 0.0036794295738218352
980.0 0.0033796495699789375
981.0 0.003304387064417824
982.0 0.0032291249226545915
983.0 0.0032049250876298174
984.0 0.0031807248888071626
985.0 0.003115254730801098
986.0 0.0030497840270982124
987.0 0.0038111615140223876
988.0 0.004572538819047622
989.0 0.0050707236368907616
990.0 0.005568908454733901
991.0 0.006261507951421663
992.0 0.006954108539503068
993.0 0.007430317054968327
994.0 0.00790652702562511
995.0 0.008184571197489277
996.0 0.008462614641757682
997.0 0.008352666191058233
998.0 0.008242717740358785
999.0 0.007743774767732248
1000.0 0.007244832522701472
1001.0 0.00618350095464848
1002.0 0.00512217084178701
1003.0 0.004855126462643966
1004.0 0.004588082083500922
1005.0 0.004666595850721933
1006.0 0.004745109617942944
1007.0 0.004407543747220188
1008.0 0.004069977512699552
1009.0 0.00414421665482223
1010.0 0.004218455433147028
1011.0 0.0038675869291182607
1012.0 0.003516717697493732
1013.0 0.003166849637636915
1014.0 0.0028169813958811574
1015.0 0.0023875902115833014
1016.0 0.001958199209184386
1017.0 0.0018895425455411896
1018.0 0.001820885699999053
1019.0 0.0014790334716963116
1020.0 0.0011371808795956895
1021.0 0.001179493574454682
1022.0 0.0012218061783642042
1023.0 0.0013787337593385018
1024.0 0.001535661067464389
1025.0 0.0016134759789565578
1026.0 0.0016912907085497864
1027.0 0.0017700296666589566
1028.0 0.0018487689885660075
1029.0 0.0021420053599285893
1030.0 0.0024352422769879922
1031.0 0.002208644582424313
1032.0 0.0019820468878606334
1033.0 0.00225565872824518
1034.0 0.002529270204831846
1035.0 0.002533128827053588
1036.0 0.00253698763117427
1037.0 0.0026326359147788025
1038.0 0.0027282840164843947
1039.0 0.0027124699045089073
1040.0 0.0026966556106344797
1041.0 0.002742926881182939
1042.0 0.0027891983336303383
1043.0 0.002652256080182269
1044.0 0.0025153136448352598
1045.0 0.0021204994482104667
1046.0 0.0017256850696867332
1047.0 0.0018990787793882191
1048.0 0.0020724726709886454
1049.0 0.0017679205484455451
1050.0 0.0014633686078013852
1051.0 0.0015845784218981862
1052.0 0.0017057876902981661
1053.0 0.0016203432096517645
1054.0 0.0015348985471064225
1055.0 0.0017253149053431116
1056.0 0.0019157312635798007
1057.0 0.0017125830709119327
1058.0 0.0015094348782440647
1059.0 0.0014804958482272923
1060.0 0.0014515570910589304
1061.0 0.0014674101294076536
1062.0 0.0014832631677563768
1063.0 0.0018442198779666796
1064.0 0.0022051766791264527
1065.0 0.0019287052055005915
1066.0 0.0016522337318747304
1067.0 0.001733204408083111
1068.0 0.001814174720493611
1069.0 0.002290046904818155
1070.0 0.002765918725344818
1071.0 0.0027621797926258296
1072.0 0.0027584404961089604
1073.0 0.0026949261155095883
1074.0 0.0026314119168091565
1075.0 0.0031750885682413355
1076.0 0.003718765583471395
1077.0 0.004026873648399487
1078.0 0.004334980985731818
1079.0 0.0040045146306511015
1080.0 0.0036740479117725044
1081.0 0.0035701395972864702
1082.0 0.0034662305552046746
1083.0 0.003791733252000995
1084.0 0.004117235221201554
1085.0 0.005401774251367897
1086.0 0.006686312553938478
1087.0 0.005405570846050978
1088.0 0.004124829138163477
1089.0 0.004086690751137212
1090.0 0.004048552364110947
1091.0 0.004580937093123794
1092.0 0.0051133218221366405
1093.0 0.0035460256185615435
1094.0 0.001978729596885387
1095.0 0.0033680953492876142
1096.0 0.0047574605559930205
1097.0 0.003255321644246578
1098.0 0.0017531820049043745
1099.0 0.003173169170622714
1100.0 0.004593156700138934
