lsstCam/transmission_filter_detector/r43_s12/u_24/19700101T000000.ecsv
# %ECSV 1.0
# ---
# datatype:
# - {name: wavelength, unit: nm, datatype: float32}
# - {name: efficiency, unit: '%', datatype: float64}
# meta: !!omap
# - {MODE: DETECTOR}
# - {TYPE: transmission_filter_detector}
# - {CALIBDATE: '1970-01-01T00:00:00'}
# - {INSTRUME: LSSTCam}
# - {OBSTYPE: transmission_filter_detector}
# - {CALIBCLS: lsst.ip.isr.IntermediateFilterDetectorTransmissionCurve}
# - {SOURCE: Materion (DM-46256)}
# - {DETECTOR: 185}
# - {FILTER: u_24}
# - {CALIB_ID: 'calibDate=1970-01-01T00:00:00 filter=u_24 detector=185'}
# - {DATE: '2025-04-02T15:59:40.608350'}
# - {CALIB_CREATION_DATE: '2025-04-02'}
# - {CALIB_CREATION_TIME: '15:59:40'}
# - __serialized_columns__:
#     efficiency:
#       __class__: astropy.units.quantity.Quantity
#       unit: !astropy.units.Unit {unit: '%'}
#       value: !astropy.table.SerializedColumn {name: efficiency}
#     wavelength:
#       __class__: astropy.units.quantity.Quantity
#       unit: !astropy.units.Unit {unit: nm}
#       value: !astropy.table.SerializedColumn {name: wavelength}
# schema: astropy-2.0
wavelength efficiency
295.0 1.7194834965594818e-10
296.0 1.7194834965594818e-10
297.0 1.7194834965594818e-10
298.0 1.7194834965594818e-10
299.0 1.7194834965594818e-10
300.0 1.7194834965594818e-10
301.0 1.7194834965594818e-10
302.0 1.7194834965594818e-10
303.0 0.016844860510900617
304.0 0.4672807175666094
305.0 1.4833731576800346
306.0 3.2474853098392487
307.0 5.245785415172577
308.0 8.229119330644608
309.0 11.78499087691307
310.0 15.755432844161987
311.0 19.72779929637909
312.0 23.06218147277832
313.0 25.937172770500183
314.0 28.62091064453125
315.0 31.14665448665619
316.0 33.69321525096893
317.0 36.931732296943665
318.0 41.052696108818054
319.0 46.07760012149811
320.0 52.36493945121765
321.0 57.86969065666199
322.0 63.53389024734497
323.0 68.17195415496826
324.0 71.69575095176697
325.0 73.9868700504303
326.0 76.08058452606201
327.0 77.54656672477722
328.0 79.27584648132324
329.0 80.45149445533752
330.0 81.31313920021057
331.0 81.62708282470703
332.0 81.89582824707031
333.0 82.06435441970825
334.0 82.07640647888184
335.0 82.56784081459045
336.0 83.19283127784729
337.0 83.91225934028625
338.0 84.6830427646637
339.0 85.174560546875
340.0 85.44318675994873
341.0 85.81199049949646
342.0 86.05169653892517
343.0 85.99469661712646
344.0 86.27644181251526
345.0 86.71727180480957
346.0 87.10595369338989
347.0 87.51306533813477
348.0 87.66303658485413
349.0 87.82241940498352
350.0 87.85942792892456
351.0 88.04815411567688
352.0 87.924063205719
353.0 88.00735473632812
354.0 87.93721199035645
355.0 88.07685375213623
356.0 88.12641501426697
357.0 87.85945773124695
358.0 87.52087950706482
359.0 87.08038926124573
360.0 86.94511651992798
361.0 86.71284914016724
362.0 86.62167191505432
363.0 86.88586354255676
364.0 87.1157169342041
365.0 87.5161349773407
366.0 87.80193328857422
367.0 87.90323734283447
368.0 87.9777729511261
369.0 88.13429474830627
370.0 88.01090717315674
371.0 88.02842497825623
372.0 88.19645643234253
373.0 88.52137923240662
374.0 88.52734565734863
375.0 88.92880082130432
376.0 89.15795683860779
377.0 89.17684555053711
378.0 89.05680775642395
379.0 88.50610256195068
380.0 87.34479546546936
381.0 85.63005924224854
382.0 83.54133367538452
383.0 81.43030405044556
384.0 79.28446531295776
385.0 76.64346694946289
386.0 73.68823885917664
387.0 69.66872811317444
388.0 65.5711829662323
389.0 60.79414486885071
390.0 56.510382890701294
391.0 52.2918701171875
392.0 48.217567801475525
393.0 44.69744265079498
394.0 40.9244179725647
395.0 36.41856014728546
396.0 31.151986122131348
397.0 24.195222556591034
398.0 17.299290001392365
399.0 10.777051001787186
400.0 5.678470805287361
401.0 2.4264944717288017
402.0 0.7895682007074356
403.0 0.244383723475039
404.0 0.130983698181808
405.0 0.05221079336479306
406.0 0.03302859840914607
407.0 1.7194834965594818e-10
408.0 1.7194834965594818e-10
409.0 1.7194834965594818e-10
410.0 1.7194834965594818e-10
411.0 1.7194834965594818e-10
412.0 1.7194834965594818e-10
413.0 1.7194834965594818e-10
414.0 1.7194834965594818e-10
415.0 1.7194834965594818e-10
416.0 1.7194834965594818e-10
417.0 1.7194834965594818e-10
418.0 1.7194834965594818e-10
419.0 1.7194834965594818e-10
420.0 1.7194834965594818e-10
421.0 1.7194834965594818e-10
422.0 1.7194834965594818e-10
423.0 1.7194834965594818e-10
424.0 1.7194834965594818e-10
425.0 1.7194834965594818e-10
426.0 0.0009356434020446613
427.0 1.7194834965594818e-10
428.0 1.7194834965594818e-10
429.0 1.7194834965594818e-10
430.0 1.7194834965594818e-10
431.0 1.7194834965594818e-10
432.0 1.7194834965594818e-10
433.0 1.7194834965594818e-10
434.0 1.7194834965594818e-10
435.0 1.7194834965594818e-10
436.0 1.7194834965594818e-10
437.0 1.7194834965594818e-10
438.0 1.7194834965594818e-10
439.0 4.641846942377015e-05
440.0 0.0006010898232489126
441.0 0.0004922533207718516
442.0 0.0003834163635474397
443.0 0.0004605069989338517
444.0 0.0005375974978960585
445.0 0.0002567451019785949
446.0 1.7194834965594818e-10
447.0 1.7194834965594818e-10
448.0 1.7194834965594818e-10
449.0 1.7194834965594818e-10
450.0 0.0011822557098639663
451.0 0.000489587500851485
452.0 1.7194834965594818e-10
453.0 1.7194834965594818e-10
454.0 1.7194834965594818e-10
455.0 3.3256333153985906e-05
456.0 0.0005960095677437494
457.0 0.00039350998122245073
458.0 0.0001910104401758872
459.0 1.7194834965594818e-10
460.0 1.7194834965594818e-10
461.0 1.7194834965594818e-10
462.0 1.7194834965594818e-10
463.0 1.7194834965594818e-10
464.0 1.7194834965594818e-10
465.0 1.7194834965594818e-10
466.0 1.7194834965594818e-10
467.0 0.0004291642198950285
468.0 0.0010433625902805943
469.0 2.669400203103578e-05
470.0 1.7194834965594818e-10
471.0 1.7194834965594818e-10
472.0 1.7194834965594818e-10
473.0 1.7194834965594818e-10
474.0 0.00016837788052725955
475.0 1.7194834965594818e-10
476.0 1.7194834965594818e-10
477.0 1.7194834965594818e-10
478.0 1.7194834965594818e-10
479.0 1.7194834965594818e-10
480.0 1.7194834965594818e-10
481.0 1.7194834965594818e-10
482.0 1.7194834965594818e-10
483.0 0.00015448650856342283
484.0 0.00042777855924214236
485.0 1.7194834965594818e-10
486.0 1.7194834965594818e-10
487.0 1.7194834965594818e-10
488.0 8.779178983786551e-05
489.0 8.630144776589077e-06
490.0 1.7194834965594818e-10
491.0 1.7194834965594818e-10
492.0 1.7194834965594818e-10
493.0 1.2528261983391076e-06
494.0 1.324456633255977e-05
495.0 0.00011614085906330729
496.0 0.0002190372015320463
497.0 1.2164828433469665e-05
498.0 1.7194834965594818e-10
499.0 1.7194834965594818e-10
500.0 1.7194834965594818e-10
501.0 1.7194834965594818e-10
502.0 1.7194834965594818e-10
503.0 0.00026247978439641884
504.0 0.0005988705197523814
505.0 0.00018074673562296084
506.0 1.7194834965594818e-10
507.0 1.7194834965594818e-10
508.0 0.00019188075839338126
509.0 1.7194834965594818e-10
510.0 1.7194834965594818e-10
511.0 1.7194834965594818e-10
512.0 1.7194834965594818e-10
513.0 1.7194834965594818e-10
514.0 1.7194834965594818e-10
515.0 1.7194834965594818e-10
516.0 1.7194834965594818e-10
517.0 1.7194834965594818e-10
518.0 0.00022582207748200744
519.0 1.7194834965594818e-10
520.0 1.7194834965594818e-10
521.0 1.7194834965594818e-10
522.0 1.7194834965594818e-10
523.0 1.7194834965594818e-10
524.0 3.510953376917314e-05
525.0 1.7194834965594818e-10
526.0 1.7194834965594818e-10
527.0 1.7194834965594818e-10
528.0 1.7194834965594818e-10
529.0 1.7194834965594818e-10
530.0 6.93679908181366e-05
531.0 0.00020795710042875726
532.0 0.0003465462214080617
533.0 7.884113983891439e-05
534.0 1.7194834965594818e-10
535.0 1.7194834965594818e-10
536.0 0.00014449592526943889
537.0 1.7194834965594818e-10
538.0 1.7194834965594818e-10
539.0 1.7194834965594818e-10
540.0 0.00011187075870111585
541.0 1.7194834965594818e-10
542.0 1.7194834965594818e-10
543.0 1.7194834965594818e-10
544.0 1.7194834965594818e-10
545.0 1.7194834965594818e-10
546.0 0.0002389034079897101
547.0 1.7194834965594818e-10
548.0 1.7194834965594818e-10
549.0 1.7194834965594818e-10
550.0 7.900576406427717e-05
551.0 5.1243574716863804e-05
552.0 2.3481433686356468e-05
553.0 5.435695893396542e-07
554.0 1.7194834965594818e-10
555.0 1.7194834965594818e-10
556.0 1.7194834965594818e-10
557.0 1.7194834965594818e-10
558.0 0.00011439132094892557
559.0 1.7194834965594818e-10
560.0 1.7194834965594818e-10
561.0 1.7194834965594818e-10
562.0 1.7194834965594818e-10
563.0 1.7194834965594818e-10
564.0 1.7194834965594818e-10
565.0 1.7194834965594818e-10
566.0 5.571660608438833e-05
567.0 0.00028695772016362753
568.0 0.0005181987944524735
569.0 0.00023396480628434801
570.0 1.7194834965594818e-10
571.0 0.0001550823867546569
572.0 0.00036043397813045885
573.0 0.0001835333478084067
574.0 6.6327586978331965e-06
575.0 1.6533283542230492e-05
576.0 2.6433863808961178e-05
577.0 0.000188984540727688
578.0 0.00035153539101884235
579.0 0.0007324853413592791
580.0 0.001113435337174451
581.0 0.001156003236246761
582.0 0.001198571226268541
583.0 0.0010390657735115383
584.0 0.0008795599569566548
585.0 0.0007425303465424804
586.0 0.0006055006906535709
587.0 0.0006293971182458336
588.0 0.0006532935913128313
589.0 0.0006561125246662414
590.0 0.0006589315034943866
591.0 0.0006539459263876779
592.0 0.000648960212856764
593.0 0.0007145093604776775
594.0 0.0007800585080985911
595.0 0.0007483006811526138
596.0 0.0007165428996813716
597.0 0.0013709285667573567
598.0 0.0020253140974091366
599.0 0.0023077285732142627
600.0 0.002590142685221508
601.0 0.0028193218895467
602.0 0.003048500911972951
603.0 0.002613512333482504
604.0 0.0021785237549920566
605.0 0.0017926595319295302
606.0 0.0014067953088670038
607.0 0.001156943562818924
608.0 0.0009070916348719038
609.0 0.0009644746569392737
610.0 0.0010218575880571734
611.0 0.0006324102287180722
612.0 0.0002429625965305604
613.0 0.0004951705705025233
614.0 0.0007473786354239564
615.0 0.0005971609880361939
616.0 0.00044694329517369624
617.0 0.0005160834007256199
618.0 0.000585223278903868
619.0 0.0005898285053262953
620.0 0.0005944334134255769
621.0 0.0006136676802270813
622.0 0.0006329019015538506
623.0 0.0006754778951290064
624.0 0.000718053843229427
625.0 0.001006056299956981
626.0 0.0012940588021592703
627.0 0.0013145880984666292
628.0 0.0013351173038245179
629.0 0.001688854899839498
630.0 0.0020425926777534187
631.0 0.0022642032490693964
632.0 0.0024858140022843145
633.0 0.002739066803769674
634.0 0.002992319787153974
635.0 0.002809095531119965
636.0 0.002625870911288075
637.0 0.0022702575734001584
638.0 0.001914643871714361
639.0 0.0016210489775403403
640.0 0.00132745426526526
641.0 0.0012771215551765636
642.0 0.0012267888450878672
643.0 0.0006833543920947704
644.0 0.00013991990499562235
645.0 0.00017299458932029665
646.0 0.00020606919406418456
647.0 0.00031799722819414455
648.0 0.00042992514863726683
649.0 0.00040099143916449975
650.0 0.0003720576842169976
651.0 0.0008496654118061997
652.0 0.001327273275819607
653.0 0.0013227416275185533
654.0 0.0013182098882680293
655.0 0.0018762953914119862
656.0 0.0024343806217075326
657.0 0.003000625110871624
658.0 0.0035668694181367755
659.0 0.003636032124632038
660.0 0.0037051955587230623
661.0 0.0032450665457872674
662.0 0.0027849375328514725
663.0 0.00202065275516361
664.0 0.001256367704627337
665.0 0.001235392119269818
666.0 0.0012144165339122992
667.0 0.000982556684903102
668.0 0.0007506968358939048
669.0 0.00065418812482676
670.0 0.0005576792318606749
671.0 0.0005279871402308345
672.0 0.0004982950940757291
673.0 0.0006561678219441092
674.0 0.0008140405952872243
675.0 0.0012181516467535403
676.0 0.001622262607270386
677.0 0.0020981335183023475
678.0 0.0025740042474353686
679.0 0.0032389554689871147
680.0 0.003903906690538861
681.0 0.005800547660328448
682.0 0.007697188266320154
683.0 0.009660002251621336
684.0 0.011622816964518279
685.0 0.011404148972360417
686.0 0.01118548316298984
687.0 0.009321999823441729
688.0 0.007458519394276664
689.0 0.005878786032553762
690.0 0.004299052670830861
691.0 0.0038461632357211784
692.0 0.003393273800611496
693.0 0.0027197267627343535
694.0 0.0020461799067561515
695.0 0.0015809271644684486
696.0 0.0011156748769280966
697.0 0.0008984059604699723
698.0 0.0006811371349613182
699.0 0.0006216889232746325
700.0 0.0005622406661132118
701.0 0.0006658770416834159
702.0 0.0007695133717788849
703.0 0.0007050192380120279
704.0 0.000640525104245171
705.0 0.0007128406650735997
706.0 0.0007851563168514986
707.0 0.0008363200322492048
708.0 0.0008874840204953216
709.0 0.0009019557182909921
710.0 0.0009164275979856029
711.0 0.0007647227903362364
712.0 0.0006130178462626645
713.0 0.0004602279659593478
714.0 0.0003074381083933986
715.0 0.0003253287559346063
716.0 0.0003432194262131816
717.0 0.0004525641543295933
718.0 0.0005619087914965348
719.0 0.000322216283166199
720.0 8.25237520984956e-05
721.0 7.009721230133437e-05
722.0 5.76707236632501e-05
723.0 0.0002789857262541773
724.0 0.0005003008482162841
725.0 0.000386733518098481
726.0 0.0002731663244048832
727.0 0.0003576793915271992
728.0 0.0004421924586495152
729.0 0.0002773450887616491
730.0 0.00011249778708588565
731.0 0.0002549574901422602
732.0 0.0003974172159360023
733.0 0.0005548099125007866
734.0 0.0007122024271666305
735.0 0.0004407167125464184
736.0 0.00016923095245147124
737.0 0.00038179764487722423
738.0 0.0005943643373029772
739.0 0.0009847973160503898
740.0 0.0013752302947978023
741.0 0.0018540928067523055
742.0 0.0023329552277573384
743.0 0.0030628176318714395
744.0 0.0037926798540866002
745.0 0.004401300611789338
746.0 0.005009921005694196
747.0 0.004885618545813486
748.0 0.004761315722134896
749.0 0.004302621164242737
750.0 0.003843926970148459
751.0 0.0034576522011775523
752.0 0.0030713774322066456
753.0 0.0031364608730655164
754.0 0.003201544313924387
755.0 0.0027614903956418857
756.0 0.002321436295460444
757.0 0.001956262713065371
758.0 0.0015910893125692382
759.0 0.0013939309610577766
760.0 0.001196772700495785
761.0 0.000995109530776972
762.0 0.0007934462701086886
763.0 0.000688987302055466
764.0 0.0005845282430527732
765.0 0.0005189601779420627
766.0 0.00045339215830608737
767.0 0.00035975831451651175
768.0 0.00026612453893903876
769.0 0.00044504708966996986
770.0 0.0006239697086130036
771.0 0.0007665772500331514
772.0 0.0009091849278775044
773.0 0.0009654670975578483
774.0 0.0010217493581876624
775.0 0.0008148496817739215
776.0 0.0006079500053601805
777.0 0.0007314230515476083
778.0 0.0008548960977350362
779.0 0.0008421740858466364
780.0 0.0008294519830087665
781.0 0.0009879489880404435
782.0 0.0011464458111731801
783.0 0.0011549001101229805
784.0 0.0011633545909717213
785.0 0.0013846498404745944
786.0 0.0016059451809269376
787.0 0.0013715121895074844
788.0 0.001137079107138561
789.0 0.001085965232050512
790.0 0.0010348509931645822
791.0 0.000805714626039844
792.0 0.0005765783043898409
793.0 0.0005997023436066229
794.0 0.0006228262009244645
795.0 0.00036304904824646655
796.0 0.00010327178188163089
797.0 0.00013963881428935565
798.0 0.00017600583532839664
799.0 0.0001921476950883516
800.0 0.00020828963442909298
801.0 1.5719983537110238e-05
802.0 1.7194834965594818e-10
803.0 1.7194834965594818e-10
804.0 1.7194834965594818e-10
805.0 0.00012768172155119828
806.0 0.0004327226633904502
807.0 0.0002771889512587222
808.0 0.00012165521638962673
809.0 0.00015250817568812636
810.0 0.00018336106677452335
811.0 0.00024056284928519744
812.0 0.000297764609058504
813.0 0.0003752470547624398
814.0 0.0004527295004663756
815.0 0.0002349137730561779
816.0 1.709794759108263e-05
817.0 0.0002081896582240006
818.0 0.0003992814072262263
819.0 0.0004902353794022929
820.0 0.0005811895789520349
821.0 0.0006466724244091893
822.0 0.0007121550879674032
823.0 0.00029734844702034025
824.0 1.7194834965594818e-10
825.0 1.7194834965594818e-10
826.0 5.238529183770879e-05
827.0 0.00011076504051743541
828.0 0.0001691449597274186
829.0 6.641200229751121e-05
830.0 1.7194834965594818e-10
831.0 1.7194834965594818e-10
832.0 1.7194834965594818e-10
833.0 1.7194834965594818e-10
834.0 1.7194834965594818e-10
835.0 1.7194834965594818e-10
836.0 1.7194834965594818e-10
837.0 1.7194834965594818e-10
838.0 1.7194834965594818e-10
839.0 1.7194834965594818e-10
840.0 1.7194834965594818e-10
841.0 1.7194834965594818e-10
842.0 1.7194834965594818e-10
843.0 5.8936643654305954e-05
844.0 0.0003206426299584564
845.0 0.00016171233028217102
846.0 2.7820792780630654e-06
847.0 0.00017792403923522215
848.0 0.0003530660251271911
849.0 0.0003202101879651309
850.0 0.00028735428259096807
851.0 0.0005406117907114094
852.0 0.0007938692760944832
853.0 0.0007878206815803424
854.0 0.000781772359914612
855.0 0.0008795927897153888
856.0 0.000977413401415106
857.0 0.0009523309927317314
858.0 0.000927248674997827
859.0 0.0010229284271190409
860.0 0.0011186077244929038
861.0 0.0014915595784259494
862.0 0.0018645112504600547
863.0 0.001947361852217
864.0 0.002030212817771826
865.0 0.001811362562875729
866.0 0.0015925124898785725
867.0 0.0015920542864478193
868.0 0.0015915960830170661
869.0 0.001682339825492818
870.0 0.00177308374986751
871.0 0.0018342243492952548
872.0 0.0018953649487229995
873.0 0.002165697696909774
874.0 0.002436030626995489
875.0 0.002444890924380161
