lsstCam/transmission_filter_detector/r21_s12/r_57/19700101T000000.ecsv
# %ECSV 1.0
# ---
# datatype:
# - {name: wavelength, unit: nm, datatype: float32}
# - {name: efficiency, unit: '%', datatype: float64}
# meta: !!omap
# - {MODE: DETECTOR}
# - {TYPE: transmission_filter_detector}
# - {CALIBDATE: '1970-01-01T00:00:00'}
# - {INSTRUME: LSSTCam}
# - {OBSTYPE: transmission_filter_detector}
# - {CALIBCLS: lsst.ip.isr.IntermediateFilterDetectorTransmissionCurve}
# - {SOURCE: Materion (DM-46256)}
# - {DETECTOR: 86}
# - {FILTER: r_57}
# - {CALIB_ID: 'calibDate=1970-01-01T00:00:00 filter=r_57 detector=86'}
# - {DATE: '2025-04-02T15:59:44.580554'}
# - {CALIB_CREATION_DATE: '2025-04-02'}
# - {CALIB_CREATION_TIME: '15:59:44'}
# - __serialized_columns__:
#     efficiency:
#       __class__: astropy.units.quantity.Quantity
#       unit: !astropy.units.Unit {unit: '%'}
#       value: !astropy.table.SerializedColumn {name: efficiency}
#     wavelength:
#       __class__: astropy.units.quantity.Quantity
#       unit: !astropy.units.Unit {unit: nm}
#       value: !astropy.table.SerializedColumn {name: wavelength}
# schema: astropy-2.0
wavelength efficiency
300.0 0.001857655843195971
301.0 0.00482447212561965
302.0 0.00779128895374015
303.0 0.009780097025213763
304.0 0.0117689065518789
305.0 0.010404577915323898
306.0 0.009040249278768897
307.0 0.008673412958160043
308.0 0.00830657736514695
309.0 0.006967450462980196
310.0 0.005628323197015561
311.0 0.005146959301782772
312.0 0.004665596134145744
313.0 0.0045958804548718035
314.0 0.004526164411799982
315.0 0.004351779352873564
316.0 0.004177393930149265
317.0 0.003847742482321337
318.0 0.003518091034493409
319.0 0.0032464686228195205
320.0 0.00297484511975199
321.0 0.0029073067707940936
322.0 0.002839768785634078
323.0 0.0025812070816755295
324.0 0.0023226455596159212
325.0 0.0021827871023560874
326.0 0.002042928826995194
327.0 0.0021668962290277705
328.0 0.0022908638129592873
329.0 0.0023208203856484033
330.0 0.0023507769583375193
331.0 0.002134568785550073
332.0 0.0019183606127626263
333.0 0.0016988200513878837
334.0 0.0014792793081142008
335.0 0.0013243336979940068
336.0 0.001169388178823283
337.0 0.0010878517059609294
338.0 0.0010063152330985758
339.0 0.000992916557152057
340.0 0.000979517699306598
341.0 0.0009414707164978608
342.0 0.0009034237336891238
343.0 0.0008209084626287222
344.0 0.0007383930551441154
345.0 0.0007363044460362289
346.0 0.0007342157459788723
347.0 0.0007170193839556305
348.0 0.0006998230674071237
349.0 0.0006789625786041142
350.0 0.004886005990556441
351.0 0.0056775519624352455
352.0 0.006469097570516169
353.0 0.005680901085725054
354.0 0.004892704600933939
355.0 0.0046159999328665435
356.0 0.0043392956285970286
357.0 0.0056304881582036614
358.0 0.0069216817792039365
359.0 0.005501379564520903
360.0 0.004081077349837869
361.0 0.0028423735784599558
362.0 0.0016036696251831017
363.0 0.0027840844268212095
364.0 0.003964499046560377
365.0 0.003599830233724788
366.0 0.0032351617846870795
367.0 0.003071942410315387
368.0 0.0029087226721458137
369.0 0.002870909884222783
370.0 0.0028330970962997526
371.0 0.002809116631397046
372.0 0.00278513634839328
373.0 0.003069805825361982
374.0 0.0033544751204317436
375.0 0.0028507634851848707
376.0 0.002347052031836938
377.0 0.001415908172930358
378.0 0.00048476431402377784
379.0 0.0010238131835649256
380.0 0.0015628622350050136
381.0 0.002060584847640712
382.0 0.0025583076421753503
383.0 0.002808739918691572
384.0 0.0030591723771067336
385.0 0.003981973713962361
386.0 0.004904775050817989
387.0 0.004531619561021216
388.0 0.004158464071224444
389.0 0.0034421205782564357
390.0 0.0027257763576926664
391.0 0.0022325450117932633
392.0 0.0017393134839949198
393.0 0.0015968809748301283
394.0 0.001454448101867456
395.0 0.0010481351637281477
396.0 0.0006418222710635746
397.0 0.0007759396794426721
398.0 0.0009100574970943853
399.0 0.0006768575076421257
400.0 0.00044365724534145556
401.0 0.0001391846353726578
402.0 1.5750263506614237e-10
403.0 0.00017226251429747208
404.0 0.000509813708049478
405.0 0.0007865341103752144
406.0 0.00106325414890307
407.0 0.001398365930072032
408.0 0.0017334774383925833
409.0 0.0014500024008157197
410.0 0.001166527272289386
411.0 0.0009323259291704744
412.0 0.0006981246315262979
413.0 0.0007407036264339695
414.0 0.0007832826668163761
415.0 0.0007977013410709333
416.0 0.0008121202881739009
417.0 0.0012399384104355704
418.0 0.0016677569874445908
419.0 0.002156863956770394
420.0 0.0026459711079951376
421.0 0.0038758382288506255
422.0 0.005105705349706113
423.0 0.008037144289119169
424.0 0.010968582500936463
425.0 0.014799201744608581
426.0 0.01862981735030189
427.0 0.01931403239723295
428.0 0.019998251809738576
429.0 0.015400529082398862
430.0 0.010802804899867624
431.0 0.007662906136829406
432.0 0.004523005918599665
433.0 0.0035503049730323255
434.0 0.002577604027464986
435.0 0.0020991486962884665
436.0 0.0016206931832130067
437.0 0.0013773655155091546
438.0 0.0011340382116031833
439.0 0.0009304041668656282
440.0 0.000726770076653338
441.0 0.0010154471965506673
442.0 0.0013041243619227316
443.0 0.0016802259779069573
444.0 0.0020563275029417127
445.0 0.0019462489944999106
446.0 0.0018361706679570489
447.0 0.0016558720744797029
448.0 0.0014755736629012972
449.0 0.0013908232176618185
450.0 0.0013060723176749889
451.0 0.0014003401702211704
452.0 0.0014946079318178818
453.0 0.0015115309906832408
454.0 0.0015284538676496595
455.0 0.001369286655972246
456.0 0.001210119626193773
457.0 0.0008332971447089221
458.0 0.00045647466322407126
459.0 0.0006935240890015848
460.0 0.0009305735147790983
461.0 0.0015500290828640573
462.0 0.0021694842871511355
463.0 0.002820488589350134
464.0 0.0034714932553470135
465.0 0.004405553772812709
466.0 0.005339614290278405
467.0 0.005969292396912351
468.0 0.006598971231142059
469.0 0.005696811058442108
470.0 0.0047946523409336805
471.0 0.003673914397950284
472.0 0.0025531768187647685
473.0 0.002059489634120837
474.0 0.0015658022675779648
475.0 0.0012657274965022225
476.0 0.0009656529073254205
477.0 0.000817596992419567
478.0 0.000669540895614773
479.0 0.000860562522575492
480.0 0.0010515840585867409
481.0 0.0007974889740580693
482.0 0.0005433941169030732
483.0 0.0006139309789432446
484.0 0.0006844677500339458
485.0 0.0006580245553777786
486.0 0.0006315812697721412
487.0 0.000591249863646226
488.0 0.0005509184575203108
489.0 0.0005663190222549019
490.0 0.000581719541514758
491.0 0.0007211570391518762
492.0 0.0008605945367889944
493.0 0.0009264491382054985
494.0 0.0009923038305714726
495.0 0.0008975477612693794
496.0 0.0008027916919672862
497.0 0.000999327858153265
498.0 0.0011958639333897736
499.0 0.001239976154465694
500.0 0.0012840884664910845
501.0 0.0013965512152935844
502.0 0.0015090140550455544
503.0 0.001852679815783631
504.0 0.0021963454855722375
505.0 0.0026735720894066617
506.0 0.003150798875140026
507.0 0.0038142774428706616
508.0 0.004477756010601297
509.0 0.004951038863509893
510.0 0.005424321352620609
511.0 0.004871593046118505
512.0 0.0043188647396164015
513.0 0.0036805235140491277
514.0 0.003042182288481854
515.0 0.002802778544719331
516.0 0.0025633749828557484
517.0 0.0024830827896948904
518.0 0.002402790414635092
519.0 0.07163853151723742
520.0 0.09733143961057067
521.0 0.057991244830191135
522.0 0.15607409877702594
523.0 0.15174354193732142
524.0 0.10196920484304428
525.0 0.12465016916394234
526.0 0.06804450531490147
527.0 0.09469506330788136
528.0 0.11737364111468196
529.0 0.09414422675035894
530.0 0.11626072227954865
531.0 0.1012552878819406
532.0 0.16736307879909873
533.0 0.1723992987535894
534.0 0.3226325614377856
535.0 0.3867466002702713
536.0 0.4650860093533993
537.0 0.6598147097975016
538.0 1.0042320936918259
539.0 1.531184557825327
540.0 2.481892704963684
541.0 3.8684412837028503
542.0 5.812131613492966
543.0 8.397924900054932
544.0 11.56517043709755
545.0 15.199245512485504
546.0 19.536565244197845
547.0 25.01591145992279
548.0 32.050713896751404
549.0 39.691609144210815
550.0 46.82679772377014
551.0 54.8088014125824
552.0 60.977137088775635
553.0 66.56367182731628
554.0 71.59863710403442
555.0 75.89738965034485
556.0 79.93707060813904
557.0 82.87951946258545
558.0 86.36990785598755
559.0 89.8845374584198
560.0 90.83638191223145
561.0 93.07581186294556
562.0 94.11980509757996
563.0 94.41449046134949
564.0 94.78403925895691
565.0 94.44647431373596
566.0 95.07095217704773
567.0 94.5037305355072
568.0 95.22976875305176
569.0 95.51386833190918
570.0 94.75634098052979
571.0 96.08755111694336
572.0 95.82297801971436
573.0 96.03801369667053
574.0 96.07856273651123
575.0 96.37358784675598
576.0 96.51970863342285
577.0 96.63461446762085
578.0 96.27739191055298
579.0 96.3719367980957
580.0 95.80335021018982
581.0 95.7817554473877
582.0 96.31388783454895
583.0 96.04714512825012
584.0 95.35446763038635
585.0 95.48312425613403
586.0 95.49066424369812
587.0 95.45454978942871
588.0 95.79077959060669
589.0 96.56044840812683
590.0 95.66923975944519
591.0 95.06455659866333
592.0 95.75226902961731
593.0 94.6962296962738
594.0 95.5369770526886
595.0 95.73401212692261
596.0 96.17002010345459
597.0 96.32601141929626
598.0 96.00862860679626
599.0 96.15573287010193
600.0 95.97833752632141
601.0 95.39380669593811
602.0 96.03257775306702
603.0 95.51159739494324
604.0 95.60912251472473
605.0 96.14885449409485
606.0 95.424884557724
607.0 95.56814432144165
608.0 95.84591388702393
609.0 95.14145851135254
610.0 95.24122476577759
611.0 95.20956873893738
612.0 95.22994756698608
613.0 96.16861343383789
614.0 95.94086408615112
615.0 95.60273289680481
616.0 95.87734341621399
617.0 95.65656185150146
618.0 95.72552442550659
619.0 96.41462564468384
620.0 95.54125666618347
621.0 94.84526515007019
622.0 95.69678902626038
623.0 96.12080454826355
624.0 95.57781219482422
625.0 96.32993340492249
626.0 95.46311497688293
627.0 94.66708898544312
628.0 96.49736881256104
629.0 94.95212435722351
630.0 95.49839496612549
631.0 95.59813737869263
632.0 96.34451866149902
633.0 95.72226405143738
634.0 95.5149233341217
635.0 95.71080803871155
636.0 95.57661414146423
637.0 95.16937136650085
638.0 95.07420659065247
639.0 94.9782133102417
640.0 95.15644907951355
641.0 95.28680443763733
642.0 95.47180533409119
643.0 95.56499719619751
644.0 95.388263463974
645.0 95.49174308776855
646.0 95.3825294971466
647.0 96.43384218215942
648.0 95.78496217727661
649.0 94.88959908485413
650.0 95.65742015838623
651.0 96.32864594459534
652.0 96.30852341651917
653.0 95.3234612941742
654.0 95.87274193763733
655.0 95.94061374664307
656.0 95.21167278289795
657.0 95.16778588294983
658.0 95.88001370429993
659.0 95.73332667350769
660.0 94.85663175582886
661.0 94.9808657169342
662.0 95.52645087242126
663.0 95.41239142417908
664.0 95.15153765678406
665.0 94.94997262954712
666.0 95.04300355911255
667.0 95.15237212181091
668.0 94.73838806152344
669.0 95.31831741333008
670.0 95.05996704101562
671.0 95.34426927566528
672.0 94.80909705162048
673.0 95.06188035011292
674.0 94.3918228149414
675.0 95.26535272598267
676.0 94.4917380809784
677.0 93.32007765769958
678.0 92.45378971099854
679.0 92.02017784118652
680.0 91.12405180931091
681.0 89.5728051662445
682.0 87.53554224967957
683.0 84.49094891548157
684.0 80.75398206710815
685.0 76.85070037841797
686.0 73.14635515213013
687.0 68.24601888656616
688.0 63.636934757232666
689.0 59.105658531188965
690.0 53.72835397720337
691.0 49.72003698348999
692.0 44.804224371910095
693.0 40.69991409778595
694.0 35.82383692264557
695.0 30.68309724330902
696.0 25.684866309165955
697.0 20.625558495521545
698.0 15.20436406135559
699.0 10.927485674619675
700.0 7.644462585449219
701.0 4.746650531888008
702.0 2.986956387758255
703.0 1.6999639570713043
704.0 1.0095495730638504
705.0 0.5788447801023722
706.0 0.40498869493603706
707.0 0.25475879665464163
708.0 0.1450971933081746
709.0 0.13614525087177753
710.0 0.09672348387539387
711.0 0.09399960399605334
712.0 0.09061557939276099
713.0 0.05210178205743432
714.0 0.039920612471178174
715.0 0.07179549429565668
716.0 0.08241090108640492
717.0 0.11927728774026036
718.0 0.08001652313396335
719.0 0.05167626077309251
720.0 1.5750263506614237e-10
721.0 0.004555982377496548
722.0 0.004217981040710583
723.0 0.0038799800677224994
724.0 0.0036129385989625007
725.0 0.0033458967664046213
726.0 0.003162019493174739
727.0 0.0029781424018437974
728.0 0.002730115011218004
729.0 0.0024820876205922104
730.0 0.002359549944230821
731.0 0.0022370126316673122
732.0 0.0022216476281755604
733.0 0.0022062826246838085
734.0 0.002116989162459504
735.0 0.002027695700235199
736.0 0.0018555005226517096
737.0 0.0016833055269671604
738.0 0.001652449464017991
739.0 0.0016215934010688215
740.0 0.00156573314598063
741.0 0.001509873072791379
742.0 0.0013934813978266902
743.0 0.0012770896319125313
744.0 0.0013897524695494212
745.0 0.0015024150343379006
746.0 0.0013954543646832462
747.0 0.0012884936040791217
748.0 0.0011944854122702964
749.0 0.001100477220461471
750.0 0.0010614276106934994
751.0 0.0010223783647234086
752.0 0.0010712499715737067
753.0 0.0011201214874745347
754.0 0.0011026893844245933
755.0 0.0010852574632735923
756.0 0.0009905065780912992
757.0 0.0008957555110100657
758.0 0.0009522075743007008
759.0 0.0010086594556923956
760.0 0.0010379384548286907
761.0 0.0010672178177628666
762.0 0.0010809824743773788
763.0 0.0010947474947897717
764.0 0.0010311803634976968
765.0 0.0009676133231550921
766.0 0.0007925237696326803
767.0 0.0006174341251607984
768.0 0.0005861151294084266
769.0 0.0005547959517571144
770.0 0.0006561382178915665
771.0 0.0007574806204502238
772.0 0.0007373819698841544
773.0 0.0007172831374191446
774.0 0.0008414974217885174
775.0 0.0009657115697336849
776.0 0.0009535413482808508
777.0 0.0009413712177774869
778.0 0.0008586031981394626
779.0 0.0007758353604003787
780.0 0.0006810061677242629
781.0 0.0005861770659976173
782.0 0.0006613426648982568
783.0 0.000736508172849426
784.0 0.0007681629540456925
785.0 0.0007998174623935483
786.0 0.0007579467819596175
787.0 0.0007160761470004218
788.0 0.0006794992714276304
789.0 0.0006429225322790444
790.0 0.0007159939286793815
791.0 0.0007890652341302484
792.0 0.0007944468961795792
793.0 0.0007998286491783801
794.0 0.0008372541742573958
795.0 0.0008746794264880009
796.0 0.0007468798230547691
797.0 0.0006190802196215373
798.0 0.0007590932455059374
799.0 0.0008991062713903375
800.0 0.0008079047802311834
801.0 0.000716703152647824
802.0 0.0006540932645293651
803.0 0.0005914831035624957
804.0 0.0006586715699086199
805.0 0.0007258600817294791
806.0 0.0006626112735830247
807.0 0.0005993625109113054
808.0 0.0006982074864936294
809.0 0.0007970524166012183
810.0 0.0007203809218481183
811.0 0.0006437096544686938
812.0 0.0006386559107340872
813.0 0.0006336021215247456
814.0 0.0005091102593723917
815.0 0.00038461844269477297
816.0 0.0005243616669758921
817.0 0.0006641049822064815
818.0 0.0006146651230665157
819.0 0.0005652252639265498
820.0 0.00047540497689624317
821.0 0.0003855846898659365
822.0 0.0004055232693644939
823.0 0.00042546193981252145
824.0 0.00041600183067203034
825.0 0.0004065417215315392
826.0 0.00048625588533468544
827.0 0.0005659700036630966
828.0 0.00048443066589243244
829.0 0.00040289123717229813
830.0 0.00022883275505591882
831.0 5.4774244517830084e-05
832.0 1.5750263506614237e-10
833.0 1.5750263506614237e-10
834.0 1.5750263506614237e-10
835.0 1.5750263506614237e-10
836.0 0.0002279079808431561
837.0 0.0004708831511379685
838.0 0.0007056725280563114
839.0 0.0009404619049746543
840.0 0.001263706053578062
841.0 0.0015869502021814696
842.0 0.0019875682482961565
843.0 0.0023881864763097838
844.0 0.002154336470994167
845.0 0.0019204866475774907
846.0 0.0016946001778705977
847.0 0.001468713344365824
848.0 0.0013609129382530227
849.0 0.0012531119864434004
850.0 0.0011866004570038058
851.0 0.0011200887456652708
852.0 0.0010596029824228026
853.0 0.0009991169463319238
854.0 0.0008723771315999329
855.0 0.0007456371349690016
856.0 0.0005878721822227817
857.0 0.00043010722947656177
858.0 0.0005351794698071899
859.0 0.0006402516191883478
860.0 0.00048244523895846214
861.0 0.00032463881325384136
862.0 0.00034547113045846345
863.0 0.000366303424925718
864.0 0.0002483897333149798
865.0 0.00013047608717897674
866.0 0.00010281502227371675
867.0 7.515391189372167e-05
868.0 9.337621804661467e-05
869.0 0.00011159849009345635
870.0 6.429889367609576e-05
871.0 1.6999300100906112e-05
872.0 1.5750263506614237e-10
873.0 1.5750263506614237e-10
874.0 1.5750263506614237e-10
875.0 1.5750263506614237e-10
876.0 1.5750263506614237e-10
877.0 1.5750263506614237e-10
878.0 7.678422662138473e-05
879.0 0.00016811264913485502
880.0 0.0001319419084211404
881.0 9.5771156338742e-05
882.0 0.00014549508478012285
883.0 0.00019521903595887125
884.0 5.6144756399589824e-05
885.0 1.5750263506614237e-10
886.0 1.2288772666124714e-05
887.0 0.00010750703722806065
888.0 0.00015342133110607392
889.0 0.00019933561361540342
890.0 0.00015615011079717078
891.0 0.00011296459661025438
892.0 1.5750263506614237e-10
893.0 1.5750263506614237e-10
894.0 1.5750263506614237e-10
895.0 3.308606437713024e-05
896.0 9.213363938442853e-06
897.0 1.5750263506614237e-10
898.0 5.271568852549535e-05
899.0 0.00012009066949758562
