lsstCam/transmission_filter_detector/r21_s12/r_57/19700101T000000.ecsv
# %ECSV 1.0
# ---
# datatype:
# - {name: wavelength, unit: nm, datatype: float32}
# - {name: efficiency, unit: '%', datatype: float64}
# meta: !!omap
# - {MODE: DETECTOR}
# - {TYPE: transmission_filter_detector}
# - {CALIBDATE: '1970-01-01T00:00:00'}
# - {INSTRUME: LSSTCam}
# - {OBSTYPE: transmission_filter_detector}
# - {CALIBCLS: lsst.ip.isr.IntermediateFilterDetectorTransmissionCurve}
# - {SOURCE: Materion (DM-46256)}
# - {DETECTOR: 86}
# - {FILTER: r_57}
# - {CALIB_ID: 'calibDate=1970-01-01T00:00:00 filter=r_57 detector=86'}
# - {DATE: '2025-04-02T15:59:44.580554'}
# - {CALIB_CREATION_DATE: '2025-04-02'}
# - {CALIB_CREATION_TIME: '15:59:44'}
# - __serialized_columns__:
#     efficiency:
#       __class__: astropy.units.quantity.Quantity
#       unit: !astropy.units.Unit {unit: '%'}
#       value: !astropy.table.SerializedColumn {name: efficiency}
#     wavelength:
#       __class__: astropy.units.quantity.Quantity
#       unit: !astropy.units.Unit {unit: nm}
#       value: !astropy.table.SerializedColumn {name: wavelength}
# schema: astropy-2.0
wavelength efficiency
[from data line 601]
901.0 1.5750263506614237e-10
902.0 1.5750263506614237e-10
903.0 1.5750263506614237e-10
904.0 1.5750263506614237e-10
905.0 1.5750263506614237e-10
906.0 1.5750263506614237e-10
907.0 1.5750263506614237e-10
908.0 1.5750263506614237e-10
909.0 1.5750263506614237e-10
910.0 1.5750263506614237e-10
911.0 1.5750263506614237e-10
912.0 1.5750263506614237e-10
913.0 1.5750263506614237e-10
914.0 3.0756010005461576e-05
915.0 8.321570703628822e-05
916.0 4.113947795758577e-05
917.0 1.5750263506614237e-10
918.0 8.702456284481741e-05
919.0 0.00017498582565167453
920.0 8.789981507106859e-05
921.0 8.137761575710556e-07
922.0 9.111138865591784e-05
923.0 0.00018140900692742434
924.0 0.0001693181161499524
925.0 0.00015722723674116423
926.0 0.00013736989785684273
927.0 0.00011751254760383745
928.0 0.0001242319513039547
929.0 0.0001309513322667044
930.0 0.00017946066463991883
931.0 0.00022797000838181702
932.0 6.213178949110443e-05
933.0 1.5750263506614237e-10
934.0 3.5079139593108266e-05
935.0 0.00017386463468938018
936.0 0.00017913578176376177
937.0 0.00018440692883814336
938.0 0.0002200954440922942
939.0 0.0002557839707151288
940.0 0.00027074843274021987
941.0 0.00028571284929057583
942.0 0.00035960129025625065
943.0 0.00043348973122192547
944.0 0.000365835830962169
945.0 0.00029818195343978005
946.0 0.0003380291445864714
947.0 0.0003778763357331627
948.0 0.00045357678573054727
949.0 0.0005292773948895046
950.0 0.0005107349807076389
951.0 0.0004921926574752433
952.0 0.0006201615633472102
953.0 0.0007481306511181174
954.0 0.0010682432730391156
955.0 0.001388356031384319
956.0 0.0014706789443152957
957.0 0.0015530018572462723
958.0 0.001677726504567545
959.0 0.001802451333787758
960.0 0.0019790812075370923
961.0 0.0021557110812864266
962.0 0.0023177914044936188
963.0 0.002479871727700811
964.0 0.002537950422265567
965.0 0.0025960289349313825
966.0 0.002602436870802194
967.0 0.002608844624774065
968.0 0.00259018470387673
969.0 0.0025715247829793952
970.0 0.0026343406716478057
971.0 0.002697156924114097
972.0 0.0027133475668961182
973.0 0.002729537845880259
974.0 0.002926846354966983
975.0 0.003124154682154767
976.0 0.00314670724037569
977.0 0.0031692594347987324
978.0 0.003074055348406546
979.0 0.002978851080115419
980.0 0.0029268578146002255
981.0 0.002874864549085032
982.0 0.002923046122305095
983.0 0.0029712273317272775
984.0 0.0028924469006597064
985.0 0.002813666287693195
986.0 0.0027558160581975244
987.0 0.0026979656468029134
988.0 0.0025197463401127607
989.0 0.002341527579119429
990.0 0.0023782222342561
991.0 0.0024149172531906515
992.0 0.0024778186343610287
993.0 0.0025407203793292865
994.0 0.0025767492843442596
995.0 0.002612777825561352
996.0 0.0027592397600528784
997.0 0.0029057016945444047
998.0 0.0030278537451522425
999.0 0.0031500057957600802
1000.0 0.0032209954952122644
1001.0 0.0032919851946644485
1002.0 0.0035509667213773355
1003.0 0.0038099482480902225
1004.0 0.0039018992538331077
1005.0 0.003993849895778112
1006.0 0.004176491347607225
1007.0 0.004359133163234219
1008.0 0.004291742880013771
1009.0 0.004224352232995443
1010.0 0.004239740883349441
1011.0 0.004255129533703439
1012.0 0.004133548645768315
1013.0 0.0040119673940353096
1014.0 0.0037534700823016465
1015.0 0.0034949724067701027
1016.0 0.0032792970159789547
1017.0 0.003063621625187807
1018.0 0.002723368743318133
1019.0 0.0023831164071452804
1020.0 0.0020876321286777966
1021.0 0.0017921476683113724
1022.0 0.0015612640709150583
1023.0 0.0013303800187713932
1024.0 0.0013736596883973107
1025.0 0.0014169395399221685
1026.0 0.001303576664213324
1027.0 0.0011902136975550093
1028.0 0.001130424061557278
1029.0 0.0010706341527111363
1030.0 0.0009815933481149841
1031.0 0.0008925519068725407
1032.0 0.0008518626600562129
1033.0 0.0008111732313409448
1034.0 0.0007510797331633512
1035.0 0.0006909860985615524
1036.0 0.0007644754077773541
1037.0 0.0008379644896194804
1038.0 0.0006827130164310802
1039.0 0.0005274616341921501
1040.0 0.0006183634923218051
1041.0 0.0007092653504514601
1042.0 0.0008315654667967465
1043.0 0.0009538652193441521
1044.0 0.0008832953426463064
1045.0 0.0008127257387968712
1046.0 0.0007771070158923976
1047.0 0.0007414884748868644
1048.0 0.0006699699497403344
1049.0 0.0005984514700685395
1050.0 0.0006345946530927904
1051.0 0.0006707377906423062
1052.0 0.000965890649240464
1053.0 0.0012610429621418007
1054.0 0.001017720660456689
1055.0 0.0007743981768726371
1056.0 0.0009313122063758783
1057.0 0.0010882263268285897
1058.0 0.0009047193998412695
1059.0 0.0007212126547528896
1060.0 0.0010812552318384405
1061.0 0.0014412974451261107
1062.0 0.0014192413800628856
1063.0 0.0013971852240501903
1064.0 0.0010618251508276444
1065.0 0.000726464804756688
1066.0 0.0013016949196753558
1067.0 0.0018769253074424341
1068.0 0.0018706614355323836
1069.0 0.0018643971998244524
1070.0 0.0015987830920494162
1071.0 0.0013331688933249097
1072.0 0.0015079307559062727
1073.0 0.0016826927094371058
1074.0 0.0021951676899334416
1075.0 0.0027076426704297774
1076.0 0.0028985690732952207
1077.0 0.0030894956580596045
1078.0 0.0036498906410997733
1079.0 0.004210286351735704
1080.0 0.004086359331267886
1081.0 0.003962432310800068
1082.0 0.0039014539652271196
1083.0 0.003840475983452052
1084.0 0.004435744631337002
1085.0 0.005031012915424071
1086.0 0.005035522917751223
1087.0 0.005040032556280494
1088.0 0.004855819497606717
1089.0 0.004671607166528702
1090.0 0.004145198909100145
1091.0 0.0036187906516715884
1092.0 0.0034273823985131457
1093.0 0.003235974145354703
1094.0 0.0034858170693041757
1095.0 0.0037356599932536483
1096.0 0.0032768930395832285
1097.0 0.0028181260859128088
1098.0 0.002330372626602184
1099.0 0.0018426191672915593
1100.0 0.0016592954125371762
1101.0 0.0014759712939849123
