lsstCam/transmission_filter_detector/r11_s02/r_57/19700101T000000.ecsv
# %ECSV 1.0
# ---
# datatype:
# - {name: wavelength, unit: nm, datatype: float32}
# - {name: efficiency, unit: '%', datatype: float64}
# meta: !!omap
# - {MODE: DETECTOR}
# - {TYPE: transmission_filter_detector}
# - {CALIBDATE: '1970-01-01T00:00:00'}
# - {INSTRUME: LSSTCam}
# - {OBSTYPE: transmission_filter_detector}
# - {CALIBCLS: lsst.ip.isr.IntermediateFilterDetectorTransmissionCurve}
# - {SOURCE: Materion (DM-46256)}
# - {DETECTOR: 38}
# - {FILTER: r_57}
# - {CALIB_ID: 'calibDate=1970-01-01T00:00:00 filter=r_57 detector=38'}
# - {DATE: '2025-04-02T15:59:44.361830'}
# - {CALIB_CREATION_DATE: '2025-04-02'}
# - {CALIB_CREATION_TIME: '15:59:44'}
# - __serialized_columns__:
#     efficiency:
#       __class__: astropy.units.quantity.Quantity
#       unit: !astropy.units.Unit {unit: '%'}
#       value: !astropy.table.SerializedColumn {name: efficiency}
#     wavelength:
#       __class__: astropy.units.quantity.Quantity
#       unit: !astropy.units.Unit {unit: nm}
#       value: !astropy.table.SerializedColumn {name: wavelength}
# schema: astropy-2.0
wavelength efficiency
300.0 0.0020034842236782424
301.0 0.005111808786750771
302.0 0.008220132440328598
303.0 0.010655669757397845
304.0 0.01309120561927557
305.0 0.011743001959985122
306.0 0.010394799028290436
307.0 0.009510131349088624
308.0 0.008625464397482574
309.0 0.0072530878242105246
310.0 0.0058807083405554295
311.0 0.00549072319699917
312.0 0.005100737325847149
313.0 0.004872478893958032
314.0 0.004644221189664677
315.0 0.004476085814530961
316.0 0.004307950803195126
317.0 0.004017355604446493
318.0 0.00372676040569786
319.0 0.003628395643318072
320.0 0.0035300301533425227
321.0 0.0031077172025106847
322.0 0.002685403342184145
323.0 0.0024064158424152993
324.0 0.002127428160747513
325.0 0.0022217072910279967
326.0 0.00231598623940954
327.0 0.0024071545340120792
328.0 0.00249832355621038
329.0 0.002465572106302716
330.0 0.0024328210201929323
331.0 0.002141943150490988
332.0 0.0018510652807890438
333.0 0.0017107120584114455
334.0 0.0015703588360338472
335.0 0.0014851809282845352
336.0 0.001400002929585753
337.0 0.0012816357411793433
338.0 0.001163268734671874
339.0 0.0010547175406827591
340.0 0.0009461662557441741
341.0 0.0009689601029094774
342.0 0.0009917539500747807
343.0 0.000932012790144654
344.0 0.0008722715392650571
345.0 0.0008508201062795706
346.0 0.0008293687642435543
347.0 0.0008039642125368118
348.0 0.0007785597517795395
349.0 0.0007818753147148527
350.0 0.005677603985532187
351.0 0.00592027536185924
352.0 0.006162947101984173
353.0 0.0056586046412121505
354.0 0.005154262908035889
355.0 0.005141622386872768
356.0 0.00512898295710329
357.0 0.006802807911299169
358.0 0.00847663322929293
359.0 0.006086303983465768
360.0 0.003695974373840727
361.0 0.0024550761736463755
362.0 0.0012141779734520242
363.0 0.0025035655198735185
364.0 0.003792953066295013
365.0 0.0038239857531152666
366.0 0.0038550191675312817
367.0 0.0030561266612494364
368.0 0.002257233973068651
369.0 0.0016820411474327557
370.0 0.0011068486855947413
371.0 0.0015665898899897002
372.0 0.0020263312762835994
373.0 0.0024571050744270906
374.0 0.0028878788725705817
375.0 0.0028372707674861886
376.0 0.0027866632080986165
377.0 0.0014947854651836678
378.0 0.0002029078132181894
379.0 0.0010657818165782373
380.0 0.0019286559108877555
381.0 0.00275810180028202
382.0 0.0035875480534741655
383.0 0.003397700857021846
384.0 0.0032078536605695263
385.0 0.00421539880335331
386.0 0.005222943218541332
387.0 0.004682581857196055
388.0 0.004142220132052898
389.0 0.0036651439586421475
390.0 0.003188067057635635
391.0 0.0022456557417172007
392.0 0.0013032441529503558
393.0 0.0013299923011800274
394.0 0.001356739903712878
395.0 0.000999759322439786
396.0 0.0006427786047424888
397.0 0.0006076196314097615
398.0 0.0005724610218749149
399.0 0.0005224089818511857
400.0 0.0004723564870801056
401.0 3.9453635736208525e-05
402.0 1.60426088646054e-10
403.0 1.60426088646054e-10
404.0 0.00018408634332445217
405.0 0.0007295921022887342
406.0 0.0012750976566167083
407.0 0.0017522059351904318
408.0 0.002229314122814685
409.0 0.0017657695934758522
410.0 0.001302224973187549
411.0 0.0009805321496969555
412.0 0.0006588392807316268
413.0 0.0006366983143379912
414.0 0.0006145573934190907
415.0 0.0006079108061385341
416.0 0.0006012645826558582
417.0 0.001196285847981926
418.0 0.001791307659004815
419.0 0.0021899899365962483
420.0 0.0025886725779855624
421.0 0.0039939332054927945
422.0 0.005399193469202146
423.0 0.00834544698591344
424.0 0.011291699775028974
425.0 0.01543452381156385
426.0 0.019577343482524157
427.0 0.020243300241418183
428.0 0.020909258455503732
429.0 0.015911218360997736
430.0 0.010913178994087502
431.0 0.0078072756878100336
432.0 0.004701370926341042
433.0 0.0037332658394007012
434.0 0.002765160024864599
435.0 0.0021324429326341487
436.0 0.0014997257494542282
437.0 0.0013077977200737223
438.0 0.001115870054491097
439.0 0.0009240960935130715
440.0 0.0007323222234845161
441.0 0.0010381880201748572
442.0 0.0013440538168651983
443.0 0.001666200660110917
444.0 0.001988347685255576
445.0 0.0019385919586056843
446.0 0.0018888362319557928
447.0 0.0016790569134172983
448.0 0.0014692779586766846
449.0 0.0014140679013507906
450.0 0.001358857480227016
451.0 0.0014349828234117012
452.0 0.001511108348495327
453.0 0.0014951772755011916
454.0 0.0014792462025070563
455.0 0.0013016640878049657
456.0 0.0011240823369007558
457.0 0.0007954441571200732
458.0 0.0004668062047130661
459.0 0.0007404351890727412
460.0 0.0010140641279576812
461.0 0.001625643744773697
462.0 0.002237222906842362
463.0 0.002905151814047713
464.0 0.003573080903152004
465.0 0.0046031531383050606
466.0 0.005633225373458117
467.0 0.006271013262448832
468.0 0.006908801879035309
469.0 0.005904218051000498
470.0 0.00489963531435933
471.0 0.003754896533791907
472.0 0.0026101577532244846
473.0 0.002151601802324876
474.0 0.0016930453057284467
475.0 0.0013761774425802287
476.0 0.0010593099432298914
477.0 0.0008735702976991888
478.0 0.0006878306521684863
479.0 0.0008980089660326485
480.0 0.0011081870070484001
481.0 0.0008274367246485781
482.0 0.0005466865331982262
483.0 0.0006097534878790611
484.0 0.0006728203516104259
485.0 0.0006237773504835786
486.0 0.0005747343038819963
487.0 0.000600093835601001
488.0 0.0006254532763705356
489.0 0.000566662765777437
490.0 0.0005078721642348683
491.0 0.0006658562597294804
492.0 0.0008238403097493574
493.0 0.0009401158422406297
494.0 0.001056391374731902
495.0 0.000940919835556997
496.0 0.0008254482963820919
497.0 0.0010757919881143607
498.0 0.0013261354979476891
499.0 0.0013105480320518836
500.0 0.0012949607480550185
501.0 0.0014585062672267668
502.0 0.0016220519682974555
503.0 0.001961865200428292
504.0 0.0023016782506601885
505.0 0.002865866554202512
506.0 0.0034300548577448353
507.0 0.004062249718117528
508.0 0.00469444457849022
509.0 0.00515576139150653
510.0 0.005617077476927079
511.0 0.005006737046642229
512.0 0.004396396252559498
513.0 0.0037584188248729333
514.0 0.003120441033388488
515.0 0.002955148920591455
516.0 0.0027898569896933623
517.0 0.002543293339840602
518.0 0.0022967295080889016
519.0 0.08290811092592776
520.0 0.14257924631237984
521.0 0.0801814952865243
522.0 0.09074312984012067
523.0 1.60426088646054e-10
524.0 0.08617184939794242
525.0 0.14956170925870538
526.0 0.08489562897011638
527.0 0.12159748002886772
528.0 0.06635310710407794
529.0 0.16808266518637538
530.0 0.13987843412905931
531.0 0.15193207655102015
532.0 0.16526068793609738
533.0 0.28594136238098145
534.0 0.3777693258598447
535.0 0.41391756385564804
536.0 0.5839824210852385
537.0 0.8850305341184139
538.0 1.3011256232857704
539.0 2.005353756248951
540.0 3.232288360595703
541.0 4.8359353095293045
542.0 7.09490105509758
543.0 10.014335066080093
544.0 13.43630850315094
545.0 17.453257739543915
546.0 22.253690659999847
547.0 28.192082047462463
548.0 35.703641176223755
549.0 43.66972744464874
550.0 50.68146586418152
551.0 58.31059217453003
552.0 64.15518522262573
553.0 69.53831315040588
554.0 73.76678586006165
555.0 77.93251872062683
556.0 81.80308938026428
557.0 84.75533723831177
558.0 88.07357549667358
559.0 91.02540612220764
560.0 92.01942086219788
561.0 93.85073184967041
562.0 94.67217922210693
563.0 94.8930025100708
564.0 95.3019917011261
565.0 94.78492736816406
566.0 95.50957083702087
567.0 94.71448063850403
568.0 95.48900723457336
569.0 96.35210633277893
570.0 95.73996663093567
571.0 96.33699059486389
572.0 96.46632671356201
573.0 96.59785628318787
574.0 97.03302383422852
575.0 96.75332903862
576.0 97.03989624977112
577.0 96.44579291343689
578.0 96.66439294815063
579.0 97.05468416213989
580.0 96.05041742324829
581.0 96.21294736862183
582.0 96.42807841300964
583.0 96.4914083480835
584.0 96.04495763778687
585.0 96.08154296875
586.0 95.97145318984985
587.0 95.86482048034668
588.0 96.15355134010315
589.0 97.02435731887817
590.0 96.40816450119019
591.0 95.54165601730347
592.0 95.43805718421936
593.0 95.31007409095764
594.0 95.58982849121094
595.0 95.61668634414673
596.0 96.77374958992004
597.0 96.92503809928894
598.0 96.37759327888489
599.0 96.39919400215149
600.0 96.62710428237915
601.0 95.7517683506012
602.0 96.45473957061768
603.0 96.20356559753418
604.0 95.884770154953
605.0 96.55907154083252
606.0 95.64079642295837
607.0 95.89725136756897
608.0 96.07359170913696
609.0 95.19451260566711
610.0 95.61964273452759
611.0 95.45615911483765
612.0 95.5273449420929
613.0 96.5360701084137
614.0 96.27974033355713
615.0 95.995432138443
616.0 96.12131118774414
617.0 96.18269801139832
618.0 95.91367244720459
619.0 96.6183602809906
620.0 95.8447515964508
621.0 95.14936804771423
622.0 96.1108386516571
623.0 96.14759087562561
624.0 96.02406024932861
625.0 96.7544436454773
626.0 95.67170143127441
627.0 94.62205767631531
628.0 96.87585830688477
629.0 95.03846764564514
630.0 96.10825181007385
631.0 95.5662727355957
632.0 96.5040922164917
633.0 95.98398804664612
634.0 95.51007151603699
635.0 95.86045742034912
636.0 95.60525417327881
637.0 95.6999659538269
638.0 95.13682126998901
639.0 95.16602754592896
640.0 95.12900710105896
641.0 95.28074860572815
642.0 95.55641412734985
643.0 95.73429822921753
644.0 95.63360810279846
645.0 95.81246972084045
646.0 95.8860695362091
647.0 96.68877720832825
648.0 96.00618481636047
649.0 95.12777924537659
650.0 95.94958424568176
651.0 96.26285433769226
652.0 96.68601155281067
653.0 95.62983512878418
654.0 96.31193280220032
655.0 96.4052677154541
656.0 95.55524587631226
657.0 95.35068869590759
658.0 95.94098925590515
659.0 95.93918323516846
660.0 95.22261023521423
661.0 95.47897577285767
662.0 95.73448300361633
663.0 95.47644853591919
664.0 95.01187801361084
665.0 95.0326681137085
666.0 95.39247751235962
667.0 95.68604230880737
668.0 94.76168751716614
669.0 95.25275230407715
670.0 95.0235664844513
671.0 95.28833627700806
672.0 95.04438638687134
673.0 95.21448016166687
674.0 94.90182399749756
675.0 95.47630548477173
676.0 94.68251466751099
677.0 93.88832449913025
678.0 93.49316954612732
679.0 92.39131212234497
680.0 91.43809080123901
681.0 90.32788872718811
682.0 88.41585516929626
683.0 85.52579283714294
684.0 82.2481095790863
685.0 79.1649580001831
686.0 75.12750029563904
687.0 70.68716883659363
688.0 66.43311381340027
689.0 61.702609062194824
690.0 56.532084941864014
691.0 52.481746673583984
692.0 47.83869981765747
693.0 43.502554297447205
694.0 38.58948051929474
695.0 33.61750841140747
696.0 28.327450156211853
697.0 23.30346256494522
698.0 17.64521896839142
699.0 13.036218285560608
700.0 9.261421859264374
701.0 5.975222587585449
702.0 3.7614472210407257
703.0 2.2135166451334953
704.0 1.3184724375605583
705.0 0.7366479374468327
706.0 0.5042592529207468
707.0 0.32492296304553747
708.0 0.17353702569380403
709.0 0.1647659228183329
710.0 0.12608239194378257
711.0 0.09394396329298615
712.0 0.06171901477500796
713.0 0.12028005439788103
714.0 0.06572185666300356
715.0 0.03889836953021586
716.0 0.06765069556422532
717.0 0.030111882369965315
718.0 0.026799878105521202
719.0 0.017551315249875188
720.0 1.60426088646054e-10
721.0 0.004606851871358231
722.0 0.0043541251216083765
723.0 0.004101398371858522
724.0 0.003778148675337434
725.0 0.0034548989788163453
726.0 0.003211738294339739
727.0 0.0029685777917620726
728.0 0.0028311173082329333
729.0 0.0026936564609059133
730.0 0.002480414514138829
731.0 0.0022671729311696254
732.0 0.0022630942112300545
733.0 0.002259015673189424
734.0 0.0021460431526065804
735.0 0.0020330704501247965
736.0 0.0018751403331407346
737.0 0.0017172102161566727
738.0 0.0016973912352113985
739.0 0.0016775724361650646
740.0 0.0016465677617816254
741.0 0.0016155630873981863
742.0 0.0014905562238709535
743.0 0.0013655492693942506
744.0 0.0013990425031806808
745.0 0.0014325356460176408
746.0 0.0013590988601208664
747.0 0.0012856621651735622
748.0 0.0011623727914411575
749.0 0.0010390835086582229
750.0 0.0010338082574889995
751.0 0.0010285330063197762
752.0 0.0010649902833392844
753.0 0.0011014474694093224
754.0 0.0011305352927593049
755.0 0.001159623479907168
756.0 0.0011182037269463763
757.0 0.001076783792086644
758.0 0.001123823403759161
759.0 0.0011708627425832674
760.0 0.0011557766811165493
761.0 0.001140690983447712
762.0 0.0011429145160946064
763.0 0.0011451385034888517
764.0 0.0010615425708238035
765.0 0.0009779465472092852
766.0 0.00083442464529071
767.0 0.0006909027433721349
768.0 0.0006733016562066041
769.0 0.0006557004780916031
770.0 0.0007818362064426765
771.0 0.00090797202574322
772.0 0.0008096425517578609
773.0 0.0007113129413482966
774.0 0.0008167587111529429
775.0 0.000922204435482854
776.0 0.0009142989256361034
777.0 0.0009063935067388229
778.0 0.0008714223440620117
779.0 0.0008364512723346706
780.0 0.0007511926469305763
781.0 0.000665934067001217
782.0 0.0007717590960965026
783.0 0.0008775839887675829
784.0 0.0008918967978388537
785.0 0.0009062094250111841
786.0 0.0008133585652103648
787.0 0.0007205076144600753
788.0 0.0006926497462700354
789.0 0.0006647919690294657
790.0 0.0007156917945394525
791.0 0.0007665916200494394
792.0 0.0007923707926238421
793.0 0.0008181500561477151
794.0 0.0008348718438355718
795.0 0.0008515932677255478
796.0 0.0007163855116232298
797.0 0.0005811776190967066
798.0 0.000764317883295007
799.0 0.0009474580110691022
800.0 0.0008395712029596325
801.0 0.0007316842129512224
802.0 0.0006177022896736162
803.0 0.0005037200935475994
804.0 0.0006653520358668175
805.0 0.0008269839781860355
806.0 0.0007242949777719332
807.0 0.000621606068307301
808.0 0.0007667084901186172
809.0 0.0009118108209804632
810.0 0.0007965761142258998
811.0 0.0006813414984208066
812.0 0.0006951021987333661
813.0 0.0007088628535711905
814.0 0.0005795895049232058
815.0 0.0004503162472246913
816.0 0.0006125221716501983
817.0 0.0007747281415504403
818.0 0.0007196013484644936
819.0 0.0006644744644290768
820.0 0.0005119789875607239
821.0 0.0003594834879550035
822.0 0.00038558300730073825
823.0 0.00041168250390910544
824.0 0.00047052621994225774
825.0 0.0005293699814501451
826.0 0.000572181488678325
827.0 0.0006149930413812399
828.0 0.00048382739805674646
829.0 0.0003526617774696206
830.0 0.0001899929543469625
831.0 2.7324185225552355e-05
832.0 4.8732249524618965e-05
833.0 7.014029392848897e-05
834.0 4.190891615962755e-05
835.0 1.3677502863629343e-05
836.0 0.0003292638439233997
837.0 0.0006448503427236574
838.0 0.0007655369699932635
839.0 0.0008862237336870749
840.0 0.0012167934983153827
841.0 0.0015473631719942205
842.0 0.0020212382878526114
843.0 0.0024951134037110023
844.0 0.0022783555323258042
845.0 0.002061597660940606
846.0 0.0019345829059602693
847.0 0.0018075676052831113
848.0 0.0017942667909665033
849.0 0.001780965794750955
850.0 0.0016228706954279914
851.0 0.0014647756870544981
852.0 0.00133380517581827
853.0 0.0012028344826831017
854.0 0.0010584426490822807
855.0 0.000914050451683579
856.0 0.0006865466275485232
857.0 0.0004590428034134675
858.0 0.0005314266218192643
859.0 0.0006038103492755909
860.0 0.0005059182058175793
861.0 0.00040802592593536247
862.0 0.00043000709410989657
863.0 0.0004519882622844307
864.0 0.0002989576614709222
865.0 0.00014592710613214877
866.0 8.776582944847178e-05
867.0 2.960451581657253e-05
868.0 0.00010302176178811351
869.0 0.00017643897081143223
870.0 4.36345317211817e-05
871.0 1.60426088646054e-10
872.0 1.60426088646054e-10
873.0 1.60426088646054e-10
874.0 1.60426088646054e-10
875.0 1.60426088646054e-10
876.0 1.60426088646054e-10
877.0 1.60426088646054e-10
878.0 0.00010757544259831775
879.0 0.00025202550659741974
880.0 0.00016996503973132349
881.0 8.790454444351781e-05
882.0 8.392818813263148e-05
883.0 7.995185455911269e-05
884.0 1.60426088646054e-10
885.0 1.60426088646054e-10
886.0 1.60426088646054e-10
887.0 0.00011399323511795956
888.0 0.00017793282722777803
889.0 0.00024187240796891274
890.0 0.00017151287465821952
891.0 0.0001011532958727912
892.0 1.60426088646054e-10
893.0 1.60426088646054e-10
894.0 1.60426088646054e-10
895.0 3.1477469519813894e-06
896.0 5.550379000851535e-05
897.0 0.00010785987569761346
898.0 8.506211202075065e-05
899.0 6.226433697520406e-05
900.0 3.889539357260219e-06
901.0 1.60426088646054e-10
