lsstCam/transmission_filter_detector/r11_s02/r_57/19700101T000000.ecsv
# %ECSV 1.0
# ---
# datatype:
# - {name: wavelength, unit: nm, datatype: float32}
# - {name: efficiency, unit: '%', datatype: float64}
# meta: !!omap
# - {MODE: DETECTOR}
# - {TYPE: transmission_filter_detector}
# - {CALIBDATE: '1970-01-01T00:00:00'}
# - {INSTRUME: LSSTCam}
# - {OBSTYPE: transmission_filter_detector}
# - {CALIBCLS: lsst.ip.isr.IntermediateFilterDetectorTransmissionCurve}
# - {SOURCE: Materion (DM-46256)}
# - {DETECTOR: 38}
# - {FILTER: r_57}
# - {CALIB_ID: 'calibDate=1970-01-01T00:00:00 filter=r_57 detector=38'}
# - {DATE: '2025-04-02T15:59:44.361830'}
# - {CALIB_CREATION_DATE: '2025-04-02'}
# - {CALIB_CREATION_TIME: '15:59:44'}
# - __serialized_columns__:
#     efficiency:
#       __class__: astropy.units.quantity.Quantity
#       unit: !astropy.units.Unit {unit: '%'}
#       value: !astropy.table.SerializedColumn {name: efficiency}
#     wavelength:
#       __class__: astropy.units.quantity.Quantity
#       unit: !astropy.units.Unit {unit: nm}
#       value: !astropy.table.SerializedColumn {name: wavelength}
# schema: astropy-2.0
wavelength efficiency
[from data line 603]
903.0 1.60426088646054e-10
904.0 1.60426088646054e-10
905.0 7.581622867292026e-05
906.0 1.60426088646054e-10
907.0 1.60426088646054e-10
908.0 1.60426088646054e-10
909.0 1.60426088646054e-10
910.0 1.60426088646054e-10
911.0 1.60426088646054e-10
912.0 1.60426088646054e-10
913.0 1.60426088646054e-10
914.0 1.60426088646054e-10
915.0 7.021803298812301e-05
916.0 2.5887041488203977e-05
917.0 1.60426088646054e-10
918.0 5.971028258500155e-05
919.0 0.0001378644583382993
920.0 5.233067099652544e-05
921.0 1.60426088646054e-10
922.0 6.695259457956126e-05
923.0 0.00016710833961042226
924.0 0.00016866424630279653
925.0 0.00017022016436385456
926.0 0.00015622048294972046
927.0 0.0001422207901669026
928.0 0.00016935856592681375
929.0 0.00019649633031804115
930.0 0.00021146231574675767
931.0 0.00022642827843810664
932.0 8.108671067930118e-05
933.0 1.60426088646054e-10
934.0 9.156577220892359e-05
935.0 0.0002473863105478813
936.0 0.00024049099920375738
937.0 0.00023359566512226593
938.0 0.00030747989967494505
939.0 0.00038136417970235925
940.0 0.0002964437044283841
941.0 0.0002115232291544089
942.0 0.0003309306976007065
943.0 0.00045033821152173914
944.0 0.00034515949209890096
945.0 0.00023998081815079786
946.0 0.0002701760649870266
947.0 0.00030037128908588784
948.0 0.0003823452061624266
949.0 0.00046431919145106804
950.0 0.0004848606749874307
951.0 0.0005054021130490582
952.0 0.0006560129349963972
953.0 0.0008066239388426766
954.0 0.0011238905244681519
955.0 0.0014411573829420377
956.0 0.0014967243259889074
957.0 0.0015522913599852473
958.0 0.0016862948541529477
959.0 0.0018202988940174691
960.0 0.0019588305804063566
961.0 0.002097362812492065
962.0 0.0022706874005962163
963.0 0.0024440119887003675
964.0 0.002465136640239507
965.0 0.002486261109879706
966.0 0.0024568664230173454
967.0 0.0024274717361549847
968.0 0.0023983158826013096
969.0 0.0023691605747444555
970.0 0.002467363083269447
971.0 0.002565565773693379
972.0 0.002615142693684902
973.0 0.0026647192498785444
974.0 0.0028738124456140213
975.0 0.003082905459450558
976.0 0.003184012894053012
977.0 0.003285120692453347
978.0 0.003161300628562458
979.0 0.003037480746570509
980.0 0.002982533987960778
981.0 0.002927587047452107
982.0 0.002987261541420594
983.0 0.003046936217288021
984.0 0.003011874287039973
985.0 0.0029768123567919247
986.0 0.002907157613663003
987.0 0.002837502870534081
988.0 0.002629138543852605
989.0 0.002420774399070069
990.0 0.0024546274289605208
991.0 0.002488480276952032
992.0 0.0025422774342587218
993.0 0.002596074773464352
994.0 0.0026467088900972158
995.0 0.002697342642932199
996.0 0.002791014776448719
997.0 0.0028846869099652395
998.0 0.0030085073376540095
999.0 0.0031323277653427795
1000.0 0.003271323657827452
1001.0 0.003410319914110005
1002.0 0.0036265537346480414
1003.0 0.003842787555186078
1004.0 0.0039484391891164705
1005.0 0.004054090459248982
1006.0 0.004238129986333661
1007.0 0.00442216987721622
1008.0 0.004337861901149154
1009.0 0.0042535539250820875
1010.0 0.004216325032757595
1011.0 0.004179096868028864
1012.0 0.004170020838500932
1013.0 0.0041609448089729995
1014.0 0.003907493010046892
1015.0 0.0036540408473229036
1016.0 0.003513245246722363
1017.0 0.003372450009919703
1018.0 0.0029918104701209813
1019.0 0.0026111714760190807
1020.0 0.0022099227862781845
1021.0 0.0018086740965372883
1022.0 0.0016028410755097866
1023.0 0.0013970078725833446
1024.0 0.0014113914403424133
1025.0 0.0014257753718993627
1026.0 0.0013124310498824343
1027.0 0.0011990865459665656
1028.0 0.001140582753578201
1029.0 0.001082078779290896
1030.0 0.0009887815394904464
1031.0 0.0008954837539931759
1032.0 0.0009128215424425434
1033.0 0.0009301589670940302
1034.0 0.0008534717380825896
1035.0 0.0007767843271722086
1036.0 0.0008748855179874226
1037.0 0.000972986345004756
1038.0 0.000851847835292574
1039.0 0.0007307094620045973
1040.0 0.0008196805538318586
1041.0 0.0009086516911338549
1042.0 0.0009992486411647405
1043.0 0.0010898451364482753
1044.0 0.000990454645943828
1045.0 0.0008910644282877911
1046.0 0.0008838285793899558
1047.0 0.0008765930033405311
1048.0 0.0007613813977513928
1049.0 0.0006461698831117246
1050.0 0.0007054433808661997
1051.0 0.0007647168786206748
1052.0 0.001071743645297829
1053.0 0.0013787700481771026
1054.0 0.001219428304466419
1055.0 0.0010600866517052054
1056.0 0.0010398252015875187
1057.0 0.0010195642062171828
1058.0 0.0009110618520935532
1059.0 0.0008025598617678043
1060.0 0.0010961606676573865
1061.0 0.0013897609278501477
1062.0 0.0014274103705247398
1063.0 0.0014650597222498618
1064.0 0.0011012096365448087
1065.0 0.0007373591415671399
1066.0 0.0010782598110381514
1067.0 0.0014191606169333681
1068.0 0.0017015367120620795
1069.0 0.0019839122614939697
1070.0 0.0014680837011837866
1071.0 0.0009522552318230737
1072.0 0.0012912678357679397
1073.0 0.0016302807125612162
1074.0 0.002325207788089756
1075.0 0.0030201346817193553
1076.0 0.0032920830562943593
1077.0 0.003564031794667244
1078.0 0.0038855123420944437
1079.0 0.004206993253319524
1080.0 0.004261159119778313
1081.0 0.0043153246224392205
1082.0 0.004185086800134741
1083.0 0.004054848977830261
1084.0 0.004599499152391218
1085.0 0.005144148963154294
1086.0 0.005237728328211233
1087.0 0.005331307329470292
1088.0 0.0053060080972500145
1089.0 0.005280709228827618
1090.0 0.004940688086207956
1091.0 0.004600666943588294
1092.0 0.00399588534492068
1093.0 0.0033911041100509465
1094.0 0.0036950543290004134
1095.0 0.00399900454794988
1096.0 0.0031286603189073503
1097.0 0.0022583160898648202
1098.0 0.0016501116988365538
1099.0 0.0010419077625556383
1100.0 0.0012964160305273253
1101.0 0.0015509238437516615
