lsstCam/transmission_filter_detector/r14_s22/z_20/19700101T000000.ecsv
# %ECSV 1.0
# ---
# datatype:
# - {name: wavelength, unit: nm, datatype: float32}
# - {name: efficiency, unit: '%', datatype: float64}
# meta: !!omap
# - {MODE: DETECTOR}
# - {TYPE: transmission_filter_detector}
# - {CALIBDATE: '1970-01-01T00:00:00'}
# - {INSTRUME: LSSTCam}
# - {OBSTYPE: transmission_filter_detector}
# - {CALIBCLS: lsst.ip.isr.IntermediateFilterDetectorTransmissionCurve}
# - {SOURCE: Materion (DM-46256)}
# - {DETECTOR: 71}
# - {FILTER: z_20}
# - {CALIB_ID: 'calibDate=1970-01-01T00:00:00 filter=z_20 detector=71'}
# - {DATE: '2025-04-02T15:59:48.967027'}
# - {CALIB_CREATION_DATE: '2025-04-02'}
# - {CALIB_CREATION_TIME: '15:59:48'}
# - __serialized_columns__:
#     efficiency:
#       __class__: astropy.units.quantity.Quantity
#       unit: !astropy.units.Unit {unit: '%'}
#       value: !astropy.table.SerializedColumn {name: efficiency}
#     wavelength:
#       __class__: astropy.units.quantity.Quantity
#       unit: !astropy.units.Unit {unit: nm}
#       value: !astropy.table.SerializedColumn {name: wavelength}
# schema: astropy-2.0
wavelength efficiency
[from data line 597]
897.0 99.49702024459839
898.0 98.79053235054016
899.0 98.74886870384216
900.0 98.87986779212952
901.0 99.3404746055603
902.0 99.08979535102844
903.0 98.655766248703
904.0 97.53866195678711
905.0 98.2392430305481
906.0 97.85087704658508
907.0 98.42049479484558
908.0 98.16898703575134
909.0 98.1590211391449
910.0 97.92948365211487
911.0 96.72749638557434
912.0 95.52803039550781
913.0 94.51055526733398
914.0 92.0132577419281
915.0 89.82352018356323
916.0 87.28137016296387
917.0 86.07820868492126
918.0 82.37487077713013
919.0 81.35281205177307
920.0 77.7030348777771
921.0 73.363196849823
922.0 68.5869812965393
923.0 62.856459617614746
924.0 56.88138008117676
925.0 51.3064444065094
926.0 44.8444128036499
927.0 37.25830316543579
928.0 31.306886672973633
929.0 25.04401206970215
930.0 19.393156468868256
931.0 14.571420848369598
932.0 9.556496143341064
933.0 5.962080508470535
934.0 3.6228161305189133
935.0 2.2495174780488014
936.0 1.3556967489421368
937.0 0.8322008885443211
938.0 0.32544704154133797
939.0 0.26119165122509
940.0 0.21438768599182367
941.0 0.16963613452389836
942.0 0.06031059892848134
943.0 1.729146448421759e-10
944.0 1.729146448421759e-10
945.0 0.007961421215441078
946.0 1.729146448421759e-10
947.0 0.06992357666604221
948.0 0.010627258598105982
949.0 1.729146448421759e-10
950.0 1.729146448421759e-10
951.0 1.729146448421759e-10
952.0 0.15911359805613756
953.0 1.729146448421759e-10
954.0 1.729146448421759e-10
955.0 1.729146448421759e-10
956.0 1.729146448421759e-10
957.0 1.729146448421759e-10
958.0 1.729146448421759e-10
959.0 0.008041468390729278
960.0 1.729146448421759e-10
961.0 1.729146448421759e-10
962.0 0.017856582417152822
963.0 0.0944451370742172
964.0 3.521357712088502e-05
965.0 1.729146448421759e-10
966.0 0.00078555203799624
967.0 1.729146448421759e-10
968.0 1.729146448421759e-10
969.0 0.0014894470950821415
970.0 1.729146448421759e-10
971.0 0.03865402832161635
972.0 0.06161393830552697
973.0 1.729146448421759e-10
974.0 1.729146448421759e-10
975.0 1.729146448421759e-10
976.0 0.0062293744122143835
977.0 0.006224289973033592
978.0 0.006219208444235846
979.0 0.006023514288244769
980.0 0.005827819040860049
981.0 0.005690003308700398
982.0 0.005552188667934388
983.0 0.005463726483867504
984.0 0.0053752646635985
985.0 0.005072919520898722
986.0 0.004770574014401063
987.0 0.004797014480573125
988.0 0.004823454946745187
989.0 0.00471675448352471
990.0 0.0046100543841021135
991.0 0.004736004848382436
992.0 0.004861955676460639
993.0 0.004832458580494858
994.0 0.004802960756933317
995.0 0.004721878940472379
996.0 0.004640797487809323
997.0 0.004478973642108031
998.0 0.0043171497964067385
999.0 0.004231311322655529
1000.0 0.004145472485106438
1001.0 0.004329316288931295
1002.0 0.0045131597289582714
1003.0 0.004461144999368116
1004.0 0.004409130633575842
1005.0 0.004262458242010325
1006.0 0.004115785486646928
1007.0 0.004157110015512444
1008.0 0.00419843454437796
1009.0 0.004287244155420922
1010.0 0.004376053766463883
1011.0 0.004406773223308846
1012.0 0.004437492316355929
1013.0 0.004326631096773781
1014.0 0.004215769513393752
1015.0 0.004358689329819754
1016.0 0.0045016087824478745
1017.0 0.004767323480336927
1018.0 0.00503303854202386
1019.0 0.00473271866212599
1020.0 0.00443239878222812
1021.0 0.004534415347734466
1022.0 0.004636431913240813
1023.0 0.004544570401776582
1024.0 0.004452708890312351
1025.0 0.004608002200257033
1026.0 0.004763295146403834
1027.0 0.004729893043986522
1028.0 0.00469649130536709
1029.0 0.004648181493394077
1030.0 0.0045998720452189445
1031.0 0.004685245221480727
1032.0 0.004770618033944629
1033.0 0.004886001261183992
1034.0 0.005001385579816997
1035.0 0.005142950976733118
1036.0 0.0052845163736492395
1037.0 0.0053912983275949955
1038.0 0.0054980802815407515
1039.0 0.00534263854206074
1040.0 0.005187196074984968
1041.0 0.005642313044518232
1042.0 0.006097430741647258
1043.0 0.005494972720043734
1044.0 0.004892514698440209
1045.0 0.005602764213108458
1046.0 0.006313013000180945
1047.0 0.006197909533511847
1048.0 0.006082805703044869
1049.0 0.006031576776877046
1050.0 0.005980348214507103
1051.0 0.006298619700828567
1052.0 0.006616893369937316
1053.0 0.006655019387835637
1054.0 0.006693146133329719
1055.0 0.0073707036790438
1056.0 0.00804826122475788
1057.0 0.007891318091424182
1058.0 0.007734374230494723
1059.0 0.00770816404838115
1060.0 0.0076819516834802926
1061.0 0.008412698662141338
1062.0 0.009143447095993906
1063.0 0.0088224456703756
1064.0 0.008501444972353056
1065.0 0.008754654845688492
1066.0 0.009007867629406974
1067.0 0.009152630082098767
1068.0 0.009297393989982083
1069.0 0.010179131641052663
1070.0 0.011060870019719005
1071.0 0.010788386862259358
1072.0 0.010515904432395473
1073.0 0.010746139741968364
1074.0 0.010976375779137015
1075.0 0.011509325122460723
1076.0 0.012042276648571715
1077.0 0.012092795805074275
1078.0 0.01214331277878955
1079.0 0.01319398288615048
1080.0 0.014244654448702931
1081.0 0.014037327491678298
1082.0 0.013830004900228232
1083.0 0.013825527275912464
1084.0 0.013821049651596695
1085.0 0.014356903557199985
1086.0 0.01489276037318632
1087.0 0.014711983385495842
1088.0 0.014531207852996886
1089.0 0.016132951714098454
1090.0 0.0177346941200085
1091.0 0.017559720436111093
1092.0 0.017384739476256073
1093.0 0.01712733501335606
1094.0 0.016869927640073
1095.0 0.018224121595267206
1096.0 0.01957831991603598
1097.0 0.019438356684986502
1098.0 0.01929839636432007
1099.0 0.021480221766978502
1100.0 0.023662042804062366
1101.0 0.023635788238607347
1102.0 0.023609532217960805
1103.0 0.02504415751900524
1104.0 0.026478778454475105
1105.0 0.02613845281302929
1106.0 0.025798127171583474
1107.0 0.02725254453253001
1108.0 0.02870696480385959
1109.0 0.030097502167336643
1110.0 0.031488039530813694
1111.0 0.031790550565347075
1112.0 0.0320930645102635
1113.0 0.033972368692047894
1114.0 0.03585167869459838
1115.0 0.03398624248802662
1116.0 0.032120815012604
1117.0 0.03299752715975046
1118.0 0.03387424221727997
1119.0 0.03743709530681372
1120.0 0.04099994548596442
1121.0 0.04249257908668369
1122.0 0.04398521559778601
1123.0 0.04320558509789407
1124.0 0.042425954598002136
1125.0 0.043085249490104616
1126.0 0.04374455020297319
1127.0 0.04697351541835815
1128.0 0.05020247772336006
1129.0 0.054356607142835855
1130.0 0.05851073074154556
1131.0 0.0583105836994946
1132.0 0.05811043083667755
1133.0 0.06251958548091352
1134.0 0.0669287343043834
1135.0 0.06422892329283059
1136.0 0.061529112281277776
1137.0 0.06731880712322891
1138.0 0.07310851360671222
1139.0 0.07740914006717503
1140.0 0.08170973742380738
1141.0 0.09058202267624438
1142.0 0.09945428464561701
1143.0 0.11801127111539245
1144.0 0.13656822266057134
1145.0 0.264485739171505
1146.0 0.3924032673239708
1147.0 0.8126957342028618
1148.0 1.2329882010817528
1149.0 1.411874033510685
1150.0 1.5907607972621918
