lsstCam/transmission_filter_detector/r14_s22/z_20/19700101T000000.ecsv
# %ECSV 1.0
# ---
# datatype:
# - {name: wavelength, unit: nm, datatype: float32}
# - {name: efficiency, unit: '%', datatype: float64}
# meta: !!omap
# - {MODE: DETECTOR}
# - {TYPE: transmission_filter_detector}
# - {CALIBDATE: '1970-01-01T00:00:00'}
# - {INSTRUME: LSSTCam}
# - {OBSTYPE: transmission_filter_detector}
# - {CALIBCLS: lsst.ip.isr.IntermediateFilterDetectorTransmissionCurve}
# - {SOURCE: Materion (DM-46256)}
# - {DETECTOR: 71}
# - {FILTER: z_20}
# - {CALIB_ID: 'calibDate=1970-01-01T00:00:00 filter=z_20 detector=71'}
# - {DATE: '2025-04-02T15:59:48.967027'}
# - {CALIB_CREATION_DATE: '2025-04-02'}
# - {CALIB_CREATION_TIME: '15:59:48'}
# - __serialized_columns__:
#     efficiency:
#       __class__: astropy.units.quantity.Quantity
#       unit: !astropy.units.Unit {unit: '%'}
#       value: !astropy.table.SerializedColumn {name: efficiency}
#     wavelength:
#       __class__: astropy.units.quantity.Quantity
#       unit: !astropy.units.Unit {unit: nm}
#       value: !astropy.table.SerializedColumn {name: wavelength}
# schema: astropy-2.0
wavelength efficiency
300.0 0.8561587892472744
301.0 0.5792186595499516
302.0 0.30227857641875744
303.0 0.2946961438283324
304.0 0.2871137112379074
305.0 0.24475879035890102
306.0 0.2024038229137659
307.0 0.18457359401509166
308.0 0.16674338839948177
309.0 0.14674665872007608
310.0 0.1267499290406704
311.0 0.12592035345733166
312.0 0.12509080115705729
313.0 0.10980687802657485
314.0 0.09452298399992287
315.0 0.0942988321185112
316.0 0.09407468023709953
317.0 0.07984059047885239
318.0 0.06560651236213744
319.0 0.06467501516453922
320.0 0.06374351214617491
321.0 0.06330620963126421
322.0 0.06286890129558742
323.0 0.054738507606089115
324.0 0.04660811391659081
325.0 0.04348659422248602
326.0 0.04036507452838123
327.0 0.03899994771927595
328.0 0.03763481799978763
329.0 0.03353309293743223
330.0 0.02943137369584292
331.0 0.027026550378650427
332.0 0.024621729971840978
333.0 0.023583981965202838
334.0 0.022546231048181653
335.0 0.02123849408235401
336.0 0.019930755661334842
337.0 0.02404273545835167
338.0 0.028154710889793932
339.0 0.02400602970737964
340.0 0.019857354345731437
341.0 0.016803620383143425
342.0 0.013749887875746936
343.0 0.013415369903668761
344.0 0.013080856297165155
345.0 0.012551255349535495
346.0 0.012021652946714312
347.0 0.011357041512383148
348.0 0.01069243298843503
349.0 0.013199480599723756
350.0 0.015706529666204005
351.0 0.013135609333403409
352.0 0.010564683907432482
353.0 0.011104727309430018
354.0 0.011644770711427554
355.0 0.010010429105022922
356.0 0.008376089681405574
357.0 0.0092496229626704
358.0 0.010123159881914034
359.0 0.009876867261482403
360.0 0.00963057391345501
361.0 0.008772211731411517
362.0 0.007913851732155308
363.0 0.009212868462782353
364.0 0.010511883738217875
365.0 0.010139627556782216
366.0 0.00976737355813384
367.0 0.008577557309763506
368.0 0.00738774033379741
369.0 0.007795781857566908
370.0 0.008203824836527929
371.0 0.008158063428709283
372.0 0.0081123027484864
373.0 0.007135095802368596
374.0 0.006157889583846554
375.0 0.006454055983340368
376.0 0.006750222382834181
377.0 0.006980848411330953
378.0 0.007211473712231964
379.0 0.006162353383842856
380.0 0.005113232691655867
381.0 0.003243089304305613
382.0 0.0013729460079048295
383.0 0.0035629393096314743
384.0 0.005752932702307589
385.0 0.005488380338647403
386.0 0.005223828338785097
387.0 0.0058412086218595505
388.0 0.006458589632529765
389.0 0.005663694901159033
390.0 0.004868801624979824
391.0 0.004529828584054485
392.0 0.004190855179331265
393.0 0.004683012593886815
394.0 0.005175170372240245
395.0 0.004256266402080655
396.0 0.003337362068123184
397.0 0.003505878339638002
398.0 0.0036743946111528203
399.0 0.003964421557611786
400.0 0.004254448504070751
401.0 0.004770611849380657
402.0 0.005286775194690563
403.0 0.005150648212293163
404.0 0.005014521229895763
405.0 0.003921566531062126
406.0 0.00282861219602637
407.0 0.0017114170987042598
408.0 0.000594222638028441
409.0 0.0020907647922285832
410.0 0.003587307219277136
411.0 0.004150721724727191
412.0 0.004714136593975127
413.0 0.004523655297816731
414.0 0.004333173274062574
415.0 0.0035858982300851494
416.0 0.0028386235499056056
417.0 0.0038904774555703625
418.0 0.004942331361235119
419.0 0.004424853250384331
420.0 0.003907375139533542
421.0 0.003780108818318695
422.0 0.0036528428609017283
423.0 0.0034425738704157993
424.0 0.003232305607525632
425.0 0.0024106169803417288
426.0 0.0015889285350567661
427.0 0.0018331998944631778
428.0 0.0020774714357685298
429.0 0.0013252678400021978
430.0 0.0005730645625590114
431.0 0.0007338621799135581
432.0 0.0008946597517933697
433.0 0.0007037960585876135
434.0 0.0005129325472807977
435.0 0.0012154256182839163
436.0 0.001917918780236505
437.0 0.0019710545529960655
438.0 0.0020241901438566856
439.0 0.0020978786778869107
440.0 0.0021715670300181955
441.0 0.0016690763004589826
442.0 0.0011665855708997697
443.0 0.0022683318093186244
444.0 0.003370078047737479
445.0 0.0032842057407833636
446.0 0.003198333433829248
447.0 0.002569058233348187
448.0 0.0019397828509681858
449.0 0.0025550036298227496
450.0 0.0031702249543741345
451.0 0.002375736403337214
452.0 0.0015812478523002937
453.0 0.0016267762475763448
454.0 0.0016723051885492168
455.0 0.002325038440176286
456.0 0.0029777720556012355
457.0 0.002189719452871941
458.0 0.0014016669410921168
459.0 0.0015815401638974436
460.0 0.0017614132957533002
461.0 0.0008361265827261377
462.0 1.729146448421759e-10
463.0 0.0009451048754272051
464.0 0.0019793702449533157
465.0 0.0021724601538153365
466.0 0.0023655500626773573
467.0 0.0021160434698686004
468.0 0.001866536149464082
469.0 0.0016686586604919285
470.0 0.0014707810805703048
471.0 0.0013629489330924116
472.0 0.0012551171494123992
473.0 0.0012254665307409596
474.0 0.0011958158211200498
475.0 0.0011131584869872313
476.0 0.0010305011528544128
477.0 0.0013035588381171692
478.0 0.0015766163414809853
479.0 0.0019327238987898454
480.0 0.002288831274199765
481.0 0.0017931099137058482
482.0 0.0012973886441614013
483.0 0.0008998817975225393
484.0 0.000502374814459472
485.0 0.0012877953849965706
486.0 0.0020732159100589342
487.0 0.0015297613572329283
488.0 0.0009863069863058627
489.0 0.0017031568859238178
490.0 0.002420006785541773
491.0 0.0022434363927459344
492.0 0.0020668661818490364
493.0 0.0019620782040874474
494.0 0.001857290590123739
495.0 0.0016512720321770757
496.0 0.0014452534742304124
497.0 0.001302202872466296
498.0 0.0011591524526011199
499.0 0.0012833619621233083
500.0 0.0014075717444939073
501.0 0.0009654328096075915
502.0 0.0005232936473476002
503.0 0.001306636204390088
504.0 0.0020899786250083707
505.0 0.002242399932583794
506.0 0.002394821058260277
507.0 0.0022828453438705765
508.0 0.002170869083784055
509.0 0.0018574595742393285
510.0 0.0015440504284924828
511.0 0.0012383046851027757
512.0 0.000932559123612009
513.0 0.0013000557373743504
514.0 0.0016675525330356322
515.0 0.0013053702787146904
516.0 0.000943188297242159
517.0 0.0009228630005964078
518.0 0.0009025377949001268
519.0 0.0010997337994922418
520.0 0.0012969294402864762
521.0 0.0016767531633377075
522.0 0.0020565767044899985
523.0 0.0013618285265692975
524.0 0.0006670804395980667
525.0 0.0007586465471831616
526.0 0.0008502127457177266
527.0 0.0012146679182478692
528.0 0.0015791232726769522
529.0 0.0013406892321654595
530.0 0.0011022545550076757
531.0 0.0011429950063757133
532.0 0.0011837353667942807
533.0 0.000868884217197774
534.0 0.0005540331130760023
535.0 0.0011344241102051456
536.0 0.0017148151528090239
537.0 0.0017686252249404788
538.0 0.0018224352970719337
539.0 0.0013071299690636806
540.0 0.0007918241863080766
541.0 0.0008019008419068996
542.0 0.0008119775884551927
543.0 0.0012109371709811967
544.0 0.0016098967535072006
545.0 0.0010624021342664491
546.0 0.0005149077878741082
547.0 0.0012134953067288734
548.0 0.001912082552735228
549.0 0.0017511767509859055
550.0 0.0015902707673376426
551.0 0.0016269734260276891
552.0 0.0016636760847177356
553.0 0.0013496613973984495
554.0 0.0010356464372307528
555.0 0.000991409342532279
556.0 0.0009471723387832753
557.0 0.0013069704436929896
558.0 0.0016667683667037636
559.0 0.0017162165022455156
560.0 0.0017656640920904465
561.0 0.001603435339347925
562.0 0.0014412064956559334
563.0 0.001194191827380564
564.0 0.0009471771591051947
565.0 0.001795220305211842
566.0 0.0026432637241669
567.0 0.0029621283829328604
568.0 0.003280993041698821
569.0 0.0030567392968805507
570.0 0.002832485915860161
571.0 0.0026365305529907346
572.0 0.002440574644424487
573.0 0.0020076466171303764
574.0 0.001574718589836266
575.0 0.0020179435523459688
576.0 0.0024611683329567313
577.0 0.0020680152374552563
578.0 0.0016748626876506023
579.0 0.0018130182070308365
580.0 0.0019511735445121303
581.0 0.0016956157196545973
582.0 0.001440057712898124
583.0 0.0019061946659348905
584.0 0.0023723314370727167
585.0 0.0025713550712680444
586.0 0.0027703788873623125
587.0 0.0021784764612675644
588.0 0.0015865734894759953
589.0 0.0021801010007038713
590.0 0.002773628330032807
591.0 0.0019188839360140264
592.0 0.0010641394510457758
593.0 0.0008137905751937069
594.0 0.0005634415629174327
595.0 0.0010249083970848005
596.0 0.001486375094827963
597.0 0.001330115173914237
598.0 0.0011738552530005109
599.0 0.0009029747161548585
600.0 0.0006320944066828815
601.0 0.0005342593340174062
602.0 0.00043642412492772564
603.0 0.0009648434570408426
604.0 0.0014932621525076684
605.0 0.0009443301678402349
606.0 0.0003953978648496559
607.0 0.0007911145985417534
608.0 0.0011868312867591158
609.0 0.0012285378033993766
610.0 0.001270244138140697
611.0 0.0010421930710435845
612.0 0.0008141418220475316
613.0 0.0008071590855251998
614.0 0.0008001762580533978
615.0 0.0012712885109067429
616.0 0.0017424010366084985
617.0 0.0021941805243841372
618.0 0.002645960012159776
619.0 0.00223775023187045
620.0 0.0018295400877832435
621.0 0.0014812445442657918
622.0 0.0011329487278999295
623.0 0.0014870279301248956
624.0 0.001841107223299332
625.0 0.001631089617148973
626.0 0.0014210722838470247
627.0 0.001881910429801792
628.0 0.00234274903050391
629.0 0.002137017327186186
630.0 0.0019312856238684617
631.0 0.0016986754417303018
632.0 0.001466065259592142
633.0 0.0018694167010835372
634.0 0.0022727686882717535
635.0 0.005206305286264978
636.0 0.008139840792864561
637.0 0.015371563495136797
638.0 0.022603286197409034
639.0 0.01967340795090422
640.0 0.01674352533882484
641.0 0.014511706831399351
642.0 0.012279889779165387
643.0 0.009850165952229872
644.0 0.00742044358048588
645.0 0.00665396946715191
646.0 0.005887496445211582
647.0 0.005445347414934076
648.0 0.00500319802085869
649.0 0.004097825149074197
650.0 0.003192453004885465
651.0 0.003585102967917919
652.0 0.003977752930950373
653.0 0.0032564348657615483
654.0 0.002535116618673783
655.0 0.002779569331323728
656.0 0.003024022589670494
657.0 0.0029108246963005513
658.0 0.0027976264391327277
659.0 0.002742495053098537
660.0 0.0026873636670643464
661.0 0.0027653341021505184
662.0 0.00284330435533775
663.0 0.001995668026211206
664.0 0.0011480316061351914
665.0 0.0015941423043841496
666.0 0.0020402534573804587
667.0 0.002313184268132318
668.0 0.0025861152607831173
669.0 0.0019375376723473892
670.0 0.0012889603567600716
671.0 0.0010176661817240529
672.0 0.000746371915738564
673.0 0.0013734333151660394
674.0 0.002000494896492455
675.0 0.002102736834785901
676.0 0.0022049785911804065
677.0 0.0019363067622180097
678.0 0.0016676342056598514
679.0 0.0013584741282102186
680.0 0.0010493137779121753
681.0 0.0011749179066100623
682.0 0.0013005220353079494
683.0 0.002395419687672984
684.0 0.0034903179766843095
685.0 0.002897288322856184
686.0 0.0023042590328259394
687.0 0.0017372965885442682
688.0 0.0011703338714141864
689.0 0.0015067149433889426
690.0 0.0018430957425152883
691.0 0.0021698479031329043
692.0 0.0024966000637505203
693.0 0.0028230435418663546
694.0 0.003149487019982189
695.0 0.0033170370443258435
696.0 0.0034845863410737365
697.0 0.0037611214793287218
698.0 0.004037656981381588
699.0 0.005950291597400792
700.0 0.007862926577217877
701.0 0.007419590838253498
702.0 0.006976255826884881
703.0 0.006405432213796303
704.0 0.005834607873111963
705.0 0.00523078088008333
706.0 0.004626954250852577
707.0 0.004344552144175395
708.0 0.004062149309902452
709.0 0.004235460073687136
710.0 0.00440877083747182
711.0 0.0039176346035674214
712.0 0.003426498733460903
713.0 0.002480949478922412
714.0 0.0015354004062828608
715.0 0.00219686990021728
716.0 0.0028583392122527584
717.0 0.002474196116963867
718.0 0.002090052657877095
719.0 0.0016314217646140605
720.0 0.0011727905075531453
721.0 0.0011242951586609706
722.0 0.0010757996278698556
723.0 0.0009909404070640448
724.0 0.0009060811862582341
725.0 0.001264237562281778
726.0 0.0016223941202042624
727.0 0.001679533306742087
728.0 0.0017366724932799116
729.0 0.0017723437849781476
730.0 0.001808015258575324
731.0 0.0012912965758005157
732.0 0.000774578165874118
733.0 0.000862419528857572
734.0 0.0009502607099420857
735.0 0.0010356656275689602
736.0 0.0011210700904484838
737.0 0.0013066416613582987
738.0 0.0014922130503691733
739.0 0.0011495358194224536
740.0 0.000806858588475734
741.0 0.000995120808511274
742.0 0.0011833828466478735
743.0 0.001521174272056669
744.0 0.0018589653336675838
745.0 0.0012275852895982098
746.0 0.0005962052000541007
747.0 0.0011324126717227045
748.0 0.0016686200979165733
749.0 0.002367615161347203
750.0 0.0030666105885757133
751.0 0.003060800736420788
752.0 0.003054991248063743
753.0 0.0030069846616243012
754.0 0.0029589782570837997
755.0 0.0019561615772545338
756.0 0.0009533448064757977
757.0 0.0019042359781451523
758.0 0.002855127058865037
759.0 0.002720753036555834
760.0 0.002586378832347691
761.0 0.004498278212849982
762.0 0.006410176865756512
763.0 0.005807778507005423
764.0 0.0052053794206585735
765.0 0.0052409388445084915
766.0 0.005276497540762648
767.0 0.004662312858272344
768.0 0.004048126720590517
769.0 0.0036063003790332004
770.0 0.003164475492667407
771.0 0.00395306597056333
772.0 0.004741656448459253
773.0 0.003986491719842888
774.0 0.0032313262636307627
775.0 0.028634598129428923
776.0 1.729146448421759e-10
777.0 1.729146448421759e-10
778.0 0.05178186111152172
779.0 0.018853487563319504
780.0 1.729146448421759e-10
781.0 0.013169275189284235
782.0 1.729146448421759e-10
783.0 1.729146448421759e-10
784.0 0.05702734342776239
785.0 1.729146448421759e-10
786.0 0.0013839116945746355
787.0 1.729146448421759e-10
788.0 1.729146448421759e-10
789.0 1.729146448421759e-10
790.0 1.729146448421759e-10
791.0 0.15967808431014419
792.0 1.729146448421759e-10
793.0 0.07901471690274775
794.0 0.0623015221208334
795.0 0.0298745755571872
796.0 0.09861178696155548
797.0 0.0713137211278081
798.0 0.149978487752378
799.0 0.23605185560882092
800.0 0.30106252525001764
801.0 0.7284987717866898
802.0 1.2960807420313358
803.0 1.7300784587860107
804.0 3.160576894879341
805.0 4.719538986682892
806.0 6.495103985071182
807.0 9.07265990972519
808.0 11.759024858474731
809.0 15.042491257190704
810.0 18.55073720216751
811.0 21.6961532831192
812.0 25.18536150455475
813.0 29.344898462295532
814.0 33.90313982963562
815.0 39.41750526428223
816.0 45.348551869392395
817.0 52.26227641105652
818.0 59.03822183609009
819.0 65.72678685188293
820.0 73.68131279945374
821.0 80.65937757492065
822.0 85.58244705200195
823.0 89.27000761032104
824.0 92.69960522651672
825.0 95.92234492301941
826.0 97.12627530097961
827.0 97.76324033737183
828.0 99.29898381233215
829.0 99.39953088760376
830.0 98.69362115859985
831.0 98.81830215454102
832.0 98.36920499801636
833.0 99.18851852416992
834.0 97.88302183151245
835.0 99.09536242485046
836.0 98.94693493843079
837.0 98.58173727989197
838.0 97.75426983833313
839.0 98.23392629623413
840.0 98.71227741241455
841.0 99.42151308059692
842.0 99.21146035194397
843.0 99.55828785896301
844.0 97.96612858772278
845.0 97.87088632583618
846.0 98.92140626907349
847.0 99.06280040740967
848.0 99.68751668930054
849.0 98.82889986038208
850.0 98.43735098838806
851.0 99.0018367767334
852.0 99.11396503448486
853.0 98.78551959991455
854.0 99.5053231716156
855.0 98.52562546730042
856.0 98.81881475448608
857.0 97.94678688049316
858.0 98.5909640789032
859.0 99.16543960571289
860.0 98.73984456062317
861.0 98.85845184326172
862.0 98.92352819442749
863.0 98.3361005783081
864.0 99.19767379760742
865.0 99.72307682037354
866.0 98.60016703605652
867.0 99.70475435256958
868.0 99.54979419708252
869.0 98.91743659973145
870.0 98.09299111366272
871.0 98.88337850570679
872.0 99.12285208702087
873.0 99.25330877304077
874.0 99.54255223274231
875.0 98.9315390586853
876.0 98.70613813400269
877.0 99.41725134849548
878.0 98.71270060539246
879.0 98.42607975006104
880.0 98.17967414855957
881.0 99.7580349445343
882.0 98.85326623916626
883.0 98.63547086715698
884.0 99.18934106826782
885.0 99.1472065448761
886.0 98.4645426273346
887.0 98.26126098632812
888.0 98.99508953094482
889.0 99.47705864906311
890.0 98.3352780342102
891.0 99.29512143135071
892.0 98.542720079422
893.0 98.4679102897644
894.0 98.00867438316345
895.0 99.48140382766724
