lsstCam/transmission_filter_detector/r20_s11/g_6/19700101T000000.ecsv
# %ECSV 1.0
# ---
# datatype:
# - {name: wavelength, unit: nm, datatype: float32}
# - {name: efficiency, unit: '%', datatype: float64}
# meta: !!omap
# - {MODE: DETECTOR}
# - {TYPE: transmission_filter_detector}
# - {CALIBDATE: '1970-01-01T00:00:00'}
# - {INSTRUME: LSSTCam}
# - {OBSTYPE: transmission_filter_detector}
# - {CALIBCLS: lsst.ip.isr.IntermediateFilterDetectorTransmissionCurve}
# - {SOURCE: Materion (DM-46256)}
# - {DETECTOR: 76}
# - {FILTER: g_6}
# - {CALIB_ID: 'calibDate=1970-01-01T00:00:00 filter=g_6 detector=76'}
# - {DATE: '2025-04-02T15:59:42.380308'}
# - {CALIB_CREATION_DATE: '2025-04-02'}
# - {CALIB_CREATION_TIME: '15:59:42'}
# - __serialized_columns__:
#     efficiency:
#       __class__: astropy.units.quantity.Quantity
#       unit: !astropy.units.Unit {unit: '%'}
#       value: !astropy.table.SerializedColumn {name: efficiency}
#     wavelength:
#       __class__: astropy.units.quantity.Quantity
#       unit: !astropy.units.Unit {unit: nm}
#       value: !astropy.table.SerializedColumn {name: wavelength}
# schema: astropy-2.0
wavelength efficiency
[from data line 607]
907.0 0.0005101532678963849
908.0 0.0004083174189872807
909.0 0.0003064816382902791
910.0 0.0003103817107330542
911.0 0.0003142818059131969
912.0 0.0004536076176009374
913.0 0.0005929333838139428
914.0 0.00047036519390530884
915.0 0.00034779702673404245
916.0 0.0002896895239246078
917.0 0.00023158202111517312
918.0 0.00032643451959302183
919.0 0.000421286995333503
920.0 0.00045772039811708964
921.0 0.0004941537554259412
922.0 0.0005063387561676791
923.0 0.000518523756909417
924.0 0.0004716098828794202
925.0 0.0004246959178999532
926.0 0.00048228625928459223
927.0 0.0005398766461439664
928.0 0.0005368384336179588
929.0 0.0005338002665666863
930.0 0.0005029209205531515
931.0 0.0004720414835901465
932.0 0.0004999348220735556
933.0 0.0005278282515064348
934.0 0.00046612185542471707
935.0 0.00040441550481773447
936.0 0.0004412494490679819
937.0 0.00047808348426769953
938.0 0.0005242661245574709
939.0 0.0005704489012714475
940.0 0.000611639188718982
941.0 0.0006528293852170464
942.0 0.0007274817107827403
943.0 0.000802133945398964
944.0 0.0007449074018950341
945.0 0.0006876807674416341
946.0 0.0007408453257085057
947.0 0.0007940097930259071
948.0 0.0008683434316480998
949.0 0.0009426771612197626
950.0 0.0009165171832137275
951.0 0.0008903571142582223
952.0 0.0008592478479840793
953.0 0.0008281383998109959
954.0 0.0007594546332256868
955.0 0.0006907708211656427
956.0 0.0006452060461015208
957.0 0.0005996411800879287
958.0 0.0007120836016838439
959.0 0.0008245260687544942
960.0 0.000682076324665104
961.0 0.0005396264441515086
962.0 0.000645325189907453
963.0 0.0007510239356633974
964.0 0.0006885250058985548
965.0 0.0006260259397095069
966.0 0.0006467315415648045
967.0 0.0006674371434201021
968.0 0.0006921078693267191
969.0 0.0007167785952333361
970.0 0.000702725674273097
971.0 0.0006886727078381227
972.0 0.0008498380339005962
973.0 0.001011003496387275
974.0 0.0009327866791863926
975.0 0.0008545700438844506
976.0 0.0008387054549530149
977.0 0.0008228410479205195
978.0 0.0009125858923653141
979.0 0.001002330918709049
980.0 0.0010338671017962042
981.0 0.0010654032848833594
982.0 0.0009681035407993477
983.0 0.0008708037967153359
984.0 0.0009070038686331827
985.0 0.0009432040315004997
986.0 0.001110581069951877
987.0 0.0012779578355548438
988.0 0.0013455969565256964
989.0 0.0014132357136986684
990.0 0.0014506209481623955
991.0 0.0014880060007271823
992.0 0.0014560661838913802
993.0 0.0014241263670555782
994.0 0.0014099507097853348
995.0 0.0013957749615656212
996.0 0.0013556450539908838
997.0 0.0013155150554666761
998.0 0.0012962232176505495
999.0 0.0012769313798344228
1000.0 0.001275655176868895
1001.0 0.0012743788829538971
1002.0 0.0012836655514547601
1003.0 0.0012929522199556231
1004.0 0.0012814794899895787
1005.0 0.0012700066690740641
1006.0 0.0014608782294089906
1007.0 0.0016517496987944469
1008.0 0.0016336245607817546
1009.0 0.001615499786566943
1010.0 0.0016899062757147476
1011.0 0.001764313128660433
1012.0 0.0018793263734551147
1013.0 0.001994339436350856
1014.0 0.002047286761808209
1015.0 0.0021002340872655623
1016.0 0.002399231379968114
1017.0 0.002698229036468547
1018.0 0.0028527487302199006
1019.0 0.0030072686058701947
1020.0 0.0032427797123091295
1021.0 0.0034782908187480643
1022.0 0.0035943980037700385
1023.0 0.003710505916387774
1024.0 0.0038138387026265264
1025.0 0.003917171488865279
1026.0 0.0040718630771152675
1027.0 0.004226554665365256
1028.0 0.004475217428989708
1029.0 0.0047238801926141605
1030.0 0.0047675428504589945
1031.0 0.004811205144505948
1032.0 0.00504365234519355
1033.0 0.005276099545881152
1034.0 0.005358706766855903
1035.0 0.0054413143516285345
1036.0 0.0054609772632829845
1037.0 0.005480639447341673
1038.0 0.005826436608913355
1039.0 0.006172233406687155
1040.0 0.006394778756657615
1041.0 0.006617324106628075
1042.0 0.0068571353040169924
1043.0 0.007096945773810148
1044.0 0.007371036917902529
1045.0 0.00764512806199491
1046.0 0.008654401608509943
1047.0 0.009663675882620737
1048.0 0.010970547737088054
1049.0 0.012277417408768088
1050.0 0.014737097080796957
1051.0 0.017196772387251258
1052.0 0.020712085824925452
1053.0 0.024227403628174216
1054.0 0.029277277644723654
1055.0 0.03432715602684766
1056.0 0.041035955655388534
1057.0 0.04774475237354636
1058.0 0.055248645367100835
1059.0 0.06275253253988922
1060.0 0.07065977551974356
1061.0 0.07856701267883182
1062.0 0.08542462019249797
1063.0 0.09228219278156757
1064.0 0.09769888129085302
1065.0 0.10311554651707411
1066.0 0.10817372240126133
1067.0 0.11323189828544855
1068.0 0.12002551229670644
1069.0 0.1268191495910287
1070.0 0.13694948283955455
1071.0 0.1470798160880804
1072.0 0.1597993657924235
1073.0 0.17251891549676657
1074.0 0.18681671936064959
1075.0 0.20111454650759697
1076.0 0.21491136867552996
1077.0 0.22870819084346294
1078.0 0.24257863406091928
1079.0 0.25644905399531126
1080.0 0.2737880451604724
1081.0 0.29112701304256916
1082.0 0.317255686968565
1083.0 0.3433843841776252
1084.0 0.38395298179239035
1085.0 0.4245216026902199
1086.0 0.45925164595246315
1087.0 0.4939816426485777
1088.0 0.5576812196522951
1089.0 0.6213807035237551
1090.0 0.69747194647789
1091.0 0.773563189432025
1092.0 0.802682526409626
1093.0 0.8318017236888409
1094.0 0.8694134652614594
1095.0 0.9070251137018204
1096.0 0.95157315954566
1097.0 0.9961212053894997
1098.0 1.0437271557748318
1099.0 1.0913332924246788
1100.0 1.2247678823769093
1101.0 1.3582024723291397
