lsstCam/transmission_filter_detector/r20_s11/g_6/19700101T000000.ecsv
# %ECSV 1.0
# ---
# datatype:
# - {name: wavelength, unit: nm, datatype: float32}
# - {name: efficiency, unit: '%', datatype: float64}
# meta: !!omap
# - {MODE: DETECTOR}
# - {TYPE: transmission_filter_detector}
# - {CALIBDATE: '1970-01-01T00:00:00'}
# - {INSTRUME: LSSTCam}
# - {OBSTYPE: transmission_filter_detector}
# - {CALIBCLS: lsst.ip.isr.IntermediateFilterDetectorTransmissionCurve}
# - {SOURCE: Materion (DM-46256)}
# - {DETECTOR: 76}
# - {FILTER: g_6}
# - {CALIB_ID: 'calibDate=1970-01-01T00:00:00 filter=g_6 detector=76'}
# - {DATE: '2025-04-02T15:59:42.380308'}
# - {CALIB_CREATION_DATE: '2025-04-02'}
# - {CALIB_CREATION_TIME: '15:59:42'}
# - __serialized_columns__:
#     efficiency:
#       __class__: astropy.units.quantity.Quantity
#       unit: !astropy.units.Unit {unit: '%'}
#       value: !astropy.table.SerializedColumn {name: efficiency}
#     wavelength:
#       __class__: astropy.units.quantity.Quantity
#       unit: !astropy.units.Unit {unit: nm}
#       value: !astropy.table.SerializedColumn {name: wavelength}
# schema: astropy-2.0
wavelength efficiency
300.0 0.4364430904388428
301.0 0.34076382871717215
302.0 0.24508456699550152
303.0 0.22723099682480097
304.0 0.20937742665410042
305.0 0.2112449612468481
306.0 0.21311247255653143
307.0 0.21535218693315983
308.0 0.21759190130978823
309.0 0.21903375163674355
310.0 0.22047562524676323
311.0 0.21140228491276503
312.0 0.2023289678618312
313.0 0.19549254793673754
314.0 0.1886561280116439
315.0 0.1823736121878028
316.0 0.17609110800549388
317.0 0.17323052743449807
318.0 0.17036997014656663
319.0 0.1598362112417817
320.0 0.14930242905393243
321.0 0.1405615359544754
322.0 0.13182065449655056
323.0 0.11697328882291913
324.0 0.10212593479081988
325.0 0.0914356904104352
326.0 0.08074544603005052
327.0 0.07215727819129825
328.0 0.06356911617331207
329.0 0.06122874328866601
330.0 0.05888836458325386
331.0 0.05436787032522261
332.0 0.04984737606719136
333.0 0.047283858293667436
334.0 0.04472034052014351
335.0 0.04260908463038504
336.0 0.04049782583024353
337.0 0.041007521213032305
338.0 0.04151721368543804
339.0 0.04045507812406868
340.0 0.03939293674193323
341.0 0.03741012769751251
342.0 0.03542731865309179
343.0 0.032052514143288136
344.0 0.02867771254386753
345.0 0.02549218770582229
346.0 0.022306661412585527
347.0 0.021156496950425208
348.0 0.020006329577881843
349.0 0.018260015349369496
350.0 0.9065699763596058
351.0 1.245183777064085
352.0 0.8139121346175671
353.0 0.9434463456273079
354.0 0.7013929076492786
355.0 0.9038650430738926
356.0 0.7258363533765078
357.0 0.773536553606391
358.0 0.5925705656409264
359.0 0.7391897030174732
360.0 0.6591357756406069
361.0 0.7652636151760817
362.0 0.5675768945366144
363.0 0.5621182266622782
364.0 0.5623082630336285
365.0 0.7043538149446249
366.0 0.42056278325617313
367.0 0.6679004989564419
368.0 0.43008914217352867
369.0 0.6236586719751358
370.0 0.5346315912902355
371.0 0.6087760906666517
372.0 0.4088541492819786
373.0 0.63010617159307
374.0 0.3552067093551159
375.0 0.4656009376049042
376.0 0.3474454628303647
377.0 0.48832185566425323
378.0 0.40960260666906834
379.0 0.5563947837799788
380.0 0.40126461535692215
381.0 0.5596676841378212
382.0 0.5622214637696743
383.0 0.5196479614824057
384.0 0.529463030397892
385.0 0.6198400165885687
386.0 0.6315287668257952
387.0 0.7226493675261736
388.0 0.9184343740344048
389.0 1.2145983055233955
390.0 1.6579562798142433
391.0 2.578595094382763
392.0 4.136395826935768
393.0 6.563793122768402
394.0 9.888847172260284
395.0 14.372284710407257
396.0 20.07937580347061
397.0 27.323031425476074
398.0 35.67368686199188
399.0 44.97034549713135
400.0 54.32848930358887
401.0 63.38263750076294
402.0 71.8022882938385
403.0 78.97269129753113
404.0 84.16628837585449
405.0 88.20592761039734
406.0 90.39645791053772
407.0 92.19868779182434
408.0 93.26246380805969
409.0 93.76576542854309
410.0 94.00022625923157
411.0 93.81252527236938
412.0 93.53691935539246
413.0 93.30665469169617
414.0 93.11440587043762
415.0 93.23455691337585
416.0 93.58929395675659
417.0 93.85135173797607
418.0 94.37109231948853
419.0 94.95794177055359
420.0 95.4699456691742
421.0 96.02257013320923
422.0 96.20031118392944
423.0 96.4498221874237
424.0 96.27937078475952
425.0 96.17253541946411
426.0 96.14683985710144
427.0 96.15119695663452
428.0 96.0470974445343
429.0 95.82421779632568
430.0 95.69233655929565
431.0 95.77771425247192
432.0 95.80933451652527
433.0 95.86338400840759
434.0 95.97635865211487
435.0 96.1212694644928
436.0 96.18465304374695
437.0 96.15766406059265
438.0 96.22589349746704
439.0 96.26248478889465
440.0 96.22097611427307
441.0 96.40495181083679
442.0 96.33440971374512
443.0 96.396803855896
444.0 96.28477692604065
445.0 96.02110981941223
446.0 95.94192504882812
447.0 95.67326307296753
448.0 95.6913709640503
449.0 95.8081305027008
450.0 96.04519605636597
451.0 96.25555276870728
452.0 96.46075367927551
453.0 96.56890630722046
454.0 96.65560126304626
455.0 96.94316983222961
456.0 97.04835414886475
457.0 97.19095230102539
458.0 97.16171622276306
459.0 97.23283648490906
460.0 97.26675152778625
461.0 97.34804034233093
462.0 97.28956818580627
463.0 97.19640612602234
464.0 97.3118782043457
465.0 97.21818566322327
466.0 97.19614386558533
467.0 97.20569849014282
468.0 97.23011255264282
469.0 97.27657437324524
470.0 97.14782238006592
471.0 97.05860018730164
472.0 97.09942936897278
473.0 96.97335958480835
474.0 96.92944884300232
475.0 96.93182706832886
476.0 96.9599187374115
477.0 96.99678421020508
478.0 97.08920121192932
479.0 97.05078601837158
480.0 97.22018837928772
481.0 97.3074197769165
482.0 97.52408862113953
483.0 97.41021990776062
484.0 97.6050853729248
485.0 97.60102033615112
486.0 97.63832688331604
487.0 97.71944880485535
488.0 97.64935374259949
489.0 97.79015183448792
490.0 97.75670170783997
491.0 97.83608317375183
492.0 97.76036143302917
493.0 97.72429466247559
494.0 97.69692420959473
495.0 97.76936173439026
496.0 97.59136438369751
497.0 97.49367833137512
498.0 97.3156750202179
499.0 97.33996987342834
500.0 97.35132455825806
501.0 97.30286002159119
502.0 97.21960425376892
503.0 97.33570218086243
504.0 97.1628725528717
505.0 97.1811294555664
506.0 97.1800446510315
507.0 97.14750051498413
508.0 97.15729355812073
509.0 97.14498519897461
510.0 97.11326360702515
511.0 97.0694363117218
512.0 97.00053930282593
513.0 97.0687985420227
514.0 97.03723788261414
515.0 97.07764983177185
516.0 97.14627861976624
517.0 97.13101983070374
518.0 97.24584221839905
519.0 97.28176593780518
520.0 97.31463193893433
521.0 97.39092588424683
522.0 97.4584698677063
523.0 97.41354584693909
524.0 97.40415811538696
525.0 97.38281965255737
526.0 97.51206636428833
527.0 97.47393727302551
528.0 97.58191704750061
529.0 97.60217070579529
530.0 97.65138626098633
531.0 97.7784276008606
532.0 97.68468737602234
533.0 97.66638278961182
534.0 97.67287373542786
535.0 97.51198887825012
536.0 97.17082381248474
537.0 96.66615128517151
538.0 95.98223567008972
539.0 94.70109343528748
540.0 93.07423233985901
541.0 90.53928256034851
542.0 87.91136741638184
543.0 84.31446552276611
544.0 79.79222536087036
545.0 75.73688626289368
546.0 70.79873085021973
547.0 66.19513630867004
548.0 61.601585149765015
549.0 57.47186541557312
550.0 54.2557418346405
551.0 51.14842653274536
552.0 48.8111674785614
553.0 46.370697021484375
554.0 43.60027015209198
555.0 40.49263894557953
556.0 36.340487003326416
557.0 31.494101881980896
558.0 26.121217012405396
559.0 20.760996639728546
560.0 15.487490594387054
561.0 10.633058845996857
562.0 6.890036165714264
563.0 4.080475494265556
564.0 2.2491266950964928
565.0 1.0974546894431114
566.0 0.5793673917651176
567.0 0.29344577342271805
568.0 0.17876323545351624
569.0 0.10723734740167856
570.0 0.08902238914743066
571.0 0.059013813734054565
572.0 0.057644222397357225
573.0 0.04264221643097699
574.0 0.047282586456276476
575.0 0.034673939808271825
576.0 0.02324192610103637
577.0 0.021129274682607502
578.0 0.031184146064333618
579.0 0.023401694488711655
580.0 0.027680207858793437
581.0 0.020195473916828632
582.0 0.020065595163032413
583.0 0.020240945741534233
584.0 0.031601611408405006
585.0 0.0117854455311317
586.0 0.021370701142586768
587.0 0.016040379705373198
588.0 0.019216947839595377
589.0 0.013648283493239433
590.0 0.011986766912741587
591.0 0.010829613165697083
592.0 0.017616813420318067
593.0 0.007197311060735956
594.0 0.00015668898640797124
595.0 0.012388869072310627
596.0 0.01253328809980303
597.0 0.01694400707492605
598.0 0.007281174475792795
599.0 0.008146964682964608
600.0 0.00808880286058411
601.0 0.002137459159712307
602.0 0.002152903107344173
603.0 0.0021683468730770983
604.0 0.0020743029381264932
605.0 0.001980258821276948
606.0 0.0019961807993240654
607.0 0.002012102777371183
608.0 0.0018277314666192979
609.0 0.0016433601558674127
610.0 0.0017728358216118068
611.0 0.0019023114873562008
612.0 0.001831207009672653
613.0 0.001760102531989105
614.0 0.001728147799440194
615.0 0.0016961932487902232
616.0 0.0017074373317882419
617.0 0.0017186810509883799
618.0 0.001646363307372667
619.0 0.0015740459275548346
620.0 0.0015835677913855761
621.0 0.0015930900190141983
622.0 0.0014766700587642845
623.0 0.0013602499166154303
624.0 0.0013653579117089976
625.0 0.0013704660887015052
626.0 0.0013408277482085396
627.0 0.0013111895896145143
628.0 0.001388311920891283
629.0 0.0014654345250164624
630.0 0.0013616360774904024
631.0 0.0012578373571159318
632.0 0.0013089690583001357
633.0 0.001360100486635929
634.0 0.0013610553651233204
635.0 0.001362009879812831
636.0 0.0013606395441456698
637.0 0.001359269481326919
638.0 0.0012383780813252088
639.0 0.0011174866813234985
640.0 0.0011040241588489152
641.0 0.0010905613635259215
642.0 0.0012331578545854427
643.0 0.001375754345644964
644.0 0.0012548557606351096
645.0 0.0011339573575241957
646.0 0.0011457523214630783
647.0 0.0011575471944524907
648.0 0.001148619776358828
649.0 0.0011396921763662249
650.0 0.0012133806194469798
651.0 0.001287068698729854
652.0 0.0012052239981130697
653.0 0.0011233793884457555
654.0 0.0011246834219491575
655.0 0.00112598772830097
656.0 0.0011363955309207086
657.0 0.0011468034244899172
658.0 0.001074318333849078
659.0 0.0010018336979555897
660.0 0.0009573282113706227
661.0 0.0009128228157351259
662.0 0.001056407290889183
663.0 0.0011999919479421806
664.0 0.0012474779396143276
665.0 0.001294963567488594
666.0 0.0011876483767991886
667.0 0.0010803327313624322
668.0 0.0011140557944600005
669.0 0.0011477789485070389
670.0 0.0011299041943857446
671.0 0.0011120294402644504
672.0 0.0011288574569334742
673.0 0.0011456853826530278
674.0 0.001057498957379721
675.0 0.0009693124411569443
676.0 0.001022118976834463
677.0 0.001074925148714101
678.0 0.0010337766070733778
679.0 0.0009926281563821249
680.0 0.0009724377378006466
681.0 0.0009522474101686385
682.0 0.0010188778105657548
683.0 0.001085508210962871
684.0 0.0009960638635675423
685.0 0.0009066195161722135
686.0 0.001010122741718078
687.0 0.0011136258763144724
688.0 0.0010895158084167633
689.0 0.001065405649569584
690.0 0.0010324903996661305
691.0 0.000999575149762677
692.0 0.0010555856533756014
693.0 0.0011115963388874661
694.0 0.0010930269127129577
695.0 0.0010744576684373897
696.0 0.001111785604734905
697.0 0.0011491133591334801
698.0 0.0011666455975500867
699.0 0.0011841778359666932
700.0 0.001140025142376544
701.0 0.0010958725397358648
702.0 0.0011245624591538217
703.0 0.0011532522876223084
704.0 0.0011253201591898687
705.0 0.0010973878488584887
706.0 0.001080453148460947
707.0 0.0010635185390128754
708.0 0.0010641207154549193
709.0 0.0010647230737959035
710.0 0.0011902551705134101
711.0 0.0013157876310287975
712.0 0.0012450447684386745
713.0 0.0011743019058485515
714.0 0.0012117558071622625
715.0 0.0012492097994254436
716.0 0.001402832549501909
717.0 0.0015564553905278444
718.0 0.0018499382349546067
719.0 0.0021434208974824287
720.0 0.0018199334590462968
721.0 0.0014964459296606947
722.0 0.0015211611753329635
723.0 0.0015458765119547024
724.0 0.0016000100004021078
725.0 0.0016541433069505729
726.0 0.0017323864085483365
727.0 0.0018106291463482194
728.0 0.0019922576029784977
729.0 0.0021738858777098358
730.0 0.00210989765037084
731.0 0.0020459096049307846
732.0 0.0019049291950068437
733.0 0.0017639491488807835
734.0 0.0014834297871857416
735.0 0.0012029103345412295
736.0 0.001148249975813087
737.0 0.0010935895261354744
738.0 0.0010524063327466138
739.0 0.001011223048408283
740.0 0.0009234406206815038
741.0 0.0008356580110557843
742.0 0.0008483886631438509
743.0 0.0008611194971308578
744.0 0.0009048147148860153
745.0 0.0009485102054895833
746.0 0.0009027122359839268
747.0 0.0008569143574277405
748.0 0.0010136684068129398
749.0 0.0011704224561981391
750.0 0.0010439376637805253
751.0 0.0009174531442113221
752.0 0.0008804051503830124
753.0 0.0008433572475041728
754.0 0.0008776128197496291
755.0 0.0009118683010456152
756.0 0.0008840990631142631
757.0 0.000856329825182911
758.0 0.0008681797226017807
759.0 0.0008800298019195907
760.0 0.0007885443665145431
761.0 0.0006970587492105551
762.0 0.0007065352747304132
763.0 0.0007160116638260661
764.0 0.0007496612852264661
765.0 0.0007833110430510715
766.0 0.0007051545708236517
767.0 0.0006269980076467618
768.0 0.00061197670220281
769.0 0.000596955351284123
770.0 0.0005736228558816947
771.0 0.0005502903604792664
772.0 0.000635845117358258
773.0 0.0007213998742372496
774.0 0.0007625652870046906
775.0 0.0008037307452468667
776.0 0.0007795904821250588
777.0 0.0007554501735285157
778.0 0.0007025393188087037
779.0 0.0006496285095636267
780.0 0.0006104557996877702
781.0 0.0005712830443371786
782.0 0.0005800484359497204
783.0 0.0005888137366127921
784.0 0.0005852164122188697
785.0 0.0005816190423502121
786.0 0.0005693464572686935
787.0 0.0005570740540861152
788.0 0.0004226615146762924
789.0 0.0002882490434785723
790.0 0.00029237378385005286
791.0 0.000296498546958901
792.0 0.00028681367894023424
793.0 0.00027712883365893504
794.0 0.00030054329727136064
795.0 0.0003239577836211538
796.0 0.0003441006583670969
797.0 0.00036424353311304003
798.0 0.0004027319846500177
799.0 0.00044122043618699536
800.0 0.00046088289309409447
801.0 0.00048054544095066376
802.0 0.00042038795982080046
803.0 0.0003602305469030398
804.0 0.0003430087645028834
805.0 0.00032578702757746214
806.0 0.00033589426493563224
807.0 0.0003460015250311699
808.0 0.00039415399442077614
809.0 0.0004423065092851175
810.0 0.00042789242797880433
811.0 0.0004134783011977561
812.0 0.00037464867546077585
813.0 0.00033581902698642807
814.0 0.0003303960738776368
815.0 0.00032497312076884555
816.0 0.0004041389274789253
817.0 0.00048330475692637265
818.0 0.00037310790048650233
819.0 0.00026291106678399956
820.0 0.00036352187180455076
821.0 0.0004641326540877344
822.0 0.0004680314305005595
823.0 0.0004719301614386495
824.0 0.00044455605348048266
825.0 0.0004171818545728456
826.0 0.000540756263944786
827.0 0.0006643306278419914
828.0 0.0005812491508550011
829.0 0.0004981676283932757
830.0 0.0004333034212322673
831.0 0.00036843919133389136
832.0 0.0004848486696573673
833.0 0.0006012580797687406
834.0 0.00048773704293125775
835.0 0.0003742159833564074
836.0 0.0005160801720194286
837.0 0.0006579443834198173
838.0 0.0005801439783681417
839.0 0.0005023436187912012
840.0 0.0005493257958733011
841.0 0.0005963078820059309
842.0 0.0004602095486916369
843.0 0.00032411119263997534
844.0 0.0003323890496176318
845.0 0.00034066697480739094
846.0 0.0004606829406839097
847.0 0.0005806989520351635
848.0 0.0005582187895925017
849.0 0.0005357386271498399
850.0 0.0004905609330307925
851.0 0.00044538323891174514
852.0 0.00048126476031029597
853.0 0.0005171461452846415
854.0 0.0005685548330802703
855.0 0.000619963475401164
856.0 0.0005132876140123699
857.0 0.00040661175262357574
858.0 0.0004319098025007406
859.0 0.0004572078978526406
860.0 0.0004980953690392198
861.0 0.0005389829311752692
862.0 0.0005621215223072795
863.0 0.0005852601589140249
864.0 0.0005361361218092497
865.0 0.00048701208470447455
866.0 0.0004927887403027853
867.0 0.0004985653049516259
868.0 0.0005573128873948008
869.0 0.0006160604243632406
870.0 0.0005479679202835541
871.0 0.00047987541620386764
872.0 0.0004343111413618317
873.0 0.00038874682104506064
874.0 0.00044955145312997047
875.0 0.0005103560852148803
876.0 0.0005711648100259481
877.0 0.0006319734893622808
878.0 0.000586369787924923
879.0 0.0005407660864875652
880.0 0.0006287743872235296
881.0 0.0007167829153331695
882.0 0.000540602331966511
883.0 0.0003644219304987928
884.0 0.0004620859272108646
885.0 0.0005597499693976715
886.0 0.0006595073955395492
887.0 0.0007592648671561619
888.0 0.0007019540134933777
889.0 0.0006446431598305935
890.0 0.0006456763003370725
891.0 0.0006467094863182865
892.0 0.0006124066658230731
893.0 0.0005781040272268001
894.0 0.0004927833288093098
895.0 0.0004074626758665545
896.0 0.0003209114083801978
897.0 0.00023436011815647362
898.0 0.00029562891086243326
899.0 0.0003568976580936578
900.0 0.00032904006275202846
901.0 0.00030118249014776666
902.0 0.0004399448698677588
903.0 0.0005787072950624861
904.0 0.00044478797462943476
905.0 0.00031086856324691325
