lsstCam/transmission_filter_detector/r21_s12/g_6/19700101T000000.ecsv
# %ECSV 1.0
# ---
# datatype:
# - {name: wavelength, unit: nm, datatype: float32}
# - {name: efficiency, unit: '%', datatype: float64}
# meta: !!omap
# - {MODE: DETECTOR}
# - {TYPE: transmission_filter_detector}
# - {CALIBDATE: '1970-01-01T00:00:00'}
# - {INSTRUME: LSSTCam}
# - {OBSTYPE: transmission_filter_detector}
# - {CALIBCLS: lsst.ip.isr.IntermediateFilterDetectorTransmissionCurve}
# - {SOURCE: Materion (DM-46256)}
# - {DETECTOR: 86}
# - {FILTER: g_6}
# - {CALIB_ID: 'calibDate=1970-01-01T00:00:00 filter=g_6 detector=86'}
# - {DATE: '2025-04-02T15:59:42.426469'}
# - {CALIB_CREATION_DATE: '2025-04-02'}
# - {CALIB_CREATION_TIME: '15:59:42'}
# - __serialized_columns__:
#     efficiency:
#       __class__: astropy.units.quantity.Quantity
#       unit: !astropy.units.Unit {unit: '%'}
#       value: !astropy.table.SerializedColumn {name: efficiency}
#     wavelength:
#       __class__: astropy.units.quantity.Quantity
#       unit: !astropy.units.Unit {unit: nm}
#       value: !astropy.table.SerializedColumn {name: wavelength}
# schema: astropy-2.0
wavelength efficiency
300.0 0.44327154755592346
301.0 0.34588235430419445
302.0 0.24849306792020798
303.0 0.22022721823304892
304.0 0.1919613452628255
305.0 0.2042684005573392
306.0 0.2165754558518529
307.0 0.21624225191771984
308.0 0.21590900141745806
309.0 0.21305400878190994
310.0 0.2101990394294262
311.0 0.20294671412557364
312.0 0.19569438882172108
313.0 0.19419322488829494
314.0 0.1926920493133366
315.0 0.1872681314125657
316.0 0.18184424843639135
317.0 0.17759709153324366
318.0 0.1733499695546925
319.0 0.1613302738405764
320.0 0.14931055484339595
321.0 0.14150859788060188
322.0 0.13370667584240437
323.0 0.11669760569930077
324.0 0.09968854719772935
325.0 0.08987992769107223
326.0 0.08007131982594728
327.0 0.07148759323172271
328.0 0.06290386663749814
329.0 0.060385558754205704
330.0 0.057867245050147176
331.0 0.05391178419813514
332.0 0.04995631752535701
333.0 0.046575962915085256
334.0 0.04319560539443046
335.0 0.041767602670006454
336.0 0.04033959994558245
337.0 0.04100727383047342
338.0 0.04167494480498135
339.0 0.04049978742841631
340.0 0.03932463005185127
341.0 0.03732941986527294
342.0 0.03533420676831156
343.0 0.032148274476639926
344.0 0.028962342184968293
345.0 0.025664703571237624
346.0 0.022367060591932386
347.0 0.020793011935893446
348.0 0.019218963279854506
349.0 0.017776581807993352
350.0 0.8718876168131828
351.0 0.965445302426815
352.0 0.7541425991803408
353.0 1.128555554896593
354.0 0.8383974432945251
355.0 0.6576030980795622
356.0 0.6541226990520954
357.0 1.078312937170267
358.0 0.5806216038763523
359.0 0.7912136614322662
360.0 0.5350807681679726
361.0 0.9920702315866947
362.0 0.4252367652952671
363.0 0.9204973466694355
364.0 0.5784166045486927
365.0 0.8267855271697044
366.0 0.49737985245883465
367.0 0.6941613741219044
368.0 0.4869867581874132
369.0 0.7962394505739212
370.0 0.4876378923654556
371.0 0.6518554408103228
372.0 0.42107244953513145
373.0 0.5704123992472887
374.0 0.46619269996881485
375.0 0.6242849864065647
376.0 0.38078713696449995
377.0 0.5181799177080393
378.0 0.4130772780627012
379.0 0.5167409777641296
380.0 0.4775016102939844
381.0 0.5688020959496498
382.0 0.5610326770693064
383.0 0.5522539373487234
384.0 0.5961612332612276
385.0 0.6840494461357594
386.0 0.6862738635390997
387.0 0.8445451036095619
388.0 0.9866687469184399
389.0 1.3259008526802063
390.0 1.818304881453514
391.0 2.844031900167465
392.0 4.485778883099556
393.0 7.108792662620544
394.0 10.711219906806946
395.0 15.547794103622437
396.0 21.434703469276428
397.0 28.892946243286133
398.0 37.56436109542847
399.0 47.064971923828125
400.0 56.66836500167847
401.0 65.74770212173462
402.0 74.07060265541077
403.0 81.15079998970032
404.0 86.35063171386719
405.0 90.3360664844513
406.0 92.5162672996521
407.0 94.35029625892639
408.0 95.3370988368988
409.0 95.8808422088623
410.0 95.96272706985474
411.0 95.80524563789368
412.0 95.44039368629456
413.0 95.26217579841614
414.0 95.04857063293457
415.0 95.23994326591492
416.0 95.64884305000305
417.0 96.01761102676392
418.0 96.53529524803162
419.0 97.12387323379517
420.0 97.63124585151672
421.0 98.16259145736694
422.0 98.3104407787323
423.0 98.5052227973938
424.0 98.28560948371887
425.0 98.17349314689636
426.0 98.10624122619629
427.0 98.07531833648682
428.0 97.90071845054626
429.0 97.66564965248108
430.0 97.54244089126587
431.0 97.52261638641357
432.0 97.57015109062195
433.0 97.65821695327759
434.0 97.70255088806152
435.0 97.8965699672699
436.0 97.93791770935059
437.0 97.89152145385742
438.0 97.95624613761902
439.0 98.03476333618164
440.0 98.01326990127563
441.0 98.19983839988708
442.0 98.12018275260925
443.0 98.09842109680176
444.0 98.00108075141907
445.0 97.7691650390625
446.0 97.60702848434448
447.0 97.50539660453796
448.0 97.63497710227966
449.0 97.87489771842957
450.0 98.16422462463379
451.0 98.41436743736267
452.0 98.5600233078003
453.0 98.61423969268799
454.0 98.6295998096466
455.0 98.83929491043091
456.0 98.9017903804779
457.0 99.06468987464905
458.0 99.09347891807556
459.0 99.10867810249329
460.0 99.23086762428284
461.0 99.36634302139282
462.0 99.22680854797363
463.0 99.18402433395386
464.0 99.2817759513855
465.0 99.20594692230225
466.0 99.25793409347534
467.0 99.22947287559509
468.0 99.21771883964539
469.0 99.30058717727661
470.0 99.16351437568665
471.0 98.97468090057373
472.0 99.07037615776062
473.0 98.96491169929504
474.0 98.77979755401611
475.0 98.84783029556274
476.0 98.82608652114868
477.0 98.86767268180847
478.0 98.99490475654602
479.0 98.95031452178955
480.0 99.06842708587646
481.0 99.16446208953857
482.0 99.34589862823486
483.0 99.20305609703064
484.0 99.42461252212524
485.0 99.44300651550293
486.0 99.46263432502747
487.0 99.46974515914917
488.0 99.47793483734131
489.0 99.53795075416565
490.0 99.47932958602905
491.0 99.48417544364929
492.0 99.34799671173096
493.0 99.38973784446716
494.0 99.25755262374878
495.0 99.34684038162231
496.0 99.16517734527588
497.0 99.09632802009583
498.0 98.93811345100403
499.0 98.96814227104187
500.0 98.85488748550415
501.0 98.85877966880798
502.0 98.72944951057434
503.0 98.82948398590088
504.0 98.76132607460022
505.0 98.84901642799377
506.0 98.78507256507874
507.0 98.81223440170288
508.0 98.77679347991943
509.0 98.74864220619202
510.0 98.70538115501404
511.0 98.68448972702026
512.0 98.61860275268555
513.0 98.70631098747253
514.0 98.70126843452454
515.0 98.68513941764832
516.0 98.79990816116333
517.0 98.78903031349182
518.0 98.85066151618958
519.0 98.90565872192383
520.0 98.95399212837219
521.0 99.05331134796143
522.0 99.07227754592896
523.0 99.06623959541321
524.0 99.08035397529602
525.0 99.09462928771973
526.0 99.196457862854
527.0 99.22115206718445
528.0 99.3017852306366
529.0 99.42825436592102
530.0 99.45027828216553
531.0 99.5715081691742
532.0 99.38870668411255
533.0 99.32955503463745
534.0 99.36484694480896
535.0 99.11924600601196
536.0 98.7459659576416
537.0 98.05139303207397
538.0 97.15619087219238
539.0 95.54038047790527
540.0 93.62637996673584
541.0 90.6765878200531
542.0 87.6721203327179
543.0 83.71639847755432
544.0 78.78877520561218
545.0 74.55606460571289
546.0 69.43003535270691
547.0 64.7987961769104
548.0 60.23295521736145
549.0 56.245094537734985
550.0 53.12548875808716
551.0 50.177210569381714
552.0 47.868695855140686
553.0 45.35543620586395
554.0 42.327895760536194
555.0 38.90334069728851
556.0 34.3463659286499
557.0 29.175597429275513
558.0 23.564361035823822
559.0 18.239328265190125
560.0 13.236856460571289
561.0 8.75423550605774
562.0 5.452992022037506
563.0 3.1146714463829994
564.0 1.663895696401596
565.0 0.8049416355788708
566.0 0.4290162120014429
567.0 0.2289941068738699
568.0 0.15504483599215746
569.0 0.08575403480790555
570.0 0.08647546637803316
571.0 0.056895322632044554
572.0 0.06024533649906516
573.0 0.043158867629244924
574.0 0.04790131060872227
575.0 0.03365710435900837
576.0 0.03644711396191269
577.0 0.026957804220728576
578.0 0.03950084210373461
579.0 0.03043183241970837
580.0 0.03261174715589732
581.0 0.025397783610969782
582.0 0.031322616268880665
583.0 0.014104619913268834
584.0 0.02417231589788571
585.0 0.020888533617835492
586.0 0.03276640782132745
587.0 0.012197472824482247
588.0 0.026220173458568752
589.0 0.020328974642325193
590.0 0.02901280822698027
591.0 0.013597874203696847
592.0 0.016048735415097326
593.0 0.017894887423608452
594.0 0.012174982839496806
595.0 0.014234668924473226
596.0 0.014632430975325406
597.0 0.011590631766011938
598.0 0.020143682195339352
599.0 0.012033084203721955
600.0 0.011914814967894927
601.0 0.00222449452849105
602.0 0.0022585891201742925
603.0 0.0022926833480596542
604.0 0.0022004966012900695
605.0 0.0021083096726215445
606.0 0.002105587554979138
607.0 0.0021028652554377913
608.0 0.001811293259379454
609.0 0.001519720990472706
610.0 0.0016534542737645097
611.0 0.0017871872842079028
612.0 0.0017290607502218336
613.0 0.0016709342162357643
614.0 0.0017166981706395745
615.0 0.001762462306942325
616.0 0.0018115393686457537
617.0 0.001860616248450242
618.0 0.0018196713426732458
619.0 0.0017787264368962497
620.0 0.001698223604762461
621.0 0.0016177207726286724
622.0 0.001581934338901192
623.0 0.0015461475413758308
624.0 0.0015153068488871213
625.0 0.001484466247347882
626.0 0.0013761617992713582
627.0 0.001267857714992715
628.0 0.0014451986316998955
629.0 0.001622539639356546
630.0 0.0014402001397684216
631.0 0.0012578602763824165
632.0 0.0013328150089364499
633.0 0.001407769559591543
634.0 0.0013554007637139875
635.0 0.0013030315130890813
636.0 0.0013557871170633007
637.0 0.001408543175784871
638.0 0.0012551205145427957
639.0 0.0011016977623512503
640.0 0.0010843099516932853
641.0 0.0010669218681869097
642.0 0.0011846926099678967
643.0 0.0013024633517488837
644.0 0.001265186074306257
645.0 0.0012279087968636304
646.0 0.0012491860616137274
647.0 0.0012704635082627647
648.0 0.0011956458365602884
649.0 0.0011208279829588719
650.0 0.001251368121302221
651.0 0.0013819080777466297
652.0 0.0012526068530860357
653.0 0.0011233057193749119
654.0 0.0011220245141885243
655.0 0.001120743399951607
656.0 0.0011671518223010935
657.0 0.00121356024465058
658.0 0.0010973557436955161
659.0 0.0009811514246393926
660.0 0.0009977299669117201
661.0 0.0010143085091840476
662.0 0.0010798438779602293
663.0 0.0011453795195848215
664.0 0.0011912653462786693
665.0 0.0012371509001241066
666.0 0.0011265085959166754
667.0 0.001015866109810304
668.0 0.0010664224646461662
669.0 0.0011169789104314987
670.0 0.001146062004409032
671.0 0.001175145007437095
672.0 0.0011292387171124574
673.0 0.0010833321539394092
674.0 0.0010196630682912655
675.0 0.0009559939826431219
676.0 0.0009756347026268486
677.0 0.0009952751497621648
678.0 0.0010521363947191276
679.0 0.0011089977306255605
680.0 0.0010559803740761708
681.0 0.0010029628356278408
682.0 0.0010343228495912626
683.0 0.0010656828635546844
684.0 0.0009738514563650824
685.0 0.0008820200491754804
686.0 0.0010015006409958005
687.0 0.0011209813237655908
688.0 0.0010774591828521807
689.0 0.0010339369509893004
690.0 0.0009902036254061386
691.0 0.0009464702998229768
692.0 0.000902486135601066
693.0 0.0008585020623286255
694.0 0.0009967574442271143
695.0 0.0011350129170750733
696.0 0.001189517934108153
697.0 0.001244022587343352
698.0 0.0012735271411656868
699.0 0.0013030316040385514
700.0 0.0011834895303763915
701.0 0.0010639473657647613
702.0 0.001155076279246714
703.0 0.0012462050108297262
704.0 0.0011570078640943393
705.0 0.0010678106264094822
706.0 0.0010965393812512048
707.0 0.0011252683179918677
708.0 0.001116905241360655
709.0 0.001108542437577853
710.0 0.0012478174539864995
711.0 0.0013870927432435565
712.0 0.0012825785233872011
713.0 0.0011780644854297861
714.0 0.0012331145626376383
715.0 0.0012881650036433712
716.0 0.001471740961278556
717.0 0.001655317100812681
718.0 0.0019290073396405205
719.0 0.0022026973965694197
720.0 0.001924452226376161
721.0 0.001646206874283962
722.0 0.0017366646716254763
723.0 0.0018271224689669907
724.0 0.0018525583072914742
725.0 0.0018779939637170173
726.0 0.0020313211280154064
727.0 0.0021846482923137955
728.0 0.002122405931004323
729.0 0.002060163751593791
730.0 0.0020625062461476773
731.0 0.0020648485588026233
732.0 0.00199560854525771
733.0 0.0019263683498138562
734.0 0.0016102523659355938
735.0 0.0012941363820573315
736.0 0.0011761707355617546
737.0 0.0010582050890661776
738.0 0.0010259721420879941
739.0 0.0009937392860592809
740.0 0.0008225865713029634
741.0 0.0006514336291729705
742.0 0.0006750055490556406
743.0 0.0006985776053625159
744.0 0.00080242944022757
745.0 0.0009062815479410347
746.0 0.0009332761692348868
747.0 0.0009602707905287389
748.0 0.0010548771570029203
749.0 0.001149483705376042
750.0 0.0010300920621375553
751.0 0.0009107008736464195
752.0 0.0009236683581548277
753.0 0.0009366361155116465
754.0 0.0009480935659667011
755.0 0.000959551107371226
756.0 0.0009069412953977007
757.0 0.0008543315743736457
758.0 0.0008559722118661739
759.0 0.0008576130312576424
760.0 0.000755152768761036
761.0 0.0006526924607896945
762.0 0.0006673518782918109
763.0 0.0006820113867433975
764.0 0.0008179552423825953
765.0 0.0009538992344459984
766.0 0.0006909444437042112
767.0 0.00042798960748768877
768.0 0.0005135756509844214
769.0 0.0005991616490064189
770.0 0.0004895670826954301
771.0 0.0003799725618591765
772.0 0.0005255960786598735
773.0 0.0006712196864100406
774.0 0.0007593589543830603
775.0 0.0008474982678308152
776.0 0.00079352394095622
777.0 0.0007395496140816249
778.0 0.0007345622179855127
779.0 0.0007295748673641356
780.0 0.0006016783117956948
781.0 0.00047378171075251885
782.0 0.0005725237770093372
783.0 0.0006712657523166854
784.0 0.0006587719781236956
785.0 0.0006462782494054409
786.0 0.0005716505256714299
787.0 0.0004970230747858295
788.0 0.0004070509476150619
789.0 0.000317078934131132
790.0 0.00032885454857023433
791.0 0.0003406301630093367
792.0 0.00035310206385474885
793.0 0.000365573964700161
794.0 0.0003342424179209047
795.0 0.0003029108711416484
796.0 0.0004154648195253685
797.0 0.000528018699696986
798.0 0.0004939940481563099
799.0 0.00045996939661563374
800.0 0.0005429155407910002
801.0 0.0006258617759158369
802.0 0.000524984352523461
803.0 0.00042410692913108505
804.0 0.00030659518870379543
805.0 0.0001890834937512409
806.0 0.0003147629058730672
807.0 0.00044044231799489353
808.0 0.0004941565293847816
809.0 0.0005478706952999346
810.0 0.000430223281000508
811.0 0.00031257584396371385
812.0 0.00032238478979706997
813.0 0.000332193690155691
814.0 0.00035371328976907535
815.0 0.00037523286664509214
816.0 0.00046255968300101813
817.0 0.0005498864993569441
818.0 0.0004662511855713092
819.0 0.00038261582631093916
820.0 0.00048384704314230476
821.0 0.0005850783054484054
822.0 0.0005633223736367654
823.0 0.0005415664872998605
824.0 0.00044058247112843674
825.0 0.00033959836400754284
826.0 0.00045941178541397676
827.0 0.0005792251158709405
828.0 0.0004960460046277149
829.0 0.00041286689338448923
830.0 0.00047320295379904564
831.0 0.0005335390142136021
832.0 0.0006967276476643747
833.0 0.0008599162356404122
834.0 0.0006219182068889495
835.0 0.000383920269086957
836.0 0.0005884788606635993
837.0 0.0007930374522402417
838.0 0.000629609212410287
839.0 0.0004661810180550674
840.0 0.0005581980985880364
841.0 0.0006502151336462703
842.0 0.00047428638936253265
843.0 0.00029835755412932485
844.0 0.00034072495509462897
845.0 0.0003830923560599331
846.0 0.0005132186743139755
847.0 0.000643345038042753
848.0 0.000555356473341817
849.0 0.000467367863166146
850.0 0.00047061225814104546
851.0 0.00047385660764120985
852.0 0.0004739686573884683
853.0 0.00047408047976205125
854.0 0.0006013039183017099
855.0 0.0007285273568413686
856.0 0.0006387102530425182
857.0 0.000548893285667873
858.0 0.0005818244062538724
859.0 0.0006147554813651368
860.0 0.0005843834514962509
861.0 0.00055401137615263
862.0 0.0005587059149547713
863.0 0.0005634004992316477
864.0 0.0005167466497368878
865.0 0.00047009280024212785
866.0 0.000532905960426433
867.0 0.0005957191206107382
868.0 0.0006254622803680832
869.0 0.0006552055310748983
870.0 0.0005986996256979182
871.0 0.0005421935838967329
872.0 0.0004535293555818498
873.0 0.0003648650590548641
874.0 0.0005132520072947955
875.0 0.0006616389782720944
876.0 0.0007174919574026717
877.0 0.0007733448910585139
878.0 0.0007539988473581616
879.0 0.000734652667233604
880.0 0.0007909682608442381
881.0 0.0008472841727780178
882.0 0.0006201878022693563
883.0 0.0003930916591343703
884.0 0.0005293808044370962
885.0 0.0006656700406892924
886.0 0.0006593442321900511
887.0 0.0006530186055897502
888.0 0.0006328526524157496
889.0 0.000612686699241749
890.0 0.0006147412932477891
891.0 0.0006167958872538293
892.0 0.0005685140877176309
893.0 0.0005202324246056378
894.0 0.0005000788860343164
895.0 0.00047992539293773007
896.0 0.00034456268167559756
897.0 0.00020919992493872996
898.0 0.0003039199327758979
899.0 0.00039863994061306585
900.0 0.00036699404972750926
901.0 0.0003353481815793202
902.0 0.0005116562078910647
903.0 0.0006879643024149118
904.0 0.00045869119276176207
905.0 0.00022941799215914216
906.0 0.00039724450289213564
