lsstCam/transmission_filter_detector/r21_s12/g_6/19700101T000000.ecsv
# %ECSV 1.0
# ---
# datatype:
# - {name: wavelength, unit: nm, datatype: float32}
# - {name: efficiency, unit: '%', datatype: float64}
# meta: !!omap
# - {MODE: DETECTOR}
# - {TYPE: transmission_filter_detector}
# - {CALIBDATE: '1970-01-01T00:00:00'}
# - {INSTRUME: LSSTCam}
# - {OBSTYPE: transmission_filter_detector}
# - {CALIBCLS: lsst.ip.isr.IntermediateFilterDetectorTransmissionCurve}
# - {SOURCE: Materion (DM-46256)}
# - {DETECTOR: 86}
# - {FILTER: g_6}
# - {CALIB_ID: 'calibDate=1970-01-01T00:00:00 filter=g_6 detector=86'}
# - {DATE: '2025-04-02T15:59:42.426469'}
# - {CALIB_CREATION_DATE: '2025-04-02'}
# - {CALIB_CREATION_TIME: '15:59:42'}
# - __serialized_columns__:
#     efficiency:
#       __class__: astropy.units.quantity.Quantity
#       unit: !astropy.units.Unit {unit: '%'}
#       value: !astropy.table.SerializedColumn {name: efficiency}
#     wavelength:
#       __class__: astropy.units.quantity.Quantity
#       unit: !astropy.units.Unit {unit: nm}
#       value: !astropy.table.SerializedColumn {name: wavelength}
# schema: astropy-2.0
wavelength efficiency
[from data line 608]
908.0 0.0004364575943327509
909.0 0.0003078442432524753
910.0 0.00031513561680185376
911.0 0.0003224270130885998
912.0 0.00046739401113882195
913.0 0.0006123610091890441
914.0 0.0004748007995658554
915.0 0.0003372405899426667
916.0 0.0003489582695692661
917.0 0.0003606760174079682
918.0 0.00033155720302602276
919.0 0.00030243843411881244
920.0 0.0003710172450155369
921.0 0.0004395960786496289
922.0 0.0005456638518808177
923.0 0.0006517315796372714
924.0 0.000613912243352388
925.0 0.0005760928161180345
926.0 0.0005482086180563783
927.0 0.0005203245564189274
928.0 0.000529331964571611
929.0 0.0005383394181990298
930.0 0.0005207513822824694
931.0 0.0005031633463659091
932.0 0.0005568105734710116
933.0 0.0006104579370003194
934.0 0.0005233336651144782
935.0 0.00043620948417810723
936.0 0.00048252090891764965
937.0 0.0005288323336571921
938.0 0.0006526644483528798
939.0 0.0007764965630485676
940.0 0.0006447464329539798
941.0 0.0005129961209604517
942.0 0.0006869322987768101
943.0 0.0008608683856436983
944.0 0.0007972339517436922
945.0 0.0007335992904700106
946.0 0.0008367973350686952
947.0 0.0009399952432431746
948.0 0.0010048294825537596
949.0 0.0010696638128138147
950.0 0.0010107657544722315
951.0 0.0009518676961306483
952.0 0.0010137347999261692
953.0 0.0010756016308732796
954.0 0.0009752840924193151
955.0 0.0008749664630158804
956.0 0.0008701648766873404
957.0 0.0008653631994093303
958.0 0.0009214532838086598
959.0 0.0009775435501069296
960.0 0.0008151383553922642
961.0 0.0006527331152028637
962.0 0.0007285786068678135
963.0 0.0008044240530580282
964.0 0.0007874873517721426
965.0 0.0007705504685873166
966.0 0.0007277234089997364
967.0 0.0006848963494121563
968.0 0.0006920182386238594
969.0 0.0006991400823608274
970.0 0.0007019804797891993
971.0 0.0007048209226923063
972.0 0.0008089663424470928
973.0 0.0009131118531513494
974.0 0.0009039144970302004
975.0 0.0008947173228079919
976.0 0.0008620303560746834
977.0 0.0008293436621897854
978.0 0.0008851709935697727
979.0 0.0009409984158992302
980.0 0.001066049389919499
981.0 0.0011911004548892379
982.0 0.0011231032658542972
983.0 0.0010551059858698864
984.0 0.0011351039574947208
985.0 0.0012151019291195553
986.0 0.0011956529306189623
987.0 0.001176203750219429
988.0 0.001209729725815123
989.0 0.0012432554285624065
990.0 0.0012735979908029549
991.0 0.0013039406439929735
992.0 0.0012796257578884251
993.0 0.0012553110536828171
994.0 0.001260317276319256
995.0 0.0012653235899051651
996.0 0.0012123507076466922
997.0 0.0011593779163376894
998.0 0.0012573066669574473
999.0 0.0013552355085266754
1000.0 0.001278881882171845
1001.0 0.0012025279829686042
1002.0 0.0012345930372248404
1003.0 0.0012666580005316064
1004.0 0.0012170038644399028
1005.0 0.001167349637398729
1006.0 0.0013986652447783854
1007.0 0.0016299809431075118
1008.0 0.0016590704035479575
1009.0 0.0016881604096852243
1010.0 0.0017887605281430297
1011.0 0.0018893608284997754
1012.0 0.001986218740057666
1013.0 0.0020830766516155563
1014.0 0.0021584719434031285
1015.0 0.002233867417089641
1016.0 0.0025826351702562533
1017.0 0.0029314032872207463
1018.0 0.0031963503715815023
1019.0 0.003461297819740139
1020.0 0.0035782610211754218
1021.0 0.0036952245864085853
1022.0 0.003924467819160782
1023.0 0.004153711415710859
1024.0 0.004303805690142326
1025.0 0.004453900328371674
1026.0 0.004645336957764812
1027.0 0.004836773223360069
1028.0 0.005082607458462007
1029.0 0.005328441693563946
1030.0 0.005270905603538267
1031.0 0.005213369513512589
1032.0 0.005453543417388573
1033.0 0.005693716957466677
1034.0 0.005662453258992173
1035.0 0.005631189560517669
1036.0 0.0057014516642084345
1037.0 0.0057717137678992
1038.0 0.005878895171917975
1039.0 0.00598607657593675
1040.0 0.006300485256360844
1041.0 0.006614893936784938
1042.0 0.0068939029006287456
1043.0 0.007172911864472553
1044.0 0.007606760482303798
1045.0 0.008040608372539282
1046.0 0.009042017336469144
1047.0 0.010043426300399005
1048.0 0.011467887816252187
1049.0 0.012892347876913846
1050.0 0.015380581317003816
1051.0 0.01786881184671074
1052.0 0.021535548148676753
1053.0 0.02520228736102581
1054.0 0.030662218341603875
1055.0 0.036122146411798894
1056.0 0.04312912933528423
1057.0 0.050136109348386526
1058.0 0.058340601390227675
1059.0 0.06654508179053664
1060.0 0.07471913122572005
1061.0 0.08289316901937127
1062.0 0.09153325809165835
1063.0 0.10017331223934889
1064.0 0.10780300945043564
1065.0 0.11543268337845802
1066.0 0.12387932511046529
1067.0 0.13232597848400474
1068.0 0.14053992927074432
1069.0 0.14875391498208046
1070.0 0.15799093525856733
1071.0 0.16722792061045766
1072.0 0.1763688400387764
1073.0 0.18550975946709514
1074.0 0.194997014477849
1075.0 0.20448430441319942
1076.0 0.21459395065903664
1077.0 0.2247036201879382
1078.0 0.2364404033869505
1079.0 0.24817714001983404
1080.0 0.2651352435350418
1081.0 0.2820933237671852
1082.0 0.3101223614066839
1083.0 0.33815137576311827
1084.0 0.3820132464170456
1085.0 0.425875186920166
1086.0 0.4634852521121502
1087.0 0.5010953638702631
1088.0 0.5685248412191868
1089.0 0.6359542720019817
1090.0 0.7185991853475571
1091.0 0.8012440055608749
1092.0 0.841856561601162
1093.0 0.8824688382446766
1094.0 0.9394267573952675
1095.0 0.9963844902813435
1096.0 1.075528934597969
1097.0 1.1546733789145947
1098.0 1.2595106847584248
1099.0 1.3643482699990273
1100.0 1.6023823991417885
1101.0 1.8404163420200348
