lsstCam/transmission_filter_detector/r22_s01/i_39/19700101T000000.ecsv
# %ECSV 1.0
# ---
# datatype:
# - {name: wavelength, unit: nm, datatype: float32}
# - {name: efficiency, unit: '%', datatype: float64}
# meta: !!omap
# - {MODE: DETECTOR}
# - {TYPE: transmission_filter_detector}
# - {CALIBDATE: '1970-01-01T00:00:00'}
# - {INSTRUME: LSSTCam}
# - {OBSTYPE: transmission_filter_detector}
# - {CALIBCLS: lsst.ip.isr.IntermediateFilterDetectorTransmissionCurve}
# - {SOURCE: Materion (DM-46256)}
# - {DETECTOR: 91}
# - {FILTER: i_39}
# - {CALIB_ID: 'calibDate=1970-01-01T00:00:00 filter=i_39 detector=91'}
# - {DATE: '2025-04-02T15:59:46.902503'}
# - {CALIB_CREATION_DATE: '2025-04-02'}
# - {CALIB_CREATION_TIME: '15:59:46'}
# - __serialized_columns__:
#     efficiency:
#       __class__: astropy.units.quantity.Quantity
#       unit: !astropy.units.Unit {unit: '%'}
#       value: !astropy.table.SerializedColumn {name: efficiency}
#     wavelength:
#       __class__: astropy.units.quantity.Quantity
#       unit: !astropy.units.Unit {unit: nm}
#       value: !astropy.table.SerializedColumn {name: wavelength}
# schema: astropy-2.0
wavelength efficiency
[from data line 596]
896.0 1.5682830468294329e-10
897.0 1.5682830468294329e-10
898.0 1.5682830468294329e-10
899.0 1.5682830468294329e-10
900.0 1.5682830468294329e-10
901.0 1.5682830468294329e-10
902.0 1.5682830468294329e-10
903.0 1.5682830468294329e-10
904.0 1.5682830468294329e-10
905.0 1.5682830468294329e-10
906.0 1.5682830468294329e-10
907.0 2.508836018932925e-05
908.0 0.00018368551764069707
909.0 1.5682830468294329e-10
910.0 1.5682830468294329e-10
911.0 1.5682830468294329e-10
912.0 7.125372576410882e-05
913.0 7.699714501541166e-05
914.0 8.274058131974016e-05
915.0 1.5682830468294329e-10
916.0 1.5682830468294329e-10
917.0 1.5682830468294329e-10
918.0 1.5682830468294329e-10
919.0 1.5682830468294329e-10
920.0 1.6654604806376483e-06
921.0 1.5682830468294329e-10
922.0 1.5682830468294329e-10
923.0 1.5682830468294329e-10
924.0 1.5682830468294329e-10
925.0 7.829395372027648e-05
926.0 0.00024670246148161823
927.0 7.102610055653713e-06
928.0 1.5682830468294329e-10
929.0 1.5682830468294329e-10
930.0 0.00016053426179496455
931.0 0.00017703601997709484
932.0 0.00019353776679054135
933.0 0.00015582253354295972
934.0 0.0001181073344014294
935.0 1.5682830468294329e-10
936.0 1.5682830468294329e-10
937.0 1.5682830468294329e-10
938.0 1.5682830468294329e-10
939.0 1.5682830468294329e-10
940.0 1.5682830468294329e-10
941.0 1.5682830468294329e-10
942.0 1.5682830468294329e-10
943.0 1.5682830468294329e-10
944.0 1.5682830468294329e-10
945.0 1.5682830468294329e-10
946.0 1.5682830468294329e-10
947.0 1.5682830468294329e-10
948.0 1.5682830468294329e-10
949.0 1.5682830468294329e-10
950.0 1.5682830468294329e-10
951.0 1.5682830468294329e-10
952.0 1.5682830468294329e-10
953.0 1.5682830468294329e-10
954.0 1.5682830468294329e-10
955.0 3.8904448729226715e-05
956.0 0.00021685711999452906
957.0 0.00018913940493803238
958.0 0.00016142162166943308
959.0 0.00017674835817160783
960.0 0.00019207511741115013
961.0 0.00018975615603267215
962.0 0.00018743720602287794
963.0 8.981485279946355e-05
964.0 1.5682830468294329e-10
965.0 1.5682830468294329e-10
966.0 1.5682830468294329e-10
967.0 1.5682830468294329e-10
968.0 1.5682830468294329e-10
969.0 1.5682830468294329e-10
970.0 1.5682830468294329e-10
971.0 1.5682830468294329e-10
972.0 1.5682830468294329e-10
973.0 1.5682830468294329e-10
974.0 0.00010416387112854864
975.0 4.130050115236372e-05
976.0 1.5682830468294329e-10
977.0 1.5682830468294329e-10
978.0 1.5682830468294329e-10
979.0 1.5682830468294329e-10
980.0 1.5682830468294329e-10
981.0 1.5682830468294329e-10
982.0 1.5682830468294329e-10
983.0 1.5682830468294329e-10
984.0 1.5682830468294329e-10
985.0 0.0001232069166690053
986.0 0.00027381349809729727
987.0 1.7533353968701704e-05
988.0 1.5682830468294329e-10
989.0 1.5682830468294329e-10
990.0 1.5682830468294329e-10
991.0 1.5682830468294329e-10
992.0 1.5682830468294329e-10
993.0 1.5682830468294329e-10
994.0 1.7302854260492495e-06
995.0 1.5682830468294329e-10
996.0 1.5682830468294329e-10
997.0 4.99044119806058e-05
998.0 0.0002764666533039417
999.0 0.0003410601721043349
1000.0 0.00040565364542999305
1001.0 0.00024322557692357805
1002.0 8.079746862676984e-05
1003.0 7.788034963596147e-05
1004.0 7.496327611988818e-05
1005.0 1.5682830468294329e-10
1006.0 1.5682830468294329e-10
1007.0 4.2083604512299644e-05
1008.0 0.00019784197320404928
1009.0 0.00011385758398319012
1010.0 2.9873152129766822e-05
1011.0 5.4084745215732255e-05
1012.0 7.829630135347543e-05
1013.0 0.00023861136924097082
1014.0 0.0003989264314441243
1015.0 0.0003412647402001312
1016.0 0.00028360309443087317
1017.0 0.0003875758011417929
1018.0 0.0004915486442769179
1019.0 0.0004200902822049102
1020.0 0.0003486318291834323
1021.0 0.00024182340894185472
1022.0 0.00013501496596290963
1023.0 0.0004856388386542676
1024.0 0.0008362628250324633
1025.0 0.0006577871317858808
1026.0 0.00047931148401403334
1027.0 0.00045828505790268537
1028.0 0.0004372586317913374
1029.0 0.0008204686309909448
1030.0 0.0012036785847158171
1031.0 0.0017496884538559243
1032.0 0.002295698141097091
1033.0 0.0024662511350470595
1034.0 0.002636803219502326
1035.0 0.003202763036824763
1036.0 0.0037687223084503785
1037.0 0.003935989298042841
1038.0 0.004103255560039543
1039.0 0.0035463122912915424
1040.0 0.0029893692044424824
1041.0 0.0028271879273233935
1042.0 0.002665006832103245
1043.0 0.003189897324773483
1044.0 0.003714787817443721
1045.0 0.00325388100463897
1046.0 0.002792975283227861
1047.0 0.0026027058993349783
1048.0 0.002412436697341036
1049.0 0.0021271447621984407
1050.0 0.0018418530089547858
1051.0 0.001970141602214426
1052.0 0.0020984305592719465
1053.0 0.0013729549209529068
1054.0 0.0006474791007349268
1055.0 0.0005655224413203541
1056.0 0.0004835657364310464
1057.0 0.0006157537427498028
1058.0 0.0007479419764422346
1059.0 0.0007885758350312244
1060.0 0.0008292101483675651
1061.0 0.0015718936992925592
1062.0 0.002314577068318613
1063.0 0.002758050868578721
1064.0 0.003201524668838829
1065.0 0.0034383356251055375
1066.0 0.003675146945170127
1067.0 0.004599361272994429
1068.0 0.005523575964616612
1069.0 0.004588045703712851
1070.0 0.0036525158066069707
1071.0 0.00359613259206526
1072.0 0.003539749013725668
1073.0 0.0035674675018526614
1074.0 0.0035951859899796546
1075.0 0.0035673019738169387
1076.0 0.003539417957654223
1077.0 0.0027692143703461625
1078.0 0.0019990104192402214
1079.0 0.0017807700714911334
1080.0 0.0015625299056409858
1081.0 0.0009821292223932687
1082.0 0.00040172840272134636
1083.0 3.507149415327149e-05
1084.0 1.5682830468294329e-10
1085.0 0.0005358657290344127
1086.0 0.0014033174920768943
1087.0 0.0010882442438742146
1088.0 0.0007731709956715349
1089.0 1.5682830468294329e-10
1090.0 1.5682830468294329e-10
1091.0 1.5682830468294329e-10
1092.0 1.5682830468294329e-10
1093.0 1.5682830468294329e-10
1094.0 0.0003012770093846484
1095.0 0.0005147735009813914
1096.0 0.0007282701517397072
1097.0 1.5682830468294329e-10
1098.0 1.5682830468294329e-10
1099.0 1.5682830468294329e-10
1100.0 1.5682830468294329e-10
