lsstCam/transmission_filter_detector/r22_s01/i_39/19700101T000000.ecsv
# %ECSV 1.0
# ---
# datatype:
# - {name: wavelength, unit: nm, datatype: float32}
# - {name: efficiency, unit: '%', datatype: float64}
# meta: !!omap
# - {MODE: DETECTOR}
# - {TYPE: transmission_filter_detector}
# - {CALIBDATE: '1970-01-01T00:00:00'}
# - {INSTRUME: LSSTCam}
# - {OBSTYPE: transmission_filter_detector}
# - {CALIBCLS: lsst.ip.isr.IntermediateFilterDetectorTransmissionCurve}
# - {SOURCE: Materion (DM-46256)}
# - {DETECTOR: 91}
# - {FILTER: i_39}
# - {CALIB_ID: 'calibDate=1970-01-01T00:00:00 filter=i_39 detector=91'}
# - {DATE: '2025-04-02T15:59:46.902503'}
# - {CALIB_CREATION_DATE: '2025-04-02'}
# - {CALIB_CREATION_TIME: '15:59:46'}
# - __serialized_columns__:
#     efficiency:
#       __class__: astropy.units.quantity.Quantity
#       unit: !astropy.units.Unit {unit: '%'}
#       value: !astropy.table.SerializedColumn {name: efficiency}
#     wavelength:
#       __class__: astropy.units.quantity.Quantity
#       unit: !astropy.units.Unit {unit: nm}
#       value: !astropy.table.SerializedColumn {name: wavelength}
# schema: astropy-2.0
wavelength efficiency
300.0 0.06371178897097707
301.0 0.03814085212070495
302.0 0.012569953105412424
303.0 0.027299000066705048
304.0 0.04202804702799767
305.0 0.03544237406458706
306.0 0.028856704011559486
307.0 0.011193367390660569
308.0 1.5682830468294329e-10
309.0 1.5682830468294329e-10
310.0 1.5682830468294329e-10
311.0 1.5682830468294329e-10
312.0 0.00990537300822325
313.0 0.0003945903699786868
314.0 1.5682830468294329e-10
315.0 1.5682830468294329e-10
316.0 1.5682830468294329e-10
317.0 1.5682830468294329e-10
318.0 1.5682830468294329e-10
319.0 1.5682830468294329e-10
320.0 1.5682830468294329e-10
321.0 1.5682830468294329e-10
322.0 0.0016021083865780383
323.0 1.5682830468294329e-10
324.0 1.5682830468294329e-10
325.0 1.5682830468294329e-10
326.0 1.5682830468294329e-10
327.0 1.5682830468294329e-10
328.0 0.0031185430998448282
329.0 0.002157475864805747
330.0 0.0011964091754634865
331.0 0.0015997686205082573
332.0 0.0020031291569466703
333.0 0.002331907489860896
334.0 0.002660686004674062
335.0 0.0018667265976546332
336.0 0.0010727677363320254
337.0 0.0019646713553811423
338.0 0.002856574792531319
339.0 0.003241729427827522
340.0 0.0036268840631237254
341.0 1.5682830468294329e-10
342.0 1.5682830468294329e-10
343.0 1.5682830468294329e-10
344.0 1.5682830468294329e-10
345.0 1.5682830468294329e-10
346.0 1.5682830468294329e-10
347.0 1.5682830468294329e-10
348.0 1.5682830468294329e-10
349.0 1.5682830468294329e-10
350.0 1.5682830468294329e-10
351.0 1.5682830468294329e-10
352.0 0.00017500626654509688
353.0 1.5682830468294329e-10
354.0 1.5682830468294329e-10
355.0 1.5682830468294329e-10
356.0 1.5682830468294329e-10
357.0 0.0003552592261257814
358.0 0.0013188038792577572
359.0 0.0014952823221392464
360.0 0.0016717600374249741
361.0 0.0013092669178149663
362.0 0.0009467738891544286
363.0 0.00040687214095669333
364.0 1.5682830468294329e-10
365.0 0.000713351755621261
366.0 0.0015597335732309148
367.0 0.0010856504559342284
368.0 0.0006115675205364823
369.0 0.0007204532266769093
370.0 0.0008293391147162765
371.0 0.0009389019396621734
372.0 0.0010484649465070106
373.0 0.0008676252946315799
374.0 0.0006867856882308843
375.0 1.5682830468294329e-10
376.0 1.5682830468294329e-10
377.0 1.5682830468294329e-10
378.0 0.00022954611722525442
379.0 8.686760679665895e-05
380.0 1.5682830468294329e-10
381.0 1.5682830468294329e-10
382.0 1.5682830468294329e-10
383.0 0.00019443891687842552
384.0 0.001496338336437475
385.0 0.0014061773981666192
386.0 0.0013160162779968232
387.0 1.5682830468294329e-10
388.0 1.5682830468294329e-10
389.0 1.5682830468294329e-10
390.0 1.5682830468294329e-10
391.0 1.5682830468294329e-10
392.0 1.5682830468294329e-10
393.0 1.5682830468294329e-10
394.0 0.0006940530056454008
395.0 1.5682830468294329e-10
396.0 1.5682830468294329e-10
397.0 1.5682830468294329e-10
398.0 1.5682830468294329e-10
399.0 1.5682830468294329e-10
400.0 1.5682830468294329e-10
401.0 0.0008203331162803806
402.0 0.0020617029804270715
403.0 0.0025343464585603215
404.0 0.0030069899366935715
405.0 0.004977996286470443
406.0 0.006949002272449434
407.0 0.003414913226151839
408.0 1.5682830468294329e-10
409.0 0.0005782278549304465
410.0 0.0012756337127939332
411.0 0.0028767621188308112
412.0 0.004477891343412921
413.0 0.0041690018406370655
414.0 0.0038601141568506137
415.0 0.0034036831493722275
416.0 0.002947252505691722
417.0 0.002671010406629648
418.0 0.0023947681256686337
419.0 0.004471798092708923
420.0 0.006548827514052391
421.0 0.004926007386529818
422.0 0.003303186531411484
423.0 0.004281506335246377
424.0 0.005259825411485508
425.0 0.003961559195886366
426.0 0.002663291343196761
427.0 0.004141264798818156
428.0 0.005619238072540611
429.0 0.005500568659044802
430.0 0.005381899973144755
431.0 0.0041647625039331615
432.0 0.002947625398519449
433.0 0.003476192068774253
434.0 0.004004759102826938
435.0 0.002895032594096847
436.0 0.001785305721568875
437.0 0.0015283667380572297
438.0 0.0012714276635961141
439.0 0.0017800974092097022
440.0 0.0022887674276717007
441.0 0.0006303356713033281
442.0 1.5682830468294329e-10
443.0 1.5682830468294329e-10
444.0 1.5682830468294329e-10
445.0 1.5682830468294329e-10
446.0 1.5682830468294329e-10
447.0 2.3385503311601497e-05
448.0 0.0005050277650298085
449.0 1.5682830468294329e-10
450.0 1.5682830468294329e-10
451.0 0.00011899929859282565
452.0 0.0011716775588865858
453.0 0.0017260572349186987
454.0 0.002280437183799222
455.0 0.0022811955204815604
456.0 0.002281954039062839
457.0 0.0014357209693116602
458.0 0.0005894878540857462
459.0 0.0003227237812097883
460.0 5.595965149041149e-05
461.0 0.00047567382353008725
462.0 0.0008953878932516091
463.0 0.0002987277639476815
464.0 1.5682830468294329e-10
465.0 0.00016489899508087547
466.0 0.0006277304237300996
467.0 0.0007170159733504988
468.0 0.0008063015229708981
469.0 0.0006651155217696214
470.0 0.0005239296115178149
471.0 0.0005219974809733685
472.0 0.0005200654868531274
473.0 0.0009670543477113824
474.0 0.0014140433449938428
475.0 0.0007372757409029873
476.0 6.050850629435445e-05
477.0 0.0006501543794001918
478.0 0.001239800258190371
479.0 0.0013766979463980533
480.0 0.0015135957255552057
481.0 0.0026887812055065297
482.0 0.0038639649574179202
483.0 0.005603619865723886
484.0 0.007343274774029851
485.0 0.00882161912159063
486.0 0.010299963469151407
487.0 0.012350082397460938
488.0 0.014400201325770468
489.0 0.017460134404245764
490.0 0.020520066027529538
491.0 0.0227680618991144
492.0 0.025016057770699263
493.0 0.025717407697811723
494.0 0.026418757624924183
495.0 0.022898327733855695
496.0 0.019377893477212638
497.0 0.01513864699518308
498.0 0.010899398330366239
499.0 0.00803189177531749
500.0 0.005164386311662383
501.0 0.004008020550827496
502.0 0.0028516549718915485
503.0 0.002426775790809188
504.0 0.0020018964278278872
505.0 0.0019069297195528634
506.0 0.00181196319317678
507.0 0.001819419594539795
508.0 0.0018268758140038699
509.0 0.0017895456039696
510.0 0.0017522153939353302
511.0 0.0014095526239543688
512.0 0.0010668897630239371
513.0 0.0015884244930930436
514.0 0.00210995913221268
515.0 0.002651646536833141
516.0 0.0031933341233525425
517.0 0.0025935363737517036
518.0 0.001993738806049805
519.0 0.0020505345673882402
520.0 0.0021073303287266754
521.0 0.001574876660015434
522.0 0.0010424230822536629
523.0 0.0012301661627134308
524.0 0.0014179095160216093
525.0 0.0020398947526700795
526.0 0.0026618799893185496
527.0 0.00266471706709126
528.0 0.002667554326762911
529.0 0.00191455619642511
530.0 0.001161557975137839
531.0 0.001126671486417763
532.0 0.001091785088647157
533.0 0.0012668440831475891
534.0 0.0014419030776480213
535.0 0.0016763351595727727
536.0 0.001910767241497524
537.0 0.002682613194338046
538.0 0.0034544587833806872
539.0 0.004238256224198267
540.0 0.005022054028813727
541.0 0.005476012665894814
542.0 0.005929972030571662
543.0 0.004908057235297747
544.0 0.003886142440023832
545.0 0.0031013853003969416
546.0 0.002316628524567932
547.0 0.001962101123353932
548.0 0.0016075739040388726
549.0 0.0018107069990946911
550.0 0.00201384027604945
551.0 0.0016850406609592028
552.0 0.0013562410458689556
553.0 0.0013263233995530754
554.0 0.0012964058441866655
555.0 0.0009783370842342265
556.0 0.0006602683242817875
557.0 0.0006530871814902639
558.0 0.0006459061751229456
559.0 0.00029805135000060545
560.0 1.5682830468294329e-10
561.0 0.0006674333690170897
562.0 0.0013846703041053843
563.0 0.0016604257325525396
564.0 0.0019361814338481054
565.0 0.0014098434803599957
566.0 0.0008835057087708265
567.0 0.0005825922471558442
568.0 0.00028167896743980236
569.0 0.0005045251327828737
570.0 0.0007273710707522696
571.0 0.0004922803782392293
572.0 0.00025718973120092414
573.0 0.00040663180698174983
574.0 0.0005560740191867808
575.0 0.00042506540012254845
576.0 0.00029405669010884594
577.0 0.00038165048863447737
578.0 0.0004692442416853737
579.0 0.00027543105716176797
580.0 8.161787263816223e-05
581.0 0.00022126805561129004
582.0 0.0003609182158470503
583.0 0.00044502990022010636
584.0 0.0005291414709063247
585.0 0.0006392303021129919
586.0 0.0007493192242691293
587.0 0.0008406104825553484
588.0 0.0009319016498920973
589.0 0.0006915889571246225
590.0 0.00045127621888241265
591.0 0.0005642400083161192
592.0 0.000677203934174031
593.0 0.0004662515493691899
594.0 0.0002552991418269812
595.0 0.0005568598226091126
596.0 0.0008584203897044063
597.0 0.0007153194474085467
598.0 0.0005722185505874222
599.0 0.0005382373274187557
600.0 0.0005042559223511489
601.0 0.0004753015673486516
602.0 0.00044634721234615427
603.0 0.00032833449949976057
604.0 0.00021032167296652915
605.0 0.0002608678869364667
606.0 0.0003114141009064042
607.0 0.0004747284492623294
608.0 0.0006380426839314168
609.0 0.0006216677775228163
610.0 0.0006052925982658053
611.0 0.0007486130016332027
612.0 0.0008919335414248053
613.0 0.0005008451353205601
614.0 0.00010975685427183635
615.0 1.5682830468294329e-10
616.0 1.5682830468294329e-10
617.0 1.5682830468294329e-10
618.0 6.433667181227065e-05
619.0 0.00026184020498476457
620.0 0.0004593438461597543
621.0 0.0006482402113761054
622.0 0.0008371365765924565
623.0 0.0006609725915041054
624.0 0.00048480865189048927
625.0 0.00042908359318971634
626.0 0.0003733585799636785
627.0 0.0002995888507939526
628.0 0.00022581909888685914
629.0 0.00038955781747063156
630.0 0.0005532966497412417
631.0 0.000498227291245712
632.0 0.0004431579327501822
633.0 0.00038020220927137416
634.0 0.00031724650852993364
635.0 0.0003553374426701339
636.0 0.0003934283085982315
637.0 0.00037591930777125526
638.0 0.00035841017052007373
639.0 0.0006287630185397575
640.0 0.0008991157301352359
641.0 0.000619219099462498
642.0 0.00033932246878976
643.0 0.0005848959062859649
644.0 0.0008304693437821697
645.0 0.0007522191481257323
646.0 0.0006739690888935002
647.0 0.0007992628525244072
648.0 0.0009245571163774002
649.0 0.0007989803634700365
650.0 0.000673403701512143
651.0 0.0009451951882510912
652.0 0.0012169867659395095
653.0 0.0013280379789648578
654.0 0.0014390890100912657
655.0 0.0020707844669232145
656.0 0.002702479832805693
657.0 0.0036821445974055678
658.0 0.0046618082706118
659.0 0.007423540228046477
660.0 1.5682830468294329e-10
661.0 0.08515332010574639
662.0 0.14592129737138748
663.0 0.11942483251914382
664.0 0.13151973253116012
665.0 0.18087344942614436
666.0 0.2083915052935481
667.0 0.16180818201974034
668.0 0.2782742027193308
669.0 0.3582150908187032
670.0 0.6408540066331625
671.0 0.8788382634520531
672.0 1.4575671404600143
673.0 2.104516699910164
674.0 2.9560552909970284
675.0 4.047363251447678
676.0 5.19382618367672
677.0 6.644961982965469
678.0 8.106201887130737
679.0 9.836961328983307
680.0 12.046416103839874
681.0 14.359709620475769
682.0 17.014668881893158
683.0 19.85000967979431
684.0 22.90501445531845
685.0 25.818482041358948
686.0 28.819364309310913
687.0 32.183605432510376
688.0 35.742056369781494
689.0 39.58840072154999
690.0 43.96701455116272
691.0 48.75888228416443
692.0 54.370588064193726
693.0 60.109883546829224
694.0 66.4175033569336
695.0 72.21216559410095
696.0 78.34383845329285
697.0 83.51842761039734
698.0 88.5243833065033
699.0 91.91360473632812
700.0 94.27652359008789
701.0 95.89369297027588
702.0 96.92610502243042
703.0 97.2856342792511
704.0 97.4889874458313
705.0 97.71445989608765
706.0 97.69135117530823
707.0 97.72742986679077
708.0 97.75490164756775
709.0 97.91166186332703
710.0 97.66931533813477
711.0 97.95053005218506
712.0 97.85032272338867
713.0 97.93368577957153
714.0 97.99694418907166
715.0 98.20520877838135
716.0 97.95644879341125
717.0 98.08933138847351
718.0 98.11185598373413
719.0 97.9828953742981
720.0 98.04053902626038
721.0 97.95038104057312
722.0 97.52172827720642
723.0 97.27795124053955
724.0 97.04707264900208
725.0 96.87198996543884
726.0 96.70631885528564
727.0 96.56652212142944
728.0 96.37712836265564
729.0 96.27525806427002
730.0 96.5065598487854
731.0 96.49240374565125
732.0 96.71036005020142
733.0 97.12125062942505
734.0 97.37246036529541
735.0 97.58718013763428
736.0 97.91505336761475
737.0 98.24168682098389
738.0 98.47574830055237
739.0 98.63519072532654
740.0 98.66655468940735
741.0 98.56123924255371
742.0 98.90162348747253
743.0 98.69855642318726
744.0 98.5450804233551
745.0 98.53955507278442
746.0 98.49106669425964
747.0 98.67965579032898
748.0 98.53349328041077
749.0 98.428213596344
750.0 98.40489625930786
751.0 98.31576943397522
752.0 98.26626181602478
753.0 98.46861362457275
754.0 98.42121005058289
755.0 98.6107587814331
756.0 98.60171675682068
757.0 98.71543049812317
758.0 98.6801028251648
759.0 98.80260825157166
760.0 98.67317080497742
761.0 98.51833581924438
762.0 98.72725009918213
763.0 98.59867095947266
764.0 98.42756390571594
765.0 98.47629070281982
766.0 98.41014742851257
767.0 98.16895127296448
768.0 98.19456934928894
769.0 98.11734557151794
770.0 97.91089296340942
771.0 97.91472554206848
772.0 97.92943000793457
773.0 97.75874018669128
774.0 97.67760038375854
775.0 97.77691960334778
776.0 97.72975444793701
777.0 97.89020419120789
778.0 97.85853028297424
779.0 98.10033440589905
780.0 98.06843400001526
781.0 98.43400716781616
782.0 98.42456579208374
783.0 98.50720763206482
784.0 98.38775992393494
785.0 98.48023653030396
786.0 98.73220920562744
787.0 98.38197827339172
788.0 98.45641255378723
789.0 98.53987693786621
790.0 98.33958148956299
791.0 98.42981100082397
792.0 98.28024506568909
793.0 98.2454776763916
794.0 98.10562133789062
795.0 97.86391258239746
796.0 97.83326983451843
797.0 97.8119969367981
798.0 97.77461290359497
799.0 97.67694473266602
800.0 97.43898510932922
801.0 97.22483158111572
802.0 97.06023931503296
803.0 96.47588729858398
804.0 95.70266604423523
805.0 94.60081458091736
806.0 93.46575140953064
807.0 91.75646305084229
808.0 89.70446586608887
809.0 87.53165006637573
810.0 84.89721417427063
811.0 81.76420331001282
812.0 78.12190651893616
813.0 74.15761351585388
814.0 69.76656913757324
815.0 65.26970863342285
816.0 60.95539927482605
817.0 56.239908933639526
818.0 51.5346884727478
819.0 47.39230275154114
820.0 42.60510802268982
821.0 38.145214319229126
822.0 33.65815579891205
823.0 29.00901734828949
824.0 24.310946464538574
825.0 20.096558332443237
826.0 15.70955216884613
827.0 11.52384728193283
828.0 8.091887831687927
829.0 5.351134017109871
830.0 3.127734735608101
831.0 1.9055549055337906
832.0 1.09552638605237
833.0 0.6311404518783092
834.0 0.33331746235489845
835.0 0.20541013218462467
836.0 0.13194767525419593
837.0 0.09643930825404823
838.0 0.06281979731284082
839.0 1.5682830468294329e-10
840.0 0.012685731053352356
841.0 1.5682830468294329e-10
842.0 0.005840307494509034
843.0 1.5682830468294329e-10
844.0 1.5682830468294329e-10
845.0 0.03515633870847523
846.0 1.5682830468294329e-10
847.0 1.5682830468294329e-10
848.0 1.5682830468294329e-10
849.0 0.0042199309973511845
850.0 1.5682830468294329e-10
851.0 1.5682830468294329e-10
852.0 0.0004886441729468061
853.0 0.0007637140697625
854.0 0.0010387841030023992
855.0 0.0009469225915381685
856.0 0.000855061171023408
857.0 0.0009587847671355121
858.0 0.0010625079085002653
859.0 0.0006415914413082646
860.0 0.00022067483769205865
861.0 0.0002760901224974077
862.0 0.00033150527087855153
863.0 0.00010138709285456571
864.0 1.5682830468294329e-10
865.0 1.5682830468294329e-10
866.0 1.5682830468294329e-10
867.0 1.4298785799837788e-05
868.0 2.860358563339105e-05
869.0 1.5682830468294329e-10
870.0 1.5682830468294329e-10
871.0 1.5682830468294329e-10
872.0 0.00018640212147147395
873.0 0.00020662030237872386
874.0 0.0002268384378112387
875.0 0.0002613173819554504
876.0 0.0002957963715743972
877.0 1.5682830468294329e-10
878.0 1.5682830468294329e-10
879.0 1.5682830468294329e-10
880.0 0.0002928890125986072
881.0 0.0001514337100161356
882.0 9.978430171031505e-06
883.0 0.000175648597178224
884.0 0.0003413188096601516
885.0 0.00015633523844371666
886.0 1.5682830468294329e-10
887.0 8.585581099396222e-05
888.0 0.00020035995476064272
889.0 6.819246323175321e-05
890.0 1.5682830468294329e-10
891.0 1.5682830468294329e-10
892.0 3.874699814332416e-05
893.0 0.00013753423218076932
894.0 0.00023632146621821448
