lsstCam/transmission_sensor/r01_s10/19700101T000000.ecsv
# %ECSV 1.0
# ---
# datatype:
# - {name: amp_name, datatype: string}
# - {name: wavelength, unit: nm, datatype: float32}
# - {name: efficiency, unit: '%', datatype: float64}
# meta: !!omap
# - {MODE: AMP}
# - {TYPE: transmission_sensor}
# - {CALIBDATE: '1970-01-01T00:00:00'}
# - {INSTRUME: LSSTCam}
# - {OBSTYPE: transmission_sensor}
# - {DETECTOR: 3}
# - {PARQUETFILE: qe_raft_allvalues_nircorrected_20230725_adjust.parquet}
# - {CORRFILE: qe_corr_factor_bydetnum.parquet}
# - {CALIBCLS: lsst.ip.isr.IntermediateSensorTransmissionCurve}
# - {CALIB_ID: 'raftName=R01 detectorName=S10 detector=3 calibDate=1970-01-01T00:00:00 ccd=3 ccdnum=3 filter=None'}
# - {DATE: '2025-03-03T21:56:47.387963'}
# - {CALIB_CREATION_DATE: '2025-03-03'}
# - {CALIB_CREATION_TIME: '21:56:47'}
# - __serialized_columns__:
#     efficiency:
#       __class__: astropy.units.quantity.Quantity
#       unit: !astropy.units.Unit {unit: '%'}
#       value: !astropy.table.SerializedColumn {name: efficiency}
#     wavelength:
#       __class__: astropy.units.quantity.Quantity
#       unit: !astropy.units.Unit {unit: nm}
#       value: !astropy.table.SerializedColumn {name: wavelength}
# schema: astropy-2.0
amp_name wavelength efficiency
C00 319.994 48.729264847815735
C00 324.969 50.91001003306345
C00 349.982 61.60276059726102
C00 374.975 75.67423804946223
C00 400.019 85.43586437864265
C00 424.965 86.27678972121849
C00 450.035 85.58033522734812
C00 475.003 85.49274615057644
C00 500.018 85.90041156783526
C00 525.002 86.8082000826252
C00 550.029 88.25187837928405
C00 575.023 89.66167485847764
C00 599.982 91.48749274369682
C00 619.997 92.18968577962437
C00 624.979 92.49334775313677
C00 650.012 93.77907115346378
C00 675.004 94.83368850830982
C00 700.03 95.47472638992056
C00 725.012 95.93691558776256
C00 750.022 96.98530601399337
C00 774.987 97.93334063358327
C00 799.976 97.98698684456993
C00 824.988 97.09497168939725
C00 850.022 95.7453154362045
C00 869.967 93.36594191158669
C00 875.002 92.52326142981782
C00 899.999 86.39721516297959
C00 919.999 78.34845206538753
C00 925.012 75.5499970877163
C00 949.965 61.300029610624904
C00 975.002 46.290388289034546
C00 999.976 29.573309405274244
C00 1025.028 14.202939285518415
C00 1050.014 5.656227459846579
C00 1075.002 0.9239658985324968
C00 1099.99 0.09167504762236756
C01 319.994 49.39445497093044
C01 324.969 51.64249066663056
C01 349.982 62.55440088323658
C01 374.975 76.48493684271828
C01 400.019 85.82051457935299
C01 424.965 86.44439025207198
C01 450.035 85.66544421612966
C01 475.003 85.53629649568325
C01 500.018 85.90257878318664
C01 525.002 86.76846525750322
C01 550.029 88.21194514712286
C01 575.023 89.65134243035872
C01 599.982 91.50322031707427
C01 619.997 92.21115952609897
C01 624.979 92.51753051880061
C01 650.012 93.79732460107118
C01 675.004 94.83643568269889
C01 700.03 95.48776020618874
C01 725.012 95.98814275907884
C01 750.022 97.09271290156623
C01 774.987 98.0949202739007
C01 799.976 98.15883786468652
C01 824.988 97.24699726767268
C01 850.022 95.90204173510124
C01 869.967 93.41345276643774
C01 875.002 92.52067450726811
C01 899.999 86.2651981715046
C01 919.999 78.21726685726922
C01 925.012 75.45373151849913
C01 949.965 61.61858355863809
C01 975.002 46.44520682793887
C01 999.976 29.726178213466323
C01 1025.028 14.26787275850019
C01 1050.014 5.642788244580023
C01 1075.002 0.9249886960510968
C01 1099.99 0.09177652865253828
C02 319.994 49.38023071242701
C02 324.969 51.623321494226786
C02 349.982 62.60274352144433
C02 374.975 76.77838848475129
C02 400.019 86.16192730759528
C02 424.965 86.74220684896764
C02 450.035 85.89568032305407
C02 475.003 85.69267176674138
C02 500.018 85.97862209648423
C02 525.002 86.75256217020646
C02 550.029 88.14242637299931
C02 575.023 89.58405191990633
C02 599.982 91.46134880076079
C02 619.997 92.1923947988136
C02 624.979 92.4973387870409
C02 650.012 93.79496660972056
C02 675.004 94.84942371272724
C02 700.03 95.51933744958316
C02 725.012 96.0384694676787
C02 750.022 97.17532654027771
C02 774.987 98.20271634451203
C02 799.976 98.2817586565177
C02 824.988 97.37898373498781
C02 850.022 96.04722227052389
C02 869.967 93.51420538715708
C02 875.002 92.60214348998412
C02 899.999 86.24212953767633
C02 919.999 78.28722060067103
C02 925.012 75.55645294753063
C02 949.965 61.969264184923524
C02 975.002 46.70800458241379
C02 999.976 29.86295125060241
C02 1025.028 14.36091612109018
C02 1050.014 5.674963093792072
C02 1075.002 0.9257755136276576
C02 1099.99 0.09185459596965019
C03 319.994 49.048940558704466
C03 324.969 51.257020129123475
C03 349.982 62.18777901445455
C03 374.975 76.6134511868472
C03 400.019 86.16192730759528
C03 424.965 86.77398249940128
C03 450.035 85.8936352043422
C03 475.003 85.63196684378279
C03 500.018 85.86467540765737
C03 525.002 86.59046361917109
C03 550.029 87.9432485987514
C03 575.023 89.36934497932016
C03 599.982 91.23915580996439
C03 619.997 91.96935476258056
C03 624.979 92.27432164392779
C03 650.012 93.57792457090368
C03 675.004 94.63373999902497
C03 700.03 95.30751504210552
C03 725.012 95.8241746032509
C03 750.022 96.95453002979575
C03 774.987 97.97634154381227
C03 799.976 98.04873722000437
C03 824.988 97.14729773046916
C03 850.022 95.79289497041529
C03 869.967 93.21206962163859
C03 875.002 92.28453197540719
C03 899.999 85.8390198512794
C03 919.999 77.9222584830824
C03 925.012 75.19603129872394
C03 949.965 61.70773318308357
C03 975.002 46.47075554975727
C03 999.976 29.71574658182781
C03 1025.028 14.30218000644376
C03 1050.014 5.622319410681423
C03 1075.002 0.9236720464925235
C03 1099.99 0.09164589189291772
C04 319.994 48.956459985312236
C04 324.969 51.14090622494523
C04 349.982 62.07743417649336
C04 374.975 76.82032868042451
C04 400.019 86.62697051438592
C04 424.965 87.29834177987604
C04 450.035 86.39232366635905
C04 475.003 86.08654789477504
C04 500.018 86.28102494840165
C04 525.002 86.97420572612505
C04 550.029 88.3151091764726
C04 575.023 89.73709242649772
C04 599.982 91.60973437297069
C04 619.997 92.33997148078672
C04 624.979 92.64956277235555
C04 650.012 93.96185745385688
C04 675.004 95.03144690912339
C04 700.03 95.70387888916929
C04 725.012 96.21192300618893
C04 750.022 97.33060294158021
C04 774.987 98.33557275038369
C04 799.976 98.40207726371922
C04 824.988 97.49294568589461
C04 850.022 96.10532500885283
C04 869.967 93.48845825829947
C04 875.002 92.55551020472957
C04 899.999 86.05505459282028
C04 919.999 78.09490313135584
C04 925.012 75.35094904114787
C04 949.965 61.81240052730733
C04 975.002 46.50537757809959
C04 999.976 29.731331073205833
C04 1025.028 14.306115715308108
C04 1050.014 5.606233655365392
C04 1075.002 0.9272549966181172
C04 1099.99 0.09200138891279049
C05 319.994 48.56318670943619
C05 324.969 50.711217626334
C05 349.982 61.572534047941225
C05 374.975 76.51184388965127
C05 400.019 86.49482379523143
C05 424.965 87.22596136576387
C05 450.035 86.31338055787297
C05 475.003 85.97427240370153
C05 500.018 86.13080792659903
C05 525.002 86.79547150795582
C05 550.029 88.10434748355075
C05 575.023 89.50410151414427
C05 599.982 91.35615491477911
C05 619.997 92.07854731350633
C05 624.979 92.38915353339114
C05 650.012 93.69552652787601
C05 675.004 94.76811498185059
C05 700.03 95.43643383135284
C05 725.012 95.92421753725306
C05 750.022 97.00936668301769
C05 774.987 97.99031397799669
C05 799.976 98.0570016362915
C05 824.988 97.18471271944037
C05 850.022 95.82411355493115
C05 869.967 93.2374657226576
C05 875.002 92.31782620279478
C05 899.999 85.91439926409963
C05 919.999 78.04378279459912
C05 925.012 75.32279050365985
C05 949.965 61.856069153533674
C05 975.002 46.53513481846125
C05 999.976 29.740740145488413
C05 1025.028 14.32852521805899
C05 1050.014 5.617148904161985
C05 1075.002 0.9241948323129163
C05 1099.99 0.09169776222174364
C06 319.994 48.28749631293254
C06 324.969 50.41098580528795
C06 349.982 61.22142989893748
C06 374.975 76.34287740264321
C06 400.019 86.49438882595315
C06 424.965 87.29337397285579
C06 450.035 86.378000204336
C06 475.003 86.01545712641774
C06 500.018 86.14313968718999
C06 525.002 86.7825292641673
C06 550.029 88.06632964242193
C06 575.023 89.43766568016846
C06 599.982 91.26965707672309
C06 619.997 91.98160258173186
C06 624.979 92.29009500354506
C06 650.012 93.59293482652399
C06 675.004 94.66371472402577
C06 700.03 95.33458234087789
C06 725.012 95.8085080781932
C06 750.022 96.86750564998182
C06 774.987 97.82420149993729
C06 799.976 97.88901192239955
C06 824.988 97.04298904512397
C06 850.022 95.70931982066764
C06 869.967 93.14209298511688
C06 875.002 92.22813859003145
C06 899.999 85.86839172412259
C06 919.999 78.08231191540591
C06 925.012 75.37870313351749
C06 949.965 61.91795688768756
C06 975.002 46.56559029898013
C06 999.976 29.755294446470536
C06 1025.028 14.34630363342829
C06 1050.014 5.630741217167931
C06 1075.002 0.9228435401606389
C06 1099.99 0.09156368825580126
C07 319.994 47.73510822264925
C07 324.969 49.798136985325094
C07 349.982 60.448458967291394
C07 374.975 75.82614916213811
C07 400.019 86.38571518574533
C07 424.965 87.36349559913694
C07 450.035 86.4555010462678
C07 475.003 86.05717602193184
C07 500.018 86.15449467466483
C07 525.002 86.78030100049615
C07 550.029 88.04978554776773
C07 575.023 89.38918568324127
C07 599.982 91.19097342359599
C07 619.997 91.89135790305075
C07 624.979 92.19605769799902
C07 650.012 93.4986838518588
C07 675.004 94.5762477438936
C07 700.03 95.26198825764658
C07 725.012 95.7317627092184
C07 750.022 96.7865403159038
C07 774.987 97.73655900588582
C07 799.976 97.80632960432835
C07 824.988 96.99199080500678
C07 850.022 95.69041773466282
C07 869.967 93.07707652457543
C07 875.002 92.12856878050741
C07 899.999 85.6702136161107
C07 919.999 77.97857555805844
C07 925.012 75.31837976255738
C07 949.965 61.946836558452716
C07 975.002 46.59038736336152
C07 999.976 29.665358824908186
C07 1025.028 14.258273864098364
C07 1050.014 5.589551248111734
C07 1075.002 0.9220722341981882
C07 1099.99 0.09148715998679113
C10 319.994 49.647359082084705
C10 324.969 51.92529319238592
C10 349.982 62.89217742093333
C10 374.975 76.69825493402996
C10 400.019 85.9630395128662
C10 424.965 86.59034915357155
C10 450.035 85.82274284302413
C10 475.003 85.71051313819044
C10 500.018 86.0982233859286
C10 525.002 86.97248874213187
C10 550.029 88.42783489890432
C10 575.023 89.88940035325203
C10 599.982 91.7610121093291
C10 619.997 92.47753623831966
C10 624.979 92.78293808894514
C10 650.012 94.06095413890279
C10 675.004 95.09105296232634
C10 700.03 95.72147606733931
C10 725.012 96.14292314278332
C10 750.022 97.1493275871011
C10 774.987 98.07024912167881
C10 799.976 98.0775215027699
C10 824.988 97.18790249414769
C10 850.022 95.82994366946795
C10 869.967 93.23197137387945
C10 875.002 92.32692240243861
C10 899.999 86.13917154640576
C10 919.999 78.22932390042128
C10 925.012 75.51897691023966
C10 949.965 61.66416376037684
C10 975.002 46.44263898298908
C10 999.976 29.757070571023473
C10 1025.028 14.229398008853195
C10 1050.014 5.661415136205949
C10 1075.002 0.9255288083022305
C10 1099.99 0.09183011809390483
C11 319.994 49.57568072364975
C11 324.969 51.84933382052799
C11 349.982 62.84204530385269
C11 374.975 76.76670536255776
C11 400.019 86.00478893254018
C11 424.965 86.5729580134807
C11 450.035 85.76061091559122
C11 475.003 85.59191151498209
C11 500.018 85.92763911844698
C11 525.002 86.755194878996
C11 550.029 88.17807096069757
C11 575.023 89.64596254718012
C11 599.982 91.53290506255622
C11 619.997 92.26432498156754
C11 624.979 92.5721992891432
C11 650.012 93.85973124594301
C11 675.004 94.90321491347333
C11 700.03 95.55405105040512
C11 725.012 96.03639382480695
C11 750.022 97.12193215361003
C11 774.987 98.11321950774793
C11 799.976 98.16293573315022
C11 824.988 97.2633353242477
C11 850.022 95.97302566889896
C11 869.967 93.38510345295049
C11 875.002 92.42384424109318
C11 899.999 85.92463248869893
C11 919.999 78.06378375035959
C11 925.012 75.39569745952991
C11 949.965 62.04671924061551
C11 975.002 46.70265140787508
C11 999.976 29.91453135751729
C11 1025.028 14.324477905235085
C11 1050.014 5.626163070126138
C11 1075.002 0.9252671890449867
C11 1099.99 0.09180416047154578
C12 319.994 49.38981911414888
C12 324.969 51.63598902057641
C12 349.982 62.61325146348255
C12 374.975 76.85247062077669
C12 400.019 86.31808127849429
C12 424.965 86.93333387604758
C12 450.035 86.08772307493037
C12 475.003 85.87120757787139
C12 500.018 86.15039680620113
C12 525.002 86.92735877175134
C12 550.029 88.32261048876276
C12 575.023 89.78139824456153
C12 599.982 91.67419376759435
C12 619.997 92.41283265041696
C12 624.979 92.72291232854386
C12 650.012 94.02815592911323
C12 675.004 95.0869627249026
C12 700.03 95.75553339872387
C12 725.012 96.26676729045082
C12 750.022 97.38991138422435
C12 774.987 98.41808718557554
C12 799.976 98.49466467167102
C12 824.988 97.60235953697949
C12 850.022 96.3316998095526
C12 869.967 93.76077955065651
C12 875.002 92.7863949500514
C12 899.999 86.15721132489402
C12 919.999 78.2946227094416
C12 925.012 75.6215151943119
C12 949.965 62.370965944446056
C12 975.002 47.01419243015616
C12 999.976 30.080622850216784
C12 1025.028 14.432407519045876
C12 1050.014 5.638893075615513
C12 1075.002 0.9278199015844398
C12 1099.99 0.0920574382645815
C13 319.994 49.21789941467256
C13 324.969 51.43368251994094
C13 349.982 62.37916931241343
C13 374.975 76.85633192700134
C13 400.019 86.48089714728681
C13 424.965 87.12205712553707
C13 450.035 86.24475461542589
C13 475.003 85.98376541742378
C13 500.018 86.2156345669017
C13 525.002 86.94951168078325
C13 550.029 88.31446053807518
C13 575.023 89.76129045424149
C13 599.982 91.65198744128266
C13 619.997 92.39544151032612
C13 624.979 92.70712370684664
C13 650.012 94.01932681586834
C13 675.004 95.08564255498786
C13 700.03 95.75759377951567
C13 725.012 96.26981970643868
C13 750.022 97.39162836821752
C13 774.987 98.41753011965777
C13 799.976 98.49551934814762
C13 824.988 97.60797598239716
C13 850.022 96.33561453305703
C13 869.967 93.79177683501324
C13 875.002 92.82940349132036
C13 899.999 86.17132111779792
C13 919.999 78.33076331473788
C13 925.012 75.65394711418291
C13 949.965 62.35437224803204
C13 975.002 47.03130503728811
C13 999.976 30.102087057891428
C13 1025.028 14.452765225924919
C13 1050.014 5.633381556997431
C13 1075.002 0.9278362747095336
C13 1099.99 0.09205906279101161
C14 319.994 48.92558098207503
C14 324.969 51.10729912491888
C14 349.982 62.00542386781973
C14 374.975 76.6933176511696
C14 400.019 86.46996949805026
C14 424.965 87.15566422556343
C14 450.035 86.2644884847874
C14 475.003 85.9617574981513
C14 500.018 86.1556088065004
C14 525.002 86.84869801174416
C14 550.029 88.18264195363939
C14 575.023 89.60879938252792
C14 599.982 91.49202558143878
C14 619.997 92.2302371260231
C14 624.979 92.54069835614847
C14 650.012 93.85481685620255
C14 675.004 94.93031273640557
C14 700.03 95.59910471038594
C14 725.012 96.09540465689228
C14 750.022 97.19580825155626
C14 774.987 98.20287659635139
C14 799.976 98.28152209427863
C14 824.988 97.40057194706196
C14 850.022 96.12000712975444
C14 869.967 93.59641458075015
C14 875.002 92.64852495091968
C14 899.999 86.04121188631532
C14 919.999 78.18527753771644
C14 925.012 75.50463055509671
C14 949.965 62.17891174600981
C14 975.002 46.90394298019459
C14 999.976 30.039283598941182
C14 1025.028 14.419674174976514
C14 1050.014 5.62939863107327
C14 1075.002 0.9259708740478976
C14 1099.99 0.09187397945107247
C15 319.994 48.66248180152132
C15 324.969 50.81728908191218
C15 349.982 61.6662851894884
C15 374.975 76.54828210550637
C15 400.019 86.49414463267412
C15 424.965 87.2562794875633
C15 450.035 86.37042258164614
C15 475.003 86.04636283829484
C15 500.018 86.21421519346734
C15 525.002 86.88299953640775
C15 550.029 88.19488977279069
C15 575.023 89.59450644466476
C15 599.982 91.45737302893659
C15 619.997 92.18523688332206
C15 624.979 92.49379798449499
C15 650.012 93.8087864231056
C15 675.004 94.88284003675436
C15 700.03 95.54735099731175
C15 725.012 96.02803020500022
C15 750.022 97.10711267398896
C15 774.987 98.0883575795268
C15 799.976 98.16834614048871
C15 824.988 97.30723669719313
C15 850.022 96.03372296081758
C15 869.967 93.5176927724232
C15 875.002 92.57404600081585
C15 899.999 86.1067243644548
C15 919.999 78.23733649238942
C15 925.012 75.55594929889263
C15 949.965 62.18321183703271
C15 975.002 46.857004453341254
C15 999.976 30.01704484070962
C15 1025.028 14.417666257584498
C15 1050.014 5.650763635228307
C15 1075.002 0.925126075230913
C15 1099.99 0.09179015928855198
C16 319.994 49.17534873580177
C16 324.969 51.345715706690754
C16 349.982 62.35457828611123
C16 374.975 77.58634773465823
C16 400.019 87.64865993176291
C16 424.965 88.37788974230294
C16 450.035 87.43721907628375
C16 475.003 87.07579776124103
C16 500.018 87.20068736138438
C16 525.002 87.83170568751498
C16 550.029 89.11688728400412
C16 575.023 90.51029992038286
C16 599.982 92.37922555039061
C16 619.997 93.11094307996075
C16 624.979 93.42534192671046
C16 650.012 94.74654203185638
C16 675.004 95.8255329283655
C16 700.03 96.5029937637514
C16 725.012 96.96371017087925
C16 750.022 98.01777809084749
C16 774.987 98.97577884863774
C16 799.976 99.03443865288448
C16 824.988 98.17748812637235
C16 850.022 96.8820961984038
C16 869.967 94.32614040888821
C16 875.002 93.38028826672964
C16 899.999 86.88361001960531
C16 919.999 78.95195286138757
C16 925.012 76.23710355762385
C16 949.965 62.646728835829414
C16 975.002 47.16532136123515
C16 999.976 30.224620574444142
C16 1025.028 14.513400515643786
C16 1050.014 5.720119295872497
C16 1075.002 0.9338021418224812
C16 1099.99 0.0926509906452288
C17 319.994 49.99970327508352
C17 324.969 52.18658381646683
C17 349.982 63.408127295361524
C17 374.975 79.22285478031026
C17 400.019 89.68794089805318
C17 424.965 90.46619250935828
C17 450.035 89.48728270205116
C17 475.003 89.09463517145262
C17 500.018 89.18269737270242
C17 525.002 89.79026551300626
C17 550.029 91.07126529959204
C17 575.023 92.4645482082913
C17 599.982 94.34956007055507
C17 619.997 95.08720691818164
C17 624.979 95.40768770378716
C17 650.012 96.75034629332774
C17 675.004 97.85068883967195
C17 700.03 98.54782249609963
C17 725.012 99.00322769940858
C17 750.022 100.06246183343627
C17 774.987 101.01422040053137
C17 799.976 101.06687457632198
C17 824.988 100.2064442955837
C17 850.022 98.89150927425287
C17 869.967 96.22530021925573
C17 875.002 95.23688213614642
C17 899.999 88.47980228109766
C17 919.999 80.46717215776191
C17 925.012 77.72503425506672
C17 949.965 63.91128754680058
C17 975.002 48.1920510805121
C17 999.976 30.799564111117732
C17 1025.028 14.779358474546138
C17 1050.014 5.838006462963689
C17 1075.002 0.9532817525135691
C17 1099.99 0.09458373972244796
