lsstCam/transmission_sensor/r01_s10/19700101T000000.ecsv
# %ECSV 0.9
# ---
# datatype:
# - {name: amp_name, datatype: string}
# - {name: wavelength, unit: nm, datatype: float32}
# - {name: efficiency, unit: '%', datatype: float32}
# meta: !!omap
# - {MODE: AMP}
# - {TYPE: transmission_sensor}
# - {CALIBDATE: '1970-01-01T00:00:00'}
# - {INSTRUME: LSSTCAM}
# - {OBSTYPE: transmission_sensor}
# - {DETECTOR: 3}
# - {CALIBCLS: lsst.ip.isr.IntermediateSensorTransmissionCurve}
# - {PICKLEFILE: RaftRun10861.p}
# - {CALIB_ID: 'raftName=R01 detectorName=S10 detector=3 calibDate=1970-01-01T00:00:00 ccd=3 ccdnum=3 filter=None'}
# - {DATE: '2020-07-23T19:15:12.650274'}
# - {CALIB_CREATION_DATE: '2020-07-23'}
# - {CALIB_CREATION_TIME: '19:15:12'}
# - __serialized_columns__:
#     efficiency:
#       __class__: astropy.units.quantity.Quantity
#       unit: !astropy.units.Unit {unit: '%'}
#       value: !astropy.table.SerializedColumn {name: efficiency}
#     wavelength:
#       __class__: astropy.units.quantity.Quantity
#       unit: !astropy.units.Unit {unit: nm}
#       value: !astropy.table.SerializedColumn {name: wavelength}
# schema: astropy-2.0
amp_name wavelength efficiency
C00 319.994 48.718758
C00 324.969 50.899033
C00 349.982 61.589478
C00 374.975 75.65792
C00 400.019 85.41744
C00 424.965 86.25819
C00 450.035 85.56188
C00 475.003 85.47431
C00 500.018 85.88189
C00 525.002 86.78948
C00 550.029 88.23285
C00 575.023 89.64234
C00 599.982 91.467766
C00 619.997 92.16981
C00 624.979 92.473404
C00 650.012 93.75885
C00 675.004 94.81324
C00 700.03 95.45414
C00 725.012 95.91623
C00 750.022 96.96439
C00 774.987 97.912224
C00 799.976 97.96586
C00 824.988 97.074036
C00 850.022 95.72467
C00 869.967 93.34581
C00 875.002 92.50331
C00 899.999 86.378586
C00 919.999 78.33156
C00 925.012 75.53371
C00 949.965 61.28681
C00 975.002 46.280407
C00 999.976 29.566933
C00 1025.028 14.199877
C00 1050.014 5.655008
C00 1075.002 3.0340211
C00 1099.99 2.1363232
C13 319.994 49.207287
C13 324.969 51.422592
C13 349.982 62.36572
C13 374.975 76.83976
C13 400.019 86.46225
C13 424.965 87.10327
C13 450.035 86.22616
C13 475.003 85.965225
C13 500.018 86.197044
C13 525.002 86.93076
C13 550.029 88.29542
C13 575.023 89.741936
C13 599.982 91.632225
C13 619.997 92.37552
C13 624.979 92.68713
C13 650.012 93.999054
C13 675.004 95.06514
C13 700.03 95.736946
C13 725.012 96.24906
C13 750.022 97.37063
C13 774.987 98.39631
C13 799.976 98.47428
C13 824.988 97.58693
C13 850.022 96.31484
C13 869.967 93.77155
C13 875.002 92.80939
C13 899.999 86.15274
C13 919.999 78.31387
C13 925.012 75.637634
C13 949.965 62.340927
C13 975.002 47.021164
C13 999.976 30.095596
C13 1025.028 14.449649
C13 1050.014 5.632167
C13 1075.002 3.035969
C13 1099.99 2.1357217
C15 319.994 48.65199
C15 324.969 50.80633
C15 349.982 61.65299
C15 374.975 76.53178
C15 400.019 86.475494
C15 424.965 87.237465
C15 450.035 86.3518
C15 475.003 86.02781
C15 500.018 86.195625
C15 525.002 86.864265
C15 550.029 88.17587
C15 575.023 89.57519
C15 599.982 91.43765
C15 619.997 92.16536
C15 624.979 92.473854
C15 650.012 93.78856
C15 675.004 94.86238
C15 700.03 95.52675
C15 725.012 96.007324
C15 750.022 97.086174
C15 774.987 98.06721
C15 799.976 98.14718
C15 824.988 97.286255
C15 850.022 96.013016
C15 869.967 93.49753
C15 875.002 92.554085
C15 899.999 86.08816
C15 919.999 78.22047
C15 925.012 75.53966
C15 949.965 62.169804
C15 975.002 46.8469
C15 999.976 30.010572
C15 1025.028 14.414557
C15 1050.014 5.649545
C15 1075.002 3.043083
C15 1099.99 2.1440935
C10 319.994 49.636654
C10 324.969 51.914097
C10 349.982 62.878616
C10 374.975 76.68172
C10 400.019 85.9445
C10 424.965 86.57168
C10 450.035 85.80424
C10 475.003 85.69203
C10 500.018 86.07966
C10 525.002 86.953735
C10 550.029 88.40877
C10 575.023 89.87002
C10 599.982 91.74123
C10 619.997 92.457596
C10 624.979 92.76293
C10 650.012 94.04067
C10 675.004 95.07055
C10 700.03 95.700836
C10 725.012 96.12219
C10 750.022 97.12838
C10 774.987 98.0491
C10 799.976 98.05637
C10 824.988 97.16695
C10 850.022 95.80928
C10 869.967 93.21187
C10 875.002 92.307014
C10 899.999 86.1206
C10 919.999 78.212456
C10 925.012 75.50269
C10 949.965 61.650867
C10 975.002 46.432625
C10 999.976 29.750654
C10 1025.028 14.22633
C10 1050.014 5.6601944
C10 1075.002 3.0282936
C10 1099.99 2.144762
C06 319.994 48.277084
C06 324.969 50.400116
C06 349.982 61.20823
C06 374.975 76.326416
C06 400.019 86.47574
C06 424.965 87.27455
C06 450.035 86.359375
C06 475.003 85.99691
C06 500.018 86.124565
C06 525.002 86.76382
C06 550.029 88.04734
C06 575.023 89.41838
C06 599.982 91.24998
C06 619.997 91.96177
C06 624.979 92.270195
C06 650.012 93.572754
C06 675.004 94.6433
C06 700.03 95.314026
C06 725.012 95.78785
C06 750.022 96.84662
C06 774.987 97.80311
C06 799.976 97.867905
C06 824.988 97.022064
C06 850.022 95.68868
C06 869.967 93.12201
C06 875.002 92.20825
C06 899.999 85.84988
C06 919.999 78.065475
C06 925.012 75.36245
C06 949.965 61.904606
C06 975.002 46.55555
C06 999.976 29.748878
C06 1025.028 14.34321
C06 1050.014 5.629527
C06 1075.002 3.0287008
C06 1099.99 2.1347601
C11 319.994 49.56499
C11 324.969 51.838154
C11 349.982 62.828495
C11 374.975 76.75015
C11 400.019 85.986244
C11 424.965 86.55429
C11 450.035 85.74212
C11 475.003 85.573456
C11 500.018 85.90911
C11 525.002 86.73649
C11 550.029 88.15906
C11 575.023 89.62663
C11 599.982 91.51317
C11 619.997 92.24443
C11 624.979 92.55224
C11 650.012 93.83949
C11 675.004 94.88275
C11 700.03 95.53345
C11 725.012 96.015686
C11 750.022 97.10099
C11 774.987 98.092064
C11 799.976 98.14177
C11 824.988 97.24236
C11 850.022 95.95233
C11 869.967 93.36497
C11 875.002 92.403915
C11 899.999 85.906105
C11 919.999 78.04695
C11 925.012 75.37944
C11 949.965 62.03334
C11 975.002 46.69258
C11 999.976 29.908081
C11 1025.028 14.321389
C11 1050.014 5.62495
C11 1075.002 3.020169
C11 1099.99 2.1351578
C16 319.994 49.164745
C16 324.969 51.334644
C16 349.982 62.341133
C16 374.975 77.56962
C16 400.019 87.62976
C16 424.965 88.35883
C16 450.035 87.418365
C16 475.003 87.05702
C16 500.018 87.181885
C16 525.002 87.81277
C16 550.029 89.09767
C16 575.023 90.49078
C16 599.982 92.35931
C16 619.997 93.090866
C16 624.979 93.4052
C16 650.012 94.72611
C16 675.004 95.80487
C16 700.03 96.482185
C16 725.012 96.9428
C16 750.022 97.99664
C16 774.987 98.95444
C16 799.976 99.013084
C16 824.988 98.15632
C16 850.022 96.861206
C16 869.967 94.3058
C16 875.002 93.36015
C16 899.999 86.864876
C16 919.999 78.93493
C16 925.012 76.220665
C16 949.965 62.63322
C16 975.002 47.15515
C16 999.976 30.218103
C16 1025.028 14.510271
C16 1050.014 5.718886
C16 1075.002 3.0785992
C16 1099.99 2.167054
C04 319.994 48.945904
C04 324.969 51.12988
C04 349.982 62.06405
C04 374.975 76.803764
C04 400.019 86.60829
C04 424.965 87.27952
C04 450.035 86.373695
C04 475.003 86.067986
C04 500.018 86.26242
C04 525.002 86.95545
C04 550.029 88.29607
C04 575.023 89.71774
C04 599.982 91.58998
C04 619.997 92.32006
C04 624.979 92.629585
C04 650.012 93.9416
C04 675.004 95.010956
C04 700.03 95.68324
C04 725.012 96.19118
C04 750.022 97.309616
C04 774.987 98.31437
C04 799.976 98.38086
C04 824.988 97.471924
C04 850.022 96.0846
C04 869.967 93.4683
C04 875.002 92.53555
C04 899.999 86.0365
C04 919.999 78.078064
C04 925.012 75.3347
C04 949.965 61.799072
C04 975.002 46.49535
C04 999.976 29.72492
C04 1025.028 14.303031
C04 1050.014 5.605025
C04 1075.002 3.0151157
C04 1099.99 2.12613
C02 319.994 49.369583
C02 324.969 51.61219
C02 349.982 62.589245
C02 374.975 76.76183
C02 400.019 86.14335
C02 424.965 86.7235
C02 450.035 85.87716
C02 475.003 85.674194
C02 500.018 85.96008
C02 525.002 86.73386
C02 550.029 88.12342
C02 575.023 89.564735
C02 599.982 91.44163
C02 619.997 92.172516
C02 624.979 92.477394
C02 650.012 93.77474
C02 675.004 94.82897
C02 700.03 95.49874
C02 725.012 96.01776
C02 750.022 97.15437
C02 774.987 98.18154
C02 799.976 98.26057
C02 824.988 97.35799
C02 850.022 96.02651
C02 869.967 93.49404
C02 875.002 92.58218
C02 899.999 86.22353
C02 919.999 78.27034
C02 925.012 75.54016
C02 949.965 61.955902
C02 975.002 46.697933
C02 999.976 29.856512
C02 1025.028 14.35782
C02 1050.014 5.6737394
C02 1075.002 3.044704
C02 1099.99 2.1462014
C05 319.994 48.552715
C05 324.969 50.700283
C05 349.982 61.559258
C05 374.975 76.495346
C05 400.019 86.47617
C05 424.965 87.20715
C05 450.035 86.29477
C05 475.003 85.955734
C05 500.018 86.112236
C05 525.002 86.77676
C05 550.029 88.08535
C05 575.023 89.4848
C05 599.982 91.33646
C05 619.997 92.05869
C05 624.979 92.36923
C05 650.012 93.67532
C05 675.004 94.74768
C05 700.03 95.415855
C05 725.012 95.903534
C05 750.022 96.98845
C05 774.987 97.969185
C05 799.976 98.03586
C05 824.988 97.16376
C05 850.022 95.80345
C05 869.967 93.21736
C05 875.002 92.29792
C05 899.999 85.895874
C05 919.999 78.026955
C05 925.012 75.30655
C05 949.965 61.84273
C05 975.002 46.5251
C05 999.976 29.734327
C05 1025.028 14.325436
C05 1050.014 5.6159377
C05 1075.002 3.024003
C05 1099.99 2.133952
C03 319.994 49.038364
C03 324.969 51.245968
C03 349.982 62.17437
C03 374.975 76.59693
C03 400.019 86.14335
C03 424.965 86.75527
C03 450.035 85.875114
C03 475.003 85.6135
C03 500.018 85.84616
C03 525.002 86.57179
C03 550.029 87.924286
C03 575.023 89.350075
C03 599.982 91.21948
C03 619.997 91.949524
C03 624.979 92.254425
C03 650.012 93.55775
C03 675.004 94.613335
C03 700.03 95.286964
C03 725.012 95.80351
C03 750.022 96.933624
C03 774.987 97.955215
C03 799.976 98.027596
C03 824.988 97.12635
C03 850.022 95.77224
C03 869.967 93.19197
C03 875.002 92.26463
C03 899.999 85.82051
C03 919.999 77.90546
C03 925.012 75.17982
C03 949.965 61.694427
C03 975.002 46.460735
C03 999.976 29.70934
C03 1025.028 14.299096
C03 1050.014 5.621107
C03 1075.002 3.0189354
C03 1099.99 2.1274738
C12 319.994 49.37917
C12 324.969 51.624855
C12 349.982 62.59975
C12 374.975 76.8359
C12 400.019 86.29947
C12 424.965 86.91459
C12 450.035 86.06916
C12 475.003 85.85269
C12 500.018 86.13182
C12 525.002 86.908615
C12 550.029 88.303566
C12 575.023 89.76204
C12 599.982 91.65443
C12 619.997 92.39291
C12 624.979 92.70292
C12 650.012 94.00788
C12 675.004 95.06646
C12 700.03 95.734886
C12 725.012 96.24601
C12 750.022 97.36891
C12 774.987 98.396866
C12 799.976 98.47343
C12 824.988 97.581314
C12 850.022 96.31093
C12 869.967 93.74056
C12 875.002 92.76639
C12 899.999 86.13863
C12 919.999 78.27774
C12 925.012 75.60521
C12 949.965 62.357517
C12 975.002 47.004055
C12 999.976 30.074137
C12 1025.028 14.429296
C12 1050.014 5.637677
C12 1075.002 3.0382187
C12 1099.99 2.142545
C01 319.994 49.383804
C01 324.969 51.631355
C01 349.982 62.540913
C01 374.975 76.468445
C01 400.019 85.80201
C01 424.965 86.42575
C01 450.035 85.64697
C01 475.003 85.51785
C01 500.018 85.884056
C01 525.002 86.749756
C01 550.029 88.192924
C01 575.023 89.63201
C01 599.982 91.48349
C01 619.997 92.19128
C01 624.979 92.49758
C01 650.012 93.7771
C01 675.004 94.81599
C01 700.03 95.46717
C01 725.012 95.967445
C01 750.022 97.07178
C01 774.987 98.07377
C01 799.976 98.13767
C01 824.988 97.22603
C01 850.022 95.88136
C01 869.967 93.39331
C01 875.002 92.500725
C01 899.999 86.2466
C01 919.999 78.2004
C01 925.012 75.43746
C01 949.965 61.605297
C01 975.002 46.435192
C01 999.976 29.719769
C01 1025.028 14.264796
C01 1050.014 5.6415715
C01 1075.002 3.0246394
C01 1099.99 2.1369002
C07 319.994 47.724815
C07 324.969 49.7874
C07 349.982 60.435425
C07 374.975 75.8098
C07 400.019 86.36709
C07 424.965 87.34466
C07 450.035 86.43686
C07 475.003 86.03862
C07 500.018 86.13592
C07 525.002 86.76159
C07 550.029 88.0308
C07 575.023 89.36991
C07 599.982 91.17131
C07 619.997 91.871544
C07 624.979 92.17618
C07 650.012 93.47852
C07 675.004 94.555855
C07 700.03 95.24145
C07 725.012 95.71112
C07 750.022 96.76567
C07 774.987 97.715485
C07 799.976 97.78524
C07 824.988 96.97108
C07 850.022 95.669785
C07 869.967 93.05701
C07 875.002 92.1087
C07 899.999 85.65174
C07 919.999 77.96176
C07 925.012 75.30214
C07 949.965 61.93348
C07 975.002 46.58034
C07 999.976 29.658962
C07 1025.028 14.255199
C07 1050.014 5.588346
C07 1075.002 2.998608
C07 1099.99 2.1106334
C17 319.994 49.988922
C17 324.969 52.17533
C17 349.982 63.394455
C17 374.975 79.20577
C17 400.019 89.6686
C17 424.965 90.446686
C17 450.035 89.46799
C17 475.003 89.075424
C17 500.018 89.16347
C17 525.002 89.770905
C17 550.029 91.05163
C17 575.023 92.44461
C17 599.982 94.329216
C17 619.997 95.0667
C17 624.979 95.387115
C17 650.012 96.729485
C17 675.004 97.82959
C17 700.03 98.52657
C17 725.012 98.98188
C17 750.022 100.040886
C17 774.987 100.99244
C17 799.976 101.04508
C17 824.988 100.18484
C17 850.022 98.870186
C17 869.967 96.20455
C17 875.002 95.21635
C17 899.999 88.460724
C17 919.999 80.44982
C17 925.012 77.708275
C17 949.965 63.897507
C17 975.002 48.18166
C17 999.976 30.792923
C17 1025.028 14.776172
C17 1050.014 5.8367476
C17 1075.002 3.1414425
C17 1099.99 2.206129
C14 319.994 48.91503
C14 324.969 51.09628
C14 349.982 61.992054
C14 374.975 76.67678
C14 400.019 86.451324
C14 424.965 87.13687
C14 450.035 86.24589
C14 475.003 85.94322
C14 500.018 86.13703
C14 525.002 86.82997
C14 550.029 88.16363
C14 575.023 89.58948
C14 599.982 91.4723
C14 619.997 92.21035
C14 624.979 92.520744
C14 650.012 93.83458
C14 675.004 94.90984
C14 700.03 95.57849
C14 725.012 96.074684
C14 750.022 97.17485
C14 774.987 98.1817
C14 799.976 98.26033
C14 824.988 97.37957
C14 850.022 96.09928
C14 869.967 93.57623
C14 875.002 92.62855
C14 899.999 86.02266
C14 919.999 78.16842
C14 925.012 75.48835
C14 949.965 62.165504
C14 975.002 46.89383
C14 999.976 30.032806
C14 1025.028 14.416565
C14 1050.014 5.628185
C14 1075.002 3.0332336
C14 1099.99 2.1341643
