lsstCam/transmission_sensor/r01_s10/19700101T000000.ecsv
# %ECSV 1.0
# ---
# datatype:
# - {name: amp_name, datatype: string}
# - {name: wavelength, unit: nm, datatype: float32}
# - {name: efficiency, unit: '%', datatype: float64}
# meta: !!omap
# - {MODE: AMP}
# - {TYPE: transmission_sensor}
# - {CALIBDATE: '1970-01-01T00:00:00'}
# - {INSTRUME: LSSTCAM}
# - {OBSTYPE: transmission_sensor}
# - {DETECTOR: 3}
# - {PARQUETFILE: qe_raft_allvalues_nircorrected_20230725.parquet}
# - {CALIBCLS: lsst.ip.isr.IntermediateSensorTransmissionCurve}
# - {CALIB_ID: 'raftName=R01 detectorName=S10 detector=3 calibDate=1970-01-01T00:00:00 ccd=3 ccdnum=3 filter=None'}
# - {DATE: '2023-08-02T16:57:55.477803'}
# - {CALIB_CREATION_DATE: '2023-08-02'}
# - {CALIB_CREATION_TIME: '16:57:55'}
# - __serialized_columns__:
#     efficiency:
#       __class__: astropy.units.quantity.Quantity
#       unit: !astropy.units.Unit {unit: '%'}
#       value: !astropy.table.SerializedColumn {name: efficiency}
#     wavelength:
#       __class__: astropy.units.quantity.Quantity
#       unit: !astropy.units.Unit {unit: nm}
#       value: !astropy.table.SerializedColumn {name: wavelength}
# schema: astropy-2.0
amp_name wavelength efficiency
C00 319.994 48.71875762939453
C00 324.969 50.89903259277344
C00 349.982 61.5894775390625
C00 374.975 75.65792083740234
C00 400.019 85.41744232177734
C00 424.965 86.25818634033203
C00 450.035 85.56188201904297
C00 475.003 85.47431182861328
C00 500.018 85.88188934326172
C00 525.002 86.78948211669922
C00 550.029 88.23284912109375
C00 575.023 89.64234161376953
C00 599.982 91.46776580810547
C00 619.997 92.16980743408203
C00 624.979 92.47340393066406
C00 650.012 93.75885009765625
C00 675.004 94.81324005126953
C00 700.03 95.45413970947266
C00 725.012 95.91622924804688
C00 750.022 96.96439361572266
C00 774.987 97.91222381591797
C00 799.976 97.96585845947266
C00 824.988 97.07403564453125
C00 850.022 95.72467041015625
C00 869.967 93.34580993652344
C00 875.002 92.50331115722656
C00 899.999 86.37858581542969
C00 919.999 78.33155822753906
C00 925.012 75.53370666503906
C00 949.965 61.28681182861328
C00 975.002 46.2804069519043
C00 999.976 29.566932678222656
C00 1025.028 14.19987678527832
C00 1050.014 5.655007839202881
C00 1075.002 0.9237666689414092
C00 1099.99 0.09165528024536831
C01 319.994 49.38380432128906
C01 324.969 51.63135528564453
C01 349.982 62.54091262817383
C01 374.975 76.46844482421875
C01 400.019 85.80200958251953
C01 424.965 86.42575073242188
C01 450.035 85.64697265625
C01 475.003 85.51785278320312
C01 500.018 85.8840560913086
C01 525.002 86.749755859375
C01 550.029 88.19292449951172
C01 575.023 89.63201141357422
C01 599.982 91.48348999023438
C01 619.997 92.19127655029297
C01 624.979 92.4975814819336
C01 650.012 93.777099609375
C01 675.004 94.81598663330078
C01 700.03 95.46717071533203
C01 725.012 95.96744537353516
C01 750.022 97.07177734375
C01 774.987 98.07376861572266
C01 799.976 98.1376724243164
C01 824.988 97.22602844238281
C01 850.022 95.88136291503906
C01 869.967 93.393310546875
C01 875.002 92.50072479248047
C01 899.999 86.24659729003906
C01 919.999 78.20040130615234
C01 925.012 75.43746185302734
C01 949.965 61.60529708862305
C01 975.002 46.4351921081543
C01 999.976 29.719768524169922
C01 1025.028 14.264796257019043
C01 1050.014 5.641571521759033
C01 1075.002 0.9247892459199095
C01 1099.99 0.09175673939375295
C02 319.994 49.36958312988281
C02 324.969 51.61219024658203
C02 349.982 62.5892448425293
C02 374.975 76.76183319091797
C02 400.019 86.14334869384766
C02 424.965 86.72350311279297
C02 450.035 85.87715911865234
C02 475.003 85.6741943359375
C02 500.018 85.9600830078125
C02 525.002 86.73385620117188
C02 550.029 88.12342071533203
C02 575.023 89.56473541259766
C02 599.982 91.4416275024414
C02 619.997 92.17251586914062
C02 624.979 92.4773941040039
C02 650.012 93.77474212646484
C02 675.004 94.82897186279297
C02 700.03 95.49874114990234
C02 725.012 96.01776123046875
C02 750.022 97.15437316894531
C02 774.987 98.1815414428711
C02 799.976 98.26056671142578
C02 824.988 97.35798645019531
C02 850.022 96.0265121459961
C02 869.967 93.4940414428711
C02 875.002 92.5821762084961
C02 899.999 86.2235336303711
C02 919.999 78.27033996582031
C02 925.012 75.5401611328125
C02 949.965 61.955902099609375
C02 975.002 46.697933197021484
C02 999.976 29.85651206970215
C02 1025.028 14.357819557189941
C02 1050.014 5.673739433288574
C02 1075.002 0.9255758938394038
C02 1099.99 0.09183478987764657
C03 319.994 49.03836441040039
C03 324.969 51.245967864990234
C03 349.982 62.17436981201172
C03 374.975 76.59693145751953
C03 400.019 86.14334869384766
C03 424.965 86.7552719116211
C03 450.035 85.87511444091797
C03 475.003 85.6135025024414
C03 500.018 85.84616088867188
C03 525.002 86.57179260253906
C03 550.029 87.92428588867188
C03 575.023 89.3500747680664
C03 599.982 91.219482421875
C03 619.997 91.94952392578125
C03 624.979 92.25442504882812
C03 650.012 93.55774688720703
C03 675.004 94.61333465576172
C03 700.03 95.2869644165039
C03 725.012 95.80351257324219
C03 750.022 96.93362426757812
C03 774.987 97.95521545410156
C03 799.976 98.02759552001953
C03 824.988 97.12635040283203
C03 850.022 95.7722396850586
C03 869.967 93.19197082519531
C03 875.002 92.26463317871094
C03 899.999 85.82051086425781
C03 919.999 77.90545654296875
C03 925.012 75.17981719970703
C03 949.965 61.694427490234375
C03 975.002 46.46073532104492
C03 999.976 29.709339141845703
C03 1025.028 14.29909610748291
C03 1050.014 5.62110710144043
C03 1075.002 0.9234728802631054
C03 1099.99 0.09162613080260511
C04 319.994 48.94590377807617
C04 324.969 51.129878997802734
C04 349.982 62.064048767089844
C04 374.975 76.80376434326172
C04 400.019 86.60829162597656
C04 424.965 87.2795181274414
C04 450.035 86.37369537353516
C04 475.003 86.06798553466797
C04 500.018 86.26242065429688
C04 525.002 86.95545196533203
C04 550.029 88.29606628417969
C04 575.023 89.71774291992188
C04 599.982 91.58998107910156
C04 619.997 92.32006072998047
C04 624.979 92.62958526611328
C04 650.012 93.94159698486328
C04 675.004 95.01095581054688
C04 700.03 95.68324279785156
C04 725.012 96.19117736816406
C04 750.022 97.30961608886719
C04 774.987 98.31436920166016
C04 799.976 98.380859375
C04 824.988 97.471923828125
C04 850.022 96.08460235595703
C04 869.967 93.46829986572266
C04 875.002 92.53555297851562
C04 899.999 86.0364990234375
C04 919.999 78.07806396484375
C04 925.012 75.33470153808594
C04 949.965 61.799072265625
C04 975.002 46.4953498840332
C04 999.976 29.72492027282715
C04 1025.028 14.303030967712402
C04 1050.014 5.605024814605713
C04 1075.002 0.9270550578172334
C04 1099.99 0.0919815511686468
C05 319.994 48.55271530151367
C05 324.969 50.70028305053711
C05 349.982 61.55925750732422
C05 374.975 76.49534606933594
C05 400.019 86.4761734008789
C05 424.965 87.2071533203125
C05 450.035 86.29476928710938
C05 475.003 85.95573425292969
C05 500.018 86.11223602294922
C05 525.002 86.7767562866211
C05 550.029 88.0853500366211
C05 575.023 89.48480224609375
C05 599.982 91.33645629882812
C05 619.997 92.0586929321289
C05 624.979 92.36923217773438
C05 650.012 93.67532348632812
C05 675.004 94.7476806640625
C05 700.03 95.41585540771484
C05 725.012 95.90353393554688
C05 750.022 96.98844909667969
C05 774.987 97.96918487548828
C05 799.976 98.03585815429688
C05 824.988 97.16375732421875
C05 850.022 95.80345153808594
C05 869.967 93.21736145019531
C05 875.002 92.29792022705078
C05 899.999 85.8958740234375
C05 919.999 78.0269546508789
C05 925.012 75.30654907226562
C05 949.965 61.84273147583008
C05 975.002 46.52510070800781
C05 999.976 29.73432731628418
C05 1025.028 14.325435638427734
C05 1050.014 5.61593770980835
C05 1075.002 0.9239955533581201
C05 1099.99 0.09167798994692257
C06 319.994 48.27708435058594
C06 324.969 50.400115966796875
C06 349.982 61.208229064941406
C06 374.975 76.326416015625
C06 400.019 86.47573852539062
C06 424.965 87.27455139160156
C06 450.035 86.359375
C06 475.003 85.99691009521484
C06 500.018 86.12456512451172
C06 525.002 86.7638168334961
C06 550.029 88.0473403930664
C06 575.023 89.41838073730469
C06 599.982 91.2499771118164
C06 619.997 91.9617691040039
C06 624.979 92.27019500732422
C06 650.012 93.57275390625
C06 675.004 94.64330291748047
C06 700.03 95.31402587890625
C06 725.012 95.78784942626953
C06 750.022 96.84661865234375
C06 774.987 97.80310821533203
C06 799.976 97.86790466308594
C06 824.988 97.02206420898438
C06 850.022 95.68868255615234
C06 869.967 93.12200927734375
C06 875.002 92.208251953125
C06 899.999 85.8498764038086
C06 919.999 78.06547546386719
C06 925.012 75.3624496459961
C06 949.965 61.904605865478516
C06 975.002 46.55554962158203
C06 999.976 29.748878479003906
C06 1025.028 14.343210220336914
C06 1050.014 5.6295270919799805
C06 1075.002 0.9226445525774002
C06 1099.99 0.09154394489059844
C07 319.994 47.724815368652344
C07 324.969 49.78739929199219
C07 349.982 60.4354248046875
C07 374.975 75.80979919433594
C07 400.019 86.3670883178711
C07 424.965 87.34465789794922
C07 450.035 86.43685913085938
C07 475.003 86.03861999511719
C07 500.018 86.13591766357422
C07 525.002 86.76158905029297
C07 550.029 88.03079986572266
C07 575.023 89.36991119384766
C07 599.982 91.17131042480469
C07 619.997 91.87154388427734
C07 624.979 92.17617797851562
C07 650.012 93.47852325439453
C07 675.004 94.55585479736328
C07 700.03 95.24144744873047
C07 725.012 95.71112060546875
C07 750.022 96.76567077636719
C07 774.987 97.71548461914062
C07 799.976 97.78524017333984
C07 824.988 96.97107696533203
C07 850.022 95.66978454589844
C07 869.967 93.0570068359375
C07 875.002 92.10870361328125
C07 899.999 85.65174102783203
C07 919.999 77.96176147460938
C07 925.012 75.30213928222656
C07 949.965 61.93347930908203
C07 975.002 46.58034133911133
C07 999.976 29.65896224975586
C07 1025.028 14.255199432373047
C07 1050.014 5.588346004486084
C07 1075.002 0.9218734129273337
C07 1099.99 0.09146743312295029
C10 319.994 49.636653900146484
C10 324.969 51.91409683227539
C10 349.982 62.87861633300781
C10 374.975 76.68171691894531
C10 400.019 85.94450378417969
C10 424.965 86.5716781616211
C10 450.035 85.80423736572266
C10 475.003 85.69203186035156
C10 500.018 86.07965850830078
C10 525.002 86.9537353515625
C10 550.029 88.40876770019531
C10 575.023 89.8700180053711
C10 599.982 91.74122619628906
C10 619.997 92.45759582519531
C10 624.979 92.76293182373047
C10 650.012 94.0406723022461
C10 675.004 95.07054901123047
C10 700.03 95.70083618164062
C10 725.012 96.1221923828125
C10 750.022 97.12837982177734
C10 774.987 98.04910278320312
C10 799.976 98.0563735961914
C10 824.988 97.16694641113281
C10 850.022 95.80928039550781
C10 869.967 93.21186828613281
C10 875.002 92.30701446533203
C10 899.999 86.12059783935547
C10 919.999 78.21245574951172
C10 925.012 75.50269317626953
C10 949.965 61.6508674621582
C10 975.002 46.43262481689453
C10 999.976 29.750654220581055
C10 1025.028 14.226329803466797
C10 1050.014 5.660194396972656
C10 1075.002 0.925329241709664
C10 1099.99 0.09181031727992844
C11 319.994 49.56499099731445
C11 324.969 51.83815383911133
C11 349.982 62.828495025634766
C11 374.975 76.75015258789062
C11 400.019 85.98624420166016
C11 424.965 86.55429077148438
C11 450.035 85.74211883544922
C11 475.003 85.57345581054688
C11 500.018 85.90911102294922
C11 525.002 86.73648834228516
C11 550.029 88.1590576171875
C11 575.023 89.62663269042969
C11 599.982 91.51316833496094
C11 619.997 92.24443054199219
C11 624.979 92.55223846435547
C11 650.012 93.83949279785156
C11 675.004 94.88275146484375
C11 700.03 95.533447265625
C11 725.012 96.01568603515625
C11 750.022 97.10099029541016
C11 774.987 98.0920639038086
C11 799.976 98.14176940917969
C11 824.988 97.24236297607422
C11 850.022 95.95233154296875
C11 869.967 93.3649673461914
C11 875.002 92.40391540527344
C11 899.999 85.9061050415039
C11 919.999 78.04695129394531
C11 925.012 75.37944030761719
C11 949.965 62.03334045410156
C11 975.002 46.69258117675781
C11 999.976 29.9080810546875
C11 1025.028 14.321389198303223
C11 1050.014 5.624949932098389
C11 1075.002 0.9250676788639152
C11 1099.99 0.0917843652546661
C12 319.994 49.37916946411133
C12 324.969 51.624855041503906
C12 349.982 62.59975051879883
C12 374.975 76.83589935302734
C12 400.019 86.29946899414062
C12 424.965 86.91458892822266
C12 450.035 86.06916046142578
C12 475.003 85.85269165039062
C12 500.018 86.13182067871094
C12 525.002 86.90861511230469
C12 550.029 88.3035659790039
C12 575.023 89.76203918457031
C12 599.982 91.65442657470703
C12 619.997 92.39290618896484
C12 624.979 92.70291900634766
C12 650.012 94.00788116455078
C12 675.004 95.06645965576172
C12 700.03 95.7348861694336
C12 725.012 96.24600982666016
C12 750.022 97.36891174316406
C12 774.987 98.39686584472656
C12 799.976 98.47342681884766
C12 824.988 97.58131408691406
C12 850.022 96.31092834472656
C12 869.967 93.74056243896484
C12 875.002 92.76638793945312
C12 899.999 86.13863372802734
C12 919.999 78.27774047851562
C12 925.012 75.60520935058594
C12 949.965 62.35751724243164
C12 975.002 47.00405502319336
C12 999.976 30.07413673400879
C12 1025.028 14.429295539855957
C12 1050.014 5.637677192687988
C12 1075.002 0.9276198409762625
C12 1099.99 0.09203758843483005
C13 319.994 49.2072868347168
C13 324.969 51.42259216308594
C13 349.982 62.365718841552734
C13 374.975 76.83975982666016
C13 400.019 86.46224975585938
C13 424.965 87.103271484375
C13 450.035 86.22615814208984
C13 475.003 85.96522521972656
C13 500.018 86.1970443725586
C13 525.002 86.9307632446289
C13 550.029 88.29541778564453
C13 575.023 89.74193572998047
C13 599.982 91.6322250366211
C13 619.997 92.37551879882812
C13 624.979 92.6871337890625
C13 650.012 93.99905395507812
C13 675.004 95.06513977050781
C13 700.03 95.73694610595703
C13 725.012 96.24906158447266
C13 750.022 97.3706283569336
C13 774.987 98.39630889892578
C13 799.976 98.47428131103516
C13 824.988 97.58692932128906
C13 850.022 96.3148422241211
C13 869.967 93.77155303955078
C13 875.002 92.80938720703125
C13 899.999 86.15274047851562
C13 919.999 78.31387329101562
C13 925.012 75.63763427734375
C13 949.965 62.34092712402344
C13 975.002 47.02116394042969
C13 999.976 30.095596313476562
C13 1025.028 14.4496488571167
C13 1050.014 5.632166862487793
C13 1075.002 0.927636210570911
C13 1099.99 0.09203921261097263
C14 319.994 48.91503143310547
C14 324.969 51.09627914428711
C14 349.982 61.9920539855957
C14 374.975 76.6767807006836
C14 400.019 86.45132446289062
C14 424.965 87.13687133789062
C14 450.035 86.24588775634766
C14 475.003 85.94322204589844
C14 500.018 86.13703155517578
C14 525.002 86.82997131347656
C14 550.029 88.16362762451172
C14 575.023 89.5894775390625
C14 599.982 91.47229766845703
C14 619.997 92.2103500366211
C14 624.979 92.52074432373047
C14 650.012 93.83457946777344
C14 675.004 94.90984344482422
C14 700.03 95.5784912109375
C14 725.012 96.0746841430664
C14 750.022 97.17485046386719
C14 774.987 98.18170166015625
C14 799.976 98.26033020019531
C14 824.988 97.37957000732422
C14 850.022 96.09928131103516
C14 869.967 93.57623291015625
C14 875.002 92.62854766845703
C14 899.999 86.02265930175781
C14 919.999 78.16841888427734
C14 925.012 75.48834991455078
C14 949.965 62.165504455566406
C14 975.002 46.893829345703125
C14 999.976 30.032806396484375
C14 1025.028 14.41656494140625
C14 1050.014 5.628184795379639
C14 1075.002 0.9257712121351706
C14 1099.99 0.09185416917951732
C15 319.994 48.6519889831543
C15 324.969 50.806331634521484
C15 349.982 61.65298843383789
C15 374.975 76.53177642822266
C15 400.019 86.47549438476562
C15 424.965 87.23746490478516
C15 450.035 86.35179901123047
C15 475.003 86.0278091430664
C15 500.018 86.19562530517578
C15 525.002 86.86426544189453
C15 550.029 88.17587280273438
C15 575.023 89.57518768310547
C15 599.982 91.43765258789062
C15 619.997 92.16535949707031
C15 624.979 92.4738540649414
C15 650.012 93.78855895996094
C15 675.004 94.86238098144531
C15 700.03 95.52674865722656
C15 725.012 96.00732421875
C15 750.022 97.08617401123047
C15 774.987 98.06720733642578
C15 799.976 98.14717864990234
C15 824.988 97.2862548828125
C15 850.022 96.01301574707031
C15 869.967 93.49752807617188
C15 875.002 92.55408477783203
C15 899.999 86.0881576538086
C15 919.999 78.22046661376953
C15 925.012 75.53965759277344
C15 949.965 62.169803619384766
C15 975.002 46.846900939941406
C15 999.976 30.01057243347168
C15 1025.028 14.414557456970215
C15 1050.014 5.649545192718506
C15 1075.002 0.9249265954774227
C15 1099.99 0.09177036709066896
C16 319.994 49.16474533081055
C16 324.969 51.33464431762695
C16 349.982 62.34113311767578
C16 374.975 77.56961822509766
C16 400.019 87.6297607421875
C16 424.965 88.35883331298828
C16 450.035 87.41836547851562
C16 475.003 87.05702209472656
C16 500.018 87.181884765625
C16 525.002 87.8127670288086
C16 550.029 89.09767150878906
C16 575.023 90.49078369140625
C16 599.982 92.35930633544922
C16 619.997 93.09086608886719
C16 624.979 93.40519714355469
C16 650.012 94.72611236572266
C16 675.004 95.80487060546875
C16 700.03 96.48218536376953
C16 725.012 96.94280242919922
C16 750.022 97.99664306640625
C16 774.987 98.95443725585938
C16 799.976 99.0130844116211
C16 824.988 98.15631866455078
C16 850.022 96.8612060546875
C16 869.967 94.30580139160156
C16 875.002 93.36015319824219
C16 899.999 86.86487579345703
C16 919.999 78.93492889404297
C16 925.012 76.22066497802734
C16 949.965 62.63322067260742
C16 975.002 47.1551513671875
C16 999.976 30.218103408813477
C16 1025.028 14.510271072387695
C16 1050.014 5.718885898590088
C16 1075.002 0.933600791297351
C16 1099.99 0.09263101283110231
C17 319.994 49.988922119140625
C17 324.969 52.175331115722656
C17 349.982 63.39445495605469
C17 374.975 79.20577239990234
C17 400.019 89.6686019897461
C17 424.965 90.44668579101562
C17 450.035 89.46798706054688
C17 475.003 89.07542419433594
C17 500.018 89.16346740722656
C17 525.002 89.77090454101562
C17 550.029 91.05162811279297
C17 575.023 92.44461059570312
C17 599.982 94.32921600341797
C17 619.997 95.06670379638672
C17 624.979 95.38711547851562
C17 650.012 96.72948455810547
C17 675.004 97.82958984375
C17 700.03 98.52657318115234
C17 725.012 98.98188018798828
C17 750.022 100.04088592529297
C17 774.987 100.99243927001953
C17 799.976 101.04508209228516
C17 824.988 100.1848373413086
C17 850.022 98.87018585205078
C17 869.967 96.20455169677734
C17 875.002 95.21634674072266
C17 899.999 88.46072387695312
C17 919.999 80.44982147216797
C17 925.012 77.7082748413086
C17 949.965 63.89750671386719
C17 975.002 48.18165969848633
C17 999.976 30.792922973632812
C17 1025.028 14.776171684265137
C17 1050.014 5.836747646331787
C17 1075.002 0.9530762017091009
C17 1099.99 0.09456334516046427
