lsstCam/transmission_filter_detector/r20_s02/u_24/19700101T000000.ecsv
# %ECSV 1.0
# ---
# datatype:
# - {name: wavelength, unit: nm, datatype: float32}
# - {name: efficiency, unit: '%', datatype: float64}
# meta: !!omap
# - {MODE: DETECTOR}
# - {TYPE: transmission_filter_detector}
# - {CALIBDATE: '1970-01-01T00:00:00'}
# - {INSTRUME: LSSTCam}
# - {OBSTYPE: transmission_filter_detector}
# - {CALIBCLS: lsst.ip.isr.IntermediateFilterDetectorTransmissionCurve}
# - {SOURCE: Materion (DM-46256)}
# - {DETECTOR: 74}
# - {FILTER: u_24}
# - {CALIB_ID: 'calibDate=1970-01-01T00:00:00 filter=u_24 detector=74'}
# - {DATE: '2025-04-02T15:59:40.091858'}
# - {CALIB_CREATION_DATE: '2025-04-02'}
# - {CALIB_CREATION_TIME: '15:59:40'}
# - __serialized_columns__:
#     efficiency:
#       __class__: astropy.units.quantity.Quantity
#       unit: !astropy.units.Unit {unit: '%'}
#       value: !astropy.table.SerializedColumn {name: efficiency}
#     wavelength:
#       __class__: astropy.units.quantity.Quantity
#       unit: !astropy.units.Unit {unit: nm}
#       value: !astropy.table.SerializedColumn {name: wavelength}
# schema: astropy-2.0
wavelength efficiency
[from data line 581]
876.0 0.0021239087800495327
877.0 0.0019889805116690695
878.0 0.0018540527889854275
879.0 0.002067193236143794
880.0 0.0022803342289989814
881.0 0.0023992932256078348
882.0 0.002518252767913509
883.0 0.002550897261244245
884.0 0.0025835421183728613
885.0 0.0025411927708773874
886.0 0.0024988434233819135
887.0 0.0024135120838764124
888.0 0.0023281809262698516
889.0 0.0023320753825828433
890.0 0.0023359696569968946
891.0 0.002323937223991379
892.0 0.0023119046090869233
893.0 0.002467040940246079
894.0 0.0026221765438094735
895.0 0.0028733564249705523
896.0 0.003124536306131631
897.0 0.003574610673240386
898.0 0.004024685040349141
899.0 0.004177531445748173
900.0 0.004330377123551443
901.0 0.0041956809582188725
902.0 0.004060985156684183
903.0 0.004403831189847551
904.0 0.004746676859213039
905.0 0.00469975384476129
906.0 0.004652831194107421
907.0 0.005088106627226807
908.0 0.005523382787941955
909.0 0.005596433402388357
910.0 0.005669484016834758
911.0 0.005779291313956492
912.0 0.005889098611078225
913.0 0.0057950815971707925
914.0 0.005701064219465479
915.0 0.005281638368614949
916.0 0.0048622128815623
917.0 0.004515740511124022
918.0 0.004169268868281506
919.0 0.004332773096393794
920.0 0.004496277324506082
921.0 0.004589858508552425
922.0 0.004683440420194529
923.0 0.005151480218046345
924.0 0.005619519288302399
925.0 0.005872006295248866
926.0 0.006124494393588975
927.0 0.006661912630079314
928.0 0.007199328683782369
929.0 0.007192066550487652
930.0 0.007184804417192936
931.0 0.006957316509215161
932.0 0.006729827873641625
933.0 0.006639288767473772
934.0 0.006548749661305919
935.0 0.007046807877486572
936.0 0.007544866093667224
937.0 0.007378864393103868
938.0 0.007212865602923557
939.0 0.007271987124113366
940.0 0.007331108645303175
941.0 0.006224266689969227
942.0 0.005117422551847994
943.0 0.00438696843048092
944.0 0.003656514672911726
945.0 0.003018258030351717
946.0 0.002380001933488529
947.0 0.00215095224120887
948.0 0.00192190218513133
949.0 0.0015525320122833364
950.0 0.001183161475637462
951.0 0.001263957983610453
952.0 0.0013447541277855635
953.0 0.0015000497114669997
954.0 0.001655345295148436
955.0 0.0018706918126554228
956.0 0.0020860381482634693
957.0 0.0023955242795636877
958.0 0.0027050100470660254
959.0 0.002914939796028193
960.0 0.0031248688173945993
961.0 0.003765090150409378
962.0 0.004405311483424157
963.0 0.00457571295555681
964.0 0.004746114427689463
965.0 0.0045833989133825526
966.0 0.004420683399075642
967.0 0.004391176116769202
968.0 0.004361669198260643
969.0 0.004621081461664289
970.0 0.004880493725067936
971.0 0.004812386760022491
972.0 0.004744279431179166
973.0 0.004532500679488294
974.0 0.004320721563999541
975.0 0.00443594362877775
976.0 0.004551165329758078
977.0 0.0039667924284003675
978.0 0.003382419527042657
979.0 0.0032206535252043977
980.0 0.0030588871595682576
981.0 0.0027767280698753893
982.0 0.002494568980182521
983.0 0.0028033124181092717
984.0 0.0031120554922381416
985.0 0.0034102526115020737
986.0 0.0037084500945638865
987.0 0.004036744212498888
988.0 0.004365038694231771
989.0 0.005266020889393985
990.0 0.006167002720758319
991.0 0.006125219806563109
992.0 0.006083436164772138
993.0 0.006316179496934637
994.0 0.006548922829097137
995.0 0.006156502058729529
996.0 0.005764079105574638
997.0 0.005403368049883284
998.0 0.005042659176979214
999.0 0.005751110438723117
1000.0 0.0064595602452754974
1001.0 0.006224025128176436
1002.0 0.005988486736896448
1003.0 0.005832984606968239
1004.0 0.005677481385646388
1005.0 0.005777085607405752
1006.0 0.005876689829165116
1007.0 0.005679090463672765
1008.0 0.005481488915393129
1009.0 0.004974122202838771
1010.0 0.004466755854082294
1011.0 0.004149576852796599
1012.0 0.0038323978515109047
1013.0 0.0030567571229767054
1014.0 0.002281116394442506
1015.0 0.0020781602870556526
1016.0 0.001875204179668799
1017.0 0.0016435225916211493
1018.0 0.0014118410035734996
1019.0 0.0014136273421172518
1020.0 0.0014154137716104742
1021.0 0.0011817106496891938
1022.0 0.0009480076187173836
1023.0 0.001061745479091769
1024.0 0.0011754834304156248
1025.0 0.0010053804544440936
1026.0 0.0008352776603715029
1027.0 0.0009535938261251431
1028.0 0.001071909809979843
1029.0 0.001216791588376509
1030.0 0.0013616734577226453
1031.0 0.0018288830688106827
1032.0 0.00229609249799978
1033.0 0.0019426699509494938
1034.0 0.0015892474038992077
1035.0 0.0019045572116738185
1036.0 0.0022198666556505486
1037.0 0.0022056525267544203
1038.0 0.0021914387616561726
1039.0 0.0020062796465936117
1040.0 0.0018211207134299912
1041.0 0.0016059306290117092
1042.0 0.0013907408174418379
1043.0 0.001717381201160606
1044.0 0.0020440218577277847
1045.0 0.001713524579827208
1046.0 0.0013830273928761017
1047.0 0.00198816505871946
1048.0 0.002593303179310169
1049.0 0.0020135747035965323
1050.0 0.0014338460459839553
1051.0 0.0014259465388022363
1052.0 0.0014180467587721068
1053.0 0.0013230033800937235
1054.0 0.0012279597285669297
1055.0 0.0009407184734300245
1056.0 0.0006534775366162648
1057.0 0.0009250727998733055
1058.0 0.0011966681086050812
1059.0 0.001068041910912143
1060.0 0.0009394160770170856
1061.0 0.0007316850769711891
1062.0 0.0005239541224000277
1063.0 0.0005584686277870787
1064.0 0.000592982723901514
1065.0 0.0005762299679190619
1066.0 0.0005594772574113449
1067.0 0.0007596282557642553
1068.0 0.0009597787538950797
1069.0 0.0018260583601659164
1070.0 0.002692337329790462
1071.0 0.002552255318732932
1072.0 0.002412172943877522
1073.0 0.001647751014388632
1074.0 0.0008833286301523913
1075.0 0.0025362569431308657
1076.0 0.00418918498326093
1077.0 0.0039135840779636055
1078.0 0.0036379828088684008
1079.0 0.004756853377330117
1080.0 0.005875721763004549
1081.0 0.004470043495530263
1082.0 0.0030643652280559763
1083.0 0.0017539416148792952
1084.0 0.00044351827455102466
1085.0 0.00154751687659882
1086.0 0.0026515153876971453
1087.0 0.00398300944652874
1088.0 0.005314502777764574
1089.0 0.0058692137827165425
1090.0 0.006423925515264273
1091.0 0.003031133564945776
1092.0 1.5951761396168496e-10
1093.0 0.00047032190195750445
1094.0 0.0013023027349845506
1095.0 0.001566832906974014
1096.0 0.0018313636246602982
1097.0 0.0012082242392352782
1098.0 0.000585084762860788
1099.0 0.0013059914635960013
1100.0 0.0020268977095838636
