lsstCam/transmission_filter_detector/r20_s02/u_24/19700101T000000.ecsv
# %ECSV 1.0
# ---
# datatype:
# - {name: wavelength, unit: nm, datatype: float32}
# - {name: efficiency, unit: '%', datatype: float64}
# meta: !!omap
# - {MODE: DETECTOR}
# - {TYPE: transmission_filter_detector}
# - {CALIBDATE: '1970-01-01T00:00:00'}
# - {INSTRUME: LSSTCam}
# - {OBSTYPE: transmission_filter_detector}
# - {CALIBCLS: lsst.ip.isr.IntermediateFilterDetectorTransmissionCurve}
# - {SOURCE: Materion (DM-46256)}
# - {DETECTOR: 74}
# - {FILTER: u_24}
# - {CALIB_ID: 'calibDate=1970-01-01T00:00:00 filter=u_24 detector=74'}
# - {DATE: '2025-04-02T15:59:40.091858'}
# - {CALIB_CREATION_DATE: '2025-04-02'}
# - {CALIB_CREATION_TIME: '15:59:40'}
# - __serialized_columns__:
#     efficiency:
#       __class__: astropy.units.quantity.Quantity
#       unit: !astropy.units.Unit {unit: '%'}
#       value: !astropy.table.SerializedColumn {name: efficiency}
#     wavelength:
#       __class__: astropy.units.quantity.Quantity
#       unit: !astropy.units.Unit {unit: nm}
#       value: !astropy.table.SerializedColumn {name: wavelength}
# schema: astropy-2.0
wavelength efficiency
295.0 1.5951761396168496e-10
296.0 1.5951761396168496e-10
297.0 1.5951761396168496e-10
298.0 1.5951761396168496e-10
299.0 1.5951761396168496e-10
300.0 1.5951761396168496e-10
301.0 1.5951761396168496e-10
302.0 1.5951761396168496e-10
303.0 1.5951761396168496e-10
304.0 0.23720506578683853
305.0 0.6824707146733999
306.0 1.5837602317333221
307.0 3.3149588853120804
308.0 5.588315799832344
309.0 8.596120774745941
310.0 11.999139189720154
311.0 15.985354781150818
312.0 19.681616127490997
313.0 22.761300206184387
314.0 25.89285969734192
315.0 28.195905685424805
316.0 30.340561270713806
317.0 32.92851150035858
318.0 35.74894666671753
319.0 39.661046862602234
320.0 45.03428637981415
321.0 50.44932961463928
322.0 56.433284282684326
323.0 61.913931369781494
324.0 66.52930974960327
325.0 69.6171522140503
326.0 72.00473546981812
327.0 73.85624647140503
328.0 75.52877068519592
329.0 76.96075439453125
330.0 78.33790183067322
331.0 79.05870079994202
332.0 79.4163703918457
333.0 79.59897518157959
334.0 79.43522334098816
335.0 79.56345677375793
336.0 79.7353208065033
337.0 80.24606108665466
338.0 81.1395525932312
339.0 81.68533444404602
340.0 82.09161162376404
341.0 82.69376754760742
342.0 82.93209075927734
343.0 82.94859528541565
344.0 83.12723636627197
345.0 83.53582620620728
346.0 83.7860643863678
347.0 84.17792320251465
348.0 84.48647260665894
349.0 84.63439345359802
350.0 84.72387790679932
351.0 84.91311073303223
352.0 84.84215140342712
353.0 84.80101227760315
354.0 84.63397026062012
355.0 84.92099642753601
356.0 85.06324291229248
357.0 85.04026532173157
358.0 84.69357490539551
359.0 84.40664410591125
360.0 84.2592179775238
361.0 84.04161930084229
362.0 83.85934829711914
363.0 84.05483961105347
364.0 84.13609266281128
365.0 84.42719578742981
366.0 84.65813398361206
367.0 84.82089638710022
368.0 84.78078842163086
369.0 84.83150005340576
370.0 84.55318808555603
371.0 84.37647819519043
372.0 84.44452285766602
373.0 84.52672362327576
374.0 84.57090854644775
375.0 84.8755955696106
376.0 84.9949061870575
377.0 85.10900735855103
378.0 85.1577877998352
379.0 84.90216135978699
380.0 84.17777419090271
381.0 82.93280601501465
382.0 81.19794726371765
383.0 79.22458052635193
384.0 77.14180946350098
385.0 74.78463649749756
386.0 72.292959690094
387.0 69.01146173477173
388.0 65.65757393836975
389.0 61.614906787872314
390.0 57.564157247543335
391.0 53.25055122375488
392.0 48.79697561264038
393.0 44.97387111186981
394.0 41.69858992099762
395.0 38.21706771850586
396.0 34.51220989227295
397.0 29.57967519760132
398.0 23.850883543491364
399.0 17.028944194316864
400.0 10.880731791257858
401.0 5.979323759675026
402.0 2.62189619243145
403.0 0.8400576189160347
404.0 0.27569064404815435
405.0 0.14977888204157352
406.0 0.05533511866815388
407.0 0.044362907647155225
408.0 1.5951761396168496e-10
409.0 1.5951761396168496e-10
410.0 1.5951761396168496e-10
411.0 1.5951761396168496e-10
412.0 1.5951761396168496e-10
413.0 1.5951761396168496e-10
414.0 1.5951761396168496e-10
415.0 1.5951761396168496e-10
416.0 1.5951761396168496e-10
417.0 1.5951761396168496e-10
418.0 1.5951761396168496e-10
419.0 1.5951761396168496e-10
420.0 1.5951761396168496e-10
421.0 1.5951761396168496e-10
422.0 1.5951761396168496e-10
423.0 1.5951761396168496e-10
424.0 1.5951761396168496e-10
425.0 1.5951761396168496e-10
426.0 1.5951761396168496e-10
427.0 1.5951761396168496e-10
428.0 1.4651055835201987e-05
429.0 1.5951761396168496e-10
430.0 1.5951761396168496e-10
431.0 1.5951761396168496e-10
432.0 1.5951761396168496e-10
433.0 0.0003800583499469212
434.0 0.0014008763173478656
435.0 0.001403455917170504
436.0 0.001406036153639434
437.0 0.0002535158273531124
438.0 1.5951761396168496e-10
439.0 0.0002414499931546743
440.0 0.001381904621666763
441.0 1.5951761396168496e-10
442.0 1.5951761396168496e-10
443.0 1.5951761396168496e-10
444.0 1.5951761396168496e-10
445.0 1.5951761396168496e-10
446.0 1.5951761396168496e-10
447.0 1.5951761396168496e-10
448.0 1.5951761396168496e-10
449.0 1.5951761396168496e-10
450.0 1.5951761396168496e-10
451.0 1.5951761396168496e-10
452.0 1.5951761396168496e-10
453.0 0.00013436371091302135
454.0 0.0011285279470030218
455.0 0.0009246568879461847
456.0 0.0007207854650914669
457.0 1.5951761396168496e-10
458.0 1.5951761396168496e-10
459.0 1.5951761396168496e-10
460.0 1.5951761396168496e-10
461.0 1.5951761396168496e-10
462.0 1.5951761396168496e-10
463.0 1.5951761396168496e-10
464.0 0.0001581295236974256
465.0 0.0004959908892487874
466.0 0.0008338524821738247
467.0 0.0008676081051817164
468.0 0.0009013640010380186
469.0 0.0005514925305760698
470.0 0.0002016206735788728
471.0 1.5951761396168496e-10
472.0 1.5951761396168496e-10
473.0 1.5951761396168496e-10
474.0 1.5951761396168496e-10
475.0 1.5951761396168496e-10
476.0 0.00043573318180278875
477.0 0.0001915613893288537
478.0 1.5951761396168496e-10
479.0 1.5951761396168496e-10
480.0 1.5951761396168496e-10
481.0 1.5951761396168496e-10
482.0 1.5951761396168496e-10
483.0 1.5951761396168496e-10
484.0 1.5951761396168496e-10
485.0 1.5951761396168496e-10
486.0 1.5951761396168496e-10
487.0 1.5951761396168496e-10
488.0 1.5951761396168496e-10
489.0 1.5951761396168496e-10
490.0 1.5951761396168496e-10
491.0 1.5951761396168496e-10
492.0 1.5951761396168496e-10
493.0 1.5951761396168496e-10
494.0 3.650220889994671e-05
495.0 0.000458203294328996
496.0 0.0008799045644991565
497.0 0.00047125590754149016
498.0 6.260698341975512e-05
499.0 1.5951761396168496e-10
500.0 1.5951761396168496e-10
501.0 1.5951761396168496e-10
502.0 1.5951761396168496e-10
503.0 1.5951761396168496e-10
504.0 1.5951761396168496e-10
505.0 1.5951761396168496e-10
506.0 1.5951761396168496e-10
507.0 1.5951761396168496e-10
508.0 1.5951761396168496e-10
509.0 1.5951761396168496e-10
510.0 1.5951761396168496e-10
511.0 0.0003949873644160107
512.0 0.0012140864782850258
513.0 0.0004574891136144288
514.0 1.5951761396168496e-10
515.0 0.00013063821597825154
516.0 0.0005603850240731845
517.0 0.00022446988623414654
518.0 1.5951761396168496e-10
519.0 1.5951761396168496e-10
520.0 1.5951761396168496e-10
521.0 0.00021546238713199273
522.0 0.0006243285952223232
523.0 0.00017099245042118127
524.0 1.5951761396168496e-10
525.0 1.5951761396168496e-10
526.0 1.5951761396168496e-10
527.0 1.5951761396168496e-10
528.0 1.5951761396168496e-10
529.0 3.1309912884580626e-06
530.0 0.00016825274542497937
531.0 5.051510925113689e-05
532.0 1.5951761396168496e-10
533.0 1.5951761396168496e-10
534.0 1.5951761396168496e-10
535.0 3.890861250965827e-05
536.0 0.0002675455334610888
537.0 1.5951761396168496e-10
538.0 1.5951761396168496e-10
539.0 1.5951761396168496e-10
540.0 1.5951761396168496e-10
541.0 1.5951761396168496e-10
542.0 1.5951761396168496e-10
543.0 1.5951761396168496e-10
544.0 1.5951761396168496e-10
545.0 1.5951761396168496e-10
546.0 1.5951761396168496e-10
547.0 0.00013571602721640375
548.0 0.0004574474132823525
549.0 1.5951761396168496e-10
550.0 1.5951761396168496e-10
551.0 1.5951761396168496e-10
552.0 3.810262114711804e-05
553.0 1.5951761396168496e-10
554.0 1.5951761396168496e-10
555.0 1.5951761396168496e-10
556.0 1.5951761396168496e-10
557.0 1.5951761396168496e-10
558.0 1.5951761396168496e-10
559.0 1.5951761396168496e-10
560.0 0.0001021948719426291
561.0 0.00011783249647123739
562.0 0.00013347022331799963
563.0 1.5951761396168496e-10
564.0 1.5951761396168496e-10
565.0 1.5951761396168496e-10
566.0 1.5951761396168496e-10
567.0 1.5951761396168496e-10
568.0 0.00011686009884215309
569.0 0.00015833855968594435
570.0 0.00019981696368631674
571.0 0.00018810532083080034
572.0 0.00017639384850554052
573.0 0.00034011120533250505
574.0 0.0005038288691139314
575.0 0.00043219642975600436
576.0 0.00036056421777175274
577.0 0.0002586395339676528
578.0 0.0001567148160575016
579.0 0.00015127181995922
580.0 0.00014582868743673316
581.0 0.0005835413958266145
582.0 0.0010212543202214874
583.0 0.0013357001989788841
584.0 0.0016501460777362809
585.0 0.0012184010302007664
586.0 0.0007866557098168414
587.0 0.0010630660653987434
588.0 0.0013394766028795857
589.0 0.000989018826658139
590.0 0.0006385610049619572
591.0 0.0006617432973143877
592.0 0.0006849255896668183
593.0 0.000617849400441628
594.0 0.0005507729838427622
595.0 0.0008579609129810706
596.0 0.0011651486602204386
597.0 0.001192672880279133
598.0 0.001220196827489417
599.0 0.0012270548722881358
600.0 0.001233912644238444
601.0 0.0015714223991381004
602.0 0.001908932244987227
603.0 0.002135145587089937
604.0 0.0023613594748894684
605.0 0.0021367462977650575
606.0 0.0019121334844385274
607.0 0.001462015279685147
608.0 0.0010118972568307072
609.0 0.0007502855623897631
610.0 0.0004886738224740839
611.0 0.0004322431323089404
612.0 0.0003758125330932671
613.0 0.00041834164221654646
614.0 0.0004608707968145609
615.0 0.0007717574590060394
616.0 0.001082644121197518
617.0 0.0009749234777700622
618.0 0.0008672030162415467
619.0 0.0005730408702220302
620.0 0.00027887879241461633
621.0 0.0005217535090196179
622.0 0.0007646281119377818
623.0 0.0006953820047783665
624.0 0.0006261358976189513
625.0 0.0006146790838101879
626.0 0.0006032224519003648
627.0 0.0007168925094447332
628.0 0.0008305626579385716
629.0 0.0008255542525148485
630.0 0.0008205457561416551
631.0 0.00132321702039917
632.0 0.0018258879208588041
633.0 0.0017169719285448082
634.0 0.0016080555724329315
635.0 0.002282446439494379
636.0 0.0029568369427579455
637.0 0.0027388659873395227
638.0 0.002520894668123219
639.0 0.002276023769809399
640.0 0.0020311528714955784
641.0 0.0015204573173832614
642.0 0.0010097618542204145
643.0 0.0007849257599445991
644.0 0.0005600895747193135
645.0 0.000411921837439877
646.0 0.0002637540774230729
647.0 0.0002769596221696702
648.0 0.0002901652806031052
649.0 0.0001957845370270661
650.0 0.00010140382755707833
651.0 0.00027078021958004683
652.0 0.000440156827608007
653.0 0.0008241060641012155
654.0 0.0012080551641702186
655.0 0.001363769388262881
656.0 0.0015194835214060731
657.0 0.002221909562649671
658.0 0.0029243359676911496
659.0 0.0034189080906799063
660.0 0.003913480031769723
661.0 0.00397036419599317
662.0 0.004027247632620856
663.0 0.0033884098229464144
664.0 0.002749571831373032
665.0 0.0024608267267467454
666.0 0.0021720816221204586
667.0 0.0016701424101484008
668.0 0.001168202652479522
669.0 0.0009959097042155918
670.0 0.0008236168469011318
671.0 0.0006130270321591524
672.0 0.0004024371264677029
673.0 0.0001630266751817544
674.0 1.5951761396168496e-10
675.0 0.00041095349843089934
676.0 0.0008982908184407279
677.0 0.0013356660929275677
678.0 0.0017730413674144074
679.0 0.0019027938833460212
680.0 0.0020325462173786946
681.0 0.0029321863621589728
682.0 0.0038318266888381913
683.0 0.005143471935298294
684.0 0.006455117545556277
685.0 0.0070631773269269615
686.0 0.00767123929108493
687.0 0.007749790529487655
688.0 0.007828341767890379
689.0 0.006840184505563229
690.0 0.005852029426023364
691.0 0.0048990863433573395
692.0 0.003946143988287076
693.0 0.003314843706903048
694.0 0.0026835437893169
695.0 0.0021270609067869373
696.0 0.0015705783880548552
697.0 0.001272651115868939
698.0 0.0009747237527335528
699.0 0.0008461250217806082
700.0 0.0007175263817771338
701.0 0.0005150966899236664
702.0 0.00031266711175703676
703.0 0.00047031589929247275
704.0 0.0006279648005147465
705.0 0.0005960466296528466
706.0 0.000564128595215152
707.0 0.0006858552751509706
708.0 0.0008075816367636435
709.0 0.0006917750397406053
710.0 0.0005759683517680969
711.0 0.0007370454568444984
712.0 0.0008981225619208999
713.0 0.000753307540435344
714.0 0.0006084926553739933
715.0 0.0006563634542544605
716.0 0.0007042342986096628
717.0 0.0006760556061635725
718.0 0.0006478768227680121
719.0 0.0006250003934837878
720.0 0.0006021239187248284
721.0 0.0005884346592210932
722.0 0.000574745445192093
723.0 0.00042034198486362584
724.0 0.0002659385017977911
725.0 0.0002815667357936036
726.0 0.0002971949470520485
727.0 0.0003033614348169067
728.0 0.0003095280362686026
729.0 0.00022670462840324035
730.0 0.0001438812660126132
731.0 0.0001307309389630973
732.0 0.00011758062328226515
733.0 1.5951761396168496e-10
734.0 1.5951761396168496e-10
735.0 0.00015668947526137345
736.0 0.0005221348146733362
737.0 0.00032273628676193766
738.0 0.00012333771337580401
739.0 0.00043326836021151394
740.0 0.000743199097996694
741.0 0.0008672066542203538
742.0 0.0009912142559187487
743.0 0.0012550715837278403
744.0 0.0015189288205874618
745.0 0.002136285365850199
746.0 0.0027536416382645257
747.0 0.003557729723979719
748.0 0.0043618169002002105
749.0 0.004153010013396852
750.0 0.003944203126593493
751.0 0.0038900834624655545
752.0 0.0038359634345397353
753.0 0.0031828229111852124
754.0 0.0025296823878306895
755.0 0.002607337592053227
756.0 0.002684992978174705
757.0 0.002182673597417306
758.0 0.0016803536709630862
759.0 0.0014104972251516301
760.0 0.0011406408702896442
761.0 0.001189870909001911
762.0 0.0012391012205625884
763.0 0.0008267702469311189
764.0 0.00041443927329964936
765.0 0.0005510054052138003
766.0 0.0006875714916532161
767.0 0.0005980934474791866
768.0 0.0005086153123556869
769.0 0.0006061589829187142
770.0 0.0007037026080070063
771.0 0.00048001829782151617
772.0 0.0002563339421612909
773.0 0.000264478489953035
774.0 0.00027262294679530896
775.0 0.00034245024380652467
776.0 0.0004122774953430053
777.0 0.0005001051704311976
778.0 0.0005879326636204496
779.0 0.0007287801963684615
780.0 0.0008696276381670032
781.0 0.0008407646419072989
782.0 0.0008119016456475947
783.0 0.0007660931260033976
784.0 0.0007202846063592006
785.0 0.0010443600331200287
786.0 0.0013684354598808568
787.0 0.0010761698831629474
788.0 0.0007839039426471572
789.0 0.0008109942427836359
790.0 0.0008380844519706443
791.0 0.0007702397851971909
792.0 0.0007023949365247972
793.0 0.0003569149384929915
794.0 1.1434895696993408e-05
795.0 0.0001470640654588351
796.0 0.0002826931677191169
797.0 0.0004554944098345004
798.0 0.0006282957656367216
799.0 0.0002548174506955547
800.0 1.5951761396168496e-10
801.0 1.5951761396168496e-10
802.0 1.5951761396168496e-10
803.0 1.5951761396168496e-10
804.0 1.5951761396168496e-10
805.0 1.5951761396168496e-10
806.0 1.5951761396168496e-10
807.0 1.5951761396168496e-10
808.0 1.5951761396168496e-10
809.0 0.00023077809601090848
810.0 0.0006844271410955116
811.0 0.00022718975287716603
812.0 1.5951761396168496e-10
813.0 0.00012788277672370896
814.0 0.0004858130068896571
815.0 0.00044415000957087614
816.0 0.0004024868758278899
817.0 0.0004896832251688465
818.0 0.000576879483560333
819.0 0.0004708579581347294
820.0 0.0003648365463959635
821.0 9.058555860974593e-06
822.0 1.5951761396168496e-10
823.0 1.5951761396168496e-10
824.0 0.00016659751054248773
825.0 1.5951761396168496e-10
826.0 1.5951761396168496e-10
827.0 1.5951761396168496e-10
828.0 0.00028622237095987657
829.0 0.00010835891544047627
830.0 1.5951761396168496e-10
831.0 1.5951761396168496e-10
832.0 1.5951761396168496e-10
833.0 1.5951761396168496e-10
834.0 1.5951761396168496e-10
835.0 1.5951761396168496e-10
836.0 1.5951761396168496e-10
837.0 1.5951761396168496e-10
838.0 1.5951761396168496e-10
839.0 1.5951761396168496e-10
840.0 1.5951761396168496e-10
841.0 1.5951761396168496e-10
842.0 0.0001002580461317848
843.0 1.0628625801700764e-05
844.0 1.5951761396168496e-10
845.0 1.5951761396168496e-10
846.0 1.5951761396168496e-10
847.0 1.5951761396168496e-10
848.0 1.5951761396168496e-10
849.0 4.395906216814183e-05
850.0 0.00015235643786581932
851.0 0.00023914033135952195
852.0 0.00032592431580269476
853.0 0.00022398892269848147
854.0 0.00012205349548821687
855.0 3.3508484875710565e-06
856.0 1.5951761396168496e-10
857.0 0.00015829263020350481
858.0 0.0004319371328165289
859.0 0.0006897164894326124
860.0 0.000947495846048696
861.0 0.0009267660061595961
862.0 0.0009060361662704963
863.0 0.0008495459951518569
864.0 0.000793055551184807
865.0 0.0013368039617489558
866.0 0.0018805521904141642
867.0 0.0018100281522492878
868.0 0.0017395041140844114
869.0 0.0014100511180004105
870.0 0.0010805980309669394
871.0 0.001388698728987947
872.0 0.0016967993360594846
873.0 0.0019427518054726534
874.0 0.0021887039110879414
