lsstCam/transmission_filter_detector/r03_s02/z_20/19700101T000000.ecsv
# %ECSV 1.0
# ---
# datatype:
# - {name: wavelength, unit: nm, datatype: float32}
# - {name: efficiency, unit: '%', datatype: float64}
# meta: !!omap
# - {MODE: DETECTOR}
# - {TYPE: transmission_filter_detector}
# - {CALIBDATE: '1970-01-01T00:00:00'}
# - {INSTRUME: LSSTCam}
# - {OBSTYPE: transmission_filter_detector}
# - {CALIBCLS: lsst.ip.isr.IntermediateFilterDetectorTransmissionCurve}
# - {SOURCE: Materion (DM-46256)}
# - {DETECTOR: 20}
# - {FILTER: z_20}
# - {CALIB_ID: 'calibDate=1970-01-01T00:00:00 filter=z_20 detector=20'}
# - {DATE: '2025-04-02T15:59:48.727035'}
# - {CALIB_CREATION_DATE: '2025-04-02'}
# - {CALIB_CREATION_TIME: '15:59:48'}
# - __serialized_columns__:
#     efficiency:
#       __class__: astropy.units.quantity.Quantity
#       unit: !astropy.units.Unit {unit: '%'}
#       value: !astropy.table.SerializedColumn {name: efficiency}
#     wavelength:
#       __class__: astropy.units.quantity.Quantity
#       unit: !astropy.units.Unit {unit: nm}
#       value: !astropy.table.SerializedColumn {name: wavelength}
# schema: astropy-2.0
wavelength efficiency
[from data line 598]
898.0 98.81989359855652
899.0 98.28426241874695
900.0 98.62815141677856
901.0 99.22010898590088
902.0 99.16086196899414
903.0 98.40616583824158
904.0 97.37563133239746
905.0 98.617684841156
906.0 97.9993999004364
907.0 98.42554926872253
908.0 98.02300333976746
909.0 97.86642789840698
910.0 97.13357090950012
911.0 96.48646712303162
912.0 95.24850845336914
913.0 93.56952905654907
914.0 91.18561148643494
915.0 88.91355395317078
916.0 86.45263910293579
917.0 84.74979400634766
918.0 81.31065964698792
919.0 79.88106608390808
920.0 76.08272433280945
921.0 71.42923474311829
922.0 66.2763774394989
923.0 60.26012897491455
924.0 54.37226891517639
925.0 48.67397844791412
926.0 41.977497935295105
927.0 34.559425711631775
928.0 28.62269878387451
929.0 22.61403799057007
930.0 17.23180264234543
931.0 12.384650856256485
932.0 8.056973665952682
933.0 4.987313598394394
934.0 2.911269851028919
935.0 1.8106944859027863
936.0 0.9179471060633659
937.0 0.7009461056441069
938.0 0.41823326610028744
939.0 0.3686856245622039
940.0 0.2394752809777856
941.0 0.008951413474278525
942.0 0.11355660390108824
943.0 0.17281487816944718
944.0 2.695490532167444e-10
945.0 2.695490532167444e-10
946.0 0.05518253892660141
947.0 2.695490532167444e-10
948.0 2.695490532167444e-10
949.0 0.0003633696451288415
950.0 0.030644531943835318
951.0 0.03681737289298326
952.0 2.695490532167444e-10
953.0 0.007224288128782064
954.0 2.695490532167444e-10
955.0 0.01954041072167456
956.0 0.03031879896298051
957.0 0.005941182826063596
958.0 0.08816455956548452
959.0 2.695490532167444e-10
960.0 0.00624414169578813
961.0 2.695490532167444e-10
962.0 0.05637731519527733
963.0 2.695490532167444e-10
964.0 0.0024624272555229254
965.0 2.695490532167444e-10
966.0 0.03537216107361019
967.0 0.011642561003100127
968.0 0.013748077617492527
969.0 0.020211849187035114
970.0 2.695490532167444e-10
971.0 0.03296261129435152
972.0 2.695490532167444e-10
973.0 0.0012279733709874563
974.0 2.695490532167444e-10
975.0 2.695490532167444e-10
976.0 0.006137190212029964
977.0 0.006059764928068034
978.0 0.0059823414630955085
979.0 0.005816834891447797
980.0 0.0056513268646085635
981.0 0.005521914135897532
982.0 0.005392502134782262
983.0 0.005282883284962736
984.0 0.005173265162738971
985.0 0.0049285325076198205
986.0 0.004683799124904908
987.0 0.004646768866223283
988.0 0.004609738243743777
989.0 0.004522492235992104
990.0 0.004435246955836192
991.0 0.004508611527853645
992.0 0.00458197646366898
993.0 0.004563413676805794
994.0 0.004544850526144728
995.0 0.0045122753363102674
996.0 0.0044797005102736875
997.0 0.004326990892877802
998.0 0.004174281275481917
999.0 0.004149693995714188
1000.0 0.004125105988350697
1001.0 0.00428678176831454
1002.0 0.0044484568206826225
1003.0 0.0043457490392029285
1004.0 0.004243041257723235
1005.0 0.00406914041377604
1006.0 0.0038952399336267263
1007.0 0.003966748045058921
1008.0 0.004038256520288996
1009.0 0.004109689689357765
1010.0 0.004181123222224414
1011.0 0.004296239785617217
1012.0 0.004411356712807901
1013.0 0.004220047776470892
1014.0 0.004028738840133883
1015.0 0.004185907528153621
1016.0 0.0043430758523754776
1017.0 0.004637811071006581
1018.0 0.0049325466534355655
1019.0 0.004727370833279565
1020.0 0.004522195376921445
1021.0 0.004485170575208031
1022.0 0.004448145773494616
1023.0 0.004375996650196612
1024.0 0.004303847890696488
1025.0 0.004468012775760144
1026.0 0.0046321776608238
1027.0 0.004575434286380187
1028.0 0.004518690911936574
1029.0 0.00448481114290189
1030.0 0.004450931737665087
1031.0 0.004567659561871551
1032.0 0.004684387386078015
1033.0 0.0047560031816829
1034.0 0.004827619341085665
1035.0 0.005019508171244524
1036.0 0.005211396637605503
1037.0 0.005273579154163599
1038.0 0.005335760943125933
1039.0 0.005238303856458515
1040.0 0.005140846042195335
1041.0 0.005445240458357148
1042.0 0.005749635238316841
1043.0 0.0052326628065202385
1044.0 0.004715690010925755
1045.0 0.005443071131594479
1046.0 0.006170452252263203
1047.0 0.0059766836784547195
1048.0 0.005782914740848355
1049.0 0.005776872785645537
1050.0 0.005770830830442719
1051.0 0.005952221908955835
1052.0 0.006133614806458354
1053.0 0.00626985274720937
1054.0 0.006406091415556148
1055.0 0.0072063179686665535
1056.0 0.008006543794181198
1057.0 0.0076315503974910825
1058.0 0.007256557000800967
1059.0 0.0073830902692861855
1060.0 0.0075096213549841195
1061.0 0.008033014455577359
1062.0 0.008556407556170598
1063.0 0.008518766844645143
1064.0 0.008481126133119687
1065.0 0.008577160042477772
1066.0 0.008673194679431617
1067.0 0.008839838847052306
1068.0 0.009006483742268756
1069.0 0.009787440649233758
1070.0 0.010568396828603
1071.0 0.010190823377342895
1072.0 0.009813249198487028
1073.0 0.01011275962810032
1074.0 0.010412271512905136
1075.0 0.010945525718852878
1076.0 0.011478782835183665
1077.0 0.011477850057417527
1078.0 0.011476916552055627
1079.0 0.01254556846106425
1080.0 0.013614220370072871
1081.0 0.013597137876786292
1082.0 0.01358005974907428
1083.0 0.013375142589211464
1084.0 0.013170228339731693
1085.0 0.013543371460400522
1086.0 0.013916517491452396
1087.0 0.014178916171658784
1088.0 0.014441316307056695
1089.0 0.01604509452590719
1090.0 0.01764887128956616
1091.0 0.017372625006828457
1092.0 0.017096374358516186
1093.0 0.01690889330348
1094.0 0.016721409338060766
1095.0 0.01775832351995632
1096.0 0.01879524061223492
1097.0 0.019185335258953273
1098.0 0.01957543136086315
1099.0 0.021591674885712564
1100.0 0.023607915500178933
1101.0 0.023278909793589264
1102.0 0.022949899721425027
1103.0 0.02464257995598018
1104.0 0.026335255824960768
1105.0 0.026052785688079894
1106.0 0.02577031555119902
1107.0 0.0274939724477008
1108.0 0.029217629344202578
1109.0 0.030037036049179733
1110.0 0.030856442754156888
1111.0 0.030518756830133498
1112.0 0.0301810767268762
1113.0 0.03142085042782128
1114.0 0.03266062994953245
1115.0 0.03180282365065068
1116.0 0.030945026082918048
1117.0 0.032738709705881774
1118.0 0.0345323933288455
1119.0 0.03812529903370887
1120.0 0.04171819891780615
1121.0 0.04194804350845516
1122.0 0.04217789100948721
1123.0 0.04241969145368785
1124.0 0.04266149189788848
1125.0 0.042757680057547987
1126.0 0.04285387112759054
1127.0 0.04700162389781326
1128.0 0.051149376668035984
1129.0 0.055163376964628696
1130.0 0.0591773830819875
1131.0 0.05790616851300001
1132.0 0.05663494812324643
1133.0 0.060779915656894445
1134.0 0.06492487154901028
1135.0 0.06228135898709297
1136.0 0.059637840604409575
1137.0 0.06561419577337801
1138.0 0.07159056258387864
1139.0 0.07506001275032759
1140.0 0.07852942799217999
1141.0 0.0894474855158478
1142.0 0.10036552557721734
1143.0 0.11950527550652623
1144.0 0.13864499051123857
1145.0 0.2832760801538825
1146.0 0.4279071930795908
1147.0 0.9006773121654987
1148.0 1.3734474778175354
1149.0 1.569586992263794
1150.0 1.765727624297142
