lsstCam/transmission_filter_detector/r03_s02/z_20/19700101T000000.ecsv
# %ECSV 1.0
# ---
# datatype:
# - {name: wavelength, unit: nm, datatype: float32}
# - {name: efficiency, unit: '%', datatype: float64}
# meta: !!omap
# - {MODE: DETECTOR}
# - {TYPE: transmission_filter_detector}
# - {CALIBDATE: '1970-01-01T00:00:00'}
# - {INSTRUME: LSSTCam}
# - {OBSTYPE: transmission_filter_detector}
# - {CALIBCLS: lsst.ip.isr.IntermediateFilterDetectorTransmissionCurve}
# - {SOURCE: Materion (DM-46256)}
# - {DETECTOR: 20}
# - {FILTER: z_20}
# - {CALIB_ID: 'calibDate=1970-01-01T00:00:00 filter=z_20 detector=20'}
# - {DATE: '2025-04-02T15:59:48.727035'}
# - {CALIB_CREATION_DATE: '2025-04-02'}
# - {CALIB_CREATION_TIME: '15:59:48'}
# - __serialized_columns__:
#     efficiency:
#       __class__: astropy.units.quantity.Quantity
#       unit: !astropy.units.Unit {unit: '%'}
#       value: !astropy.table.SerializedColumn {name: efficiency}
#     wavelength:
#       __class__: astropy.units.quantity.Quantity
#       unit: !astropy.units.Unit {unit: nm}
#       value: !astropy.table.SerializedColumn {name: wavelength}
# schema: astropy-2.0
wavelength efficiency
300.0 0.8728273212909698
301.0 0.5881709046661854
302.0 0.3035146277397871
303.0 0.29560443945229053
304.0 0.28769425116479397
305.0 0.2439485164359212
306.0 0.20020275842398405
307.0 0.18431817879900336
308.0 0.16843361081555486
309.0 0.14721049228683114
310.0 0.12598736211657524
311.0 0.12687408598139882
312.0 0.12776085641235113
313.0 0.1119527849368751
314.0 0.09614474256522954
315.0 0.09559948812238872
316.0 0.095054239500314
317.0 0.07963705575093627
318.0 0.06421988364309072
319.0 0.06444529280997813
320.0 0.06467069615609944
321.0 0.06353732896968722
322.0 0.0624039676040411
323.0 0.05388410063460469
324.0 0.045364233665168285
325.0 0.04246641183272004
326.0 0.03956858708988875
327.0 0.03911176463589072
328.0 0.03865494218189269
329.0 0.03408979391679168
330.0 0.029524645651690662
331.0 0.026687505305744708
332.0 0.02385036350460723
333.0 0.02294020523549989
334.0 0.02203004260081798
335.0 0.02085450541926548
336.0 0.019678969692904502
337.0 0.02394247567281127
338.0 0.028205974376760423
339.0 0.0241411617025733
340.0 0.020076353393960744
341.0 0.017024381668306887
342.0 0.013972411397844553
343.0 0.013574492186307907
344.0 0.013176574429962784
345.0 0.012557992886286229
346.0 0.011939410615013912
347.0 0.011197068670298904
348.0 0.01045472890837118
349.0 0.013080993085168302
350.0 0.015707257261965424
351.0 0.013059486809652299
352.0 0.01041171490214765
353.0 0.010853970889002085
354.0 0.011296229058643803
355.0 0.009813700307859108
356.0 0.008331172284670174
357.0 0.009235983452526852
358.0 0.010140796803170815
359.0 0.009869933273876086
360.0 0.009599069744581357
361.0 0.008773591252975166
362.0 0.00794811567175202
363.0 0.009186803799821064
364.0 0.010425491927890107
365.0 0.010107136040460318
366.0 0.009788783063413575
367.0 0.008589601929998025
368.0 0.0073904193413909525
369.0 0.007840010221116245
370.0 0.008289601100841537
371.0 0.008221312600653619
372.0 0.008153025555657223
373.0 0.007066690159263089
374.0 0.00598035694565624
375.0 0.00640123980701901
376.0 0.00682212266838178
377.0 0.007116309279808775
378.0 0.007410495163640007
379.0 0.006250480510061607
380.0 0.005090465856483206
381.0 0.003197634214302525
382.0 0.0013048029359197244
383.0 0.003544878200045787
384.0 0.005784953464171849
385.0 0.005538167533813976
386.0 0.005291381967253983
387.0 0.005960930502624251
388.0 0.006630480493186042
389.0 0.005840565791004337
390.0 0.005050652180216275
391.0 0.004657192766899243
392.0 0.00426373298978433
393.0 0.004700727004092187
394.0 0.005137721382197924
395.0 0.004226629243930802
396.0 0.003315536741865799
397.0 0.0035559289244702086
398.0 0.0037963211070746183
399.0 0.004025750968139619
400.0 0.004255180465406738
401.0 0.004691460708272643
402.0 0.005127741314936429
403.0 0.00499667257827241
404.0 0.00486560384160839
405.0 0.003974613719037734
406.0 0.0030836239602649584
407.0 0.0016087313269963488
408.0 0.00013383919394982513
409.0 0.0017932523405761458
410.0 0.0034526656236266717
411.0 0.0040447874198434874
412.0 0.0046369088522624224
413.0 0.0045814813347533345
414.0 0.004526053089648485
415.0 0.003663229654193856
416.0 0.002800406400638167
417.0 0.0039026552258292213
418.0 0.005004904232919216
419.0 0.004389125751913525
420.0 0.003773347634705715
421.0 0.003669119905680418
422.0 0.003564892540453002
423.0 0.0035445918911136687
424.0 0.003524291969370097
425.0 0.0026547497327555902
426.0 0.001785207678040024
427.0 0.001899082781164907
428.0 0.0020129582480876707
429.0 0.0012645361493923701
430.0 0.0005161142780707451
431.0 0.0007019500117166899
432.0 0.0008877855179889593
433.0 0.0007993834515218623
434.0 0.0007109817033779109
435.0 0.0012802777746401262
436.0 0.0018495738913770765
437.0 0.0019618941223598085
438.0 0.0020742143533425406
439.0 0.0021329291485017166
440.0 0.002191644125559833
441.0 0.0015807558156666346
442.0 0.0009698677786218468
443.0 0.0021714960894314572
444.0 0.003373124491190538
445.0 0.0033775719202822074
446.0 0.003382019349373877
447.0 0.002582747401902452
448.0 0.0017834754544310272
449.0 0.0025289600671385415
450.0 0.0032744454074418172
451.0 0.002505370503058657
452.0 0.0017362954167765565
453.0 0.0016451247574877925
454.0 0.0015539542800979689
455.0 0.0023402119040838443
456.0 0.0031264695280697197
457.0 0.002303809560544323
458.0 0.0014811495020694565
459.0 0.0016321861039614305
460.0 0.0017832226149039343
461.0 0.0008391524715989362
462.0 2.695490532167444e-10
463.0 0.0009138764653471299
464.0 0.0019326709661982022
465.0 0.0021565712813753635
466.0 0.0023804715965525247
467.0 0.0020682135073002428
468.0 0.0017559546904521994
469.0 0.0016527328625670634
470.0 0.001549510852782987
471.0 0.0014472094335360453
472.0 0.0013449083780869842
473.0 0.001312379572482314
474.0 0.0012798507668776438
475.0 0.0011565787644940428
476.0 0.001033306853059912
477.0 0.001333468117081793
478.0 0.0016336291082552634
479.0 0.0019640670871012844
480.0 0.002294504884048365
481.0 0.001833423630159814
482.0 0.0013723423762712628
483.0 0.0009208715709974058
484.0 0.000469400856673019
485.0 0.0013116114132571965
486.0 0.002153821878891904
487.0 0.001505455202277517
488.0 0.00085708852566313
489.0 0.0016806588973850012
490.0 0.0025042294510058127
491.0 0.0023079155653249472
492.0 0.0021116016796440817
493.0 0.0019927329049096443
494.0 0.0018738643120741472
495.0 0.0016854364730534144
496.0 0.0014970086340326816
497.0 0.0013416368346952368
498.0 0.0011862653082062025
499.0 0.0013416755791695323
500.0 0.0014970860320318025
501.0 0.000986005034064874
502.0 0.0004749238996737404
503.0 0.001286670612898888
504.0 0.0020984170987503603
505.0 0.0022471613192465156
506.0 0.002395905539742671
507.0 0.0023007025447441265
508.0 0.0022054993678466417
509.0 0.0019040047845919617
510.0 0.0016025107470341027
511.0 0.0012673055607592687
512.0 0.0009321004654339049
513.0 0.0013325564395927358
514.0 0.0017330126865999773
515.0 0.0013982776181364898
516.0 0.0010635431863192935
517.0 0.0009757947736943606
518.0 0.0008880461791704874
519.0 0.0010310545803804416
520.0 0.001174062617792515
521.0 0.001612923551874701
522.0 0.0020517843950074166
523.0 0.0014040655514691025
524.0 0.0007563468443549937
525.0 0.0007511588137276703
526.0 0.0007459709195245523
527.0 0.0011395704859751277
528.0 0.0015331703252741136
529.0 0.0012948094081366435
530.0 0.0010564479453023523
531.0 0.001166446236311458
532.0 0.0012764445273205638
533.0 0.0009634023626858834
534.0 0.0006503602890006732
535.0 0.0012139770660724025
536.0 0.001777593934093602
537.0 0.0017810503777582198
538.0 0.001784507003321778
539.0 0.0013290855349623598
540.0 0.0008736637028050609
541.0 0.0008809169230517
542.0 0.0008881701432983391
543.0 0.0012749760571750812
544.0 0.0016617819710518233
545.0 0.0010732472219388
546.0 0.0004847127456741873
547.0 0.0011797004844993353
548.0 0.0018746879504760727
549.0 0.001755623088683933
550.0 0.001636558044992853
551.0 0.0016459605831187218
552.0 0.0016553631212445907
553.0 0.0013202510672272183
554.0 0.0009851384675130248
555.0 0.0009449953722651117
556.0 0.0009048523679666687
557.0 0.001321188665315276
558.0 0.0017375250536133535
559.0 0.0017962562196771614
560.0 0.001854986658145208
561.0 0.0016434574718005024
562.0 0.0014319281035568565
563.0 0.0012089042684237938
564.0 0.0009858805242402013
565.0 0.001843795871536713
566.0 0.0027017116735805757
567.0 0.003022207965841517
568.0 0.0033427040762035176
569.0 0.002955595664388966
570.0 0.0025684874344733544
571.0 0.0024737177227507345
572.0 0.0023789472834323533
573.0 0.0019492683350108564
574.0 0.0015195895684882998
575.0 0.0019974582755821757
576.0 0.002475326618878171
577.0 0.0020512830815277994
578.0 0.001627240089874249
579.0 0.0017373547962051816
580.0 0.001847469320637174
581.0 0.0016293353837681934
582.0 0.0014112010831013322
583.0 0.001880402851384133
584.0 0.0023496048015658744
585.0 0.0025664074200903997
586.0 0.0027832102205138654
587.0 0.0022571881345356815
588.0 0.0017311658666585572
589.0 0.0022872831323184073
590.0 0.0028434003979782574
591.0 0.0019228533346904442
592.0 0.0010023061804531608
593.0 0.000807206924946513
594.0 0.00061210753301566
595.0 0.0010548586033110041
596.0 0.0014976096281316131
597.0 0.0013679771655006334
598.0 0.0012383447028696537
599.0 0.0008795033863862045
600.0 0.0005206621608522255
601.0 0.00047749749683134723
602.0 0.0004343327418609988
603.0 0.000999307303573005
604.0 0.0015642814105376601
605.0 0.0009456432053411845
606.0 0.0003270047045589308
607.0 0.0007590555469505489
608.0 0.0011911063666047994
609.0 0.0011800510037573986
610.0 0.0011689953680615872
611.0 0.0010199872122029774
612.0 0.0008709788744454272
613.0 0.0008278734640043695
614.0 0.0007847680535633117
615.0 0.001270549910259433
616.0 0.0017563321307534352
617.0 0.0022220159735297784
618.0 0.0026876998163061216
619.0 0.002251412115583662
620.0 0.0018151240510633215
621.0 0.001550648630654905
622.0 0.001286172937398078
623.0 0.0016139045328600332
624.0 0.001941635855473578
625.0 0.001729183532006573
626.0 0.0015167311175900977
627.0 0.0019422743207542226
628.0 0.0023678179786656983
629.0 0.002174126166210044
630.0 0.0019804341718554497
631.0 0.0017747910533216782
632.0 0.001569147570990026
633.0 0.0019231829355703667
634.0 0.0022772184820496477
635.0 0.0052779079851461574
636.0 0.008278596214950085
637.0 0.015650915156584233
638.0 0.023023237008601427
639.0 0.019941786013077945
640.0 0.016860335017554462
641.0 0.014594043022952974
642.0 0.012327755393926054
643.0 0.009858499834081158
644.0 0.0073892471846193075
645.0 0.006654870958300307
646.0 0.005920495823374949
647.0 0.00544907852599863
648.0 0.004977660864824429
649.0 0.00410899992857594
650.0 0.003240340083721094
651.0 0.003634905442595482
652.0 0.004029471165267751
653.0 0.0032436240871902555
654.0 0.00245777682721382
655.0 0.0027652766220853664
656.0 0.003072776962653734
657.0 0.002971247704408597
658.0 0.00286971808236558
659.0 0.002687495361897163
660.0 0.0025052728233276866
661.0 0.0026968007659888826
662.0 0.002888328344852198
663.0 0.0019753149899770506
664.0 0.001062301544152433
665.0 0.0015484865798498504
666.0 0.0020346718883956783
667.0 0.0023340238840319216
668.0 0.0026333760615671054
669.0 0.001988533404073678
670.0 0.001343690928479191
671.0 0.0009987617886508815
672.0 0.0006538326942973072
673.0 0.0013231229786470067
674.0 0.0019924134903703816
675.0 0.0020943805793649517
676.0 0.0021963474864605814
677.0 0.0019118853742838837
678.0 0.001627422716410365
679.0 0.0013828350347466767
680.0 0.0011382468983356375
681.0 0.001185638757306151
682.0 0.0012330303434282541
683.0 0.002350270369788632
684.0 0.00346751075994689
685.0 0.0028652139008045197
686.0 0.00226291758735897
687.0 0.001679723573033698
688.0 0.0010965294677589554
689.0 0.0014955551705497783
690.0 0.001894580782391131
691.0 0.002202596078859642
692.0 0.002510611193429213
693.0 0.002895308534789365
694.0 0.003280006058048457
695.0 0.003383341754670255
696.0 0.003486677087494172
697.0 0.00377144715457689
698.0 0.004056217585457489
699.0 0.005934942601015791
700.0 0.007813667616574094
701.0 0.0072675982664804906
702.0 0.006721528188791126
703.0 0.006215452594915405
704.0 0.005709376273443922
705.0 0.005103799048811197
706.0 0.004498221824178472
707.0 0.004262904258212075
708.0 0.004027585964649916
709.0 0.004188048478681594
710.0 0.004348510628915392
711.0 0.0038628499169135466
712.0 0.0033771892049117014
713.0 0.002399902768956963
714.0 0.0014226163330022246
715.0 0.002173661414417438
716.0 0.002924706677731592
717.0 0.002481790397723671
718.0 0.002038873572018929
719.0 0.0016160716768354177
720.0 0.0011932691450056154
721.0 0.0011541526873770636
722.0 0.0011150357750011608
723.0 0.0009779406354937237
724.0 0.0008408454959862866
725.0 0.0012513667570601683
726.0 0.0016618882000329904
727.0 0.001752667230903171
728.0 0.0018434458979754709
729.0 0.0018181577615905553
730.0 0.0017928694433066994
731.0 0.001331511521129869
732.0 0.0008701536899025086
733.0 0.0009116553883359302
734.0 0.0009531570867693517
735.0 0.0010295761057932395
736.0 0.0011059950338676572
737.0 0.0012842022442782763
738.0 0.0014624092727899551
739.0 0.0011357937182765454
740.0 0.0008091778909147251
741.0 0.0009974173735827208
742.0 0.0011856565834023058
743.0 0.0015969550076988526
744.0 0.002008253250096459
745.0 0.00132680797833018
746.0 0.0006453627520386362
747.0 0.0012040051842632238
748.0 0.0017626478438614868
749.0 0.002379415491304826
750.0 0.002996183502546046
751.0 0.0029980212275404483
752.0 0.0029998593163327314
753.0 0.002956138450826984
754.0 0.0029124175853212364
755.0 0.0019267166862846352
756.0 0.0009410156053490937
757.0 0.0019028182578040287
758.0 0.0028646207283600233
759.0 0.0027099713406641968
760.0 0.0025553215891704895
761.0 0.004506365075940266
762.0 0.0064574072894174606
763.0 0.005856214193045162
764.0 0.005255020005279221
765.0 0.005309072366799228
766.0 0.005363125819712877
767.0 0.004590423486661166
768.0 0.003817720789811574
769.0 0.00336641569447238
770.0 0.0029151113267289475
771.0 0.0038869813579367474
772.0 0.004858851752942428
773.0 0.0040471615648129955
774.0 0.003235471376683563
775.0 2.695490532167444e-10
776.0 0.014661194290965796
777.0 2.695490532167444e-10
778.0 2.695490532167444e-10
779.0 0.06391027709469199
780.0 2.695490532167444e-10
781.0 0.07146080024540424
782.0 2.695490532167444e-10
783.0 0.023032992612570524
784.0 2.695490532167444e-10
785.0 0.02200012095272541
786.0 0.06071744719520211
787.0 0.01963559043360874
788.0 0.028313035727478564
789.0 0.07018447504378855
790.0 0.09782700799405575
791.0 0.0974017137195915
792.0 2.695490532167444e-10
793.0 0.03777954261749983
794.0 0.08812032174319029
795.0 0.15497618587687612
796.0 0.15741244424134493
797.0 0.0033437714591855183
798.0 0.2619202481582761
799.0 0.406847707927227
800.0 0.5526302848011255
801.0 0.913042388856411
802.0 1.5744348987936974
803.0 2.399924024939537
804.0 4.019787162542343
805.0 5.858253687620163
806.0 7.756902277469635
807.0 10.667053610086441
808.0 13.634954392910004
809.0 17.015227675437927
810.0 20.341897010803223
811.0 23.88562262058258
812.0 27.67195999622345
813.0 32.088056206703186
814.0 37.196436524391174
815.0 42.848002910614014
816.0 49.32180941104889
817.0 56.110697984695435
818.0 63.4709894657135
819.0 70.0386106967926
820.0 77.47616767883301
821.0 83.56359601020813
822.0 88.09450268745422
823.0 91.60067439079285
824.0 94.55906748771667
825.0 96.91962003707886
826.0 97.58375883102417
827.0 97.89640307426453
828.0 99.3105411529541
829.0 98.86515140533447
830.0 98.33405613899231
831.0 99.22112226486206
832.0 98.56611490249634
833.0 99.72081780433655
834.0 98.20120334625244
835.0 99.03309345245361
836.0 98.74446392059326
837.0 98.68329167366028
838.0 97.596675157547
839.0 97.71674871444702
840.0 98.49829077720642
841.0 98.57329726219177
842.0 99.12097454071045
843.0 99.21579360961914
844.0 97.89034128189087
845.0 98.24509024620056
846.0 98.82891178131104
847.0 98.72894883155823
848.0 100.0669002532959
849.0 99.24535155296326
850.0 98.49250316619873
851.0 98.8968551158905
852.0 99.13807511329651
853.0 98.46291542053223
854.0 99.71205592155457
855.0 98.35227131843567
856.0 98.4850287437439
857.0 97.502201795578
858.0 98.63448143005371
859.0 99.14719462394714
860.0 98.73363971710205
861.0 98.6553966999054
862.0 98.5464334487915
863.0 98.3996570110321
864.0 99.02464151382446
865.0 99.30605888366699
866.0 98.66023659706116
867.0 99.52500462532043
868.0 99.43256378173828
869.0 98.66147041320801
870.0 98.27784895896912
871.0 98.98678660392761
872.0 99.12105798721313
873.0 99.18333888053894
874.0 99.4780421257019
875.0 98.7256407737732
876.0 99.30692911148071
877.0 99.43612813949585
878.0 98.8811731338501
879.0 98.62836003303528
880.0 98.59288334846497
881.0 99.89827871322632
882.0 98.41228723526001
883.0 98.74695539474487
884.0 99.17935132980347
885.0 99.05778169631958
886.0 98.96242618560791
887.0 98.47620129585266
888.0 99.26404356956482
889.0 99.61837530136108
890.0 98.1631338596344
891.0 99.23151135444641
892.0 98.75227212905884
893.0 98.33931922912598
894.0 98.15571308135986
895.0 99.4461715221405
896.0 98.90894293785095
