lsstcam/qe_curves/r24_s21/19700101T000000.ecsv
# %ECSV 0.9
# ---
# datatype:
# - {name: amp_name, datatype: string}
# - {name: wavelength, unit: nm, datatype: float32}
# - {name: efficiency, unit: '%', datatype: float32}
# meta: !!omap
# - {MODE: AMP}
# - {TYPE: QE}
# - {CALIBDATE: '1970-01-01T00:00:00'}
# - {INSTRUME: LSSTCAM}
# - {OBSTYPE: qe_curves}
# - {DETECTOR: 115}
# - {PICKLEFILE: RaftRun11952.p}
# - {CALIB_ID: 'raftName=R24 detectorName=S21 detector=115 calibDate=1970-01-01T00:00:00 ccd=115 ccdnum=115 filter=None'}
# - {DATE: '2020-01-23T15:18:31.579661'}
# - {CALIB_CREATION_DATE: '2020-01-23'}
# - {CALIB_CREATION_TIME: '15:18:31'}
# - __serialized_columns__:
#     efficiency:
#       __class__: astropy.units.quantity.Quantity
#       unit: !astropy.units.Unit {unit: '%'}
#       value: !astropy.table.SerializedColumn {name: efficiency}
#     wavelength:
#       __class__: astropy.units.quantity.Quantity
#       unit: !astropy.units.Unit {unit: nm}
#       value: !astropy.table.SerializedColumn {name: wavelength}
# schema: astropy-2.0
amp_name wavelength efficiency
C05 319.994 42.16641
C05 324.969 47.546505
C05 349.982 71.33664
C05 374.975 77.37145
C05 400.019 85.15677
C05 424.965 86.4294
C05 450.035 88.41628
C05 475.003 91.505646
C05 500.018 92.725395
C05 525.002 95.18076
C05 550.029 97.311775
C05 575.023 97.33901
C05 599.982 99.1482
C05 619.997 98.759865
C05 624.979 99.10737
C05 650.012 99.50952
C05 675.004 99.24173
C05 700.03 98.78769
C05 725.012 98.81418
C05 750.022 99.18776
C05 774.987 99.25892
C05 799.976 98.56131
C05 824.988 96.76329
C05 850.022 94.709145
C05 869.967 91.478134
C05 875.002 90.74034
C05 899.999 83.1674
C05 919.999 74.27567
C05 925.012 71.43715
C05 949.965 58.24058
C05 975.002 42.844135
C05 999.976 26.228146
C05 1025.028 11.243027
C05 1050.014 3.9702218
C05 1075.002 2.1648993
C05 1099.99 1.7195842
C07 319.994 42.032276
C07 324.969 47.397297
C07 349.982 71.09828
C07 374.975 77.14655
C07 400.019 85.01843
C07 424.965 86.33432
C07 450.035 88.34736
C07 475.003 91.44974
C07 500.018 92.68212
C07 525.002 95.14363
C07 550.029 97.28497
C07 575.023 97.313416
C07 599.982 99.12448
C07 619.997 98.73654
C07 624.979 99.08399
C07 650.012 99.48669
C07 675.004 99.22176
C07 700.03 98.77485
C07 725.012 98.83123
C07 750.022 99.24707
C07 774.987 99.35033
C07 799.976 98.67073
C07 824.988 96.860245
C07 850.022 94.785194
C07 869.967 91.62123
C07 875.002 90.87754
C07 899.999 83.146034
C07 919.999 74.20372
C07 925.012 71.39117
C07 949.965 58.46383
C07 975.002 42.96273
C07 999.976 26.275484
C07 1025.028 11.261162
C07 1050.014 4.002805
C07 1075.002 2.1858685
C07 1099.99 1.7228856
C02 319.994 42.477634
C02 324.969 47.89478
C02 349.982 71.722496
C02 374.975 77.59926
C02 400.019 85.318665
C02 424.965 86.57241
C02 450.035 88.5606
C02 475.003 91.65272
C02 500.018 92.87329
C02 525.002 95.32692
C02 550.029 97.45569
C02 575.023 97.473595
C02 599.982 99.27382
C02 619.997 98.87917
C02 624.979 99.22314
C02 650.012 99.619095
C02 675.004 99.33852
C02 700.03 98.871635
C02 725.012 98.874466
C02 750.022 99.224075
C02 774.987 99.26685
C02 799.976 98.56603
C02 824.988 96.785614
C02 850.022 94.73399
C02 869.967 91.52143
C02 875.002 90.77705
C02 899.999 83.41611
C02 919.999 74.66978
C02 925.012 71.621056
C02 949.965 58.272133
C02 975.002 43.094334
C02 999.976 26.217407
C02 1025.028 11.239732
C02 1050.014 3.9831467
C02 1075.002 2.169406
C02 1099.99 1.7187431
C11 319.994 42.18237
C11 324.969 47.573456
C11 349.982 71.631065
C11 374.975 77.88318
C11 400.019 85.54993
C11 424.965 86.72754
C11 450.035 88.66037
C11 475.003 91.71931
C11 500.018 92.92158
C11 525.002 95.37236
C11 550.029 97.50685
C11 575.023 97.53879
C11 599.982 99.3581
C11 619.997 98.97704
C11 624.979 99.32653
C11 650.012 99.740585
C11 675.004 99.46728
C11 700.03 98.94278
C11 725.012 98.746765
C11 750.022 98.82503
C11 774.987 98.580795
C11 799.976 97.75625
C11 824.988 95.98882
C11 850.022 93.73421
C11 869.967 90.63684
C11 875.002 89.9826
C11 899.999 82.55827
C11 919.999 73.678825
C11 925.012 70.86976
C11 949.965 57.946266
C11 975.002 42.56855
C11 999.976 25.961426
C11 1025.028 11.111043
C11 1050.014 3.923121
C11 1075.002 2.1447158
C11 1099.99 1.6964453
C14 319.994 42.185467
C14 324.969 47.57684
C14 349.982 71.59279
C14 374.975 77.75652
C14 400.019 85.40451
C14 424.965 86.58566
C14 450.035 88.52238
C14 475.003 91.580734
C14 500.018 92.782074
C14 525.002 95.233025
C14 550.029 97.36301
C14 575.023 97.39628
C14 599.982 99.20806
C14 619.997 98.82484
C14 624.979 99.17407
C14 650.012 99.5864
C14 675.004 99.308975
C14 700.03 98.774254
C14 725.012 98.54624
C14 750.022 98.583405
C14 774.987 98.30657
C14 799.976 97.47747
C14 824.988 95.72402
C14 850.022 93.57221
C14 869.967 90.41151
C14 875.002 89.666534
C14 899.999 82.46865
C14 919.999 73.95133
C14 925.012 71.14319
C14 949.965 57.993763
C14 975.002 42.32867
C14 999.976 25.905088
C14 1025.028 11.090055
C14 1050.014 3.9087882
C14 1075.002 2.1230314
C14 1099.99 1.6924275
C10 319.994 42.176792
C10 324.969 47.562466
C10 349.982 71.473335
C10 374.975 77.62166
C10 400.019 85.34099
C10 424.965 86.56611
C10 450.035 88.52607
C10 475.003 91.59591
C10 500.018 92.80865
C10 525.002 95.263336
C10 550.029 97.395454
C10 575.023 97.42224
C10 599.982 99.230446
C10 619.997 98.84588
C10 624.979 99.18915
C10 650.012 99.59817
C10 675.004 99.31582
C10 700.03 98.79076
C10 725.012 98.603745
C10 750.022 98.704056
C10 774.987 98.479645
C10 799.976 97.66064
C10 824.988 95.873825
C10 850.022 93.60047
C10 869.967 90.48428
C10 875.002 89.82952
C10 899.999 82.32117
C10 919.999 73.41574
C10 925.012 70.602554
C10 949.965 57.740223
C10 975.002 42.45673
C10 999.976 25.89027
C10 1025.028 11.090015
C10 1050.014 3.9206645
C10 1075.002 2.1395037
C10 1099.99 1.6897023
C04 319.994 42.103527
C04 324.969 47.478413
C04 349.982 71.22071
C04 374.975 77.24095
C04 400.019 85.052025
C04 424.965 86.33857
C04 450.035 88.33493
C04 475.003 91.424194
C04 500.018 92.64802
C04 525.002 95.10568
C04 550.029 97.23347
C04 575.023 97.26238
C04 599.982 99.067924
C04 619.997 98.68021
C04 624.979 99.02838
C04 650.012 99.43164
C04 675.004 99.16167
C04 700.03 98.70215
C04 725.012 98.72001
C04 750.022 99.08316
C04 774.987 99.140274
C04 799.976 98.44192
C04 824.988 96.6521
C04 850.022 94.60743
C04 869.967 91.38099
C04 875.002 90.63228
C04 899.999 83.12653
C04 919.999 74.28115
C04 925.012 71.4238
C04 949.965 58.2745
C04 975.002 42.774456
C04 999.976 26.189966
C04 1025.028 11.226282
C04 1050.014 3.965848
C04 1075.002 2.1627502
C04 1099.99 1.7165443
C06 319.994 42.077877
C06 324.969 47.449646
C06 349.982 71.2709
C06 374.975 77.35074
C06 400.019 85.1038
C06 424.965 86.357124
C06 450.035 88.331894
C06 475.003 91.41123
C06 500.018 92.62993
C06 525.002 95.08505
C06 550.029 97.216545
C06 575.023 97.247604
C06 599.982 99.06341
C06 619.997 98.6772
C06 624.979 99.025406
C06 650.012 99.435646
C06 675.004 99.17098
C06 700.03 98.72802
C06 725.012 98.76868
C06 750.022 99.167885
C06 774.987 99.25386
C06 799.976 98.56614
C06 824.988 96.76428
C06 850.022 94.69988
C06 869.967 91.4993
C06 875.002 90.75741
C06 899.999 83.10354
C06 919.999 74.217255
C06 925.012 71.39215
C06 949.965 58.341225
C06 975.002 42.901398
C06 999.976 26.22094
C06 1025.028 11.226103
C06 1050.014 3.9807415
C06 1075.002 2.1720984
C06 1099.99 1.7211041
C03 319.994 42.23952
C03 324.969 47.6289
C03 349.982 71.381454
C03 374.975 77.33836
C03 400.019 85.130196
C03 424.965 86.413925
C03 450.035 88.40865
C03 475.003 91.503395
C03 500.018 92.72699
C03 525.002 95.186325
C03 550.029 97.3156
C03 575.023 97.33622
C03 599.982 99.141045
C03 619.997 98.75101
C03 624.979 99.09567
C03 650.012 99.49524
C03 675.004 99.22002
C03 700.03 98.76034
C03 725.012 98.766685
C03 750.022 99.12075
C03 774.987 99.171906
C03 799.976 98.47113
C03 824.988 96.684685
C03 850.022 94.64837
C03 869.967 91.42196
C03 875.002 90.68739
C03 899.999 83.18726
C03 919.999 74.36295
C03 925.012 71.54307
C03 949.965 58.242516
C03 975.002 42.874306
C03 999.976 26.270784
C03 1025.028 11.232744
C03 1050.014 3.9680276
C03 1075.002 2.1640906
C03 1099.99 1.7172691
C17 319.994 42.63233
C17 324.969 48.08091
C17 349.982 72.11601
C17 374.975 78.02559
C17 400.019 85.66423
C17 424.965 86.86823
C17 450.035 88.83261
C17 475.003 91.919754
C17 500.018 93.13582
C17 525.002 95.592285
C17 550.029 97.73004
C17 575.023 97.74932
C17 599.982 99.55913
C17 619.997 99.16433
C17 624.979 99.51067
C17 650.012 99.90805
C17 675.004 99.62163
C17 700.03 99.07682
C17 725.012 98.85279
C17 750.022 98.9036
C17 774.987 98.64159
C17 799.976 97.81622
C17 824.988 96.07387
C17 850.022 93.96126
C17 869.967 90.677444
C17 875.002 89.954185
C17 899.999 83.0448
C17 919.999 74.4276
C17 925.012 71.53061
C17 949.965 57.8936
C17 975.002 42.521053
C17 999.976 26.023369
C17 1025.028 11.203723
C17 1050.014 3.9448078
C17 1075.002 2.1440518
C17 1099.99 1.695013
C00 319.994 42.415417
C00 324.969 47.827465
C00 349.982 71.60465
C00 374.975 77.44212
C00 400.019 85.13593
C00 424.965 86.38131
C00 450.035 88.36142
C00 475.003 91.4455
C00 500.018 92.66254
C00 525.002 95.11365
C00 550.029 97.234764
C00 575.023 97.25244
C00 599.982 99.04785
C00 619.997 98.6499
C00 624.979 98.99256
C00 650.012 99.38668
C00 675.004 99.107544
C00 700.03 98.64027
C00 725.012 98.64371
C00 750.022 98.99632
C00 774.987 99.05537
C00 799.976 98.36252
C00 824.988 96.609
C00 850.022 94.5436
C00 869.967 91.405
C00 875.002 90.71826
C00 899.999 83.48642
C00 919.999 74.42064
C00 925.012 71.38079
C00 949.965 58.183586
C00 975.002 42.930332
C00 999.976 26.302168
C00 1025.028 11.324081
C00 1050.014 3.9774954
C00 1075.002 2.1701381
C00 1099.99 1.7135869
C16 319.994 42.482956
C16 324.969 47.91316
C16 349.982 71.93353
C16 374.975 77.90599
C16 400.019 85.5102
C16 424.965 86.694244
C16 450.035 88.638565
C16 475.003 91.706604
C16 500.018 92.91393
C16 525.002 95.36525
C16 550.029 97.49163
C16 575.023 97.51757
C16 599.982 99.32393
C16 619.997 98.9333
C16 624.979 99.28071
C16 650.012 99.68074
C16 675.004 99.39625
C16 700.03 98.85414
C16 725.012 98.62519
C16 750.022 98.6615
C16 774.987 98.38866
C16 799.976 97.55857
C16 824.988 95.81065
C16 850.022 93.694595
C16 869.967 90.41329
C16 875.002 89.67253
C16 899.999 82.69047
C16 919.999 74.15109
C16 925.012 71.31081
C16 949.965 57.82417
C16 975.002 42.318783
C16 999.976 25.903032
C16 1025.028 11.117547
C16 1050.014 3.9136374
C16 1075.002 2.1309536
C16 1099.99 1.6929743
C15 319.994 42.44196
C15 324.969 47.866787
C15 349.982 71.98534
C15 374.975 78.07639
C15 400.019 85.67994
C15 424.965 86.840546
C15 450.035 88.77026
C15 475.003 91.83311
C15 500.018 93.03765
C15 525.002 95.48955
C15 550.029 97.62732
C15 575.023 97.65489
C15 599.982 99.47262
C15 619.997 99.08897
C15 624.979 99.43619
C15 650.012 99.84424
C15 675.004 99.56711
C15 700.03 99.02917
C15 725.012 98.80035
C15 750.022 98.83921
C15 774.987 98.558525
C15 799.976 97.72816
C15 824.988 95.97109
C15 850.022 93.83734
C15 869.967 90.62889
C15 875.002 89.88303
C15 899.999 82.73303
C15 919.999 74.17018
C15 925.012 71.33758
C15 949.965 58.023155
C15 975.002 42.348904
C15 999.976 25.952034
C15 1025.028 11.12647
C15 1050.014 3.9200916
C15 1075.002 2.1332889
C15 1099.99 1.6955982
C13 319.994 42.26408
C13 324.969 47.666836
C13 349.982 71.75254
C13 374.975 77.97007
C13 400.019 85.63562
C13 424.965 86.815605
C13 450.035 88.74815
C13 475.003 91.81473
C13 500.018 93.01603
C13 525.002 95.47206
C13 550.029 97.6065
C13 575.023 97.641205
C13 599.982 99.46287
C13 619.997 99.07994
C13 624.979 99.427185
C13 650.012 99.84107
C13 675.004 99.568726
C13 700.03 99.03273
C13 725.012 98.80803
C13 750.022 98.85354
C13 774.987 98.57703
C13 799.976 97.74881
C13 824.988 95.99026
C13 850.022 93.83173
C13 869.967 90.67931
C13 875.002 89.94823
C13 899.999 82.66976
C13 919.999 74.13969
C13 925.012 71.35385
C13 949.965 58.21476
C13 975.002 42.49739
C13 999.976 25.977125
C13 1025.028 11.127055
C13 1050.014 3.9268572
C13 1075.002 2.1379704
C13 1099.99 1.6983516
C12 319.994 42.249336
C12 324.969 47.645996
C12 349.982 71.71953
C12 374.975 77.9486
C12 400.019 85.58956
C12 424.965 86.75568
C12 450.035 88.68278
C12 475.003 91.73662
C12 500.018 92.93608
C12 525.002 95.388466
C12 550.029 97.52052
C12 575.023 97.55287
C12 599.982 99.370255
C12 619.997 98.98916
C12 624.979 99.33865
C12 650.012 99.75034
C12 675.004 99.48007
C12 700.03 98.95022
C12 725.012 98.73397
C12 750.022 98.79185
C12 774.987 98.53049
C12 799.976 97.70888
C12 824.988 95.945274
C12 850.022 93.742226
C12 869.967 90.65129
C12 875.002 89.97043
C12 899.999 82.57625
C12 919.999 73.8725
C12 925.012 71.07745
C12 949.965 58.130356
C12 975.002 42.59447
C12 999.976 26.001873
C12 1025.028 11.119917
C12 1050.014 3.9239447
C12 1075.002 2.1438365
C12 1099.99 1.6986455
C01 319.994 42.507526
C01 324.969 47.929615
C01 349.982 71.74935
C01 374.975 77.6079
C01 400.019 85.332405
C01 424.965 86.58905
C01 450.035 88.5795
C01 475.003 91.67434
C01 500.018 92.890976
C01 525.002 95.346
C01 550.029 97.47536
C01 575.023 97.48988
C01 599.982 99.287796
C01 619.997 98.893845
C01 624.979 99.23521
C01 650.012 99.62866
C01 675.004 99.35007
C01 700.03 98.881935
C01 725.012 98.8824
C01 750.022 99.231995
C01 774.987 99.28079
C01 799.976 98.58242
C01 824.988 96.818306
C01 850.022 94.77458
C01 869.967 91.55878
C01 875.002 90.80279
C01 899.999 83.56056
C01 919.999 74.541084
C01 925.012 71.52523
C01 949.965 58.37788
C01 975.002 42.886086
C01 999.976 26.312487
C01 1025.028 11.301791
C01 1050.014 3.9804878
C01 1075.002 2.172682
C01 1099.99 1.7188272
