lsstCam/transmission_filter_detector/r10_s00/u_24/19700101T000000.ecsv
# %ECSV 1.0
# ---
# datatype:
# - {name: wavelength, unit: nm, datatype: float32}
# - {name: efficiency, unit: '%', datatype: float64}
# meta: !!omap
# - {MODE: DETECTOR}
# - {TYPE: transmission_filter_detector}
# - {CALIBDATE: '1970-01-01T00:00:00'}
# - {INSTRUME: LSSTCam}
# - {OBSTYPE: transmission_filter_detector}
# - {CALIBCLS: lsst.ip.isr.IntermediateFilterDetectorTransmissionCurve}
# - {SOURCE: Materion (DM-46256)}
# - {DETECTOR: 27}
# - {FILTER: u_24}
# - {CALIB_ID: 'calibDate=1970-01-01T00:00:00 filter=u_24 detector=27'}
# - {DATE: '2025-04-02T15:59:39.873784'}
# - {CALIB_CREATION_DATE: '2025-04-02'}
# - {CALIB_CREATION_TIME: '15:59:39'}
# - __serialized_columns__:
#     efficiency:
#       __class__: astropy.units.quantity.Quantity
#       unit: !astropy.units.Unit {unit: '%'}
#       value: !astropy.table.SerializedColumn {name: efficiency}
#     wavelength:
#       __class__: astropy.units.quantity.Quantity
#       unit: !astropy.units.Unit {unit: nm}
#       value: !astropy.table.SerializedColumn {name: wavelength}
# schema: astropy-2.0
wavelength efficiency
295.0 2.683987363957807e-10
296.0 2.683987363957807e-10
297.0 2.683987363957807e-10
298.0 2.683987363957807e-10
299.0 2.683987363957807e-10
300.0 2.683987363957807e-10
301.0 2.683987363957807e-10
302.0 2.683987363957807e-10
303.0 2.683987363957807e-10
304.0 0.4130097106099129
305.0 1.796238124370575
306.0 3.1605709344148636
307.0 5.573206394910812
308.0 8.732517063617706
309.0 12.498724460601807
310.0 16.54694974422455
311.0 20.344386994838715
312.0 23.92096519470215
313.0 26.63750946521759
314.0 29.11548614501953
315.0 31.424957513809204
316.0 34.34578478336334
317.0 37.75070309638977
318.0 42.08163619041443
319.0 47.47262895107269
320.0 53.927212953567505
321.0 59.56794619560242
322.0 65.17910361289978
323.0 69.1756546497345
324.0 72.45001196861267
325.0 74.77083802223206
326.0 76.75414085388184
327.0 78.31969261169434
328.0 79.96690273284912
329.0 81.13770484924316
330.0 81.89125061035156
331.0 82.17859864234924
332.0 82.31881260871887
333.0 82.5610101222992
334.0 82.62344598770142
335.0 83.07476043701172
336.0 83.82282853126526
337.0 84.43481922149658
338.0 85.32496690750122
339.0 85.80415844917297
340.0 85.97725033760071
341.0 86.25482320785522
342.0 86.56076788902283
343.0 86.5532636642456
344.0 86.82664036750793
345.0 87.32897639274597
346.0 87.72091269493103
347.0 88.09852600097656
348.0 88.2497787475586
349.0 88.44371438026428
350.0 88.40319514274597
351.0 88.53263258934021
352.0 88.53980302810669
353.0 88.48864436149597
354.0 88.47521543502808
355.0 88.54792714118958
356.0 88.52580189704895
357.0 88.18685412406921
358.0 87.74287700653076
359.0 87.43593692779541
360.0 87.32679486274719
361.0 87.11931705474854
362.0 87.09405660629272
363.0 87.44798302650452
364.0 87.78830170631409
365.0 88.23022842407227
366.0 88.51808905601501
367.0 88.51573467254639
368.0 88.55631351470947
369.0 88.66336941719055
370.0 88.71583342552185
371.0 88.62378001213074
372.0 88.81319761276245
373.0 89.14393186569214
374.0 89.19305205345154
375.0 89.57089185714722
376.0 89.91619348526001
377.0 90.01675248146057
378.0 89.85541462898254
379.0 89.1175389289856
380.0 87.88354396820068
381.0 86.00972294807434
382.0 83.96870493888855
383.0 81.91360831260681
384.0 79.77020144462585
385.0 77.09330916404724
386.0 74.0694522857666
387.0 69.86529231071472
388.0 65.58673977851868
389.0 60.73087453842163
390.0 56.44250512123108
391.0 52.34665870666504
392.0 48.36141765117645
393.0 44.90131139755249
394.0 41.07221961021423
395.0 36.22591197490692
396.0 30.460619926452637
397.0 23.021267354488373
398.0 15.87245911359787
399.0 9.477030485868454
400.0 4.562342166900635
401.0 1.6877248883247375
402.0 0.5596380680799484
403.0 0.20363323856145144
404.0 0.08315290324389935
405.0 0.028914446011185646
406.0 2.683987363957807e-10
407.0 0.009227197006111965
408.0 2.683987363957807e-10
409.0 2.683987363957807e-10
410.0 2.683987363957807e-10
411.0 2.683987363957807e-10
412.0 2.683987363957807e-10
413.0 2.683987363957807e-10
414.0 2.683987363957807e-10
415.0 2.683987363957807e-10
416.0 2.683987363957807e-10
417.0 2.683987363957807e-10
418.0 2.683987363957807e-10
419.0 2.683987363957807e-10
420.0 2.683987363957807e-10
421.0 2.683987363957807e-10
422.0 2.683987363957807e-10
423.0 2.683987363957807e-10
424.0 2.683987363957807e-10
425.0 2.683987363957807e-10
426.0 2.683987363957807e-10
427.0 2.683987363957807e-10
428.0 2.683987363957807e-10
429.0 0.0007615215963596711
430.0 0.002074404983432032
431.0 0.0014978295439505018
432.0 0.0009212542863679118
433.0 0.0008796863767202012
434.0 0.0008381190127693117
435.0 0.0006320758984657004
436.0 0.0004260336027073208
437.0 2.683987363957807e-10
438.0 2.683987363957807e-10
439.0 2.683987363957807e-10
440.0 0.00117183881229721
441.0 2.683987363957807e-10
442.0 2.683987363957807e-10
443.0 2.683987363957807e-10
444.0 2.683987363957807e-10
445.0 2.683987363957807e-10
446.0 0.0001882323431345867
447.0 0.0002546578343753936
448.0 0.000321083598464611
449.0 0.0009210044481733348
450.0 0.0015209251614578534
451.0 0.00043113955143780913
452.0 2.683987363957807e-10
453.0 2.683987363957807e-10
454.0 2.683987363957807e-10
455.0 2.683987363957807e-10
456.0 2.683987363957807e-10
457.0 2.683987363957807e-10
458.0 0.0006905841928528389
459.0 2.683987363957807e-10
460.0 2.683987363957807e-10
461.0 2.683987363957807e-10
462.0 2.683987363957807e-10
463.0 2.683987363957807e-10
464.0 2.683987363957807e-10
465.0 2.683987363957807e-10
466.0 2.683987363957807e-10
467.0 2.683987363957807e-10
468.0 2.683987363957807e-10
469.0 2.683987363957807e-10
470.0 0.000443530234406353
471.0 0.0001069720383384265
472.0 2.683987363957807e-10
473.0 2.683987363957807e-10
474.0 2.683987363957807e-10
475.0 2.683987363957807e-10
476.0 0.0002560894017733517
477.0 0.00010472246003701002
478.0 2.683987363957807e-10
479.0 2.683987363957807e-10
480.0 2.683987363957807e-10
481.0 0.00020996196781197796
482.0 0.0012158187928434927
483.0 0.0007598324373248033
484.0 0.00030384592264454113
485.0 2.683987363957807e-10
486.0 2.683987363957807e-10
487.0 2.683987363957807e-10
488.0 2.683987363957807e-10
489.0 2.683987363957807e-10
490.0 2.683987363957807e-10
491.0 2.683987363957807e-10
492.0 2.683987363957807e-10
493.0 2.683987363957807e-10
494.0 2.683987363957807e-10
495.0 2.683987363957807e-10
496.0 9.278767976184099e-06
497.0 5.058961960457964e-05
498.0 9.190010246129532e-05
499.0 1.9098939674222493e-05
500.0 2.683987363957807e-10
501.0 0.0001513353709015064
502.0 0.00035637287965073483
503.0 2.683987363957807e-10
504.0 2.683987363957807e-10
505.0 2.683987363957807e-10
506.0 0.00023307213723455789
507.0 2.683987363957807e-10
508.0 2.683987363957807e-10
509.0 2.683987363957807e-10
510.0 2.683987363957807e-10
511.0 6.594368642254267e-05
512.0 0.0007943997843540274
513.0 0.0006203783868841128
514.0 0.00044635680751525797
515.0 0.0004365645054349443
516.0 0.0004267722033546306
517.0 2.683987363957807e-10
518.0 2.683987363957807e-10
519.0 2.683987363957807e-10
520.0 0.00020268839762138668
521.0 0.0005105649506731424
522.0 0.0008184415491996333
523.0 0.00024365501758438768
524.0 2.683987363957807e-10
525.0 2.683987363957807e-10
526.0 2.683987363957807e-10
527.0 2.683987363957807e-10
528.0 2.683987363957807e-10
529.0 2.683987363957807e-10
530.0 2.683987363957807e-10
531.0 2.683987363957807e-10
532.0 7.368013825725939e-05
533.0 2.683987363957807e-10
534.0 2.683987363957807e-10
535.0 2.683987363957807e-10
536.0 0.00012110754141758662
537.0 2.683987363957807e-10
538.0 2.683987363957807e-10
539.0 2.683987363957807e-10
540.0 2.683987363957807e-10
541.0 2.683987363957807e-10
542.0 2.683987363957807e-10
543.0 2.683987363957807e-10
544.0 2.683987363957807e-10
545.0 2.683987363957807e-10
546.0 2.683987363957807e-10
547.0 5.1844062909367494e-05
548.0 0.0005024751771998126
549.0 2.683987363957807e-10
550.0 2.683987363957807e-10
551.0 2.683987363957807e-10
552.0 2.683987363957807e-10
553.0 2.683987363957807e-10
554.0 2.683987363957807e-10
555.0 2.683987363957807e-10
556.0 2.683987363957807e-10
557.0 2.683987363957807e-10
558.0 2.683987363957807e-10
559.0 2.683987363957807e-10
560.0 0.0004075843662576517
561.0 0.0001411482912772044
562.0 2.683987363957807e-10
563.0 2.683987363957807e-10
564.0 2.683987363957807e-10
565.0 2.683987363957807e-10
566.0 2.683987363957807e-10
567.0 2.683987363957807e-10
568.0 2.683987363957807e-10
569.0 1.6717569906177232e-05
570.0 0.0005483341737999581
571.0 0.0005347226306184893
572.0 0.000521111269335961
573.0 0.00039962369555723853
574.0 0.0002781364173642942
575.0 6.903107419020671e-05
576.0 2.683987363957807e-10
577.0 7.670000172765867e-05
578.0 0.00029347409054025775
579.0 0.00045963843149365857
580.0 0.0006258027042349568
581.0 0.0010314136488887016
582.0 0.0014370247299666516
583.0 0.0015617079043295234
584.0 0.0016863916243892163
585.0 0.001223679464601446
586.0 0.00076096698649053
587.0 0.000916151657293085
588.0 0.001071336282620905
589.0 0.0010894010301853996
590.0 0.0011074654139520135
591.0 0.0010605983334244229
592.0 0.0010137311619473621
593.0 0.0008074412107816897
594.0 0.000601151077717077
595.0 0.0007599300715810386
596.0 0.0009187087925965898
597.0 0.001202354997076327
598.0 0.0014860009287076537
599.0 0.002091801979986485
600.0 0.002697602758416906
601.0 0.0027251218853052706
602.0 0.002752641012193635
603.0 0.002108473563566804
604.0 0.0014643060239905026
605.0 0.0010720947102527134
606.0 0.0006798833965149242
607.0 0.0007122001989046112
608.0 0.000744516955819563
609.0 0.0005036135007685516
610.0 0.00026271006845490774
611.0 0.0006001700967317447
612.0 0.0009376301932206843
613.0 0.0008598412932769861
614.0 0.0007820526661816984
615.0 0.0008319441803905647
616.0 0.000881835694599431
617.0 0.0007094784450600855
618.0 0.0005371213774196804
619.0 0.00037001698274252703
620.0 0.00020291270175221143
621.0 0.0003406533551242319
622.0 0.0004783939402841497
623.0 0.0005491379397426499
624.0 0.000619881893726415
625.0 0.0007718405868217815
626.0 0.0009237995072908234
627.0 0.0008733890354051255
628.0 0.0008229784725699574
629.0 0.0010421621482237242
630.0 0.0012613456419785507
631.0 0.0017864962501334958
632.0 0.00231164631259162
633.0 0.0022841612008051015
634.0 0.002256675907119643
635.0 0.0024669514459674247
636.0 0.002677226802916266
637.0 0.00230914811254479
638.0 0.0019410688764764927
639.0 0.0014807989828113932
640.0 0.001020528725348413
641.0 0.0008998925295600202
642.0 0.000779256151872687
643.0 0.0007534923497587442
644.0 0.0007277285021700663
645.0 0.0005256125405139755
646.0 0.00032349648790841457
647.0 6.377527483891754e-05
648.0 2.683987363957807e-10
649.0 2.683987363957807e-10
650.0 0.00011750250905606663
651.0 0.000627613144388306
652.0 0.001137723847932648
653.0 0.0014167517292662524
654.0 0.0016957794287009165
655.0 0.001874359804787673
656.0 0.0020529399989754893
657.0 0.002939493060694076
658.0 0.0038260463043116033
659.0 0.004269813871360384
660.0 0.0047135814384091645
661.0 0.004259566412656568
662.0 0.003805551750701852
663.0 0.0028912865673191845
664.0 0.0019770217477343976
665.0 0.0016157677237060852
666.0 0.0012545135177788325
667.0 0.0012009061720164027
668.0 0.0011472985534055624
669.0 0.0009607298125047237
670.0 0.0007741610716038849
671.0 0.0006577845397259807
672.0 0.0005414078259491362
673.0 0.0005009855158277787
674.0 0.0004605631147569511
675.0 0.000851224558573449
676.0 0.0012418859114404768
677.0 0.001937798697326798
678.0 0.002633711847011
679.0 0.0027233849323238246
680.0 0.002813057835737709
681.0 0.004116051059099846
682.0 0.005419044464360923
683.0 0.007248776819324121
684.0 0.00907850990188308
685.0 0.009238755592377856
686.0 0.009399004193255678
687.0 0.008108988549793139
688.0 0.006818972178734839
689.0 0.005298564428812824
690.0 0.00377815704268869
691.0 0.003498313162708655
692.0 0.003218468918930739
693.0 0.002821320049406495
694.0 0.0024241709979833104
695.0 0.002184339609812014
696.0 0.0019445082216407172
697.0 0.001345687996945344
698.0 0.0007468676358257653
699.0 0.0006154632501420565
700.0 0.0004840587735088775
701.0 0.0004380844075058121
702.0 0.000392110177926952
703.0 0.0006402457529475214
704.0 0.0008883816008165013
705.0 0.0008736298696021549
706.0 0.0008588782293372788
707.0 0.0008643864020996261
708.0 0.0008698942110640928
709.0 0.000674133661959786
710.0 0.00047837302190600894
711.0 0.0005903314558963757
712.0 0.0007022898444120074
713.0 0.0008157297997968271
714.0 0.0009291696187574416
715.0 0.000729472503735451
716.0 0.0005297755251376657
717.0 0.0005344689725461649
718.0 0.0005391624199546641
719.0 0.00041836774471448734
720.0 0.0002975730239995755
721.0 0.0003497020315990085
722.0 0.00040183099372370634
723.0 0.0005044396857556421
724.0 0.000607048423262313
725.0 0.00031802096600586083
726.0 2.8993443379476957e-05
727.0 0.00028610083973035216
728.0 0.0005432083071355009
729.0 0.00038937400859140325
730.0 0.00023553980099677574
731.0 0.000235097741096979
732.0 0.00023465568119718228
733.0 0.00031349563869298436
734.0 0.00039233564166352153
735.0 0.0004758845989272231
736.0 0.0005594336016656598
737.0 0.0006775675956305349
738.0 0.0007957016350701451
739.0 0.0006838368335593259
740.0 0.0005719720775232418
741.0 0.0011938759598706383
742.0 0.0018157801605411805
743.0 0.002690032488317229
744.0 0.003564284270396456
745.0 0.003991619814769365
746.0 0.004418955359142274
747.0 0.00455386471003294
748.0 0.004688774060923606
749.0 0.003986479350714944
750.0 0.003284185004304163
751.0 0.0029040440495009534
752.0 0.0025239030946977437
753.0 0.001954536128323525
754.0 0.0013851687072019558
755.0 0.0017937129086931236
756.0 0.0022022575649316423
757.0 0.001882359356386587
758.0 0.0015624609659425914
759.0 0.0013455760381475557
760.0 0.00112869120130199
761.0 0.0011771745448641013
762.0 0.0012256579793756828
763.0 0.000902237297850661
764.0 0.0005788165708509041
765.0 0.000697239283908857
766.0 0.0008156620424415451
767.0 0.0007023869329714216
768.0 0.0005891116870770929
769.0 0.0006326105449261377
770.0 0.0006761091299267719
771.0 0.00041314801819680724
772.0 0.00015018678141132114
773.0 0.0002471443394824746
774.0 0.0003441018407102092
775.0 0.0003993783138867002
776.0 0.00045465471885108855
777.0 0.0006292233138083247
778.0 0.0008037918632908259
779.0 0.0009856968063104432
780.0 0.0011676015674311202
781.0 0.0011389003702788614
782.0 0.0011101992640760727
783.0 0.0010479550837771967
784.0 0.0009857107215793803
785.0 0.0012366900591587182
786.0 0.0014876691238896456
787.0 0.0012156203410995658
788.0 0.0009435717402084265
789.0 0.0007835127689759247
790.0 0.0006234539341676282
791.0 0.0006625890364375664
792.0 0.0007017241387075046
793.0 0.00013491163599610445
794.0 2.683987363957807e-10
795.0 2.6098265948348853e-05
796.0 0.00048409738155896775
797.0 0.0005148394393472699
798.0 0.0005455815426103072
799.0 0.0002208010073445621
800.0 2.683987363957807e-10
801.0 2.683987363957807e-10
802.0 2.683987363957807e-10
803.0 2.683987363957807e-10
804.0 2.683987363957807e-10
805.0 1.2964936502157798e-05
806.0 4.770267310050258e-05
807.0 3.1023304813970753e-05
808.0 1.4343962106977415e-05
809.0 0.00021223231669864617
810.0 0.00041012081055669114
811.0 8.142454248627473e-05
812.0 2.683987363957807e-10
813.0 0.00012838104339607526
814.0 0.0005040337782702409
815.0 0.0003847223979391856
816.0 0.00026541110855760053
817.0 0.00032595694392512087
818.0 0.0003865027792926412
819.0 0.0001790037799764832
820.0 2.683987363957807e-10
821.0 2.683987363957807e-10
822.0 2.683987363957807e-10
823.0 2.683987363957807e-10
824.0 2.683987363957807e-10
825.0 2.683987363957807e-10
826.0 2.683987363957807e-10
827.0 2.683987363957807e-10
828.0 0.0006008921445754822
829.0 0.00020147588202235056
830.0 2.683987363957807e-10
831.0 2.683987363957807e-10
832.0 2.683987363957807e-10
833.0 2.683987363957807e-10
834.0 2.683987363957807e-10
835.0 2.683987363957807e-10
836.0 5.326177188180736e-05
837.0 2.683987363957807e-10
838.0 2.683987363957807e-10
839.0 2.683987363957807e-10
840.0 2.683987363957807e-10
841.0 2.683987363957807e-10
842.0 2.683987363957807e-10
843.0 2.683987363957807e-10
844.0 2.683987363957807e-10
845.0 3.8604699881261695e-06
846.0 0.00015675084341637557
847.0 0.00023452018922398565
848.0 0.000312289421344758
849.0 0.00033641763366176747
850.0 0.00036054566407983657
851.0 9.081297207558237e-05
852.0 2.683987363957807e-10
853.0 0.00023196164420369314
854.0 0.0006428431333915796
855.0 0.0006126421794760972
856.0 0.0005824411346111447
857.0 0.0006626082267757738
858.0 0.0007427751370414626
859.0 0.0009604004844732117
860.0 0.0011780257409554906
861.0 0.0011796124454122037
862.0 0.0011811991498689167
863.0 0.0016858673916431144
864.0 0.002190535633417312
865.0 0.002469425271556247
866.0 0.0027483145458973013
867.0 0.002598385435703676
868.0 0.002448456689307932
869.0 0.0025825927878031507
870.0 0.0027167287043994293
871.0 0.0024420096451649442
872.0 0.002167290404031519
873.0 0.0023354627046501264
874.0 0.0025036346414708532
875.0 0.0026544686988927424
876.0 0.002805302938213572
877.0 0.0029677195925614797
878.0 0.003130136974505149
879.0 0.0029821971111232415
880.0 0.002834258157236036
