lsstCam/transmission_filter_detector/r10_s00/u_24/19700101T000000.ecsv
# %ECSV 1.0
# ---
# datatype:
# - {name: wavelength, unit: nm, datatype: float32}
# - {name: efficiency, unit: '%', datatype: float64}
# meta: !!omap
# - {MODE: DETECTOR}
# - {TYPE: transmission_filter_detector}
# - {CALIBDATE: '1970-01-01T00:00:00'}
# - {INSTRUME: LSSTCam}
# - {OBSTYPE: transmission_filter_detector}
# - {CALIBCLS: lsst.ip.isr.IntermediateFilterDetectorTransmissionCurve}
# - {SOURCE: Materion (DM-46256)}
# - {DETECTOR: 27}
# - {FILTER: u_24}
# - {CALIB_ID: 'calibDate=1970-01-01T00:00:00 filter=u_24 detector=27'}
# - {DATE: '2025-04-02T15:59:39.873784'}
# - {CALIB_CREATION_DATE: '2025-04-02'}
# - {CALIB_CREATION_TIME: '15:59:39'}
# - __serialized_columns__:
#     efficiency:
#       __class__: astropy.units.quantity.Quantity
#       unit: !astropy.units.Unit {unit: '%'}
#       value: !astropy.table.SerializedColumn {name: efficiency}
#     wavelength:
#       __class__: astropy.units.quantity.Quantity
#       unit: !astropy.units.Unit {unit: nm}
#       value: !astropy.table.SerializedColumn {name: wavelength}
# schema: astropy-2.0
wavelength efficiency
[from data line 587]
882.0 0.0036151592212263495
883.0 0.0031028812372824177
884.0 0.0025906036171363667
885.0 0.002741856951615773
886.0 0.0028931102860951796
887.0 0.002751784813881386
888.0 0.0026104598873644136
889.0 0.0023991718990146182
890.0 0.0021878840925637633
891.0 0.0023917125872685574
892.0 0.002595541263872292
893.0 0.002610938645375427
894.0 0.0026263358449796215
895.0 0.0031597559427609667
896.0 0.003693176040542312
897.0 0.004351327879703604
898.0 0.005009480082662776
899.0 0.004983403414371423
900.0 0.00495732638228219
901.0 0.0048932921345112845
902.0 0.00482925825053826
903.0 0.005140836583450437
904.0 0.005452414188766852
905.0 0.005485099245561287
906.0 0.00551778357475996
907.0 0.00585909656365402
908.0 0.006200409552548081
909.0 0.005994621460558847
910.0 0.005788833732367493
911.0 0.00598517399339471
912.0 0.006181514618219808
913.0 0.005942433199379593
914.0 0.005703351416741498
915.0 0.005119562047184445
916.0 0.004535772677627392
917.0 0.004169562089373358
918.0 0.003803351501119323
919.0 0.0043784428271465
920.0 0.004953533789375797
921.0 0.004950170841766521
922.0 0.004946808621753007
923.0 0.006176073657115921
924.0 0.007405336509691551
925.0 0.007778026338201016
926.0 0.008150717621902004
927.0 0.008738753240322694
928.0 0.009326785948360339
929.0 0.009155851876130328
930.0 0.008984917076304555
931.0 0.008053634519455954
932.0 0.007122351962607354
933.0 0.006992688577156514
934.0 0.006863025191705674
935.0 0.006575504085049033
936.0 0.006287984433583915
937.0 0.006452144589275122
938.0 0.006616308382945135
939.0 0.0064730098529253155
940.0 0.006329711322905496
941.0 0.0058879271819023415
942.0 0.005446141949505545
943.0 0.004373730189399794
944.0 0.003301318793091923
945.0 0.002441886863380205
946.0 0.0015824551155674271
947.0 0.0017732056221575476
948.0 0.001963956128747668
949.0 0.0018168844690080732
950.0 0.0016698124454705976
951.0 0.0016785896150395274
952.0 0.0016873669665073976
953.0 0.0015704425095464103
954.0 0.0014535183254338335
955.0 0.0024466322429361753
956.0 0.0034397464332869276
957.0 0.003459616709733382
958.0 0.0034794862585840747
959.0 0.0038961454265518114
960.0 0.004312804230721667
961.0 0.0048739457270130515
962.0 0.005435086495708674
963.0 0.005453504127217457
964.0 0.00547192212252412
965.0 0.0054544325394090265
966.0 0.005436943320091814
967.0 0.005291269917506725
968.0 0.0051455976063152775
969.0 0.0049426598707214
970.0 0.0047397228627232835
971.0 0.004688094122684561
972.0 0.004636465382645838
973.0 0.0045726399548584595
974.0 0.004508814527071081
975.0 0.004259347770130262
976.0 0.0040098810131894425
977.0 0.003951790131395683
978.0 0.003893699249601923
979.0 0.0036316134355729446
980.0 0.0033695272577460855
981.0 0.0033479631383670494
982.0 0.0033263986551901326
983.0 0.0034238724765600637
984.0 0.003521345934132114
985.0 0.0039789749280316755
986.0 0.004436604649526998
987.0 0.004961937156622298
988.0 0.005487268936121836
989.0 0.006637473416049033
990.0 0.007787677168380469
991.0 0.008218945004045963
992.0 0.008650213567307219
993.0 0.009250608854927123
994.0 0.009851003414951265
995.0 0.009192703873850405
996.0 0.008534400694770738
997.0 0.007968867430463433
998.0 0.007403335621347651
999.0 0.006824177398812026
1000.0 0.006245016993489116
1001.0 0.005791544390376657
1002.0 0.005338071787264198
1003.0 0.00453329885203857
1004.0 0.0037285259168129414
1005.0 0.004314996476750821
1006.0 0.004901465945295058
1007.0 0.004695613097283058
1008.0 0.004489758066483773
1009.0 0.003917650610674173
1010.0 0.0033455435186624527
1011.0 0.0035066710552200675
1012.0 0.0036677985917776823
1013.0 0.003371252751094289
1014.0 0.003074706910410896
1015.0 0.00252173631452024
1016.0 0.0019687657186295837
1017.0 0.00214532483369112
1018.0 0.0023218837668537162
1019.0 0.0020594472516677342
1020.0 0.0017970101907849312
1021.0 0.0019196128050680272
1022.0 0.0020422150555532426
1023.0 0.001977953979803715
1024.0 0.0019136929040541872
1025.0 0.00187336299859453
1026.0 0.0018330334569327533
1027.0 0.001774085649230983
1028.0 0.0017151374777313322
1029.0 0.0018855667804018594
1030.0 0.002055996264971327
1031.0 0.0024578139345976524
1032.0 0.0028596319680218585
1033.0 0.0028554675736813806
1034.0 0.0028513029974419624
1035.0 0.0028131940780440345
1036.0 0.0027750849767471664
1037.0 0.00300329556921497
1038.0 0.0032315063435817137
1039.0 0.002802858034556266
1040.0 0.002374210271227639
1041.0 0.0021110368834342808
1042.0 0.0018478636775398627
1043.0 0.0017902964827953838
1044.0 0.001732729833747726
1045.0 0.0014600168469769415
1046.0 0.0011873042240040377
1047.0 0.0019883202185155824
1048.0 0.002789336758723948
1049.0 0.0019400895325816236
1050.0 0.0010908419426414184
1051.0 0.001442290704289917
1052.0 0.0017937394659384154
1053.0 0.0012294995940465014
1054.0 0.0006652596766798524
1055.0 0.0010747403393907007
1056.0 0.0014842212294752244
1057.0 0.0017286180082010105
1058.0 0.001973014877876267
1059.0 0.001366189189866418
1060.0 0.0007593637747049797
1061.0 0.0020495317585300654
1062.0 0.0033396994695067406
1063.0 0.0026735853680293076
1064.0 0.002007470902753994
1065.0 0.0013052789654466324
1066.0 0.0006030871645634761
1067.0 0.001205473472509766
1068.0 0.0018078590073855594
1069.0 0.002280505941598676
1070.0 0.0027531526939128526
1071.0 0.0012634268387046177
1072.0 2.683987363957807e-10
1073.0 0.0013249384210212156
1074.0 0.0028761754947481677
1075.0 0.003623409429565072
1076.0 0.004370642272988334
1077.0 0.005483143468154594
1078.0 0.006595644663320854
1079.0 0.00725755890016444
1080.0 0.007919470954220742
1081.0 0.006293543265201151
1082.0 0.004667613757192157
1083.0 0.003946729702875018
1084.0 0.003225845648557879
1085.0 0.004293617530493066
1086.0 0.005361389048630372
1087.0 0.004974326293449849
1088.0 0.004587263538269326
1089.0 0.005912286360398866
1090.0 0.007237309182528406
1091.0 0.004783131953445263
1092.0 0.00232895472436212
1093.0 0.0019859317035297863
1094.0 0.001642908864596393
1095.0 0.0030415896617341787
1096.0 0.004440270276973024
1097.0 0.0031248251616489142
1098.0 0.0018093800463248044
1099.0 0.002606755333545152
1100.0 0.0034041306207654998
