lsstCam/transmission_filter_detector/r42_s11/z_20/19700101T000000.ecsv
# %ECSV 1.0
# ---
# datatype:
# - {name: wavelength, unit: nm, datatype: float32}
# - {name: efficiency, unit: '%', datatype: float64}
# meta: !!omap
# - {MODE: DETECTOR}
# - {TYPE: transmission_filter_detector}
# - {CALIBDATE: '1970-01-01T00:00:00'}
# - {INSTRUME: LSSTCam}
# - {OBSTYPE: transmission_filter_detector}
# - {CALIBCLS: lsst.ip.isr.IntermediateFilterDetectorTransmissionCurve}
# - {SOURCE: Materion (DM-46256)}
# - {DETECTOR: 175}
# - {FILTER: z_20}
# - {CALIB_ID: 'calibDate=1970-01-01T00:00:00 filter=z_20 detector=175'}
# - {DATE: '2025-04-02T15:59:49.452646'}
# - {CALIB_CREATION_DATE: '2025-04-02'}
# - {CALIB_CREATION_TIME: '15:59:49'}
# - __serialized_columns__:
#     efficiency:
#       __class__: astropy.units.quantity.Quantity
#       unit: !astropy.units.Unit {unit: '%'}
#       value: !astropy.table.SerializedColumn {name: efficiency}
#     wavelength:
#       __class__: astropy.units.quantity.Quantity
#       unit: !astropy.units.Unit {unit: nm}
#       value: !astropy.table.SerializedColumn {name: wavelength}
# schema: astropy-2.0
wavelength efficiency
300.0 0.36006197333335876
301.0 0.3185195382684469
302.0 0.27697705663740635
303.0 0.22912246640771627
304.0 0.1812678761780262
305.0 0.18137433798983693
306.0 0.18148079980164766
307.0 0.16319629503414035
308.0 0.14491179026663303
309.0 0.13086383696645498
310.0 0.11681588366627693
311.0 0.11168343480676413
312.0 0.10655097430571914
313.0 0.09529009112156928
314.0 0.08402920793741941
315.0 0.0748779799323529
316.0 0.06572675192728639
317.0 0.0656104413792491
318.0 0.06549412501044571
319.0 0.060354749439284205
320.0 0.05521537968888879
321.0 0.0528211472555995
322.0 0.05042691482231021
323.0 0.04722108424175531
324.0 0.04401525657158345
325.0 0.04217693640384823
326.0 0.04033861623611301
327.0 0.040764163713902235
328.0 0.041189714102074504
329.0 0.03962820046581328
330.0 0.03806668391916901
331.0 0.03573563590180129
332.0 0.03340458497405052
333.0 0.030658463947474957
334.0 0.02791234292089939
335.0 0.026129273464903235
336.0 0.024346206919290125
337.0 0.02172473177779466
338.0 0.01910325518110767
339.0 0.01827937230700627
340.0 0.017455490888096392
341.0 0.016557693015784025
342.0 0.01565989659866318
343.0 0.017203537572640926
344.0 0.01874717854661867
345.0 0.016224481805693358
346.0 0.013701783609576523
347.0 0.013363904145080596
348.0 0.013026027590967715
349.0 0.013235266669653356
350.0 0.013444510113913566
351.0 0.01255796814803034
352.0 0.011671426909742877
353.0 0.01116174171329476
354.0 0.01065205578925088
355.0 0.01055153989000246
356.0 0.010451025445945561
357.0 0.010675516386982054
358.0 0.010900008783210069
359.0 0.009140051406575367
360.0 0.007380094029940665
361.0 0.008455587521893904
362.0 0.009531081013847142
363.0 0.009044384933076799
364.0 0.008557687397114933
365.0 0.008794956374913454
366.0 0.009032226080307737
367.0 0.008425712439930066
368.0 0.007819198071956635
369.0 0.008041805995162576
370.0 0.008264412463176996
371.0 0.00901783350855112
372.0 0.009771254553925246
373.0 0.008130758942570537
374.0 0.006490261876024306
375.0 0.006010365177644417
376.0 0.005530469206860289
377.0 0.005666714423568919
378.0 0.005802959276479669
379.0 0.005920384501223452
380.0 0.006037809362169355
381.0 0.004580133099807426
382.0 0.003122456473647617
383.0 0.00385188905056566
384.0 0.0045813212636858225
385.0 0.005097504981677048
386.0 0.005613688699668273
387.0 0.004830057514482178
388.0 0.004046426693093963
389.0 0.004051937867188826
390.0 0.00405744940508157
391.0 0.004421870471560396
392.0 0.004786291901837103
393.0 0.004396723670652136
394.0 0.004007155439467169
395.0 0.0037258661905070767
396.0 0.003444576941546984
397.0 0.003275106428191066
398.0 0.0031056359148351476
399.0 0.003999449836555868
400.0 0.0048932633944787085
401.0 0.004251023710821755
402.0 0.0036087832995690405
403.0 0.0043953223212156445
404.0 0.005181860979064368
405.0 0.004942456507706083
406.0 0.004703051672549918
407.0 0.0041359191527590156
408.0 0.003568786632968113
409.0 0.003373599611222744
410.0 0.003178412953275256
411.0 0.0032992295018630102
412.0 0.0034200460504507646
413.0 0.0035970977478427812
414.0 0.0037741498090326786
415.0 0.0035159468097845092
416.0 0.0032577441743342206
417.0 0.0028352003937470727
418.0 0.002412657158856746
419.0 0.0026903160687652417
420.0 0.002967974796774797
421.0 0.0032369105610996485
422.0 0.0035058463254245
423.0 0.0030478915505227633
424.0 0.002589937321317848
425.0 0.003256033596699126
426.0 0.003922130053979345
427.0 0.002517633402021602
428.0 0.001113136750063859
429.0 0.0009418866284249816
430.0 0.0007706367796345148
431.0 0.0011246566828049254
432.0 0.0014786768588237464
433.0 0.001852753666753415
434.0 0.002226830656582024
435.0 0.0025495786758256145
436.0 0.002872326695069205
437.0 0.0023302116460399702
438.0 0.0017880965970107354
439.0 0.002101738573401235
440.0 0.0024153803678927943
441.0 0.0020137445972068235
442.0 0.001612109008419793
443.0 0.0016505367966601625
444.0 0.0016889649486984126
445.0 0.002030423638643697
446.0 0.002371882146690041
447.0 0.002694975228223484
448.0 0.003018068309756927
449.0 0.0021682879378204234
450.0 0.0013185073839849792
451.0 0.0016051313650677912
452.0 0.0018917553461506031
453.0 0.002596348713268526
454.0 0.0033009415346896276
455.0 0.0025981593353208154
456.0 0.0018953773178509437
457.0 0.0017963302525458857
458.0 0.0016972833691397682
459.0 0.0018413953512208536
460.0 0.00198550787899876
461.0 0.0014899055713613052
462.0 0.0009943033546733204
463.0 0.001015428551909281
464.0 0.0010365537491452415
465.0 0.0012907767995784525
466.0 0.001544999577163253
467.0 0.001408813022862887
468.0 0.0012726263776130509
469.0 0.0010257830581394956
470.0 0.0007789397386659402
471.0 0.0009937676622939762
472.0 0.0012085956768714823
473.0 0.0013175666026654653
474.0 0.0014265375284594484
475.0 0.0016085276001831517
476.0 0.001790517671906855
477.0 0.0016165946362889372
478.0 0.001442671418772079
479.0 0.0013486029274645261
480.0 0.0012545346180559136
481.0 0.0008990088645077776
482.0 0.0005434831109596416
483.0 0.0007346253369178157
484.0 0.0009257674719265196
485.0 0.0013021563063375652
486.0 0.0016785450497991405
487.0 0.001380237881676294
488.0 0.0010819307135534473
489.0 0.0013576744095189497
490.0 0.0016334179235855117
491.0 0.0013576584024121985
492.0 0.001081898790289415
493.0 0.0012232307199155912
494.0 0.0013645626495417673
495.0 0.001070032249117503
496.0 0.0007755020305921789
497.0 0.00084148850874044
498.0 0.0009074749868887011
499.0 0.001153983066615183
500.0 0.0014004910553921945
501.0 0.0013999107977724634
502.0 0.001399330358253792
503.0 0.0010530018698773347
504.0 0.0007066732450766722
505.0 0.0013534832760342397
506.0 0.002000293170567602
507.0 0.002029148890869692
508.0 0.0020580044292728417
509.0 0.001734796205710154
510.0 0.0014115878911979962
511.0 0.001366726792184636
512.0 0.001321865238423925
513.0 0.0013067156032775529
514.0 0.0012915657862322405
515.0 0.0012503397556429263
516.0 0.0012091140888514929
517.0 0.0011080078365921509
518.0 0.0010069017662317492
519.0 0.00143573624882265
520.0 0.0018645707314135507
521.0 0.0018737615391728468
522.0 0.001882952346932143
523.0 0.0014482813639915548
524.0 0.0010136102901014965
525.0 0.0007195007583504776
526.0 0.00042539109017525334
527.0 0.0009477486855757888
528.0 0.0014701064174005296
529.0 0.001465317291149404
530.0 0.0014605281648982782
531.0 0.0013943457815912552
532.0 0.0013281634892337024
533.0 0.0012500291632022709
534.0 0.0011718948371708393
535.0 0.0014881829883961473
536.0 0.001804471503419336
537.0 0.0017190790458698757
538.0 0.0016336867702193558
539.0 0.0013823746485286392
540.0 0.0011310625268379226
541.0 0.0012428860827640165
542.0 0.0013547093658416998
543.0 0.0009641033102525398
544.0 0.0005734970727644395
545.0 0.0009527807378617581
546.0 0.0013320644029590767
547.0 0.0017583748558536172
548.0 0.0021846852177986875
549.0 0.0019457740563666448
550.0 0.0017068627130356617
551.0 0.0014917072803655174
552.0 0.0012765514838974923
553.0 0.0016158610378624871
554.0 0.0019551707737264223
555.0 0.0016757077901274897
556.0 0.0013962444427306764
557.0 0.0012947429240739439
558.0 0.0011932414054172114
559.0 0.0013704017874260899
560.0 0.0015475621694349684
561.0 0.001237529704667395
562.0 0.0009274971489503514
563.0 0.0011670216736092698
564.0 0.0014065463801671285
565.0 0.0014959729924157728
566.0 0.0015853996956138872
567.0 0.002065278749796562
568.0 0.0025451576220802963
569.0 0.0027090771254734136
570.0 0.002872996628866531
571.0 0.002766523903119378
572.0 0.002660050813574344
573.0 0.0025709492547321133
574.0 0.0024818475139909424
575.0 0.002106161628034897
576.0 0.0017304755601799116
577.0 0.0018201686543761753
578.0 0.0019098613847745582
579.0 0.0018281743905390613
580.0 0.001746487214404624
581.0 0.001654650259297341
582.0 0.0015628134860889986
583.0 0.0016021895135054365
584.0 0.001641565359022934
585.0 0.0018039645510725677
586.0 0.0019663633793243207
587.0 0.0020684406990767457
588.0 0.0021705178369302303
589.0 0.0022587168132304214
590.0 0.0023469157895306125
591.0 0.0021809517420479096
592.0 0.002014987876464147
593.0 0.0018814602299244143
594.0 0.0017479324014857411
595.0 0.0012490378139773384
596.0 0.0007501431355194654
597.0 0.0009447694537811913
598.0 0.0011393958629923873
599.0 0.001121882723964518
600.0 0.0011043696758861188
601.0 0.0010302002920070663
602.0 0.0009560309081280138
603.0 0.0011408360478526447
604.0 0.0013256410056783352
605.0 0.0009670047802501358
606.0 0.0006083683729229961
607.0 0.0008953930773714092
608.0 0.0011824175089714117
609.0 0.0010029478289652616
610.0 0.0008234781489591114
611.0 0.0009591189154889435
612.0 0.0010947596820187755
613.0 0.0007609221484017326
614.0 0.0004270846147846896
615.0 0.0008280839210783597
616.0 0.0012290835002204403
617.0 0.0013268764632812236
618.0 0.001424669517291477
619.0 0.0015110809727048036
620.0 0.00159749233716866
621.0 0.0014452008144871797
622.0 0.0012929091099067591
623.0 0.001354582218482392
624.0 0.0014162554180074949
625.0 0.0016086012692539953
626.0 0.0018009468476520851
627.0 0.0019652137780212797
628.0 0.0021294807083904743
629.0 0.002236564068880398
630.0 0.002343647793168202
631.0 0.0022727230316377245
632.0 0.0022017986339051276
633.0 0.002688028325792402
634.0 0.003174258381477557
635.0 0.006085080167395063
636.0 0.00899590304470621
637.0 0.01592370099388063
638.0 0.02285150403622538
639.0 0.019911878916900605
640.0 0.01697225379757583
641.0 0.014797008770983666
642.0 0.012621763744391501
643.0 0.009079468145500869
644.0 0.0055371721828123555
645.0 0.005745888483943418
646.0 0.005954605148872361
647.0 0.00571951677557081
648.0 0.005484428038471378
649.0 0.004361006722319871
650.0 0.003237585406168364
651.0 0.003170710988342762
652.0 0.0031038362067192793
653.0 0.002822908209054731
654.0 0.0025419803932891227
655.0 0.002158286406483967
656.0 0.0017745927834766917
657.0 0.001977776628336869
658.0 0.002180960655095987
659.0 0.0022800521037424915
660.0 0.002379143552388996
661.0 0.002273736026836559
662.0 0.002168328683183063
663.0 0.0020223329556756653
664.0 0.0018763370462693274
665.0 0.001837398303905502
666.0 0.0017984599253395572
667.0 0.001773394069459755
668.0 0.001748328395478893
669.0 0.0015781442925799638
670.0 0.0014079600987315644
671.0 0.0013173050319892354
672.0 0.0012266498742974363
673.0 0.0012651698853005655
674.0 0.0013036898053542245
675.0 0.001108716878661653
676.0 0.0009137438610196114
677.0 0.0011443549738032743
678.0 0.0013749659956374671
679.0 0.0018043429008685052
680.0 0.0022337198970490135
681.0 0.002301698441442568
682.0 0.002369676803937182
683.0 0.0025378030841238797
684.0 0.002705929182411637
685.0 0.002853011574188713
686.0 0.0030000937840668485
687.0 0.002762735493888613
688.0 0.002525377203710377
689.0 0.002158283496100921
690.0 0.0017911897884914652
691.0 0.002183640935982112
692.0 0.0025760920834727585
693.0 0.002908982969529461
694.0 0.0032418738555861637
695.0 0.0033144813642138615
696.0 0.0033870885090436786
697.0 0.003375385858817026
698.0 0.003363682480994612
699.0 0.00495926033181604
700.0 0.006554835999850184
701.0 0.006469260551966727
702.0 0.006383685831679031
703.0 0.005747023897129111
704.0 0.005110364509164356
705.0 0.0043727384763769805
706.0 0.003635112807387486
707.0 0.0033732365409377962
708.0 0.0031113602744881064
709.0 0.0037910220271442086
710.0 0.004470683779800311
711.0 0.003924372867913917
712.0 0.003378061592229642
713.0 0.0023935923309181817
714.0 0.001409122887707781
715.0 0.0018799808458425105
716.0 0.0023508391677751206
717.0 0.0024247357941931114
718.0 0.002498632420611102
719.0 0.0024495671823387966
720.0 0.0024005021259654313
721.0 0.002177332680730615
722.0 0.001954163599293679
723.0 0.001971382152987644
724.0 0.0019886008885805495
725.0 0.0020944420612067915
726.0 0.0022002830519340932
727.0 0.002066428351099603
728.0 0.0019325741959619336
729.0 0.001828779568313621
730.0 0.0017249851225642487
731.0 0.0017968024621950462
732.0 0.0018686201656237245
733.0 0.0018924207324744202
734.0 0.0019162209355272353
735.0 0.0012712943316728342
736.0 0.0006263675913942279
737.0 0.0009841266546573024
738.0 0.0013418855814961717
739.0 0.001374419571220642
740.0 0.001406953469995642
741.0 0.0013742849660047796
742.0 0.0013416162801149767
743.0 0.0014205864317773376
744.0 0.0014995565834396984
745.0 0.0018042630472336896
746.0 0.0021089694200782105
747.0 0.0023598429834237322
748.0 0.002610716546769254
749.0 0.0032558455131947994
750.0 0.0039009741158224642
751.0 0.0038201465940801427
752.0 0.003739319072337821
753.0 0.003402539005037397
754.0 0.003065759301534854
755.0 0.002992590998474043
756.0 0.002919422695413232
757.0 0.0028891781767015345
758.0 0.0028589336579898372
759.0 0.0031456485885428265
760.0 0.003432363155297935
761.0 0.004757213173434138
762.0 0.006082062827772461
763.0 0.005782746302429587
764.0 0.005483429049490951
765.0 0.004674254887504503
766.0 0.003865079634124413
767.0 0.004037522739963606
768.0 0.004209965845802799
769.0 0.00463157266494818
770.0 0.005053179120295681
771.0 0.00449454782938119
772.0 0.00393591690226458
773.0 0.004071249350090511
774.0 0.004206582161714323
775.0 0.002791262522805482
776.0 1.6429533514911165e-10
777.0 1.6429533514911165e-10
778.0 1.6429533514911165e-10
779.0 1.6429533514911165e-10
780.0 1.6429533514911165e-10
781.0 1.6429533514911165e-10
782.0 0.02654531563166529
783.0 1.6429533514911165e-10
784.0 0.02516972308512777
785.0 0.038489699363708496
786.0 1.6429533514911165e-10
787.0 1.6429533514911165e-10
788.0 0.03448250354267657
789.0 1.6429533514911165e-10
790.0 0.09149759425781667
791.0 0.028385105542838573
792.0 1.6429533514911165e-10
793.0 0.10198986856266856
794.0 0.05547519540414214
795.0 0.10076656471937895
796.0 0.004156890281592496
797.0 0.2972997259348631
798.0 0.06801908020861447
799.0 0.1261107623577118
800.0 0.3504783147946
801.0 0.6141034420579672
802.0 0.9438692592084408
803.0 1.5991119667887688
804.0 2.4958528578281403
805.0 3.6602698266506195
806.0 5.421868339180946
807.0 7.552391290664673
808.0 10.107610374689102
809.0 13.208021223545074
810.0 16.496868431568146
811.0 19.522082805633545
812.0 22.474293410778046
813.0 26.036322116851807
814.0 29.629215598106384
815.0 34.4373494386673
816.0 39.96392786502838
817.0 45.88384032249451
818.0 52.29519605636597
819.0 58.69932770729065
820.0 66.64983034133911
821.0 73.77524971961975
822.0 79.7598659992218
823.0 84.45555567741394
824.0 89.02660012245178
825.0 92.96910762786865
826.0 95.25493383407593
827.0 97.33766317367554
828.0 98.37595820426941
829.0 99.08003807067871
830.0 98.62591028213501
831.0 99.09491539001465
832.0 98.68548512458801
833.0 99.53072667121887
834.0 98.27803373336792
835.0 99.07024502754211
836.0 99.03804063796997
837.0 98.61758947372437
838.0 98.05982708930969
839.0 98.28276038169861
840.0 98.51328134536743
841.0 99.42055344581604
842.0 99.35514330863953
843.0 99.78809356689453
844.0 98.6343502998352
845.0 98.5121488571167
846.0 99.10673499107361
847.0 98.96794557571411
848.0 99.64832663536072
849.0 98.46884608268738
850.0 98.13709855079651
851.0 99.06488060951233
852.0 99.06017184257507
853.0 98.65880608558655
854.0 99.9160885810852
855.0 98.16104769706726
856.0 98.69015216827393
857.0 97.85017371177673
858.0 98.56496453285217
859.0 99.48668479919434
860.0 98.46528768539429
861.0 98.76710176467896
862.0 98.94747138023376
863.0 98.32379221916199
864.0 99.45711493492126
865.0 99.77845549583435
866.0 98.6592710018158
867.0 99.42408800125122
868.0 99.76174235343933
869.0 98.88783097267151
870.0 98.20615649223328
871.0 98.75262379646301
872.0 99.12782907485962
873.0 99.07557964324951
874.0 99.49219226837158
875.0 99.00749325752258
876.0 98.7886369228363
877.0 99.28487539291382
878.0 99.23450946807861
879.0 98.74955415725708
880.0 98.3146607875824
881.0 100.09404420852661
882.0 99.17331337928772
883.0 98.73034358024597
884.0 99.18428063392639
885.0 98.78895282745361
886.0 98.77139925956726
887.0 98.81712794303894
888.0 99.34690594673157
889.0 99.56883192062378
890.0 98.02272319793701
891.0 99.46654438972473
892.0 98.69837760925293
893.0 98.47738146781921
894.0 98.04699420928955
895.0 99.49145913124084
