lsstCam/transmission_filter_detector/r42_s11/z_20/19700101T000000.ecsv
# %ECSV 1.0
# ---
# datatype:
# - {name: wavelength, unit: nm, datatype: float32}
# - {name: efficiency, unit: '%', datatype: float64}
# meta: !!omap
# - {MODE: DETECTOR}
# - {TYPE: transmission_filter_detector}
# - {CALIBDATE: '1970-01-01T00:00:00'}
# - {INSTRUME: LSSTCam}
# - {OBSTYPE: transmission_filter_detector}
# - {CALIBCLS: lsst.ip.isr.IntermediateFilterDetectorTransmissionCurve}
# - {SOURCE: Materion (DM-46256)}
# - {DETECTOR: 175}
# - {FILTER: z_20}
# - {CALIB_ID: 'calibDate=1970-01-01T00:00:00 filter=z_20 detector=175'}
# - {DATE: '2025-04-02T15:59:49.452646'}
# - {CALIB_CREATION_DATE: '2025-04-02'}
# - {CALIB_CREATION_TIME: '15:59:49'}
# - __serialized_columns__:
#     efficiency:
#       __class__: astropy.units.quantity.Quantity
#       unit: !astropy.units.Unit {unit: '%'}
#       value: !astropy.table.SerializedColumn {name: efficiency}
#     wavelength:
#       __class__: astropy.units.quantity.Quantity
#       unit: !astropy.units.Unit {unit: nm}
#       value: !astropy.table.SerializedColumn {name: wavelength}
# schema: astropy-2.0
wavelength efficiency
[from data line 597]
897.0 98.93494248390198
898.0 99.07205104827881
899.0 98.63476157188416
900.0 98.90647530555725
901.0 99.07801151275635
902.0 99.24644231796265
903.0 98.86886477470398
904.0 97.7774977684021
905.0 98.38695526123047
906.0 98.08942079544067
907.0 99.0557849407196
908.0 97.88288474082947
909.0 97.83108234405518
910.0 97.90621399879456
911.0 96.86541557312012
912.0 96.03144526481628
913.0 94.84649896621704
914.0 92.19960570335388
915.0 90.0657594203949
916.0 87.55500912666321
917.0 86.56023144721985
918.0 82.4330747127533
919.0 81.77847862243652
920.0 78.33305597305298
921.0 74.52386021614075
922.0 70.18985748291016
923.0 63.9856219291687
924.0 58.62364172935486
925.0 53.111428022384644
926.0 46.71696722507477
927.0 39.93281126022339
928.0 33.82044434547424
929.0 27.64715552330017
930.0 22.056840360164642
931.0 17.016887664794922
932.0 11.703464388847351
933.0 7.589397579431534
934.0 4.76846918463707
935.0 2.9783926904201508
936.0 1.6935354098677635
937.0 1.0583297349512577
938.0 0.5758949555456638
939.0 0.3663292620331049
940.0 0.2582747722044587
941.0 0.22209389135241508
942.0 0.0804953626357019
943.0 0.10833400301635265
944.0 0.027208903338760138
945.0 0.039206023211590946
946.0 0.10206603910773993
947.0 0.05819370853714645
948.0 1.6429533514911165e-10
949.0 0.1296916394494474
950.0 1.6429533514911165e-10
951.0 0.10539458598941565
952.0 0.07865397492423654
953.0 0.005844020415679552
954.0 0.04514210158959031
955.0 1.6429533514911165e-10
956.0 1.6429533514911165e-10
957.0 1.6429533514911165e-10
958.0 1.6429533514911165e-10
959.0 0.10596174979582429
960.0 0.10111432056874037
961.0 0.08419518708251417
962.0 1.6429533514911165e-10
963.0 1.6429533514911165e-10
964.0 1.6429533514911165e-10
965.0 1.6429533514911165e-10
966.0 0.02574633399490267
967.0 0.0731503707356751
968.0 1.6429533514911165e-10
969.0 1.6429533514911165e-10
970.0 1.6429533514911165e-10
971.0 1.6429533514911165e-10
972.0 1.6429533514911165e-10
973.0 0.032604203443042934
974.0 0.010176433715969324
975.0 1.6429533514911165e-10
976.0 0.005773369048256427
977.0 0.00568051946174819
978.0 0.005587670239037834
979.0 0.005468295785249211
980.0 0.005348921331460588
981.0 0.00533356360392645
982.0 0.005318205512594432
983.0 0.005124735980643891
984.0 0.0049312657210975885
985.0 0.004870332850259729
986.0 0.004809399979421869
987.0 0.004776294736075215
988.0 0.004743189492728561
989.0 0.004655812517739832
990.0 0.004568435906548984
991.0 0.004467082544579171
992.0 0.004365729182609357
993.0 0.004434213406057097
994.0 0.004502697629504837
995.0 0.004438601899892092
996.0 0.004374506534077227
997.0 0.004302923844079487
998.0 0.004231341154081747
999.0 0.004170852480456233
1000.0 0.004110363443032838
1001.0 0.0040722057747188956
1002.0 0.004034048106404953
1003.0 0.004039185296278447
1004.0 0.004044322849949822
1005.0 0.00393583468394354
1006.0 0.003827346517937258
1007.0 0.0038797672459622845
1008.0 0.00393218724639155
1009.0 0.004070881550433114
1010.0 0.004209576218272559
1011.0 0.004081959559698589
1012.0 0.003954342537326738
1013.0 0.003993080827058293
1014.0 0.004031819480587728
1015.0 0.003939468297176063
1016.0 0.0038471174775622785
1017.0 0.0038297577702905983
1018.0 0.0038123984268167987
1019.0 0.003876106711686589
1020.0 0.003939814996556379
1021.0 0.003921851021004841
1022.0 0.0039038870454533026
1023.0 0.0040512069972464815
1024.0 0.004198527676635422
1025.0 0.004145679486100562
1026.0 0.004092830931767821
1027.0 0.004173822890152223
1028.0 0.004254814484738745
1029.0 0.004299785359762609
1030.0 0.004344756234786473
1031.0 0.004357019133749418
1032.0 0.004369281305116601
1033.0 0.00456106718047522
1034.0 0.004752853055833839
1035.0 0.0046603381633758545
1036.0 0.00456782327091787
1037.0 0.00473721265734639
1038.0 0.00490660204377491
1039.0 0.004985909617971629
1040.0 0.0050652171921683475
1041.0 0.005163391324458644
1042.0 0.00526156545674894
1043.0 0.005293236972647719
1044.0 0.005324908488546498
1045.0 0.005494215656653978
1046.0 0.005663522824761458
1047.0 0.005551192953134887
1048.0 0.005438862717710435
1049.0 0.005738852996728383
1050.0 0.006038843275746331
1051.0 0.005830369264003821
1052.0 0.005621896343654953
1053.0 0.00595098317717202
1054.0 0.0062800696468912065
1055.0 0.00620501086814329
1056.0 0.006129952089395374
1057.0 0.006385976303135976
1058.0 0.00664200124447234
1059.0 0.007220591214718297
1060.0 0.007799182640155777
1061.0 0.007910645217634737
1062.0 0.008022110705496743
1063.0 0.008294673898490146
1064.0 0.008567235636292025
1065.0 0.008502422133460641
1066.0 0.008437607903033495
1067.0 0.008593102393206209
1068.0 0.008748596883378923
1069.0 0.009233443415723741
1070.0 0.00971828994806856
1071.0 0.009964317723643035
1072.0 0.010210344771621749
1073.0 0.010249346814816818
1074.0 0.010288348858011886
1075.0 0.010502646182430908
1076.0 0.010716944234445691
1077.0 0.010916700557572767
1078.0 0.011116456880699843
1079.0 0.01177647354779765
1080.0 0.01243649167008698
1081.0 0.012117341975681484
1082.0 0.011798194464063272
1083.0 0.012684612011071295
1084.0 0.013571030285675079
1085.0 0.013931716966908425
1086.0 0.014292403648141772
1087.0 0.014000236114952713
1088.0 0.013708068581763655
1089.0 0.014699462917633355
1090.0 0.015690858708694577
1091.0 0.016186953871510923
1092.0 0.016683051944710314
1093.0 0.015504579641856253
1094.0 0.01432610588381067
1095.0 0.015905892360024154
1096.0 0.017485675925854594
1097.0 0.01808352244552225
1098.0 0.018681368965189904
1099.0 0.019954380695708096
1100.0 0.021227386605460197
1101.0 0.021468209160957485
1102.0 0.021709031716454774
1103.0 0.022330063802655786
1104.0 0.02295109734404832
1105.0 0.023915468773338944
1106.0 0.024879843113012612
1107.0 0.024790738825686276
1108.0 0.024701637448742986
1109.0 0.026897594216279685
1110.0 0.02909355389419943
1111.0 0.02743498480413109
1112.0 0.02577641571406275
1113.0 0.02632210962474346
1114.0 0.026867800625041127
1115.0 0.028300585108809173
1116.0 0.029733372502960265
1117.0 0.030994805274531245
1118.0 0.032256238046102226
1119.0 0.032864679815247655
1120.0 0.033473121584393084
1121.0 0.03750211326405406
1122.0 0.04153110203333199
1123.0 0.03943797782994807
1124.0 0.0373448507161811
1125.0 0.04025999805890024
1126.0 0.04317514249123633
1127.0 0.045110739301890135
1128.0 0.04704634193331003
1129.0 0.048803017125464976
1130.0 0.05055969231761992
1131.0 0.054084876319393516
1132.0 0.05761006032116711
1133.0 0.058486300986260176
1134.0 0.05936254747211933
1135.0 0.06473836256191134
1136.0 0.07011418929323554
1137.0 0.0738292932510376
1138.0 0.07754439138807356
1139.0 0.09456307161599398
1140.0 0.1115817460231483
1141.0 0.16463774954900146
1142.0 0.2176937647163868
1143.0 0.4763954784721136
1144.0 0.7350971456617117
1145.0 1.1323061771690845
1146.0 1.5295148827135563
1147.0 1.5999296680092812
1148.0 1.6703443601727486
1149.0 2.1986959502100945
1150.0 2.7270469814538956
