lsstCam/transmission_filter_detector/r14_s20/r_57/19700101T000000.ecsv
# %ECSV 1.0
# ---
# datatype:
# - {name: wavelength, unit: nm, datatype: float32}
# - {name: efficiency, unit: '%', datatype: float64}
# meta: !!omap
# - {MODE: DETECTOR}
# - {TYPE: transmission_filter_detector}
# - {CALIBDATE: '1970-01-01T00:00:00'}
# - {INSTRUME: LSSTCam}
# - {OBSTYPE: transmission_filter_detector}
# - {CALIBCLS: lsst.ip.isr.IntermediateFilterDetectorTransmissionCurve}
# - {SOURCE: Materion (DM-46256)}
# - {DETECTOR: 69}
# - {FILTER: r_57}
# - {CALIB_ID: 'calibDate=1970-01-01T00:00:00 filter=r_57 detector=69'}
# - {DATE: '2025-04-02T15:59:44.502537'}
# - {CALIB_CREATION_DATE: '2025-04-02'}
# - {CALIB_CREATION_TIME: '15:59:44'}
# - __serialized_columns__:
#     efficiency:
#       __class__: astropy.units.quantity.Quantity
#       unit: !astropy.units.Unit {unit: '%'}
#       value: !astropy.table.SerializedColumn {name: efficiency}
#     wavelength:
#       __class__: astropy.units.quantity.Quantity
#       unit: !astropy.units.Unit {unit: nm}
#       value: !astropy.table.SerializedColumn {name: wavelength}
# schema: astropy-2.0
wavelength efficiency
300.0 0.002765949466265738
301.0 0.00639281643088907
302.0 0.010019683395512402
303.0 0.012108333612559363
304.0 0.014196985284797847
305.0 0.012299988884478807
306.0 0.010402994666947052
307.0 0.00880160296219401
308.0 0.007200212712632492
309.0 0.006654731259914115
310.0 0.006109249807195738
311.0 0.005346059333533049
312.0 0.004582869587466121
313.0 0.004133755646762438
314.0 0.0036846431612502784
315.0 0.003921211828128435
316.0 0.004157782313995995
317.0 0.004071315925102681
318.0 0.003984850263805129
319.0 0.003457932689343579
320.0 0.0029310140234883875
321.0 0.002786901495710481
322.0 0.0026427889679325745
323.0 0.002562836198194418
324.0 0.0024828832465573214
325.0 0.002527777360228356
326.0 0.0025726718376972713
327.0 0.00264735735981958
328.0 0.0027220428819418885
329.0 0.0025935643861885183
330.0 0.0024650857085362077
331.0 0.0023059134036884643
332.0 0.0021467412807396613
333.0 0.002122036494256463
334.0 0.002097331889672205
335.0 0.0018865794118028134
336.0 0.0016758267520344816
337.0 0.0015232894838845823
338.0 0.0013707521247852128
339.0 0.0012033070561301429
340.0 0.0010358618055761326
341.0 0.0010278355148329865
342.0 0.0010198093150393106
343.0 0.0010821719115483575
344.0 0.0011445346899563447
345.0 0.0010973097232636064
346.0 0.0010500849384698085
347.0 0.0009646373655414209
348.0 0.0008791897926130332
349.0 0.0008431051355728414
350.0 0.005684125062543899
351.0 0.005555720781558193
352.0 0.005427316500572488
353.0 0.0046696248318767175
354.0 0.003911934254574589
355.0 0.004423530481290072
356.0 0.004935127799399197
357.0 0.006557491724379361
358.0 0.008179855649359524
359.0 0.006151349225547165
360.0 0.004122842801734805
361.0 0.0029557595553342253
362.0 0.0017886763089336455
363.0 0.0026705098207457922
364.0 0.0035523429687600583
365.0 0.0038472462620120496
366.0 0.0041421499190619215
367.0 0.0032356318115489557
368.0 0.0023291135221370496
369.0 0.0019561875888030045
370.0 0.0015832618373678997
371.0 0.002169583603972569
372.0 0.002755905734375119
373.0 0.0033044150768546388
374.0 0.0038529240555362776
375.0 0.0033768385037546977
376.0 0.002900753497669939
377.0 0.0013369021871767472
378.0 1.6175210042906896e-10
379.0 0.0004233560503053013
380.0 0.0010736613148765173
381.0 0.0022252503185882233
382.0 0.00337683959514834
383.0 0.003486797140794806
384.0 0.0035967546864412725
385.0 0.004389810055727139
386.0 0.005182864697417244
387.0 0.004730936780106276
388.0 0.0042790084989974275
389.0 0.0036486082535702735
390.0 0.003018207280547358
391.0 0.0020034292901982553
392.0 0.0009886512998491526
393.0 0.001168389371741796
394.0 0.0013481268979376182
395.0 0.0011574754353205208
396.0 0.0009668238817539532
397.0 0.0009151251106231939
398.0 0.0008634266123408452
399.0 0.0007203359928098507
400.0 0.0005772448275820352
401.0 7.555175898232847e-05
402.0 1.6175210042906896e-10
403.0 1.6175210042906896e-10
404.0 1.6175210042906896e-10
405.0 0.00046056179598963354
406.0 0.0009672648047853727
407.0 0.0015508243450312875
408.0 0.002134383794327732
409.0 0.0017854879843071103
410.0 0.001436591992387548
411.0 0.0010456225027155597
412.0 0.0006546529675688362
413.0 0.0006084377218940062
414.0 0.0005622225216939114
415.0 0.0006042147560947342
416.0 0.0006462073088187026
417.0 0.0011570464266696945
418.0 0.0016678859537933022
419.0 0.0021699233911931515
420.0 0.002671961010491941
421.0 0.004102404272998683
422.0 0.005532847353606485
423.0 0.008554558007745072
424.0 0.011576268298085779
425.0 0.015872379299253225
426.0 0.02016848447965458
427.0 0.02072093921015039
428.0 0.021273395395837724
429.0 0.016263872385025024
430.0 0.01125435228459537
431.0 0.007976553024491295
432.0 0.004698752309195697
433.0 0.0037936912121949717
434.0 0.002888630115194246
435.0 0.0023040081941871904
436.0 0.0017193860912811942
437.0 0.0015345165593316779
438.0 0.0013496471183316316
439.0 0.0011499311767693143
440.0 0.0009502153261564672
441.0 0.0012064308975823224
442.0 0.0014626464690081775
443.0 0.0018054712199955247
444.0 0.0021482961528818123
445.0 0.001994670310523361
446.0 0.0018410444681649096
447.0 0.0016033160136430524
448.0 0.0013655877410201356
449.0 0.001346122553513851
450.0 0.0013266570022096857
451.0 0.0014752167771803215
452.0 0.0016237765521509573
453.0 0.001568685365782585
454.0 0.001513594361313153
455.0 0.0013968587154522538
456.0 0.0012801233424397651
457.0 0.0009131232218351215
458.0 0.000546123146705213
459.0 0.0008131013601087034
460.0 0.001080079709936399
461.0 0.001724494359223172
462.0 0.0023689082809141837
463.0 0.0030000364859006368
464.0 0.00363116487278603
465.0 0.004681578138843179
466.0 0.005731992132496089
467.0 0.0063789571868255734
468.0 0.007025924423942342
469.0 0.006028528150636703
470.0 0.005031133332522586
471.0 0.0038088401197455823
472.0 0.0025865467250696383
473.0 0.002171203050238546
474.0 0.0017558591935085133
475.0 0.0014461287719313987
476.0 0.0011363986232026946
477.0 0.0009174256774713285
478.0 0.0006984525953157572
479.0 0.0009254758879251312
480.0 0.0011524990441103
481.0 0.0008757364412304014
482.0 0.0005989738838252379
483.0 0.0006558702352776891
484.0 0.0007127664048311999
485.0 0.000633194986221497
486.0 0.0005536233402381185
487.0 0.0005582588983088499
488.0 0.0005628944109048462
489.0 0.000596021209275932
490.0 0.000629148007647018
491.0 0.0007869211003708187
492.0 0.0009446941476198845
493.0 0.0010337912499380764
494.0 0.001122888261306798
495.0 0.0010203718375123572
496.0 0.0009178552318189759
497.0 0.0011372856533853337
498.0 0.001356715802103281
499.0 0.0013331231457414106
500.0 0.0013095307622279506
501.0 0.0014829413885308895
502.0 0.001656352287682239
503.0 0.002036056321230717
504.0 0.0024157601728802547
505.0 0.0029357386665651575
506.0 0.003455717524047941
507.0 0.004065458051627502
508.0 0.004675198579207063
509.0 0.0051672119298018515
510.0 0.005659224189002998
511.0 0.00506447977386415
512.0 0.004469734994927421
513.0 0.0038322243199218065
514.0 0.003194713281118311
515.0 0.002999931894009933
516.0 0.0028051505069015548
517.0 0.002596593913040124
518.0 0.002388037319178693
519.0 0.0769604288507253
520.0 0.10240096598863602
521.0 0.12650908902287483
522.0 0.08546151220798492
523.0 0.1507057691924274
524.0 0.10425845393911004
525.0 0.1088312710635364
526.0 0.0886229332536459
527.0 0.10441741906106472
528.0 0.17379268538206816
529.0 0.13328047934919596
530.0 0.151559105142951
531.0 0.1923590782098472
532.0 0.25764559395611286
533.0 0.2183018485084176
534.0 0.43972283601760864
535.0 0.5354818422347307
536.0 0.7146614603698254
537.0 1.0996264405548573
538.0 1.5756160020828247
539.0 2.506210468709469
540.0 4.055393114686012
541.0 5.9409186244010925
542.0 8.437053859233856
543.0 11.568132787942886
544.0 15.361806750297546
545.0 19.728755950927734
546.0 24.97152090072632
547.0 31.4389705657959
548.0 39.32870328426361
549.0 47.69706428050995
550.0 54.20837998390198
551.0 61.89611554145813
552.0 66.96956157684326
553.0 71.96012735366821
554.0 75.57933330535889
555.0 79.9393892288208
556.0 83.50493311882019
557.0 86.30380630493164
558.0 89.50992226600647
559.0 92.3195481300354
560.0 92.90827512741089
561.0 94.49844360351562
562.0 95.61315774917603
563.0 95.04572749137878
564.0 95.63695788383484
565.0 95.28911709785461
566.0 95.94026803970337
567.0 95.25676965713501
568.0 95.739084482193
569.0 96.346515417099
570.0 95.98973989486694
571.0 96.99874520301819
572.0 97.18582034111023
573.0 96.66116833686829
574.0 96.68748378753662
575.0 96.68229818344116
576.0 97.16102480888367
577.0 96.9564139842987
578.0 97.1496045589447
579.0 96.8272864818573
580.0 96.5282678604126
581.0 96.17899656295776
582.0 96.72702550888062
583.0 96.75721526145935
584.0 96.11923098564148
585.0 96.41909003257751
586.0 96.70894742012024
587.0 96.18595242500305
588.0 96.3677704334259
589.0 96.95577025413513
590.0 96.37654423713684
591.0 96.02212309837341
592.0 95.697021484375
593.0 95.58595418930054
594.0 95.98488807678223
595.0 96.30323648452759
596.0 96.69305086135864
597.0 97.4251925945282
598.0 96.58621549606323
599.0 97.03254699707031
600.0 97.08475470542908
601.0 96.04151844978333
602.0 96.75666093826294
603.0 96.43769264221191
604.0 96.473228931427
605.0 96.80066108703613
606.0 96.04415893554688
607.0 95.92903256416321
608.0 96.18178009986877
609.0 95.36750912666321
610.0 96.25497460365295
611.0 95.90805172920227
612.0 95.70941925048828
613.0 97.03583717346191
614.0 96.29803895950317
615.0 96.0167646408081
616.0 96.2829053401947
617.0 96.43775820732117
618.0 96.5273380279541
619.0 97.26115465164185
620.0 95.91497778892517
621.0 95.54939866065979
622.0 96.54442071914673
623.0 96.48522734642029
624.0 96.80860042572021
625.0 96.91915512084961
626.0 96.11151814460754
627.0 94.97571587562561
628.0 97.07277417182922
629.0 95.23910284042358
630.0 96.67067527770996
631.0 96.05247378349304
632.0 96.57064080238342
633.0 96.67646288871765
634.0 95.79043388366699
635.0 96.16780877113342
636.0 96.13306522369385
637.0 95.51787376403809
638.0 95.49856185913086
639.0 95.28848528862
640.0 95.67214250564575
641.0 95.19675374031067
642.0 95.74270844459534
643.0 96.03971242904663
644.0 95.85741758346558
645.0 96.40505313873291
646.0 95.9924042224884
647.0 97.06174731254578
648.0 96.57636284828186
649.0 95.59425711631775
650.0 96.4582622051239
651.0 96.7555820941925
652.0 96.91896438598633
653.0 95.9498941898346
654.0 96.62455320358276
655.0 96.93198204040527
656.0 95.66631317138672
657.0 96.23289108276367
658.0 96.47344946861267
659.0 96.27336859703064
660.0 95.50263285636902
661.0 95.17842531204224
662.0 95.79010605812073
663.0 95.73848843574524
664.0 95.64685225486755
665.0 95.19933462142944
666.0 95.42397260665894
667.0 95.62418460845947
668.0 94.9041485786438
669.0 95.3575611114502
670.0 95.3697144985199
671.0 95.83386778831482
672.0 95.36858797073364
673.0 95.32742500305176
674.0 94.97973918914795
675.0 95.54639458656311
676.0 95.0697660446167
677.0 93.9326822757721
678.0 93.36875677108765
679.0 92.43414998054504
680.0 91.84410572052002
681.0 90.21863341331482
682.0 88.21068406105042
683.0 85.19492149353027
684.0 81.95696473121643
685.0 78.47020030021667
686.0 74.93255734443665
687.0 70.26450634002686
688.0 65.83912968635559
689.0 61.22902035713196
690.0 55.840688943862915
691.0 51.90252661705017
692.0 47.243037819862366
693.0 42.92101263999939
694.0 37.945351004600525
695.0 32.79510140419006
696.0 27.497056126594543
697.0 22.281929850578308
698.0 16.595260798931122
699.0 12.035968899726868
700.0 8.519943058490753
701.0 5.35450279712677
702.0 3.3927612006664276
703.0 1.97624322026968
704.0 1.1787362396717072
705.0 0.6616792641580105
706.0 0.4390938673168421
707.0 0.2748606726527214
708.0 0.15186045784503222
709.0 0.154938327614218
710.0 0.08250192040577531
711.0 0.05378683563321829
712.0 0.10441994527354836
713.0 0.09434926905669272
714.0 0.05823606625199318
715.0 0.03658843343146145
716.0 0.04261026915628463
717.0 0.05586288752965629
718.0 0.08291934500448406
719.0 0.07083301898092031
720.0 1.6175210042906896e-10
721.0 0.004495358734857291
722.0 0.004236979293636978
723.0 0.003978599852416664
724.0 0.00369208755728323
725.0 0.003405575262149796
726.0 0.003130016557406634
727.0 0.0028544580345624126
728.0 0.0027040881832363084
729.0 0.002553718150011264
730.0 0.002420103919575922
731.0 0.002286489871039521
732.0 0.0022804009859100915
733.0 0.002274312100780662
734.0 0.0021567291696555912
735.0 0.0020391458747326396
736.0 0.001830725886975415
737.0 0.0016223060811171308
738.0 0.0016274459994747303
739.0 0.0016325862816302106
740.0 0.0016016087101888843
741.0 0.0015706313206464984
742.0 0.0014263626326282974
743.0 0.0012820938536606263
744.0 0.0013368691725190729
745.0 0.001391644218529109
746.0 0.0013369842235988472
747.0 0.0012823243196180556
748.0 0.0011924041245947592
749.0 0.0011024839295714628
750.0 0.0010940052561636548
751.0 0.0010855270375031978
752.0 0.0011254925993853249
753.0 0.0011654580703179818
754.0 0.0011357024050084874
755.0 0.0011059470125474036
756.0 0.001072988106898265
757.0 0.0010400291102996562
758.0 0.0010526054211368319
759.0 0.0010651817319740076
760.0 0.0010492532055650372
761.0 0.0010333248610550072
762.0 0.0010181122888752725
763.0 0.0010029000804934185
764.0 0.0009955926543625537
765.0 0.0009882854101306293
766.0 0.0008038815394684207
767.0 0.0006194778507051524
768.0 0.000633666468274896
769.0 0.0006478549039456993
770.0 0.0007785272828186862
771.0 0.0009091999345400836
772.0 0.0008199158401112072
773.0 0.0007306315637833904
774.0 0.0008250637620221823
775.0 0.0009194960512104444
776.0 0.0009072811735677533
777.0 0.0008950663868745323
778.0 0.0008526060810254421
779.0 0.0008101458661258221
780.0 0.0007158557764341822
781.0 0.0006215657776920125
782.0 0.000684759243085864
783.0 0.0007479526175302453
784.0 0.0007927460501377936
785.0 0.0008375392098969314
786.0 0.00073177784543077
787.0 0.0006260164809646085
788.0 0.0006215537723619491
789.0 0.0006170912911329651
790.0 0.000709347887095646
791.0 0.0008016044375835918
792.0 0.0007921502401586622
793.0 0.0007826960427337326
794.0 0.0008454642738797702
795.0 0.0009082322321773972
796.0 0.0007286934760486474
797.0 0.0005491546289704274
798.0 0.0006939850209164433
799.0 0.000838815321912989
800.0 0.0007729485332674813
801.0 0.0007070815627230331
802.0 0.0006072950327506987
803.0 0.0005075081844552187
804.0 0.0006315335213002982
805.0 0.0007555589036201127
806.0 0.0006494726221717428
807.0 0.0005433863861981081
808.0 0.0006882654361106688
809.0 0.0008331444405484945
810.0 0.0007291423571587075
811.0 0.000625140546617331
812.0 0.0006635193130932748
813.0 0.0007018980795692187
814.0 0.0005975798103463603
815.0 0.000493261586598237
816.0 0.0005763832632510457
817.0 0.0006595050308533246
818.0 0.0006743830454070121
819.0 0.0006892609690112295
820.0 0.0005058459919382585
821.0 0.0003224309693905525
822.0 0.00039884212128526997
823.0 0.00047525331865472253
824.0 0.0004984748102287995
825.0 0.0005216962563281413
826.0 0.0005528855126613053
827.0 0.0005840747235197341
828.0 0.00044056437218387146
829.0 0.00029705399811064126
830.0 0.00018019873095909134
831.0 6.334348654490896e-05
832.0 6.294057470768166e-05
833.0 6.25376515017706e-05
834.0 1.6207589226269192e-05
835.0 1.6175210042906896e-10
836.0 0.00028161739464849234
837.0 0.0005933574357186444
838.0 0.0007511369403800927
839.0 0.0009089165359910112
840.0 0.0012545510799100157
841.0 0.00160018553287955
842.0 0.002099177254422102
843.0 0.0025981691578635946
844.0 0.0024845212465152144
845.0 0.0023708735170657746
846.0 0.002458105700497981
847.0 0.0025453373382333666
848.0 0.0025216479116352275
849.0 0.002497958303138148
850.0 0.0021038118575233966
851.0 0.0017096655938075855
852.0 0.0014505461876979098
853.0 0.0011914265087398235
854.0 0.0010492589353816584
855.0 0.0009070911801245529
856.0 0.0006938436399650527
857.0 0.0004805961452802876
858.0 0.0005517728368431563
859.0 0.0006229494374565547
860.0 0.0005158298790775007
861.0 0.0004087103206984466
862.0 0.00041065222831093706
863.0 0.0004125941813981626
864.0 0.00027929606858378975
865.0 0.00014599803535020328
866.0 0.0001464572164877609
867.0 0.00014691638625663472
868.0 0.0001871562631095003
869.0 0.0002273961172249983
870.0 0.00011430189488237374
871.0 1.2076533550953172e-06
872.0 1.6175210042906896e-10
873.0 1.6175210042906896e-10
874.0 1.6175210042906896e-10
875.0 1.6175210042906896e-10
876.0 1.6175210042906896e-10
877.0 8.05041054263711e-05
878.0 0.000171221097389207
879.0 0.0002619380893520429
880.0 0.00017100613831644296
881.0 8.007416454347549e-05
882.0 9.910344260788406e-05
883.0 0.00011813275477834395
884.0 1.2346995958978368e-05
885.0 1.6175210042906896e-10
886.0 3.146434721656988e-05
887.0 0.00015636743455615942
888.0 0.00019164735931553878
889.0 0.00022692724996886682
890.0 0.00015377455611087498
891.0 8.062181109380617e-05
892.0 1.6175210042906896e-10
893.0 1.6175210042906896e-10
894.0 1.6175210042906896e-10
895.0 3.5152061172993854e-05
896.0 7.386450420199253e-05
897.0 0.0001125769927057263
898.0 0.00011050470902773668
899.0 0.00010843242534974706
900.0 2.4174110535568616e-05
901.0 1.6175210042906896e-10
