lsstCam/transmission_filter_detector/r14_s20/r_57/19700101T000000.ecsv
# %ECSV 1.0
# ---
# datatype:
# - {name: wavelength, unit: nm, datatype: float32}
# - {name: efficiency, unit: '%', datatype: float64}
# meta: !!omap
# - {MODE: DETECTOR}
# - {TYPE: transmission_filter_detector}
# - {CALIBDATE: '1970-01-01T00:00:00'}
# - {INSTRUME: LSSTCam}
# - {OBSTYPE: transmission_filter_detector}
# - {CALIBCLS: lsst.ip.isr.IntermediateFilterDetectorTransmissionCurve}
# - {SOURCE: Materion (DM-46256)}
# - {DETECTOR: 69}
# - {FILTER: r_57}
# - {CALIB_ID: 'calibDate=1970-01-01T00:00:00 filter=r_57 detector=69'}
# - {DATE: '2025-04-02T15:59:44.502537'}
# - {CALIB_CREATION_DATE: '2025-04-02'}
# - {CALIB_CREATION_TIME: '15:59:44'}
# - __serialized_columns__:
#     efficiency:
#       __class__: astropy.units.quantity.Quantity
#       unit: !astropy.units.Unit {unit: '%'}
#       value: !astropy.table.SerializedColumn {name: efficiency}
#     wavelength:
#       __class__: astropy.units.quantity.Quantity
#       unit: !astropy.units.Unit {unit: nm}
#       value: !astropy.table.SerializedColumn {name: wavelength}
# schema: astropy-2.0
wavelength efficiency
[from data line 603]
903.0 1.6175210042906896e-10
904.0 1.6175210042906896e-10
905.0 6.819347504460893e-05
906.0 2.7636576760414755e-05
907.0 1.6175210042906896e-10
908.0 1.6175210042906896e-10
909.0 1.6175210042906896e-10
910.0 1.6175210042906896e-10
911.0 1.6175210042906896e-10
912.0 1.6175210042906896e-10
913.0 1.6175210042906896e-10
914.0 1.6175210042906896e-10
915.0 4.970606823917478e-05
916.0 2.532492828777322e-05
917.0 9.438157810848224e-07
918.0 7.249599320857669e-05
919.0 0.00014404813555302098
920.0 4.649105562748446e-05
921.0 1.6175210042906896e-10
922.0 7.515736797358841e-05
923.0 0.0002013807943512802
924.0 0.00022312831333692884
925.0 0.00024487587779731257
926.0 0.0001782321874088666
927.0 0.00011158850838910439
928.0 0.00014681594393550768
929.0 0.0001820433681132272
930.0 0.00023032871467876248
931.0 0.00027861410671903286
932.0 0.00014652780464530224
933.0 1.4441563678246894e-05
934.0 0.00014945532029742026
935.0 0.0002844690470737987
936.0 0.0003013877631019568
937.0 0.00031830645639274735
938.0 0.0003266301973781083
939.0 0.0003349539838382043
940.0 0.00031080310236575315
941.0 0.000286652220893302
942.0 0.00031240947464539204
943.0 0.0003381667511348496
944.0 0.00029901791549491463
945.0 0.00025986912532971473
946.0 0.00033819201235019136
947.0 0.00041651487663330045
948.0 0.0005344379587768344
949.0 0.0006523611773445737
950.0 0.0006262906481424579
951.0 0.0006002201189403422
952.0 0.0007414007541228784
953.0 0.000882581571204355
954.0 0.0011678470400511287
955.0 0.001453112781746313
956.0 0.0015618188626831397
957.0 0.0016705249436199665
958.0 0.0017560367268742993
959.0 0.0018415486920275725
960.0 0.0019815415726043284
961.0 0.0021215344531810842
962.0 0.0023036158381728455
963.0 0.002485697405063547
964.0 0.002486743323970586
965.0 0.0024877888790797442
966.0 0.0024384537027799524
967.0 0.0023891185264801607
968.0 0.002354615935473703
969.0 0.0023201137082651258
970.0 0.0024336948627023958
971.0 0.0025472763809375465
972.0 0.0025786861442611553
973.0 0.0026100955437868834
974.0 0.002853617479559034
975.0 0.003097139051533304
976.0 0.0032019303034758195
977.0 0.003306721191620454
978.0 0.0031867093639448285
979.0 0.003066697536269203
980.0 0.003017713788722176
981.0 0.002968729859276209
982.0 0.0030594339477829635
983.0 0.003150138581986539
984.0 0.0030936123948777094
985.0 0.00303708620776888
986.0 0.002939847036032006
987.0 0.002842608228093013
988.0 0.0026561405320535414
989.0 0.00246967301791301
990.0 0.002518080327718053
991.0 0.002566487637523096
992.0 0.0026217281629214995
993.0 0.002676968688319903
994.0 0.0026951303880196065
995.0 0.0027132913601235487
996.0 0.0027786622013081796
997.0 0.0028440328605938703
998.0 0.0029950635507702827
999.0 0.003146094604744576
1000.0 0.0032966348953777924
1001.0 0.0034471755498088896
1002.0 0.0036293833545641974
1003.0 0.003811591159319505
1004.0 0.003961623588111252
1005.0 0.004111655653105117
1006.0 0.00427411578129977
1007.0 0.004436575909494422
1008.0 0.00435875917901285
1009.0 0.0042809424485312775
1010.0 0.004247582546668127
1011.0 0.004214223008602858
1012.0 0.004222720235702582
1013.0 0.004231217462802306
1014.0 0.004004557922598906
1015.0 0.003777898382395506
1016.0 0.003621827272581868
1017.0 0.0034657565265661106
1018.0 0.003036750786122866
1019.0 0.0026077452275785618
1020.0 0.0021946414562989958
1021.0 0.0017815376850194298
1022.0 0.0016186166249099188
1023.0 0.0014556950191035867
1024.0 0.0015173997780948412
1025.0 0.001579104718985036
1026.0 0.001422263085260056
1027.0 0.0012654211786866654
1028.0 0.0011164279385411646
1029.0 0.0009674344255472533
1030.0 0.0009110342034546193
1031.0 0.0008546332537662238
1032.0 0.0008384647117054556
1033.0 0.0008222958967962768
1034.0 0.0008126982720568776
1035.0 0.0008031003744690679
1036.0 0.0008624982001492754
1037.0 0.0009218956620316021
1038.0 0.0008347803486685734
1039.0 0.0007476651262550149
1040.0 0.0008085107765509747
1041.0 0.0008693564268469345
1042.0 0.0010109118193213362
1043.0 0.0011524668479978573
1044.0 0.001001415785140125
1045.0 0.0008503649951308034
1046.0 0.0008197793249564711
1047.0 0.0007891939276305493
1048.0 0.0006776950613129884
1049.0 0.000566196422369103
1050.0 0.0006665571618214017
1051.0 0.0007669179467484355
1052.0 0.0010207557352259755
1053.0 0.0012745931599056348
1054.0 0.0011759761946450453
1055.0 0.0010773591384349857
1056.0 0.0010823597222042736
1057.0 0.001087360578821972
1058.0 0.000821946650830796
1059.0 0.0005565329956880305
1060.0 0.0009208468327415176
1061.0 0.001285160305997124
1062.0 0.0014146296962280758
1063.0 0.0015440989955095574
1064.0 0.001195201366499532
1065.0 0.0008463034646410961
1066.0 0.0011913291928067338
1067.0 0.0015363548300229013
1068.0 0.001774968404788524
1069.0 0.002013581615756266
1070.0 0.0015507068383158185
1071.0 0.001087831969925901
1072.0 0.0013907081665820442
1073.0 0.0016935844541876577
1074.0 0.0021439183910842985
1075.0 0.002594252146081999
1076.0 0.002987729567394126
1077.0 0.003381207352504134
1078.0 0.003993798964074813
1079.0 0.004606390939443372
1080.0 0.004462269134819508
1081.0 0.004318146966397762
1082.0 0.004183861892670393
1083.0 0.004049577182740904
1084.0 0.004480520510696806
1085.0 0.004911463474854827
1086.0 0.004826723670703359
1087.0 0.004741983866551891
1088.0 0.004760046067531221
1089.0 0.004778108632308431
1090.0 0.0045757584302918985
1091.0 0.004373408228275366
1092.0 0.0037569923733826727
1093.0 0.0031405761546920985
1094.0 0.00381384052161593
1095.0 0.004487104524741881
1096.0 0.0033358934160787612
1097.0 0.002184682307415642
1098.0 0.0019411643734201789
1099.0 0.0016976468032225966
1100.0 0.0019608973161666654
1101.0 0.002224147283413913
