lsstCam/transmission_sensor/r41_s11/19700101T000000.ecsv
# %ECSV 1.0
# ---
# datatype:
# - {name: amp_name, datatype: string}
# - {name: wavelength, unit: nm, datatype: float32}
# - {name: efficiency, unit: '%', datatype: float64}
# meta: !!omap
# - {MODE: AMP}
# - {TYPE: transmission_sensor}
# - {CALIBDATE: '1970-01-01T00:00:00'}
# - {INSTRUME: LSSTCAM}
# - {OBSTYPE: transmission_sensor}
# - {DETECTOR: 166}
# - {PARQUETFILE: qe_raft_allvalues_nircorrected_20230725.parquet}
# - {CALIBCLS: lsst.ip.isr.IntermediateSensorTransmissionCurve}
# - {CALIB_ID: 'raftName=R41 detectorName=S11 detector=166 calibDate=1970-01-01T00:00:00 ccd=166 ccdnum=166 filter=None'}
# - {DATE: '2023-08-02T16:57:56.085449'}
# - {CALIB_CREATION_DATE: '2023-08-02'}
# - {CALIB_CREATION_TIME: '16:57:56'}
# - __serialized_columns__:
#     efficiency:
#       __class__: astropy.units.quantity.Quantity
#       unit: !astropy.units.Unit {unit: '%'}
#       value: !astropy.table.SerializedColumn {name: efficiency}
#     wavelength:
#       __class__: astropy.units.quantity.Quantity
#       unit: !astropy.units.Unit {unit: nm}
#       value: !astropy.table.SerializedColumn {name: wavelength}
# schema: astropy-2.0
amp_name wavelength efficiency
C00 319.994 44.660770416259766
C00 324.969 45.4288215637207
C00 349.982 51.58401107788086
C00 374.975 68.30361938476562
C00 400.019 84.86595153808594
C00 424.965 88.9013900756836
C00 450.035 89.94346618652344
C00 475.003 90.05821228027344
C00 500.018 89.85408020019531
C00 525.002 89.2121810913086
C00 550.029 90.23898315429688
C00 575.023 90.82312774658203
C00 599.982 91.48506927490234
C00 619.997 92.63556671142578
C00 624.979 92.7099609375
C00 650.012 93.82874298095703
C00 675.004 94.80823516845703
C00 700.03 95.59064483642578
C00 725.012 96.40127563476562
C00 750.022 97.33980560302734
C00 774.987 98.9708251953125
C00 799.976 98.78748321533203
C00 824.988 98.80477142333984
C00 850.022 97.51033020019531
C00 869.967 95.23943328857422
C00 875.002 94.59522247314453
C00 899.999 88.87088012695312
C00 919.999 81.63018798828125
C00 925.012 78.18341827392578
C00 949.965 64.10884857177734
C00 975.002 47.97371292114258
C00 999.976 30.64344596862793
C00 1025.028 14.65365982055664
C00 1050.014 5.9211106300354
C00 1075.002 0.9273415674559038
C00 1099.99 0.09200997839178468
C01 319.994 44.55857467651367
C01 324.969 45.271240234375
C01 349.982 51.21632385253906
C01 374.975 67.953857421875
C01 400.019 84.76178741455078
C01 424.965 89.01564025878906
C01 450.035 90.15193939208984
C01 475.003 90.28352355957031
C01 500.018 90.05386352539062
C01 525.002 89.37727355957031
C01 550.029 90.36280822753906
C01 575.023 90.90739440917969
C01 599.982 91.53878021240234
C01 619.997 92.66537475585938
C01 624.979 92.74121856689453
C01 650.012 93.84561920166016
C01 675.004 94.81893157958984
C01 700.03 95.59638977050781
C01 725.012 96.39488220214844
C01 750.022 97.33760070800781
C01 774.987 98.95995330810547
C01 799.976 98.7809066772461
C01 824.988 98.82757568359375
C01 850.022 97.55146789550781
C01 869.967 95.28681945800781
C01 875.002 94.6476821899414
C01 899.999 88.91744232177734
C01 919.999 81.69111633300781
C01 925.012 78.29560852050781
C01 949.965 64.28981018066406
C01 975.002 48.0872688293457
C01 999.976 30.81926727294922
C01 1025.028 14.771238327026367
C01 1050.014 6.036293029785156
C01 1075.002 0.9273205527068017
C01 1099.99 0.09200789332768464
C02 319.994 44.50001525878906
C02 324.969 45.15845489501953
C02 349.982 50.89719772338867
C02 374.975 67.62265014648438
C02 400.019 84.67667388916016
C02 424.965 89.13883209228516
C02 450.035 90.36634063720703
C02 475.003 90.51546478271484
C02 500.018 90.25752258300781
C02 525.002 89.53279876708984
C02 550.029 90.48164367675781
C02 575.023 90.99128723144531
C02 599.982 91.59640502929688
C02 619.997 92.70980834960938
C02 624.979 92.78233337402344
C02 650.012 93.87757873535156
C02 675.004 94.84514617919922
C02 700.03 95.62397003173828
C02 725.012 96.4186019897461
C02 750.022 97.36409759521484
C02 774.987 98.9885025024414
C02 799.976 98.82130432128906
C02 824.988 98.88599395751953
C02 850.022 97.63270568847656
C02 869.967 95.38162231445312
C02 875.002 94.74478912353516
C02 899.999 89.00473022460938
C02 919.999 81.8260726928711
C02 925.012 78.46058654785156
C02 949.965 64.54610443115234
C02 975.002 48.25910186767578
C02 999.976 30.88649559020996
C02 1025.028 14.837828636169434
C02 1050.014 6.068662643432617
C02 1075.002 0.9275729639679344
C02 1099.99 0.09203293734112876
C03 319.994 44.48563766479492
C03 324.969 45.09857940673828
C03 349.982 50.66061019897461
C03 374.975 67.35942077636719
C03 400.019 84.61707305908203
C03 424.965 89.25410461425781
C03 450.035 90.55936431884766
C03 475.003 90.71468353271484
C03 500.018 90.43562316894531
C03 525.002 89.6799545288086
C03 550.029 90.58967590332031
C03 575.023 91.07209014892578
C03 599.982 91.6554946899414
C03 619.997 92.75628662109375
C03 624.979 92.82915496826172
C03 650.012 93.9165267944336
C03 675.004 94.87764739990234
C03 700.03 95.6588363647461
C03 725.012 96.4615707397461
C03 750.022 97.41072845458984
C03 774.987 99.04672241210938
C03 799.976 98.88752746582031
C03 824.988 98.97285461425781
C03 850.022 97.73237609863281
C03 869.967 95.48960876464844
C03 875.002 94.85186004638672
C03 899.999 89.10076141357422
C03 919.999 81.93535614013672
C03 925.012 78.57899475097656
C03 949.965 64.7109146118164
C03 975.002 48.37541198730469
C03 999.976 30.961172103881836
C03 1025.028 14.881580352783203
C03 1050.014 6.089887619018555
C03 1075.002 0.9280171631717744
C03 1099.99 0.09207701037805634
C04 319.994 44.42695617675781
C04 324.969 44.99159622192383
C04 349.982 50.36398696899414
C04 374.975 67.0091781616211
C04 400.019 84.45230865478516
C04 424.965 89.26300811767578
C04 450.035 90.65461730957031
C04 475.003 90.826416015625
C04 500.018 90.5260238647461
C04 525.002 89.72705841064453
C04 550.029 90.60883331298828
C04 575.023 91.06082153320312
C04 599.982 91.62374114990234
C04 619.997 92.71603393554688
C04 624.979 92.78044891357422
C04 650.012 93.8564682006836
C04 675.004 94.82698822021484
C04 700.03 95.60798645019531
C04 725.012 96.42046356201172
C04 750.022 97.38079071044922
C04 774.987 99.02880859375
C04 799.976 98.88551330566406
C04 824.988 98.9820327758789
C04 850.022 97.76606750488281
C04 869.967 95.5225601196289
C04 875.002 94.88199615478516
C04 899.999 89.12832641601562
C04 919.999 81.97966003417969
C04 925.012 78.62813568115234
C04 949.965 64.79412078857422
C04 975.002 48.416175842285156
C04 999.976 30.980947494506836
C04 1025.028 14.906492233276367
C04 1050.014 6.104883670806885
C04 1075.002 0.9277318457063517
C04 1099.99 0.09204870144125286
C05 319.994 44.309444427490234
C05 324.969 44.82481002807617
C05 349.982 50.00428771972656
C05 374.975 66.57302856445312
C05 400.019 84.19288635253906
C05 424.965 89.20205688476562
C05 450.035 90.68421936035156
C05 475.003 90.87787628173828
C05 500.018 90.56099700927734
C05 525.002 89.73185729980469
C05 550.029 90.58155822753906
C05 575.023 91.0052719116211
C05 599.982 91.54735565185547
C05 619.997 92.62873840332031
C05 624.979 92.69056701660156
C05 650.012 93.75902557373047
C05 675.004 94.72309875488281
C05 700.03 95.5113525390625
C05 725.012 96.34222412109375
C05 750.022 97.3243408203125
C05 774.987 98.99939727783203
C05 799.976 98.87629699707031
C05 824.988 98.97891235351562
C05 850.022 97.78866577148438
C05 869.967 95.54670715332031
C05 875.002 94.88959503173828
C05 899.999 89.15442657470703
C05 919.999 82.05167388916016
C05 925.012 78.70161437988281
C05 949.965 64.88970184326172
C05 975.002 48.43647384643555
C05 999.976 30.962566375732422
C05 1025.028 14.937419891357422
C05 1050.014 6.120301246643066
C05 1075.002 0.927193843361711
C05 1099.99 0.09199532134287021
C06 319.994 44.27908706665039
C06 324.969 44.750370025634766
C06 349.982 49.76190948486328
C06 374.975 66.25650024414062
C06 400.019 84.05371856689453
C06 424.965 89.23989868164062
C06 450.035 90.8089370727539
C06 475.003 91.01216888427734
C06 500.018 90.67100524902344
C06 525.002 89.82335662841797
C06 550.029 90.6426773071289
C06 575.023 91.04743194580078
C06 599.982 91.56831359863281
C06 619.997 92.63314819335938
C06 624.979 92.69344329833984
C06 650.012 93.76081848144531
C06 675.004 94.71564483642578
C06 700.03 95.51171875
C06 725.012 96.36907958984375
C06 750.022 97.39378356933594
C06 774.987 99.0986328125
C06 799.976 98.99463653564453
C06 824.988 99.10652160644531
C06 850.022 97.92601776123047
C06 869.967 95.67035675048828
C06 875.002 95.00167083740234
C06 899.999 89.22607421875
C06 919.999 82.12559509277344
C06 925.012 78.78231811523438
C06 949.965 65.03675079345703
C06 975.002 48.50506591796875
C06 999.976 30.964872360229492
C06 1025.028 14.957003593444824
C06 1050.014 6.117201328277588
C06 1075.002 0.9278550707078669
C06 1099.99 0.09206092771269872
C07 319.994 44.04804611206055
C07 324.969 44.46352767944336
C07 349.982 49.21947479248047
C07 374.975 65.50492858886719
C07 400.019 83.48933410644531
C07 424.965 88.89289093017578
C07 450.035 90.56536865234375
C07 475.003 90.78368377685547
C07 500.018 90.42250061035156
C07 525.002 89.54905700683594
C07 550.029 90.35269165039062
C07 575.023 90.74678802490234
C07 599.982 91.26319885253906
C07 619.997 92.32351684570312
C07 624.979 92.38789367675781
C07 650.012 93.44418334960938
C07 675.004 94.40888977050781
C07 700.03 95.22370910644531
C07 725.012 96.09636688232422
C07 750.022 97.18415069580078
C07 774.987 98.93724060058594
C07 799.976 98.86395263671875
C07 824.988 98.99223327636719
C07 850.022 97.84369659423828
C07 869.967 95.58004760742188
C07 875.002 94.88963317871094
C07 899.999 88.95661926269531
C07 919.999 81.84264373779297
C07 925.012 78.54368591308594
C07 949.965 65.11192321777344
C07 975.002 48.538265228271484
C07 999.976 30.827255249023438
C07 1025.028 14.82922077178955
C07 1050.014 6.016347408294678
C07 1075.002 0.9258573848375351
C07 1099.99 0.09186271915588069
C10 319.994 44.732139587402344
C10 324.969 45.46142578125
C10 349.982 51.45024871826172
C10 374.975 68.06730651855469
C10 400.019 84.78905487060547
C10 424.965 88.96720123291016
C10 450.035 90.06903076171875
C10 475.003 90.1865005493164
C10 500.018 89.97016906738281
C10 525.002 89.3170394897461
C10 550.029 90.33851623535156
C10 575.023 90.91893768310547
C10 599.982 91.5848388671875
C10 619.997 92.73182678222656
C10 624.979 92.81192016601562
C10 650.012 93.94483184814453
C10 675.004 94.92925262451172
C10 700.03 95.72045135498047
C10 725.012 96.53697204589844
C10 750.022 97.49398040771484
C10 774.987 99.1463851928711
C10 799.976 98.98648071289062
C10 824.988 99.0567626953125
C10 850.022 97.86583709716797
C10 869.967 95.72100067138672
C10 875.002 95.06871032714844
C10 899.999 89.10308074951172
C10 919.999 81.86676025390625
C10 925.012 78.45198822021484
C10 949.965 64.4612808227539
C10 975.002 48.408485412597656
C10 999.976 30.719013214111328
C10 1025.028 14.718606948852539
C10 1050.014 5.960520267486572
C10 1075.002 0.9288102107864487
C10 1099.99 0.09215569583382645
C11 319.994 44.63771438598633
C11 324.969 45.3138313293457
C11 349.982 51.116737365722656
C11 374.975 67.75271606445312
C11 400.019 84.67076110839844
C11 424.965 89.03289031982422
C11 450.035 90.21989440917969
C11 475.003 90.35230255126953
C11 500.018 90.10752868652344
C11 525.002 89.4114990234375
C11 550.029 90.38748168945312
C11 575.023 90.9271240234375
C11 599.982 91.55768585205078
C11 619.997 92.68424224853516
C11 624.979 92.76441192626953
C11 650.012 93.87764739990234
C11 675.004 94.85162353515625
C11 700.03 95.63484954833984
C11 725.012 96.44088745117188
C11 750.022 97.38402557373047
C11 774.987 99.02476501464844
C11 799.976 98.8656997680664
C11 824.988 98.93914794921875
C11 850.022 97.75431823730469
C11 869.967 95.66844940185547
C11 875.002 95.0260009765625
C11 899.999 89.11074829101562
C11 919.999 81.84394073486328
C11 925.012 78.42675018310547
C11 949.965 64.37935638427734
C11 975.002 48.39402389526367
C11 999.976 30.792285919189453
C11 1025.028 14.874711036682129
C11 1050.014 6.072068214416504
C11 1075.002 0.9277627961090953
C11 1099.99 0.09205177231177954
C12 319.994 44.46745300292969
C12 324.969 45.092655181884766
C12 349.982 50.696720123291016
C12 374.975 67.29251098632812
C12 400.019 84.40802001953125
C12 424.965 88.96646118164062
C12 450.035 90.23916625976562
C12 475.003 90.38654327392578
C12 500.018 90.11939239501953
C12 525.002 89.38380432128906
C12 550.029 90.32235717773438
C12 575.023 90.82897186279297
C12 599.982 91.43441772460938
C12 619.997 92.54857635498047
C12 624.979 92.62307739257812
C12 650.012 93.71833801269531
C12 675.004 94.69279479980469
C12 700.03 95.47003173828125
C12 725.012 96.26952362060547
C12 750.022 97.21292877197266
C12 774.987 98.8507308959961
C12 799.976 98.69969940185547
C12 824.988 98.78545379638672
C12 850.022 97.61132049560547
C12 869.967 95.51399230957031
C12 875.002 94.86495971679688
C12 899.999 88.93746948242188
C12 919.999 81.73326873779297
C12 925.012 78.34239196777344
C12 949.965 64.39228820800781
C12 975.002 48.36564636230469
C12 999.976 30.759183883666992
C12 1025.028 14.919562339782715
C12 1050.014 6.086440563201904
C12 1075.002 0.9261327700024472
C12 1099.99 0.09189004261895213
C13 319.994 44.48155212402344
C13 324.969 45.0614013671875
C13 349.982 50.48938751220703
C13 374.975 67.07791137695312
C13 400.019 84.39956665039062
C13 424.965 89.1252670288086
C13 450.035 90.47535705566406
C13 475.003 90.63509368896484
C13 500.018 90.3439712524414
C13 525.002 89.56793975830078
C13 550.029 90.46826171875
C13 575.023 90.94405364990234
C13 599.982 91.5248794555664
C13 619.997 92.62773895263672
C13 624.979 92.69560241699219
C13 650.012 93.78279876708984
C13 675.004 94.75196838378906
C13 700.03 95.53348541259766
C13 725.012 96.33767700195312
C13 750.022 97.28068542480469
C13 774.987 98.92277526855469
C13 799.976 98.77754211425781
C13 824.988 98.87178039550781
C13 850.022 97.69469451904297
C13 869.967 95.55801391601562
C13 875.002 94.89795684814453
C13 899.999 88.94721221923828
C13 919.999 81.76593017578125
C13 925.012 78.38603973388672
C13 949.965 64.5233154296875
C13 975.002 48.37506866455078
C13 999.976 30.74842643737793
C13 1025.028 14.967166900634766
C13 1050.014 6.080772876739502
C13 1075.002 0.9267782774542849
C13 1099.99 0.09195408927530795
C14 319.994 44.40411376953125
C14 324.969 44.93608474731445
C14 349.982 50.17337417602539
C14 374.975 66.72740936279297
C14 400.019 84.22831726074219
C14 424.965 89.13343048095703
C14 450.035 90.57351684570312
C14 475.003 90.75434875488281
C14 500.018 90.44086456298828
C14 525.002 89.62492370605469
C14 550.029 90.49230194091797
C14 575.023 90.93315887451172
C14 599.982 91.48503875732422
C14 619.997 92.57520294189453
C14 624.979 92.63850402832031
C14 650.012 93.71365356445312
C14 675.004 94.68108367919922
C14 700.03 95.46232604980469
C14 725.012 96.27850341796875
C14 750.022 97.22988891601562
C14 774.987 98.88538360595703
C14 799.976 98.758544921875
C14 824.988 98.86866760253906
C14 850.022 97.71984100341797
C14 869.967 95.56109619140625
C14 875.002 94.88972473144531
C14 899.999 88.93653869628906
C14 919.999 81.79540252685547
C14 925.012 78.42791748046875
C14 949.965 64.68709564208984
C14 975.002 48.4658203125
C14 999.976 30.759658813476562
C14 1025.028 14.988210678100586
C14 1050.014 6.078979969024658
C14 1075.002 0.9262942551484371
C14 1099.99 0.09190606502678389
C15 319.994 44.39027404785156
C15 324.969 44.87802505493164
C15 349.982 49.94259262084961
C15 374.975 66.45891571044922
C15 400.019 84.14286804199219
C15 424.965 89.23786163330078
C15 450.035 90.76195526123047
C15 475.003 90.95276641845703
C15 500.018 90.62361907958984
C15 525.002 89.7876968383789
C15 550.029 90.6191177368164
C15 575.023 91.02777862548828
C15 599.982 91.55574798583984
C15 619.997 92.62158966064453
C15 624.979 92.68927764892578
C15 650.012 93.7563247680664
C15 675.004 94.70679473876953
C15 700.03 95.49346160888672
C15 725.012 96.32806396484375
C15 750.022 97.31816101074219
C15 774.987 98.99894714355469
C15 799.976 98.88619995117188
C15 824.988 99.01277160644531
C15 850.022 97.89274597167969
C15 869.967 95.72435760498047
C15 875.002 95.04916381835938
C15 899.999 89.08805084228516
C15 919.999 81.94976043701172
C15 925.012 78.59309387207031
C15 949.965 64.97581481933594
C15 975.002 48.6982421875
C15 999.976 30.840412139892578
C15 1025.028 15.002833366394043
C15 1050.014 6.101278781890869
C15 1075.002 0.9271349024003427
C15 1099.99 0.0919894732748312
C16 319.994 44.2592887878418
C16 324.969 44.70211410522461
C16 349.982 49.58753967285156
C16 374.975 66.0287094116211
C16 400.019 83.83271026611328
C16 424.965 89.08714294433594
C16 450.035 90.6943130493164
C16 475.003 90.91044616699219
C16 500.018 90.56936645507812
C16 525.002 89.69824981689453
C16 550.029 90.49763488769531
C16 575.023 90.87755584716797
C16 599.982 91.38072967529297
C16 619.997 92.43468475341797
C16 624.979 92.49665832519531
C16 650.012 93.54988861083984
C16 675.004 94.50164794921875
C16 700.03 95.29278564453125
C16 725.012 96.15180206298828
C16 750.022 97.16143035888672
C16 774.987 98.87567901611328
C16 799.976 98.78274536132812
C16 824.988 98.92249298095703
C16 850.022 97.8422622680664
C16 869.967 95.67777252197266
C16 875.002 95.00566864013672
C16 899.999 89.01728820800781
C16 919.999 81.85924530029297
C16 925.012 78.50802612304688
C16 949.965 65.04901885986328
C16 975.002 48.77454376220703
C16 999.976 30.837724685668945
C16 1025.028 14.980122566223145
C16 1050.014 6.099089622497559
C16 1075.002 0.9256415306723694
C16 1099.99 0.0918413023039141
C17 319.994 44.29125213623047
C17 324.969 44.69573974609375
C17 349.982 49.432342529296875
C17 374.975 65.8032455444336
C17 400.019 83.7485122680664
C17 424.965 89.13764953613281
C17 450.035 90.8043441772461
C17 475.003 91.02118682861328
C17 500.018 90.65401458740234
C17 525.002 89.7547836303711
C17 550.029 90.53540802001953
C17 575.023 90.89630889892578
C17 599.982 91.38946533203125
C17 619.997 92.44036102294922
C17 624.979 92.4952163696289
C17 650.012 93.54737854003906
C17 675.004 94.50544738769531
C17 700.03 95.31007385253906
C17 725.012 96.18798828125
C17 750.022 97.25724792480469
C17 774.987 99.01837921142578
C17 799.976 98.95669555664062
C17 824.988 99.11138153076172
C17 850.022 98.05294036865234
C17 869.967 95.89752960205078
C17 875.002 95.22383880615234
C17 899.999 89.06761169433594
C17 919.999 81.84184265136719
C17 925.012 78.5184097290039
C17 949.965 65.31289672851562
C17 975.002 48.9700927734375
C17 999.976 30.87488555908203
C17 1025.028 14.922913551330566
C17 1050.014 6.049971103668213
C17 1075.002 0.9265538784864817
C17 1099.99 0.09193182461587361
