lsstcam/transmission_sensor/r41_s11/19700101T000000.ecsv
# %ECSV 0.9
# ---
# datatype:
# - {name: amp_name, datatype: string}
# - {name: wavelength, unit: nm, datatype: float32}
# - {name: efficiency, unit: '%', datatype: float32}
# meta: !!omap
# - {MODE: AMP}
# - {TYPE: QE}
# - {CALIBDATE: '1970-01-01T00:00:00'}
# - {INSTRUME: LSSTCAM}
# - {OBSTYPE: qe_curve}
# - {DETECTOR: 166}
# - {PICKLEFILE: RaftRun12086.p}
# - {CALIB_ID: 'raftName=R41 detectorName=S11 detector=166 calibDate=1970-01-01T00:00:00 ccd=166 ccdnum=166 filter=None'}
# - {DATE: '2020-07-23T19:16:29.025321'}
# - {CALIB_CREATION_DATE: '2020-07-23'}
# - {CALIB_CREATION_TIME: '19:16:29'}
# - __serialized_columns__:
#     efficiency:
#       __class__: astropy.units.quantity.Quantity
#       unit: !astropy.units.Unit {unit: '%'}
#       value: !astropy.table.SerializedColumn {name: efficiency}
#     wavelength:
#       __class__: astropy.units.quantity.Quantity
#       unit: !astropy.units.Unit {unit: nm}
#       value: !astropy.table.SerializedColumn {name: wavelength}
# schema: astropy-2.0
amp_name wavelength efficiency
C12 319.994 44.467453
C12 324.969 45.092655
C12 349.982 50.69672
C12 374.975 67.29251
C12 400.019 84.40802
C12 424.965 88.96646
C12 450.035 90.23917
C12 475.003 90.38654
C12 500.018 90.11939
C12 525.002 89.383804
C12 550.029 90.32236
C12 575.023 90.82897
C12 599.982 91.43442
C12 619.997 92.54858
C12 624.979 92.62308
C12 650.012 93.71834
C12 675.004 94.692795
C12 700.03 95.47003
C12 725.012 96.26952
C12 750.022 97.21293
C12 774.987 98.85073
C12 799.976 98.6997
C12 824.988 98.78545
C12 850.022 97.61132
C12 869.967 95.51399
C12 875.002 94.86496
C12 899.999 88.93747
C12 919.999 81.73327
C12 925.012 78.34239
C12 949.965 64.39229
C12 975.002 48.365646
C12 999.976 30.759184
C12 1025.028 14.919562
C12 1050.014 6.0864406
C12 1075.002 3.330224
C12 1099.99 2.3369534
C01 319.994 44.558575
C01 324.969 45.27124
C01 349.982 51.216324
C01 374.975 67.95386
C01 400.019 84.76179
C01 424.965 89.01564
C01 450.035 90.15194
C01 475.003 90.28352
C01 500.018 90.05386
C01 525.002 89.37727
C01 550.029 90.36281
C01 575.023 90.907394
C01 599.982 91.53878
C01 619.997 92.665375
C01 624.979 92.74122
C01 650.012 93.84562
C01 675.004 94.81893
C01 700.03 95.59639
C01 725.012 96.39488
C01 750.022 97.3376
C01 774.987 98.95995
C01 799.976 98.78091
C01 824.988 98.827576
C01 850.022 97.55147
C01 869.967 95.28682
C01 875.002 94.64768
C01 899.999 88.91744
C01 919.999 81.69112
C01 925.012 78.29561
C01 949.965 64.28981
C01 975.002 48.08727
C01 999.976 30.819267
C01 1025.028 14.771238
C01 1050.014 6.036293
C01 1075.002 3.2511625
C01 1099.99 2.3096516
C04 319.994 44.426956
C04 324.969 44.991596
C04 349.982 50.363987
C04 374.975 67.00918
C04 400.019 84.45231
C04 424.965 89.26301
C04 450.035 90.65462
C04 475.003 90.826416
C04 500.018 90.526024
C04 525.002 89.72706
C04 550.029 90.60883
C04 575.023 91.06082
C04 599.982 91.62374
C04 619.997 92.716034
C04 624.979 92.78045
C04 650.012 93.85647
C04 675.004 94.82699
C04 700.03 95.60799
C04 725.012 96.42046
C04 750.022 97.38079
C04 774.987 99.02881
C04 799.976 98.88551
C04 824.988 98.98203
C04 850.022 97.76607
C04 869.967 95.52256
C04 875.002 94.881996
C04 899.999 89.12833
C04 919.999 81.97966
C04 925.012 78.628136
C04 949.965 64.79412
C04 975.002 48.416176
C04 999.976 30.980947
C04 1025.028 14.906492
C04 1050.014 6.1048837
C04 1075.002 3.2950509
C04 1099.99 2.3364508
C11 319.994 44.637714
C11 324.969 45.31383
C11 349.982 51.116737
C11 374.975 67.752716
C11 400.019 84.67076
C11 424.965 89.03289
C11 450.035 90.219894
C11 475.003 90.3523
C11 500.018 90.10753
C11 525.002 89.4115
C11 550.029 90.38748
C11 575.023 90.927124
C11 599.982 91.557686
C11 619.997 92.68424
C11 624.979 92.76441
C11 650.012 93.87765
C11 675.004 94.85162
C11 700.03 95.63485
C11 725.012 96.44089
C11 750.022 97.384026
C11 774.987 99.024765
C11 799.976 98.8657
C11 824.988 98.93915
C11 850.022 97.75432
C11 869.967 95.66845
C11 875.002 95.026
C11 899.999 89.11075
C11 919.999 81.84394
C11 925.012 78.42675
C11 949.965 64.37936
C11 975.002 48.394024
C11 999.976 30.792286
C11 1025.028 14.874711
C11 1050.014 6.072068
C11 1075.002 3.3096728
C11 1099.99 2.3284655
C07 319.994 44.048046
C07 324.969 44.463528
C07 349.982 49.219475
C07 374.975 65.50493
C07 400.019 83.489334
C07 424.965 88.89289
C07 450.035 90.56537
C07 475.003 90.78368
C07 500.018 90.4225
C07 525.002 89.54906
C07 550.029 90.35269
C07 575.023 90.74679
C07 599.982 91.2632
C07 619.997 92.32352
C07 624.979 92.38789
C07 650.012 93.44418
C07 675.004 94.40889
C07 700.03 95.22371
C07 725.012 96.09637
C07 750.022 97.18415
C07 774.987 98.93724
C07 799.976 98.86395
C07 824.988 98.99223
C07 850.022 97.8437
C07 869.967 95.58005
C07 875.002 94.88963
C07 899.999 88.95662
C07 919.999 81.84264
C07 925.012 78.543686
C07 949.965 65.11192
C07 975.002 48.538265
C07 999.976 30.827255
C07 1025.028 14.829221
C07 1050.014 6.0163474
C07 1075.002 3.2299438
C07 1099.99 2.2864673
C13 319.994 44.481552
C13 324.969 45.0614
C13 349.982 50.489388
C13 374.975 67.07791
C13 400.019 84.39957
C13 424.965 89.12527
C13 450.035 90.47536
C13 475.003 90.63509
C13 500.018 90.34397
C13 525.002 89.56794
C13 550.029 90.46826
C13 575.023 90.94405
C13 599.982 91.52488
C13 619.997 92.62774
C13 624.979 92.6956
C13 650.012 93.7828
C13 675.004 94.75197
C13 700.03 95.533485
C13 725.012 96.33768
C13 750.022 97.280685
C13 774.987 98.922775
C13 799.976 98.77754
C13 824.988 98.87178
C13 850.022 97.694695
C13 869.967 95.558014
C13 875.002 94.89796
C13 899.999 88.94721
C13 919.999 81.76593
C13 925.012 78.38604
C13 949.965 64.523315
C13 975.002 48.37507
C13 999.976 30.748426
C13 1025.028 14.967167
C13 1050.014 6.080773
C13 1075.002 3.338428
C13 1099.99 2.3424742
C14 319.994 44.404114
C14 324.969 44.936085
C14 349.982 50.173374
C14 374.975 66.72741
C14 400.019 84.22832
C14 424.965 89.13343
C14 450.035 90.57352
C14 475.003 90.75435
C14 500.018 90.440865
C14 525.002 89.62492
C14 550.029 90.4923
C14 575.023 90.93316
C14 599.982 91.48504
C14 619.997 92.5752
C14 624.979 92.638504
C14 650.012 93.71365
C14 675.004 94.68108
C14 700.03 95.462326
C14 725.012 96.2785
C14 750.022 97.22989
C14 774.987 98.88538
C14 799.976 98.758545
C14 824.988 98.86867
C14 850.022 97.71984
C14 869.967 95.5611
C14 875.002 94.889725
C14 899.999 88.93654
C14 919.999 81.7954
C14 925.012 78.42792
C14 949.965 64.687096
C14 975.002 48.46582
C14 999.976 30.759659
C14 1025.028 14.988211
C14 1050.014 6.07898
C14 1075.002 3.3357625
C14 1099.99 2.347164
C06 319.994 44.279087
C06 324.969 44.75037
C06 349.982 49.76191
C06 374.975 66.2565
C06 400.019 84.05372
C06 424.965 89.2399
C06 450.035 90.80894
C06 475.003 91.01217
C06 500.018 90.671005
C06 525.002 89.82336
C06 550.029 90.64268
C06 575.023 91.04743
C06 599.982 91.56831
C06 619.997 92.63315
C06 624.979 92.69344
C06 650.012 93.76082
C06 675.004 94.715645
C06 700.03 95.51172
C06 725.012 96.36908
C06 750.022 97.39378
C06 774.987 99.09863
C06 799.976 98.99464
C06 824.988 99.10652
C06 850.022 97.92602
C06 869.967 95.67036
C06 875.002 95.00167
C06 899.999 89.226074
C06 919.999 82.125595
C06 925.012 78.78232
C06 949.965 65.03675
C06 975.002 48.505066
C06 999.976 30.964872
C06 1025.028 14.957004
C06 1050.014 6.1172013
C06 1075.002 3.2890992
C06 1099.99 2.3203433
C03 319.994 44.485638
C03 324.969 45.09858
C03 349.982 50.66061
C03 374.975 67.35942
C03 400.019 84.61707
C03 424.965 89.254105
C03 450.035 90.559364
C03 475.003 90.71468
C03 500.018 90.43562
C03 525.002 89.679955
C03 550.029 90.589676
C03 575.023 91.07209
C03 599.982 91.655495
C03 619.997 92.75629
C03 624.979 92.829155
C03 650.012 93.91653
C03 675.004 94.87765
C03 700.03 95.65884
C03 725.012 96.46157
C03 750.022 97.41073
C03 774.987 99.04672
C03 799.976 98.88753
C03 824.988 98.972855
C03 850.022 97.732376
C03 869.967 95.48961
C03 875.002 94.85186
C03 899.999 89.10076
C03 919.999 81.935356
C03 925.012 78.578995
C03 949.965 64.710915
C03 975.002 48.375412
C03 999.976 30.961172
C03 1025.028 14.88158
C03 1050.014 6.0898876
C03 1075.002 3.2926238
C03 1099.99 2.333414
C15 319.994 44.390274
C15 324.969 44.878025
C15 349.982 49.942593
C15 374.975 66.458916
C15 400.019 84.14287
C15 424.965 89.23786
C15 450.035 90.761955
C15 475.003 90.95277
C15 500.018 90.62362
C15 525.002 89.7877
C15 550.029 90.61912
C15 575.023 91.02778
C15 599.982 91.55575
C15 619.997 92.62159
C15 624.979 92.68928
C15 650.012 93.756325
C15 675.004 94.706795
C15 700.03 95.49346
C15 725.012 96.328064
C15 750.022 97.31816
C15 774.987 98.99895
C15 799.976 98.8862
C15 824.988 99.01277
C15 850.022 97.892746
C15 869.967 95.72436
C15 875.002 95.049164
C15 899.999 89.08805
C15 919.999 81.94976
C15 925.012 78.593094
C15 949.965 64.975815
C15 975.002 48.698242
C15 999.976 30.840412
C15 1025.028 15.002833
C15 1050.014 6.101279
C15 1075.002 3.3326917
C15 1099.99 2.3527086
C10 319.994 44.73214
C10 324.969 45.461426
C10 349.982 51.45025
C10 374.975 68.06731
C10 400.019 84.789055
C10 424.965 88.9672
C10 450.035 90.06903
C10 475.003 90.1865
C10 500.018 89.97017
C10 525.002 89.31704
C10 550.029 90.33852
C10 575.023 90.91894
C10 599.982 91.58484
C10 619.997 92.73183
C10 624.979 92.81192
C10 650.012 93.94483
C10 675.004 94.92925
C10 700.03 95.72045
C10 725.012 96.53697
C10 750.022 97.49398
C10 774.987 99.146385
C10 799.976 98.98648
C10 824.988 99.05676
C10 850.022 97.86584
C10 869.967 95.721
C10 875.002 95.06871
C10 899.999 89.10308
C10 919.999 81.86676
C10 925.012 78.45199
C10 949.965 64.46128
C10 975.002 48.408485
C10 999.976 30.719013
C10 1025.028 14.718607
C10 1050.014 5.9605203
C10 1075.002 3.2427695
C10 1099.99 2.3046727
C05 319.994 44.309444
C05 324.969 44.82481
C05 349.982 50.004288
C05 374.975 66.57303
C05 400.019 84.19289
C05 424.965 89.20206
C05 450.035 90.68422
C05 475.003 90.87788
C05 500.018 90.561
C05 525.002 89.73186
C05 550.029 90.58156
C05 575.023 91.00527
C05 599.982 91.547356
C05 619.997 92.62874
C05 624.979 92.69057
C05 650.012 93.759026
C05 675.004 94.7231
C05 700.03 95.51135
C05 725.012 96.342224
C05 750.022 97.32434
C05 774.987 98.9994
C05 799.976 98.8763
C05 824.988 98.97891
C05 850.022 97.788666
C05 869.967 95.54671
C05 875.002 94.889595
C05 899.999 89.15443
C05 919.999 82.051674
C05 925.012 78.701614
C05 949.965 64.8897
C05 975.002 48.436474
C05 999.976 30.962566
C05 1025.028 14.93742
C05 1050.014 6.1203012
C05 1075.002 3.2977529
C05 1099.99 2.3317273
C16 319.994 44.25929
C16 324.969 44.702114
C16 349.982 49.58754
C16 374.975 66.02871
C16 400.019 83.83271
C16 424.965 89.08714
C16 450.035 90.69431
C16 475.003 90.910446
C16 500.018 90.56937
C16 525.002 89.69825
C16 550.029 90.497635
C16 575.023 90.877556
C16 599.982 91.38073
C16 619.997 92.434685
C16 624.979 92.49666
C16 650.012 93.54989
C16 675.004 94.50165
C16 700.03 95.292786
C16 725.012 96.1518
C16 750.022 97.16143
C16 774.987 98.87568
C16 799.976 98.782745
C16 824.988 98.92249
C16 850.022 97.84226
C16 869.967 95.67777
C16 875.002 95.00567
C16 899.999 89.01729
C16 919.999 81.859245
C16 925.012 78.508026
C16 949.965 65.04902
C16 975.002 48.774544
C16 999.976 30.837725
C16 1025.028 14.980123
C16 1050.014 6.0990896
C16 1075.002 3.320244
C16 1099.99 2.3506606
C17 319.994 44.291252
C17 324.969 44.69574
C17 349.982 49.432343
C17 374.975 65.803246
C17 400.019 83.74851
C17 424.965 89.13765
C17 450.035 90.804344
C17 475.003 91.02119
C17 500.018 90.654015
C17 525.002 89.75478
C17 550.029 90.53541
C17 575.023 90.89631
C17 599.982 91.389465
C17 619.997 92.44036
C17 624.979 92.49522
C17 650.012 93.54738
C17 675.004 94.50545
C17 700.03 95.310074
C17 725.012 96.18799
C17 750.022 97.25725
C17 774.987 99.01838
C17 799.976 98.956696
C17 824.988 99.11138
C17 850.022 98.05294
C17 869.967 95.89753
C17 875.002 95.22384
C17 899.999 89.06761
C17 919.999 81.84184
C17 925.012 78.51841
C17 949.965 65.3129
C17 975.002 48.970093
C17 999.976 30.874886
C17 1025.028 14.922914
C17 1050.014 6.049971
C17 1075.002 3.2822754
C17 1099.99 2.3355732
C02 319.994 44.500015
C02 324.969 45.158455
C02 349.982 50.897198
C02 374.975 67.62265
C02 400.019 84.676674
C02 424.965 89.13883
C02 450.035 90.36634
C02 475.003 90.515465
C02 500.018 90.25752
C02 525.002 89.5328
C02 550.029 90.48164
C02 575.023 90.99129
C02 599.982 91.596405
C02 619.997 92.70981
C02 624.979 92.78233
C02 650.012 93.87758
C02 675.004 94.845146
C02 700.03 95.62397
C02 725.012 96.4186
C02 750.022 97.3641
C02 774.987 98.9885
C02 799.976 98.821304
C02 824.988 98.885994
C02 850.022 97.632706
C02 869.967 95.38162
C02 875.002 94.74479
C02 899.999 89.00473
C02 919.999 81.82607
C02 925.012 78.46059
C02 949.965 64.546104
C02 975.002 48.2591
C02 999.976 30.886496
C02 1025.028 14.837829
C02 1050.014 6.0686626
C02 1075.002 3.2786179
C02 1099.99 2.3232853
C00 319.994 44.66077
C00 324.969 45.42882
C00 349.982 51.58401
C00 374.975 68.30362
C00 400.019 84.86595
C00 424.965 88.90139
C00 450.035 89.94347
C00 475.003 90.05821
C00 500.018 89.85408
C00 525.002 89.21218
C00 550.029 90.23898
C00 575.023 90.82313
C00 599.982 91.48507
C00 619.997 92.63557
C00 624.979 92.70996
C00 650.012 93.82874
C00 675.004 94.808235
C00 700.03 95.590645
C00 725.012 96.401276
C00 750.022 97.339806
C00 774.987 98.970825
C00 799.976 98.78748
C00 824.988 98.80477
C00 850.022 97.51033
C00 869.967 95.23943
C00 875.002 94.59522
C00 899.999 88.87088
C00 919.999 81.63019
C00 925.012 78.18342
C00 949.965 64.10885
C00 975.002 47.973713
C00 999.976 30.643446
C00 1025.028 14.65366
C00 1050.014 5.9211106
C00 1075.002 3.192403
C00 1099.99 2.2824702
