lsstCam/transmission_sensor/r41_s11/19700101T000000.ecsv
# %ECSV 1.0
# ---
# datatype:
# - {name: amp_name, datatype: string}
# - {name: wavelength, unit: nm, datatype: float32}
# - {name: efficiency, unit: '%', datatype: float64}
# meta: !!omap
# - {MODE: AMP}
# - {TYPE: transmission_sensor}
# - {CALIBDATE: '1970-01-01T00:00:00'}
# - {INSTRUME: LSSTCam}
# - {OBSTYPE: transmission_sensor}
# - {DETECTOR: 166}
# - {PARQUETFILE: qe_raft_allvalues_nircorrected_20230725_adjust.parquet}
# - {CORRFILE: qe_corr_factor_bydetnum.parquet}
# - {CALIBCLS: lsst.ip.isr.IntermediateSensorTransmissionCurve}
# - {CALIB_ID: 'raftName=R41 detectorName=S11 detector=166 calibDate=1970-01-01T00:00:00 ccd=166 ccdnum=166 filter=None'}
# - {DATE: '2025-03-03T21:56:48.320378'}
# - {CALIB_CREATION_DATE: '2025-03-03'}
# - {CALIB_CREATION_TIME: '21:56:48'}
# - __serialized_columns__:
#     efficiency:
#       __class__: astropy.units.quantity.Quantity
#       unit: !astropy.units.Unit {unit: '%'}
#       value: !astropy.table.SerializedColumn {name: efficiency}
#     wavelength:
#       __class__: astropy.units.quantity.Quantity
#       unit: !astropy.units.Unit {unit: nm}
#       value: !astropy.table.SerializedColumn {name: wavelength}
# schema: astropy-2.0
amp_name wavelength efficiency
C00 319.994 44.629911482764605
C00 324.969 45.39743193541084
C00 349.982 51.548368442242705
C00 374.975 68.25642412081412
C00 400.019 84.80731231780138
C00 424.965 88.83996251726033
C00 450.035 89.88131859221406
C00 475.003 89.99598540067537
C00 500.018 89.79199436828236
C00 525.002 89.15053878783743
C00 550.029 90.17663136873934
C00 575.023 90.76037233880847
C00 599.982 91.42185649011961
C00 619.997 92.57155897564805
C00 624.979 92.64590179807531
C00 650.012 93.76391080469593
C00 675.004 94.74272619947624
C00 700.03 95.52459525142595
C00 725.012 96.3346659339939
C00 750.022 97.27254741290794
C00 774.987 98.9024400312368
C00 799.976 98.71922473375452
C00 824.988 98.73650099625273
C00 850.022 97.44295418391317
C00 869.967 95.17362637770869
C00 875.002 94.52986068802414
C00 899.999 88.80947364977118
C00 919.999 81.57378456042164
C00 925.012 78.1293964359133
C00 949.965 64.06455173864866
C00 975.002 47.940564867431206
C00 999.976 30.622272485671978
C00 1025.028 14.64353468591054
C00 1050.014 5.9170193625215015
C00 1075.002 0.9267008088776102
C00 1099.99 0.0919464029142992
C01 319.994 44.52778635647876
C01 324.969 45.23995948891058
C01 349.982 51.18093527511639
C01 374.975 67.90690383044843
C01 400.019 84.70322016780655
C01 424.965 88.95413375773293
C01 450.035 90.08964775053886
C01 475.003 90.22114099824712
C01 500.018 89.99163965062064
C01 525.002 89.31551718333571
C01 550.029 90.30037088345522
C01 575.023 90.84458077627222
C01 599.982 91.4755303153568
C01 619.997 92.60134642383011
C01 624.979 92.67713782960895
C01 650.012 93.78077536455739
C01 675.004 94.75341521978626
C01 700.03 95.53033621597191
C01 725.012 96.32827691900117
C01 750.022 97.27034404138898
C01 774.987 98.8915756561
C01 799.976 98.71265273981211
C01 824.988 98.75928949960984
C01 850.022 97.48406345460621
C01 869.967 95.2209798050593
C01 875.002 94.58228415710525
C01 899.999 88.85600367184827
C01 919.999 81.6346708059251
C01 925.012 78.24150916320211
C01 949.965 64.2453883097852
C01 975.002 48.05404231271964
C01 999.976 30.797972304002617
C01 1025.028 14.761031949999586
C01 1050.014 6.032122175511321
C01 1075.002 0.9266798086489192
C01 1099.99 0.091944319290901
C02 319.994 44.46926740113668
C02 324.969 45.12725208003535
C02 349.982 50.86202965026774
C02 374.975 67.57592540698286
C02 400.019 84.61816545270055
C02 424.965 89.07724047024787
C02 450.035 90.30390085235932
C02 475.003 90.45292195862159
C02 500.018 90.19515798739366
C02 525.002 89.47093492871362
C02 550.029 90.41912422179254
C02 575.023 90.92841563171375
C02 599.982 91.53311531564326
C02 619.997 92.64574931561725
C02 624.979 92.71822422793329
C02 650.012 93.8127128153981
C02 675.004 94.77961170608101
C02 700.03 95.5578974202663
C02 725.012 96.35198031710664
C02 750.022 97.29682262023114
C02 774.987 98.92010512400307
C02 799.976 98.75302247058356
C02 824.988 98.8176674086782
C02 850.022 97.56524511527749
C02 869.967 95.31571715625212
C02 875.002 94.6793239934148
C02 899.999 88.94323126198162
C02 919.999 81.76953391595649
C02 925.012 78.40637319685683
C02 949.965 64.50150547046609
C02 975.002 48.225756620802734
C02 999.976 30.865154168993236
C02 1025.028 14.82757624771244
C02 1050.014 6.064469422958076
C02 1075.002 0.9269320455032459
C02 1099.99 0.09196934599986206
C03 319.994 44.45489974152596
C03 324.969 45.06741796349251
C03 349.982 50.625605599045336
C03 374.975 67.31287791858313
C03 400.019 84.55860580458221
C03 424.965 89.19243334318949
C03 450.035 90.49679116180552
C03 475.003 90.65200305586505
C03 500.018 90.37313551244156
C03 525.002 89.61798901126691
C03 550.029 90.52708180209919
C03 575.023 91.00916271737955
C03 599.982 91.59216414752709
C03 619.997 92.6921954723424
C03 624.979 92.76501347018907
C03 650.012 93.85163396281798
C03 675.004 94.81209046964784
C03 700.03 95.59273966193307
C03 725.012 96.3949193772964
C03 750.022 97.34342125941434
C03 774.987 98.97828480587596
C03 799.976 98.8191998573817
C03 824.988 98.904468047929
C03 850.022 97.66484665688243
C03 869.967 95.42362899182136
C03 875.002 94.78632093423566
C03 899.999 89.03919609696185
C03 919.999 81.87874185241924
C03 925.012 78.52469958431159
C03 949.965 64.66620177341696
C03 975.002 48.341986374459154
C03 999.976 30.93977908396792
C03 1025.028 14.871297733515126
C03 1050.014 6.085679732874256
C03 1075.002 0.9273759377819352
C03 1099.99 0.09201338858395815
C04 319.994 44.39625880021744
C04 324.969 44.96050870008502
C04 349.982 50.32918732469912
C04 374.975 66.96287730847455
C04 400.019 84.39395524636876
C04 424.965 89.2013306946173
C04 450.035 90.59197833624962
C04 475.003 90.76365833577965
C04 500.018 90.46347374471937
C04 525.002 89.66506034607012
C04 550.029 90.54622597470865
C04 575.023 90.99790188785181
C04 599.982 91.56043254800475
C04 619.997 92.65197059990611
C04 624.979 92.71634106957625
C04 650.012 93.79161686732547
C04 675.004 94.76146629357184
C04 700.03 95.5419248827845
C04 725.012 96.35384060309498
C04 750.022 97.31350420114292
C04 774.987 98.96038336529969
C04 799.976 98.81718708893531
C04 824.988 98.91363986778133
C04 850.022 97.69851478362214
C04 869.967 95.45655757863946
C04 875.002 94.81643621970257
C04 899.999 89.06674205301043
C04 919.999 81.92301513411702
C04 925.012 78.57380655992989
C04 949.965 64.7493504577972
C04 975.002 48.38272206312995
C04 999.976 30.959540810532527
C04 1025.028 14.896192400824185
C04 1050.014 6.100665422947808
C04 1075.002 0.9270908174602834
C04 1099.99 0.09198509920757851
C05 319.994 44.2788282472038
C05 324.969 44.79383774930227
C05 349.982 49.969736614252255
C05 374.975 66.52702907447805
C05 400.019 84.13471219529764
C05 424.965 89.14042157674514
C05 450.035 90.62155993311332
C05 475.003 90.81508304476047
C05 500.018 90.49842272410676
C05 525.002 89.6698559193761
C05 550.029 90.51896973533039
C05 575.023 90.94239064899497
C05 599.982 91.4840998294998
C05 619.997 92.56473538564984
C05 624.979 92.62652127765585
C05 650.012 93.6942415696082
C05 675.004 94.65764861200152
C05 700.03 95.44535774209494
C05 725.012 96.27565522272458
C05 750.022 97.25709331578354
C05 774.987 98.93099237150858
C05 799.976 98.80797714846848
C05 824.988 98.91052160151399
C05 850.022 97.72109743566087
C05 869.967 95.4806879276275
C05 875.002 94.82402984611396
C05 899.999 89.09282417746164
C05 919.999 81.99497923019855
C05 925.012 78.6472344876088
C05 949.965 64.84486546952614
C05 975.002 48.40300604211341
C05 999.976 30.941172392428445
C05 1025.028 14.927098689042271
C05 1050.014 6.116072345811751
C05 1075.002 0.9265531868552794
C05 1099.99 0.09193175599286112
C06 319.994 44.24849186217271
C06 324.969 44.71944918213758
C06 349.982 49.727525853746464
C06 374.975 66.21071946347789
C06 400.019 83.9956405694238
C06 424.965 89.17823722634408
C06 450.035 90.74619147020886
C06 475.003 90.9492828560993
C06 500.018 90.6083549522453
C06 525.002 89.76129202535193
C06 550.029 90.58004658390641
C06 575.023 90.98452155215702
C06 599.982 91.50504329511438
C06 619.997 92.56914212868779
C06 624.979 92.62939557199029
C06 650.012 93.6960332384904
C06 675.004 94.65019984392528
C06 700.03 95.44572369999429
C06 725.012 96.30249213534319
C06 750.022 97.32648808244676
C06 774.987 99.03015933810805
C06 799.976 98.9262349188171
C06 824.988 99.03804268118976
C06 850.022 97.8583545202838
C06 869.967 95.60425208751661
C06 875.002 94.93602821155922
C06 899.999 89.16442231564382
C06 919.999 82.06884935700585
C06 925.012 78.72788245967686
C06 949.965 64.99181281435881
C06 975.002 48.471550719072944
C06 999.976 30.943476783575882
C06 1025.028 14.946668859518942
C06 1050.014 6.112974569374721
C06 1075.002 0.9272139573178996
C06 1099.99 0.09199731703112493
C07 319.994 44.017610548300794
C07 324.969 44.432805033353034
C07 349.982 49.1854659635881
C07 374.975 65.45966711630214
C07 400.019 83.43164607767346
C07 424.965 88.83146924434638
C07 450.035 90.50279134653019
C07 475.003 90.72095562339989
C07 500.018 90.36002202104838
C07 525.002 89.48718193461994
C07 550.029 90.29026129648582
C07 575.023 90.68408536504091
C07 599.982 91.2001393719771
C07 619.997 92.25972472479194
C07 624.979 92.32405707384756
C07 650.012 93.3796168897696
C07 675.004 94.34365673436388
C07 700.03 95.15791306040558
C07 725.012 96.02996786217501
C07 750.022 97.11700005744069
C07 774.987 98.86887864221774
C07 799.976 98.7956413176114
C07 824.988 98.92383332010264
C07 850.022 97.77609023416029
C07 869.967 95.51400534471367
C07 875.002 94.82406796672848
C07 899.999 88.89515354295523
C07 919.999 81.78609351090182
C07 925.012 78.48941514351645
C07 949.965 65.06693329732218
C07 975.002 48.5047270898854
C07 999.976 30.805954760682074
C07 1025.028 14.818974331047116
C07 1050.014 6.01219033570444
C07 1075.002 0.9252176517743029
C07 1099.99 0.09179924542905749
C10 319.994 44.701231340460836
C10 324.969 45.430013624636864
C10 349.982 51.41469850744564
C10 374.975 68.02027453801621
C10 400.019 84.73046878306192
C10 424.965 88.90572820142171
C10 450.035 90.00679640695184
C10 475.003 90.12418502728951
C10 500.018 89.9080030223746
C10 525.002 89.25532473301644
C10 550.029 90.27609567613203
C10 575.023 90.85611607422449
C10 599.982 91.52155714532229
C10 619.997 92.66775253431534
C10 624.979 92.74779057655117
C10 650.012 93.87991945878815
C10 675.004 94.86366003696382
C10 700.03 95.6543120784978
C10 725.012 96.47026858394688
C10 750.022 97.42661568853201
C10 774.987 99.07787872335801
C10 799.976 98.91808473143378
C10 824.988 98.98831815161633
C10 850.022 97.79821543882483
C10 869.967 95.65486101534681
C10 875.002 95.00302137950798
C10 899.999 89.04151383032436
C10 919.999 81.81019336339826
C10 925.012 78.39778081034514
C10 949.965 64.4167404720304
C10 975.002 48.37503694724371
C10 999.976 30.697787516995586
C10 1025.028 14.708436938153156
C10 1050.014 5.956401769377011
C10 1075.002 0.9281684374301644
C10 1099.99 0.09209201967100099
C11 319.994 44.6068713833517
C11 324.969 45.282521155016646
C11 349.982 51.08141759886337
C11 374.975 67.70590145423341
C11 400.019 84.61225675745071
C11 424.965 88.97137189961664
C11 450.035 90.157555813236
C11 475.003 90.28987246621777
C11 500.018 90.04526773112043
C11 525.002 89.34971899867863
C11 550.029 90.32502729692357
C11 575.023 90.86429675809941
C11 599.982 91.49442289191047
C11 619.997 92.62020087976926
C11 624.979 92.70031516323411
C11 650.012 93.81278143250424
C11 675.004 94.78608458642567
C11 700.03 95.568769419526
C11 725.012 96.37425038010633
C11 750.022 97.3167368292538
C11 774.987 98.95634258016109
C11 799.976 98.79738724175618
C11 824.988 98.87078467294349
C11 850.022 97.6867736343515
C11 869.967 95.60234605679086
C11 875.002 94.96034153949692
C11 899.999 89.04917607384189
C11 919.999 81.78738961179533
C11 925.012 78.37256021178199
C11 949.965 64.33487264029786
C11 975.002 48.36058542228105
C11 999.976 30.771009593356116
C11 1025.028 14.864433163856326
C11 1050.014 6.067872640818908
C11 1075.002 0.9271217464774483
C11 1099.99 0.09198816795624772
C12 319.994 44.43672764458663
C12 324.969 45.06149783205832
C12 349.982 50.66169057274529
C12 374.975 67.2460143607237
C12 400.019 84.34969721291678
C12 424.965 88.90498866150011
C12 450.035 90.176814347689
C12 475.003 90.32408952980649
C12 500.018 90.05712324223461
C12 525.002 89.3220434325407
C12 550.029 90.25994778382345
C12 575.023 90.76621241695217
C12 599.982 91.37123993816651
C12 619.997 92.48462872630789
C12 624.979 92.5590782864558
C12 650.012 93.65358212216643
C12 675.004 94.62736559583077
C12 700.03 95.40406549245223
C12 725.012 96.20300495558178
C12 750.022 97.14575824903085
C12 774.987 98.78242871262049
C12 799.976 98.63150157563246
C12 824.988 98.71719671706231
C12 850.022 97.54387469878034
C12 869.967 95.44799568861939
C12 875.002 94.79941155326014
C12 899.999 88.87601699446867
C12 919.999 81.67679408496424
C12 925.012 78.28826028484337
C12 949.965 64.34779552861846
C12 975.002 48.3322274971433
C12 999.976 30.737930430110673
C12 1025.028 14.90925347637241
C12 1050.014 6.082235058845138
C12 1075.002 0.9254928466582948
C12 1099.99 0.09182655001263083
C13 319.994 44.450817023711394
C13 324.969 45.03026561258613
C13 349.982 50.454501220794484
C13 374.975 67.03156303170779
C13 400.019 84.34124968474023
C13 424.965 89.06368477972632
C13 450.035 90.41284194452045
C13 475.003 90.57246820574082
C13 500.018 90.28154692400769
C13 525.002 89.50605163880489
C13 550.029 90.40575151022065
C13 575.023 90.88121468682121
C13 599.982 91.46163916342752
C13 619.997 92.56373662554955
C13 624.979 92.63155319877184
C13 650.012 93.71799833657398
C13 675.004 94.68649829306652
C13 700.03 95.46747532263659
C13 725.012 96.27111124547439
C13 750.022 97.21346808453251
C13 774.987 98.85442330519362
C13 799.976 98.70929050161189
C13 824.988 98.80346366770989
C13 850.022 97.62719111386446
C13 869.967 95.49198687776976
C13 875.002 94.83238588481566
C13 899.999 88.88575299941581
C13 919.999 81.70943295511204
C13 925.012 78.3318778919715
C13 949.965 64.4787322153548
C13 975.002 48.341643288928516
C13 999.976 30.727180416817426
C13 1025.028 14.956825144241117
C13 1050.014 6.076571288543564
C13 1075.002 0.9261379080884597
C13 1099.99 0.09189055241512603
C14 319.994 44.37343217624582
C14 324.969 44.905035581842704
C14 349.982 50.138706238090265
C14 374.975 66.6813032014205
C14 400.019 84.17011862205923
C14 424.965 89.07184259123254
C14 450.035 90.51093390979061
C14 475.003 90.6916408708378
C14 500.018 90.37837328487593
C14 525.002 89.56299621276749
C14 550.029 90.42977512148805
C14 575.023 90.8703274393157
C14 599.982 91.42182599362799
C14 619.997 92.51123691523941
C14 624.979 92.5744942629657
C14 650.012 93.64890091070399
C14 675.004 94.61566256717464
C14 700.03 95.39636512832018
C14 725.012 96.21197854823862
C14 750.022 97.16270667424425
C14 774.987 98.81705747884597
C14 799.976 98.69030643558338
C14 824.988 98.80035302556546
C14 850.022 97.65232022295278
C14 869.967 95.49506702342258
C14 875.002 94.82415945620332
C14 899.999 88.8750868514745
C14 919.999 81.73888494188638
C14 925.012 78.37372670258614
C14 949.965 64.64239926171375
C14 975.002 48.43233223085985
C14 999.976 30.738405031761385
C14 1025.028 14.97785438123835
C14 1050.014 6.0747796196613555
C14 1075.002 0.925654220224047
C14 1099.99 0.0918425613495739
C15 319.994 44.35960201729976
C15 324.969 44.84701600655078
C15 349.982 49.90808414439705
C15 374.975 66.4129950682177
C15 400.019 84.0847284455455
C15 424.965 89.17620158552897
C15 450.035 90.69924212137211
C15 475.003 90.88992143517645
C15 500.018 90.56100152489469
C15 525.002 89.72565687490325
C15 550.029 90.55650329238192
C15 575.023 90.96488181155885
C15 599.982 91.49248636469311
C15 619.997 92.55759158248972
C15 624.979 92.62523280088524
C15 650.012 93.69154263010053
C15 675.004 94.6413558613578
C15 700.03 95.42747917388738
C15 725.012 96.26150485061659
C15 750.022 97.2509177762321
C15 774.987 98.93054254825729
C15 799.976 98.81787325999659
C15 824.988 98.94435745895755
C15 850.022 97.82510572030375
C15 869.967 95.65821562942413
C15 875.002 94.98348837663046
C15 899.999 89.02649430820543
C15 919.999 81.89313619646012
C15 925.012 78.53878896343636
C15 949.965 64.93091894473244
C15 975.002 48.66459351097721
C15 999.976 30.819102560628316
C15 1025.028 14.992466965797336
C15 1050.014 6.097063024876134
C15 1075.002 0.9264942866199262
C15 1099.99 0.0919259119656199
C16 319.994 44.22870726323939
C16 324.969 44.67122660477603
C16 349.982 49.55327652479812
C16 374.975 65.98308602596265
C16 400.019 83.77478497716933
C16 424.965 89.02558703757997
C16 450.035 90.631646647714
C16 475.003 90.84763042543344
C16 500.018 90.50678638693137
C16 525.002 89.63627165798835
C16 550.029 90.43510438339725
C16 575.023 90.81476283159854
C16 599.982 91.31758898529802
C16 619.997 92.37081581961172
C16 624.979 92.4327465699529
C16 650.012 93.48524911259082
C16 675.004 94.4363508206187
C16 700.03 95.22694186916945
C16 725.012 96.08536473918831
C16 750.022 97.09429541943553
C16 774.987 98.80735959451333
C16 799.976 98.71449015343174
C16 824.988 98.85414121264621
C16 850.022 97.77465689905452
C16 869.967 95.61166273497835
C16 875.002 94.9400232519604
C16 899.999 88.95578056827999
C16 919.999 81.80268360233879
C16 925.012 78.45377999306777
C16 949.965 65.00407240398685
C16 975.002 48.74084236413024
C16 999.976 30.81641696333573
C16 1025.028 14.969771857945794
C16 1050.014 6.094875378110651
C16 1075.002 0.9250019467563477
C16 1099.99 0.0917778433753401
C17 319.994 44.260648526141566
C17 324.969 44.66485665009056
C17 349.982 49.39818661670505
C17 374.975 65.75777794593283
C17 400.019 83.6906451568117
C17 424.965 89.0760587311979
C17 450.035 90.74160174822124
C17 475.003 90.95829456937065
C17 500.018 90.59137603054029
C17 525.002 89.69276640869967
C17 550.029 90.47285141589006
C17 575.023 90.83350292569415
C17 599.982 91.32631860602196
C17 619.997 92.37648816705156
C17 624.979 92.43130561072422
C17 650.012 93.48274077615574
C17 675.004 94.4401476338244
C17 700.03 95.24421813166768
C17 725.012 96.12152595411729
C17 750.022 97.19004677897445
C17 774.987 98.94996118929127
C17 799.976 98.88832015562042
C17 824.988 99.04289924747899
C17 850.022 97.9851894288983
C17 869.967 95.83126797107671
C17 875.002 95.15804267049492
C17 899.999 89.00606928294826
C17 919.999 81.78529297799702
C17 925.012 78.46415642433877
C17 949.965 65.26776794283333
C17 975.002 48.936256258257345
C17 999.976 30.853552159965577
C17 1025.028 14.912602372357558
C17 1050.014 6.045790798353377
C17 1075.002 0.9259136641720084
C17 1099.99 0.09186830313974437
