lsstCam/transmission_filter_detector/r22_s01/g_6/19700101T000000.ecsv
# %ECSV 1.0
# ---
# datatype:
# - {name: wavelength, unit: nm, datatype: float32}
# - {name: efficiency, unit: '%', datatype: float64}
# meta: !!omap
# - {MODE: DETECTOR}
# - {TYPE: transmission_filter_detector}
# - {CALIBDATE: '1970-01-01T00:00:00'}
# - {INSTRUME: LSSTCam}
# - {OBSTYPE: transmission_filter_detector}
# - {CALIBCLS: lsst.ip.isr.IntermediateFilterDetectorTransmissionCurve}
# - {SOURCE: Materion (DM-46256)}
# - {DETECTOR: 91}
# - {FILTER: g_6}
# - {CALIB_ID: 'calibDate=1970-01-01T00:00:00 filter=g_6 detector=91'}
# - {DATE: '2025-04-02T15:59:42.449933'}
# - {CALIB_CREATION_DATE: '2025-04-02'}
# - {CALIB_CREATION_TIME: '15:59:42'}
# - __serialized_columns__:
#     efficiency:
#       __class__: astropy.units.quantity.Quantity
#       unit: !astropy.units.Unit {unit: '%'}
#       value: !astropy.table.SerializedColumn {name: efficiency}
#     wavelength:
#       __class__: astropy.units.quantity.Quantity
#       unit: !astropy.units.Unit {unit: nm}
#       value: !astropy.table.SerializedColumn {name: wavelength}
# schema: astropy-2.0
wavelength efficiency
[from data line 608]
908.0 0.00045592255446536
909.0 0.0003157823130095494
910.0 0.00029012878712819656
911.0 0.00026447532945894636
912.0 0.0004355798864708049
913.0 0.0006066844889573986
914.0 0.00039136070881795604
915.0 0.00017603691730982973
916.0 0.00018980292679771082
917.0 0.0002035689021795406
918.0 0.00026212028387817554
919.0 0.0003206716655768105
920.0 0.0003870450655085733
921.0 0.0004534183972282335
922.0 0.0006317010502243647
923.0 0.000809983703220496
924.0 0.0006866426247142954
925.0 0.0005633015462080948
926.0 0.0005696471816918347
927.0 0.0005759929081250448
928.0 0.0005506419256562367
929.0 0.0005252908977126935
930.0 0.0005632468401017832
931.0 0.0006012027824908728
932.0 0.0005723938102164539
933.0 0.0005435849288915051
934.0 0.0005747554041590774
935.0 0.000605926015850855
936.0 0.0006133403076091781
937.0 0.0006207546448422363
938.0 0.000662548836771748
939.0 0.0007043430287012598
940.0 0.0005805496584798675
941.0 0.00045675615183427
942.0 0.0006558970653713914
943.0 0.0008550379789085127
944.0 0.0006663696240138961
945.0 0.0004777011326950742
946.0 0.0004681693553720834
947.0 0.00045863753257435746
948.0 0.0008323546353494748
949.0 0.0012060718290740624
950.0 0.00105691360658966
951.0 0.0009077552931557875
952.0 0.0009416319699084852
953.0 0.000975508737610653
954.0 0.0009104463970288634
955.0 0.000845384147396544
956.0 0.0008217297363444231
957.0 0.0007980752343428321
958.0 0.0008973270269052591
959.0 0.0009965788194676861
960.0 0.0007520444796682568
961.0 0.0005075100489193574
962.0 0.0006013350230205106
963.0 0.0006951599971216638
964.0 0.0007536501925642369
965.0 0.0008121402970573399
966.0 0.0008198841896955855
967.0 0.0008276279004348908
968.0 0.0007992754035512917
969.0 0.0007709229066676926
970.0 0.0007241428647830617
971.0 0.0006773628683731658
972.0 0.000777527839090908
973.0 0.0008776928552833851
974.0 0.0008246803190559149
975.0 0.0007716680556768551
976.0 0.0008802863703749608
977.0 0.000988904957921477
978.0 0.0010102898158947937
979.0 0.0010316747648175806
980.0 0.0010671516974980477
981.0 0.001102628721127985
982.0 0.0010433580428070854
983.0 0.0009840873644861858
984.0 0.0010522362572373822
985.0 0.0011203855137864593
986.0 0.001172733391285874
987.0 0.001225080995936878
988.0 0.001243214137502946
989.0 0.001261346824321663
990.0 0.001337680805590935
991.0 0.001414014786860207
992.0 0.0013533004675991833
993.0 0.00129258642118657
994.0 0.0012662670997087844
995.0 0.001239947960129939
996.0 0.0011734364306903444
997.0 0.0011069248103012796
998.0 0.0012200358469272032
999.0 0.0013331468835531268
1000.0 0.001313108532485785
1001.0 0.0012930699995195027
1002.0 0.0012112684089515824
1003.0 0.001129466818383662
1004.0 0.0011502097549964674
1005.0 0.0011709526006598026
1006.0 0.0013721071809413843
1007.0 0.001573261761222966
1008.0 0.0016280027921311557
1009.0 0.0016827443687361665
1010.0 0.0017956883311853744
1011.0 0.001908632657432463
1012.0 0.00210255166166462
1013.0 0.002296471211593598
1014.0 0.002272276469739154
1015.0 0.0022480824554804713
1016.0 0.0026355734007665887
1017.0 0.0030230645279516466
1018.0 0.003282742909505032
1019.0 0.0035424207453615963
1020.0 0.0035733279219130054
1021.0 0.0036042347346665338
1022.0 0.003986879164585844
1023.0 0.004369523594505154
1024.0 0.004552040263661183
1025.0 0.004734556932817213
1026.0 0.004871900091529824
1027.0 0.0050092432502424344
1028.0 0.005010294989915565
1029.0 0.005011346365790814
1030.0 0.005265540676191449
1031.0 0.0055197346227942035
1032.0 0.005761883221566677
1033.0 0.006004031820339151
1034.0 0.005793722084490582
1035.0 0.005583413076237775
1036.0 0.005634923581965268
1037.0 0.00568643408769276
1038.0 0.005871819303138182
1039.0 0.006057204518583603
1040.0 0.006500042945845053
1041.0 0.00694288028171286
1042.0 0.007075744360918179
1043.0 0.007208606984931976
1044.0 0.007586884748889133
1045.0 0.00796516178525053
1046.0 0.009032482194015756
1047.0 0.010099801875185221
1048.0 0.011627032654359937
1049.0 0.013154260523151606
1050.0 0.01570211461512372
1051.0 0.018249964341521263
1052.0 0.02218276495113969
1053.0 0.026115571381524205
1054.0 0.03131375415250659
1055.0 0.03651193401310593
1056.0 0.04351110546849668
1057.0 0.050510268192738295
1058.0 0.05899469251744449
1059.0 0.0674791052006185
1060.0 0.0756173045374453
1061.0 0.08375547477044165
1062.0 0.09270041482523084
1063.0 0.10164532577618957
1064.0 0.10959557257592678
1065.0 0.11754580773413181
1066.0 0.12598216999322176
1067.0 0.1344185438938439
1068.0 0.14285240322351456
1069.0 0.15128629747778177
1070.0 0.15993949491530657
1071.0 0.16859268071129918
1072.0 0.17749889520928264
1073.0 0.18640506314113736
1074.0 0.19544390961527824
1075.0 0.2044828375801444
1076.0 0.2144539263099432
1077.0 0.224425015039742
1078.0 0.23620014544576406
1079.0 0.24797525256872177
1080.0 0.26450292207300663
1081.0 0.28103061486035585
1082.0 0.3107246244326234
1083.0 0.3404186572879553
1084.0 0.3825954860076308
1085.0 0.4247723612934351
1086.0 0.4635998513549566
1087.0 0.5024272948503494
1088.0 0.5708657670766115
1089.0 0.6393041461706161
1090.0 0.7232955656945705
1091.0 0.8072869852185249
1092.0 0.850021094083786
1093.0 0.8927550166845322
1094.0 0.9524115361273289
1095.0 1.0120677761733532
1096.0 1.098346896469593
1097.0 1.1846262030303478
1098.0 1.275541353970766
1099.0 1.3664566911756992
1100.0 1.6119981184601784
1101.0 1.8575390800833702
