lsstCam/transmission_filter_detector/r22_s01/g_6/19700101T000000.ecsv
# %ECSV 1.0
# ---
# datatype:
# - {name: wavelength, unit: nm, datatype: float32}
# - {name: efficiency, unit: '%', datatype: float64}
# meta: !!omap
# - {MODE: DETECTOR}
# - {TYPE: transmission_filter_detector}
# - {CALIBDATE: '1970-01-01T00:00:00'}
# - {INSTRUME: LSSTCam}
# - {OBSTYPE: transmission_filter_detector}
# - {CALIBCLS: lsst.ip.isr.IntermediateFilterDetectorTransmissionCurve}
# - {SOURCE: Materion (DM-46256)}
# - {DETECTOR: 91}
# - {FILTER: g_6}
# - {CALIB_ID: 'calibDate=1970-01-01T00:00:00 filter=g_6 detector=91'}
# - {DATE: '2025-04-02T15:59:42.449933'}
# - {CALIB_CREATION_DATE: '2025-04-02'}
# - {CALIB_CREATION_TIME: '15:59:42'}
# - __serialized_columns__:
#     efficiency:
#       __class__: astropy.units.quantity.Quantity
#       unit: !astropy.units.Unit {unit: '%'}
#       value: !astropy.table.SerializedColumn {name: efficiency}
#     wavelength:
#       __class__: astropy.units.quantity.Quantity
#       unit: !astropy.units.Unit {unit: nm}
#       value: !astropy.table.SerializedColumn {name: wavelength}
# schema: astropy-2.0
wavelength efficiency
300.0 0.559853995218873
301.0 0.4033254459500313
302.0 0.24679682683199644
303.0 0.22008658852428198
304.0 0.19337631529197097
305.0 0.20416395273059607
306.0 0.21495157852768898
307.0 0.2206007018685341
308.0 0.22624980192631483
309.0 0.22303194273263216
310.0 0.21981415338814259
311.0 0.21182431373745203
312.0 0.20383449736982584
313.0 0.20118218380957842
314.0 0.19852984696626663
315.0 0.18861915450543165
316.0 0.17870849696919322
317.0 0.17929569585248828
318.0 0.1798829296603799
319.0 0.16358551802113652
320.0 0.1472880714572966
321.0 0.14160877326503396
322.0 0.13592946343123913
323.0 0.11617197887971997
324.0 0.09641454089432955
325.0 0.08742865175008774
326.0 0.07844276842661202
327.0 0.07143889088183641
328.0 0.06443500751629472
329.0 0.061026401817798615
330.0 0.05761779611930251
331.0 0.05426672287285328
332.0 0.05091565544717014
333.0 0.04715128743555397
334.0 0.04338692233432084
335.0 0.04196686786599457
336.0 0.04054680757690221
337.0 0.04141501267440617
338.0 0.042283214861527085
339.0 0.04101116501260549
340.0 0.03973911516368389
341.0 0.03773938515223563
342.0 0.03573965514078736
343.0 0.03237354394514114
344.0 0.029007435659877956
345.0 0.02573130768723786
346.0 0.022455181169789284
347.0 0.02115832467097789
348.0 0.019861466716974974
349.0 0.01817390730138868
350.0 0.8642185479402542
351.0 1.2446585111320019
352.0 0.5857563111931086
353.0 1.2777998112142086
354.0 0.6332763470709324
355.0 1.0120316408574581
356.0 0.5500407889485359
357.0 1.15229869261384
358.0 0.42489790357649326
359.0 0.8646802976727486
360.0 0.4822671879082918
361.0 0.9015893563628197
362.0 0.4197603091597557
363.0 0.9362461045384407
364.0 0.5264756735414267
365.0 0.8930539712309837
366.0 0.4211838822811842
367.0 0.7339896634221077
368.0 0.41926014237105846
369.0 0.6568088196218014
370.0 0.39513283409178257
371.0 0.7042532321065664
372.0 0.3969460725784302
373.0 0.7032176479697227
374.0 0.4055045545101166
375.0 0.6243563257157803
376.0 0.3912077285349369
377.0 0.5438391119241714
378.0 0.37886626087129116
379.0 0.5458258092403412
380.0 0.393036101013422
381.0 0.6607610266655684
382.0 0.5850364919751883
383.0 0.5490707699209452
384.0 0.6056407932192087
385.0 0.6358787883073092
386.0 0.6803166586905718
387.0 0.8354676887392998
388.0 1.0069633834064007
389.0 1.3135280460119247
390.0 1.9033102318644524
391.0 2.968706376850605
392.0 4.677123576402664
393.0 7.377958297729492
394.0 11.154669523239136
395.0 16.110290586948395
396.0 22.18315452337265
397.0 29.75376546382904
398.0 38.53756785392761
399.0 48.11238944530487
400.0 57.71936774253845
401.0 66.72433018684387
402.0 75.03247261047363
403.0 81.903475522995
404.0 86.96617484092712
405.0 90.81170558929443
406.0 93.0329978466034
407.0 94.81338262557983
408.0 95.69428563117981
409.0 96.22883200645447
410.0 96.22968435287476
411.0 96.03060483932495
412.0 95.63987255096436
413.0 95.48652768135071
414.0 95.32787203788757
415.0 95.50359845161438
416.0 95.96477150917053
417.0 96.36643528938293
418.0 96.89024686813354
419.0 97.47475385665894
420.0 97.97526597976685
421.0 98.52923154830933
422.0 98.61918091773987
423.0 98.76718521118164
424.0 98.57308268547058
425.0 98.42719435691833
426.0 98.39183688163757
427.0 98.34494590759277
428.0 98.17450642585754
429.0 97.91831374168396
430.0 97.76558876037598
431.0 97.81934022903442
432.0 97.82930016517639
433.0 97.90118932723999
434.0 97.93731570243835
435.0 98.12132716178894
436.0 98.14255237579346
437.0 98.09874296188354
438.0 98.23446869850159
439.0 98.30049276351929
440.0 98.27693104743958
441.0 98.39187264442444
442.0 98.33676815032959
443.0 98.26526641845703
444.0 98.18702340126038
445.0 97.97427654266357
446.0 97.86610007286072
447.0 97.72621989250183
448.0 97.91327714920044
449.0 98.14278483390808
450.0 98.48746657371521
451.0 98.7480640411377
452.0 98.85125160217285
453.0 98.93302917480469
454.0 98.91126155853271
455.0 99.13349747657776
456.0 99.17943477630615
457.0 99.3651032447815
458.0 99.39666390419006
459.0 99.44260716438293
460.0 99.49886798858643
461.0 99.60598349571228
462.0 99.51139092445374
463.0 99.4411051273346
464.0 99.55680966377258
465.0 99.44760203361511
466.0 99.47132468223572
467.0 99.4666576385498
468.0 99.51067566871643
469.0 99.57082271575928
470.0 99.43231344223022
471.0 99.30617213249207
472.0 99.30611252784729
473.0 99.19889569282532
474.0 99.05321598052979
475.0 99.0771472454071
476.0 99.09232258796692
477.0 99.1150438785553
478.0 99.2306649684906
479.0 99.22709465026855
480.0 99.36957955360413
481.0 99.44075345993042
482.0 99.59815740585327
483.0 99.50069189071655
484.0 99.67595338821411
485.0 99.7069001197815
486.0 99.71174001693726
487.0 99.75513219833374
488.0 99.7273325920105
489.0 99.76558685302734
490.0 99.6431291103363
491.0 99.70077872276306
492.0 99.54068660736084
493.0 99.59362745285034
494.0 99.4920015335083
495.0 99.53991770744324
496.0 99.4288444519043
497.0 99.33387041091919
498.0 99.09772872924805
499.0 99.17094707489014
500.0 99.06589984893799
501.0 99.04386401176453
502.0 98.98756742477417
503.0 99.08639788627625
504.0 98.97650480270386
505.0 99.03120398521423
506.0 99.07549619674683
507.0 99.02727603912354
508.0 99.0447998046875
509.0 99.04067516326904
510.0 98.9418089389801
511.0 98.9494800567627
512.0 98.85287284851074
513.0 98.9695131778717
514.0 98.9153802394867
515.0 98.93978238105774
516.0 99.03565645217896
517.0 99.0419089794159
518.0 99.12435412406921
519.0 99.08062219619751
520.0 99.16746020317078
521.0 99.30616617202759
522.0 99.30484294891357
523.0 99.30342435836792
524.0 99.31037425994873
525.0 99.32634234428406
526.0 99.45074915885925
527.0 99.42945837974548
528.0 99.54113364219666
529.0 99.64950680732727
530.0 99.65688586235046
531.0 99.74468946456909
532.0 99.61367845535278
533.0 99.6120274066925
534.0 99.56898093223572
535.0 99.33950901031494
536.0 98.84146451950073
537.0 98.13042879104614
538.0 97.12299704551697
539.0 95.43400406837463
540.0 93.37289333343506
541.0 90.28135538101196
542.0 87.12142705917358
543.0 83.05585980415344
544.0 78.04752588272095
545.0 73.69266748428345
546.0 68.61168146133423
547.0 63.9992356300354
548.0 59.50753688812256
549.0 55.6355357170105
550.0 52.607375383377075
551.0 49.72716569900513
552.0 47.42703139781952
553.0 44.86124515533447
554.0 41.70645773410797
555.0 38.09459209442139
556.0 33.4010511636734
557.0 28.100869059562683
558.0 22.490422427654266
559.0 17.19202548265457
560.0 12.333472818136215
561.0 8.040843158960342
562.0 4.9449097365140915
563.0 2.7794545516371727
564.0 1.4793983660638332
565.0 0.68008485250175
566.0 0.39030781481415033
567.0 0.20052057225257158
568.0 0.14029223239049315
569.0 0.08506564772687852
570.0 0.07688882760703564
571.0 0.0496242952067405
572.0 0.059736421098932624
573.0 0.03664056130219251
574.0 0.038956396747380495
575.0 0.03334576904308051
576.0 0.03586685343179852
577.0 0.024237223260570318
578.0 0.031118880724534392
579.0 0.02145752514479682
580.0 0.031581512303091586
581.0 0.019762301235459745
582.0 0.026228581555187702
583.0 0.01646845485083759
584.0 0.026939608505927026
585.0 0.025863255723379552
586.0 0.030504490132443607
587.0 0.016360075096599758
588.0 0.01928210404003039
589.0 0.01735811965772882
590.0 0.028621955425478518
591.0 0.012552726548165083
592.0 0.020351285638753325
593.0 0.008324012014782056
594.0 0.023520727700088173
595.0 0.0035855813621310517
596.0 0.019534827151801437
597.0 0.007393317355308682
598.0 0.032468928839080036
599.0 0.010774015390779823
600.0 0.007857989112380892
601.0 0.0024476019461872056
602.0 0.0024712544473004527
603.0 0.0024949067665147595
604.0 0.0022526215616380796
605.0 0.0020103363567613997
606.0 0.0020614135792129673
607.0 0.0021124906197655946
608.0 0.0019374692783458158
609.0 0.001762447936926037
610.0 0.001867805258370936
611.0 0.001973162216017954
612.0 0.0018383556380285881
613.0 0.001703549423837103
614.0 0.0017888547517941333
615.0 0.0018741606254479848
616.0 0.0019485973098198883
617.0 0.002023033994191792
618.0 0.0018766921130008996
619.0 0.0017303500499110669
620.0 0.0016735306417103857
621.0 0.0016167110516107641
622.0 0.001457401867810404
623.0 0.0012980925021111034
624.0 0.0014458023542829324
625.0 0.0015935123883537017
626.0 0.0015094142327143345
627.0 0.0014253165318223182
628.0 0.0014885996279190294
629.0 0.0015518831787630916
630.0 0.0014176136573951226
631.0 0.0012833437722292729
632.0 0.001471973428124329
633.0 0.0016606027202215046
634.0 0.001594621608091984
635.0 0.0015286399502656423
636.0 0.001470741699449718
637.0 0.001412844085280085
638.0 0.0012906218216812704
639.0 0.0011683995580824558
640.0 0.0011182973139511887
641.0 0.001068194796971511
642.0 0.0013000287253817078
643.0 0.0015318628356908448
644.0 0.0014381364053406287
645.0 0.001344409702142002
646.0 0.001331392559222877
647.0 0.0013183755982026923
648.0 0.0010754604772955645
649.0 0.0008325451744894963
650.0 0.001155819154519122
651.0 0.0014790924979024567
652.0 0.0012411102943588048
653.0 0.0010031279998656828
654.0 0.00114648673843476
655.0 0.0012898456589027774
656.0 0.0012693830285570584
657.0 0.0012489203072618693
658.0 0.0010992977877322119
659.0 0.000949675541050965
660.0 0.0008815295586828142
661.0 0.0008133836672641337
662.0 0.001018966213450767
663.0 0.001224549032485811
664.0 0.001206395791086834
665.0 0.0011882422768394463
666.0 0.0011264849490544293
667.0 0.0010647271665220615
668.0 0.0011179662578797434
669.0 0.0011712050763890147
670.0 0.001194846845464781
671.0 0.001218488523591077
672.0 0.0011513995559653267
673.0 0.0010843104064406361
674.0 0.0010596094398351852
675.0 0.0010349085641792044
676.0 0.0010105080946232192
677.0 0.0009861073522188235
678.0 0.0010297648259438574
679.0 0.0010734224815678317
680.0 0.0010237171409244183
681.0 0.0009740117093315348
682.0 0.0010187652151216753
683.0 0.0010635186299623456
684.0 0.0009658022463554516
685.0 0.0008680856808496173
686.0 0.0009920339834934566
687.0 0.0011159822861372959
688.0 0.001137656727223657
689.0 0.0011593312592594884
690.0 0.0010252145330014173
691.0 0.0008910978067433462
692.0 0.000903871205082396
693.0 0.0009166446034214459
694.0 0.0010484735867066775
695.0 0.0011803024790424388
696.0 0.0012000023161817808
697.0 0.0012197016076243017
698.0 0.0012768675333063584
699.0 0.0013340335499378853
700.0 0.0011730836376955267
701.0 0.001012133634503698
702.0 0.0011337782780174166
703.0 0.001255422830581665
704.0 0.0012297785360715352
705.0 0.0012041339687129948
706.0 0.001157529368356336
707.0 0.0011109248589491472
708.0 0.0011070626896980684
709.0 0.0011032006113964599
710.0 0.00118971647680155
711.0 0.0012762326150550507
712.0 0.0011879480553034227
713.0 0.0010996637684002053
714.0 0.0011522554814291652
715.0 0.0012048474673065357
716.0 0.0014208248103386723
717.0 0.0016368023352697492
718.0 0.0019034116121474653
719.0 0.0021700208890251815
720.0 0.0018638702385942452
721.0 0.0015577197700622492
722.0 0.0017699485397315584
723.0 0.0019821776731987484
724.0 0.0019179426089976914
725.0 0.0018537073628976941
726.0 0.002007222065003589
727.0 0.002160736949008424
728.0 0.0020813715309486724
729.0 0.002002006112888921
730.0 0.0019591470845625736
731.0 0.0019162880562362261
732.0 0.0018426837414153852
733.0 0.001769079790392425
734.0 0.0015590238035656512
735.0 0.001348968089587288
736.0 0.0012282510397199076
737.0 0.0011075338079535868
738.0 0.0011089431609434541
739.0 0.0011103526958322618
740.0 0.0008940922270994633
741.0 0.0006778315764677245
742.0 0.0006956621746212477
743.0 0.0007134927273000358
744.0 0.0008285097464977298
745.0 0.0009435270840185694
746.0 0.0009587946806277614
747.0 0.0009740622772369534
748.0 0.0011206883755221497
749.0 0.0012673145647568163
750.0 0.0011347857252985705
751.0 0.0010022572496382054
752.0 0.0008920261279854458
753.0 0.0007817953701305669
754.0 0.0008273203093267512
755.0 0.0008728452485229354
756.0 0.0008879311280907132
757.0 0.0009030170076584909
758.0 0.0008643409273645375
759.0 0.0008256652108684648
760.0 0.000658525414110045
761.0 0.0004913856173516251
762.0 0.0006209869752638042
763.0 0.0007505882422265131
764.0 0.0007823646228644066
765.0 0.0008141412763507105
766.0 0.000710390804670169
767.0 0.0006066404239390977
768.0 0.0005708225216949359
769.0 0.000535004573976039
770.0 0.0004508373876888072
771.0 0.00036667024687631056
772.0 0.0005957098892395152
773.0 0.00082474962255219
774.0 0.0008852797691361047
775.0 0.0009458100066694897
776.0 0.0008800233445072081
777.0 0.0008142365913954563
778.0 0.0007337083843594883
779.0 0.0006531802682729904
780.0 0.0006223907803359907
781.0 0.000591601246924256
782.0 0.0005823361789225601
783.0 0.0005730709290219238
784.0 0.000700381860951893
785.0 0.0008276927474071272
786.0 0.0007316646588151343
787.0 0.0006356369794957573
788.0 0.0004464823632588377
789.0 0.0002573278607087559
790.0 0.00020080656213394832
791.0 0.00014428526355914073
792.0 0.0002886300080717774
793.0 0.00043297472984704655
794.0 0.0003982484486186877
795.0 0.00036352216739032883
796.0 0.00045104675336915534
797.0 0.0005385712938732468
798.0 0.0005698136192222591
799.0 0.0006010558990965365
800.0 0.0006417399617930641
801.0 0.0006824242518632673
802.0 0.0005592893103312235
803.0 0.00043615450522338506
804.0 0.00037711636196036125
805.0 0.00031807833238417516
806.0 0.0004006356448371662
807.0 0.00048319293455278967
808.0 0.0004722062385553727
809.0 0.0004612195425579557
810.0 0.00033810576951509574
811.0 0.0002149920192096033
812.0 0.00023064583274390316
813.0 0.00024629962354083546
814.0 0.00037086424526933115
815.0 0.0004954288669978268
816.0 0.0005449761829368072
817.0 0.0005945233624515822
818.0 0.0004946056378685171
819.0 0.00039468791328545194
820.0 0.00045715155465586577
821.0 0.0005196150596020743
822.0 0.0004758050636155531
823.0 0.00043199506762903184
824.0 0.0004803487172466703
825.0 0.0005287023213895736
826.0 0.0005649838385579642
827.0 0.0006012652193021495
828.0 0.00057039628700295
829.0 0.0005395272182795452
830.0 0.0004938105576002272
831.0 0.000448093805971439
832.0 0.0005911560492677381
833.0 0.0007342182016145671
834.0 0.000606955563853262
835.0 0.00047969306251616217
836.0 0.0005247599801805336
837.0 0.0005698270342691103
838.0 0.0004408133008837467
839.0 0.0003117996129731182
840.0 0.0005231606337474659
841.0 0.0007345216545218136
842.0 0.0004152970177528914
843.0 9.60722559284477e-05
844.0 0.00015880121964073624
845.0 0.00022153014924697345
846.0 0.0004539684141491307
847.0 0.0006864067472633906
848.0 0.0006264128387556411
849.0 0.0005664190211973619
850.0 0.000479939717479283
851.0 0.0003934604137612041
852.0 0.00048812589739100076
853.0 0.0005827909717481816
854.0 0.0006112290975579526
855.0 0.0006396670869435184
856.0 0.000561145043320721
857.0 0.00048262309064739384
858.0 0.0005345959380065324
859.0 0.0005865687398909358
860.0 0.0005237530785962008
861.0 0.00046093737182673067
862.0 0.00047131197788985446
863.0 0.00048168658395297825
864.0 0.000469134602099075
865.0 0.0004565826202451717
866.0 0.0005071249233878916
867.0 0.0005576672720053466
868.0 0.0007034773261693772
869.0 0.000849287516757613
870.0 0.0006845795724075288
871.0 0.0005198714461585041
872.0 0.0003934167125407839
873.0 0.00026696184249885846
874.0 0.0003869321972160833
875.0 0.0005069025519333081
876.0 0.0006296478659351123
877.0 0.0007523930435127113
878.0 0.0007473041478078812
879.0 0.0007422151156788459
880.0 0.0007311213721550303
881.0 0.0007200279014796251
882.0 0.0006385134838637896
883.0 0.0005569993845710997
884.0 0.000622787456450169
885.0 0.0006885756647534436
886.0 0.000702429179000319
887.0 0.0007162829206208698
888.0 0.0005974075520498445
889.0 0.00047853231990302447
890.0 0.0005631065050692996
891.0 0.0006476809176092502
892.0 0.0005756877726526
893.0 0.0005036946731706848
894.0 0.0005526142558665015
895.0 0.0006015338385623181
896.0 0.0003824693521892186
897.0 0.00016340484307875158
898.0 0.000277687195193721
899.0 0.00039196952457132284
900.0 0.0003420482698857086
901.0 0.00029212696972535923
902.0 0.000589222008784418
903.0 0.0008863170478434768
904.0 0.00046863046918588225
905.0 5.0943793894475675e-05
906.0 0.00032350335459341295
