lsstCam/transmission_sensor/r20_s20/19700101T000000.ecsv
# %ECSV 1.0
# ---
# datatype:
# - {name: amp_name, datatype: string}
# - {name: wavelength, unit: nm, datatype: float32}
# - {name: efficiency, unit: '%', datatype: float64}
# meta: !!omap
# - {MODE: AMP}
# - {TYPE: transmission_sensor}
# - {CALIBDATE: '1970-01-01T00:00:00'}
# - {INSTRUME: LSSTCam}
# - {OBSTYPE: transmission_sensor}
# - {DETECTOR: 78}
# - {PARQUETFILE: qe_raft_allvalues_nircorrected_20230725_adjust.parquet}
# - {CORRFILE: qe_corr_factor_bydetnum.parquet}
# - {CALIBCLS: lsst.ip.isr.IntermediateSensorTransmissionCurve}
# - {CALIB_ID: 'raftName=R20 detectorName=S20 detector=78 calibDate=1970-01-01T00:00:00 ccd=78 ccdnum=78 filter=None'}
# - {DATE: '2025-03-03T21:56:47.814440'}
# - {CALIB_CREATION_DATE: '2025-03-03'}
# - {CALIB_CREATION_TIME: '21:56:47'}
# - __serialized_columns__:
#     efficiency:
#       __class__: astropy.units.quantity.Quantity
#       unit: !astropy.units.Unit {unit: '%'}
#       value: !astropy.table.SerializedColumn {name: efficiency}
#     wavelength:
#       __class__: astropy.units.quantity.Quantity
#       unit: !astropy.units.Unit {unit: nm}
#       value: !astropy.table.SerializedColumn {name: wavelength}
# schema: astropy-2.0
amp_name wavelength efficiency
C00 319.994 47.472590463451844
C00 324.969 46.852391203261725
C00 349.982 47.31525169173681
C00 374.975 59.267608064164946
C00 400.019 76.20624293264775
C00 424.965 83.04259096432531
C00 450.035 85.02542572100151
C00 475.003 85.5123016178862
C00 500.018 85.35368982308928
C00 525.002 85.21427659260834
C00 550.029 85.88118777183013
C00 575.023 87.01030190207929
C00 599.982 88.3589800193703
C00 619.997 89.26519660063347
C00 624.979 89.65072762694534
C00 650.012 90.89186014261604
C00 675.004 92.48881981268796
C00 700.03 93.62089286145178
C00 725.012 94.81503438696477
C00 750.022 96.40933332410879
C00 774.987 97.79550636748725
C00 799.976 98.76900585037552
C00 824.988 98.732978914869
C00 850.022 98.30658881738842
C00 869.967 96.33399176585722
C00 875.002 95.32817355283606
C00 899.999 89.88125566863836
C00 919.999 82.11254247347516
C00 925.012 79.30548452610711
C00 949.965 65.19526610336618
C00 975.002 49.20168075448222
C00 999.976 31.624844626732443
C00 1025.028 15.578130634363541
C00 1050.014 6.238929385736527
C00 1075.002 0.9184745530337103
C00 1099.99 0.0911302013667734
C01 319.994 47.73004313447133
C01 324.969 47.06258910456598
C01 349.982 47.3686230888725
C01 374.975 59.26021459077047
C01 400.019 76.13220115772303
C01 424.965 82.99924701326704
C01 450.035 84.9973121722202
C01 475.003 85.46142656931649
C01 500.018 85.27034312870119
C01 525.002 85.08165281856412
C01 550.029 85.7069250566211
C01 575.023 86.83097003189556
C01 599.982 88.19670589390539
C01 619.997 89.10894735317771
C01 624.979 89.49806425231482
C01 650.012 90.74314963845599
C01 675.004 92.34770157231358
C01 700.03 93.50718475770535
C01 725.012 94.76869328847047
C01 750.022 96.45609494073824
C01 774.987 97.93401739542367
C01 799.976 98.95457668052813
C01 824.988 98.93405539553248
C01 850.022 98.56199624111419
C01 869.967 96.55811264032731
C01 875.002 95.52183362275224
C01 899.999 89.92901888300791
C01 919.999 82.13703956629412
C01 925.012 79.37925105279791
C01 949.965 65.47248694963018
C01 975.002 49.433852639794495
C01 999.976 31.809983470073487
C01 1025.028 15.537609889149033
C01 1050.014 6.2351270416439775
C01 1075.002 0.9189192714347005
C01 1099.99 0.09117432591796525
C02 319.994 48.007833591663854
C02 324.969 47.268841781184044
C02 349.982 47.307571501431994
C02 374.975 59.05866024858975
C02 400.019 75.97493502095863
C02 424.965 83.00284817766084
C02 450.035 85.1340723155575
C02 475.003 85.66421570565771
C02 500.018 85.47220712514505
C02 525.002 85.2476657325398
C02 550.029 85.8270938480804
C02 575.023 86.89531695235884
C02 599.982 88.21929154065545
C02 619.997 89.10398523918286
C02 624.979 89.48697021933096
C02 650.012 90.71351457860385
C02 675.004 92.30970202446395
C02 700.03 93.47345920326576
C02 725.012 94.75295061864705
C02 750.022 96.48277108207574
C02 774.987 98.00131558861732
C02 799.976 99.05154051671106
C02 824.988 99.04887213799887
C02 850.022 98.71636462563815
C02 869.967 96.68773926693551
C02 875.002 95.62898164359022
C02 899.999 89.92037150099223
C02 919.999 82.19456644718358
C02 925.012 79.49876995259378
C02 949.965 65.85401158498165
C02 975.002 49.691767880762654
C02 999.976 31.928105102792998
C02 1025.028 15.530657959796462
C02 1050.014 6.22838441563595
C02 1075.002 0.9191730652479376
C02 1099.99 0.09119950710695904
C03 319.994 48.25591253116148
C03 324.969 47.44115864429494
C03 349.982 47.203118619551155
C03 374.975 58.80920124503039
C03 400.019 75.83758615223209
C03 424.965 83.04604685881787
C03 450.035 85.29962648247665
C03 475.003 85.87723490135966
C03 500.018 85.67805457519651
C03 525.002 85.42605717125765
C03 550.029 85.97789929713194
C03 575.023 87.01434652196107
C03 599.982 88.31690526850178
C03 619.997 89.1855963405404
C03 624.979 89.56480430325637
C03 650.012 90.7771198579924
C03 675.004 92.36937737073485
C03 700.03 93.5272090667231
C03 725.012 94.80692985563265
C03 750.022 96.53547347308732
C03 774.987 98.0595611732287
C03 799.976 99.12135417293138
C03 824.988 99.13595762089773
C03 850.022 98.81776301670091
C03 869.967 96.82065358078219
C03 875.002 95.76613936770987
C03 899.999 90.04697804281157
C03 919.999 82.2754970737406
C03 925.012 79.58109975767323
C03 949.965 65.94732073628083
C03 975.002 49.722580391393244
C03 999.976 31.99496557483688
C03 1025.028 15.52155469789335
C03 1050.014 6.234939242067709
C03 1075.002 0.9196751368201871
C03 1099.99 0.09124932218711397
C04 319.994 48.31012496456748
C04 324.969 47.427977312203836
C04 349.982 46.93566526269921
C04 374.975 58.362733318042146
C04 400.019 75.44720769868951
C04 424.965 82.81834011152253
C04 450.035 85.19043703723709
C04 475.003 85.81741428518751
C04 500.018 85.62889218230453
C04 525.002 85.35969940952988
C04 550.029 85.8896516550232
C04 575.023 86.90616632024589
C04 599.982 88.18990879168439
C04 619.997 89.04271192399835
C04 624.979 89.42125470348235
C04 650.012 90.62067946592975
C04 675.004 92.20617045958831
C04 700.03 93.35532419042377
C04 725.012 94.61606049697706
C04 750.022 96.32725582991044
C04 774.987 97.83854448717449
C04 799.976 98.89155248074454
C04 824.988 98.9179533738481
C04 850.022 98.60833733960848
C04 869.967 96.63471575298435
C04 875.002 95.59275591769253
C04 899.999 89.90349725509603
C04 919.999 82.10965236701898
C04 925.012 79.4095589416663
C04 949.965 65.73869022075306
C04 975.002 49.51301709018386
C04 999.976 31.919861035897853
C04 1025.028 15.480693715278578
C04 1050.014 6.237430334156996
C04 1075.002 0.91769158199572
C04 1099.99 0.0910525156996847
C05 319.994 48.48872283946076
C05 324.969 47.53966310600938
C05 349.982 46.81017118249197
C05 374.975 58.09341056693482
C05 400.019 75.28420722371841
C05 424.965 82.8209855528819
C05 450.035 85.30395399637663
C05 475.003 85.96903783315655
C05 500.018 85.7817543473262
C05 525.002 85.4968341962967
C05 550.029 86.00850537158709
C05 575.023 87.01488172686037
C05 599.982 88.28532817944364
C05 619.997 89.13094427453855
C05 624.979 89.50707098619147
C05 650.012 90.7000962272002
C05 675.004 92.27829314265986
C05 700.03 93.41743089609432
C05 725.012 94.66148410135828
C05 750.022 96.35022376587428
C05 774.987 97.83369705994377
C05 799.976 98.88191114677302
C05 824.988 98.91246370073824
C05 850.022 98.5950871954589
C05 869.967 96.62674119998492
C05 875.002 95.58085907735972
C05 899.999 89.89290784387435
C05 919.999 82.10356632273563
C05 925.012 79.40313648287483
C05 949.965 65.65961751977501
C05 975.002 49.38711013762573
C05 999.976 31.847197413588805
C05 1025.028 15.45022717638646
C05 1050.014 6.243853748671518
C05 1075.002 0.9179106106209505
C05 1099.99 0.09107424751866261
C06 319.994 48.6802650271326
C06 324.969 47.67198487157471
C06 349.982 46.712358664254474
C06 374.975 57.8629131083789
C06 400.019 75.099668574443
C06 424.965 82.76335927679683
C06 450.035 85.32759476135672
C06 475.003 86.02043279505699
C06 500.018 85.82828659042738
C06 525.002 85.51603276061267
C06 550.029 86.00652511345972
C06 575.023 86.99136329442868
C06 599.982 88.25014228020741
C06 619.997 89.0847790290826
C06 624.979 89.45817619574912
C06 650.012 90.64476368639782
C06 675.004 92.21838842286068
C06 700.03 93.34676091203512
C06 725.012 94.56499430380046
C06 750.022 96.22085709593146
C06 774.987 97.67583455200587
C06 799.976 98.7115630731131
C06 824.988 98.75136702605177
C06 850.022 98.42837851511415
C06 869.967 96.46413066001188
C06 875.002 95.41717048180382
C06 899.999 89.71677191151781
C06 919.999 81.97162302349193
C06 925.012 79.2843209952323
C06 949.965 65.56360176084227
C06 975.002 49.24150764477372
C06 999.976 31.731491848700376
C06 1025.028 15.40117278019737
C06 1050.014 6.228027930944101
C06 1075.002 0.9166783965644068
C06 1099.99 0.09095198837198412
C07 319.994 48.4760002544262
C07 324.969 47.39716097868111
C07 349.982 46.16478288600595
C07 374.975 57.08317691349452
C07 400.019 74.39702864530143
C07 424.965 82.25846991215889
C07 450.035 84.97609512085546
C07 475.003 85.7532355719783
C07 500.018 85.59057151151531
C07 525.002 85.26807233077133
C07 550.029 85.73772227568314
C07 575.023 86.69440103316514
C07 599.982 87.91511930482004
C07 619.997 88.72668107675152
C07 624.979 89.09700463813925
C07 650.012 90.26118998086051
C07 675.004 91.82556331834992
C07 700.03 92.9462517943274
C07 725.012 94.15034048518291
C07 750.022 95.78784574926824
C07 774.987 97.2260254172892
C07 799.976 98.2671747994478
C07 824.988 98.34199644436863
C07 850.022 98.03459768756892
C07 869.967 96.09260671049287
C07 875.002 95.04085262554403
C07 899.999 89.28094691624116
C07 919.999 81.69811802838586
C07 925.012 79.07218106472205
C07 949.965 65.60698394082192
C07 975.002 49.35713866326546
C07 999.976 31.636934523118203
C07 1025.028 15.391404335062282
C07 1050.014 6.1677313647008045
C07 1075.002 0.9125532658062286
C07 1099.99 0.09054269668783745
C10 319.994 47.8695213541186
C10 324.969 47.2452468909096
C10 349.982 47.744096085969844
C10 374.975 59.77666820412523
C10 400.019 76.52125689058595
C10 424.965 83.26879149211835
C10 450.035 85.22105840326078
C10 475.003 85.71307991296294
C10 500.018 85.52813603712093
C10 525.002 85.30582721352415
C10 550.029 85.87793066772873
C10 575.023 86.94103874232681
C10 599.982 88.24727511110407
C10 619.997 89.12134116948843
C10 624.979 89.50291167954555
C10 650.012 90.72134386170204
C10 675.004 92.3274708271204
C10 700.03 93.48453029889681
C10 725.012 94.81041633326231
C10 750.022 96.6032686422589
C10 774.987 98.1975752251872
C10 799.976 99.23654555882727
C10 824.988 99.1658985121209
C10 850.022 98.87150523437396
C10 869.967 97.10373874358555
C10 875.002 96.09174273686973
C10 899.999 90.09025318181136
C10 919.999 81.64010946308704
C10 925.012 78.74217372381945
C10 949.965 64.63398143391154
C10 975.002 49.17615148078606
C10 999.976 31.99853042175537
C10 1025.028 15.526480494412892
C10 1050.014 6.13157875161524
C10 1075.002 0.920320449470101
C10 1099.99 0.09131334951540189
C11 319.994 47.879556445980306
C11 324.969 47.19617624742892
C11 349.982 47.44636160049447
C11 374.975 59.325914815050524
C11 400.019 76.1846894667749
C11 424.965 83.07620183200076
C11 450.035 85.08903864617434
C11 475.003 85.57014197593097
C11 500.018 85.38207097432024
C11 525.002 85.15000612998782
C11 550.029 85.73077990356092
C11 575.023 86.81966191695197
C11 599.982 88.15835463997907
C11 619.997 89.04914202857412
C11 624.979 89.43329681371638
C11 650.012 90.66297594454225
C11 675.004 92.2817872660738
C11 700.03 93.46476594654443
C11 725.012 94.86081734320693
C11 750.022 96.74736873850075
C11 774.987 98.43855505398494
C11 799.976 99.52832397835198
C11 824.988 99.46117105505955
C11 850.022 99.17431652060831
C11 869.967 97.41383646223456
C11 875.002 96.40532693314839
C11 899.999 90.35588301911358
C11 919.999 81.86715867293468
C11 925.012 78.9759818069667
C11 949.965 65.00864780076782
C11 975.002 49.5113120802904
C11 999.976 32.20178786238347
C11 1025.028 15.58762191981864
C11 1050.014 6.166622248119328
C11 1075.002 0.9216924815961253
C11 1099.99 0.09144948128248599
C12 319.994 47.890329356024594
C12 324.969 47.13414599960114
C12 349.982 47.103604914312335
C12 374.975 58.79037350125177
C12 400.019 75.78741451581574
C12 424.965 82.91845401082699
C12 450.035 85.08146167395724
C12 475.003 85.62965676073208
C12 500.018 85.46236700078238
C12 525.002 85.22562293647331
C12 550.029 85.81265860736809
C12 575.023 86.89543928490725
C12 599.982 88.22856587698173
C12 619.997 89.10940610023424
C12 624.979 89.4909307355857
C12 650.012 90.71642762241284
C12 675.004 92.33579708619651
C12 700.03 93.5335627134561
C12 725.012 94.96639033248415
C12 750.022 96.9106673990586
C12 774.987 98.66286707306192
C12 799.976 99.7914154152747
C12 824.988 99.74398096962899
C12 850.022 99.46661485346377
C12 869.967 97.67672146298183
C12 875.002 96.66696567105875
C12 899.999 90.61548797840663
C12 919.999 82.17724110001512
C12 925.012 79.30033891328964
C12 949.965 65.44087163165065
C12 975.002 49.789909167724005
C12 999.976 32.37715921631246
C12 1025.028 15.660460439442991
C12 1050.014 6.202890025830544
C12 1075.002 0.9232477196093104
C12 1099.99 0.09160379056938642
C13 319.994 47.9443697592844
C13 324.969 47.11140361427343
C13 349.982 46.79433676325724
C13 374.975 58.26252002354211
C13 400.019 75.28081249550006
C13 424.965 82.5801433482011
C13 450.035 84.87946769918068
C13 475.003 85.48505968851231
C13 500.018 85.32342780892654
C13 525.002 85.06761515863417
C13 550.029 85.62760004476195
C13 575.023 86.67197594788486
C13 599.982 87.96890739719873
C13 619.997 88.82604568919696
C13 624.979 89.20354099623519
C13 650.012 90.40876890894776
C13 675.004 92.01186049800872
C13 700.03 93.20402176539432
C13 725.012 94.6393419100962
C13 750.022 96.59462126024322
C13 774.987 98.36497967190103
C13 799.976 99.50924010080013
C13 824.988 99.4859510418967
C13 850.022 99.21266012875036
C13 869.967 97.4136682549805
C13 875.002 96.40534987050121
C13 899.999 90.41007633805889
C13 919.999 82.05313472965389
C13 925.012 79.1987187944829
C13 949.965 65.46567455584064
C13 975.002 49.77718658268944
C13 999.976 32.343078132904054
C13 1025.028 15.65368914174393
C13 1050.014 6.2092044879191395
C13 1075.002 0.9202366381055411
C13 1099.99 0.09130503382880616
C14 319.994 47.948158245392946
C14 324.969 47.04538991283807
C14 349.982 46.45148450477166
C14 374.975 57.73919667301573
C14 400.019 74.8793094258365
C14 424.965 82.36346946761543
C14 450.035 84.78498874288734
C14 475.003 85.43497215572297
C14 500.018 85.2776601442529
C14 525.002 85.00359700689472
C14 550.029 85.5404151666675
C14 575.023 86.57645716493003
C14 599.982 87.86689734339394
C14 619.997 88.7185153791452
C14 624.979 89.09691288872794
C14 650.012 90.29070270816425
C14 675.004 91.89159995713811
C14 700.03 93.08104697110588
C14 725.012 94.51643592786624
C14 750.022 96.46989558135567
C14 774.987 98.24205075231825
C14 799.976 99.39579959950333
C14 824.988 99.38368867721081
C14 850.022 99.11845642069093
C14 869.967 97.3015428285791
C14 875.002 96.29321679831556
C14 899.999 90.32626325082997
C14 919.999 82.02080070795246
C14 925.012 79.17801401066463
C14 949.965 65.47685269245153
C14 975.002 49.75259391756703
C14 999.976 32.33985925772404
C14 1025.028 15.665504745618806
C14 1050.014 6.229040519499098
C14 1075.002 0.9190483813469332
C14 1099.99 0.09118713608484612
C15 319.994 48.37017877716002
C15 324.969 47.40070862258498
C15 349.982 46.56449684214902
C15 374.975 57.751013232613644
C15 400.019 74.93254702174737
C15 424.965 82.52359512769891
C15 450.035 85.02877457451422
C15 475.003 85.7082095483794
C15 500.018 85.53150782798646
C15 525.002 85.21622626759861
C15 550.029 85.70226877399728
C15 575.023 86.69744405530682
C15 599.982 87.96162096478412
C15 619.997 88.80288660862622
C15 624.979 89.17769059959946
C15 650.012 90.3630777021169
C15 675.004 91.95632152103089
C15 700.03 93.1392466810116
C15 725.012 94.56669166790964
C15 750.022 96.51258199496623
C15 774.987 98.27930865909315
C15 799.976 99.43251465559467
C15 824.988 99.43054968903584
C15 850.022 99.15276305473546
C15 869.967 97.32046614466117
C15 875.002 96.30424201924095
C15 899.999 90.3104135400267
C15 919.999 82.0268943980201
C15 925.012 79.18975028952765
C15 949.965 65.45662959304262
C15 975.002 49.69423364619153
C15 999.976 32.34518072357984
C15 1025.028 15.692882387663591
C15 1050.014 6.243298473588504
C15 1075.002 0.9194551064339777
C15 1099.99 0.09122749097433203
C16 319.994 48.685001590491325
C16 324.969 47.649865617665455
C16 349.982 46.60094429579071
C16 374.975 57.68091285948298
C16 400.019 74.8836292939522
C16 424.965 82.59823327379712
C16 450.035 85.21605806034455
C16 475.003 85.94727028532397
C16 500.018 85.77082087581212
C16 525.002 85.42552961214264
C16 550.029 85.86385477887738
C16 575.023 86.82136692684543
C16 599.982 88.04355318908124
C16 619.997 88.86357119842151
C16 624.979 89.23420823696455
C16 650.012 90.39981569556106
C16 675.004 91.98181256580568
C16 700.03 93.15670965229702
C16 725.012 94.57760220207089
C16 750.022 96.5089884763567
C16 774.987 98.26930032747642
C16 799.976 99.4262145293516
C16 824.988 99.42970100698126
C16 850.022 99.1382207730433
C16 869.967 97.27916361800447
C16 875.002 96.2496205363762
C16 899.999 90.23644057716045
C16 919.999 81.97086609084865
C16 925.012 79.13928046752454
C16 949.965 65.41336974561139
C16 975.002 49.60236572522829
C16 999.976 32.26894460856803
C16 1025.028 15.661351173311097
C16 1050.014 6.236855466751776
C16 1075.002 0.9194209558942481
C16 1099.99 0.09122410258915353
C17 319.994 48.949950952993014
C17 324.969 47.84896948598584
C17 349.982 46.56312442387156
C17 374.975 57.54053626018333
C17 400.019 74.78159630279458
C17 424.965 82.6284570590385
C17 450.035 85.36986065683213
C17 475.003 86.15894382299341
C17 500.018 85.95871602438451
C17 525.002 85.55796224157996
C17 550.029 85.9223679659384
C17 575.023 86.80713047652429
C17 599.982 87.9819740425257
C17 619.997 88.7691457626181
C17 624.979 89.13178531080887
C17 650.012 90.27663446509717
C17 675.004 91.84370676443586
C17 700.03 93.01520147692457
C17 725.012 94.42808124477763
C17 750.022 96.35720436691788
C17 774.987 98.11279876913956
C17 799.976 99.27419340060023
C17 824.988 99.30024258762712
C17 850.022 99.02377867400642
C17 869.967 97.1215381293791
C17 875.002 96.07876019516979
C17 899.999 90.0040775472413
C17 919.999 81.81136738507577
C17 925.012 79.02343154418095
C17 949.965 65.51899625537854
C17 975.002 49.66754603617761
C17 999.976 32.23722224960864
C17 1025.028 15.640663592507446
C17 1050.014 6.183674258499941
C17 1075.002 0.917974946353091
C17 1099.99 0.09108063085090155
