lsstcam/transmission_sensor/r20_s20/19700101T000000.ecsv
# %ECSV 0.9
# ---
# datatype:
# - {name: amp_name, datatype: string}
# - {name: wavelength, unit: nm, datatype: float32}
# - {name: efficiency, unit: '%', datatype: float32}
# meta: !!omap
# - {MODE: AMP}
# - {TYPE: QE}
# - {CALIBDATE: '1970-01-01T00:00:00'}
# - {INSTRUME: LSSTCAM}
# - {OBSTYPE: qe_curve}
# - {DETECTOR: 78}
# - {PICKLEFILE: RaftRun10928.p}
# - {CALIB_ID: 'raftName=R20 detectorName=S20 detector=78 calibDate=1970-01-01T00:00:00 ccd=78 ccdnum=78 filter=None'}
# - {DATE: '2020-07-23T19:15:46.668750'}
# - {CALIB_CREATION_DATE: '2020-07-23'}
# - {CALIB_CREATION_TIME: '19:15:46'}
# - __serialized_columns__:
#     efficiency:
#       __class__: astropy.units.quantity.Quantity
#       unit: !astropy.units.Unit {unit: '%'}
#       value: !astropy.table.SerializedColumn {name: efficiency}
#     wavelength:
#       __class__: astropy.units.quantity.Quantity
#       unit: !astropy.units.Unit {unit: nm}
#       value: !astropy.table.SerializedColumn {name: wavelength}
# schema: astropy-2.0
amp_name wavelength efficiency
C11 319.994 47.77692
C11 324.969 47.095005
C11 349.982 47.344654
C11 374.975 59.198742
C11 400.019 76.02138
C11 424.965 82.89812
C11 450.035 84.90664
C11 475.003 85.38671
C11 500.018 85.19904
C11 525.002 84.967476
C11 550.029 85.547005
C11 575.023 86.63355
C11 599.982 87.969376
C11 619.997 88.85825
C11 624.979 89.241585
C11 650.012 90.46863
C11 675.004 92.08397
C11 700.03 93.26441
C11 725.012 94.65747
C11 750.022 96.53998
C11 774.987 98.22754
C11 799.976 99.31497
C11 824.988 99.24796
C11 850.022 98.96172
C11 869.967 97.20502
C11 875.002 96.19867
C11 899.999 90.16219
C11 919.999 81.691666
C11 925.012 78.80669
C11 949.965 64.86929
C11 975.002 49.405178
C11 999.976 32.13276
C11 1025.028 15.554208
C11 1050.014 6.1534033
C11 1075.002 3.3962817
C11 1099.99 2.2915564
C05 319.994 48.38478
C05 324.969 47.437756
C05 349.982 46.709827
C05 374.975 57.96888
C05 400.019 75.122826
C05 424.965 82.64345
C05 450.035 85.12109
C05 475.003 85.78475
C05 500.018 85.59787
C05 525.002 85.31356
C05 550.029 85.824135
C05 575.023 86.828354
C05 599.982 88.09608
C05 619.997 88.93988
C05 624.979 89.3152
C05 650.012 90.50567
C05 675.004 92.08048
C05 700.03 93.21718
C05 725.012 94.458565
C05 750.022 96.143684
C05 774.987 97.62398
C05 799.976 98.669945
C05 824.988 98.70043
C05 850.022 98.383736
C05 869.967 96.41961
C05 875.002 95.37597
C05 899.999 89.70021
C05 919.999 81.92757
C05 925.012 79.232925
C05 949.965 65.51887
C05 975.002 49.281242
C05 999.976 31.778929
C05 1025.028 15.417108
C05 1050.014 6.230469
C05 1075.002 3.3988905
C05 1099.99 2.322195
C01 319.994 47.627728
C01 324.969 46.961704
C01 349.982 47.267082
C01 374.975 59.133183
C01 400.019 75.969
C01 424.965 82.82133
C01 450.035 84.81511
C01 475.003 85.27823
C01 500.018 85.087555
C01 525.002 84.89927
C01 550.029 85.5232
C01 575.023 86.64484
C01 599.982 88.007645
C01 619.997 88.91793
C01 624.979 89.30621
C01 650.012 90.54863
C01 675.004 92.14974
C01 700.03 93.30674
C01 725.012 94.565544
C01 750.022 96.24933
C01 774.987 97.72408
C01 799.976 98.742455
C01 824.988 98.72198
C01 850.022 98.350716
C01 869.967 96.35113
C01 875.002 95.31707
C01 899.999 89.736244
C01 919.999 81.96097
C01 925.012 79.20909
C01 949.965 65.33214
C01 975.002 49.327885
C01 999.976 31.741795
C01 1025.028 15.504303
C01 1050.014 6.221761
C01 1075.002 3.392565
C01 1099.99 2.319387
C13 319.994 47.841595
C13 324.969 47.010414
C13 349.982 46.694027
C13 374.975 58.137627
C13 400.019 75.11944
C13 424.965 82.40312
C13 450.035 84.69752
C13 475.003 85.30181
C13 500.018 85.140526
C13 525.002 84.88526
C13 550.029 85.444046
C13 575.023 86.48618
C13 599.982 87.780334
C13 619.997 88.635635
C13 624.979 89.01232
C13 650.012 90.214966
C13 675.004 91.81462
C13 700.03 93.00423
C13 725.012 94.43647
C13 750.022 96.38756
C13 774.987 98.15412
C13 799.976 99.29593
C13 824.988 99.27269
C13 850.022 98.999985
C13 869.967 97.20485
C13 875.002 96.19869
C13 899.999 90.21627
C13 919.999 81.87724
C13 925.012 79.028946
C13 949.965 65.32534
C13 975.002 49.670483
C13 999.976 32.273746
C13 1025.028 15.620133
C13 1050.014 6.1958942
C13 1075.002 3.408046
C13 1099.99 2.2848744
C00 319.994 47.370827
C00 324.969 46.751957
C00 349.982 47.213825
C00 374.975 59.14056
C00 400.019 76.042885
C00 424.965 82.86458
C00 450.035 84.84316
C00 475.003 85.328995
C00 500.018 85.17072
C00 525.002 85.03161
C00 550.029 85.69709
C00 575.023 86.823784
C00 599.982 88.16957
C00 619.997 89.073845
C00 624.979 89.45855
C00 650.012 90.69702
C00 675.004 92.29056
C00 700.03 93.420204
C00 725.012 94.611786
C00 750.022 96.20267
C00 774.987 97.58587
C00 799.976 98.55728
C00 824.988 98.52133
C00 850.022 98.095856
C00 869.967 96.12749
C00 875.002 95.123825
C00 899.999 89.68858
C00 919.999 81.93652
C00 925.012 79.13548
C00 949.965 65.05551
C00 975.002 49.09621
C00 999.976 31.557053
C00 1025.028 15.544737
C00 1050.014 6.2255554
C00 1075.002 3.3828192
C00 1099.99 2.305965
C14 319.994 47.845375
C14 324.969 46.944542
C14 349.982 46.35191
C14 374.975 57.615425
C14 400.019 74.718796
C14 424.965 82.18691
C14 450.035 84.60324
C14 475.003 85.25183
C14 500.018 85.09486
C14 525.002 84.82138
C14 550.029 85.35705
C14 575.023 86.39087
C14 599.982 87.67854
C14 619.997 88.528336
C14 624.979 88.90592
C14 650.012 90.09715
C14 675.004 91.69462
C14 700.03 92.881516
C14 725.012 94.31383
C14 750.022 96.2631
C14 774.987 98.031456
C14 799.976 99.18273
C14 824.988 99.17065
C14 850.022 98.90598
C14 869.967 97.092964
C14 875.002 96.0868
C14 899.999 90.13264
C14 919.999 81.84498
C14 925.012 79.008286
C14 949.965 65.336494
C14 975.002 49.645943
C14 999.976 32.270535
C14 1025.028 15.631924
C14 1050.014 6.2156878
C14 1075.002 3.4225063
C14 1099.99 2.2856827
C17 319.994 48.84502
C17 324.969 47.7464
C17 349.982 46.46331
C17 374.975 57.41719
C17 400.019 74.62129
C17 424.965 82.45133
C17 450.035 85.18686
C17 475.003 85.97425
C17 500.018 85.77445
C17 525.002 85.37456
C17 550.029 85.73818
C17 575.023 86.62105
C17 599.982 87.79337
C17 619.997 88.57886
C17 624.979 88.94072
C17 650.012 90.083115
C17 675.004 91.64683
C17 700.03 92.81581
C17 725.012 94.22566
C17 750.022 96.15065
C17 774.987 97.90248
C17 799.976 99.061386
C17 824.988 99.08738
C17 850.022 98.81151
C17 869.967 96.913345
C17 875.002 95.8728
C17 899.999 89.81114
C17 919.999 81.635994
C17 925.012 78.854034
C17 949.965 65.37855
C17 975.002 49.561077
C17 999.976 32.168118
C17 1025.028 15.607136
C17 1050.014 6.1704187
C17 1075.002 3.4003518
C17 1099.99 2.2770529
C02 319.994 47.904922
C02 324.969 47.167515
C02 349.982 47.20616
C02 374.975 58.93206
C02 400.019 75.81207
C02 424.965 82.82492
C02 450.035 84.95158
C02 475.003 85.48058
C02 500.018 85.28899
C02 525.002 85.064926
C02 550.029 85.64311
C02 575.023 86.709045
C02 599.982 88.03018
C02 619.997 88.91298
C02 624.979 89.29514
C02 650.012 90.51906
C02 675.004 92.111824
C02 700.03 93.27309
C02 725.012 94.549835
C02 750.022 96.27595
C02 774.987 97.79124
C02 799.976 98.83921
C02 824.988 98.83655
C02 850.022 98.50475
C02 869.967 96.48048
C02 875.002 95.42399
C02 899.999 89.727615
C02 919.999 82.01837
C02 925.012 79.328354
C02 949.965 65.712845
C02 975.002 49.585247
C02 999.976 31.859663
C02 1025.028 15.497366
C02 1050.014 6.215033
C02 1075.002 3.39428
C02 1099.99 2.3247948
C10 319.994 47.766907
C10 324.969 47.14397
C10 349.982 47.64175
C10 374.975 59.64853
C10 400.019 76.35722
C10 424.965 83.090294
C10 450.035 85.038376
C10 475.003 85.52934
C10 500.018 85.344795
C10 525.002 85.12296
C10 550.029 85.69384
C10 575.023 86.75467
C10 599.982 88.058105
C10 619.997 88.9303
C10 624.979 89.31105
C10 650.012 90.52687
C10 675.004 92.129555
C10 700.03 93.284134
C10 725.012 94.60718
C10 750.022 96.39619
C10 774.987 97.987076
C10 799.976 99.02382
C10 824.988 98.95332
C10 850.022 98.65956
C10 869.967 96.895584
C10 875.002 95.88576
C10 899.999 89.89713
C10 919.999 81.4651
C10 925.012 78.57338
C10 949.965 64.49543
C10 975.002 49.070736
C10 999.976 31.929937
C10 1025.028 15.493197
C10 1050.014 6.118435
C10 1075.002 3.3810732
C10 1099.99 2.2962856
C04 319.994 48.206566
C04 324.969 47.32631
C04 349.982 46.835052
C04 374.975 58.237625
C04 400.019 75.28548
C04 424.965 82.64081
C04 450.035 85.00782
C04 475.003 85.63345
C04 500.018 85.445335
C04 525.002 85.17672
C04 550.029 85.705536
C04 575.023 86.71987
C04 599.982 88.00086
C04 619.997 88.85184
C04 624.979 89.22957
C04 650.012 90.42642
C04 675.004 92.008514
C04 700.03 93.155205
C04 725.012 94.41324
C04 750.022 96.120766
C04 774.987 97.628815
C04 799.976 98.679565
C04 824.988 98.70591
C04 850.022 98.39696
C04 869.967 96.42757
C04 875.002 95.38784
C04 899.999 89.71078
C04 919.999 81.93364
C04 925.012 79.239334
C04 949.965 65.59777
C04 975.002 49.40688
C04 999.976 31.851437
C04 1025.028 15.447509
C04 1050.014 6.2240596
C04 1075.002 3.4053512
C04 1099.99 2.3250632
C12 319.994 47.78767
C12 324.969 47.033108
C12 349.982 47.002632
C12 374.975 58.66435
C12 400.019 75.624954
C12 424.965 82.74071
C12 450.035 84.89908
C12 475.003 85.4461
C12 500.018 85.27917
C12 525.002 85.04293
C12 550.029 85.62871
C12 575.023 86.70917
C12 599.982 88.03944
C12 619.997 88.91839
C12 624.979 89.299095
C12 650.012 90.521965
C12 675.004 92.13786
C12 700.03 93.33306
C12 725.012 94.76282
C12 750.022 96.70293
C12 774.987 98.45137
C12 799.976 99.5775
C12 824.988 99.53017
C12 850.022 99.253395
C12 869.967 97.46734
C12 875.002 96.45975
C12 899.999 90.42124
C12 919.999 82.00108
C12 925.012 79.13035
C12 949.965 65.30059
C12 975.002 49.683178
C12 999.976 32.307755
C12 1025.028 15.62689
C12 1050.014 6.1895933
C12 1075.002 3.4132955
C12 1099.99 2.2924683
C06 319.994 48.575912
C06 324.969 47.569794
C06 349.982 46.612225
C06 374.975 57.738876
C06 400.019 74.93868
C06 424.965 82.585945
C06 450.035 85.144684
C06 475.003 85.83604
C06 500.018 85.6443
C06 525.002 85.33272
C06 550.029 85.82216
C06 575.023 86.804886
C06 599.982 88.06097
C06 619.997 88.893814
C06 624.979 89.26641
C06 650.012 90.450455
C06 675.004 92.020706
C06 700.03 93.14666
C06 725.012 94.36228
C06 750.022 96.014595
C06 774.987 97.46645
C06 799.976 98.49996
C06 824.988 98.53968
C06 850.022 98.217384
C06 869.967 96.25735
C06 875.002 95.21263
C06 899.999 89.52445
C06 919.999 81.795906
C06 925.012 79.114365
C06 949.965 65.42306
C06 975.002 49.135952
C06 999.976 31.663471
C06 1025.028 15.368158
C06 1050.014 6.2146773
C06 1075.002 3.388486
C06 1099.99 2.3145125
C03 319.994 48.15247
C03 324.969 47.339462
C03 349.982 47.101933
C03 374.975 58.683136
C03 400.019 75.67502
C03 424.965 82.86803
C03 450.035 85.116776
C03 475.003 85.693146
C03 500.018 85.49439
C03 525.002 85.242935
C03 550.029 85.793594
C03 575.023 86.82782
C03 599.982 88.12759
C03 619.997 88.994415
C03 624.979 89.37281
C03 650.012 90.58253
C03 675.004 92.17137
C03 700.03 93.32672
C03 725.012 94.6037
C03 750.022 96.32854
C03 774.987 97.84936
C03 799.976 98.908875
C03 824.988 98.92345
C03 850.022 98.605934
C03 869.967 96.613106
C03 875.002 95.56085
C03 899.999 89.85395
C03 919.999 82.09913
C03 925.012 79.41051
C03 949.965 65.805954
C03 975.002 49.615993
C03 999.976 31.92638
C03 1025.028 15.488282
C03 1050.014 6.221574
C03 1075.002 3.4076662
C03 1099.99 2.329217
C16 319.994 48.58064
C16 324.969 47.54772
C16 349.982 46.50105
C16 374.975 57.557266
C16 400.019 74.72311
C16 424.965 82.42117
C16 450.035 85.03339
C16 475.003 85.76303
C16 500.018 85.58696
C16 525.002 85.24241
C16 550.029 85.679794
C16 575.023 86.635254
C16 599.982 87.85482
C16 619.997 88.67308
C16 624.979 89.04292
C16 650.012 90.20603
C16 675.004 91.78464
C16 700.03 92.957016
C16 725.012 94.37486
C16 750.022 96.30211
C16 774.987 98.05865
C16 799.976 99.21308
C16 824.988 99.21656
C16 850.022 98.925705
C16 869.967 97.07063
C16 875.002 96.0433
C16 899.999 90.04301
C16 919.999 81.79515
C16 925.012 78.969635
C16 949.965 65.27315
C16 975.002 49.496037
C16 999.976 32.19977
C16 1025.028 15.627779
C16 1050.014 6.223486
C16 1075.002 3.4354382
C16 1099.99 2.2892184
C07 319.994 48.372086
C07 324.969 47.29556
C07 349.982 46.065823
C07 374.975 56.96081
C07 400.019 74.23755
C07 424.965 82.08214
C07 450.035 84.79394
C07 475.003 85.56941
C07 500.018 85.4071
C07 525.002 85.08529
C07 550.029 85.55393
C07 575.023 86.50856
C07 599.982 87.72666
C07 619.997 88.53648
C07 624.979 88.90601
C07 650.012 90.0677
C07 675.004 91.62872
C07 700.03 92.74701
C07 725.012 93.94852
C07 750.022 95.58251
C07 774.987 97.01761
C07 799.976 98.056526
C07 824.988 98.13119
C07 850.022 97.82445
C07 869.967 95.88662
C07 875.002 94.83712
C07 899.999 89.08956
C07 919.999 81.52299
C07 925.012 78.90268
C07 949.965 65.46635
C07 975.002 49.251335
C07 999.976 31.569117
C07 1025.028 15.358411
C07 1050.014 6.15451
C07 1075.002 3.3505507
C07 1099.99 2.293734
C15 319.994 48.26649
C15 324.969 47.2991
C15 349.982 46.46468
C15 374.975 57.627216
C15 400.019 74.77192
C15 424.965 82.346695
C15 450.035 84.846504
C15 475.003 85.52448
C15 500.018 85.34816
C15 525.002 85.033554
C15 550.029 85.518555
C15 575.023 86.5116
C15 599.982 87.77306
C15 619.997 88.612526
C15 624.979 88.98653
C15 650.012 90.16937
C15 675.004 91.7592
C15 700.03 92.93959
C15 725.012 94.363976
C15 750.022 96.305695
C15 774.987 98.068634
C15 799.976 99.21937
C15 824.988 99.21741
C15 850.022 98.940216
C15 869.967 97.11185
C15 875.002 96.0978
C15 899.999 90.11682
C15 919.999 81.85106
C15 925.012 79.02
C15 949.965 65.316315
C15 975.002 49.587708
C15 999.976 32.275845
C15 1025.028 15.659243
C15 1050.014 6.229915
C15 1075.002 3.4376948
C15 1099.99 2.290433
