lsstCam/transmission_sensor/r20_s20/19700101T000000.ecsv
# %ECSV 1.0
# ---
# datatype:
# - {name: amp_name, datatype: string}
# - {name: wavelength, unit: nm, datatype: float32}
# - {name: efficiency, unit: '%', datatype: float64}
# meta: !!omap
# - {MODE: AMP}
# - {TYPE: transmission_sensor}
# - {CALIBDATE: '1970-01-01T00:00:00'}
# - {INSTRUME: LSSTCAM}
# - {OBSTYPE: transmission_sensor}
# - {DETECTOR: 78}
# - {PARQUETFILE: qe_raft_allvalues_nircorrected_20230725.parquet}
# - {CALIBCLS: lsst.ip.isr.IntermediateSensorTransmissionCurve}
# - {CALIB_ID: 'raftName=R20 detectorName=S20 detector=78 calibDate=1970-01-01T00:00:00 ccd=78 ccdnum=78 filter=None'}
# - {DATE: '2023-08-02T16:57:55.757286'}
# - {CALIB_CREATION_DATE: '2023-08-02'}
# - {CALIB_CREATION_TIME: '16:57:55'}
# - __serialized_columns__:
#     efficiency:
#       __class__: astropy.units.quantity.Quantity
#       unit: !astropy.units.Unit {unit: '%'}
#       value: !astropy.table.SerializedColumn {name: efficiency}
#     wavelength:
#       __class__: astropy.units.quantity.Quantity
#       unit: !astropy.units.Unit {unit: nm}
#       value: !astropy.table.SerializedColumn {name: wavelength}
# schema: astropy-2.0
amp_name wavelength efficiency
C00 319.994 47.370826721191406
C00 324.969 46.751956939697266
C00 349.982 47.21382522583008
C00 374.975 59.140560150146484
C00 400.019 76.04288482666016
C00 424.965 82.86457824707031
C00 450.035 84.8431625366211
C00 475.003 85.32899475097656
C00 500.018 85.17072296142578
C00 525.002 85.03160858154297
C00 550.029 85.69709014892578
C00 575.023 86.82378387451172
C00 599.982 88.16957092285156
C00 619.997 89.07384490966797
C00 624.979 89.45854949951172
C00 650.012 90.697021484375
C00 675.004 92.29055786132812
C00 700.03 93.42020416259766
C00 725.012 94.61178588867188
C00 750.022 96.20266723632812
C00 774.987 97.58586883544922
C00 799.976 98.55728149414062
C00 824.988 98.52133178710938
C00 850.022 98.09585571289062
C00 869.967 96.12748718261719
C00 875.002 95.12382507324219
C00 899.999 89.68858337402344
C00 919.999 81.9365234375
C00 925.012 79.13548278808594
C00 949.965 65.05551147460938
C00 975.002 49.09621047973633
C00 999.976 31.557052612304688
C00 1025.028 15.544736862182617
C00 1050.014 6.225555419921875
C00 1075.002 0.9165056820120278
C00 1099.99 0.09093485179276668
C01 319.994 47.62772750854492
C01 324.969 46.96170425415039
C01 349.982 47.26708221435547
C01 374.975 59.133182525634766
C01 400.019 75.96900177001953
C01 424.965 82.82132720947266
C01 450.035 84.81510925292969
C01 475.003 85.27822875976562
C01 500.018 85.08755493164062
C01 525.002 84.8992691040039
C01 550.029 85.52320098876953
C01 575.023 86.64483642578125
C01 599.982 88.00764465332031
C01 619.997 88.91793060302734
C01 624.979 89.30621337890625
C01 650.012 90.54862976074219
C01 675.004 92.14974212646484
C01 700.03 93.3067398071289
C01 725.012 94.56554412841797
C01 750.022 96.24932861328125
C01 774.987 97.72408294677734
C01 799.976 98.7424545288086
C01 824.988 98.72197723388672
C01 850.022 98.35071563720703
C01 869.967 96.35112762451172
C01 875.002 95.31707000732422
C01 899.999 89.73624420166016
C01 919.999 81.96096801757812
C01 925.012 79.20909118652344
C01 949.965 65.33213806152344
C01 975.002 49.327884674072266
C01 999.976 31.74179458618164
C01 1025.028 15.504302978515625
C01 1050.014 6.221761226654053
C01 1075.002 0.9169494471006266
C01 1099.99 0.09097888175717886
C02 319.994 47.90492248535156
C02 324.969 47.16751480102539
C02 349.982 47.20616149902344
C02 374.975 58.93206024169922
C02 400.019 75.81207275390625
C02 424.965 82.82492065429688
C02 450.035 84.95157623291016
C02 475.003 85.48058319091797
C02 500.018 85.28898620605469
C02 525.002 85.06492614746094
C02 550.029 85.64311218261719
C02 575.023 86.70904541015625
C02 599.982 88.03018188476562
C02 619.997 88.91297912597656
C02 624.979 89.2951431274414
C02 650.012 90.51905822753906
C02 675.004 92.11182403564453
C02 700.03 93.27308654785156
C02 725.012 94.54983520507812
C02 750.022 96.27594757080078
C02 774.987 97.7912368774414
C02 799.976 98.8392105102539
C02 824.988 98.8365478515625
C02 850.022 98.50475311279297
C02 869.967 96.48047637939453
C02 875.002 95.42398834228516
C02 899.999 89.72761535644531
C02 919.999 82.01837158203125
C02 925.012 79.32835388183594
C02 949.965 65.71284484863281
C02 975.002 49.58524703979492
C02 999.976 31.859663009643555
C02 1025.028 15.497365951538086
C02 1050.014 6.215033054351807
C02 1075.002 0.9172026968734407
C02 1099.99 0.09100400896698167
C03 319.994 48.152469635009766
C03 324.969 47.33946228027344
C03 349.982 47.101932525634766
C03 374.975 58.683135986328125
C03 400.019 75.67501831054688
C03 424.965 82.86802673339844
C03 450.035 85.11677551269531
C03 475.003 85.69314575195312
C03 500.018 85.49439239501953
C03 525.002 85.24293518066406
C03 550.029 85.79359436035156
C03 575.023 86.82781982421875
C03 599.982 88.1275863647461
C03 619.997 88.99441528320312
C03 624.979 89.37281036376953
C03 650.012 90.58252716064453
C03 675.004 92.17137145996094
C03 700.03 93.32672119140625
C03 725.012 94.60369873046875
C03 750.022 96.32853698730469
C03 774.987 97.84935760498047
C03 799.976 98.90887451171875
C03 824.988 98.92344665527344
C03 850.022 98.6059341430664
C03 869.967 96.61310577392578
C03 875.002 95.56085205078125
C03 899.999 89.85395050048828
C03 919.999 82.09912872314453
C03 925.012 79.41050720214844
C03 949.965 65.80595397949219
C03 975.002 49.61599349975586
C03 999.976 31.926380157470703
C03 1025.028 15.488282203674316
C03 1050.014 6.221573829650879
C03 1075.002 0.917703692189232
C03 1099.99 0.09105371726195956
C04 319.994 48.206565856933594
C04 324.969 47.32630920410156
C04 349.982 46.835052490234375
C04 374.975 58.23762512207031
C04 400.019 75.28547668457031
C04 424.965 82.64080810546875
C04 450.035 85.00782012939453
C04 475.003 85.63345336914062
C04 500.018 85.4453353881836
C04 525.002 85.17671966552734
C04 550.029 85.70553588867188
C04 575.023 86.7198715209961
C04 599.982 88.00086212158203
C04 619.997 88.85183715820312
C04 624.979 89.22956848144531
C04 650.012 90.42642211914062
C04 675.004 92.00851440429688
C04 700.03 93.15520477294922
C04 725.012 94.41323852539062
C04 750.022 96.12076568603516
C04 774.987 97.62881469726562
C04 799.976 98.6795654296875
C04 824.988 98.7059097290039
C04 850.022 98.39695739746094
C04 869.967 96.42756652832031
C04 875.002 95.3878402709961
C04 899.999 89.71077728271484
C04 919.999 81.93363952636719
C04 925.012 79.23933410644531
C04 949.965 65.59777069091797
C04 975.002 49.40687942504883
C04 999.976 31.851436614990234
C04 1025.028 15.447508811950684
C04 1050.014 6.224059581756592
C04 1075.002 0.9157243893754503
C04 1099.99 0.09085733265512426
C05 319.994 48.38478088378906
C05 324.969 47.4377555847168
C05 349.982 46.7098274230957
C05 374.975 57.96887969970703
C05 400.019 75.1228256225586
C05 424.965 82.64344787597656
C05 450.035 85.12109375
C05 475.003 85.78475189208984
C05 500.018 85.59786987304688
C05 525.002 85.31356048583984
C05 550.029 85.82413482666016
C05 575.023 86.82835388183594
C05 599.982 88.09607696533203
C05 619.997 88.93988037109375
C05 624.979 89.31520080566406
C05 650.012 90.50566864013672
C05 675.004 92.08048248291016
C05 700.03 93.21717834472656
C05 725.012 94.45856475830078
C05 750.022 96.14368438720703
C05 774.987 97.62397766113281
C05 799.976 98.6699447631836
C05 824.988 98.70043182373047
C05 850.022 98.38373565673828
C05 869.967 96.41960906982422
C05 875.002 95.37596893310547
C05 899.999 89.70021057128906
C05 919.999 81.92756652832031
C05 925.012 79.23292541503906
C05 949.965 65.51886749267578
C05 975.002 49.28124237060547
C05 999.976 31.778928756713867
C05 1025.028 15.417107582092285
C05 1050.014 6.230469226837158
C05 1075.002 0.9159429484840114
C05 1099.99 0.09087901788908956
C06 319.994 48.57591247558594
C06 324.969 47.569793701171875
C06 349.982 46.61222457885742
C06 374.975 57.73887634277344
C06 400.019 74.93868255615234
C06 424.965 82.58594512939453
C06 450.035 85.14468383789062
C06 475.003 85.8360366821289
C06 500.018 85.64430236816406
C06 525.002 85.33271789550781
C06 550.029 85.82215881347656
C06 575.023 86.80488586425781
C06 599.982 88.06096649169922
C06 619.997 88.89381408691406
C06 624.979 89.26641082763672
C06 650.012 90.45045471191406
C06 675.004 92.02070617675781
C06 700.03 93.14665985107422
C06 725.012 94.3622817993164
C06 750.022 96.01459503173828
C06 774.987 97.4664535522461
C06 799.976 98.49996185302734
C06 824.988 98.53968048095703
C06 850.022 98.2173843383789
C06 869.967 96.2573471069336
C06 875.002 95.21263122558594
C06 899.999 89.52445220947266
C06 919.999 81.79590606689453
C06 925.012 79.11436462402344
C06 949.965 65.42305755615234
C06 975.002 49.13595199584961
C06 999.976 31.663471221923828
C06 1025.028 15.368158340454102
C06 1050.014 6.214677333831787
C06 1075.002 0.9147133758403847
C06 1099.99 0.0907570208209741
C07 319.994 48.37208557128906
C07 324.969 47.29555892944336
C07 349.982 46.06582260131836
C07 374.975 56.960811614990234
C07 400.019 74.237548828125
C07 424.965 82.08213806152344
C07 450.035 84.79393768310547
C07 475.003 85.56941223144531
C07 500.018 85.40709686279297
C07 525.002 85.08528900146484
C07 550.029 85.5539321899414
C07 575.023 86.50856018066406
C07 599.982 87.7266616821289
C07 619.997 88.53648376464844
C07 624.979 88.90601348876953
C07 650.012 90.06770324707031
C07 675.004 91.62872314453125
C07 700.03 92.74700927734375
C07 725.012 93.94851684570312
C07 750.022 95.58251190185547
C07 774.987 97.01760864257812
C07 799.976 98.05652618408203
C07 824.988 98.13118743896484
C07 850.022 97.82444763183594
C07 869.967 95.8866195678711
C07 875.002 94.83712005615234
C07 899.999 89.08956146240234
C07 919.999 81.52298736572266
C07 925.012 78.90267944335938
C07 949.965 65.46634674072266
C07 975.002 49.25133514404297
C07 999.976 31.569116592407227
C07 1025.028 15.358410835266113
C07 1050.014 6.154510021209717
C07 1075.002 0.9105970878426115
C07 1099.99 0.09034860650739111
C10 319.994 47.76690673828125
C10 324.969 47.14397048950195
C10 349.982 47.64175033569336
C10 374.975 59.648529052734375
C10 400.019 76.35722351074219
C10 424.965 83.09029388427734
C10 450.035 85.03837585449219
C10 475.003 85.52934265136719
C10 500.018 85.34479522705078
C10 525.002 85.12296295166016
C10 550.029 85.69384002685547
C10 575.023 86.75466918945312
C10 599.982 88.05810546875
C10 619.997 88.9302978515625
C10 624.979 89.31105041503906
C10 650.012 90.52687072753906
C10 675.004 92.12955474853516
C10 700.03 93.28413391113281
C10 725.012 94.607177734375
C10 750.022 96.39618682861328
C10 774.987 97.98707580566406
C10 799.976 99.02381896972656
C10 824.988 98.95332336425781
C10 850.022 98.65956115722656
C10 869.967 96.89558410644531
C10 875.002 95.88575744628906
C10 899.999 89.89713287353516
C10 919.999 81.46510314941406
C10 925.012 78.57337951660156
C10 949.965 64.49542999267578
C10 975.002 49.070735931396484
C10 999.976 31.9299373626709
C10 1025.028 15.493197441101074
C10 1050.014 6.118434906005859
C10 1075.002 0.9183476215265957
C10 1099.99 0.09111760733924706
C11 319.994 47.776920318603516
C11 324.969 47.09500503540039
C11 349.982 47.34465408325195
C11 374.975 59.1987419128418
C11 400.019 76.02137756347656
C11 424.965 82.89811706542969
C11 450.035 84.9066390991211
C11 475.003 85.38671112060547
C11 500.018 85.19904327392578
C11 525.002 84.96747589111328
C11 550.029 85.54700469970703
C11 575.023 86.63355255126953
C11 599.982 87.96937561035156
C11 619.997 88.8582534790039
C11 624.979 89.24158477783203
C11 650.012 90.4686279296875
C11 675.004 92.08396911621094
C11 700.03 93.26441192626953
C11 725.012 94.657470703125
C11 750.022 96.53997802734375
C11 774.987 98.2275390625
C11 799.976 99.31497192382812
C11 824.988 99.24796295166016
C11 850.022 98.96172332763672
C11 869.967 97.20501708984375
C11 875.002 96.19866943359375
C11 899.999 90.16219329833984
C11 919.999 81.69166564941406
C11 925.012 78.80668640136719
C11 949.965 64.86929321289062
C11 975.002 49.40517807006836
C11 999.976 32.13275909423828
C11 1025.028 15.554207801818848
C11 1050.014 6.153403282165527
C11 1075.002 0.919716712521279
C11 1099.99 0.09125344728998148
C12 319.994 47.78767013549805
C12 324.969 47.03310775756836
C12 349.982 47.00263214111328
C12 374.975 58.66434860229492
C12 400.019 75.62495422363281
C12 424.965 82.74070739746094
C12 450.035 84.89907836914062
C12 475.003 85.44609832763672
C12 500.018 85.27916717529297
C12 525.002 85.04293060302734
C12 550.029 85.62870788574219
C12 575.023 86.70916748046875
C12 599.982 88.03943634033203
C12 619.997 88.91838836669922
C12 624.979 89.2990951538086
C12 650.012 90.52196502685547
C12 675.004 92.13786315917969
C12 700.03 93.33306121826172
C12 725.012 94.7628173828125
C12 750.022 96.70292663574219
C12 774.987 98.45137023925781
C12 799.976 99.57749938964844
C12 824.988 99.53016662597656
C12 850.022 99.2533950805664
C12 869.967 97.46733856201172
C12 875.002 96.45974731445312
C12 899.999 90.4212417602539
C12 919.999 82.00108337402344
C12 925.012 79.1303482055664
C12 949.965 65.30059051513672
C12 975.002 49.68317794799805
C12 999.976 32.30775451660156
C12 1025.028 15.626890182495117
C12 1050.014 6.189593315124512
C12 1075.002 0.9212686166772049
C12 1099.99 0.0914074257946274
C13 319.994 47.84159469604492
C13 324.969 47.010414123535156
C13 349.982 46.694026947021484
C13 374.975 58.13762664794922
C13 400.019 75.11943817138672
C13 424.965 82.40312194824219
C13 450.035 84.69751739501953
C13 475.003 85.30181121826172
C13 500.018 85.1405258178711
C13 525.002 84.88526153564453
C13 550.029 85.44404602050781
C13 575.023 86.4861831665039
C13 599.982 87.78033447265625
C13 619.997 88.63563537597656
C13 624.979 89.01232147216797
C13 650.012 90.2149658203125
C13 675.004 91.81462097167969
C13 700.03 93.00422668457031
C13 725.012 94.43647003173828
C13 750.022 96.38755798339844
C13 774.987 98.15412139892578
C13 799.976 99.29592895507812
C13 824.988 99.27268981933594
C13 850.022 98.99998474121094
C13 869.967 97.20484924316406
C13 875.002 96.19869232177734
C13 899.999 90.21627044677734
C13 919.999 81.87724304199219
C13 925.012 79.02894592285156
C13 949.965 65.3253402709961
C13 975.002 49.67048263549805
C13 999.976 32.273746490478516
C13 1025.028 15.620133399963379
C13 1050.014 6.195894241333008
C13 1075.002 0.9182639898227203
C13 1099.99 0.0911093094784194
C14 319.994 47.845375061035156
C14 324.969 46.944541931152344
C14 349.982 46.35190963745117
C14 374.975 57.61542510986328
C14 400.019 74.71879577636719
C14 424.965 82.1869125366211
C14 450.035 84.60324096679688
C14 475.003 85.2518310546875
C14 500.018 85.09485626220703
C14 525.002 84.82138061523438
C14 550.029 85.35704803466797
C14 575.023 86.390869140625
C14 599.982 87.67854309082031
C14 619.997 88.52833557128906
C14 624.979 88.90592193603516
C14 650.012 90.09715270996094
C14 675.004 91.69461822509766
C14 700.03 92.88151550292969
C14 725.012 94.31382751464844
C14 750.022 96.26309967041016
C14 774.987 98.03145599365234
C14 799.976 99.18273162841797
C14 824.988 99.17064666748047
C14 850.022 98.9059829711914
C14 869.967 97.09296417236328
C14 875.002 96.08679962158203
C14 899.999 90.13263702392578
C14 919.999 81.84497833251953
C14 925.012 79.00828552246094
C14 949.965 65.33649444580078
C14 975.002 49.64594268798828
C14 999.976 32.27053451538086
C14 1025.028 15.63192367553711
C14 1050.014 6.2156877517700195
C14 1075.002 0.9170782802487791
C14 1099.99 0.09099166446378196
C15 319.994 48.2664909362793
C15 324.969 47.29909896850586
C15 349.982 46.46467971801758
C15 374.975 57.62721633911133
C15 400.019 74.77191925048828
C15 424.965 82.34669494628906
C15 450.035 84.84650421142578
C15 475.003 85.52448272705078
C15 500.018 85.34815979003906
C15 525.002 85.03355407714844
C15 550.029 85.5185546875
C15 575.023 86.5115966796875
C15 599.982 87.77306365966797
C15 619.997 88.6125259399414
C15 624.979 88.98652648925781
C15 650.012 90.16937255859375
C15 675.004 91.75920104980469
C15 700.03 92.93959045410156
C15 725.012 94.36397552490234
C15 750.022 96.30569458007812
C15 774.987 98.06863403320312
C15 799.976 99.21936798095703
C15 824.988 99.2174072265625
C15 850.022 98.94021606445312
C15 869.967 97.11184692382812
C15 875.002 96.0978012084961
C15 899.999 90.1168212890625
C15 919.999 81.85105895996094
C15 925.012 79.0199966430664
C15 949.965 65.31631469726562
C15 975.002 49.58770751953125
C15 999.976 32.27584457397461
C15 1025.028 15.659242630004883
C15 1050.014 6.229915142059326
C15 1075.002 0.9174841334670985
C15 1099.99 0.09103193284725392
C16 319.994 48.58063888549805
C16 324.969 47.54772186279297
C16 349.982 46.50104904174805
C16 374.975 57.55726623535156
C16 400.019 74.72310638427734
C16 424.965 82.42117309570312
C16 450.035 85.03338623046875
C16 475.003 85.76303100585938
C16 500.018 85.58695983886719
C16 525.002 85.2424087524414
C16 550.029 85.67979431152344
C16 575.023 86.63525390625
C16 599.982 87.85482025146484
C16 619.997 88.67308044433594
C16 624.979 89.04292297363281
C16 650.012 90.2060317993164
C16 675.004 91.78463745117188
C16 700.03 92.95701599121094
C16 725.012 94.37486267089844
C16 750.022 96.30210876464844
C16 774.987 98.05864715576172
C16 799.976 99.21308135986328
C16 824.988 99.21656036376953
C16 850.022 98.92570495605469
C16 869.967 97.07063293457031
C16 875.002 96.04329681396484
C16 899.999 90.04300689697266
C16 919.999 81.79515075683594
C16 925.012 78.96963500976562
C16 949.965 65.27314758300781
C16 975.002 49.496036529541016
C16 999.976 32.199771881103516
C16 1025.028 15.627779006958008
C16 1050.014 6.223485946655273
C16 1075.002 0.917450056133543
C16 1099.99 0.09102855172552476
C17 319.994 48.84502029418945
C17 324.969 47.74639892578125
C17 349.982 46.46331024169922
C17 374.975 57.41719055175781
C17 400.019 74.62129211425781
C17 424.965 82.45133209228516
C17 450.035 85.18685913085938
C17 475.003 85.97425079345703
C17 500.018 85.77445220947266
C17 525.002 85.37455749511719
C17 550.029 85.7381820678711
C17 575.023 86.62104797363281
C17 599.982 87.79337310791016
C17 619.997 88.578857421875
C17 624.979 88.94071960449219
C17 650.012 90.08311462402344
C17 675.004 91.6468276977539
C17 700.03 92.81581115722656
C17 725.012 94.22566223144531
C17 750.022 96.15065002441406
C17 774.987 97.90248107910156
C17 799.976 99.06138610839844
C17 824.988 99.0873794555664
C17 850.022 98.81150817871094
C17 869.967 96.91334533691406
C17 875.002 95.872802734375
C17 899.999 89.81114196777344
C17 919.999 81.63599395751953
C17 925.012 78.85403442382812
C17 949.965 65.37854766845703
C17 975.002 49.56107711791992
C17 999.976 32.16811752319336
C17 1025.028 15.607135772705078
C17 1050.014 6.170418739318848
C17 1075.002 0.9160071463040471
C17 1099.99 0.09088538753781618
