lsstCam/transmission_filter_detector/r22_s20/u_24/19700101T000000.ecsv
# %ECSV 1.0
# ---
# datatype:
# - {name: wavelength, unit: nm, datatype: float32}
# - {name: efficiency, unit: '%', datatype: float64}
# meta: !!omap
# - {MODE: DETECTOR}
# - {TYPE: transmission_filter_detector}
# - {CALIBDATE: '1970-01-01T00:00:00'}
# - {INSTRUME: LSSTCam}
# - {OBSTYPE: transmission_filter_detector}
# - {CALIBCLS: lsst.ip.isr.IntermediateFilterDetectorTransmissionCurve}
# - {SOURCE: Materion (DM-46256)}
# - {DETECTOR: 96}
# - {FILTER: u_24}
# - {CALIB_ID: 'calibDate=1970-01-01T00:00:00 filter=u_24 detector=96'}
# - {DATE: '2025-04-02T15:59:40.193654'}
# - {CALIB_CREATION_DATE: '2025-04-02'}
# - {CALIB_CREATION_TIME: '15:59:40'}
# - __serialized_columns__:
#     efficiency:
#       __class__: astropy.units.quantity.Quantity
#       unit: !astropy.units.Unit {unit: '%'}
#       value: !astropy.table.SerializedColumn {name: efficiency}
#     wavelength:
#       __class__: astropy.units.quantity.Quantity
#       unit: !astropy.units.Unit {unit: nm}
#       value: !astropy.table.SerializedColumn {name: wavelength}
# schema: astropy-2.0
wavelength efficiency
295.0 1.5728710651627398e-10
296.0 1.5728710651627398e-10
297.0 0.1680561457760632
298.0 1.5728710651627398e-10
299.0 1.5728710651627398e-10
300.0 1.5728710651627398e-10
301.0 1.5728710651627398e-10
302.0 1.5728710651627398e-10
303.0 1.5728710651627398e-10
304.0 0.3156312042847276
305.0 0.4440407268702984
306.0 1.3350040651857853
307.0 2.3226281628012657
308.0 4.110250622034073
309.0 7.0061855018138885
310.0 9.92962270975113
311.0 13.441981375217438
312.0 17.296063899993896
313.0 20.439787209033966
314.0 23.409996926784515
315.0 25.895994901657104
316.0 27.89798676967621
317.0 30.290374159812927
318.0 32.86691904067993
319.0 36.04637384414673
320.0 40.84555208683014
321.0 45.80361545085907
322.0 51.61491632461548
323.0 57.128506898880005
324.0 62.05401420593262
325.0 65.72556495666504
326.0 68.28883290290833
327.0 70.20093202590942
328.0 72.1943199634552
329.0 73.62216711044312
330.0 75.04700422286987
331.0 76.06534361839294
332.0 76.56322121620178
333.0 76.73466205596924
334.0 76.60999894142151
335.0 76.73342227935791
336.0 76.78360939025879
337.0 77.2287368774414
338.0 78.15172076225281
339.0 78.78727912902832
340.0 79.17107939720154
341.0 79.7325074672699
342.0 80.10716438293457
343.0 79.98456954956055
344.0 80.10857701301575
345.0 80.41707873344421
346.0 80.71922063827515
347.0 81.00385069847107
348.0 81.27992749214172
349.0 81.48294687271118
350.0 81.54626488685608
351.0 81.70016407966614
352.0 81.63762092590332
353.0 81.47273063659668
354.0 81.47688508033752
355.0 81.68978095054626
356.0 81.77239298820496
357.0 81.73030018806458
358.0 81.4816951751709
359.0 81.23174905776978
360.0 81.21142983436584
361.0 81.14445805549622
362.0 81.05282187461853
363.0 81.12385272979736
364.0 81.1935544013977
365.0 81.36360049247742
366.0 81.39032125473022
367.0 81.40186667442322
368.0 81.2128484249115
369.0 81.11642599105835
370.0 80.7933509349823
371.0 80.54662942886353
372.0 80.51908612251282
373.0 80.58946132659912
374.0 80.6417465209961
375.0 80.87285161018372
376.0 80.95870018005371
377.0 80.95149993896484
378.0 81.04217052459717
379.0 80.77675700187683
380.0 80.13707995414734
381.0 78.92990112304688
382.0 77.24900245666504
383.0 75.30762553215027
384.0 73.21356534957886
385.0 70.84112167358398
386.0 68.50302815437317
387.0 65.34873843193054
388.0 62.22825050354004
389.0 58.52237343788147
390.0 54.732781648635864
391.0 50.64808130264282
392.0 46.28268480300903
393.0 42.424410581588745
394.0 39.158689975738525
395.0 36.056286096572876
396.0 32.92538225650787
397.0 28.915709257125854
398.0 24.26448166370392
399.0 18.240076303482056
400.0 12.204170227050781
401.0 7.282756268978119
402.0 3.5836927592754364
403.0 1.344299502670765
404.0 0.4002632573246956
405.0 0.15601740451529622
406.0 0.04145371203776449
407.0 0.04350177478045225
408.0 0.03538746095728129
409.0 0.004942370287608355
410.0 0.004366608482087031
411.0 1.5728710651627398e-10
412.0 1.5728710651627398e-10
413.0 1.5728710651627398e-10
414.0 1.5728710651627398e-10
415.0 1.5728710651627398e-10
416.0 1.5728710651627398e-10
417.0 1.5728710651627398e-10
418.0 1.5728710651627398e-10
419.0 1.5728710651627398e-10
420.0 1.5728710651627398e-10
421.0 1.5728710651627398e-10
422.0 1.5728710651627398e-10
423.0 1.5728710651627398e-10
424.0 1.5728710651627398e-10
425.0 1.5728710651627398e-10
426.0 1.5728710651627398e-10
427.0 1.5728710651627398e-10
428.0 1.5728710651627398e-10
429.0 1.5728710651627398e-10
430.0 1.5728710651627398e-10
431.0 1.5728710651627398e-10
432.0 1.5728710651627398e-10
433.0 1.5728710651627398e-10
434.0 1.5728710651627398e-10
435.0 0.0005812268227600725
436.0 0.0012866033102909569
437.0 0.0008244611308327876
438.0 0.00036231874673831044
439.0 0.001001673263090197
440.0 0.0016410280295531265
441.0 7.500867127419042e-05
442.0 1.5728710651627398e-10
443.0 1.5728710651627398e-10
444.0 1.5728710651627398e-10
445.0 1.5728710651627398e-10
446.0 1.5728710651627398e-10
447.0 1.5728710651627398e-10
448.0 0.00039696765270491596
449.0 1.5728710651627398e-10
450.0 1.5728710651627398e-10
451.0 1.5728710651627398e-10
452.0 1.5728710651627398e-10
453.0 1.5728710651627398e-10
454.0 1.5728710651627398e-10
455.0 1.5728710651627398e-10
456.0 1.5728710651627398e-10
457.0 1.5728710651627398e-10
458.0 1.5728710651627398e-10
459.0 1.5728710651627398e-10
460.0 1.5728710651627398e-10
461.0 1.5728710651627398e-10
462.0 1.5728710651627398e-10
463.0 1.5728710651627398e-10
464.0 0.0002963215820273035
465.0 0.00015244362430166802
466.0 8.565567810592256e-06
467.0 1.5728710651627398e-10
468.0 1.5728710651627398e-10
469.0 2.85137417677106e-05
470.0 0.00045596530071634334
471.0 0.00017089766970457276
472.0 1.5728710651627398e-10
473.0 1.5728710651627398e-10
474.0 1.5728710651627398e-10
475.0 1.5728710651627398e-10
476.0 1.5728710651627398e-10
477.0 1.5728710651627398e-10
478.0 2.0539238221317646e-05
479.0 1.5728710651627398e-10
480.0 1.5728710651627398e-10
481.0 1.5728710651627398e-10
482.0 1.5728710651627398e-10
483.0 1.5728710651627398e-10
484.0 1.5728710651627398e-10
485.0 1.5728710651627398e-10
486.0 1.5728710651627398e-10
487.0 1.5728710651627398e-10
488.0 0.00022969165911490563
489.0 1.5728710651627398e-10
490.0 1.5728710651627398e-10
491.0 1.5728710651627398e-10
492.0 1.5728710651627398e-10
493.0 1.5728710651627398e-10
494.0 1.5728710651627398e-10
495.0 1.5728710651627398e-10
496.0 1.5728710651627398e-10
497.0 1.5728710651627398e-10
498.0 1.5728710651627398e-10
499.0 1.5728710651627398e-10
500.0 1.5728710651627398e-10
501.0 1.5728710651627398e-10
502.0 1.5728710651627398e-10
503.0 1.5728710651627398e-10
504.0 1.5728710651627398e-10
505.0 1.5728710651627398e-10
506.0 1.5728710651627398e-10
507.0 1.5728710651627398e-10
508.0 1.5728710651627398e-10
509.0 1.5728710651627398e-10
510.0 1.5728710651627398e-10
511.0 0.0003113221737294225
512.0 0.0008326437637151685
513.0 0.0005361169769457774
514.0 0.0002395900992269162
515.0 0.00012559490869534784
516.0 1.1599780691540218e-05
517.0 1.5728710651627398e-10
518.0 1.5728710651627398e-10
519.0 1.5728710651627398e-10
520.0 1.5728710651627398e-10
521.0 1.5728710651627398e-10
522.0 1.5728710651627398e-10
523.0 1.5728710651627398e-10
524.0 1.5728710651627398e-10
525.0 1.5728710651627398e-10
526.0 0.00013626994359583477
527.0 4.505151025568921e-05
528.0 1.5728710651627398e-10
529.0 1.5728710651627398e-10
530.0 1.5728710651627398e-10
531.0 1.5728710651627398e-10
532.0 1.5728710651627398e-10
533.0 1.5728710651627398e-10
534.0 0.00022284555143414764
535.0 1.486191223420974e-05
536.0 1.5728710651627398e-10
537.0 1.5728710651627398e-10
538.0 1.5728710651627398e-10
539.0 1.5728710651627398e-10
540.0 1.5728710651627398e-10
541.0 1.5728710651627398e-10
542.0 1.5728710651627398e-10
543.0 1.5728710651627398e-10
544.0 1.5728710651627398e-10
545.0 1.5728710651627398e-10
546.0 1.5728710651627398e-10
547.0 1.5728710651627398e-10
548.0 1.5728710651627398e-10
549.0 1.5728710651627398e-10
550.0 1.5728710651627398e-10
551.0 8.134058475661732e-05
552.0 0.00025353879209433217
553.0 1.5728710651627398e-10
554.0 1.5728710651627398e-10
555.0 1.5728710651627398e-10
556.0 1.5728710651627398e-10
557.0 1.5728710651627398e-10
558.0 1.5728710651627398e-10
559.0 1.5728710651627398e-10
560.0 0.00016714514003979275
561.0 4.6213361315494694e-05
562.0 1.5728710651627398e-10
563.0 1.5728710651627398e-10
564.0 1.5728710651627398e-10
565.0 1.5728710651627398e-10
566.0 1.5728710651627398e-10
567.0 1.5728710651627398e-10
568.0 1.5728710651627398e-10
569.0 1.5728710651627398e-10
570.0 6.043798634891573e-05
571.0 0.0002872591949198977
572.0 0.0005140804205439053
573.0 0.0004721773620985914
574.0 0.00043027430365327746
575.0 0.0003331323114252882
576.0 0.0002359903874094016
577.0 0.0002630770268297056
578.0 0.00029016375719947973
579.0 0.00041365506149304565
580.0 0.0005371464339987142
581.0 0.0008629592230136041
582.0 0.0011887721484526992
583.0 0.0015249779607984237
584.0 0.001861183591245208
585.0 0.0016344680261681788
586.0 0.0014077522791922092
587.0 0.0013950261745776515
588.0 0.0013822998880641535
589.0 0.0012220977623655926
590.0 0.0010618955457175616
591.0 0.0007928889317554422
592.0 0.0005238823632680578
593.0 0.0005090322247269796
594.0 0.0004941820861859014
595.0 0.0005338818482414354
596.0 0.0005735816557717044
597.0 0.000685724671711796
598.0 0.0007978675967024174
599.0 0.0009873621820588596
600.0 0.0011768565855163615
601.0 0.0013788233445666265
602.0 0.001580790376465302
603.0 0.0016138945284183137
604.0 0.0016469986803713255
605.0 0.0016860320101841353
606.0 0.0017250655218958855
607.0 0.0014613826351705939
608.0 0.0011976997484453022
609.0 0.0009016417607199401
610.0 0.0006055836820451077
611.0 0.0004277422704035416
612.0 0.00024990081328724045
613.0 0.0004402310423756717
614.0 0.0006305612714641029
615.0 0.0005489700924954377
616.0 0.00046737882257730234
617.0 0.00042393753574287985
618.0 0.00038049636259529507
619.0 0.0003684273679027683
620.0 0.0003563585096344468
621.0 0.00045341989789449144
622.0 0.0005504812179424334
623.0 0.0005355351731850533
624.0 0.0005205891284276731
625.0 0.0005393185801949585
626.0 0.000558048122911714
627.0 0.0006826627213740721
628.0 0.0008072773198364303
629.0 0.0006580048648174852
630.0 0.0005087324552732753
631.0 0.0009450920515519101
632.0 0.00138145169330528
633.0 0.0016894051441340707
634.0 0.0019973585949628614
635.0 0.00230211517191492
636.0 0.002606871748866979
637.0 0.00240572881011758
638.0 0.0022045856894692406
639.0 0.002265550574520603
640.0 0.002326515459571965
641.0 0.0020580961063387804
642.0 0.0017896767531055957
643.0 0.0012754792805935722
644.0 0.0007612818535562837
645.0 0.000346483534485742
646.0 1.5728710651627398e-10
647.0 0.00013494411632564152
648.0 0.00033820319913502317
649.0 7.518564189012977e-05
650.0 1.5728710651627398e-10
651.0 0.00010612244523144909
652.0 0.000400076896767132
653.0 0.0007845103027648292
654.0 0.0011689438906614669
655.0 0.0011884664672834333
656.0 0.0012079890439053997
657.0 0.0018392403944744729
658.0 0.002470491745043546
659.0 0.0028463462513173
660.0 0.003222200393793173
661.0 0.0033227446692762896
662.0 0.003423288944759406
663.0 0.003192566509824246
664.0 0.002961844074889086
665.0 0.002559844870120287
666.0 0.002157845847250428
667.0 0.0017271386241191067
668.0 0.0012964315828867257
669.0 0.0011275794349785428
670.0 0.00095872728707036
671.0 0.0006946683242858853
672.0 0.00043060922507720534
673.0 0.0005376379704102874
674.0 0.0006446666247938992
675.0 0.0007097879006323637
676.0 0.0007749091309960932
677.0 0.0008140233148878906
678.0 0.0008531376806786284
679.0 0.001371436610497767
680.0 0.0018897357222158462
681.0 0.002772763400571421
682.0 0.003655791442724876
683.0 0.004953680763719603
684.0 0.00625156972091645
685.0 0.006926641071913764
686.0 0.007601714605698362
687.0 0.007259326957864687
688.0 0.0069169407652225345
689.0 0.0062831968534737825
690.0 0.005649453305522911
691.0 0.0049052858230425045
692.0 0.004161118340562098
693.0 0.0034475218853913248
694.0 0.002733925612119492
695.0 0.002267242962261662
696.0 0.0018005603124038316
697.0 0.0013876302546123043
698.0 0.0009747000149218366
699.0 0.0007705223652010318
700.0 0.0005663444426318165
701.0 0.0004651120889320737
702.0 0.0003638796442828607
703.0 0.000491569744553999
704.0 0.0006192599357746076
705.0 0.0005759420673712157
706.0 0.0005326242899172939
707.0 0.0006999154265940888
708.0 0.0008672061994730029
709.0 0.0008817568414087873
710.0 0.0008963073923951015
711.0 0.0007480900421796832
712.0 0.0005998726010147948
713.0 0.0005666468041454209
714.0 0.0005334211437002523
715.0 0.0005826742381032091
716.0 0.0006319273325061658
717.0 0.0006618015504500363
718.0 0.0006916757229191717
719.0 0.0006669869890174596
720.0 0.0006422982096410124
721.0 0.0004457835075299954
722.0 0.000249268828156346
723.0 0.0003483781256363727
724.0 0.0004474874003790319
725.0 0.00024101398139464436
726.0 3.454055672591494e-05
727.0 1.5728710651627398e-10
728.0 1.5728710651627398e-10
729.0 5.0844806764871464e-05
730.0 0.00022913470729690744
731.0 0.00016863617702256306
732.0 0.00010813776043505641
733.0 8.682770840096055e-05
734.0 6.551776436936052e-05
735.0 0.00034211950605822494
736.0 0.0006187212420627475
737.0 0.000455405461252667
738.0 0.0002920895440183813
739.0 0.0004627476755558746
740.0 0.0006334057616186328
741.0 0.000871254269441124
742.0 0.001109102595364675
743.0 0.0014583708434656728
744.0 0.0018076389096677303
745.0 0.0020751742340507917
746.0 0.002342709558433853
747.0 0.0025192946850438602
748.0 0.002695879629754927
749.0 0.0027065110771218315
750.0 0.002717142524488736
751.0 0.0029638618798344396
752.0 0.0032105814170790836
753.0 0.0030267821784946136
754.0 0.0028429829399101436
755.0 0.002774037784547545
756.0 0.002705092447286006
757.0 0.0024167567971744575
758.0 0.002128420783265028
759.0 0.0017589049093658105
760.0 0.001389389126416063
761.0 0.001140036420110846
762.0 0.0008906837138056289
763.0 0.0006337719696603017
764.0 0.00037686033920181217
765.0 0.0004203921434964286
766.0 0.0004639239250536775
767.0 0.000603604212301434
768.0 0.0007432845904986607
769.0 0.0006432899226638256
770.0 0.0005432953912531957
771.0 0.0005515541033673799
772.0 0.0005598127245320939
773.0 0.0005956150744168554
774.0 0.0006314173788268818
775.0 0.0006456051778513938
776.0 0.000659793022350641
777.0 0.0005384129508456681
778.0 0.0004170329248154303
779.0 0.0005428032181953313
780.0 0.0006685734206257621
781.0 0.0006551413207489531
782.0 0.0006417092208721442
783.0 0.000830405861051986
784.0 0.0010191025467065629
785.0 0.0011134719898109324
786.0 0.001207841432915302
787.0 0.0010131559065484907
788.0 0.0008184705620806199
789.0 0.0007720858775428496
790.0 0.0007257010565808741
791.0 0.0008008420991245657
792.0 0.0008759831871429924
793.0 0.0005527569101104746
794.0 0.00022953067855269182
795.0 0.00020640475213440368
796.0 0.000183278802978748
797.0 0.00032108491723192856
798.0 0.0004588909177982714
799.0 0.0003404657036298886
800.0 0.00022204046672413824
801.0 0.0001245499220203783
802.0 2.705938015878928e-05
803.0 1.5728710651627398e-10
804.0 1.5728710651627398e-10
805.0 1.5728710651627398e-10
806.0 0.0001803037434910948
807.0 8.337926828971831e-05
808.0 1.5728710651627398e-10
809.0 0.00016622082057438092
810.0 0.0003459868139543687
811.0 0.00018559782120064483
812.0 2.5208953502442455e-05
813.0 0.0001205804096571228
814.0 0.00021595194539258955
815.0 0.0003966215444961563
816.0 0.0005772911663370905
817.0 0.00048049141696537845
818.0 0.00038369166759366635
819.0 0.0003788266440096777
820.0 0.0003739615522135864
821.0 0.00019449173578323098
822.0 1.5021939248072158e-05
823.0 7.832913411220943e-05
824.0 0.00014163636024022708
825.0 1.5728710651627398e-10
826.0 1.5728710651627398e-10
827.0 1.5728710651627398e-10
828.0 1.5728710651627398e-10
829.0 1.5728710651627398e-10
830.0 1.5728710651627398e-10
831.0 1.5728710651627398e-10
832.0 1.5728710651627398e-10
833.0 1.5728710651627398e-10
834.0 1.5728710651627398e-10
835.0 1.5728710651627398e-10
836.0 1.3889359706809046e-05
837.0 1.5728710651627398e-10
838.0 1.5728710651627398e-10
839.0 1.5728710651627398e-10
840.0 1.5728710651627398e-10
841.0 1.5728710651627398e-10
842.0 1.5728710651627398e-10
843.0 1.5728710651627398e-10
844.0 1.5728710651627398e-10
845.0 1.5728710651627398e-10
846.0 8.815698038233677e-05
847.0 1.5728710651627398e-10
848.0 1.5728710651627398e-10
849.0 6.301516464191081e-05
850.0 0.00024571547783125425
851.0 0.00015322472108891816
852.0 6.0733958662240184e-05
853.0 3.9482782199229405e-05
854.0 1.8231578735594667e-05
855.0 1.5728710651627398e-10
856.0 1.5728710651627398e-10
857.0 5.445531314762775e-05
858.0 0.0002807295004458865
859.0 0.0006308170668489765
860.0 0.0009809044968278613
861.0 0.0009630341992306057
862.0 0.0009451640835322905
863.0 0.0008936127414926887
864.0 0.0008420613994530868
865.0 0.0010372026736149564
866.0 0.0012323436749284156
867.0 0.0014227435713110026
868.0 0.00161314364959253
869.0 0.001773850090103224
870.0 0.0019345567125128582
871.0 0.0016578176655457355
872.0 0.001381078254780732
873.0 0.0017854856196208857
874.0 0.0021898929844610393
