lsstCam/transmission_filter_detector/r22_s20/u_24/19700101T000000.ecsv
# %ECSV 1.0
# ---
# datatype:
# - {name: wavelength, unit: nm, datatype: float32}
# - {name: efficiency, unit: '%', datatype: float64}
# meta: !!omap
# - {MODE: DETECTOR}
# - {TYPE: transmission_filter_detector}
# - {CALIBDATE: '1970-01-01T00:00:00'}
# - {INSTRUME: LSSTCam}
# - {OBSTYPE: transmission_filter_detector}
# - {CALIBCLS: lsst.ip.isr.IntermediateFilterDetectorTransmissionCurve}
# - {SOURCE: Materion (DM-46256)}
# - {DETECTOR: 96}
# - {FILTER: u_24}
# - {CALIB_ID: 'calibDate=1970-01-01T00:00:00 filter=u_24 detector=96'}
# - {DATE: '2025-04-02T15:59:40.193654'}
# - {CALIB_CREATION_DATE: '2025-04-02'}
# - {CALIB_CREATION_TIME: '15:59:40'}
# - __serialized_columns__:
#     efficiency:
#       __class__: astropy.units.quantity.Quantity
#       unit: !astropy.units.Unit {unit: '%'}
#       value: !astropy.table.SerializedColumn {name: efficiency}
#     wavelength:
#       __class__: astropy.units.quantity.Quantity
#       unit: !astropy.units.Unit {unit: nm}
#       value: !astropy.table.SerializedColumn {name: wavelength}
# schema: astropy-2.0
wavelength efficiency
[from data line 581]
876.0 0.0025937883037840948
877.0 0.0026338850148022175
878.0 0.00267398172582034
879.0 0.002511894126655534
880.0 0.002349806709389668
881.0 0.002414931441307999
882.0 0.002480056355125271
883.0 0.0024158338419510983
884.0 0.002351611510675866
885.0 0.0023826081815059297
886.0 0.002413604852335993
887.0 0.0022578633434022777
888.0 0.002102121834468562
889.0 0.0022221382096176967
890.0 0.0023421545847668312
891.0 0.0025014971470227465
892.0 0.0026608397092786618
893.0 0.0025638029910624027
894.0 0.0024667662728461437
895.0 0.0027272018996882252
896.0 0.0029876378903281875
897.0 0.003308986924821511
898.0 0.003630335777415894
899.0 0.0038630201743217185
900.0 0.004095704571227543
901.0 0.004259175693732686
902.0 0.00442264681623783
903.0 0.004681499194703065
904.0 0.004940351209370419
905.0 0.005065115328761749
906.0 0.005189878720557317
907.0 0.005303329089656472
908.0 0.005416779822553508
909.0 0.0054364070820156485
910.0 0.005456034341477789
911.0 0.0052581861382350326
912.0 0.005060337934992276
913.0 0.00496109678351786
914.0 0.004861855632043444
915.0 0.0045507968025049195
916.0 0.004239738336764276
917.0 0.00415739523305092
918.0 0.004075052493135445
919.0 0.004214792716084048
920.0 0.004354532575234771
921.0 0.00458274080301635
922.0 0.004810949030797929
923.0 0.005266516382107511
924.0 0.005722082642023452
925.0 0.006063915134291165
926.0 0.00640574871795252
927.0 0.006923415639903396
928.0 0.007441082561854273
929.0 0.007551607995992526
930.0 0.007662131974939257
931.0 0.007764222391415387
932.0 0.007866311352699995
933.0 0.007822457700967789
934.0 0.007778603321639821
935.0 0.0077777382102794945
936.0 0.007776870916131884
937.0 0.007398443267447874
938.0 0.0070200163463596255
939.0 0.006708013825118542
940.0 0.006396011303877458
941.0 0.005312902067089453
942.0 0.004229791738907807
943.0 0.00354377189069055
944.0 0.0028577527700690553
945.0 0.00277787748927949
946.0 0.002698002390388865
947.0 0.0021751891836174764
948.0 0.0016523759768460877
949.0 0.0014270922292780597
950.0 0.0012018083907605615
951.0 0.0013352726455195807
952.0 0.0014687367183796596
953.0 0.0016651787518640049
954.0 0.00186162069439888
955.0 0.002094629053317476
956.0 0.002327637412236072
957.0 0.0026547933885012753
958.0 0.002981949000968598
959.0 0.0031906060030451044
960.0 0.0033992626413237303
961.0 0.004080517464899458
962.0 0.004761772288475186
963.0 0.004551725942292251
964.0 0.004341679596109316
965.0 0.004557928332360461
966.0 0.004774177068611607
967.0 0.004801633258466609
968.0 0.004829089812119491
969.0 0.004737700510304421
970.0 0.004646311572287232
971.0 0.004566599818645045
972.0 0.004486887337407097
973.0 0.004235308733768761
974.0 0.003983729766332544
975.0 0.00385468993044924
976.0 0.0037256497307680547
977.0 0.003077506335102953
978.0 0.0024293631213367917
979.0 0.002510124795662705
980.0 0.002590886469988618
981.0 0.0026136682208743878
982.0 0.002636450153659098
983.0 0.0028470802135416307
984.0 0.0030577102734241635
985.0 0.0032190990168601274
986.0 0.003380488124093972
987.0 0.003707865107571706
988.0 0.004035242454847321
989.0 0.004509236168814823
990.0 0.004983229155186564
991.0 0.0056227774621220306
992.0 0.006262325769057497
993.0 0.0063115272496361285
994.0 0.0063607265474274755
995.0 0.006271695747273043
996.0 0.006182664219522849
997.0 0.005998336928314529
998.0 0.005814010728499852
999.0 0.006167343235574663
1000.0 0.006520673196064308
1001.0 0.006610038690268993
1002.0 0.00669940491206944
1003.0 0.006267433491302654
1004.0 0.005835462070535868
1005.0 0.005381594019127078
1006.0 0.004927724876324646
1007.0 0.004971622183802538
1008.0 0.005015520582674071
1009.0 0.0045250006223795936
1010.0 0.004034481025882997
1011.0 0.003656421904452145
1012.0 0.0032783627830212936
1013.0 0.002826543277478777
1014.0 0.002374723226239439
1015.0 0.0018918128262157552
1016.0 0.001408902244293131
1017.0 0.001318480099143926
1018.0 0.001228057863045251
1019.0 0.0008645998605061322
1020.0 0.0005011417215428082
1021.0 0.0008444296327070333
1022.0 0.0011877174983965233
1023.0 0.0013489894627127796
1024.0 0.0015102615179785062
1025.0 0.0012716614037344698
1026.0 0.001033061562338844
1027.0 0.001260836961591849
1028.0 0.001488612178945914
1029.0 0.0015564288332825527
1030.0 0.0016242454876191914
1031.0 0.0017368998669553548
1032.0 0.0018495542462915182
1033.0 0.001564960075484123
1034.0 0.0012803657227777876
1035.0 0.0015195247215160634
1036.0 0.0017586833564564586
1037.0 0.0019426575818215497
1038.0 0.002126631807186641
1039.0 0.0018941243979497813
1040.0 0.001661617170611862
1041.0 0.0017241334717255086
1042.0 0.0017866499547380954
1043.0 0.0019560768123483285
1044.0 0.002125503851857502
1045.0 0.0019131211956846528
1046.0 0.0017007389033096842
1047.0 0.0017797881810110994
1048.0 0.0018588376406114548
1049.0 0.001969565164472442
1050.0 0.002080292506434489
1051.0 0.0021286230548867024
1052.0 0.002176953603338916
1053.0 0.002155770744138863
1054.0 0.0021345880668377504
1055.0 0.001906723809952382
1056.0 0.0016788595530670136
1057.0 0.0011457052096375264
1058.0 0.0006125508207333041
1059.0 0.000637718039797619
1060.0 0.0006628854862356093
1061.0 0.0008818348760541994
1062.0 0.0011007845387212
1063.0 0.001177296417154139
1064.0 0.001253808477486018
1065.0 0.0014674695194116794
1066.0 0.001681130743236281
1067.0 0.0016739855709602125
1068.0 0.0016668402167852037
1069.0 0.0016363203030778095
1070.0 0.001605800207471475
1071.0 0.0021082798411953263
1072.0 0.002610759656818118
1073.0 0.002661379949131515
1074.0 0.0027120000595459715
1075.0 0.0026645335310604423
1076.0 0.002617066820675973
1077.0 0.002315709753020201
1078.0 0.0020143525034654886
1079.0 0.003372839273652062
1080.0 0.004731326043838635
1081.0 0.004504064781940542
1082.0 0.004276804975233972
1083.0 0.0043141226342413574
1084.0 0.004351440293248743
1085.0 0.0038978665543254465
1086.0 0.0034442935429979116
1087.0 0.004039831401314586
1088.0 0.004635369623429142
1089.0 0.005483575660036877
1090.0 0.0063317806052509695
1091.0 0.004821620677830651
1092.0 0.0033114607504103333
1093.0 0.0038549365854123607
1094.0 0.004398411329020746
1095.0 0.0044284286559559405
1096.0 0.004458445619093254
1097.0 0.003805638334597461
1098.0 0.0031528321414953098
1099.0 0.0026845696993405
1100.0 0.002216307802882511
