lsstCam/transmission_filter_detector/r13_s02/y_10/19700101T000000.ecsv
# %ECSV 1.0
# ---
# datatype:
# - {name: wavelength, unit: nm, datatype: float32}
# - {name: efficiency, unit: '%', datatype: float64}
# meta: !!omap
# - {MODE: DETECTOR}
# - {TYPE: transmission_filter_detector}
# - {CALIBDATE: '1970-01-01T00:00:00'}
# - {INSTRUME: LSSTCam}
# - {OBSTYPE: transmission_filter_detector}
# - {CALIBCLS: lsst.ip.isr.IntermediateFilterDetectorTransmissionCurve}
# - {SOURCE: Materion (DM-46256)}
# - {DETECTOR: 56}
# - {FILTER: y_10}
# - {CALIB_ID: 'calibDate=1970-01-01T00:00:00 filter=y_10 detector=56'}
# - {DATE: '2025-04-02T15:59:51.001422'}
# - {CALIB_CREATION_DATE: '2025-04-02'}
# - {CALIB_CREATION_TIME: '15:59:51'}
# - __serialized_columns__:
#     efficiency:
#       __class__: astropy.units.quantity.Quantity
#       unit: !astropy.units.Unit {unit: '%'}
#       value: !astropy.table.SerializedColumn {name: efficiency}
#     wavelength:
#       __class__: astropy.units.quantity.Quantity
#       unit: !astropy.units.Unit {unit: nm}
#       value: !astropy.table.SerializedColumn {name: wavelength}
# schema: astropy-2.0
wavelength efficiency
[from data line 578]
878.0 0.000895799803402042
879.0 0.0018591917978483252
880.0 0.07741831941530108
881.0 0.0966682389844209
882.0 0.06352201453410089
883.0 0.09590331465005875
884.0 0.07959426147863269
885.0 0.09004045859910548
886.0 0.06613167352043092
887.0 0.09244687971659005
888.0 0.05682027549482882
889.0 0.09527907241135836
890.0 0.06482264143414795
891.0 0.10643097339197993
892.0 0.06759835523553193
893.0 0.10963388485834002
894.0 0.07980099180713296
895.0 0.09921618038788438
896.0 0.07524799439124763
897.0 0.11787742841988802
898.0 0.08648823713883758
899.0 0.1289620529860258
900.0 0.10521350195631385
901.0 0.1354643958620727
902.0 0.13587739085778594
903.0 0.1563509926199913
904.0 0.18075640546157956
905.0 0.20552983041852713
906.0 0.25548837147653103
907.0 0.3171032527461648
908.0 0.41500162333250046
909.0 0.5237272009253502
910.0 0.7616062182933092
911.0 1.0407574474811554
912.0 1.5474953688681126
913.0 2.2971995174884796
914.0 3.2392140477895737
915.0 4.6876877546310425
916.0 6.511135399341583
917.0 8.580389618873596
918.0 11.04322224855423
919.0 13.459962606430054
920.0 16.768789291381836
921.0 20.18197625875473
922.0 23.506438732147217
923.0 27.44392454624176
924.0 31.67424201965332
925.0 36.457934975624084
926.0 42.292314767837524
927.0 48.761653900146484
928.0 54.62560057640076
929.0 61.146414279937744
930.0 67.04065203666687
931.0 72.98534512519836
932.0 78.58981490135193
933.0 83.48641991615295
934.0 87.21904754638672
935.0 89.99277353286743
936.0 92.18652248382568
937.0 93.80503296852112
938.0 94.88508701324463
939.0 95.50999402999878
940.0 95.96176743507385
941.0 96.24783992767334
942.0 96.56211137771606
943.0 96.73355221748352
944.0 97.05072045326233
945.0 97.065269947052
946.0 97.146475315094
947.0 97.18779921531677
948.0 97.27482199668884
949.0 97.18133211135864
950.0 97.31877446174622
951.0 97.37462401390076
952.0 97.39931225776672
953.0 97.53883481025696
954.0 97.64570593833923
955.0 97.69677519798279
956.0 97.92758822441101
957.0 98.14578294754028
958.0 98.30752611160278
959.0 98.41451644897461
960.0 98.55256676673889
961.0 98.57704043388367
962.0 98.6659586429596
963.0 98.69993329048157
964.0 98.73719215393066
965.0 98.77340197563171
966.0 98.85109066963196
967.0 98.89280796051025
968.0 98.88534545898438
969.0 98.8876461982727
970.0 98.94295930862427
971.0 98.99806380271912
972.0 99.0484893321991
973.0 99.12446737289429
974.0 99.14621710777283
975.0 99.12654757499695
976.0 99.17188882827759
977.0 99.15967583656311
978.0 99.23520684242249
979.0 99.19022917747498
980.0 99.1320788860321
981.0 99.06925559043884
982.0 99.03146624565125
983.0 99.02690052986145
984.0 98.99510145187378
985.0 98.9736795425415
986.0 98.88331890106201
987.0 98.9217221736908
988.0 98.8045334815979
989.0 98.76233339309692
990.0 98.74024987220764
991.0 98.77315759658813
992.0 98.85213375091553
993.0 98.77792596817017
994.0 98.74995350837708
995.0 98.80901575088501
996.0 98.7680435180664
997.0 98.89626502990723
998.0 98.94173741340637
999.0 98.98985624313354
1000.0 99.02514219284058
1001.0 98.97840023040771
1002.0 99.07374382019043
1003.0 99.13583397865295
1004.0 99.17804002761841
1005.0 99.14029240608215
1006.0 99.26496744155884
1007.0 99.22513365745544
1008.0 99.243825674057
1009.0 99.15685653686523
1010.0 99.22024011611938
1011.0 99.22143220901489
1012.0 99.14352297782898
1013.0 99.12278056144714
1014.0 99.0908145904541
1015.0 99.07451868057251
1016.0 99.04364943504333
1017.0 99.05168414115906
1018.0 99.10943508148193
1019.0 99.02116656303406
1020.0 99.03676509857178
1021.0 99.19155240058899
1022.0 99.05000329017639
1023.0 99.11683201789856
1024.0 99.09288287162781
1025.0 99.06426072120667
1026.0 99.13851618766785
1027.0 99.2632508277893
1028.0 99.137282371521
1029.0 99.24176335334778
1030.0 99.2741346359253
1031.0 99.24412369728088
1032.0 99.27477836608887
1033.0 99.20180439949036
1034.0 99.28094148635864
1035.0 99.34073686599731
1036.0 99.21534657478333
1037.0 99.25203919410706
1038.0 99.25529956817627
1039.0 99.19074773788452
1040.0 99.13126230239868
1041.0 99.1903007030487
1042.0 99.16409254074097
1043.0 99.07496571540833
1044.0 99.16934967041016
1045.0 98.85358214378357
1046.0 99.05980229377747
1047.0 98.90421032905579
1048.0 99.00059700012207
1049.0 98.95032048225403
1050.0 98.94763827323914
1051.0 98.90273809432983
1052.0 98.89717102050781
1053.0 98.81994128227234
1054.0 99.00957942008972
1055.0 99.11653995513916
1056.0 99.04627799987793
1057.0 99.07953143119812
1058.0 98.87678027153015
1059.0 99.01654124259949
1060.0 99.11256432533264
1061.0 99.0307867527008
1062.0 99.00200963020325
1063.0 98.9269495010376
1064.0 99.15800094604492
1065.0 99.10523891448975
1066.0 99.04071092605591
1067.0 99.11184310913086
1068.0 99.03136491775513
1069.0 98.92045855522156
1070.0 99.18404221534729
1071.0 99.0929901599884
1072.0 99.12782311439514
1073.0 99.17065501213074
1074.0 98.87661337852478
1075.0 98.79170060157776
1076.0 98.52561950683594
1077.0 99.11813139915466
1078.0 99.13408160209656
1079.0 98.71468544006348
1080.0 99.51592683792114
1081.0 98.72190356254578
1082.0 98.73367547988892
1083.0 98.77278804779053
1084.0 99.01953935623169
1085.0 98.93707633018494
1086.0 98.80284070968628
1087.0 98.95700812339783
1088.0 98.75645041465759
1089.0 98.55369925498962
1090.0 98.74459505081177
1091.0 98.89665246009827
1092.0 98.8364040851593
1093.0 98.66539239883423
1094.0 98.68630170822144
1095.0 98.56582283973694
1096.0 98.54838252067566
1097.0 98.46115708351135
1098.0 97.82291650772095
1099.0 98.46898317337036
1100.0 98.24743270874023
