lsstCam/transmission_filter_detector/r13_s02/y_10/19700101T000000.ecsv
# %ECSV 1.0
# ---
# datatype:
# - {name: wavelength, unit: nm, datatype: float32}
# - {name: efficiency, unit: '%', datatype: float64}
# meta: !!omap
# - {MODE: DETECTOR}
# - {TYPE: transmission_filter_detector}
# - {CALIBDATE: '1970-01-01T00:00:00'}
# - {INSTRUME: LSSTCam}
# - {OBSTYPE: transmission_filter_detector}
# - {CALIBCLS: lsst.ip.isr.IntermediateFilterDetectorTransmissionCurve}
# - {SOURCE: Materion (DM-46256)}
# - {DETECTOR: 56}
# - {FILTER: y_10}
# - {CALIB_ID: 'calibDate=1970-01-01T00:00:00 filter=y_10 detector=56'}
# - {DATE: '2025-04-02T15:59:51.001422'}
# - {CALIB_CREATION_DATE: '2025-04-02'}
# - {CALIB_CREATION_TIME: '15:59:51'}
# - __serialized_columns__:
#     efficiency:
#       __class__: astropy.units.quantity.Quantity
#       unit: !astropy.units.Unit {unit: '%'}
#       value: !astropy.table.SerializedColumn {name: efficiency}
#     wavelength:
#       __class__: astropy.units.quantity.Quantity
#       unit: !astropy.units.Unit {unit: nm}
#       value: !astropy.table.SerializedColumn {name: wavelength}
# schema: astropy-2.0
wavelength efficiency
300.0 0.5354423075914383
301.0 0.29019052162766457
302.0 0.044938724022358656
303.0 0.03685041447170079
304.0 0.028762107831425965
305.0 0.017783278599381447
306.0 0.006804446456953883
307.0 0.01476000325055793
308.0 0.02271555713377893
309.0 0.016580664669163525
310.0 0.010445768566569313
311.0 0.009282292739953846
312.0 0.008118815458146855
313.0 0.007429894321830943
314.0 0.006740971730323508
315.0 0.0056368789955740795
316.0 0.004532788443611935
317.0 0.0045860146201448515
318.0 0.004639237158698961
319.0 0.002408727777947206
320.0 0.0001782169078978768
321.0 0.0021414518414530903
322.0 0.0041046867409022525
323.0 0.003197128535248339
324.0 0.0022895706933923066
325.0 0.0012456971489882562
326.0 0.0002018233544731629
327.0 0.0008472875379084144
328.0 0.0014927518350305036
329.0 0.0030452791179413907
330.0 0.004597806400852278
331.0 0.00403284648200497
332.0 0.003467886199359782
333.0 0.002528376535337884
334.0 0.0015888663256191649
335.0 0.0017366766769555397
336.0 0.0018844875739887357
337.0 0.002470982690283563
338.0 0.0030574774427805096
339.0 0.0016061088899732567
340.0 0.0001547402462165337
341.0 1.623034063917561e-10
342.0 1.623034063917561e-10
343.0 0.00034789422898029443
344.0 0.0010297786502633244
345.0 0.001372329188598087
346.0 0.0017148804545286112
347.0 0.0016686253729858436
348.0 0.0016223701095441356
349.0 0.0012062231689924374
350.0 0.0007900759555923287
351.0 0.0013372136891121045
352.0 0.001884350785985589
353.0 0.0014817831470281817
354.0 0.0010792155080707744
355.0 0.0012483909813454375
356.0 0.0014175664546201006
357.0 0.0010492924957361538
358.0 0.0006810182185290614
359.0 0.0008793660526862368
360.0 0.0010777139323181473
361.0 0.0013668934116140008
362.0 0.0016560728909098543
363.0 0.0012127118679927662
364.0 0.0007693505722272675
365.0 0.0011510012882354204
366.0 0.0015326526408898644
367.0 0.002059339385596104
368.0 0.002586026312201284
369.0 0.002198216498072725
370.0 0.001810406865843106
371.0 0.001709635580482427
372.0 0.001608864295121748
373.0 0.0019814056940958835
374.0 0.002353947093070019
375.0 0.0032531963370274752
376.0 0.004152445399085991
377.0 0.004141808676649816
378.0 0.004131172318011522
379.0 0.0036776127672055736
380.0 0.003224053216399625
381.0 0.002201171446358785
382.0 0.0011782897672674153
383.0 0.0011789777090598363
384.0 0.0011796653780038469
385.0 0.0008952317330113146
386.0 0.0006107980880187824
387.0 0.0006862275768071413
388.0 0.0007616571565449703
389.0 0.0006473102530435426
390.0 0.0005329634859663201
391.0 0.0005605860224022763
392.0 0.0005882086497877026
393.0 0.0005826855613122461
394.0 0.0005771626092609949
395.0 0.0005515629709407222
396.0 0.0005259633780951845
397.0 0.000773423926148098
398.0 0.0010208844287262764
399.0 0.0012894832252641208
400.0 0.0015580819308524951
401.0 0.0016719908671802841
402.0 0.0017858999854070134
403.0 0.0018430984709993936
404.0 0.0019002969565917738
405.0 0.0018673399608815089
406.0 0.0018343831470701844
407.0 0.0015221189642034005
408.0 0.0012098551451344974
409.0 0.0009745353963808157
410.0 0.0007392153747787233
411.0 0.0005796584900963353
412.0 0.00042010160541394725
413.0 0.0009777349077921826
414.0 0.001535368210170418
415.0 0.0020341247363830917
416.0 0.002532881626393646
417.0 0.0012631574463739526
418.0 1.623034063917561e-10
419.0 1.623034063917561e-10
420.0 1.623034063917561e-10
421.0 1.7641561100845138e-05
422.0 0.0004923230790154776
423.0 0.0007726296644250397
424.0 0.0010529361134103965
425.0 5.658321242663078e-05
426.0 1.623034063917561e-10
427.0 1.623034063917561e-10
428.0 0.0002885220737880445
429.0 1.623034063917561e-10
430.0 1.623034063917561e-10
431.0 0.0003332525920995977
432.0 0.001028840688377386
433.0 0.0008454792805423494
434.0 0.000662118418404134
435.0 3.461445601260493e-05
436.0 1.623034063917561e-10
437.0 1.623034063917561e-10
438.0 1.478077109595688e-05
439.0 1.623034063917561e-10
440.0 1.623034063917561e-10
441.0 1.623034063917561e-10
442.0 1.623034063917561e-10
443.0 1.623034063917561e-10
444.0 1.623034063917561e-10
445.0 0.00015890511804173002
446.0 0.0003444165940891253
447.0 0.0006754584319423884
448.0 0.0010065002243209165
449.0 0.000927585188037483
450.0 0.000848669878905639
451.0 0.0003497206535030273
452.0 1.623034063917561e-10
453.0 1.623034063917561e-10
454.0 1.623034063917561e-10
455.0 1.623034063917561e-10
456.0 1.623034063917561e-10
457.0 1.623034063917561e-10
458.0 1.623034063917561e-10
459.0 0.00012597002978509408
460.0 0.00034035379030683544
461.0 0.00033135836474684766
462.0 0.00032236291644949233
463.0 0.00038500588743772823
464.0 0.0004476488811633317
465.0 0.0004984315182809951
466.0 0.0005492142463481287
467.0 0.0010493153240531683
468.0 0.0015494160834350623
469.0 0.0016339108697138727
470.0 0.0017184049283969216
471.0 0.0015667874322389252
472.0 0.0014151698451314587
473.0 0.0020334988221293315
474.0 0.002651827708177734
475.0 0.0026930518288281746
476.0 0.002734275949478615
477.0 0.0031548588594887406
478.0 0.0035754419513978064
479.0 0.004082577288500033
480.0 0.0045897122618043795
481.0 0.004604338755598292
482.0 0.004618965249392204
483.0 0.004106657434022054
484.0 0.0035943492548540235
485.0 0.003849865242955275
486.0 0.004105381231056526
487.0 0.0034518965549068525
488.0 0.002798411878757179
489.0 0.0025541165086906403
490.0 0.0023098218662198633
491.0 0.0018929655198007822
492.0 0.0014761089005332906
493.0 0.0011209628610231448
494.0 0.0007658171853108797
495.0 0.00106150482679368
496.0 0.0013571925592259504
497.0 0.001914129825308919
498.0 0.0024710676370887086
499.0 0.0025065008230740204
500.0 0.0025419341909582727
501.0 0.002469954233674798
502.0 0.0023979742763913237
503.0 0.002642312756506726
504.0 0.0028866510547231883
505.0 0.003351060877321288
506.0 0.0038154710637172684
507.0 0.0027600435714703053
508.0 0.0017046153516275808
509.0 0.0018792323317029513
510.0 0.0020538491298793815
511.0 0.001995282218558714
512.0 0.001936715307238046
513.0 0.0018910746803157963
514.0 0.0018454344171914272
515.0 0.0016264060832327232
516.0 0.0014073777492740192
517.0 0.001375921146973269
518.0 0.0013444641808746383
519.0 0.0014500001270789653
520.0 0.001555535891384352
521.0 0.001736179729050491
522.0 0.001916823021019809
523.0 0.0016984999092528597
524.0 0.0014801767974859104
525.0 0.0020586825485224836
526.0 0.002637189027154818
527.0 0.0023877060812083073
528.0 0.002138223862857558
529.0 0.002484149081283249
530.0 0.0028300741178099997
531.0 0.0025684363208711147
532.0 0.002306798160134349
533.0 0.0025473564164713025
534.0 0.0027879139452124946
535.0 0.0024242130166385323
536.0 0.0020605119061656296
537.0 0.002378415774728637
538.0 0.0026963194613927044
539.0 0.003326336809550412
540.0 0.0039563536120112985
541.0 0.0039593407564098015
542.0 0.003962328264606185
543.0 0.004215858280076645
544.0 0.004469387931749225
545.0 0.004942866507917643
546.0 0.005416344356490299
547.0 0.004466583777684718
548.0 0.003516822835081257
549.0 0.002957750803034287
550.0 0.0023986785890883766
551.0 0.0026384968805359676
552.0 0.0028783151719835587
553.0 0.0032161446142708883
554.0 0.003553973510861397
555.0 0.003940583701478317
556.0 0.004327194619690999
557.0 0.003966385702369735
558.0 0.0036055775126442313
559.0 0.0034043285268126056
560.0 0.0032030799047788605
561.0 0.0035447719710646197
562.0 0.0038864633097546175
563.0 0.0036302139051258564
564.0 0.0033739641366992146
565.0 0.003940029273508117
566.0 0.004506094410317019
567.0 0.004574766717269085
568.0 0.004643439024221152
569.0 0.005204484477872029
570.0 0.0057655302953207865
571.0 0.005769182462245226
572.0 0.005772834992967546
573.0 0.006164536898722872
574.0 0.00655623953207396
575.0 0.006473762186942622
576.0 0.006391284114215523
577.0 0.005846248677698895
578.0 0.005301213968778029
579.0 0.005870747554581612
580.0 0.006440281867980957
581.0 0.007035733142402023
582.0 0.007631183689227328
583.0 0.008427298598689958
584.0 0.009223409870173782
585.0 0.009459166903980076
586.0 0.00969492393778637
587.0 0.00982095516519621
588.0 0.009946982754627243
589.0 0.010431872942717746
590.0 0.010916764585999772
591.0 0.010244865552522242
592.0 0.00957296579144895
593.0 0.0078940051025711
594.0 0.006215047324076295
595.0 0.005930996121605858
596.0 0.005646945282933302
597.0 0.006089159069233574
598.0 0.006531372491735965
599.0 0.007365694909822196
600.0 0.008200015872716904
601.0 0.00878775681485422
602.0 0.009375495574204251
603.0 0.01033780790749006
604.0 0.011300120240775868
605.0 0.011573117080843076
606.0 0.011846116103697568
607.0 0.010232478962279856
608.0 0.00861884473124519
609.0 0.006645033863605931
610.0 0.004671224087360315
611.0 0.004015829836134799
612.0 0.0033604355849092826
613.0 0.0037419093132484704
614.0 0.004123381950194016
615.0 0.004823128983844072
616.0 0.005522876745089889
617.0 0.006787361780880019
618.0 0.008051845361478627
619.0 0.008937309758039191
620.0 0.009822774154599756
621.0 0.01104581169784069
622.0 0.012268850696273148
623.0 0.012193479778943583
624.0 0.012118108134018257
625.0 0.010670164920156822
626.0 0.009222219523508102
627.0 0.00729678213247098
628.0 0.005371342922444455
629.0 0.004465621168492362
630.0 0.003559899778338149
631.0 0.0030747327400604263
632.0 0.002589565519883763
633.0 0.002637090983625967
634.0 0.0026846166292671114
635.0 0.0027923913876293227
636.0 0.0029001657821936533
637.0 0.0037110934499651194
638.0 0.0045220211177365854
639.0 0.00458047361462377
640.0 0.004638925020117313
641.0 0.0052168223191984
642.0 0.005794719618279487
643.0 0.005838901051902212
644.0 0.005883082849322818
645.0 0.005432246689451858
646.0 0.004981410529580899
647.0 0.0039431353798136115
648.0 0.0029048602300463244
649.0 0.0022459849787992425
650.0 0.0015871095456532203
651.0 0.0016287511243717745
652.0 0.001670392884989269
653.0 0.001603789314685855
654.0 0.0015371853805845603
655.0 0.0015276249541784637
656.0 0.0015180649825197179
657.0 0.0013508844858733937
658.0 0.00118370417112601
659.0 0.0017061753169400617
660.0 0.002228646735602524
661.0 0.0019565415641409345
662.0 0.0016844363926793449
663.0 0.002365109321544878
664.0 0.003045782432309352
665.0 0.0035372606362216175
666.0 0.004028738476336002
667.0 0.004595733480527997
668.0 0.005162727029528469
669.0 0.005328882616595365
670.0 0.005495034929481335
671.0 0.006208130071172491
672.0 0.006921226304257289
673.0 0.0077755066740792245
674.0 0.008629786316305399
675.0 0.008295152656501159
676.0 0.007960520451888442
677.0 0.0062884369981475174
678.0 0.0046163539082044736
679.0 0.003054318221984431
680.0 0.0014922836271580309
681.0 0.0006219115221028915
682.0 1.623034063917561e-10
683.0 0.00012897821761725936
684.0 0.0005064170181867667
685.0 0.0002395480350969592
686.0 1.623034063917561e-10
687.0 8.387294769818254e-05
688.0 0.00019506692296999972
689.0 0.0003365447128089727
690.0 0.00047802254812268075
691.0 0.0005103875992062967
692.0 0.0005427526957646478
693.0 0.0004000672561232932
694.0 0.00025738179374457104
695.0 0.00042938108890666626
696.0 0.0006013803613313939
697.0 0.0006168250820337562
698.0 0.0006322697117866483
699.0 0.0005136609161127126
700.0 0.00039505189306510147
701.0 0.0002940579634014284
702.0 0.0001930641474245931
703.0 0.00035001971809833776
704.0 0.0005069752660347149
705.0 0.00045339188545767684
706.0 0.00039980827750696335
707.0 5.8080115650227526e-05
708.0 1.623034063917561e-10
709.0 1.623034063917561e-10
710.0 0.00020387560653034598
711.0 0.00038394364310079254
712.0 0.0005640116796712391
713.0 0.00031161650895228377
714.0 5.922135528635408e-05
715.0 0.0002776110250124475
716.0 0.0004960007117915666
717.0 0.00040038298720901366
718.0 0.0003047652853638283
719.0 0.0004082465238752775
720.0 0.000511727694174624
721.0 0.00030294429507193854
722.0 9.41609528126719e-05
723.0 0.000182662711267767
724.0 0.0002711644356168108
725.0 0.0003813560397247784
726.0 0.0004915478257316863
727.0 0.00016201602193177678
728.0 1.623034063917561e-10
729.0 0.0001347052148048533
730.0 0.0004369261205283692
731.0 0.0005836212494614301
732.0 0.0007303166057681665
733.0 0.0002754593879217282
734.0 1.623034063917561e-10
735.0 1.623034063917561e-10
736.0 1.623034063917561e-10
737.0 0.00023820534806873184
738.0 0.0007934902896522544
739.0 0.0005475346824823646
740.0 0.0003015788024640642
741.0 0.00016383303318434628
742.0 2.608724969377363e-05
743.0 1.623034063917561e-10
744.0 1.623034063917561e-10
745.0 0.0001614939833416429
746.0 0.0006313629910437157
747.0 0.0002856411583707086
748.0 1.623034063917561e-10
749.0 1.623034063917561e-10
750.0 1.623034063917561e-10
751.0 1.623034063917561e-10
752.0 0.00012180200883449288
753.0 0.00028670892788795754
754.0 0.00045161591515352484
755.0 1.623034063917561e-10
756.0 1.623034063917561e-10
757.0 1.623034063917561e-10
758.0 1.623034063917561e-10
759.0 0.00017856849581221468
760.0 0.0006205338195286458
761.0 0.0003248032498959219
762.0 2.9072526785967057e-05
763.0 1.623034063917561e-10
764.0 1.623034063917561e-10
765.0 0.0001583603875587869
766.0 0.0004815774900635006
767.0 2.3558233408493834e-05
768.0 1.623034063917561e-10
769.0 1.623034063917561e-10
770.0 1.623034063917561e-10
771.0 1.623034063917561e-10
772.0 1.623034063917561e-10
773.0 0.0003645039214461576
774.0 0.0008652935321151745
775.0 0.00046637178456876427
776.0 6.744991196683259e-05
777.0 0.0002751253759925021
778.0 0.00048280085138685536
779.0 0.0005452082405099645
780.0 0.0006076155841583386
781.0 0.0006408537501556566
782.0 0.0006740919161529746
783.0 0.0004638907284970628
784.0 0.0002536895863158861
785.0 0.00023932623207656434
786.0 0.00022496258225146448
787.0 0.0006729566393914865
788.0 0.0011209505828446709
789.0 0.0009059245712705888
790.0 0.000690898696120712
791.0 0.0005081142262497451
792.0 0.00032532959721720545
793.0 0.000488373279949883
794.0 0.0006514165761473123
795.0 0.0007857976015657187
796.0 0.0009201783541357145
797.0 0.0004563635684462497
798.0 1.623034063917561e-10
799.0 0.0005164925823919475
800.0 0.0010404364729765803
801.0 0.0004664640982809942
802.0 1.623034063917561e-10
803.0 0.00025303877464466495
804.0 0.0006135857802291866
805.0 0.0008627923307358287
806.0 0.0011119987902930006
807.0 0.0007453016223735176
808.0 0.000378604431716667
809.0 0.00018779722950057476
810.0 1.623034063917561e-10
811.0 0.0002634644488352933
812.0 0.0005299388703861041
813.0 0.0006920583473402075
814.0 0.0008541777788195759
815.0 0.0008896015060599893
816.0 0.0009250245966541115
817.0 0.0008839913789415732
818.0 0.0008429581612290349
819.0 0.000912174436962232
820.0 0.000981390712695429
821.0 0.000948999422689667
822.0 0.0009166079507849645
823.0 0.0007679523150727618
824.0 0.0006192969067342347
825.0 0.0006296110768744256
826.0 0.0006399252470146166
827.0 0.0006910315278219059
828.0 0.0007421378541039303
829.0 0.000385348948839237
830.0 2.856001515283424e-05
831.0 9.428915177522867e-05
832.0 0.00016001854419300798
833.0 0.0004228435045661172
834.0 0.0006856684194644913
835.0 0.00010612336609483464
836.0 1.623034063917561e-10
837.0 1.623034063917561e-10
838.0 8.769235932959418e-05
839.0 0.00036826718314841855
840.0 0.0006488420240202686
841.0 0.00096049707281054
842.0 0.0012721520761260763
843.0 0.0008536730092600919
844.0 0.00043519362407096196
845.0 0.0003818774530373048
846.0 0.00032856119105417747
847.0 0.0006673930784018012
848.0 0.0010062249202746898
849.0 0.0009215222235070542
850.0 0.0008368191629415378
851.0 0.0011067307241319213
852.0 0.0013766422853223048
853.0 0.0005350025730876951
854.0 1.623034063917561e-10
855.0 1.623034063917561e-10
856.0 1.623034063917561e-10
857.0 0.0003638532461991417
858.0 0.001448490274924552
859.0 0.0011664302292047068
860.0 0.0008843699106364511
861.0 0.0012293196959944908
862.0 0.0015742696632514708
863.0 0.0017987315004575066
864.0 0.002023193155764602
865.0 0.0020813196897506714
866.0 0.002139446405635681
867.0 0.0027170195608050562
868.0 0.003294592534075491
869.0 0.00303535744023975
870.0 0.002776121982606128
871.0 0.0033602140319999307
872.0 0.003944306081393734
873.0 0.0029800114134559408
874.0 0.0020157171093160287
875.0 0.0026184123271377757
876.0 0.003221107181161642
