ts8/qe_curve/rtm-015_s20/19700101T000000.ecsv
# %ECSV 0.9
# ---
# datatype:
# - {name: amp_name, datatype: string}
# - {name: wavelength, unit: nm, datatype: float32}
# - {name: efficiency, unit: '%', datatype: float32}
# meta: !!omap
# - {MODE: AMP}
# - {TYPE: QE}
# - {CALIBDATE: '1970-01-01T00:00:00'}
# - {INSTRUME: TS8}
# - {OBSTYPE: qe_curve}
# - {DETECTOR: 123}
# - {PICKLEFILE: RaftRun12002.p}
# - {CALIB_ID: 'raftName=RTM-015 detectorName=S20 detector=123 calibDate=1970-01-01T00:00:00 ccd=123 ccdnum=123 filter=None'}
# - {DATE: '2020-01-23T14:33:54.392386'}
# - {CALIB_CREATION_DATE: '2020-01-23'}
# - {CALIB_CREATION_TIME: '14:33:54'}
# - __serialized_columns__:
#     efficiency:
#       __class__: astropy.units.quantity.Quantity
#       unit: !astropy.units.Unit {unit: '%'}
#       value: !astropy.table.SerializedColumn {name: efficiency}
#     wavelength:
#       __class__: astropy.units.quantity.Quantity
#       unit: !astropy.units.Unit {unit: nm}
#       value: !astropy.table.SerializedColumn {name: wavelength}
# schema: astropy-2.0
amp_name wavelength efficiency
C04 349.982 71.53404
C04 450.035 86.09087
C04 500.018 90.77805
C04 619.997 98.357506
C04 750.022 96.94718
C04 869.967 90.44089
C04 999.976 30.72275
C17 349.982 71.110344
C17 450.035 85.624596
C17 500.018 90.30596
C17 619.997 97.86416
C17 750.022 95.81821
C17 869.967 89.05313
C17 999.976 30.36749
C14 349.982 72.36248
C14 450.035 86.1242
C14 500.018 90.68007
C14 619.997 98.1726
C14 750.022 96.32938
C14 869.967 89.49757
C14 999.976 30.42948
C03 349.982 70.94779
C03 450.035 85.89696
C03 500.018 90.642715
C03 619.997 98.24636
C03 750.022 96.86002
C03 869.967 90.41996
C03 999.976 30.766668
C12 349.982 72.92548
C12 450.035 86.31539
C12 500.018 90.804184
C12 619.997 98.27926
C12 750.022 96.32319
C12 869.967 89.41727
C12 999.976 30.24333
C16 349.982 71.706764
C16 450.035 85.77365
C16 500.018 90.39094
C16 619.997 97.90118
C16 750.022 96.03434
C16 869.967 89.27479
C16 999.976 30.36332
C15 349.982 72.12139
C15 450.035 86.04669
C15 500.018 90.636024
C15 619.997 98.14944
C15 750.022 96.33223
C15 869.967 89.53841
C15 999.976 30.423418
C02 349.982 70.45297
C02 450.035 85.697105
C02 500.018 90.49116
C02 619.997 98.113884
C02 750.022 96.712234
C02 869.967 90.289536
C02 999.976 30.669336
C05 349.982 71.7329
C05 450.035 86.152245
C05 500.018 90.81278
C05 619.997 98.37761
C05 750.022 96.93485
C05 869.967 90.38201
C05 999.976 30.654305
C00 349.982 68.8661
C00 450.035 85.2056
C00 500.018 90.14936
C00 619.997 97.876076
C00 750.022 96.25711
C00 869.967 89.92871
C00 999.976 30.69122
C01 349.982 69.803665
C01 450.035 85.483765
C01 500.018 90.34007
C01 619.997 97.9928
C01 750.022 96.52319
C01 869.967 90.154915
C01 999.976 30.772278
C11 349.982 73.22123
C11 450.035 86.49587
C11 500.018 90.95752
C11 619.997 98.44113
C11 750.022 96.429695
C11 869.967 89.41536
C11 999.976 30.18225
C06 349.982 71.95201
C06 450.035 86.2178
C06 500.018 90.855286
C06 619.997 98.408455
C06 750.022 96.92479
C06 869.967 90.34834
C06 999.976 30.628624
C13 349.982 72.80175
C13 450.035 86.26498
C13 500.018 90.77455
C13 619.997 98.25443
C13 750.022 96.36285
C13 869.967 89.49342
C13 999.976 30.365412
C10 349.982 73.55316
C10 450.035 86.64925
C10 500.018 91.09602
C10 619.997 98.58857
C10 750.022 96.51326
C10 869.967 89.421585
C10 999.976 30.095333
C07 349.982 72.38291
C07 450.035 86.42751
C07 500.018 91.05119
C07 619.997 98.62215
C07 750.022 97.10726
C07 869.967 90.49477
C07 999.976 30.654743
