lsstCam/transmission_filter_detector/r30_s01/g_6/19700101T000000.ecsv
# %ECSV 1.0
# ---
# datatype:
# - {name: wavelength, unit: nm, datatype: float32}
# - {name: efficiency, unit: '%', datatype: float64}
# meta: !!omap
# - {MODE: DETECTOR}
# - {TYPE: transmission_filter_detector}
# - {CALIBDATE: '1970-01-01T00:00:00'}
# - {INSTRUME: LSSTCam}
# - {OBSTYPE: transmission_filter_detector}
# - {CALIBCLS: lsst.ip.isr.IntermediateFilterDetectorTransmissionCurve}
# - {SOURCE: Materion (DM-46256)}
# - {DETECTOR: 118}
# - {FILTER: g_6}
# - {CALIB_ID: 'calibDate=1970-01-01T00:00:00 filter=g_6 detector=118'}
# - {DATE: '2025-04-02T15:59:42.574225'}
# - {CALIB_CREATION_DATE: '2025-04-02'}
# - {CALIB_CREATION_TIME: '15:59:42'}
# - __serialized_columns__:
#     efficiency:
#       __class__: astropy.units.quantity.Quantity
#       unit: !astropy.units.Unit {unit: '%'}
#       value: !astropy.table.SerializedColumn {name: efficiency}
#     wavelength:
#       __class__: astropy.units.quantity.Quantity
#       unit: !astropy.units.Unit {unit: nm}
#       value: !astropy.table.SerializedColumn {name: wavelength}
# schema: astropy-2.0
wavelength efficiency
[from data line 608]
908.0 0.00044909015741723124
909.0 0.00038158127608767245
910.0 0.00041375446926394943
911.0 0.0004459277079149615
912.0 0.0004922513653582428
913.0 0.000538575022801524
914.0 0.000498181634611683
915.0 0.0004577882464218419
916.0 0.000420291780756088
917.0 0.0003827954060398042
918.0 0.0003874535650538746
919.0 0.0003921118150174152
920.0 0.0004315563273848966
921.0 0.00047100083975237794
922.0 0.00040963568608276546
923.0 0.00034827050967578543
924.0 0.0004144407739659073
925.0 0.0004806110155186616
926.0 0.00044795774556405377
927.0 0.00041530443013471086
928.0 0.0005183459052204853
929.0 0.0006213873803062597
930.0 0.0005270471319818171
931.0 0.0004327069291321095
932.0 0.00044705016080115456
933.0 0.0004613935288944049
934.0 0.0005693450020771706
935.0 0.0006772966116841417
936.0 0.0005314253485266818
937.0 0.00038555417631869204
938.0 0.00039417927837348543
939.0 0.0004028045168524841
940.0 0.0005372428404371021
941.0 0.0006716811185469851
942.0 0.0006589477834495483
943.0 0.0006462144483521115
944.0 0.0007002283837209688
945.0 0.000754242228140356
946.0 0.0008504198376613203
947.0 0.0009465974471822847
948.0 0.0008477782103000209
949.0 0.000748958927943022
950.0 0.0007448141786881024
951.0 0.0007406693839584477
952.0 0.0008608230018580798
953.0 0.0009809765288082417
954.0 0.0008445261300948914
955.0 0.0007080755040078657
956.0 0.0006217871032276889
957.0 0.0005354987024475122
958.0 0.0006573412520083366
959.0 0.0007791837560944259
960.0 0.0007455620107066352
961.0 0.0007119401743693743
962.0 0.0006949665930733318
963.0 0.000677992875353084
964.0 0.0006316214239632245
965.0 0.0005852497906744247
966.0 0.0006264685907808598
967.0 0.0006676873454125598
968.0 0.0006504369139292976
969.0 0.0006331864824460354
970.0 0.0006292198122537229
971.0 0.0006252531875361456
972.0 0.0006913320248713717
973.0 0.0007574107712571276
974.0 0.0008257520676124841
975.0 0.0008940934094425756
976.0 0.0008369000170205254
977.0 0.000779706533649005
978.0 0.0008790760148258414
979.0 0.0009784454050532077
980.0 0.0009403566764376592
981.0 0.0009022679478221107
982.0 0.0009464396498515271
983.0 0.0009906114428304136
984.0 0.0010876597116293851
985.0 0.0011847080713778269
986.0 0.001221501861436991
987.0 0.001258295560546685
988.0 0.0012578952009789646
989.0 0.0012574945685628336
990.0 0.0013293181837070733
991.0 0.0014011415260029025
992.0 0.0013989459148433525
993.0 0.0013967501217848621
994.0 0.001459783197788056
995.0 0.00152281636474072
996.0 0.0014675952115794644
997.0 0.0014123737855697982
998.0 0.0013438275345833972
999.0 0.0012752812835969962
1000.0 0.0013251892596599646
1001.0 0.0013750971447734628
1002.0 0.001369510755466763
1003.0 0.0013639244571095333
1004.0 0.0013235136066214181
1005.0 0.0012831028470827732
1006.0 0.0014073110833123792
1007.0 0.0015315194104914553
1008.0 0.0014501943041977938
1009.0 0.0013688694707525428
1010.0 0.0015128783161344472
1011.0 0.0016568872524658218
1012.0 0.0016753523595980369
1013.0 0.0016938172848313116
1014.0 0.001942763447004836
1015.0 0.0021917096091783606
1016.0 0.0023345983208855614
1017.0 0.002477486850693822
1018.0 0.0026249908842146397
1019.0 0.0027724949177354574
1020.0 0.003080645910813473
1021.0 0.003388796540093608
1022.0 0.0034543762012617663
1023.0 0.0035199558624299243
1024.0 0.003627040860010311
1025.0 0.0037341262213885784
1026.0 0.0039509410271421075
1027.0 0.0041677558328956366
1028.0 0.004496198016568087
1029.0 0.004824640927836299
1030.0 0.004735435140901245
1031.0 0.004646229717764072
1032.0 0.004860859553446062
1033.0 0.005075489752925932
1034.0 0.0052303199481684715
1035.0 0.005385150507208891
1036.0 0.005489690738613717
1037.0 0.005594230970018543
1038.0 0.005787696863990277
1039.0 0.005981162757962011
1040.0 0.006064740591682494
1041.0 0.006148318061605096
1042.0 0.006324984860839322
1043.0 0.00650165238766931
1044.0 0.006908001523697749
1045.0 0.007314351387321949
1046.0 0.008089995390037075
1047.0 0.008865638665156439
1048.0 0.009883463644655421
1049.0 0.010901288624154404
1050.0 0.01298943388974294
1051.0 0.015077578427735716
1052.0 0.01814303977880627
1053.0 0.021208502585068345
1054.0 0.025610931334085763
1055.0 0.03001336008310318
1056.0 0.035966766881756485
1057.0 0.04192017077002674
1058.0 0.04912771983072162
1059.0 0.05633526016026735
1060.0 0.064773770282045
1061.0 0.07321229204535484
1062.0 0.08038794039748609
1063.0 0.08756356546655297
1064.0 0.09362747659906745
1065.0 0.09969136444851756
1066.0 0.10496685281395912
1067.0 0.11024234117940068
1068.0 0.11682414915412664
1069.0 0.12340596877038479
1070.0 0.1328588230535388
1071.0 0.1423116773366928
1072.0 0.15398386167362332
1073.0 0.16565603436902165
1074.0 0.1796293305233121
1075.0 0.1936026383191347
1076.0 0.2072453498840332
1077.0 0.22088810801506042
1078.0 0.23348932154476643
1079.0 0.24609053507447243
1080.0 0.2617740537971258
1081.0 0.27745754923671484
1082.0 0.2985668834298849
1083.0 0.319676217623055
1084.0 0.35652557853609324
1085.0 0.39337496273219585
1086.0 0.4300006665289402
1087.0 0.4666264168918133
1088.0 0.5187947303056717
1089.0 0.5709629971534014
1090.0 0.6483071018010378
1091.0 0.7256512064486742
1092.0 0.7764607202261686
1093.0 0.8272703737020493
1094.0 0.8637653663754463
1095.0 0.9002604521811008
1096.0 0.9417833760380745
1097.0 0.9833061136305332
1098.0 1.0497682727873325
1099.0 1.1162304319441319
1100.0 1.2186961248517036
1101.0 1.3211618177592754
