lsstCam/transmission_filter_detector/r30_s01/g_6/19700101T000000.ecsv
# %ECSV 1.0
# ---
# datatype:
# - {name: wavelength, unit: nm, datatype: float32}
# - {name: efficiency, unit: '%', datatype: float64}
# meta: !!omap
# - {MODE: DETECTOR}
# - {TYPE: transmission_filter_detector}
# - {CALIBDATE: '1970-01-01T00:00:00'}
# - {INSTRUME: LSSTCam}
# - {OBSTYPE: transmission_filter_detector}
# - {CALIBCLS: lsst.ip.isr.IntermediateFilterDetectorTransmissionCurve}
# - {SOURCE: Materion (DM-46256)}
# - {DETECTOR: 118}
# - {FILTER: g_6}
# - {CALIB_ID: 'calibDate=1970-01-01T00:00:00 filter=g_6 detector=118'}
# - {DATE: '2025-04-02T15:59:42.574225'}
# - {CALIB_CREATION_DATE: '2025-04-02'}
# - {CALIB_CREATION_TIME: '15:59:42'}
# - __serialized_columns__:
#     efficiency:
#       __class__: astropy.units.quantity.Quantity
#       unit: !astropy.units.Unit {unit: '%'}
#       value: !astropy.table.SerializedColumn {name: efficiency}
#     wavelength:
#       __class__: astropy.units.quantity.Quantity
#       unit: !astropy.units.Unit {unit: nm}
#       value: !astropy.table.SerializedColumn {name: wavelength}
# schema: astropy-2.0
wavelength efficiency
300.0 0.3680799389258027
301.0 0.31487452797591686
302.0 0.26166909374296665
303.0 0.24325614795088768
304.0 0.22484322544187307
305.0 0.2250737976282835
306.0 0.22530436981469393
307.0 0.21994472481310368
308.0 0.21458507981151342
309.0 0.20634490065276623
310.0 0.19810472149401903
311.0 0.1999265979975462
312.0 0.201748451218009
313.0 0.1889993087388575
314.0 0.17625016625970602
315.0 0.17397475894540548
316.0 0.17169933998957276
317.0 0.1689604832790792
318.0 0.16622163821011782
319.0 0.15773801133036613
320.0 0.14925438445061445
321.0 0.13837883016094565
322.0 0.12750326422974467
323.0 0.11583197629079223
324.0 0.10416065342724323
325.0 0.09221856598742306
326.0 0.08027646108530462
327.0 0.07257636752910912
328.0 0.06487626815214753
329.0 0.0624503125436604
330.0 0.06002435693517327
331.0 0.05516252131201327
332.0 0.050300691509619355
333.0 0.04793831321876496
334.0 0.045575934927910566
335.0 0.04269612254574895
336.0 0.03981631016358733
337.0 0.04012866993434727
338.0 0.040441026794724166
339.0 0.039718038169667125
340.0 0.03899504663422704
341.0 0.037379705463536084
342.0 0.03576436429284513
343.0 0.03278063959442079
344.0 0.02979691489599645
345.0 0.02642965700943023
346.0 0.023062402033247054
347.0 0.021140107128303498
348.0 0.019217812223359942
349.0 0.017633865354582667
350.0 0.6217371206730604
351.0 0.9577447548508644
352.0 0.5736116319894791
353.0 0.8805197663605213
354.0 0.6484232842922211
355.0 0.9225595742464066
356.0 0.6863159127533436
357.0 0.6642818916589022
358.0 0.6420361343771219
359.0 0.7723096292465925
360.0 0.5734405945986509
361.0 0.7698460947722197
362.0 0.5318034905940294
363.0 0.7423063740134239
364.0 0.5634706933051348
365.0 0.8297641761600971
366.0 0.4014925565570593
367.0 0.6454328075051308
368.0 0.4387803841382265
369.0 0.5040612537413836
370.0 0.41196681559085846
371.0 0.7467138580977917
372.0 0.366405607201159
373.0 0.6349993869662285
374.0 0.43049613013863564
375.0 0.5405962001532316
376.0 0.4179474897682667
377.0 0.5378254689276218
378.0 0.40503134950995445
379.0 0.4463006276637316
380.0 0.38846193347126245
381.0 0.5592318717390299
382.0 0.6150521337985992
383.0 0.4703195299953222
384.0 0.5660007707774639
385.0 0.6306153256446123
386.0 0.6893882993608713
387.0 0.705687003210187
388.0 0.9066755883395672
389.0 1.1878160759806633
390.0 1.7763223499059677
391.0 2.696547657251358
392.0 4.22624908387661
393.0 6.7337676882743835
394.0 10.222799330949783
395.0 14.880022406578064
396.0 20.62327414751053
397.0 28.03005278110504
398.0 36.48543953895569
399.0 45.87540328502655
400.0 55.212485790252686
401.0 64.3021285533905
402.0 72.57455587387085
403.0 79.50865030288696
404.0 84.54861044883728
405.0 88.45723867416382
406.0 90.53425788879395
407.0 92.23764538764954
408.0 93.23369860649109
409.0 93.70495080947876
410.0 93.88657808303833
411.0 93.72235536575317
412.0 93.42063069343567
413.0 93.10957789421082
414.0 92.94988512992859
415.0 93.13827157020569
416.0 93.54435801506042
417.0 93.85372996330261
418.0 94.34364438056946
419.0 94.89524960517883
420.0 95.38466334342957
421.0 95.9769070148468
422.0 96.13931775093079
423.0 96.34461402893066
424.0 96.23304605484009
425.0 96.0369884967804
426.0 96.01508378982544
427.0 96.02640271186829
428.0 95.87984085083008
429.0 95.69769501686096
430.0 95.55073380470276
431.0 95.62928080558777
432.0 95.74003219604492
433.0 95.8243727684021
434.0 95.86800932884216
435.0 95.98864912986755
436.0 96.05447053909302
437.0 96.05304598808289
438.0 96.09524607658386
439.0 96.17770910263062
440.0 96.15085124969482
441.0 96.29251956939697
442.0 96.24407887458801
443.0 96.236252784729
444.0 96.14865183830261
445.0 95.91721892356873
446.0 95.75918912887573
447.0 95.57009935379028
448.0 95.55709958076477
449.0 95.73304653167725
450.0 95.9505021572113
451.0 96.11754417419434
452.0 96.3775098323822
453.0 96.51070237159729
454.0 96.58346176147461
455.0 96.87536954879761
456.0 96.91174626350403
457.0 97.10259437561035
458.0 97.08166122436523
459.0 97.1451461315155
460.0 97.13823795318604
461.0 97.2386121749878
462.0 97.1782386302948
463.0 97.0902681350708
464.0 97.17512130737305
465.0 97.10734486579895
466.0 97.09534049034119
467.0 97.08404541015625
468.0 97.13569283485413
469.0 97.17007279396057
470.0 97.00068235397339
471.0 96.92369103431702
472.0 96.93450331687927
473.0 96.8282699584961
474.0 96.7530608177185
475.0 96.83093428611755
476.0 96.82011008262634
477.0 96.89120054244995
478.0 97.00286984443665
479.0 96.97786569595337
480.0 97.12440967559814
481.0 97.21752405166626
482.0 97.39966988563538
483.0 97.33794331550598
484.0 97.53509759902954
485.0 97.52247929573059
486.0 97.56642580032349
487.0 97.57094383239746
488.0 97.56126999855042
489.0 97.71731495857239
490.0 97.6507842540741
491.0 97.69253730773926
492.0 97.65134453773499
493.0 97.63340353965759
494.0 97.5928544998169
495.0 97.6785659790039
496.0 97.51070737838745
497.0 97.42661714553833
498.0 97.24174737930298
499.0 97.28780388832092
500.0 97.23085761070251
501.0 97.19655513763428
502.0 97.11860418319702
503.0 97.24847078323364
504.0 97.09056615829468
505.0 97.11515307426453
506.0 97.12926745414734
507.0 97.05725312232971
508.0 97.09538221359253
509.0 97.04194664955139
510.0 97.00766801834106
511.0 97.03681468963623
512.0 96.8884289264679
513.0 97.01755046844482
514.0 96.94303870201111
515.0 97.00045585632324
516.0 97.13406562805176
517.0 97.1417486667633
518.0 97.18143939971924
519.0 97.23712801933289
520.0 97.25790023803711
521.0 97.3486840724945
522.0 97.34429121017456
523.0 97.34330177307129
524.0 97.31065034866333
525.0 97.30184078216553
526.0 97.39665985107422
527.0 97.37969636917114
528.0 97.47949242591858
529.0 97.52932786941528
530.0 97.54418730735779
531.0 97.66016602516174
532.0 97.5909948348999
533.0 97.57049679756165
534.0 97.56150841712952
535.0 97.39266037940979
536.0 97.03122973442078
537.0 96.45255208015442
538.0 95.76696157455444
539.0 94.3640947341919
540.0 92.69769191741943
541.0 90.0717556476593
542.0 87.29491829872131
543.0 83.56925249099731
544.0 78.95201444625854
545.0 74.79446530342102
546.0 69.79280710220337
547.0 65.2383804321289
548.0 60.72406768798828
549.0 56.705933809280396
550.0 53.6196768283844
551.0 50.62784552574158
552.0 48.3551949262619
553.0 45.92216610908508
554.0 43.06269586086273
555.0 39.82924520969391
556.0 35.52431762218475
557.0 30.511575937271118
558.0 25.032177567481995
559.0 19.675450026988983
560.0 14.535422623157501
561.0 9.829486906528473
562.0 6.2742680311203
563.0 3.6620594561100006
564.0 1.9960641860961914
565.0 0.9647060185670853
566.0 0.5171081982553005
567.0 0.26196595281362534
568.0 0.1517060911282897
569.0 0.09407258476130664
570.0 0.07095705368556082
571.0 0.04996873904019594
572.0 0.04888976691290736
573.0 0.032635327079333365
574.0 0.04909479757770896
575.0 0.02980829158332199
576.0 0.02765150275081396
577.0 0.021857133833691478
578.0 0.029047924908809364
579.0 0.025010149693116546
580.0 0.022298462863545865
581.0 0.022509173140861094
582.0 0.016786553896963596
583.0 0.014950305921956897
584.0 0.02879955864045769
585.0 0.012001375580439344
586.0 0.020614516688510776
587.0 0.014100618136581033
588.0 0.024678403860889375
589.0 0.013341338490135968
590.0 0.01945267867995426
591.0 0.011573889787541702
592.0 0.01875947054941207
593.0 0.013374906848184764
594.0 0.005058168244431727
595.0 0.010472492431290448
596.0 0.015436109970323741
597.0 0.00871685188030824
598.0 0.008054470526985824
599.0 0.009045948536368087
600.0 0.01349553931504488
601.0 0.0020656882043113
602.0 0.0020380017303978093
603.0 0.002010315074585378
604.0 0.0019007291484740563
605.0 0.0017911426766659133
606.0 0.0018425353118800558
607.0 0.0018939281289931387
608.0 0.001795893331291154
609.0 0.0016978585335891694
610.0 0.0018272681700182147
611.0 0.0019566779883462004
612.0 0.001825958679546602
613.0 0.001695239552645944
614.0 0.0016976939150481485
615.0 0.0017001484593492933
616.0 0.001585184691066388
617.0 0.0014702211046824232
618.0 0.0015783751223352738
619.0 0.001686529503786005
620.0 0.0015683735909988172
621.0 0.0014502176782116294
622.0 0.0013697540452994872
623.0 0.0012892900485894643
624.0 0.0013397556358540896
625.0 0.0013902213140681852
626.0 0.001392672766087344
627.0 0.0013951242181065027
628.0 0.001397313826601021
629.0 0.0013995035260450095
630.0 0.0014170683243719395
631.0 0.0014346329407999292
632.0 0.0014098844076215755
633.0 0.0013851360563421622
634.0 0.0013455824955599383
635.0 0.0013060289347777143
636.0 0.0013409067832981236
637.0 0.0013757845408690628
638.0 0.0012875025277025998
639.0 0.001199220605485607
640.0 0.0012285511729714926
641.0 0.0012578817404573783
642.0 0.001215558313560905
643.0 0.0011732347047654912
644.0 0.0011422088391555008
645.0 0.0011111831554444507
646.0 0.0011563801308511756
647.0 0.0012015770153084304
648.0 0.0012585234799189493
649.0 0.0013154697626305278
650.0 0.0012266429621377029
651.0 0.0011378160706954077
652.0 0.0011716565495589748
653.0 0.0012054972103214823
654.0 0.0011326567801006604
655.0 0.0010598165317787789
656.0 0.0010367865797888953
657.0 0.0010137568096979521
658.0 0.0010727874723670539
659.0 0.0011318184078845661
660.0 0.0010876171472773422
661.0 0.001043415795720648
662.0 0.0011004468433384318
663.0 0.0011574778909562156
664.0 0.0011414763321226928
665.0 0.0011254743185418192
666.0 0.001159719340648735
667.0 0.0011939640899072401
668.0 0.0011836438716272824
669.0 0.0011733236533473246
670.0 0.0012115745448681992
671.0 0.0012498254363890737
672.0 0.0011532375538081396
673.0 0.001056649853126146
674.0 0.0010350076081522275
675.0 0.0010133651812793687
676.0 0.00105464614534867
677.0 0.0010959267456200905
678.0 0.0010372739779995754
679.0 0.0009786213922780007
680.0 0.000992829791357508
681.0 0.0010070384632854257
682.0 0.0010532813575991895
683.0 0.0010995244338118937
684.0 0.0010246350939269178
685.0 0.0009497460268903524
686.0 0.0009645259524404537
687.0 0.0009793059689400252
688.0 0.000974577142187627
689.0 0.0009698481335362885
690.0 0.0010653238859958947
691.0 0.0011607995475060306
692.0 0.001130878081312403
693.0 0.0011009567970177159
694.0 0.001086479733203305
695.0 0.0010720027603383642
696.0 0.001136096125264885
697.0 0.001200189672090346
698.0 0.0011797423212556168
699.0 0.0011592949704208877
700.0 0.0012257845810381696
701.0 0.0012922741916554514
702.0 0.0012433127267286181
703.0 0.0011943511708523147
704.0 0.0011424936019466259
705.0 0.0010906357601925265
706.0 0.0010848311831068713
707.0 0.001079026515071746
708.0 0.0011056542462029029
709.0 0.0011322823411319405
710.0 0.0012215746210131329
711.0 0.0013108671737427358
712.0 0.0013190850040700752
713.0 0.0013273027434479445
714.0 0.0013408379345491994
715.0 0.0013543731256504543
716.0 0.0014347810065373778
717.0 0.0015151888874243014
718.0 0.0017296542864642106
719.0 0.0019441196855041198
720.0 0.0016961643268587068
721.0 0.0014482087863143533
722.0 0.001521621652500471
723.0 0.0015950345186865889
724.0 0.0016321044313372113
725.0 0.0016691741620888934
726.0 0.0017056683645932935
727.0 0.0017421625670976937
728.0 0.0019249486285843886
729.0 0.0021077345081721433
730.0 0.0020413348465808667
731.0 0.0019749357306864113
732.0 0.0018283713870914653
733.0 0.0016818072253954597
734.0 0.0014630364603362978
735.0 0.0012442655133781955
736.0 0.001128087387769483
737.0 0.0010119092621607706
738.0 0.0010158962140849326
739.0 0.0010198831660090946
740.0 0.00098424852694734
741.0 0.0009486137969361152
742.0 0.0009716726708575152
743.0 0.0009947317266778555
744.0 0.0009413540283276234
745.0 0.0008879764209268615
746.0 0.0007723920134594664
747.0 0.0006568075605173362
748.0 0.000803001421445515
749.0 0.0009491952368989587
750.0 0.000987671683105873
751.0 0.0010261481293127872
752.0 0.0009372126442031004
753.0 0.0008482769771944731
754.0 0.0008327891009685118
755.0 0.0008173011337930802
756.0 0.000799939880380407
757.0 0.0007825787179172039
758.0 0.0008434672963630874
759.0 0.0009043560567079112
760.0 0.0008942576641857158
761.0 0.0008841590897645801
762.0 0.0008316928870044649
763.0 0.0007792266842443496
764.0 0.0007134706720535178
765.0 0.0006477148872363614
766.0 0.0006260927420953522
767.0 0.0006044705969543429
768.0 0.0006662159194092965
769.0 0.0007279612873389851
770.0 0.0007195355465228204
771.0 0.0007111098511813907
772.0 0.0006520496754092164
773.0 0.0005929893632128369
774.0 0.000601866167926346
775.0 0.000610742972639855
776.0 0.0006521016075566877
777.0 0.0006934602879482554
778.0 0.0006168594609334832
779.0 0.0005402586793934461
780.0 0.0005884671736566816
781.0 0.0006366757133946521
782.0 0.0005660962870024377
783.0 0.0004955168606102234
784.0 0.0003830213699984597
785.0 0.0002705258566493285
786.0 0.0003030549351024092
787.0 0.0003355839908181224
788.0 0.0003107174734395812
789.0 0.00028585100153577514
790.0 0.0003425390559641528
791.0 0.00039922715586726554
792.0 0.0003507210976749775
793.0 0.00030221503948268946
794.0 0.00029772754714940675
795.0 0.00029324000934138894
796.0 0.0002724107389440178
797.0 0.0002515814912840142
798.0 0.00026869231533055427
799.0 0.00028580313937709434
800.0 0.0003997920885012718
801.0 0.0005137811058375519
802.0 0.0004836049356526928
803.0 0.0004534288109425688
804.0 0.00048279921429639217
805.0 0.0005121696176502155
806.0 0.00048649299060343765
807.0 0.0004608163635566598
808.0 0.0004303190962673398
809.0 0.00039982182897801977
810.0 0.00034023869375232607
811.0 0.0002806555585266324
812.0 0.0003533556991897058
813.0 0.00042605593080224935
814.0 0.00043692680264939554
815.0 0.00044779767449654173
816.0 0.0005440042514237575
817.0 0.0006402109193004435
818.0 0.0005091967068437953
819.0 0.0003781825398618821
820.0 0.0003650420467238291
821.0 0.00035190155358577613
822.0 0.00042042161112476606
823.0 0.0004889415777142858
824.0 0.00043905542952416
825.0 0.000389169190384564
826.0 0.0004418051048560301
827.0 0.0004944410193274962
828.0 0.0004335969606472645
829.0 0.0003727529019670328
830.0 0.00037179841001488967
831.0 0.000370843895325379
832.0 0.00030046594474697486
833.0 0.0002300879714312032
834.0 0.00023258353394339792
835.0 0.00023507907371822512
836.0 0.00034414331366861006
837.0 0.00045320753088162746
838.0 0.0005385179065342527
839.0 0.0006238282821868779
840.0 0.0005385105396271683
841.0 0.00045319275159272365
842.0 0.0004655474640458124
843.0 0.0004779021764989011
844.0 0.0005343696557247313
845.0 0.0005908371349505614
846.0 0.0004808361154573504
847.0 0.0003708350277520367
848.0 0.000404387037633569
849.0 0.00043793893382826354
850.0 0.00037471900213859044
851.0 0.0003114990022368147
852.0 0.00022778394850320183
853.0 0.0001440689175069565
854.0 0.0003436340875850874
855.0 0.0005431992576632183
856.0 0.0003469113153187209
857.0 0.00015062338434290723
858.0 0.000249036702371086
859.0 0.0003474500772426836
860.0 0.00041984453673649114
861.0 0.0004922389507555636
862.0 0.0005201187377679162
863.0 0.0005479985247802688
864.0 0.0005278366643324262
865.0 0.0005076747584098484
866.0 0.0005573253929469502
867.0 0.0006069759365345817
868.0 0.0004697084932558937
869.0 0.0003324410045024706
870.0 0.0003840915724140359
871.0 0.0004357422312750714
872.0 0.00042598667278070934
873.0 0.0004162311597610824
874.0 0.0005216484623815631
875.0 0.0006270657650020439
876.0 0.0005304083060764242
877.0 0.0004337508016760694
878.0 0.0005517597401194507
879.0 0.0006697686785628321
880.0 0.0006990799192863051
881.0 0.0007283912509592483
882.0 0.000544739077668055
883.0 0.0003610869271142292
884.0 0.00041126099858956877
885.0 0.0004614350473275408
886.0 0.0005477535069076112
887.0 0.0006340719210129464
888.0 0.000613170459473622
889.0 0.0005922689524595626
890.0 0.0005900993983232183
891.0 0.000587929798712139
892.0 0.0006279098670347594
893.0 0.0006678900263068499
894.0 0.0005333254193828907
895.0 0.00039876085793366656
896.0 0.0003830926289083436
897.0 0.0003674243771456531
898.0 0.0003424515398364747
899.0 0.0003174786797899287
900.0 0.00034793133636412676
901.0 0.00037838401567569235
902.0 0.00037748068280052394
903.0 0.00037657737266272306
904.0 0.0004552477548713796
905.0 0.000533918091605301
906.0 0.0005252585651760455
