lsstCam/transmission_filter_detector/r13_s10/i_39/19700101T000000.ecsv
# %ECSV 1.0
# ---
# datatype:
# - {name: wavelength, unit: nm, datatype: float32}
# - {name: efficiency, unit: '%', datatype: float64}
# meta: !!omap
# - {MODE: DETECTOR}
# - {TYPE: transmission_filter_detector}
# - {CALIBDATE: '1970-01-01T00:00:00'}
# - {INSTRUME: LSSTCam}
# - {OBSTYPE: transmission_filter_detector}
# - {CALIBCLS: lsst.ip.isr.IntermediateFilterDetectorTransmissionCurve}
# - {SOURCE: Materion (DM-46256)}
# - {DETECTOR: 57}
# - {FILTER: i_39}
# - {CALIB_ID: 'calibDate=1970-01-01T00:00:00 filter=i_39 detector=57'}
# - {DATE: '2025-04-02T15:59:46.743253'}
# - {CALIB_CREATION_DATE: '2025-04-02'}
# - {CALIB_CREATION_TIME: '15:59:46'}
# - __serialized_columns__:
#     efficiency:
#       __class__: astropy.units.quantity.Quantity
#       unit: !astropy.units.Unit {unit: '%'}
#       value: !astropy.table.SerializedColumn {name: efficiency}
#     wavelength:
#       __class__: astropy.units.quantity.Quantity
#       unit: !astropy.units.Unit {unit: nm}
#       value: !astropy.table.SerializedColumn {name: wavelength}
# schema: astropy-2.0
wavelength efficiency
[from data line 597]
897.0 1.5838071956361666e-10
898.0 1.5838071956361666e-10
899.0 1.5838071956361666e-10
900.0 1.5838071956361666e-10
901.0 1.5838071956361666e-10
902.0 1.5838071956361666e-10
903.0 1.5838071956361666e-10
904.0 1.5838071956361666e-10
905.0 1.5838071956361666e-10
906.0 1.5838071956361666e-10
907.0 2.9227871323200816e-05
908.0 0.00019424051060923375
909.0 1.5838071956361666e-10
910.0 1.5838071956361666e-10
911.0 1.5838071956361666e-10
912.0 9.974476142815547e-05
913.0 9.295068252868077e-05
914.0 8.615660931354796e-05
915.0 1.5838071956361666e-10
916.0 1.5838071956361666e-10
917.0 1.5838071956361666e-10
918.0 1.5838071956361666e-10
919.0 1.5838071956361666e-10
920.0 4.84533927647135e-05
921.0 1.5838071956361666e-10
922.0 1.5838071956361666e-10
923.0 1.5838071956361666e-10
924.0 1.5838071956361666e-10
925.0 6.296933747762523e-05
926.0 0.0002236341060779523
927.0 1.5838071956361666e-10
928.0 1.5838071956361666e-10
929.0 1.5838071956361666e-10
930.0 0.00019461629108263878
931.0 0.0001366604237773572
932.0 7.870455078773375e-05
933.0 9.892221441987203e-05
934.0 0.00011913989510503598
935.0 1.5838071956361666e-10
936.0 1.5838071956361666e-10
937.0 1.5838071956361666e-10
938.0 1.5838071956361666e-10
939.0 1.5838071956361666e-10
940.0 1.5838071956361666e-10
941.0 1.5838071956361666e-10
942.0 1.5838071956361666e-10
943.0 1.5838071956361666e-10
944.0 1.5838071956361666e-10
945.0 1.5838071956361666e-10
946.0 1.5838071956361666e-10
947.0 1.5838071956361666e-10
948.0 1.5838071956361666e-10
949.0 1.5838071956361666e-10
950.0 1.5838071956361666e-10
951.0 1.5838071956361666e-10
952.0 1.5838071956361666e-10
953.0 1.5838071956361666e-10
954.0 1.5838071956361666e-10
955.0 5.257263069324836e-05
956.0 0.0002237697344753542
957.0 0.00023147470074036391
958.0 0.000239179598793271
959.0 0.00015651064586563734
960.0 7.3841727044055e-05
961.0 0.00012622228950931458
962.0 0.00017860285197457415
963.0 6.140592745396134e-05
964.0 1.5838071956361666e-10
965.0 1.5838071956361666e-10
966.0 1.5838071956361666e-10
967.0 1.5838071956361666e-10
968.0 1.5838071956361666e-10
969.0 1.5838071956361666e-10
970.0 5.487858629749098e-05
971.0 1.5838071956361666e-10
972.0 1.5838071956361666e-10
973.0 1.5838071956361666e-10
974.0 1.5838071956361666e-10
975.0 1.5838071956361666e-10
976.0 1.5838071956361666e-10
977.0 1.5838071956361666e-10
978.0 1.5838071956361666e-10
979.0 1.5838071956361666e-10
980.0 1.5838071956361666e-10
981.0 1.5838071956361666e-10
982.0 1.5838071956361666e-10
983.0 1.5838071956361666e-10
984.0 1.5838071956361666e-10
985.0 6.6240363594261e-05
986.0 0.00021028288301749853
987.0 5.4035734819990466e-05
988.0 1.5838071956361666e-10
989.0 1.5838071956361666e-10
990.0 1.5838071956361666e-10
991.0 1.5838071956361666e-10
992.0 1.5838071956361666e-10
993.0 1.5838071956361666e-10
994.0 4.696535711445904e-05
995.0 1.5838071956361666e-10
996.0 1.5838071956361666e-10
997.0 2.9727496553277888e-05
998.0 0.00028550755359901814
999.0 0.0003327683316456387
1000.0 0.0003800290869548917
1001.0 0.00024336341084563173
1002.0 0.00010669767789295292
1003.0 0.0001339062237093458
1004.0 0.00016111481500047375
1005.0 7.795714651592789e-06
1006.0 1.5838071956361666e-10
1007.0 1.5838071956361666e-10
1008.0 0.00010667423566701473
1009.0 0.00011120539511466632
1010.0 0.00011573648635021527
1011.0 0.0001632737053114397
1012.0 0.00021081091290398035
1013.0 0.0003582531917345477
1014.0 0.0005056955160398502
1015.0 0.0004185314082860714
1016.0 0.00033136739148176275
1017.0 0.0004255330622982001
1018.0 0.0005196988695388427
1019.0 0.00038395123738155235
1020.0 0.0002482035597495269
1021.0 0.00019696444724104367
1022.0 0.00014572527788914158
1023.0 0.0005585455710388487
1024.0 0.0009713659892440774
1025.0 0.0007523209660575958
1026.0 0.0005332759428711142
1027.0 0.0005069227427156875
1028.0 0.00048056954256026074
1029.0 0.0008705877917236648
1030.0 0.0012606061318365391
1031.0 0.0018822282072505914
1032.0 0.002503850009816233
1033.0 0.002621797648316715
1034.0 0.0027397445592214353
1035.0 0.003253315298934467
1036.0 0.003766885129152797
1037.0 0.003750343603314832
1038.0 0.003733801713678986
1039.0 0.0032316333090420812
1040.0 0.0027294652682030573
1041.0 0.002455221510899719
1042.0 0.0021809777535963804
1043.0 0.0029868033379898407
1044.0 0.003792628922383301
1045.0 0.003565006409189664
1046.0 0.003337384623591788
1047.0 0.002971656977024395
1048.0 0.0026059291485580616
1049.0 0.0023549922843812965
1050.0 0.0021040554202045314
1051.0 0.0021664474843419157
1052.0 0.0022288399122771807
1053.0 0.0014415210898732767
1054.0 0.0006542023584188428
1055.0 0.0006866729108878644
1056.0 0.000719143417882151
1057.0 0.0008698474630364217
1058.0 0.0010205516446148977
1059.0 0.0008684463864483405
1060.0 0.0007163415375543991
1061.0 0.0016895703083719127
1062.0 0.0026627987608662806
1063.0 0.0028384125471347943
1064.0 0.003014026333403308
1065.0 0.003326278238091618
1066.0 0.0036385306884767488
1067.0 0.004335876656114124
1068.0 0.0050332229875493795
1069.0 0.003992884740000591
1070.0 0.0029525463105528615
1071.0 0.0029076283681206405
1072.0 0.0028627098799915984
1073.0 0.003101263428106904
1074.0 0.003339816612424329
1075.0 0.0035685916373040527
1076.0 0.003797365934588015
1077.0 0.0028564216336235404
1078.0 0.0019154766050633043
1079.0 0.002000078347919043
1080.0 0.002084680090774782
1081.0 0.0014536147318722215
1082.0 0.0008225493729696609
1083.0 0.00020421323370101163
1084.0 1.5838071956361666e-10
1085.0 0.00036143439956504153
1086.0 0.0011369921594450716
1087.0 0.0012929906915815081
1088.0 0.0014489891327684745
1089.0 1.5838071956361666e-10
1090.0 1.5838071956361666e-10
1091.0 1.5838071956361666e-10
1092.0 1.5838071956361666e-10
1093.0 1.5838071956361666e-10
1094.0 0.0005427546057035215
1095.0 0.0005215238161326852
1096.0 0.000500293117511319
1097.0 1.5838071956361666e-10
1098.0 1.5838071956361666e-10
1099.0 1.5838071956361666e-10
1100.0 1.5838071956361666e-10
