lsstCam/transmission_filter_detector/r13_s10/i_39/19700101T000000.ecsv
# %ECSV 1.0
# ---
# datatype:
# - {name: wavelength, unit: nm, datatype: float32}
# - {name: efficiency, unit: '%', datatype: float64}
# meta: !!omap
# - {MODE: DETECTOR}
# - {TYPE: transmission_filter_detector}
# - {CALIBDATE: '1970-01-01T00:00:00'}
# - {INSTRUME: LSSTCam}
# - {OBSTYPE: transmission_filter_detector}
# - {CALIBCLS: lsst.ip.isr.IntermediateFilterDetectorTransmissionCurve}
# - {SOURCE: Materion (DM-46256)}
# - {DETECTOR: 57}
# - {FILTER: i_39}
# - {CALIB_ID: 'calibDate=1970-01-01T00:00:00 filter=i_39 detector=57'}
# - {DATE: '2025-04-02T15:59:46.743253'}
# - {CALIB_CREATION_DATE: '2025-04-02'}
# - {CALIB_CREATION_TIME: '15:59:46'}
# - __serialized_columns__:
#     efficiency:
#       __class__: astropy.units.quantity.Quantity
#       unit: !astropy.units.Unit {unit: '%'}
#       value: !astropy.table.SerializedColumn {name: efficiency}
#     wavelength:
#       __class__: astropy.units.quantity.Quantity
#       unit: !astropy.units.Unit {unit: nm}
#       value: !astropy.table.SerializedColumn {name: wavelength}
# schema: astropy-2.0
wavelength efficiency
300.0 0.08262345800176263
301.0 0.0405012076953426
302.0 1.5838071956361666e-10
303.0 0.02129486238118261
304.0 0.04421073826961219
305.0 0.035533239133656025
306.0 0.026855745818465948
307.0 0.008270580292446539
308.0 1.5838071956361666e-10
309.0 1.5838071956361666e-10
310.0 1.5838071956361666e-10
311.0 1.5838071956361666e-10
312.0 0.0036710742278955877
313.0 0.00038629150367341936
314.0 1.5838071956361666e-10
315.0 1.5838071956361666e-10
316.0 1.5838071956361666e-10
317.0 1.5838071956361666e-10
318.0 1.5838071956361666e-10
319.0 1.5838071956361666e-10
320.0 1.5838071956361666e-10
321.0 1.5838071956361666e-10
322.0 0.0012485280421969946
323.0 1.5838071956361666e-10
324.0 1.5838071956361666e-10
325.0 1.5838071956361666e-10
326.0 1.5838071956361666e-10
327.0 1.5838071956361666e-10
328.0 0.002908499118348118
329.0 0.002248097734991461
330.0 0.0015876967154326849
331.0 0.00144243595059379
332.0 0.0012971760043001268
333.0 0.0017894064512802288
334.0 0.002281636989209801
335.0 0.0011217428436793853
336.0 1.5838071956361666e-10
337.0 0.001193485968542518
338.0 0.002425122329441365
339.0 0.0027325000701239333
340.0 0.003039877992705442
341.0 1.5838071956361666e-10
342.0 1.5838071956361666e-10
343.0 1.5838071956361666e-10
344.0 1.5838071956361666e-10
345.0 1.5838071956361666e-10
346.0 1.5838071956361666e-10
347.0 1.5838071956361666e-10
348.0 1.5838071956361666e-10
349.0 1.5838071956361666e-10
350.0 1.5838071956361666e-10
351.0 1.5838071956361666e-10
352.0 1.5838071956361666e-10
353.0 1.5838071956361666e-10
354.0 1.5838071956361666e-10
355.0 1.5838071956361666e-10
356.0 0.00044117196011939086
357.0 0.0007636289410584141
358.0 0.0010860861038963776
359.0 0.0011106835700047668
360.0 0.0011352806723152753
361.0 0.0010340020708099473
362.0 0.0009327235602540895
363.0 0.0004706354047812056
364.0 8.547461760599617e-06
365.0 0.0010143157851416618
366.0 0.0020200846847728826
367.0 0.0013459823094308376
368.0 0.0006718800250382628
369.0 0.0008917369996197522
370.0 0.0011115940651507117
371.0 0.0010857470442715567
372.0 0.0010598999324429315
373.0 0.0008843619070830755
374.0 0.0007088236543495441
375.0 0.00016650230918457964
376.0 1.5838071956361666e-10
377.0 1.5838071956361666e-10
378.0 3.49506905195085e-05
379.0 1.5838071956361666e-10
380.0 1.5838071956361666e-10
381.0 1.5838071956361666e-10
382.0 1.5838071956361666e-10
383.0 0.0003048781991310534
384.0 0.0017227943317266181
385.0 0.0013422742995317094
386.0 0.0009617541763873305
387.0 1.5838071956361666e-10
388.0 1.5838071956361666e-10
389.0 1.5838071956361666e-10
390.0 1.5838071956361666e-10
391.0 1.5838071956361666e-10
392.0 1.5838071956361666e-10
393.0 2.45294899059445e-05
394.0 0.0008285571311716922
395.0 1.5838071956361666e-10
396.0 1.5838071956361666e-10
397.0 1.5838071956361666e-10
398.0 1.5838071956361666e-10
399.0 1.5838071956361666e-10
400.0 1.5838071956361666e-10
401.0 0.001006151705951197
402.0 0.0021472405933309346
403.0 0.002088297151203733
404.0 0.0020293542547733523
405.0 0.0036945428291801363
406.0 0.005359730857890099
407.0 0.002535196654207539
408.0 1.5838071956361666e-10
409.0 0.0003207644795111264
410.0 0.0009308673725172412
411.0 0.0021403424398158677
412.0 0.0033498181437607855
413.0 0.004051840369356796
414.0 0.00475386405014433
415.0 0.003773171192733571
416.0 0.002792478335322812
417.0 0.0018539352822699584
418.0 0.0009153920473181643
419.0 0.002836905332515016
420.0 0.004758418072015047
421.0 0.003970836405642331
422.0 0.0031832543754717335
423.0 0.0038278612919384614
424.0 0.0044724678446073085
425.0 0.00360500234819483
426.0 0.00273753594228765
427.0 0.0039507183828391135
428.0 0.005163901732885279
429.0 0.005404057810665108
430.0 0.00564421497983858
431.0 0.004394418647279963
432.0 0.0031446230423171073
433.0 0.0035080982343060896
434.0 0.0038715737900929525
435.0 0.00323603417200502
436.0 0.0026004945539170876
437.0 0.0020796684111701325
438.0 0.0015588424503221177
439.0 0.0018489126887288876
440.0 0.0021389832909335382
441.0 0.0006440507149818586
442.0 1.5838071956361666e-10
443.0 1.5838071956361666e-10
444.0 1.5838071956361666e-10
445.0 1.5838071956361666e-10
446.0 1.5838071956361666e-10
447.0 0.00010312650147170643
448.0 0.000825089227873832
449.0 3.0349463031598134e-05
450.0 1.5838071956361666e-10
451.0 0.00010994543799824896
452.0 0.0009842811778071336
453.0 0.0016628422599751502
454.0 0.002341403887839988
455.0 0.0020186616893624887
456.0 0.0016959196727839299
457.0 0.0013511365978047252
458.0 0.0010063533409265801
459.0 0.000495267840960878
460.0 1.5838071956361666e-10
461.0 0.00040958002500701696
462.0 0.0008349777999683283
463.0 0.0002404900897090556
464.0 1.5838071956361666e-10
465.0 2.950594080175506e-05
466.0 0.00041300941120425705
467.0 0.0006783969638490817
468.0 0.0009437845619686414
469.0 0.0005921367119299248
470.0 0.00024048893010331085
471.0 0.00044897751649841666
472.0 0.0006574661711056251
473.0 0.0008720459845790174
474.0 0.00108662597995135
475.0 0.000793438266555313
476.0 0.0005002507805329515
477.0 0.0009478525498707313
478.0 0.0013954543646832462
479.0 0.001288692237721989
480.0 0.0011819301107607316
481.0 0.0026231198717141524
482.0 0.0040643077227286994
483.0 0.0054318737966241315
484.0 0.006799439142923802
485.0 0.008000968227861449
486.0 0.009202497312799096
487.0 0.01185660730698146
488.0 0.014510717301163822
489.0 0.01755527628120035
490.0 0.020599835261236876
491.0 0.022492474818136543
492.0 0.024385117285419255
493.0 0.025669217575341463
494.0 0.02695332223083824
495.0 0.023758714087307453
496.0 0.02056410303339362
497.0 0.01692504301900044
498.0 0.013285981549415737
499.0 0.00940824975259602
500.0 0.005530516864382662
501.0 0.004195189831079915
502.0 0.002859863161575049
503.0 0.0025694933356135152
504.0 0.002279123327753041
505.0 0.0019612614778452553
506.0 0.0016433999917353503
507.0 0.0016084411981864832
508.0 0.0015734824046376161
509.0 0.001832297675719019
510.0 0.002091112946800422
511.0 0.0016173205949598923
512.0 0.0011435281521698926
513.0 0.001579391937411856
514.0 0.0020152558136032894
515.0 0.0026183373847743496
516.0 0.00322141895594541
517.0 0.0026235780751449056
518.0 0.0020257371943444014
519.0 0.0021621659470838495
520.0 0.002298594517924357
521.0 0.0017792213839129545
522.0 0.001259848340851022
523.0 0.0013142657735443208
524.0 0.0013686835700355005
525.0 0.0018345992430113256
526.0 0.00230051464313874
527.0 0.0023755626898491755
528.0 0.002450610918458551
529.0 0.0018240798453916796
530.0 0.001197548772324808
531.0 0.0013594285519502591
532.0 0.001521308695373591
533.0 0.0015336838259827346
534.0 0.001546058956591878
535.0 0.0016312931620632298
536.0 0.0017165271856356412
537.0 0.0025045139409485273
538.0 0.0032925003324635327
539.0 0.003912759348168038
540.0 0.004533018363872543
541.0 0.005341021460480988
542.0 0.006149024557089433
543.0 0.0052030765800736845
544.0 0.004257128603057936
545.0 0.0034779306588461623
546.0 0.002698732896533329
547.0 0.0021355181161197834
548.0 0.001572303517605178
549.0 0.0018174663637182675
550.0 0.0020626295736292377
551.0 0.0018462631487636827
552.0 0.001629896905797068
553.0 0.0016051621059887111
554.0 0.0015804274880792946
555.0 0.0011986564459220972
556.0 0.0008168854037648998
557.0 0.0007560452104371507
558.0 0.0006952050625841366
559.0 0.00019652470655273646
560.0 1.5838071956361666e-10
561.0 0.0004836851076106541
562.0 0.001269525910174707
563.0 0.0014878117326588836
564.0 0.0017060978279914707
565.0 0.0014126601854513865
566.0 0.0011192228157597128
567.0 0.0007483045919798315
568.0 0.0003773863681999501
569.0 0.0004889794581686147
570.0 0.0006005723207636038
571.0 0.0004419565357238753
572.0 0.0002833407734215143
573.0 0.0003748713879758725
574.0 0.0004664021162170684
575.0 0.0004177022674412001
576.0 0.0003690022822411265
577.0 0.0004975796400685795
578.0 0.0006261570888455026
579.0 0.0003127619720544317
580.0 1.5838071956361666e-10
581.0 0.0001706504235698958
582.0 0.0003419339464016957
583.0 0.0004425753104442265
584.0 0.0005432165835372871
585.0 0.000752955656935228
586.0 0.0009626948667573743
587.0 0.0009170139492198359
588.0 0.0008713329407328274
589.0 0.0006897933417349122
590.0 0.0005082537882117322
591.0 0.0006688772373308893
592.0 0.0008295009138237219
593.0 0.0005383437837735983
594.0 0.0002471866537234746
595.0 0.0006104129170125816
596.0 0.0009736390893522184
597.0 0.0008072159289440606
598.0 0.0006407927685359027
599.0 0.0006128614586486947
600.0 0.0005849300123372814
601.0 0.0004299542069929885
602.0 0.00027497837891132804
603.0 0.000217172328120796
604.0 0.0001593661522747425
605.0 0.00020289971871534362
606.0 0.000246433273787261
607.0 0.00045358769966696855
608.0 0.0006607419891224708
609.0 0.0005326594873622525
610.0 0.0004045767582283588
611.0 0.0006534440217365045
612.0 0.0009023114216688555
613.0 0.000577335504203802
614.0 0.0002523597459003213
615.0 2.965171752578044e-06
616.0 1.5838071956361666e-10
617.0 1.5838071956361666e-10
618.0 0.00017675239405434695
619.0 0.000257791407420882
620.0 0.00033883052310557105
621.0 0.0004842831003770698
622.0 0.0006297356776485685
623.0 0.000530006536791916
624.0 0.0004302774414099986
625.0 0.0003525678721416625
626.0 0.00027485834834806155
627.0 0.0002527628112147795
628.0 0.000230667296818865
629.0 0.0004226006694807438
630.0 0.0006145341103547253
631.0 0.0005603360932582291
632.0 0.0005061380761617329
633.0 0.0004809919118997641
634.0 0.0004558457021630602
635.0 0.00042681781451392453
636.0 0.0003977898359153187
637.0 0.0004003624781034887
638.0 0.0004029349838674534
639.0 0.0006684551863145316
640.0 0.0009339752068626694
641.0 0.0006524633135995828
642.0 0.0003709514203364961
643.0 0.0006304015641944716
644.0 0.0008898517990019172
645.0 0.0007499174898839556
646.0 0.0006099833171901992
647.0 0.0007570782599941595
648.0 0.0009041737030202057
649.0 0.0007950345207063947
650.0 0.0006858954748167889
651.0 0.0008547151082893834
652.0 0.0010235349691356532
653.0 0.0011713850653904956
654.0 0.0013192350706958678
655.0 0.001992133002204355
656.0 0.0026650306608644314
657.0 0.003568601096048951
658.0 0.004472170621738769
659.0 0.007260198617586866
660.0 0.05565607571043074
661.0 0.058602081844583154
662.0 0.12420514831319451
663.0 0.08587617776356637
664.0 0.11368240229785442
665.0 0.18295239424332976
666.0 0.17990481574088335
667.0 0.19166358979418874
668.0 0.2475164830684662
669.0 0.3323350567370653
670.0 0.45775948092341423
671.0 0.7561164908111095
672.0 1.1631589382886887
673.0 1.772545836865902
674.0 2.589147910475731
675.0 3.5581473261117935
676.0 4.727664962410927
677.0 6.037881597876549
678.0 7.434052228927612
679.0 8.958996832370758
680.0 11.081994324922562
681.0 13.268488645553589
682.0 15.820544958114624
683.0 18.597927689552307
684.0 21.61404937505722
685.0 24.543496966362
686.0 27.495819330215454
687.0 30.78256845474243
688.0 34.190633893013
689.0 37.71977424621582
690.0 41.87738001346588
691.0 46.37076556682587
692.0 51.621776819229126
693.0 57.16277360916138
694.0 63.21707367897034
695.0 68.99076700210571
696.0 75.15068054199219
697.0 80.57090640068054
698.0 86.09679937362671
699.0 90.07677435874939
700.0 93.01153421401978
701.0 95.02584934234619
702.0 96.50968313217163
703.0 97.10765480995178
704.0 97.31634855270386
705.0 97.68097400665283
706.0 97.67712354660034
707.0 97.71279692649841
708.0 97.79785871505737
709.0 97.879159450531
710.0 97.66122102737427
711.0 97.86161780357361
712.0 97.80914783477783
713.0 97.88371324539185
714.0 97.97201752662659
715.0 98.04142117500305
716.0 97.91151285171509
717.0 98.07482361793518
718.0 98.13481569290161
719.0 97.99564480781555
720.0 98.2696533203125
721.0 98.09306263923645
722.0 97.72601127624512
723.0 97.52429127693176
724.0 97.17090129852295
725.0 97.03586101531982
726.0 96.81562781333923
727.0 96.58305048942566
728.0 96.41991257667542
729.0 96.27344608306885
730.0 96.31428718566895
731.0 96.35892510414124
732.0 96.41625881195068
733.0 96.73187732696533
734.0 97.12885618209839
735.0 97.24274277687073
736.0 97.61879444122314
737.0 97.98552989959717
738.0 98.24190139770508
739.0 98.52020740509033
740.0 98.66416454315186
741.0 98.46697449684143
742.0 98.82420301437378
743.0 98.71480464935303
744.0 98.40067625045776
745.0 98.41986894607544
746.0 98.48352074623108
747.0 98.6463725566864
748.0 98.52483868598938
749.0 98.46631288528442
750.0 98.46689105033875
751.0 98.33371639251709
752.0 98.23113679885864
753.0 98.44735264778137
754.0 98.35112690925598
755.0 98.54087829589844
756.0 98.51588010787964
757.0 98.54881763458252
758.0 98.63144755363464
759.0 98.75134229660034
760.0 98.59709739685059
761.0 98.4959065914154
762.0 98.62574934959412
763.0 98.49061369895935
764.0 98.42050075531006
765.0 98.39574098587036
766.0 98.4354317188263
767.0 98.18992614746094
768.0 98.26521277427673
769.0 98.21387529373169
770.0 97.91091084480286
771.0 97.9764997959137
772.0 97.92457222938538
773.0 97.82117009162903
774.0 97.70030379295349
775.0 97.78470993041992
776.0 97.6824939250946
777.0 97.77593612670898
778.0 97.79181480407715
779.0 97.91904091835022
780.0 97.89350628852844
781.0 98.24891686439514
782.0 98.22099804878235
783.0 98.3472466468811
784.0 98.37715029716492
785.0 98.41662049293518
786.0 98.54631423950195
787.0 98.30793738365173
788.0 98.41005802154541
789.0 98.40636253356934
790.0 98.37454557418823
791.0 98.40242862701416
792.0 98.15330505371094
793.0 98.14321398735046
794.0 98.09904098510742
795.0 97.91110157966614
796.0 97.90657758712769
797.0 97.82977104187012
798.0 97.7160394191742
799.0 97.65826463699341
800.0 97.51701951026917
801.0 97.47018814086914
802.0 97.26738333702087
803.0 96.9286561012268
804.0 96.42746448516846
805.0 95.72803378105164
806.0 94.94580030441284
807.0 93.53101253509521
808.0 92.05926060676575
809.0 90.30120968818665
810.0 88.19202780723572
811.0 85.72466969490051
812.0 82.6534628868103
813.0 79.24880981445312
814.0 75.31467080116272
815.0 71.05839252471924
816.0 66.9119119644165
817.0 62.19123601913452
818.0 57.23886489868164
819.0 53.04943919181824
820.0 48.2867956161499
821.0 43.86707246303558
822.0 39.458850026130676
823.0 34.87454950809479
824.0 30.37211298942566
825.0 26.189693808555603
826.0 21.795015037059784
827.0 17.301784455776215
828.0 13.379968702793121
829.0 9.851429611444473
830.0 6.529458612203598
831.0 4.366033524274826
832.0 2.688862383365631
833.0 1.5628699213266373
834.0 0.9380956180393696
835.0 0.5407056305557489
836.0 0.3118823515251279
837.0 0.2067337976768613
838.0 0.056176434736698866
839.0 0.042298255721107125
840.0 0.06476986454799771
841.0 0.00193250562006142
842.0 0.008751048153499141
843.0 1.5838071956361666e-10
844.0 1.5838071956361666e-10
845.0 1.5838071956361666e-10
846.0 1.5838071956361666e-10
847.0 1.5838071956361666e-10
848.0 1.5838071956361666e-10
849.0 1.5838071956361666e-10
850.0 1.5838071956361666e-10
851.0 1.5838071956361666e-10
852.0 0.0006449683041864773
853.0 0.000951470519794384
854.0 0.0012579731446749065
855.0 0.0009278258403355721
856.0 0.0005976787178951781
857.0 0.0008420538506470621
858.0 0.0010864287105505355
859.0 0.0006037145794834942
860.0 0.0001210003460982989
861.0 0.00018075816115015186
862.0 0.00024051589662121842
863.0 0.00011010039315806353
864.0 1.5838071956361666e-10
865.0 1.4346703380851977e-05
866.0 4.9008389169102884e-05
867.0 2.289696112711681e-05
868.0 1.5838071956361666e-10
869.0 1.5838071956361666e-10
870.0 1.5838071956361666e-10
871.0 0.0001047006207954837
872.0 0.0003126654746665736
873.0 0.00021835419374838239
874.0 0.00012404287872413988
875.0 0.00018141074633604148
876.0 0.0002387786480539944
877.0 1.5838071956361666e-10
878.0 1.5838071956361666e-10
879.0 1.919236041203476e-05
880.0 0.0004474730303627439
881.0 0.00018669933297132957
882.0 1.5838071956361666e-10
883.0 9.777338618732756e-05
884.0 0.00026962113679473987
885.0 0.00012102429991500685
886.0 1.5838071956361666e-10
887.0 7.763024996165768e-05
888.0 0.00018283303688804153
889.0 5.201363251217117e-05
890.0 1.5838071956361666e-10
891.0 3.3825963896561007e-05
892.0 0.00014645764849774423
893.0 0.00024164971819118364
894.0 0.0003368417765159393
895.0 1.3123242581514205e-05
