lsstCam/transmission_filter_detector/r32_s12/r_57/19700101T000000.ecsv
# %ECSV 1.0
# ---
# datatype:
# - {name: wavelength, unit: nm, datatype: float32}
# - {name: efficiency, unit: '%', datatype: float64}
# meta: !!omap
# - {MODE: DETECTOR}
# - {TYPE: transmission_filter_detector}
# - {CALIBDATE: '1970-01-01T00:00:00'}
# - {INSTRUME: LSSTCam}
# - {OBSTYPE: transmission_filter_detector}
# - {CALIBCLS: lsst.ip.isr.IntermediateFilterDetectorTransmissionCurve}
# - {SOURCE: Materion (DM-46256)}
# - {DETECTOR: 140}
# - {FILTER: r_57}
# - {CALIB_ID: 'calibDate=1970-01-01T00:00:00 filter=r_57 detector=140'}
# - {DATE: '2025-04-02T15:59:44.831908'}
# - {CALIB_CREATION_DATE: '2025-04-02'}
# - {CALIB_CREATION_TIME: '15:59:44'}
# - __serialized_columns__:
#     efficiency:
#       __class__: astropy.units.quantity.Quantity
#       unit: !astropy.units.Unit {unit: '%'}
#       value: !astropy.table.SerializedColumn {name: efficiency}
#     wavelength:
#       __class__: astropy.units.quantity.Quantity
#       unit: !astropy.units.Unit {unit: nm}
#       value: !astropy.table.SerializedColumn {name: wavelength}
# schema: astropy-2.0
wavelength efficiency
[from data line 602]
902.0 1.5750015224316738e-10
903.0 2.299799461980001e-05
904.0 4.578685661726922e-05
905.0 6.857570724605466e-05
906.0 9.297028213950398e-05
907.0 0.00011736489113900461
908.0 0.00018071424392474
909.0 0.00024406358534179162
910.0 0.00012666312159126392
911.0 9.262640787710552e-06
912.0 0.00010992495163009153
913.0 0.00021058724541944684
914.0 0.0001666031607783225
915.0 0.00012261906476851436
916.0 9.549455626256531e-05
917.0 6.837001365056494e-05
918.0 0.0001237172227774863
919.0 0.0001790644205357239
920.0 0.00015792869589859038
921.0 0.00013679297126145684
922.0 0.00015110554159036838
923.0 0.00016541812328796368
924.0 0.00018053195844913716
925.0 0.0001956457708729431
926.0 0.0001769201730894565
927.0 0.0001581945866746537
928.0 0.000128458498238615
929.0 9.872239843389252e-05
930.0 0.00012042650041621528
931.0 0.00014213054555511917
932.0 0.00010115504665009212
933.0 6.017953637638129e-05
934.0 1.5750015224316738e-10
935.0 1.5750015224316738e-10
936.0 1.5750015224316738e-10
937.0 1.5750015224316738e-10
938.0 1.5750015224316738e-10
939.0 1.5750015224316738e-10
940.0 3.351861153078062e-05
941.0 9.480980338594236e-05
942.0 0.0002507874796719989
943.0 0.00040676513890502974
944.0 0.00037235777199384756
945.0 0.0003379504050826654
946.0 0.0004942425221088342
947.0 0.0006505347300844733
948.0 0.000465478524347418
949.0 0.0002804224095598329
950.0 0.00035383347949391464
951.0 0.0004272445494279964
952.0 0.000592732430959586
953.0 0.0007582204034406459
954.0 0.0008677634468767792
955.0 0.0009773068086360581
956.0 0.0011276576515228953
957.0 0.0012780083125107922
958.0 0.0015225640709104482
959.0 0.0017671198293101043
960.0 0.0019449269530014135
961.0 0.002122733712894842
962.0 0.002187308928114362
963.0 0.0022518837795360014
964.0 0.0023311247787205502
965.0 0.0024103659598040394
966.0 0.0024284910978167318
967.0 0.0024466164177283645
968.0 0.0024495706384186633
969.0 0.0024525246772100218
970.0 0.0024904602469177917
971.0 0.002528395634726621
972.0 0.00262426783592673
973.0 0.0027201402190257795
974.0 0.002875216887332499
975.0 0.003030293737538159
976.0 0.0030348170184879564
977.0 0.003039340481336694
978.0 0.0030470047931885347
979.0 0.003054668923141435
980.0 0.0030660838092444465
981.0 0.003077498695347458
982.0 0.003075355925830081
983.0 0.003073213156312704
984.0 0.0029341541448957287
985.0 0.0027950951334787533
986.0 0.0026732432161225006
987.0 0.002551391298766248
988.0 0.0025353361706947908
989.0 0.0025192815883201547
990.0 0.002532332291593775
991.0 0.002545383176766336
992.0 0.0025210811145370826
993.0 0.0024967790523078293
994.0 0.002538776425353717
995.0 0.0025807741621974856
996.0 0.002593299541331362
997.0 0.002605824738566298
998.0 0.0027731013688025996
999.0 0.0029403781809378415
1000.0 0.0030395314752240665
1001.0 0.0031386851333081722
1002.0 0.003348344034748152
1003.0 0.0035580029361881316
1004.0 0.003658508649095893
1005.0 0.0037590143620036542
1006.0 0.003908468715962954
1007.0 0.004057923433720134
1008.0 0.0041023726225830615
1009.0 0.004146821811445989
1010.0 0.004089609501534142
1011.0 0.004032397555420175
1012.0 0.003992469282820821
1013.0 0.003952540646423586
1014.0 0.0038176836824277416
1015.0 0.0036828267184318975
1016.0 0.003333111453684978
1017.0 0.002983395643241238
1018.0 0.0027541631425265223
1019.0 0.0025249304599128664
1020.0 0.0022919683033251204
1021.0 0.0020590061467373744
1022.0 0.001793197043298278
1023.0 0.0015273879398591816
1024.0 0.001397471351083368
1025.0 0.0012675548532570247
1026.0 0.0011248503142269328
1027.0 0.0009821461389947217
1028.0 0.0009517677426629234
1029.0 0.0009213895282300655
1030.0 0.0009427119039173704
1031.0 0.0009640342796046752
1032.0 0.000905230626813136
1033.0 0.0008464268830721267
1034.0 0.0007585632374684792
1035.0 0.0006706994554406265
1036.0 0.0006020466571499128
1037.0 0.0005333938588591991
1038.0 0.0007122770966816461
1039.0 0.000891160289029358
1040.0 0.0007537269993918017
1041.0 0.000616293527855305
1042.0 0.0006661554380116286
1043.0 0.0007160173936426872
1044.0 0.0008033042831812054
1045.0 0.0008905912181944586
1046.0 0.0008033416634134483
1047.0 0.0007160922905313782
1048.0 0.0006238190053409198
1049.0 0.0005315458565746667
1050.0 0.0008036383405851666
1051.0 0.0010757306881714612
1052.0 0.0010251786989101674
1053.0 0.0009746262549015228
1054.0 0.0009799062354431953
1055.0 0.000985186306934338
1056.0 0.0008994080417323858
1057.0 0.0008136296855809633
1058.0 0.0009567564120516181
1059.0 0.0010998830475728028
1060.0 0.001065297874447424
1061.0 0.0010307124284736346
1062.0 0.0011473058293631766
1063.0 0.0012638991393032484
1064.0 0.0014670085874968208
1065.0 0.0016701180356903933
1066.0 0.0019858251107507385
1067.0 0.0023015321858110838
1068.0 0.0022618056391365826
1069.0 0.002222078910563141
1070.0 0.0021645435481332242
1071.0 0.0021070081857033074
1072.0 0.002092621616611723
1073.0 0.0020782350475201383
1074.0 0.0020877978386124596
1075.0 0.0020973604478058405
1076.0 0.0022550135327037424
1077.0 0.0024126662538037635
1078.0 0.0028677341106231324
1079.0 0.003322801785543561
1080.0 0.0036629237001761794
1081.0 0.004003045614808798
1082.0 0.00395254282921087
1083.0 0.003902040407410823
1084.0 0.0038774145650677383
1085.0 0.003852788358926773
1086.0 0.004073257150594145
1087.0 0.004293725578463636
1088.0 0.003906209167325869
1089.0 0.0035186931199859828
1090.0 0.002830652374541387
1091.0 0.0021426118109957315
1092.0 0.0029075094062136486
1093.0 0.0036724068195326254
1094.0 0.0034354063245700672
1095.0 0.003198405829607509
1096.0 0.003253175600548275
1097.0 0.0033079457352869213
1098.0 0.0030933872039895505
1099.0 0.00287882885459112
1100.0 0.00244516231759917
1101.0 0.0020114955987082794
