lsstCam/transmission_filter_detector/r32_s12/r_57/19700101T000000.ecsv
# %ECSV 1.0
# ---
# datatype:
# - {name: wavelength, unit: nm, datatype: float32}
# - {name: efficiency, unit: '%', datatype: float64}
# meta: !!omap
# - {MODE: DETECTOR}
# - {TYPE: transmission_filter_detector}
# - {CALIBDATE: '1970-01-01T00:00:00'}
# - {INSTRUME: LSSTCam}
# - {OBSTYPE: transmission_filter_detector}
# - {CALIBCLS: lsst.ip.isr.IntermediateFilterDetectorTransmissionCurve}
# - {SOURCE: Materion (DM-46256)}
# - {DETECTOR: 140}
# - {FILTER: r_57}
# - {CALIB_ID: 'calibDate=1970-01-01T00:00:00 filter=r_57 detector=140'}
# - {DATE: '2025-04-02T15:59:44.831908'}
# - {CALIB_CREATION_DATE: '2025-04-02'}
# - {CALIB_CREATION_TIME: '15:59:44'}
# - __serialized_columns__:
#     efficiency:
#       __class__: astropy.units.quantity.Quantity
#       unit: !astropy.units.Unit {unit: '%'}
#       value: !astropy.table.SerializedColumn {name: efficiency}
#     wavelength:
#       __class__: astropy.units.quantity.Quantity
#       unit: !astropy.units.Unit {unit: nm}
#       value: !astropy.table.SerializedColumn {name: wavelength}
# schema: astropy-2.0
wavelength efficiency
300.0 0.0019810911908280104
301.0 0.005230327224126086
302.0 0.008479564712615684
303.0 0.010235560330329463
304.0 0.011991556675639004
305.0 0.010844154166989028
306.0 0.009696752385934815
307.0 0.008181234443327412
308.0 0.006665716500720009
309.0 0.005870658787898719
310.0 0.005075601802673191
311.0 0.004840080873691477
312.0 0.004604561399901286
313.0 0.004165052814641967
314.0 0.0037255435017868876
315.0 0.0036277509934734553
316.0 0.003529957393766381
317.0 0.0032973741326713935
318.0 0.003064789780182764
319.0 0.002824199509632308
320.0 0.0025836083295871504
321.0 0.0026220161089440808
322.0 0.002660423888301011
323.0 0.0024951816158136353
324.0 0.0023299398890230805
325.0 0.002244124152639415
326.0 0.0021583084162557498
327.0 0.002086969470838085
328.0 0.0020156303435214795
329.0 0.0021840962290298194
330.0 0.0023525621145381592
331.0 0.0022366357370628975
332.0 0.002120709359587636
333.0 0.0019143117242492735
334.0 0.0017079139070119709
335.0 0.0015118854207685217
336.0 0.0013158567526261322
337.0 0.001208186131407274
338.0 0.0011005154192389455
339.0 0.0010182986443396658
340.0 0.0009360816875414457
341.0 0.0008744173101149499
342.0 0.0008127530236379243
343.0 0.0007774366167723201
344.0 0.0007421203918056563
345.0 0.0007220930456242058
346.0 0.0007020658358669607
347.0 0.0006998694516369142
348.0 0.0006976729764573975
349.0 0.0006916488473507343
350.0 0.002375158146605827
351.0 0.0047479574277531356
352.0 0.0071207563451025635
353.0 0.006258830399019644
354.0 0.005396905908128247
355.0 0.004368260124465451
356.0 0.003339613977004774
357.0 0.0038677269913023338
358.0 0.004395841824589297
359.0 0.003987257878179662
360.0 0.0035786742955679074
361.0 0.0027752765163313597
362.0 0.001971878737094812
363.0 0.002265924194944091
364.0 0.00255996965279337
365.0 0.002258814492961392
366.0 0.0019576595150283538
367.0 0.0023527340090367943
368.0 0.002747808684944175
369.0 0.00325088512909133
370.0 0.003753961209440604
371.0 0.0036582918255589902
372.0 0.0035626224416773766
373.0 0.0034169974242104217
374.0 0.003271372042945586
375.0 0.0023009893993730657
376.0 0.001330606664851075
377.0 0.0021447422113851644
378.0 0.002958877848868724
379.0 0.002477825364621822
380.0 0.00199677306227386
381.0 0.0021729434592998587
382.0 0.002349113674426917
383.0 0.003095339343417436
384.0 0.0038415644667111337
385.0 0.004551959864329547
386.0 0.00526235562574584
387.0 0.0047353496483992785
388.0 0.004208344034850597
389.0 0.0031485731597058475
390.0 0.002088801556965336
391.0 0.0016960380889941007
392.0 0.0013032748029218055
393.0 0.0014360248314915225
394.0 0.0015687750419601798
395.0 0.0011783028639911208
396.0 0.0007878306860220619
397.0 0.0007739596185274422
398.0 0.0007600886419822928
399.0 0.0009460409273742698
400.0 0.0011319936675135978
401.0 0.0011126982826681342
402.0 0.0010934028978226706
403.0 0.0009773943020263687
404.0 0.0008613858881290071
405.0 0.001028212864184752
406.0 0.0011950400221394375
407.0 0.0011348171938152518
408.0 0.0010745941835921258
409.0 0.0010982428648276255
410.0 0.001121891455113655
411.0 0.0012276214874873403
412.0 0.0013333515198610257
413.0 0.0016510542991454713
414.0 0.001968757169379387
415.0 0.0019659488316392526
416.0 0.001963140857696999
417.0 0.001481346771470271
418.0 0.000999552594294073
419.0 0.001627885467314627
420.0 0.0022562180674867705
421.0 0.003779333201237023
422.0 0.005302447971189395
423.0 0.008289428660646081
424.0 0.011276407894911245
425.0 0.014884844131302088
426.0 0.018493281095288694
427.0 0.018838683899957687
428.0 0.019184088159818202
429.0 0.015369139146059752
430.0 0.0115541901323013
431.0 0.007877343887230381
432.0 0.0042004969145637006
433.0 0.003398170883883722
434.0 0.0025958448532037437
435.0 0.0021110296074766666
436.0 0.0016262143617495894
437.0 0.001090290788852144
438.0 0.000554367397853639
439.0 0.0007192522389232181
440.0 0.000884136989043327
441.0 0.001041253017319832
442.0 0.0011983692274952773
443.0 0.0014966199159971438
444.0 0.0017948705135495402
445.0 0.001598241760802921
446.0 0.0014016134628036525
447.0 0.00139450212373049
448.0 0.001387390602758387
449.0 0.0013064310223853681
450.0 0.0012254712601134088
451.0 0.0012571691513585392
452.0 0.0012888668607047293
453.0 0.0014056526197236963
454.0 0.0015224381968437228
455.0 0.0012692988093476743
456.0 0.0010161595128010958
457.0 0.0009153843166131992
458.0 0.0008146089385263622
459.0 0.000893791457201587
460.0 0.0009729739758768119
461.0 0.0015368113963631913
462.0 0.0021006488168495707
463.0 0.002879509520425927
464.0 0.0036583704059012234
465.0 0.004539734800346196
466.0 0.005421098830993287
467.0 0.005955809319857508
468.0 0.006490520172519609
469.0 0.005671877806889825
470.0 0.004853235077462159
471.0 0.0036048128094989806
472.0 0.002356389995838981
473.0 0.0016999596482492052
474.0 0.0010435293916088995
475.0 0.0008247831829066854
476.0 0.0006060368832550012
477.0 0.0006539314654219197
478.0 0.0007018260930635734
479.0 0.0006354903689498315
480.0 0.0005691546903108247
481.0 0.00047673956942162476
482.0 0.00038432449400715996
483.0 0.00046704799387953244
484.0 0.0005497716301761102
485.0 0.0006506039881060133
486.0 0.0007514363460359164
487.0 0.0005528230303752935
488.0 0.000354209691977303
489.0 0.0006421425041480688
490.0 0.0009300752935814671
491.0 0.0008302146852656733
492.0 0.0007303542133740848
493.0 0.0008273893399746157
494.0 0.0009244243301509414
495.0 0.0009688554200693034
496.0 0.0010132864190381952
497.0 0.0010171897883992642
498.0 0.0010210932487098034
499.0 0.0010829034181369934
500.0 0.0011447137694631238
501.0 0.0012986140973225702
502.0 0.0014525140613841359
503.0 0.0017683605619822629
504.0 0.0020842067897319794
505.0 0.002426224273222033
506.0 0.002768241574813146
507.0 0.003559982724254951
508.0 0.004351723691797815
509.0 0.004745873957290314
510.0 0.005140024950378574
511.0 0.004715293107437901
512.0 0.004290561628295109
513.0 0.0036289970012148842
514.0 0.0029674321922357194
515.0 0.0027864320145454258
516.0 0.002605431836855132
517.0 0.002554733873694204
518.0 0.002504035728634335
519.0 1.5750015224316738e-10
520.0 0.06153110880404711
521.0 0.15497334534302354
522.0 0.10379309533163905
523.0 0.10124882683157921
524.0 0.09696365450508893
525.0 0.08853867766447365
526.0 0.08289365214295685
527.0 0.049636943731456995
528.0 0.17699921736493707
529.0 0.11665880447253585
530.0 0.2085861749947071
531.0 0.16150239389389753
532.0 0.23204651661217213
533.0 0.2715225098654628
534.0 0.3721918910741806
535.0 0.38160488475114107
536.0 0.43761860579252243
537.0 0.7053366396576166
538.0 1.0572544299066067
539.0 1.5920625999569893
540.0 2.6816077530384064
541.0 4.0314361453056335
542.0 5.953663215041161
543.0 8.664131909608841
544.0 11.903052777051926
545.0 15.548951923847198
546.0 19.94536817073822
547.0 25.52120089530945
548.0 32.531386613845825
549.0 40.42373299598694
550.0 47.31372892856598
551.0 55.4764986038208
552.0 61.57100796699524
553.0 67.23323464393616
554.0 72.0233142375946
555.0 76.10397934913635
556.0 79.97666001319885
557.0 83.24722051620483
558.0 86.6567075252533
559.0 90.29704332351685
560.0 91.34442210197449
561.0 93.50453615188599
562.0 94.40801739692688
563.0 94.44342851638794
564.0 95.23301124572754
565.0 94.88584995269775
566.0 95.46171426773071
567.0 94.69757676124573
568.0 95.3279435634613
569.0 95.74680924415588
570.0 95.30706405639648
571.0 96.03468179702759
572.0 96.26197814941406
573.0 96.22941017150879
574.0 96.33691906929016
575.0 96.42384648323059
576.0 97.01110124588013
577.0 96.60712480545044
578.0 96.79338932037354
579.0 96.4642584323883
580.0 96.01868987083435
581.0 95.85709571838379
582.0 96.3158667087555
583.0 96.27981185913086
584.0 95.663982629776
585.0 95.90350389480591
586.0 95.80622911453247
587.0 95.64272165298462
588.0 95.93223929405212
589.0 96.65637016296387
590.0 96.13062143325806
591.0 95.2958345413208
592.0 95.53201794624329
593.0 95.24325728416443
594.0 95.41612267494202
595.0 95.94997763633728
596.0 96.36778831481934
597.0 96.81475162506104
598.0 96.07231616973877
599.0 96.153724193573
600.0 96.02449536323547
601.0 95.65781950950623
602.0 96.00474834442139
603.0 95.4527497291565
604.0 95.96115350723267
605.0 96.36629223823547
606.0 95.89253067970276
607.0 95.76645493507385
608.0 95.91867327690125
609.0 95.3118622303009
610.0 95.3393280506134
611.0 95.3870415687561
612.0 95.44223546981812
613.0 96.24794721603394
614.0 96.2532639503479
615.0 95.79041004180908
616.0 96.05603218078613
617.0 95.82318067550659
618.0 95.96843719482422
619.0 96.48174047470093
620.0 95.65502405166626
621.0 95.30683159828186
622.0 96.07800245285034
623.0 96.18175029754639
624.0 95.98019123077393
625.0 96.42002582550049
626.0 95.6413984298706
627.0 94.8456346988678
628.0 96.69886231422424
629.0 94.88669037818909
630.0 95.97727656364441
631.0 95.6099271774292
632.0 96.2506353855133
633.0 95.86572647094727
634.0 95.47069668769836
635.0 95.67287564277649
636.0 95.72381973266602
637.0 95.36997079849243
638.0 94.98401284217834
639.0 95.13624310493469
640.0 95.1922059059143
641.0 95.24533748626709
642.0 95.48957347869873
643.0 95.42825818061829
644.0 95.76122164726257
645.0 95.52763104438782
646.0 95.58421969413757
647.0 96.66607975959778
648.0 95.82276344299316
649.0 95.72616815567017
650.0 95.93881964683533
651.0 96.30932807922363
652.0 96.14226818084717
653.0 95.51025629043579
654.0 95.98745703697205
655.0 96.04831337928772
656.0 95.4163670539856
657.0 95.45015692710876
658.0 95.84206342697144
659.0 95.94300389289856
660.0 95.09662389755249
661.0 95.06153464317322
662.0 95.26918530464172
663.0 95.27052640914917
664.0 95.27942538261414
665.0 94.92577314376831
666.0 94.78439092636108
667.0 95.27142643928528
668.0 94.76324319839478
669.0 95.24617791175842
670.0 95.21841406822205
671.0 95.34828662872314
672.0 95.162433385849
673.0 95.25909423828125
674.0 94.75670456886292
675.0 95.26358842849731
676.0 94.50703859329224
677.0 93.63811016082764
678.0 93.15651059150696
679.0 92.19655990600586
680.0 91.35807752609253
681.0 90.17956256866455
682.0 87.6883327960968
683.0 85.22900342941284
684.0 81.52800798416138
685.0 78.0195951461792
686.0 74.3074119091034
687.0 69.54585313796997
688.0 64.93644714355469
689.0 60.35499572753906
690.0 55.027079582214355
691.0 50.88919997215271
692.0 46.20392024517059
693.0 41.8274462223053
694.0 36.734965443611145
695.0 31.925848126411438
696.0 26.77255868911743
697.0 22.020119428634644
698.0 16.351312398910522
699.0 11.975804716348648
700.0 8.447621762752533
701.0 5.373726785182953
702.0 3.376130759716034
703.0 2.022506296634674
704.0 1.168927364051342
705.0 0.7160549983382225
706.0 0.4368498455733061
707.0 0.2771335421130061
708.0 0.20039628725498915
709.0 0.14431888703256845
710.0 0.08324153022840619
711.0 0.09595613228157163
712.0 0.07919733761809766
713.0 0.07490080315619707
714.0 0.10415484430268407
715.0 0.07669857586733997
716.0 0.07957800407893956
717.0 0.0600140483584255
718.0 0.06563547067344189
719.0 0.03611321153584868
720.0 1.5750015224316738e-10
721.0 0.004597587758325972
722.0 0.00437681628682185
723.0 0.004156044815317728
724.0 0.003854048190987669
725.0 0.0035520515666576102
726.0 0.0033364787668688223
727.0 0.0031209059670800343
728.0 0.002993017915287055
729.0 0.0028651296815951355
730.0 0.0027026973839383572
731.0 0.002540265086281579
732.0 0.0024327491701114923
733.0 0.0023252336177392863
734.0 0.0022082504074205644
735.0 0.0020912670152029023
736.0 0.0020029850929859094
737.0 0.0019147031707689166
738.0 0.0018453447410138324
739.0 0.0017759863112587482
740.0 0.0016979851352516562
741.0 0.0016199837773456238
742.0 0.0015345065548899584
743.0 0.0014490289686364122
744.0 0.0015261017324519344
745.0 0.0016031743143685162
746.0 0.0014219170225260314
747.0 0.0012406595487846062
748.0 0.0012930925549881067
749.0 0.0013455255611916073
750.0 0.0013395023415796459
751.0 0.0013334791219676845
752.0 0.0013017142919125035
753.0 0.0012699495528067928
754.0 0.0012394594705256168
755.0 0.0012089695701433811
756.0 0.0011459341294539627
757.0 0.0010828987797140144
758.0 0.0010898296750383452
759.0 0.0010967606613121461
760.0 0.0010601588655845262
761.0 0.0010235571608063765
762.0 0.0009809195944399107
763.0 0.0009382821190229151
764.0 0.0010134190233657137
765.0 0.0010885556548601016
766.0 0.0009081838470592629
767.0 0.0007278119937836891
768.0 0.0007086062851158204
769.0 0.0006894003945490113
770.0 0.00069594548222085
771.0 0.0007024904334684834
772.0 0.0008000944035302382
773.0 0.0008976981007435825
774.0 0.0009057867828232702
775.0 0.0009138752830040175
776.0 0.0009614100235921796
777.0 0.0010089451279782224
778.0 0.0008525006705895066
779.0 0.0006960564860492013
780.0 0.000703961995895952
781.0 0.0007118676421669079
782.0 0.0007890471351856831
783.0 0.0008662267646286637
784.0 0.0007957853995321784
785.0 0.0007253440799104283
786.0 0.0007584043487440795
787.0 0.0007914646630524658
788.0 0.0006860665507701924
789.0 0.0005806685294373892
790.0 0.0006232708983588964
791.0 0.0006658733582298737
792.0 0.0006481311174866278
793.0 0.0006303888312686468
794.0 0.0006836392913101008
795.0 0.00073688979682629
796.0 0.0006237831257749349
797.0 0.0005106765001983149
798.0 0.0006199603376444429
799.0 0.0007292442660400411
800.0 0.0007680677299504168
801.0 0.0008068909664871171
802.0 0.0008141883881762624
803.0 0.000821485991764348
804.0 0.0007175107384682633
805.0 0.0006135356215963839
806.0 0.0006359471171890618
807.0 0.0006583585673070047
808.0 0.0006266543550736969
809.0 0.0005949500064161839
810.0 0.000664306344333454
811.0 0.0007336623639275786
812.0 0.0005884479833184741
813.0 0.0004432333753356943
814.0 0.0005494363904290367
815.0 0.0006556394055223791
816.0 0.0007540053957200143
817.0 0.0008523715223418549
818.0 0.0006609796855627792
819.0 0.0004695878487837035
820.0 0.0005776975740445778
821.0 0.0006858072538307169
822.0 0.0006993937859078869
823.0 0.0007129803179850569
824.0 0.0006191113243403379
825.0 0.0005252423306956189
826.0 0.0005188483555684797
827.0 0.0005124543349666055
828.0 0.0004929449005430797
829.0 0.000473435511594289
830.0 0.00017433641232855734
831.0 1.5750015224316738e-10
832.0 1.5750015224316738e-10
833.0 1.5750015224316738e-10
834.0 1.5750015224316738e-10
835.0 3.66795916306728e-05
836.0 7.83137920734589e-05
837.0 0.000119947992516245
838.0 0.000652417247692938
839.0 0.0011848865142383147
840.0 0.0015280194929800928
841.0 0.001871152562671341
842.0 0.0021933541574981064
843.0 0.002515555934223812
844.0 0.002402734389761463
845.0 0.002289913027198054
846.0 0.0019305767636978999
847.0 0.0015712405001977459
848.0 0.0014618466593674384
849.0 0.0013524526366381906
850.0 0.001339740902039921
851.0 0.0013270291674416512
852.0 0.0012923689610033762
853.0 0.0012577088455145713
854.0 0.0010515741450944915
855.0 0.0008454394446744118
856.0 0.0006961488452361664
857.0 0.0005468581093737157
858.0 0.00046629811549792066
859.0 0.0003857382125715958
860.0 0.00029619488941534655
861.0 0.00020665154352172976
862.0 0.0002767008254522807
863.0 0.00034675006190809654
864.0 0.00024111693619488506
865.0 0.00013548383321904112
866.0 0.00014464607147601782
867.0 0.00015380829836431076
868.0 9.869670520856744e-05
869.0 4.358508931545657e-05
870.0 9.433469472241995e-05
871.0 0.0001450843114980671
872.0 0.00010939498906736844
873.0 7.370567800535355e-05
874.0 0.00012464093970265822
875.0 0.00017557616729391157
876.0 0.0001259482587556704
877.0 7.632037295479677e-05
878.0 9.457347687202855e-05
879.0 0.00011282660352662788
880.0 0.00014020968137629097
881.0 0.0001675927819633216
882.0 0.00015828094319658703
883.0 0.00014896911579853622
884.0 0.0001059169449035835
885.0 6.286474558692134e-05
886.0 0.00013321637197805103
887.0 0.00020356799268483883
888.0 0.00018384491795586655
889.0 0.00016412186596426181
890.0 0.00010748318572950666
891.0 5.0844516863435274e-05
892.0 6.523482625198085e-05
893.0 7.962512427184265e-05
894.0 5.316642273101024e-05
895.0 2.670769845281029e-05
896.0 3.1582199966351254e-06
897.0 1.5750015224316738e-10
898.0 2.0564394276334497e-05
899.0 6.152004061732441e-05
900.0 1.5750015224316738e-10
