lsstCam/transmission_filter_detector/r23_s12/r_57/19700101T000000.ecsv
# %ECSV 1.0
# ---
# datatype:
# - {name: wavelength, unit: nm, datatype: float32}
# - {name: efficiency, unit: '%', datatype: float64}
# meta: !!omap
# - {MODE: DETECTOR}
# - {TYPE: transmission_filter_detector}
# - {CALIBDATE: '1970-01-01T00:00:00'}
# - {INSTRUME: LSSTCam}
# - {OBSTYPE: transmission_filter_detector}
# - {CALIBCLS: lsst.ip.isr.IntermediateFilterDetectorTransmissionCurve}
# - {SOURCE: Materion (DM-46256)}
# - {DETECTOR: 104}
# - {FILTER: r_57}
# - {CALIB_ID: 'calibDate=1970-01-01T00:00:00 filter=r_57 detector=104'}
# - {DATE: '2025-04-02T15:59:44.664275'}
# - {CALIB_CREATION_DATE: '2025-04-02'}
# - {CALIB_CREATION_TIME: '15:59:44'}
# - __serialized_columns__:
#     efficiency:
#       __class__: astropy.units.quantity.Quantity
#       unit: !astropy.units.Unit {unit: '%'}
#       value: !astropy.table.SerializedColumn {name: efficiency}
#     wavelength:
#       __class__: astropy.units.quantity.Quantity
#       unit: !astropy.units.Unit {unit: nm}
#       value: !astropy.table.SerializedColumn {name: wavelength}
# schema: astropy-2.0
wavelength efficiency
300.0 0.0021518790163099766
301.0 0.004928713678964414
302.0 0.007705547614023089
303.0 0.00947794978856109
304.0 0.011250352690694854
305.0 0.010159449448110536
306.0 0.00906854766071774
307.0 0.007620857650181279
308.0 0.006173166912049055
309.0 0.005463501292979345
310.0 0.0047538342187181115
311.0 0.004694159724749625
312.0 0.004634483775589615
313.0 0.004225835800752975
314.0 0.0038171870983205736
315.0 0.0036445177101995796
316.0 0.0034718483220785856
317.0 0.003506545181153342
318.0 0.0035412420402280986
319.0 0.0032965974241960794
320.0 0.0030519520805682987
321.0 0.00284926518361317
322.0 0.002646578650455922
323.0 0.002388691973465029
324.0 0.0021308049326762557
325.0 0.0022542919396073557
326.0 0.002377778946538456
327.0 0.002357668381591793
328.0 0.002337557998544071
329.0 0.0022498903490486555
330.0 0.0021622228814521804
331.0 0.0020546303858282045
332.0 0.0019470380721031688
333.0 0.0017462252799305134
334.0 0.0015454124877578579
335.0 0.001463021726522129
336.0 0.00138063087433693
337.0 0.0012703293577942532
338.0 0.0011600278412515763
339.0 0.0010240041774522979
340.0 0.0008879803317540791
341.0 0.000840463053464191
342.0 0.000792945775174303
343.0 0.0007898153853602707
344.0 0.0007866849955462385
345.0 0.000769866892369464
346.0 0.0007530489710916299
347.0 0.0007585912953800289
348.0 0.000764133710617898
349.0 0.0007305619874387048
350.0 0.005060123658040538
351.0 0.005418048749561422
352.0 0.005775973477284424
353.0 0.005596649134531617
354.0 0.005417325519374572
355.0 0.00485426644445397
356.0 0.00429120846092701
357.0 0.005472735210787505
358.0 0.006654262688243762
359.0 0.005286545274429955
360.0 0.003918827133020386
361.0 0.002800662514346186
362.0 0.0016824977137730457
363.0 0.002659752863110043
364.0 0.0036370078305481
365.0 0.0033435568184359
366.0 0.00305010598822264
367.0 0.00268021449301159
368.0 0.0023103228159016
369.0 0.002244789538963232
370.0 0.0021792562620248646
371.0 0.002199421214754693
372.0 0.0022195863493834622
373.0 0.0026708017685450613
374.0 0.0031220166420098394
375.0 0.002614144432300236
376.0 0.002106272404489573
377.0 0.0012171592970844358
378.0 0.0003280463715782389
379.0 0.0009863730156212114
380.0 0.0016446998415631242
381.0 0.0023684793632128276
382.0 0.0030922590667614713
383.0 0.003037017449969426
384.0 0.0029817760150763206
385.0 0.004186716978438199
386.0 0.005391657759901136
387.0 0.00484666416014079
388.0 0.004301670560380444
389.0 0.0035928096622228622
390.0 0.0028839482183684595
391.0 0.0021180881958571263
392.0 0.0013522282642952632
393.0 0.0014217331226973329
394.0 0.0014912377992004622
395.0 0.0009886119187285658
396.0 0.00048598622015560977
397.0 0.0006542984465340851
398.0 0.0008226110367104411
399.0 0.0006250127626117319
400.0 0.00042741421566461213
401.0 0.00010204757927567698
402.0 1.5772373641517734e-10
403.0 1.5772373641517734e-10
404.0 0.00022175925096235005
405.0 0.0006687793757009786
406.0 0.001115799204853829
407.0 0.0015647801774321124
408.0 0.002013760786212515
409.0 0.0016253579815384
410.0 0.001236955176864285
411.0 0.0009976476576412097
412.0 0.0007583402293676045
413.0 0.0007745353286736645
414.0 0.0007907306098786648
415.0 0.0008460540811938699
416.0 0.0009013780072564259
417.0 0.0013153411600796971
418.0 0.0017293048585997894
419.0 0.0022220086975721642
420.0 0.002714712536544539
421.0 0.004060524588567205
422.0 0.00540633627679199
423.0 0.008320430060848594
424.0 0.011234522389713675
425.0 0.01521631347713992
426.0 0.01919810165418312
427.0 0.019794983381871134
428.0 0.020391869475133717
429.0 0.01567194703966379
430.0 0.010952026059385389
431.0 0.007689712219871581
432.0 0.004427398380357772
433.0 0.0035228968044975773
434.0 0.0026183948648395017
435.0 0.002146467159036547
436.0 0.0016745394532335922
437.0 0.0013982513337396085
438.0 0.0011219635780435055
439.0 0.0009656027941673528
440.0 0.00080924191934173
441.0 0.001080527545127552
442.0 0.0013518132618628442
443.0 0.0017009491784847341
444.0 0.0020500854589045048
445.0 0.001977317879209295
446.0 0.001904550299514085
447.0 0.0016425796275143512
448.0 0.0013806094102619682
449.0 0.0013391172615229152
450.0 0.0012976247489859816
451.0 0.0013721014511247631
452.0 0.0014465781532635447
453.0 0.0014655024642706849
454.0 0.001484426775277825
455.0 0.0013599351404991467
456.0 0.0012354437785688788
457.0 0.0008553378393116873
458.0 0.00047523203647870105
459.0 0.0007479591658920981
460.0 0.0010206863407802302
461.0 0.0016254070942522958
462.0 0.002230127756774891
463.0 0.0028577554985531606
464.0 0.0034853834222303703
465.0 0.004496621113503352
466.0 0.005507858804776333
467.0 0.0061387829191517085
468.0 0.006769707397324964
469.0 0.00583480104978662
470.0 0.004899896157439798
471.0 0.003752206248464063
472.0 0.002604516521387268
473.0 0.002100501660606824
474.0 0.0015964866179274395
475.0 0.0012831200365326367
476.0 0.0009697538189357147
477.0 0.0008343484296347015
478.0 0.0006989429948589532
479.0 0.0008951346899266355
480.0 0.0010913262485701125
481.0 0.0008011376849026419
482.0 0.0005109492576593766
483.0 0.0005965220680081984
484.0 0.00068209478740755
485.0 0.0006218732323759468
486.0 0.0005616515409201384
487.0 0.0005287155545374844
488.0 0.0004957795226800954
489.0 0.000537525420440943
490.0 0.0005792713182017906
491.0 0.0007219658527901629
492.0 0.0008646603419038001
493.0 0.0009251395567844156
494.0 0.0009856188626145013
495.0 0.0009038438292918727
496.0 0.0008220687050197739
497.0 0.0010352241588407196
498.0 0.001248379430762725
499.0 0.001257046915270621
500.0 0.0012657144907279871
501.0 0.0014067306437937077
502.0 0.0015477469787583686
503.0 0.001913219239213504
504.0 0.002278691499668639
505.0 0.0027278232664684765
506.0 0.003176955215167254
507.0 0.003859767093672417
508.0 0.004542578608379699
509.0 0.005009450978832319
510.0 0.005476322257891297
511.0 0.004867392635787837
512.0 0.004258462649886496
513.0 0.0036611036193789914
514.0 0.0030637445888714865
515.0 0.002864955058612395
516.0 0.0026661653464543633
517.0 0.0025092072974075563
518.0 0.0023522492483607493
519.0 0.06002364680171013
520.0 0.036402983823791146
521.0 0.1294285641051829
522.0 0.17296388978138566
523.0 0.13774133985862136
524.0 0.10598539374768734
525.0 0.10015761945396662
526.0 0.1382472226396203
527.0 0.14308315003290772
528.0 0.1446308451704681
529.0 0.1448976108804345
530.0 0.15765530988574028
531.0 0.1353197149001062
532.0 0.18473239615559578
533.0 0.26868118438869715
534.0 0.34370492212474346
535.0 0.4094902891665697
536.0 0.503116101026535
537.0 0.8090753108263016
538.0 1.1515931226313114
539.0 1.8696077167987823
540.0 2.904314361512661
541.0 4.43740114569664
542.0 6.540144234895706
543.0 9.34559777379036
544.0 12.755008041858673
545.0 16.607414186000824
546.0 21.214908361434937
547.0 27.067077159881592
548.0 34.31268334388733
549.0 42.34543740749359
550.0 49.4104266166687
551.0 57.19320774078369
552.0 63.41522932052612
553.0 68.50131750106812
554.0 73.12003374099731
555.0 77.17747688293457
556.0 81.16584420204163
557.0 84.1608464717865
558.0 87.777841091156
559.0 90.708327293396
560.0 91.64284467697144
561.0 93.99935603141785
562.0 94.98653411865234
563.0 94.89583969116211
564.0 95.28743028640747
565.0 94.83094215393066
566.0 95.5716609954834
567.0 94.93547081947327
568.0 95.62234282493591
569.0 96.05976343154907
570.0 95.55370211601257
571.0 96.63525819778442
572.0 96.4681327342987
573.0 96.47569060325623
574.0 96.57039642333984
575.0 96.66305184364319
576.0 96.91629409790039
577.0 96.82525992393494
578.0 96.82610034942627
579.0 96.38479351997375
580.0 96.20787501335144
581.0 95.91216444969177
582.0 96.72122001647949
583.0 96.25484347343445
584.0 95.9118664264679
585.0 96.15229368209839
586.0 96.07396125793457
587.0 95.76845169067383
588.0 96.2226152420044
589.0 97.19135165214539
590.0 96.2026834487915
591.0 95.74011564254761
592.0 95.74847221374512
593.0 95.27415633201599
594.0 95.32634019851685
595.0 96.33601307868958
596.0 96.96252942085266
597.0 96.77977561950684
598.0 96.50875926017761
599.0 96.41629457473755
600.0 96.30153179168701
601.0 95.65089344978333
602.0 96.46106362342834
603.0 96.08018398284912
604.0 96.2087333202362
605.0 96.56736254692078
606.0 95.76890468597412
607.0 95.98657488822937
608.0 95.94681859016418
609.0 95.29972672462463
610.0 95.68519592285156
611.0 95.49886584281921
612.0 95.24114727973938
613.0 96.77631855010986
614.0 96.39984369277954
615.0 96.16957902908325
616.0 96.00541591644287
617.0 95.94956040382385
618.0 96.10759019851685
619.0 96.67432904243469
620.0 95.94865441322327
621.0 95.39673328399658
622.0 96.24013304710388
623.0 96.38309478759766
624.0 96.04527950286865
625.0 96.44533395767212
626.0 95.63325047492981
627.0 94.68629360198975
628.0 96.69825434684753
629.0 94.96344327926636
630.0 96.200692653656
631.0 95.7775890827179
632.0 96.38919234275818
633.0 96.2637186050415
634.0 95.59253454208374
635.0 95.89586853981018
636.0 95.79736590385437
637.0 95.22039890289307
638.0 95.26147842407227
639.0 95.26413083076477
640.0 95.41012048721313
641.0 95.17911076545715
642.0 95.44948935508728
643.0 95.38155794143677
644.0 95.57938575744629
645.0 95.70314884185791
646.0 95.77797651290894
647.0 96.70597314834595
648.0 96.11740708351135
649.0 95.15642523765564
650.0 96.1902379989624
651.0 96.59164547920227
652.0 96.63872122764587
653.0 95.28714418411255
654.0 96.22548818588257
655.0 96.24577164649963
656.0 95.40930986404419
657.0 95.68514227867126
658.0 95.85742354393005
659.0 95.81472277641296
660.0 95.02857327461243
661.0 95.18300294876099
662.0 95.47351002693176
663.0 95.60571312904358
664.0 95.36494016647339
665.0 95.261549949646
666.0 94.81419920921326
667.0 95.50098180770874
668.0 94.7792649269104
669.0 95.50313353538513
670.0 95.37181854248047
671.0 95.36177515983582
672.0 95.00511884689331
673.0 95.04314661026001
674.0 94.74924802780151
675.0 95.10201811790466
676.0 94.72647309303284
677.0 93.79448294639587
678.0 93.4485137462616
679.0 92.14175939559937
680.0 91.73839688301086
681.0 90.02598524093628
682.0 87.96703815460205
683.0 85.32252311706543
684.0 81.95597529411316
685.0 78.4199059009552
686.0 74.88538026809692
687.0 70.0849711894989
688.0 65.79728126525879
689.0 60.99998354911804
690.0 55.867332220077515
691.0 51.51206851005554
692.0 46.97626531124115
693.0 42.62611269950867
694.0 37.81978189945221
695.0 32.74766504764557
696.0 27.49219238758087
697.0 22.61965572834015
698.0 16.935448348522186
699.0 12.41452842950821
700.0 8.874525129795074
701.0 5.647755041718483
702.0 3.560587763786316
703.0 2.1173344925045967
704.0 1.1691288091242313
705.0 0.7134013809263706
706.0 0.4452234134078026
707.0 0.2844766015186906
708.0 0.24027472827583551
709.0 0.16299356939271092
710.0 0.09631083812564611
711.0 0.10571145685389638
712.0 0.07743416354060173
713.0 0.022007212101016194
714.0 0.08009580196812749
715.0 0.0835477898363024
716.0 0.0739320763386786
717.0 0.03391680074855685
718.0 0.07244126754812896
719.0 0.035770697286352515
720.0 1.5772373641517734e-10
721.0 0.004562449976219796
722.0 0.004272738442523405
723.0 0.003983026908827014
724.0 0.0037282105040503666
725.0 0.003473394099273719
726.0 0.0031922561902320012
727.0 0.0029111180992913432
728.0 0.002757420952548273
729.0 0.0026037238058052026
730.0 0.002428585503366776
731.0 0.0022534473828272894
732.0 0.002236117870779708
733.0 0.0022187883587321267
734.0 0.002138793388439808
735.0 0.002058798236248549
736.0 0.0019018905732082203
737.0 0.0017449832739657722
738.0 0.0017008947907015681
739.0 0.001656806307437364
740.0 0.001626871744520031
741.0 0.0015969373635016382
742.0 0.0014836723494227044
743.0 0.0013704072443943005
744.0 0.0014310725418908987
745.0 0.0014917376574885566
746.0 0.0014260789612308145
747.0 0.0013604202649730723
748.0 0.001229283952852711
749.0 0.0010981476407323498
750.0 0.0010767506864794996
751.0 0.0010553540050750598
752.0 0.0011242940672673285
753.0 0.0011932341294595972
754.0 0.0011680608622555155
755.0 0.0011428879588493146
756.0 0.001111784058593912
757.0 0.0010806800673890393
758.0 0.0010847018529602792
759.0 0.001088723638531519
760.0 0.0010464626029715873
761.0 0.001004201749310596
762.0 0.0010194746209890582
763.0 0.001034747765515931
764.0 0.0010059676242235582
765.0 0.0009771874829311855
766.0 0.0008009439625311643
767.0 0.000624700396656408
768.0 0.0006279261469899211
769.0 0.000631151760899229
770.0 0.0006929813480383018
771.0 0.0007548111625510501
772.0 0.0007115652351785684
773.0 0.0006683191259071464
774.0 0.0008380842700717039
775.0 0.0010078493687615264
776.0 0.0009824342669162434
777.0 0.0009570192560204305
778.0 0.0008818376045383047
779.0 0.0008066561349551193
780.0 0.000734944069336052
781.0 0.0006632320491917199
782.0 0.0007475701750081498
783.0 0.0008319082553498447
784.0 0.0008273198545794003
785.0 0.0008227312719100155
786.0 0.000743219061405398
787.0 0.0006637068509007804
788.0 0.0006548792953253724
789.0 0.0006460519216489047
790.0 0.0007042338438623119
791.0 0.0007624158115504542
792.0 0.0007851996997487731
793.0 0.0008079836334218271
794.0 0.0008424248335359152
795.0 0.0008768657608015928
796.0 0.0007264842224685708
797.0 0.0005761026841355488
798.0 0.0007069414095894899
799.0 0.0008377800440939609
800.0 0.0007883068974479102
801.0 0.0007388334779534489
802.0 0.0006552108061441686
803.0 0.0005715879069612129
804.0 0.0006581891739187995
805.0 0.0007447904408763861
806.0 0.0007493202247133013
807.0 0.0007538500540249515
808.0 0.0007953635758894961
809.0 0.0008368771887035109
810.0 0.0007280064892256632
811.0 0.0006191359716467559
812.0 0.0006305677743512206
813.0 0.000641999486106215
814.0 0.0005545908152271295
815.0 0.00046718214434804395
816.0 0.0005988543762214249
817.0 0.0007305267445190111
818.0 0.0006874964583403198
819.0 0.0006444661266868934
820.0 0.000504590934724547
821.0 0.000364715720024833
822.0 0.0004291830919100903
823.0 0.0004936505774821853
824.0 0.00047200983317452483
825.0 0.00045036908886686433
826.0 0.000541056851943722
827.0 0.0006317445695458446
828.0 0.0005030076863477007
829.0 0.000374270689462719
830.0 0.00018853151004805113
831.0 2.7923423573383843e-06
832.0 1.5772373641517734e-10
833.0 1.5772373641517734e-10
834.0 1.1628499052562802e-06
835.0 3.794960150571569e-05
836.0 0.00024836526790750213
837.0 0.00045878105083829723
838.0 0.0007155479579523671
839.0 0.000972314865066437
840.0 0.0012834121662308462
841.0 0.0015945093764457852
842.0 0.0019974042515968904
843.0 0.002400299308646936
844.0 0.002233452869404573
845.0 0.0020666066120611504
846.0 0.001893633816507645
847.0 0.0017206608390551992
848.0 0.0017109587133745663
849.0 0.001701256405794993
850.0 0.0015642612197552808
851.0 0.0014272658518166281
852.0 0.0012982463886146434
853.0 0.001169226652564248
854.0 0.0009910480912367348
855.0 0.0008128692570608109
856.0 0.0006459463293140288
857.0 0.00047902340156724676
858.0 0.0005506381967279594
859.0 0.0006222529009392019
860.0 0.00051038673518633
861.0 0.00039852052395872306
862.0 0.0003915422439604299
863.0 0.0003845639184874017
864.0 0.0002595695605123183
865.0 0.00013457525938065373
866.0 0.00010643758514561341
867.0 7.829987680452177e-05
868.0 0.00011805086614913307
869.0 0.00015780183275637683
870.0 9.192953029923956e-05
871.0 2.6057219315589464e-05
872.0 1.5772373641517734e-10
873.0 1.5772373641517734e-10
874.0 1.5772373641517734e-10
875.0 1.5772373641517734e-10
876.0 1.5772373641517734e-10
877.0 9.362024400161317e-06
878.0 0.00011847533869513427
879.0 0.00022758865725336364
880.0 0.0001723993591440376
881.0 0.000117210038297344
882.0 0.0001316801331086026
883.0 0.0001461502279198612
884.0 4.5688631189477746e-05
885.0 1.5772373641517734e-10
886.0 3.6712535234073584e-05
887.0 0.00012819804169339477
888.0 0.0001894345814434928
889.0 0.0002506711325622746
890.0 0.00018283789131601225
891.0 0.00011500465006974991
892.0 1.951762413909819e-05
893.0 1.5772373641517734e-10
894.0 4.819133536670961e-06
895.0 8.560767241760914e-05
896.0 5.1684463642232004e-05
897.0 1.7761314552444674e-05
898.0 5.8787600210052915e-05
899.0 9.981387165680644e-05
900.0 4.929883061777218e-05
901.0 1.5772373641517734e-10
