lsstCam/transmission_filter_detector/r23_s12/r_57/19700101T000000.ecsv
# %ECSV 1.0
# ---
# datatype:
# - {name: wavelength, unit: nm, datatype: float32}
# - {name: efficiency, unit: '%', datatype: float64}
# meta: !!omap
# - {MODE: DETECTOR}
# - {TYPE: transmission_filter_detector}
# - {CALIBDATE: '1970-01-01T00:00:00'}
# - {INSTRUME: LSSTCam}
# - {OBSTYPE: transmission_filter_detector}
# - {CALIBCLS: lsst.ip.isr.IntermediateFilterDetectorTransmissionCurve}
# - {SOURCE: Materion (DM-46256)}
# - {DETECTOR: 104}
# - {FILTER: r_57}
# - {CALIB_ID: 'calibDate=1970-01-01T00:00:00 filter=r_57 detector=104'}
# - {DATE: '2025-04-02T15:59:44.664275'}
# - {CALIB_CREATION_DATE: '2025-04-02'}
# - {CALIB_CREATION_TIME: '15:59:44'}
# - __serialized_columns__:
#     efficiency:
#       __class__: astropy.units.quantity.Quantity
#       unit: !astropy.units.Unit {unit: '%'}
#       value: !astropy.table.SerializedColumn {name: efficiency}
#     wavelength:
#       __class__: astropy.units.quantity.Quantity
#       unit: !astropy.units.Unit {unit: nm}
#       value: !astropy.table.SerializedColumn {name: wavelength}
# schema: astropy-2.0
wavelength efficiency
[from data line 603]
903.0 1.5772373641517734e-10
904.0 1.5772373641517734e-10
905.0 1.5772373641517734e-10
906.0 1.5772373641517734e-10
907.0 1.5772373641517734e-10
908.0 1.5772373641517734e-10
909.0 1.5772373641517734e-10
910.0 1.5772373641517734e-10
911.0 1.5772373641517734e-10
912.0 1.5772373641517734e-10
913.0 1.5772373641517734e-10
914.0 7.282277181275276e-06
915.0 9.74281647359021e-05
916.0 4.4477943106358e-05
917.0 1.5772373641517734e-10
918.0 0.00010033484159066575
919.0 0.00020914189917675685
920.0 0.00012023342605971266
921.0 3.132488757273677e-05
922.0 0.00011911024557775818
923.0 0.00020689560642495053
924.0 0.00018659196712178527
925.0 0.00016628832781862002
926.0 0.00014408020660994225
927.0 0.00012187208540126448
928.0 0.00016865922134456923
929.0 0.00021544633455050644
930.0 0.0002198040192524786
931.0 0.00022416172669181833
932.0 8.943932243710151e-05
933.0 1.5772373641517734e-10
934.0 8.395783197556739e-05
935.0 0.00021319867755664745
936.0 0.0002252164222227293
937.0 0.00023723414415144362
938.0 0.00025891836230584886
939.0 0.0002806026259349892
940.0 0.0002475394467182923
941.0 0.00021447624476422789
942.0 0.0002972765969389002
943.0 0.0003800769491135725
944.0 0.00029397122034424683
945.0 0.00020786553704965627
946.0 0.0003105404175585136
947.0 0.00041321527533000335
948.0 0.0004639441158360569
949.0 0.0005146730472915806
950.0 0.0005478289040183881
951.0 0.0005809847607451957
952.0 0.0006862978352728533
953.0 0.0007916110916994512
954.0 0.0010630568795022555
955.0 0.0013345030311029404
956.0 0.0014558909242623486
957.0 0.0015772788174217567
958.0 0.0017243290130863898
959.0 0.0018713795725489035
960.0 0.001987013456528075
961.0 0.0021026473405072466
962.0 0.0022627506041317247
963.0 0.002422853867756203
964.0 0.0025149825887638144
965.0 0.0026071109459735453
966.0 0.002563923771958798
967.0 0.0025207362341461703
968.0 0.002522914837754797
969.0 0.0025250938051613048
970.0 0.0025952420401154086
971.0 0.002665390638867393
972.0 0.0026924171834252775
973.0 0.0027194431822863407
974.0 0.002926558045146521
975.0 0.003133673089905642
976.0 0.0031951945857144892
977.0 0.0032567160815233365
978.0 0.0031382191082229838
979.0 0.003019722134922631
980.0 0.002978205884573981
981.0 0.002936689452326391
982.0 0.0029819128030794673
983.0 0.003027136335731484
984.0 0.002975113602587953
985.0 0.0029230908694444224
986.0 0.0028319203920545988
987.0 0.0027407500965637155
988.0 0.00258895870501874
989.0 0.0024371676772716455
990.0 0.002463954660925083
991.0 0.00249074164457852
992.0 0.0025106279281317256
993.0 0.002530514211684931
994.0 0.00259698172158096
995.0 0.0026634485038812272
996.0 0.002735161433520261
997.0 0.002806874363159295
998.0 0.002978006341436412
999.0 0.0031491385016124696
1000.0 0.0032630465284455568
1001.0 0.003376954555278644
1002.0 0.003600376658141613
1003.0 0.003823798761004582
1004.0 0.003922706309822388
1005.0 0.004021613858640194
1006.0 0.004189567334833555
1007.0 0.004357521174824797
1008.0 0.004302546949475072
1009.0 0.004247573087923229
1010.0 0.00423425117332954
1011.0 0.004220929622533731
1012.0 0.004168329178355634
1013.0 0.004115728734177537
1014.0 0.003893724351655692
1015.0 0.0036717199691338465
1016.0 0.0034647171560209244
1017.0 0.0032577143429080024
1018.0 0.002929534275608603
1019.0 0.002601354572107084
1020.0 0.002241062611574307
1021.0 0.0018807704691425897
1022.0 0.0016419586245319806
1023.0 0.0014031466889719013
1024.0 0.0014448016372625716
1025.0 0.001486456676502712
1026.0 0.0013116800801071804
1027.0 0.001136903119913768
1028.0 0.001036664889397798
1029.0 0.0009364263860334177
1030.0 0.0008882371730578598
1031.0 0.0008400473234360106
1032.0 0.0008102624633465894
1033.0 0.0007804773304087576
1034.0 0.0007538234513049247
1035.0 0.0007271694357768865
1036.0 0.0007759549589536618
1037.0 0.0008247401638072915
1038.0 0.0007985577212821227
1039.0 0.000772375369706424
1040.0 0.0007528026799263898
1041.0 0.0007332298991968855
1042.0 0.0008719874131202232
1043.0 0.0010107445632456802
1044.0 0.0009119272363022901
1045.0 0.0008131100912578404
1046.0 0.0008339660780620761
1047.0 0.000854822155815782
1048.0 0.0007187440132838674
1049.0 0.0005826659617014229
1050.0 0.0006173941983433906
1051.0 0.0006521223895106232
1052.0 0.0009363649041915778
1053.0 0.0012206069186504465
1054.0 0.000989809814200271
1055.0 0.000759012527851155
1056.0 0.0008627537681604736
1057.0 0.0009664952813182026
1058.0 0.0008596900443080813
1059.0 0.0007528848982474301
1060.0 0.000898779762792401
1061.0 0.001044674172590021
1062.0 0.0012724198313662782
1063.0 0.0015001653991930652
1064.0 0.0011196177183592226
1065.0 0.0007390696737274993
1066.0 0.0012129320566600654
1067.0 0.0016867943486431614
1068.0 0.0018556980649009347
1069.0 0.002024601235461887
1070.0 0.0016296096873702481
1071.0 0.0012346181392786093
1072.0 0.0015273601093213074
1073.0 0.0018201022612629458
1074.0 0.002250916077173315
1075.0 0.002681729893083684
1076.0 0.0029767003070446663
1077.0 0.003271671084803529
1078.0 0.003640970680862665
1079.0 0.004010270640719682
1080.0 0.004072831143275835
1081.0 0.0041353912820341066
1082.0 0.0040154049202101305
1083.0 0.003895418922184035
1084.0 0.004357915167929605
1085.0 0.004820411049877293
1086.0 0.004824524148716591
1087.0 0.0048286368837580085
1088.0 0.004986105705029331
1089.0 0.005143575253896415
1090.0 0.0045364231482381
1091.0 0.003929271042579785
1092.0 0.003618551272666082
1093.0 0.0033078315027523786
1094.0 0.0038024438254069537
1095.0 0.0042970565118594095
1096.0 0.0033922238799277693
1097.0 0.002487391247996129
1098.0 0.002164465877285693
1099.0 0.001841540688474197
1100.0 0.0020699108063126914
1101.0 0.002298280378454365
