lsstCam/transmission_filter_detector/r13_s00/z_20/19700101T000000.ecsv
# %ECSV 1.0
# ---
# datatype:
# - {name: wavelength, unit: nm, datatype: float32}
# - {name: efficiency, unit: '%', datatype: float64}
# meta: !!omap
# - {MODE: DETECTOR}
# - {TYPE: transmission_filter_detector}
# - {CALIBDATE: '1970-01-01T00:00:00'}
# - {INSTRUME: LSSTCam}
# - {OBSTYPE: transmission_filter_detector}
# - {CALIBCLS: lsst.ip.isr.IntermediateFilterDetectorTransmissionCurve}
# - {SOURCE: Materion (DM-46256)}
# - {DETECTOR: 54}
# - {FILTER: z_20}
# - {CALIB_ID: 'calibDate=1970-01-01T00:00:00 filter=z_20 detector=54'}
# - {DATE: '2025-04-02T15:59:48.887344'}
# - {CALIB_CREATION_DATE: '2025-04-02'}
# - {CALIB_CREATION_TIME: '15:59:48'}
# - __serialized_columns__:
#     efficiency:
#       __class__: astropy.units.quantity.Quantity
#       unit: !astropy.units.Unit {unit: '%'}
#       value: !astropy.table.SerializedColumn {name: efficiency}
#     wavelength:
#       __class__: astropy.units.quantity.Quantity
#       unit: !astropy.units.Unit {unit: nm}
#       value: !astropy.table.SerializedColumn {name: wavelength}
# schema: astropy-2.0
wavelength efficiency
300.0 0.8758270181715488
301.0 0.5910638254135847
302.0 0.3063006792217493
303.0 0.2979265060275793
304.0 0.2895523328334093
305.0 0.2435113536193967
306.0 0.19747032783925533
307.0 0.1828965963795781
308.0 0.1683228649199009
309.0 0.14714349526911974
310.0 0.1259641139768064
311.0 0.1268064952455461
312.0 0.12764891143888235
313.0 0.11282901978120208
314.0 0.09800915140658617
315.0 0.09698342182673514
316.0 0.09595769224688411
317.0 0.08049277239479125
318.0 0.06502785836346447
319.0 0.06424394086934626
320.0 0.06346002337522805
321.0 0.06308261654339731
322.0 0.06270520971156657
323.0 0.05486952723003924
324.0 0.047033841838128865
325.0 0.043643315439112484
326.0 0.040252789040096104
327.0 0.039751408621668816
328.0 0.03925002820324153
329.0 0.03444146423134953
330.0 0.02963290025945753
331.0 0.026985805016011
332.0 0.024338708317372948
333.0 0.023621300351805985
334.0 0.022903889475855976
335.0 0.021802113042213023
336.0 0.020700335153378546
337.0 0.024754140758886933
338.0 0.028807937633246183
339.0 0.024646587553434074
340.0 0.020485238928813487
341.0 0.01716414699330926
342.0 0.013843055057805032
343.0 0.013701801071874797
344.0 0.013560549996327609
345.0 0.012780928227584809
346.0 0.012001305731246248
347.0 0.011442873073974624
348.0 0.010884441871894524
349.0 0.01344480988336727
350.0 0.01600517862243578
351.0 0.013354660768527538
352.0 0.01070413927664049
353.0 0.011290455586276948
354.0 0.011876771895913407
355.0 0.010126412234967574
356.0 0.008376053301617503
357.0 0.009393933578394353
358.0 0.01041181676555425
359.0 0.01017362519633025
360.0 0.009935432899510488
361.0 0.00901273888302967
362.0 0.008090047049336135
363.0 0.009236460027750582
364.0 0.010382872278569266
365.0 0.010118251520907506
366.0 0.00985363294603303
367.0 0.008668694499647245
368.0 0.0074837553256656975
369.0 0.007983682007761672
370.0 0.008483609417453408
371.0 0.008432839240413159
372.0 0.008382070518564433
373.0 0.0072655719122849405
374.0 0.006149074761196971
375.0 0.006461944576585665
376.0 0.006774815119570121
377.0 0.007118535722838715
378.0 0.007462254870915785
379.0 0.00627451081527397
380.0 0.005086766759632155
381.0 0.003232247763662599
382.0 0.001377728858642513
383.0 0.0035891389416065067
384.0 0.005800549115519971
385.0 0.00552388810319826
386.0 0.005247227818472311
387.0 0.005903093551751226
388.0 0.006558960012625903
389.0 0.005812655945192091
390.0 0.005066352605354041
391.0 0.0046835499233566225
392.0 0.004300746877561323
393.0 0.004761337550007738
394.0 0.005221928586252034
395.0 0.004317999992053956
396.0 0.003414071034057997
397.0 0.0036099703720537946
398.0 0.003805869710049592
399.0 0.00404686106776353
400.0 0.0042878524254774675
401.0 0.004580035238177516
402.0 0.004872218050877564
403.0 0.004935024117003195
404.0 0.004997830546926707
405.0 0.00421743025071919
406.0 0.003437030318309553
407.0 0.0019222854461986572
408.0 0.0004075411197845824
409.0 0.001978361251531169
410.0 0.0035491815651766956
411.0 0.004157730654696934
412.0 0.0047662793804192916
413.0 0.0046879067667759955
414.0 0.004609533789334819
415.0 0.0037174049793975428
416.0 0.0028252765332581475
417.0 0.003817483229795471
418.0 0.004809689926332794
419.0 0.004360478123999201
420.0 0.003911266321665607
421.0 0.0039760016079526395
422.0 0.004040737258037552
423.0 0.003763704444281757
424.0 0.0034866727219196036
425.0 0.002522940485505387
426.0 0.001559208430990111
427.0 0.0017800242858356796
428.0 0.002000840140681248
429.0 0.0013925218809163198
430.0 0.0007842040758987423
431.0 0.0008037355655687861
432.0 0.0008232668733398896
433.0 0.0007336860107898246
434.0 0.000644105284663965
435.0 0.0011719088433892466
436.0 0.0016997124475892633
437.0 0.0018893986634793691
438.0 0.0020790850612684153
439.0 0.002159461291739717
440.0 0.0022398377041099593
441.0 0.0016811551176942885
442.0 0.0011224726222280879
443.0 0.0022926644305698574
444.0 0.003462856329861097
445.0 0.003351479972479865
446.0 0.003240103615098633
447.0 0.002551176294218749
448.0 0.0018622487914399244
449.0 0.002540303103160113
450.0 0.003218357960577123
451.0 0.002500135997252073
452.0 0.0017819136701291427
453.0 0.001696553772490006
454.0 0.0016111940567498095
455.0 0.002352833871555049
456.0 0.0030944738682592288
457.0 0.002254970240755938
458.0 0.0014154667042021174
459.0 0.0015679986972827464
460.0 0.0017205307813128456
461.0 0.0008402393177675549
462.0 1.589319821582169e-10
463.0 0.0009232421689375769
464.0 0.0018865368474507704
465.0 0.0022008622181601822
466.0 0.002515187588869594
467.0 0.0021610901967505924
468.0 0.0018069922589347698
469.0 0.0016229392713285051
470.0 0.00143888601087383
471.0 0.0013401338037510868
472.0 0.0012413818694767542
473.0 0.0012234598216309678
474.0 0.0012055378647346515
475.0 0.0010752656635304447
476.0 0.0009449935532757081
477.0 0.001282697940041544
478.0 0.0016204021449084394
479.0 0.0020055578715982847
480.0 0.00239071359828813
481.0 0.001864173282228876
482.0 0.0013376328752201516
483.0 0.0009468272764934227
484.0 0.0005560217232414288
485.0 0.0013760190086031798
486.0 0.0021960160665912554
487.0 0.001464213437429862
488.0 0.0007324106263695285
489.0 0.0015657564290449955
490.0 0.0023991022317204624
491.0 0.002299262268934399
492.0 0.0021994224880472757
493.0 0.002008220508287195
494.0 0.0018170188923249952
495.0 0.001599883944436442
496.0 0.001382748996547889
497.0 0.0011919563803530764
498.0 0.0010011639460572042
499.0 0.001170500854641432
500.0 0.00133983785417513
501.0 0.0008864629307936411
502.0 0.0004330878709879471
503.0 0.0012739070371026173
504.0 0.002114726339641493
505.0 0.0022256050215219148
506.0 0.002336483885301277
507.0 0.0022215408534975722
508.0 0.002106597639794927
509.0 0.0018396725863567553
510.0 0.001572747714817524
511.0 0.0012212532965349965
512.0 0.0008697589692019392
513.0 0.0013001142178836744
514.0 0.0017304697394138202
515.0 0.0013398094779404346
516.0 0.00094914976216387
517.0 0.0009115570719586685
518.0 0.0008739644727029372
519.0 0.001086500833480386
520.0 0.0012990368304599542
521.0 0.0016401001630583778
522.0 0.001981163404707331
523.0 0.001313806751568336
524.0 0.0006464502803282812
525.0 0.0007348946837737458
526.0 0.0008233392691181507
527.0 0.0011397879461583216
528.0 0.001456236896046903
529.0 0.0012491798770497553
530.0 0.0010421222214063164
531.0 0.001133543537434889
532.0 0.0012249646715645213
533.0 0.0008958938451542053
534.0 0.0005668228823196841
535.0 0.0011162443115608767
536.0 0.0016656658772262745
537.0 0.0016903211871976964
538.0 0.0017149764971691184
539.0 0.001215368592966115
540.0 0.0007157605523389066
541.0 0.0008004941264516674
542.0 0.0008852279279381037
543.0 0.0013038238648732658
544.0 0.0017224199837073684
545.0 0.0011532622920640279
546.0 0.000584104918743833
547.0 0.0012414639968483243
548.0 0.0018988226656801999
549.0 0.001652794162509963
550.0 0.0014067652955418453
551.0 0.0014691381693410221
552.0 0.0015315106793423183
553.0 0.001338830861641327
554.0 0.0011461509529908653
555.0 0.0010510497304494493
556.0 0.0009559485079080332
557.0 0.0013460181435220875
558.0 0.0017360876881866716
559.0 0.0017405187463737093
560.0 0.001744949258863926
561.0 0.0015587162124575116
562.0 0.0013724828932026867
563.0 0.0011494371392473113
564.0 0.0009263913852919359
565.0 0.0016532017980352975
566.0 0.0023800124836270697
567.0 0.0027679267077473924
568.0 0.003155840386170894
569.0 0.002987977131851949
570.0 0.002820113513735123
571.0 0.0026675130357034504
572.0 0.0025149118300760165
573.0 0.001995487946260255
574.0 0.001476064517191844
575.0 0.0019283872461528517
576.0 0.002380709702265449
577.0 0.0019842615074594505
578.0 0.0015878136764513329
579.0 0.0017478048903285526
580.0 0.001907795922306832
581.0 0.0017157384718302637
582.0 0.0015236805666063447
583.0 0.0019577531929826364
584.0 0.002391825728409458
585.0 0.0025560768335708417
586.0 0.0027203279387322254
587.0 0.0020350844351924025
588.0 0.0013498402950062882
589.0 0.002003404006245546
590.0 0.0026569676265353337
591.0 0.001793036972230766
592.0 0.0009291061360272579
593.0 0.0007440872195729753
594.0 0.0005590681212197524
595.0 0.0010162322723772377
596.0 0.0014733963325852528
597.0 0.0013734101230511442
598.0 0.0012734238225675654
599.0 0.000943125724006677
600.0 0.000612827761869994
601.0 0.0005169137693883386
602.0 0.00042099964048247784
603.0 0.0009207632501784246
604.0 0.0014205264051270206
605.0 0.0009221708751283586
606.0 0.00042381493585708085
607.0 0.0008226778845710214
608.0 0.001221540787810227
609.0 0.0011788920346589293
610.0 0.001136242917709751
611.0 0.0010066833056043833
612.0 0.0008771234206506051
613.0 0.0008092412826954387
614.0 0.0007413591447402723
615.0 0.0011924422324227635
616.0 0.001643525502004195
617.0 0.002143531310139224
618.0 0.002643537300173193
619.0 0.002174275323341135
620.0 0.001705012982711196
621.0 0.0015091179193404969
622.0 0.0013132224921719171
623.0 0.001586964754096698
624.0 0.0018607068341225386
625.0 0.0016534509995835833
626.0 0.0014461953469435684
627.0 0.001907821570057422
628.0 0.0023694483388680965
629.0 0.002090153247991111
630.0 0.0018108583390130661
631.0 0.0016022753698052838
632.0 0.0013936922186985612
633.0 0.001765000524756033
634.0 0.002136309012712445
635.0 0.0050865601224359125
636.0 0.008036810322664678
637.0 0.01539871736895293
638.0 0.022760625870432705
639.0 0.019880641775671393
640.0 0.017000654770527035
641.0 0.014733057469129562
642.0 0.012465461622923613
643.0 0.009977753506973386
644.0 0.007490047573810443
645.0 0.00676492927595973
646.0 0.006039811341906898
647.0 0.005581655568676069
648.0 0.005123499795445241
649.0 0.0042177030991297215
650.0 0.0033119067666120827
651.0 0.0036765886761713773
652.0 0.004041270585730672
653.0 0.0033009579055942595
654.0 0.0025606450435589068
655.0 0.002814435720210895
656.0 0.003068227306357585
657.0 0.002990761822729837
658.0 0.002913296157203149
659.0 0.002747618236753624
660.0 0.002581940498203039
661.0 0.0027555441192816943
662.0 0.0029291471946635284
663.0 0.00197519148059655
664.0 0.0010212357665295713
665.0 0.0015512126992689446
666.0 0.002081190177705139
667.0 0.002417534233245533
668.0 0.002753878288785927
669.0 0.00199486985366093
670.0 0.001235861418535933
671.0 0.0009071966815099586
672.0 0.0005785317171103088
673.0 0.0012643533409573138
674.0 0.0019501752831274644
675.0 0.002023902015935164
676.0 0.002097628384944983
677.0 0.0018947279386338778
678.0 0.001691827128524892
679.0 0.001425600112270331
680.0 0.0011593729141168296
681.0 0.0012254068678885233
682.0 0.001291440821660217
683.0 0.0023830365535104647
684.0 0.0034746328310575336
685.0 0.0028939197363797575
686.0 0.0023132071873988025
687.0 0.0017141275748144835
688.0 0.0011150477803312242
689.0 0.0014715458746650256
690.0 0.0018280437870998867
691.0 0.0021187332094996236
692.0 0.00240942226810148
693.0 0.002729489096964244
694.0 0.0030495557439280674
695.0 0.0032394174922956154
696.0 0.0034292788768652827
697.0 0.0036352426832308993
698.0 0.003841206489596516
699.0 0.00569041476410348
700.0 0.007539621583418921
701.0 0.007178400119300932
702.0 0.006817180837970227
703.0 0.006254269101191312
704.0 0.0056913580920081586
705.0 0.005148652053321712
706.0 0.004605946742231026
707.0 0.004314048055675812
708.0 0.004022149369120598
709.0 0.004156813520239666
710.0 0.004291477307560854
711.0 0.003903695323970169
712.0 0.003515913340379484
713.0 0.0024889683118090034
714.0 0.0014620230103901122
715.0 0.002183809738198761
716.0 0.0029055963750579394
717.0 0.002505344309611246
718.0 0.002105091880366672
719.0 0.0016750855138525367
720.0 0.001245078874489991
721.0 0.001191936189570697
722.0 0.0011387932318029925
723.0 0.0009772988050826825
724.0 0.0008158044693118427
725.0 0.001231148598890286
726.0 0.0016464930013171397
727.0 0.0017134221707237884
728.0 0.001780350794433616
729.0 0.0018015009118244052
730.0 0.001822650847316254
731.0 0.0013898751603846904
732.0 0.0009570997463015374
733.0 0.0009083792974706739
734.0 0.0008596588486398105
735.0 0.0010080171705340035
736.0 0.0011563751286303159
737.0 0.0013418668459053151
738.0 0.0015273582903319038
739.0 0.0011939158866880462
740.0 0.0008604734830441885
741.0 0.0010206100341747515
742.0 0.0011807464034063742
743.0 0.001633503234188538
744.0 0.0020862598830717616
745.0 0.0013777116691926494
746.0 0.0006691633643640671
747.0 0.001174756107502617
748.0 0.001680348941590637
749.0 0.002317193320777733
750.0 0.002954037881863769
751.0 0.0029720820748480037
752.0 0.002990126085933298
753.0 0.002928247158706654
754.0 0.00286636823148001
755.0 0.0019036475350731052
756.0 0.000940927020565141
757.0 0.0018871105567086488
758.0 0.002833294274751097
759.0 0.002648295776452869
760.0 0.002463297096255701
761.0 0.004283976886654273
762.0 0.006104656495153904
763.0 0.005657805377268232
764.0 0.0052109546231804416
765.0 0.005237097138888203
766.0 0.0052632385632023215
767.0 0.004497735790209845
768.0 0.003732233017217368
769.0 0.0033526364859426394
770.0 0.0029730414098594338
771.0 0.0038772031984990463
772.0 0.0047813653509365395
773.0 0.00395669812860433
774.0 0.0031320301786763594
775.0 1.589319821582169e-10
776.0 0.03674246545415372
777.0 0.05927719175815582
778.0 1.589319821582169e-10
779.0 0.07411520346067846
780.0 0.11249069357290864
781.0 1.589319821582169e-10
782.0 1.589319821582169e-10
783.0 0.016776456322986633
784.0 1.589319821582169e-10
785.0 0.055139034520834684
786.0 0.018449837807565928
787.0 0.0859217660035938
788.0 0.10116402991116047
789.0 0.13010246912017465
790.0 1.589319821582169e-10
791.0 0.14009742299094796
792.0 0.024099627626128495
793.0 1.589319821582169e-10
794.0 0.05871115135960281
795.0 1.589319821582169e-10
796.0 0.07684737211093307
797.0 0.12930675875395536
798.0 0.12553726555779576
799.0 0.08910564938560128
800.0 0.02329414273845032
801.0 0.39778980426490307
802.0 0.5805504508316517
803.0 1.0030864737927914
804.0 1.649462804198265
805.0 2.610272541642189
806.0 3.969660773873329
807.0 5.77014833688736
808.0 7.798197120428085
809.0 10.422380268573761
810.0 13.517610728740692
811.0 16.852101683616638
812.0 19.799864292144775
813.0 22.884610295295715
814.0 25.838899612426758
815.0 29.777792096138
816.0 34.39139723777771
817.0 40.06176292896271
818.0 45.815375447273254
819.0 51.89021825790405
820.0 59.334397315979004
821.0 67.16557741165161
822.0 73.47716093063354
823.0 79.08957004547119
824.0 84.41596031188965
825.0 89.2147421836853
826.0 92.82808303833008
827.0 95.23942470550537
828.0 97.84950613975525
829.0 98.60316514968872
830.0 98.8698959350586
831.0 99.20315146446228
832.0 98.58707785606384
833.0 99.39020872116089
834.0 98.17975163459778
835.0 99.48432445526123
836.0 98.94540905952454
837.0 99.26366806030273
838.0 98.17484617233276
839.0 98.61829280853271
840.0 99.15698766708374
841.0 99.36112761497498
842.0 99.67929124832153
843.0 99.999338388443
844.0 98.27072620391846
845.0 98.84401559829712
846.0 98.95548820495605
847.0 98.5931932926178
848.0 99.64367151260376
849.0 98.84672164916992
850.0 98.29263687133789
851.0 98.91422986984253
852.0 99.47879910469055
853.0 98.96951913833618
854.0 99.91776943206787
855.0 98.6798346042633
856.0 98.73073101043701
857.0 98.03168177604675
858.0 98.69531989097595
859.0 99.38938617706299
860.0 98.72251152992249
861.0 98.809152841568
862.0 98.98453950881958
863.0 98.1646180152893
864.0 99.48897957801819
865.0 99.94362592697144
866.0 98.92625212669373
867.0 99.39948320388794
868.0 99.31373000144958
869.0 98.9486575126648
870.0 98.37282299995422
871.0 98.80800247192383
872.0 99.42486882209778
873.0 99.43220615386963
874.0 99.48289394378662
875.0 99.15744662284851
876.0 99.09251928329468
877.0 99.79904890060425
878.0 99.04927015304565
879.0 98.716801404953
880.0 98.69377613067627
881.0 100.10160207748413
882.0 99.12512302398682
883.0 98.79210591316223
884.0 99.25933480262756
885.0 98.87857437133789
886.0 98.78701567649841
887.0 98.58656525611877
888.0 99.04892444610596
889.0 99.78869557380676
890.0 98.55738282203674
891.0 99.62329268455505
892.0 98.9245355129242
893.0 98.86929392814636
894.0 98.43318462371826
895.0 99.66936707496643
896.0 98.90658855438232
