lsstCam/transmission_filter_detector/r13_s00/z_20/19700101T000000.ecsv
# %ECSV 1.0
# ---
# datatype:
# - {name: wavelength, unit: nm, datatype: float32}
# - {name: efficiency, unit: '%', datatype: float64}
# meta: !!omap
# - {MODE: DETECTOR}
# - {TYPE: transmission_filter_detector}
# - {CALIBDATE: '1970-01-01T00:00:00'}
# - {INSTRUME: LSSTCam}
# - {OBSTYPE: transmission_filter_detector}
# - {CALIBCLS: lsst.ip.isr.IntermediateFilterDetectorTransmissionCurve}
# - {SOURCE: Materion (DM-46256)}
# - {DETECTOR: 54}
# - {FILTER: z_20}
# - {CALIB_ID: 'calibDate=1970-01-01T00:00:00 filter=z_20 detector=54'}
# - {DATE: '2025-04-02T15:59:48.887344'}
# - {CALIB_CREATION_DATE: '2025-04-02'}
# - {CALIB_CREATION_TIME: '15:59:48'}
# - __serialized_columns__:
#     efficiency:
#       __class__: astropy.units.quantity.Quantity
#       unit: !astropy.units.Unit {unit: '%'}
#       value: !astropy.table.SerializedColumn {name: efficiency}
#     wavelength:
#       __class__: astropy.units.quantity.Quantity
#       unit: !astropy.units.Unit {unit: nm}
#       value: !astropy.table.SerializedColumn {name: wavelength}
# schema: astropy-2.0
wavelength efficiency
[from data line 598]
898.0 98.96789789199829
899.0 98.68420362472534
900.0 98.71889352798462
901.0 99.49541091918945
902.0 99.33543801307678
903.0 98.84194135665894
904.0 97.98509478569031
905.0 98.7603485584259
906.0 98.02718162536621
907.0 98.81348013877869
908.0 98.17983508110046
909.0 98.26566576957703
910.0 98.1951117515564
911.0 96.990567445755
912.0 95.96053957939148
913.0 94.72665786743164
914.0 92.47220754623413
915.0 90.1044249534607
916.0 88.25827836990356
917.0 86.43516898155212
918.0 83.1666886806488
919.0 82.00579285621643
920.0 79.1649878025055
921.0 75.20986199378967
922.0 70.88484168052673
923.0 65.57087302207947
924.0 59.945470094680786
925.0 54.253727197647095
926.0 48.24466407299042
927.0 41.30529463291168
928.0 35.592979192733765
929.0 29.37873899936676
930.0 23.64441305398941
931.0 18.544703722000122
932.0 13.148647546768188
933.0 8.665630221366882
934.0 5.658090114593506
935.0 3.532503917813301
936.0 2.09643691778183
937.0 1.2005390599370003
938.0 0.6907759234309196
939.0 0.4625391215085983
940.0 0.1397721702232957
941.0 0.2970408881083131
942.0 0.22386538330465555
943.0 0.2648365683853626
944.0 0.03756845253519714
945.0 0.09628143743611872
946.0 0.161703082267195
947.0 0.17743123462423682
948.0 1.589319821582169e-10
949.0 1.589319821582169e-10
950.0 0.10602646507322788
951.0 0.04306297923903912
952.0 0.04575513594318181
953.0 1.589319821582169e-10
954.0 0.007461529457941651
955.0 0.14954517828300595
956.0 0.048442441038787365
957.0 1.589319821582169e-10
958.0 1.589319821582169e-10
959.0 0.021206152450758964
960.0 0.0008313326361530926
961.0 0.0015121337128221057
962.0 1.589319821582169e-10
963.0 0.015753565821796656
964.0 1.589319821582169e-10
965.0 0.04871377313975245
966.0 0.06176767637953162
967.0 1.589319821582169e-10
968.0 1.589319821582169e-10
969.0 1.589319821582169e-10
970.0 0.006887693598400801
971.0 0.07361308089457452
972.0 1.589319821582169e-10
973.0 1.589319821582169e-10
974.0 0.04478181363083422
975.0 1.589319821582169e-10
976.0 0.006439295248128474
977.0 0.0064020452555269
978.0 0.006364795990521088
979.0 0.006186278187669814
980.0 0.006007759293424897
981.0 0.00586205096624326
982.0 0.005716343366657384
983.0 0.0055888631322886795
984.0 0.005461383261717856
985.0 0.005211562529439107
986.0 0.004961740705766715
987.0 0.004971983071300201
988.0 0.004982225800631568
989.0 0.004882268694927916
990.0 0.0047823123168200254
991.0 0.004913739030598663
992.0 0.005045166108175181
993.0 0.004958827412337996
994.0 0.00487248798890505
995.0 0.004845604780712165
996.0 0.00481872157251928
997.0 0.004590060780174099
998.0 0.004361399987828918
999.0 0.004362925756140612
1000.0 0.004364450796856545
1001.0 0.00451773485110607
1002.0 0.004671018541557714
1003.0 0.004550155426841229
1004.0 0.004429292312124744
1005.0 0.004338092185207643
1006.0 0.004246892422088422
1007.0 0.004329299554228783
1008.0 0.004411707050167024
1009.0 0.00446821613877546
1010.0 0.004524725591181777
1011.0 0.0045303295337362215
1012.0 0.004535933476290666
1013.0 0.004442698264028877
1014.0 0.0043494630517670885
1015.0 0.004497576446738094
1016.0 0.004645689114113338
1017.0 0.004888459807261825
1018.0 0.005131230864208192
1019.0 0.004941494989907369
1020.0 0.004751759115606546
1021.0 0.004786499630426988
1022.0 0.00482124014524743
1023.0 0.004619607352651656
1024.0 0.004417974196258001
1025.0 0.004677214747061953
1026.0 0.004936455297865905
1027.0 0.004831600017496385
1028.0 0.004726745100924745
1029.0 0.004714600436273031
1030.0 0.004702456135419197
1031.0 0.004839083703700453
1032.0 0.004975710908183828
1033.0 0.00504319577885326
1034.0 0.005110680285724811
1035.0 0.005290213448461145
1036.0 0.005469745883601718
1037.0 0.0055428237828891724
1038.0 0.0056159013183787465
1039.0 0.005467517621582374
1040.0 0.00531913319719024
1041.0 0.005750744458055124
1042.0 0.006182356446515769
1043.0 0.005649348531733267
1044.0 0.005116341344546527
1045.0 0.005856263305759057
1046.0 0.006596185266971588
1047.0 0.006235098408069462
1048.0 0.005874011549167335
1049.0 0.0060961472627241164
1050.0 0.006318282976280898
1051.0 0.006611749267904088
1052.0 0.006905217742314562
1053.0 0.006870081415399909
1054.0 0.006834945088485256
1055.0 0.007564765110146254
1056.0 0.008294585859403014
1057.0 0.008049324969761074
1058.0 0.007804065535310656
1059.0 0.007974227628437802
1060.0 0.008144388993969187
1061.0 0.008648723451187834
1062.0 0.009153057908406481
1063.0 0.009110598330153152
1064.0 0.009068139479495585
1065.0 0.009240406507160515
1066.0 0.009412675717612728
1067.0 0.009500188025413081
1068.0 0.00958770324359648
1069.0 0.010531409498071298
1070.0 0.01147511720773764
1071.0 0.010959308565361425
1072.0 0.010443499922985211
1073.0 0.010503880912438035
1074.0 0.010564261174295098
1075.0 0.011339319462422282
1076.0 0.012114380660932511
1077.0 0.012249231804162264
1078.0 0.012384081492200494
1079.0 0.013382270117290318
1080.0 0.014380461652763188
1081.0 0.014239847951103002
1082.0 0.014099237159825861
1083.0 0.014033149636816233
1084.0 0.013967062113806605
1085.0 0.0146590216900222
1086.0 0.015350984176620841
1087.0 0.015452518709935248
1088.0 0.015554057608824223
1089.0 0.016719898849260062
1090.0 0.017885741544887424
1091.0 0.018043862655758858
1092.0 0.018201979401055723
1093.0 0.017796605243347585
1094.0 0.01739122672006488
1095.0 0.018570425163488835
1096.0 0.019749625062104315
1097.0 0.02025413850788027
1098.0 0.020758654864039272
1099.0 0.022800089209340513
1100.0 0.024841519189067185
1101.0 0.02453547203913331
1102.0 0.024229423434007913
1103.0 0.025794311659410596
1104.0 0.027359198429621756
1105.0 0.027120261802338064
1106.0 0.026881328085437417
1107.0 0.02789656864479184
1108.0 0.02891181211452931
1109.0 0.030660003540106118
1110.0 0.032408194965682924
1111.0 0.03200493811164051
1112.0 0.03160168416798115
1113.0 0.03378858382347971
1114.0 0.03597548638936132
1115.0 0.03475613775663078
1116.0 0.033536794944666326
1117.0 0.03417638363316655
1118.0 0.03481597232166678
1119.0 0.03890260704793036
1120.0 0.04298924177419394
1121.0 0.043338528485037386
1122.0 0.04368782101664692
1123.0 0.04447339160833508
1124.0 0.045258962200023234
1125.0 0.04595937498379499
1126.0 0.04665979358833283
1127.0 0.049973762361332774
1128.0 0.05328773404471576
1129.0 0.05720044719055295
1130.0 0.06111316033639014
1131.0 0.060642079915851355
1132.0 0.06017099367454648
1133.0 0.06364594446495175
1134.0 0.06712088943459094
1135.0 0.06601775530725718
1136.0 0.06491461535915732
1137.0 0.06982257473282516
1138.0 0.07473054574802518
1139.0 0.07949944119900465
1140.0 0.08426830172538757
1141.0 0.09428601479157805
1142.0 0.10430370457470417
1143.0 0.12687372509390116
1144.0 0.1494436990469694
1145.0 0.30060631688684225
1146.0 0.4517689812928438
1147.0 0.9686566889286041
1148.0 1.4855443499982357
1149.0 1.6879089176654816
1150.0 1.8902746960520744
