lsstCam/transmission_filter_detector/r24_s00/y_10/19700101T000000.ecsv
# %ECSV 1.0
# ---
# datatype:
# - {name: wavelength, unit: nm, datatype: float32}
# - {name: efficiency, unit: '%', datatype: float64}
# meta: !!omap
# - {MODE: DETECTOR}
# - {TYPE: transmission_filter_detector}
# - {CALIBDATE: '1970-01-01T00:00:00'}
# - {INSTRUME: LSSTCam}
# - {OBSTYPE: transmission_filter_detector}
# - {CALIBCLS: lsst.ip.isr.IntermediateFilterDetectorTransmissionCurve}
# - {SOURCE: Materion (DM-46256)}
# - {DETECTOR: 108}
# - {FILTER: y_10}
# - {CALIB_ID: 'calibDate=1970-01-01T00:00:00 filter=y_10 detector=108'}
# - {DATE: '2025-04-02T15:59:51.243682'}
# - {CALIB_CREATION_DATE: '2025-04-02'}
# - {CALIB_CREATION_TIME: '15:59:51'}
# - __serialized_columns__:
#     efficiency:
#       __class__: astropy.units.quantity.Quantity
#       unit: !astropy.units.Unit {unit: '%'}
#       value: !astropy.table.SerializedColumn {name: efficiency}
#     wavelength:
#       __class__: astropy.units.quantity.Quantity
#       unit: !astropy.units.Unit {unit: nm}
#       value: !astropy.table.SerializedColumn {name: wavelength}
# schema: astropy-2.0
wavelength efficiency
[from data line 576]
876.0 0.0028504202418844216
877.0 0.0019163933757226914
878.0 0.000982366418611491
879.0 0.0017214093531947583
880.0 0.0754788750782609
881.0 0.08623223402537405
882.0 0.06331734475679696
883.0 0.08076322264969349
884.0 0.06515245186164975
885.0 0.09517362923361361
886.0 0.07494149613194168
887.0 0.09090276435017586
888.0 0.06218344788067043
889.0 0.11052838526666164
890.0 0.0661318248603493
891.0 0.09954345878213644
892.0 0.07501585059799254
893.0 0.11307267704978585
894.0 0.06999862380325794
895.0 0.11065875878557563
896.0 0.08182133897207677
897.0 0.11937859235331416
898.0 0.08878787630237639
899.0 0.1303383382037282
900.0 0.11420738883316517
901.0 0.13807889772579074
902.0 0.1544352388009429
903.0 0.16945170937106013
904.0 0.1949760364368558
905.0 0.24141587782651186
906.0 0.29863312374800444
907.0 0.3677870612591505
908.0 0.48068203032016754
909.0 0.6622244603931904
910.0 0.9285138919949532
911.0 1.3108966872096062
912.0 1.9330693408846855
913.0 2.8719939291477203
914.0 4.032173380255699
915.0 5.735686793923378
916.0 7.796011120080948
917.0 10.142800211906433
918.0 12.821502983570099
919.0 15.388019382953644
920.0 18.84046494960785
921.0 22.392140328884125
922.0 25.930282473564148
923.0 30.112648010253906
924.0 34.67184603214264
925.0 39.771267771720886
926.0 45.91106474399567
927.0 52.603161334991455
928.0 58.544862270355225
929.0 65.02192616462708
930.0 70.74409127235413
931.0 76.39040350914001
932.0 81.57463073730469
933.0 86.0836386680603
934.0 89.37475681304932
935.0 91.70922636985779
936.0 93.52477192878723
937.0 94.86522078514099
938.0 95.64512372016907
939.0 96.09217643737793
940.0 96.4489758014679
941.0 96.6715931892395
942.0 96.88225984573364
943.0 97.00030088424683
944.0 97.32178449630737
945.0 97.30368852615356
946.0 97.34652042388916
947.0 97.33752012252808
948.0 97.43083119392395
949.0 97.33636975288391
950.0 97.48108983039856
951.0 97.51495122909546
952.0 97.57663607597351
953.0 97.77740836143494
954.0 97.88836240768433
955.0 97.93648719787598
956.0 98.15056920051575
957.0 98.34621548652649
958.0 98.50305318832397
959.0 98.58750700950623
960.0 98.69088530540466
961.0 98.75350594520569
962.0 98.80262017250061
963.0 98.83320331573486
964.0 98.86367321014404
965.0 98.86140823364258
966.0 98.93282055854797
967.0 99.03998970985413
968.0 98.99591207504272
969.0 99.00405406951904
970.0 99.06817674636841
971.0 99.07165765762329
972.0 99.13551807403564
973.0 99.25388097763062
974.0 99.23755526542664
975.0 99.24213290214539
976.0 99.2815911769867
977.0 99.25007820129395
978.0 99.26865100860596
979.0 99.25629496574402
980.0 99.22133088111877
981.0 99.14774894714355
982.0 99.05334115028381
983.0 99.11293387413025
984.0 99.04477000236511
985.0 99.0503191947937
986.0 98.94055724143982
987.0 99.01261925697327
988.0 98.89718294143677
989.0 98.88823628425598
990.0 98.85706305503845
991.0 98.85753989219666
992.0 98.96219968795776
993.0 98.8984227180481
994.0 98.89166355133057
995.0 98.9264726638794
996.0 98.89406561851501
997.0 99.02927279472351
998.0 99.03232455253601
999.0 99.09057021141052
1000.0 99.14050102233887
1001.0 99.09612536430359
1002.0 99.19248223304749
1003.0 99.22943115234375
1004.0 99.29306507110596
1005.0 99.22468662261963
1006.0 99.35635924339294
1007.0 99.35272336006165
1008.0 99.30071830749512
1009.0 99.24259185791016
1010.0 99.28081631660461
1011.0 99.30405020713806
1012.0 99.18978214263916
1013.0 99.18694496154785
1014.0 99.15858507156372
1015.0 99.14779663085938
1016.0 99.09909963607788
1017.0 99.15345907211304
1018.0 99.16055798530579
1019.0 99.12752509117126
1020.0 99.14203882217407
1021.0 99.27574396133423
1022.0 99.21104311943054
1023.0 99.18336868286133
1024.0 99.20505881309509
1025.0 99.17483925819397
1026.0 99.24549460411072
1027.0 99.37899112701416
1028.0 99.28047060966492
1029.0 99.3866503238678
1030.0 99.38725233078003
1031.0 99.32281970977783
1032.0 99.38589334487915
1033.0 99.33111667633057
1034.0 99.38308596611023
1035.0 99.39040541648865
1036.0 99.36960935592651
1037.0 99.35309290885925
1038.0 99.3152379989624
1039.0 99.31919574737549
1040.0 99.14864897727966
1041.0 99.3037462234497
1042.0 99.25075769424438
1043.0 99.18679594993591
1044.0 99.26315546035767
1045.0 99.00817275047302
1046.0 99.21224117279053
1047.0 99.14047718048096
1048.0 99.1756021976471
1049.0 99.0617036819458
1050.0 99.06546473503113
1051.0 99.04688596725464
1052.0 99.05219674110413
1053.0 98.95121455192566
1054.0 99.14162158966064
1055.0 99.31659698486328
1056.0 99.140465259552
1057.0 99.18870329856873
1058.0 99.01258945465088
1059.0 98.9988625049591
1060.0 99.19285178184509
1061.0 99.1331398487091
1062.0 99.12735223770142
1063.0 99.09961223602295
1064.0 99.30555820465088
1065.0 99.10070300102234
1066.0 99.22699332237244
1067.0 99.17823672294617
1068.0 99.13544654846191
1069.0 98.93866181373596
1070.0 99.34561252593994
1071.0 99.09088611602783
1072.0 99.19247031211853
1073.0 99.26257729530334
1074.0 98.9210307598114
1075.0 98.92815947532654
1076.0 98.74083399772644
1077.0 99.03090596199036
1078.0 99.25788044929504
1079.0 98.85541200637817
1080.0 99.37605261802673
1081.0 98.842853307724
1082.0 98.79571199417114
1083.0 98.69922399520874
1084.0 99.10394549369812
1085.0 98.9886999130249
1086.0 98.84728789329529
1087.0 98.95151853561401
1088.0 98.72831106185913
1089.0 98.64148497581482
1090.0 98.7994372844696
1091.0 98.95715117454529
1092.0 98.8390564918518
1093.0 98.75800609588623
1094.0 98.64951968193054
1095.0 98.550283908844
1096.0 98.60527515411377
1097.0 98.29485416412354
1098.0 98.04648160934448
1099.0 98.52902293205261
1100.0 98.23552370071411
