lsstCam/transmission_filter_detector/r24_s00/y_10/19700101T000000.ecsv
# %ECSV 1.0
# ---
# datatype:
# - {name: wavelength, unit: nm, datatype: float32}
# - {name: efficiency, unit: '%', datatype: float64}
# meta: !!omap
# - {MODE: DETECTOR}
# - {TYPE: transmission_filter_detector}
# - {CALIBDATE: '1970-01-01T00:00:00'}
# - {INSTRUME: LSSTCam}
# - {OBSTYPE: transmission_filter_detector}
# - {CALIBCLS: lsst.ip.isr.IntermediateFilterDetectorTransmissionCurve}
# - {SOURCE: Materion (DM-46256)}
# - {DETECTOR: 108}
# - {FILTER: y_10}
# - {CALIB_ID: 'calibDate=1970-01-01T00:00:00 filter=y_10 detector=108'}
# - {DATE: '2025-04-02T15:59:51.243682'}
# - {CALIB_CREATION_DATE: '2025-04-02'}
# - {CALIB_CREATION_TIME: '15:59:51'}
# - __serialized_columns__:
#     efficiency:
#       __class__: astropy.units.quantity.Quantity
#       unit: !astropy.units.Unit {unit: '%'}
#       value: !astropy.table.SerializedColumn {name: efficiency}
#     wavelength:
#       __class__: astropy.units.quantity.Quantity
#       unit: !astropy.units.Unit {unit: nm}
#       value: !astropy.table.SerializedColumn {name: wavelength}
# schema: astropy-2.0
wavelength efficiency
300.0 0.41671590879559517
301.0 0.22641683463007212
302.0 0.03611775173339993
303.0 0.034092055284418166
304.0 0.032066364656202495
305.0 0.021507633209694177
306.0 0.010948898125207052
307.0 0.015290152805391699
308.0 0.019631406757980585
309.0 0.015324621926993132
310.0 0.011017834913218394
311.0 0.009261377999791875
312.0 0.007504920358769596
313.0 0.005704230352421291
314.0 0.0039035407098708674
315.0 0.004437049210537225
316.0 0.0049705602577887475
317.0 0.005359275382943451
318.0 0.00574798759771511
319.0 0.0033343272662023082
320.0 0.0009206661161442753
321.0 0.0026423467716085725
322.0 0.00436402769992128
323.0 0.003344334618304856
324.0 0.0023246417185873725
325.0 0.001240102847077651
326.0 0.00015556381640635664
327.0 0.0007970545084390324
328.0 0.001438545405108016
329.0 0.0026953952328767627
330.0 0.003952244878746569
331.0 0.0033111504308180884
332.0 0.002670055800990667
333.0 0.0022783258827985264
334.0 0.0018865954189095646
335.0 0.002128484265995212
336.0 0.00237037347687874
337.0 0.002615825906104874
338.0 0.0028612781534320675
339.0 0.0013984571523906197
340.0 1.6032320870190686e-10
341.0 1.6032320870190686e-10
342.0 1.6032320870190686e-10
343.0 0.0005025473001296632
344.0 0.0011706288205459714
345.0 0.0012552243788377382
346.0 0.0013398203918768559
347.0 0.0015309904483729042
348.0 0.0017221600501216017
349.0 0.0014002227544551715
350.0 0.0010782850949908607
351.0 0.0014559585906681605
352.0 0.0018336317225475796
353.0 0.0015374256690847687
354.0 0.001241219615621958
355.0 0.001326162146142451
356.0 0.001411104494764004
357.0 0.0011798748346336652
358.0 0.0009486449926043861
359.0 0.0009898014468490146
360.0 0.0010309577191947028
361.0 0.0011363862540747505
362.0 0.0012418145161063876
363.0 0.0010311862752132583
364.0 0.0008205577614717185
365.0 0.001153054654423613
366.0 0.0014855519111733884
367.0 0.0019534665625542402
368.0 0.0024213808501372114
369.0 0.001972666541405488
370.0 0.0015239522326737642
371.0 0.0014697807273478247
372.0 0.0014156089491734747
373.0 0.001884446646727156
374.0 0.002353284253331367
375.0 0.003269375883974135
376.0 0.004185467696515843
377.0 0.0042295403545722365
378.0 0.00427361301262863
379.0 0.0037028512451797724
380.0 0.003132089477730915
381.0 0.002155161928385496
382.0 0.0011782340152421966
383.0 0.0011741791240638122
384.0 0.0011701239600370172
385.0 0.0009062589015229605
386.0 0.0006423938884836389
387.0 0.0007031579116301145
388.0 0.0007639220712007955
389.0 0.0006469943400588818
390.0 0.0005300666543917032
391.0 0.0005622707249131054
392.0 0.0005944747954345075
393.0 0.000701240060152486
394.0 0.0008080054612946697
395.0 0.0006494987246696837
396.0 0.000490992078994168
397.0 0.0007696048669458833
398.0 0.0010482176548975985
399.0 0.0012215255992487073
400.0 0.001394833543599816
401.0 0.0015844754670979455
402.0 0.0017741176634444855
403.0 0.0018263785023009405
404.0 0.0018786393411573954
405.0 0.0018260830984218046
406.0 0.0017735270375851542
407.0 0.0015121378055482637
408.0 0.0012507487554103136
409.0 0.0009977079571399372
410.0 0.0007446671588695608
411.0 0.0006923964519955916
412.0 0.0006401258815458277
413.0 0.0008295087354781572
414.0 0.0010188915439357515
415.0 0.0012384395631670486
416.0 0.001457987764297286
417.0 0.000722869299352169
418.0 1.6032320870190686e-10
419.0 1.6032320870190686e-10
420.0 1.6032320870190686e-10
421.0 1.6032320870190686e-10
422.0 0.00038921225495869294
423.0 0.000698770008966676
424.0 0.0010083274901262484
425.0 5.194257823859516e-05
426.0 1.6032320870190686e-10
427.0 1.6032320870190686e-10
428.0 0.00037495410651899874
429.0 1.6032320870190686e-10
430.0 1.6032320870190686e-10
431.0 0.000329315571434563
432.0 0.0015519339285674505
433.0 0.0008539205737179145
434.0 0.0001559074007673189
435.0 1.6032320870190686e-10
436.0 1.6032320870190686e-10
437.0 1.6032320870190686e-10
438.0 1.6032320870190686e-10
439.0 1.6032320870190686e-10
440.0 1.6032320870190686e-10
441.0 1.6032320870190686e-10
442.0 1.6032320870190686e-10
443.0 1.6032320870190686e-10
444.0 2.5593755026420695e-05
445.0 1.6032320870190686e-10
446.0 1.6032320870190686e-10
447.0 0.0004283243470126763
448.0 0.0008925580004870426
449.0 0.0006118524652265478
450.0 0.00033114686175395036
451.0 9.782734196051024e-05
452.0 1.6032320870190686e-10
453.0 1.6032320870190686e-10
454.0 1.6032320870190686e-10
455.0 1.6032320870190686e-10
456.0 1.6032320870190686e-10
457.0 1.6032320870190686e-10
458.0 7.159770234466123e-05
459.0 7.183530783549941e-05
460.0 7.207295311673079e-05
461.0 0.00025821591407293454
462.0 0.0004443588750291383
463.0 0.0005141462679603137
464.0 0.0005839337518409593
465.0 0.0005998117558192462
466.0 0.0006156898507470032
467.0 0.0011365903446858283
468.0 0.001657490611250978
469.0 0.0016468720787088387
470.0 0.0016362530004698783
471.0 0.0017353821021970361
472.0 0.0018345108401263133
473.0 0.002269154902023729
474.0 0.0027037989639211446
475.0 0.0027465006496640854
476.0 0.002789202335407026
477.0 0.0030365852580871433
478.0 0.0032839681807672605
479.0 0.003885895785060711
480.0 0.004487823389354162
481.0 0.004618567254510708
482.0 0.004749311119667254
483.0 0.004140334567637183
484.0 0.0035313576518092304
485.0 0.0035679840948432684
486.0 0.0036046105378773063
487.0 0.0031029787351144478
488.0 0.0026013471142505296
489.0 0.0023672382667427883
490.0 0.002133129964931868
491.0 0.001674849227129016
492.0 0.0012165686712251045
493.0 0.0012171897651569452
494.0 0.0012178112228866667
495.0 0.0014869877304590773
496.0 0.0017561640561325476
497.0 0.0019422108380240388
498.0 0.00212825761991553
499.0 0.002331410360056907
500.0 0.002534563282097224
501.0 0.0026277759388904087
502.0 0.002720988959481474
503.0 0.002733778819674626
504.0 0.0027465683160698973
505.0 0.0031060048058861867
506.0 0.0034654411138035357
507.0 0.002576513907115441
508.0 0.0016875865185284056
509.0 0.001851901106419973
510.0 0.00201621533051366
511.0 0.002031789335887879
512.0 0.002047363159363158
513.0 0.002027398113568779
514.0 0.002007433613471221
515.0 0.0016737627447582781
516.0 0.001340091876045335
517.0 0.001354876167170005
518.0 0.0013696601854462642
519.0 0.0014042008842807263
520.0 0.001438741401216248
521.0 0.0016053050785558298
522.0 0.0017718683011480607
523.0 0.0017613139789318666
524.0 0.0017507596567156725
525.0 0.0021451987777254544
526.0 0.0025396384444320574
527.0 0.0024123850380419753
528.0 0.0022851318135508336
529.0 0.002322155523870606
530.0 0.002359179052291438
531.0 0.0023008626158116385
532.0 0.0022425459974328987
533.0 0.002313267032150179
534.0 0.002383987703069579
535.0 0.0021631340132444166
536.0 0.0019422797777224332
537.0 0.0024211638447013684
538.0 0.0029000479116803035
539.0 0.0033645388612058014
540.0 0.003829029083135538
541.0 0.0038968384615145624
542.0 0.0039646471122978255
543.0 0.004184221324976534
544.0 0.004403795537655242
545.0 0.004841724876314402
546.0 0.005279653851175681
547.0 0.004453519068192691
548.0 0.0036273842852097005
549.0 0.003040067349502351
550.0 0.002452750049997121
551.0 0.002457527443766594
552.0 0.0024623048375360668
553.0 0.0029407736292341724
554.0 0.0034192420571343973
555.0 0.0036790428566746414
556.0 0.003938844020012766
557.0 0.0036555222322931513
558.0 0.0033722008083714172
559.0 0.0034395136026432738
560.0 0.0035068260331172496
561.0 0.0035657038097269833
562.0 0.0036245812225388363
563.0 0.0035024389944737777
564.0 0.0033802971302066
565.0 0.0039116552216000855
566.0 0.004443013676791452
567.0 0.004342366446508095
568.0 0.004241719580022618
569.0 0.004853557766182348
570.0 0.005465396316139959
571.0 0.005715846782550216
572.0 0.005966297612758353
573.0 0.006353827484417707
574.0 0.00674135735607706
575.0 0.006711256719427183
576.0 0.0066811560827773064
577.0 0.006075678902561776
578.0 0.0054702013585483655
579.0 0.006089414455345832
580.0 0.006708627915941179
581.0 0.007263474981300533
582.0 0.007818321319064125
583.0 0.008543759031454101
584.0 0.009269194561056793
585.0 0.009571248665452003
586.0 0.009873302769847214
587.0 0.010023462527897209
588.0 0.01017362010315992
589.0 0.010583922994555905
590.0 0.010994228068739176
591.0 0.01030689527397044
592.0 0.009619562479201704
593.0 0.007835964788682759
594.0 0.0060523681895574555
595.0 0.00573376237298362
596.0 0.005415156556409784
597.0 0.0059583016991382465
598.0 0.006501446478068829
599.0 0.0073720686486922204
600.0 0.00824268936412409
601.0 0.008861780952429399
602.0 0.009480871085543185
603.0 0.010460584599059075
604.0 0.011440300295362249
605.0 0.011400045332266018
606.0 0.011359791096765548
607.0 0.009890954970614985
608.0 0.008422121027251706
609.0 0.006693368777632713
610.0 0.004964618347003125
611.0 0.004185832585790195
612.0 0.0034070468245772645
613.0 0.003803484287345782
614.0 0.004199921022518538
615.0 0.004919989441987127
616.0 0.005640058225253597
617.0 0.006957852019695565
618.0 0.00827564435894601
619.0 0.009297814540332183
620.0 0.010319985449314117
621.0 0.011295668809907511
622.0 0.012271350715309381
623.0 0.012310034071560949
624.0 0.012348715972620994
625.0 0.010697525431169197
626.0 0.009046333434525877
627.0 0.00739382448955439
628.0 0.005741314816987142
629.0 0.004647590321837924
630.0 0.003553865826688707
631.0 0.0030145651180646382
632.0 0.00247526459133951
633.0 0.0026497584258322604
634.0 0.0028242524422239512
635.0 0.0031463605409953743
636.0 0.003468467912171036
637.0 0.003837987605948001
638.0 0.004207507299724966
639.0 0.004368150621303357
640.0 0.004528793579083867
641.0 0.005094373773317784
642.0 0.005659953967551701
643.0 0.005633195178234018
644.0 0.005606436388916336
645.0 0.005375745604396798
646.0 0.005145054819877259
647.0 0.0040712176996748894
648.0 0.0029973809432704
649.0 0.0022049956896808
650.0 0.0014126104360911995
651.0 0.0015500609151786193
652.0 0.0016875117580639198
653.0 0.001558967232995201
654.0 0.0014304228898254223
655.0 0.0014236195966077503
656.0 0.0014168163943395484
657.0 0.0015503816030104645
658.0 0.001683947084529791
659.0 0.0018904971511801705
660.0 0.0020970475816284306
661.0 0.0019028520910069346
662.0 0.001708656782284379
663.0 0.0022390277081285603
664.0 0.0027693989977706224
665.0 0.0033656822779448703
666.0 0.003961965558119118
667.0 0.004611213444150053
668.0 0.005260459874989465
669.0 0.005513092037290335
670.0 0.005765720925410278
671.0 0.006370797200361267
672.0 0.006975873839110136
673.0 0.007736132829450071
674.0 0.008496391092194244
675.0 0.00803853472461924
676.0 0.007580679084639996
677.0 0.006023959940648638
678.0 0.004467240432859398
679.0 0.0029570730475825258
680.0 0.0014469062080024742
681.0 0.0006886854862386826
682.0 1.6032320870190686e-10
683.0 0.00022683489078190178
684.0 0.0005232050170889124
685.0 0.00035078678592981305
686.0 0.00017836847518992727
687.0 0.00024358494101761607
688.0 0.00030880141821398865
689.0 0.00024198316168622114
690.0 0.0001751649506331887
691.0 0.0002862714836737723
692.0 0.000397378062189091
693.0 0.0003447744120421703
694.0 0.00029217083010735223
695.0 0.0003539554427334224
696.0 0.0004157400780968601
697.0 0.00041486100599286146
698.0 0.00041398184293939266
699.0 0.00035098501030006446
700.0 0.0002879879502870608
701.0 0.0002319928171345964
702.0 0.00017599771808818332
703.0 0.00027945186502620345
704.0 0.0003829060005955398
705.0 0.00038889775169081986
706.0 0.00039488936636189464
707.0 0.00016212951550187427
708.0 1.6032320870190686e-10
709.0 0.00013674281262865406
710.0 0.0003441160515649244
711.0 0.0004331844593252754
712.0 0.0005222528670856263
713.0 0.00020262775706214597
714.0 1.6032320870190686e-10
715.0 0.00012412828027663636
716.0 0.0003652538907772396
717.0 0.00025912484034051886
718.0 0.0001529958012724819
719.0 0.00031905012747301953
720.0 0.00048510441956750583
721.0 0.0005592221896222327
722.0 0.0006333399142022245
723.0 0.000493631932840799
724.0 0.00035392401969147613
725.0 0.0003991006451542489
726.0 0.0004442775207280647
727.0 0.0002863117970264284
728.0 0.0001283463916479377
729.0 7.665342991458601e-05
730.0 2.496066429102939e-05
731.0 0.0003765931978705339
732.0 0.000728225950297201
733.0 0.00034937443160742987
734.0 1.6032320870190686e-10
735.0 2.0440878156779974e-08
736.0 2.9517977395698836e-05
737.0 0.0003429251364650554
738.0 0.0006563325314346002
739.0 0.0005342198164726142
740.0 0.00041210691961168777
741.0 0.0003983909664384555
742.0 0.00038467501326522324
743.0 0.0001505712816651794
744.0 1.6032320870190686e-10
745.0 0.00019771534880419495
746.0 0.00047896332944219466
747.0 0.00022264221115619875
748.0 1.6032320870190686e-10
749.0 1.6032320870190686e-10
750.0 1.6032320870190686e-10
751.0 0.00010581859442027053
752.0 0.00033099943266279297
753.0 0.0005322737706592306
754.0 0.0007335479949688306
755.0 1.6032320870190686e-10
756.0 1.6032320870190686e-10
757.0 1.6032320870190686e-10
758.0 1.6032320870190686e-10
759.0 0.00020947063603671268
760.0 0.0006857953849248588
761.0 0.00043991349230054766
762.0 0.0001940315996762365
763.0 0.00019308370156068122
764.0 0.00019213578070775839
765.0 0.00023608740775671322
766.0 0.00028003887564409524
767.0 4.398532649219078e-07
768.0 1.6032320870190686e-10
769.0 1.6032320870190686e-10
770.0 1.6032320870190686e-10
771.0 1.6032320870190686e-10
772.0 1.6032320870190686e-10
773.0 0.00027325181690684985
774.0 0.0007328311312448932
775.0 0.0004874532805843046
776.0 0.00024207529349951074
777.0 0.00024841704089340055
778.0 0.00025475878828729037
779.0 0.00042022256820928305
780.0 0.0005856863481312757
781.0 0.000567371171200648
782.0 0.00054905590332055
783.0 0.0005734738351748092
784.0 0.0005978918579785386
785.0 0.00039152532735897694
786.0 0.00018515862620915868
787.0 0.0005031372893427033
788.0 0.0008211159183701966
789.0 0.000578413300900138
790.0 0.00033571072890481446
791.0 0.0003753094233616139
792.0 0.00041490798139420804
793.0 0.0004890393938694615
794.0 0.0005631705334963044
795.0 0.0007731801815680228
796.0 0.000983189693215536
797.0 0.0005831564521940891
798.0 0.00018312323391000973
799.0 0.00047951889428077266
800.0 0.0007759145773889031
801.0 0.000378771142095502
802.0 1.6032320870190686e-10
803.0 0.00043454915612528566
804.0 0.0008874704690242652
805.0 0.0008818618880468421
806.0 0.0008762532161199488
807.0 0.000505151137986104
808.0 0.0001340489916401566
809.0 5.29778503732814e-05
810.0 1.6032320870190686e-10
811.0 0.000343018564308295
812.0 0.0007141303285607137
813.0 0.0009320832759840414
814.0 0.0011500363143568393
815.0 0.0010632064913806971
816.0 0.0009763761227077339
817.0 0.0008559918569517322
818.0 0.0007356076366704656
819.0 0.0007909147825557739
820.0 0.000846221882966347
821.0 0.0007062515123834601
822.0 0.000566281096325838
823.0 0.0004803915089723887
824.0 0.0003945021489926148
825.0 0.00054464931054099
826.0 0.0006947965175641002
827.0 0.0008775527930993121
828.0 0.0010603092960081995
829.0 0.0006693695013382239
830.0 0.0002784298203550861
831.0 1.3005666232857038e-05
832.0 1.6032320870190686e-10
833.0 0.0001860366751316178
834.0 0.0006244914857234107
835.0 0.00020207910438330146
836.0 1.6032320870190686e-10
837.0 1.6032320870190686e-10
838.0 1.6032320870190686e-10
839.0 0.00035072973787464434
840.0 0.0007411027127091074
841.0 0.000981588163995184
842.0 0.0012220737517054658
843.0 0.0008793157576292288
844.0 0.0005365575361793162
845.0 0.0006086777375458041
846.0 0.0006807979843870271
847.0 0.0007846744665584993
848.0 0.0008885508577805012
849.0 0.0007760880180285312
850.0 0.0006636247235292103
851.0 0.0010659891813702416
852.0 0.0014683535482618026
853.0 0.0007437631666107336
854.0 1.9173050702647743e-05
855.0 1.6032320870190686e-10
856.0 1.6032320870190686e-10
857.0 0.0005101698661746923
858.0 0.0012729428817692678
859.0 0.0011455251296865754
860.0 0.0010181071957049426
861.0 0.0013632407899422105
862.0 0.0017083742932300083
863.0 0.0018440177882439457
864.0 0.0019796609194600023
865.0 0.0019709073967533186
866.0 0.001962153874046635
867.0 0.0026304665880161338
868.0 0.0032987791200866923
869.0 0.0030235189115046524
870.0 0.002748258521023672
871.0 0.0031767871405463666
872.0 0.0036053159419680014
873.0 0.00279820214927895
874.0 0.001991088720387779
