lsstCam/transmission_filter_detector/r31_s22/i_39/19700101T000000.ecsv
# %ECSV 1.0
# ---
# datatype:
# - {name: wavelength, unit: nm, datatype: float32}
# - {name: efficiency, unit: '%', datatype: float64}
# meta: !!omap
# - {MODE: DETECTOR}
# - {TYPE: transmission_filter_detector}
# - {CALIBDATE: '1970-01-01T00:00:00'}
# - {INSTRUME: LSSTCam}
# - {OBSTYPE: transmission_filter_detector}
# - {CALIBCLS: lsst.ip.isr.IntermediateFilterDetectorTransmissionCurve}
# - {SOURCE: Materion (DM-46256)}
# - {DETECTOR: 134}
# - {FILTER: i_39}
# - {CALIB_ID: 'calibDate=1970-01-01T00:00:00 filter=i_39 detector=134'}
# - {DATE: '2025-04-02T15:59:47.100208'}
# - {CALIB_CREATION_DATE: '2025-04-02'}
# - {CALIB_CREATION_TIME: '15:59:47'}
# - __serialized_columns__:
#     efficiency:
#       __class__: astropy.units.quantity.Quantity
#       unit: !astropy.units.Unit {unit: '%'}
#       value: !astropy.table.SerializedColumn {name: efficiency}
#     wavelength:
#       __class__: astropy.units.quantity.Quantity
#       unit: !astropy.units.Unit {unit: nm}
#       value: !astropy.table.SerializedColumn {name: wavelength}
# schema: astropy-2.0
wavelength efficiency
300.0 0.011953835928579792
301.0 0.0072154958616010845
302.0 0.002477172529324889
303.0 0.0007716659638390411
304.0 1.6025384144691124e-10
305.0 0.010442702478030697
306.0 0.021819239191245288
307.0 0.022980390349403024
308.0 0.02414154150756076
309.0 0.012143619096605107
310.0 0.00014569903896699543
311.0 1.6025384144691124e-10
312.0 1.6025384144691124e-10
313.0 1.6025384144691124e-10
314.0 1.6025384144691124e-10
315.0 1.6025384144691124e-10
316.0 1.6025384144691124e-10
317.0 0.0002584874664535164
318.0 0.00054119946071296
319.0 0.004322515815147199
320.0 0.008103830623440444
321.0 0.003521651160554029
322.0 1.6025384144691124e-10
323.0 0.0011645593076536898
324.0 0.003389647463336587
325.0 0.0020197743651806377
326.0 0.0006499013579741586
327.0 0.0009994834726967383
328.0 0.0013490666788129602
329.0 0.0024382192350458354
330.0 0.0035273722460260615
331.0 0.0026185640308540314
332.0 0.0017097552699851803
333.0 0.0024876833776943386
334.0 0.003265612031100318
335.0 0.001903500742628239
336.0 0.000541388772035134
337.0 0.0017006554116960615
338.0 0.0028599219149327837
339.0 0.0016085572497104295
340.0 0.00035719285733648576
341.0 1.6025384144691124e-10
342.0 1.6025384144691124e-10
343.0 1.6025384144691124e-10
344.0 0.0011736764463421423
345.0 0.002146600672858767
346.0 0.0031195246265269816
347.0 0.0005655902441503713
348.0 1.6025384144691124e-10
349.0 1.6025384144691124e-10
350.0 0.0004656852070183959
351.0 1.6025384144691124e-10
352.0 1.6025384144691124e-10
353.0 1.6025384144691124e-10
354.0 1.6025384144691124e-10
355.0 1.6025384144691124e-10
356.0 0.00046522750380972866
357.0 6.509403078780451e-05
358.0 1.6025384144691124e-10
359.0 0.00013106787264405284
360.0 0.0005971753125777468
361.0 1.6025384144691124e-10
362.0 1.6025384144691124e-10
363.0 1.6025384144691124e-10
364.0 1.6025384144691124e-10
365.0 1.6025384144691124e-10
366.0 0.0004200140665489016
367.0 0.0005553700248128735
368.0 0.0006907261649757857
369.0 0.00023875729766587028
370.0 1.6025384144691124e-10
371.0 1.6025384144691124e-10
372.0 3.520611926433048e-05
373.0 0.00038207385841815267
374.0 0.0007289416771527613
375.0 0.0007986074706423096
376.0 0.0008682733096065931
377.0 0.0007735498911642935
378.0 0.0006788264727219939
379.0 0.0008065720066952053
380.0 0.0009343174497189466
381.0 0.0004090050879312912
382.0 1.6025384144691124e-10
383.0 1.6025384144691124e-10
384.0 1.6025384144691124e-10
385.0 0.00013477773563863593
386.0 0.0006324423338810448
387.0 7.945351399030187e-05
388.0 1.6025384144691124e-10
389.0 1.6025384144691124e-10
390.0 0.0001787166524991335
391.0 1.6025384144691124e-10
392.0 1.6025384144691124e-10
393.0 1.6025384144691124e-10
394.0 0.0004020994765596697
395.0 0.0007827165973139927
396.0 0.0011633337635430507
397.0 0.0008535016604582779
398.0 0.0005436696483229753
399.0 0.0009873207091004588
400.0 0.0014309718608274125
401.0 0.0007844883839425165
402.0 0.00013800460010315874
403.0 0.0015310242815758102
404.0 0.002924043292296119
405.0 0.002349528767808806
406.0 0.0017750138795236126
407.0 0.0036898629332426935
408.0 0.005604712350759655
409.0 0.004309873111196794
410.0 0.003015033871633932
411.0 0.003504192136460915
412.0 0.003993350765085779
413.0 0.0038808630051789805
414.0 0.0037683756090700626
415.0 0.0036650661058956757
416.0 0.0035617569665191695
417.0 0.004778217407874763
418.0 0.005994677121634595
419.0 0.003906364872818813
420.0 0.0018180522602051497
421.0 0.0030651219276478514
422.0 0.004312191595090553
423.0 0.004466680547920987
424.0 0.0046211698645493016
425.0 0.005006405990570784
426.0 0.005391642480390146
427.0 0.004695289680967107
428.0 0.003998937245341949
429.0 0.0031107523682294413
430.0 0.002222567673015874
431.0 0.0031944862712407485
432.0 0.004166405051364563
433.0 0.0030617666197940707
434.0 0.0019571285520214587
435.0 0.0021097064745845273
436.0 0.0022622847609454766
437.0 0.0021398695025709458
438.0 0.0020174544260953553
439.0 0.0015817900930414908
440.0 0.0011461257599876262
441.0 0.0011570007700356655
442.0 0.0011678760529321153
443.0 0.001263770172954537
444.0 0.0013596642020274885
445.0 0.0009569657777319662
446.0 0.0005542672624869738
447.0 0.0003593989504224737
448.0 0.0001645305360398197
449.0 0.0003011136186614749
450.0 0.00043769650801550597
451.0 0.0007796601494192146
452.0 0.0011216238817723934
453.0 0.0007321008979488397
454.0 0.0003425778004384483
455.0 0.0004881794666289352
456.0 0.0006337809736578492
457.0 0.0003066953468078282
458.0 1.6025384144691124e-10
459.0 0.0003745123876797152
460.0 0.0007694156010984443
461.0 0.0005276606771076331
462.0 0.0002859059350157622
463.0 0.0002945751930383267
464.0 0.00030324445106089115
465.0 0.00026518125650909496
466.0 0.0002271181756441365
467.0 0.0004590496246237308
468.0 0.0006909809599164873
469.0 0.0005326684004103299
470.0 0.00037435590911627514
471.0 0.00037112433801667066
472.0 0.0003678930397654767
473.0 0.00027837863854074385
474.0 0.00018886429415942985
475.0 0.0003387355036466033
476.0 0.0004886066108156228
477.0 0.0006178553576319246
478.0 0.000747103968024021
479.0 0.0009762111403688323
480.0 0.0012053184036631137
481.0 0.0015334040654124692
482.0 0.0018614897271618247
483.0 0.0028814867619075812
484.0 0.003901483432855457
485.0 0.005318319017533213
486.0 0.006735153147019446
487.0 0.008834470645524561
488.0 0.010933787416433915
489.0 0.014302611816674471
490.0 0.017671439854893833
491.0 0.021002940775360912
492.0 0.024334443151019514
493.0 0.026481872191652656
494.0 0.028629304142668843
495.0 0.026665686164051294
496.0 0.024702068185433745
497.0 0.020681416208390146
498.0 0.016660764231346548
499.0 0.012296422210056335
500.0 0.007932081643957645
501.0 0.005356442125048488
502.0 0.00278080151474569
503.0 0.0020553470676532015
504.0 0.001329892529611243
505.0 0.0017142487195087597
506.0 0.0020986048184568062
507.0 0.002208393379987683
508.0 0.00231818194151856
509.0 0.0020945210053469054
510.0 0.0018708600691752508
511.0 0.0018092383470502682
512.0 0.0017476169887231663
513.0 0.0017501746697234921
514.0 0.0017527325326227583
515.0 0.0019871844415320083
516.0 0.0022216363504412584
517.0 0.0020669707737397403
518.0 0.0019123057427350432
519.0 0.0017183911040774547
520.0 0.0015244766473188065
521.0 0.001724120375001803
522.0 0.0019237641026847996
523.0 0.0019227816665079445
524.0 0.0019217994122300297
525.0 0.002287158895342145
526.0 0.002652518560353201
527.0 0.0029452126909745857
528.0 0.003237907003494911
529.0 0.0029617574909934774
530.0 0.002685607978492044
531.0 0.0022819256628281437
532.0 0.0018782435290631838
533.0 0.0016096815670607612
534.0 0.001341119877906749
535.0 0.0015532044926658273
536.0 0.0017652890164754353
537.0 0.0022475480363937095
538.0 0.0027298070563119836
539.0 0.003444311732891947
540.0 0.004158816591370851
541.0 0.004805557910003699
542.0 0.005452299228636548
543.0 0.005136145045980811
544.0 0.004819990863325074
545.0 0.0041930354200303555
546.0 0.0035660799767356366
547.0 0.0027591382604441606
548.0 0.0019521969079505652
549.0 0.0019234073988627642
550.0 0.0018946180716739036
551.0 0.0017559905245434493
552.0 0.0016173627955140546
553.0 0.0016989415598800406
554.0 0.001780520506144967
555.0 0.001416035956935957
556.0 0.0010515514986764174
557.0 0.0008141432772390544
558.0 0.0005767350103269564
559.0 0.0005093224899610505
560.0 0.0004419100605446147
561.0 0.000856519636727171
562.0 0.0012711291674349923
563.0 0.0013901356396672782
564.0 0.001509142111899564
565.0 0.0015894704120000824
566.0 0.001669798803050071
567.0 0.0012188187611172907
568.0 0.0007678387191845104
569.0 0.0008683500709594227
570.0 0.0009688616955827456
571.0 0.0007604510756209493
572.0 0.000552040501133888
573.0 0.0005170916210772702
574.0 0.0004821426955459174
575.0 0.0004343386990512954
576.0 0.00038653470255667344
577.0 0.0004239248482917901
578.0 0.00046131513045111205
579.0 0.0005404461717262166
580.0 0.0006195772584760562
581.0 0.0005677253739122534
582.0 0.0005158734893484507
583.0 0.00043476820792420767
584.0 0.00035366292649996467
585.0 0.00036793096569454065
586.0 0.00038219886846491136
587.0 0.0004511350653046975
588.0 0.0005200712621444836
589.0 0.0006304659564193571
590.0 0.0007408606961689657
591.0 0.0005003153091820423
592.0 0.0002597698994577513
593.0 0.00048257811613439117
594.0 0.0007053864010231337
595.0 0.0004103333139937604
596.0 0.00011528020422701957
597.0 0.00029021250611549476
598.0 0.0004651447852666024
599.0 0.0003428488071222091
600.0 0.0002205528744525509
601.0 0.000276626860795659
602.0 0.0003327009380882373
603.0 0.00027268654321233043
604.0 0.00021267219381115865
605.0 0.00015755841786813107
606.0 0.00010244459645036841
607.0 0.00017655527244642144
608.0 0.00025066599391720956
609.0 0.00029865420856367564
610.0 0.00034664249142224435
611.0 0.0003392510961930384
612.0 0.00033185970096383244
613.0 0.00038600278458034154
614.0 0.0004401460046210559
615.0 0.0004432965852174675
616.0 0.0004464472112886142
617.0 0.0003831422418443253
618.0 0.00031983727240003645
619.0 0.00020080026388313854
620.0 8.176325536624063e-05
621.0 0.00027707897061191034
622.0 0.00047239464038284495
623.0 0.00042750220927700866
624.0 0.00038260982364590745
625.0 0.00034395966395095456
626.0 0.0003053095042560017
627.0 0.00032806105991767254
628.0 0.00035081263831671095
629.0 0.0004034192443214124
630.0 0.0004560258275887463
631.0 0.0004610606993082911
632.0 0.00046609543460363057
633.0 0.00024291439331136644
634.0 1.9733327860649297e-05
635.0 0.0001774154611666745
636.0 0.00033509763852634933
637.0 0.00025974925392802106
638.0 0.0001844008693296928
639.0 0.00032990521958708996
640.0 0.0004754096607939573
641.0 0.0006031996235833503
642.0 0.0007309894954232732
643.0 0.0005746333044953644
644.0 0.0004182769316685153
645.0 0.0005439405413198983
646.0 0.0006696041964460164
647.0 0.0007701144568272866
648.0 0.0008706245353096165
649.0 0.0008774212801654357
650.0 0.0008842179340717848
651.0 0.0008908324161893688
652.0 0.0008974467164080124
653.0 0.0008858421097102109
654.0 0.0008742375030124094
655.0 0.0010928190931736026
656.0 0.0013114005014358554
657.0 0.002134411988663487
658.0 0.0029574232030427083
659.0 0.004947520574205555
660.0 0.03700273227877915
661.0 0.11582114966586232
662.0 0.06519589223898947
663.0 0.14979095431044698
664.0 0.11455954518169165
665.0 0.16290307976305485
666.0 0.1444837194867432
667.0 0.19901166670024395
668.0 0.21079890429973602
669.0 0.2882314380258322
670.0 0.37837009876966476
671.0 0.5675715859979391
672.0 0.8656644262373447
673.0 1.4465751126408577
674.0 2.139093354344368
675.0 3.0273104086518288
676.0 4.12517786026001
677.0 5.45598603785038
678.0 6.763982772827148
679.0 8.235140889883041
680.0 10.15678122639656
681.0 12.234684824943542
682.0 14.7611603140831
683.0 17.51851886510849
684.0 20.497281849384308
685.0 23.375125229358673
686.0 26.400506496429443
687.0 29.65744137763977
688.0 33.040064573287964
689.0 36.452892422676086
690.0 40.29333293437958
691.0 44.50945854187012
692.0 49.425047636032104
693.0 54.67243790626526
694.0 60.51846742630005
695.0 66.16997718811035
696.0 72.29681611061096
697.0 77.90406942367554
698.0 83.69753360748291
699.0 88.05374503135681
700.0 91.44584536552429
701.0 94.07827258110046
702.0 95.85397839546204
703.0 96.85885906219482
704.0 97.31835126876831
705.0 97.68078923225403
706.0 97.72738814353943
707.0 97.81882762908936
708.0 97.80059456825256
709.0 97.8923499584198
710.0 97.72152304649353
711.0 97.84709811210632
712.0 97.8205919265747
713.0 97.89771437644958
714.0 97.9453980922699
715.0 98.07940125465393
716.0 97.87519574165344
717.0 98.12001585960388
718.0 98.15099239349365
719.0 98.16914796829224
720.0 98.28526973724365
721.0 98.21534156799316
722.0 97.97406196594238
723.0 97.675621509552
724.0 97.34069108963013
725.0 97.08095788955688
726.0 96.89046144485474
727.0 96.7245876789093
728.0 96.44179940223694
729.0 96.22257351875305
730.0 96.29747271537781
731.0 96.33764624595642
732.0 96.37570381164551
733.0 96.61265015602112
734.0 96.96677327156067
735.0 97.1596896648407
736.0 97.62420654296875
737.0 97.93912768363953
738.0 98.16678166389465
739.0 98.56011867523193
740.0 98.66028428077698
741.0 98.60056042671204
742.0 98.82248044013977
743.0 98.67898225784302
744.0 98.47157001495361
745.0 98.52621555328369
746.0 98.55519533157349
747.0 98.74038100242615
748.0 98.65657687187195
749.0 98.45280647277832
750.0 98.50624799728394
751.0 98.35150837898254
752.0 98.34867119789124
753.0 98.44695925712585
754.0 98.43456149101257
755.0 98.48583936691284
756.0 98.5205590724945
757.0 98.69658350944519
758.0 98.6839771270752
759.0 98.74571561813354
760.0 98.63958954811096
761.0 98.59446883201599
762.0 98.68966341018677
763.0 98.55899214744568
764.0 98.49854707717896
765.0 98.42972755432129
766.0 98.56870770454407
767.0 98.35095405578613
768.0 98.28341603279114
769.0 98.31897020339966
770.0 98.05344343185425
771.0 98.04736375808716
772.0 98.06767702102661
773.0 98.01418781280518
774.0 97.78532981872559
775.0 97.88206219673157
776.0 97.80479669570923
777.0 97.87793159484863
778.0 97.84907102584839
779.0 97.92034029960632
780.0 97.83865213394165
781.0 98.18570017814636
782.0 98.20160269737244
783.0 98.22177290916443
784.0 98.16283583641052
785.0 98.40254187583923
786.0 98.43734502792358
787.0 98.24451208114624
788.0 98.39003086090088
789.0 98.30781817436218
790.0 98.41145277023315
791.0 98.3610212802887
792.0 98.2040524482727
793.0 98.18446636199951
794.0 98.15009832382202
795.0 97.95368909835815
796.0 97.9773461818695
797.0 97.96617031097412
798.0 97.91779518127441
799.0 97.76604771614075
800.0 97.57058024406433
801.0 97.57596850395203
802.0 97.52272367477417
803.0 97.22697138786316
804.0 96.9667136669159
805.0 96.34227156639099
806.0 95.72751522064209
807.0 94.70548033714294
808.0 93.42681169509888
809.0 91.96022748947144
810.0 90.18821716308594
811.0 87.96442151069641
812.0 85.38432121276855
813.0 82.35843181610107
814.0 78.83824110031128
815.0 74.9848484992981
816.0 70.96030712127686
817.0 66.43481254577637
818.0 61.5317165851593
819.0 57.23929405212402
820.0 52.28835940361023
821.0 47.89755940437317
822.0 43.53589713573456
823.0 38.86077404022217
824.0 34.16893482208252
825.0 29.91931438446045
826.0 25.577709078788757
827.0 21.005091071128845
828.0 16.902731359004974
829.0 13.09039443731308
830.0 9.268578886985779
831.0 6.540694087743759
832.0 4.203798249363899
833.0 2.593374252319336
834.0 1.5603041276335716
835.0 0.946312490850687
836.0 0.5165040958672762
837.0 0.24496400728821754
838.0 0.140811235178262
839.0 0.09654061868786812
840.0 0.055932538816705346
841.0 0.041258870624005795
842.0 0.05557697732001543
843.0 0.009486884664511308
844.0 1.6025384144691124e-10
845.0 1.6025384144691124e-10
846.0 0.004377949517220259
847.0 1.6025384144691124e-10
848.0 1.6025384144691124e-10
849.0 1.6025384144691124e-10
850.0 1.6025384144691124e-10
851.0 0.0025482746423222125
852.0 0.0026901816454483196
853.0 0.0016836034774314612
854.0 0.0006770253094146028
855.0 0.000522034179084585
856.0 0.00036704313970403746
857.0 0.00037428587802423863
858.0 0.0003815286163444398
859.0 0.0001681876369730162
860.0 1.6025384144691124e-10
861.0 1.6025384144691124e-10
862.0 1.6025384144691124e-10
863.0 6.08223672315944e-05
864.0 0.00020513421077339444
865.0 8.09924472378043e-05
866.0 1.6025384144691124e-10
867.0 1.6025384144691124e-10
868.0 1.6025384144691124e-10
869.0 6.90863316776813e-05
870.0 0.00021918465336057125
871.0 0.00012929385775350966
872.0 3.940303088256769e-05
873.0 7.769175454086508e-05
874.0 0.0001159804810413334
875.0 5.502474920149325e-06
876.0 1.6025384144691124e-10
877.0 1.6025384144691124e-10
878.0 3.6768163624856243e-06
879.0 1.6025384144691124e-10
880.0 1.6025384144691124e-10
881.0 4.727409645965963e-05
882.0 0.00010400686960565508
883.0 1.0313829790220552e-05
884.0 1.6025384144691124e-10
885.0 4.034149299059209e-05
886.0 0.0001640621235310391
887.0 0.00013736794244323391
888.0 0.00011067373861806118
889.0 9.241716725227889e-05
890.0 7.416058451781282e-05
891.0 1.6025384144691124e-10
892.0 1.6025384144691124e-10
893.0 1.6025384144691124e-10
894.0 2.2966355572862085e-05
