lsstCam/transmission_filter_detector/r31_s22/i_39/19700101T000000.ecsv
# %ECSV 1.0
# ---
# datatype:
# - {name: wavelength, unit: nm, datatype: float32}
# - {name: efficiency, unit: '%', datatype: float64}
# meta: !!omap
# - {MODE: DETECTOR}
# - {TYPE: transmission_filter_detector}
# - {CALIBDATE: '1970-01-01T00:00:00'}
# - {INSTRUME: LSSTCam}
# - {OBSTYPE: transmission_filter_detector}
# - {CALIBCLS: lsst.ip.isr.IntermediateFilterDetectorTransmissionCurve}
# - {SOURCE: Materion (DM-46256)}
# - {DETECTOR: 134}
# - {FILTER: i_39}
# - {CALIB_ID: 'calibDate=1970-01-01T00:00:00 filter=i_39 detector=134'}
# - {DATE: '2025-04-02T15:59:47.100208'}
# - {CALIB_CREATION_DATE: '2025-04-02'}
# - {CALIB_CREATION_TIME: '15:59:47'}
# - __serialized_columns__:
#     efficiency:
#       __class__: astropy.units.quantity.Quantity
#       unit: !astropy.units.Unit {unit: '%'}
#       value: !astropy.table.SerializedColumn {name: efficiency}
#     wavelength:
#       __class__: astropy.units.quantity.Quantity
#       unit: !astropy.units.Unit {unit: nm}
#       value: !astropy.table.SerializedColumn {name: wavelength}
# schema: astropy-2.0
wavelength efficiency
[from data line 596]
896.0 0.00020874022084171884
897.0 0.00016147973838087637
898.0 0.00011421924455135013
899.0 1.6025384144691124e-10
900.0 1.6025384144691124e-10
901.0 1.6025384144691124e-10
902.0 1.6025384144691124e-10
903.0 1.6025384144691124e-10
904.0 1.6025384144691124e-10
905.0 1.6025384144691124e-10
906.0 1.6025384144691124e-10
907.0 1.6025384144691124e-10
908.0 1.6025384144691124e-10
909.0 1.6025384144691124e-10
910.0 1.6025384144691124e-10
911.0 1.6025384144691124e-10
912.0 1.6025384144691124e-10
913.0 1.6025384144691124e-10
914.0 5.0480514346418204e-05
915.0 2.4495898287568707e-05
916.0 1.6025384144691124e-10
917.0 1.6025384144691124e-10
918.0 1.6025384144691124e-10
919.0 1.6025384144691124e-10
920.0 0.00012451944257918512
921.0 1.6025384144691124e-10
922.0 1.6025384144691124e-10
923.0 5.779114644610672e-05
924.0 0.0002522572458474315
925.0 0.0001136936703005631
926.0 1.6025384144691124e-10
927.0 1.6025384144691124e-10
928.0 1.6025384144691124e-10
929.0 1.6025384144691124e-10
930.0 1.6025384144691124e-10
931.0 1.6025384144691124e-10
932.0 1.6025384144691124e-10
933.0 1.6025384144691124e-10
934.0 1.6025384144691124e-10
935.0 1.6025384144691124e-10
936.0 1.6025384144691124e-10
937.0 7.005309612395649e-05
938.0 0.00020910645162075525
939.0 0.00012206443216200569
940.0 3.502244965147838e-05
941.0 8.472945864923531e-05
942.0 0.0001344364591204794
943.0 8.371243325200339e-05
944.0 3.2988427278723975e-05
945.0 3.8116579048619315e-05
946.0 4.3244807557130116e-05
947.0 6.372303005264257e-05
948.0 8.420129802289011e-05
949.0 4.353002225343516e-05
950.0 2.858786274373415e-06
951.0 9.05046306343138e-05
952.0 0.00017815049204727984
953.0 1.6025384144691124e-10
954.0 1.6025384144691124e-10
955.0 1.6025384144691124e-10
956.0 0.00016575987729083863
957.0 0.000189175500509009
958.0 0.00021259118057059823
959.0 0.00018856731003324967
960.0 0.00016454347360195243
961.0 0.00018594383845993434
962.0 0.00020734419194923248
963.0 0.0002880545252992306
964.0 0.00036876492686133133
965.0 0.000152059260472015
966.0 1.6025384144691124e-10
967.0 1.6025384144691124e-10
968.0 4.5911244228591386e-05
969.0 7.51419548805643e-06
970.0 1.6025384144691124e-10
971.0 1.6025384144691124e-10
972.0 1.6025384144691124e-10
973.0 7.500185716935448e-06
974.0 1.8288804426447314e-05
975.0 9.809272114580381e-05
976.0 0.00017789664070733124
977.0 0.00012016238315482042
978.0 6.242809718060016e-05
979.0 0.00010204947784586693
980.0 0.00014167080735205673
981.0 1.6025384144691124e-10
982.0 1.6025384144691124e-10
983.0 1.6025384144691124e-10
984.0 1.6025384144691124e-10
985.0 1.6025384144691124e-10
986.0 1.6025384144691124e-10
987.0 1.6025384144691124e-10
988.0 3.815164006937266e-05
989.0 2.4339081505786453e-05
990.0 1.052653715305496e-05
991.0 9.480530138716858e-05
992.0 0.00017908407698996598
993.0 0.00013221803101259866
994.0 8.535193387615436e-05
995.0 0.00013416682804745506
996.0 0.0001829817051657301
997.0 7.035046110104304e-05
998.0 1.6025384144691124e-10
999.0 2.2858039017137344e-06
1000.0 4.685237797730224e-05
1001.0 9.081639973373967e-05
1002.0 0.00013478039591063862
1003.0 0.00022487263322545914
1004.0 0.000314964904646331
1005.0 0.00024652701995364623
1006.0 0.0001780891693670128
1007.0 0.00011398495871617342
1008.0 4.9880736696650274e-05
1009.0 5.3958854095981224e-05
1010.0 5.803691465189331e-05
1011.0 0.00015808124089744524
1012.0 0.0002581256012490485
1013.0 0.00024011269488255493
1014.0 0.000222099856728164
1015.0 0.000237893277699186
1016.0 0.0002536867441449431
1017.0 0.0003156089633193915
1018.0 0.00037753122796857497
1019.0 0.0001961360794666689
1020.0 1.474092101716451e-05
1021.0 4.668644351113471e-05
1022.0 7.863195037316473e-05
1023.0 7.708551947871456e-05
1024.0 7.55390828999225e-05
1025.0 0.00018791920410876628
1026.0 0.0003002993935297127
1027.0 0.0005058974693383789
1028.0 0.0007114955224096775
1029.0 0.0009743996997713111
1030.0 0.0012373038771329448
1031.0 0.0015715184417786077
1032.0 0.0019057330064242706
1033.0 0.0021128547814441845
1034.0 0.0023199765564640984
1035.0 0.002698080788832158
1036.0 0.003076184293604456
1037.0 0.003241555532440543
1038.0 0.0034069264074787498
1039.0 0.0033844993595266715
1040.0 0.0033620719477767125
1041.0 0.003033919711015187
1042.0 0.0027057676561526023
1043.0 0.002955826676043216
1044.0 0.0032058858778327703
1045.0 0.003342811396578327
1046.0 0.0034797365515260026
1047.0 0.0031990366551326588
1048.0 0.002918336758739315
1049.0 0.0028061896955478005
1050.0 0.002694042632356286
1051.0 0.0022731830540578812
1052.0 0.0018523238395573571
1053.0 0.0018507475033402443
1054.0 0.0018491713490220718
1055.0 0.0013212884368840605
1056.0 0.000793405433796579
1057.0 0.0009286961358156987
1058.0 0.0010639871106832288
1059.0 0.0007525026376242749
1060.0 0.0004410183009895263
1061.0 0.0007271429240063298
1062.0 0.0010132676834473386
1063.0 0.00154529043356888
1064.0 0.0020773133655893616
1065.0 0.0025982943043345585
1066.0 0.003119275424978696
1067.0 0.0037307247112039477
1068.0 0.0043421739974291995
1069.0 0.004185821671853773
1070.0 0.004029468982480466
1071.0 0.003962699338444509
1072.0 0.0038959300582064316
1073.0 0.0034100714401574805
1074.0 0.002924212094512768
1075.0 0.002954811316158157
1076.0 0.0029854103559046052
1077.0 0.0032465337426401675
1078.0 0.0035076569474767894
1079.0 0.0034881690226029605
1080.0 0.0034686810977291316
1081.0 0.002525123272789642
1082.0 0.0015815654478501529
1083.0 0.0013901831152907107
1084.0 0.0011988007827312686
1085.0 0.0007770488991809543
1086.0 0.00035529724300431553
1087.0 0.0005982324637443526
1088.0 0.000841167911858065
1089.0 0.0005131089437782066
1090.0 0.0001850502371780749
1091.0 0.0005791594503534725
1092.0 0.0009732687431096565
1093.0 1.6025384144691124e-10
1094.0 1.6025384144691124e-10
1095.0 1.6025384144691124e-10
1096.0 0.00028321705940470565
1097.0 9.759685326571343e-05
1098.0 1.6025384144691124e-10
1099.0 0.0003020881877091597
1100.0 0.0006921995463926578
