lsstCam/transmission_sensor/r10_s21/19700101T000000.ecsv
# %ECSV 1.0
# ---
# datatype:
# - {name: amp_name, datatype: string}
# - {name: wavelength, unit: nm, datatype: float32}
# - {name: efficiency, unit: '%', datatype: float64}
# meta: !!omap
# - {MODE: AMP}
# - {TYPE: transmission_sensor}
# - {CALIBDATE: '1970-01-01T00:00:00'}
# - {INSTRUME: LSSTCAM}
# - {OBSTYPE: transmission_sensor}
# - {DETECTOR: 34}
# - {PARQUETFILE: qe_raft_allvalues_nircorrected_20230725.parquet}
# - {CALIBCLS: lsst.ip.isr.IntermediateSensorTransmissionCurve}
# - {CALIB_ID: 'raftName=R10 detectorName=S21 detector=34 calibDate=1970-01-01T00:00:00 ccd=34 ccdnum=34 filter=None'}
# - {DATE: '2023-08-02T16:57:55.592582'}
# - {CALIB_CREATION_DATE: '2023-08-02'}
# - {CALIB_CREATION_TIME: '16:57:55'}
# - __serialized_columns__:
#     efficiency:
#       __class__: astropy.units.quantity.Quantity
#       unit: !astropy.units.Unit {unit: '%'}
#       value: !astropy.table.SerializedColumn {name: efficiency}
#     wavelength:
#       __class__: astropy.units.quantity.Quantity
#       unit: !astropy.units.Unit {unit: nm}
#       value: !astropy.table.SerializedColumn {name: wavelength}
# schema: astropy-2.0
amp_name wavelength efficiency
C00 319.994 44.91307067871094
C00 324.969 45.68364715576172
C00 349.982 52.32024383544922
C00 374.975 68.95964813232422
C00 400.019 84.76809692382812
C00 424.965 88.59242248535156
C00 450.035 88.9225845336914
C00 475.003 88.49662017822266
C00 500.018 87.94440460205078
C00 525.002 87.69911193847656
C00 550.029 87.77392578125
C00 575.023 88.57539367675781
C00 599.982 89.79800415039062
C00 619.997 90.34786224365234
C00 624.979 90.66155242919922
C00 650.012 91.85735321044922
C00 675.004 93.10964965820312
C00 700.03 93.887939453125
C00 725.012 94.899169921875
C00 750.022 96.25025177001953
C00 774.987 97.4852294921875
C00 799.976 97.78905487060547
C00 824.988 97.26913452148438
C00 850.022 96.53054809570312
C00 869.967 94.25579071044922
C00 875.002 93.58744049072266
C00 899.999 87.71455383300781
C00 919.999 79.84272766113281
C00 925.012 76.93490600585938
C00 949.965 62.89372634887695
C00 975.002 51.877525329589844
C00 999.976 30.69799041748047
C00 1025.028 15.279592514038086
C00 1050.014 6.213382720947266
C00 1075.002 0.9169606051601327
C00 1099.99 0.09097998884959235
C01 319.994 45.07841110229492
C01 324.969 45.80045700073242
C01 349.982 52.23445510864258
C01 374.975 68.90731811523438
C01 400.019 85.0223617553711
C01 424.965 89.07906341552734
C01 450.035 89.51359558105469
C01 475.003 89.0961685180664
C01 500.018 88.51150512695312
C01 525.002 88.216796875
C01 550.029 88.24850463867188
C01 575.023 89.01667022705078
C01 599.982 90.20401763916016
C01 619.997 90.73686981201172
C01 624.979 91.04816436767578
C01 650.012 92.2320556640625
C01 675.004 93.48664855957031
C01 700.03 94.2618179321289
C01 725.012 95.26725006103516
C01 750.022 96.62419128417969
C01 774.987 97.86286163330078
C01 799.976 98.1845932006836
C01 824.988 97.68391418457031
C01 850.022 96.9691162109375
C01 869.967 94.62810516357422
C01 875.002 93.92496490478516
C01 899.999 87.98311614990234
C01 919.999 80.1734848022461
C01 925.012 77.29376983642578
C01 949.965 63.304229736328125
C01 975.002 52.17875289916992
C01 999.976 30.782899856567383
C01 1025.028 15.314908981323242
C01 1050.014 6.23896598815918
C01 1075.002 0.920523069184118
C01 1099.99 0.09133345325728373
C02 319.994 45.10688400268555
C02 324.969 45.77130889892578
C02 349.982 51.97391128540039
C02 374.975 68.63133239746094
C02 400.019 85.03421020507812
C02 424.965 89.32597351074219
C02 450.035 89.86045837402344
C02 475.003 89.45623779296875
C02 500.018 88.8403549194336
C02 525.002 88.50074005126953
C02 550.029 88.4870834350586
C02 575.023 89.2230224609375
C02 599.982 90.3836898803711
C02 619.997 90.90003967285156
C02 624.979 91.2093734741211
C02 650.012 92.38511657714844
C02 675.004 93.63349151611328
C02 700.03 94.41143035888672
C02 725.012 95.4222183227539
C02 750.022 96.78237915039062
C02 774.987 98.02611541748047
C02 799.976 98.36500549316406
C02 824.988 97.8930435180664
C02 850.022 97.20523071289062
C02 869.967 94.83111572265625
C02 875.002 94.11006164550781
C02 899.999 88.12604522705078
C02 919.999 80.39569854736328
C02 925.012 77.54886627197266
C02 949.965 63.65033721923828
C02 975.002 52.43812561035156
C02 999.976 30.872285842895508
C02 1025.028 15.315481185913086
C02 1050.014 6.254342079162598
C02 1075.002 0.9220300817667587
C02 1099.99 0.09148297766126934
C03 319.994 44.801124572753906
C03 324.969 45.406532287597656
C03 349.982 51.349342346191406
C03 374.975 67.8468017578125
C03 400.019 84.3787841796875
C03 424.965 88.84803771972656
C03 450.035 89.4723129272461
C03 475.003 89.08436584472656
C03 500.018 88.44428253173828
C03 525.002 88.0705795288086
C03 550.029 88.01232147216797
C03 575.023 88.71343231201172
C03 599.982 89.83929443359375
C03 619.997 90.34024810791016
C03 624.979 90.64451599121094
C03 650.012 91.80314636230469
C03 675.004 93.04077911376953
C03 700.03 93.81422424316406
C03 725.012 94.82611846923828
C03 750.022 96.18535614013672
C03 774.987 97.43648529052734
C03 799.976 97.78260803222656
C03 824.988 97.33695220947266
C03 850.022 96.6828384399414
C03 869.967 94.35985565185547
C03 875.002 93.65802764892578
C03 899.999 87.75492858886719
C03 919.999 80.02587890625
C03 925.012 77.1897201538086
C03 949.965 63.28569030761719
C03 975.002 52.17507553100586
C03 999.976 30.734289169311523
C03 1025.028 15.171121597290039
C03 1050.014 6.222832679748535
C03 1075.002 0.9163422428361622
C03 1099.99 0.09091863550788579
C04 319.994 44.80400466918945
C04 324.969 45.356834411621094
C04 349.982 51.113311767578125
C04 374.975 67.56983184814453
C04 400.019 84.31391143798828
C04 424.965 88.97291564941406
C04 450.035 89.67487335205078
C04 475.003 89.29141235351562
C04 500.018 88.62562561035156
C04 525.002 88.21288299560547
C04 550.029 88.12015533447266
C04 575.023 88.7845230102539
C04 599.982 89.89871978759766
C04 619.997 90.38804626464844
C04 624.979 90.68777465820312
C04 650.012 91.83783721923828
C04 675.004 93.07344818115234
C04 700.03 93.85115051269531
C04 725.012 94.8765869140625
C04 750.022 96.25172424316406
C04 774.987 97.52035522460938
C04 799.976 97.88411712646484
C04 824.988 97.46210479736328
C04 850.022 96.8471450805664
C04 869.967 94.57750701904297
C04 875.002 93.88355255126953
C04 899.999 88.01426696777344
C04 919.999 80.25848388671875
C04 925.012 77.42130279541016
C04 949.965 63.470951080322266
C04 975.002 52.367122650146484
C04 999.976 30.890426635742188
C04 1025.028 15.208431243896484
C04 1050.014 6.255691051483154
C04 1075.002 0.9169743878084009
C04 1099.99 0.09098135635129166
C05 319.994 44.745574951171875
C05 324.969 45.25624465942383
C05 349.982 50.80956268310547
C05 374.975 67.20446014404297
C05 400.019 84.12337493896484
C05 424.965 88.96080780029297
C05 450.035 89.74423217773438
C05 475.003 89.373291015625
C05 500.018 88.6861343383789
C05 525.002 88.2376480102539
C05 550.029 88.11575317382812
C05 575.023 88.75643920898438
C05 599.982 89.84355926513672
C05 619.997 90.31901550292969
C05 624.979 90.61972045898438
C05 650.012 91.75843811035156
C05 675.004 92.9910888671875
C05 700.03 93.77299499511719
C05 725.012 94.81023406982422
C05 750.022 96.20980072021484
C05 774.987 97.50375366210938
C05 799.976 97.88835144042969
C05 824.988 97.47379302978516
C05 850.022 96.91069793701172
C05 869.967 94.67826843261719
C05 875.002 93.98954010009766
C05 899.999 88.130615234375
C05 919.999 80.4254379272461
C05 925.012 77.5978775024414
C05 949.965 63.68791580200195
C05 975.002 52.59218978881836
C05 999.976 31.033626556396484
C05 1025.028 15.282658576965332
C05 1050.014 6.2968878746032715
C05 1075.002 0.9165747753968843
C05 1099.99 0.09094170717493735
C06 319.994 44.631080627441406
C06 324.969 45.103206634521484
C06 349.982 50.47700119018555
C06 374.975 66.79481506347656
C06 400.019 83.85255432128906
C06 424.965 88.8370590209961
C06 450.035 89.68882751464844
C06 475.003 89.32308959960938
C06 500.018 88.61210632324219
C06 525.002 88.13426971435547
C06 550.029 87.98796081542969
C06 575.023 88.61277770996094
C06 599.982 89.677734375
C06 619.997 90.14478302001953
C06 624.979 90.44225311279297
C06 650.012 91.57484436035156
C06 675.004 92.80500793457031
C06 700.03 93.59322357177734
C06 725.012 94.64305114746094
C06 750.022 96.07774353027344
C06 774.987 97.3973388671875
C06 799.976 97.8121337890625
C06 824.988 97.41354370117188
C06 850.022 96.88065338134766
C06 869.967 94.68386840820312
C06 875.002 93.9954833984375
C06 899.999 88.13494110107422
C06 919.999 80.4774398803711
C06 925.012 77.67017364501953
C06 949.965 63.83745574951172
C06 975.002 52.7094612121582
C06 999.976 31.101293563842773
C06 1025.028 15.30389404296875
C06 1050.014 6.310917377471924
C06 1075.002 0.9153164210949982
C06 1099.99 0.09081685441713057
C07 319.994 44.36823272705078
C07 324.969 44.79364013671875
C07 349.982 49.9784049987793
C07 374.975 66.19087982177734
C07 400.019 83.3795394897461
C07 424.965 88.51889038085938
C07 450.035 89.43595886230469
C07 475.003 89.0745849609375
C07 500.018 88.344482421875
C07 525.002 87.84098052978516
C07 550.029 87.67375183105469
C07 575.023 88.280517578125
C07 599.982 89.3326416015625
C07 619.997 89.79325103759766
C07 624.979 90.08549499511719
C07 650.012 91.20999908447266
C07 675.004 92.4314956665039
C07 700.03 93.22642517089844
C07 725.012 94.30488586425781
C07 750.022 95.76875305175781
C07 774.987 97.12727355957031
C07 799.976 97.56748962402344
C07 824.988 97.18260192871094
C07 850.022 96.68199157714844
C07 869.967 94.45819854736328
C07 875.002 93.74838256835938
C07 899.999 87.79318237304688
C07 919.999 80.27500915527344
C07 925.012 77.52617645263672
C07 949.965 64.0528564453125
C07 975.002 52.878822326660156
C07 999.976 31.02299690246582
C07 1025.028 15.31926155090332
C07 1050.014 6.314352512359619
C07 1075.002 0.9123723951677637
C07 1099.99 0.0905247508692514
C10 319.994 44.894020080566406
C10 324.969 45.6507453918457
C10 349.982 52.23578643798828
C10 374.975 68.82583618164062
C10 400.019 84.59742736816406
C10 424.965 88.42240905761719
C10 450.035 88.76321411132812
C10 475.003 88.33910369873047
C10 500.018 87.78599548339844
C10 525.002 87.53092193603516
C10 550.029 87.5899429321289
C10 575.023 88.38078308105469
C10 599.982 89.58446502685547
C10 619.997 90.12858581542969
C10 624.979 90.43907928466797
C10 650.012 91.62810516357422
C10 675.004 92.8862075805664
C10 700.03 93.7367935180664
C10 725.012 94.97872161865234
C10 750.022 96.6322250366211
C10 774.987 98.1916732788086
C10 799.976 98.63510131835938
C10 824.988 98.06241607666016
C10 850.022 97.54789733886719
C10 869.967 95.4726791381836
C10 875.002 94.77277374267578
C10 899.999 88.24681854248047
C10 919.999 79.64397430419922
C10 925.012 76.64156341552734
C10 949.965 62.63483810424805
C10 975.002 52.103153228759766
C10 999.976 30.98795509338379
C10 1025.028 15.302090644836426
C10 1050.014 6.194958209991455
C10 1075.002 0.920597009447039
C10 1099.99 0.09134078954224324
C11 319.994 44.82109451293945
C11 324.969 45.52582931518555
C11 349.982 51.901432037353516
C11 374.975 68.4693374633789
C11 400.019 84.47704315185547
C11 424.965 88.50663757324219
C11 450.035 88.93291473388672
C11 475.003 88.5174789428711
C11 500.018 87.92948150634766
C11 525.002 87.62370300292969
C11 550.029 87.63700103759766
C11 575.023 88.37533569335938
C11 599.982 89.55277252197266
C11 619.997 90.07691955566406
C11 624.979 90.38446807861328
C11 650.012 91.55917358398438
C11 675.004 92.8082046508789
C11 700.03 93.65966796875
C11 725.012 94.89830017089844
C11 750.022 96.57060241699219
C11 774.987 98.13882446289062
C11 799.976 98.59312438964844
C11 824.988 98.05671691894531
C11 850.022 97.5588607788086
C11 869.967 95.55027770996094
C11 875.002 94.86182403564453
C11 899.999 88.43374633789062
C11 919.999 79.92769622802734
C11 925.012 76.96210479736328
C11 949.965 63.02999496459961
C11 975.002 52.456905364990234
C11 999.976 31.189252853393555
C11 1025.028 15.359100341796875
C11 1050.014 6.224296569824219
C11 1075.002 0.9200098205465828
C11 1099.99 0.09128252919897932
C12 319.994 44.89329147338867
C12 324.969 45.536495208740234
C12 349.982 51.689002990722656
C12 374.975 68.26262664794922
C12 400.019 84.57867431640625
C12 424.965 88.84819793701172
C12 450.035 89.3711929321289
C12 475.003 88.96443939208984
C12 500.018 88.34097290039062
C12 525.002 87.98688507080078
C12 550.029 87.95391082763672
C12 575.023 88.6574935913086
C12 599.982 89.80709838867188
C12 619.997 90.3168716430664
C12 624.979 90.62239074707031
C12 650.012 91.79041290283203
C12 675.004 93.03868865966797
C12 700.03 93.89639282226562
C12 725.012 95.14447784423828
C12 750.022 96.82854461669922
C12 774.987 98.41503143310547
C12 799.976 98.89317321777344
C12 824.988 98.38084411621094
C12 850.022 97.88603210449219
C12 869.967 95.87995910644531
C12 875.002 95.19953155517578
C12 899.999 88.82654571533203
C12 919.999 80.41218566894531
C12 925.012 77.4677734375
C12 949.965 63.588134765625
C12 975.002 52.86572265625
C12 999.976 31.433256149291992
C12 1025.028 15.452047348022461
C12 1050.014 6.267123699188232
C12 1075.002 0.922467095671891
C12 1099.99 0.09152633777946013
C13 319.994 44.81382751464844
C13 324.969 45.40357208251953
C13 349.982 51.32440185546875
C13 374.975 67.8407974243164
C13 400.019 84.39012908935547
C13 424.965 88.86804962158203
C13 450.035 89.48157501220703
C13 475.003 89.08453369140625
C13 500.018 88.4298095703125
C13 525.002 88.0332260131836
C13 550.029 87.95979309082031
C13 575.023 88.6297378540039
C13 599.982 89.75138092041016
C13 619.997 90.24453735351562
C13 624.979 90.5495376586914
C13 650.012 91.70220184326172
C13 675.004 92.95117950439453
C13 700.03 93.80616760253906
C13 725.012 95.06975555419922
C13 750.022 96.76138305664062
C13 774.987 98.36096954345703
C13 799.976 98.85124969482422
C13 824.988 98.35272979736328
C13 850.022 97.84273529052734
C13 869.967 95.81995391845703
C13 875.002 95.140625
C13 899.999 88.76512908935547
C13 919.999 80.37151336669922
C13 925.012 77.43683624267578
C13 949.965 63.625099182128906
C13 975.002 52.85243606567383
C13 999.976 31.39085578918457
C13 1025.028 15.439750671386719
C13 1050.014 6.259552001953125
C13 1075.002 0.9218271629323008
C13 1099.99 0.09146284424093212
C14 319.994 44.626888275146484
C14 324.969 45.158843994140625
C14 349.982 50.832550048828125
C14 374.975 67.2486572265625
C14 400.019 83.99516296386719
C14 424.965 88.67940521240234
C14 450.035 89.39025115966797
C14 475.003 89.01122283935547
C14 500.018 88.32952117919922
C14 525.002 87.89787292480469
C14 550.029 87.78119659423828
C14 575.023 88.41596221923828
C14 599.982 89.5102310180664
C14 619.997 89.9866943359375
C14 624.979 90.28781127929688
C14 650.012 91.42742156982422
C14 675.004 92.66798400878906
C14 700.03 93.52909851074219
C14 725.012 94.79328918457031
C14 750.022 96.50241088867188
C14 774.987 98.11427307128906
C14 799.976 98.62245178222656
C14 824.988 98.12966918945312
C14 850.022 97.6055908203125
C14 869.967 95.56802368164062
C14 875.002 94.88619995117188
C14 899.999 88.50135040283203
C14 919.999 80.12797546386719
C14 925.012 77.2032241821289
C14 949.965 63.444305419921875
C14 975.002 52.64711380004883
C14 999.976 31.259552001953125
C14 1025.028 15.35669994354248
C14 1050.014 6.213807106018066
C14 1075.002 0.9193598241343576
C14 1099.99 0.09121803715209777
C15 319.994 44.70696258544922
C15 324.969 45.191162109375
C15 349.982 50.67390823364258
C15 374.975 67.0641098022461
C15 400.019 84.0490493774414
C15 424.965 88.93374633789062
C15 450.035 89.73422241210938
C15 475.003 89.36922454833984
C15 500.018 88.66413879394531
C15 525.002 88.20040893554688
C15 550.029 88.05303955078125
C15 575.023 88.66285705566406
C15 599.982 89.74105072021484
C15 619.997 90.20735168457031
C15 624.979 90.50336456298828
C15 650.012 91.64179229736328
C15 675.004 92.87994384765625
C15 700.03 93.74671173095703
C15 725.012 95.03256225585938
C15 750.022 96.76658630371094
C15 774.987 98.4046859741211
C15 799.976 98.93031311035156
C15 824.988 98.43994903564453
C15 850.022 97.94839477539062
C15 869.967 95.90501403808594
C15 875.002 95.21446228027344
C15 899.999 88.8167724609375
C15 919.999 80.45142364501953
C15 925.012 77.52367401123047
C15 949.965 63.7146110534668
C15 975.002 52.833614349365234
C15 999.976 31.411283493041992
C15 1025.028 15.4336576461792
C15 1050.014 6.243285655975342
C15 1075.002 0.9218763956198762
C15 1099.99 0.09146772906296421
C16 319.994 44.44119644165039
C16 324.969 44.8843879699707
C16 349.982 50.17980194091797
C16 374.975 66.44496154785156
C16 400.019 83.50885009765625
C16 424.965 88.53170013427734
C16 450.035 89.40621185302734
C16 475.003 89.04973602294922
C16 500.018 88.32860565185547
C16 525.002 87.83495330810547
C16 550.029 87.6620101928711
C16 575.023 88.24342346191406
C16 599.982 89.29774475097656
C16 619.997 89.75334167480469
C16 624.979 90.04572296142578
C16 650.012 91.17093658447266
C16 675.004 92.40076446533203
C16 700.03 93.2660903930664
C16 725.012 94.5576400756836
C16 750.022 96.31378936767578
C16 774.987 97.97093200683594
C16 799.976 98.51197814941406
C16 824.988 98.05172729492188
C16 850.022 97.58209228515625
C16 869.967 95.55885314941406
C16 875.002 94.87004089355469
C16 899.999 88.51522827148438
C16 919.999 80.21923828125
C16 925.012 77.31117248535156
C16 949.965 63.606658935546875
C16 975.002 52.71769714355469
C16 999.976 31.356172561645508
C16 1025.028 15.400583267211914
C16 1050.014 6.238081932067871
C16 1075.002 0.9175624495126417
C16 1099.99 0.09103970329334525
C17 319.994 44.48090362548828
C17 324.969 44.89944076538086
C17 349.982 50.09391784667969
C17 374.975 66.36804962158203
C17 400.019 83.57917022705078
C17 424.965 88.71289825439453
C17 450.035 89.62383270263672
C17 475.003 89.26372528076172
C17 500.018 88.52218627929688
C17 525.002 88.00337982177734
C17 550.029 87.81061553955078
C17 575.023 88.37969207763672
C17 599.982 89.4248275756836
C17 619.997 89.87076568603516
C17 624.979 90.16277313232422
C17 650.012 91.28644561767578
C17 675.004 92.5191650390625
C17 700.03 93.3970718383789
C17 725.012 94.71153259277344
C17 750.022 96.50072479248047
C17 774.987 98.19334411621094
C17 799.976 98.75823974609375
C17 824.988 98.3143081665039
C17 850.022 97.85639953613281
C17 869.967 95.78258514404297
C17 875.002 95.07949829101562
C17 899.999 88.63957214355469
C17 919.999 80.40149688720703
C17 925.012 77.52713012695312
C17 949.965 64.00949096679688
C17 975.002 52.94980239868164
C17 999.976 31.45135498046875
C17 1025.028 15.454414367675781
C17 1050.014 6.275364398956299
C17 1075.002 0.9193430862791958
C17 1099.99 0.09121637643748537
