lsstCam/transmission_sensor/r10_s21/19700101T000000.ecsv
# %ECSV 0.9
# ---
# datatype:
# - {name: amp_name, datatype: string}
# - {name: wavelength, unit: nm, datatype: float32}
# - {name: efficiency, unit: '%', datatype: float32}
# meta: !!omap
# - {MODE: AMP}
# - {TYPE: transmission_sensor}
# - {CALIBDATE: '1970-01-01T00:00:00'}
# - {INSTRUME: LSSTCAM}
# - {OBSTYPE: transmission_sensor}
# - {DETECTOR: 34}
# - {CALIBCLS: lsst.ip.isr.IntermediateSensorTransmissionCurve}
# - {PICKLEFILE: RaftRun10517.p}
# - {CALIB_ID: 'raftName=R10 detectorName=S21 detector=34 calibDate=1970-01-01T00:00:00 ccd=34 ccdnum=34 filter=None'}
# - {DATE: '2020-07-23T19:15:25.379968'}
# - {CALIB_CREATION_DATE: '2020-07-23'}
# - {CALIB_CREATION_TIME: '19:15:25'}
# - __serialized_columns__:
#     efficiency:
#       __class__: astropy.units.quantity.Quantity
#       unit: !astropy.units.Unit {unit: '%'}
#       value: !astropy.table.SerializedColumn {name: efficiency}
#     wavelength:
#       __class__: astropy.units.quantity.Quantity
#       unit: !astropy.units.Unit {unit: nm}
#       value: !astropy.table.SerializedColumn {name: wavelength}
# schema: astropy-2.0
amp_name wavelength efficiency
C01 319.994 45.07841
C01 324.969 45.800457
C01 349.982 52.234455
C01 374.975 68.90732
C01 400.019 85.02236
C01 424.965 89.07906
C01 450.035 89.513596
C01 475.003 89.09617
C01 500.018 88.511505
C01 525.002 88.2168
C01 550.029 88.248505
C01 575.023 89.01667
C01 599.982 90.20402
C01 619.997 90.73687
C01 624.979 91.048164
C01 650.012 92.232056
C01 675.004 93.48665
C01 700.03 94.26182
C01 725.012 95.26725
C01 750.022 96.62419
C01 774.987 97.86286
C01 799.976 98.18459
C01 824.988 97.683914
C01 850.022 96.96912
C01 869.967 94.628105
C01 875.002 93.924965
C01 899.999 87.983116
C01 919.999 80.173485
C01 925.012 77.29377
C01 949.965 63.30423
C01 975.002 52.178753
C01 999.976 30.7829
C01 1025.028 15.314909
C01 1050.014 6.238966
C01 1075.002 3.3969789
C01 1099.99 2.29886
C13 319.994 44.813828
C13 324.969 45.403572
C13 349.982 51.3244
C13 374.975 67.8408
C13 400.019 84.39013
C13 424.965 88.86805
C13 450.035 89.481575
C13 475.003 89.08453
C13 500.018 88.42981
C13 525.002 88.033226
C13 550.029 87.95979
C13 575.023 88.62974
C13 599.982 89.75138
C13 619.997 90.24454
C13 624.979 90.54954
C13 650.012 91.7022
C13 675.004 92.95118
C13 700.03 93.80617
C13 725.012 95.069756
C13 750.022 96.76138
C13 774.987 98.36097
C13 799.976 98.85125
C13 824.988 98.35273
C13 850.022 97.842735
C13 869.967 95.819954
C13 875.002 95.140625
C13 899.999 88.76513
C13 919.999 80.37151
C13 925.012 77.43684
C13 949.965 63.6251
C13 975.002 52.852436
C13 999.976 31.390856
C13 1025.028 15.439751
C13 1050.014 6.259552
C13 1075.002 3.4714615
C13 1099.99 2.3542776
C07 319.994 44.368233
C07 324.969 44.79364
C07 349.982 49.978405
C07 374.975 66.19088
C07 400.019 83.37954
C07 424.965 88.51889
C07 450.035 89.43596
C07 475.003 89.074585
C07 500.018 88.34448
C07 525.002 87.84098
C07 550.029 87.67375
C07 575.023 88.28052
C07 599.982 89.33264
C07 619.997 89.79325
C07 624.979 90.085495
C07 650.012 91.21
C07 675.004 92.431496
C07 700.03 93.226425
C07 725.012 94.304886
C07 750.022 95.76875
C07 774.987 97.12727
C07 799.976 97.56749
C07 824.988 97.1826
C07 850.022 96.68199
C07 869.967 94.4582
C07 875.002 93.74838
C07 899.999 87.79318
C07 919.999 80.27501
C07 925.012 77.52618
C07 949.965 64.05286
C07 975.002 52.878822
C07 999.976 31.022997
C07 1025.028 15.319262
C07 1050.014 6.3143525
C07 1075.002 3.4686885
C07 1099.99 2.344018
C05 319.994 44.745575
C05 324.969 45.256245
C05 349.982 50.809563
C05 374.975 67.20446
C05 400.019 84.123375
C05 424.965 88.96081
C05 450.035 89.74423
C05 475.003 89.37329
C05 500.018 88.686134
C05 525.002 88.23765
C05 550.029 88.11575
C05 575.023 88.75644
C05 599.982 89.84356
C05 619.997 90.319016
C05 624.979 90.61972
C05 650.012 91.75844
C05 675.004 92.99109
C05 700.03 93.772995
C05 725.012 94.810234
C05 750.022 96.2098
C05 774.987 97.50375
C05 799.976 97.88835
C05 824.988 97.47379
C05 850.022 96.9107
C05 869.967 94.67827
C05 875.002 93.98954
C05 899.999 88.130615
C05 919.999 80.42544
C05 925.012 77.59788
C05 949.965 63.687916
C05 975.002 52.59219
C05 999.976 31.033627
C05 1025.028 15.282659
C05 1050.014 6.296888
C05 1075.002 3.4618604
C05 1099.99 2.3486197
C06 319.994 44.63108
C06 324.969 45.103207
C06 349.982 50.477
C06 374.975 66.794815
C06 400.019 83.852554
C06 424.965 88.83706
C06 450.035 89.68883
C06 475.003 89.32309
C06 500.018 88.61211
C06 525.002 88.13427
C06 550.029 87.98796
C06 575.023 88.61278
C06 599.982 89.677734
C06 619.997 90.14478
C06 624.979 90.44225
C06 650.012 91.574844
C06 675.004 92.80501
C06 700.03 93.59322
C06 725.012 94.64305
C06 750.022 96.07774
C06 774.987 97.39734
C06 799.976 97.81213
C06 824.988 97.41354
C06 850.022 96.88065
C06 869.967 94.68387
C06 875.002 93.99548
C06 899.999 88.13494
C06 919.999 80.47744
C06 925.012 77.67017
C06 949.965 63.837456
C06 975.002 52.70946
C06 999.976 31.101294
C06 1025.028 15.303894
C06 1050.014 6.3109174
C06 1075.002 3.4663827
C06 1099.99 2.3422568
C16 319.994 44.441196
C16 324.969 44.884388
C16 349.982 50.179802
C16 374.975 66.44496
C16 400.019 83.50885
C16 424.965 88.5317
C16 450.035 89.40621
C16 475.003 89.049736
C16 500.018 88.328606
C16 525.002 87.83495
C16 550.029 87.66201
C16 575.023 88.24342
C16 599.982 89.297745
C16 619.997 89.75334
C16 624.979 90.04572
C16 650.012 91.17094
C16 675.004 92.400764
C16 700.03 93.26609
C16 725.012 94.55764
C16 750.022 96.31379
C16 774.987 97.97093
C16 799.976 98.51198
C16 824.988 98.05173
C16 850.022 97.58209
C16 869.967 95.55885
C16 875.002 94.87004
C16 899.999 88.51523
C16 919.999 80.21924
C16 925.012 77.31117
C16 949.965 63.60666
C16 975.002 52.717697
C16 999.976 31.356173
C16 1025.028 15.400583
C16 1050.014 6.238082
C16 1075.002 3.4717903
C16 1099.99 2.3248687
C10 319.994 44.89402
C10 324.969 45.650745
C10 349.982 52.235786
C10 374.975 68.825836
C10 400.019 84.59743
C10 424.965 88.42241
C10 450.035 88.763214
C10 475.003 88.3391
C10 500.018 87.785995
C10 525.002 87.53092
C10 550.029 87.58994
C10 575.023 88.38078
C10 599.982 89.584465
C10 619.997 90.128586
C10 624.979 90.43908
C10 650.012 91.628105
C10 675.004 92.88621
C10 700.03 93.73679
C10 725.012 94.97872
C10 750.022 96.632225
C10 774.987 98.19167
C10 799.976 98.6351
C10 824.988 98.062416
C10 850.022 97.5479
C10 869.967 95.47268
C10 875.002 94.77277
C10 899.999 88.24682
C10 919.999 79.643974
C10 925.012 76.64156
C10 949.965 62.63484
C10 975.002 52.103153
C10 999.976 30.987955
C10 1025.028 15.302091
C10 1050.014 6.194958
C10 1075.002 3.4394097
C10 1099.99 2.3225105
C15 319.994 44.706963
C15 324.969 45.191162
C15 349.982 50.67391
C15 374.975 67.06411
C15 400.019 84.04905
C15 424.965 88.93375
C15 450.035 89.73422
C15 475.003 89.369225
C15 500.018 88.66414
C15 525.002 88.20041
C15 550.029 88.05304
C15 575.023 88.66286
C15 599.982 89.74105
C15 619.997 90.20735
C15 624.979 90.503365
C15 650.012 91.64179
C15 675.004 92.879944
C15 700.03 93.74671
C15 725.012 95.03256
C15 750.022 96.76659
C15 774.987 98.404686
C15 799.976 98.93031
C15 824.988 98.43995
C15 850.022 97.948395
C15 869.967 95.905014
C15 875.002 95.21446
C15 899.999 88.81677
C15 919.999 80.45142
C15 925.012 77.523674
C15 949.965 63.71461
C15 975.002 52.833614
C15 999.976 31.411283
C15 1025.028 15.433658
C15 1050.014 6.2432857
C15 1075.002 3.4753141
C15 1099.99 2.3438613
C02 319.994 45.106884
C02 324.969 45.77131
C02 349.982 51.97391
C02 374.975 68.63133
C02 400.019 85.03421
C02 424.965 89.32597
C02 450.035 89.86046
C02 475.003 89.45624
C02 500.018 88.840355
C02 525.002 88.50074
C02 550.029 88.48708
C02 575.023 89.22302
C02 599.982 90.38369
C02 619.997 90.90004
C02 624.979 91.20937
C02 650.012 92.38512
C02 675.004 93.63349
C02 700.03 94.41143
C02 725.012 95.42222
C02 750.022 96.78238
C02 774.987 98.026115
C02 799.976 98.365005
C02 824.988 97.89304
C02 850.022 97.20523
C02 869.967 94.831116
C02 875.002 94.11006
C02 899.999 88.126045
C02 919.999 80.3957
C02 925.012 77.54887
C02 949.965 63.650337
C02 975.002 52.438126
C02 999.976 30.872286
C02 1025.028 15.315481
C02 1050.014 6.254342
C02 1075.002 3.4163265
C02 1099.99 2.3168843
C04 319.994 44.804005
C04 324.969 45.356834
C04 349.982 51.11331
C04 374.975 67.56983
C04 400.019 84.31391
C04 424.965 88.972916
C04 450.035 89.67487
C04 475.003 89.29141
C04 500.018 88.625626
C04 525.002 88.21288
C04 550.029 88.120155
C04 575.023 88.78452
C04 599.982 89.89872
C04 619.997 90.38805
C04 624.979 90.687775
C04 650.012 91.83784
C04 675.004 93.07345
C04 700.03 93.85115
C04 725.012 94.87659
C04 750.022 96.251724
C04 774.987 97.520355
C04 799.976 97.88412
C04 824.988 97.462105
C04 850.022 96.847145
C04 869.967 94.57751
C04 875.002 93.88355
C04 899.999 88.01427
C04 919.999 80.258484
C04 925.012 77.4213
C04 949.965 63.47095
C04 975.002 52.367123
C04 999.976 30.890427
C04 1025.028 15.208431
C04 1050.014 6.255691
C04 1075.002 3.4385545
C04 1099.99 2.336473
C14 319.994 44.62689
C14 324.969 45.158844
C14 349.982 50.83255
C14 374.975 67.24866
C14 400.019 83.99516
C14 424.965 88.679405
C14 450.035 89.39025
C14 475.003 89.01122
C14 500.018 88.32952
C14 525.002 87.89787
C14 550.029 87.7812
C14 575.023 88.41596
C14 599.982 89.51023
C14 619.997 89.986694
C14 624.979 90.28781
C14 650.012 91.42742
C14 675.004 92.667984
C14 700.03 93.5291
C14 725.012 94.79329
C14 750.022 96.50241
C14 774.987 98.11427
C14 799.976 98.62245
C14 824.988 98.12967
C14 850.022 97.60559
C14 869.967 95.56802
C14 875.002 94.8862
C14 899.999 88.50135
C14 919.999 80.127975
C14 925.012 77.203224
C14 949.965 63.444305
C14 975.002 52.647114
C14 999.976 31.259552
C14 1025.028 15.3567
C14 1050.014 6.213807
C14 1075.002 3.4428825
C14 1099.99 2.3228996
C17 319.994 44.480904
C17 324.969 44.89944
C17 349.982 50.093918
C17 374.975 66.36805
C17 400.019 83.57917
C17 424.965 88.7129
C17 450.035 89.62383
C17 475.003 89.263725
C17 500.018 88.52219
C17 525.002 88.00338
C17 550.029 87.810616
C17 575.023 88.37969
C17 599.982 89.42483
C17 619.997 89.870766
C17 624.979 90.16277
C17 650.012 91.286446
C17 675.004 92.519165
C17 700.03 93.39707
C17 725.012 94.71153
C17 750.022 96.500725
C17 774.987 98.193344
C17 799.976 98.75824
C17 824.988 98.31431
C17 850.022 97.8564
C17 869.967 95.782585
C17 875.002 95.0795
C17 899.999 88.63957
C17 919.999 80.4015
C17 925.012 77.52713
C17 949.965 64.00949
C17 975.002 52.949802
C17 999.976 31.451355
C17 1025.028 15.454414
C17 1050.014 6.2753644
C17 1075.002 3.4945111
C17 1099.99 2.341181
C00 319.994 44.91307
C00 324.969 45.683647
C00 349.982 52.320244
C00 374.975 68.95965
C00 400.019 84.7681
C00 424.965 88.59242
C00 450.035 88.922585
C00 475.003 88.49662
C00 500.018 87.944405
C00 525.002 87.69911
C00 550.029 87.773926
C00 575.023 88.57539
C00 599.982 89.798004
C00 619.997 90.34786
C00 624.979 90.66155
C00 650.012 91.85735
C00 675.004 93.10965
C00 700.03 93.88794
C00 725.012 94.89917
C00 750.022 96.25025
C00 774.987 97.48523
C00 799.976 97.789055
C00 824.988 97.269135
C00 850.022 96.53055
C00 869.967 94.25579
C00 875.002 93.58744
C00 899.999 87.714554
C00 919.999 79.84273
C00 925.012 76.934906
C00 949.965 62.893726
C00 975.002 51.877525
C00 999.976 30.69799
C00 1025.028 15.2795925
C00 1050.014 6.2133827
C00 1075.002 3.3722713
C00 1099.99 2.2725136
C12 319.994 44.89329
C12 324.969 45.536495
C12 349.982 51.689003
C12 374.975 68.26263
C12 400.019 84.578674
C12 424.965 88.8482
C12 450.035 89.37119
C12 475.003 88.96444
C12 500.018 88.34097
C12 525.002 87.986885
C12 550.029 87.95391
C12 575.023 88.65749
C12 599.982 89.8071
C12 619.997 90.31687
C12 624.979 90.62239
C12 650.012 91.79041
C12 675.004 93.03869
C12 700.03 93.89639
C12 725.012 95.14448
C12 750.022 96.828545
C12 774.987 98.41503
C12 799.976 98.89317
C12 824.988 98.380844
C12 850.022 97.88603
C12 869.967 95.87996
C12 875.002 95.19953
C12 899.999 88.826546
C12 919.999 80.412186
C12 925.012 77.46777
C12 949.965 63.588135
C12 975.002 52.865723
C12 999.976 31.433256
C12 1025.028 15.452047
C12 1050.014 6.2671237
C12 1075.002 3.4810839
C12 1099.99 2.349728
C11 319.994 44.821095
C11 324.969 45.52583
C11 349.982 51.901432
C11 374.975 68.46934
C11 400.019 84.47704
C11 424.965 88.50664
C11 450.035 88.932915
C11 475.003 88.51748
C11 500.018 87.92948
C11 525.002 87.6237
C11 550.029 87.637
C11 575.023 88.375336
C11 599.982 89.55277
C11 619.997 90.07692
C11 624.979 90.38447
C11 650.012 91.55917
C11 675.004 92.808205
C11 700.03 93.65967
C11 725.012 94.8983
C11 750.022 96.5706
C11 774.987 98.138824
C11 799.976 98.593124
C11 824.988 98.05672
C11 850.022 97.55886
C11 869.967 95.55028
C11 875.002 94.861824
C11 899.999 88.43375
C11 919.999 79.9277
C11 925.012 76.962105
C11 949.965 63.029995
C11 975.002 52.456905
C11 999.976 31.189253
C11 1025.028 15.3591
C11 1050.014 6.2242966
C11 1075.002 3.4561667
C11 1099.99 2.338927
C03 319.994 44.801125
C03 324.969 45.406532
C03 349.982 51.349342
C03 374.975 67.8468
C03 400.019 84.378784
C03 424.965 88.84804
C03 450.035 89.47231
C03 475.003 89.084366
C03 500.018 88.44428
C03 525.002 88.07058
C03 550.029 88.01232
C03 575.023 88.71343
C03 599.982 89.839294
C03 619.997 90.34025
C03 624.979 90.644516
C03 650.012 91.80315
C03 675.004 93.04078
C03 700.03 93.814224
C03 725.012 94.82612
C03 750.022 96.185356
C03 774.987 97.436485
C03 799.976 97.78261
C03 824.988 97.33695
C03 850.022 96.68284
C03 869.967 94.359856
C03 875.002 93.65803
C03 899.999 87.75493
C03 919.999 80.02588
C03 925.012 77.18972
C03 949.965 63.28569
C03 975.002 52.175076
C03 999.976 30.73429
C03 1025.028 15.171122
C03 1050.014 6.2228327
C03 1075.002 3.413999
C03 1099.99 2.3203733
