lsstCam/transmission_sensor/r10_s21/19700101T000000.ecsv
# %ECSV 1.0
# ---
# datatype:
# - {name: amp_name, datatype: string}
# - {name: wavelength, unit: nm, datatype: float32}
# - {name: efficiency, unit: '%', datatype: float64}
# meta: !!omap
# - {MODE: AMP}
# - {TYPE: transmission_sensor}
# - {CALIBDATE: '1970-01-01T00:00:00'}
# - {INSTRUME: LSSTCam}
# - {OBSTYPE: transmission_sensor}
# - {DETECTOR: 34}
# - {PARQUETFILE: qe_raft_allvalues_nircorrected_20230725_adjust.parquet}
# - {CORRFILE: qe_corr_factor_bydetnum.parquet}
# - {CALIBCLS: lsst.ip.isr.IntermediateSensorTransmissionCurve}
# - {CALIB_ID: 'raftName=R10 detectorName=S21 detector=34 calibDate=1970-01-01T00:00:00 ccd=34 ccdnum=34 filter=None'}
# - {DATE: '2025-03-03T21:56:47.564326'}
# - {CALIB_CREATION_DATE: '2025-03-03'}
# - {CALIB_CREATION_TIME: '21:56:47'}
# - __serialized_columns__:
#     efficiency:
#       __class__: astropy.units.quantity.Quantity
#       unit: !astropy.units.Unit {unit: '%'}
#       value: !astropy.table.SerializedColumn {name: efficiency}
#     wavelength:
#       __class__: astropy.units.quantity.Quantity
#       unit: !astropy.units.Unit {unit: nm}
#       value: !astropy.table.SerializedColumn {name: wavelength}
# schema: astropy-2.0
amp_name wavelength efficiency
C00 319.994 45.19393952082497
C00 324.969 45.9693348828818
C00 349.982 52.6474342520277
C00 374.975 69.39089489926366
C00 400.019 85.29820356920811
C00 424.965 89.14644497251436
C00 450.035 89.47867172564561
C00 475.003 89.0500435550893
C00 500.018 88.49437463789369
C00 525.002 88.24754800958813
C00 550.029 88.3228297089805
C00 575.023 89.12930967238752
C00 599.982 90.35956587549053
C00 619.997 90.91286256699654
C00 624.979 91.22851444872374
C00 650.012 92.43179330207509
C00 675.004 93.69192112381322
C00 700.03 94.47507803982535
C00 725.012 95.49263234986645
C00 750.022 96.85216333739413
C00 774.987 98.09486412898534
C00 799.976 98.400589512924
C00 824.988 97.8774177845442
C00 850.022 97.13421252707153
C00 869.967 94.84522969556708
C00 875.002 94.17269987401183
C00 899.999 88.26308647171032
C00 919.999 80.34203296648211
C00 925.012 77.41602692770853
C00 949.965 63.287039204776136
C00 975.002 52.20194715715306
C00 999.976 30.88996368703187
C00 1025.028 15.375145131406248
C00 1050.014 6.252238795227464
C00 1075.002 0.9226949194598135
C00 1099.99 0.0915489422464004
C01 319.994 45.36031391898751
C01 324.969 46.086875211104015
C01 349.982 52.56110903595412
C01 374.975 69.33823763063911
C01 400.019 85.55405847392458
C01 424.965 89.63612916543121
C01 450.035 90.07337872579147
C01 475.003 89.65334123661596
C01 500.018 89.0650215884887
C01 525.002 88.768470345971
C01 550.029 88.80037639764086
C01 575.023 89.57334579426755
C01 599.982 90.76811841440183
C01 619.997 91.30430283709836
C01 624.979 91.617544107607
C01 650.012 92.80883899881768
C01 675.004 94.07127762939906
C01 700.03 94.85129460914244
C01 725.012 95.86301431878194
C01 750.022 97.22844132355756
C01 774.987 98.47485783435188
C01 799.976 98.79860138558342
C01 824.988 98.29479131801004
C01 850.022 97.57552327639554
C01 869.967 95.21987245819689
C01 875.002 94.51233503423197
C01 899.999 88.53332827268024
C01 919.999 80.6748585338651
C01 925.012 77.77713495282775
C01 949.965 63.700109720445774
C01 975.002 52.50505848656969
C01 999.976 30.975404116662975
C01 1025.028 15.41068245411554
C01 1050.014 6.277982050223128
C01 1075.002 0.9262796617455691
C01 1099.99 0.091904617082758
C02 319.994 45.38896487780174
C02 324.969 46.057544828427226
C02 349.982 52.29893587317117
C02 374.975 69.06052600573398
C02 400.019 85.56598101921892
C02 424.965 89.88458334016458
C02 450.035 90.42241066350053
C02 475.003 90.01566224445027
C02 500.018 89.3959278794238
C02 525.002 89.05418919221677
C02 550.029 89.04044717284981
C02 575.023 89.78098847461281
C02 599.982 90.94891425579387
C02 619.997 91.46849309866319
C02 624.979 91.7797613529834
C02 650.012 92.96285709520865
C02 675.004 94.21903888456988
C02 700.03 95.00184265371561
C02 725.012 96.0189516916208
C02 750.022 97.38761843504048
C02 774.987 98.63913254408043
C02 799.976 98.98014190623726
C02 824.988 98.50522846486344
C02 850.022 97.8131143464338
C02 869.967 95.42415256620544
C02 875.002 94.69858929784183
C02 899.999 88.67715117257997
C02 919.999 80.89846191715108
C02 925.012 78.03382666207551
C02 949.965 64.04838162468147
C02 975.002 52.76605321361363
C02 999.976 31.065349088117294
C02 1025.028 15.411258237049909
C02 1050.014 6.293454297307862
C02 1075.002 0.9277960985976428
C02 1099.99 0.09205507655409885
C03 319.994 45.0812933475449
C03 324.969 45.69048704631951
C03 349.982 51.67046112320097
C03 374.975 68.27108921718431
C03 400.019 84.90645621487462
C03 424.965 89.40365872495593
C03 450.035 90.03183790635316
C03 475.003 89.64146475395637
C03 500.018 88.99737860935896
C03 525.002 88.62133861347507
C03 550.029 88.56271623365046
C03 575.023 89.26821154747483
C03 599.982 90.40111437203464
C03 619.997 90.90520081541653
C03 624.979 91.2113714714911
C03 650.012 92.37724746542582
C03 675.004 93.62261988983249
C03 700.03 94.40090184366697
C03 725.012 95.41912406191194
C03 750.022 96.78686187553083
C03 774.987 98.04581510008283
C03 799.976 98.3941023585301
C03 824.988 97.9456595779257
C03 850.022 97.28745523577754
C03 869.967 94.94994541856443
C03 875.002 94.24372845679565
C03 899.999 88.30371371555944
C03 919.999 80.52632956811513
C03 925.012 77.672434584042
C03 949.965 63.6814543533722
C03 975.002 52.501358121578136
C03 999.976 30.92648943711183
C03 1025.028 15.265995879814254
C03 1050.014 6.261747850388578
C03 1075.002 0.9220726901388349
C03 1099.99 0.09148720522480322
C04 319.994 45.08419145498123
C04 324.969 45.64047837919306
C04 349.982 51.43295450132641
C04 374.975 67.99238724563206
C04 400.019 84.84117778432869
C04 424.965 89.52931759255276
C04 450.035 90.23566506511999
C04 475.003 89.84980605092866
C04 500.018 89.17985573691938
C04 525.002 88.76453199069991
C04 550.029 88.67122444690887
C04 575.023 89.33974681924091
C04 599.982 90.46091134904538
C04 619.997 90.95329788320088
C04 624.979 91.25490066132946
C04 650.012 92.4121552654602
C04 675.004 93.6554932568321
C04 700.03 94.43805903569829
C04 725.012 95.46990811672333
C04 750.022 96.85364501881192
C04 774.987 98.13020952404983
C04 799.976 98.49624625108727
C04 824.988 98.071594821331
C04 850.022 97.45278938610532
C04 869.967 95.16895789258704
C04 875.002 94.47066370399519
C04 899.999 88.56467389562732
C04 919.999 80.76038916948926
C04 925.012 77.90546545324005
C04 949.965 63.867873674756595
C04 975.002 52.694606228564155
C04 999.976 31.083603326413257
C04 1025.028 15.303538846411598
C04 1050.014 6.294811705575639
C04 1075.002 0.9227087882993931
C04 1099.99 0.09155031829992244
C05 319.994 45.0253963402763
C05 324.969 45.53925957788378
C05 349.982 51.127305888445655
C05 374.975 67.62473064927259
C05 400.019 84.64944974428941
C05 424.965 89.51713402566149
C05 450.035 90.30545763387137
C05 475.003 89.93219675028405
C05 500.018 89.24074286295252
C05 525.002 88.78945187609942
C05 550.029 88.6667947568671
C05 575.023 89.31148739282206
C05 599.982 90.40540587417215
C05 619.997 90.88383542999853
C05 624.979 91.18642087766843
C05 650.012 92.33225962548708
C05 675.004 93.57261889981183
C05 700.03 94.35941476396918
C05 725.012 95.40314032765384
C05 750.022 96.8114593224871
C05 774.987 98.11350414184732
C05 799.976 98.5005070448016
C05 824.988 98.08335614740373
C05 850.022 97.5167396773493
C05 869.967 95.27034942877663
C05 875.002 94.57731405765202
C05 899.999 88.68174975894914
C05 919.999 80.92838727552672
C05 925.012 78.08314438968071
C05 949.965 64.08619520925797
C05 975.002 52.92108084941619
C05 999.976 31.227698763568593
C05 1025.028 15.378230368296245
C05 1050.014 6.336266157573801
C05 1075.002 0.9223066768675774
C05 1099.99 0.09151042117306987
C06 319.994 44.91018601366184
C06 324.969 45.38526451281019
C06 349.982 50.79266468554295
C06 374.975 67.21252380800452
C06 400.019 84.37693552000518
C06 424.965 89.39261136972183
C06 450.035 90.24970649161281
C06 475.003 89.88168139417536
C06 500.018 89.16625190545666
C06 525.002 88.68542709262331
C06 550.029 88.5382032348579
C06 575.023 89.16692749076633
C06 599.982 90.23854397979184
C06 619.997 90.70851336503588
C06 624.979 91.00784371985014
C06 650.012 92.14751775171814
C06 675.004 93.38537428955485
C06 700.03 94.17851912020186
C06 725.012 95.23491190844263
C06 750.022 96.67857629834039
C06 774.987 98.00642387026616
C06 799.976 98.42381275794357
C06 824.988 98.02273004296751
C06 850.022 97.486507234742
C06 869.967 95.27598442442766
C06 875.002 94.58329452306367
C06 899.999 88.68610267793298
C06 919.999 80.98071442860223
C06 925.012 78.15589264416187
C06 949.965 64.2366703213261
C06 975.002 53.039085642538794
C06 999.976 31.295788934110693
C06 1025.028 15.399598632628924
C06 1050.014 6.35038339548632
C06 1075.002 0.9210404533082481
C06 1099.99 0.0913847876347689
C07 319.994 44.64569436492983
C07 324.969 45.07376210676335
C07 349.982 50.290950467850664
C07 374.975 66.60481179064769
C07 400.019 83.90096263803211
C07 424.965 89.07245302689496
C07 450.035 89.99525649725621
C07 475.003 89.63162270433155
C07 500.018 88.89695438849911
C07 525.002 88.39030379178284
C07 550.029 88.22202930993687
C07 575.023 88.83258953354239
C07 599.982 89.89129313062644
C07 619.997 90.35478303858237
C07 624.979 90.6488545759294
C07 650.012 91.7803908756583
C07 675.004 93.00952622131575
C07 700.03 93.80942690505935
C07 725.012 94.89463187133599
C07 750.022 96.36765351378081
C07 774.987 97.7346696794553
C07 799.976 98.1776386836303
C07 824.988 97.79034405065595
C07 850.022 97.28660307703468
C07 869.967 95.04890331221809
C07 875.002 94.33464842068551
C07 899.999 88.3422067239985
C07 919.999 80.77701778063386
C07 925.012 78.0109949494513
C07 949.965 64.4534180491402
C07 975.002 53.2095058754535
C07 999.976 31.21700263592445
C07 1025.028 15.415062242969643
C07 1050.014 6.353840012368986
C07 1075.002 0.9180780165901048
C07 1099.99 0.0910908573851294
C10 319.994 45.17476978766336
C10 324.969 45.936227364155556
C10 349.982 52.56244869091475
C10 374.975 69.25624614078488
C10 400.019 85.12646671265014
C10 424.965 88.97536834705446
C10 450.035 89.31830466276499
C10 475.003 88.89154202891604
C10 500.018 88.33497489034282
C10 525.002 88.07830621241243
C10 550.029 88.13769630281621
C10 575.023 88.93348205785553
C10 599.982 90.14469136148959
C10 619.997 90.69221486944032
C10 624.979 91.00465004384084
C10 650.012 92.20111162724926
C10 675.004 93.46708172649478
C10 700.03 94.32298689698807
C10 725.012 95.57268153195541
C10 750.022 97.2365253159561
C10 774.987 98.80572573975802
C10 799.976 99.25192680547129
C10 824.988 98.67566021343683
C10 850.022 98.1579238759575
C10 869.967 96.0697280693264
C10 875.002 95.3654457382171
C10 899.999 88.79867975726091
C10 919.999 80.14203668350528
C10 925.012 77.1208498871275
C10 949.965 63.026531973949965
C10 975.002 52.42898604528078
C10 999.976 31.18174168902366
C10 1025.028 15.397783956747435
C10 1050.014 6.233699064559875
C10 1075.002 0.9263540644020811
C10 1099.99 0.09191199924598482
C11 319.994 45.1013881719544
C11 324.969 45.81053011102978
C11 349.982 52.22600336815102
C11 374.975 68.89751801846106
C11 400.019 85.00532966036457
C11 424.965 89.06012359499367
C11 450.035 89.48906652688743
C11 475.003 89.07103276232353
C11 500.018 88.47935821896533
C11 525.002 88.17166749594402
C11 550.029 88.18504869133876
C11 575.023 88.92800060432032
C11 599.982 90.11280066403131
C11 619.997 90.64022550901964
C11 624.979 90.94969732058462
C11 650.012 92.13174897642222
C11 675.004 93.38859099688152
C11 700.03 94.24537903454085
C11 725.012 95.49175715980621
C11 750.022 97.1745173324774
C11 774.987 98.75254642793965
C11 799.976 99.20968736940594
C11 824.988 98.6699254154105
C11 850.022 98.16895587698001
C11 869.967 96.14781191233271
C11 875.002 95.4550529170166
C11 899.999 88.98677652626077
C11 919.999 80.4275328936831
C11 925.012 77.44339580985556
C11 949.965 63.424159991319804
C11 975.002 52.78495040951964
C11 999.976 31.384298286781984
C11 1025.028 15.455150170136902
C11 1050.014 6.263220895062339
C11 1075.002 0.9257632034510596
C11 1099.99 0.09185337456523726
C12 319.994 45.17403662406026
C12 324.969 45.821262704926426
C12 349.982 52.01224587304276
C12 374.975 68.68951451414358
C12 400.019 85.1075963866144
C12 424.965 89.40381994417756
C12 450.035 89.93008554619136
C12 475.003 89.5207883280183
C12 500.018 88.89342291983498
C12 525.002 88.53712076294129
C12 550.029 88.50394031171001
C12 575.023 89.21192300781087
C12 599.982 90.36871698559412
C12 619.997 90.88167816327109
C12 624.979 91.18910786469549
C12 650.012 92.36443437585964
C12 675.004 93.62051636284559
C12 700.03 94.48358427304244
C12 725.012 95.7394743323836
C12 750.022 97.43407260218541
C12 774.987 99.03048068891275
C12 799.976 99.51161258597776
C12 824.988 98.99607957786061
C12 850.022 98.49817320464095
C12 869.967 96.47955500779909
C12 875.002 95.79487232777574
C12 899.999 89.38203231794101
C12 919.999 80.91505214276673
C12 925.012 77.95222670461665
C12 949.965 63.98579018116259
C12 975.002 53.196324284809336
C12 999.976 31.62982748420876
C12 1025.028 15.54867843071945
C12 1050.014 6.306315848604344
C12 1075.002 0.9282358454174404
C12 1099.99 0.09209870782957207
C13 319.994 45.094075728687905
C13 324.969 45.68750832927237
C13 349.982 51.645364664368245
C13 374.975 68.26504733492632
C13 400.019 84.91787207118672
C13 424.965 89.4237957734473
C13 450.035 90.04115791278416
C13 475.003 89.64163365028378
C13 500.018 88.98281513967231
C13 525.002 88.58375150351944
C13 550.029 88.50985936027534
C13 575.023 89.18399369694104
C13 599.982 90.3126510819981
C13 619.997 90.80889152326098
C13 624.979 91.11579918149155
C13 650.012 92.27567167869724
C13 675.004 93.532459959416
C13 700.03 94.39279481995105
C13 725.012 95.66428475826072
C13 750.022 97.36649103990202
C13 774.987 98.9760807172735
C13 799.976 99.46942688965295
C13 824.988 98.96778944301859
C13 850.022 98.45460562927366
C13 869.967 96.41917457074821
C13 875.002 95.73559739395884
C13 899.999 89.32023161631868
C13 919.999 80.87412549179173
C13 925.012 77.92109604063174
C13 949.965 64.02298575872287
C13 975.002 53.18295460507328
C13 999.976 31.587161968771973
C13 1025.028 15.536304855459848
C13 1050.014 6.298696800925298
C13 1075.002 0.9275919107878685
C13 1099.99 0.09203481722719653
C14 319.994 44.905967444029365
C14 324.969 45.44124980679539
C14 349.982 51.15043700819573
C14 374.975 67.66920412312331
C14 400.019 84.52043598146167
C14 424.965 89.23397165564432
C14 450.035 89.94926295645877
C14 475.003 89.56786434073236
C14 500.018 88.8818995840418
C14 525.002 88.44755196967076
C14 550.029 88.3301459907999
C14 575.023 88.96888119266056
C14 599.982 90.06999312213738
C14 619.997 90.54943605592825
C14 624.979 90.8524360673109
C14 650.012 91.99917303650716
C14 675.004 93.2474934695378
C14 700.03 94.1139930460235
C14 725.012 95.38608947569071
C14 750.022 97.10589936091212
C14 774.987 98.7278415015023
C14 799.976 99.23919816406882
C14 824.988 98.74333390098974
C14 850.022 98.21597814995353
C14 869.967 96.16566886040397
C14 875.002 95.47958127002074
C14 899.999 89.0548033606801
C14 919.999 80.62906459781824
C14 925.012 77.68602306129311
C14 949.965 63.84106138277945
C14 975.002 52.976348334009884
C14 999.976 31.455037058822185
C14 1025.028 15.452734760727221
C14 1050.014 6.2526658342371215
C14 1075.002 0.9251091422145656
C14 1099.99 0.09178847921022604
C15 319.994 44.98654250786504
C15 324.969 45.47377002692859
C15 349.982 50.990803108918215
C15 374.975 67.48350261113042
C15 400.019 84.5746593796677
C15 424.965 89.4899033314187
C15 450.035 90.2953852710728
C15 475.003 89.92810485289714
C15 500.018 89.21860976695534
C15 525.002 88.75197992273064
C15 550.029 88.60368894726021
C15 575.023 89.21732001318236
C15 599.982 90.30225628075628
C15 619.997 90.77147330963275
C15 624.979 91.06933733724082
C15 650.012 92.21488435503939
C15 675.004 93.46077882263988
C15 700.03 94.33296713451715
C15 725.012 95.62685886752669
C15 750.022 97.37172682605188
C15 774.987 99.02007053345935
C15 799.976 99.54898473697125
C15 824.988 99.0555541164281
C15 850.022 98.56092586738146
C15 869.967 96.50476662321869
C15 875.002 95.80989642380989
C15 899.999 89.37219794542199
C15 919.999 80.95453549785289
C15 925.012 78.00847685875166
C15 949.965 64.11305740242275
C15 975.002 53.16401518508541
C15 999.976 31.607717419528967
C15 1025.028 15.530173726847035
C15 1050.014 6.282328731558507
C15 1075.002 0.9276414513574868
C15 1099.99 0.09203973259700207
C16 319.994 44.719114366167744
C16 324.969 45.16507744160147
C16 349.982 50.49360686798428
C16 374.975 66.86048244482515
C16 400.019 84.03108190409385
C16 424.965 89.08534288751905
C16 450.035 89.96532346177479
C16 475.003 89.60661837076832
C16 500.018 88.88097833134681
C16 525.002 88.38423887820747
C16 550.029 88.2102142441236
C16 575.023 88.79526344518365
C16 599.982 89.85617804873569
C16 619.997 90.31462409818654
C16 624.979 90.60883382343782
C16 650.012 91.74108409400534
C16 675.004 92.9786028391872
C16 700.03 93.84934017806987
C16 725.012 95.14896670910572
C16 750.022 96.91609827442653
C16 774.987 98.58360403788981
C16 799.976 99.12803367220654
C16 824.988 98.66490458822281
C16 850.022 98.19233266411541
C16 869.967 96.15644097924246
C16 875.002 95.46332115995415
C16 899.999 89.068768016115
C16 919.999 80.7208981372973
C16 925.012 77.79464643113839
C16 949.965 64.00443019402458
C16 975.002 53.04737307824082
C16 999.976 31.552261845843386
C16 1025.028 15.49689251360225
C16 1050.014 6.277092465589527
C16 1075.002 0.9233005275123739
C16 1099.99 0.09160903012101476
C17 319.994 44.759069863260095
C17 324.969 45.180224371328286
C17 349.982 50.407185688088305
C17 374.975 66.78308954134009
C17 400.019 84.10184178817498
C17 424.965 89.26767415006942
C17 450.035 90.18430522737422
C17 475.003 89.82194583401096
C17 500.018 89.07576953659694
C17 525.002 88.55371866566271
C17 550.029 88.35974891073229
C17 575.023 88.93238423172733
C17 599.982 89.98405559990627
C17 619.997 90.43278243342498
C17 624.979 90.72661598049245
C17 650.012 91.85731547569009
C17 675.004 93.09774384396697
C17 700.03 93.98114073029996
C17 725.012 95.30382161002798
C17 750.022 97.10420272053219
C17 774.987 98.80740702592638
C17 799.976 99.37583529294763
C17 824.988 98.92912753825212
C17 850.022 98.4683553257464
C17 869.967 96.38157210658098
C17 875.002 95.67408842235659
C17 899.999 89.1938894863064
C17 919.999 80.9042965175527
C17 925.012 78.01195458767526
C17 949.965 64.40978137982077
C17 975.002 53.2809298291856
C17 999.976 31.64803949842287
C17 1025.028 15.551060252791292
C17 1050.014 6.3146080824974895
C17 1075.002 0.9250922996873802
C17 1099.99 0.09178680811015161
