ts8/qe_curve/rtm-016_s10/19700101T000000.ecsv
# %ECSV 0.9
# ---
# datatype:
# - {name: amp_name, datatype: string}
# - {name: wavelength, unit: nm, datatype: float32}
# - {name: efficiency, unit: '%', datatype: float32}
# meta: !!omap
# - {MODE: AMP}
# - {TYPE: QE}
# - {CALIBDATE: '1970-01-01T00:00:00'}
# - {INSTRUME: TS8}
# - {OBSTYPE: qe_curve}
# - {DETECTOR: 129}
# - {PICKLEFILE: RaftRun12027.p}
# - {CALIB_ID: 'raftName=RTM-016 detectorName=S10 detector=129 calibDate=1970-01-01T00:00:00 ccd=129 ccdnum=129 filter=None'}
# - {DATE: '2020-01-23T13:26:18.608433'}
# - {CALIB_CREATION_DATE: '2020-01-23'}
# - {CALIB_CREATION_TIME: '13:26:18'}
# - __serialized_columns__:
#     efficiency:
#       __class__: astropy.units.quantity.Quantity
#       unit: !astropy.units.Unit {unit: '%'}
#       value: !astropy.table.SerializedColumn {name: efficiency}
#     wavelength:
#       __class__: astropy.units.quantity.Quantity
#       unit: !astropy.units.Unit {unit: nm}
#       value: !astropy.table.SerializedColumn {name: wavelength}
# schema: astropy-2.0
amp_name wavelength efficiency
C12 319.994 45.226166
C12 324.969 51.07754
C12 349.982 76.54345
C12 374.975 82.09051
C12 400.019 87.28734
C12 424.965 88.80885
C12 450.035 90.598724
C12 475.003 91.83571
C12 500.018 94.15241
C12 525.002 96.17669
C12 550.029 96.850945
C12 575.023 98.65554
C12 599.982 99.29208
C12 619.997 99.31667
C12 624.979 99.35691
C12 650.012 100.08108
C12 675.004 99.76356
C12 700.03 99.79137
C12 725.012 99.019936
C12 750.022 99.066536
C12 774.987 98.37381
C12 799.976 97.41574
C12 824.988 95.62885
C12 850.022 93.45143
C12 869.967 90.46085
C12 875.002 89.09493
C12 899.999 81.90049
C12 919.999 73.80679
C12 925.012 71.36733
C12 949.965 57.65754
C12 975.002 42.77729
C12 999.976 25.942814
C12 1025.028 11.133216
C12 1050.014 3.8610249
C12 1075.002 2.1191404
C12 1099.99 1.7182556
C10 319.994 45.540554
C10 324.969 51.439335
C10 349.982 76.95483
C10 374.975 82.30016
C10 400.019 87.377266
C10 424.965 88.86136
C10 450.035 90.64151
C10 475.003 91.87904
C10 500.018 94.19661
C10 525.002 96.222115
C10 550.029 96.88609
C10 575.023 98.68447
C10 599.982 99.31362
C10 619.997 99.328255
C10 624.979 99.36833
C10 650.012 100.0794
C10 675.004 99.75226
C10 700.03 99.751945
C10 725.012 98.92012
C10 750.022 98.89103
C10 774.987 98.12876
C10 799.976 97.13686
C10 824.988 95.38525
C10 850.022 93.275505
C10 869.967 90.233536
C10 875.002 88.844
C10 899.999 81.77714
C10 919.999 74.05404
C10 925.012 71.678116
C10 949.965 57.449905
C10 975.002 42.55667
C10 999.976 25.838068
C10 1025.028 11.135658
C10 1050.014 3.9290183
C10 1075.002 2.140825
C10 1099.99 1.7088523
C01 319.994 43.29708
C01 324.969 48.898514
C01 349.982 73.23154
C01 374.975 79.11198
C01 400.019 85.51342
C01 424.965 87.6293
C01 450.035 89.722015
C01 475.003 91.14801
C01 500.018 93.578255
C01 525.002 95.67971
C01 550.029 96.41138
C01 575.023 98.252106
C01 599.982 98.91567
C01 619.997 98.96346
C01 624.979 99.00827
C01 650.012 99.74911
C01 675.004 99.45419
C01 700.03 99.513664
C01 725.012 98.805084
C01 750.022 98.93458
C01 774.987 98.32378
C01 799.976 97.40804
C01 824.988 95.651276
C01 850.022 93.57296
C01 869.967 90.6052
C01 875.002 89.20346
C01 899.999 82.060776
C01 919.999 74.10485
C01 925.012 71.695885
C01 949.965 57.815426
C01 975.002 42.793015
C01 999.976 26.02611
C01 1025.028 11.150395
C01 1050.014 3.941698
C01 1075.002 2.1540473
C01 1099.99 1.7374866
C16 319.994 44.172607
C16 324.969 49.89187
C16 349.982 75.027214
C16 374.975 80.913284
C16 400.019 86.476006
C16 424.965 88.15831
C16 450.035 90.00422
C16 475.003 91.28556
C16 500.018 93.62199
C16 525.002 95.663155
C16 550.029 96.3546
C16 575.023 98.178734
C16 599.982 98.83747
C16 619.997 98.88314
C16 624.979 98.923676
C16 650.012 99.66739
C16 675.004 99.37285
C16 700.03 99.43905
C16 725.012 98.742004
C16 750.022 98.88317
C16 774.987 98.27897
C16 799.976 97.34814
C16 824.988 95.594955
C16 850.022 93.43343
C16 869.967 90.31448
C16 875.002 88.95787
C16 899.999 82.11321
C16 919.999 73.94899
C16 925.012 71.51443
C16 949.965 57.52971
C16 975.002 42.719227
C16 999.976 25.90292
C16 1025.028 11.173666
C16 1050.014 3.952356
C16 1075.002 2.1552942
C16 1099.99 1.7284216
C11 319.994 45.390167
C11 324.969 51.2644
C11 349.982 76.75835
C11 374.975 82.22958
C11 400.019 87.35695
C11 424.965 88.853645
C11 450.035 90.63293
C11 475.003 91.868515
C11 500.018 94.18109
C11 525.002 96.20006
C11 550.029 96.87146
C11 575.023 98.67048
C11 599.982 99.30234
C11 619.997 99.32378
C11 624.979 99.36164
C11 650.012 100.078835
C11 675.004 99.75719
C11 700.03 99.774086
C11 725.012 98.96917
C11 750.022 98.973816
C11 774.987 98.2426
C11 799.976 97.271805
C11 824.988 95.49145
C11 850.022 93.352005
C11 869.967 90.346725
C11 875.002 88.97437
C11 899.999 81.74782
C11 919.999 73.910194
C11 925.012 71.48817
C11 949.965 57.64113
C11 975.002 42.670055
C11 999.976 25.818928
C11 1025.028 11.093174
C11 1050.014 3.8892949
C11 1075.002 2.1368449
C11 1099.99 1.7170268
C02 319.994 43.586315
C02 324.969 49.224476
C02 349.982 73.70302
C02 374.975 79.530495
C02 400.019 85.769905
C02 424.965 87.80618
C02 450.035 89.86196
C02 475.003 91.263565
C02 500.018 93.68017
C02 525.002 95.773575
C02 550.029 96.495705
C02 575.023 98.33356
C02 599.982 98.997
C02 619.997 99.04174
C02 624.979 99.083405
C02 650.012 99.82382
C02 675.004 99.52873
C02 700.03 99.58957
C02 725.012 98.8925
C02 750.022 99.03414
C02 774.987 98.438126
C02 799.976 97.528625
C02 824.988 95.7608
C02 850.022 93.69085
C02 869.967 90.658745
C02 875.002 89.36062
C02 899.999 82.22287
C02 919.999 73.96827
C02 925.012 71.64046
C02 949.965 57.55229
C02 975.002 43.030575
C02 999.976 25.99672
C02 1025.028 11.168093
C02 1050.014 3.8990204
C02 1075.002 2.1425183
C02 1099.99 1.7349192
C14 319.994 44.616417
C14 324.969 50.391384
C14 349.982 75.64795
C14 374.975 81.38266
C14 400.019 86.75629
C14 424.965 88.34459
C14 450.035 90.16286
C14 475.003 91.41251
C14 500.018 93.73252
C14 525.002 95.76394
C14 550.029 96.4482
C14 575.023 98.25752
C14 599.982 98.90216
C14 619.997 98.93616
C14 624.979 98.981834
C14 650.012 99.71104
C14 675.004 99.41238
C14 700.03 99.47212
C14 725.012 98.765724
C14 750.022 98.89467
C14 774.987 98.28418
C14 799.976 97.35033
C14 824.988 95.58356
C14 850.022 93.42863
C14 869.967 90.28923
C14 875.002 88.937675
C14 899.999 82.036934
C14 919.999 73.8568
C14 925.012 71.36122
C14 949.965 57.365982
C14 975.002 42.811283
C14 999.976 26.022877
C14 1025.028 11.243274
C14 1050.014 3.911484
C14 1075.002 2.113995
C14 1099.99 1.7172384
C06 319.994 44.581104
C06 324.969 50.34502
C06 349.982 75.17655
C06 374.975 80.684906
C06 400.019 86.51804
C06 424.965 88.37636
C06 450.035 90.3508
C06 475.003 91.71061
C06 500.018 94.09784
C06 525.002 96.16809
C06 550.029 96.863556
C06 575.023 98.68121
C06 599.982 99.32377
C06 619.997 99.34843
C06 624.979 99.38604
C06 650.012 100.10964
C06 675.004 99.784515
C06 700.03 99.79558
C06 725.012 98.979065
C06 750.022 98.981766
C06 774.987 98.25671
C06 799.976 97.29663
C06 824.988 95.551605
C06 850.022 93.54534
C06 869.967 90.54593
C06 875.002 89.18262
C06 899.999 82.019684
C06 919.999 74.21793
C06 925.012 71.87341
C06 949.965 57.635777
C06 975.002 42.722744
C06 999.976 25.873293
C06 1025.028 11.088997
C06 1050.014 3.941026
C06 1075.002 2.1731508
C06 1099.99 1.7356843
C15 319.994 44.38525
C15 324.969 50.130848
C15 349.982 75.330635
C15 374.975 81.15655
C15 400.019 86.62353
C15 424.965 88.26138
C15 450.035 90.09314
C15 475.003 91.35649
C15 500.018 93.68287
C15 525.002 95.72372
C15 550.029 96.41224
C15 575.023 98.2313
C15 599.982 98.88138
C15 619.997 98.925674
C15 624.979 98.96681
C15 650.012 99.70617
C15 675.004 99.4128
C15 700.03 99.47994
C15 725.012 98.79157
C15 750.022 98.942795
C15 774.987 98.351105
C15 799.976 97.42982
C15 824.988 95.666534
C15 850.022 93.51693
C15 869.967 90.374664
C15 875.002 89.00764
C15 899.999 82.137146
C15 919.999 74.01273
C15 925.012 71.55054
C15 949.965 57.491425
C15 975.002 42.764328
C15 999.976 26.002588
C15 1025.028 11.223827
C15 1050.014 3.9426472
C15 1075.002 2.1363678
C15 1099.99 1.7228699
C17 319.994 43.98795
C17 324.969 49.68762
C17 349.982 74.76899
C17 374.975 80.72256
C17 400.019 86.39313
C17 424.965 88.12227
C17 450.035 89.990326
C17 475.003 91.28504
C17 500.018 93.6393
C17 525.002 95.68645
C17 550.029 96.39013
C17 575.023 98.211525
C17 599.982 98.87429
C17 619.997 98.92791
C17 624.979 98.97201
C17 650.012 99.716675
C17 675.004 99.41527
C17 700.03 99.47109
C17 725.012 98.7245
C17 750.022 98.79266
C17 774.987 98.11862
C17 799.976 97.16276
C17 824.988 95.43033
C17 850.022 93.25672
C17 869.967 90.13719
C17 875.002 88.782845
C17 899.999 82.03625
C17 919.999 73.935875
C17 925.012 71.509
C17 949.965 57.49305
C17 975.002 42.631
C17 999.976 25.898338
C17 1025.028 11.216893
C17 1050.014 3.9893823
C17 1075.002 2.1657333
C17 1099.99 1.7295506
C00 319.994 43.11953
C00 324.969 48.69956
C00 349.982 72.97178
C00 374.975 78.91888
C00 400.019 85.46211
C00 424.965 87.64575
C00 450.035 89.770424
C00 475.003 91.21445
C00 500.018 93.657166
C00 525.002 95.768166
C00 550.029 96.50385
C00 575.023 98.35484
C00 599.982 99.02826
C00 619.997 99.075905
C00 624.979 99.12006
C00 650.012 99.8667
C00 675.004 99.56741
C00 700.03 99.6125
C00 725.012 98.849365
C00 750.022 98.907425
C00 774.987 98.23078
C00 799.976 97.28934
C00 824.988 95.560486
C00 850.022 93.463234
C00 869.967 90.46252
C00 875.002 89.08116
C00 899.999 82.090485
C00 919.999 74.29096
C00 925.012 71.73775
C00 949.965 57.808605
C00 975.002 42.842785
C00 999.976 26.01632
C00 1025.028 11.260431
C00 1050.014 3.9878547
C00 1075.002 2.1674852
C00 1099.99 1.7380865
C05 319.994 44.36878
C05 324.969 50.10588
C05 349.982 74.8792
C05 374.975 80.46231
C05 400.019 86.3626
C05 424.965 88.24611
C05 450.035 90.229065
C05 475.003 91.592026
C05 500.018 93.979126
C05 525.002 96.05267
C05 550.029 96.75378
C05 575.023 98.57423
C05 599.982 99.2191
C05 619.997 99.247086
C05 624.979 99.28638
C05 650.012 100.01603
C05 675.004 99.697334
C05 700.03 99.720795
C05 725.012 98.94163
C05 750.022 98.982735
C05 774.987 98.29225
C05 799.976 97.34731
C05 824.988 95.59727
C05 850.022 93.56304
C05 869.967 90.59352
C05 875.002 89.2257
C05 899.999 82.03014
C05 919.999 74.043846
C05 925.012 71.81929
C05 949.965 57.630646
C05 975.002 42.546894
C05 999.976 25.959063
C05 1025.028 11.060156
C05 1050.014 3.9238584
C05 1075.002 2.160397
C05 1099.99 1.7344427
C04 319.994 44.017994
C04 324.969 49.708527
C04 349.982 74.33754
C04 374.975 79.99554
C04 400.019 86.02108
C04 424.965 87.95927
C04 450.035 89.962715
C04 475.003 91.3342
C04 500.018 93.72611
C04 525.002 95.805176
C04 550.029 96.51085
C04 575.023 98.33572
C04 599.982 98.9862
C04 619.997 99.02101
C04 624.979 99.062035
C04 650.012 99.78929
C04 675.004 99.48227
C04 700.03 99.52457
C04 725.012 98.775215
C04 750.022 98.86211
C04 774.987 98.21578
C04 799.976 97.289986
C04 824.988 95.52929
C04 850.022 93.46791
C04 869.967 90.457504
C04 875.002 89.192505
C04 899.999 82.07842
C04 919.999 73.77929
C04 925.012 71.58735
C04 949.965 57.33016
C04 975.002 42.711643
C04 999.976 25.97942
C04 1025.028 11.069958
C04 1050.014 3.902167
C04 1075.002 2.146211
C04 1099.99 1.7309254
C07 319.994 44.778053
C07 324.969 50.569355
C07 349.982 75.43052
C07 374.975 80.84446
C07 400.019 86.66598
C07 424.965 88.52968
C07 450.035 90.51895
C07 475.003 91.88511
C07 500.018 94.28097
C07 525.002 96.35497
C07 550.029 97.05296
C07 575.023 98.873184
C07 599.982 99.50813
C07 619.997 99.527466
C07 624.979 99.56881
C07 650.012 100.28305
C07 675.004 99.95157
C07 700.03 99.95026
C07 725.012 99.10465
C07 750.022 99.07128
C07 774.987 98.30589
C07 799.976 97.33024
C07 824.988 95.59891
C07 850.022 93.61814
C07 869.967 90.57006
C07 875.002 89.20184
C07 899.999 82.20226
C07 919.999 74.3095
C07 925.012 71.984024
C07 949.965 57.676235
C07 975.002 42.721893
C07 999.976 25.932543
C07 1025.028 11.132765
C07 1050.014 3.9594886
C07 1075.002 2.1707714
C07 1099.99 1.7306155
C13 319.994 44.935394
C13 324.969 50.75046
C13 349.982 76.1162
C13 374.975 81.746056
C13 400.019 87.03127
C13 424.965 88.58567
C13 450.035 90.38575
C13 475.003 91.634926
C13 500.018 93.95212
C13 525.002 95.97664
C13 550.029 96.65766
C13 575.023 98.46354
C13 599.982 99.102516
C13 619.997 99.13441
C13 624.979 99.17555
C13 650.012 99.90004
C13 675.004 99.59174
C13 700.03 99.63645
C13 725.012 98.8989
C13 750.022 98.989624
C13 774.987 98.339424
C13 799.976 97.39258
C13 824.988 95.615005
C13 850.022 93.43102
C13 869.967 90.36356
C13 875.002 89.02775
C13 899.999 81.99591
C13 919.999 73.75438
C13 925.012 71.265335
C13 949.965 57.46439
C13 975.002 42.877884
C13 999.976 26.020939
C13 1025.028 11.217585
C13 1050.014 3.8663087
C13 1075.002 2.107762
C13 1099.99 1.7163583
C03 319.994 43.75403
C03 324.969 49.410656
C03 349.982 73.93764
C03 374.975 79.703316
C03 400.019 85.8762
C03 424.965 87.87347
C03 450.035 89.90803
C03 475.003 91.29619
C03 500.018 93.70104
C03 525.002 95.78673
C03 550.029 96.498795
C03 575.023 98.32938
C03 599.982 98.987656
C03 619.997 99.02525
C03 624.979 99.070465
C03 650.012 99.8083
C03 675.004 99.50447
C03 700.03 99.557816
C03 725.012 98.84213
C03 750.022 98.9633
C03 774.987 98.35131
C03 799.976 97.43236
C03 824.988 95.673065
C03 850.022 93.58763
C03 869.967 90.62758
C03 875.002 89.25819
C03 899.999 82.088
C03 919.999 74.01499
C03 925.012 71.569115
C03 949.965 57.715485
C03 975.002 42.877914
C03 999.976 25.962084
C03 1025.028 11.154879
C03 1050.014 3.89959
C03 1075.002 2.1413004
C03 1099.99 1.7349929
