lsstCam/transmission_filter_detector/r42_s11/i_39/19700101T000000.ecsv
# %ECSV 1.0
# ---
# datatype:
# - {name: wavelength, unit: nm, datatype: float32}
# - {name: efficiency, unit: '%', datatype: float64}
# meta: !!omap
# - {MODE: DETECTOR}
# - {TYPE: transmission_filter_detector}
# - {CALIBDATE: '1970-01-01T00:00:00'}
# - {INSTRUME: LSSTCam}
# - {OBSTYPE: transmission_filter_detector}
# - {CALIBCLS: lsst.ip.isr.IntermediateFilterDetectorTransmissionCurve}
# - {SOURCE: Materion (DM-46256)}
# - {DETECTOR: 175}
# - {FILTER: i_39}
# - {CALIB_ID: 'calibDate=1970-01-01T00:00:00 filter=i_39 detector=175'}
# - {DATE: '2025-04-02T15:59:47.289513'}
# - {CALIB_CREATION_DATE: '2025-04-02'}
# - {CALIB_CREATION_TIME: '15:59:47'}
# - __serialized_columns__:
#     efficiency:
#       __class__: astropy.units.quantity.Quantity
#       unit: !astropy.units.Unit {unit: '%'}
#       value: !astropy.table.SerializedColumn {name: efficiency}
#     wavelength:
#       __class__: astropy.units.quantity.Quantity
#       unit: !astropy.units.Unit {unit: nm}
#       value: !astropy.table.SerializedColumn {name: wavelength}
# schema: astropy-2.0
wavelength efficiency
[from data line 597]
897.0 8.463151743853814e-05
898.0 1.6515569711827993e-05
899.0 1.6429533514911165e-10
900.0 1.6429533514911165e-10
901.0 1.6429533514911165e-10
902.0 0.00012383788998704404
903.0 6.731859798492223e-05
904.0 1.0799291771945718e-05
905.0 1.6429533514911165e-10
906.0 1.6429533514911165e-10
907.0 1.6429533514911165e-10
908.0 1.6429533514911165e-10
909.0 1.6429533514911165e-10
910.0 1.6429533514911165e-10
911.0 1.6429533514911165e-10
912.0 4.884944928562618e-05
913.0 8.321517270815093e-05
914.0 0.00011758087339330814
915.0 0.00010113855068993871
916.0 8.469623367091117e-05
917.0 1.6429533514911165e-10
918.0 1.6429533514911165e-10
919.0 1.6429533514911165e-10
920.0 1.6429533514911165e-10
921.0 1.6429533514911165e-10
922.0 5.615085569843359e-05
923.0 2.9627369713125518e-05
924.0 3.1038723591336748e-06
925.0 1.6429533514911165e-10
926.0 1.6429533514911165e-10
927.0 1.6429533514911165e-10
928.0 1.6429533514911165e-10
929.0 8.092083021438157e-05
930.0 0.0003459265371930087
931.0 3.671416948236583e-05
932.0 1.6429533514911165e-10
933.0 1.6429533514911165e-10
934.0 1.6429533514911165e-10
935.0 1.6429533514911165e-10
936.0 1.6429533514911165e-10
937.0 1.6429533514911165e-10
938.0 1.6429533514911165e-10
939.0 2.381085977276598e-05
940.0 6.215803978193435e-05
941.0 0.00017648338825893006
942.0 0.0002908087708419771
943.0 3.14671154910684e-05
944.0 1.6429533514911165e-10
945.0 1.6429533514911165e-10
946.0 5.006303922527877e-05
947.0 6.693268232993432e-05
948.0 8.380234817195742e-05
949.0 6.675012400592095e-05
950.0 4.969788278685883e-05
951.0 1.6429533514911165e-10
952.0 1.6429533514911165e-10
953.0 1.6429533514911165e-10
954.0 1.6429533514911165e-10
955.0 1.6429533514911165e-10
956.0 0.00022328406430460745
957.0 0.00015404092437165673
958.0 8.479785833515052e-05
959.0 4.2853312720581016e-05
960.0 9.087774976990204e-07
961.0 9.469586643717776e-05
962.0 0.00018848293166229269
963.0 0.00013202560467107105
964.0 7.55682833641913e-05
965.0 5.316136935107352e-05
966.0 3.075447807532328e-05
967.0 2.309564450797552e-05
968.0 1.5436820888226066e-05
969.0 2.3631282886071858e-05
970.0 3.1825757673686894e-05
971.0 1.9135511308832065e-05
972.0 6.4452599701780855e-06
973.0 1.7960276466055802e-05
974.0 2.9475296514647198e-05
975.0 6.552000968440552e-05
976.0 0.00010156472853850573
977.0 1.6429533514911165e-10
978.0 1.6429533514911165e-10
979.0 1.6429533514911165e-10
980.0 3.099454488619813e-05
981.0 5.781280876249184e-06
982.0 1.6429533514911165e-10
983.0 5.827106406286475e-05
984.0 0.0001359741418127669
985.0 0.00015148750662774546
986.0 0.00016700079186193761
987.0 7.795362648721493e-05
988.0 1.6429533514911165e-10
989.0 1.6429533514911165e-10
990.0 1.6429533514911165e-10
991.0 4.1722154264789424e-05
992.0 0.00014679121704830322
993.0 9.467267432228255e-05
994.0 4.2554137280603754e-05
995.0 0.0001326946744484303
996.0 0.00022283520593191497
997.0 9.025266649587138e-05
998.0 1.6429533514911165e-10
999.0 1.6429533514911165e-10
1000.0 1.6429533514911165e-10
1001.0 7.26824566754658e-05
1002.0 0.0002174443579860963
1003.0 0.00016501517166034319
1004.0 0.0001125859739659063
1005.0 0.00018100193983627832
1006.0 0.00024941798528743675
1007.0 0.00025593922146072146
1008.0 0.0002624604803713737
1009.0 0.00025134872885246295
1010.0 0.00024023704554565484
1011.0 0.000334957690029114
1012.0 0.00042967840272467583
1013.0 0.0003091932740062475
1014.0 0.00018870812255045166
1015.0 0.0002175034069296089
1016.0 0.00024629869130876614
1017.0 0.0003628403419497772
1018.0 0.0004793820608028909
1019.0 0.0004453989276953507
1020.0 0.0004114157945878105
1021.0 0.00034842066725104814
1022.0 0.0002854254489648156
1023.0 0.0002525512400097796
1024.0 0.00021967700831737602
1025.0 0.0001412422989233164
1026.0 6.280761795096623e-05
1027.0 0.0002667854005267145
1028.0 0.0004707630978373345
1029.0 0.0008603257811046205
1030.0 0.0012498883734224364
1031.0 0.0011818464372481685
1032.0 0.0011138045920233708
1033.0 0.001401471581630176
1034.0 0.0016891382983885705
1035.0 0.002168396531487815
1036.0 0.002647654400789179
1037.0 0.0028745324016199447
1038.0 0.0031014107662485912
1039.0 0.003254166222177446
1040.0 0.0034069216781063005
1041.0 0.0032973566703731194
1042.0 0.0031877916626399383
1043.0 0.0033315249311272055
1044.0 0.0034752585634123534
1045.0 0.003515389471431263
1046.0 0.0035555200156522915
1047.0 0.0033478332625236362
1048.0 0.0031401468731928617
1049.0 0.0031253825000021607
1050.0 0.0031106181268114597
1051.0 0.0026876155970967375
1052.0 0.002264613431179896
1053.0 0.00220857637032168
1054.0 0.0021525393094634637
1055.0 0.00174466404132545
1056.0 0.001336788682237966
1057.0 0.0012167434761067852
1058.0 0.001096697997127194
1059.0 0.0009124760254053399
1060.0 0.0007282536898856051
1061.0 0.0011527684364409652
1062.0 0.0015772833648952655
1063.0 0.0016610752936685458
1064.0 0.001744867222441826
1065.0 0.002063009924313519
1066.0 0.0023811526261852123
1067.0 0.0030764713301323354
1068.0 0.0037717905797762796
1069.0 0.003478386497590691
1070.0 0.0031849820516072214
1071.0 0.0031984443921828642
1072.0 0.0032119063689606264
1073.0 0.0027518994102138095
1074.0 0.002291892087669112
1075.0 0.0026018349672085606
1076.0 0.0029117778467480093
1077.0 0.003406299219932407
1078.0 0.003900820593116805
1079.0 0.0036384586564963683
1080.0 0.003376096356078051
1081.0 0.0022374333639163524
1082.0 0.0010987702808051836
1083.0 0.0011922820704057813
1084.0 0.001285793860006379
1085.0 0.000987722523859702
1086.0 0.0006896510512888199
1087.0 0.0004208444806863554
1088.0 0.00015203787597783958
1089.0 1.6429533514911165e-10
1090.0 1.6429533514911165e-10
1091.0 0.0004607514711096883
1092.0 0.0018681934307096526
1093.0 0.0012330223398748785
1094.0 0.0005978511126158992
1095.0 0.00026175780476478394
1096.0 1.6429533514911165e-10
1097.0 1.6429533514911165e-10
1098.0 1.6429533514911165e-10
1099.0 0.00020789302652701735
1100.0 0.001020961190079106
