lsstCam/transmission_filter_detector/r42_s11/i_39/19700101T000000.ecsv
# %ECSV 1.0
# ---
# datatype:
# - {name: wavelength, unit: nm, datatype: float32}
# - {name: efficiency, unit: '%', datatype: float64}
# meta: !!omap
# - {MODE: DETECTOR}
# - {TYPE: transmission_filter_detector}
# - {CALIBDATE: '1970-01-01T00:00:00'}
# - {INSTRUME: LSSTCam}
# - {OBSTYPE: transmission_filter_detector}
# - {CALIBCLS: lsst.ip.isr.IntermediateFilterDetectorTransmissionCurve}
# - {SOURCE: Materion (DM-46256)}
# - {DETECTOR: 175}
# - {FILTER: i_39}
# - {CALIB_ID: 'calibDate=1970-01-01T00:00:00 filter=i_39 detector=175'}
# - {DATE: '2025-04-02T15:59:47.289513'}
# - {CALIB_CREATION_DATE: '2025-04-02'}
# - {CALIB_CREATION_TIME: '15:59:47'}
# - __serialized_columns__:
#     efficiency:
#       __class__: astropy.units.quantity.Quantity
#       unit: !astropy.units.Unit {unit: '%'}
#       value: !astropy.table.SerializedColumn {name: efficiency}
#     wavelength:
#       __class__: astropy.units.quantity.Quantity
#       unit: !astropy.units.Unit {unit: nm}
#       value: !astropy.table.SerializedColumn {name: wavelength}
# schema: astropy-2.0
wavelength efficiency
300.0 0.09902061428874731
301.0 0.045226377551443875
302.0 1.6429533514911165e-10
303.0 0.007714859384577721
304.0 0.02399756049271673
305.0 0.011079168325522915
306.0 1.6429533514911165e-10
307.0 0.009305808634962887
308.0 0.020450846932362765
309.0 0.004300574801163748
310.0 1.6429533514911165e-10
311.0 1.6429533514911165e-10
312.0 1.6429533514911165e-10
313.0 0.0022501351850223728
314.0 0.00882697495399043
315.0 0.011554286174941808
316.0 0.014281597395893186
317.0 0.007200638356152922
318.0 0.00011968181752308737
319.0 0.0006127928372734459
320.0 0.00110590417534695
321.0 1.6429533514911165e-10
322.0 1.6429533514911165e-10
323.0 1.6429533514911165e-10
324.0 0.000919151625566883
325.0 0.0005727747520722914
326.0 0.0002263990609208122
327.0 0.0014700509382237215
328.0 0.002713703543122392
329.0 0.001028470342134824
330.0 1.6429533514911165e-10
331.0 0.0007963625648699235
332.0 0.0022494876247947104
333.0 0.001759537190082483
334.0 0.0012695863006229047
335.0 0.0008337450708495453
336.0 0.0003979022949351929
337.0 0.0005086882993055042
338.0 0.0006194738944031997
339.0 0.00012942510920765926
340.0 1.6429533514911165e-10
341.0 1.6429533514911165e-10
342.0 1.6429533514911165e-10
343.0 0.0004948290552420076
344.0 0.001533196154923644
345.0 0.0007552337137894938
346.0 1.6429533514911165e-10
347.0 1.6429533514911165e-10
348.0 1.6429533514911165e-10
349.0 1.6429533514911165e-10
350.0 1.6429533514911165e-10
351.0 8.89838986495306e-05
352.0 0.0002547210442571668
353.0 0.0003356135948706651
354.0 0.00041650600905995816
355.0 0.000879822709975997
356.0 0.0013431394108920358
357.0 0.00021065484361315612
358.0 1.6429533514911165e-10
359.0 1.6429533514911165e-10
360.0 1.6429533514911165e-10
361.0 0.00017898914848046843
362.0 0.0007434642611769959
363.0 0.0006343708719214192
364.0 0.0005252775736153126
365.0 0.0006319574367807945
366.0 0.0007386372544715414
367.0 0.00039407859730999917
368.0 4.9519951517140726e-05
369.0 0.00013627383168568485
370.0 0.00022302776869764784
371.0 0.0004149850610701833
372.0 0.000606942239755881
373.0 0.0009949209015758242
374.0 0.0013828995179210324
375.0 0.0009333212801720947
376.0 0.000483743042423157
377.0 0.00040575459934188984
378.0 0.0003277661107858876
379.0 0.000174708918621036
380.0 2.1651726456184406e-05
381.0 1.6429533514911165e-10
382.0 1.6429533514911165e-10
383.0 1.6429533514911165e-10
384.0 1.6429533514911165e-10
385.0 7.92781008840393e-05
386.0 0.00029779321266687475
387.0 0.00014912158121660468
388.0 4.4988159864089994e-07
389.0 8.300927447635331e-05
390.0 0.00016556826949454262
391.0 0.00012123638271077652
392.0 7.69042628689931e-05
393.0 0.0004749238087242702
394.0 0.000872943019203376
395.0 0.0005903898454562295
396.0 0.00030783637612330494
397.0 0.0003649152858997695
398.0 0.00042199412746413145
399.0 0.0013502127330866642
400.0 0.002278431384183932
401.0 0.007304164319066331
402.0 0.012329895980656147
403.0 0.00715698188287206
404.0 0.0019840665117953904
405.0 0.0008396430530410726
406.0 1.6429533514911165e-10
407.0 0.0008397585588681977
408.0 0.001984298614843283
409.0 0.0025679533791844733
410.0 0.0031516079616267234
411.0 0.003937710789614357
412.0 0.00472381325380411
413.0 0.004987687134416774
414.0 0.005251561015029438
415.0 0.005717962994822301
416.0 0.006184364610817283
417.0 0.0062446415540762246
418.0 0.006304919224930927
419.0 0.0048340894863940775
420.0 0.0033632612030487508
421.0 0.00411919281759765
422.0 0.004875125159742311
423.0 0.004579501546686515
424.0 0.004283877206034958
425.0 0.004740802251035348
426.0 0.0051977276598336175
427.0 0.00439073919551447
428.0 0.003583751094993204
429.0 0.0021838952307007276
430.0 0.0007840394573577214
431.0 0.0022618409275310114
432.0 0.003739642124855891
433.0 0.0036741817893926054
434.0 0.0036087210901314393
435.0 0.0028862206818303093
436.0 0.0021637204554281197
437.0 0.0017653310351306573
438.0 0.0013669417967321351
439.0 0.0018116183127858676
440.0 0.0022562948288396
441.0 0.0009368702194478828
442.0 1.6429533514911165e-10
443.0 0.00012028740457026288
444.0 0.0006231294264580356
445.0 0.0005086679720989196
446.0 0.0003942066086892737
447.0 0.00030698897717229556
448.0 0.00021977134565531742
449.0 0.00042893734644167125
450.0 0.0006381033472280251
451.0 0.00047588050620106515
452.0 0.00031365764243673766
453.0 8.980160828286898e-05
454.0 1.6429533514911165e-10
455.0 3.2217570833381615e-05
456.0 0.0001984893742701388
457.0 0.00020326497178757563
458.0 0.00020804038740607211
459.0 0.0003446651362537523
460.0 0.00048129013521247543
461.0 0.000490595039082109
462.0 0.0004999000339012127
463.0 0.00022506933419208508
464.0 1.6429533514911165e-10
465.0 6.311510105661e-05
466.0 0.000175991397100006
467.0 0.00048086671995406505
468.0 0.0007857420314394403
469.0 0.000519118839292787
470.0 0.00025249566988350125
471.0 0.0002600810148578603
472.0 0.00026766626888274914
473.0 1.6429533514911165e-10
474.0 1.6429533514911165e-10
475.0 1.6429533514911165e-10
476.0 8.291008839478309e-05
477.0 0.00015119826457521413
478.0 0.0002194864691773546
479.0 0.00021163812107261037
480.0 0.00020378986391733633
481.0 0.00042218953240080737
482.0 0.0006405890871974407
483.0 0.0015472816812689416
484.0 0.0024539742298657075
485.0 0.003338764508953318
486.0 0.004223554424243048
487.0 0.006404353189282119
488.0 0.00858515122672543
489.0 0.013742178271058947
490.0 0.01889920822577551
491.0 0.02360985236009583
492.0 0.028320500859990716
493.0 0.03096202854067087
494.0 0.03360356204211712
495.0 0.03167402173858136
496.0 0.029744484345428646
497.0 0.02474825014360249
498.0 0.019752020307350904
499.0 0.015167405945248902
500.0 0.010582795221125707
501.0 0.006844050949439406
502.0 0.003105307405348867
503.0 0.0021884676243644208
504.0 0.0012716278433799744
505.0 0.0018842518329620361
506.0 0.0024968756406451575
507.0 0.0025896519218804315
508.0 0.002682428021216765
509.0 0.0025454033675487153
510.0 0.0024083790776785463
511.0 0.0023345157387666404
512.0 0.002260652581753675
513.0 0.0021462175936903805
514.0 0.0020317827875260264
515.0 0.0016640824469504878
516.0 0.0012963821063749492
517.0 0.0016325355318258516
518.0 0.001968688957276754
519.0 0.0018469028873369098
520.0 0.0017251171811949462
521.0 0.001691593752184417
522.0 0.0016580705050728284
523.0 0.001897777292469982
524.0 0.002137483716069255
525.0 0.0024888933694455773
526.0 0.00284030338661978
527.0 0.003585931335692294
528.0 0.0043315601942595094
529.0 0.004120622907066718
530.0 0.003909685256076045
531.0 0.0036010300391353667
532.0 0.0032923751859925687
533.0 0.002826885611284524
534.0 0.00236139621847542
535.0 0.0017086846128222533
536.0 0.0010559728252701461
537.0 0.0016311385479639284
538.0 0.0022063046344555914
539.0 0.0028314185328781605
540.0 0.0034565327950986102
541.0 0.004130151501158252
542.0 0.0048037702072178945
543.0 0.004998458462068811
544.0 0.005193146353121847
545.0 0.004829430690733716
546.0 0.004465715755941346
547.0 0.003570214903447777
548.0 0.0026747144147520885
549.0 0.0025028750314959325
550.0 0.002331036012037657
551.0 0.002233438499388285
552.0 0.0021358409867389128
553.0 0.002199273330916185
554.0 0.0022627058569923975
555.0 0.0018283513782080263
556.0 0.0013939969903731253
557.0 0.0012007610166619997
558.0 0.0010075252248498145
559.0 0.0007255319360410795
560.0 0.00044353873818181455
561.0 0.0005760578460467514
562.0 0.0007085769993864233
563.0 0.001071645147021627
564.0 0.0014347132491820958
565.0 0.0015675403119530529
566.0 0.0017003674656734802
567.0 0.001687190160737373
568.0 0.001674012492003385
569.0 0.0014084802387515083
570.0 0.0011429478945501614
571.0 0.0007381798695860198
572.0 0.0003334118900966132
573.0 0.0004265336428943556
574.0 0.0005196552592678927
575.0 0.0005206446076044813
576.0 0.0005216339104663348
577.0 0.0005869530923519051
578.0 0.0006522722287627403
579.0 0.00045826745918020606
580.0 0.0002642626213855692
581.0 0.0003113373622909421
582.0 0.00035841212593368255
583.0 0.0003362153847774607
584.0 0.0003140186663586064
585.0 0.0003333366748847766
586.0 0.000352654569724109
587.0 0.0006335310899885371
588.0 0.0009144075193034951
589.0 0.0009424547897651792
590.0 0.0009705020602268633
591.0 0.0007471578555851011
592.0 0.0005238136509433389
593.0 0.0005453257017506985
594.0 0.0005668378435075283
595.0 0.00043551617636694573
596.0 0.0003041944410142605
597.0 0.0002687880623852834
598.0 0.0002333816837563063
599.0 0.00020898216916975798
600.0 0.00018458270005794475
601.0 0.00028854872198280646
602.0 0.0003925147666450357
603.0 0.0002403623511781916
604.0 8.820995276437316e-05
605.0 0.00021049420411145547
606.0 0.00033277842703682836
607.0 0.0002438797764625633
608.0 0.00015498104630751186
609.0 0.0002806642896757694
610.0 0.0004063475444127107
611.0 0.0003703925813169917
612.0 0.0003344376636960078
613.0 0.0003483155751382583
614.0 0.0003621935547926114
615.0 0.00030862593121128157
616.0 0.0002550583985794219
617.0 0.0003775712002607179
618.0 0.0005000840701541165
619.0 0.00045260039769345894
620.0 0.00040511690713174175
621.0 0.00037291652006388176
622.0 0.0003407161557333893
623.0 0.00028733406907122117
624.0 0.0002339520733585232
625.0 0.00029809064017172204
626.0 0.00036222922972228844
627.0 0.00034320755730732344
628.0 0.0003241859531044611
629.0 0.00039867800296633504
630.0 0.00047317003009084146
631.0 0.00042225206016155425
632.0 0.0003713340674948995
633.0 0.00034595816487126285
634.0 0.00032058223951025866
635.0 0.0002600440893729683
636.0 0.00019950598471041303
637.0 0.00016503130382261588
638.0 0.00013055672525297268
639.0 0.0003789867378145573
640.0 0.0006274166480579879
641.0 0.0005830781901750015
642.0 0.0005387396413425449
643.0 0.0004482729309529532
644.0 0.0003578061523512588
645.0 0.00047056214498297777
646.0 0.0005833182058267994
647.0 0.0006224356184247881
648.0 0.0006615529400733067
649.0 0.0006065401976229623
650.0 0.0005515273642231477
651.0 0.0006460506028815871
652.0 0.0007405737505905563
653.0 0.0008544679076294415
654.0 0.0009683622920420021
655.0 0.0009638865776651073
656.0 0.0009594106813892722
657.0 0.001466442336095497
658.0 0.001973473990801722
659.0 0.003453535828157328
660.0 0.02036076912190765
661.0 0.0900916988030076
662.0 0.11817794293165207
663.0 0.1322642434388399
664.0 0.11049965396523476
665.0 0.143149693030864
666.0 0.17408840358257294
667.0 0.15500717563554645
668.0 0.2207013312727213
669.0 0.2551240148022771
670.0 0.33428771421313286
671.0 0.46449024230241776
672.0 0.7702965289354324
673.0 1.1791310273110867
674.0 1.760357990860939
675.0 2.5973396375775337
676.0 3.613371402025223
677.0 4.956693202257156
678.0 6.287778913974762
679.0 7.649683207273483
680.0 9.468990564346313
681.0 11.489352583885193
682.0 14.00163322687149
683.0 16.761696338653564
684.0 19.715769588947296
685.0 22.68659621477127
686.0 25.71239471435547
687.0 28.91514003276825
688.0 32.151591777801514
689.0 35.41552126407623
690.0 39.0519917011261
691.0 43.07531118392944
692.0 47.79843091964722
693.0 52.889883518218994
694.0 58.62470865249634
695.0 64.21766877174377
696.0 70.48287987709045
697.0 76.06122493743896
698.0 82.09097981452942
699.0 86.79057955741882
700.0 90.55549502372742
701.0 93.48655343055725
702.0 95.63896656036377
703.0 96.73799276351929
704.0 97.33308553695679
705.0 97.79362678527832
706.0 97.9245126247406
707.0 98.07340502738953
708.0 98.14914464950562
709.0 98.19206595420837
710.0 97.92120456695557
711.0 98.1402039527893
712.0 98.00387620925903
713.0 98.09419512748718
714.0 98.1083333492279
715.0 98.19689393043518
716.0 98.09199571609497
717.0 98.30771088600159
718.0 98.36805462837219
719.0 98.36729764938354
720.0 98.56905341148376
721.0 98.49463701248169
722.0 98.25617671012878
723.0 97.99624681472778
724.0 97.66125082969666
725.0 97.40493297576904
726.0 97.07143902778625
727.0 96.8410849571228
728.0 96.51634097099304
729.0 96.36179804801941
730.0 96.32861614227295
731.0 96.34618759155273
732.0 96.391761302948
733.0 96.73049449920654
734.0 96.99907898902893
735.0 97.20852971076965
736.0 97.66652584075928
737.0 98.02263975143433
738.0 98.29526543617249
739.0 98.71456027030945
740.0 98.82440567016602
741.0 98.71230721473694
742.0 99.01416301727295
743.0 98.75506162643433
744.0 98.71788024902344
745.0 98.63301515579224
746.0 98.69680404663086
747.0 98.93203377723694
748.0 98.72608184814453
749.0 98.59424233436584
750.0 98.60978126525879
751.0 98.48625659942627
752.0 98.43182563781738
753.0 98.63001108169556
754.0 98.56494665145874
755.0 98.68527054786682
756.0 98.67843985557556
757.0 98.70089292526245
758.0 98.83158206939697
759.0 98.95265698432922
760.0 98.80648255348206
761.0 98.67176413536072
762.0 98.80623817443848
763.0 98.74218106269836
764.0 98.5684871673584
765.0 98.51349592208862
766.0 98.65777492523193
767.0 98.41708540916443
768.0 98.5325276851654
769.0 98.49513173103333
770.0 98.22946786880493
771.0 98.25739860534668
772.0 98.33027720451355
773.0 98.19501638412476
774.0 98.01540970802307
775.0 98.16368818283081
776.0 98.0281412601471
777.0 98.04738163948059
778.0 98.06944131851196
779.0 98.1111228466034
780.0 97.99273610115051
781.0 98.35752844810486
782.0 98.25496077537537
783.0 98.34174513816833
784.0 98.23607802391052
785.0 98.40952754020691
786.0 98.4997808933258
787.0 98.35125803947449
788.0 98.41906428337097
789.0 98.53803515434265
790.0 98.45563769340515
791.0 98.54954481124878
792.0 98.28439950942993
793.0 98.2449471950531
794.0 98.28961491584778
795.0 98.08371663093567
796.0 98.13485145568848
797.0 98.18823337554932
798.0 98.15700650215149
799.0 98.0006217956543
800.0 97.82788157463074
801.0 97.84266352653503
802.0 97.73995280265808
803.0 97.51681685447693
804.0 97.37349152565002
805.0 97.09615111351013
806.0 96.67212963104248
807.0 96.07565999031067
808.0 95.09820342063904
809.0 94.05083656311035
810.0 92.78593063354492
811.0 91.08207821846008
812.0 88.9344573020935
813.0 86.53749823570251
814.0 83.48003029823303
815.0 79.99059557914734
816.0 76.31617784500122
817.0 72.02108502388
818.0 67.27609038352966
819.0 62.96650767326355
820.0 57.92168378829956
821.0 53.36805582046509
822.0 48.92174005508423
823.0 44.31500732898712
824.0 39.58210051059723
825.0 35.316234827041626
826.0 30.813205242156982
827.0 26.18967890739441
828.0 21.938785910606384
829.0 17.730122804641724
830.0 13.392341136932373
831.0 10.170996934175491
832.0 6.983732432126999
833.0 4.632720723748207
834.0 2.849293500185013
835.0 1.7188815400004387
836.0 0.9893879294395447
837.0 0.5941361654549837
838.0 0.35421045031398535
839.0 0.21439152769744396
840.0 0.14088299358263612
841.0 0.06534229614771903
842.0 0.03760023391805589
843.0 0.03341751580592245
844.0 1.6429533514911165e-10
845.0 0.020518495875876397
846.0 1.6429533514911165e-10
847.0 1.6429533514911165e-10
848.0 1.6429533514911165e-10
849.0 1.6429533514911165e-10
850.0 1.6429533514911165e-10
851.0 0.002804503128572833
852.0 0.002772969673969783
853.0 0.002280388980580028
854.0 0.0017878086509881541
855.0 0.0013360285265662242
856.0 0.0008842484930937644
857.0 0.0005063537628302583
858.0 0.0001284590666728036
859.0 0.00025480510430497816
860.0 0.0003811512215179391
861.0 0.00021862990706722485
862.0 5.610849029835663e-05
863.0 0.00014416101521419478
864.0 0.00023221361971081933
865.0 0.0002259884240629617
866.0 0.00021976325115247164
867.0 9.672302212493378e-05
868.0 1.6429533514911165e-10
869.0 1.6429533514911165e-10
870.0 1.6429533514911165e-10
871.0 1.6429533514911165e-10
872.0 1.6429533514911165e-10
873.0 0.00012586566526806564
874.0 0.0002767419800875359
875.0 0.0001539323875476839
876.0 3.112283764039603e-05
877.0 0.00011794152214861242
878.0 0.00020476020381465787
879.0 6.406143597814662e-05
880.0 1.6429533514911165e-10
881.0 0.00012225905265950132
882.0 0.0003211553803339484
883.0 0.00025754159196367254
884.0 0.00019392780359339667
885.0 0.000148615299622179
886.0 0.00010330279565096134
887.0 1.9725837319128914e-05
888.0 1.6429533514911165e-10
889.0 1.6429533514911165e-10
890.0 6.070556537451921e-05
891.0 0.00015222036608975031
892.0 0.00024373518954234896
893.0 0.0001497403559369559
894.0 5.574551096287905e-05
895.0 0.00010424647598483716
