lsstCam/transmission_filter_detector/r11_s01/g_6/19700101T000000.ecsv
# %ECSV 1.0
# ---
# datatype:
# - {name: wavelength, unit: nm, datatype: float32}
# - {name: efficiency, unit: '%', datatype: float64}
# meta: !!omap
# - {MODE: DETECTOR}
# - {TYPE: transmission_filter_detector}
# - {CALIBDATE: '1970-01-01T00:00:00'}
# - {INSTRUME: LSSTCam}
# - {OBSTYPE: transmission_filter_detector}
# - {CALIBCLS: lsst.ip.isr.IntermediateFilterDetectorTransmissionCurve}
# - {SOURCE: Materion (DM-46256)}
# - {DETECTOR: 37}
# - {FILTER: g_6}
# - {CALIB_ID: 'calibDate=1970-01-01T00:00:00 filter=g_6 detector=37'}
# - {DATE: '2025-04-02T15:59:42.198646'}
# - {CALIB_CREATION_DATE: '2025-04-02'}
# - {CALIB_CREATION_TIME: '15:59:42'}
# - __serialized_columns__:
#     efficiency:
#       __class__: astropy.units.quantity.Quantity
#       unit: !astropy.units.Unit {unit: '%'}
#       value: !astropy.table.SerializedColumn {name: efficiency}
#     wavelength:
#       __class__: astropy.units.quantity.Quantity
#       unit: !astropy.units.Unit {unit: nm}
#       value: !astropy.table.SerializedColumn {name: wavelength}
# schema: astropy-2.0
wavelength efficiency
[from data line 608]
908.0 0.000509339724885649
909.0 0.0004708319011115236
910.0 0.0004195931524009211
911.0 0.0003683544719024212
912.0 0.000468334337710985
913.0 0.0005683142717316514
914.0 0.0003098645038335235
915.0 5.14147700414469e-05
916.0 0.00012372428273010883
917.0 0.00019603376131271943
918.0 0.00024469663912896067
919.0 0.0002933595169452019
920.0 0.00033298879316134844
921.0 0.000372618069377495
922.0 0.0005079235506855184
923.0 0.0006432289865188068
924.0 0.0005866263109055581
925.0 0.0005300235443428392
926.0 0.0005786849669675576
927.0 0.0006273465260164812
928.0 0.000580024607188534
929.0 0.0005327027338353219
930.0 0.0005316705482982798
931.0 0.0005306384082359727
932.0 0.0004838241238758201
933.0 0.0004370098849904025
934.0 0.00043270429159747437
935.0 0.00042839865272981115
936.0 0.0004864731181442039
937.0 0.0005445475835585967
938.0 0.0006162687895994168
939.0 0.0006879899501655018
940.0 0.0005279202923702542
941.0 0.0003678505436255364
942.0 0.0007007377462286968
943.0 0.0010336249943065923
944.0 0.0008291523045045324
945.0 0.0006246795692277374
946.0 0.0005613931080006296
947.0 0.0004981066012987867
948.0 0.0008778107257967349
949.0 0.0012575149412441533
950.0 0.0010576951353868935
951.0 0.0008578753295296337
952.0 0.0008870999408827629
953.0 0.0009163244612864219
954.0 0.0008420941412623506
955.0 0.0007678638212382793
956.0 0.000665429797663819
957.0 0.0005629955467156833
958.0 0.0006411797585315071
959.0 0.000719364015822066
960.0 0.0006390676389855798
961.0 0.0005587710802501533
962.0 0.0006092189323680941
963.0 0.0006596666480618296
964.0 0.0007243329946504673
965.0 0.0007889991138654295
966.0 0.00081148882600246
967.0 0.0008339785381394904
968.0 0.0007781494787195697
969.0 0.0007223205102491193
970.0 0.0007571895366709214
971.0 0.0007920586540421937
972.0 0.0008524093573214486
973.0 0.0009127602424996439
974.0 0.0008640689884487074
975.0 0.0008153780072461814
976.0 0.0008687423360242974
977.0 0.0009221070286002941
978.0 0.0009352712368126959
979.0 0.0009484355359745678
980.0 0.0009501922249910422
981.0 0.0009519490959064569
982.0 0.0009232582669937983
983.0 0.0008945672561821993
984.0 0.0009391950698045548
985.0 0.0009838228834269103
986.0 0.0011572143193916418
987.0 0.001330605573457433
988.0 0.0012714206604869105
989.0 0.0012122354746679775
990.0 0.0013311153452377766
991.0 0.0014499951248581056
992.0 0.0013782468158751726
993.0 0.00130649868879118
994.0 0.0013071546163700987
995.0 0.0013078105439490173
996.0 0.0011841010746138636
997.0 0.00106039160527871
998.0 0.0012659352250921074
999.0 0.001471478844905505
1000.0 0.001373974828311475
1001.0 0.0012764707207679749
1002.0 0.0012016303116979543
1003.0 0.0011267900845268741
1004.0 0.0010820267561939545
1005.0 0.0010372631550126243
1006.0 0.001344493830401916
1007.0 0.0016517247786396183
1008.0 0.0016574493201915175
1009.0 0.0016631744074402377
1010.0 0.0017612986994208768
1011.0 0.0018594233551993966
1012.0 0.002021558248088695
1013.0 0.002183693322876934
1014.0 0.0021545645722653717
1015.0 0.00212543618545169
1016.0 0.002514360676286742
1017.0 0.002903285530919675
1018.0 0.003086399010499008
1019.0 0.003269512308179401
1020.0 0.0033361306122969836
1021.0 0.003402749280212447
1022.0 0.0037306501326384023
1023.0 0.004058551348862238
1024.0 0.004154969428782351
1025.0 0.004251387508702464
1026.0 0.004362699473858811
1027.0 0.004474011075217277
1028.0 0.004553153848974034
1029.0 0.004632296622730792
1030.0 0.004804715354111977
1031.0 0.004977133357897401
1032.0 0.005383987445384264
1033.0 0.005790841532871127
1034.0 0.005625226913252845
1035.0 0.005459612657432444
1036.0 0.005496416997630149
1037.0 0.005533220974029973
1038.0 0.005658651934936643
1039.0 0.005784083259641193
1040.0 0.006308159208856523
1041.0 0.0068322347942739725
1042.0 0.0070081019657664
1043.0 0.007183968409663066
1044.0 0.007505236862925813
1045.0 0.007826504588592798
1046.0 0.008802895899862051
1047.0 0.009779287211131305
1048.0 0.011357312178006396
1049.0 0.012935334234498441
1050.0 0.015474975225515664
1051.0 0.018014611850958318
1052.0 0.021544138144236058
1053.0 0.025073671713471413
1054.0 0.0302085536532104
1055.0 0.035343432682566345
1056.0 0.04220565897412598
1057.0 0.04906787653453648
1058.0 0.05695815198123455
1059.0 0.06484841578640044
1060.0 0.07238404941745102
1061.0 0.07991965976543725
1062.0 0.08705850341357291
1063.0 0.0941973237786442
1064.0 0.09979689493775368
1065.0 0.10539644863456488
1066.0 0.11114351218566298
1067.0 0.11689056409522891
1068.0 0.12407753383740783
1069.0 0.1312645385041833
1070.0 0.14136404497548938
1071.0 0.15146353980526328
1072.0 0.16420980682596564
1073.0 0.17695603892207146
1074.0 0.19034728175029159
1075.0 0.20373857114464045
1076.0 0.21645454689860344
1077.0 0.2291705459356308
1078.0 0.2431347267702222
1079.0 0.2570988377556205
1080.0 0.2742932876572013
1081.0 0.2914877375587821
1082.0 0.3196998732164502
1083.0 0.34791205544024706
1084.0 0.3878721268847585
1085.0 0.42783222161233425
1086.0 0.4635593853890896
1087.0 0.4992865491658449
1088.0 0.5634507164359093
1089.0 0.6276148371398449
1090.0 0.7054607383906841
1091.0 0.7833066396415234
1092.0 0.8147883228957653
1093.0 0.8462697267532349
1094.0 0.8856799453496933
1095.0 0.9250898845493793
1096.0 0.9738379158079624
1097.0 1.022586040198803
1098.0 1.0516364127397537
1099.0 1.080686878412962
1100.0 1.252977643162012
1101.0 1.4252680353820324
