lsstCam/transmission_filter_detector/r11_s01/g_6/19700101T000000.ecsv
# %ECSV 1.0
# ---
# datatype:
# - {name: wavelength, unit: nm, datatype: float32}
# - {name: efficiency, unit: '%', datatype: float64}
# meta: !!omap
# - {MODE: DETECTOR}
# - {TYPE: transmission_filter_detector}
# - {CALIBDATE: '1970-01-01T00:00:00'}
# - {INSTRUME: LSSTCam}
# - {OBSTYPE: transmission_filter_detector}
# - {CALIBCLS: lsst.ip.isr.IntermediateFilterDetectorTransmissionCurve}
# - {SOURCE: Materion (DM-46256)}
# - {DETECTOR: 37}
# - {FILTER: g_6}
# - {CALIB_ID: 'calibDate=1970-01-01T00:00:00 filter=g_6 detector=37'}
# - {DATE: '2025-04-02T15:59:42.198646'}
# - {CALIB_CREATION_DATE: '2025-04-02'}
# - {CALIB_CREATION_TIME: '15:59:42'}
# - __serialized_columns__:
#     efficiency:
#       __class__: astropy.units.quantity.Quantity
#       unit: !astropy.units.Unit {unit: '%'}
#       value: !astropy.table.SerializedColumn {name: efficiency}
#     wavelength:
#       __class__: astropy.units.quantity.Quantity
#       unit: !astropy.units.Unit {unit: nm}
#       value: !astropy.table.SerializedColumn {name: wavelength}
# schema: astropy-2.0
wavelength efficiency
300.0 0.4983678460121155
301.0 0.3735642647370696
302.0 0.24876066017895937
303.0 0.22224434651434422
304.0 0.19572798628360033
305.0 0.20015044137835503
306.0 0.20457289647310972
307.0 0.21425157319754362
308.0 0.22393022663891315
309.0 0.22100131027400494
310.0 0.21807244047522545
311.0 0.21160177420824766
312.0 0.2051311545073986
313.0 0.201285257935524
314.0 0.197439338080585
315.0 0.18580543110147119
316.0 0.17417155904695392
317.0 0.17649478977546096
318.0 0.17881804378703237
319.0 0.1636822707951069
320.0 0.14854645123705268
321.0 0.14275641879066825
322.0 0.136966397985816
323.0 0.11478002415969968
324.0 0.09259369689971209
325.0 0.08575489628128707
326.0 0.07891610148362815
327.0 0.07154031191021204
328.0 0.06416451651602983
329.0 0.0613548094406724
330.0 0.05854509654454887
331.0 0.05476338556036353
332.0 0.05098167457617819
333.0 0.047322522732429206
334.0 0.04366337088868022
335.0 0.04238431283738464
336.0 0.04110525478608906
337.0 0.0418826297391206
338.0 0.0426600017817691
339.0 0.04081818915437907
340.0 0.038976382347755134
341.0 0.03759285027626902
342.0 0.0362093182047829
343.0 0.03277368959970772
344.0 0.029338060994632542
345.0 0.02585572947282344
346.0 0.02237339358543977
347.0 0.021158486197236925
348.0 0.01994357444345951
349.0 0.018171379633713514
350.0 0.6725624669343233
351.0 0.9914634749293327
352.0 0.7380201946943998
353.0 0.827160757035017
354.0 0.711197080090642
355.0 0.8904983289539814
356.0 0.8113522082567215
357.0 0.7667581085115671
358.0 0.3617263399064541
359.0 0.8535990491509438
360.0 0.4392244853079319
361.0 0.7436815183609724
362.0 0.49124397337436676
363.0 0.8971418254077435
364.0 0.6018377840518951
365.0 0.8120311424136162
366.0 0.48338877968490124
367.0 0.558719364926219
368.0 0.3903410164639354
369.0 0.6071611773222685
370.0 0.4283171147108078
371.0 0.5951850209385157
372.0 0.3702008631080389
373.0 0.5842343438416719
374.0 0.4268788266927004
375.0 0.5686953663825989
376.0 0.3415328683331609
377.0 0.4645714070647955
378.0 0.42319782078266144
379.0 0.5051540210843086
380.0 0.3732049139216542
381.0 0.5582986399531364
382.0 0.5500765517354012
383.0 0.5782061256468296
384.0 0.5457028280943632
385.0 0.5566977895796299
386.0 0.6628644652664661
387.0 0.703529454767704
388.0 0.8739917539060116
389.0 1.1536573059856892
390.0 1.7024630680680275
391.0 2.548801898956299
392.0 4.059602692723274
393.0 6.428088992834091
394.0 9.71146896481514
395.0 14.18302208185196
396.0 19.770020246505737
397.0 26.872316002845764
398.0 35.19509136676788
399.0 44.33659911155701
400.0 53.7799596786499
401.0 62.80622482299805
402.0 71.3824450969696
403.0 78.74062061309814
404.0 84.22235250473022
405.0 88.34691047668457
406.0 90.60485363006592
407.0 92.49553680419922
408.0 93.56619715690613
409.0 94.08434629440308
410.0 94.29178833961487
411.0 94.22090649604797
412.0 93.87930631637573
413.0 93.59700083732605
414.0 93.46108436584473
415.0 93.59470009803772
416.0 93.91692280769348
417.0 94.22705173492432
418.0 94.69943046569824
419.0 95.26374340057373
420.0 95.81447243690491
421.0 96.34780883789062
422.0 96.5998888015747
423.0 96.76505923271179
424.0 96.6437041759491
425.0 96.56654596328735
426.0 96.54147028923035
427.0 96.57509326934814
428.0 96.41048908233643
429.0 96.23968005180359
430.0 96.07747793197632
431.0 96.10058069229126
432.0 96.11920118331909
433.0 96.20315432548523
434.0 96.29628658294678
435.0 96.49049639701843
436.0 96.50343060493469
437.0 96.53909802436829
438.0 96.58198952674866
439.0 96.66963815689087
440.0 96.60800695419312
441.0 96.7100977897644
442.0 96.70844078063965
443.0 96.73701524734497
444.0 96.69835567474365
445.0 96.41419649124146
446.0 96.35276794433594
447.0 96.02100253105164
448.0 96.04007005691528
449.0 96.22105956077576
450.0 96.45646214485168
451.0 96.67921662330627
452.0 96.83725833892822
453.0 96.96424603462219
454.0 96.98392748832703
455.0 97.29877710342407
456.0 97.38980531692505
457.0 97.50628471374512
458.0 97.54394292831421
459.0 97.55302667617798
460.0 97.6207435131073
461.0 97.70758152008057
462.0 97.69434332847595
463.0 97.58465886116028
464.0 97.72922396659851
465.0 97.68233299255371
466.0 97.63917922973633
467.0 97.60558009147644
468.0 97.67138957977295
469.0 97.70461916923523
470.0 97.588449716568
471.0 97.41947054862976
472.0 97.50872254371643
473.0 97.38973379135132
474.0 97.30786681175232
475.0 97.3355770111084
476.0 97.31316566467285
477.0 97.34094738960266
478.0 97.44455218315125
479.0 97.40601181983948
480.0 97.60578274726868
481.0 97.69338369369507
482.0 97.86860942840576
483.0 97.76500463485718
484.0 97.97747731208801
485.0 97.97064661979675
486.0 97.98451066017151
487.0 98.04217219352722
488.0 98.03695678710938
489.0 98.17489385604858
490.0 98.06155562400818
491.0 98.12857508659363
492.0 98.07344079017639
493.0 98.02324175834656
494.0 97.98935055732727
495.0 98.0633020401001
496.0 97.87858128547668
497.0 97.83481955528259
498.0 97.63223528862
499.0 97.68056869506836
500.0 97.59515523910522
501.0 97.55885004997253
502.0 97.45456576347351
503.0 97.57641553878784
504.0 97.42906093597412
505.0 97.42584824562073
506.0 97.54219651222229
507.0 97.4088728427887
508.0 97.39992022514343
509.0 97.43432402610779
510.0 97.34615087509155
511.0 97.28922247886658
512.0 97.23393321037292
513.0 97.31549024581909
514.0 97.2545325756073
515.0 97.29315042495728
516.0 97.41477370262146
517.0 97.43545651435852
518.0 97.49598503112793
519.0 97.53205180168152
520.0 97.57819175720215
521.0 97.6695716381073
522.0 97.68574237823486
523.0 97.70823121070862
524.0 97.74321913719177
525.0 97.69726395606995
526.0 97.78411388397217
527.0 97.79106974601746
528.0 97.88687229156494
529.0 97.95304536819458
530.0 97.98316359519958
531.0 98.12674522399902
532.0 97.98596501350403
533.0 98.02445769309998
534.0 97.9952335357666
535.0 97.81820178031921
536.0 97.52863645553589
537.0 97.03932404518127
538.0 96.36803865432739
539.0 95.06399631500244
540.0 93.45594048500061
541.0 91.04599356651306
542.0 88.36568593978882
543.0 84.85109806060791
544.0 80.36053776741028
545.0 76.38226747512817
546.0 71.49540185928345
547.0 66.91530346870422
548.0 62.303924560546875
549.0 58.10703635215759
550.0 54.80266213417053
551.0 51.56656503677368
552.0 49.15995001792908
553.0 46.624091267585754
554.0 43.85441839694977
555.0 40.797218680381775
556.0 36.726534366607666
557.0 31.998562812805176
558.0 26.685649156570435
559.0 21.35019302368164
560.0 16.09533131122589
561.0 11.170969158411026
562.0 7.302923500537872
563.0 4.382583498954773
564.0 2.4372223764657974
565.0 1.2094899080693722
566.0 0.6476360373198986
567.0 0.319062196649611
568.0 0.20264640916138887
569.0 0.11218328727409244
570.0 0.0860834785271436
571.0 0.04857167659793049
572.0 0.05969621706753969
573.0 0.035486320848576725
574.0 0.03994697763118893
575.0 0.030897188116796315
576.0 0.04446130187716335
577.0 0.02707423991523683
578.0 0.03304408164694905
579.0 0.027872127247974277
580.0 0.03540885809343308
581.0 0.02203559852205217
582.0 0.02455374924466014
583.0 0.01619681279407814
584.0 0.02226260839961469
585.0 0.016536522889509797
586.0 0.026149055338464677
587.0 0.011428192374296486
588.0 0.021298130741342902
589.0 0.008621859160484746
590.0 0.02011707838391885
591.0 0.015279115177690983
592.0 0.011933944915654138
593.0 0.014219520380720496
594.0 0.005715001316275448
595.0 0.012456397234927863
596.0 0.0005066956873633899
597.0 0.018604641081765294
598.0 0.016847564256750047
599.0 0.010868474055314437
600.0 0.004289636490284465
601.0 0.0023601343855261803
602.0 0.002501188100723084
603.0 0.002642241815919988
604.0 0.00237106614804361
605.0 0.0020998904801672325
606.0 0.0020123816284467466
607.0 0.00192487241292838
608.0 0.0018279524738318287
609.0 0.0017310325347352773
610.0 0.00186962333827978
611.0 0.002008213778026402
612.0 0.0018843249563360587
613.0 0.0017604363165446557
614.0 0.0018184584405389614
615.0 0.0018764811102300882
616.0 0.0019947368855355307
617.0 0.0021129922970430925
618.0 0.0019383094695513137
619.0 0.0017636266420595348
620.0 0.0017667243810137734
621.0 0.0017698223018669523
622.0 0.0015900453945505433
623.0 0.0014102683053351939
624.0 0.0014300365364761092
625.0 0.0014498048585664947
626.0 0.0013695203961106017
627.0 0.0012892363884020597
628.0 0.0014336010281112976
629.0 0.0015779660316184163
630.0 0.0014246662431105506
631.0 0.0012713661817542743
632.0 0.0013972749911772553
633.0 0.0015231834368023556
634.0 0.001485653319832636
635.0 0.0014481228390650358
636.0 0.0014419269064092077
637.0 0.0014357313375512604
638.0 0.0013409255188889802
639.0 0.0012461194273782894
640.0 0.001148618230217835
641.0 0.0010511166692594998
642.0 0.0012752078873745631
643.0 0.001499299378338037
644.0 0.001419888485543197
645.0 0.001340477592748357
646.0 0.0012521685675892513
647.0 0.0011638595424301457
648.0 0.0010591657883196604
649.0 0.0009544718523102347
650.0 0.001233742841577623
651.0 0.0015130133760976605
652.0 0.0012376549420878291
653.0 0.0009622965990274679
654.0 0.0010630152246449143
655.0 0.001163734032161301
656.0 0.0012241244803590234
657.0 0.0012845149285567459
658.0 0.0011832718882942572
659.0 0.0010820294846780598
660.0 0.0010299701898475178
661.0 0.0009779108950169757
662.0 0.001081614573195111
663.0 0.0011853185242216568
664.0 0.00124704311019741
665.0 0.0013087674233247526
666.0 0.001211025573866209
667.0 0.001113283451559255
668.0 0.0011880872989422642
669.0 0.0012628911463252734
670.0 0.0011696343790390529
671.0 0.0010763776117528323
672.0 0.001172900101664709
673.0 0.0012694225006271154
674.0 0.0011942555829591583
675.0 0.0011190887562406715
676.0 0.0010414216376375407
677.0 0.0009637542461859994
678.0 0.001095395509764785
679.0 0.0012270367733435705
680.0 0.001093777609639801
681.0 0.0009605183549865615
682.0 0.001011371841741493
683.0 0.0010622252375469543
684.0 0.000957717202254571
685.0 0.0008532089850632474
686.0 0.0010547973943175748
687.0 0.0012563858035719022
688.0 0.0011421267117839307
689.0 0.001027867619995959
690.0 0.0009419711204827763
691.0 0.0008560747119190637
692.0 0.0008695920769241638
693.0 0.000883109441929264
694.0 0.0009764362403075211
695.0 0.001069762947736308
696.0 0.001134779813583009
697.0 0.0011997964975307696
698.0 0.0013138623216946144
699.0 0.0014279284187068697
700.0 0.0012357984815025702
701.0 0.0010436684533488005
702.0 0.0011509765499795321
703.0 0.0012582845556607936
704.0 0.0011981665920757223
705.0 0.0011380482646927703
706.0 0.0011389706742193084
707.0 0.0011398931746953167
708.0 0.001093525133910589
709.0 0.0010471572750248015
710.0 0.0011889835150213912
711.0 0.0013308100278663915
712.0 0.0012140629223722499
713.0 0.0010973160897265188
714.0 0.001240421443071682
715.0 0.0013835270692652557
716.0 0.001561101271363441
717.0 0.001738675928208977
718.0 0.001989374322874937
719.0 0.0022400727175408974
720.0 0.0018396451196167618
721.0 0.0014392173397936858
722.0 0.0015448629710590467
723.0 0.0016505089661222883
724.0 0.0016576264897594228
725.0 0.0016647441952954978
726.0 0.0018561502656666562
727.0 0.0020475561541388743
728.0 0.0020665347619797103
729.0 0.0020855133698205464
730.0 0.0020541665435303003
731.0 0.002022819717240054
732.0 0.0019532933947630227
733.0 0.0018837674360838719
734.0 0.0016395742932218127
735.0 0.0013953815141576342
736.0 0.0012323344890319277
737.0 0.0010692872820072807
738.0 0.0011050849934690632
739.0 0.0011408827049308456
740.0 0.0009264433174394071
741.0 0.0007120037480490282
742.0 0.0006743709036527434
743.0 0.0006367381047311937
744.0 0.0007926025318738539
745.0 0.0009484671863901895
746.0 0.0010068542906083167
747.0 0.0010652413948264439
748.0 0.0011261130566708744
749.0 0.001186984809464775
750.0 0.0009668838174548
751.0 0.0007467830982932355
752.0 0.0007229733455460519
753.0 0.0006991638201725436
754.0 0.0008460337994620204
755.0 0.000992903733276762
756.0 0.0009489184776612092
757.0 0.0009049331310961861
758.0 0.0009175017112283967
759.0 0.0009300706551584881
760.0 0.0007285424089786829
761.0 0.0005270141627988778
762.0 0.0005498245627677534
763.0 0.0005726348263124237
764.0 0.0007118237135728123
765.0 0.0008510128282068763
766.0 0.0007306209681701148
767.0 0.0006102291536080884
768.0 0.0005143153885001084
769.0 0.0004184016233921284
770.0 0.00039829301385907456
771.0 0.0003781844952754909
772.0 0.0006145552106318064
773.0 0.0008509262443112675
774.0 0.0009025231520354282
775.0 0.0009541202416585293
776.0 0.0008593737220508046
777.0 0.0007646272933925502
778.0 0.000701254975865595
779.0 0.000637882703813375
780.0 0.0005965953732811613
781.0 0.0005553079517994775
782.0 0.0005631234671454877
783.0 0.0005709388460672926
784.0 0.0007234225449792575
785.0 0.0008759061529417522
786.0 0.0007247704616020201
787.0 0.0005736350885854336
788.0 0.00038017469705664553
789.0 0.0001867143851086439
790.0 0.0001961586121979053
791.0 0.00020560282791848294
792.0 0.0002394395778537728
793.0 0.0002732763505264302
794.0 0.0002840240767909563
795.0 0.00029477182579285
796.0 0.0003776453240789124
797.0 0.00046051882236497477
798.0 0.00048654806050763
799.0 0.0005125773441250203
800.0 0.0005471856638905592
801.0 0.0005817941655550385
802.0 0.00047371008804475423
803.0 0.00036562614695867524
804.0 0.00035099117212666897
805.0 0.00033635633371886797
806.0 0.00036958617783966474
807.0 0.0004028161129099317
808.0 0.0004432861260283971
809.0 0.00048375623009633273
810.0 0.00035732114156417083
811.0 0.00023088600755727384
812.0 0.00024794965156615945
813.0 0.00026501325010030996
814.0 0.00035997311442770297
815.0 0.000454932978755096
816.0 0.0005418120053946041
817.0 0.0006286908956099069
818.0 0.0003681619546114234
819.0 0.00010763305908767506
820.0 0.000369782014786324
821.0 0.0006319308795355028
822.0 0.0004858319698541891
823.0 0.00033973308291024296
824.0 0.0004158890078542754
825.0 0.0004920448645862052
826.0 0.0006394434421963524
827.0 0.0007868418833822943
828.0 0.0006633537850575522
829.0 0.0005398655957833398
830.0 0.0004632442596630426
831.0 0.0003866229235427454
832.0 0.0004916913894703612
833.0 0.0005967597644485068
834.0 0.0004734774847747758
835.0 0.00035019525057577994
836.0 0.000400209773943061
837.0 0.00045022434278507717
838.0 0.0004353116764832521
839.0 0.0004203990556561621
840.0 0.0005261874321149662
841.0 0.0006319756721495651
842.0 0.0003681410589706502
843.0 0.00010430636621094891
844.0 0.00012801142474927474
845.0 0.0001517165060249681
846.0 0.00045020278776064515
847.0 0.0007486891718144761
848.0 0.0006149441560410196
849.0 0.00048119923121703323
850.0 0.0004620351319317706
851.0 0.00044287103264650796
852.0 0.0005961997430858901
853.0 0.0007495281352021266
854.0 0.0006200980351422913
855.0 0.0004906677986582508
856.0 0.0005206487458053743
857.0 0.0005506298293767031
858.0 0.0005548576154978946
859.0 0.0005590854470938211
860.0 0.0005641115876642289
861.0 0.0005691377282346366
862.0 0.0005157821306056576
863.0 0.00046242653297667857
864.0 0.000457878059023642
865.0 0.0004533295395958703
866.0 0.0004793452262674691
867.0 0.000505360958413803
868.0 0.0006097383447922766
869.0 0.0007141157766454853
870.0 0.0005776595116913086
871.0 0.0004412030648381915
872.0 0.0004198579063086072
873.0 0.00039851256588008255
874.0 0.00048272909225488547
875.0 0.0005669455731549533
876.0 0.0006687551831419114
877.0 0.0007705647476541344
878.0 0.0007440397439495428
879.0 0.000717514694770216
880.0 0.000676114314046572
881.0 0.0006347142516460735
882.0 0.0005809658887301339
883.0 0.0005272178441373399
884.0 0.0005453998710436281
885.0 0.0005635820343741216
886.0 0.0006738363026670413
887.0 0.0007840907528589014
888.0 0.000563439652978559
889.0 0.00034278864404768683
890.0 0.0004213378360873321
891.0 0.0004998871190764476
892.0 0.0004893064669886371
893.0 0.00047872595132503193
894.0 0.00043629829633573536
895.0 0.00039387073229590897
896.0 0.0002096215666824719
897.0 2.537238117383822e-05
898.0 0.00022151978100737324
899.0 0.00041766716094571166
900.0 0.0003567630528777954
901.0 0.0002958588993351441
902.0 0.0004953987627231982
903.0 0.0006949386261112522
904.0 0.00038959428820817266
905.0 8.424990483035799e-05
906.0 0.0003160487494824338
