lsstCam/transmission_filter_detector/r22_s00/r_57/19700101T000000.ecsv
# %ECSV 1.0
# ---
# datatype:
# - {name: wavelength, unit: nm, datatype: float32}
# - {name: efficiency, unit: '%', datatype: float64}
# meta: !!omap
# - {MODE: DETECTOR}
# - {TYPE: transmission_filter_detector}
# - {CALIBDATE: '1970-01-01T00:00:00'}
# - {INSTRUME: LSSTCam}
# - {OBSTYPE: transmission_filter_detector}
# - {CALIBCLS: lsst.ip.isr.IntermediateFilterDetectorTransmissionCurve}
# - {SOURCE: Materion (DM-46256)}
# - {DETECTOR: 90}
# - {FILTER: r_57}
# - {CALIB_ID: 'calibDate=1970-01-01T00:00:00 filter=r_57 detector=90'}
# - {DATE: '2025-04-02T15:59:44.599119'}
# - {CALIB_CREATION_DATE: '2025-04-02'}
# - {CALIB_CREATION_TIME: '15:59:44'}
# - __serialized_columns__:
#     efficiency:
#       __class__: astropy.units.quantity.Quantity
#       unit: !astropy.units.Unit {unit: '%'}
#       value: !astropy.table.SerializedColumn {name: efficiency}
#     wavelength:
#       __class__: astropy.units.quantity.Quantity
#       unit: !astropy.units.Unit {unit: nm}
#       value: !astropy.table.SerializedColumn {name: wavelength}
# schema: astropy-2.0
wavelength efficiency
[from data line 602]
902.0 1.5834059324121297e-10
903.0 1.5834059324121297e-10
904.0 1.5834059324121297e-10
905.0 1.5834059324121297e-10
906.0 1.5834059324121297e-10
907.0 1.5834059324121297e-10
908.0 1.5834059324121297e-10
909.0 1.5834059324121297e-10
910.0 1.5834059324121297e-10
911.0 1.5834059324121297e-10
912.0 1.5834059324121297e-10
913.0 1.5834059324121297e-10
914.0 1.5834059324121297e-10
915.0 8.898194892026368e-05
916.0 6.0448826388892485e-05
917.0 3.191572091054695e-05
918.0 8.989767366074375e-05
919.0 0.00014787958662054734
920.0 5.529560098693764e-05
921.0 1.5834059324121297e-10
922.0 7.22666015917639e-05
923.0 0.00018182162193625118
924.0 0.00018774868522086763
925.0 0.0001936757826115354
926.0 0.00017364343420922523
927.0 0.00015361109717559884
928.0 0.0001524061076452199
929.0 0.00015120108400878962
930.0 0.00021223477233434096
931.0 0.00027326848339725984
932.0 0.00010869648576772306
933.0 1.5834059324121297e-10
934.0 0.00010802211818372598
935.0 0.0002719196572797955
936.0 0.00027654120913211955
937.0 0.00028116278372181114
938.0 0.0003372746959939832
939.0 0.0003933866537408903
940.0 0.0003708632448251592
941.0 0.00034833981317206053
942.0 0.0003958968591177836
943.0 0.00044345388232613914
944.0 0.00038832654354337137
945.0 0.00033319922749797115
946.0 0.00036563210414897185
947.0 0.0003980649125878699
948.0 0.0005077789865026716
949.0 0.0006174931513669435
950.0 0.0005681808943336364
951.0 0.0005188685918255942
952.0 0.0006345599103951827
953.0 0.0007502514108637115
954.0 0.0011129436643386725
955.0 0.001475636145187309
956.0 0.0015114408597582951
957.0 0.0015472456652787514
958.0 0.001658909604884684
959.0 0.0017705739082884975
960.0 0.001968923788808752
961.0 0.0021672738512279466
962.0 0.002301007953064982
963.0 0.002434742054902017
964.0 0.002510696322133299
965.0 0.002586650589364581
966.0 0.0026124724172404967
967.0 0.0026382940632174723
968.0 0.002621621206344571
969.0 0.00260494853137061
970.0 0.0026594261726131663
971.0 0.0027139041776536033
972.0 0.002694528484425973
973.0 0.0026751526092994027
974.0 0.0028844206099165604
975.0 0.0030936884286347777
976.0 0.0031577663321513683
977.0 0.003221843871870078
978.0 0.0031065002985997126
979.0 0.0029911570891272277
980.0 0.0029160219128243625
981.0 0.0028408863727236167
982.0 0.0028993483283556998
983.0 0.0029578101020888425
984.0 0.0029234555768198334
985.0 0.002889101051550824
986.0 0.002805599069688469
987.0 0.002722096905927174
988.0 0.0025385150365764275
989.0 0.002354933531023562
990.0 0.00242888509092154
991.0 0.0025028370146173984
992.0 0.0025555047614034265
993.0 0.0026081728719873354
994.0 0.0026418805646244437
995.0 0.002675587711564731
996.0 0.002783255695248954
997.0 0.002890923497034237
998.0 0.003003409619850572
999.0 0.0031158957426669076
1000.0 0.003233359893783927
1001.0 0.0033508240449009463
1002.0 0.0035614983062259853
1003.0 0.0037721722037531435
1004.0 0.003925013879779726
1005.0 0.004077855192008428
1006.0 0.004249815901857801
1007.0 0.004421776975505054
1008.0 0.004346456626080908
1009.0 0.004271135912858881
1010.0 0.004268152770237066
1011.0 0.004265169991413131
1012.0 0.004160089520155452
1013.0 0.004055009412695654
1014.0 0.0037682442780351266
1015.0 0.0034814791433745995
1016.0 0.003338061287649907
1017.0 0.003194643431925215
1018.0 0.002830988887581043
1019.0 0.0024673350708326325
1020.0 0.0021101503079989925
1021.0 0.0017529653632664122
1022.0 0.0015347755834227428
1023.0 0.0013165851669327822
1024.0 0.0013813730220135767
1025.0 0.0014461611499427818
1026.0 0.0013668266547028907
1027.0 0.001287491886614589
1028.0 0.0011589298082981259
1029.0 0.001030367366183782
1030.0 0.0009863480045169126
1031.0 0.0009423279152542818
1032.0 0.0009220524589181878
1033.0 0.0009017767297336832
1034.0 0.0008130245987558737
1035.0 0.000724272331353859
1036.0 0.0008042858098633587
1037.0 0.000884299060999183
1038.0 0.0007455522791133262
1039.0 0.0006068055427022045
1040.0 0.0007151675617933506
1041.0 0.0008235295354097616
1042.0 0.0009332020454166923
1043.0 0.001042874100676272
1044.0 0.000928195640881313
1045.0 0.0008135174539347645
1046.0 0.0007703774826950394
1047.0 0.0007272376478795195
1048.0 0.0006377852059813449
1049.0 0.0005483328095579054
1050.0 0.0005845976829732535
1051.0 0.0006208624654391315
1052.0 0.0009651692380430177
1053.0 0.001309475555899553
1054.0 0.0010594402738206554
1055.0 0.0008094048098428175
1056.0 0.0009407178367837332
1057.0 0.0010720311365730595
1058.0 0.0008523732503817882
1059.0 0.0006327155915641924
1060.0 0.0010329426913813222
1061.0 0.001433169290976366
1062.0 0.001482253173890058
1063.0 0.0015313369658542797
1064.0 0.0011646554412436672
1065.0 0.0007979736437846441
1066.0 0.0011999539310636465
1067.0 0.001601934309292119
1068.0 0.0017242451576748863
1069.0 0.0018465556422597729
1070.0 0.001420822627551388
1071.0 0.0009950896128430031
1072.0 0.0013551735719374847
1073.0 0.0017152575310319662
1074.0 0.0023577889805892482
1075.0 0.00300032024824759
1076.0 0.003191045470885001
1077.0 0.003381770511623472
1078.0 0.0038260383007582277
1079.0 0.0042703060898929834
1080.0 0.004043313310830854
1081.0 0.0038163201679708436
1082.0 0.0038046484405640513
1083.0 0.0037929770769551396
1084.0 0.00431406770076137
1085.0 0.00483515759697184
1086.0 0.004942720624967478
1087.0 0.0050502840167609975
1088.0 0.004845733565161936
1089.0 0.004641183477360755
1090.0 0.004386652653920464
1091.0 0.004132121102884412
1092.0 0.00367817010555882
1093.0 0.0032242191082332283
1094.0 0.003599402043619193
1095.0 0.003974584979005158
1096.0 0.003185636523994617
1097.0 0.0023966877051861957
1098.0 0.001893338412628509
1099.0 0.001389989392919233
1100.0 0.0017144046069006436
1101.0 0.0020388195480336435
