lsstCam/transmission_filter_detector/r22_s00/r_57/19700101T000000.ecsv
# %ECSV 1.0
# ---
# datatype:
# - {name: wavelength, unit: nm, datatype: float32}
# - {name: efficiency, unit: '%', datatype: float64}
# meta: !!omap
# - {MODE: DETECTOR}
# - {TYPE: transmission_filter_detector}
# - {CALIBDATE: '1970-01-01T00:00:00'}
# - {INSTRUME: LSSTCam}
# - {OBSTYPE: transmission_filter_detector}
# - {CALIBCLS: lsst.ip.isr.IntermediateFilterDetectorTransmissionCurve}
# - {SOURCE: Materion (DM-46256)}
# - {DETECTOR: 90}
# - {FILTER: r_57}
# - {CALIB_ID: 'calibDate=1970-01-01T00:00:00 filter=r_57 detector=90'}
# - {DATE: '2025-04-02T15:59:44.599119'}
# - {CALIB_CREATION_DATE: '2025-04-02'}
# - {CALIB_CREATION_TIME: '15:59:44'}
# - __serialized_columns__:
#     efficiency:
#       __class__: astropy.units.quantity.Quantity
#       unit: !astropy.units.Unit {unit: '%'}
#       value: !astropy.table.SerializedColumn {name: efficiency}
#     wavelength:
#       __class__: astropy.units.quantity.Quantity
#       unit: !astropy.units.Unit {unit: nm}
#       value: !astropy.table.SerializedColumn {name: wavelength}
# schema: astropy-2.0
wavelength efficiency
300.0 0.0018983211703016423
301.0 0.004935304241371341
302.0 0.007972287858137861
303.0 0.00980872573563829
304.0 0.011645165068330243
305.0 0.010193189518759027
306.0 0.008741214696783572
307.0 0.008610694931121543
308.0 0.008480175893055275
309.0 0.007449781696777791
310.0 0.006419386772904545
311.0 0.00576592174184043
312.0 0.005112456710776314
313.0 0.004685312887886539
314.0 0.004258167973603122
315.0 0.00413237685279455
316.0 0.004006585004390217
317.0 0.0036123896279605106
318.0 0.0032181942515308037
319.0 0.0029475235351128504
320.0 0.0026768524548970163
321.0 0.0026114596039406024
322.0 0.002546066389186308
323.0 0.00239601795328781
324.0 0.002245969335490372
325.0 0.0021392999769886956
326.0 0.002032630618487019
327.0 0.00212944269151194
328.0 0.002226254582637921
329.0 0.0023267346477950923
330.0 0.0024272145310533233
331.0 0.002223964111180976
332.0 0.0020207135094096884
333.0 0.001749015791574493
334.0 0.001477318255638238
335.0 0.0012433638403308578
336.0 0.0010094095159729477
337.0 0.0009975398825190496
338.0 0.0009856702490651514
339.0 0.0010259867849526927
340.0 0.001066303320840234
341.0 0.0010172334441449493
342.0 0.0009681634765001945
343.0 0.000949089189816732
344.0 0.0009300149031332694
345.0 0.0008289712241094094
346.0 0.0007279274541360792
347.0 0.0006946822850295575
348.0 0.000661437161397771
349.0 0.0006246744760574074
350.0 0.005397380300564691
351.0 0.005493315256899223
352.0 0.005589250577031635
353.0 0.004973987597622909
354.0 0.004358725345809944
355.0 0.004702059231931344
356.0 0.005045394573244266
357.0 0.006500269955722615
358.0 0.007955145701998845
359.0 0.006123151251813397
360.0 0.0042911560740321875
361.0 0.0029042723326710984
362.0 0.0015173885003605392
363.0 0.00257618521573022
364.0 0.00363498147635255
365.0 0.003709136217366904
366.0 0.0037832913221791387
367.0 0.0030935963877709582
368.0 0.002403901453362778
369.0 0.002094275623676367
370.0 0.0017846497939899564
371.0 0.0021500043658306822
372.0 0.0025153591195703484
373.0 0.00303726064885268
374.0 0.003559161996236071
375.0 0.0031307452445616946
376.0 0.0027023286747862585
377.0 0.0012173924005765002
378.0 1.5834059324121297e-10
379.0 0.0006993726856308058
380.0 0.00166628942679381
381.0 0.0023576094463351183
382.0 0.0030489298296743073
383.0 0.00307776135741733
384.0 0.003106593430857174
385.0 0.003975137951783836
386.0 0.004843681745114736
387.0 0.004453855581232347
388.0 0.004064029781147838
389.0 0.003363330688443966
390.0 0.0026626308681443334
391.0 0.0020041788957314566
392.0 0.0013457269233185798
393.0 0.0013667551684193313
394.0 0.0013877831406716723
395.0 0.0010322675734641962
396.0 0.0006767521426809253
397.0 0.0008476451512251515
398.0 0.0010185386599914636
399.0 0.000727771930542076
400.0 0.00043700483729480766
401.0 5.8621719745133305e-05
402.0 1.5834059324121297e-10
403.0 2.2162120671964658e-05
404.0 0.0003640864406406763
405.0 0.0008633743163954932
406.0 0.0013626617146655917
407.0 0.0017740305338520557
408.0 0.0021853993530385196
409.0 0.0018454044038662687
410.0 0.0015054092727950774
411.0 0.0011040529898309615
412.0 0.0007026967068668455
413.0 0.0007190723408712074
414.0 0.0007354480203503044
415.0 0.0006898900210217107
416.0 0.0006443324309657328
417.0 0.0011903485756192822
418.0 0.0017363652659696527
419.0 0.0021503365132957697
420.0 0.002564307942520827
421.0 0.0038577763916691765
422.0 0.005151244477019645
423.0 0.007992255268618464
424.0 0.01083326424122788
425.0 0.014691962860524654
426.0 0.018550659297034144
427.0 0.019337931007612497
428.0 0.020125207083765417
429.0 0.015441460709553212
430.0 0.01075771579053253
431.0 0.007613669004058465
432.0 0.004469620398594998
433.0 0.003457992715993896
434.0 0.0024463644876959734
435.0 0.001966113268281333
436.0 0.0014858617760182824
437.0 0.0013145898265065625
438.0 0.0011433182407927234
439.0 0.0009956374924513511
440.0 0.0008479568350594491
441.0 0.0011301994163659401
442.0 0.0014124420886219013
443.0 0.0017927928638528101
444.0 0.0021731439119321294
445.0 0.00205516171263298
446.0 0.0019371793314348906
447.0 0.0016981390217551962
448.0 0.0014590987120755017
449.0 0.0013899301848141477
450.0 0.0013207611118559726
451.0 0.0014044893760001287
452.0 0.0014882176401442848
453.0 0.001533561407995876
454.0 0.001578905175847467
455.0 0.0013926160136179533
456.0 0.0012063268513884395
457.0 0.0008217819413403049
458.0 0.00043723716771637555
459.0 0.0006688286248390796
460.0 0.0009004200364870485
461.0 0.0015801339031895623
462.0 0.0022598474970436655
463.0 0.0028170323275844567
464.0 0.0033742169762263075
465.0 0.004346043715486303
466.0 0.0053178704547462985
467.0 0.005973786028334871
468.0 0.0066297026933170855
469.0 0.005715409861295484
470.0 0.004801119212061167
471.0 0.0036970632208976895
472.0 0.0025930068659363315
473.0 0.0021670008209184743
474.0 0.0017409945940016769
475.0 0.0014110904885455966
476.0 0.0010811866559379268
477.0 0.0008560170499549713
478.0 0.0006308473984972807
479.0 0.0008676134712004568
480.0 0.0011043792255804874
481.0 0.0008294473445857875
482.0 0.000554515645490028
483.0 0.0006222236152098048
484.0 0.0006899314485053765
485.0 0.0006336584647215204
486.0 0.0005773853899881942
487.0 0.0005777738806500565
488.0 0.0005781622803624487
489.0 0.0005512262760021258
490.0 0.0005242902261670679
491.0 0.0006941914307390107
492.0 0.0008640926353109535
493.0 0.0009612743269826751
494.0 0.001058456109603867
495.0 0.0009125476935878396
496.0 0.0007666392775718123
497.0 0.0010090222531289328
498.0 0.001251405046787113
499.0 0.0012617948414117564
500.0 0.00127218472698587
501.0 0.0014224387996364385
502.0 0.0015726931451354176
503.0 0.0018814655049936846
504.0 0.002190238046750892
505.0 0.002731025597313419
506.0 0.0032718133297748864
507.0 0.0038637510442640632
508.0 0.004455688394955359
509.0 0.004969818837707862
510.0 0.005483948552864604
511.0 0.004900325075141154
512.0 0.004316701597417705
513.0 0.003671449303510599
514.0 0.0030261971915024333
515.0 0.002835213854268659
516.0 0.0026442308808327653
517.0 0.0024497297999914736
518.0 0.002255228719150182
519.0 0.06672469316981733
520.0 0.08266366203315556
521.0 0.07081476505845785
522.0 0.12342656264081597
523.0 0.1574683701619506
524.0 0.1303934259340167
525.0 0.07336061680689454
526.0 0.0947171007283032
527.0 0.11044584680348635
528.0 0.14276820002123713
529.0 0.14773283619433641
530.0 0.1408033655025065
531.0 0.09943189797922969
532.0 0.15631209826096892
533.0 0.2301129512488842
534.0 0.31735533848404884
535.0 0.3913611173629761
536.0 0.47200187109410763
537.0 0.6588166579604149
538.0 0.9807001799345016
539.0 1.4574578031897545
540.0 2.452200837433338
541.0 3.78841795027256
542.0 5.660809203982353
543.0 8.191192150115967
544.0 11.424946039915085
545.0 14.952470362186432
546.0 19.37999576330185
547.0 24.705596268177032
548.0 31.77473545074463
549.0 39.431095123291016
550.0 46.45720422267914
551.0 54.50858473777771
552.0 60.69253087043762
553.0 66.59175753593445
554.0 71.42223715782166
555.0 75.79907774925232
556.0 79.91170287132263
557.0 82.8735888004303
558.0 86.35527491569519
559.0 89.79803323745728
560.0 90.79554080963135
561.0 92.97075867652893
562.0 94.22568082809448
563.0 94.55430507659912
564.0 94.95899081230164
565.0 94.50802803039551
566.0 95.21536827087402
567.0 94.54780220985413
568.0 95.16156315803528
569.0 95.89712619781494
570.0 94.96874809265137
571.0 95.96642851829529
572.0 95.83219885826111
573.0 95.93474268913269
574.0 96.21753692626953
575.0 96.22771739959717
576.0 96.75368666648865
577.0 96.54957056045532
578.0 96.36229276657104
579.0 96.1722195148468
580.0 95.67192792892456
581.0 95.8089828491211
582.0 96.12486958503723
583.0 95.85837125778198
584.0 95.42588591575623
585.0 95.68991661071777
586.0 95.80058455467224
587.0 95.55497169494629
588.0 95.80159187316895
589.0 96.75566554069519
590.0 95.82765102386475
591.0 95.05330324172974
592.0 95.57825922966003
593.0 94.97896432876587
594.0 95.62349915504456
595.0 95.81366181373596
596.0 96.36533260345459
597.0 96.33778929710388
598.0 96.18068337440491
599.0 96.49306535720825
600.0 96.02723121643066
601.0 95.33655047416687
602.0 96.1604118347168
603.0 95.5943763256073
604.0 95.85338830947876
605.0 96.31538987159729
606.0 95.28396725654602
607.0 95.66973447799683
608.0 95.59610486030579
609.0 95.2271819114685
610.0 95.42782306671143
611.0 95.25380730628967
612.0 95.35046815872192
613.0 96.05972170829773
614.0 96.23824954032898
615.0 95.6749975681305
616.0 95.70040106773376
617.0 95.52305936813354
618.0 95.61066031455994
619.0 96.31593823432922
620.0 95.58460712432861
621.0 94.71350908279419
622.0 95.82793712615967
623.0 96.13504409790039
624.0 95.64008712768555
625.0 96.2889015674591
626.0 95.33021450042725
627.0 94.44273114204407
628.0 96.47316336631775
629.0 95.04112601280212
630.0 95.5500602722168
631.0 95.39274573326111
632.0 96.2880790233612
633.0 95.79988718032837
634.0 95.57101130485535
635.0 95.75366973876953
636.0 95.61042785644531
637.0 95.18762230873108
638.0 95.05532383918762
639.0 95.04898190498352
640.0 95.49029469490051
641.0 95.47772407531738
642.0 95.32010555267334
643.0 95.74191570281982
644.0 95.27093172073364
645.0 95.70348262786865
646.0 95.45816779136658
647.0 96.80755734443665
648.0 95.71564793586731
649.0 95.20944356918335
650.0 95.7935094833374
651.0 96.6537356376648
652.0 96.44641280174255
653.0 95.35077214241028
654.0 96.05560898780823
655.0 95.92416286468506
656.0 95.10963559150696
657.0 95.51172852516174
658.0 95.91667056083679
659.0 95.9566593170166
660.0 95.05521059036255
661.0 94.82190012931824
662.0 95.48062682151794
663.0 95.36497592926025
664.0 94.81406807899475
665.0 94.96317505836487
666.0 95.20742297172546
667.0 95.40714025497437
668.0 94.89420056343079
669.0 95.25161981582642
670.0 95.19583582878113
671.0 95.62137126922607
672.0 94.9099600315094
673.0 94.98623013496399
674.0 94.46855187416077
675.0 95.08768320083618
676.0 94.5194959640503
677.0 93.62981915473938
678.0 92.68401265144348
679.0 91.59535765647888
680.0 91.08559489250183
681.0 89.32728171348572
682.0 87.11468577384949
683.0 84.31363701820374
684.0 80.49084544181824
685.0 76.89608335494995
686.0 72.93524146080017
687.0 68.03740859031677
688.0 63.40221166610718
689.0 58.63927602767944
690.0 53.38713526725769
691.0 49.41794276237488
692.0 44.58485543727875
693.0 40.32535254955292
694.0 35.38972735404968
695.0 30.308663845062256
696.0 25.29596984386444
697.0 20.33415287733078
698.0 14.94927704334259
699.0 10.674149543046951
700.0 7.488498836755753
701.0 4.6363528817892075
702.0 2.8975004330277443
703.0 1.6842888668179512
704.0 0.9691470302641392
705.0 0.5421201698482037
706.0 0.4102987237274647
707.0 0.2688920125365257
708.0 0.1513765542767942
709.0 0.13389745727181435
710.0 0.09735863422974944
711.0 0.04549500881694257
712.0 0.07243603467941284
713.0 0.09310319437645376
714.0 0.043461573659442365
715.0 0.09953338885679841
716.0 0.0611895986367017
717.0 0.0715409405529499
718.0 0.08675525314174592
719.0 0.06938622682355344
720.0 1.5834059324121297e-10
721.0 0.004443949728738517
722.0 0.004196607551421039
723.0 0.003949265737901442
724.0 0.0036485918826656416
725.0 0.003347918391227722
726.0 0.0031256025977199897
727.0 0.0029032869861111976
728.0 0.0027099353246740066
729.0 0.002516583481337875
730.0 0.0023771812266204506
731.0 0.002237779517599847
732.0 0.0022003232515999116
733.0 0.002162866985599976
734.0 0.002087025495711714
735.0 0.002011184005823452
736.0 0.0017864027540781535
737.0 0.0015616216842317954
738.0 0.0015882473235251382
739.0 0.0016148727809195407
740.0 0.0015813020581845194
741.0 0.0015477316992473789
742.0 0.0014166813343763351
743.0 0.0012856309695052914
744.0 0.001374376552121248
745.0 0.001463121770939324
746.0 0.0013782210771751124
747.0 0.0012933203834109008
748.0 0.0011670037565636449
749.0 0.0010406869478174485
750.0 0.001047222212946508
751.0 0.001053757659974508
752.0 0.0010839769856829662
753.0 0.0011141963113914244
754.0 0.0010996481250913348
755.0 0.0010851002116396558
756.0 0.001022893138724612
757.0 0.0009606859748600982
758.0 0.0010109629329235759
759.0 0.0010612397090881132
760.0 0.0010830778592207935
761.0 0.0011049163731513545
762.0 0.001109265213017352
763.0 0.0011136145076307002
764.0 0.0010439201105327811
765.0 0.000974225713434862
766.0 0.0007683177500439342
767.0 0.0005624096957035363
768.0 0.0005848761247762013
769.0 0.0006073424174246611
770.0 0.0007355175966949901
771.0 0.0008636929123895243
772.0 0.0007901388016762212
773.0 0.0007165845090639777
774.0 0.0008533323125448078
775.0 0.0009900801160256378
776.0 0.0009470057193539105
777.0 0.0009039313226821832
778.0 0.0008249498023360502
779.0 0.0007459682819899172
780.0 0.0006667354682576843
781.0 0.0005875027454749215
782.0 0.0006857075732114026
783.0 0.0007839124009478837
784.0 0.0008332273864652961
785.0 0.0008825421900837682
786.0 0.0007932278094813228
787.0 0.0007039133379294071
788.0 0.0006945429504412459
789.0 0.0006851727448520251
790.0 0.0007353771252383012
791.0 0.0007855815056245774
792.0 0.0007923268640297465
793.0 0.0007990722224349156
794.0 0.0008579108907724731
795.0 0.00091674928626162
796.0 0.0007540871592937037
797.0 0.0005914250778005226
798.0 0.0007302029189304449
799.0 0.0008689808055351023
800.0 0.0007888298569014296
801.0 0.0007086786808940815
802.0 0.0006239929007278988
803.0 0.0005393068022385705
804.0 0.0006440835022658575
805.0 0.0007488602932426147
806.0 0.0006758866675227182
807.0 0.0006029130418028217
808.0 0.0007111093054845696
809.0 0.0008193055691663176
810.0 0.0007526984063588316
811.0 0.0006860916073492263
812.0 0.0007089965947670862
813.0 0.0007319016731344163
814.0 0.0005667710865964182
815.0 0.0004016405455331551
816.0 0.0005522609626495978
817.0 0.0007028814252407756
818.0 0.0006613645837205695
819.0 0.0006198477422003634
820.0 0.0004824234110856196
821.0 0.0003449990572335082
822.0 0.00038092587146820733
823.0 0.0004168527539150091
824.0 0.0004306038590584649
825.0 0.00044435496420192067
826.0 0.00050535172704258
827.0 0.0005663484898832394
828.0 0.0004483400971366791
829.0 0.00033033165891538374
830.0 0.00021198281956458231
831.0 9.363396884509712e-05
832.0 5.281619337438315e-05
833.0 1.1998407956070878e-05
834.0 1.5834059324121297e-10
835.0 1.5834059324121297e-10
836.0 0.00024333480723726097
837.0 0.0005590244199993322
838.0 0.0007527123216277687
839.0 0.0009464002687309403
840.0 0.001224737297889078
841.0 0.0015030741451482754
842.0 0.001988899748539552
843.0 0.002474725442880299
844.0 0.0022211735995369963
845.0 0.0019676221199915744
846.0 0.0016610127204330638
847.0 0.0013544029570766725
848.0 0.0012709616385109257
849.0 0.0011875197742483579
850.0 0.0011323402759444434
851.0 0.0010771606866910588
852.0 0.0010299630048393738
853.0 0.0009827651410887484
854.0 0.0008896974577510264
855.0 0.0007966294106154237
856.0 0.0006296190804278012
857.0 0.0004626087502401788
858.0 0.0005914232133363839
859.0 0.0007202375854831189
860.0 0.0005336591584637063
861.0 0.000347080663232191
862.0 0.0003512488547130488
863.0 0.00035541702345653903
864.0 0.0002311186790393549
865.0 0.00010682041420295718
866.0 8.55578264236101e-05
867.0 6.42951988538698e-05
868.0 0.00012253286740815383
869.0 0.00018077050754072843
870.0 8.867190217642928e-05
871.0 1.5834059324121297e-10
872.0 1.5834059324121297e-10
873.0 1.5834059324121297e-10
874.0 1.5834059324121297e-10
875.0 1.5834059324121297e-10
876.0 1.5834059324121297e-10
877.0 1.5834059324121297e-10
878.0 6.921123940628604e-05
879.0 0.0001672211965342285
880.0 0.0001309415779360279
881.0 9.46619536534854e-05
882.0 0.00010370403060733224
883.0 0.00011274614735157229
884.0 1.5834059324121297e-10
885.0 1.5834059324121297e-10
886.0 1.5834059324121297e-10
887.0 0.00010525725429033628
888.0 0.00013699985856874264
889.0 0.00016874244010978146
890.0 0.00015879550119279884
891.0 0.00014884851680108113
892.0 1.5834059324121297e-10
893.0 1.5834059324121297e-10
894.0 1.5834059324121297e-10
895.0 1.5502884309626097e-05
896.0 1.2129547144468233e-05
897.0 8.756256164588194e-06
898.0 8.137696454468824e-05
899.0 0.00015399767789858743
900.0 5.5276495913858525e-05
