lsstCam/transmission_filter_detector/r20_s22/z_20/19700101T000000.ecsv
# %ECSV 1.0
# ---
# datatype:
# - {name: wavelength, unit: nm, datatype: float32}
# - {name: efficiency, unit: '%', datatype: float64}
# meta: !!omap
# - {MODE: DETECTOR}
# - {TYPE: transmission_filter_detector}
# - {CALIBDATE: '1970-01-01T00:00:00'}
# - {INSTRUME: LSSTCam}
# - {OBSTYPE: transmission_filter_detector}
# - {CALIBCLS: lsst.ip.isr.IntermediateFilterDetectorTransmissionCurve}
# - {SOURCE: Materion (DM-46256)}
# - {DETECTOR: 80}
# - {FILTER: z_20}
# - {CALIB_ID: 'calibDate=1970-01-01T00:00:00 filter=z_20 detector=80'}
# - {DATE: '2025-04-02T15:59:49.009728'}
# - {CALIB_CREATION_DATE: '2025-04-02'}
# - {CALIB_CREATION_TIME: '15:59:49'}
# - __serialized_columns__:
#     efficiency:
#       __class__: astropy.units.quantity.Quantity
#       unit: !astropy.units.Unit {unit: '%'}
#       value: !astropy.table.SerializedColumn {name: efficiency}
#     wavelength:
#       __class__: astropy.units.quantity.Quantity
#       unit: !astropy.units.Unit {unit: nm}
#       value: !astropy.table.SerializedColumn {name: wavelength}
# schema: astropy-2.0
wavelength efficiency
300.0 0.35942583344876766
301.0 0.3182891523465514
302.0 0.27715249452739954
303.0 0.24112567771226168
304.0 0.2050988608971238
305.0 0.18265951657667756
306.0 0.16022014897316694
307.0 0.1403731293976307
308.0 0.12052608653903008
309.0 0.12628455879166722
310.0 0.13204305432736874
311.0 0.11788480915129185
312.0 0.10372656397521496
313.0 0.1045596320182085
314.0 0.10539267677813768
315.0 0.09170241537503898
316.0 0.07801214815117419
317.0 0.07274401723407209
318.0 0.06747588631696999
319.0 0.06968601373955607
320.0 0.07189614116214216
321.0 0.06359908147715032
322.0 0.055302021792158484
323.0 0.05435149651020765
324.0 0.05340097122825682
325.0 0.04711653164122254
326.0 0.0408320949645713
327.0 0.04025339731015265
328.0 0.03967469674535096
329.0 0.036745137185789645
330.0 0.03381558053661138
331.0 0.03155184676870704
332.0 0.029288113000802696
333.0 0.028255642973817885
334.0 0.02722317003645003
335.0 0.026703154435381293
336.0 0.026183133013546467
337.0 0.022716056264471263
338.0 0.01924897951539606
339.0 0.019480961782392114
340.0 0.019712942594196647
341.0 0.018648644618224353
342.0 0.01758434809744358
343.0 0.015841444837860763
344.0 0.014098543033469468
345.0 0.013595634663943201
346.0 0.013092724839225411
347.0 0.013495341408997774
348.0 0.013897957978770137
349.0 0.014135432138573378
350.0 0.014372904843185097
351.0 0.013367344217840582
352.0 0.012361782137304544
353.0 0.013627785665448755
354.0 0.014893787738401443
355.0 0.012769682507496327
356.0 0.01064557654899545
357.0 0.010525979450903833
358.0 0.010406383808003739
359.0 0.010045771341538057
360.0 0.009685160330263898
361.0 0.009213761950377375
362.0 0.008742366480873898
363.0 0.007957460911711678
364.0 0.0071725560701452196
365.0 0.007361635653069243
366.0 0.007550716691184789
367.0 0.008013483602553606
368.0 0.008476251241518185
369.0 0.008566785254515707
370.0 0.008657318539917469
371.0 0.007926442776806653
372.0 0.007195565558504313
373.0 0.006416795076802373
374.0 0.005638024595100433
375.0 0.005630821397062391
376.0 0.005623617835226469
377.0 0.006195995956659317
378.0 0.006768373714294285
379.0 0.005966725802863948
380.0 0.00516507716383785
381.0 0.005018437514081597
382.0 0.0048717978643253446
383.0 0.0048763424274511635
384.0 0.004880887354374863
385.0 0.004507442281465046
386.0 0.004133996844757348
387.0 0.004488043487071991
388.0 0.004842090493184514
389.0 0.004514159809332341
390.0 0.004186229489278048
391.0 0.0038601869164267555
392.0 0.0035341447073733434
393.0 0.004130776869715191
394.0 0.00472740939585492
395.0 0.0043204934627283365
396.0 0.003913577529601753
397.0 0.004009528493043035
398.0 0.004105479092686437
399.0 0.0040656799683347344
400.0 0.004025881571578793
401.0 0.004235581582179293
402.0 0.0044452819565776736
403.0 0.004567106225294992
404.0 0.004688930857810192
405.0 0.004379792153486051
406.0 0.0040706534491619095
407.0 0.003638482667156495
408.0 0.003206312612746842
409.0 0.00304274963127682
410.0 0.002879186831705738
411.0 0.003176093377987854
412.0 0.00347299974237103
413.0 0.003428224954404868
414.0 0.003383450530236587
415.0 0.0035177388781448826
416.0 0.003652027589851059
417.0 0.003299252421129495
418.0 0.0029464770705089904
419.0 0.002730371488723904
420.0 0.0025142659069388174
421.0 0.0032947944418992847
422.0 0.004075322794960812
423.0 0.003993743302999064
424.0 0.003912164174835198
425.0 0.0031868232326814905
426.0 0.0024614824724267237
427.0 0.00284808011201676
428.0 0.0032346775697078556
429.0 0.003120343535556458
430.0 0.0030060096833040006
431.0 0.0019334642274770886
432.0 0.0008609186807007063
433.0 0.0015894731404841878
434.0 0.0023180276912171394
435.0 0.002431962093396578
436.0 0.002545896131778136
437.0 0.0023268188670044765
438.0 0.002107741602230817
439.0 0.002315508754691109
440.0 0.002523275907151401
441.0 0.002444502570142504
442.0 0.0023657292331336066
443.0 0.0024607314117019996
444.0 0.002555733772169333
445.0 0.0028300790290813893
446.0 0.003104424467892386
447.0 0.002621751082187984
448.0 0.002139078060281463
449.0 0.0020532930648187175
450.0 0.001967508069355972
451.0 0.002124323873431422
452.0 0.002281139859405812
453.0 0.001900903953355737
454.0 0.0015206680473056622
455.0 0.0018735629055299796
456.0 0.0022264579456532374
457.0 0.0018088967408402823
458.0 0.0013913358998252079
459.0 0.0017187889170600101
460.0 0.0020462419342948124
461.0 0.0016880027033039369
462.0 0.0013297636542120017
463.0 0.001592764601809904
464.0 0.0018557655494078062
465.0 0.0015770292520755902
466.0 0.0012982933185412548
467.0 0.0014064847164263483
468.0 0.0015146759324125014
469.0 0.001268712821911322
470.0 0.0010227498023596127
471.0 0.0011621035810094327
472.0 0.0013014572687097825
473.0 0.0012915214938402642
474.0 0.0012815855370718054
475.0 0.0014047531294636428
476.0 0.0015279205399565399
477.0 0.001466531557525741
478.0 0.0014051423931960016
479.0 0.0017076161384466104
480.0 0.0020100902474951
481.0 0.0014803381418460049
482.0 0.0009505863090453204
483.0 0.0008736233212403022
484.0 0.000796660333435284
485.0 0.0010225305231870152
486.0 0.0012484007129387464
487.0 0.0014276605725171976
488.0 0.001606920523045119
489.0 0.0019567887648008764
490.0 0.002306657188455574
491.0 0.0020517463781288825
492.0 0.0017968357497011311
493.0 0.001968207652680576
494.0 0.0021395801013568416
495.0 0.001760290251695551
496.0 0.0013809998563374393
497.0 0.0014277709851739928
498.0 0.0014745420230610762
499.0 0.0013526992006518412
500.0 0.0012308563782426063
501.0 0.0011281042134214658
502.0 0.0010253521395497955
503.0 0.0011266753062955104
504.0 0.0012279984730412252
505.0 0.0017421456504962407
506.0 0.0022562924641533755
507.0 0.001709975185804069
508.0 0.0011636577255558223
509.0 0.0012486655577959027
510.0 0.0013336735719349235
511.0 0.001334370972472243
512.0 0.0013350682820600923
513.0 0.0012923449503432494
514.0 0.0012496217095758766
515.0 0.0011109655133623164
516.0 0.0009723092261992861
517.0 0.0013275206583784893
518.0 0.001682732363406103
519.0 0.0014319435649667867
520.0 0.0011811545846285298
521.0 0.0013195577594160568
522.0 0.0014579606613551732
523.0 0.0013381820281210821
524.0 0.001218403394886991
525.0 0.001053625874192221
526.0 0.0008888484444469213
527.0 0.0011365971658960916
528.0 0.0013843458873452619
529.0 0.0014525298865919467
530.0 0.0015207139767881017
531.0 0.0015370987966889516
532.0 0.0015534837075392716
533.0 0.0011657596587610897
534.0 0.0007780356099829078
535.0 0.0010211283552052919
536.0 0.0012642211913771462
537.0 0.0014635207662649918
538.0 0.0016628204321023077
539.0 0.0015647377949790098
540.0 0.0014666549759567715
541.0 0.0013055368981440552
542.0 0.0011444188203313388
543.0 0.001117749616241781
544.0 0.0010910803212027531
545.0 0.0011000466656696517
546.0 0.0011090129191870801
547.0 0.0014860624105494935
548.0 0.001863111901911907
549.0 0.0016742502339184284
550.0 0.0014853882930765394
551.0 0.0016471878552692942
552.0 0.0018089876903104596
553.0 0.0021323412511264905
554.0 0.0024556948119425215
555.0 0.0018100930901709944
556.0 0.0011644910955510568
557.0 0.0012333456652413588
558.0 0.0013022005077800713
559.0 0.001213442828884581
560.0 0.0011246851499890909
561.0 0.0012107170732633676
562.0 0.0012967489965376444
563.0 0.0013022689927311148
564.0 0.001307788897975115
565.0 0.0016174621123354882
566.0 0.0019271355995442718
567.0 0.0020830751964240335
568.0 0.002239014611404855
569.0 0.002397754360572435
570.0 0.0025564939278410748
571.0 0.0024214172299252823
572.0 0.00228634053200949
573.0 0.0018997985534952022
574.0 0.0015132565749809146
575.0 0.0018151351468986832
576.0 0.0021170137188164517
577.0 0.002092347676807549
578.0 0.002067681634798646
579.0 0.0020573706933646463
580.0 0.0020470595700317062
581.0 0.0019025612346013077
582.0 0.0017580627172719687
583.0 0.002007419061555993
584.0 0.0022567752239410765
585.0 0.00225866988330381
586.0 0.002260564360767603
587.0 0.0018360908143222332
588.0 0.0014116170859779231
589.0 0.0015988125596777536
590.0 0.0017860083971754648
591.0 0.0019000295651494525
592.0 0.0020140509150223807
593.0 0.0014738195204699878
594.0 0.0009335883078165352
595.0 0.0010635361832100898
596.0 0.0011934840586036444
597.0 0.0009696944289316889
598.0 0.0007459049356839387
599.0 0.0009954842425941024
600.0 0.0012450635949790012
601.0 0.0011373480447218753
602.0 0.0010296325854142196
603.0 0.0013698391740035731
604.0 0.0017100457625929266
605.0 0.0013914713235863019
606.0 0.0010728971574280877
607.0 0.0010160938472836278
608.0 0.0009592907190381084
609.0 0.0010185407518292777
610.0 0.0010777908755699173
611.0 0.0009982933079299983
612.0 0.0009187957402900793
613.0 0.0009370789484819397
614.0 0.0009553621566738002
615.0 0.0011821219231933355
616.0 0.0014088814168644603
617.0 0.0015388701285701245
618.0 0.0016688587493263185
619.0 0.0016514140952494927
620.0 0.0016339692592737265
621.0 0.0019199433154426515
622.0 0.002205917189712636
623.0 0.0016203799532377161
624.0 0.001034842716762796
625.0 0.0012700067600235343
626.0 0.001505171076132683
627.0 0.0016205773135880008
628.0 0.0017359840057906695
629.0 0.0018984756025020033
630.0 0.0020609677449101582
631.0 0.0024665660021128133
632.0 0.0028721642593154684
633.0 0.003043258038815111
634.0 0.0032143514545168728
635.0 0.005902640987187624
636.0 0.008590930519858375
637.0 0.015309402078855783
638.0 0.02202787436544895
639.0 0.020142027642577887
640.0 0.01825618528528139
641.0 0.015578311285935342
642.0 0.012900438741780818
643.0 0.009441943984711543
644.0 0.0059834485000465065
645.0 0.006350340117933229
646.0 0.006717231008224189
647.0 0.006507564830826595
648.0 0.00629789792583324
649.0 0.004869711119681597
650.0 0.0034415243135299534
651.0 0.0036017208913108334
652.0 0.0037619171052938327
653.0 0.003114376522717066
654.0 0.0024668359401402995
655.0 0.002327863148821052
656.0 0.002188890357501805
657.0 0.0024771306925686076
658.0 0.0027653710276354104
659.0 0.0022512025680043735
660.0 0.0017370339264743961
661.0 0.0019521374269970693
662.0 0.0021672409275197424
663.0 0.001947390592249576
664.0 0.0017275402569794096
665.0 0.0017641266822465695
666.0 0.0018007127437158488
667.0 0.002095309355354402
668.0 0.0023899054212961346
669.0 0.0018883150914916769
670.0 0.0013867245797882788
671.0 0.0013284170563565567
672.0 0.0012701096238743048
673.0 0.0012992572010261938
674.0 0.0013284046872286126
675.0 0.001368719767924631
676.0 0.001409034666721709
677.0 0.0015818164683878422
678.0 0.001754598633851856
679.0 0.0015842180800973438
680.0 0.0014138374353933614
681.0 0.0016726016838219948
682.0 0.001931365841301158
683.0 0.0023397584300255403
684.0 0.002748150836850982
685.0 0.0025793946406338364
686.0 0.0024106384444166906
687.0 0.0018081429516314529
688.0 0.0012056475497956853
689.0 0.0017363612641929649
690.0 0.0022670750695397146
691.0 0.0022791457013227046
692.0 0.002291216515004635
693.0 0.0025749639462446794
694.0 0.0028587117412826046
695.0 0.0031077026505954564
696.0 0.003356693559908308
697.0 0.003681493762996979
698.0 0.00400629396608565
699.0 0.005333360968506895
700.0 0.0066604261519387364
701.0 0.006863602175144479
702.0 0.007066778198350221
703.0 0.006199286144692451
704.0 0.0053317929996410385
705.0 0.004529979560174979
706.0 0.00372816612070892
707.0 0.0034000782761722803
708.0 0.0030719904316356406
709.0 0.003592193388612941
710.0 0.004112396345590241
711.0 0.00397151852666866
712.0 0.00383064107154496
713.0 0.003004032259923406
714.0 0.0021774234483018517
715.0 0.0022169646399561316
716.0 0.002256505649711471
717.0 0.001824851096898783
718.0 0.0013931968169345055
719.0 0.0014226372513803653
720.0 0.0014520776858262252
721.0 0.0011950270163652021
722.0 0.0009379759831062984
723.0 0.001424676702299621
724.0 0.0019113775124424137
725.0 0.00156547666847473
726.0 0.0012195760064059868
727.0 0.0011042613550671376
728.0 0.0009889463399304077
729.0 0.001197886376758106
730.0 0.0014068263226363342
731.0 0.001309491926804185
732.0 0.0012121573490730952
733.0 0.0015910030924715102
734.0 0.001969848744920455
735.0 0.0017676033166935667
736.0 0.0015653578884666786
737.0 0.0015233792510116473
738.0 0.0014814003407082055
739.0 0.0016718453480280004
740.0 0.0018622900824993849
741.0 0.001547488136566244
742.0 0.0012326862815825734
743.0 0.0016488804249092937
744.0 0.0020650748410844244
745.0 0.0018488639398128726
746.0 0.0016326530385413207
747.0 0.001738325045153033
748.0 0.0018439970517647453
749.0 0.002529464109102264
750.0 0.003214931348338723
751.0 0.0028710517653962597
752.0 0.002527172546251677
753.0 0.0026744270144263282
754.0 0.0028216814826009795
755.0 0.002175824010919314
756.0 0.0015299665392376482
757.0 0.0021218829715508036
758.0 0.0027137995857628994
759.0 0.002836794010363519
760.0 0.002959788434964139
761.0 0.004646083834813908
762.0 0.006332380144158378
763.0 0.006141881749499589
764.0 0.005951384446234442
765.0 0.0052825762395514175
766.0 0.004613769851857796
767.0 0.0042924657464027405
768.0 0.003971162732341327
769.0 0.004578751031658612
770.0 0.005186339330975898
771.0 0.00512226797582116
772.0 0.005058196620666422
773.0 0.004491374420467764
774.0 0.003924552220269106
775.0 1.6099688856380245e-10
776.0 0.06488705985248089
777.0 0.0354558986146003
778.0 0.06451722583733499
779.0 0.13414674904197454
780.0 0.10855600703507662
781.0 1.6099688856380245e-10
782.0 0.11448056902736425
783.0 1.6099688856380245e-10
784.0 1.6099688856380245e-10
785.0 1.6099688856380245e-10
786.0 1.6099688856380245e-10
787.0 1.6099688856380245e-10
788.0 1.6099688856380245e-10
789.0 0.030631758272647858
790.0 0.020030322775710374
791.0 0.11250012321397662
792.0 0.027551938546821475
793.0 0.039937402470968664
794.0 0.07915202295407653
795.0 0.036317468038760126
796.0 0.10292090009897947
797.0 0.13118364149704576
798.0 0.19879108294844627
799.0 0.35504798870533705
800.0 0.12303413823246956
801.0 0.2511967206373811
802.0 0.6390803027898073
803.0 1.1121480725705624
804.0 1.8124325200915337
805.0 2.801305055618286
806.0 4.238148033618927
807.0 6.046606600284576
808.0 8.171059936285019
809.0 10.76226606965065
810.0 14.016596972942352
811.0 16.990037262439728
812.0 20.18098384141922
813.0 23.109006881713867
814.0 26.024100184440613
815.0 30.063137412071228
816.0 35.14896631240845
817.0 41.002053022384644
818.0 46.590155363082886
819.0 52.803945541381836
820.0 60.43059229850769
821.0 67.66186356544495
822.0 74.14510250091553
823.0 79.71746921539307
824.0 84.98767614364624
825.0 89.61659073829651
826.0 92.86068677902222
827.0 95.2269971370697
828.0 97.61609435081482
829.0 99.1061806678772
830.0 98.78469705581665
831.0 99.23844933509827
832.0 98.53596687316895
833.0 99.45443272590637
834.0 98.40673804283142
835.0 99.03783798217773
836.0 99.09639954566956
837.0 99.39350485801697
838.0 98.32478165626526
839.0 98.64941239356995
840.0 98.64326119422913
841.0 99.58527684211731
842.0 99.89832639694214
843.0 99.86239671707153
844.0 98.5343873500824
845.0 98.72753620147705
846.0 99.01430010795593
847.0 98.64864349365234
848.0 99.71296787261963
849.0 98.79071712493896
850.0 98.16416501998901
851.0 99.35600757598877
852.0 98.94781112670898
853.0 98.59381914138794
854.0 99.88240599632263
855.0 98.56966137886047
856.0 99.17665123939514
857.0 98.14280271530151
858.0 98.60138297080994
859.0 99.18851256370544
860.0 98.65162968635559
861.0 99.04651045799255
862.0 99.08913969993591
863.0 98.36821556091309
864.0 99.48590397834778
865.0 99.7890055179596
866.0 98.4121561050415
867.0 99.15205836296082
868.0 99.17877316474915
869.0 98.9412784576416
870.0 97.97911643981934
871.0 98.83034229278564
872.0 99.37440156936646
873.0 99.25892353057861
874.0 99.68434572219849
875.0 99.12219047546387
876.0 98.902428150177
877.0 99.76634979248047
878.0 98.76605272293091
879.0 98.62194061279297
880.0 98.58098030090332
881.0 99.86369609832764
882.0 99.00068640708923
883.0 98.99211525917053
884.0 99.33438897132874
885.0 99.24234747886658
886.0 98.88631701469421
887.0 98.99246096611023
888.0 98.83422255516052
889.0 99.49167370796204
890.0 98.14612865447998
891.0 99.16185736656189
892.0 98.81306290626526
893.0 98.85404109954834
894.0 98.1842577457428
