lsstCam/transmission_filter_detector/r20_s22/z_20/19700101T000000.ecsv
# %ECSV 1.0
# ---
# datatype:
# - {name: wavelength, unit: nm, datatype: float32}
# - {name: efficiency, unit: '%', datatype: float64}
# meta: !!omap
# - {MODE: DETECTOR}
# - {TYPE: transmission_filter_detector}
# - {CALIBDATE: '1970-01-01T00:00:00'}
# - {INSTRUME: LSSTCam}
# - {OBSTYPE: transmission_filter_detector}
# - {CALIBCLS: lsst.ip.isr.IntermediateFilterDetectorTransmissionCurve}
# - {SOURCE: Materion (DM-46256)}
# - {DETECTOR: 80}
# - {FILTER: z_20}
# - {CALIB_ID: 'calibDate=1970-01-01T00:00:00 filter=z_20 detector=80'}
# - {DATE: '2025-04-02T15:59:49.009728'}
# - {CALIB_CREATION_DATE: '2025-04-02'}
# - {CALIB_CREATION_TIME: '15:59:49'}
# - __serialized_columns__:
#     efficiency:
#       __class__: astropy.units.quantity.Quantity
#       unit: !astropy.units.Unit {unit: '%'}
#       value: !astropy.table.SerializedColumn {name: efficiency}
#     wavelength:
#       __class__: astropy.units.quantity.Quantity
#       unit: !astropy.units.Unit {unit: nm}
#       value: !astropy.table.SerializedColumn {name: wavelength}
# schema: astropy-2.0
wavelength efficiency
[from data line 596]
896.0 98.6939549446106
897.0 99.36484098434448
898.0 98.78726601600647
899.0 98.46435785293579
900.0 98.8656222820282
901.0 99.21528697013855
902.0 99.18403029441833
903.0 98.84374141693115
904.0 97.96441197395325
905.0 98.48143458366394
906.0 98.14392328262329
907.0 98.73068332672119
908.0 98.27315211296082
909.0 98.36673140525818
910.0 98.06045293807983
911.0 97.02709317207336
912.0 95.99680304527283
913.0 95.15081644058228
914.0 92.85314679145813
915.0 90.6063437461853
916.0 88.45507502555847
917.0 87.03570365905762
918.0 83.55361223220825
919.0 82.2461187839508
920.0 79.7834038734436
921.0 75.7479190826416
922.0 71.88132405281067
923.0 66.15564227104187
924.0 60.52092909812927
925.0 54.98571991920471
926.0 49.116480350494385
927.0 42.11207628250122
928.0 36.219364404678345
929.0 30.122488737106323
930.0 24.217858910560608
931.0 19.07634735107422
932.0 13.67625892162323
933.0 9.35901403427124
934.0 6.026224046945572
935.0 3.7053637206554413
936.0 2.0969772711396217
937.0 1.2708479538559914
938.0 0.7362714968621731
939.0 0.5382994189858437
940.0 0.31183697283267975
941.0 0.2813506405800581
942.0 0.14098379760980606
943.0 0.038778819725848734
944.0 0.008856832573655993
945.0 1.6099688856380245e-10
946.0 0.05947509780526161
947.0 1.6099688856380245e-10
948.0 1.6099688856380245e-10
949.0 0.01751585805322975
950.0 1.6099688856380245e-10
951.0 0.006125034997239709
952.0 1.6099688856380245e-10
953.0 1.6099688856380245e-10
954.0 1.6099688856380245e-10
955.0 0.09393831714987755
956.0 0.05018016090616584
957.0 0.044101272942498326
958.0 1.6099688856380245e-10
959.0 0.16703670844435692
960.0 0.09480174630880356
961.0 1.6099688856380245e-10
962.0 1.6099688856380245e-10
963.0 0.012313395563978702
964.0 0.0017476657376391813
965.0 0.006996417505433783
966.0 0.02175027329940349
967.0 1.6099688856380245e-10
968.0 0.06147405365481973
969.0 1.6099688856380245e-10
970.0 1.6099688856380245e-10
971.0 1.6099688856380245e-10
972.0 1.6099688856380245e-10
973.0 1.6099688856380245e-10
974.0 1.6099688856380245e-10
975.0 1.6099688856380245e-10
976.0 0.006479809962911531
977.0 0.0064418498368468136
978.0 0.006403891165973619
979.0 0.006186302925925702
980.0 0.005968714322079904
981.0 0.005765323658124544
982.0 0.005561932266573422
983.0 0.005535387390409596
984.0 0.00550884215044789
985.0 0.0052784758736379445
986.0 0.005048109596827999
987.0 0.005061774209025316
988.0 0.005075438821222633
989.0 0.004921291474602185
990.0 0.004767144855577499
991.0 0.0047963036195142195
992.0 0.004825462747248821
993.0 0.004742846431327052
994.0 0.004660230115405284
995.0 0.004586758223013021
996.0 0.0045132859668228775
997.0 0.004426403029356152
998.0 0.004339520455687307
999.0 0.004341211388236843
1000.0 0.004342902320786379
1001.0 0.004297895429772325
1002.0 0.004252888902556151
1003.0 0.004281469227862544
1004.0 0.0043100495531689376
1005.0 0.004355041528469883
1006.0 0.0044000331399729475
1007.0 0.004383210762171075
1008.0 0.004366388020571321
1009.0 0.004268220072844997
1010.0 0.0041700524889165536
1011.0 0.0042582047171890736
1012.0 0.004346357309259474
1013.0 0.0043412521335994825
1014.0 0.004336146957939491
1015.0 0.004399035606184043
1016.0 0.004461924254428595
1017.0 0.004437679672264494
1018.0 0.004413434726302512
1019.0 0.004410260953591205
1020.0 0.004407086817082018
1021.0 0.004545595948002301
1022.0 0.004684104715124704
1023.0 0.004593171252054162
1024.0 0.00450223742518574
1025.0 0.004513021485763602
1026.0 0.004523805546341464
1027.0 0.004620536856236868
1028.0 0.004717268529930152
1029.0 0.004596230428433046
1030.0 0.00447519269073382
1031.0 0.004616072328644805
1032.0 0.004756951966555789
1033.0 0.0047667010221630335
1034.0 0.004776450441568159
1035.0 0.0048970436182571575
1036.0 0.0050176367949461564
1037.0 0.005230872557149269
1038.0 0.005444108319352381
1039.0 0.005556501855608076
1040.0 0.00566889502806589
1041.0 0.005557415715884417
1042.0 0.0054459364037029445
1043.0 0.00562110981263686
1044.0 0.0057962824939750135
1045.0 0.005995000901748426
1046.0 0.006193718581926078
1047.0 0.006224637036211789
1048.0 0.006255554762901738
1049.0 0.006248340650927275
1050.0 0.006241125811357051
1051.0 0.006479054718511179
1052.0 0.006716982170473784
1053.0 0.0070771624450571835
1054.0 0.007437343447236344
1055.0 0.007379690214293078
1056.0 0.007322038436541334
1057.0 0.007356101559707895
1058.0 0.0073901654104702175
1059.0 0.00765502845752053
1060.0 0.007919892232166603
1061.0 0.008219145092880353
1062.0 0.008518397953594103
1063.0 0.009030392538988963
1064.0 0.009542388579575345
1065.0 0.00964250139077194
1066.0 0.009742615657160059
1067.0 0.009897622658172622
1068.0 0.010052629659185186
1069.0 0.010241886047879234
1070.0 0.010431143164169043
1071.0 0.010350292723160237
1072.0 0.010269444464938715
1073.0 0.010886229574680328
1074.0 0.011503015412017703
1075.0 0.011448553414084017
1076.0 0.011394091416150331
1077.0 0.012193132715765387
1078.0 0.012992171104997396
1079.0 0.013215675426181406
1080.0 0.01343917683698237
1081.0 0.013867685629520565
1082.0 0.014296192966867238
1083.0 0.014575944805983454
1084.0 0.014855699555482715
1085.0 0.015086914936546236
1086.0 0.015318127407226712
1087.0 0.0154791385284625
1088.0 0.015640149649698287
1089.0 0.01606097794137895
1090.0 0.01648180914344266
1091.0 0.016519668861292303
1092.0 0.016557534399908036
1093.0 0.017889324226416647
1094.0 0.019221112597733736
1095.0 0.019604232511483133
1096.0 0.01998735242523253
1097.0 0.020221227896399796
1098.0 0.020455103367567062
1099.0 0.020894502813462168
1100.0 0.021333899348974228
1101.0 0.022411509416997433
1102.0 0.023489118029829115
1103.0 0.024117168504744768
1104.0 0.024745220434851944
1105.0 0.02577736449893564
1106.0 0.026809508563019335
1107.0 0.027099490398541093
1108.0 0.02738947223406285
1109.0 0.02855330822058022
1110.0 0.02971714420709759
1111.0 0.029402607469819486
1112.0 0.029088070732541382
1113.0 0.030105223413556814
1114.0 0.0311223731841892
1115.0 0.03239652724005282
1116.0 0.03367067838553339
1117.0 0.03519661840982735
1118.0 0.036722555523738265
1119.0 0.03859834687318653
1120.0 0.04047414113301784
1121.0 0.0404983147745952
1122.0 0.040522488416172564
1123.0 0.041878377669490874
1124.0 0.04323426401242614
1125.0 0.04526159318629652
1126.0 0.047288916539400816
1127.0 0.049956131260842085
1128.0 0.052623345982283354
1129.0 0.05266148364171386
1130.0 0.05269962130114436
1131.0 0.05713424179702997
1132.0 0.06156886229291558
1133.0 0.06306883879005909
1134.0 0.06456882110796869
1135.0 0.06696154596284032
1136.0 0.06935427081771195
1137.0 0.0750051811337471
1138.0 0.08065610891208053
1139.0 0.08345781825482845
1140.0 0.08625954505987465
1141.0 0.0995648093521595
1142.0 0.11287005618214607
1143.0 0.13981761876493692
1144.0 0.16676518134772778
1145.0 0.32883717212826014
1146.0 0.4909091629087925
1147.0 1.004747673869133
1148.0 1.518586277961731
1149.0 1.6460014507174492
1150.0 1.773417741060257
