lsstCam/transmission_filter_detector/r20_s02/y_10/19700101T000000.ecsv
# %ECSV 1.0
# ---
# datatype:
# - {name: wavelength, unit: nm, datatype: float32}
# - {name: efficiency, unit: '%', datatype: float64}
# meta: !!omap
# - {MODE: DETECTOR}
# - {TYPE: transmission_filter_detector}
# - {CALIBDATE: '1970-01-01T00:00:00'}
# - {INSTRUME: LSSTCam}
# - {OBSTYPE: transmission_filter_detector}
# - {CALIBCLS: lsst.ip.isr.IntermediateFilterDetectorTransmissionCurve}
# - {SOURCE: Materion (DM-46256)}
# - {DETECTOR: 74}
# - {FILTER: y_10}
# - {CALIB_ID: 'calibDate=1970-01-01T00:00:00 filter=y_10 detector=74'}
# - {DATE: '2025-04-02T15:59:51.084539'}
# - {CALIB_CREATION_DATE: '2025-04-02'}
# - {CALIB_CREATION_TIME: '15:59:51'}
# - __serialized_columns__:
#     efficiency:
#       __class__: astropy.units.quantity.Quantity
#       unit: !astropy.units.Unit {unit: '%'}
#       value: !astropy.table.SerializedColumn {name: efficiency}
#     wavelength:
#       __class__: astropy.units.quantity.Quantity
#       unit: !astropy.units.Unit {unit: nm}
#       value: !astropy.table.SerializedColumn {name: wavelength}
# schema: astropy-2.0
wavelength efficiency
[from data line 576]
876.0 0.0029057564461254515
877.0 0.0020235433112247847
878.0 0.0011413303582230583
879.0 0.0017474165360908955
880.0 0.06138063035905361
881.0 0.09916048729792237
882.0 0.061323115369305015
883.0 0.09943853365257382
884.0 0.07161755347624421
885.0 0.09838558034971356
886.0 0.07327551720663905
887.0 0.10367905488237739
888.0 0.07082452648319304
889.0 0.08774497546255589
890.0 0.07327308994717896
891.0 0.08973763906396925
892.0 0.07690420607104897
893.0 0.09556186269037426
894.0 0.068193074548617
895.0 0.10035617742687464
896.0 0.08112076320685446
897.0 0.11561731807887554
898.0 0.08471066248603165
899.0 0.12209927663207054
900.0 0.09747484000399709
901.0 0.13718149857595563
902.0 0.16434023855254054
903.0 0.17671264940872788
904.0 0.193324766587466
905.0 0.20663649775087833
906.0 0.27978329453617334
907.0 0.3516532713547349
908.0 0.47104167751967907
909.0 0.6122453138232231
910.0 0.8678925223648548
911.0 1.2191255576908588
912.0 1.7928928136825562
913.0 2.6888711377978325
914.0 3.7651780992746353
915.0 5.408360064029694
916.0 7.391538470983505
917.0 9.618954360485077
918.0 12.223634123802185
919.0 14.737236499786377
920.0 18.11428815126419
921.0 21.602821350097656
922.0 25.03161132335663
923.0 29.088309407234192
924.0 33.55783820152283
925.0 38.52923810482025
926.0 44.62183117866516
927.0 51.240140199661255
928.0 57.15532302856445
929.0 63.64949345588684
930.0 69.48454976081848
931.0 75.24491548538208
932.0 80.62569499015808
933.0 85.31174063682556
934.0 88.74538540840149
935.0 91.29076600074768
936.0 93.25557351112366
937.0 94.64723467826843
938.0 95.57601809501648
939.0 96.0339903831482
940.0 96.37225270271301
941.0 96.61985635757446
942.0 96.859210729599
943.0 96.98143601417542
944.0 97.28206396102905
945.0 97.26321697235107
946.0 97.35448360443115
947.0 97.34863638877869
948.0 97.48900532722473
949.0 97.447270154953
950.0 97.48556613922119
951.0 97.51929044723511
952.0 97.56556749343872
953.0 97.73987531661987
954.0 97.86352515220642
955.0 97.92549014091492
956.0 98.17212224006653
957.0 98.3408510684967
958.0 98.49126935005188
959.0 98.58260154724121
960.0 98.70286583900452
961.0 98.75234961509705
962.0 98.79075288772583
963.0 98.82017374038696
964.0 98.87770414352417
965.0 98.92328381538391
966.0 98.96029233932495
967.0 99.04965162277222
968.0 99.01243448257446
969.0 98.99135828018188
970.0 99.04892444610596
971.0 99.07522797584534
972.0 99.18330311775208
973.0 99.22719597816467
974.0 99.24448728561401
975.0 99.22218918800354
976.0 99.28584098815918
977.0 99.26652908325195
978.0 99.3133008480072
979.0 99.25691485404968
980.0 99.23940300941467
981.0 99.15096759796143
982.0 99.07028079032898
983.0 99.12529587745667
984.0 99.04317259788513
985.0 99.07782673835754
986.0 98.94077181816101
987.0 99.0112841129303
988.0 98.88629913330078
989.0 98.88968467712402
990.0 98.8525927066803
991.0 98.87861013412476
992.0 98.96597862243652
993.0 98.9030659198761
994.0 98.88598322868347
995.0 98.88908863067627
996.0 98.89088869094849
997.0 99.01653528213501
998.0 99.05932545661926
999.0 99.08688068389893
1000.0 99.14490580558777
1001.0 99.10025000572205
1002.0 99.20775890350342
1003.0 99.23457503318787
1004.0 99.29328560829163
1005.0 99.21029210090637
1006.0 99.3783175945282
1007.0 99.33246374130249
1008.0 99.31952953338623
1009.0 99.27899837493896
1010.0 99.29482340812683
1011.0 99.26324486732483
1012.0 99.19942617416382
1013.0 99.19872283935547
1014.0 99.18463826179504
1015.0 99.1463840007782
1016.0 99.12907481193542
1017.0 99.141925573349
1018.0 99.15631413459778
1019.0 99.08049702644348
1020.0 99.17916655540466
1021.0 99.2945671081543
1022.0 99.16229844093323
1023.0 99.20780062675476
1024.0 99.19986128807068
1025.0 99.19863939285278
1026.0 99.25638437271118
1027.0 99.35197234153748
1028.0 99.31696057319641
1029.0 99.39553141593933
1030.0 99.37772154808044
1031.0 99.34666156768799
1032.0 99.39109086990356
1033.0 99.38029050827026
1034.0 99.41587448120117
1035.0 99.47158694267273
1036.0 99.33851361274719
1037.0 99.43585991859436
1038.0 99.35411214828491
1039.0 99.24426078796387
1040.0 99.20655488967896
1041.0 99.27278757095337
1042.0 99.2452621459961
1043.0 99.23981428146362
1044.0 99.28030371665955
1045.0 98.99742007255554
1046.0 99.14189577102661
1047.0 99.10580515861511
1048.0 99.08996224403381
1049.0 99.0298867225647
1050.0 99.05335903167725
1051.0 99.05068278312683
1052.0 99.04203414916992
1053.0 98.86733889579773
1054.0 99.12909865379333
1055.0 99.26968812942505
1056.0 99.06306862831116
1057.0 99.19697642326355
1058.0 98.99467825889587
1059.0 99.05173182487488
1060.0 99.18310642242432
1061.0 99.11084771156311
1062.0 99.1141140460968
1063.0 99.0643560886383
1064.0 99.19108748435974
1065.0 99.17969107627869
1066.0 99.00686144828796
1067.0 99.20178651809692
1068.0 99.12089109420776
1069.0 98.8960325717926
1070.0 99.3524968624115
1071.0 99.23582077026367
1072.0 99.16715025901794
1073.0 99.19540286064148
1074.0 98.90289902687073
1075.0 98.94481301307678
1076.0 98.67836236953735
1077.0 99.0822970867157
1078.0 99.21953678131104
1079.0 98.78209233283997
1080.0 99.56140518188477
1081.0 98.87554049491882
1082.0 98.82294535636902
1083.0 98.64415526390076
1084.0 99.0121603012085
1085.0 99.0768313407898
1086.0 98.8519012928009
1087.0 98.9757239818573
1088.0 98.67550134658813
1089.0 98.64685535430908
1090.0 98.6637830734253
1091.0 98.94458055496216
1092.0 99.01077151298523
1093.0 98.74712228775024
1094.0 98.48597049713135
1095.0 98.54037761688232
1096.0 98.8056480884552
1097.0 98.44740033149719
1098.0 97.86646366119385
1099.0 98.6521303653717
1100.0 98.26440811157227
