lsstCam/transmission_filter_detector/r20_s02/y_10/19700101T000000.ecsv
# %ECSV 1.0
# ---
# datatype:
# - {name: wavelength, unit: nm, datatype: float32}
# - {name: efficiency, unit: '%', datatype: float64}
# meta: !!omap
# - {MODE: DETECTOR}
# - {TYPE: transmission_filter_detector}
# - {CALIBDATE: '1970-01-01T00:00:00'}
# - {INSTRUME: LSSTCam}
# - {OBSTYPE: transmission_filter_detector}
# - {CALIBCLS: lsst.ip.isr.IntermediateFilterDetectorTransmissionCurve}
# - {SOURCE: Materion (DM-46256)}
# - {DETECTOR: 74}
# - {FILTER: y_10}
# - {CALIB_ID: 'calibDate=1970-01-01T00:00:00 filter=y_10 detector=74'}
# - {DATE: '2025-04-02T15:59:51.084539'}
# - {CALIB_CREATION_DATE: '2025-04-02'}
# - {CALIB_CREATION_TIME: '15:59:51'}
# - __serialized_columns__:
#     efficiency:
#       __class__: astropy.units.quantity.Quantity
#       unit: !astropy.units.Unit {unit: '%'}
#       value: !astropy.table.SerializedColumn {name: efficiency}
#     wavelength:
#       __class__: astropy.units.quantity.Quantity
#       unit: !astropy.units.Unit {unit: nm}
#       value: !astropy.table.SerializedColumn {name: wavelength}
# schema: astropy-2.0
wavelength efficiency
300.0 0.4257000517100096
301.0 0.228010187856853
302.0 0.03032031236216426
303.0 0.03158687031827867
304.0 0.03285343118477613
305.0 0.020395663159433752
306.0 0.00793789149611257
307.0 0.015115361020434648
308.0 0.02229282690677792
309.0 0.015983701450750232
310.0 0.009674574539531022
311.0 0.008560436253901571
312.0 0.007446296513080597
313.0 0.0075052244937978685
314.0 0.007564151019323617
315.0 0.006604345253435895
316.0 0.0056445420341333374
317.0 0.0051272218115627766
318.0 0.004609899042407051
319.0 0.002648282315931283
320.0 0.0006866650437586941
321.0 0.0026054505724459887
322.0 0.004524236283032224
323.0 0.003532863047439605
324.0 0.002541490539442748
325.0 0.0009736548236105591
326.0 1.5951761396168496e-10
327.0 0.0003587662149584503
328.0 0.001311713731411146
329.0 0.002874164783861488
330.0 0.0044366159272613
331.0 0.0036354351323097944
332.0 0.0028342537916614674
333.0 0.002487633355485741
334.0 0.0021410127374110743
335.0 0.002173735629185103
336.0 0.0022064587028580718
337.0 0.002394543116679415
338.0 0.002582627348601818
339.0 0.0012257395610504318
340.0 1.5951761396168496e-10
341.0 1.5951761396168496e-10
342.0 1.5951761396168496e-10
343.0 0.00022160140815685736
344.0 0.0010903951988439076
345.0 0.0011410113074816763
346.0 0.001191627870866796
347.0 0.0014223181096895132
348.0 0.0016530082575627603
349.0 0.0015086368875927292
350.0 0.0013642651538248174
351.0 0.0015021017134131398
352.0 0.0016399379092035815
353.0 0.0013897965800424572
354.0 0.001139655250881333
355.0 0.0012462858649087138
356.0 0.0013529164789360948
357.0 0.001124347636505263
358.0 0.0008957787031249609
359.0 0.0010144171938009094
360.0 0.001133055684476858
361.0 0.0012351702025625855
362.0 0.0013372843568504322
363.0 0.001136168521043146
364.0 0.0009350522304885089
365.0 0.0012742928447551094
366.0 0.001613534004718531
367.0 0.002039917671936564
368.0 0.0024663013391545974
369.0 0.0020358462279546075
370.0 0.001605391298653558
371.0 0.0015436346075148322
372.0 0.001481877734477166
373.0 0.0019217757653677836
374.0 0.002361673796258401
375.0 0.003310335159767419
376.0 0.004258996705175377
377.0 0.004188894672552124
378.0 0.004118792276130989
379.0 0.003585223385016434
380.0 0.0030516544939018786
381.0 0.0021885787646169774
382.0 0.001325502944382606
383.0 0.0011946890481340233
384.0 0.0010638747880875599
385.0 0.0008839796464599203
386.0 0.000704084595781751
387.0 0.0007866388841648586
388.0 0.0008691933544469066
389.0 0.0007303719030460343
390.0 0.000591550451645162
391.0 0.0005708538083126768
392.0 0.0005501571649801917
393.0 0.0006454938556998968
394.0 0.0007408306373690721
395.0 0.0006788093742216006
396.0 0.0006167881565488642
397.0 0.0008154182069119997
398.0 0.0010140482118004002
399.0 0.0011994543456239626
400.0 0.0013848603884980548
401.0 0.001485720986238448
402.0 0.0015865816749283113
403.0 0.0017255342754651792
404.0 0.001864487239799928
405.0 0.0018061185983242467
406.0 0.0017477501387475058
407.0 0.0015109034393390175
408.0 0.0012740569218294695
409.0 0.0010110546099895146
410.0 0.0007480522072000895
411.0 0.0005273303941066843
412.0 0.0003066086264880141
413.0 0.0007250968792504864
414.0 0.0011435849046392832
415.0 0.0013390492313192226
416.0 0.0015345136489486322
417.0 0.0008640745363663882
418.0 0.00019363549199624686
419.0 1.5951761396168496e-10
420.0 1.5951761396168496e-10
421.0 1.5951761396168496e-10
422.0 0.00024098719677567715
423.0 0.0004724136033473769
424.0 0.0007038398052827688
425.0 0.0002363787189096911
426.0 1.5951761396168496e-10
427.0 0.00011584728554225876
428.0 0.00046277709770947695
429.0 1.5951761396168496e-10
430.0 1.5951761396168496e-10
431.0 0.0001050038008543197
432.0 0.0008601520676165819
433.0 0.0004345999514043797
434.0 9.048290650071067e-06
435.0 1.5951761396168496e-10
436.0 1.5951761396168496e-10
437.0 1.5951761396168496e-10
438.0 1.5951761396168496e-10
439.0 1.5951761396168496e-10
440.0 1.5951761396168496e-10
441.0 1.5951761396168496e-10
442.0 1.5951761396168496e-10
443.0 1.5951761396168496e-10
444.0 0.00012201771824038588
445.0 0.0002975587904074928
446.0 0.0004730997261503944
447.0 0.0005993544164084597
448.0 0.0007256090611917898
449.0 0.0006645478151767747
450.0 0.0006034864327375544
451.0 0.00016029998732847162
452.0 1.5951761396168496e-10
453.0 1.5951761396168496e-10
454.0 1.5951761396168496e-10
455.0 1.5951761396168496e-10
456.0 1.5951761396168496e-10
457.0 1.5951761396168496e-10
458.0 1.5951761396168496e-10
459.0 1.5951761396168496e-10
460.0 5.329982286639279e-05
461.0 0.0002871712695196038
462.0 0.0005210427843849175
463.0 0.0005867594154551625
464.0 0.0006524761829496128
465.0 0.0005481707830767846
466.0 0.00044386551962816156
467.0 0.0010596671017992776
468.0 0.001675468411121983
469.0 0.0016678384781698696
470.0 0.0016602081814198755
471.0 0.001714579229883384
472.0 0.001768950096447952
473.0 0.0022801967134000733
474.0 0.0027914433303521946
475.0 0.002657164259289857
476.0 0.0025228853701264597
477.0 0.0027927206247113645
478.0 0.0030625560611952096
479.0 0.0038463080272777006
480.0 0.004630059629562311
481.0 0.004672581781051122
482.0 0.004715103932539932
483.0 0.004177138544037007
484.0 0.003639173155534081
485.0 0.0037576104659819975
486.0 0.003876047776429914
487.0 0.0033869197068270296
488.0 0.0028977918191230856
489.0 0.002478504757164046
490.0 0.0020592180590028875
491.0 0.001764930311765056
492.0 0.0014706425645272247
493.0 0.0012012667866656557
494.0 0.0009318913726019673
495.0 0.0011747522876248695
496.0 0.0014176132026477717
497.0 0.0019612785763456486
498.0 0.0025049439500435255
499.0 0.002503678661014419
500.0 0.0025024133719853126
501.0 0.002625292654556688
502.0 0.0027481721190270036
503.0 0.0028017133445246145
504.0 0.0028552545700222254
505.0 0.0031211835448630154
506.0 0.003387112883501686
507.0 0.002531157042540144
508.0 0.0016752006558817811
509.0 0.0017304015273111872
510.0 0.0017856020349427126
511.0 0.0018706352420849726
512.0 0.001955668631126173
513.0 0.0018478249330655672
514.0 0.0017399817807017826
515.0 0.00155723282659892
516.0 0.0013744838724960573
517.0 0.0014096187442191876
518.0 0.0014447534340433776
519.0 0.0014233827641874086
520.0 0.001402011821483029
521.0 0.0015865187378949486
522.0 0.0017710253814584576
523.0 0.0018083279428537935
524.0 0.001845630322350189
525.0 0.0022417938453145325
526.0 0.0026379577320767567
527.0 0.002404535189270973
528.0 0.0021711130102630705
529.0 0.002318850783922244
530.0 0.0024665881937835366
531.0 0.0024188671886804514
532.0 0.002371146001678426
533.0 0.0024818638848955743
534.0 0.0025925810405169614
535.0 0.0020940608010278083
536.0 0.001595540379639715
537.0 0.002247171687486116
538.0 0.0028988028134335764
539.0 0.0034396503906464204
540.0 0.003980497422162443
541.0 0.004050352436024696
542.0 0.004120207086089067
543.0 0.004333604738349095
544.0 0.004547001663013361
545.0 0.004944093234371394
546.0 0.0053411848057294264
547.0 0.004440453631104901
548.0 0.0035397220926824957
549.0 0.0029162152713979594
550.0 0.002292708268214483
551.0 0.0023736116418149322
552.0 0.0024545150154153816
553.0 0.0030031731512281112
554.0 0.0035518307413440198
555.0 0.0038936210330575705
556.0 0.004235411688569002
557.0 0.003707582800416276
558.0 0.00317975391226355
559.0 0.00317684534820728
560.0 0.0031739364203531295
561.0 0.003517952427500859
562.0 0.003861967707052827
563.0 0.0036758894566446543
564.0 0.0034898112062364817
565.0 0.0038875488826306537
566.0 0.004285286195226945
567.0 0.004404243009048514
568.0 0.004523199822870083
569.0 0.005144542956259102
570.0 0.005765886453446001
571.0 0.005885355494683608
572.0 0.006004824535921216
573.0 0.006374131044140086
574.0 0.006743437552358955
575.0 0.006609562842641026
576.0 0.006475688132923096
577.0 0.005908464663662016
578.0 0.005341241194400936
579.0 0.005968933692201972
580.0 0.006596626917598769
581.0 0.007355301204370335
582.0 0.0081139754911419
583.0 0.00873907920322381
584.0 0.009364181460114196
585.0 0.009670045255916193
586.0 0.009975909779313952
587.0 0.010086657130159438
588.0 0.010197400843026116
589.0 0.010426600056234747
590.0 0.010655801452230662
591.0 0.010011789709096774
592.0 0.009367777965962887
593.0 0.007728866330580786
594.0 0.006089956877985969
595.0 0.005867826985195279
596.0 0.00564569745620247
597.0 0.006105387728894129
598.0 0.006565077637787908
599.0 0.007421304326271638
600.0 0.008277529559563845
601.0 0.008866750431479886
602.0 0.009455969120608643
603.0 0.010509198909858242
604.0 0.011562430154299363
605.0 0.01148919909610413
606.0 0.01141596949310042
607.0 0.009883321035886183
608.0 0.008350674761459231
609.0 0.0065583262767177075
610.0 0.004765978155774064
611.0 0.004003889989689924
612.0 0.003241802187403664
613.0 0.003787300011026673
614.0 0.004332797470851801
615.0 0.0050309976359130815
616.0 0.005729198528570123
617.0 0.006946466601220891
618.0 0.008163734310073778
619.0 0.00939270030357875
620.0 0.010621667752275243
621.0 0.011523169814608991
622.0 0.012424671149346977
623.0 0.012383719149511307
624.0 0.012342765694484115
625.0 0.010782845492940396
626.0 0.00922292165341787
627.0 0.007305265171453357
628.0 0.00538760723429732
629.0 0.00437684211647138
630.0 0.0033660773624433205
631.0 0.0029203858503024094
632.0 0.0024746943381614983
633.0 0.0025806499252212234
634.0 0.002686605694179889
635.0 0.0029691076633753255
636.0 0.003251609086873941
637.0 0.0037813326343894005
638.0 0.004311055818106979
639.0 0.004529443322098814
640.0 0.004747830098494887
641.0 0.005169209907762706
642.0 0.005590590080828406
643.0 0.005609383515547961
644.0 0.005628176586469635
645.0 0.005186814087210223
646.0 0.004745451587950811
647.0 0.0038224636227823794
648.0 0.0028994758395128883
649.0 0.0021365267457440495
650.0 0.0013735775610257406
651.0 0.0014312503481050953
652.0 0.0014889233170833904
653.0 0.0014738393474544864
654.0 0.0014587552868761122
655.0 0.0015675810573156923
656.0 0.0016764068277552724
657.0 0.0016128031347761862
658.0 0.0015491994417971
659.0 0.001730559415591415
660.0 0.0019119190255878493
661.0 0.0018647584511199966
662.0 0.0018175976947532035
663.0 0.002375019721512217
664.0 0.0029324421120691113
665.0 0.003550859764800407
666.0 0.004169276871834882
667.0 0.004674815500038676
668.0 0.0051803526730509475
669.0 0.00544049107702449
670.0 0.005700625843019225
671.0 0.006380474223988131
672.0 0.007060322241159156
673.0 0.007838203600840643
674.0 0.008616084232926369
675.0 0.008039831300266087
676.0 0.007463579822797328
677.0 0.0059997728385496885
678.0 0.004535965854302049
679.0 0.0029566312150564045
680.0 0.0013772971215075813
681.0 0.0005948857051407686
682.0 1.5951761396168496e-10
683.0 0.00017464773236497422
684.0 0.0005368211986933602
685.0 0.00030298001547635067
686.0 6.91388095219736e-05
687.0 0.00011899353467015317
688.0 0.00016884829392438405
689.0 0.00021625085082632722
690.0 0.00026365341909695417
691.0 0.0003251277121307794
692.0 0.0003866020961140748
693.0 0.0003757539843718405
694.0 0.0003649058953669737
695.0 0.0004229869318805868
696.0 0.0004810679001820972
697.0 0.00042223964555887505
698.0 0.0003634113454609178
699.0 0.0003465863528617774
700.0 0.0003297612011010642
701.0 0.00024393020794377662
702.0 0.00015809931710464298
703.0 0.00023546297143184347
704.0 0.0003128266143903602
705.0 0.0003979768280260032
706.0 0.00048312685976270586
707.0 0.00023752795641485136
708.0 1.5951761396168496e-10
709.0 0.0001505986119809677
710.0 0.00030926823910704115
711.0 0.0003725952410604805
712.0 0.00043592226575128734
713.0 0.0002885965614041197
714.0 0.00014127086842563585
715.0 0.00033135077046608785
716.0 0.0005214306838752236
717.0 0.00026600366709317314
718.0 1.057677394555867e-05
719.0 0.00031405709250975633
720.0 0.0006175373073347146
721.0 0.0004547466687654378
722.0 0.0002919559847214259
723.0 0.0003122565203739214
724.0 0.00033255705602641683
725.0 0.0003705895551320282
726.0 0.0004086222361365799
727.0 0.0002701948233152507
728.0 0.0001317676492362807
729.0 0.00016444146240246482
730.0 0.00019711540062417043
731.0 0.0004896748578175902
732.0 0.000782234565122053
733.0 0.00038426801438617986
734.0 1.5951761396168496e-10
735.0 1.5951761396168496e-10
736.0 1.5951761396168496e-10
737.0 0.0004027086561109172
738.0 0.0008248573976743501
739.0 0.0005987000804452691
740.0 0.0003725425131051452
741.0 0.00025886126877594506
742.0 0.0001451800358154287
743.0 1.5951761396168496e-10
744.0 1.5951761396168496e-10
745.0 0.0001834409317780228
746.0 0.0005694227638741722
747.0 0.00029453403840307146
748.0 1.964534845910748e-05
749.0 1.5951761396168496e-10
750.0 1.5951761396168496e-10
751.0 6.628534947594744e-05
752.0 0.0003145168648188701
753.0 0.00045050833250570577
754.0 0.0005864997547178064
755.0 1.5951761396168496e-10
756.0 1.5951761396168496e-10
757.0 1.5951761396168496e-10
758.0 1.5951761396168496e-10
759.0 0.00019133478872390697
760.0 0.0006735459464835003
761.0 0.00047481712499575224
762.0 0.00027608823529590154
763.0 0.00011413347920097294
764.0 1.5951761396168496e-10
765.0 0.00010126072993443813
766.0 0.00025034269128809683
767.0 1.5951761396168496e-10
768.0 1.5951761396168496e-10
769.0 1.5951761396168496e-10
770.0 1.5951761396168496e-10
771.0 1.5951761396168496e-10
772.0 1.5951761396168496e-10
773.0 0.00026285945295967394
774.0 0.0007957326488394756
775.0 0.0005491376668942394
776.0 0.00030254263947426807
777.0 0.0003872933575621573
778.0 0.0004720440756500466
779.0 0.0005443767349788686
780.0 0.0006167093943076907
781.0 0.0005701799636881333
782.0 0.0005236504875938408
783.0 0.0005046372734796023
784.0 0.0004856241048400989
785.0 0.00036172327781969216
786.0 0.00023782215521350736
787.0 0.0005116567081131507
788.0 0.0007854911018512212
789.0 0.0006564668638020521
790.0 0.0005274426712276181
791.0 0.000485056807519868
792.0 0.0004426708983373828
793.0 0.0004349519258539658
794.0 0.00042723268052213825
795.0 0.0005701950158254476
796.0 0.0007131572601792868
797.0 0.00045984079406480305
798.0 0.00020652437342505436
799.0 0.0004986979092791444
800.0 0.0007908713996584993
801.0 0.0004567805717670126
802.0 0.00012268970976947458
803.0 0.00038931830204091966
804.0 0.0006559469056810485
805.0 0.0008469847671221942
806.0 0.0010380224921391346
807.0 0.0007058601113385521
808.0 0.0003736977305379696
809.0 0.00022307337985694176
810.0 7.244897233249503e-05
811.0 0.0003855015620501945
812.0 0.0006985541403992102
813.0 0.0008956550118455198
814.0 0.0010927559742412996
815.0 0.0008461486686428543
816.0 0.0005995409082970582
817.0 0.0006495105935755419
818.0 0.0006994802788540255
819.0 0.0008093188625934999
820.0 0.0009191573553835042
821.0 0.000746398609408061
822.0 0.0005736397270084126
823.0 0.0005107795914227609
824.0 0.0004479196377360495
825.0 0.0005193167908146279
826.0 0.0005907138984184712
827.0 0.0007230846222228138
828.0 0.0008554554369766265
829.0 0.0004906624781142455
830.0 0.00012586958746396704
831.0 0.0001247777163371211
832.0 0.00012368603847789927
833.0 0.00035421064694673987
834.0 0.0005847351076226914
835.0 5.298909968587395e-05
836.0 1.5951761396168496e-10
837.0 1.5951761396168496e-10
838.0 0.00011973783102803282
839.0 0.0004015303147753002
840.0 0.0006833228326286189
841.0 0.0008774612979323138
842.0 0.0010715997632360086
843.0 0.0008593542588641867
844.0 0.0006471084361692192
845.0 0.0006271829533943674
846.0 0.0006072574706195155
847.0 0.0008409663678321522
848.0 0.001074675310519524
849.0 0.0009138073437497951
850.0 0.0007529390131821856
851.0 0.0010636969818733633
852.0 0.001374454950564541
853.0 0.0005799134669359773
854.0 1.5951761396168496e-10
855.0 1.5951761396168496e-10
856.0 1.5951761396168496e-10
857.0 0.00046136756282066926
858.0 0.0013291018149175216
859.0 0.0012315105777815916
860.0 0.0011339189768477809
861.0 0.0014173654562910087
862.0 0.0017008122085826471
863.0 0.0019241997506469488
864.0 0.0021475869289133698
865.0 0.00210236175917089
866.0 0.00205713658942841
867.0 0.002744099765550345
868.0 0.0034310629416722804
869.0 0.00307356494886335
870.0 0.0027160671379533596
871.0 0.003123195710941218
872.0 0.0035303241020301357
873.0 0.0026793317374540493
874.0 0.0018283397366758436
