lsstcam/qe_curves/r31_s01/19700101T000000.ecsv
# %ECSV 0.9
# ---
# datatype:
# - {name: amp_name, datatype: string}
# - {name: wavelength, unit: nm, datatype: float32}
# - {name: efficiency, unit: '%', datatype: float32}
# meta: !!omap
# - {MODE: AMP}
# - {TYPE: QE}
# - {CALIBDATE: '1970-01-01T00:00:00'}
# - {INSTRUME: LSSTCAM}
# - {OBSTYPE: qe_curves}
# - {DETECTOR: 127}
# - {PICKLEFILE: RaftRun11903.p}
# - {CALIB_ID: 'raftName=R31 detectorName=S01 detector=127 calibDate=1970-01-01T00:00:00 ccd=127 ccdnum=127 filter=None'}
# - {DATE: '2020-01-23T01:58:27.265309'}
# - {CALIB_CREATION_DATE: '2020-01-23'}
# - {CALIB_CREATION_TIME: '01:58:27'}
# - __serialized_columns__:
#     efficiency:
#       __class__: astropy.units.quantity.Quantity
#       unit: !astropy.units.Unit {unit: '%'}
#       value: !astropy.table.SerializedColumn {name: efficiency}
#     wavelength:
#       __class__: astropy.units.quantity.Quantity
#       unit: !astropy.units.Unit {unit: nm}
#       value: !astropy.table.SerializedColumn {name: wavelength}
# schema: astropy-2.0
amp_name wavelength efficiency
C07 319.994 43.56746
C07 324.969 49.18809
C07 349.982 70.48088
C07 374.975 73.32673
C07 400.019 81.98581
C07 424.965 84.68161
C07 450.035 87.04409
C07 475.003 90.16553
C07 500.018 92.22088
C07 525.002 94.26009
C07 550.029 96.976456
C07 575.023 98.03078
C07 599.982 98.35033
C07 619.997 98.38491
C07 624.979 99.414246
C07 650.012 98.853035
C07 675.004 99.23495
C07 700.03 98.09848
C07 725.012 98.21322
C07 750.022 97.99031
C07 774.987 97.5385
C07 799.976 96.52148
C07 824.988 94.68418
C07 850.022 92.7887
C07 869.967 89.74209
C07 875.002 88.934265
C07 899.999 82.091415
C07 919.999 73.031944
C07 925.012 70.653854
C07 949.965 57.53858
C07 975.002 42.42782
C07 999.976 25.689814
C07 1025.028 10.995989
C07 1050.014 3.8550177
C07 1075.002 2.1361618
C07 1099.99 1.6521927
C11 319.994 44.50856
C11 324.969 50.261864
C11 349.982 72.16139
C11 374.975 74.71408
C11 400.019 82.66429
C11 424.965 85.00823
C11 450.035 87.18602
C11 475.003 90.19631
C11 500.018 92.18066
C11 525.002 94.17591
C11 550.029 96.86213
C11 575.023 97.897156
C11 599.982 98.2005
C11 619.997 98.2344
C11 624.979 99.2567
C11 650.012 98.69032
C11 675.004 99.0897
C11 700.03 98.04583
C11 725.012 98.4264
C11 750.022 98.53165
C11 774.987 98.39394
C11 799.976 97.48577
C11 824.988 95.567566
C11 850.022 93.72891
C11 869.967 90.51574
C11 875.002 89.583626
C11 899.999 82.569275
C11 919.999 72.906494
C11 925.012 70.54132
C11 949.965 57.723507
C11 975.002 42.594685
C11 999.976 25.86072
C11 1025.028 10.983115
C11 1050.014 3.834156
C11 1075.002 2.1298192
C11 1099.99 1.6668167
C01 319.994 42.478325
C01 324.969 47.967464
C01 349.982 68.96954
C01 374.975 72.1924
C01 400.019 81.48352
C01 424.965 84.47982
C01 450.035 86.995964
C01 475.003 90.21266
C01 500.018 92.33238
C01 525.002 94.42754
C01 550.029 97.19428
C01 575.023 98.28731
C01 599.982 98.63953
C01 619.997 98.69746
C01 624.979 99.73744
C01 650.012 99.1944
C01 675.004 99.60034
C01 700.03 98.46532
C01 725.012 98.55729
C01 750.022 98.2851
C01 774.987 97.78818
C01 799.976 96.74896
C01 824.988 94.88244
C01 850.022 92.98171
C01 869.967 89.84189
C01 875.002 88.964294
C01 899.999 82.227295
C01 919.999 73.05304
C01 925.012 70.68749
C01 949.965 57.39971
C01 975.002 42.177612
C01 999.976 25.65966
C01 1025.028 10.94897
C01 1050.014 3.8137224
C01 1075.002 2.1148565
C01 1099.99 1.6577313
C03 319.994 42.933083
C03 324.969 48.474754
C03 349.982 69.58814
C03 374.975 72.65638
C03 400.019 81.7274
C03 424.965 84.615555
C03 450.035 87.08363
C03 475.003 90.26779
C03 500.018 92.36795
C03 525.002 94.44828
C03 550.029 97.19669
C03 575.023 98.27385
C03 599.982 98.61243
C03 619.997 98.665184
C03 624.979 99.69805
C03 650.012 99.148506
C03 675.004 99.542435
C03 700.03 98.40027
C03 725.012 98.4758
C03 750.022 98.18595
C03 774.987 97.67533
C03 799.976 96.62995
C03 824.988 94.77651
C03 850.022 92.868546
C03 869.967 89.712204
C03 875.002 88.84341
C03 899.999 82.236145
C03 919.999 73.04882
C03 925.012 70.62617
C03 949.965 57.292366
C03 975.002 42.16836
C03 999.976 25.649174
C03 1025.028 10.952386
C03 1050.014 3.8023634
C03 1075.002 2.114866
C03 1099.99 1.6540631
C04 319.994 43.17555
C04 324.969 48.747856
C04 349.982 69.92915
C04 374.975 72.88589
C04 400.019 81.77056
C04 424.965 84.57736
C04 450.035 86.99798
C04 475.003 90.15507
C04 500.018 92.23408
C04 525.002 94.2994
C04 550.029 97.02997
C04 575.023 98.09973
C04 599.982 98.43093
C04 619.997 98.473724
C04 624.979 99.50583
C04 650.012 98.949715
C04 675.004 99.34006
C04 700.03 98.19292
C04 725.012 98.26962
C04 750.022 97.98744
C04 774.987 97.47955
C04 799.976 96.43898
C04 824.988 94.59499
C04 850.022 92.67601
C04 869.967 89.53829
C04 875.002 88.67357
C04 899.999 82.10793
C04 919.999 72.87563
C04 925.012 70.53457
C04 949.965 57.248844
C04 975.002 42.072086
C04 999.976 25.540524
C04 1025.028 10.907971
C04 1050.014 3.8002594
C04 1075.002 2.110802
C04 1099.99 1.6487086
C06 319.994 43.53203
C06 324.969 49.14859
C06 349.982 70.43793
C06 374.975 73.30684
C06 400.019 82.05224
C06 424.965 84.78411
C06 450.035 87.166245
C06 475.003 90.30231
C06 500.018 92.36422
C06 525.002 94.416046
C06 550.029 97.137146
C06 575.023 98.19813
C06 599.982 98.51806
C06 619.997 98.55652
C06 624.979 99.58734
C06 650.012 99.026024
C06 675.004 99.40998
C06 700.03 98.26641
C06 725.012 98.362785
C06 750.022 98.11187
C06 774.987 97.63493
C06 799.976 96.604416
C06 824.988 94.76194
C06 850.022 92.84615
C06 869.967 89.72896
C06 875.002 88.9287
C06 899.999 82.3143
C06 919.999 73.208374
C06 925.012 70.59946
C06 949.965 57.275272
C06 975.002 42.315086
C06 999.976 25.706558
C06 1025.028 10.952734
C06 1050.014 3.8363104
C06 1075.002 2.1285968
C06 1099.99 1.65202
C02 319.994 42.540627
C02 324.969 48.0358
C02 349.982 69.01462
C02 374.975 72.1306
C02 400.019 81.22736
C02 424.965 84.13428
C02 450.035 86.605225
C02 475.003 89.78114
C02 500.018 91.87582
C02 525.002 93.948814
C02 550.029 96.69013
C02 575.023 97.770515
C02 599.982 98.11085
C02 619.997 98.16879
C02 624.979 99.19801
C02 650.012 98.65435
C02 675.004 99.05148
C02 700.03 97.918045
C02 725.012 97.99768
C02 750.022 97.72044
C02 774.987 97.21353
C02 799.976 96.17259
C02 824.988 94.32258
C02 850.022 92.43189
C02 869.967 89.29563
C02 875.002 88.43659
C02 899.999 81.78684
C02 919.999 72.6622
C02 925.012 70.29448
C02 949.965 57.10404
C02 975.002 41.959644
C02 999.976 25.482601
C02 1025.028 10.882928
C02 1050.014 3.782962
C02 1075.002 2.1018424
C02 1099.99 1.6475478
C17 319.994 43.00593
C17 324.969 48.561745
C17 349.982 69.815735
C17 374.975 72.80827
C17 400.019 81.47366
C17 424.965 84.17313
C17 450.035 86.52212
C17 475.003 89.62611
C17 500.018 91.66834
C17 525.002 93.7071
C17 550.029 96.41632
C17 575.023 97.473564
C17 599.982 97.801315
C17 619.997 97.84768
C17 624.979 98.87326
C17 650.012 98.322205
C17 675.004 98.73095
C17 700.03 97.69131
C17 725.012 98.05255
C17 750.022 98.12187
C17 774.987 97.95218
C17 799.976 97.028175
C17 824.988 95.08039
C17 850.022 93.18836
C17 869.967 90.0053
C17 875.002 89.09012
C17 899.999 81.84809
C17 919.999 72.37188
C17 925.012 69.95393
C17 949.965 57.128616
C17 975.002 42.121178
C17 999.976 25.646109
C17 1025.028 11.020834
C17 1050.014 3.825345
C17 1075.002 2.0963273
C17 1099.99 1.6502932
C05 319.994 43.347492
C05 324.969 48.943054
C05 349.982 70.17559
C05 374.975 73.074295
C05 400.019 81.87748
C05 424.965 84.64046
C05 450.035 87.03873
C05 475.003 90.18218
C05 500.018 92.25023
C05 525.002 94.30421
C05 550.029 97.03396
C05 575.023 98.09414
C05 599.982 98.42066
C05 619.997 98.46059
C05 624.979 99.4914
C05 650.012 98.93276
C05 675.004 99.32142
C05 700.03 98.17454
C05 725.012 98.25969
C05 750.022 97.98883
C05 774.987 97.49398
C05 799.976 96.454475
C05 824.988 94.6163
C05 850.022 92.69946
C05 869.967 89.59476
C05 875.002 88.7367
C05 899.999 82.12098
C05 919.999 72.874954
C05 925.012 70.56927
C05 949.965 57.374653
C05 975.002 42.13912
C05 999.976 25.531887
C05 1025.028 10.895827
C05 1050.014 3.809545
C05 1075.002 2.11865
C05 1099.99 1.6479925
C00 319.994 41.968414
C00 324.969 47.385426
C00 349.982 68.03434
C00 374.975 71.320984
C00 400.019 80.850395
C00 424.965 83.97668
C00 450.035 86.558075
C00 475.003 89.80761
C00 500.018 91.9469
C00 525.002 94.05122
C00 550.029 96.81379
C00 575.023 97.90676
C00 599.982 98.25552
C00 619.997 98.31299
C00 624.979 99.34566
C00 650.012 98.80671
C00 675.004 99.20815
C00 700.03 98.0766
C00 725.012 98.176094
C00 750.022 97.91355
C00 774.987 97.42764
C00 799.976 96.391525
C00 824.988 94.52963
C00 850.022 92.63683
C00 869.967 89.49206
C00 875.002 88.628075
C00 899.999 81.87801
C00 919.999 72.749985
C00 925.012 70.392784
C00 949.965 57.099274
C00 975.002 41.959087
C00 999.976 25.537594
C00 1025.028 10.956524
C00 1050.014 3.8289018
C00 1075.002 2.1168199
C00 1099.99 1.6524838
C12 319.994 44.33439
C12 324.969 50.063316
C12 349.982 71.91465
C12 374.975 74.52425
C12 400.019 82.546844
C12 424.965 84.92591
C12 450.035 87.12142
C12 475.003 90.14247
C12 500.018 92.13282
C12 525.002 94.13442
C12 550.029 96.82535
C12 575.023 97.863914
C12 599.982 98.17721
C12 619.997 98.208176
C12 624.979 99.23395
C12 650.012 98.67024
C12 675.004 99.07329
C12 700.03 98.02668
C12 725.012 98.40165
C12 750.022 98.488144
C12 774.987 98.33491
C12 799.976 97.417496
C12 824.988 95.49861
C12 850.022 93.65514
C12 869.967 90.428116
C12 875.002 89.50036
C12 899.999 82.48216
C12 919.999 72.87018
C12 925.012 70.49208
C12 949.965 57.6616
C12 975.002 42.536728
C12 999.976 25.849085
C12 1025.028 10.988046
C12 1050.014 3.8190994
C12 1075.002 2.118188
C12 1099.99 1.6614882
C14 319.994 43.774265
C14 324.969 49.435596
C14 349.982 71.143684
C14 374.975 73.95971
C14 400.019 82.207466
C14 424.965 84.688354
C14 450.035 86.92665
C14 475.003 89.968666
C14 500.018 91.97343
C14 525.002 93.98554
C14 550.029 96.68823
C14 575.023 97.738716
C14 599.982 98.06099
C14 619.997 98.10045
C14 624.979 99.12888
C14 650.012 98.577774
C14 675.004 98.98681
C14 700.03 97.94822
C14 725.012 98.310005
C14 750.022 98.38042
C14 774.987 98.21015
C14 799.976 97.29541
C14 824.988 95.372894
C14 850.022 93.53673
C14 869.967 90.35015
C14 875.002 89.41812
C14 899.999 82.3144
C14 919.999 72.80584
C14 925.012 70.41648
C14 949.965 57.627956
C14 975.002 42.467304
C14 999.976 25.882008
C14 1025.028 11.024049
C14 1050.014 3.8150744
C14 1075.002 2.105466
C14 1099.99 1.6624918
C10 319.994 44.50722
C10 324.969 50.260876
C10 349.982 72.15012
C10 374.975 74.68054
C10 400.019 82.56109
C10 424.965 84.8808
C10 450.035 87.0446
C10 475.003 90.0485
C10 500.018 92.023964
C10 525.002 94.01491
C10 550.029 96.69578
C10 575.023 97.7263
C10 599.982 98.035324
C10 619.997 98.06496
C10 624.979 99.08656
C10 650.012 98.52122
C10 675.004 98.91879
C10 700.03 97.88053
C10 725.012 98.28044
C10 750.022 98.40709
C10 774.987 98.2888
C10 799.976 97.39047
C10 824.988 95.48501
C10 850.022 93.65319
C10 869.967 90.485985
C10 875.002 89.5585
C10 899.999 82.48652
C10 919.999 72.87749
C10 925.012 70.53775
C10 949.965 57.739693
C10 975.002 42.606785
C10 999.976 25.829845
C10 1025.028 11.013289
C10 1050.014 3.8590035
C10 1075.002 2.1406868
C10 1099.99 1.6682211
C15 319.994 43.56097
C15 324.969 49.19408
C15 349.982 70.82238
C15 374.975 73.69863
C15 400.019 82.000755
C15 424.965 84.505325
C15 450.035 86.755806
C15 475.003 89.79832
C15 500.018 91.8031
C15 525.002 93.81846
C15 550.029 96.51756
C15 575.023 97.56972
C15 599.982 97.895905
C15 619.997 97.94026
C15 624.979 98.96629
C15 650.012 98.42016
C15 675.004 98.83209
C15 700.03 97.79427
C15 725.012 98.15649
C15 750.022 98.2265
C15 774.987 98.055435
C15 799.976 97.140945
C15 824.988 95.215775
C15 850.022 93.37292
C15 869.967 90.197075
C15 875.002 89.27045
C15 899.999 82.156166
C15 919.999 72.68379
C15 925.012 70.2794
C15 949.965 57.476406
C15 975.002 42.35169
C15 999.976 25.84141
C15 1025.028 11.026218
C15 1050.014 3.8157866
C15 1075.002 2.1005201
C15 1099.99 1.65934
C13 319.994 44.104687
C13 324.969 49.81123
C13 349.982 71.64884
C13 374.975 74.35595
C13 400.019 82.45802
C13 424.965 84.868866
C13 450.035 87.07778
C13 475.003 90.10508
C13 500.018 92.09828
C13 525.002 94.10641
C13 550.029 96.8065
C13 575.023 97.853584
C13 599.982 98.16998
C13 619.997 98.21182
C13 624.979 99.23891
C13 650.012 98.680466
C13 675.004 99.08863
C13 700.03 98.04208
C13 725.012 98.40779
C13 750.022 98.48424
C13 774.987 98.32132
C13 799.976 97.40387
C13 824.988 95.48601
C13 850.022 93.6404
C13 869.967 90.42225
C13 875.002 89.484695
C13 899.999 82.45989
C13 919.999 72.87834
C13 925.012 70.48741
C13 949.965 57.653397
C13 975.002 42.522564
C13 999.976 25.88156
C13 1025.028 11.008669
C13 1050.014 3.8150823
C13 1075.002 2.112329
C13 1099.99 1.6623149
C16 319.994 43.35314
C16 324.969 48.956844
C16 349.982 70.46728
C16 374.975 73.40965
C16 400.019 81.86331
C16 424.965 84.447464
C16 450.035 86.73682
C16 475.003 89.8077
C16 500.018 91.83059
C16 525.002 93.8556
C16 550.029 96.565346
C16 575.023 97.62029
C16 599.982 97.94634
C16 619.997 97.99337
C16 624.979 99.021484
C16 650.012 98.47237
C16 675.004 98.88573
C16 700.03 97.84585
C16 725.012 98.20825
C16 750.022 98.278404
C16 774.987 98.10483
C16 799.976 97.18731
C16 824.988 95.24746
C16 850.022 93.37599
C16 869.967 90.194664
C16 875.002 89.27556
C16 899.999 82.099335
C16 919.999 72.64686
C16 925.012 70.22013
C16 949.965 57.34281
C16 975.002 42.284508
C16 999.976 25.765741
C16 1025.028 11.03714
C16 1050.014 3.8179452
C16 1075.002 2.0972996
C16 1099.99 1.6558648
