lsstCam/transmission_sensor/r11_s11/19700101T000000.ecsv
# %ECSV 1.0
# ---
# datatype:
# - {name: amp_name, datatype: string}
# - {name: wavelength, unit: nm, datatype: float32}
# - {name: efficiency, unit: '%', datatype: float64}
# meta: !!omap
# - {MODE: AMP}
# - {TYPE: transmission_sensor}
# - {CALIBDATE: '1970-01-01T00:00:00'}
# - {INSTRUME: LSSTCAM}
# - {OBSTYPE: transmission_sensor}
# - {DETECTOR: 40}
# - {PARQUETFILE: qe_raft_allvalues_nircorrected_20230725.parquet}
# - {CALIBCLS: lsst.ip.isr.IntermediateSensorTransmissionCurve}
# - {CALIB_ID: 'raftName=R11 detectorName=S11 detector=40 calibDate=1970-01-01T00:00:00 ccd=40 ccdnum=40 filter=None'}
# - {DATE: '2024-01-18T22:42:25.113346'}
# - {CALIB_CREATION_DATE: '2024-01-18'}
# - {CALIB_CREATION_TIME: '22:42:25'}
# - __serialized_columns__:
#     efficiency:
#       __class__: astropy.units.quantity.Quantity
#       unit: !astropy.units.Unit {unit: '%'}
#       value: !astropy.table.SerializedColumn {name: efficiency}
#     wavelength:
#       __class__: astropy.units.quantity.Quantity
#       unit: !astropy.units.Unit {unit: nm}
#       value: !astropy.table.SerializedColumn {name: wavelength}
# schema: astropy-2.0
amp_name wavelength efficiency
C00 319.992 42.06024833907416
C00 330.006 52.6499671919536
C00 349.994 70.82166471536637
C00 370.001 76.10015596083781
C00 400.009 83.5376490095885
C00 429.983 85.65922024298712
C00 449.989 87.24220912016966
C00 469.993 89.06786449520312
C00 500.016 91.72788416514076
C00 549.99 95.43928687051819
C00 569.998 96.60112854718352
C00 599.983 97.83520100195697
C00 630.013 98.60715140385597
C00 649.987 98.74368701283463
C00 670.017 98.98114312881323
C00 699.987 98.50437638502186
C00 720.012 98.3681415226885
C00 749.995 98.51343303797623
C00 770.007 98.59489503984277
C00 800.008 97.81667133388652
C00 830.013 96.08330851278566
C00 869.994 91.05219738018491
C00 900.005 82.90489215685804
C00 919.989 73.90856488675149
C00 959.989 52.0134626199118
C00 1000.013 26.15944625255487
C00 1030.002 9.57448827095935
C00 1049.996 4.021585201165262
C00 1080.005 0.5601825114788073
C00 1100.007 0.11780872677914872
C01 319.992 42.28392604761551
C01 330.006 52.93679895030439
C01 349.994 71.33640552508464
C01 370.001 76.78691603571552
C01 400.009 84.00273462425348
C01 429.983 85.97340610980082
C01 449.989 87.49641391937624
C01 469.993 89.28530422256648
C01 500.016 91.91209199350756
C01 549.99 95.61042255723254
C01 569.998 96.76740005562381
C01 599.983 98.00915857582103
C01 630.013 98.78989427109633
C01 649.987 98.93725530745469
C01 670.017 99.17923804333984
C01 699.987 98.70842702402365
C01 720.012 98.57659433259177
C01 749.995 98.73001118839221
C01 770.007 98.81304006976616
C01 800.008 98.03097586572473
C01 830.013 96.29168208766362
C01 869.994 91.18696391787013
C01 900.005 83.00857689376438
C01 919.989 74.10018807753521
C01 959.989 51.976832158034256
C01 1000.013 26.12569301573179
C01 1030.002 9.560824460471833
C01 1049.996 4.035321463831749
C01 1080.005 0.5614140558078102
C01 1100.007 0.11806772570610363
C02 319.992 42.416467679453156
C02 330.006 53.113348433793576
C02 349.994 71.72103385841415
C02 370.001 77.3209045976095
C02 400.009 84.30389477315896
C02 429.983 86.12957869854728
C02 449.989 87.59780810180247
C02 469.993 89.34672364518084
C02 500.016 91.93894381546555
C02 549.99 95.61587570455323
C02 569.998 96.77664530214568
C02 599.983 98.02217447544344
C02 630.013 98.81241833945572
C02 649.987 98.96097672790629
C02 670.017 99.21148012252621
C02 699.987 98.74768914528717
C02 720.012 98.62180168819528
C02 749.995 98.78552293599988
C02 770.007 98.87056999144177
C02 800.008 98.08933198300753
C02 830.013 96.33760617889969
C02 869.994 91.23394633160228
C02 900.005 83.00147438527468
C02 919.989 74.2734684452401
C02 959.989 51.913554686814926
C02 1000.013 26.016122164706335
C02 1030.002 9.486356517551945
C02 1049.996 4.039228807687498
C02 1080.005 0.5617297204637033
C02 1100.007 0.11813411130443616
C03 319.992 42.64067467741368
C03 330.006 53.40200563450644
C03 349.994 72.18889109442961
C03 370.001 77.89852521717624
C03 400.009 84.59818409951754
C03 429.983 86.27079843659624
C03 449.989 87.67308459480216
C03 469.993 89.38336629335332
C03 500.016 91.93665950700874
C03 549.99 95.58355491540594
C03 569.998 96.73909260024396
C03 599.983 97.98766650518151
C03 630.013 98.77235799743377
C03 649.987 98.92840582667132
C03 670.017 99.1826954982142
C03 699.987 98.72343504480435
C03 720.012 98.59919801039352
C03 749.995 98.75917581725508
C03 770.007 98.85088271531866
C03 800.008 98.07510991350162
C03 830.013 96.30243397674373
C03 869.994 91.31529285238716
C03 900.005 82.83877047740357
C03 919.989 74.11757614799322
C03 959.989 52.23573076749111
C03 1000.013 25.873872317292086
C03 1030.002 9.362346627957308
C03 1049.996 3.9884973529647536
C03 1080.005 0.5615799070690797
C03 1100.007 0.11810260492051053
C04 319.992 42.777053657540314
C04 330.006 53.57741239107697
C04 349.994 72.53307002618308
C04 370.001 78.40415608158388
C04 400.009 84.91998579891053
C04 429.983 86.45999343176294
C04 449.989 87.81404633892177
C04 469.993 89.4897292876744
C04 500.016 92.01254184512466
C04 549.99 95.64105332138375
C04 569.998 96.79726468433972
C04 599.983 98.04301047234765
C04 630.013 98.84144233936568
C04 649.987 98.99857010421626
C04 670.017 99.25506205370836
C04 699.987 98.7999062680134
C04 720.012 98.6808094993874
C04 749.995 98.85037099059394
C04 770.007 98.94109078522789
C04 800.008 98.17327261463143
C04 830.013 96.39211364750399
C04 869.994 91.4465081301087
C04 900.005 83.00857689376438
C04 919.989 74.04853017436919
C04 959.989 52.47915782200285
C04 1000.013 25.93114171465014
C04 1030.002 9.263218442348451
C04 1049.996 3.960202244743295
C04 1080.005 0.5620984770424782
C04 1100.007 0.11821166235636427
C05 319.992 42.858265557634574
C05 330.006 53.69398148943352
C05 349.994 72.90219721397301
C05 370.001 79.00277981862942
C05 400.009 85.28427753741903
C05 429.983 86.66531462540134
C05 449.989 87.95790758924042
C05 469.993 89.59009634704977
C05 500.016 92.07654727227722
C05 549.99 95.69119072960085
C05 569.998 96.84847838517045
C05 599.983 98.10858014049175
C05 630.013 98.92372214419085
C05 649.987 99.08825286274133
C05 670.017 99.35355826816631
C05 699.987 98.91879406917528
C05 720.012 98.80971864100388
C05 749.995 98.98867070306487
C05 770.007 99.08609864607145
C05 800.008 98.3187788359079
C05 830.013 96.5437356841664
C05 869.994 91.56069247174914
C05 900.005 83.21319005936611
C05 919.989 74.14110501371698
C05 959.989 52.51024774737157
C05 1000.013 26.153378969354367
C05 1030.002 9.310973231510502
C05 1049.996 3.939465161541787
C05 1080.005 0.5628849079761932
C05 1100.007 0.11837705207329084
C06 319.992 43.062265041698915
C06 330.006 53.95499054013059
C06 349.994 73.35173043462083
C06 370.001 79.58466386171095
C06 400.009 85.6414294370481
C06 429.983 86.89647880376657
C06 449.989 88.1404141664563
C06 469.993 89.74052093995202
C06 500.016 92.19892200604352
C06 549.99 95.79673842402282
C06 569.998 96.95781903463792
C06 599.983 98.22396616605505
C06 630.013 99.04004383589849
C06 649.987 99.21079223216132
C06 670.017 99.48029911398409
C06 699.987 99.04948298502991
C06 720.012 98.9405832217673
C06 749.995 99.12465144608204
C06 770.007 99.22323462994437
C06 800.008 98.45594955548468
C06 830.013 96.6753953238157
C06 869.994 91.66802363724693
C06 900.005 83.32192678975888
C06 919.989 74.21140229191224
C06 959.989 52.619537888663814
C06 1000.013 26.16012560086689
C06 1030.002 9.356290540304133
C06 1049.996 3.9602993197425573
C06 1080.005 0.5636581454936264
C06 1100.007 0.11853966715955298
C07 319.992 42.99113232440114
C07 330.006 53.87150941002877
C07 349.994 73.30354453942627
C07 370.001 79.61469622637168
C07 400.009 85.55905227360203
C07 429.983 86.73947753815457
C07 449.989 87.95041166481744
C07 469.993 89.5261199435253
C07 500.016 91.95813648553894
C07 549.99 95.53998231539585
C07 569.998 96.6965298623914
C07 599.983 97.95831663187307
C07 630.013 98.7783087449529
C07 649.987 98.94954082283279
C07 670.017 99.22203998470216
C07 699.987 98.79442155947048
C07 720.012 98.68605397219523
C07 749.995 98.8748372513779
C07 770.007 98.97475481400694
C07 800.008 98.20834864915616
C07 830.013 96.42806409602343
C07 869.994 91.41979812165853
C07 900.005 83.08561236502993
C07 919.989 73.972576710193
C07 959.989 52.47821051260607
C07 1000.013 26.071632953502963
C07 1030.002 9.350640816554318
C07 1049.996 3.9601210984590822
C07 1080.005 0.562237615976319
C07 1100.007 0.11824092385650986
C10 319.992 40.885203144683935
C10 330.006 51.14577347853676
C10 349.994 68.63997351494149
C10 370.001 73.75271218247612
C10 400.009 82.33794522720396
C10 429.983 85.05127942747802
C10 449.989 86.84498414877852
C10 469.993 88.81427128123269
C10 500.016 91.6091673109295
C10 549.99 95.43146768820297
C10 569.998 96.61017068413983
C10 599.983 97.86470169681375
C10 630.013 98.6467453156046
C10 649.987 98.79059602779422
C10 670.017 99.02230259161269
C10 699.987 98.54762466058159
C10 720.012 98.40991000255087
C10 749.995 98.5550460761543
C10 770.007 98.63371598224421
C10 800.008 97.86166479014156
C10 830.013 96.13777820244029
C10 869.994 91.28880952010488
C10 900.005 82.86132614243995
C10 919.989 73.68129036514932
C10 959.989 52.089757730221876
C10 1000.013 26.323704642698342
C10 1030.002 9.522531341571733
C10 1049.996 3.9867788549902
C10 1080.005 0.5604191351082362
C10 1100.007 0.11785848971879366
C11 319.992 41.29794681439161
C11 330.006 51.67333362294211
C11 349.994 69.40314798825527
C11 370.001 74.60579461889034
C11 400.009 82.91382194659893
C11 429.983 85.45018100358921
C11 449.989 87.17946764251903
C11 469.993 89.10508524340746
C11 500.016 91.86077716889281
C11 549.99 95.655512424128
C11 569.998 96.83134947847368
C11 599.983 98.08277457356948
C11 630.013 98.86383099248444
C11 649.987 99.00636697046295
C11 670.017 99.24504218448459
C11 699.987 98.7702873433274
C11 720.012 98.63252288903529
C11 749.995 98.7841028504712
C11 770.007 98.85698759100399
C11 800.008 98.0814832259326
C11 830.013 96.35987309184353
C11 869.994 91.35923780546953
C11 900.005 83.14497328849524
C11 919.989 74.08576552658127
C11 959.989 52.244473279673166
C11 1000.013 26.3401796759008
C11 1030.002 9.570887943019727
C11 1049.996 4.013854965697704
C11 1080.005 0.5617216294624672
C11 1100.007 0.11813240973301174
C12 319.992 41.66291455274175
C12 330.006 52.14411520811789
C12 349.994 70.13502450831339
C12 370.001 75.44868949666036
C12 400.009 83.41645351643031
C12 429.983 85.76309085469846
C12 449.989 87.42416973438623
C12 469.993 89.3092583161938
C12 500.016 92.0238215512627
C12 549.99 95.79128527670214
C12 569.998 96.96938123472265
C12 599.983 98.21967529300456
C12 630.013 99.00482835026381
C12 649.987 99.14755265453269
C12 670.017 99.39163527119707
C12 699.987 98.9168534414258
C12 720.012 98.78136851942556
C12 749.995 98.93318161639648
C12 770.007 99.01084562566714
C12 800.008 98.2316135211447
C12 830.013 96.49676889391905
C12 869.994 91.43478141635632
C12 900.005 83.31587925637956
C12 919.989 74.38853783497242
C12 959.989 52.26354530944737
C12 1000.013 26.20873581715418
C12 1030.002 9.57505282150329
C12 1049.996 4.007651482540523
C12 1080.005 0.5625693491477889
C12 1100.007 0.11831068873092214
C13 319.992 41.9921552552979
C13 330.006 52.57008948507449
C13 349.994 70.80853590681446
C13 370.001 76.23214066751943
C13 400.009 83.89072203995956
C13 429.983 86.06615191792801
C13 449.989 87.6646811913398
C13 469.993 89.50515270006252
C13 500.016 92.19159131681283
C13 549.99 95.93589132658911
C13 569.998 97.10928611252079
C13 599.983 98.36625121476612
C13 630.013 99.15060285681012
C13 649.987 99.29644498074596
C13 670.017 99.54007333382951
C13 699.987 99.071691558966
C13 720.012 98.94230640568988
C13 749.995 99.09671806158713
C13 770.007 99.1752829169527
C13 800.008 98.39127336346422
C13 830.013 96.64677399153499
C13 869.994 91.52162861214875
C13 900.005 83.3822758237149
C13 919.989 74.4426983472809
C13 959.989 52.263213226817506
C13 1000.013 26.256855764832054
C13 1030.002 9.593784228903282
C13 1049.996 4.023647518951444
C13 1080.005 0.5634992771799137
C13 1100.007 0.11850625648824402
C14 319.992 42.12852289350841
C14 330.006 52.746211815050955
C14 349.994 71.11149108367248
C14 370.001 76.64351568112848
C14 400.009 84.13832612655759
C14 429.983 86.2025169295612
C14 449.989 87.76105841647505
C14 469.993 89.57376131538064
C14 500.016 92.22613215089669
C14 549.99 95.95272397555009
C14 569.998 97.1262645676875
C14 599.983 98.37878448543381
C14 630.013 99.16825197650655
C14 649.987 99.31804613477368
C14 670.017 99.56738047742515
C14 699.987 99.09868052094905
C14 720.012 98.9689108670336
C14 749.995 99.12440217574988
C14 770.007 99.20632298674154
C14 800.008 98.42293458023059
C14 830.013 96.6724183425806
C14 869.994 91.53176103685361
C14 900.005 83.4167259616509
C14 919.989 74.57904714769852
C14 959.989 52.250877231019636
C14 1000.013 26.10960450829307
C14 1030.002 9.559072455545934
C14 1049.996 4.021177365951644
C14 1080.005 0.5636567025992817
C14 1100.007 0.11853936371283313
C15 319.992 42.15087781019094
C15 330.006 52.78388529451919
C15 349.994 71.26552403805556
C15 370.001 76.8932643790692
C15 400.009 84.18930835692684
C15 429.983 86.13389075161749
C15 449.989 87.63648294021317
C15 469.993 89.41319773730443
C15 500.016 92.03430249594687
C15 549.99 95.73116545417484
C15 569.998 96.89981996980173
C15 599.983 98.153645619138
C15 630.013 98.94588510524186
C15 649.987 99.09453847526036
C15 670.017 99.34788834216843
C15 699.987 98.88340571063948
C15 720.012 98.75714654715739
C15 749.995 98.91507552590586
C15 770.007 98.9988482177986
C15 800.008 98.21965785629803
C15 830.013 96.45093547216223
C15 869.994 91.36276639781642
C15 900.005 83.08697194562995
C15 919.989 74.25915438890216
C15 959.989 51.93113409255805
C15 1000.013 26.012489491835876
C15 1030.002 9.49471720879545
C15 1049.996 4.019794272618504
C15 1080.005 0.5624663994939099
C15 1100.007 0.1182890379878209
C16 319.992 42.46238353656618
C16 330.006 53.182328249771174
C16 349.994 71.88705521009692
C16 370.001 77.62977602458608
C16 400.009 84.71135272697013
C16 429.983 86.52620691334594
C16 449.989 87.98839298266144
C16 469.993 89.73652612050118
C16 500.016 92.3370704122583
C16 549.99 96.03150918525633
C16 569.998 97.1962696646221
C16 599.983 98.45690250640043
C16 630.013 99.25578288344087
C16 649.987 99.4084130927476
C16 670.017 99.66181924483963
C16 699.987 99.20238047482063
C16 720.012 99.07899235126997
C16 749.995 99.23991253694412
C16 770.007 99.32164825947038
C16 800.008 98.53449796931196
C16 830.013 96.75608360455114
C16 869.994 91.66074733225753
C16 900.005 83.35269937361285
C16 919.989 74.51532464323301
C16 959.989 52.09313448622662
C16 1000.013 26.084781522556884
C16 1030.002 9.503107428211864
C16 1049.996 4.0226082454299315
C16 1080.005 0.5643135370121748
C16 1100.007 0.11867749873901129
C17 319.992 42.46741934732571
C17 330.006 53.191641656702416
C17 349.994 71.93235487928276
C17 370.001 77.71456302806948
C17 400.009 84.68041584872981
C17 429.983 86.43886583840369
C17 449.989 87.8755261993713
C17 469.993 89.61104135589592
C17 500.016 92.1936666035808
C17 549.99 95.87068640662916
C17 569.998 97.035971081925
C17 599.983 98.29338932475943
C17 630.013 99.08961333704076
C17 649.987 99.24409996357195
C17 670.017 99.4938664369076
C17 699.987 99.04206514150876
C17 720.012 98.91534981545762
C17 749.995 99.07629300164277
C17 770.007 99.15772665954707
C17 800.008 98.37132443923214
C17 830.013 96.58997711857981
C17 869.994 91.51746532653176
C17 900.005 83.18082015404218
C17 919.989 74.3156077540955
C17 959.989 52.105285214873085
C17 1000.013 26.028529474395167
C17 1030.002 9.484516631159053
C17 1049.996 4.028148132307327
C17 1080.005 0.563383137898558
C17 1100.007 0.11848183191127992
