lsstCam/transmission_sensor/r11_s11/19700101T000000.ecsv
# %ECSV 1.0
# ---
# datatype:
# - {name: amp_name, datatype: string}
# - {name: wavelength, unit: nm, datatype: float32}
# - {name: efficiency, unit: '%', datatype: float64}
# meta: !!omap
# - {MODE: AMP}
# - {TYPE: transmission_sensor}
# - {CALIBDATE: '1970-01-01T00:00:00'}
# - {INSTRUME: LSSTCam}
# - {OBSTYPE: transmission_sensor}
# - {DETECTOR: 40}
# - {PARQUETFILE: qe_raft_allvalues_nircorrected_20230725_adjust.parquet}
# - {CORRFILE: qe_corr_factor_bydetnum.parquet}
# - {CALIBCLS: lsst.ip.isr.IntermediateSensorTransmissionCurve}
# - {CALIB_ID: 'raftName=R11 detectorName=S11 detector=40 calibDate=1970-01-01T00:00:00 ccd=40 ccdnum=40 filter=None'}
# - {DATE: '2025-03-03T21:56:47.597280'}
# - {CALIB_CREATION_DATE: '2025-03-03'}
# - {CALIB_CREATION_TIME: '21:56:47'}
# - __serialized_columns__:
#     efficiency:
#       __class__: astropy.units.quantity.Quantity
#       unit: !astropy.units.Unit {unit: '%'}
#       value: !astropy.table.SerializedColumn {name: efficiency}
#     wavelength:
#       __class__: astropy.units.quantity.Quantity
#       unit: !astropy.units.Unit {unit: nm}
#       value: !astropy.table.SerializedColumn {name: wavelength}
# schema: astropy-2.0
amp_name wavelength efficiency
C00 319.992 42.297008414383065
C00 330.006 54.82807272033646
C00 349.994 76.49845130401022
C00 370.001 82.92801540252431
C00 400.009 87.36516801900343
C00 429.983 88.81786651503559
C00 449.989 89.91417301267454
C00 469.993 91.37883995345751
C00 500.016 93.43316190382869
C00 549.99 96.61611427727448
C00 569.998 97.64467816100932
C00 599.983 98.64946483589041
C00 630.013 99.66584736734393
C00 649.987 99.8621709219954
C00 670.017 100.35288476061939
C00 699.987 99.96455663264965
C00 720.012 99.83519249634361
C00 749.995 99.16805435333048
C00 770.007 98.85678354372466
C00 800.008 97.7968081953992
C00 830.013 96.69434258705621
C00 869.994 91.63023812394773
C00 900.005 84.85145244851438
C00 919.989 77.69817763459446
C00 959.989 56.57130635327083
C00 1000.013 29.71906072963528
C00 1030.002 12.94408305410198
C00 1049.996 6.359242832242706
C00 1080.005 0.6874829918749649
C00 1100.007 0.09351910991517438
C01 319.992 42.52194522036702
C01 330.006 55.12677057988162
C01 349.994 77.05445171609706
C01 370.001 83.67639297610782
C01 400.009 87.85156287629421
C01 429.983 89.14363784823723
C01 449.989 90.17616333280763
C01 469.993 91.60192142238989
C01 500.016 93.62079426893114
C01 549.99 96.78936017638674
C01 569.998 97.81274584482595
C01 599.983 98.82487022566926
C01 630.013 99.85055225390184
C01 649.987 100.05793179245909
C01 670.017 100.55372499645382
C01 699.987 100.17163201759188
C01 720.012 100.04675414710731
C01 749.995 99.38607166457285
C01 770.007 99.07550801212194
C01 800.008 98.01106920949614
C01 830.013 96.90404129692794
C01 869.994 91.7658602208827
C01 900.005 84.95757164479294
C01 919.989 77.89962617765892
C01 959.989 56.53146603162412
C01 1000.013 29.68071456262233
C01 1030.002 12.925610474390085
C01 1049.996 6.380963677514951
C01 1080.005 0.6889944024645146
C01 1100.007 0.09372470885321584
C02 319.992 42.655232938306746
C02 330.006 55.3106238363175
C02 349.994 77.46991034652609
C02 370.001 84.25829206851314
C02 400.009 88.16652154848208
C02 429.983 89.30556923287094
C02 449.989 90.28066291108624
C02 469.993 91.66493444758052
C02 500.016 93.6481452827613
C02 549.99 96.79488056449924
C02 569.998 97.82209096464727
C02 599.983 98.83799445415714
C02 630.013 99.87331815198567
C02 649.987 100.08192190884336
C02 670.017 100.5864139062275
C02 699.987 100.21147614115878
C02 720.012 100.09263571993225
C02 749.995 99.44195228749139
C02 770.007 99.13319074520945
C02 800.008 98.0694134766963
C02 830.013 96.9502574387294
C02 869.994 91.81314090033669
C02 900.005 84.9503023733941
C02 919.989 78.08179138153147
C02 959.989 56.46264367238672
C02 1000.013 29.556233992797374
C02 1030.002 12.824934677340245
C02 1049.996 6.387142273059956
C02 1080.005 0.6893818013525834
C02 1100.007 0.09377740717393433
C03 319.992 42.88070201311698
C03 330.006 55.611222655956496
C03 349.994 77.97526918171302
C03 370.001 84.88773797478561
C03 400.009 88.47429459151523
C03 429.983 89.45199638697929
C03 449.989 90.35824489443606
C03 469.993 91.7025278343963
C03 500.016 93.64581850760645
C03 549.99 96.76216123936406
C03 569.998 97.78413259349347
C03 599.983 98.80319928059949
C03 630.013 99.83282770198687
C03 649.987 100.0489820723373
C03 670.017 100.55723036686686
C03 699.987 100.18686250986373
C03 720.012 100.06969493351977
C03 749.995 99.41543009226213
C03 770.007 99.113451175595
C03 800.008 98.05519429519437
C03 830.013 96.91486156178208
C03 869.994 91.89500384581784
C03 900.005 84.78377826917367
C03 919.989 77.9179058099213
C03 959.989 56.81305144840452
C03 1000.013 29.39462767233971
C03 1030.002 12.657281402824076
C03 1049.996 6.306921757099887
C03 1080.005 0.6891979431302213
C03 1100.007 0.09375239672639002
C04 319.992 43.017848680047194
C04 330.006 55.79388591137363
C04 349.994 78.34703614534523
C04 370.001 85.43873505990547
C04 400.009 88.81084056652877
C04 429.983 89.64816786482325
C04 449.989 90.50352386864772
C04 469.993 91.81165054762313
C04 500.016 93.72311154502201
C04 549.99 96.82036863743745
C04 569.998 97.84293309111614
C04 599.983 98.85900386511426
C04 630.013 99.90265376815383
C04 649.987 100.11994111072016
C04 670.017 100.63059982264873
C04 699.987 100.26446730473468
C04 720.012 100.15252356672859
C04 749.995 99.50723125711387
C04 770.007 99.20389885685994
C04 800.008 98.15333706291916
C04 830.013 97.00511154319724
C04 869.994 92.02705213777638
C04 900.005 84.95757164479294
C04 919.989 77.84531954969809
C04 959.989 57.077809566434254
C04 1000.013 29.459689932511495
C04 1030.002 12.523266567648461
C04 1049.996 6.2621793346111865
C04 1080.005 0.6898343572086748
C04 1100.007 0.09383896887269454
C05 319.992 43.09951772759877
C05 330.006 55.9152774210461
C05 349.994 78.74575111926771
C05 370.001 86.09106852570778
C05 400.009 89.1918233846959
C05 429.983 89.86106018765264
C05 449.989 90.6517911521269
C05 469.993 91.91462175398628
C05 500.016 93.78830687240036
C05 549.99 96.871124271943
C05 569.998 97.8947000363916
C05 599.983 98.92511925717804
C05 630.013 99.98581697033916
C05 649.987 100.21063971871749
C05 670.017 100.73046105829836
C05 699.987 100.38511743997054
C05 720.012 100.28335524422707
C05 749.995 99.64644997054637
C05 770.007 99.34929188867723
C05 800.008 98.29881373698059
C05 830.013 97.15769780800964
C05 869.994 92.14196137352884
C05 900.005 85.16698901257078
C05 919.989 77.94264110266235
C05 959.989 57.11162384458349
C05 1000.013 29.712167848335017
C05 1030.002 12.58782792483552
C05 1049.996 6.229388248232461
C05 1080.005 0.6907995031747389
C05 1100.007 0.09397025879950184
C06 319.992 43.30466553900585
C06 330.006 56.18708429910379
C06 349.994 79.23131715795758
C06 370.001 86.72516037844959
C06 400.009 89.56533923161443
C06 429.983 90.10074844396479
C06 449.989 90.83988735149224
C06 469.993 92.06894929824462
C06 500.016 93.91295662767367
C06 549.99 96.97797343689759
C06 569.998 98.00522185624749
C06 599.983 99.04146561876145
C06 630.013 100.103387550223
C06 649.987 100.33456710915513
C06 670.017 100.85895835680161
C06 699.987 100.51774362379761
C06 720.012 100.41617152406353
C06 749.995 99.78333430498364
C06 770.007 99.4867921341849
C06 800.008 98.43595660199063
C06 830.013 97.29019472655033
C06 869.994 92.24997392606086
C06 900.005 85.27827882030458
C06 919.989 78.01654282727048
C06 959.989 57.230490879251334
C06 1000.013 29.719832519433382
C06 1030.002 12.649093967699905
C06 1049.996 6.262332837138764
C06 1080.005 0.6917484575441133
C06 1100.007 0.09409934616460446
C07 319.992 43.233132410674635
C07 330.006 56.10014959209227
C07 349.994 79.17926887058822
C07 370.001 86.75788730742515
C07 400.009 89.47918772016158
C07 429.983 89.93795782536867
C07 449.989 90.64406565030554
C07 469.993 91.84898540386615
C07 500.016 93.66769475636636
C07 549.99 96.71805136134658
C07 569.998 97.74111006464966
C07 599.983 98.77360513385857
C07 630.013 99.83884233972378
C07 649.987 100.07035646763244
C07 670.017 100.59712011347601
C07 699.987 100.25890129357991
C07 720.012 100.15784625499136
C07 749.995 99.53186009608967
C07 770.007 99.23765230428616
C07 800.008 98.18840597473033
C07 830.013 97.04129061570322
C07 869.994 92.00017256204947
C07 900.005 85.03641586564507
C07 919.989 77.7654716219164
C07 959.989 57.076779246063396
C07 1000.013 29.619298343910533
C07 1030.002 12.641455910042854
C07 1049.996 6.2620510198048525
C07 1080.005 0.6900051152180078
C07 1100.007 0.09386219728304422
C10 319.992 41.11534880853068
C10 330.006 53.261651187650386
C10 349.994 74.14188430255876
C10 370.001 80.36995423496616
C10 400.009 86.11049633786683
C10 429.983 88.18750814791808
C10 449.989 89.50478224686505
C10 469.993 91.11866695117413
C10 500.016 93.31223803033932
C10 549.99 96.60819867944373
C10 569.998 97.6538179771405
C10 599.983 98.67921105943883
C10 630.013 99.70586637923945
C10 649.987 99.90961128209727
C10 670.017 100.39461463659937
C10 699.987 100.00844599929624
C10 720.012 99.87758390643626
C10 749.995 99.20994390995834
C10 770.007 98.89570760260614
C10 800.008 97.84179251505984
C10 830.013 96.7491586723222
C10 869.994 91.8683523853022
C10 900.005 84.80686352855327
C10 919.989 77.45924976231983
C10 959.989 56.65428706328716
C10 1000.013 29.905670378207226
C10 1030.002 12.87384067767448
C10 1049.996 6.304204334645742
C10 1080.005 0.6877733878037464
C10 1100.007 0.0935586128106694
C11 319.992 41.53041584118038
C11 330.006 53.81103625861066
C11 349.994 74.96623184533252
C11 370.001 81.29957694773678
C11 400.009 86.71275851479737
C11 429.983 88.6011190451359
C11 449.989 89.84950995412247
C11 469.993 91.41702643982259
C11 500.016 93.56852547019089
C11 549.99 96.83500603016003
C11 569.998 97.8773860918569
C11 599.983 98.89909891541355
C11 630.013 99.9252827971109
C11 649.987 100.12782629318941
C11 670.017 100.62044109190725
C11 699.987 100.23440932373087
C11 720.012 100.10351681550938
C11 749.995 99.44052276550082
C11 770.007 99.11957226709717
C11 800.008 98.06156631342893
C11 830.013 96.97266595631558
C11 869.994 91.93922778144095
C11 900.005 85.09717055024421
C11 919.989 77.88446411995045
C11 959.989 56.82256005079392
C11 1000.013 29.92438723129118
C11 1030.002 12.939215645781703
C11 1049.996 6.347019183599288
C11 1080.005 0.6893718716856927
C11 1100.007 0.09377605642981358
C12 319.992 41.897438008418355
C12 330.006 54.30129386681213
C12 349.994 75.7567727137974
C12 370.001 82.21809805355939
C12 400.009 87.23841960378653
C12 429.983 88.92556731011223
C12 449.989 90.10170652785209
C12 469.993 91.62649703448307
C12 500.016 93.73460094782918
C12 549.99 96.97245304878507
C12 569.998 98.01690895890442
C12 599.983 99.03713903358786
C12 630.013 100.06779397342594
C12 649.987 100.27061120775797
C12 670.017 100.76906575588407
C12 699.987 100.38314804531332
C12 720.012 100.2545823122467
C12 749.995 99.59059215914897
C12 770.007 99.27383898063252
C12 800.008 98.21166612243857
C12 830.013 97.11043233623639
C12 869.994 92.01525097751382
C12 900.005 85.27208929423904
C12 919.989 78.2027608780631
C12 959.989 56.8433033273379
C12 1000.013 29.77505731111954
C12 1030.002 12.944846289579658
C12 1049.996 6.337209754275047
C12 1080.005 0.6904122341632676
C12 1100.007 0.09391757814604779
C13 319.992 42.22853202988274
C13 330.006 54.744890508550185
C13 349.994 76.48427014171017
C13 370.001 83.0718420432243
C13 400.009 87.73441811147138
C13 429.983 89.23980361746443
C13 449.989 90.34958412024852
C13 469.993 91.82747413944425
C13 500.016 93.90548965642506
C13 549.99 97.11884218369154
C13 569.998 98.1583251822054
C13 599.983 99.18493487896377
C13 630.013 100.21513358837933
C13 649.987 100.42119005871126
C13 670.017 100.91956096459323
C13 699.987 100.54028140667018
C13 720.012 100.41792040734985
C13 749.995 99.75521530327555
C13 770.007 99.43871305149149
C13 800.008 98.37129354343854
C13 830.013 97.26139137920845
C13 869.994 92.10264951878823
C13 900.005 85.34004481567365
C13 919.989 78.25969843479382
C13 959.989 56.84294214492007
C13 1000.013 29.829725121498207
C13 1030.002 12.970169929469753
C13 1049.996 6.362503929283689
C13 1080.005 0.691553486688388
C13 1100.007 0.09407282405263613
C14 319.992 42.3656672910524
C14 330.006 54.928298940324105
C14 349.994 76.81150901610424
C14 370.001 83.52012645255375
C14 400.009 87.99336689545434
C14 429.983 89.38119702924429
C14 449.989 90.44891308707187
C14 469.993 91.89786288979897
C14 500.016 93.94067262584186
C14 549.99 97.13588238997272
C14 569.998 98.1754870499326
C14 599.983 99.19757246166763
C14 630.013 100.23297219789993
C14 649.987 100.44303589210968
C14 670.017 100.94724654739993
C14 699.987 100.56767043970224
C14 720.012 100.44492164452276
C14 749.995 99.78308337825126
C14 770.007 99.46983557014784
C14 800.008 98.40294833092118
C14 830.013 97.28719881344243
C14 869.994 92.11284626873159
C14 900.005 85.3753038234942
C14 919.989 78.40303842970977
C14 959.989 56.829525168577746
C14 1000.013 29.662436831320054
C14 1030.002 12.92324187811316
C14 1049.996 6.358597931530871
C14 1080.005 0.6917466867545926
C14 1100.007 0.09409910528204912
C15 319.992 42.38814804512215
C15 330.006 54.96753095474079
C15 349.994 76.97788864735755
C15 370.001 83.79228310726872
C15 400.009 88.04668502416638
C15 429.983 89.31004029101165
C15 449.989 90.32052224233388
C15 469.993 91.73313329190714
C15 500.016 93.74527673971618
C15 549.99 96.91159191042067
C15 569.998 97.94659624695345
C15 599.983 98.9705598072612
C15 630.013 100.00821788408497
C15 649.987 100.21699652927128
C15 670.017 100.72471255497459
C15 699.987 100.34920450187771
C15 720.012 100.22999909631316
C15 749.995 99.57236575376922
C15 770.007 99.26180970515868
C15 800.008 98.1997128853685
C15 830.013 97.06430744051944
C15 869.994 91.94277877489624
C15 900.005 85.03780736843376
C15 919.989 78.06674338142862
C15 959.989 56.481763529010564
C15 1000.013 29.552107008433644
C15 1030.002 12.836237786058222
C15 1049.996 6.356410876942907
C15 1080.005 0.6902858893834665
C15 1100.007 0.09390039131889849
C16 319.992 42.70140725898613
C16 330.006 55.38245731634354
C16 349.994 77.64923931793862
C16 370.001 84.59487606272855
C16 400.009 88.59264836695775
C16 429.983 89.7168229395724
C16 449.989 90.6832102205579
C16 469.993 92.0648508282823
C16 500.016 94.05367329766011
C16 549.99 97.2156390716699
C16 569.998 98.24624838846572
C16 599.983 99.276340644116
C16 630.013 100.32144288066726
C16 649.987 100.53442644958115
C16 670.017 101.04299410540649
C16 699.987 100.67290759049725
C16 720.012 100.55664487115796
C16 749.995 99.8993613052713
C16 770.007 99.58546717073597
C16 800.008 98.51448906538737
C16 830.013 97.37139613791882
C16 869.994 92.24265142777939
C16 900.005 85.30977392713933
C16 919.989 78.33604859600283
C16 959.989 56.65795971818845
C16 1000.013 29.63423608832793
C16 1030.002 12.847580814938167
C16 1049.996 6.360860549282564
C16 1080.005 0.6925527856207462
C16 1100.007 0.09420875984711805
C17 319.992 42.70647141667612
C17 330.006 55.39215601474232
C17 349.994 77.69817003075408
C17 370.001 84.68727032712957
C17 400.009 88.56029402616058
C17 429.983 89.62626120070183
C17 449.989 90.56688667049562
C17 469.993 91.93611020688705
C17 500.016 93.9076035240494
C17 549.99 97.05283324539302
C17 569.998 98.08421815390713
C17 599.983 99.11146657325703
C17 630.013 100.15348925445626
C17 649.987 100.36825212201799
C17 670.017 100.87271370404063
C17 699.987 100.510215821826
C17 720.012 100.3905617896793
C17 749.995 99.73465451890057
C17 770.007 99.42111016102253
C17 800.008 98.35134867013397
C17 830.013 97.20423331110686
C17 869.994 92.0984598027414
C17 900.005 85.13385908005533
C17 919.989 78.12609135555833
C17 959.989 56.671175192760835
C17 1000.013 29.5703296118932
C17 1030.002 12.822447271057456
C17 1049.996 6.369620648635005
C17 1080.005 0.6914109549617017
C17 1100.007 0.09405343529630045
