lsstCam/transmission_sensor/r11_s11/19700101T000000.ecsv
# %ECSV 1.0
# ---
# datatype:
# - {name: amp_name, datatype: string}
# - {name: wavelength, unit: nm, datatype: float32}
# - {name: efficiency, unit: '%', datatype: float64}
# meta: !!omap
# - {MODE: AMP}
# - {TYPE: transmission_sensor}
# - {CALIBDATE: '1970-01-01T00:00:00'}
# - {INSTRUME: LSSTCAM}
# - {OBSTYPE: transmission_sensor}
# - {DETECTOR: 40}
# - {PARQUETFILE: qe_raft_allvalues_nircorrected_20230725.parquet}
# - {CALIBCLS: lsst.ip.isr.IntermediateSensorTransmissionCurve}
# - {CALIB_ID: 'raftName=R11 detectorName=S11 detector=40 calibDate=1970-01-01T00:00:00 ccd=40 ccdnum=40 filter=None'}
# - {DATE: '2023-08-02T16:57:55.613952'}
# - {CALIB_CREATION_DATE: '2023-08-02'}
# - {CALIB_CREATION_TIME: '16:57:55'}
# - __serialized_columns__:
#     efficiency:
#       __class__: astropy.units.quantity.Quantity
#       unit: !astropy.units.Unit {unit: '%'}
#       value: !astropy.table.SerializedColumn {name: efficiency}
#     wavelength:
#       __class__: astropy.units.quantity.Quantity
#       unit: !astropy.units.Unit {unit: nm}
#       value: !astropy.table.SerializedColumn {name: wavelength}
# schema: astropy-2.0
amp_name wavelength efficiency
C00 319.992 42.43915557861328
C00 330.006 55.012332916259766
C00 349.994 76.75553894042969
C00 370.001 83.20671081542969
C00 400.009 87.65877532958984
C00 429.983 89.1163558959961
C00 449.989 90.21634674072266
C00 469.993 91.6859359741211
C00 500.016 93.74716186523438
C00 549.99 96.94081115722656
C00 569.998 97.97283172607422
C00 599.983 98.98099517822266
C00 630.013 100.00079345703125
C00 649.987 100.1977767944336
C00 670.017 100.69013977050781
C00 699.987 100.30050659179688
C00 720.012 100.17070770263672
C00 749.995 99.50132751464844
C00 770.007 99.18901062011719
C00 800.008 98.12547302246094
C00 830.013 97.01930236816406
C00 869.994 91.93817901611328
C00 900.005 85.13661193847656
C00 919.989 77.95929718017578
C00 959.989 56.76142501831055
C00 1000.013 29.818937301635742
C00 1030.002 12.987584114074707
C00 1049.996 6.380614280700684
C00 1080.005 0.6897934095951529
C00 1100.007 0.09383339872126535
C01 319.992 42.66484832763672
C01 330.006 55.312034606933594
C01 349.994 77.31340789794922
C01 370.001 83.95760345458984
C01 400.009 88.14680480957031
C01 429.983 89.44322204589844
C01 449.989 90.47921752929688
C01 469.993 91.9097671508789
C01 500.016 93.9354248046875
C01 549.99 97.11463928222656
C01 569.998 98.14146423339844
C01 599.983 99.15699005126953
C01 630.013 100.18611907958984
C01 649.987 100.39419555664062
C01 670.017 100.89165496826172
C01 699.987 100.5082778930664
C01 720.012 100.38298034667969
C01 749.995 99.72007751464844
C01 770.007 99.4084701538086
C01 800.008 98.3404541015625
C01 830.013 97.22970581054688
C01 869.994 92.07425689697266
C01 900.005 85.24308776855469
C01 919.989 78.16142272949219
C01 959.989 56.72145080566406
C01 1000.013 29.78046226501465
C01 1030.002 12.969049453735352
C01 1049.996 6.402408123016357
C01 1080.005 0.6913098995682653
C01 1100.007 0.09403968861375268
C02 319.992 42.798583984375
C02 330.006 55.49650573730469
C02 349.994 77.73026275634766
C02 370.001 84.54145812988281
C02 400.009 88.46282196044922
C02 429.983 89.60569763183594
C02 449.989 90.58406829833984
C02 469.993 91.97299194335938
C02 500.016 93.9628677368164
C02 549.99 97.12017822265625
C02 569.998 98.15084075927734
C02 599.983 99.17015838623047
C02 630.013 100.2089614868164
C02 649.987 100.41826629638672
C02 670.017 100.92445373535156
C02 699.987 100.54825592041016
C02 720.012 100.42901611328125
C02 749.995 99.7761459350586
C02 770.007 99.46634674072266
C02 800.008 98.39899444580078
C02 830.013 97.27607727050781
C02 869.994 92.12169647216797
C02 900.005 85.23579406738281
C02 919.989 78.34420013427734
C02 959.989 56.65239715576172
C02 1000.013 29.655563354492188
C02 1030.002 12.868035316467285
C02 1049.996 6.408607482910156
C02 1080.005 0.6916986003841874
C02 1100.007 0.09409256403722928
C03 319.992 43.024810791015625
C03 330.006 55.79811477661133
C03 349.994 78.23731994628906
C03 370.001 85.17301940917969
C03 400.009 88.7716293334961
C03 429.983 89.75261688232422
C03 449.989 90.66191101074219
C03 469.993 92.01071166992188
C03 500.016 93.96053314208984
C03 549.99 97.08734893798828
C03 569.998 98.11275482177734
C03 599.983 99.13524627685547
C03 630.013 100.1683349609375
C03 649.987 100.38521575927734
C03 670.017 100.89517211914062
C03 699.987 100.5235595703125
C03 720.012 100.40599822998047
C03 749.995 99.7495346069336
C03 770.007 99.44654083251953
C03 800.008 98.38472747802734
C03 830.013 97.24056243896484
C03 869.994 92.2038345336914
C03 900.005 85.06871032714844
C03 919.989 78.17976379394531
C03 959.989 57.00398254394531
C03 1000.013 29.4934139251709
C03 1030.002 12.69981861114502
C03 1049.996 6.328117370605469
C03 1080.005 0.6915141242712012
C03 1100.007 0.09406746953730567
C04 319.992 43.162418365478516
C04 330.006 55.98139190673828
C04 349.994 78.61033630371094
C04 370.001 85.72586822509766
C04 400.009 89.10930633544922
C04 429.983 89.94944763183594
C04 449.989 90.80767822265625
C04 469.993 92.12020111083984
C04 500.016 94.0380859375
C04 549.99 97.145751953125
C04 569.998 98.1717529296875
C04 599.983 99.19123840332031
C04 630.013 100.23839569091797
C04 649.987 100.45641326904297
C04 670.017 100.96878814697266
C04 699.987 100.60142517089844
C04 720.012 100.48910522460938
C04 749.995 99.84164428710938
C04 770.007 99.53729248046875
C04 800.008 98.48320007324219
C04 830.013 97.33111572265625
C04 869.994 92.3363265991211
C04 900.005 85.24308776855469
C04 919.989 78.10693359375
C04 959.989 57.269630432128906
C04 1000.013 29.55869483947754
C04 1030.002 12.565353393554688
C04 1049.996 6.283224582672119
C04 1080.005 0.6921526771405507
C04 1100.007 0.09415433262582004
C05 319.992 43.244361877441406
C05 330.006 56.10319137573242
C05 349.994 79.01039123535156
C05 370.001 86.3803939819336
C05 400.009 89.49156951904297
C05 429.983 90.16305541992188
C05 449.989 90.9564437866211
C05 469.993 92.22351837158203
C05 500.016 94.10350036621094
C05 549.99 97.1966781616211
C05 569.998 98.22369384765625
C05 599.983 99.25757598876953
C05 630.013 100.32183837890625
C05 649.987 100.54741668701172
C05 670.017 101.06898498535156
C05 699.987 100.72248077392578
C05 720.012 100.62037658691406
C05 749.995 99.98133087158203
C05 770.007 99.68317413330078
C05 800.008 98.62916564941406
C05 830.013 97.48421478271484
C05 869.994 92.45162200927734
C05 900.005 85.45320892333984
C05 919.989 78.20458221435547
C05 959.989 57.303558349609375
C05 1000.013 29.812021255493164
C05 1030.002 12.630131721496582
C05 1049.996 6.250323295593262
C05 1080.005 0.6931210666637194
C05 1100.007 0.09428606377746776
C06 319.992 43.450199127197266
C06 330.006 56.375911712646484
C06 349.994 79.49758911132812
C06 370.001 87.01661682128906
C06 400.009 89.86634063720703
C06 429.983 90.40354919433594
C06 449.989 91.14517211914062
C06 469.993 92.37836456298828
C06 500.016 94.22856903076172
C06 549.99 97.30388641357422
C06 569.998 98.33458709716797
C06 599.983 99.37431335449219
C06 630.013 100.43980407714844
C06 649.987 100.67176055908203
C06 670.017 101.19791412353516
C06 699.987 100.85555267333984
C06 720.012 100.7536392211914
C06 749.995 100.1186752319336
C06 770.007 99.82113647460938
C06 800.008 98.76676940917969
C06 830.013 97.61715698242188
C06 869.994 92.55999755859375
C06 900.005 85.56487274169922
C06 919.989 78.27873229980469
C06 959.989 57.42282485961914
C06 1000.013 29.819711685180664
C06 1030.002 12.691603660583496
C06 1049.996 6.283378601074219
C06 1080.005 0.6940732101752494
C06 1100.007 0.09441558496528209
C07 319.992 43.37842559814453
C07 330.006 56.2886848449707
C07 349.994 79.44536590576172
C07 370.001 87.04945373535156
C07 400.009 89.77989959716797
C07 429.983 90.2402114868164
C07 449.989 90.94869232177734
C07 469.993 92.15766143798828
C07 500.016 93.98248291015625
C07 549.99 97.0430908203125
C07 569.998 98.06958770751953
C07 599.983 99.10555267333984
C07 630.013 100.17436981201172
C07 649.987 100.40666198730469
C07 670.017 100.93519592285156
C07 699.987 100.59584045410156
C07 720.012 100.49444580078125
C07 749.995 99.8663558959961
C07 770.007 99.57115936279297
C07 800.008 98.51838684082031
C07 830.013 97.36741638183594
C07 869.994 92.30935668945312
C07 900.005 85.32219696044922
C07 919.989 78.02681732177734
C07 959.989 57.26859664916992
C07 1000.013 29.718839645385742
C07 1030.002 12.683939933776855
C07 1049.996 6.283095836639404
C07 1080.005 0.6923240090147433
C07 1100.007 0.09417763909967314
C10 319.992 41.25352478027344
C10 330.006 53.44064712524414
C10 349.994 74.39105224609375
C10 370.001 80.64005279541016
C10 400.009 86.39988708496094
C10 429.983 88.48387908935547
C10 449.989 89.80558013916016
C10 469.993 91.42488861083984
C10 500.016 93.6258316040039
C10 549.99 96.93286895751953
C10 569.998 97.98200225830078
C10 599.983 99.0108413696289
C10 630.013 100.04094696044922
C10 649.987 100.24537658691406
C10 670.017 100.73200988769531
C10 699.987 100.34454345703125
C10 720.012 100.21324157714844
C10 749.995 99.5433578491211
C10 770.007 99.22806549072266
C10 800.008 98.17060852050781
C10 830.013 97.07430267333984
C10 869.994 92.17709350585938
C10 900.005 85.09187316894531
C10 919.989 77.71956634521484
C10 959.989 56.84468460083008
C10 1000.013 30.006174087524414
C10 1030.002 12.917105674743652
C10 1049.996 6.325390815734863
C10 1080.005 0.6900847814548413
C10 1100.007 0.0938730343737752
C11 319.992 41.669986724853516
C11 330.006 53.991878509521484
C11 349.994 75.21817016601562
C11 370.001 81.57279968261719
C11 400.009 87.0041732788086
C11 429.983 88.89888000488281
C11 449.989 90.1514663696289
C11 469.993 91.72425079345703
C11 500.016 93.88298034667969
C11 549.99 97.16043853759766
C11 569.998 98.2063217163086
C11 599.983 99.2314682006836
C11 630.013 100.26110076904297
C11 649.987 100.46432495117188
C11 670.017 100.9585952758789
C11 699.987 100.5712661743164
C11 720.012 100.43993377685547
C11 749.995 99.77471160888672
C11 770.007 99.45268249511719
C11 800.008 98.39112091064453
C11 830.013 97.2985610961914
C11 869.994 92.24820709228516
C11 900.005 85.3831558227539
C11 919.989 78.14620971679688
C11 959.989 57.01352310180664
C11 1000.013 30.024953842163086
C11 1030.002 12.98270034790039
C11 1049.996 6.368349552154541
C11 1080.005 0.6916886373467571
C11 1100.007 0.09409120875367528
C12 319.992 42.03824234008789
C12 330.006 54.48378372192383
C12 349.994 76.01136779785156
C12 370.001 82.4944076538086
C12 400.009 87.53160095214844
C12 429.983 89.22441864013672
C12 449.989 90.40451049804688
C12 469.993 91.9344253540039
C12 500.016 94.04961395263672
C12 549.99 97.29834747314453
C12 569.998 98.3463134765625
C12 599.983 99.3699722290039
C12 630.013 100.40409088134766
C12 649.987 100.60758972167969
C12 670.017 101.10771942138672
C12 699.987 100.72050476074219
C12 720.012 100.59150695800781
C12 749.995 99.92528533935547
C12 770.007 99.60746765136719
C12 800.008 98.5417251586914
C12 830.013 97.4367904663086
C12 869.994 92.3244857788086
C12 900.005 85.55866241455078
C12 919.989 78.465576171875
C12 959.989 57.03433609008789
C12 1000.013 29.8751220703125
C12 1030.002 12.988349914550781
C12 1049.996 6.35850715637207
C12 1080.005 0.6927324961608698
C12 1100.007 0.09423320608062981
C13 319.992 42.37044906616211
C13 330.006 54.928871154785156
C13 349.994 76.7413101196289
C13 370.001 83.35102081298828
C13 400.009 88.02926635742188
C13 429.983 89.53971099853516
C13 449.989 90.6532211303711
C13 469.993 92.13607788085938
C13 500.016 94.22107696533203
C13 549.99 97.44522857666016
C13 569.998 98.48820495605469
C13 599.983 99.51826477050781
C13 630.013 100.55192565917969
C13 649.987 100.75867462158203
C13 670.017 101.25872039794922
C13 699.987 100.87816619873047
C13 720.012 100.7553939819336
C13 749.995 100.09046173095703
C13 770.007 99.77289581298828
C13 800.008 98.70188903808594
C13 830.013 97.5882568359375
C13 869.994 92.41217803955078
C13 900.005 85.62684631347656
C13 919.989 78.522705078125
C13 959.989 57.033973693847656
C13 1000.013 29.929973602294922
C13 1030.002 13.013758659362793
C13 1049.996 6.383886337280273
C13 1080.005 0.693877584082776
C13 1100.007 0.09438897372069784
C14 319.992 42.5080451965332
C14 330.006 55.11289596557617
C14 349.994 77.06964874267578
C14 370.001 83.80081176757812
C14 400.009 88.2890853881836
C14 429.983 89.68157958984375
C14 449.989 90.75288391113281
C14 469.993 92.20670318603516
C14 500.016 94.25637817382812
C14 549.99 97.46232604980469
C14 569.998 98.50542449951172
C14 599.983 99.53094482421875
C14 630.013 100.56982421875
C14 649.987 100.78059387207031
C14 670.017 101.2864990234375
C14 699.987 100.90564727783203
C14 720.012 100.78248596191406
C14 749.995 100.11842346191406
C14 770.007 99.80412292480469
C14 800.008 98.73365020751953
C14 830.013 97.61415100097656
C14 869.994 92.42240905761719
C14 900.005 85.66222381591797
C14 919.989 78.6665267944336
C14 959.989 57.020511627197266
C14 1000.013 29.762123107910156
C14 1030.002 12.966672897338867
C14 1049.996 6.379967212677002
C14 1080.005 0.6940714334346527
C14 1100.007 0.09441534327319498
C15 319.992 42.530601501464844
C15 330.006 55.152259826660156
C15 349.994 77.23658752441406
C15 370.001 84.07388305664062
C15 400.009 88.34258270263672
C15 429.983 89.61018371582031
C15 449.989 90.62406158447266
C15 469.993 92.04141998291016
C15 500.016 94.0603256225586
C15 549.99 97.2372817993164
C15 569.998 98.27576446533203
C15 599.983 99.30316925048828
C15 630.013 100.34431457519531
C15 649.987 100.55379486083984
C15 670.017 101.06321716308594
C15 699.987 100.68644714355469
C15 720.012 100.56684112548828
C15 749.995 99.90699768066406
C15 770.007 99.59539794921875
C15 800.008 98.52973175048828
C15 830.013 97.39051055908203
C15 869.994 92.25177001953125
C15 900.005 85.32359313964844
C15 919.989 78.3291015625
C15 959.989 56.67158126831055
C15 1000.013 29.65142250061035
C15 1030.002 12.879376411437988
C15 1049.996 6.377772808074951
C15 1080.005 0.692605726775338
C15 1100.007 0.09421596149386978
C16 319.992 42.844913482666016
C16 330.006 55.568580627441406
C16 349.994 77.91019439697266
C16 370.001 84.8791732788086
C16 400.009 88.890380859375
C16 429.983 90.0183334350586
C16 449.989 90.98796844482422
C16 469.993 92.37425231933594
C16 500.016 94.36975860595703
C16 549.99 97.54235076904297
C16 569.998 98.57642364501953
C16 599.983 99.60997772216797
C16 630.013 100.6585922241211
C16 649.987 100.8722915649414
C16 670.017 101.382568359375
C16 699.987 101.01123809814453
C16 720.012 100.89458465576172
C16 749.995 100.23509216308594
C16 770.007 99.9201431274414
C16 800.008 98.84556579589844
C16 830.013 97.6986312866211
C16 869.994 92.55265045166016
C16 900.005 85.59647369384766
C16 919.989 78.59931182861328
C16 959.989 56.84836959838867
C16 1000.013 29.733827590942383
C16 1030.002 12.89075756072998
C16 1049.996 6.382237434387207
C16 1080.005 0.6948802413497961
C16 1100.007 0.0945253663533446
C17 319.992 42.84999465942383
C17 330.006 55.578311920166016
C17 349.994 77.95928955078125
C17 370.001 84.97187805175781
C17 400.009 88.85791778564453
C17 429.983 89.9274673461914
C17 449.989 90.87125396728516
C17 469.993 92.24507904052734
C17 500.016 94.22319793701172
C17 549.99 97.37899780273438
C17 569.998 98.41384887695312
C17 599.983 99.44454956054688
C17 630.013 100.49007415771484
C17 649.987 100.70555877685547
C17 670.017 101.21171569824219
C17 699.987 100.8479995727539
C17 720.012 100.72794342041016
C17 749.995 100.06983184814453
C17 770.007 99.75523376464844
C17 800.008 98.68187713623047
C17 830.013 97.5309066772461
C17 869.994 92.40797424316406
C17 900.005 85.41996765136719
C17 919.989 78.3886489868164
C17 959.989 56.861629486083984
C17 1000.013 29.669706344604492
C17 1030.002 12.86553955078125
C17 1049.996 6.391026973724365
C17 1080.005 0.6937345733510365
C17 1100.007 0.0943695198047484
