lsstCam/transmission_filter_detector/r31_s02/u_24/19700101T000000.ecsv
# %ECSV 1.0
# ---
# datatype:
# - {name: wavelength, unit: nm, datatype: float32}
# - {name: efficiency, unit: '%', datatype: float64}
# meta: !!omap
# - {MODE: DETECTOR}
# - {TYPE: transmission_filter_detector}
# - {CALIBDATE: '1970-01-01T00:00:00'}
# - {INSTRUME: LSSTCam}
# - {OBSTYPE: transmission_filter_detector}
# - {CALIBCLS: lsst.ip.isr.IntermediateFilterDetectorTransmissionCurve}
# - {SOURCE: Materion (DM-46256)}
# - {DETECTOR: 128}
# - {FILTER: u_24}
# - {CALIB_ID: 'calibDate=1970-01-01T00:00:00 filter=u_24 detector=128'}
# - {DATE: '2025-04-02T15:59:40.342366'}
# - {CALIB_CREATION_DATE: '2025-04-02'}
# - {CALIB_CREATION_TIME: '15:59:40'}
# - __serialized_columns__:
#     efficiency:
#       __class__: astropy.units.quantity.Quantity
#       unit: !astropy.units.Unit {unit: '%'}
#       value: !astropy.table.SerializedColumn {name: efficiency}
#     wavelength:
#       __class__: astropy.units.quantity.Quantity
#       unit: !astropy.units.Unit {unit: nm}
#       value: !astropy.table.SerializedColumn {name: wavelength}
# schema: astropy-2.0
wavelength efficiency
[from data line 581]
876.0 0.002586359914857894
877.0 0.0027023646907764487
878.0 0.002818369830492884
879.0 0.002490374208719004
880.0 0.0021623787688440643
881.0 0.0022823052859166637
882.0 0.0024022314391913824
883.0 0.002358319761697203
884.0 0.002314407902304083
885.0 0.002396809031779412
886.0 0.0024792101612547413
887.0 0.002246923395432532
888.0 0.0020146366296103224
889.0 0.0023491991669288836
890.0 0.002683761340449564
891.0 0.0027733645765692927
892.0 0.0028629679945879616
893.0 0.0028299289624555968
894.0 0.002796889930323232
895.0 0.0029765646104351617
896.0 0.003156239108648151
897.0 0.0033472450013505295
898.0 0.003538250530255027
899.0 0.003702747926581651
900.0 0.003867245322908275
901.0 0.004201734918751754
902.0 0.004536224514595233
903.0 0.004741170778288506
904.0 0.004946116678183898
905.0 0.005175593832973391
906.0 0.005405070987762883
907.0 0.00538798158231657
908.0 0.005370892540668137
909.0 0.005476941078086384
910.0 0.005582989251706749
911.0 0.005436143328552134
912.0 0.0052892974053975195
913.0 0.005036239235778339
914.0 0.004783181066159159
915.0 0.004539423753158189
916.0 0.00429566644015722
917.0 0.0041228711779695
918.0 0.0039500755519839
919.0 0.0040675575291970745
920.0 0.004185039142612368
921.0 0.004524601536104456
922.0 0.004864163565798663
923.0 0.005258489181869663
924.0 0.005652814434142783
925.0 0.005951057391939685
926.0 0.006249301077332348
927.0 0.006543754716403782
928.0 0.0068382090830709785
929.0 0.0070864378358237445
930.0 0.0073346665885765105
931.0 0.007568871660623699
932.0 0.007803074549883604
933.0 0.0077158023486845195
934.0 0.007628527237102389
935.0 0.007459556218236685
936.0 0.007290583016583696
937.0 0.006854332605144009
938.0 0.006418082193704322
939.0 0.006302611291175708
940.0 0.006187139661051333
941.0 0.005135480751050636
942.0 0.00408382220484782
943.0 0.003616528556449339
944.0 0.003149235271848738
945.0 0.0030563889595214278
946.0 0.0029635426471941173
947.0 0.0023713013433734886
948.0 0.00177906003955286
949.0 0.0015180135960690677
950.0 0.0012569671525852755
951.0 0.0012291963685129303
952.0 0.0012014254025416449
953.0 0.0015726089259260334
954.0 0.0019437926312093623
955.0 0.0022283971702563576
956.0 0.002513001709303353
957.0 0.0027028787371818908
958.0 0.0028927557650604285
959.0 0.0030175047868397087
960.0 0.0031422536267200485
961.0 0.003833882146864198
962.0 0.004525510667008348
963.0 0.004255709427525289
964.0 0.003985908551840112
965.0 0.004334082404966466
966.0 0.004682256621890701
967.0 0.00461500821984373
968.0 0.004547759090200998
969.0 0.0045758897613268346
970.0 0.004604020432452671
971.0 0.004485576573642902
972.0 0.004367132714833133
973.0 0.004250949859851971
974.0 0.004134766641072929
975.0 0.0039351885789074
976.0 0.0037356108805397525
977.0 0.003086406286456622
978.0 0.002437201328575611
979.0 0.002519901863706764
980.0 0.0026026027626357973
981.0 0.0025011631805682555
982.0 0.002399723780399654
983.0 0.0025440589524805546
984.0 0.002688394124561455
985.0 0.0028872316761408
986.0 0.003086069773416966
987.0 0.0034137090551666915
988.0 0.0037413487007142976
989.0 0.004200042531010695
990.0 0.004658735997509211
991.0 0.005324664743966423
992.0 0.005990593126625754
993.0 0.006282440881477669
994.0 0.006574287544935942
995.0 0.006437698903027922
996.0 0.006301110261119902
997.0 0.006057052087271586
998.0 0.005812994641019031
999.0 0.006186033715493977
1000.0 0.006559072062373161
1001.0 0.006747365841874853
1002.0 0.00693566253175959
1003.0 0.006550279067596421
1004.0 0.006164896331029013
1005.0 0.0055218348279595375
1006.0 0.00487877223349642
1007.0 0.004892972356174141
1008.0 0.004907174297841266
1009.0 0.004378318408271298
1010.0 0.00384946251870133
1011.0 0.0037264657294144854
1012.0 0.003603468940127641
1013.0 0.0029640445063705556
1014.0 0.002324619345017709
1015.0 0.0020633819076465443
1016.0 0.001802144106477499
1017.0 0.0013833183402311988
1018.0 0.0009644925739848986
1019.0 0.00089308505266672
1020.0 0.0008216776222980116
1021.0 0.0009865714673651382
1022.0 0.001151465312432265
1023.0 0.0013922678590461146
1024.0 0.0016330704966094345
1025.0 0.0012106027497793548
1026.0 0.0007881353667471558
1027.0 0.0011862160135933664
1028.0 0.0015842964785406366
1029.0 0.001647230783419218
1030.0 0.00171016545209568
1031.0 0.001916266410262324
1032.0 0.0021223675503279082
1033.0 0.0018677403204492293
1034.0 0.00161311290867161
1035.0 0.0016260457414318807
1036.0 0.00163897784659639
1037.0 0.0019425560822128318
1038.0 0.002246134499728214
1039.0 0.0019921348211937584
1040.0 0.0017381353245582432
1041.0 0.0017214155377587304
1042.0 0.0017046957509592175
1043.0 0.0017762640709406696
1044.0 0.0018478327547200024
1045.0 0.001813427297747694
1046.0 0.0017790220226743259
1047.0 0.0018794124116539024
1048.0 0.001979802800633479
1049.0 0.0017535901861265302
1050.0 0.0015273775716195814
1051.0 0.0018004389858106151
1052.0 0.002073500581900589
1053.0 0.00237919175560819
1054.0 0.002684883111214731
1055.0 0.0022321892174659297
1056.0 0.0017794956875150092
1057.0 0.001377189710183302
1058.0 0.000974883914750535
1059.0 0.0006539597961818799
1060.0 0.00033303579130006256
1061.0 0.0009502427019469906
1062.0 0.0015674497262807563
1063.0 0.00155326742969919
1064.0 0.0015390851331176236
1065.0 0.00163518689078046
1066.0 0.001731288830342237
1067.0 0.0022468155293609016
1068.0 0.002762342046480626
1069.0 0.002606470479804557
1070.0 0.002450599095027428
1071.0 0.002541097637731582
1072.0 0.002631596362334676
1073.0 0.0024272063456010073
1074.0 0.002222816510766279
1075.0 0.002598082573967986
1076.0 0.002973348819068633
1077.0 0.0026705847631092183
1078.0 0.0023678201614529826
1079.0 0.0038004665839252993
1080.0 0.005233112824498676
1081.0 0.005736206003348343
1082.0 0.00623929881840013
1083.0 0.0059712147049140185
1084.0 0.005703128772438504
1085.0 0.00571072414459195
1086.0 0.005718319880543277
1087.0 0.004720464130514301
1088.0 0.0037226080166874453
1089.0 0.00603102998866234
1090.0 0.008339450869243592
1091.0 0.005861777390236966
1092.0 0.003384103183634579
1093.0 0.004463951336219907
1094.0 0.005543798397411592
1095.0 0.0051539886044338346
1096.0 0.004764178447658196
1097.0 0.003708659642143175
1098.0 0.0026531417461228557
1099.0 0.0034852018870878965
1100.0 0.00431726330134552
