lsstCam/transmission_filter_detector/r31_s02/u_24/19700101T000000.ecsv
# %ECSV 1.0
# ---
# datatype:
# - {name: wavelength, unit: nm, datatype: float32}
# - {name: efficiency, unit: '%', datatype: float64}
# meta: !!omap
# - {MODE: DETECTOR}
# - {TYPE: transmission_filter_detector}
# - {CALIBDATE: '1970-01-01T00:00:00'}
# - {INSTRUME: LSSTCam}
# - {OBSTYPE: transmission_filter_detector}
# - {CALIBCLS: lsst.ip.isr.IntermediateFilterDetectorTransmissionCurve}
# - {SOURCE: Materion (DM-46256)}
# - {DETECTOR: 128}
# - {FILTER: u_24}
# - {CALIB_ID: 'calibDate=1970-01-01T00:00:00 filter=u_24 detector=128'}
# - {DATE: '2025-04-02T15:59:40.342366'}
# - {CALIB_CREATION_DATE: '2025-04-02'}
# - {CALIB_CREATION_TIME: '15:59:40'}
# - __serialized_columns__:
#     efficiency:
#       __class__: astropy.units.quantity.Quantity
#       unit: !astropy.units.Unit {unit: '%'}
#       value: !astropy.table.SerializedColumn {name: efficiency}
#     wavelength:
#       __class__: astropy.units.quantity.Quantity
#       unit: !astropy.units.Unit {unit: nm}
#       value: !astropy.table.SerializedColumn {name: wavelength}
# schema: astropy-2.0
wavelength efficiency
295.0 1.5868230123991522e-10
296.0 1.5868230123991522e-10
297.0 1.5868230123991522e-10
298.0 1.5868230123991522e-10
299.0 0.014322780771180987
300.0 1.5868230123991522e-10
301.0 1.5868230123991522e-10
302.0 1.5868230123991522e-10
303.0 1.5868230123991522e-10
304.0 0.055197905749082565
305.0 0.6680925842374563
306.0 1.2805972248315811
307.0 2.4712439626455307
308.0 4.4547658413648605
309.0 7.305522263050079
310.0 10.362228751182556
311.0 14.180351793766022
312.0 17.932763695716858
313.0 21.1246520280838
314.0 24.125497043132782
315.0 26.59122347831726
316.0 28.58414351940155
317.0 31.102022528648376
318.0 33.571359515190125
319.0 36.615005135536194
320.0 41.675183176994324
321.0 46.72597646713257
322.0 52.66753435134888
323.0 58.28959941864014
324.0 63.19152116775513
325.0 66.70907139778137
326.0 69.26208734512329
327.0 71.30482196807861
328.0 73.20700287818909
329.0 74.58927035331726
330.0 76.05823278427124
331.0 76.96367502212524
332.0 77.4476170539856
333.0 77.70225405693054
334.0 77.48490571975708
335.0 77.65979170799255
336.0 77.70109176635742
337.0 78.07474732398987
338.0 78.94141674041748
339.0 79.65140342712402
340.0 80.09452223777771
341.0 80.57421445846558
342.0 80.9270977973938
343.0 80.83975315093994
344.0 80.97009658813477
345.0 81.25188946723938
346.0 81.56745433807373
347.0 81.93823099136353
348.0 82.16450810432434
349.0 82.37592577934265
350.0 82.44571089744568
351.0 82.7134370803833
352.0 82.54605531692505
353.0 82.46935606002808
354.0 82.42713212966919
355.0 82.57813453674316
356.0 82.78411626815796
357.0 82.67958760261536
358.0 82.40999579429626
359.0 82.16673731803894
360.0 82.17171430587769
361.0 82.02439546585083
362.0 81.86256885528564
363.0 81.98372721672058
364.0 82.06149935722351
365.0 82.25904703140259
366.0 82.36832022666931
367.0 82.38087892532349
368.0 82.3102593421936
369.0 82.31157064437866
370.0 81.9447934627533
371.0 81.76318407058716
372.0 81.65298700332642
373.0 81.75625205039978
374.0 81.78147673606873
375.0 82.09712505340576
376.0 82.15190172195435
377.0 82.16773271560669
378.0 82.22871422767639
379.0 82.00618624687195
380.0 81.40777349472046
381.0 80.21132349967957
382.0 78.52857112884521
383.0 76.6254186630249
384.0 74.52127933502197
385.0 72.20453023910522
386.0 69.8154091835022
387.0 66.72403216362
388.0 63.540464639663696
389.0 59.82543230056763
390.0 55.966705083847046
391.0 51.82614326477051
392.0 47.38362431526184
393.0 43.46894919872284
394.0 40.174150466918945
395.0 37.0202362537384
396.0 33.82650017738342
397.0 29.671403765678406
398.0 24.85063374042511
399.0 18.614713847637177
400.0 12.419269979000092
401.0 7.362547516822815
402.0 3.6000974476337433
403.0 1.3394169509410858
404.0 0.4190476145595312
405.0 0.17304897774010897
406.0 0.07319184369407594
407.0 0.048789140419103205
408.0 0.03261140373069793
409.0 1.5868230123991522e-10
410.0 1.5868230123991522e-10
411.0 1.5868230123991522e-10
412.0 1.5868230123991522e-10
413.0 1.5868230123991522e-10
414.0 1.5868230123991522e-10
415.0 1.5868230123991522e-10
416.0 1.5868230123991522e-10
417.0 1.5868230123991522e-10
418.0 1.5868230123991522e-10
419.0 1.5868230123991522e-10
420.0 1.5868230123991522e-10
421.0 1.5868230123991522e-10
422.0 1.5868230123991522e-10
423.0 1.5868230123991522e-10
424.0 1.5868230123991522e-10
425.0 1.5868230123991522e-10
426.0 0.0014008306607138366
427.0 1.5868230123991522e-10
428.0 1.5868230123991522e-10
429.0 1.5868230123991522e-10
430.0 8.687433705745207e-05
431.0 1.5868230123991522e-10
432.0 1.5868230123991522e-10
433.0 1.5868230123991522e-10
434.0 1.5868230123991522e-10
435.0 1.5868230123991522e-10
436.0 0.001046769193635555
437.0 0.0007130034191504819
438.0 0.0003792373490796308
439.0 0.0014658253348898143
440.0 0.0025524141165078618
441.0 1.5868230123991522e-10
442.0 1.5868230123991522e-10
443.0 1.5868230123991522e-10
444.0 1.5868230123991522e-10
445.0 1.5868230123991522e-10
446.0 1.5868230123991522e-10
447.0 1.5868230123991522e-10
448.0 1.5868230123991522e-10
449.0 1.5868230123991522e-10
450.0 1.5868230123991522e-10
451.0 1.5868230123991522e-10
452.0 1.5868230123991522e-10
453.0 0.00024690855298104
454.0 0.000630613658358925
455.0 0.0002249104227303178
456.0 1.5868230123991522e-10
457.0 1.5868230123991522e-10
458.0 1.5868230123991522e-10
459.0 1.5868230123991522e-10
460.0 0.00014837825119684567
461.0 1.5868230123991522e-10
462.0 1.5868230123991522e-10
463.0 8.823167263471987e-05
464.0 0.001618004716874566
465.0 0.00108333260868676
466.0 0.0005486603640747489
467.0 1.5868230123991522e-10
468.0 1.5868230123991522e-10
469.0 1.5868230123991522e-10
470.0 0.000320027106681664
471.0 0.00026701477509050164
472.0 0.00021400226160039892
473.0 1.5868230123991522e-10
474.0 1.5868230123991522e-10
475.0 1.5868230123991522e-10
476.0 1.5868230123991522e-10
477.0 1.5868230123991522e-10
478.0 1.5868230123991522e-10
479.0 1.5868230123991522e-10
480.0 1.5868230123991522e-10
481.0 1.5868230123991522e-10
482.0 1.5868230123991522e-10
483.0 1.5868230123991522e-10
484.0 1.5868230123991522e-10
485.0 1.5868230123991522e-10
486.0 1.5868230123991522e-10
487.0 1.5868230123991522e-10
488.0 0.00010043930842584814
489.0 1.5868230123991522e-10
490.0 1.5868230123991522e-10
491.0 1.5868230123991522e-10
492.0 1.5868230123991522e-10
493.0 1.5868230123991522e-10
494.0 1.5868230123991522e-10
495.0 1.5868230123991522e-10
496.0 1.5868230123991522e-10
497.0 1.5868230123991522e-10
498.0 1.5868230123991522e-10
499.0 1.5868230123991522e-10
500.0 1.5868230123991522e-10
501.0 1.5868230123991522e-10
502.0 1.5868230123991522e-10
503.0 1.5868230123991522e-10
504.0 0.0003906870915670879
505.0 0.00020847169253102038
506.0 2.6256293494952843e-05
507.0 1.5868230123991522e-10
508.0 1.5868230123991522e-10
509.0 1.5868230123991522e-10
510.0 1.5868230123991522e-10
511.0 0.00029117311441950733
512.0 0.0008256749424617738
513.0 0.0003380402858965681
514.0 1.5868230123991522e-10
515.0 1.5868230123991522e-10
516.0 1.5868230123991522e-10
517.0 1.5868230123991522e-10
518.0 1.5868230123991522e-10
519.0 1.5868230123991522e-10
520.0 1.5868230123991522e-10
521.0 1.5868230123991522e-10
522.0 1.5868230123991522e-10
523.0 1.5868230123991522e-10
524.0 1.5868230123991522e-10
525.0 2.966454459851775e-06
526.0 0.00016437089698229101
527.0 0.00010791312661240227
528.0 5.1455418770274264e-05
529.0 1.5868230123991522e-10
530.0 1.5868230123991522e-10
531.0 1.5868230123991522e-10
532.0 1.5868230123991522e-10
533.0 0.00016884897604541038
534.0 0.0007772779099468607
535.0 8.901552064344287e-05
536.0 1.5868230123991522e-10
537.0 1.5868230123991522e-10
538.0 1.5868230123991522e-10
539.0 1.5868230123991522e-10
540.0 1.5868230123991522e-10
541.0 1.5868230123991522e-10
542.0 1.5868230123991522e-10
543.0 1.5868230123991522e-10
544.0 1.5868230123991522e-10
545.0 1.5868230123991522e-10
546.0 0.0001426599965270725
547.0 1.5868230123991522e-10
548.0 1.5868230123991522e-10
549.0 0.0001249406977876788
550.0 0.0004938658094033599
551.0 0.00030973731099948054
552.0 0.00012560914228743059
553.0 1.5868230123991522e-10
554.0 1.5868230123991522e-10
555.0 1.5868230123991522e-10
556.0 1.5868230123991522e-10
557.0 1.5868230123991522e-10
558.0 1.5868230123991522e-10
559.0 1.5868230123991522e-10
560.0 0.00019788449208135717
561.0 1.5868230123991522e-10
562.0 1.5868230123991522e-10
563.0 1.5868230123991522e-10
564.0 1.5868230123991522e-10
565.0 1.5868230123991522e-10
566.0 1.5868230123991522e-10
567.0 1.5868230123991522e-10
568.0 1.5868230123991522e-10
569.0 0.00016692575854904135
570.0 0.00045010551730229054
571.0 0.0003262205382270622
572.0 0.00020233555915183388
573.0 0.00029268203434185125
574.0 0.0003830285550066037
575.0 0.0002993340103785158
576.0 0.00021563948848779546
577.0 0.00033965161492233165
578.0 0.00046366380956897046
579.0 0.0007230482424347429
580.0 0.0009824327207752503
581.0 0.0011283123058092315
582.0 0.001274192072742153
583.0 0.001555774906591978
584.0 0.0018373573766439222
585.0 0.0016439149476354942
586.0 0.0014504723367281258
587.0 0.001163700653705746
588.0 0.0008769286978349555
589.0 0.0010496622053324245
590.0 0.0012223957128298935
591.0 0.000800698580860626
592.0 0.00037900156257819617
593.0 0.0005866752871952485
594.0 0.0007943491254991386
595.0 0.0006638229933741968
596.0 0.0005332970431481954
597.0 0.0006415961252059788
598.0 0.0007498950708395569
599.0 0.0008623089343018364
600.0 0.0009747228432388511
601.0 0.0012531152606243268
602.0 0.001531507950858213
603.0 0.001625856566533912
604.0 0.0017202055460074916
605.0 0.0018331211322220042
606.0 0.0019460369003354572
607.0 0.001425200025551021
608.0 0.0009043629688676447
609.0 0.0005285462066240143
610.0 0.00015272926248144358
611.0 0.00020571028471749742
612.0 0.00025869130695355125
613.0 0.0003965281393902842
614.0 0.0005343649263522821
615.0 0.0006464569651143393
616.0 0.0007585486855532508
617.0 0.0007717985681665596
618.0 0.0007850485417293385
619.0 0.0004788610567629803
620.0 0.00017267359453398967
621.0 0.0004693643859354779
622.0 0.0007660550181753933
623.0 0.0005389565103541827
624.0 0.00031185786610876676
625.0 0.0003182160298820236
626.0 0.00032457426186738303
627.0 0.0005961956503597321
628.0 0.0008678171070641838
629.0 0.0006660896815446904
630.0 0.00046436239244940225
631.0 0.0010268813639413565
632.0 0.001589400380908046
633.0 0.0019580456864787266
634.0 0.002326690810150467
635.0 0.0024507506168447435
636.0 0.0025748102416400798
637.0 0.0024167702576960437
638.0 0.0022587306375498883
639.0 0.0022615095076616853
640.0 0.0022642889234703034
641.0 0.0020542580386972986
642.0 0.0018442271539242938
643.0 0.0012627604519366287
644.0 0.0006812937499489635
645.0 0.00022954218366066925
646.0 1.5868230123991522e-10
647.0 0.0001317937517342216
648.0 0.00048579718168184627
649.0 0.00024853343347785994
650.0 1.1269742827835216e-05
651.0 0.00026732150217867456
652.0 0.0005233732736087404
653.0 0.0007064099463605089
654.0 0.0008894468919606879
655.0 0.0011480497050797567
656.0 0.0014066527000977658
657.0 0.0018376626030658372
658.0 0.002268672687932849
659.0 0.0027218924515182152
660.0 0.003175111851305701
661.0 0.0031565850804327056
662.0 0.0031380579457618296
663.0 0.0031984640372684225
664.0 0.0032588697649771348
665.0 0.0028132149964221753
666.0 0.0023675600459682755
667.0 0.0019239383618696593
668.0 0.0014803163139731623
669.0 0.0011886127140314784
670.0 0.0008969091140897945
671.0 0.0006706129170197528
672.0 0.000444316674474976
673.0 0.0006447221039707074
674.0 0.000845127669890644
675.0 0.0007187687970144907
676.0 0.0005924098786636023
677.0 0.0006335519174172077
678.0 0.0006746939561708132
679.0 0.0012642450201383326
680.0 0.0018537963114795275
681.0 0.0027597947337199003
682.0 0.0036657933378592134
683.0 0.0049296446377411485
684.0 0.006193495210027322
685.0 0.0070527974457945675
686.0 0.007912100409157574
687.0 0.007567556167487055
688.0 0.00722301410860382
689.0 0.006785794539609924
690.0 0.006348575698211789
691.0 0.00534986647835467
692.0 0.004351157258497551
693.0 0.0033525109756737947
694.0 0.0023538643290521577
695.0 0.0019458579117781483
696.0 0.0015378514945041388
697.0 0.001115012310037855
698.0 0.0006921730346221011
699.0 0.0006870154720672872
700.0 0.0006818577276135329
701.0 0.0006570776804437628
702.0 0.0006322974968497874
703.0 0.0004550551238935441
704.0 0.0002778127736746683
705.0 0.0005462484296003822
706.0 0.0008146840627887286
707.0 0.0009119738024310209
708.0 0.0010092633601743728
709.0 0.0009707624485599808
710.0 0.0009322615369455889
711.0 0.000605735158387688
712.0 0.0002792087798297871
713.0 0.0005368719939724542
714.0 0.0007945353900140617
715.0 0.0007147852556954604
716.0 0.0006350352123263292
717.0 0.0007342116077779792
718.0 0.0008333880032296292
719.0 0.0007027012543403544
720.0 0.0005720144599763444
721.0 0.0003828933131444501
722.0 0.00019377216631255578
723.0 0.0005162503384781303
724.0 0.0008387282832700294
725.0 0.00033397261631762376
726.0 1.5868230123991522e-10
727.0 1.5868230123991522e-10
728.0 1.5868230123991522e-10
729.0 1.5868230123991522e-10
730.0 6.969972901060828e-05
731.0 0.00024056371330516413
732.0 0.0004114277999178739
733.0 0.00023023026187729556
734.0 4.9032826154871145e-05
735.0 0.0003167860768371611
736.0 0.0005845393388881348
737.0 0.0004360037564765662
738.0 0.0002874680831155274
739.0 0.0004993262336938642
740.0 0.0007111843387974659
741.0 0.0009568105269863736
742.0 0.0012024364878016058
743.0 0.001655488995311316
744.0 0.0021085415937704965
745.0 0.0024741208108025603
746.0 0.0028397002097335644
747.0 0.002682759441086091
748.0 0.002525818672438618
749.0 0.002542860420362558
750.0 0.0025599019863875583
751.0 0.0028470312827266753
752.0 0.0031341605790657923
753.0 0.0029543167329393327
754.0 0.0027744725230149925
755.0 0.0027760504963225685
756.0 0.002777628105832264
757.0 0.002505381235096138
758.0 0.0022331340005621314
759.0 0.0018438531697029248
760.0 0.0014545725207426585
761.0 0.0009615813723939937
762.0 0.00046859004214638844
763.0 0.0003281850922576268
764.0 0.00018778025605570292
765.0 6.448569820349803e-05
766.0 1.5868230123991522e-10
767.0 0.0002941534830824821
768.0 0.0006471159395005088
769.0 0.0005665527169185225
770.0 0.0004859897217102116
771.0 0.000683496773490333
772.0 0.0008810039616946597
773.0 0.0009284985026170034
774.0 0.0009759930435393471
775.0 0.0008881409485184122
776.0 0.0008002893082448281
777.0 0.0005104746833239915
778.0 0.0002206602403020952
779.0 0.000475903016194934
780.0 0.0007311457011383027
781.0 0.0009598687029210851
782.0 0.001188591522804927
783.0 0.0010384138477093074
784.0 0.000888236263563158
785.0 0.001066633740265388
786.0 0.0012450313988665584
787.0 0.001069405425369041
788.0 0.0008937795428209938
789.0 0.0008884136150300037
790.0 0.0008830475962895434
791.0 0.0008283724127977621
792.0 0.0007736970474070404
793.0 0.0006406352440535557
794.0 0.0005075735316495411
795.0 0.00032722423384257127
796.0 0.00014687497014165274
797.0 0.00017647108734308858
798.0 0.00020606710222637048
799.0 0.00011348704447300406
800.0 2.090700235157783e-05
801.0 3.78374551246452e-05
802.0 5.476805426951614e-05
803.0 7.062790245981887e-05
804.0 8.648774496577971e-05
805.0 1.5868230123991522e-10
806.0 1.5868230123991522e-10
807.0 1.5868230123991522e-10
808.0 0.0001658546352700796
809.0 0.00016167895182661596
810.0 0.00015750325701446855
811.0 3.108046371380624e-05
812.0 1.5868230123991522e-10
813.0 8.892525897863379e-05
814.0 0.0002731928361754399
815.0 0.0005005545972380787
816.0 0.0007279163583007175
817.0 0.0004228154011798324
818.0 0.00011771446679631481
819.0 0.0002023521346927737
820.0 0.00028698984806396766
821.0 8.752644475862326e-06
822.0 1.5868230123991522e-10
823.0 1.5868230123991522e-10
824.0 3.592732298329793e-05
825.0 5.81653303299845e-06
826.0 1.5868230123991522e-10
827.0 2.08388506450774e-06
828.0 2.8462034151743865e-05
829.0 2.206611924293611e-05
830.0 1.5670268282974575e-05
831.0 1.5868230123991522e-10
832.0 1.5868230123991522e-10
833.0 1.5868230123991522e-10
834.0 8.639960924483603e-05
835.0 3.758377715712413e-05
836.0 1.5868230123991522e-10
837.0 1.5868230123991522e-10
838.0 1.5868230123991522e-10
839.0 1.5868230123991522e-10
840.0 8.088045433396474e-05
841.0 5.647845000567031e-05
842.0 3.2076397360469855e-05
843.0 0.00012475256880861707
844.0 0.0002174287146772258
845.0 0.00030629644243163057
846.0 0.0003951642156607704
847.0 1.5868230123991522e-10
848.0 1.5868230123991522e-10
849.0 1.5868230123991522e-10
850.0 0.000123127892948105
851.0 0.00013135329481883673
852.0 0.00013957878763903864
853.0 4.684854673087102e-05
854.0 1.5868230123991522e-10
855.0 0.00013722200264965068
856.0 0.00032032562558015343
857.0 0.0003638730277089053
858.0 0.00040742033888818696
859.0 0.000823833943286445
860.0 0.0012402472748362925
861.0 0.0011714140782714821
862.0 0.001102580972656142
863.0 0.001016807527776109
864.0 0.0009310341738455463
865.0 0.0010640532309480477
866.0 0.0011970720152021386
867.0 0.0014469359484792221
868.0 0.0016967996998573653
869.0 0.001756940400809981
870.0 0.0018170811017625965
871.0 0.0017231464880751446
872.0 0.0016292118743876927
873.0 0.00211891601793468
874.0 0.0026086203433806077
