lsstCam/transmission_filter_detector/r13_s01/z_20/19700101T000000.ecsv
# %ECSV 1.0
# ---
# datatype:
# - {name: wavelength, unit: nm, datatype: float32}
# - {name: efficiency, unit: '%', datatype: float64}
# meta: !!omap
# - {MODE: DETECTOR}
# - {TYPE: transmission_filter_detector}
# - {CALIBDATE: '1970-01-01T00:00:00'}
# - {INSTRUME: LSSTCam}
# - {OBSTYPE: transmission_filter_detector}
# - {CALIBCLS: lsst.ip.isr.IntermediateFilterDetectorTransmissionCurve}
# - {SOURCE: Materion (DM-46256)}
# - {DETECTOR: 55}
# - {FILTER: z_20}
# - {CALIB_ID: 'calibDate=1970-01-01T00:00:00 filter=z_20 detector=55'}
# - {DATE: '2025-04-02T15:59:48.891939'}
# - {CALIB_CREATION_DATE: '2025-04-02'}
# - {CALIB_CREATION_TIME: '15:59:48'}
# - __serialized_columns__:
#     efficiency:
#       __class__: astropy.units.quantity.Quantity
#       unit: !astropy.units.Unit {unit: '%'}
#       value: !astropy.table.SerializedColumn {name: efficiency}
#     wavelength:
#       __class__: astropy.units.quantity.Quantity
#       unit: !astropy.units.Unit {unit: nm}
#       value: !astropy.table.SerializedColumn {name: wavelength}
# schema: astropy-2.0
wavelength efficiency
300.0 0.8764994330704212
301.0 0.5917517933994532
302.0 0.3070042235776782
303.0 0.2972605172544718
304.0 0.2875168342143297
305.0 0.24222007486969233
306.0 0.1969232689589262
307.0 0.18258244963362813
308.0 0.16824164194986224
309.0 0.147028302308172
310.0 0.12581495102494955
311.0 0.12608782853931189
312.0 0.12636074097827077
313.0 0.11174428509548306
314.0 0.09712784085422754
315.0 0.09636956383474171
316.0 0.09561128099448979
317.0 0.08012371836230159
318.0 0.06463617319241166
319.0 0.06399602279998362
320.0 0.06335586658678949
321.0 0.06325384601950645
322.0 0.06315182545222342
323.0 0.05506623419933021
324.0 0.04698064585682005
325.0 0.04362540494184941
326.0 0.04027016111649573
327.0 0.039478036342188716
328.0 0.03868590865749866
329.0 0.033977715065702796
330.0 0.02926952438428998
331.0 0.026770043768920004
332.0 0.02427056460874155
333.0 0.02352825686102733
334.0 0.022785947658121586
335.0 0.021614092111121863
336.0 0.020442235108930618
337.0 0.024598074378445745
338.0 0.02875391219276935
339.0 0.02461774565745145
340.0 0.02048158348770812
341.0 0.017113365174736828
342.0 0.013745146861765534
343.0 0.013636433868668973
344.0 0.013527725241146982
345.0 0.012667544069699943
346.0 0.011807363625848666
347.0 0.01126994684454985
348.0 0.010732532973634079
349.0 0.013352074893191457
350.0 0.01597161899553612
351.0 0.01327745703747496
352.0 0.010583290713839233
353.0 0.011179595458088443
354.0 0.011775899474741891
355.0 0.01007847095024772
356.0 0.008381042425753549
357.0 0.009431839862372726
358.0 0.010482638754183426
359.0 0.01015737361740321
360.0 0.009832106297835708
361.0 0.008886921568773687
362.0 0.00794173902249895
363.0 0.009174722072202712
364.0 0.010407705121906474
365.0 0.010132465831702575
366.0 0.009857229451881722
367.0 0.00865354886627756
368.0 0.007449866825481877
369.0 0.007955049659358338
370.0 0.008460232493234798
371.0 0.008387232082895935
372.0 0.008314233127748594
373.0 0.0072481343522667885
374.0 0.006182037031976506
375.0 0.00646862099529244
376.0 0.006755204958608374
377.0 0.0071066511736717075
378.0 0.007458095933543518
379.0 0.006257827044464648
380.0 0.005057557063992135
381.0 0.0031956631573848426
382.0 0.00133376925077755
383.0 0.0035395758459344506
384.0 0.005745382804889232
385.0 0.005498324026120827
386.0 0.005251265611150302
387.0 0.0059259633417241275
388.0 0.006600662163691595
389.0 0.005821876766276546
390.0 0.005043092460255139
391.0 0.004671040005632676
392.0 0.0042989879148080945
393.0 0.004758303111884743
394.0 0.005217618672759272
395.0 0.00433637724199798
396.0 0.0034551354474388063
397.0 0.0036306002584751695
398.0 0.003806064705713652
399.0 0.0040304796129930764
400.0 0.00425489415647462
401.0 0.004505164906731807
402.0 0.004755435293191113
403.0 0.0048377609346061945
404.0 0.004920086576021276
405.0 0.00407022780564148
406.0 0.0032203697628574446
407.0 0.0018022999938693829
408.0 0.00038423086152761243
409.0 0.0019211494873161428
410.0 0.0034580683859530836
411.0 0.004153887493885122
412.0 0.00484970623801928
413.0 0.004650721893995069
414.0 0.004451737186172977
415.0 0.003652881787274964
416.0 0.0028540269340737723
417.0 0.0038604794099228457
418.0 0.004866932067670859
419.0 0.004415006696945056
420.0 0.003963081690017134
421.0 0.004013462603325024
422.0 0.004063844244228676
423.0 0.003782466592383571
424.0 0.0035010896681342274
425.0 0.002598739774839487
426.0 0.0016963900634436868
427.0 0.0018460681530996226
428.0 0.0019957464246544987
429.0 0.0012973983757547103
430.0 0.0005990508725517429
431.0 0.0007061953965603607
432.0 0.0008133400115184486
433.0 0.0007091200586728519
434.0 0.0006049003786756657
435.0 0.0011105218618467916
436.0 0.0016161433450179175
437.0 0.001883283766801469
438.0 0.0021504240066860802
439.0 0.002243479684693739
440.0 0.0023365355446003377
441.0 0.001724340472719632
442.0 0.0011121454917883966
443.0 0.002252344347652979
444.0 0.0033925429306691512
445.0 0.003297892544651404
446.0 0.003203242158633657
447.0 0.0025402328901691362
448.0 0.0018772234398056753
449.0 0.0025539446141920052
450.0 0.0032306663342751563
451.0 0.0025289080440416
452.0 0.001827149753808044
453.0 0.0016930025594774634
454.0 0.0015588551832479425
455.0 0.0022970629288465716
456.0 0.0030352706744452007
457.0 0.0021853224097867496
458.0 0.0013353742360777687
459.0 0.0015250681826728396
460.0 0.0017147622202173807
461.0 0.0008443931619694922
462.0 1.6011272169214052e-10
463.0 0.0009347453669761308
464.0 0.0018954668121295981
465.0 0.002215951099060476
466.0 0.002536435567890294
467.0 0.0021895048121223226
468.0 0.0018425735106575303
469.0 0.0016323498130077496
470.0 0.001422126115357969
471.0 0.0013382108591031283
472.0 0.0012542959666461684
473.0 0.0012621032510651276
474.0 0.001269910717383027
475.0 0.0011176061889273115
476.0 0.0009653018423705362
477.0 0.001263755348190898
478.0 0.0015622086721123196
479.0 0.0019384719053050503
480.0 0.002314735138497781
481.0 0.001857449024100788
482.0 0.0014001628187543247
483.0 0.000986861687124474
484.0 0.0005735604645451531
485.0 0.0014223391190171242
486.0 0.0022711177734890953
487.0 0.0015293218893930316
488.0 0.0007875260962464381
489.0 0.001615693690837361
490.0 0.0024438611944788136
491.0 0.002329732342332136
492.0 0.002215603308286518
493.0 0.0020517987650237046
494.0 0.0018879944036598317
495.0 0.001636827437323518
496.0 0.0013856604709872045
497.0 0.0012031935511913616
498.0 0.0010207269042439293
499.0 0.0011974126209679525
500.0 0.001374098428641446
501.0 0.0009034407412400469
502.0 0.00043278278099023737
503.0 0.0012298889487283304
504.0 0.002026995389314834
505.0 0.0021958534489385784
506.0 0.002364711690461263
507.0 0.002263108217448462
508.0 0.00216150456253672
509.0 0.001896174217108637
510.0 0.0016308440535794944
511.0 0.0012543863704195246
512.0 0.000877928778209025
513.0 0.0013178178960515652
514.0 0.0017577072867425159
515.0 0.0013480850611813366
516.0 0.0009384634722664487
517.0 0.0009128303645411506
518.0 0.0008871973477653228
519.0 0.001086096563085448
520.0 0.0012849954146076925
521.0 0.0016198900993913412
522.0 0.0019547846022760496
523.0 0.001275522754440317
524.0 0.0005962609066045843
525.0 0.000710068616172066
526.0 0.000823876507638488
527.0 0.0011452550097601488
528.0 0.0014666337847302202
529.0 0.0012439107194950338
530.0 0.0010211870176135562
531.0 0.0011392564374546055
532.0 0.0012573258572956547
533.0 0.0009009223504108377
534.0 0.0005445188435260206
535.0 0.0010943550478259567
536.0 0.0016441912521258928
537.0 0.0016556517948629335
538.0 0.0016671123375999741
539.0 0.001174969020212302
540.0 0.0006828253845014842
541.0 0.000769040434533963
542.0 0.0008552554390917066
543.0 0.0012800815056834836
544.0 0.0017049076632247306
545.0 0.0011483295565994922
546.0 0.0005917517228226643
547.0 0.0012526419595815241
548.0 0.001913531741593033
549.0 0.0016683861758792773
550.0 0.0014232404282665811
551.0 0.0014558236216544174
552.0 0.0014884064512443729
553.0 0.0013055472663836554
554.0 0.0011226877177250572
555.0 0.0010223111530649476
556.0 0.0009219346793543082
557.0 0.0013630055036628619
558.0 0.0018040762370219454
559.0 0.0017967267922358587
560.0 0.0017893771655508317
561.0 0.0015820052794879302
562.0 0.0013746333024755586
563.0 0.0011403138159948867
564.0 0.0009059942385647446
565.0 0.0016259675248875283
566.0 0.0023459409931092523
567.0 0.002717109782679472
568.0 0.003088278026552871
569.0 0.0029377151804510504
570.0 0.0027871521524502896
571.0 0.0026831176000996493
572.0 0.002579082502052188
573.0 0.002040409526671283
574.0 0.0015017366422398482
575.0 0.001969930417544674
576.0 0.00243812410190003
577.0 0.001967320713447407
578.0 0.001496517870691605
579.0 0.0016924584997468628
580.0 0.00188839876500424
581.0 0.0017213469618582167
582.0 0.0015542947949143127
583.0 0.0019527305994415656
584.0 0.0023511664039688185
585.0 0.0025242528863600455
586.0 0.0026973393687512726
587.0 0.0020197943740640767
588.0 0.0013422488336800598
589.0 0.0019907927708118223
590.0 0.002639336889842525
591.0 0.0018892138541559689
592.0 0.0011390907275199424
593.0 0.000896073743206216
594.0 0.0006530567588924896
595.0 0.0010687514077289961
596.0 0.0014844457837170921
597.0 0.0013720435163122602
598.0 0.001259641157957958
599.0 0.0009443127964914311
600.0 0.0006289846623985795
601.0 0.0005476907062984537
602.0 0.00046639675019832794
603.0 0.0009615666385798249
604.0 0.001456736026739236
605.0 0.0009230766409018543
606.0 0.00038941680031712167
607.0 0.0008227666512539145
608.0 0.001256116411241237
609.0 0.0012100125786673743
610.0 0.0011639083822956309
611.0 0.0010013837709266227
612.0 0.0008388589776586741
613.0 0.0007682749128434807
614.0 0.0006976908025535522
615.0 0.0011842761523439549
616.0 0.0016708618204575032
617.0 0.00217023043660447
618.0 0.002669599234650377
619.0 0.002191592284361832
620.0 0.0017135851521743461
621.0 0.0015029680071165785
622.0 0.0012923506801598705
623.0 0.0015792613339726813
624.0 0.0018661718058865517
625.0 0.0016462794519611634
626.0 0.001426387007086305
627.0 0.001892429827421438
628.0 0.002358473284402862
629.0 0.0020504445274127647
630.0 0.0017424157704226673
631.0 0.0015669440472265705
632.0 0.0013914720511820633
633.0 0.0017568836483405903
634.0 0.0021222953364485875
635.0 0.005108768164063804
636.0 0.00809524062788114
637.0 0.015419660485349596
638.0 0.022744081798009574
639.0 0.019852252444252372
640.0 0.016960420180112123
641.0 0.014672087854705751
642.0 0.012383758439682424
643.0 0.009913983376463875
644.0 0.0074442104960326105
645.0 0.0067295346525497735
646.0 0.006014859536662698
647.0 0.005526738095795736
648.0 0.005038616291130893
649.0 0.004165973587078042
650.0 0.003293331974418834
651.0 0.0036649686080636457
652.0 0.004036605605506338
653.0 0.0033052419894374907
654.0 0.002573878191469703
655.0 0.0028488304451457225
656.0 0.003123783244518563
657.0 0.0030235039957915433
658.0 0.0029232243832666427
659.0 0.0027850923288497142
660.0 0.002646960274432786
661.0 0.0028089676561648957
662.0 0.002970974674099125
663.0 0.001994281410588883
664.0 0.0010175880561291706
665.0 0.0015186028576863464
666.0 0.002019618113990873
667.0 0.0023817117835278623
668.0 0.0027438054530648515
669.0 0.0019876199075952172
670.0 0.0012314342711761128
671.0 0.0009095507266465575
672.0 0.0005876671821170021
673.0 0.0012604227777046617
674.0 0.0019331786461407319
675.0 0.0020269792003091425
676.0 0.0021207793906796724
677.0 0.0019292499928269535
678.0 0.001737720231176354
679.0 0.0014555957932316232
680.0 0.001173471082438482
681.0 0.0012214914022479206
682.0 0.001269511540158419
683.0 0.0023873328245826997
684.0 0.003505154381855391
685.0 0.0028845201086369343
686.0 0.002263886017317418
687.0 0.0016945670722634532
688.0 0.0011252478543610778
689.0 0.0014750593436474446
690.0 0.0018248703781864606
691.0 0.002123217927874066
692.0 0.002421565295662731
693.0 0.002745678102655802
694.0 0.0030697912734467536
695.0 0.0032614683732390404
696.0 0.0034531447454355657
697.0 0.0036449015169637278
698.0 0.00383665828849189
699.0 0.0057022647524718195
700.0 0.007567869761260226
701.0 0.007167566218413413
702.0 0.006767264130758122
703.0 0.006219612259883434
704.0 0.005671959297615103
705.0 0.005174130274099298
706.0 0.004676302705775015
707.0 0.0043683641706593335
708.0 0.0040604249079478905
709.0 0.004182364500593394
710.0 0.004304304093238898
711.0 0.0038927788409637287
712.0 0.0034812539524864405
713.0 0.002495831904525403
714.0 0.0015104097656148952
715.0 0.0021987949367030524
716.0 0.0028871801987406798
717.0 0.0025019746317411773
718.0 0.0021167685190448537
719.0 0.001651888305786997
720.0 0.001187007364933379
721.0 0.0011456498214101885
722.0 0.0011042920050385874
723.0 0.0009447769116377458
724.0 0.0007852619091863744
725.0 0.0012254471585038118
726.0 0.0016656325897201896
727.0 0.001721626722428482
728.0 0.0017776204913388938
729.0 0.0017843834939412773
730.0 0.0017911466784426011
731.0 0.001381048423354514
732.0 0.0009709501682664268
733.0 0.0009157255590253044
734.0 0.0008605008588347118
735.0 0.0010093583114212379
736.0 0.001158215309260413
737.0 0.001347335819446016
738.0 0.0015364559658337384
739.0 0.0011866875865962356
740.0 0.0008369191164092626
741.0 0.0010141987331735436
742.0 0.001191478077089414
743.0 0.0016281062926282175
744.0 0.002064734508167021
745.0 0.001367542972730007
746.0 0.0006703514827677282
747.0 0.0011850014743686188
748.0 0.0016996515114442445
749.0 0.002297365790582262
750.0 0.0028950802516192198
751.0 0.002921837403846439
752.0 0.0029485941922757775
753.0 0.0028996617402299307
754.0 0.002850729288184084
755.0 0.0019135759430355392
756.0 0.0009764225978869945
757.0 0.001917550434882287
758.0 0.0028586782718775794
759.0 0.0026543168132775463
760.0 0.0024499549908796325
761.0 0.004295258622732945
762.0 0.006140561890788376
763.0 0.005692964987247251
764.0 0.005245366264716722
765.0 0.00523846538271755
766.0 0.005231563409324735
767.0 0.004453247311175801
768.0 0.003674930485431105
769.0 0.0033275933674303815
770.0 0.002980257704621181
771.0 0.003883481986122206
772.0 0.00478670590382535
773.0 0.003968268720200285
774.0 0.00314983117277734
775.0 0.009688847785582766
776.0 1.6011272169214052e-10
777.0 0.11849243892356753
778.0 1.6011272169214052e-10
779.0 0.02841656096279621
780.0 0.03205306129530072
781.0 0.059649383183568716
782.0 1.6011272169214052e-10
783.0 1.6011272169214052e-10
784.0 1.6011272169214052e-10
785.0 1.6011272169214052e-10
786.0 0.17542048590257764
787.0 0.1510782982222736
788.0 0.041387174860574305
789.0 0.12153482530266047
790.0 0.04554452025331557
791.0 0.037666241405531764
792.0 1.6011272169214052e-10
793.0 1.6011272169214052e-10
794.0 0.02391486195847392
795.0 1.6011272169214052e-10
796.0 0.1689399592578411
797.0 0.0881345069501549
798.0 0.19461156334728003
799.0 0.17877720529213548
800.0 0.09097849833779037
801.0 0.554683618247509
802.0 0.7199497893452644
803.0 1.226462610065937
804.0 1.96020919829607
805.0 3.0524050816893578
806.0 4.580961540341377
807.0 6.532307714223862
808.0 8.732476830482483
809.0 11.51270642876625
810.0 14.723211526870728
811.0 18.046702444553375
812.0 20.935091376304626
813.0 24.139612913131714
814.0 27.2878497838974
815.0 31.471627950668335
816.0 36.67393922805786
817.0 42.464953660964966
818.0 48.45539331436157
819.0 54.819560050964355
820.0 62.3343825340271
821.0 70.23990750312805
822.0 76.21891498565674
823.0 81.52543902397156
824.0 86.42144799232483
825.0 91.09131693840027
826.0 93.9811110496521
827.0 96.15934491157532
828.0 98.31293821334839
829.0 98.99494051933289
830.0 98.84898066520691
831.0 99.29157495498657
832.0 98.6526370048523
833.0 99.19180274009705
834.0 98.03561568260193
835.0 99.10404682159424
836.0 99.00794625282288
837.0 99.33571219444275
838.0 98.22959303855896
839.0 98.49750995635986
840.0 99.00268316268921
841.0 99.03174638748169
842.0 99.51501488685608
843.0 99.7208833694458
844.0 98.24883937835693
845.0 98.85799884796143
846.0 98.60880374908447
847.0 98.48625659942627
848.0 99.75574016571045
849.0 98.9405870437622
850.0 98.32508563995361
851.0 99.01224374771118
852.0 99.38995838165283
853.0 98.8266110420227
854.0 100.01252889633179
855.0 98.67168068885803
856.0 98.81480932235718
857.0 98.07783961296082
858.0 98.53047728538513
859.0 99.27804470062256
860.0 98.83511662483215
861.0 98.98768067359924
862.0 99.0299940109253
863.0 98.1994092464447
864.0 99.30824041366577
865.0 99.94115829467773
866.0 98.89457821846008
867.0 99.418705701828
868.0 99.80103373527527
869.0 98.84727001190186
870.0 98.44949841499329
871.0 98.6790120601654
872.0 99.34143424034119
873.0 99.50330853462219
874.0 99.81359839439392
875.0 99.13788437843323
876.0 99.19729828834534
877.0 99.7296929359436
878.0 99.25598502159119
879.0 98.74189496040344
880.0 98.75894784927368
881.0 100.10930299758911
882.0 99.19225573539734
883.0 98.87166619300842
884.0 99.26742315292358
885.0 98.67350459098816
886.0 98.76574277877808
887.0 98.52102398872375
888.0 99.07504320144653
889.0 99.63564276695251
890.0 98.42668771743774
891.0 99.61455464363098
892.0 98.74104857444763
893.0 98.89938235282898
894.0 98.38907122612
895.0 99.64974522590637
