lsstCam/transmission_filter_detector/r13_s01/z_20/19700101T000000.ecsv
# %ECSV 1.0
# ---
# datatype:
# - {name: wavelength, unit: nm, datatype: float32}
# - {name: efficiency, unit: '%', datatype: float64}
# meta: !!omap
# - {MODE: DETECTOR}
# - {TYPE: transmission_filter_detector}
# - {CALIBDATE: '1970-01-01T00:00:00'}
# - {INSTRUME: LSSTCam}
# - {OBSTYPE: transmission_filter_detector}
# - {CALIBCLS: lsst.ip.isr.IntermediateFilterDetectorTransmissionCurve}
# - {SOURCE: Materion (DM-46256)}
# - {DETECTOR: 55}
# - {FILTER: z_20}
# - {CALIB_ID: 'calibDate=1970-01-01T00:00:00 filter=z_20 detector=55'}
# - {DATE: '2025-04-02T15:59:48.891939'}
# - {CALIB_CREATION_DATE: '2025-04-02'}
# - {CALIB_CREATION_TIME: '15:59:48'}
# - __serialized_columns__:
#     efficiency:
#       __class__: astropy.units.quantity.Quantity
#       unit: !astropy.units.Unit {unit: '%'}
#       value: !astropy.table.SerializedColumn {name: efficiency}
#     wavelength:
#       __class__: astropy.units.quantity.Quantity
#       unit: !astropy.units.Unit {unit: nm}
#       value: !astropy.table.SerializedColumn {name: wavelength}
# schema: astropy-2.0
wavelength efficiency
[from data line 597]
897.0 99.35234189033508
898.0 98.78875613212585
899.0 98.51672649383545
900.0 98.68891835212708
901.0 99.3042528629303
902.0 99.17328357696533
903.0 98.68916869163513
904.0 97.85518646240234
905.0 98.6946165561676
906.0 98.04004430770874
907.0 98.80514144897461
908.0 98.17060232162476
909.0 98.2090413570404
910.0 98.06116819381714
911.0 97.22534418106079
912.0 95.80267071723938
913.0 94.63156461715698
914.0 92.18485355377197
915.0 89.93005156517029
916.0 88.0557656288147
917.0 86.3309383392334
918.0 83.12612771987915
919.0 81.86960816383362
920.0 79.03711199760437
921.0 75.15115737915039
922.0 70.63886523246765
923.0 64.96090292930603
924.0 59.71343517303467
925.0 54.057151079177856
926.0 48.071613907814026
927.0 41.007864475250244
928.0 35.326820611953735
929.0 29.103487730026245
930.0 23.265616595745087
931.0 18.227237462997437
932.0 12.683682143688202
933.0 8.343984931707382
934.0 5.411282554268837
935.0 3.347787633538246
936.0 2.002885565161705
937.0 1.1469759047031403
938.0 0.6897909566760063
939.0 0.3589167492464185
940.0 0.16356062842532992
941.0 0.26403735391795635
942.0 0.19945784006267786
943.0 0.20259323064237833
944.0 0.16758041456341743
945.0 0.0234307735809125
946.0 0.01808948436519131
947.0 0.12245986144989729
948.0 1.6011272169214052e-10
949.0 1.6011272169214052e-10
950.0 1.6011272169214052e-10
951.0 1.6011272169214052e-10
952.0 0.08303958456963301
953.0 0.004250715937814675
954.0 0.05032399785704911
955.0 0.04307010676711798
956.0 0.017831087461672723
957.0 1.6011272169214052e-10
958.0 0.016240573313552886
959.0 0.004088522837264463
960.0 0.07279783603735268
961.0 1.6011272169214052e-10
962.0 1.6011272169214052e-10
963.0 1.6011272169214052e-10
964.0 1.6011272169214052e-10
965.0 0.014493009075522423
966.0 0.027958647115156054
967.0 1.6011272169214052e-10
968.0 1.6011272169214052e-10
969.0 1.6011272169214052e-10
970.0 1.6011272169214052e-10
971.0 0.02590046206023544
972.0 1.6011272169214052e-10
973.0 1.6011272169214052e-10
974.0 0.0019384224287932739
975.0 1.6011272169214052e-10
976.0 0.006407399632735178
977.0 0.006365678564179689
978.0 0.006323960406007245
979.0 0.006172728899400681
980.0 0.006021495573804714
981.0 0.005837675053044222
982.0 0.005653855259879492
983.0 0.0055208016419783235
984.0 0.005387749115470797
985.0 0.005128186603542417
986.0 0.004868623727816157
987.0 0.004908898699795827
988.0 0.0049491736717754975
989.0 0.004824563438887708
990.0 0.00469995393359568
991.0 0.004834399442188442
992.0 0.004968845678376965
993.0 0.004914898454444483
994.0 0.00486095086671412
995.0 0.004804652780876495
996.0 0.004748355058836751
997.0 0.0045481810957426205
998.0 0.00434800713264849
999.0 0.004349932714831084
1000.0 0.004351858297013678
1001.0 0.004485891622607596
1002.0 0.004619924584403634
1003.0 0.004522112067206763
1004.0 0.004424299550009891
1005.0 0.0043408705096226186
1006.0 0.004257441105437465
1007.0 0.004292650555726141
1008.0 0.0043278600060148165
1009.0 0.004420687037054449
1010.0 0.004513514068094082
1011.0 0.00453841348644346
1012.0 0.004563312540994957
1013.0 0.004411810004967265
1014.0 0.004260307468939573
1015.0 0.004450574488146231
1016.0 0.004640840779757127
1017.0 0.004853741847909987
1018.0 0.0050666432798607275
1019.0 0.004909656854579225
1020.0 0.004752670429297723
1021.0 0.004730706496047787
1022.0 0.004708742198999971
1023.0 0.004572861871565692
1024.0 0.004436980816535652
1025.0 0.004643190186470747
1026.0 0.004849399556405842
1027.0 0.004772508327732794
1028.0 0.004695616735261865
1029.0 0.004699525379692204
1030.0 0.004703434024122544
1031.0 0.004841963163926266
1032.0 0.004980492303729989
1033.0 0.005045649595558643
1034.0 0.0051108076149830595
1035.0 0.00525332179677207
1036.0 0.0053958356147632
1037.0 0.0055204938689712435
1038.0 0.005645151759381406
1039.0 0.005528673864318989
1040.0 0.005412195241660811
1041.0 0.005770692223450169
1042.0 0.006129189569037408
1043.0 0.005634281478705816
1044.0 0.005139373752172105
1045.0 0.005880149910808541
1046.0 0.006620924978051335
1047.0 0.006242982635740191
1048.0 0.0058650395658332855
1049.0 0.005994284947519191
1050.0 0.006123530329205096
1051.0 0.006456910341512412
1052.0 0.006790292536607012
1053.0 0.006774498615413904
1054.0 0.006758704694220796
1055.0 0.007494175952160731
1056.0 0.008229647210100666
1057.0 0.008104573498712853
1058.0 0.007979500514920801
1059.0 0.008065273868851364
1060.0 0.008151045039994642
1061.0 0.00853386809467338
1062.0 0.00891669187694788
1063.0 0.008986250759335235
1064.0 0.009055811096914113
1065.0 0.00914571646717377
1066.0 0.00923562329262495
1067.0 0.009307040454586968
1068.0 0.00937845979933627
1069.0 0.010274111264152452
1070.0 0.011169764184160158
1071.0 0.010758468852145597
1072.0 0.010347173520131037
1073.0 0.010575800843071193
1074.0 0.010804428166011348
1075.0 0.011590466601774096
1076.0 0.012376510130707175
1077.0 0.012242939556017518
1078.0 0.012109366798540577
1079.0 0.013276237586978823
1080.0 0.01444310910301283
1081.0 0.014291475235950202
1082.0 0.01413984427927062
1083.0 0.014088318857830018
1084.0 0.014036793436389416
1085.0 0.014587682380806655
1086.0 0.015138572780415416
1087.0 0.015160774637479335
1088.0 0.015182980860117823
1089.0 0.016472059360239655
1090.0 0.017761137860361487
1091.0 0.0178131929715164
1092.0 0.017865242261905223
1093.0 0.017556014063302428
1094.0 0.01724678440950811
1095.0 0.018568379164207727
1096.0 0.019889975374098867
1097.0 0.020362924260552973
1098.0 0.0208358746021986
1099.0 0.022675814398098737
1100.0 0.024515748373232782
1101.0 0.024607693194411695
1102.0 0.024699635105207562
1103.0 0.02570557116996497
1104.0 0.02671150432433933
1105.0 0.026685220655053854
1106.0 0.026658934075385332
1107.0 0.027885465533472598
1108.0 0.029112002812325954
1109.0 0.030715312459506094
1110.0 0.03231862501706928
1111.0 0.03201158542651683
1112.0 0.03170455165673047
1113.0 0.03416570834815502
1114.0 0.036626867949962616
1115.0 0.03484359476715326
1116.0 0.033060324494726956
1117.0 0.03377436369191855
1118.0 0.034488405799493194
1119.0 0.03822531725745648
1120.0 0.04196222289465368
1121.0 0.04276682448107749
1122.0 0.04357142897788435
1123.0 0.04457776958588511
1124.0 0.04558411310426891
1125.0 0.04585478745866567
1126.0 0.04612546181306243
1127.0 0.049372861394658685
1128.0 0.05262025515548885
1129.0 0.05584101309068501
1130.0 0.05906177102588117
1131.0 0.0592628784943372
1132.0 0.05946398014202714
1133.0 0.06345754954963923
1134.0 0.06745111895725131
1135.0 0.06557079032063484
1136.0 0.06369046750478446
1137.0 0.06851756479591131
1138.0 0.07334467372857034
1139.0 0.07854629075154662
1140.0 0.08374787284992635
1141.0 0.09406650206074119
1142.0 0.10438511380925775
1143.0 0.12625973904505372
1144.0 0.14813432935625315
1145.0 0.29647836927324533
1146.0 0.4448224790394306
1147.0 0.9496302343904972
1148.0 1.4544379897415638
1149.0 1.6555998474359512
1150.0 1.8567631021142006
