lsstCam/transmission_filter_detector/r21_s21/g_6/19700101T000000.ecsv
# %ECSV 1.0
# ---
# datatype:
# - {name: wavelength, unit: nm, datatype: float32}
# - {name: efficiency, unit: '%', datatype: float64}
# meta: !!omap
# - {MODE: DETECTOR}
# - {TYPE: transmission_filter_detector}
# - {CALIBDATE: '1970-01-01T00:00:00'}
# - {INSTRUME: LSSTCam}
# - {OBSTYPE: transmission_filter_detector}
# - {CALIBCLS: lsst.ip.isr.IntermediateFilterDetectorTransmissionCurve}
# - {SOURCE: Materion (DM-46256)}
# - {DETECTOR: 88}
# - {FILTER: g_6}
# - {CALIB_ID: 'calibDate=1970-01-01T00:00:00 filter=g_6 detector=88'}
# - {DATE: '2025-04-02T15:59:42.436299'}
# - {CALIB_CREATION_DATE: '2025-04-02'}
# - {CALIB_CREATION_TIME: '15:59:42'}
# - __serialized_columns__:
#     efficiency:
#       __class__: astropy.units.quantity.Quantity
#       unit: !astropy.units.Unit {unit: '%'}
#       value: !astropy.table.SerializedColumn {name: efficiency}
#     wavelength:
#       __class__: astropy.units.quantity.Quantity
#       unit: !astropy.units.Unit {unit: nm}
#       value: !astropy.table.SerializedColumn {name: wavelength}
# schema: astropy-2.0
wavelength efficiency
[from data line 609]
909.0 0.00034059926292684395
910.0 0.00036362764603836695
911.0 0.00038665602914988995
912.0 0.0004252450253261486
913.0 0.0004638339760276722
914.0 0.0005105024683871306
915.0 0.000557170915271854
916.0 0.000491732316731941
917.0 0.00042629376366676297
918.0 0.00042915962694678456
919.0 0.00043202549022680614
920.0 0.0004959450507158181
921.0 0.0005598645657300949
922.0 0.0005601589236903237
923.0 0.0005604532816505525
924.0 0.0004788933892996283
925.0 0.00039733340599923395
926.0 0.0005125673851580359
927.0 0.000627801409791573
928.0 0.0006358437076414702
929.0 0.0006438860509661026
930.0 0.0005289068212732673
931.0 0.00041392750063096173
932.0 0.0005147803221916547
933.0 0.0006156332347018179
934.0 0.0005348460035747848
935.0 0.000454058863397222
936.0 0.0005316925125953276
937.0 0.0006093262527429033
938.0 0.0006556466360052582
939.0 0.0007019672466412885
940.0 0.0007092630767147057
941.0 0.0007165588158386527
942.0 0.0007853720489947591
943.0 0.0008541852366761304
944.0 0.0008497102498949971
945.0 0.0008452352631138638
946.0 0.0009282179235015064
947.0 0.0010112005838891491
948.0 0.000982938399829436
949.0 0.0009546762157697231
950.0 0.0009804107321542688
951.0 0.0010061452485388145
952.0 0.001047172372636851
953.0 0.0010881994057854172
954.0 0.0009404289812664501
955.0 0.0007926584657980129
956.0 0.0006991611371631734
957.0 0.0006056638085283339
958.0 0.0007115585503925104
959.0 0.0008174532922566868
960.0 0.0008109785085252952
961.0 0.000804503451945493
962.0 0.0007411315436911536
963.0 0.0006777595899620792
964.0 0.0006223137006600155
965.0 0.0005668676294590114
966.0 0.0006152595233288594
967.0 0.0006636513717239723
968.0 0.0006770471372874454
969.0 0.0006904427209519781
970.0 0.0006545415999426041
971.0 0.0006186403879837599
972.0 0.0007509458555432502
973.0 0.0008832513231027406
974.0 0.000960898250923492
975.0 0.0010385452696937136
976.0 0.0009235377547156531
977.0 0.000808530421636533
978.0 0.0008827249075693544
979.0 0.000956919484451646
980.0 0.0010325477887818124
981.0 0.0011081760021625087
982.0 0.001093313312594546
983.0 0.0010784507139760535
984.0 0.0011452840226411354
985.0 0.001212117240356747
986.0 0.001249467004527105
987.0 0.0012868166777479928
988.0 0.0012826693819079082
989.0 0.0012785218132194132
990.0 0.0012336714462435339
991.0 0.0011888210792676546
992.0 0.001217081899085315
993.0 0.0012453427189029753
994.0 0.0012737702490994707
995.0 0.0013021978702454362
996.0 0.0012555427929328289
997.0 0.0012088876246707514
998.0 0.0012809089639631566
999.0 0.0013529303032555617
1000.0 0.0012662445442401804
1001.0 0.0011795585123763885
1002.0 0.0012395834346534684
1003.0 0.001299608175031608
1004.0 0.0013055730960331857
1005.0 0.0013115381079842336
1006.0 0.001505627096776152
1007.0 0.00169971590366913
1008.0 0.0016010113540687598
1009.0 0.0015023067135189194
1010.0 0.001675467319728341
1011.0 0.001848628198786173
1012.0 0.0019418683223193511
1013.0 0.002035108263953589
1014.0 0.002160378971893806
1015.0 0.0022856494979350828
1016.0 0.0025020850443979725
1017.0 0.0027185205908608623
1018.0 0.0029400831408565864
1019.0 0.003161645872751251
1020.0 0.003402541551622562
1021.0 0.0036434379580896348
1022.0 0.0037824444007128477
1023.0 0.003921450843336061
1024.0 0.004136723146075383
1025.0 0.004351995085016824
1026.0 0.004529680154519156
1027.0 0.004707365224021487
1028.0 0.005039603274781257
1029.0 0.005371841689338908
1030.0 0.005246926593827084
1031.0 0.00512201149831526
1032.0 0.005374012471293099
1033.0 0.005626013444270939
1034.0 0.005636290370603092
1035.0 0.005646567296935245
1036.0 0.005697294545825571
1037.0 0.005748021794715896
1038.0 0.005909427636652254
1039.0 0.006070833478588611
1040.0 0.006237885099835694
1041.0 0.006404936721082777
1042.0 0.00669210494379513
1043.0 0.0069792731665074825
1044.0 0.007361632015090436
1045.0 0.007743990863673389
1046.0 0.008861874812282622
1047.0 0.009979758760891855
1048.0 0.011248318332945928
1049.0 0.012516877905000001
1050.0 0.01486233959440142
1051.0 0.01720780273899436
1052.0 0.02065411099465564
1053.0 0.02410042507108301
1054.0 0.029450852889567614
1055.0 0.03480128652881831
1056.0 0.041506069828756154
1057.0 0.04821085021831095
1058.0 0.05620359443128109
1059.0 0.06419634446501732
1060.0 0.07253195508383214
1061.0 0.08086757152341306
1062.0 0.08895088103599846
1063.0 0.09703416144475341
1064.0 0.10425805812701583
1065.0 0.1114819198846817
1066.0 0.11945811565965414
1067.0 0.12743433471769094
1068.0 0.13570052105933428
1069.0 0.14396674232557416
1070.0 0.15376806259155273
1071.0 0.16356934793293476
1072.0 0.17296435544267297
1073.0 0.18235936295241117
1074.0 0.19250031327828765
1075.0 0.20264126360416412
1076.0 0.2134131733328104
1077.0 0.22418510634452105
1078.0 0.23563122376799583
1079.0 0.247077364474535
1080.0 0.26382552459836006
1081.0 0.28057366143912077
1082.0 0.3062248229980469
1083.0 0.331875984556973
1084.0 0.37525531370192766
1085.0 0.4186346661299467
1086.0 0.45660464093089104
1087.0 0.4945745225995779
1088.0 0.5588345229625702
1089.0 0.623094430193305
1090.0 0.7028755731880665
1091.0 0.7826567627489567
1092.0 0.824158638715744
1093.0 0.8656605146825314
1094.0 0.9169628843665123
1095.0 0.9682652540504932
1096.0 1.0365488938987255
1097.0 1.1048325337469578
1098.0 1.2097928673028946
1099.0 1.3147533871233463
1100.0 1.5094242058694363
1101.0 1.7040949314832687
