lsstCam/transmission_filter_detector/r21_s21/g_6/19700101T000000.ecsv
# %ECSV 1.0
# ---
# datatype:
# - {name: wavelength, unit: nm, datatype: float32}
# - {name: efficiency, unit: '%', datatype: float64}
# meta: !!omap
# - {MODE: DETECTOR}
# - {TYPE: transmission_filter_detector}
# - {CALIBDATE: '1970-01-01T00:00:00'}
# - {INSTRUME: LSSTCam}
# - {OBSTYPE: transmission_filter_detector}
# - {CALIBCLS: lsst.ip.isr.IntermediateFilterDetectorTransmissionCurve}
# - {SOURCE: Materion (DM-46256)}
# - {DETECTOR: 88}
# - {FILTER: g_6}
# - {CALIB_ID: 'calibDate=1970-01-01T00:00:00 filter=g_6 detector=88'}
# - {DATE: '2025-04-02T15:59:42.436299'}
# - {CALIB_CREATION_DATE: '2025-04-02'}
# - {CALIB_CREATION_TIME: '15:59:42'}
# - __serialized_columns__:
#     efficiency:
#       __class__: astropy.units.quantity.Quantity
#       unit: !astropy.units.Unit {unit: '%'}
#       value: !astropy.table.SerializedColumn {name: efficiency}
#     wavelength:
#       __class__: astropy.units.quantity.Quantity
#       unit: !astropy.units.Unit {unit: nm}
#       value: !astropy.table.SerializedColumn {name: wavelength}
# schema: astropy-2.0
wavelength efficiency
300.0 0.39408872835338116
301.0 0.3229094436392188
302.0 0.2517301356419921
303.0 0.23111412301659584
304.0 0.2104981103911996
305.0 0.21411902271211147
306.0 0.217739911749959
307.0 0.21454559173434973
308.0 0.21135127171874046
309.0 0.20854512695223093
310.0 0.20573895890265703
311.0 0.2032281132414937
312.0 0.200717244297266
313.0 0.19117511110380292
314.0 0.18163297791033983
315.0 0.18103253096342087
316.0 0.1804320956580341
317.0 0.17447989666834474
318.0 0.16852772096171975
319.0 0.16089503187686205
320.0 0.15326234279200435
321.0 0.14213542453944683
322.0 0.13100852956995368
323.0 0.11643999023362994
324.0 0.10187143925577402
325.0 0.09158388711512089
326.0 0.08129633497446775
327.0 0.07218265673145652
328.0 0.06306898430921137
329.0 0.0607103924266994
330.0 0.058351794723421335
331.0 0.05421806708909571
332.0 0.05008433945477009
333.0 0.04704136517830193
334.0 0.04399838799145073
335.0 0.041903252713382244
336.0 0.039808114524930716
337.0 0.040413354872725904
338.0 0.04101859231013805
339.0 0.03997082822024822
340.0 0.03892306121997535
341.0 0.03720863605849445
342.0 0.0354942079866305
343.0 0.03255482588429004
344.0 0.029615446692332625
345.0 0.026258715661242604
346.0 0.02290198317496106
347.0 0.021083012688905
348.0 0.019264043658040464
349.0 0.017778974142856896
350.0 0.7017831783741713
351.0 0.8984655141830444
352.0 0.8429615758359432
353.0 1.2307855300605297
354.0 0.7896915078163147
355.0 0.660831993445754
356.0 0.5603406112641096
357.0 1.014738529920578
358.0 0.676402822136879
359.0 0.8200518786907196
360.0 0.5380420479923487
361.0 0.9008402936160564
362.0 0.5464132875204086
363.0 0.8140746504068375
364.0 0.635200273245573
365.0 0.7446927484124899
366.0 0.5011227913200855
367.0 0.6424486637115479
368.0 0.4802487790584564
369.0 0.7439199835062027
370.0 0.5238294135779142
371.0 0.6560658104717731
372.0 0.421479856595397
373.0 0.5522608291357756
374.0 0.41375532746315
375.0 0.6359430029988289
376.0 0.4367968998849392
377.0 0.5327361170202494
378.0 0.40576793253421783
379.0 0.545893469825387
380.0 0.43752435594797134
381.0 0.5668625701218843
382.0 0.5348898470401764
383.0 0.5569169763475657
384.0 0.610407255589962
385.0 0.6545688956975937
386.0 0.6277649197727442
387.0 0.7947041653096676
388.0 0.9190715849399567
389.0 1.2207545340061188
390.0 1.692563109099865
391.0 2.654520981013775
392.0 4.159757494926453
393.0 6.656316667795181
394.0 10.064470022916794
395.0 14.682668447494507
396.0 20.32453864812851
397.0 27.561211585998535
398.0 36.05409264564514
399.0 45.37535309791565
400.0 54.900288581848145
401.0 63.979923725128174
402.0 72.45702743530273
403.0 79.79186177253723
404.0 85.1730465888977
405.0 89.27774429321289
406.0 91.67225956916809
407.0 93.55653524398804
408.0 94.70095634460449
409.0 95.21927833557129
410.0 95.40603756904602
411.0 95.33835053443909
412.0 94.91556286811829
413.0 94.71548199653625
414.0 94.57384943962097
415.0 94.66112852096558
416.0 95.05453705787659
417.0 95.43158411979675
418.0 95.89133262634277
419.0 96.49515151977539
420.0 97.01392650604248
421.0 97.57702350616455
422.0 97.73076176643372
423.0 97.9609727859497
424.0 97.73377776145935
425.0 97.63267636299133
426.0 97.59946465492249
427.0 97.60331511497498
428.0 97.41228222846985
429.0 97.1914291381836
430.0 97.0673680305481
431.0 97.04650044441223
432.0 97.11011052131653
433.0 97.15299010276794
434.0 97.24277853965759
435.0 97.4121630191803
436.0 97.49240279197693
437.0 97.43530750274658
438.0 97.54283428192139
439.0 97.58235216140747
440.0 97.55241274833679
441.0 97.73433208465576
442.0 97.67341017723083
443.0 97.64184355735779
444.0 97.59035110473633
445.0 97.33027815818787
446.0 97.19350934028625
447.0 97.08454012870789
448.0 97.13448286056519
449.0 97.32980132102966
450.0 97.57052659988403
451.0 97.80789017677307
452.0 97.99269437789917
453.0 98.09557795524597
454.0 98.1159508228302
455.0 98.35452437400818
456.0 98.39555025100708
457.0 98.5433280467987
458.0 98.59716296195984
459.0 98.65147471427917
460.0 98.73456358909607
461.0 98.85655641555786
462.0 98.71739745140076
463.0 98.67438077926636
464.0 98.7696647644043
465.0 98.70808720588684
466.0 98.77583980560303
467.0 98.71789813041687
468.0 98.75357151031494
469.0 98.78013134002686
470.0 98.65682125091553
471.0 98.50502610206604
472.0 98.5674798488617
473.0 98.44863414764404
474.0 98.31779599189758
475.0 98.377126455307
476.0 98.34361672401428
477.0 98.39978814125061
478.0 98.49581122398376
479.0 98.44667911529541
480.0 98.60907196998596
481.0 98.72909188270569
482.0 98.85064363479614
483.0 98.7683892250061
484.0 98.96564483642578
485.0 98.99031519889832
486.0 98.97334575653076
487.0 99.01050329208374
488.0 99.02076721191406
489.0 99.11890029907227
490.0 99.03638362884521
491.0 99.04391765594482
492.0 98.95245432853699
493.0 98.99359345436096
494.0 98.8788902759552
495.0 98.97403717041016
496.0 98.74348640441895
497.0 98.67237210273743
498.0 98.5044002532959
499.0 98.58148097991943
500.0 98.46784472465515
501.0 98.44515323638916
502.0 98.32618832588196
503.0 98.40791821479797
504.0 98.35848808288574
505.0 98.393714427948
506.0 98.36069345474243
507.0 98.36401343345642
508.0 98.35864901542664
509.0 98.30042123794556
510.0 98.27462434768677
511.0 98.24764132499695
512.0 98.1687605381012
513.0 98.26396107673645
514.0 98.24113249778748
515.0 98.2467770576477
516.0 98.37046265602112
517.0 98.36533665657043
518.0 98.42312335968018
519.0 98.45693707466125
520.0 98.51373434066772
521.0 98.6332356929779
522.0 98.6692726612091
523.0 98.66127967834473
524.0 98.68271350860596
525.0 98.67817759513855
526.0 98.78208041191101
527.0 98.81263971328735
528.0 98.87187480926514
529.0 98.97180795669556
530.0 98.98498058319092
531.0 99.18220639228821
532.0 98.96711707115173
533.0 98.95727634429932
534.0 98.990797996521
535.0 98.76498579978943
536.0 98.44784736633301
537.0 97.85218238830566
538.0 97.08808064460754
539.0 95.67426443099976
540.0 93.87229681015015
541.0 91.15738868713379
542.0 88.3477509021759
543.0 84.60125923156738
544.0 79.8663318157196
545.0 75.76420903205872
546.0 70.7226574420929
547.0 66.09892249107361
548.0 61.50153875350952
549.0 57.35985040664673
550.0 54.11055088043213
551.0 51.01112723350525
552.0 48.608458042144775
553.0 46.103495359420776
554.0 43.22097599506378
555.0 40.001463890075684
556.0 35.71986258029938
557.0 30.770716071128845
558.0 25.325828790664673
559.0 19.989241659641266
560.0 14.863945543766022
561.0 10.119393467903137
562.0 6.500758230686188
563.0 3.826715797185898
564.0 2.1004097536206245
565.0 1.0381950996816158
566.0 0.5462481640279293
567.0 0.28092938009649515
568.0 0.1776427961885929
569.0 0.10169988963752985
570.0 0.08627800270915031
571.0 0.05847472348250449
572.0 0.0647456618025899
573.0 0.04393886774778366
574.0 0.047813018318265676
575.0 0.0330561917508021
576.0 0.04164502606727183
577.0 0.029938147054053843
578.0 0.0357506942236796
579.0 0.028190654120408
580.0 0.031688183662481606
581.0 0.0235534185776487
582.0 0.030700568458996713
583.0 0.018855479720514268
584.0 0.02031492767855525
585.0 0.020927943114656955
586.0 0.03487435169517994
587.0 0.013271495117805898
588.0 0.03038263530470431
589.0 0.02368871500948444
590.0 0.02098228724207729
591.0 0.017677369760349393
592.0 0.019095875904895365
593.0 0.01607660233275965
594.0 0.01896785688586533
595.0 0.020235525153111666
596.0 0.017405880498699844
597.0 0.010187982115894556
598.0 0.005605896512861364
599.0 0.00880930820130743
600.0 0.014016615750733763
601.0 0.0020230143491062336
602.0 0.002046225927188061
603.0 0.0020694373233709484
604.0 0.0019832355974358507
605.0 0.0018970340533996932
606.0 0.0019818146029138006
607.0 0.0020665953343268484
608.0 0.0019201068425900303
609.0 0.0017736181689542718
610.0 0.0018761837054626085
611.0 0.0019787494238698855
612.0 0.0017923110135598108
613.0 0.0016058724213507958
614.0 0.0016569878425798379
615.0 0.0017081034457078204
616.0 0.0016562338714720681
617.0 0.0016043641153373756
618.0 0.0016969064745353535
619.0 0.0017894488337333314
620.0 0.0016756339391577058
621.0 0.0015618192264810205
622.0 0.001562508987262845
623.0 0.001563198384246789
624.0 0.0014505141734844074
625.0 0.0013378298717725556
626.0 0.0012897898159280885
627.0 0.0012417498510330915
628.0 0.0014247144463297445
629.0 0.0016076790416263975
630.0 0.0015004713532107417
631.0 0.001393263300997205
632.0 0.0013427743397187442
633.0 0.0012922853784402832
634.0 0.0013409696293820161
635.0 0.0013896535165258683
636.0 0.0014115748854237609
637.0 0.0014334967090690043
638.0 0.0012583624084072653
639.0 0.0010832281077455264
640.0 0.0011075178917963058
641.0 0.0011318073120492045
642.0 0.0011554197953955736
643.0 0.001179032369691413
644.0 0.0011328987966408022
645.0 0.0010867651326407213
646.0 0.0011441909009590745
647.0 0.0012016166692774277
648.0 0.0012298875844862778
649.0 0.0012581583177961875
650.0 0.0012473194146878086
651.0 0.0012364805115794297
652.0 0.0012196240277262405
653.0 0.0012027677257719915
654.0 0.0011496402294142172
655.0 0.0010965130059048533
656.0 0.0011179254215676337
657.0 0.0011393380191293545
658.0 0.0010726384971349034
659.0 0.001005939247988863
660.0 0.0009748735465109348
661.0 0.0009438077540835366
662.0 0.001078178047464462
663.0 0.0012125484317948576
664.0 0.0012186442290840205
665.0 0.0012247397535247728
666.0 0.0011706109944498166
667.0 0.00111648196252645
668.0 0.0011400730727473274
669.0 0.0011636644558166154
670.0 0.0011743156392185483
671.0 0.0011849665497720707
672.0 0.001159982548415428
673.0 0.0011349982742103748
674.0 0.0010728716006269678
675.0 0.0010107448360940907
676.0 0.0010439744983159471
677.0 0.0010772037967399228
678.0 0.00107059504443896
679.0 0.0010639863830874674
680.0 0.0010454152288730256
681.0 0.001026844165608054
682.0 0.0010582343747955747
683.0 0.0010896244930336252
684.0 0.0010434308023832273
685.0 0.000997236929833889
686.0 0.0009965455319616012
687.0 0.0009958541340893134
688.0 0.001015262841974618
689.0 0.001034671367960982
690.0 0.001109917229769053
691.0 0.001185163182526594
692.0 0.0010860189831873868
693.0 0.0009868746928987093
694.0 0.0010791420208988711
695.0 0.0011714092579495627
696.0 0.0011715183973137755
697.0 0.0011716273547790479
698.0 0.001160374995379243
699.0 0.0011491223631310277
700.0 0.0011853066098410636
701.0 0.0012214909475005697
702.0 0.001244369923369959
703.0 0.001267248717340408
704.0 0.0012108976989111397
705.0 0.0011545464985829312
706.0 0.0011427079698478337
707.0 0.0011308694411127362
708.0 0.0011403731150494423
709.0 0.0011498768799356185
710.0 0.0012521402823040262
711.0 0.0013544040484703146
712.0 0.001301479096582625
713.0 0.0012485543265938759
714.0 0.0012501966011768673
715.0 0.0012518389667093288
716.0 0.0014444231965171639
717.0 0.0016370075172744691
718.0 0.0018988732335856184
719.0 0.002160739131795708
720.0 0.0019075099771725945
721.0 0.001654280822549481
722.0 0.0016832302208058536
723.0 0.001712179437163286
724.0 0.0018203912986791693
725.0 0.0019286031601950526
726.0 0.001955878542503342
727.0 0.001983153742912691
728.0 0.0021135176211828366
729.0 0.0022438816813519225
730.0 0.0021931435185251758
731.0 0.0021424055375973694
732.0 0.0019458397218841128
733.0 0.001749274269968737
734.0 0.0014645774172095116
735.0 0.001179880382551346
736.0 0.001120538672694238
737.0 0.0010611970537866
738.0 0.0010307168849976733
739.0 0.0010002368071582168
740.0 0.0008961833373177797
741.0 0.0007921297765278723
742.0 0.000838639880385017
743.0 0.0008851500751916319
744.0 0.000896956589713227
745.0 0.0009087632861337624
746.0 0.0007956688932608813
747.0 0.0006825746368122054
748.0 0.0007931967957119923
749.0 0.0009038190000865143
750.0 0.0008683962732902728
751.0 0.0008329736374435015
752.0 0.0009388523722009268
753.0 0.0010447310160088819
754.0 0.0009530987881589681
755.0 0.0008614666512585245
756.0 0.0008879568667907733
757.0 0.0009144472642219625
758.0 0.0008619354048278183
759.0 0.0008094236363831442
760.0 0.0008103794243652374
761.0 0.0008113351213978603
762.0 0.0007827359695511404
763.0 0.0007541369541286258
764.0 0.000871676456881687
765.0 0.0009892161870084237
766.0 0.0007910663043730892
767.0 0.0005929162398388144
768.0 0.0006103959094616584
769.0 0.0006278754426602973
770.0 0.0006524713626276935
771.0 0.0006770672371203545
772.0 0.000678478727422771
773.0 0.0006798900813009823
774.0 0.0006745211976522114
775.0 0.0006691522685287055
776.0 0.0007212273885670584
777.0 0.0007733024176559411
778.0 0.0007329360414587427
779.0 0.0006925697107362794
780.0 0.0005893196430406533
781.0 0.0004860694843955571
782.0 0.0005736283583246404
783.0 0.0006611871867789887
784.0 0.0006151217348815408
785.0 0.000569056373933563
786.0 0.0005167818471818464
787.0 0.00046450741137959994
788.0 0.0004646148681786144
789.0 0.00046472241592709906
790.0 0.0005171545126358978
791.0 0.0005695867002941668
792.0 0.00045270176087797154
793.0 0.0003358168896738789
794.0 0.0003787146624745219
795.0 0.00042161241253779735
796.0 0.000407945663027931
797.0 0.00039427891351806466
798.0 0.0003472804337434354
799.0 0.0003002819539688062
800.0 0.0004114210241823457
801.0 0.0005225601398706203
802.0 0.0004163023277214961
803.0 0.00031004449283500435
804.0 0.0002903622089434066
805.0 0.00027067994778917637
806.0 0.0003462060249148635
807.0 0.00042173214751528576
808.0 0.0004146312676311936
809.0 0.0004075303422723664
810.0 0.000406074786951649
811.0 0.0004046191861561965
812.0 0.00041712414713401813
813.0 0.00042962910811183974
814.0 0.00043770305637735873
815.0 0.00044577695916814264
816.0 0.0004287677711545257
817.0 0.00041175853766617365
818.0 0.0004092165454494534
819.0 0.00040667455323273316
820.0 0.0005087754743726691
821.0 0.0006108764409873402
822.0 0.0005493992375704693
823.0 0.0004879219432041282
824.0 0.0004378966423246311
825.0 0.00038787125049566384
826.0 0.0004679100129578728
827.0 0.0005479487299453467
828.0 0.0004685781732405303
829.0 0.0003892076165357139
830.0 0.000444145825895248
831.0 0.000499083989780047
832.0 0.0005980258720228449
833.0 0.0006969677087909076
834.0 0.0005013710506318603
835.0 0.000305774437947548
836.0 0.0005061970114184078
837.0 0.0007066195848892676
838.0 0.0006498491529782768
839.0 0.0005930787210672861
840.0 0.0005482025699166115
841.0 0.0005033263732912019
842.0 0.00044333082769298926
843.0 0.00038333519114530645
844.0 0.00038168104765645694
845.0 0.00038002697237971006
846.0 0.00045628003135789186
847.0 0.0005325331585481763
848.0 0.000421058211941272
849.0 0.00030958321985963266
850.0 0.0003397840828256449
851.0 0.000369984900316922
852.0 0.000340073984261835
853.0 0.00031016299999464536
854.0 0.0004723724941868568
855.0 0.0006345820111164358
856.0 0.0005482439519255422
857.0 0.00046190593820938375
858.0 0.0005530303496925626
859.0 0.0006441547611757414
860.0 0.0005888338364457013
861.0 0.0005335129571903963
862.0 0.0005941973540757317
863.0 0.0006548817054863321
864.0 0.0006256560482142959
865.0 0.0005964302999927895
866.0 0.0005645415967592271
867.0 0.0005326528935256647
868.0 0.00048197939577221405
869.0 0.0004313058980187634
870.0 0.0004510608505370328
871.0 0.00047081575758056715
872.0 0.00042716505959106144
873.0 0.00038351427065208554
874.0 0.000506657761434326
875.0 0.0006298012067418313
876.0 0.000585054476687219
877.0 0.0005403077011578716
878.0 0.0005675172360497527
879.0 0.0005947267254668986
880.0 0.0007238113994390005
881.0 0.0008528962098353077
882.0 0.0006127445431047818
883.0 0.00037259301279846113
884.0 0.00043287773223710246
885.0 0.0004931624971504789
886.0 0.0005450613116408931
887.0 0.0005969601716060424
888.0 0.0006698619017697638
889.0 0.000742763540984015
890.0 0.0005930245606577955
891.0 0.0004432854439073708
892.0 0.0005530879661819199
893.0 0.0006628906703554094
894.0 0.0005291342858981807
895.0 0.00039537794691568706
896.0 0.0003629563707363559
897.0 0.00033053481729439227
898.0 0.0003214410526197753
899.0 0.00031234726520779077
900.0 0.00031868730729911476
901.0 0.00032502734939043876
902.0 0.0003724299176610657
903.0 0.00041983248593169264
904.0 0.0004497973350225948
905.0 0.0004797621386387618
906.0 0.0005460204192786478
907.0 0.0006122786999185337
