lsstCam/transmission_sensor/r13_s02/19700101T000000.ecsv
# %ECSV 1.0
# ---
# datatype:
# - {name: amp_name, datatype: string}
# - {name: wavelength, unit: nm, datatype: float32}
# - {name: efficiency, unit: '%', datatype: float64}
# meta: !!omap
# - {MODE: AMP}
# - {TYPE: transmission_sensor}
# - {CALIBDATE: '1970-01-01T00:00:00'}
# - {INSTRUME: LSSTCam}
# - {OBSTYPE: transmission_sensor}
# - {DETECTOR: 56}
# - {PARQUETFILE: qe_raft_allvalues_nircorrected_20230725_adjust.parquet}
# - {CORRFILE: qe_corr_factor_bydetnum.parquet}
# - {CALIBCLS: lsst.ip.isr.IntermediateSensorTransmissionCurve}
# - {CALIB_ID: 'raftName=R13 detectorName=S02 detector=56 calibDate=1970-01-01T00:00:00 ccd=56 ccdnum=56 filter=None'}
# - {DATE: '2025-03-03T21:56:47.687386'}
# - {CALIB_CREATION_DATE: '2025-03-03'}
# - {CALIB_CREATION_TIME: '21:56:47'}
# - __serialized_columns__:
#     efficiency:
#       __class__: astropy.units.quantity.Quantity
#       unit: !astropy.units.Unit {unit: '%'}
#       value: !astropy.table.SerializedColumn {name: efficiency}
#     wavelength:
#       __class__: astropy.units.quantity.Quantity
#       unit: !astropy.units.Unit {unit: nm}
#       value: !astropy.table.SerializedColumn {name: wavelength}
# schema: astropy-2.0
amp_name wavelength efficiency
C00 319.994 42.15737044534698
C00 324.969 47.6594279701574
C00 349.982 73.41875626868062
C00 374.975 80.35801218763376
C00 400.019 85.67938418657963
C00 424.965 86.61971926949305
C00 450.035 87.76383891259519
C00 475.003 89.72408637445926
C00 500.018 92.30801918128407
C00 525.002 92.87267239205991
C00 550.029 94.47488291886451
C00 575.023 95.89690651487729
C00 599.982 97.07674231189246
C00 619.997 97.7067609560978
C00 624.979 97.5940175725501
C00 650.012 98.08390435883027
C00 675.004 98.49079599887989
C00 700.03 98.59905583284217
C00 725.012 98.59799774558857
C00 750.022 98.57391293932668
C00 774.987 99.06576365734375
C00 799.976 98.13262965746566
C00 824.988 96.83129651761038
C00 850.022 94.56382314527536
C00 869.967 91.4335823814962
C00 875.002 91.09755213888398
C00 899.999 83.25556510128222
C00 919.999 74.54792567173905
C00 925.012 71.15907772618512
C00 949.965 57.8878813293628
C00 975.002 43.24385097561251
C00 999.976 26.33892413720429
C00 1025.028 11.557960926739828
C00 1050.014 4.040779081992396
C00 1075.002 0.9391088245364682
C00 1099.99 0.09317751482896137
C01 319.994 42.3633092407355
C01 324.969 47.88910902557463
C01 349.982 73.72037203306591
C01 374.975 80.63177513719215
C01 400.019 85.87838832378085
C01 424.965 86.77993956095965
C01 450.035 87.90249401564841
C01 475.003 89.85053921947272
C01 500.018 92.41941521631459
C01 525.002 92.97392905858827
C01 550.029 94.57088720981741
C01 575.023 95.98704945917355
C01 599.982 97.16207438464716
C01 619.997 97.78926892546336
C01 624.979 97.6727727576277
C01 650.012 98.16273566529303
C01 675.004 98.56780039209902
C01 700.03 98.6835505703602
C01 725.012 98.71182205280542
C01 750.022 98.71986808321591
C01 774.987 99.24250990152672
C01 799.976 98.32502645843574
C01 824.988 97.03231787151812
C01 850.022 94.77149750824535
C01 869.967 91.65829271046304
C01 875.002 91.33468547790754
C01 899.999 83.46967172129747
C01 919.999 74.69299780756053
C01 925.012 71.2832773781981
C01 949.965 58.06533930849693
C01 975.002 43.43875978229259
C01 999.976 26.471166013558513
C01 1025.028 11.534776255857349
C01 1050.014 4.028710512135302
C01 1075.002 0.9404991989606873
C01 1099.99 0.09331546650202166
C02 319.994 42.53425884143919
C02 324.969 48.08099961933347
C02 349.982 73.97008062491646
C02 374.975 80.81246446912596
C02 400.019 85.97027444779708
C02 424.965 86.83385633806236
C02 450.035 87.93514247773984
C02 475.003 89.87026227036544
C02 500.018 92.43103133968869
C02 525.002 92.98071147400526
C02 550.029 94.56940284280697
C02 575.023 95.98018331023289
C02 599.982 97.15006243007026
C02 619.997 97.7731997010579
C02 624.979 97.65786057827655
C02 650.012 98.14277663810634
C02 675.004 98.54790987415896
C02 700.03 98.67369285098309
C02 725.012 98.73032716153571
C02 750.022 98.77539863368384
C02 774.987 99.33191446838701
C02 799.976 98.43301986755
C02 824.988 97.13718269170265
C02 850.022 94.89693793883629
C02 869.967 91.8086248339985
C02 875.002 91.49484487226601
C02 899.999 83.57404175247852
C02 919.999 74.80863380374399
C02 925.012 71.38748755447033
C02 949.965 58.18677575422892
C02 975.002 43.60968654658075
C02 999.976 26.599299238149186
C02 1025.028 11.549205064412792
C02 1050.014 4.024466744913114
C02 1075.002 0.9410276706919339
C02 1099.99 0.09336790098169895
C03 319.994 42.87811436244497
C03 324.969 48.46838896050732
C03 349.982 74.47941642510281
C03 374.975 81.17003706373602
C03 400.019 86.16923291216722
C03 424.965 86.97200903997359
C03 450.035 88.04879170577084
C03 475.003 89.97004218202186
C03 500.018 92.52271954810351
C03 525.002 93.05899470649493
C03 550.029 94.64407030950194
C03 575.023 96.04573904712525
C03 599.982 97.21117267806979
C03 619.997 97.8250916493156
C03 624.979 97.70985909647345
C03 650.012 98.18645508890619
C03 675.004 98.58654908926181
C03 700.03 98.71947225201313
C03 725.012 98.79359925687353
C03 750.022 98.87475987772193
C03 774.987 99.46425910861119
C03 799.976 98.57797782129376
C03 824.988 97.27815188486447
C03 850.022 95.05228646165321
C03 869.967 91.98123768696775
C03 875.002 91.65858197172662
C03 899.999 83.62207434650904
C03 919.999 74.90468376752798
C03 925.012 71.49684353637879
C03 949.965 58.31641427921096
C03 975.002 43.74471827170076
C03 999.976 26.580662820029502
C03 1025.028 11.537941953962331
C03 1050.014 4.021625038453681
C03 1075.002 0.9419737841563938
C03 1099.99 0.09346177349046607
C04 319.994 43.13254628624417
C04 324.969 48.754373198451766
C04 349.982 74.79432298333552
C04 374.975 81.31436320998301
C04 400.019 86.24748569610283
C04 424.965 87.03337048854411
C04 450.035 88.11080018611514
C04 475.003 90.03244649356895
C04 500.018 92.58562626079261
C04 525.002 93.11918388573412
C04 550.029 94.69660928953343
C04 575.023 96.09004930542186
C04 599.982 97.2436688973909
C04 619.997 97.85235832947681
C04 624.979 97.7329695490054
C04 650.012 98.20284402312929
C04 675.004 98.5993222576902
C04 700.03 98.73232154182668
C04 725.012 98.83222324769935
C04 750.022 98.94111488915838
C04 774.987 99.5554905887151
C04 799.976 98.67581663762881
C04 824.988 97.3721541833879
C04 850.022 95.15661082000317
C04 869.967 92.11144331626916
C04 875.002 91.79451954132995
C04 899.999 83.61519297329136
C04 919.999 74.99226142114463
C04 925.012 71.62672945586257
C04 949.965 58.41518558251412
C04 975.002 43.76560217371704
C04 999.976 26.61706406640889
C04 1025.028 11.524800548333262
C04 1050.014 4.011826788908729
C04 1075.002 0.9426055908915199
C04 1099.99 0.09352446077429637
C05 319.994 43.25497992212164
C05 324.969 48.89465349307797
C05 349.982 74.92200138264992
C05 374.975 81.31303869788138
C05 400.019 86.17600771544569
C05 424.965 86.94462056559613
C05 450.035 88.01861718869684
C05 475.003 89.93660966966338
C05 500.018 92.48553425145707
C05 525.002 93.01531625569507
C05 550.029 94.58583744986115
C05 575.023 95.97322581563006
C05 599.982 97.12068718754036
C05 619.997 97.72305093252018
C05 624.979 97.60341095147777
C05 650.012 98.06187482996745
C05 675.004 98.45587150737245
C05 700.03 98.5886119787994
C05 725.012 98.69630090237305
C05 750.022 98.81407590947926
C05 774.987 99.43855291684557
C05 799.976 98.57038090705565
C05 824.988 97.27427730636028
C05 850.022 95.0853231428089
C05 869.967 92.05600411146342
C05 875.002 91.69335422046377
C05 899.999 83.39995975677586
C05 919.999 75.03743946323198
C05 925.012 71.64657430097154
C05 949.965 58.426093777006315
C05 975.002 43.799080358906615
C05 999.976 26.661229694073715
C05 1025.028 11.505879626536574
C05 1050.014 4.012471917647886
C05 1075.002 0.9413951864509793
C05 1099.99 0.09340436555768165
C06 319.994 43.45927068952163
C06 324.969 49.12631370450914
C06 349.982 75.2052642810752
C06 374.975 81.45894816893953
C06 400.019 86.21635966171443
C06 424.965 86.95111371974954
C06 450.035 88.01112684439794
C06 475.003 89.92270990473473
C06 500.018 92.46831559413583
C06 525.002 92.99365210948099
C06 550.029 94.55701028130433
C06 575.023 95.93638306521679
C06 599.982 97.07777756273052
C06 619.997 97.6735263593407
C06 624.979 97.55081107433817
C06 650.012 98.00294926572178
C06 675.004 98.38637268272925
C06 700.03 98.51682951260166
C06 725.012 98.6099259666418
C06 750.022 98.71287252792051
C06 774.987 99.31328756544046
C06 799.976 98.43892688703775
C06 824.988 97.16668734058732
C06 850.022 94.98729402301096
C06 869.967 91.9249915954794
C06 875.002 91.54272522352623
C06 899.999 83.43129131890416
C06 919.999 75.28147701188875
C06 925.012 71.84496185495304
C06 949.965 58.468763619452915
C06 975.002 43.91889161306562
C06 999.976 26.649461327929313
C06 1025.028 11.51450132492228
C06 1050.014 4.017423137993326
C06 1075.002 0.9404312144393484
C06 1099.99 0.09330872114027051
C07 319.994 43.611425920231454
C07 324.969 49.30074966465277
C07 349.982 75.38959982735777
C07 374.975 81.50733092134175
C07 400.019 86.22691769783493
C07 424.965 86.9538084167839
C07 450.035 88.01661519626735
C07 475.003 89.93619861418355
C07 500.018 92.48226864403408
C07 525.002 93.00532912996321
C07 550.029 94.56517049379255
C07 575.023 95.94042511076833
C07 599.982 97.07219786519893
C07 619.997 97.6615067926253
C07 624.979 97.53940047870398
C07 650.012 97.98537283789032
C07 675.004 98.35656354830397
C07 700.03 98.46854571800014
C07 725.012 98.51325941963806
C07 750.022 98.55307090407223
C07 774.987 99.09003876706852
C07 799.976 98.19730238629026
C07 824.988 96.95684351814053
C07 850.022 94.74238107842494
C07 869.967 91.75990714750161
C07 875.002 91.40868307641318
C07 899.999 83.57870038124979
C07 919.999 75.31308261100361
C07 925.012 71.81306699457461
C07 949.965 58.49831013509942
C07 975.002 43.89933222315097
C07 999.976 26.515632320694685
C07 1025.028 11.513271013034771
C07 1050.014 4.03050602530756
C07 1075.002 0.9389096428183141
C07 1099.99 0.0931577522018706
C10 319.994 41.361315835849474
C10 324.969 46.75327519524621
C10 349.982 71.66887786682089
C10 374.975 78.59035183020266
C10 400.019 84.9639268996804
C10 424.965 86.44126029414416
C10 450.035 87.88203258731973
C10 475.003 90.02918849828447
C10 500.018 92.73265471621248
C10 525.002 93.36737004988166
C10 550.029 95.01509355286825
C10 575.023 96.46243512158237
C10 599.982 97.65731250430346
C10 619.997 98.28875461841112
C10 624.979 98.17444313432931
C10 650.012 98.65975502536187
C10 675.004 99.0446704215183
C10 700.03 99.04271410191991
C10 725.012 98.74891600378967
C10 750.022 98.36690844454604
C10 774.987 98.519508985359
C10 799.976 97.47422534873738
C10 824.988 96.26101793647184
C10 850.022 93.99912426166843
C10 869.967 90.88054529409445
C10 875.002 90.62247857415427
C10 899.999 82.89832744076682
C10 919.999 75.26505001697309
C10 925.012 71.92951748957918
C10 949.965 57.917089104845374
C10 975.002 43.36747210509834
C10 999.976 26.312298779712968
C10 1025.028 11.394275209214204
C10 1050.014 4.046419676632112
C10 1075.002 0.937136708352673
C10 1099.99 0.09298184327295111
C11 319.994 41.632186172772116
C11 324.969 47.056991909861665
C11 349.982 72.1271590539862
C11 374.975 79.01517005645543
C11 400.019 85.20488153223855
C11 424.965 86.59283319625757
C11 450.035 87.98752921500102
C11 475.003 90.10296534477318
C11 500.018 92.78715762798086
C11 525.002 93.40706735223809
C11 550.029 95.04440789829005
C11 575.023 96.48771503359114
C11 599.982 97.675185805537
C11 619.997 98.30626253699593
C11 624.979 98.18998712117721
C11 650.012 98.67250535737473
C11 675.004 99.06054173032237
C11 700.03 99.06867910639505
C11 725.012 98.81446412854352
C11 750.022 98.4776193871102
C11 774.987 98.67514676943948
C11 799.976 97.65056814957904
C11 824.988 96.42872857223735
C11 850.022 94.19958231732606
C11 869.967 91.13882515391306
C11 875.002 90.78411472338469
C11 899.999 82.97608543569895
C11 919.999 75.2173828055913
C11 925.012 71.96272924992073
C11 949.965 57.95981603833084
C11 975.002 43.24041028900366
C11 999.976 26.38277386112074
C11 1025.028 11.446399327696605
C11 1050.014 4.012486190407603
C11 1075.002 0.9381914453773457
C11 1099.99 0.09308649331157215
C12 319.994 41.907334531540265
C12 324.969 47.36774224046511
C12 349.982 72.5612336406734
C12 374.975 79.35282929670988
C12 400.019 85.38753479590926
C12 424.965 86.70979370454266
C12 450.035 88.0693901525928
C12 475.003 90.16817092329384
C12 500.018 92.84054155538752
C12 525.002 93.44999981346346
C12 550.029 95.08016972503415
C12 575.023 96.5162529408844
C12 599.982 97.69910314475156
C12 619.997 98.3221338458
C12 624.979 98.20483079128174
C12 650.012 98.68569719342146
C12 675.004 99.07036138900689
C12 700.03 99.08910247403117
C12 725.012 98.86576232999704
C12 750.022 98.57785602707752
C12 774.987 98.82120848326794
C12 799.976 97.81470869238095
C12 824.988 96.59241999886686
C12 850.022 94.374052532093
C12 869.967 91.31333342937258
C12 875.002 90.98178673634577
C12 899.999 83.12405018415619
C12 919.999 75.4166685919176
C12 925.012 72.08096098533784
C12 949.965 58.132626806901484
C12 975.002 43.453447403557554
C12 999.976 26.42369100867423
C12 1025.028 11.429750629246687
C12 1050.014 4.017446925926186
C12 1075.002 0.939146394121968
C12 1099.99 0.09318124244872018
C13 319.994 42.13633430056039
C13 324.969 47.6268670476589
C13 349.982 72.91781665727648
C13 374.975 79.60058918110057
C13 400.019 85.45058613923015
C13 424.965 86.69046648485272
C13 450.035 88.0060799965624
C13 475.003 90.07987011651826
C13 500.018 92.73016554691803
C13 525.002 93.32757378972451
C13 550.029 94.94882988709398
C13 575.023 96.37226172873206
C13 599.982 97.54868728769246
C13 619.997 98.1664427767499
C13 624.979 98.04993899677572
C13 650.012 98.52298773266041
C13 675.004 98.9057717300326
C13 700.03 98.93658566674188
C13 725.012 98.75299611003379
C13 750.022 98.5152918606216
C13 774.987 98.8145554742057
C13 799.976 97.82717737526875
C13 824.988 96.61534014793594
C13 850.022 94.40506438440367
C13 869.967 91.37158151329041
C13 875.002 91.00685350847613
C13 899.999 83.13319236251287
C13 919.999 75.36458634019702
C13 925.012 71.99734925588757
C13 949.965 58.10328962506415
C13 975.002 43.50167791318946
C13 999.976 26.503392001962343
C13 1025.028 11.427528836317581
C13 1050.014 4.023551385256669
C13 1075.002 0.9385503476023325
C13 1099.99 0.09312210326061864
C14 319.994 42.33216036993156
C14 324.969 47.84658761982908
C14 349.982 73.18687530523252
C14 374.975 79.76466121465585
C14 400.019 85.52321355280307
C14 424.965 86.7280171641479
C14 450.035 88.0303170455946
C14 475.003 90.09124265145988
C14 500.018 92.73595077218954
C14 525.002 93.32451371004143
C14 550.029 94.93754869781455
C14 575.023 96.35423618472821
C14 599.982 97.52238734912265
C14 619.997 98.13337564704014
C14 624.979 98.01254056025086
C14 650.012 98.47915703909025
C14 675.004 98.86496305545295
C14 700.03 98.90087712496737
C14 725.012 98.75375732388531
C14 750.022 98.5630656419426
C14 774.987 98.90233104342376
C14 799.976 97.94146602293502
C14 824.988 96.73031388806857
C14 850.022 94.54638373593718
C14 869.967 91.49290377694466
C14 875.002 91.12870862182643
C14 899.999 83.30110091387976
C14 919.999 75.55317707190956
C14 925.012 72.15930511493563
C14 949.965 58.270155313454474
C14 975.002 43.6739329956485
C14 999.976 26.53119724092351
C14 1025.028 11.478699534450962
C14 1050.014 4.028948391463901
C14 1075.002 0.9390054853345239
C14 1099.99 0.09316726160828022
C15 319.994 42.480106088042504
C15 324.969 48.01464841396628
C15 349.982 73.36974932092018
C15 374.975 79.8470626140822
C15 400.019 85.50837749483706
C15 424.965 86.66909159990222
C15 450.035 87.95504821995692
C15 475.003 90.00232526146456
C15 500.018 92.63591204782361
C15 525.002 93.21523384951811
C15 550.029 94.81965950863062
C15 575.023 96.22626091201172
C15 599.982 97.38454674489054
C15 619.997 97.99017609729339
C15 624.979 97.87202809539994
C15 650.012 98.33049958602814
C15 675.004 98.70853360896687
C15 700.03 98.75469361692267
C15 725.012 98.62734253956442
C15 750.022 98.47040307979783
C15 774.987 98.841350201779
C15 799.976 97.89541258491843
C15 824.988 96.6980460329029
C15 850.022 94.5154632292887
C15 869.967 91.48416504192929
C15 875.002 91.13413607658774
C15 899.999 83.48575616997996
C15 919.999 75.64802431780817
C15 925.012 72.19099444757416
C15 949.965 58.191845438479994
C15 975.002 43.72296658589376
C15 999.976 26.49904737390483
C15 1025.028 11.47298852752998
C15 1050.014 4.043832976812937
C15 1075.002 0.9381226931022488
C15 1099.99 0.09307967177399845
C16 319.994 42.828155897370124
C16 324.969 48.404424160564616
C16 349.982 73.8674613855939
C16 374.975 80.2378469690338
C16 400.019 85.81405052905092
C16 424.965 86.95227076480384
C16 450.035 88.23064569489746
C16 475.003 90.27744317167864
C16 500.018 92.91437929898436
C16 525.002 93.49298555965845
C16 550.029 95.09213600677995
C16 575.023 96.49660601137683
C16 599.982 97.6499439542208
C16 619.997 98.25156170962616
C16 624.979 98.13187605575266
C16 650.012 98.57921859987172
C16 675.004 98.95000586694405
C16 700.03 98.98949002942207
C16 725.012 98.86354719768913
C16 750.022 98.7007007184348
C16 774.987 99.06765907983402
C16 799.976 98.1196281248818
C16 824.988 96.93073388303361
C16 850.022 94.7686125077481
C16 869.967 91.80102030762187
C16 875.002 91.48481207370307
C16 899.999 83.82760208641774
C16 919.999 75.76165070942362
C16 925.012 72.24886953670473
C16 949.965 58.46980267636023
C16 975.002 44.00176877114917
C16 999.976 26.556973844970397
C16 1025.028 11.542556812937134
C16 1050.014 4.064349117387204
C16 1075.002 0.9403167275069486
C16 1099.99 0.09329736185201477
C17 319.994 42.98075263211382
C17 324.969 48.57994104437739
C17 349.982 74.07639175141888
C17 374.975 80.35251622362583
C17 400.019 85.8974643428998
C17 424.965 87.02435771654218
C17 450.035 88.30224546977084
C17 475.003 90.35504892384047
C17 500.018 92.99565410191047
C17 525.002 93.57080445169869
C17 550.029 95.17139359299956
C17 575.023 96.57203469192332
C17 599.982 97.7148678836164
C17 619.997 98.31357780210898
C17 624.979 98.19089296566052
C17 650.012 98.63474915033966
C17 675.004 98.9950316662611
C17 700.03 99.02006798983739
C17 725.012 98.84868830330758
C17 750.022 98.62664983495955
C17 774.987 98.93305363447085
C17 799.976 97.9687174788192
C17 824.988 96.7974681740491
C17 850.022 94.6546055092069
C17 869.967 91.73383557308726
C17 875.002 91.43867490216283
C17 899.999 83.78431946682068
C17 919.999 75.636628946451
C17 925.012 72.16932268922156
C17 949.965 58.62835971556128
C17 975.002 44.03395669886043
C17 999.976 26.53145224756377
C17 1025.028 11.582180848460366
C17 1050.014 4.069440686536516
C17 1075.002 0.9396112493065057
C17 1099.99 0.09322736495307633
