lsstcam/transmission_sensor/r13_s02/19700101T000000.ecsv
# %ECSV 0.9
# ---
# datatype:
# - {name: amp_name, datatype: string}
# - {name: wavelength, unit: nm, datatype: float32}
# - {name: efficiency, unit: '%', datatype: float32}
# meta: !!omap
# - {MODE: AMP}
# - {TYPE: transmission_sensor}
# - {CALIBDATE: '1970-01-01T00:00:00'}
# - {INSTRUME: LSSTCAM}
# - {OBSTYPE: transmission_sensor}
# - {DETECTOR: 56}
# - {CALIBCLS: lsst.ip.isr.IntermediateSensorTransmissionCurve}
# - {PICKLEFILE: RaftRun11808.p}
# - {CALIB_ID: 'raftName=R13 detectorName=S02 detector=56 calibDate=1970-01-01T00:00:00 ccd=56 ccdnum=56 filter=None'}
# - {DATE: '2020-07-23T19:15:38.029145'}
# - {CALIB_CREATION_DATE: '2020-07-23'}
# - {CALIB_CREATION_TIME: '19:15:38'}
# - __serialized_columns__:
#     efficiency:
#       __class__: astropy.units.quantity.Quantity
#       unit: !astropy.units.Unit {unit: '%'}
#       value: !astropy.table.SerializedColumn {name: efficiency}
#     wavelength:
#       __class__: astropy.units.quantity.Quantity
#       unit: !astropy.units.Unit {unit: nm}
#       value: !astropy.table.SerializedColumn {name: wavelength}
# schema: astropy-2.0
amp_name wavelength efficiency
C05 319.994 43.353035
C05 324.969 49.005493
C05 349.982 75.09184
C05 374.975 81.49737
C05 400.019 86.37136
C05 424.965 87.141716
C05 450.035 88.21815
C05 475.003 90.14049
C05 500.018 92.69519
C05 525.002 93.22617
C05 550.029 94.800255
C05 575.023 96.19079
C05 599.982 97.34085
C05 619.997 97.94458
C05 624.979 97.82467
C05 650.012 98.28417
C05 675.004 98.67906
C05 700.03 98.8121
C05 725.012 98.92004
C05 750.022 99.03808
C05 774.987 99.66397
C05 799.976 98.79383
C05 824.988 97.49479
C05 850.022 95.30087
C05 869.967 92.26469
C05 875.002 91.901215
C05 899.999 83.58902
C05 919.999 75.20754
C05 925.012 71.80899
C05 949.965 58.55854
C05 975.002 43.89837
C05 999.976 26.721668
C05 1025.028 11.531962
C05 1050.014 4.021568
C05 1075.002 2.1946907
C05 1099.99 1.7184788
C10 319.994 41.45508
C10 324.969 46.85926
C10 349.982 71.831345
C10 374.975 78.76851
C10 400.019 85.15653
C10 424.965 86.637215
C10 450.035 88.08125
C10 475.003 90.23328
C10 500.018 92.94287
C10 525.002 93.579025
C10 550.029 95.230484
C10 575.023 96.68111
C10 599.982 97.87869
C10 619.997 98.511566
C10 624.979 98.396996
C10 650.012 98.88341
C10 675.004 99.269196
C10 700.03 99.267235
C10 725.012 98.97277
C10 750.022 98.5899
C10 774.987 98.74284
C10 799.976 97.69519
C10 824.988 96.47923
C10 850.022 94.21221
C10 869.967 91.08656
C10 875.002 90.82791
C10 899.999 83.08625
C10 919.999 75.43567
C10 925.012 72.092575
C10 949.965 58.04838
C10 975.002 43.465782
C10 999.976 26.371946
C10 1025.028 11.420105
C10 1050.014 4.0555925
C10 1075.002 2.1982272
C10 1099.99 1.7097011
C13 319.994 42.231853
C13 324.969 47.734833
C13 349.982 73.083115
C13 374.975 79.78104
C13 400.019 85.644295
C13 424.965 86.886986
C13 450.035 88.20558
C13 475.003 90.28407
C13 500.018 92.94038
C13 525.002 93.53914
C13 550.029 95.16407
C13 575.023 96.59073
C13 599.982 97.76982
C13 619.997 98.38898
C13 624.979 98.27221
C13 650.012 98.74633
C13 675.004 99.12998
C13 700.03 99.160866
C13 725.012 98.97686
C13 750.022 98.73862
C13 774.987 99.03856
C13 799.976 98.04894
C13 824.988 96.83436
C13 850.022 94.61907
C13 869.967 91.57871
C13 875.002 91.21316
C13 899.999 83.32165
C13 919.999 75.53543
C13 925.012 72.16056
C13 949.965 58.235004
C13 975.002 43.600292
C13 999.976 26.563473
C13 1025.028 11.453434
C13 1050.014 4.0326724
C13 1075.002 2.1979468
C13 1099.99 1.7177851
C06 319.994 43.55779
C06 324.969 49.23768
C06 349.982 75.37575
C06 374.975 81.64361
C06 400.019 86.411804
C06 424.965 87.148224
C06 450.035 88.21064
C06 475.003 90.12656
C06 500.018 92.67793
C06 525.002 93.20446
C06 550.029 94.77136
C06 575.023 96.15386
C06 599.982 97.297844
C06 619.997 97.89494
C06 624.979 97.77195
C06 650.012 98.22511
C06 675.004 98.609406
C06 700.03 98.74016
C06 725.012 98.833466
C06 750.022 98.936646
C06 774.987 99.53842
C06 799.976 98.66208
C06 824.988 97.386955
C06 850.022 95.20262
C06 869.967 92.13338
C06 875.002 91.750244
C06 899.999 83.62042
C06 919.999 75.45213
C06 925.012 72.00783
C06 949.965 58.601307
C06 975.002 44.01845
C06 999.976 26.709873
C06 1025.028 11.540604
C06 1050.014 4.0265303
C06 1075.002 2.1958373
C06 1099.99 1.7230532
C17 319.994 43.078186
C17 324.969 48.690067
C17 349.982 74.244316
C17 374.975 80.53467
C17 400.019 86.092186
C17 424.965 87.221634
C17 450.035 88.50242
C17 475.003 90.559875
C17 500.018 93.20647
C17 525.002 93.78292
C17 550.029 95.38714
C17 575.023 96.790955
C17 599.982 97.93638
C17 619.997 98.536446
C17 624.979 98.41348
C17 650.012 98.858345
C17 675.004 99.219444
C17 700.03 99.24454
C17 725.012 99.07277
C17 750.022 98.85023
C17 774.987 99.157326
C17 799.976 98.1908
C17 824.988 97.0169
C17 850.022 94.86918
C17 869.967 91.94179
C17 875.002 91.64596
C17 899.999 83.97425
C17 919.999 75.80809
C17 925.012 72.332924
C17 949.965 58.761265
C17 975.002 44.133778
C17 999.976 26.591597
C17 1025.028 11.608437
C17 1050.014 4.0786657
C17 1075.002 2.2152424
C17 1099.99 1.7306659
C07 319.994 43.71029
C07 324.969 49.41251
C07 349.982 75.5605
C07 374.975 81.6921
C07 400.019 86.422386
C07 424.965 87.150925
C07 450.035 88.21614
C07 475.003 90.140076
C07 500.018 92.69192
C07 525.002 93.21616
C07 550.029 94.77954
C07 575.023 96.15791
C07 599.982 97.29225
C07 619.997 97.8829
C07 624.979 97.76051
C07 650.012 98.2075
C07 675.004 98.57953
C07 700.03 98.691765
C07 725.012 98.73658
C07 750.022 98.77648
C07 774.987 99.31467
C07 799.976 98.41991
C07 824.988 97.176636
C07 850.022 94.95715
C07 869.967 91.96792
C07 875.002 91.6159
C07 899.999 83.768166
C07 919.999 75.48381
C07 925.012 71.97586
C07 949.965 58.63092
C07 975.002 43.998848
C07 999.976 26.57574
C07 1025.028 11.539371
C07 1050.014 4.039643
C07 1075.002 2.206085
C07 1099.99 1.7252575
C11 319.994 41.726562
C11 324.969 47.163666
C11 349.982 72.290665
C11 374.975 79.19429
C11 400.019 85.39803
C11 424.965 86.78913
C11 450.035 88.18699
C11 475.003 90.30722
C11 500.018 92.9975
C11 525.002 93.61881
C11 550.029 95.259865
C11 575.023 96.70644
C11 599.982 97.89661
C11 619.997 98.52911
C11 624.979 98.412575
C11 650.012 98.89619
C11 675.004 99.2851
C11 700.03 99.29326
C11 725.012 99.03847
C11 750.022 98.70086
C11 774.987 98.898834
C11 799.976 97.87193
C11 824.988 96.64732
C11 850.022 94.413124
C11 869.967 91.34543
C11 875.002 90.989914
C11 899.999 83.164185
C11 919.999 75.38789
C11 925.012 72.12586
C11 949.965 58.091206
C11 975.002 43.338432
C11 999.976 26.442581
C11 1025.028 11.472347
C11 1050.014 4.021582
C11 1075.002 2.1975353
C11 1099.99 1.7134969
C12 319.994 42.002335
C12 324.969 47.47512
C12 349.982 72.72572
C12 374.975 79.532715
C12 400.019 85.5811
C12 424.965 86.90636
C12 450.035 88.269035
C12 475.003 90.372574
C12 500.018 93.051
C12 525.002 93.66184
C12 550.029 95.29571
C12 575.023 96.73505
C12 599.982 97.92058
C12 619.997 98.54502
C12 624.979 98.42745
C12 650.012 98.90941
C12 675.004 99.294945
C12 700.03 99.31373
C12 725.012 99.08988
C12 750.022 98.80132
C12 774.987 99.04523
C12 799.976 98.036446
C12 824.988 96.811386
C12 850.022 94.58799
C12 869.967 91.52033
C12 875.002 91.188034
C12 899.999 83.312485
C12 919.999 75.58763
C12 925.012 72.24436
C12 949.965 58.26441
C12 975.002 43.551952
C12 999.976 26.483591
C12 1025.028 11.455661
C12 1050.014 4.026554
C12 1075.002 2.1982176
C12 1099.99 1.7167381
C01 319.994 42.459343
C01 324.969 47.99767
C01 349.982 73.88749
C01 374.975 80.81456
C01 400.019 86.07307
C01 424.965 86.97666
C01 450.035 88.10176
C01 475.003 90.05422
C01 500.018 92.62892
C01 525.002 93.18469
C01 550.029 94.78527
C01 575.023 96.20464
C01 599.982 97.38233
C01 619.997 98.01095
C01 624.979 97.89419
C01 650.012 98.38526
C01 675.004 98.791245
C01 700.03 98.90726
C01 725.012 98.93559
C01 750.022 98.94366
C01 774.987 99.46748
C01 799.976 98.54792
C01 824.988 97.25228
C01 850.022 94.986336
C01 869.967 91.86607
C01 875.002 91.54173
C01 899.999 83.65889
C01 919.999 74.86232
C01 925.012 71.44487
C01 949.965 58.196968
C01 975.002 43.53723
C01 999.976 26.531174
C01 1025.028 11.560925
C01 1050.014 4.037843
C01 1075.002 2.1879506
C01 1099.99 1.714152
C04 319.994 43.230324
C04 324.969 48.864895
C04 349.982 74.963875
C04 374.975 81.498695
C04 400.019 86.443
C04 424.965 87.23067
C04 450.035 88.31054
C04 475.003 90.23654
C04 500.018 92.79551
C04 525.002 93.33028
C04 550.029 94.91128
C04 575.023 96.30788
C04 599.982 97.46411
C04 619.997 98.07418
C04 624.979 97.95452
C04 650.012 98.42546
C04 675.004 98.82284
C04 700.03 98.95614
C04 725.012 99.05627
C04 750.022 99.165405
C04 774.987 99.78117
C04 799.976 98.899506
C04 824.988 97.59289
C04 850.022 95.37232
C04 869.967 92.32025
C04 875.002 92.00261
C04 899.999 83.80474
C04 919.999 75.16226
C04 925.012 71.7891
C04 949.965 58.547607
C04 975.002 43.864815
C04 999.976 26.677402
C04 1025.028 11.550926
C04 1050.014 4.020921
C04 1075.002 2.1901913
C04 1099.99 1.7188878
C03 319.994 42.975315
C03 324.969 48.578262
C03 349.982 74.648254
C03 374.975 81.35404
C03 400.019 86.36457
C03 424.965 87.16917
C03 450.035 88.24839
C03 475.003 90.173996
C03 500.018 92.73246
C03 525.002 93.26995
C03 550.029 94.85862
C03 575.023 96.263466
C03 599.982 97.43154
C03 619.997 98.04685
C03 624.979 97.93136
C03 650.012 98.409035
C03 675.004 98.810036
C03 700.03 98.94326
C03 725.012 99.017555
C03 750.022 99.0989
C03 774.987 99.689735
C03 799.976 98.801445
C03 824.988 97.49867
C03 850.022 95.26776
C03 869.967 92.18975
C03 875.002 91.86636
C03 899.999 83.81164
C03 919.999 75.074486
C03 925.012 71.65892
C03 949.965 58.448612
C03 975.002 43.843884
C03 999.976 26.640919
C03 1025.028 11.564097
C03 1050.014 4.0307417
C03 1075.002 2.1888313
C03 1099.99 1.7186363
C15 319.994 42.576405
C15 324.969 48.123493
C15 349.982 73.53607
C15 374.975 80.02807
C15 400.019 85.70222
C15 424.965 86.86556
C15 450.035 88.154434
C15 475.003 90.20635
C15 500.018 92.84591
C15 525.002 93.426544
C15 550.029 95.03461
C15 575.023 96.4444
C15 599.982 97.60531
C15 619.997 98.21231
C15 624.979 98.093895
C15 650.012 98.553406
C15 675.004 98.9323
C15 700.03 98.97856
C15 725.012 98.85092
C15 750.022 98.69363
C15 774.987 99.065414
C15 799.976 98.11733
C15 824.988 96.91725
C15 850.022 94.72972
C15 869.967 91.69155
C15 875.002 91.34073
C15 899.999 83.67501
C15 919.999 75.81951
C15 925.012 72.354645
C15 949.965 58.32376
C15 975.002 43.822083
C15 999.976 26.559118
C15 1025.028 11.498997
C15 1050.014 4.053
C15 1075.002 2.2079227
C15 1099.99 1.7225574
C14 319.994 42.428123
C14 324.969 47.95505
C14 349.982 73.35278
C14 374.975 79.94548
C14 400.019 85.71709
C14 424.965 86.92462
C14 450.035 88.22987
C14 475.003 90.29547
C14 500.018 92.946175
C14 525.002 93.53607
C14 550.029 95.15276
C14 575.023 96.57266
C14 599.982 97.74346
C14 619.997 98.355835
C14 624.979 98.234726
C14 650.012 98.7024
C14 675.004 99.08908
C14 700.03 99.12508
C14 725.012 98.97762
C14 750.022 98.7865
C14 774.987 99.12653
C14 799.976 98.16349
C14 824.988 96.94959
C14 850.022 94.76071
C14 869.967 91.70031
C14 875.002 91.33529
C14 899.999 83.48994
C14 919.999 75.72445
C14 925.012 72.32288
C14 949.965 58.40225
C14 975.002 43.772938
C14 999.976 26.591341
C14 1025.028 11.504721
C14 1050.014 4.0380816
C14 1075.002 2.2024486
C14 1099.99 1.720973
C00 319.994 42.252937
C00 324.969 47.767467
C00 349.982 73.58519
C00 374.975 80.54018
C00 400.019 85.87361
C00 424.965 86.81608
C00 450.035 87.96279
C00 475.003 89.92748
C00 500.018 92.51727
C00 525.002 93.083206
C00 550.029 94.68905
C00 575.023 96.114296
C00 599.982 97.29681
C00 619.997 97.92825
C00 624.979 97.815254
C00 650.012 98.30625
C00 675.004 98.714066
C00 700.03 98.82257
C00 725.012 98.82151
C00 750.022 98.79737
C00 774.987 99.29034
C00 799.976 98.35509
C00 824.988 97.050804
C00 850.022 94.77819
C00 869.967 91.640854
C00 875.002 91.30406
C00 899.999 83.4443
C00 919.999 74.71692
C00 925.012 71.32039
C00 949.965 58.019108
C00 975.002 43.34188
C00 999.976 26.398632
C00 1025.028 11.584162
C00 1050.014 4.049939
C00 1075.002 2.1841056
C00 1099.99 1.7061819
C16 319.994 42.925243
C16 324.969 48.514153
C16 349.982 74.03491
C16 374.975 80.41974
C16 400.019 86.00858
C16 424.965 87.14938
C16 450.035 88.43066
C16 475.003 90.48209
C16 500.018 93.12501
C16 525.002 93.704926
C16 550.029 95.3077
C16 575.023 96.715355
C16 599.982 97.87131
C16 619.997 98.47429
C16 624.979 98.35433
C16 650.012 98.80269
C16 675.004 99.17432
C16 700.03 99.21389
C16 725.012 99.08766
C16 750.022 98.924446
C16 774.987 99.29224
C16 799.976 98.34206
C16 824.988 97.15047
C16 850.022 94.983444
C16 869.967 92.009125
C16 875.002 91.6922
C16 899.999 84.01763
C16 919.999 75.933395
C16 925.012 72.41265
C16 949.965 58.60235
C16 975.002 44.101517
C16 999.976 26.617176
C16 1025.028 11.568723
C16 1050.014 4.0735626
C16 1075.002 2.2104962
C16 1099.99 1.7248214
C02 319.994 42.63068
C02 324.969 48.189995
C02 349.982 74.137764
C02 374.975 80.99566
C02 400.019 86.16516
C02 424.965 87.0307
C02 450.035 88.13448
C02 475.003 90.07399
C02 500.018 92.640564
C02 525.002 93.19149
C02 550.029 94.78378
C02 575.023 96.19776
C02 599.982 97.37029
C02 619.997 97.99484
C02 624.979 97.87924
C02 650.012 98.36526
C02 675.004 98.77131
C02 700.03 98.89738
C02 725.012 98.95414
C02 750.022 98.99931
C02 774.987 99.55709
C02 799.976 98.65616
C02 824.988 97.35738
C02 850.022 95.11206
C02 869.967 92.01675
C02 875.002 91.702255
C02 899.999 83.7635
C02 919.999 74.97822
C02 925.012 71.54932
C02 949.965 58.31868
C02 975.002 43.708546
C02 999.976 26.659597
C02 1025.028 11.575386
C02 1050.014 4.03359
C02 1075.002 2.1876037
C02 1099.99 1.7173648
