lsstCam/transmission_sensor/r13_s02/19700101T000000.ecsv
# %ECSV 1.0
# ---
# datatype:
# - {name: amp_name, datatype: string}
# - {name: wavelength, unit: nm, datatype: float32}
# - {name: efficiency, unit: '%', datatype: float64}
# meta: !!omap
# - {MODE: AMP}
# - {TYPE: transmission_sensor}
# - {CALIBDATE: '1970-01-01T00:00:00'}
# - {INSTRUME: LSSTCAM}
# - {OBSTYPE: transmission_sensor}
# - {DETECTOR: 56}
# - {PARQUETFILE: qe_raft_allvalues_nircorrected_20230725.parquet}
# - {CALIBCLS: lsst.ip.isr.IntermediateSensorTransmissionCurve}
# - {CALIB_ID: 'raftName=R13 detectorName=S02 detector=56 calibDate=1970-01-01T00:00:00 ccd=56 ccdnum=56 filter=None'}
# - {DATE: '2024-01-18T22:42:25.169837'}
# - {CALIB_CREATION_DATE: '2024-01-18'}
# - {CALIB_CREATION_TIME: '22:42:25'}
# - __serialized_columns__:
#     efficiency:
#       __class__: astropy.units.quantity.Quantity
#       unit: !astropy.units.Unit {unit: '%'}
#       value: !astropy.table.SerializedColumn {name: efficiency}
#     wavelength:
#       __class__: astropy.units.quantity.Quantity
#       unit: !astropy.units.Unit {unit: nm}
#       value: !astropy.table.SerializedColumn {name: wavelength}
# schema: astropy-2.0
amp_name wavelength efficiency
C00 319.994 42.25293731689453
C00 324.969 47.7674674987793
C00 349.982 73.58518981933594
C00 374.975 80.54017639160156
C00 400.019 85.87361145019531
C00 424.965 86.81607818603516
C00 450.035 87.9627914428711
C00 475.003 89.92748260498047
C00 500.018 92.51727294921875
C00 525.002 93.08320617675781
C00 550.029 94.68904876708984
C00 575.023 96.11429595947266
C00 599.982 97.29680633544922
C00 619.997 97.92825317382812
C00 624.979 97.81525421142578
C00 650.012 98.3062515258789
C00 675.004 98.71406555175781
C00 700.03 98.82257080078125
C00 725.012 98.8215103149414
C00 750.022 98.79737091064453
C00 774.987 99.29033660888672
C00 799.976 98.35508728027344
C00 824.988 97.0508041381836
C00 850.022 94.77819061279297
C00 869.967 91.64085388183594
C00 875.002 91.30406188964844
C00 899.999 83.44429779052734
C00 919.999 74.7169189453125
C00 925.012 71.32038879394531
C00 949.965 58.019107818603516
C00 975.002 43.341880798339844
C00 999.976 26.398632049560547
C00 1025.028 11.584161758422852
C00 1050.014 4.049939155578613
C00 1075.002 0.9412376976482293
C00 1099.99 0.09338873966335477
C01 319.994 42.45934295654297
C01 324.969 47.9976692199707
C01 349.982 73.88748931884766
C01 374.975 80.81455993652344
C01 400.019 86.07306671142578
C01 424.965 86.9766616821289
C01 450.035 88.10176086425781
C01 475.003 90.0542221069336
C01 500.018 92.62892150878906
C01 525.002 93.1846923828125
C01 550.029 94.78527069091797
C01 575.023 96.20464324951172
C01 599.982 97.38233184814453
C01 619.997 98.01094818115234
C01 624.979 97.8941879272461
C01 650.012 98.38526153564453
C01 675.004 98.79124450683594
C01 700.03 98.90725708007812
C01 725.012 98.93559265136719
C01 750.022 98.94365692138672
C01 774.987 99.46748352050781
C01 799.976 98.54792022705078
C01 824.988 97.25228118896484
C01 850.022 94.98633575439453
C01 869.967 91.86607360839844
C01 875.002 91.54173278808594
C01 899.999 83.65888977050781
C01 919.999 74.86231994628906
C01 925.012 71.44486999511719
C01 949.965 58.19696807861328
C01 975.002 43.5372314453125
C01 999.976 26.531173706054688
C01 1025.028 11.560924530029297
C01 1050.014 4.037843227386475
C01 1075.002 0.9426312239230643
C01 1099.99 0.09352700406013763
C02 319.994 42.630680084228516
C02 324.969 48.18999481201172
C02 349.982 74.13776397705078
C02 374.975 80.99565887451172
C02 400.019 86.1651611328125
C02 424.965 87.03070068359375
C02 450.035 88.13448333740234
C02 475.003 90.07398986816406
C02 500.018 92.64056396484375
C02 525.002 93.19149017333984
C02 550.029 94.78378295898438
C02 575.023 96.19776153564453
C02 599.982 97.37029266357422
C02 619.997 97.99484252929688
C02 624.979 97.87924194335938
C02 650.012 98.3652572631836
C02 675.004 98.77130889892578
C02 700.03 98.89737701416016
C02 725.012 98.95413970947266
C02 750.022 98.99931335449219
C02 774.987 99.55709075927734
C02 799.976 98.65615844726562
C02 824.988 97.35738372802734
C02 850.022 95.112060546875
C02 869.967 92.0167465209961
C02 875.002 91.70225524902344
C02 899.999 83.76349639892578
C02 919.999 74.97821807861328
C02 925.012 71.54931640625
C02 949.965 58.31867980957031
C02 975.002 43.70854568481445
C02 999.976 26.659597396850586
C02 1025.028 11.575386047363281
C02 1050.014 4.033589839935303
C02 1075.002 0.9431608936509963
C02 1099.99 0.09357955740394545
C03 319.994 42.97531509399414
C03 324.969 48.57826232910156
C03 349.982 74.64825439453125
C03 374.975 81.35404205322266
C03 400.019 86.36457061767578
C03 424.965 87.1691665649414
C03 450.035 88.2483901977539
C03 475.003 90.17399597167969
C03 500.018 92.73246002197266
C03 525.002 93.26995086669922
C03 550.029 94.8586196899414
C03 575.023 96.26346588134766
C03 599.982 97.4315414428711
C03 619.997 98.0468521118164
C03 624.979 97.93135833740234
C03 650.012 98.4090347290039
C03 675.004 98.8100357055664
C03 700.03 98.9432601928711
C03 725.012 99.0175552368164
C03 750.022 99.0988998413086
C03 774.987 99.68973541259766
C03 799.976 98.80144500732422
C03 824.988 97.49867248535156
C03 850.022 95.26776123046875
C03 869.967 92.18975067138672
C03 875.002 91.86636352539062
C03 899.999 83.81163787841797
C03 919.999 75.0744857788086
C03 925.012 71.65892028808594
C03 949.965 58.448612213134766
C03 975.002 43.8438835144043
C03 999.976 26.640918731689453
C03 1025.028 11.56409740447998
C03 1050.014 4.0307416915893555
C03 1075.002 0.9441091518674407
C03 1099.99 0.09367364271303415
C04 319.994 43.230323791503906
C04 324.969 48.86489486694336
C04 349.982 74.96387481689453
C04 374.975 81.49869537353516
C04 400.019 86.44300079345703
C04 424.965 87.23066711425781
C04 450.035 88.31053924560547
C04 475.003 90.23654174804688
C04 500.018 92.7955093383789
C04 525.002 93.33027648925781
C04 550.029 94.9112777709961
C04 575.023 96.30787658691406
C04 599.982 97.464111328125
C04 619.997 98.07418060302734
C04 624.979 97.95452117919922
C04 650.012 98.42546081542969
C04 675.004 98.82283782958984
C04 700.03 98.95613861083984
C04 725.012 99.05626678466797
C04 750.022 99.1654052734375
C04 774.987 99.78117370605469
C04 799.976 98.89950561523438
C04 824.988 97.59288787841797
C04 850.022 95.37232208251953
C04 869.967 92.32025146484375
C04 875.002 92.00260925292969
C04 899.999 83.80474090576172
C04 919.999 75.16226196289062
C04 925.012 71.78910064697266
C04 949.965 58.547607421875
C04 975.002 43.86481475830078
C04 999.976 26.67740249633789
C04 1025.028 11.550926208496094
C04 1050.014 4.020921230316162
C04 1075.002 0.9447423908501776
C04 1099.99 0.09373647210315661
C05 319.994 43.35303497314453
C05 324.969 49.0054931640625
C05 349.982 75.09184265136719
C05 374.975 81.49736785888672
C05 400.019 86.3713607788086
C05 424.965 87.14171600341797
C05 450.035 88.21814727783203
C05 475.003 90.14048767089844
C05 500.018 92.6951904296875
C05 525.002 93.2261734008789
C05 550.029 94.80025482177734
C05 575.023 96.19078826904297
C05 599.982 97.34085083007812
C05 619.997 97.944580078125
C05 624.979 97.82466888427734
C05 650.012 98.28417205810547
C05 675.004 98.67906188964844
C05 700.03 98.81210327148438
C05 725.012 98.92003631591797
C05 750.022 99.03807830810547
C05 774.987 99.66397094726562
C05 799.976 98.79383087158203
C05 824.988 97.49478912353516
C05 850.022 95.30087280273438
C05 869.967 92.26468658447266
C05 875.002 91.90121459960938
C05 899.999 83.58901977539062
C05 919.999 75.2075424194336
C05 925.012 71.80899047851562
C05 949.965 58.55854034423828
C05 975.002 43.89836883544922
C05 999.976 26.721668243408203
C05 1025.028 11.531962394714355
C05 1050.014 4.0215678215026855
C05 1075.002 0.9435292425343795
C05 1099.99 0.09361610464175958
C06 319.994 43.55778884887695
C06 324.969 49.23767852783203
C06 349.982 75.37574768066406
C06 374.975 81.64360809326172
C06 400.019 86.41180419921875
C06 424.965 87.14822387695312
C06 450.035 88.21063995361328
C06 475.003 90.12655639648438
C06 500.018 92.67793273925781
C06 525.002 93.20446014404297
C06 550.029 94.7713623046875
C06 575.023 96.15386199951172
C06 599.982 97.29784393310547
C06 619.997 97.89494323730469
C06 624.979 97.7719497680664
C06 650.012 98.22511291503906
C06 675.004 98.60940551757812
C06 700.03 98.74015808105469
C06 725.012 98.83346557617188
C06 750.022 98.9366455078125
C06 774.987 99.53842163085938
C06 799.976 98.66207885742188
C06 824.988 97.38695526123047
C06 850.022 95.20262145996094
C06 869.967 92.13337707519531
C06 875.002 91.750244140625
C06 899.999 83.62042236328125
C06 919.999 75.45213317871094
C06 925.012 72.00782775878906
C06 949.965 58.6013069152832
C06 975.002 44.01845169067383
C06 999.976 26.70987319946289
C06 1025.028 11.540603637695312
C06 1050.014 4.0265302658081055
C06 1075.002 0.9425630852870843
C06 1099.99 0.09352024340727337
C07 319.994 43.710289001464844
C07 324.969 49.41250991821289
C07 349.982 75.56050109863281
C07 374.975 81.69210052490234
C07 400.019 86.4223861694336
C07 424.965 87.15092468261719
C07 450.035 88.21614074707031
C07 475.003 90.14007568359375
C07 500.018 92.6919174194336
C07 525.002 93.2161636352539
C07 550.029 94.779541015625
C07 575.023 96.15791320800781
C07 599.982 97.29225158691406
C07 619.997 97.88289642333984
C07 624.979 97.76051330566406
C07 650.012 98.2074966430664
C07 675.004 98.57952880859375
C07 700.03 98.69176483154297
C07 725.012 98.73657989501953
C07 750.022 98.77648162841797
C07 774.987 99.31466674804688
C07 799.976 98.41990661621094
C07 824.988 97.1766357421875
C07 850.022 94.9571533203125
C07 869.967 91.9679183959961
C07 875.002 91.61589813232422
C07 899.999 83.7681655883789
C07 919.999 75.48381042480469
C07 925.012 71.97586059570312
C07 949.965 58.63092041015625
C07 975.002 43.99884796142578
C07 999.976 26.575740814208984
C07 1025.028 11.5393705368042
C07 1050.014 4.039642810821533
C07 1075.002 0.9410380644034864
C07 1099.99 0.09336893223621066
C10 319.994 41.455078125
C10 324.969 46.85926055908203
C10 349.982 71.83134460449219
C10 374.975 78.76850891113281
C10 400.019 85.15653228759766
C10 424.965 86.63721466064453
C10 450.035 88.08125305175781
C10 475.003 90.2332763671875
C10 500.018 92.94287109375
C10 525.002 93.57902526855469
C10 550.029 95.23048400878906
C10 575.023 96.68110656738281
C10 599.982 97.87869262695312
C10 619.997 98.51156616210938
C10 624.979 98.3969955444336
C10 650.012 98.88340759277344
C10 675.004 99.26919555664062
C10 700.03 99.2672348022461
C10 725.012 98.97277069091797
C10 750.022 98.58989715576172
C10 774.987 98.74284362792969
C10 799.976 97.6951904296875
C10 824.988 96.47923278808594
C10 850.022 94.21221160888672
C10 869.967 91.08656311035156
C10 875.002 90.82791137695312
C10 899.999 83.08625030517578
C10 919.999 75.4356689453125
C10 925.012 72.09257507324219
C10 949.965 58.04838180541992
C10 975.002 43.465782165527344
C10 999.976 26.371946334838867
C10 1025.028 11.42010498046875
C10 1050.014 4.0555925369262695
C10 1075.002 0.9392611108588906
C10 1099.99 0.09319262453796955
C11 319.994 41.7265625
C11 324.969 47.163665771484375
C11 349.982 72.29066467285156
C11 374.975 79.19429016113281
C11 400.019 85.39803314208984
C11 424.965 86.78913116455078
C11 450.035 88.1869888305664
C11 475.003 90.30722045898438
C11 500.018 92.99749755859375
C11 525.002 93.61881256103516
C11 550.029 95.2598648071289
C11 575.023 96.7064437866211
C11 599.982 97.8966064453125
C11 619.997 98.52911376953125
C11 624.979 98.4125747680664
C11 650.012 98.89618682861328
C11 675.004 99.28510284423828
C11 700.03 99.29325866699219
C11 725.012 99.03846740722656
C11 750.022 98.70085906982422
C11 774.987 98.89883422851562
C11 799.976 97.87193298339844
C11 824.988 96.64732360839844
C11 850.022 94.41312408447266
C11 869.967 91.34542846679688
C11 875.002 90.98991394042969
C11 899.999 83.1641845703125
C11 919.999 75.38789367675781
C11 925.012 72.12586212158203
C11 949.965 58.09120559692383
C11 975.002 43.33843231201172
C11 999.976 26.442581176757812
C11 1025.028 11.472347259521484
C11 1050.014 4.021582126617432
C11 1075.002 0.9403182388751429
C11 1099.99 0.09329751180857855
C12 319.994 42.00233459472656
C12 324.969 47.475120544433594
C12 349.982 72.72572326660156
C12 374.975 79.53271484375
C12 400.019 85.58110046386719
C12 424.965 86.90635681152344
C12 450.035 88.26903533935547
C12 475.003 90.37257385253906
C12 500.018 93.0510025024414
C12 525.002 93.6618423461914
C12 550.029 95.29570770263672
C12 575.023 96.73504638671875
C12 599.982 97.92057800292969
C12 619.997 98.5450210571289
C12 624.979 98.42745208740234
C12 650.012 98.90940856933594
C12 675.004 99.2949447631836
C12 700.03 99.31372833251953
C12 725.012 99.08988189697266
C12 750.022 98.80132293701172
C12 774.987 99.04522705078125
C12 799.976 98.03644561767578
C12 824.988 96.81138610839844
C12 850.022 94.5879898071289
C12 869.967 91.52033233642578
C12 875.002 91.18803405761719
C12 899.999 83.31248474121094
C12 919.999 75.58763122558594
C12 925.012 72.2443618774414
C12 949.965 58.264408111572266
C12 975.002 43.55195236206055
C12 999.976 26.483591079711914
C12 1025.028 11.455660820007324
C12 1050.014 4.026554107666016
C12 1075.002 0.9412753524005152
C12 1099.99 0.09339247573328387
C13 319.994 42.23185348510742
C13 324.969 47.734832763671875
C13 349.982 73.08311462402344
C13 374.975 79.78103637695312
C13 400.019 85.64429473876953
C13 424.965 86.8869857788086
C13 450.035 88.20558166503906
C13 475.003 90.28407287597656
C13 500.018 92.94037628173828
C13 525.002 93.53913879394531
C13 550.029 95.16407012939453
C13 575.023 96.59072875976562
C13 599.982 97.76982116699219
C13 619.997 98.38897705078125
C13 624.979 98.27220916748047
C13 650.012 98.74633026123047
C13 675.004 99.1299819946289
C13 700.03 99.1608657836914
C13 725.012 98.97686004638672
C13 750.022 98.73861694335938
C13 774.987 99.03855895996094
C13 799.976 98.04894256591797
C13 824.988 96.83435821533203
C13 850.022 94.61907196044922
C13 869.967 91.5787124633789
C13 875.002 91.2131576538086
C13 899.999 83.32164764404297
C13 919.999 75.53543090820312
C13 925.012 72.16056060791016
C13 949.965 58.23500442504883
C13 975.002 43.60029220581055
C13 999.976 26.563472747802734
C13 1025.028 11.453433990478516
C13 1050.014 4.03267240524292
C13 1075.002 0.94067795469838
C13 1099.99 0.093333202482096
C14 319.994 42.428123474121094
C14 324.969 47.95505142211914
C14 349.982 73.352783203125
C14 374.975 79.94548034667969
C14 400.019 85.71708679199219
C14 424.965 86.92462158203125
C14 450.035 88.22987365722656
C14 475.003 90.29547119140625
C14 500.018 92.94617462158203
C14 525.002 93.53607177734375
C14 550.029 95.15276336669922
C14 575.023 96.57266235351562
C14 599.982 97.74346160888672
C14 619.997 98.3558349609375
C14 624.979 98.23472595214844
C14 650.012 98.70240020751953
C14 675.004 99.08908081054688
C14 700.03 99.12507629394531
C14 725.012 98.97762298583984
C14 750.022 98.7864990234375
C14 774.987 99.12653350830078
C14 799.976 98.16349029541016
C14 824.988 96.94959259033203
C14 850.022 94.76071166992188
C14 869.967 91.70030975341797
C14 875.002 91.33528900146484
C14 899.999 83.48993682861328
C14 919.999 75.72444915771484
C14 925.012 72.32288360595703
C14 949.965 58.40224838256836
C14 975.002 43.7729377746582
C14 999.976 26.591341018676758
C14 1025.028 11.504720687866211
C14 1050.014 4.038081645965576
C14 1075.002 0.941134124185843
C14 1099.99 0.09337846319956777
C15 319.994 42.5764045715332
C15 324.969 48.12349319458008
C15 349.982 73.53607177734375
C15 374.975 80.02806854248047
C15 400.019 85.70221710205078
C15 424.965 86.86556243896484
C15 450.035 88.15443420410156
C15 475.003 90.20635223388672
C15 500.018 92.84590911865234
C15 525.002 93.42654418945312
C15 550.029 95.03460693359375
C15 575.023 96.44439697265625
C15 599.982 97.60530853271484
C15 619.997 98.21231079101562
C15 624.979 98.0938949584961
C15 650.012 98.55340576171875
C15 675.004 98.93229675292969
C15 700.03 98.97856140136719
C15 725.012 98.85092163085938
C15 750.022 98.6936264038086
C15 774.987 99.06541442871094
C15 799.976 98.1173324584961
C15 824.988 96.91725158691406
C15 850.022 94.72972106933594
C15 869.967 91.6915512084961
C15 875.002 91.34072875976562
C15 899.999 83.67501068115234
C15 919.999 75.81951141357422
C15 925.012 72.35464477539062
C15 949.965 58.323760986328125
C15 975.002 43.82208251953125
C15 999.976 26.559118270874023
C15 1025.028 11.49899673461914
C15 1050.014 4.052999973297119
C15 1075.002 0.940249330744978
C15 1099.99 0.09329067480720818
C16 319.994 42.92524337768555
C16 324.969 48.51415252685547
C16 349.982 74.034912109375
C16 374.975 80.41973876953125
C16 400.019 86.00858306884766
C16 424.965 87.14938354492188
C16 450.035 88.43065643310547
C16 475.003 90.48209381103516
C16 500.018 93.12500762939453
C16 525.002 93.70492553710938
C16 550.029 95.30770111083984
C16 575.023 96.7153549194336
C16 599.982 97.87130737304688
C16 619.997 98.47428894042969
C16 624.979 98.35433197021484
C16 650.012 98.80268859863281
C16 675.004 99.17431640625
C16 700.03 99.2138900756836
C16 725.012 99.08766174316406
C16 750.022 98.92444610595703
C16 774.987 99.292236328125
C16 799.976 98.34205627441406
C16 824.988 97.15046691894531
C16 850.022 94.98344421386719
C16 869.967 92.00912475585938
C16 875.002 91.69219970703125
C16 899.999 84.01763153076172
C16 919.999 75.93339538574219
C16 925.012 72.41265106201172
C16 949.965 58.60234832763672
C16 975.002 44.10151672363281
C16 999.976 26.617176055908203
C16 1025.028 11.56872272491455
C16 1050.014 4.0735626220703125
C16 1075.002 0.9424483388233653
C16 1099.99 0.09350885836855857
C17 319.994 43.07818603515625
C17 324.969 48.690067291259766
C17 349.982 74.24431610107422
C17 374.975 80.53466796875
C17 400.019 86.0921859741211
C17 424.965 87.22163391113281
C17 450.035 88.5024185180664
C17 475.003 90.55987548828125
C17 500.018 93.20646667480469
C17 525.002 93.78292083740234
C17 550.029 95.38713836669922
C17 575.023 96.79095458984375
C17 599.982 97.9363784790039
C17 619.997 98.53644561767578
C17 624.979 98.41348266601562
C17 650.012 98.85834503173828
C17 675.004 99.21944427490234
C17 700.03 99.24453735351562
C17 725.012 99.07276916503906
C17 750.022 98.85022735595703
C17 774.987 99.1573257446289
C17 799.976 98.19080352783203
C17 824.988 97.01689910888672
C17 850.022 94.86917877197266
C17 869.967 91.94178771972656
C17 875.002 91.64595794677734
C17 899.999 83.97425079345703
C17 919.999 75.80809020996094
C17 925.012 72.33292388916016
C17 949.965 58.76126480102539
C17 975.002 44.1337776184082
C17 999.976 26.591596603393555
C17 1025.028 11.608436584472656
C17 1050.014 4.078665733337402
C17 1075.002 0.9417412613688929
C17 1099.99 0.09343870279310452
