lsstCam/transmission_filter_detector/r21_s12/u_24/19700101T000000.ecsv
# %ECSV 1.0
# ---
# datatype:
# - {name: wavelength, unit: nm, datatype: float32}
# - {name: efficiency, unit: '%', datatype: float64}
# meta: !!omap
# - {MODE: DETECTOR}
# - {TYPE: transmission_filter_detector}
# - {CALIBDATE: '1970-01-01T00:00:00'}
# - {INSTRUME: LSSTCam}
# - {OBSTYPE: transmission_filter_detector}
# - {CALIBCLS: lsst.ip.isr.IntermediateFilterDetectorTransmissionCurve}
# - {SOURCE: Materion (DM-46256)}
# - {DETECTOR: 86}
# - {FILTER: u_24}
# - {CALIB_ID: 'calibDate=1970-01-01T00:00:00 filter=u_24 detector=86'}
# - {DATE: '2025-04-02T15:59:40.147173'}
# - {CALIB_CREATION_DATE: '2025-04-02'}
# - {CALIB_CREATION_TIME: '15:59:40'}
# - __serialized_columns__:
#     efficiency:
#       __class__: astropy.units.quantity.Quantity
#       unit: !astropy.units.Unit {unit: '%'}
#       value: !astropy.table.SerializedColumn {name: efficiency}
#     wavelength:
#       __class__: astropy.units.quantity.Quantity
#       unit: !astropy.units.Unit {unit: nm}
#       value: !astropy.table.SerializedColumn {name: wavelength}
# schema: astropy-2.0
wavelength efficiency
295.0 0.06298618391156197
296.0 1.5750263506614237e-10
297.0 1.5750263506614237e-10
298.0 0.008727539534447715
299.0 1.5750263506614237e-10
300.0 1.5750263506614237e-10
301.0 1.5750263506614237e-10
302.0 1.5750263506614237e-10
303.0 1.5750263506614237e-10
304.0 0.18218084005638957
305.0 0.6768922787159681
306.0 1.385825127363205
307.0 2.384403347969055
308.0 4.347201809287071
309.0 7.175929844379425
310.0 10.373174399137497
311.0 13.739749789237976
312.0 17.513929307460785
313.0 20.60142755508423
314.0 23.837865889072418
315.0 26.003992557525635
316.0 28.15350890159607
317.0 30.657538771629333
318.0 33.14369022846222
319.0 36.23485267162323
320.0 41.088977456092834
321.0 46.17444574832916
322.0 51.97535753250122
323.0 57.59740471839905
324.0 62.47304081916809
325.0 66.00805521011353
326.0 68.61437559127808
327.0 70.5205500125885
328.0 72.53673076629639
329.0 73.95318150520325
330.0 75.42676329612732
331.0 76.29969716072083
332.0 76.94687843322754
333.0 77.01166272163391
334.0 76.89242362976074
335.0 76.98407173156738
336.0 77.07192897796631
337.0 77.55980491638184
338.0 78.43456864356995
339.0 78.98828983306885
340.0 79.42543625831604
341.0 80.02325892448425
342.0 80.37116527557373
343.0 80.19769191741943
344.0 80.37843704223633
345.0 80.72445392608643
346.0 80.97754716873169
347.0 81.23905062675476
348.0 81.6264271736145
349.0 81.807541847229
350.0 81.85321688652039
351.0 81.97938799858093
352.0 81.91207647323608
353.0 81.76543712615967
354.0 81.76556825637817
355.0 81.98022246360779
356.0 82.07036256790161
357.0 82.01085925102234
358.0 81.79828524589539
359.0 81.53150081634521
360.0 81.4848244190216
361.0 81.38220310211182
362.0 81.27848505973816
363.0 81.41589760780334
364.0 81.47788047790527
365.0 81.61325454711914
366.0 81.72929286956787
367.0 81.74949884414673
368.0 81.5771222114563
369.0 81.485915184021
370.0 81.16503357887268
371.0 80.8986246585846
372.0 80.87795972824097
373.0 80.92067241668701
374.0 80.94607591629028
375.0 81.24056458473206
376.0 81.29465579986572
377.0 81.31597638130188
378.0 81.38270974159241
379.0 81.16276860237122
380.0 80.50801753997803
381.0 79.27626371383667
382.0 77.62407660484314
383.0 75.706946849823
384.0 73.57138991355896
385.0 71.2162435054779
386.0 68.89662742614746
387.0 65.78747034072876
388.0 62.61124014854431
389.0 58.864378929138184
390.0 55.10684251785278
391.0 50.951993465423584
392.0 46.570080518722534
393.0 42.76696741580963
394.0 39.51040208339691
395.0 36.358097195625305
396.0 33.156704902648926
397.0 29.098615050315857
398.0 24.30185228586197
399.0 18.18038374185562
400.0 12.118241935968399
401.0 7.15169757604599
402.0 3.4683044999837875
403.0 1.304621808230877
404.0 0.38321425672620535
405.0 0.1640911679714918
406.0 0.06294043851085007
407.0 0.03534447168931365
408.0 0.044753795373253524
409.0 0.0036676869058283046
410.0 1.5750263506614237e-10
411.0 1.5750263506614237e-10
412.0 1.5750263506614237e-10
413.0 1.5750263506614237e-10
414.0 1.5750263506614237e-10
415.0 1.5750263506614237e-10
416.0 1.5750263506614237e-10
417.0 1.5750263506614237e-10
418.0 1.5750263506614237e-10
419.0 1.5750263506614237e-10
420.0 1.5750263506614237e-10
421.0 1.5750263506614237e-10
422.0 1.5750263506614237e-10
423.0 1.5750263506614237e-10
424.0 1.5750263506614237e-10
425.0 1.5750263506614237e-10
426.0 1.5750263506614237e-10
427.0 1.5750263506614237e-10
428.0 1.5750263506614237e-10
429.0 1.5750263506614237e-10
430.0 0.0014125666893960442
431.0 1.5750263506614237e-10
432.0 1.5750263506614237e-10
433.0 1.5750263506614237e-10
434.0 1.5750263506614237e-10
435.0 0.0006608305284316884
436.0 0.0018110016753780656
437.0 0.0007395483407890424
438.0 1.5750263506614237e-10
439.0 0.00043985151023662183
440.0 0.001211608378071105
441.0 1.5750263506614237e-10
442.0 1.5750263506614237e-10
443.0 1.5750263506614237e-10
444.0 1.5750263506614237e-10
445.0 1.5750263506614237e-10
446.0 1.5750263506614237e-10
447.0 1.5750263506614237e-10
448.0 2.5098012201851816e-05
449.0 1.5750263506614237e-10
450.0 1.5750263506614237e-10
451.0 1.5750263506614237e-10
452.0 1.5750263506614237e-10
453.0 1.5750263506614237e-10
454.0 1.5750263506614237e-10
455.0 1.5750263506614237e-10
456.0 1.5750263506614237e-10
457.0 1.5750263506614237e-10
458.0 1.5750263506614237e-10
459.0 1.5750263506614237e-10
460.0 1.5750263506614237e-10
461.0 1.5750263506614237e-10
462.0 1.5750263506614237e-10
463.0 1.5750263506614237e-10
464.0 0.00032981795357045485
465.0 0.00019158292161591817
466.0 5.3347963557826006e-05
467.0 1.5750263506614237e-10
468.0 1.5750263506614237e-10
469.0 0.00027678868264047196
470.0 0.0006708599812554894
471.0 0.00020255201889085583
472.0 1.5750263506614237e-10
473.0 1.5750263506614237e-10
474.0 1.5750263506614237e-10
475.0 1.5750263506614237e-10
476.0 5.98390670347726e-05
477.0 1.5750263506614237e-10
478.0 1.5750263506614237e-10
479.0 1.5750263506614237e-10
480.0 1.5750263506614237e-10
481.0 1.5750263506614237e-10
482.0 1.5750263506614237e-10
483.0 1.5750263506614237e-10
484.0 1.5750263506614237e-10
485.0 1.5750263506614237e-10
486.0 1.5750263506614237e-10
487.0 1.5750263506614237e-10
488.0 1.5750263506614237e-10
489.0 1.5750263506614237e-10
490.0 1.5750263506614237e-10
491.0 1.5750263506614237e-10
492.0 1.5750263506614237e-10
493.0 1.5750263506614237e-10
494.0 1.5750263506614237e-10
495.0 1.5750263506614237e-10
496.0 0.0004844232989853481
497.0 0.0001337449475613539
498.0 1.5750263506614237e-10
499.0 1.5750263506614237e-10
500.0 1.5750263506614237e-10
501.0 1.5750263506614237e-10
502.0 1.5750263506614237e-10
503.0 1.5750263506614237e-10
504.0 1.5750263506614237e-10
505.0 1.5750263506614237e-10
506.0 1.5750263506614237e-10
507.0 1.5750263506614237e-10
508.0 1.5750263506614237e-10
509.0 1.5750263506614237e-10
510.0 1.5750263506614237e-10
511.0 0.00021536029635171872
512.0 0.0010297889275534544
513.0 0.0007443373760906979
514.0 0.0004588856882037362
515.0 0.000532535568709136
516.0 0.000606185585638741
517.0 0.0001735436853778083
518.0 1.5750263506614237e-10
519.0 1.5750263506614237e-10
520.0 1.5750263506614237e-10
521.0 1.5750263506614237e-10
522.0 1.5750263506614237e-10
523.0 1.5750263506614237e-10
524.0 1.5750263506614237e-10
525.0 1.5750263506614237e-10
526.0 1.032739120887527e-05
527.0 1.1117406550908981e-06
528.0 1.5750263506614237e-10
529.0 1.5750263506614237e-10
530.0 1.5750263506614237e-10
531.0 1.5750263506614237e-10
532.0 1.5750263506614237e-10
533.0 1.5750263506614237e-10
534.0 1.5750263506614237e-10
535.0 1.5750263506614237e-10
536.0 0.00014026783219378558
537.0 1.5750263506614237e-10
538.0 1.5750263506614237e-10
539.0 1.5750263506614237e-10
540.0 1.5750263506614237e-10
541.0 1.5750263506614237e-10
542.0 3.9449520272683e-05
543.0 1.5750263506614237e-10
544.0 1.5750263506614237e-10
545.0 1.5750263506614237e-10
546.0 1.5750263506614237e-10
547.0 1.5750263506614237e-10
548.0 9.009336281451397e-05
549.0 1.5750263506614237e-10
550.0 1.5750263506614237e-10
551.0 1.5750263506614237e-10
552.0 3.262144048221671e-05
553.0 1.5750263506614237e-10
554.0 1.5750263506614237e-10
555.0 1.5750263506614237e-10
556.0 1.5750263506614237e-10
557.0 1.5750263506614237e-10
558.0 1.5750263506614237e-10
559.0 1.5750263506614237e-10
560.0 0.0004226087639835896
561.0 0.00014191194850354805
562.0 1.5750263506614237e-10
563.0 1.5750263506614237e-10
564.0 1.5750263506614237e-10
565.0 1.5750263506614237e-10
566.0 1.5750263506614237e-10
567.0 1.5750263506614237e-10
568.0 1.5750263506614237e-10
569.0 8.733928211768216e-05
570.0 0.00031627860153093934
571.0 0.0005028250598115847
572.0 0.0006893716090417001
573.0 0.0005368774964154
574.0 0.000384383520213305
575.0 0.00034869221963163
576.0 0.00031300105547416024
577.0 0.00045933738874737173
578.0 0.0006056737674953183
579.0 0.0004478682512853993
580.0 0.00029006266686337767
581.0 0.0006278196451603435
582.0 0.0009655767826188821
583.0 0.0013113913155393675
584.0 0.001657205939409323
585.0 0.0014662953617516905
586.0 0.0012753846931445878
587.0 0.0013704123375646304
588.0 0.001465439981984673
589.0 0.0013232639503257815
590.0 0.0011810879186668899
591.0 0.0008889903256203979
592.0 0.0005968926416244358
593.0 0.0006091210707381833
594.0 0.0006213493634277256
595.0 0.0007052479759295238
596.0 0.0007891463610576466
597.0 0.0007569957688247086
598.0 0.0007248449946928304
599.0 0.0010436228876642417
600.0 0.0013624005987367127
601.0 0.00147688324432238
602.0 0.0015913659808575176
603.0 0.0016032643543439917
604.0 0.0016151629097294062
605.0 0.001599398638063576
606.0 0.001583634366397746
607.0 0.0014362286492541898
608.0 0.0012888227502116933
609.0 0.000936336800805293
610.0 0.0005838508059241576
611.0 0.0005160025466466323
612.0 0.000448154332843842
613.0 0.00047486882976954803
614.0 0.0005015834176447242
615.0 0.0005902932116441661
616.0 0.000679003005643608
617.0 0.000548140724276891
618.0 0.00041727862480911426
619.0 0.00044333523874229286
620.0 0.0004693920345744118
621.0 0.000529692078998778
622.0 0.000589992032473674
623.0 0.0005155456619831966
624.0 0.0004410992460179841
625.0 0.0004946532044414198
626.0 0.0005482072538143257
627.0 0.0005779193543276051
628.0 0.0006076315457903547
629.0 0.0005665916887664935
630.0 0.0005255518772173673
631.0 0.0010159577868762426
632.0 0.001506363696535118
633.0 0.001543290272820741
634.0 0.0015802170310053043
635.0 0.002081599086523056
636.0 0.002582981323939748
637.0 0.002473476342856884
638.0 0.0023639711798750795
639.0 0.0022140102373668924
640.0 0.002064049112959765
641.0 0.001800235804694239
642.0 0.0015364224964287132
643.0 0.0009808564755076077
644.0 0.0004252903181622969
645.0 0.00023257200609805295
646.0 3.985356613611657e-05
647.0 0.00017421872371414793
648.0 0.0003085840262428974
649.0 0.00012588594699991518
650.0 1.5750263506614237e-10
651.0 0.0001890523321890214
652.0 0.00043491691030794755
653.0 0.0008718557182874065
654.0 0.0013087945262668654
655.0 0.0012148819223511964
656.0 0.0011209692274860572
657.0 0.002030826362897642
658.0 0.002940683589258697
659.0 0.0032098650990519673
660.0 0.0034790464269462973
661.0 0.0035686705814441666
662.0 0.0036582950997399166
663.0 0.0032720785384299234
664.0 0.0028858621590188704
665.0 0.002608809336379636
666.0 0.0023317563318414614
667.0 0.0018677803382161073
668.0 0.0014038040717423428
669.0 0.0010298352208337747
670.0 0.0006558664153999416
671.0 0.0005872244855709141
672.0 0.0005185823738429463
673.0 0.00045371666601567995
674.0 0.00038885086723894347
675.0 0.0005481216248881537
676.0 0.0007073924280120991
677.0 0.0009955890163837466
678.0 0.0012837858776038047
679.0 0.001595360299688764
680.0 0.001906934630824253
681.0 0.002666906402737368
682.0 0.003426878174650483
683.0 0.004745596743305214
684.0 0.006064314948162064
685.0 0.006717779615428299
686.0 0.007371246465481818
687.0 0.0072194074164144695
688.0 0.007067569094942883
689.0 0.006354843208100647
690.0 0.00564211695746053
691.0 0.004843007627641782
692.0 0.0040438979340251535
693.0 0.0034134791349060833
694.0 0.0027830599719891325
695.0 0.002351479088247288
696.0 0.001919898386404384
697.0 0.0014597705558117013
698.0 0.0009996425433200784
699.0 0.0007893532711022999
700.0 0.0005790639988845214
701.0 0.0004541482667264063
702.0 0.00032923262551776133
703.0 0.0005353714186639991
704.0 0.0007415102572849719
705.0 0.0006902149834786542
706.0 0.0006389198006218066
707.0 0.000767496840126114
708.0 0.0008960735613072757
709.0 0.0007541951617895393
710.0 0.0006123166258475976
711.0 0.0006070000381441787
712.0 0.0006016833594912896
713.0 0.0005986280029901536
714.0 0.0005955727374384878
715.0 0.0006179103365866467
716.0 0.0006402478902600706
717.0 0.0006622108230658341
718.0 0.0006841736649221275
719.0 0.0005286109626467805
720.0 0.0003730482148966985
721.0 0.00046000063775863964
722.0 0.0005469530151458457
723.0 0.00047358057599922176
724.0 0.00040020809137786273
725.0 0.00016488405663039885
726.0 1.5750263506614237e-10
727.0 2.8056422252120683e-05
728.0 0.0001265529476768279
729.0 0.00016282748447338236
730.0 0.0001991021463254583
731.0 0.00021918249331065454
732.0 0.00023926288577058585
733.0 0.0001753001242832397
734.0 0.00011133740827062866
735.0 0.00043116756387462374
736.0 0.0007509976512665162
737.0 0.0005943127234786516
738.0 0.00043762765926658176
739.0 0.0004158165666012792
740.0 0.00039400538298650645
741.0 0.0008416076525463723
742.0 0.001289209922106238
743.0 0.0014722822925250512
744.0 0.001655354571994394
745.0 0.0019643181076389737
746.0 0.0022732816432835534
747.0 0.0027174064598511904
748.0 0.0031615309126209468
749.0 0.003002330595336389
750.0 0.0028431306418497115
751.0 0.0030661150958621874
752.0 0.0032890995498746634
753.0 0.0029715925847995095
754.0 0.0026540856197243556
755.0 0.002670458343345672
756.0 0.0026868312488659285
757.0 0.002381534250162076
758.0 0.002076236887660343
759.0 0.0016468007743242197
760.0 0.0012173646609880961
761.0 0.0011053892194468062
762.0 0.0009934137779055163
763.0 0.0007026056209724629
764.0 0.00041179741856467444
765.0 0.0005963412604614859
766.0 0.0007808849659340922
767.0 0.0006799624316045083
768.0 0.0005790398063254543
769.0 0.0005540101483347826
770.0 0.0005289804903441109
771.0 0.00043825284592458047
772.0 0.00034752508781821234
773.0 0.000472987676403136
774.0 0.000598450196775957
775.0 0.0005679066362063168
776.0 0.0005373631211114116
777.0 0.0005320017862686655
778.0 0.000526640315001714
779.0 0.0007216021458589239
780.0 0.0009165638402919285
781.0 0.0008102886567940004
782.0 0.0007040134278213372
783.0 0.0007885786544647999
784.0 0.0008731438356335275
785.0 0.0010291034413967282
786.0 0.0011850630471599288
787.0 0.001033448916132329
788.0 0.0008818347851047292
789.0 0.0008255094144260511
790.0 0.0007691837708989624
791.0 0.0009227615919371601
792.0 0.0010763393220258877
793.0 0.0005579551725531928
794.0 3.9571094134771556e-05
795.0 9.580397772879223e-05
796.0 0.00015203681869024877
797.0 0.000382145344701712
798.0 0.0006122537797637051
799.0 0.00043525060391402803
800.0 0.0002582474053269834
801.0 8.740308317101153e-05
802.0 1.5750263506614237e-10
803.0 1.5750263506614237e-10
804.0 1.5750263506614237e-10
805.0 1.5750263506614237e-10
806.0 0.00025413389721506974
807.0 4.5427586314872315e-05
808.0 1.5750263506614237e-10
809.0 0.0001359098632747191
810.0 0.0004350985363998916
811.0 0.00015270616131601855
812.0 1.5750263506614237e-10
813.0 0.0001276472858080524
814.0 0.0003849806944344891
815.0 0.00046308637138281483
816.0 0.0005411920483311405
817.0 0.0004675396667153109
818.0 0.00039388728509948123
819.0 0.000205018818633107
820.0 1.6150279691373726e-05
821.0 1.5750263506614237e-10
822.0 1.5750263506614237e-10
823.0 4.690727166689612e-05
824.0 0.00016404886764576077
825.0 1.5750263506614237e-10
826.0 1.5750263506614237e-10
827.0 1.5750263506614237e-10
828.0 6.77864932185912e-05
829.0 8.452755082544172e-05
830.0 0.00010126888128070277
831.0 1.5750263506614237e-10
832.0 1.5750263506614237e-10
833.0 1.5750263506614237e-10
834.0 1.5750263506614237e-10
835.0 1.5750263506614237e-10
836.0 1.5750263506614237e-10
837.0 1.5750263506614237e-10
838.0 1.5750263506614237e-10
839.0 1.5750263506614237e-10
840.0 0.00011961052450715215
841.0 0.00012281342378628324
842.0 0.00012601639127751696
843.0 4.234869948049891e-05
844.0 1.5750263506614237e-10
845.0 5.737858828069875e-05
846.0 0.000156076350776857
847.0 0.00012002841458524927
848.0 8.398048407798342e-05
849.0 0.00022611452550336253
850.0 0.0003682484702949296
851.0 0.00019180902199877892
852.0 1.536959359782486e-05
853.0 0.00011911045021406608
854.0 0.00022285116756393109
855.0 5.099138178366047e-06
856.0 1.5750263506614237e-10
857.0 9.39707263114542e-05
858.0 0.0004005943537777057
859.0 0.0005797372068627737
860.0 0.0007588800144731067
861.0 0.0007139311037462903
862.0 0.0006689822839689441
863.0 0.000764548167353496
864.0 0.0008601139597885776
865.0 0.0012711696399492212
866.0 0.0016822248653625138
867.0 0.0016087969925138168
868.0 0.0015353693015640602
869.0 0.001763693398970645
870.0 0.0019920173144782893
871.0 0.0017042719264281914
872.0 0.001416526356479153
873.0 0.0017637819837545976
874.0 0.002111037429131102
