lsstCam/transmission_filter_detector/r21_s12/u_24/19700101T000000.ecsv
# %ECSV 1.0
# ---
# datatype:
# - {name: wavelength, unit: nm, datatype: float32}
# - {name: efficiency, unit: '%', datatype: float64}
# meta: !!omap
# - {MODE: DETECTOR}
# - {TYPE: transmission_filter_detector}
# - {CALIBDATE: '1970-01-01T00:00:00'}
# - {INSTRUME: LSSTCam}
# - {OBSTYPE: transmission_filter_detector}
# - {CALIBCLS: lsst.ip.isr.IntermediateFilterDetectorTransmissionCurve}
# - {SOURCE: Materion (DM-46256)}
# - {DETECTOR: 86}
# - {FILTER: u_24}
# - {CALIB_ID: 'calibDate=1970-01-01T00:00:00 filter=u_24 detector=86'}
# - {DATE: '2025-04-02T15:59:40.147173'}
# - {CALIB_CREATION_DATE: '2025-04-02'}
# - {CALIB_CREATION_TIME: '15:59:40'}
# - __serialized_columns__:
#     efficiency:
#       __class__: astropy.units.quantity.Quantity
#       unit: !astropy.units.Unit {unit: '%'}
#       value: !astropy.table.SerializedColumn {name: efficiency}
#     wavelength:
#       __class__: astropy.units.quantity.Quantity
#       unit: !astropy.units.Unit {unit: nm}
#       value: !astropy.table.SerializedColumn {name: wavelength}
# schema: astropy-2.0
wavelength efficiency
[from data line 581]
876.0 0.00247214575210819
877.0 0.002391168163740076
878.0 0.002310191121068783
879.0 0.0023799913833499886
880.0 0.002449792009429075
881.0 0.002454145760566462
882.0 0.0024584998755017295
883.0 0.0023931419491418637
884.0 0.002327784022781998
885.0 0.002302679786225781
886.0 0.002277575731568504
887.0 0.0021741381715401076
888.0 0.0020707007934106514
889.0 0.002134437090717256
890.0 0.0021981732061249204
891.0 0.0024009550543269143
892.0 0.002603736902528908
893.0 0.002503679752408061
894.0 0.0024036222384893335
895.0 0.0027645426598610356
896.0 0.003125463263131678
897.0 0.003441228545852937
898.0 0.003756994192372076
899.0 0.004013629222754389
900.0 0.0042702635255409405
901.0 0.004401228216011077
902.0 0.004532193270279095
903.0 0.004860101034864783
904.0 0.005188009163248353
905.0 0.005154428799869493
906.0 0.005120848436490633
907.0 0.005413624239736237
908.0 0.005706400770577602
909.0 0.005513315772986971
910.0 0.00532023077539634
911.0 0.0052586929086828604
912.0 0.005197155405767262
913.0 0.005123384471517056
914.0 0.005049613901064731
915.0 0.00467930622107815
916.0 0.004308998177293688
917.0 0.004097912824363448
918.0 0.0038868274714332074
919.0 0.004094072937732562
920.0 0.004301318040234037
921.0 0.0044469958083936945
922.0 0.004592673576553352
923.0 0.005229492307989858
924.0 0.0058663092204369605
925.0 0.00611867435509339
926.0 0.006371039489749819
927.0 0.006977198063395917
928.0 0.007583355181850493
929.0 0.007583296246593818
930.0 0.007583237311337143
931.0 0.007653611100977287
932.0 0.007723983435425907
933.0 0.007730330980848521
934.0 0.007736677071079612
935.0 0.00786099408287555
936.0 0.00798530745669268
937.0 0.007564115367131308
938.0 0.0071429247327614576
939.0 0.006910858064657077
940.0 0.00667879285174422
941.0 0.005680313552147709
942.0 0.004681833524955437
943.0 0.003760728213819675
944.0 0.0028396232664817944
945.0 0.0025769370040507056
946.0 0.002314250923518557
947.0 0.0019336404875502922
948.0 0.0015530300515820272
949.0 0.001396080551785417
950.0 0.0012391310519888066
951.0 0.0013933295122114941
952.0 0.0015475279724341817
953.0 0.0016413743651355617
954.0 0.001735220939735882
955.0 0.002138174204446841
956.0 0.0025411274691578
957.0 0.002685594699869398
958.0 0.002830061384884175
959.0 0.0030718831112608314
960.0 0.0033137042919406667
961.0 0.003914600893040188
962.0 0.004515497494139709
963.0 0.00447345846623648
964.0 0.004431419438333251
965.0 0.004545067349681631
966.0 0.004658715624827892
967.0 0.004702120349975303
968.0 0.004745525075122714
969.0 0.004745936166727915
970.0 0.004746347258333117
971.0 0.0045887678425060585
972.0 0.004431188426679
973.0 0.00420476972067263
974.0 0.003978351014666259
975.0 0.0038263013266259804
976.0 0.0036742516385857016
977.0 0.0032150750485016033
978.0 0.0027558982765185647
979.0 0.0027031741410610266
980.0 0.0026504500056034885
981.0 0.0026180745408055373
982.0 0.0025856988941086456
983.0 0.002736984060902614
984.0 0.002888269409595523
985.0 0.0031468978704651818
986.0 0.0034055272408295423
987.0 0.0037787642213515937
988.0 0.004152001201873645
989.0 0.004813743362319656
990.0 0.005475484795169905
991.0 0.0058149522374151275
992.0 0.006154418952064589
993.0 0.0063143968873191625
994.0 0.006474372639786452
995.0 0.006196418689796701
996.0 0.0059184629208175465
997.0 0.005779963612440042
998.0 0.005641466123051941
999.0 0.006128368841018528
1000.0 0.006615270103793591
1001.0 0.006607745308429003
1002.0 0.006600221968255937
1003.0 0.006062163083697669
1004.0 0.005524105654330924
1005.0 0.005240964310360141
1006.0 0.004957822238793597
1007.0 0.005029697058489546
1008.0 0.005101570786791854
1009.0 0.004498318594414741
1010.0 0.0038950671296333894
1011.0 0.0036795703636016697
1012.0 0.0034640743251657113
1013.0 0.002904013672377914
1014.0 0.002343953019590117
1015.0 0.0019471675841487013
1016.0 0.0015503819668083452
1017.0 0.0014011300663696602
1018.0 0.0012518779840320349
1019.0 0.0009115447937801946
1020.0 0.0005712113306799438
1021.0 0.0007691695827816147
1022.0 0.0009671279258327559
1023.0 0.0012160129699623212
1024.0 0.001464898195990827
1025.0 0.0013029681213083677
1026.0 0.0011410382285248488
1027.0 0.001221269940288039
1028.0 0.001301501652051229
1029.0 0.0013736168511968572
1030.0 0.001445732414140366
1031.0 0.0018075103071168996
1032.0 0.002169288563891314
1033.0 0.0017614302123547532
1034.0 0.001353571678919252
1035.0 0.0016732587027945556
1036.0 0.0019929453628719784
1037.0 0.0021254154489724897
1038.0 0.002257885535073001
1039.0 0.0020290577595005743
1040.0 0.0018002305296249688
1041.0 0.0018442557120579295
1042.0 0.0018882810763898306
1043.0 0.0018379470930085517
1044.0 0.001787613109627273
1045.0 0.0016051286365836859
1046.0 0.0014226443454390392
1047.0 0.0016712943761376664
1048.0 0.001919944588735234
1049.0 0.0019074288502451964
1050.0 0.001894912747957278
1051.0 0.0019172066458850168
1052.0 0.0019395005438127555
1053.0 0.0017161130017484538
1054.0 0.0014927252777852118
1055.0 0.0013995477274875157
1056.0 0.0013063702681392897
1057.0 0.0014254521374823526
1058.0 0.0015445339158759452
1059.0 0.0009833745934884064
1060.0 0.0004222154529998079
1061.0 0.001025688379741041
1062.0 0.0016291614883812144
1063.0 0.0016195548596442677
1064.0 0.0016099480490083806
1065.0 0.0014619363355450332
1066.0 0.0013139245311322156
1067.0 0.0015813742720638402
1068.0 0.0018488235582481138
1069.0 0.0018418651961837895
1070.0 0.0018349064703215845
1071.0 0.0018573504348751158
1072.0 0.0018797945813275874
1073.0 0.0018270098735229112
1074.0 0.001774225165718235
1075.0 0.0026889762011705898
1076.0 0.0036037268728250638
1077.0 0.003327609010739252
1078.0 0.003051490602956619
1079.0 0.004324003748479299
1080.0 0.005596515256911516
1081.0 0.00431234402640257
1082.0 0.003028173523489386
1083.0 0.002911539559136145
1084.0 0.002794905594782904
1085.0 0.003083542105741799
1086.0 0.0033721782529028133
1087.0 0.0038077341741882265
1088.0 0.00424329009547364
1089.0 0.005335838795872405
1090.0 0.006428387860069051
1091.0 0.004150299355387688
1092.0 0.001872210850706324
1093.0 0.0022030988475307822
1094.0 0.002533987026254181
1095.0 0.002698446587601211
1096.0 0.0028629063308471814
1097.0 0.0032002077205106616
1098.0 0.0035375094739720225
1099.0 0.0026469571821507998
1100.0 0.0017564050722285174
