lsstCam/transmission_filter_detector/r34_s01/g_6/19700101T000000.ecsv
# %ECSV 1.0
# ---
# datatype:
# - {name: wavelength, unit: nm, datatype: float32}
# - {name: efficiency, unit: '%', datatype: float64}
# meta: !!omap
# - {MODE: DETECTOR}
# - {TYPE: transmission_filter_detector}
# - {CALIBDATE: '1970-01-01T00:00:00'}
# - {INSTRUME: LSSTCam}
# - {OBSTYPE: transmission_filter_detector}
# - {CALIBCLS: lsst.ip.isr.IntermediateFilterDetectorTransmissionCurve}
# - {SOURCE: Materion (DM-46256)}
# - {DETECTOR: 154}
# - {FILTER: g_6}
# - {CALIB_ID: 'calibDate=1970-01-01T00:00:00 filter=g_6 detector=154'}
# - {DATE: '2025-04-02T15:59:42.740116'}
# - {CALIB_CREATION_DATE: '2025-04-02'}
# - {CALIB_CREATION_TIME: '15:59:42'}
# - __serialized_columns__:
#     efficiency:
#       __class__: astropy.units.quantity.Quantity
#       unit: !astropy.units.Unit {unit: '%'}
#       value: !astropy.table.SerializedColumn {name: efficiency}
#     wavelength:
#       __class__: astropy.units.quantity.Quantity
#       unit: !astropy.units.Unit {unit: nm}
#       value: !astropy.table.SerializedColumn {name: wavelength}
# schema: astropy-2.0
wavelength efficiency
[from data line 607]
907.0 0.0005008058451494435
908.0 0.00045026645238976926
909.0 0.00039972696868062485
910.0 0.0003514577429086785
911.0 0.00030318853987409966
912.0 0.00042084616325155366
913.0 0.0005385037638916401
914.0 0.00047891089707263745
915.0 0.0004193179847788997
916.0 0.00046149825720931403
917.0 0.0005036786205891985
918.0 0.0004308889856474707
919.0 0.0003580993961804779
920.0 0.00039453611861972604
921.0 0.00043097279558423907
922.0 0.0003888612354785437
923.0 0.00034674965263548074
924.0 0.00037754173263238044
925.0 0.0004083337444171775
926.0 0.00036965759591112146
927.0 0.0003309813791929628
928.0 0.00048377773964602966
929.0 0.0006365741228364641
930.0 0.0005068795871920884
931.0 0.00037718516523455037
932.0 0.00044491262087831274
933.0 0.0005126401902089128
934.0 0.0005977454293315532
935.0 0.0006828508048783988
936.0 0.0005565145784203196
937.0 0.0004301784883864457
938.0 0.0003924187694792636
939.0 0.0003546591642589192
940.0 0.0005147552201378858
941.0 0.0006748512532794848
942.0 0.0006425234914786415
943.0 0.0006101957751525333
944.0 0.0007463809197361115
945.0 0.0008825660188449547
946.0 0.0008395317308895756
947.0 0.0007964974429341964
948.0 0.0007563576218672097
949.0 0.0007162178008002229
950.0 0.0006806965302530443
951.0 0.0006451752597058658
952.0 0.0008398971658607479
953.0 0.00103461907201563
954.0 0.0009253716598323081
955.0 0.0008161239748005755
956.0 0.0006530613973154686
957.0 0.0004899986834061565
958.0 0.0005926486210228177
959.0 0.0006952984676900087
960.0 0.0006958433914405759
961.0 0.000696388224241673
962.0 0.0006777409907954279
963.0 0.0006590936663997127
964.0 0.0005751718617830193
965.0 0.0004912498752673855
966.0 0.0005699707799067255
967.0 0.0006486916845460655
968.0 0.0006292304533417337
969.0 0.0006097692221374018
970.0 0.0006372365533025004
971.0 0.0006647039299423341
972.0 0.000756206964069861
973.0 0.0008477099981973879
974.0 0.0008528008038410917
975.0 0.0008578916094847955
976.0 0.0007909366104286164
977.0 0.0007239815658977022
978.0 0.0008464599886792712
979.0 0.0009689382750366349
980.0 0.0008990763490146492
981.0 0.0008292144229926635
982.0 0.0008510571205988526
983.0 0.000872899909154512
984.0 0.0010563135219854303
985.0 0.0012397272257658187
986.0 0.0012575735127029475
987.0 0.0012754198905895464
988.0 0.0012916893865622114
989.0 0.0013079587006359361
990.0 0.0013583786312665325
991.0 0.001408798652846599
992.0 0.0014496808034891728
993.0 0.0014905629541317467
994.0 0.0014875296074023936
995.0 0.0014844964425719809
996.0 0.001479473303334089
997.0 0.0014744498912477866
998.0 0.0013521325854526367
999.0 0.0012298152796574868
1000.0 0.0012748530934914015
1001.0 0.0013198907254263759
1002.0 0.0013491527170117479
1003.0 0.0013784146176476497
1004.0 0.0013491727258951869
1005.0 0.0013199310160416644
1006.0 0.001405143575539114
1007.0 0.0014903562259860337
1008.0 0.0014219833246897906
1009.0 0.0013536106052924879
1010.0 0.0014862841453577857
1011.0 0.0016189576854230836
1012.0 0.0016729092749301344
1013.0 0.0017268605006393045
1014.0 0.0019762228475883603
1015.0 0.002225585194537416
1016.0 0.002322550608369056
1017.0 0.002419515840301756
1018.0 0.0025399036530870944
1019.0 0.0026602918296703137
1020.0 0.003018989627889823
1021.0 0.003377687608008273
1022.0 0.0034438529837643728
1023.0 0.0035100183595204726
1024.0 0.0035854729503626004
1025.0 0.003660927541204728
1026.0 0.003918788934242912
1027.0 0.004176650327281095
1028.0 0.004419927063281648
1029.0 0.004663204163080081
1030.0 0.004675300442613661
1031.0 0.004687396722147241
1032.0 0.004861043635173701
1033.0 0.0050346901844022796
1034.0 0.005157073974260129
1035.0 0.0052794577641179785
1036.0 0.005495476216310635
1037.0 0.005711494668503292
1038.0 0.005868005246156827
1039.0 0.006024515823810361
1040.0 0.006091420436860062
1041.0 0.006158324686111882
1042.0 0.00631312359473668
1043.0 0.00646792323095724
1044.0 0.006923440378159285
1045.0 0.007378957525361329
1046.0 0.008246791549026966
1047.0 0.009114625572692603
1048.0 0.010050339915324003
1049.0 0.01098605353035964
1050.0 0.012960511958226562
1051.0 0.014934968203306198
1052.0 0.01808182569220662
1053.0 0.021228683181107044
1054.0 0.025533861480653286
1055.0 0.029839039780199528
1056.0 0.03571786219254136
1057.0 0.0415966787841171
1058.0 0.048768159467726946
1059.0 0.0559396343305707
1060.0 0.06418598932214081
1061.0 0.0724323617760092
1062.0 0.0795088242739439
1063.0 0.08658527513034642
1064.0 0.09277380886487663
1065.0 0.09896231349557638
1066.0 0.10391549440100789
1067.0 0.1088686753064394
1068.0 0.11513145873323083
1069.0 0.12139424216002226
1070.0 0.13022617204114795
1071.0 0.13905809028074145
1072.0 0.1506817527115345
1073.0 0.1623054384253919
1074.0 0.17657040152698755
1075.0 0.19083537627011538
1076.0 0.20489778835326433
1077.0 0.21896024700254202
1078.0 0.23168481420725584
1079.0 0.24440938141196966
1080.0 0.26040133088827133
1081.0 0.27639325708150864
1082.0 0.2973867813125253
1083.0 0.31838028226047754
1084.0 0.3549009095877409
1085.0 0.3914215601980686
1086.0 0.4280619788914919
1087.0 0.46470239758491516
1088.0 0.5153636448085308
1089.0 0.5660248454660177
1090.0 0.6435045041143894
1091.0 0.7209841161966324
1092.0 0.7720444817095995
1093.0 0.8231049403548241
1094.0 0.8583643473684788
1095.0 0.8936239406466484
1096.0 0.9336462244391441
1097.0 0.9736684150993824
1098.0 1.0367793962359428
1099.0 1.0998903773725033
1100.0 1.1964435689151287
1101.0 1.2929966673254967
