lsstCam/transmission_filter_detector/r34_s01/g_6/19700101T000000.ecsv
# %ECSV 1.0
# ---
# datatype:
# - {name: wavelength, unit: nm, datatype: float32}
# - {name: efficiency, unit: '%', datatype: float64}
# meta: !!omap
# - {MODE: DETECTOR}
# - {TYPE: transmission_filter_detector}
# - {CALIBDATE: '1970-01-01T00:00:00'}
# - {INSTRUME: LSSTCam}
# - {OBSTYPE: transmission_filter_detector}
# - {CALIBCLS: lsst.ip.isr.IntermediateFilterDetectorTransmissionCurve}
# - {SOURCE: Materion (DM-46256)}
# - {DETECTOR: 154}
# - {FILTER: g_6}
# - {CALIB_ID: 'calibDate=1970-01-01T00:00:00 filter=g_6 detector=154'}
# - {DATE: '2025-04-02T15:59:42.740116'}
# - {CALIB_CREATION_DATE: '2025-04-02'}
# - {CALIB_CREATION_TIME: '15:59:42'}
# - __serialized_columns__:
#     efficiency:
#       __class__: astropy.units.quantity.Quantity
#       unit: !astropy.units.Unit {unit: '%'}
#       value: !astropy.table.SerializedColumn {name: efficiency}
#     wavelength:
#       __class__: astropy.units.quantity.Quantity
#       unit: !astropy.units.Unit {unit: nm}
#       value: !astropy.table.SerializedColumn {name: wavelength}
# schema: astropy-2.0
wavelength efficiency
300.0 0.35577029921114445
301.0 0.31015006825327873
302.0 0.26452981401234865
303.0 0.2479957416653633
304.0 0.2314617158845067
305.0 0.2285629976540804
306.0 0.22566427942365408
307.0 0.21544606424868107
308.0 0.2052278257906437
309.0 0.19884123466908932
310.0 0.19245462026447058
311.0 0.19616347271949053
312.0 0.19987232517451048
313.0 0.18748383736237884
314.0 0.175095337908715
315.0 0.1742923050187528
316.0 0.17348927212879062
317.0 0.17138380790129304
318.0 0.16927834367379546
319.0 0.15967090148478746
320.0 0.15006344765424728
321.0 0.1389071112498641
322.0 0.12775077484548092
323.0 0.11560041457414627
324.0 0.10345004266127944
325.0 0.09163629729300737
326.0 0.07982255192473531
327.0 0.07205033325590193
328.0 0.06427812040783465
329.0 0.061713875038549304
330.0 0.05914963549003005
331.0 0.05478969542309642
332.0 0.050429749535396695
333.0 0.047219370026141405
334.0 0.04400898760650307
335.0 0.042036460945382714
336.0 0.040063937194645405
337.0 0.04042586369905621
338.0 0.040787787293083966
339.0 0.04030019917991012
340.0 0.039812608156353235
341.0 0.03797940444201231
342.0 0.036146200727671385
343.0 0.033057600376196206
344.0 0.029969000024721026
345.0 0.02625218767207116
346.0 0.022535378229804337
347.0 0.02076922683045268
348.0 0.019003076886292547
349.0 0.017553787620272487
350.0 0.8122555911540985
351.0 1.1425893753767014
352.0 0.698217423632741
353.0 1.0007219389081001
354.0 0.5342877004295588
355.0 0.5962642375379801
356.0 0.5867030471563339
357.0 0.8552666753530502
358.0 0.6105166394263506
359.0 1.0120921768248081
360.0 0.45908093452453613
361.0 0.7947675883769989
362.0 0.6612513680011034
363.0 0.8262189105153084
364.0 0.631488673388958
365.0 0.691950274631381
366.0 0.5532929208129644
367.0 0.7100030314177275
368.0 0.4637050908058882
369.0 0.6040214095264673
370.0 0.457317428663373
371.0 0.6531659048050642
372.0 0.37924274802207947
373.0 0.603549787774682
374.0 0.35865604877471924
375.0 0.5984635557979345
376.0 0.3684001276269555
377.0 0.5445825401693583
378.0 0.38469284772872925
379.0 0.6626434158533812
380.0 0.37627466954290867
381.0 0.5063870921730995
382.0 0.5587175954133272
383.0 0.5175174679607153
384.0 0.5702194292098284
385.0 0.5879578180611134
386.0 0.6332652177661657
387.0 0.8106776513159275
388.0 0.9111646562814713
389.0 1.323059480637312
390.0 1.8735989928245544
391.0 2.9071826487779617
392.0 4.571639001369476
393.0 7.247859984636307
394.0 10.902214795351028
395.0 15.750658512115479
396.0 21.762074530124664
397.0 29.34456169605255
398.0 38.019657135009766
399.0 47.495654225349426
400.0 56.87785744667053
401.0 65.69390296936035
402.0 73.7775444984436
403.0 80.49658536911011
404.0 85.31149625778198
405.0 88.83000612258911
406.0 90.83501696586609
407.0 92.39279627799988
408.0 93.32752823829651
409.0 93.75742673873901
410.0 93.82560849189758
411.0 93.76133680343628
412.0 93.40141415596008
413.0 93.18976998329163
414.0 93.01902651786804
415.0 93.21137070655823
416.0 93.58037114143372
417.0 93.92493963241577
418.0 94.46795582771301
419.0 94.9826717376709
420.0 95.48704028129578
421.0 96.09522223472595
422.0 96.23110890388489
423.0 96.38800621032715
424.0 96.17180228233337
425.0 96.0609495639801
426.0 96.02872729301453
427.0 96.058189868927
428.0 95.9071695804596
429.0 95.66426277160645
430.0 95.61932682991028
431.0 95.68328857421875
432.0 95.71322798728943
433.0 95.81015706062317
434.0 95.85861563682556
435.0 96.01671695709229
436.0 96.11482620239258
437.0 96.04877233505249
438.0 96.10472321510315
439.0 96.25102281570435
440.0 96.18669152259827
441.0 96.27729058265686
442.0 96.30740284919739
443.0 96.28911018371582
444.0 96.17417454719543
445.0 95.94442844390869
446.0 95.81003785133362
447.0 95.57163119316101
448.0 95.6264317035675
449.0 95.82559466362
450.0 96.06573581695557
451.0 96.27853035926819
452.0 96.46713733673096
453.0 96.56261205673218
454.0 96.63426280021667
455.0 96.88011407852173
456.0 96.9937264919281
457.0 97.12623953819275
458.0 97.1429705619812
459.0 97.164785861969
460.0 97.19576835632324
461.0 97.2650945186615
462.0 97.20129370689392
463.0 97.10507392883301
464.0 97.20691442489624
465.0 97.10007905960083
466.0 97.13019132614136
467.0 97.09785580635071
468.0 97.16054201126099
469.0 97.21725583076477
470.0 97.02659845352173
471.0 96.88255190849304
472.0 97.00837135314941
473.0 96.84823155403137
474.0 96.76104784011841
475.0 96.86488509178162
476.0 96.88201546669006
477.0 96.9387948513031
478.0 97.05663919448853
479.0 97.00844287872314
480.0 97.22545742988586
481.0 97.27760553359985
482.0 97.45301008224487
483.0 97.37913608551025
484.0 97.5638210773468
485.0 97.55781888961792
486.0 97.58975505828857
487.0 97.63714671134949
488.0 97.6449966430664
489.0 97.73268699645996
490.0 97.68344163894653
491.0 97.735995054245
492.0 97.67593741416931
493.0 97.70922064781189
494.0 97.67500162124634
495.0 97.72771000862122
496.0 97.563636302948
497.0 97.49240279197693
498.0 97.28415012359619
499.0 97.31122255325317
500.0 97.25807309150696
501.0 97.29028940200806
502.0 97.19151854515076
503.0 97.34130501747131
504.0 97.15803265571594
505.0 97.15220928192139
506.0 97.19847440719604
507.0 97.14023470878601
508.0 97.12765216827393
509.0 97.16570973396301
510.0 97.07244038581848
511.0 97.0695972442627
512.0 96.99845314025879
513.0 97.11839556694031
514.0 97.06348180770874
515.0 97.07844257354736
516.0 97.2062885761261
517.0 97.19846844673157
518.0 97.24875688552856
519.0 97.2800612449646
520.0 97.31183052062988
521.0 97.39733338356018
522.0 97.40175008773804
523.0 97.35265374183655
524.0 97.3650872707367
525.0 97.35719561576843
526.0 97.39595055580139
527.0 97.35179543495178
528.0 97.51147627830505
529.0 97.52320051193237
530.0 97.54376411437988
531.0 97.6768970489502
532.0 97.57242202758789
533.0 97.5731611251831
534.0 97.56699800491333
535.0 97.33231663703918
536.0 96.9311773777008
537.0 96.34085893630981
538.0 95.4460620880127
539.0 93.92171502113342
540.0 92.06751585006714
541.0 89.24357295036316
542.0 86.34425401687622
543.0 82.51848816871643
544.0 77.73638963699341
545.0 73.57874512672424
546.0 68.55485439300537
547.0 64.03945684432983
548.0 59.65157151222229
549.0 55.814129114151
550.0 52.841633558273315
551.0 49.97100830078125
552.0 47.71069884300232
553.0 45.228856801986694
554.0 42.16393232345581
555.0 38.74792158603668
556.0 34.19032394886017
557.0 29.012447595596313
558.0 23.491136729717255
559.0 18.149322271347046
560.0 13.21890652179718
561.0 8.706357330083847
562.0 5.468736216425896
563.0 3.1129028648138046
564.0 1.6859717667102814
565.0 0.7948568090796471
566.0 0.43025845661759377
567.0 0.22208173759281635
568.0 0.14065603027120233
569.0 0.09255757904611528
570.0 0.07271691574715078
571.0 0.043139010085724294
572.0 0.04579190572258085
573.0 0.02947912726085633
574.0 0.04231440543662757
575.0 0.024839144316501915
576.0 0.030152697581797838
577.0 0.023274622799362987
578.0 0.02988964261021465
579.0 0.020861532539129257
580.0 0.02213409752584994
581.0 0.019186070130672306
582.0 0.036912658833898604
583.0 0.018374375940766186
584.0 0.01589640451129526
585.0 0.019062361388932914
586.0 0.028694028151221573
587.0 0.010580891830613837
588.0 0.010259528789902106
589.0 0.014620338333770633
590.0 0.023068315931595862
591.0 0.015880813589319587
592.0 0.01730231015244499
593.0 0.005903081546421163
594.0 0.0209582329262048
595.0 0.006875399412820116
596.0 0.01234828814631328
597.0 0.008419470395892859
598.0 0.015492364764213562
599.0 0.010541289520915598
600.0 0.009352643974125385
601.0 0.0020287465304136276
602.0 0.0020111441699555144
603.0 0.0019935416275984608
604.0 0.0018917780835181475
605.0 0.0017900145394378342
606.0 0.00185949174920097
607.0 0.0019289693227619864
608.0 0.0018053551684715785
609.0 0.0016817408322822303
610.0 0.0018140648535336368
611.0 0.0019463890566839837
612.0 0.0018554153939476237
613.0 0.001764441913110204
614.0 0.0017193924577441067
615.0 0.0016743431842769496
616.0 0.0015573981727357022
617.0 0.001440453252143925
618.0 0.0015161863302637357
619.0 0.001591919681231957
620.0 0.0014732200725120492
621.0 0.0013545202818932012
622.0 0.0013856639270670712
623.0 0.0014168071174935903
624.0 0.0014027347788214684
625.0 0.001388662712997757
626.0 0.00138846935442416
627.0 0.0013882759049010929
628.0 0.0013860433682566509
629.0 0.0013838107406627387
630.0 0.0013967087397759315
631.0 0.001409606647939654
632.0 0.0013673437024408486
633.0 0.0013250810297904536
634.0 0.00135341670102207
635.0 0.0013817525541526265
636.0 0.0013110260624671355
637.0 0.0012402994798321743
638.0 0.001168800372397527
639.0 0.0010973010830639396
640.0 0.0012070441698597278
641.0 0.0013167870747565757
642.0 0.0012303157745918725
643.0 0.001143844383477699
644.0 0.0010961161024169996
645.0 0.001048388185154181
646.0 0.0011265657121839467
647.0 0.0012047432392137125
648.0 0.001245361545443302
649.0 0.0012859798516728915
650.0 0.0012106653230148368
651.0 0.0011353507034073118
652.0 0.0011471140169305727
653.0 0.001158877512352774
654.0 0.001138731931860093
655.0 0.0011185865332663525
656.0 0.001052395691658603
657.0 0.0009862049410003237
658.0 0.0010728644156188238
659.0 0.0011595240721362643
660.0 0.0010808710612764116
661.0 0.0010022179594670888
662.0 0.0010670336450857576
663.0 0.001131849148805486
664.0 0.0011487340998428408
665.0 0.0011656188689812552
666.0 0.0011641373021120671
667.0 0.0011626555533439387
668.0 0.0011613275091804098
669.0 0.0011599993740674108
670.0 0.0011578968042158522
671.0 0.0011557943253137637
672.0 0.001136439823312685
673.0 0.0011170854122610763
674.0 0.0011151628314109985
675.0 0.0011132401596114505
676.0 0.0010744324754341505
677.0 0.0010356244274589699
678.0 0.0010218060197075829
679.0 0.0010079877938551363
680.0 0.0009920607226376887
681.0 0.0009761340152181219
682.0 0.0010284577001584694
683.0 0.001080781476048287
684.0 0.001023121330945287
685.0 0.000965461276791757
686.0 0.0009744361705088522
687.0 0.0009834111551754177
688.0 0.0009791898264666088
689.0 0.0009749684977577999
690.0 0.0010211257176706567
691.0 0.0010672828466340434
692.0 0.0010811640095198527
693.0 0.0010950453543046024
694.0 0.0011002604878740385
695.0 0.001105475803342415
696.0 0.0011538736544025596
697.0 0.0012022715964121744
698.0 0.0012244480785739142
699.0 0.001246624469786184
700.0 0.0012555195098684635
701.0 0.0012644146409002133
702.0 0.001230890029546572
703.0 0.0011973653272434603
704.0 0.0011314789844618645
705.0 0.0010655924597813282
706.0 0.0011210016054974403
707.0 0.001176410569314612
708.0 0.0012030816833430436
709.0 0.0012297531611693557
710.0 0.0012396742931741755
711.0 0.0012495956980274059
712.0 0.0012839615919801872
713.0 0.0013183273949834984
714.0 0.0013377100913203321
715.0 0.001357092787657166
716.0 0.0014770085726922844
717.0 0.001596924448676873
718.0 0.0017924819985637441
719.0 0.0019880397303495556
720.0 0.0017209084035130218
721.0 0.0014537768038280774
722.0 0.0015357256415882148
723.0 0.0016176745702978224
724.0 0.001654473271628376
725.0 0.0016912719729589298
726.0 0.0017268863302888349
727.0 0.0017625003238208592
728.0 0.001928669553308282
729.0 0.0020948386008967645
730.0 0.0020736761143780313
731.0 0.002052513627859298
732.0 0.0018703223759075627
733.0 0.0016881316696526483
734.0 0.0015099303709575906
735.0 0.0013317288903635927
736.0 0.0011568808986339718
737.0 0.0009820330888032913
738.0 0.001030637213261798
739.0 0.001079241519619245
740.0 0.000991856632026611
741.0 0.0009044714715855662
742.0 0.0009626489372749347
743.0 0.001020826766762184
744.0 0.0009887267879093997
745.0 0.0009566268090566155
746.0 0.0008272589184343815
747.0 0.0006978908913879422
748.0 0.0007815654498699587
749.0 0.0008652396900288295
750.0 0.0009363396202388685
751.0 0.0010074396413983777
752.0 0.0009048033462022431
753.0 0.0008021668691071682
754.0 0.0007696579814364668
755.0 0.0007371489573415602
756.0 0.0007692493454669602
757.0 0.0008013497790670954
758.0 0.0008821522897051182
759.0 0.0009629548912926111
760.0 0.0009580389814800583
761.0 0.0009531227988190949
762.0 0.0008391601113544311
763.0 0.0007251975148392376
764.0 0.000698579196978244
765.0 0.0006719610610161908
766.0 0.0006681243576167617
767.0 0.0006642876542173326
768.0 0.0006464796570071485
769.0 0.0006286717052716995
770.0 0.0006576078249054262
771.0 0.0006865440354886232
772.0 0.0006566254342033062
773.0 0.0006267067874432541
774.0 0.0006245133590709884
775.0 0.0006223198397492524
776.0 0.0006446016868721927
777.0 0.0006668833520961925
778.0 0.0006356258836603956
779.0 0.0006043684606993338
780.0 0.0006092702278692741
781.0 0.0006141720405139495
782.0 0.0005284075996314641
783.0 0.0004426432496984489
784.0 0.0003383176590432413
785.0 0.00023399206838803366
786.0 0.00027670039344229735
787.0 0.00031940871849656105
788.0 0.00033267899652855704
789.0 0.0003459493655100232
790.0 0.0004138815256737871
791.0 0.0004818137313122861
792.0 0.0004444550086191157
793.0 0.00040709633140068036
794.0 0.00035933221624873113
795.0 0.00031156807835941436
796.0 0.0003110926627414301
797.0 0.0003106172243860783
798.0 0.0003349476173752919
799.0 0.0003592779876271379
800.0 0.00041092416722676717
801.0 0.00046257041503849905
802.0 0.00041758944462344516
803.0 0.0003726085424204939
804.0 0.0004467226972337812
805.0 0.0005208368747844361
806.0 0.0004824838470085524
807.0 0.00044413077375793364
808.0 0.00041788794078456704
809.0 0.00039164510781120043
810.0 0.0003242389539082069
811.0 0.0002568327772678458
812.0 0.00035159725939593045
813.0 0.0004463618097361177
814.0 0.0004529078069026582
815.0 0.00045945380406919867
816.0 0.0005051880179962609
817.0 0.0005509222773980582
818.0 0.0004415939656610135
819.0 0.0003322656539239688
820.0 0.00033017304303939454
821.0 0.0003280804321548203
822.0 0.0004664418156608008
823.0 0.0006048031082173111
824.0 0.0005319281171978218
825.0 0.0004590530807035975
826.0 0.0005069652615929954
827.0 0.0005548774424823932
828.0 0.0005087857061880641
829.0 0.0004626938789442647
830.0 0.00043170743992959615
831.0 0.0004007209554401925
832.0 0.0003812615432252642
833.0 0.0003618021537477034
834.0 0.0002761202722467715
835.0 0.00019043832253373694
836.0 0.0003309795374661917
837.0 0.00047152070692391135
838.0 0.0005440514541987795
839.0 0.0006165822469483828
840.0 0.0004967675977241015
841.0 0.0003769529484998202
842.0 0.0004030078798678005
843.0 0.0004290628567105159
844.0 0.0005280046025291085
845.0 0.0006269463483477011
846.0 0.00046493723857565783
847.0 0.00030292808332887944
848.0 0.00037244815302983625
849.0 0.00044196822273079306
850.0 0.00035692410165211186
851.0 0.0002718799578360631
852.0 0.0002167552111131954
853.0 0.00016163047575901146
854.0 0.0003496606950648129
855.0 0.0005376909030019306
856.0 0.00044133344090369064
857.0 0.0003449760242801858
858.0 0.0003643984882728546
859.0 0.00038382099774025846
860.0 0.0004515095042734174
861.0 0.0005191979653318413
862.0 0.0005084549684397643
863.0 0.0004977119260729523
864.0 0.0004853079190070275
865.0 0.00047290382099163253
866.0 0.0005395319021772593
867.0 0.000606159892413416
868.0 0.00050251233005838
869.0 0.00039886467675387394
870.0 0.000397741268898244
871.0 0.0003966178610426141
872.0 0.0004164926394878421
873.0 0.0004363674634078052
874.0 0.0005307158971845638
875.0 0.0006250643309613224
876.0 0.00047822077249293216
877.0 0.00033137723676190944
878.0 0.00047698313210275955
879.0 0.0006225890956557123
880.0 0.0006802604730182793
881.0 0.0007379320322797867
882.0 0.0005505211902345764
883.0 0.00036311043913883623
884.0 0.0004270294994057622
885.0 0.000490948514197953
886.0 0.0005264486844680505
887.0 0.000561948900212883
888.0 0.0005369910013541812
889.0 0.0005120331024954794
890.0 0.0005807367415400222
891.0 0.0006494404260593001
892.0 0.0006532367478939705
893.0 0.0006570332516275812
894.0 0.0005163442438060883
895.0 0.00037565532693406567
896.0 0.00032867840218386846
897.0 0.0002817015001710388
898.0 0.0003682051783471252
899.0 0.00045470883378584404
900.0 0.00038142250105011044
901.0 0.00030813621378911193
902.0 0.00039734181882522535
903.0 0.00048654746933607385
904.0 0.0004473571152630029
905.0 0.000408166761189932
