lsstCam/transmission_filter_detector/r14_s12/z_20/19700101T000000.ecsv
# %ECSV 1.0
# ---
# datatype:
# - {name: wavelength, unit: nm, datatype: float32}
# - {name: efficiency, unit: '%', datatype: float64}
# meta: !!omap
# - {MODE: DETECTOR}
# - {TYPE: transmission_filter_detector}
# - {CALIBDATE: '1970-01-01T00:00:00'}
# - {INSTRUME: LSSTCam}
# - {OBSTYPE: transmission_filter_detector}
# - {CALIBCLS: lsst.ip.isr.IntermediateFilterDetectorTransmissionCurve}
# - {SOURCE: Materion (DM-46256)}
# - {DETECTOR: 68}
# - {FILTER: z_20}
# - {CALIB_ID: 'calibDate=1970-01-01T00:00:00 filter=z_20 detector=68'}
# - {DATE: '2025-04-02T15:59:48.952981'}
# - {CALIB_CREATION_DATE: '2025-04-02'}
# - {CALIB_CREATION_TIME: '15:59:48'}
# - __serialized_columns__:
#     efficiency:
#       __class__: astropy.units.quantity.Quantity
#       unit: !astropy.units.Unit {unit: '%'}
#       value: !astropy.table.SerializedColumn {name: efficiency}
#     wavelength:
#       __class__: astropy.units.quantity.Quantity
#       unit: !astropy.units.Unit {unit: nm}
#       value: !astropy.table.SerializedColumn {name: wavelength}
# schema: astropy-2.0
wavelength efficiency
300.0 0.8578981272876263
301.0 0.5799504928290844
302.0 0.30200297478586435
303.0 0.29384735971689224
304.0 0.28569174464792013
305.0 0.2423277823254466
306.0 0.19896379671990871
307.0 0.18247439293190837
308.0 0.1659850124269724
309.0 0.14381244545802474
310.0 0.12163986684754491
311.0 0.12272121384739876
312.0 0.12380258413031697
313.0 0.10824212804436684
314.0 0.09268169524148107
315.0 0.09281811071559787
316.0 0.09295452618971467
317.0 0.0781275739427656
318.0 0.0633006333373487
319.0 0.06297419313341379
320.0 0.06264774710871279
321.0 0.06183863151818514
322.0 0.061029515927657485
323.0 0.05402970127761364
324.0 0.047029892448335886
325.0 0.043098736205138266
326.0 0.039167579961940646
327.0 0.038478177157230675
328.0 0.03778877726290375
329.0 0.03364012227393687
330.0 0.029491473105736077
331.0 0.027164039784111083
332.0 0.024836609372869134
333.0 0.0239514178247191
334.0 0.023066224821377546
335.0 0.02141769655281678
336.0 0.019769169739447534
337.0 0.0240019362536259
338.0 0.028234696947038174
339.0 0.023987851454876363
340.0 0.019741013238672167
341.0 0.016826084174681455
342.0 0.013911156565882266
343.0 0.013608107110485435
344.0 0.01330506056547165
345.0 0.01274478854611516
346.0 0.012184514343971387
347.0 0.011564126907614991
348.0 0.010943742381641641
349.0 0.01322077150689438
350.0 0.01549780135974288
351.0 0.012990615505259484
352.0 0.010483424557605758
353.0 0.011166263720951974
354.0 0.01184910288429819
355.0 0.009924620826495811
356.0 0.008000140951480716
357.0 0.009087659418582916
358.0 0.010175181523663923
359.0 0.009895295806927606
360.0 0.00961541009019129
361.0 0.008662194159114733
362.0 0.007708981138421223
363.0 0.0091637069999706
364.0 0.010618432861519977
365.0 0.010207665036432445
366.0 0.009796899394132197
367.0 0.008596747647970915
368.0 0.007396595174213871
369.0 0.0078035918704699725
370.0 0.008210589294321835
371.0 0.008200365846278146
372.0 0.008190143125830218
373.0 0.007268979243235663
374.0 0.00634781681583263
375.0 0.006517024303320795
376.0 0.006686231063213199
377.0 0.006938461592653766
378.0 0.007190689939307049
379.0 0.006067428330425173
380.0 0.0049441663577454165
381.0 0.0032086300052469596
382.0 0.0014730940165463835
383.0 0.0036148303479421884
384.0 0.0057565663155401126
385.0 0.005475016587297432
386.0 0.005193466495256871
387.0 0.0057942572311731055
388.0 0.0063950486946851015
389.0 0.005669927850249223
390.0 0.004944807733409107
391.0 0.00459494003735017
392.0 0.004245071977493353
393.0 0.004777227513841353
394.0 0.005309383413987234
395.0 0.004381877806736156
396.0 0.0034543718356871977
397.0 0.0035680699511431158
398.0 0.003681767702801153
399.0 0.0039460363041143864
400.0 0.00421030490542762
401.0 0.004726618499262258
402.0 0.005242932093096897
403.0 0.0050173603085568175
404.0 0.004791788160218857
405.0 0.0038727121136616915
406.0 0.0029536362490034662
407.0 0.0017946767911780626
408.0 0.0006357176516758045
409.0 0.002170762854802888
410.0 0.0037058081943541765
411.0 0.004262620132067241
412.0 0.004819432069780305
413.0 0.004694852032116614
414.0 0.004570271630655043
415.0 0.0036857378290733323
416.0 0.0028012038455926813
417.0 0.0038080568629084155
418.0 0.00481491006212309
419.0 0.004361227183835581
420.0 0.003907544305548072
421.0 0.0038908361602807418
422.0 0.003874128742609173
423.0 0.00350742120645009
424.0 0.0031407147616846487
425.0 0.0023785769371897914
426.0 0.0016164394764928147
427.0 0.0019030849216505885
428.0 0.0021897305487073027
429.0 0.0013640196812048089
430.0 0.0005383091320254607
431.0 0.0006291430054261582
432.0 0.0007199768788268557
433.0 0.0006936617410246981
434.0 0.000667346830596216
435.0 0.0012329746823525056
436.0 0.0017986027160077356
437.0 0.0019588762370403856
438.0 0.0021191495761740953
439.0 0.0021550380552071147
440.0 0.0021909267161390744
441.0 0.0017364147424814291
442.0 0.0012819032235711347
443.0 0.0023311213226406835
444.0 0.003380339330760762
445.0 0.0033174674172187224
446.0 0.0032545955036766827
447.0 0.0026724686904344708
448.0 0.002090342059091199
449.0 0.002586363916634582
450.0 0.003082386319874786
451.0 0.0024051452783169225
452.0 0.0017279040548601188
453.0 0.0016300578863592818
454.0 0.0015322120816563256
455.0 0.002275663246109616
456.0 0.0030191145924618468
457.0 0.002225799107691273
458.0 0.0014324836229206994
459.0 0.0016407975635956973
460.0 0.0018491116861696355
461.0 0.0008657910257170442
462.0 1.951905000477372e-10
463.0 0.0009372322892886586
464.0 0.001991994577110745
465.0 0.00217742763197748
466.0 0.002362860686844215
467.0 0.0021386982552940026
468.0 0.0019145352780469693
469.0 0.0017127938917838037
470.0 0.0015110522326722275
471.0 0.0013818335901305545
472.0 0.0012526153113867622
473.0 0.001254094149771845
474.0 0.0012555728062579874
475.0 0.0011151219950988889
476.0 0.00097467100204085
477.0 0.0012762172445945907
478.0 0.001577763214299921
479.0 0.0019278148101875558
480.0 0.0022778662241762504
481.0 0.0018010943676927127
482.0 0.0013243226021586452
483.0 0.0009632432920625433
484.0 0.0006021638910169713
485.0 0.0013351334018807393
486.0 0.002068102730845567
487.0 0.0015519759472226724
488.0 0.0010358490726503078
489.0 0.0016796331692603417
490.0 0.0023234173568198457
491.0 0.00215593336179154
492.0 0.001988449366763234
493.0 0.001929721656779293
494.0 0.0018709943105932325
495.0 0.0016533007510588504
496.0 0.0014356072824739385
497.0 0.0012367985618766397
498.0 0.0010379901141277514
499.0 0.0011496542356326245
500.0 0.0012613185390364379
501.0 0.0008824172255117446
502.0 0.0005035156846133759
503.0 0.0012774452443409245
504.0 0.0020513745766947977
505.0 0.0021744721379945986
506.0 0.002297569517395459
507.0 0.002257375672343187
508.0 0.0022171816453919746
509.0 0.0018653649021871388
510.0 0.0015135484318307135
511.0 0.0011834557881229557
512.0 0.0008533632353646681
513.0 0.0012474779396143276
514.0 0.0016415928257629275
515.0 0.0012728956789942458
516.0 0.0009041990779223852
517.0 0.0008291323865705635
518.0 0.000754065740693477
519.0 0.0009974683962354902
520.0 0.0012408709153532982
521.0 0.0016579628209001385
522.0 0.0020750547264469787
523.0 0.0013911369933339301
524.0 0.0007072193511703517
525.0 0.0008345397873199545
526.0 0.0009618604963179678
527.0 0.0012228211744513828
528.0 0.0014837822163826786
529.0 0.00130147136587766
530.0 0.0011191601515747607
531.0 0.0012054029866703786
532.0 0.0012916457308165263
533.0 0.0009335674803878646
534.0 0.0005754892299592029
535.0 0.0011280481885478366
536.0 0.0016806072380859405
537.0 0.0017124530131695792
538.0 0.001744298788253218
539.0 0.00127411358334939
540.0 0.0008039281055971514
541.0 0.0008138529665302485
542.0 0.0008237781003117561
543.0 0.001251676440006122
544.0 0.0016795747797004879
545.0 0.0011128817277494818
546.0 0.0005461890850710915
547.0 0.001249403885594802
548.0 0.0019526183677953668
549.0 0.0017449488950660452
550.0 0.0015372794223367237
551.0 0.001584316669323016
552.0 0.0016313535525114276
553.0 0.0013353202120924834
554.0 0.0010392865988251287
555.0 0.0010056515748146921
556.0 0.0009720164598547854
557.0 0.001338315360044362
558.0 0.001704613896436058
559.0 0.0016741934814490378
560.0 0.0016437727026641369
561.0 0.0014825304788246285
562.0 0.0013212880730861798
563.0 0.0011550857379916124
564.0 0.0009888833119475748
565.0 0.0018539090888225473
566.0 0.0027189351385459304
567.0 0.0029452530725393444
568.0 0.0031715706427348778
569.0 0.003061168172280304
570.0 0.002950765883724671
571.0 0.00270822365564527
572.0 0.002465680881869048
573.0 0.002007537113968283
574.0 0.0015493935279664584
575.0 0.00196711189346388
576.0 0.0023848302589613013
577.0 0.001994139347516466
578.0 0.001603448617970571
579.0 0.0017272586774197407
580.0 0.0018510683730710298
581.0 0.0016763042367529124
582.0 0.0015015397366369143
583.0 0.0019382041500648484
584.0 0.0023748687453917228
585.0 0.0025832907340372913
586.0 0.0027917127226828597
587.0 0.0022180285668582655
588.0 0.0016443440472357906
589.0 0.0021908463168074377
590.0 0.002737348768278025
591.0 0.0018982847905135714
592.0 0.0010592207217996474
593.0 0.0008092471944110002
594.0 0.0005592733486992074
595.0 0.0010404995009594131
596.0 0.0015217254258459434
597.0 0.0013740615941060241
598.0 0.0012263976714166347
599.0 0.0009440221219847444
600.0 0.0006616467089770595
601.0 0.0005505773515324108
602.0 0.00043950785766355693
603.0 0.0009638326446292922
604.0 0.0014881568858982064
605.0 0.0009590826266503427
606.0 0.0004300081855035387
607.0 0.0007915726200735662
608.0 0.0011531369636941236
609.0 0.0011851634553750046
610.0 0.0012171897651569452
611.0 0.0010277477485942654
612.0 0.0008383054591831751
613.0 0.0008266410986834671
614.0 0.000814976647234289
615.0 0.0012519877600425389
616.0 0.0016889991456991993
617.0 0.002162244163628202
618.0 0.002635489363456145
619.0 0.002249627505079843
620.0 0.001863765464804601
621.0 0.0015053093193273526
622.0 0.0011468528100522235
623.0 0.0014829941392235924
624.0 0.0018191354683949612
625.0 0.0016481395505252294
626.0 0.0014771437236049678
627.0 0.0019246552255935967
628.0 0.0023721671823295765
629.0 0.002191826388298068
630.0 0.0020114857761655003
631.0 0.0017050750102498569
632.0 0.0013986642443342134
633.0 0.0017771149941836484
634.0 0.002155566107830964
635.0 0.005100053022033535
636.0 0.008044538844842464
637.0 0.015233163139782846
638.0 0.02242178888991475
639.0 0.019469849939923733
640.0 0.016517909534741193
641.0 0.014365579409059137
642.0 0.01221325364895165
643.0 0.009822868014452979
644.0 0.007432483835145831
645.0 0.006660881626885384
646.0 0.005889279054827057
647.0 0.0054511176131200045
648.0 0.0050129558076150715
649.0 0.004101749800611287
650.0 0.0031905448850011453
651.0 0.0036108835047343746
652.0 0.004031222124467604
653.0 0.003262587415520102
654.0 0.00249395288847154
655.0 0.0027422556740930304
656.0 0.002990559187310282
657.0 0.002929882066382561
658.0 0.0028692043997580186
659.0 0.0027609956305241212
660.0 0.0026527870431891643
661.0 0.0027024878363590688
662.0 0.0027521882657310925
663.0 0.001955450716195628
664.0 0.0011587130757106934
665.0 0.001661408896325156
666.0 0.0021641051716869697
667.0 0.0023882208552095108
668.0 0.002612336720630992
669.0 0.001860089469118975
670.0 0.0011078423085564282
671.0 0.0008925297152018175
672.0 0.0006772171673219418
673.0 0.0013642512385558803
674.0 0.0020512856281129643
675.0 0.002117828080372419
676.0 0.0021843703507329337
677.0 0.0019609511582530104
678.0 0.0017375316019752063
679.0 0.0013794723599858116
680.0 0.0010214128451480065
681.0 0.0011654360605461989
682.0 0.001309459184994921
683.0 0.0023915132260299288
684.0 0.003473567630862817
685.0 0.0028402429961715825
686.0 0.002206918907177169
687.0 0.001717612030915916
688.0 0.0012283054275030736
689.0 0.001520984005765058
690.0 0.001813662311178632
691.0 0.002140088145097252
692.0 0.002466513979015872
693.0 0.002760364623100031
694.0 0.0030542152671841905
695.0 0.003243270839448087
696.0 0.0034323260479141027
697.0 0.00367496395483613
698.0 0.003917601497960277
699.0 0.00580397572775837
700.0 0.007690351048950106
701.0 0.0072580289270263165
702.0 0.006825706077506766
703.0 0.006196890899445862
704.0 0.005568074993789196
705.0 0.005069421240477823
706.0 0.00457076785096433
707.0 0.004300164437154308
708.0 0.004029560659546405
709.0 0.004202972195344046
710.0 0.0043763837311416864
711.0 0.0038603004213655367
712.0 0.0033442174753872678
713.0 0.002437722469039727
714.0 0.0015312272807932459
715.0 0.002170768129872158
716.0 0.00281030879705213
717.0 0.0024544699044781737
718.0 0.0020986304662073962
719.0 0.0016666976080159657
720.0 0.0012347642950771842
721.0 0.0011570807146199513
722.0 0.001079396861314308
723.0 0.0009474239959672559
724.0 0.0008154511306202039
725.0 0.001180431809189031
726.0 0.0015454126696567982
727.0 0.0016705382222426124
728.0 0.0017956635929294862
729.0 0.0018022157746599987
730.0 0.0018087681382894516
731.0 0.0013689954357687384
732.0 0.0009292230970459059
733.0 0.0009136725566349924
734.0 0.0008981219252746087
735.0 0.0009854753443505615
736.0 0.0010728284905781038
737.0 0.001241335030499613
738.0 0.001409841570421122
739.0 0.0011064702448493335
740.0 0.0008030990102270152
741.0 0.0009819324986892752
742.0 0.001160765896202065
743.0 0.0015500729205086827
744.0 0.00193937976291636
745.0 0.0013344262697501108
746.0 0.0007294726401596563
747.0 0.0012026282092847396
748.0 0.001675783823884558
749.0 0.0023663436877541244
750.0 0.0030569037335226312
751.0 0.0030177508961060084
752.0 0.0029785980586893857
753.0 0.0029919778171461076
754.0 0.00300535775750177
755.0 0.0019715173039003275
756.0 0.0009376767593494151
757.0 0.0018762433683150448
758.0 0.0028148098863312043
759.0 0.0027020250854548067
760.0 0.002589240284578409
761.0 0.004465233723749407
762.0 0.006341227708617225
763.0 0.005731696364819072
764.0 0.005122164657223038
765.0 0.005145088289282285
766.0 0.005168010466150008
767.0 0.004570342935039662
768.0 0.003972674312535673
769.0 0.0036213026760378852
770.0 0.00326993249473162
771.0 0.003998266765847802
772.0 0.004726601400761865
773.0 0.003972991180489771
774.0 0.0032193805964197963
775.0 1.951905000477372e-10
776.0 1.951905000477372e-10
777.0 1.951905000477372e-10
778.0 0.03169098636135459
779.0 1.951905000477372e-10
780.0 1.951905000477372e-10
781.0 1.951905000477372e-10
782.0 0.09157106978818774
783.0 0.04617647500708699
784.0 0.00019404685644985875
785.0 0.01201791747007519
786.0 0.057683943305164576
787.0 0.04112267342861742
788.0 1.951905000477372e-10
789.0 1.951905000477372e-10
790.0 1.951905000477372e-10
791.0 0.09617204777896404
792.0 0.01864330843091011
793.0 0.0412680470617488
794.0 0.014076448860578239
795.0 0.11164299212396145
796.0 0.10155531344935298
797.0 0.08911883342079818
798.0 0.26106792502105236
799.0 0.36704842932522297
800.0 0.5079394206404686
801.0 0.9540898725390434
802.0 1.57090462744236
803.0 2.251295931637287
804.0 3.652467578649521
805.0 5.260423570871353
806.0 7.046002894639969
807.0 9.611179679632187
808.0 12.205398082733154
809.0 15.236511826515198
810.0 18.57224702835083
811.0 21.784240007400513
812.0 25.15292763710022
813.0 29.405397176742554
814.0 34.406137466430664
815.0 39.59948420524597
816.0 45.84716260433197
817.0 52.77155041694641
818.0 59.77569222450256
819.0 66.27864837646484
820.0 74.18873310089111
821.0 80.7807981967926
822.0 86.04446053504944
823.0 89.51831459999084
824.0 93.03707480430603
825.0 95.96187472343445
826.0 96.72828912734985
827.0 97.64816761016846
828.0 99.22897219657898
829.0 99.28432106971741
830.0 98.68113398551941
831.0 98.89041781425476
832.0 98.38215112686157
833.0 99.19347167015076
834.0 97.94116616249084
835.0 98.94357919692993
836.0 98.70989918708801
837.0 98.59625101089478
838.0 97.85600900650024
839.0 98.5194981098175
840.0 98.79450798034668
841.0 99.47390556335449
842.0 98.96128177642822
843.0 99.55065846443176
844.0 97.94799089431763
845.0 98.03658723831177
846.0 98.67419004440308
847.0 98.78252744674683
848.0 99.50271844863892
849.0 98.65347743034363
850.0 98.34803342819214
851.0 98.83512258529663
852.0 99.24970269203186
853.0 98.5142171382904
854.0 99.64988231658936
855.0 98.37009906768799
856.0 98.92414808273315
857.0 97.99357056617737
858.0 98.70705604553223
859.0 99.08958077430725
860.0 98.72342348098755
861.0 98.73899221420288
862.0 98.80062341690063
863.0 98.09868335723877
864.0 99.41567778587341
865.0 99.80366826057434
866.0 98.77423644065857
867.0 99.36723113059998
868.0 99.57060217857361
869.0 98.9511251449585
870.0 97.95748591423035
871.0 98.66780042648315
872.0 99.23937916755676
873.0 98.60579371452332
874.0 99.6222972869873
875.0 98.87855648994446
876.0 98.47721457481384
877.0 99.28086400032043
878.0 98.88794422149658
879.0 98.28076958656311
880.0 98.23745489120483
881.0 99.68718886375427
882.0 98.77062439918518
883.0 98.55852723121643
884.0 98.71777296066284
885.0 99.03752207756042
886.0 98.45349192619324
887.0 98.25960993766785
888.0 98.83535504341125
889.0 99.6577262878418
890.0 98.19000959396362
891.0 99.28686022758484
892.0 98.39872717857361
893.0 98.5280990600586
894.0 98.15947413444519
895.0 99.32061433792114
