lsstCam/transmission_filter_detector/r14_s12/z_20/19700101T000000.ecsv
# %ECSV 1.0
# ---
# datatype:
# - {name: wavelength, unit: nm, datatype: float32}
# - {name: efficiency, unit: '%', datatype: float64}
# meta: !!omap
# - {MODE: DETECTOR}
# - {TYPE: transmission_filter_detector}
# - {CALIBDATE: '1970-01-01T00:00:00'}
# - {INSTRUME: LSSTCam}
# - {OBSTYPE: transmission_filter_detector}
# - {CALIBCLS: lsst.ip.isr.IntermediateFilterDetectorTransmissionCurve}
# - {SOURCE: Materion (DM-46256)}
# - {DETECTOR: 68}
# - {FILTER: z_20}
# - {CALIB_ID: 'calibDate=1970-01-01T00:00:00 filter=z_20 detector=68'}
# - {DATE: '2025-04-02T15:59:48.952981'}
# - {CALIB_CREATION_DATE: '2025-04-02'}
# - {CALIB_CREATION_TIME: '15:59:48'}
# - __serialized_columns__:
#     efficiency:
#       __class__: astropy.units.quantity.Quantity
#       unit: !astropy.units.Unit {unit: '%'}
#       value: !astropy.table.SerializedColumn {name: efficiency}
#     wavelength:
#       __class__: astropy.units.quantity.Quantity
#       unit: !astropy.units.Unit {unit: nm}
#       value: !astropy.table.SerializedColumn {name: wavelength}
# schema: astropy-2.0
wavelength efficiency
[from data line 597]
897.0 99.52774047851562
898.0 98.52358102798462
899.0 98.53513240814209
900.0 98.93842935562134
901.0 99.23895597457886
902.0 98.90773892402649
903.0 98.59978556632996
904.0 97.43191003799438
905.0 98.3174741268158
906.0 97.78490662574768
907.0 98.34790825843811
908.0 97.96900153160095
909.0 97.87113666534424
910.0 97.53691554069519
911.0 96.29595875740051
912.0 95.3681468963623
913.0 93.91274452209473
914.0 91.67551398277283
915.0 89.66159224510193
916.0 87.3148262500763
917.0 86.09032034873962
918.0 82.42674469947815
919.0 81.10744953155518
920.0 77.5699257850647
921.0 73.23214411735535
922.0 68.48840713500977
923.0 63.123130798339844
924.0 57.267022132873535
925.0 51.721739768981934
926.0 45.21242380142212
927.0 37.53393888473511
928.0 31.62909746170044
929.0 25.346767902374268
930.0 19.498291611671448
931.0 14.527244865894318
932.0 9.462723135948181
933.0 5.862925574183464
934.0 3.583000972867012
935.0 2.1588707342743874
936.0 1.2311151251196861
937.0 0.7732213940471411
938.0 0.43790326453745365
939.0 0.21978931035846472
940.0 0.15956803690642118
941.0 0.04003513604402542
942.0 0.06502895266748965
943.0 0.031322750146500766
944.0 0.008282587077701464
945.0 1.951905000477372e-10
946.0 1.951905000477372e-10
947.0 1.951905000477372e-10
948.0 0.09003515006043017
949.0 1.951905000477372e-10
950.0 1.951905000477372e-10
951.0 0.011701499170158058
952.0 0.08348515257239342
953.0 1.951905000477372e-10
954.0 1.951905000477372e-10
955.0 0.04214245709590614
956.0 1.951905000477372e-10
957.0 1.951905000477372e-10
958.0 0.030069248168729246
959.0 1.951905000477372e-10
960.0 1.951905000477372e-10
961.0 0.01994508784264326
962.0 1.951905000477372e-10
963.0 0.014022822142578661
964.0 0.01641175476834178
965.0 1.951905000477372e-10
966.0 0.04603788838721812
967.0 1.951905000477372e-10
968.0 1.951905000477372e-10
969.0 0.0008356607395398896
970.0 1.951905000477372e-10
971.0 0.02144314639735967
972.0 0.05559632554650307
973.0 0.07509048446081579
974.0 0.025788374477997422
975.0 1.951905000477372e-10
976.0 0.006363720603985712
977.0 0.006379534170264378
978.0 0.006395349919330329
979.0 0.006205966928973794
980.0 0.006016581392032094
981.0 0.005854919072589837
982.0 0.0056932571169454604
983.0 0.005584418977377936
984.0 0.005475580837810412
985.0 0.005211608004174195
986.0 0.004947634806740098
987.0 0.004930761133437045
988.0 0.004913887096336111
989.0 0.004850166806136258
990.0 0.004786446879734285
991.0 0.004862403147853911
992.0 0.004938359415973537
993.0 0.004923327651340514
994.0 0.004908295159111731
995.0 0.004824062489205971
996.0 0.004739829819300212
997.0 0.0046061915782047436
998.0 0.0044725529733113945
999.0 0.004384953717817552
1000.0 0.00429735446232371
1001.0 0.004441400596988387
1002.0 0.004585446367855184
1003.0 0.004538842767942697
1004.0 0.00449223916803021
1005.0 0.004332650496507995
1006.0 0.00417306182498578
1007.0 0.004239747431711294
1008.0 0.004306433038436808
1009.0 0.004407588494359516
1010.0 0.004508743586484343
1011.0 0.004517124762060121
1012.0 0.004525505937635899
1013.0 0.004404771243571304
1014.0 0.004284036185708828
1015.0 0.004423802965902723
1016.0 0.004563568654702976
1017.0 0.004842737689614296
1018.0 0.005121907088323496
1019.0 0.004846277442993596
1020.0 0.004570647433865815
1021.0 0.0046663699322380126
1022.0 0.004762092066812329
1023.0 0.0046545927034458145
1024.0 0.0045470933400793
1025.0 0.004734934191219509
1026.0 0.0049227746785618365
1027.0 0.004872316640103236
1028.0 0.0048218582378467545
1029.0 0.004796838766196743
1030.0 0.0047718196583446115
1031.0 0.004845962757826783
1032.0 0.004920106221106835
1033.0 0.004982672544429079
1034.0 0.005045239231549203
1035.0 0.005221714673098177
1036.0 0.005398190478445031
1037.0 0.005443841655505821
1038.0 0.0054894928325666115
1039.0 0.005373796739149839
1040.0 0.005258100281935185
1041.0 0.0057084016589215025
1042.0 0.006158703763503581
1043.0 0.005684396455762908
1044.0 0.005210089875617996
1045.0 0.005798665370093659
1046.0 0.00638724013697356
1047.0 0.006200294592417777
1048.0 0.006013348320266232
1049.0 0.006054617915651761
1050.0 0.00609588751103729
1051.0 0.006490181112894788
1052.0 0.006884475442348048
1053.0 0.006856650725239888
1054.0 0.006828826008131728
1055.0 0.007444453513016924
1056.0 0.008060081017902121
1057.0 0.00793386934674345
1058.0 0.00780765840318054
1059.0 0.007812879630364478
1060.0 0.007818098674761131
1061.0 0.008603643073001876
1062.0 0.009389187471242622
1063.0 0.009092652180697769
1064.0 0.008796117617748678
1065.0 0.009117156150750816
1066.0 0.009438197594136
1067.0 0.009472871897742152
1068.0 0.00950754911173135
1069.0 0.01041218638420105
1070.0 0.01131682365667075
1071.0 0.011083668505307287
1072.0 0.010850513353943825
1073.0 0.010894639126490802
1074.0 0.010938766354229301
1075.0 0.011500032269395888
1076.0 0.012061301822541282
1077.0 0.012222856457810849
1078.0 0.012384411820676178
1079.0 0.013431043771561235
1080.0 0.014477675722446293
1081.0 0.014462128456216305
1082.0 0.014446582645177841
1083.0 0.014121791173238307
1084.0 0.013796999701298773
1085.0 0.014585246390197426
1086.0 0.015373491623904556
1087.0 0.015403064026031643
1088.0 0.015432639338541776
1089.0 0.016666889132466167
1090.0 0.017901137471199036
1091.0 0.017820016364566982
1092.0 0.017738887981977314
1093.0 0.01736942067509517
1094.0 0.01699994900263846
1095.0 0.01843594654928893
1096.0 0.01987194555113092
1097.0 0.01972579921130091
1098.0 0.0195796528714709
1099.0 0.021782563999295235
1100.0 0.023985470761545002
1101.0 0.024057208793237805
1102.0 0.024128945369739085
1103.0 0.025552709121257067
1104.0 0.026976471417583525
1105.0 0.026786761009134352
1106.0 0.02659705642145127
1107.0 0.02773019950836897
1108.0 0.028863342595286667
1109.0 0.030074839014559984
1110.0 0.031286332523450255
1111.0 0.03185143286827952
1112.0 0.03241653321310878
1113.0 0.034520155168138444
1114.0 0.036623780033551157
1115.0 0.03483564069028944
1116.0 0.033047504257410765
1117.0 0.03384388401173055
1118.0 0.034640266676433384
1119.0 0.038231193320825696
1120.0 0.04182211996521801
1121.0 0.04315121623221785
1122.0 0.04448031831998378
1123.0 0.043834198731929064
1124.0 0.04318808205425739
1125.0 0.043959313188679516
1126.0 0.04473055014386773
1127.0 0.04772664688061923
1128.0 0.050722743617370725
1129.0 0.054803851526230574
1130.0 0.058884965255856514
1131.0 0.05920720286667347
1132.0 0.05952942883595824
1133.0 0.06316617364063859
1134.0 0.06680291844531894
1135.0 0.06461890880018473
1136.0 0.062434893334284425
1137.0 0.0688547093886882
1138.0 0.07527453708462417
1139.0 0.07967576966620982
1140.0 0.08407696150243282
1141.0 0.09304389241151512
1142.0 0.10201081167906523
1143.0 0.12030905345454812
1144.0 0.13860726030543447
1145.0 0.2686386462301016
1146.0 0.3986700903624296
1147.0 0.8309501223266125
1148.0 1.2632302939891815
1149.0 1.4465978369116783
1150.0 1.6299664974212646
