ts8/qe_curves/rtm-008_s01/19700101T000000.ecsv
# %ECSV 0.9
# ---
# datatype:
# - {name: amp_name, datatype: string}
# - {name: wavelength, unit: nm, datatype: float32}
# - {name: efficiency, unit: '%', datatype: float32}
# meta: !!omap
# - {MODE: AMP}
# - {TYPE: QE}
# - {CALIBDATE: '1970-01-01T00:00:00'}
# - {INSTRUME: TS8}
# - {OBSTYPE: qe_curves}
# - {DETECTOR: 55}
# - {PICKLEFILE: RaftRun11952.p}
# - {CALIB_ID: 'raftName=RTM-008 detectorName=S01 detector=55 calibDate=1970-01-01T00:00:00 ccd=55 ccdnum=55 filter=None'}
# - {DATE: '2020-01-23T15:18:31.262686'}
# - {CALIB_CREATION_DATE: '2020-01-23'}
# - {CALIB_CREATION_TIME: '15:18:31'}
# - __serialized_columns__:
#     efficiency:
#       __class__: astropy.units.quantity.Quantity
#       unit: !astropy.units.Unit {unit: '%'}
#       value: !astropy.table.SerializedColumn {name: efficiency}
#     wavelength:
#       __class__: astropy.units.quantity.Quantity
#       unit: !astropy.units.Unit {unit: nm}
#       value: !astropy.table.SerializedColumn {name: wavelength}
# schema: astropy-2.0
amp_name wavelength efficiency
C05 319.994 45.05899
C05 324.969 50.839092
C05 349.982 76.38979
C05 374.975 82.06402
C05 400.019 87.62553
C05 424.965 87.73451
C05 450.035 89.12255
C05 475.003 91.86408
C05 500.018 92.86303
C05 525.002 95.19538
C05 550.029 97.25338
C05 575.023 97.251
C05 599.982 99.0445
C05 619.997 98.65399
C05 624.979 99.00258
C05 650.012 99.408
C05 675.004 99.14392
C05 700.03 98.64096
C05 725.012 98.472176
C05 750.022 98.56946
C05 774.987 98.328064
C05 799.976 97.51838
C05 824.988 95.809326
C05 850.022 93.62615
C05 869.967 90.439995
C05 875.002 89.7698
C05 899.999 82.42547
C05 919.999 73.929985
C05 925.012 70.94557
C05 949.965 57.39571
C05 975.002 42.67998
C05 999.976 25.94961
C05 1025.028 11.208336
C05 1050.014 3.8774397
C05 1075.002 2.0925632
C05 1099.99 1.6725266
C07 319.994 45.53009
C07 324.969 51.37486
C07 349.982 77.032166
C07 374.975 82.445724
C07 400.019 87.763145
C07 424.965 87.78474
C07 450.035 89.13948
C07 475.003 91.86449
C07 500.018 92.84926
C07 525.002 95.16644
C07 550.029 97.21433
C07 575.023 97.1991
C07 599.982 98.977135
C07 619.997 98.57587
C07 624.979 98.92108
C07 650.012 99.31737
C07 675.004 99.040794
C07 700.03 98.539734
C07 725.012 98.39682
C07 750.022 98.53833
C07 774.987 98.339355
C07 799.976 97.555984
C07 824.988 95.8592
C07 850.022 93.639565
C07 869.967 90.56368
C07 875.002 89.92804
C07 899.999 82.55288
C07 919.999 73.66635
C07 925.012 70.627785
C07 949.965 57.60995
C07 975.002 43.241207
C07 999.976 26.157211
C07 1025.028 11.263241
C07 1050.014 3.9180756
C07 1075.002 2.1275415
C07 1099.99 1.6922164
C02 319.994 44.54196
C02 324.969 50.257435
C02 349.982 75.7122
C02 374.975 81.707344
C02 400.019 87.54009
C02 424.965 87.74892
C02 450.035 89.17613
C02 475.003 91.941986
C02 500.018 92.95836
C02 525.002 95.30679
C02 550.029 97.38533
C02 575.023 97.39837
C02 599.982 99.2099
C02 619.997 98.83376
C02 624.979 99.186554
C02 650.012 99.60837
C02 675.004 99.35578
C02 700.03 98.86343
C02 725.012 98.69355
C02 750.022 98.78802
C02 774.987 98.5415
C02 799.976 97.73944
C02 824.988 96.03678
C02 850.022 93.87685
C02 869.967 90.76268
C02 875.002 90.11506
C02 899.999 82.6716
C02 919.999 74.154106
C02 925.012 71.27159
C02 949.965 57.999626
C02 975.002 43.04533
C02 999.976 26.222216
C02 1025.028 11.423431
C02 1050.014 3.938851
C02 1075.002 2.1027272
C02 1099.99 1.6792221
C11 319.994 45.61693
C11 324.969 51.472687
C11 349.982 77.17265
C11 374.975 82.522606
C11 400.019 87.73136
C11 424.965 87.70285
C11 450.035 89.03158
C11 475.003 91.73864
C11 500.018 92.70893
C11 525.002 95.01871
C11 550.029 97.05309
C11 575.023 97.03547
C11 599.982 98.80822
C11 619.997 98.407036
C11 624.979 98.74824
C11 650.012 99.1438
C11 675.004 98.88152
C11 700.03 98.47777
C11 725.012 98.599915
C11 750.022 99.07693
C11 774.987 99.19975
C11 799.976 98.53796
C11 824.988 96.788956
C11 850.022 94.655426
C11 869.967 91.519455
C11 875.002 90.857025
C11 899.999 83.1152
C11 919.999 73.95234
C11 925.012 70.93104
C11 949.965 58.11349
C11 975.002 43.82968
C11 999.976 26.411034
C11 1025.028 11.267901
C11 1050.014 3.9170365
C11 1075.002 2.1385376
C11 1099.99 1.7113091
C14 319.994 45.185284
C14 324.969 50.98288
C14 349.982 76.55979
C14 374.975 82.12617
C14 400.019 87.54509
C14 424.965 87.5985
C14 450.035 88.952965
C14 475.003 91.673355
C14 500.018 92.65942
C14 525.002 94.9734
C14 550.029 97.02051
C14 575.023 97.01145
C14 599.982 98.79447
C14 619.997 98.40298
C14 624.979 98.74644
C14 650.012 99.14919
C14 675.004 98.89906
C14 700.03 98.49048
C14 725.012 98.593285
C14 750.022 99.03675
C14 774.987 99.124596
C14 799.976 98.43985
C14 824.988 96.68049
C14 850.022 94.519554
C14 869.967 91.345924
C14 875.002 90.67123
C14 899.999 82.9275
C14 919.999 73.86263
C14 925.012 70.78694
C14 949.965 57.80668
C14 975.002 43.40764
C14 999.976 26.258509
C14 1025.028 11.228405
C14 1050.014 3.8994238
C14 1075.002 2.114749
C14 1099.99 1.6933533
C10 319.994 45.746204
C10 324.969 51.6196
C10 349.982 77.33801
C10 374.975 82.611984
C10 400.019 87.73532
C10 424.965 87.67667
C10 450.035 88.98934
C10 475.003 91.68663
C10 500.018 92.65336
C10 525.002 94.95516
C10 550.029 96.98787
C10 575.023 96.96196
C10 599.982 98.73012
C10 619.997 98.32895
C10 624.979 98.67025
C10 650.012 99.05783
C10 675.004 98.79693
C10 700.03 98.39294
C10 725.012 98.526665
C10 750.022 99.02303
C10 774.987 99.168236
C10 799.976 98.51787
C10 824.988 96.774605
C10 850.022 94.66901
C10 869.967 91.5209
C10 875.002 90.86492
C10 899.999 83.17593
C10 919.999 74.00449
C10 925.012 71.04097
C10 949.965 58.202614
C10 975.002 43.846424
C10 999.976 26.41579
C10 1025.028 11.315867
C10 1050.014 3.955442
C10 1075.002 2.153744
C10 1099.99 1.7157623
C04 319.994 45.03702
C04 324.969 50.820137
C04 349.982 76.49072
C04 374.975 82.29576
C04 400.019 87.86139
C04 424.965 87.95158
C04 450.035 89.32755
C04 475.003 92.06914
C04 500.018 93.063934
C04 525.002 95.400154
C04 550.029 97.4688
C04 575.023 97.46593
C04 599.982 99.27251
C04 619.997 98.89035
C04 624.979 99.2384
C04 650.012 99.65482
C04 675.004 99.393745
C04 700.03 98.89538
C04 725.012 98.72073
C04 750.022 98.81409
C04 774.987 98.56475
C04 799.976 97.75193
C04 824.988 96.03679
C04 850.022 93.87107
C04 869.967 90.7075
C04 875.002 90.04398
C04 899.999 82.61818
C04 919.999 74.14335
C04 925.012 71.246086
C04 949.965 57.73549
C04 975.002 42.819176
C04 999.976 26.04547
C04 1025.028 11.311801
C04 1050.014 3.9025254
C04 1075.002 2.0949779
C04 1099.99 1.6730934
C06 319.994 45.36022
C06 324.969 51.183796
C06 349.982 76.81646
C06 374.975 82.329605
C06 400.019 87.74978
C06 424.965 87.80808
C06 450.035 89.17495
C06 475.003 91.90937
C06 500.018 92.900345
C06 525.002 95.22369
C06 550.029 97.27663
C06 575.023 97.266426
C06 599.982 99.054146
C06 619.997 98.657875
C06 624.979 99.004845
C06 650.012 99.40154
C06 675.004 99.133026
C06 700.03 98.630394
C06 725.012 98.46956
C06 750.022 98.5857
C06 774.987 98.363205
C06 799.976 97.562416
C06 824.988 95.859116
C06 850.022 93.63237
C06 869.967 90.49821
C06 875.002 89.853745
C06 899.999 82.53963
C06 919.999 73.795906
C06 925.012 70.76012
C06 949.965 57.47256
C06 975.002 42.950268
C06 999.976 26.071585
C06 1025.028 11.178594
C06 1050.014 3.8900342
C06 1075.002 2.110105
C06 1099.99 1.6841992
C03 319.994 44.763344
C03 324.969 50.50661
C03 349.982 76.0429
C03 374.975 81.903786
C03 400.019 87.56168
C03 424.965 87.69799
C03 450.035 89.08714
C03 475.003 91.83323
C03 500.018 92.8337
C03 525.002 95.16914
C03 550.029 97.23709
C03 575.023 97.242325
C03 599.982 99.04669
C03 619.997 98.6622
C03 624.979 99.01538
C03 650.012 99.43122
C03 675.004 99.17259
C03 700.03 98.67534
C03 725.012 98.500496
C03 750.022 98.590065
C03 774.987 98.340164
C03 799.976 97.53392
C03 824.988 95.82889
C03 850.022 93.67268
C03 869.967 90.54077
C03 875.002 89.88526
C03 899.999 82.48067
C03 919.999 74.00973
C03 925.012 71.12835
C03 949.965 57.754135
C03 975.002 42.868977
C03 999.976 26.096127
C03 1025.028 11.351097
C03 1050.014 3.9124641
C03 1075.002 2.094984
C03 1099.99 1.6732963
C17 319.994 44.553123
C17 324.969 50.270805
C17 349.982 75.642136
C17 374.975 81.44031
C17 400.019 87.095375
C17 424.965 87.24733
C17 450.035 88.64213
C17 475.003 91.380455
C17 500.018 92.37814
C17 525.002 94.70647
C17 550.029 96.76201
C17 575.023 96.76927
C17 599.982 98.56271
C17 619.997 98.18251
C17 624.979 98.529755
C17 650.012 98.94581
C17 675.004 98.70714
C17 700.03 98.31266
C17 725.012 98.42891
C17 750.022 98.87883
C17 774.987 98.98124
C17 799.976 98.30362
C17 824.988 96.5253
C17 850.022 94.43447
C17 869.967 91.19228
C17 875.002 90.46941
C17 899.999 82.65417
C17 919.999 73.87773
C17 925.012 70.98747
C17 949.965 57.924763
C17 975.002 43.066223
C17 999.976 26.100124
C17 1025.028 11.31676
C17 1050.014 3.9646158
C17 1075.002 2.1271951
C17 1099.99 1.6857688
C00 319.994 44.044437
C00 324.969 49.696274
C00 349.982 75.03347
C00 374.975 81.2303
C00 400.019 87.17332
C00 424.965 87.418304
C00 450.035 88.8492
C00 475.003 91.61135
C00 500.018 92.626366
C00 525.002 94.97939
C00 550.029 97.06122
C00 575.023 97.08778
C00 599.982 98.90717
C00 619.997 98.54251
C00 624.979 98.894455
C00 650.012 99.32902
C00 675.004 99.09085
C00 700.03 98.616356
C00 725.012 98.47166
C00 750.022 98.59613
C00 774.987 98.37809
C00 799.976 97.59184
C00 824.988 95.8881
C00 850.022 93.71384
C00 869.967 90.63879
C00 875.002 90.00603
C00 899.999 82.5545
C00 919.999 73.9375
C00 925.012 71.02083
C00 949.965 57.92864
C00 975.002 43.088806
C00 999.976 26.23155
C00 1025.028 11.448451
C00 1050.014 3.962337
C00 1075.002 2.1130204
C00 1099.99 1.677496
C16 319.994 44.82114
C16 324.969 50.57099
C16 349.982 76.03768
C16 374.975 81.75031
C16 400.019 87.3051
C16 424.965 87.41445
C16 450.035 88.79193
C16 475.003 91.52164
C16 500.018 92.51401
C16 525.002 94.832344
C16 550.029 96.8881
C16 575.023 96.885284
C16 599.982 98.675224
C16 619.997 98.28917
C16 624.979 98.637825
C16 650.012 99.04793
C16 675.004 98.802826
C16 700.03 98.40179
C16 725.012 98.51277
C16 750.022 98.95713
C16 774.987 99.051796
C16 799.976 98.366
C16 824.988 96.59782
C16 850.022 94.50331
C16 869.967 91.25553
C16 875.002 90.53868
C16 899.999 82.7682
C16 919.999 73.97967
C16 925.012 71.04993
C16 949.965 57.880608
C16 975.002 43.095848
C16 999.976 26.109465
C16 1025.028 11.244361
C16 1050.014 3.9321544
C16 1075.002 2.124599
C16 1099.99 1.6879314
C15 319.994 44.86541
C15 324.969 50.619263
C15 349.982 76.02986
C15 374.975 81.67811
C15 400.019 87.2247
C15 424.965 87.336525
C15 450.035 88.71495
C15 475.003 91.442314
C15 500.018 92.43298
C15 525.002 94.7513
C15 550.029 96.79684
C15 575.023 96.78957
C15 599.982 98.57684
C15 619.997 98.18464
C15 624.979 98.53395
C15 650.012 98.93567
C15 675.004 98.6865
C15 700.03 98.281876
C15 725.012 98.38758
C15 750.022 98.83015
C15 774.987 98.91549
C15 799.976 98.23056
C15 824.988 96.47391
C15 850.022 94.355774
C15 869.967 91.12424
C15 875.002 90.438126
C15 899.999 82.73146
C15 919.999 73.88457
C15 925.012 70.882835
C15 949.965 57.668903
C15 975.002 43.141605
C15 999.976 26.114561
C15 1025.028 11.219495
C15 1050.014 3.9163857
C15 1075.002 2.1173427
C15 1099.99 1.687019
C13 319.994 45.425392
C13 324.969 51.256657
C13 349.982 76.93512
C13 374.975 82.415085
C13 400.019 87.738594
C13 424.965 87.75109
C13 450.035 89.09282
C13 475.003 91.80809
C13 500.018 92.78948
C13 525.002 95.10536
C13 550.029 97.14942
C13 575.023 97.13654
C13 599.982 98.91947
C13 619.997 98.523285
C13 624.979 98.86601
C13 650.012 99.26851
C13 675.004 99.014
C13 700.03 98.60184
C13 725.012 98.70761
C13 750.022 99.154236
C13 774.987 99.249664
C13 799.976 98.57232
C13 824.988 96.808655
C13 850.022 94.64666
C13 869.967 91.5093
C13 875.002 90.82561
C13 899.999 83.0499
C13 919.999 73.83476
C13 925.012 70.76677
C13 949.965 58.025127
C13 975.002 43.62313
C13 999.976 26.391882
C13 1025.028 11.264369
C13 1050.014 3.8900728
C13 1075.002 2.1176555
C13 1099.99 1.7011315
C12 319.994 45.4211
C12 324.969 51.249077
C12 349.982 76.82441
C12 374.975 82.21729
C12 400.019 87.541985
C12 424.965 87.57532
C12 450.035 88.92963
C12 475.003 91.65048
C12 500.018 92.63344
C12 525.002 94.9445
C12 550.029 96.98527
C12 575.023 96.969666
C12 599.982 98.74249
C12 619.997 98.34283
C12 624.979 98.68328
C12 650.012 99.07862
C12 675.004 98.81646
C12 700.03 98.405624
C12 725.012 98.51325
C12 750.022 98.97312
C12 774.987 99.07417
C12 799.976 98.40147
C12 824.988 96.643135
C12 850.022 94.48463
C12 869.967 91.352554
C12 875.002 90.68667
C12 899.999 82.89883
C12 919.999 73.71578
C12 925.012 70.63514
C12 949.965 57.932117
C12 975.002 43.68976
C12 999.976 26.283451
C12 1025.028 11.221622
C12 1050.014 3.8820722
C12 1075.002 2.1212814
C12 1099.99 1.7016523
C01 319.994 44.332466
C01 324.969 50.021152
C01 349.982 75.420425
C01 374.975 81.47672
C01 400.019 87.32523
C01 424.965 87.53859
C01 450.035 88.96162
C01 475.003 91.72479
C01 500.018 92.73929
C01 525.002 95.08716
C01 550.029 97.16527
C01 575.023 97.17932
C01 599.982 98.99577
C01 619.997 98.620186
C01 624.979 98.97281
C01 650.012 99.40064
C01 675.004 99.152756
C01 700.03 98.66851
C01 725.012 98.50639
C01 750.022 98.61133
C01 774.987 98.37567
C01 799.976 97.58287
C01 824.988 95.87824
C01 850.022 93.71622
C01 869.967 90.6377
C01 875.002 89.99355
C01 899.999 82.5147
C01 919.999 73.99296
C01 925.012 71.10443
C01 949.965 57.952854
C01 975.002 43.01483
C01 999.976 26.170813
C01 1025.028 11.40927
C01 1050.014 3.9477031
C01 1075.002 2.106295
C01 1099.99 1.6771349
