comCamSim/transmission_sensor/r22_s21/19700101T000000.ecsv
# %ECSV 1.0
# ---
# datatype:
# - {name: amp_name, datatype: string}
# - {name: wavelength, unit: nm, datatype: float32}
# - {name: efficiency, unit: '%', datatype: float64}
# meta: !!omap
# - {MODE: AMP}
# - {TYPE: transmission_sensor}
# - {CALIBDATE: '1970-01-01T00:00:00'}
# - {INSTRUME: comCamSim}
# - {OBSTYPE: transmission_sensor}
# - {DETECTOR: 7}
# - {PARQUETFILE: qe_raft_allvalues_nircorrected_20230725.parquet}
# - {CALIBCLS: lsst.ip.isr.IntermediateSensorTransmissionCurve}
# - {CALIB_ID: 'raftName=R22 detectorName=S21 detector=7 calibDate=1970-01-01T00:00:00 ccd=7 ccdnum=7 filter=None'}
# - {DATE: '2024-02-21T16:42:25.609947'}
# - {CALIB_CREATION_DATE: '2024-02-21'}
# - {CALIB_CREATION_TIME: '16:42:25'}
# - __serialized_columns__:
#     efficiency:
#       __class__: astropy.units.quantity.Quantity
#       unit: !astropy.units.Unit {unit: '%'}
#       value: !astropy.table.SerializedColumn {name: efficiency}
#     wavelength:
#       __class__: astropy.units.quantity.Quantity
#       unit: !astropy.units.Unit {unit: nm}
#       value: !astropy.table.SerializedColumn {name: wavelength}
# schema: astropy-2.0
amp_name wavelength efficiency
C00 319.994 43.00009213597461
C00 324.969 44.18892999831355
C00 349.982 52.49529373500776
C00 374.975 69.64341206055786
C00 400.019 84.69554199730825
C00 424.965 88.45139081891713
C00 450.035 87.89601772412986
C00 475.003 88.00090293050413
C00 500.018 87.35652851952685
C00 525.002 87.0492562145136
C00 550.029 87.66378767520432
C00 575.023 88.82394844996489
C00 599.982 90.1074782396855
C00 619.997 90.98638550874982
C00 624.979 91.32635356054176
C00 650.012 92.51475196878869
C00 675.004 93.84129366056412
C00 700.03 94.85503856717129
C00 725.012 95.56648945703986
C00 750.022 96.9095338003585
C00 774.987 98.47680483911853
C00 799.976 98.8642742856264
C00 824.988 98.60260641371791
C00 850.022 97.32256538084785
C00 869.967 95.24987406458368
C00 875.002 94.20386618910747
C00 899.999 88.01502652653427
C00 919.999 79.98947919618229
C00 925.012 76.84147604314974
C00 949.965 63.205507482406
C00 975.002 47.65275299146177
C00 999.976 30.746027806531334
C00 1025.028 15.429874909179162
C00 1050.014 6.236118042725784
C00 1075.002 0.8281169587880437
C00 1099.99 0.08973431948176344
C01 319.994 42.883016265060036
C01 324.969 44.02773529454336
C01 349.982 52.15472302618634
C01 374.975 69.32988655916452
C01 400.019 84.61863085048131
C01 424.965 88.58236944850438
C01 450.035 88.13397092155768
C01 475.003 88.25967816025741
C01 500.018 87.57932271589148
C01 525.002 87.21602371884028
C01 550.029 87.75993256935473
C01 575.023 88.87741352978271
C01 599.982 90.13000352185487
C01 619.997 90.99866655901663
C01 624.979 91.3342070998611
C01 650.012 92.51423906177989
C01 675.004 93.83765023172519
C01 700.03 94.84887923154275
C01 725.012 95.55393180125493
C01 750.022 96.89370416581508
C01 774.987 98.45316707101621
C01 799.976 98.84745838977814
C01 824.988 98.60182893328762
C01 850.022 97.33629096293465
C01 869.967 95.16050088688687
C01 875.002 94.08445925845272
C01 899.999 87.90621611818091
C01 919.999 80.06198827885808
C01 925.012 76.97082118870819
C01 949.965 63.36703618784793
C01 975.002 47.663045681853454
C01 999.976 30.742285216324415
C01 1025.028 15.355485063082835
C01 1050.014 6.268298314778377
C01 1075.002 0.8279817252391318
C01 1099.99 0.0897196656453048
C02 319.994 42.60076253903819
C02 324.969 43.682334780873084
C02 349.982 51.543564985231264
C02 374.975 68.6110439376798
C02 400.019 84.14979157735249
C02 424.965 88.34198901764732
C02 450.035 87.97396200036698
C02 475.003 88.09673411995844
C02 500.018 87.38755660282877
C02 525.002 86.98931743422553
C02 550.029 87.51406207245908
C02 575.023 88.61885115809608
C02 599.982 89.86470490509694
C02 619.997 90.73158418978375
C02 624.979 91.06449521020747
C02 650.012 92.24237538113644
C02 675.004 93.5624488861897
C02 700.03 94.57794450506778
C02 725.012 95.28708921731157
C02 750.022 96.62898690381189
C02 774.987 98.19309817732463
C02 799.976 98.59803667217126
C02 824.988 98.36478124797937
C02 850.022 97.10621324201585
C02 869.967 94.88069258775191
C02 875.002 93.78698501649164
C02 899.999 87.57345485515937
C02 919.999 79.83675635464945
C02 925.012 76.79078895450448
C02 949.965 63.351995861141106
C02 975.002 47.5695590370032
C02 999.976 30.57718985466119
C02 1025.028 15.26736191936657
C02 1050.014 6.260385505935869
C02 1075.002 0.8257195950692962
C02 1099.99 0.08947454240611108
C03 319.994 42.487700783572365
C03 324.969 43.51680120646027
C03 349.982 51.153362194951605
C03 374.975 68.15311012834675
C03 400.019 83.93073947178503
C03 424.965 88.32950281753041
C03 450.035 88.04646830384337
C03 475.003 88.17158639661913
C03 500.018 87.43170193852363
C03 525.002 86.99488350668513
C03 550.029 87.48671517409119
C03 575.023 88.57383830626591
C03 599.982 89.81289981245506
C03 619.997 90.67570236366277
C03 624.979 91.00956618374478
C03 650.012 92.18979092974287
C03 675.004 93.51148680801828
C03 700.03 94.53564279630042
C03 725.012 95.25020680455825
C03 750.022 96.6053759549387
C03 774.987 98.18224129546368
C03 799.976 98.59369262970202
C03 824.988 98.37418723671438
C03 850.022 97.110227899028
C03 869.967 94.86028613840908
C03 875.002 93.75633783796009
C03 899.999 87.4905755209201
C03 919.999 79.7753065122226
C03 925.012 76.7441969244334
C03 949.965 63.34016175229585
C03 975.002 47.50536260105583
C03 999.976 30.49743428970955
C03 1025.028 15.179479032415422
C03 1050.014 6.239523865984196
C03 1075.002 0.8255177282702971
C03 1099.99 0.08945266822560807
C04 319.994 42.38121813337094
C04 324.969 43.36080560159926
C04 349.982 50.78842133581511
C04 374.975 67.71475590463298
C04 400.019 83.71208190137027
C04 424.965 88.30805629332717
C04 450.035 88.09702469485978
C04 475.003 88.21852226930994
C04 500.018 87.4557770357352
C04 525.002 86.99433916626553
C04 550.029 87.48741657209784
C04 575.023 88.56860019905562
C04 599.982 89.8046323920659
C04 619.997 90.66486121321012
C04 624.979 91.00251324794829
C04 650.012 92.1813317917621
C04 675.004 93.50193428870948
C04 700.03 94.53220573493735
C04 725.012 95.26499929738965
C04 750.022 96.63281653106047
C04 774.987 98.22776079592427
C04 799.976 98.65358055088136
C04 824.988 98.44090572893289
C04 850.022 97.18497626769945
C04 869.967 94.93496185867284
C04 875.002 93.8322653973093
C04 899.999 87.5169776676267
C04 919.999 79.78472814807719
C04 925.012 76.76122148612808
C04 949.965 63.36915531896673
C04 975.002 47.476968280761255
C04 999.976 30.458360274521706
C04 1025.028 15.112809160881035
C04 1050.014 6.218711898028736
C04 1075.002 0.8257521061880337
C04 1099.99 0.08947806529389228
C05 319.994 42.28192119916405
C05 324.969 43.215864684549466
C05 349.982 50.444482109891965
C05 374.975 67.29347570990792
C05 400.019 83.49081730455433
C05 424.965 88.27437651228746
C05 450.035 88.13384144601577
C05 475.003 88.2611382865355
C05 500.018 87.48070976999756
C05 525.002 86.98915643212959
C05 550.029 87.45759190903254
C05 575.023 88.52572504076134
C05 599.982 89.75790847738962
C05 619.997 90.61166872377908
C05 624.979 90.94595251525807
C05 650.012 92.12341157641144
C05 675.004 93.44916580464313
C05 700.03 94.48403364702774
C05 725.012 95.23450213334053
C05 750.022 96.62629395875463
C05 774.987 98.2499708306173
C05 799.976 98.69241598355694
C05 824.988 98.49166300525906
C05 850.022 97.25371022567724
C05 869.967 95.033308458436
C05 875.002 93.92982758342308
C05 899.999 87.61880295269472
C05 919.999 79.90368171132873
C05 925.012 76.87491663510765
C05 949.965 63.49025540605126
C05 975.002 47.54584473182664
C05 999.976 30.467496689480548
C05 1025.028 15.118510426301578
C05 1050.014 6.227036445827805
C05 1075.002 0.8256961695634994
C05 1099.99 0.08947200403058468
C06 319.994 42.181961486566834
C06 324.969 43.0745005060816
C06 349.982 50.12069557298775
C06 374.975 66.87280220656827
C06 400.019 83.22736839033269
C06 424.965 88.15629032505542
C06 450.035 88.06901989676287
C06 475.003 88.18214015909555
C06 500.018 87.38032794768637
C06 525.002 86.87087355897991
C06 550.029 87.33617381496867
C06 575.023 88.4077046483491
C06 599.982 89.64165265371024
C06 619.997 90.49784045328506
C06 624.979 90.834493255287
C06 650.012 92.01054906849247
C06 675.004 93.33840862964455
C06 700.03 94.3844349086789
C06 725.012 95.15542386873356
C06 750.022 96.58040709042756
C06 774.987 98.23335720549113
C06 799.976 98.69501780404647
C06 824.988 98.49877466448902
C06 850.022 97.28057812836043
C06 869.967 95.06313963355345
C06 875.002 93.95453893477087
C06 899.999 87.59486657658938
C06 919.999 79.9020152504693
C06 925.012 76.87567550959866
C06 949.965 63.52484265324028
C06 975.002 47.540807029838895
C06 999.976 30.414326312846125
C06 1025.028 15.090053807495096
C06 1050.014 6.223287107800402
C06 1075.002 0.8253038001645844
C06 1099.99 0.08942948708823317
C07 319.994 42.95589942093163
C07 324.969 43.82382723899474
C07 349.982 50.818255104041974
C07 374.975 67.78987532889624
C07 400.019 84.66054440846848
C07 424.965 89.8418123666188
C07 450.035 89.77667281917378
C07 475.003 89.85552052800855
C07 500.018 89.01142344124347
C07 525.002 88.48945829651835
C07 550.029 89.00205507188876
C07 575.023 90.13700017272721
C07 599.982 91.42811077685921
C07 619.997 92.31580920013153
C07 624.979 92.66872167489988
C07 650.012 93.88834755963862
C07 675.004 95.24769546370251
C07 700.03 96.33037434492105
C07 725.012 97.1607188257757
C07 750.022 98.64986289391081
C07 774.987 100.38737936356661
C07 799.976 100.8745682006161
C07 824.988 100.68732109688492
C07 850.022 99.45677977297909
C07 869.967 97.17023151715217
C07 875.002 96.00783986273413
C07 899.999 89.36674724912469
C07 919.999 81.50143532735736
C07 925.012 78.4462092239173
C07 949.965 65.00706478610884
C07 975.002 48.649930498392685
C07 999.976 30.998095470892988
C07 1025.028 15.379002610344322
C07 1050.014 6.344865602338462
C07 1075.002 0.8429875185629542
C07 1099.99 0.09134568554250369
C10 319.994 42.879619993873455
C10 324.969 44.035171741531734
C10 349.982 52.13903702978667
C10 374.975 69.0390528914064
C10 400.019 84.08718426380688
C10 424.965 88.03329857117218
C10 450.035 87.6245608261776
C10 475.003 87.79205191478802
C10 500.018 87.15636981532421
C10 525.002 86.83752312482116
C10 550.029 87.42684475511068
C10 575.023 88.56457496761038
C10 599.982 89.82613379777301
C10 619.997 90.6917088690043
C10 624.979 91.02942115111136
C10 650.012 92.20941153666116
C10 675.004 93.54234879347744
C10 700.03 94.63649621412917
C10 725.012 95.58804727290311
C10 750.022 97.25009599085841
C10 774.987 99.1616282395401
C10 799.976 99.69083965270715
C10 824.988 99.3932811442466
C10 850.022 98.25223874766837
C10 869.967 96.14307932055885
C10 875.002 95.01093607252798
C10 899.999 88.10425061975347
C10 919.999 79.6844086471629
C10 925.012 76.52048645183636
C10 949.965 63.13261762827422
C10 975.002 47.640758781287886
C10 999.976 30.785978942526636
C10 1025.028 15.162666582001151
C10 1050.014 6.178666095298703
C10 1075.002 0.8310246467189908
C10 1099.99 0.09004939502149244
C11 319.994 42.77882899990533
C11 324.969 43.88400548834252
C11 349.982 51.78996519630277
C11 374.975 68.71828648893293
C11 400.019 84.02887815702408
C11 424.965 88.2230596861471
C11 450.035 87.95700070437518
C11 475.003 88.18164084130096
C11 500.018 87.52692262358273
C11 525.002 87.15099420561396
C11 550.029 87.66289567991325
C11 575.023 88.7298444515446
C11 599.982 89.935871960092
C11 619.997 90.7736688806484
C11 624.979 91.10819291296396
C11 650.012 92.26644373390707
C11 675.004 93.59445901098887
C11 700.03 94.68224258837765
C11 725.012 95.63891642091328
C11 750.022 97.30945521321134
C11 774.987 99.23025106244178
C11 799.976 99.77039088979853
C11 824.988 99.49295870882347
C11 850.022 98.36108897646943
C11 869.967 96.26372784523961
C11 875.002 95.12836189271937
C11 899.999 88.25184355138451
C11 919.999 79.87290629130138
C11 925.012 76.75246579270815
C11 949.965 63.59868198819802
C11 975.002 48.01681805322788
C11 999.976 30.891804660445914
C11 1025.028 15.233324163522104
C11 1050.014 6.2371503824061145
C11 1075.002 0.8315318256417336
C11 1099.99 0.09010435266365259
C12 319.994 42.55586585598741
C12 324.969 43.601394092267576
C12 349.982 51.24995101538381
C12 374.975 68.08285999338437
C12 400.019 83.62705570797107
C12 424.965 88.03777490074141
C12 450.035 87.85911719468206
C12 475.003 88.08593069858473
C12 500.018 87.40020674932798
C12 525.002 86.98785308182914
C12 550.029 87.47320563857184
C12 575.023 88.52643002479978
C12 599.982 89.7245942880211
C12 619.997 90.5623159671858
C12 624.979 90.8919155898637
C12 650.012 92.05070126641928
C12 675.004 93.37224812312546
C12 700.03 94.47012571509615
C12 725.012 95.4340943657528
C12 750.022 97.10871256098218
C12 774.987 99.03662139937886
C12 799.976 99.59182464935783
C12 824.988 99.32649405081365
C12 850.022 98.2049036690478
C12 869.967 96.13793445828443
C12 875.002 95.01888302700029
C12 899.999 88.1935041550097
C12 919.999 79.81134102301412
C12 925.012 76.68533403702642
C12 949.965 63.54716921324194
C12 975.002 48.02371438979107
C12 999.976 30.9018837461658
C12 1025.028 15.235617649078781
C12 1050.014 6.2273841498012965
C12 1075.002 0.8298163657204202
C12 1099.99 0.08991846632597561
C13 319.994 42.40876649844222
C13 324.969 43.39977997876306
C13 349.982 50.81606654148572
C13 374.975 67.55571609146388
C13 400.019 83.35894973175085
C13 424.965 87.96862174085517
C13 450.035 87.82974909529078
C13 475.003 88.00820356189462
C13 500.018 87.281010514215
C13 525.002 86.84436188051532
C13 550.029 87.33578499650847
C13 575.023 88.41939373853471
C13 599.982 89.65256381481534
C13 619.997 90.50820925565053
C13 624.979 90.84627356426603
C13 650.012 92.02173350341546
C13 675.004 93.3545361602404
C13 700.03 94.4634188829673
C13 725.012 95.44101932000224
C13 750.022 97.13093507925927
C13 774.987 99.07898767043821
C13 799.976 99.64334683503988
C13 824.988 99.39556022903733
C13 850.022 98.28418935762544
C13 869.967 96.24447974208138
C13 875.002 95.13694670472724
C13 899.999 88.33304468951306
C13 919.999 79.90505960753717
C13 925.012 76.75709063158736
C13 949.965 63.59445060625625
C13 975.002 48.139731964566614
C13 999.976 30.976907228754058
C13 1025.028 15.271225358612556
C13 1050.014 6.225990341618404
C13 1075.002 0.830006134428436
C13 1099.99 0.08993902956368258
C14 319.994 42.27735664064538
C14 324.969 43.218090713835686
C14 349.982 50.4234142746084
C14 374.975 67.0637681690047
C14 400.019 83.04633090712568
C14 424.965 87.84671074462476
C14 450.035 87.79197270188291
C14 475.003 87.980128284081
C14 500.018 87.23207925747775
C14 525.002 86.75960577715325
C14 550.029 87.22893615886528
C14 575.023 88.2942856033705
C14 599.982 89.51837487130844
C14 619.997 90.36929320691299
C14 624.979 90.70658731151804
C14 650.012 91.87762959993131
C14 675.004 93.20850814471706
C14 700.03 94.31998240400301
C14 725.012 95.31510069525801
C14 750.022 97.0174957223144
C14 774.987 98.9836349295371
C14 799.976 99.56342719858716
C14 824.988 99.32616628945578
C14 850.022 98.23325623734301
C14 869.967 96.22283972926925
C14 875.002 95.12031738356515
C14 899.999 88.32543392294083
C14 919.999 79.87135525630234
C14 925.012 76.72138773454303
C14 949.965 63.5647621297055
C14 975.002 48.17056323559049
C14 999.976 31.00603013670282
C14 1025.028 15.278246655455243
C14 1050.014 6.217702898202047
C14 1075.002 0.8290366418869405
C14 1099.99 0.08983397586018028
C15 319.994 42.32689277242843
C15 324.969 43.22672317994902
C15 349.982 50.27000460674137
C15 374.975 66.86595526093319
C15 400.019 82.97225886620151
C15 424.965 87.95725462313057
C15 450.035 88.03554666107182
C15 475.003 88.29895782676462
C15 500.018 87.5503774654272
C15 525.002 87.04509316031861
C15 550.029 87.44873294725292
C15 575.023 88.42658002744258
C15 599.982 89.57273965510593
C15 619.997 90.3738795544692
C15 624.979 90.69872614740324
C15 650.012 91.83528032272805
C15 675.004 93.14854465412004
C15 700.03 94.25474667516694
C15 725.012 95.25720017218666
C15 750.022 96.98087777252721
C15 774.987 98.96952556408068
C15 799.976 99.56873061439325
C15 824.988 99.33862884341184
C15 850.022 98.27872033429945
C15 869.967 96.29226528305999
C15 875.002 95.19042167882513
C15 899.999 88.3808879996867
C15 919.999 79.92723580096522
C15 925.012 76.78456045632349
C15 949.965 63.63622088230251
C15 975.002 48.26037941144104
C15 999.976 31.086481779732978
C15 1025.028 15.303637929327456
C15 1050.014 6.220126053776342
C15 1075.002 0.8287235602390906
C15 1099.99 0.08980005049696449
C16 319.994 42.26402992713597
C16 324.969 43.12192247574004
C16 349.982 49.99076816884713
C16 374.975 66.52376556135758
C16 400.019 82.78451428539856
C16 424.965 87.92062383715226
C16 450.035 88.06355145916875
C16 475.003 88.32671535689076
C16 500.018 87.56225420708596
C16 525.002 87.02642458395619
C16 550.029 87.41207727751419
C16 575.023 88.37837579625565
C16 599.982 89.5148677123818
C16 619.997 90.31363231780053
C16 624.979 90.63999234800816
C16 650.012 91.77163392166733
C16 675.004 93.08554242140318
C16 700.03 94.20079545753181
C16 725.012 95.22201289093455
C16 750.022 96.97217338071322
C16 774.987 98.98873506813283
C16 799.976 99.60602337474317
C16 824.988 99.38616948501664
C16 850.022 98.34697707833051
C16 869.967 96.37718559750176
C16 875.002 95.2737633939993
C16 899.999 88.44363634110674
C16 919.999 79.98799308822973
C16 925.012 76.85252267842935
C16 949.965 63.74940174887489
C16 975.002 48.35898732997758
C16 999.976 31.124694281245166
C16 1025.028 15.313692813026266
C16 1050.014 6.218127803229893
C16 1075.002 0.8286489697301042
C16 1099.99 0.0897919679085177
C17 319.994 42.10373865846585
C17 324.969 42.92524712890613
C17 349.982 49.61652786596624
C17 374.975 66.02082234242688
C17 400.019 82.42272555036983
C17 424.965 87.65868190787356
C17 450.035 87.78974115283684
C17 475.003 87.97687515299509
C17 500.018 87.17325454476172
C17 525.002 86.6338861405245
C17 550.029 87.06092846459896
C17 575.023 88.09322870389397
C17 599.982 89.2860924500233
C17 619.997 90.11602320997149
C17 624.979 90.44669615841133
C17 650.012 91.60272675387759
C17 675.004 92.93032163689757
C17 700.03 94.0598075045828
C17 725.012 95.1110996006452
C17 750.022 96.8937270520337
C17 774.987 98.94475019021377
C17 799.976 99.57851622242909
C17 824.988 99.36863806354941
C17 850.022 98.33278943194607
C17 869.967 96.3412618223225
C17 875.002 95.23084683816633
C17 899.999 88.33580488048462
C17 919.999 79.88375632217834
C17 925.012 76.7669703183572
C17 949.965 63.87165772566058
C17 975.002 48.41138678495962
C17 999.976 31.04225428962301
C17 1025.028 15.27102652542763
C17 1050.014 6.187631591386256
C17 1075.002 0.8279783610042739
C17 1099.99 0.08971930109857941
