lsstCam/transmission_filter_detector/r34_s01/i_39/19700101T000000.ecsv
# %ECSV 1.0
# ---
# datatype:
# - {name: wavelength, unit: nm, datatype: float32}
# - {name: efficiency, unit: '%', datatype: float64}
# meta: !!omap
# - {MODE: DETECTOR}
# - {TYPE: transmission_filter_detector}
# - {CALIBDATE: '1970-01-01T00:00:00'}
# - {INSTRUME: LSSTCam}
# - {OBSTYPE: transmission_filter_detector}
# - {CALIBCLS: lsst.ip.isr.IntermediateFilterDetectorTransmissionCurve}
# - {SOURCE: Materion (DM-46256)}
# - {DETECTOR: 154}
# - {FILTER: i_39}
# - {CALIB_ID: 'calibDate=1970-01-01T00:00:00 filter=i_39 detector=154'}
# - {DATE: '2025-04-02T15:59:47.192591'}
# - {CALIB_CREATION_DATE: '2025-04-02'}
# - {CALIB_CREATION_TIME: '15:59:47'}
# - __serialized_columns__:
#     efficiency:
#       __class__: astropy.units.quantity.Quantity
#       unit: !astropy.units.Unit {unit: '%'}
#       value: !astropy.table.SerializedColumn {name: efficiency}
#     wavelength:
#       __class__: astropy.units.quantity.Quantity
#       unit: !astropy.units.Unit {unit: nm}
#       value: !astropy.table.SerializedColumn {name: wavelength}
# schema: astropy-2.0
wavelength efficiency
300.0 1.6450073725068903e-10
301.0 1.6450073725068903e-10
302.0 0.02493671199772507
303.0 0.013066735118627548
304.0 0.0011967616046604235
305.0 0.005026761937187985
306.0 0.008856761269271374
307.0 0.010598835069686174
308.0 0.01234090595971793
309.0 0.010202875273535028
310.0 0.008064843859756365
311.0 1.6450073725068903e-10
312.0 1.6450073725068903e-10
313.0 1.6450073725068903e-10
314.0 1.6450073725068903e-10
315.0 1.6450073725068903e-10
316.0 1.6450073725068903e-10
317.0 1.6450073725068903e-10
318.0 1.6450073725068903e-10
319.0 0.0013618036973639391
320.0 0.00450723891844973
321.0 0.001647322096687276
322.0 1.6450073725068903e-10
323.0 1.6450073725068903e-10
324.0 0.000676157424095436
325.0 0.0009522691470920108
326.0 0.0012283816431590822
327.0 0.0010908739568549208
328.0 0.0009533669071970508
329.0 0.0020220715668983757
330.0 0.0030907765903975815
331.0 0.0030023555154912174
332.0 0.0029139344405848533
333.0 0.003182258296874352
334.0 0.0034505821531638503
335.0 0.0017323844076599926
336.0 1.4186710473040876e-05
337.0 0.0011597488992265426
338.0 0.00230531095439801
339.0 0.0010873884093598463
340.0 1.6450073725068903e-10
341.0 0.0003287152139819227
342.0 0.0007879642907937523
343.0 0.0007607003226439701
344.0 0.0007334362635447178
345.0 0.0004418495336722117
346.0 0.00015026288338049199
347.0 1.6450073725068903e-10
348.0 1.6450073725068903e-10
349.0 1.6450073725068903e-10
350.0 0.0010570867743808776
351.0 0.00014184263363858918
352.0 1.6450073725068903e-10
353.0 1.6450073725068903e-10
354.0 1.6450073725068903e-10
355.0 0.00036216845273884246
356.0 0.0008643300134281162
357.0 0.00020486540961428545
358.0 1.6450073725068903e-10
359.0 1.6450073725068903e-10
360.0 0.00010734299848991213
361.0 0.0002563813495726208
362.0 0.0004054196324432269
363.0 1.6450073725068903e-10
364.0 1.6450073725068903e-10
365.0 1.6450073725068903e-10
366.0 0.000495211952511454
367.0 0.0006145726729300804
368.0 0.0007339333023992367
369.0 0.00039662436392973177
370.0 5.9315584621799644e-05
371.0 1.6450073725068903e-10
372.0 1.6450073725068903e-10
373.0 0.00013406546486294246
374.0 0.0004748100764118135
375.0 0.0001309379854319559
376.0 1.6450073725068903e-10
377.0 5.211427946960612e-05
378.0 0.0003171626303810626
379.0 0.0004982171958545223
380.0 0.0006792714884795714
381.0 0.0003871453372994438
382.0 9.501903264208522e-05
383.0 0.0006255445896385936
384.0 0.0011560699022084009
385.0 0.000711619895810145
386.0 0.00026717020773503464
387.0 0.00020647557903430425
388.0 0.00014578071159121464
389.0 0.00035909656617150176
390.0 0.0005724121820094297
391.0 0.0003127796844637487
392.0 5.314732334227301e-05
393.0 1.6450073725068903e-10
394.0 1.6450073725068903e-10
395.0 0.0007746964911348186
396.0 0.0019921979401260614
397.0 0.0013636597032018472
398.0 0.0007351214208028978
399.0 0.0012374221114441752
400.0 0.001739722938509658
401.0 0.0032932024623733014
402.0 0.004846681622439064
403.0 0.004713610906037502
404.0 0.004580539825838059
405.0 0.0034938519092975184
406.0 0.0024071643565548584
407.0 0.0020234925614204258
408.0 0.0016398205843870528
409.0 0.0018920965885627083
410.0 0.002144372592738364
411.0 0.003275037306593731
412.0 0.004405701838550158
413.0 0.0034889748349087313
414.0 0.0025722472855704837
415.0 0.0026488422008696944
416.0 0.002725437661865726
417.0 0.0044137930672150105
418.0 0.006102148108766414
419.0 0.004777155845658854
420.0 0.0034521632187534124
421.0 0.004369445377960801
422.0 0.005286727900966071
423.0 0.00493627303512767
424.0 0.00458581889688503
425.0 0.004677470860769972
426.0 0.0047691228246549144
427.0 0.005683414201484993
428.0 0.0065977059421129525
429.0 0.005619272633339278
430.0 0.004640839688363485
431.0 0.004576102583087049
432.0 0.004511365114012733
433.0 0.0037019352021161467
434.0 0.0028925052902195603
435.0 0.0029893877581343986
436.0 0.0030862698622513562
437.0 0.002250100442324765
438.0 0.0014139310223981738
439.0 0.0018248889318783768
440.0 0.00223584702325752
441.0 0.0021458661649376154
442.0 0.002055885488516651
443.0 0.002186552228522487
444.0 0.002317218968528323
445.0 0.0014842687960481271
446.0 0.0006513188054668717
447.0 0.0003600975787776406
448.0 6.887627819196496e-05
449.0 0.000269512452177878
450.0 0.0004701483703684062
451.0 0.0006349670911731664
452.0 0.0007997858119779266
453.0 0.0008357360457011964
454.0 0.0008716862794244662
455.0 0.000718120008968981
456.0 0.0005645537385134958
457.0 0.00021840501176484395
458.0 1.6450073725068903e-10
459.0 0.0001296624418500869
460.0 0.0003870687123708194
461.0 0.0006577569365617819
462.0 0.0009284451152780093
463.0 0.0007855554031266365
464.0 0.0006426656455005286
465.0 0.00026833213269128464
466.0 1.6450073725068903e-10
467.0 7.454872275047819e-05
468.0 0.0002550985527705052
469.0 0.0006389643658621935
470.0 0.0010228302016912494
471.0 0.0007583940259792143
472.0 0.0004939580776408548
473.0 0.0004528053068497684
474.0 0.00041165244510921184
475.0 0.0003994039161625551
476.0 0.0003871552962664282
477.0 0.00022320414245768916
478.0 5.925297728026635e-05
479.0 0.0012496794624894392
480.0 0.0024401060727541335
481.0 0.002497351488273125
482.0 0.002554597085691057
483.0 0.0037535650335485116
484.0 0.004952532617608085
485.0 0.005742819848819636
486.0 0.006533104897243902
487.0 0.00902394240256399
488.0 0.01151477699750103
489.0 0.014572216605301946
490.0 0.017629654030315578
491.0 0.0210847778362222
492.0 0.024539901642128825
493.0 0.02709754917304963
494.0 0.029655196703970432
495.0 0.028066401137039065
496.0 0.026477608480490744
497.0 0.021229960839264095
498.0 0.015982313198037446
499.0 0.011377152259228751
500.0 0.006771990592824295
501.0 0.004471600186661817
502.0 0.0021712090529035777
503.0 0.0020384815798024647
504.0 0.0019057539248024113
505.0 0.001744975998008158
506.0 0.0015841978893149644
507.0 0.0018529124645283446
508.0 0.0021216268578427844
509.0 0.002441552896925714
510.0 0.0027614789360086434
511.0 0.0023979266188689508
512.0 0.0020343744836281985
513.0 0.0020811772628803737
514.0 0.0021279804059304297
515.0 0.002205953023803886
516.0 0.0022839256416773424
517.0 0.002254788159916643
518.0 0.0022256506781559438
519.0 0.0020515581127256155
520.0 0.0018774655472952873
521.0 0.0017995700545725413
522.0 0.0017216747437487356
523.0 0.001683666960161645
524.0 0.001645658994675614
525.0 0.002099539779010229
526.0 0.0025534203814459033
527.0 0.0026993409846909344
528.0 0.0028452615879359655
529.0 0.003100363028352149
530.0 0.003355463923071511
531.0 0.0029450244255713187
532.0 0.002534584746172186
533.0 0.001959967630682513
534.0 0.0013853506061423104
535.0 0.0017734850189299323
536.0 0.002161619340768084
537.0 0.002677030897757504
538.0 0.0031924424547469243
539.0 0.003736840153578669
540.0 0.004281237852410413
541.0 0.0046811994252493605
542.0 0.005081160998088308
543.0 0.00524577044416219
544.0 0.005410380254033953
545.0 0.0045042332203593105
546.0 0.003598086186684668
547.0 0.0027862337447004393
548.0 0.00197438112081727
549.0 0.001722672641335521
550.0 0.001470964343752712
551.0 0.0015429632185259834
552.0 0.0016149624570971355
553.0 0.001707016781438142
554.0 0.0017990714695770293
555.0 0.0013234572179499082
556.0 0.0008478430572722573
557.0 0.0008376565347134601
558.0 0.000827470012154663
559.0 0.0006754909918527119
560.0 0.0005235119260760257
561.0 0.0009862883416644763
562.0 0.0014490648936771322
563.0 0.001565613638376817
564.0 0.0016821622921270318
565.0 0.0013638794371217955
566.0 0.0010455966730660293
567.0 0.0011269256901869085
568.0 0.001208254889206728
569.0 0.0009609168955648784
570.0 0.0007135789928724989
571.0 0.0005684727966581704
572.0 0.0004233664640196366
573.0 0.0005254613370198058
574.0 0.0006275560735957697
575.0 0.0005334271918400191
576.0 0.00043929835555900354
577.0 0.0004416891897562891
578.0 0.0004440801149030449
579.0 0.00034644688184926054
580.0 0.00024881367153284373
581.0 0.0003867659870593343
582.0 0.0005247183253231924
583.0 0.00047242065193131566
584.0 0.00042012284211523365
585.0 0.0006146865871414775
586.0 0.0008092504685919266
587.0 0.0005354715085559292
588.0 0.000261692684944137
589.0 0.00046197033043426927
590.0 0.0006622480668738717
591.0 0.0005794825938210124
592.0 0.0004967169388692128
593.0 0.0005226147095527267
594.0 0.0005485124347615056
595.0 0.0004589209311234299
596.0 0.0003693293592732516
597.0 0.00042299338929296937
598.0 0.0004766573965753196
599.0 0.0004462714059627615
600.0 0.0004158854608249385
601.0 0.00043753484533226583
602.0 0.00045918427531432826
603.0 0.00025031829409272177
604.0 4.145233845065377e-05
605.0 0.00010426117569295457
606.0 0.00016706999304005876
607.0 0.00028636939077841816
608.0 0.00040566878851677757
609.0 0.0003833935807051603
610.0 0.000361118372893543
611.0 0.00039133419704739936
612.0 0.00042155002120125573
613.0 0.00033158485166495666
614.0 0.00024161975034076022
615.0 0.00036862741126242327
616.0 0.0004956350494467188
617.0 0.0004224428721499862
618.0 0.0003492506721158861
619.0 0.0002580084810688277
620.0 0.00016676632412782055
621.0 0.00014978121498643304
622.0 0.00013279612858241308
623.0 0.0002395338697169791
624.0 0.0003462716222202289
625.0 0.00035609937185654417
626.0 0.00036592712149285944
627.0 0.000357643125425966
628.0 0.0003493591520964401
629.0 0.0003882670625898754
630.0 0.0004271748821338406
631.0 0.0004529767011263175
632.0 0.00047877833821985405
633.0 0.00044246494326216634
634.0 0.00040615145735500846
635.0 0.0004972933766111964
636.0 0.0005884352958673844
637.0 0.0005008993866795208
638.0 0.0004133632955927169
639.0 0.0004242516297381371
640.0 0.00043514000935829245
641.0 0.0005182076620258158
642.0 0.0006012753146933392
643.0 0.0006274093721003737
644.0 0.000653543293083203
645.0 0.0006871272489661351
646.0 0.0007207112048490671
647.0 0.0007248364909173688
648.0 0.0007289615950867301
649.0 0.0007623981673532398
650.0 0.0007958346941450145
651.0 0.0007436477062583435
652.0 0.0006914606274222024
653.0 0.0007918853043520357
654.0 0.0008923100722313393
655.0 0.0012396044439810794
656.0 0.0015868987247813493
657.0 0.002581595072115306
658.0 0.0035762910556513816
659.0 0.0058542016631690785
660.0 0.07246778695844114
661.0 0.07855609874241054
662.0 0.07235888042487204
663.0 0.10442099301144481
664.0 0.08743955986574292
665.0 0.1378748333081603
666.0 0.13443370116874576
667.0 0.16760966973379254
668.0 0.21436046808958054
669.0 0.22483619395643473
670.0 0.32884818501770496
671.0 0.46796947717666626
672.0 0.792200118303299
673.0 1.2545797042548656
674.0 1.8584679812192917
675.0 2.7007753029465675
676.0 3.7742577493190765
677.0 5.1381804049015045
678.0 6.511962413787842
679.0 7.960245758295059
680.0 9.757081419229507
681.0 11.839070916175842
682.0 14.379189908504486
683.0 17.21244901418686
684.0 20.180600881576538
685.0 23.151426017284393
686.0 26.13067626953125
687.0 29.384082555770874
688.0 32.534608244895935
689.0 35.841187834739685
690.0 39.58641588687897
691.0 43.61295998096466
692.0 48.457470536231995
693.0 53.651100397109985
694.0 59.47243571281433
695.0 65.15251398086548
696.0 71.38376235961914
697.0 76.95801258087158
698.0 82.94817805290222
699.0 87.49774098396301
700.0 91.06953740119934
701.0 93.94155144691467
702.0 95.85365653038025
703.0 96.9177782535553
704.0 97.38628268241882
705.0 97.85988330841064
706.0 97.83645272254944
707.0 98.13042879104614
708.0 98.0923056602478
709.0 98.13140630722046
710.0 97.82915711402893
711.0 98.1355369091034
712.0 98.01286458969116
713.0 98.04804921150208
714.0 98.15070033073425
715.0 98.16946387290955
716.0 98.04879426956177
717.0 98.25975894927979
718.0 98.32664728164673
719.0 98.29434156417847
720.0 98.50876331329346
721.0 98.50975275039673
722.0 98.21357727050781
723.0 97.96996712684631
724.0 97.59284257888794
725.0 97.35829830169678
726.0 97.00815677642822
727.0 96.66569828987122
728.0 96.49500250816345
729.0 96.2692141532898
730.0 96.29279971122742
731.0 96.28481268882751
732.0 96.32261395454407
733.0 96.67869210243225
734.0 96.92292213439941
735.0 97.25605249404907
736.0 97.64188528060913
737.0 97.9267954826355
738.0 98.25495481491089
739.0 98.66337180137634
740.0 98.78575205802917
741.0 98.55507612228394
742.0 98.9095389842987
743.0 98.7860381603241
744.0 98.5555648803711
745.0 98.58301281929016
746.0 98.5617458820343
747.0 98.81317019462585
748.0 98.64425659179688
749.0 98.60565662384033
750.0 98.5219657421112
751.0 98.4950602054596
752.0 98.37141633033752
753.0 98.61852526664734
754.0 98.59920144081116
755.0 98.61898422241211
756.0 98.64389300346375
757.0 98.71097207069397
758.0 98.75854253768921
759.0 98.88395667076111
760.0 98.69615435600281
761.0 98.64174723625183
762.0 98.71891736984253
763.0 98.69365096092224
764.0 98.4882116317749
765.0 98.50488305091858
766.0 98.55526685714722
767.0 98.27796220779419
768.0 98.33610653877258
769.0 98.38009476661682
770.0 98.10311198234558
771.0 98.22145104408264
772.0 98.20418357849121
773.0 98.06135892868042
774.0 98.00606966018677
775.0 98.02353382110596
776.0 97.94635772705078
777.0 98.04102182388306
778.0 98.00909757614136
779.0 98.05444478988647
780.0 97.90414571762085
781.0 98.20690155029297
782.0 98.0597972869873
783.0 98.18373322486877
784.0 98.17354679107666
785.0 98.31264019012451
786.0 98.40559363365173
787.0 98.19997549057007
788.0 98.29930663108826
789.0 98.33845496177673
790.0 98.31497073173523
791.0 98.28852415084839
792.0 98.22353720664978
793.0 98.11743497848511
794.0 98.11623096466064
795.0 98.02484512329102
796.0 98.0322778224945
797.0 98.07143807411194
798.0 98.04565906524658
799.0 97.90946245193481
800.0 97.75165915489197
801.0 97.83191084861755
802.0 97.68294095993042
803.0 97.50045537948608
804.0 97.23632335662842
805.0 96.92512154579163
806.0 96.61819338798523
807.0 95.85564732551575
808.0 94.99977231025696
809.0 93.9719557762146
810.0 92.65645742416382
811.0 90.90679883956909
812.0 88.87047171592712
813.0 86.33944988250732
814.0 83.37650299072266
815.0 79.94959354400635
816.0 76.32825374603271
817.0 72.08358645439148
818.0 67.1655535697937
819.0 62.88832426071167
820.0 57.828694581985474
821.0 53.2614529132843
822.0 48.8252729177475
823.0 44.17179226875305
824.0 39.519280195236206
825.0 35.286808013916016
826.0 30.802348256111145
827.0 26.202693581581116
828.0 21.971505880355835
829.0 17.834679782390594
830.0 13.655659556388855
831.0 10.35609319806099
832.0 7.149678468704224
833.0 4.796648025512695
834.0 2.981571853160858
835.0 1.8145475536584854
836.0 1.074882596731186
837.0 0.6066667381674051
838.0 0.3632007399573922
839.0 0.21381685510277748
840.0 0.13607863802462816
841.0 0.07782724569551647
842.0 0.05347240366972983
843.0 0.03379379049874842
844.0 0.004756257112603635
845.0 1.6450073725068903e-10
846.0 1.6450073725068903e-10
847.0 1.6450073725068903e-10
848.0 1.6450073725068903e-10
849.0 0.005542956932913512
850.0 1.6450073725068903e-10
851.0 0.001179317678179359
852.0 0.002381523336225655
853.0 0.0014030668353370856
854.0 0.0004246102434990462
855.0 0.00021835396637470694
856.0 1.2097763146812213e-05
857.0 0.00023731404326099437
858.0 0.00046253030632215086
859.0 0.0001595332605575095
860.0 1.6450073725068903e-10
861.0 1.6450073725068903e-10
862.0 1.6450073725068903e-10
863.0 1.6450073725068903e-10
864.0 3.0952168117437395e-05
865.0 2.392411886376067e-05
866.0 1.6896008503408666e-05
867.0 1.6450073725068903e-10
868.0 1.6450073725068903e-10
869.0 1.6450073725068903e-10
870.0 5.8753880693984684e-05
871.0 3.649079474143946e-05
872.0 1.4227664735244616e-05
873.0 4.405446247801592e-05
874.0 7.388122753582138e-05
875.0 1.6450073725068903e-10
876.0 1.6450073725068903e-10
877.0 1.6450073725068903e-10
878.0 0.00017504046354588354
879.0 4.101456454463914e-05
880.0 1.6450073725068903e-10
881.0 4.3870142008017865e-05
882.0 0.0001807516127882991
883.0 1.6450073725068903e-10
884.0 1.6450073725068903e-10
885.0 1.6450073725068903e-10
886.0 1.6450073725068903e-10
887.0 1.6450073725068903e-10
888.0 1.6450073725068903e-10
889.0 1.6450073725068903e-10
890.0 2.0311358639446553e-05
891.0 1.6450073725068903e-10
892.0 1.6450073725068903e-10
893.0 1.6450073725068903e-10
894.0 1.6450073725068903e-10
895.0 1.6450073725068903e-10
