lsstCam/transmission_filter_detector/r34_s01/i_39/19700101T000000.ecsv
# %ECSV 1.0
# ---
# datatype:
# - {name: wavelength, unit: nm, datatype: float32}
# - {name: efficiency, unit: '%', datatype: float64}
# meta: !!omap
# - {MODE: DETECTOR}
# - {TYPE: transmission_filter_detector}
# - {CALIBDATE: '1970-01-01T00:00:00'}
# - {INSTRUME: LSSTCam}
# - {OBSTYPE: transmission_filter_detector}
# - {CALIBCLS: lsst.ip.isr.IntermediateFilterDetectorTransmissionCurve}
# - {SOURCE: Materion (DM-46256)}
# - {DETECTOR: 154}
# - {FILTER: i_39}
# - {CALIB_ID: 'calibDate=1970-01-01T00:00:00 filter=i_39 detector=154'}
# - {DATE: '2025-04-02T15:59:47.192591'}
# - {CALIB_CREATION_DATE: '2025-04-02'}
# - {CALIB_CREATION_TIME: '15:59:47'}
# - __serialized_columns__:
#     efficiency:
#       __class__: astropy.units.quantity.Quantity
#       unit: !astropy.units.Unit {unit: '%'}
#       value: !astropy.table.SerializedColumn {name: efficiency}
#     wavelength:
#       __class__: astropy.units.quantity.Quantity
#       unit: !astropy.units.Unit {unit: nm}
#       value: !astropy.table.SerializedColumn {name: wavelength}
# schema: astropy-2.0
wavelength efficiency
[from data line 597]
897.0 1.6450073725068903e-10
898.0 1.6450073725068903e-10
899.0 1.6450073725068903e-10
900.0 1.6450073725068903e-10
901.0 1.6450073725068903e-10
902.0 1.6450073725068903e-10
903.0 1.6450073725068903e-10
904.0 1.6450073725068903e-10
905.0 2.202069566692444e-05
906.0 4.795985546479642e-05
907.0 1.6450073725068903e-10
908.0 1.6450073725068903e-10
909.0 1.6450073725068903e-10
910.0 7.566801514258259e-05
911.0 8.23231175672845e-05
912.0 8.897821430764452e-05
913.0 1.6450073725068903e-10
914.0 1.6450073725068903e-10
915.0 1.6450073725068903e-10
916.0 1.6450073725068903e-10
917.0 1.6450073725068903e-10
918.0 1.6450073725068903e-10
919.0 1.6450073725068903e-10
920.0 0.00014450399703491712
921.0 1.6619803488993057e-05
922.0 1.6450073725068903e-10
923.0 1.6450073725068903e-10
924.0 1.6450073725068903e-10
925.0 3.674557831345737e-05
926.0 9.234062758878281e-05
927.0 2.8408004482116667e-05
928.0 1.6450073725068903e-10
929.0 1.6450073725068903e-10
930.0 1.6450073725068903e-10
931.0 2.0989257620840363e-05
932.0 7.11816539933352e-05
933.0 1.6450073725068903e-10
934.0 1.6450073725068903e-10
935.0 1.6450073725068903e-10
936.0 1.6450073725068903e-10
937.0 1.6450073725068903e-10
938.0 1.6450073725068903e-10
939.0 1.6450073725068903e-10
940.0 1.6450073725068903e-10
941.0 1.6450073725068903e-10
942.0 7.755845743417922e-07
943.0 1.6450073725068903e-10
944.0 1.6450073725068903e-10
945.0 1.6450073725068903e-10
946.0 1.6450073725068903e-10
947.0 1.6450073725068903e-10
948.0 1.6450073725068903e-10
949.0 1.6450073725068903e-10
950.0 1.6450073725068903e-10
951.0 1.6434367466899857e-05
952.0 0.0001803767986530147
953.0 0.0001197078631776094
954.0 5.903891633352032e-05
955.0 1.6450073725068903e-10
956.0 1.6450073725068903e-10
957.0 1.0175006792678687e-05
958.0 0.00013709211543755373
959.0 0.00020174693418084644
960.0 0.0002664017756615067
961.0 0.00023735240120004164
962.0 0.00020830295852647396
963.0 0.0001868613253463991
964.0 0.000165419703535008
965.0 0.00010223011486232281
966.0 3.904052050529572e-05
967.0 1.6450073725068903e-10
968.0 1.6450073725068903e-10
969.0 1.6450073725068903e-10
970.0 4.058174170040729e-05
971.0 3.076181442907e-06
972.0 1.6450073725068903e-10
973.0 7.102556196514342e-05
974.0 0.0001764805119819357
975.0 8.862465392667218e-05
976.0 7.688002234829128e-07
977.0 6.736227575743214e-07
978.0 5.784242418371832e-07
979.0 1.6450073725068903e-10
980.0 1.6450073725068903e-10
981.0 1.6450073725068903e-10
982.0 1.6450073725068903e-10
983.0 1.6450073725068903e-10
984.0 1.6450073725068903e-10
985.0 1.6450073725068903e-10
986.0 0.00012163453675384517
987.0 2.817181332659402e-06
988.0 1.6450073725068903e-10
989.0 1.6450073725068903e-10
990.0 8.335372285728226e-05
991.0 0.0001293504396926437
992.0 0.0001753471792653727
993.0 0.0001430197812624101
994.0 0.00011069237189076375
995.0 0.00012048215012328001
996.0 0.00013027192835579626
997.0 0.00010548510545049794
998.0 8.069825980783207e-05
999.0 0.00010892783848248655
1000.0 0.00013715736031372217
1001.0 0.00023746274564473424
1002.0 0.0003377681423444301
1003.0 0.0001954798108272371
1004.0 5.3191467941360315e-05
1005.0 9.3084497621021e-05
1006.0 0.00013297753866936546
1007.0 0.0001325907874161203
1008.0 0.00013220407026892644
1009.0 0.00019166716356266988
1010.0 0.000251130222750362
1011.0 0.00022549770619662013
1012.0 0.0001998652123802458
1013.0 0.00020770121409441344
1014.0 0.0002155372158085811
1015.0 0.0001919310989251244
1016.0 0.00016832502751640277
1017.0 0.00020921529539918993
1018.0 0.00025010558601934463
1019.0 9.543799706079881e-05
1020.0 1.6450073725068903e-10
1021.0 0.00014945130715204868
1022.0 0.0003581322062018444
1023.0 0.00035286013826407725
1024.0 0.0003475881158010452
1025.0 0.00032809384720167145
1026.0 0.0003085996240770328
1027.0 0.0004983125108992681
1028.0 0.0006880252840346657
1029.0 0.000938493394642137
1030.0 0.0011889614143001381
1031.0 0.0015873791198828258
1032.0 0.001985796552617103
1033.0 0.002246838812425267
1034.0 0.0025078808903344907
1035.0 0.002889672396122478
1036.0 0.0032714640838094056
1037.0 0.0033584608900127932
1038.0 0.0034454580600140616
1039.0 0.0030118791983113624
1040.0 0.002578300336608663
1041.0 0.0025269471734645776
1042.0 0.002475594010320492
1043.0 0.002619165570649784
1044.0 0.0027627373128780164
1045.0 0.003070131060667336
1046.0 0.003377524990355596
1047.0 0.0034662367397686467
1048.0 0.003554948852979578
1049.0 0.003039512193936389
1050.0 0.0025240758986910805
1051.0 0.002355397373321466
1052.0 0.0021867192117497325
1053.0 0.0018395781808067113
1054.0 0.00149243705891422
1055.0 0.0011133490261272527
1056.0 0.0007342609478655504
1057.0 0.0008853487088344991
1058.0 0.0010364366971771233
1059.0 0.0009025033250509296
1060.0 0.0007685698619752657
1061.0 0.000947207536228234
1062.0 0.0011258452104812022
1063.0 0.0017910469978232868
1064.0 0.002456248694215901
1065.0 0.002986553226946853
1066.0 0.003516857759677805
1067.0 0.004050275310873985
1068.0 0.004583693589665927
1069.0 0.004549189543467946
1070.0 0.004514685133472085
1071.0 0.004050805000588298
1072.0 0.00358692450390663
1073.0 0.0029926042770966887
1074.0 0.002398283868387807
1075.0 0.002310619856871199
1076.0 0.00222295548155671
1077.0 0.0029487182473530993
1078.0 0.0036744808312505484
1079.0 0.0034383629099465907
1080.0 0.0032022446248447523
1081.0 0.002342550033063162
1082.0 0.0014828556231805123
1083.0 0.001615100154594984
1084.0 0.0017473443222115748
1085.0 0.0012271279047126882
1086.0 0.0007069113962643314
1087.0 0.0007237497356982203
1088.0 0.0007405881206068443
1089.0 0.00019338729089213302
1090.0 1.6450073725068903e-10
1091.0 0.00012643499758269172
1092.0 0.0006066833066142863
1093.0 1.830099165545107e-05
1094.0 1.6450073725068903e-10
1095.0 1.6450073725068903e-10
1096.0 1.6450073725068903e-10
1097.0 1.6450073725068903e-10
1098.0 1.6450073725068903e-10
1099.0 1.6450073725068903e-10
1100.0 0.0007602639925607946
