lsstCam/transmission_filter_detector/r23_s02/g_6/19700101T000000.ecsv
# %ECSV 1.0
# ---
# datatype:
# - {name: wavelength, unit: nm, datatype: float32}
# - {name: efficiency, unit: '%', datatype: float64}
# meta: !!omap
# - {MODE: DETECTOR}
# - {TYPE: transmission_filter_detector}
# - {CALIBDATE: '1970-01-01T00:00:00'}
# - {INSTRUME: LSSTCam}
# - {OBSTYPE: transmission_filter_detector}
# - {CALIBCLS: lsst.ip.isr.IntermediateFilterDetectorTransmissionCurve}
# - {SOURCE: Materion (DM-46256)}
# - {DETECTOR: 101}
# - {FILTER: g_6}
# - {CALIB_ID: 'calibDate=1970-01-01T00:00:00 filter=g_6 detector=101'}
# - {DATE: '2025-04-02T15:59:42.495933'}
# - {CALIB_CREATION_DATE: '2025-04-02'}
# - {CALIB_CREATION_TIME: '15:59:42'}
# - __serialized_columns__:
#     efficiency:
#       __class__: astropy.units.quantity.Quantity
#       unit: !astropy.units.Unit {unit: '%'}
#       value: !astropy.table.SerializedColumn {name: efficiency}
#     wavelength:
#       __class__: astropy.units.quantity.Quantity
#       unit: !astropy.units.Unit {unit: nm}
#       value: !astropy.table.SerializedColumn {name: wavelength}
# schema: astropy-2.0
wavelength efficiency
[from data line 608]
908.0 0.00048026759031927213
909.0 0.0003759184437512886
910.0 0.00039543092498206533
911.0 0.0004149434062128421
912.0 0.00048000883907661773
913.0 0.0005450743174151285
914.0 0.00041708044591359794
915.0 0.0002890865744120674
916.0 0.000208486380870454
917.0 0.00012788613048542175
918.0 0.0002479608156136237
919.0 0.00036803546663577436
920.0 0.0004040252861159388
921.0 0.0004400150828587357
922.0 0.0005318320745573146
923.0 0.0006236490662558936
924.0 0.0005463594334287336
925.0 0.00046906980060157366
926.0 0.0005006434548704419
927.0 0.0005322172910382506
928.0 0.0005432422767626122
929.0 0.000554267398911179
930.0 0.0005462756234919652
931.0 0.0005382838025980163
932.0 0.00048352271733165253
933.0 0.0004287616775400238
934.0 0.00045330298235057853
935.0 0.00047784428716113325
936.0 0.0005435829280031612
937.0 0.0006093216143199243
938.0 0.0007558177003375022
939.0 0.0009023138773045503
940.0 0.0007204475878097583
941.0 0.0005385812073654961
942.0 0.0006689903329970548
943.0 0.0007993994586286135
944.0 0.0006859953373350436
945.0 0.0005725911250920035
946.0 0.0006982588274695445
947.0 0.0008239264388976153
948.0 0.000967922096606344
949.0 0.0011119176633656025
950.0 0.0009505967682343908
951.0 0.0007892757821537089
952.0 0.0008526528290531132
953.0 0.0009160298759525176
954.0 0.0008636725397082046
955.0 0.0008113152034638915
956.0 0.0007365792953351047
957.0 0.0006618432053073775
958.0 0.0007834151801944245
959.0 0.0009049873369804118
960.0 0.0007338251180044608
961.0 0.0005626627171295695
962.0 0.0006127276265033288
963.0 0.0006627925358770881
964.0 0.0006373400992742972
965.0 0.0006118875717220362
966.0 0.0006879995453346055
967.0 0.0007641115189471748
968.0 0.0007434842700604349
969.0 0.0007228570211736951
970.0 0.0007281861599039985
971.0 0.0007335152076848317
972.0 0.0008205550329876132
973.0 0.0009075948582903948
974.0 0.0008409181646129582
975.0 0.000774241652834462
976.0 0.0008082049134827685
977.0 0.0008421684469794855
978.0 0.0009329817657999229
979.0 0.0010237952665193006
980.0 0.0010404623935755808
981.0 0.0010571297025308013
982.0 0.0010305447176506277
983.0 0.001003959641820984
984.0 0.0010393361662863754
985.0 0.0010747130545496475
986.0 0.001177303693111753
987.0 0.0012798942407243885
988.0 0.001282904668187257
989.0 0.001285914913751185
990.0 0.0013258446415420622
991.0 0.001365774187433999
992.0 0.00134328520289273
993.0 0.0013207961274019908
994.0 0.00127652465380379
995.0 0.0012322531802055892
996.0 0.0012167734894319437
997.0 0.0012012939805572387
998.0 0.0013011652299610432
999.0 0.0014010366612637881
1000.0 0.0012538791452243458
1001.0 0.0011067212653870229
1002.0 0.0011475473002064973
1003.0 0.0011883733350259718
1004.0 0.001208158937515691
1005.0 0.00122794444905594
1006.0 0.001371041525999317
1007.0 0.0015141387848416343
1008.0 0.0015656205505365506
1009.0 0.001617102861928288
1010.0 0.0016761996448622085
1011.0 0.0017352967915940098
1012.0 0.0019310777133796364
1013.0 0.0021268588170642033
1014.0 0.002124130514857825
1015.0 0.002121402394550387
1016.0 0.002496278648322914
1017.0 0.0028711552658933215
1018.0 0.0030505432732752524
1019.0 0.0032299314625561237
1020.0 0.0033410193282179534
1021.0 0.003452107557677664
1022.0 0.0037894282286288217
1023.0 0.00412674926337786
1024.0 0.004190046092844568
1025.0 0.004253342922311276
1026.0 0.004467365943128243
1027.0 0.004681388600147329
1028.0 0.004796890425495803
1029.0 0.0049123922508442774
1030.0 0.004947228808305226
1031.0 0.004982064638170414
1032.0 0.005327674807631411
1033.0 0.005673284613294527
1034.0 0.005631200838251971
1035.0 0.0055891170632094145
1036.0 0.00557386883883737
1037.0 0.005558620614465326
1038.0 0.005838473225594498
1039.0 0.00611832583672367
1040.0 0.006417165423044935
1041.0 0.006716004281770438
1042.0 0.00696451825206168
1043.0 0.007213032222352922
1044.0 0.007444745278917253
1045.0 0.007676457607885823
1046.0 0.008702649938641116
1047.0 0.009728841541800648
1048.0 0.011266762885497883
1049.0 0.012804681318812072
1050.0 0.015360028191935271
1051.0 0.017915373609866947
1052.0 0.021576178551185876
1053.0 0.02523699076846242
1054.0 0.03045643970835954
1055.0 0.035675891558639705
1056.0 0.042574896360747516
1057.0 0.04947389243170619
1058.0 0.05718290340155363
1059.0 0.06489190272986889
1060.0 0.07260401034727693
1061.0 0.0803160946816206
1062.0 0.08777867187745869
1063.0 0.09524122579023242
1064.0 0.10110066505149007
1065.0 0.10696008102968335
1066.0 0.11349254054948688
1067.0 0.12002501171082258
1068.0 0.1275462214834988
1069.0 0.13506747782230377
1070.0 0.14567183097824454
1071.0 0.1562761957757175
1072.0 0.16796322306618094
1073.0 0.1796502387151122
1074.0 0.19194973865523934
1075.0 0.2042492851614952
1076.0 0.21636432502418756
1077.0 0.22847934160381556
1078.0 0.24140765890479088
1079.0 0.25433592963963747
1080.0 0.27115712873637676
1081.0 0.2879783045500517
1082.0 0.31599311623722315
1083.0 0.3440079279243946
1084.0 0.3850126173347235
1085.0 0.42601735331118107
1086.0 0.4620869178324938
1087.0 0.4981565289199352
1088.0 0.5632686894387007
1089.0 0.6283808499574661
1090.0 0.7040794007480145
1091.0 0.7797779515385628
1092.0 0.8128657005727291
1093.0 0.8459532633423805
1094.0 0.8887005969882011
1095.0 0.9314477443695068
1096.0 0.9854341857135296
1097.0 1.0394206270575523
1098.0 1.0897349566221237
1099.0 1.1400493793189526
1100.0 1.3193950988352299
1101.0 1.4987404458224773
