lsstCam/transmission_filter_detector/r23_s02/g_6/19700101T000000.ecsv
# %ECSV 1.0
# ---
# datatype:
# - {name: wavelength, unit: nm, datatype: float32}
# - {name: efficiency, unit: '%', datatype: float64}
# meta: !!omap
# - {MODE: DETECTOR}
# - {TYPE: transmission_filter_detector}
# - {CALIBDATE: '1970-01-01T00:00:00'}
# - {INSTRUME: LSSTCam}
# - {OBSTYPE: transmission_filter_detector}
# - {CALIBCLS: lsst.ip.isr.IntermediateFilterDetectorTransmissionCurve}
# - {SOURCE: Materion (DM-46256)}
# - {DETECTOR: 101}
# - {FILTER: g_6}
# - {CALIB_ID: 'calibDate=1970-01-01T00:00:00 filter=g_6 detector=101'}
# - {DATE: '2025-04-02T15:59:42.495933'}
# - {CALIB_CREATION_DATE: '2025-04-02'}
# - {CALIB_CREATION_TIME: '15:59:42'}
# - __serialized_columns__:
#     efficiency:
#       __class__: astropy.units.quantity.Quantity
#       unit: !astropy.units.Unit {unit: '%'}
#       value: !astropy.table.SerializedColumn {name: efficiency}
#     wavelength:
#       __class__: astropy.units.quantity.Quantity
#       unit: !astropy.units.Unit {unit: nm}
#       value: !astropy.table.SerializedColumn {name: wavelength}
# schema: astropy-2.0
wavelength efficiency
300.0 0.4765753634274006
301.0 0.36168964579701424
302.0 0.2468038583174348
303.0 0.22435241844505072
304.0 0.20190095528960228
305.0 0.20708851516246796
306.0 0.21227605175226927
307.0 0.21825849544256926
308.0 0.22424091584980488
309.0 0.2214460400864482
310.0 0.21865118760615587
311.0 0.2073860727250576
312.0 0.1961209811270237
313.0 0.192650209646672
314.0 0.18917943816632032
315.0 0.18423678120598197
316.0 0.17929414752870798
317.0 0.177882076241076
318.0 0.17647003987804055
319.0 0.16228539170697331
320.0 0.1481007202528417
321.0 0.14111645286902785
322.0 0.13413219712674618
323.0 0.11656462447717786
324.0 0.0989970751106739
325.0 0.08966951281763613
326.0 0.08034195052459836
327.0 0.07289627683348954
328.0 0.0654506089631468
329.0 0.062209018506109715
330.0 0.05896742804907262
331.0 0.05447820876725018
332.0 0.04998899530619383
333.0 0.0469709251774475
334.0 0.04395285213831812
335.0 0.04241050919517875
336.0 0.04086816334165633
337.0 0.04136894131079316
338.0 0.041869719279929996
339.0 0.04061156651005149
340.0 0.03935341082978994
341.0 0.03751471231225878
342.0 0.03567601379472762
343.0 0.03224526590202004
344.0 0.02881451800931245
345.0 0.02557353291194886
346.0 0.022332546359393746
347.0 0.021193276916164905
348.0 0.020054007472936064
349.0 0.018317422654945403
350.0 0.7994940504431725
351.0 1.2638657353818417
352.0 0.8912881836295128
353.0 0.9744296781718731
354.0 0.7641342934221029
355.0 0.9411617182195187
356.0 0.6083791144192219
357.0 0.7670779712498188
358.0 0.5189452320337296
359.0 0.8926555514335632
360.0 0.6386204622685909
361.0 0.7062631193548441
362.0 0.6068733055144548
363.0 0.715149799361825
364.0 0.6398739758878946
365.0 0.7283437997102737
366.0 0.5578707903623581
367.0 0.697307987138629
368.0 0.45100757852196693
369.0 0.6956811994314194
370.0 0.4882423207163811
371.0 0.5612113978713751
372.0 0.35809327382594347
373.0 0.5795396398752928
374.0 0.33712307922542095
375.0 0.5604993086308241
376.0 0.3407877404242754
377.0 0.6292729172855616
378.0 0.3667603712528944
379.0 0.5540913436561823
380.0 0.4014736972749233
381.0 0.5151902325451374
382.0 0.5269834771752357
383.0 0.5079337861388922
384.0 0.5162680521607399
385.0 0.5761635955423117
386.0 0.6586187984794378
387.0 0.7500316947698593
388.0 0.8710594847798347
389.0 1.2002806179225445
390.0 1.656375266611576
391.0 2.579738572239876
392.0 4.046487063169479
393.0 6.50380477309227
394.0 9.824894368648529
395.0 14.377745985984802
396.0 19.93015557527542
397.0 27.06158757209778
398.0 35.45029163360596
399.0 44.598472118377686
400.0 54.144179821014404
401.0 63.23196291923523
402.0 71.69609665870667
403.0 79.09868955612183
404.0 84.50323343276978
405.0 88.67542743682861
406.0 91.01458787918091
407.0 92.95676350593567
408.0 94.07382607460022
409.0 94.64007616043091
410.0 94.85738277435303
411.0 94.73649263381958
412.0 94.37889456748962
413.0 94.11319494247437
414.0 93.93497109413147
415.0 94.10611987113953
416.0 94.38453912734985
417.0 94.77605819702148
418.0 95.28049826622009
419.0 95.8365261554718
420.0 96.39122486114502
421.0 96.97128534317017
422.0 97.09851145744324
423.0 97.3602294921875
424.0 97.21792936325073
425.0 97.11122512817383
426.0 97.07382321357727
427.0 97.08508253097534
428.0 96.91022634506226
429.0 96.70071005821228
430.0 96.56113982200623
431.0 96.58955335617065
432.0 96.63369059562683
433.0 96.68142795562744
434.0 96.78152799606323
435.0 96.91023826599121
436.0 96.99648022651672
437.0 97.00626730918884
438.0 97.06082344055176
439.0 97.12094068527222
440.0 97.09486365318298
441.0 97.21006751060486
442.0 97.16518521308899
443.0 97.21478819847107
444.0 97.1352219581604
445.0 96.89531326293945
446.0 96.74374461174011
447.0 96.55439853668213
448.0 96.56274914741516
449.0 96.7875599861145
450.0 97.00106978416443
451.0 97.19924330711365
452.0 97.41089940071106
453.0 97.54503965377808
454.0 97.53679037094116
455.0 97.83616662025452
456.0 97.89849519729614
457.0 98.04739356040955
458.0 98.00795912742615
459.0 98.1116235256195
460.0 98.1044352054596
461.0 98.29279780387878
462.0 98.18400144577026
463.0 98.10754060745239
464.0 98.2529878616333
465.0 98.16036820411682
466.0 98.19949865341187
467.0 98.17675352096558
468.0 98.2119083404541
469.0 98.26372265815735
470.0 98.10473918914795
471.0 97.97716736793518
472.0 98.03230166435242
473.0 97.90850877761841
474.0 97.77636528015137
475.0 97.85719513893127
476.0 97.82217741012573
477.0 97.86085486412048
478.0 97.9602038860321
479.0 97.92049527168274
480.0 98.10301065444946
481.0 98.20172786712646
482.0 98.34118485450745
483.0 98.26972484588623
484.0 98.46996665000916
485.0 98.4499454498291
486.0 98.46187829971313
487.0 98.52081537246704
488.0 98.53147268295288
489.0 98.64400029182434
490.0 98.55816960334778
491.0 98.6166000366211
492.0 98.45975041389465
493.0 98.48664402961731
494.0 98.48463535308838
495.0 98.49492907524109
496.0 98.30240607261658
497.0 98.30946326255798
498.0 98.06401133537292
499.0 98.11370968818665
500.0 98.03680181503296
501.0 98.01706075668335
502.0 97.90685772895813
503.0 98.07118773460388
504.0 97.85149693489075
505.0 97.87418246269226
506.0 97.90810346603394
507.0 97.88444638252258
508.0 97.91449904441833
509.0 97.87025451660156
510.0 97.82812595367432
511.0 97.79189229011536
512.0 97.72987365722656
513.0 97.81346321105957
514.0 97.78802394866943
515.0 97.77296185493469
516.0 97.89577722549438
517.0 97.90405631065369
518.0 98.00546765327454
519.0 97.98372983932495
520.0 98.05676341056824
521.0 98.16682934761047
522.0 98.16170930862427
523.0 98.11981916427612
524.0 98.18035364151001
525.0 98.14969897270203
526.0 98.25847744941711
527.0 98.26515913009644
528.0 98.32754135131836
529.0 98.47908616065979
530.0 98.44668507575989
531.0 98.62385392189026
532.0 98.51416349411011
533.0 98.47401976585388
534.0 98.4920859336853
535.0 98.34040403366089
536.0 98.01151752471924
537.0 97.47824668884277
538.0 96.74364924430847
539.0 95.39317488670349
540.0 93.71580481529236
541.0 91.15258455276489
542.0 88.42695951461792
543.0 84.83656644821167
544.0 80.31447529792786
545.0 76.22991800308228
546.0 71.30032181739807
547.0 66.69597625732422
548.0 62.07571625709534
549.0 57.87723660469055
550.0 54.579925537109375
551.0 51.39601230621338
552.0 48.98649752140045
553.0 46.46499156951904
554.0 43.66820454597473
555.0 40.53318202495575
556.0 36.40170693397522
557.0 31.562000513076782
558.0 26.23431086540222
559.0 20.874571800231934
560.0 15.650023519992828
561.0 10.786479711532593
562.0 7.010193169116974
563.0 4.176048189401627
564.0 2.311898395419121
565.0 1.1363313533365726
566.0 0.594085082411766
567.0 0.3041540738195181
568.0 0.19519650377333164
569.0 0.10870728874579072
570.0 0.08630036609247327
571.0 0.0579149869736284
572.0 0.06153379799798131
573.0 0.04002650093752891
574.0 0.04518344649113715
575.0 0.02692399430088699
576.0 0.04336732090450823
577.0 0.020905595738440752
578.0 0.0288928160443902
579.0 0.032782432390376925
580.0 0.028417824069038033
581.0 0.021671029389835894
582.0 0.022582095698453486
583.0 0.01899761555250734
584.0 0.028908890089951456
585.0 0.006524586206069216
586.0 0.02413409383734688
587.0 0.01700998836895451
588.0 0.019455085566733032
589.0 0.021657824981957674
590.0 0.012164383224444464
591.0 0.02016208745772019
592.0 0.015530167729593813
593.0 0.011927058949368075
594.0 0.02534158993512392
595.0 0.009016870899358764
596.0 0.006404639862012118
597.0 0.010236581874778494
598.0 0.014187149645294994
599.0 0.010429408575873822
600.0 0.015122427430469543
601.0 0.002406994826742448
602.0 0.0023593793230247684
603.0 0.002311763455509208
604.0 0.002144993959518615
605.0 0.0019782246454269625
606.0 0.002000562017201446
607.0 0.0020228993889759295
608.0 0.0019177583453711122
609.0 0.0018126171198673546
610.0 0.0018733971955953166
611.0 0.0019341772713232785
612.0 0.001807430453482084
613.0 0.0016806836356408894
614.0 0.0017661803212831728
615.0 0.001851677370723337
616.0 0.0018658854969544336
617.0 0.0018800932593876496
618.0 0.0017607620975468308
619.0 0.0016414307538070716
620.0 0.0016088964912341908
621.0 0.0015763624105602503
622.0 0.0015617864846717566
623.0 0.0015472101949853823
624.0 0.0015174380678217858
625.0 0.0014876659406581894
626.0 0.0013788578144158237
627.0 0.0012700497791229282
628.0 0.0014011716302775312
629.0 0.0015322935723816045
630.0 0.0013813724763167556
631.0 0.001230451016454026
632.0 0.0013766043593932409
633.0 0.0015227572475851048
634.0 0.0014540519259753637
635.0 0.001385346240567742
636.0 0.001384142342431005
637.0 0.001382938808092149
638.0 0.0012945488379045855
639.0 0.0012061586858180817
640.0 0.001185936798719922
641.0 0.0011657145478238817
642.0 0.001317806527367793
643.0 0.0014698984159622341
644.0 0.001319312650593929
645.0 0.0011687267942761537
646.0 0.0011987323887296952
647.0 0.0012287379831832368
648.0 0.0011582715160329826
649.0 0.0010878049579332583
650.0 0.001238882487086812
651.0 0.0013899597433919553
652.0 0.001165743378805928
653.0 0.0009415269232704304
654.0 0.00108499461930478
655.0 0.0012284624062885996
656.0 0.0012188251275802031
657.0 0.0012091879398212768
658.0 0.0011244919733144343
659.0 0.0010397963706054725
660.0 0.0009267042514693458
661.0 0.000813612132333219
662.0 0.0010117197234649211
663.0 0.0012098274964955635
664.0 0.0011849542715935968
665.0 0.0011600809557421599
666.0 0.001116911880671978
667.0 0.0010737425327533856
668.0 0.0011668485967675224
669.0 0.0012599547517311294
670.0 0.0012131653420510702
671.0 0.0011663758414215408
672.0 0.001167649134004023
673.0 0.0011689223356370348
674.0 0.0011151670150866266
675.0 0.0010614116035867482
676.0 0.001023821641865652
677.0 0.0009862314072961453
678.0 0.0010745593499450479
679.0 0.0011628873835434206
680.0 0.0010756399206002243
681.0 0.000988392457657028
682.0 0.0010259754162689205
683.0 0.001063558374880813
684.0 0.0010081837899633683
685.0 0.0009528092050459236
686.0 0.0010754430149972904
687.0 0.001198076643049717
688.0 0.0011826118679891806
689.0 0.001167147001979174
690.0 0.001049402362696128
691.0 0.000931657814362552
692.0 0.0009695061635284219
693.0 0.0010073546945932321
694.0 0.0010875988664338365
695.0 0.001167843129223911
696.0 0.0011472594451333862
697.0 0.001126675579143921
698.0 0.0012251575753907673
699.0 0.0013236395716376137
700.0 0.0011740400623239111
701.0 0.0010244404620607384
702.0 0.0011410421393520664
703.0 0.0012576436347444542
704.0 0.0011851959243358579
705.0 0.001112747941078851
706.0 0.001132223133026855
707.0 0.0011516985978232697
708.0 0.0011186120900674723
709.0 0.0010855256732611451
710.0 0.001153725588665111
711.0 0.0012219259588164277
712.0 0.0012030086509184912
713.0 0.0011840916158689652
714.0 0.0012261036317795515
715.0 0.0012681160114880186
716.0 0.0014755029042134993
717.0 0.0016828902516863309
718.0 0.0018941967937280424
719.0 0.002105502971971873
720.0 0.001736324338708073
721.0 0.001367145432595862
722.0 0.001492516548751155
723.0 0.0016178879377548583
724.0 0.0017052056136890315
725.0 0.0017925236534210853
726.0 0.0019035254808841273
727.0 0.0020145274902461097
728.0 0.0020902862161165103
729.0 0.002166044941986911
730.0 0.0021173753339098766
731.0 0.0020687057258328423
732.0 0.0018691032892093062
733.0 0.0016695008525857702
734.0 0.0014825724065303802
735.0 0.0012956440514244605
736.0 0.0011397883099562023
737.0 0.000983932477538474
738.0 0.000943604845815571
739.0 0.0009032772140926681
740.0 0.0008918075764086097
741.0 0.000880337756825611
742.0 0.0008020491804927588
743.0 0.0007237607405841118
744.0 0.0008205148333217949
745.0 0.0009172691534331534
746.0 0.000915074906515656
747.0 0.000912880841497099
748.0 0.0010806708814925514
749.0 0.0012484609214880038
750.0 0.0010255777851853054
751.0 0.0008026948307815474
752.0 0.0007696569809922948
753.0 0.0007366192221525125
754.0 0.0008562925359001383
755.0 0.0009759657586982939
756.0 0.0009478204447077587
757.0 0.0009196752216666937
758.0 0.0008695003998582251
759.0 0.0008193257599486969
760.0 0.0007107905730663333
761.0 0.0006022553861839697
762.0 0.0006424011644412531
763.0 0.0006825467607995961
764.0 0.0007749729775241576
765.0 0.0008673993761476595
766.0 0.0008158548553183209
767.0 0.000764310152590042
768.0 0.0006476077942352276
769.0 0.0005309052539814729
770.0 0.00047400476432812866
771.0 0.0004171042746747844
772.0 0.0006175506769068306
773.0 0.0008179970791388769
774.0 0.000859536521602422
775.0 0.0009010760550154373
776.0 0.0008307915777550079
777.0 0.0007605069640703732
778.0 0.0007299341177713359
779.0 0.0006993613169470336
780.0 0.0006097030109231127
781.0 0.0005200447503739269
782.0 0.00049909322115127
783.0 0.0004781416009791428
784.0 0.0006003551334288204
785.0 0.0007225687113532331
786.0 0.000687201054461184
787.0 0.0006518337158922805
788.0 0.0004967840141034685
789.0 0.0003417344260014943
790.0 0.00033222197544091614
791.0 0.000322709524880338
792.0 0.00029389075280050747
793.0 0.0002650720034580445
794.0 0.00023181794404081302
795.0 0.0001985639073609491
796.0 0.0003378977680768003
797.0 0.0004772316060552839
798.0 0.0005051563221059041
799.0 0.0005330811291059945
800.0 0.000510141489939997
801.0 0.00048720198719820473
802.0 0.0003919992650480708
803.0 0.0002967966565847746
804.0 0.00026046184302686015
805.0 0.00022412709768104833
806.0 0.00027402156774769537
807.0 0.00032391599233960733
808.0 0.00041877783587551676
809.0 0.0005136396339366911
810.0 0.0003995938641310204
811.0 0.0002855479579011444
812.0 0.0003544981382219703
813.0 0.000423448227593326
814.0 0.0003902061507687904
815.0 0.0003569640966816223
816.0 0.0005156840416020714
817.0 0.0006744038728356827
818.0 0.000498731060361024
819.0 0.0003230582706237328
820.0 0.0004823772542295046
821.0 0.0006416961696231738
822.0 0.0005177120783628197
823.0 0.0003937279871024657
824.0 0.00048735178097558673
825.0 0.0005809755293739727
826.0 0.0005960722774034366
827.0 0.0006111689344834303
828.0 0.0005301389592204941
829.0 0.00044910893848282285
830.0 0.0004020630967715988
831.0 0.00035501725506037474
832.0 0.0005544049145100871
833.0 0.0007537924830103293
834.0 0.0005824324944114778
835.0 0.0004110725512873614
836.0 0.0005517163572221762
837.0 0.0006923602541064611
838.0 0.0005417037755250931
839.0 0.00039104738789319526
840.0 0.0005274785507936031
841.0 0.0006639096682192758
842.0 0.00039986998672247864
843.0 0.00013583023701357888
844.0 0.00020212157778587425
845.0 0.0002684130095076398
846.0 0.0004737062681670068
847.0 0.0006789997314626817
848.0 0.0006055626272427617
849.0 0.0005321256139723118
850.0 0.0005070473434898304
851.0 0.000481969118482084
852.0 0.0005216467798163649
853.0 0.0005613241683022352
854.0 0.0006318698069662787
855.0 0.0007024152182566468
856.0 0.0005788039288745495
857.0 0.00045519263949245214
858.0 0.00046052214202063624
859.0 0.00046585159907408524
860.0 0.00045967176447447855
861.0 0.00045349188440013677
862.0 0.0004432380592334084
863.0 0.00043298427954141516
864.0 0.00042704882616817486
865.0 0.00042111332732019946
866.0 0.0004486566012928961
867.0 0.0004761998752655927
868.0 0.0006113696599641116
869.0 0.0007465394901373656
870.0 0.0005932097337790765
871.0 0.00043987984099658206
872.0 0.000393502932638512
873.0 0.00034712588785623666
874.0 0.0004651603831007378
875.0 0.0005831948328705039
876.0 0.0006477936040027998
877.0 0.0007123923751350958
878.0 0.0006510269486170728
879.0 0.0005896614766243147
880.0 0.0006617651251872303
881.0 0.0007338690465985565
882.0 0.0006213896540430142
883.0 0.0005089105798106175
884.0 0.00056448666327924
885.0 0.0006200629286468029
886.0 0.000696115330356406
887.0 0.0007721678230154794
888.0 0.0006441139703383669
889.0 0.0005160600721865194
890.0 0.0005086019882583059
891.0 0.0005011439043300925
892.0 0.0005266887455945835
893.0 0.0005522337232832797
894.0 0.0005140457233210327
895.0 0.0004758577688335208
896.0 0.0003493292069833842
897.0 0.00022280062239588005
898.0 0.0003379167083039647
899.0 0.0004530328169494169
900.0 0.0003508107738525723
901.0 0.0002485887080183602
902.0 0.00046351324272109196
903.0 0.0006784378001611913
904.0 0.00039991914491110947
905.0 0.0001214003987115575
906.0 0.0003530086360115092
