lsstCam/transmission_filter_detector/r14_s02/r_57/19700101T000000.ecsv
# %ECSV 1.0
# ---
# datatype:
# - {name: wavelength, unit: nm, datatype: float32}
# - {name: efficiency, unit: '%', datatype: float64}
# meta: !!omap
# - {MODE: DETECTOR}
# - {TYPE: transmission_filter_detector}
# - {CALIBDATE: '1970-01-01T00:00:00'}
# - {INSTRUME: LSSTCam}
# - {OBSTYPE: transmission_filter_detector}
# - {CALIBCLS: lsst.ip.isr.IntermediateFilterDetectorTransmissionCurve}
# - {SOURCE: Materion (DM-46256)}
# - {DETECTOR: 65}
# - {FILTER: r_57}
# - {CALIB_ID: 'calibDate=1970-01-01T00:00:00 filter=r_57 detector=65'}
# - {DATE: '2025-04-02T15:59:44.484506'}
# - {CALIB_CREATION_DATE: '2025-04-02'}
# - {CALIB_CREATION_TIME: '15:59:44'}
# - __serialized_columns__:
#     efficiency:
#       __class__: astropy.units.quantity.Quantity
#       unit: !astropy.units.Unit {unit: '%'}
#       value: !astropy.table.SerializedColumn {name: efficiency}
#     wavelength:
#       __class__: astropy.units.quantity.Quantity
#       unit: !astropy.units.Unit {unit: nm}
#       value: !astropy.table.SerializedColumn {name: wavelength}
# schema: astropy-2.0
wavelength efficiency
300.0 0.004188135426375084
301.0 0.010280307469656691
302.0 0.01637248060433194
303.0 0.01921585208037868
304.0 0.022059223556425422
305.0 0.019397679716348648
306.0 0.016736132965888828
307.0 0.015290833835024387
308.0 0.013845534704159945
309.0 0.012500793673098087
310.0 0.011156051914440468
311.0 0.00977397066890262
312.0 0.008391890878556296
313.0 0.008038751548156142
314.0 0.007685611490160227
315.0 0.0073224779043812305
316.0 0.006959342863410711
317.0 0.00634160460322164
318.0 0.005723867434426211
319.0 0.005323293953551911
320.0 0.004922721200273372
321.0 0.004644328510039486
322.0 0.004365936547401361
323.0 0.004377190271043219
324.0 0.004388444358482957
325.0 0.0042471569031476974
326.0 0.0041058676288230345
327.0 0.00415954964410048
328.0 0.004213230931782164
329.0 0.004278902633814141
330.0 0.00434457506344188
331.0 0.003988137541455217
332.0 0.0036316996556706727
333.0 0.0032921401725616306
334.0 0.0029525810532504693
335.0 0.0025927323804353364
336.0 0.002232884071418084
337.0 0.0020330058760009706
338.0 0.001833127680583857
339.0 0.001723703826428391
340.0 0.001614279972272925
341.0 0.0016010440958780237
342.0 0.0015878082194831222
343.0 0.0015812980564078316
344.0 0.0015747877114336006
345.0 0.0014219699551176745
346.0 0.0012691521988017485
347.0 0.0012526780665211845
348.0 0.0012362038432911504
349.0 0.0012385653462843038
350.0 0.006064778062864207
351.0 0.006081983156036586
352.0 0.006099188249208964
353.0 0.005549822890316136
354.0 0.005000457895221189
355.0 0.0046364359150175005
356.0 0.004272414662409574
357.0 0.006573226710315794
358.0 0.008874040213413537
359.0 0.00652126400382258
360.0 0.004168487430433743
361.0 0.00317873818858061
362.0 0.0021889887648285367
363.0 0.002919116923294496
364.0 0.0036492452636593953
365.0 0.003931965329684317
366.0 0.00421468575950712
367.0 0.0035276210837764665
368.0 0.0028405558623489924
369.0 0.0025430694222450256
370.0 0.0022455833459389396
371.0 0.002638955083966721
372.0 0.003032327185792383
373.0 0.0034250995668116957
374.0 0.0038178714021341875
375.0 0.003275297785876319
376.0 0.0027327243515173905
377.0 0.0014113407814875245
378.0 8.995740472528269e-05
379.0 0.0010629075404722244
380.0 0.00203585786948679
381.0 0.0026848618290387094
382.0 0.003333865970489569
383.0 0.0034731179766822606
384.0 0.0036123699828749523
385.0 0.0047050765715539455
386.0 0.005797782432637177
387.0 0.005208549555391073
388.0 0.004619316678144969
389.0 0.003979724351665936
390.0 0.0033401320251869038
391.0 0.0022951868231757544
392.0 0.0012502419849624857
393.0 0.0014546618331223726
394.0 0.0016590813174843788
395.0 0.001390873785567237
396.0 0.0011226661627006251
397.0 0.001012189568427857
398.0 0.0009017134289024398
399.0 0.0009075166417460423
400.0 0.0009133192179433536
401.0 0.000475840943181538
402.0 3.836181008409767e-05
403.0 0.00021534958705160534
404.0 0.0003923377335013356
405.0 0.0009270227565139066
406.0 0.0014617075066780671
407.0 0.001953413084265776
408.0 0.002445118661853485
409.0 0.002129610766132828
410.0 0.0018141028704121709
411.0 0.00135749505716376
412.0 0.0009008873348648194
413.0 0.0009337131814390887
414.0 0.0009665390280133579
415.0 0.0009508348739473149
416.0 0.0009351309017802123
417.0 0.0014505539184028748
418.0 0.0019659773897728883
419.0 0.002566509647294879
420.0 0.0031670417229179293
421.0 0.005025460268370807
422.0 0.006883878086227924
423.0 0.010643872519722208
424.0 0.014403864042833447
425.0 0.01881951466202736
426.0 0.02323515946045518
427.0 0.0233020749874413
428.0 0.02336899342481047
429.0 0.017775579181034118
430.0 0.012182164937257767
431.0 0.008904887363314629
432.0 0.005627609061775729
433.0 0.004492547668633051
434.0 0.0033574862754903734
435.0 0.0026724972485681064
436.0 0.00198750840354478
437.0 0.0017291788026341237
438.0 0.0014708496564708184
439.0 0.00125099313663668
440.0 0.0010311367077520117
441.0 0.0012460580364859197
442.0 0.001460979547118768
443.0 0.0017195590771734715
444.0 0.001978138789127115
445.0 0.00184309665200999
446.0 0.0017080543329939246
447.0 0.001722936394799035
448.0 0.0017378186385030858
449.0 0.0020337476598797366
450.0 0.0023296761355595663
451.0 0.002266559204144869
452.0 0.0022034422727301717
453.0 0.0018982480469276197
454.0 0.0015930538211250678
455.0 0.0014472442671831232
456.0 0.001301434895140119
457.0 0.0009964128366846126
458.0 0.0006913908237038413
459.0 0.0009754544407769572
460.0 0.0012595179214258678
461.0 0.0019870696633006446
462.0 0.0027146210413775407
463.0 0.003616180765675381
464.0 0.004517740308074281
465.0 0.0056957338529173285
466.0 0.006873727397760376
467.0 0.007376031135208905
468.0 0.007878336327848956
469.0 0.006658424535999075
470.0 0.005438514563138597
471.0 0.004075482502230443
472.0 0.002712449713726528
473.0 0.002256868356198538
474.0 0.0018012868167716078
475.0 0.0014897280379955191
476.0 0.0011781694411183707
477.0 0.0009635061360313557
478.0 0.0007488426945201354
479.0 0.0009967165169655345
480.0 0.0012445901120372582
481.0 0.0009683853932074271
482.0 0.0006921807198523311
483.0 0.0007614388778165448
484.0 0.0008306968993565533
485.0 0.0007289515906450106
486.0 0.0006272061909839977
487.0 0.0006412658422050299
488.0 0.000655325402476592
489.0 0.0006698121978843119
490.0 0.0006842989932920318
491.0 0.0008749620064918417
492.0 0.0010656250196916517
493.0 0.001112708469008794
494.0 0.0011597920092754066
495.0 0.0010814235793077387
496.0 0.0010030549674411304
497.0 0.0012459862773539498
498.0 0.0014889173144183587
499.0 0.0014554060726368334
500.0 0.0014218950127542485
501.0 0.0016966983821475878
502.0 0.0019715018424903974
503.0 0.0024145017960108817
504.0 0.002857501749531366
505.0 0.0035154189390596002
506.0 0.004173336492385715
507.0 0.004858665488427505
508.0 0.0055439944844692945
509.0 0.005948104080744088
510.0 0.006352212221827358
511.0 0.005613213579636067
512.0 0.004874214209849015
513.0 0.0041760406020330265
514.0 0.0034778662666212767
515.0 0.003294284761068411
516.0 0.0031107032555155456
517.0 0.0029358265237533487
518.0 0.002760949791991152
519.0 0.06036899867467582
520.0 0.040478669689036906
521.0 0.10831055697053671
522.0 0.03247265995014459
523.0 0.04447731771506369
524.0 0.07116692140698433
525.0 0.053983309771865606
526.0 0.1303222612477839
527.0 0.14699611347168684
528.0 0.16184496926143765
529.0 0.22070470731705427
530.0 0.2313811331987381
531.0 0.24620736949145794
532.0 0.35465643741190434
533.0 0.46050259843468666
534.0 0.6703462451696396
535.0 1.018601842224598
536.0 1.6515687108039856
537.0 2.579857036471367
538.0 3.8650330156087875
539.0 5.876768007874489
540.0 8.699797838926315
541.0 11.91173791885376
542.0 15.867811441421509
543.0 20.997609198093414
544.0 27.069512009620667
545.0 33.94703567028046
546.0 41.59426391124725
547.0 49.247151613235474
548.0 57.87777900695801
549.0 65.00986814498901
550.0 69.43663954734802
551.0 74.86044764518738
552.0 77.80678272247314
553.0 81.63418173789978
554.0 84.3066155910492
555.0 87.77300715446472
556.0 90.8969521522522
557.0 92.75726079940796
558.0 94.75317001342773
559.0 95.99788784980774
560.0 95.17737030982971
561.0 95.75744271278381
562.0 95.89545130729675
563.0 95.4900860786438
564.0 95.78708410263062
565.0 95.63429951667786
566.0 96.40320539474487
567.0 96.12011909484863
568.0 96.696937084198
569.0 97.49941229820251
570.0 97.15981483459473
571.0 97.77438044548035
572.0 97.41162657737732
573.0 97.1842885017395
574.0 97.08425998687744
575.0 97.3134696483612
576.0 97.747403383255
577.0 97.24021553993225
578.0 97.26454019546509
579.0 97.31686115264893
580.0 96.71000242233276
581.0 97.07019329071045
582.0 97.15166091918945
583.0 97.22670316696167
584.0 96.52252793312073
585.0 97.02330827713013
586.0 97.02999591827393
587.0 96.62665724754333
588.0 97.0691978931427
589.0 97.71515727043152
590.0 97.10989594459534
591.0 96.27169370651245
592.0 96.4116632938385
593.0 96.20345830917358
594.0 96.21564745903015
595.0 96.8158483505249
596.0 97.17902541160583
597.0 97.79443144798279
598.0 97.08184003829956
599.0 97.45485186576843
600.0 97.53233194351196
601.0 96.21888399124146
602.0 97.0252513885498
603.0 96.5086042881012
604.0 96.8924880027771
605.0 96.69508337974548
606.0 96.37524485588074
607.0 96.17089033126831
608.0 96.9267725944519
609.0 95.8600103855133
610.0 96.5132474899292
611.0 96.12898826599121
612.0 96.11331224441528
613.0 97.30037450790405
614.0 97.13944792747498
615.0 96.81977033615112
616.0 96.99950814247131
617.0 96.78455591201782
618.0 96.74180746078491
619.0 97.09140658378601
620.0 96.37929797172546
621.0 95.98443508148193
622.0 97.05554842948914
623.0 96.90432548522949
624.0 96.35283946990967
625.0 96.96257710456848
626.0 96.77087664604187
627.0 95.46085000038147
628.0 97.65430688858032
629.0 96.28103971481323
630.0 96.89685702323914
631.0 96.62725329399109
632.0 97.27845788002014
633.0 96.96424603462219
634.0 96.1946964263916
635.0 96.3570237159729
636.0 96.63026332855225
637.0 95.92111706733704
638.0 95.72705626487732
639.0 95.94454169273376
640.0 95.87705135345459
641.0 96.16626501083374
642.0 96.58964276313782
643.0 96.58887982368469
644.0 96.5394675731659
645.0 96.5998113155365
646.0 96.24499678611755
647.0 97.62410521507263
648.0 96.78952097892761
649.0 96.12635374069214
650.0 96.94655537605286
651.0 97.32226133346558
652.0 97.52534031867981
653.0 96.36151790618896
654.0 97.02783226966858
655.0 97.06162810325623
656.0 95.91900706291199
657.0 96.06763124465942
658.0 96.47586941719055
659.0 96.20304703712463
660.0 95.80012559890747
661.0 95.5159068107605
662.0 96.2573230266571
663.0 96.07529044151306
664.0 95.46255469322205
665.0 95.75326442718506
666.0 95.61530351638794
667.0 95.96835374832153
668.0 95.1331079006195
669.0 95.72789072990417
670.0 95.66968083381653
671.0 95.559823513031
672.0 95.2925980091095
673.0 95.08242607116699
674.0 94.86136436462402
675.0 95.42680382728577
676.0 94.58923935890198
677.0 92.61038303375244
678.0 92.00940728187561
679.0 90.4901385307312
680.0 88.4455919265747
681.0 86.47420406341553
682.0 83.46471190452576
683.0 79.6521782875061
684.0 75.66611170768738
685.0 71.27884030342102
686.0 66.921067237854
687.0 61.87589764595032
688.0 57.803887128829956
689.0 53.56707572937012
690.0 48.96401762962341
691.0 44.95547413825989
692.0 39.83476459980011
693.0 34.758418798446655
694.0 28.637659549713135
695.0 22.79423177242279
696.0 16.9667586684227
697.0 12.129329144954681
698.0 7.756601274013519
699.0 4.7954317182302475
700.0 3.059987351298332
701.0 1.665007323026657
702.0 1.03346835821867
703.0 0.628904951736331
704.0 0.36341033410280943
705.0 0.2638503210619092
706.0 0.2364807529374957
707.0 0.15612539136782289
708.0 0.05923586431890726
709.0 0.0907504465430975
710.0 0.06311656325124204
711.0 0.06285809213295579
712.0 0.0541042594704777
713.0 0.08489580359309912
714.0 0.052611163118854165
715.0 0.07255961536429822
716.0 0.04216849047224969
717.0 0.011702429765136912
718.0 0.07390922401100397
719.0 0.04104257677681744
720.0 2.669442791813914e-10
721.0 0.003832788934232667
722.0 0.003577132520149462
723.0 0.0033214761060662568
724.0 0.0031055093131726608
725.0 0.0028895419745822437
726.0 0.00269553238467779
727.0 0.0025015227947733365
728.0 0.002383017817919608
729.0 0.0022645126591669396
730.0 0.00208727469726
731.0 0.0019100370991509408
732.0 0.0018282080418430269
733.0 0.0017463791664340533
734.0 0.001712188168312423
735.0 0.0016779968063929118
736.0 0.0015296402125386521
737.0 0.0013812836186843924
738.0 0.001388323653372936
739.0 0.0013953636880614795
740.0 0.0013663362551596947
741.0 0.0013373090041568503
742.0 0.0012340590728854295
743.0 0.0011308092325634789
744.0 0.001193780371977482
745.0 0.0012567513294925448
746.0 0.0011448978511907626
747.0 0.0010330442819395103
748.0 0.0008966891982709058
749.0 0.0007603342055517714
750.0 0.0007958939931995701
751.0 0.0008314542355947196
752.0 0.0008919125320971943
753.0 0.000952370828599669
754.0 0.0009616834176995326
755.0 0.0009709962796478067
756.0 0.0009271880117012188
757.0 0.0008833795618556906
758.0 0.0009405259334016591
759.0 0.0009976723049476277
760.0 0.0009880532161332667
761.0 0.0009784344001673162
762.0 0.0009380974006489851
763.0 0.0008977607649285346
764.0 0.0008717291166249197
765.0 0.0008456974683213048
766.0 0.000678031392453704
767.0 0.0005103654075355735
768.0 0.0004770787199959159
769.0 0.00044379194150678813
770.0 0.0005765130026702536
771.0 0.0007092342457326595
772.0 0.000666900541546056
773.0 0.0006245667009352474
774.0 0.0007374795586656546
775.0 0.0008503923709213268
776.0 0.0008082695785560645
777.0 0.0007661469680897426
778.0 0.0007336716862482717
779.0 0.0007011965408310061
780.0 0.0006210200353962136
781.0 0.0005408436209108913
782.0 0.0006217404916242231
783.0 0.0007026373623375548
784.0 0.0006992313501541503
785.0 0.0006958250196476001
786.0 0.0005883957328478573
787.0 0.00048096644604811445
788.0 0.0005033858997194329
789.0 0.0005258054898149567
790.0 0.0006008603122609202
791.0 0.0006759149528079433
792.0 0.000685352279106155
793.0 0.0006947895599296317
794.0 0.0006850299541838467
795.0 0.0006752701210643863
796.0 0.0005558377779379953
797.0 0.0004364053893368691
798.0 0.0006160483735584421
799.0 0.0007956912668305449
800.0 0.0007142888080124976
801.0 0.0006328860763460398
802.0 0.0005505213721335167
803.0 0.0004681563950725831
804.0 0.0005919139766774606
805.0 0.0007156716037570732
806.0 0.0006181262961035827
807.0 0.0005205810339248274
808.0 0.000661009335090057
809.0 0.0008014376362552866
810.0 0.0006666406534350244
811.0 0.0005318439889379079
812.0 0.0005870301720278803
813.0 0.0006422163096431177
814.0 0.00047707762860227376
815.0 0.0003119389930361649
816.0 0.00042729602682811674
817.0 0.0005426531970442738
818.0 0.0005279430752125336
819.0 0.0005132329533807933
820.0 0.00035392463360039983
821.0 0.00019461626834527124
822.0 0.0002897664899137453
823.0 0.0003849167569569545
824.0 0.0004178800736553967
825.0 0.000450843435828574
826.0 0.00047916491894284263
827.0 0.0005074864020571113
828.0 0.0003106849362666253
829.0 0.00011388345910745556
830.0 0.00012977666301594581
831.0 0.0001456698896618036
832.0 8.637353516860458e-05
833.0 2.7077166464550828e-05
834.0 2.8621531100725406e-05
835.0 3.0165858788677724e-05
836.0 0.0002731402673816774
837.0 0.000516114778292831
838.0 0.0007348508461291203
839.0 0.0009535870049148798
840.0 0.001475213957746746
841.0 0.001996840728679672
842.0 0.003016180926351808
843.0 0.004035521487821825
844.0 0.0048717629397287965
845.0 0.005708003300242126
846.0 0.005703212809748948
847.0 0.005698421591660008
848.0 0.004506586628849618
849.0 0.003314750938443467
850.0 0.002352761111978907
851.0 0.0013907712855143473
852.0 0.0012201658137200866
853.0 0.0010495600690774154
854.0 0.0009228884664480574
855.0 0.0007962165000208188
856.0 0.0006210314040799858
857.0 0.0004458463536138879
858.0 0.0006146005944174249
859.0 0.0007833546987967566
860.0 0.0007227463811432244
861.0 0.0006621379725402221
862.0 0.0006109038167778635
863.0 0.000559669661015505
864.0 0.0003990398909081705
865.0 0.00023841018901293864
866.0 0.0001960448798854486
867.0 0.00015367957075795857
868.0 0.00017385153796567465
869.0 0.00019402345969865564
870.0 8.26649738883134e-05
871.0 2.669442791813914e-10
872.0 2.669442791813914e-10
873.0 2.669442791813914e-10
874.0 2.669442791813914e-10
875.0 2.669442791813914e-10
876.0 2.669442791813914e-10
877.0 3.5759271099777834e-05
878.0 0.00016768578916526167
879.0 0.00029961227028252324
880.0 0.00024441837922495324
881.0 0.00018922445406133193
882.0 0.000174614410752838
883.0 0.00016000439018171164
884.0 3.257931666666991e-05
885.0 2.669442791813914e-10
886.0 5.0148969421570655e-05
887.0 0.00019514368432282936
888.0 0.00024529538222850533
889.0 0.00029544710287154885
890.0 0.0002668393108251621
891.0 0.00023823147330404026
892.0 3.678218263303279e-05
893.0 2.669442791813914e-10
894.0 2.669442791813914e-10
895.0 8.799816697546703e-06
896.0 3.5439907719592156e-05
897.0 6.208004492691543e-05
898.0 9.848682793744956e-05
899.0 0.00013489361663232557
900.0 9.406857088833931e-05
901.0 5.324353082869493e-05
902.0 2.669442791813914e-10
