lsstCam/transmission_filter_detector/r14_s02/r_57/19700101T000000.ecsv
# %ECSV 1.0
# ---
# datatype:
# - {name: wavelength, unit: nm, datatype: float32}
# - {name: efficiency, unit: '%', datatype: float64}
# meta: !!omap
# - {MODE: DETECTOR}
# - {TYPE: transmission_filter_detector}
# - {CALIBDATE: '1970-01-01T00:00:00'}
# - {INSTRUME: LSSTCam}
# - {OBSTYPE: transmission_filter_detector}
# - {CALIBCLS: lsst.ip.isr.IntermediateFilterDetectorTransmissionCurve}
# - {SOURCE: Materion (DM-46256)}
# - {DETECTOR: 65}
# - {FILTER: r_57}
# - {CALIB_ID: 'calibDate=1970-01-01T00:00:00 filter=r_57 detector=65'}
# - {DATE: '2025-04-02T15:59:44.484506'}
# - {CALIB_CREATION_DATE: '2025-04-02'}
# - {CALIB_CREATION_TIME: '15:59:44'}
# - __serialized_columns__:
#     efficiency:
#       __class__: astropy.units.quantity.Quantity
#       unit: !astropy.units.Unit {unit: '%'}
#       value: !astropy.table.SerializedColumn {name: efficiency}
#     wavelength:
#       __class__: astropy.units.quantity.Quantity
#       unit: !astropy.units.Unit {unit: nm}
#       value: !astropy.table.SerializedColumn {name: wavelength}
# schema: astropy-2.0
wavelength efficiency
[from data line 604]
904.0 2.669442791813914e-10
905.0 4.816593559553439e-05
906.0 2.669442791813914e-10
907.0 2.669442791813914e-10
908.0 2.669442791813914e-10
909.0 2.669442791813914e-10
910.0 2.669442791813914e-10
911.0 2.669442791813914e-10
912.0 2.669442791813914e-10
913.0 2.669442791813914e-10
914.0 3.916791513347562e-05
915.0 0.00010395839353805059
916.0 6.363364377648395e-05
917.0 2.330891675228486e-05
918.0 0.0001150656657955551
919.0 0.0002068223921014578
920.0 0.00013937748235548497
921.0 7.193252713477705e-05
922.0 0.00014828789289822453
923.0 0.00022464323592430446
924.0 0.00026930983949569054
925.0 0.0003139764430670766
926.0 0.00021616035610350082
927.0 0.00011834425777124125
928.0 0.00011622155398072209
929.0 0.00011409885019020294
930.0 0.00018446846752340207
931.0 0.0002548381189626525
932.0 0.00012585790045704925
933.0 2.669442791813914e-10
934.0 0.00011983488548139576
935.0 0.00024279199806187535
936.0 0.0002903375843743561
937.0 0.00033788319342420436
938.0 0.0003222262421331834
939.0 0.00030656933631689753
940.0 0.00025520380404486787
941.0 0.00020383824903547065
942.0 0.000319524383485259
943.0 0.00043521054067241494
944.0 0.00035915822991228197
945.0 0.00028310594188951654
946.0 0.0003109566023340449
947.0 0.00033880724004120566
948.0 0.0005185797363083111
949.0 0.0006983523689996218
950.0 0.0006272488008107757
951.0 0.0005561452780966647
952.0 0.0006667210527666612
953.0 0.000777297009335598
954.0 0.0011623983482422773
955.0 0.0015474999599973671
956.0 0.0015950647139106877
957.0 0.001642629285925068
958.0 0.0017278222003369592
959.0 0.0018130154785467312
960.0 0.0019966404579463415
961.0 0.0021802658011438325
962.0 0.0023153634174377657
963.0 0.002450461033731699
964.0 0.0024334753106813878
965.0 0.0024164890419342555
966.0 0.002334556120331399
967.0 0.0022526230168296024
968.0 0.0022156222257763147
969.0 0.0021786217985209078
970.0 0.0023037404389469884
971.0 0.002428859079373069
972.0 0.0025497976821498014
973.0 0.0026707361030275933
974.0 0.002937994031526614
975.0 0.003205252141924575
976.0 0.003325284706079401
977.0 0.0034453169064363465
978.0 0.0033459127735113725
979.0 0.0032465086405863985
980.0 0.003236355769331567
981.0 0.0032262025342788547
982.0 0.003335074143251404
983.0 0.0034439457522239536
984.0 0.0033716889447532594
985.0 0.0032994328648783267
986.0 0.0031650622986489907
987.0 0.003030691914318595
988.0 0.0028507440219982527
989.0 0.002670796493475791
990.0 0.002684248647710774
991.0 0.002697700801945757
992.0 0.00271785247605294
993.0 0.0027380046958569437
994.0 0.002794174724840559
995.0 0.0028503443900262937
996.0 0.002901850348280277
997.0 0.00295335612463532
998.0 0.003045193625439424
999.0 0.0031370309443445876
1000.0 0.003288963853265159
1001.0 0.00344089676218573
1002.0 0.00368640867236536
1003.0 0.003931920946342871
1004.0 0.004089720459887758
1005.0 0.004247519973432645
1006.0 0.004435123264556751
1007.0 0.004622726919478737
1008.0 0.004588988667819649
1009.0 0.004555250416160561
1010.0 0.004572478064801544
1011.0 0.0045897060772404075
1012.0 0.004507800622377545
1013.0 0.004425895167514682
1014.0 0.004106490450794809
1015.0 0.003787085006479174
1016.0 0.0035816865420201793
1017.0 0.0033762884413590655
1018.0 0.002911782394221518
1019.0 0.0024472770746797323
1020.0 0.0020467990907491185
1021.0 0.0016463209249195643
1022.0 0.0014830150576017331
1023.0 0.001319708735536551
1024.0 0.0013542787201004103
1025.0 0.0013888488865632098
1026.0 0.0012826664715248626
1027.0 0.0011764837836381048
1028.0 0.001074521969712805
1029.0 0.0009725598829390947
1030.0 0.0009405148375662975
1031.0 0.0009084692464966793
1032.0 0.0008808669917925727
1033.0 0.0008532643732905854
1034.0 0.0008385854016523808
1035.0 0.0008239062481152359
1036.0 0.0009154656254395377
1037.0 0.0010070246389659587
1038.0 0.0009310222594649531
1039.0 0.0008550198799639475
1040.0 0.0008722446182218846
1041.0 0.0008894692655303515
1042.0 0.0009573765055392869
1043.0 0.0010252833817503415
1044.0 0.0009918941941577941
1045.0 0.0009585052794136573
1046.0 0.0009036491974256933
1047.0 0.0008487932063871995
1048.0 0.0007816794095560908
1049.0 0.0007145657491491875
1050.0 0.0006713330549246166
1051.0 0.0006281003152253106
1052.0 0.000985621318250196
1053.0 0.0013431417755782604
1054.0 0.0011757356332964264
1055.0 0.0010083292181661818
1056.0 0.0011008625733666122
1057.0 0.001193396201415453
1058.0 0.0009577733180776704
1059.0 0.0007221505256893579
1060.0 0.0011027512300643139
1061.0 0.0014833512977929786
1062.0 0.0015357569282059558
1063.0 0.001588162558618933
1064.0 0.0011036910109396558
1065.0 0.0006192192358867032
1066.0 0.001071566657628864
1067.0 0.0015239142157952301
1068.0 0.0018129285308532417
1069.0 0.0021019424821133725
1070.0 0.0016735348253860138
1071.0 0.0012451271686586551
1072.0 0.0013124809811415616
1073.0 0.0013798348845739383
1074.0 0.00229617471632082
1075.0 0.0032125142752192914
1076.0 0.0033452532079536468
1077.0 0.003477992504485883
1078.0 0.0037624155083904043
1079.0 0.004046839239890687
1080.0 0.004341278690844774
1081.0 0.0046357174142031
1082.0 0.004400721081765369
1083.0 0.004165724749327637
1084.0 0.004623712084139697
1085.0 0.005081699418951757
1086.0 0.004929003262077458
1087.0 0.004776307105203159
1088.0 0.004959907528245822
1089.0 0.005143508315086365
1090.0 0.004921804429613985
1091.0 0.0047001005441416055
1092.0 0.004192616688669659
1093.0 0.003685132469399832
1094.0 0.004529808938968927
1095.0 0.0053744850447401404
1096.0 0.00397770490963012
1097.0 0.0025809244107222185
1098.0 0.00183895681402646
1099.0 0.0010969893082801718
1100.0 0.0011130263374070637
1101.0 0.0011290628208371345
