lsstCam/transmission_filter_detector/r41_s12/g_6/19700101T000000.ecsv
# %ECSV 1.0
# ---
# datatype:
# - {name: wavelength, unit: nm, datatype: float32}
# - {name: efficiency, unit: '%', datatype: float64}
# meta: !!omap
# - {MODE: DETECTOR}
# - {TYPE: transmission_filter_detector}
# - {CALIBDATE: '1970-01-01T00:00:00'}
# - {INSTRUME: LSSTCam}
# - {OBSTYPE: transmission_filter_detector}
# - {CALIBCLS: lsst.ip.isr.IntermediateFilterDetectorTransmissionCurve}
# - {SOURCE: Materion (DM-46256)}
# - {DETECTOR: 167}
# - {FILTER: g_6}
# - {CALIB_ID: 'calibDate=1970-01-01T00:00:00 filter=g_6 detector=167'}
# - {DATE: '2025-04-02T15:59:42.800251'}
# - {CALIB_CREATION_DATE: '2025-04-02'}
# - {CALIB_CREATION_TIME: '15:59:42'}
# - __serialized_columns__:
#     efficiency:
#       __class__: astropy.units.quantity.Quantity
#       unit: !astropy.units.Unit {unit: '%'}
#       value: !astropy.table.SerializedColumn {name: efficiency}
#     wavelength:
#       __class__: astropy.units.quantity.Quantity
#       unit: !astropy.units.Unit {unit: nm}
#       value: !astropy.table.SerializedColumn {name: wavelength}
# schema: astropy-2.0
wavelength efficiency
[from data line 608]
908.0 0.0003030622110600234
909.0 0.00029290297334227944
910.0 0.00035277744245831855
911.0 0.0004126519343117252
912.0 0.00038107048112578923
913.0 0.00034948902793985326
914.0 0.00041011921894096304
915.0 0.0004707494099420728
916.0 0.0003966115400544368
917.0 0.00032247362469206564
918.0 0.00035353796192794107
919.0 0.0003846022991638165
920.0 0.00038192629290279
921.0 0.0003792502866417635
922.0 0.0003971080786868697
923.0 0.0004149658252572408
924.0 0.00034520278404670535
925.0 0.0002754397428361699
926.0 0.00034821030112652807
927.0 0.00042098081394215114
928.0 0.0004462113793124445
929.0 0.0004714418992080027
930.0 0.000449131084678811
931.0 0.0004268203156243544
932.0 0.00046630862016172614
933.0 0.0005057967882748926
934.0 0.00047407970669155475
935.0 0.0004423625341587467
936.0 0.0004625733708962798
937.0 0.000482784253108548
938.0 0.0005384986707213102
939.0 0.0005942131338088075
940.0 0.0005583371603279375
941.0 0.0005224610504228622
942.0 0.0005137024345458485
943.0 0.0005049438186688349
944.0 0.0005721183242712868
945.0 0.0006392927389242686
946.0 0.000828165138955228
947.0 0.0010170376299356576
948.0 0.0008339522537426092
949.0 0.0006508669684990309
950.0 0.0006383223080774769
951.0 0.0006257776021811878
952.0 0.0006965350621612743
953.0 0.0007672924766666256
954.0 0.0007395196007564664
955.0 0.0007117468157957774
956.0 0.0006849868441349827
957.0 0.0006582270088983933
958.0 0.0007360315521509619
959.0 0.0008138361408782657
960.0 0.0007061749329295708
961.0 0.0005985137249808758
962.0 0.0006363414286170155
963.0 0.0006741689503542148
964.0 0.0005920488092669984
965.0 0.0005099285317555768
966.0 0.0005399799192673527
967.0 0.0005700312613043934
968.0 0.0006076749286876293
969.0 0.0006453185505961301
970.0 0.0006437433512473945
971.0 0.0006421680609491887
972.0 0.0007296075182239292
973.0 0.000817047111922875
974.0 0.0007719235327385832
975.0 0.0007268000445037615
976.0 0.0008181852535926737
977.0 0.0009095701898331754
978.0 0.0009226605470757931
979.0 0.0009357507224194705
980.0 0.0009288033652410377
981.0 0.000921856099012075
982.0 0.0010690331691876054
983.0 0.001216210330312606
984.0 0.0013469605619320646
985.0 0.0014777108845009934
986.0 0.0014364653907250613
987.0 0.0013952200788480695
988.0 0.0014322055903903674
989.0 0.0014691907381347846
990.0 0.0016062804206740111
991.0 0.001743369830364827
992.0 0.0016781705198809505
993.0 0.0016129712093970738
994.0 0.0015771744074299932
995.0 0.0015413776054629125
996.0 0.0015052753951749764
997.0 0.001469173457735451
998.0 0.0015118697774596512
999.0 0.0015545661881333217
1000.0 0.0014875387932988815
1001.0 0.001420511762262322
1002.0 0.0013629322893393692
1003.0 0.0013053529073658865
1004.0 0.0013460797163133975
1005.0 0.0013868065252609085
1006.0 0.0013586037312052213
1007.0 0.0013304010280990042
1008.0 0.0012828997569158673
1009.0 0.0012353985766822007
1010.0 0.0013403978300630115
1011.0 0.0014453972653427627
1012.0 0.0012944417903781869
1013.0 0.001143486315413611
1014.0 0.0012694236829702277
1015.0 0.0013953613233752549
1016.0 0.0015840800188016146
1017.0 0.0017727988961269148
1018.0 0.0019453269487712532
1019.0 0.0021178550014155917
1020.0 0.002251162914035376
1021.0 0.002384471008554101
1022.0 0.002659179881447926
1023.0 0.002933888572442811
1024.0 0.0030724884709343314
1025.0 0.00321108745993115
1026.0 0.003404653034522198
1027.0 0.0035982182453153655
1028.0 0.0037443249311763793
1029.0 0.0038904312532395124
1030.0 0.004072782030561939
1031.0 0.004255133171682246
1032.0 0.004414086288306862
1033.0 0.004573039404931478
1034.0 0.004697159238276072
1035.0 0.0048212790716206655
1036.0 0.004881009954260662
1037.0 0.004940740473102778
1038.0 0.004982767131878063
1039.0 0.005024793790653348
1040.0 0.005206910282140598
1041.0 0.005389026409829967
1042.0 0.005527145185624249
1043.0 0.005665263961418532
1044.0 0.005897276059840806
1045.0 0.006129287794465199
1046.0 0.006330363248707727
1047.0 0.006531438702950254
1048.0 0.007073888991726562
1049.0 0.007616338552907109
1050.0 0.008333425648743287
1051.0 0.009050511289387941
1052.0 0.010558618669165298
1053.0 0.012066727504134178
1054.0 0.013917265459895134
1055.0 0.01576780341565609
1056.0 0.018761625688057393
1057.0 0.02175544941565022
1058.0 0.02632888499647379
1059.0 0.030902327853254974
1060.0 0.03732136683538556
1061.0 0.04374040581751615
1062.0 0.05186489433981478
1063.0 0.05998939159326255
1064.0 0.06916522979736328
1065.0 0.07834109128452837
1066.0 0.08780140778981149
1067.0 0.09726172429509461
1068.0 0.10645728325471282
1069.0 0.1156528596766293
1070.0 0.12447214685380459
1071.0 0.13329143403097987
1072.0 0.14323294162750244
1073.0 0.153174449224025
1074.0 0.16278167022392154
1075.0 0.17238889122381806
1076.0 0.18195423763245344
1077.0 0.19151956075802445
1078.0 0.20048588048666716
1079.0 0.20945218857377768
1080.0 0.21935580298304558
1081.0 0.22925941739231348
1082.0 0.23975963704288006
1083.0 0.250259879976511
1084.0 0.2649059984833002
1085.0 0.2795521169900894
1086.0 0.3022430697456002
1087.0 0.32493399921804667
1088.0 0.364932743832469
1089.0 0.4049314185976982
1090.0 0.4466752056032419
1091.0 0.48841899260878563
1092.0 0.5418034270405769
1093.0 0.5951878614723682
1094.0 0.6904261652380228
1095.0 0.7856644690036774
1096.0 0.8727911859750748
1097.0 0.9599177166819572
1098.0 1.017757784575224
1099.0 1.075597945600748
1100.0 1.1618915013968945
1101.0 1.2481850571930408
