lsstCam/transmission_filter_detector/r41_s12/g_6/19700101T000000.ecsv
# %ECSV 1.0
# ---
# datatype:
# - {name: wavelength, unit: nm, datatype: float32}
# - {name: efficiency, unit: '%', datatype: float64}
# meta: !!omap
# - {MODE: DETECTOR}
# - {TYPE: transmission_filter_detector}
# - {CALIBDATE: '1970-01-01T00:00:00'}
# - {INSTRUME: LSSTCam}
# - {OBSTYPE: transmission_filter_detector}
# - {CALIBCLS: lsst.ip.isr.IntermediateFilterDetectorTransmissionCurve}
# - {SOURCE: Materion (DM-46256)}
# - {DETECTOR: 167}
# - {FILTER: g_6}
# - {CALIB_ID: 'calibDate=1970-01-01T00:00:00 filter=g_6 detector=167'}
# - {DATE: '2025-04-02T15:59:42.800251'}
# - {CALIB_CREATION_DATE: '2025-04-02'}
# - {CALIB_CREATION_TIME: '15:59:42'}
# - __serialized_columns__:
#     efficiency:
#       __class__: astropy.units.quantity.Quantity
#       unit: !astropy.units.Unit {unit: '%'}
#       value: !astropy.table.SerializedColumn {name: efficiency}
#     wavelength:
#       __class__: astropy.units.quantity.Quantity
#       unit: !astropy.units.Unit {unit: nm}
#       value: !astropy.table.SerializedColumn {name: wavelength}
# schema: astropy-2.0
wavelength efficiency
300.0 0.3587669925764203
301.0 0.302677764557302
302.0 0.24658855982124805
303.0 0.2345236949622631
304.0 0.2224588068202138
305.0 0.22295373491942883
306.0 0.22344866301864386
307.0 0.21388311870396137
308.0 0.20431759767234325
309.0 0.19533862359821796
310.0 0.18635967280715704
311.0 0.18814143259078264
312.0 0.18992319237440825
313.0 0.18624967196956277
314.0 0.1825761399231851
315.0 0.18049277132377028
316.0 0.17840940272435546
317.0 0.17558230319991708
318.0 0.17275519203394651
319.0 0.15635407762601972
320.0 0.1399529748596251
321.0 0.12990909162908792
322.0 0.11986522004008293
323.0 0.10931935394182801
324.0 0.09877349948510528
325.0 0.08757320465520024
326.0 0.07637290400452912
327.0 0.0711560482159257
328.0 0.06593919824808836
329.0 0.059884460642933846
330.0 0.05382972885854542
331.0 0.05116285174153745
332.0 0.04849598044529557
333.0 0.04612843622453511
334.0 0.04376089491415769
335.0 0.04159521195106208
336.0 0.03942952898796648
337.0 0.039830603054724634
338.0 0.04023167712148279
339.0 0.039245994412340224
340.0 0.03826030879281461
341.0 0.03674510517157614
342.0 0.03522990155033767
343.0 0.031675194622948766
344.0 0.028120484785176814
345.0 0.0251941877650097
346.0 0.022267887834459543
347.0 0.02062557468889281
348.0 0.018983262998517603
349.0 0.01709558127913624
350.0 0.764200184494257
351.0 1.0359307751059532
352.0 0.7076568901538849
353.0 0.566003005951643
354.0 0.5852458998560905
355.0 1.0160122998058796
356.0 0.483509199693799
357.0 0.9214323945343494
358.0 0.5420689936727285
359.0 0.9765541180968285
360.0 0.6031813565641642
361.0 0.7547697052359581
362.0 0.442750658839941
363.0 0.7395784370601177
364.0 0.4866143688559532
365.0 0.7039631716907024
366.0 0.38887441623955965
367.0 0.8620530366897583
368.0 0.42870803736150265
369.0 0.5532937124371529
370.0 0.39969240315258503
371.0 0.5278656724840403
372.0 0.4160086624324322
373.0 0.6583206821233034
374.0 0.3598091658204794
375.0 0.5562880542129278
376.0 0.4053956363350153
377.0 0.502771558240056
378.0 0.3204688197001815
379.0 0.5672469269484282
380.0 0.3349930513650179
381.0 0.5186512134969234
382.0 0.5035735201090574
383.0 0.5407062359154224
384.0 0.543600507080555
385.0 0.5521473940461874
386.0 0.6806014571338892
387.0 0.7144744507968426
388.0 0.8824060671031475
389.0 1.239500381052494
390.0 1.7566876485943794
391.0 2.7670180425047874
392.0 4.2842090129852295
393.0 6.919538974761963
394.0 10.429787635803223
395.0 15.061333775520325
396.0 20.922042429447174
397.0 28.23752462863922
398.0 36.75243556499481
399.0 46.10740840435028
400.0 55.47032952308655
401.0 64.41723108291626
402.0 72.67051935195923
403.0 79.49684262275696
404.0 84.54559445381165
405.0 88.3324682712555
406.0 90.47452807426453
407.0 92.23220348358154
408.0 93.20042133331299
409.0 93.69204640388489
410.0 93.82192492485046
411.0 93.67817640304565
412.0 93.38447451591492
413.0 93.19418668746948
414.0 93.00372004508972
415.0 93.14997792243958
416.0 93.52074265480042
417.0 93.82639527320862
418.0 94.33704614639282
419.0 94.86987590789795
420.0 95.39213180541992
421.0 95.94480395317078
422.0 96.10352516174316
423.0 96.27431631088257
424.0 96.12450003623962
425.0 95.99742293357849
426.0 96.0106372833252
427.0 96.0634708404541
428.0 95.88459730148315
429.0 95.71307301521301
430.0 95.59775590896606
431.0 95.6508457660675
432.0 95.67146897315979
433.0 95.77411413192749
434.0 95.85096836090088
435.0 95.96874713897705
436.0 96.06127142906189
437.0 95.99944353103638
438.0 96.08080387115479
439.0 96.15976214408875
440.0 96.14907503128052
441.0 96.25179171562195
442.0 96.27648591995239
443.0 96.23280763626099
444.0 96.18045091629028
445.0 95.85481286048889
446.0 95.77524065971375
447.0 95.51783204078674
448.0 95.57163715362549
449.0 95.72750926017761
450.0 95.91367840766907
451.0 96.1700975894928
452.0 96.4425802230835
453.0 96.50301337242126
454.0 96.57420516014099
455.0 96.83804512023926
456.0 96.9203770160675
457.0 97.07216024398804
458.0 97.08520174026489
459.0 97.06921577453613
460.0 97.14115262031555
461.0 97.24762439727783
462.0 97.15752601623535
463.0 97.09938764572144
464.0 97.15041518211365
465.0 97.12925553321838
466.0 97.07354307174683
467.0 97.08164930343628
468.0 97.13489413261414
469.0 97.18157052993774
470.0 97.00634479522705
471.0 96.91087007522583
472.0 96.93523645401001
473.0 96.80650234222412
474.0 96.69551253318787
475.0 96.78820371627808
476.0 96.77538871765137
477.0 96.86717391014099
478.0 96.97263836860657
479.0 96.93375825881958
480.0 97.13778495788574
481.0 97.22204208374023
482.0 97.39950299263
483.0 97.28839993476868
484.0 97.52098321914673
485.0 97.5006639957428
486.0 97.54396677017212
487.0 97.60524034500122
488.0 97.60061502456665
489.0 97.72812724113464
490.0 97.65632152557373
491.0 97.72149920463562
492.0 97.63317108154297
493.0 97.68379330635071
494.0 97.61351346969604
495.0 97.72698879241943
496.0 97.55833148956299
497.0 97.48018383979797
498.0 97.2279965877533
499.0 97.29372262954712
500.0 97.27456569671631
501.0 97.23080396652222
502.0 97.15811610221863
503.0 97.28359580039978
504.0 97.11974859237671
505.0 97.09830284118652
506.0 97.14155197143555
507.0 97.09882140159607
508.0 97.072833776474
509.0 97.11628556251526
510.0 97.0625102519989
511.0 97.02270030975342
512.0 96.92479372024536
513.0 97.00471758842468
514.0 96.96938395500183
515.0 96.99063897132874
516.0 97.10572957992554
517.0 97.14884161949158
518.0 97.24494814872742
519.0 97.23827242851257
520.0 97.27159142494202
521.0 97.36528396606445
522.0 97.3595917224884
523.0 97.32149243354797
524.0 97.34108448028564
525.0 97.30105400085449
526.0 97.42620587348938
527.0 97.42739796638489
528.0 97.42997884750366
529.0 97.56050705909729
530.0 97.52787351608276
531.0 97.68865704536438
532.0 97.55461812019348
533.0 97.52664566040039
534.0 97.56042957305908
535.0 97.33903408050537
536.0 96.96943163871765
537.0 96.42768502235413
538.0 95.63705921173096
539.0 94.2131519317627
540.0 92.44468212127686
541.0 89.81301188468933
542.0 87.0164155960083
543.0 83.31735134124756
544.0 78.67698669433594
545.0 74.55863952636719
546.0 69.54784393310547
547.0 65.02214670181274
548.0 60.53774952888489
549.0 56.57469630241394
550.0 53.43342423439026
551.0 50.44593811035156
552.0 48.1454461812973
553.0 45.647674798965454
554.0 42.75655448436737
555.0 39.50572609901428
556.0 35.17950773239136
557.0 30.193278193473816
558.0 24.750536680221558
559.0 19.44153904914856
560.0 14.350859820842743
561.0 9.710366278886795
562.0 6.1927251517772675
563.0 3.622419387102127
564.0 1.9752467051148415
565.0 0.956011563539505
566.0 0.5047840997576714
567.0 0.25371110532432795
568.0 0.16732236836105585
569.0 0.08777552284300327
570.0 0.07589531014673412
571.0 0.047117695794440806
572.0 0.04602329572662711
573.0 0.02795546897687018
574.0 0.04395242140162736
575.0 0.025523887597955763
576.0 0.023984703875612468
577.0 0.015078220167197287
578.0 0.025316548999398947
579.0 0.01837282470660284
580.0 0.040041637839749455
581.0 0.01583209232194349
582.0 0.025936603196896613
583.0 0.014913672930561006
584.0 0.026177422842010856
585.0 0.013324596511665732
586.0 0.021245556126814336
587.0 0.00970076653175056
588.0 0.018249699496664107
589.0 0.012717614299617708
590.0 0.0071838643634691834
591.0 0.00290717161988141
592.0 0.011952006025239825
593.0 0.009048372885445133
594.0 0.011579606507439166
595.0 0.0068068315158598125
596.0 0.0032492804166395217
597.0 0.01388523232890293
598.0 0.018996575090568513
599.0 0.009409420454176143
600.0 0.007542982348240912
601.0 0.002312159995199181
602.0 0.002274001599289477
603.0 0.0022358432033797726
604.0 0.0021567739167949185
605.0 0.0020777046302100644
606.0 0.002089129156956915
607.0 0.002100554047501646
608.0 0.0020434232283150777
609.0 0.00198629259102745
610.0 0.0018679829736356623
611.0 0.0017496737200417556
612.0 0.0018328297301195562
613.0 0.0019159861039952375
614.0 0.0018721515516517684
615.0 0.00182831736310618
616.0 0.00178218415385345
617.0 0.0017360507627017796
618.0 0.001511742902948754
619.0 0.0012874348612967879
620.0 0.0013392299479164649
621.0 0.0013910249435866717
622.0 0.00139237317853258
623.0 0.0013937215953774285
624.0 0.001392178819514811
625.0 0.001390636225551134
626.0 0.00139048543132958
627.0 0.0013903349099564366
628.0 0.0013677381502930075
629.0 0.0013451419363263994
630.0 0.0013643968486576341
631.0 0.0013836517609888688
632.0 0.0013692590073333122
633.0 0.0013548665265261661
634.0 0.00129405862026033
635.0 0.0012332507139944937
636.0 0.0012272783351363614
637.0 0.0012213061381771695
638.0 0.0011757208085327875
639.0 0.0011301355698378757
640.0 0.0012660511856665835
641.0 0.0014019668014952913
642.0 0.0012940621672896668
643.0 0.001186157805932453
644.0 0.0011499306310724933
645.0 0.0011137038200104143
646.0 0.0011362835721229203
647.0 0.0011588633242354263
648.0 0.0011717399502231274
649.0 0.001184616849059239
650.0 0.0010684468179533724
651.0 0.0009522769687464461
652.0 0.001055613665812416
653.0 0.0011589502719289158
654.0 0.0011076464033976663
655.0 0.0010563424439169466
656.0 0.0010689684131648391
657.0 0.0010815942914632615
658.0 0.0011015464224328753
659.0 0.0011214986443519592
660.0 0.0011330676898069214
661.0 0.0011446367352618836
662.0 0.0011391734005883336
663.0 0.0011337104297126643
664.0 0.0011049150089093018
665.0 0.001076119406206999
666.0 0.0010500859389139805
667.0 0.0010240522897220217
668.0 0.0009962669537344482
669.0 0.0009684816177468747
670.0 0.0009932113243849017
671.0 0.0010179411219723988
672.0 0.0010437137461849488
673.0 0.0010694865522964392
674.0 0.0010717129953263793
675.0 0.0010739394383563194
676.0 0.001037468700815225
677.0 0.0010009978723246604
678.0 0.0010165234016312752
679.0 0.0010320487490389496
680.0 0.0010658074643288273
681.0 0.0010995663615176454
682.0 0.001039119979395764
683.0 0.000978673870122293
684.0 0.0009283769031753764
685.0 0.0008780799362284597
686.0 0.0009150831829174422
687.0 0.0009520863386569545
688.0 0.0009486952876613941
689.0 0.0009453040547668934
690.0 0.0009937713002727833
691.0 0.001042238454829203
692.0 0.000997191727947211
693.0 0.0009521451829641592
694.0 0.0009572018825565465
695.0 0.0009622585821489338
696.0 0.0010544202268647496
697.0 0.001146581689681625
698.0 0.001074474766937783
699.0 0.001002367844193941
700.0 0.0009938856237567961
701.0 0.000985403312370181
702.0 0.0010626782568579074
703.0 0.0011399531103961635
704.0 0.0010790673513838556
705.0 0.0010181818652199581
706.0 0.001016088754113298
707.0 0.0010139955520571675
708.0 0.0010524470781092532
709.0 0.0010908989679592196
710.0 0.0010986599590978585
711.0 0.0011064210411859676
712.0 0.0011088616702181753
713.0 0.0011113025720987935
714.0 0.0012175653864687774
715.0 0.0013238281098892912
716.0 0.0013776590094494168
717.0 0.0014314899090095423
718.0 0.0014798772099311464
719.0 0.0015282645108527504
720.0 0.0012241111107869074
721.0 0.0009199576197715942
722.0 0.0010470890629221685
723.0 0.001174220597022213
724.0 0.0012689753020822536
725.0 0.0013637300980917644
726.0 0.0013927854524808936
727.0 0.0014218408068700228
728.0 0.0015415613233926706
729.0 0.0016612819308647886
730.0 0.00171633164427476
731.0 0.0017713811757857911
732.0 0.0016246425730059855
733.0 0.0014779039702261798
734.0 0.0015115560927370097
735.0 0.0015452085790457204
736.0 0.0014289761566033121
737.0 0.0013127435522619635
738.0 0.0011941942830162589
739.0 0.0010756450137705542
740.0 0.0011093425200670026
741.0 0.0011430402082623914
742.0 0.0012118928680138197
743.0 0.0012807458006136585
744.0 0.0011263692613283638
745.0 0.0009719929948914796
746.0 0.0009437159860681277
747.0 0.0009154391591437161
748.0 0.0008670787792652845
749.0 0.0008187184903363232
750.0 0.0008308900760312099
751.0 0.0008430616617260966
752.0 0.0007911092325230129
753.0 0.0007391566668957239
754.0 0.0007349042789428495
755.0 0.0007306519364647102
756.0 0.0006729111191816628
757.0 0.0006151703018986154
758.0 0.0006462782494054409
759.0 0.0006773862423870014
760.0 0.0006246673819987336
761.0 0.0005719484761357307
762.0 0.0005868288099009078
763.0 0.0006017090072418796
764.0 0.0005158181920705829
765.0 0.0004299273768992862
766.0 0.0005119533398101339
767.0 0.0005939793027209817
768.0 0.0005752714514528634
769.0 0.0005565635547100101
770.0 0.0005757972303399583
771.0 0.0005950308150204364
772.0 0.0005675571628671605
773.0 0.0005400836016633548
774.0 0.0005424397386377677
775.0 0.0005447961029858561
776.0 0.0005256770691630663
777.0 0.0005065579443908064
778.0 0.0005079396032670047
779.0 0.000509321216668468
780.0 0.0006228496658877702
781.0 0.0007363781605818076
782.0 0.0006680684691673378
783.0 0.0005997587777528679
784.0 0.0005509339189302409
785.0 0.0005021090601076139
786.0 0.0005472643351822626
787.0 0.0005924197466811165
788.0 0.0005422596132120816
789.0 0.0004920993887935765
790.0 0.0003526689624777646
791.0 0.0002132385588993202
792.0 0.0002692801672310452
793.0 0.00032532179830013774
794.0 0.00033619201076362515
795.0 0.000347062200489745
796.0 0.0004662351329898229
797.0 0.0005854081791767385
798.0 0.0004638018708646996
799.0 0.0003421956080273958
800.0 0.0002782609271889669
801.0 0.00021432624635053799
802.0 0.0002936432565547875
803.0 0.0003729602440216695
804.0 0.0004166042799624847
805.0 0.0004602482931659324
806.0 0.0003423423322601593
807.0 0.00022443634861701867
808.0 0.0003389085122762481
809.0 0.00045338065319810994
810.0 0.0004259699380781967
811.0 0.0003985591774835484
812.0 0.00029202535642980365
813.0 0.00018549150127000757
814.0 0.00035223833947384264
815.0 0.0005189851890463615
816.0 0.0004653956693800865
817.0 0.00041180619518854655
818.0 0.00044336011342238635
819.0 0.00047491407713096123
820.0 0.0004508886831899872
821.0 0.00042686338019848336
822.0 0.00045385927478491794
823.0 0.00048085516937135253
824.0 0.00030053267892071744
825.0 0.00012021019983876613
826.0 0.0002712648893066216
827.0 0.0004223195901431609
828.0 0.00044409430302039254
829.0 0.0004658690158976242
830.0 0.000390167997466051
831.0 0.0003144669562971103
832.0 0.0003072552772209747
833.0 0.0003000436208822066
834.0 0.0003961170932598179
835.0 0.0004921906565868994
836.0 0.0004252473900123732
837.0 0.000358304123437847
838.0 0.0003798904799623415
839.0 0.0004014767910121009
840.0 0.0003854005626635626
841.0 0.0003693243797897594
842.0 0.00042868782657023985
843.0 0.0004880512278759852
844.0 0.00039410228964698035
845.0 0.0003001534423674457
846.0 0.000332234458255698
847.0 0.0003643154286692152
848.0 0.0004110538156965049
849.0 0.0004577922027237946
850.0 0.0003994892722403165
851.0 0.000341186409968941
852.0 0.00026230902676616097
853.0 0.00018343166630074847
854.0 0.00024883563582989154
855.0 0.00031423962809640216
856.0 0.0003496891167742433
857.0 0.000385138628189452
858.0 0.0004997215910407249
859.0 0.0006143045084172627
860.0 0.0004927236204821384
861.0 0.000371142732547014
862.0 0.0002977498979817028
863.0 0.0002243570634163916
864.0 0.0002539402885304298
865.0 0.0002835235363818356
866.0 0.00027198345833312487
867.0 0.0002604433575470466
868.0 0.0003852872850984568
869.0 0.0005101312126498669
870.0 0.000459553484688513
871.0 0.0004089758022018941
872.0 0.00041372195482836105
873.0 0.000418468107454828
874.0 0.00040108552639139816
875.0 0.00038370289985323325
876.0 0.00031970482723409077
877.0 0.00025570677735231584
878.0 0.0003858326181216398
879.0 0.0005159584361535963
880.0 0.0005369244263420114
881.0 0.0005578902346314862
882.0 0.0006182203833304811
883.0 0.0006785504410800058
884.0 0.0006290344572335016
885.0 0.0005795184733869974
886.0 0.00047347207328130025
887.0 0.0003674256504382356
888.0 0.000536181914867484
889.0 0.0007049380656098947
890.0 0.0006877187388454331
891.0 0.0006704994120809715
892.0 0.0005999655058985809
893.0 0.0005294315087667201
894.0 0.0005005207185604377
895.0 0.0004716098828794202
896.0 0.0005118002263770904
897.0 0.0005519905244000256
898.0 0.00048170863919949625
899.0 0.0004114267539989669
900.0 0.00036557869407261023
901.0 0.0003197306568836211
902.0 0.00035590674087870866
903.0 0.00039208284761116374
904.0 0.0003912414285878185
905.0 0.0003904000095644733
906.0 0.0003518107405398041
