lsstCam/transmission_filter_detector/r32_s20/r_57/19700101T000000.ecsv
# %ECSV 1.0
# ---
# datatype:
# - {name: wavelength, unit: nm, datatype: float32}
# - {name: efficiency, unit: '%', datatype: float64}
# meta: !!omap
# - {MODE: DETECTOR}
# - {TYPE: transmission_filter_detector}
# - {CALIBDATE: '1970-01-01T00:00:00'}
# - {INSTRUME: LSSTCam}
# - {OBSTYPE: transmission_filter_detector}
# - {CALIBCLS: lsst.ip.isr.IntermediateFilterDetectorTransmissionCurve}
# - {SOURCE: Materion (DM-46256)}
# - {DETECTOR: 141}
# - {FILTER: r_57}
# - {CALIB_ID: 'calibDate=1970-01-01T00:00:00 filter=r_57 detector=141'}
# - {DATE: '2025-04-02T15:59:44.836560'}
# - {CALIB_CREATION_DATE: '2025-04-02'}
# - {CALIB_CREATION_TIME: '15:59:44'}
# - __serialized_columns__:
#     efficiency:
#       __class__: astropy.units.quantity.Quantity
#       unit: !astropy.units.Unit {unit: '%'}
#       value: !astropy.table.SerializedColumn {name: efficiency}
#     wavelength:
#       __class__: astropy.units.quantity.Quantity
#       unit: !astropy.units.Unit {unit: nm}
#       value: !astropy.table.SerializedColumn {name: wavelength}
# schema: astropy-2.0
wavelength efficiency
[from data line 602]
902.0 1.5892945596715502e-10
903.0 1.5892945596715502e-10
904.0 5.627877612823795e-05
905.0 0.00017379583141519106
906.0 0.00014866907349642133
907.0 0.00012354233831501915
908.0 0.0001580041953275213
909.0 0.00019246604097133968
910.0 9.749068112796522e-05
911.0 2.5153239491260138e-06
912.0 9.45886881709157e-05
913.0 0.0001866620323198731
914.0 0.00018061952005155035
915.0 0.00017457698504586006
916.0 0.00014546893680744688
917.0 0.00011636085446298239
918.0 0.00013297079703988857
919.0 0.00014958072824811097
920.0 0.00015712543017798453
921.0 0.00016467013210785808
922.0 0.00015647477766833617
923.0 0.00014827942322881427
924.0 0.0001914135509650805
925.0 0.0002345476559639792
926.0 0.000200759723156807
927.0 0.0001669718471930537
928.0 0.00019924325442843838
929.0 0.0002315146502951393
930.0 0.00018802862769007334
931.0 0.0001445425596102723
932.0 0.00012824923487642081
933.0 0.00011195589877388556
934.0 2.9029607162556204e-05
935.0 1.5892945596715502e-10
936.0 1.5892945596715502e-10
937.0 1.5892945596715502e-10
938.0 1.5892945596715502e-10
939.0 7.606828233974738e-06
940.0 4.528534987002786e-05
941.0 8.296384521599975e-05
942.0 0.0002976021505673998
943.0 0.0005122403763380134
944.0 0.00045958522605360486
945.0 0.0004069299848197261
946.0 0.0005773831617261749
947.0 0.0007478364295820938
948.0 0.000550035747437505
949.0 0.000352235178979754
950.0 0.000399758846469922
951.0 0.00044728244574798737
952.0 0.0006098434369050665
953.0 0.0007724043825874105
954.0 0.00091365081971162
955.0 0.0010548974387347698
956.0 0.001143294502981007
957.0 0.0012316914762777742
958.0 0.0014261978321883362
959.0 0.001620704097149428
960.0 0.0018394117432762869
961.0 0.002058119025605265
962.0 0.002119083183060866
963.0 0.002180046976718586
964.0 0.002311152456968557
965.0 0.0024422579372185282
966.0 0.0023976459488039836
967.0 0.0023530343241873197
968.0 0.0023537235392723233
969.0 0.002354412390559446
970.0 0.0024442337235086598
971.0 0.0025340546926599927
972.0 0.0025697072487673722
973.0 0.0026053601686726324
974.0 0.002762101030384656
975.0 0.0029188424377935007
976.0 0.0029746983273071237
977.0 0.0030305547625175677
978.0 0.0030022412829566747
979.0 0.0029739278033957817
980.0 0.0030387609513127245
981.0 0.0031035942811286077
982.0 0.0030720257200300694
983.0 0.003040457158931531
984.0 0.002983629747177474
985.0 0.0029268023354234174
986.0 0.002834668703144416
987.0 0.0027425352527643554
988.0 0.0026661295123631135
989.0 0.002589723953860812
990.0 0.0026228295610053465
991.0 0.0026559353500488214
992.0 0.0025343439119751565
993.0 0.0024127522920025513
994.0 0.002431099346722476
995.0 0.002449446765240282
996.0 0.002507060162315611
997.0 0.00256467374128988
998.0 0.0027172747650183737
999.0 0.0028698757887468673
1000.0 0.002993587804667186
1001.0 0.003117300002486445
1002.0 0.003302171899122186
1003.0 0.0034870441595558077
1004.0 0.0036484434531303123
1005.0 0.003809842382906936
1006.0 0.0039219488826347515
1007.0 0.004034055382362567
1008.0 0.004068266571266577
1009.0 0.004102477760170586
1010.0 0.004038490078528412
1011.0 0.003974502396886237
1012.0 0.004023756628157571
1013.0 0.004073011223226786
1014.0 0.00392187102988828
1015.0 0.0037707315641455352
1016.0 0.0033690015698084608
1017.0 0.0029672712116735056
1018.0 0.0028144628231530078
1019.0 0.002661653888935689
1020.0 0.0024258994017145596
1021.0 0.0021901443687966093
1022.0 0.001885692290670704
1023.0 0.0015812398487469181
1024.0 0.0014794783055549487
1025.0 0.0013777170352113899
1026.0 0.0011876738426508382
1027.0 0.0009976311048376374
1028.0 0.0009960666830011178
1029.0 0.0009945023521140683
1030.0 0.0009564095307723619
1031.0 0.0009183167094306555
1032.0 0.0008038876330829225
1033.0 0.0006894584203109844
1034.0 0.0007224245564430021
1035.0 0.0007553907380497549
1036.0 0.0006179289812280331
1037.0 0.0004804671789315762
1038.0 0.0007347392966039479
1039.0 0.0009890112778521143
1040.0 0.0008484976206091233
1041.0 0.0007079836905177217
1042.0 0.0007626083970535547
1043.0 0.0008172331035893876
1044.0 0.0008459329364995938
1045.0 0.0008746327694098
1046.0 0.0006984485935390694
1047.0 0.0005222644176683389
1048.0 0.0005253399194771191
1049.0 0.0005284154667606344
1050.0 0.0007798314982210286
1051.0 0.0010312474842066877
1052.0 0.001100904501072364
1053.0 0.0011705612450896297
1054.0 0.0011681614523695316
1055.0 0.001165761841548374
1056.0 0.000980972617981024
1057.0 0.0007961833944136743
1058.0 0.0010339717846363783
1059.0 0.0012717600839096121
1060.0 0.0011726710908988025
1061.0 0.0010735818250395823
1062.0 0.0011048413398384582
1063.0 0.0011361009455868043
1064.0 0.0014171077964419965
1065.0 0.0016981146472971886
1066.0 0.0019865941794705577
1067.0 0.002275073347846046
1068.0 0.002268075695610605
1069.0 0.0022610776795772836
1070.0 0.0020927020159433596
1071.0 0.001924326534208376
1072.0 0.0023007183699519373
1073.0 0.00267711075139232
1074.0 0.002458663766446989
1075.0 0.0022402167815016583
1076.0 0.0023841475922381505
1077.0 0.002528078039176762
1078.0 0.0031978212064132094
1079.0 0.0038675643736496568
1080.0 0.0037341571442084387
1081.0 0.0036007499147672206
1082.0 0.0040822054870659485
1083.0 0.004563660695566796
1084.0 0.00393564514524769
1085.0 0.0033076292311307043
1086.0 0.004152734982199036
1087.0 0.004997840369469486
1088.0 0.004226822420605458
1089.0 0.0034558044717414305
1090.0 0.003093252962571569
1091.0 0.0027307010896038264
1092.0 0.00323411550198216
1093.0 0.0037375299143604934
1094.0 0.0031870709790382534
1095.0 0.002636612225614954
1096.0 0.003088574158027768
1097.0 0.003540535908541642
1098.0 0.002561722976679448
1099.0 0.0015829104086151347
1100.0 0.0014325340089271776
1101.0 0.0012821574273402803
