lsstCam/transmission_filter_detector/r32_s20/r_57/19700101T000000.ecsv
# %ECSV 1.0
# ---
# datatype:
# - {name: wavelength, unit: nm, datatype: float32}
# - {name: efficiency, unit: '%', datatype: float64}
# meta: !!omap
# - {MODE: DETECTOR}
# - {TYPE: transmission_filter_detector}
# - {CALIBDATE: '1970-01-01T00:00:00'}
# - {INSTRUME: LSSTCam}
# - {OBSTYPE: transmission_filter_detector}
# - {CALIBCLS: lsst.ip.isr.IntermediateFilterDetectorTransmissionCurve}
# - {SOURCE: Materion (DM-46256)}
# - {DETECTOR: 141}
# - {FILTER: r_57}
# - {CALIB_ID: 'calibDate=1970-01-01T00:00:00 filter=r_57 detector=141'}
# - {DATE: '2025-04-02T15:59:44.836560'}
# - {CALIB_CREATION_DATE: '2025-04-02'}
# - {CALIB_CREATION_TIME: '15:59:44'}
# - __serialized_columns__:
#     efficiency:
#       __class__: astropy.units.quantity.Quantity
#       unit: !astropy.units.Unit {unit: '%'}
#       value: !astropy.table.SerializedColumn {name: efficiency}
#     wavelength:
#       __class__: astropy.units.quantity.Quantity
#       unit: !astropy.units.Unit {unit: nm}
#       value: !astropy.table.SerializedColumn {name: wavelength}
# schema: astropy-2.0
wavelength efficiency
300.0 0.0017539483451400883
301.0 0.004966576307197101
302.0 0.008179205178748816
303.0 0.010552784078754485
304.0 0.012926364433951676
305.0 0.011825093679362908
306.0 0.01072382292477414
307.0 0.009218333434546366
308.0 0.007712843216722831
309.0 0.006875037797726691
310.0 0.006037232742528431
311.0 0.005377337583922781
312.0 0.004717443152912892
313.0 0.004281434667063877
314.0 0.003845426908810623
315.0 0.0038318717997753993
316.0 0.0038183152355486527
317.0 0.0037520279875025153
318.0 0.0036857400118606165
319.0 0.0033280797651968896
320.0 0.0029704198823310435
321.0 0.0028720354748656973
322.0 0.002773651067400351
323.0 0.002458462586218957
324.0 0.002143273923138622
325.0 0.002032319207501132
326.0 0.0019213644918636419
327.0 0.0020546041923807934
328.0 0.002187843892897945
329.0 0.0022339616407407448
330.0 0.002280079570482485
331.0 0.002173948632844258
332.0 0.0020678178771049716
333.0 0.0018138947780244052
334.0 0.001559971678943839
335.0 0.0014271769032347947
336.0 0.0012943821275257505
337.0 0.0012015038009849377
338.0 0.0011086254744441248
339.0 0.0009861278158496134
340.0 0.0008636300663056318
341.0 0.0008161327968991827
342.0 0.0007686353455937933
343.0 0.0007978389476193115
344.0 0.0008270425496448297
345.0 0.0008076892299868632
346.0 0.0007883360922278371
347.0 0.0008088442882581148
348.0 0.0008293524842883926
349.0 0.0008429214176430833
350.0 0.0026758623789646663
351.0 0.0045389682782115415
352.0 0.006402073631761596
353.0 0.005182411769055761
354.0 0.003962751725339331
355.0 0.004487861588131636
356.0 0.005012971450923942
357.0 0.005226708162808791
358.0 0.0054404474212788045
359.0 0.004372790863271803
360.0 0.003305135032860562
361.0 0.0025279028704972006
362.0 0.0017506710719317198
363.0 0.0022882026314618997
364.0 0.00282573437289102
365.0 0.0028983575248275883
366.0 0.0029709806767641567
367.0 0.002453249180689454
368.0 0.0019355176846147515
369.0 0.003274947084719315
370.0 0.0046143763029249385
371.0 0.004500908107729629
372.0 0.004387439548736438
373.0 0.004087076740688644
374.0 0.0037867139326408505
375.0 0.002768759622995276
376.0 0.0017508051314507611
377.0 0.0020866502381977625
378.0 0.002422495344944764
379.0 0.0021205956727499142
380.0 0.0018186956367571838
381.0 0.0020984460206818767
382.0 0.002378196040808689
383.0 0.0028724609364871867
384.0 0.0033667252864688635
385.0 0.003998311512987129
386.0 0.004629898467101157
387.0 0.004527715645963326
388.0 0.004425533552421257
389.0 0.0030321316444315016
390.0 0.0016387293726438656
391.0 0.0012041384252370335
392.0 0.0007695476597291417
393.0 0.0012565647921292111
394.0 0.0017435819245292805
395.0 0.0012882386727142148
396.0 0.0008328952390002087
397.0 0.0006758242307114415
398.0 0.0005187532678974094
399.0 0.0009298328222939745
400.0 0.0013409128769126255
401.0 0.0012366284863674082
402.0 0.0011323440048727207
403.0 0.0010848403690033592
404.0 0.001037336824083468
405.0 0.0010184278835367877
406.0 0.0009995189429901075
407.0 0.0010169137567572761
408.0 0.0010343085705244448
409.0 0.0014570056009688415
410.0 0.0018797027223627083
411.0 0.0016261898053926416
412.0 0.0013726768884225748
413.0 0.0017549200492794625
414.0 0.0021371633920352906
415.0 0.0019150789739796892
416.0 0.0016929951016209088
417.0 0.0013231747288955376
418.0 0.0009533541742712259
419.0 0.0015803154383320361
420.0 0.002207276520493906
421.0 0.0038878777559148148
422.0 0.005568479173234664
423.0 0.008557759429095313
424.0 0.011547037865966558
425.0 0.015206712123472244
426.0 0.01886638638097793
427.0 0.019211327889934182
428.0 0.01955627230927348
429.0 0.01571760803926736
430.0 0.011878942314069718
431.0 0.00816563842818141
432.0 0.004452333450899459
433.0 0.0036681009078165516
434.0 0.002883868546632584
435.0 0.0023828106350265443
436.0 0.0018817525415215641
437.0 0.001301064094150206
438.0 0.0007203757832030533
439.0 0.0008074559445958585
440.0 0.0008945361514633987
441.0 0.001182290907308925
442.0 0.0014700458450533915
443.0 0.0017124610167229548
444.0 0.001954876097443048
445.0 0.001696790241112467
446.0 0.0014387047485797666
447.0 0.001431245073035825
448.0 0.0014237848517950624
449.0 0.0014132978321867995
450.0 0.0014028102668817155
451.0 0.0013129235412634443
452.0 0.001223036724695703
453.0 0.001313051143370103
454.0 0.0014030653801455628
455.0 0.001154225810751086
456.0 0.0009053861504071392
457.0 0.0008883258487912826
458.0 0.0008712656381248962
459.0 0.0009687682904768735
460.0 0.0010662709428288508
461.0 0.0016155838238773867
462.0 0.002164896977774333
463.0 0.003032729000551626
464.0 0.0039005612052278593
465.0 0.004697571421274915
466.0 0.00549458090972621
467.0 0.00603911466896534
468.0 0.00658364879200235
469.0 0.005703958595404401
470.0 0.004824267671210691
471.0 0.0035140103136654943
472.0 0.0022037525923224166
473.0 0.0016283838704111986
474.0 0.001053015421348391
475.0 0.0009484640031587332
476.0 0.0008439126759185456
477.0 0.0007429484867316205
478.0 0.0006419844339689007
479.0 0.0005744634108850732
480.0 0.0005069424332759809
481.0 0.0004028101102449
482.0 0.00029867780995118665
483.0 0.00036296676171332365
484.0 0.0004272558271622984
485.0 0.0004897715825791238
486.0 0.0005522872925212141
487.0 0.0005052663709648186
488.0 0.00045824544940842316
489.0 0.0007577349151688395
490.0 0.0010572243809292559
491.0 0.0008803513992461376
492.0 0.0007034785539872246
493.0 0.0008232366781157907
494.0 0.0009429945748706814
495.0 0.0009725948075356428
496.0 0.0010021948583016638
497.0 0.0010160856618313119
498.0 0.00102997646536096
499.0 0.0010811604624905158
500.0 0.0011323444596200716
501.0 0.0014189662579155993
502.0 0.0017055879652616568
503.0 0.0018957900465466082
504.0 0.002085991764033679
505.0 0.0024875123926904052
506.0 0.0028890328394481912
507.0 0.0036806028219871223
508.0 0.004472172440728173
509.0 0.004935182005283423
510.0 0.005398191206040792
511.0 0.004833338607568294
512.0 0.0042684860090957955
513.0 0.0036269942938815802
514.0 0.0029855023967684247
515.0 0.002785299511742778
516.0 0.0025850966267171316
517.0 0.0025578530767234042
518.0 0.002530609526729677
519.0 0.013984227553009987
520.0 0.1089140772819519
521.0 0.07616482325829566
522.0 0.10365141788497567
523.0 0.1353910774923861
524.0 0.12263524113222957
525.0 0.0807753240223974
526.0 0.05280783516354859
527.0 0.06883895257487893
528.0 0.19292569486424327
529.0 0.05748583353124559
530.0 0.1934124855324626
531.0 0.14416194753721356
532.0 0.2504203002899885
533.0 0.2500456525012851
534.0 0.388141768053174
535.0 0.40605301037430763
536.0 0.5356237292289734
537.0 0.7359443698078394
538.0 1.1951200664043427
539.0 1.8071472644805908
540.0 2.9904067516326904
541.0 4.466428235173225
542.0 6.5422408282756805
543.0 9.43174660205841
544.0 12.791220843791962
545.0 16.58633053302765
546.0 21.218641102313995
547.0 26.911768317222595
548.0 34.32035744190216
549.0 42.26880967617035
550.0 49.32360351085663
551.0 57.170188426971436
552.0 62.994301319122314
553.0 68.5145378112793
554.0 73.03900122642517
555.0 77.22885608673096
556.0 80.98610043525696
557.0 84.23001170158386
558.0 87.4243974685669
559.0 91.10243916511536
560.0 91.84396862983704
561.0 93.70397329330444
562.0 94.6973443031311
563.0 94.70475912094116
564.0 95.32970786094666
565.0 95.08294463157654
566.0 95.55325508117676
567.0 94.73743438720703
568.0 95.38302421569824
569.0 95.77394127845764
570.0 95.57088017463684
571.0 96.35729193687439
572.0 96.35843634605408
573.0 96.29519581794739
574.0 96.82911038398743
575.0 96.39535546302795
576.0 97.24175333976746
577.0 96.72728180885315
578.0 96.92886471748352
579.0 96.65823578834534
580.0 96.24521136283875
581.0 96.09517455101013
582.0 96.51479721069336
583.0 96.43248915672302
584.0 95.71253657341003
585.0 95.91844081878662
586.0 96.25718593597412
587.0 95.72011828422546
588.0 96.00390791893005
589.0 96.84187769889832
590.0 96.15477323532104
591.0 95.76475024223328
592.0 95.65938115119934
593.0 95.5765962600708
594.0 95.70726156234741
595.0 95.96213698387146
596.0 96.60365581512451
597.0 96.76510691642761
598.0 96.32100462913513
599.0 96.08756303787231
600.0 96.23737931251526
601.0 95.77205181121826
602.0 96.1122214794159
603.0 95.81730365753174
604.0 96.19261622428894
605.0 96.23918533325195
606.0 96.20712399482727
607.0 95.72790861129761
608.0 96.06741070747375
609.0 95.47902345657349
610.0 95.60205340385437
611.0 95.56722044944763
612.0 95.42483687400818
613.0 96.41634821891785
614.0 96.40677571296692
615.0 95.86892127990723
616.0 95.92531323432922
617.0 96.00078463554382
618.0 95.94343900680542
619.0 96.51506543159485
620.0 95.64677476882935
621.0 95.50604224205017
622.0 96.46785259246826
623.0 96.50779962539673
624.0 95.94579339027405
625.0 96.50818705558777
626.0 95.75045704841614
627.0 94.9365496635437
628.0 96.79404497146606
629.0 95.07187008857727
630.0 96.39492630958557
631.0 95.7899808883667
632.0 96.23339772224426
633.0 96.15483283996582
634.0 95.59289216995239
635.0 95.82047462463379
636.0 95.70095539093018
637.0 95.41535973548889
638.0 95.22695541381836
639.0 95.15029191970825
640.0 95.19763588905334
641.0 95.2323853969574
642.0 95.80809473991394
643.0 95.6935465335846
644.0 95.69407105445862
645.0 95.78633904457092
646.0 95.91064453125
647.0 96.75740599632263
648.0 96.10832333564758
649.0 95.50485014915466
650.0 96.03431820869446
651.0 96.64406180381775
652.0 96.40291333198547
653.0 95.6414520740509
654.0 96.63901329040527
655.0 96.23022079467773
656.0 95.46474814414978
657.0 95.45109272003174
658.0 96.17490768432617
659.0 96.02769613265991
660.0 95.39119601249695
661.0 95.15893459320068
662.0 95.55095434188843
663.0 95.54937481880188
664.0 95.41787505149841
665.0 95.08864283561707
666.0 95.06244659423828
667.0 95.31897306442261
668.0 94.96349692344666
669.0 95.44786214828491
670.0 95.23077011108398
671.0 95.20496129989624
672.0 95.03568410873413
673.0 95.36487460136414
674.0 95.02613544464111
675.0 95.48313617706299
676.0 94.87354755401611
677.0 93.89395117759705
678.0 93.23744177818298
679.0 92.38505959510803
680.0 91.81612133979797
681.0 90.35835862159729
682.0 88.40169310569763
683.0 85.77471375465393
684.0 82.30733275413513
685.0 78.74391674995422
686.0 75.15605688095093
687.0 70.31450271606445
688.0 65.90213179588318
689.0 61.52365803718567
690.0 56.217485666275024
691.0 51.93837285041809
692.0 47.29575216770172
693.0 43.08346509933472
694.0 38.13600838184357
695.0 33.07303190231323
696.0 27.951937913894653
697.0 22.853679955005646
698.0 17.215268313884735
699.0 12.669582664966583
700.0 9.078045934438705
701.0 5.783337727189064
702.0 3.672127425670624
703.0 2.1794574335217476
704.0 1.2683583423495293
705.0 0.7262463681399822
706.0 0.4653683863580227
707.0 0.32245239708572626
708.0 0.2167631173506379
709.0 0.17199987778440118
710.0 0.08247089572250843
711.0 0.0822272733785212
712.0 0.0817974447272718
713.0 0.034468245576135814
714.0 0.0464342359919101
715.0 0.0742184987757355
716.0 0.04158719093538821
717.0 0.051718176109716296
718.0 0.04023943038191646
719.0 0.04569773736875504
720.0 1.5892945596715502e-10
721.0 0.004559257649816573
722.0 0.004466780228540301
723.0 0.004374303171061911
724.0 0.003987716991105117
725.0 0.0036011304473504424
726.0 0.0034329470508964732
727.0 0.0032647629268467426
728.0 0.0031314972147811204
729.0 0.002998230957018677
730.0 0.0027902222427655943
731.0 0.0025822135285125114
732.0 0.0024541990569559857
733.0 0.002326185131096281
734.0 0.002228849189123139
735.0 0.002131513429048937
736.0 0.002032193515333347
737.0 0.0019328732378198765
738.0 0.0018435510355629958
739.0 0.0017542290152050555
740.0 0.0017191410734085366
741.0 0.001684052767814137
742.0 0.0016228834283538163
743.0 0.0015617139069945551
744.0 0.0015883140804362483
745.0 0.0016149142538779415
746.0 0.0014762806131329853
747.0 0.001337646972388029
748.0 0.0013573906471719965
749.0 0.0013771344129054341
750.0 0.001325557786913123
751.0 0.0012739811609208118
752.0 0.0011806391739810351
753.0 0.0010872972779907286
754.0 0.0011254590390308294
755.0 0.00116362061817199
756.0 0.0011610826732066926
757.0 0.001158544637291925
758.0 0.0011901358448085375
759.0 0.0012217271432746202
760.0 0.0012439070815162268
761.0 0.0012660872016567737
762.0 0.0011208253454242367
763.0 0.0009755634891916998
764.0 0.0010532840860832948
765.0 0.001131004228227539
766.0 0.0009580571713740937
767.0 0.0007851102054701187
768.0 0.0008236289431806654
769.0 0.0008621476808912121
770.0 0.0008975071978056803
771.0 0.0009328664418717381
772.0 0.001001675809675362
773.0 0.0010704849955800455
774.0 0.0010185694918618537
775.0 0.0009666538971941918
776.0 0.000967036703514168
777.0 0.000967419873632025
778.0 0.0008252540283137932
779.0 0.000683088410369237
780.0 0.0007249434474942973
781.0 0.0007667982572456822
782.0 0.0008142412298184354
783.0 0.0008616842023911886
784.0 0.0008616537343186792
785.0 0.0008616229933977593
786.0 0.0007900347554823384
787.0 0.0007184465175669175
788.0 0.000697485484124627
789.0 0.0006765246325812768
790.0 0.0006276055501075462
791.0 0.0005786862857348751
792.0 0.0005540284291782882
793.0 0.0005293706180964364
794.0 0.0006085286258894484
795.0 0.0006876865427329903
796.0 0.0006367078640323598
797.0 0.0005857291398569942
798.0 0.000621524986854638
799.0 0.0006573209702764871
800.0 0.0006743814992660191
801.0 0.0006914418463566108
802.0 0.000676158424539608
803.0 0.0006608750481973402
804.0 0.0006500192284875084
805.0 0.0006391634542524116
806.0 0.0005821631475555478
807.0 0.0005251629318081541
808.0 0.0005967866854916792
809.0 0.0006684104391752044
810.0 0.0007671296771150082
811.0 0.0008658485057821963
812.0 0.0006989067969698226
813.0 0.0005319648153090384
814.0 0.0006712179128953721
815.0 0.0008104708285827655
816.0 0.0008402693310927134
817.0 0.0008700678336026613
818.0 0.000664175013298518
819.0 0.0004582824203680502
820.0 0.0005922075160924578
821.0 0.0007261325663421303
822.0 0.0006989862868067576
823.0 0.000671840098220855
824.0 0.000623733922111569
825.0 0.0005756279279012233
826.0 0.0006197231869009556
827.0 0.0006638184004259529
828.0 0.0006018981821398484
829.0 0.0005399781457526842
830.0 0.00022448280105891172
831.0 1.5892945596715502e-10
832.0 1.5892945596715502e-10
833.0 1.5892945596715502e-10
834.0 1.5892945596715502e-10
835.0 1.5892945596715502e-10
836.0 1.5892945596715502e-10
837.0 7.33505260086531e-05
838.0 0.0006709470198984491
839.0 0.001268543564947322
840.0 0.0016382251487812027
841.0 0.002007906914514024
842.0 0.0023606447939528152
843.0 0.0027133826733916067
844.0 0.002613129254314117
845.0 0.0025128758352366276
846.0 0.0021112977265147492
847.0 0.0017097192539949901
848.0 0.001587041151651647
849.0 0.001464362685510423
850.0 0.0014602532246499322
851.0 0.0014561439456883818
852.0 0.0014176805052557029
853.0 0.0013792171557724942
854.0 0.0011824859939224552
855.0 0.0009857549230218865
856.0 0.0008294361578009557
857.0 0.00067311743805476
858.0 0.0005398900611908175
859.0 0.0004066628662258154
860.0 0.0003018319148395676
861.0 0.00019700100892805494
862.0 0.0002661514372448437
863.0 0.00033530186556163244
864.0 0.0002789229029076523
865.0 0.0002225439402536722
866.0 0.00024258058601844823
867.0 0.0002626171863084892
868.0 0.00014694858236907749
869.0 3.1279964218811074e-05
870.0 0.00016745204902690602
871.0 0.0003036241423615138
872.0 0.0002736112492129905
873.0 0.00024359837880183477
874.0 0.00028006920729239937
875.0 0.00031654003578296397
876.0 0.00013455265843731468
877.0 1.5892945596715502e-10
878.0 1.1814079670102728e-05
879.0 7.10628967226512e-05
880.0 0.00010593533943392686
881.0 0.00014080781056691194
882.0 0.00015130954125197604
883.0 0.00016181128330572392
884.0 0.00011775413213399588
885.0 7.369698096226784e-05
886.0 0.00011705110409820918
887.0 0.00016040521586546674
888.0 0.00018151351923734182
889.0 0.00020262184534658445
890.0 0.00013491942354448838
891.0 6.721702447975986e-05
892.0 5.857633027517295e-05
893.0 4.993562470190227e-05
894.0 1.5892945596715502e-10
895.0 1.5892945596715502e-10
896.0 1.5892945596715502e-10
897.0 1.5476841497275018e-05
898.0 1.8405481228001008e-05
899.0 2.1334126643068885e-05
900.0 1.5892945596715502e-10
