lsstCam/transmission_sensor/r11_s12/19700101T000000.ecsv
# %ECSV 1.0
# ---
# datatype:
# - {name: amp_name, datatype: string}
# - {name: wavelength, unit: nm, datatype: float32}
# - {name: efficiency, unit: '%', datatype: float64}
# meta: !!omap
# - {MODE: AMP}
# - {TYPE: transmission_sensor}
# - {CALIBDATE: '1970-01-01T00:00:00'}
# - {INSTRUME: LSSTCAM}
# - {OBSTYPE: transmission_sensor}
# - {DETECTOR: 41}
# - {PARQUETFILE: qe_raft_allvalues_nircorrected_20230725.parquet}
# - {CALIBCLS: lsst.ip.isr.IntermediateSensorTransmissionCurve}
# - {CALIB_ID: 'raftName=R11 detectorName=S12 detector=41 calibDate=1970-01-01T00:00:00 ccd=41 ccdnum=41 filter=None'}
# - {DATE: '2024-01-18T22:42:25.116875'}
# - {CALIB_CREATION_DATE: '2024-01-18'}
# - {CALIB_CREATION_TIME: '22:42:25'}
# - __serialized_columns__:
#     efficiency:
#       __class__: astropy.units.quantity.Quantity
#       unit: !astropy.units.Unit {unit: '%'}
#       value: !astropy.table.SerializedColumn {name: efficiency}
#     wavelength:
#       __class__: astropy.units.quantity.Quantity
#       unit: !astropy.units.Unit {unit: nm}
#       value: !astropy.table.SerializedColumn {name: wavelength}
# schema: astropy-2.0
amp_name wavelength efficiency
C00 319.992 45.251765240064394
C00 330.006 56.00249796553737
C00 349.994 71.964194879862
C00 370.001 75.36795658329497
C00 400.009 84.12393738812335
C00 429.983 87.05336273460114
C00 449.989 89.00448914740757
C00 469.993 91.07422735957965
C00 500.016 93.86908741568573
C00 549.99 97.38592526200523
C00 569.998 98.36934024446096
C00 599.983 99.29185813912991
C00 630.013 99.73461869740414
C00 649.987 99.65017609579704
C00 670.017 99.68033650315812
C00 699.987 98.91307708472412
C00 720.012 98.6108257558189
C00 749.995 98.53783886958874
C00 770.007 98.4903310324524
C00 800.008 97.53769061002785
C00 830.013 95.63948896768608
C00 869.994 90.63012635556638
C00 900.005 82.30284312132186
C00 919.989 73.5537006967303
C00 959.989 52.09796191898288
C00 1000.013 25.864252678262943
C00 1030.002 9.422246635857295
C00 1049.996 3.996141633479404
C00 1080.005 0.560321095985079
C00 1100.007 0.11783787168085601
C01 319.992 45.48617618189878
C01 330.006 56.286325045760215
C01 349.994 72.31631445292732
C01 370.001 75.72798909244918
C01 400.009 84.34999108527265
C01 429.983 87.20623528273266
C01 449.989 89.13429553943311
C01 469.993 91.1865418196132
C01 500.016 93.96234094915785
C01 549.99 97.4539769351808
C01 569.998 98.43696068464418
C01 599.983 99.35157593119813
C01 630.013 99.79014646913446
C01 649.987 99.70458122999283
C01 670.017 99.7339683031725
C01 699.987 98.96612590505727
C01 720.012 98.66538325722836
C01 749.995 98.59059353624978
C01 770.007 98.53958714124269
C01 800.008 97.59049479643402
C01 830.013 95.69264394989169
C01 869.994 90.72570058382273
C01 900.005 82.33965580915297
C01 919.989 73.7269376665888
C01 959.989 52.158093344235056
C01 1000.013 25.865532731116883
C01 1030.002 9.4009821330528
C01 1049.996 3.975228132245181
C01 1080.005 0.5606210737835127
C01 1100.007 0.11790095826740826
C02 319.992 45.70555152359002
C02 330.006 56.55903883288282
C02 349.994 72.6534467694741
C02 370.001 76.0327575848485
C02 400.009 84.5025306165258
C02 429.983 87.29438303426969
C02 449.989 89.19848308124409
C02 469.993 91.23646594544044
C02 500.016 93.99326869404858
C02 549.99 97.46929982847861
C02 569.998 98.44535588002124
C02 599.983 99.35502974465528
C02 630.013 99.79060537633885
C02 649.987 99.70013769291299
C02 670.017 99.72532091603551
C02 699.987 98.95508905303033
C02 720.012 98.64898304154787
C02 749.995 98.57253276763774
C02 770.007 98.52266033064686
C02 800.008 97.57007433834666
C02 830.013 95.67145751490881
C02 869.994 90.73842467271385
C02 900.005 82.26997544605146
C02 919.989 73.84220957960432
C02 959.989 52.15747112625488
C02 1000.013 25.870954131439447
C02 1030.002 9.438228407918123
C02 1049.996 3.978934714182951
C02 1080.005 0.5605183744084972
C02 1100.007 0.11787936015899957
C03 319.992 45.821696525349516
C03 330.006 56.70901717734983
C03 349.994 72.83703890193198
C03 370.001 76.19173932193728
C03 400.009 84.50780915321263
C03 429.983 87.23207826745949
C03 449.989 89.11501714325472
C03 469.993 91.13837422849811
C03 500.016 93.87842620614151
C03 549.99 97.3421423477734
C03 569.998 98.30767768486791
C03 599.983 99.21322732489891
C03 630.013 99.63948196778735
C03 649.987 99.5504559057972
C03 670.017 99.57024544003254
C03 699.987 98.7967518113241
C03 720.012 98.49650374071217
C03 749.995 98.40786327548273
C03 770.007 98.35478004114871
C03 800.008 97.39973653582055
C03 830.013 95.50985427973984
C03 869.994 90.60096824450295
C03 900.005 82.17499796850699
C03 919.989 73.83939595256265
C03 959.989 52.09048831200758
C03 1000.013 25.838609789391555
C03 1030.002 9.431567695772062
C03 1049.996 3.9803078896369097
C03 1080.005 0.5595819981568398
C03 1100.007 0.11768243631412129
C04 319.992 46.00391953045371
C04 330.006 56.94195822628783
C04 349.994 73.1499902761861
C04 370.001 76.48232198781353
C04 400.009 84.68589796534395
C04 429.983 87.35948916889079
C04 449.989 89.2194067442988
C04 469.993 91.2286838296271
C04 500.016 93.95786937802833
C04 549.99 97.40232226007834
C04 569.998 98.36770032278335
C04 599.983 99.27038115064522
C04 630.013 99.69426495569415
C04 649.987 99.59881602508234
C04 670.017 99.62126727411137
C04 699.987 98.84042717484415
C04 720.012 98.53022570086654
C04 749.995 98.44045725982441
C04 770.007 98.38725342957673
C04 800.008 97.42291774857671
C04 830.013 95.55240093287415
C04 869.994 90.57038962945406
C04 900.005 82.33787275262836
C04 919.989 74.05512664702215
C04 959.989 52.06341134305029
C04 1000.013 25.822265271382047
C04 1030.002 9.511830191099365
C04 1049.996 4.004302545336877
C04 1080.005 0.5597673386593933
C04 1100.007 0.11772141419754142
C05 319.992 46.22668610506634
C05 330.006 57.21854925298746
C05 349.994 73.44767281089646
C05 370.001 76.7123654353356
C05 400.009 84.79811412956518
C05 429.983 87.42859201936777
C05 449.989 89.28205230953063
C05 469.993 91.27940840165229
C05 500.016 93.9998454121873
C05 549.99 97.43014382712495
C05 569.998 98.3905388650457
C05 599.983 99.28145145229394
C05 630.013 99.69540093910173
C05 649.987 99.5981919750356
C05 670.017 99.61126240469183
C05 699.987 98.82171023230288
C05 720.012 98.51082864358158
C05 749.995 98.41260696544022
C05 770.007 98.34952453947179
C05 800.008 97.37733867769494
C05 830.013 95.53011890835043
C05 869.994 90.50381483894361
C05 900.005 82.48197343742598
C05 919.989 74.01354427719556
C05 959.989 52.07885143753575
C05 1000.013 25.93559094411239
C05 1030.002 9.561517669483447
C05 1049.996 4.02994477114816
C05 1080.005 0.5596089596623435
C05 1100.007 0.11768810643157468
C06 319.992 46.592810718861244
C06 330.006 57.67237978038913
C06 349.994 74.01030385363279
C06 370.001 77.25229208791876
C06 400.009 85.21475499224064
C06 429.983 87.7995165844878
C06 449.989 89.63847761354077
C06 469.993 91.63207165569587
C06 500.016 94.34924756029508
C06 549.99 97.77955086164823
C06 569.998 98.73975943403288
C06 599.983 99.63076924042171
C06 630.013 100.040754941141
C06 649.987 99.9386827029503
C06 670.017 99.94549554238456
C06 699.987 99.14922675569021
C06 720.012 98.82679314604539
C06 749.995 98.71947385162358
C06 770.007 98.65245529630438
C06 800.008 97.66850322794315
C06 830.013 95.83605284289277
C06 869.994 90.8572785434129
C06 900.005 82.87050888354172
C06 919.989 74.10264728883126
C06 959.989 52.43657084642749
C06 1000.013 26.172392355732548
C06 1030.002 9.613246810108626
C06 1049.996 4.045500513831777
C06 1080.005 0.561353907079649
C06 1100.007 0.11805507617682193
C07 319.992 46.9533059616194
C07 330.006 58.108204144331424
C07 349.994 74.45386047456985
C07 370.001 77.59862023736254
C07 400.009 85.45490659935655
C07 429.983 88.01126185718996
C07 449.989 89.84230625924329
C07 469.993 91.83621508232673
C07 500.016 94.5438616827429
C07 549.99 97.95753678301338
C07 569.998 98.91151490074367
C07 599.983 99.78331015442042
C07 630.013 100.18340737408373
C07 649.987 100.06456788286188
C07 670.017 100.0667014604425
C07 699.987 99.24939012153958
C07 720.012 98.9192831700635
C07 749.995 98.80005615172952
C07 770.007 98.72183095191848
C07 800.008 97.73108793915391
C07 830.013 95.89417197908688
C07 869.994 91.04143026220994
C07 900.005 82.86012257928584
C07 919.989 74.0789665306451
C07 959.989 52.64477616853364
C07 1000.013 26.299264836182484
C07 1030.002 9.667352968652935
C07 1049.996 4.083326102863146
C07 1080.005 0.5618121119904631
C07 1100.007 0.11815143858735924
C10 319.992 44.345417599954665
C10 330.006 54.83809209339474
C10 349.994 70.2621522046346
C10 370.001 73.59926382484272
C10 400.009 83.5022479143706
C10 429.983 86.99955740573033
C10 449.989 89.15994104464403
C10 469.993 91.37356459145474
C10 500.016 94.30618909239026
C10 549.99 97.93890144072326
C10 569.998 98.94544172077107
C10 599.983 99.89058952176003
C10 630.013 100.34101566804797
C10 649.987 100.26028651860686
C10 670.017 100.2894410533144
C10 699.987 99.51838060882208
C10 720.012 99.2178210385973
C10 749.995 99.13781745180802
C10 770.007 99.09560101779034
C10 800.008 98.1380140508724
C10 830.013 96.27743186784275
C10 869.994 91.2608301251145
C10 900.005 82.94726946692639
C10 919.989 74.54920389532342
C10 959.989 52.32293566609395
C10 1000.013 26.08948174277481
C10 1030.002 9.636882706418364
C10 1049.996 4.082876492340247
C10 1080.005 0.5637327903951552
C10 1100.007 0.1185553652947669
C11 319.992 44.60349534010337
C11 330.006 55.15666099265235
C11 349.994 70.67263689925697
C11 370.001 74.0082105710489
C11 400.009 83.71957675749206
C11 429.983 87.12011155610614
C11 449.989 89.2451260282934
C11 469.993 91.43404274863262
C11 500.016 94.33942354091874
C11 549.99 97.94473766037639
C11 569.998 98.94433590202516
C11 599.983 99.88438321504555
C11 630.013 100.32930977280175
C11 649.987 100.24397099328833
C11 670.017 100.27543873606831
C11 699.987 99.50167172897139
C11 720.012 99.19745749989488
C11 749.995 99.118261061203
C11 770.007 99.07777174731059
C11 800.008 98.1227956759626
C11 830.013 96.27897324898987
C11 869.994 91.29254967687513
C11 900.005 83.02327968069028
C11 919.989 74.64906957286657
C11 959.989 52.406868676890944
C11 1000.013 26.146613931853093
C11 1030.002 9.612133879210672
C11 1049.996 4.066137216074296
C11 1080.005 0.5636215877731418
C11 1100.007 0.1185319789179246
C12 319.992 44.50493030833775
C12 330.006 55.03146850457742
C12 349.994 70.47616938296989
C12 370.001 73.73686564433845
C12 400.009 83.15584939733083
C12 429.983 86.43270576258912
C12 449.989 88.50882114493781
C12 469.993 90.65762475970597
C12 500.016 93.51607964344512
C12 549.99 97.06330324586429
C12 569.998 98.04868289845473
C12 599.983 98.9669960650667
C12 630.013 99.39854816241746
C12 649.987 99.31225675482195
C12 670.017 99.33584349937398
C12 699.987 98.56440846814462
C12 720.012 98.26060735381593
C12 749.995 98.1757170597763
C12 770.007 98.1324715618449
C12 800.008 97.18843613096352
C12 830.013 95.37669103789311
C12 869.994 90.46942050840184
C12 900.005 82.36452201826916
C12 919.989 74.06095642438868
C12 959.989 52.0467512818509
C12 1000.013 25.95944008571656
C12 1030.002 9.553216034585757
C12 1049.996 4.0218121102192645
C12 1080.005 0.5582619431633213
C12 1100.007 0.1174048232239619
C13 319.992 44.936441068593716
C13 330.006 55.570525284979034
C13 349.994 71.14093762853717
C13 370.001 74.38542237430039
C13 400.009 83.68607331802521
C13 429.983 86.905601582711
C13 449.989 88.96922288880337
C13 469.993 91.11170751164443
C13 500.016 93.96607347931604
C13 549.99 97.50702869761336
C13 569.998 98.49059665510879
C13 599.983 99.40106802228838
C13 630.013 99.8301165343293
C13 649.987 99.73900172534223
C13 670.017 99.7607654534244
C13 699.987 98.97867629687337
C13 720.012 98.66838009883283
C13 749.995 98.57817534152029
C13 770.007 98.5305322076175
C13 800.008 97.57469841228226
C13 830.013 95.74843590278526
C13 869.994 90.81788222543294
C13 900.005 82.70250781191207
C13 919.989 74.3025884001752
C13 959.989 52.172743431622095
C13 1000.013 26.046082094575322
C13 1030.002 9.579745691840523
C13 1049.996 4.0394361815249304
C13 1080.005 0.5605504579504659
C13 1100.007 0.11788610746215959
C14 319.992 45.067130187464265
C14 330.006 55.73993728883256
C14 349.994 71.3623041238313
C14 370.001 74.57717874354795
C14 400.009 83.73255497785846
C14 429.983 86.87516054139401
C14 449.989 88.90876855344715
C14 469.993 91.0280905301149
C14 500.016 93.85595637458923
C14 549.99 97.3693179497104
C14 569.998 98.3456366059008
C14 599.983 99.25478620254609
C14 630.013 99.67334330101565
C14 649.987 99.57647804087897
C14 670.017 99.59464262160809
C14 699.987 98.80983418989778
C14 720.012 98.49409128322057
C14 749.995 98.40144267601796
C14 770.007 98.34570994013052
C14 800.008 97.38135432084955
C14 830.013 95.56116564920087
C14 869.994 90.6049350774411
C14 900.005 82.58456605221099
C14 919.989 74.04113807453221
C14 959.989 52.157495595501295
C14 1000.013 25.97286641787343
C14 1030.002 9.557364742879395
C14 1049.996 4.019200702576575
C14 1080.005 0.5595454844847709
C14 1100.007 0.11767475733605906
C15 319.992 45.43640407330323
C15 330.006 56.19996336761106
C15 349.994 71.94323102363273
C15 370.001 75.13598029074248
C15 400.009 84.13918407053698
C15 429.983 87.21917877536684
C15 449.989 89.22947017039422
C15 469.993 91.33941222034251
C15 500.016 94.15501415592341
C15 549.99 97.66152702714407
C15 569.998 98.6358952202594
C15 599.983 99.53437918887279
C15 630.013 99.95150877449194
C15 649.987 99.85035330597238
C15 670.017 99.86163163695025
C15 699.987 99.06685122874916
C15 720.012 98.74972187208229
C15 749.995 98.64633189325032
C15 770.007 98.58603728232667
C15 800.008 97.61718209156568
C15 830.013 95.80357050195433
C15 869.994 90.89931941668497
C15 900.005 82.8138448330699
C15 919.989 74.06316971455513
C15 959.989 52.322614070283976
C15 1000.013 26.128504112195344
C15 1030.002 9.58686549677014
C15 1049.996 4.031425540564149
C15 1080.005 0.5609380037257665
C15 1100.007 0.1179676099607583
C16 319.992 45.59254445195846
C16 330.006 56.39032779889633
C16 349.994 72.1670613703977
C16 370.001 75.32909732706923
C16 400.009 84.19050075364399
C16 429.983 87.21643607494464
C16 449.989 89.21062706903959
C16 469.993 91.30285851063645
C16 500.016 94.10899205907297
C16 549.99 97.59733612218179
C16 569.998 98.56513034309803
C16 599.983 99.4550168901323
C16 630.013 99.86531697382614
C16 649.987 99.75763300264147
C16 670.017 99.76282042660353
C16 699.987 98.96022160132527
C16 720.012 98.63575947796812
C16 749.995 98.52326788562695
C16 770.007 98.45395204032508
C16 800.008 97.48204961510528
C16 830.013 95.6699765800812
C16 869.994 90.85291880511708
C16 900.005 82.75102923758816
C16 919.989 73.94623421742757
C16 959.989 52.32609569448762
C16 1000.013 26.19159984162845
C16 1030.002 9.572964054795884
C16 1049.996 4.038111393299706
C16 1080.005 0.5602382063499121
C16 1100.007 0.11782043964365008
C17 319.992 45.988819659452524
C17 330.006 56.87912650018566
C17 349.994 72.72263875835172
C17 370.001 75.83350010221565
C17 400.009 84.56195414316699
C17 429.983 87.53496332852289
C17 449.989 89.51638110441091
C17 469.993 91.605130711904
C17 500.016 94.39874091019263
C17 549.99 97.87392936865166
C17 569.998 98.8377409929812
C17 599.983 99.71537258796727
C17 630.013 100.11301401815898
C17 649.987 100.00185461250157
C17 670.017 100.00112231636116
C17 699.987 99.18457765036985
C17 720.012 98.85183924975479
C17 749.995 98.7273371975563
C17 770.007 98.65008159929879
C17 800.008 97.67095216183668
C17 830.013 95.84852745207847
C17 869.994 91.103169294472
C17 900.005 82.97738083398582
C17 919.989 74.14017196001936
C17 959.989 52.405501894698546
C17 1000.013 26.401566994923613
C17 1030.002 9.674781413294617
C17 1049.996 4.097710033094369
C17 1080.005 0.5613986054111858
C17 1100.007 0.11806447642302667
