lsstCam/transmission_sensor/r11_s12/19700101T000000.ecsv
# %ECSV 1.0
# ---
# datatype:
# - {name: amp_name, datatype: string}
# - {name: wavelength, unit: nm, datatype: float32}
# - {name: efficiency, unit: '%', datatype: float64}
# meta: !!omap
# - {MODE: AMP}
# - {TYPE: transmission_sensor}
# - {CALIBDATE: '1970-01-01T00:00:00'}
# - {INSTRUME: LSSTCam}
# - {OBSTYPE: transmission_sensor}
# - {DETECTOR: 41}
# - {PARQUETFILE: qe_raft_allvalues_nircorrected_20230725_adjust.parquet}
# - {CORRFILE: qe_corr_factor_bydetnum.parquet}
# - {CALIBCLS: lsst.ip.isr.IntermediateSensorTransmissionCurve}
# - {CALIB_ID: 'raftName=R11 detectorName=S12 detector=41 calibDate=1970-01-01T00:00:00 ccd=41 ccdnum=41 filter=None'}
# - {DATE: '2025-03-03T21:56:47.602640'}
# - {CALIB_CREATION_DATE: '2025-03-03'}
# - {CALIB_CREATION_TIME: '21:56:47'}
# - __serialized_columns__:
#     efficiency:
#       __class__: astropy.units.quantity.Quantity
#       unit: !astropy.units.Unit {unit: '%'}
#       value: !astropy.table.SerializedColumn {name: efficiency}
#     wavelength:
#       __class__: astropy.units.quantity.Quantity
#       unit: !astropy.units.Unit {unit: nm}
#       value: !astropy.table.SerializedColumn {name: wavelength}
# schema: astropy-2.0
amp_name wavelength efficiency
C00 319.992 45.27914326195663
C00 330.006 58.02793696004074
C00 349.994 77.34421561879414
C00 370.001 81.71980513134561
C00 400.009 87.53878521134779
C00 429.983 89.81246752074418
C00 449.989 91.27214736778163
C00 469.993 92.9704541902794
C00 500.016 95.1364895558949
C00 549.99 98.09422325185739
C00 569.998 98.93523580623895
C00 599.983 99.61806152476368
C00 630.013 100.30180271139338
C00 649.987 100.27544328265198
C00 670.017 100.55687028348261
C00 699.987 99.87782749101146
C00 720.012 99.5814957615297
C00 749.995 98.69706278190505
C00 770.007 98.25858382303367
C00 800.008 97.03069142115167
C00 830.013 95.76685365590846
C00 869.994 90.74983120171062
C00 900.005 83.81443398477359
C00 919.989 76.93880699948323
C00 959.989 56.38012463450626
C00 1000.013 29.236900095284362
C00 1030.002 12.674622812682927
C00 1049.996 6.2874401464455
C00 1080.005 0.684217601604092
C00 1100.007 0.09307491508378685
C01 319.992 45.51369602605724
C01 330.006 58.322029197298775
C01 349.994 77.72265954119509
C01 370.001 82.11018040251957
C01 400.009 87.77401511921198
C01 429.983 89.97018527377037
C01 449.989 91.40526096975528
C01 469.993 93.08510711311155
C01 500.016 95.23100218041773
C01 549.99 98.1627698719484
C01 569.998 99.00324525083036
C01 599.983 99.67797550760041
C01 630.013 100.35764626579645
C01 649.987 100.33018978849951
C01 670.017 100.61097369190102
C01 699.987 99.93139372393027
C01 720.012 99.63659029657416
C01 749.995 98.74990269302157
C01 770.007 98.30772403246978
C01 800.008 97.08322113233179
C01 830.013 95.82007942548245
C01 869.994 90.84553166501429
C01 900.005 83.85192278196465
C01 919.989 77.1200167233022
C01 959.989 56.44519852848008
C01 1000.013 29.23834706449986
C01 1030.002 12.646018217328722
C01 1049.996 6.254535309899879
C01 1080.005 0.6845839095858
C01 1100.007 0.09312474438401538
C02 319.992 45.73320409324273
C02 330.006 58.60460620764969
C02 349.994 78.08499576445985
C02 370.001 82.44063412500469
C02 400.009 87.93274669642054
C02 429.983 90.06112681609862
C02 449.989 91.4710838830877
C02 469.993 93.13607069290548
C02 500.016 95.26234750569776
C02 549.99 98.17820421024703
C02 569.998 99.01168874178197
C02 599.983 99.6814406678655
C02 630.013 100.35810778277498
C02 649.987 100.32571836990417
C02 670.017 100.60225026442144
C02 699.987 99.9202492237764
C02 720.012 99.62002864631155
C02 749.995 98.73181274063332
C02 770.007 98.29083705056657
C02 800.008 97.06290681942401
C02 830.013 95.79886477617393
C02 869.994 90.85827255996278
C02 900.005 83.78096265505144
C02 919.989 77.24059370833426
C02 959.989 56.44452516764254
C02 1000.013 29.24447540470667
C02 1030.002 12.696121181445468
C02 1049.996 6.260367163277241
C02 1080.005 0.684458501635675
C02 1100.007 0.09310768499489509
C03 319.992 45.84941936453501
C03 330.006 58.76000880993108
C03 349.994 78.28231318741499
C03 370.001 82.61301449941459
C03 400.009 87.93823950505035
C03 429.983 89.99684733659605
C03 449.989 91.38549139819922
C03 469.993 93.03593664026701
C03 500.016 95.14595443688097
C03 549.99 98.05012189992466
C03 569.998 98.87321851651643
C03 599.983 99.53917238484216
C03 630.013 100.20612494564604
C03 649.987 100.1750973861545
C03 670.017 100.44581114040137
C03 699.987 99.76036763704755
C03 720.012 99.4660484242263
C03 749.995 98.56687716469688
C03 770.007 98.12335178247001
C03 800.008 96.89345442977961
C03 830.013 95.63704633130565
C03 869.994 90.72063457842903
C03 900.005 83.6842408017133
C03 919.989 77.23765059186458
C03 959.989 56.37203673860368
C03 1000.013 29.207913424398743
C03 1030.002 12.687161321087544
C03 1049.996 6.262527686919596
C03 1080.005 0.6833150767000465
C03 1100.007 0.09295214357278202
C04 319.992 46.031752617391895
C04 330.006 59.001374623854204
C04 349.994 78.6186607086916
C04 370.001 82.92808684456583
C04 400.009 88.12355748656351
C04 429.983 90.12829645110612
C04 449.989 91.49254063966366
C04 469.993 93.12812654819294
C04 500.016 95.22647023500554
C04 549.99 98.11073950700735
C04 569.998 98.93358645047958
C04 599.983 99.59651397796245
C04 630.013 100.26121948069049
C04 649.987 100.22376094690786
C04 670.017 100.49728163228649
C04 699.987 99.80446898898028
C04 720.012 99.5001023245607
C04 749.995 98.59952381653935
C04 770.007 98.15574876119294
C04 800.008 96.91651514700227
C04 830.013 95.67964964452116
C04 869.994 90.69001557495129
C04 900.005 83.85010697745892
C04 919.989 77.4633096968132
C04 959.989 56.342734193392594
C04 1000.013 29.18943761355302
C04 1030.002 12.795128867851485
C04 1049.996 6.300280343202891
C04 1080.005 0.6835413991338186
C04 1100.007 0.09298293047632777
C05 319.992 46.25465396924746
C05 330.006 59.28796910167403
C05 349.994 78.93859789674775
C05 370.001 83.1775178568352
C05 400.009 88.24032884798567
C05 429.983 90.19958947551204
C05 449.989 91.55678228990568
C05 469.993 93.17990724001446
C05 500.016 95.26901302140419
C05 549.99 98.13876342321232
C05 569.998 98.95655637747697
C05 599.983 99.60762064885579
C05 630.013 100.26236192435867
C05 649.987 100.22313298118297
C05 670.017 100.48718878557551
C05 699.987 99.78556949041656
C05 720.012 99.48051433345522
C05 749.995 98.57162851982018
C05 770.007 98.11810864695974
C05 800.008 96.87117299532397
C05 830.013 95.6573379466571
C05 869.994 90.62335285203497
C05 900.005 83.99685424492971
C05 919.989 77.41981361304904
C05 959.989 56.35944337777129
C05 1000.013 29.317540729968695
C05 1030.002 12.861967496829303
C05 1049.996 6.340625249564407
C05 1080.005 0.6833479998520811
C05 1100.007 0.09295662214739442
C06 319.992 46.62100009412902
C06 330.006 59.758213290617384
C06 349.994 79.54329106056169
C06 370.001 83.76294836118426
C06 400.009 88.67388243713528
C06 429.983 90.582270275093
C06 449.989 91.92228860520335
C06 469.993 93.53991318083021
C06 500.016 95.62313272928056
C06 549.99 98.49071173153393
C06 569.998 99.3077859298484
C06 599.983 99.95808605016438
C06 630.013 100.6096799311907
C06 649.987 100.56576015970853
C06 670.017 100.82436098473181
C06 699.987 100.11628045187332
C06 720.012 99.79958901437115
C06 749.995 98.8789912616742
C06 770.007 98.42032660938088
C06 800.008 97.16082407739509
C06 830.013 95.96367929847665
C06 869.994 90.97728341360866
C06 900.005 84.39252561257868
C06 919.989 77.51301734515735
C06 959.989 56.74656533253916
C06 1000.013 29.58522057752058
C06 1030.002 12.931552530122026
C06 1049.996 6.365100308265364
C06 1080.005 0.6854787847633561
C06 1100.007 0.0932464752938405
C07 319.992 46.98171344211679
C07 330.006 60.20980008826445
C07 349.994 80.02000783598272
C07 370.001 84.13846429881971
C07 400.009 88.9237825322353
C07 429.983 90.8007266888356
C07 449.989 92.1313104013683
C07 469.993 93.74830701127026
C07 500.016 95.82037449371462
C07 549.99 98.66999216306557
C07 569.998 99.48052946515944
C07 599.983 100.11112810658834
C07 630.013 100.75314361884696
C07 649.987 100.69243522153899
C07 670.017 100.94663272063588
C07 699.987 100.21742076284205
C07 720.012 99.89298945863425
C07 749.995 98.95970377195356
C07 770.007 98.48953902445733
C07 800.008 97.22308347438505
C07 830.013 96.02187583288504
C07 869.994 91.16167836116475
C07 900.005 84.38194855133285
C07 919.989 77.48824674535845
C07 959.989 56.97188397414297
C07 1000.013 29.72863697860118
C07 1030.002 13.004335081661546
C07 1049.996 6.424614246671923
C07 1080.005 0.6860383065578536
C07 1100.007 0.09332258769344597
C10 319.992 44.37224726742577
C10 330.006 56.821418090361504
C10 349.994 75.51492876461694
C10 370.001 79.8020507684792
C10 400.009 86.89185946107159
C10 429.983 89.75695686383382
C10 449.989 91.43155987167982
C10 469.993 93.27602382518401
C10 500.016 95.57949289432636
C10 549.99 98.65122128398767
C10 569.998 99.5146514581628
C10 599.983 100.21875991866501
C10 630.013 100.9116482204923
C10 649.987 100.88938191774088
C10 670.017 101.1713309623669
C10 699.987 100.48903485348967
C10 720.012 100.19446596754888
C10 749.995 99.29801084892593
C10 770.007 98.8624296114116
C10 800.008 97.62789439137948
C10 830.013 96.40564611516943
C10 869.994 91.38136800880082
C10 900.005 84.47069599655002
C10 919.989 77.98012548840228
C10 959.989 56.62358997238913
C10 1000.013 29.49149858454294
C10 1030.002 12.963347077870921
C10 1049.996 6.423906839499902
C10 1080.005 0.6883836795608116
C10 1100.007 0.09364163150725366
C11 319.992 44.63048114862185
C11 330.006 57.151508651945484
C11 349.994 75.95610116683848
C11 370.001 80.24546266292445
C11 400.009 87.11801034640719
C11 429.983 89.88133190662369
C11 449.989 91.51891520010928
C11 469.993 93.33776117837857
C11 500.016 95.61317606790752
C11 549.99 98.65709995107495
C11 569.998 99.51353927790305
C11 599.983 100.21253322238081
C11 630.013 100.89987575461353
C11 649.987 100.87296401866831
C11 670.017 101.1572055164828
C11 699.987 100.47216300329066
C11 720.012 100.17390198152158
C11 749.995 99.27842285782044
C11 770.007 98.84464229310763
C11 800.008 97.61275512131303
C11 830.013 96.4071895489993
C11 869.994 91.41312945594673
C11 900.005 84.54810222945854
C11 919.989 78.08458720844605
C11 959.989 56.714421809861825
C11 1000.013 29.55608069812979
C11 1030.002 12.93005543713632
C11 1049.996 6.397569635449066
C11 1080.005 0.6882478881514369
C11 1100.007 0.09362315964411096
C12 319.992 44.531856483478755
C12 330.006 57.0217883346419
C12 349.994 75.7449458003793
C12 370.001 79.9512493720327
C12 400.009 86.53139956912942
C12 429.983 89.17213919350544
C12 449.989 90.76385072566522
C12 469.993 92.54517764333504
C12 500.016 94.77871554145077
C12 549.99 97.76925477214996
C12 569.998 98.61273379431847
C12 599.983 99.29213218183865
C12 630.013 99.96382096606162
C12 649.987 99.93540362554707
C12 670.017 100.2093479986437
C12 699.987 99.52575812905614
C12 720.012 99.22783000477976
C12 749.995 98.33435583188704
C12 770.007 97.90156639380025
C12 800.008 96.68325236068594
C12 830.013 95.50370575376878
C12 869.994 90.58891309324311
C12 900.005 83.87724568896736
C12 919.989 77.46940777361158
C12 959.989 56.324704767821196
C12 1000.013 29.34449975248959
C12 1030.002 12.850800299119111
C12 1049.996 6.327829502188146
C12 1080.005 0.68170313513989
C12 1100.007 0.09273286929003942
C13 319.992 44.963628314457125
C13 330.006 57.58034114938021
C13 349.994 76.45941191241624
C13 370.001 80.65446506198629
C13 400.009 87.08314689989733
C13 429.983 89.66002316663669
C13 449.989 91.23598259470933
C13 469.993 93.00871470438538
C13 500.016 95.23478510647132
C13 549.99 98.21620748538137
C13 569.998 99.05718977635452
C13 599.983 99.72763019497981
C13 630.013 100.39784363804188
C13 649.987 100.36482625944616
C13 670.017 100.63800648147996
C13 699.987 99.94406652620978
C13 720.012 99.63961663741702
C13 749.995 98.73746443215737
C13 770.007 98.29869040505382
C13 800.008 97.06750685750518
C13 830.013 95.87594567744183
C13 869.994 90.93783506072184
C13 900.005 84.22143899887911
C13 919.989 77.722160194956
C13 959.989 56.461052771570664
C13 1000.013 29.442439708016984
C13 1030.002 12.886487477777147
C13 1049.996 6.355558823026701
C13 1080.005 0.6844976793933822
C13 1100.007 0.09311301439078205
C14 319.992 45.094396502277554
C14 330.006 57.75588026704485
C14 349.994 76.6973276977785
C14 370.001 80.86238224374358
C14 400.009 87.1315153924185
C14 429.983 89.6286173145398
C14 449.989 91.17398800254313
C14 469.993 92.92335676091223
C14 500.016 95.12318122203837
C14 549.99 98.07749515284841
C14 569.998 98.91139580624923
C14 599.983 99.5808677958048
C14 630.013 100.24017884598044
C14 649.987 100.20128280029745
C14 670.017 100.47042285730602
C14 699.987 99.77357761482668
C14 720.012 99.46361221984779
C14 749.995 98.56044619040577
C14 770.007 98.11430302334983
C14 800.008 96.87516776523655
C14 830.013 95.68842603296548
C14 869.994 90.7246066507853
C14 900.005 84.1013310966777
C14 919.989 77.44867733883792
C14 959.989 56.444551648124914
C14 1000.013 29.359676851816584
C14 1030.002 12.856381060779668
C14 1049.996 6.323720771628192
C14 1080.005 0.6832704892352734
C14 1100.007 0.09294607828815936
C15 319.992 45.463893804561756
C15 330.006 58.23254408150115
C15 349.994 77.32168451121898
C15 370.001 81.46827837804256
C15 400.009 87.55465080321653
C15 429.983 89.98353900273953
C15 449.989 91.50286046193784
C15 469.993 93.24116037867415
C15 500.016 95.42627682330395
C15 549.99 98.37182949737388
C15 569.998 99.20332420980462
C15 599.983 99.86137932853046
C15 630.013 100.51992622764327
C15 649.987 100.47687652915343
C15 670.017 100.73975962646936
C15 699.987 100.03310147380704
C15 720.012 99.72175909374464
C15 749.995 98.80573111572042
C15 770.007 98.35406487662624
C15 800.008 97.10976970737588
C15 830.013 95.9311537002679
C15 869.994 91.01937981473299
C15 900.005 84.33482085855725
C15 919.989 77.47172292435638
C15 959.989 56.62324194319219
C15 1000.013 29.5356093937908
C15 1030.002 12.896064900813318
C15 1049.996 6.34295505914766
C15 1080.005 0.684970918118085
C15 1100.007 0.09317738960418319
C16 319.992 45.62012865057494
C16 330.006 58.42979341178734
C16 349.994 77.56224834481874
C16 370.001 81.67767090096075
C16 400.009 87.60805058738897
C16 429.983 89.98070937405144
C16 449.989 91.48353727565612
C16 469.993 93.20384559608156
C16 500.016 95.37963334506321
C16 549.99 98.30717172526596
C16 569.998 99.13215223903242
C16 599.983 99.78175630095454
C16 630.013 100.43324426005135
C16 649.987 100.38357444096773
C16 670.017 100.64007952495733
C16 699.987 99.92543183246981
C16 720.012 99.60667491734239
C16 749.995 98.68246825319031
C16 770.007 98.22229043047555
C16 800.008 96.97533964713557
C16 830.013 95.79738186916093
C16 869.994 90.97291791694282
C16 900.005 84.27085157899107
C16 919.989 77.34940579333967
C16 959.989 56.62700973754157
C16 1000.013 29.606932681605148
C16 1030.002 12.87736495159892
C16 1049.996 6.353474430771175
C16 1080.005 0.6841163836635608
C16 1100.007 0.09306114628976896
C17 319.992 46.016643610733865
C17 330.006 58.93627046647196
C17 349.994 78.15936052482128
C17 370.001 82.22458365223217
C17 400.009 87.99458240569248
C17 429.983 90.30933216032663
C17 449.989 91.7970813186817
C17 469.993 93.51241130842062
C17 500.016 95.67329432875113
C17 549.99 98.5857766632606
C17 569.998 99.40633115354436
C17 599.983 100.04296734495479
C17 630.013 100.68234994068011
C17 649.987 100.62932844911303
C17 670.017 100.88047690981074
C17 699.987 100.15197614211498
C17 720.012 99.82488165796545
C17 749.995 98.88686731371777
C17 770.007 98.41795849767134
C17 800.008 97.1632602817736
C17 830.013 95.9761705203056
C17 869.994 91.22349893873248
C17 900.005 84.50136039514041
C17 919.989 77.55226898588937
C17 959.989 56.71294268577487
C17 1000.013 29.844279136596334
C17 1030.002 13.014327680832098
C17 1049.996 6.447245601787513
C17 1080.005 0.6855333666547374
C17 1100.007 0.09325390013192349
