lsstCam/transmission_sensor/r11_s12/19700101T000000.ecsv
# %ECSV 1.0
# ---
# datatype:
# - {name: amp_name, datatype: string}
# - {name: wavelength, unit: nm, datatype: float32}
# - {name: efficiency, unit: '%', datatype: float64}
# meta: !!omap
# - {MODE: AMP}
# - {TYPE: transmission_sensor}
# - {CALIBDATE: '1970-01-01T00:00:00'}
# - {INSTRUME: LSSTCAM}
# - {OBSTYPE: transmission_sensor}
# - {DETECTOR: 41}
# - {PARQUETFILE: qe_raft_allvalues_nircorrected_20230725.parquet}
# - {CALIBCLS: lsst.ip.isr.IntermediateSensorTransmissionCurve}
# - {CALIB_ID: 'raftName=R11 detectorName=S12 detector=41 calibDate=1970-01-01T00:00:00 ccd=41 ccdnum=41 filter=None'}
# - {DATE: '2023-08-02T16:57:55.617385'}
# - {CALIB_CREATION_DATE: '2023-08-02'}
# - {CALIB_CREATION_TIME: '16:57:55'}
# - __serialized_columns__:
#     efficiency:
#       __class__: astropy.units.quantity.Quantity
#       unit: !astropy.units.Unit {unit: '%'}
#       value: !astropy.table.SerializedColumn {name: efficiency}
#     wavelength:
#       __class__: astropy.units.quantity.Quantity
#       unit: !astropy.units.Unit {unit: nm}
#       value: !astropy.table.SerializedColumn {name: wavelength}
# schema: astropy-2.0
amp_name wavelength efficiency
C00 319.992 45.659423828125
C00 330.006 58.515289306640625
C00 349.994 77.9937973022461
C00 370.001 82.40613555908203
C00 400.009 88.27398681640625
C00 429.983 90.56676483154297
C00 449.989 92.03870391845703
C00 469.993 93.75127410888672
C00 500.016 95.93550109863281
C00 549.99 98.91807556152344
C00 569.998 99.76615142822266
C00 599.983 100.4547119140625
C00 630.013 101.14419555664062
C00 649.987 101.11761474609375
C00 670.017 101.40140533447266
C00 699.987 100.71665954589844
C00 720.012 100.41783905029297
C00 749.995 99.5259780883789
C00 770.007 99.08381652832031
C00 800.008 97.84561157226562
C00 830.013 96.57115936279297
C00 869.994 91.51200103759766
C00 900.005 84.51835632324219
C00 919.989 77.5849838256836
C00 959.989 56.8536376953125
C00 1000.013 29.48244857788086
C00 1030.002 12.781071662902832
C00 1049.996 6.340245723724365
C00 1080.005 0.6899640587624142
C00 1100.007 0.09385661232570162
C01 319.992 45.89594650268555
C01 330.006 58.811851501464844
C01 349.994 78.37541961669922
C01 370.001 82.79978942871094
C01 400.009 88.51119232177734
C01 429.983 90.7258071899414
C01 449.989 92.17293548583984
C01 469.993 93.86688995361328
C01 500.016 96.03080749511719
C01 549.99 98.98719787597656
C01 569.998 99.83473205566406
C01 599.983 100.51512908935547
C01 630.013 101.20050811767578
C01 649.987 101.17282104492188
C01 670.017 101.45596313476562
C01 699.987 100.77067565917969
C01 720.012 100.47339630126953
C01 749.995 99.57926177978516
C01 770.007 99.13336944580078
C01 800.008 97.8985824584961
C01 830.013 96.62483215332031
C01 869.994 91.60850524902344
C01 900.005 84.55615997314453
C01 919.989 77.76771545410156
C01 959.989 56.91925811767578
C01 1000.013 29.48390769958496
C01 1030.002 12.752226829528809
C01 1049.996 6.307064533233643
C01 1080.005 0.6903334432114898
C01 1100.007 0.09390686012135957
C02 319.992 46.1172981262207
C02 330.006 59.0968017578125
C02 349.994 78.74079895019531
C02 370.001 83.13301849365234
C02 400.009 88.67125701904297
C02 429.983 90.81751251220703
C02 449.989 92.23931121826172
C02 469.993 93.91828155517578
C02 500.016 96.06241607666016
C02 549.99 99.00276184082031
C02 569.998 99.84324645996094
C02 599.983 100.51862335205078
C02 630.013 101.20097351074219
C02 649.987 101.1683120727539
C02 670.017 101.4471664428711
C02 699.987 100.75943756103516
C02 720.012 100.45669555664062
C02 749.995 99.56101989746094
C02 770.007 99.11634063720703
C02 800.008 97.87809753417969
C02 830.013 96.60343933105469
C02 869.994 91.62135314941406
C02 900.005 84.48460388183594
C02 919.989 77.8893051147461
C02 959.989 56.9185791015625
C02 1000.013 29.490087509155273
C02 1030.002 12.802750587463379
C02 1049.996 6.312945365905762
C02 1080.005 0.6902069820124992
C02 1100.007 0.09388965745757272
C03 319.992 46.23448944091797
C03 330.006 59.253509521484375
C03 349.994 78.93977355957031
C03 370.001 83.30684661865234
C03 400.009 88.67679595947266
C03 429.983 90.75269317626953
C03 449.989 92.15299987792969
C03 469.993 93.81730651855469
C03 500.016 95.9450454711914
C03 549.99 98.87360382080078
C03 569.998 99.70361328125
C03 599.983 100.37516021728516
C03 630.013 101.04771423339844
C03 649.987 101.01642608642578
C03 670.017 101.28941345214844
C03 699.987 100.59821319580078
C03 720.012 100.30142211914062
C03 749.995 99.39469909667969
C03 770.007 98.94744873046875
C03 800.008 97.70722198486328
C03 830.013 96.44026184082031
C03 869.994 91.48255920410156
C03 900.005 84.38706970214844
C03 919.989 77.88633728027344
C03 959.989 56.845481872558594
C03 1000.013 29.453218460083008
C03 1030.002 12.793715476989746
C03 1049.996 6.315124034881592
C03 1080.005 0.6890539539295811
C03 1100.007 0.09373280970817952
C04 319.992 46.41835403442383
C04 330.006 59.49690246582031
C04 349.994 79.27894592285156
C04 370.001 83.62456512451172
C04 400.009 88.8636703491211
C04 429.983 90.88524627685547
C04 449.989 92.26094818115234
C04 469.993 93.91027069091797
C04 500.016 96.02623748779297
C04 549.99 98.93473052978516
C04 569.998 99.76448822021484
C04 599.983 100.4329833984375
C04 630.013 101.103271484375
C04 649.987 101.06549835205078
C04 670.017 101.34131622314453
C04 699.987 100.64268493652344
C04 720.012 100.33576202392578
C04 749.995 99.42761993408203
C04 770.007 98.98011779785156
C04 800.008 97.73047637939453
C04 830.013 96.48322296142578
C04 869.994 91.4516830444336
C04 900.005 84.55432891845703
C04 919.989 78.1138916015625
C04 959.989 56.81593322753906
C04 1000.013 29.434587478637695
C04 1030.002 12.902589797973633
C04 1049.996 6.353193759918213
C04 1080.005 0.6892821771507147
C04 1100.007 0.09376385517803787
C05 319.992 46.64312744140625
C05 330.006 59.78590393066406
C05 349.994 79.60157012939453
C05 370.001 83.87609100341797
C05 400.009 88.9814224243164
C05 429.983 90.95713806152344
C05 449.989 92.32572937011719
C05 469.993 93.96248626708984
C05 500.016 96.06913757324219
C05 549.99 98.9629898071289
C05 569.998 99.78765106201172
C05 599.983 100.44418334960938
C05 630.013 101.10442352294922
C05 649.987 101.06486511230469
C05 670.017 101.33113861083984
C05 699.987 100.62362670898438
C05 720.012 100.31600952148438
C05 749.995 99.39949035644531
C05 770.007 98.9421615600586
C05 800.008 97.68475341796875
C05 830.013 96.46072387695312
C05 869.994 91.38446044921875
C05 900.005 84.70230865478516
C05 919.989 78.07003021240234
C05 959.989 56.83278274536133
C05 1000.013 29.563766479492188
C05 1030.002 12.969989776611328
C05 1049.996 6.3938775062561035
C05 1080.005 0.6890871535893849
C05 1100.007 0.09373732589646494
C06 319.992 47.012550354003906
C06 330.006 60.26009750366211
C06 349.994 80.21134185791016
C06 370.001 84.46643829345703
C06 400.009 89.41861724853516
C06 429.983 91.34303283691406
C06 449.989 92.69430541992188
C06 469.993 94.32551574707031
C06 500.016 96.42623138427734
C06 549.99 99.3178939819336
C06 569.998 100.14183044433594
C06 599.983 100.79759216308594
C06 630.013 101.45465850830078
C06 649.987 101.41036987304688
C06 670.017 101.671142578125
C06 699.987 100.95711517333984
C06 720.012 100.63776397705078
C06 749.995 99.70943450927734
C06 770.007 99.24691772460938
C06 800.008 97.97683715820312
C06 830.013 96.76963806152344
C06 869.994 91.74136352539062
C06 900.005 85.10130310058594
C06 919.989 78.16401672363281
C06 959.989 57.2231559753418
C06 1000.013 29.833694458007812
C06 1030.002 13.040159225463867
C06 1049.996 6.418558120727539
C06 1080.005 0.6912358340709837
C06 1100.007 0.09402961339812836
C07 319.992 47.37629318237305
C07 330.006 60.715476989746094
C07 349.994 80.69206237792969
C07 370.001 84.84510803222656
C07 400.009 89.67061614990234
C07 429.983 91.56332397460938
C07 449.989 92.90508270263672
C07 469.993 94.53565979003906
C07 500.016 96.62512969970703
C07 549.99 99.4986801147461
C07 569.998 100.31602478027344
C07 599.983 100.95191955566406
C07 630.013 101.59932708740234
C07 649.987 101.5381088256836
C07 670.017 101.79444122314453
C07 699.987 101.0591049194336
C07 720.012 100.73194885253906
C07 749.995 99.79082489013672
C07 770.007 99.31671142578125
C07 800.008 98.03961944580078
C07 830.013 96.82832336425781
C07 869.994 91.92730712890625
C07 900.005 85.09063720703125
C07 919.989 78.1390380859375
C07 959.989 57.45036697387695
C07 1000.013 29.978315353393555
C07 1030.002 13.113553047180176
C07 1049.996 6.478571891784668
C07 1080.005 0.6918000550547649
C07 1100.007 0.09410636503391033
C10 319.992 44.744911193847656
C10 330.006 57.29863739013672
C10 349.994 76.1491470336914
C10 370.001 80.47227478027344
C10 400.009 87.62162780761719
C10 429.983 90.51078796386719
C10 449.989 92.19945526123047
C10 469.993 94.05941009521484
C10 500.016 96.3822250366211
C10 549.99 99.47975158691406
C10 569.998 100.35043334960938
C10 599.983 101.06045532226562
C10 630.013 101.75916290283203
C10 649.987 101.73670959472656
C10 670.017 102.02102661132812
C10 699.987 101.33300018310547
C10 720.012 101.03595733642578
C10 749.995 100.13197326660156
C10 770.007 99.69273376464844
C10 800.008 98.44783020019531
C10 830.013 97.21531677246094
C10 869.994 92.14884185791016
C10 900.005 85.18013000488281
C10 919.989 78.63504791259766
C10 959.989 57.09914779663086
C10 1000.013 29.739185333251953
C10 1030.002 13.072220802307129
C10 1049.996 6.477858543395996
C10 1080.005 0.694165125863582
C10 1100.007 0.09442808836312858
C11 319.992 45.005313873291016
C11 330.006 57.631500244140625
C11 349.994 76.59402465820312
C11 370.001 80.9194107055664
C11 400.009 87.84967803955078
C11 429.983 90.6362075805664
C11 449.989 92.28754425048828
C11 469.993 94.12166595458984
C11 500.016 96.41619110107422
C11 549.99 99.48567962646484
C11 569.998 100.34931182861328
C11 599.983 101.0541763305664
C11 630.013 101.7472915649414
C11 649.987 101.72015380859375
C11 670.017 102.00678253173828
C11 699.987 101.31598663330078
C11 720.012 101.01522064208984
C11 749.995 100.11222076416016
C11 770.007 99.67479705810547
C11 800.008 98.43256378173828
C11 830.013 97.21687316894531
C11 869.994 92.18087005615234
C11 900.005 85.25818634033203
C11 919.989 78.74038696289062
C11 959.989 57.19074249267578
C11 1000.013 29.804309844970703
C11 1030.002 13.038649559020996
C11 1049.996 6.451300144195557
C11 1080.005 0.694028193999015
C11 1100.007 0.0944094613625414
C12 319.992 44.905860900878906
C12 330.006 57.50069046020508
C12 349.994 76.38109588623047
C12 370.001 80.62272644042969
C12 400.009 87.25814056396484
C12 429.983 89.92105865478516
C12 449.989 91.52613830566406
C12 469.993 93.32242584228516
C12 500.016 95.57472229003906
C12 549.99 98.59037780761719
C12 569.998 99.4409408569336
C12 599.983 100.12604522705078
C12 630.013 100.80337524414062
C12 649.987 100.77471923828125
C12 670.017 101.05096435546875
C12 699.987 100.36163330078125
C12 720.012 100.06120300292969
C12 749.995 99.16022491455078
C12 770.007 98.72380065917969
C12 800.008 97.49525451660156
C12 830.013 96.30580139160156
C12 869.994 91.3497314453125
C12 900.005 84.58169555664062
C12 919.989 78.12004089355469
C12 959.989 56.797752380371094
C12 1000.013 29.590951919555664
C12 1030.002 12.958728790283203
C12 1049.996 6.380974292755127
C12 1080.005 0.6874284743471706
C12 1100.007 0.09351169383254491
C13 319.992 45.34125900268555
C13 330.006 58.063934326171875
C13 349.994 77.1015625
C13 370.001 81.33184814453125
C13 400.009 87.81452178955078
C13 429.983 90.41304016113281
C13 449.989 92.00223541259766
C13 469.993 93.78985595703125
C13 500.016 96.03462219238281
C13 549.99 99.04108428955078
C13 569.998 99.88912963867188
C13 599.983 100.56520080566406
C13 630.013 101.24104309082031
C13 649.987 101.20774841308594
C13 670.017 101.48322296142578
C13 699.987 100.78345489501953
C13 720.012 100.47644805908203
C13 749.995 99.56671905517578
C13 770.007 99.12425994873047
C13 800.008 97.88273620605469
C13 830.013 96.68116760253906
C13 869.994 91.70158386230469
C13 900.005 84.92877960205078
C13 919.989 78.37491607666016
C13 959.989 56.935245513916016
C13 1000.013 29.689714431762695
C13 1030.002 12.994715690612793
C13 1049.996 6.408936500549316
C13 1080.005 0.6902464888077899
C13 1100.007 0.09389503161282435
C14 319.992 45.47312545776367
C14 330.006 58.24094772338867
C14 349.994 77.34147644042969
C14 370.001 81.54151153564453
C14 400.009 87.86329650878906
C14 429.983 90.3813705444336
C14 449.989 91.9397201538086
C14 469.993 93.70378112792969
C14 500.016 95.92208099365234
C14 549.99 98.90120697021484
C14 569.998 99.74211120605469
C14 599.983 100.41720581054688
C14 630.013 101.0820541381836
C14 649.987 101.04283142089844
C14 670.017 101.3142318725586
C14 699.987 100.61153411865234
C14 720.012 100.29896545410156
C14 749.995 99.38821411132812
C14 770.007 98.93832397460938
C14 800.008 97.68878173828125
C14 830.013 96.49207305908203
C14 869.994 91.48656463623047
C14 900.005 84.80766296386719
C14 919.989 78.09913635253906
C14 959.989 56.91860580444336
C14 1000.013 29.60625648498535
C14 1030.002 12.964356422424316
C14 1049.996 6.3768310546875
C14 1080.005 0.68900899199336
C14 1100.007 0.09372669348377081
C15 319.992 45.845726013183594
C15 330.006 58.721614837646484
C15 349.994 77.97107696533203
C15 370.001 82.15249633789062
C15 400.009 88.28998565673828
C15 429.983 90.73927307128906
C15 449.989 92.27135467529297
C15 469.993 94.02425384521484
C15 500.016 96.22772216796875
C15 549.99 99.19801330566406
C15 569.998 100.03649139404297
C15 599.983 100.7000732421875
C15 630.013 101.36415100097656
C15 649.987 101.32073974609375
C15 670.017 101.58583068847656
C15 699.987 100.87323760986328
C15 720.012 100.55928039550781
C15 749.995 99.63555908203125
C15 770.007 99.18009948730469
C15 800.008 97.92535400390625
C15 830.013 96.7368392944336
C15 869.994 91.7838134765625
C15 900.005 85.0431137084961
C15 919.989 78.12237548828125
C15 959.989 57.09879684448242
C15 1000.013 29.783666610717773
C15 1030.002 13.004373550415039
C15 1049.996 6.39622688293457
C15 1080.005 0.6907237020663994
C15 1100.007 0.09395994748668934
C16 319.992 46.003273010253906
C16 330.006 58.9205207824707
C16 349.994 78.21366119384766
C16 370.001 82.3636474609375
C16 400.009 88.34383392333984
C16 429.983 90.73641967773438
C16 449.989 92.25186920166016
C16 469.993 93.98662567138672
C16 500.016 96.1806869506836
C16 549.99 99.1328125
C16 569.998 99.9647216796875
C16 599.983 100.61978149414062
C16 630.013 101.27674102783203
C16 649.987 101.22665405273438
C16 670.017 101.48531341552734
C16 699.987 100.76466369628906
C16 720.012 100.44322967529297
C16 749.995 99.51126098632812
C16 770.007 99.0472183227539
C16 800.008 97.789794921875
C16 830.013 96.60194396972656
C16 869.994 91.7369613647461
C16 900.005 84.97860717773438
C16 919.989 77.99903106689453
C16 959.989 57.102596282958984
C16 1000.013 29.855588912963867
C16 1030.002 12.985516548156738
C16 1049.996 6.406834602355957
C16 1080.005 0.6898619907347798
C16 1100.007 0.09384272789334769
C17 319.992 46.40311813354492
C17 330.006 59.431251525878906
C17 349.994 78.81578826904297
C17 370.001 82.91515350341797
C17 400.009 88.73361206054688
C17 429.983 91.06780242919922
C17 449.989 92.56804656982422
C17 469.993 94.29778289794922
C17 500.016 96.47681427001953
C17 549.99 99.41375732421875
C17 569.998 100.24120330810547
C17 599.983 100.88318634033203
C17 630.013 101.52793884277344
C17 649.987 101.47447204589844
C17 670.017 101.72772979736328
C17 699.987 100.99311065673828
C17 720.012 100.66326904296875
C17 749.995 99.71737670898438
C17 770.007 99.2445297241211
C17 800.008 97.97929382324219
C17 830.013 96.78223419189453
C17 869.994 91.9896469116211
C17 900.005 85.21105194091797
C17 919.989 78.20359802246094
C17 959.989 57.18925094604492
C17 1000.013 30.094928741455078
C17 1030.002 13.123629570007324
C17 1049.996 6.5013933181762695
C17 1080.005 0.6912908743728177
C17 1100.007 0.09403710059431766
