lsstCam/transmission_filter_detector/r42_s02/i_39/19700101T000000.ecsv
# %ECSV 1.0
# ---
# datatype:
# - {name: wavelength, unit: nm, datatype: float32}
# - {name: efficiency, unit: '%', datatype: float64}
# meta: !!omap
# - {MODE: DETECTOR}
# - {TYPE: transmission_filter_detector}
# - {CALIBDATE: '1970-01-01T00:00:00'}
# - {INSTRUME: LSSTCam}
# - {OBSTYPE: transmission_filter_detector}
# - {CALIBCLS: lsst.ip.isr.IntermediateFilterDetectorTransmissionCurve}
# - {SOURCE: Materion (DM-46256)}
# - {DETECTOR: 173}
# - {FILTER: i_39}
# - {CALIB_ID: 'calibDate=1970-01-01T00:00:00 filter=i_39 detector=173'}
# - {DATE: '2025-04-02T15:59:47.280089'}
# - {CALIB_CREATION_DATE: '2025-04-02'}
# - {CALIB_CREATION_TIME: '15:59:47'}
# - __serialized_columns__:
#     efficiency:
#       __class__: astropy.units.quantity.Quantity
#       unit: !astropy.units.Unit {unit: '%'}
#       value: !astropy.table.SerializedColumn {name: efficiency}
#     wavelength:
#       __class__: astropy.units.quantity.Quantity
#       unit: !astropy.units.Unit {unit: nm}
#       value: !astropy.table.SerializedColumn {name: wavelength}
# schema: astropy-2.0
wavelength efficiency
300.0 0.0658414326608181
301.0 0.031111331190913916
302.0 1.6079496675119875e-10
303.0 0.004957322744303383
304.0 0.01353339321212843
305.0 0.01104131224565208
306.0 0.008549227641196921
307.0 0.01455487945349887
308.0 0.02056052617263049
309.0 0.0065025924413930625
310.0 1.6079496675119875e-10
311.0 1.6079496675119875e-10
312.0 1.6079496675119875e-10
313.0 1.6079496675119875e-10
314.0 1.6079496675119875e-10
315.0 0.002858927291526925
316.0 0.007094369357218966
317.0 0.004017166429548524
318.0 0.0009399640475749038
319.0 0.0020967121599824168
320.0 0.003253458271501586
321.0 0.0011354096386639867
322.0 1.6079496675119875e-10
323.0 1.6079496675119875e-10
324.0 0.00084412013166002
325.0 0.0009564294487063307
326.0 0.0010687397661968134
327.0 0.0007177533007052261
328.0 0.00036676781292044325
329.0 0.0004095586518815253
330.0 0.0004523497409536503
331.0 0.0013414540262601804
332.0 0.0022305579477688298
333.0 0.0009303430488216691
334.0 1.6079496675119875e-10
335.0 0.0008646313290228136
336.0 0.002099133598676417
337.0 0.0023593187506776303
338.0 0.0026195033569820225
339.0 0.0007863434802857228
340.0 1.6079496675119875e-10
341.0 1.6079496675119875e-10
342.0 0.0004315833848522743
343.0 0.0006081398169044405
344.0 0.000784696385380812
345.0 0.0008440542842436116
346.0 0.0009034120921569411
347.0 0.000574493560634437
348.0 0.00024557475626352243
349.0 0.00016828166735649575
350.0 9.098860687117849e-05
351.0 1.6079496675119875e-10
352.0 1.6079496675119875e-10
353.0 1.6079496675119875e-10
354.0 7.671562229916162e-05
355.0 0.0009124238204094581
356.0 0.0017481317627243698
357.0 0.0003515422804412083
358.0 1.6079496675119875e-10
359.0 1.6079496675119875e-10
360.0 1.6079496675119875e-10
361.0 0.00031549968753097346
362.0 0.000977686340775108
363.0 0.000510479549120646
364.0 4.327267788539757e-05
365.0 0.00013212353451308445
366.0 0.00022097451619629283
367.0 0.00010854366792045766
368.0 1.6079496675119875e-10
369.0 1.6079496675119875e-10
370.0 1.6079496675119875e-10
371.0 1.6079496675119875e-10
372.0 0.00018944075463878107
373.0 0.000497327528137248
374.0 0.0008052143130043987
375.0 0.0006348485385387903
376.0 0.00046448294597212225
377.0 0.00047826756599533837
378.0 0.0004920520950690843
379.0 0.0002718733867368428
380.0 5.169458177078923e-05
381.0 1.6079496675119875e-10
382.0 1.6079496675119875e-10
383.0 1.6079496675119875e-10
384.0 1.6079496675119875e-10
385.0 6.46327691811166e-05
386.0 0.0002538342414482031
387.0 0.00018568797486295807
388.0 0.00011754159459087532
389.0 0.00012045011317241006
390.0 0.00012335829069343163
391.0 0.00024628525352454744
392.0 0.00036921210266882554
393.0 0.0005897505616303533
394.0 0.0008102891115413513
395.0 0.0007899909178377129
396.0 0.0007696925422351342
397.0 0.00020024217519676313
398.0 1.6079496675119875e-10
399.0 0.0005909665560466237
400.0 0.0015511412129853852
401.0 0.005482798951561563
402.0 0.009414457599632442
403.0 0.006839236448286101
404.0 0.0042640152969397604
405.0 0.00301273466902785
406.0 0.001761453677318059
407.0 0.0022608246581512503
408.0 0.002760195820883382
409.0 0.0033013173379004
410.0 0.0038424379454227164
411.0 0.002739311457844451
412.0 0.0016361847883672453
413.0 0.0030981704185251147
414.0 0.004560155502986163
415.0 0.005401475937105715
416.0 0.006242794916033745
417.0 0.00636772092548199
418.0 0.006492646207334474
419.0 0.004524852556642145
420.0 0.0025570596335455775
421.0 0.0036802983231609687
422.0 0.004803538104170002
423.0 0.0047531102609355
424.0 0.004702681690105237
425.0 0.004972158058080822
426.0 0.005241634062258527
427.0 0.005018983574700542
428.0 0.004796333814738318
429.0 0.003577482857508585
430.0 0.0023586324459756725
431.0 0.0032549771276535466
432.0 0.0041513212636346
433.0 0.0035569788451539353
434.0 0.0029626364266732708
435.0 0.002573884921730496
436.0 0.0021851335986866616
437.0 0.001634195723454468
438.0 0.0010832580301212147
439.0 0.0013801796740153804
440.0 0.0016771013179095462
441.0 0.0012357088053249754
442.0 0.0007943163836898748
443.0 0.0008943561624619178
444.0 0.000994395941233961
445.0 0.0007921533324406482
446.0 0.0005899106781726005
447.0 0.0006412630682461895
448.0 0.0006926155492692487
449.0 0.0005670407517754938
450.0 0.00044146590880700387
451.0 0.00036211654332873877
452.0 0.000282767359749414
453.0 1.592354692547815e-05
454.0 1.6079496675119875e-10
455.0 0.00016520876897629933
456.0 0.0005813376446894836
457.0 0.00047735998123243917
458.0 0.00037338211313908687
459.0 0.0005352322204998927
460.0 0.0006970825324970065
461.0 0.000884875680640107
462.0 0.0010726687833084725
463.0 0.0007716574145888444
464.0 0.00047064627324289177
465.0 0.00028113518055761233
466.0 9.162421861219627e-05
467.0 0.0003916415607818635
468.0 0.0006916588517924538
469.0 0.0006237520665308693
470.0 0.0005558452357945498
471.0 0.0003528244633344002
472.0 0.0001498036908742506
473.0 2.7624338372334023e-05
474.0 1.6079496675119875e-10
475.0 1.6079496675119875e-10
476.0 1.3475010973706958e-05
477.0 0.0003355720764375292
478.0 0.0006576692157977959
479.0 0.0005015938313590595
480.0 0.0003455184923950583
481.0 0.0007002694474067539
482.0 0.0010550204024184495
483.0 0.0022612171960645355
484.0 0.0034674139897106215
485.0 0.004624286157195456
486.0 0.005781158324680291
487.0 0.007620280666742474
488.0 0.009459402645006776
489.0 0.013584621774498373
490.0 0.01770984090398997
491.0 0.021564339112956077
492.0 0.02541884023230523
493.0 0.0278972031082958
494.0 0.030375565984286368
495.0 0.02888018498197198
496.0 0.02738480397965759
497.0 0.023153785150498152
498.0 0.018922766321338713
499.0 0.014291564002633095
500.0 0.009660363139119
501.0 0.00653663300909102
502.0 0.0034129021514672786
503.0 0.0023410231733578257
504.0 0.0012691441042989027
505.0 0.0016569592844462022
506.0 0.0020447741917450912
507.0 0.0022648979211226106
508.0 0.002485021286702249
509.0 0.002255996332678478
510.0 0.0020269713786547072
511.0 0.0019442848497419618
512.0 0.0018615983208292164
513.0 0.002029465395025909
514.0 0.002197332651121542
515.0 0.0019910843548132107
516.0 0.0017848358766059391
517.0 0.001993481782847084
518.0 0.0022021278709871694
519.0 0.001994605736399535
520.0 0.001787083783710841
521.0 0.0017041616956703365
522.0 0.0016212397895287722
523.0 0.00178115824382985
524.0 0.001941076698130928
525.0 0.002469359060341958
526.0 0.002997641422552988
527.0 0.0031627649150323123
528.0 0.0033278887713095173
529.0 0.002953983857878484
530.0 0.0025800785806495696
531.0 0.0025448436645092443
532.0 0.0025096091121667996
533.0 0.002159530049539171
534.0 0.0018094509869115427
535.0 0.0017038419173331931
536.0 0.0015982328477548435
537.0 0.0020541834601317532
538.0 0.0025101344363065436
539.0 0.003201235449523665
540.0 0.003892336826538667
541.0 0.004673218427342363
542.0 0.005454100391943939
543.0 0.005232396142673679
544.0 0.005010692257201299
545.0 0.004295668622944504
546.0 0.003580644988687709
547.0 0.002787213452393189
548.0 0.001993781734199729
549.0 0.0019182965843356214
550.0 0.0018428119801683351
551.0 0.001870270716608502
552.0 0.0018977294530486688
553.0 0.0018498863937566057
554.0 0.0018020436982624233
555.0 0.0014426885172724724
556.0 0.0010833334272319917
557.0 0.0009321192010247614
558.0 0.0007809047929185908
559.0 0.0005940745722909924
560.0 0.00040724448808759917
561.0 0.0006645490884693572
562.0 0.0009218536433763802
563.0 0.0011913110029126983
564.0 0.0014607682714995462
565.0 0.0016069156117737293
566.0 0.0017530628610984422
567.0 0.0016042418792494573
568.0 0.0014554208974004723
569.0 0.0012090272321074735
570.0 0.0009626337487134151
571.0 0.00066820557549363
572.0 0.00037377744774858
573.0 0.00030803194022155367
574.0 0.0002422863644824247
575.0 0.0004527781129581854
576.0 0.0006632697932218434
577.0 0.0005251633410807699
578.0 0.00038705693441443145
579.0 0.000333487446368963
580.0 0.00027991791284875944
581.0 0.0003939327143598348
582.0 0.0005079475613456452
583.0 0.0004687291493610246
584.0 0.00042951082832587417
585.0 0.0003883769295498496
586.0 0.00034724284887488466
587.0 0.0003727982857526513
588.0 0.0003983537226304179
589.0 0.0006168138952489244
590.0 0.0008352742042916361
591.0 0.0006289471912168665
592.0 0.00042262017814209685
593.0 0.00046852146624587476
594.0 0.0005144227998243878
595.0 0.00036702313082059845
596.0 0.00021962350729154423
597.0 0.0003441314220253844
598.0 0.00046863933675922453
599.0 0.0003618800747062778
600.0 0.00025512090360280126
601.0 0.00030833202799840365
602.0 0.0003615432433434762
603.0 0.0003075501126659219
604.0 0.0002535570274631027
605.0 0.000318834145218716
606.0 0.0003841112174995942
607.0 0.000327720681525534
608.0 0.00027133010007673874
609.0 0.00039002561607048847
610.0 0.0005087211320642382
611.0 0.00044824223550676834
612.0 0.0003877633844240336
613.0 0.00033502894893899793
614.0 0.00028229460440343246
615.0 0.0002200970811827574
616.0 0.00015789966028023628
617.0 0.00032376442504755687
618.0 0.0004896292466582963
619.0 0.0003249301471441868
620.0 0.00016023111584217986
621.0 0.0002377995997449034
622.0 0.000315368129122362
623.0 0.0003119786924798973
624.0 0.0003085893695242703
625.0 0.0003554277782313875
626.0 0.0004022661869385047
627.0 0.00041300218072137795
628.0 0.0004237382199789863
629.0 0.00043388154153944924
630.0 0.0004440248176251771
631.0 0.0004927047939418117
632.0 0.000541384633834241
633.0 0.00044402900130080525
634.0 0.00034667341424210463
635.0 0.0003741774207810522
636.0 0.00040168151826946996
637.0 0.0003152113549731439
638.0 0.00022874121441418538
639.0 0.00038498824324051384
640.0 0.0005412352493294748
641.0 0.000568142741030897
642.0 0.0005950501872575842
643.0 0.0004966660071659135
644.0 0.0003982816451753024
645.0 0.0005314571808412438
646.0 0.0006646328529313905
647.0 0.000689882972437772
648.0 0.0007151329555199482
649.0 0.000718410865374608
650.0 0.0007216887297545327
651.0 0.0007495799309253925
652.0 0.0007774709956720471
653.0 0.0008271204933407716
654.0 0.0008767700819589663
655.0 0.0009854849849944003
656.0 0.001094199706130894
657.0 0.0017566828319104388
658.0 0.0024191658667405136
659.0 0.004182938209851272
660.0 0.046053214464336634
661.0 0.09029334178194404
662.0 0.12583296047523618
663.0 0.09840434649959207
664.0 0.14453352196142077
665.0 0.12929781805723906
666.0 0.17062985571101308
667.0 0.17866609850898385
668.0 0.23059509694576263
669.0 0.25468533858656883
670.0 0.3858497831970453
671.0 0.5542455706745386
672.0 0.8361322805285454
673.0 1.3576284982264042
674.0 1.9871223717927933
675.0 2.926512248814106
676.0 3.939366340637207
677.0 5.294607952237129
678.0 6.615852564573288
679.0 7.995752245187759
680.0 9.871765226125717
681.0 11.931312829256058
682.0 14.515462517738342
683.0 17.23431497812271
684.0 20.210851728916168
685.0 23.142826557159424
686.0 26.18354558944702
687.0 29.391855001449585
688.0 32.7192485332489
689.0 36.03313863277435
690.0 39.86315727233887
691.0 44.00230348110199
692.0 48.89909029006958
693.0 54.10460829734802
694.0 59.93803143501282
695.0 65.55240154266357
696.0 71.794593334198
697.0 77.29860544204712
698.0 83.216392993927
699.0 87.75824308395386
700.0 91.18660092353821
701.0 93.96344423294067
702.0 95.85878849029541
703.0 96.94902300834656
704.0 97.40580320358276
705.0 97.81209230422974
706.0 97.80864119529724
707.0 97.9853868484497
708.0 98.08531403541565
709.0 98.12617897987366
710.0 97.85863757133484
711.0 98.08698892593384
712.0 97.96499013900757
713.0 98.06210994720459
714.0 98.0965256690979
715.0 98.19138050079346
716.0 98.03059697151184
717.0 98.28013181686401
718.0 98.29565286636353
719.0 98.24614524841309
720.0 98.49169254302979
721.0 98.41074347496033
722.0 98.17001819610596
723.0 97.94847369194031
724.0 97.55789637565613
725.0 97.3361611366272
726.0 97.07567095756531
727.0 96.80233001708984
728.0 96.5506374835968
729.0 96.38564586639404
730.0 96.35708332061768
731.0 96.3898777961731
732.0 96.44537568092346
733.0 96.69461846351624
734.0 97.02650308609009
735.0 97.18939661979675
736.0 97.64136075973511
737.0 97.98687100410461
738.0 98.29556941986084
739.0 98.64152669906616
740.0 98.75885248184204
741.0 98.65116477012634
742.0 98.97598624229431
743.0 98.79064559936523
744.0 98.65038394927979
745.0 98.64857792854309
746.0 98.62537384033203
747.0 98.88687133789062
748.0 98.73804450035095
749.0 98.57534170150757
750.0 98.5893964767456
751.0 98.47764372825623
752.0 98.39539527893066
753.0 98.64261746406555
754.0 98.53467345237732
755.0 98.60485196113586
756.0 98.65908026695251
757.0 98.6443042755127
758.0 98.79082441329956
759.0 98.86056780815125
760.0 98.71805310249329
761.0 98.66348505020142
762.0 98.71888160705566
763.0 98.66509437561035
764.0 98.58723282814026
765.0 98.5521912574768
766.0 98.60678911209106
767.0 98.41555953025818
768.0 98.46150875091553
769.0 98.43565821647644
770.0 98.15942049026489
771.0 98.16834330558777
772.0 98.20147752761841
773.0 98.10783267021179
774.0 97.92364835739136
775.0 98.03585410118103
776.0 97.84550070762634
777.0 97.94776439666748
778.0 97.9527235031128
779.0 98.06762933731079
780.0 97.98396825790405
781.0 98.28364253044128
782.0 98.22943806648254
783.0 98.34473133087158
784.0 98.25193285942078
785.0 98.43485951423645
786.0 98.53895306587219
787.0 98.36852550506592
788.0 98.41563701629639
789.0 98.52637648582458
790.0 98.46950173377991
791.0 98.44713807106018
792.0 98.33422303199768
793.0 98.27364683151245
794.0 98.22340607643127
795.0 98.04723262786865
796.0 98.05901050567627
797.0 98.09083342552185
798.0 97.99264073371887
799.0 97.91077375411987
800.0 97.70243167877197
801.0 97.73752689361572
802.0 97.60146737098694
803.0 97.37945199012756
804.0 97.1864104270935
805.0 96.68223261833191
806.0 96.18935585021973
807.0 95.25747299194336
808.0 94.1633939743042
809.0 92.80725717544556
810.0 91.26959443092346
811.0 89.29030895233154
812.0 86.87178492546082
813.0 84.08669829368591
814.0 80.7465672492981
815.0 77.07789540290833
816.0 73.15873503684998
817.0 68.67026686668396
818.0 63.78347873687744
819.0 59.47748422622681
820.0 54.54714298248291
821.0 50.10691285133362
822.0 45.63278555870056
823.0 41.03202223777771
824.0 36.34962439537048
825.0 32.07331895828247
826.0 27.676624059677124
827.0 23.107069730758667
828.0 18.960019946098328
829.0 14.894770085811615
830.0 10.917893797159195
831.0 7.994911074638367
832.0 5.244593694806099
833.0 3.322743996977806
834.0 1.9876753911376
835.0 1.2061134912073612
836.0 0.6802499294281006
837.0 0.3933959174901247
838.0 0.20654110703617334
839.0 0.12983862543478608
840.0 0.07838458986952901
841.0 0.052405474707484245
842.0 0.03351265622768551
843.0 0.010062683577416465
844.0 1.6079496675119875e-10
845.0 0.024310752633027732
846.0 0.00907491848920472
847.0 1.6079496675119875e-10
848.0 1.6079496675119875e-10
849.0 1.6079496675119875e-10
850.0 0.00726631042198278
851.0 0.0017251726603717543
852.0 0.0026162078938796185
853.0 0.001815625000745058
854.0 0.0010150420166610274
855.0 0.0008522363714291714
856.0 0.0006894306807225803
857.0 0.0005208355105423834
858.0 0.000352240317624819
859.0 0.00037306265312508913
860.0 0.0003938850113627268
861.0 0.00023571540168632055
862.0 7.754552484584565e-05
863.0 0.00012089533356629545
864.0 0.00016424517070845468
865.0 0.00019420815533521818
866.0 0.00022417116269934922
867.0 9.110030987358186e-05
868.0 1.6079496675119875e-10
869.0 1.99846041937235e-05
870.0 8.193980534088041e-05
871.0 6.006747810261004e-06
872.0 1.6079496675119875e-10
873.0 2.9652457556039735e-05
874.0 0.00012923120493724127
875.0 0.00010803943268911098
876.0 8.684766044098069e-05
877.0 9.260139677280677e-06
878.0 1.6079496675119875e-10
879.0 1.9321758770729502e-05
880.0 0.00010697094694478437
881.0 0.00014717139720232808
882.0 0.0001873718815659231
883.0 9.357266890219762e-05
884.0 1.6079496675119875e-10
885.0 0.00013175163076084573
886.0 0.00026372974843980046
887.0 0.00019316760244691977
888.0 0.00012260542234798777
889.0 0.0001523617129350896
890.0 0.0001821180148908752
891.0 4.8765724613986094e-05
892.0 1.6079496675119875e-10
893.0 1.3422745581692652e-06
894.0 8.727109275241673e-05
895.0 8.43820544105256e-05
896.0 8.149303312166012e-05
