lsstCam/transmission_filter_detector/r42_s02/i_39/19700101T000000.ecsv
# %ECSV 1.0
# ---
# datatype:
# - {name: wavelength, unit: nm, datatype: float32}
# - {name: efficiency, unit: '%', datatype: float64}
# meta: !!omap
# - {MODE: DETECTOR}
# - {TYPE: transmission_filter_detector}
# - {CALIBDATE: '1970-01-01T00:00:00'}
# - {INSTRUME: LSSTCam}
# - {OBSTYPE: transmission_filter_detector}
# - {CALIBCLS: lsst.ip.isr.IntermediateFilterDetectorTransmissionCurve}
# - {SOURCE: Materion (DM-46256)}
# - {DETECTOR: 173}
# - {FILTER: i_39}
# - {CALIB_ID: 'calibDate=1970-01-01T00:00:00 filter=i_39 detector=173'}
# - {DATE: '2025-04-02T15:59:47.280089'}
# - {CALIB_CREATION_DATE: '2025-04-02'}
# - {CALIB_CREATION_TIME: '15:59:47'}
# - __serialized_columns__:
#     efficiency:
#       __class__: astropy.units.quantity.Quantity
#       unit: !astropy.units.Unit {unit: '%'}
#       value: !astropy.table.SerializedColumn {name: efficiency}
#     wavelength:
#       __class__: astropy.units.quantity.Quantity
#       unit: !astropy.units.Unit {unit: nm}
#       value: !astropy.table.SerializedColumn {name: wavelength}
# schema: astropy-2.0
wavelength efficiency
[from data line 598]
898.0 7.644481456736685e-05
899.0 1.767234607541468e-05
900.0 1.6079496675119875e-10
901.0 0.0001050541982294817
902.0 0.00025120853024418466
903.0 5.9553866549322265e-05
904.0 1.6079496675119875e-10
905.0 1.6079496675119875e-10
906.0 1.144638162031697e-05
907.0 1.6079496675119875e-10
908.0 1.6079496675119875e-10
909.0 1.6079496675119875e-10
910.0 1.6079496675119875e-10
911.0 1.6079496675119875e-10
912.0 1.6079496675119875e-10
913.0 4.146863261667022e-05
914.0 0.00014674702697448083
915.0 0.00013917506294092163
916.0 0.00013160309890736244
917.0 2.040096660493873e-05
918.0 1.6079496675119875e-10
919.0 1.6079496675119875e-10
920.0 1.6079496675119875e-10
921.0 1.6079496675119875e-10
922.0 1.6079496675119875e-10
923.0 8.408022011963112e-06
924.0 0.00021508728877961403
925.0 9.335457775705436e-05
926.0 1.6079496675119875e-10
927.0 1.6079496675119875e-10
928.0 1.6079496675119875e-10
929.0 2.8841437682558535e-06
930.0 9.17067836780916e-05
931.0 1.6079496675119875e-10
932.0 1.6079496675119875e-10
933.0 1.6079496675119875e-10
934.0 1.6079496675119875e-10
935.0 1.6079496675119875e-10
936.0 1.6079496675119875e-10
937.0 1.6079496675119875e-10
938.0 1.6079496675119875e-10
939.0 1.6079496675119875e-10
940.0 1.6079496675119875e-10
941.0 2.3021398476430477e-05
942.0 0.0001854248012023163
943.0 1.6079496675119875e-10
944.0 1.6079496675119875e-10
945.0 1.6079496675119875e-10
946.0 0.00015510569255638984
947.0 0.00010182468486163998
948.0 4.854367716689012e-05
949.0 7.268324679898797e-05
950.0 9.682277095635072e-05
951.0 5.663397928401537e-05
952.0 1.644517766408171e-05
953.0 1.6079496675119875e-10
954.0 1.6079496675119875e-10
955.0 0.00012760585832438665
956.0 0.00033295141292910557
957.0 0.00019536098534445046
958.0 5.7770603234530427e-05
959.0 0.0001920202066685306
960.0 0.0003262698328398983
961.0 0.00022695624011248583
962.0 0.00012764264738507336
963.0 0.00012203336154925637
964.0 0.00011642408708212315
965.0 7.621072768415615e-05
966.0 3.599737681270199e-05
967.0 1.6079496675119875e-10
968.0 1.6079496675119875e-10
969.0 1.6079496675119875e-10
970.0 1.6152645798683807e-05
971.0 1.6079496675119875e-10
972.0 1.6079496675119875e-10
973.0 1.6079496675119875e-10
974.0 1.6079496675119875e-10
975.0 5.1240846232758486e-05
976.0 0.00017832563798947376
977.0 6.895375008753035e-05
978.0 1.6079496675119875e-10
979.0 5.07357128753938e-05
980.0 0.00014188957493388443
981.0 0.00010719221563704195
982.0 7.249486202454136e-05
983.0 9.0407968400541e-05
984.0 0.00010832111456693383
985.0 2.719160647757235e-05
986.0 1.6079496675119875e-10
987.0 1.6079496675119875e-10
988.0 1.6079496675119875e-10
989.0 1.5455441371159395e-05
990.0 7.962736958688765e-05
991.0 0.00011137695992147201
992.0 0.0001431265786777658
993.0 0.00011702076108122128
994.0 9.091490369428357e-05
995.0 0.00017487166132923448
996.0 0.00025882839054247597
997.0 0.0001189151930702792
998.0 1.6079496675119875e-10
999.0 1.6079496675119875e-10
1000.0 1.6079496675119875e-10
1001.0 5.467877031151147e-05
1002.0 0.00017140905583801214
1003.0 0.00019421352135395864
1004.0 0.00021701803234464023
1005.0 0.0002152970864699455
1006.0 0.00021357623154472094
1007.0 0.0002102976395690348
1008.0 0.00020701913854281884
1009.0 0.00020686420612037182
1010.0 0.00020670936464739498
1011.0 0.0002707409066715627
1012.0 0.0003347724941704655
1013.0 0.00023726070139673539
1014.0 0.00013974891999168904
1015.0 7.215060691123654e-05
1016.0 4.5523183445084214e-06
1017.0 0.0002255921344840317
1018.0 0.0004466319296625443
1019.0 0.00031887725526758004
1020.0 0.00019112260360998334
1021.0 0.00017040320017258637
1022.0 0.00014968377399782185
1023.0 0.00018816456304193707
1024.0 0.00022664528387394967
1025.0 0.0003311682121420745
1026.0 0.00043569107219809666
1027.0 0.00044060725485906005
1028.0 0.00044552330109581817
1029.0 0.0006848601060482906
1030.0 0.000924196865526028
1031.0 0.0011350176464475226
1032.0 0.0013458385183184873
1033.0 0.0016970712749753147
1034.0 0.0020483035768847913
1035.0 0.002385837615292985
1036.0 0.0027233714718022384
1037.0 0.0029714145057369024
1038.0 0.003219457357772626
1039.0 0.003319744428154081
1040.0 0.0034200314985355362
1041.0 0.0032762389309937134
1042.0 0.0031324463634518906
1043.0 0.003165163434459828
1044.0 0.003197880505467765
1045.0 0.0033653330319793895
1046.0 0.0035327859222888947
1047.0 0.003173511504428461
1048.0 0.002814236722770147
1049.0 0.0027194731956114992
1050.0 0.0026247093046549708
1051.0 0.0022908807295607403
1052.0 0.00195705215446651
1053.0 0.0019834602426271886
1054.0 0.0020098683307878673
1055.0 0.001468163372919662
1056.0 0.0009264584150514565
1057.0 0.0011217450264666695
1058.0 0.0013170315469324123
1059.0 0.001060479917214252
1060.0 0.0008039282874960918
1061.0 0.000968272979662288
1062.0 0.0011326176718284842
1063.0 0.0014284934877650812
1064.0 0.0017243692127522081
1065.0 0.0022945585442357697
1066.0 0.0028647480576182716
1067.0 0.0034753495128825307
1068.0 0.004085951513843611
1069.0 0.004025288944831118
1070.0 0.003964626739616506
1071.0 0.0038692371163051575
1072.0 0.0037738482205895707
1073.0 0.003354470754857175
1074.0 0.0029350934710237198
1075.0 0.0031853622203925624
1076.0 0.0034356311516603455
1077.0 0.003812241629930213
1078.0 0.0041888517444022
1079.0 0.003615097375586629
1080.0 0.0030413428248721175
1081.0 0.002440406387904659
1082.0 0.00183946976903826
1083.0 0.001750716364767868
1084.0 0.0016619629604974762
1085.0 0.0012373102435958572
1086.0 0.0008126577085931785
1087.0 0.0006154994935059221
1088.0 0.0004183415057923412
1089.0 1.6079496675119875e-10
1090.0 1.6079496675119875e-10
1091.0 2.9091881970089162e-05
1092.0 0.0011559739505173638
1093.0 0.0009112358384300023
1094.0 0.0006664975899184356
1095.0 0.0001278258309866942
1096.0 1.6079496675119875e-10
1097.0 1.6079496675119875e-10
1098.0 1.6079496675119875e-10
1099.0 0.0003811187298197183
1100.0 0.001393870115862228
