ts8/transmission_sensor/rtm-020_s22/19700101T000000.ecsv
# %ECSV 0.9
# ---
# datatype:
# - {name: amp_name, datatype: string}
# - {name: wavelength, unit: nm, datatype: float32}
# - {name: efficiency, unit: '%', datatype: float32}
# meta: !!omap
# - {MODE: AMP}
# - {TYPE: QE}
# - {CALIBDATE: '1970-01-01T00:00:00'}
# - {INSTRUME: TS8}
# - {OBSTYPE: qe_curve}
# - {DETECTOR: 152}
# - {PICKLEFILE: RaftRun10669.p}
# - {CALIB_ID: 'raftName=RTM-020 detectorName=S22 detector=152 calibDate=1970-01-01T00:00:00 ccd=152 ccdnum=152 filter=None'}
# - {DATE: '2020-07-23T19:15:29.870668'}
# - {CALIB_CREATION_DATE: '2020-07-23'}
# - {CALIB_CREATION_TIME: '19:15:29'}
# - __serialized_columns__:
#     efficiency:
#       __class__: astropy.units.quantity.Quantity
#       unit: !astropy.units.Unit {unit: '%'}
#       value: !astropy.table.SerializedColumn {name: efficiency}
#     wavelength:
#       __class__: astropy.units.quantity.Quantity
#       unit: !astropy.units.Unit {unit: nm}
#       value: !astropy.table.SerializedColumn {name: wavelength}
# schema: astropy-2.0
amp_name wavelength efficiency
C17 349.982 73.62661
C17 450.035 87.433136
C17 500.018 90.99461
C17 619.997 96.85516
C17 750.022 98.05282
C17 869.967 92.06453
C17 999.976 27.877428
C13 349.982 72.65407
C13 450.035 87.748795
C13 500.018 91.38513
C13 619.997 97.40823
C13 750.022 98.76013
C13 869.967 92.66397
C13 999.976 27.851404
C10 349.982 72.05133
C10 450.035 87.670815
C10 500.018 91.328705
C10 619.997 97.40666
C10 750.022 98.54791
C10 869.967 92.29529
C10 999.976 27.76912
C02 349.982 73.1018
C02 450.035 88.00261
C02 500.018 91.467155
C02 619.997 97.488266
C02 750.022 98.303986
C02 869.967 91.84919
C02 999.976 27.470705
C00 349.982 72.649704
C00 450.035 87.7677
C00 500.018 91.24039
C00 619.997 97.27778
C00 750.022 97.88713
C00 869.967 91.242165
C00 999.976 27.291176
C11 349.982 72.05402
C11 450.035 87.558464
C11 500.018 91.20355
C11 619.997 97.24791
C11 750.022 98.440865
C11 869.967 92.22855
C11 999.976 27.712925
C05 349.982 73.77642
C05 450.035 88.0083
C05 500.018 91.502045
C05 619.997 97.44182
C05 750.022 98.417564
C05 869.967 92.06062
C05 999.976 27.500921
C06 349.982 73.894745
C06 450.035 87.84075
C06 500.018 91.30545
C06 619.997 97.19838
C06 750.022 98.14918
C06 869.967 91.77071
C06 999.976 27.513983
C14 349.982 71.98853
C14 450.035 86.70012
C14 500.018 90.31401
C14 619.997 96.24478
C14 750.022 97.61015
C14 869.967 91.65664
C14 999.976 27.505342
C04 349.982 73.299614
C04 450.035 87.73143
C04 500.018 91.182396
C04 619.997 97.13114
C04 750.022 98.079666
C04 869.967 91.74932
C04 999.976 27.451738
C03 349.982 72.29343
C03 450.035 86.760185
C03 500.018 90.18477
C03 619.997 96.1095
C03 750.022 97.00076
C03 869.967 90.71253
C03 999.976 27.150213
C01 349.982 72.705956
C01 450.035 87.75847
C01 500.018 91.204926
C01 619.997 97.22793
C01 750.022 97.94041
C01 869.967 91.389435
C01 999.976 27.321365
C16 349.982 73.01559
C16 450.035 87.12463
C16 500.018 90.69276
C16 619.997 96.56894
C16 750.022 97.90144
C16 869.967 91.96432
C16 999.976 27.749092
C07 349.982 74.42494
C07 450.035 87.944595
C07 500.018 91.4287
C07 619.997 97.2783
C07 750.022 98.04496
C07 869.967 91.598526
C07 999.976 27.653976
C15 349.982 73.12532
C15 450.035 87.61971
C15 500.018 91.244064
C15 619.997 97.17017
C15 750.022 98.51869
C15 869.967 92.534195
C15 999.976 27.819798
C12 349.982 71.55782
C12 450.035 86.717
C12 500.018 90.329475
C12 619.997 96.3091
C12 750.022 97.580215
C12 869.967 91.495674
C12 999.976 27.44079
