lsstCam/transmission_filter_detector/r41_s00/y_10/19700101T000000.ecsv
# %ECSV 1.0
# ---
# datatype:
# - {name: wavelength, unit: nm, datatype: float32}
# - {name: efficiency, unit: '%', datatype: float64}
# meta: !!omap
# - {MODE: DETECTOR}
# - {TYPE: transmission_filter_detector}
# - {CALIBDATE: '1970-01-01T00:00:00'}
# - {INSTRUME: LSSTCam}
# - {OBSTYPE: transmission_filter_detector}
# - {CALIBCLS: lsst.ip.isr.IntermediateFilterDetectorTransmissionCurve}
# - {SOURCE: Materion (DM-46256)}
# - {DETECTOR: 162}
# - {FILTER: y_10}
# - {CALIB_ID: 'calibDate=1970-01-01T00:00:00 filter=y_10 detector=162'}
# - {DATE: '2025-04-02T15:59:51.493872'}
# - {CALIB_CREATION_DATE: '2025-04-02'}
# - {CALIB_CREATION_TIME: '15:59:51'}
# - __serialized_columns__:
#     efficiency:
#       __class__: astropy.units.quantity.Quantity
#       unit: !astropy.units.Unit {unit: '%'}
#       value: !astropy.table.SerializedColumn {name: efficiency}
#     wavelength:
#       __class__: astropy.units.quantity.Quantity
#       unit: !astropy.units.Unit {unit: nm}
#       value: !astropy.table.SerializedColumn {name: wavelength}
# schema: astropy-2.0
wavelength efficiency
[from data line 577]
877.0 0.0018134151105186902
878.0 0.0017988064428209327
879.0 0.0017685772036202252
880.0 0.06871204823255539
881.0 0.0912959745619446
882.0 0.07263475563377142
883.0 0.08732047281228006
884.0 0.057427730644121766
885.0 0.09253284079022706
886.0 0.052968389354646206
887.0 0.09969930397346616
888.0 0.0675867311656475
889.0 0.08350008865818381
890.0 0.06949466769583523
891.0 0.11268041562289
892.0 0.07070605643093586
893.0 0.10462785139679909
894.0 0.07015184964984655
895.0 0.0907400157302618
896.0 0.07035135058686137
897.0 0.11124410666525364
898.0 0.07721987785771489
899.0 0.10759599972516298
900.0 0.10052339639514685
901.0 0.12244249228388071
902.0 0.11935889488086104
903.0 0.14164629392325878
904.0 0.1574273221194744
905.0 0.1726843067444861
906.0 0.207346654497087
907.0 0.25352982338517904
908.0 0.33274542074650526
909.0 0.40521970950067043
910.0 0.5439428612589836
911.0 0.7611090317368507
912.0 1.0907960124313831
913.0 1.6146911308169365
914.0 2.2977283224463463
915.0 3.393188491463661
916.0 4.834847524762154
917.0 6.5253570675849915
918.0 8.625728636980057
919.0 10.788290947675705
920.0 13.828931748867035
921.0 17.00264811515808
922.0 20.059342682361603
923.0 23.526567220687866
924.0 27.25045680999756
925.0 31.412184238433838
926.0 36.61297857761383
927.0 42.48497486114502
928.0 47.97050952911377
929.0 54.18496131896973
930.0 60.02756953239441
931.0 66.18872880935669
932.0 72.27943539619446
933.0 77.8058409690857
934.0 82.32006430625916
935.0 85.89927554130554
936.0 88.96402716636658
937.0 91.33335947990417
938.0 93.07168126106262
939.0 94.13968324661255
940.0 94.9754536151886
941.0 95.35520672798157
942.0 95.80358266830444
943.0 96.02426886558533
944.0 96.4413583278656
945.0 96.5813159942627
946.0 96.8117892742157
947.0 96.90243601799011
948.0 97.08912372589111
949.0 97.06449508666992
950.0 97.14122414588928
951.0 97.13050723075867
952.0 97.18213677406311
953.0 97.32279777526855
954.0 97.31428623199463
955.0 97.33876585960388
956.0 97.54171967506409
957.0 97.69812822341919
958.0 97.91721105575562
959.0 98.04660677909851
960.0 98.20097088813782
961.0 98.27818870544434
962.0 98.42358827590942
963.0 98.49416613578796
964.0 98.59692454338074
965.0 98.63916635513306
966.0 98.77704381942749
967.0 98.85943531990051
968.0 98.82672429084778
969.0 98.80898594856262
970.0 98.8781213760376
971.0 98.90408515930176
972.0 98.9414393901825
973.0 99.01469349861145
974.0 99.04084205627441
975.0 99.00943040847778
976.0 99.06535744667053
977.0 99.03776049613953
978.0 99.10361766815186
979.0 99.08206462860107
980.0 99.08449649810791
981.0 99.00835156440735
982.0 98.96984696388245
983.0 99.00607466697693
984.0 98.95001649856567
985.0 98.95580410957336
986.0 98.81320595741272
987.0 98.87994527816772
988.0 98.73738884925842
989.0 98.73708486557007
990.0 98.65126013755798
991.0 98.65467548370361
992.0 98.7506091594696
993.0 98.65803122520447
994.0 98.6216127872467
995.0 98.65323305130005
996.0 98.58856201171875
997.0 98.70988130569458
998.0 98.74159097671509
999.0 98.7886905670166
1000.0 98.84185791015625
1001.0 98.79956245422363
1002.0 98.9152729511261
1003.0 98.95159006118774
1004.0 99.03009533882141
1005.0 99.02278780937195
1006.0 99.11530017852783
1007.0 99.14507269859314
1008.0 99.12994503974915
1009.0 99.08693432807922
1010.0 99.1330087184906
1011.0 99.12579655647278
1012.0 99.03869032859802
1013.0 99.03543591499329
1014.0 99.00066256523132
1015.0 98.99622797966003
1016.0 98.95445108413696
1017.0 98.9720106124878
1018.0 98.96491169929504
1019.0 98.90861511230469
1020.0 98.94395470619202
1021.0 99.08596277236938
1022.0 98.90893697738647
1023.0 98.96419644355774
1024.0 98.93078207969666
1025.0 98.89395833015442
1026.0 98.9466667175293
1027.0 99.09423589706421
1028.0 98.98056387901306
1029.0 99.08259510993958
1030.0 99.11648035049438
1031.0 99.08303022384644
1032.0 99.06521439552307
1033.0 99.11567568778992
1034.0 99.1450309753418
1035.0 99.20074939727783
1036.0 99.15497303009033
1037.0 99.10934567451477
1038.0 99.04587268829346
1039.0 99.05888438224792
1040.0 98.9483892917633
1041.0 99.03767704963684
1042.0 99.02318120002747
1043.0 98.99163246154785
1044.0 99.015873670578
1045.0 98.68917465209961
1046.0 98.94705414772034
1047.0 98.8402783870697
1048.0 98.88259172439575
1049.0 98.73939156532288
1050.0 98.7834095954895
1051.0 98.77403378486633
1052.0 98.68641495704651
1053.0 98.63336086273193
1054.0 98.79401922225952
1055.0 98.94792437553406
1056.0 98.80566596984863
1057.0 98.90595078468323
1058.0 98.70853424072266
1059.0 98.74908328056335
1060.0 98.90616536140442
1061.0 98.74678254127502
1062.0 98.91889095306396
1063.0 98.67812991142273
1064.0 98.97810816764832
1065.0 98.91246557235718
1066.0 98.94728064537048
1067.0 99.10857677459717
1068.0 99.01981949806213
1069.0 98.66037964820862
1070.0 99.0994930267334
1071.0 98.87770414352417
1072.0 99.01463985443115
1073.0 99.07482862472534
1074.0 98.71000647544861
1075.0 98.69323968887329
1076.0 98.45084547996521
1077.0 98.89576435089111
1078.0 99.08871650695801
1079.0 98.57296347618103
1080.0 99.32905435562134
1081.0 98.64044189453125
1082.0 98.48424792289734
1083.0 98.57699871063232
1084.0 99.05518889427185
1085.0 98.84617924690247
1086.0 98.52640628814697
1087.0 98.64453077316284
1088.0 98.62524271011353
1089.0 98.37256073951721
1090.0 98.60467314720154
1091.0 98.40388298034668
1092.0 98.74093532562256
1093.0 98.68645071983337
1094.0 98.39556217193604
1095.0 98.4153687953949
1096.0 98.49998354911804
1097.0 98.3205258846283
1098.0 97.4658191204071
1099.0 98.67423176765442
1100.0 97.87740111351013
