lsstCam/transmission_filter_detector/r41_s00/y_10/19700101T000000.ecsv
# %ECSV 1.0
# ---
# datatype:
# - {name: wavelength, unit: nm, datatype: float32}
# - {name: efficiency, unit: '%', datatype: float64}
# meta: !!omap
# - {MODE: DETECTOR}
# - {TYPE: transmission_filter_detector}
# - {CALIBDATE: '1970-01-01T00:00:00'}
# - {INSTRUME: LSSTCam}
# - {OBSTYPE: transmission_filter_detector}
# - {CALIBCLS: lsst.ip.isr.IntermediateFilterDetectorTransmissionCurve}
# - {SOURCE: Materion (DM-46256)}
# - {DETECTOR: 162}
# - {FILTER: y_10}
# - {CALIB_ID: 'calibDate=1970-01-01T00:00:00 filter=y_10 detector=162'}
# - {DATE: '2025-04-02T15:59:51.493872'}
# - {CALIB_CREATION_DATE: '2025-04-02'}
# - {CALIB_CREATION_TIME: '15:59:51'}
# - __serialized_columns__:
#     efficiency:
#       __class__: astropy.units.quantity.Quantity
#       unit: !astropy.units.Unit {unit: '%'}
#       value: !astropy.table.SerializedColumn {name: efficiency}
#     wavelength:
#       __class__: astropy.units.quantity.Quantity
#       unit: !astropy.units.Unit {unit: nm}
#       value: !astropy.table.SerializedColumn {name: wavelength}
# schema: astropy-2.0
wavelength efficiency
300.0 0.027593984850682318
301.0 0.020874233450740576
302.0 0.01415448059560731
303.0 0.013417146692518145
304.0 0.01267981278942898
305.0 0.011833006283268332
306.0 0.010986199777107686
307.0 0.007790605741320178
308.0 0.004595014252117835
309.0 0.007109461876098067
310.0 0.009623911319067702
311.0 0.007838402962079272
312.0 0.006052894241292961
313.0 0.007124252442736179
314.0 0.008195608097594231
315.0 0.005543190127355047
316.0 0.0028907716114190407
317.0 0.0035799403121927753
318.0 0.004269109558663331
319.0 0.0035258774005342275
320.0 0.0027826454243040644
321.0 0.0030223436624510214
322.0 0.0032620420824969187
323.0 0.003135733277304098
324.0 0.0030094235626165755
325.0 0.0026790907213580795
326.0 0.002348757698200643
327.0 0.0026836361939786
328.0 0.0030185143259586766
329.0 0.002899438732129056
330.0 0.0027803631382994354
331.0 0.0021164913050597534
332.0 0.0014526193808706012
333.0 0.0015820560292922892
334.0 0.0017114927686634474
335.0 0.0015987654478522018
336.0 0.0014860381270409562
337.0 0.0013732970728597138
338.0 0.0012605562005774118
339.0 0.0008893415724742226
340.0 0.0005181269898457685
341.0 0.0010135879165318329
342.0 0.0015090488886926323
343.0 0.001517814234830439
344.0 0.0015265795809682459
345.0 0.0010815750101755839
346.0 0.0006365703939081868
347.0 0.0008819331924314611
348.0 0.0011272960364294704
349.0 0.0013489820958056953
350.0 0.00157066806423245
351.0 0.0014969447875046171
352.0 0.0014232216926757246
353.0 0.0013347672393138055
354.0 0.001246312604052946
355.0 0.0014781198842683807
356.0 0.0017099273463827558
357.0 0.0011074815120082349
358.0 0.0005050357685831841
359.0 0.0006343027962429915
360.0 0.0007635697329533286
361.0 0.0009085864803637378
362.0 0.001053603227774147
363.0 0.001006372713163728
364.0 0.0009591421985533088
365.0 0.0009998725545301568
366.0 0.001040603092405945
367.0 0.0014125566849543247
368.0 0.0017845102775027044
369.0 0.0013770531950285658
370.0 0.0009695963854028378
371.0 0.0011485984032333363
372.0 0.0013276004210638348
373.0 0.001639814581722021
374.0 0.0019520281057339162
375.0 0.002705718179640826
376.0 0.0034594082535477355
377.0 0.0038552010664716363
378.0 0.004250993879395537
379.0 0.004071000148542225
380.0 0.0038910064176889136
381.0 0.0032512783946003765
382.0 0.0026115505534107797
383.0 0.0018126946088159457
384.0 0.0010138390280189924
385.0 0.0007881268174969591
386.0 0.0005624145160254557
387.0 0.0005093264007882681
388.0 0.0004562382400763454
389.0 0.0003763766699194093
390.0 0.00029651509976247326
391.0 0.00042560336623864714
392.0 0.0005546916781895561
393.0 0.000695792141414131
394.0 0.000836892650113441
395.0 0.0007662326424906496
396.0 0.0006955727258173283
397.0 0.0007950511644594371
398.0 0.0008945296031015459
399.0 0.0010894659681071062
400.0 0.0012844022421631962
401.0 0.0015937866919557564
402.0 0.0019031707779504359
403.0 0.0018978857042384334
404.0 0.0018926004486274906
405.0 0.001878627335827332
406.0 0.0018646545868250541
407.0 0.0018632656065165065
408.0 0.001861876626207959
409.0 0.0016526668332517147
410.0 0.00144345676744706
411.0 0.0009239565770258196
412.0 0.00040445643207931425
413.0 0.0007608733085362474
414.0 0.0011172903214173857
415.0 0.0006041282631485956
416.0 9.096598319047189e-05
417.0 0.0002241582706119516
418.0 0.00035735049550567055
419.0 0.0004033126970170997
420.0 0.0004492749212658964
421.0 1.6608260990438883e-10
422.0 1.6608260990438883e-10
423.0 9.14253234896023e-05
424.0 0.0006340590971376514
425.0 1.6608260990438883e-10
426.0 1.6608260990438883e-10
427.0 1.896443819759952e-05
428.0 0.000694587106409017
429.0 0.0003580488510124269
430.0 2.1510608405606035e-05
431.0 1.6608260990438883e-10
432.0 1.6608260990438883e-10
433.0 1.6608260990438883e-10
434.0 1.6608260990438883e-10
435.0 0.00038056407447584206
436.0 0.0007639372597623151
437.0 0.0004969703240931267
438.0 0.00023000341116130585
439.0 0.00014775678209844045
440.0 6.551022124767769e-05
441.0 1.6608260990438883e-10
442.0 1.6608260990438883e-10
443.0 1.6608260990438883e-10
444.0 0.00025791059670154937
445.0 0.00019497799712553388
446.0 0.00013204523838794557
447.0 1.6608260990438883e-10
448.0 1.6608260990438883e-10
449.0 1.6608260990438883e-10
450.0 1.6608260990438883e-10
451.0 1.6608260990438883e-10
452.0 4.4433238599594915e-05
453.0 1.6608260990438883e-10
454.0 1.6608260990438883e-10
455.0 8.636244785975578e-06
456.0 0.00016230948176598758
457.0 1.6608260990438883e-10
458.0 1.6608260990438883e-10
459.0 1.6608260990438883e-10
460.0 1.6608260990438883e-10
461.0 1.6608260990438883e-10
462.0 1.6608260990438883e-10
463.0 0.00017349718746118015
464.0 0.0006054303412383888
465.0 0.0006612689958274132
466.0 0.0007171077413659077
467.0 0.0007694837222516071
468.0 0.0008218597940867767
469.0 0.0011504649592097849
470.0 0.001479070124332793
471.0 0.001535832416266203
472.0 0.0015925945263006724
473.0 0.0020441402739379555
474.0 0.0024956860215752386
475.0 0.0026147243261220865
476.0 0.0027337626306689344
477.0 0.0028540183848235756
478.0 0.002974274320877157
479.0 0.0030182602131390013
480.0 0.0030622461054008454
481.0 0.003660039510577917
482.0 0.004257832915754989
483.0 0.004098003410035744
484.0 0.0039381739043165
485.0 0.0034200245863758028
486.0 0.0029018756322329864
487.0 0.0026952273401548155
488.0 0.0024885790480766445
489.0 0.0023414293536916375
490.0 0.0021942796593066305
491.0 0.0020689978555310518
492.0 0.001943716051755473
493.0 0.001800686732167378
494.0 0.0016576575944782235
495.0 0.0018120028471457772
496.0 0.0019663482817122713
497.0 0.0017975971786654554
498.0 0.00162884625751758
499.0 0.0017474943888373673
500.0 0.0018661425201571546
501.0 0.0021444247977342457
502.0 0.0024227070753113367
503.0 0.0025800358343985863
504.0 0.002737364593485836
505.0 0.0025566077965777367
506.0 0.002375850635871757
507.0 0.002196650530095212
508.0 0.0020174504243186675
509.0 0.0017462183677707799
510.0 0.0014749864931218326
511.0 0.0016095304090413265
512.0 0.0017440745068597607
513.0 0.002076065356959589
514.0 0.002408056207059417
515.0 0.0018458706108503975
516.0 0.001283684923691908
517.0 0.0011802602784882765
518.0 0.0010768353604362346
519.0 0.001142070505011361
520.0 0.0012073057405359577
521.0 0.0010796446076710708
522.0 0.0009519833838567138
523.0 0.0013203819435148034
524.0 0.001688780503172893
525.0 0.0019247083400841802
526.0 0.002160636540793348
527.0 0.0022204827473615296
528.0 0.0022803291358286515
529.0 0.00242992136918474
530.0 0.0025795136025408283
531.0 0.00230546484090155
532.0 0.002031415897363331
533.0 0.002005858550546691
534.0 0.00198030102183111
535.0 0.0017893957192427479
536.0 0.001598490598553326
537.0 0.001558457370265387
538.0 0.0015184243238763884
539.0 0.002044750908680726
540.0 0.002571077311586123
541.0 0.0034498953027650714
542.0 0.004328712748247199
543.0 0.004417971649672836
544.0 0.004507230187300593
545.0 0.004672924114856869
546.0 0.004838618406211026
547.0 0.004442934732651338
548.0 0.00404725105909165
549.0 0.0032259216823149472
550.0 0.0024045917598414235
551.0 0.002474088250892237
552.0 0.00254358456004411
553.0 0.0023818913177819923
554.0 0.002220198257418815
555.0 0.0029228918720036745
556.0 0.0036255856684874743
557.0 0.003981573900091462
558.0 0.004337562131695449
559.0 0.004281630754121579
560.0 0.004225699376547709
561.0 0.003922694304492325
562.0 0.0036196888686390594
563.0 0.003350173938088119
564.0 0.003080658643739298
565.0 0.0034503431379562244
566.0 0.0038200276321731508
567.0 0.0041390878322999924
568.0 0.004458147304831073
569.0 0.00499846282764338
570.0 0.005538777986657806
571.0 0.0062306040490511805
572.0 0.006922430475242436
573.0 0.006991723785176873
574.0 0.007061017822707072
575.0 0.007028202526271343
576.0 0.0069953872298356146
577.0 0.006176319584483281
578.0 0.005357252666726708
579.0 0.005027019869885407
580.0 0.004696787436841987
581.0 0.005419396256911568
582.0 0.006142004713183269
583.0 0.007610092143295333
584.0 0.009078180301003158
585.0 0.010053307050839067
586.0 0.011028434528270736
587.0 0.011092986824223772
588.0 0.011157539847772568
589.0 0.010785517952172086
590.0 0.010413500422146171
591.0 0.009688505087979138
592.0 0.008963511936599389
593.0 0.008298986358568072
594.0 0.0076344600529409945
595.0 0.006617416511289775
596.0 0.005600372242042795
597.0 0.005633561886497773
598.0 0.005666751167154871
599.0 0.006467936327680945
600.0 0.007269120396813378
601.0 0.008436446660198271
602.0 0.00960377074079588
603.0 0.0103318365290761
604.0 0.011059902317356318
605.0 0.010751518129836768
606.0 0.010443133214721456
607.0 0.009980557661037892
608.0 0.009517981379758567
609.0 0.008152735244948417
610.0 0.00678749056532979
611.0 0.005343508746591397
612.0 0.0038995265640551224
613.0 0.003486032801447436
614.0 0.0030725394026376307
615.0 0.003699243097798899
616.0 0.004325946429162286
617.0 0.005608368155662902
618.0 0.006890788790769875
619.0 0.00855119142215699
620.0 0.010211594053544104
621.0 0.010704400483518839
622.0 0.011197207641089335
623.0 0.011383791570551693
624.0 0.011570372589631006
625.0 0.011018195800716057
626.0 0.010466018284205347
627.0 0.008991117647383362
628.0 0.007516217738157138
629.0 0.005919651812291704
630.0 0.004323085522628389
631.0 0.0034854409022955224
632.0 0.002647796463861596
633.0 0.002587192830105778
634.0 0.0025265890144510195
635.0 0.002649952693900559
636.0 0.0027733161914511584
637.0 0.0033071100915549323
638.0 0.0038409041735576466
639.0 0.0045473167119780555
640.0 0.0052537292503984645
641.0 0.005469026291393675
642.0 0.005684322968591005
643.0 0.005740187407354824
644.0 0.005796051846118644
645.0 0.005409320874605328
646.0 0.0050225902668898925
647.0 0.0044829590478912
648.0 0.003943327465094626
649.0 0.003144780930597335
650.0 0.0023462343961000443
651.0 0.0020683153707068413
652.0 0.001790396163414698
653.0 0.0015112208529899362
654.0 0.001232045815413585
655.0 0.0015275736586772837
656.0 0.0018231015928904526
657.0 0.0018071501472149976
658.0 0.0017911987015395425
659.0 0.0015045746295072604
660.0 0.0012179506484244484
661.0 0.0012841631360061
662.0 0.0013503756235877518
663.0 0.001591663203726057
664.0 0.001832950692914892
665.0 0.002294792102475185
666.0 0.0027566336939344183
667.0 0.0032648305932525545
668.0 0.003773027492570691
669.0 0.00490218517370522
670.0 0.006031342491041869
671.0 0.00657946293358691
672.0 0.0071275811933446676
673.0 0.007505409303121269
674.0 0.00788323741289787
675.0 0.007469217962352559
676.0 0.007055199966998771
677.0 0.0065248095779679716
678.0 0.005994418461341411
679.0 0.004857407475356013
680.0 0.0037203961255727336
681.0 0.0023314813006436452
682.0 0.0009425659300177358
683.0 0.0006253483661566861
684.0 0.0003081310524066794
685.0 0.00016464315422126674
686.0 2.1155227614144678e-05
687.0 2.259738636212205e-05
688.0 2.4039599111347343e-05
689.0 8.941460691858083e-05
690.0 0.00015478967725357506
691.0 0.00019653805338748498
692.0 0.0002382864295213949
693.0 0.0003663902361950022
694.0 0.0004944940428686095
695.0 0.00023425784547725925
696.0 1.6608260990438883e-10
697.0 0.00020565896647894988
698.0 0.0004372962393972557
699.0 0.00042374167605885305
700.0 0.00041018720366992056
701.0 0.00025216811536665773
702.0 9.414904411642055e-05
703.0 7.462698476956575e-05
704.0 5.510496521310415e-05
705.0 0.00016842411696416093
706.0 0.0002817432687152177
707.0 0.00018823608343154774
708.0 9.47288469888008e-05
709.0 0.00020535387648124015
710.0 0.0003159789002893376
711.0 0.0002972792344735353
712.0 0.00027857952318299795
713.0 0.00012493558187998133
714.0 1.6608260990438883e-10
715.0 1.6608260990438883e-10
716.0 1.6608260990438883e-10
717.0 3.384788840321562e-05
718.0 0.00028110216589993797
719.0 0.0002769037791949813
720.0 0.00027270543796475977
721.0 0.0004130368324695155
722.0 0.0005533681814995361
723.0 0.00033968665320571745
724.0 0.00012600504533111234
725.0 0.0003547322194208391
726.0 0.0005834594503539847
727.0 0.0003273074071330484
728.0 7.11554378085566e-05
729.0 0.00023019797481538262
730.0 0.0003892404038197128
731.0 0.00023230436454468872
732.0 7.5368257057562e-05
733.0 0.00018112774569090107
734.0 0.00028688734801107785
735.0 0.00017931813545146724
736.0 7.174893426054041e-05
737.0 0.0003516023525662604
738.0 0.0006314556685538264
739.0 0.0004278341293684207
740.0 0.00022421272660722025
741.0 5.3830393653697683e-05
742.0 1.6608260990438883e-10
743.0 0.0001285842813558702
744.0 0.0003737204906428815
745.0 0.00038228586163313594
746.0 0.00039085125536075793
747.0 0.00047065755097719375
748.0 0.0005504638465936296
749.0 0.0004530619662546087
750.0 0.0003556600177034852
751.0 0.00020836116618738743
752.0 6.106239425207605e-05
753.0 9.741842177390936e-05
754.0 0.00013377444929574267
755.0 0.000396066343455459
756.0 0.0006583582944585942
757.0 0.0005239553502178751
758.0 0.0003895523605024209
759.0 0.0002459995357639855
760.0 0.00010244660870739608
761.0 0.0003586637831176631
762.0 0.0006148809006845113
763.0 0.0005228966074355412
764.0 0.000430912223237101
765.0 0.00044584467104868963
766.0 0.00046077720980974846
767.0 0.0003410614908716525
768.0 0.00022134581740829162
769.0 6.798445610911585e-05
770.0 1.6608260990438883e-10
771.0 6.600079132113024e-05
772.0 0.00021737841962021776
773.0 0.0001884569087451382
774.0 0.00015953532965795603
775.0 0.0001724915250633785
776.0 0.0001854477545748523
777.0 0.0001922687033584225
778.0 0.00019908954982383875
779.0 0.0005637999493046664
780.0 0.0009285104169975966
781.0 0.0007442247806466185
782.0 0.0005599390988209052
783.0 0.0004594460278894985
784.0 0.0003589529342207243
785.0 0.00016021143665057025
786.0 1.6608260990438883e-10
787.0 0.0001964662942555151
788.0 0.00043146269490534905
789.0 0.0003464471319603035
790.0 0.0002614314098536852
791.0 0.00041558246266504284
792.0 0.000569733492739033
793.0 0.0008379708560823929
794.0 0.0011062082194257528
795.0 0.000680334187563858
796.0 0.0002544600420151255
797.0 0.0005765756668552058
798.0 0.0008986911780084483
799.0 0.0007060468760755612
800.0 0.0005134023922437336
801.0 0.0006545064479723806
802.0 0.0007956106855999678
803.0 0.0006625040441576857
804.0 0.0005293974481901387
805.0 0.000651331765766372
806.0 0.0007732661288173404
807.0 0.0004861808520217892
808.0 0.00019909559796360554
809.0 0.0006080871571612079
810.0 0.0010170787390961777
811.0 0.000833298599900445
812.0 0.0006495185971289175
813.0 0.0006234999545995379
814.0 0.0005974813575448934
815.0 0.0006243744792300276
816.0 0.0006512675554404268
817.0 0.0005859144039277453
818.0 0.0005205612978897989
819.0 0.0006124145329522435
820.0 0.000704267768014688
821.0 0.0008546823664801195
822.0 0.0010050970558950212
823.0 0.0006772903816454345
824.0 0.0003494839120321558
825.0 0.0004669768259191187
826.0 0.0005844698080181843
827.0 0.0003424701162657584
828.0 0.00010047035630122991
829.0 0.0002345414031879045
830.0 0.0003686123363877414
831.0 0.000770906717662001
832.0 0.001173201235360466
833.0 0.001145282749348553
834.0 0.0011173642633366399
835.0 0.0006371504241542425
836.0 0.00015693675550210173
837.0 0.00047005078158690594
838.0 0.0007831648872524966
839.0 0.0008745098057261202
840.0 0.0009658546332502738
841.0 0.0007540982551290654
842.0 0.0005423419679573271
843.0 0.0009907822459354065
844.0 0.0014392227058124263
845.0 0.001164759032690199
846.0 0.0008902954505174421
847.0 0.0007569757599412696
848.0 0.0006236561603145674
849.0 0.0005761942247772822
850.0 0.0005287321982905269
851.0 0.000710966878614272
852.0 0.0008932017408369575
853.0 0.0007439649380103219
854.0 0.0005947282261331566
855.0 0.0007001150152063929
856.0 0.000805501713330159
857.0 0.0010985544577124529
858.0 0.0013916072020947468
859.0 0.0012450222129700705
860.0 0.0010984372238453943
861.0 0.0011564396118046716
862.0 0.0012144419088144787
863.0 0.0015317802535719238
864.0 0.0018491184164304286
865.0 0.0019809074728982523
866.0 0.002112697075062897
867.0 0.002249822318844963
868.0 0.0023869479264249094
869.0 0.002759554081421811
870.0 0.0031321600545197725
871.0 0.0029729575544479303
872.0 0.002813755054376088
873.0 0.002742813194345217
874.0 0.0026718715162132867
875.0 0.002249947647214867
