lsstCam/transmission_filter_detector/r31_s00/g_6/19700101T000000.ecsv
# %ECSV 1.0
# ---
# datatype:
# - {name: wavelength, unit: nm, datatype: float32}
# - {name: efficiency, unit: '%', datatype: float64}
# meta: !!omap
# - {MODE: DETECTOR}
# - {TYPE: transmission_filter_detector}
# - {CALIBDATE: '1970-01-01T00:00:00'}
# - {INSTRUME: LSSTCam}
# - {OBSTYPE: transmission_filter_detector}
# - {CALIBCLS: lsst.ip.isr.IntermediateFilterDetectorTransmissionCurve}
# - {SOURCE: Materion (DM-46256)}
# - {DETECTOR: 126}
# - {FILTER: g_6}
# - {CALIB_ID: 'calibDate=1970-01-01T00:00:00 filter=g_6 detector=126'}
# - {DATE: '2025-04-02T15:59:42.611004'}
# - {CALIB_CREATION_DATE: '2025-04-02'}
# - {CALIB_CREATION_TIME: '15:59:42'}
# - __serialized_columns__:
#     efficiency:
#       __class__: astropy.units.quantity.Quantity
#       unit: !astropy.units.Unit {unit: '%'}
#       value: !astropy.table.SerializedColumn {name: efficiency}
#     wavelength:
#       __class__: astropy.units.quantity.Quantity
#       unit: !astropy.units.Unit {unit: nm}
#       value: !astropy.table.SerializedColumn {name: wavelength}
# schema: astropy-2.0
wavelength efficiency
[from data line 608]
908.0 0.0004386856744531542
909.0 0.0004308885309001198
910.0 0.00046979380385892
911.0 0.0005086990768177202
912.0 0.0004568906661006622
913.0 0.0004050822553836042
914.0 0.0004798695954377763
915.0 0.0005546568900172133
916.0 0.00046670834308315534
917.0 0.0003787597961490974
918.0 0.0004530756086751353
919.0 0.0005273914666759083
920.0 0.0005476408659887966
921.0 0.0005678902198269498
922.0 0.000487121587866568
923.0 0.00040635295590618625
924.0 0.0004487410024012206
925.0 0.0004911289579467848
926.0 0.0005093385425425367
927.0 0.0005275480816635536
928.0 0.0005554871677304618
929.0 0.0005834262083226349
930.0 0.0005074923592474079
931.0 0.00043155846469744574
932.0 0.0005525239430426154
933.0 0.0006734895578119904
934.0 0.00060259926613071
935.0 0.0005317090199241647
936.0 0.00048651827455614693
937.0 0.0004413276656123344
938.0 0.0004931809144181898
939.0 0.0005450344360724557
940.0 0.0006434720035031205
941.0 0.0007419095709337853
942.0 0.000744066028346424
943.0 0.0007462224857590627
944.0 0.0007692266990488861
945.0 0.0007922309123387095
946.0 0.0008431168680544943
947.0 0.0008940028237702791
948.0 0.0007819848178769462
949.0 0.0006699667665088782
950.0 0.0007105406439222861
951.0 0.0007511143394367537
952.0 0.0008814276952762157
953.0 0.0010117409146914724
954.0 0.0008874397281033453
955.0 0.0007631384505657479
956.0 0.0006331060831143986
957.0 0.0005030738520872546
958.0 0.0006479134754044935
959.0 0.0007927529622975271
960.0 0.0007886756975494791
961.0 0.0007845982509024907
962.0 0.0006705017767671961
963.0 0.0005564052571571665
964.0 0.0005500777206179919
965.0 0.0005437500021798769
966.0 0.0006307860530796461
967.0 0.0007178220585046802
968.0 0.0006366092748066876
969.0 0.0005553964001592249
970.0 0.0005306571893015644
971.0 0.0005059178874944337
972.0 0.0006376722467393847
973.0 0.0007694266059843358
974.0 0.0008522069947503041
975.0 0.0009349874744657427
976.0 0.0008506430276611354
977.0 0.0007662985808565281
978.0 0.0008760274795349687
979.0 0.0009857563782134093
980.0 0.000985066708381055
981.0 0.0009843768566497602
982.0 0.0009913579560816288
983.0 0.0009983389645640273
984.0 0.001125727612816263
985.0 0.0012531162610684987
986.0 0.001336690183961764
987.0 0.0014202641068550292
988.0 0.0013611600479634944
989.0 0.0013020558071730193
990.0 0.0012427988622221164
991.0 0.0011835418263217434
992.0 0.0012122496627853252
993.0 0.0012409574082994368
994.0 0.0012664579116972163
995.0 0.001291958506044466
996.0 0.0012705834706139285
997.0 0.0012492083442339208
998.0 0.0011986114259343594
999.0 0.0011480143257358577
1000.0 0.001180080926133087
1001.0 0.0012121472536819056
1002.0 0.0012503125617513433
1003.0 0.0012884777788713109
1004.0 0.001262169098481536
1005.0 0.0012358605090412311
1006.0 0.0014163466403260827
1007.0 0.001596832589711994
1008.0 0.0014904012459737714
1009.0 0.001383969902235549
1010.0 0.0015265761248883791
1011.0 0.0016691823475412093
1012.0 0.0018123466361430474
1013.0 0.001955510742845945
1014.0 0.0020479221348068677
1015.0 0.0021403331629699096
1016.0 0.002368507739447523
1017.0 0.002596682134026196
1018.0 0.002739312549238093
1019.0 0.002881943146348931
1020.0 0.00307819209410809
1021.0 0.0032744410418672487
1022.0 0.0034546948882052675
1023.0 0.0036349487345432863
1024.0 0.0038073103496572003
1025.0 0.003979671600973234
1026.0 0.00428107196057681
1027.0 0.004582471956382506
1028.0 0.004868446922046132
1029.0 0.0051544215239118785
1030.0 0.005051353946328163
1031.0 0.004948286368744448
1032.0 0.005154780956218019
1033.0 0.00536127517989371
1034.0 0.00557078055862803
1035.0 0.00578028557356447
1036.0 0.005771532596554607
1037.0 0.0057627796195447445
1038.0 0.0058666493714554235
1039.0 0.005970519123366103
1040.0 0.006048821524018422
1041.0 0.006127124652266502
1042.0 0.0063874882471282035
1043.0 0.006647852569585666
1044.0 0.006884106551297009
1045.0 0.007120360533008352
1046.0 0.008203360630432144
1047.0 0.009286360000260174
1048.0 0.010430953261675313
1049.0 0.011575547250686213
1050.0 0.013710219354834408
1051.0 0.01584489073138684
1052.0 0.018973855185322464
1053.0 0.022102819639258087
1054.0 0.027140980819240212
1055.0 0.03217913908883929
1056.0 0.03832397342193872
1057.0 0.04446880775503814
1058.0 0.05195842240937054
1059.0 0.05944803706370294
1060.0 0.06796125089749694
1061.0 0.07647446473129094
1062.0 0.08428576402366161
1063.0 0.09209704585373402
1064.0 0.0987985054962337
1065.0 0.10549994185566902
1066.0 0.11223413748666644
1067.0 0.11896834475919604
1068.0 0.1266489620320499
1069.0 0.13432959094643593
1070.0 0.14427528949454427
1071.0 0.15422096475958824
1072.0 0.16501101199537516
1073.0 0.17580105923116207
1074.0 0.1870575943030417
1075.0 0.19831412937492132
1076.0 0.21019417326897383
1077.0 0.22207426372915506
1078.0 0.2334105083718896
1079.0 0.24474679958075285
1080.0 0.2606768161058426
1081.0 0.2766068559139967
1082.0 0.2992644440382719
1083.0 0.3219220321625471
1084.0 0.36224103532731533
1085.0 0.40256003849208355
1086.0 0.4413849674165249
1087.0 0.4802098497748375
1088.0 0.5356722977012396
1089.0 0.591134699061513
1090.0 0.6699004676192999
1091.0 0.7486662827432156
1092.0 0.7983973249793053
1093.0 0.8481285534799099
1094.0 0.8918329142034054
1095.0 0.9355373680591583
1096.0 0.9886431507766247
1097.0 1.041748747229576
1098.0 1.128918118774891
1099.0 1.2160874903202057
1100.0 1.357040461152792
1101.0 1.4979934319853783
