lsstCam/transmission_filter_detector/r31_s00/g_6/19700101T000000.ecsv
# %ECSV 1.0
# ---
# datatype:
# - {name: wavelength, unit: nm, datatype: float32}
# - {name: efficiency, unit: '%', datatype: float64}
# meta: !!omap
# - {MODE: DETECTOR}
# - {TYPE: transmission_filter_detector}
# - {CALIBDATE: '1970-01-01T00:00:00'}
# - {INSTRUME: LSSTCam}
# - {OBSTYPE: transmission_filter_detector}
# - {CALIBCLS: lsst.ip.isr.IntermediateFilterDetectorTransmissionCurve}
# - {SOURCE: Materion (DM-46256)}
# - {DETECTOR: 126}
# - {FILTER: g_6}
# - {CALIB_ID: 'calibDate=1970-01-01T00:00:00 filter=g_6 detector=126'}
# - {DATE: '2025-04-02T15:59:42.611004'}
# - {CALIB_CREATION_DATE: '2025-04-02'}
# - {CALIB_CREATION_TIME: '15:59:42'}
# - __serialized_columns__:
#     efficiency:
#       __class__: astropy.units.quantity.Quantity
#       unit: !astropy.units.Unit {unit: '%'}
#       value: !astropy.table.SerializedColumn {name: efficiency}
#     wavelength:
#       __class__: astropy.units.quantity.Quantity
#       unit: !astropy.units.Unit {unit: nm}
#       value: !astropy.table.SerializedColumn {name: wavelength}
# schema: astropy-2.0
wavelength efficiency
300.0 0.36359955556690693
301.0 0.3125318558886647
302.0 0.2614641096442938
303.0 0.24523430038243532
304.0 0.22900451440364122
305.0 0.22634449414908886
306.0 0.22368445061147213
307.0 0.21561330650001764
308.0 0.2075421391054988
309.0 0.20439389627426863
310.0 0.2012456301599741
311.0 0.2055213786661625
312.0 0.20979708060622215
313.0 0.197682180441916
314.0 0.18556728027760983
315.0 0.18178022000938654
316.0 0.17799314809963107
317.0 0.17452648608013988
318.0 0.17105982406064868
319.0 0.16037598252296448
320.0 0.1496921177022159
321.0 0.13723745942115784
322.0 0.12478281278163195
323.0 0.11314040748402476
324.0 0.10149801382794976
325.0 0.09122498449869454
326.0 0.08095195516943932
327.0 0.07291680667549372
328.0 0.06488166400231421
329.0 0.06257804343476892
330.0 0.06027442286722362
331.0 0.055138254538178444
332.0 0.05000208620913327
333.0 0.047109543811529875
334.0 0.04421700141392648
335.0 0.0416115130065009
336.0 0.03900602168869227
337.0 0.03971270634792745
338.0 0.040419388096779585
339.0 0.03979614702984691
340.0 0.03917290014214814
341.0 0.037456865538842976
342.0 0.03574083384592086
343.0 0.03288727602921426
344.0 0.03003372112289071
345.0 0.02655359567143023
346.0 0.023073471675161272
347.0 0.02110400964738801
348.0 0.019134549074806273
349.0 0.017592748918104917
350.0 0.4843710456043482
351.0 1.0838313959538937
352.0 0.7059104274958372
353.0 0.9313922375440598
354.0 0.5553122144192457
355.0 0.7943593896925449
356.0 0.5545881111174822
357.0 0.7973465137183666
358.0 0.7259032223373652
359.0 0.8483937010169029
360.0 0.7281903643161058
361.0 0.7924055680632591
362.0 0.5383806303143501
363.0 0.865789782255888
364.0 0.580050889402628
365.0 0.7641193456947803
366.0 0.3733559278771281
367.0 0.6816440261900425
368.0 0.4246230237185955
369.0 0.7081189658492804
370.0 0.5134875420480967
371.0 0.6851268466562033
372.0 0.3611047053709626
373.0 0.6664848420768976
374.0 0.46784798614680767
375.0 0.5945125594735146
376.0 0.4543200135231018
377.0 0.6082356441766024
378.0 0.39474950172007084
379.0 0.4999428987503052
380.0 0.45083235017955303
381.0 0.582956476137042
382.0 0.5741158965975046
383.0 0.516775855794549
384.0 0.5981623660773039
385.0 0.6260013207793236
386.0 0.6275123450905085
387.0 0.733328890055418
388.0 0.8981054648756981
389.0 1.106208749115467
390.0 1.5886232256889343
391.0 2.4898817762732506
392.0 3.9424005895853043
393.0 6.290808320045471
394.0 9.503847360610962
395.0 13.871046900749207
396.0 19.370199739933014
397.0 26.39186978340149
398.0 34.62026119232178
399.0 43.81539225578308
400.0 53.15658450126648
401.0 62.33084797859192
402.0 70.87782025337219
403.0 78.42382788658142
404.0 83.90892148017883
405.0 88.19969296455383
406.0 90.67845344543457
407.0 92.61192083358765
408.0 93.80862712860107
409.0 94.37408447265625
410.0 94.72360610961914
411.0 94.60583329200745
412.0 94.20105814933777
413.0 93.91388893127441
414.0 93.81651282310486
415.0 93.88904571533203
416.0 94.24971342086792
417.0 94.58935856819153
418.0 95.07619142532349
419.0 95.62416672706604
420.0 96.13600969314575
421.0 96.76997661590576
422.0 96.92047238349915
423.0 97.18081951141357
424.0 97.0024585723877
425.0 96.913081407547
426.0 96.8777596950531
427.0 96.90362811088562
428.0 96.71284556388855
429.0 96.50078415870667
430.0 96.36858701705933
431.0 96.36579155921936
432.0 96.4262068271637
433.0 96.49303555488586
434.0 96.59790396690369
435.0 96.74152135848999
436.0 96.82035446166992
437.0 96.78776860237122
438.0 96.88297510147095
439.0 96.93422317504883
440.0 96.89593315124512
441.0 97.0575749874115
442.0 97.00400233268738
443.0 97.00878858566284
444.0 96.96345329284668
445.0 96.74246311187744
446.0 96.62221670150757
447.0 96.4310348033905
448.0 96.34912610054016
449.0 96.5420126914978
450.0 96.76154851913452
451.0 96.95061445236206
452.0 97.15813994407654
453.0 97.3443865776062
454.0 97.34959006309509
455.0 97.6142406463623
456.0 97.67796993255615
457.0 97.8284478187561
458.0 97.86528944969177
459.0 97.96066880226135
460.0 97.95823097229004
461.0 98.07409048080444
462.0 97.96766638755798
463.0 97.94653058052063
464.0 98.04824590682983
465.0 97.97444343566895
466.0 98.01770448684692
467.0 97.96178340911865
468.0 98.07201623916626
469.0 98.05321097373962
470.0 97.93510437011719
471.0 97.83242344856262
472.0 97.86540865898132
473.0 97.69430756568909
474.0 97.60667085647583
475.0 97.67183065414429
476.0 97.65782952308655
477.0 97.6921021938324
478.0 97.74461388587952
479.0 97.70029187202454
480.0 97.91206121444702
481.0 98.04822206497192
482.0 98.14960360527039
483.0 98.10729026794434
484.0 98.25959801673889
485.0 98.26546907424927
486.0 98.32279682159424
487.0 98.36100935935974
488.0 98.32120537757874
489.0 98.4699547290802
490.0 98.42039942741394
491.0 98.3960747718811
492.0 98.36903810501099
493.0 98.37077856063843
494.0 98.28207492828369
495.0 98.3910083770752
496.0 98.1361985206604
497.0 98.0959951877594
498.0 97.87487983703613
499.0 97.96925783157349
500.0 97.87552952766418
501.0 97.87219166755676
502.0 97.769695520401
503.0 97.85587787628174
504.0 97.75460958480835
505.0 97.74328470230103
506.0 97.76321053504944
507.0 97.73423075675964
508.0 97.71034121513367
509.0 97.68134951591492
510.0 97.64769673347473
511.0 97.65386581420898
512.0 97.5226640701294
513.0 97.6293683052063
514.0 97.59273529052734
515.0 97.61450290679932
516.0 97.7349579334259
517.0 97.75269627571106
518.0 97.81792759895325
519.0 97.83992767333984
520.0 97.90006279945374
521.0 98.0230987071991
522.0 98.02030920982361
523.0 98.00496697425842
524.0 98.01887273788452
525.0 98.03133606910706
526.0 98.11610579490662
527.0 98.1585681438446
528.0 98.2182264328003
529.0 98.28565716743469
530.0 98.34141731262207
531.0 98.49127531051636
532.0 98.3305037021637
533.0 98.34462404251099
534.0 98.32648038864136
535.0 98.18589091300964
536.0 97.89919257164001
537.0 97.42165803909302
538.0 96.77479863166809
539.0 95.51647305488586
540.0 93.9271330833435
541.0 91.46522879600525
542.0 88.84795308113098
543.0 85.35197973251343
544.0 80.86307644844055
545.0 76.87599062919617
546.0 71.910959482193
547.0 67.34261512756348
548.0 62.688952684402466
549.0 58.4186315536499
550.0 55.0717294216156
551.0 51.77602767944336
552.0 49.332281947135925
553.0 46.83387577533722
554.0 44.08861696720123
555.0 41.079047322273254
556.0 37.07403838634491
557.0 32.37060308456421
558.0 27.086636424064636
559.0 21.760623157024384
560.0 16.506043076515198
561.0 11.518602818250656
562.0 7.578632235527039
563.0 4.58192266523838
564.0 2.558548003435135
565.0 1.2818368151783943
566.0 0.6659770384430885
567.0 0.3439003136008978
568.0 0.19564225804060698
569.0 0.11836056364700198
570.0 0.0886445282958448
571.0 0.05323122604750097
572.0 0.04854469152633101
573.0 0.034687030711211264
574.0 0.04757345013786107
575.0 0.035224526072852314
576.0 0.0389186927350238
577.0 0.035009696148335934
578.0 0.03710490418598056
579.0 0.02744898374658078
580.0 0.03451117663644254
581.0 0.022207565780263394
582.0 0.02827705757226795
583.0 0.02088957844534889
584.0 0.030727600096724927
585.0 0.02113155060214922
586.0 0.02853969344869256
587.0 0.010743214807007462
588.0 0.02922248386312276
589.0 0.0230379358981736
590.0 0.01441766507923603
591.0 0.012670710566453636
592.0 0.025071276468224823
593.0 0.013710491475649178
594.0 0.014883741096127778
595.0 0.016713565855752677
596.0 0.02652840339578688
597.0 0.010946617112495005
598.0 0.0026404373784316704
599.0 0.008910807082429528
600.0 0.009478956053499132
601.0 0.00220468282350339
602.0 0.002154964386136271
603.0 0.002105245766870212
604.0 0.0019792587409028783
605.0 0.0018532717149355449
606.0 0.0018915612599812448
607.0 0.0019298513507237658
608.0 0.0019820981833618134
609.0 0.002034345015999861
610.0 0.001912828884087503
611.0 0.0017913129340740852
612.0 0.0018265340258949436
613.0 0.001861755117715802
614.0 0.0017578331608092412
615.0 0.0016539113858016208
616.0 0.0015232562873279676
617.0 0.0013926010979048442
618.0 0.0016566285921726376
619.0 0.0019206559954909608
620.0 0.0016671096091158688
621.0 0.0014135630408418365
622.0 0.001484857693867525
623.0 0.001556151983095333
624.0 0.0014253853805712424
625.0 0.001294618868996622
626.0 0.0013736253094975837
627.0 0.0014526318409480155
628.0 0.0014820268916082568
629.0 0.0015114220332179684
630.0 0.0014769255358260125
631.0 0.001442428765585646
632.0 0.0013855938050255645
633.0 0.0013287589354149532
634.0 0.001432654698874103
635.0 0.0015365505532827228
636.0 0.001510506172053283
637.0 0.0014844617908238433
638.0 0.001317366331932135
639.0 0.0011502710549393669
640.0 0.0011793764315370936
641.0 0.0012084817171853501
642.0 0.001206580509460764
643.0 0.0012046792107867077
644.0 0.001027121652441565
645.0 0.0008495641850458924
646.0 0.0010499719792278484
647.0 0.0012503796824603342
648.0 0.0013129108992870897
649.0 0.001375442025164375
650.0 0.0011734836334653664
651.0 0.0009715251508168876
652.0 0.0010254409062326886
653.0 0.0010793567525979597
654.0 0.0010591887985356152
655.0 0.001039021026372211
656.0 0.0010105324690812267
657.0 0.0009820440936891828
658.0 0.001072936265700264
659.0 0.0011638287105597556
660.0 0.001091487047233386
661.0 0.001019145202008076
662.0 0.0010335435035813134
663.0 0.001047941896104021
664.0 0.0010686198038456496
665.0 0.001089297620637808
666.0 0.0011470409845060203
667.0 0.0012047840755258221
668.0 0.0011838850696221925
669.0 0.001162986063718563
670.0 0.001181908282887889
671.0 0.0012008303201582748
672.0 0.0011612864000198897
673.0 0.0011217425708309747
674.0 0.0010865282092709094
675.0 0.001051313756761374
676.0 0.0010899867447733413
677.0 0.001128659368987428
678.0 0.0010551722880336456
679.0 0.0009816852980293334
680.0 0.0009683754797151778
681.0 0.0009550659342494328
682.0 0.000985645874607144
683.0 0.0010162259059143253
684.0 0.00103248494269792
685.0 0.0010487437975825742
686.0 0.0010292626939190086
687.0 0.0010097814083565027
688.0 0.0010340139851905406
689.0 0.001058246289176168
690.0 0.0011409436410758644
691.0 0.001223640992975561
692.0 0.0011278453712293413
693.0 0.0010320497494831216
694.0 0.0010728324923547916
695.0 0.0011136152352264617
696.0 0.0010766820196295157
697.0 0.0010397488040325698
698.0 0.0010745077815954573
699.0 0.0011092664863099344
700.0 0.001192126001114957
701.0 0.0012749853340210393
702.0 0.0012454323950805701
703.0 0.0012158793651906308
704.0 0.0012033443454129156
705.0 0.00119080914373626
706.0 0.0011685508070513606
707.0 0.001146292379416991
708.0 0.001117903502745321
709.0 0.0010895148079725914
710.0 0.001154917754320195
711.0 0.0012203207916172687
712.0 0.0012748655535688158
713.0 0.0013294101336214226
714.0 0.0013687767932424322
715.0 0.0014081434528634418
716.0 0.0015178130524873268
717.0 0.0016274825611617416
718.0 0.0017731403204379603
719.0 0.0019187982616131194
720.0 0.0016933616279857233
721.0 0.0014679251762572676
722.0 0.0015843614164623432
723.0 0.0017007978385663591
724.0 0.0017310263501713052
725.0 0.0017612550436751917
726.0 0.0018344957425142638
727.0 0.001907736441353336
728.0 0.002024065724981483
729.0 0.0021403955543064512
730.0 0.0021605377696687356
731.0 0.002180680530727841
732.0 0.0019395121853449382
733.0 0.0016983443856588565
734.0 0.0014063360140426084
735.0 0.0011143271876790095
736.0 0.0010247688805975486
737.0 0.0009352105735160876
738.0 0.0009628103725844994
739.0 0.0009904102626023814
740.0 0.000961646674113581
741.0 0.0009328829946753103
742.0 0.0009643801604397595
743.0 0.0009958773262042087
744.0 0.0009699659131001681
745.0 0.0009440545909455977
746.0 0.0006960051450732863
747.0 0.00044795579015044495
748.0 0.0006570400728378445
749.0 0.000866124355525244
750.0 0.0008742020327190403
751.0 0.0008822797099128366
752.0 0.0008941565283748787
753.0 0.0009060331649379805
754.0 0.0009037686140800361
755.0 0.0009015040632220916
756.0 0.0009031723493535537
757.0 0.0009048406354850158
758.0 0.000925760468817316
759.0 0.0009466804840485565
760.0 0.0009105296157940757
761.0 0.0008743785656406544
762.0 0.0007941044714243617
763.0 0.000713830377208069
764.0 0.0008182606507034507
765.0 0.0009226910151483025
766.0 0.0007879904842411634
767.0 0.0006532899078592891
768.0 0.0006731227585987654
769.0 0.0006929556548129767
770.0 0.0007013706181169255
771.0 0.0007097856268956093
772.0 0.0006850998033769429
773.0 0.0006604139798582764
774.0 0.0006076056251913542
775.0 0.0005547972250496969
776.0 0.0006607547675230308
777.0 0.0007667122190468945
778.0 0.0007094475677149603
779.0 0.0006521830073324963
780.0 0.0005781919298897265
781.0 0.0005042008069722215
782.0 0.0005493296612257836
783.0 0.0005944584245298756
784.0 0.0005700887868442805
785.0 0.0005457191036839504
786.0 0.0005002193120162701
787.0 0.00045471956582332496
788.0 0.00036212684335623635
789.0 0.00026953412088914774
790.0 0.00046113491407595575
791.0 0.0006527357072627638
792.0 0.0005643349595629843
793.0 0.0004759342573379399
794.0 0.00045020406105322763
795.0 0.00042447381929378025
796.0 0.00032713280688767554
797.0 0.00022979179448157083
798.0 0.0002513757408451056
799.0 0.0002729596872086404
800.0 0.00034388967833365314
801.0 0.000414819714933401
802.0 0.00044357443584885914
803.0 0.0004723292477137875
804.0 0.0004259483830537647
805.0 0.00037956747291900683
806.0 0.0003807502025665599
807.0 0.00038193288673937786
808.0 0.00037867555420234567
809.0 0.000375418244402681
810.0 0.0003694662154885009
811.0 0.0003635141410995857
812.0 0.0004372679086372955
813.0 0.000511021789861843
814.0 0.00045672218220715877
815.0 0.00040242252907773945
816.0 0.00047010003072500695
817.0 0.0005377775778470095
818.0 0.00048720557970227674
819.0 0.00043663358155754395
820.0 0.00048308356781490147
821.0 0.0005295335085975239
822.0 0.00045009983296040446
823.0 0.00037066597542434465
824.0 0.0003691549409268191
825.0 0.0003676438609545585
826.0 0.0004184652425465174
827.0 0.00046928657866374124
828.0 0.00043720478970499244
829.0 0.00040512300074624363
830.0 0.00045697174755332526
831.0 0.0005088204943604069
832.0 0.0005194059667701367
833.0 0.0005299913937051315
834.0 0.00043806267058243975
835.0 0.00034613392472238047
836.0 0.00041266766857006587
837.0 0.0004792014806298539
838.0 0.0006282725735218264
839.0 0.0007773436664137989
840.0 0.0006624112756981049
841.0 0.000547478975931881
842.0 0.0004897092821920523
843.0 0.0004319395884522237
844.0 0.0005373534349928377
845.0 0.0006427673270081868
846.0 0.0005172701548872283
847.0 0.0003917729827662697
848.0 0.00041718294596648775
849.0 0.0004425928636919707
850.0 0.00042799970287887845
851.0 0.0004134065420657862
852.0 0.0003464218252702267
853.0 0.00027943713121203473
854.0 0.0004002094101451803
855.0 0.0005209817118156934
856.0 0.00047392391024914104
857.0 0.00042686615415732376
858.0 0.0005353259894036455
859.0 0.0006437858246499673
860.0 0.0005800681719847489
861.0 0.0005163504283700604
862.0 0.0006419018973247148
863.0 0.000767453275329899
864.0 0.0005921912816120312
865.0 0.0004169291969446931
866.0 0.00055041791711119
867.0 0.0006839065918029519
868.0 0.0004636524408851983
869.0 0.00024339819901797455
870.0 0.00029753641683782917
871.0 0.0003516747028697864
872.0 0.0004682562575908378
873.0 0.0005848378350492567
874.0 0.0005243174200586509
875.0 0.0004637970505427802
876.0 0.0004901435659121489
877.0 0.0005164900358067825
878.0 0.0005627901373372879
879.0 0.0006090901479183231
880.0 0.0006994937848503469
881.0 0.0007898974217823707
882.0 0.0005990012141410261
883.0 0.00040810496102494653
884.0 0.0004735156380775152
885.0 0.0005389262241806136
886.0 0.0005471490567288129
887.0 0.0005553719347517472
888.0 0.0006480323008872801
889.0 0.000740692621548078
890.0 0.0005943677024333738
891.0 0.00044804269236919936
892.0 0.0005389748821471585
893.0 0.000629907253824058
894.0 0.0005143778253113851
895.0 0.0003988484422734473
896.0 0.0004048872597195441
897.0 0.0004109260771656409
898.0 0.00037140523545531323
899.0 0.0003318843937449856
900.0 0.00035738173664867645
901.0 0.00038287907955236733
902.0 0.00032102591376315104
903.0 0.0002591727707113023
904.0 0.00040735071706876624
905.0 0.0005555287316383328
906.0 0.0005010057520848932
