lsstCam/transmission_filter_detector/r32_s21/r_57/19700101T000000.ecsv
# %ECSV 1.0
# ---
# datatype:
# - {name: wavelength, unit: nm, datatype: float32}
# - {name: efficiency, unit: '%', datatype: float64}
# meta: !!omap
# - {MODE: DETECTOR}
# - {TYPE: transmission_filter_detector}
# - {CALIBDATE: '1970-01-01T00:00:00'}
# - {INSTRUME: LSSTCam}
# - {OBSTYPE: transmission_filter_detector}
# - {CALIBCLS: lsst.ip.isr.IntermediateFilterDetectorTransmissionCurve}
# - {SOURCE: Materion (DM-46256)}
# - {DETECTOR: 142}
# - {FILTER: r_57}
# - {CALIB_ID: 'calibDate=1970-01-01T00:00:00 filter=r_57 detector=142'}
# - {DATE: '2025-04-02T15:59:44.841180'}
# - {CALIB_CREATION_DATE: '2025-04-02'}
# - {CALIB_CREATION_TIME: '15:59:44'}
# - __serialized_columns__:
#     efficiency:
#       __class__: astropy.units.quantity.Quantity
#       unit: !astropy.units.Unit {unit: '%'}
#       value: !astropy.table.SerializedColumn {name: efficiency}
#     wavelength:
#       __class__: astropy.units.quantity.Quantity
#       unit: !astropy.units.Unit {unit: nm}
#       value: !astropy.table.SerializedColumn {name: wavelength}
# schema: astropy-2.0
wavelength efficiency
300.0 0.001836124101828318
301.0 0.0048388479626737535
302.0 0.007841573096811771
303.0 0.009906332707032561
304.0 0.011971092317253351
305.0 0.011060659744543955
306.0 0.01015022789943032
307.0 0.008942400017986074
308.0 0.0077345721365418285
309.0 0.0067092762037646025
310.0 0.005683981362381019
311.0 0.0052943298214813694
312.0 0.004904679008177482
313.0 0.004370151509647258
314.0 0.003835623647319153
315.0 0.003689956429298036
316.0 0.003544287756085396
317.0 0.0034531538403825834
318.0 0.0033620191970840096
319.0 0.0031177645723801106
320.0 0.0028735104933730327
321.0 0.002741116077231709
322.0 0.002608722024888266
323.0 0.002346856490476057
324.0 0.002084990956063848
325.0 0.0020112884158152156
326.0 0.0019375858755665831
327.0 0.001997381514229346
328.0 0.0020571769709931687
329.0 0.002189296719734557
330.0 0.0023214166503748856
331.0 0.002198363290517591
332.0 0.0020753101125592366
333.0 0.0018556353097665124
334.0 0.0016359603250748478
335.0 0.0015065758816490415
336.0 0.0013771913472737651
337.0 0.0012588396202772856
338.0 0.0011404878023313358
339.0 0.0010069566997117363
340.0 0.0008734256880416069
341.0 0.0008012352736841422
342.0 0.0007290449048014125
343.0 0.0007438509783241898
344.0 0.0007586571882711723
345.0 0.0007513970103900647
346.0 0.0007441370144078974
347.0 0.0007793114491505548
348.0 0.0008144857929437421
349.0 0.0007943358468764927
350.0 0.0025207569706253707
351.0 0.004282390000298619
352.0 0.006044022302376106
353.0 0.004816141881747171
354.0 0.003588262916309759
355.0 0.004241052738507278
356.0 0.004893842924502678
357.0 0.004969002475263551
358.0 0.005044164936407469
359.0 0.004278120104572736
360.0 0.003512075636535883
361.0 0.002705445876927115
362.0 0.0018988166630151682
363.0 0.0023596969185746275
364.0 0.002820577174134087
365.0 0.002763715929177124
366.0 0.0027068546842201613
367.0 0.0023135733499657363
368.0 0.0019202920157113113
369.0 0.003242326420149766
370.0 0.004564359915093519
371.0 0.004400536636239849
372.0 0.0042367129935882986
373.0 0.00420055839640554
374.0 0.004164404163020663
375.0 0.0029930766686447896
376.0 0.001821748992369976
377.0 0.0022385722331819125
378.0 0.002655395473993849
379.0 0.0021195755834924057
380.0 0.0015837553291930817
381.0 0.001854056608863175
382.0 0.002124357888533268
383.0 0.0026514529963606037
384.0 0.0031785475584911183
385.0 0.00393514201277867
386.0 0.004691737194661982
387.0 0.0045776385377394035
388.0 0.004463540608412586
389.0 0.0029977201847941615
390.0 0.0015318995792767964
391.0 0.0010952879165415652
392.0 0.0006586762992810691
393.0 0.0011889401321241166
394.0 0.0017192040104418993
395.0 0.0011477839507278986
396.0 0.000576363891013898
397.0 0.0005358318958315067
398.0 0.0004952999915985856
399.0 0.0009039502401719801
400.0 0.0013126011253916658
401.0 0.0011932685083593242
402.0 0.0010739359822764527
403.0 0.0011007955436070915
404.0 0.0011276551958872005
405.0 0.001024755238177022
406.0 0.0009218553714163136
407.0 0.0009440154826734215
408.0 0.0009661755939305294
409.0 0.0014173816452967003
410.0 0.001868587605713401
411.0 0.001611611332918983
412.0 0.001354635151074035
413.0 0.0017496246073278598
414.0 0.0021446141545311548
415.0 0.001973285725398455
416.0 0.0018019574781646952
417.0 0.0013426980331132654
418.0 0.0008834384971123654
419.0 0.0014809873391641304
420.0 0.002078536090266425
421.0 0.003844702587230131
422.0 0.005610869629890658
423.0 0.008546408935217187
424.0 0.011481946421554312
425.0 0.015188672114163637
426.0 0.018895399989560246
427.0 0.019169601728208363
428.0 0.01944380928762257
429.0 0.015715076006017625
430.0 0.011986341996816918
431.0 0.008191184315364808
432.0 0.004396024451125413
433.0 0.0036271103454055265
434.0 0.0028581962396856397
435.0 0.0023515203793067485
436.0 0.0018448445189278573
437.0 0.0012534464985947125
438.0 0.0006620486146857729
439.0 0.0007535502845712472
440.0 0.0008450519089819863
441.0 0.0012134025382692926
442.0 0.0015817531675565988
443.0 0.001753836841089651
444.0 0.0019259205146227032
445.0 0.0016673162463121116
446.0 0.00140871197800152
447.0 0.0013968901839689352
448.0 0.0013850678442395292
449.0 0.0014211831512511708
450.0 0.0014572979125659913
451.0 0.0013272780961415265
452.0 0.0011972580978181213
453.0 0.0012457459888537414
454.0 0.0012942337889398914
455.0 0.0010787578503368422
456.0 0.0008632819117337931
457.0 0.0008965494998847134
458.0 0.000929817178985104
459.0 0.0009496009624854196
460.0 0.000969384655036265
461.0 0.0015677653209422715
462.0 0.0021661462596966885
463.0 0.0030246223104768433
464.0 0.003883098906953819
465.0 0.004677001561503857
466.0 0.005470903488458134
467.0 0.006015671533532441
468.0 0.006560439942404628
469.0 0.00570943157072179
470.0 0.004858422835241072
471.0 0.003516254582791589
472.0 0.0021740863303421065
473.0 0.001609836363059003
474.0 0.0010455863048264291
475.0 0.000965921935858205
476.0 0.0008862575668899808
477.0 0.0007662070856895298
478.0 0.0006461566044890787
479.0 0.0005879925538465613
480.0 0.0005298284577293089
481.0 0.0004004220500064548
482.0 0.00027101564228360076
483.0 0.00033735773286025506
484.0 0.0004036999598611146
485.0 0.0004977612661605235
486.0 0.0005918225269851973
487.0 0.0005338599748938577
488.0 0.0004758974228025181
489.0 0.0007558577635791153
490.0 0.0010358180588809773
491.0 0.0008614832040620968
492.0 0.0006871484856674215
493.0 0.0007916983122413512
494.0 0.0008962478204921354
495.0 0.0009373175089422148
496.0 0.0009783871973922942
497.0 0.0009786834198166616
498.0 0.000978979642241029
499.0 0.001016488931782078
500.0 0.001053998221323127
501.0 0.0013824095731251873
502.0 0.0017108208339777775
503.0 0.0018960177840199322
504.0 0.0020812145521631464
505.0 0.0024748002033447847
506.0 0.002868385854526423
507.0 0.0036546141927829012
508.0 0.004440842167241499
509.0 0.004938061101711355
510.0 0.005435280399979092
511.0 0.004852180791203864
512.0 0.004269081546226516
513.0 0.0036153778637526557
514.0 0.002961673635581974
515.0 0.0027842655981658027
516.0 0.0026068575607496314
517.0 0.00252802565228194
518.0 0.0024491935619153082
519.0 0.007548659777967259
520.0 0.1141462242230773
521.0 0.044798015733249485
522.0 0.13889020774513483
523.0 0.1302356831729412
524.0 0.09853913215920329
525.0 0.11219879379495978
526.0 0.032141272095032036
527.0 0.04241051210556179
528.0 0.18375905929133296
529.0 0.06197006441652775
530.0 0.20479580853134394
531.0 0.13870942639186978
532.0 0.29843919910490513
533.0 0.2865381073206663
534.0 0.39968392811715603
535.0 0.4073549062013626
536.0 0.4921096842736006
537.0 0.7172288838773966
538.0 1.2185919098556042
539.0 1.8144413828849792
540.0 2.9394254088401794
541.0 4.448958486318588
542.0 6.566135585308075
543.0 9.378442913293839
544.0 12.754008173942566
545.0 16.513796150684357
546.0 21.051135659217834
547.0 26.77755057811737
548.0 34.13952887058258
549.0 42.02045202255249
550.0 49.0638792514801
551.0 56.99470639228821
552.0 62.77293562889099
553.0 68.40746402740479
554.0 72.9494571685791
555.0 77.11709141731262
556.0 80.90944290161133
557.0 84.07033681869507
558.0 87.3384416103363
559.0 90.95149636268616
560.0 91.94580316543579
561.0 93.80854964256287
562.0 94.79957222938538
563.0 94.74691152572632
564.0 95.35940289497375
565.0 95.11901140213013
566.0 95.48377990722656
567.0 94.764244556427
568.0 95.50167322158813
569.0 95.94193696975708
570.0 95.50771713256836
571.0 96.31526470184326
572.0 96.31435871124268
573.0 96.24409675598145
574.0 96.6665267944336
575.0 96.55306339263916
576.0 97.38634824752808
577.0 96.91590070724487
578.0 97.08404541015625
579.0 96.55886888504028
580.0 96.40536308288574
581.0 96.1778998374939
582.0 96.79310321807861
583.0 96.63583636283875
584.0 95.80436944961548
585.0 96.05153799057007
586.0 96.1778461933136
587.0 95.74479460716248
588.0 96.06732130050659
589.0 96.78153991699219
590.0 96.05070948600769
591.0 95.63018679618835
592.0 95.65887451171875
593.0 95.42648792266846
594.0 95.65560817718506
595.0 95.81195116043091
596.0 96.51375412940979
597.0 96.86506390571594
598.0 96.16022109985352
599.0 96.2420403957367
600.0 96.12512588500977
601.0 95.80154418945312
602.0 96.17727398872375
603.0 95.74353694915771
604.0 96.1722195148468
605.0 96.47199511528015
606.0 96.20224237442017
607.0 95.76603174209595
608.0 96.00744247436523
609.0 95.42288184165955
610.0 95.32615542411804
611.0 95.43392062187195
612.0 95.30448913574219
613.0 96.5785801410675
614.0 96.32729291915894
615.0 95.89444994926453
616.0 96.01660966873169
617.0 95.69947123527527
618.0 96.14699482917786
619.0 96.51299715042114
620.0 95.65429091453552
621.0 95.21796703338623
622.0 96.52239084243774
623.0 96.43678665161133
624.0 96.05464935302734
625.0 96.60618901252747
626.0 95.61245441436768
627.0 94.88239884376526
628.0 96.6240406036377
629.0 95.08468508720398
630.0 96.37231230735779
631.0 95.89270949363708
632.0 96.05621695518494
633.0 96.08713984489441
634.0 95.78641057014465
635.0 95.74260115623474
636.0 95.6840455532074
637.0 95.38980722427368
638.0 95.1476514339447
639.0 95.12646198272705
640.0 95.16257643699646
641.0 95.22163271903992
642.0 95.72880268096924
643.0 95.63315510749817
644.0 95.63568234443665
645.0 95.62399387359619
646.0 95.99748849868774
647.0 96.8862235546112
648.0 96.13025784492493
649.0 95.78786492347717
650.0 96.0713803768158
651.0 96.63547277450562
652.0 96.54541015625
653.0 95.60487866401672
654.0 96.6863214969635
655.0 96.29747867584229
656.0 95.49804329872131
657.0 95.42024731636047
658.0 96.08054757118225
659.0 96.13645076751709
660.0 95.3059732913971
661.0 95.25886178016663
662.0 95.50564289093018
663.0 95.4011082649231
664.0 95.5951452255249
665.0 95.099937915802
666.0 95.12320756912231
667.0 95.31803727149963
668.0 94.97337341308594
669.0 95.52216529846191
670.0 95.28402090072632
671.0 95.17070651054382
672.0 95.02401351928711
673.0 95.34417390823364
674.0 95.01890540122986
675.0 95.53024768829346
676.0 94.48979496955872
677.0 93.89898180961609
678.0 93.08276176452637
679.0 92.21354722976685
680.0 91.89344048500061
681.0 90.50612449645996
682.0 88.36184740066528
683.0 85.64425110816956
684.0 82.11115598678589
685.0 78.74467372894287
686.0 75.10147094726562
687.0 70.33759355545044
688.0 65.91351628303528
689.0 61.31591796875
690.0 56.01262450218201
691.0 51.811712980270386
692.0 47.19123840332031
693.0 42.909401655197144
694.0 37.83329427242279
695.0 32.94779360294342
696.0 27.705174684524536
697.0 22.72123396396637
698.0 17.12915152311325
699.0 12.56980448961258
700.0 8.966860920190811
701.0 5.704258009791374
702.0 3.5982564091682434
703.0 2.174641005694866
704.0 1.2480894103646278
705.0 0.7040741853415966
706.0 0.456654978916049
707.0 0.31725484877824783
708.0 0.20635360851883888
709.0 0.1490221475251019
710.0 0.08836176712065935
711.0 0.09655595058575273
712.0 0.06929186638444662
713.0 0.04160979297012091
714.0 0.056487880647182465
715.0 0.063894665800035
716.0 0.05652802065014839
717.0 0.06549887475557625
718.0 0.06062737083993852
719.0 0.038883741945028305
720.0 1.587578809733592e-10
721.0 0.004579291635309346
722.0 0.004508302299655043
723.0 0.004437312964000739
724.0 0.004025977978017181
725.0 0.003614642992033623
726.0 0.003459086292423308
727.0 0.003303529229015112
728.0 0.003173120421706699
729.0 0.0030427114324993454
730.0 0.002830263110809028
731.0 0.002617814789118711
732.0 0.0025218578230123967
733.0 0.002425901038805023
734.0 0.0023064090783009306
735.0 0.002186917481594719
736.0 0.0020927809600834735
737.0 0.001998643892875407
738.0 0.0018665150491870008
739.0 0.0017343860235996544
740.0 0.0017346746972179972
741.0 0.0017349630070384592
742.0 0.0016605714336037636
743.0 0.001586179860169068
744.0 0.0016180154489120468
745.0 0.0016498510376550257
746.0 0.001473208703828277
747.0 0.0012965662790520582
748.0 0.001329161568719428
749.0 0.0013617568583867978
750.0 0.0013171179489290807
751.0 0.0012724789485218935
752.0 0.0011931520930374973
753.0 0.0011138251466036309
754.0 0.0011411685591156129
755.0 0.0011685118806781247
756.0 0.001177321064460557
757.0 0.001186130157293519
758.0 0.0012252901797182858
759.0 0.0012644502930925228
760.0 0.0012859002708864864
761.0 0.0013073506124783307
762.0 0.0011367811566742603
763.0 0.0009662117008701898
764.0 0.0010663593457138631
765.0 0.0011665066267596558
766.0 0.0009886024599836674
767.0 0.0008106985660560895
768.0 0.0008282276212412398
769.0 0.0008457567673758604
770.0 0.0008750669621804263
771.0 0.000904376975086052
772.0 0.0010026187737821601
773.0 0.0011008605724782683
774.0 0.001009811330732191
775.0 0.0009187619980366435
776.0 0.0009312686415796634
777.0 0.000943775648920564
778.0 0.0008115223863569554
779.0 0.0006792692602175521
780.0 0.000681396568324999
781.0 0.0006835236490587704
782.0 0.000758056285121711
783.0 0.0008325889211846516
784.0 0.000804292085376801
785.0 0.0007759949767205399
786.0 0.0007170253411459271
787.0 0.0006580557510460494
788.0 0.0006795017270633252
789.0 0.0007009478849795414
790.0 0.0006436775038309861
791.0 0.0005864068953087553
792.0 0.0005736905222875066
793.0 0.0005609742402157281
794.0 0.000633794161331025
795.0 0.0007066139460221166
796.0 0.000637430275673978
797.0 0.0005682466053258395
798.0 0.0006226601726666559
799.0 0.0006770737400074722
800.0 0.0006981030310271308
801.0 0.0007191320491983788
802.0 0.0007013422873569652
803.0 0.0006835525709902868
804.0 0.0006682073944830336
805.0 0.0006528622179757804
806.0 0.000569699659536127
807.0 0.0004865373284701491
808.0 0.0005499975031852955
809.0 0.0006134576779004419
810.0 0.0007142660706449533
811.0 0.0008150740541168489
812.0 0.0006775429028493818
813.0 0.000540011387784034
814.0 0.0006940766525076469
815.0 0.0008481417353323195
816.0 0.0008746891580813099
817.0 0.0009012365808303002
818.0 0.0006756801667506807
819.0 0.0004501239800447365
820.0 0.0006246283646760276
821.0 0.0007991327038325835
822.0 0.0007478471616195748
823.0 0.0006965617558307713
824.0 0.0006557089363923296
825.0 0.0006148563898022985
826.0 0.0006557775577675784
827.0 0.0006966986802581232
828.0 0.0006362255589920096
829.0 0.0005757526650995715
830.0 0.00024550868147343863
831.0 1.587578809733592e-10
832.0 1.587578809733592e-10
833.0 1.587578809733592e-10
834.0 1.587578809733592e-10
835.0 1.587578809733592e-10
836.0 8.997871780991318e-07
837.0 9.776379101822386e-05
838.0 0.000633816762274364
839.0 0.0011698697562678717
840.0 0.0015564144632662646
841.0 0.0019429595340625383
842.0 0.0023289436285267584
843.0 0.0027149277229909785
844.0 0.002592596320027951
845.0 0.002470264917064924
846.0 0.0020876013877568766
847.0 0.0017049376765498891
848.0 0.00156581518240273
849.0 0.0014266923244576901
850.0 0.0014331734746519942
851.0 0.0014396547157957684
852.0 0.0014310684491647407
853.0 0.0014224822734831832
854.0 0.0012208381122036371
855.0 0.0010191940418735612
856.0 0.0008409389920416288
857.0 0.0006626839876844315
858.0 0.0005340391908248421
859.0 0.00040539457586419303
860.0 0.0003090327936661197
861.0 0.0002126710342054139
862.0 0.00030197504656825913
863.0 0.00039127903619373683
864.0 0.000295767540592351
865.0 0.0002002561132030678
866.0 0.0002377923237872892
867.0 0.00027532851163414307
868.0 0.00012303501080168644
869.0 1.587578809733592e-10
870.0 0.00015940605635478278
871.0 0.0003480706254777033
872.0 0.00029212201297923457
873.0 0.0002361734232181334
874.0 0.0002920261067629326
875.0 0.0003478787675703643
876.0 0.00013286637567944126
877.0 1.587578809733592e-10
878.0 1.587578809733592e-10
879.0 7.101223786776245e-05
880.0 0.00016263619500023196
881.0 0.00025426020329177845
882.0 0.0002163436874980107
883.0 0.00017842720581029425
884.0 0.0001436472985005821
885.0 0.00010886739119086997
886.0 0.0001556454662932083
887.0 0.00020242350728949532
888.0 0.00020304885310906684
889.0 0.0002036742216660059
890.0 0.000147215212109586
891.0 9.075622529053362e-05
892.0 8.60897841903352e-05
893.0 8.142333740579488e-05
894.0 6.004395913805638e-06
895.0 1.587578809733592e-10
896.0 1.587578809733592e-10
897.0 2.4534394071906718e-06
898.0 4.1518994464695425e-06
899.0 5.8503612621052525e-06
900.0 1.587578809733592e-10
901.0 1.587578809733592e-10
