lsstCam/transmission_filter_detector/r32_s21/r_57/19700101T000000.ecsv
# %ECSV 1.0
# ---
# datatype:
# - {name: wavelength, unit: nm, datatype: float32}
# - {name: efficiency, unit: '%', datatype: float64}
# meta: !!omap
# - {MODE: DETECTOR}
# - {TYPE: transmission_filter_detector}
# - {CALIBDATE: '1970-01-01T00:00:00'}
# - {INSTRUME: LSSTCam}
# - {OBSTYPE: transmission_filter_detector}
# - {CALIBCLS: lsst.ip.isr.IntermediateFilterDetectorTransmissionCurve}
# - {SOURCE: Materion (DM-46256)}
# - {DETECTOR: 142}
# - {FILTER: r_57}
# - {CALIB_ID: 'calibDate=1970-01-01T00:00:00 filter=r_57 detector=142'}
# - {DATE: '2025-04-02T15:59:44.841180'}
# - {CALIB_CREATION_DATE: '2025-04-02'}
# - {CALIB_CREATION_TIME: '15:59:44'}
# - __serialized_columns__:
#     efficiency:
#       __class__: astropy.units.quantity.Quantity
#       unit: !astropy.units.Unit {unit: '%'}
#       value: !astropy.table.SerializedColumn {name: efficiency}
#     wavelength:
#       __class__: astropy.units.quantity.Quantity
#       unit: !astropy.units.Unit {unit: nm}
#       value: !astropy.table.SerializedColumn {name: wavelength}
# schema: astropy-2.0
wavelength efficiency
[from data line 603]
903.0 1.587578809733592e-10
904.0 4.0856696159607964e-05
905.0 0.0001540816469969286
906.0 0.0001358784970761917
907.0 0.00011767536989282235
908.0 0.00017919139736477518
909.0 0.0002407073907306767
910.0 0.00014438791140491958
911.0 4.806843207916245e-05
912.0 0.00010260056342303869
913.0 0.00015713266066086362
914.0 0.00017326624401903246
915.0 0.00018939979327114997
916.0 0.00014804649026700645
917.0 0.00010669314178812783
918.0 0.00012012164916086476
919.0 0.00013355014516491792
920.0 0.000146843422044185
921.0 0.00016013669892345206
922.0 0.00016204097619265667
923.0 0.00016394525346186128
924.0 0.00018333855678065447
925.0 0.00020273184873076389
926.0 0.0001959442215593299
927.0 0.00018915660575657967
928.0 0.00018547264062362956
929.0 0.0001817886527533119
930.0 0.0001379476088914089
931.0 9.41065138704289e-05
932.0 0.00011631934739853023
933.0 0.0001385321638736059
934.0 4.1105457171397575e-05
935.0 1.587578809733592e-10
936.0 1.587578809733592e-10
937.0 1.1249102271904121e-05
938.0 1.587578809733592e-10
939.0 1.587578809733592e-10
940.0 1.2014852224240258e-06
941.0 3.2685045425751014e-05
942.0 0.0002579884267106536
943.0 0.0004832917511521373
944.0 0.0004607805294654099
945.0 0.00043826926230394747
946.0 0.0006163418220239691
947.0 0.0007944144272187259
948.0 0.0005977142791380174
949.0 0.00040101422200677916
950.0 0.00043254008232906926
951.0 0.0004640658971766243
952.0 0.0005974584837531438
953.0 0.0007308511612791335
954.0 0.0009088168553716969
955.0 0.0010867827768379357
956.0 0.0011855424418172333
957.0 0.0012843020158470608
958.0 0.0014446093700826168
959.0 0.0016049169062171131
960.0 0.001834404974943027
961.0 0.0020638928617700003
962.0 0.002132985900971107
963.0 0.0022020787582732737
964.0 0.0023340100597124547
965.0 0.002465941543050576
966.0 0.002396250783931464
967.0 0.002326560570509173
968.0 0.0023390368369291537
969.0 0.0023515131033491343
970.0 0.002446731559757609
971.0 0.002541949834267143
972.0 0.002582849447207991
973.0 0.0026237492420477793
974.0 0.0027750598746933974
975.0 0.002926371234934777
976.0 0.002989770109707024
977.0 0.0030531693482771516
978.0 0.0030318335120682605
979.0 0.0030104973120614886
980.0 0.0030617055017501116
981.0 0.0031129140552366152
982.0 0.003104242932749912
983.0 0.003095571810263209
984.0 0.0030193365091690794
985.0 0.00294310138997389
986.0 0.0028519811166916043
987.0 0.0027608613891061395
988.0 0.0026711337341112085
989.0 0.002581406442914158
990.0 0.0026077927032019943
991.0 0.002634179145388771
992.0 0.0025292412829003297
993.0 0.002424303056614008
994.0 0.0024412967832176946
995.0 0.002458290873619262
996.0 0.0025062377972062677
997.0 0.0025541847207932733
998.0 0.0026844511012313887
999.0 0.002814717299770564
1000.0 0.0029799963158438914
1001.0 0.003145275331917219
1002.0 0.003320437463116832
1003.0 0.003495599958114326
1004.0 0.0036383760743774474
1005.0 0.0037811521906405687
1006.0 0.003881850716425106
1007.0 0.0039825499698054045
1008.0 0.004030161653645337
1009.0 0.004077773337485269
1010.0 0.004024564623250626
1011.0 0.003971355909015983
1012.0 0.004002433342975564
1013.0 0.004033510776935145
1014.0 0.0039158807339845225
1015.0 0.0037982510548317805
1016.0 0.0033818389056250453
1017.0 0.0029654260288225487
1018.0 0.0028238540835445747
1019.0 0.00268228177446872
1020.0 0.0024207340175053105
1021.0 0.00215918571484508
1022.0 0.0018815731891663745
1023.0 0.0016039604815887287
1024.0 0.0014782040125282947
1025.0 0.0013524479982152116
1026.0 0.001171234998764703
1027.0 0.0009900225450110156
1028.0 0.0009649009371059947
1029.0 0.0009397795110999141
1030.0 0.0009304156264988706
1031.0 0.000921051741897827
1032.0 0.0007962169547681697
1033.0 0.0006713821221637772
1034.0 0.0006851189027656801
1035.0 0.000698855683367583
1036.0 0.0005793975105916616
1037.0 0.00045993929234100506
1038.0 0.0007234588792925933
1039.0 0.0009869783752947114
1040.0 0.0008943951797846239
1041.0 0.0008018117114261258
1042.0 0.0008270490980066825
1043.0 0.0008522866664861795
1044.0 0.000830011867947178
1045.0 0.0008077371603576466
1046.0 0.0006495952675322769
1047.0 0.0004914533292321721
1048.0 0.0004924203949485673
1049.0 0.0004933875516144326
1050.0 0.0007508104317821562
1051.0 0.0010082330845762044
1052.0 0.0010705075510486495
1053.0 0.0011327816537232138
1054.0 0.001118089676310774
1055.0 0.0011033977898478042
1056.0 0.0009653504093876109
1057.0 0.0008273031198768876
1058.0 0.000989951968222158
1059.0 0.0011526007256179582
1060.0 0.0010946802831313107
1061.0 0.0010367595677962527
1062.0 0.0010573595318419393
1063.0 0.0010779595868370961
1064.0 0.0013410509382083546
1065.0 0.0016041423805290833
1066.0 0.0020035766283399425
1067.0 0.002403010512352921
1068.0 0.002395442788838409
1069.0 0.002387874701526016
1070.0 0.002098120421578642
1071.0 0.0018083663235302083
1072.0 0.002303960354765877
1073.0 0.0027995547497994266
1074.0 0.0024821814804454334
1075.0 0.0021648080291925
1076.0 0.00224516807065811
1077.0 0.0023255277483258396
1078.0 0.0030626877560280263
1079.0 0.003799847763730213
1080.0 0.0036342244129627943
1081.0 0.0034686010621953756
1082.0 0.003958730667363852
1083.0 0.004448860272532329
1084.0 0.003949269012082368
1085.0 0.0034496773878345266
1086.0 0.004084917236468755
1087.0 0.0047201574489008635
1088.0 0.004058079139213078
1089.0 0.003396000829525292
1090.0 0.0029563096177298576
1091.0 0.002516618224035483
1092.0 0.0030592211260227486
1093.0 0.003601824209908955
1094.0 0.0029714121410506777
1095.0 0.0023410006178892218
1096.0 0.003017663402715698
1097.0 0.0036943263694411144
1098.0 0.0025717208700370975
1099.0 0.0014491153706330806
1100.0 0.0013125782970746513
1101.0 0.0011760410416172817
