lsstCam/transmission_filter_detector/r02_s11/z_20/19700101T000000.ecsv
# %ECSV 1.0
# ---
# datatype:
# - {name: wavelength, unit: nm, datatype: float32}
# - {name: efficiency, unit: '%', datatype: float64}
# meta: !!omap
# - {MODE: DETECTOR}
# - {TYPE: transmission_filter_detector}
# - {CALIBDATE: '1970-01-01T00:00:00'}
# - {INSTRUME: LSSTCam}
# - {OBSTYPE: transmission_filter_detector}
# - {CALIBCLS: lsst.ip.isr.IntermediateFilterDetectorTransmissionCurve}
# - {SOURCE: Materion (DM-46256)}
# - {DETECTOR: 13}
# - {FILTER: z_20}
# - {CALIB_ID: 'calibDate=1970-01-01T00:00:00 filter=z_20 detector=13'}
# - {DATE: '2025-04-02T15:59:48.694538'}
# - {CALIB_CREATION_DATE: '2025-04-02'}
# - {CALIB_CREATION_TIME: '15:59:48'}
# - __serialized_columns__:
#     efficiency:
#       __class__: astropy.units.quantity.Quantity
#       unit: !astropy.units.Unit {unit: '%'}
#       value: !astropy.table.SerializedColumn {name: efficiency}
#     wavelength:
#       __class__: astropy.units.quantity.Quantity
#       unit: !astropy.units.Unit {unit: nm}
#       value: !astropy.table.SerializedColumn {name: wavelength}
# schema: astropy-2.0
wavelength efficiency
300.0 0.8742594160139561
301.0 0.5887611769139767
302.0 0.3032630542293191
303.0 0.29523654375225306
304.0 0.28721000999212265
305.0 0.24369044695049524
306.0 0.20017081405967474
307.0 0.18330322345718741
308.0 0.16643564449623227
309.0 0.14613065868616104
310.0 0.125825684517622
311.0 0.12692557647824287
312.0 0.1280255033634603
313.0 0.11224732734262943
314.0 0.09646916296333075
315.0 0.09578715544193983
316.0 0.09510514792054892
317.0 0.07969634025357664
318.0 0.06428755004890263
319.0 0.06409762427210808
320.0 0.06390769849531353
321.0 0.06319532985799015
322.0 0.06248296704143286
323.0 0.054673332488164306
324.0 0.04686370666604489
325.0 0.04371354007162154
326.0 0.04056337056681514
327.0 0.0397832365706563
328.0 0.03900310257449746
329.0 0.03434228419791907
330.0 0.02968146582134068
331.0 0.02703270874917507
332.0 0.024383951677009463
333.0 0.023518595844507217
334.0 0.022653235646430403
335.0 0.021346326684579253
336.0 0.020039417722728103
337.0 0.024212479183916003
338.0 0.028385533369146287
339.0 0.024369137827306986
340.0 0.02035274519585073
341.0 0.017063695122487843
342.0 0.013774647959508002
343.0 0.01365867501590401
344.0 0.01354270352749154
345.0 0.012762892583850771
346.0 0.011983080912614241
347.0 0.011422490933910012
348.0 0.010861903865588829
349.0 0.013444345677271485
350.0 0.016026788216549903
351.0 0.01332328247372061
352.0 0.010619771637720987
353.0 0.011167621414642781
354.0 0.011715472646756098
355.0 0.010007467062678188
356.0 0.008299461478600278
357.0 0.009315409988630563
358.0 0.010331361409043893
359.0 0.010052843572339043
360.0 0.00977432428044267
361.0 0.00887474452611059
362.0 0.007975166954565793
363.0 0.009223401866620407
364.0 0.010471635323483497
365.0 0.010177732474403456
366.0 0.009883831808110699
367.0 0.00867072885739617
368.0 0.007457625906681642
369.0 0.007906863174866885
370.0 0.00835610117064789
371.0 0.00830642384244129
372.0 0.008256747969426215
373.0 0.007205645670183003
374.0 0.0061545455537270755
375.0 0.006437316187657416
376.0 0.006720086821587756
377.0 0.007075156463542953
378.0 0.007430224650306627
379.0 0.006258093344513327
380.0 0.005085961674922146
381.0 0.0032289583032252267
382.0 0.0013719554772251286
383.0 0.0035611101338872686
384.0 0.005750264972448349
385.0 0.005516575038200244
386.0 0.00528288546775002
387.0 0.005894225250813179
388.0 0.006505566125269979
389.0 0.0057430828746873885
390.0 0.004980600351700559
391.0 0.004649075344786979
392.0 0.004317550337873399
393.0 0.004796565917786211
394.0 0.005275581497699022
395.0 0.004338096914580092
396.0 0.0034006116038654
397.0 0.0035687022318597883
398.0 0.0037367921322584152
399.0 0.003991648554801941
400.0 0.004246504249749705
401.0 0.004638983227778226
402.0 0.005031462205806747
403.0 0.005124905874254182
404.0 0.005218350270297378
405.0 0.004274368257028982
406.0 0.003330386971356347
407.0 0.001804655221349094
408.0 0.0002789241307254997
409.0 0.0019103466911474243
410.0 0.003541769547155127
411.0 0.004080914368387312
412.0 0.0046200591896194965
413.0 0.004432975765666924
414.0 0.004245891614118591
415.0 0.0034675180359045044
416.0 0.0026891448214882985
417.0 0.0037887140933889896
418.0 0.004888283729087561
419.0 0.004409759276313707
420.0 0.003931234459741972
421.0 0.003795138036366552
422.0 0.0036590423405868933
423.0 0.0035434775782050565
424.0 0.003427913907216862
425.0 0.0025823976102401502
426.0 0.0017368816770613194
427.0 0.0018900907889474183
428.0 0.0020433000827324577
429.0 0.0013011926057515666
430.0 0.0005590854470938211
431.0 0.0006796075012971414
432.0 0.0008001292371773161
433.0 0.0007138478849810781
434.0 0.0006275666237343103
435.0 0.0012352829799056053
436.0 0.0018429993360769004
437.0 0.001941807204275392
438.0 0.0020406150724738836
439.0 0.0020915733330184594
440.0 0.002142531593563035
441.0 0.0015970446838764474
442.0 0.0010515580470382702
443.0 0.00221326008613687
444.0 0.0033749623980838805
445.0 0.0033437572710681707
446.0 0.003312552144052461
447.0 0.0025524226657580584
448.0 0.001792293187463656
449.0 0.00256114944932051
450.0 0.0033300060749752447
451.0 0.002592156124592293
452.0 0.0018543058104114607
453.0 0.0017033748008543625
454.0 0.001552444155095145
455.0 0.0023272503312909976
456.0 0.00310205650748685
457.0 0.0023158014300861396
458.0 0.0015295463526854292
459.0 0.0015978004739736207
460.0 0.0016660545952618122
461.0 0.0007736388397461269
462.0 1.6357509964592953e-10
463.0 0.00095349478215212
464.0 0.002025766661972739
465.0 0.002272646815981716
466.0 0.0025195273337885737
467.0 0.002168079481634777
468.0 0.0018166310837841593
469.0 0.0016377962310798466
470.0 0.0014589610145776533
471.0 0.0013619545825349633
472.0 0.0012649483323912136
473.0 0.001239016819454264
474.0 0.0012130853065173142
475.0 0.0010865261174330954
476.0 0.0009599669283488765
477.0 0.0013454329746309668
478.0 0.0017308988390141167
479.0 0.0020374985979287885
480.0 0.0023440983568434604
481.0 0.0018321563402423635
482.0 0.0013202140507928561
483.0 0.0008802603588264901
484.0 0.0004403065759106539
485.0 0.001256883751921123
486.0 0.002073460927931592
487.0 0.0014363895388669334
488.0 0.0007993180588528048
489.0 0.0016110836440930143
490.0 0.0024228495021816343
491.0 0.0022927286408958025
492.0 0.0021626077796099707
493.0 0.0020237033822922967
494.0 0.0018847989849746227
495.0 0.0016532798326807097
496.0 0.0014217605894373264
497.0 0.0012438202247722074
498.0 0.0010658800420060288
499.0 0.0012063625945302192
500.0 0.00134684532895335
501.0 0.0008529193110007327
502.0 0.00035899308841180755
503.0 0.001196112953039119
504.0 0.0020332327039795928
505.0 0.0021882089640712366
506.0 0.0023431854060618207
507.0 0.0022431051547755487
508.0 0.002143024539691396
509.0 0.001873070141300559
510.0 0.0016031159248086624
511.0 0.001198388599732425
512.0 0.0007936613656056579
513.0 0.0012813886314688716
514.0 0.0017691161701804958
515.0 0.0013505637070920784
516.0 0.000932011789700482
517.0 0.0008719689503777772
518.0 0.0008119261110550724
519.0 0.001087679174816003
520.0 0.001363431874779053
521.0 0.001709568823571317
522.0 0.0020557057723635808
523.0 0.001382543814543169
524.0 0.0007093819476722274
525.0 0.0007449072654708289
526.0 0.0007804326742189005
527.0 0.0011484545211715158
528.0 0.0015164766409725416
529.0 0.0012873809282609727
530.0 0.0010582844879536424
531.0 0.0011250136594753712
532.0 0.0011917425581486896
533.0 0.000827545954962261
534.0 0.0004633493517758325
535.0 0.0010637882951414213
536.0 0.0016642270566080697
537.0 0.0016142346794367768
538.0 0.0015642423022654839
539.0 0.0011427549907239154
540.0 0.0007212673608592013
541.0 0.0007683102921873797
542.0 0.0008153534508892335
543.0 0.0011914530659851152
544.0 0.0015675528629799373
545.0 0.0010608249795041047
546.0 0.0005540974598261528
547.0 0.001228981727763312
548.0 0.0019038656319025904
549.0 0.0016732790754758753
550.0 0.00144269242809969
551.0 0.00147403607115848
552.0 0.0015053794413688593
553.0 0.0013061987374385353
554.0 0.001107017851609271
555.0 0.001038868595060194
556.0 0.0009707193385111168
557.0 0.0013274342563818209
558.0 0.0016841489923535846
559.0 0.0017474561900598928
560.0 0.00181076284206938
561.0 0.001604239696462173
562.0 0.001397716550854966
563.0 0.0011466322575870436
564.0 0.0008955479643191211
565.0 0.0016544336176593788
566.0 0.0024133198166964576
567.0 0.0027734469767892733
568.0 0.003133574136882089
569.0 0.0029765677027171478
570.0 0.002819561450451147
571.0 0.002667906846909318
572.0 0.002516252061468549
573.0 0.0020130290067754686
574.0 0.0015098060430318583
575.0 0.0019564311514841393
576.0 0.00240305616898695
577.0 0.0020062534531462006
578.0 0.0016094512830022722
579.0 0.0017632086382946
580.0 0.0019169658116879873
581.0 0.001683170376054477
582.0 0.0014493747585220262
583.0 0.0019109060303890146
584.0 0.0023724374841549434
585.0 0.00253624366450822
586.0 0.002700049662962556
587.0 0.002054947071883362
588.0 0.001409844117006287
589.0 0.002032694283116143
590.0 0.0026555446311249398
591.0 0.0018569553503766656
592.0 0.001058365887729451
593.0 0.0008046006769291125
594.0 0.0005508352842298336
595.0 0.0010116456905961968
596.0 0.0014724560060130898
597.0 0.0013403526281763334
598.0 0.001208249250339577
599.0 0.0008870413694239687
600.0 0.0005658337158820359
601.0 0.0005198146936891135
602.0 0.0004737955350719858
603.0 0.0009450377547182143
604.0 0.0014162795196170919
605.0 0.0008735336450627074
606.0 0.00033078736123570707
607.0 0.0007558298420917708
608.0 0.0011808724593720399
609.0 0.0012032474842271768
610.0 0.001225622236233903
611.0 0.0010389706403657328
612.0 0.0008523188625986222
613.0 0.0008060935215326026
614.0 0.0007598683623655234
615.0 0.0012091981261619367
616.0 0.0016585283447057009
617.0 0.0021715250113629736
618.0 0.0026845216780202463
619.0 0.002234230487374589
620.0 0.0017839389329310507
621.0 0.0015220861314446665
622.0 0.0012602328752109315
623.0 0.001599871575308498
624.0 0.0019395101844565943
625.0 0.0017359276171191595
626.0 0.0015323452316806652
627.0 0.0018803406419465318
628.0 0.0022283365979092196
629.0 0.0020413624952198006
630.0 0.0018543882106314413
631.0 0.001656671884120442
632.0 0.0014589555576094426
633.0 0.0017866961570689455
634.0 0.0021144369384273887
635.0 0.0051030794566031545
636.0 0.008091721247183159
637.0 0.015437604452017695
638.0 0.022783488384447992
639.0 0.01985374983632937
640.0 0.016924008377827704
641.0 0.014634455146733671
642.0 0.012344904826022685
643.0 0.009856702672550455
644.0 0.007368501246673986
645.0 0.006691570160910487
646.0 0.0060146398027427495
647.0 0.005475571379065514
648.0 0.004936502591590397
649.0 0.0040424118196824566
650.0 0.003148321047774516
651.0 0.0035918321373173967
652.0 0.004035343590658158
653.0 0.003271328387199901
654.0 0.0025073135475395247
655.0 0.002801183109113481
656.0 0.0030950533982831985
657.0 0.002956441676360555
658.0 0.0028178294087410904
659.0 0.0026582130885799415
660.0 0.0024985971322166733
661.0 0.002704057806113269
662.0 0.0029095182981109247
663.0 0.0019805376723525114
664.0 0.0010515571375435684
665.0 0.0015780035028001294
666.0 0.002104450140905101
667.0 0.0023838059860281646
668.0 0.0026631620130501688
669.0 0.0019517785403877497
670.0 0.0012403949767758604
671.0 0.0009622161996958312
672.0 0.000684037468090537
673.0 0.0013427104022412095
674.0 0.0020013836547150277
675.0 0.002097404831147287
676.0 0.0021934254618827254
677.0 0.0019552257072064094
678.0 0.0017170254068332724
679.0 0.001404216163791716
680.0 0.0010914068298006896
681.0 0.0012112354852433782
682.0 0.0013310639587871265
683.0 0.0024304274120368063
684.0 0.0035297911381348968
685.0 0.0028867629225715064
686.0 0.002243735252704937
687.0 0.0016717151083867066
688.0 0.0010996949640684761
689.0 0.0014728764654137194
690.0 0.0018460577848600224
691.0 0.0021805371943628415
692.0 0.0025150160581688397
693.0 0.0028022161131957546
694.0 0.003089415986323729
695.0 0.0032309941161656752
696.0 0.00337257151841186
697.0 0.003668141653179191
698.0 0.0039637114241486415
699.0 0.005775835597887635
700.0 0.007587960863020271
701.0 0.007191312033683062
702.0 0.0067946639319416136
703.0 0.006251751619856805
704.0 0.005708839307771996
705.0 0.005088302714284509
706.0 0.004467766120797023
707.0 0.004263730806997046
708.0 0.004059695493197069
709.0 0.004222369170747697
710.0 0.004385042848298326
711.0 0.003929534432245418
712.0 0.003474027107586153
713.0 0.002504081930965185
714.0 0.0015341369362431578
715.0 0.0022161530068842694
716.0 0.002898169077525381
717.0 0.00249092627200298
718.0 0.002083683284581639
719.0 0.0016345433323294856
720.0 0.0011854030162794515
721.0 0.0011487374649732374
722.0 0.0011120715498691425
723.0 0.0010070287316921167
724.0 0.0009019859135150909
725.0 0.001268220876227133
726.0 0.0016344562027370557
727.0 0.0017510006728116423
728.0 0.0018675449609872885
729.0 0.0018410461052553728
730.0 0.0018145472495234571
731.0 0.0013868009773432277
732.0 0.000959055068960879
733.0 0.0009573187526257243
734.0 0.0009555821634421591
735.0 0.0010191483852395322
736.0 0.0010827143341884948
737.0 0.0013071341527393088
738.0 0.0015315537893911824
739.0 0.00121805915114237
740.0 0.0009045644219440874
741.0 0.0010364936315454543
742.0 0.001168422750197351
743.0 0.0016130150470416993
744.0 0.002057606980088167
745.0 0.001357249766442692
746.0 0.000656892598271952
747.0 0.0011546998393896502
748.0 0.0016525071259820834
749.0 0.002317146754649002
750.0 0.002981786565214861
751.0 0.0029397164325928316
752.0 0.0028976464818697423
753.0 0.002897853482863866
754.0 0.0028980606657569297
755.0 0.001900857205328066
756.0 0.0009036537448992021
757.0 0.0018905255274148658
758.0 0.00287739749182947
759.0 0.0026977630113833584
760.0 0.002518128530937247
761.0 0.0044070060539525
762.0 0.006295883940765634
763.0 0.005740003325627185
764.0 0.005184123074286617
765.0 0.005203059845371172
766.0 0.005221997344051488
767.0 0.004489270577323623
768.0 0.003756542719202116
769.0 0.003359313268447295
770.0 0.0029620841814903542
771.0 0.0038718990253983065
772.0 0.00478171423310414
773.0 0.003996769373770803
774.0 0.003211824514437467
775.0 0.031178546487353742
776.0 0.0812188140116632
777.0 1.6357509964592953e-10
778.0 1.6357509964592953e-10
779.0 0.014406720583792776
780.0 1.6357509964592953e-10
781.0 0.07026635576039553
782.0 0.05214650300331414
783.0 0.05555306561291218
784.0 1.6357509964592953e-10
785.0 0.019720477575901896
786.0 1.6357509964592953e-10
787.0 1.6357509964592953e-10
788.0 0.046393086086027324
789.0 0.024956068955361843
790.0 1.6357509964592953e-10
791.0 0.04367005603853613
792.0 0.005695687286788598
793.0 0.07661445997655392
794.0 0.04820202593691647
795.0 0.003890449079335667
796.0 0.10637737577781081
797.0 0.004078185884281993
798.0 0.24876240640878677
799.0 0.2446130383759737
800.0 0.27817299123853445
801.0 0.4498906899243593
802.0 0.8614873513579369
803.0 1.4177611097693443
804.0 2.421557530760765
805.0 3.590979054570198
806.0 5.258536338806152
807.0 7.451450824737549
808.0 9.898824244737625
809.0 12.931685149669647
810.0 16.220110654830933
811.0 19.41848397254944
812.0 22.18603491783142
813.0 25.603270530700684
814.0 29.098403453826904
815.0 34.31137502193451
816.0 39.617156982421875
817.0 45.7002729177475
818.0 52.04769968986511
819.0 58.54089856147766
820.0 66.32775664329529
821.0 73.83237481117249
822.0 79.7880232334137
823.0 84.43778157234192
824.0 89.17055130004883
825.0 92.83635020256042
826.0 95.65237760543823
827.0 96.97135090827942
828.0 98.81654381752014
829.0 99.07479882240295
830.0 98.5394835472107
831.0 98.6796498298645
832.0 98.45940470695496
833.0 99.57048892974854
834.0 98.16503524780273
835.0 99.18392300605774
836.0 99.17247295379639
837.0 98.69281649589539
838.0 97.98851013183594
839.0 98.46386909484863
840.0 98.70381951332092
841.0 99.34648871421814
842.0 99.31142926216125
843.0 99.7406542301178
844.0 97.96813130378723
845.0 98.54129552841187
846.0 98.52182865142822
847.0 98.74613881111145
848.0 99.47948455810547
849.0 98.69588613510132
850.0 97.98309206962585
851.0 99.10034537315369
852.0 99.34064745903015
853.0 98.6234962940216
854.0 100.0983476638794
855.0 98.3372449874878
856.0 98.88960123062134
857.0 97.90617823600769
858.0 98.43674898147583
859.0 99.28672909736633
860.0 98.59136939048767
861.0 98.92293214797974
862.0 99.0343987941742
863.0 98.07049632072449
864.0 99.55700039863586
865.0 99.51094388961792
866.0 98.77106547355652
867.0 99.26568269729614
868.0 99.66819882392883
869.0 98.65822196006775
870.0 98.18812012672424
871.0 98.79943132400513
872.0 99.16196465492249
873.0 99.37487244606018
874.0 99.88908767700195
875.0 98.9664614200592
876.0 99.09750819206238
877.0 99.27214980125427
878.0 98.84790778160095
879.0 98.6440122127533
880.0 98.36809039115906
881.0 100.0867247581482
882.0 98.86217713356018
883.0 98.7813413143158
884.0 99.10513758659363
885.0 98.97353649139404
886.0 98.67706894874573
887.0 98.29018115997314
888.0 98.87446165084839
889.0 99.55117702484131
890.0 98.20505976676941
891.0 99.56768751144409
892.0 98.60177636146545
893.0 98.80858659744263
894.0 98.13130497932434
895.0 99.30685758590698
