lsstCam/transmission_filter_detector/r02_s11/z_20/19700101T000000.ecsv
# %ECSV 1.0
# ---
# datatype:
# - {name: wavelength, unit: nm, datatype: float32}
# - {name: efficiency, unit: '%', datatype: float64}
# meta: !!omap
# - {MODE: DETECTOR}
# - {TYPE: transmission_filter_detector}
# - {CALIBDATE: '1970-01-01T00:00:00'}
# - {INSTRUME: LSSTCam}
# - {OBSTYPE: transmission_filter_detector}
# - {CALIBCLS: lsst.ip.isr.IntermediateFilterDetectorTransmissionCurve}
# - {SOURCE: Materion (DM-46256)}
# - {DETECTOR: 13}
# - {FILTER: z_20}
# - {CALIB_ID: 'calibDate=1970-01-01T00:00:00 filter=z_20 detector=13'}
# - {DATE: '2025-04-02T15:59:48.694538'}
# - {CALIB_CREATION_DATE: '2025-04-02'}
# - {CALIB_CREATION_TIME: '15:59:48'}
# - __serialized_columns__:
#     efficiency:
#       __class__: astropy.units.quantity.Quantity
#       unit: !astropy.units.Unit {unit: '%'}
#       value: !astropy.table.SerializedColumn {name: efficiency}
#     wavelength:
#       __class__: astropy.units.quantity.Quantity
#       unit: !astropy.units.Unit {unit: nm}
#       value: !astropy.table.SerializedColumn {name: wavelength}
# schema: astropy-2.0
wavelength efficiency
[from data line 597]
897.0 99.0254819393158
898.0 98.89200925827026
899.0 98.64143133163452
900.0 98.85597229003906
901.0 99.18195605278015
902.0 99.31439161300659
903.0 98.43969345092773
904.0 97.76962399482727
905.0 98.52650165557861
906.0 97.9676365852356
907.0 98.84729981422424
908.0 98.18717837333679
909.0 97.89043068885803
910.0 98.07931780815125
911.0 96.80947065353394
912.0 95.92222571372986
913.0 94.82523202896118
914.0 92.73601770401001
915.0 90.14690518379211
916.0 88.0460798740387
917.0 86.55343651771545
918.0 83.05385708808899
919.0 81.67386054992676
920.0 78.80082726478577
921.0 75.08867979049683
922.0 70.50135731697083
923.0 64.73715901374817
924.0 59.49443578720093
925.0 53.832024335861206
926.0 47.61820435523987
927.0 40.634703636169434
928.0 34.56448018550873
929.0 28.20059061050415
930.0 22.718633711338043
931.0 17.545126378536224
932.0 12.123501300811768
933.0 7.968433201313019
934.0 4.938057065010071
935.0 3.064774163067341
936.0 1.7722036689519882
937.0 0.9948916733264923
938.0 0.6516685243695974
939.0 0.3850925946608186
940.0 0.16439437167719007
941.0 0.043807734618894756
942.0 0.12360407272353768
943.0 0.0011194991202501114
944.0 1.6357509964592953e-10
945.0 0.02857763902284205
946.0 0.14887508004903793
947.0 1.6357509964592953e-10
948.0 1.6357509964592953e-10
949.0 1.6357509964592953e-10
950.0 0.0632938405033201
951.0 1.6357509964592953e-10
952.0 0.03675545449368656
953.0 1.6357509964592953e-10
954.0 0.05045437719672918
955.0 1.6357509964592953e-10
956.0 1.6357509964592953e-10
957.0 1.6357509964592953e-10
958.0 1.6357509964592953e-10
959.0 1.6357509964592953e-10
960.0 0.013874456635676324
961.0 1.6357509964592953e-10
962.0 1.6357509964592953e-10
963.0 0.004067760892212391
964.0 0.019602537213359028
965.0 0.026580606936477125
966.0 0.01841600751504302
967.0 1.6357509964592953e-10
968.0 0.07268684566952288
969.0 0.05697516608051956
970.0 1.6357509964592953e-10
971.0 0.018468637426849455
972.0 1.6357509964592953e-10
973.0 0.012294483894947916
974.0 1.6357509964592953e-10
975.0 1.6357509964592953e-10
976.0 0.006367026799125597
977.0 0.006333007331704721
978.0 0.0062989907746668905
979.0 0.006076572753954679
980.0 0.005854153641848825
981.0 0.005724449147237465
982.0 0.005594745016423985
983.0 0.005470483665703796
984.0 0.005346222678781487
985.0 0.005195864287088625
986.0 0.005045505167800002
987.0 0.004994913979317062
988.0 0.004944322427036241
989.0 0.004813272971659899
990.0 0.0046822238800814375
991.0 0.004778568472829647
992.0 0.004874913793173619
993.0 0.004880037522525527
994.0 0.004885160524281673
995.0 0.004806722063221969
996.0 0.004728284329758026
997.0 0.004537724089459516
998.0 0.004347164212958887
999.0 0.004329193689045496
1000.0 0.004311223165132105
1001.0 0.004492471634875983
1002.0 0.00467371974082198
1003.0 0.004527842975221574
1004.0 0.004381965845823288
1005.0 0.004251500649843365
1006.0 0.004121035090065561
1007.0 0.004221384733682498
1008.0 0.004321734741097316
1009.0 0.00438756869698409
1010.0 0.004453402289072983
1011.0 0.004458488911041059
1012.0 0.0044635751692112535
1013.0 0.004364940105006099
1014.0 0.004266304677003063
1015.0 0.004424413418746553
1016.0 0.004582521796692163
1017.0 0.004855401857639663
1018.0 0.005128282282385044
1019.0 0.0049005186156136915
1020.0 0.00467275531264022
1021.0 0.004697854456026107
1022.0 0.0047229532356141135
1023.0 0.004561373862088658
1024.0 0.004399794124765322
1025.0 0.004622943015419878
1026.0 0.0048460919060744345
1027.0 0.004778808215633035
1028.0 0.004711524161393754
1029.0 0.004683284350903705
1030.0 0.004655045268009417
1031.0 0.004722690937342122
1032.0 0.004790336606674828
1033.0 0.004914963210467249
1034.0 0.005039590178057551
1035.0 0.005123060691403225
1036.0 0.005206530840951018
1037.0 0.005353604501578957
1038.0 0.005500677798409015
1039.0 0.005406556010711938
1040.0 0.005312433859216981
1041.0 0.005721041452488862
1042.0 0.006129649409558624
1043.0 0.005568637061514892
1044.0 0.005007624713471159
1045.0 0.005833709656144492
1046.0 0.006659794598817825
1047.0 0.00629506102995947
1048.0 0.005930327097303234
1049.0 0.006024733738740906
1050.0 0.006119140743976459
1051.0 0.006431229849113151
1052.0 0.006743320409441367
1053.0 0.006816696259193122
1054.0 0.0068900713813491166
1055.0 0.0076120413723401725
1056.0 0.008334011363331228
1057.0 0.007987206481629983
1058.0 0.007640401599928737
1059.0 0.007723958697170019
1060.0 0.007807513611624017
1061.0 0.008430029993178323
1062.0 0.009052546374732628
1063.0 0.009141847112914547
1064.0 0.009231148578692228
1065.0 0.009256816701963544
1066.0 0.009282487008022144
1067.0 0.009400131966685876
1068.0 0.009517779835732654
1069.0 0.010309097706340253
1070.0 0.011100417032139376
1071.0 0.010836942965397611
1072.0 0.010573467443464324
1073.0 0.010632198245730251
1074.0 0.010690929047996178
1075.0 0.011451698082964867
1076.0 0.012212472211103886
1077.0 0.012252181477379054
1078.0 0.012291892198845744
1079.0 0.013086790568195283
1080.0 0.013881688937544823
1081.0 0.014045150601305068
1082.0 0.014208615175448358
1083.0 0.013939042401034385
1084.0 0.013669469626620412
1085.0 0.01412632700521499
1086.0 0.014583187294192612
1087.0 0.014713076234329492
1088.0 0.014842968084849417
1089.0 0.016486422100570053
1090.0 0.018129874661099166
1091.0 0.017867049609776586
1092.0 0.017604218737687916
1093.0 0.017234346887562424
1094.0 0.016864472127053887
1095.0 0.01827771484386176
1096.0 0.019690960471052676
1097.0 0.020155908714514226
1098.0 0.020620856957975775
1099.0 0.02236593863926828
1100.0 0.024111015954986215
1101.0 0.024124681658577174
1102.0 0.02413834590697661
1103.0 0.02596834092400968
1104.0 0.027798331575468183
1105.0 0.02741337229963392
1106.0 0.027028413023799658
1107.0 0.028089279658161104
1108.0 0.02915014629252255
1109.0 0.030654534930363297
1110.0 0.03215892647858709
1111.0 0.0317830330459401
1112.0 0.0314071454340592
1113.0 0.03328241582494229
1114.0 0.03515769203659147
1115.0 0.033850871841423213
1116.0 0.032544054556638
1117.0 0.03280655655544251
1118.0 0.03306906146463007
1119.0 0.03692879108712077
1120.0 0.040788514888845384
1121.0 0.04189855535514653
1122.0 0.04300860164221376
1123.0 0.043252509203739464
1124.0 0.04349641967564821
1125.0 0.04444721853360534
1126.0 0.04539802030194551
1127.0 0.04861799825448543
1128.0 0.051837979117408395
1129.0 0.05592569359578192
1130.0 0.06001340807415545
1131.0 0.0605698733124882
1132.0 0.061126332730054855
1133.0 0.06444358150474727
1134.0 0.06776083610020578
1135.0 0.06488123326562345
1136.0 0.06200163043104112
1137.0 0.06936289137229323
1138.0 0.07672415813431144
1139.0 0.08019913220778108
1140.0 0.08367406553588808
1141.0 0.09280375088565052
1142.0 0.10193341877311468
1143.0 0.12409092159941792
1144.0 0.14624838950112462
1145.0 0.2879339735955
1146.0 0.42961956933140755
1147.0 0.9104656986892223
1148.0 1.3913118280470371
1149.0 1.5834402292966843
1150.0 1.7755698412656784
