lsstCam/transmission_filter_detector/r20_s12/g_6/19700101T000000.ecsv
# %ECSV 1.0
# ---
# datatype:
# - {name: wavelength, unit: nm, datatype: float32}
# - {name: efficiency, unit: '%', datatype: float64}
# meta: !!omap
# - {MODE: DETECTOR}
# - {TYPE: transmission_filter_detector}
# - {CALIBDATE: '1970-01-01T00:00:00'}
# - {INSTRUME: LSSTCam}
# - {OBSTYPE: transmission_filter_detector}
# - {CALIBCLS: lsst.ip.isr.IntermediateFilterDetectorTransmissionCurve}
# - {SOURCE: Materion (DM-46256)}
# - {DETECTOR: 77}
# - {FILTER: g_6}
# - {CALIB_ID: 'calibDate=1970-01-01T00:00:00 filter=g_6 detector=77'}
# - {DATE: '2025-04-02T15:59:42.384866'}
# - {CALIB_CREATION_DATE: '2025-04-02'}
# - {CALIB_CREATION_TIME: '15:59:42'}
# - __serialized_columns__:
#     efficiency:
#       __class__: astropy.units.quantity.Quantity
#       unit: !astropy.units.Unit {unit: '%'}
#       value: !astropy.table.SerializedColumn {name: efficiency}
#     wavelength:
#       __class__: astropy.units.quantity.Quantity
#       unit: !astropy.units.Unit {unit: nm}
#       value: !astropy.table.SerializedColumn {name: wavelength}
# schema: astropy-2.0
wavelength efficiency
[from data line 608]
908.0 0.00039664842006459367
909.0 0.0002919604867201997
910.0 0.0003482599822746124
911.0 0.0004045594778290251
912.0 0.00047697876652819104
913.0 0.0005493980097526219
914.0 0.0004290877768653445
915.0 0.000308777498503332
916.0 0.00028168608423584374
917.0 0.0002545946472309879
918.0 0.00033737844660208793
919.0 0.0004201622232358204
920.0 0.0004843844635615824
921.0 0.0005486066584126092
922.0 0.0005787774171039928
923.0 0.0006089481757953763
924.0 0.0005224368123890599
925.0 0.00043592540350800846
926.0 0.0005233799129200634
927.0 0.0006108344223321183
928.0 0.0005680920367012732
929.0 0.0005253496965451632
930.0 0.0005072243311587954
931.0 0.0004890988748229574
932.0 0.0005438384960143594
933.0 0.0005985782081552316
934.0 0.0004916259058518335
935.0 0.0003846736035484355
936.0 0.0004706165327661438
937.0 0.0005565595529333223
938.0 0.0006109006790211424
939.0 0.000665242032482638
940.0 0.0006312593541224487
941.0 0.0005972765848127892
942.0 0.0007417369488393888
943.0 0.0008861974492901936
944.0 0.0007907118742878083
945.0 0.0006952263447601581
946.0 0.0007381655450444669
947.0 0.0007811046998540405
948.0 0.0009317604963143822
949.0 0.001082416383724194
950.0 0.001010948108159937
951.0 0.0009394797416462097
952.0 0.0009511157259112224
953.0 0.0009627515282772947
954.0 0.00086361378635047
955.0 0.0007644760444236454
956.0 0.000689073476678459
957.0 0.0006136708634585375
958.0 0.0007179255135270068
959.0 0.0008221802090702113
960.0 0.0007437654858222231
961.0 0.0006653506261500297
962.0 0.0006893405497976346
963.0 0.0007133303824957693
964.0 0.0006608039711863967
965.0 0.0006082773325033486
966.0 0.0006383595518855145
967.0 0.0006684417712676805
968.0 0.0006949335784156574
969.0 0.0007214253400888992
970.0 0.0006721292265865486
971.0 0.0006228330221347278
972.0 0.0008047078154049814
973.0 0.0009865827450994402
974.0 0.0009536256584397051
975.0 0.0009206687536789104
976.0 0.0008994223207992036
977.0 0.0008781761607679073
978.0 0.00094783135864418
979.0 0.001017486647469923
980.0 0.00105141434687539
981.0 0.001085341955331387
982.0 0.0009649505955167115
983.0 0.0008445591447525658
984.0 0.0009130185389949474
985.0 0.0009814780241867993
986.0 0.0011134058695461135
987.0 0.0012453336239559576
988.0 0.0013180771929910406
989.0 0.0013908203072787728
990.0 0.0014190683941706084
991.0 0.0014473162991635036
992.0 0.0014110380107013043
993.0 0.0013747598131885752
994.0 0.0013582287465396803
995.0 0.001341697952739196
996.0 0.001280471133213723
997.0 0.0012192444955871906
998.0 0.00127895627883845
999.0 0.0013386681530391797
1000.0 0.0012883248018624727
1001.0 0.0012379812687868252
1002.0 0.001279095795325702
1003.0 0.001320210412814049
1004.0 0.0012788542335329112
1005.0 0.0012374981452012435
1006.0 0.0014556901987816673
1007.0 0.001673882252362091
1008.0 0.0016109672287711874
1009.0 0.001548052387079224
1010.0 0.001712868470349349
1011.0 0.0018776850993162952
1012.0 0.0019937573597417213
1013.0 0.0021098296201671474
1014.0 0.0021481368094100617
1015.0 0.0021864441805519164
1016.0 0.0024615599613753147
1017.0 0.002736676105996594
1018.0 0.002921402301581111
1019.0 0.0031061284971656278
1020.0 0.0033035557862604037
1021.0 0.0035009830753551796
1022.0 0.003634790118667297
1023.0 0.0037685971619794145
1024.0 0.003997874227934517
1025.0 0.004227151293889619
1026.0 0.004311488009989262
1027.0 0.004395824726088904
1028.0 0.0046504410420311615
1029.0 0.004905057357973419
1030.0 0.004930864815833047
1031.0 0.0049566715460969135
1032.0 0.005205606794334017
1033.0 0.00545454204257112
1034.0 0.005506866364157759
1035.0 0.005559191413340159
1036.0 0.005599848009296693
1037.0 0.005640504605253227
1038.0 0.00589940209465567
1039.0 0.006158299220260233
1040.0 0.006343017594190314
1041.0 0.006527734512928873
1042.0 0.006897273124195635
1043.0 0.007266811735462397
1044.0 0.007427146192640066
1045.0 0.007587481377413496
1046.0 0.008677244477439672
1047.0 0.009767008305061609
1048.0 0.011216622806387022
1049.0 0.012666235852520913
1050.0 0.01510092697571963
1051.0 0.017535616643726826
1052.0 0.02114320668624714
1053.0 0.024750802549533546
1054.0 0.030072018853388727
1055.0 0.03539323806762695
1056.0 0.04223306896165013
1057.0 0.04907289985567331
1058.0 0.05673200357705355
1059.0 0.06439110147766769
1060.0 0.07220166735351086
1061.0 0.08001222158782184
1062.0 0.08726344094611704
1063.0 0.09451463120058179
1064.0 0.10019717738032341
1065.0 0.10587970027700067
1066.0 0.11202923487871885
1067.0 0.11817878112196922
1068.0 0.1254624454304576
1069.0 0.13274613302201033
1070.0 0.14344083610922098
1071.0 0.15413551591336727
1072.0 0.16611006576567888
1073.0 0.1780846039764583
1074.0 0.19082550425082445
1075.0 0.20356641616672277
1076.0 0.21628669928759336
1077.0 0.2290069591253996
1078.0 0.24210852570831776
1079.0 0.25521006900817156
1080.0 0.2725300844758749
1081.0 0.2898500766605139
1082.0 0.3168147522956133
1083.0 0.3437794279307127
1084.0 0.3853892907500267
1085.0 0.42699920013546944
1086.0 0.46261665411293507
1087.0 0.4982341080904007
1088.0 0.563826272264123
1089.0 0.6294183898717165
1090.0 0.7042564451694489
1091.0 0.7790945470333099
1092.0 0.8111004717648029
1093.0 0.843106210231781
1094.0 0.8841534145176411
1095.0 0.9252004325389862
1096.0 0.9761154651641846
1097.0 1.0270305909216404
1098.0 1.0810352861881256
1099.0 1.1350402608513832
1100.0 1.294738706201315
1101.0 1.4544370584189892
