lsstCam/transmission_filter_detector/r20_s12/g_6/19700101T000000.ecsv
# %ECSV 1.0
# ---
# datatype:
# - {name: wavelength, unit: nm, datatype: float32}
# - {name: efficiency, unit: '%', datatype: float64}
# meta: !!omap
# - {MODE: DETECTOR}
# - {TYPE: transmission_filter_detector}
# - {CALIBDATE: '1970-01-01T00:00:00'}
# - {INSTRUME: LSSTCam}
# - {OBSTYPE: transmission_filter_detector}
# - {CALIBCLS: lsst.ip.isr.IntermediateFilterDetectorTransmissionCurve}
# - {SOURCE: Materion (DM-46256)}
# - {DETECTOR: 77}
# - {FILTER: g_6}
# - {CALIB_ID: 'calibDate=1970-01-01T00:00:00 filter=g_6 detector=77'}
# - {DATE: '2025-04-02T15:59:42.384866'}
# - {CALIB_CREATION_DATE: '2025-04-02'}
# - {CALIB_CREATION_TIME: '15:59:42'}
# - __serialized_columns__:
#     efficiency:
#       __class__: astropy.units.quantity.Quantity
#       unit: !astropy.units.Unit {unit: '%'}
#       value: !astropy.table.SerializedColumn {name: efficiency}
#     wavelength:
#       __class__: astropy.units.quantity.Quantity
#       unit: !astropy.units.Unit {unit: nm}
#       value: !astropy.table.SerializedColumn {name: wavelength}
# schema: astropy-2.0
wavelength efficiency
300.0 0.4380948841571808
301.0 0.3421404864639044
302.0 0.24618608877062798
303.0 0.22490653209388256
304.0 0.20362695213407278
305.0 0.20689768716692924
306.0 0.21016839891672134
307.0 0.2117526950314641
308.0 0.21333699114620686
309.0 0.21678281482309103
310.0 0.22022866178303957
311.0 0.21073261741548777
312.0 0.20123659633100033
313.0 0.19761500880122185
314.0 0.19399338634684682
315.0 0.18603627104312181
316.0 0.17807917902246118
317.0 0.17312054987996817
318.0 0.16816193237900734
319.0 0.15968558145686984
320.0 0.15120923053473234
321.0 0.14196956763044
322.0 0.13272992800921202
323.0 0.1162542961537838
324.0 0.09977869922295213
325.0 0.09058939176611602
326.0 0.08140008430927992
327.0 0.0729028950445354
328.0 0.06440570577979088
329.0 0.06087591755203903
330.0 0.057346129324287176
331.0 0.053075188770890236
332.0 0.04880425112787634
333.0 0.046508017112500966
334.0 0.044211780186742544
335.0 0.04224363365210593
336.0 0.040275484207086265
337.0 0.041114838677458465
338.0 0.041954193147830665
339.0 0.04067676782142371
340.0 0.0393993454053998
341.0 0.03751699405256659
342.0 0.035634642699733377
343.0 0.03227742272429168
344.0 0.028920202748849988
345.0 0.025610518059693277
346.0 0.02230083482572809
347.0 0.021085329353809357
348.0 0.019869822426699102
349.0 0.018199739861302078
350.0 0.7125042378902435
351.0 1.2155769392848015
352.0 0.8143922314047813
353.0 1.0494420304894447
354.0 0.7443060167133808
355.0 0.8313140831887722
356.0 0.734322564676404
357.0 0.9213734418153763
358.0 0.714882742613554
359.0 0.7191292941570282
360.0 0.6507338024675846
361.0 0.7281812839210033
362.0 0.5846815183758736
363.0 0.5961611401289701
364.0 0.5330718122422695
365.0 0.7624003104865551
366.0 0.47796801663935184
367.0 0.6860821973532438
368.0 0.44461977668106556
369.0 0.6685083732008934
370.0 0.47819875180721283
371.0 0.6571369711309671
372.0 0.48118215054273605
373.0 0.608235877007246
374.0 0.3116317093372345
375.0 0.4883568733930588
376.0 0.3495330223813653
377.0 0.5634933710098267
378.0 0.3585988422855735
379.0 0.5871610250324011
380.0 0.41894777677953243
381.0 0.5544620100408792
382.0 0.49476251006126404
383.0 0.49657076597213745
384.0 0.5967482924461365
385.0 0.6244973745197058
386.0 0.6093045696616173
387.0 0.7369525730609894
388.0 0.8668542839586735
389.0 1.1810843832790852
390.0 1.583482138812542
391.0 2.4515027180314064
392.0 3.9074674248695374
393.0 6.239775195717812
394.0 9.456482529640198
395.0 13.79448026418686
396.0 19.293509423732758
397.0 26.386669278144836
398.0 34.58627462387085
399.0 43.759581446647644
400.0 53.161489963531494
401.0 62.24726438522339
402.0 70.91904282569885
403.0 78.34181785583496
404.0 83.78719687461853
405.0 88.0780816078186
406.0 90.55725932121277
407.0 92.45874881744385
408.0 93.64404082298279
409.0 94.1760003566742
410.0 94.44662928581238
411.0 94.31867599487305
412.0 93.98362636566162
413.0 93.7795877456665
414.0 93.60999464988708
415.0 93.67038011550903
416.0 94.02855038642883
417.0 94.29723620414734
418.0 94.7616457939148
419.0 95.40053009986877
420.0 95.939701795578
421.0 96.49862051010132
422.0 96.6887891292572
423.0 96.94033861160278
424.0 96.71611785888672
425.0 96.64771556854248
426.0 96.62760496139526
427.0 96.63262367248535
428.0 96.51766419410706
429.0 96.26819491386414
430.0 96.14734649658203
431.0 96.2442934513092
432.0 96.21342420578003
433.0 96.22493386268616
434.0 96.3444173336029
435.0 96.55124545097351
436.0 96.62602543830872
437.0 96.5968370437622
438.0 96.68598175048828
439.0 96.68765664100647
440.0 96.65239453315735
441.0 96.83658480644226
442.0 96.75939679145813
443.0 96.83926701545715
444.0 96.75155878067017
445.0 96.47336006164551
446.0 96.3972270488739
447.0 96.15181088447571
448.0 96.17069363594055
449.0 96.29153609275818
450.0 96.50036096572876
451.0 96.72360420227051
452.0 96.91720604896545
453.0 97.02656269073486
454.0 97.10966944694519
455.0 97.43184447288513
456.0 97.50459790229797
457.0 97.63820171356201
458.0 97.63615727424622
459.0 97.71838784217834
460.0 97.74134755134583
461.0 97.85370826721191
462.0 97.7852463722229
463.0 97.716623544693
464.0 97.81049489974976
465.0 97.74000644683838
466.0 97.70550727844238
467.0 97.73596525192261
468.0 97.77173399925232
469.0 97.77196645736694
470.0 97.67903089523315
471.0 97.55725264549255
472.0 97.6096510887146
473.0 97.48369455337524
474.0 97.43168354034424
475.0 97.41647839546204
476.0 97.4179208278656
477.0 97.43942022323608
478.0 97.53671884536743
479.0 97.50497937202454
480.0 97.67500162124634
481.0 97.77580499649048
482.0 97.96412587165833
483.0 97.87952899932861
484.0 98.0288028717041
485.0 98.03236126899719
486.0 98.07303547859192
487.0 98.16138744354248
488.0 98.1157660484314
489.0 98.22035431861877
490.0 98.18623661994934
491.0 98.20219874382019
492.0 98.12842011451721
493.0 98.12381267547607
494.0 98.10990691184998
495.0 98.16456437110901
496.0 97.95524477958679
497.0 97.91135787963867
498.0 97.72268533706665
499.0 97.72467017173767
500.0 97.6796805858612
501.0 97.61050343513489
502.0 97.57693409919739
503.0 97.68065810203552
504.0 97.56165146827698
505.0 97.52718210220337
506.0 97.55551218986511
507.0 97.51778244972229
508.0 97.52240777015686
509.0 97.50255942344666
510.0 97.47018814086914
511.0 97.42225408554077
512.0 97.37328886985779
513.0 97.42186069488525
514.0 97.40574955940247
515.0 97.42733240127563
516.0 97.49398827552795
517.0 97.48619198799133
518.0 97.58767485618591
519.0 97.62213826179504
520.0 97.68182635307312
521.0 97.75587320327759
522.0 97.84668684005737
523.0 97.78125286102295
524.0 97.81699180603027
525.0 97.80682325363159
526.0 97.93118238449097
527.0 97.91610836982727
528.0 97.97881245613098
529.0 98.04033637046814
530.0 98.08582663536072
531.0 98.26822280883789
532.0 98.11346530914307
533.0 98.12052249908447
534.0 98.10657501220703
535.0 97.95860052108765
536.0 97.66780734062195
537.0 97.21709489822388
538.0 96.5527355670929
539.0 95.36710977554321
540.0 93.78871321678162
541.0 91.35861992835999
542.0 88.80387544631958
543.0 85.30996441841125
544.0 80.87869882583618
545.0 76.91388726234436
546.0 71.99962139129639
547.0 67.4248993396759
548.0 62.742578983306885
549.0 58.46763253211975
550.0 55.10643720626831
551.0 51.857560873031616
552.0 49.412888288497925
553.0 46.90989851951599
554.0 44.18282508850098
555.0 41.18938148021698
556.0 37.21929490566254
557.0 32.541897892951965
558.0 27.257511019706726
559.0 21.94911241531372
560.0 16.63282960653305
561.0 11.629508435726166
562.0 7.659651339054108
563.0 4.6247731894254684
564.0 2.598154731094837
565.0 1.2868995778262615
566.0 0.675296364352107
567.0 0.33497242256999016
568.0 0.20617649424821138
569.0 0.12112723197788
570.0 0.08721218910068274
571.0 0.0644771964289248
572.0 0.06696266354992986
573.0 0.03795203811023384
574.0 0.04654027579817921
575.0 0.03533288254402578
576.0 0.03131117264274508
577.0 0.022763847664464265
578.0 0.0321158382575959
579.0 0.0252169236773625
580.0 0.02733416622504592
581.0 0.019927344692405313
582.0 0.01909114944282919
583.0 0.018327755969949067
584.0 0.0255746504990384
585.0 0.01743045140756294
586.0 0.028893013950437307
587.0 0.015912542585283518
588.0 0.02636722638271749
589.0 0.016151306044775993
590.0 0.015322607941925526
591.0 0.013357226271182299
592.0 0.0181684285053052
593.0 0.014341312635224313
594.0 0.013409050006885082
595.0 0.014562330034095794
596.0 0.015363728743977845
597.0 0.01662929862504825
598.0 0.007158850348787382
599.0 0.0087846172391437
600.0 0.00519889326824341
601.0 0.0021226071112323552
602.0 0.0022121752408565953
603.0 0.002301743188581895
604.0 0.0021368750822148286
605.0 0.0019720067939488217
606.0 0.0019977183910668828
607.0 0.002023429988184944
608.0 0.0018864750018110499
609.0 0.001749520015437156
610.0 0.001829712164180819
611.0 0.0019099044948234223
612.0 0.0018878636183217168
613.0 0.0018658227418200113
614.0 0.001819082535803318
615.0 0.0017723425116855651
616.0 0.0017774304069462232
617.0 0.0017825179384090006
618.0 0.0017036283679772168
619.0 0.001624738797545433
620.0 0.0016391437384299934
621.0 0.0016535490431124344
622.0 0.0015747285942779854
623.0 0.0014959077816456556
624.0 0.00143360221045441
625.0 0.0013712968211621046
626.0 0.0013740021131525282
627.0 0.0013767076779913623
628.0 0.0014337693755805958
629.0 0.0014908313460182399
630.0 0.0014075912076805253
631.0 0.0013243507964944001
632.0 0.001334850639977958
633.0 0.0013453502106131054
634.0 0.0013905586456530727
635.0 0.0014357668078446295
636.0 0.0014218261640053242
637.0 0.0014078859749133699
638.0 0.0011902217011083849
639.0 0.0009725575182528701
640.0 0.0010612286132527515
641.0 0.0011498995263536926
642.0 0.0012402228094288148
643.0 0.0013305460015544668
644.0 0.001225978667207528
645.0 0.001121411332860589
646.0 0.0011552706382644828
647.0 0.0011891297617694363
648.0 0.0010922685760306194
649.0 0.0009954070264939219
650.0 0.0011478459782665595
651.0 0.0013002845662413165
652.0 0.001221452657773625
653.0 0.0011426208402554039
654.0 0.0011534933037182782
655.0 0.0011643658581306227
656.0 0.0012014353160338942
657.0 0.0012385050467855763
658.0 0.0011026892934751231
659.0 0.0009668739949120209
660.0 0.0008975032869784627
661.0 0.0008281325790449046
662.0 0.001032693307934096
663.0 0.0012372543096716981
664.0 0.001312862332270015
665.0 0.0013884700820199214
666.0 0.0012447113476810046
667.0 0.0011009520676452667
668.0 0.0011542841093614697
669.0 0.0012076163329766132
670.0 0.001168645940197166
671.0 0.001129675638367189
672.0 0.0010773062058433425
673.0 0.0010249366823700257
674.0 0.0010097324775415473
675.0 0.0009945281817635987
676.0 0.0010356123311794363
677.0 0.0010766961167973932
678.0 0.0010552849744271953
679.0 0.0010338738320569973
680.0 0.0010086169822898228
681.0 0.0009833602234721184
682.0 0.001029407576425001
683.0 0.0010754549293778837
684.0 0.0009902995770971756
685.0 0.0009051441338669974
686.0 0.0009955110726878047
687.0 0.001085878011508612
688.0 0.0011065319085901137
689.0 0.0011271857147221453
690.0 0.0010846159966604318
691.0 0.0010420465514471289
692.0 0.0010333606041967869
693.0 0.001024674747895915
694.0 0.001048316880769562
695.0 0.0010719590136432089
696.0 0.0011014890333171934
697.0 0.0011310188710922375
698.0 0.0011584658750507515
699.0 0.0011859128790092655
700.0 0.0011305693078611512
701.0 0.001075225736713037
702.0 0.0010993518117174972
703.0 0.0011234778867219575
704.0 0.0011226333299418911
705.0 0.0011217885912628844
706.0 0.0011213772268092725
707.0 0.0011209659533051308
708.0 0.0010840454706340097
709.0 0.0010471250789123587
710.0 0.0012035411600663792
711.0 0.0013599576050182804
712.0 0.0012537189832073636
713.0 0.001147480452345917
714.0 0.0011758450455090497
715.0 0.0012042098205711227
716.0 0.0014142360669211484
717.0 0.0016242625861195847
718.0 0.001884150697151199
719.0 0.0021440389900817536
720.0 0.0018384747818345204
721.0 0.0015329105735872872
722.0 0.0015538087609456852
723.0 0.001574707312101964
724.0 0.0016625104763079435
725.0 0.0017503138224128634
726.0 0.001835826515161898
727.0 0.0019213392079109326
728.0 0.0020382511138450354
729.0 0.0021551630197791383
730.0 0.002163521457987372
731.0 0.0021718800780945458
732.0 0.0019459879695205018
733.0 0.0017200958609464578
734.0 0.0014383893358171917
735.0 0.0011566826287889853
736.0 0.001131653698394075
737.0 0.0011066247679991648
738.0 0.0010447122804180253
739.0 0.000982799792836886
740.0 0.0008286477168439887
741.0 0.0006744955044268863
742.0 0.0007894112059148028
743.0 0.0009043270438269246
744.0 0.000889621333044488
745.0 0.000874915986059932
746.0 0.0008649880328448489
747.0 0.0008550602615287062
748.0 0.0009947471880877856
749.0 0.0011344342055963352
750.0 0.0010188785381615162
751.0 0.0009033230526256375
752.0 0.0009348257663077675
753.0 0.0009663284799898975
754.0 0.0009660258911026176
755.0 0.0009657233931648079
756.0 0.0009493371180724353
757.0 0.0009329509339295328
758.0 0.0008737585631024558
759.0 0.0008145663741743192
760.0 0.000744787303119665
761.0 0.0006750081411155406
762.0 0.0006897647381265415
763.0 0.0007045211987133371
764.0 0.0007720898793195374
765.0 0.0008396587872994132
766.0 0.0007079954684741097
767.0 0.0005763320586993359
768.0 0.000533689808435156
769.0 0.0004910474672215059
770.0 0.000505899606650928
771.0 0.000520751700605615
772.0 0.0006510670118586859
773.0 0.0007813822776370216
774.0 0.000788101078796899
775.0 0.0007948198799567763
776.0 0.0007867717613407876
777.0 0.0007787234608258586
778.0 0.0007418608220177703
779.0 0.0007049982741591521
780.0 0.0006035076694388408
781.0 0.0005020170192437945
782.0 0.0005441982921183808
783.0 0.0005863794285687618
784.0 0.000618866670265561
785.0 0.00065135382101289
786.0 0.000632232149655465
787.0 0.0006131106601969805
788.0 0.0004981081019650446
789.0 0.00038310563468257897
790.0 0.0003697246711453772
791.0 0.000356343730345543
792.0 0.000282671157947334
793.0 0.00020899863102386007
794.0 0.0003074636197197833
795.0 0.000405928585678339
796.0 0.000421754339186009
797.0 0.00043758009269367903
798.0 0.00042062824832100887
799.0 0.0004036764494230738
800.0 0.00047305352381954435
801.0 0.00054243064369075
802.0 0.0004651245035347529
803.0 0.00038781836337875575
804.0 0.00034807153497240506
805.0 0.00030832475204078946
806.0 0.00036839758195128525
807.0 0.0004284704573365161
808.0 0.00046695336095581297
809.0 0.0005054361736256396
810.0 0.0004955154963681707
811.0 0.0004855946826864965
812.0 0.00040425907172902953
813.0 0.00032292346077156253
814.0 0.00033132287171611097
815.0 0.00033972230539802695
816.0 0.00037974102724547265
817.0 0.0004197596808808157
818.0 0.00033350311241520103
819.0 0.0002472465666869539
820.0 0.00037301674638001714
821.0 0.0004987868578609778
822.0 0.0004875869308307301
823.0 0.0004763869583257474
824.0 0.000458816839454812
825.0 0.0004412466751091415
826.0 0.0005157243322173599
827.0 0.0005902019893255783
828.0 0.0005232246166997356
829.0 0.00045624719859915785
830.0 0.0004472569798963377
831.0 0.0004382667157187825
832.0 0.0006069861683499767
833.0 0.0007757055755064357
834.0 0.0006024147296557203
835.0 0.0004291238838050049
836.0 0.0005460302418214269
837.0 0.0006629366907873191
838.0 0.0005827721452078549
839.0 0.0005026076451031258
840.0 0.0005251651600701734
841.0 0.0005477225840877509
842.0 0.0004620458184945164
843.0 0.0003763690074265469
844.0 0.0003708786834977218
845.0 0.0003653884505183669
846.0 0.0005093375875730999
847.0 0.000653286770102568
848.0 0.0005463097295432817
849.0 0.00043933273445873056
850.0 0.0004286779130779905
851.0 0.0004180230916972505
852.0 0.0004364756478025811
853.0 0.0004549280220089713
854.0 0.0005374693500925787
855.0 0.000620010632701451
856.0 0.0005981698905088706
857.0 0.0005763291937910253
858.0 0.0005745680482505122
859.0 0.0005728069481847342
860.0 0.0005264337687549414
861.0 0.0004800606347998837
862.0 0.0005117391083331313
863.0 0.000543417627341114
864.0 0.0004670044290833175
865.0 0.00039059123082552105
866.0 0.0004882841949438443
867.0 0.0005859771590621676
868.0 0.0006172075700305868
869.0 0.000648438026473741
870.0 0.0005470954874908784
871.0 0.00044575290303328075
872.0 0.00037790907754242653
873.0 0.00031006511562736705
874.0 0.00036365934192872373
875.0 0.00041725352275534533
876.0 0.0004993674792785896
877.0 0.0005814813448523637
878.0 0.0005377908564696554
879.0 0.000494100277137477
880.0 0.0006107231911300914
881.0 0.0007273462870216463
882.0 0.0005503066404344281
883.0 0.0003732671757461503
884.0 0.00048231777327600867
885.0 0.0005913684162806021
886.0 0.0006614953235839494
887.0 0.0007316223218367668
888.0 0.0007279984401975526
889.0 0.0007243745130836032
890.0 0.0006528046924358932
891.0 0.0005812349172629183
892.0 0.0005734252681577345
893.0 0.0005656158009514911
894.0 0.0004823776635021204
895.0 0.0003991396170022199
896.0 0.0003076800567214377
897.0 0.000216220473703288
898.0 0.00029335169529076666
899.0 0.00037048289414087776
900.0 0.00037782901927130297
901.0 0.0003851751444017282
902.0 0.00043806057874462567
903.0 0.0004909459676127881
904.0 0.00039395285966747906
905.0 0.0002969596835100674
906.0 0.0003991480753029464
