lsstCam/transmission_filter_detector/r22_s22/r_57/19700101T000000.ecsv
# %ECSV 1.0
# ---
# datatype:
# - {name: wavelength, unit: nm, datatype: float32}
# - {name: efficiency, unit: '%', datatype: float64}
# meta: !!omap
# - {MODE: DETECTOR}
# - {TYPE: transmission_filter_detector}
# - {CALIBDATE: '1970-01-01T00:00:00'}
# - {INSTRUME: LSSTCam}
# - {OBSTYPE: transmission_filter_detector}
# - {CALIBCLS: lsst.ip.isr.IntermediateFilterDetectorTransmissionCurve}
# - {SOURCE: Materion (DM-46256)}
# - {DETECTOR: 98}
# - {FILTER: r_57}
# - {CALIB_ID: 'calibDate=1970-01-01T00:00:00 filter=r_57 detector=98'}
# - {DATE: '2025-04-02T15:59:44.636267'}
# - {CALIB_CREATION_DATE: '2025-04-02'}
# - {CALIB_CREATION_TIME: '15:59:44'}
# - __serialized_columns__:
#     efficiency:
#       __class__: astropy.units.quantity.Quantity
#       unit: !astropy.units.Unit {unit: '%'}
#       value: !astropy.table.SerializedColumn {name: efficiency}
#     wavelength:
#       __class__: astropy.units.quantity.Quantity
#       unit: !astropy.units.Unit {unit: nm}
#       value: !astropy.table.SerializedColumn {name: wavelength}
# schema: astropy-2.0
wavelength efficiency
[from data line 602]
902.0 7.558151793318757e-06
903.0 1.575696496024237e-10
904.0 1.575696496024237e-10
905.0 1.575696496024237e-10
906.0 2.6374829076303286e-05
907.0 5.7808881592791295e-05
908.0 3.578195446607424e-05
909.0 1.3755028760442656e-05
910.0 1.575696496024237e-10
911.0 1.575696496024237e-10
912.0 1.575696496024237e-10
913.0 1.575696496024237e-10
914.0 7.098695675722411e-06
915.0 2.460423615957552e-05
916.0 2.0649076759582385e-05
917.0 1.6693905990905478e-05
918.0 9.408120149601018e-05
919.0 0.00017146846857940545
920.0 8.955623229667253e-05
921.0 7.643972566029333e-06
922.0 0.00010687840585887898
923.0 0.00020611282707250211
924.0 0.00017190211565321079
925.0 0.00013769139286523568
926.0 0.00013713607813770068
927.0 0.0001365807520414819
928.0 0.00014355143775901524
929.0 0.00015052210073918104
930.0 0.00016643168692098698
931.0 0.0001823412731027929
932.0 7.353090154538222e-05
933.0 1.575696496024237e-10
934.0 2.4710089974178118e-05
935.0 8.469963290735905e-05
936.0 0.00016024275737436255
937.0 0.0002357858647883404
938.0 0.00024278922410303494
939.0 0.00024979256068036193
940.0 0.00026298678221792215
941.0 0.0002761809582807473
942.0 0.0003751510121219326
943.0 0.0004741210887004854
944.0 0.00040064460335997865
945.0 0.00032716816349420696
946.0 0.00036054298107046634
947.0 0.0003939177986467257
948.0 0.00036450444440561114
949.0 0.0003350912038513343
950.0 0.0004391139555082191
951.0 0.0005431368663266767
952.0 0.0006928938546479912
953.0 0.0008426511158177163
954.0 0.001033702847053064
955.0 0.0012247548511368223
956.0 0.001328158123214962
957.0 0.0014315613043436315
958.0 0.0016364767361665145
959.0 0.001841392440837808
960.0 0.0019972632799181156
961.0 0.0021531341189984232
962.0 0.0022983926101005636
963.0 0.0024436509193037637
964.0 0.00250754201260861
965.0 0.002571432742115576
966.0 0.002619094266265165
967.0 0.0026667557904147543
968.0 0.0026219409846817143
969.0 0.002577126542746555
970.0 0.0025930037736543454
971.0 0.002608881186461076
972.0 0.0026927333237836137
973.0 0.002776585279207211
974.0 0.0029469587389030494
975.0 0.0031173320166999474
976.0 0.003101089532719925
977.0 0.003084846684942022
978.0 0.0030661060009151697
979.0 0.0030473649530904368
980.0 0.0029989543691044673
981.0 0.0029505436032195576
982.0 0.002985361061291769
983.0 0.0030201783374650404
984.0 0.0028575688702403568
985.0 0.002694959403015673
986.0 0.002609312468848657
987.0 0.0025236655346816406
988.0 0.0024676581233507022
989.0 0.0024116510758176446
990.0 0.0024394654246862046
991.0 0.0024672797735547647
992.0 0.0025326577087980695
993.0 0.0025980358259403147
994.0 0.002623786531330552
995.0 0.0026495372367207892
996.0 0.0027208712708670646
997.0 0.00279220530501334
998.0 0.0029413831725833006
999.0 0.003090560858254321
1000.0 0.0032021871447796
1001.0 0.0033138130675069988
1002.0 0.0035485340049490333
1003.0 0.003783254578593187
1004.0 0.0038582878914894536
1005.0 0.00393332120438572
1006.0 0.004123080361750908
1007.0 0.004312840246711858
1008.0 0.004293873644201085
1009.0 0.004274907041690312
1010.0 0.004213043212075718
1011.0 0.004151179746259004
1012.0 0.004054249075124972
1013.0 0.0039573180401930586
1014.0 0.0037140038330107927
1015.0 0.003470689262030646
1016.0 0.0032571337214903906
1017.0 0.0030435785447480157
1018.0 0.0027306427000439726
1019.0 0.00241770703723887
1020.0 0.0021302934328559786
1021.0 0.001842879646574147
1022.0 0.001586967300681863
1023.0 0.001331054954789579
1024.0 0.00133481062221108
1025.0 0.001338566198683111
1026.0 0.0012022293958580121
1027.0 0.001065892502083443
1028.0 0.0010032335012510885
1029.0 0.0009405744094692636
1030.0 0.000951838865148602
1031.0 0.0009631029570300598
1032.0 0.0009516042155155446
1033.0 0.0009401053830515593
1034.0 0.0008102137144305743
1035.0 0.0006803219093853841
1036.0 0.0007332393124670489
1037.0 0.0007861565791245084
1038.0 0.0006969172773096943
1039.0 0.0006076780209696153
1040.0 0.0006468641004175879
1041.0 0.0006860501343908254
1042.0 0.0007532096333306981
1043.0 0.0008203689503716305
1044.0 0.0008617735147709027
1045.0 0.0009031781701196451
1046.0 0.0009008928827825002
1047.0 0.0008986078682937659
1048.0 0.0007035504950181348
1049.0 0.0005084933036414441
1050.0 0.0006184781341289636
1051.0 0.000728462919141748
1052.0 0.0008470239663438406
1053.0 0.0009655845133238472
1054.0 0.0009102203875954729
1055.0 0.0008548560799681582
1056.0 0.0008686128239787649
1057.0 0.0008823695679893717
1058.0 0.0008025499482755549
1059.0 0.0007227301466627978
1060.0 0.0009251965821022168
1061.0 0.001127662653743755
1062.0 0.0013142835086910054
1063.0 0.0015009042726887856
1064.0 0.0012981812687939964
1065.0 0.001095458083000267
1066.0 0.001366175274597481
1067.0 0.0016368923752452247
1068.0 0.0017983393263421021
1069.0 0.001959785913641099
1070.0 0.0018612727217259817
1071.0 0.0017627597117098048
1072.0 0.0017307793314103037
1073.0 0.0016987989511108026
1074.0 0.002204936208727304
1075.0 0.0027110731025459245
1076.0 0.003008864041476045
1077.0 0.003306655344204046
1078.0 0.003554097202140838
1079.0 0.0038015394238755107
1080.0 0.004042125146952458
1081.0 0.004282710506231524
1082.0 0.004205376899335533
1083.0 0.004128043292439543
1084.0 0.00464573604403995
1085.0 0.005163428068044595
1086.0 0.00458462891401723
1087.0 0.004005829759989865
1088.0 0.004183944110991433
1089.0 0.004362058825790882
1090.0 0.003941763861803338
1091.0 0.0035214688978157938
1092.0 0.0037579920899588615
1093.0 0.003994515282101929
1094.0 0.003960079266107641
1095.0 0.003925643250113353
1096.0 0.0033518845157232136
1097.0 0.0027781259632320143
1098.0 0.002659760502865538
1099.0 0.002541395224398002
1100.0 0.002082399441860616
1101.0 0.0016234031136264093
