lsstCam/transmission_filter_detector/r22_s22/r_57/19700101T000000.ecsv
# %ECSV 1.0
# ---
# datatype:
# - {name: wavelength, unit: nm, datatype: float32}
# - {name: efficiency, unit: '%', datatype: float64}
# meta: !!omap
# - {MODE: DETECTOR}
# - {TYPE: transmission_filter_detector}
# - {CALIBDATE: '1970-01-01T00:00:00'}
# - {INSTRUME: LSSTCam}
# - {OBSTYPE: transmission_filter_detector}
# - {CALIBCLS: lsst.ip.isr.IntermediateFilterDetectorTransmissionCurve}
# - {SOURCE: Materion (DM-46256)}
# - {DETECTOR: 98}
# - {FILTER: r_57}
# - {CALIB_ID: 'calibDate=1970-01-01T00:00:00 filter=r_57 detector=98'}
# - {DATE: '2025-04-02T15:59:44.636267'}
# - {CALIB_CREATION_DATE: '2025-04-02'}
# - {CALIB_CREATION_TIME: '15:59:44'}
# - __serialized_columns__:
#     efficiency:
#       __class__: astropy.units.quantity.Quantity
#       unit: !astropy.units.Unit {unit: '%'}
#       value: !astropy.table.SerializedColumn {name: efficiency}
#     wavelength:
#       __class__: astropy.units.quantity.Quantity
#       unit: !astropy.units.Unit {unit: nm}
#       value: !astropy.table.SerializedColumn {name: wavelength}
# schema: astropy-2.0
wavelength efficiency
300.0 0.0015852556316531263
301.0 0.004673894727602601
302.0 0.007762535096844658
303.0 0.00936694341362454
304.0 0.010971353185595945
305.0 0.009875698015093803
306.0 0.008780043572187424
307.0 0.007621463009854779
308.0 0.006462882447522134
309.0 0.006041062079020776
310.0 0.005619243165710941
311.0 0.005306132879923098
312.0 0.004993022957933135
313.0 0.004430805711308494
314.0 0.0038685891922796145
315.0 0.0037890735256951302
316.0 0.0037095571315148845
317.0 0.0036257431929698214
318.0 0.0035419288906268775
319.0 0.0031259653042070568
320.0 0.0027100013539893553
321.0 0.002727925675571896
322.0 0.0027458501790533774
323.0 0.002554652928665746
324.0 0.0023634562239749357
325.0 0.0021462417862494476
326.0 0.0019290271666250192
327.0 0.002070743175863754
328.0 0.0022124590032035485
329.0 0.0022462860215455294
330.0 0.0022801126760896295
331.0 0.002184999902965501
332.0 0.002089886947942432
333.0 0.0018848682884708978
334.0 0.0016798496289993636
335.0 0.0014446137356571853
336.0 0.001209377842315007
337.0 0.0011244444976910017
338.0 0.0010395112440164667
339.0 0.0009772209523362108
340.0 0.0009149305697064847
341.0 0.0008893369340512436
342.0 0.0008637432983960025
343.0 0.0008651415555505082
344.0 0.0008665398127050139
345.0 0.0007790679774188902
346.0 0.0006915962785569718
347.0 0.0006644342192885233
348.0 0.0006372721600200748
349.0 0.0006245031727303285
350.0 0.003949689198634587
351.0 0.0049948877858696505
352.0 0.0060400856455089524
353.0 0.005628646977129392
354.0 0.005217208308749832
355.0 0.004424820144777186
356.0 0.003632432344602421
357.0 0.004459772753762081
358.0 0.005287113162921742
359.0 0.0044522057578433305
360.0 0.0036172983527649194
361.0 0.002859941014321521
362.0 0.002102584039676003
363.0 0.002592526470834855
364.0 0.003082468901993707
365.0 0.002652386865520384
366.0 0.002222305010946002
367.0 0.002578747989900876
368.0 0.0029351904231589288
369.0 0.002594482612039428
370.0 0.002253774437122047
371.0 0.0022629310478805564
372.0 0.0022720878405380063
373.0 0.002383433275099378
374.0 0.0024947785277618095
375.0 0.0020216979464748874
376.0 0.0015486173651879653
377.0 0.0014322214155981783
378.0 0.0013158255569578614
379.0 0.0015164977412496228
380.0 0.001717170380288735
381.0 0.002179888906539418
382.0 0.0026426074327901006
383.0 0.0031676845537731424
384.0 0.003692762038554065
385.0 0.004425655060913414
386.0 0.005158547719474882
387.0 0.00457450223620981
388.0 0.003990456752944738
389.0 0.003516448487062007
390.0 0.0030424396754824556
391.0 0.0023699119992670603
392.0 0.0016973846868495457
393.0 0.0014993785043770913
394.0 0.001301372321904637
395.0 0.0011033989721909165
396.0 0.000905425531527726
397.0 0.0008576906111557037
398.0 0.0008099561455310322
399.0 0.0007549607744294917
400.0 0.0006999652214290109
401.0 0.00034536160455900244
402.0 1.575696496024237e-10
403.0 0.00015835149724807707
404.0 0.00032594539334240835
405.0 0.0007335522695939289
406.0 0.001141158918471774
407.0 0.0014482761798717547
408.0 0.0017553931684233248
409.0 0.001267397510673618
410.0 0.0007794017619744409
411.0 0.0008280951988126617
412.0 0.0008767886356508825
413.0 0.0010436032425786834
414.0 0.0012104180314054247
415.0 0.0012708626854873728
416.0 0.0013313075214682613
417.0 0.001388701184623642
418.0 0.001446095120627433
419.0 0.0020030862287967466
420.0 0.00256007733696606
421.0 0.00382256657758262
422.0 0.005085055454401299
423.0 0.008023890404729173
424.0 0.010962724627461284
425.0 0.014693073171656579
426.0 0.018423418805468827
427.0 0.01910267019411549
428.0 0.019781924493145198
429.0 0.01536941563244909
430.0 0.010956906771752983
431.0 0.0076713440648745745
432.0 0.004385780994198285
433.0 0.0034996748581761494
434.0 0.0026135681764571927
435.0 0.0021278279746184126
436.0 0.0016420877727796324
437.0 0.0012420731763995718
438.0 0.000842058943817392
439.0 0.0008045445611060131
440.0 0.0007670302693441045
441.0 0.0009204144589602947
442.0 0.0010737987395259552
443.0 0.0015377949239336886
444.0 0.0020017909264424816
445.0 0.001869114930741489
446.0 0.0017364391169394366
447.0 0.0015933923350530677
448.0 0.0014503458260151092
449.0 0.0014099930012889672
450.0 0.0013696399037144147
451.0 0.0013700130693905521
452.0 0.0013703860531677492
453.0 0.0014862508578517009
454.0 0.0016021154806367122
455.0 0.0013910715097154025
456.0 0.0011800277206930332
457.0 0.000837375864648493
458.0 0.0004947239631292177
459.0 0.0007913496119726915
460.0 0.0010879753062909003
461.0 0.001599538154550828
462.0 0.002111100729962345
463.0 0.0027888443582924083
464.0 0.0034665881685214117
465.0 0.004387690933072008
466.0 0.005308793333824724
467.0 0.005941960989730433
468.0 0.006575128645636141
469.0 0.005726976451114751
470.0 0.004878825347987004
471.0 0.003679908695630729
472.0 0.0024809918613755144
473.0 0.0019459590475889854
474.0 0.0014109258700045757
475.0 0.0010981725608871784
476.0 0.0007854194336687215
477.0 0.000753265976527473
478.0 0.0007211124284367543
479.0 0.000793621893535601
480.0 0.0008661312676849775
481.0 0.0006993534498178633
482.0 0.0005325757683749544
483.0 0.0006367363766912604
484.0 0.0007408969395328313
485.0 0.0007135223313525785
486.0 0.0006861477231723256
487.0 0.0005035166395828128
488.0 0.00032088551051856484
489.0 0.000445373416368966
490.0 0.000569861276744632
491.0 0.0006711428341077408
492.0 0.0007724243914708495
493.0 0.000892328898771666
494.0 0.0010122334060724825
495.0 0.000987078692560317
496.0 0.0009619239790481515
497.0 0.0010900159395532683
498.0 0.001218107900058385
499.0 0.0012133703421568498
500.0 0.001208632966154255
501.0 0.0012876517757831607
502.0 0.0013666706763615366
503.0 0.0017476584616815671
504.0 0.002128645974153187
505.0 0.0025548784833517857
506.0 0.0029811109925503843
507.0 0.003628280683187768
508.0 0.004275450555724092
509.0 0.004724090831587091
510.0 0.00517273110745009
511.0 0.004746267222799361
512.0 0.004319803338148631
513.0 0.003685146293719299
514.0 0.0030504890673910268
515.0 0.0028371028747642413
516.0 0.0026237165002385154
517.0 0.0025854504201561213
518.0 0.0025471841581747867
519.0 0.04899309133179486
520.0 0.12295682681724429
521.0 0.14343898510560393
522.0 0.08669709786772728
523.0 0.08238413720391691
524.0 0.13173870975151658
525.0 0.08208156214095652
526.0 0.14349252451211214
527.0 0.11594149982556701
528.0 0.13400719035416842
529.0 0.11020418023690581
530.0 0.15486531192436814
531.0 0.1541944220662117
532.0 0.2263129921630025
533.0 0.20947642624378204
534.0 0.3564014798030257
535.0 0.33200825564563274
536.0 0.47137108631432056
537.0 0.6705187261104584
538.0 0.9621867910027504
539.0 1.5483035705983639
540.0 2.4020157754421234
541.0 3.7308555096387863
542.0 5.6043971329927444
543.0 8.2312673330307
544.0 11.318867653608322
545.0 14.904531836509705
546.0 19.23837661743164
547.0 24.63948130607605
548.0 31.546080112457275
549.0 39.15349543094635
550.0 46.15967273712158
551.0 54.34675216674805
552.0 60.597461462020874
553.0 66.521155834198
554.0 71.38043642044067
555.0 75.80934166908264
556.0 79.86811399459839
557.0 82.96593427658081
558.0 86.1884593963623
559.0 89.6824300289154
560.0 90.90442061424255
561.0 93.07571053504944
562.0 94.25129294395447
563.0 94.37038898468018
564.0 95.14642357826233
565.0 94.42076086997986
566.0 95.23114562034607
567.0 94.68209147453308
568.0 95.03264427185059
569.0 95.79887986183167
570.0 95.09977698326111
571.0 95.89667320251465
572.0 95.83122730255127
573.0 96.17033004760742
574.0 96.24791145324707
575.0 96.19760513305664
576.0 96.69328927993774
577.0 96.37355208396912
578.0 96.42543196678162
579.0 96.14935517311096
580.0 95.87421417236328
581.0 95.61501145362854
582.0 96.27862572669983
583.0 95.84680199623108
584.0 95.69318294525146
585.0 95.74869871139526
586.0 96.08460664749146
587.0 95.50825953483582
588.0 95.96126079559326
589.0 96.63144946098328
590.0 96.10445499420166
591.0 95.5392062664032
592.0 95.47666311264038
593.0 94.99460458755493
594.0 95.40714025497437
595.0 96.02872133255005
596.0 96.45245671272278
597.0 96.45997881889343
598.0 96.16591930389404
599.0 96.2202787399292
600.0 96.02424502372742
601.0 95.406174659729
602.0 96.02034091949463
603.0 95.9484875202179
604.0 95.93214988708496
605.0 96.16524577140808
606.0 95.62891721725464
607.0 95.85380554199219
608.0 95.65085768699646
609.0 94.70229744911194
610.0 95.39704918861389
611.0 95.2150285243988
612.0 95.5514132976532
613.0 96.32537961006165
614.0 96.17542028427124
615.0 95.46000361442566
616.0 95.81184983253479
617.0 95.91673016548157
618.0 95.68426609039307
619.0 96.17382287979126
620.0 95.46671509742737
621.0 95.1343297958374
622.0 95.98031640052795
623.0 95.8503782749176
624.0 95.94890475273132
625.0 96.2814450263977
626.0 95.68272233009338
627.0 94.4234311580658
628.0 96.60680294036865
629.0 94.85731720924377
630.0 95.68517804145813
631.0 95.20910978317261
632.0 96.3666558265686
633.0 95.84375619888306
634.0 95.35250663757324
635.0 95.46521306037903
636.0 95.25718688964844
637.0 95.17423510551453
638.0 94.78669166564941
639.0 95.18937468528748
640.0 95.15341520309448
641.0 95.24790048599243
642.0 95.61535120010376
643.0 95.68381905555725
644.0 95.31065821647644
645.0 95.56212425231934
646.0 95.64429521560669
647.0 96.32688760757446
648.0 95.58242559432983
649.0 95.28383016586304
650.0 95.70841193199158
651.0 96.33311033248901
652.0 96.03925943374634
653.0 95.43233513832092
654.0 95.89885473251343
655.0 95.87236642837524
656.0 95.15487551689148
657.0 95.47247290611267
658.0 95.8942711353302
659.0 95.93675136566162
660.0 95.05348801612854
661.0 94.86417174339294
662.0 95.35552263259888
663.0 95.30895352363586
664.0 95.02893686294556
665.0 94.84164714813232
666.0 94.96379494667053
667.0 95.40464878082275
668.0 94.82501149177551
669.0 95.48153281211853
670.0 95.1032817363739
671.0 95.39651870727539
672.0 95.16668915748596
673.0 94.88418102264404
674.0 94.39193606376648
675.0 95.15944123268127
676.0 94.44066286087036
677.0 93.55103969573975
678.0 92.56685972213745
679.0 91.78891777992249
680.0 90.83475470542908
681.0 89.42407965660095
682.0 86.94287538528442
683.0 84.24871563911438
684.0 80.38016557693481
685.0 76.72770023345947
686.0 72.50276207923889
687.0 67.59554743766785
688.0 62.908512353897095
689.0 58.53862762451172
690.0 53.20417284965515
691.0 48.90994429588318
692.0 44.21849846839905
693.0 39.79121446609497
694.0 34.92950201034546
695.0 29.924386739730835
696.0 24.98033493757248
697.0 20.08393555879593
698.0 14.644189178943634
699.0 10.559683293104172
700.0 7.289388030767441
701.0 4.616700857877731
702.0 2.9008859768509865
703.0 1.6985554248094559
704.0 0.9695775806903839
705.0 0.5603496916592121
706.0 0.40020416490733624
707.0 0.25676379445940256
708.0 0.1669776625931263
709.0 0.12173107825219631
710.0 0.08646704955026507
711.0 0.08291753474622965
712.0 0.10461697820574045
713.0 0.08208407671190798
714.0 0.10545691475272179
715.0 0.039032098720781505
716.0 0.04732869565486908
717.0 0.017906210268847644
718.0 0.06190734566189349
719.0 0.08621728047728539
720.0 1.575696496024237e-10
721.0 0.004545874617178924
722.0 0.0042275489249732345
723.0 0.003909223960363306
724.0 0.0036345518310554326
725.0 0.003359879701747559
726.0 0.003094799831160344
727.0 0.0028297201424720697
728.0 0.0027321000743540935
729.0 0.002634479824337177
730.0 0.0024758128347457387
731.0 0.0023171458451543003
732.0 0.002257135020045098
733.0 0.002197124013036955
734.0 0.0020898123693768866
735.0 0.0019825005438178778
736.0 0.0018160286344937049
737.0 0.001649556725169532
738.0 0.0016299403796438128
739.0 0.0016103238522191532
740.0 0.0015624968000338413
741.0 0.0015146698387979995
742.0 0.0014140168786980212
743.0 0.0013133638276485726
744.0 0.0014032269973540679
745.0 0.0014930899851606227
746.0 0.0013550252333516255
747.0 0.001216960390593158
748.0 0.001163934120995691
749.0 0.0011109076694992837
750.0 0.0011174473002029117
751.0 0.0011239872947044205
752.0 0.0011663823897833936
753.0 0.001208777666761307
754.0 0.0011806810107373167
755.0 0.0011525845366122667
756.0 0.001035478817357216
757.0 0.0009183730071526952
758.0 0.000930038822843926
759.0 0.000941704729484627
760.0 0.0009175293598673306
761.0 0.0008933541721489746
762.0 0.0009534919627185445
763.0 0.0010136301170859952
764.0 0.0010059378837468103
765.0 0.0009982456504076254
766.0 0.0007928500053822063
767.0 0.0005874543148820521
768.0 0.0005863479600520805
769.0 0.0005852414233231684
770.0 0.0006291431873250986
771.0 0.0006730449968017638
772.0 0.0006799980383220827
773.0 0.0006869508524687262
774.0 0.0008239040653279517
775.0 0.0009608573236619122
776.0 0.000991886463452829
777.0 0.0010229158760921564
778.0 0.000900252052815631
779.0 0.000777588411438046
780.0 0.0007412144896079553
781.0 0.0007048407951515401
782.0 0.0007583576916658785
783.0 0.000811874633654952
784.0 0.0007849649591662455
785.0 0.0007580551482533338
786.0 0.0007713377272011712
787.0 0.0007846203516237438
788.0 0.0006568280241481261
789.0 0.0005290357876219787
790.0 0.000644428973828326
791.0 0.0007598222509841435
792.0 0.0007642543096153531
793.0 0.0007686861863476224
794.0 0.0007980808732099831
795.0 0.0008274754691228736
796.0 0.0006884499725856585
797.0 0.0005494244305737084
798.0 0.0006754049536539242
799.0 0.000801385522208875
800.0 0.0008202997378248256
801.0 0.0008392137715418357
802.0 0.0007927364094939549
803.0 0.0007462590019713389
804.0 0.0007064230885589495
805.0 0.0006665872660960304
806.0 0.0006711725745844888
807.0 0.0006757578375982121
808.0 0.0006676513748971047
809.0 0.0006595448212465271
810.0 0.0006566112006112235
811.0 0.0006536776254506549
812.0 0.000633907529845601
813.0 0.0006141373432910768
814.0 0.0005025017344451044
815.0 0.000390866171073867
816.0 0.0005371081442717696
817.0 0.0006833502993686125
818.0 0.0006191713509906549
819.0 0.0005549923116632272
820.0 0.0005032600256527076
821.0 0.00045152773964218795
822.0 0.000516425143359811
823.0 0.0005813225470774341
824.0 0.0005208103175391443
825.0 0.0004602979515766492
826.0 0.0004761931904795347
827.0 0.0004920884293824201
828.0 0.0004174259174760664
829.0 0.0003427634283070802
830.0 0.0001746687303239014
831.0 6.574035182893567e-06
832.0 1.575696496024237e-10
833.0 1.575696496024237e-10
834.0 1.575696496024237e-10
835.0 8.284172849926108e-05
836.0 0.00021814180399815086
837.0 0.00035344191928743385
838.0 0.0006988166660448769
839.0 0.00104419141280232
840.0 0.001364944637316512
841.0 0.001685697861830704
842.0 0.00199192018044414
843.0 0.0022981426809565164
844.0 0.0021770729290437885
845.0 0.0020560031771310605
846.0 0.001775011514837388
847.0 0.0014940195796953049
848.0 0.0013645838407683186
849.0 0.0012351478289929219
850.0 0.0012007844816253055
851.0 0.0011664211342576891
852.0 0.001122388039220823
853.0 0.0010783547622850165
854.0 0.0009290875823353417
855.0 0.0007798200385877863
856.0 0.0006205998943187296
857.0 0.00046137970457493793
858.0 0.0004916751549899345
859.0 0.000521970559930196
860.0 0.00039868514249974396
861.0 0.00027539970233192435
862.0 0.00032766733966127504
863.0 0.00037993497699062573
864.0 0.0002171014784835279
865.0 5.42680083981395e-05
866.0 4.295148698929552e-05
867.0 3.163494284308399e-05
868.0 9.795943469725898e-05
869.0 0.00016428390381406643
870.0 6.056026222722721e-05
871.0 1.575696496024237e-10
872.0 1.575696496024237e-10
873.0 1.575696496024237e-10
874.0 1.575696496024237e-10
875.0 1.575696496024237e-10
876.0 1.575696496024237e-10
877.0 6.269560799410101e-05
878.0 0.00015543610061286017
879.0 0.00024817659323161934
880.0 0.00019324647837493103
881.0 0.00013831636351824272
882.0 0.00013202067066231393
883.0 0.0001257249891750689
884.0 6.343828999888501e-05
885.0 1.1515939313255785e-06
886.0 0.0001088086946765543
887.0 0.00021646580989909125
888.0 0.00018892602611231268
889.0 0.00016138626506290166
890.0 0.0001040253209794173
891.0 4.6664365527249174e-05
892.0 1.575696496024237e-10
893.0 1.575696496024237e-10
894.0 1.575696496024237e-10
895.0 7.91858099091769e-05
896.0 3.296160286936356e-05
897.0 1.575696496024237e-10
898.0 5.6360556754952995e-05
899.0 0.0001259836608369369
900.0 9.244331522495486e-05
