lsstCam/transmission_sensor/r21_s00/19700101T000000.ecsv
# %ECSV 1.0
# ---
# datatype:
# - {name: amp_name, datatype: string}
# - {name: wavelength, unit: nm, datatype: float32}
# - {name: efficiency, unit: '%', datatype: float64}
# meta: !!omap
# - {MODE: AMP}
# - {TYPE: transmission_sensor}
# - {CALIBDATE: '1970-01-01T00:00:00'}
# - {INSTRUME: LSSTCam}
# - {OBSTYPE: transmission_sensor}
# - {DETECTOR: 81}
# - {PARQUETFILE: qe_raft_allvalues_nircorrected_20230725_adjust.parquet}
# - {CORRFILE: qe_corr_factor_bydetnum.parquet}
# - {CALIBCLS: lsst.ip.isr.IntermediateSensorTransmissionCurve}
# - {CALIB_ID: 'raftName=R21 detectorName=S00 detector=81 calibDate=1970-01-01T00:00:00 ccd=81 ccdnum=81 filter=None'}
# - {DATE: '2025-03-03T21:56:47.831954'}
# - {CALIB_CREATION_DATE: '2025-03-03'}
# - {CALIB_CREATION_TIME: '21:56:47'}
# - __serialized_columns__:
#     efficiency:
#       __class__: astropy.units.quantity.Quantity
#       unit: !astropy.units.Unit {unit: '%'}
#       value: !astropy.table.SerializedColumn {name: efficiency}
#     wavelength:
#       __class__: astropy.units.quantity.Quantity
#       unit: !astropy.units.Unit {unit: nm}
#       value: !astropy.table.SerializedColumn {name: wavelength}
# schema: astropy-2.0
amp_name wavelength efficiency
C00 319.992 39.645331728072605
C00 330.006 50.88427410455911
C00 349.994 69.17540100311564
C00 370.001 74.03264846038009
C00 400.009 82.3540398961575
C00 429.983 85.6057525862146
C00 449.989 87.2987811221882
C00 469.993 88.55656815110866
C00 500.016 91.45569572540884
C00 549.99 94.93132082133492
C00 569.998 95.85881906451473
C00 599.983 96.8032634369963
C00 630.013 97.36470538665445
C00 649.987 97.67437408552114
C00 670.017 97.74851914177508
C00 699.987 97.51416657313845
C00 720.012 97.4352377179624
C00 749.995 96.81053481135795
C00 770.007 96.4109460009117
C00 800.008 95.29215703347275
C00 830.013 93.60547372838948
C00 869.994 88.74934376655324
C00 900.005 81.47703560736059
C00 919.989 74.08856915626026
C00 959.989 53.44016601971578
C00 1000.013 26.9883488858133
C00 1030.002 10.887508242750238
C00 1049.996 5.3019508402056665
C00 1080.005 0.6711393832101603
C00 1100.007 0.09129586984494958
C01 319.992 40.3959748386207
C01 330.006 51.85543503726102
C01 349.994 70.55716113786298
C01 370.001 75.52441300810167
C01 400.009 83.52316208233556
C01 429.983 86.59786655819546
C01 449.989 88.22661614481213
C01 469.993 89.44418864647356
C01 500.016 92.32090507958334
C01 549.99 95.78860055041608
C01 569.998 96.71768318779891
C01 599.983 97.65513173273675
C01 630.013 98.21965827593989
C01 649.987 98.52708432987188
C01 670.017 98.60582948716934
C01 699.987 98.37179073574201
C01 720.012 98.28859855896654
C01 749.995 97.66087229144331
C01 770.007 97.26227085709459
C01 800.008 96.12700265912868
C01 830.013 94.42080910852137
C01 869.994 89.46193079991598
C01 900.005 82.15265344265309
C01 919.989 74.75434384689058
C01 959.989 53.69556347657065
C01 1000.013 27.025145867122347
C01 1030.002 10.85284483576046
C01 1049.996 5.305586049006596
C01 1080.005 0.6770343564771084
C01 1100.007 0.09209776990562628
C02 319.992 40.72784036448609
C02 330.006 52.289692995255756
C02 349.994 71.2090513305017
C02 370.001 76.25990104366446
C02 400.009 83.96198569802159
C02 429.983 86.87717152854358
C02 449.989 88.44438232582593
C02 469.993 89.6228118711869
C02 500.016 92.4672663643658
C02 549.99 95.90405466712242
C02 569.998 96.83486712619549
C02 599.983 97.76600105655612
C02 630.013 98.33228038368433
C02 649.987 98.63903287872809
C02 670.017 98.7194083546982
C02 699.987 98.48494862896574
C02 720.012 98.40838488397677
C02 749.995 97.77810215430955
C02 770.007 97.37924813537774
C02 800.008 96.24636800983376
C02 830.013 94.5275528841503
C02 869.994 89.57890807819912
C02 900.005 82.21608278932143
C02 919.989 74.75562973204084
C02 959.989 53.7050277443582
C02 1000.013 27.204840662794236
C02 1030.002 10.829312372102699
C02 1049.996 5.249206108429899
C02 1080.005 0.6778470522309348
C02 1100.007 0.09220832185298777
C03 319.992 41.041205983159806
C03 330.006 52.703545180568234
C03 349.994 71.85686189941961
C03 370.001 76.97216660573963
C03 400.009 84.19840486779256
C03 429.983 86.88240691808397
C03 449.989 88.36881361101277
C03 469.993 89.49301401179244
C03 500.016 92.2817238528915
C03 549.99 95.67478440646069
C03 569.998 96.59245481313486
C03 599.983 97.5200066348626
C03 630.013 98.08357641828131
C03 649.987 98.3871448167625
C03 670.017 98.46795657519431
C03 699.987 98.24071464527556
C03 720.012 98.16115050160263
C03 749.995 97.53496270381275
C03 770.007 97.1439081906436
C03 800.008 96.01561285798658
C03 830.013 94.29258798925164
C03 869.994 89.41940474101779
C03 900.005 82.0182860985282
C03 919.989 74.62179051931696
C03 959.989 53.67252470096165
C03 1000.013 27.13948248840048
C03 1030.002 10.912284494127753
C03 1049.996 5.275964766080745
C03 1080.005 0.6761614950291217
C03 1100.007 0.09197903354900405
C04 319.992 41.42955477965861
C04 330.006 53.20858422741486
C04 349.994 72.61321495236116
C04 370.001 77.80951511499163
C04 400.009 84.66080304456686
C04 429.983 87.16651864958905
C04 449.989 88.58843207896922
C04 469.993 89.66803981971633
C04 500.016 92.41449149465683
C04 549.99 95.78179607482924
C04 569.998 96.6947439152075
C04 599.983 97.61639444258488
C04 630.013 98.17700209771101
C04 649.987 98.48309634202309
C04 670.017 98.56094597216232
C04 699.987 98.33502054370693
C04 720.012 98.2590078923538
C04 749.995 97.63187098885777
C04 770.007 97.2389794969025
C04 800.008 96.11683038910066
C04 830.013 94.40527898370055
C04 869.994 89.57833402232848
C04 900.005 82.18281051105822
C04 919.989 74.72926143238205
C04 959.989 53.8359660614157
C04 1000.013 27.285702172734844
C04 1030.002 10.952140236467617
C04 1049.996 5.3158181165211476
C04 1080.005 0.6768333104920584
C04 1100.007 0.0920704213867595
C05 319.992 41.66882126654804
C05 330.006 53.528329520331134
C05 349.994 73.14228015091432
C05 370.001 78.42715330734785
C05 400.009 85.02953826548492
C05 429.983 87.39205372005239
C05 449.989 88.7594394957985
C05 469.993 89.80341750217356
C05 500.016 92.52097503162439
C05 549.99 95.86842493275037
C05 569.998 96.7814722761462
C05 599.983 97.70527359951899
C05 630.013 98.2672896050478
C05 649.987 98.57649905921795
C05 670.017 98.6591707586707
C05 699.987 98.43365865044218
C05 720.012 98.35953655642308
C05 749.995 97.73683901832679
C05 770.007 97.34744544014339
C05 800.008 96.22445438373124
C05 830.013 94.51780924250569
C05 869.994 89.69836527784351
C05 900.005 82.2818466298638
C05 919.989 74.80671305045097
C05 959.989 53.92290873654613
C05 1000.013 27.406248165013906
C05 1030.002 11.006058434118984
C05 1049.996 5.328067512041163
C05 1080.005 0.67756100817
C05 1100.007 0.09216941094713077
C06 319.992 42.11253201121291
C06 330.006 54.106254527555386
C06 349.994 73.99801375618385
C06 370.001 79.37084758015844
C06 400.009 85.59736371642477
C06 429.983 87.78082731789549
C06 449.989 89.08266356729095
C06 469.993 90.08281432146099
C06 500.016 92.7658519578897
C06 549.99 96.08488992045736
C06 569.998 96.99224262961627
C06 599.983 97.91255369329546
C06 630.013 98.48095320010597
C06 649.987 98.78191921197352
C06 670.017 98.86837968017258
C06 699.987 98.64274510669166
C06 720.012 98.5686995534553
C06 749.995 97.94615509692453
C06 770.007 97.55930267272858
C06 800.008 96.43063229023606
C06 830.013 94.72221140285062
C06 869.994 89.88592846598252
C06 900.005 82.500263407531
C06 919.989 74.94868089430334
C06 959.989 54.02208262876066
C06 1000.013 27.499620265895675
C06 1030.002 11.022415199393544
C06 1049.996 5.34013799348149
C06 1080.005 0.6790120967498069
C06 1100.007 0.09236680421212123
C07 319.992 42.297500466816565
C07 330.006 54.34634382785942
C07 349.994 74.34729996420408
C07 370.001 79.73037494491118
C07 400.009 85.75617818656131
C07 429.983 87.83982495324237
C07 449.989 89.10744747274674
C07 469.993 90.08445229421193
C07 500.016 92.74885225004
C07 549.99 96.04968881446872
C07 569.998 96.95593168227771
C07 599.983 97.87435984270115
C07 630.013 98.42995407655688
C07 649.987 98.7320528920092
C07 670.017 98.81291057491066
C07 699.987 98.58799548478763
C07 720.012 98.5112327337635
C07 749.995 97.88466988613814
C07 770.007 97.4936077188907
C07 800.008 96.36417958264892
C07 830.013 94.64765302636981
C07 869.994 89.8092269475846
C07 900.005 82.3799719133546
C07 919.989 74.78275578544891
C07 959.989 53.9900043867084
C07 1000.013 27.440655160381457
C07 1030.002 11.028621700115119
C07 1049.996 5.352085531289519
C07 1080.005 0.6785858436933696
C07 1100.007 0.09230882051374943
C10 319.992 37.79942445966504
C10 330.006 48.46687508171778
C10 349.994 65.71692869660477
C10 370.001 70.53009631708112
C10 400.009 80.96778681746248
C10 429.983 85.20510751296635
C10 449.989 87.25294084739674
C10 469.993 88.7483257741426
C10 500.016 91.8798464730409
C10 549.99 95.56340225939687
C10 569.998 96.53618968373229
C10 599.983 97.51570504287182
C10 630.013 98.10793169535368
C10 649.987 98.42409105259792
C10 670.017 98.51311563701925
C10 699.987 98.2869605862156
C10 720.012 98.20771025975198
C10 749.995 97.57803220226852
C10 770.007 97.18604389154974
C10 800.008 96.07493196462104
C10 830.013 94.4024316665821
C10 869.994 89.62754974563939
C10 900.005 82.34758750817132
C10 919.989 74.60399478732663
C10 959.989 53.94164974720348
C10 1000.013 27.551090115258695
C10 1030.002 11.050933338287951
C10 1049.996 5.345807751964003
C10 1080.005 0.676460072126824
C10 1100.007 0.09201964933841
C11 319.992 38.44098164663194
C11 330.006 49.297430596500334
C11 349.994 66.86768109492185
C11 370.001 71.70662765102979
C11 400.009 81.56431506193513
C11 429.983 85.5148833689289
C11 449.989 87.45316388100329
C11 469.993 88.87706737073506
C11 500.016 91.94031369141668
C11 549.99 95.55670494090587
C11 569.998 96.51883788828194
C11 599.983 97.47895781307156
C11 630.013 98.06270374682425
C11 649.987 98.3697394427642
C11 670.017 98.45453897597751
C11 699.987 98.22484774101062
C11 720.012 98.14544433298148
C11 749.995 97.51539122566253
C11 770.007 97.12067806307772
C11 800.008 96.00095529808917
C11 830.013 94.3273451587003
C11 869.994 89.48111192007417
C11 900.005 82.30163242220574
C11 919.989 74.61327153019643
C11 959.989 53.63898835699793
C11 1000.013 27.37938617730634
C11 1030.002 10.972196791828555
C11 1049.996 5.310889846871566
C11 1080.005 0.6760258100058564
C11 1100.007 0.09196057615768737
C12 319.992 39.00232792031165
C12 330.006 50.03355009352084
C12 349.994 67.95384072667271
C12 370.001 72.8928873184665
C12 400.009 82.32414306641373
C12 429.983 86.03911884409027
C12 449.989 87.89188799367173
C12 469.993 89.25719186012694
C12 500.016 92.26764800294302
C12 549.99 95.85165484724894
C12 569.998 96.80774107278742
C12 599.983 97.76370483307349
C12 630.013 98.34796359007065
C12 649.987 98.65762463485906
C12 670.017 98.74164345208828
C12 699.987 98.51483015055295
C12 720.012 98.4329697833974
C12 749.995 97.80294729239154
C12 770.007 97.4058154410717
C12 800.008 96.28016841949798
C12 830.013 94.58938252845908
C12 869.994 89.67261695852501
C12 900.005 82.51459949614085
C12 919.989 74.92348366862068
C12 959.989 53.80375387299362
C12 1000.013 27.183969904856752
C12 1030.002 10.945800746136005
C12 1049.996 5.306641833428711
C12 1080.005 0.6780192932297916
C12 1100.007 0.09223175199612492
C13 319.992 39.654623779098955
C13 330.006 50.88179801023701
C13 349.994 69.14050606025803
C13 370.001 74.11395773389981
C13 400.009 82.95889577779378
C13 429.983 86.39899064236539
C13 449.989 88.15267774867164
C13 469.993 89.45654232881009
C13 500.016 92.40753393750448
C13 549.99 95.94185815972469
C13 569.998 96.88409050358467
C13 599.983 97.8302953140696
C13 630.013 98.40360108505463
C13 649.987 98.70985606501048
C13 670.017 98.79026215729371
C13 699.987 98.55427926998443
C13 720.012 98.4791391835547
C13 749.995 97.84609333163004
C13 770.007 97.45004835942532
C13 800.008 96.32020690295667
C13 830.013 94.62164446838996
C13 869.994 89.67249449327261
C13 900.005 82.51957464701987
C13 919.989 74.93697780862023
C13 959.989 53.61134948034541
C13 1000.013 27.24467248613949
C13 1030.002 10.927971527553213
C13 1049.996 5.298745694927837
C13 1080.005 0.6783184031532947
C13 1100.007 0.09227244026644348
C14 319.992 40.00941326939921
C14 330.006 51.35038450929698
C14 349.994 69.86236983649057
C14 370.001 74.92176915508698
C14 400.009 83.38491412052504
C14 429.983 86.62764092268682
C14 449.989 88.3116146840606
C14 469.993 89.5678020106215
C14 500.016 92.47898475820546
C14 549.99 95.98051125501553
C14 569.998 96.91926864733847
C14 599.983 97.86496063457895
C14 630.013 98.43905477562635
C14 649.987 98.74589146553113
C14 670.017 98.8285248945925
C14 699.987 98.5932002580149
C14 720.012 98.51738661269694
C14 749.995 97.88655278939389
C14 770.007 97.49154877183462
C14 800.008 96.36202878665353
C14 830.013 94.64727797653431
C14 869.994 89.68565950790632
C14 900.005 82.4756096214059
C14 919.989 75.01612097798801
C14 959.989 53.635222550486425
C14 1000.013 27.220091413758
C14 1030.002 10.919655371506977
C14 1049.996 5.29049220664748
C14 1080.005 0.6785988909212428
C14 1100.007 0.09231059534331171
C15 319.992 40.302618045895485
C15 330.006 51.731576742608276
C15 349.994 70.42163037384023
C15 370.001 75.52064720159018
C15 400.009 83.6946899764876
C15 429.983 86.78363869201803
C15 449.989 88.41169175751163
C15 469.993 89.63415521519106
C15 500.016 92.50782532514722
C15 549.99 95.9854404814249
C15 569.998 96.91797510810993
C15 599.983 97.85636510467566
C15 630.013 98.42892843006798
C15 649.987 98.73125686786855
C15 670.017 98.81451793134849
C15 699.987 98.57959130684122
C15 720.012 98.50118292898789
C15 749.995 97.86983628244039
C15 770.007 97.4765773947279
C15 800.008 96.34134746715337
C15 830.013 94.62703293949585
C15 869.994 89.66249826704492
C15 900.005 82.35965033553337
C15 919.989 74.95762085772901
C15 959.989 53.46264604761067
C15 1000.013 27.21888398291005
C15 1030.002 10.911858736023683
C15 1049.996 5.285685923870413
C15 1080.005 0.6784830050125246
C15 1100.007 0.0922948312485441
C16 319.992 40.883172229007336
C16 330.006 52.48659798592991
C16 349.994 71.49986038049776
C16 370.001 76.64999114297092
C16 400.009 84.37184628151344
C16 429.983 87.24641191862783
C16 449.989 88.79924070283066
C16 469.993 89.96553088004683
C16 500.016 92.80028765605078
C16 549.99 96.24387278031597
C16 569.998 97.17191446305333
C16 599.983 98.10487771812178
C16 630.013 98.66923587160287
C16 649.987 98.97420496640845
C16 670.017 99.05655519457363
C16 699.987 98.82340431622625
C16 720.012 98.74348808495266
C16 749.995 98.11257772086685
C16 770.007 97.71516266865082
C16 800.008 96.57467438930108
C16 830.013 94.85816314117852
C16 869.994 89.85462328583608
C16 900.005 82.55770726498798
C16 919.989 75.18507710183948
C16 959.989 53.488868919782234
C16 1000.013 27.272535244581565
C16 1030.002 10.961877180793728
C16 1049.996 5.310396637202694
C16 1080.005 0.6801658088304774
C16 1100.007 0.09252374500652318
C17 319.992 41.06357885395884
C17 330.006 52.72231680753869
C17 349.994 71.80147698901871
C17 370.001 76.9167663871822
C17 400.009 84.38139091712289
C17 429.983 87.14381665342418
C17 449.989 88.65594104935836
C17 469.993 89.80079215332509
C17 500.016 92.60523112528014
C17 549.99 96.02325162810544
C17 569.998 96.94229211479092
C17 599.983 97.86577962095441
C17 630.013 98.42255258286455
C17 649.987 98.72248529416493
C17 670.017 98.80160550129787
C17 699.987 98.56133633015436
C17 720.012 98.47732516700341
C17 749.995 97.84342205831193
C17 770.007 97.44613712542657
C17 800.008 96.30626117233886
C17 830.013 94.58711692128956
C17 869.994 89.61541037749457
C17 900.005 82.3563131574053
C17 919.989 75.03152098347813
C17 959.989 53.310349025125625
C17 1000.013 27.208715539921165
C17 1030.002 10.963869154664904
C17 1049.996 5.320405301307582
C17 1080.005 0.6782998828744994
C17 1100.007 0.09226992093140714
