lsstCam/transmission_sensor/r21_s00/19700101T000000.ecsv
# %ECSV 1.0
# ---
# datatype:
# - {name: amp_name, datatype: string}
# - {name: wavelength, unit: nm, datatype: float32}
# - {name: efficiency, unit: '%', datatype: float64}
# meta: !!omap
# - {MODE: AMP}
# - {TYPE: transmission_sensor}
# - {CALIBDATE: '1970-01-01T00:00:00'}
# - {INSTRUME: LSSTCAM}
# - {OBSTYPE: transmission_sensor}
# - {DETECTOR: 81}
# - {PARQUETFILE: qe_raft_allvalues_nircorrected_20230725.parquet}
# - {CALIBCLS: lsst.ip.isr.IntermediateSensorTransmissionCurve}
# - {CALIB_ID: 'raftName=R21 detectorName=S00 detector=81 calibDate=1970-01-01T00:00:00 ccd=81 ccdnum=81 filter=None'}
# - {DATE: '2024-01-18T22:42:25.261355'}
# - {CALIB_CREATION_DATE: '2024-01-18'}
# - {CALIB_CREATION_TIME: '22:42:25'}
# - __serialized_columns__:
#     efficiency:
#       __class__: astropy.units.quantity.Quantity
#       unit: !astropy.units.Unit {unit: '%'}
#       value: !astropy.table.SerializedColumn {name: efficiency}
#     wavelength:
#       __class__: astropy.units.quantity.Quantity
#       unit: !astropy.units.Unit {unit: nm}
#       value: !astropy.table.SerializedColumn {name: wavelength}
# schema: astropy-2.0
amp_name wavelength efficiency
C00 319.992 39.742686001017894
C00 330.006 49.46758491872195
C00 349.994 65.509977967347
C00 370.001 69.90686845710378
C00 400.009 80.22642528490113
C00 429.983 83.87731739947253
C00 449.989 86.05917953946678
C00 469.993 87.95672245867432
C00 500.016 90.90607811397207
C00 549.99 94.52644399003952
C00 569.998 95.61689746499601
C00 599.983 96.7862805874524
C00 630.013 97.45796776394633
C00 649.987 97.76611943839511
C00 670.017 97.76948024520716
C00 699.987 97.33394768622993
C00 720.012 97.10730316629208
C00 749.995 97.14415965219885
C00 770.007 97.13920240677088
C00 800.008 96.30926890509834
C00 830.013 94.56828560512132
C00 869.994 89.86494763848411
C00 900.005 81.71500538940053
C00 919.989 72.9529681194252
C00 959.989 51.99663898146847
C00 1000.013 25.964700800070204
C00 1030.002 9.429524491717283
C00 1049.996 4.046542912260695
C00 1080.005 0.5887578812553054
C00 1100.007 0.11318080538031795
C01 319.992 40.495172413439974
C01 330.006 50.411707376074105
C01 349.994 66.8185222572367
C01 370.001 71.31549816541894
C01 400.009 81.36534322792619
C01 429.983 84.84939995245847
C01 449.989 86.97383974168928
C01 469.993 88.83833057865276
C01 500.016 91.76608785433505
C01 549.99 95.38006746850455
C01 569.998 96.47359404872043
C01 599.983 97.63799943419097
C01 630.013 98.31373958385566
C01 649.987 98.61963063184841
C01 670.017 98.6269744314512
C01 699.987 98.1899868476239
C01 720.012 97.95779187898452
C01 749.995 97.99742753347462
C01 770.007 97.99695788940957
C01 800.008 97.15302535220341
C01 830.013 95.39200740280171
C01 869.994 90.58649208854166
C01 900.005 82.39259650008047
C01 919.989 73.60853807216424
C01 959.989 52.24513763613149
C01 1000.013 26.000102099129943
C01 1030.002 9.399502981019998
C01 1049.996 4.049317368088621
C01 1080.005 0.5939292540841566
C01 1100.007 0.11417493244056783
C02 319.992 40.82785287830519
C02 330.006 50.83387498663279
C02 349.994 67.43587049862916
C02 370.001 72.00999804382566
C02 400.009 81.79282984620838
C02 429.983 85.12306557587023
C02 449.989 87.18851374547931
C02 469.993 89.01574388326473
C02 500.016 91.91156955759872
C02 549.99 95.49502917979055
C02 569.998 96.59048224671366
C02 599.983 97.74884930745694
C02 630.013 98.42646956853007
C02 649.987 98.73168433376256
C02 670.017 98.740577654729
C02 699.987 98.30293561031533
C02 720.012 98.07717504312905
C02 749.995 98.11506138950561
C02 770.007 98.11481877537196
C02 800.008 97.27366476280011
C02 830.013 95.49984912891205
C02 869.994 90.70493980366459
C02 900.005 82.45621110468917
C02 919.989 73.60980424776245
C02 959.989 52.254346254891985
C02 1000.013 26.172981204283463
C02 1030.002 9.379121830671933
C02 1049.996 4.006287197532482
C02 1080.005 0.5946421924723634
C02 1100.007 0.11431198528271705
C03 319.992 41.14198800704837
C03 330.006 51.236204949691256
C03 349.994 68.04935528485997
C03 370.001 72.68256961852977
C03 400.009 82.02314113249702
C03 429.983 85.12819525952959
C03 449.989 87.11401807083101
C03 469.993 88.88682522107123
C03 500.016 91.72714209348334
C03 549.99 95.26673674410631
C03 569.998 96.34868171642994
C03 599.983 97.5028980422243
C03 630.013 98.17752737796154
C03 649.987 98.47955967382185
C03 670.017 98.48907195413449
C03 699.987 98.05915300285317
C03 720.012 97.83077276932508
C03 749.995 97.87108404093675
C03 770.007 97.87770115051522
C03 800.008 97.04044661912141
C03 830.013 95.26246742031209
C03 869.994 90.54343146528556
C03 900.005 82.2578367095766
C03 919.989 73.47801647091417
C03 959.989 52.22272118447836
C03 1000.013 26.11010201704038
C03 1030.002 9.450982869885014
C03 1049.996 4.026709879621033
C03 1080.005 0.5931635352638901
C03 1100.007 0.11402773326832431
C04 319.992 41.53129044457083
C04 330.006 51.727183004833
C04 349.994 68.76563117361853
C04 370.001 73.47325336828591
C04 400.009 82.47359326365698
C04 429.983 85.40657059249995
C04 449.989 87.33051805996135
C04 469.993 89.06066547631235
C04 500.016 91.85911184689886
C04 549.99 95.37329201362962
C04 569.998 96.45071266861684
C04 599.983 97.59926893998323
C04 630.013 98.27104254670802
C04 649.987 98.5756013261667
C04 670.017 98.5820812916641
C04 699.987 98.15328461169523
C04 720.012 97.9283008046981
C04 749.995 97.9683262876858
C04 770.007 97.97349059398435
C04 800.008 97.14274450727343
C04 830.013 95.37631753744405
C04 869.994 90.70435853175239
C04 900.005 82.4228416481628
C04 919.989 73.5838401112394
C04 959.989 52.38174766300827
C04 1000.013 26.25077569703783
C04 1030.002 9.485501392411006
C04 1049.996 4.057126663483215
C04 1080.005 0.5937528862369491
C04 1100.007 0.11414102808764849
C05 319.992 41.77114448146567
C05 330.006 52.0380261426794
C05 349.994 69.26666259516311
C05 370.001 74.05647108053941
C05 400.009 82.83280221913986
C05 429.983 85.6275519648781
C05 449.989 87.49909725199949
C05 469.993 89.19512616614703
C05 500.016 91.96495545404267
C05 549.99 95.4595514042644
C05 569.998 96.53722215075018
C05 599.983 97.68813250424726
C05 630.013 98.36141653741205
C05 649.987 98.6690917763553
C05 670.017 98.68032714140625
C05 699.987 98.2517404223557
C05 720.012 98.02849112277312
C05 749.995 98.07365605404837
C05 770.007 98.08277585309402
C05 800.008 97.2515172390721
C05 830.013 95.49000526562949
C05 869.994 90.82589861344825
C05 900.005 82.5221670215225
C05 919.989 73.66010458075374
C05 959.989 52.466341840525835
C05 1000.013 26.36674946910577
C05 1030.002 9.532199218393492
C05 1049.996 4.066475619389241
C05 1080.005 0.5943912599545068
C05 1100.007 0.114263746872037
C06 319.992 42.21594481562474
C06 330.006 52.59986091136989
C06 349.994 70.0770531214804
C06 370.001 74.94757402991446
C06 400.009 83.38595791340977
C06 429.983 86.00847597381055
C06 449.989 87.81773169388376
C06 469.993 89.47263046653916
C06 500.016 92.20836075330605
C06 549.99 95.67509318077458
C06 569.998 96.7474605771473
C06 599.983 97.89537623347857
C06 630.013 98.57528479364326
C06 649.987 98.87470487986768
C06 670.017 98.88958092547875
C06 699.987 98.46044045958794
C06 720.012 98.23695014683557
C06 749.995 98.28369346988016
C06 770.007 98.29623338515927
C06 800.008 97.45989580933458
C06 830.013 95.69650987596768
C06 869.994 91.01581952289582
C06 900.005 82.7412217285472
C06 919.989 73.79989639620509
C06 959.989 52.5628368452001
C06 1000.013 26.456580035352214
C06 1030.002 9.546365592858873
C06 1049.996 4.075688024896576
C06 1080.005 0.5956642292648079
C06 1100.007 0.11450845814699626
C07 319.992 42.40136748534965
C07 330.006 52.83326579057603
C07 349.994 70.40783156959772
C07 370.001 75.28706522355924
C07 400.009 83.54066941558547
C07 429.983 86.066282408966
C07 449.989 87.84216367955288
C07 469.993 89.4742573443378
C07 500.016 92.191463207916
C07 549.99 95.64004220555552
C07 569.998 96.71124126876846
C07 599.983 97.85718908348912
C07 630.013 98.52423681974864
C07 649.987 98.82479172056433
C07 670.017 98.8340999254724
C07 699.987 98.40579202211961
C07 720.012 98.17967674131498
C07 749.995 98.22199637106212
C07 770.007 98.23004219336346
C07 800.008 97.3927338110787
C07 830.013 95.62118460319837
C07 869.994 90.93815384513314
C07 900.005 82.62057889929292
C07 919.989 73.63651452347733
C07 959.989 52.53162510138673
C07 1000.013 26.399851432620757
C07 1030.002 9.551740959679002
C07 1049.996 4.084806597643314
C07 1080.005 0.5952902982265394
C07 1100.007 0.114436574920605
C10 319.992 37.89224586701917
C10 330.006 47.11748965748043
C10 349.994 62.234761035969875
C10 370.001 66.59951072996823
C10 400.009 78.87598602066926
C10 429.983 83.48476160785637
C10 449.989 86.01399017499106
C10 469.993 88.14718119460626
C10 500.016 91.32767985993776
C10 549.99 95.15582963573758
C10 569.998 96.29255858491797
C10 599.983 97.49859720489081
C10 630.013 98.20190598413484
C10 649.987 98.51654061318597
C10 670.017 98.53424069982752
C10 699.987 98.10531347526805
C10 720.012 97.87717582283888
C10 749.995 97.91430196388572
C10 770.007 97.920155130573
C10 800.008 97.10039887510887
C10 830.013 95.37344093324838
C10 869.994 90.75419291035871
C10 900.005 82.58809990905527
C10 919.989 73.46049350504592
C10 959.989 52.48457661855662
C10 1000.013 26.50609767144732
C10 1030.002 9.571064769490228
C10 1049.996 4.080015285124578
C10 1080.005 0.593425462404261
C10 1100.007 0.11407808524770663
C11 319.992 38.535378481174284
C11 330.006 47.92492134792362
C11 349.994 63.324538083394984
C11 370.001 67.71047491818076
C11 400.009 79.4571029725014
C11 429.983 83.78828289011011
C11 449.989 86.21137013580592
C11 469.993 88.27505074868662
C11 500.016 91.38778369090643
C11 549.99 95.14916088093943
C11 569.998 96.27525058068213
C11 599.983 97.46185642190498
C11 630.013 98.15663471327436
C11 649.987 98.46213795098903
C11 670.017 98.47565147765992
C11 699.987 98.04331542269493
C11 720.012 97.81511946243532
C11 749.995 97.8514451162912
C11 770.007 97.85429555024722
C11 800.008 97.02563261006128
C11 830.013 95.29758209679761
C11 869.994 90.60591432070144
C11 900.005 82.54201060218058
C11 919.989 73.46962805757595
C11 959.989 52.19009072503711
C11 1000.013 26.34090633669804
C11 1030.002 9.502872105321499
C11 1049.996 4.053365320682939
C11 1080.005 0.5930445054039023
C11 1100.007 0.11400485137434609
C12 319.992 39.098103213703055
C12 330.006 48.64054625109829
C12 349.994 64.35314496551217
C12 370.001 68.83062528767412
C12 400.009 80.1973008390243
C12 429.983 84.3019337139597
C12 449.989 86.64386457267075
C12 469.993 88.65260043146267
C12 500.016 91.71315083460341
C12 549.99 95.44285284224985
C12 569.998 96.56342465209
C12 599.983 97.74655348681628
C12 630.013 98.44216779733242
C12 649.987 98.75029355309454
C12 670.017 98.76281752019311
C12 699.987 98.33276190695679
C12 720.012 98.10167719796816
C12 749.995 98.13999214797235
C12 770.007 98.14158676170813
C12 800.008 97.30782594505052
C12 830.013 95.5623147436775
C12 869.994 90.79982663061283
C12 900.005 82.75559968853659
C12 919.989 73.77508538388753
C12 959.989 52.35040559098761
C12 1000.013 26.15290205873772
C12 1030.002 9.480010845077851
C12 1049.996 4.050123161484099
C12 1080.005 0.5947932911086365
C12 1100.007 0.11434103196878229
C13 319.992 39.75200086988515
C13 330.006 49.46517776232048
C13 349.994 65.47693201597376
C13 370.001 69.98364643015344
C13 400.009 80.815654729594
C13 429.983 84.65453946924048
C13 449.989 86.9009512359562
C13 469.993 88.85060058223694
C13 500.016 91.85219610229753
C13 549.99 95.53267144258832
C13 569.998 96.63958139767999
C13 599.983 97.81313228539508
C13 630.013 98.49785858560197
C13 649.987 98.80257404412846
C13 670.017 98.81144665114941
C13 699.987 98.37213811927494
C13 720.012 98.14769120730489
C13 749.995 98.18328687547606
C13 770.007 98.18615380090047
C13 800.008 97.34829178389832
C13 830.013 95.59490852508831
C13 869.994 90.79970262593822
C13 900.005 82.76058937032683
C13 919.989 73.78837269090936
C13 959.989 52.16319843037949
C13 1000.013 26.211302236068565
C13 1030.002 9.464569198601344
C13 1049.996 4.04409668854085
C13 1080.005 0.595055685671122
C13 1100.007 0.11439147380379637
C14 319.992 40.10766159196405
C14 330.006 49.920718159465274
C14 349.994 66.16054612432261
C14 370.001 70.74643917002548
C14 400.009 81.23066689883575
C14 429.983 84.8785731533867
C14 449.989 87.05763134170644
C14 469.993 88.96110663682148
C14 500.016 91.92321752787886
C14 549.99 95.5711596845662
C14 569.998 96.67467076136235
C14 599.983 97.8477915243334
C14 630.013 98.53334623607172
C14 649.987 98.83864329263194
C14 670.017 98.84971759347475
C14 699.987 98.41098717624774
C14 720.012 98.18580990834197
C14 749.995 98.22388576310858
C14 770.007 98.22796769370215
C14 800.008 97.39056005831321
C14 830.013 95.62080569565647
C14 869.994 90.81303312845812
C14 900.005 82.71649593616823
C14 919.989 73.86630278427613
C14 959.989 52.18642664058085
C14 1000.013 26.187653505557833
C14 1030.002 9.457366687671705
C14 1049.996 4.037797479908238
C14 1080.005 0.5953017439238582
C14 1100.007 0.11443877520238788
C15 319.992 40.40158637095736
C15 330.006 50.29129746915408
C15 349.994 66.69017291287035
C15 370.001 71.31194222427798
C15 400.009 81.53243970311811
C15 429.983 85.03142122745304
C15 449.989 87.15628736784102
C15 469.993 89.02701039213198
C15 500.016 91.95188477282696
C15 549.99 95.57606788809764
C15 569.998 96.67338048667516
C15 599.983 97.8391975024019
C15 630.013 98.52321019082744
C15 649.987 98.82399494871974
C15 670.017 98.83570762659029
C15 699.987 98.3974033761892
C15 720.012 98.16966076083436
C15 749.995 98.20711164835463
C15 770.007 98.21288322776337
C15 800.008 97.36965799435475
C15 830.013 95.60035242120058
C15 869.994 90.78958074437371
C15 900.005 82.60019796828821
C15 919.989 73.80869933131653
C15 959.989 52.018511778314064
C15 1000.013 26.186491871667727
C15 1030.002 9.450614126515973
C15 1049.996 4.034129239652523
C15 1080.005 0.5952000828623988
C15 1100.007 0.11441923222695076
C16 319.992 40.98356618044031
C16 330.006 51.02529786764077
C16 349.994 67.71127033992663
C16 370.001 72.37834873538884
C16 400.009 82.19210169152642
C16 429.983 85.48485076506776
C16 449.989 87.53833330063426
C16 469.993 89.3561414548166
C16 500.016 92.24258950463872
C16 549.99 95.83339798753151
C16 569.998 96.92667896772163
C16 599.983 98.08766651760378
C16 630.013 98.76374781477998
C16 649.987 99.0671712479442
C16 670.017 99.07779679206575
C16 699.987 98.64076578736159
C16 720.012 98.41115039836299
C16 749.995 98.45068961323886
C16 770.007 98.45327069595245
C16 800.008 97.60547535842207
C16 830.013 95.83385999350473
C16 869.994 90.98412082795028
C16 900.005 82.79883336214057
C16 919.989 74.0326692137711
C16 959.989 52.04402631763752
C16 1000.013 26.238108180718015
C16 1030.002 9.493934428965416
C16 1049.996 4.052988894316497
C16 1080.005 0.5966763246613636
C16 1100.007 0.11470301991126451
C17 319.992 41.164415817344064
C17 330.006 51.2544539483763
C17 349.994 67.99690507557354
C17 370.001 72.63025680963084
C17 400.009 82.20139974170779
C17 429.983 85.38432696423436
C17 449.989 87.39706843476112
C17 469.993 89.19251860032958
C17 500.016 92.0487051972456
C17 549.99 95.61371777232947
C17 569.998 96.697636123842
C17 599.983 97.84861036702857
C17 630.013 98.51682823641438
C17 649.987 98.8152151358937
C17 670.017 98.82279242760993
C17 699.987 98.37918213707808
C17 720.012 98.14588329612903
C17 749.995 98.18060639651583
C17 770.007 98.18221302273344
C17 800.008 97.33419720191003
C17 830.013 95.56002583281213
C17 869.994 90.74190094698862
C17 900.005 82.596851043272
C17 919.989 73.88146674441674
C17 959.989 51.870328606630316
C17 1000.013 26.17670911019069
C17 1030.002 9.495659650750449
C17 1049.996 4.060627684266738
C17 1080.005 0.5950394387328904
C17 1100.007 0.11438835054784931
