lsstCam/transmission_sensor/r21_s00/19700101T000000.ecsv
# %ECSV 1.0
# ---
# datatype:
# - {name: amp_name, datatype: string}
# - {name: wavelength, unit: nm, datatype: float32}
# - {name: efficiency, unit: '%', datatype: float64}
# meta: !!omap
# - {MODE: AMP}
# - {TYPE: transmission_sensor}
# - {CALIBDATE: '1970-01-01T00:00:00'}
# - {INSTRUME: LSSTCAM}
# - {OBSTYPE: transmission_sensor}
# - {DETECTOR: 81}
# - {PARQUETFILE: qe_raft_allvalues_nircorrected_20230725.parquet}
# - {CALIBCLS: lsst.ip.isr.IntermediateSensorTransmissionCurve}
# - {CALIB_ID: 'raftName=R21 detectorName=S00 detector=81 calibDate=1970-01-01T00:00:00 ccd=81 ccdnum=81 filter=None'}
# - {DATE: '2023-08-02T16:57:55.768397'}
# - {CALIB_CREATION_DATE: '2023-08-02'}
# - {CALIB_CREATION_TIME: '16:57:55'}
# - __serialized_columns__:
#     efficiency:
#       __class__: astropy.units.quantity.Quantity
#       unit: !astropy.units.Unit {unit: '%'}
#       value: !astropy.table.SerializedColumn {name: efficiency}
#     wavelength:
#       __class__: astropy.units.quantity.Quantity
#       unit: !astropy.units.Unit {unit: nm}
#       value: !astropy.table.SerializedColumn {name: wavelength}
# schema: astropy-2.0
amp_name wavelength efficiency
C00 319.992 39.517478942871094
C00 330.006 50.720176696777344
C00 349.994 68.95231628417969
C00 370.001 73.79389953613281
C00 400.009 82.08845520019531
C00 429.983 85.32968139648438
C00 449.989 87.01725006103516
C00 469.993 88.27098083496094
C00 500.016 91.16075897216797
C00 549.99 94.62517547607422
C00 569.998 95.5496826171875
C00 599.983 96.49108123779297
C00 630.013 97.05071258544922
C00 649.987 97.35938262939453
C00 670.017 97.43328857421875
C00 699.987 97.19969177246094
C00 720.012 97.12101745605469
C00 749.995 96.49832916259766
C00 770.007 96.10002899169922
C00 800.008 94.98484802246094
C00 830.013 93.30360412597656
C00 869.994 88.463134765625
C00 900.005 81.21427917480469
C00 919.989 73.84963989257812
C00 959.989 53.267826080322266
C00 1000.013 26.90131378173828
C00 1030.002 10.852396965026855
C00 1049.996 5.284852504730225
C00 1080.005 0.6689750164193766
C00 1100.007 0.09100144851642766
C01 319.992 40.26570129394531
C01 330.006 51.68820571899414
C01 349.994 70.32962036132812
C01 370.001 75.28085327148438
C01 400.009 83.2538070678711
C01 429.983 86.31859588623047
C01 449.989 87.94209289550781
C01 469.993 89.1557388305664
C01 500.016 92.02317810058594
C01 549.99 95.47969055175781
C01 569.998 96.40577697753906
C01 599.983 97.34020233154297
C01 630.013 97.90290832519531
C01 649.987 98.20934295654297
C01 670.017 98.28783416748047
C01 699.987 98.05455017089844
C01 720.012 97.97162628173828
C01 749.995 97.3459243774414
C01 770.007 96.9486083984375
C01 800.008 95.81700134277344
C01 830.013 94.1163101196289
C01 869.994 89.17342376708984
C01 900.005 81.8877182006836
C01 919.989 74.51326751708984
C01 959.989 53.52239990234375
C01 1000.013 26.937992095947266
C01 1030.002 10.817845344543457
C01 1049.996 5.28847599029541
C01 1080.005 0.6748509789045248
C01 1100.007 0.09180076251837457
C02 319.992 40.59649658203125
C02 330.006 52.121063232421875
C02 349.994 70.97940826416016
C02 370.001 76.01396942138672
C02 400.009 83.69121551513672
C02 429.983 86.59700012207031
C02 449.989 88.1591567993164
C02 469.993 89.33378601074219
C02 500.016 92.1690673828125
C02 549.99 95.59477233886719
C02 569.998 96.5225830078125
C02 599.983 97.45071411132812
C02 630.013 98.01516723632812
C02 649.987 98.32093048095703
C02 670.017 98.40104675292969
C02 699.987 98.16734313964844
C02 720.012 98.09102630615234
C02 749.995 97.46277618408203
C02 770.007 97.0652084350586
C02 800.008 95.93598175048828
C02 830.013 94.22270965576172
C02 869.994 89.29002380371094
C02 900.005 81.95094299316406
C02 919.989 74.5145492553711
C02 959.989 53.53183364868164
C02 1000.013 27.117107391357422
C02 1030.002 10.794388771057129
C02 1049.996 5.232277870178223
C02 1080.005 0.6756610537844394
C02 1100.007 0.09191095794521363
C03 319.992 40.908851623535156
C03 330.006 52.5335807800293
C03 349.994 71.62512969970703
C03 370.001 76.72393798828125
C03 400.009 83.92687225341797
C03 429.983 86.60221862792969
C03 449.989 88.08383178710938
C03 469.993 89.20440673828125
C03 500.016 91.98412322998047
C03 549.99 95.36624145507812
C03 569.998 96.28095245361328
C03 599.983 97.20551300048828
C03 630.013 97.76726531982422
C03 649.987 98.06985473632812
C03 670.017 98.15040588378906
C03 699.987 97.92389678955078
C03 720.012 97.84458923339844
C03 749.995 97.22042083740234
C03 770.007 96.83062744140625
C03 800.008 95.70597076416016
C03 830.013 93.9885025024414
C03 869.994 89.13103485107422
C03 900.005 81.7537841796875
C03 919.989 74.38114166259766
C03 959.989 53.49943542480469
C03 1000.013 27.051959991455078
C03 1030.002 10.877093315124512
C03 1049.996 5.258950233459473
C03 1080.005 0.6739809323596391
C03 1100.007 0.09168240907629076
C04 319.992 41.29594802856445
C04 330.006 53.036991119384766
C04 349.994 72.37904357910156
C04 370.001 77.55858612060547
C04 400.009 84.38777923583984
C04 429.983 86.88541412353516
C04 449.989 88.30274200439453
C04 469.993 89.37886810302734
C04 500.016 92.11646270751953
C04 549.99 95.47290802001953
C04 569.998 96.3829116821289
C04 599.983 97.30158996582031
C04 630.013 97.86038970947266
C04 649.987 98.16549682617188
C04 670.017 98.24309539794922
C04 699.987 98.01789855957031
C04 720.012 97.94213104248047
C04 749.995 97.3170166015625
C04 770.007 96.9253921508789
C04 800.008 95.8068618774414
C04 830.013 94.100830078125
C04 869.994 89.2894515991211
C04 900.005 81.91777801513672
C04 919.989 74.48826599121094
C04 959.989 53.662349700927734
C04 1000.013 27.197708129882812
C04 1030.002 10.916820526123047
C04 1049.996 5.298675060272217
C04 1080.005 0.674650581275486
C04 1100.007 0.09177350219612908
C05 319.992 41.53444290161133
C05 330.006 53.35570526123047
C05 349.994 72.90640258789062
C05 370.001 78.17423248291016
C05 400.009 84.75532531738281
C05 429.983 87.11022186279297
C05 449.989 88.47319793701172
C05 469.993 89.51380920410156
C05 500.016 92.22260284423828
C05 549.99 95.55925750732422
C05 569.998 96.4693603515625
C05 599.983 97.39018249511719
C05 630.013 97.95038604736328
C05 649.987 98.25859832763672
C05 670.017 98.34100341796875
C05 699.987 98.11621856689453
C05 720.012 98.0423355102539
C05 749.995 97.42164611816406
C05 770.007 97.03350830078125
C05 800.008 95.91413879394531
C05 830.013 94.21299743652344
C05 869.994 89.40909576416016
C05 900.005 82.01649475097656
C05 919.989 74.56546783447266
C05 959.989 53.7490119934082
C05 1000.013 27.3178653717041
C05 1030.002 10.970564842224121
C05 1049.996 5.310884952545166
C05 1080.005 0.6753759321910004
C05 1100.007 0.09187217252368156
C06 319.992 41.976722717285156
C06 330.006 53.931766510009766
C06 349.994 73.7593765258789
C06 370.001 79.11488342285156
C06 400.009 85.32131958007812
C06 429.983 87.49774169921875
C06 449.989 88.79537963867188
C06 469.993 89.79230499267578
C06 500.016 92.46669006347656
C06 549.99 95.7750244140625
C06 569.998 96.67945098876953
C06 599.983 97.59679412841797
C06 630.013 98.16336059570312
C06 649.987 98.4633560180664
C06 670.017 98.5495376586914
C06 699.987 98.32463073730469
C06 720.012 98.25082397460938
C06 749.995 97.63028717041016
C06 770.007 97.24468231201172
C06 800.008 96.1196517944336
C06 830.013 94.41674041748047
C06 869.994 89.59605407714844
C06 900.005 82.23420715332031
C06 919.989 74.70697784423828
C06 959.989 53.84786605834961
C06 1000.013 27.41093635559082
C06 1030.002 10.986868858337402
C06 1049.996 5.322916507720947
C06 1080.005 0.6768223411349357
C06 1100.007 0.09206892921236887
C07 319.992 42.161094665527344
C07 330.006 54.17108154296875
C07 349.994 74.10753631591797
C07 370.001 79.47325134277344
C07 400.009 85.47962188720703
C07 429.983 87.55654907226562
C07 449.989 88.82008361816406
C07 469.993 89.79393768310547
C07 500.016 92.44974517822266
C07 549.99 95.73993682861328
C07 569.998 96.64325714111328
C07 599.983 97.55872344970703
C07 630.013 98.1125259399414
C07 649.987 98.41365051269531
C07 670.017 98.49424743652344
C07 699.987 98.27005767822266
C07 720.012 98.19354248046875
C07 749.995 97.56900024414062
C07 770.007 97.17919921875
C07 800.008 96.05341339111328
C07 830.013 94.34242248535156
C07 869.994 89.51959991455078
C07 900.005 82.11430358886719
C07 919.989 74.54158782958984
C07 959.989 53.81589126586914
C07 1000.013 27.352161407470703
C07 1030.002 10.99305534362793
C07 1049.996 5.33482551574707
C07 1080.005 0.6763974627079463
C07 1100.007 0.09201113250643753
C10 319.992 37.67752456665039
C10 330.006 48.31057357788086
C10 349.994 65.50499725341797
C10 370.001 70.30264282226562
C10 400.009 80.70667266845703
C10 429.983 84.93032836914062
C10 449.989 86.9715576171875
C10 469.993 88.46212005615234
C10 500.016 91.58354187011719
C10 549.99 95.25521850585938
C10 569.998 96.22486877441406
C10 599.983 97.20122528076172
C10 630.013 97.79154205322266
C10 649.987 98.10668182373047
C10 670.017 98.19541931152344
C10 699.987 97.9699935913086
C10 720.012 97.89099884033203
C10 749.995 97.26335144042969
C10 770.007 96.87262725830078
C10 800.008 95.76509857177734
C10 830.013 94.09799194335938
C10 869.994 89.33850860595703
C10 900.005 82.08202362060547
C10 919.989 74.3634033203125
C10 959.989 53.76769256591797
C10 1000.013 27.46224021911621
C10 1030.002 11.015295028686523
C10 1049.996 5.328567981719971
C10 1080.005 0.6742785465718798
C10 1100.007 0.09172289388326896
C11 319.992 38.317012786865234
C11 330.006 49.138450622558594
C11 349.994 66.65203857421875
C11 370.001 71.47537994384766
C11 400.009 81.30127716064453
C11 429.983 85.23910522460938
C11 449.989 87.17113494873047
C11 469.993 88.59044647216797
C11 500.016 91.64381408691406
C11 549.99 95.24854278564453
C11 569.998 96.20757293701172
C11 599.983 97.16459655761719
C11 630.013 97.7464599609375
C11 649.987 98.05250549316406
C11 670.017 98.13703155517578
C11 699.987 97.9080810546875
C11 720.012 97.82893371582031
C11 749.995 97.20091247558594
C11 770.007 96.8074722290039
C11 800.008 95.69136047363281
C11 830.013 94.02314758300781
C11 869.994 89.19254302978516
C11 900.005 82.03621673583984
C11 919.989 74.37265014648438
C11 959.989 53.466007232666016
C11 1000.013 27.29109001159668
C11 1030.002 10.936812400817871
C11 1049.996 5.293762683868408
C11 1080.005 0.6738456849089044
C11 1100.007 0.09166401120847367
C12 319.992 38.876548767089844
C12 330.006 49.872196197509766
C12 349.994 67.73469543457031
C12 370.001 72.6578140258789
C12 400.009 82.05865478515625
C12 429.983 85.76165008544922
C12 449.989 87.60844421386719
C12 469.993 88.96934509277344
C12 500.016 91.9700927734375
C12 549.99 95.54254150390625
C12 569.998 96.49554443359375
C12 599.983 97.44842529296875
C12 630.013 98.03079986572266
C12 649.987 98.33946228027344
C12 670.017 98.42321014404297
C12 699.987 98.19712829589844
C12 720.012 98.11553192138672
C12 749.995 97.48754119873047
C12 770.007 97.09169006347656
C12 800.008 95.96967315673828
C12 830.013 94.28433990478516
C12 869.994 89.38343048095703
C12 900.005 82.24849700927734
C12 919.989 74.6818618774414
C12 959.989 53.63024139404297
C12 1000.013 27.096303939819336
C12 1030.002 10.910501480102539
C12 1049.996 5.2895283699035645
C12 1080.005 0.6758327393208882
C12 1100.007 0.09193431252815423
C13 319.992 39.52674102783203
C13 330.006 50.717708587646484
C13 349.994 68.91753387451172
C13 370.001 73.87494659423828
C13 400.009 82.69136047363281
C13 429.983 86.120361328125
C13 449.989 87.86839294433594
C13 469.993 89.16805267333984
C13 500.016 92.10952758789062
C13 549.99 95.63245391845703
C13 569.998 96.57164764404297
C13 599.983 97.51480102539062
C13 630.013 98.08625793457031
C13 649.987 98.39152526855469
C13 670.017 98.47167205810547
C13 699.987 98.2364501953125
C13 720.012 98.16155242919922
C13 749.995 97.53054809570312
C13 770.007 97.13578033447266
C13 800.008 96.00958251953125
C13 830.013 94.31649780273438
C13 869.994 89.38330841064453
C13 900.005 82.25345611572266
C13 919.989 74.6953125
C13 959.989 53.43845748901367
C13 1000.013 27.156810760498047
C13 1030.002 10.892729759216309
C13 1049.996 5.281657695770264
C13 1080.005 0.6761308846406124
C13 1100.007 0.09197486958230032
C14 319.992 39.88038635253906
C14 330.006 51.184783935546875
C14 349.994 69.63706970214844
C14 370.001 74.6801528930664
C14 400.009 83.11600494384766
C14 429.983 86.34827423095703
C14 449.989 88.02681732177734
C14 469.993 89.2789535522461
C14 500.016 92.18074798583984
C14 549.99 95.67098236083984
C14 569.998 96.6067123413086
C14 599.983 97.54935455322266
C14 630.013 98.12159729003906
C14 649.987 98.42744445800781
C14 670.017 98.50981140136719
C14 699.987 98.2752456665039
C14 720.012 98.19967651367188
C14 749.995 97.57087707519531
C14 770.007 97.1771469116211
C14 800.008 96.05126953125
C14 830.013 94.34204864501953
C14 869.994 89.39643096923828
C14 900.005 82.20963287353516
C14 919.989 74.77420043945312
C14 959.989 53.46225357055664
C14 1000.013 27.132308959960938
C14 1030.002 10.884440422058105
C14 1049.996 5.273430824279785
C14 1080.005 0.6764104678596317
C14 1100.007 0.09201290161232711
C15 319.992 40.172645568847656
C15 330.006 51.56474685668945
C15 349.994 70.19452667236328
C15 370.001 75.277099609375
C15 400.009 83.4247817993164
C15 429.983 86.50376892089844
C15 449.989 88.12657165527344
C15 469.993 89.3450927734375
C15 500.016 92.2094955444336
C15 549.99 95.67589569091797
C15 569.998 96.60542297363281
C15 599.983 97.54078674316406
C15 630.013 98.11150360107422
C15 649.987 98.41285705566406
C15 670.017 98.495849609375
C15 699.987 98.26168060302734
C15 720.012 98.18352508544922
C15 749.995 97.55421447753906
C15 770.007 97.16222381591797
C15 800.008 96.03065490722656
C15 830.013 94.32186889648438
C15 869.994 89.37334442138672
C15 900.005 82.09404754638672
C15 919.989 74.71588897705078
C15 959.989 53.29023361206055
C15 1000.013 27.131105422973633
C15 1030.002 10.876668930053711
C15 1049.996 5.268640041351318
C15 1080.005 0.6762949556730025
C15 1100.007 0.09199718835540936
C16 319.992 40.75132751464844
C16 330.006 52.31733322143555
C16 349.994 71.26927947998047
C16 370.001 76.40280151367188
C16 400.009 84.0997543334961
C16 429.983 86.96504974365234
C16 449.989 88.51287078857422
C16 469.993 89.67539978027344
C16 500.016 92.50101470947266
C16 549.99 95.9334945678711
C16 569.998 96.8585433959961
C16 599.983 97.78849792480469
C16 630.013 98.35103607177734
C16 649.987 98.65502166748047
C16 670.017 98.73710632324219
C16 699.987 98.50470733642578
C16 720.012 98.425048828125
C16 749.995 97.79617309570312
C16 770.007 97.40003967285156
C16 800.008 96.26322937011719
C16 830.013 94.55225372314453
C16 869.994 89.56484985351562
C16 900.005 82.29146575927734
C16 919.989 74.94261169433594
C16 959.989 53.31637191772461
C16 1000.013 27.18458366394043
C16 1030.002 10.926526069641113
C16 1049.996 5.293271064758301
C16 1080.005 0.6779723325933688
C16 1100.007 0.09222536388620625
C17 319.992 40.93115234375
C17 330.006 52.55229187011719
C17 349.994 71.5699234008789
C17 370.001 76.66871643066406
C17 400.009 84.10926818847656
C17 429.983 86.86278533935547
C17 449.989 88.37003326416016
C17 469.993 89.51119232177734
C17 500.016 92.30658721923828
C17 549.99 95.71358489990234
C17 569.998 96.6296615600586
C17 599.983 97.5501708984375
C17 630.013 98.10514831542969
C17 649.987 98.40411376953125
C17 670.017 98.48297882080078
C17 699.987 98.24348449707031
C17 720.012 98.15974426269531
C17 749.995 97.52788543701172
C17 770.007 97.13188171386719
C17 800.008 95.99568176269531
C17 830.013 94.2820816040039
C17 869.994 89.32640838623047
C17 900.005 82.0907211303711
C17 919.989 74.78955078125
C17 959.989 53.138427734375
C17 1000.013 27.120969772338867
C17 1030.002 10.928511619567871
C17 1049.996 5.303247451782227
C17 1080.005 0.6761124240881234
C17 1100.007 0.0919723583719028
