lsstCam/transmission_filter_detector/r43_s21/i_39/19700101T000000.ecsv
# %ECSV 1.0
# ---
# datatype:
# - {name: wavelength, unit: nm, datatype: float32}
# - {name: efficiency, unit: '%', datatype: float64}
# meta: !!omap
# - {MODE: DETECTOR}
# - {TYPE: transmission_filter_detector}
# - {CALIBDATE: '1970-01-01T00:00:00'}
# - {INSTRUME: LSSTCam}
# - {OBSTYPE: transmission_filter_detector}
# - {CALIBCLS: lsst.ip.isr.IntermediateFilterDetectorTransmissionCurve}
# - {SOURCE: Materion (DM-46256)}
# - {DETECTOR: 187}
# - {FILTER: i_39}
# - {CALIB_ID: 'calibDate=1970-01-01T00:00:00 filter=i_39 detector=187'}
# - {DATE: '2025-04-02T15:59:47.346277'}
# - {CALIB_CREATION_DATE: '2025-04-02'}
# - {CALIB_CREATION_TIME: '15:59:47'}
# - __serialized_columns__:
#     efficiency:
#       __class__: astropy.units.quantity.Quantity
#       unit: !astropy.units.Unit {unit: '%'}
#       value: !astropy.table.SerializedColumn {name: efficiency}
#     wavelength:
#       __class__: astropy.units.quantity.Quantity
#       unit: !astropy.units.Unit {unit: nm}
#       value: !astropy.table.SerializedColumn {name: wavelength}
# schema: astropy-2.0
wavelength efficiency
300.0 0.06162244826555252
301.0 0.02088150940835476
302.0 1.9656019433628158e-10
303.0 1.9656019433628158e-10
304.0 1.9656019433628158e-10
305.0 1.9656019433628158e-10
306.0 1.9656019433628158e-10
307.0 1.9656019433628158e-10
308.0 0.008453018381260335
309.0 0.001083191000361694
310.0 1.9656019433628158e-10
311.0 1.9656019433628158e-10
312.0 1.9656019433628158e-10
313.0 0.002479200702509843
314.0 0.0075454008765518665
315.0 0.010007306991610676
316.0 0.012469213106669486
317.0 0.010353907418902963
318.0 0.008238602458732203
319.0 0.0029334523787838407
320.0 1.9656019433628158e-10
321.0 1.9656019433628158e-10
322.0 1.9656019433628158e-10
323.0 0.00011086608537880238
324.0 0.0020409555872902274
325.0 0.0010914839549514
326.0 0.00014201353906173608
327.0 0.0007495813861169154
328.0 0.0013571495401265565
329.0 1.9656019433628158e-10
330.0 1.9656019433628158e-10
331.0 0.0008268759302154649
332.0 0.0036921330320183188
333.0 0.0022353333406499587
334.0 0.0007785334673826583
335.0 0.001595706089574378
336.0 0.0024128779841703363
337.0 0.0013226443115854636
338.0 0.00023240995687956456
339.0 1.9656019433628158e-10
340.0 1.9656019433628158e-10
341.0 1.9656019433628158e-10
342.0 0.0013558784303313587
343.0 0.0008492289452988189
344.0 0.00034257986953889485
345.0 0.00015287395171981188
346.0 1.9656019433628158e-10
347.0 0.00015212606285786023
348.0 0.0003410840008655214
349.0 0.00048278648137056734
350.0 0.000624489075562451
351.0 0.0007483730314561399
352.0 0.0008722572601982392
353.0 0.0013437249435810372
354.0 0.0018151926269638352
355.0 0.0018747346985037439
356.0 0.0019342767700436525
357.0 0.0009576124284649268
358.0 1.9656019433628158e-10
359.0 1.9656019433628158e-10
360.0 1.9656019433628158e-10
361.0 1.9656019433628158e-10
362.0 1.9656019433628158e-10
363.0 1.9656019433628158e-10
364.0 0.0005782666903542122
365.0 0.000583366227147053
366.0 0.0005884658094146289
367.0 0.00016289781115119695
368.0 1.9656019433628158e-10
369.0 1.9656019433628158e-10
370.0 1.9656019433628158e-10
371.0 6.945690529391868e-05
372.0 0.0004500015620578779
373.0 0.0007832334631530102
374.0 0.0011164653187734075
375.0 0.0011060676115448587
376.0 0.0010956700862152502
377.0 0.0009255046279577073
378.0 0.0007553390332759591
379.0 0.0006601053883059649
380.0 0.0005648717433359707
381.0 0.0002039816081378376
382.0 1.9656019433628158e-10
383.0 1.9656019433628158e-10
384.0 1.9656019433628158e-10
385.0 2.88179649032827e-05
386.0 0.00038775274333602283
387.0 0.00013678671848538215
388.0 1.9656019433628158e-10
389.0 1.9656019433628158e-10
390.0 1.9656019433628158e-10
391.0 1.9656019433628158e-10
392.0 0.00044217954382475
393.0 0.0007230517894640798
394.0 0.0010039236258307938
395.0 0.0007998107321327552
396.0 0.0005956974291621009
397.0 0.001101543239201419
398.0 0.001607388912816532
399.0 0.0016627567674731836
400.0 0.0017181246221298352
401.0 0.005362694355426356
402.0 0.009007264452520758
403.0 0.006357405800372362
404.0 0.0037075471482239664
405.0 0.0015768679077154957
406.0 1.9656019433628158e-10
407.0 0.0003264000270064571
408.0 0.0012066114322806243
409.0 0.003091097460128367
410.0 0.004975582851329818
411.0 0.0047009798436192796
412.0 0.004426376108312979
413.0 0.004418983735376969
414.0 0.004411591362440959
415.0 0.005275978764984757
416.0 0.006140365439932793
417.0 0.0056806729844538495
418.0 0.005220980528974906
419.0 0.005117227556183934
420.0 0.005013476038584486
421.0 0.004625811925507151
422.0 0.004238149631419219
423.0 0.004443730358616449
424.0 0.004649310358217917
425.0 0.004711400470114313
426.0 0.004773489854414947
427.0 0.004179242750979029
428.0 0.0035849960113409907
429.0 0.0039296068280236796
430.0 0.004274218008504249
431.0 0.005047563900006935
432.0 0.00582090942771174
433.0 0.005136250183568336
434.0 0.004451590939424932
435.0 0.003541564365150407
436.0 0.0026315379727748223
437.0 0.0015798948879819363
438.0 0.000528251575815375
439.0 0.0010537804882915225
440.0 0.0015793091733939946
441.0 0.00112631087176851
442.0 0.0006733122518198797
443.0 0.0009797626262297854
444.0 0.0012862126823165454
445.0 0.0011930080290767364
446.0 0.0010998033758369274
447.0 0.0007625485977769131
448.0 0.00042529368329269346
449.0 0.0005577683168667136
450.0 0.0006902428594912635
451.0 0.00021843281956535066
452.0 1.9656019433628158e-10
453.0 1.9656019433628158e-10
454.0 1.9656019433628158e-10
455.0 9.05863885236613e-05
456.0 0.0004095890744792996
457.0 0.0003371236743987538
458.0 0.00026465804694453254
459.0 0.00029177931537560653
460.0 0.0003189005383319454
461.0 0.00035506518543115817
462.0 0.0003912298325303709
463.0 0.00036454462133406196
464.0 0.0003378596147740609
465.0 9.177942956739571e-05
466.0 1.9656019433628158e-10
467.0 0.00025640572403062833
468.0 0.0006671121354884235
469.0 0.0005211842108110432
470.0 0.00037525621792156016
471.0 0.0003003528945555445
472.0 0.00022544945750269108
473.0 0.00011401486972317798
474.0 2.5801302427908013e-06
475.0 0.0002809535544656683
476.0 0.0005593268724624068
477.0 0.00043392396946728695
478.0 0.00030852122563373996
479.0 0.00017047402707248693
480.0 3.2426882512481825e-05
481.0 0.00035138893963448936
482.0 0.0006703510734951124
483.0 0.0013636877156386618
484.0 0.002057024357782211
485.0 0.00280422991636442
486.0 0.003551435293047689
487.0 0.005686612348654307
488.0 0.007821788312867284
489.0 0.013565733388531953
490.0 0.019309678464196622
491.0 0.02500983828213066
492.0 0.03071000101044774
493.0 0.03385917516425252
494.0 0.037008352228440344
495.0 0.03530627873260528
496.0 0.03360420523677021
497.0 0.027801989926956594
498.0 0.021999774617142975
499.0 0.0159671762958169
500.0 0.009934578702086583
501.0 0.00640826256130822
502.0 0.002881946238630917
503.0 0.0020934936401317827
504.0 0.0013050411325821187
505.0 0.0019733677618205547
506.0 0.0026416943001095206
507.0 0.0028999560527154244
508.0 0.0031582178053213283
509.0 0.0031373310775961727
510.0 0.0031164447136688977
511.0 0.0026821768187801354
512.0 0.002247908923891373
513.0 0.00199000678549055
514.0 0.0017321046470897272
515.0 0.0016500638594152406
516.0 0.001568023071740754
517.0 0.001750074079609476
518.0 0.0019321250874781981
519.0 0.0017027401554514654
520.0 0.0014733553143742029
521.0 0.0014718893908138853
522.0 0.0014704238310514484
523.0 0.0017790560377761722
524.0 0.002087688153551426
525.0 0.002710821536311414
526.0 0.003333954737172462
527.0 0.004196661393507384
528.0 0.005059367686044425
529.0 0.005161069202586077
530.0 0.005262770355329849
531.0 0.005194655750528909
532.0 0.005126540418132208
533.0 0.004285294926376082
534.0 0.0034440487070241943
535.0 0.0024982031391118653
536.0 0.0015523572074016556
537.0 0.001773408439476043
538.0 0.0019944596715504304
539.0 0.002800084257614799
540.0 0.0036057095712749287
541.0 0.004250348501955159
542.0 0.004894987432635389
543.0 0.0050571601605042815
544.0 0.005219332524575293
545.0 0.005087148383609019
546.0 0.004954964606440626
547.0 0.004125602208659984
548.0 0.003296240174677223
549.0 0.002798569403239526
550.0 0.0023008986318018287
551.0 0.002362137456657365
552.0 0.002423376099613961
553.0 0.0025575705876690336
554.0 0.002691764893825166
555.0 0.0023821352442610078
556.0 0.00207250577659579
557.0 0.0017344640582450666
558.0 0.001396422248944873
559.0 0.0009077471986529417
560.0 0.00041907192098733503
561.0 0.0004900118710793322
562.0 0.0005609519121207995
563.0 0.0010557734640315175
564.0 0.0015505949704675004
565.0 0.001829468055802863
566.0 0.002108341141138226
567.0 0.002095217860187404
568.0 0.002082094215438701
569.0 0.0017129863408626989
570.0 0.0013438780115393456
571.0 0.0009756969120644499
572.0 0.0006075159490137594
573.0 0.0005036517450207612
574.0 0.00039978754102776293
575.0 0.00048248252824123483
576.0 0.0005651774699799716
577.0 0.0005947184490651125
578.0 0.0006242594736249885
579.0 0.0004497094778344035
580.0 0.00027515941383171594
581.0 0.00026169600459979847
582.0 0.000248232595367881
583.0 0.00022484980490844464
584.0 0.00020146705992374336
585.0 0.00030989465358288726
586.0 0.0004183222245046636
587.0 0.0005659677299263421
588.0 0.0007136132808227558
589.0 0.001001750752038788
590.0 0.0012898883142042905
591.0 0.001033010812534485
592.0 0.0007761332199152093
593.0 0.0007120715508790454
594.0 0.0006480101092165569
595.0 0.0006417811164283194
596.0 0.0006355520781653468
597.0 0.00045664928620681167
598.0 0.0002777466079351143
599.0 0.0002816058213284123
600.0 0.0002854651029338129
601.0 0.0003545139861671487
602.0 0.0004235629148752196
603.0 0.0003837102212855825
604.0 0.00034385752769594546
605.0 0.00040149898268282413
606.0 0.00045914034672023263
607.0 0.000413309999203193
608.0 0.0003674795607366832
609.0 0.0005200633950153133
610.0 0.0006726472747686785
611.0 0.0005056951067672344
612.0 0.0003387429842405254
613.0 0.00024765704438323155
614.0 0.00015657112726330524
615.0 0.00012694745237240568
616.0 9.732378885018989e-05
617.0 0.00029047535008430714
618.0 0.0004836269454244757
619.0 0.0004794525466422783
620.0 0.0004752782842842862
621.0 0.00028393308184604393
622.0 9.258793625122053e-05
623.0 4.273494198514527e-05
624.0 1.9656019433628158e-10
625.0 0.00018908224319602596
626.0 0.00038528251025127247
627.0 0.00037097736367286416
628.0 0.0003566722853065585
629.0 0.0003153548277623486
630.0 0.0002740373929555062
631.0 0.00031532661068922607
632.0 0.0003566158056855784
633.0 0.00033756205084500834
634.0 0.00031850831874180585
635.0 0.0003186233698215801
636.0 0.00031873844363872195
637.0 0.0003245971811338677
638.0 0.00033045591862901347
639.0 0.0004646758043236332
640.0 0.0005988955763314152
641.0 0.0004723947768070502
642.0 0.00034589400002005277
643.0 0.00038871430660947226
644.0 0.00043153445403731894
645.0 0.0004750720563606592
646.0 0.0005186096586839994
647.0 0.0005166640676179668
648.0 0.0005147183401277289
649.0 0.00045109600250725634
650.0 0.00038747357393731363
651.0 0.0005614729616354452
652.0 0.000735472440283047
653.0 0.0007302618087123847
654.0 0.0007250512226164574
655.0 0.0007768864634272177
656.0 0.0008287217497127131
657.0 0.0012369931937428191
658.0 0.0016452646377729252
659.0 0.00297479909932008
660.0 0.08360519423149526
661.0 0.0988941639661789
662.0 0.11030087480321527
663.0 0.08703286875970662
664.0 0.1335780369117856
665.0 0.13283855514600873
666.0 0.13864303473383188
667.0 0.15829303301870823
668.0 0.18884942401200533
669.0 0.21941594313830137
670.0 0.30402836855500937
671.0 0.40621282532811165
672.0 0.6719270255416632
673.0 1.0812388733029366
674.0 1.6632286831736565
675.0 2.4240078404545784
676.0 3.405274450778961
677.0 4.70140278339386
678.0 6.014411151409149
679.0 7.352358102798462
680.0 9.176351875066757
681.0 11.160548031330109
682.0 13.71980607509613
683.0 16.54070019721985
684.0 19.688385725021362
685.0 22.691896557807922
686.0 25.79488754272461
687.0 29.018452763557434
688.0 32.20674395561218
689.0 35.30040383338928
690.0 38.736745715141296
691.0 42.498454451560974
692.0 46.963074803352356
693.0 51.84417963027954
694.0 57.3917031288147
695.0 62.917959690093994
696.0 69.14738416671753
697.0 74.76470470428467
698.0 81.07005953788757
699.0 85.91527938842773
700.0 89.79213833808899
701.0 92.93771982192993
702.0 95.15802264213562
703.0 96.44931554794312
704.0 97.03192710876465
705.0 97.6078987121582
706.0 97.69147038459778
707.0 97.9246735572815
708.0 97.97561764717102
709.0 97.98224568367004
710.0 97.82320261001587
711.0 97.9423999786377
712.0 97.8664219379425
713.0 97.94233441352844
714.0 97.93829917907715
715.0 98.01405668258667
716.0 97.92293906211853
717.0 98.12737107276917
718.0 98.2147753238678
719.0 98.15875291824341
720.0 98.43839406967163
721.0 98.35194945335388
722.0 98.17573428153992
723.0 97.8670597076416
724.0 97.63537049293518
725.0 97.35119342803955
726.0 97.0677375793457
727.0 96.66987657546997
728.0 96.42078876495361
729.0 96.17676734924316
730.0 96.12575769424438
731.0 96.14773988723755
732.0 96.27248048782349
733.0 96.56509160995483
734.0 96.94429039955139
735.0 97.16372489929199
736.0 97.62926697731018
737.0 98.0112075805664
738.0 98.39157462120056
739.0 98.61023426055908
740.0 98.77026677131653
741.0 98.51456880569458
742.0 98.84739518165588
743.0 98.71718287467957
744.0 98.52516651153564
745.0 98.50472211837769
746.0 98.51095676422119
747.0 98.74306917190552
748.0 98.60854148864746
749.0 98.47254753112793
750.0 98.47660660743713
751.0 98.41166138648987
752.0 98.36464524269104
753.0 98.47198128700256
754.0 98.47938418388367
755.0 98.56716394424438
756.0 98.57615232467651
757.0 98.59676361083984
758.0 98.69778752326965
759.0 98.67404699325562
760.0 98.5469102859497
761.0 98.48079085350037
762.0 98.5417902469635
763.0 98.5140860080719
764.0 98.35857152938843
765.0 98.3434796333313
766.0 98.38339686393738
767.0 98.16503524780273
768.0 98.25118780136108
769.0 98.26900959014893
770.0 97.99912571907043
771.0 98.10569882392883
772.0 98.19738864898682
773.0 98.11224341392517
774.0 98.01285862922668
775.0 98.13492894172668
776.0 97.9830265045166
777.0 98.08472990989685
778.0 98.00195097923279
779.0 97.99140095710754
780.0 97.75272607803345
781.0 98.05052876472473
782.0 97.89063334465027
783.0 97.98957705497742
784.0 97.95737862586975
785.0 98.07395339012146
786.0 98.18073511123657
787.0 97.95618057250977
788.0 98.0498731136322
789.0 98.0782687664032
790.0 98.1438398361206
791.0 98.0911135673523
792.0 97.9429543018341
793.0 97.96520471572876
794.0 98.01273345947266
795.0 97.91529774665833
796.0 97.94696569442749
797.0 98.06221127510071
798.0 98.04632067680359
799.0 97.97387719154358
800.0 97.77863621711731
801.0 97.80828356742859
802.0 97.73886799812317
803.0 97.55716323852539
804.0 97.41305708885193
805.0 97.11666107177734
806.0 96.85249924659729
807.0 96.35141491889954
808.0 95.69754004478455
809.0 94.87383961677551
810.0 93.89556050300598
811.0 92.5309419631958
812.0 90.72821736335754
813.0 88.64349722862244
814.0 86.09865307807922
815.0 82.99790620803833
816.0 79.76014614105225
817.0 75.7307767868042
818.0 71.08138799667358
819.0 66.86192154884338
820.0 61.78284287452698
821.0 57.11429715156555
822.0 52.424418926239014
823.0 47.729793190956116
824.0 43.03050935268402
825.0 38.7239545583725
826.0 34.15520787239075
827.0 29.452595114707947
828.0 25.216150283813477
829.0 21.0087850689888
830.0 16.52095913887024
831.0 12.99171894788742
832.0 9.367264807224274
833.0 6.437436491250992
834.0 4.215731099247932
835.0 2.607681229710579
836.0 1.5605073422193527
837.0 0.885439570993185
838.0 0.5165534559637308
839.0 0.31352085061371326
840.0 0.1717941602692008
841.0 0.10628545423969626
842.0 0.0643592735286802
843.0 0.04754030087497085
844.0 0.006397104152711108
845.0 0.027234561275690794
846.0 0.0006862898771942127
847.0 1.9656019433628158e-10
848.0 1.9656019433628158e-10
849.0 1.9656019433628158e-10
850.0 1.9656019433628158e-10
851.0 0.002607581154734362
852.0 0.0031049770768731833
853.0 0.0024028557163546793
854.0 0.0017007343558361754
855.0 0.001322620937571628
856.0 0.000944507701206021
857.0 0.0008408865141973365
858.0 0.0007372653726633871
859.0 0.00045927608880447224
860.0 0.00018128695273844642
861.0 0.00015483304878216586
862.0 0.00012837912208851776
863.0 8.42298106817907e-05
864.0 4.008053622328589e-05
865.0 0.0001770644644238928
866.0 0.0003140484523100895
867.0 0.00011507532917676144
868.0 1.9656019433628158e-10
869.0 1.9656019433628158e-10
870.0 1.9656019433628158e-10
871.0 1.9656019433628158e-10
872.0 1.9656019433628158e-10
873.0 5.176797230888042e-05
874.0 0.0001552478693156445
875.0 0.00013035927395321778
876.0 0.0001054706672221073
877.0 0.0001745054646562494
878.0 0.00024354026209039148
879.0 0.00023940688151924405
880.0 0.00023527352368546417
881.0 0.00012744100104100653
882.0 1.960848692306172e-05
883.0 9.507346589998633e-05
884.0 0.00017053840792868868
885.0 1.6154942272805783e-05
886.0 1.9656019433628158e-10
887.0 1.9656019433628158e-10
888.0 1.9656019433628158e-10
889.0 1.9656019433628158e-10
890.0 1.853802018558781e-05
891.0 0.0001263919671146141
892.0 0.00023424593109666603
893.0 0.00012178269344076398
894.0 9.319463600832023e-06
895.0 1.9656019433628158e-10
896.0 1.9656019433628158e-10
