lsstCam/transmission_filter_detector/r43_s21/i_39/19700101T000000.ecsv
# %ECSV 1.0
# ---
# datatype:
# - {name: wavelength, unit: nm, datatype: float32}
# - {name: efficiency, unit: '%', datatype: float64}
# meta: !!omap
# - {MODE: DETECTOR}
# - {TYPE: transmission_filter_detector}
# - {CALIBDATE: '1970-01-01T00:00:00'}
# - {INSTRUME: LSSTCam}
# - {OBSTYPE: transmission_filter_detector}
# - {CALIBCLS: lsst.ip.isr.IntermediateFilterDetectorTransmissionCurve}
# - {SOURCE: Materion (DM-46256)}
# - {DETECTOR: 187}
# - {FILTER: i_39}
# - {CALIB_ID: 'calibDate=1970-01-01T00:00:00 filter=i_39 detector=187'}
# - {DATE: '2025-04-02T15:59:47.346277'}
# - {CALIB_CREATION_DATE: '2025-04-02'}
# - {CALIB_CREATION_TIME: '15:59:47'}
# - __serialized_columns__:
#     efficiency:
#       __class__: astropy.units.quantity.Quantity
#       unit: !astropy.units.Unit {unit: '%'}
#       value: !astropy.table.SerializedColumn {name: efficiency}
#     wavelength:
#       __class__: astropy.units.quantity.Quantity
#       unit: !astropy.units.Unit {unit: nm}
#       value: !astropy.table.SerializedColumn {name: wavelength}
# schema: astropy-2.0
wavelength efficiency
[from data line 598]
898.0 2.3535405091479333e-05
899.0 1.9656019433628158e-10
900.0 1.9656019433628158e-10
901.0 4.222258667141432e-05
902.0 0.00010807320904859807
903.0 0.00014067082929614116
904.0 0.00017326844954368426
905.0 0.00017238260170415742
906.0 0.00017149677660199814
907.0 9.063795118890994e-05
908.0 9.779135012877305e-06
909.0 3.6389832303029834e-05
910.0 6.300053314589604e-05
911.0 5.575992645390215e-05
912.0 4.851929702454072e-05
913.0 7.008001716712897e-05
914.0 9.164074299405911e-05
915.0 1.9656019433628158e-10
916.0 1.9656019433628158e-10
917.0 1.9656019433628158e-10
918.0 1.9656019433628158e-10
919.0 1.9656019433628158e-10
920.0 1.9656019433628158e-10
921.0 5.532270463959321e-06
922.0 5.694767537534062e-05
923.0 1.9656019433628158e-10
924.0 1.9656019433628158e-10
925.0 1.1874217875629256e-05
926.0 8.352538429790002e-05
927.0 1.9656019433628158e-10
928.0 1.9656019433628158e-10
929.0 5.129967917127942e-05
930.0 0.0002611096306281979
931.0 2.691427880563424e-05
932.0 1.9656019433628158e-10
933.0 1.9656019433628158e-10
934.0 1.9656019433628158e-10
935.0 1.9656019433628158e-10
936.0 1.9656019433628158e-10
937.0 1.9656019433628158e-10
938.0 1.9656019433628158e-10
939.0 4.998864824301563e-05
940.0 0.00012096757018298376
941.0 0.00011241269248785102
942.0 0.00010385786026745336
943.0 0.00010138037396245636
944.0 9.890285355140804e-05
945.0 0.00019468748178042006
946.0 0.00029047207590338076
947.0 0.00023598252028023126
948.0 0.00018149295328839798
949.0 1.9656019433628158e-10
950.0 1.9656019433628158e-10
951.0 1.9656019433628158e-10
952.0 1.9656019433628158e-10
953.0 1.9656019433628158e-10
954.0 1.9656019433628158e-10
955.0 1.9656019433628158e-10
956.0 8.635180392957409e-05
957.0 1.9656019433628158e-10
958.0 1.9656019433628158e-10
959.0 7.68296004594049e-06
960.0 0.00017759095953806536
961.0 0.00012225302725710208
962.0 6.691507223877124e-05
963.0 2.6458764068593155e-05
964.0 1.9656019433628158e-10
965.0 2.7994738616143877e-05
966.0 6.998703270255646e-05
967.0 1.637325226511166e-05
968.0 1.9656019433628158e-10
969.0 1.3870544535166118e-05
970.0 6.498161724266538e-05
971.0 1.9656019433628158e-10
972.0 1.9656019433628158e-10
973.0 1.9656019433628158e-10
974.0 1.9656019433628158e-10
975.0 6.804125405324157e-05
976.0 0.00016770161437307252
977.0 7.938861585898849e-05
978.0 1.9656019433628158e-10
979.0 1.9656019433628158e-10
980.0 1.9656019433628158e-10
981.0 1.9656019433628158e-10
982.0 1.9656019433628158e-10
983.0 1.4380039203842898e-05
984.0 7.329927029786631e-05
985.0 3.8806135194136004e-05
986.0 4.312962076369331e-06
987.0 1.9656019433628158e-10
988.0 1.9656019433628158e-10
989.0 1.9656019433628158e-10
990.0 6.3908180436556e-05
991.0 3.393400902496069e-05
992.0 3.959834415923069e-06
993.0 5.5285516964431736e-05
994.0 0.00010661121905286564
995.0 0.0001580161665515334
996.0 0.0002094210913128336
997.0 0.0001368642074339732
998.0 6.430730081774527e-05
999.0 1.9656019433628158e-10
1000.0 1.9656019433628158e-10
1001.0 3.1394626898162414e-07
1002.0 0.00010127301948159584
1003.0 0.00011078174111389671
1004.0 0.00012029047411488136
1005.0 0.00015925296565910685
1006.0 0.00019821550267806742
1007.0 0.00018666108871912002
1008.0 0.0001751067998156941
1009.0 0.0001917245754157193
1010.0 0.00020834240785916336
1011.0 0.00025313229343737476
1012.0 0.0002979222017529537
1013.0 0.00014563894410457578
1014.0 1.9656019433628158e-10
1015.0 1.9656019433628158e-10
1016.0 1.9656019433628158e-10
1017.0 0.00017814468264987227
1018.0 0.0003748420567717403
1019.0 0.00030609683108195895
1020.0 0.00023735158265481004
1021.0 0.0002621248313516844
1022.0 0.0002868980573111912
1023.0 0.00016246960967691848
1024.0 3.804112509442348e-05
1025.0 7.847805250094098e-05
1026.0 0.00011891497706528753
1027.0 0.00037220140711724525
1028.0 0.0006254877462197328
1029.0 0.0006556744665431324
1030.0 0.0006858610049675917
1031.0 0.0008733169124752749
1032.0 0.0010607729564071633
1033.0 0.001385001087328419
1034.0 0.0017092290363507345
1035.0 0.002126150684489403
1036.0 0.0025430723326280713
1037.0 0.0026673611500882544
1038.0 0.002791649785649497
1039.0 0.002956938806164544
1040.0 0.0031222276447806507
1041.0 0.003142657078569755
1042.0 0.003163086512358859
1043.0 0.003124282375210896
1044.0 0.003085478238062933
1045.0 0.00331733281200286
1046.0 0.003549187385942787
1047.0 0.0033800024539232254
1048.0 0.003210817158105783
1049.0 0.002957682590931654
1050.0 0.0027045478418585844
1051.0 0.002702476194826886
1052.0 0.002700404729694128
1053.0 0.002629429036460351
1054.0 0.0025584535251255147
1055.0 0.002464915633026976
1056.0 0.0023713771952316165
1057.0 0.0017879883671412244
1058.0 0.0012045989933540113
1059.0 0.0012190856068627909
1060.0 0.0012335718565736897
1061.0 0.00113745300041046
1062.0 0.0010413338713988196
1063.0 0.001116262410505442
1064.0 0.0011911908586625941
1065.0 0.0020840385332121514
1066.0 0.0029768862077617086
1067.0 0.0028180576919112355
1068.0 0.0026592293579597026
1069.0 0.002618636062834412
1070.0 0.002578043131507002
1071.0 0.0027442369173513725
1072.0 0.0029104308850946836
1073.0 0.0028599211873370223
1074.0 0.0028094116714783013
1075.0 0.002552377736719791
1076.0 0.0022953434381633997
1077.0 0.0023506712750531733
1078.0 0.002405998748145066
1079.0 0.00248912056122208
1080.0 0.002572242374299094
1081.0 0.001759659789968282
1082.0 0.0009470772056374699
1083.0 0.0008893955055100378
1084.0 0.0008317136234836653
1085.0 0.000365779396815924
1086.0 1.9656019433628158e-10
1087.0 2.35933583780934e-05
1088.0 0.00014734146134287585
1089.0 0.0004999603788746754
1090.0 0.0008525796147296205
1091.0 0.0012506507118814625
1092.0 0.0016487218090333045
1093.0 0.0009513709301245399
1094.0 0.0002540202103773481
1095.0 8.032640153032844e-05
1096.0 1.9656019433628158e-10
1097.0 1.9656019433628158e-10
1098.0 1.9656019433628158e-10
1099.0 0.00034324132229812676
1100.0 0.0015174327927525155
