lsstCam/transmission_sensor/r33_s00/19700101T000000.ecsv
# %ECSV 1.0
# ---
# datatype:
# - {name: amp_name, datatype: string}
# - {name: wavelength, unit: nm, datatype: float32}
# - {name: efficiency, unit: '%', datatype: float64}
# meta: !!omap
# - {MODE: AMP}
# - {TYPE: transmission_sensor}
# - {CALIBDATE: '1970-01-01T00:00:00'}
# - {INSTRUME: LSSTCAM}
# - {OBSTYPE: transmission_sensor}
# - {DETECTOR: 144}
# - {PARQUETFILE: qe_raft_allvalues_nircorrected_20230725.parquet}
# - {CALIBCLS: lsst.ip.isr.IntermediateSensorTransmissionCurve}
# - {CALIB_ID: 'raftName=R33 detectorName=S00 detector=144 calibDate=1970-01-01T00:00:00 ccd=144 ccdnum=144 filter=None'}
# - {DATE: '2024-01-18T22:42:25.486720'}
# - {CALIB_CREATION_DATE: '2024-01-18'}
# - {CALIB_CREATION_TIME: '22:42:25'}
# - __serialized_columns__:
#     efficiency:
#       __class__: astropy.units.quantity.Quantity
#       unit: !astropy.units.Unit {unit: '%'}
#       value: !astropy.table.SerializedColumn {name: efficiency}
#     wavelength:
#       __class__: astropy.units.quantity.Quantity
#       unit: !astropy.units.Unit {unit: nm}
#       value: !astropy.table.SerializedColumn {name: wavelength}
# schema: astropy-2.0
amp_name wavelength efficiency
C00 319.994 45.320552825927734
C00 324.969 51.24812316894531
C00 349.982 76.55358123779297
C00 374.975 80.77688598632812
C00 400.019 86.07463836669922
C00 424.965 87.28241729736328
C00 450.035 89.47489929199219
C00 475.003 91.56018829345703
C00 500.018 93.25421905517578
C00 525.002 94.8302993774414
C00 550.029 96.3130874633789
C00 575.023 97.82341003417969
C00 599.982 98.8641357421875
C00 619.997 98.74712371826172
C00 624.979 99.2063217163086
C00 650.012 99.52267456054688
C00 675.004 99.47866821289062
C00 700.03 99.01680755615234
C00 725.012 99.1462173461914
C00 750.022 99.06814575195312
C00 774.987 99.52133178710938
C00 799.976 99.04029083251953
C00 824.988 96.99298095703125
C00 850.022 94.80020904541016
C00 869.967 91.55744934082031
C00 875.002 90.69512939453125
C00 899.999 83.03077697753906
C00 919.999 74.73426818847656
C00 925.012 71.8331527709961
C00 949.965 59.23749923706055
C00 975.002 43.78679275512695
C00 999.976 26.78607177734375
C00 1025.028 11.904046058654785
C00 1050.014 4.2957048416137695
C00 1075.002 0.9438173574577816
C00 1099.99 0.09364469113977379
C01 319.994 44.82373046875
C01 324.969 50.68583297729492
C01 349.982 75.74024200439453
C01 374.975 79.85231018066406
C01 400.019 84.95124816894531
C01 424.965 86.07649230957031
C01 450.035 88.206298828125
C01 475.003 90.23982238769531
C01 500.018 91.89543914794922
C01 525.002 93.4350357055664
C01 550.029 94.89338684082031
C01 575.023 96.37794494628906
C01 599.982 97.4002914428711
C01 619.997 97.28510284423828
C01 624.979 97.73815155029297
C01 650.012 98.05399322509766
C01 675.004 98.01164245605469
C01 700.03 97.57482147216797
C01 725.012 97.76307678222656
C01 750.022 97.7658462524414
C01 774.987 98.29338073730469
C01 799.976 97.85480499267578
C01 824.988 95.82432556152344
C01 850.022 93.68655395507812
C01 869.967 90.5113525390625
C01 875.002 89.64966583251953
C01 899.999 82.009765625
C01 919.999 73.71470642089844
C01 925.012 70.84054565429688
C01 949.965 58.57288360595703
C01 975.002 43.3129997253418
C01 999.976 26.469663619995117
C01 1025.028 11.719587326049805
C01 1050.014 4.2025909423828125
C01 1075.002 0.9314103663353132
C01 1099.99 0.09241368087867097
C02 319.994 45.22521209716797
C02 324.969 51.1392822265625
C02 349.982 76.3508529663086
C02 374.975 80.39070892333984
C02 400.019 85.38692474365234
C02 424.965 86.46022033691406
C02 450.035 88.57020568847656
C02 475.003 90.59446716308594
C02 500.018 92.24137115478516
C02 525.002 93.77811431884766
C02 550.029 95.23477172851562
C02 575.023 96.71394348144531
C02 599.982 97.73511505126953
C02 619.997 97.61201477050781
C02 624.979 98.0670394897461
C02 650.012 98.37359619140625
C02 675.004 98.33197021484375
C02 700.03 97.90131378173828
C02 725.012 98.10810089111328
C02 750.022 98.13897705078125
C02 774.987 98.70108032226562
C02 799.976 98.28271484375
C02 824.988 96.23848724365234
C02 850.022 94.14006805419922
C02 869.967 90.9690170288086
C02 875.002 90.09396362304688
C02 899.999 82.37307739257812
C02 919.999 74.08187103271484
C02 925.012 71.20722961425781
C02 949.965 58.97426986694336
C02 975.002 43.573978424072266
C02 999.976 26.63607406616211
C02 1025.028 11.73158073425293
C02 1050.014 4.212228775024414
C02 1075.002 0.9349647216313675
C02 1099.99 0.09276634074582638
C03 319.994 45.3738899230957
C03 324.969 51.300785064697266
C03 349.982 76.50259399414062
C03 374.975 80.44934844970703
C03 400.019 85.37460327148438
C03 424.965 86.42573547363281
C03 450.035 88.52057647705078
C03 475.003 90.53577423095703
C03 500.018 92.17407989501953
C03 525.002 93.70277404785156
C03 550.029 95.14752197265625
C03 575.023 96.6211929321289
C03 599.982 97.63748931884766
C03 619.997 97.5075912475586
C03 624.979 97.95936584472656
C03 650.012 98.26319885253906
C03 675.004 98.2134780883789
C03 700.03 97.77515411376953
C03 725.012 97.98360443115234
C03 750.022 98.01563262939453
C03 774.987 98.58112335205078
C03 799.976 98.16854095458984
C03 824.988 96.13299560546875
C03 850.022 94.07185363769531
C03 869.967 90.8963851928711
C03 875.002 90.01435089111328
C03 899.999 82.32054138183594
C03 919.999 74.0923080444336
C03 925.012 71.22770690917969
C03 949.965 58.94797897338867
C03 975.002 43.54395294189453
C03 999.976 26.66356658935547
C03 1025.028 11.74573040008545
C03 1050.014 4.220949649810791
C03 1075.002 0.9337896079427092
C03 1099.99 0.09264974704519247
C04 319.994 45.67546844482422
C04 324.969 51.63868713378906
C04 349.982 76.92774200439453
C04 374.975 80.79651641845703
C04 400.019 85.64948272705078
C04 424.965 86.67157745361328
C04 450.035 88.75563049316406
C04 475.003 90.7651596069336
C04 500.018 92.39913940429688
C04 525.002 93.9240951538086
C04 550.029 95.36528015136719
C04 575.023 96.83243560791016
C04 599.982 97.84467315673828
C04 619.997 97.71247863769531
C04 624.979 98.16506958007812
C04 650.012 98.46521759033203
C04 675.004 98.40750122070312
C04 700.03 97.96640014648438
C04 725.012 98.1572036743164
C04 750.022 98.17822265625
C04 774.987 98.734375
C04 799.976 98.31458282470703
C04 824.988 96.28047180175781
C04 850.022 94.2280044555664
C04 869.967 91.00916290283203
C04 875.002 90.11004638671875
C04 899.999 82.49872589111328
C04 919.999 74.27786254882812
C04 925.012 71.37466430664062
C04 949.965 58.99028015136719
C04 975.002 43.54618835449219
C04 999.976 26.757591247558594
C04 1025.028 11.74012279510498
C04 1050.014 4.227158069610596
C04 1075.002 0.9353387633916858
C04 1099.99 0.09280345282566005
C05 319.994 45.87709045410156
C05 324.969 51.86538314819336
C05 349.982 77.19676208496094
C05 374.975 80.9660415649414
C05 400.019 85.72554779052734
C05 424.965 86.7030258178711
C05 450.035 88.76883697509766
C05 475.003 90.76485443115234
C05 500.018 92.39307403564453
C05 525.002 93.90974426269531
C05 550.029 95.34479522705078
C05 575.023 96.80782318115234
C05 599.982 97.81401824951172
C05 619.997 97.67745971679688
C05 624.979 98.12427520751953
C05 650.012 98.42195892333984
C05 675.004 98.36192321777344
C05 700.03 97.90703582763672
C05 725.012 98.08521270751953
C05 750.022 98.08063507080078
C05 774.987 98.62016296386719
C05 799.976 98.19378662109375
C05 824.988 96.17445373535156
C05 850.022 94.11048889160156
C05 869.967 90.86467742919922
C05 875.002 89.96686553955078
C05 899.999 82.5409927368164
C05 919.999 74.22914123535156
C05 925.012 71.25028991699219
C05 949.965 58.787025451660156
C05 975.002 43.47734832763672
C05 999.976 26.780540466308594
C05 1025.028 11.7279052734375
C05 1050.014 4.210477352142334
C05 1075.002 0.9344093901106731
C05 1099.99 0.09271124126251566
C06 319.994 46.151832580566406
C06 324.969 52.175254821777344
C06 349.982 77.6017837524414
C06 374.975 81.30813598632812
C06 400.019 86.04432678222656
C06 424.965 87.01002502441406
C06 450.035 89.07915496826172
C06 475.003 91.0834732055664
C06 500.018 92.7152099609375
C06 525.002 94.23405456542969
C06 550.029 95.67350006103516
C06 575.023 97.13912200927734
C06 599.982 98.14293670654297
C06 619.997 98.00430297851562
C06 624.979 98.45819854736328
C06 650.012 98.75032806396484
C06 675.004 98.68306732177734
C06 700.03 98.2186508178711
C06 725.012 98.37577056884766
C06 750.022 98.35884857177734
C06 774.987 98.87995147705078
C06 799.976 98.44123077392578
C06 824.988 96.43942260742188
C06 850.022 94.3546142578125
C06 869.967 91.13717651367188
C06 875.002 90.25719451904297
C06 899.999 82.87470245361328
C06 919.999 74.34858703613281
C06 925.012 71.31934356689453
C06 949.965 58.97010803222656
C06 975.002 43.677520751953125
C06 999.976 26.944541931152344
C06 1025.028 11.78141975402832
C06 1050.014 4.2360520362854
C06 1075.002 0.9370599167334488
C06 1099.99 0.0929742240790387
C07 319.994 46.21326446533203
C07 324.969 52.250205993652344
C07 349.982 77.62873840332031
C07 374.975 81.19169616699219
C07 400.019 85.88150787353516
C07 424.965 86.84271240234375
C07 450.035 88.91710662841797
C07 475.003 90.92189025878906
C07 500.018 92.55241394042969
C07 525.002 94.072998046875
C07 550.029 95.50978088378906
C07 575.023 96.97091674804688
C07 599.982 97.9680404663086
C07 619.997 97.82808685302734
C07 624.979 98.27505493164062
C07 650.012 98.56024169921875
C07 675.004 98.49202728271484
C07 700.03 98.013427734375
C07 725.012 98.15864562988281
C07 750.022 98.11685180664062
C07 774.987 98.62347412109375
C07 799.976 98.18018341064453
C07 824.988 96.19213104248047
C07 850.022 94.1282730102539
C07 869.967 90.96488189697266
C07 875.002 90.11433410644531
C07 899.999 82.7096176147461
C07 919.999 74.13200378417969
C07 925.012 71.13459014892578
C07 949.965 58.87885665893555
C07 975.002 43.740360260009766
C07 999.976 27.042190551757812
C07 1025.028 11.880094528198242
C07 1050.014 4.2752509117126465
C07 1075.002 0.934754425993623
C07 1099.99 0.09274547540584399
C10 319.994 44.185333251953125
C10 324.969 49.959014892578125
C10 349.982 74.34187316894531
C10 374.975 78.5018310546875
C10 400.019 84.42393493652344
C10 424.965 85.97579956054688
C10 450.035 88.3375244140625
C10 475.003 90.5058364868164
C10 500.018 92.2608413696289
C10 525.002 93.86444091796875
C10 550.029 95.35381317138672
C10 575.023 96.85693359375
C10 599.982 97.89387512207031
C10 619.997 97.78015899658203
C10 624.979 98.23294067382812
C10 650.012 98.54530334472656
C10 675.004 98.47823333740234
C10 700.03 97.94227600097656
C10 725.012 97.87552642822266
C10 750.022 97.57029724121094
C10 774.987 97.8094253540039
C10 799.976 97.2651138305664
C10 824.988 95.32799530029297
C10 850.022 93.224365234375
C10 869.967 90.05720520019531
C10 875.002 89.22081756591797
C10 899.999 82.14057922363281
C10 919.999 73.99481964111328
C10 925.012 71.06543731689453
C10 949.965 58.41877746582031
C10 975.002 43.12545394897461
C10 999.976 26.541091918945312
C10 1025.028 11.682206153869629
C10 1050.014 4.218280792236328
C10 1075.002 0.9295474325126035
C10 1099.99 0.09222884229622386
C11 319.994 44.413917541503906
C11 324.969 50.218055725097656
C11 349.982 74.76415252685547
C11 374.975 78.87326049804688
C11 400.019 84.61170196533203
C11 424.965 86.07302856445312
C11 450.035 88.38874053955078
C11 475.003 90.5289535522461
C11 500.018 92.26022338867188
C11 525.002 93.85347747802734
C11 550.029 95.33792114257812
C11 575.023 96.83758544921875
C11 599.982 97.87431335449219
C11 619.997 97.75428009033203
C11 624.979 98.21269989013672
C11 650.012 98.52253723144531
C11 675.004 98.46321868896484
C11 700.03 97.94438934326172
C11 725.012 97.93220520019531
C11 750.022 97.7083511352539
C11 774.987 98.023681640625
C11 799.976 97.50670623779297
C11 824.988 95.55935668945312
C11 850.022 93.46317291259766
C11 869.967 90.29220581054688
C11 875.002 89.44825744628906
C11 899.999 82.2911376953125
C11 919.999 74.02948760986328
C11 925.012 71.09290313720703
C11 949.965 58.54185104370117
C11 975.002 43.243099212646484
C11 999.976 26.589345932006836
C11 1025.028 11.659673690795898
C11 1050.014 4.193810939788818
C11 1075.002 0.9308626640176946
C11 1099.99 0.09235933835788063
C12 319.994 44.71212387084961
C12 324.969 50.551719665527344
C12 349.982 75.21782684326172
C12 374.975 79.24327850341797
C12 400.019 84.83549499511719
C12 424.965 86.22232055664062
C12 450.035 88.50467681884766
C12 475.003 90.6370620727539
C12 500.018 92.34832000732422
C12 525.002 93.92848205566406
C12 550.029 95.40934753417969
C12 575.023 96.90281677246094
C12 599.982 97.93211364746094
C12 619.997 97.81046295166016
C12 624.979 98.2655258178711
C12 650.012 98.57115936279297
C12 675.004 98.5083999633789
C12 700.03 97.9975814819336
C12 725.012 97.99662780761719
C12 750.022 97.78752136230469
C12 774.987 98.11943054199219
C12 799.976 97.61064147949219
C12 824.988 95.65526580810547
C12 850.022 93.57052612304688
C12 869.967 90.37898254394531
C12 875.002 89.52670288085938
C12 899.999 82.36528778076172
C12 919.999 74.0807876586914
C12 925.012 71.1463623046875
C12 949.965 58.569435119628906
C12 975.002 43.295597076416016
C12 999.976 26.60795783996582
C12 1025.028 11.660021781921387
C12 1050.014 4.177058696746826
C12 1075.002 0.9316169147107091
C12 1099.99 0.09243417441872566
C13 319.994 44.928558349609375
C13 324.969 50.79546356201172
C13 349.982 75.55226135253906
C13 374.975 79.54379272460938
C13 400.019 85.06336212158203
C13 424.965 86.41913604736328
C13 450.035 88.68025970458984
C13 475.003 90.80608367919922
C13 500.018 92.51508331298828
C13 525.002 94.08961486816406
C13 550.029 95.570556640625
C13 575.023 97.0566177368164
C13 599.982 98.08859252929688
C13 619.997 97.96495819091797
C13 624.979 98.41593170166016
C13 650.012 98.72138977050781
C13 675.004 98.65663146972656
C13 700.03 98.14144134521484
C13 725.012 98.13224792480469
C13 750.022 97.89830017089844
C13 774.987 98.22115325927734
C13 799.976 97.70735168457031
C13 824.988 95.7574691772461
C13 850.022 93.6553955078125
C13 869.967 90.47897338867188
C13 875.002 89.63131713867188
C13 899.999 82.55049133300781
C13 919.999 74.09747314453125
C13 925.012 71.13179779052734
C13 949.965 58.564208984375
C13 975.002 43.39484786987305
C13 999.976 26.691987991333008
C13 1025.028 11.693774223327637
C13 1050.014 4.1927971839904785
C13 1075.002 0.9326722994073567
C13 1099.99 0.09253888871876505
C14 319.994 45.073211669921875
C14 324.969 50.95526123046875
C14 349.982 75.74888610839844
C14 374.975 79.67859649658203
C14 400.019 85.09661102294922
C14 424.965 86.39645385742188
C14 450.035 88.63690185546875
C14 475.003 90.74287414550781
C14 500.018 92.44173431396484
C14 525.002 94.00761413574219
C14 550.029 95.47709655761719
C14 575.023 96.96133422851562
C14 599.982 97.98623657226562
C14 619.997 97.85638427734375
C14 624.979 98.30997467041016
C14 650.012 98.60957336425781
C14 675.004 98.5414810180664
C14 700.03 98.01254272460938
C14 725.012 97.97843170166016
C14 750.022 97.71874237060547
C14 774.987 98.01029205322266
C14 799.976 97.48925018310547
C14 824.988 95.5551986694336
C14 850.022 93.458984375
C14 869.967 90.29671478271484
C14 875.002 89.48328399658203
C14 899.999 82.42864990234375
C14 919.999 74.02620697021484
C14 925.012 71.01726531982422
C14 949.965 58.49281311035156
C14 975.002 43.295928955078125
C14 999.976 26.681888580322266
C14 1025.028 11.718585014343262
C14 1050.014 4.186695098876953
C14 1075.002 0.9309616613228114
C14 1099.99 0.09236916077954738
C15 319.994 45.375396728515625
C15 324.969 51.29379653930664
C15 349.982 76.20965576171875
C15 374.975 80.07062530517578
C15 400.019 85.39061737060547
C15 424.965 86.64129638671875
C15 450.035 88.86006927490234
C15 475.003 90.95471954345703
C15 500.018 92.64418029785156
C15 525.002 94.2008056640625
C15 550.029 95.66500854492188
C15 575.023 97.14688110351562
C15 599.982 98.16532897949219
C15 619.997 98.03466033935547
C15 624.979 98.48770141601562
C15 650.012 98.78459930419922
C15 675.004 98.71063995361328
C15 700.03 98.16524505615234
C15 725.012 98.10161590576172
C15 750.022 97.80133056640625
C15 774.987 98.0576171875
C15 799.976 97.52325439453125
C15 824.988 95.59825897216797
C15 850.022 93.50654602050781
C15 869.967 90.38036346435547
C15 875.002 89.57801055908203
C15 899.999 82.49158477783203
C15 919.999 74.06324768066406
C15 925.012 71.1235122680664
C15 949.965 58.560997009277344
C15 975.002 43.472347259521484
C15 999.976 26.730562210083008
C15 1025.028 11.735026359558105
C15 1050.014 4.188337802886963
C15 1075.002 0.9317484755716329
C15 1099.99 0.09244722776648404
C16 319.994 45.50010681152344
C16 324.969 51.43937683105469
C16 349.982 76.42071533203125
C16 374.975 80.24093627929688
C16 400.019 85.50419616699219
C16 424.965 86.7344741821289
C16 450.035 88.94405364990234
C16 475.003 91.03224182128906
C16 500.018 92.72333526611328
C16 525.002 94.28402709960938
C16 550.029 95.7457275390625
C16 575.023 97.22957611083984
C16 599.982 98.24562072753906
C16 619.997 98.11540222167969
C16 624.979 98.56790161132812
C16 650.012 98.86647033691406
C16 675.004 98.78938293457031
C16 700.03 98.23723602294922
C16 725.012 98.14142608642578
C16 750.022 97.80561065673828
C16 774.987 98.02788543701172
C16 799.976 97.4842300415039
C16 824.988 95.56690979003906
C16 850.022 93.4906234741211
C16 869.967 90.4031753540039
C16 875.002 89.6242446899414
C16 899.999 82.50241088867188
C16 919.999 74.15674591064453
C16 925.012 71.21817016601562
C16 949.965 58.6003303527832
C16 975.002 43.573631286621094
C16 999.976 26.73211669921875
C16 1025.028 11.75025463104248
C16 1050.014 4.19880485534668
C16 1075.002 0.9317892522411668
C16 1099.99 0.09245127359017444
C17 319.994 45.712337493896484
C17 324.969 51.68627166748047
C17 349.982 76.76168823242188
C17 374.975 80.51191711425781
C17 400.019 85.73435974121094
C17 424.965 86.94656372070312
C17 450.035 89.15416717529297
C17 475.003 91.2492904663086
C17 500.018 92.94377899169922
C17 525.002 94.50755310058594
C17 550.029 95.97622680664062
C17 575.023 97.46171569824219
C17 599.982 98.48172760009766
C17 619.997 98.34745025634766
C17 624.979 98.79828643798828
C17 650.012 99.09294128417969
C17 675.004 99.00897216796875
C17 700.03 98.44607543945312
C17 725.012 98.322265625
C17 750.022 97.95619201660156
C17 774.987 98.14691925048828
C17 799.976 97.59124755859375
C17 824.988 95.67760467529297
C17 850.022 93.62554168701172
C17 869.967 90.54693603515625
C17 875.002 89.787109375
C17 899.999 82.6181640625
C17 919.999 74.2989273071289
C17 925.012 71.41825866699219
C17 949.965 58.662452697753906
C17 975.002 43.70249938964844
C17 999.976 26.81490707397461
C17 1025.028 11.83415699005127
C17 1050.014 4.229195594787598
C17 1075.002 0.9332238338588539
C17 1099.99 0.0925936114603583
