lsstCam/transmission_sensor/r33_s00/19700101T000000.ecsv
# %ECSV 1.0
# ---
# datatype:
# - {name: amp_name, datatype: string}
# - {name: wavelength, unit: nm, datatype: float32}
# - {name: efficiency, unit: '%', datatype: float64}
# meta: !!omap
# - {MODE: AMP}
# - {TYPE: transmission_sensor}
# - {CALIBDATE: '1970-01-01T00:00:00'}
# - {INSTRUME: LSSTCam}
# - {OBSTYPE: transmission_sensor}
# - {DETECTOR: 144}
# - {PARQUETFILE: qe_raft_allvalues_nircorrected_20230725_adjust.parquet}
# - {CORRFILE: qe_corr_factor_bydetnum.parquet}
# - {CALIBCLS: lsst.ip.isr.IntermediateSensorTransmissionCurve}
# - {CALIB_ID: 'raftName=R33 detectorName=S00 detector=144 calibDate=1970-01-01T00:00:00 ccd=144 ccdnum=144 filter=None'}
# - {DATE: '2025-03-03T21:56:48.192833'}
# - {CALIB_CREATION_DATE: '2025-03-03'}
# - {CALIB_CREATION_TIME: '21:56:48'}
# - __serialized_columns__:
#     efficiency:
#       __class__: astropy.units.quantity.Quantity
#       unit: !astropy.units.Unit {unit: '%'}
#       value: !astropy.table.SerializedColumn {name: efficiency}
#     wavelength:
#       __class__: astropy.units.quantity.Quantity
#       unit: !astropy.units.Unit {unit: nm}
#       value: !astropy.table.SerializedColumn {name: wavelength}
# schema: astropy-2.0
amp_name wavelength efficiency
C00 319.994 45.445323797886694
C00 324.969 51.38921319852685
C00 349.982 76.76433914215185
C00 374.975 80.9992709738865
C00 400.019 86.3116084745282
C00 424.965 87.52271251359659
C00 450.035 89.7212305799946
C00 475.003 91.81226054266368
C00 500.018 93.51095510152275
C00 525.002 95.09137449428582
C00 550.029 96.57824481000993
C00 575.023 98.09272541515452
C00 599.982 99.13631632118032
C00 619.997 99.01898215414184
C00 624.979 99.4794443596391
C00 650.012 99.79666814761916
C00 675.004 99.75254064709898
C00 700.03 99.2894084524059
C00 725.012 99.41917451756248
C00 750.022 99.34088798621315
C00 774.987 99.79532167742298
C00 799.976 99.31295638004131
C00 824.988 97.2600101028073
C00 850.022 95.06120132125331
C00 869.967 91.80951404947943
C00 875.002 90.94482006997299
C00 899.999 83.25936710056308
C00 919.999 74.94001738390966
C00 925.012 72.03091497227679
C00 949.965 59.40058463420067
C00 975.002 43.907341167499744
C00 999.976 26.859815895679166
C00 1025.028 11.936818814156851
C00 1050.014 4.307531247844858
C00 1075.002 0.9464157593240178
C00 1099.99 0.09390250218583901
C01 319.994 44.947133650500525
C01 324.969 50.8253749786782
C01 349.982 75.94876072321053
C01 374.975 80.07214973983002
C01 400.019 85.18512549705024
C01 424.965 86.31346752144678
C01 450.035 88.44913756135844
C01 475.003 90.48825956788512
C01 500.018 92.14843436857515
C01 525.002 93.69226955407618
C01 550.029 95.15463564230963
C01 575.023 96.64328085056506
C01 599.982 97.66844194578069
C01 619.997 97.55293622406543
C01 624.979 98.0072322080961
C01 650.012 98.32394341935375
C01 675.004 98.28147605538227
C01 700.03 97.84345246968836
C01 725.012 98.03222606111264
C01 750.022 98.03500315589226
C01 774.987 98.56398998381655
C01 799.976 98.124206806389
C01 824.988 96.08813730900025
C01 850.022 93.94448025269763
C01 869.967 90.76053726266892
C01 875.002 89.89647826626637
C01 899.999 82.23554482514479
C01 919.999 73.91764868427134
C01 925.012 71.03557513174697
C01 949.965 58.73413926508424
C01 975.002 43.4322437490179
C01 999.976 26.542536642307503
C01 1025.028 11.751852252456276
C01 1050.014 4.214160998878836
C01 1075.002 0.9339746107995559
C01 1099.99 0.09266810285869016
C02 319.994 45.349720588758686
C02 324.969 51.28007260864808
C02 349.982 76.56105274412445
C02 374.975 80.61203073570522
C02 400.019 85.62200152291787
C02 424.965 86.69825198159981
C02 450.035 88.81404628532016
C02 475.003 90.84388070765276
C02 500.018 92.49531875286533
C02 525.002 94.03629268919947
C02 550.029 95.49696038889002
C02 575.023 96.98020441556305
C02 599.982 98.00418734935701
C02 619.997 97.8807481640427
C02 624.979 98.33702560137343
C02 650.012 98.64442627724047
C02 675.004 98.60268570115898
C02 700.03 98.17084363772932
C02 725.012 98.37820004794062
C02 750.022 98.40916121205386
C02 774.987 98.97281199713088
C02 799.976 98.55329472623556
C02 824.988 96.50343921013368
C02 850.022 94.39924291105766
C02 869.967 91.21946173799896
C02 875.002 90.34199924282537
C02 899.999 82.59985681799685
C02 919.999 74.28582412853856
C02 925.012 71.40326860088715
C02 949.965 59.136630573356875
C02 975.002 43.693940942203334
C02 999.976 26.709405229247672
C02 1025.028 11.763878679435768
C02 1050.014 4.2238253652158875
C02 1075.002 0.9375387515094529
C02 1099.99 0.09302173362561736
C03 319.994 45.49880773619053
C03 324.969 51.442020076533176
C03 349.982 76.71321152669132
C03 374.975 80.67083170120418
C03 400.019 85.60964612878817
C03 424.965 86.66367217883435
C03 450.035 88.7642804408535
C03 475.003 90.78502618936189
C03 500.018 92.42784223507962
C03 525.002 93.96074500063554
C03 550.029 95.40947042773385
C03 575.023 96.88719851684188
C03 599.982 97.90629284577585
C03 619.997 97.77603715509339
C03 624.979 98.22905552251746
C03 650.012 98.53372500599794
C03 675.004 98.48386735674517
C03 700.03 98.0443366424794
C03 725.012 98.25336083963823
C03 750.022 98.28547721397659
C03 774.987 98.85252477613943
C03 799.976 98.43880650756628
C03 824.988 96.3976571453465
C03 850.022 94.33084069501209
C03 869.967 91.1466299410239
C03 875.002 90.26216733090997
C03 899.999 82.54717617157141
C03 919.999 74.2962898741543
C03 925.012 71.42380227137885
C03 949.965 59.110267298947626
C03 975.002 43.66383279756097
C03 999.976 26.736973441474515
C03 1025.028 11.778067300387956
C03 1050.014 4.2325702492421255
C03 1075.002 0.9363604026423169
C03 1099.99 0.09290481893354699
C04 319.994 45.80121652681322
C04 324.969 51.78085241604223
C04 349.982 77.13953000215712
C04 374.975 81.01895545010674
C04 400.019 85.88528234866358
C04 424.965 86.91019098071742
C04 450.035 88.9999815787741
C04 475.003 91.01504308094295
C04 500.018 92.65352135051731
C04 525.002 94.18267542064069
C04 550.029 95.62782811147983
C04 575.023 97.09902275997685
C04 599.982 98.11404707672693
C04 619.997 97.98148861599306
C04 624.979 98.4353255760932
C04 650.012 98.73629991693304
C04 675.004 98.67842464969394
C04 700.03 98.2361091902497
C04 725.012 98.42743801488719
C04 750.022 98.44851486369667
C04 774.987 99.006198337677
C04 799.976 98.58525044219824
C04 824.988 96.54553935496074
C04 850.022 94.48742140810958
C04 869.967 91.25971813670512
C04 875.002 90.35812628358413
C04 899.999 82.72585123652436
C04 919.999 74.48235522438854
C04 925.012 71.57116425387183
C04 949.965 59.15268493532663
C04 975.002 43.666074364421654
C04 999.976 26.831256956802292
C04 1025.028 11.77244425723915
C04 1050.014 4.238795761299735
C04 1075.002 0.9379138230355414
C04 1099.99 0.09305894787786473
C05 319.994 46.00339361700854
C05 324.969 52.00817254203151
C05 349.982 77.40929071572192
C05 374.975 81.18894731237413
C05 400.019 85.96155682511748
C05 424.965 86.94172592474379
C05 450.035 89.01322441916946
C05 475.003 91.01473706498928
C05 500.018 92.64743928343799
C05 525.002 94.16828502041905
C05 550.029 95.60728679058928
C05 575.023 97.07434257331283
C05 599.982 98.08330777418011
C05 619.997 97.94637328530865
C05 624.979 98.39441889348548
C05 650.012 98.69292215549937
C05 675.004 98.63272116701233
C05 700.03 98.17658143686076
C05 725.012 98.35524885141487
C05 750.022 98.35065861210973
C05 774.987 98.89167186701351
C05 799.976 98.46412167733418
C05 824.988 96.43922941265348
C05 850.022 94.36958231474755
C05 869.967 91.1148348834369
C05 875.002 90.21455124851788
C05 899.999 82.76823444610858
C05 919.999 74.43349977738407
C05 925.012 71.44644745195092
C05 949.965 58.94887065977914
C05 975.002 43.59704481567104
C05 999.976 26.854269356518778
C05 1025.028 11.760193099793675
C05 1050.014 4.2220691205317396
C05 1075.002 0.9369818911183173
C05 1099.99 0.09296648244918601
C06 319.994 46.278892129704786
C06 324.969 52.318897316195354
C06 349.982 77.81542743904272
C06 374.975 81.5319835460468
C06 400.019 86.28121343992926
C06 424.965 87.24957032374365
C06 450.035 89.32439674166555
C06 475.003 91.33423302142538
C06 500.018 92.97046207374022
C06 525.002 94.49348817439122
C06 550.029 95.93689657429441
C06 575.023 97.4065534926242
C06 599.982 98.41313176905281
C06 619.997 98.27411637169635
C06 624.979 98.72926154999847
C06 650.012 99.02219532165545
C06 675.004 98.95474940546511
C06 700.03 98.48905432715999
C06 725.012 98.6466066409104
C06 750.022 98.62963805627903
C06 774.987 99.1521755979796
C06 799.976 98.71224706297406
C06 824.988 96.70492776443322
C06 850.022 94.61437977689118
C06 869.967 91.38808417887363
C06 875.002 90.50567952604817
C06 899.999 83.102862891454
C06 919.999 74.55327442165311
C06 925.012 71.5156912118691
C06 949.965 59.13245728078861
C06 975.002 43.7977683300864
C06 999.976 27.01872233002461
C06 1025.028 11.813854909870587
C06 1050.014 4.247714213749698
C06 1075.002 0.9396397148449962
C06 1099.99 0.09323018927765461
C07 319.994 46.3404931411799
C07 324.969 52.39405483441834
C07 349.982 77.84245629815122
C07 374.975 81.41522315892148
C07 400.019 86.11794627824393
C07 424.965 87.08179707714044
C07 450.035 89.16190227026325
C07 475.003 91.17220522435244
C07 500.018 92.80721786325141
C07 525.002 94.33198825483836
C07 550.029 95.77272666554572
C07 575.023 97.23788514935647
C07 599.982 98.23775402600072
C07 619.997 98.09741510964461
C07 624.979 98.54561372579828
C07 650.012 98.8315856345091
C07 675.004 98.76318341846353
C07 700.03 98.28326624871129
C07 725.012 98.42888394026832
C07 750.022 98.3869750554123
C07 774.987 98.8949921401109
C07 799.976 98.45048101619905
C07 824.988 96.45695538677019
C07 850.022 94.38741539444806
C07 869.967 91.21531522182663
C07 875.002 90.36242580773327
C07 899.999 82.93732356131261
C07 919.999 74.33609489932878
C07 925.012 71.33042915351325
C07 949.965 59.040954685439864
C07 975.002 43.86078084014784
C07 999.976 27.116639784802295
C07 1025.028 11.91280134329251
C07 1050.014 4.287021006699609
C07 1075.002 0.9373278769116233
C07 1099.99 0.0930008108417472
C10 319.994 44.30697887700434
C10 324.969 50.096555907803626
C10 349.982 74.54654207067222
C10 374.975 78.71795264082243
C10 400.019 84.65636053069235
C10 424.965 86.21249755753118
C10 450.035 88.5807244214394
C10 475.003 90.75500602430621
C10 500.018 92.51484257070989
C10 525.002 94.12285695209574
C10 550.029 95.61632956202043
C10 575.023 97.12358819065824
C10 599.982 98.16338449885845
C10 619.997 98.04935530411969
C10 624.979 98.5033835241909
C10 650.012 98.81660615357663
C10 675.004 98.74935149735734
C10 700.03 98.21191862911157
C10 725.012 98.14498528964364
C10 750.022 97.8389157831751
C10 774.987 98.07870223407728
C10 799.976 97.5328921790996
C10 824.988 95.59044061233939
C10 850.022 93.48101909085435
C10 869.967 90.30513962120502
C10 875.002 89.46644934736226
C10 899.999 82.3667185636883
C10 919.999 74.19853307775229
C10 925.012 71.26108593841013
C10 949.965 58.57960885887637
C10 975.002 43.244181644685916
C10 999.976 26.614161588865233
C10 1025.028 11.714368167030452
C10 1050.014 4.229894044097238
C10 1075.002 0.9321065481765722
C10 1099.99 0.09248275540139159
C11 319.994 44.536192476706994
C11 324.969 50.35630989968321
C11 349.982 74.96998399617344
C11 374.975 79.09040465804229
C11 400.019 84.84464449659076
C11 424.965 86.30999424037256
C11 450.035 88.63208154886519
C11 475.003 90.77818673279722
C11 500.018 92.5142228884037
C11 525.002 94.11186332895991
C11 550.029 95.60039378123273
C11 575.023 97.10418677919515
C11 599.982 98.14376887622778
C11 619.997 98.02340515124791
C11 624.979 98.4830870160633
C11 650.012 98.79377736343235
C11 675.004 98.73429551243646
C11 700.03 98.21403778959078
C11 725.012 98.20182010264024
C11 750.022 97.97734975021957
C11 774.987 98.29354838475481
C11 799.976 97.77514970882773
C11 824.988 95.8224389572205
C11 850.022 93.72048422500517
C11 869.967 90.54078720633372
C11 875.002 89.69451538723862
C11 899.999 82.51769153443466
C11 919.999 74.23329649008996
C11 925.012 71.28862737424103
C11 949.965 58.70302126779474
C11 975.002 43.36215079482827
C11 999.976 26.662548448940644
C11 1025.028 11.691773670350708
C11 1050.014 4.205356824261574
C11 1075.002 0.9334254006152797
C11 1099.99 0.09261361072875529
C12 319.994 44.83521979104156
C12 324.969 50.69089244263558
C12 349.982 75.42490731290916
C12 374.975 79.46144135147638
C12 400.019 85.06905364582069
C12 424.965 86.45969724491117
C12 450.035 88.74833700966694
C12 475.003 90.88659288438717
C12 500.018 92.60256204383131
C12 525.002 94.18707439997479
C12 550.029 95.67201681519074
C12 575.023 97.16959768929352
C12 599.982 98.20172829785413
C12 619.997 98.07974268831978
C12 624.979 98.53605837764472
C12 650.012 98.84253335525189
C12 675.004 98.77960117437829
C12 700.03 98.26737637031663
C12 725.012 98.26642007046138
C12 750.022 98.05673793900215
C12 774.987 98.38956089022086
C12 799.976 97.87937109225115
C12 824.988 95.91861212106222
C12 850.022 93.82813298710977
C12 869.967 90.62780284276167
C12 875.002 89.77317678813121
C12 899.999 82.59204576077924
C12 919.999 74.28473777190301
C12 925.012 71.34223371892634
C12 949.965 58.73068128480769
C12 975.002 43.41479318925949
C12 999.976 26.6812115969155
C12 1025.028 11.69212271979787
C12 1050.014 4.188558461004436
C12 1075.002 0.9341817278185351
C12 1099.99 0.09268865281903878
C13 319.994 45.052250130588455
C13 324.969 50.93530738483712
C13 349.982 75.76026254614456
C13 374.975 79.76278291146062
C13 400.019 85.2975481080322
C13 424.965 86.65705458383609
C13 450.035 88.92440328861481
C13 475.003 91.056079820331
C13 500.018 92.76978446171792
C13 525.002 94.34865082351607
C13 550.029 95.83366974272043
C13 575.023 97.32382207954772
C13 599.982 98.35863797810184
C13 619.997 98.23466326486859
C13 624.979 98.68687834041425
C13 650.012 98.99317735884806
C13 675.004 98.92824077347787
C13 700.03 98.4116322908798
C13 725.012 98.40241356027528
C13 750.022 98.16782173018676
C13 774.987 98.49156365798014
C13 799.976 97.97634754797129
C13 824.988 96.02109686394854
C13 850.022 93.91323602382724
C13 869.967 90.72806896998382
C13 875.002 89.87807905705156
C13 899.999 82.77775919266676
C13 919.999 74.30146919417028
C13 925.012 71.32762910753712
C13 949.965 58.72544076160098
C13 975.002 43.51431722779398
C13 999.976 26.765473089760363
C13 1025.028 11.725968084274507
C13 1050.014 4.204340277515454
C13 1075.002 0.9352400180705254
C13 1099.99 0.09279365540560998
C14 319.994 45.19730169263119
C14 324.969 51.095544988581054
C14 349.982 75.95742862509842
C14 374.975 79.89795780859843
C14 400.019 85.33088854618526
C14 424.965 86.63430994807906
C14 450.035 88.8809260719962
C14 475.003 90.99269626592572
C14 500.018 92.69623352725174
C14 525.002 94.26642433676315
C14 550.029 95.73995235690695
C14 575.023 97.22827624841103
C14 599.982 98.25600022723869
C14 619.997 98.12579043894928
C14 624.979 98.58062960129773
C14 650.012 98.88105311342093
C14 675.004 98.81277330375683
C14 700.03 98.28237880244562
C14 725.012 98.24817386922341
C14 750.022 97.98776959344227
C14 774.987 98.28012193478725
C14 799.976 97.75764559627743
C14 824.988 95.81826948985166
C14 850.022 93.71628415604096
C14 869.967 90.5453085920493
C14 875.002 89.72963836832186
C14 899.999 82.65558232316137
C14 919.999 74.23000681858794
C14 925.012 71.21278132012226
C14 949.965 58.65384832923832
C14 975.002 43.415125981609116
C14 999.976 26.75534587429338
C14 1025.028 11.75084718130842
C14 1050.014 4.198221392891704
C14 1075.002 0.9335246704676011
C14 1099.99 0.09262346019230529
C15 319.994 45.50031868996181
C15 324.969 51.43501231119398
C15 349.982 76.41946681275711
C15 374.975 80.29106590269146
C15 400.019 85.62570431595735
C15 424.965 86.87982654771385
C15 450.035 89.10470788852109
C15 475.003 91.2051248905692
C15 500.018 92.89923686052198
C15 525.002 94.46014773623816
C15 550.029 95.92838168038335
C15 575.023 97.41433394824644
C15 599.982 98.43558568965383
C15 619.997 98.30455730868833
C15 624.979 98.75884564232017
C15 650.012 99.05656091325334
C15 675.004 98.9823979468798
C15 700.03 98.43550153526657
C15 725.012 98.37169720892499
C15 750.022 98.070585160906
C15 774.987 98.32757735880367
C15 799.976 97.79174342391585
C15 824.988 95.86144834091543
C15 850.022 93.76397674242146
C15 869.967 90.62918756495206
C15 875.002 89.82462572034309
C15 899.999 82.71869046320833
C15 919.999 74.26714950496545
C15 925.012 71.3193207743948
C15 949.965 58.72221994368853
C15 975.002 43.59202997923016
C15 999.976 26.80415350630509
C15 1025.028 11.76733379081275
C15 1050.014 4.199868619392354
C15 1075.002 0.9343136508766402
C15 1099.99 0.09270174210366874
C16 319.994 45.62537210943177
C16 324.969 51.58099339669601
C16 349.982 76.63110744631989
C16 374.975 80.46184575603957
C16 400.019 85.73959580351696
C16 424.965 86.97326086877017
C16 450.035 89.18892347897291
C16 475.003 91.2828605932019
C16 500.018 92.97860974850686
C16 525.002 94.54359828680577
C16 550.029 96.00932290013083
C16 575.023 97.49725662129396
C16 599.982 98.51609848706616
C16 619.997 98.38552147963233
C16 624.979 98.83926663494638
C16 650.012 99.13865734322594
C16 675.004 99.06135771332721
C16 700.03 98.5076906987389
C16 725.012 98.41161699008211
C16 750.022 98.07487703465632
C16 774.987 98.29776375451671
C16 799.976 97.75261163383945
C16 824.988 95.83001285207399
C16 850.022 93.74801036003838
C16 869.967 90.65206225748939
C16 875.002 89.8709871373251
C16 899.999 82.72954637916501
C16 919.999 74.36090514277312
C16 925.012 71.41423927282645
C16 949.965 58.76166157491803
C16 975.002 43.693592849056024
C16 999.976 26.805712275069133
C16 1025.028 11.782603986901213
C16 1050.014 4.210364488453536
C16 1075.002 0.9343545398074855
C16 1099.99 0.09270579906582332
C17 319.994 45.83818707921678
C17 324.969 51.82856795361926
C17 349.982 76.9730190713628
C17 374.975 80.73357262210673
C17 400.019 85.97039303577989
C17 424.965 87.18593430617659
C17 450.035 89.39961546307927
C17 475.003 91.50050678985559
C17 500.018 93.19966037264518
C17 525.002 94.76773967207623
C17 550.029 96.2404567499428
C17 575.023 97.73003530685695
C17 599.982 98.75285538002694
C17 619.997 98.61820836040921
C17 624.979 99.07028572877573
C17 650.012 99.36575178244938
C17 675.004 99.28155149279524
C17 700.03 98.71710506623867
C17 725.012 98.59295439383204
C17 750.022 98.22587295659922
C17 774.987 98.41712527724829
C17 799.976 97.859923778395
C17 824.988 95.94101248887135
C17 850.022 93.88330001315883
C17 869.967 90.79621872286762
C17 875.002 90.0343002014035
C17 899.999 82.84561823039456
C17 919.999 74.50347797559108
C17 925.012 71.61487863285454
C17 949.965 58.82395494748833
C17 975.002 43.82281573589483
C17 999.976 26.888730578102187
C17 1025.028 11.866737335565476
C17 1050.014 4.2408388959404535
C17 1075.002 0.9357930709388399
C17 1099.99 0.09284852880312491
