ts8/transmission_sensor/rtm-021_s00/19700101T000000.ecsv
# %ECSV 0.9
# ---
# datatype:
# - {name: amp_name, datatype: string}
# - {name: wavelength, unit: nm, datatype: float32}
# - {name: efficiency, unit: '%', datatype: float32}
# meta: !!omap
# - {MODE: AMP}
# - {TYPE: transmission_sensor}
# - {CALIBDATE: '1970-01-01T00:00:00'}
# - {INSTRUME: TS8}
# - {OBSTYPE: transmission_sensor}
# - {DETECTOR: 153}
# - {CALIBCLS: lsst.ip.isr.IntermediateSensorTransmissionCurve}
# - {PICKLEFILE: RaftRun12086.p}
# - {CALIB_ID: 'raftName=RTM-021 detectorName=S00 detector=153 calibDate=1970-01-01T00:00:00 ccd=153 ccdnum=153 filter=None'}
# - {DATE: '2020-07-23T19:16:28.894840'}
# - {CALIB_CREATION_DATE: '2020-07-23'}
# - {CALIB_CREATION_TIME: '19:16:28'}
# - __serialized_columns__:
#     efficiency:
#       __class__: astropy.units.quantity.Quantity
#       unit: !astropy.units.Unit {unit: '%'}
#       value: !astropy.table.SerializedColumn {name: efficiency}
#     wavelength:
#       __class__: astropy.units.quantity.Quantity
#       unit: !astropy.units.Unit {unit: nm}
#       value: !astropy.table.SerializedColumn {name: wavelength}
# schema: astropy-2.0
amp_name wavelength efficiency
C12 319.994 50.989853
C12 324.969 53.400135
C12 349.982 64.939476
C12 374.975 78.4683
C12 400.019 87.111
C12 424.965 86.5016
C12 450.035 85.91317
C12 475.003 85.99041
C12 500.018 86.60777
C12 525.002 87.01975
C12 550.029 89.166954
C12 575.023 90.80029
C12 599.982 92.2068
C12 619.997 93.74162
C12 624.979 93.839966
C12 650.012 95.08479
C12 675.004 96.04087
C12 700.03 96.67427
C12 725.012 97.32182
C12 750.022 98.22536
C12 774.987 99.73254
C12 799.976 99.188126
C12 824.988 98.70516
C12 850.022 97.17446
C12 869.967 94.711296
C12 875.002 93.945984
C12 899.999 87.43924
C12 919.999 80.286514
C12 925.012 77.07754
C12 949.965 64.95488
C12 975.002 48.710155
C12 999.976 29.954327
C12 1025.028 14.327708
C12 1050.014 5.820556
C12 1075.002 3.1523733
C12 1099.99 2.2167983
C01 319.994 50.762512
C01 324.969 53.153828
C01 349.982 64.647644
C01 374.975 78.18121
C01 400.019 86.8622
C01 424.965 86.31331
C01 450.035 85.7769
C01 475.003 85.869095
C01 500.018 86.47862
C01 525.002 86.85748
C01 550.029 88.947556
C01 575.023 90.52814
C01 599.982 91.88106
C01 619.997 93.38713
C01 624.979 93.47994
C01 650.012 94.701126
C01 675.004 95.64504
C01 700.03 96.33982
C01 725.012 97.18067
C01 750.022 98.28111
C01 774.987 99.98852
C01 799.976 99.509636
C01 824.988 98.99705
C01 850.022 97.50743
C01 869.967 95.09942
C01 875.002 94.356834
C01 899.999 87.89571
C01 919.999 80.24305
C01 925.012 76.921875
C01 949.965 64.18323
C01 975.002 47.943718
C01 999.976 29.623493
C01 1025.028 14.105752
C01 1050.014 5.7459574
C01 1075.002 3.1742375
C01 1099.99 2.1946714
C04 319.994 50.196953
C04 324.969 52.523144
C04 349.982 63.96085
C04 374.975 78.130226
C04 400.019 87.2208
C04 424.965 86.689445
C04 450.035 85.98365
C04 475.003 85.87301
C04 500.018 86.34895
C04 525.002 86.651886
C04 550.029 88.72583
C04 575.023 90.36274
C04 599.982 91.796646
C04 619.997 93.35856
C04 624.979 93.467995
C04 650.012 94.75504
C04 675.004 95.75155
C04 700.03 96.49946
C04 725.012 97.42167
C04 750.022 98.5991
C04 774.987 100.39178
C04 799.976 99.968666
C04 824.988 99.469345
C04 850.022 98.00687
C04 869.967 95.63009
C04 875.002 94.88642
C04 899.999 88.35526
C04 919.999 80.70095
C04 925.012 77.42
C04 949.965 64.89007
C04 975.002 48.58352
C04 999.976 29.974285
C04 1025.028 14.227082
C04 1050.014 5.789809
C04 1075.002 3.2474325
C04 1099.99 2.2422214
C11 319.994 51.17035
C11 324.969 53.594803
C11 349.982 65.1433
C11 374.975 78.51993
C11 400.019 87.07713
C11 424.965 86.490166
C11 450.035 85.96713
C11 475.003 86.1078
C11 500.018 86.76853
C11 525.002 87.2065
C11 550.029 89.34596
C11 575.023 90.94857
C11 599.982 92.307144
C11 619.997 93.82422
C11 624.979 93.90909
C11 650.012 95.1297
C11 675.004 96.062126
C11 700.03 96.679115
C11 725.012 97.29306
C11 750.022 98.16633
C11 774.987 99.6348
C11 799.976 99.0781
C11 824.988 98.59383
C11 850.022 97.07719
C11 869.967 94.61891
C11 875.002 93.858284
C11 899.999 87.37118
C11 919.999 80.2642
C11 925.012 77.07027
C11 949.965 64.94496
C11 975.002 48.634766
C11 999.976 29.881615
C11 1025.028 14.3114195
C11 1050.014 5.804341
C11 1075.002 3.1381779
C11 1099.99 2.206613
C07 319.994 48.812786
C07 324.969 51.03405
C07 349.982 62.223225
C07 374.975 76.97304
C07 400.019 86.792725
C07 424.965 86.48496
C07 450.035 85.70556
C07 475.003 85.46545
C07 500.018 85.860725
C07 525.002 86.15698
C07 550.029 88.28832
C07 575.023 89.97576
C07 599.982 91.44785
C07 619.997 93.03494
C07 624.979 93.15365
C07 650.012 94.477554
C07 675.004 95.51286
C07 700.03 96.2945
C07 725.012 97.228134
C07 750.022 98.408905
C07 774.987 100.19411
C07 799.976 99.791565
C07 824.988 99.322495
C07 850.022 97.85763
C07 869.967 95.52215
C07 875.002 94.77322
C07 899.999 88.09148
C07 919.999 80.38482
C07 925.012 77.093475
C07 949.965 64.67834
C07 975.002 48.453342
C07 999.976 29.966755
C07 1025.028 14.129652
C07 1050.014 5.6758075
C07 1075.002 3.2038467
C07 1099.99 2.2315776
C13 319.994 50.952663
C13 324.969 53.350815
C13 349.982 64.93899
C13 374.975 78.78088
C13 400.019 87.61027
C13 424.965 87.00317
C13 450.035 86.36562
C13 475.003 86.37649
C13 500.018 86.94666
C13 525.002 87.32515
C13 550.029 89.45702
C13 575.023 91.10357
C13 599.982 92.53166
C13 619.997 94.09009
C13 624.979 94.19332
C13 650.012 95.46389
C13 675.004 96.43223
C13 700.03 97.08452
C13 725.012 97.75295
C13 750.022 98.66163
C13 774.987 100.18066
C13 799.976 99.63293
C13 824.988 99.14576
C13 850.022 97.60618
C13 869.967 95.13926
C13 875.002 94.382
C13 899.999 87.89502
C13 919.999 80.70302
C13 925.012 77.469185
C13 949.965 65.15879
C13 975.002 48.77435
C13 999.976 30.03436
C13 1025.028 14.378597
C13 1050.014 5.8156705
C13 1075.002 3.165064
C13 1099.99 2.2325397
C14 319.994 50.597282
C14 324.969 52.96344
C14 349.982 64.521454
C14 374.975 78.6236
C14 400.019 87.595665
C14 424.965 87.02063
C14 450.035 86.35648
C14 475.003 86.3198
C14 500.018 86.83685
C14 525.002 87.17372
C14 550.029 89.26707
C14 575.023 90.895035
C14 599.982 92.31668
C14 619.997 93.87337
C14 624.979 93.97785
C14 650.012 95.25567
C14 675.004 96.23072
C14 700.03 96.887985
C14 725.012 97.548546
C14 750.022 98.44167
C14 774.987 99.9411
C14 799.976 99.397194
C14 824.988 98.91176
C14 850.022 97.38339
C14 869.967 94.92282
C14 875.002 94.1756
C14 899.999 87.689095
C14 919.999 80.50129
C14 925.012 77.2853
C14 949.965 64.93962
C14 975.002 48.557755
C14 999.976 29.936735
C14 1025.028 14.335686
C14 1050.014 5.7755184
C14 1075.002 3.1576643
C14 1099.99 2.234456
C06 319.994 49.57987
C06 324.969 51.85027
C06 349.982 63.1833
C06 374.975 77.70149
C06 400.019 87.11146
C06 424.965 86.652115
C06 450.035 85.854256
C06 475.003 85.62857
C06 500.018 86.04437
C06 525.002 86.314125
C06 550.029 88.40964
C06 575.023 90.09349
C06 599.982 91.57924
C06 619.997 93.17968
C06 624.979 93.297424
C06 650.012 94.62055
C06 675.004 95.64811
C06 700.03 96.418236
C06 725.012 97.33997
C06 750.022 98.5152
C06 774.987 100.304115
C06 799.976 99.88231
C06 824.988 99.39338
C06 850.022 97.932014
C06 869.967 95.58362
C06 875.002 94.83621
C06 899.999 88.232025
C06 919.999 80.535164
C06 925.012 77.24886
C06 949.965 64.65228
C06 975.002 48.327454
C06 999.976 29.89619
C06 1025.028 14.18319
C06 1050.014 5.7459903
C06 1075.002 3.240167
C06 1099.99 2.2447176
C03 319.994 50.390205
C03 324.969 52.742973
C03 349.982 64.198074
C03 374.975 78.109566
C03 400.019 87.01383
C03 424.965 86.46383
C03 450.035 85.81318
C03 475.003 85.76646
C03 500.018 86.275734
C03 525.002 86.60762
C03 550.029 88.67911
C03 575.023 90.29753
C03 599.982 91.71
C03 619.997 93.254524
C03 624.979 93.36075
C03 650.012 94.62323
C03 675.004 95.603935
C03 700.03 96.3395
C03 725.012 97.23951
C03 750.022 98.414696
C03 774.987 100.201965
C03 799.976 99.76629
C03 824.988 99.26349
C03 850.022 97.80729
C03 869.967 95.42199
C03 875.002 94.67241
C03 899.999 88.13641
C03 919.999 80.512985
C03 925.012 77.24834
C03 949.965 64.79365
C03 975.002 48.55264
C03 999.976 29.925499
C03 1025.028 14.1937895
C03 1050.014 5.791022
C03 1075.002 3.2347739
C03 1099.99 2.2330558
C15 319.994 50.229424
C15 324.969 52.562866
C15 349.982 64.07612
C15 374.975 78.3829
C15 400.019 87.49525
C15 424.965 86.95067
C15 450.035 86.25559
C15 475.003 86.1599
C15 500.018 86.630455
C15 525.002 86.94096
C15 550.029 89.004875
C15 575.023 90.62113
C15 599.982 92.04331
C15 619.997 93.589714
C15 624.979 93.706085
C15 650.012 94.98882
C15 675.004 95.963425
C15 700.03 96.617065
C15 725.012 97.31821
C15 750.022 98.13842
C15 774.987 99.61132
C15 799.976 99.061104
C15 824.988 98.58688
C15 850.022 97.04176
C15 869.967 94.56504
C15 875.002 93.81815
C15 899.999 87.369705
C15 919.999 80.24796
C15 925.012 77.015785
C15 949.965 64.65675
C15 975.002 48.310825
C15 999.976 29.752914
C15 1025.028 14.249273
C15 1050.014 5.7378597
C15 1075.002 3.1479847
C15 1099.99 2.2296739
C10 319.994 50.857094
C10 324.969 53.25701
C10 349.982 64.763916
C10 374.975 78.30144
C10 400.019 87.04002
C10 424.965 86.53015
C10 450.035 86.05959
C10 475.003 86.25284
C10 500.018 86.934425
C10 525.002 87.368195
C10 550.029 89.46962
C10 575.023 90.999954
C10 599.982 92.28644
C10 619.997 93.75448
C10 624.979 93.83195
C10 650.012 95.02634
C10 675.004 95.94721
C10 700.03 96.53987
C10 725.012 97.09913
C10 750.022 97.9053
C10 774.987 99.30599
C10 799.976 98.74292
C10 824.988 98.29227
C10 850.022 96.793236
C10 869.967 94.33554
C10 875.002 93.59101
C10 899.999 87.2855
C10 919.999 80.35994
C10 925.012 77.15337
C10 949.965 64.845055
C10 975.002 48.294872
C10 999.976 29.61643
C10 1025.028 14.25525
C10 1050.014 5.777056
C10 1075.002 3.1097488
C10 1099.99 2.1898694
C05 319.994 49.770508
C05 324.969 52.06139
C05 349.982 63.43001
C05 374.975 77.75784
C05 400.019 86.983955
C05 424.965 86.47731
C05 450.035 85.71599
C05 475.003 85.54497
C05 500.018 85.98593
C05 525.002 86.272804
C05 550.029 88.34837
C05 575.023 90.009315
C05 599.982 91.46557
C05 619.997 93.04423
C05 624.979 93.159
C05 650.012 94.45964
C05 675.004 95.471664
C05 700.03 96.23121
C05 725.012 97.15275
C05 750.022 98.32958
C05 774.987 100.11309
C05 799.976 99.68984
C05 824.988 99.19123
C05 850.022 97.7196
C05 869.967 95.36231
C05 875.002 94.614174
C05 899.999 88.05259
C05 919.999 80.35815
C05 925.012 77.07605
C05 949.965 64.49912
C05 975.002 48.224354
C05 999.976 29.809172
C05 1025.028 14.148628
C05 1050.014 5.7393165
C05 1075.002 3.2294397
C05 1099.99 2.2346551
C16 319.994 50.032314
C16 324.969 52.3405
C16 349.982 63.819866
C16 374.975 78.33635
C16 400.019 87.6118
C16 424.965 87.08095
C16 450.035 86.33525
C16 475.003 86.18621
C16 500.018 86.62223
C16 525.002 86.89057
C16 550.029 88.95683
C16 575.023 90.588554
C16 599.982 92.031654
C16 619.997 93.61002
C16 624.979 93.71793
C16 650.012 95.01632
C16 675.004 96.01855
C16 700.03 96.68381
C16 725.012 97.31506
C16 750.022 98.167175
C16 774.987 99.61808
C16 799.976 99.06365
C16 824.988 98.601974
C16 850.022 97.08109
C16 869.967 94.58254
C16 875.002 93.82379
C16 899.999 87.3134
C16 919.999 80.2759
C16 925.012 77.094536
C16 949.965 64.70705
C16 975.002 48.39042
C16 999.976 29.754158
C16 1025.028 14.223004
C16 1050.014 5.738569
C16 1075.002 3.1583471
C16 1099.99 2.2403934
C17 319.994 49.496166
C17 324.969 51.765167
C17 349.982 63.1471
C17 374.975 77.85501
C17 400.019 87.40991
C17 424.965 86.957695
C17 450.035 86.17851
C17 475.003 85.98794
C17 500.018 86.41189
C17 525.002 86.70315
C17 550.029 88.81233
C17 575.023 90.46779
C17 599.982 91.90698
C17 619.997 93.48681
C17 624.979 93.59793
C17 650.012 94.90305
C17 675.004 95.914085
C17 700.03 96.58744
C17 725.012 97.224045
C17 750.022 98.06535
C17 774.987 99.504715
C17 799.976 98.95974
C17 824.988 98.53549
C17 850.022 97.02397
C17 869.967 94.529175
C17 875.002 93.75899
C17 899.999 87.15331
C17 919.999 80.08466
C17 925.012 76.91414
C17 949.965 64.71727
C17 975.002 48.676643
C17 999.976 29.905434
C17 1025.028 14.203516
C17 1050.014 5.7046094
C17 1075.002 3.1396937
C17 1099.99 2.2327797
C02 319.994 50.621925
C02 324.969 52.998066
C02 349.982 64.47772
C02 374.975 78.16653
C02 400.019 86.932045
C02 424.965 86.37261
C02 450.035 85.776184
C02 475.003 85.79662
C02 500.018 86.35043
C02 525.002 86.70983
C02 550.029 88.7885
C02 575.023 90.39254
C02 599.982 91.78001
C02 619.997 93.30611
C02 624.979 93.40541
C02 650.012 94.65064
C02 675.004 95.61297
C02 700.03 96.32922
C02 725.012 97.209885
C02 750.022 98.35848
C02 774.987 100.116684
C02 799.976 99.67028
C02 824.988 99.15787
C02 850.022 97.68687
C02 869.967 95.28874
C02 875.002 94.53719
C02 899.999 88.00684
C02 919.999 80.3674
C02 925.012 77.08489
C02 949.965 64.57371
C02 975.002 48.35389
C02 999.976 29.82229
C02 1025.028 14.167794
C02 1050.014 5.782167
C02 1075.002 3.2100642
C02 1099.99 2.2162273
C00 319.994 50.472324
C00 324.969 52.843925
C00 349.982 64.30777
C00 374.975 77.95476
C00 400.019 86.736404
C00 424.965 86.26107
C00 450.035 85.77982
C00 475.003 85.93631
C00 500.018 86.56884
C00 525.002 86.95513
C00 550.029 89.02223
C00 575.023 90.525665
C00 599.982 91.80571
C00 619.997 93.26145
C00 624.979 93.350945
C00 650.012 94.53985
C00 675.004 95.466805
C00 700.03 96.13258
C00 725.012 96.9028
C00 750.022 97.91656
C00 774.987 99.5351
C00 799.976 99.02955
C00 824.988 98.5489
C00 850.022 97.064545
C00 869.967 94.68734
C00 875.002 93.960846
C00 899.999 87.667725
C00 919.999 80.08899
C00 925.012 76.705
C00 949.965 63.665955
C00 975.002 47.46418
C00 999.976 29.460684
C00 1025.028 14.046298
C00 1050.014 5.6775546
C00 1075.002 3.1069899
C00 1099.99 2.1703703
