lsstcam/qe_curve/r34_s22/19700101T000000.ecsv
# %ECSV 0.9
# ---
# datatype:
# - {name: amp_name, datatype: string}
# - {name: wavelength, unit: nm, datatype: float32}
# - {name: efficiency, unit: '%', datatype: float32}
# meta: !!omap
# - {MODE: AMP}
# - {TYPE: QE}
# - {CALIBDATE: '1970-01-01T00:00:00'}
# - {INSTRUME: LSSTCAM}
# - {OBSTYPE: qe_curve}
# - {DETECTOR: 161}
# - {PICKLEFILE: RaftRun12027.p}
# - {CALIB_ID: 'raftName=R34 detectorName=S22 detector=161 calibDate=1970-01-01T00:00:00 ccd=161 ccdnum=161 filter=None'}
# - {DATE: '2020-01-23T13:26:18.981331'}
# - {CALIB_CREATION_DATE: '2020-01-23'}
# - {CALIB_CREATION_TIME: '13:26:18'}
# - __serialized_columns__:
#     efficiency:
#       __class__: astropy.units.quantity.Quantity
#       unit: !astropy.units.Unit {unit: '%'}
#       value: !astropy.table.SerializedColumn {name: efficiency}
#     wavelength:
#       __class__: astropy.units.quantity.Quantity
#       unit: !astropy.units.Unit {unit: nm}
#       value: !astropy.table.SerializedColumn {name: wavelength}
# schema: astropy-2.0
amp_name wavelength efficiency
C12 319.994 43.639153
C12 324.969 49.367706
C12 349.982 75.07134
C12 374.975 81.249275
C12 400.019 86.45191
C12 424.965 87.89698
C12 450.035 89.573494
C12 475.003 90.7607
C12 500.018 93.05528
C12 525.002 95.10865
C12 550.029 95.8438
C12 575.023 97.71948
C12 599.982 98.45402
C12 619.997 98.56135
C12 624.979 98.621735
C12 650.012 99.44063
C12 675.004 99.237946
C12 700.03 99.447655
C12 725.012 99.04263
C12 750.022 99.55105
C12 774.987 99.29194
C12 799.976 98.53248
C12 824.988 96.750175
C12 850.022 94.76149
C12 869.967 91.644875
C12 875.002 90.26445
C12 899.999 82.9743
C12 919.999 74.636696
C12 925.012 72.21051
C12 949.965 58.57694
C12 975.002 43.74244
C12 999.976 26.52417
C12 1025.028 11.442012
C12 1050.014 3.988128
C12 1075.002 2.1776485
C12 1099.99 1.7543089
C10 319.994 43.986683
C10 324.969 49.76582
C10 349.982 75.557686
C10 374.975 81.53072
C10 400.019 86.576
C10 424.965 87.95881
C10 450.035 89.61814
C10 475.003 90.79367
C10 500.018 93.07924
C10 525.002 95.12195
C10 550.029 95.84536
C10 575.023 97.711754
C10 599.982 98.432396
C10 619.997 98.53572
C10 624.979 98.59236
C10 650.012 99.39791
C10 675.004 99.18632
C10 700.03 99.37767
C10 725.012 98.92176
C10 750.022 99.369774
C10 774.987 99.04892
C10 799.976 98.26874
C10 824.988 96.52434
C10 850.022 94.5758
C10 869.967 91.54413
C10 875.002 90.17084
C10 899.999 82.874115
C10 919.999 74.752884
C10 925.012 72.41601
C10 949.965 58.63064
C10 975.002 43.766956
C10 999.976 26.472366
C10 1025.028 11.348019
C10 1050.014 4.0195093
C10 1075.002 2.2259367
C10 1099.99 1.7704235
C01 319.994 41.780167
C01 324.969 47.25678
C01 349.982 71.81606
C01 374.975 78.42095
C01 400.019 85.00552
C01 424.965 87.10545
C01 450.035 89.124596
C01 475.003 90.51297
C01 500.018 92.936775
C01 525.002 95.07716
C01 550.029 95.87943
C01 575.023 97.80213
C01 599.982 98.57341
C01 619.997 98.70617
C01 624.979 98.77033
C01 650.012 99.61849
C01 675.004 99.43827
C01 700.03 99.69659
C01 725.012 99.39017
C01 750.022 100.02032
C01 774.987 99.89106
C01 799.976 99.19054
C01 824.988 97.40753
C01 850.022 95.491646
C01 869.967 92.40063
C01 875.002 90.98879
C01 899.999 83.556946
C01 919.999 75.071465
C01 925.012 72.65967
C01 949.965 59.028423
C01 975.002 44.03914
C01 999.976 26.688387
C01 1025.028 11.520726
C01 1050.014 4.0630035
C01 1075.002 2.21891
C01 1099.99 1.7745236
C16 319.994 42.725063
C16 324.969 48.332706
C16 349.982 73.73719
C16 374.975 80.39265
C16 400.019 86.08022
C16 424.965 87.715385
C16 450.035 89.476685
C16 475.003 90.709984
C16 500.018 93.03546
C16 525.002 95.11626
C16 550.029 95.87741
C16 575.023 97.7799
C16 599.982 98.53984
C16 619.997 98.66877
C16 624.979 98.733505
C16 650.012 99.5788
C16 675.004 99.384575
C16 700.03 99.56494
C16 725.012 99.02766
C16 750.022 99.35856
C16 774.987 98.92695
C16 799.976 98.10742
C16 824.988 96.36425
C16 850.022 94.26822
C16 869.967 91.183556
C16 875.002 89.793106
C16 899.999 82.74566
C16 919.999 74.338264
C16 925.012 71.972565
C16 949.965 58.51818
C16 975.002 43.336273
C16 999.976 26.320827
C16 1025.028 11.362498
C16 1050.014 4.044859
C16 1075.002 2.2052422
C16 1099.99 1.749087
C11 319.994 43.812458
C11 324.969 49.56618
C11 349.982 75.30984
C11 374.975 81.38911
C11 400.019 86.51244
C11 424.965 87.92246
C11 450.035 89.59301
C11 475.003 90.77238
C11 500.018 93.06222
C11 525.002 95.10819
C11 550.029 95.84009
C11 575.023 97.71039
C11 599.982 98.4362
C11 619.997 98.54105
C11 624.979 98.59929
C11 650.012 99.41355
C11 675.004 99.203156
C11 700.03 99.413864
C11 725.012 99.00475
C11 750.022 99.51223
C11 774.987 99.248604
C11 799.976 98.48919
C11 824.988 96.71776
C11 850.022 94.758934
C11 869.967 91.659386
C11 875.002 90.261055
C11 899.999 82.99587
C11 919.999 74.71952
C11 925.012 72.32752
C11 949.965 58.62034
C11 975.002 43.73603
C11 999.976 26.488195
C11 1025.028 11.423445
C11 1050.014 3.9989796
C11 1075.002 2.1988049
C11 1099.99 1.7610832
C02 319.994 42.02797
C02 324.969 47.535904
C02 349.982 72.21232
C02 374.975 78.724724
C02 400.019 85.13867
C02 424.965 87.162964
C02 450.035 89.147804
C02 475.003 90.51283
C02 500.018 92.9289
C02 525.002 95.059044
C02 550.029 95.85259
C02 575.023 97.76931
C02 599.982 98.53235
C02 619.997 98.66457
C02 624.979 98.73062
C02 650.012 99.569626
C02 675.004 99.388145
C02 700.03 99.65497
C02 725.012 99.37558
C02 750.022 100.04616
C02 774.987 99.95364
C02 799.976 99.26251
C02 824.988 97.48039
C02 850.022 95.58237
C02 869.967 92.48959
C02 875.002 91.075294
C02 899.999 83.61518
C02 919.999 75.12269
C02 925.012 72.69744
C02 949.965 59.043823
C02 975.002 44.086582
C02 999.976 26.73672
C02 1025.028 11.531355
C02 1050.014 4.0642443
C02 1075.002 2.2215896
C02 1099.99 1.7774246
C14 319.994 43.14228
C14 324.969 48.80477
C14 349.982 74.37001
C14 374.975 80.83211
C14 400.019 86.28089
C14 424.965 87.80818
C14 450.035 89.52732
C14 475.003 90.734085
C14 500.018 93.04683
C14 525.002 95.11123
C14 550.029 95.86296
C14 575.023 97.755806
C14 599.982 98.5075
C14 619.997 98.62687
C14 624.979 98.690994
C14 650.012 99.52559
C14 675.004 99.33093
C14 700.03 99.53104
C14 725.012 99.06827
C14 750.022 99.50081
C14 774.987 99.16986
C14 799.976 98.38535
C14 824.988 96.62426
C14 850.022 94.57672
C14 869.967 91.45543
C14 875.002 90.05738
C14 899.999 82.94459
C14 919.999 74.50115
C14 925.012 72.123344
C14 949.965 58.58487
C14 975.002 43.54927
C14 999.976 26.51377
C14 1025.028 11.423591
C14 1050.014 4.0347404
C14 1075.002 2.18558
C14 1099.99 1.7489717
C06 319.994 42.90481
C06 324.969 48.534622
C06 349.982 73.52277
C06 374.975 79.61641
C06 400.019 85.53158
C06 424.965 87.34542
C06 450.035 89.23334
C06 475.003 90.54339
C06 500.018 92.915245
C06 525.002 95.013596
C06 550.029 95.77574
C06 575.023 97.66241
C06 599.982 98.3968
C06 619.997 98.50661
C06 624.979 98.567566
C06 650.012 99.37737
C06 675.004 99.18079
C06 700.03 99.45648
C06 725.012 99.23178
C06 750.022 99.975365
C06 774.987 99.93961
C06 799.976 99.28146
C06 824.988 97.51835
C06 850.022 95.66394
C06 869.967 92.67116
C06 875.002 91.280846
C06 899.999 83.79336
C06 919.999 75.0436
C06 925.012 72.498085
C06 949.965 59.346058
C06 975.002 44.24593
C06 999.976 26.778032
C06 1025.028 11.449177
C06 1050.014 4.033724
C06 1075.002 2.2468333
C06 1099.99 1.7948827
C15 319.994 43.002903
C15 324.969 48.645657
C15 349.982 74.18012
C15 374.975 80.76349
C15 400.019 86.33012
C15 424.965 87.90193
C15 450.035 89.63916
C15 475.003 90.859245
C15 500.018 93.17835
C15 525.002 95.251465
C15 550.029 96.01045
C15 575.023 97.91075
C15 599.982 98.6679
C15 619.997 98.792656
C15 624.979 98.85773
C15 650.012 99.69518
C15 675.004 99.50242
C15 700.03 99.69297
C15 725.012 99.19068
C15 750.022 99.57056
C15 774.987 99.19119
C15 799.976 98.38748
C15 824.988 96.636086
C15 850.022 94.56541
C15 869.967 91.429565
C15 875.002 90.02881
C15 899.999 83.00657
C15 919.999 74.55896
C15 925.012 72.18688
C15 949.965 58.63414
C15 975.002 43.50138
C15 999.976 26.513624
C15 1025.028 11.434017
C15 1050.014 4.050263
C15 1075.002 2.1924706
C15 1099.99 1.7498071
C17 319.994 42.526695
C17 324.969 48.110985
C17 349.982 73.4718
C17 374.975 80.221565
C17 400.019 86.04522
C17 424.965 87.73058
C17 450.035 89.528564
C17 475.003 90.78115
C17 500.018 93.1254
C17 525.002 95.219086
C17 550.029 95.99483
C17 575.023 97.9106
C17 599.982 98.67733
C17 619.997 98.81359
C17 624.979 98.87897
C17 650.012 99.7265
C17 675.004 99.539116
C17 700.03 99.711
C17 725.012 99.14136
C17 750.022 99.423615
C17 774.987 98.95068
C17 799.976 98.10559
C17 824.988 96.3689
C17 850.022 94.24409
C17 869.967 91.12705
C17 875.002 89.72687
C17 899.999 82.78738
C17 919.999 74.364845
C17 925.012 71.98756
C17 949.965 58.471733
C17 975.002 43.263294
C17 999.976 26.329336
C17 1025.028 11.396665
C17 1050.014 4.0594373
C17 1075.002 2.2034612
C17 1099.99 1.7448786
C00 319.994 41.340813
C00 324.969 46.76494
C00 349.982 71.135704
C00 374.975 77.815056
C00 400.019 84.57205
C00 424.965 86.753204
C00 450.035 88.81558
C00 475.003 90.225494
C00 500.018 92.668144
C00 525.002 94.82081
C00 550.029 95.63624
C00 575.023 97.56409
C00 599.982 98.343285
C00 619.997 98.48445
C00 624.979 98.5506
C00 650.012 99.39901
C00 675.004 99.22478
C00 700.03 99.475426
C00 725.012 99.14689
C00 750.022 99.741295
C00 774.987 99.583115
C00 799.976 98.870445
C00 824.988 97.09397
C00 850.022 95.177574
C00 869.967 92.08929
C00 875.002 90.67058
C00 899.999 83.31433
C00 919.999 74.85058
C00 925.012 72.458824
C00 949.965 58.875618
C00 975.002 43.84649
C00 999.976 26.652445
C00 1025.028 11.518123
C00 1050.014 4.0770845
C00 1075.002 2.2147386
C00 1099.99 1.7662112
C05 319.994 42.733
C05 324.969 48.33853
C05 349.982 73.2745
C05 374.975 79.45356
C05 400.019 85.47159
C05 424.965 87.32667
C05 450.035 89.23301
C05 475.003 90.55325
C05 500.018 92.93454
C05 525.002 95.03879
C05 550.029 95.81102
C05 575.023 97.70819
C05 599.982 98.44582
C05 619.997 98.56103
C05 624.979 98.62235
C05 650.012 99.44392
C05 675.004 99.24953
C05 700.03 99.53186
C05 725.012 99.31617
C05 750.022 100.073654
C05 774.987 100.05583
C05 799.976 99.400604
C05 824.988 97.62906
C05 850.022 95.762344
C05 869.967 92.69425
C05 875.002 91.37893
C05 899.999 83.72601
C05 919.999 75.18785
C05 925.012 72.60409
C05 949.965 59.18367
C05 975.002 44.42113
C05 999.976 26.6469
C05 1025.028 11.469908
C05 1050.014 4.0226636
C05 1075.002 2.2307184
C05 1099.99 1.787945
C04 319.994 42.42407
C04 324.969 47.9886
C04 349.982 72.7937
C04 374.975 79.072365
C04 400.019 85.2149
C04 424.965 87.1214
C04 450.035 89.04976
C04 475.003 90.38357
C04 500.018 92.77092
C04 525.002 94.88101
C04 550.029 95.65834
C04 575.023 97.55663
C04 599.982 98.30453
C04 619.997 98.42354
C04 624.979 98.48602
C04 650.012 99.31137
C04 675.004 99.125
C04 700.03 99.401764
C04 725.012 99.17314
C04 750.022 99.91142
C04 774.987 99.877
C04 799.976 99.218575
C04 824.988 97.43684
C04 850.022 95.553474
C04 869.967 92.50652
C04 875.002 91.078
C04 899.999 83.63773
C04 919.999 74.91288
C04 925.012 72.50179
C04 949.965 59.08889
C04 975.002 44.127827
C04 999.976 26.812681
C04 1025.028 11.492633
C04 1050.014 4.014786
C04 1075.002 2.2164307
C04 1099.99 1.7794377
C07 319.994 42.940765
C07 324.969 48.576984
C07 349.982 73.55228
C07 374.975 79.54531
C07 400.019 85.350464
C07 424.965 87.12309
C07 450.035 88.9911
C07 475.003 90.28674
C07 500.018 92.646866
C07 525.002 94.73424
C07 550.029 95.48628
C07 575.023 97.36148
C07 599.982 98.08864
C07 619.997 98.19401
C07 624.979 98.25113
C07 650.012 99.0592
C07 675.004 98.85085
C07 700.03 99.10893
C07 725.012 98.84833
C07 750.022 99.52955
C07 774.987 99.434425
C07 799.976 98.758484
C07 824.988 97.020325
C07 850.022 95.20239
C07 869.967 92.26247
C07 875.002 90.84624
C07 899.999 83.45473
C07 919.999 74.81474
C07 925.012 72.398865
C07 949.965 59.162617
C07 975.002 43.99565
C07 999.976 26.712435
C07 1025.028 11.40942
C07 1050.014 4.0773215
C07 1075.002 2.2680316
C07 1099.99 1.8008101
C13 319.994 43.343304
C13 324.969 49.035084
C13 349.982 74.635605
C13 374.975 80.92405
C13 400.019 86.22425
C13 424.965 87.70126
C13 450.035 89.39388
C13 475.003 90.589165
C13 500.018 92.88796
C13 525.002 94.94127
C13 550.029 95.68079
C13 575.023 97.563
C13 599.982 98.30092
C13 619.997 98.41778
C13 624.979 98.47536
C13 650.012 99.298996
C13 675.004 99.10214
C13 700.03 99.30939
C13 725.012 98.88114
C13 750.022 99.35896
C13 774.987 99.06978
C13 799.976 98.30128
C13 824.988 96.5276
C13 850.022 94.51257
C13 869.967 91.3792
C13 875.002 89.989
C13 899.999 82.82542
C13 919.999 74.40061
C13 925.012 72.019104
C13 949.965 58.44333
C13 975.002 43.57348
C13 999.976 26.494469
C13 1025.028 11.414873
C13 1050.014 4.003656
C13 1075.002 2.1693065
C13 1099.99 1.7450494
C03 319.994 42.205616
C03 324.969 47.74203
C03 349.982 72.47592
C03 374.975 78.88571
C03 400.019 85.17575
C03 424.965 87.14902
C03 450.035 89.11194
C03 475.003 90.465195
C03 500.018 92.86715
C03 525.002 94.99256
C03 550.029 95.77871
C03 575.023 97.68927
C03 599.982 98.447876
C03 619.997 98.57536
C03 624.979 98.63328
C03 650.012 99.470184
C03 675.004 99.28768
C03 700.03 99.55923
C03 725.012 99.30821
C03 750.022 100.01267
C03 774.987 99.95354
C03 799.976 99.281654
C03 824.988 97.49383
C03 850.022 95.60731
C03 869.967 92.52954
C03 875.002 91.116585
C03 899.999 83.63432
C03 919.999 75.08989
C03 925.012 72.6504
C03 949.965 59.080585
C03 975.002 44.143105
C03 999.976 26.73505
C03 1025.028 11.511566
C03 1050.014 4.0440054
C03 1075.002 2.2176576
C03 1099.99 1.7774321
