lsstCam/transmission_filter_detector/r32_s00/i_39/19700101T000000.ecsv
# %ECSV 1.0
# ---
# datatype:
# - {name: wavelength, unit: nm, datatype: float32}
# - {name: efficiency, unit: '%', datatype: float64}
# meta: !!omap
# - {MODE: DETECTOR}
# - {TYPE: transmission_filter_detector}
# - {CALIBDATE: '1970-01-01T00:00:00'}
# - {INSTRUME: LSSTCam}
# - {OBSTYPE: transmission_filter_detector}
# - {CALIBCLS: lsst.ip.isr.IntermediateFilterDetectorTransmissionCurve}
# - {SOURCE: Materion (DM-46256)}
# - {DETECTOR: 135}
# - {FILTER: i_39}
# - {CALIB_ID: 'calibDate=1970-01-01T00:00:00 filter=i_39 detector=135'}
# - {DATE: '2025-04-02T15:59:47.105014'}
# - {CALIB_CREATION_DATE: '2025-04-02'}
# - {CALIB_CREATION_TIME: '15:59:47'}
# - __serialized_columns__:
#     efficiency:
#       __class__: astropy.units.quantity.Quantity
#       unit: !astropy.units.Unit {unit: '%'}
#       value: !astropy.table.SerializedColumn {name: efficiency}
#     wavelength:
#       __class__: astropy.units.quantity.Quantity
#       unit: !astropy.units.Unit {unit: nm}
#       value: !astropy.table.SerializedColumn {name: wavelength}
# schema: astropy-2.0
wavelength efficiency
300.0 1.582028128291335e-10
301.0 1.582028128291335e-10
302.0 1.582028128291335e-10
303.0 4.236595998463599e-05
304.0 0.0032906733395066112
305.0 0.007722222653683275
306.0 0.012153770512668416
307.0 0.010623061825754121
308.0 0.009092353866435587
309.0 0.009626833343645558
310.0 0.010161312093259767
311.0 0.0036429144529392943
312.0 1.582028128291335e-10
313.0 1.582028128291335e-10
314.0 1.582028128291335e-10
315.0 1.582028128291335e-10
316.0 1.582028128291335e-10
317.0 0.0036451881896937266
318.0 0.00774953150539659
319.0 0.007139346416806802
320.0 0.006529162055812776
321.0 0.004203880962450057
322.0 0.0018785989595926367
323.0 0.003553515489329584
324.0 0.005228430018178187
325.0 0.0016152305761352181
326.0 1.582028128291335e-10
327.0 1.582028128291335e-10
328.0 1.582028128291335e-10
329.0 0.0005190241154195974
330.0 0.002133981615770608
331.0 0.002982342994073406
332.0 0.003830704008578323
333.0 0.0029264134354889393
334.0 0.0020221232261974365
335.0 0.00120518825497129
336.0 0.0003882534656440839
337.0 0.00033801245535869384
338.0 0.0002877712176996283
339.0 0.0008679849088366609
340.0 0.0014481985999736935
341.0 0.001133798014052445
342.0 0.0008193974281311966
343.0 0.001171219082607422
344.0 0.0015230409189825878
345.0 0.0011441055903560482
346.0 0.0007651702617295086
347.0 1.582028128291335e-10
348.0 1.582028128291335e-10
349.0 1.582028128291335e-10
350.0 0.001307591810473241
351.0 0.0005592029083345551
352.0 1.582028128291335e-10
353.0 1.582028128291335e-10
354.0 1.582028128291335e-10
355.0 1.582028128291335e-10
356.0 0.00044030039134668186
357.0 0.0004999409611627925
358.0 0.0005595814855041681
359.0 0.00015042102177176275
360.0 1.582028128291335e-10
361.0 1.582028128291335e-10
362.0 1.582028128291335e-10
363.0 1.582028128291335e-10
364.0 1.582028128291335e-10
365.0 1.582028128291335e-10
366.0 1.582028128291335e-10
367.0 0.00014168513189360965
368.0 0.000748947149986634
369.0 0.0004677087417803705
370.0 0.0001864704245235771
371.0 0.00034521447105362313
372.0 0.0005039585175836692
373.0 0.00022753474695491605
374.0 1.582028128291335e-10
375.0 0.0003556025603757007
376.0 0.0007600943717989139
377.0 0.00043463255678943824
378.0 0.0001091708440981165
379.0 0.0004171095042693196
380.0 0.000725047948435531
381.0 7.182728154475626e-05
382.0 1.582028128291335e-10
383.0 1.582028128291335e-10
384.0 0.0001028029146254994
385.0 0.00021601508706226014
386.0 0.00032922735044849105
387.0 6.428727488128061e-05
388.0 1.582028128291335e-10
389.0 1.582028128291335e-10
390.0 1.582028128291335e-10
391.0 1.582028128291335e-10
392.0 1.582028128291335e-10
393.0 1.582028128291335e-10
394.0 6.935436545063567e-05
395.0 0.0003495985083645792
396.0 0.0006298427251749672
397.0 0.0010459991244715638
398.0 0.0014621556147176307
399.0 0.0014914504390617367
400.0 0.0015207452634058427
401.0 0.0022472213458968326
402.0 0.0029736967917415313
403.0 0.003845962055493146
404.0 0.004718227501143701
405.0 0.00295877325697802
406.0 0.0011993190128123388
407.0 0.0027361782485968433
408.0 0.004273037484381348
409.0 0.004394921779748984
410.0 0.004516805711318739
411.0 0.005789058195659891
412.0 0.007061310316203162
413.0 0.005769053677795455
414.0 0.004476796675589867
415.0 0.0033541036827955395
416.0 0.002231410144304391
417.0 0.0034162287192884833
418.0 0.004601047112373635
419.0 0.0038407266401918605
420.0 0.003080404712818563
421.0 0.0039421109249815345
422.0 0.004803817500942387
423.0 0.005149901699041948
424.0 0.005495986988535151
425.0 0.005920900002820417
426.0 0.006345813017105684
427.0 0.005493228309205733
428.0 0.004640643237507902
429.0 0.0041615101508796215
430.0 0.003682377064251341
431.0 0.0033977466955548152
432.0 0.0031131166906561702
433.0 0.002664457861101255
434.0 0.0022157992134452797
435.0 0.0019942772269132547
436.0 0.0017727550584822893
437.0 0.001463836815673858
438.0 0.001154918754764367
439.0 0.0011371299478923902
440.0 0.001119340868172003
441.0 0.0015152447303989902
442.0 0.0019111486835754476
443.0 0.0019017748854821548
444.0 0.0018924009054899216
445.0 0.0014379319509316701
446.0 0.0009834629963734187
447.0 0.000697848190611694
448.0 0.0004122333393752342
449.0 0.0004581603661790723
450.0 0.0005040873020334402
451.0 0.0005591604804067174
452.0 0.0006142335678305244
453.0 0.000916904718906153
454.0 0.0012195756426081061
455.0 0.0012627084288396873
456.0 0.0013058411241217982
457.0 0.000841027849673992
458.0 0.0003762144615393481
459.0 0.0005783294909633696
460.0 0.0007804445885994937
461.0 0.0006223028776730644
462.0 0.0004641611212718999
463.0 0.00047322464524768293
464.0 0.00048228812374873087
465.0 0.00039084593481675256
466.0 0.00029940374588477425
467.0 0.0004978862762072822
468.0 0.0006963688065297902
469.0 0.0007203064797067782
470.0 0.0007442441983585013
471.0 0.0008053219971770886
472.0 0.0008664001143188216
473.0 0.0008729475666768849
474.0 0.0008794951099844184
475.0 0.0006271600341278827
476.0 0.0003748248673218768
477.0 0.0003310076181151089
478.0 0.00028719020974676823
479.0 0.0012447104381863028
480.0 0.00220223082578741
481.0 0.0026604215236147866
482.0 0.0031186125852400437
483.0 0.004389532477944158
484.0 0.005660452370648272
485.0 0.007411764090647921
486.0 0.009163073991658166
487.0 0.011283405183348805
488.0 0.013403734192252159
489.0 0.01612924097571522
490.0 0.018854750669561327
491.0 0.02138057170668617
492.0 0.02390639274381101
493.0 0.025089530390687287
494.0 0.026272670947946608
495.0 0.023425419931299984
496.0 0.020578167459461838
497.0 0.016940428758971393
498.0 0.013302690058480948
499.0 0.00921108148759231
500.0 0.005119475827086717
501.0 0.0037272297049639747
502.0 0.002334982855245471
503.0 0.002120934550475795
504.0 0.0019068860638071783
505.0 0.0020426206901902333
506.0 0.0021783553165732883
507.0 0.0023331051124841906
508.0 0.0024878547264961526
509.0 0.0023670081645832397
510.0 0.0022461614207713865
511.0 0.0020023653632961214
512.0 0.001758569669618737
513.0 0.0018211705537396483
514.0 0.0018837719835573807
515.0 0.002004435009439476
516.0 0.0021250982172205113
517.0 0.002222401053586509
518.0 0.0023197042537503876
519.0 0.002186061828979291
520.0 0.002052419222309254
521.0 0.0019468332538963296
522.0 0.0018412469216855243
523.0 0.0016252921341219917
524.0 0.001409337255608989
525.0 0.002058024620055221
526.0 0.002706711893551983
527.0 0.002776557084871456
528.0 0.0028464024580898695
529.0 0.00262989524344448
530.0 0.00241338784690015
531.0 0.0021285988623276353
532.0 0.001843810241553001
533.0 0.0017499536625109613
534.0 0.0016560974472668022
535.0 0.0018591481421026401
536.0 0.0020621986550395377
537.0 0.0028303746148594655
538.0 0.0035985500289825723
539.0 0.004227024692227133
540.0 0.004855499719269574
541.0 0.005178933861316182
542.0 0.0055023683671606705
543.0 0.0051985094614792615
544.0 0.004894650555797853
545.0 0.0039025464502628893
546.0 0.002910442344727926
547.0 0.002318164479220286
548.0 0.0017258869775105268
549.0 0.0015652054571546614
550.0 0.0014045241186977364
551.0 0.0015330000678659417
552.0 0.001661476017034147
553.0 0.0016450301700388081
554.0 0.0016285843230434693
555.0 0.0011443781659181695
556.0 0.0006601720087928697
557.0 0.0007249883765325649
558.0 0.00078980474427226
559.0 0.0006518356258311542
560.0 0.0005138665983395185
561.0 0.0011429830010456499
562.0 0.0017720996766001917
563.0 0.0016771324226283468
564.0 0.001582165168656502
565.0 0.0014574113265553024
566.0 0.001332657575403573
567.0 0.001000870906864293
568.0 0.0006690842837997479
569.0 0.0007276397809619084
570.0 0.000786195323598804
571.0 0.0006748876785422908
572.0 0.0005635798970615724
573.0 0.0006349329396471148
574.0 0.0007062859822326573
575.0 0.0005869769211130915
576.0 0.00046766795094299596
577.0 0.00045527876864071004
578.0 0.0004428897227626294
579.0 0.0004294867267162772
580.0 0.00041608391256886534
581.0 0.0004470140083867591
582.0 0.000477944195154123
583.0 0.0005217213583819102
584.0 0.0005654985216096975
585.0 0.000563292405786342
586.0 0.0005610864263871918
587.0 0.0005844031875312794
588.0 0.000607719948675367
589.0 0.0006556686457770411
590.0 0.0007036174338281853
591.0 0.0005733681518904632
592.0 0.0004431188699527411
593.0 0.0005397180757427122
594.0 0.0006363172360579483
595.0 0.0004503322998061776
596.0 0.0002643473180796718
597.0 0.00039566320992889814
598.0 0.0005269791017781245
599.0 0.00037447980503202416
600.0 0.0002219805764980265
601.0 0.0002580798991402844
602.0 0.0002941792217825423
603.0 0.00025329075015179114
604.0 0.00021240230125840753
605.0 0.0001367472918900603
606.0 6.109227683737117e-05
607.0 0.0002977568556161714
608.0 0.0005344214514479972
609.0 0.0005139491804584395
610.0 0.0004934768639941467
611.0 0.0004738973530038493
612.0 0.0004543177055893466
613.0 0.000469756878374028
614.0 0.00048519609663344454
615.0 0.0004490258561418159
616.0 0.00041285566112492234
617.0 0.00040445443119097035
618.0 0.00039605320125701837
619.0 0.0003250779400332249
620.0 0.000254102747021534
621.0 0.00021727905732404906
622.0 0.00018045540173261543
623.0 0.00033277262900810456
624.0 0.0004850898221775424
625.0 0.000344248201145092
626.0 0.00020340662558737677
627.0 0.00030819649055047194
628.0 0.000412986310038832
629.0 0.00036299065868661273
630.0 0.00031299496185965836
631.0 0.000400811495637754
632.0 0.0004886278475169092
633.0 0.00043304198698024265
634.0 0.0003774559900193708
635.0 0.0003875318725476973
636.0 0.00039760780055075884
637.0 0.0004518599780567456
638.0 0.0005061121100879973
639.0 0.0006080309503886383
640.0 0.0007099497906892793
641.0 0.0006613702680624556
642.0 0.0006127907454356318
643.0 0.0006043602752470179
644.0 0.000595929850533139
645.0 0.0006896017112012487
646.0 0.0007832736628188286
647.0 0.0007003839982644422
648.0 0.0006174943337100558
649.0 0.0007311478384508519
650.0 0.0008448014341411181
651.0 0.0008976275239547249
652.0 0.0009504536137683317
653.0 0.0009483890607953072
654.0 0.0009463245987717528
655.0 0.0013819862942909822
656.0 0.0018176478988607414
657.0 0.0028550828574225307
658.0 0.003892517270287499
659.0 0.00634374373476021
660.0 0.03748730232473463
661.0 0.15262553934007883
662.0 0.09784093126654625
663.0 0.16720287967473269
664.0 0.0820375804323703
665.0 0.1280222088098526
666.0 0.16711734933778644
667.0 0.2731061540544033
668.0 0.22912840358912945
669.0 0.33891035709530115
670.0 0.48779500648379326
671.0 0.7802936248481274
672.0 1.2217131443321705
673.0 1.9182275980710983
674.0 2.733173780143261
675.0 3.742033988237381
676.0 4.909310862421989
677.0 6.286756694316864
678.0 7.701636850833893
679.0 9.322801977396011
680.0 11.489345133304596
681.0 13.727152347564697
682.0 16.366827487945557
683.0 19.16235238313675
684.0 22.145824134349823
685.0 25.06941258907318
686.0 28.116104006767273
687.0 31.46224021911621
688.0 35.004955530166626
689.0 38.688766956329346
690.0 42.82127618789673
691.0 47.46302664279938
692.0 52.749377489089966
693.0 58.41963291168213
694.0 64.60625529289246
695.0 70.29322981834412
696.0 76.48638486862183
697.0 81.7960262298584
698.0 87.14257478713989
699.0 90.85983633995056
700.0 93.55105757713318
701.0 95.43375968933105
702.0 96.6046392917633
703.0 97.28837609291077
704.0 97.47753143310547
705.0 97.81059622764587
706.0 97.77811169624329
707.0 97.83381223678589
708.0 97.84383177757263
709.0 97.84377217292786
710.0 97.70879745483398
711.0 97.948157787323
712.0 97.86832332611084
713.0 97.93995022773743
714.0 98.09780716896057
715.0 98.13403487205505
716.0 97.92317152023315
717.0 98.11487197875977
718.0 98.08079600334167
719.0 98.10740947723389
720.0 98.17349314689636
721.0 98.1078565120697
722.0 97.78847098350525
723.0 97.47307300567627
724.0 97.11081385612488
725.0 97.01688885688782
726.0 96.7555820941925
727.0 96.68692946434021
728.0 96.44005298614502
729.0 96.31044268608093
730.0 96.46691679954529
731.0 96.53100371360779
732.0 96.66470885276794
733.0 97.00791239738464
734.0 97.3248541355133
735.0 97.52405881881714
736.0 97.92920351028442
737.0 98.27337861061096
738.0 98.33933115005493
739.0 98.70394468307495
740.0 98.79394173622131
741.0 98.67106676101685
742.0 98.79729747772217
743.0 98.63237142562866
744.0 98.52262139320374
745.0 98.53845238685608
746.0 98.54750633239746
747.0 98.77879023551941
748.0 98.63424301147461
749.0 98.52797985076904
750.0 98.45685362815857
751.0 98.40205311775208
752.0 98.28053116798401
753.0 98.5701858997345
754.0 98.47424626350403
755.0 98.54170083999634
756.0 98.59318733215332
757.0 98.64558577537537
758.0 98.68343472480774
759.0 98.77402782440186
760.0 98.66188764572144
761.0 98.64174127578735
762.0 98.72804880142212
763.0 98.66990447044373
764.0 98.53869676589966
765.0 98.46646785736084
766.0 98.42180013656616
767.0 98.28096628189087
768.0 98.31268191337585
769.0 98.14728498458862
770.0 98.01051020622253
771.0 97.97022342681885
772.0 97.99632430076599
773.0 97.98712134361267
774.0 97.75059223175049
775.0 97.79317378997803
776.0 97.79109358787537
777.0 97.86024689674377
778.0 98.00099730491638
779.0 98.03757071495056
780.0 97.94968366622925
781.0 98.37678074836731
782.0 98.42395186424255
783.0 98.46190810203552
784.0 98.44987392425537
785.0 98.55902194976807
786.0 98.68772625923157
787.0 98.34854006767273
788.0 98.44117164611816
789.0 98.52835536003113
790.0 98.47444295883179
791.0 98.50055575370789
792.0 98.24477434158325
793.0 98.13436269760132
794.0 98.06408286094666
795.0 97.89011478424072
796.0 97.90778756141663
797.0 97.96820282936096
798.0 97.87415266036987
799.0 97.72676825523376
800.0 97.5026547908783
801.0 97.3714530467987
802.0 97.16683626174927
803.0 96.75214886665344
804.0 96.16016149520874
805.0 95.13180255889893
806.0 94.16344165802002
807.0 92.55356192588806
808.0 90.75748920440674
809.0 88.720703125
810.0 86.3416850566864
811.0 83.39152336120605
812.0 80.05819320678711
813.0 76.36903524398804
814.0 72.25063443183899
815.0 67.82658100128174
816.0 63.458043336868286
817.0 58.81115794181824
818.0 54.01674509048462
819.0 49.8509556055069
820.0 44.999995827674866
821.0 40.56709408760071
822.0 36.11268699169159
823.0 31.456297636032104
824.0 26.823267340660095
825.0 22.580239176750183
826.0 18.20392608642578
827.0 13.911987841129303
828.0 10.233104974031448
829.0 7.074519246816635
830.0 4.4102780520915985
831.0 2.7931176126003265
832.0 1.6089605167508125
833.0 0.9054585359990597
834.0 0.5523810628801584
835.0 0.31816051341593266
836.0 0.18284291727468371
837.0 0.09323233971372247
838.0 0.056392670376226306
839.0 0.017513184866402298
840.0 0.011165310570504516
841.0 0.003976752486778423
842.0 1.582028128291335e-10
843.0 1.582028128291335e-10
844.0 1.582028128291335e-10
845.0 1.582028128291335e-10
846.0 0.025763208395801485
847.0 1.582028128291335e-10
848.0 1.582028128291335e-10
849.0 1.582028128291335e-10
850.0 1.582028128291335e-10
851.0 0.001197382607642794
852.0 0.0020956204025424086
853.0 0.0015448120393557474
854.0 0.0009940038580680266
855.0 0.00048721908569859806
856.0 1.582028128291335e-10
857.0 0.00017416072068954236
858.0 0.0003678869916257099
859.0 7.520256986026652e-05
860.0 1.582028128291335e-10
861.0 1.582028128291335e-10
862.0 1.582028128291335e-10
863.0 1.582028128291335e-10
864.0 1.582028128291335e-10
865.0 1.582028128291335e-10
866.0 1.582028128291335e-10
867.0 1.582028128291335e-10
868.0 1.582028128291335e-10
869.0 1.582028128291335e-10
870.0 4.0634398601469e-05
871.0 3.593736721541063e-05
872.0 3.124031309198472e-05
873.0 5.5024651146595716e-05
874.0 7.880900056989049e-05
875.0 1.582028128291335e-10
876.0 1.582028128291335e-10
877.0 1.582028128291335e-10
878.0 5.0443355803508894e-05
879.0 3.537208499437838e-05
880.0 2.0300872449752205e-05
881.0 2.3348803779299487e-05
882.0 2.639676495164167e-05
883.0 1.582028128291335e-10
884.0 1.582028128291335e-10
885.0 1.582028128291335e-10
886.0 2.045925100446766e-05
887.0 1.582028128291335e-10
888.0 1.582028128291335e-10
889.0 1.582028128291335e-10
890.0 3.140488047392864e-05
891.0 1.5214951076814032e-05
892.0 1.582028128291335e-10
893.0 1.582028128291335e-10
894.0 1.582028128291335e-10
895.0 1.582028128291335e-10
896.0 1.582028128291335e-10
897.0 1.582028128291335e-10
