lsstCam/transmission_filter_detector/r32_s00/i_39/19700101T000000.ecsv
# %ECSV 1.0
# ---
# datatype:
# - {name: wavelength, unit: nm, datatype: float32}
# - {name: efficiency, unit: '%', datatype: float64}
# meta: !!omap
# - {MODE: DETECTOR}
# - {TYPE: transmission_filter_detector}
# - {CALIBDATE: '1970-01-01T00:00:00'}
# - {INSTRUME: LSSTCam}
# - {OBSTYPE: transmission_filter_detector}
# - {CALIBCLS: lsst.ip.isr.IntermediateFilterDetectorTransmissionCurve}
# - {SOURCE: Materion (DM-46256)}
# - {DETECTOR: 135}
# - {FILTER: i_39}
# - {CALIB_ID: 'calibDate=1970-01-01T00:00:00 filter=i_39 detector=135'}
# - {DATE: '2025-04-02T15:59:47.105014'}
# - {CALIB_CREATION_DATE: '2025-04-02'}
# - {CALIB_CREATION_TIME: '15:59:47'}
# - __serialized_columns__:
#     efficiency:
#       __class__: astropy.units.quantity.Quantity
#       unit: !astropy.units.Unit {unit: '%'}
#       value: !astropy.table.SerializedColumn {name: efficiency}
#     wavelength:
#       __class__: astropy.units.quantity.Quantity
#       unit: !astropy.units.Unit {unit: nm}
#       value: !astropy.table.SerializedColumn {name: wavelength}
# schema: astropy-2.0
wavelength efficiency
[from data line 599]
899.0 1.582028128291335e-10
900.0 1.582028128291335e-10
901.0 1.582028128291335e-10
902.0 1.582028128291335e-10
903.0 1.582028128291335e-10
904.0 1.582028128291335e-10
905.0 6.9013879056001315e-06
906.0 7.014045877440367e-05
907.0 1.582028128291335e-10
908.0 1.582028128291335e-10
909.0 1.582028128291335e-10
910.0 0.00014679577589049586
911.0 5.4082380529507645e-05
912.0 1.582028128291335e-10
913.0 1.582028128291335e-10
914.0 1.582028128291335e-10
915.0 1.582028128291335e-10
916.0 1.582028128291335e-10
917.0 1.582028128291335e-10
918.0 1.582028128291335e-10
919.0 1.582028128291335e-10
920.0 1.6515016909579572e-05
921.0 5.5983122138059116e-05
922.0 9.545121884002583e-05
923.0 8.027884632610949e-05
924.0 6.510645675916749e-05
925.0 3.77735659640166e-05
926.0 1.0440673037237502e-05
927.0 1.582028128291335e-10
928.0 1.582028128291335e-10
929.0 1.582028128291335e-10
930.0 7.937738359942159e-05
931.0 4.320253665923701e-06
932.0 1.582028128291335e-10
933.0 1.582028128291335e-10
934.0 1.582028128291335e-10
935.0 1.4476704279786645e-05
936.0 0.00010375003967055818
937.0 8.772486239649879e-05
938.0 7.16996453320462e-05
939.0 1.582028128291335e-10
940.0 1.582028128291335e-10
941.0 1.582028128291335e-10
942.0 0.00020589513951563276
943.0 0.00018039322640106548
944.0 0.00015489129054913064
945.0 1.582028128291335e-10
946.0 1.582028128291335e-10
947.0 1.582028128291335e-10
948.0 3.1413378565048333e-06
949.0 1.582028128291335e-10
950.0 1.582028128291335e-10
951.0 5.886047347303247e-05
952.0 0.00016044681387938908
953.0 3.856326316054037e-05
954.0 1.582028128291335e-10
955.0 1.582028128291335e-10
956.0 1.582028128291335e-10
957.0 9.075941775904539e-07
958.0 3.9368333659695054e-05
959.0 7.819270990694349e-05
960.0 0.00011701708899636287
961.0 8.837624250190856e-05
962.0 5.97353789544286e-05
963.0 0.0002099203811667394
964.0 0.0003601054231694434
965.0 0.00023278946628124686
966.0 0.00010547353213041788
967.0 1.582028128291335e-10
968.0 1.582028128291335e-10
969.0 1.582028128291335e-10
970.0 1.582028128291335e-10
971.0 1.582028128291335e-10
972.0 1.582028128291335e-10
973.0 1.7145814013019844e-05
974.0 0.00013045663536104257
975.0 6.454603749261878e-05
976.0 1.582028128291335e-10
977.0 9.416073112333834e-05
978.0 0.0001896860226224817
979.0 4.660973047521111e-05
980.0 1.582028128291335e-10
981.0 1.582028128291335e-10
982.0 1.582028128291335e-10
983.0 1.582028128291335e-10
984.0 1.582028128291335e-10
985.0 1.582028128291335e-10
986.0 1.582028128291335e-10
987.0 1.582028128291335e-10
988.0 1.582028128291335e-10
989.0 1.582028128291335e-10
990.0 1.582028128291335e-10
991.0 0.0001534212628939713
992.0 0.00030975675144873094
993.0 0.00014558256680174964
994.0 1.582028128291335e-10
995.0 6.517717565657222e-05
996.0 0.00014894595778969233
997.0 9.158748639492842e-05
998.0 3.422898657845508e-05
999.0 4.8645227934684954e-05
1000.0 6.306142381617974e-05
1001.0 0.0002462002839820343
1002.0 0.00042933911572617944
1003.0 0.00029434550015139394
1004.0 0.00015935186183924088
1005.0 0.00013943401881988393
1006.0 0.00011951611895710812
1007.0 5.168971597413474e-05
1008.0 1.582028128291335e-10
1009.0 0.00016100647144412505
1010.0 0.0003381496071597212
1011.0 0.0002598815171950264
1012.0 0.00018161343859901535
1013.0 0.00017132332459368627
1014.0 0.00016103321058835718
1015.0 0.00018812944517776486
1016.0 0.0002152257366105914
1017.0 0.00021304524580045836
1018.0 0.00021086477772769285
1019.0 7.617297796969069e-05
1020.0 1.582028128291335e-10
1021.0 6.929802225386084e-05
1022.0 0.00019711487766471691
1023.0 0.00017431711967219599
1024.0 0.00015151939578572637
1025.0 0.00020088223209313583
1026.0 0.0002502451479813317
1027.0 0.00041570906432752963
1028.0 0.0005811729806737276
1029.0 0.0009016493095259648
1030.0 0.001222125592903467
1031.0 0.001644125222810544
1032.0 0.0020661245798692107
1033.0 0.0023327957023866475
1034.0 0.002599466824904084
1035.0 0.003008002749993466
1036.0 0.0034165383112849668
1037.0 0.003344606375321746
1038.0 0.003272674439358525
1039.0 0.0031202438549371436
1040.0 0.002967813088616822
1041.0 0.00289572672045324
1042.0 0.0028236405341885984
1043.0 0.0031593284802511334
1044.0 0.0034950164263136685
1045.0 0.003175648453179747
1046.0 0.002856280298146885
1047.0 0.0029455783078446984
1048.0 0.0030348761356435716
1049.0 0.0026913779947790317
1050.0 0.002347879853914492
1051.0 0.0019795277694356628
1052.0 0.001611175866855774
1053.0 0.0013758334716840181
1054.0 0.0011404908946133219
1055.0 0.0009286955901188776
1056.0 0.0007169003310991684
1057.0 0.0005425740255304845
1058.0 0.0003682478791233734
1059.0 0.0007880048542574514
1060.0 0.0012077618521288969
1061.0 0.001047122168529313
1062.0 0.0008864826668286696
1063.0 0.001602413431101013
1064.0 0.002318344013474416
1065.0 0.00304482728097355
1066.0 0.0037713103665737435
1067.0 0.0044326567149255425
1068.0 0.005094003427075222
1069.0 0.004606754737324081
1070.0 0.00411950568377506
1071.0 0.003968463715864345
1072.0 0.0038174213841557503
1073.0 0.003208580528735183
1074.0 0.002599740037112497
1075.0 0.002814212166413199
1076.0 0.003028684477612842
1077.0 0.002570145261415746
1078.0 0.0021116060452186503
1079.0 0.0021936988559900783
1080.0 0.0022757916667615063
1081.0 0.0012982172847841866
1082.0 0.00032064322113001253
1083.0 0.00031285881050280295
1084.0 0.00030507453629979864
1085.0 0.0004683951374317985
1086.0 0.0006317158749880036
1087.0 0.0006418047632905655
1088.0 0.0006518937425425975
1089.0 0.00025970164188038325
1090.0 1.582028128291335e-10
1091.0 7.947927542772959e-05
1092.0 0.0002914490323746577
1093.0 0.0001561939257044287
1094.0 2.0938652767199528e-05
1095.0 1.582028128291335e-10
1096.0 1.582028128291335e-10
1097.0 1.582028128291335e-10
1098.0 1.582028128291335e-10
1099.0 0.00040462177821609657
1100.0 0.0014857874703011476
