lsstCam/transmission_sensor/r32_s11/19700101T000000.ecsv
# %ECSV 1.0
# ---
# datatype:
# - {name: amp_name, datatype: string}
# - {name: wavelength, unit: nm, datatype: float32}
# - {name: efficiency, unit: '%', datatype: float64}
# meta: !!omap
# - {MODE: AMP}
# - {TYPE: transmission_sensor}
# - {CALIBDATE: '1970-01-01T00:00:00'}
# - {INSTRUME: LSSTCAM}
# - {OBSTYPE: transmission_sensor}
# - {DETECTOR: 139}
# - {PARQUETFILE: qe_raft_allvalues_nircorrected_20230725.parquet}
# - {CALIBCLS: lsst.ip.isr.IntermediateSensorTransmissionCurve}
# - {CALIB_ID: 'raftName=R32 detectorName=S11 detector=139 calibDate=1970-01-01T00:00:00 ccd=139 ccdnum=139 filter=None'}
# - {DATE: '2023-08-02T16:57:55.984355'}
# - {CALIB_CREATION_DATE: '2023-08-02'}
# - {CALIB_CREATION_TIME: '16:57:55'}
# - __serialized_columns__:
#     efficiency:
#       __class__: astropy.units.quantity.Quantity
#       unit: !astropy.units.Unit {unit: '%'}
#       value: !astropy.table.SerializedColumn {name: efficiency}
#     wavelength:
#       __class__: astropy.units.quantity.Quantity
#       unit: !astropy.units.Unit {unit: nm}
#       value: !astropy.table.SerializedColumn {name: wavelength}
# schema: astropy-2.0
amp_name wavelength efficiency
C00 319.992 48.876991271972656
C00 330.006 51.00276184082031
C00 349.994 71.32298278808594
C00 370.001 77.5340347290039
C00 400.009 84.23184204101562
C00 429.983 86.6349105834961
C00 449.989 87.8587646484375
C00 469.993 89.14569854736328
C00 500.016 91.48760223388672
C00 549.99 94.51331329345703
C00 569.998 95.69438171386719
C00 599.983 96.92019653320312
C00 630.013 97.3337173461914
C00 649.987 97.82576751708984
C00 670.017 97.8913803100586
C00 699.987 97.91362762451172
C00 720.012 97.36212921142578
C00 749.995 96.8224868774414
C00 770.007 96.32759857177734
C00 800.008 95.4338150024414
C00 830.013 93.74430847167969
C00 869.994 89.1624755859375
C00 900.005 81.3707504272461
C00 919.989 74.50514221191406
C00 959.989 53.501243591308594
C00 1000.013 27.628755569458008
C00 1030.002 11.638045310974121
C00 1049.996 5.791433334350586
C00 1080.005 0.6712222169674817
C00 1100.007 0.0913071378171717
C01 319.992 48.95935821533203
C01 330.006 51.08060073852539
C01 349.994 71.38846588134766
C01 370.001 77.56487274169922
C01 400.009 84.29781341552734
C01 429.983 86.72650146484375
C01 449.989 87.96055603027344
C01 469.993 89.25479125976562
C01 500.016 91.60629272460938
C01 549.99 94.63409423828125
C01 569.998 95.81924438476562
C01 599.983 97.04290771484375
C01 630.013 97.45040893554688
C01 649.987 97.9467544555664
C01 670.017 98.00823211669922
C01 699.987 98.025634765625
C01 720.012 97.47555541992188
C01 749.995 96.93233489990234
C01 770.007 96.44122314453125
C01 800.008 95.54569244384766
C01 830.013 93.87543487548828
C01 869.994 89.288330078125
C01 900.005 81.5848617553711
C01 919.989 74.7103271484375
C01 959.989 53.68833541870117
C01 1000.013 27.771888732910156
C01 1030.002 11.655617713928223
C01 1049.996 5.807003974914551
C01 1080.005 0.6719837395097058
C01 1100.007 0.09141072861311984
C02 319.992 49.078643798828125
C02 330.006 51.20296096801758
C02 349.994 71.51249694824219
C02 370.001 77.63323974609375
C02 400.009 84.34333038330078
C02 429.983 86.76830291748047
C02 449.989 88.00738525390625
C02 469.993 89.3080062866211
C02 500.016 91.65666198730469
C02 549.99 94.68667602539062
C02 569.998 95.87076568603516
C02 599.983 97.09146118164062
C02 630.013 97.4992446899414
C02 649.987 97.98760223388672
C02 670.017 98.04989624023438
C02 699.987 98.06388092041016
C02 720.012 97.50920867919922
C02 749.995 96.9638671875
C02 770.007 96.46857452392578
C02 800.008 95.5781478881836
C02 830.013 93.92308044433594
C02 869.994 89.35659790039062
C02 900.005 81.73650360107422
C02 919.989 74.85921478271484
C02 959.989 53.7703742980957
C02 1000.013 27.891725540161133
C02 1030.002 11.699535369873047
C02 1049.996 5.811608791351318
C02 1080.005 0.6722023330459252
C02 1100.007 0.0914404641457542
C03 319.992 49.14399337768555
C03 330.006 51.270851135253906
C03 349.994 71.54784393310547
C03 370.001 77.6114501953125
C03 400.009 84.35342407226562
C03 429.983 86.80796813964844
C03 449.989 88.06100463867188
C03 469.993 89.36773681640625
C03 500.016 91.72798919677734
C03 549.99 94.76273345947266
C03 569.998 95.94525909423828
C03 599.983 97.16690063476562
C03 630.013 97.5733642578125
C03 649.987 98.05594635009766
C03 670.017 98.11576080322266
C03 699.987 98.12677001953125
C03 720.012 97.57185363769531
C03 749.995 97.02433776855469
C03 770.007 96.52885437011719
C03 800.008 95.63704681396484
C03 830.013 93.99455261230469
C03 869.994 89.41108703613281
C03 900.005 81.8890609741211
C03 919.989 74.94684600830078
C03 959.989 53.95940017700195
C03 1000.013 28.023693084716797
C03 1030.002 11.7506103515625
C03 1049.996 5.824953079223633
C03 1080.005 0.6726215442903637
C03 1100.007 0.09149748993826055
C04 319.992 49.47991943359375
C04 330.006 51.62135696411133
C04 349.994 71.9790267944336
C04 370.001 77.98106384277344
C04 400.009 84.65042877197266
C04 429.983 87.09085845947266
C04 449.989 88.34111785888672
C04 469.993 89.65400695800781
C04 500.016 92.01992797851562
C04 549.99 95.05982971191406
C04 569.998 96.2400131225586
C04 599.983 97.45711517333984
C04 630.013 97.8556900024414
C04 649.987 98.34222412109375
C04 670.017 98.39822387695312
C04 699.987 98.40398406982422
C04 720.012 97.84249877929688
C04 749.995 97.29164123535156
C04 770.007 96.79243469238281
C04 800.008 95.89668273925781
C04 830.013 94.24916076660156
C04 869.994 89.64509582519531
C04 900.005 82.1666259765625
C04 919.989 75.1360092163086
C04 959.989 54.20107650756836
C04 1000.013 28.176408767700195
C04 1030.002 11.81277847290039
C04 1049.996 5.828333377838135
C04 1080.005 0.6744746235206165
C04 1100.007 0.09174956645835439
C05 319.992 49.551063537597656
C05 330.006 51.69207763671875
C05 349.994 71.9996109008789
C05 370.001 77.91227722167969
C05 400.009 84.57910919189453
C05 429.983 87.04115295410156
C05 449.989 88.30329895019531
C05 469.993 89.62321472167969
C05 500.016 91.99628448486328
C05 549.99 95.0349349975586
C05 569.998 96.21444702148438
C05 599.983 97.42741394042969
C05 630.013 97.82048034667969
C05 649.987 98.30206298828125
C05 670.017 98.35543060302734
C05 699.987 98.35236358642578
C05 720.012 97.78681182861328
C05 749.995 97.23258209228516
C05 770.007 96.73308563232422
C05 800.008 95.83697509765625
C05 830.013 94.18280029296875
C05 869.994 89.61479949951172
C05 900.005 82.11508178710938
C05 919.989 75.0767593383789
C05 959.989 54.29777526855469
C05 1000.013 28.27324867248535
C05 1030.002 11.876622200012207
C05 1049.996 5.816521644592285
C05 1080.005 0.6740651927106643
C05 1100.007 0.09169387110971143
C06 319.992 49.74646759033203
C06 330.006 51.89155960083008
C06 349.994 72.21007537841797
C06 370.001 78.06329345703125
C06 400.009 84.76526641845703
C06 429.983 87.25416564941406
C06 449.989 88.52973937988281
C06 469.993 89.8570785522461
C06 500.016 92.24239349365234
C06 549.99 95.29206848144531
C06 569.998 96.47370910644531
C06 599.983 97.68579864501953
C06 630.013 98.07594299316406
C06 649.987 98.55229949951172
C06 670.017 98.60124206542969
C06 699.987 98.5965576171875
C06 720.012 98.0295639038086
C06 749.995 97.46527099609375
C06 770.007 96.96562957763672
C06 800.008 96.06340789794922
C06 830.013 94.40953063964844
C06 869.994 89.88368225097656
C06 900.005 82.3511962890625
C06 919.989 75.32740783691406
C06 959.989 54.67778778076172
C06 1000.013 28.400728225708008
C06 1030.002 11.968341827392578
C06 1049.996 5.825870990753174
C06 1080.005 0.6756783037200416
C06 1100.007 0.09191330447398986
C07 319.992 49.77052307128906
C07 330.006 51.9132194519043
C07 349.994 72.1837158203125
C07 370.001 77.9753646850586
C07 400.009 84.7421875
C07 429.983 87.26802062988281
C07 449.989 88.56478118896484
C07 469.993 89.90635681152344
C07 500.016 92.30359649658203
C07 549.99 95.36012268066406
C07 569.998 96.54037475585938
C07 599.983 97.74884033203125
C07 630.013 98.13480377197266
C07 649.987 98.61157989501953
C07 670.017 98.65425872802734
C07 699.987 98.64689636230469
C07 720.012 98.07307434082031
C07 749.995 97.5057373046875
C07 770.007 97.00381469726562
C07 800.008 96.10191345214844
C07 830.013 94.45633697509766
C07 869.994 89.97332000732422
C07 900.005 82.48995971679688
C07 919.989 75.49651336669922
C07 959.989 54.93214416503906
C07 1000.013 28.502582550048828
C07 1030.002 12.036084175109863
C07 1049.996 5.863668918609619
C07 1080.005 0.6759588330791649
C07 1100.007 0.09195146520855399
C10 319.992 48.790130615234375
C10 330.006 50.9022102355957
C10 349.994 71.0317611694336
C10 370.001 77.08116149902344
C10 400.009 84.06855773925781
C10 429.983 86.62831115722656
C10 449.989 87.91482543945312
C10 469.993 89.24356842041016
C10 500.016 91.62654113769531
C10 549.99 94.68392181396484
C10 569.998 95.86771392822266
C10 599.983 97.09465789794922
C10 630.013 97.50460052490234
C10 649.987 97.99718475341797
C10 670.017 98.05918884277344
C10 699.987 98.07276153564453
C10 720.012 97.51548767089844
C10 749.995 96.96981811523438
C10 770.007 96.48186492919922
C10 800.008 95.59642028808594
C10 830.013 93.93907165527344
C10 869.994 89.39566802978516
C10 900.005 81.85130310058594
C10 919.989 74.86519622802734
C10 959.989 53.92133331298828
C10 1000.013 28.06812858581543
C10 1030.002 11.813907623291016
C10 1049.996 5.859444618225098
C10 1080.005 0.6722435926960125
C10 1100.007 0.09144607674387978
C11 319.992 49.22932434082031
C11 330.006 51.35529708862305
C11 349.994 71.61473846435547
C11 370.001 77.65731811523438
C11 400.009 84.64013671875
C11 429.983 87.20465087890625
C11 449.989 88.50016784667969
C11 469.993 89.84040069580078
C11 500.016 92.23568725585938
C11 549.99 95.30538177490234
C11 569.998 96.49824523925781
C11 599.983 97.72700500488281
C11 630.013 98.13053131103516
C11 649.987 98.62504577636719
C11 670.017 98.68376922607422
C11 699.987 98.69300079345703
C11 720.012 98.13040161132812
C11 749.995 97.57954406738281
C11 770.007 97.08765411376953
C11 800.008 96.18858337402344
C11 830.013 94.533203125
C11 869.994 89.94576263427734
C11 900.005 82.39786529541016
C11 919.989 75.30572509765625
C11 959.989 54.30352020263672
C11 1000.013 28.3338565826416
C11 1030.002 11.907672882080078
C11 1049.996 5.866410255432129
C11 1080.005 0.6764705180595693
C11 1100.007 0.0920210703107746
C12 319.992 49.16259765625
C12 330.006 51.28245162963867
C12 349.994 71.46372985839844
C12 370.001 77.45284271240234
C12 400.009 84.46026611328125
C12 429.983 87.04654693603516
C12 449.989 88.34205627441406
C12 469.993 89.6894760131836
C12 500.016 92.08987426757812
C12 549.99 95.1527099609375
C12 569.998 96.34082794189453
C12 599.983 97.56898498535156
C12 630.013 97.9691390991211
C12 649.987 98.4576644897461
C12 670.017 98.51642608642578
C12 699.987 98.52230072021484
C12 720.012 97.95842742919922
C12 749.995 97.40595245361328
C12 770.007 96.9135513305664
C12 800.008 96.01709747314453
C12 830.013 94.36786651611328
C12 869.994 89.7742691040039
C12 900.005 82.33352661132812
C12 919.989 75.17859649658203
C12 959.989 54.32352066040039
C12 1000.013 28.30922508239746
C12 1030.002 11.9356107711792
C12 1049.996 5.836000919342041
C12 1080.005 0.6752670907829025
C12 1100.007 0.0918573667005157
C13 319.992 49.23187255859375
C13 330.006 51.34988784790039
C13 349.994 71.524658203125
C13 370.001 77.47946166992188
C13 400.009 84.54164123535156
C13 429.983 87.15351867675781
C13 449.989 88.46927642822266
C13 469.993 89.82048797607422
C13 500.016 92.23332977294922
C13 549.99 95.30506896972656
C13 569.998 96.49397277832031
C13 599.983 97.72000122070312
C13 630.013 98.11958312988281
C13 649.987 98.6109848022461
C13 670.017 98.66273498535156
C13 699.987 98.66930389404297
C13 720.012 98.09925842285156
C13 749.995 97.54630279541016
C13 770.007 97.04820251464844
C13 800.008 96.15372467041016
C13 830.013 94.50440979003906
C13 869.994 89.9131851196289
C13 900.005 82.47343444824219
C13 919.989 75.30657196044922
C13 959.989 54.4713134765625
C13 1000.013 28.41118621826172
C13 1030.002 11.960189819335938
C13 1049.996 5.837162494659424
C13 1080.005 0.6762400667914727
C13 1100.007 0.09198972175709992
C14 319.992 50.516666412353516
C14 330.006 52.68773651123047
C14 349.994 73.3303451538086
C14 370.001 79.35797119140625
C14 400.009 86.50343322753906
C14 429.983 89.16204833984375
C14 449.989 90.50276947021484
C14 469.993 91.8860855102539
C14 500.016 94.35330963134766
C14 549.99 97.49446105957031
C14 569.998 98.70323944091797
C14 599.983 99.9557113647461
C14 630.013 100.35553741455078
C14 649.987 100.84770965576172
C14 670.017 100.90544891357422
C14 699.987 100.90226745605469
C14 720.012 100.3216781616211
C14 749.995 99.74870300292969
C14 770.007 99.2427978515625
C14 800.008 98.32835388183594
C14 830.013 96.63949584960938
C14 869.994 91.9813461303711
C14 900.005 84.34110260009766
C14 919.989 77.02203369140625
C14 959.989 55.80984878540039
C14 1000.013 29.147966384887695
C14 1030.002 12.266899108886719
C14 1049.996 5.961757659912109
C14 1080.005 0.691508210468451
C14 1100.007 0.09406666507584853
C15 319.992 49.522743225097656
C15 330.006 51.65106201171875
C15 349.994 71.83418273925781
C15 370.001 77.68047332763672
C15 400.009 84.64945983886719
C15 429.983 87.24970245361328
C15 449.989 88.56716918945312
C15 469.993 89.92393493652344
C15 500.016 92.33810424804688
C15 549.99 95.41162109375
C15 569.998 96.59553527832031
C15 599.983 97.81172180175781
C15 630.013 98.2037124633789
C15 649.987 98.68594360351562
C15 670.017 98.7350082397461
C15 699.987 98.72842407226562
C15 720.012 98.15538024902344
C15 749.995 97.59345245361328
C15 770.007 97.09510040283203
C15 800.008 96.19845581054688
C15 830.013 94.55319213867188
C15 869.994 90.0245132446289
C15 900.005 82.53717803955078
C15 919.989 75.41278839111328
C15 959.989 54.70901870727539
C15 1000.013 28.599687576293945
C15 1030.002 12.040026664733887
C15 1049.996 5.83066463470459
C15 1080.005 0.6765669256641565
C15 1100.007 0.09203418474920669
C16 319.992 49.6005744934082
C16 330.006 51.72447967529297
C16 349.994 71.88809967041016
C16 370.001 77.6922607421875
C16 400.009 84.68586730957031
C16 429.983 87.30393981933594
C16 449.989 88.62570190429688
C16 469.993 89.98870086669922
C16 500.016 92.41034698486328
C16 549.99 95.48431396484375
C16 569.998 96.66494750976562
C16 599.983 97.88041687011719
C16 630.013 98.26490020751953
C16 649.987 98.73981475830078
C16 670.017 98.78773498535156
C16 699.987 98.78202819824219
C16 720.012 98.20323181152344
C16 749.995 97.63818359375
C16 770.007 97.13855743408203
C16 800.008 96.24493408203125
C16 830.013 94.59588623046875
C16 869.994 90.11026763916016
C16 900.005 82.65540313720703
C16 919.989 75.5397720336914
C16 959.989 54.900062561035156
C16 1000.013 28.670085906982422
C16 1030.002 12.042044639587402
C16 1049.996 5.8416948318481445
C16 1080.005 0.6768770216611047
C16 1100.007 0.09207636746785658
C17 319.992 49.74091720581055
C17 330.006 51.87004089355469
C17 349.994 72.05796813964844
C17 370.001 77.85128784179688
C17 400.009 84.86438751220703
C17 429.983 87.48934936523438
C17 449.989 88.8193359375
C17 469.993 90.18682098388672
C17 500.016 92.61344146728516
C17 549.99 95.6906509399414
C17 569.998 96.87216186523438
C17 599.983 98.09100341796875
C17 630.013 98.4737777709961
C17 649.987 98.95277404785156
C17 670.017 98.99414825439453
C17 699.987 98.97736358642578
C17 720.012 98.40177154541016
C17 749.995 97.830078125
C17 770.007 97.32791137695312
C17 800.008 96.43061828613281
C17 830.013 94.78997802734375
C17 869.994 90.32130432128906
C17 900.005 82.87989807128906
C17 919.989 75.76165771484375
C17 959.989 55.01858139038086
C17 1000.013 28.79247283935547
C17 1030.002 12.123897552490234
C17 1049.996 5.9078898429870605
C17 1080.005 0.6782073260824721
C17 1100.007 0.0922573303234804
