lsstCam/transmission_sensor/r32_s11/19700101T000000.ecsv
# %ECSV 1.0
# ---
# datatype:
# - {name: amp_name, datatype: string}
# - {name: wavelength, unit: nm, datatype: float32}
# - {name: efficiency, unit: '%', datatype: float64}
# meta: !!omap
# - {MODE: AMP}
# - {TYPE: transmission_sensor}
# - {CALIBDATE: '1970-01-01T00:00:00'}
# - {INSTRUME: LSSTCAM}
# - {OBSTYPE: transmission_sensor}
# - {DETECTOR: 139}
# - {PARQUETFILE: qe_raft_allvalues_nircorrected_20230725.parquet}
# - {CALIBCLS: lsst.ip.isr.IntermediateSensorTransmissionCurve}
# - {CALIB_ID: 'raftName=R32 detectorName=S11 detector=139 calibDate=1970-01-01T00:00:00 ccd=139 ccdnum=139 filter=None'}
# - {DATE: '2024-01-18T22:42:25.469694'}
# - {CALIB_CREATION_DATE: '2024-01-18'}
# - {CALIB_CREATION_TIME: '22:42:25'}
# - __serialized_columns__:
#     efficiency:
#       __class__: astropy.units.quantity.Quantity
#       unit: !astropy.units.Unit {unit: '%'}
#       value: !astropy.table.SerializedColumn {name: efficiency}
#     wavelength:
#       __class__: astropy.units.quantity.Quantity
#       unit: !astropy.units.Unit {unit: nm}
#       value: !astropy.table.SerializedColumn {name: wavelength}
# schema: astropy-2.0
amp_name wavelength efficiency
C00 319.992 43.59088038137931
C00 330.006 50.51973208815344
C00 349.994 72.33675988085533
C00 370.001 77.16667628106946
C00 400.009 85.00341379068686
C00 429.983 86.92443940334141
C00 449.989 88.30807280717444
C00 469.993 89.84846194601744
C00 500.016 92.3193250039415
C00 549.99 95.65726498396779
C00 569.998 96.82625296714733
C00 599.983 97.99345867486655
C00 630.013 98.59981532590419
C00 649.987 99.01854224230964
C00 670.017 98.98342987404516
C00 699.987 98.90676961404247
C00 720.012 98.73407535498222
C00 749.995 98.98356674852585
C00 770.007 98.97785221583243
C00 800.008 98.20504645422831
C00 830.013 96.3347866743373
C00 869.994 91.36968656470626
C00 900.005 82.46956147676075
C00 919.989 73.79052432722773
C00 959.989 51.67061232767111
C00 1000.013 25.843589575482365
C00 1030.002 9.421602077480312
C00 1049.996 4.031464770807711
C00 1080.005 0.5757092150091274
C00 1100.007 0.117340167988505
C01 319.992 43.66433923148281
C01 330.006 50.59683380022093
C01 349.994 72.40317374365749
C01 370.001 77.19736818238903
C01 400.009 85.06998946931479
C01 429.983 87.01633637607424
C01 449.989 88.41038474832544
C01 469.993 89.95841467036186
C01 500.016 92.43909452156302
C01 549.99 95.77950781348528
C01 569.998 96.95259251124632
C01 599.983 98.117528719472
C01 630.013 98.71802481665662
C01 649.987 99.14100435615113
C01 670.017 99.10158524759932
C01 699.987 99.01991284823765
C01 720.012 98.8490998712658
C01 749.995 99.09586658107631
C01 770.007 99.09460293252079
C01 800.008 98.3201726213023
C01 830.013 96.46953655242818
C01 869.994 91.49865657623144
C01 900.005 82.6865641127812
C01 919.989 73.99374122743912
C01 959.989 51.851302506701785
C01 1000.013 25.977474531741013
C01 1030.002 9.435827850258715
C01 1049.996 4.042303622827333
C01 1080.005 0.5763623750713438
C01 1100.007 0.11747329406921686
C02 319.992 43.77072392223572
C02 330.006 50.71803519773511
C02 349.994 72.52896777459942
C02 370.001 77.26541126198444
C02 400.009 85.11592337687742
C02 429.983 87.0582775267284
C02 449.989 88.45745345577447
C02 469.993 90.01204920790312
C02 500.016 92.4899216961685
C02 549.99 95.8327260297088
C02 569.998 97.00472320544775
C02 599.983 98.16661985127188
C02 630.013 98.76749581700356
C02 649.987 99.1823501852284
C02 670.017 99.14371416474343
C02 699.987 99.05854693535845
C02 720.012 98.88322734428166
C02 749.995 99.12810266997276
C02 770.007 99.12270682826562
C02 800.008 98.35357051510569
C02 830.013 96.51849873248739
C02 869.994 91.56861436376342
C02 900.005 82.84025369350893
C02 919.989 74.14120080234895
C02 959.989 51.930534293636924
C02 1000.013 26.089568370163978
C02 1030.002 9.471381473520317
C02 1049.996 4.045509073735445
C02 1080.005 0.5765498633724784
C02 1100.007 0.11751150764679641
C03 319.992 43.82900585818992
C03 330.006 50.785282400365105
C03 349.994 72.56481717764758
C03 370.001 77.24372495071064
C03 400.009 85.12610952500103
C03 429.983 87.09807530775613
C03 449.989 88.5113470491195
C03 469.993 90.07225061211967
C03 500.016 92.56189734830217
C03 549.99 95.90970403283303
C03 569.998 97.080097720209
C03 599.983 98.24289469590373
C03 630.013 98.84257951773321
C03 649.987 99.25152761086795
C03 670.017 99.21031349484876
C03 699.987 99.12207392122254
C03 720.012 98.94675504342773
C03 749.995 99.18992295562319
C03 770.007 99.18464514912472
C03 800.008 98.4141797629106
C03 830.013 96.59194592268669
C03 869.994 91.62445237433039
C03 900.005 82.99487116464152
C03 919.989 74.22799151090207
C03 959.989 52.11309234749212
C03 1000.013 26.213009147299484
C03 1030.002 9.512729323673371
C03 1049.996 4.054798143183878
C03 1080.005 0.5769094220556653
C03 1100.007 0.11758479234536807
C04 319.992 44.128601069331324
C04 330.006 51.132468708127774
C04 349.994 73.00212882510498
C04 370.001 77.61158735826331
C04 400.009 85.42583481623568
C04 429.983 87.38191103053504
C04 449.989 88.79289276335717
C04 469.993 90.36077751070361
C04 500.016 92.85649017415467
C04 549.99 96.21039622058113
C04 569.998 97.3783380933436
C04 599.983 98.53632297411482
C04 630.013 99.1285777004919
C04 649.987 99.54129592324495
C04 670.017 99.49592764966044
C04 699.987 99.40209976513519
C04 720.012 99.22121389125469
C04 749.995 99.46319264122104
C04 770.007 99.45547733606821
C04 800.008 98.68135506239885
C04 830.013 96.85358977744025
C04 869.994 91.8642540349451
C04 900.005 83.27618433813997
C04 919.989 74.4153403553968
C04 959.989 52.34649933296076
C04 1000.013 26.355857471497092
C04 1030.002 9.563057646471515
C04 1049.996 4.057151197081321
C04 1080.005 0.5784988134107644
C04 1100.007 0.11790873965026546
C05 319.992 44.19205084491628
C05 330.006 51.20251960937841
C05 349.994 73.02300551179265
C05 370.001 77.54312665012445
C05 400.009 85.35386194196556
C05 429.983 87.33203941226311
C05 449.989 88.7548804494398
C05 469.993 90.3297425295543
C05 500.016 92.83263173518128
C05 549.99 96.18520019046835
C05 569.998 97.35246959693178
C05 599.983 98.506292839593
C05 630.013 99.09291004440674
C05 649.987 99.50064511183987
C05 670.017 99.45265698563163
C05 699.987 99.3499556930308
C05 720.012 99.16474224637989
C05 749.995 99.40281529688342
C05 770.007 99.39449540998758
C05 800.008 98.61991361507744
C05 830.013 96.78539553530173
C05 869.994 91.8332077257934
C05 900.005 83.22394410834542
C05 919.989 74.35665877411319
C05 959.989 52.43988939001548
C05 1000.013 26.446440297332465
C05 1030.002 9.614742459162834
C05 1049.996 4.048928951617425
C05 1080.005 0.5781476434342058
C05 1100.007 0.1178371647249948
C06 319.992 44.366321692345984
C06 330.006 51.400112347881
C06 349.994 73.2364615084442
C06 370.001 77.69342736628467
C06 400.009 85.54172438657307
C06 429.983 87.54576398358346
C06 449.989 88.98247889145462
C06 469.993 90.56544998177681
C06 500.016 93.08097814512118
C06 549.99 96.44544591614756
C06 569.998 97.61479822870328
C06 599.983 98.76753881078506
C06 630.013 99.35169569908832
C06 649.987 99.753932718845
C06 670.017 99.70121065372655
C06 699.987 99.59662659398337
C06 720.012 99.41091498190896
C06 749.995 99.64069782174496
C06 770.007 99.63343731857961
C06 800.008 98.85292162875648
C06 830.013 97.01839122257148
C06 869.994 92.10874665136215
C06 900.005 83.46324704376308
C06 919.989 74.60490317147485
C06 959.989 52.80689916174916
C06 1000.013 26.565683063966304
C06 1030.002 9.688994260799813
C06 1049.996 4.05543710901158
C06 1080.005 0.5795312133600149
C06 1100.007 0.11811916182228933
C07 319.992 44.387775541399
C07 330.006 51.421567065897136
C07 349.994 73.20972727845684
C07 370.001 77.60591520331879
C07 400.009 85.51843406301005
C07 429.983 87.5596652665891
C07 449.989 89.01769990372465
C07 469.993 90.61511671697092
C07 500.016 93.14273755055667
C07 549.99 96.51432381642523
C07 569.998 97.68225239809941
C07 599.983 98.83127860054972
C07 630.013 99.41132212740837
C07 649.987 99.81393591121152
C07 670.017 99.75481875576544
C07 699.987 99.64747592708191
C07 720.012 99.4550385318091
C07 749.995 99.68206733916736
C07 770.007 99.6726730224019
C07 800.008 98.89254531705589
C07 830.013 97.06649097832221
C07 869.994 92.20060338423129
C07 900.005 83.6038842994622
C07 919.989 74.7723867214557
C07 959.989 53.05255233245784
C07 1000.013 26.660956314624833
C07 1030.002 9.7438352093382
C07 1049.996 4.081748560040287
C07 1080.005 0.579771824193574
C07 1100.007 0.11816820275283832
C10 319.992 43.513413818909086
C10 330.006 50.420132772868605
C10 349.994 72.04139886990097
C10 370.001 76.71594877725245
C10 400.009 84.83863378906842
C10 429.983 86.91781792217407
C10 449.989 88.36442029207757
C10 469.993 89.94710335785675
C10 500.016 92.4595270149594
C10 549.99 95.82993848239936
C10 569.998 97.00163535150423
C10 599.983 98.16985196695764
C10 630.013 98.77292131961933
C10 649.987 99.19204954296487
C10 670.017 99.15311043302425
C10 699.987 99.0675176270418
C10 720.012 98.88959481430933
C10 749.995 99.13418642253488
C10 770.007 99.13636289141415
C10 800.008 98.37237351361512
C10 830.013 96.5349318356746
C10 869.994 91.60865167153624
C10 900.005 82.95660341786039
C10 919.989 74.14712487648316
C10 959.989 52.07632800257323
C10 1000.013 26.254573554718664
C10 1030.002 9.563971752352858
C10 1049.996 4.078807989511659
C10 1080.005 0.5765852518923498
C10 1100.007 0.1175187204805644
C11 319.992 43.90510816543174
C11 330.006 50.86892859492713
C11 349.994 72.63266254046354
C11 370.001 77.28937554713153
C11 400.009 85.41544848681865
C11 429.983 87.4960837375996
C11 449.989 88.952756129957
C11 469.993 90.5486406485775
C11 500.016 93.07421094026232
C11 549.99 96.45892034843283
C11 569.998 97.63962457440915
C11 599.983 98.80920147622363
C11 630.013 99.40699409113367
C11 649.987 99.8275659800052
C11 670.017 99.78465846488712
C11 699.987 99.6940479973933
C11 720.012 99.51317361053074
C11 749.995 99.75752147030315
C11 770.007 99.75881910617872
C11 800.008 98.9817319822196
C11 830.013 97.1454812047588
C11 869.994 92.17236383030131
C11 900.005 83.51054625715166
C11 919.989 74.58342840273829
C11 959.989 52.44543775192027
C11 1000.013 26.503132172258507
C11 1030.002 9.639879598850886
C11 1049.996 4.08365682733559
C11 1080.005 0.580210697864549
C11 1100.007 0.11825765331040347
C12 319.992 43.84559805955871
C12 330.006 50.79677303042623
C12 349.994 72.47950751466334
C12 370.001 77.08586895453732
C12 400.009 85.2339302493569
C12 429.983 87.33745142056983
C12 449.989 88.79383597792481
C12 469.993 90.39652617952501
C12 500.016 92.92707235179523
C12 549.99 96.3044006553323
C12 569.998 97.48034534836769
C12 599.983 98.64943159535642
C12 630.013 99.2435025208573
C12 649.987 99.65814383877878
C12 670.017 99.61544849077266
C12 699.987 99.52161650622222
C12 720.012 99.3387761112674
C12 749.995 99.5800552881931
C12 770.007 99.57992624679322
C12 800.008 98.80526643002904
C12 830.013 96.9755757757655
C12 869.994 91.99662498942698
C12 900.005 83.44533875894896
C12 919.989 74.45751915873508
C12 959.989 52.46475386179197
C12 1000.013 26.4800921775205
C12 1030.002 9.662496770974153
C12 1049.996 4.062488636307006
C12 1080.005 0.5791785148478716
C12 1100.007 0.11804727535324346
C13 319.992 43.90738079010149
C13 330.006 50.86357058327745
C13 349.994 72.5413018882318
C13 370.001 77.11236179068378
C13 400.009 85.31605077534805
C13 429.983 87.4447806546129
C13 449.989 88.92170673333577
C13 469.993 90.52857095065883
C13 500.016 93.07183202524368
C13 549.99 96.45860375718715
C13 569.998 97.63530157888823
C13 599.983 98.80212013445866
C13 630.013 99.39590349817978
C13 649.987 99.81333356256228
C13 670.017 99.76338957190666
C13 699.987 99.67011073934479
C13 720.012 99.48159157814563
C13 749.995 99.72353825246579
C13 770.007 99.71828207831359
C13 800.008 98.94586104268325
C13 830.013 97.11589221075664
C13 869.994 92.13897986150812
C13 900.005 83.58713587765418
C13 919.989 74.58426714282618
C13 959.989 52.60748970858952
C13 1000.013 26.575465338331217
C13 1030.002 9.68239478691998
C13 1049.996 4.063297218518062
C13 1080.005 0.5800130391528736
C13 1100.007 0.1182173668153679
C14 319.992 45.053222498776556
C14 330.006 52.18874893845891
C14 349.994 74.37265467614985
C14 370.001 78.98197088096198
C14 400.009 87.29581297029053
C14 429.983 89.46002270672378
C14 449.989 90.96559902255342
C14 469.993 92.61045223567592
C14 500.016 95.21108482857929
C14 549.99 98.67449538127738
C14 569.998 99.87069940385341
C14 599.983 101.06258779182872
C14 630.013 101.66094263935723
C14 649.987 102.07733046249531
C14 670.017 102.03112260558788
C14 699.987 101.92572334345952
C14 720.012 101.73532780736852
C14 749.995 101.97509607729138
C14 770.007 101.97325714414355
C14 800.008 101.18363769159252
C14 830.013 99.3099780537622
C14 869.994 94.25833805647801
C14 900.005 85.4800245711823
C14 919.989 76.28327498084317
C14 959.989 53.900224874863255
C14 1000.013 27.264640215779767
C14 1030.002 9.930691885135374
C14 1049.996 4.150028946283946
C14 1080.005 0.5931085696474275
C14 1100.007 0.12088647772773221
C15 319.992 44.16679341146091
C15 330.006 51.161892429366176
C15 349.994 72.855225972338
C15 370.001 77.31242104948306
C15 400.009 85.42485700761006
C15 429.983 87.54128587204254
C15 449.989 89.02010011640492
C15 469.993 90.63283341582326
C15 500.016 93.1775590153765
C15 549.99 96.56644554589545
C15 569.998 97.73806535812848
C15 599.983 98.89485639883611
C15 630.013 99.48112716961013
C15 649.987 99.88920632511069
C15 670.017 99.83646908703322
C15 699.987 99.72983057598933
C15 720.012 99.53850422641239
C15 749.995 99.77174029199641
C15 770.007 99.7664702644066
C15 800.008 98.99189109707189
C15 830.013 97.1660225837428
C15 869.994 92.2530639066206
C15 900.005 83.65174024709371
C15 919.989 74.68946479601064
C15 959.989 52.83706147178533
C15 1000.013 26.75178713173081
C15 1030.002 9.747026859434039
C15 1049.996 4.058774004318534
C15 1080.005 0.5802933869427035
C15 1100.007 0.11827450687131322
C16 319.992 44.23620712573758
C16 330.006 51.23461477930251
C16 349.994 72.90990927286495
C16 370.001 77.32415261493055
C16 400.009 85.46159797423576
C16 429.983 87.59570449587909
C16 449.989 89.07893216651064
C16 469.993 90.69810991606522
C16 500.016 93.25045851800286
C16 549.99 96.6400182626943
C16 569.998 97.80829859607377
C16 599.983 98.96431217362021
C16 630.013 99.54311083197264
C16 649.987 99.943734322704
C16 670.017 99.88978403784498
C16 699.987 99.78397841084085
C16 720.012 99.58703007333044
C16 749.995 99.81746983208832
C16 770.007 99.81112292553982
C16 800.008 99.03971901645369
C16 830.013 97.20989646038193
C16 869.994 92.34094114531743
C16 900.005 83.77156182804343
C16 919.989 74.81523047189069
C16 959.989 53.02156845223258
C16 1000.013 26.817636842570604
C16 1030.002 9.748660514877386
C16 1049.996 4.066452216020558
C16 1080.005 0.5805593571660776
C16 1100.007 0.11832871651374556
C17 319.992 44.361371589210535
C17 330.006 51.37879743693894
C17 349.994 73.08219223398461
C17 370.001 77.48242623964731
C17 400.009 85.64175343904606
C17 429.983 87.78173366966945
C17 449.989 89.27355644071334
C17 469.993 90.89779187604677
C17 500.016 93.45539935229513
C17 549.99 96.84885265877163
C17 569.998 98.01796387883859
C17 599.983 99.17723068712432
C17 630.013 99.75470543398771
C17 649.987 100.15929019252728
C17 670.017 100.09849999707114
C17 699.987 99.98129509397545
C17 720.012 99.78836746401096
C17 749.995 100.01364745316828
C17 770.007 100.00568654854985
C17 800.008 99.23079516581588
C17 830.013 97.40935168227244
C17 869.994 92.55720202606416
C17 900.005 83.9990882877392
C17 919.989 75.03498793113245
C17 959.989 53.13603196884598
C17 1000.013 26.932116035877005
C17 1030.002 9.81492469873702
C17 1049.996 4.112531112211407
C17 1080.005 0.5817003630725995
C17 1100.007 0.11856127458517582
