lsstCam/transmission_sensor/r32_s11/19700101T000000.ecsv
# %ECSV 1.0
# ---
# datatype:
# - {name: amp_name, datatype: string}
# - {name: wavelength, unit: nm, datatype: float32}
# - {name: efficiency, unit: '%', datatype: float64}
# meta: !!omap
# - {MODE: AMP}
# - {TYPE: transmission_sensor}
# - {CALIBDATE: '1970-01-01T00:00:00'}
# - {INSTRUME: LSSTCam}
# - {OBSTYPE: transmission_sensor}
# - {DETECTOR: 139}
# - {PARQUETFILE: qe_raft_allvalues_nircorrected_20230725_adjust.parquet}
# - {CORRFILE: qe_corr_factor_bydetnum.parquet}
# - {CALIBCLS: lsst.ip.isr.IntermediateSensorTransmissionCurve}
# - {CALIB_ID: 'raftName=R32 detectorName=S11 detector=139 calibDate=1970-01-01T00:00:00 ccd=139 ccdnum=139 filter=None'}
# - {DATE: '2025-03-03T21:56:48.165418'}
# - {CALIB_CREATION_DATE: '2025-03-03'}
# - {CALIB_CREATION_TIME: '21:56:48'}
# - __serialized_columns__:
#     efficiency:
#       __class__: astropy.units.quantity.Quantity
#       unit: !astropy.units.Unit {unit: '%'}
#       value: !astropy.table.SerializedColumn {name: efficiency}
#     wavelength:
#       __class__: astropy.units.quantity.Quantity
#       unit: !astropy.units.Unit {unit: nm}
#       value: !astropy.table.SerializedColumn {name: wavelength}
# schema: astropy-2.0
amp_name wavelength efficiency
C00 319.992 48.32478316759819
C00 330.006 50.42653696074813
C00 349.994 70.51718177417766
C00 370.001 76.65806177674163
C00 400.009 83.28019782947615
C00 429.983 85.65611670725771
C00 449.989 86.86614377271235
C00 469.993 88.13853800153392
C00 500.016 90.45398305871647
C00 549.99 93.44550989120756
C00 569.998 94.61323470071618
C00 599.983 95.8252003681284
C00 630.013 96.23404925802328
C00 649.987 96.72054028779912
C00 670.017 96.78541179299452
C00 699.987 96.80740775917474
C00 720.012 96.26214012841255
C00 749.995 95.72859462777521
C00 770.007 95.23929752823976
C00 800.008 94.35561184990938
C00 830.013 92.68519322072262
C00 869.994 88.15512549454841
C00 900.005 80.451430586241
C00 919.989 73.6633894305684
C00 959.989 52.896791076201055
C00 1000.013 27.316608230962064
C00 1030.002 11.506559661539674
C00 1049.996 5.726002211444977
C00 1080.005 0.6636388052557592
C00 1100.007 0.09027555751368459
C01 319.992 48.40621953621326
C01 330.006 50.50349644118488
C01 349.994 70.58192504500234
C01 370.001 76.68855138418347
C01 400.009 83.34542386499064
C01 429.983 85.74667280259153
C01 449.989 86.96678512414456
C01 469.993 88.24639819371869
C01 500.016 90.57133259433564
C01 549.99 93.56492626315506
C01 569.998 94.73668668374269
C01 599.983 95.94652516924036
C01 630.013 96.34942247569347
C01 649.987 96.84016032610013
C01 670.017 96.90094341782857
C01 699.987 96.9181494531019
C01 720.012 96.37428485721952
C01 749.995 95.83720159658955
C01 770.007 95.35163838020198
C01 800.008 94.46622530946581
C01 830.013 92.81483816953582
C01 869.994 88.27955809335113
C01 900.005 80.66312290272981
C01 919.989 73.86625620507131
C01 959.989 53.081769155986436
C01 1000.013 27.458124288066088
C01 1030.002 11.52393353297471
C01 1049.996 5.741396936231682
C01 1080.005 0.664391724180851
C01 1100.007 0.0903779779496009
C02 319.992 48.52415744129815
C02 330.006 50.624474255176025
C02 349.994 70.70455481941647
C02 370.001 76.75614598395742
C02 400.009 83.39042658592038
C02 429.983 85.78800198595962
C02 449.989 87.01308527517821
C02 469.993 88.29901200171147
C02 500.016 90.62113278937053
C02 549.99 93.61691398569072
C02 569.998 94.78762590171763
C02 599.983 95.99453008308497
C02 630.013 96.39770648787437
C02 649.987 96.8805466096834
C02 670.017 96.94213682362765
C02 699.987 96.9559635060722
C02 720.012 96.40755790482615
C02 749.995 95.86837763507474
C02 770.007 95.37868074603053
C02 800.008 94.4983140749427
C02 830.013 92.86194544278526
C02 869.994 88.34705463154746
C02 900.005 80.81305151171397
C02 919.989 74.01346171947692
C02 959.989 53.16288116707552
C02 1000.013 27.576607189226607
C02 1030.002 11.567355010965311
C02 1049.996 5.74594972784267
C02 1080.005 0.6646078480658272
C02 1100.007 0.09040737753270806
C03 319.992 48.58876870615294
C03 330.006 50.69159740505757
C03 349.994 70.73950245704093
C03 370.001 76.73460260967393
C03 400.009 83.40040623724288
C03 429.983 85.82721907380973
C03 449.989 87.06609887267976
C03 469.993 88.35806770103413
C03 500.016 90.69165415007656
C03 549.99 93.69211212932943
C03 569.998 94.86127768970925
C03 599.983 96.06911722766311
C03 630.013 96.47098865915035
C03 649.987 96.94811857986252
C03 670.017 97.00725725436624
C03 699.987 97.01814208948217
C03 720.012 96.4694951058912
C03 749.995 95.9281650246304
C03 770.007 95.43827955562924
C03 800.008 94.55654756565299
C03 830.013 92.93261012425857
C03 869.994 88.40092815365276
C03 900.005 80.96388530449155
C03 919.989 74.10010289490418
C03 959.989 53.349771447624505
C03 1000.013 27.70708377565
C03 1030.002 11.617852951840964
C03 1049.996 5.759143253081721
C03 1080.005 0.66502232309716
C03 1100.007 0.09046375905264442
C04 319.992 48.92089949795598
C04 330.006 51.038143248770886
C04 349.994 71.16581385095061
C04 370.001 77.10004039347584
C04 400.009 83.69405540302797
C04 429.983 86.10691332277952
C04 449.989 87.34304739747617
C04 469.993 88.64110358684131
C04 500.016 90.9802946322047
C04 549.99 93.98585181349387
C04 569.998 95.15270161200218
C04 599.983 96.35605294698031
C04 630.013 96.75012471144754
C04 649.987 97.231162008868
C04 670.017 97.28652908423244
C04 699.987 97.29222419893273
C04 720.012 96.73708252162395
C04 749.995 96.19244851951716
C04 770.007 95.69888196975606
C04 800.008 94.81325014626982
C04 830.013 93.18434173720985
C04 869.994 88.63229313125198
C04 900.005 81.23831440106294
C04 919.989 74.28712895302218
C04 959.989 53.588717339493655
C04 1000.013 27.858074089791863
C04 1030.002 11.679318703013607
C04 1049.996 5.762485361369004
C04 1080.005 0.6668544663953441
C04 1100.007 0.09071298763358128
C05 319.992 48.99123982190332
C05 330.006 51.10806492521377
C05 349.994 71.1861653999061
C05 370.001 77.03203091779656
C05 400.009 83.62354158552023
C05 429.983 86.05776938599487
C05 449.989 87.30565576360948
C05 469.993 88.61065923858915
C05 500.016 90.95691826073951
C05 549.99 93.96123835751101
C05 569.998 95.1274243545708
C05 599.983 96.32668727608197
C05 630.013 96.7153128513921
C05 649.987 97.19145461312978
C05 670.017 97.24421928508814
C05 699.987 97.24118691938017
C05 720.012 96.68202471738893
C05 749.995 96.13405662164303
C05 770.007 95.64020343034734
C05 800.008 94.754217076542
C05 830.013 93.11873099858315
C05 869.994 88.60233909088792
C05 900.005 81.18735255349316
C05 919.989 74.22854847519108
C05 959.989 53.68432360607495
C05 1000.013 27.95381990554131
C05 1030.002 11.742441129108173
C05 1049.996 5.750807076084155
C05 1080.005 0.6664496612999777
C05 1100.007 0.09065792152626632
C06 319.992 49.18443621621316
C06 330.006 51.30529315900348
C06 349.994 71.39425206761777
C06 370.001 77.1813409845219
C06 400.009 83.80759562351648
C06 429.983 86.26837548193157
C06 449.989 87.5295378885164
C06 469.993 88.84188089542108
C06 500.016 91.2002467508085
C06 549.99 94.21546676909247
C06 569.998 95.38375731847198
C06 599.983 96.58215277218112
C06 630.013 96.96788930255056
C06 649.987 97.43886397346745
C06 670.017 97.48725359042426
C06 699.987 97.48262206668123
C06 720.012 96.92203420021535
C06 749.995 96.36411662594006
C06 770.007 95.87012011387708
C06 800.008 94.97809165825065
C06 830.013 93.34289976502465
C06 869.994 88.86818402781833
C06 900.005 81.42079945381727
C06 919.989 74.47636516823579
C06 959.989 54.060042769130504
C06 1000.013 28.07985920557735
C06 1030.002 11.833124515912937
C06 1049.996 5.760050794124607
C06 1080.005 0.668044547517905
C06 1100.007 0.09087487575099522
C07 319.992 49.20821992038538
C07 330.006 51.326708298916245
C07 349.994 71.36819031756542
C07 370.001 77.09440562436177
C07 400.009 83.78477744872391
C07 429.983 86.28207393000538
C07 449.989 87.56418379820971
C07 469.993 88.89060241310214
C07 500.016 91.26075828739891
C07 549.99 94.282752097737
C07 569.998 95.44966978502981
C07 599.983 96.64448221955665
C07 630.013 97.02608507726946
C07 649.987 97.49747462409167
C07 670.017 97.5396712752618
C07 699.987 97.532392088923
C07 720.012 96.96505305999783
C07 749.995 96.4041257496094
C07 770.007 95.90787382126115
C07 800.008 95.01616217996241
C07 830.013 93.38917728646346
C07 869.994 88.95680906439284
C07 900.005 81.55799514410725
C07 919.989 74.64356015807951
C07 959.989 54.31152545653858
C07 1000.013 28.180562788395363
C07 1030.002 11.900101516327833
C07 1049.996 5.797421684196039
C07 1080.005 0.6683219074801078
C07 1100.007 0.0909126053488149
C10 319.992 48.23890385519707
C10 330.006 50.32712137903618
C10 349.994 70.2292503526877
C10 370.001 76.21030507012608
C10 400.009 83.11875829991894
C10 429.983 85.64959184074678
C10 449.989 86.92157119366303
C10 469.993 88.23530214905097
C10 500.016 90.59135224256687
C10 549.99 93.61419089111217
C10 569.998 94.78460862240622
C10 599.983 95.99769068316367
C10 630.013 96.40300181306591
C10 649.987 96.89002086672124
C10 670.017 96.9513244391309
C10 699.987 96.96474378886842
C10 720.012 96.41376595700937
C10 749.995 95.874261329732
C10 770.007 95.39182099743174
C10 800.008 94.51638003481979
C10 830.013 92.87775598637707
C10 869.994 88.38568334993184
C10 900.005 80.92655401621109
C10 919.989 74.0193755869273
C10 959.989 53.31213465981375
C10 1000.013 27.751017248223757
C10 1030.002 11.68043509635883
C10 1049.996 5.793245109599193
C10 1080.005 0.6646486415678851
C10 1100.007 0.09041292672017576
C11 319.992 48.673135607299216
C11 330.006 50.775089295203536
C11 349.994 70.80564121954713
C11 370.001 76.77995231772448
C11 400.009 83.68387962855023
C11 429.983 86.21942012510388
C11 449.989 87.50030045198879
C11 469.993 88.8253914639842
C11 500.016 91.19361627952168
C11 549.99 94.22862965008852
C11 569.998 95.40801624413575
C11 599.983 96.62289358608349
C11 630.013 97.02186088623348
C11 649.987 97.51078836905329
C11 670.017 97.56884836620317
C11 699.987 97.5779756361202
C11 720.012 97.02173265186275
C11 749.995 96.47709864975596
C11 770.007 95.99076602714398
C11 800.008 95.10185291240657
C11 830.013 93.4651750091197
C11 869.994 88.92956303221078
C11 900.005 81.46694119768706
C11 919.989 74.45492739872819
C11 959.989 53.69000363437869
C11 1000.013 28.013743072665992
C11 1030.002 11.773141003202026
C11 1049.996 5.8001320496274955
C11 1080.005 0.668827811486976
C11 1100.007 0.09098142405849063
C12 319.992 48.607162795155155
C12 330.006 50.70306683804009
C12 349.994 70.65633869602007
C12 370.001 76.57778706066146
C12 400.009 83.50604118593549
C12 429.983 86.0631024271778
C12 449.989 87.34397521086443
C12 469.993 88.67617191563822
C12 500.016 91.04945067402231
C12 549.99 94.07768270933676
C12 569.998 95.25237743405474
C12 599.983 96.46665886333847
C12 630.013 96.86229206984935
C12 649.987 97.34529814202051
C12 670.017 97.40339585516179
C12 699.987 97.40920411783625
C12 720.012 96.8517014194663
C12 749.995 96.30546825932446
C12 770.007 95.8186302424278
C12 800.008 94.93230444469994
C12 830.013 93.30170635922558
C12 869.994 88.76000702130587
C12 900.005 81.40332940660417
C12 919.989 74.32923508581295
C12 959.989 53.70977812866587
C12 1000.013 27.989389857023742
C12 1030.002 11.800763252398236
C12 1049.996 5.770066275638932
C12 1080.005 0.6676379804296736
C12 1100.007 0.09081956995774425
C13 319.992 48.67565503552425
C13 330.006 50.769741167624055
C13 349.994 70.71657867747246
C13 370.001 76.60410527945527
C13 400.009 83.58649693877433
C13 429.983 86.16886561024113
C13 449.989 87.469758042159
C13 469.993 88.80570371647723
C13 500.016 91.1912854312536
C13 549.99 94.2283203789591
C13 569.998 95.40379205309976
C13 599.983 96.61596893006379
C13 630.013 97.01103639670379
C13 649.987 97.49688625462595
C13 670.017 97.54805176854924
C13 699.987 97.55454646226707
C13 720.012 96.99094131648977
C13 749.995 96.44423293485639
C13 770.007 95.95176014884566
C13 800.008 95.06738803947194
C13 830.013 93.43670697881652
C13 869.994 88.89735357556143
C13 900.005 81.54165657663594
C13 919.989 74.45576469373711
C13 959.989 53.85590119411851
C13 1000.013 28.090199044617652
C13 1030.002 11.82506460855232
C13 1049.996 5.771214727576838
C13 1080.005 0.6685999638377725
C13 1100.007 0.09095042967811814
C14 319.992 49.945933397228686
C14 330.006 52.09247493015742
C14 349.994 72.50186513004473
C14 370.001 78.46139155959617
C14 400.009 85.52612477132372
C14 429.983 88.15470307544483
C14 449.989 89.48027685213006
C14 469.993 90.84796430480436
C14 500.016 93.28731393691014
C14 549.99 96.39297690255374
C14 569.998 97.58809860820999
C14 599.983 98.82642021040742
C14 630.013 99.22172905939232
C14 649.987 99.70834078034062
C14 670.017 99.76542770491257
C14 699.987 99.76228219123043
C14 720.012 99.18825234543219
C14 749.995 98.62175061151592
C14 770.007 98.12156113366626
C14 800.008 97.21744847439761
C14 830.013 95.54767101706454
C14 869.994 90.94214867851015
C14 900.005 83.38822397202304
C14 919.989 76.15184528346742
C14 959.989 55.179313844496946
C14 1000.013 28.818655131373628
C14 1030.002 12.128308722547708
C14 1049.996 5.8944022272137016
C14 1080.005 0.6836956093216794
C14 1100.007 0.09300390786730185
C15 319.992 48.963239469893395
C15 330.006 51.06751269126836
C15 349.994 71.02260623163262
C15 370.001 76.80284592449983
C15 400.009 83.6930974168466
C15 429.983 86.26396271093863
C15 449.989 87.56654481927089
C15 469.993 88.90798194193589
C15 500.016 91.29487617321273
C15 549.99 94.33366868611712
C15 569.998 95.50420710858363
C15 599.983 96.70665325976834
C15 630.013 97.09421524412119
C15 649.987 97.57099817771255
C15 670.017 97.6195084858418
C15 699.987 97.61299870572743
C15 720.012 97.04642908302667
C15 749.995 96.49084990021773
C15 770.007 95.99812818866383
C15 800.008 95.111613810979
C15 830.013 93.48493818860948
C15 869.994 89.00742392484182
C15 900.005 81.6046799982531
C15 919.989 74.56078110017087
C15 959.989 54.090920851283684
C15 1000.013 28.276570730284988
C15 1030.002 11.903999464038266
C15 1049.996 5.764790279892989
C15 1080.005 0.6689231298866186
C15 1100.007 0.09099439033110895
C16 319.992 49.04019140713187
C16 330.006 51.140100888302705
C16 349.994 71.07591401386703
C16 370.001 76.81450016584017
C16 400.009 83.72909355903177
C16 429.983 86.31758730750073
C16 449.989 87.62441623646382
C16 469.993 88.97201615212236
C16 500.016 91.36630271771217
C16 549.99 94.405540279315
C16 569.998 95.57283512652174
C16 599.983 96.77457221706827
C16 630.013 97.15471169431504
C16 649.987 97.62426070075729
C16 670.017 97.67163952914477
C16 699.987 97.66599721683242
C16 720.012 97.09374002262965
C16 749.995 96.53507567172478
C16 770.007 96.04109424605836
C16 800.008 95.15756697489182
C16 830.013 93.52714992617615
C16 869.994 89.09220947349255
C16 900.005 81.72156939877729
C16 919.989 74.68633009231881
C16 959.989 54.27980630777734
C16 1000.013 28.3461737066006
C16 1030.002 11.90599463998294
C16 1049.996 5.775695858804181
C16 1080.005 0.6692297224452783
C16 1100.007 0.09103609647297912
C17 319.992 49.17894853946552
C17 330.006 51.284017568258875
C17 349.994 71.24386332353862
C17 370.001 76.97173059075796
C17 400.009 83.90559685555121
C17 429.983 86.50090211206569
C17 449.989 87.81586260877303
C17 469.993 89.16789792501937
C17 500.016 91.56710265588677
C17 549.99 94.60954607675798
C17 569.998 95.77770839176675
C17 599.983 96.98277957595239
C17 630.013 97.36122937678478
C17 649.987 97.83481399430603
C17 670.017 97.87572075857054
C17 699.987 97.85912572235776
C17 720.012 97.29003667143196
C17 749.995 96.7248021948265
C17 770.007 96.22830888413331
C17 800.008 95.34115333459481
C17 830.013 93.71904889038208
C17 869.994 89.30086188107511
C17 900.005 81.94352800812318
C17 919.989 74.90570892785344
C17 959.989 54.39698612143524
C17 1000.013 28.46717792178572
C17 1030.002 11.986922785613986
C17 1049.996 5.841143004318213
C17 1080.005 0.6705449972000552
C17 1100.007 0.09121501482559927
