lsstCam/transmission_filter_detector/r10_s11/u_24/19700101T000000.ecsv
# %ECSV 1.0
# ---
# datatype:
# - {name: wavelength, unit: nm, datatype: float32}
# - {name: efficiency, unit: '%', datatype: float64}
# meta: !!omap
# - {MODE: DETECTOR}
# - {TYPE: transmission_filter_detector}
# - {CALIBDATE: '1970-01-01T00:00:00'}
# - {INSTRUME: LSSTCam}
# - {OBSTYPE: transmission_filter_detector}
# - {CALIBCLS: lsst.ip.isr.IntermediateFilterDetectorTransmissionCurve}
# - {SOURCE: Materion (DM-46256)}
# - {DETECTOR: 31}
# - {FILTER: u_24}
# - {CALIB_ID: 'calibDate=1970-01-01T00:00:00 filter=u_24 detector=31'}
# - {DATE: '2025-04-02T15:59:39.892883'}
# - {CALIB_CREATION_DATE: '2025-04-02'}
# - {CALIB_CREATION_TIME: '15:59:39'}
# - __serialized_columns__:
#     efficiency:
#       __class__: astropy.units.quantity.Quantity
#       unit: !astropy.units.Unit {unit: '%'}
#       value: !astropy.table.SerializedColumn {name: efficiency}
#     wavelength:
#       __class__: astropy.units.quantity.Quantity
#       unit: !astropy.units.Unit {unit: nm}
#       value: !astropy.table.SerializedColumn {name: wavelength}
# schema: astropy-2.0
wavelength efficiency
295.0 1.682227274146797e-10
296.0 1.682227274146797e-10
297.0 1.682227274146797e-10
298.0 1.682227274146797e-10
299.0 1.682227274146797e-10
300.0 1.682227274146797e-10
301.0 1.682227274146797e-10
302.0 1.682227274146797e-10
303.0 0.05947768222540617
304.0 0.1868775230832398
305.0 1.2687556445598602
306.0 2.429431676864624
307.0 4.491748288273811
308.0 7.355651259422302
309.0 10.768816620111465
310.0 14.48529064655304
311.0 18.49391460418701
312.0 22.241942584514618
313.0 25.141063332557678
314.0 27.85916030406952
315.0 30.22908866405487
316.0 32.575997710227966
317.0 35.599979758262634
318.0 39.25658166408539
319.0 44.04188692569733
320.0 50.06505846977234
321.0 55.82318902015686
322.0 61.62007451057434
323.0 66.39103293418884
324.0 70.20666599273682
325.0 72.7255642414093
326.0 74.97973442077637
327.0 76.58473253250122
328.0 78.17509174346924
329.0 79.55149412155151
330.0 80.65537214279175
331.0 80.97480535507202
332.0 81.18627071380615
333.0 81.41744136810303
334.0 81.35043382644653
335.0 81.65684342384338
336.0 82.18144178390503
337.0 82.82657861709595
338.0 83.67483615875244
339.0 84.17237997055054
340.0 84.51291918754578
341.0 84.87274050712585
342.0 85.14044880867004
343.0 85.13575196266174
344.0 85.39440631866455
345.0 85.87258458137512
346.0 86.2429678440094
347.0 86.56017184257507
348.0 86.7936909198761
349.0 86.99679374694824
350.0 87.02852725982666
351.0 87.17400431632996
352.0 87.09312081336975
353.0 87.09421157836914
354.0 87.04802989959717
355.0 87.27377653121948
356.0 87.38551139831543
357.0 87.1525764465332
358.0 86.8138313293457
359.0 86.54490113258362
360.0 86.34251952171326
361.0 86.09742522239685
362.0 85.97179055213928
363.0 86.20871305465698
364.0 86.37692332267761
365.0 86.77194714546204
366.0 87.11376786231995
367.0 87.12353706359863
368.0 87.24388480186462
369.0 87.3265266418457
370.0 87.27805614471436
371.0 87.10532188415527
372.0 87.27342486381531
373.0 87.49923706054688
374.0 87.5293493270874
375.0 87.83131241798401
376.0 88.08897137641907
377.0 88.20038437843323
378.0 88.18012475967407
379.0 87.69079446792603
380.0 86.76707148551941
381.0 85.18102169036865
382.0 83.19810628890991
383.0 81.18532299995422
384.0 79.0849506855011
385.0 76.57867074012756
386.0 73.8466739654541
387.0 70.10297179222107
388.0 66.26561880111694
389.0 61.634641885757446
390.0 57.35410451889038
391.0 53.101855516433716
392.0 48.84273409843445
393.0 45.32957375049591
394.0 41.86462163925171
395.0 37.78034746646881
396.0 33.036062121391296
397.0 26.611584424972534
398.0 19.701212644577026
399.0 12.8779336810112
400.0 7.2211578488349915
401.0 3.2990653067827225
402.0 1.146071683615446
403.0 0.3398175351321697
404.0 0.12766362633556128
405.0 0.07014215225353837
406.0 0.0014426994312088937
407.0 0.00998390096356161
408.0 1.682227274146797e-10
409.0 1.682227274146797e-10
410.0 1.682227274146797e-10
411.0 1.682227274146797e-10
412.0 1.682227274146797e-10
413.0 1.682227274146797e-10
414.0 1.682227274146797e-10
415.0 1.682227274146797e-10
416.0 1.682227274146797e-10
417.0 1.682227274146797e-10
418.0 1.682227274146797e-10
419.0 1.682227274146797e-10
420.0 1.682227274146797e-10
421.0 1.682227274146797e-10
422.0 1.682227274146797e-10
423.0 1.682227274146797e-10
424.0 1.682227274146797e-10
425.0 1.682227274146797e-10
426.0 1.682227274146797e-10
427.0 1.682227274146797e-10
428.0 1.682227274146797e-10
429.0 7.73256715547177e-05
430.0 0.0004977326625521528
431.0 0.0002001357188419206
432.0 1.682227274146797e-10
433.0 0.00038033701912354445
434.0 0.000858135535963811
435.0 0.0005756002337875543
436.0 0.00029306575015652925
437.0 1.682227274146797e-10
438.0 1.682227274146797e-10
439.0 1.682227274146797e-10
440.0 0.0014141422980173957
441.0 1.682227274146797e-10
442.0 1.682227274146797e-10
443.0 1.682227274146797e-10
444.0 1.682227274146797e-10
445.0 1.682227274146797e-10
446.0 1.682227274146797e-10
447.0 1.682227274146797e-10
448.0 1.682227274146797e-10
449.0 0.0003985673174611293
450.0 0.0008139665624185
451.0 7.620796509399952e-05
452.0 1.682227274146797e-10
453.0 1.682227274146797e-10
454.0 0.0001010884489005548
455.0 1.682227274146797e-10
456.0 1.682227274146797e-10
457.0 1.682227274146797e-10
458.0 0.0002572646963017178
459.0 1.682227274146797e-10
460.0 1.682227274146797e-10
461.0 1.682227274146797e-10
462.0 1.682227274146797e-10
463.0 1.682227274146797e-10
464.0 1.682227274146797e-10
465.0 1.682227274146797e-10
466.0 0.0004269705641490873
467.0 0.00017504659126643674
468.0 1.682227274146797e-10
469.0 0.0002601709411464981
470.0 0.0005972189228486968
471.0 0.00017462753021391109
472.0 1.682227274146797e-10
473.0 1.682227274146797e-10
474.0 1.682227274146797e-10
475.0 1.682227274146797e-10
476.0 0.0003179590976287727
477.0 4.1162209640788205e-05
478.0 1.682227274146797e-10
479.0 1.682227274146797e-10
480.0 1.682227274146797e-10
481.0 8.071157822087116e-05
482.0 0.0009359688192489557
483.0 0.0004115788215131033
484.0 1.682227274146797e-10
485.0 1.682227274146797e-10
486.0 1.682227274146797e-10
487.0 1.682227274146797e-10
488.0 1.682227274146797e-10
489.0 1.682227274146797e-10
490.0 1.682227274146797e-10
491.0 1.682227274146797e-10
492.0 1.682227274146797e-10
493.0 1.682227274146797e-10
494.0 1.682227274146797e-10
495.0 1.682227274146797e-10
496.0 0.0004252984126651427
497.0 0.00029967100090289023
498.0 0.00017404325944880839
499.0 0.00011473664471850498
500.0 5.543028578358644e-05
501.0 0.00013752242011833005
502.0 0.00021961468519293703
503.0 1.682227274146797e-10
504.0 1.682227274146797e-10
505.0 1.682227274146797e-10
506.0 9.098177429223142e-05
507.0 1.682227274146797e-10
508.0 1.682227274146797e-10
509.0 1.682227274146797e-10
510.0 1.682227274146797e-10
511.0 0.0002615796802274417
512.0 0.0009678487913333811
513.0 0.000588389957556501
514.0 0.00020893091914331308
515.0 0.00042343644963693805
516.0 0.0006379420028679306
517.0 0.00018579262359708082
518.0 1.682227274146797e-10
519.0 1.682227274146797e-10
520.0 0.00014704570503454306
521.0 0.00046015202315174975
522.0 0.0007732582162134349
523.0 0.00023270424662769074
524.0 1.682227274146797e-10
525.0 1.682227274146797e-10
526.0 1.682227274146797e-10
527.0 1.682227274146797e-10
528.0 1.682227274146797e-10
529.0 1.682227274146797e-10
530.0 1.682227274146797e-10
531.0 5.3978288860889734e-05
532.0 0.00014963334251660854
533.0 1.682227274146797e-10
534.0 1.682227274146797e-10
535.0 1.682227274146797e-10
536.0 0.00016369048125852714
537.0 1.682227274146797e-10
538.0 1.682227274146797e-10
539.0 1.682227274146797e-10
540.0 1.682227274146797e-10
541.0 1.682227274146797e-10
542.0 1.682227274146797e-10
543.0 1.682227274146797e-10
544.0 1.682227274146797e-10
545.0 1.682227274146797e-10
546.0 1.682227274146797e-10
547.0 0.00010016228770837188
548.0 0.0005597988547378918
549.0 1.7012240505209775e-05
550.0 1.682227274146797e-10
551.0 1.682227274146797e-10
552.0 1.682227274146797e-10
553.0 1.682227274146797e-10
554.0 1.682227274146797e-10
555.0 1.682227274146797e-10
556.0 1.682227274146797e-10
557.0 1.682227274146797e-10
558.0 1.682227274146797e-10
559.0 1.682227274146797e-10
560.0 0.0004144475497014355
561.0 0.00011695009334289352
562.0 1.682227274146797e-10
563.0 1.682227274146797e-10
564.0 1.682227274146797e-10
565.0 1.682227274146797e-10
566.0 1.682227274146797e-10
567.0 1.682227274146797e-10
568.0 1.682227274146797e-10
569.0 8.927640919864643e-05
570.0 0.0004559809894999489
571.0 0.00041760590647754725
572.0 0.0003792309826167184
573.0 0.00034196259548480157
574.0 0.00030469457215076545
575.0 0.00019417618659645086
576.0 8.365796588805097e-05
577.0 0.00011216641269129468
578.0 0.00014067478559809388
579.0 0.000303872275253525
580.0 0.00046706963985343464
581.0 0.0008812731721263845
582.0 0.0012954768862982746
583.0 0.001467570928070927
584.0 0.0016396654245909303
585.0 0.0011999968592135701
586.0 0.0007603278845635941
587.0 0.0009599665645509958
588.0 0.0011596051990636624
589.0 0.0010498711162654217
590.0 0.0009401367606187705
591.0 0.0009256561497750226
592.0 0.0009111755389312748
593.0 0.0007342233402596321
594.0 0.000557270959689049
595.0 0.0007624223144375719
596.0 0.0009675734872871544
597.0 0.0011705792530847248
598.0 0.0013735848369833548
599.0 0.0018103961338056251
600.0 0.0022472073396784253
601.0 0.0023945998691488057
602.0 0.0025419925805181265
603.0 0.002190453051298391
604.0 0.0018389135220786557
605.0 0.001480404898757115
606.0 0.0011218962754355744
607.0 0.000986005488812225
608.0 0.0008501147021888755
609.0 0.0005490344847203232
610.0 0.00024795431272650603
611.0 0.0005084349595563253
612.0 0.0007689156518608797
613.0 0.0007302626272576163
614.0 0.0006916098300280282
615.0 0.0008377062840736471
616.0 0.000983802783594001
617.0 0.0008478220479446463
618.0 0.0007118414487194968
619.0 0.0004253332463122206
620.0 0.00013882512348573073
621.0 0.000381091149392887
622.0 0.0006233571639313595
623.0 0.0006178383955557365
624.0 0.0006123195817053784
625.0 0.0006892395504110027
626.0 0.0007661597010155674
627.0 0.0008035768587433267
628.0 0.0008409940164710861
629.0 0.0009801404303289019
630.0 0.0011192866622877773
631.0 0.0016166739442269318
632.0 0.0021140607714187354
633.0 0.002058936297544278
634.0 0.002003811823669821
635.0 0.0024145847419276834
636.0 0.0028253576601855457
637.0 0.0024988485165522434
638.0 0.00217233882722212
639.0 0.0017224307157448493
640.0 0.0012725224223686382
641.0 0.0010628938071022276
642.0 0.000853265191835817
643.0 0.0007993951840035152
644.0 0.0007455252216459485
645.0 0.0005519327260117279
646.0 0.00035834016216540476
647.0 0.00015285637573470012
648.0 1.682227274146797e-10
649.0 8.874840773387405e-06
650.0 7.037704676804424e-05
651.0 0.0004460767740965821
652.0 0.0008217765753215645
653.0 0.001172677002614364
654.0 0.001523577066109283
655.0 0.0017190912330988795
656.0 0.0019146053091390058
657.0 0.0027389156457502395
658.0 0.003563226346159354
659.0 0.003976299922214821
660.0 0.004389373134472407
661.0 0.004184057979728095
662.0 0.003978742824983783
663.0 0.0031090519769350067
664.0 0.0022393611288862303
665.0 0.0018905819160863757
666.0 0.0015418025213875808
667.0 0.0013591352399089374
668.0 0.0011764676855818834
669.0 0.0009616244824428577
670.0 0.0007467812338290969
671.0 0.00058693767641671
672.0 0.00042709402805485297
673.0 0.00033712324238877045
674.0 0.00024715236577321775
675.0 0.0006474112069554394
676.0 0.001047670048137661
677.0 0.0016991540178423747
678.0 0.0023506381694460288
679.0 0.0024443637812510133
680.0 0.002538089029258117
681.0 0.0036641271435655653
682.0 0.004790165257873014
683.0 0.006365837907651439
684.0 0.007941510557429865
685.0 0.008341397187905386
686.0 0.008741286728763953
687.0 0.00797474494902417
688.0 0.007208202441688627
689.0 0.005798307392979041
690.0 0.004388414163258858
691.0 0.0039022455894155428
692.0 0.0034160770155722275
693.0 0.0029887598429922946
694.0 0.0025614424885134213
695.0 0.0022157866624183953
696.0 0.0018701310182223096
697.0 0.0013860763829143252
698.0 0.0009020216566568706
699.0 0.0007442777587129967
700.0 0.0005865338607691228
701.0 0.0004738919869851088
702.0 0.00036125024962530006
703.0 0.0006086106168368133
704.0 0.0008559712114220019
705.0 0.0008145389983837958
706.0 0.0007731069672445301
707.0 0.0007914652087492868
708.0 0.0008098229955066927
709.0 0.0006345187557599274
710.0 0.00045921437958895694
711.0 0.0006367617970681749
712.0 0.0008143090781231876
713.0 0.0008505837286065798
714.0 0.0008868582881405018
715.0 0.00076055662248109
716.0 0.0006342550022964133
717.0 0.0006178910098242341
718.0 0.0006015269718773197
719.0 0.00047711414481454995
720.0 0.00035270131775178015
721.0 0.000360368403562461
722.0 0.0003680354438984068
723.0 0.0004582099336403189
724.0 0.0005483843779074959
725.0 0.0003628701961133629
726.0 0.00017735598021317855
727.0 0.0003244971821914078
728.0 0.00047163844101305585
729.0 0.00032874688713491196
730.0 0.0001858553559941356
731.0 0.00020074292024219176
732.0 0.0002156304844902479
733.0 0.0002249322278657928
734.0 0.00023423399397870526
735.0 0.0003570832404875546
736.0 0.000479932532471139
737.0 0.0005514235454029404
738.0 0.0006229146038094768
739.0 0.0005790598152088933
740.0 0.0005352050720830448
741.0 0.0009715510714158881
742.0 0.0014078971616982017
743.0 0.0021072277377243154
744.0 0.0028065580409020185
745.0 0.003322720658616163
746.0 0.0038388829125324264
747.0 0.004208588143228553
748.0 0.004578293010126799
749.0 0.004058769263792783
750.0 0.0035392455174587667
751.0 0.0032184751034947112
752.0 0.002897704871429596
753.0 0.0023450875232811086
754.0 0.0017924703570315614
755.0 0.0021096269847475924
756.0 0.0024267837943625636
757.0 0.002013587436522357
758.0 0.00160039071488427
759.0 0.0013791833225695882
760.0 0.0011579759302549064
761.0 0.0012334397069935221
762.0 0.0013089036656310782
763.0 0.0009223368579114322
764.0 0.0005357700501917861
765.0 0.0006324041805783054
766.0 0.0007290383564395597
767.0 0.0005965910077065928
768.0 0.0004641435680241557
769.0 0.0005710533514502458
770.0 0.0006779629529773956
771.0 0.0004319659637985751
772.0 0.00018596890640765196
773.0 0.0002378540784775396
774.0 0.00028973915959795704
775.0 0.00036280059703130974
776.0 0.0004358620117272949
777.0 0.0005777249498351011
778.0 0.000719587660569232
779.0 0.0009309007509727962
780.0 0.0011422134775784798
781.0 0.0010531737643759698
782.0 0.0009641341421229299
783.0 0.0009178728760161903
784.0 0.0008716114280105103
785.0 0.0011589941095735412
786.0 0.0014463765182881616
787.0 0.0011644970982160885
788.0 0.0008826176781440154
789.0 0.0007951612133183517
790.0 0.0007077048394421581
791.0 0.0007202656433946686
792.0 0.000732826401872444
793.0 0.00019330295799591113
794.0 1.682227274146797e-10
795.0 9.432722691826712e-06
796.0 0.0003650859071058221
797.0 0.000462213347418583
798.0 0.0005593408786808141
799.0 0.0002029400320679997
800.0 1.682227274146797e-10
801.0 1.682227274146797e-10
802.0 1.682227274146797e-10
803.0 1.682227274146797e-10
804.0 1.682227274146797e-10
805.0 1.682227274146797e-10
806.0 1.682227274146797e-10
807.0 1.682227274146797e-10
808.0 1.682227274146797e-10
809.0 0.00023797815629222896
810.0 0.0005102399427414639
811.0 0.00011515033975229017
812.0 1.682227274146797e-10
813.0 0.00010284584277542308
814.0 0.0004856308805756271
815.0 0.00035573903005570173
816.0 0.00022584722501051147
817.0 0.0003153285661028349
818.0 0.0004048099071951583
819.0 0.00026083694137923885
820.0 0.00011686403240673826
821.0 1.682227274146797e-10
822.0 1.682227274146797e-10
823.0 1.682227274146797e-10
824.0 1.682227274146797e-10
825.0 1.682227274146797e-10
826.0 1.682227274146797e-10
827.0 2.980487181503122e-05
828.0 0.0005712825895898277
829.0 0.0002841352852556156
830.0 1.682227274146797e-10
831.0 1.682227274146797e-10
832.0 1.682227274146797e-10
833.0 1.682227274146797e-10
834.0 1.682227274146797e-10
835.0 1.682227274146797e-10
836.0 3.909816541636246e-05
837.0 1.682227274146797e-10
838.0 1.682227274146797e-10
839.0 1.682227274146797e-10
840.0 1.682227274146797e-10
841.0 1.682227274146797e-10
842.0 1.682227274146797e-10
843.0 1.682227274146797e-10
844.0 1.682227274146797e-10
845.0 1.682227274146797e-10
846.0 9.290195635003329e-05
847.0 0.00013804000218442525
848.0 0.0001831779741223727
849.0 0.00020630448034353321
850.0 0.00022943081603443716
851.0 8.211890190068516e-05
852.0 1.682227274146797e-10
853.0 0.00020942218270647572
854.0 0.00048403735490865074
855.0 0.0004184596946288366
856.0 0.00035288189792481717
857.0 0.00047752064347150736
858.0 0.0006021592980687274
859.0 0.0008383351996599231
860.0 0.0010745110557763837
861.0 0.0010192285117227584
862.0 0.0009639459676691331
863.0 0.0013431705156108364
864.0 0.0017223948816535994
865.0 0.002074806616292335
866.0 0.00242721798713319
867.0 0.002276791201438755
868.0 0.00212636459764326
869.0 0.002049824433925096
870.0 0.0019732839064090513
871.0 0.0019681649064295925
872.0 0.0019630457245511934
873.0 0.0020714145648526028
874.0 0.0021797830413561314
875.0 0.0023180848074844107
876.0 0.0024563867555116303
877.0 0.0025284916773671284
878.0 0.0026005969630205072
879.0 0.002597963066364173
