lsstCam/transmission_filter_detector/r10_s11/u_24/19700101T000000.ecsv
# %ECSV 1.0
# ---
# datatype:
# - {name: wavelength, unit: nm, datatype: float32}
# - {name: efficiency, unit: '%', datatype: float64}
# meta: !!omap
# - {MODE: DETECTOR}
# - {TYPE: transmission_filter_detector}
# - {CALIBDATE: '1970-01-01T00:00:00'}
# - {INSTRUME: LSSTCam}
# - {OBSTYPE: transmission_filter_detector}
# - {CALIBCLS: lsst.ip.isr.IntermediateFilterDetectorTransmissionCurve}
# - {SOURCE: Materion (DM-46256)}
# - {DETECTOR: 31}
# - {FILTER: u_24}
# - {CALIB_ID: 'calibDate=1970-01-01T00:00:00 filter=u_24 detector=31'}
# - {DATE: '2025-04-02T15:59:39.892883'}
# - {CALIB_CREATION_DATE: '2025-04-02'}
# - {CALIB_CREATION_TIME: '15:59:39'}
# - __serialized_columns__:
#     efficiency:
#       __class__: astropy.units.quantity.Quantity
#       unit: !astropy.units.Unit {unit: '%'}
#       value: !astropy.table.SerializedColumn {name: efficiency}
#     wavelength:
#       __class__: astropy.units.quantity.Quantity
#       unit: !astropy.units.Unit {unit: nm}
#       value: !astropy.table.SerializedColumn {name: wavelength}
# schema: astropy-2.0
wavelength efficiency
[from data line 586]
881.0 0.0028792112061637454
882.0 0.003163093060720712
883.0 0.0028414249754860066
884.0 0.0025197574359481223
885.0 0.002605767258501146
886.0 0.0026917770810541697
887.0 0.0025304138034698553
888.0 0.0023690508896834217
889.0 0.0022399233785108663
890.0 0.0021107956854393706
891.0 0.00225686926569324
892.0 0.002402942845947109
893.0 0.0024188442694139667
894.0 0.0024347453290829435
895.0 0.0029169970730436035
896.0 0.0033992484532063827
897.0 0.003927029683836736
898.0 0.00445481127826497
899.0 0.004507303310674615
900.0 0.00455979497928638
901.0 0.004487129262997769
902.0 0.004414464274304919
903.0 0.004793160769622773
904.0 0.005171857264940627
905.0 0.005175786645850167
906.0 0.005179715662961826
907.0 0.005526598397409543
908.0 0.005873481131857261
909.0 0.0057462377299088985
910.0 0.005618994691758417
911.0 0.00583855107834097
912.0 0.006058107828721404
913.0 0.005907297963858582
914.0 0.005756487735197879
915.0 0.005156823681318201
916.0 0.004557159627438523
917.0 0.004171484033577144
918.0 0.0037858080759178847
919.0 0.0042510720959398896
920.0 0.004716336115961894
921.0 0.0046766435843892395
922.0 0.004636951052816585
923.0 0.005654676351696253
924.0 0.006672400195384398
925.0 0.006950346869416535
926.0 0.007228294271044433
927.0 0.007823425403330475
928.0 0.008418553625233471
929.0 0.008337875624420121
930.0 0.008257196168415248
931.0 0.007520413782913238
932.0 0.006783629942219704
933.0 0.006711837340844795
934.0 0.006640045467065647
935.0 0.006621746433665976
936.0 0.006603448127862066
937.0 0.006727551226504147
938.0 0.006851656507933512
939.0 0.006774694338673726
940.0 0.006697732169413939
941.0 0.006076908175600693
942.0 0.005456083090393804
943.0 0.004446545790415257
944.0 0.003437008854234591
945.0 0.0025086579626076855
946.0 0.0015803072528797202
947.0 0.001733879435050767
948.0 0.0018874514353228733
949.0 0.0016241707271547057
950.0 0.0013608897461381275
951.0 0.0013891421986045316
952.0 0.0014173945601214655
953.0 0.0013642135854752269
954.0 0.0013110328836773988
955.0 0.0021289677533786744
956.0 0.00294690271402942
957.0 0.0030310440706671216
958.0 0.003115184517810121
959.0 0.0034157495974795893
960.0 0.003716313949553296
961.0 0.004324012843426317
962.0 0.004931711737299338
963.0 0.004943549356539734
964.0 0.004955386975780129
965.0 0.004976217678631656
966.0 0.004997048381483182
967.0 0.00488855512230657
968.0 0.004780062226927839
969.0 0.004717080446425825
970.0 0.004654098302125931
971.0 0.004577943400363438
972.0 0.004501788498600945
973.0 0.0044155331124784425
974.0 0.004329277362558059
975.0 0.00419723401137162
976.0 0.0040651902963873
977.0 0.003857546835206449
978.0 0.0036499030102277175
979.0 0.0034290125768166035
980.0 0.0032081221434054896
981.0 0.0030640774639323354
982.0 0.0029200324206613004
983.0 0.003085711068706587
984.0 0.0032513897167518735
985.0 0.003576119343051687
986.0 0.003900849333149381
987.0 0.004408269523992203
988.0 0.004915689351037145
989.0 0.006005636168993078
990.0 0.00709558225935325
991.0 0.0073075345426332206
992.0 0.007519486825913191
993.0 0.008018798689590767
994.0 0.008518110553268343
995.0 0.00796507520135492
996.0 0.007412037666654214
997.0 0.006938078149687499
998.0 0.006464120087912306
999.0 0.006331213080557063
1000.0 0.006198303890414536
1001.0 0.005796227560495026
1002.0 0.005394150139181875
1003.0 0.004788159276358783
1004.0 0.004182168049737811
1005.0 0.004671862188843079
1006.0 0.005161555236554705
1007.0 0.004975071715307422
1008.0 0.004788586011272855
1009.0 0.004233387517160736
1010.0 0.0036781897506443784
1011.0 0.0036655670555774122
1012.0 0.003652944724308327
1013.0 0.0031917032174533233
1014.0 0.002730461346800439
1015.0 0.002301981112395879
1016.0 0.001873501059890259
1017.0 0.0018776761862682179
1018.0 0.0018818513126461767
1019.0 0.0016619496818748303
1020.0 0.0014420477782550734
1021.0 0.0014640433619206306
1022.0 0.0014860388546367176
1023.0 0.0014399901374417823
1024.0 0.0013939412383479066
1025.0 0.0013348209904506803
1026.0 0.001275700833502924
1027.0 0.0012493086614995264
1028.0 0.0012229163075971883
1029.0 0.0014446948625845835
1030.0 0.0016664736904203892
1031.0 0.0021728064893977717
1032.0 0.002679139652173035
1033.0 0.0026077892471221276
1034.0 0.0025364388420712203
1035.0 0.002584865978860762
1036.0 0.0026332929337513633
1037.0 0.002821815542120021
1038.0 0.003010338514286559
1039.0 0.0025341802029288374
1040.0 0.0020580222553689964
1041.0 0.0017968826796277426
1042.0 0.0015357432857854292
1043.0 0.0016048199540819041
1044.0 0.0016738968042773195
1045.0 0.0014640765584772453
1046.0 0.0012542565855255816
1047.0 0.0019133864043396898
1048.0 0.0025725164960022084
1049.0 0.0017456801288062707
1050.0 0.000918843306862982
1051.0 0.001207413060910767
1052.0 0.0014959825421101414
1053.0 0.0011286450899206102
1054.0 0.0007613075013068737
1055.0 0.0009266052984457929
1056.0 0.0010919033229583874
1057.0 0.0013635685718327295
1058.0 0.001635234002606012
1059.0 0.0011127343896077946
1060.0 0.0005902350494579878
1061.0 0.0014287003068602644
1062.0 0.002267165473313071
1063.0 0.0019301081920275465
1064.0 0.0015930507288430817
1065.0 0.0009241237421520054
1066.0 0.0002551968464103993
1067.0 0.0007252877367136534
1068.0 0.001195377808471676
1069.0 0.001948388307937421
1070.0 0.002701398261706345
1071.0 0.0016884863725863397
1072.0 0.0006755747108400101
1073.0 0.0013387229046202265
1074.0 0.0020018707800772972
1075.0 0.003384899173397571
1076.0 0.004767926657223143
1077.0 0.005539787889574654
1078.0 0.006311648758128285
1079.0 0.006686207780148834
1080.0 0.0070607631641905755
1081.0 0.0055489555961685255
1082.0 0.004037147300550714
1083.0 0.003015217043866869
1084.0 0.0019932869690819643
1085.0 0.003366365854162723
1086.0 0.004739444557344541
1087.0 0.004739989526569843
1088.0 0.004740534131997265
1089.0 0.006025541733833961
1090.0 0.007310549699468538
1091.0 0.004261565482011065
1092.0 0.0012125812645535916
1093.0 0.001247867476195097
1094.0 0.0012831536878366023
1095.0 0.002549745113356039
1096.0 0.003816336175077595
1097.0 0.002592193959571887
1098.0 0.0013680511983693577
1099.0 0.0020713569028885104
1100.0 0.0027746624255087227
