ts8/qe_curves/rtm-009_s00/19700101T000000.ecsv
# %ECSV 0.9
# ---
# datatype:
# - {name: amp_name, datatype: string}
# - {name: wavelength, unit: nm, datatype: float32}
# - {name: efficiency, unit: '%', datatype: float32}
# meta: !!omap
# - {MODE: AMP}
# - {TYPE: QE}
# - {CALIBDATE: '1970-01-01T00:00:00'}
# - {INSTRUME: TS8}
# - {OBSTYPE: qe_curves}
# - {DETECTOR: 198}
# - {PICKLEFILE: RaftRun11415.p}
# - {CALIB_ID: 'raftName=RTM-009 detectorName=S00 detector=198 calibDate=1970-01-01T00:00:00 ccd=198 ccdnum=198 filter=None'}
# - {DATE: '2020-01-22T23:03:45.862209'}
# - {CALIB_CREATION_DATE: '2020-01-22'}
# - {CALIB_CREATION_TIME: '23:03:45'}
# - __serialized_columns__:
#     efficiency:
#       __class__: astropy.units.quantity.Quantity
#       unit: !astropy.units.Unit {unit: '%'}
#       value: !astropy.table.SerializedColumn {name: efficiency}
#     wavelength:
#       __class__: astropy.units.quantity.Quantity
#       unit: !astropy.units.Unit {unit: nm}
#       value: !astropy.table.SerializedColumn {name: wavelength}
# schema: astropy-2.0
amp_name wavelength efficiency
C02 319.994 47.633945
C02 324.969 52.876976
C02 349.982 68.17747
C02 374.975 70.9946
C02 400.019 81.72028
C02 424.965 85.88744
C02 450.035 89.998795
C02 475.003 92.47361
C02 500.018 94.88592
C02 525.002 97.50798
C02 550.029 98.224884
C02 575.023 98.66476
C02 599.982 98.82574
C02 619.997 99.279495
C02 624.979 98.844185
C02 650.012 98.55763
C02 675.004 98.28639
C02 700.03 97.56244
C02 725.012 96.77445
C02 750.022 96.627625
C02 774.987 96.01545
C02 799.976 95.409996
C02 824.988 93.22074
C02 850.022 91.04624
C02 869.967 88.20164
C02 875.002 86.94176
C02 899.999 80.542206
C02 919.999 71.41069
C02 925.012 69.24684
C02 949.965 56.43361
C02 975.002 41.78013
C02 999.976 25.22141
C02 1025.028 10.674402
C02 1050.014 3.7823608
C02 1075.002 2.0624375
C02 1099.99 1.5353118
C05 319.994 48.441196
C05 324.969 53.75316
C05 349.982 69.17033
C05 374.975 71.84763
C05 400.019 82.2905
C05 424.965 86.3036
C05 450.035 90.33036
C05 475.003 92.75158
C05 500.018 95.12244
C05 525.002 97.72049
C05 550.029 98.408005
C05 575.023 98.82551
C05 599.982 98.96411
C05 619.997 99.40666
C05 624.979 98.96971
C05 650.012 98.66985
C05 675.004 98.382545
C05 700.03 97.624825
C05 725.012 96.765495
C05 750.022 96.53728
C05 774.987 95.848854
C05 799.976 95.21915
C05 824.988 93.04785
C05 850.022 90.88588
C05 869.967 88.03749
C05 875.002 86.82415
C05 899.999 80.54155
C05 919.999 71.58822
C05 925.012 69.563255
C05 949.965 56.389427
C05 975.002 41.590607
C05 999.976 24.957777
C05 1025.028 10.646018
C05 1050.014 3.7986612
C05 1075.002 2.0675213
C05 1099.99 1.5262866
C10 319.994 49.735783
C10 324.969 55.212833
C10 349.982 71.12053
C10 374.975 73.4127
C10 400.019 83.10091
C10 424.965 86.72246
C10 450.035 90.54919
C10 475.003 92.846565
C10 500.018 95.14013
C10 525.002 97.68591
C10 550.029 98.33823
C10 575.023 98.73426
C10 599.982 98.858925
C10 619.997 99.28372
C10 624.979 98.84258
C10 650.012 98.53138
C10 675.004 98.244965
C10 700.03 97.555824
C10 725.012 96.89661
C10 750.022 96.91436
C10 774.987 96.45885
C10 799.976 95.90804
C10 824.988 93.69359
C10 850.022 91.536385
C10 869.967 88.630806
C10 875.002 87.33036
C10 899.999 80.76875
C10 919.999 71.5521
C10 925.012 69.30351
C10 949.965 56.479958
C10 975.002 41.985603
C10 999.976 25.36607
C10 1025.028 10.736598
C10 1050.014 3.8227978
C10 1075.002 2.0858297
C10 1099.99 1.5342882
C01 319.994 47.415268
C01 324.969 52.631786
C01 349.982 67.86606
C01 374.975 70.73761
C01 400.019 81.5619
C01 424.965 85.790634
C01 450.035 89.92981
C01 475.003 92.422485
C01 500.018 94.84813
C01 525.002 97.48802
C01 550.029 98.210815
C01 575.023 98.655205
C01 599.982 98.82414
C01 619.997 99.27828
C01 624.979 98.84577
C01 650.012 98.55875
C01 675.004 98.295555
C01 700.03 97.56788
C01 725.012 96.7644
C01 750.022 96.600494
C01 774.987 95.976654
C01 799.976 95.36331
C01 824.988 93.18137
C01 850.022 90.99617
C01 869.967 88.15373
C01 875.002 86.90106
C01 899.999 80.53043
C01 919.999 71.39863
C01 925.012 69.265114
C01 949.965 56.4402
C01 975.002 41.76213
C01 999.976 25.182026
C01 1025.028 10.679159
C01 1050.014 3.8021219
C01 1075.002 2.0711114
C01 1099.99 1.5380802
C14 319.994 48.875015
C14 324.969 54.279503
C14 349.982 70.19065
C14 374.975 72.69381
C14 400.019 82.58362
C14 424.965 86.29968
C14 450.035 90.16354
C14 475.003 92.48588
C14 500.018 94.80338
C14 525.002 97.3687
C14 550.029 98.04661
C14 575.023 98.46677
C14 599.982 98.61634
C14 619.997 99.06416
C14 624.979 98.6296
C14 650.012 98.3375
C14 675.004 98.07791
C14 700.03 97.42611
C14 725.012 96.82914
C14 750.022 96.91876
C14 774.987 96.525055
C14 799.976 95.99571
C14 824.988 93.75276
C14 850.022 91.56078
C14 869.967 88.63286
C14 875.002 87.32979
C14 899.999 80.761566
C14 919.999 71.27027
C14 925.012 69.08704
C14 949.965 56.496605
C14 975.002 41.940987
C14 999.976 25.300356
C14 1025.028 10.698557
C14 1050.014 3.7709832
C14 1075.002 2.0529363
C14 1099.99 1.537545
C16 319.994 48.430855
C16 324.969 53.780293
C16 349.982 69.53731
C16 374.975 72.14073
C16 400.019 82.20581
C16 424.965 86.02142
C16 450.035 89.93492
C16 475.003 92.28799
C16 500.018 94.63123
C16 525.002 97.21018
C16 550.029 97.89788
C16 575.023 98.32485
C16 599.982 98.48122
C16 619.997 98.92752
C16 624.979 98.49567
C16 650.012 98.205925
C16 675.004 97.94702
C16 700.03 97.290825
C16 725.012 96.67205
C16 750.022 96.72475
C16 774.987 96.28953
C16 799.976 95.73578
C16 824.988 93.49111
C16 850.022 91.250824
C16 869.967 88.32406
C16 875.002 87.0139
C16 899.999 80.54998
C16 919.999 71.13582
C16 925.012 68.88288
C16 949.965 55.99687
C16 975.002 41.580853
C16 999.976 25.150871
C16 1025.028 10.726244
C16 1050.014 3.7673326
C16 1075.002 2.0521324
C16 1099.99 1.5318539
C12 319.994 49.55362
C12 324.969 55.033993
C12 349.982 71.1374
C12 374.975 73.49726
C12 400.019 83.18092
C12 424.965 86.78748
C12 450.035 90.60007
C12 475.003 92.89055
C12 500.018 95.18874
C12 525.002 97.74413
C12 550.029 98.41347
C12 575.023 98.82288
C12 599.982 98.96238
C12 619.997 99.40782
C12 624.979 98.96723
C12 650.012 98.67254
C12 675.004 98.408195
C12 700.03 97.73944
C12 725.012 97.11348
C12 750.022 97.1741
C12 774.987 96.75486
C12 799.976 96.21181
C12 824.988 93.97903
C12 850.022 91.7956
C12 869.967 88.83894
C12 875.002 87.54382
C12 899.999 80.95337
C12 919.999 71.58827
C12 925.012 69.41576
C12 949.965 56.59345
C12 975.002 42.079193
C12 999.976 25.307081
C12 1025.028 10.71796
C12 1050.014 3.7864141
C12 1075.002 2.0706692
C12 1099.99 1.5377526
C13 319.994 49.2148
C13 324.969 54.65759
C13 349.982 70.67808
C13 374.975 73.09193
C13 400.019 82.85221
C13 424.965 86.496414
C13 450.035 90.32689
C13 475.003 92.62906
C13 500.018 94.93222
C13 525.002 97.49003
C13 550.029 98.165504
C13 575.023 98.57829
C13 599.982 98.72227
C13 619.997 99.16692
C13 624.979 98.73332
C13 650.012 98.44031
C13 675.004 98.17392
C13 700.03 97.51785
C13 725.012 96.9076
C13 750.022 96.98635
C13 774.987 96.58151
C13 799.976 96.05024
C13 824.988 93.807816
C13 850.022 91.62556
C13 869.967 88.697044
C13 875.002 87.3937
C13 899.999 80.78955
C13 919.999 71.355515
C13 925.012 69.1945
C13 949.965 56.562103
C13 975.002 41.972347
C13 999.976 25.292284
C13 1025.028 10.690055
C13 1050.014 3.7715952
C13 1075.002 2.0573134
C13 1099.99 1.5379287
C15 319.994 48.56972
C15 324.969 53.939247
C15 349.982 69.76798
C15 374.975 72.30251
C15 400.019 82.232155
C15 424.965 85.97648
C15 450.035 89.84909
C15 475.003 92.17871
C15 500.018 94.501495
C15 525.002 97.066574
C15 550.029 97.75047
C15 575.023 98.1717
C15 599.982 98.32671
C15 619.997 98.769455
C15 624.979 98.33829
C15 650.012 98.04928
C15 675.004 97.79277
C15 700.03 97.14232
C15 725.012 96.54601
C15 750.022 96.63088
C15 774.987 96.23081
C15 799.976 95.7014
C15 824.988 93.45762
C15 850.022 91.2587
C15 869.967 88.32946
C15 875.002 87.02091
C15 899.999 80.51901
C15 919.999 71.067726
C15 925.012 68.844635
C15 949.965 56.167088
C15 975.002 41.71506
C15 999.976 25.21219
C15 1025.028 10.693136
C15 1050.014 3.7603095
C15 1075.002 2.046572
C15 1099.99 1.5318035
C11 319.994 49.70724
C11 324.969 55.192986
C11 349.982 71.26137
C11 374.975 73.58827
C11 400.019 83.21905
C11 424.965 86.80298
C11 450.035 90.60256
C11 475.003 92.887314
C11 500.018 95.17249
C11 525.002 97.71998
C11 550.029 98.37872
C11 575.023 98.782974
C11 599.982 98.91784
C11 619.997 99.35422
C11 624.979 98.91405
C11 650.012 98.61282
C11 675.004 98.34086
C11 700.03 97.66316
C11 725.012 97.02059
C11 750.022 97.06021
C11 774.987 96.62539
C11 799.976 96.07496
C11 824.988 93.85443
C11 850.022 91.67747
C11 869.967 88.732544
C11 875.002 87.44218
C11 899.999 80.87733
C11 919.999 71.56085
C11 925.012 69.380325
C11 949.965 56.507908
C11 975.002 42.02989
C11 999.976 25.275375
C11 1025.028 10.7118435
C11 1050.014 3.7967212
C11 1075.002 2.0788555
C11 1099.99 1.5372396
C17 319.994 47.947247
C17 324.969 53.24965
C17 349.982 68.87508
C17 374.975 71.56474
C17 400.019 81.78563
C17 424.965 85.685616
C17 450.035 89.638466
C17 475.003 92.01647
C17 500.018 94.37192
C17 525.002 96.95998
C17 550.029 97.660614
C17 575.023 98.09409
C17 599.982 98.25358
C17 619.997 98.70628
C17 624.979 98.27118
C17 650.012 97.98918
C17 675.004 97.72831
C17 700.03 97.060265
C17 725.012 96.3837
C17 750.022 96.36586
C17 774.987 95.85476
C17 799.976 95.27085
C17 824.988 93.04093
C17 850.022 90.77096
C17 869.967 87.85231
C17 875.002 86.55375
C17 899.999 80.189156
C17 919.999 70.91063
C17 925.012 68.668816
C17 949.965 55.652466
C17 975.002 41.296432
C17 999.976 25.012405
C17 1025.028 10.75148
C17 1050.014 3.7880728
C17 1075.002 2.0480776
C17 1099.99 1.5256492
C04 319.994 48.27655
C04 324.969 53.575226
C04 349.982 68.99611
C04 374.975 71.71499
C04 400.019 82.232925
C04 424.965 86.28595
C04 450.035 90.342094
C04 475.003 92.77908
C04 500.018 95.16773
C04 525.002 97.77389
C04 550.029 98.47164
C04 575.023 98.89753
C04 599.982 99.04567
C04 619.997 99.489174
C04 624.979 99.052605
C04 650.012 98.75323
C04 675.004 98.47383
C04 700.03 97.73092
C04 725.012 96.89954
C04 750.022 96.70534
C04 774.987 96.05363
C04 799.976 95.43102
C04 824.988 93.25257
C04 850.022 91.077324
C04 869.967 88.245
C04 875.002 86.96134
C04 899.999 80.505226
C04 919.999 71.62377
C04 925.012 69.457985
C04 949.965 56.25514
C04 975.002 41.540005
C04 999.976 25.168203
C04 1025.028 10.705253
C04 1050.014 3.7845194
C04 1075.002 2.062076
C04 1099.99 1.5303438
C07 319.994 48.765747
C07 324.969 54.073925
C07 349.982 69.27693
C07 374.975 71.93676
C07 400.019 82.41986
C07 424.965 86.45901
C07 450.035 90.51158
C07 475.003 92.9346
C07 500.018 95.30332
C07 525.002 97.88541
C07 550.029 98.55466
C07 575.023 98.94601
C07 599.982 99.063576
C07 619.997 99.48664
C07 624.979 99.044655
C07 650.012 98.71937
C07 675.004 98.411705
C07 700.03 97.62096
C07 725.012 96.702
C07 750.022 96.405716
C07 774.987 95.65243
C07 799.976 94.997765
C07 824.988 92.85621
C07 850.022 90.68744
C07 869.967 87.90821
C07 875.002 86.62408
C07 899.999 80.54243
C07 919.999 71.56288
C07 925.012 69.28612
C07 949.965 56.185654
C07 975.002 41.45347
C07 999.976 25.282509
C07 1025.028 10.737228
C07 1050.014 3.8297791
C07 1075.002 2.0671873
C07 1099.99 1.5240831
C00 319.994 46.889027
C00 324.969 52.050957
C00 349.982 67.15518
C00 374.975 70.129944
C00 400.019 81.16144
C00 424.965 85.48916
C00 450.035 89.686134
C00 475.003 92.21803
C00 500.018 94.66424
C00 525.002 97.320984
C00 550.029 98.06273
C00 575.023 98.517975
C00 599.982 98.69308
C00 619.997 99.15757
C00 624.979 98.72483
C00 650.012 98.44046
C00 675.004 98.17514
C00 700.03 97.43604
C00 725.012 96.58129
C00 750.022 96.35302
C00 774.987 95.65843
C00 799.976 95.0195
C00 824.988 92.85439
C00 850.022 90.659256
C00 869.967 87.817474
C00 875.002 86.57129
C00 899.999 80.33741
C00 919.999 71.261635
C00 925.012 69.12646
C00 949.965 56.236176
C00 975.002 41.594273
C00 999.976 25.1323
C00 1025.028 10.70177
C00 1050.014 3.816381
C00 1075.002 2.073466
C00 1099.99 1.536577
C06 319.994 48.72501
C06 324.969 54.052715
C06 349.982 69.44999
C06 374.975 72.13381
C06 400.019 82.58784
C06 424.965 86.59613
C06 450.035 90.63186
C06 475.003 93.04936
C06 500.018 95.421005
C06 525.002 98.01416
C06 550.029 98.69323
C06 575.023 99.103096
C06 599.982 99.238594
C06 619.997 99.67301
C06 624.979 99.23115
C06 650.012 98.92212
C06 675.004 98.629616
C06 700.03 97.8582
C06 725.012 96.96511
C06 750.022 96.698654
C06 774.987 95.976555
C06 799.976 95.332344
C06 824.988 93.17183
C06 850.022 90.99459
C06 869.967 88.15376
C06 875.002 86.92247
C06 899.999 80.73185
C06 919.999 71.637314
C06 925.012 69.59053
C06 949.965 56.362316
C06 975.002 41.46988
C06 999.976 25.07025
C06 1025.028 10.706086
C06 1050.014 3.8218646
C06 1075.002 2.0728388
C06 1099.99 1.5288671
C03 319.994 47.795837
C03 324.969 53.05315
C03 349.982 68.366264
C03 374.975 71.1479
C03 400.019 81.772766
C03 424.965 85.887276
C03 450.035 89.96961
C03 475.003 92.423996
C03 500.018 94.82442
C03 525.002 97.43836
C03 550.029 98.14327
C03 575.023 98.57807
C03 599.982 98.73377
C03 619.997 99.179726
C03 624.979 98.744415
C03 650.012 98.45431
C03 675.004 98.17995
C03 700.03 97.45323
C03 725.012 96.64816
C03 750.022 96.48805
C03 774.987 95.86506
C03 799.976 95.25788
C03 824.988 93.07112
C03 850.022 90.90694
C03 869.967 88.08267
C03 875.002 86.83955
C03 899.999 80.39892
C03 919.999 71.387146
C03 925.012 69.27961
C03 949.965 56.43627
C03 975.002 41.71632
C03 999.976 25.08543
C03 1025.028 10.609154
C03 1050.014 3.764652
C03 1075.002 2.0604017
C03 1099.99 1.530098
