lsstCam/transmission_filter_detector/r32_s02/r_57/19700101T000000.ecsv
# %ECSV 1.0
# ---
# datatype:
# - {name: wavelength, unit: nm, datatype: float32}
# - {name: efficiency, unit: '%', datatype: float64}
# meta: !!omap
# - {MODE: DETECTOR}
# - {TYPE: transmission_filter_detector}
# - {CALIBDATE: '1970-01-01T00:00:00'}
# - {INSTRUME: LSSTCam}
# - {OBSTYPE: transmission_filter_detector}
# - {CALIBCLS: lsst.ip.isr.IntermediateFilterDetectorTransmissionCurve}
# - {SOURCE: Materion (DM-46256)}
# - {DETECTOR: 137}
# - {FILTER: r_57}
# - {CALIB_ID: 'calibDate=1970-01-01T00:00:00 filter=r_57 detector=137'}
# - {DATE: '2025-04-02T15:59:44.817786'}
# - {CALIB_CREATION_DATE: '2025-04-02'}
# - {CALIB_CREATION_TIME: '15:59:44'}
# - __serialized_columns__:
#     efficiency:
#       __class__: astropy.units.quantity.Quantity
#       unit: !astropy.units.Unit {unit: '%'}
#       value: !astropy.table.SerializedColumn {name: efficiency}
#     wavelength:
#       __class__: astropy.units.quantity.Quantity
#       unit: !astropy.units.Unit {unit: nm}
#       value: !astropy.table.SerializedColumn {name: wavelength}
# schema: astropy-2.0
wavelength efficiency
300.0 0.0017706395738059655
301.0 0.004843414717470296
302.0 0.007916190952528268
303.0 0.009540890459902585
304.0 0.011165592150064185
305.0 0.010267686593579128
306.0 0.009369783219881356
307.0 0.007978470239322633
308.0 0.006587157258763909
309.0 0.005918067836319096
310.0 0.0052489795052679256
311.0 0.005146491093910299
312.0 0.005044003410148434
313.0 0.00446710764663294
314.0 0.003890211519319564
315.0 0.0037365902244346216
316.0 0.0035829685657517985
317.0 0.0034440559829818085
318.0 0.003305142672616057
319.0 0.0028988084523007274
320.0 0.0024924735043896362
321.0 0.0025740642740856856
322.0 0.0026556552256806754
323.0 0.0025611210730858147
324.0 0.002466587466187775
325.0 0.002244462120870594
326.0 0.0020223367755534127
327.0 0.002057079655060079
328.0 0.002091822352667805
329.0 0.0021306032067514025
330.0 0.002169384060835
331.0 0.002141588083759416
332.0 0.0021137921066838317
333.0 0.0019381590391276404
334.0 0.0017625259715714492
335.0 0.0014930864381312858
336.0 0.0012236469046911225
337.0 0.0011430542144807987
338.0 0.001062461615219945
339.0 0.0009696917004475836
340.0 0.0008769216947257519
341.0 0.0008370276191271842
342.0 0.0007971336344780866
343.0 0.0007944579010654707
344.0 0.0007917822586023249
345.0 0.0007352734883170342
346.0 0.0006787647180317435
347.0 0.0006557342203450389
348.0 0.0006327036771835992
349.0 0.0006333215878839837
350.0 0.0030585961212636903
351.0 0.004968951543560252
352.0 0.006879305874463171
353.0 0.00651848895358853
354.0 0.0061576727603096515
355.0 0.004442043791641481
356.0 0.002726414822973311
357.0 0.003534961069817655
358.0 0.004343507680459879
359.0 0.004077524863532744
360.0 0.0038115416828077286
361.0 0.002889900679292623
362.0 0.0019682596757775173
363.0 0.0024734274120419286
364.0 0.0029785953302052803
365.0 0.0022840960809844546
366.0 0.0015895971955615096
367.0 0.0023371771021629684
368.0 0.003084756826865487
369.0 0.002923169631685596
370.0 0.002761581890808884
371.0 0.002733535075094551
372.0 0.002705487895582337
373.0 0.0024727369236643426
374.0 0.0022399855879484676
375.0 0.0016256029994110577
376.0 0.0010112203199241776
377.0 0.001717213490337599
378.0 0.002423206933599431
379.0 0.0021595065845758654
380.0 0.0018958065993501805
381.0 0.0022674181309412234
382.0 0.0026390296625322662
383.0 0.0033957800042117015
384.0 0.004152530163992196
385.0 0.00476086643175222
386.0 0.0053692023357143626
387.0 0.004714337410405278
388.0 0.0040594728488940746
389.0 0.0034622029488673434
390.0 0.0028649326850427315
391.0 0.002361213046242483
392.0 0.0018574939531390555
393.0 0.001754626828187611
394.0 0.0016517598851351067
395.0 0.001357414021185832
396.0 0.0010630681572365575
397.0 0.0009093348126043566
398.0 0.0007556015589216258
399.0 0.0007629998435731977
400.0 0.0007703980372752994
401.0 0.0005861225872649811
402.0 0.00040184695535572246
403.0 0.0004361151695775334
404.0 0.0004703834292740794
405.0 0.0009103016054723412
406.0 0.001350219827145338
407.0 0.0014281016774475574
408.0 0.0015059832549013663
409.0 0.0010401646250102203
410.0 0.0005743460860685445
411.0 0.000772293333284324
412.0 0.0009702406714495737
413.0 0.001316674297413556
414.0 0.0016631081962259486
415.0 0.0017607864720048383
416.0 0.0018584651115816087
417.0 0.0015892226656433195
418.0 0.0013199804016039707
419.0 0.0019015607904293574
420.0 0.002483140633557923
421.0 0.003795174416154623
422.0 0.005107207834953442
423.0 0.008128304034471512
424.0 0.011149400233989581
425.0 0.014766829553991556
426.0 0.01838425814639777
427.0 0.018938696302939206
428.0 0.019493135914672166
429.0 0.015327209257520735
430.0 0.011161282600369304
431.0 0.007686432218179107
432.0 0.00421158219978679
433.0 0.0033294494642177597
434.0 0.0024473167286487296
435.0 0.001958108077815268
436.0 0.0014688994269818068
437.0 0.0010624419701343868
438.0 0.0006559847861353774
439.0 0.0007275243660842534
440.0 0.0007990639460331295
441.0 0.0008904605238058139
442.0 0.0009818571925279684
443.0 0.0013894179573981091
444.0 0.0017969787222682498
445.0 0.0016744024833315052
446.0 0.0015518262443947606
447.0 0.0014590263162972406
448.0 0.0013662264791491907
449.0 0.0012591215636348352
450.0 0.0011520164662215393
451.0 0.0012805277947336435
452.0 0.001409038759447867
453.0 0.0015371399058494717
454.0 0.0016652405975037254
455.0 0.001423825688107172
456.0 0.001182410960609559
457.0 0.0009351187145512085
458.0 0.0006878262865939178
459.0 0.0008848857760312967
460.0 0.0010819453564181458
461.0 0.001579783383931499
462.0 0.0020776215023943223
463.0 0.002802317976602353
464.0 0.0035270142689114437
465.0 0.004445941522135399
466.0 0.005364867683965713
467.0 0.005936455636401661
468.0 0.006508043588837609
469.0 0.005704445720766671
470.0 0.004900848216493614
471.0 0.003705334529513493
472.0 0.0025098202968365513
473.0 0.0018644836018211208
474.0 0.0012191468158562202
475.0 0.00088080405475921
476.0 0.000542461430086405
477.0 0.0006471447250078199
478.0 0.0007518279744544998
479.0 0.0007352051852649311
480.0 0.0007185824870248325
481.0 0.0006084747838031035
482.0 0.0004983671715308446
483.0 0.0006070965355320368
484.0 0.0007158259904826991
485.0 0.0007336025191762019
486.0 0.0007513791388191748
487.0 0.000513602662977064
488.0 0.0002758261871349532
489.0 0.0004910479674435919
490.0 0.0007062697022774955
491.0 0.0007325094429688761
492.0 0.0007587492291349918
493.0 0.0008796166184765752
494.0 0.001000484098767629
495.0 0.0010097224730998278
496.0 0.0010189607564825565
497.0 0.0010686031600926071
498.0 0.001118245654652128
499.0 0.0011563401130842976
500.0 0.0011944347534154076
501.0 0.0012413926015142351
502.0 0.0012883501767646521
503.0 0.00170884195540566
504.0 0.002129333370248787
505.0 0.002492609746695962
506.0 0.0028558861231431365
507.0 0.003574064976419322
508.0 0.004292243465897627
509.0 0.004681931750383228
510.0 0.00507162076246459
511.0 0.004711031942861155
512.0 0.0043504434870556
513.0 0.003672174352686852
514.0 0.0029939055821159855
515.0 0.0027766265702666715
516.0 0.0025593475584173575
517.0 0.0025776735128602013
518.0 0.0025959992854041047
519.0 0.005720015178667381
520.0 0.060550490161404014
521.0 0.1715050544589758
522.0 0.09622840443626046
523.0 0.10421089828014374
524.0 0.10384621564298868
525.0 0.09250068105757236
526.0 0.12503776233643293
527.0 0.09418237023055553
528.0 0.15702390810474753
529.0 0.1137231825850904
530.0 0.19230768084526062
531.0 0.19502356881275773
532.0 0.22361762821674347
533.0 0.26149475015699863
534.0 0.3715501865372062
535.0 0.3574710339307785
536.0 0.44002351351082325
537.0 0.6785461213439703
538.0 1.0245543904602528
539.0 1.536775752902031
540.0 2.4906182661652565
541.0 3.8113828748464584
542.0 5.685949325561523
543.0 8.329344540834427
544.0 11.466540396213531
545.0 15.07781445980072
546.0 19.413459300994873
547.0 24.912916123867035
548.0 31.81614875793457
549.0 39.495497941970825
550.0 46.512916684150696
551.0 54.61708307266235
552.0 60.85193753242493
553.0 66.74093008041382
554.0 71.45631313323975
555.0 75.73844194412231
556.0 79.76622581481934
557.0 82.99469947814941
558.0 86.37831807136536
559.0 89.82192277908325
560.0 91.09147191047668
561.0 93.23809146881104
562.0 94.1995620727539
563.0 94.30763125419617
564.0 95.14532089233398
565.0 94.56816911697388
566.0 95.2551007270813
567.0 94.63054537773132
568.0 95.00616192817688
569.0 95.69374322891235
570.0 95.07730007171631
571.0 96.01085782051086
572.0 95.93968391418457
573.0 96.14492058753967
574.0 96.33762240409851
575.0 96.3039755821228
576.0 96.68123126029968
577.0 96.43055200576782
578.0 96.62395715713501
579.0 96.14217877388
580.0 95.84722518920898
581.0 95.69653868675232
582.0 96.18874192237854
583.0 95.88249921798706
584.0 95.75478434562683
585.0 95.86449265480042
586.0 96.05565071105957
587.0 95.51136493682861
588.0 96.04312777519226
589.0 96.54120206832886
590.0 96.03179097175598
591.0 95.35995125770569
592.0 95.56443095207214
593.0 95.18185257911682
594.0 95.32851576805115
595.0 95.97782492637634
596.0 96.33856415748596
597.0 96.58175110816956
598.0 96.1067795753479
599.0 96.17226719856262
600.0 96.01329565048218
601.0 95.42059302330017
602.0 95.78951001167297
603.0 95.74892520904541
604.0 95.8514928817749
605.0 96.28639817237854
606.0 95.72322964668274
607.0 95.69936990737915
608.0 95.78914046287537
609.0 95.00837326049805
610.0 95.41032910346985
611.0 95.16554474830627
612.0 95.5148458480835
613.0 96.04812860488892
614.0 96.18057608604431
615.0 95.68524360656738
616.0 95.9286093711853
617.0 95.84566950798035
618.0 95.73204517364502
619.0 96.26954793930054
620.0 95.5670714378357
621.0 95.21154761314392
622.0 95.95020413398743
623.0 95.99711298942566
624.0 95.99350094795227
625.0 96.33272886276245
626.0 95.4925537109375
627.0 94.38725113868713
628.0 96.71589136123657
629.0 94.88089084625244
630.0 95.86600661277771
631.0 95.27415633201599
632.0 96.20058536529541
633.0 95.91034650802612
634.0 95.33871412277222
635.0 95.41532397270203
636.0 95.2541708946228
637.0 95.34817934036255
638.0 94.92403864860535
639.0 95.15740275382996
640.0 95.0993001461029
641.0 95.19854784011841
642.0 95.59686183929443
643.0 95.53227424621582
644.0 95.55469155311584
645.0 95.63727974891663
646.0 95.45036554336548
647.0 96.27397656440735
648.0 95.67060470581055
649.0 95.40619850158691
650.0 95.66364288330078
651.0 96.14618420600891
652.0 96.04492783546448
653.0 95.44979929924011
654.0 95.73997855186462
655.0 95.85959911346436
656.0 95.37943005561829
657.0 95.49367427825928
658.0 95.7800030708313
659.0 95.81517577171326
660.0 95.11826038360596
661.0 94.99717354774475
662.0 95.2853262424469
663.0 95.23165822029114
664.0 95.04910707473755
665.0 94.80753540992737
666.0 94.76787447929382
667.0 95.18225193023682
668.0 94.65663433074951
669.0 95.44193744659424
670.0 95.109623670578
671.0 95.3477144241333
672.0 95.00532746315002
673.0 95.17834186553955
674.0 94.59675550460815
675.0 95.12956738471985
676.0 94.36363577842712
677.0 93.51175427436829
678.0 92.823725938797
679.0 92.02709794044495
680.0 91.0001277923584
681.0 89.67699408531189
682.0 87.28389739990234
683.0 84.5992922782898
684.0 80.79989552497864
685.0 77.25931406021118
686.0 73.30599427223206
687.0 68.36421489715576
688.0 63.80838751792908
689.0 59.24995541572571
690.0 53.95097732543945
691.0 49.66566264629364
692.0 45.0041800737381
693.0 40.578463673591614
694.0 35.66632866859436
695.0 30.693897604942322
696.0 25.696510076522827
697.0 20.92484086751938
698.0 15.313887596130371
699.0 11.116303503513336
700.0 7.747825235128403
701.0 4.916872084140778
702.0 3.1054606661200523
703.0 1.815183274447918
704.0 1.0376236401498318
705.0 0.6429034285247326
706.0 0.4190346226096153
707.0 0.25985578540712595
708.0 0.1722777378745377
709.0 0.12919496512040496
710.0 0.06636193138547242
711.0 0.09825887391343713
712.0 0.09507473441772163
713.0 0.0848962867166847
714.0 0.09948136284947395
715.0 0.059355172561481595
716.0 0.06297944928519428
717.0 0.022887739760335535
718.0 0.06786130834370852
719.0 0.07660583942197263
720.0 1.5790802910045643e-10
721.0 0.004605228605214506
722.0 0.004275382525520399
723.0 0.003945536082028411
724.0 0.00369600675185211
725.0 0.0034464774216758087
726.0 0.003180798375979066
727.0 0.002915119330282323
728.0 0.002800359834509436
729.0 0.002685600338736549
730.0 0.0025185105187119916
731.0 0.002351420516788494
732.0 0.0022781863663112745
733.0 0.002204952215834055
734.0 0.0021122603357071057
735.0 0.0020195684555801563
736.0 0.0018852568246074952
737.0 0.0017509451936348341
738.0 0.0017265772839891724
739.0 0.0017022091924445704
740.0 0.0016312858861056156
741.0 0.0015603623978677206
742.0 0.0014483583072433248
743.0 0.0013363538528210483
744.0 0.001436565798940137
745.0 0.0015367775631602854
746.0 0.0013814179510518443
747.0 0.0012260581570444629
748.0 0.0012156341654190328
749.0 0.0012052101737936027
750.0 0.0012380271073197946
751.0 0.0012708444046438672
752.0 0.001283923029404832
753.0 0.0012970017451152671
754.0 0.001230971702170791
755.0 0.0011649418411252555
756.0 0.0010703163752623368
757.0 0.0009756910912983585
758.0 0.0009542348379909527
759.0 0.0009327788575319573
760.0 0.0008946920388552826
761.0 0.000856605311128078
762.0 0.000911245933821192
763.0 0.0009658868293627165
764.0 0.0010039128028438427
765.0 0.0010419386853754986
766.0 0.0008466249710181728
767.0 0.0006513112111861119
768.0 0.0006220317118277308
769.0 0.0005927519850956742
770.0 0.0005799125119665405
771.0 0.0005670729933626717
772.0 0.0006368068170559127
773.0 0.0007065404133754782
774.0 0.0008214220542868134
775.0 0.0009363037861476187
776.0 0.0009881791811494622
777.0 0.0010400550308986567
778.0 0.000891249055712251
779.0 0.0007424433988489909
780.0 0.0007359082701441366
781.0 0.000729373459762428
782.0 0.0007938234375615139
783.0 0.0008582735972595401
784.0 0.0007928987542982213
785.0 0.0007275240022863727
786.0 0.0007743235983070917
787.0 0.0008211231943278108
788.0 0.0006666166427748976
789.0 0.0005121100912219845
790.0 0.000635498327028472
791.0 0.0007588867447338998
792.0 0.0007633323548361659
793.0 0.0007677777830394916
794.0 0.0007878929864091333
795.0 0.000808008189778775
796.0 0.0006762222255929373
797.0 0.0005444362159323646
798.0 0.0006671512892353348
799.0 0.0007898664989625104
800.0 0.0008240424904215615
801.0 0.0008582182090322021
802.0 0.0008625435839348938
803.0 0.0008668689588375855
804.0 0.0007601860033901175
805.0 0.0006535031388921198
806.0 0.0006724296326865442
807.0 0.0006913558991072932
808.0 0.0006560599558724789
809.0 0.0006207638307387242
810.0 0.0006299469532677904
811.0 0.0006391299393726513
812.0 0.0005653930656990269
813.0 0.0004916560556011973
814.0 0.00046345917326107156
815.0 0.0004352623363956809
816.0 0.0006058878625481157
817.0 0.0007765134796500206
818.0 0.0006451665285567287
819.0 0.0005138193500897614
820.0 0.0005241801318334183
821.0 0.0005345408226276049
822.0 0.0005962009709037375
823.0 0.0006578610737051349
824.0 0.0005334105480869766
825.0 0.0004089597950951429
826.0 0.0004285763225198025
827.0 0.00044819284994446207
828.0 0.0004197157977614552
829.0 0.0003912387001037132
830.0 0.00015620394151483197
831.0 1.5790802910045643e-10
832.0 1.5790802910045643e-10
833.0 1.5790802910045643e-10
834.0 1.5790802910045643e-10
835.0 9.505335469839338e-05
836.0 0.0001626964944989595
837.0 0.0002303396513525513
838.0 0.0006643352207902353
839.0 0.001098330812965287
840.0 0.001435966623830609
841.0 0.0017736025256454013
842.0 0.002041780317085795
843.0 0.0023099584723240696
844.0 0.002212059189332649
845.0 0.002114160088240169
846.0 0.0018068043573293835
847.0 0.0014994483535701875
848.0 0.001395894378219964
849.0 0.0012923402209708001
850.0 0.0012690527000813745
851.0 0.0012457651791919488
852.0 0.0011823348359030206
853.0 0.0011189046745130327
854.0 0.0009343159945274238
855.0 0.0007497272235923447
856.0 0.0006016071893100161
857.0 0.0004534870186034823
858.0 0.0004613502824213356
859.0 0.00046921354623918887
860.0 0.0003612090267779422
861.0 0.0002532044391045929
862.0 0.00031009942631499143
863.0 0.0003669943680506549
864.0 0.00024004323222470703
865.0 0.00011309213050481048
866.0 8.497079306835076e-05
867.0 5.68494272101816e-05
868.0 8.220135327974276e-05
869.0 0.00010755327366496203
870.0 3.0888733704159677e-05
871.0 1.5790802910045643e-10
872.0 1.5790802910045643e-10
873.0 1.5790802910045643e-10
874.0 1.5790802910045643e-10
875.0 1.5790802910045643e-10
876.0 3.1718769832878024e-05
877.0 0.00012273696938791545
878.0 0.00015218375892800395
879.0 0.00018163054846809246
880.0 0.00015294600643755984
881.0 0.00012426145303834346
882.0 0.00012812347449653316
883.0 0.0001319854845860391
884.0 6.480602223746246e-05
885.0 1.5790802910045643e-10
886.0 9.861979606284876e-05
887.0 0.00019961305497417925
888.0 0.00017453764940000838
889.0 0.00014946226656320505
890.0 8.808348752609163e-05
891.0 2.670472554200387e-05
892.0 1.116126284728125e-05
893.0 1.5790802910045643e-10
894.0 4.0440514226247615e-05
895.0 8.526322972102207e-05
896.0 3.498652461075835e-05
897.0 1.5790802910045643e-10
898.0 4.603874685926712e-05
899.0 0.00010736762305896264
900.0 4.8040243427749374e-05
