lsstCam/transmission_filter_detector/r32_s02/r_57/19700101T000000.ecsv
# %ECSV 1.0
# ---
# datatype:
# - {name: wavelength, unit: nm, datatype: float32}
# - {name: efficiency, unit: '%', datatype: float64}
# meta: !!omap
# - {MODE: DETECTOR}
# - {TYPE: transmission_filter_detector}
# - {CALIBDATE: '1970-01-01T00:00:00'}
# - {INSTRUME: LSSTCam}
# - {OBSTYPE: transmission_filter_detector}
# - {CALIBCLS: lsst.ip.isr.IntermediateFilterDetectorTransmissionCurve}
# - {SOURCE: Materion (DM-46256)}
# - {DETECTOR: 137}
# - {FILTER: r_57}
# - {CALIB_ID: 'calibDate=1970-01-01T00:00:00 filter=r_57 detector=137'}
# - {DATE: '2025-04-02T15:59:44.817786'}
# - {CALIB_CREATION_DATE: '2025-04-02'}
# - {CALIB_CREATION_TIME: '15:59:44'}
# - __serialized_columns__:
#     efficiency:
#       __class__: astropy.units.quantity.Quantity
#       unit: !astropy.units.Unit {unit: '%'}
#       value: !astropy.table.SerializedColumn {name: efficiency}
#     wavelength:
#       __class__: astropy.units.quantity.Quantity
#       unit: !astropy.units.Unit {unit: nm}
#       value: !astropy.table.SerializedColumn {name: wavelength}
# schema: astropy-2.0
wavelength efficiency
[from data line 602]
902.0 7.331209417316131e-06
903.0 2.594956356460898e-05
904.0 1.5148843601764383e-05
905.0 4.348136428689031e-06
906.0 5.0896557013402344e-05
907.0 9.744501312525244e-05
908.0 0.00011789570635301061
909.0 0.00013834641094945255
910.0 2.5881203669086972e-05
911.0 1.5790802910045643e-10
912.0 1.1881685679782095e-05
913.0 0.00011034740055038128
914.0 7.49414198253362e-05
915.0 3.953542773160734e-05
916.0 5.8864327456831234e-05
917.0 7.819320444468758e-05
918.0 0.00012419869790392113
919.0 0.0001702041799944709
920.0 0.00011119436749140732
921.0 5.218454361965996e-05
922.0 0.00013054930150246946
923.0 0.0002089140480165952
924.0 0.00017562922494107625
925.0 0.00014234439049687353
926.0 0.0001482578909417498
927.0 0.0001541713686492585
928.0 0.00011524635965542984
929.0 7.632133360857551e-05
930.0 0.00012108915825592703
931.0 0.00016585694311288535
932.0 7.136301292121061e-05
933.0 1.5790802910045643e-10
934.0 1.5790802910045643e-10
935.0 1.0298634833816322e-05
936.0 7.993266422090528e-05
937.0 0.0001495666651862848
938.0 0.00014189238299877616
939.0 0.00013421807807389996
940.0 0.00020813170067413012
941.0 0.0002820452664309414
942.0 0.0003647963694675127
943.0 0.000447547472504084
944.0 0.00035377147469262127
945.0 0.00025999547688115854
946.0 0.00040014633668761235
947.0 0.0005402971964940662
948.0 0.0004110053851036355
949.0 0.00028171364192530746
950.0 0.0003870126420224551
951.0 0.0004923117558064405
952.0 0.0006527679033752065
953.0 0.0008132242328429129
954.0 0.0009388594662596006
955.0 0.0010644948815752286
956.0 0.0012175476513220929
957.0 0.001370600421068957
958.0 0.0016311601939378306
959.0 0.0018917202396551147
960.0 0.0020415192921063863
961.0 0.002191318526456598
962.0 0.002298911931575276
963.0 0.002406504972896073
964.0 0.002456479523971211
965.0 0.002506453893147409
966.0 0.002573188248788938
967.0 0.002639922604430467
968.0 0.0025929857656592503
969.0 0.002546049472584855
970.0 0.002558993401180487
971.0 0.00257193751167506
972.0 0.002673472226888407
973.0 0.0027750071240006946
974.0 0.002934132862719707
975.0 0.0030932584195397794
976.0 0.003052757165278308
977.0 0.0030122559110168368
978.0 0.0030427423553192057
979.0 0.0030732287996215746
980.0 0.0030410534236580133
981.0 0.0030088778657955118
982.0 0.003025447585969232
983.0 0.003042017124244012
984.0 0.0028618040232686326
985.0 0.0026815909222932532
986.0 0.0025889479729812592
987.0 0.002496305023669265
988.0 0.0024700335416127928
989.0 0.002443762423354201
990.0 0.002467260492267087
991.0 0.002490758379281033
992.0 0.0025340406864415854
993.0 0.0025773233574000187
994.0 0.002621999919938389
995.0 0.0026666766643757
996.0 0.002695278817554936
997.0 0.0027238809707341716
998.0 0.002900027720897924
999.0 0.0030761744710616767
1000.0 0.003169820411130786
1001.0 0.003263466351199895
1002.0 0.0034896875149570405
1003.0 0.003715908678714186
1004.0 0.0037623736716341227
1005.0 0.003808838300756179
1006.0 0.0039975784602575
1007.0 0.004186318983556703
1008.0 0.004222512507112697
1009.0 0.00425870566687081
1010.0 0.004176106449449435
1011.0 0.00409350723202806
1012.0 0.00400759163312614
1013.0 0.003921675670426339
1014.0 0.0037184108805377036
1015.0 0.0035151457268511876
1016.0 0.00324803295370657
1017.0 0.0029809196348651312
1018.0 0.0026985690055880696
1019.0 0.0024162185582099482
1020.0 0.002166472222597804
1021.0 0.0019167260688846
1022.0 0.0016687472452758811
1023.0 0.0014207684216671623
1024.0 0.0013337637938093394
1025.0 0.0012467592569009867
1026.0 0.0011290389011264779
1027.0 0.0010113186363014393
1028.0 0.0009811416020966135
1029.0 0.0009509645678917877
1030.0 0.000952297978074057
1031.0 0.0009536313882563263
1032.0 0.0009445977411814965
1033.0 0.0009355640941066667
1034.0 0.0008033232916204724
1035.0 0.0006710822617606027
1036.0 0.0006721585577906808
1037.0 0.0006732347628712887
1038.0 0.0006933816621312872
1039.0 0.0007135285613912856
1040.0 0.0006643540018558269
1041.0 0.0006151794423203683
1042.0 0.0006380068953149021
1043.0 0.0006608342573599657
1044.0 0.0007719100722169969
1045.0 0.000882985841599293
1046.0 0.000912227278604405
1047.0 0.0009414688975084573
1048.0 0.0007287449989235029
1049.0 0.0005160212822374888
1050.0 0.0007049708528938936
1051.0 0.0008939205144997686
1052.0 0.0008926648661145009
1053.0 0.0008914087629818823
1054.0 0.0008463117410428822
1055.0 0.0008012145372049417
1056.0 0.0007892458597780205
1057.0 0.0007772772733005695
1058.0 0.0008571983926231042
1059.0 0.0009371194209961686
1060.0 0.0009975484317692462
1061.0 0.0010579771696939133
1062.0 0.0012448768757167272
1063.0 0.0014317765817395411
1064.0 0.0014176399417920038
1065.0 0.0014035032108949963
1066.0 0.0016301337382174097
1067.0 0.0018567645383882336
1068.0 0.0019098475604550913
1069.0 0.0019629304006230086
1070.0 0.0020884892364847474
1071.0 0.002214048072346486
1072.0 0.0018803712009685114
1073.0 0.001546693965792656
1074.0 0.0019451963453320786
1075.0 0.0023436983610736206
1076.0 0.0026082985641551204
1077.0 0.00287289858533768
1078.0 0.003079904490732588
1079.0 0.0032869105780264363
1080.0 0.00390894892916549
1081.0 0.004530986916506663
1082.0 0.004291884397389367
1083.0 0.0040527818782720715
1084.0 0.004489022467168979
1085.0 0.0049252626922680065
1086.0 0.004516028275247663
1087.0 0.004106792766833678
1088.0 0.004184261342743412
1089.0 0.004261730282451026
1090.0 0.0034195054468000308
1091.0 0.002577280429250095
1092.0 0.003107365409960039
1093.0 0.0036374505725689232
1094.0 0.0036594887205865234
1095.0 0.0036815268686041236
1096.0 0.003256503987358883
1097.0 0.0028314807423157617
1098.0 0.0030873703508405015
1099.0 0.0033432599593652412
1100.0 0.0028407068384694867
1101.0 0.002338153171876911
