lsstCam/transmission_sensor/r42_s10/19700101T000000.ecsv
# %ECSV 1.0
# ---
# datatype:
# - {name: amp_name, datatype: string}
# - {name: wavelength, unit: nm, datatype: float32}
# - {name: efficiency, unit: '%', datatype: float64}
# meta: !!omap
# - {MODE: AMP}
# - {TYPE: transmission_sensor}
# - {CALIBDATE: '1970-01-01T00:00:00'}
# - {INSTRUME: LSSTCam}
# - {OBSTYPE: transmission_sensor}
# - {DETECTOR: 174}
# - {PARQUETFILE: qe_raft_allvalues_nircorrected_20230725_adjust.parquet}
# - {CORRFILE: qe_corr_factor_bydetnum.parquet}
# - {CALIBCLS: lsst.ip.isr.IntermediateSensorTransmissionCurve}
# - {CALIB_ID: 'raftName=R42 detectorName=S10 detector=174 calibDate=1970-01-01T00:00:00 ccd=174 ccdnum=174 filter=None'}
# - {DATE: '2025-03-03T21:56:48.366751'}
# - {CALIB_CREATION_DATE: '2025-03-03'}
# - {CALIB_CREATION_TIME: '21:56:48'}
# - __serialized_columns__:
#     efficiency:
#       __class__: astropy.units.quantity.Quantity
#       unit: !astropy.units.Unit {unit: '%'}
#       value: !astropy.table.SerializedColumn {name: efficiency}
#     wavelength:
#       __class__: astropy.units.quantity.Quantity
#       unit: !astropy.units.Unit {unit: nm}
#       value: !astropy.table.SerializedColumn {name: wavelength}
# schema: astropy-2.0
amp_name wavelength efficiency
C00 319.994 49.19641213962088
C00 324.969 51.30012375043215
C00 349.982 61.339000987433316
C00 374.975 74.07398369321422
C00 400.019 84.08821708133956
C00 424.965 85.5744490638001
C00 450.035 85.12929960897763
C00 475.003 86.5270396918728
C00 500.018 85.95196531416059
C00 525.002 86.72242279685375
C00 550.029 88.50747825916498
C00 575.023 90.89591413237406
C00 599.982 91.83537008471659
C00 619.997 93.16868954036173
C00 624.979 93.45892052900918
C00 650.012 94.2021095333579
C00 675.004 95.61070935692408
C00 700.03 97.09117714582251
C00 725.012 97.49738370893942
C00 750.022 98.21364240096602
C00 774.987 99.26961960476855
C00 799.976 98.84131696633025
C00 824.988 98.85236884678665
C00 850.022 98.07544778171251
C00 869.967 96.76872815795862
C00 875.002 95.82861893034571
C00 899.999 91.14720222931597
C00 919.999 85.23725142600864
C00 925.012 82.79711457934324
C00 949.965 72.91672576572988
C00 975.002 57.19116415606007
C00 999.976 38.26881922480649
C00 1025.028 20.81758295350436
C00 1050.014 9.820765916804856
C00 1075.002 0.9356693950327637
C00 1099.99 0.09283625779334277
C01 319.994 49.42971210985333
C01 324.969 51.56354739622013
C01 349.982 61.781130004829244
C01 374.975 74.40444106733372
C01 400.019 84.18404872070734
C01 424.965 85.50154354362665
C01 450.035 84.9401725754094
C01 475.003 86.25257953681124
C01 500.018 85.67343179564848
C01 525.002 86.47707566207652
C01 550.029 88.34096992113444
C01 575.023 90.848632373982
C01 599.982 91.90536276574332
C01 619.997 93.30861341768386
C01 624.979 93.61132580679111
C01 650.012 94.39786923231824
C01 675.004 95.81353211439584
C01 700.03 97.2996718697594
C01 725.012 97.7482721551277
C01 750.022 98.49904683820415
C01 774.987 99.60994527826637
C01 799.976 99.16127582257532
C01 824.988 99.1217334547393
C01 850.022 98.31141080937066
C01 869.967 96.9677465476794
C01 875.002 96.00894596174246
C01 899.999 91.24356417449145
C01 919.999 85.26512706607495
C01 925.012 82.83299092007375
C01 949.965 73.0305416890114
C01 975.002 57.12033758836469
C01 999.976 38.143517185153556
C01 1025.028 20.863975104689995
C01 1050.014 9.887066631855062
C01 1075.002 0.9383880737062842
C01 1099.99 0.0931060025937307
C02 319.994 49.35232204708857
C02 324.969 51.475716457516555
C02 349.982 61.77879358503874
C02 374.975 74.61586400160014
C02 400.019 84.45690258716292
C02 424.965 85.70182237033968
C02 450.035 85.04800910856918
C02 475.003 86.2745680138528
C02 500.018 85.64443405923541
C02 525.002 86.4237607144228
C02 550.029 88.29104431929524
C02 575.023 90.82359271714823
C02 599.982 91.92679788020291
C02 619.997 93.36102146555046
C02 624.979 93.67154241553652
C02 650.012 94.48461650263215
C02 675.004 95.90162436320757
C02 700.03 97.40080656720428
C02 725.012 97.8673603941207
C02 750.022 98.63660355337011
C02 774.987 99.76461780551607
C02 799.976 99.31856913649791
C02 824.988 99.27551445338473
C02 850.022 98.4570143387493
C02 869.967 97.10428876477843
C02 875.002 96.14704835389897
C02 899.999 91.33720542030562
C02 919.999 85.33638786968535
C02 925.012 82.91107652886167
C02 949.965 73.15072128198548
C02 975.002 57.240374997897575
C02 999.976 38.23125589676014
C02 1025.028 20.940396782936322
C02 1050.014 9.901693273018891
C02 1075.002 0.9396984131053383
C02 1099.99 0.09323601326512077
C03 319.994 49.2874556555364
C03 324.969 51.38740516934947
C03 349.982 61.69896718979507
C03 374.975 74.77640832069177
C03 400.019 84.79266301935955
C03 424.965 86.05122472729995
C03 450.035 85.35920639059985
C03 475.003 86.55004266698128
C03 500.018 85.88334835399735
C03 525.002 86.62606085167826
C03 550.029 88.48665799201868
C03 575.023 91.00375835112524
C03 599.982 92.09937783545219
C03 619.997 93.5281446508943
C03 624.979 93.8367365174349
C03 650.012 94.65707348841877
C03 675.004 96.07519575974953
C03 700.03 97.57615333536339
C03 725.012 98.03525982419755
C03 750.022 98.79909232709001
C03 774.987 99.92239531169787
C03 799.976 99.47583939364625
C03 824.988 99.44255309722298
C03 850.022 98.6270196208742
C03 869.967 97.26459483053615
C03 875.002 96.30923738955364
C03 899.999 91.47695252902518
C03 919.999 85.47744152894566
C03 925.012 83.0500012792997
C03 949.965 73.27843275454738
C03 975.002 57.37302062014863
C03 999.976 38.30338132940485
C03 1025.028 21.003107366096266
C03 1050.014 9.874382523921659
C03 1075.002 0.9412464806917867
C03 1099.99 0.09338961110886772
C04 319.994 49.03092982804439
C04 324.969 51.09149068584978
C04 349.982 61.35570177758058
C04 374.975 74.65665912083699
C04 400.019 84.85049709476596
C04 424.965 86.15250545098176
C04 450.035 85.45008850909564
C04 475.003 86.6215955230655
C04 500.018 85.92704862678949
C04 525.002 86.64099395579981
C04 550.029 88.48974759976797
C04 575.023 90.97350017771993
C04 599.982 92.04363424091098
C04 619.997 93.45849013588987
C04 624.979 93.76553719855583
C04 650.012 94.58663504308991
C04 675.004 95.9960572249376
C04 700.03 97.49193462462539
C04 725.012 97.94484652677815
C04 750.022 98.68398522445057
C04 774.987 99.79167877289227
C04 799.976 99.34233298515659
C04 824.988 99.32791481565992
C04 850.022 98.51520195136086
C04 869.967 97.15157052317049
C04 875.002 96.20392173037835
C04 899.999 91.40380875551784
C04 919.999 85.44100414004177
C04 925.012 83.03429961603655
C04 949.965 73.24541545382367
C04 975.002 57.32348314067594
C04 999.976 38.28947809453306
C04 1025.028 21.02067662807355
C04 1050.014 9.882243923241436
C04 1075.002 0.9401500512036949
C04 1099.99 0.09328082438232832
C05 319.994 48.766922077308784
C05 324.969 50.7944886911647
C05 349.982 61.00365173437744
C05 374.975 74.499081440032
C05 400.019 84.87567509224522
C05 424.965 86.22438110190545
C05 450.035 85.51120433203673
C05 475.003 86.66665614553828
C05 500.018 85.94912164533662
C05 525.002 86.64086330074574
C05 550.029 88.47000331541992
C05 575.023 90.92913125847458
C05 599.982 91.97734601494682
C05 619.997 93.38154199463155
C05 624.979 93.68612198245293
C05 650.012 94.50130192159658
C05 675.004 95.91653441055487
C05 700.03 97.41185844766069
C05 725.012 97.83958466674278
C05 750.022 98.5574265906011
C05 774.987 99.63347855918258
C05 799.976 99.18377923424175
C05 824.988 99.1864230776889
C05 850.022 98.37314147962505
C05 869.967 97.0102862961677
C05 875.002 96.06811733005527
C05 899.999 91.33139511319503
C05 919.999 85.4504036183437
C05 925.012 83.05831708921197
C05 949.965 73.19611238488918
C05 975.002 57.17538947967846
C05 999.976 38.2545317103639
C05 1025.028 21.0439236207095
C05 1050.014 9.942746820267097
C05 1075.002 0.9389445464823183
C05 1099.99 0.09316121531134776
C06 319.994 48.51949214725777
C06 324.969 50.52391360256401
C06 349.982 60.657723264737264
C06 374.975 74.30864785592304
C06 400.019 84.85647648488771
C06 424.965 86.26785849254652
C06 450.035 85.55042390503326
C06 475.003 86.70697475810732
C06 500.018 85.98162401143544
C06 525.002 86.67320426942483
C06 550.029 88.47147894897182
C06 575.023 90.91941667092459
C06 599.982 91.9353212010834
C06 619.997 93.31974215405441
C06 624.979 93.62271585326982
C06 650.012 94.40895954073173
C06 675.004 95.84062382413771
C06 700.03 97.33466436747705
C06 725.012 97.74753433835176
C06 750.022 98.43711634257293
C06 774.987 99.48513895925977
C06 799.976 99.03495544205974
C06 824.988 99.03456347689752
C06 850.022 98.2240179493778
C06 869.967 96.87110792121294
C06 875.002 95.9137368552794
C06 899.999 91.25522321666972
C06 919.999 85.49434983006115
C06 925.012 83.11945596892731
C06 949.965 73.05144649766328
C06 975.002 56.837692278444955
C06 999.976 38.13574705223185
C06 1025.028 21.054030173421715
C06 1050.014 10.006066486546768
C06 1075.002 0.9377986025935083
C06 1099.99 0.09304751581145705
C07 319.994 48.31333768590711
C07 324.969 50.28400786650939
C07 349.982 60.359391662737195
C07 374.975 74.17618668786596
C07 400.019 84.95330725113958
C07 424.965 86.44431967146095
C07 450.035 85.787339946027
C07 475.003 86.99048085426567
C07 500.018 86.2759975338562
C07 525.002 86.96638652517609
C07 550.029 88.77478312861813
C07 575.023 91.16153585730706
C07 599.982 92.12004439077018
C07 619.997 93.47261625291273
C07 624.979 93.76724339985022
C07 650.012 94.55379451096877
C07 675.004 95.97428394445569
C07 700.03 97.46927750113063
C07 725.012 97.8657925334718
C07 750.022 98.55502868607927
C07 774.987 99.57435330441825
C07 799.976 99.14168525005559
C07 824.988 99.17239687335446
C07 850.022 98.36118269938154
C07 869.967 96.97010602424416
C07 875.002 96.04467627623606
C07 899.999 91.50422100736962
C07 919.999 85.78697103763902
C07 925.012 83.38912800053662
C07 949.965 72.95039634172396
C07 975.002 56.57109064060639
C07 999.976 38.063971313996575
C07 1025.028 21.16374391228488
C07 1050.014 10.104999262050951
C07 1075.002 0.9389220264674711
C07 1099.99 0.09315898089616334
C10 319.994 49.14970680058504
C10 324.969 51.24159412900258
C10 349.982 61.273239224481166
C10 374.975 74.06889583169674
C10 400.019 84.07887908776895
C10 424.965 85.57351910723874
C10 450.035 85.10106274611475
C10 475.003 86.488073743393
C10 500.018 85.91131622116066
C10 525.002 86.6843868049353
C10 550.029 88.46938846810663
C10 575.023 90.84943167548927
C10 599.982 91.77619871640377
C10 619.997 93.09901965417447
C10 624.979 93.38683736711727
C10 650.012 94.12381641360174
C10 675.004 95.52691335371397
C10 700.03 96.99259406472775
C10 725.012 97.40398071645916
C10 750.022 98.08456289313204
C10 774.987 99.15525031890506
C10 799.976 98.69581334964
C10 824.988 98.70284566578576
C10 850.022 97.924195342643
C10 869.967 96.58020828611227
C10 875.002 95.60971023003998
C10 899.999 90.73358675607389
C10 919.999 84.83517971107361
C10 925.012 82.49027502764552
C10 949.965 72.69319033939162
C10 975.002 57.26246338762754
C10 999.976 38.23245484902106
C10 1025.028 20.84237859281066
C10 1050.014 9.656130941682
C10 1075.002 0.9344398404893486
C10 1099.99 0.09271426252111366
C11 319.994 49.424766431777044
C11 324.969 51.5471463441381
C11 349.982 61.717796888764596
C11 374.975 74.41317958477387
C11 400.019 84.26121205852532
C11 424.965 85.62820209016454
C11 450.035 85.08044998993668
C11 475.003 86.43634971316241
C11 500.018 85.86681664686124
C11 525.002 86.69205702516861
C11 550.029 88.54571407646026
C11 575.023 91.03250246302159
C11 599.982 92.04148227531446
C11 619.997 93.4165806058977
C11 624.979 93.71384391069093
C11 650.012 94.46884566904625
C11 675.004 95.8831097734861
C11 700.03 97.36213267119831
C11 725.012 97.80461522579938
C11 750.022 98.53558413979644
C11 774.987 99.64861917427235
C11 799.976 99.18790639683222
C11 824.988 99.13785782553036
C11 850.022 98.33498251824393
C11 869.967 96.94061640998045
C11 875.002 95.94239642567015
C11 899.999 91.06142334352049
C11 919.999 85.23487657826105
C11 925.012 82.8746468255492
C11 949.965 72.98402080416955
C11 975.002 57.23555228928395
C11 999.976 38.2315710060082
C11 1025.028 20.97397897462912
C11 1050.014 9.741443888497866
C11 1075.002 0.9387362767919322
C11 1099.99 0.09314055098400109
C12 319.994 49.332704574998886
C12 324.969 51.43949042237661
C12 349.982 61.68448753556707
C12 374.975 74.58246242130564
C12 400.019 84.49235622036554
C12 424.965 85.79628597443538
C12 450.035 85.1675431118643
C12 475.003 86.44736316566174
C12 500.018 85.84562747132696
C12 525.002 86.64096321343415
C12 550.029 88.51364210348072
C12 575.023 91.00860795930882
C12 599.982 92.05181171017774
C12 619.997 93.44385676983356
C12 624.979 93.74533946431424
C12 650.012 94.52424341197373
C12 675.004 95.932697209303
C12 700.03 97.41808377670776
C12 725.012 97.87772825694105
C12 750.022 98.6253057339884
C12 774.987 99.75022269279364
C12 799.976 99.2961272095628
C12 824.988 99.25223479698526
C12 850.022 98.45021259034603
C12 869.967 97.03028420503249
C12 875.002 96.03921950633061
C12 899.999 91.14102301381739
C12 919.999 85.30599135563455
C12 925.012 82.9419572351717
C12 949.965 73.01803723177736
C12 975.002 57.28696889585789
C12 999.976 38.29163006012958
C12 1025.028 21.033190692296866
C12 1050.014 9.763151841452736
C12 1075.002 0.9395909175858095
C12 1099.99 0.09322534765842723
C13 319.994 49.21826227601695
C13 324.969 51.30140340140293
C13 349.982 61.56858113142036
C13 374.975 74.72104132012994
C13 400.019 84.80097114368039
C13 424.965 86.10462421645926
C13 450.035 85.42424186516318
C13 475.003 86.64862574807603
C13 500.018 86.00126838309508
C13 525.002 86.75929826446836
C13 550.029 88.61746675792128
C13 575.023 91.11376222106436
C13 599.982 92.16986239432956
C13 619.997 93.56898588367963
C13 624.979 93.87703975882111
C13 650.012 94.67225253146565
C13 675.004 96.08706231289605
C13 700.03 97.5785896678423
C13 725.012 98.03850314377516
C13 750.022 98.77968620876428
C13 774.987 99.90643233832657
C13 799.976 99.45255205165537
C13 824.988 99.41609160597723
C13 850.022 98.6111642457827
C13 869.967 97.17549576924891
C13 875.002 96.17799823053174
C13 899.999 91.23610146522638
C13 919.999 85.41387400234281
C13 925.012 83.05807883587806
C13 949.965 73.0747030972885
C13 975.002 57.39500909719019
C13 999.976 38.33826238604697
C13 1025.028 21.054562400627283
C13 1050.014 9.763067299947158
C13 1075.002 0.9410617268384854
C13 1099.99 0.09337128000127304
C14 319.994 48.9887743591269
C14 324.969 51.039551459059545
C14 349.982 61.27099118899195
C14 374.975 74.64802051608525
C14 400.019 84.90984523168135
C14 424.965 86.24296486194966
C14 450.035 85.53658984048423
C14 475.003 86.72267642137048
C14 500.018 86.03823607780669
C14 525.002 86.76007450920139
C14 550.029 88.60141924304439
C14 575.023 91.07891574958362
C14 599.982 92.12388718647824
C14 619.997 93.52860578637927
C14 624.979 93.8310645509698
C14 650.012 94.63765968450163
C14 675.004 96.05362999023586
C14 700.03 97.55057568713049
C14 725.012 97.99883780647649
C14 750.022 98.71857038582317
C14 774.987 99.82917677341159
C14 799.976 99.37224530694819
C14 824.988 99.35089473399417
C14 850.022 98.54605191530521
C14 869.967 97.09323688432204
C14 875.002 96.09942074389319
C14 899.999 91.15006895491418
C14 919.999 85.34605634368685
C14 925.012 83.0020739312287
C14 949.965 73.04429121205486
C14 975.002 57.46853715026834
C14 999.976 38.38542501777208
C14 1025.028 21.050433316638962
C14 1050.014 9.766845728827114
C14 1075.002 0.9404796532018426
C14 1099.99 0.0933135271897854
C15 319.994 48.75424469426787
C15 324.969 50.779997508549584
C15 349.982 60.95693486695448
C15 374.975 74.51681978502043
C15 400.019 84.9538452425387
C15 424.965 86.32980435936055
C15 450.035 85.59266391545633
C15 475.003 86.75173564251489
C15 500.018 86.03864341415175
C15 525.002 86.74610978959828
C15 550.029 88.55839530229687
C15 575.023 91.0332249086147
C15 599.982 92.06721363537568
C15 619.997 93.46163354277908
C15 624.979 93.76649789748285
C15 650.012 94.56134944733083
C15 675.004 95.99404359998658
C15 700.03 97.48892955838168
C15 725.012 97.9190536819856
C15 750.022 98.61777385440058
C15 774.987 99.69715368406524
C15 799.976 99.2395305143744
C15 824.988 99.22918570832827
C15 850.022 98.4166188702661
C15 869.967 96.96846899327252
C15 875.002 95.96332429109628
C15 899.999 91.07274421967647
C15 919.999 85.34484970583452
C15 925.012 83.00006799186909
C15 949.965 73.08123584999223
C15 975.002 57.517601965868934
C15 999.976 38.42057891290947
C15 1025.028 21.051319081049673
C15 1050.014 9.817013426795928
C15 1075.002 0.9395195800461458
C15 1099.99 0.09321826961327824
C16 319.994 48.569356264365645
C16 324.969 50.57338575450966
C16 349.982 60.70532013237738
C16 374.975 74.43074116115973
C16 400.019 85.00655302847055
C16 424.965 86.42273084517304
C16 450.035 85.6684822747765
C16 475.003 86.80994631190069
C16 500.018 86.06676499314338
C16 525.002 86.75111310961017
C16 550.029 88.51184367508935
C16 575.023 90.96292480393133
C16 599.982 91.97623160419148
C16 619.997 93.36390356233152
C16 624.979 93.66346485895816
C16 650.012 94.44639605651972
C16 675.004 95.89532986383776
C16 700.03 97.38734909663464
C16 725.012 97.79724474363131
C16 750.022 98.466482987374
C16 774.987 99.51970106385814
C16 799.976 99.05610618963694
C16 824.988 99.04862042359763
C16 850.022 98.22816816874251
C16 869.967 96.79133916790488
C16 875.002 95.78581787174926
C16 899.999 91.00506490166599
C16 919.999 85.3632336405019
C16 925.012 83.0136945454499
C16 949.965 73.0993815313257
C16 975.002 57.415183774657535
C16 999.976 38.35221557726296
C16 1025.028 21.027545625401718
C16 1050.014 9.882396674370833
C16 1075.002 0.9380784897074773
C16 1099.99 0.09307528595377804
C17 319.994 48.35423271783235
C17 324.969 50.33626220254768
C17 349.982 60.42405822891254
C17 374.975 74.29920994966402
C17 400.019 85.0323458732631
C17 424.965 86.50843287505434
C17 450.035 85.75673592100796
C17 475.003 86.89410353790736
C17 500.018 86.13910946514345
C17 525.002 86.8033828168313
C17 550.029 88.54382342097189
C17 575.023 90.9674823596411
C17 599.982 91.95770932887861
C17 619.997 93.33244643666528
C17 624.979 93.6354278214721
C17 650.012 94.41244111364324
C17 675.004 95.86828426764438
C17 700.03 97.36708987766171
C17 725.012 97.77524089540691
C17 750.022 98.41810218940942
C17 774.987 99.4555724890819
C17 799.976 98.99285377228216
C17 824.988 99.00303718090854
C17 850.022 98.17039557806743
C17 869.967 96.75215802286543
C17 875.002 95.76257664330687
C17 899.999 91.121401698932
C17 919.999 85.46344606697687
C17 925.012 83.12880933368075
C17 949.965 73.22371902925592
C17 975.002 57.37422341520525
C17 999.976 38.43739498692797
C17 1025.028 21.027234358949364
C17 1050.014 9.90776681163549
C17 1075.002 0.9376177744638853
C17 1099.99 0.09302957421055925
