lsstcam/transmission_sensor/r42_s10/19700101T000000.ecsv
# %ECSV 0.9
# ---
# datatype:
# - {name: amp_name, datatype: string}
# - {name: wavelength, unit: nm, datatype: float32}
# - {name: efficiency, unit: '%', datatype: float32}
# meta: !!omap
# - {MODE: AMP}
# - {TYPE: QE}
# - {CALIBDATE: '1970-01-01T00:00:00'}
# - {INSTRUME: LSSTCAM}
# - {OBSTYPE: qe_curve}
# - {DETECTOR: 174}
# - {PICKLEFILE: RaftRun12120.p}
# - {CALIB_ID: 'raftName=R42 detectorName=S10 detector=174 calibDate=1970-01-01T00:00:00 ccd=174 ccdnum=174 filter=None'}
# - {DATE: '2020-07-23T19:16:33.148533'}
# - {CALIB_CREATION_DATE: '2020-07-23'}
# - {CALIB_CREATION_TIME: '19:16:33'}
# - __serialized_columns__:
#     efficiency:
#       __class__: astropy.units.quantity.Quantity
#       unit: !astropy.units.Unit {unit: '%'}
#       value: !astropy.table.SerializedColumn {name: efficiency}
#     wavelength:
#       __class__: astropy.units.quantity.Quantity
#       unit: !astropy.units.Unit {unit: nm}
#       value: !astropy.table.SerializedColumn {name: wavelength}
# schema: astropy-2.0
amp_name wavelength efficiency
C13 319.994 48.85838
C13 324.969 50.92629
C13 349.982 61.118393
C13 374.975 74.17468
C13 400.019 84.18091
C13 424.965 85.47503
C13 450.035 84.79962
C13 475.003 86.01505
C13 500.018 85.37243
C13 525.002 86.124916
C13 550.029 87.9695
C13 575.023 90.44754
C13 599.982 91.49592
C13 619.997 92.88481
C13 624.979 93.19061
C13 650.012 93.98001
C13 675.004 95.384476
C13 700.03 96.8651
C13 725.012 97.32165
C13 750.022 98.05741
C13 774.987 99.17592
C13 799.976 98.72536
C13 824.988 98.68916
C13 850.022 97.89012
C13 869.967 96.46495
C13 875.002 95.47475
C13 899.999 90.568985
C13 919.999 84.78933
C13 925.012 82.45076
C13 949.965 72.54038
C13 975.002 56.975338
C13 999.976 38.057934
C13 1025.028 20.900612
C13 1050.014 9.69168
C13 1075.002 5.8698006
C13 1099.99 4.006993
C10 319.994 48.790325
C10 324.969 50.866917
C10 349.982 60.82521
C10 374.975 73.527306
C10 400.019 83.464096
C10 424.965 84.94781
C10 450.035 84.478806
C10 475.003 85.855675
C10 500.018 85.283134
C10 525.002 86.05055
C10 550.029 87.8225
C10 575.023 90.18514
C10 599.982 91.10513
C10 619.997 92.41828
C10 624.979 92.703995
C10 650.012 93.435585
C10 675.004 94.82842
C10 700.03 96.28339
C10 725.012 96.691765
C10 750.022 97.36737
C10 774.987 98.43023
C10 799.976 97.97415
C10 824.988 97.98113
C10 850.022 97.208176
C10 869.967 95.874016
C10 875.002 94.910614
C10 899.999 90.070145
C10 919.999 84.21487
C10 925.012 81.88711
C10 949.965 72.16166
C10 975.002 56.84376
C10 999.976 37.9529
C10 1025.028 20.68998
C10 1050.014 9.5855255
C10 1075.002 5.8580484
C10 1099.99 3.993148
C07 319.994 47.96007
C07 324.969 49.916332
C07 349.982 59.918045
C07 374.975 73.63381
C07 400.019 84.33213
C07 424.965 85.81224
C07 450.035 85.160065
C07 475.003 86.35441
C07 500.018 85.64515
C07 525.002 86.33049
C07 550.029 88.12566
C07 575.023 90.494965
C07 599.982 91.446465
C07 619.997 92.78915
C07 624.979 93.08162
C07 650.012 93.86242
C07 675.004 95.27252
C07 700.03 96.756584
C07 725.012 97.1502
C07 750.022 97.8344
C07 774.987 98.84627
C07 799.976 98.41676
C07 824.988 98.44725
C07 850.022 97.64197
C07 869.967 96.26106
C07 875.002 95.3424
C07 899.999 90.835144
C07 919.999 85.1597
C07 925.012 82.77939
C07 949.965 72.416985
C07 975.002 56.157444
C07 999.976 37.78565
C07 1025.028 21.008995
C07 1050.014 10.031112
C07 1075.002 6.0147424
C07 1099.99 3.9343896
C15 319.994 48.397755
C15 324.969 50.408695
C15 349.982 60.51122
C15 374.975 73.971954
C15 400.019 84.332664
C15 424.965 85.69856
C15 450.035 84.96681
C15 475.003 86.11741
C15 500.018 85.40953
C15 525.002 86.111824
C15 550.029 87.91086
C15 575.023 90.36759
C15 599.982 91.39402
C15 619.997 92.778244
C15 624.979 93.08088
C15 650.012 93.86992
C15 675.004 95.29214
C15 700.03 96.77609
C15 725.012 97.20307
C15 750.022 97.89668
C15 774.987 98.96817
C15 799.976 98.51389
C15 824.988 98.503624
C15 850.022 97.697
C15 869.967 96.25944
C15 875.002 95.26164
C15 899.999 90.40682
C15 919.999 84.72081
C15 925.012 82.39317
C15 949.965 72.54687
C15 975.002 57.097034
C15 999.976 38.13965
C15 1025.028 20.897392
C15 1050.014 9.745232
C15 1075.002 5.8729587
C15 1099.99 3.9854052
C17 319.994 48.000668
C17 324.969 49.968204
C17 349.982 59.98224
C17 374.975 73.755936
C17 400.019 84.41059
C17 424.965 85.875885
C17 450.035 85.129684
C17 475.003 86.258736
C17 500.018 85.50926
C17 525.002 86.16868
C17 550.029 87.89639
C17 575.023 90.30233
C17 599.982 91.28532
C17 619.997 92.65
C17 624.979 92.95077
C17 650.012 93.7221
C17 675.004 95.1673
C17 700.03 96.65514
C17 725.012 97.06031
C17 750.022 97.69847
C17 774.987 98.728355
C17 799.976 98.26902
C17 824.988 98.27913
C17 850.022 97.452576
C17 869.967 96.04471
C17 875.002 95.06236
C17 899.999 90.455124
C17 919.999 84.83854
C17 925.012 82.52097
C17 949.965 72.68831
C17 975.002 56.954704
C17 999.976 38.15634
C17 1025.028 20.873484
C17 1050.014 9.835321
C17 1075.002 5.868926
C17 1099.99 3.9128544
C01 319.994 49.068283
C01 324.969 51.186516
C01 349.982 61.329388
C01 374.975 73.8604
C01 400.019 83.5685
C01 424.965 84.87636
C01 450.035 84.31909
C01 475.003 85.6219
C01 500.018 85.04699
C01 525.002 85.84476
C01 550.029 87.69502
C01 575.023 90.18435
C01 599.982 91.23335
C01 619.997 92.62634
C01 624.979 92.92684
C01 650.012 93.707634
C01 675.004 95.112946
C01 700.03 96.58822
C01 725.012 97.03354
C01 750.022 97.778824
C01 774.987 98.8816
C01 799.976 98.43621
C01 824.988 98.39696
C01 850.022 97.59256
C01 869.967 96.25872
C01 875.002 95.30693
C01 899.999 90.57639
C01 919.999 84.64167
C01 925.012 82.22732
C01 949.965 72.496544
C01 975.002 56.702675
C01 999.976 37.864613
C01 1025.028 20.711418
C01 1050.014 9.814773
C01 1075.002 6.0482826
C01 1099.99 4.0008783
C12 319.994 48.971985
C12 324.969 51.063366
C12 349.982 61.23345
C12 374.975 74.03712
C12 400.019 83.87455
C12 424.965 85.168945
C12 450.035 84.5448
C12 475.003 85.81526
C12 500.018 85.217926
C12 525.002 86.00745
C12 550.029 87.86643
C12 575.023 90.343155
C12 599.982 91.37873
C12 619.997 92.7606
C12 624.979 93.059875
C12 650.012 93.833084
C12 675.004 95.23124
C12 700.03 96.705765
C12 725.012 97.16205
C12 750.022 97.90416
C12 774.987 99.02085
C12 799.976 98.570076
C12 824.988 98.526505
C12 850.022 97.73035
C12 869.967 96.3208
C12 875.002 95.33698
C12 899.999 90.4746
C12 919.999 84.682236
C12 925.012 82.33549
C12 949.965 72.48413
C12 975.002 56.868088
C12 999.976 38.011642
C12 1025.028 20.879396
C12 1050.014 9.691764
C12 1075.002 5.891812
C12 1099.99 4.0078917
C06 319.994 48.16472
C06 324.969 50.154484
C06 349.982 60.214195
C06 374.975 73.765305
C06 400.019 84.23601
C06 424.965 85.63707
C06 450.035 84.92488
C06 475.003 86.072975
C06 500.018 85.35293
C06 525.002 86.03945
C06 550.029 87.82458
C06 575.023 90.254616
C06 599.982 91.26309
C06 619.997 92.63739
C06 624.979 92.93815
C06 650.012 93.71864
C06 675.004 95.13984
C06 700.03 96.622955
C06 725.012 97.03281
C06 750.022 97.71735
C06 774.987 98.757706
C06 799.976 98.310814
C06 824.988 98.310425
C06 850.022 97.505806
C06 869.967 96.16279
C06 875.002 95.21242
C06 899.999 90.58797
C06 919.999 84.86922
C06 925.012 82.51169
C06 949.965 72.517296
C06 975.002 56.422096
C06 999.976 37.8569
C06 1025.028 20.900084
C06 1050.014 9.932902
C06 1075.002 6.071657
C06 1099.99 3.9825938
C11 319.994 49.063374
C11 324.969 51.170235
C11 349.982 61.266518
C11 374.975 73.86907
C11 400.019 83.645096
C11 424.965 85.00209
C11 450.035 84.45834
C11 475.003 85.80433
C11 500.018 85.23896
C11 525.002 86.05817
C11 550.029 87.89827
C11 575.023 90.366875
C11 599.982 91.36848
C11 619.997 92.73352
C11 624.979 93.02861
C11 650.012 93.77809
C11 675.004 95.182014
C11 700.03 96.65022
C11 725.012 97.08947
C11 750.022 97.815094
C11 774.987 98.91999
C11 799.976 98.46265
C11 824.988 98.412964
C11 850.022 97.61596
C11 869.967 96.23179
C11 875.002 95.24087
C11 899.999 90.395584
C11 919.999 84.61164
C11 925.012 82.26867
C11 949.965 72.45036
C11 975.002 56.817047
C11 999.976 37.952023
C11 1025.028 20.820618
C11 1050.014 9.670215
C11 1075.002 5.8908696
C11 1099.99 4.0029087
C05 319.994 48.41034
C05 324.969 50.42308
C05 349.982 60.557594
C05 374.975 73.954346
C05 400.019 84.255066
C05 424.965 85.59391
C05 450.035 84.88595
C05 475.003 86.03295
C05 500.018 85.32066
C05 525.002 86.00735
C05 550.029 87.82311
C05 575.023 90.26426
C05 599.982 91.30481
C05 619.997 92.69874
C05 624.979 93.00109
C05 650.012 93.81031
C05 675.004 95.215195
C05 700.03 96.699585
C05 725.012 97.12418
C05 750.022 97.83678
C05 774.987 98.90496
C05 799.976 98.45855
C05 824.988 98.461174
C05 850.022 97.65384
C05 869.967 96.30095
C05 875.002 95.36567
C05 899.999 90.66358
C05 919.999 84.82559
C05 925.012 82.451
C05 949.965 72.660904
C05 975.002 56.757324
C05 999.976 37.974815
C05 1025.028 20.89005
C05 1050.014 9.870046
C05 1075.002 6.075626
C05 1099.99 4.007191
C00 319.994 48.83669
C00 324.969 50.92502
C00 349.982 60.89049
C00 374.975 73.53236
C00 400.019 83.473366
C00 424.965 84.94873
C00 450.035 84.506836
C00 475.003 85.894356
C00 500.018 85.32349
C00 525.002 86.08831
C00 550.029 87.86031
C00 575.023 90.231285
C00 599.982 91.16387
C00 619.997 92.48744
C00 624.979 92.77555
C00 650.012 93.513306
C00 675.004 94.911606
C00 700.03 96.38125
C00 725.012 96.784485
C00 750.022 97.49551
C00 774.987 98.54376
C00 799.976 98.11859
C00 824.988 98.12956
C00 850.022 97.35832
C00 869.967 96.06116
C00 875.002 95.12792
C00 899.999 90.480736
C00 919.999 84.614
C00 925.012 82.1917
C00 949.965 72.38356
C00 975.002 56.772984
C00 999.976 37.989
C00 1025.028 20.665365
C00 1050.014 9.748957
C00 1075.002 6.0287304
C00 1099.99 4.0097423
C04 319.994 48.672417
C04 324.969 50.71791
C04 349.982 60.90707
C04 374.975 74.11077
C04 400.019 84.23007
C04 424.965 85.52256
C04 450.035 84.82528
C04 475.003 85.98822
C04 500.018 85.29875
C04 525.002 86.00748
C04 550.029 87.84271
C04 575.023 90.308304
C04 599.982 91.37061
C04 619.997 92.77512
C04 624.979 93.079926
C04 650.012 93.89502
C04 675.004 95.294136
C04 700.03 96.779076
C04 725.012 97.228676
C04 750.022 97.96241
C04 774.987 99.062004
C04 799.976 98.615944
C04 824.988 98.60163
C04 850.022 97.79486
C04 869.967 96.4412
C04 875.002 95.50048
C04 899.999 90.735466
C04 919.999 84.81626
C04 925.012 82.427155
C04 949.965 72.70985
C04 975.002 56.904335
C04 999.976 38.009506
C04 1025.028 20.866974
C04 1050.014 9.809985
C04 1075.002 6.05834
C04 1099.99 4.017253
C02 319.994 48.99146
C02 324.969 51.099327
C02 349.982 61.32707
C02 374.975 74.070274
C02 400.019 83.839355
C02 424.965 85.07517
C02 450.035 84.42614
C02 475.003 85.64373
C02 500.018 85.0182
C02 525.002 85.79183
C02 550.029 87.64546
C02 575.023 90.15949
C02 599.982 91.25463
C02 619.997 92.67837
C02 624.979 92.98662
C02 650.012 93.79375
C02 675.004 95.20039
C02 700.03 96.688614
C02 725.012 97.15176
C02 750.022 97.915375
C02 774.987 99.03514
C02 799.976 98.592354
C02 824.988 98.549614
C02 850.022 97.7371
C02 869.967 96.394264
C02 875.002 95.44402
C02 899.999 90.66935
C02 919.999 84.71241
C02 925.012 82.30483
C02 949.965 72.615845
C02 975.002 56.821835
C02 999.976 37.95171
C02 1025.028 20.787281
C02 1050.014 9.829292
C02 1075.002 6.064518
C02 1099.99 4.0103145
C03 319.994 48.927067
C03 324.969 51.01166
C03 349.982 61.247826
C03 374.975 74.229645
C03 400.019 84.17266
C03 424.965 85.42202
C03 450.035 84.73506
C03 475.003 85.91719
C03 500.018 85.25537
C03 525.002 85.99265
C03 550.029 87.839645
C03 575.023 90.33834
C03 599.982 91.42595
C03 619.997 92.84427
C03 624.979 93.150604
C03 650.012 93.96494
C03 675.004 95.372696
C03 700.03 96.86268
C03 725.012 97.31843
C03 750.022 98.076675
C03 774.987 99.191765
C03 799.976 98.748474
C03 824.988 98.71543
C03 850.022 97.90586
C03 869.967 96.5534
C03 875.002 95.60503
C03 899.999 90.808075
C03 919.999 84.85243
C03 925.012 82.44274
C03 949.965 72.74262
C03 975.002 56.95351
C03 999.976 38.023308
C03 1025.028 20.849533
C03 1050.014 9.802181
C03 1075.002 6.063056
C03 1099.99 4.0216975
C14 319.994 48.63057
C14 324.969 50.66635
C14 349.982 60.82298
C14 374.975 74.102196
C14 400.019 84.28899
C14 424.965 85.61236
C14 450.035 84.91115
C14 475.003 86.08856
C14 500.018 85.40913
C14 525.002 86.12569
C14 550.029 87.95357
C14 575.023 90.41295
C14 599.982 91.45028
C14 619.997 92.84473
C14 624.979 93.14497
C14 650.012 93.94567
C14 675.004 95.35129
C14 700.03 96.83729
C14 725.012 97.28227
C14 750.022 97.99674
C14 774.987 99.09923
C14 799.976 98.64564
C14 824.988 98.62444
C14 850.022 97.825485
C14 869.967 96.38329
C14 875.002 95.39674
C14 899.999 90.48358
C14 919.999 84.72201
C14 925.012 82.395164
C14 949.965 72.51019
C14 975.002 57.04833
C14 999.976 38.10475
C14 1025.028 20.896513
C14 1050.014 9.695431
C14 1075.002 5.857043
C14 1099.99 4.0021367
C16 319.994 48.21422
C16 324.969 50.203594
C16 349.982 60.261444
C16 374.975 73.886505
C16 400.019 84.38499
C16 424.965 85.79081
C16 450.035 85.042076
C16 475.003 86.17519
C16 500.018 85.43745
C16 525.002 86.11679
C16 550.029 87.86465
C16 575.023 90.297806
C16 599.982 91.3037
C16 619.997 92.68123
C16 624.979 92.9786
C16 650.012 93.755806
C16 675.004 95.194145
C16 700.03 96.675255
C16 725.012 97.08215
C16 750.022 97.7465
C16 774.987 98.792015
C16 799.976 98.33181
C16 824.988 98.32438
C16 850.022 97.509926
C16 869.967 96.0836
C16 875.002 95.085434
C16 899.999 90.33964
C16 919.999 84.73906
C16 925.012 82.4067
C16 949.965 72.56488
C16 975.002 56.995365
C16 999.976 38.071785
C16 1025.028 20.873793
C16 1050.014 9.810137
C16 1075.002 5.895787
C16 1099.99 3.9542027
