lsstCam/transmission_sensor/r42_s10/19700101T000000.ecsv
# %ECSV 1.0
# ---
# datatype:
# - {name: amp_name, datatype: string}
# - {name: wavelength, unit: nm, datatype: float32}
# - {name: efficiency, unit: '%', datatype: float64}
# meta: !!omap
# - {MODE: AMP}
# - {TYPE: transmission_sensor}
# - {CALIBDATE: '1970-01-01T00:00:00'}
# - {INSTRUME: LSSTCAM}
# - {OBSTYPE: transmission_sensor}
# - {DETECTOR: 174}
# - {PARQUETFILE: qe_raft_allvalues_nircorrected_20230725.parquet}
# - {CALIBCLS: lsst.ip.isr.IntermediateSensorTransmissionCurve}
# - {CALIB_ID: 'raftName=R42 detectorName=S10 detector=174 calibDate=1970-01-01T00:00:00 ccd=174 ccdnum=174 filter=None'}
# - {DATE: '2023-08-02T16:57:56.115516'}
# - {CALIB_CREATION_DATE: '2023-08-02'}
# - {CALIB_CREATION_TIME: '16:57:56'}
# - __serialized_columns__:
#     efficiency:
#       __class__: astropy.units.quantity.Quantity
#       unit: !astropy.units.Unit {unit: '%'}
#       value: !astropy.table.SerializedColumn {name: efficiency}
#     wavelength:
#       __class__: astropy.units.quantity.Quantity
#       unit: !astropy.units.Unit {unit: nm}
#       value: !astropy.table.SerializedColumn {name: wavelength}
# schema: astropy-2.0
amp_name wavelength efficiency
C00 319.994 48.83668899536133
C00 324.969 50.925018310546875
C00 349.982 60.8904914855957
C00 374.975 73.53235626220703
C00 400.019 83.4733657836914
C00 424.965 84.94873046875
C00 450.035 84.5068359375
C00 475.003 85.89435577392578
C00 500.018 85.323486328125
C00 525.002 86.08831024169922
C00 550.029 87.86031341552734
C00 575.023 90.23128509521484
C00 599.982 91.16387176513672
C00 619.997 92.48744201660156
C00 624.979 92.77555084228516
C00 650.012 93.5133056640625
C00 675.004 94.91160583496094
C00 700.03 96.3812484741211
C00 725.012 96.78448486328125
C00 750.022 97.4955062866211
C00 774.987 98.54376220703125
C00 799.976 98.11859130859375
C00 824.988 98.12956237792969
C00 850.022 97.35832214355469
C00 869.967 96.0611572265625
C00 875.002 95.12792205810547
C00 899.999 90.4807357788086
C00 919.999 84.61399841308594
C00 925.012 82.19170379638672
C00 949.965 72.38356018066406
C00 975.002 56.77298355102539
C00 999.976 37.98899841308594
C00 1025.028 20.66536521911621
C00 1050.014 9.748956680297852
C00 1075.002 0.9288277998405495
C00 1099.99 0.09215744100361561
C01 319.994 49.06828308105469
C01 324.969 51.18651580810547
C01 349.982 61.32938766479492
C01 374.975 73.86039733886719
C01 400.019 83.56849670410156
C01 424.965 84.87635803222656
C01 450.035 84.319091796875
C01 475.003 85.62190246582031
C01 500.018 85.04698944091797
C01 525.002 85.84475708007812
C01 550.029 87.69502258300781
C01 575.023 90.1843490600586
C01 599.982 91.23335266113281
C01 619.997 92.6263427734375
C01 624.979 92.92684173583984
C01 650.012 93.70763397216797
C01 675.004 95.11294555664062
C01 700.03 96.58821868896484
C01 725.012 97.03353881835938
C01 750.022 97.77882385253906
C01 774.987 98.88159942626953
C01 799.976 98.43621063232422
C01 824.988 98.39695739746094
C01 850.022 97.59255981445312
C01 869.967 96.25872039794922
C01 875.002 95.30693054199219
C01 899.999 90.5763931274414
C01 919.999 84.64167022705078
C01 925.012 82.2273178100586
C01 949.965 72.49654388427734
C01 975.002 56.702674865722656
C01 999.976 37.8646125793457
C01 1025.028 20.71141815185547
C01 1050.014 9.814772605895996
C01 1075.002 0.9315265995920483
C01 1099.99 0.09242521343562293
C02 319.994 48.991458892822266
C02 324.969 51.099327087402344
C02 349.982 61.32706832885742
C02 374.975 74.07027435302734
C02 400.019 83.83935546875
C02 424.965 85.0751724243164
C02 450.035 84.42613983154297
C02 475.003 85.64373016357422
C02 500.018 85.01820373535156
C02 525.002 85.79183197021484
C02 550.029 87.64546203613281
C02 575.023 90.15949249267578
C02 599.982 91.25463104248047
C02 619.997 92.6783676147461
C02 624.979 92.98661804199219
C02 650.012 93.79374694824219
C02 675.004 95.20039367675781
C02 700.03 96.68861389160156
C02 725.012 97.1517562866211
C02 750.022 97.91537475585938
C02 774.987 99.03514099121094
C02 799.976 98.59235382080078
C02 824.988 98.54961395263672
C02 850.022 97.73709869384766
C02 869.967 96.3942642211914
C02 875.002 95.44402313232422
C02 899.999 90.66934967041016
C02 919.999 84.71240997314453
C02 925.012 82.3048324584961
C02 949.965 72.6158447265625
C02 975.002 56.821834564208984
C02 999.976 37.95170974731445
C02 1025.028 20.787281036376953
C02 1050.014 9.829292297363281
C02 1075.002 0.9328273578166189
C02 1099.99 0.0925542734716828
C03 319.994 48.927066802978516
C03 324.969 51.011661529541016
C03 349.982 61.247825622558594
C03 374.975 74.22964477539062
C03 400.019 84.17266082763672
C03 424.965 85.4220199584961
C03 450.035 84.73506164550781
C03 475.003 85.91719055175781
C03 500.018 85.25537109375
C03 525.002 85.9926528930664
C03 550.029 87.83964538574219
C03 575.023 90.33834075927734
C03 599.982 91.42594909667969
C03 619.997 92.84426879882812
C03 624.979 93.15060424804688
C03 650.012 93.9649429321289
C03 675.004 95.37269592285156
C03 700.03 96.86267852783203
C03 725.012 97.31842803955078
C03 750.022 98.07667541503906
C03 774.987 99.19176483154297
C03 799.976 98.74847412109375
C03 824.988 98.7154312133789
C03 850.022 97.9058609008789
C03 869.967 96.55339813232422
C03 875.002 95.60502624511719
C03 899.999 90.80807495117188
C03 919.999 84.85243225097656
C03 925.012 82.44274139404297
C03 949.965 72.74262237548828
C03 975.002 56.95351028442383
C03 999.976 38.02330780029297
C03 1025.028 20.849533081054688
C03 1050.014 9.802181243896484
C03 1075.002 0.9343641059650126
C03 1099.99 0.09270674821118492
C04 319.994 48.67241668701172
C04 324.969 50.71791076660156
C04 349.982 60.90707015991211
C04 374.975 74.11077117919922
C04 400.019 84.23007202148438
C04 424.965 85.5225601196289
C04 450.035 84.82527923583984
C04 475.003 85.98822021484375
C04 500.018 85.29875183105469
C04 525.002 86.00747680664062
C04 550.029 87.84271240234375
C04 575.023 90.30830383300781
C04 599.982 91.37061309814453
C04 619.997 92.7751235961914
C04 624.979 93.07992553710938
C04 650.012 93.89501953125
C04 675.004 95.29413604736328
C04 700.03 96.7790756225586
C04 725.012 97.22867584228516
C04 750.022 97.96240997314453
C04 774.987 99.06200408935547
C04 799.976 98.6159439086914
C04 824.988 98.60163116455078
C04 850.022 97.79486083984375
C04 869.967 96.44120025634766
C04 875.002 95.50048065185547
C04 899.999 90.73546600341797
C04 919.999 84.8162612915039
C04 925.012 82.42715454101562
C04 949.965 72.70984649658203
C04 975.002 56.904335021972656
C04 999.976 38.00950622558594
C04 1025.028 20.866973876953125
C04 1050.014 9.809985160827637
C04 1075.002 0.9332756935465761
C04 1099.99 0.09259875693093159
C05 319.994 48.41033935546875
C05 324.969 50.42308044433594
C05 349.982 60.557594299316406
C05 374.975 73.954345703125
C05 400.019 84.25506591796875
C05 424.965 85.59391021728516
C05 450.035 84.88594818115234
C05 475.003 86.03295135498047
C05 500.018 85.32066345214844
C05 525.002 86.0073471069336
C05 550.029 87.82311248779297
C05 575.023 90.2642593383789
C05 599.982 91.3048095703125
C05 619.997 92.69873809814453
C05 624.979 93.00109100341797
C05 650.012 93.81031036376953
C05 675.004 95.21519470214844
C05 700.03 96.6995849609375
C05 725.012 97.12418365478516
C05 750.022 97.83677673339844
C05 774.987 98.90496063232422
C05 799.976 98.45854949951172
C05 824.988 98.46117401123047
C05 850.022 97.65383911132812
C05 869.967 96.30094909667969
C05 875.002 95.36566925048828
C05 899.999 90.66358184814453
C05 919.999 84.82559204101562
C05 925.012 82.45099639892578
C05 949.965 72.66090393066406
C05 975.002 56.75732421875
C05 999.976 37.974815368652344
C05 1025.028 20.890050888061523
C05 1050.014 9.87004566192627
C05 1075.002 0.9320790034506963
C05 1099.99 0.09248002243899499
C06 319.994 48.16471862792969
C06 324.969 50.154483795166016
C06 349.982 60.214195251464844
C06 374.975 73.76530456542969
C06 400.019 84.23600769042969
C06 424.965 85.63706970214844
C06 450.035 84.92488098144531
C06 475.003 86.0729751586914
C06 500.018 85.3529281616211
C06 525.002 86.0394515991211
C06 550.029 87.82457733154297
C06 575.023 90.2546157836914
C06 599.982 91.26309204101562
C06 619.997 92.63739013671875
C06 624.979 92.93814849853516
C06 650.012 93.71864318847656
C06 675.004 95.13983917236328
C06 700.03 96.62295532226562
C06 725.012 97.03280639648438
C06 750.022 97.71734619140625
C06 774.987 98.75770568847656
C06 799.976 98.3108139038086
C06 824.988 98.3104248046875
C06 850.022 97.50580596923828
C06 869.967 96.16278839111328
C06 875.002 95.21241760253906
C06 899.999 90.58796691894531
C06 919.999 84.86921691894531
C06 925.012 82.51168823242188
C06 949.965 72.51729583740234
C06 975.002 56.422096252441406
C06 999.976 37.85689926147461
C06 1025.028 20.900083541870117
C06 1050.014 9.932902336120605
C06 1075.002 0.9309414386798118
C06 1099.99 0.09236715430748711
C07 319.994 47.9600715637207
C07 324.969 49.91633224487305
C07 349.982 59.91804504394531
C07 374.975 73.6338119506836
C07 400.019 84.3321304321289
C07 424.965 85.81224060058594
C07 450.035 85.16006469726562
C07 475.003 86.35440826416016
C07 500.018 85.64514923095703
C07 525.002 86.33049011230469
C07 550.029 88.12566375732422
C07 575.023 90.49496459960938
C07 599.982 91.44646453857422
C07 619.997 92.78914642333984
C07 624.979 93.08161926269531
C07 650.012 93.86241912841797
C07 675.004 95.27252197265625
C07 700.03 96.75658416748047
C07 725.012 97.15019989013672
C07 750.022 97.83439636230469
C07 774.987 98.84626770019531
C07 799.976 98.41676330566406
C07 824.988 98.44725036621094
C07 850.022 97.6419677734375
C07 869.967 96.26106262207031
C07 875.002 95.34239959716797
C07 899.999 90.83514404296875
C07 919.999 85.15969848632812
C07 925.012 82.77938842773438
C07 949.965 72.41698455810547
C07 975.002 56.15744400024414
C07 999.976 37.785648345947266
C07 1025.028 21.008995056152344
C07 1050.014 10.031111717224121
C07 1075.002 0.9320566481017302
C07 1099.99 0.09247780436180801
C10 319.994 48.79032516479492
C10 324.969 50.86691665649414
C10 349.982 60.82521057128906
C10 374.975 73.52730560302734
C10 400.019 83.46409606933594
C10 424.965 84.94780731201172
C10 450.035 84.47880554199219
C10 475.003 85.85567474365234
C10 500.018 85.28313446044922
C10 525.002 86.05055236816406
C10 550.029 87.82250213623047
C10 575.023 90.18514251708984
C10 599.982 91.10513305664062
C10 619.997 92.41828155517578
C10 624.979 92.70399475097656
C10 650.012 93.43558502197266
C10 675.004 94.82842254638672
C10 700.03 96.28338623046875
C10 725.012 96.69176483154297
C10 750.022 97.36737060546875
C10 774.987 98.43022918701172
C10 799.976 97.97415161132812
C10 824.988 97.98113250732422
C10 850.022 97.20817565917969
C10 869.967 95.87401580810547
C10 875.002 94.91061401367188
C10 899.999 90.07014465332031
C10 919.999 84.2148666381836
C10 925.012 81.8871078491211
C10 949.965 72.16165924072266
C10 975.002 56.8437614440918
C10 999.976 37.95289993286133
C10 1025.028 20.689979553222656
C10 1050.014 9.585525512695312
C10 1075.002 0.9276072357744306
C10 1099.99 0.09203633775828444
C11 319.994 49.06337356567383
C11 324.969 51.17023468017578
C11 349.982 61.266517639160156
C11 374.975 73.86907196044922
C11 400.019 83.64509582519531
C11 424.965 85.00209045410156
C11 450.035 84.45834350585938
C11 475.003 85.80432891845703
C11 500.018 85.23896026611328
C11 525.002 86.05816650390625
C11 550.029 87.89826965332031
C11 575.023 90.36687469482422
C11 599.982 91.36847686767578
C11 619.997 92.7335205078125
C11 624.979 93.02861022949219
C11 650.012 93.77809143066406
C11 675.004 95.18201446533203
C11 700.03 96.65022277832031
C11 725.012 97.08946990966797
C11 750.022 97.81509399414062
C11 774.987 98.91999053955078
C11 799.976 98.462646484375
C11 824.988 98.4129638671875
C11 850.022 97.61595916748047
C11 869.967 96.2317886352539
C11 875.002 95.2408676147461
C11 899.999 90.39558410644531
C11 919.999 84.61164093017578
C11 925.012 82.26866912841797
C11 949.965 72.45036315917969
C11 975.002 56.817047119140625
C11 999.976 37.952022552490234
C11 1025.028 20.82061767578125
C11 1050.014 9.670214653015137
C11 1075.002 0.9318722566239627
C11 1099.99 0.09245950920878089
C12 319.994 48.97198486328125
C12 324.969 51.0633659362793
C12 349.982 61.23345184326172
C12 374.975 74.03711700439453
C12 400.019 83.87454986572266
C12 424.965 85.1689453125
C12 450.035 84.5447998046875
C12 475.003 85.81526184082031
C12 500.018 85.21792602539062
C12 525.002 86.0074462890625
C12 550.029 87.8664321899414
C12 575.023 90.34315490722656
C12 599.982 91.37873077392578
C12 619.997 92.7605972290039
C12 624.979 93.05987548828125
C12 650.012 93.83308410644531
C12 675.004 95.23123931884766
C12 700.03 96.70576477050781
C12 725.012 97.16204833984375
C12 750.022 97.90415954589844
C12 774.987 99.0208511352539
C12 799.976 98.57007598876953
C12 824.988 98.52650451660156
C12 850.022 97.7303466796875
C12 869.967 96.32080078125
C12 875.002 95.33698272705078
C12 899.999 90.47460174560547
C12 919.999 84.68223571777344
C12 925.012 82.33548736572266
C12 949.965 72.484130859375
C12 975.002 56.86808776855469
C12 999.976 38.01164245605469
C12 1025.028 20.879396438598633
C12 1050.014 9.691763877868652
C12 1075.002 0.9327206483020972
C12 1099.99 0.09254368585168399
C13 319.994 48.85837936401367
C13 324.969 50.92628860473633
C13 349.982 61.11839294433594
C13 374.975 74.1746826171875
C13 400.019 84.180908203125
C13 424.965 85.47502899169922
C13 450.035 84.79962158203125
C13 475.003 86.01505279541016
C13 500.018 85.37242889404297
C13 525.002 86.12491607666016
C13 550.029 87.96949768066406
C13 575.023 90.44754028320312
C13 599.982 91.49591827392578
C13 619.997 92.88481140136719
C13 624.979 93.19061279296875
C13 650.012 93.98001098632812
C13 675.004 95.38447570800781
C13 700.03 96.86509704589844
C13 725.012 97.32164764404297
C13 750.022 98.05741119384766
C13 774.987 99.17591857910156
C13 799.976 98.72535705566406
C13 824.988 98.68916320800781
C13 850.022 97.89012145996094
C13 869.967 96.46495056152344
C13 875.002 95.47474670410156
C13 899.999 90.56898498535156
C13 919.999 84.7893295288086
C13 925.012 82.45075988769531
C13 949.965 72.5403823852539
C13 975.002 56.975337982177734
C13 999.976 38.05793380737305
C13 1025.028 20.900611877441406
C13 1050.014 9.691679954528809
C13 1075.002 0.9341807030280512
C13 1099.99 0.09268855114026843
C14 319.994 48.63056945800781
C14 324.969 50.666351318359375
C14 349.982 60.82297897338867
C14 374.975 74.1021957397461
C14 400.019 84.28898620605469
C14 424.965 85.61235809326172
C14 450.035 84.91114807128906
C14 475.003 86.08856201171875
C14 500.018 85.40912628173828
C14 525.002 86.12568664550781
C14 550.029 87.95356750488281
C14 575.023 90.41294860839844
C14 599.982 91.45027923583984
C14 619.997 92.8447265625
C14 624.979 93.14497375488281
C14 650.012 93.94567108154297
C14 675.004 95.35128784179688
C14 700.03 96.83728790283203
C14 725.012 97.28227233886719
C14 750.022 97.99674224853516
C14 774.987 99.09922790527344
C14 799.976 98.64563751220703
C14 824.988 98.62444305419922
C14 850.022 97.82548522949219
C14 869.967 96.38329315185547
C14 875.002 95.39674377441406
C14 899.999 90.48358154296875
C14 919.999 84.72200775146484
C14 925.012 82.3951644897461
C14 949.965 72.51019287109375
C14 975.002 57.0483283996582
C14 999.976 38.10475158691406
C14 1025.028 20.896512985229492
C14 1050.014 9.695430755615234
C14 1075.002 0.9336028855017559
C14 1099.99 0.09263122061613945
C15 319.994 48.39775466918945
C15 324.969 50.408695220947266
C15 349.982 60.5112190246582
C15 374.975 73.97195434570312
C15 400.019 84.3326644897461
C15 424.965 85.69856262207031
C15 450.035 84.96681213378906
C15 475.003 86.1174087524414
C15 500.018 85.40953063964844
C15 525.002 86.11182403564453
C15 550.029 87.91085815429688
C15 575.023 90.36759185791016
C15 599.982 91.3940200805664
C15 619.997 92.77824401855469
C15 624.979 93.08087921142578
C15 650.012 93.86991882324219
C15 675.004 95.2921371459961
C15 700.03 96.77609252929688
C15 725.012 97.20307159423828
C15 750.022 97.89668273925781
C15 774.987 98.96817016601562
C15 799.976 98.5138931274414
C15 824.988 98.50362396240234
C15 850.022 97.6969985961914
C15 869.967 96.25943756103516
C15 875.002 95.26164245605469
C15 899.999 90.40682220458984
C15 919.999 84.72080993652344
C15 925.012 82.39317321777344
C15 949.965 72.54686737060547
C15 975.002 57.0970344543457
C15 999.976 38.1396484375
C15 1025.028 20.89739227294922
C15 1050.014 9.745231628417969
C15 1075.002 0.9326498323810426
C15 1099.99 0.09253665956105418
C16 319.994 48.21421813964844
C16 324.969 50.20359420776367
C16 349.982 60.261444091796875
C16 374.975 73.88650512695312
C16 400.019 84.3849868774414
C16 424.965 85.79080963134766
C16 450.035 85.04207611083984
C16 475.003 86.1751937866211
C16 500.018 85.43744659423828
C16 525.002 86.11679077148438
C16 550.029 87.8646469116211
C16 575.023 90.29780578613281
C16 599.982 91.30370330810547
C16 619.997 92.68122863769531
C16 624.979 92.97859954833984
C16 650.012 93.75580596923828
C16 675.004 95.19414520263672
C16 700.03 96.67525482177734
C16 725.012 97.0821533203125
C16 750.022 97.74649810791016
C16 774.987 98.7920150756836
C16 799.976 98.3318099975586
C16 824.988 98.32437896728516
C16 850.022 97.50992584228516
C16 869.967 96.08360290527344
C16 875.002 95.08543395996094
C16 899.999 90.33963775634766
C16 919.999 84.73905944824219
C16 925.012 82.40670013427734
C16 949.965 72.56488037109375
C16 975.002 56.995365142822266
C16 999.976 38.07178497314453
C16 1025.028 20.87379264831543
C16 1050.014 9.810136795043945
C16 1075.002 0.9312192792650138
C16 1099.99 0.09239472139510395
C17 319.994 48.000667572021484
C17 324.969 49.968204498291016
C17 349.982 59.98223876953125
C17 374.975 73.75593566894531
C17 400.019 84.41059112548828
C17 424.965 85.87588500976562
C17 450.035 85.12968444824219
C17 475.003 86.25873565673828
C17 500.018 85.50926208496094
C17 525.002 86.1686782836914
C17 550.029 87.89639282226562
C17 575.023 90.30233001708984
C17 599.982 91.28531646728516
C17 619.997 92.6500015258789
C17 624.979 92.95076751708984
C17 650.012 93.72209930419922
C17 675.004 95.16729736328125
C17 700.03 96.65514373779297
C17 725.012 97.06031036376953
C17 750.022 97.69847106933594
C17 774.987 98.72835540771484
C17 799.976 98.2690200805664
C17 824.988 98.27912902832031
C17 850.022 97.45257568359375
C17 869.967 96.04470825195312
C17 875.002 95.06236267089844
C17 899.999 90.45512390136719
C17 919.999 84.83853912353516
C17 925.012 82.5209732055664
C17 949.965 72.68830871582031
C17 975.002 56.95470428466797
C17 999.976 38.156341552734375
C17 1025.028 20.873483657836914
C17 1050.014 9.835321426391602
C17 1075.002 0.9307619327617186
C17 1099.99 0.0923493438952026
