lsstCam/transmission_sensor/r42_s10/19700101T000000.ecsv
# %ECSV 1.0
# ---
# datatype:
# - {name: amp_name, datatype: string}
# - {name: wavelength, unit: nm, datatype: float32}
# - {name: efficiency, unit: '%', datatype: float64}
# meta: !!omap
# - {MODE: AMP}
# - {TYPE: transmission_sensor}
# - {CALIBDATE: '1970-01-01T00:00:00'}
# - {INSTRUME: LSSTCAM}
# - {OBSTYPE: transmission_sensor}
# - {DETECTOR: 174}
# - {PARQUETFILE: qe_raft_allvalues_nircorrected_20230725.parquet}
# - {CALIBCLS: lsst.ip.isr.IntermediateSensorTransmissionCurve}
# - {CALIB_ID: 'raftName=R42 detectorName=S10 detector=174 calibDate=1970-01-01T00:00:00 ccd=174 ccdnum=174 filter=None'}
# - {DATE: '2024-01-18T22:42:25.595130'}
# - {CALIB_CREATION_DATE: '2024-01-18'}
# - {CALIB_CREATION_TIME: '22:42:25'}
# - __serialized_columns__:
#     efficiency:
#       __class__: astropy.units.quantity.Quantity
#       unit: !astropy.units.Unit {unit: '%'}
#       value: !astropy.table.SerializedColumn {name: efficiency}
#     wavelength:
#       __class__: astropy.units.quantity.Quantity
#       unit: !astropy.units.Unit {unit: nm}
#       value: !astropy.table.SerializedColumn {name: wavelength}
# schema: astropy-2.0
amp_name wavelength efficiency
C00 319.994 47.938143127894556
C00 324.969 50.367451609970274
C00 349.982 62.16014954150393
C00 374.975 75.93911159958152
C00 400.019 84.63955668554135
C00 424.965 85.34459581438475
C00 450.035 84.3607794464464
C00 475.003 85.17412115236743
C00 500.018 85.63750991331605
C00 525.002 86.51000652784931
C00 550.029 87.79693893809679
C00 575.023 89.65270646021897
C00 599.982 91.30098199642033
C00 619.997 92.35558548018301
C00 624.979 92.71962480936199
C00 650.012 93.83117756647991
C00 675.004 95.22096677986734
C00 700.03 96.06193376916973
C00 725.012 96.43045161415158
C00 750.022 97.48713618581412
C00 774.987 98.6153636942609
C00 799.976 98.70493388685613
C00 824.988 98.03904743711846
C00 850.022 96.66195735691126
C00 869.967 94.7055416185676
C00 875.002 93.56699920879029
C00 899.999 87.29189329453288
C00 919.999 80.00834411024032
C00 925.012 77.1262114795338
C00 949.965 65.27651781210119
C00 975.002 49.750890683433475
C00 999.976 31.08499910221147
C00 1025.028 14.960268207606866
C00 1050.014 6.117747880376855
C00 1075.002 0.8330553945688141
C00 1099.99 0.09026944579380079
C01 319.994 48.16547611577579
C01 324.969 50.62608602958094
C01 349.982 62.608197364186914
C01 374.975 76.27788964500294
C01 400.019 84.73601666238557
C01 424.965 85.27188611867638
C01 450.035 84.17335979140994
C01 475.003 84.90395239839229
C01 500.018 85.35999541012131
C01 525.002 86.26526034172295
C01 550.029 87.63176733142255
C01 575.023 89.60607138705305
C01 599.982 91.3705673915073
C01 619.997 92.49428821042959
C01 624.979 92.87082450324804
C01 650.012 94.02616643843298
C01 675.004 95.42296276108449
C01 700.03 96.26821828389926
C01 725.012 96.67859454117547
C01 750.022 97.77042942859478
C01 774.987 98.95344638461575
C01 799.976 99.02445125794641
C01 824.988 98.30619581085021
C01 850.022 96.89451962028286
C01 869.967 94.90031677733371
C01 875.002 93.74307040122068
C01 899.999 87.3841793596032
C01 919.999 80.03450970996822
C01 925.012 77.15963059391177
C01 949.965 65.3784081131997
C01 975.002 49.689278284404836
C01 999.976 30.98321875285614
C01 1025.028 14.99360728573208
C01 1050.014 6.159049247541283
C01 1075.002 0.8354759182570941
C01 1099.99 0.09053173247160916
C02 319.994 48.09006541519533
C02 324.969 50.53985191879142
C02 349.982 62.605829666617154
C02 374.975 76.49463605176383
C02 400.019 85.01065954456722
C02 424.965 85.47162699580734
C02 450.035 84.28022281074578
C02 475.003 84.92559706824537
C02 500.018 85.3311037619727
C02 525.002 86.21207598269784
C02 550.029 87.5822425330401
C02 575.023 89.58137420428736
C02 599.982 91.39187777548639
C02 619.997 92.54623888150238
C02 624.979 92.93056477564326
C02 650.012 94.11257213109263
C02 675.004 95.51069591518495
C02 700.03 96.36828087344976
C02 725.012 96.79637957530839
C02 750.022 97.90696860886374
C02 774.987 99.10709951221881
C02 799.976 99.18152753564172
C02 824.988 98.45871155525785
C02 850.022 97.03802467140576
C02 869.967 95.03394780535606
C02 875.002 93.8779134842357
C02 899.999 87.47385980439637
C02 919.999 80.10139899606611
C02 925.012 77.23236799795637
C02 949.965 65.48599529925394
C02 975.002 49.793699450291534
C02 999.976 31.054487159532034
C02 1025.028 15.048526668351762
C02 1050.014 6.168160767328547
C02 1075.002 0.8366425539415495
C02 1099.99 0.09065814850272264
C03 319.994 48.026858074920334
C03 324.969 50.4531461916277
C03 349.982 62.52493463106347
C03 374.975 76.65922275759931
C03 400.019 85.34862145076603
C03 424.965 85.82009085689673
C03 450.035 84.58861070297924
C03 475.003 85.19676445780966
C03 500.018 85.56914398840993
C03 525.002 86.41388060980739
C03 550.029 87.77628581635756
C03 575.023 89.75907566481327
C03 599.982 91.56345349160343
C03 619.997 92.71190354530616
C03 624.979 93.09445212916756
C03 650.012 94.2843500470659
C03 675.004 95.68355977421521
C03 700.03 96.54176882698687
C03 725.012 96.96244165053703
C03 750.022 98.06825542019722
C03 774.987 99.26383715478096
C03 799.976 99.33858078837696
C03 824.988 98.6243758657659
C03 850.022 97.20557979047878
C03 869.967 95.1908360178119
C03 875.002 94.03627474979673
C03 899.999 87.60769594422517
C03 919.999 80.23379967205345
C03 925.012 77.36177757625464
C03 949.965 65.60032517523165
C03 975.002 49.90908856589408
C03 999.976 31.11307321090291
C03 1025.028 15.093592762029571
C03 1050.014 6.1511478093967025
C03 1075.002 0.8380208463821213
C03 1099.99 0.0908074995489596
C04 319.994 47.7768932644904
C04 324.969 50.162611640466224
C04 349.982 62.17707390604041
C04 374.975 76.53645836181097
C04 400.019 85.40683472574821
C04 424.965 85.92109954022425
C04 450.035 84.6786723666986
C04 475.003 85.26719852853041
C04 500.018 85.61268438368505
C04 525.002 86.42877713706496
C04 550.029 87.77935062069095
C04 575.023 89.72923134051966
C04 599.982 91.5080342678672
C04 619.997 92.64285692088428
C04 624.979 93.02381602406618
C04 650.012 94.2141889614607
C04 675.004 95.60474383565541
C04 700.03 96.45844290128625
C04 725.012 96.87301776273196
C04 750.022 97.95399978812166
C04 774.987 99.13398212897857
C04 799.976 99.20525859450197
C04 824.988 98.5106807863724
C04 850.022 97.09537366808306
C04 869.967 95.08022147891194
C04 875.002 93.93344461085995
C04 899.999 87.53764597762171
C04 919.999 80.19959754679567
C04 925.012 77.34715134431929
C04 949.965 65.57076742430186
C04 975.002 49.86599565526101
C04 999.976 31.10177989032857
C04 1025.028 15.106218669272351
C04 1050.014 6.156044989457076
C04 1075.002 0.837044661305781
C04 1099.99 0.09070172064589035
C05 319.994 47.5196378917669
C05 324.969 49.871009349833564
C05 349.982 61.8203109496942
C05 374.975 76.37491299201133
C05 400.019 85.43217780732184
C05 424.965 85.99278213291501
C05 450.035 84.73923645548477
C05 475.003 85.31155459261588
C05 500.018 85.63467664805897
C05 525.002 86.42864680203492
C05 550.029 87.75976484374445
C05 575.023 89.6854692668222
C05 599.982 91.44213177169667
C05 619.997 92.56658032332146
C05 624.979 92.94502901262268
C05 650.012 94.12919184924309
C05 675.004 95.52554518398227
C05 700.03 96.37921559521993
C05 725.012 96.76890780290721
C05 750.022 97.828377334133
C05 774.987 98.97682456482546
C05 799.976 99.04692361898871
C05 824.988 98.37035319106307
C05 850.022 96.95536061107828
C05 869.967 94.94194954442274
C05 875.002 93.8008452855288
C05 899.999 87.4682952593977
C05 919.999 80.2084204109995
C05 925.012 77.36952382341765
C05 949.965 65.52663032648655
C05 975.002 49.73716821053387
C05 999.976 31.07339363900102
C05 1025.028 15.12292479916413
C05 1050.014 6.193734663884812
C05 1075.002 0.8359713631764928
C05 1099.99 0.09058541862331895
C06 319.994 47.27853633811604
C06 324.969 49.605353505643826
C06 349.982 61.46975151675034
C06 374.975 76.1796844316594
C06 400.019 85.41285332082278
C06 424.965 86.03614274314296
C06 450.035 84.77810196668645
C06 475.003 85.35124279186411
C06 500.018 85.6670601042001
C06 525.002 86.46090855535446
C06 550.029 87.76122863088875
C06 575.023 89.67588754827835
C06 599.982 91.40035149934182
C06 619.997 92.50531982382061
C06 624.979 92.88212445011335
C06 650.012 94.03721307744316
C06 675.004 95.44994403557448
C06 700.03 96.30283983342608
C06 725.012 96.67786479846642
C06 750.022 97.70895704538954
C06 774.987 98.82946262614885
C06 799.976 98.89830517663104
C06 824.988 98.21974303594536
C06 850.022 96.80838629031092
C06 869.967 94.8057385635347
C06 875.002 93.65010829356916
C06 899.999 87.3953452521468
C06 919.999 80.24967072785753
C06 925.012 77.42647520621045
C06 949.965 65.39712251788522
C06 975.002 49.4434036615762
C06 999.976 30.976907228754058
C06 1025.028 15.130187733557943
C06 1050.014 6.233179016540217
C06 1075.002 0.8349510938981407
C06 1099.99 0.09047486277923254
C07 319.994 47.0776545736769
C07 324.969 49.36980942371394
C07 349.982 61.167426133311515
C07 374.975 76.0438879897486
C07 400.019 85.5103189755072
C07 424.965 86.21212994675503
C07 450.035 85.012879205233
C07 475.003 85.63031604650931
C07 500.018 85.96035666062419
C07 525.002 86.75337269601049
C07 550.029 88.06209788017526
C07 575.023 89.91469520594184
C07 599.982 91.58399978867038
C07 619.997 92.65685975611405
C07 624.979 93.02550872865734
C07 650.012 94.18147774282556
C07 675.004 95.58305931065397
C07 700.03 96.4360259612456
C07 725.012 96.79482887205165
C07 750.022 97.82599716739684
C07 774.987 98.9180889866565
C07 799.976 99.00488771686142
C07 824.988 98.3564423892467
C07 850.022 96.94357418407658
C07 869.967 94.90262594797441
C07 875.002 93.77795745631205
C07 899.999 87.63381103107072
C07 919.999 80.52434099089585
C07 925.012 77.67767698112355
C07 949.965 65.3066603881774
C07 975.002 49.211485512403065
C07 999.976 30.918605227182038
C07 1025.028 15.209031995311008
C07 1050.014 6.2948081993114755
C07 1075.002 0.8359513129109248
C07 1099.99 0.09058324598705414
C10 319.994 47.89263234509229
C10 324.969 50.30998609800689
C10 349.982 62.0935074222419
C10 374.975 75.93389562948897
C10 400.019 84.63015746572695
C10 424.965 85.34366835568974
C10 450.035 84.33279749697452
C10 475.003 85.13576446723809
C10 500.018 85.59700953508707
C10 525.002 86.47206370057307
C10 550.029 87.75915493243431
C10 575.023 89.60685975630032
C10 599.982 91.24215494505604
C10 619.997 92.28652361872608
C10 624.979 92.6481118527832
C10 650.012 93.75319273515856
C10 675.004 95.13751235837394
C10 700.03 95.96439574681511
C10 725.012 96.33807074807753
C10 750.022 97.35901150525667
C10 774.987 98.50174818162183
C10 799.976 98.5596310387506
C10 824.988 97.89075447857726
C10 850.022 96.51288480974321
C10 869.967 94.52104114089336
C10 875.002 93.35325690073103
C10 899.999 86.89577276782293
C10 919.999 79.63093761733572
C10 925.012 76.8403878457664
C10 949.965 65.07640440758705
C10 975.002 49.812914255218914
C10 999.976 31.055461044556687
C10 1025.028 14.978087251019826
C10 1050.014 6.0151901696416585
C10 1075.002 0.8319606841393117
C10 1099.99 0.0901508235456044
C11 319.994 48.16065693053089
C11 324.969 50.60998316010029
C11 349.982 62.54401640424082
C11 374.975 76.28684819182352
C11 400.019 84.81368593558436
C11 424.965 85.39820445994498
C11 450.035 84.31237082618422
C11 475.003 85.08484918303287
C11 500.018 85.5526727625505
C11 525.002 86.47971513351341
C11 550.029 87.83486779769542
C11 575.023 89.78742663582115
C11 599.982 91.50589482451326
C11 619.997 92.60131314476462
C11 624.979 92.97253164983131
C11 650.012 94.09686339703242
C11 675.004 95.49225679738457
C11 700.03 96.33001695137224
C11 725.012 96.73432103909276
C11 750.022 97.80669645636317
C11 774.987 98.99186539272002
C11 799.976 99.05104508684381
C11 824.988 98.32218751617118
C11 850.022 96.91775160718146
C11 869.967 94.87376507582978
C11 875.002 93.678091478864
C11 899.999 87.20974265071011
C11 919.999 80.00611494831148
C11 925.012 77.19843342165998
C11 949.965 65.33676168247857
C11 975.002 49.78950415102503
C11 999.976 31.05474311649364
C11 1025.028 15.072660046172118
C11 1050.014 6.068335016385065
C11 1075.002 0.8357859342311598
C11 1099.99 0.090565325640021
C12 319.994 48.07094968817496
C12 324.969 50.50428449831484
C12 349.982 62.51026113691403
C12 374.975 76.46039344447956
C12 400.019 85.04634563592839
C12 424.965 85.5658368703542
C12 450.035 84.39867769918783
C12 475.003 85.09569043151222
C12 500.018 85.53156110764837
C12 525.002 86.42874646999907
C12 550.029 87.80305329898083
C12 575.023 89.76385894361165
C12 599.982 91.51616415261218
C12 619.997 92.62835126349718
C12 624.979 93.00377806160867
C12 650.012 94.15204300478389
C12 675.004 95.54164209752906
C12 700.03 96.38537493084847
C12 725.012 96.80663398066788
C12 750.022 97.89575436174141
C12 774.987 99.09279927331194
C12 799.976 99.15911657449297
C12 824.988 98.43562343542123
C12 850.022 97.03132095167793
C12 869.967 94.96152108190525
C12 875.002 93.77262946983863
C12 899.999 87.28597544508986
C12 919.999 80.07286716620015
C12 925.012 77.26113363668189
C12 949.965 65.36721387186759
C12 975.002 49.83423172408146
C12 999.976 31.103527889090767
C12 1025.028 15.11521172853222
C12 1050.014 6.081857768510715
C12 1075.002 0.8365468473566052
C12 1099.99 0.09064777778735598
C13 319.994 47.95943441561989
C13 324.969 50.36870799599114
C13 349.982 62.39280308740889
C13 374.975 76.60246165707565
C13 400.019 85.35698404880667
C13 424.965 85.8733469148539
C13 450.035 84.65305905802308
C13 475.003 85.29380611464478
C13 500.018 85.68663260689499
C13 525.002 86.54679167338809
C13 550.029 87.90604444758745
C13 575.023 89.86757498246992
C13 599.982 91.63352790231414
C13 619.997 92.75238834748842
C13 624.979 93.13443655653712
C13 650.012 94.29946932083243
C13 675.004 95.69537795515492
C13 700.03 96.54417933241186
C13 725.012 96.96564947786224
C13 750.022 98.04899285286125
C13 774.987 99.24797938851852
C13 799.976 99.31532557869178
C13 824.988 98.59813209006519
C13 850.022 97.18995292742962
C13 869.967 95.10363661964331
C13 875.002 93.90813292300811
C13 899.999 87.37703230511418
C13 919.999 80.17413171634641
C13 925.012 77.369301888425
C13 949.965 65.41794229309787
C13 975.002 49.928216456254994
C13 999.976 31.141406397982323
C13 1025.028 15.130570211281723
C13 1050.014 6.081805104225573
C13 1075.002 0.8378563543136865
C13 1099.99 0.09078967527466537
C14 319.994 47.735815982333015
C14 324.969 50.11161670515685
C14 349.982 62.09122929217889
C14 374.975 76.52760224340612
C14 400.019 85.46657198945749
C14 424.965 86.01131597691911
C14 450.035 84.7643927916594
C14 475.003 85.36669894723279
C14 500.018 85.72346505523711
C14 525.002 86.5475660168019
C14 550.029 87.89012576239308
C14 575.023 89.833205115478
C14 599.982 91.58782022323099
C14 619.997 92.71236065635827
C14 624.979 93.08882503012127
C14 650.012 94.26501268730172
C14 675.004 95.66208191429496
C14 700.03 96.51646232208344
C14 725.012 96.92641820576415
C14 750.022 97.98832911604714
C14 774.987 99.17123299156617
C14 799.976 99.23512964271805
C14 824.988 98.53347163427979
C14 850.022 97.12577901383166
C14 869.967 95.02313155981423
C14 875.002 93.83140991779104
C14 899.999 87.29463876448592
C14 919.999 80.11047435433953
C14 925.012 77.31713284676427
C14 949.965 65.39071696245793
C14 975.002 49.992178891446464
C14 999.976 31.179715663711704
C14 1025.028 15.127602902153908
C14 1050.014 6.084158838696727
C14 1075.002 0.8373381161564744
C14 1099.99 0.09073351925965636
C15 319.994 47.50728475103424
C15 324.969 49.85678162705673
C15 349.982 61.77296868101726
C15 374.975 76.3930979753551
C15 400.019 85.51086049434426
C15 424.965 86.0979222231566
C15 450.035 84.81996064776904
C15 475.003 85.39530380452551
C15 500.018 85.72387090134151
C15 525.002 86.53363550211995
C15 550.029 87.84744721846683
C15 575.023 89.7881392003331
C15 599.982 91.53147645433111
C15 619.997 92.6459728945562
C15 624.979 93.02476912349815
C15 650.012 94.18900293073064
C15 675.004 95.60273841894154
C15 700.03 96.45546969112482
C15 725.012 96.84750717386135
C15 750.022 97.8882781969932
C15 774.987 99.04008002630081
C15 799.976 99.10259797247264
C15 824.988 98.41276398629942
C15 850.022 96.99821139356453
C15 869.967 94.90102381981002
C15 875.002 93.69852543262046
C15 899.999 87.22058468084639
C15 919.999 80.10934173808442
C15 925.012 77.31526429730997
C15 949.965 65.4237905445621
C15 975.002 50.03486062932274
C15 999.976 31.20827047206275
C15 1025.028 15.128239444502873
C15 1050.014 6.115410304265915
C15 1075.002 0.8364833333391888
C15 1099.99 0.09064089544172842
C16 319.994 47.3271251086971
C16 324.969 49.65392621925532
C16 349.982 61.517985566255376
C16 374.975 76.30485195566257
C16 400.019 85.56391386840774
C16 424.965 86.19059910812496
C16 450.035 84.89509454312561
C16 475.003 85.4526043041645
C16 500.018 85.75188959749198
C16 525.002 86.53862656709406
C16 550.029 87.8012693083987
C16 575.023 89.7188006089403
C16 599.982 91.44102384567408
C16 619.997 92.54909582557809
C16 624.979 92.92255111561934
C16 650.012 94.07450218251493
C16 675.004 95.50442707438856
C16 700.03 96.35496606272685
C16 725.012 96.72703121348879
C16 750.022 97.73810645916804
C16 774.987 98.86379694241374
C16 799.976 98.91942674001507
C16 824.988 98.23368432719037
C16 850.022 96.81247669556859
C16 869.967 94.72767054373035
C16 875.002 93.52520828390239
C16 899.999 87.155768036325
C16 919.999 80.12659790421321
C16 925.012 77.32795754705123
C16 949.965 65.44003492304097
C16 975.002 49.945766512947536
C16 999.976 31.15274029709936
C16 1025.028 15.111154979245333
C16 1050.014 6.1561401442450014
C16 1075.002 0.8352002860501977
C16 1099.99 0.09050186511018077
C17 319.994 47.117503656331316
C17 324.969 49.42111373936479
C17 349.982 61.23295839433772
C17 374.975 76.17000888592882
C17 400.019 85.58987582865228
C17 424.965 86.27607094207436
C17 450.035 84.98255146358984
C17 475.003 85.53544566553852
C17 500.018 85.82396939712699
C17 525.002 86.59076824587879
C17 550.029 87.83299232041678
C17 575.023 89.72329582974449
C17 599.982 91.42260935109194
C17 619.997 92.51791323330636
C17 624.979 92.89473586179705
C17 650.012 94.04068094124884
C17 675.004 95.47749172547218
C17 700.03 96.33492160752088
C17 725.012 96.70526815748863
C17 750.022 97.69008354377006
C17 774.987 98.80009101959537
C17 799.976 98.85626159951705
C17 824.988 98.18847612687642
C17 850.022 96.75553673941705
C17 869.967 94.68932477198331
C17 875.002 93.50251556404945
C17 899.999 87.26718406495552
C17 919.999 80.22066276631745
C17 925.012 77.43518794447053
C17 949.965 65.5513443491448
C17 975.002 49.910134883559756
C17 999.976 31.221929833818784
C17 1025.028 15.110931291912292
C17 1050.014 6.1719442174497345
C17 1075.002 0.8347900970228853
C17 1099.99 0.09045741724223876
