lsstCam/transmission_sensor/r14_s21/19700101T000000.ecsv
# %ECSV 1.0
# ---
# datatype:
# - {name: amp_name, datatype: string}
# - {name: wavelength, unit: nm, datatype: float32}
# - {name: efficiency, unit: '%', datatype: float64}
# meta: !!omap
# - {MODE: AMP}
# - {TYPE: transmission_sensor}
# - {CALIBDATE: '1970-01-01T00:00:00'}
# - {INSTRUME: LSSTCam}
# - {OBSTYPE: transmission_sensor}
# - {DETECTOR: 70}
# - {PARQUETFILE: qe_raft_allvalues_nircorrected_20230725_adjust.parquet}
# - {CORRFILE: qe_corr_factor_bydetnum.parquet}
# - {CALIBCLS: lsst.ip.isr.IntermediateSensorTransmissionCurve}
# - {CALIB_ID: 'raftName=R14 detectorName=S21 detector=70 calibDate=1970-01-01T00:00:00 ccd=70 ccdnum=70 filter=None'}
# - {DATE: '2025-03-03T21:56:47.768303'}
# - {CALIB_CREATION_DATE: '2025-03-03'}
# - {CALIB_CREATION_TIME: '21:56:47'}
# - __serialized_columns__:
#     efficiency:
#       __class__: astropy.units.quantity.Quantity
#       unit: !astropy.units.Unit {unit: '%'}
#       value: !astropy.table.SerializedColumn {name: efficiency}
#     wavelength:
#       __class__: astropy.units.quantity.Quantity
#       unit: !astropy.units.Unit {unit: nm}
#       value: !astropy.table.SerializedColumn {name: wavelength}
# schema: astropy-2.0
amp_name wavelength efficiency
C00 319.994 42.27383876297143
C00 324.969 47.73464409061936
C00 349.982 69.70689402028201
C00 374.975 74.23123388312436
C00 400.019 82.51068078889354
C00 424.965 85.39158063831732
C00 450.035 88.03048227850724
C00 475.003 90.22615624518836
C00 500.018 92.63210669432843
C00 525.002 95.01870551822063
C00 550.029 95.72543998168382
C00 575.023 97.6174633970161
C00 599.982 98.31057779182315
C00 619.997 98.65720739585916
C00 624.979 99.50558447594551
C00 650.012 99.58754116215671
C00 675.004 98.93377024491147
C00 700.03 98.56966396632119
C00 725.012 97.72788732241625
C00 750.022 97.81018698741286
C00 774.987 98.04855724327219
C00 799.976 96.63405937998958
C00 824.988 95.01092371066723
C00 850.022 92.86708527108759
C00 869.967 89.81302686553694
C00 875.002 88.38681437129492
C00 899.999 82.33996119301847
C00 919.999 73.41529497438691
C00 925.012 70.91535309454319
C00 949.965 57.48410188152731
C00 975.002 42.79417568919096
C00 999.976 25.697224380853598
C00 1025.028 10.993761006400918
C00 1050.014 3.846429193597111
C00 1075.002 0.9318318196665754
C00 1099.99 0.09245549709101758
C01 319.994 42.820649840549144
C01 324.969 48.35945997662529
C01 349.982 70.72727877212643
C01 374.975 75.1871767320658
C01 400.019 83.10473528872366
C01 424.965 85.78006889767481
C01 450.035 88.31853110599536
C01 475.003 90.44922202546766
C01 500.018 92.81741432120957
C01 525.002 95.18319814370282
C01 550.029 95.8788505815219
C01 575.023 97.76655246415804
C01 599.982 98.45691540693103
C01 619.997 98.80231790909035
C01 624.979 99.6488429037355
C01 650.012 99.73076148119276
C01 675.004 99.07744786899474
C01 700.03 98.71057489486881
C01 725.012 97.85984269378932
C01 750.022 97.9247419017395
C01 774.987 98.15317339457275
C01 799.976 96.72532984566233
C01 824.988 95.09134842497028
C01 850.022 92.896680529393
C01 869.967 89.82838469337248
C01 875.002 88.412880758986
C01 899.999 82.33522046402904
C01 919.999 73.31230987775474
C01 925.012 70.73307892447522
C01 949.965 57.490458421683556
C01 975.002 42.72199008748852
C01 999.976 25.740639778773296
C01 1025.028 10.971461669036236
C01 1050.014 3.803264837093953
C01 1075.002 0.93292335698644
C01 1099.99 0.09256379842111982
C02 319.994 43.277897724630364
C02 324.969 48.882094860707056
C02 349.982 71.5897408476669
C02 374.975 75.98425180760573
C02 400.019 83.5220413878063
C02 424.965 86.00786016344195
C02 450.035 88.43731609200871
C02 475.003 90.50563060304127
C02 500.018 92.83478429125284
C02 525.002 95.17476848733254
C02 550.029 95.85437713974527
C02 575.023 97.73330638722572
C02 599.982 98.42103220422645
C02 619.997 98.75960561768073
C02 624.979 99.60927839540086
C02 650.012 99.68910099139174
C02 675.004 99.03748702961919
C02 700.03 98.67020248095076
C02 725.012 97.81443992435193
C02 750.022 97.87857695722343
C02 774.987 98.09319783763087
C02 799.976 96.66424913485636
C02 824.988 95.02250877186327
C02 850.022 92.78424446178511
C02 869.967 89.73361584408855
C02 875.002 88.3290719873336
C02 899.999 82.25128212261325
C02 919.999 73.06080734528965
C02 925.012 70.4246571571338
C02 949.965 57.48335876082559
C02 975.002 42.65901918248741
C02 999.976 25.774451770701543
C02 1025.028 10.969243739557259
C02 1050.014 3.7721159325265807
C02 1075.002 0.93248356523236
C02 1099.99 0.0925201626873084
C03 319.994 43.57683041224214
C03 324.969 49.222059243679944
C03 349.982 72.17530471712045
C03 374.975 76.5543663882143
C03 400.019 83.86320619652811
C03 424.965 86.21358646068111
C03 450.035 88.57100922256117
C03 475.003 90.59450783896695
C03 500.018 92.89027063698124
C03 525.002 95.21594118508321
C03 550.029 95.88689915035285
C03 575.023 97.75830572980665
C03 599.982 98.4445148184008
C03 619.997 98.7842924684794
C03 624.979 99.63105373739894
C03 650.012 99.7139631424585
C03 675.004 99.05875933606534
C03 700.03 98.69362412111882
C03 725.012 97.8387152006081
C03 750.022 97.90144983133483
C03 774.987 98.11660423429734
C03 799.976 96.68386752138177
C03 824.988 95.05016048371803
C03 850.022 92.790113209891
C03 869.967 89.71308284746873
C03 875.002 88.31065783743253
C03 899.999 82.25529878527793
C03 919.999 73.02980968483946
C03 925.012 70.33488055461527
C03 949.965 57.41804797833291
C03 975.002 42.62032736461787
C03 999.976 25.82185143884508
C03 1025.028 11.001835298640756
C03 1050.014 3.7716922108187734
C03 1075.002 0.9327014875293961
C03 1099.99 0.09254178473741921
C04 319.994 43.873091676203124
C04 324.969 49.561726378372136
C04 349.982 72.79237690432693
C04 374.975 77.16229247447652
C04 400.019 84.18289291153253
C04 424.965 86.37578493917647
C04 450.035 88.64353780304901
C04 475.003 90.61288388011408
C04 500.018 92.87831210999664
C04 525.002 95.1833886874725
C04 550.029 95.84075707108914
C04 575.023 97.70646258095437
C04 599.982 98.38955437347668
C04 619.997 98.73024663364971
C04 624.979 99.57946210632262
C04 650.012 99.66209712835386
C04 675.004 99.00959142173924
C04 700.03 98.6485871957192
C04 725.012 97.80056071616904
C04 750.022 97.86980432206775
C04 774.987 98.09142196969754
C04 799.976 96.66049161171844
C04 824.988 95.02484102760405
C04 850.022 92.75423000718642
C04 869.967 89.65972297020986
C04 875.002 88.26607059532934
C04 899.999 82.20478944281335
C04 919.999 72.95950665558138
C04 925.012 70.23378565217824
C04 949.965 57.37733639650485
C04 975.002 42.602660146293914
C04 999.976 25.849731803223445
C04 1025.028 11.023369602770206
C04 1050.014 3.7728809657618125
C04 1075.002 0.9323999321515855
C04 1099.99 0.09251186468986607
C05 319.994 44.269666613145475
C05 324.969 50.014046800569645
C05 349.982 73.54327179184922
C05 374.975 77.88662556050659
C05 400.019 84.64007601073206
C05 424.965 86.68856634796798
C05 450.035 88.88067333528086
C05 475.003 90.8069184116462
C05 500.018 93.04479401243422
C05 525.002 95.33547310267367
C05 550.029 95.9817061083907
C05 575.023 97.8493475429558
C05 599.982 98.5286741905894
C05 619.997 98.86820794464283
C05 624.979 99.71772828734721
C05 650.012 99.80030233537215
C05 675.004 99.152285839971
C05 700.03 98.79165507973951
C05 725.012 97.95258415736393
C05 750.022 98.03772673540404
C05 774.987 98.27001483413544
C05 799.976 96.83711044270255
C05 824.988 95.19170401758097
C05 850.022 92.90892106115672
C05 869.967 89.76352359417622
C05 875.002 88.3648256202748
C05 899.999 82.26440677746824
C05 919.999 73.03818598895423
C05 925.012 70.25806092843442
C05 949.965 57.33849595449497
C05 975.002 42.532231358147854
C05 999.976 25.85009955269891
C05 1025.028 11.038174853673699
C05 1050.014 3.792447429109977
C05 1075.002 0.9339995607289568
C05 1099.99 0.09267057836776428
C06 319.994 44.51905410976721
C06 324.969 50.29445863376934
C06 349.982 73.95319241441939
C06 374.975 78.27079228716792
C06 400.019 84.8845360454701
C06 424.965 86.85264739890769
C06 450.035 89.00187441629365
C06 475.003 90.9004220502995
C06 500.018 93.1227035489776
C06 525.002 95.40077626341557
C06 550.029 96.04030212844015
C06 575.023 97.90019224245499
C06 599.982 98.57445042581534
C06 619.997 98.91124034958548
C06 624.979 99.76128659309417
C06 650.012 99.84113205433741
C06 675.004 99.1885043997102
C06 700.03 98.83069368726986
C06 725.012 98.00550959482794
C06 750.022 98.10761056836884
C06 774.987 98.35819849073951
C06 799.976 96.91960827321961
C06 824.988 95.25519320163559
C06 850.022 92.95303575471111
C06 869.967 89.76029197184259
C06 875.002 88.3546048524696
C06 899.999 82.15490508391329
C06 919.999 72.91561299279981
C06 925.012 70.11591527625932
C06 949.965 57.20649485261719
C06 975.002 42.394399616918115
C06 999.976 25.784415304417678
C06 1025.028 11.024396633688736
C06 1050.014 3.8090942855473466
C06 1075.002 0.9346651689746858
C06 1099.99 0.09273661940642379
C07 319.994 44.79088004070549
C07 324.969 50.60711047279747
C07 349.982 74.46763010552988
C07 374.975 78.73882113773716
C07 400.019 85.12963630727421
C07 424.965 86.98749903557976
C07 450.035 89.07847301170167
C07 475.003 90.94372121651969
C07 500.018 93.14273351004549
C07 525.002 95.40629441098525
C07 550.029 96.03905978306189
C07 575.023 97.89288298345039
C07 599.982 98.56391716622788
C07 619.997 98.90097385127558
C07 624.979 99.74796377271872
C07 650.012 99.82572087424636
C07 675.004 99.17342095490298
C07 700.03 98.82128844679886
C07 725.012 98.01432796048836
C07 750.022 98.1404298272571
C07 774.987 98.4147976120828
C07 799.976 96.98069660577637
C07 824.988 95.30514615629272
C07 850.022 92.98659432342569
C07 869.967 89.75462138925717
C07 875.002 88.35248600575086
C07 899.999 82.05579945843164
C07 919.999 72.82957866991762
C07 925.012 69.98640648688885
C07 949.965 57.10524751516442
C07 975.002 42.285953535847156
C07 999.976 25.755378339357407
C07 1025.028 11.03265956426055
C07 1050.014 3.835913321128641
C07 1075.002 0.9349776042636141
C07 1099.99 0.09276761894876286
C10 319.994 39.303954973110955
C10 324.969 44.357896000254264
C10 349.982 64.64154704308615
C10 374.975 69.73548320748355
C10 400.019 79.82531695590687
C10 424.965 83.64941608695645
C10 450.035 86.78498149542187
C10 475.003 89.2718520726661
C10 500.018 91.86637987977488
C10 525.002 94.37316609182521
C10 550.029 95.16925033976285
C10 575.023 97.11241570287503
C10 599.982 97.85204564273434
C10 619.997 98.22513796550236
C10 624.979 99.07763079101362
C10 650.012 99.18730016308588
C10 675.004 98.57043376315066
C10 700.03 98.30549408404832
C10 725.012 97.71422914500619
C10 750.022 98.11814382795629
C10 774.987 98.69229031473111
C10 799.976 97.41171423452458
C10 824.988 95.76832757336152
C10 850.022 93.73933367463842
C10 869.967 90.80713944241901
C10 875.002 89.34183498839114
C10 899.999 82.91698107983994
C10 919.999 73.48221394629562
C10 925.012 71.0030489590969
C10 949.965 58.01062766938577
C10 975.002 43.04635274660069
C10 999.976 25.868462255782177
C10 1025.028 11.043143282467888
C10 1050.014 3.924973479073202
C10 1075.002 0.9347627598397077
C10 1099.99 0.09274630228239637
C11 319.994 40.36429675345552
C11 324.969 45.564419149815585
C11 349.982 66.44233047974883
C11 374.975 71.37079081281253
C11 400.019 80.88583022564414
C11 424.965 84.4012103410716
C11 450.035 87.37754213209776
C11 475.003 89.76677808176223
C11 500.018 92.30408178396317
C11 525.002 94.77438267499676
C11 550.029 95.54410328696264
C11 575.023 97.47424307798005
C11 599.982 98.19793593694402
C11 619.997 98.56438971477667
C11 624.979 99.41736271058751
C11 650.012 99.51485252490234
C11 675.004 98.89505175091418
C11 700.03 98.61917485943268
C11 725.012 98.0231844349027
C11 750.022 98.41619239247679
C11 774.987 98.98716823092428
C11 799.976 97.69234709849708
C11 824.988 96.03553853419835
C11 850.022 93.9653033419675
C11 869.967 90.97791239054959
C11 875.002 89.54340743145146
C11 899.999 83.00526381920423
C11 919.999 73.57945224283449
C11 925.012 71.11562983996974
C11 949.965 58.16362288380598
C11 975.002 43.38153067007942
C11 999.976 26.01103663143904
C11 1025.028 11.087369444127543
C11 1050.014 3.9093869987140555
C11 1075.002 0.9376023264798592
C11 1099.99 0.09302804147577595
C12 319.994 41.31833797557563
C12 324.969 46.64843789897956
C12 349.982 68.09561779518404
C12 374.975 72.85671972446967
C12 400.019 81.76720948663764
C12 424.965 84.96943472748502
C12 450.035 87.77777550941781
C12 475.003 90.07456724378834
C12 500.018 92.54456326479045
C12 525.002 94.9781501822837
C12 550.029 95.71798590941425
C12 575.023 97.63115206142932
C12 599.982 98.34519578389711
C12 619.997 98.70506436904991
C12 624.979 99.55488958178576
C12 650.012 99.6489572299973
C12 675.004 99.01871465743112
C12 700.03 98.74364567153303
C12 725.012 98.14018593123191
C12 750.022 98.5328585317714
C12 774.987 99.09513795257106
C12 799.976 97.7992573967845
C12 824.988 96.12505599719013
C12 850.022 94.03460792187249
C12 869.967 90.9845204484818
C12 875.002 89.57814737153801
C12 899.999 83.03955407599436
C12 919.999 73.65611181224882
C12 925.012 71.02362006447066
C12 949.965 58.04638892407776
C12 975.002 43.43568702029551
C12 999.976 26.08851172818756
C12 1025.028 11.116989473123011
C12 1050.014 3.885062419257476
C12 1075.002 0.9387138253834211
C12 1099.99 0.0931383233758743
C13 319.994 41.89192426366762
C13 324.969 47.29832553419889
C13 349.982 69.11363218253372
C13 374.975 73.80461400458017
C13 400.019 82.33794905081074
C13 424.965 85.32746647069818
C13 450.035 88.0223193834145
C13 475.003 90.24857181425256
C13 500.018 92.67640430990171
C13 525.002 95.08808631563349
C13 550.029 95.80969843663264
C13 575.023 97.71698821879103
C13 599.982 98.4247744838628
C13 619.997 98.77580183810284
C13 624.979 99.62702945298348
C13 650.012 99.72008340834036
C13 675.004 99.08858324689434
C13 700.03 98.81225667211642
C13 725.012 98.21032890372346
C13 750.022 98.60680475790559
C13 774.987 99.16978537977765
C13 799.976 97.86624496445029
C13 824.988 96.1828212464038
C13 850.022 94.07857018041116
C13 869.967 90.9866088081974
C13 875.002 89.52183787672462
C13 899.999 83.14938350483314
C13 919.999 73.73207018059075
C13 925.012 71.01414622824258
C13 949.965 57.805484436081805
C13 975.002 43.134643107715775
C13 999.976 25.977358020149563
C13 1025.028 11.089763626593468
C13 1050.014 3.8625992142508774
C13 1075.002 0.9394182833847126
C13 1099.99 0.09320821905159017
C14 319.994 42.403115088942904
C14 324.969 47.88327585271409
C14 349.982 70.06801257256384
C14 374.975 74.70654912744585
C14 400.019 82.89113572292166
C14 424.965 85.68428635553623
C14 450.035 88.2753234007846
C14 475.003 90.44279688955433
C14 500.018 92.83124779888773
C14 525.002 95.21897464189638
C14 550.029 95.92797276534327
C14 575.023 97.82713776116286
C14 599.982 98.53005372748183
C14 619.997 98.87825341217992
C14 624.979 99.73063953318017
C14 650.012 99.82139171979942
C14 675.004 99.19063086817974
C14 700.03 98.91198728116261
C14 725.012 98.31547857757911
C14 750.022 98.71704576128687
C14 774.987 99.28517868669084
C14 799.976 97.98355895256176
C14 824.988 96.29004403647347
C14 850.022 94.15592332914709
C14 869.967 91.0648003495199
C14 875.002 89.60256746105914
C14 899.999 83.12457470602187
C14 919.999 73.6128812417857
C14 925.012 70.96717337814312
C14 949.965 57.98568167906035
C14 975.002 43.27313031951318
C14 999.976 26.047741077790903
C14 1025.028 11.09855055253188
C14 1050.014 3.848130987639992
C14 1075.002 0.9404684998727509
C14 1099.99 0.09331242056671928
C15 319.994 42.95822625312751
C15 324.969 48.515054208063816
C15 349.982 71.08748271431384
C15 374.975 75.67445812512267
C15 400.019 83.51875641321716
C15 424.965 86.12961763226218
C15 450.035 88.62285999316424
C15 475.003 90.73246152820927
C15 500.018 93.0915305882593
C15 525.002 95.45387700114767
C15 550.029 96.14864531587548
C15 575.023 98.04417473656973
C15 599.982 98.74483466465578
C15 619.997 99.09303434935389
C15 624.979 99.94812619188347
C15 650.012 100.03680526228868
C15 675.004 99.40390269869789
C15 700.03 99.12857457327306
C15 725.012 98.5380794310604
C15 750.022 98.95590380919654
C15 774.987 99.53533216926667
C15 799.976 98.22852202285172
C15 824.988 96.51971787468497
C15 850.022 94.38209878374742
C15 869.967 91.27494726221543
C15 875.002 89.79625901380582
C15 899.999 83.27402961720159
C15 919.999 73.71699435753433
C15 925.012 71.03887880954598
C15 949.965 58.137400250223756
C15 975.002 43.30703186701317
C15 999.976 26.11665694840577
C15 1025.028 11.118076525328988
C15 1050.014 3.845854704131551
C15 1075.002 0.942743963046114
C15 1099.99 0.0935381899323553
C16 319.994 43.15432246824747
C16 324.969 48.73989204540105
C16 349.982 71.43887591259163
C16 374.975 75.97563160746579
C16 400.019 83.57508115153212
C16 424.965 86.05948228152141
C16 450.035 88.47741412289842
C16 475.003 90.53894527573067
C16 500.018 92.86431095380117
C16 525.002 95.20308329150576
C16 550.029 95.88195263409216
C16 575.023 97.76082090756631
C16 599.982 98.45425541590642
C16 619.997 98.79924634352324
C16 624.979 99.65039774089601
C16 650.012 99.73422937780079
C16 675.004 99.10105243118167
C16 700.03 98.82692092063036
C16 725.012 98.25080802215253
C16 750.022 98.68067476653192
C16 774.987 99.2765584865509
C16 799.976 97.97567044049735
C16 824.988 96.27278077094121
C16 850.022 94.11897308133234
C16 869.967 91.02588369000215
C16 875.002 89.55276694141773
C16 899.999 83.02846442859946
C16 919.999 73.42287861641985
C16 925.012 70.72446634608606
C16 949.965 57.9641197460843
C16 975.002 43.1348031644823
C16 999.976 26.068114017644202
C16 1025.028 11.11194101594556
C16 1050.014 3.8422743866994193
C16 1075.002 0.9401217529198154
C16 1099.99 0.0932780166525989
C17 319.994 43.570210921683746
C17 324.969 49.20961673552038
C17 349.982 72.13358325331313
C17 374.975 76.58572227095148
C17 400.019 83.92184032533149
C17 424.965 86.27200718046245
C17 450.035 88.63090094024439
C17 475.003 90.6547882659403
C17 500.018 92.955650015231
C17 525.002 95.28068795801767
C17 550.029 95.95083801770389
C17 575.023 97.82263330644781
C17 599.982 98.50972651813325
C17 619.997 98.85236232475692
C17 624.979 99.70070129608935
C17 650.012 99.78098119712745
C17 675.004 99.14614270883678
C17 700.03 98.87326878716532
C17 725.012 98.30996043000941
C17 750.022 98.76253999173368
C17 774.987 99.37315655602367
C17 799.976 98.08095730586716
C17 824.988 96.3732659333153
C17 850.022 94.21121913110582
C17 869.967 91.12743589748638
C17 875.002 89.66247442224392
C17 899.999 83.08510165869669
C17 919.999 73.3938854764266
C17 925.012 70.65484165264802
C17 949.965 58.05224242868207
C17 975.002 43.19411562910571
C17 999.976 26.13897915102281
C17 1025.028 11.166692815441879
C17 1050.014 3.864931708171371
C17 1075.002 0.9409015076762774
C17 1099.99 0.09335538320318909
