lsstcam/transmission_sensor/r14_s21/19700101T000000.ecsv
# %ECSV 0.9
# ---
# datatype:
# - {name: amp_name, datatype: string}
# - {name: wavelength, unit: nm, datatype: float32}
# - {name: efficiency, unit: '%', datatype: float32}
# meta: !!omap
# - {MODE: AMP}
# - {TYPE: QE}
# - {CALIBDATE: '1970-01-01T00:00:00'}
# - {INSTRUME: LSSTCAM}
# - {OBSTYPE: qe_curve}
# - {DETECTOR: 70}
# - {PICKLEFILE: RaftRun11746.p}
# - {CALIB_ID: 'raftName=R14 detectorName=S21 detector=70 calibDate=1970-01-01T00:00:00 ccd=70 ccdnum=70 filter=None'}
# - {DATE: '2020-07-23T19:15:42.354535'}
# - {CALIB_CREATION_DATE: '2020-07-23'}
# - {CALIB_CREATION_TIME: '19:15:42'}
# - __serialized_columns__:
#     efficiency:
#       __class__: astropy.units.quantity.Quantity
#       unit: !astropy.units.Unit {unit: '%'}
#       value: !astropy.table.SerializedColumn {name: efficiency}
#     wavelength:
#       __class__: astropy.units.quantity.Quantity
#       unit: !astropy.units.Unit {unit: nm}
#       value: !astropy.table.SerializedColumn {name: wavelength}
# schema: astropy-2.0
amp_name wavelength efficiency
C10 319.994 39.343372
C10 324.969 44.40238
C10 349.982 64.706375
C10 374.975 69.80542
C10 400.019 79.90537
C10 424.965 83.73331
C10 450.035 86.87202
C10 475.003 89.36138
C10 500.018 91.95851
C10 525.002 94.46781
C10 550.029 95.264694
C10 575.023 97.20981
C10 599.982 97.95018
C10 619.997 98.32365
C10 624.979 99.176994
C10 650.012 99.28677
C10 675.004 98.66929
C10 700.03 98.40408
C10 725.012 97.812225
C10 750.022 98.216545
C10 774.987 98.79127
C10 799.976 97.50941
C10 824.988 95.86437
C10 850.022 93.83334
C10 869.967 90.89821
C10 875.002 89.431435
C10 899.999 83.00014
C10 919.999 73.55591
C10 925.012 71.07426
C10 949.965 58.068806
C10 975.002 43.089523
C10 999.976 25.894405
C10 1025.028 11.054218
C10 1050.014 3.9289098
C10 1075.002 2.165082
C10 1099.99 1.6792971
C13 319.994 41.933937
C13 324.969 47.34576
C13 349.982 69.182945
C13 374.975 73.87863
C13 400.019 82.420525
C13 424.965 85.41304
C13 450.035 88.110596
C13 475.003 90.33908
C13 500.018 92.76935
C13 525.002 95.18345
C13 550.029 95.905785
C13 575.023 97.81499
C13 599.982 98.52348
C13 619.997 98.87486
C13 624.979 99.726944
C13 650.012 99.82009
C13 675.004 99.18796
C13 700.03 98.911354
C13 725.012 98.30882
C13 750.022 98.705696
C13 774.987 99.26924
C13 799.976 97.96439
C13 824.988 96.27928
C13 850.022 94.17292
C13 869.967 91.07786
C13 875.002 89.61162
C13 899.999 83.23277
C13 919.999 73.806015
C13 925.012 71.085365
C13 949.965 57.863457
C13 975.002 43.177902
C13 999.976 26.00341
C13 1025.028 11.100885
C13 1050.014 3.866473
C13 1075.002 2.1532865
C13 1099.99 1.6809084
C12 319.994 41.359776
C12 324.969 46.69522
C12 349.982 68.16391
C12 374.975 72.92979
C12 400.019 81.84921
C12 424.965 85.05465
C12 450.035 87.86581
C12 475.003 90.1649
C12 500.018 92.637375
C12 525.002 95.0734
C12 550.029 95.81398
C12 575.023 97.729065
C12 599.982 98.443825
C12 619.997 98.804054
C12 624.979 99.65473
C12 650.012 99.74889
C12 675.004 99.11802
C12 700.03 98.842674
C12 725.012 98.23861
C12 750.022 98.631676
C12 774.987 99.19452
C12 799.976 97.89734
C12 824.988 96.22146
C12 850.022 94.128914
C12 869.967 91.07577
C12 875.002 89.667984
C12 899.999 83.12283
C12 919.999 73.72998
C12 925.012 71.09485
C12 949.965 58.104603
C12 975.002 43.479248
C12 999.976 26.114676
C12 1025.028 11.128139
C12 1050.014 3.8889587
C12 1075.002 2.1633866
C12 1099.99 1.6840013
C02 319.994 43.3213
C02 324.969 48.931118
C02 349.982 71.66154
C02 374.975 76.060455
C02 400.019 83.605804
C02 424.965 86.09412
C02 450.035 88.52601
C02 475.003 90.5964
C02 500.018 92.92789
C02 525.002 95.27022
C02 550.029 95.95051
C02 575.023 97.83132
C02 599.982 98.51974
C02 619.997 98.85865
C02 624.979 99.709175
C02 650.012 99.78908
C02 675.004 99.13681
C02 700.03 98.76916
C02 725.012 97.91254
C02 750.022 97.97674
C02 774.987 98.191574
C02 799.976 96.76119
C02 824.988 95.117805
C02 850.022 92.8773
C02 869.967 89.82361
C02 875.002 88.417656
C02 899.999 82.33377
C02 919.999 73.13408
C02 925.012 70.495285
C02 949.965 57.541008
C02 975.002 42.7018
C02 999.976 25.8003
C02 1025.028 10.980245
C02 1050.014 3.775899
C02 1075.002 2.0835354
C02 1099.99 1.6520499
C17 319.994 43.613907
C17 324.969 49.25897
C17 349.982 72.205925
C17 374.975 76.66253
C17 400.019 84.006004
C17 424.965 86.35853
C17 450.035 88.71979
C17 475.003 90.745705
C17 500.018 93.048874
C17 525.002 95.37624
C17 550.029 96.047066
C17 575.023 97.92074
C17 599.982 98.60852
C17 619.997 98.9515
C17 624.979 99.80069
C17 650.012 99.88105
C17 675.004 99.245575
C17 700.03 98.97243
C17 725.012 98.408554
C17 750.022 98.86159
C17 774.987 99.47282
C17 799.976 98.17932
C17 824.988 96.46992
C17 850.022 94.3057
C17 869.967 91.21883
C17 875.002 89.752396
C17 899.999 83.16843
C17 919.999 73.46749
C17 925.012 70.7257
C17 949.965 58.110462
C17 975.002 43.237434
C17 999.976 26.165194
C17 1025.028 11.177892
C17 1050.014 3.8688078
C17 1075.002 2.1384633
C17 1099.99 1.6823697
C05 319.994 44.314064
C05 324.969 50.064205
C05 349.982 73.61703
C05 374.975 77.96474
C05 400.019 84.72496
C05 424.965 86.775505
C05 450.035 88.96981
C05 475.003 90.89799
C05 500.018 93.13811
C05 525.002 95.43108
C05 550.029 96.077965
C05 575.023 97.94748
C05 599.982 98.62749
C05 619.997 98.96736
C05 624.979 99.81773
C05 650.012 99.90039
C05 675.004 99.251724
C05 700.03 98.89073
C05 725.012 98.05082
C05 750.022 98.13605
C05 774.987 98.36857
C05 799.976 96.93423
C05 824.988 95.28717
C05 850.022 93.0021
C05 869.967 89.853546
C05 875.002 88.453445
C05 899.999 82.34691
C05 919.999 73.111435
C05 925.012 70.32852
C05 949.965 57.396
C05 975.002 42.574886
C05 999.976 25.876024
C05 1025.028 11.049245
C05 1050.014 3.7962508
C05 1075.002 2.0667884
C05 1099.99 1.6479023
C14 319.994 42.44564
C14 324.969 47.931297
C14 349.982 70.13828
C14 374.975 74.78147
C14 400.019 82.974266
C14 424.965 85.77022
C14 450.035 88.36385
C14 475.003 90.5335
C14 500.018 92.92435
C14 525.002 95.31447
C14 550.029 96.02418
C14 575.023 97.92525
C14 599.982 98.62887
C14 619.997 98.97742
C14 624.979 99.83066
C14 650.012 99.9215
C14 675.004 99.29011
C14 700.03 99.011185
C14 725.012 98.41408
C14 750.022 98.81605
C14 774.987 99.38475
C14 799.976 98.081825
C14 824.988 96.38661
C14 850.022 94.25035
C14 869.967 91.15613
C14 875.002 89.69243
C14 899.999 83.20794
C14 919.999 73.68671
C14 925.012 71.038345
C14 949.965 58.043835
C14 975.002 43.31653
C14 999.976 26.073864
C14 1025.028 11.109681
C14 1050.014 3.8519902
C14 1075.002 2.1497016
C14 1099.99 1.6831181
C04 319.994 43.91709
C04 324.969 49.61143
C04 349.982 72.86538
C04 374.975 77.23968
C04 400.019 84.26732
C04 424.965 86.46241
C04 450.035 88.73244
C04 475.003 90.70376
C04 500.018 92.97146
C04 525.002 95.27885
C04 550.029 95.936874
C04 575.023 97.80445
C04 599.982 98.48823
C04 619.997 98.82926
C04 624.979 99.67933
C04 650.012 99.76205
C04 675.004 99.10889
C04 700.03 98.74752
C04 725.012 97.89864
C04 750.022 97.96796
C04 774.987 98.1898
C04 799.976 96.75743
C04 824.988 95.12014
C04 850.022 92.84725
C04 869.967 89.74964
C04 875.002 88.35459
C04 899.999 82.28723
C04 919.999 73.03268
C04 925.012 70.30422
C04 949.965 57.43488
C04 975.002 42.645386
C04 999.976 25.875656
C04 1025.028 11.034425
C04 1050.014 3.7766647
C04 1075.002 2.0697784
C04 1099.99 1.6497585
C01 319.994 42.863594
C01 324.969 48.40796
C01 349.982 70.79821
C01 374.975 75.26258
C01 400.019 83.18808
C01 424.965 85.8661
C01 450.035 88.407104
C01 475.003 90.53993
C01 500.018 92.9105
C01 525.002 95.278656
C01 550.029 95.975006
C01 575.023 97.8646
C01 599.982 98.55566
C01 619.997 98.901405
C01 624.979 99.74878
C01 650.012 99.83078
C01 675.004 99.17681
C01 700.03 98.80957
C01 725.012 97.957985
C01 750.022 98.02295
C01 774.987 98.25161
C01 799.976 96.822334
C01 824.988 95.186714
C01 850.022 92.989845
C01 869.967 89.91847
C01 875.002 88.50155
C01 899.999 82.41779
C01 919.999 73.38583
C01 925.012 70.804016
C01 949.965 57.548115
C01 975.002 42.764835
C01 999.976 25.766455
C01 1025.028 10.982465
C01 1050.014 3.807079
C01 1075.002 2.111264
C01 1099.99 1.6567878
C00 319.994 42.316235
C00 324.969 47.782516
C00 349.982 69.7768
C00 374.975 74.30568
C00 400.019 82.59343
C00 424.965 85.47722
C00 450.035 88.11877
C00 475.003 90.31664
C00 500.018 92.725006
C00 525.002 95.114
C00 550.029 95.82144
C00 575.023 97.71536
C00 599.982 98.40917
C00 619.997 98.75615
C00 624.979 99.60538
C00 650.012 99.687416
C00 675.004 99.03299
C00 700.03 98.66852
C00 725.012 97.8259
C00 750.022 97.90828
C00 774.987 98.14689
C00 799.976 96.73097
C00 824.988 95.10621
C00 850.022 92.96022
C00 869.967 89.9031
C00 875.002 88.47546
C00 899.999 82.42254
C00 919.999 73.48892
C00 925.012 70.98647
C00 949.965 57.54175
C00 975.002 42.837093
C00 999.976 25.722996
C00 1025.028 11.0047865
C00 1050.014 3.8502867
C00 1075.002 2.1241217
C00 1099.99 1.6548715
C06 319.994 44.5637
C06 324.969 50.3449
C06 349.982 74.02736
C06 374.975 78.34929
C06 400.019 84.969666
C06 424.965 86.93975
C06 450.035 89.09113
C06 475.003 90.991585
C06 500.018 93.216095
C06 525.002 95.49645
C06 550.029 96.13662
C06 575.023 97.998375
C06 599.982 98.67331
C06 619.997 99.01044
C06 624.979 99.861336
C06 650.012 99.94126
C06 675.004 99.28798
C06 700.03 98.92981
C06 725.012 98.1038
C06 750.022 98.206
C06 774.987 98.45684
C06 799.976 97.01681
C06 824.988 95.35072
C06 850.022 93.04626
C06 869.967 89.85031
C06 875.002 88.443214
C06 899.999 82.2373
C06 919.999 72.98874
C06 925.012 70.18623
C06 949.965 57.263866
C06 975.002 42.436916
C06 999.976 25.810274
C06 1025.028 11.035453
C06 1050.014 3.8129144
C06 1075.002 2.0636683
C06 1099.99 1.64383
C16 319.994 43.1976
C16 324.969 48.788773
C16 349.982 71.51052
C16 374.975 76.05183
C16 400.019 83.6589
C16 424.965 86.14579
C16 450.035 88.56615
C16 475.003 90.629745
C16 500.018 92.95744
C16 525.002 95.29856
C16 550.029 95.97811
C16 575.023 97.858864
C16 599.982 98.55299
C16 619.997 98.89833
C16 624.979 99.750336
C16 650.012 99.83425
C16 675.004 99.20044
C16 700.03 98.92603
C16 725.012 98.34934
C16 750.022 98.77964
C16 774.987 99.37612
C16 799.976 98.07393
C16 824.988 96.36933
C16 850.022 94.21336
C16 869.967 91.11717
C16 875.002 89.64258
C16 899.999 83.11173
C16 919.999 73.49651
C16 925.012 70.795395
C16 949.965 58.02225
C16 975.002 43.178062
C16 999.976 26.094257
C16 1025.028 11.123085
C16 1050.014 3.8461277
C16 1075.002 2.1411755
C16 1099.99 1.6825924
C07 319.994 44.8358
C07 324.969 50.657864
C07 349.982 74.54231
C07 374.975 78.81779
C07 400.019 85.21501
C07 424.965 87.07474
C07 450.035 89.16781
C07 475.003 91.03493
C07 500.018 93.236145
C07 525.002 95.501976
C07 550.029 96.135376
C07 575.023 97.99106
C07 599.982 98.662766
C07 619.997 99.00016
C07 624.979 99.848
C07 650.012 99.925835
C07 675.004 99.27288
C07 700.03 98.920395
C07 725.012 98.112625
C07 750.022 98.23885
C07 774.987 98.5135
C07 799.976 97.07796
C07 824.988 95.40073
C07 850.022 93.07985
C07 869.967 89.844635
C07 875.002 88.44109
C07 899.999 82.13809
C07 919.999 72.90262
C07 925.012 70.056595
C07 949.965 57.162518
C07 975.002 42.32836
C07 999.976 25.781208
C07 1025.028 11.043724
C07 1050.014 3.8397603
C07 1075.002 2.063285
C07 1099.99 1.6375986
C03 319.994 43.620533
C03 324.969 49.271423
C03 349.982 72.24769
C03 374.975 76.63114
C03 400.019 83.94731
C03 424.965 86.30005
C03 450.035 88.659836
C03 475.003 90.68536
C03 500.018 92.98343
C03 525.002 95.31143
C03 550.029 95.98306
C03 575.023 97.856346
C03 599.982 98.54324
C03 619.997 98.88336
C03 624.979 99.73097
C03 650.012 99.813965
C03 675.004 99.158104
C03 700.03 98.7926
C03 725.012 97.93684
C03 750.022 97.99963
C03 774.987 98.215004
C03 799.976 96.78083
C03 824.988 95.145485
C03 850.022 92.88317
C03 869.967 89.803055
C03 875.002 88.39922
C03 899.999 82.33779
C03 919.999 73.10305
C03 925.012 70.40542
C03 949.965 57.47563
C03 975.002 42.66307
C03 999.976 25.847748
C03 1025.028 11.012869
C03 1050.014 3.7754748
C03 1075.002 2.0762565
C03 1099.99 1.6504147
C15 319.994 43.00131
C15 324.969 48.56371
C15 349.982 71.158775
C15 374.975 75.75035
C15 400.019 83.602516
C15 424.965 86.215996
C15 450.035 88.71174
C15 475.003 90.823456
C15 500.018 93.18489
C15 525.002 95.54961
C15 550.029 96.24507
C15 575.023 98.1425
C15 599.982 98.843864
C15 619.997 99.19241
C15 624.979 100.04836
C15 650.012 100.13713
C15 675.004 99.50359
C15 700.03 99.22799
C15 725.012 98.6369
C15 750.022 99.055145
C15 774.987 99.635155
C15 799.976 98.327034
C15 824.988 96.616516
C15 850.022 94.47675
C15 869.967 91.366486
C15 875.002 89.886314
C15 899.999 83.357544
C15 919.999 73.790924
C15 925.012 71.11012
C15 949.965 58.195705
C15 975.002 43.350464
C15 999.976 26.142849
C15 1025.028 11.129227
C15 1050.014 3.8497117
C15 1075.002 2.1499267
C15 1099.99 1.6858628
C11 319.994 40.404778
C11 324.969 45.610115
C11 349.982 66.508965
C11 374.975 71.44237
C11 400.019 80.96695
C11 424.965 84.485855
C11 450.035 87.46517
C11 475.003 89.856804
C11 500.018 92.39665
C11 525.002 94.86943
C11 550.029 95.63992
C11 575.023 97.572
C11 599.982 98.29642
C11 619.997 98.66324
C11 624.979 99.51707
C11 650.012 99.614655
C11 675.004 98.99423
C11 700.03 98.71808
C11 725.012 98.12149
C11 750.022 98.51489
C11 774.987 99.08644
C11 799.976 97.79032
C11 824.988 96.13185
C11 850.022 94.05954
C11 869.967 91.06915
C11 875.002 89.63321
C11 899.999 83.08851
C11 919.999 73.653244
C11 925.012 71.18695
C11 949.965 58.221954
C11 975.002 43.425037
C11 999.976 26.037123
C11 1025.028 11.098489
C11 1050.014 3.9133077
C11 1075.002 2.1710176
C11 1099.99 1.6842656
