lsstCam/transmission_sensor/r14_s21/19700101T000000.ecsv
# %ECSV 1.0
# ---
# datatype:
# - {name: amp_name, datatype: string}
# - {name: wavelength, unit: nm, datatype: float32}
# - {name: efficiency, unit: '%', datatype: float64}
# meta: !!omap
# - {MODE: AMP}
# - {TYPE: transmission_sensor}
# - {CALIBDATE: '1970-01-01T00:00:00'}
# - {INSTRUME: LSSTCAM}
# - {OBSTYPE: transmission_sensor}
# - {DETECTOR: 70}
# - {PARQUETFILE: qe_raft_allvalues_nircorrected_20230725.parquet}
# - {CALIBCLS: lsst.ip.isr.IntermediateSensorTransmissionCurve}
# - {CALIB_ID: 'raftName=R14 detectorName=S21 detector=70 calibDate=1970-01-01T00:00:00 ccd=70 ccdnum=70 filter=None'}
# - {DATE: '2023-08-02T16:57:55.727274'}
# - {CALIB_CREATION_DATE: '2023-08-02'}
# - {CALIB_CREATION_TIME: '16:57:55'}
# - __serialized_columns__:
#     efficiency:
#       __class__: astropy.units.quantity.Quantity
#       unit: !astropy.units.Unit {unit: '%'}
#       value: !astropy.table.SerializedColumn {name: efficiency}
#     wavelength:
#       __class__: astropy.units.quantity.Quantity
#       unit: !astropy.units.Unit {unit: nm}
#       value: !astropy.table.SerializedColumn {name: wavelength}
# schema: astropy-2.0
amp_name wavelength efficiency
C00 319.994 42.31623458862305
C00 324.969 47.78251647949219
C00 349.982 69.77680206298828
C00 374.975 74.30567932128906
C00 400.019 82.59342956542969
C00 424.965 85.47721862792969
C00 450.035 88.11876678466797
C00 475.003 90.31664276123047
C00 500.018 92.72500610351562
C00 525.002 95.11399841308594
C00 550.029 95.82144165039062
C00 575.023 97.71536254882812
C00 599.982 98.40917205810547
C00 619.997 98.75614929199219
C00 624.979 99.60537719726562
C00 650.012 99.68741607666016
C00 675.004 99.03298950195312
C00 700.03 98.66851806640625
C00 725.012 97.82589721679688
C00 750.022 97.90827941894531
C00 774.987 98.14688873291016
C00 799.976 96.73097229003906
C00 824.988 95.10620880126953
C00 850.022 92.96022033691406
C00 869.967 89.9030990600586
C00 875.002 88.47545623779297
C00 899.999 82.42253875732422
C00 919.999 73.48892211914062
C00 925.012 70.9864730834961
C00 949.965 57.541751861572266
C00 975.002 42.837093353271484
C00 999.976 25.72299575805664
C00 1025.028 11.004786491394043
C00 1050.014 3.8502867221832275
C00 1075.002 0.9327663404131942
C00 1099.99 0.09254821938097053
C01 319.994 42.86359405517578
C01 324.969 48.407958984375
C01 349.982 70.79821014404297
C01 374.975 75.26258087158203
C01 400.019 83.18807983398438
C01 424.965 85.86609649658203
C01 450.035 88.4071044921875
C01 475.003 90.53993225097656
C01 500.018 92.9104995727539
C01 525.002 95.27865600585938
C01 550.029 95.97500610351562
C01 575.023 97.8646011352539
C01 599.982 98.55565643310547
C01 619.997 98.90140533447266
C01 624.979 99.748779296875
C01 650.012 99.83078002929688
C01 675.004 99.17681121826172
C01 700.03 98.8095703125
C01 725.012 97.9579849243164
C01 750.022 98.02294921875
C01 774.987 98.2516098022461
C01 799.976 96.82233428955078
C01 824.988 95.18671417236328
C01 850.022 92.9898452758789
C01 869.967 89.91847229003906
C01 875.002 88.50154876708984
C01 899.999 82.41779327392578
C01 919.999 73.38583374023438
C01 925.012 70.80401611328125
C01 949.965 57.54811477661133
C01 975.002 42.764835357666016
C01 999.976 25.766454696655273
C01 1025.028 10.982464790344238
C01 1050.014 3.8070790767669678
C01 1075.002 0.9338589724201575
C01 1099.99 0.09265662932492104
C02 319.994 43.3213005065918
C02 324.969 48.93111801147461
C02 349.982 71.66153717041016
C02 374.975 76.06045532226562
C02 400.019 83.60580444335938
C02 424.965 86.0941162109375
C02 450.035 88.52600860595703
C02 475.003 90.59639739990234
C02 500.018 92.92788696289062
C02 525.002 95.27021789550781
C02 550.029 95.95050811767578
C02 575.023 97.8313217163086
C02 599.982 98.51973724365234
C02 619.997 98.85865020751953
C02 624.979 99.70917510986328
C02 650.012 99.78907775878906
C02 675.004 99.13681030273438
C02 700.03 98.76915740966797
C02 725.012 97.91253662109375
C02 750.022 97.97673797607422
C02 774.987 98.19157409667969
C02 799.976 96.76119232177734
C02 824.988 95.11780548095703
C02 850.022 92.8772964477539
C02 869.967 89.8236083984375
C02 875.002 88.41765594482422
C02 899.999 82.33377075195312
C02 919.999 73.13407897949219
C02 925.012 70.49528503417969
C02 949.965 57.54100799560547
C02 975.002 42.70180130004883
C02 999.976 25.80030059814453
C02 1025.028 10.980244636535645
C02 1050.014 3.7758989334106445
C02 1075.002 0.9334187396052447
C02 1099.99 0.09261294982945897
C03 319.994 43.62053298950195
C03 324.969 49.27142333984375
C03 349.982 72.24768829345703
C03 374.975 76.63114166259766
C03 400.019 83.94731140136719
C03 424.965 86.300048828125
C03 450.035 88.65983581542969
C03 475.003 90.68536376953125
C03 500.018 92.98342895507812
C03 525.002 95.31143188476562
C03 550.029 95.98306274414062
C03 575.023 97.8563461303711
C03 599.982 98.54324340820312
C03 619.997 98.88336181640625
C03 624.979 99.73097229003906
C03 650.012 99.81396484375
C03 675.004 99.1581039428711
C03 700.03 98.7926025390625
C03 725.012 97.93683624267578
C03 750.022 97.9996337890625
C03 774.987 98.21500396728516
C03 799.976 96.78083038330078
C03 824.988 95.1454849243164
C03 850.022 92.88317108154297
C03 869.967 89.80305480957031
C03 875.002 88.39922332763672
C03 899.999 82.3377914428711
C03 919.999 73.1030502319336
C03 925.012 70.4054183959961
C03 949.965 57.47563171386719
C03 975.002 42.66307067871094
C03 999.976 25.847747802734375
C03 1025.028 11.012868881225586
C03 1050.014 3.775474786758423
C03 1075.002 0.9336368804534221
C03 1099.99 0.09263459356401325
C04 319.994 43.917091369628906
C04 324.969 49.61143112182617
C04 349.982 72.8653793334961
C04 374.975 77.23967742919922
C04 400.019 84.26731872558594
C04 424.965 86.46240997314453
C04 450.035 88.73243713378906
C04 475.003 90.7037582397461
C04 500.018 92.9714584350586
C04 525.002 95.27884674072266
C04 550.029 95.93687438964844
C04 575.023 97.80445098876953
C04 599.982 98.48822784423828
C04 619.997 98.82926177978516
C04 624.979 99.67932891845703
C04 650.012 99.76204681396484
C04 675.004 99.10888671875
C04 700.03 98.74752044677734
C04 725.012 97.89864349365234
C04 750.022 97.96795654296875
C04 774.987 98.1897964477539
C04 799.976 96.75743103027344
C04 824.988 95.1201400756836
C04 850.022 92.84725189208984
C04 869.967 89.74964141845703
C04 875.002 88.3545913696289
C04 899.999 82.2872314453125
C04 919.999 73.03267669677734
C04 925.012 70.3042221069336
C04 949.965 57.434879302978516
C04 975.002 42.6453857421875
C04 999.976 25.875656127929688
C04 1025.028 11.034424781799316
C04 1050.014 3.7766647338867188
C04 1075.002 0.9333350226500547
C04 1099.99 0.0926046435100742
C05 319.994 44.314064025878906
C05 324.969 50.064205169677734
C05 349.982 73.61702728271484
C05 374.975 77.96473693847656
C05 400.019 84.72496032714844
C05 424.965 86.77550506591797
C05 450.035 88.96981048583984
C05 475.003 90.89798736572266
C05 500.018 93.13810729980469
C05 525.002 95.43108367919922
C05 550.029 96.07796478271484
C05 575.023 97.94747924804688
C05 599.982 98.62748718261719
C05 619.997 98.96736145019531
C05 624.979 99.81773376464844
C05 650.012 99.900390625
C05 675.004 99.25172424316406
C05 700.03 98.89073181152344
C05 725.012 98.05081939697266
C05 750.022 98.13604736328125
C05 774.987 98.36856842041016
C05 799.976 96.9342269897461
C05 824.988 95.28717041015625
C05 850.022 93.0020980834961
C05 869.967 89.85354614257812
C05 875.002 88.45344543457031
C05 899.999 82.34690856933594
C05 919.999 73.11143493652344
C05 925.012 70.32852172851562
C05 949.965 57.395999908447266
C05 975.002 42.574886322021484
C05 999.976 25.87602424621582
C05 1025.028 11.04924488067627
C05 1050.014 3.796250820159912
C05 1075.002 0.9349362554719485
C05 1099.99 0.09276351635964014
C06 319.994 44.56370162963867
C06 324.969 50.34489822387695
C06 349.982 74.02735900878906
C06 374.975 78.34928894042969
C06 400.019 84.96966552734375
C06 424.965 86.93975067138672
C06 450.035 89.09113311767578
C06 475.003 90.99158477783203
C06 500.018 93.21609497070312
C06 525.002 95.49645233154297
C06 550.029 96.1366195678711
C06 575.023 97.99837493896484
C06 599.982 98.67330932617188
C06 619.997 99.01043701171875
C06 624.979 99.86133575439453
C06 650.012 99.9412612915039
C06 675.004 99.28797912597656
C06 700.03 98.9298095703125
C06 725.012 98.10379791259766
C06 750.022 98.20600128173828
C06 774.987 98.45684051513672
C06 799.976 97.01680755615234
C06 824.988 95.35072326660156
C06 850.022 93.04625701904297
C06 869.967 89.85031127929688
C06 875.002 88.4432144165039
C06 899.999 82.23729705810547
C06 919.999 72.98873901367188
C06 925.012 70.18623352050781
C06 949.965 57.26386642456055
C06 975.002 42.43691635131836
C06 999.976 25.810274124145508
C06 1025.028 11.035452842712402
C06 1050.014 3.8129143714904785
C06 1075.002 0.935602531246626
C06 1099.99 0.09282962362990867
C07 319.994 44.83580017089844
C07 324.969 50.65786361694336
C07 349.982 74.54231262207031
C07 374.975 78.81778717041016
C07 400.019 85.21501159667969
C07 424.965 87.07473754882812
C07 450.035 89.16780853271484
C07 475.003 91.03492736816406
C07 500.018 93.23614501953125
C07 525.002 95.5019760131836
C07 550.029 96.1353759765625
C07 575.023 97.99105834960938
C07 599.982 98.66276550292969
C07 619.997 99.00016021728516
C07 624.979 99.8479995727539
C07 650.012 99.92583465576172
C07 675.004 99.27288055419922
C07 700.03 98.92039489746094
C07 725.012 98.11262512207031
C07 750.022 98.23885345458984
C07 774.987 98.51349639892578
C07 799.976 97.07795715332031
C07 824.988 95.40072631835938
C07 850.022 93.07984924316406
C07 869.967 89.84463500976562
C07 875.002 88.44109344482422
C07 899.999 82.13809204101562
C07 919.999 72.90261840820312
C07 925.012 70.05659484863281
C07 949.965 57.16251754760742
C07 975.002 42.32836151123047
C07 999.976 25.781208038330078
C07 1025.028 11.043724060058594
C07 1050.014 3.8397603034973145
C07 1075.002 0.9359152798724175
C07 1099.99 0.09286065426124346
C10 319.994 39.3433723449707
C10 324.969 44.402381896972656
C10 349.982 64.70637512207031
C10 374.975 69.805419921875
C10 400.019 79.9053726196289
C10 424.965 83.73330688476562
C10 450.035 86.87201690673828
C10 475.003 89.36138153076172
C10 500.018 91.95851135253906
C10 525.002 94.46781158447266
C10 550.029 95.26469421386719
C10 575.023 97.20980834960938
C10 599.982 97.95018005371094
C10 619.997 98.32364654541016
C10 624.979 99.17699432373047
C10 650.012 99.28677368164062
C10 675.004 98.6692886352539
C10 700.03 98.40408325195312
C10 725.012 97.81222534179688
C10 750.022 98.21654510498047
C10 774.987 98.79126739501953
C10 799.976 97.50940704345703
C10 824.988 95.86437225341797
C10 850.022 93.83334350585938
C10 869.967 90.89820861816406
C10 875.002 89.43143463134766
C10 899.999 83.00013732910156
C10 919.999 73.555908203125
C10 925.012 71.07425689697266
C10 949.965 58.06880569458008
C10 975.002 43.08952331542969
C10 999.976 25.894405364990234
C10 1025.028 11.054218292236328
C10 1050.014 3.9289097785949707
C10 1075.002 0.9357002199841246
C10 1099.99 0.09283931621669848
C11 319.994 40.40477752685547
C11 324.969 45.61011505126953
C11 349.982 66.50896453857422
C11 374.975 71.44236755371094
C11 400.019 80.96694946289062
C11 424.965 84.48585510253906
C11 450.035 87.46517181396484
C11 475.003 89.85680389404297
C11 500.018 92.39665222167969
C11 525.002 94.86943054199219
C11 550.029 95.63992309570312
C11 575.023 97.5719985961914
C11 599.982 98.29641723632812
C11 619.997 98.66323852539062
C11 624.979 99.5170669555664
C11 650.012 99.61465454101562
C11 675.004 98.99423217773438
C11 700.03 98.71807861328125
C11 725.012 98.12149047851562
C11 750.022 98.514892578125
C11 774.987 99.08644104003906
C11 799.976 97.79032135009766
C11 824.988 96.13185119628906
C11 850.022 94.05953979492188
C11 869.967 91.06915283203125
C11 875.002 89.63320922851562
C11 899.999 83.08850860595703
C11 919.999 73.65324401855469
C11 925.012 71.18695068359375
C11 949.965 58.221954345703125
C11 975.002 43.4250373840332
C11 999.976 26.03712272644043
C11 1025.028 11.098488807678223
C11 1050.014 3.9133076667785645
C11 1075.002 0.9385426343848704
C11 1099.99 0.09312133796226804
C12 319.994 41.35977554321289
C12 324.969 46.695220947265625
C12 349.982 68.16390991210938
C12 374.975 72.9297866821289
C12 400.019 81.84921264648438
C12 424.965 85.05464935302734
C12 450.035 87.86580657958984
C12 475.003 90.16490173339844
C12 500.018 92.63737487792969
C12 525.002 95.07340240478516
C12 550.029 95.81398010253906
C12 575.023 97.72906494140625
C12 599.982 98.4438247680664
C12 619.997 98.8040542602539
C12 624.979 99.65473175048828
C12 650.012 99.74889373779297
C12 675.004 99.1180191040039
C12 700.03 98.8426742553711
C12 725.012 98.23860931396484
C12 750.022 98.63167572021484
C12 774.987 99.19451904296875
C12 799.976 97.8973388671875
C12 824.988 96.2214584350586
C12 850.022 94.12891387939453
C12 869.967 91.07576751708984
C12 875.002 89.66798400878906
C12 899.999 83.12283325195312
C12 919.999 73.72998046875
C12 925.012 71.0948486328125
C12 949.965 58.1046028137207
C12 975.002 43.479248046875
C12 999.976 26.114675521850586
C12 1025.028 11.128138542175293
C12 1050.014 3.888958692550659
C12 1075.002 0.9396552479947166
C12 1099.99 0.09323173046249986
C13 319.994 41.933937072753906
C13 324.969 47.345760345458984
C13 349.982 69.18294525146484
C13 374.975 73.87863159179688
C13 400.019 82.42052459716797
C13 424.965 85.41304016113281
C13 450.035 88.110595703125
C13 475.003 90.33908081054688
C13 500.018 92.76934814453125
C13 525.002 95.1834487915039
C13 550.029 95.9057846069336
C13 575.023 97.81498718261719
C13 599.982 98.52348327636719
C13 619.997 98.87486267089844
C13 624.979 99.72694396972656
C13 650.012 99.8200912475586
C13 675.004 99.18795776367188
C13 700.03 98.9113540649414
C13 725.012 98.30882263183594
C13 750.022 98.70569610595703
C13 774.987 99.26924133300781
C13 799.976 97.96439361572266
C13 824.988 96.27928161621094
C13 850.022 94.17292022705078
C13 869.967 91.0778579711914
C13 875.002 89.61161804199219
C13 899.999 83.23277282714844
C13 919.999 73.80601501464844
C13 925.012 71.08536529541016
C13 949.965 57.86345672607422
C13 975.002 43.17790222167969
C13 999.976 26.00341033935547
C13 1025.028 11.100885391235352
C13 1050.014 3.8664729595184326
C13 1075.002 0.9403604124868183
C13 1099.99 0.09330169623558489
C14 319.994 42.445640563964844
C14 324.969 47.931297302246094
C14 349.982 70.1382827758789
C14 374.975 74.7814712524414
C14 400.019 82.9742660522461
C14 424.965 85.77021789550781
C14 450.035 88.36385345458984
C14 475.003 90.53350067138672
C14 500.018 92.92434692382812
C14 525.002 95.31446838378906
C14 550.029 96.02417755126953
C14 575.023 97.92524719238281
C14 599.982 98.62886810302734
C14 619.997 98.9774169921875
C14 624.979 99.83065795898438
C14 650.012 99.92150115966797
C14 675.004 99.29010772705078
C14 700.03 99.01118469238281
C14 725.012 98.41407775878906
C14 750.022 98.81604766845703
C14 774.987 99.38475036621094
C14 799.976 98.08182525634766
C14 824.988 96.38661193847656
C14 850.022 94.25035095214844
C14 869.967 91.1561279296875
C14 875.002 89.69242858886719
C14 899.999 83.20793914794922
C14 919.999 73.68670654296875
C14 925.012 71.03834533691406
C14 949.965 58.0438346862793
C14 975.002 43.3165283203125
C14 999.976 26.073863983154297
C14 1025.028 11.109681129455566
C14 1050.014 3.851990222930908
C14 1075.002 0.9414116822218866
C14 1099.99 0.0934060022529167
C15 319.994 43.00130844116211
C15 324.969 48.5637092590332
C15 349.982 71.15877532958984
C15 374.975 75.75035095214844
C15 400.019 83.6025161743164
C15 424.965 86.21599578857422
C15 450.035 88.71173858642578
C15 475.003 90.82345581054688
C15 500.018 93.18489074707031
C15 525.002 95.54960632324219
C15 550.029 96.24507141113281
C15 575.023 98.14250183105469
C15 599.982 98.84386444091797
C15 619.997 99.19241333007812
C15 624.979 100.0483627319336
C15 650.012 100.13713073730469
C15 675.004 99.50359344482422
C15 700.03 99.22798919677734
C15 725.012 98.63690185546875
C15 750.022 99.05514526367188
C15 774.987 99.6351547241211
C15 799.976 98.32703399658203
C15 824.988 96.61651611328125
C15 850.022 94.47675323486328
C15 869.967 91.36648559570312
C15 875.002 89.88631439208984
C15 899.999 83.3575439453125
C15 919.999 73.79092407226562
C15 925.012 71.11012268066406
C15 949.965 58.19570541381836
C15 975.002 43.3504638671875
C15 999.976 26.14284896850586
C15 1025.028 11.129226684570312
C15 1050.014 3.8497116565704346
C15 1075.002 0.9436894274245803
C15 1099.99 0.09363199803940646
C16 319.994 43.197601318359375
C16 324.969 48.78877258300781
C16 349.982 71.5105209350586
C16 374.975 76.05182647705078
C16 400.019 83.65889739990234
C16 424.965 86.14579010009766
C16 450.035 88.56614685058594
C16 475.003 90.62974548339844
C16 500.018 92.95744323730469
C16 525.002 95.2985610961914
C16 550.029 95.97811126708984
C16 575.023 97.8588638305664
C16 599.982 98.55299377441406
C16 619.997 98.89833068847656
C16 624.979 99.75033569335938
C16 650.012 99.8342514038086
C16 675.004 99.200439453125
C16 700.03 98.92603302001953
C16 725.012 98.3493423461914
C16 750.022 98.7796401977539
C16 774.987 99.3761215209961
C16 799.976 98.07392883300781
C16 824.988 96.36933135986328
C16 850.022 94.21336364746094
C16 869.967 91.11717224121094
C16 875.002 89.642578125
C16 899.999 83.11173248291016
C16 919.999 73.49651336669922
C16 925.012 70.79539489746094
C16 949.965 58.02225112915039
C16 975.002 43.178062438964844
C16 999.976 26.094257354736328
C16 1025.028 11.123085021972656
C16 1050.014 3.84612774848938
C16 1075.002 0.9410645875214129
C16 1099.99 0.09337156383560505
C17 319.994 43.61390686035156
C17 324.969 49.258968353271484
C17 349.982 72.20592498779297
C17 374.975 76.66252899169922
C17 400.019 84.0060043334961
C17 424.965 86.35852813720703
C17 450.035 88.71978759765625
C17 475.003 90.7457046508789
C17 500.018 93.04887390136719
C17 525.002 95.3762435913086
C17 550.029 96.04706573486328
C17 575.023 97.92073822021484
C17 599.982 98.6085205078125
C17 619.997 98.95149993896484
C17 624.979 99.80068969726562
C17 650.012 99.88105010986328
C17 675.004 99.24557495117188
C17 700.03 98.97242736816406
C17 725.012 98.40855407714844
C17 750.022 98.86158752441406
C17 774.987 99.47281646728516
C17 799.976 98.1793212890625
C17 824.988 96.46991729736328
C17 850.022 94.30570220947266
C17 869.967 91.21882629394531
C17 875.002 89.75239562988281
C17 899.999 83.16842651367188
C17 919.999 73.46749114990234
C17 925.012 70.72570037841797
C17 949.965 58.1104621887207
C17 975.002 43.23743438720703
C17 999.976 26.165193557739258
C17 1025.028 11.177891731262207
C17 1050.014 3.868807792663574
C17 1075.002 0.9418451242827194
C17 1099.99 0.09344900797599749
