ts8/qe_curve/rtm-016_s12/19700101T000000.ecsv
# %ECSV 0.9
# ---
# datatype:
# - {name: amp_name, datatype: string}
# - {name: wavelength, unit: nm, datatype: float32}
# - {name: efficiency, unit: '%', datatype: float32}
# meta: !!omap
# - {MODE: AMP}
# - {TYPE: QE}
# - {CALIBDATE: '1970-01-01T00:00:00'}
# - {INSTRUME: TS8}
# - {OBSTYPE: qe_curve}
# - {DETECTOR: 131}
# - {PICKLEFILE: RaftRun12027.p}
# - {CALIB_ID: 'raftName=RTM-016 detectorName=S12 detector=131 calibDate=1970-01-01T00:00:00 ccd=131 ccdnum=131 filter=None'}
# - {DATE: '2020-07-23T19:16:24.795343'}
# - {CALIB_CREATION_DATE: '2020-07-23'}
# - {CALIB_CREATION_TIME: '19:16:24'}
# - __serialized_columns__:
#     efficiency:
#       __class__: astropy.units.quantity.Quantity
#       unit: !astropy.units.Unit {unit: '%'}
#       value: !astropy.table.SerializedColumn {name: efficiency}
#     wavelength:
#       __class__: astropy.units.quantity.Quantity
#       unit: !astropy.units.Unit {unit: nm}
#       value: !astropy.table.SerializedColumn {name: wavelength}
# schema: astropy-2.0
amp_name wavelength efficiency
C17 319.994 41.59389
C17 324.969 47.006187
C17 349.982 71.234146
C17 374.975 78.10775
C17 400.019 84.86512
C17 424.965 87.02954
C17 450.035 89.09551
C17 475.003 90.493004
C17 500.018 92.91819
C17 525.002 95.04044
C17 550.029 95.818634
C17 575.023 97.70761
C17 599.982 98.44361
C17 619.997 98.551
C17 624.979 98.605835
C17 650.012 99.42055
C17 675.004 99.19692
C17 700.03 99.34306
C17 725.012 98.7666
C17 750.022 99.0489
C17 774.987 98.56522
C17 799.976 97.69917
C17 824.988 95.93158
C17 850.022 93.852104
C17 869.967 90.725685
C17 875.002 89.345215
C17 899.999 82.36989
C17 919.999 73.840576
C17 925.012 71.4148
C17 949.965 57.76588
C17 975.002 42.718056
C17 999.976 26.001255
C17 1025.028 11.186258
C17 1050.014 3.9554474
C17 1075.002 2.1646168
C17 1099.99 1.7396555
C07 319.994 42.498535
C07 324.969 48.03455
C07 349.982 73.03065
C07 374.975 79.93169
C07 400.019 85.94157
C07 424.965 87.713356
C07 450.035 89.56174
C07 475.003 90.82543
C07 500.018 93.16886
C07 525.002 95.239655
C07 550.029 95.98744
C07 575.023 97.86668
C07 599.982 98.594185
C07 619.997 98.69818
C07 624.979 98.75973
C07 650.012 99.57367
C07 675.004 99.354294
C07 700.03 99.509026
C07 725.012 98.93709
C07 750.022 99.22326
C07 774.987 98.73815
C07 799.976 97.861786
C07 824.988 96.08097
C07 850.022 93.8851
C07 869.967 90.6821
C07 875.002 89.24804
C07 899.999 82.4187
C07 919.999 73.86507
C07 925.012 71.38811
C07 949.965 57.687946
C07 975.002 42.6375
C07 999.976 26.126055
C07 1025.028 11.2821455
C07 1050.014 4.0075183
C07 1075.002 2.175923
C07 1099.99 1.7390842
C03 319.994 41.510643
C03 324.969 46.905113
C03 349.982 71.03685
C03 374.975 77.90594
C03 400.019 84.755806
C03 424.965 86.97931
C03 450.035 89.07565
C03 475.003 90.49055
C03 500.018 92.922935
C03 525.002 95.0475
C03 550.029 95.82363
C03 575.023 97.71461
C03 599.982 98.44679
C03 619.997 98.552635
C03 624.979 98.60726
C03 650.012 99.41706
C03 675.004 99.18789
C03 700.03 99.323715
C03 725.012 98.71934
C03 750.022 98.9701
C03 774.987 98.45604
C03 799.976 97.58171
C03 824.988 95.7959
C03 850.022 93.64829
C03 869.967 90.520584
C03 875.002 89.1407
C03 899.999 82.04819
C03 919.999 73.59484
C03 925.012 71.25119
C03 949.965 57.672813
C03 975.002 42.69851
C03 999.976 25.916655
C03 1025.028 11.062048
C03 1050.014 3.8685684
C03 1075.002 2.1278687
C03 1099.99 1.7250825
C14 319.994 40.754623
C14 324.969 46.0484
C14 349.982 69.64313
C14 374.975 76.60401
C14 400.019 84.095146
C14 424.965 86.639854
C14 450.035 88.91135
C14 475.003 90.43203
C14 500.018 92.931694
C14 525.002 95.10494
C14 550.029 95.9178
C14 575.023 97.82689
C14 599.982 98.57251
C14 619.997 98.687645
C14 624.979 98.74831
C14 650.012 99.5664
C14 675.004 99.344635
C14 700.03 99.49445
C14 725.012 98.929756
C14 750.022 99.23367
C14 774.987 98.77656
C14 799.976 97.92654
C14 824.988 96.1485
C14 850.022 94.08276
C14 869.967 91.01955
C14 875.002 89.65709
C14 899.999 82.34557
C14 919.999 73.993546
C14 925.012 71.65518
C14 949.965 57.859
C14 975.002 42.863598
C14 999.976 25.962708
C14 1025.028 11.063976
C14 1050.014 3.8911269
C14 1075.002 2.157119
C14 1099.99 1.741035
C06 319.994 42.376194
C06 324.969 47.89188
C06 349.982 72.752266
C06 374.975 79.65503
C06 400.019 85.83504
C06 424.965 87.68839
C06 450.035 89.58588
C06 475.003 90.875656
C06 500.018 93.23494
C06 525.002 95.31715
C06 550.029 96.06925
C06 575.023 97.95004
C06 599.982 98.67893
C06 619.997 98.78096
C06 624.979 98.83695
C06 650.012 99.6517
C06 675.004 99.43175
C06 700.03 99.59523
C06 725.012 99.06302
C06 750.022 99.40134
C06 774.987 98.97104
C06 799.976 98.11965
C06 824.988 96.331085
C06 850.022 94.1611
C06 869.967 90.941765
C06 875.002 89.503876
C06 899.999 82.63422
C06 919.999 74.01692
C06 925.012 71.53734
C06 949.965 57.835014
C06 975.002 42.86328
C06 999.976 26.228403
C06 1025.028 11.276872
C06 1050.014 3.979868
C06 1075.002 2.1667223
C06 1099.99 1.7423066
C04 319.994 41.88667
C04 324.969 47.333687
C04 349.982 71.78548
C04 374.975 78.68246
C04 400.019 85.25449
C04 424.965 87.32466
C04 450.035 89.335205
C04 475.003 90.70183
C04 500.018 93.10622
C04 525.002 95.21452
C04 550.029 95.982956
C04 575.023 97.86921
C04 599.982 98.60049
C04 619.997 98.70655
C04 624.979 98.759834
C04 650.012 99.57286
C04 675.004 99.35067
C04 700.03 99.50225
C04 725.012 98.937546
C04 750.022 99.24482
C04 774.987 98.785225
C04 799.976 97.92302
C04 824.988 96.135826
C04 850.022 93.98467
C04 869.967 90.78605
C04 875.002 89.3823
C04 899.999 82.45157
C04 919.999 73.88414
C04 925.012 71.44168
C04 949.965 57.737167
C04 975.002 42.827652
C04 999.976 26.114056
C04 1025.028 11.19816
C04 1050.014 3.9127614
C04 1075.002 2.1367228
C04 1099.99 1.73201
C10 319.994 38.91112
C10 324.969 43.9535
C10 349.982 66.216354
C10 374.975 73.310074
C10 400.019 82.35038
C10 424.965 85.721504
C10 450.035 88.44339
C10 475.003 90.236435
C10 500.018 92.913345
C10 525.002 95.202
C10 550.029 96.08369
C10 575.023 98.04007
C10 599.982 98.81393
C10 619.997 98.94028
C10 624.979 98.99993
C10 650.012 99.83069
C10 675.004 99.601204
C10 700.03 99.69723
C10 725.012 98.972626
C10 750.022 99.06539
C10 774.987 98.40791
C10 799.976 97.4816
C10 824.988 95.7806
C10 850.022 93.77919
C10 869.967 90.662285
C10 875.002 89.3023
C10 899.999 82.39664
C10 919.999 74.13353
C10 925.012 71.79457
C10 949.965 57.43203
C10 975.002 42.2405
C10 999.976 25.791252
C10 1025.028 11.086685
C10 1050.014 4.025361
C10 1075.002 2.1924467
C10 1099.99 1.7275198
C01 319.994 40.925587
C01 324.969 46.241608
C01 349.982 69.887184
C01 374.975 76.746185
C01 400.019 84.14749
C01 424.965 86.66954
C01 450.035 88.929726
C01 475.003 90.43892
C01 500.018 92.93581
C01 525.002 95.10042
C01 550.029 95.902664
C01 575.023 97.80329
C01 599.982 98.54112
C01 619.997 98.6495
C01 624.979 98.70816
C01 650.012 99.51633
C01 675.004 99.28131
C01 700.03 99.38585
C01 725.012 98.69944
C01 750.022 98.83752
C01 774.987 98.21621
C01 799.976 97.29648
C01 824.988 95.529144
C01 850.022 93.45916
C01 869.967 90.32936
C01 875.002 88.934074
C01 899.999 81.71244
C01 919.999 73.88442
C01 925.012 71.63974
C01 949.965 57.62087
C01 975.002 42.341522
C01 999.976 25.546352
C01 1025.028 10.917255
C01 1050.014 3.9227197
C01 1075.002 2.1750762
C01 1099.99 1.7276763
C13 319.994 40.46693
C13 324.969 45.72008
C13 349.982 69.09277
C13 374.975 76.08164
C13 400.019 83.85847
C13 424.965 86.55451
C13 450.035 88.90913
C13 475.003 90.48291
C13 500.018 93.02071
C13 525.002 95.21765
C13 550.029 96.04169
C13 575.023 97.96125
C13 599.982 98.71466
C13 619.997 98.82959
C13 624.979 98.88924
C13 650.012 99.71167
C13 675.004 99.487144
C13 700.03 99.62172
C13 725.012 99.01999
C13 750.022 99.27374
C13 774.987 98.76696
C13 799.976 97.89935
C13 824.988 96.12737
C13 850.022 94.101006
C13 869.967 91.0118
C13 875.002 89.65175
C13 899.999 82.29444
C13 919.999 74.088234
C13 925.012 71.88544
C13 949.965 58.010387
C13 975.002 42.654633
C13 999.976 25.838142
C13 1025.028 11.038982
C13 1050.014 3.9155617
C13 1075.002 2.1697323
C13 1099.99 1.7429827
C00 319.994 40.5819
C00 324.969 45.85401
C00 349.982 69.25518
C00 374.975 76.11036
C00 400.019 83.81557
C00 424.965 86.49723
C00 450.035 88.85283
C00 475.003 90.42408
C00 500.018 92.95734
C00 525.002 95.15281
C00 550.029 95.968506
C00 575.023 97.883514
C00 599.982 98.626976
C00 619.997 98.73823
C00 624.979 98.798325
C00 650.012 99.611404
C00 675.004 99.37034
C00 700.03 99.46047
C00 725.012 98.738655
C00 750.022 98.83092
C00 774.987 98.16116
C00 799.976 97.221596
C00 824.988 95.48639
C00 850.022 93.415886
C00 869.967 90.2551
C00 875.002 88.87756
C00 899.999 81.957
C00 919.999 73.98052
C00 925.012 71.56873
C00 949.965 57.279346
C00 975.002 42.282524
C00 999.976 25.493
C00 1025.028 11.018231
C00 1050.014 3.9989908
C00 1075.002 2.1871743
C00 1099.99 1.7183418
C05 319.994 42.104797
C05 324.969 47.582294
C05 349.982 72.22871
C05 374.975 79.15329
C05 400.019 85.52359
C05 424.965 87.4824
C05 450.035 89.431625
C05 475.003 90.75671
C05 500.018 93.137314
C05 525.002 95.230705
C05 550.029 95.98839
C05 575.023 97.87101
C05 599.982 98.59956
C05 619.997 98.70612
C05 624.979 98.7627
C05 650.012 99.573975
C05 675.004 99.35584
C05 700.03 99.51786
C05 725.012 98.982605
C05 750.022 99.32552
C05 774.987 98.897606
C05 799.976 98.04951
C05 824.988 96.26306
C05 850.022 94.11057
C05 869.967 90.8788
C05 875.002 89.45075
C05 899.999 82.603355
C05 919.999 74.016495
C05 925.012 71.54723
C05 949.965 57.778652
C05 975.002 42.882885
C05 999.976 26.217844
C05 1025.028 11.263435
C05 1050.014 3.9449072
C05 1075.002 2.1479135
C05 1099.99 1.7374601
C12 319.994 40.009304
C12 324.969 45.196354
C12 349.982 68.21469
C12 374.975 75.22317
C12 400.019 83.34175
C12 424.965 86.23023
C12 450.035 88.68428
C12 475.003 90.31882
C12 500.018 92.896416
C12 525.002 95.113846
C12 550.029 95.95067
C12 575.023 97.87652
C12 599.982 98.63576
C12 619.997 98.75041
C12 624.979 98.80824
C12 650.012 99.633415
C12 675.004 99.40109
C12 700.03 99.52592
C12 725.012 98.87626
C12 750.022 99.073746
C12 774.987 98.51513
C12 799.976 97.62699
C12 824.988 95.87796
C12 850.022 93.88211
C12 869.967 90.802414
C12 875.002 89.35381
C12 899.999 82.19784
C12 919.999 74.07604
C12 925.012 71.74362
C12 949.965 58.03263
C12 975.002 42.281597
C12 999.976 25.582487
C12 1025.028 11.000229
C12 1050.014 3.941422
C12 1075.002 2.181305
C12 1099.99 1.7409409
C11 319.994 39.56567
C11 324.969 44.69323
C11 349.982 67.394295
C11 374.975 74.45559
C11 400.019 83.007324
C11 424.965 86.119896
C11 450.035 88.69716
C11 475.003 90.4041
C11 500.018 93.02452
C11 525.002 95.27779
C11 550.029 96.133865
C11 575.023 98.07397
C11 599.982 98.83894
C11 619.997 98.96192
C11 624.979 99.0219
C11 650.012 99.84444
C11 675.004 99.62079
C11 700.03 99.728836
C11 725.012 99.037544
C11 750.022 99.17988
C11 774.987 98.569534
C11 799.976 97.65802
C11 824.988 95.935135
C11 850.022 93.96059
C11 869.967 90.79233
C11 875.002 89.40391
C11 899.999 82.357445
C11 919.999 74.17545
C11 925.012 71.97795
C11 949.965 57.884476
C11 975.002 42.106667
C11 999.976 25.670013
C11 1025.028 11.047463
C11 1050.014 3.9959412
C11 1075.002 2.1944146
C11 1099.99 1.7381861
C15 319.994 41.102654
C15 324.969 46.444454
C15 349.982 70.28409
C15 374.975 77.227516
C15 400.019 84.45963
C15 424.965 86.86489
C15 450.035 89.060776
C15 475.003 90.532646
C15 500.018 93.00665
C15 525.002 95.158875
C15 550.029 95.95873
C15 575.023 97.861946
C15 599.982 98.603775
C15 619.997 98.71476
C15 624.979 98.77528
C15 650.012 99.59028
C15 675.004 99.36889
C15 700.03 99.52888
C15 725.012 98.98842
C15 750.022 99.33063
C15 774.987 98.90318
C15 799.976 98.067245
C15 824.988 96.281395
C15 850.022 94.20184
C15 869.967 91.11912
C15 875.002 89.7357
C15 899.999 82.533775
C15 919.999 73.98884
C15 925.012 71.55173
C15 949.965 57.946808
C15 975.002 42.964157
C15 999.976 26.023872
C15 1025.028 11.111839
C15 1050.014 3.8930564
C15 1075.002 2.1546788
C15 1099.99 1.7423115
C16 319.994 41.40439
C16 324.969 46.788578
C16 349.982 70.85255
C16 374.975 77.739174
C16 400.019 84.70061
C16 424.965 86.96651
C16 450.035 89.093864
C16 475.003 90.523056
C16 500.018 92.96817
C16 525.002 95.10816
C16 550.029 95.89351
C16 575.023 97.79263
C16 599.982 98.52924
C16 619.997 98.639496
C16 624.979 98.694664
C16 650.012 99.50998
C16 675.004 99.28704
C16 700.03 99.445435
C16 725.012 98.90924
C16 750.022 99.252106
C16 774.987 98.82634
C16 799.976 97.98508
C16 824.988 96.202705
C16 850.022 94.122246
C16 869.967 91.017654
C16 875.002 89.64078
C16 899.999 82.54447
C16 919.999 73.91836
C16 925.012 71.4749
C16 949.965 57.91164
C16 975.002 42.92966
C16 999.976 26.049929
C16 1025.028 11.14682
C16 1050.014 3.9126098
C16 1075.002 2.1582563
C16 1099.99 1.7445706
C02 319.994 41.32328
C02 324.969 46.69288
C02 349.982 70.64082
C02 374.975 77.55328
C02 400.019 84.72037
C02 424.965 87.104836
C02 450.035 89.291985
C02 475.003 90.759186
C02 500.018 93.233055
C02 525.002 95.38446
C02 550.029 96.176575
C02 575.023 98.0786
C02 599.982 98.81726
C02 619.997 98.923836
C02 624.979 98.98369
C02 650.012 99.7923
C02 675.004 99.56212
C02 700.03 99.68151
C02 725.012 99.02987
C02 750.022 99.22452
C02 774.987 98.65246
C02 799.976 97.75682
C02 824.988 95.96241
C02 850.022 93.83458
C02 869.967 90.751434
C02 875.002 89.37197
C02 899.999 82.068726
C02 919.999 73.876175
C02 925.012 71.61005
C02 949.965 57.97509
C02 975.002 42.754833
C02 999.976 25.809135
C02 1025.028 10.988583
C02 1050.014 3.8794837
C02 1075.002 2.1465063
C02 1099.99 1.73089
