lsstCam/transmission_sensor/r43_s02/19700101T000000.ecsv
# %ECSV 1.0
# ---
# datatype:
# - {name: amp_name, datatype: string}
# - {name: wavelength, unit: nm, datatype: float32}
# - {name: efficiency, unit: '%', datatype: float64}
# meta: !!omap
# - {MODE: AMP}
# - {TYPE: transmission_sensor}
# - {CALIBDATE: '1970-01-01T00:00:00'}
# - {INSTRUME: LSSTCam}
# - {OBSTYPE: transmission_sensor}
# - {DETECTOR: 182}
# - {PARQUETFILE: qe_raft_allvalues_nircorrected_20230725_adjust.parquet}
# - {CORRFILE: qe_corr_factor_bydetnum.parquet}
# - {CALIBCLS: lsst.ip.isr.IntermediateSensorTransmissionCurve}
# - {CALIB_ID: 'raftName=R43 detectorName=S02 detector=182 calibDate=1970-01-01T00:00:00 ccd=182 ccdnum=182 filter=None'}
# - {DATE: '2025-03-03T21:56:48.413092'}
# - {CALIB_CREATION_DATE: '2025-03-03'}
# - {CALIB_CREATION_TIME: '21:56:48'}
# - __serialized_columns__:
#     efficiency:
#       __class__: astropy.units.quantity.Quantity
#       unit: !astropy.units.Unit {unit: '%'}
#       value: !astropy.table.SerializedColumn {name: efficiency}
#     wavelength:
#       __class__: astropy.units.quantity.Quantity
#       unit: !astropy.units.Unit {unit: nm}
#       value: !astropy.table.SerializedColumn {name: wavelength}
# schema: astropy-2.0
amp_name wavelength efficiency
C00 319.994 45.07644801527349
C00 324.969 46.02728793347475
C00 349.982 52.93161724914856
C00 374.975 69.60042782554824
C00 400.019 84.39849102603479
C00 424.965 87.71137201666915
C00 450.035 88.18519241489739
C00 475.003 86.77498908197168
C00 500.018 86.26961924977466
C00 525.002 86.37067341212708
C00 550.029 86.85079303340993
C00 575.023 88.63249057047008
C00 599.982 89.65570680966876
C00 619.997 90.7781262907818
C00 624.979 90.87597371443289
C00 650.012 91.9316838902107
C00 675.004 93.0971010909649
C00 700.03 94.24703301908305
C00 725.012 95.5655434292381
C00 750.022 97.55229705318222
C00 774.987 99.09348918764366
C00 799.976 99.71988484222835
C00 824.988 99.49609104226784
C00 850.022 97.8492593376198
C00 869.967 95.59478492537671
C00 875.002 94.43182800158338
C00 899.999 87.82166554729875
C00 919.999 79.28721612961513
C00 925.012 76.7979261813051
C00 949.965 63.69083494858801
C00 975.002 48.2499044250094
C00 999.976 31.08859286447892
C00 1025.028 14.9554685594059
C00 1050.014 6.1240692348390615
C00 1075.002 0.9293613900151478
C00 1099.99 0.09221038333054005
C01 319.994 45.01492585733873
C01 324.969 45.90083883803401
C01 349.982 52.54634016216367
C01 374.975 69.14441587169927
C01 400.019 84.12919352773302
C01 424.965 87.657017414834
C01 450.035 88.24100947238729
C01 475.003 86.85931640777281
C01 500.018 86.32721105813727
C01 525.002 86.37682029605098
C01 550.029 86.79592047853039
C01 575.023 88.52341575288612
C01 599.982 89.49894222721795
C01 619.997 90.59210497827931
C01 624.979 90.68533652627008
C01 650.012 91.71756362504988
C01 675.004 92.86184377141892
C01 700.03 94.01706186737249
C01 725.012 95.35292370451472
C01 750.022 97.37613208243626
C01 774.987 98.95393892696237
C01 799.976 99.60970556594678
C01 824.988 99.39658312209207
C01 850.022 97.77366104400801
C01 869.967 95.62030934672615
C01 875.002 94.49859062561436
C01 899.999 88.0614625729397
C01 919.999 79.44810910250801
C01 925.012 76.92068105282627
C01 949.965 63.62895860217437
C01 975.002 48.33296733602568
C01 999.976 31.226381703961437
C01 1025.028 15.036476796396816
C01 1050.014 6.163577912327326
C01 1075.002 0.9276827638982612
C01 1099.99 0.09204383158934465
C02 319.994 44.86236964337361
C02 324.969 45.68423163656445
C02 349.982 52.08258938047496
C02 374.975 68.65495024474774
C02 400.019 83.91696226779294
C02 424.965 87.66694230919937
C02 450.035 88.34731171779245
C02 475.003 86.97265672101648
C02 500.018 86.40143829957272
C02 525.002 86.39459827260411
C02 550.029 86.76570401195528
C02 575.023 88.44749754709984
C02 599.982 89.38934183963305
C02 619.997 90.46266241892023
C02 624.979 90.55112575211996
C02 650.012 91.5676466865242
C02 675.004 92.7079355476688
C02 700.03 93.8721645032035
C02 725.012 95.23913399083547
C02 750.022 97.30501255926715
C02 774.987 98.9313089490963
C02 799.976 99.61582959900107
C02 824.988 99.41075827820406
C02 850.022 97.78515503141962
C02 869.967 95.63616023327589
C02 875.002 94.52058839608799
C02 899.999 88.05713614162772
C02 919.999 79.38311361239322
C02 925.012 76.84251584486212
C02 949.965 63.544593191590565
C02 975.002 48.279804787888295
C02 999.976 31.149621824478025
C02 1025.028 14.995269061541418
C02 1050.014 6.1416682129136255
C02 1075.002 0.9270048183395778
C02 1099.99 0.09197656645382789
C03 319.994 44.868825014037185
C03 324.969 45.63361696038809
C03 349.982 51.81519231282872
C03 374.975 68.39892910168682
C03 400.019 83.95407969698893
C03 424.965 87.9302833474906
C03 450.035 88.70287886581181
C03 475.003 87.3291683716462
C03 500.018 86.71940815013437
C03 525.002 86.66826028700055
C03 550.029 86.99271216757364
C03 575.023 88.63784529091433
C03 599.982 89.5509203386141
C03 619.997 90.60896130309169
C03 624.979 90.69481963715639
C03 650.012 91.70195648110926
C03 675.004 92.83999072311944
C03 700.03 94.01806730563514
C03 725.012 95.42363952898745
C03 750.022 97.54285202707858
C03 774.987 99.21622882525176
C03 799.976 99.92930544520696
C03 824.988 99.72137776570925
C03 850.022 98.08886593934739
C03 869.967 95.91951101638509
C03 875.002 94.79064759004328
C03 899.999 88.27254367244299
C03 919.999 79.52169651959453
C03 925.012 76.96480608203466
C03 949.965 63.680772949005025
C03 975.002 48.33488300059428
C03 999.976 31.140487189353195
C03 1025.028 14.96237713898332
C03 1050.014 6.119788029206499
C03 1075.002 0.9292702828378191
C03 1099.99 0.09220134376010392
C04 319.994 44.74110769533333
C04 324.969 45.447530903755045
C04 349.982 51.39956927100763
C04 374.975 67.92313591171596
C04 400.019 83.69354169870265
C04 424.965 87.87224975564897
C04 450.035 88.73057411977378
C04 475.003 87.35924773300368
C04 500.018 86.71700119186924
C04 525.002 86.626153751274
C04 550.029 86.90951976829626
C04 575.023 88.51819813765951
C04 599.982 89.40557357400955
C04 619.997 90.44897474802649
C04 624.979 90.53155017382451
C04 650.012 91.52720064732233
C04 675.004 92.66141117715183
C04 700.03 93.84939742011981
C04 725.012 95.27644946090138
C04 750.022 97.43199484166537
C04 774.987 99.14428667077685
C04 799.976 99.88192797555806
C04 824.988 99.69636368044767
C04 850.022 98.09539367109804
C04 869.967 95.9512889590499
C04 875.002 94.82971496011228
C04 899.999 88.33978616473567
C04 919.999 79.60308370017306
C04 925.012 77.0464979408746
C04 949.965 63.812751954890324
C04 975.002 48.49272538239483
C04 999.976 31.217342280793297
C04 1025.028 14.987636871093155
C04 1050.014 6.121258577877574
C04 1075.002 0.9282138298981834
C04 1099.99 0.09209652346997661
C05 319.994 44.71389992658962
C05 324.969 45.3675071583963
C05 349.982 51.11344591571962
C05 374.975 67.62115405292168
C05 400.019 83.65285191689163
C05 424.965 88.03653989115655
C05 450.035 88.97279333759293
C05 475.003 87.59817642559963
C05 500.018 86.9229256117982
C05 525.002 86.7950140607027
C05 550.029 87.04173489983415
C05 575.023 88.63291712003605
C05 599.982 89.50550804375128
C05 619.997 90.542800418627
C05 624.979 90.62299173702951
C05 650.012 91.6147651796509
C05 675.004 92.7487776686105
C05 700.03 93.95035256203727
C05 725.012 95.39448181937074
C05 750.022 97.57808806801039
C05 774.987 99.31216439281252
C05 799.976 100.0704476498041
C05 824.988 99.90093228211336
C05 850.022 98.31560750148702
C05 869.967 96.19822307296434
C05 875.002 95.0791779035964
C05 899.999 88.60183232041594
C05 919.999 79.8624410701964
C05 925.012 77.29542769740125
C05 949.965 64.03916598789894
C05 975.002 48.76164964982637
C05 999.976 31.3182383912976
C05 1025.028 15.030701239104005
C05 1050.014 6.126287197370153
C05 1075.002 0.9296054472631669
C05 1099.99 0.09223459846647769
C06 319.994 44.47046199572484
C06 324.969 45.07155792917789
C06 349.982 50.59183292371131
C06 374.975 67.01313049749987
C06 400.019 83.2380553148546
C06 424.965 87.81307362032705
C06 450.035 88.82588509689865
C06 475.003 87.4441996492407
C06 500.018 86.74488686974459
C06 525.002 86.57617889944659
C06 550.029 86.79740578505475
C06 575.023 88.3614792569479
C06 599.982 89.22295704107829
C06 619.997 90.24578481549366
C06 624.979 90.32649408694057
C06 650.012 91.31221966607302
C06 675.004 92.43764022806093
C06 700.03 93.64215526671028
C06 725.012 95.07261208706306
C06 750.022 97.24419116133365
C06 774.987 98.95933934914582
C06 799.976 99.72530049832487
C06 824.988 99.57322034414321
C06 850.022 98.03267565098726
C06 869.967 96.01354996176858
C06 875.002 94.91612933200405
C06 899.999 88.52016331244559
C06 919.999 79.79895373747556
C06 925.012 77.22395779423154
C06 949.965 63.95170809296185
C06 975.002 48.7524902595928
C06 999.976 31.25074263520012
C06 1025.028 15.013863004563392
C06 1050.014 6.132398376810295
C06 1075.002 0.9264245658709338
C06 1099.99 0.09191899433695601
C07 319.994 44.29954129955337
C07 324.969 44.850841379657595
C07 349.982 50.164475960347744
C07 374.975 66.50120246572605
C07 400.019 82.93920402519629
C07 424.965 87.6986364653423
C07 450.035 88.77537705811378
C07 475.003 87.38594516565955
C07 500.018 86.66934189482855
C07 525.002 86.47523899144221
C07 550.029 86.678314669627
C07 575.023 88.23195291106694
C07 599.982 89.08174628387233
C07 619.997 90.10161867915205
C07 624.979 90.1841560201674
C07 650.012 91.16683481668579
C07 675.004 92.29622381302852
C07 700.03 93.48137654816541
C07 725.012 94.86966589713937
C07 750.022 96.97365209911663
C07 774.987 98.62532818812106
C07 799.976 99.36926109900033
C07 824.988 99.22806557570745
C07 850.022 97.690331539513
C07 869.967 95.7601338178427
C07 875.002 94.70670111206891
C07 899.999 88.41531590573865
C07 919.999 79.6277626393471
C07 925.012 77.01871890039075
C07 949.965 63.6091621321394
C07 975.002 48.48015359563349
C07 999.976 30.9854592729924
C07 1025.028 14.919673624288324
C07 1050.014 6.143986624059025
C07 1075.002 0.9238477063262304
C07 1099.99 0.09166332070024276
C10 319.994 45.55434348524806
C10 324.969 46.516582178904244
C10 349.982 53.503681152767726
C10 374.975 70.31559149159408
C10 400.019 85.19847712005655
C10 424.965 88.49980318762702
C10 450.035 88.96016442365757
C10 475.003 87.54352476245963
C10 500.018 87.04032576287514
C10 525.002 87.15425258177203
C10 550.029 87.64977368916904
C10 575.023 89.44861699538993
C10 599.982 90.47693659546718
C10 619.997 91.60995126312066
C10 624.979 91.70998475329736
C10 650.012 92.77452298169946
C10 675.004 93.92541464634105
C10 700.03 94.99757744823488
C10 725.012 96.0395694852928
C10 750.022 97.69116940473187
C10 774.987 98.89251578946256
C10 799.976 99.37696184205741
C10 824.988 99.18778710954935
C10 850.022 97.47957035218418
C10 869.967 95.3473785601571
C10 875.002 94.24811462691105
C10 899.999 87.84277213385776
C10 919.999 79.40389266982122
C10 925.012 76.89754073887235
C10 949.965 63.03511401134282
C10 975.002 47.70982793035977
C10 999.976 30.617362231472644
C10 1025.028 14.749571750944384
C10 1050.014 6.13886041231084
C10 1075.002 0.9306873094782707
C10 1099.99 0.0923419398415739
C11 319.994 45.32451705571167
C11 324.969 46.22022544251121
C11 349.982 52.931099296104165
C11 374.975 69.63339401343255
C11 400.019 84.6621062747613
C11 424.965 88.1658910470372
C11 450.035 88.73304201369118
C11 475.003 87.33913135079425
C11 500.018 86.80477899898082
C11 525.002 86.8654632916967
C11 550.029 87.29798455159113
C11 575.023 89.04233615075924
C11 599.982 90.0275437768473
C11 619.997 91.1319491557546
C11 624.979 91.22330693243771
C11 650.012 92.26362323905789
C11 675.004 93.39918958715067
C11 700.03 94.4673915716462
C11 725.012 95.53730737136215
C11 750.022 97.23207258348614
C11 774.987 98.4773002548161
C11 799.976 98.98533602180044
C11 824.988 98.79837782364412
C11 850.022 97.11672139371719
C11 869.967 95.04539670136282
C11 875.002 93.97068983598624
C11 899.999 87.58458777514085
C11 919.999 78.9864148990838
C11 925.012 76.46358749114931
C11 949.965 62.65442233219212
C11 975.002 47.47076594102446
C11 999.976 30.43438008462769
C11 1025.028 14.687154600616742
C11 1050.014 6.1263500372615685
C11 1075.002 0.9263131422337701
C11 1099.99 0.09190793898603943
C12 319.994 45.13528900450786
C12 324.969 45.965594394017955
C12 349.982 52.41756027802316
C12 374.975 69.07668589418833
C12 400.019 84.38306668905102
C12 424.965 88.10437650605898
C12 450.035 88.75836077721416
C12 475.003 87.35936198735172
C12 500.018 86.78821211851677
C12 525.002 86.8045809581109
C12 550.029 87.19947445272147
C12 575.023 88.91047139922198
C12 599.982 89.86931673874173
C12 619.997 90.95825207892605
C12 624.979 91.04692868690877
C12 650.012 92.0758271756827
C12 675.004 93.21271125725607
C12 700.03 94.29541592699461
C12 725.012 95.40857318896084
C12 750.022 97.16389320553964
C12 774.987 98.47512180524704
C12 799.976 99.01886586446835
C12 824.988 98.83530482892674
C12 850.022 97.1655308511947
C12 869.967 95.10148796928799
C12 875.002 94.02383334173228
C12 899.999 87.59684345820598
C12 919.999 78.91819743635462
C12 925.012 76.374674757514
C12 949.965 62.64512202826265
C12 975.002 47.50949816500592
C12 999.976 30.37143165158172
C12 1025.028 14.65168148191278
C12 1050.014 6.100507131917007
C12 1075.002 0.9256630520222732
C12 1099.99 0.09184343763248029
C13 319.994 45.18217137198197
C13 324.969 45.95239801682074
C13 349.982 52.18040633629991
C13 374.975 68.8634491959856
C13 400.019 84.49079330532827
C13 424.965 88.4533092849362
C13 450.035 89.1969679853802
C13 475.003 87.79493764681675
C13 500.018 87.18667796574235
C13 525.002 87.15966062091202
C13 550.029 87.51252374936139
C13 575.023 89.19530748885553
C13 599.982 90.13093634485601
C13 619.997 91.20959641067437
C13 624.979 91.29766366213427
C13 650.012 92.31892996045994
C13 675.004 93.45707845681814
C13 700.03 94.55992997659227
C13 725.012 95.72493586169357
C13 750.022 97.54899891100247
C13 774.987 98.92911526561417
C13 799.976 99.51234562751394
C13 824.988 99.34585419156768
C13 850.022 97.69345449169242
C13 869.967 95.63329625761865
C13 875.002 94.55302139701485
C13 899.999 88.08032215732085
C13 919.999 79.33838684361855
C13 925.012 76.77546377648281
C13 949.965 63.07968844098677
C13 975.002 47.883585942840604
C13 999.976 30.53262549425775
C13 1025.028 14.737296073368354
C13 1050.014 6.121235727007969
C13 1075.002 0.9293313468655463
C13 1099.99 0.09220740247683665
C14 319.994 44.85150786335443
C14 324.969 45.55993433134489
C14 349.982 51.52423219014087
C14 374.975 68.08159907547413
C14 400.019 83.85457177681316
C14 424.965 88.00388599849018
C14 450.035 88.8403116125763
C14 475.003 87.45996674926856
C14 500.018 86.8223284668379
C14 525.002 86.74613605061637
C14 550.029 87.04488831983973
C14 575.023 88.67235010401876
C14 599.982 89.57298666169656
C14 619.997 90.62520827138125
C14 624.979 90.70926900370365
C14 650.012 91.71244503025822
C14 675.004 92.8419711318186
C14 700.03 93.94758760681499
C14 725.012 95.14878926937153
C14 750.022 97.01480651527629
C14 774.987 98.44894232563558
C14 799.976 99.07213124151896
C14 824.988 98.93194115648873
C14 850.022 97.3489776323883
C14 869.967 95.33165716186846
C14 875.002 94.25899925779984
C14 899.999 87.84668724951686
C14 919.999 79.16283884635196
C14 925.012 76.61197342141142
C14 949.965 63.10481678059637
C14 975.002 47.98862377346092
C14 999.976 30.524309681960453
C14 1025.028 14.726516175631922
C14 1050.014 6.118610257302245
C14 1075.002 0.9242416993875816
C14 1099.99 0.09170241232983603
C15 319.994 45.05891758980774
C15 324.969 45.717807180971576
C15 349.982 51.50162506314442
C15 374.975 68.09997117463702
C15 400.019 84.18169720913012
C15 424.965 88.55277150337275
C15 450.035 89.48510983415004
C15 475.003 88.10922850737191
C15 500.018 87.44030738445122
C15 525.002 87.32219123945997
C15 550.029 87.58068789339484
C15 575.023 89.1811018649174
C15 599.982 90.05935218733826
C15 619.997 91.09917339178367
C15 624.979 91.18353118541093
C15 650.012 92.18020233108446
C15 675.004 93.31315606308566
C15 700.03 94.43549175767681
C15 725.012 95.66513513593576
C15 750.022 97.58204888540868
C15 774.987 99.06257957802383
C15 799.976 99.71677712396199
C15 824.988 99.59809732418714
C15 850.022 98.03693352969043
C15 869.967 95.9984912386985
C15 875.002 94.90297484806777
C15 899.999 88.4836552397724
C15 919.999 79.75145439652209
C15 925.012 77.20179245071412
C15 949.965 63.742603593679455
C15 975.002 48.44202691969658
C15 999.976 30.79649019831079
C15 1025.028 14.847828586009246
C15 1050.014 6.139114628235202
C15 1075.002 0.9296453799352425
C15 1099.99 0.09223856054951564
C16 319.994 44.70399788309387
C16 324.969 45.30530709132991
C16 349.982 50.838904142843376
C16 374.975 67.31416023672725
C16 400.019 83.56084669890303
C16 424.965 88.13553747524446
C16 450.035 89.15470911052294
C16 475.003 87.78738162593385
C16 500.018 87.09166404992234
C16 525.002 86.92987989311483
C16 550.029 87.14512746784287
C16 575.023 88.70886579364847
C16 599.982 89.55909333297637
C16 619.997 90.58220293478355
C16 624.979 90.66193723579396
C16 650.012 91.6451720701394
C16 675.004 92.76986140429992
C16 700.03 93.8922047158476
C16 725.012 95.1201495127992
C16 750.022 97.02909592573631
C16 774.987 98.5063665609544
C16 799.976 99.17000151603966
C16 824.988 99.08210183762354
C16 850.022 97.56409571885523
C16 869.967 95.50324434173676
C16 875.002 94.4044755106655
C16 899.999 88.04101866159925
C16 919.999 79.52590869655849
C16 925.012 77.0479908643555
C16 949.965 63.75427657956964
C16 975.002 48.28347996941653
C16 999.976 30.742851590389954
C16 1025.028 14.830864671685804
C16 1050.014 6.113160800961097
C16 1075.002 0.9243774671013447
C16 1099.99 0.09171588307766837
C17 319.994 44.533294270183646
C17 324.969 45.08240828376228
C17 349.982 50.38837258922149
C17 374.975 66.77154348707313
C17 400.019 83.2678985505595
C17 424.965 88.05600121510398
C17 450.035 89.14844035529448
C17 475.003 87.77615423200096
C17 500.018 87.065400783789
C17 525.002 86.87616511562865
C17 550.029 87.07619401119936
C17 575.023 88.62477459349994
C17 599.982 89.4618781167177
C17 619.997 90.47775160981645
C17 624.979 90.55673183212987
C17 650.012 91.53791008821081
C17 675.004 92.65456353322669
C17 700.03 93.76881001997747
C17 725.012 94.95359714120067
C17 750.022 96.80447949447
C17 774.987 98.21871219740282
C17 799.976 98.87620026856419
C17 824.988 98.80636039409299
C17 850.022 97.28388312183853
C17 869.967 95.27836893394824
C17 875.002 94.20437044552943
C17 899.999 87.93709290663307
C17 919.999 79.60332744278219
C17 925.012 77.13348358450651
C17 949.965 63.68632951879745
C17 975.002 48.04266227159985
C17 999.976 30.730298846019956
C17 1025.028 14.874467939371518
C17 1050.014 6.116234242923047
C17 1075.002 0.9222380787434759
C17 1099.99 0.09150361493021632
