lsstCam/transmission_sensor/r43_s02/19700101T000000.ecsv
# %ECSV 1.0
# ---
# datatype:
# - {name: amp_name, datatype: string}
# - {name: wavelength, unit: nm, datatype: float32}
# - {name: efficiency, unit: '%', datatype: float64}
# meta: !!omap
# - {MODE: AMP}
# - {TYPE: transmission_sensor}
# - {CALIBDATE: '1970-01-01T00:00:00'}
# - {INSTRUME: LSSTCAM}
# - {OBSTYPE: transmission_sensor}
# - {DETECTOR: 182}
# - {PARQUETFILE: qe_raft_allvalues_nircorrected_20230725.parquet}
# - {CALIBCLS: lsst.ip.isr.IntermediateSensorTransmissionCurve}
# - {CALIB_ID: 'raftName=R43 detectorName=S02 detector=182 calibDate=1970-01-01T00:00:00 ccd=182 ccdnum=182 filter=None'}
# - {DATE: '2023-08-02T16:57:56.145748'}
# - {CALIB_CREATION_DATE: '2023-08-02'}
# - {CALIB_CREATION_TIME: '16:57:56'}
# - __serialized_columns__:
#     efficiency:
#       __class__: astropy.units.quantity.Quantity
#       unit: !astropy.units.Unit {unit: '%'}
#       value: !astropy.table.SerializedColumn {name: efficiency}
#     wavelength:
#       __class__: astropy.units.quantity.Quantity
#       unit: !astropy.units.Unit {unit: nm}
#       value: !astropy.table.SerializedColumn {name: wavelength}
# schema: astropy-2.0
amp_name wavelength efficiency
C00 319.994 45.150054931640625
C00 324.969 46.102447509765625
C00 349.982 53.01805114746094
C00 374.975 69.71408081054688
C00 400.019 84.53630828857422
C00 424.965 87.85459899902344
C00 450.035 88.32919311523438
C00 475.003 86.91668701171875
C00 500.018 86.41049194335938
C00 525.002 86.51171112060547
C00 550.029 86.99261474609375
C00 575.023 88.7772216796875
C00 599.982 89.80210876464844
C00 619.997 90.92636108398438
C00 624.979 91.02436828613281
C00 650.012 92.08180236816406
C00 675.004 93.2491226196289
C00 700.03 94.40093231201172
C00 725.012 95.72159576416016
C00 750.022 97.71159362792969
C00 774.987 99.25530242919922
C00 799.976 99.88272094726562
C00 824.988 99.65856170654297
C00 850.022 98.00904083251953
C00 869.967 95.75088500976562
C00 875.002 94.58602905273438
C00 899.999 87.96507263183594
C00 919.999 79.41668701171875
C00 925.012 76.92333221435547
C00 949.965 63.794837951660156
C00 975.002 48.32869338989258
C00 999.976 31.139358520507812
C00 1025.028 14.979889869689941
C00 1050.014 6.134069442749023
C00 1075.002 0.9308789768952523
C00 1099.99 0.09236095690660559
C01 319.994 45.08843231201172
C01 324.969 45.975791931152344
C01 349.982 52.632144927978516
C01 374.975 69.25732421875
C01 400.019 84.26657104492188
C01 424.965 87.80015563964844
C01 450.035 88.38510131835938
C01 475.003 87.00115203857422
C01 500.018 86.46817779541016
C01 525.002 86.51786804199219
C01 550.029 86.93765258789062
C01 575.023 88.66796875
C01 599.982 89.64508819580078
C01 619.997 90.74003601074219
C01 624.979 90.83341979980469
C01 650.012 91.8673324584961
C01 675.004 93.01348114013672
C01 700.03 94.17058563232422
C01 725.012 95.50862884521484
C01 750.022 97.53514099121094
C01 774.987 99.11552429199219
C01 799.976 99.7723617553711
C01 824.988 99.55889129638672
C01 850.022 97.93331909179688
C01 869.967 95.77645111083984
C01 875.002 94.65290069580078
C01 899.999 88.20526123046875
C01 919.999 79.57784271240234
C01 925.012 77.0462875366211
C01 949.965 63.73286056518555
C01 975.002 48.41189193725586
C01 999.976 31.277372360229492
C01 1025.028 15.061030387878418
C01 1050.014 6.173642635345459
C01 1075.002 0.9291976096907769
C01 1099.99 0.09219413319721784
C02 319.994 44.93562698364258
C02 324.969 45.75883102416992
C02 349.982 52.16763687133789
C02 374.975 68.76705932617188
C02 400.019 84.05399322509766
C02 424.965 87.81009674072266
C02 450.035 88.4915771484375
C02 475.003 87.11467742919922
C02 500.018 86.54252624511719
C02 525.002 86.53567504882812
C02 550.029 86.90738677978516
C02 575.023 88.59192657470703
C02 599.982 89.53530883789062
C02 619.997 90.61038208007812
C02 624.979 90.69898986816406
C02 650.012 91.71717071533203
C02 675.004 92.85932159423828
C02 700.03 94.02545166015625
C02 725.012 95.3946533203125
C02 750.022 97.46390533447266
C02 774.987 99.09285736083984
C02 799.976 99.77849578857422
C02 824.988 99.57308959960938
C02 850.022 97.94483184814453
C02 869.967 95.79232788085938
C02 875.002 94.67493438720703
C02 899.999 88.200927734375
C02 919.999 79.51274108886719
C02 925.012 76.9679946899414
C02 949.965 63.64835739135742
C02 975.002 48.358642578125
C02 999.976 31.20048713684082
C02 1025.028 15.019755363464355
C02 1050.014 6.151697158813477
C02 1075.002 0.9285185570909615
C02 1099.99 0.09212675822209697
C03 319.994 44.94209289550781
C03 324.969 45.708133697509766
C03 349.982 51.899803161621094
C03 374.975 68.5106201171875
C03 400.019 84.09117126464844
C03 424.965 88.07386779785156
C03 450.035 88.84772491455078
C03 475.003 87.47177124023438
C03 500.018 86.86101531982422
C03 525.002 86.80978393554688
C03 550.029 87.134765625
C03 575.023 88.78258514404297
C03 599.982 89.69715118408203
C03 619.997 90.75691986083984
C03 624.979 90.8429183959961
C03 650.012 91.85169982910156
C03 675.004 92.99159240722656
C03 700.03 94.17159271240234
C03 725.012 95.57946014404297
C03 750.022 97.70213317871094
C03 774.987 99.37824249267578
C03 799.976 100.09248352050781
C03 824.988 99.88421630859375
C03 850.022 98.24903869628906
C03 869.967 96.07614135742188
C03 875.002 94.9454345703125
C03 899.999 88.41668701171875
C03 919.999 79.65155029296875
C03 925.012 77.09048461914062
C03 949.965 63.784759521484375
C03 975.002 48.41381072998047
C03 999.976 31.19133758544922
C03 1025.028 14.986809730529785
C03 1050.014 6.129781246185303
C03 1075.002 0.9307877209458113
C03 1099.99 0.09235190257513716
C04 319.994 44.81416702270508
C04 324.969 45.52174377441406
C04 349.982 51.48350143432617
C04 374.975 68.03404998779297
C04 400.019 83.83020782470703
C04 424.965 88.01573944091797
C04 450.035 88.8754653930664
C04 475.003 87.50189971923828
C04 500.018 86.85860443115234
C04 525.002 86.76760864257812
C04 550.029 87.05143737792969
C04 575.023 88.6627426147461
C04 599.982 89.55156707763672
C04 619.997 90.59667205810547
C04 624.979 90.67938232421875
C04 650.012 91.6766586303711
C04 675.004 92.8127212524414
C04 700.03 94.00264739990234
C04 725.012 95.4320297241211
C04 750.022 97.59109497070312
C04 774.987 99.30618286132812
C04 799.976 100.04502868652344
C04 824.988 99.85916137695312
C04 850.022 98.25557708740234
C04 869.967 96.10797119140625
C04 875.002 94.98456573486328
C04 899.999 88.48403930664062
C04 919.999 79.73307037353516
C04 925.012 77.17230987548828
C04 949.965 63.916954040527344
C04 975.002 48.5719108581543
C04 999.976 31.26831817626953
C04 1025.028 15.012110710144043
C04 1050.014 6.131254196166992
C04 1075.002 0.9297295428870369
C04 1099.99 0.09224691112027376
C05 319.994 44.78691482543945
C05 324.969 45.44158935546875
C05 349.982 51.1969108581543
C05 374.975 67.73157501220703
C05 400.019 83.7894515991211
C05 424.965 88.1802978515625
C05 450.035 89.11808013916016
C05 475.003 87.74121856689453
C05 500.018 87.06486511230469
C05 525.002 86.9367446899414
C05 550.029 87.18386840820312
C05 575.023 88.77764892578125
C05 599.982 89.65166473388672
C05 619.997 90.6906509399414
C05 624.979 90.7709732055664
C05 650.012 91.76436614990234
C05 675.004 92.90023040771484
C05 700.03 94.10376739501953
C05 725.012 95.55025482177734
C05 750.022 97.7374267578125
C05 774.987 99.47433471679688
C05 799.976 100.23385620117188
C05 824.988 100.0640640258789
C05 850.022 98.47615051269531
C05 869.967 96.35530853271484
C05 875.002 95.23443603515625
C05 899.999 88.74651336669922
C05 919.999 79.99285125732422
C05 925.012 77.42164611816406
C05 949.965 64.14373779296875
C05 975.002 48.84127426147461
C05 999.976 31.3693790435791
C05 1025.028 15.055245399475098
C05 1050.014 6.136291027069092
C05 1075.002 0.9311234326729301
C05 1099.99 0.09238521158428986
C06 319.994 44.5430793762207
C06 324.969 45.14515686035156
C06 349.982 50.67444610595703
C06 374.975 67.12255859375
C06 400.019 83.37397766113281
C06 424.965 87.95646667480469
C06 450.035 88.97093200683594
C06 475.003 87.58699035644531
C06 500.018 86.88653564453125
C06 525.002 86.7175521850586
C06 550.029 86.93914031982422
C06 575.023 88.50576782226562
C06 599.982 89.36865234375
C06 619.997 90.39315032958984
C06 624.979 90.47399139404297
C06 650.012 91.4613265991211
C06 675.004 92.58858489990234
C06 700.03 93.7950668334961
C06 725.012 95.22785949707031
C06 750.022 97.40298461914062
C06 774.987 99.12093353271484
C06 799.976 99.88814544677734
C06 824.988 99.7358169555664
C06 850.022 98.19275665283203
C06 869.967 96.17033386230469
C06 875.002 95.07112121582031
C06 899.999 88.66471099853516
C06 919.999 79.92926025390625
C06 925.012 77.35005950927734
C06 949.965 64.05613708496094
C06 975.002 48.83209991455078
C06 999.976 31.301773071289062
C06 1025.028 15.038379669189453
C06 1050.014 6.142412185668945
C06 1075.002 0.927937357107666
C06 1099.99 0.09206909209369184
C07 319.994 44.37187957763672
C07 324.969 44.92407989501953
C07 349.982 50.24639129638672
C07 374.975 66.60979461669922
C07 400.019 83.07463836669922
C07 424.965 87.84184265136719
C07 450.035 88.92034149169922
C07 475.003 87.52864074707031
C07 500.018 86.81086730957031
C07 525.002 86.61644744873047
C07 550.029 86.81985473632812
C07 575.023 88.37602996826172
C07 599.982 89.22721099853516
C07 619.997 90.24874877929688
C07 624.979 90.3314208984375
C07 650.012 91.31570434570312
C07 675.004 92.44693756103516
C07 700.03 93.63402557373047
C07 725.012 95.02458190917969
C07 750.022 97.13200378417969
C07 774.987 98.786376953125
C07 799.976 99.53152465820312
C07 824.988 99.39009857177734
C07 850.022 97.849853515625
C07 869.967 95.91650390625
C07 875.002 94.8613510131836
C07 899.999 88.5596923828125
C07 919.999 79.7577896118164
C07 925.012 77.14448547363281
C07 949.965 63.71303176879883
C07 975.002 48.55931854248047
C07 999.976 31.036056518554688
C07 1025.028 14.944036483764648
C07 1050.014 6.154019355773926
C07 1075.002 0.9253562897184374
C07 1099.99 0.09181300095851046
C10 319.994 45.62873077392578
C10 324.969 46.5925407409668
C10 349.982 53.59104919433594
C10 374.975 70.43041229248047
C10 400.019 85.33760070800781
C10 424.965 88.64431762695312
C10 450.035 89.10543060302734
C10 475.003 87.68647766113281
C10 500.018 87.18245697021484
C10 525.002 87.29656982421875
C10 550.029 87.79290008544922
C10 575.023 89.59468078613281
C10 599.982 90.62467956542969
C10 619.997 91.7595443725586
C10 624.979 91.8597412109375
C10 650.012 92.92601776123047
C10 675.004 94.07878875732422
C10 700.03 95.15270233154297
C10 725.012 96.19639587402344
C10 750.022 97.85069274902344
C10 774.987 99.05400085449219
C10 799.976 99.53923797607422
C10 824.988 99.3497543334961
C10 850.022 97.63874816894531
C10 869.967 95.5030746459961
C10 875.002 94.40201568603516
C10 899.999 87.98621368408203
C10 919.999 79.53355407714844
C10 925.012 77.02310943603516
C10 949.965 63.13804626464844
C10 975.002 47.78773498535156
C10 999.976 30.6673583984375
C10 1025.028 14.773656845092773
C10 1050.014 6.1488847732543945
C10 1075.002 0.9322070614988716
C10 1099.99 0.09249272824089043
C11 319.994 45.398529052734375
C11 324.969 46.29570007324219
C11 349.982 53.01753234863281
C11 374.975 69.74710083007812
C11 400.019 84.80035400390625
C11 424.965 88.30986022949219
C11 450.035 88.87793731689453
C11 475.003 87.48175048828125
C11 500.018 86.94652557373047
C11 525.002 87.00730895996094
C11 550.029 87.44053649902344
C11 575.023 89.18773651123047
C11 599.982 90.17455291748047
C11 619.997 91.28076171875
C11 624.979 91.37226867675781
C11 650.012 92.4142837524414
C11 675.004 93.55170440673828
C11 700.03 94.62165069580078
C11 725.012 95.69331359863281
C11 750.022 97.3908462524414
C11 774.987 98.63810729980469
C11 799.976 99.14697265625
C11 824.988 98.95970916748047
C11 850.022 97.27530670166016
C11 869.967 95.20059967041016
C11 875.002 94.12413787841797
C11 899.999 87.72760772705078
C11 919.999 79.11539459228516
C11 925.012 76.58844757080078
C11 949.965 62.75673294067383
C11 975.002 47.548282623291016
C11 999.976 30.48407745361328
C11 1025.028 14.711137771606445
C11 1050.014 6.136353969573975
C11 1075.002 0.9278257515229288
C11 1099.99 0.09205801869010415
C12 319.994 45.20899200439453
C12 324.969 46.040653228759766
C12 349.982 52.50315475463867
C12 374.975 69.18948364257812
C12 400.019 84.52085876464844
C12 424.965 88.24824523925781
C12 450.035 88.9032974243164
C12 475.003 87.50201416015625
C12 500.018 86.929931640625
C12 525.002 86.94632720947266
C12 550.029 87.34186553955078
C12 575.023 89.05565643310547
C12 599.982 90.01606750488281
C12 619.997 91.10678100585938
C12 624.979 91.19560241699219
C12 650.012 92.22618103027344
C12 675.004 93.36492156982422
C12 700.03 94.44939422607422
C12 725.012 95.56436920166016
C12 750.022 97.32255554199219
C12 774.987 98.63592529296875
C12 799.976 99.18055725097656
C12 824.988 98.99669647216797
C12 850.022 97.3241958618164
C12 869.967 95.25678253173828
C12 875.002 94.1773681640625
C12 899.999 87.73988342285156
C12 919.999 79.04706573486328
C12 925.012 76.4993896484375
C12 949.965 62.74741744995117
C12 975.002 47.58707809448242
C12 999.976 30.4210262298584
C12 1025.028 14.675606727600098
C12 1050.014 6.110468864440918
C12 1075.002 0.9271745997562753
C12 1099.99 0.09199341201001761
C13 319.994 45.255950927734375
C13 324.969 46.027435302734375
C13 349.982 52.2656135559082
C13 374.975 68.97589874267578
C13 400.019 84.6287612915039
C13 424.965 88.59774780273438
C13 450.035 89.34262084960938
C13 475.003 87.93830108642578
C13 500.018 87.32904815673828
C13 525.002 87.30198669433594
C13 550.029 87.65542602539062
C13 575.023 89.34095764160156
C13 599.982 90.27811431884766
C13 619.997 91.35853576660156
C13 624.979 91.44674682617188
C13 650.012 92.46968078613281
C13 675.004 93.60968780517578
C13 700.03 94.71434020996094
C13 725.012 95.8812484741211
C13 750.022 97.70829010009766
C13 774.987 99.09066009521484
C13 799.976 99.67484283447266
C13 824.988 99.5080795288086
C13 850.022 97.85298156738281
C13 869.967 95.78945922851562
C13 875.002 94.7074203491211
C13 899.999 88.22415161132812
C13 919.999 79.46794128417969
C13 925.012 76.90083312988281
C13 949.965 63.18269348144531
C13 975.002 47.96177673339844
C13 999.976 30.582483291625977
C13 1025.028 14.761361122131348
C13 1050.014 6.131231307983398
C13 1075.002 0.9308488846871358
C13 1099.99 0.0923579711853614
C14 319.994 44.924747467041016
C14 324.969 45.63433074951172
C14 349.982 51.608367919921875
C14 374.975 68.1927719116211
C14 400.019 83.99150085449219
C14 424.965 88.14759063720703
C14 450.035 88.98538208007812
C14 475.003 87.602783203125
C14 500.018 86.96410369873047
C14 525.002 86.88778686523438
C14 550.029 87.18702697753906
C14 575.023 88.81714630126953
C14 599.982 89.71925354003906
C14 619.997 90.773193359375
C14 624.979 90.85739135742188
C14 650.012 91.8622055053711
C14 675.004 92.99357604980469
C14 700.03 94.10099792480469
C14 725.012 95.30416107177734
C14 750.022 97.17322540283203
C14 774.987 98.60970306396484
C14 799.976 99.2339096069336
C14 824.988 99.09349060058594
C14 850.022 97.50794219970703
C14 869.967 95.4873275756836
C14 875.002 94.41291809082031
C14 899.999 87.9901351928711
C14 919.999 79.29210662841797
C14 925.012 76.73707580566406
C14 949.965 63.207862854003906
C14 975.002 48.066986083984375
C14 999.976 30.574153900146484
C14 1025.028 14.750563621520996
C14 1050.014 6.128601551055908
C14 1075.002 0.9257509261449071
C14 1099.99 0.09185215642219974
C15 319.994 45.13249588012695
C15 324.969 45.79246139526367
C15 349.982 51.585723876953125
C15 374.975 68.21117401123047
C15 400.019 84.31916046142578
C15 424.965 88.69737243652344
C15 450.035 89.63123321533203
C15 475.003 88.25310516357422
C15 500.018 87.58309173583984
C15 525.002 87.46478271484375
C15 550.029 87.72370147705078
C15 575.023 89.32672882080078
C15 599.982 90.20641326904297
C15 619.997 91.24793243408203
C15 624.979 91.33242797851562
C15 650.012 92.33072662353516
C15 675.004 93.46553039550781
C15 700.03 94.5896987915039
C15 725.012 95.82135009765625
C15 750.022 97.74139404296875
C15 774.987 99.2243423461914
C15 799.976 99.87960815429688
C15 824.988 99.76073455810547
C15 850.022 98.197021484375
C15 869.967 96.1552505493164
C15 875.002 95.05794525146484
C15 899.999 88.62814331054688
C15 919.999 79.88168334960938
C15 925.012 77.3278579711914
C15 949.965 63.8466911315918
C15 975.002 48.5211296081543
C15 999.976 30.846778869628906
C15 1025.028 14.872074127197266
C15 1050.014 6.149139404296875
C15 1075.002 0.9311634305524695
C15 1099.99 0.09238918013715246
C16 319.994 44.77699661254883
C16 324.969 45.37928771972656
C16 349.982 50.92192077636719
C16 374.975 67.42407989501953
C16 400.019 83.69729614257812
C16 424.965 88.27945709228516
C16 450.035 89.30029296875
C16 475.003 87.93073272705078
C16 500.018 87.23387908935547
C16 525.002 87.07183074951172
C16 550.029 87.28742980957031
C16 575.023 88.85372161865234
C16 599.982 89.70533752441406
C16 619.997 90.73011779785156
C16 624.979 90.80998229980469
C16 650.012 91.7948226928711
C16 675.004 92.92134857177734
C16 700.03 94.04552459716797
C16 725.012 95.27547454833984
C16 750.022 97.18753814697266
C16 774.987 98.66722106933594
C16 799.976 99.33193969726562
C16 824.988 99.243896484375
C16 850.022 97.7234115600586
C16 869.967 95.65919494628906
C16 875.002 94.55863189697266
C16 899.999 88.18478393554688
C16 919.999 79.65576934814453
C16 925.012 77.1738052368164
C16 949.965 63.85838317871094
C16 975.002 48.36232376098633
C16 999.976 30.793052673339844
C16 1025.028 14.855082511901855
C16 1050.014 6.123143196105957
C16 1075.002 0.9258869155585421
C16 1099.99 0.09186564916688969
C17 319.994 44.606014251708984
C17 324.969 45.15602493286133
C17 349.982 50.47065353393555
C17 374.975 66.88057708740234
C17 400.019 83.40386962890625
C17 424.965 88.19979095458984
C17 450.035 89.29401397705078
C17 475.003 87.91948699951172
C17 500.018 87.20757293701172
C17 525.002 87.01802825927734
C17 550.029 87.2183837890625
C17 575.023 88.76949310302734
C17 599.982 89.60796356201172
C17 619.997 90.62549591064453
C17 624.979 90.70460510253906
C17 650.012 91.68738555908203
C17 675.004 92.80586242675781
C17 700.03 93.92192840576172
C17 725.012 95.10865020751953
C17 750.022 96.96255493164062
C17 774.987 98.37909698486328
C17 799.976 99.03765869140625
C17 824.988 98.96770477294922
C17 850.022 97.44274139404297
C17 869.967 95.43395233154297
C17 875.002 94.35820007324219
C17 899.999 88.0806884765625
C17 919.999 79.73331451416016
C17 925.012 77.25943756103516
C17 949.965 63.79032516479492
C17 975.002 48.12111282348633
C17 999.976 30.780479431152344
C17 1025.028 14.898756980895996
C17 1050.014 6.126221656799316
C17 1075.002 0.9237440337182258
C17 1099.99 0.0916530343993186
