lsstCam/transmission_filter_detector/r42_s20/r_57/19700101T000000.ecsv
# %ECSV 1.0
# ---
# datatype:
# - {name: wavelength, unit: nm, datatype: float32}
# - {name: efficiency, unit: '%', datatype: float64}
# meta: !!omap
# - {MODE: DETECTOR}
# - {TYPE: transmission_filter_detector}
# - {CALIBDATE: '1970-01-01T00:00:00'}
# - {INSTRUME: LSSTCam}
# - {OBSTYPE: transmission_filter_detector}
# - {CALIBCLS: lsst.ip.isr.IntermediateFilterDetectorTransmissionCurve}
# - {SOURCE: Materion (DM-46256)}
# - {DETECTOR: 177}
# - {FILTER: r_57}
# - {CALIB_ID: 'calibDate=1970-01-01T00:00:00 filter=r_57 detector=177'}
# - {DATE: '2025-04-02T15:59:45.003361'}
# - {CALIB_CREATION_DATE: '2025-04-02'}
# - {CALIB_CREATION_TIME: '15:59:45'}
# - __serialized_columns__:
#     efficiency:
#       __class__: astropy.units.quantity.Quantity
#       unit: !astropy.units.Unit {unit: '%'}
#       value: !astropy.table.SerializedColumn {name: efficiency}
#     wavelength:
#       __class__: astropy.units.quantity.Quantity
#       unit: !astropy.units.Unit {unit: nm}
#       value: !astropy.table.SerializedColumn {name: wavelength}
# schema: astropy-2.0
wavelength efficiency
300.0 0.0028987560654059052
301.0 0.007285460742423311
302.0 0.011672166147036478
303.0 0.014680440654046834
304.0 0.017688717343844473
305.0 0.01588223676662892
306.0 0.014075756189413369
307.0 0.012585821968968958
308.0 0.011095887748524547
309.0 0.009808377217268571
310.0 0.008520865958416834
311.0 0.0077599805081263185
312.0 0.00699909360264428
313.0 0.006884783215355128
314.0 0.006770472100470215
315.0 0.0062776365666650236
316.0 0.005784798850072548
317.0 0.0052709634474013
318.0 0.004757128772325814
319.0 0.004585739952744916
320.0 0.0044143522245576605
321.0 0.004208369136904366
322.0 0.004002386049251072
323.0 0.0038656558899674565
324.0 0.0037289264582796022
325.0 0.003674891559057869
326.0 0.0036208581150276586
327.0 0.00353790310327895
328.0 0.003454949546721764
329.0 0.0034222513932036236
330.0 0.003389553603483364
331.0 0.0031839561415836215
332.0 0.0029783594072796404
333.0 0.002713837966439314
334.0 0.002449316525598988
335.0 0.0022246415028348565
336.0 0.0019999661162728444
337.0 0.0018266036931890994
338.0 0.0016532414520042948
339.0 0.0015996067304513417
340.0 0.0015459718269994482
341.0 0.0015649997294531204
342.0 0.0015840274500078522
343.0 0.0014593606465496123
344.0 0.0013346938430913724
345.0 0.0012534351299109403
346.0 0.0011721764167305082
347.0 0.0011195338629477192
348.0 0.0010668914001144003
349.0 0.0010846140867215581
350.0 0.007360703602898866
351.0 0.006397937977453694
352.0 0.0054351748985936865
353.0 0.005246367436484434
354.0 0.0050575592467794195
355.0 0.005369117570808157
356.0 0.0056806755310390145
357.0 0.0054436422942671925
358.0 0.005206609421293251
359.0 0.0038103324186522514
360.0 0.002414055052213371
361.0 0.003680459121824242
362.0 0.004946863555232994
363.0 0.0036412264307728037
364.0 0.0023355889425147325
365.0 0.002495317858119961
366.0 0.002655046591826249
367.0 0.003896800262737088
368.0 0.005138554115546867
369.0 0.004508488200372085
370.0 0.0038784237403888255
371.0 0.0032871870644157752
372.0 0.0026959507522406057
373.0 0.0032803556678118184
374.0 0.0038647602195851505
375.0 0.0031531766580883414
376.0 0.0024415930965915322
377.0 0.0022187807189766318
378.0 0.0019959685232606716
379.0 0.0025619847292546183
380.0 0.0031280007533496246
381.0 0.004243479634169489
382.0 0.005358958151191473
383.0 0.005462822082336061
384.0 0.00556668674107641
385.0 0.005744245572714135
386.0 0.00592180404055398
387.0 0.004617670128936879
388.0 0.0033135358535218984
389.0 0.0024690350983291864
390.0 0.0016245345250354148
391.0 0.001342606537946267
392.0 0.0010606785508571193
393.0 0.000804412138677435
394.0 0.0005481457264977507
395.0 0.0013347547792363912
396.0 0.002121364013873972
397.0 0.0019631643226603046
398.0 0.0018049640857498161
399.0 0.0012384241017571185
400.0 0.0006718842541886261
401.0 0.0007155266303016106
402.0 0.0007591688699903898
403.0 0.0011337705473124515
404.0 0.0015083722246345133
405.0 0.0015869038179516792
406.0 0.0016654355931677856
407.0 0.0016042555216699839
408.0 0.0015430758139700629
409.0 0.0015169089238042943
410.0 0.0014907419426890556
411.0 0.0017073371054721065
412.0 0.0019239321773056872
413.0 0.001512929975433508
414.0 0.0011019278645107988
415.0 0.0013463148206938058
416.0 0.001590701867826283
417.0 0.00209009103855351
418.0 0.0025894800273817964
419.0 0.003503583138808608
420.0 0.004417686068336479
421.0 0.006313690391834825
422.0 0.008209692168748006
423.0 0.011584183084778488
424.0 0.014958671818021685
425.0 0.019879335013683885
426.0 0.02479999966453761
427.0 0.024366655270569026
428.0 0.02393330942140892
429.0 0.01882122887764126
430.0 0.013709149789065123
431.0 0.009790727199288085
432.0 0.0058723035181174055
433.0 0.004850763798458502
434.0 0.0038292244425974786
435.0 0.003209997885278426
436.0 0.0025907711460604332
437.0 0.0021562069377978332
438.0 0.0017216423657373525
439.0 0.0014722941159561742
440.0 0.001222945866174996
441.0 0.0012514379704953171
442.0 0.0012799302567145787
443.0 0.0013791721357847564
444.0 0.0014784137420065235
445.0 0.0010196659786743112
446.0 0.0005609178515442181
447.0 0.00098742393674911
448.0 0.0014139299310045317
449.0 0.0015839443221921101
450.0 0.001753958895278629
451.0 0.0018197508325101808
452.0 0.0018855427697417326
453.0 0.001832480302255135
454.0 0.0017794181985664181
455.0 0.0015606061424477957
456.0 0.0013417945410765242
457.0 0.001373914801661158
458.0 0.0014060354260436725
459.0 0.0016120407963171601
460.0 0.0018180458937422372
461.0 0.0025315450329799205
462.0 0.003245044717914425
463.0 0.004221031122142449
464.0 0.005197017526370473
465.0 0.0062544837419409305
466.0 0.0073119503213092685
467.0 0.00778566172812134
468.0 0.008259376045316458
469.0 0.007051409193081781
470.0 0.005843443796038628
471.0 0.004278793858247809
472.0 0.0027141439204569906
473.0 0.0020050412786076777
474.0 0.0012959389096067753
475.0 0.001137472008849727
476.0 0.0009790053809410892
477.0 0.0011034708222723566
478.0 0.0012279359907552134
479.0 0.001114029873861
480.0 0.0010001236660173163
481.0 0.0009893305104924366
482.0 0.0009785372640180867
483.0 0.0008345134119736031
484.0 0.0006904893780301791
485.0 0.0008826852536003571
486.0 0.0010748808563221246
487.0 0.0010532753549341578
488.0 0.0010316699444956612
489.0 0.0009894556569634005
490.0 0.0009472413694311399
491.0 0.0009511597454547882
492.0 0.0009550780305289663
493.0 0.0009518621482129674
494.0 0.0009486464477959089
495.0 0.0010615291103022173
496.0 0.0011744121366064064
497.0 0.001281502682104474
498.0 0.0013885936823498923
499.0 0.0014291158549895044
500.0 0.001469638209528057
501.0 0.0017665475752437487
502.0 0.0020634568500099704
503.0 0.0025328268748125993
504.0 0.003002196717716288
505.0 0.0036372013710206375
506.0 0.0042722062062239274
507.0 0.005129714190843515
508.0 0.005987221811665222
509.0 0.006135388684924692
510.0 0.006283556285779923
511.0 0.005695559593732469
512.0 0.005107563265482895
513.0 0.004351241659605876
514.0 0.003594920417526737
515.0 0.0034203301765955985
516.0 0.0032457402994623408
517.0 0.003312081389594823
518.0 0.003378423207323067
519.0 0.08660220191814005
520.0 0.06633144803345203
521.0 0.09013022063300014
522.0 0.1332753337919712
523.0 0.08010377059690654
524.0 0.06696608033962548
525.0 0.0765922712162137
526.0 0.06902790628373623
527.0 0.09231978910975158
528.0 0.1464353408664465
529.0 0.15535005368292332
530.0 0.17941560363397002
531.0 0.2323963213711977
532.0 0.1825088867917657
533.0 0.32820263877511024
534.0 0.5163570865988731
535.0 0.6447294726967812
536.0 0.9942558594048023
537.0 1.5661230310797691
538.0 2.452058531343937
539.0 3.7890180945396423
540.0 5.909835919737816
541.0 8.352411538362503
542.0 11.470181494951248
543.0 15.398800373077393
544.0 20.146261155605316
545.0 25.624355673789978
546.0 32.35659599304199
547.0 39.54602777957916
548.0 48.1814444065094
549.0 56.28615617752075
550.0 62.31321692466736
551.0 68.74406933784485
552.0 72.87203073501587
553.0 76.61122679710388
554.0 80.15379905700684
555.0 83.7378442287445
556.0 87.37968802452087
557.0 89.58812355995178
558.0 92.31191873550415
559.0 94.49769854545593
560.0 94.51233148574829
561.0 95.74559330940247
562.0 96.10644578933716
563.0 95.31593322753906
564.0 96.04039788246155
565.0 95.36521434783936
566.0 96.40941619873047
567.0 95.82430720329285
568.0 96.40081524848938
569.0 97.30041027069092
570.0 96.75877094268799
571.0 97.60624170303345
572.0 96.9590961933136
573.0 96.91120386123657
574.0 97.38042950630188
575.0 97.04283475875854
576.0 97.58694171905518
577.0 97.18132615089417
578.0 97.3287284374237
579.0 97.1009373664856
580.0 96.83032631874084
581.0 96.76538109779358
582.0 96.8062698841095
583.0 96.8289852142334
584.0 96.65076732635498
585.0 96.24126553535461
586.0 96.52570486068726
587.0 96.29759192466736
588.0 96.90487384796143
589.0 97.70686030387878
590.0 96.73154950141907
591.0 95.98261713981628
592.0 96.11666798591614
593.0 96.02121710777283
594.0 96.2658941745758
595.0 96.75295948982239
596.0 96.89134955406189
597.0 97.49560952186584
598.0 96.81456685066223
599.0 97.1568763256073
600.0 97.1064567565918
601.0 96.10431790351868
602.0 96.79142236709595
603.0 96.35818600654602
604.0 96.57273888587952
605.0 96.84057235717773
606.0 96.70789241790771
607.0 96.55129909515381
608.0 96.77782654762268
609.0 95.94762921333313
610.0 96.07223868370056
611.0 95.86095809936523
612.0 96.30458950996399
613.0 97.23034501075745
614.0 97.00998663902283
615.0 96.38664722442627
616.0 96.60150408744812
617.0 96.71169519424438
618.0 96.45791053771973
619.0 97.39972352981567
620.0 96.36602401733398
621.0 95.88057398796082
622.0 96.85291051864624
623.0 96.94742560386658
624.0 96.98734879493713
625.0 97.12260961532593
626.0 96.52930498123169
627.0 95.58855295181274
628.0 97.51245975494385
629.0 95.68713903427124
630.0 96.66616916656494
631.0 96.5222418308258
632.0 96.93506360054016
633.0 96.6955840587616
634.0 96.08015418052673
635.0 96.55572175979614
636.0 96.44161462783813
637.0 96.0113525390625
638.0 95.44683694839478
639.0 95.66956162452698
640.0 95.94689011573792
641.0 95.95908522605896
642.0 96.30441069602966
643.0 96.39359712600708
644.0 96.35390639305115
645.0 96.55875563621521
646.0 96.38320803642273
647.0 97.25618362426758
648.0 96.86775207519531
649.0 95.93729972839355
650.0 96.44694924354553
651.0 96.9523012638092
652.0 97.21704125404358
653.0 96.17905020713806
654.0 96.42637372016907
655.0 96.79683446884155
656.0 95.94119191169739
657.0 95.79205513000488
658.0 96.51952981948853
659.0 96.33132219314575
660.0 95.44367790222168
661.0 95.66888809204102
662.0 95.68570256233215
663.0 95.67795991897583
664.0 95.42790651321411
665.0 95.8423912525177
666.0 95.30413150787354
667.0 95.88636755943298
668.0 94.98816728591919
669.0 95.87893486022949
670.0 95.64916491508484
671.0 95.69261074066162
672.0 95.43594717979431
673.0 95.36322951316833
674.0 94.72171068191528
675.0 95.68867087364197
676.0 95.12947797775269
677.0 93.96467804908752
678.0 92.69687533378601
679.0 92.14540123939514
680.0 90.87444543838501
681.0 89.24869894981384
682.0 86.74615025520325
683.0 83.95556807518005
684.0 80.34286499023438
685.0 76.48594379425049
686.0 72.24202156066895
687.0 67.78849363327026
688.0 63.103628158569336
689.0 58.84369611740112
690.0 53.8743257522583
691.0 49.933940172195435
692.0 45.31606137752533
693.0 40.81948697566986
694.0 35.50616800785065
695.0 30.009394884109497
696.0 24.371401965618134
697.0 18.937669694423676
698.0 13.35202008485794
699.0 9.16924923658371
700.0 6.103835254907608
701.0 3.6980416625738144
702.0 2.2251738235354424
703.0 1.2761359103024006
704.0 0.7463563699275255
705.0 0.42900871485471725
706.0 0.2984079997986555
707.0 0.20682387985289097
708.0 0.18728749128058553
709.0 0.14336140593513846
710.0 0.07417400483973324
711.0 0.08734301081858575
712.0 0.03822750295512378
713.0 0.020874793699476868
714.0 0.0664351333398372
715.0 0.02468415768817067
716.0 0.028557650512084365
717.0 0.04487000696826726
718.0 0.0293067772872746
719.0 0.023603576119057834
720.0 1.70721293005216e-10
721.0 0.0037174155295360833
722.0 0.003618479604483582
723.0 0.003519543679431081
724.0 0.0033078526030294597
725.0 0.0030961615266278386
726.0 0.00283539393421961
727.0 0.002574626159912441
728.0 0.0024920585929066874
729.0 0.002409490662103053
730.0 0.0023298733140109107
731.0 0.002250255784019828
732.0 0.002197474896092899
733.0 0.0021446934624691494
734.0 0.0020048415535711683
735.0 0.0018649898265721276
736.0 0.0017849843061412685
737.0 0.0017049787857104093
738.0 0.0014308879144664388
739.0 0.0011567972251214087
740.0 0.0012939040061610285
741.0 0.001431011150998529
742.0 0.0013534822755900677
743.0 0.0012759534001816064
744.0 0.001246620468009496
745.0 0.0012172879905847367
746.0 0.0011757017091440503
747.0 0.001134115518652834
748.0 0.0010460908924869727
749.0 0.0009580662663211115
750.0 0.0009664557182986755
751.0 0.0009748449883772992
752.0 0.0010020799891208299
753.0 0.0010293148989148904
754.0 0.0010506155376788229
755.0 0.0010719163583416957
756.0 0.0010150225534744095
757.0 0.0009581290214555338
758.0 0.0009888452950690407
759.0 0.001019561750581488
760.0 0.001067764333129162
761.0 0.0011159668247273657
762.0 0.0011906837244168855
763.0 0.001265400442207465
764.0 0.001097974381991662
765.0 0.0009305485036747996
766.0 0.0007709681085543707
767.0 0.0006113874860602664
768.0 0.0007047674898785772
769.0 0.0007981474482221529
770.0 0.0006767985723854508
771.0 0.0005554499693971593
772.0 0.0005357242116588168
773.0 0.000515998317496269
774.0 0.000516000864081434
775.0 0.000516003456141334
776.0 0.0005685521955456352
777.0 0.0006211009804246714
778.0 0.0006706921340082772
779.0 0.0007202831966424128
780.0 0.0006225277957128128
781.0 0.0005247724402579479
782.0 0.0005274952400213806
783.0 0.0005302182216837537
784.0 0.0005545382009586319
785.0 0.0005788582257082453
786.0 0.0005863279511686414
787.0 0.0005937977221037727
788.0 0.0005993826562189497
789.0 0.0006049678631825373
790.0 0.000546269347978523
791.0 0.0004875705599260982
792.0 0.0006395256605173927
793.0 0.0007914807611086871
794.0 0.0008287862328870688
795.0 0.0008660917046654504
796.0 0.0008368206181330606
797.0 0.0008075496225501411
798.0 0.0007903057849034667
799.0 0.0007730618563073222
800.0 0.000752831510908436
801.0 0.0007326010290853446
802.0 0.0006951690920686815
803.0 0.0006577371095772833
804.0 0.0006503826170956017
805.0 0.0006430278972402448
806.0 0.0006590440079889959
807.0 0.000675060118737747
808.0 0.0007167814146669116
809.0 0.0007585027560708113
810.0 0.000559988257009536
811.0 0.00036147384889773093
812.0 0.0005460991360450862
813.0 0.0007307246050913818
814.0 0.0007454494152625557
815.0 0.0007601742254337296
816.0 0.0006365594799717655
817.0 0.0005129446890350664
818.0 0.00030961205084167887
819.0 0.00010627946949171019
820.0 0.000276394735010399
821.0 0.0004465101483219769
822.0 0.00048482884267286863
823.0 0.0005231474915490253
824.0 0.0004510993221629178
825.0 0.000379051220988913
826.0 0.0003820946403720882
827.0 0.00038513808249263093
828.0 0.00042573315113259014
829.0 0.00046632826524728443
830.0 0.0002725997774177813
831.0 7.887133506301325e-05
832.0 8.544571414859092e-05
833.0 9.202010460285237e-05
834.0 0.0001220722651851247
835.0 0.00015212441439871327
836.0 0.0006362662134051789
837.0 0.0011204077054571826
838.0 0.0023013939426164143
839.0 0.003482380634522997
840.0 0.004432448258739896
841.0 0.005382514791563153
842.0 0.005894917921978049
843.0 0.006407317414414138
844.0 0.005887937004445121
845.0 0.0053685569582739845
846.0 0.005100622001918964
847.0 0.0048326885007554665
848.0 0.004330432420829311
849.0 0.003828177068498917
850.0 0.0036306606489233673
851.0 0.0034331445931456983
852.0 0.00301140098599717
853.0 0.0025896571969497018
854.0 0.0021764779376098886
855.0 0.0017632988601690158
856.0 0.0013918875993113033
857.0 0.0010204760656051803
858.0 0.0007441791694873245
859.0 0.00046788227336946875
860.0 0.00033094818263634806
861.0 0.00019401409190322738
862.0 0.00015850835097808158
863.0 0.00012300262142161955
864.0 0.00017031834431691095
865.0 0.00021763410131825367
866.0 0.00016941154399319203
867.0 0.00012118904351154924
868.0 5.211620077716361e-05
869.0 1.70721293005216e-10
870.0 3.6904788203173666e-05
871.0 9.07661956262018e-05
872.0 7.396115506708156e-05
873.0 5.715612587664509e-05
874.0 7.435491511387227e-05
875.0 9.155373277280887e-05
876.0 0.00013353321719478117
877.0 0.0001755126959324116
878.0 4.464455400920997e-05
879.0 1.70721293005216e-10
880.0 1.70721293005216e-10
881.0 3.466908253813017e-05
882.0 4.8389858875452774e-05
883.0 6.21106892140233e-05
884.0 0.0001052143261404126
885.0 0.0001483180426475883
886.0 0.00023872382826084504
887.0 0.00032912962524278555
888.0 0.0002610318006190937
889.0 0.0001929339987327694
890.0 0.00022248088953347178
891.0 0.00025202778033417417
892.0 0.00027696955839928705
893.0 0.0003019113137270324
894.0 0.00019590809188230196
895.0 8.990486435322964e-05
896.0 6.056202295212643e-06
897.0 1.70721293005216e-10
898.0 3.6874732245451014e-05
899.0 0.00015154187167354394
900.0 0.0001728724669192161
901.0 0.00019420301669015316
