lsstCam/transmission_filter_detector/r42_s20/r_57/19700101T000000.ecsv
# %ECSV 1.0
# ---
# datatype:
# - {name: wavelength, unit: nm, datatype: float32}
# - {name: efficiency, unit: '%', datatype: float64}
# meta: !!omap
# - {MODE: DETECTOR}
# - {TYPE: transmission_filter_detector}
# - {CALIBDATE: '1970-01-01T00:00:00'}
# - {INSTRUME: LSSTCam}
# - {OBSTYPE: transmission_filter_detector}
# - {CALIBCLS: lsst.ip.isr.IntermediateFilterDetectorTransmissionCurve}
# - {SOURCE: Materion (DM-46256)}
# - {DETECTOR: 177}
# - {FILTER: r_57}
# - {CALIB_ID: 'calibDate=1970-01-01T00:00:00 filter=r_57 detector=177'}
# - {DATE: '2025-04-02T15:59:45.003361'}
# - {CALIB_CREATION_DATE: '2025-04-02'}
# - {CALIB_CREATION_TIME: '15:59:45'}
# - __serialized_columns__:
#     efficiency:
#       __class__: astropy.units.quantity.Quantity
#       unit: !astropy.units.Unit {unit: '%'}
#       value: !astropy.table.SerializedColumn {name: efficiency}
#     wavelength:
#       __class__: astropy.units.quantity.Quantity
#       unit: !astropy.units.Unit {unit: nm}
#       value: !astropy.table.SerializedColumn {name: wavelength}
# schema: astropy-2.0
wavelength efficiency
[from data line 603]
903.0 0.00024020910132094286
904.0 0.0002475347628205782
905.0 0.00025486040158284595
906.0 0.0001529179257886426
907.0 5.097543862575549e-05
908.0 0.00010963085514958948
909.0 0.00016828629441079102
910.0 0.00014968651385061094
911.0 0.0001310867560277984
912.0 0.0001913034566314309
913.0 0.00025152021407848224
914.0 0.00017866914276964962
915.0 0.00010581807146081701
916.0 0.00017109749705923605
917.0 0.00023637692265765509
918.0 0.00010613993026709068
919.0 1.70721293005216e-10
920.0 4.214861348827981e-05
921.0 0.00010839426067832392
922.0 0.00010204826139670331
923.0 9.570229622113402e-05
924.0 0.00018725226027527242
925.0 0.0002788022356980946
926.0 0.0002951424221464549
927.0 0.00031148265406955034
928.0 0.00024083465177682228
929.0 0.0001701866267467267
930.0 0.0001290201453230111
931.0 8.785363547758607e-05
932.0 9.800121461012168e-05
933.0 0.0001081487880583154
934.0 0.00013925497341915616
935.0 0.00017036117014868069
936.0 0.00015764766203574254
937.0 0.0001449341539228044
938.0 5.320165428202017e-05
939.0 1.70721293005216e-10
940.0 0.00013420665254670894
941.0 0.00030694409360876307
942.0 0.00028100739655201323
943.0 0.0002550706994952634
944.0 0.00017362415292154765
945.0 9.21775665574387e-05
946.0 0.00029484090191544965
947.0 0.0004975043339072727
948.0 0.0005713657174055697
949.0 0.0006452272373280721
950.0 0.0006334424142551143
951.0 0.0006216575457074214
952.0 0.0005174356374482159
953.0 0.0004132138201384805
954.0 0.0007338092473219149
955.0 0.0010544047654548194
956.0 0.0008184374564734753
957.0 0.000582470556764747
958.0 0.0009573946044838522
959.0 0.0013323184248292819
960.0 0.001439800689695403
961.0 0.0015472831364604644
962.0 0.001702965710137505
963.0 0.001858647920016665
964.0 0.0019091919966740534
965.0 0.001959735709533561
966.0 0.0021275047402014025
967.0 0.0022952741346671246
968.0 0.0021950974769424647
969.0 0.002094921364914626
970.0 0.0021972909962642007
971.0 0.002299660809512716
972.0 0.002420984674245119
973.0 0.002542308357078582
974.0 0.002751695501501672
975.0 0.0029610830097226426
976.0 0.003125547300442122
977.0 0.00329001086356584
978.0 0.0033721189538482577
979.0 0.003454227407928556
980.0 0.0034530865377746522
981.0 0.0034519456676207483
982.0 0.0034183485695393756
983.0 0.0033847521990537643
984.0 0.003331299376441166
985.0 0.0032778476452222094
986.0 0.003142625791952014
987.0 0.0030074044843786396
988.0 0.0029967312002554536
989.0 0.002986057734233327
990.0 0.0028991311410209164
991.0 0.0028122049116063863
992.0 0.002831516212609131
993.0 0.0028508280593086965
994.0 0.0029085322239552625
995.0 0.002966236206702888
996.0 0.00301425316138193
997.0 0.0030622697522630915
998.0 0.002986457730003167
999.0 0.0029106458896421827
1000.0 0.002944488551293034
1001.0 0.002978331031044945
1002.0 0.003221490260330029
1003.0 0.0034646494896151125
1004.0 0.0037661015085177496
1005.0 0.004067553527420387
1006.0 0.004147955041844398
1007.0 0.00422835728386417
1008.0 0.004209535836707801
1009.0 0.00419071402575355
1010.0 0.004227727549732663
1011.0 0.004264741437509656
1012.0 0.004172014087089337
1013.0 0.004079286736669019
1014.0 0.004125644045416266
1015.0 0.004172002081759274
1016.0 0.0036605655623134226
1017.0 0.003149129406665452
1018.0 0.0027965394110651687
1019.0 0.002443949233565945
1020.0 0.0022026884835213423
1021.0 0.0019614271877799183
1022.0 0.0018020342395175248
1023.0 0.0016426409274572507
1024.0 0.0014275904504756909
1025.0 0.0012125397915951908
1026.0 0.0011673763765429612
1027.0 0.0011222134162380826
1028.0 0.0009553440577292349
1029.0 0.0007884749720687978
1030.0 0.0007887708306952845
1031.0 0.0007890666893217713
1032.0 0.0004911324140266515
1033.0 0.00019319820694363443
1034.0 0.00043844556785188615
1035.0 0.0006836928605480352
1036.0 0.0007792436008458026
1037.0 0.0008747944775677752
1038.0 0.0010678262697183527
1039.0 0.0012608581528184004
1040.0 0.0009782947017811239
1041.0 0.0006957315235922579
1042.0 0.0006710877642035484
1043.0 0.0006464438683906337
1044.0 0.0008207308383134659
1045.0 0.000995017762761563
1046.0 0.000877844649949111
1047.0 0.0007606714007124538
1048.0 0.0010457191820023581
1049.0 0.0013307672816154081
1050.0 0.0013419186871033162
1051.0 0.0013530703654396348
1052.0 0.0015800780602148734
1053.0 0.0018070855730911717
1054.0 0.0014411862139240839
1055.0 0.0010752869457064662
1056.0 0.0011949303370784037
1057.0 0.0013145740012987517
1058.0 0.0010960105100821238
1059.0 0.0008774469279160257
1060.0 0.0009889009561447892
1061.0 0.0011003549843735527
1062.0 0.0008406998858845327
1063.0 0.0005810447873955127
1064.0 0.000719273202776094
1065.0 0.0008575015272072051
1066.0 0.0011490554243209772
1067.0 0.001440609139535809
1068.0 0.0013259638762974646
1069.0 0.0012113187949580606
1070.0 0.0015089382031874266
1071.0 0.0018065577023662627
1072.0 0.0021087766072014347
1073.0 0.002410995693935547
1074.0 0.0024950195438577794
1075.0 0.002579043575678952
1076.0 0.0027887470423593186
1077.0 0.0029984506909386255
1078.0 0.0029195560273365118
1079.0 0.0028406615456333384
1080.0 0.0028021602702210657
1081.0 0.002763658994808793
1082.0 0.003359622132848017
1083.0 0.0039555856346851215
1084.0 0.0033850687032099813
1085.0 0.002814551771734841
1086.0 0.0029051310775685124
1087.0 0.0029957103834021837
1088.0 0.0033630611142143607
1089.0 0.0037304118450265378
1090.0 0.004064281893079169
1091.0 0.00439815157733392
1092.0 0.003990130790043622
1093.0 0.003582109638955444
1094.0 0.0031118626793613657
1095.0 0.002641616083565168
1096.0 0.0022466614609584212
1097.0 0.0018517064745537937
1098.0 0.0027792248147306964
1099.0 0.003706743154907599
1100.0 0.0027999491067021154
1101.0 0.0018931545127998106
