lsstCam/transmission_filter_detector/r13_s20/i_39/19700101T000000.ecsv
# %ECSV 1.0
# ---
# datatype:
# - {name: wavelength, unit: nm, datatype: float32}
# - {name: efficiency, unit: '%', datatype: float64}
# meta: !!omap
# - {MODE: DETECTOR}
# - {TYPE: transmission_filter_detector}
# - {CALIBDATE: '1970-01-01T00:00:00'}
# - {INSTRUME: LSSTCam}
# - {OBSTYPE: transmission_filter_detector}
# - {CALIBCLS: lsst.ip.isr.IntermediateFilterDetectorTransmissionCurve}
# - {SOURCE: Materion (DM-46256)}
# - {DETECTOR: 60}
# - {FILTER: i_39}
# - {CALIB_ID: 'calibDate=1970-01-01T00:00:00 filter=i_39 detector=60'}
# - {DATE: '2025-04-02T15:59:46.757032'}
# - {CALIB_CREATION_DATE: '2025-04-02'}
# - {CALIB_CREATION_TIME: '15:59:46'}
# - __serialized_columns__:
#     efficiency:
#       __class__: astropy.units.quantity.Quantity
#       unit: !astropy.units.Unit {unit: '%'}
#       value: !astropy.table.SerializedColumn {name: efficiency}
#     wavelength:
#       __class__: astropy.units.quantity.Quantity
#       unit: !astropy.units.Unit {unit: nm}
#       value: !astropy.table.SerializedColumn {name: wavelength}
# schema: astropy-2.0
wavelength efficiency
[from data line 600]
900.0 1.585112575051839e-10
901.0 1.585112575051839e-10
902.0 1.585112575051839e-10
903.0 1.585112575051839e-10
904.0 1.585112575051839e-10
905.0 1.585112575051839e-10
906.0 1.585112575051839e-10
907.0 5.7400842479182757e-05
908.0 0.00018978863636220922
909.0 1.585112575051839e-10
910.0 1.585112575051839e-10
911.0 1.585112575051839e-10
912.0 3.0025788078091864e-05
913.0 5.2553968998836353e-05
914.0 7.508216413043556e-05
915.0 1.585112575051839e-10
916.0 1.585112575051839e-10
917.0 1.585112575051839e-10
918.0 1.585112575051839e-10
919.0 1.585112575051839e-10
920.0 6.251531772250019e-05
921.0 1.585112575051839e-10
922.0 1.585112575051839e-10
923.0 1.585112575051839e-10
924.0 1.585112575051839e-10
925.0 6.736624413861136e-05
926.0 0.00020220334135956364
927.0 1.585112575051839e-10
928.0 1.585112575051839e-10
929.0 1.585112575051839e-10
930.0 0.0002258736685689655
931.0 0.00018772229850583244
932.0 0.00014957092844269937
933.0 0.0001332396664111002
934.0 0.00011690846122291987
935.0 1.585112575051839e-10
936.0 1.585112575051839e-10
937.0 1.585112575051839e-10
938.0 1.585112575051839e-10
939.0 1.585112575051839e-10
940.0 1.585112575051839e-10
941.0 1.585112575051839e-10
942.0 1.585112575051839e-10
943.0 1.585112575051839e-10
944.0 1.585112575051839e-10
945.0 1.585112575051839e-10
946.0 1.585112575051839e-10
947.0 1.585112575051839e-10
948.0 1.585112575051839e-10
949.0 1.585112575051839e-10
950.0 1.585112575051839e-10
951.0 1.585112575051839e-10
952.0 1.585112575051839e-10
953.0 1.585112575051839e-10
954.0 1.585112575051839e-10
955.0 6.053061696320583e-06
956.0 0.00017176814708363963
957.0 0.00015372437474070466
958.0 0.00013568053418566706
959.0 0.00012019487485304126
960.0 0.00010470924962646677
961.0 0.0001427189658897987
962.0 0.00018072869352181442
963.0 4.5154737904340436e-05
964.0 1.585112575051839e-10
965.0 1.585112575051839e-10
966.0 1.585112575051839e-10
967.0 1.585112575051839e-10
968.0 1.585112575051839e-10
969.0 1.585112575051839e-10
970.0 1.585112575051839e-10
971.0 1.585112575051839e-10
972.0 1.585112575051839e-10
973.0 1.585112575051839e-10
974.0 1.585112575051839e-10
975.0 1.585112575051839e-10
976.0 1.585112575051839e-10
977.0 1.585112575051839e-10
978.0 1.585112575051839e-10
979.0 1.585112575051839e-10
980.0 1.585112575051839e-10
981.0 1.585112575051839e-10
982.0 1.585112575051839e-10
983.0 1.585112575051839e-10
984.0 1.585112575051839e-10
985.0 8.531292223779019e-05
986.0 0.00021613107037410373
987.0 4.017599906092073e-05
988.0 1.585112575051839e-10
989.0 1.585112575051839e-10
990.0 1.585112575051839e-10
991.0 1.585112575051839e-10
992.0 1.585112575051839e-10
993.0 1.585112575051839e-10
994.0 5.209469122746668e-05
995.0 1.585112575051839e-10
996.0 1.585112575051839e-10
997.0 1.585112575051839e-10
998.0 0.00028578554065461503
999.0 0.00034254765068908455
1000.0 0.0003993097379861865
1001.0 0.000223145320887852
1002.0 4.698086684129521e-05
1003.0 8.308802534884308e-05
1004.0 0.00011919522648895509
1005.0 3.160188555284549e-05
1006.0 1.585112575051839e-10
1007.0 4.599888541179098e-05
1008.0 0.00014798927168158116
1009.0 0.00010385570021753665
1010.0 5.972207759441517e-05
1011.0 0.00011094770115960273
1012.0 0.00016217329630308086
1013.0 0.00031830138595978497
1014.0 0.0004744294983538566
1015.0 0.0003993533937318716
1016.0 0.0003242773345846217
1017.0 0.00044685075408779085
1018.0 0.0005694243554899003
1019.0 0.0004116569925827207
1020.0 0.00025388951598870335
1021.0 0.00022134663595352322
1022.0 0.00018880372181229177
1023.0 0.0005400454483606154
1024.0 0.0008912872544897255
1025.0 0.0006937053967703832
1026.0 0.0004961235845257761
1027.0 0.0004268840712029487
1028.0 0.0003576445578801213
1029.0 0.0007607744009874295
1030.0 0.0011639041986200027
1031.0 0.0018160395484301262
1032.0 0.0024681747163413092
1033.0 0.002616952042444609
1034.0 0.0027657286409521475
1035.0 0.0033199550671270117
1036.0 0.003874181493301876
1037.0 0.0038793717976659536
1038.0 0.0038845617382321507
1039.0 0.0033849184546852484
1040.0 0.0028852757168351673
1041.0 0.002678723649296444
1042.0 0.002472171763656661
1043.0 0.0031444753403775394
1044.0 0.003816778917098418
1045.0 0.003452940291026607
1046.0 0.003089102028752677
1047.0 0.0027569714802666567
1048.0 0.0024248411136795767
1049.0 0.0021973857656121254
1050.0 0.001969930417544674
1051.0 0.002018265877268277
1052.0 0.0020666015188908204
1053.0 0.001397726737195626
1054.0 0.0007288519555004314
1055.0 0.0006240266884560697
1056.0 0.0005192013759369729
1057.0 0.0007809181624907069
1058.0 0.0010426350854686461
1059.0 0.0009465913535677828
1060.0 0.0008505480764142703
1061.0 0.0016791596863185987
1062.0 0.002507770841475576
1063.0 0.0026706844437285326
1064.0 0.0028335978640825488
1065.0 0.0031958668841980398
1066.0 0.003558136086212471
1067.0 0.004219361289869994
1068.0 0.004880586129729636
1069.0 0.0038720445445505902
1070.0 0.0028635031412704848
1071.0 0.00296816087939078
1072.0 0.0030728184356121346
1073.0 0.0033247753890464082
1074.0 0.003576732342480682
1075.0 0.003559013202902861
1076.0 0.00354129406332504
1077.0 0.0028143605959485285
1078.0 0.002087426219077315
1079.0 0.0021333995391614735
1080.0 0.002179372859245632
1081.0 0.0014241990356822498
1082.0 0.0006690252575936029
1083.0 0.00017656327599979704
1084.0 1.585112575051839e-10
1085.0 0.0005843725830345647
1086.0 0.0014846443264104892
1087.0 0.0012131940820836462
1088.0 0.0009417438377568033
1089.0 1.585112575051839e-10
1090.0 1.585112575051839e-10
1091.0 1.585112575051839e-10
1092.0 1.585112575051839e-10
1093.0 1.585112575051839e-10
1094.0 0.0005755511210736586
1095.0 0.0006049371677363524
1096.0 0.0006343233508232515
1097.0 1.585112575051839e-10
1098.0 1.585112575051839e-10
1099.0 1.585112575051839e-10
1100.0 1.585112575051839e-10
