lsstCam/transmission_filter_detector/r13_s20/i_39/19700101T000000.ecsv
# %ECSV 1.0
# ---
# datatype:
# - {name: wavelength, unit: nm, datatype: float32}
# - {name: efficiency, unit: '%', datatype: float64}
# meta: !!omap
# - {MODE: DETECTOR}
# - {TYPE: transmission_filter_detector}
# - {CALIBDATE: '1970-01-01T00:00:00'}
# - {INSTRUME: LSSTCam}
# - {OBSTYPE: transmission_filter_detector}
# - {CALIBCLS: lsst.ip.isr.IntermediateFilterDetectorTransmissionCurve}
# - {SOURCE: Materion (DM-46256)}
# - {DETECTOR: 60}
# - {FILTER: i_39}
# - {CALIB_ID: 'calibDate=1970-01-01T00:00:00 filter=i_39 detector=60'}
# - {DATE: '2025-04-02T15:59:46.757032'}
# - {CALIB_CREATION_DATE: '2025-04-02'}
# - {CALIB_CREATION_TIME: '15:59:46'}
# - __serialized_columns__:
#     efficiency:
#       __class__: astropy.units.quantity.Quantity
#       unit: !astropy.units.Unit {unit: '%'}
#       value: !astropy.table.SerializedColumn {name: efficiency}
#     wavelength:
#       __class__: astropy.units.quantity.Quantity
#       unit: !astropy.units.Unit {unit: nm}
#       value: !astropy.table.SerializedColumn {name: wavelength}
# schema: astropy-2.0
wavelength efficiency
300.0 0.0805092800874263
301.0 0.03643561794888228
302.0 1.585112575051839e-10
303.0 0.020386332471389323
304.0 0.048410677118226886
305.0 0.03811089263763279
306.0 0.02781111397780478
307.0 0.00790014601079747
308.0 1.585112575051839e-10
309.0 1.585112575051839e-10
310.0 1.585112575051839e-10
311.0 1.585112575051839e-10
312.0 0.005570248322328553
313.0 0.000845864815346431
314.0 1.585112575051839e-10
315.0 1.585112575051839e-10
316.0 1.585112575051839e-10
317.0 1.585112575051839e-10
318.0 1.585112575051839e-10
319.0 1.585112575051839e-10
320.0 1.585112575051839e-10
321.0 1.585112575051839e-10
322.0 0.0001656857648413279
323.0 1.585112575051839e-10
324.0 1.585112575051839e-10
325.0 1.585112575051839e-10
326.0 1.585112575051839e-10
327.0 0.00015978633882696158
328.0 0.0035785680665867403
329.0 0.0025201818061759695
330.0 0.0014617958186136093
331.0 0.0015201459063973743
332.0 0.0015784966308274306
333.0 0.001990831697185058
334.0 0.002403166945441626
335.0 0.001741140840749722
336.0 0.001079115281754639
337.0 0.0018919483409263194
338.0 0.0027047814000979997
339.0 0.0026543877538642846
340.0 0.00260399428952951
341.0 1.585112575051839e-10
342.0 1.585112575051839e-10
343.0 1.585112575051839e-10
344.0 1.585112575051839e-10
345.0 1.585112575051839e-10
346.0 0.00018770000451695523
347.0 1.585112575051839e-10
348.0 1.585112575051839e-10
349.0 1.585112575051839e-10
350.0 1.585112575051839e-10
351.0 1.585112575051839e-10
352.0 0.0003346796802361496
353.0 1.585112575051839e-10
354.0 1.585112575051839e-10
355.0 1.585112575051839e-10
356.0 2.2537236077369016e-05
357.0 0.000523341759617324
358.0 0.001024146331474185
359.0 0.001212589177157497
360.0 0.0014010316590429284
361.0 0.0010880136869673152
362.0 0.0007749958967906423
363.0 0.00036414498936210293
364.0 1.585112575051839e-10
365.0 0.0008079447979980614
366.0 0.0016625957869109698
367.0 0.0011588398592721205
368.0 0.0006550839771080064
369.0 0.0008748022082727402
370.0 0.0010945206668111496
371.0 0.0011839144463010598
372.0 0.00127330822579097
373.0 0.0009491042874287814
374.0 0.0006249002581171226
375.0 1.585112575051839e-10
376.0 1.585112575051839e-10
377.0 1.585112575051839e-10
378.0 0.00023311267796088941
379.0 3.564582868875732e-05
380.0 1.585112575051839e-10
381.0 1.585112575051839e-10
382.0 1.585112575051839e-10
383.0 5.415204782366345e-05
384.0 0.0013801918612443842
385.0 0.00105693407022045
386.0 0.0007336760518228402
387.0 1.585112575051839e-10
388.0 1.585112575051839e-10
389.0 1.585112575051839e-10
390.0 1.585112575051839e-10
391.0 1.585112575051839e-10
392.0 1.585112575051839e-10
393.0 1.585112575051839e-10
394.0 0.000496759139423375
395.0 1.585112575051839e-10
396.0 1.585112575051839e-10
397.0 1.585112575051839e-10
398.0 1.585112575051839e-10
399.0 1.585112575051839e-10
400.0 1.585112575051839e-10
401.0 0.0012706597772194073
402.0 0.00292899403575575
403.0 0.002451644104439765
404.0 0.0019742947188206017
405.0 0.003150450356770307
406.0 0.0043266052671242505
407.0 0.0014947159797884524
408.0 1.585112575051839e-10
409.0 1.585112575051839e-10
410.0 0.0006641383151873015
411.0 0.0022048938262742013
412.0 0.003745649883057922
413.0 0.003983683564001694
414.0 0.004221718700136989
415.0 0.0033417451049899682
416.0 0.002461771873640828
417.0 0.001948677163454704
418.0 0.0014355820894706994
419.0 0.0034339547710260376
420.0 0.005432327088783495
421.0 0.004523543975665234
422.0 0.0036147601349512115
423.0 0.004535240077530034
424.0 0.005455719292513095
425.0 0.003923113763448782
426.0 0.0023905071429908276
427.0 0.0035329765523783863
428.0 0.004675445961765945
429.0 0.005242565384833142
430.0 0.005809685535496101
431.0 0.004415865987539291
432.0 0.0030220471671782434
433.0 0.0034974083973793313
434.0 0.003972769627580419
435.0 0.0030666818929603323
436.0 0.0021605936126434244
437.0 0.0017712132830638438
438.0 0.0013818329534842633
439.0 0.001809710738598369
440.0 0.0022375888875103556
441.0 0.0005327087819750886
442.0 1.585112575051839e-10
443.0 1.585112575051839e-10
444.0 1.585112575051839e-10
445.0 1.585112575051839e-10
446.0 1.585112575051839e-10
447.0 2.1608975941944664e-05
448.0 0.0006755858976248419
449.0 1.585112575051839e-10
450.0 1.585112575051839e-10
451.0 0.00019995245565951336
452.0 0.0010841506991710048
453.0 0.0015142591109906789
454.0 0.0019443679775577039
455.0 0.001761836938385386
456.0 0.0015793060811120085
457.0 0.0012245774996699765
458.0 0.0008698488272784743
459.0 0.0004510368853516411
460.0 3.222481836928637e-05
461.0 0.00036345959415484685
462.0 0.0006946943813090911
463.0 0.00025160743462038226
464.0 1.585112575051839e-10
465.0 0.00015962732504704036
466.0 0.0005107341166876722
467.0 0.0007196216301963432
468.0 0.0009285092346544843
469.0 0.0006015865437802859
470.0 0.0002746639893302927
471.0 0.00036897624795528827
472.0 0.00046328855205501895
473.0 0.0008364948371308856
474.0 0.0012097012586309575
475.0 0.000760278044253937
476.0 0.00031085507998795947
477.0 0.0008750393135414924
478.0 0.0014392235243576579
479.0 0.0013357546777115203
480.0 0.0012322858310653828
481.0 0.002585800757515244
482.0 0.003939314410672523
483.0 0.005453731864690781
484.0 0.0069681489549111575
485.0 0.00838310006656684
486.0 0.009798051905818284
487.0 0.012098134175175801
488.0 0.014398216444533318
489.0 0.01744486653478816
490.0 0.020491516625043005
491.0 0.02242831396870315
492.0 0.02436511276755482
493.0 0.025431823451071978
494.0 0.02649853704497218
495.0 0.0232013437198475
496.0 0.019904144573956728
497.0 0.01624871074454859
498.0 0.012593275459948927
499.0 0.008961543790064752
500.0 0.005329811392584816
501.0 0.004028710100101307
502.0 0.0027276093533146195
503.0 0.002523554030631203
504.0 0.0023194985260488465
505.0 0.0020813859009649605
506.0 0.0018432732758810744
507.0 0.0016559386494918726
508.0 0.0014686037502542604
509.0 0.0016340436559403315
510.0 0.0017994836525758728
511.0 0.0014830969121248927
512.0 0.0011667102626233827
513.0 0.0015624598745489493
514.0 0.001958209577423986
515.0 0.0025769892090465873
516.0 0.003195769022568129
517.0 0.0025735671442816965
518.0 0.001951365265995264
519.0 0.0020804511223104782
520.0 0.0022095371605246328
521.0 0.0017060820027836598
522.0 0.001202626935992157
523.0 0.0013195278370403685
524.0 0.0014364289199875202
525.0 0.001980058368644677
526.0 0.002523687908251304
527.0 0.0024871374989743344
528.0 0.002450587271596305
529.0 0.0019021661501028575
530.0 0.00135374502860941
531.0 0.001360484202450607
532.0 0.0013672235581907444
533.0 0.001418047395418398
534.0 0.0014688712326460518
535.0 0.00164187113114167
536.0 0.0018148710296372883
537.0 0.0026402291041449644
538.0 0.0034655869967537
539.0 0.0040589900891063735
540.0 0.004652393545256928
541.0 0.005381272058002651
542.0 0.006110150570748374
543.0 0.005103700823383406
544.0 0.0040972514398163185
545.0 0.003255995034123771
546.0 0.0024147391741280444
547.0 0.0019321618310641497
548.0 0.001449584397050785
549.0 0.0017576685422682203
550.0 0.002065752778435126
551.0 0.001842693382059224
552.0 0.0016196341675822623
553.0 0.0015725227058283053
554.0 0.0015254113350238185
555.0 0.0011798713785537984
556.0 0.0008343313311343081
557.0 0.0007246459972520825
558.0 0.0006149606633698568
559.0 0.00022407734832086135
560.0 1.585112575051839e-10
561.0 0.0005664251148118638
562.0 0.0012996562873013318
563.0 0.0015182395145529881
564.0 0.0017368229237035848
565.0 0.0014248826119001023
566.0 0.0011129426638945006
567.0 0.000734538798496942
568.0 0.0003561349330993835
569.0 0.0005107307060825406
570.0 0.0006653262516920222
571.0 0.00047235344027285464
572.0 0.00027938060611631954
573.0 0.00034006186524493387
574.0 0.0004007432380603859
575.0 0.00041336543290526606
576.0 0.000425987536800676
577.0 0.0004942558916809503
578.0 0.0005625242920359597
579.0 0.0002728742174440413
580.0 1.585112575051839e-10
581.0 0.00012666527027249685
582.0 0.0002701063976928708
583.0 0.0004081314273207681
584.0 0.0005461563887365628
585.0 0.0006965804914216278
586.0 0.000847004685056163
587.0 0.0008506674930686131
588.0 0.000854330210131593
589.0 0.0006599498192372266
590.0 0.0004655693828681251
591.0 0.0006513720563816605
592.0 0.0008371748663194012
593.0 0.0005668950507242698
594.0 0.00029661518965440337
595.0 0.0006023810783517547
596.0 0.0009081469215743709
597.0 0.0007333765552175464
598.0 0.0005586062798101921
599.0 0.0005626414804282831
600.0 0.0005666764991474338
601.0 0.0004454559530131519
602.0 0.00032423540687887
603.0 0.0002290287511641509
604.0 0.00013382198176259408
605.0 0.0001912267634907039
606.0 0.00024863152248144615
607.0 0.00041268772292823996
608.0 0.0005767437869508285
609.0 0.0005152064204594353
610.0 0.0004536687811196316
611.0 0.0006438414857257158
612.0 0.0008340142812812701
613.0 0.0005320423497323645
614.0 0.0002300705318702967
615.0 1.585112575051839e-10
616.0 1.585112575051839e-10
617.0 1.585112575051839e-10
618.0 0.00012235281019457034
619.0 0.000230389764510619
620.0 0.00033842679840745404
621.0 0.0005348934791982174
622.0 0.0007313601599889807
623.0 0.0005704867362510413
624.0 0.00040961331251310185
625.0 0.00034564759516797494
626.0 0.0002816819005602156
627.0 0.00025369174636580283
628.0 0.00022570159217139008
629.0 0.0004537832410278497
630.0 0.0006818650035711471
631.0 0.0005535226591746323
632.0 0.00042518031477811746
633.0 0.00040430427361570764
634.0 0.00038342818697856274
635.0 0.000352209781340207
636.0 0.00032099128475238103
637.0 0.00031739532460051123
638.0 0.00031379922802443616
639.0 0.000608038999416749
640.0 0.0009022786798595916
641.0 0.000641531642031623
642.0 0.00038078455872891936
643.0 0.0006491717613243964
644.0 0.0009175590093946084
645.0 0.0007715809260844253
646.0 0.0006256030701479176
647.0 0.000759857948651188
648.0 0.0008941133273765445
649.0 0.000780627851781901
650.0 0.0006671423307125224
651.0 0.0008855285159370396
652.0 0.0011039148375857621
653.0 0.0012207367944938596
654.0 0.0013375585695030168
655.0 0.001942036033142358
656.0 0.0025465134967816994
657.0 0.0035277262213639915
658.0 0.0045089378545526415
659.0 0.00722488621249795
660.0 0.0820539309643209
661.0 0.07171954493969679
662.0 0.10869377292692661
663.0 0.11122393188998103
664.0 0.11975120287388563
665.0 0.20809925626963377
666.0 0.18728922586888075
667.0 0.1921457122080028
668.0 0.258335517719388
669.0 0.3821612102910876
670.0 0.5467679351568222
671.0 0.8045243099331856
672.0 1.2889268808066845
673.0 1.8833858892321587
674.0 2.7432842180132866
675.0 3.764136880636215
676.0 4.904688894748688
677.0 6.28674179315567
678.0 7.6927244663238525
679.0 9.256574511528015
680.0 11.391495168209076
681.0 13.661827147006989
682.0 16.26393496990204
683.0 19.107353687286377
684.0 22.098253667354584
685.0 24.998869001865387
686.0 27.961933612823486
687.0 31.30749762058258
688.0 34.75475311279297
689.0 38.36880624294281
690.0 42.60053634643555
691.0 47.17404246330261
692.0 52.62576937675476
693.0 58.20680856704712
694.0 64.38260078430176
695.0 70.2379584312439
696.0 76.44387483596802
697.0 81.78696036338806
698.0 87.09200024604797
699.0 90.88913202285767
700.0 93.59872937202454
701.0 95.3962504863739
702.0 96.68210744857788
703.0 97.21983075141907
704.0 97.34867215156555
705.0 97.69580960273743
706.0 97.65174388885498
707.0 97.67186641693115
708.0 97.78733849525452
709.0 97.90992736816406
710.0 97.66182899475098
711.0 97.88861274719238
712.0 97.79400825500488
713.0 97.92709350585938
714.0 97.9697048664093
715.0 98.10913801193237
716.0 97.92606830596924
717.0 98.05935025215149
718.0 98.1464147567749
719.0 97.99333810806274
720.0 98.19039106369019
721.0 98.00199866294861
722.0 97.64883518218994
723.0 97.3673939704895
724.0 97.13087677955627
725.0 97.00218439102173
726.0 96.7631995677948
727.0 96.54433131217957
728.0 96.45752310752869
729.0 96.24053239822388
730.0 96.35936617851257
731.0 96.42372727394104
732.0 96.52351140975952
733.0 96.87726497650146
734.0 97.20783233642578
735.0 97.35268354415894
736.0 97.73182272911072
737.0 98.06604385375977
738.0 98.33271503448486
739.0 98.54510426521301
740.0 98.64106774330139
741.0 98.49273562431335
742.0 98.86713027954102
743.0 98.72908592224121
744.0 98.43898415565491
745.0 98.46283793449402
746.0 98.53092432022095
747.0 98.64968657493591
748.0 98.4972596168518
749.0 98.44256639480591
750.0 98.39555621147156
751.0 98.35512638092041
752.0 98.26540946960449
753.0 98.45357537269592
754.0 98.37814569473267
755.0 98.56282472610474
756.0 98.4906792640686
757.0 98.57265949249268
758.0 98.64116907119751
759.0 98.79105687141418
760.0 98.62062931060791
761.0 98.54971766471863
762.0 98.59896302223206
763.0 98.52097630500793
764.0 98.42952489852905
765.0 98.46221804618835
766.0 98.48582744598389
767.0 98.17023277282715
768.0 98.20305705070496
769.0 98.193359375
770.0 97.91186451911926
771.0 97.9645848274231
772.0 97.93973565101624
773.0 97.77560234069824
774.0 97.70671129226685
775.0 97.76626229286194
776.0 97.6734459400177
777.0 97.76406288146973
778.0 97.83796668052673
779.0 97.93840050697327
780.0 97.99631237983704
781.0 98.31829071044922
782.0 98.33087921142578
783.0 98.40567708015442
784.0 98.46782684326172
785.0 98.47151637077332
786.0 98.59169721603394
787.0 98.35010170936584
788.0 98.471200466156
789.0 98.50620627403259
790.0 98.36992621421814
791.0 98.39237928390503
792.0 98.26816916465759
793.0 98.22646975517273
794.0 98.15912246704102
795.0 97.83794283866882
796.0 97.88427352905273
797.0 97.86097407341003
798.0 97.77028560638428
799.0 97.6607620716095
800.0 97.4351167678833
801.0 97.40656614303589
802.0 97.1777081489563
803.0 96.77491784095764
804.0 96.18570804595947
805.0 95.33444046974182
806.0 94.42698359489441
807.0 92.90456175804138
808.0 91.25511050224304
809.0 89.29360508918762
810.0 86.93203330039978
811.0 84.17261242866516
812.0 80.89810609817505
813.0 77.24441885948181
814.0 73.09158444404602
815.0 68.69171857833862
816.0 64.37119841575623
817.0 59.620487689971924
818.0 54.71915006637573
819.0 50.65024495124817
820.0 45.8815723657608
821.0 41.49923920631409
822.0 37.05097436904907
823.0 32.46225416660309
824.0 27.879077196121216
825.0 23.664484918117523
826.0 19.264031946659088
827.0 14.791342616081238
828.0 11.001347005367279
829.0 7.745341956615448
830.0 4.828445985913277
831.0 3.1268734484910965
832.0 1.8264543265104294
833.0 1.0633590631186962
834.0 0.5993850529193878
835.0 0.34268132876604795
836.0 0.20359668415039778
837.0 0.16282631549984217
838.0 0.03481483436189592
839.0 0.02958117693196982
840.0 0.04532025777734816
841.0 1.585112575051839e-10
842.0 1.585112575051839e-10
843.0 1.585112575051839e-10
844.0 1.585112575051839e-10
845.0 0.003241249214624986
846.0 1.585112575051839e-10
847.0 1.585112575051839e-10
848.0 1.585112575051839e-10
849.0 0.00021885650767217157
850.0 1.585112575051839e-10
851.0 1.585112575051839e-10
852.0 0.0004767462087329477
853.0 0.0010261668649036437
854.0 0.00157558770297328
855.0 0.001235897434526123
856.0 0.0008962071660789661
857.0 0.00099799153758795
858.0 0.0010997755452990532
859.0 0.0006269794084801106
860.0 0.00015418320344906533
861.0 0.0001933545490828692
862.0 0.0002325257582924678
863.0 6.909390890541545e-05
864.0 1.585112575051839e-10
865.0 1.585112575051839e-10
866.0 1.585112575051839e-10
867.0 2.757898016625404e-05
868.0 6.258585472096456e-05
869.0 1.585112575051839e-10
870.0 1.585112575051839e-10
871.0 6.712260187669017e-05
872.0 0.00028565636966959573
873.0 0.0002569022399256937
874.0 0.00022814808744442416
875.0 0.00022271285615715897
876.0 0.00021727764760726131
877.0 1.585112575051839e-10
878.0 1.585112575051839e-10
879.0 2.123610016724342e-05
880.0 0.0004226275905239163
881.0 0.00015090329270606162
882.0 1.585112575051839e-10
883.0 9.48341266848729e-05
884.0 0.0003104892812189064
885.0 0.00016740968931117095
886.0 2.4330120140803047e-05
887.0 8.455175475319265e-05
888.0 0.00014477340073426603
889.0 3.0325608690873196e-05
890.0 1.585112575051839e-10
891.0 3.0433295705734054e-05
892.0 0.00014498874634227832
893.0 0.0002521590658943751
894.0 0.00035932939681515563
895.0 8.855403166307951e-06
896.0 1.585112575051839e-10
897.0 1.585112575051839e-10
898.0 1.585112575051839e-10
