lsstCam/transmission_filter_detector/r34_s02/z_20/19700101T000000.ecsv
# %ECSV 1.0
# ---
# datatype:
# - {name: wavelength, unit: nm, datatype: float32}
# - {name: efficiency, unit: '%', datatype: float64}
# meta: !!omap
# - {MODE: DETECTOR}
# - {TYPE: transmission_filter_detector}
# - {CALIBDATE: '1970-01-01T00:00:00'}
# - {INSTRUME: LSSTCam}
# - {OBSTYPE: transmission_filter_detector}
# - {CALIBCLS: lsst.ip.isr.IntermediateFilterDetectorTransmissionCurve}
# - {SOURCE: Materion (DM-46256)}
# - {DETECTOR: 155}
# - {FILTER: z_20}
# - {CALIB_ID: 'calibDate=1970-01-01T00:00:00 filter=z_20 detector=155'}
# - {DATE: '2025-04-02T15:59:49.360054'}
# - {CALIB_CREATION_DATE: '2025-04-02'}
# - {CALIB_CREATION_TIME: '15:59:49'}
# - __serialized_columns__:
#     efficiency:
#       __class__: astropy.units.quantity.Quantity
#       unit: !astropy.units.Unit {unit: '%'}
#       value: !astropy.table.SerializedColumn {name: efficiency}
#     wavelength:
#       __class__: astropy.units.quantity.Quantity
#       unit: !astropy.units.Unit {unit: nm}
#       value: !astropy.table.SerializedColumn {name: wavelength}
# schema: astropy-2.0
wavelength efficiency
300.0 0.38997624069452286
301.0 0.3292286768555641
302.0 0.26848113629966974
303.0 0.2462947741150856
304.0 0.22410841193050146
305.0 0.1889941282570362
306.0 0.1538798213005066
307.0 0.15258188359439373
308.0 0.15128393424674869
309.0 0.140466564334929
310.0 0.1296491944231093
311.0 0.12681051157414913
312.0 0.1239718054421246
313.0 0.11747349053621292
314.0 0.11097517563030124
315.0 0.09766123257577419
316.0 0.08434727787971497
317.0 0.07429207907989621
318.0 0.06423688610084355
319.0 0.06383845466189086
320.0 0.06344002322293818
321.0 0.06022164598107338
322.0 0.05700326291844249
323.0 0.054184155305847526
324.0 0.051365047693252563
325.0 0.04641295818146318
326.0 0.0414608686696738
327.0 0.03877603157889098
328.0 0.03609119448810816
329.0 0.032770802499726415
330.0 0.029450413421727717
331.0 0.030281150247901678
332.0 0.031111889984458685
333.0 0.029434304451569915
334.0 0.0277567160082981
335.0 0.02783278760034591
336.0 0.02790885919239372
337.0 0.02419015800114721
338.0 0.020471453899517655
339.0 0.019068867550231516
340.0 0.017666281200945377
341.0 0.017208780627697706
342.0 0.01675127714406699
343.0 0.01602495467523113
344.0 0.015298632206395268
345.0 0.013030726404394954
346.0 0.010762816236820072
347.0 0.012705689005088061
348.0 0.014648560318164527
349.0 0.013902741193305701
350.0 0.013156920613255352
351.0 0.012365594739094377
352.0 0.011574271775316447
353.0 0.013128660793881863
354.0 0.014683052722830325
355.0 0.012799660908058286
356.0 0.010916269093286246
357.0 0.010681991261662915
358.0 0.010447711974848062
359.0 0.010174804629059508
360.0 0.009901897283270955
361.0 0.009071257954929024
362.0 0.008240619354182854
363.0 0.008362744119949639
364.0 0.008484868158120662
365.0 0.008088762842817232
366.0 0.007692657527513802
367.0 0.0077687123848591
368.0 0.00784476796980016
369.0 0.008281131886178628
370.0 0.008717495802557096
371.0 0.00837376355775632
372.0 0.008030030585359782
373.0 0.007428565004374832
374.0 0.006827099423389882
375.0 0.006418385601136833
376.0 0.006009670687490143
377.0 0.006223621312528849
378.0 0.006437572301365435
379.0 0.006092259718570858
380.0 0.005746947499574162
381.0 0.005442006658995524
382.0 0.005137065818416886
383.0 0.005062891068519093
384.0 0.0049887159548234195
385.0 0.004828647433896549
386.0 0.004668578549171798
387.0 0.004757258648169227
388.0 0.004845939110964537
389.0 0.004893398727290332
390.0 0.004940858343616128
391.0 0.004234310836181976
392.0 0.0035277636925457045
393.0 0.0036966528568882495
394.0 0.003865542385028675
395.0 0.003637983900262043
396.0 0.0034104257792932913
397.0 0.0037663252442143857
398.0 0.00412222470913548
399.0 0.004256248939782381
400.0 0.004390273534227163
401.0 0.004512850864557549
402.0 0.004635428194887936
403.0 0.0044324577174847946
404.0 0.004229487603879534
405.0 0.00331138726323843
406.0 0.002393287286395207
407.0 0.003285728962509893
408.0 0.00417817136622034
409.0 0.003264818951720372
410.0 0.002351467264816165
411.0 0.0030766223062528297
412.0 0.0038017773476894945
413.0 0.0039546786865685135
414.0 0.0041075800254475325
415.0 0.004020244887215085
416.0 0.003932910112780519
417.0 0.0032577027013758197
418.0 0.0025824956537690014
419.0 0.0031891049729892984
420.0 0.003795714656007476
421.0 0.0036851608456345275
422.0 0.003574607035261579
423.0 0.003285069396952167
424.0 0.002995531576743815
425.0 0.002711971137614455
426.0 0.0024284105165861547
427.0 0.00238671746046748
428.0 0.002345024222449865
429.0 0.0023434844479197636
430.0 0.0023419448552886024
431.0 0.0018393422578810714
432.0 0.00133673938762513
433.0 0.0016747135305195116
434.0 0.002012687582464423
435.0 0.002255739309475757
436.0 0.0024987910364870913
437.0 0.0023476550268242136
438.0 0.0021965188352623954
439.0 0.0022436661311076023
440.0 0.0022908132450538687
441.0 0.0025117262339335866
442.0 0.0027326392228133045
443.0 0.0028749785997206345
444.0 0.003017318158526905
445.0 0.002783065974654164
446.0 0.002548813972680364
447.0 0.0024388142264797352
448.0 0.0023288144802791066
449.0 0.001952796446857974
450.0 0.0015767785953357816
451.0 0.0016917449102038518
452.0 0.001806711225071922
453.0 0.0014485196516034193
454.0 0.0010903280781349167
455.0 0.0011822040505649056
456.0 0.0012740802048938349
457.0 0.0012532755135907792
458.0 0.0012324707313382532
459.0 0.0018072722014039755
460.0 0.002382073398621287
461.0 0.0017284846762777306
462.0 0.0010748962267825846
463.0 0.0010803693839989137
464.0 0.0010858425412152428
465.0 0.0012834557310270611
466.0 0.0014810691027378198
467.0 0.0014041287613508757
468.0 0.0013271881471155211
469.0 0.0012232253538968507
470.0 0.0011192624697287101
471.0 0.0010496580216567963
472.0 0.000980053755483823
473.0 0.0010698120604502037
474.0 0.0011595703654165845
475.0 0.0011718672794813756
476.0 0.0011841641025966965
477.0 0.0015216935025819112
478.0 0.0018592229025671259
479.0 0.001813447852327954
480.0 0.0017676728020887822
481.0 0.0016991434677038342
482.0 0.0016306144971167669
483.0 0.0012983192391402554
484.0 0.0009660238902142737
485.0 0.001257163876289269
486.0 0.001548303771414794
487.0 0.0014826304322923534
488.0 0.001416957275068853
489.0 0.0016034720829338767
490.0 0.0017899870726978406
491.0 0.0016909236364881508
492.0 0.001591860200278461
493.0 0.0017748312529874966
494.0 0.001957802669494413
495.0 0.0018141015971195884
496.0 0.001670400524744764
497.0 0.0015736612112959847
498.0 0.0014769218978472054
499.0 0.0013315912838152144
500.0 0.0011862607607326936
501.0 0.0011686926882248372
502.0 0.0011511245247675106
503.0 0.0012725980013783555
504.0 0.0013940715689386707
505.0 0.0017412874512956478
506.0 0.0020885030608042143
507.0 0.0014956272934796289
508.0 0.0009027515261550434
509.0 0.0012967487236892339
510.0 0.0016907461031223647
511.0 0.0016577037968090735
512.0 0.001624661308596842
513.0 0.001261783836525865
514.0 0.000898906455404358
515.0 0.0010414790267532226
516.0 0.001184051507152617
517.0 0.0011881586942763533
518.0 0.0011922661542485002
519.0 0.001304035777138779
520.0 0.0014158054000290576
521.0 0.0013788680007564835
522.0 0.0013419306014839094
523.0 0.001607418198545929
524.0 0.0018729055227595381
525.0 0.001435190461052116
526.0 0.0009974752174457535
527.0 0.0010554258551565
528.0 0.0011133765838167164
529.0 0.001325595803791657
530.0 0.0015378149328171276
531.0 0.001427170900569763
532.0 0.0013165268683223985
533.0 0.0012595202861120924
534.0 0.0012025136129523162
535.0 0.0013373732144827954
536.0 0.001472232997912215
537.0 0.0015834029909456149
538.0 0.0016945730749284849
539.0 0.001519577290309826
540.0 0.0013445813237922266
541.0 0.0010371792086516507
542.0 0.00072977722993528
543.0 0.0008127266482915729
544.0 0.0008956762030720711
545.0 0.001147577950177947
546.0 0.0013994796063343529
547.0 0.0015147298654483166
548.0 0.0016299802155117504
549.0 0.001793935189198237
550.0 0.001957889980985783
551.0 0.001982234425668139
552.0 0.0020065790522494353
553.0 0.002047637644864153
554.0 0.002088696237478871
555.0 0.0016941879948717542
556.0 0.0012996796613151673
557.0 0.0014258696864999365
558.0 0.0015520599845331162
559.0 0.001276094735658262
560.0 0.0010001293958339375
561.0 0.0011977594112977386
562.0 0.0013953895177110098
563.0 0.0016141351807164028
564.0 0.0018328810256207362
565.0 0.002061478153336793
566.0 0.0022900754629517905
567.0 0.0024052878870861605
568.0 0.0025205003112205304
569.0 0.002684628816496115
570.0 0.002848757867468521
571.0 0.002533959013817366
572.0 0.0022191601601662114
573.0 0.0019252769561717287
574.0 0.0016313935702783056
575.0 0.0017129821571870707
576.0 0.0017945705621968955
577.0 0.0019028197129955515
578.0 0.0020110683180973865
579.0 0.002059755024674814
580.0 0.002108441731252242
581.0 0.0020994040824007243
582.0 0.0020903667973470874
583.0 0.002118619522661902
584.0 0.0021468726117745973
585.0 0.002283026151417289
586.0 0.002419179872958921
587.0 0.0018184711734647863
588.0 0.0012177624739706516
589.0 0.0013658017451234628
590.0 0.0015138411981752142
591.0 0.0016395249986089766
592.0 0.0017652091628406197
593.0 0.0012786507795681246
594.0 0.0007920925781945698
595.0 0.000965615163295297
596.0 0.0011391373845981434
597.0 0.0008140461432049051
598.0 0.0004889548563369317
599.0 0.0009191048775392119
600.0 0.0013492547623172868
601.0 0.0012741353202727623
602.0 0.0011990157872787677
603.0 0.0015221444300550502
604.0 0.0018452728909323923
605.0 0.001626241282792762
606.0 0.0014072095837036613
607.0 0.0013734053027292248
608.0 0.0013396012946031988
609.0 0.001192502531921491
610.0 0.0010454038601892535
611.0 0.0010673591532395221
612.0 0.0010893142643908504
613.0 0.0012604154107975774
614.0 0.0014315167391032446
615.0 0.0013348773791221902
616.0 0.0012382380191411357
617.0 0.0014135615856503136
618.0 0.0015888852431089617
619.0 0.0015572324628010392
620.0 0.001525579864392057
621.0 0.001648953912081197
622.0 0.0017723274140735157
623.0 0.001433405304851476
624.0 0.0010944828318315558
625.0 0.0011974044355156366
626.0 0.0013003259482502472
627.0 0.0015511497622355819
628.0 0.0018019734852714464
629.0 0.001834747672546655
630.0 0.0018675218598218635
631.0 0.0022232727133086883
632.0 0.0025790232029976323
633.0 0.0029621822250192054
634.0 0.0033453412470407784
635.0 0.005982401125947945
636.0 0.008619461004855111
637.0 0.015288199938368052
638.0 0.0219569425098598
639.0 0.0201066373847425
640.0 0.018256335170008242
641.0 0.015501373854931444
642.0 0.012746411084663123
643.0 0.009383591532241553
644.0 0.00602077052462846
645.0 0.006400023266905919
646.0 0.0067792767367791384
647.0 0.006361742998706177
648.0 0.005944209624431096
649.0 0.004701819125330076
650.0 0.0034594286262290552
651.0 0.0035698692954611033
652.0 0.0036803096008952707
653.0 0.0030183500712155364
654.0 0.0023563901777379215
655.0 0.0023644837710889988
656.0 0.0023725770006421953
657.0 0.0025537883630022407
658.0 0.002734999179665465
659.0 0.0021398507669800892
660.0 0.0015447019904968329
661.0 0.0020164896341157146
662.0 0.002488277095835656
663.0 0.002212833715020679
664.0 0.0019373906980035827
665.0 0.0018163334971177392
666.0 0.0016952766600297764
667.0 0.0016677769963280298
668.0 0.0016402773326262832
669.0 0.0015926036212476902
670.0 0.0015449297279701568
671.0 0.0015151876141317189
672.0 0.0014854452274448704
673.0 0.0014280053619586397
674.0 0.0013705652236239985
675.0 0.0014051885955268517
676.0 0.0014398117855307646
677.0 0.001448979583074106
678.0 0.0014581475625163876
679.0 0.0015125894606171641
680.0 0.001567031540616881
681.0 0.001814971983549185
682.0 0.0020629126083804294
683.0 0.0023319491447182372
684.0 0.0026009854991571046
685.0 0.0025222214389941655
686.0 0.002443457742629107
687.0 0.002049553040706087
688.0 0.001655648520682007
689.0 0.0023049295123200864
690.0 0.0029542108677560464
691.0 0.002687928827072028
692.0 0.00242164696828695
693.0 0.0026491336029721424
694.0 0.0028766202376573347
695.0 0.0032802014175103977
696.0 0.0036837824154645205
697.0 0.004214382352074608
698.0 0.004744981924886815
699.0 0.006155006121844053
700.0 0.007565029955003411
701.0 0.007568243745481595
702.0 0.00757145753595978
703.0 0.006559349276358262
704.0 0.00554723956156522
705.0 0.004674259980674833
706.0 0.0038012807635823265
707.0 0.0034483768104109913
708.0 0.003095472857239656
709.0 0.003788246976910159
710.0 0.004481020732782781
711.0 0.0040533635910833254
712.0 0.0036257064493838698
713.0 0.0026533300115261227
714.0 0.0016809535736683756
715.0 0.0020556031813612208
716.0 0.002430252243357245
717.0 0.0019017696104128845
718.0 0.0013732867046201136
719.0 0.0015644913219148293
720.0 0.0017556962120579556
721.0 0.0017386366380378604
722.0 0.0017215768821188249
723.0 0.0020529765606625006
724.0 0.0023843762392061763
725.0 0.0016264903024421073
726.0 0.000868604638526449
727.0 0.0009676629815658089
728.0 0.0010667211427062284
729.0 0.0012432282346708234
730.0 0.0014197353266354185
731.0 0.0009775882972462568
732.0 0.0005354414042813005
733.0 0.0011332929716445506
734.0 0.001731144766381476
735.0 0.0016987192793749273
736.0 0.0016662937923683785
737.0 0.0013068179214315023
738.0 0.0009473418685956858
739.0 0.001452107335353503
740.0 0.00195687280211132
741.0 0.0017111095075961202
742.0 0.00146534603118198
743.0 0.0017452670363127254
744.0 0.002025188041443471
745.0 0.0019197410438209772
746.0 0.001814294228097424
747.0 0.00198526668100385
748.0 0.0021562393158092164
749.0 0.0027108340873382986
750.0 0.003265429040766321
751.0 0.0027780803065979853
752.0 0.00229073175432859
753.0 0.0028375652618706226
754.0 0.003384398587513715
755.0 0.002634915836097207
756.0 0.0018854329027817585
757.0 0.002040821891569067
758.0 0.0021962106984574348
759.0 0.002466966543579474
760.0 0.002737722206802573
761.0 0.004845190414926037
762.0 0.006952659168746322
763.0 0.006588253017980605
764.0 0.006223850505193695
765.0 0.005426830830401741
766.0 0.004629812247003429
767.0 0.004675432137446478
768.0 0.004721052391687408
769.0 0.005272452835924923
770.0 0.005823853280162439
771.0 0.005393070750869811
772.0 0.004962288221577182
773.0 0.004723596066469327
774.0 0.00448490354756359
775.0 1.7150305698168666e-10
776.0 0.055674638133496046
777.0 1.7150305698168666e-10
778.0 0.025006441865116358
779.0 0.04525188996922225
780.0 1.7150305698168666e-10
781.0 0.015997327864170074
782.0 0.06579426117241383
783.0 1.7150305698168666e-10
784.0 0.013343928731046617
785.0 0.07026995881460607
786.0 1.7150305698168666e-10
787.0 1.7150305698168666e-10
788.0 1.7150305698168666e-10
789.0 1.7150305698168666e-10
790.0 1.7150305698168666e-10
791.0 1.7150305698168666e-10
792.0 1.7150305698168666e-10
793.0 1.7150305698168666e-10
794.0 0.07716640830039978
795.0 0.059257925022393465
796.0 0.10273578809574246
797.0 0.1575908623635769
798.0 0.12031843652948737
799.0 0.24654711596667767
800.0 0.5131485871970654
801.0 0.8926674723625183
802.0 1.485445722937584
803.0 2.22825575619936
804.0 3.4566730260849
805.0 5.096667259931564
806.0 7.131850719451904
807.0 9.68603566288948
808.0 12.339633703231812
809.0 15.455736219882965
810.0 18.78875195980072
811.0 21.822966635227203
812.0 25.426271557807922
813.0 29.879310727119446
814.0 34.40167307853699
815.0 39.6040141582489
816.0 45.5262690782547
817.0 52.4366557598114
818.0 59.26855206489563
819.0 65.78909754753113
820.0 73.17612171173096
821.0 80.12107014656067
822.0 85.00758409500122
823.0 88.79016041755676
824.0 92.54366159439087
825.0 95.48697471618652
826.0 96.9426691532135
827.0 97.56283760070801
828.0 99.33979511260986
829.0 99.30127263069153
830.0 98.419588804245
831.0 98.88725876808167
832.0 98.36297631263733
833.0 99.77416396141052
834.0 97.93376326560974
835.0 99.07537698745728
836.0 98.7946629524231
837.0 98.84908199310303
838.0 97.9220449924469
839.0 97.83727526664734
840.0 98.72609972953796
841.0 99.08508658409119
842.0 99.3558943271637
843.0 99.6979296207428
844.0 97.89121747016907
845.0 98.67348670959473
846.0 98.8094687461853
847.0 98.57730865478516
848.0 99.63723421096802
849.0 98.68587851524353
850.0 98.27377796173096
851.0 99.2882251739502
852.0 99.0480363368988
853.0 98.49001169204712
854.0 99.60106015205383
855.0 98.30393195152283
856.0 98.61236810684204
857.0 97.94847965240479
858.0 98.40335845947266
859.0 98.93345832824707
860.0 98.39694499969482
861.0 98.8017737865448
862.0 98.75344634056091
863.0 98.21086525917053
864.0 99.36158657073975
865.0 99.76543188095093
866.0 98.68904948234558
867.0 99.28322434425354
868.0 99.4407594203949
869.0 99.03694987297058
870.0 98.0609118938446
871.0 99.04084801673889
872.0 98.80954623222351
873.0 99.13942813873291
874.0 99.24668073654175
875.0 98.98462891578674
876.0 98.7863838672638
877.0 99.42834377288818
878.0 98.96576404571533
879.0 98.61828684806824
880.0 98.43563437461853
881.0 99.50011968612671
882.0 98.64383935928345
883.0 98.81052374839783
884.0 99.15939569473267
885.0 99.09545183181763
886.0 98.49439263343811
887.0 98.5799789428711
888.0 98.9773690700531
889.0 99.42793250083923
890.0 97.86255359649658
891.0 98.99565577507019
892.0 98.73219728469849
893.0 98.70689511299133
894.0 98.01852107048035
895.0 99.7534692287445
896.0 98.71333837509155
