lsstCam/transmission_filter_detector/r34_s02/z_20/19700101T000000.ecsv
# %ECSV 1.0
# ---
# datatype:
# - {name: wavelength, unit: nm, datatype: float32}
# - {name: efficiency, unit: '%', datatype: float64}
# meta: !!omap
# - {MODE: DETECTOR}
# - {TYPE: transmission_filter_detector}
# - {CALIBDATE: '1970-01-01T00:00:00'}
# - {INSTRUME: LSSTCam}
# - {OBSTYPE: transmission_filter_detector}
# - {CALIBCLS: lsst.ip.isr.IntermediateFilterDetectorTransmissionCurve}
# - {SOURCE: Materion (DM-46256)}
# - {DETECTOR: 155}
# - {FILTER: z_20}
# - {CALIB_ID: 'calibDate=1970-01-01T00:00:00 filter=z_20 detector=155'}
# - {DATE: '2025-04-02T15:59:49.360054'}
# - {CALIB_CREATION_DATE: '2025-04-02'}
# - {CALIB_CREATION_TIME: '15:59:49'}
# - __serialized_columns__:
#     efficiency:
#       __class__: astropy.units.quantity.Quantity
#       unit: !astropy.units.Unit {unit: '%'}
#       value: !astropy.table.SerializedColumn {name: efficiency}
#     wavelength:
#       __class__: astropy.units.quantity.Quantity
#       unit: !astropy.units.Unit {unit: nm}
#       value: !astropy.table.SerializedColumn {name: wavelength}
# schema: astropy-2.0
wavelength efficiency
[from data line 598]
898.0 98.54812622070312
899.0 98.74371886253357
900.0 98.8747775554657
901.0 99.30718541145325
902.0 99.15916323661804
903.0 98.39970469474792
904.0 97.47477173805237
905.0 98.46627116203308
906.0 97.69018292427063
907.0 98.5616147518158
908.0 97.72964715957642
909.0 97.88512587547302
910.0 97.71667718887329
911.0 96.57052159309387
912.0 95.59260606765747
913.0 94.08318996429443
914.0 91.82308316230774
915.0 89.27778601646423
916.0 87.00141906738281
917.0 85.74005365371704
918.0 82.21142292022705
919.0 80.7996153831482
920.0 77.2308349609375
921.0 73.00662398338318
922.0 67.97369122505188
923.0 61.83310151100159
924.0 56.66738748550415
925.0 50.93233585357666
926.0 44.54704225063324
927.0 37.28118538856506
928.0 31.20768368244171
929.0 25.263363122940063
930.0 19.896338880062103
931.0 14.923948049545288
932.0 9.982006996870041
933.0 6.124310195446014
934.0 3.841513767838478
935.0 2.363421395421028
936.0 1.393785234540701
937.0 0.8412688970565796
938.0 0.49672434106469154
939.0 0.3221504157409072
940.0 0.16515839379280806
941.0 0.10450647678226233
942.0 0.1350145787000656
943.0 0.024104004842229187
944.0 1.7150305698168666e-10
945.0 0.042992120143026114
946.0 1.7150305698168666e-10
947.0 1.7150305698168666e-10
948.0 1.7150305698168666e-10
949.0 1.7150305698168666e-10
950.0 1.7150305698168666e-10
951.0 1.7150305698168666e-10
952.0 1.7150305698168666e-10
953.0 0.02055082150036469
954.0 0.0551088189240545
955.0 1.7150305698168666e-10
956.0 1.7150305698168666e-10
957.0 1.7150305698168666e-10
958.0 1.7150305698168666e-10
959.0 0.042943243170157075
960.0 0.009552896517561749
961.0 0.03226048720534891
962.0 0.021433366055134684
963.0 1.7150305698168666e-10
964.0 1.7150305698168666e-10
965.0 1.7150305698168666e-10
966.0 1.7150305698168666e-10
967.0 1.7150305698168666e-10
968.0 0.009214752208208665
969.0 1.7150305698168666e-10
970.0 1.7150305698168666e-10
971.0 1.7150305698168666e-10
972.0 1.7150305698168666e-10
973.0 1.7150305698168666e-10
974.0 0.061272422317415476
975.0 1.7150305698168666e-10
976.0 0.006143371865618974
977.0 0.006181737990118563
978.0 0.0062201026594266295
979.0 0.00593317708990071
980.0 0.005646251156576909
981.0 0.0056142725952668115
982.0 0.005582293670158833
983.0 0.0054071471822680905
984.0 0.005232000694377348
985.0 0.005160578803042881
986.0 0.005089156547910534
987.0 0.004963469473295845
988.0 0.004837782034883276
989.0 0.004793727566720918
990.0 0.00474967309855856
991.0 0.004611282201949507
992.0 0.004472891305340454
993.0 0.004434562652022578
994.0 0.004396233998704702
995.0 0.0044439835619414225
996.0 0.004491732761380263
997.0 0.004426578743732534
998.0 0.004361424726084806
999.0 0.004295542385079898
1000.0 0.00422966004407499
1001.0 0.004155755232204683
1002.0 0.004081851147930138
1003.0 0.0041502382373437285
1004.0 0.004218625326757319
1005.0 0.0041692870581755415
1006.0 0.004119948425795883
1007.0 0.00417698101955466
1008.0 0.0042340136133134365
1009.0 0.004097883720532991
1010.0 0.0039617538277525455
1011.0 0.004033631921629421
1012.0 0.004105510015506297
1013.0 0.004205276491120458
1014.0 0.004305042602936737
1015.0 0.004245419768267311
1016.0 0.004185797297395766
1017.0 0.004252131839166395
1018.0 0.004318466380937025
1019.0 0.00420618562202435
1020.0 0.004093904863111675
1021.0 0.004126025305595249
1022.0 0.004158145748078823
1023.0 0.004278283449821174
1024.0 0.004398421515361406
1025.0 0.004378476296551526
1026.0 0.004358530713943765
1027.0 0.004417059972183779
1028.0 0.004475588502828032
1029.0 0.00446525591542013
1030.0 0.004454923328012228
1031.0 0.004457495379028842
1032.0 0.004460067066247575
1033.0 0.004637458187062293
1034.0 0.004814849307877012
1035.0 0.004929989518132061
1036.0 0.005045129364589229
1037.0 0.005050724575994536
1038.0 0.005056319787399843
1039.0 0.005142157533555292
1040.0 0.0052279956435086206
1041.0 0.005214004704612307
1042.0 0.005200014129513875
1043.0 0.005310148117132485
1044.0 0.0054202817409532145
1045.0 0.005635238267132081
1046.0 0.005850194429513067
1047.0 0.006044998008292168
1048.0 0.00623980158707127
1049.0 0.006228471465874463
1050.0 0.006217139889486134
1051.0 0.006479965668404475
1052.0 0.006742789992131293
1053.0 0.007017226016614586
1054.0 0.007291662768693641
1055.0 0.007120960799511522
1056.0 0.006950258830329403
1057.0 0.00731400286895223
1058.0 0.00767774909036234
1059.0 0.00779705515014939
1060.0 0.00791636120993644
1061.0 0.008220315066864714
1062.0 0.008524270378984511
1063.0 0.008796572365099564
1064.0 0.009068877261597663
1065.0 0.009207062248606235
1066.0 0.009345246508019045
1067.0 0.009245242108590901
1068.0 0.009145237709162757
1069.0 0.009822321590036154
1070.0 0.01049940547090955
1071.0 0.0103471647889819
1072.0 0.010194923379458487
1073.0 0.010524140816414729
1074.0 0.010853358980966732
1075.0 0.010574141924735159
1076.0 0.010294923413312063
1077.0 0.011639872536761686
1078.0 0.012984819477424026
1079.0 0.012635139864869416
1080.0 0.012285460252314806
1081.0 0.012996677833143622
1082.0 0.01370789686916396
1083.0 0.014308207028079778
1084.0 0.014908518642187119
1085.0 0.014842889504507184
1086.0 0.014777261822018772
1087.0 0.015227697440423071
1088.0 0.015678131603635848
1089.0 0.015790181350894272
1090.0 0.015902235463727266
1091.0 0.015962845645844936
1092.0 0.01602345728315413
1093.0 0.016739229613449425
1094.0 0.01745500194374472
1095.0 0.01821170444600284
1096.0 0.01896840549306944
1097.0 0.018993641424458474
1098.0 0.019018874445464462
1099.0 0.02030771574936807
1100.0 0.021596555598080158
1101.0 0.022264296421781182
1102.0 0.022932037245482206
1103.0 0.023802989744581282
1104.0 0.024673942243680358
1105.0 0.024572646361775696
1106.0 0.02447135339025408
1107.0 0.02566620532888919
1108.0 0.026861060177907348
1109.0 0.027538512949831784
1110.0 0.028215962811373174
1111.0 0.028907295200042427
1112.0 0.029598630499094725
1113.0 0.02993062953464687
1114.0 0.030262625659815967
1115.0 0.03145425289403647
1116.0 0.03264587721787393
1117.0 0.03244277904741466
1118.0 0.032239683787338436
1119.0 0.034349007182754576
1120.0 0.03645832766778767
1121.0 0.03715797793120146
1122.0 0.0378576252842322
1123.0 0.040392609662376344
1124.0 0.042927596950903535
1125.0 0.042933522490784526
1126.0 0.04293945094104856
1127.0 0.04488387785386294
1128.0 0.04682830476667732
1129.0 0.05062189884483814
1130.0 0.05441549583338201
1131.0 0.056895759189501405
1132.0 0.05937602836638689
1133.0 0.059725192841142416
1134.0 0.06007436313666403
1135.0 0.06319870008155704
1136.0 0.06632303702645004
1137.0 0.07227190071716905
1138.0 0.07822077022865415
1139.0 0.080401316517964
1140.0 0.08258185698650777
1141.0 0.09528304799459875
1142.0 0.10798422154039145
1143.0 0.13772264355793595
1144.0 0.16746107721701264
1145.0 0.33424212597310543
1146.0 0.5010231863707304
1147.0 0.9186518378555775
1148.0 1.3362806290388107
1149.0 1.4035637490451336
1150.0 1.4708470553159714
