lsstCam/transmission_filter_detector/r32_s20/y_10/19700101T000000.ecsv
# %ECSV 1.0
# ---
# datatype:
# - {name: wavelength, unit: nm, datatype: float32}
# - {name: efficiency, unit: '%', datatype: float64}
# meta: !!omap
# - {MODE: DETECTOR}
# - {TYPE: transmission_filter_detector}
# - {CALIBDATE: '1970-01-01T00:00:00'}
# - {INSTRUME: LSSTCam}
# - {OBSTYPE: transmission_filter_detector}
# - {CALIBCLS: lsst.ip.isr.IntermediateFilterDetectorTransmissionCurve}
# - {SOURCE: Materion (DM-46256)}
# - {DETECTOR: 141}
# - {FILTER: y_10}
# - {CALIB_ID: 'calibDate=1970-01-01T00:00:00 filter=y_10 detector=141'}
# - {DATE: '2025-04-02T15:59:51.397661'}
# - {CALIB_CREATION_DATE: '2025-04-02'}
# - {CALIB_CREATION_TIME: '15:59:51'}
# - __serialized_columns__:
#     efficiency:
#       __class__: astropy.units.quantity.Quantity
#       unit: !astropy.units.Unit {unit: '%'}
#       value: !astropy.table.SerializedColumn {name: efficiency}
#     wavelength:
#       __class__: astropy.units.quantity.Quantity
#       unit: !astropy.units.Unit {unit: nm}
#       value: !astropy.table.SerializedColumn {name: wavelength}
# schema: astropy-2.0
wavelength efficiency
[from data line 577]
877.0 0.0023737857191008516
878.0 0.0020580890122801065
879.0 0.0017317302990704775
880.0 0.0313416967401281
881.0 0.09642980876378715
882.0 0.03580514166969806
883.0 0.10457931784912944
884.0 0.033475790405645967
885.0 0.11097082169726491
886.0 0.036019718390889466
887.0 0.10198900708928704
888.0 0.040831262595020235
889.0 0.09665414690971375
890.0 0.0387211941415444
891.0 0.10760818840935826
892.0 0.03607398830354214
893.0 0.1119938213378191
894.0 0.04180710529908538
895.0 0.10725874453783035
896.0 0.05011503817513585
897.0 0.11949794134125113
898.0 0.06440531578846276
899.0 0.1321864896453917
900.0 0.08832024759612978
901.0 0.14351074350997806
902.0 0.16354945255443454
903.0 0.1830113702453673
904.0 0.20820137578994036
905.0 0.25354891549795866
906.0 0.31259735114872456
907.0 0.4004236776381731
908.0 0.5418921355158091
909.0 0.7218052167445421
910.0 1.0295035317540169
911.0 1.4684241265058517
912.0 2.177172340452671
913.0 3.2255642116069794
914.0 4.4913772493600845
915.0 6.3297271728515625
916.0 8.542649447917938
917.0 10.943333804607391
918.0 13.69573324918747
919.0 16.324445605278015
920.0 19.81760859489441
921.0 23.44502955675125
922.0 27.06286907196045
923.0 31.37141764163971
924.0 36.09597086906433
925.0 41.35490357875824
926.0 47.628241777420044
927.0 54.39201593399048
928.0 60.329800844192505
929.0 66.76974296569824
930.0 72.43701815605164
931.0 77.99339294433594
932.0 83.08109641075134
933.0 87.37184405326843
934.0 90.5325174331665
935.0 92.71156787872314
936.0 94.39727663993835
937.0 95.58382034301758
938.0 96.28980159759521
939.0 96.61909341812134
940.0 96.90598845481873
941.0 97.08194732666016
942.0 97.27614521980286
943.0 97.34506011009216
944.0 97.58139252662659
945.0 97.55086302757263
946.0 97.64097929000854
947.0 97.57470488548279
948.0 97.72692322731018
949.0 97.63498306274414
950.0 97.70833849906921
951.0 97.79953956604004
952.0 97.87855744361877
953.0 98.09653162956238
954.0 98.14893007278442
955.0 98.2377827167511
956.0 98.38297963142395
957.0 98.60135316848755
958.0 98.72872829437256
959.0 98.79781007766724
960.0 98.85960817337036
961.0 98.94303679466248
962.0 98.98068904876709
963.0 99.00590777397156
964.0 99.05837774276733
965.0 99.05495047569275
966.0 99.10247921943665
967.0 99.18195605278015
968.0 99.1549015045166
969.0 99.16846752166748
970.0 99.22652244567871
971.0 99.27276968955994
972.0 99.3287980556488
973.0 99.40095543861389
974.0 99.41864013671875
975.0 99.3493139743805
976.0 99.43057298660278
977.0 99.38976168632507
978.0 99.43994879722595
979.0 99.37596321105957
980.0 99.35000538825989
981.0 99.2598295211792
982.0 99.20347929000854
983.0 99.22529458999634
984.0 99.1819441318512
985.0 99.21265840530396
986.0 99.06371831893921
987.0 99.15698766708374
988.0 99.03160333633423
989.0 99.02723431587219
990.0 98.97944331169128
991.0 99.05164837837219
992.0 99.12161827087402
993.0 99.04507398605347
994.0 99.05099868774414
995.0 99.08793568611145
996.0 99.06585216522217
997.0 99.20785427093506
998.0 99.24417734146118
999.0 99.25099611282349
1000.0 99.31926727294922
1001.0 99.26416277885437
1002.0 99.35879707336426
1003.0 99.35877919197083
1004.0 99.44228529930115
1005.0 99.35736656188965
1006.0 99.51079487800598
1007.0 99.48109984397888
1008.0 99.41597580909729
1009.0 99.34636950492859
1010.0 99.43491220474243
1011.0 99.42634105682373
1012.0 99.31671023368835
1013.0 99.286288022995
1014.0 99.28577542304993
1015.0 99.29843544960022
1016.0 99.24454092979431
1017.0 99.3217945098877
1018.0 99.37958121299744
1019.0 99.262535572052
1020.0 99.32891130447388
1021.0 99.4613528251648
1022.0 99.31877851486206
1023.0 99.39549565315247
1024.0 99.37360882759094
1025.0 99.38185811042786
1026.0 99.45983290672302
1027.0 99.53949451446533
1028.0 99.4197130203247
1029.0 99.57937002182007
1030.0 99.59292411804199
1031.0 99.50935244560242
1032.0 99.5992362499237
1033.0 99.50857162475586
1034.0 99.55247640609741
1035.0 99.55589771270752
1036.0 99.5249092578888
1037.0 99.51692223548889
1038.0 99.4784414768219
1039.0 99.4158685207367
1040.0 99.33703541755676
1041.0 99.42817091941833
1042.0 99.36631321907043
1043.0 99.35986995697021
1044.0 99.39569234848022
1045.0 99.12928342819214
1046.0 99.34477210044861
1047.0 99.25477504730225
1048.0 99.31086301803589
1049.0 99.25999045372009
1050.0 99.18747544288635
1051.0 99.18485283851624
1052.0 99.15945529937744
1053.0 99.03520345687866
1054.0 99.31402206420898
1055.0 99.37552809715271
1056.0 99.24787878990173
1057.0 99.32407140731812
1058.0 99.15233254432678
1059.0 99.14730787277222
1060.0 99.36721324920654
1061.0 99.21376705169678
1062.0 99.27665591239929
1063.0 99.16445016860962
1064.0 99.32485222816467
1065.0 99.27663803100586
1066.0 99.2943286895752
1067.0 99.34855699539185
1068.0 99.27331209182739
1069.0 99.117910861969
1070.0 99.45089817047119
1071.0 99.26628470420837
1072.0 99.20994639396667
1073.0 99.35896396636963
1074.0 99.00262355804443
1075.0 99.05139803886414
1076.0 98.93003106117249
1077.0 99.1655170917511
1078.0 99.25010800361633
1079.0 98.92956018447876
1080.0 99.62669014930725
1081.0 98.87630343437195
1082.0 98.89863729476929
1083.0 98.93878698348999
1084.0 99.4214415550232
1085.0 99.15494322776794
1086.0 99.01679158210754
1087.0 99.2344617843628
1088.0 98.99283647537231
1089.0 98.92019033432007
1090.0 98.88536930084229
1091.0 98.92054200172424
1092.0 98.75206351280212
1093.0 98.83714318275452
1094.0 98.81744980812073
1095.0 98.55305552482605
1096.0 98.65744709968567
1097.0 98.53429198265076
1098.0 98.0752170085907
1099.0 98.61995577812195
1100.0 98.19211959838867
