lsstCam/transmission_filter_detector/r32_s20/y_10/19700101T000000.ecsv
# %ECSV 1.0
# ---
# datatype:
# - {name: wavelength, unit: nm, datatype: float32}
# - {name: efficiency, unit: '%', datatype: float64}
# meta: !!omap
# - {MODE: DETECTOR}
# - {TYPE: transmission_filter_detector}
# - {CALIBDATE: '1970-01-01T00:00:00'}
# - {INSTRUME: LSSTCam}
# - {OBSTYPE: transmission_filter_detector}
# - {CALIBCLS: lsst.ip.isr.IntermediateFilterDetectorTransmissionCurve}
# - {SOURCE: Materion (DM-46256)}
# - {DETECTOR: 141}
# - {FILTER: y_10}
# - {CALIB_ID: 'calibDate=1970-01-01T00:00:00 filter=y_10 detector=141'}
# - {DATE: '2025-04-02T15:59:51.397661'}
# - {CALIB_CREATION_DATE: '2025-04-02'}
# - {CALIB_CREATION_TIME: '15:59:51'}
# - __serialized_columns__:
#     efficiency:
#       __class__: astropy.units.quantity.Quantity
#       unit: !astropy.units.Unit {unit: '%'}
#       value: !astropy.table.SerializedColumn {name: efficiency}
#     wavelength:
#       __class__: astropy.units.quantity.Quantity
#       unit: !astropy.units.Unit {unit: nm}
#       value: !astropy.table.SerializedColumn {name: wavelength}
# schema: astropy-2.0
wavelength efficiency
300.0 0.021270634897518903
301.0 0.020754383876919746
302.0 0.020238131401129067
303.0 0.01744062901707366
304.0 0.014643126633018255
305.0 0.013202238187659532
306.0 0.011761346104322001
307.0 0.010747500346042216
308.0 0.009733653860166669
309.0 0.00856249243952334
310.0 0.007391331746475771
311.0 0.005282797792460769
312.0 0.0031742642022436485
313.0 0.005746485112467781
314.0 0.00831870493129827
315.0 0.006142787606222555
316.0 0.0039668699173489586
317.0 0.0032805444789119065
318.0 0.002594219404272735
319.0 0.0014768070286663715
320.0 0.00035939428926212713
321.0 0.0006587994448636891
322.0 0.0009582048733136617
323.0 0.0024077764464891516
324.0 0.003857347837765701
325.0 0.0030680901545565575
326.0 0.002278832471347414
327.0 0.0025511468265904114
328.0 0.0028234611818334088
329.0 0.003005833968927618
330.0 0.0031882063922239468
331.0 0.0028275670047150925
332.0 0.002466927435307298
333.0 0.00227211021410767
334.0 0.002077292447211221
335.0 0.0018617223759065382
336.0 0.0016461521227029152
337.0 0.0015548204828519374
338.0 0.0014634890248999
339.0 0.0015664034435758367
340.0 0.0016693178622517735
341.0 0.0013045883861195762
342.0 0.0009398590918863192
343.0 0.0013753553503192961
344.0 0.0018108517906512134
345.0 0.0012953359146194998
346.0 0.0007798201295372564
347.0 0.001015622001432348
348.0 0.0012514237823779695
349.0 0.001409854939993238
350.0 0.0015682859157095663
351.0 0.0013779050277662463
352.0 0.0011875241398229264
353.0 0.0013081846191198565
354.0 0.0014288450984167866
355.0 0.0016038238754845224
356.0 0.0017788026525522582
357.0 0.0014956945051380899
358.0 0.0012125863577239215
359.0 0.000956540407059947
360.0 0.0007004945018707076
361.0 0.0007327097591769416
362.0 0.0007649251529073808
363.0 0.0008988322406366933
364.0 0.001032739419315476
365.0 0.0012494555448938627
366.0 0.0014661718523711897
367.0 0.0016685617083567195
368.0 0.0018709513824433088
369.0 0.0016246711311396211
370.0 0.001378391152684344
371.0 0.0012123135093133897
372.0 0.0010462360478413757
373.0 0.0014996314348536544
374.0 0.0019530269128154032
375.0 0.002839994522219058
376.0 0.0037269619497237727
377.0 0.004063143933308311
378.0 0.004399325916892849
379.0 0.004141623139730655
380.0 0.003883920726366341
381.0 0.003036883208551444
382.0 0.002189845690736547
383.0 0.0015975581845850684
384.0 0.0010052707693830598
385.0 0.0007987044227775186
386.0 0.0005921379852225073
387.0 0.0004915911631542258
388.0 0.00039104429561120924
389.0 0.000488740579385194
390.0 0.0005864368631591788
391.0 0.0005537327069760067
392.0 0.0005210285053180996
393.0 0.0005750087893829914
394.0 0.000628988982498413
395.0 0.0006794464752601925
396.0 0.0007299038770725019
397.0 0.0007424655450449791
398.0 0.000755027076593251
399.0 0.0009551623406878207
400.0 0.0011552974683581851
401.0 0.0014411051779461559
402.0 0.0017269127056351863
403.0 0.0017616581317270175
404.0 0.0017964035578188486
405.0 0.0017993994333664887
406.0 0.0018023953089141287
407.0 0.0017155734894913621
408.0 0.0016287514881696552
409.0 0.0013862425475963391
410.0 0.0011437337889219634
411.0 0.00060160919019836
412.0 5.9484580106072826e-05
413.0 0.0004884056579612661
414.0 0.0009173269972961862
415.0 0.0006295034381764708
416.0 0.00034167971989518264
417.0 0.0003420582743274281
418.0 0.000342436555911263
419.0 0.0002051401907010586
420.0 6.784364359191386e-05
421.0 4.3916489289586025e-05
422.0 1.998941030478818e-05
423.0 1.5892945596715502e-10
424.0 1.5892945596715502e-10
425.0 1.5892945596715502e-10
426.0 1.5892945596715502e-10
427.0 1.5892945596715502e-10
428.0 0.0003068519390581059
429.0 9.454366249883606e-05
430.0 1.5892945596715502e-10
431.0 1.5892945596715502e-10
432.0 1.5892945596715502e-10
433.0 4.918691161037714e-05
434.0 0.0001264414549950743
435.0 0.0003292868768767221
436.0 0.0005321322987583699
437.0 0.0003711402541739517
438.0 0.00021014816411479842
439.0 0.0005565717856370611
440.0 0.0009029952707351185
441.0 0.00045687966121477075
442.0 1.076398135069212e-05
443.0 0.00015922217926345184
444.0 0.0003076803068324807
445.0 0.00043699283196474425
446.0 0.0005663053343596403
447.0 0.0005760969997936627
448.0 0.0005858886652276851
449.0 0.00039984593058761675
450.0 0.00021380315047281329
451.0 0.00028090664727642434
452.0 0.0003480101895547705
453.0 0.00024748667328822194
454.0 0.00014696302059746813
455.0 0.00035670170746016083
456.0 0.0005664404397975886
457.0 0.00022127883312350605
458.0 1.5892945596715502e-10
459.0 1.5892945596715502e-10
460.0 1.5892945596715502e-10
461.0 1.5892945596715502e-10
462.0 1.5892945596715502e-10
463.0 0.00016801086530904286
464.0 0.00043270952119200956
465.0 0.000628788939138758
466.0 0.0008248684935097117
467.0 0.000957450447458541
468.0 0.0010900325833063107
469.0 0.001409006927133305
470.0 0.0017279813619097695
471.0 0.0018392825950286351
472.0 0.001950584010046441
473.0 0.0022403954062610865
474.0 0.002530206802475732
475.0 0.0025935049052350223
476.0 0.0026568033717921935
477.0 0.0028269058020669036
478.0 0.0029970080504426733
479.0 0.0034905096981674433
480.0 0.003984011345892213
481.0 0.004261282447259873
482.0 0.004538553184829652
483.0 0.004564641858451068
484.0 0.004590730168274604
485.0 0.004237491521053016
486.0 0.0038842532376293093
487.0 0.00333222997142002
488.0 0.002780206887109671
489.0 0.0025722856662468985
490.0 0.002364364445384126
491.0 0.002109080378431827
492.0 0.0018537964933784679
493.0 0.0017377276890329085
494.0 0.0016216588846873492
495.0 0.0017366748579661362
496.0 0.0018516910131438635
497.0 0.0015631654605385847
498.0 0.001274639907933306
499.0 0.00182561907422496
500.0 0.002376598058617674
501.0 0.002498462527000811
502.0 0.002620326995383948
503.0 0.002888541348511353
504.0 0.003156755701638758
505.0 0.002625860543048475
506.0 0.0020949652025592513
507.0 0.002078099896607455
508.0 0.002061234408756718
509.0 0.0020655817934311926
510.0 0.0020699293600046076
511.0 0.0020566125385812484
512.0 0.002043295535258949
513.0 0.002007174043683335
514.0 0.0019710525521077216
515.0 0.0016311892977682874
516.0 0.0012913256796309724
517.0 0.0013006886547373142
518.0 0.0013100514479447156
519.0 0.0013291289178596344
520.0 0.0013482064787240233
521.0 0.001273520047107013
522.0 0.0011988335245405324
523.0 0.001577325201651547
524.0 0.001955816878762562
525.0 0.0021298461433616467
526.0 0.002303875589859672
527.0 0.0022724712835042737
528.0 0.002241067159047816
529.0 0.002311096432094928
530.0 0.00238112570514204
531.0 0.0023381066057481803
532.0 0.0022950878701522015
533.0 0.002138879608537536
534.0 0.0019826713469228707
535.0 0.0018734202967607416
536.0 0.0017641690646996722
537.0 0.0019023047570954077
538.0 0.002040440267592203
539.0 0.0024262733859359287
540.0 0.002812106322380714
541.0 0.003603096047299914
542.0 0.004394086136016995
543.0 0.004600157990353182
544.0 0.004806229844689369
545.0 0.004921443178318441
546.0 0.005036656511947513
547.0 0.004504221215029247
548.0 0.003971785918110982
549.0 0.003420219582039863
550.0 0.002868653064069804
551.0 0.0026049407097161748
552.0 0.0023412283553625457
553.0 0.0025974059099098668
554.0 0.0028535832825582474
555.0 0.003330878826091066
556.0 0.0038081743696238846
557.0 0.004069705028086901
558.0 0.004331235686549917
559.0 0.004029592309962027
560.0 0.003727948569576256
561.0 0.0037698042433476076
562.0 0.00381166028091684
563.0 0.0034927470551338047
564.0 0.003173833465552889
565.0 0.0032783442293293774
566.0 0.0033828553569037467
567.0 0.003899067814927548
568.0 0.00441528027295135
569.0 0.004839212488150224
570.0 0.005263145067146979
571.0 0.0056477980251656845
572.0 0.00603245098318439
573.0 0.006367660535033792
574.0 0.0067028704506810755
575.0 0.006414981180569157
576.0 0.0061270919104572386
577.0 0.0058755646023200825
578.0 0.005624037294182926
579.0 0.00567923161725048
580.0 0.005734425940318033
581.0 0.006228135316632688
582.0 0.006721844692947343
583.0 0.007966891280375421
584.0 0.00921193859539926
585.0 0.009940259042195976
586.0 0.010668580944184214
587.0 0.01072803424904123
588.0 0.01078749046428129
589.0 0.010655597725417465
590.0 0.010523707169340923
591.0 0.00985977821983397
592.0 0.009195849997922778
593.0 0.007998380897333845
594.0 0.006800911796744913
595.0 0.005951789353275672
596.0 0.005102667637402192
597.0 0.005343240627553314
598.0 0.0055838132539065555
599.0 0.006651756848441437
600.0 0.007719699351582676
601.0 0.009019819117384031
602.0 0.010319938155589625
603.0 0.010519266652408987
604.0 0.010718596604419872
605.0 0.01062928422470577
606.0 0.010539971844991669
607.0 0.009674420289229602
608.0 0.008808868005871773
609.0 0.007442612695740536
610.0 0.006076357385609299
611.0 0.004909180643153377
612.0 0.0037420046282932162
613.0 0.0034759024856612086
614.0 0.003209800343029201
615.0 0.004011077180621214
616.0 0.004812354382011108
617.0 0.006140104960650206
618.0 0.007467854447895661
619.0 0.009037996642291546
620.0 0.01060813810909167
621.0 0.010948503040708601
622.0 0.011288867972325534
623.0 0.0114128713903483
624.0 0.011536874080775306
625.0 0.010988777648890391
626.0 0.010440679761813954
627.0 0.00863099267007783
628.0 0.006821305578341708
629.0 0.005447295552585274
630.0 0.00407328552682884
631.0 0.0033824617275968194
632.0 0.002691638292162679
633.0 0.0025703326173243113
634.0 0.002449027124384884
635.0 0.002638692603795789
636.0 0.0028283580832066946
637.0 0.0032736566936364397
638.0 0.003718955849763006
639.0 0.004423989958013408
640.0 0.0051290244300616905
641.0 0.005293613867252134
642.0 0.005458203668240458
643.0 0.005727670941269025
644.0 0.005997138214297593
645.0 0.005191984382690862
646.0 0.004386830551084131
647.0 0.004020975393359549
648.0 0.0036551205994328484
649.0 0.002990348730236292
650.0 0.002325576679140795
651.0 0.0019493962099659257
652.0 0.001573215558892116
653.0 0.0015025591892481316
654.0 0.0014319028196041472
655.0 0.0013968739040137734
656.0 0.0013618452612718102
657.0 0.001531604902993422
658.0 0.0017013644537655637
659.0 0.0015927824279060587
660.0 0.0014842004020465538
661.0 0.001458493079553591
662.0 0.0014327859389595687
663.0 0.001548588443256449
664.0 0.0016643909475533292
665.0 0.002317547841812484
666.0 0.0029707047360716388
667.0 0.0035871940781362355
668.0 0.004203683783998713
669.0 0.005221361425356008
670.0 0.006239039066713303
671.0 0.006858701817691326
672.0 0.007478363113477826
673.0 0.007549929432570934
674.0 0.00762149429647252
675.0 0.0072726019425317645
676.0 0.006923708860995248
677.0 0.00602023173996713
678.0 0.005116754255141132
679.0 0.003977464803028852
680.0 0.002838174987118691
681.0 0.0017345539163216017
682.0 0.0006309333002718631
683.0 0.0005499121471075341
684.0 0.0004688910394179402
685.0 0.0002606837824714603
686.0 5.2476588052741135e-05
687.0 4.70135404384564e-05
688.0 4.1550461560291296e-05
689.0 0.00022590122625842923
690.0 0.0004102519596926868
691.0 0.0004084482498001307
692.0 0.0004066444034833694
693.0 0.00041176294871547725
694.0 0.0004168814939475851
695.0 0.00033714482015057
696.0 0.00025740819182829
697.0 0.00022164620077091968
698.0 0.00018588416423881426
699.0 0.00021747846403741278
700.0 0.0002490728093107464
701.0 0.0002895300440286519
702.0 0.0003299871650597197
703.0 0.00019927663288399344
704.0 6.856608365524153e-05
705.0 0.0001519908664704417
706.0 0.00023541560949524865
707.0 0.00036641786209656857
708.0 0.0004974201601726236
709.0 0.0004948715741193155
710.0 0.0004923231244902126
711.0 0.000446372723672539
712.0 0.00040042232285486534
713.0 0.00024090138595056487
714.0 8.138043199323874e-05
715.0 8.236058874899754e-05
716.0 8.334070571436314e-05
717.0 1.9551255547867186e-05
718.0 1.5892945596715502e-10
719.0 8.42093470510008e-05
720.0 0.00021265702798700659
721.0 0.00022939957489143126
722.0 0.00024614228095742874
723.0 0.00027106641482532723
724.0 0.0002959905259558582
725.0 0.0005377912202675361
726.0 0.0007795919373165816
727.0 0.0002750347448454704
728.0 1.5892945596715502e-10
729.0 1.5892945596715502e-10
730.0 0.00018230704199595493
731.0 0.00023710197183390846
732.0 0.00029189684482844314
733.0 0.00043334684960427694
734.0 0.0005747970135416836
735.0 0.00032626287520542974
736.0 7.772879371259478e-05
737.0 0.00010394024911875022
738.0 0.00013015174999964074
739.0 7.072971186516952e-06
740.0 1.5892945596715502e-10
741.0 8.033517246985866e-05
742.0 0.00027667597350955475
743.0 0.00041989542296505533
744.0 0.0005631147359963506
745.0 0.0006063193268346367
746.0 0.0006495238267234527
747.0 0.00042923297769448254
748.0 0.00020894215140287997
749.0 0.0004473324224818498
750.0 0.0006857226708234521
751.0 0.0006142056008684449
752.0 0.0005426885763881728
753.0 0.00038560428947675973
754.0 0.0002285200707774493
755.0 0.00046199243115552235
756.0 0.000695464814270963
757.0 0.0005740105734730605
758.0 0.00045255633267515805
759.0 0.0002503078349036514
760.0 4.805928028872586e-05
761.0 0.00022055162389733596
762.0 0.0003930438651877921
763.0 0.0003534459892762243
764.0 0.0003138479314657161
765.0 0.00015082190429893672
766.0 1.5892945596715502e-10
767.0 0.00016827206081870827
768.0 0.00034874826724262675
769.0 0.0001263751414626313
770.0 1.5892945596715502e-10
771.0 0.0002103891119986656
772.0 0.0005167762992641656
773.0 0.00026062878077937057
774.0 4.481309190396132e-06
775.0 0.00021347834717744263
776.0 0.00042247552300977986
777.0 0.00036025289773533586
778.0 0.0002980301815114217
779.0 0.0005182636414247099
780.0 0.000738497010388528
781.0 0.0007223535249067936
782.0 0.0007062098575261189
783.0 0.0006615806796617107
784.0 0.0006169514563225675
785.0 0.0005149396201886702
786.0 0.00041292773858003784
787.0 0.0002679367526070564
788.0 0.00012294574389670743
789.0 0.0002443383891659323
790.0 0.00036573089801095193
791.0 0.0005184378096600994
792.0 0.0006711446076224092
793.0 0.0008912726116250269
794.0 0.0011114005246781744
795.0 0.0006982844297453994
796.0 0.00028516822112578666
797.0 0.0007139233275665902
798.0 0.001142678320320556
799.0 0.0008739858458284289
800.0 0.0006052933713363018
801.0 0.0008360119863937143
802.0 0.001066730692400597
803.0 0.0009653140295995399
804.0 0.0008638973667984828
805.0 0.0006166716957523022
806.0 0.0003694460474434891
807.0 0.00020693255464721005
808.0 4.441898795448651e-05
809.0 0.00046443774408544414
810.0 0.0008844565854815301
811.0 0.000673485237712157
812.0 0.0004625138444680488
813.0 0.0005575458089879248
814.0 0.0006525777735078009
815.0 0.0004149318101553945
816.0 0.0001772857217474666
817.0 0.000475642400488141
818.0 0.000773998999648029
819.0 0.0006399811354640406
820.0 0.0005059634077042574
821.0 0.0007233975338749588
822.0 0.000940831614570925
823.0 0.0008977670404419769
824.0 0.0008547026482119691
825.0 0.0009568351742927916
826.0 0.0010589677913230844
827.0 0.0006583119557035388
828.0 0.0002576560746092582
829.0 0.00040016516322793905
830.0 0.0005426742518466199
831.0 0.0005237910954747349
832.0 0.0005049079391028499
833.0 0.0006813073923694901
834.0 0.0008577068001613952
835.0 0.0008944349247030914
836.0 0.0009311630492447875
837.0 0.0006885120455990545
838.0 0.0004458611783775268
839.0 0.0007306842235266231
840.0 0.0010155073141504545
841.0 0.0009206700269714929
842.0 0.0008258327397925314
843.0 0.0007254271622514352
844.0 0.0006250215847103391
845.0 0.0006658076472376706
846.0 0.0007065937097650021
847.0 0.0008462751793558709
848.0 0.00098595673989621
849.0 0.0009416010470886249
850.0 0.0008972455361799803
851.0 0.0004894559424428735
852.0 8.166642260221124e-05
853.0 0.00047905946303217206
854.0 0.0008764526683080476
855.0 0.0009059657713805791
856.0 0.0009354787835036404
857.0 0.0009985067663365044
858.0 0.0010615344763209578
859.0 0.0010355743143009022
860.0 0.0010096142432303168
861.0 0.0010657269740477204
862.0 0.001121839704865124
863.0 0.0012619418157555629
864.0 0.0014020438356965315
865.0 0.001816711483115796
866.0 0.0022313792214845307
867.0 0.0024810376999084838
868.0 0.002730696360231377
869.0 0.002755397690634709
870.0 0.0027800990210380405
871.0 0.0030073028028709814
872.0 0.0032345065847039223
873.0 0.00278407951554982
874.0 0.002333652628294658
875.0 0.0025115677999565378
