lsstCam/transmission_sensor/r03_s01/19700101T000000.ecsv
# %ECSV 1.0
# ---
# datatype:
# - {name: amp_name, datatype: string}
# - {name: wavelength, unit: nm, datatype: float32}
# - {name: efficiency, unit: '%', datatype: float64}
# meta: !!omap
# - {MODE: AMP}
# - {TYPE: transmission_sensor}
# - {CALIBDATE: '1970-01-01T00:00:00'}
# - {INSTRUME: LSSTCam}
# - {OBSTYPE: transmission_sensor}
# - {DETECTOR: 19}
# - {PARQUETFILE: qe_raft_allvalues_nircorrected_20230725_adjust.parquet}
# - {CORRFILE: qe_corr_factor_bydetnum.parquet}
# - {CALIBCLS: lsst.ip.isr.IntermediateSensorTransmissionCurve}
# - {CALIB_ID: 'raftName=R03 detectorName=S01 detector=19 calibDate=1970-01-01T00:00:00 ccd=19 ccdnum=19 filter=None'}
# - {DATE: '2025-03-03T21:56:47.479661'}
# - {CALIB_CREATION_DATE: '2025-03-03'}
# - {CALIB_CREATION_TIME: '21:56:47'}
# - __serialized_columns__:
#     efficiency:
#       __class__: astropy.units.quantity.Quantity
#       unit: !astropy.units.Unit {unit: '%'}
#       value: !astropy.table.SerializedColumn {name: efficiency}
#     wavelength:
#       __class__: astropy.units.quantity.Quantity
#       unit: !astropy.units.Unit {unit: nm}
#       value: !astropy.table.SerializedColumn {name: wavelength}
# schema: astropy-2.0
amp_name wavelength efficiency
C00 319.992 49.86553524931417
C00 330.006 53.236548950269274
C00 349.994 60.46801922713635
C00 370.001 70.16896414960453
C00 400.009 85.05891629805345
C00 429.983 87.8001468086741
C00 449.989 87.51863988156282
C00 469.993 86.96431744086415
C00 500.016 87.18126613970547
C00 549.99 89.75706140857672
C00 569.998 90.98980376123963
C00 599.983 93.49941116180518
C00 630.013 95.70419171587491
C00 649.987 96.67303949523993
C00 670.017 97.763092708624
C00 699.987 99.24760297046916
C00 720.012 99.84226856566741
C00 749.995 100.57560658174658
C00 770.007 101.02474455666481
C00 800.008 101.38376267251786
C00 830.013 100.64477064711284
C00 869.994 97.2758226870481
C00 900.005 91.6538399958932
C00 919.989 84.99707413650971
C00 959.989 72.2206120965608
C00 1000.013 37.990570184812235
C00 1030.002 16.54444802017141
C00 1049.996 8.843568729537893
C00 1080.005 0.6972423007392896
C00 1100.007 0.09484668003569442
C01 319.992 49.579284769047234
C01 330.006 52.86856398877361
C01 349.994 60.015403921719354
C01 370.001 69.86535379496635
C01 400.009 85.06226738883116
C01 429.983 87.87231767466967
C01 449.989 87.54242650537076
C01 469.993 86.93028627241844
C01 500.016 87.0516064698203
C01 549.99 89.55985966246884
C01 569.998 90.7980341485842
C01 599.983 93.33422074860576
C01 630.013 95.56572586908304
C01 649.987 96.55062522025541
C01 670.017 97.67576542520692
C01 699.987 99.17223403153962
C01 720.012 99.76277579584934
C01 749.995 100.50759015020832
C01 770.007 100.98904549372244
C01 800.008 101.35530135358395
C01 830.013 100.63288881154716
C01 869.994 97.20130299715127
C01 900.005 91.50532087676821
C01 919.989 84.96169641103918
C01 959.989 72.42841032834703
C01 1000.013 37.959855678129394
C01 1030.002 16.514567460736906
C01 1049.996 8.838682678515267
C01 1080.005 0.69677081345446
C01 1100.007 0.09478254307269358
C02 319.992 49.35090181183314
C02 330.006 52.55205040446284
C02 349.994 59.621398275897285
C02 370.001 69.54963972888908
C02 400.009 84.99444222959754
C02 429.983 87.89861379111478
C02 449.989 87.57107909660931
C02 469.993 86.92455575417073
C02 500.016 86.97840273337955
C02 549.99 89.41919035872725
C02 569.998 90.64331780678812
C02 599.983 93.17309295915739
C02 630.013 95.40269300748021
C02 649.987 96.3859321150481
C02 670.017 97.50504341695662
C02 699.987 99.01275118391135
C02 720.012 99.61752360768801
C02 749.995 100.37469415292823
C02 770.007 100.86097720941207
C02 800.008 101.24901515932865
C02 830.013 100.56347991763093
C02 869.994 97.12643136621386
C02 900.005 91.39359489816827
C02 919.989 84.92712968014042
C02 959.989 72.6165228145373
C02 1000.013 37.9646260094077
C02 1030.002 16.492381786119008
C02 1049.996 8.850622852133876
C02 1080.005 0.6958495215340212
C02 1100.007 0.09465721866265037
C03 319.992 49.07498003601802
C03 330.006 52.193850934073744
C03 349.994 59.157788638408235
C03 370.001 69.14036290226268
C03 400.009 84.81566383187483
C03 429.983 87.82419356281638
C03 449.989 87.50196858748836
C03 469.993 86.8462871271025
C03 500.016 86.85027324193169
C03 549.99 89.21609742563574
C03 569.998 90.41467089379358
C03 599.983 92.91575520046335
C03 630.013 95.13052781972868
C03 649.987 96.11223674885926
C03 670.017 97.23464558530019
C03 699.987 98.74785434373702
C03 720.012 99.35382030669479
C03 749.995 100.13446378916329
C03 770.007 100.63154990541452
C03 800.008 101.03535634412752
C03 830.013 100.36227675490949
C03 869.994 96.96019278078488
C03 900.005 91.22775415913299
C03 919.989 84.77131926076169
C03 959.989 72.48584557599132
C03 1000.013 37.8579343178665
C03 1030.002 16.428426065608733
C03 1049.996 8.824912028941032
C03 1080.005 0.69418414440921
C03 1100.007 0.09443067547798091
C04 319.992 49.12366648844702
C04 330.006 52.17405425054109
C04 349.994 59.08453134572218
C04 370.001 69.14562671608702
C04 400.009 85.11964908023015
C04 429.983 88.24744856946756
C04 449.989 87.94207085873428
C04 469.993 87.25972603907836
C04 500.016 87.22829617397609
C04 549.99 89.53497896107824
C04 569.998 90.71567229419617
C04 599.983 93.20732305079993
C04 630.013 95.41971624259524
C04 649.987 96.40843338896869
C04 670.017 97.53248716722972
C04 699.987 99.06091355022556
C04 720.012 99.68819489881501
C04 749.995 100.478333138487
C04 770.007 100.98790551078665
C04 800.008 101.40472611710896
C04 830.013 100.74664227657652
C04 869.994 97.35730468883467
C04 900.005 91.60726136426157
C04 919.989 85.0772401848402
C04 959.989 72.69528109870548
C04 1000.013 37.94511240888595
C04 1030.002 16.460557900069123
C04 1049.996 8.840792412035704
C04 1080.005 0.6965680393257769
C04 1100.007 0.0947549594724411
C05 319.992 46.07327107546077
C05 330.006 48.87850129922176
C05 349.994 55.29966175916706
C05 370.001 64.7984356810522
C05 400.009 80.03063518968129
C05 429.983 83.07255341412487
C05 449.989 82.79369369571013
C05 469.993 82.144523144575
C05 500.016 82.08494564711847
C05 549.99 84.17751056548832
C05 569.998 85.26917811712374
C05 599.983 87.58664101131671
C05 630.013 89.66041533847644
C05 649.987 90.59063376319166
C05 670.017 91.66001426588772
C05 699.987 93.10692039263606
C05 720.012 93.70225926634673
C05 749.995 94.4596287347838
C05 770.007 94.95206310858562
C05 800.008 95.35465305544098
C05 830.013 94.75404271701377
C05 869.994 91.61545546979335
C05 900.005 86.23794173667471
C05 919.989 80.10917159797606
C05 959.989 68.45327452945111
C05 1000.013 35.7546658013277
C05 1030.002 15.529024478259347
C05 1049.996 8.332401146217356
C05 1080.005 0.6548432718983583
C05 1100.007 0.08907909089482319
C06 319.992 49.30731467904646
C06 330.006 52.25241468831556
C06 349.994 59.067997767707084
C06 370.001 69.28801747057058
C06 400.009 85.817946010095
C06 429.983 89.16988603682907
C06 449.989 88.8780886597269
C06 469.993 88.15398527051687
C06 500.016 88.04672741295387
C06 549.99 90.22717047897822
C06 569.998 91.38629594702232
C06 599.983 93.8670824367212
C06 630.013 96.09596330117851
C06 649.987 97.09360903873365
C06 670.017 98.23746332597341
C06 699.987 99.8025604352193
C06 720.012 100.45471483430718
C06 749.995 101.28490549457567
C06 770.007 101.81378106786194
C06 800.008 102.2664155005094
C06 830.013 101.64556855224883
C06 869.994 98.32516550310764
C06 900.005 92.56854241125411
C06 919.989 86.01753483456508
C06 959.989 73.56989283900897
C06 1000.013 38.42601688816266
C06 1030.002 16.714009005532397
C06 1049.996 8.952758437377994
C06 1080.005 0.7021596502233097
C06 1100.007 0.09551559279764248
C07 319.992 48.8809801882902
C07 330.006 51.75334699098803
C07 349.994 58.456680005664836
C07 370.001 68.588664717584
C07 400.009 85.16669441628514
C07 429.983 88.5795967519615
C07 449.989 88.3031547154777
C07 469.993 87.56333639371654
C07 500.016 87.43370732740011
C07 549.99 89.55002061511696
C07 569.998 90.68711151366384
C07 599.983 93.14072968520834
C07 630.013 95.35837138904363
C07 649.987 96.35472412581923
C07 670.017 97.48850218804934
C07 699.987 99.05494585432007
C07 720.012 99.71789566228314
C07 749.995 100.55738215655826
C07 770.007 101.09015968485966
C07 800.008 101.55415569240414
C07 830.013 100.97153260150748
C07 869.994 97.72647553861925
C07 900.005 91.8547141702506
C07 919.989 85.4378802898368
C07 959.989 73.5277211212768
C07 1000.013 38.316444635713225
C07 1030.002 16.673298608207855
C07 1049.996 8.90245955942068
C07 1080.005 0.6971160952735865
C07 1100.007 0.09482951215960371
C10 319.992 50.196126475248164
C10 330.006 53.59179900172046
C10 349.994 60.83038078287492
C10 370.001 70.63873658074984
C10 400.009 85.63747676519907
C10 429.983 88.36486681185428
C10 449.989 88.07931256277631
C10 469.993 87.56641970326771
C10 500.016 87.80513519037973
C10 549.99 90.40283496358103
C10 569.998 91.60904402214103
C10 599.983 94.10018981986049
C10 630.013 96.2941902668394
C10 649.987 97.26489721300574
C10 670.017 98.36806405559753
C10 699.987 99.87012546411859
C10 720.012 100.45316170319332
C10 749.995 101.19202366343116
C10 770.007 101.65786353599259
C10 800.008 102.02194654247312
C10 830.013 101.25482218649822
C10 869.994 98.05046021915018
C10 900.005 92.24995926060689
C10 919.989 85.23099251422076
C10 959.989 72.41781384266868
C10 1000.013 37.93599637084569
C10 1030.002 16.50144809336005
C10 1049.996 8.846200636450058
C10 1080.005 0.7015156381438504
C10 1100.007 0.09542798708643588
C11 319.992 49.690566995900355
C11 330.006 52.984861375455
C11 349.994 60.1011627722382
C11 370.001 69.97578677278676
C11 400.009 85.20123054361515
C11 429.983 88.01651403970925
C11 449.989 87.71421963852715
C11 469.993 87.16673709544324
C11 500.016 87.32885184998368
C11 549.99 89.85514584640808
C11 569.998 91.05446910200021
C11 599.983 93.54015216269848
C11 630.013 95.73096218763558
C11 649.987 96.69475272726531
C11 670.017 97.80932705010723
C11 699.987 99.3164916037167
C11 720.012 99.90477635483138
C11 749.995 100.6568896603363
C11 770.007 101.14343284715449
C11 800.008 101.52385815934547
C11 830.013 100.7733056358466
C11 869.994 97.6054460751205
C11 900.005 91.88358863736258
C11 919.989 84.98170349410697
C11 959.989 72.26471183912398
C11 1000.013 37.78082097551844
C11 1030.002 16.478856921456263
C11 1049.996 8.870743742222933
C11 1080.005 0.6978058425912008
C11 1100.007 0.09492333928837927
C12 319.992 49.626280374303015
C12 330.006 52.84834650617069
C12 349.994 59.90686071426901
C12 370.001 69.88227756848296
C12 400.009 85.39340565355648
C12 429.983 88.3046313376697
C12 449.989 87.99356136314965
C12 469.993 87.40095385794957
C12 500.016 87.49072942686635
C12 549.99 89.95458449215644
C12 569.998 91.14869749016955
C12 599.983 93.64301840814642
C12 630.013 95.84818915771764
C12 649.987 96.82643223268772
C12 670.017 97.93939221727828
C12 699.987 99.45856867162061
C12 720.012 100.06155078662563
C12 749.995 100.83495652508567
C12 770.007 101.33440676702254
C12 800.008 101.73089895280522
C12 830.013 101.01352069782716
C12 869.994 97.81307598727862
C12 900.005 92.10058324155703
C12 919.989 85.29274286505827
C12 959.989 72.66649079140755
C12 1000.013 37.919263869633745
C12 1030.002 16.522204963862112
C12 1049.996 8.913573436683144
C12 1080.005 0.6990403164787256
C12 1100.007 0.09509126620517468
C13 319.992 49.44871846843796
C13 330.006 52.59791367767501
C13 349.994 59.57454038670087
C13 370.001 69.60862810764723
C13 400.009 85.35948924849359
C13 429.983 88.36219665048118
C13 449.989 88.04453925778853
C13 469.993 87.42295782387804
C13 500.016 87.45294932124925
C13 549.99 89.84690583552317
C13 569.998 91.02856318105661
C13 599.983 93.52012977784632
C13 630.013 95.73150540098084
C13 649.987 96.71407123003631
C13 670.017 97.83886714483943
C13 699.987 99.36786734474926
C13 720.012 99.9717522650323
C13 749.995 100.75507355976609
C13 770.007 101.26976437893852
C13 800.008 101.69013499923538
C13 830.013 100.99828777148377
C13 869.994 97.77834858764395
C13 900.005 92.07945147733783
C13 919.989 85.35617641217681
C13 959.989 72.82266845361124
C13 1000.013 37.96231926541346
C13 1030.002 16.54026489486842
C13 1049.996 8.922385351758983
C13 1080.005 0.6984865465811977
C13 1100.007 0.09501593624279497
C14 319.992 49.62112749841538
C14 330.006 52.71519420400237
C14 349.994 59.665563051044046
C14 370.001 69.81372557449163
C14 400.009 85.89909137262536
C14 429.983 89.0203952543964
C14 449.989 88.71353327057895
C14 469.993 88.05361321592176
C14 500.016 88.03692662006293
C14 549.99 90.37004323966954
C14 569.998 91.54581704911153
C14 599.983 94.03394074441731
C14 630.013 96.25458159798971
C14 649.987 97.25032991428257
C14 670.017 98.38685464680765
C14 699.987 99.93808068851936
C14 720.012 100.56565277101191
C14 749.995 101.37057253438827
C14 770.007 101.87939511925364
C14 800.008 102.31532765425791
C14 830.013 101.64965412867643
C14 869.994 98.38797167706689
C14 900.005 92.62227462708013
C14 919.989 85.89326904367141
C14 959.989 73.33067239301265
C14 1000.013 38.17219088898224
C14 1030.002 16.633770273726135
C14 1049.996 8.98156691554486
C14 1080.005 0.702753505561037
C14 1100.007 0.09559637562901285
C15 319.992 49.35465839989673
C15 330.006 52.3809535024954
C15 349.994 59.24203261227415
C15 370.001 69.41996475721953
C15 400.009 85.68638126805538
C15 429.983 88.90037570866627
C15 449.989 88.59449303904869
C15 469.993 87.91739673143272
C15 500.016 87.8601986614462
C15 549.99 90.11404438710815
C15 569.998 91.26709504675614
C15 599.983 93.73855509887964
C15 630.013 95.94666379105051
C15 649.987 96.94185359221376
C15 670.017 98.07997736120582
C15 699.987 99.64671941227182
C15 720.012 100.28243204405084
C15 749.995 101.10394659257979
C15 770.007 101.62743593776675
C15 800.008 102.0745693789321
C15 830.013 101.42825261058255
C15 869.994 98.20091501399834
C15 900.005 92.44221853036227
C15 919.989 85.75533110844042
C15 959.989 73.36640205952376
C15 1000.013 38.16944804413337
C15 1030.002 16.63368611391208
C15 1049.996 8.99592955290203
C15 1080.005 0.7009051410040602
C15 1100.007 0.09534494045140099
C16 319.992 49.23379343057997
C16 330.006 52.19742772617095
C16 349.994 58.986634354749405
C16 370.001 69.20974884350235
C16 400.009 85.68058954267018
C16 429.983 88.98755762513181
C16 449.989 88.68997617353662
C16 469.993 88.0077461172635
C16 500.016 87.91305867556295
C16 549.99 90.0942438781294
C16 569.998 91.21950649735591
C16 599.983 93.66492291247646
C16 630.013 95.86026226558799
C16 649.987 96.84940021103169
C16 670.017 97.98828906924241
C16 699.987 99.55792315755492
C16 720.012 100.20209002520005
C16 749.995 101.03964849464417
C16 770.007 101.57710071807155
C16 800.008 102.03963540520839
C16 830.013 101.40165810934216
C16 869.994 98.16608815276525
C16 900.005 92.36515874425952
C16 919.989 85.7214223542697
C16 959.989 73.4335921947059
C16 1000.013 38.14511820698019
C16 1030.002 16.60251064097501
C16 1049.996 8.976967772979231
C16 1080.005 0.700459415444674
C16 1100.007 0.09528430788583518
C17 319.992 49.15337490280733
C17 330.006 52.06429455123309
C17 349.994 58.7904693045328
C17 370.001 69.03592057302433
C17 400.009 85.68101034174043
C17 429.983 89.08524421656946
C17 449.989 88.80405862693001
C17 469.993 88.12009181813053
C17 500.016 87.99946785191766
C17 549.99 90.10139746232382
C17 569.998 91.20081536774421
C17 599.983 93.61690591311377
C17 630.013 95.80343908931862
C17 649.987 96.78550761038197
C17 670.017 97.92492438015356
C17 699.987 99.5022017097604
C17 720.012 100.14612374885557
C17 749.995 100.99163914617368
C17 770.007 101.54095790338236
C17 800.008 102.02412704674629
C17 830.013 101.41850537393691
C17 869.994 98.15534630013536
C17 900.005 92.24880397588673
C17 919.989 85.68520303065866
C17 959.989 73.72609345388923
C17 1000.013 38.216309758775886
C17 1030.002 16.58410068165116
C17 1049.996 8.94371986462113
C17 1080.005 0.7001266055736132
C17 1100.007 0.09523903537250694
