lsstCam/transmission_sensor/r03_s01/19700101T000000.ecsv
# %ECSV 1.0
# ---
# datatype:
# - {name: amp_name, datatype: string}
# - {name: wavelength, unit: nm, datatype: float32}
# - {name: efficiency, unit: '%', datatype: float64}
# meta: !!omap
# - {MODE: AMP}
# - {TYPE: transmission_sensor}
# - {CALIBDATE: '1970-01-01T00:00:00'}
# - {INSTRUME: LSSTCAM}
# - {OBSTYPE: transmission_sensor}
# - {DETECTOR: 19}
# - {PARQUETFILE: qe_raft_allvalues_nircorrected_20230725.parquet}
# - {CALIBCLS: lsst.ip.isr.IntermediateSensorTransmissionCurve}
# - {CALIB_ID: 'raftName=R03 detectorName=S01 detector=19 calibDate=1970-01-01T00:00:00 ccd=19 ccdnum=19 filter=None'}
# - {DATE: '2024-01-18T22:42:25.039051'}
# - {CALIB_CREATION_DATE: '2024-01-18'}
# - {CALIB_CREATION_TIME: '22:42:25'}
# - __serialized_columns__:
#     efficiency:
#       __class__: astropy.units.quantity.Quantity
#       unit: !astropy.units.Unit {unit: '%'}
#       value: !astropy.table.SerializedColumn {name: efficiency}
#     wavelength:
#       __class__: astropy.units.quantity.Quantity
#       unit: !astropy.units.Unit {unit: nm}
#       value: !astropy.table.SerializedColumn {name: wavelength}
# schema: astropy-2.0
amp_name wavelength efficiency
C00 319.992 48.70975410625509
C00 330.006 53.067252785383836
C00 349.994 61.63726571477159
C00 370.001 71.52697403966758
C00 400.009 83.10526229387062
C00 429.983 83.48980563846837
C00 449.989 82.94046081358314
C00 469.993 82.96445184938837
C00 500.016 83.81269691743675
C00 549.99 87.0643808078218
C00 569.998 88.43565677976407
C00 599.983 90.98958915035267
C00 630.013 92.96911856139009
C00 649.987 94.11741785291011
C00 670.017 95.2409177351625
C00 699.987 96.29753495590118
C00 720.012 96.71850762046924
C00 749.995 98.1102988766417
C00 770.007 99.08975843337348
C00 800.008 99.3247473854537
C00 830.013 98.47877728284115
C00 869.994 94.77418603623191
C00 900.005 87.20501603524488
C00 919.989 78.85951638990997
C00 959.989 57.06291546125841
C00 1000.013 30.671364215486417
C00 1030.002 12.798118714500221
C00 1049.996 6.014619603458488
C00 1080.005 0.5026938088097457
C00 1100.007 0.12134003771073228
C01 319.992 48.43013832680165
C01 330.006 52.70043804329467
C01 349.994 61.17589836384569
C01 370.001 71.21748778434709
C01 400.009 83.1085364159753
C01 429.983 83.55843344598058
C01 449.989 82.96300313762404
C01 469.993 82.93198592176454
C01 500.016 83.68804712630975
C01 549.99 86.87309504545767
C01 569.998 88.24927027331455
C01 599.983 90.82883297401075
C01 630.013 92.83460984765148
C01 649.987 93.99823968772532
C01 670.017 95.15584339488206
C01 699.987 96.22440630781367
C01 720.012 96.64150193766702
C01 749.995 98.04394966281599
C01 770.007 99.05474313549986
C01 800.008 99.29686409094137
C01 830.013 98.46715115829578
C01 869.994 94.70158276484796
C01 900.005 87.0637059475779
C01 919.989 78.82669325629128
C01 959.989 57.227100900694495
C01 1000.013 30.646567119349523
C01 1030.002 12.775004317064163
C01 1049.996 6.011296540206204
C01 1080.005 0.5023538785749263
C01 1100.007 0.12125798548174288
C02 319.992 48.207048819543004
C02 330.006 52.384930995602346
C02 349.994 60.774273984627456
C02 370.001 70.89566356929781
C02 400.009 83.04226908159636
C02 429.983 83.58343861659644
C02 449.989 82.99015688594606
C02 469.993 82.92651897486924
C02 500.016 83.61767188576553
C02 549.99 86.73664577186594
C02 569.998 88.0988969266789
C02 599.983 90.67203036765807
C02 630.013 92.67623620520169
C02 649.987 93.83790036373982
C02 670.017 94.98952581743175
C02 699.987 96.06966398019372
C02 720.012 96.50079424873535
C02 749.995 97.9143112101554
C02 770.007 98.9291278180746
C02 800.008 99.1927364760582
C02 830.013 98.39923602508541
C02 869.994 94.62863660327062
C02 900.005 86.95740308284472
C02 919.989 78.79462255609896
C02 959.989 57.37573224824291
C02 1000.013 30.65041840579649
C02 1030.002 12.75784237263574
C02 1049.996 6.01941719879003
C02 1080.005 0.5016896507390363
C02 1100.007 0.12109765442286978
C03 319.992 47.93752234629211
C03 330.006 52.02787062603396
C03 349.994 60.30169970852123
C03 370.001 70.47846583369025
C03 400.009 82.86759690986115
C03 429.983 83.51267187391953
C03 449.989 82.92466160995332
C03 469.993 82.85185026093222
C03 500.016 83.49449314899775
C03 549.99 86.53964555607715
C03 569.998 87.87666829132108
C03 599.983 90.42160037408387
C03 630.013 92.41184906442237
C03 649.987 93.57144033229261
C03 670.017 94.72610393779347
C03 699.987 95.81264101981064
C03 720.012 96.24534142206122
C03 749.995 97.67996936933274
C03 770.007 98.70409486965288
C03 800.008 98.98341688397447
C03 830.013 98.20236299012446
C03 869.994 94.46667316583424
C03 900.005 86.79961215659965
C03 919.989 78.65006305866281
C03 959.989 57.27248161107176
C03 1000.013 30.56428177467705
C03 1030.002 12.708368802857894
C03 1049.996 6.001930952465034
C03 1080.005 0.5004889565627243
C03 1100.007 0.12080783132562951
C04 319.992 47.985080346306866
C04 330.006 52.00813689741979
C04 349.994 60.22702586815821
C04 370.001 70.48383152034853
C04 400.009 83.16460015064445
C04 429.983 83.91514817407675
C04 449.989 83.3417417340462
C04 469.993 83.24627332679034
C04 500.016 83.85790977316682
C04 549.99 86.84896075644863
C04 569.998 88.16922037337721
C04 599.983 90.70534161461067
C04 630.013 92.69277294340858
C04 649.987 93.85980680022786
C04 670.017 95.01626155061784
C04 699.987 96.11639475267478
C04 720.012 96.56925445008703
C04 749.995 98.0154097985112
C04 770.007 99.05362498732516
C04 800.008 99.34528508087408
C04 830.013 98.57845651550164
C04 869.994 94.85357257013736
C04 900.005 87.16069830323805
C04 919.989 78.93389372426479
C04 959.989 57.43796070603212
C04 1000.013 30.6346642661285
C04 1030.002 12.73322469599119
C04 1049.996 6.012731395859862
C04 1080.005 0.5022076836309769
C04 1100.007 0.12122269700255126
C05 319.992 45.00538686160788
C05 330.006 48.723064048339175
C05 349.994 56.36896973561067
C05 370.001 66.05250744314732
C05 400.009 78.19247197645923
C05 429.983 78.99430229371055
C05 449.989 78.4626808286069
C05 469.993 78.36634076675554
C05 500.016 78.9132915319398
C05 549.99 81.6522145479666
C05 569.998 82.87561307029452
C05 599.983 85.23553658415652
C05 630.013 87.09806367325102
C05 649.987 88.19580491073805
C05 670.017 89.29529167330803
C05 699.987 90.33938002325333
C05 720.012 90.77060053925628
C05 749.995 92.14423578359207
C05 770.007 93.13339061107743
C05 800.008 93.41808369602546
C05 830.013 92.71482471846936
C05 869.994 89.25938615211932
C05 900.005 82.05200232014506
C05 919.989 74.32456463697419
C05 959.989 54.08626850597402
C05 1000.013 28.866225799209825
C05 1030.002 12.012627955361904
C05 1049.996 5.666968258021062
C05 1080.005 0.47212519690068205
C05 1100.007 0.11396139795665813
C06 319.992 48.16447194736825
C06 330.006 52.086248143203875
C06 349.994 60.21017258679795
C06 370.001 70.62897802383289
C06 400.009 83.84685842574488
C06 429.983 84.79230074913424
C06 449.989 84.22879559878979
C06 469.993 84.09940170324201
C06 500.016 84.64471790772966
C06 549.99 87.5203867697409
C06 569.998 88.821019154539
C06 599.983 91.34739095713732
C06 630.013 93.34969393964735
C06 649.987 94.5268693366731
C06 670.017 95.70305013800707
C06 699.987 96.83599668456094
C06 720.012 97.31179230792206
C06 749.995 98.80221146554543
C06 770.007 99.86368206597203
C06 800.008 100.18947430876291
C06 830.013 99.4580368446776
C06 869.994 95.7965429643759
C06 900.005 88.07531932862136
C06 919.989 79.8062905931527
C06 959.989 58.12900851564684
C06 1000.013 31.022918413539305
C06 1030.002 12.929284264257564
C06 1049.996 6.088880863517164
C06 1080.005 0.5062390916170993
C06 1100.007 0.12219579670756191
C07 319.992 47.748019018347726
C07 330.006 51.588767518082214
C07 349.994 59.587034011783274
C07 370.001 69.91609039874567
C07 400.009 83.21056493790853
C07 429.983 84.23099032477406
C07 449.989 83.68393696824057
C07 469.993 83.5359193263175
C07 500.016 84.05538411034611
C07 549.99 86.8635511661017
C07 569.998 88.14146131378911
C07 599.983 90.64053582706586
C07 630.013 92.63318122792863
C07 649.987 93.80751738025303
C07 670.017 94.97341133314173
C07 699.987 96.11060444250238
C07 720.012 96.59802596699157
C07 749.995 98.0925211682803
C07 770.007 99.15392062729103
C07 800.008 99.49167987257313
C07 830.013 98.79850693719312
C07 869.994 95.21324947473882
C07 900.005 87.39613989428548
C07 919.989 79.26849235086176
C07 959.989 58.09568781821784
C07 1000.013 30.934456186032882
C07 1030.002 12.897792340366315
C07 1049.996 6.054671979451666
C07 1080.005 0.5026028179071863
C07 1100.007 0.12131807436176238
C10 319.992 49.03268290355806
C10 330.006 53.42137311538478
C10 349.994 62.0066341144868
C10 370.001 72.00583817702953
C10 400.009 83.6705342426281
C10 429.983 84.0268020447319
C10 449.989 83.47180420064178
C10 469.993 83.53886082110895
C10 500.016 84.41246049022703
C10 549.99 87.69078138094868
C10 569.998 89.03751453649677
C10 599.983 91.57424099561567
C10 630.013 93.54225589479455
C10 649.987 94.69362938430793
C10 670.017 95.83028151951987
C10 699.987 96.90155338857686
C10 720.012 97.3102877695574
C10 749.995 98.7116063524021
C10 770.007 99.71075091394327
C10 800.008 99.94997030081863
C10 830.013 99.07569979845633
C10 869.994 95.52890226016228
C10 900.005 87.77220001837756
C10 919.989 79.07654374442077
C10 959.989 57.21872841050234
C10 1000.013 30.62730451023185
C10 1030.002 12.764855702801333
C10 1049.996 6.016409595642925
C10 1080.005 0.5057747754320377
C10 1100.007 0.12208372024587148
C11 319.992 48.53884125918392
C11 330.006 52.81636559568102
C11 349.994 61.26331549978606
C11 370.001 71.33005801868663
C11 400.009 83.24430783101474
C11 429.983 83.69555083050116
C11 449.989 83.12580961688245
C11 469.993 83.15756134739733
C11 500.016 83.95458011038178
C11 549.99 87.15952274665821
C11 569.998 88.49850691950121
C11 599.983 91.02923653301308
C11 630.013 92.9951239757658
C11 649.987 94.13855707995975
C11 670.017 95.2859592839898
C11 699.987 96.36437592101943
C11 720.012 96.77905973100765
C11 749.995 98.18958954567256
C11 770.007 99.20617341749546
C11 800.008 99.4619976558342
C11 830.013 98.60454604804552
C11 869.994 95.09533251888433
C11 900.005 87.4236128115972
C11 919.989 78.8452556469515
C11 959.989 57.097759528744035
C11 1000.013 30.50202497259366
C11 1030.002 12.747380082002634
C11 1049.996 6.033101663022718
C11 1080.005 0.5031001080254711
C11 1100.007 0.1214381100587381
C12 319.992 48.47604467002324
C12 330.006 52.680284853782425
C12 349.994 61.06525629875638
C12 370.001 71.2347390908705
C12 400.009 83.43206901600402
C12 429.983 83.969523689114
C12 449.989 83.39053872368764
C12 469.993 83.38100546663037
C12 500.016 84.11020295104179
C12 549.99 87.25597826764547
C12 569.998 88.59009025137563
C12 599.983 91.12934152078192
C12 630.013 93.10900078601573
C12 649.987 94.26675554252198
C12 670.017 95.41266891994279
C12 699.987 96.5022298439699
C12 720.012 96.93092916761017
C12 749.995 98.3632916382012
C12 770.007 99.39348950198391
C12 800.008 99.66483363239288
C12 830.013 98.83959140049322
C12 869.994 95.29762282471775
C12 900.005 87.6300746242085
C12 919.989 79.13383516125393
C12 959.989 57.4152129222104
C12 1000.013 30.613795667473997
C12 1030.002 12.780912381906193
C12 1049.996 6.062230663745029
C12 1080.005 0.5039901320239262
C12 1100.007 0.12165294370825468
C13 319.992 48.30259828606121
C13 330.006 52.43064842021206
C13 349.994 60.726510022715885
C13 370.001 70.95579357530846
C13 400.009 83.39893161123224
C13 429.983 84.02426296863503
C13 449.989 83.43884991863281
C13 469.993 83.40199737486917
C13 500.016 84.07388261891307
C13 549.99 87.15152993323179
C13 569.998 88.47332819574945
C13 599.983 91.00975161274599
C13 630.013 92.99565166494004
C13 649.987 94.15736488415298
C13 670.017 95.31473727836712
C13 699.987 96.41422455282408
C13 720.012 96.84394016866412
C13 749.995 98.28536676288576
C13 770.007 99.33008524743309
C13 800.008 99.62489755896232
C13 830.013 98.8246863045693
C13 869.994 95.26378850759129
C13 900.005 87.60996858350501
C13 919.989 79.19268823236824
C13 959.989 57.53861194191617
C13 1000.013 30.648556075622054
C13 1030.002 12.794882817227615
C13 1049.996 6.068223755310218
C13 1080.005 0.5035908781365799
C13 1100.007 0.12155657195889602
C14 319.992 48.471011227262196
C14 330.006 52.54755598578756
C14 349.994 60.819292756794084
C14 370.001 71.16486038090221
C14 400.009 83.92614002173168
C14 429.983 84.65014886415797
C14 449.989 84.0728482506162
C14 469.993 84.00364619413745
C14 500.016 84.63529580455896
C14 549.99 87.65897339734082
C14 569.998 88.97606238850958
C14 599.983 91.50977025637502
C14 630.013 93.50377917852619
C14 649.987 94.67944718265093
C14 670.017 95.84858733516108
C14 699.987 96.96748868979635
C14 720.012 97.41925933396944
C14 749.995 98.88577863620982
C14 770.007 99.9280393729939
C14 800.008 100.23739309957402
C14 830.013 99.46203449471444
C14 869.994 95.85773395562752
C14 900.005 88.12644341401622
C14 919.989 79.69099791663132
C14 959.989 57.93999577135936
C14 1000.013 30.817994148640157
C14 1030.002 12.86721481268653
C14 1049.996 6.1084738629981885
C14 1080.005 0.5066672460783069
C14 1100.007 0.12229914446629392
C15 319.992 48.21071833757667
C15 330.006 52.214378194443434
C15 349.994 60.38757267523007
C15 370.001 70.76347894259551
C15 400.009 83.71831549489546
C15 429.983 84.53602139501305
C15 449.989 83.96003512107218
C15 469.993 83.87369489570786
C15 500.016 84.46539638134293
C15 549.99 87.41065442125142
C15 569.998 88.70516430632502
C15 599.983 91.22231370243082
C15 630.013 93.20466117139144
C15 649.987 94.37912565502059
C15 670.017 95.54962712939198
C15 699.987 96.68478793084107
C15 720.012 97.14489972223001
C15 749.995 98.6256882253423
C15 770.007 99.6809061133339
C15 800.008 100.00152441362935
C15 830.013 99.24539779664994
C15 869.994 95.67548781783839
C15 900.005 87.95512713526317
C15 919.989 79.56302034828974
C15 959.989 57.96822647836107
C15 1000.013 30.815779736144187
C15 1030.002 12.867149710043643
C15 1049.996 6.118242068894215
C15 1080.005 0.5053346226585425
C15 1100.007 0.12197747633914655
C16 319.992 48.09265477110648
C16 330.006 52.03143604366763
C16 349.994 60.12723588127936
C16 370.001 70.54919463064364
C16 400.009 83.71265679527619
C16 429.983 84.61892332086927
C16 449.989 84.05052344658856
C16 469.993 83.95988872199156
C16 500.016 84.51621395418155
C16 549.99 87.39144792065012
C16 569.998 88.65891160055537
C16 599.983 91.15065803844516
C16 630.013 93.12072886371931
C16 649.987 94.28911634576477
C16 670.017 95.46030428955312
C16 699.987 96.59863108486567
C16 720.012 97.06707136081461
C16 749.995 98.56296620138377
C16 770.007 99.63153499359312
C16 800.008 99.96729991826824
C16 830.013 99.21937564023027
C16 869.994 95.64155659696162
C16 900.005 87.88180778625319
C16 919.989 79.53156011295279
C16 959.989 58.02131471581055
C16 1000.013 30.796137248732222
C16 1030.002 12.84303361967043
C16 1049.996 6.1053459297078705
C16 1080.005 0.5050132659667668
C16 1100.007 0.1218999073848143
C17 319.992 48.014100180369454
C17 330.006 51.898726242077224
C17 349.994 59.92727766404829
C17 370.001 70.37200218750976
C17 400.009 83.71306792933042
C17 429.983 84.7118142194504
C17 449.989 84.15863814384616
C17 469.993 84.06706715751953
C17 500.016 84.59928439384569
C17 549.99 87.39838689980863
C17 569.998 88.64074514393235
C17 599.983 91.10392996828992
C17 630.013 93.06552960319678
C17 649.987 94.22691279217364
C17 670.017 95.39857433632001
C17 699.987 96.54456591949959
C17 720.012 97.01285609905347
C17 749.995 98.5161336573167
C17 770.007 99.59608444340991
C17 800.008 99.95210652096273
C17 830.013 99.23586033195527
C17 869.994 95.63109099192846
C17 900.005 87.77110081050421
C17 919.989 79.49795615219351
C17 959.989 58.25242567071043
C17 1000.013 30.853613143502134
C17 1030.002 12.828792416538818
C17 1049.996 6.082733619282023
C17 1080.005 0.5047733185890536
C17 1100.007 0.12184198897931564
