lsstCam/transmission_sensor/r03_s01/19700101T000000.ecsv
# %ECSV 1.0
# ---
# datatype:
# - {name: amp_name, datatype: string}
# - {name: wavelength, unit: nm, datatype: float32}
# - {name: efficiency, unit: '%', datatype: float64}
# meta: !!omap
# - {MODE: AMP}
# - {TYPE: transmission_sensor}
# - {CALIBDATE: '1970-01-01T00:00:00'}
# - {INSTRUME: LSSTCAM}
# - {OBSTYPE: transmission_sensor}
# - {DETECTOR: 19}
# - {PARQUETFILE: qe_raft_allvalues_nircorrected_20230725.parquet}
# - {CALIBCLS: lsst.ip.isr.IntermediateSensorTransmissionCurve}
# - {CALIB_ID: 'raftName=R03 detectorName=S01 detector=19 calibDate=1970-01-01T00:00:00 ccd=19 ccdnum=19 filter=None'}
# - {DATE: '2023-08-02T16:57:55.538102'}
# - {CALIB_CREATION_DATE: '2023-08-02'}
# - {CALIB_CREATION_TIME: '16:57:55'}
# - __serialized_columns__:
#     efficiency:
#       __class__: astropy.units.quantity.Quantity
#       unit: !astropy.units.Unit {unit: '%'}
#       value: !astropy.table.SerializedColumn {name: efficiency}
#     wavelength:
#       __class__: astropy.units.quantity.Quantity
#       unit: !astropy.units.Unit {unit: nm}
#       value: !astropy.table.SerializedColumn {name: wavelength}
# schema: astropy-2.0
amp_name wavelength efficiency
C00 319.992 49.72542190551758
C00 330.006 53.08696365356445
C00 349.994 60.29811477661133
C00 370.001 69.9718017578125
C00 400.009 84.81991577148438
C00 429.983 87.5534439086914
C00 449.989 87.2727279663086
C00 469.993 86.71996307373047
C00 500.016 86.9363021850586
C00 549.99 89.5048599243164
C00 569.998 90.73413848876953
C00 599.983 93.2366943359375
C00 630.013 95.4352798461914
C00 649.987 96.40140533447266
C00 670.017 97.48839569091797
C00 699.987 98.96873474121094
C00 720.012 99.56172943115234
C00 749.995 100.29300689697266
C00 770.007 100.74088287353516
C00 800.008 101.09889221191406
C00 830.013 100.36197662353516
C00 869.994 97.00249481201172
C00 900.005 91.39630889892578
C00 919.989 84.75824737548828
C00 959.989 72.01768493652344
C00 1000.013 37.88382339477539
C00 1030.002 16.497961044311523
C00 1049.996 8.818719863891602
C00 1080.005 0.6952831730631386
C00 1100.007 0.09458017762232687
C01 319.992 49.43997573852539
C01 330.006 52.72001266479492
C01 349.994 59.846771240234375
C01 370.001 69.6690444946289
C01 400.009 84.82325744628906
C01 429.983 87.62541198730469
C01 449.989 87.29644775390625
C01 469.993 86.68602752685547
C01 500.016 86.8070068359375
C01 549.99 89.30821228027344
C01 569.998 90.54290771484375
C01 599.983 93.07196807861328
C01 630.013 95.29720306396484
C01 649.987 96.27933502197266
C01 670.017 97.40131378173828
C01 699.987 98.8935775756836
C01 720.012 99.48246002197266
C01 749.995 100.22518157958984
C01 770.007 100.70528411865234
C01 800.008 101.07051086425781
C01 830.013 100.35012817382812
C01 869.994 96.92818450927734
C01 900.005 91.24820709228516
C01 919.989 84.72296905517578
C01 959.989 72.22489929199219
C01 1000.013 37.85319519042969
C01 1030.002 16.468164443969727
C01 1049.996 8.813847541809082
C01 1080.005 0.6948130105742769
C01 1100.007 0.09451622087286034
C02 319.992 49.21223449707031
C02 330.006 52.404388427734375
C02 349.994 59.45387268066406
C02 370.001 69.35421752929688
C02 400.009 84.75562286376953
C02 429.983 87.6516342163086
C02 449.989 87.32501983642578
C02 469.993 86.68031311035156
C02 500.016 86.7340087890625
C02 549.99 89.16793823242188
C02 569.998 90.38862609863281
C02 599.983 92.91129302978516
C02 630.013 95.13462829589844
C02 649.987 96.11510467529297
C02 670.017 97.23107147216797
C02 699.987 98.73454284667969
C02 720.012 99.33761596679688
C02 749.995 100.09265899658203
C02 770.007 100.57757568359375
C02 800.008 100.96452331542969
C02 830.013 100.28091430664062
C02 869.994 96.85352325439453
C02 900.005 91.13679504394531
C02 919.989 84.6884994506836
C02 959.989 72.41248321533203
C02 1000.013 37.85795211791992
C02 1030.002 16.446041107177734
C02 1049.996 8.825754165649414
C02 1080.005 0.6938943073213605
C02 1100.007 0.09439124860226698
C03 319.992 48.93708801269531
C03 330.006 52.04719543457031
C03 349.994 58.9915657043457
C03 370.001 68.94609069824219
C03 400.009 84.57734680175781
C03 429.983 87.57742309570312
C03 449.989 87.256103515625
C03 469.993 86.60226440429688
C03 500.016 86.60623931884766
C03 549.99 88.96541595458984
C03 569.998 90.1606216430664
C03 599.983 92.65467834472656
C03 630.013 94.86322784423828
C03 649.987 95.84217834472656
C03 670.017 96.96143341064453
C03 699.987 98.47039031982422
C03 720.012 99.07465362548828
C03 749.995 99.85310363769531
C03 770.007 100.34879302978516
C03 800.008 100.75146484375
C03 830.013 100.08027648925781
C03 869.994 96.68775177001953
C03 900.005 90.97142028808594
C03 919.989 84.53312683105469
C03 959.989 72.28217315673828
C03 1000.013 37.75156021118164
C03 1030.002 16.382265090942383
C03 1049.996 8.800115585327148
C03 1080.005 0.6922336096120307
C03 1100.007 0.09416534196392075
C04 319.992 48.98563766479492
C04 330.006 52.0274543762207
C04 349.994 58.918514251708984
C04 370.001 68.95133972167969
C04 400.009 84.88047790527344
C04 429.983 87.9994888305664
C04 449.989 87.6949691772461
C04 469.993 87.01454162597656
C04 500.016 86.98320007324219
C04 549.99 89.28340148925781
C04 569.998 90.46077728271484
C04 599.983 92.94542694091797
C04 630.013 95.15160369873047
C04 649.987 96.13754272460938
C04 670.017 97.25843811035156
C04 699.987 98.7825698852539
C04 720.012 99.40808868408203
C04 749.995 100.19600677490234
C04 770.007 100.70414733886719
C04 800.008 101.11979675292969
C04 830.013 100.46356201171875
C04 869.994 97.08374786376953
C04 900.005 91.34986114501953
C04 919.989 84.83818817138672
C04 959.989 72.49102020263672
C04 1000.013 37.83849334716797
C04 1030.002 16.414306640625
C04 1049.996 8.815951347351074
C04 1080.005 0.6946108062050693
C04 1100.007 0.09448871477765108
C05 319.992 45.94381332397461
C05 330.006 48.74116134643555
C05 349.994 55.14427947998047
C05 370.001 64.61636352539062
C05 400.009 79.8057632446289
C05 429.983 82.8391342163086
C05 449.989 82.5610580444336
C05 469.993 81.91371154785156
C05 500.016 81.85430145263672
C05 549.99 83.94098663330078
C05 569.998 85.02958679199219
C05 599.983 87.34053802490234
C05 630.013 89.40848541259766
C05 649.987 90.33609008789062
C05 670.017 91.4024658203125
C05 699.987 92.84530639648438
C05 720.012 93.43897247314453
C05 749.995 94.1942138671875
C05 770.007 94.68526458740234
C05 800.008 95.08672332763672
C05 830.013 94.48780059814453
C05 869.994 91.3580322265625
C05 900.005 85.9956283569336
C05 919.989 79.88407897949219
C05 959.989 68.26093292236328
C05 1000.013 35.65420150756836
C05 1030.002 15.485390663146973
C05 1049.996 8.308988571166992
C05 1080.005 0.6530032780021804
C05 1100.007 0.08882879438792254
C06 319.992 49.16876983642578
C06 330.006 52.105594635009766
C06 349.994 58.90202713012695
C06 370.001 69.09333038330078
C06 400.009 85.57681274414062
C06 429.983 88.9193344116211
C06 449.989 88.62835693359375
C06 469.993 87.90628814697266
C06 500.016 87.79933166503906
C06 549.99 89.97364807128906
C06 569.998 91.1295166015625
C06 599.983 93.60333251953125
C06 630.013 95.8259506225586
C06 649.987 96.82079315185547
C06 670.017 97.96143341064453
C06 699.987 99.52213287353516
C06 720.012 100.17245483398438
C06 749.995 101.00031280517578
C06 770.007 101.52770233154297
C06 800.008 101.97906494140625
C06 830.013 101.3599624633789
C06 869.994 98.04888916015625
C06 900.005 92.30844116210938
C06 919.989 85.77584075927734
C06 959.989 73.36317443847656
C06 1000.013 38.31804656982422
C06 1030.002 16.66704559326172
C06 1049.996 8.927602767944336
C06 1080.005 0.7001867056639071
C06 1100.007 0.0952472108575975
C07 319.992 48.74363327026367
C07 330.006 51.60792922973633
C07 349.994 58.29242706298828
C07 370.001 68.39594268798828
C07 400.009 84.9273910522461
C07 429.983 88.33070373535156
C07 449.989 88.05503845214844
C07 469.993 87.31729888916016
C07 500.016 87.18803405761719
C07 549.99 89.29840087890625
C07 569.998 90.43229675292969
C07 599.983 92.87902069091797
C07 630.013 95.0904312133789
C07 649.987 96.083984375
C07 670.017 97.2145767211914
C07 699.987 98.77661895751953
C07 720.012 99.43770599365234
C07 749.995 100.27483367919922
C07 770.007 100.80611419677734
C07 800.008 101.26880645751953
C07 830.013 100.68782043457031
C07 869.994 97.4518814086914
C07 900.005 91.59661865234375
C07 919.989 85.19781494140625
C07 959.989 73.32112121582031
C07 1000.013 38.20878219604492
C07 1030.002 16.626449584960938
C07 1049.996 8.877445220947266
C07 1080.005 0.6951573222124962
C07 1100.007 0.09456305798493475
C10 319.992 50.055084228515625
C10 330.006 53.44121551513672
C10 349.994 60.65945816040039
C10 370.001 70.44025421142578
C10 400.009 85.3968505859375
C10 429.983 88.1165771484375
C10 449.989 87.83182525634766
C10 469.993 87.32037353515625
C10 500.016 87.55841827392578
C10 549.99 90.14881896972656
C10 569.998 91.35163879394531
C10 599.983 93.83578491210938
C10 630.013 96.02362060546875
C10 649.987 96.9916000366211
C10 670.017 98.09166717529297
C10 699.987 99.58950805664062
C10 720.012 100.17090606689453
C10 749.995 100.9076919555664
C10 770.007 101.37222290039062
C10 800.008 101.73528289794922
C10 830.013 100.9703140258789
C10 869.994 97.77495574951172
C10 900.005 91.99075317382812
C10 919.989 84.99150848388672
C10 959.989 72.2143325805664
C10 1000.013 37.829402923583984
C10 1030.002 16.455081939697266
C10 1049.996 8.821344375610352
C10 1080.005 0.6995445031446068
C10 1100.007 0.0951598513029612
C11 319.992 49.55094528198242
C11 330.006 52.83598327636719
C11 349.994 59.932289123535156
C11 370.001 69.77916717529297
C11 400.009 84.96183013916016
C11 429.983 87.76920318603516
C11 449.989 87.46775817871094
C11 469.993 86.92181396484375
C11 500.016 87.0834732055664
C11 549.99 89.60266876220703
C11 569.998 90.79862213134766
C11 599.983 93.2773208618164
C11 630.013 95.46197509765625
C11 649.987 96.42305755615234
C11 670.017 97.53450012207031
C11 699.987 99.03742980957031
C11 720.012 99.62406158447266
C11 749.995 100.37406158447266
C11 770.007 100.85923767089844
C11 800.008 101.23859405517578
C11 830.013 100.49015045166016
C11 869.994 97.33119201660156
C11 900.005 91.62541198730469
C11 919.989 84.742919921875
C11 959.989 72.06166076660156
C11 1000.013 37.67466354370117
C11 1030.002 16.432554244995117
C11 1049.996 8.845818519592285
C11 1080.005 0.6958451314620127
C11 1100.007 0.09465662147605586
C12 319.992 49.486839294433594
C12 330.006 52.699851989746094
C12 349.994 59.73853302001953
C12 370.001 69.68592071533203
C12 400.009 85.1534652709961
C12 429.983 88.05651092529297
C12 449.989 87.7463150024414
C12 469.993 87.1553726196289
C12 500.016 87.2448959350586
C12 549.99 89.70182800292969
C12 569.998 90.89258575439453
C12 599.983 93.37989807128906
C12 630.013 95.57887268066406
C12 649.987 96.55436706542969
C12 670.017 97.66419982910156
C12 699.987 99.17910766601562
C12 720.012 99.7803955078125
C12 749.995 100.55162811279297
C12 770.007 101.04967498779297
C12 800.008 101.44505310058594
C12 830.013 100.72969055175781
C12 869.994 97.53823852539062
C12 900.005 91.841796875
C12 919.989 85.05308532714844
C12 959.989 72.46231079101562
C12 1000.013 37.81271743774414
C12 1030.002 16.475780487060547
C12 1049.996 8.888527870178223
C12 1080.005 0.6970761366960205
C12 1100.007 0.09482407654788443
C13 319.992 49.309776306152344
C13 330.006 52.45012283325195
C13 349.994 59.40714645385742
C13 370.001 69.41304016113281
C13 400.009 85.11964416503906
C13 429.983 88.1139144897461
C13 449.989 87.79714965820312
C13 469.993 87.17731475830078
C13 500.016 87.20722198486328
C13 549.99 89.59445190429688
C13 569.998 90.77278900146484
C13 599.983 93.25735473632812
C13 630.013 95.46251678466797
C13 649.987 96.44232177734375
C13 670.017 97.56395721435547
C13 699.987 99.08866119384766
C13 720.012 99.69084930419922
C13 749.995 100.47196960449219
C13 770.007 100.98521423339844
C13 800.008 101.40440368652344
C13 830.013 100.7145004272461
C13 869.994 97.50360870361328
C13 900.005 91.82072448730469
C13 919.989 85.11634063720703
C13 959.989 72.61804962158203
C13 1000.013 37.85565185546875
C13 1030.002 16.493789672851562
C13 1049.996 8.89731502532959
C13 1080.005 0.6965239227940646
C13 1100.007 0.0947489582493897
C14 319.992 49.4817008972168
C14 330.006 52.567073822021484
C14 349.994 59.4979133605957
C14 370.001 69.61756134033203
C14 400.009 85.65773010253906
C14 429.983 88.770263671875
C14 449.989 88.46426391601562
C14 469.993 87.80619812011719
C14 500.016 87.78955841064453
C14 549.99 90.11611938476562
C14 569.998 91.28858947753906
C14 599.983 93.76972198486328
C14 630.013 95.98412322998047
C14 649.987 96.9770736694336
C14 670.017 98.11040496826172
C14 699.987 99.65727233886719
C14 720.012 100.2830810546875
C14 749.995 101.08573913574219
C14 770.007 101.59313201904297
C14 800.008 102.02783966064453
C14 830.013 101.3640365600586
C14 869.994 98.11151885986328
C14 900.005 92.36202239990234
C14 919.989 85.65192413330078
C14 959.989 73.12462615966797
C14 1000.013 38.06493377685547
C14 1030.002 16.587032318115234
C14 1049.996 8.956330299377441
C14 1080.005 0.7007788923730578
C14 1100.007 0.09532776670348446
C15 319.992 49.215980529785156
C15 330.006 52.23377227783203
C15 349.994 59.0755729675293
C15 370.001 69.22490692138672
C15 400.009 85.44561767578125
C15 429.983 88.65058135986328
C15 449.989 88.3455581665039
C15 469.993 87.67036437988281
C15 500.016 87.61332702636719
C15 549.99 89.86083984375
C15 569.998 91.01065063476562
C15 599.983 93.47516632080078
C15 630.013 95.67707061767578
C15 649.987 96.66946411132812
C15 670.017 97.80438995361328
C15 699.987 99.36672973632812
C15 720.012 100.00065612792969
C15 749.995 100.81986236572266
C15 770.007 101.34188079833984
C15 800.008 101.78775787353516
C15 830.013 101.14325714111328
C15 869.994 97.92498779296875
C15 900.005 92.1824722290039
C15 919.989 85.51437377929688
C15 959.989 73.1602554321289
C15 1000.013 38.062198638916016
C15 1030.002 16.58694839477539
C15 1049.996 8.97065258026123
C15 1080.005 0.6989357213939167
C15 1100.007 0.09507703801429807
C16 319.992 49.095455169677734
C16 330.006 52.05076217651367
C16 349.994 58.820892333984375
C16 370.001 69.0152816772461
C16 400.009 85.4398422241211
C16 429.983 88.73751831054688
C16 449.989 88.4407730102539
C16 469.993 87.76045989990234
C16 500.016 87.6660385131836
C16 549.99 89.84109497070312
C16 569.998 90.96319580078125
C16 599.983 93.40174102783203
C16 630.013 95.59091186523438
C16 649.987 96.5772705078125
C16 670.017 97.71295928955078
C16 699.987 99.27818298339844
C16 720.012 99.92053985595703
C16 749.995 100.75574493408203
C16 770.007 101.29168701171875
C16 800.008 101.75292205810547
C16 830.013 101.11673736572266
C16 869.994 97.8902587890625
C16 900.005 92.10562896728516
C16 919.989 85.48056030273438
C16 959.989 73.22725677490234
C16 1000.013 38.03793716430664
C16 1030.002 16.55586051940918
C16 1049.996 8.951744079589844
C16 1080.005 0.6984912482446015
C16 1100.007 0.09501657581552891
C17 319.992 49.015262603759766
C17 330.006 51.91800308227539
C17 349.994 58.62527847290039
C17 370.001 68.8419418334961
C17 400.009 85.44026184082031
C17 429.983 88.83493041992188
C17 449.989 88.55453491210938
C17 469.993 87.87248992919922
C17 500.016 87.75220489501953
C17 549.99 89.84822845458984
C17 569.998 90.9445571899414
C17 599.983 93.3538589477539
C17 630.013 95.53424835205078
C17 649.987 96.51355743408203
C17 670.017 97.64977264404297
C17 699.987 99.22261810302734
C17 720.012 99.86473083496094
C17 749.995 100.70787048339844
C17 770.007 101.25564575195312
C17 800.008 101.73745727539062
C17 830.013 101.13353729248047
C17 869.994 97.87954711914062
C17 900.005 91.9896011352539
C17 919.989 85.44444274902344
C17 959.989 73.51893615722656
C17 1000.013 38.10892868041992
C17 1030.002 16.53750228881836
C17 1049.996 8.91858959197998
C17 1080.005 0.6981593735104774
C17 1100.007 0.09497143050996437
