lsstCam/transmission_filter_detector/r34_s00/z_20/19700101T000000.ecsv
# %ECSV 1.0
# ---
# datatype:
# - {name: wavelength, unit: nm, datatype: float32}
# - {name: efficiency, unit: '%', datatype: float64}
# meta: !!omap
# - {MODE: DETECTOR}
# - {TYPE: transmission_filter_detector}
# - {CALIBDATE: '1970-01-01T00:00:00'}
# - {INSTRUME: LSSTCam}
# - {OBSTYPE: transmission_filter_detector}
# - {CALIBCLS: lsst.ip.isr.IntermediateFilterDetectorTransmissionCurve}
# - {SOURCE: Materion (DM-46256)}
# - {DETECTOR: 153}
# - {FILTER: z_20}
# - {CALIB_ID: 'calibDate=1970-01-01T00:00:00 filter=z_20 detector=153'}
# - {DATE: '2025-04-02T15:59:49.350707'}
# - {CALIB_CREATION_DATE: '2025-04-02'}
# - {CALIB_CREATION_TIME: '15:59:49'}
# - __serialized_columns__:
#     efficiency:
#       __class__: astropy.units.quantity.Quantity
#       unit: !astropy.units.Unit {unit: '%'}
#       value: !astropy.table.SerializedColumn {name: efficiency}
#     wavelength:
#       __class__: astropy.units.quantity.Quantity
#       unit: !astropy.units.Unit {unit: nm}
#       value: !astropy.table.SerializedColumn {name: wavelength}
# schema: astropy-2.0
wavelength efficiency
300.0 0.34736795350909233
301.0 0.3142400411888957
302.0 0.28111215215176344
303.0 0.24383636191487312
304.0 0.2065605716779828
305.0 0.18054073443636298
306.0 0.1545208622701466
307.0 0.14772290596738458
308.0 0.14092493802309036
309.0 0.1339317997917533
310.0 0.12693866156041622
311.0 0.12014615349471569
312.0 0.11335365707054734
313.0 0.10970404837280512
314.0 0.10605442803353071
315.0 0.09312222246080637
316.0 0.08019000524654984
317.0 0.07432429119944572
318.0 0.06845857133157551
319.0 0.06773793138563633
320.0 0.06701729726046324
321.0 0.06121646147221327
322.0 0.05541563150472939
323.0 0.054428563453257084
324.0 0.05344150122255087
325.0 0.04898285842500627
326.0 0.04452421562746167
327.0 0.04092980525456369
328.0 0.03733539197128266
329.0 0.03549564571585506
330.0 0.03365589946042746
331.0 0.033325282856822014
332.0 0.03299466334283352
333.0 0.030219450127333403
334.0 0.027444239822216332
335.0 0.027342766406945884
336.0 0.027241295902058482
337.0 0.022890807304065675
338.0 0.018540317250881344
339.0 0.01920666400110349
340.0 0.019873013661708683
341.0 0.01855698210420087
342.0 0.017240950546693057
343.0 0.01621386327315122
344.0 0.015186777454800904
345.0 0.013772175589110702
346.0 0.012357572268228978
347.0 0.013441623013932258
348.0 0.014525672304444015
349.0 0.013665560982190073
350.0 0.012805448204744607
351.0 0.01271729706786573
352.0 0.012629147386178374
353.0 0.013603181287180632
354.0 0.014577218098565936
355.0 0.012782550766132772
356.0 0.010987881250912324
357.0 0.010735997057054192
358.0 0.010484113590791821
359.0 0.010438303434057161
360.0 0.010392494732514024
361.0 0.009712253086036071
362.0 0.009032014349941164
363.0 0.008548204641556367
364.0 0.00806439493317157
365.0 0.008124300074996427
366.0 0.008184205216821283
367.0 0.008308768883580342
368.0 0.0084333325503394
369.0 0.008786565012997016
370.0 0.009139797475654632
371.0 0.0082872218627017
372.0 0.007434644794557244
373.0 0.007155238563427702
374.0 0.006875831604702398
375.0 0.006237249181140214
376.0 0.005598666029982269
377.0 0.0055287186114583164
378.0 0.005458771192934364
379.0 0.005401323505793698
380.0 0.005343876546248794
381.0 0.00561130691494327
382.0 0.0058787369198398665
383.0 0.005267385859042406
384.0 0.004656034798244946
385.0 0.0043586413084995
386.0 0.004061247818754055
387.0 0.004472276850719936
388.0 0.004883306610281579
389.0 0.004728329076897353
390.0 0.004573351907311007
391.0 0.00401351680920925
392.0 0.0034536817111074924
393.0 0.003775089862756431
394.0 0.004096497650607489
395.0 0.003780336191994138
396.0 0.003464175097178668
397.0 0.003766168811125681
398.0 0.004068162525072694
399.0 0.004093642928637564
400.0 0.004119123696000315
401.0 0.004230338163324632
402.0 0.004341552630648948
403.0 0.00412556400988251
404.0 0.003909575752913952
405.0 0.0037911508115939796
406.0 0.0036727258702740073
407.0 0.004036938480567187
408.0 0.004401151818456128
409.0 0.0034880366001743823
410.0 0.0025749213818926364
411.0 0.0032578507671132684
412.0 0.00394077978853602
413.0 0.004031447315355763
414.0 0.004122114842175506
415.0 0.004150683525949717
416.0 0.004179252573521808
417.0 0.0032901491067605093
418.0 0.002401045639999211
419.0 0.0029087235816405155
420.0 0.00341640152328182
421.0 0.0035024891985813156
422.0 0.003588576873880811
423.0 0.0035362070775590837
424.0 0.0034838372812373564
425.0 0.0030517810955643654
426.0 0.0026197250917903148
427.0 0.0029991831979714334
428.0 0.0033786414860514924
429.0 0.00302415373880649
430.0 0.0026696661734604277
431.0 0.0018041204384644516
432.0 0.0009385746125190053
433.0 0.0015608307876391336
434.0 0.002183087053708732
435.0 0.002591743032098748
436.0 0.0030003986466908827
437.0 0.0026743049602373503
438.0 0.002348211273783818
439.0 0.002424548438284546
440.0 0.0025008856027852744
441.0 0.0026956515284837224
442.0 0.0028904174541821703
443.0 0.0027218551622354425
444.0 0.0025532928702887148
445.0 0.0024771798052825034
446.0 0.0024010669221752323
447.0 0.0024251883587567136
448.0 0.002449309977237135
449.0 0.00215870877582347
450.0 0.0018681077563087456
451.0 0.0019533887098077685
452.0 0.0020386698452057317
453.0 0.001764907210599631
454.0 0.0014911445759935305
455.0 0.0016586174751864746
456.0 0.0018260905562783591
457.0 0.001544255246699322
458.0 0.0012624202099686954
459.0 0.001655988126003649
460.0 0.0020495557691901922
461.0 0.0017094544091378339
462.0 0.0013693532309844159
463.0 0.0014131282114249188
464.0 0.001456903282814892
465.0 0.001347063880530186
466.0 0.0012372245691949502
467.0 0.001273408270208165
468.0 0.0013095918802719098
469.0 0.0011662619726848789
470.0 0.0010229321560473181
471.0 0.0011887378605024423
472.0 0.0013545433830586262
473.0 0.0013700419913220685
474.0 0.0013855405086360406
475.0 0.001393116508552339
476.0 0.0014006925084686372
477.0 0.0014905501302564517
478.0 0.001580407661094796
479.0 0.0017936570657184348
480.0 0.002006906652241014
481.0 0.001612511186976917
482.0 0.0012181159036117606
483.0 0.0012051384146616329
484.0 0.0011921610166609753
485.0 0.0011556167919479776
486.0 0.00111907256723498
487.0 0.0013271149327920284
488.0 0.001535157389298547
489.0 0.0017181526345666498
490.0 0.0019011478798347525
491.0 0.0017397505871485919
492.0 0.0015783531125634909
493.0 0.0018363643903285265
494.0 0.002094376031891443
495.0 0.0017812390069593675
496.0 0.0014681021639262326
497.0 0.0015588322639814578
498.0 0.001649562364036683
499.0 0.0014458240912063047
500.0 0.0012420859093253966
501.0 0.0011844224900414702
502.0 0.0011267593436059542
503.0 0.0010685741472116206
504.0 0.001010388950817287
505.0 0.0015730076484032907
506.0 0.0021356259821914136
507.0 0.001560062992211897
508.0 0.0009845000022323802
509.0 0.0012258457900315989
510.0 0.0014671916687802877
511.0 0.001423990852345014
512.0 0.0013807896721118595
513.0 0.001308776882069651
514.0 0.0012367640920274425
515.0 0.0011558725418581162
516.0 0.0010749808097898494
517.0 0.001129883366957074
518.0 0.0011847860150737688
519.0 0.0012669919669860974
520.0 0.0013491981007973664
521.0 0.0013819145351590123
522.0 0.0014146311514195986
523.0 0.0015621330021531321
524.0 0.001709634489088785
525.0 0.0013197368389228359
526.0 0.0009298390978074167
527.0 0.0010634600585035514
528.0 0.0011970812010986265
529.0 0.001349835019937018
530.0 0.0015025889297248796
531.0 0.0015568888557027094
532.0 0.0016111887816805393
533.0 0.0013815030797559302
534.0 0.001151817286881851
535.0 0.0012565148608700838
536.0 0.0013612125258077867
537.0 0.0015248179806803819
538.0 0.0016884236174519174
539.0 0.001461123611079529
540.0 0.0012338236047071405
541.0 0.0011606151929299813
542.0 0.001087406781152822
543.0 0.0009516888894722797
544.0 0.0008159709977917373
545.0 0.0010765976185211912
546.0 0.0013372239664022345
547.0 0.001478793546993984
548.0 0.0016203630366362631
549.0 0.001785435961210169
550.0 0.0019505087038851343
551.0 0.001945627445820719
552.0 0.0019407461877563037
553.0 0.0020538471289910376
554.0 0.002166947888326831
555.0 0.001724288631521631
556.0 0.0012816291018680204
557.0 0.0013629683962790295
558.0 0.0014443079635384493
559.0 0.0012573442290886305
560.0 0.001070380585588282
561.0 0.001116812836698955
562.0 0.0011632450878096279
563.0 0.001373993291053921
564.0 0.0015847415852476843
565.0 0.0017389995264238678
566.0 0.0018932576494989917
567.0 0.002029810639214702
568.0 0.0021663636289304122
569.0 0.002430083986837417
570.0 0.0026938047085423023
571.0 0.0026254565455019474
572.0 0.002557108564360533
573.0 0.0020714862330351025
574.0 0.001585863901709672
575.0 0.0016861433323356323
576.0 0.0017864225810626522
577.0 0.0019423081539571285
578.0 0.0020981935449526645
579.0 0.002024383320531342
580.0 0.0019505732780089602
581.0 0.0020502693587332033
582.0 0.0021499654394574463
583.0 0.0020738327293656766
584.0 0.0019976998373749666
585.0 0.0021913378077442758
586.0 0.0023849754143157043
587.0 0.0018664311937754974
588.0 0.0013478868822858203
589.0 0.001395795425196411
590.0 0.0014437041500059422
591.0 0.001715957660053391
592.0 0.00198821126105031
593.0 0.0013847869922756217
594.0 0.000781362996349344
595.0 0.001019003138935659
596.0 0.0012566432815219741
597.0 0.0008602399248047732
598.0 0.00046383652261283714
599.0 0.000880227980815107
600.0 0.0012966193935426418
601.0 0.00114078748083557
602.0 0.0009849555681284983
603.0 0.001300925578107126
604.0 0.001616895679035224
605.0 0.0014757085409655701
606.0 0.0013345215847948566
607.0 0.0011229458323214203
608.0 0.0009113703526963945
609.0 0.0009776508704817388
610.0 0.0010439314792165533
611.0 0.0010580192792986054
612.0 0.0010721070793806575
613.0 0.0011652347893686965
614.0 0.001258362772205146
615.0 0.0012040854926453903
616.0 0.0011498082130856346
617.0 0.0014162437764753122
618.0 0.00168267943081446
619.0 0.0016430400137323886
620.0 0.001603400414751377
621.0 0.0017864273104351014
622.0 0.0019694540242198855
623.0 0.0014304092474048957
624.0 0.0008913642886909656
625.0 0.0011247655493207276
626.0 0.0013581668099504896
627.0 0.0016098587366286665
628.0 0.0018615506633068435
629.0 0.0019628329027909786
630.0 0.002064115324174054
631.0 0.002501417293387931
632.0 0.0029387192626018077
633.0 0.00305316862068139
634.0 0.003167617251165211
635.0 0.005790850991616026
636.0 0.008414085459662601
637.0 0.015186196833383292
638.0 0.021958308934699744
639.0 0.0201676128199324
640.0 0.01837691816035658
641.0 0.01575405476614833
642.0 0.013131191371940076
643.0 0.00955459036049433
644.0 0.005977987893857062
645.0 0.0063433777540922165
646.0 0.006708767614327371
647.0 0.006432490772567689
648.0 0.006156213930808008
649.0 0.004823565541300923
650.0 0.0034909175155917183
651.0 0.003603799268603325
652.0 0.003716680657817051
653.0 0.003022220334969461
654.0 0.002327760012121871
655.0 0.00231754074775381
656.0 0.002307321301486809
657.0 0.002535400381020736
658.0 0.0027634790967567824
659.0 0.0021685931642423384
660.0 0.0015737072317278944
661.0 0.002033794589806348
662.0 0.002493882129783742
663.0 0.002254832179460209
664.0 0.0020157825929345563
665.0 0.0018845254089683294
666.0 0.0017532680431031622
667.0 0.001683461232460104
668.0 0.0016136542399181053
669.0 0.0014729090253240429
670.0 0.0013321637197805103
671.0 0.0014265164281823672
672.0 0.0015208691365842242
673.0 0.0014142756299406756
674.0 0.001307682123297127
675.0 0.00114280346679152
676.0 0.0009779247193364426
677.0 0.001316187535849167
678.0 0.0016544505342608318
679.0 0.001626941593713127
680.0 0.001599433016963303
681.0 0.0018584831195767038
682.0 0.0021175332221901044
683.0 0.0024213228243752383
684.0 0.002725112426560372
685.0 0.002456482980051078
686.0 0.0021878533516428433
687.0 0.0019510356651153415
688.0 0.0017142179785878398
689.0 0.0022097217879490927
690.0 0.0027052259611082263
691.0 0.00242430414800765
692.0 0.0021433823349070735
693.0 0.002490013503120281
694.0 0.0028366448532324284
695.0 0.0031629984732717276
696.0 0.0034893524571089074
697.0 0.0038679889257764444
698.0 0.004246625394443981
699.0 0.005621161835733801
700.0 0.00699569791322574
701.0 0.007169224409153685
702.0 0.007342751632677391
703.0 0.006495023990282789
704.0 0.005647297439281829
705.0 0.00468126563646365
706.0 0.0037152338336454704
707.0 0.0032934760383795947
708.0 0.0028717178793158382
709.0 0.0035916636988986284
710.0 0.004311609882279299
711.0 0.004134119080845267
712.0 0.003956628643209115
713.0 0.003085814751102589
714.0 0.002215001040895004
715.0 0.0022434245693148114
716.0 0.0022718479158356786
717.0 0.0019031214833375998
718.0 0.001534395050839521
719.0 0.0016120866348501295
720.0 0.001689778218860738
721.0 0.0017268175724893808
722.0 0.001763856562320143
723.0 0.002025113826675806
724.0 0.002286370909132529
725.0 0.001507874458184233
726.0 0.0007293781891348772
727.0 0.0009805344234337099
728.0 0.0012316905667830724
729.0 0.0011764887858589645
730.0 0.0011212869139853865
731.0 0.0009394884727953468
732.0 0.0007576899861305719
733.0 0.0012344977221800946
734.0 0.0017113055946538225
735.0 0.001614504617464263
736.0 0.0015177036402747035
737.0 0.0012392765711410902
738.0 0.0009608494110580068
739.0 0.0014975052181398496
740.0 0.0020341611161711626
741.0 0.0017087781088775955
742.0 0.001383394919685088
743.0 0.0015856112440815195
744.0 0.001787827568477951
745.0 0.0019197541405446827
746.0 0.0020516807126114145
747.0 0.00203207200684119
748.0 0.002012463301070966
749.0 0.0026586905732983723
750.0 0.003304917845525779
751.0 0.0029233206078060903
752.0 0.0025417233700864017
753.0 0.0027273688829154707
754.0 0.00291301439574454
755.0 0.0022640884708380327
756.0 0.0016151623640325852
757.0 0.0020539117031148635
758.0 0.0024926608602982014
759.0 0.002678522650967352
760.0 0.002864384623535443
761.0 0.004640448241843842
762.0 0.00641651131445542
763.0 0.006228761048987508
764.0 0.006041011874913238
765.0 0.005241694452706724
766.0 0.004442377030500211
767.0 0.0043756481318268925
768.0 0.004308919960749336
769.0 0.005077092282590456
770.0 0.005845264240633696
771.0 0.005189606963540427
772.0 0.0045339496864471585
773.0 0.004274025559425354
774.0 0.0040141014324035496
775.0 0.01747028873069212
776.0 0.0553299963939935
777.0 0.009189548291033134
778.0 1.609347095692104e-10
779.0 0.02377093624090776
780.0 0.10061926441267133
781.0 0.024298035714309663
782.0 0.06102301413193345
783.0 0.05754400044679642
784.0 1.609347095692104e-10
785.0 0.11600999860092998
786.0 0.06731014582328498
787.0 0.12191239511594176
788.0 0.016847487131599337
789.0 0.019759689166676253
790.0 0.12244249228388071
791.0 1.609347095692104e-10
792.0 0.027973781106993556
793.0 0.09908427018672228
794.0 1.609347095692104e-10
795.0 1.609347095692104e-10
796.0 0.09147910750471056
797.0 0.12134225107729435
798.0 0.023308218806050718
799.0 0.18053820822387934
800.0 0.20958774257451296
801.0 0.4159507807344198
802.0 0.8074763230979443
803.0 1.3280264101922512
804.0 2.142157219350338
805.0 3.199790045619011
806.0 4.664145037531853
807.0 6.666774302721024
808.0 8.841142058372498
809.0 11.890000849962234
810.0 15.129083395004272
811.0 18.229416012763977
812.0 21.25517427921295
813.0 24.577921628952026
814.0 27.868297696113586
815.0 32.267117500305176
816.0 37.31246590614319
817.0 43.43825280666351
818.0 49.53351616859436
819.0 55.83304762840271
820.0 63.7069046497345
821.0 71.24536037445068
822.0 77.18684673309326
823.0 82.30122923851013
824.0 87.35246658325195
825.0 91.89403057098389
826.0 94.40640211105347
827.0 96.35751843452454
828.0 98.41884970664978
829.0 98.97440671920776
830.0 98.71423244476318
831.0 99.00131225585938
832.0 98.58431816101074
833.0 99.65030550956726
834.0 98.26911687850952
835.0 99.35140013694763
836.0 98.95893335342407
837.0 99.12632703781128
838.0 98.2640027999878
839.0 98.43324422836304
840.0 98.72050881385803
841.0 99.63883757591248
842.0 99.37214851379395
843.0 99.76046085357666
844.0 98.05392622947693
845.0 98.84402751922607
846.0 98.99183511734009
847.0 98.76559376716614
848.0 99.85437989234924
849.0 98.7000584602356
850.0 98.40561151504517
851.0 99.18994307518005
852.0 99.0283727645874
853.0 98.72348308563232
854.0 99.93212819099426
855.0 98.31171035766602
856.0 98.86900186538696
857.0 98.04225564002991
858.0 98.73563647270203
859.0 99.21215176582336
860.0 98.5564649105072
861.0 98.85361194610596
862.0 98.65293502807617
863.0 98.41050505638123
864.0 99.54407811164856
865.0 99.67873692512512
866.0 98.75475764274597
867.0 99.347585439682
868.0 99.80403780937195
869.0 99.18533563613892
870.0 98.2077956199646
871.0 98.890620470047
872.0 99.29155111312866
873.0 98.92301559448242
874.0 99.46324229240417
875.0 99.12788271903992
876.0 98.89380931854248
877.0 99.5222270488739
878.0 99.17521476745605
879.0 98.57200384140015
880.0 98.43046069145203
881.0 99.86312985420227
882.0 98.96239042282104
883.0 98.57273697853088
884.0 99.2166519165039
885.0 99.06700849533081
886.0 98.74370694160461
887.0 98.6882746219635
888.0 98.98960590362549
889.0 99.53532814979553
890.0 98.0877935886383
891.0 99.29274320602417
892.0 98.76506924629211
893.0 98.57124090194702
894.0 98.15253615379333
895.0 99.73694682121277
896.0 98.8179862499237
897.0 99.2685854434967
