lsstCam/transmission_filter_detector/r34_s00/z_20/19700101T000000.ecsv
# %ECSV 1.0
# ---
# datatype:
# - {name: wavelength, unit: nm, datatype: float32}
# - {name: efficiency, unit: '%', datatype: float64}
# meta: !!omap
# - {MODE: DETECTOR}
# - {TYPE: transmission_filter_detector}
# - {CALIBDATE: '1970-01-01T00:00:00'}
# - {INSTRUME: LSSTCam}
# - {OBSTYPE: transmission_filter_detector}
# - {CALIBCLS: lsst.ip.isr.IntermediateFilterDetectorTransmissionCurve}
# - {SOURCE: Materion (DM-46256)}
# - {DETECTOR: 153}
# - {FILTER: z_20}
# - {CALIB_ID: 'calibDate=1970-01-01T00:00:00 filter=z_20 detector=153'}
# - {DATE: '2025-04-02T15:59:49.350707'}
# - {CALIB_CREATION_DATE: '2025-04-02'}
# - {CALIB_CREATION_TIME: '15:59:49'}
# - __serialized_columns__:
#     efficiency:
#       __class__: astropy.units.quantity.Quantity
#       unit: !astropy.units.Unit {unit: '%'}
#       value: !astropy.table.SerializedColumn {name: efficiency}
#     wavelength:
#       __class__: astropy.units.quantity.Quantity
#       unit: !astropy.units.Unit {unit: nm}
#       value: !astropy.table.SerializedColumn {name: wavelength}
# schema: astropy-2.0
wavelength efficiency
[from data line 599]
899.0 98.73776435852051
900.0 98.79183769226074
901.0 99.55425262451172
902.0 99.25373196601868
903.0 98.50407838821411
904.0 97.42986559867859
905.0 98.431795835495
906.0 97.8131890296936
907.0 98.56597781181335
908.0 98.28319549560547
909.0 98.35335612297058
910.0 98.08602333068848
911.0 96.88569903373718
912.0 95.7769513130188
913.0 94.6641206741333
914.0 92.42721796035767
915.0 90.06896018981934
916.0 87.83958554267883
917.0 86.37048006057739
918.0 82.87336230278015
919.0 81.65752291679382
920.0 78.94193530082703
921.0 75.29725432395935
922.0 70.53513526916504
923.0 64.89216089248657
924.0 59.43583846092224
925.0 53.83528470993042
926.0 47.701629996299744
927.0 40.78817367553711
928.0 34.827905893325806
929.0 28.444015979766846
930.0 23.086147010326385
931.0 17.817819118499756
932.0 12.402298301458359
933.0 8.14674198627472
934.0 5.22557757794857
935.0 3.1974535435438156
936.0 1.91716980189085
937.0 1.1043447069823742
938.0 0.6572331767529249
939.0 0.3728479379788041
940.0 0.2749875420704484
941.0 0.12568219099193811
942.0 0.07045036763884127
943.0 0.09720245143398643
944.0 1.609347095692104e-10
945.0 0.02802491362672299
946.0 0.06884875474497676
947.0 1.609347095692104e-10
948.0 1.609347095692104e-10
949.0 1.609347095692104e-10
950.0 1.609347095692104e-10
951.0 0.00016360083918698365
952.0 1.609347095692104e-10
953.0 1.609347095692104e-10
954.0 1.609347095692104e-10
955.0 1.609347095692104e-10
956.0 1.609347095692104e-10
957.0 1.609347095692104e-10
958.0 1.609347095692104e-10
959.0 0.08267228840850294
960.0 1.609347095692104e-10
961.0 1.609347095692104e-10
962.0 0.009382319694850594
963.0 1.609347095692104e-10
964.0 0.0756308319978416
965.0 1.609347095692104e-10
966.0 1.609347095692104e-10
967.0 1.609347095692104e-10
968.0 0.03623112861532718
969.0 1.609347095692104e-10
970.0 1.609347095692104e-10
971.0 1.609347095692104e-10
972.0 1.609347095692104e-10
973.0 0.0046705667045898736
974.0 0.006351648335112259
975.0 0.007718248525634408
976.0 0.006307106377789751
977.0 0.006232135638128966
978.0 0.006157166353659704
979.0 0.005975305612082593
980.0 0.005793444506707601
981.0 0.005698387394659221
982.0 0.00560332955501508
983.0 0.005423507900559343
984.0 0.005243686246103607
985.0 0.005194295954424888
986.0 0.005144905662746169
987.0 0.005071905252407305
988.0 0.004998904842068441
989.0 0.004933515083394013
990.0 0.0048681253247195855
991.0 0.004736389018944465
992.0 0.004604652713169344
993.0 0.004578364314511418
994.0 0.004552075552055612
995.0 0.004522121889749542
996.0 0.004492167863645591
997.0 0.0044392614654498175
998.0 0.004386354703456163
999.0 0.0043876192648895085
1000.0 0.0043888838263228536
1001.0 0.004286684998078272
1002.0 0.00418448616983369
1003.0 0.0041907049308065325
1004.0 0.004196924055577256
1005.0 0.004230359263601713
1006.0 0.00426379447162617
1007.0 0.004306976552470587
1008.0 0.004350158269517124
1009.0 0.00423184537794441
1010.0 0.004113532486371696
1011.0 0.004131368041271344
1012.0 0.004149203596170992
1013.0 0.004268066550139338
1014.0 0.004386930231703445
1015.0 0.004300886212149635
1016.0 0.004214842192595825
1017.0 0.004271782381692901
1018.0 0.004328722206992097
1019.0 0.004304696267354302
1020.0 0.004280669963918626
1021.0 0.004317937055020593
1022.0 0.00435520414612256
1023.0 0.004395040014060214
1024.0 0.004434875881997868
1025.0 0.004422497659106739
1026.0 0.004410119436215609
1027.0 0.004483027441892773
1028.0 0.0045559354475699365
1029.0 0.004574842387228273
1030.0 0.0045937489630887285
1031.0 0.0046664925321238115
1032.0 0.004739236101158895
1033.0 0.004804847776540555
1034.0 0.004870459088124335
1035.0 0.004962062303093262
1036.0 0.0050536651542643085
1037.0 0.005181381493457593
1038.0 0.005309098196448758
1039.0 0.0053698327974416316
1040.0 0.005430567762232386
1041.0 0.005307178071234375
1042.0 0.005183788016438484
1043.0 0.005466309085022658
1044.0 0.005748829789808951
1045.0 0.005916253212490119
1046.0 0.006083676635171287
1047.0 0.006152968853712082
1048.0 0.006222261436050758
1049.0 0.006260733789531514
1050.0 0.006299205415416509
1051.0 0.006564541399711743
1052.0 0.006829877384006977
1053.0 0.0071561393269803375
1054.0 0.007482401269953698
1055.0 0.0072975926741492
1056.0 0.007112784078344703
1057.0 0.00732018961571157
1058.0 0.00752759660826996
1059.0 0.007783577893860638
1060.0 0.008039559907047078
1061.0 0.008434853953076527
1062.0 0.008830149454297498
1063.0 0.009004045568872243
1064.0 0.009177943866234273
1065.0 0.009485642658546567
1066.0 0.009793341450858861
1067.0 0.009651901928009465
1068.0 0.009510461677564308
1069.0 0.010043702786788344
1070.0 0.010576942440820858
1071.0 0.010461883357493207
1072.0 0.010346825729357079
1073.0 0.010571060556685552
1074.0 0.010795293928822502
1075.0 0.010752764501376078
1076.0 0.01071023361873813
1077.0 0.011825350520666689
1078.0 0.012940466694999486
1079.0 0.012715063348878175
1080.0 0.012489660002756864
1081.0 0.0132804736495018
1082.0 0.014071285841055214
1083.0 0.01438244798919186
1084.0 0.014693610137328506
1085.0 0.014525221195071936
1086.0 0.014356833708006889
1087.0 0.015132091357372701
1088.0 0.015907349006738514
1089.0 0.015765287389513105
1090.0 0.015623225772287697
1091.0 0.016182522813323885
1092.0 0.016741819854360074
1093.0 0.017671326349955052
1094.0 0.01860083284555003
1095.0 0.01889307313831523
1096.0 0.019185311975888908
1097.0 0.0195132422959432
1098.0 0.01984117116080597
1099.0 0.020270956156309694
1100.0 0.02070074260700494
1101.0 0.022025978250894696
1102.0 0.02335121389478445
1103.0 0.024303382087964565
1104.0 0.025255553191527724
1105.0 0.02542396541684866
1106.0 0.025592377642169595
1107.0 0.026379182236269116
1108.0 0.027165986830368638
1109.0 0.02785123942885548
1110.0 0.028536489116959274
1111.0 0.029152457136660814
1112.0 0.0297684280667454
1113.0 0.03036122943740338
1114.0 0.03095403080806136
1115.0 0.03131733974441886
1116.0 0.03168064577039331
1117.0 0.03197796468157321
1118.0 0.03227528650313616
1119.0 0.035231237416155636
1120.0 0.038187188329175115
1121.0 0.03879285650327802
1122.0 0.03939852467738092
1123.0 0.04096375487279147
1124.0 0.042528987978585064
1125.0 0.04329400253482163
1126.0 0.04405902000144124
1127.0 0.045911240158602595
1128.0 0.047763457405380905
1129.0 0.04940007929690182
1130.0 0.051036709919571877
1131.0 0.055276911007240415
1132.0 0.059517117915675044
1133.0 0.06036355625838041
1134.0 0.06120999460108578
1135.0 0.06523066549561918
1136.0 0.06925134221091866
1137.0 0.07540250662714243
1138.0 0.08155368268489838
1139.0 0.08443569531664252
1140.0 0.08731770794838667
1141.0 0.09942610049620271
1142.0 0.11153446976095438
1143.0 0.14601059956476092
1144.0 0.18048675265163183
1145.0 0.38485394325107336
1146.0 0.5892211571335793
1147.0 1.094165537506342
1148.0 1.5991102904081345
1149.0 1.6541257500648499
1150.0 1.7091413959860802
