lsstCam/transmission_filter_detector/r21_s02/r_57/19700101T000000.ecsv
# %ECSV 1.0
# ---
# datatype:
# - {name: wavelength, unit: nm, datatype: float32}
# - {name: efficiency, unit: '%', datatype: float64}
# meta: !!omap
# - {MODE: DETECTOR}
# - {TYPE: transmission_filter_detector}
# - {CALIBDATE: '1970-01-01T00:00:00'}
# - {INSTRUME: LSSTCam}
# - {OBSTYPE: transmission_filter_detector}
# - {CALIBCLS: lsst.ip.isr.IntermediateFilterDetectorTransmissionCurve}
# - {SOURCE: Materion (DM-46256)}
# - {DETECTOR: 83}
# - {FILTER: r_57}
# - {CALIB_ID: 'calibDate=1970-01-01T00:00:00 filter=r_57 detector=83'}
# - {DATE: '2025-04-02T15:59:44.566956'}
# - {CALIB_CREATION_DATE: '2025-04-02'}
# - {CALIB_CREATION_TIME: '15:59:44'}
# - __serialized_columns__:
#     efficiency:
#       __class__: astropy.units.quantity.Quantity
#       unit: !astropy.units.Unit {unit: '%'}
#       value: !astropy.table.SerializedColumn {name: efficiency}
#     wavelength:
#       __class__: astropy.units.quantity.Quantity
#       unit: !astropy.units.Unit {unit: nm}
#       value: !astropy.table.SerializedColumn {name: wavelength}
# schema: astropy-2.0
wavelength efficiency
300.0 0.0017857350030681118
301.0 0.004837080632569268
302.0 0.007888426625868306
303.0 0.009689742000773549
304.0 0.011491058830870315
305.0 0.010360817395849153
306.0 0.009230575960827991
307.0 0.00883450047695078
308.0 0.00843842644826509
309.0 0.007248992187669501
310.0 0.006059556471882388
311.0 0.0053836774895899
312.0 0.004707798143499531
313.0 0.004631646515917964
314.0 0.004555494888336398
315.0 0.004446609091246501
316.0 0.004337722930358723
317.0 0.003915507477358915
318.0 0.0034932916605612263
319.0 0.003138279862469062
320.0 0.0027832678824779578
321.0 0.0026860474463319406
322.0 0.002588826828286983
323.0 0.002403617327217944
324.0 0.002218407826148905
325.0 0.0020863712052232586
326.0 0.0019543347661965527
327.0 0.002125596620317083
328.0 0.0022968586563365534
329.0 0.0023522359697381034
330.0 0.002407613465038594
331.0 0.0021552117686951533
332.0 0.0019028098904527724
333.0 0.0016815167327877134
334.0 0.0014602236660721246
335.0 0.0012457157026801724
336.0 0.0010312078302376904
337.0 0.0010253881555399857
338.0 0.0010195684808422811
339.0 0.0010289757483405992
340.0 0.0010383830158389173
341.0 0.0010246574674965814
342.0 0.0010109320101037156
343.0 0.0009408262485521846
344.0 0.0008707204870006535
345.0 0.0008301763045892585
346.0 0.0007896321221778635
347.0 0.0007412171726173256
348.0 0.0006928022685315227
349.0 0.0006567341642949032
350.0 0.005477743252413347
351.0 0.0057213223044527695
352.0 0.005964901720290072
353.0 0.005181768938200548
354.0 0.0043986372475046664
355.0 0.0046646600821986794
356.0 0.004930684008286335
357.0 0.00640846774331294
358.0 0.007886251842137426
359.0 0.006069149458198808
360.0 0.00425204707426019
361.0 0.002759908056759741
362.0 0.0012677688573603518
363.0 0.0025211626052623615
364.0 0.0037745561712654307
365.0 0.0038797406887169927
366.0 0.003984925569966435
367.0 0.0030493372833007015
368.0 0.002113748632837087
369.0 0.0019548331692931242
370.0 0.001795917887648102
371.0 0.002013353332586121
372.0 0.00223078895942308
373.0 0.0028624186597880907
374.0 0.0034940483601531014
375.0 0.0029828284823452123
376.0 0.0024716087864362635
377.0 0.0011876567441504449
378.0 1.578855969575077e-10
379.0 0.0007757301318633836
380.0 0.0016477553799632005
381.0 0.002297966057085432
382.0 0.0029481770980055444
383.0 0.0029795963200740516
384.0 0.00301101608783938
385.0 0.003915934939868748
386.0 0.004820853428100236
387.0 0.004421619451022707
388.0 0.004022385473945178
389.0 0.003373685831320472
390.0 0.002724985642998945
391.0 0.0019860692191286944
392.0 0.0012471529771573842
393.0 0.0013350422705116216
394.0 0.0014229312910174485
395.0 0.0010567753633949906
396.0 0.0006906195267220028
397.0 0.0007903601726866327
398.0 0.0008901013643480837
399.0 0.0006644510449405061
400.0 0.00043880040720978286
401.0 7.517040785387508e-05
402.0 1.578855969575077e-10
403.0 4.6627656047348864e-05
404.0 0.0003817156994045945
405.0 0.000791233924246626
406.0 0.0012007516488665715
407.0 0.0016805262930574827
408.0 0.0021603007553494535
409.0 0.0018164477296522819
410.0 0.0014725944311066996
411.0 0.001062422597897239
412.0 0.0006522508101625135
413.0 0.000650334504825878
414.0 0.0006484182449639775
415.0 0.0006733275313308695
416.0 0.0006982371360209072
417.0 0.0012604636140167713
418.0 0.0018226906831841916
419.0 0.002246345320600085
420.0 0.002670000321813859
421.0 0.003919740265700966
422.0 0.0051694798457901925
423.0 0.008021276153158396
424.0 0.010873071732930839
425.0 0.014775095041841269
426.0 0.018677112529985607
427.0 0.019461139163468033
428.0 0.020245167252141982
429.0 0.015514630649704486
430.0 0.010784094774862751
431.0 0.007615857612108812
432.0 0.00444761935796123
433.0 0.003431702498346567
434.0 0.002415785456832964
435.0 0.0019667331798700616
436.0 0.0015176809029071592
437.0 0.00134451129270019
438.0 0.0011713419553416315
439.0 0.0009859094461717177
440.0 0.0008004769370018039
441.0 0.0010795496564242058
442.0 0.0013586223758466076
443.0 0.0017335756638203748
444.0 0.002108529042743612
445.0 0.0020234601834090427
446.0 0.0019383911421755329
447.0 0.0017347825632896274
448.0 0.0015311741663026623
449.0 0.0014283720702223945
450.0 0.0013255693374958355
451.0 0.0014121896128926892
452.0 0.001498809979239013
453.0 0.0015385947335744277
454.0 0.001578379306010902
455.0 0.0013985971236252226
456.0 0.0012188152140879538
457.0 0.000839130279928213
458.0 0.00045944548219267745
459.0 0.0006876896350149764
460.0 0.0009159337423625402
461.0 0.0015925723346299492
462.0 0.0022692105630994774
463.0 0.0028494798243627883
464.0 0.0034297492675250396
465.0 0.0043720192479668185
466.0 0.005314288864610717
467.0 0.005980085552437231
468.0 0.006645882967859507
469.0 0.00573200813960284
470.0 0.004818135130335577
471.0 0.003708204167196527
472.0 0.0025982732040574774
473.0 0.0021621161067741923
474.0 0.0017259586456930265
475.0 0.0014101707165536936
476.0 0.0010943829693133011
477.0 0.0008721669473743532
478.0 0.000649950834485935
479.0 0.0008806797268334776
480.0 0.0011114084372820798
481.0 0.0008304116818180773
482.0 0.000549415017303545
483.0 0.0006230976396182086
484.0 0.0006967800800339319
485.0 0.0006342653250612784
486.0 0.0005717504336644197
487.0 0.0005904507361265132
488.0 0.0006091509931138717
489.0 0.0005736572347814217
490.0 0.0005381635219237069
491.0 0.0006826482149335789
492.0 0.0008271329534181859
493.0 0.0009453929123992566
494.0 0.0010636529623297974
495.0 0.0009108589438255876
496.0 0.0007580648798466427
497.0 0.0010139361620531417
498.0 0.0012698073078354355
499.0 0.0012719999176624697
500.0 0.001274192618438974
501.0 0.0014372143596119713
502.0 0.0016002364645828493
503.0 0.0019213232008041814
504.0 0.002242410118924454
505.0 0.002758856317086611
506.0 0.0032753028790466487
507.0 0.0038760961615480483
508.0 0.004476889444049448
509.0 0.005007304935134016
510.0 0.005537719334824942
511.0 0.004946740955347195
512.0 0.004355762212071568
513.0 0.003694533370435238
514.0 0.0030333041650010273
515.0 0.0028422837203834206
516.0 0.002651263275765814
517.0 0.0024746348572080024
518.0 0.00229800607485231
519.0 0.05379221402108669
520.0 0.061021384317427874
521.0 0.08622474852018058
522.0 0.11395607143640518
523.0 0.13112128945067525
524.0 0.112773641012609
525.0 0.08631370728835464
526.0 0.08194505353458226
527.0 0.1158728264272213
528.0 0.14948064927011728
529.0 0.12102507753297687
530.0 0.11923287529498339
531.0 0.0926021602936089
532.0 0.1801957841962576
533.0 0.2155020134523511
534.0 0.3219911828637123
535.0 0.4073880147188902
536.0 0.46071046963334084
537.0 0.660889595746994
538.0 1.015780121088028
539.0 1.5254790894687176
540.0 2.514280565083027
541.0 3.9019040763378143
542.0 5.812596902251244
543.0 8.423323929309845
544.0 11.624107509851456
545.0 15.243618190288544
546.0 19.662539660930634
547.0 25.178086757659912
548.0 32.155659794807434
549.0 39.82635736465454
550.0 46.958112716674805
551.0 55.096036195755005
552.0 61.14511489868164
553.0 66.93887710571289
554.0 71.54397368431091
555.0 76.09410881996155
556.0 80.07823824882507
557.0 82.9225480556488
558.0 86.34552359580994
559.0 89.74305987358093
560.0 90.79372882843018
561.0 93.02299618721008
562.0 94.25956606864929
563.0 94.46529150009155
564.0 95.09202837944031
565.0 94.51718330383301
566.0 95.19521594047546
567.0 94.41248178482056
568.0 95.28376460075378
569.0 95.80262899398804
570.0 94.94240283966064
571.0 96.0548996925354
572.0 95.78699469566345
573.0 95.87684273719788
574.0 96.19214534759521
575.0 96.28682136535645
576.0 96.53218388557434
577.0 96.5277373790741
578.0 96.32706642150879
579.0 96.21180891990662
580.0 95.67768573760986
581.0 95.70748209953308
582.0 96.1609423160553
583.0 96.00110650062561
584.0 95.4811155796051
585.0 95.5683708190918
586.0 95.6734299659729
587.0 95.66711187362671
588.0 95.81376910209656
589.0 96.70434594154358
590.0 95.70736289024353
591.0 95.02053260803223
592.0 95.6995964050293
593.0 94.77887749671936
594.0 95.52846550941467
595.0 95.72100639343262
596.0 96.14842534065247
597.0 96.42505645751953
598.0 96.21391892433167
599.0 96.27700448036194
600.0 96.00993394851685
601.0 95.34458518028259
602.0 96.07493877410889
603.0 95.62848806381226
604.0 95.49601674079895
605.0 96.12460136413574
606.0 95.31325101852417
607.0 95.62628865242004
608.0 95.76945304870605
609.0 95.23558020591736
610.0 95.27998566627502
611.0 95.03353834152222
612.0 95.4217255115509
613.0 96.08911275863647
614.0 96.0442304611206
615.0 95.48766613006592
616.0 95.8175003528595
617.0 95.49214839935303
618.0 95.62467336654663
619.0 96.34769558906555
620.0 95.53684592247009
621.0 94.76849436759949
622.0 95.7089900970459
623.0 96.18573188781738
624.0 95.55723071098328
625.0 96.27583026885986
626.0 95.55160403251648
627.0 94.56804990768433
628.0 96.35353684425354
629.0 95.1302170753479
630.0 95.6629991531372
631.0 95.45861482620239
632.0 96.37511372566223
633.0 95.75415849685669
634.0 95.35354375839233
635.0 95.65946459770203
636.0 95.60015797615051
637.0 95.20323872566223
638.0 95.05500793457031
639.0 94.93401646614075
640.0 95.2545702457428
641.0 95.40575742721558
642.0 95.38161158561707
643.0 95.5348789691925
644.0 95.2983021736145
645.0 95.50752639770508
646.0 95.40603160858154
647.0 96.59512042999268
648.0 95.81584930419922
649.0 95.0838565826416
650.0 95.80165147781372
651.0 96.52400016784668
652.0 96.46753668785095
653.0 95.2772855758667
654.0 95.90169787406921
655.0 96.02059125900269
656.0 95.13416290283203
657.0 95.28760313987732
658.0 95.89404463768005
659.0 95.80940008163452
660.0 94.9134886264801
661.0 94.78735327720642
662.0 95.37954926490784
663.0 95.25671005249023
664.0 95.09227871894836
665.0 94.96029019355774
666.0 95.09089589118958
667.0 95.26939988136292
668.0 94.8565661907196
669.0 95.32488584518433
670.0 95.1952576637268
671.0 95.37746906280518
672.0 94.8192834854126
673.0 95.21293640136719
674.0 94.22722458839417
675.0 95.15767693519592
676.0 94.66928243637085
677.0 93.38479042053223
678.0 92.56741404533386
679.0 91.99226498603821
680.0 91.20497107505798
681.0 89.5847499370575
682.0 87.46166229248047
683.0 84.51582193374634
684.0 80.83815574645996
685.0 77.1578311920166
686.0 73.35423231124878
687.0 68.60275864601135
688.0 63.96228075027466
689.0 59.27198529243469
690.0 54.03276085853577
691.0 49.97778832912445
692.0 45.19447982311249
693.0 41.02145731449127
694.0 36.0299676656723
695.0 30.96463680267334
696.0 25.945734977722168
697.0 20.93718945980072
698.0 15.483549237251282
699.0 11.158695816993713
700.0 7.849335670471191
701.0 4.896992072463036
702.0 3.0856387689709663
703.0 1.7856840044260025
704.0 1.046590879559517
705.0 0.591795053333044
706.0 0.4131617024540901
707.0 0.285121682099998
708.0 0.13708652695640922
709.0 0.12476257979869843
710.0 0.10750998044386506
711.0 0.07487826514989138
712.0 0.07842197665013373
713.0 0.06062304018996656
714.0 0.029598901164717972
715.0 0.08779556374065578
716.0 0.07005173247307539
717.0 0.10762593010440469
718.0 0.08496951195411384
719.0 0.07835632422938943
720.0 1.578855969575077e-10
721.0 0.004456288297660649
722.0 0.004194922803435475
723.0 0.0039335573092103004
724.0 0.0036532532249111682
725.0 0.003372949140612036
726.0 0.0031651314202463254
727.0 0.002957313699880615
728.0 0.002731430868152529
729.0 0.0025055476726265624
730.0 0.002354225580347702
731.0 0.0022029036699677818
732.0 0.0021943929823464714
733.0 0.0021858821128262207
734.0 0.0021140551325515844
735.0 0.0020422277884790674
736.0 0.0018304901459487155
737.0 0.0016187523215194233
738.0 0.0016347868950106204
739.0 0.0016508214685018174
740.0 0.0016095427781692706
741.0 0.0015682644516346045
742.0 0.0014523070603900123
743.0 0.0013363496691454202
744.0 0.0014014761291036848
745.0 0.0014666022252640687
746.0 0.001386836993333418
747.0 0.0013070715795038268
748.0 0.0011716608241840731
749.0 0.0010362500688643195
750.0 0.0010361052773077972
751.0 0.0010359607585996855
752.0 0.0010875378393393476
753.0 0.0011391147381800693
754.0 0.0010934719284705352
755.0 0.001047829573508352
756.0 0.0010029129953181837
757.0 0.0009579964171280153
758.0 0.0010232023669232149
759.0 0.001088408134819474
760.0 0.0011032404472643975
761.0 0.0011180730325577315
762.0 0.0010970619769068435
763.0 0.0010760512850538362
764.0 0.001013528435578337
765.0 0.0009510055861028377
766.0 0.0007634237590536941
767.0 0.0005758418410550803
768.0 0.0005801781298941933
769.0 0.0005845142368343659
770.0 0.0007234134500322398
771.0 0.000862312845129054
772.0 0.0007922592885734048
773.0 0.0007222056410682853
774.0 0.0008606437404523604
775.0 0.0009990817488869652
776.0 0.0009479230357101187
777.0 0.0008967643225332722
778.0 0.0008276760127046145
779.0 0.0007585877938254271
780.0 0.0006823458079452394
781.0 0.0006061038675397867
782.0 0.000681764413457131
783.0 0.0007574248684250051
784.0 0.0008044925380090717
785.0 0.0008515598892699927
786.0 0.0007538953013863647
787.0 0.0006562306225532666
788.0 0.0006683344963676063
789.0 0.0006804385066061513
790.0 0.0007390996415779227
791.0 0.0007977606401254889
792.0 0.0008079655344772618
793.0 0.0008181704288290348
794.0 0.0008773884474067017
795.0 0.000936606102186488
796.0 0.0007771610398776829
797.0 0.0006177159320941428
798.0 0.00075677585300582
799.0 0.000895835728442762
800.0 0.0007845408617868088
801.0 0.0006732458587066503
802.0 0.000613115525993635
803.0 0.000552984920432209
804.0 0.0006612984179810155
805.0 0.0007696119610045571
806.0 0.0006950254828552715
807.0 0.0006204390501807211
808.0 0.0007544579148088815
809.0 0.0008884767339623068
810.0 0.0007851042937545571
811.0 0.0006817321263952181
812.0 0.0007001743142609484
813.0 0.0007186164566519437
814.0 0.0005714029612136073
815.0 0.00042418951125000603
816.0 0.0005615612735709874
817.0 0.0006989331268414389
818.0 0.0006503654276457382
819.0 0.0006017976829753025
820.0 0.0004807995992450742
821.0 0.00035980147004011087
822.0 0.00039109036151785403
823.0 0.0004223792984703323
824.0 0.00041774369492486585
825.0 0.0004131081368541345
826.0 0.00048815113586897496
827.0 0.0005631941803585505
828.0 0.00044211246859049425
829.0 0.00032103073408507043
830.0 0.00019024457742489176
831.0 5.9458415080371196e-05
832.0 4.4013782485308184e-05
833.0 2.8569141363732342e-05
834.0 1.578855969575077e-10
835.0 1.578855969575077e-10
836.0 0.0002559420636316645
837.0 0.0005707612217520364
838.0 0.0007402515620924532
839.0 0.0009097419933823403
840.0 0.001215735846926691
841.0 0.0015217296095215715
842.0 0.002020463944063522
843.0 0.0025191982786054723
844.0 0.0022305594029603526
845.0 0.0019419207092141733
846.0 0.0016607807992841117
847.0 0.0013796407074551098
848.0 0.0013063351616438013
849.0 0.0012330289791862015
850.0 0.0011648346116999164
851.0 0.0010966401532641612
852.0 0.0010420068974781316
853.0 0.0009873733688436914
854.0 0.0008842019269650336
855.0 0.0007810301212884951
856.0 0.0006123927960288711
857.0 0.00044375551624398213
858.0 0.0005835107458551647
859.0 0.0007232658845168771
860.0 0.0005361697276384803
861.0 0.0003490734798106132
862.0 0.0003557964646461187
863.0 0.0003625194494816242
864.0 0.00023902598513814155
865.0 0.00011553258900676155
866.0 7.647576580893656e-05
867.0 3.741891418940213e-05
868.0 9.248843184650468e-05
869.0 0.00014755790971321403
870.0 6.323576826616772e-05
871.0 1.578855969575077e-10
872.0 1.578855969575077e-10
873.0 1.578855969575077e-10
874.0 1.578855969575077e-10
875.0 1.578855969575077e-10
876.0 1.578855969575077e-10
877.0 1.578855969575077e-10
878.0 7.07836875335488e-05
879.0 0.0001852381274147774
880.0 0.00013111988437231048
881.0 7.700162427681789e-05
882.0 9.572262342771864e-05
883.0 0.0001144436623690126
884.0 6.53673879469352e-06
885.0 1.578855969575077e-10
886.0 1.578855969575077e-10
887.0 9.908261517921346e-05
888.0 0.00013770390978606883
889.0 0.0001763252043929242
890.0 0.0001388779764965875
891.0 0.00010143071449419949
892.0 1.578855969575077e-10
893.0 1.578855969575077e-10
894.0 1.578855969575077e-10
895.0 2.121622486583874e-05
896.0 2.7645066325021617e-05
897.0 3.407396036436694e-05
898.0 8.56599172038841e-05
899.0 0.00013724587688557222
900.0 4.250470340139145e-05
901.0 1.578855969575077e-10
