lsstCam/transmission_filter_detector/r21_s02/r_57/19700101T000000.ecsv
# %ECSV 1.0
# ---
# datatype:
# - {name: wavelength, unit: nm, datatype: float32}
# - {name: efficiency, unit: '%', datatype: float64}
# meta: !!omap
# - {MODE: DETECTOR}
# - {TYPE: transmission_filter_detector}
# - {CALIBDATE: '1970-01-01T00:00:00'}
# - {INSTRUME: LSSTCam}
# - {OBSTYPE: transmission_filter_detector}
# - {CALIBCLS: lsst.ip.isr.IntermediateFilterDetectorTransmissionCurve}
# - {SOURCE: Materion (DM-46256)}
# - {DETECTOR: 83}
# - {FILTER: r_57}
# - {CALIB_ID: 'calibDate=1970-01-01T00:00:00 filter=r_57 detector=83'}
# - {DATE: '2025-04-02T15:59:44.566956'}
# - {CALIB_CREATION_DATE: '2025-04-02'}
# - {CALIB_CREATION_TIME: '15:59:44'}
# - __serialized_columns__:
#     efficiency:
#       __class__: astropy.units.quantity.Quantity
#       unit: !astropy.units.Unit {unit: '%'}
#       value: !astropy.table.SerializedColumn {name: efficiency}
#     wavelength:
#       __class__: astropy.units.quantity.Quantity
#       unit: !astropy.units.Unit {unit: nm}
#       value: !astropy.table.SerializedColumn {name: wavelength}
# schema: astropy-2.0
wavelength efficiency
[from data line 603]
903.0 1.578855969575077e-10
904.0 1.578855969575077e-10
905.0 1.578855969575077e-10
906.0 1.578855969575077e-10
907.0 1.578855969575077e-10
908.0 1.578855969575077e-10
909.0 1.578855969575077e-10
910.0 1.578855969575077e-10
911.0 1.578855969575077e-10
912.0 1.578855969575077e-10
913.0 1.578855969575077e-10
914.0 1.578855969575077e-10
915.0 5.8492372545515536e-05
916.0 3.115908953077451e-05
917.0 3.8258225032450355e-06
918.0 6.815890287725779e-05
919.0 0.00013249194807940512
920.0 3.42357566296414e-05
921.0 1.578855969575077e-10
922.0 5.2446955578488996e-05
923.0 0.00016891438008315163
924.0 0.00017911145278048934
925.0 0.0001893085482151946
926.0 0.0001737979005156376
927.0 0.00015828725281608058
928.0 0.00015185386246230337
929.0 0.0001454204493711586
930.0 0.0002008336423386936
931.0 0.00025624685804359615
932.0 8.25491554223845e-05
933.0 1.578855969575077e-10
934.0 7.764505767227092e-05
935.0 0.00024643854885653127
936.0 0.0002555749688326614
937.0 0.0002647113888087915
938.0 0.00033133660508610774
939.0 0.00039796186683815904
940.0 0.00036598057704395615
941.0 0.0003339993099871208
942.0 0.0003922265022993088
943.0 0.0004504536718741292
944.0 0.0003666017391878995
945.0 0.0002827498519764049
946.0 0.00033695282581902575
947.0 0.0003911557541869115
948.0 0.0005150380729901372
949.0 0.000638920482742833
950.0 0.0005808577952848282
951.0 0.0005227951533015585
952.0 0.0006475912414316554
953.0 0.0007723874659859575
954.0 0.001119925218517892
955.0 0.0014674632438982371
956.0 0.0015222374713630415
957.0 0.0015770116078783758
958.0 0.001684700146142859
959.0 0.001792389048205223
960.0 0.001961009002116043
961.0 0.002129629319824744
962.0 0.002278995634696912
963.0 0.0024283623133669607
964.0 0.0025104745873250067
965.0 0.0025925866793841124
966.0 0.0026141497073695064
967.0 0.0026357127353549004
968.0 0.0025956262106774375
969.0 0.0025555402316967957
970.0 0.002611809759400785
971.0 0.0026680794690037146
972.0 0.0026599465854815207
973.0 0.002651813156262506
974.0 0.002869489799195435
975.0 0.0030871662602294236
976.0 0.0031581665098201483
977.0 0.0032291663956129923
978.0 0.003118961103609763
979.0 0.003008756357303355
980.0 0.002922700878116302
981.0 0.002836645035131369
982.0 0.002905879773607012
983.0 0.0029751141482847743
984.0 0.0029287872166605666
985.0 0.002882460285036359
986.0 0.0028020233003189787
987.0 0.0027215863156015985
988.0 0.0025462488338234834
989.0 0.0023709115339443088
990.0 0.0024269031200674362
991.0 0.0024828947061905637
992.0 0.0025338560590171255
993.0 0.0025848175937426277
994.0 0.002616892925288994
995.0 0.0026489678930374794
996.0 0.00277572798950132
997.0 0.00290248790406622
998.0 0.00303206925309496
999.0 0.0031616502383258194
1000.0 0.0032567186281085014
1001.0 0.0033517870178911835
1002.0 0.003557673335308209
1003.0 0.0037635596527252346
1004.0 0.00391519715776667
1005.0 0.004066833935212344
1006.0 0.0042499024857534096
1007.0 0.004432971036294475
1008.0 0.004359279773780145
1009.0 0.004285588147467934
1010.0 0.004282201916794293
1011.0 0.004278815322322771
1012.0 0.00416501316067297
1013.0 0.004051210999023169
1014.0 0.003783309875871055
1015.0 0.0035154087527189404
1016.0 0.003348822792759165
1017.0 0.00318223683279939
1018.0 0.0028211894459673204
1019.0 0.0024601429686299525
1020.0 0.002125665014318656
1021.0 0.0017911870600073598
1022.0 0.0015760020687594078
1023.0 0.001360816622764105
1024.0 0.0014056144209462218
1025.0 0.001450412401027279
1026.0 0.0013761934496869799
1027.0 0.0013019743164477404
1028.0 0.0011835521945613436
1029.0 0.0010651297998265363
1030.0 0.0009994671927415766
1031.0 0.0009338040399597958
1032.0 0.0009165894880425185
1033.0 0.0008993747542263009
1034.0 0.0008166176485246979
1035.0 0.0007338605428230949
1036.0 0.0007954764441819862
1037.0 0.0008570919817429967
1038.0 0.0007484138222935144
1039.0 0.0006397357083187671
1040.0 0.0007168859610828804
1041.0 0.0007940361683722585
1042.0 0.0009066378879651893
1043.0 0.0010192392437602393
1044.0 0.0009140715519606601
1045.0 0.0008089040420600213
1046.0 0.0008059411811700556
1047.0 0.0008029785931285005
1048.0 0.000693618085279013
1049.0 0.0005842575319547905
1050.0 0.0005619790954369819
1051.0 0.0005397005679697031
1052.0 0.0009135545951721724
1053.0 0.001287408213102026
1054.0 0.0010369445590185933
1055.0 0.0007864808139856905
1056.0 0.0009174973456538282
1057.0 0.0010485142411198467
1058.0 0.000891984200279694
1059.0 0.0007354544322879519
1060.0 0.0010469861081219278
1061.0 0.001358517420158023
1062.0 0.0013884634427085984
1063.0 0.0014184093743097037
1064.0 0.0010840257345989812
1065.0 0.000749641731090378
1066.0 0.0011646365237538703
1067.0 0.001579631498316303
1068.0 0.0017291884432779625
1069.0 0.0018787450244417414
1070.0 0.0014788124644837808
1071.0 0.00107887981357635
1072.0 0.0013237709026725497
1073.0 0.0015686620827182196
1074.0 0.002261184636154212
1075.0 0.0029537071895902045
1076.0 0.0031875839340500534
1077.0 0.0034214612242067233
1078.0 0.003915151683031581
1079.0 0.00440884250565432
1080.0 0.004130980232730508
1081.0 0.003853117596008815
1082.0 0.0038407604733947664
1083.0 0.0038284029869828373
1084.0 0.004495191024034284
1085.0 0.005161978333489969
1086.0 0.0051862418331438676
1087.0 0.005210505332797766
1088.0 0.005030410829931498
1089.0 0.004850317054660991
1090.0 0.004419112883624621
1091.0 0.00398790834879037
1092.0 0.003568232204997912
1093.0 0.003148556061205454
1094.0 0.003534216739353724
1095.0 0.0039198774175019935
1096.0 0.0031792314985068515
1097.0 0.0024385855795117095
1098.0 0.0019743147277040407
1099.0 0.0015100440577953123
1100.0 0.0016908492398215458
1101.0 0.0018716540580498986
