lsstCam/transmission_filter_detector/r01_s10/z_20/19700101T000000.ecsv
# %ECSV 1.0
# ---
# datatype:
# - {name: wavelength, unit: nm, datatype: float32}
# - {name: efficiency, unit: '%', datatype: float64}
# meta: !!omap
# - {MODE: DETECTOR}
# - {TYPE: transmission_filter_detector}
# - {CALIBDATE: '1970-01-01T00:00:00'}
# - {INSTRUME: LSSTCam}
# - {OBSTYPE: transmission_filter_detector}
# - {CALIBCLS: lsst.ip.isr.IntermediateFilterDetectorTransmissionCurve}
# - {SOURCE: Materion (DM-46256)}
# - {DETECTOR: 3}
# - {FILTER: z_20}
# - {CALIB_ID: 'calibDate=1970-01-01T00:00:00 filter=z_20 detector=3'}
# - {DATE: '2025-04-02T15:59:48.647715'}
# - {CALIB_CREATION_DATE: '2025-04-02'}
# - {CALIB_CREATION_TIME: '15:59:48'}
# - __serialized_columns__:
#     efficiency:
#       __class__: astropy.units.quantity.Quantity
#       unit: !astropy.units.Unit {unit: '%'}
#       value: !astropy.table.SerializedColumn {name: efficiency}
#     wavelength:
#       __class__: astropy.units.quantity.Quantity
#       unit: !astropy.units.Unit {unit: nm}
#       value: !astropy.table.SerializedColumn {name: wavelength}
# schema: astropy-2.0
wavelength efficiency
[from data line 596]
896.0 98.68179559707642
897.0 99.34988617897034
898.0 98.84170889854431
899.0 98.2435941696167
900.0 98.66948127746582
901.0 99.04312491416931
902.0 98.90223145484924
903.0 98.24560284614563
904.0 97.59100079536438
905.0 98.314368724823
906.0 97.76862859725952
907.0 98.24866056442261
908.0 98.11010956764221
909.0 98.15100431442261
910.0 98.02517294883728
911.0 96.57930731773376
912.0 96.0183322429657
913.0 94.54978108406067
914.0 92.27169156074524
915.0 89.78436589241028
916.0 87.78744339942932
917.0 86.0414206981659
918.0 82.4515163898468
919.0 81.30027651786804
920.0 78.03957462310791
921.0 73.9775002002716
922.0 69.01522278785706
923.0 63.44028115272522
924.0 57.83589482307434
925.0 52.34474539756775
926.0 45.870718359947205
927.0 38.64528834819794
928.0 32.69079327583313
929.0 26.47474706172943
930.0 20.9188312292099
931.0 15.813851356506348
932.0 10.680216550827026
933.0 6.9504424929618835
934.0 4.213128611445427
935.0 2.5849727913737297
936.0 1.3951871544122696
937.0 0.9689604863524437
938.0 0.5816277116537094
939.0 0.31991966534405947
940.0 0.11676201829686761
941.0 0.16492350259795785
942.0 0.03304227429907769
943.0 0.03394057275727391
944.0 0.027292128652334213
945.0 0.17018544021993876
946.0 0.05149928038008511
947.0 1.7139722800763035e-10
948.0 0.08493337081745267
949.0 1.7139722800763035e-10
950.0 1.7139722800763035e-10
951.0 1.7139722800763035e-10
952.0 0.047871420974843204
953.0 0.03138903703074902
954.0 1.7139722800763035e-10
955.0 1.7139722800763035e-10
956.0 0.01538442011224106
957.0 1.7139722800763035e-10
958.0 1.7139722800763035e-10
959.0 0.01338770380243659
960.0 1.7139722800763035e-10
961.0 1.7139722800763035e-10
962.0 1.7139722800763035e-10
963.0 1.7139722800763035e-10
964.0 1.7139722800763035e-10
965.0 0.02082945720758289
966.0 1.7139722800763035e-10
967.0 0.07703184382990003
968.0 1.7139722800763035e-10
969.0 1.7139722800763035e-10
970.0 1.7139722800763035e-10
971.0 0.026162221911363304
972.0 0.04508991842158139
973.0 0.030134629923850298
974.0 1.7139722800763035e-10
975.0 1.7139722800763035e-10
976.0 0.006236892659217119
977.0 0.006238929927349091
978.0 0.006240969378268346
979.0 0.00608488917350769
980.0 0.005928807149757631
981.0 0.0057630848459666595
982.0 0.005597363269771449
983.0 0.005492816853802651
984.0 0.0053882711654296145
985.0 0.005125635289005004
986.0 0.004862998684984632
987.0 0.004823619019589387
988.0 0.004784239354194142
989.0 0.004691172580351122
990.0 0.004598106534103863
991.0 0.0047404559154529124
992.0 0.004882805296801962
993.0 0.004786688805324957
994.0 0.004690571950050071
995.0 0.0046675308112753555
996.0 0.004644490036298521
997.0 0.004466412065085024
998.0 0.004288334093871526
999.0 0.004285962495487183
1000.0 0.004283590169507079
1001.0 0.00436435584560968
1002.0 0.0044451211579144
1003.0 0.00441852243966423
1004.0 0.004391923721414059
1005.0 0.004259784327587113
1006.0 0.004127644933760166
1007.0 0.004182042539468966
1008.0 0.004236440508975647
1009.0 0.004333315882831812
1010.0 0.004430191256687976
1011.0 0.004478053597267717
1012.0 0.004525915937847458
1013.0 0.004414617797010578
1014.0 0.004303319292375818
1015.0 0.004374898344394751
1016.0 0.0044464766688179225
1017.0 0.004745601472677663
1018.0 0.005044726640335284
1019.0 0.004839125176658854
1020.0 0.004633523349184543
1021.0 0.004570097371470183
1022.0 0.004506671029957943
1023.0 0.004531045124167576
1024.0 0.0045554188545793295
1025.0 0.004665745655074716
1026.0 0.004776072455570102
1027.0 0.004715719842351973
1028.0 0.004655367229133844
1029.0 0.004639659891836345
1030.0 0.0046239532821346074
1031.0 0.004686989268520847
1032.0 0.0047500252549070865
1033.0 0.004833206912735477
1034.0 0.004916388934361748
1035.0 0.0050777700380422175
1036.0 0.005239151505520567
1037.0 0.0053690135246142745
1038.0 0.005498875179910101
1039.0 0.00538138447154779
1040.0 0.005263893399387598
1041.0 0.005635591151076369
1042.0 0.006007289630360901
1043.0 0.005535207674256526
1044.0 0.005063126081950031
1045.0 0.005755366873927414
1046.0 0.0064476065745111555
1047.0 0.006114109419286251
1048.0 0.0057806111726677045
1049.0 0.005998451524646953
1050.0 0.00621629151282832
1051.0 0.00642685336060822
1052.0 0.006637416663579643
1053.0 0.006731290341122076
1054.0 0.006825164018664509
1055.0 0.007426267256960273
1056.0 0.008027371222851798
1057.0 0.007727654883638024
1058.0 0.007427938544424251
1059.0 0.007709114288445562
1060.0 0.007990289304871112
1061.0 0.008563389565097168
1062.0 0.009136490552918985
1063.0 0.008941335545387119
1064.0 0.008746181265451014
1065.0 0.008964244625531137
1066.0 0.009182310895994306
1067.0 0.009218043851433322
1068.0 0.009253778989659622
1069.0 0.010120143269887194
1070.0 0.010986506822519004
1071.0 0.010797107825055718
1072.0 0.010607708827592432
1073.0 0.010576926433714107
1074.0 0.01054614331224002
1075.0 0.01120107262977399
1076.0 0.011856004857691005
1077.0 0.012071266246493906
1078.0 0.012286526907701045
1079.0 0.013285636669024825
1080.0 0.014284746430348605
1081.0 0.014076480874791741
1082.0 0.013868219684809446
1083.0 0.013686819875147194
1084.0 0.013505417155101895
1085.0 0.014407826529350132
1086.0 0.015310235903598368
1087.0 0.015101030294317752
1088.0 0.014891827595420182
1089.0 0.016402226174250245
1090.0 0.01791262475308031
1091.0 0.017921096878126264
1092.0 0.017929563182406127
1093.0 0.017471954924985766
1094.0 0.01701434375718236
1095.0 0.01847070816438645
1096.0 0.019927072571590543
1097.0 0.019920738122891635
1098.0 0.019914403674192727
1099.0 0.021639664191752672
1100.0 0.023364918888546526
1101.0 0.023609615163877606
1102.0 0.02385430852882564
1103.0 0.025176128838211298
1104.0 0.02649794623721391
1105.0 0.02651125832926482
1106.0 0.026524573331698775
1107.0 0.02741799980867654
1108.0 0.028311426285654306
1109.0 0.029864144744351506
1110.0 0.031416863203048706
1111.0 0.03157311293762177
1112.0 0.031729365582577884
1113.0 0.032933830516412854
1114.0 0.034138301271013916
1115.0 0.03274702467024326
1116.0 0.03135575097985566
1117.0 0.03261130768805742
1118.0 0.03386686439625919
1119.0 0.03670702571980655
1120.0 0.039547181222587824
1121.0 0.0417278177337721
1122.0 0.04390845715533942
1123.0 0.04342898027971387
1124.0 0.042949506314471364
1125.0 0.043456366984173656
1126.0 0.04396323347464204
1127.0 0.04771020030602813
1128.0 0.05145717295818031
1129.0 0.054878805531188846
1130.0 0.05830043810419738
1131.0 0.058405305026099086
1132.0 0.0585101661272347
1133.0 0.0618510355707258
1134.0 0.06519191083498299
1135.0 0.06336529040709138
1136.0 0.06153866997919977
1137.0 0.0674266426358372
1138.0 0.07331462111324072
1139.0 0.07800328312441707
1140.0 0.08269191021099687
1141.0 0.08901112014427781
1142.0 0.09533032425679266
1143.0 0.11583669111132622
1144.0 0.13634302886202931
1145.0 0.2639002399519086
1146.0 0.39145746268332005
1147.0 0.80648148432374
1148.0 1.2215055525302887
1149.0 1.3994683511555195
1150.0 1.577432081103325
