lsstCam/transmission_filter_detector/r01_s10/z_20/19700101T000000.ecsv
# %ECSV 1.0
# ---
# datatype:
# - {name: wavelength, unit: nm, datatype: float32}
# - {name: efficiency, unit: '%', datatype: float64}
# meta: !!omap
# - {MODE: DETECTOR}
# - {TYPE: transmission_filter_detector}
# - {CALIBDATE: '1970-01-01T00:00:00'}
# - {INSTRUME: LSSTCam}
# - {OBSTYPE: transmission_filter_detector}
# - {CALIBCLS: lsst.ip.isr.IntermediateFilterDetectorTransmissionCurve}
# - {SOURCE: Materion (DM-46256)}
# - {DETECTOR: 3}
# - {FILTER: z_20}
# - {CALIB_ID: 'calibDate=1970-01-01T00:00:00 filter=z_20 detector=3'}
# - {DATE: '2025-04-02T15:59:48.647715'}
# - {CALIB_CREATION_DATE: '2025-04-02'}
# - {CALIB_CREATION_TIME: '15:59:48'}
# - __serialized_columns__:
#     efficiency:
#       __class__: astropy.units.quantity.Quantity
#       unit: !astropy.units.Unit {unit: '%'}
#       value: !astropy.table.SerializedColumn {name: efficiency}
#     wavelength:
#       __class__: astropy.units.quantity.Quantity
#       unit: !astropy.units.Unit {unit: nm}
#       value: !astropy.table.SerializedColumn {name: wavelength}
# schema: astropy-2.0
wavelength efficiency
300.0 0.857416819781065
301.0 0.5780661478638649
302.0 0.29871556907892227
303.0 0.29288509394973516
304.0 0.2870546421036124
305.0 0.24407755117863417
306.0 0.2011004602536559
307.0 0.18182918429374695
308.0 0.16255791997537017
309.0 0.1441850559785962
310.0 0.12581219198182225
311.0 0.12664791429415345
312.0 0.1274836715310812
313.0 0.1107075484469533
314.0 0.09393145446665585
315.0 0.09401410352438688
316.0 0.09409674676135182
317.0 0.07915503229014575
318.0 0.06421332363970578
319.0 0.06392179639078677
320.0 0.06363027496263385
321.0 0.0626737775746733
322.0 0.06171728018671274
323.0 0.054037326481193304
324.0 0.046357372775673866
325.0 0.04325376357883215
326.0 0.04015015729237348
327.0 0.03893096873071045
328.0 0.03771178307943046
329.0 0.033715038443915546
330.0 0.029718299629166722
331.0 0.02702746423892677
332.0 0.02433662593830377
333.0 0.023452582536265254
334.0 0.022568533313460648
335.0 0.021348967857193202
336.0 0.020129402400925756
337.0 0.024013199436012655
338.0 0.027896990650333464
339.0 0.023853874881751835
340.0 0.019810763478744775
341.0 0.016831408720463514
342.0 0.0138520568725653
343.0 0.013623041741084307
344.0 0.013394026609603316
345.0 0.012780488759744912
346.0 0.012166949454694986
347.0 0.011414232722017914
348.0 0.010661519627319649
349.0 0.013232741912361234
350.0 0.015803967835381627
351.0 0.013133804895915091
352.0 0.010463638318469748
353.0 0.010962797387037426
354.0 0.011461958638392389
355.0 0.009895911352941766
356.0 0.008329866250278428
357.0 0.009350118489237502
358.0 0.010370375093771145
359.0 0.010069782001664862
360.0 0.009769188181962818
361.0 0.008859537047101185
362.0 0.007949887367431074
363.0 0.009222499647876248
364.0 0.010495110473129898
365.0 0.010216869122814387
366.0 0.00993862995528616
367.0 0.008728135435376316
368.0 0.007517640187870711
369.0 0.00786916061770171
370.0 0.008220681775128469
371.0 0.008149568020598963
372.0 0.00807845572126098
373.0 0.00703393088770099
374.0 0.0059894078731304035
375.0 0.0063815052271820605
376.0 0.006773602945031598
377.0 0.007043552614049986
378.0 0.007313501555472612
379.0 0.00614800737821497
380.0 0.004982512837159447
381.0 0.0031213348847813904
382.0 0.0012601569324033335
383.0 0.0035301902244100347
384.0 0.005800223516416736
385.0 0.005509640322998166
386.0 0.005219057493377477
387.0 0.005882032564841211
388.0 0.006545008363900706
389.0 0.0057453595218248665
390.0 0.004945711771142669
391.0 0.004595510836225003
392.0 0.004245310265105218
393.0 0.004739419091492891
394.0 0.005233528281678446
395.0 0.004300528235035017
396.0 0.003367527460795827
397.0 0.003532381379045546
398.0 0.003697235297295265
399.0 0.003953975465265103
400.0 0.004210714905639179
401.0 0.004790784805663861
402.0 0.005370854705688544
403.0 0.005204503395361826
404.0 0.0050381528126308694
405.0 0.003927276338799857
406.0 0.002816400592564605
407.0 0.0014312390703707933
408.0 4.607817629675992e-05
409.0 0.0017833033780334517
410.0 0.0035205288440920413
411.0 0.004084094689460471
412.0 0.004647660534828901
413.0 0.0046035609557293355
414.0 0.00455946137662977
415.0 0.0037561083445325494
416.0 0.0029527556762332097
417.0 0.0037760899431305006
418.0 0.004599424573825672
419.0 0.004078274287167005
420.0 0.0035571236367104575
421.0 0.0034117001632694155
422.0 0.003266277053626254
423.0 0.0033585405617486686
424.0 0.003450805161264725
425.0 0.002579911051725503
426.0 0.0017090171240852214
427.0 0.0018542576071922667
428.0 0.001999498090299312
429.0 0.001231242549692979
430.0 0.0004629872364603216
431.0 0.0006343567292788066
432.0 0.0008057261766225565
433.0 0.0006984932497289265
434.0 0.0005912602318858262
435.0 0.001203896044899011
436.0 0.001816531948861666
437.0 0.0019033128410228528
438.0 0.00199009391508298
439.0 0.002023259366978891
440.0 0.002056425000773743
441.0 0.0015818308384041302
442.0 0.0011072370398323983
443.0 0.002303354995092377
444.0 0.003499472950352356
445.0 0.003443557579885237
446.0 0.003387642209418118
447.0 0.0026120751499547623
448.0 0.0018365080904914066
449.0 0.0025237084628315642
450.0 0.0032109095627674833
451.0 0.0025026165531016886
452.0 0.0017943228158401325
453.0 0.001758769758453127
454.0 0.0017232170648640022
455.0 0.0024486218535457738
456.0 0.0031740266422275454
457.0 0.002331324139959179
458.0 0.001488621455791872
459.0 0.0015895489923423156
460.0 0.0016904765288927592
461.0 0.0007994105544639751
462.0 1.7139722800763035e-10
463.0 0.0009260970728064422
464.0 0.001943849929375574
465.0 0.002211573337262962
466.0 0.0024792969270492904
467.0 0.0021206389646977186
468.0 0.0017619802747503854
469.0 0.0016137702914420515
470.0 0.0014655601262347773
471.0 0.0013767489690508228
472.0 0.001287938175664749
473.0 0.0012643204172491096
474.0 0.0012407027497829404
475.0 0.0011614497452683281
476.0 0.0010821967407537159
477.0 0.0013551703887060285
478.0 0.0016281439457088709
479.0 0.0019620058083091862
480.0 0.0022958674890105613
481.0 0.001835769035096746
482.0 0.0013756704902334604
483.0 0.0009245055480278097
484.0 0.0004733405148726888
485.0 0.0012827023965655826
486.0 0.002092064096359536
487.0 0.0015247476767399348
488.0 0.0009574311661708634
489.0 0.0016655008948873729
490.0 0.0023735707145533524
491.0 0.0022481117412098683
492.0 0.002122653131664265
493.0 0.0019993814930785447
494.0 0.0018761102182907052
495.0 0.0016459520338685252
496.0 0.0014157936675474048
497.0 0.0012776540643244516
498.0 0.0011395146430004388
499.0 0.001303955832554493
500.0 0.001468397294956958
501.0 0.0009879691788228229
502.0 0.0005075408353150124
503.0 0.0012742410945065785
504.0 0.0020409412172739394
505.0 0.0022037125745555386
506.0 0.002366483931837138
507.0 0.0022721238565281965
508.0 0.0021777634174213745
509.0 0.001821170917537529
510.0 0.0014645788724010345
511.0 0.0011784726666519418
512.0 0.0008923665518523194
513.0 0.0012914676517539192
514.0 0.0016905691154533997
515.0 0.0013489007869793568
516.0 0.0010072331861010753
517.0 0.0008963350410340354
518.0 0.000785436623118585
519.0 0.0010239547009405214
520.0 0.0012624724149645772
521.0 0.0016509935448993929
522.0 0.0020395147657836787
523.0 0.0013898291399527807
524.0 0.0007401436505460879
525.0 0.0007520647159253713
526.0 0.0007639860086783301
527.0 0.0011735308362403885
528.0 0.0015830759366508573
529.0 0.0012939635780639946
530.0 0.0010048505828308407
531.0 0.0011199707842024509
532.0 0.001235090985574061
533.0 0.0009149948709819
534.0 0.0005948989382886793
535.0 0.0012029055142193101
536.0 0.0018109123629983515
537.0 0.0017510137695353478
538.0 0.0016911151760723442
539.0 0.0012036991392960772
540.0 0.0007162827387219295
541.0 0.000762195622883155
542.0 0.0008081087798927911
543.0 0.0012415001037879847
544.0 0.0016748914276831783
545.0 0.0011036965588573366
546.0 0.0005325020083546406
547.0 0.0012080457963747904
548.0 0.0018835891751223244
549.0 0.0017078215023502707
550.0 0.0015320536476792768
551.0 0.0015987556253094226
552.0 0.001665457421040628
553.0 0.0014228065992938355
554.0 0.0011801555956481025
555.0 0.0010501201359147672
556.0 0.0009200846761814319
557.0 0.0012834307199227624
558.0 0.0016467763998662122
559.0 0.0016531612345715985
560.0 0.0016595455235801637
561.0 0.0015308669389924034
562.0 0.0014021881725057028
563.0 0.0011505261682032142
564.0 0.0008988641639007255
565.0 0.0017692653273115866
566.0 0.0026396668545203283
567.0 0.0030105438781902194
568.0 0.0033814205380622298
569.0 0.0030663039069622755
570.0 0.0027511874577612616
571.0 0.0025592540623620152
572.0 0.002367320303164888
573.0 0.0019386730855330825
574.0 0.0015100260498002172
575.0 0.0019699618860613555
576.0 0.002429897722322494
577.0 0.002025599496846553
578.0 0.0016213016351684928
579.0 0.001697954212431796
580.0 0.0017746064258972183
581.0 0.0015930110748740844
582.0 0.0014114156329014804
583.0 0.001837381387304049
584.0 0.0022633470507571474
585.0 0.002552861587901134
586.0 0.0028423761250451207
587.0 0.0021725129045080394
588.0 0.0015026490473246668
589.0 0.002189163933508098
590.0 0.0028756792744388804
591.0 0.001994494778045919
592.0 0.001113310190703487
593.0 0.0008493596396874636
594.0 0.0005854089977219701
595.0 0.0009989325917558745
596.0 0.0014124560948403087
597.0 0.0013421493349596858
598.0 0.0012718424841295928
599.0 0.000896309211384505
600.0 0.0005207761205383576
601.0 0.0004740381427836837
602.0 0.0004273000740795396
603.0 0.0009476505510974675
604.0 0.0014680006643175147
605.0 0.0009031942681758665
606.0 0.0003383876446605427
607.0 0.000751538755139336
608.0 0.0011646899110928643
609.0 0.001208975118061062
610.0 0.0012532599612313788
611.0 0.001067620178218931
612.0 0.0008819803042570129
613.0 0.0008342484761669766
614.0 0.0007865166480769403
615.0 0.0012521008102339692
616.0 0.0017176853361888789
617.0 0.0021406905943877064
618.0 0.0025636960344854742
619.0 0.0021594563804683276
620.0 0.0017552163626533002
621.0 0.0015350262401625514
622.0 0.0013148356629244518
623.0 0.00161707321240101
624.0 0.0019193106709280983
625.0 0.0016796248019090854
626.0 0.0014399391147890128
627.0 0.001870227606559638
628.0 0.002300516644027084
629.0 0.002124873935827054
630.0 0.0019492310457280837
631.0 0.0017208558347192593
632.0 0.001492480168963084
633.0 0.0018242357327835634
634.0 0.0021559917513513938
635.0 0.005114341183798388
636.0 0.0080726902524475
637.0 0.015388266183435917
638.0 0.022703842842020094
639.0 0.019717107352335006
640.0 0.016730371862649918
641.0 0.014516572991851717
642.0 0.012302777031436563
643.0 0.009866097389021888
644.0 0.007429419201798737
645.0 0.006719768134644255
646.0 0.006010116339894012
647.0 0.005455558857647702
648.0 0.004901001011603512
649.0 0.00405045211664401
650.0 0.0031999039492802694
651.0 0.0036517692933557555
652.0 0.004103634637431242
653.0 0.0033387248549843207
654.0 0.0025738150725374
655.0 0.002817815948219504
656.0 0.0030618171876994893
657.0 0.0029114307835698128
658.0 0.002761043651844375
659.0 0.0026343102945247665
660.0 0.002507576937205158
661.0 0.0026600309865898453
662.0 0.0028124846721766517
663.0 0.0019587201677495614
664.0 0.001104955663322471
665.0 0.0015619063560734503
666.0 0.0020188575945212506
667.0 0.002361217229918111
668.0 0.002703577047213912
669.0 0.0019891574993380345
670.0 0.0012747376786137465
671.0 0.0009554201824357733
672.0 0.0006361027317325352
673.0 0.0013330042747838888
674.0 0.0020299059542594478
675.0 0.0021113937691552565
676.0 0.002192881402152125
677.0 0.0019331180737935938
678.0 0.0016733541997382417
679.0 0.0014072249541641213
680.0 0.0011410953447921202
681.0 0.0012134337339375634
682.0 0.001285771850234596
683.0 0.002378911631240044
684.0 0.0034720513212960213
685.0 0.0028597567506949417
686.0 0.002247462725790683
687.0 0.0016952579244389199
688.0 0.0011430530321376864
689.0 0.0014462692888628226
690.0 0.0017494854546384886
691.0 0.002080424383166246
692.0 0.0024113631297950633
693.0 0.0028042568374075927
694.0 0.003197151090716943
695.0 0.0033168478694278747
696.0 0.0034365442843409255
697.0 0.0036885547160636634
698.0 0.003940565147786401
699.0 0.005888179293833673
700.0 0.007835793076083064
701.0 0.007348279905272648
702.0 0.006860764551674947
703.0 0.006312510959105566
704.0 0.005764255183748901
705.0 0.005163360765436664
706.0 0.0045624663471244276
707.0 0.004305656329961494
708.0 0.004048845585202798
709.0 0.004268756310921162
710.0 0.0044886670366395265
711.0 0.003966872827732004
712.0 0.0034450789826223627
713.0 0.0024488175768055953
714.0 0.0014525558071909472
715.0 0.0021619460312649608
716.0 0.0028713358915410936
717.0 0.002482170020812191
718.0 0.002093003786285408
719.0 0.001691749639576301
720.0 0.001290495401917724
721.0 0.0011895079296664335
722.0 0.0010885202755162027
723.0 0.0009704707736091223
724.0 0.0008524211807525717
725.0 0.0012513447472883854
726.0 0.0016502683138241991
727.0 0.0017266362192458473
728.0 0.0018030037608696148
729.0 0.0018173508578911424
730.0 0.0018316981368116103
731.0 0.0013556536032410804
732.0 0.0008796095244179014
733.0 0.0009206622962665278
734.0 0.0009617150681151543
735.0 0.001064108801074326
736.0 0.001166502079286147
737.0 0.0013467069038597401
738.0 0.0015269113646354526
739.0 0.0011351298780937213
740.0 0.0007433482551277848
741.0 0.000996937342279125
742.0 0.0012505262020567898
743.0 0.001591421641933266
744.0 0.0019323169908602722
745.0 0.0012802297533198725
746.0 0.0006281424248300027
747.0 0.001159371549874777
748.0 0.001690600583970081
749.0 0.0023052092728903517
750.0 0.0029198181437095627
751.0 0.0030036129828658886
752.0 0.003087407458224334
753.0 0.0030314446121337824
754.0 0.0029754819479421712
755.0 0.001978159707505256
756.0 0.0009808372851694003
757.0 0.0019145205442328006
758.0 0.0028482036213972606
759.0 0.00276090777333593
760.0 0.0026736115614767186
761.0 0.00448996652266942
762.0 0.00630632130196318
763.0 0.005774512101197615
764.0 0.0052427025366341695
765.0 0.0052503317419905216
766.0 0.005257959492155351
767.0 0.00459088732895907
768.0 0.003923814438167028
769.0 0.0035869012208422646
770.0 0.003249988003517501
771.0 0.0040274448110722005
772.0 0.004804901982424781
773.0 0.00410083812312223
774.0 0.0033967742638196796
775.0 1.7139722800763035e-10
776.0 0.037678153603337705
777.0 0.029123551212251186
778.0 0.07066291873343289
779.0 0.01966336858458817
780.0 1.7139722800763035e-10
781.0 0.07575841154903173
782.0 1.7139722800763035e-10
783.0 1.7139722800763035e-10
784.0 1.7139722800763035e-10
785.0 0.0074799812864512205
786.0 1.7139722800763035e-10
787.0 0.025692451163195074
788.0 1.7139722800763035e-10
789.0 1.7139722800763035e-10
790.0 1.7139722800763035e-10
791.0 0.016354907711502165
792.0 0.07063971715979278
793.0 0.2787248697131872
794.0 0.017893151380121708
795.0 0.1200212980620563
796.0 1.7139722800763035e-10
797.0 0.15006237663328648
798.0 0.28443236369639635
799.0 0.19074914744123816
800.0 0.3983277827501297
801.0 0.6289081182330847
802.0 1.2366222217679024
803.0 2.0092714577913284
804.0 3.2732009887695312
805.0 4.8201266676187515
806.0 6.81726261973381
807.0 9.312374144792557
808.0 12.038282305002213
809.0 15.00510424375534
810.0 18.207916617393494
811.0 21.4149072766304
812.0 24.627597630023956
813.0 28.673332929611206
814.0 33.398446440696716
815.0 38.766154646873474
816.0 44.429585337638855
817.0 51.21317505836487
818.0 57.6554536819458
819.0 64.83071446418762
820.0 72.3739504814148
821.0 79.16656732559204
822.0 84.23073887825012
823.0 88.33394646644592
824.0 91.84325933456421
825.0 95.01848816871643
826.0 96.3743507862091
827.0 97.99167513847351
828.0 99.1212785243988
829.0 98.98917078971863
830.0 98.56192469596863
831.0 98.83760809898376
832.0 98.57218861579895
833.0 99.42706823348999
834.0 97.86616563796997
835.0 98.99378418922424
836.0 99.03455376625061
837.0 98.87589812278748
838.0 98.01123142242432
839.0 97.95095920562744
840.0 98.35807681083679
841.0 99.17786717414856
842.0 99.2055892944336
843.0 99.5734453201294
844.0 98.03757667541504
845.0 98.47252368927002
846.0 99.13365840911865
847.0 98.7966001033783
848.0 99.67635869979858
849.0 98.63899350166321
850.0 98.22192192077637
851.0 99.65670108795166
852.0 99.27200078964233
853.0 98.36905002593994
854.0 99.63529109954834
855.0 98.31304550170898
856.0 98.7723708152771
857.0 97.8949785232544
858.0 98.54398369789124
859.0 99.4416892528534
860.0 98.50062131881714
861.0 98.83217811584473
862.0 99.10870790481567
863.0 97.97754883766174
864.0 99.46815967559814
865.0 99.55382943153381
866.0 98.71025085449219
867.0 99.62959289550781
868.0 99.30102825164795
869.0 98.99115562438965
870.0 97.94416427612305
871.0 98.76863360404968
872.0 99.26677942276001
873.0 98.8636314868927
874.0 99.44067001342773
875.0 99.12760257720947
876.0 98.64537715911865
877.0 99.55607652664185
878.0 99.01176691055298
879.0 98.54850769042969
880.0 98.38560819625854
881.0 99.8968780040741
882.0 98.69861602783203
883.0 98.55318665504456
884.0 98.89941215515137
885.0 98.66117835044861
886.0 98.79659414291382
887.0 98.5405683517456
888.0 98.65700006484985
889.0 99.44512248039246
890.0 98.0107069015503
891.0 99.42536950111389
892.0 98.39559197425842
893.0 98.4325647354126
894.0 97.9923963546753
