lsstCam/transmission_sensor/r03_s20/19700101T000000.ecsv
# %ECSV 1.0
# ---
# datatype:
# - {name: amp_name, datatype: string}
# - {name: wavelength, unit: nm, datatype: float32}
# - {name: efficiency, unit: '%', datatype: float64}
# meta: !!omap
# - {MODE: AMP}
# - {TYPE: transmission_sensor}
# - {CALIBDATE: '1970-01-01T00:00:00'}
# - {INSTRUME: LSSTCAM}
# - {OBSTYPE: transmission_sensor}
# - {DETECTOR: 24}
# - {PARQUETFILE: qe_raft_allvalues_nircorrected_20230725.parquet}
# - {CALIBCLS: lsst.ip.isr.IntermediateSensorTransmissionCurve}
# - {CALIB_ID: 'raftName=R03 detectorName=S20 detector=24 calibDate=1970-01-01T00:00:00 ccd=24 ccdnum=24 filter=None'}
# - {DATE: '2024-01-18T22:42:25.056366'}
# - {CALIB_CREATION_DATE: '2024-01-18'}
# - {CALIB_CREATION_TIME: '22:42:25'}
# - __serialized_columns__:
#     efficiency:
#       __class__: astropy.units.quantity.Quantity
#       unit: !astropy.units.Unit {unit: '%'}
#       value: !astropy.table.SerializedColumn {name: efficiency}
#     wavelength:
#       __class__: astropy.units.quantity.Quantity
#       unit: !astropy.units.Unit {unit: nm}
#       value: !astropy.table.SerializedColumn {name: wavelength}
# schema: astropy-2.0
amp_name wavelength efficiency
C00 319.992 47.38298044637938
C00 330.006 52.08799081257135
C00 349.994 61.481378711315074
C00 370.001 72.51779331510525
C00 400.009 84.09724653994193
C00 429.983 84.17844818273512
C00 449.989 83.4802584784905
C00 469.993 83.437974118857
C00 500.016 84.07639812186731
C00 549.99 87.11920987522613
C00 569.998 88.30494455114369
C00 599.983 90.58549111344927
C00 630.013 92.34449808840849
C00 649.987 93.38815176287372
C00 670.017 94.3936253065608
C00 699.987 95.40057879282442
C00 720.012 95.76505275385793
C00 749.995 97.09476781071923
C00 770.007 98.01244142792194
C00 800.008 98.25091074432054
C00 830.013 97.39688142511473
C00 869.994 93.99844915261953
C00 900.005 86.70383548117032
C00 919.989 79.02984318298536
C00 959.989 58.23394574109496
C00 1000.013 29.726619251357906
C00 1030.002 12.205501193140597
C00 1049.996 5.7887326064539915
C00 1080.005 0.49749041361817264
C00 1100.007 0.12008404418603726
C01 319.992 47.279479111861534
C01 330.006 51.93304958338276
C01 349.994 61.33777487220025
C01 370.001 72.57764255844192
C01 400.009 84.46486766091448
C01 429.983 84.5747914136956
C01 449.989 83.83505537211978
C01 469.993 83.73045942725233
C01 500.016 84.31330407114501
C01 549.99 87.35162485951159
C01 569.998 88.55128110806184
C01 599.983 90.84774458940181
C01 630.013 92.61641409022312
C01 649.987 93.66383320485211
C01 670.017 94.68615313492829
C01 699.987 95.69419205941229
C01 720.012 96.06518962881064
C01 749.995 97.40815402990276
C01 770.007 98.3486813414506
C01 800.008 98.58679950606431
C01 830.013 97.73802920073156
C01 869.994 94.32113864114223
C01 900.005 86.89174179133657
C01 919.989 79.26690940129495
C01 959.989 58.70972080830326
C01 1000.013 29.919575805766275
C01 1030.002 12.263457341365564
C01 1049.996 5.793992009362187
C01 1080.005 0.4990961480629855
C01 1100.007 0.1204716357470878
C02 319.992 47.04977176709003
C02 330.006 51.62386876868965
C02 349.994 60.947228737393054
C02 370.001 72.27935561422795
C02 400.009 84.4519804771052
C02 429.983 84.64653304518909
C02 449.989 83.88544750852513
C02 469.993 83.73041563328522
C02 500.016 84.24940882505307
C02 549.99 87.22952851179423
C02 569.998 88.43848994389562
C02 599.983 90.74042489481646
C02 630.013 92.51699299045067
C02 649.987 93.57205112038918
C02 670.017 94.60291235761517
C02 699.987 95.62090009488402
C02 720.012 96.0026512311701
C02 749.995 97.36467253161834
C02 770.007 98.31102451231864
C02 800.008 98.56123232391873
C02 830.013 97.72588652590052
C02 869.994 94.30151190463772
C02 900.005 86.79613254492106
C02 919.989 79.17873272183746
C02 959.989 58.869777431276354
C02 1000.013 30.027109159022523
C02 1030.002 12.27093674727001
C02 1049.996 5.800686918357246
C02 1080.005 0.49887337092128775
C02 1100.007 0.12041786188653697
C03 319.992 46.886474477811745
C03 330.006 51.369404721510485
C03 349.994 60.583604179289054
C03 370.001 71.99497422133913
C03 400.009 84.49961222608012
C03 429.983 84.81155116561652
C03 449.989 84.0552291295421
C03 469.993 83.87101616471911
C03 500.016 84.34261482925211
C03 549.99 87.25395223415855
C03 569.998 88.45831465669013
C03 599.983 90.75764637765091
C03 630.013 92.53605669090042
C03 649.987 93.59735413458498
C03 670.017 94.6311313388927
C03 699.987 95.65740131939384
C03 720.012 96.05496173253854
C03 749.995 97.43035004361678
C03 770.007 98.39399260775168
C03 800.008 98.6565227333637
C03 830.013 97.85207452032223
C03 869.994 94.46741857929814
C03 900.005 86.94229079446657
C03 919.989 79.32791329626015
C03 959.989 59.101795154067084
C03 1000.013 30.194079567348464
C03 1030.002 12.322595694401144
C03 1049.996 5.820896528518084
C03 1080.005 0.49920990376678576
C03 1100.007 0.12049909405500213
C04 319.992 46.860653327493374
C04 330.006 51.280307413477615
C04 349.994 60.41877581207523
C04 370.001 71.93254352119448
C04 400.009 84.77186519679813
C04 429.983 85.20077916327402
C04 449.989 84.44714218810073
C04 469.993 84.24765158093261
C04 500.016 84.67627937900633
C04 549.99 87.52722184974623
C04 569.998 88.70797516207757
C04 599.983 90.99620821573954
C04 630.013 92.77134660467749
C04 649.987 93.83337904209813
C04 670.017 94.8829033855313
C04 699.987 95.92190714215356
C04 720.012 96.32892112224992
C04 749.995 97.72729449473981
C04 770.007 98.7082372709444
C04 800.008 98.98548564453506
C04 830.013 98.1837147761885
C04 869.994 94.78961609493466
C04 900.005 87.22944611221841
C04 919.989 79.5735473178305
C04 959.989 59.21916114473908
C04 1000.013 30.24619701625992
C04 1030.002 12.344389543910454
C04 1049.996 5.829834131209341
C04 1080.005 0.5007313938495576
C04 1100.007 0.12086635074443135
C05 319.992 46.650691128638265
C05 330.006 50.985041260758045
C05 349.994 60.01358346607203
C05 370.001 71.57637267236169
C05 400.009 84.68836760796421
C05 429.983 85.22988032197739
C05 449.989 84.49055193208042
C05 469.993 84.27259954420111
C05 500.016 84.65321324665405
C05 549.99 87.42517061722366
C05 569.998 88.58634987983187
C05 599.983 90.84824343909914
C05 630.013 92.61688975370413
C05 649.987 93.67866343778229
C05 670.017 94.72933130675627
C05 699.987 95.7763699230128
C05 720.012 96.19622528539806
C05 749.995 97.60952277436076
C05 770.007 98.59925909783671
C05 800.008 98.89264626662381
C05 830.013 98.10383663781168
C05 869.994 94.69394227684298
C05 900.005 87.16411239921558
C05 919.989 79.47421900711977
C05 959.989 59.0425953010333
C05 1000.013 30.22870717251559
C05 1030.002 12.355026427994938
C05 1049.996 5.848657017773806
C05 1080.005 0.5001279730001265
C05 1100.007 0.12072069725250001
C06 319.992 46.64460391389606
C06 330.006 50.9160666359903
C06 349.994 59.87224128896298
C06 370.001 71.5003015856395
C06 400.009 84.87375169060353
C06 429.983 85.51299821971276
C06 449.989 84.78460998734025
C06 469.993 84.54710013009978
C06 500.016 84.89683455908151
C06 549.99 87.59517189592299
C06 569.998 88.73397185972559
C06 599.983 90.97166778883839
C06 630.013 92.72690923041276
C06 649.987 93.79749151710686
C06 670.017 94.84564329905312
C06 699.987 95.90281396553381
C06 720.012 96.3296622741537
C06 749.995 97.76591734980708
C06 770.007 98.76480506249416
C06 800.008 99.0681910939031
C06 830.013 98.3044902219648
C06 869.994 94.89003819679138
C06 900.005 87.32865144266997
C06 919.989 79.61028168558067
C06 959.989 59.18209851848052
C06 1000.013 30.319705010425352
C06 1030.002 12.401079889612916
C06 1049.996 5.886614348408673
C06 1080.005 0.5009293146952806
C06 1100.007 0.12091412480184541
C07 319.992 46.750231476276596
C07 330.006 50.97825743405184
C07 349.994 59.883440415308804
C07 370.001 71.63892035695383
C07 400.009 85.36433179445245
C07 429.983 86.11058323839669
C07 449.989 85.38188369041815
C07 469.993 85.1357932340955
C07 500.016 85.44023468409897
C07 549.99 88.08869287350649
C07 569.998 89.20764567078996
C07 599.983 91.44508359711614
C07 630.013 93.21626290098288
C07 649.987 94.29228201577749
C07 670.017 95.36082231831402
C07 699.987 96.45157205343602
C07 720.012 96.8873864932634
C07 749.995 98.35122339537149
C07 770.007 99.37851832340314
C07 800.008 99.71775192789211
C07 830.013 98.96999414579648
C07 869.994 95.52524228005453
C07 900.005 87.8481763930417
C07 919.989 80.01171201698301
C07 959.989 59.74691214745075
C07 1000.013 30.781800703674623
C07 1030.002 12.546267660884887
C07 1049.996 5.945338060029189
C07 1080.005 0.5039283071774204
C07 1100.007 0.1216380204506474
C10 319.992 47.12849824971051
C10 330.006 51.75848902400675
C10 349.994 61.09522332033287
C10 370.001 72.10663977595142
C10 400.009 83.82953846931443
C10 429.983 84.04947184736181
C10 449.989 83.44334533224018
C10 469.993 83.43247797598363
C10 500.016 84.13360742589668
C10 549.99 87.15342980346128
C10 569.998 88.31963833677084
C10 599.983 90.53894173572291
C10 630.013 92.25531861796149
C10 649.987 93.28365485791262
C10 670.017 94.2874202711082
C10 699.987 95.26224234402625
C10 720.012 95.6514119324521
C10 749.995 96.98472812470727
C10 770.007 97.90921909139142
C10 800.008 98.1211110101619
C10 830.013 97.32121055138344
C10 869.994 93.95361998690053
C10 900.005 86.43471881977736
C10 919.989 78.72257350630879
C10 959.989 58.878004838605975
C10 1000.013 30.141467967810286
C10 1030.002 12.451991635956364
C10 1049.996 5.83082344011651
C10 1080.005 0.4969266043423265
C10 1100.007 0.11994795212046196
C11 319.992 46.95837386323517
C11 330.006 51.543065346596066
C11 349.994 60.87613456206676
C11 370.001 72.043234205411
C11 400.009 83.99006015441914
C11 429.983 84.20338787574391
C11 449.989 83.54299850098195
C11 469.993 83.46752774766746
C11 500.016 84.10768009281574
C11 549.99 87.1086715325469
C11 569.998 88.2902358932639
C11 599.983 90.51714125939809
C11 630.013 92.24574589040621
C11 649.987 93.27516341364321
C11 670.017 94.28529602132899
C11 699.987 95.26276198724685
C11 720.012 95.66017234795473
C11 749.995 96.99816962460605
C11 770.007 97.93185221149146
C11 800.008 98.15544793816217
C11 830.013 97.36290139980149
C11 869.994 94.00825879380447
C11 900.005 86.42518264551175
C11 919.989 78.64308530339741
C11 959.989 59.00799303831857
C11 1000.013 30.094918978773634
C11 1030.002 12.403709888425015
C11 1049.996 5.804715701638641
C11 1080.005 0.49699548383703673
C11 1100.007 0.11996457822633229
C12 319.992 46.92397306586455
C12 330.006 51.43924877432152
C12 349.994 60.70073097526733
C12 370.001 71.99329744425843
C12 400.009 84.26930240405925
C12 429.983 84.57752692261373
C12 449.989 83.89699057056217
C12 469.993 83.78411433596699
C12 500.016 84.35864932176742
C12 549.99 87.31018394013074
C12 569.998 88.48418494019054
C12 599.983 90.72430534862683
C12 630.013 92.45689588252215
C12 649.987 93.49934499099113
C12 670.017 94.51602681489139
C12 699.987 95.51175274813438
C12 720.012 95.91608468880919
C12 749.995 97.2723732371996
C12 770.007 98.21817318771724
C12 800.008 98.45703724945206
C12 830.013 97.66556243601858
C12 869.994 94.33351250464298
C12 900.005 86.7680554272551
C12 919.989 78.92092489530256
C12 959.989 59.16127308258739
C12 1000.013 30.15582304351639
C12 1030.002 12.435847660125816
C12 1049.996 5.818223248039147
C12 1080.005 0.49840045002941646
C12 1100.007 0.12030370842403516
C13 319.992 46.7352731456363
C13 330.006 51.16448281967534
C13 349.994 60.31882204967183
C13 370.001 71.67635538015114
C13 400.009 84.23448308724738
C13 429.983 84.64193506211394
C13 449.989 83.95236391527119
C13 469.993 83.81086515088187
C13 500.016 84.3310229209016
C13 549.99 87.20555007151495
C13 569.998 88.37185481585675
C13 599.983 90.59727736823827
C13 630.013 92.33230177946578
C13 649.987 93.37616690863732
C13 670.017 94.39759057281533
C13 699.987 95.40508484189446
C13 720.012 95.8146802853347
C13 749.995 97.19188843158695
C13 770.007 98.14890803568694
C13 800.008 98.40384162010957
C13 830.013 97.62210483589885
C13 869.994 94.35498041240332
C13 900.005 86.84374062102563
C13 919.989 78.98913369524676
C13 959.989 59.05770205409482
C13 1000.013 30.138478356518654
C13 1030.002 12.464560884850188
C13 1049.996 5.830230245032133
C13 1080.005 0.4979880819378505
C13 1100.007 0.12020417117311936
C14 319.992 46.669599235817856
C14 330.006 51.031414569681125
C14 349.994 60.10341824070822
C14 370.001 71.5470563698203
C14 400.009 84.40893100404392
C14 429.983 84.92869787997691
C14 449.989 84.24429027440105
C14 469.993 84.08232935506032
C14 500.016 84.54984961210471
C14 549.99 87.36336546382041
C14 569.998 88.50987675665905
C14 599.983 90.722168484998
C14 630.013 92.45728979134236
C14 649.987 93.50251810963917
C14 670.017 94.53467549190047
C14 699.987 95.55460846688469
C14 720.012 95.97424287869842
C14 749.995 97.37297178086177
C14 770.007 98.34070421722437
C14 800.008 98.61463782752098
C14 830.013 97.83720685557843
C14 869.994 94.58323346918442
C14 900.005 87.04629333014027
C14 919.989 79.1528234576272
C14 959.989 59.09324735541603
C14 1000.013 30.17489416926621
C14 1030.002 12.486352514951218
C14 1049.996 5.848694092466579
C14 1080.005 0.4989159233254426
C14 1100.007 0.12042813316944188
C15 319.992 46.645945417943
C15 330.006 50.945916998809956
C15 349.994 59.94375270193517
C15 370.001 71.47104767480344
C15 400.009 84.6334774741408
C15 429.983 85.26199345060655
C15 449.989 84.58405653511402
C15 469.993 84.40918562864914
C15 500.016 84.83283633918442
C15 549.99 87.58491556523094
C15 569.998 88.71790982685381
C15 599.983 90.91754631943773
C15 630.013 92.64477552527818
C15 649.987 93.69637629258288
C15 670.017 94.73179841790336
C15 699.987 95.7744027022491
C15 720.012 96.20135405657217
C15 749.995 97.61428439398064
C15 770.007 98.6021557770007
C15 800.008 98.88997786532103
C15 830.013 98.12666217144907
C15 869.994 94.87611387328572
C15 900.005 87.3065726514123
C15 919.989 79.42867548953812
C15 959.989 59.2843154402561
C15 1000.013 30.288221438620706
C15 1030.002 12.540190921013558
C15 1049.996 5.882063917695622
C15 1080.005 0.5001523688325901
C15 1100.007 0.12072658590913202
C16 319.992 46.449951303008305
C16 330.006 50.662029676271
C16 349.994 59.55034049544824
C16 370.001 71.09685342209379
C16 400.009 84.47706712957849
C16 429.983 85.21934570252678
C16 449.989 84.56371841387416
C16 469.993 84.37888020340316
C16 500.016 84.76811730265132
C16 549.99 87.44354592459955
C16 569.998 88.54684174064312
C16 599.983 90.71870631918821
C16 630.013 92.43151477646528
C16 649.987 93.47680542050055
C16 670.017 94.51244913105272
C16 699.987 95.55302726679915
C16 720.012 95.99432068377168
C16 749.995 97.42683480405414
C16 770.007 98.42180372946612
C16 800.008 98.7218460967172
C16 830.013 97.97636849702985
C16 869.994 94.7198379405789
C16 900.005 87.14859245758639
C16 919.989 79.28848862408925
C16 959.989 59.17280717015897
C16 1000.013 30.25019037101207
C16 1030.002 12.526039973818675
C16 1049.996 5.8852946194325755
C16 1080.005 0.49919193646029225
C16 1100.007 0.12049475711348967
C17 319.992 46.20342471111915
C17 330.006 50.334247677388525
C17 349.994 59.102075186486815
C17 370.001 70.66013488168147
C17 400.009 84.294874942233
C17 429.983 85.16532667668365
C17 449.989 84.54220568456269
C17 469.993 84.35274980302246
C17 500.016 84.72684687260391
C17 549.99 87.31814706808483
C17 569.998 88.39475064882535
C17 599.983 90.537958927364
C17 630.013 92.24542630400491
C17 649.987 93.2970251583193
C17 670.017 94.34415637398315
C17 699.987 95.39961374112902
C17 720.012 95.85666654068355
C17 749.995 97.30965268861236
C17 770.007 98.32229604626767
C17 800.008 98.64121690341904
C17 830.013 97.9164786088373
C17 869.994 94.66756954849016
C17 900.005 87.08451810194839
C17 919.989 79.19433506779203
C17 959.989 59.15332979586357
C17 1000.013 30.436429565338518
C17 1030.002 12.554949986077231
C17 1049.996 5.88171138289767
C17 1080.005 0.49859154520764165
C17 1100.007 0.12034983490446086
