lsstCam/transmission_sensor/r03_s20/19700101T000000.ecsv
# %ECSV 1.0
# ---
# datatype:
# - {name: amp_name, datatype: string}
# - {name: wavelength, unit: nm, datatype: float32}
# - {name: efficiency, unit: '%', datatype: float64}
# meta: !!omap
# - {MODE: AMP}
# - {TYPE: transmission_sensor}
# - {CALIBDATE: '1970-01-01T00:00:00'}
# - {INSTRUME: LSSTCAM}
# - {OBSTYPE: transmission_sensor}
# - {DETECTOR: 24}
# - {PARQUETFILE: qe_raft_allvalues_nircorrected_20230725.parquet}
# - {CALIBCLS: lsst.ip.isr.IntermediateSensorTransmissionCurve}
# - {CALIB_ID: 'raftName=R03 detectorName=S20 detector=24 calibDate=1970-01-01T00:00:00 ccd=24 ccdnum=24 filter=None'}
# - {DATE: '2023-08-02T16:57:55.555747'}
# - {CALIB_CREATION_DATE: '2023-08-02'}
# - {CALIB_CREATION_TIME: '16:57:55'}
# - __serialized_columns__:
#     efficiency:
#       __class__: astropy.units.quantity.Quantity
#       unit: !astropy.units.Unit {unit: '%'}
#       value: !astropy.table.SerializedColumn {name: efficiency}
#     wavelength:
#       __class__: astropy.units.quantity.Quantity
#       unit: !astropy.units.Unit {unit: nm}
#       value: !astropy.table.SerializedColumn {name: wavelength}
# schema: astropy-2.0
amp_name wavelength efficiency
C00 319.992 48.3709831237793
C00 330.006 52.107337951660156
C00 349.994 60.14561462402344
C00 370.001 70.94107818603516
C00 400.009 85.83236694335938
C00 429.983 88.27560424804688
C00 449.989 87.8407211303711
C00 469.993 87.21492004394531
C00 500.016 87.20983123779297
C00 549.99 89.56122589111328
C00 569.998 90.60002899169922
C00 599.983 92.82261657714844
C00 630.013 94.7940902709961
C00 649.987 95.6544418334961
C00 670.017 96.62110900878906
C00 699.987 98.0468978881836
C00 720.012 98.58024597167969
C00 749.995 99.2548828125
C00 770.007 99.64561462402344
C00 800.008 100.00587463378906
C00 830.013 99.25939178466797
C00 869.994 96.2085189819336
C00 900.005 90.87104034423828
C00 919.989 84.94131469726562
C00 959.989 73.49561309814453
C00 1000.013 36.7169189453125
C00 1030.002 15.73402214050293
C00 1049.996 8.487521171569824
C00 1080.005 0.68808628092702
C00 1100.007 0.09360117602566229
C01 319.992 48.265323638916016
C01 330.006 51.95233917236328
C01 349.994 60.005130767822266
C01 370.001 70.99962615966797
C01 400.009 86.20757293701172
C01 429.983 88.69123840332031
C01 449.989 88.21405029296875
C01 469.993 87.52064514160156
C01 500.016 87.45556640625
C01 549.99 89.80015563964844
C01 569.998 90.85276794433594
C01 599.983 93.09134674072266
C01 630.013 95.0732192993164
C01 649.987 95.93681335449219
C01 670.017 96.92053985595703
C01 699.987 98.3486557006836
C01 720.012 98.88920593261719
C01 749.995 99.57524108886719
C01 770.007 99.98745727539062
C01 800.008 100.34776306152344
C01 830.013 99.60706329345703
C01 869.994 96.5387954711914
C01 900.005 91.06797790527344
C01 919.989 85.19611358642578
C01 959.989 74.09607696533203
C01 1000.013 36.95524978637695
C01 1030.002 15.808732986450195
C01 1049.996 8.495232582092285
C01 1080.005 0.6903071957668699
C01 1100.007 0.09390328965098081
C02 319.992 48.030826568603516
C02 330.006 51.643043518066406
C02 349.994 59.623069763183594
C02 370.001 70.70782470703125
C02 400.009 86.19441986083984
C02 429.983 88.76647186279297
C02 449.989 88.26707458496094
C02 469.993 87.52059936523438
C02 500.016 87.38928985595703
C02 549.99 89.67463684082031
C02 569.998 90.73704528808594
C02 599.983 92.98137664794922
C02 630.013 94.97116088867188
C02 649.987 95.84280395507812
C02 670.017 96.83533477783203
C02 699.987 98.27333068847656
C02 720.012 98.8248291015625
C02 749.995 99.53079223632812
C02 770.007 99.94917297363281
C02 800.008 100.32173919677734
C02 830.013 99.59468841552734
C02 869.994 96.51870727539062
C02 900.005 90.9677734375
C02 919.989 85.1013412475586
C02 959.989 74.29808044433594
C02 1000.013 37.088069915771484
C02 1030.002 15.818374633789062
C02 1049.996 8.505048751831055
C02 1080.005 0.6899990694377784
C02 1100.007 0.09386137486853728
C03 319.992 47.8641242980957
C03 330.006 51.388484954833984
C03 349.994 59.2673454284668
C03 370.001 70.42962646484375
C03 400.009 86.24303436279297
C03 429.983 88.93952178955078
C03 449.989 88.44572448730469
C03 469.993 87.66756439208984
C03 500.016 87.48596954345703
C03 549.99 89.69974517822266
C03 569.998 90.75738525390625
C03 599.983 92.9990234375
C03 630.013 94.99073028564453
C03 649.987 95.86872100830078
C03 670.017 96.86421966552734
C03 699.987 98.31084442138672
C03 720.012 98.87867736816406
C03 749.995 99.59793090820312
C03 770.007 100.03352355957031
C03 800.008 100.41873168945312
C03 830.013 99.7232894897461
C03 869.994 96.68851470947266
C03 900.005 91.12095642089844
C03 919.989 85.26168060302734
C03 959.989 74.59090423583984
C03 1000.013 37.29430389404297
C03 1030.002 15.884967803955078
C03 1049.996 8.534680366516113
C03 1080.005 0.6904645329476868
C03 1100.007 0.0939246924104388
C04 319.992 47.837764739990234
C04 330.006 51.299354553222656
C04 349.994 59.10609817504883
C04 370.001 70.3685531616211
C04 400.009 86.52090454101562
C04 429.983 89.34769439697266
C04 449.989 88.85810852050781
C04 469.993 88.06124877929688
C04 500.016 87.83206939697266
C04 549.99 89.98067474365234
C04 569.998 91.01353454589844
C04 599.983 93.24347686767578
C04 630.013 95.23226165771484
C04 649.987 96.1104736328125
C04 670.017 97.12193298339844
C04 699.987 98.58268737792969
C04 720.012 99.16069030761719
C04 749.995 99.90148162841797
C04 770.007 100.3530044555664
C04 800.008 100.75357055664062
C04 830.013 100.06127166748047
C04 869.994 97.0182876586914
C04 900.005 91.42191314697266
C04 919.989 85.52568817138672
C04 959.989 74.73902893066406
C04 1000.013 37.35867691040039
C04 1030.002 15.91306209564209
C04 1049.996 8.547784805297852
C04 1080.005 0.6925689281759441
C04 1100.007 0.09421095573765162
C05 319.992 47.6234245300293
C05 330.006 51.00397872924805
C05 349.994 58.70970916748047
C05 370.001 70.02012634277344
C05 400.009 86.43568420410156
C05 429.983 89.37821197509766
C05 449.989 88.9037857055664
C05 469.993 88.08732604980469
C05 500.016 87.80814361572266
C05 549.99 89.87576293945312
C05 569.998 90.88874816894531
C05 599.983 93.09185791015625
C05 630.013 95.0737075805664
C05 649.987 95.9520034790039
C05 670.017 96.96473693847656
C05 699.987 98.43311309814453
C05 720.012 99.02409362792969
C05 749.995 99.78108978271484
C05 770.007 100.2422103881836
C05 800.008 100.65907287597656
C05 830.013 99.97986602783203
C05 869.994 96.92036437988281
C05 900.005 91.35343933105469
C05 919.989 85.41893005371094
C05 959.989 74.51618957519531
C05 1000.013 37.337074279785156
C05 1030.002 15.926774024963379
C05 1049.996 8.575383186340332
C05 1080.005 0.691734327957019
C05 1100.007 0.09409742410046011
C06 319.992 47.617210388183594
C06 330.006 50.93497848510742
C06 349.994 58.57143783569336
C06 370.001 69.94570922851562
C06 400.009 86.62489318847656
C06 429.983 89.67510986328125
C06 449.989 89.21320343017578
C06 469.993 88.37425231933594
C06 500.016 88.06084442138672
C06 549.99 90.05052947998047
C06 569.998 91.04020690917969
C06 599.983 93.21833038330078
C06 630.013 95.1866455078125
C06 649.987 96.07371520996094
C06 670.017 97.08379364013672
C06 699.987 98.56306457519531
C06 720.012 99.16145324707031
C06 749.995 99.94096374511719
C06 770.007 100.41051483154297
C06 800.008 100.83775329589844
C06 830.013 100.18435668945312
C06 869.994 97.1210708618164
C06 900.005 91.52588653564453
C06 919.989 85.56517028808594
C06 959.989 74.69225311279297
C06 1000.013 37.44947052001953
C06 1030.002 15.986141204833984
C06 1049.996 8.631036758422852
C06 1080.005 0.6928426753978473
C06 1100.007 0.09424819389021205
C07 319.992 47.725040435791016
C07 330.006 50.9971923828125
C07 349.994 58.582393646240234
C07 370.001 70.08131408691406
C07 400.009 87.12559509277344
C07 429.983 90.3017807006836
C07 449.989 89.8416748046875
C07 469.993 88.98959350585938
C07 500.016 88.62449645996094
C07 549.99 90.5578842163086
C07 569.998 91.52619171142578
C07 599.983 93.70343780517578
C07 630.013 95.68898010253906
C07 649.987 96.58051300048828
C07 670.017 97.61112976074219
C07 699.987 99.12704467773438
C07 720.012 99.7355728149414
C07 749.995 100.53929138183594
C07 770.007 101.03445434570312
C07 800.008 101.49891662597656
C07 830.013 100.86258697509766
C07 869.994 97.77120971679688
C07 900.005 92.07038116455078
C07 919.989 85.99662780761719
C07 959.989 75.40509033203125
C07 1000.013 38.02022933959961
C07 1030.002 16.173301696777344
C07 1049.996 8.717138290405273
C07 1080.005 0.6969906258448836
C07 1100.007 0.09481244440748106
C10 319.992 48.1111946105957
C10 330.006 51.777713775634766
C10 349.994 59.76784896850586
C10 370.001 70.53886413574219
C10 400.009 85.55913543701172
C10 429.983 88.14035034179688
C10 449.989 87.8018798828125
C10 469.993 87.20917510986328
C10 500.016 87.26917266845703
C10 549.99 89.59640502929688
C10 569.998 90.61510467529297
C10 599.983 92.77491760253906
C10 630.013 94.70254516601562
C10 649.987 95.54740905761719
C10 670.017 96.51239776611328
C10 699.987 97.90472412109375
C10 720.012 98.46326446533203
C10 749.995 99.14239501953125
C10 770.007 99.5406723022461
C10 800.008 99.8737564086914
C10 830.013 99.1822738647461
C10 869.994 96.16263580322266
C10 900.005 90.5889892578125
C10 919.989 84.6110610961914
C10 959.989 74.30846405029297
C10 1000.013 37.22932052612305
C10 1030.002 16.05177116394043
C10 1049.996 8.549235343933105
C10 1080.005 0.6873064680559585
C10 1100.007 0.09349509717503768
C11 319.992 47.937522888183594
C11 330.006 51.56221008300781
C11 349.994 59.55352020263672
C11 370.001 70.47683715820312
C11 400.009 85.72296905517578
C11 429.983 88.3017578125
C11 449.989 87.90673828125
C11 469.993 87.24581146240234
C11 500.016 87.24227905273438
C11 549.99 89.5503921508789
C11 569.998 90.5849380493164
C11 599.983 92.75257873535156
C11 630.013 94.69271850585938
C11 649.987 95.53871154785156
C11 670.017 96.51022338867188
C11 699.987 97.90525817871094
C11 720.012 98.47228240966797
C11 749.995 99.15613555908203
C11 770.007 99.56368255615234
C11 800.008 99.90870666503906
C11 830.013 99.22476196289062
C11 869.994 96.21855926513672
C11 900.005 90.57899475097656
C11 919.989 84.52562713623047
C11 959.989 74.47251892089844
C11 1000.013 37.17182540893555
C11 1030.002 15.989531517028809
C11 1049.996 8.510955810546875
C11 1080.005 0.6874017362944007
C11 1100.007 0.09350805662416965
C12 319.992 47.90240478515625
C12 330.006 51.45835494995117
C12 349.994 59.381927490234375
C12 370.001 70.42798614501953
C12 400.009 86.00797271728516
C12 429.983 88.69410705566406
C12 449.989 88.27922058105469
C12 469.993 87.57672882080078
C12 500.016 87.50260162353516
C12 549.99 89.75755310058594
C12 569.998 90.78392791748047
C12 599.983 92.96485900878906
C12 630.013 94.90946960449219
C12 649.987 95.7683334350586
C12 670.017 96.74639892578125
C12 699.987 98.1611557006836
C12 720.012 98.7357177734375
C12 749.995 99.43643951416016
C12 770.007 99.85477447509766
C12 800.008 100.21568298339844
C12 830.013 99.53321075439453
C12 869.994 96.55146026611328
C12 900.005 90.93834686279297
C12 919.989 84.82424926757812
C12 959.989 74.66596984863281
C12 1000.013 37.24705123901367
C12 1030.002 16.030960083007812
C12 1049.996 8.530760765075684
C12 1080.005 0.6893449656224029
C12 1100.007 0.09377239636677215
C13 319.992 47.70977020263672
C13 330.006 51.18348693847656
C13 349.994 59.00831604003906
C13 370.001 70.11793518066406
C13 400.009 85.9724349975586
C13 429.983 88.76165008544922
C13 449.989 88.33748626708984
C13 469.993 87.60469055175781
C13 500.016 87.47394561767578
C13 549.99 89.64998626708984
C13 569.998 90.6686782836914
C13 599.983 92.8346939086914
C13 630.013 94.78157043457031
C13 649.987 95.64216613769531
C13 670.017 96.62516784667969
C13 699.987 98.05152893066406
C13 720.012 98.63133239746094
C13 749.995 99.35416412353516
C13 770.007 99.78435516357422
C13 800.008 100.16153717041016
C13 830.013 99.48892211914062
C13 869.994 96.57343292236328
C13 900.005 91.01766967773438
C13 919.989 84.8975601196289
C13 959.989 74.5352554321289
C13 1000.013 37.22562789916992
C13 1030.002 16.067974090576172
C13 1049.996 8.548365592956543
C13 1080.005 0.688774613272425
C13 1100.007 0.0936948106741247
C14 319.992 47.64272689819336
C14 330.006 51.05036926269531
C14 349.994 58.79759216308594
C14 370.001 69.99144744873047
C14 400.009 86.15048217773438
C14 429.983 89.06237030029297
C14 449.989 88.64466094970703
C14 469.993 87.88844299316406
C14 500.016 87.700927734375
C14 549.99 89.81222534179688
C14 569.998 90.81028747558594
C14 599.983 92.9626693725586
C14 630.013 94.90987396240234
C14 649.987 95.7715835571289
C14 670.017 96.76548767089844
C14 699.987 98.2052001953125
C14 720.012 98.79558563232422
C14 749.995 99.53927612304688
C14 770.007 99.9793472290039
C14 800.008 100.3760986328125
C14 830.013 99.70813751220703
C14 869.994 96.80705261230469
C14 900.005 91.2299575805664
C14 919.989 85.07349395751953
C14 959.989 74.58011627197266
C14 1000.013 37.270606994628906
C14 1030.002 16.096065521240234
C14 1049.996 8.575437545776367
C14 1080.005 0.690057924291496
C14 1100.007 0.09386938096265002
C15 319.992 47.61857986450195
C15 330.006 50.964839935302734
C15 349.994 58.641395568847656
C15 370.001 69.9170913696289
C15 400.009 86.3796615600586
C15 429.983 89.4118881225586
C15 449.989 89.0021743774414
C15 469.993 88.23009490966797
C15 500.016 87.99446105957031
C15 549.99 90.03998565673828
C15 569.998 91.02372741699219
C15 599.983 93.16287231445312
C15 630.013 95.10233306884766
C15 649.987 95.97014617919922
C15 670.017 96.9672622680664
C15 699.987 98.43109130859375
C15 720.012 99.02937316894531
C15 749.995 99.78595733642578
C15 770.007 100.24515533447266
C15 800.008 100.65635681152344
C15 830.013 100.00312805175781
C15 869.994 97.10681915283203
C15 900.005 91.50274658203125
C15 919.989 85.36997985839844
C15 959.989 74.82125854492188
C15 1000.013 37.41058349609375
C15 1030.002 16.165468215942383
C15 1049.996 8.624364852905273
C15 1080.005 0.6917680701903777
C15 1100.007 0.09410201409565642
C16 319.992 47.41849899291992
C16 330.006 50.68084716796875
C16 349.994 58.25653076171875
C16 370.001 69.55103302001953
C16 400.009 86.22002410888672
C16 429.983 89.3671646118164
C16 449.989 88.98077392578125
C16 469.993 88.19841766357422
C16 500.016 87.92733001708984
C16 549.99 89.8946533203125
C16 569.998 90.84821319580078
C16 599.983 92.95912170410156
C16 630.013 94.88341522216797
C16 649.987 95.74524688720703
C16 670.017 96.74273681640625
C16 699.987 98.20357513427734
C16 720.012 98.81625366210938
C16 749.995 99.5943374633789
C16 770.007 100.06179809570312
C16 800.008 100.48522186279297
C16 830.013 99.84996032714844
C16 869.994 96.94686889648438
C16 900.005 91.33717346191406
C16 919.989 85.21930694580078
C16 959.989 74.68052673339844
C16 1000.013 37.363609313964844
C16 1030.002 16.147226333618164
C16 1049.996 8.629101753234863
C16 1080.005 0.6904396821027963
C16 1100.007 0.09392131192114339
C17 319.992 47.166831970214844
C17 330.006 50.352943420410156
C17 349.994 57.8180046081543
C17 370.001 69.12380981445312
C17 400.009 86.03407287597656
C17 429.983 89.31051635742188
C17 449.989 88.95813751220703
C17 469.993 88.17110443115234
C17 500.016 87.884521484375
C17 549.99 89.76573944091797
C17 569.998 90.69216918945312
C17 599.983 92.77391052246094
C17 630.013 94.69239044189453
C17 649.987 95.56110382080078
C17 670.017 96.57047271728516
C17 699.987 98.04590606689453
C17 720.012 98.67455291748047
C17 749.995 99.47454833984375
C17 770.007 99.96063232421875
C17 800.008 100.40315246582031
C17 830.013 99.78892517089844
C17 869.994 96.89337158203125
C17 900.005 91.27001953125
C17 919.989 85.11811065673828
C17 959.989 74.65594482421875
C17 1000.013 37.59364318847656
C17 1030.002 16.184494018554688
C17 1049.996 8.623847961425781
C17 1080.005 0.6896092721635717
C17 1100.007 0.09380835029256666
