lsstCam/transmission_sensor/r03_s20/19700101T000000.ecsv
# %ECSV 1.0
# ---
# datatype:
# - {name: amp_name, datatype: string}
# - {name: wavelength, unit: nm, datatype: float32}
# - {name: efficiency, unit: '%', datatype: float64}
# meta: !!omap
# - {MODE: AMP}
# - {TYPE: transmission_sensor}
# - {CALIBDATE: '1970-01-01T00:00:00'}
# - {INSTRUME: LSSTCam}
# - {OBSTYPE: transmission_sensor}
# - {DETECTOR: 24}
# - {PARQUETFILE: qe_raft_allvalues_nircorrected_20230725_adjust.parquet}
# - {CORRFILE: qe_corr_factor_bydetnum.parquet}
# - {CALIBCLS: lsst.ip.isr.IntermediateSensorTransmissionCurve}
# - {CALIB_ID: 'raftName=R03 detectorName=S20 detector=24 calibDate=1970-01-01T00:00:00 ccd=24 ccdnum=24 filter=None'}
# - {DATE: '2025-03-03T21:56:47.507486'}
# - {CALIB_CREATION_DATE: '2025-03-03'}
# - {CALIB_CREATION_TIME: '21:56:47'}
# - __serialized_columns__:
#     efficiency:
#       __class__: astropy.units.quantity.Quantity
#       unit: !astropy.units.Unit {unit: '%'}
#       value: !astropy.table.SerializedColumn {name: efficiency}
#     wavelength:
#       __class__: astropy.units.quantity.Quantity
#       unit: !astropy.units.Unit {unit: nm}
#       value: !astropy.table.SerializedColumn {name: wavelength}
# schema: astropy-2.0
amp_name wavelength efficiency
C00 319.992 48.839684964113616
C00 330.006 52.61224406717922
C00 349.994 60.72840948246534
C00 370.001 71.62847818813992
C00 400.009 86.66405953566532
C00 429.983 89.13097115390048
C00 449.989 88.69187413556728
C00 469.993 88.06000920462255
C00 500.016 88.05487108930478
C00 549.99 90.42905012553796
C00 569.998 91.47791894928159
C00 599.983 93.72204281173677
C00 630.013 95.71261955639719
C00 649.987 96.58130769455963
C00 670.017 97.55734161526051
C00 699.987 98.99694600611551
C00 720.012 99.53546208935296
C00 749.995 100.21663598004139
C00 770.007 100.61115387791891
C00 800.008 100.97490471046032
C00 830.013 100.22118864293914
C00 869.994 97.14075370181266
C00 900.005 91.75155632906846
C00 919.989 85.76437323252729
C00 959.989 74.20776585773285
C00 1000.013 37.07269603251861
C00 1030.002 15.886480590938875
C00 1049.996 8.569762973081517
C00 1080.005 0.6947536522590023
C00 1100.007 0.09450814629228722
C01 319.992 48.73300166720836
C01 330.006 52.4557433913234
C01 349.994 60.58656437541321
C01 370.001 71.68759347591889
C01 400.009 87.04290117466478
C01 429.983 89.5506326925534
C01 449.989 89.068820757523
C01 469.993 88.36869669639722
C01 500.016 88.30298736557175
C01 549.99 90.67029503919106
C01 569.998 91.73310687451665
C01 599.983 93.99337689845015
C01 630.013 95.99445327006428
C01 649.987 96.86641531978603
C01 670.017 97.85967386694948
C01 699.987 99.30162777080585
C01 720.012 99.84741578936561
C01 749.995 100.54009844210015
C01 770.007 100.9563088928035
C01 800.008 101.32010594527281
C01 830.013 100.57222899530916
C01 869.994 97.47423048158221
C01 900.005 91.95040216219832
C01 919.989 86.02164105451767
C01 959.989 74.81404805858715
C01 1000.013 37.3133362354484
C01 1030.002 15.961915364925783
C01 1049.996 8.577549105101662
C01 1080.005 0.6969960871674026
C01 1100.007 0.09481318731752678
C02 319.992 48.49623238323985
C02 330.006 52.14345074517285
C02 349.994 60.20080130221133
C02 370.001 71.39296454554592
C02 400.009 87.02962064871599
C02 429.983 89.62659514405046
C02 449.989 89.12235884066918
C02 469.993 88.36865047646933
C02 500.016 88.23606861329968
C02 549.99 90.54355999690026
C02 569.998 91.61626289679559
C02 599.983 93.88234122500137
C02 630.013 95.89140594082018
C02 649.987 96.7714949945303
C02 670.017 97.7736431744924
C02 699.987 99.225572879453
C02 720.012 99.78241516410122
C02 749.995 100.49521889211313
C02 770.007 100.91765362643983
C02 800.008 101.29382991626395
C02 830.013 100.55973420813461
C02 869.994 97.45394763655719
C02 900.005 91.849226740034
C02 919.989 85.92595039713035
C02 959.989 75.01800889707081
C02 1000.013 37.447443356238615
C02 1030.002 15.971650437238877
C02 1049.996 8.587460390889857
C02 1080.005 0.6966849751769046
C02 1100.007 0.09477086639209421
C03 319.992 48.3279148124853
C03 330.006 51.88642557780393
C03 349.994 59.84163009419227
C03 370.001 71.11207063707937
C03 400.009 87.07870621214154
C03 429.983 89.80132187813992
C03 449.989 89.30273981260459
C03 469.993 88.51703955497939
C03 500.016 88.333685101016
C03 549.99 90.56891162735121
C03 569.998 91.63679995142404
C03 599.983 93.90015900720526
C03 630.013 95.91116495999572
C03 649.987 96.79766317704075
C03 670.017 97.80280794899478
C03 699.987 99.26345011036376
C03 720.012 99.83678520594954
C03 749.995 100.56300811969392
C03 770.007 101.0028215469095
C03 800.008 101.39176224015424
C03 830.013 100.68958139223707
C03 869.994 97.62540045908734
C03 900.005 92.0038940254166
C03 919.989 86.08784339790736
C03 959.989 75.31367007250013
C03 1000.013 37.65567568639201
C03 1030.002 16.038888877345563
C03 1049.996 8.617379127966029
C03 1080.005 0.6971549489032614
C03 1100.007 0.09483479746397792
C04 319.992 48.301299837338526
C04 330.006 51.79643152652978
C04 349.994 59.67882039817866
C04 370.001 71.05040554994481
C04 400.009 87.3592688777915
C04 429.983 90.2134495685458
C04 449.989 89.71911973637691
C04 469.993 88.9145386382062
C04 500.016 88.68313856919494
C04 549.99 90.85256332484889
C04 569.998 91.89543126128736
C04 599.983 94.14698112549115
C04 630.013 96.15503670621757
C04 649.987 97.04175831958078
C04 670.017 98.06301843972787
C04 699.987 99.53792715217408
C04 720.012 100.12153077507408
C04 749.995 100.86950016489352
C04 770.007 101.32539812701691
C04 800.008 101.72984560607074
C04 830.013 101.03083852653579
C04 869.994 97.95836881965003
C04 900.005 92.30776694136877
C04 919.989 86.35440912872615
C04 959.989 75.46323005585023
C04 1000.013 37.72067245999574
C04 1030.002 16.06725539517656
C04 1049.996 8.630610545241419
C04 1080.005 0.6992797351563144
C04 1100.007 0.09512383460597845
C05 319.992 48.084882728286885
C05 330.006 51.498193590120266
C05 349.994 59.27859048754533
C05 370.001 70.6986025687645
C05 400.009 87.2732227786918
C05 429.983 90.2442628538098
C05 449.989 89.76523952109578
C05 469.993 88.94086859046428
C05 500.016 88.65898095354797
C05 549.99 90.74663495343259
C05 569.998 91.7694357378429
C05 599.983 93.99389302097833
C05 630.013 95.9949462826285
C05 649.987 96.88175263252619
C05 670.017 97.90429920733305
C05 699.987 99.38690353777395
C05 720.012 99.98361051023245
C05 749.995 100.74794175452708
C05 770.007 101.21353049486599
C05 800.008 101.63443226825079
C05 830.013 100.94864408809408
C05 869.994 97.85949669055921
C05 900.005 92.23862963255769
C05 919.989 86.24661655355139
C05 959.989 75.23823144685257
C05 1000.013 37.698860505689495
C05 1030.002 16.08110018941174
C05 1049.996 8.658476347186877
C05 1080.005 0.6984370478853326
C05 1100.007 0.09500920287770236
C06 319.992 48.078608373075
C06 330.006 51.42852475213838
C06 349.994 59.13897934367484
C06 370.001 70.62346437264826
C06 400.009 87.46426514732855
C06 429.983 90.54403760282185
C06 449.989 90.07765542038739
C06 469.993 89.23057509851633
C06 500.016 88.91413036217645
C06 549.99 90.92309493481815
C06 569.998 91.92236207260808
C06 599.983 94.12159097843363
C06 630.013 96.10897854806923
C06 649.987 97.00464371748029
C06 670.017 98.0245095364692
C06 699.987 99.51811420974934
C06 720.012 100.12230110720569
C06 749.995 100.90936485270382
C06 770.007 101.3834657630969
C06 800.008 101.81484405347146
C06 830.013 101.15511620932678
C06 869.994 98.06214796441917
C06 900.005 92.41274780426319
C06 919.989 86.39427381653644
C06 959.989 75.41600099286185
C06 1000.013 37.81234583531677
C06 1030.002 16.14104262131701
C06 1049.996 8.714669187441586
C06 1080.005 0.699556134915305
C06 1100.007 0.0951614335862399
C07 319.992 48.18748326489466
C07 330.006 51.491341485809684
C07 349.994 59.150041313084614
C07 370.001 70.76038320571881
C07 400.009 87.96981871865485
C07 429.983 91.17678071239659
C07 449.989 90.71221651379271
C07 469.993 89.85187877593681
C07 500.016 89.48324403768105
C07 549.99 91.43536580233202
C07 569.998 92.41305593711583
C07 599.983 94.61139896099003
C07 630.013 96.61618063015716
C07 649.987 97.51635224253809
C07 670.017 98.55695540250966
C07 699.987 100.08755912807052
C07 720.012 100.70198373955583
C07 749.995 101.51349012358963
C07 770.007 102.01345108364052
C07 800.008 102.48241387871583
C07 830.013 101.83991836435504
C07 869.994 98.71858649036191
C07 900.005 92.96251843994332
C07 919.989 86.82991204359875
C07 959.989 76.13574541337947
C07 1000.013 38.38863515462723
C07 1030.002 16.33001664818041
C07 1049.996 8.80160502015328
C07 1080.005 0.7037442778885747
C07 1100.007 0.09573115153953717
C10 319.992 48.57737916998257
C10 330.006 52.279425921382185
C10 349.994 60.346983379164364
C10 370.001 71.22236679168184
C10 400.009 86.38818048937549
C10 429.983 88.99440667361046
C10 449.989 88.65265652674753
C10 469.993 88.05420860367161
C10 500.016 88.11478752250062
C10 549.99 90.46457014012601
C10 569.998 91.49314071220199
C10 599.983 93.67388164686915
C10 630.013 95.62018740392654
C10 649.987 96.4732377998175
C10 670.017 97.44757698982886
C10 699.987 98.85339461339188
C10 720.012 99.41734706361477
C10 749.995 100.10305821055832
C10 770.007 100.50519469321735
C10 800.008 100.84150629523118
C10 830.013 100.14332347107704
C10 869.994 97.09442592741824
C10 900.005 91.46677224333733
C10 919.989 85.4309195627217
C10 959.989 75.02849311738188
C10 1000.013 37.590062647082995
C10 1030.002 16.207308517107553
C10 1049.996 8.632075139206624
C10 1080.005 0.6939662832105763
C10 1100.007 0.094401039566079
C11 319.992 48.40202461520585
C11 330.006 52.061834055829856
C11 349.994 60.13057782509469
C11 370.001 71.15973878938277
C11 400.009 86.55360161131523
C11 429.983 89.15737813937172
C11 449.989 88.7585309749146
C11 469.993 88.09119995263103
C11 500.016 88.08763331486172
C11 549.99 90.41811140926923
C11 569.998 91.46268177971854
C11 599.983 93.65132632205591
C11 630.013 95.61026552607153
C11 649.987 96.46445601351726
C11 670.017 97.4453815432538
C11 699.987 98.853933845884
C11 720.012 99.42645238941027
C11 749.995 100.11693189224843
C11 770.007 100.5284279103064
C11 800.008 100.87679521017978
C11 830.013 100.18622326748583
C11 869.994 97.15089127266451
C11 900.005 91.45668089241337
C11 919.989 85.34465777062516
C11 959.989 75.19413763563979
C11 1000.013 37.53201041764564
C11 1030.002 16.14446578472681
C11 1049.996 8.593424687418768
C11 1080.005 0.6940624745726724
C11 1100.007 0.09441412458879385
C12 319.992 48.366566227188315
C12 330.006 51.95697259441583
C12 349.994 59.95732242537658
C12 370.001 71.11041442299643
C12 400.009 86.84136688239565
C12 429.983 89.55352914136822
C12 449.989 89.13462252820425
C12 469.993 88.42532381139112
C12 500.016 88.35047834148489
C12 549.99 90.62727969296252
C12 569.998 91.66359980628239
C12 599.983 93.86566353435222
C12 630.013 95.82911688465903
C12 649.987 96.69630287516485
C12 670.017 97.68384555791182
C12 699.987 99.1123109461439
C12 720.012 99.69244037113037
C12 749.995 100.39995191739818
C12 770.007 100.82234043179699
C12 800.008 101.18674604665026
C12 830.013 100.49766084497031
C12 869.994 97.48701799496676
C12 900.005 91.81951502971819
C12 919.989 85.64617347025462
C12 959.989 75.38946305092823
C12 1000.013 37.607965165821376
C12 1030.002 16.18629578238784
C12 1049.996 8.613421546639934
C12 1080.005 0.6960245332711651
C12 1100.007 0.09468102571253499
C13 319.992 48.172065067280684
C13 330.006 51.67944118570372
C13 349.994 59.58009078053217
C13 370.001 70.7973591480356
C13 400.009 86.80548481170572
C13 429.983 89.62172664497875
C13 449.989 89.19345279309452
C13 469.993 88.45355648401426
C13 500.016 88.32154466662199
C13 549.99 90.51867056572827
C13 569.998 91.54723343448293
C13 599.983 93.73423716938
C13 630.013 95.69997840611764
C13 649.987 96.56891305056219
C13 670.017 97.56143978220062
C13 699.987 99.00162192215431
C13 720.012 99.58704352888489
C13 749.995 100.31687930032648
C13 770.007 100.75123877605033
C13 800.008 101.13207557527062
C13 830.013 100.45294306473095
C13 869.994 97.50920356035684
C13 900.005 91.89960646144063
C13 919.989 85.72019468478005
C13 959.989 75.25748204682124
C13 1000.013 37.58633423956606
C13 1030.002 16.223668445752402
C13 1049.996 8.631196960576599
C13 1080.005 0.6954486543600381
C13 1100.007 0.09460268823535518
C14 319.992 48.10437213121636
C14 330.006 51.54503363538219
C14 349.994 59.36732504578431
C14 370.001 70.66964578393767
C14 400.009 86.98525722125717
C14 429.983 89.92536075797011
C14 449.989 89.50360391591923
C14 469.993 88.74005841039885
C14 500.016 88.55072617909424
C14 549.99 90.68248169351297
C14 569.998 91.69021478142918
C14 599.983 93.86345268113453
C14 630.013 95.82952516068877
C14 649.987 96.69958449004547
C14 670.017 97.70311926784446
C14 699.987 99.15678222010114
C14 720.012 99.752888333497
C14 749.995 100.50378498541653
C14 770.007 100.9481202622446
C14 800.008 101.34871608064043
C14 830.013 100.67428259610351
C14 869.994 97.745086962374
C14 900.005 92.11395137705827
C14 919.989 85.89783327432696
C14 959.989 75.30277757615931
C14 1000.013 37.631749170384516
C14 1030.002 16.252032074837906
C14 1049.996 8.658531233351253
C14 1080.005 0.696744400318354
C14 1100.007 0.0947789500631095
C15 319.992 48.079991119251225
C15 330.006 51.4586755517692
C15 349.994 59.209614948481885
C15 370.001 70.59456921439195
C15 400.009 87.21665729026843
C15 429.983 90.2782653140986
C15 449.989 89.86458155278689
C15 469.993 89.08502084225054
C15 500.016 88.84710376340595
C15 549.99 90.91244894475945
C15 569.998 91.90572289856553
C15 599.983 94.06559553578764
C15 630.013 96.02384914420614
C15 649.987 96.90007113061563
C15 670.017 97.90684900668865
C15 699.987 99.38486215762521
C15 720.012 99.98894120858313
C15 749.995 100.75285647352668
C15 770.007 101.21650397689396
C15 800.008 101.6316898858623
C15 830.013 100.97213151478657
C15 869.994 98.04775816020089
C15 900.005 92.38938363071176
C15 919.989 86.19719204398795
C15 959.989 75.54625645299406
C15 1000.013 37.77308200656913
C15 1030.002 16.322107263019213
C15 1049.996 8.707932632950747
C15 1080.005 0.6984711170718738
C15 1100.007 0.09501383734871985
C16 319.992 47.87797151773918
C16 330.006 51.17193097076315
C16 349.994 58.821020904696375
C16 370.001 70.22496385765038
C16 400.009 87.05547299505248
C16 429.983 90.23310844454423
C16 449.989 89.84297373649552
C16 469.993 89.05303665214652
C16 500.016 88.77932223914648
C16 549.99 90.76570837701101
C16 569.998 91.72850799169099
C16 599.983 93.85987063672259
C16 630.013 95.8028100423649
C16 649.987 96.67299262486264
C16 670.017 97.68014796368014
C16 699.987 99.15514141266084
C16 720.012 99.77375663094205
C16 749.995 100.55937985535408
C16 770.007 101.03137005570659
C16 800.008 101.45889668542316
C16 830.013 100.81747963604658
C16 869.994 97.88625802881099
C16 900.005 92.22220615151198
C16 919.989 86.04505915131831
C16 959.989 75.40416098799916
C16 1000.013 37.72565265722653
C16 1030.002 16.30368862175266
C16 1049.996 8.712715432572818
C16 1080.005 0.6971298572603555
C16 1100.007 0.09483138421864881
C17 319.992 47.62386590914902
C17 330.006 50.84084992392288
C17 349.994 58.37824555043479
C17 370.001 69.79360097391844
C17 400.009 86.86771994461768
C17 429.983 90.17591128377295
C17 449.989 89.82011798215095
C17 469.993 89.02545876183525
C17 500.016 88.73609890324242
C17 549.99 90.6355453567346
C17 569.998 91.5709519608149
C17 599.983 93.67286480845543
C17 630.013 95.60993428325493
C17 649.987 96.48706526157972
C17 670.017 97.50621467168624
C17 699.987 98.99594457434442
C17 720.012 99.63068284414001
C17 749.995 100.4384300073716
C17 770.007 100.92922401505645
C17 800.008 101.37603205802696
C17 830.013 100.75585306551861
C17 869.994 97.8322423397432
C17 900.005 92.15440151728856
C17 919.989 85.94288229738292
C17 959.989 75.379340886719
C17 1000.013 37.957915498225184
C17 1030.002 16.34131742055098
C17 1049.996 8.707410732931589
C17 1080.005 0.6962914008717596
C17 1100.007 0.09471732802221793
