latiss/transmission_filter/rxx_s00/sdssz_65mm~empty/20221005T000000.ecsv
# %ECSV 0.9
# ---
# datatype:
# - {name: wavelength, unit: nm, datatype: float32}
# - {name: throughput, unit: -, datatype: float32}
# meta: !!omap
# - {MODE: CAMERA}
# - {TYPE: transmission_curve}
# - {CALIBDATE: '2022-10-05T00:00:00'}
# - {INSTRUME: LATISS}
# - {OBSTYPE: transmission_filter}
# - {CALIBCLS: lsst.ip.isr.IntermediateFilterTransmissionCurve}
# - {DETECTOR: 0}
# - {SOURCE: LSST_SDSS_Filters.xlsx}
# - {FILTER: SDSSz_65mm~empty}
# - {CALIB_ID: 'raftName=RXX detectorName=RXX_S00 detector=0 calibDate=2022-10-05T00:00:00 ccd=0 ccdnum=0 filter=SDSSz_65mm~empty'}
# - {DATE: '2022-10-21T17:16:58.984473'}
# - {CALIB_CREATION_DATE: '2022-10-21'}
# - {CALIB_CREATION_TIME: '17:16:58'}
# - __serialized_columns__:
#     throughput:
#       __class__: astropy.units.quantity.Quantity
#       unit: !astropy.units.Unit {unit: -}
#       value: !astropy.table.SerializedColumn {name: throughput}
#     wavelength:
#       __class__: astropy.units.quantity.Quantity
#       unit: !astropy.units.Unit {unit: nm}
#       value: !astropy.table.SerializedColumn {name: wavelength}
# schema: astropy-2.0
wavelength throughput
780 0
781 0
782 0
783 0
784 0
785 0
786 0
787 0
788 5.00E-05
789 0
790 5.00E-05
791 5.00E-05
792 5.00E-05
793 1.50E-04
794 1.50E-04
795 1.50E-04
796 2.00E-04
797 2.00E-04
798 3.00E-04
799 3.50E-04
800 4.50E-04
801 6.00E-04
802 7.00E-04
803 9.50E-04
804 1.20E-03
805 1.50E-03
806 2.00E-03
807 2.65E-03
808 3.50E-03
809 4.70E-03
810 6.25E-03
811 8.70E-03
812 0.01215
813 0.0168
814 0.0239
815 0.0336
816 0.0485
817 0.0693
818 0.09955
819 0.1422
820 0.2004
821 0.2756
822 0.36885
823 0.4709
824 0.5723
825 0.664699999999999
826 0.746
827 0.8065
828 0.8533
829 0.8906
830 0.91605
831 0.93465
832 0.9543
833 0.96215
834 0.97335
835 0.97925
836 0.9816
837 0.98135
838 0.9828
839 0.9837
840 0.9858
841 0.98535
842 0.9848
843 0.98315
844 0.98695
845 0.98565
846 0.9894
847 0.986
848 0.99005
849 0.99385
850 0.9965
851 0.9942
852 0.99195
853 1.00085
854 0.99265
855 0.99345
856 0.99285
857 0.99315
858 0.99395
859 1.0021
860 0.99675
870 0.99485
871 0.9954
872 0.9947
873 0.99495
874 0.995699999999999
875 0.9959
876 0.997
877 0.9979
878 0.998
879 0.998
880 0.9973
881 0.9975
882 0.99735
883 0.9967
884 0.99655
885 0.9958
886 0.9956
887 0.99505
888 0.99465
889 0.99255
890 0.9912
891 0.9909
892 0.98985
893 0.9889
894 0.98765
895 0.987
896 0.98585
897 0.98555
898 0.9836
899 0.98265
900 0.98165
901 0.98145
902 0.97985
903 0.97915
904 0.9778
905 0.9765
906 0.9741
907 0.9728
908 0.9702
909 0.9676
910 0.9625
911 0.95765
912 0.9494
913 0.93925
914 0.9267
915 0.9099
916 0.8893
917 0.8643
918 0.8325
919 0.7941
920 0.74755
921 0.6934
922 0.63415
923 0.5672
924 0.4991
925 0.42965
926 0.363
927 0.30065
928 0.245
929 0.197
930 0.15665
931 0.12305
932 0.0969
933 0.0763
934 0.05945
935 0.04675
936 0.0359
937 0.0282
938 0.02235
939 0.0174
940 0.0138
941 0.0112
942 8.75E-03
943 6.95E-03
944 5.50E-03
945 4.75E-03
946 3.95E-03
947 3.05E-03
948 2.65E-03
949 2.25E-03
950 1.75E-03
951 1.75E-03
952 1.60E-03
953 1.40E-03
954 1.10E-03
955 7.00E-04
956 6.50E-04
957 5.50E-04
958 6.50E-04
959 4.50E-04
960 4.00E-04
961 1.00E-04
962 6.00E-04
963 -1.50E-04
964 0
965 5.00E-05
966 2.50E-04
967 5.50E-04
968 6.50E-04
969 8.50E-04
970 4.00E-04
