lsstCam/transmission_filter_detector/r41_s21/g_6/19700101T000000.ecsv
# %ECSV 1.0
# ---
# datatype:
# - {name: wavelength, unit: nm, datatype: float32}
# - {name: efficiency, unit: '%', datatype: float64}
# meta: !!omap
# - {MODE: DETECTOR}
# - {TYPE: transmission_filter_detector}
# - {CALIBDATE: '1970-01-01T00:00:00'}
# - {INSTRUME: LSSTCam}
# - {OBSTYPE: transmission_filter_detector}
# - {CALIBCLS: lsst.ip.isr.IntermediateFilterDetectorTransmissionCurve}
# - {SOURCE: Materion (DM-46256)}
# - {DETECTOR: 169}
# - {FILTER: g_6}
# - {CALIB_ID: 'calibDate=1970-01-01T00:00:00 filter=g_6 detector=169'}
# - {DATE: '2025-04-02T15:59:42.809346'}
# - {CALIB_CREATION_DATE: '2025-04-02'}
# - {CALIB_CREATION_TIME: '15:59:42'}
# - __serialized_columns__:
#     efficiency:
#       __class__: astropy.units.quantity.Quantity
#       unit: !astropy.units.Unit {unit: '%'}
#       value: !astropy.table.SerializedColumn {name: efficiency}
#     wavelength:
#       __class__: astropy.units.quantity.Quantity
#       unit: !astropy.units.Unit {unit: nm}
#       value: !astropy.table.SerializedColumn {name: wavelength}
# schema: astropy-2.0
wavelength efficiency
[from data line 607]
907.0 0.0002697946911212057
908.0 0.00022606329821428517
909.0 0.00018233190530736465
910.0 0.00027169608074473217
911.0 0.00036106034713156987
912.0 0.0003329805622342974
913.0 0.00030490080007439246
914.0 0.0003331524112581974
915.0 0.0003614040679167374
916.0 0.0003630586661529378
917.0 0.00036471319617703557
918.0 0.00034473257528588874
919.0 0.00032475186344527174
920.0 0.00032263101275020745
921.0 0.00032051016205514316
922.0 0.0003972767444793135
923.0 0.00047404328142874874
924.0 0.000413155066780746
925.0 0.0003522668293953757
926.0 0.00040590989556221757
927.0 0.00045955284804222174
928.0 0.0004097151304449653
929.0 0.0003598772536861361
930.0 0.0003572882405933342
931.0 0.00035469920476316474
932.0 0.000438514734923956
933.0 0.000522330174135277
934.0 0.0005070529823569814
935.0 0.0004917757905786857
936.0 0.0004156914656050503
937.0 0.0003396072088435176
938.0 0.0004477942638914101
939.0 0.0005559813416766701
940.0 0.0005167341896594735
941.0 0.00047748694669280667
942.0 0.0004177446044195676
943.0 0.00035800219393422594
944.0 0.0004952217750542331
945.0 0.0006324412879621377
946.0 0.0007766154340060893
947.0 0.0009207895345753059
948.0 0.0007480784461222356
949.0 0.0005753674486186355
950.0 0.0005856440111529082
951.0 0.0005959204372629756
952.0 0.0005778520517196739
953.0 0.0005597837571258424
954.0 0.0006409813522623153
955.0 0.0007221790838229936
956.0 0.0007108321824489394
957.0 0.0006994854629738256
958.0 0.0007422295766446041
959.0 0.0007849735993659124
960.0 0.0006442477115342626
961.0 0.0005035217782278778
962.0 0.000581761605644715
963.0 0.000660001296637347
964.0 0.0006008186119288439
965.0 0.0005416358817456057
966.0 0.0005498523478308925
967.0 0.0005580687229667092
968.0 0.0005933545708103338
969.0 0.0006286403731792234
970.0 0.0006386741915775929
971.0 0.0006487080554506974
972.0 0.0006871403002151055
973.0 0.0007255726814037189
974.0 0.0007087232006597333
975.0 0.0006918736744410126
976.0 0.0007884511433076113
977.0 0.0008850284757500049
978.0 0.0008954744771472178
979.0 0.0009059203875949606
980.0 0.0008614851140009705
981.0 0.0008170497494575102
982.0 0.0010860137990675867
983.0 0.0013549780305766035
984.0 0.001425634491170058
985.0 0.0014962909517635126
986.0 0.0014852846106805373
987.0 0.0014742783605470322
988.0 0.001476706256653415
989.0 0.0014791338799113873
990.0 0.0016075673556770198
991.0 0.001736000740493182
992.0 0.0017902226318255998
993.0 0.0018444441593601368
994.0 0.001786446046025958
995.0 0.0017284477507928386
996.0 0.001707716000964865
997.0 0.001686984433035832
998.0 0.0016744832464610226
999.0 0.001661982423684094
1000.0 0.0015758207155158743
1001.0 0.001489659280196065
1002.0 0.0014189724424795713
1003.0 0.0013482856047630776
1004.0 0.0014182086488290224
1005.0 0.0014881317838444375
1006.0 0.001466237154090777
1007.0 0.0014443426152865868
1008.0 0.0013591195966000669
1009.0 0.0012738967598124873
1010.0 0.001308415176026756
1011.0 0.0013429336831904948
1012.0 0.0012179372788523324
1013.0 0.0010929406926152296
1014.0 0.0012114282071706839
1015.0 0.0013299160855240189
1016.0 0.00155046654981561
1017.0 0.0017710171960061416
1018.0 0.0019031889678444713
1019.0 0.0020353605577838607
1020.0 0.002154001049348153
1021.0 0.0022726413590135053
1022.0 0.0024669980120961554
1023.0 0.0026613546651788056
1024.0 0.0028501584893092513
1025.0 0.0030389621315407567
1026.0 0.0031384908652398735
1027.0 0.0032380197808379307
1028.0 0.0033679971238598228
1029.0 0.0034979744668817148
1030.0 0.003741417094715871
1031.0 0.003984859722550027
1032.0 0.0042087249312317
1033.0 0.004432590139913373
1034.0 0.004518553032539785
1035.0 0.004604515925166197
1036.0 0.004650656046578661
1037.0 0.004696796167991124
1038.0 0.004821155744139105
1039.0 0.004945515320287086
1040.0 0.00501567883475218
1041.0 0.005085842349217273
1042.0 0.005357573172659613
1043.0 0.005629303632304072
1044.0 0.005937267997069284
1045.0 0.006245231634238735
1046.0 0.006369474431267008
1047.0 0.0064937172282952815
1048.0 0.006873826350783929
1049.0 0.007253935473272577
1050.0 0.008031575998757035
1051.0 0.00880921579664573
1052.0 0.010129511792911217
1053.0 0.011449809971963987
1054.0 0.013032450806349516
1055.0 0.014615092368330806
1056.0 0.017293350538238883
1057.0 0.019971605797763914
1058.0 0.024088627833407372
1059.0 0.028205651324242353
1060.0 0.03399829147383571
1061.0 0.039790934533812106
1062.0 0.04739122814498842
1063.0 0.054991518845781684
1064.0 0.06380516570061445
1065.0 0.07261881837621331
1066.0 0.08213463588617742
1067.0 0.09165046503767371
1068.0 0.10104305110871792
1069.0 0.11043566046282649
1070.0 0.11953793000429869
1071.0 0.12864019954577088
1072.0 0.13878310564905405
1073.0 0.14892601175233722
1074.0 0.15847283648326993
1075.0 0.16801964957267046
1076.0 0.17810848075896502
1077.0 0.1881973003037274
1078.0 0.19744460005313158
1079.0 0.2066918881610036
1080.0 0.21682004444301128
1081.0 0.2269481774419546
1082.0 0.23691903334110975
1083.0 0.24688993580639362
1084.0 0.2603914588689804
1085.0 0.2738929586485028
1086.0 0.293949618935585
1087.0 0.31400625593960285
1088.0 0.34613979514688253
1089.0 0.3782732877880335
1090.0 0.4202438984066248
1091.0 0.46221441589295864
1092.0 0.5092027131468058
1093.0 0.5561910104006529
1094.0 0.6352731958031654
1095.0 0.714355381205678
1096.0 0.8143807761371136
1097.0 0.9144062176346779
1098.0 0.9743129834532738
1099.0 1.0342196561396122
1100.0 1.1261994950473309
1101.0 1.218179613351822
