lsstCam/transmission_filter_detector/r41_s21/g_6/19700101T000000.ecsv
# %ECSV 1.0
# ---
# datatype:
# - {name: wavelength, unit: nm, datatype: float32}
# - {name: efficiency, unit: '%', datatype: float64}
# meta: !!omap
# - {MODE: DETECTOR}
# - {TYPE: transmission_filter_detector}
# - {CALIBDATE: '1970-01-01T00:00:00'}
# - {INSTRUME: LSSTCam}
# - {OBSTYPE: transmission_filter_detector}
# - {CALIBCLS: lsst.ip.isr.IntermediateFilterDetectorTransmissionCurve}
# - {SOURCE: Materion (DM-46256)}
# - {DETECTOR: 169}
# - {FILTER: g_6}
# - {CALIB_ID: 'calibDate=1970-01-01T00:00:00 filter=g_6 detector=169'}
# - {DATE: '2025-04-02T15:59:42.809346'}
# - {CALIB_CREATION_DATE: '2025-04-02'}
# - {CALIB_CREATION_TIME: '15:59:42'}
# - __serialized_columns__:
#     efficiency:
#       __class__: astropy.units.quantity.Quantity
#       unit: !astropy.units.Unit {unit: '%'}
#       value: !astropy.table.SerializedColumn {name: efficiency}
#     wavelength:
#       __class__: astropy.units.quantity.Quantity
#       unit: !astropy.units.Unit {unit: nm}
#       value: !astropy.table.SerializedColumn {name: wavelength}
# schema: astropy-2.0
wavelength efficiency
300.0 0.35958089865744114
301.0 0.30432359781116247
302.0 0.24906632024794817
303.0 0.23424499668180943
304.0 0.21942364983260632
305.0 0.22097253240644932
306.0 0.22252146154642105
307.0 0.2088612411171198
308.0 0.1952010439708829
309.0 0.1902054762467742
310.0 0.1852099085226655
311.0 0.18426325405016541
312.0 0.1833166112191975
313.0 0.1843952341005206
314.0 0.18547384534031153
315.0 0.18181874183937907
316.0 0.17816362669691443
317.0 0.17615440301597118
318.0 0.17414517933502793
319.0 0.1569286221638322
320.0 0.13971204170957208
321.0 0.13093905290588737
322.0 0.12216605246067047
323.0 0.1084257266484201
324.0 0.09468538919463754
325.0 0.0848937954287976
326.0 0.07510220166295767
327.0 0.07012523710727692
328.0 0.06514826673083007
329.0 0.059331266675144434
330.0 0.053514266619458795
331.0 0.050271779764443636
332.0 0.047029287088662386
333.0 0.04496574110817164
334.0 0.0429021951276809
335.0 0.040903285844251513
336.0 0.03890437656082213
337.0 0.039042625576257706
338.0 0.039180880412459373
339.0 0.038878334453329444
340.0 0.03857578558381647
341.0 0.03684939874801785
342.0 0.035123011912219226
343.0 0.03171194694004953
344.0 0.028300879057496786
345.0 0.025291784550063312
346.0 0.022282687132246792
347.0 0.020620548457372934
348.0 0.018958408327307552
349.0 0.016943513764999807
350.0 0.813790038228035
351.0 0.6571497302502394
352.0 0.5804563406854868
353.0 0.6712378934025764
354.0 0.6158058531582355
355.0 0.9322348050773144
356.0 0.516429590061307
357.0 0.7843147963285446
358.0 0.5598542280495167
359.0 0.8536195382475853
360.0 0.5640985909849405
361.0 0.9232898242771626
362.0 0.46637505292892456
363.0 0.8636323735117912
364.0 0.5357210524380207
365.0 0.8093342185020447
366.0 0.4857422783970833
367.0 0.6782319862395525
368.0 0.5095622502267361
369.0 0.6376874167472124
370.0 0.3970718942582607
371.0 0.4304885398596525
372.0 0.4326523281633854
373.0 0.5548764951527119
374.0 0.39031184278428555
375.0 0.5418239627033472
376.0 0.36601091269403696
377.0 0.600180309265852
378.0 0.38345891516655684
379.0 0.5726184230297804
380.0 0.3746077883988619
381.0 0.47914846800267696
382.0 0.531251821666956
383.0 0.5318187177181244
384.0 0.4780455492436886
385.0 0.545875309035182
386.0 0.7391175255179405
387.0 0.7129883859306574
388.0 0.941915437579155
389.0 1.4146476984024048
390.0 2.0252227783203125
391.0 3.2402992248535156
392.0 5.018420517444611
393.0 7.910612225532532
394.0 11.8600495159626
395.0 16.935326159000397
396.0 23.367038369178772
397.0 31.217917799949646
398.0 40.292999148368835
399.0 49.91036057472229
400.0 59.34091806411743
401.0 68.00848841667175
402.0 75.81251263618469
403.0 81.9079339504242
404.0 86.2006664276123
405.0 89.3428087234497
406.0 91.14609956741333
407.0 92.43346452713013
408.0 93.14348697662354
409.0 93.42498183250427
410.0 93.4370756149292
411.0 93.28821301460266
412.0 92.92068481445312
413.0 92.71553158760071
414.0 92.64076352119446
415.0 92.86768436431885
416.0 93.28421354293823
417.0 93.6413049697876
418.0 94.21108365058899
419.0 94.75048780441284
420.0 95.2006995677948
421.0 95.6769049167633
422.0 95.75560688972473
423.0 95.85996866226196
424.0 95.73964476585388
425.0 95.60553431510925
426.0 95.57527899742126
427.0 95.56508660316467
428.0 95.38251757621765
429.0 95.248943567276
430.0 95.1750636100769
431.0 95.24413347244263
432.0 95.36659717559814
433.0 95.42721509933472
434.0 95.50033211708069
435.0 95.55095434188843
436.0 95.60989141464233
437.0 95.58830261230469
438.0 95.71609497070312
439.0 95.79539895057678
440.0 95.83942890167236
441.0 95.93981504440308
442.0 95.89404463768005
443.0 95.77938318252563
444.0 95.66449522972107
445.0 95.35660147666931
446.0 95.33153176307678
447.0 95.15330791473389
448.0 95.28471827507019
449.0 95.49278020858765
450.0 95.76984643936157
451.0 95.97427248954773
452.0 96.22557759284973
453.0 96.23962044715881
454.0 96.28907442092896
455.0 96.59934639930725
456.0 96.66846990585327
457.0 96.79672718048096
458.0 96.82117700576782
459.0 96.77621722221375
460.0 96.855628490448
461.0 96.91243767738342
462.0 96.79961800575256
463.0 96.7113196849823
464.0 96.82670831680298
465.0 96.73376083374023
466.0 96.6764509677887
467.0 96.67813777923584
468.0 96.74836993217468
469.0 96.74691557884216
470.0 96.58719897270203
471.0 96.53832912445068
472.0 96.5281069278717
473.0 96.40522003173828
474.0 96.32213711738586
475.0 96.41337394714355
476.0 96.4436948299408
477.0 96.54778242111206
478.0 96.6526210308075
479.0 96.65583968162537
480.0 96.85093760490417
481.0 96.92294001579285
482.0 97.07874059677124
483.0 96.99370861053467
484.0 97.19078540802002
485.0 97.2269058227539
486.0 97.22929000854492
487.0 97.27666974067688
488.0 97.24458456039429
489.0 97.38024473190308
490.0 97.37290143966675
491.0 97.430020570755
492.0 97.35721945762634
493.0 97.39692807197571
494.0 97.3413348197937
495.0 97.4285900592804
496.0 97.28594422340393
497.0 97.1684455871582
498.0 96.92438244819641
499.0 97.02431559562683
500.0 96.97510004043579
501.0 96.94450497627258
502.0 96.88113927841187
503.0 97.02354073524475
504.0 96.8720555305481
505.0 96.86414003372192
506.0 96.9127357006073
507.0 96.87018394470215
508.0 96.83356881141663
509.0 96.86777591705322
510.0 96.82925939559937
511.0 96.77205681800842
512.0 96.69999480247498
513.0 96.80233597755432
514.0 96.75405025482178
515.0 96.82269096374512
516.0 96.95374369621277
517.0 96.98047637939453
518.0 97.01175689697266
519.0 97.01250195503235
520.0 97.06196784973145
521.0 97.11169004440308
522.0 97.12036848068237
523.0 97.0679223537445
524.0 97.1068024635315
525.0 97.06994295120239
526.0 97.14742302894592
527.0 97.13600873947144
528.0 97.1686065196991
529.0 97.26910591125488
530.0 97.2715675830841
531.0 97.37485647201538
532.0 97.18554019927979
533.0 97.1600353717804
534.0 97.13317155838013
535.0 96.81233167648315
536.0 96.21612429618835
537.0 95.48340439796448
538.0 94.41048502922058
539.0 92.61990189552307
540.0 90.49261212348938
541.0 87.3669683933258
542.0 84.21083092689514
543.0 80.08115291595459
544.0 75.05560517311096
545.0 70.65901160240173
546.0 65.56304693222046
547.0 61.181640625
548.0 56.982773542404175
549.0 53.49348783493042
550.0 50.819092988967896
551.0 48.20138216018677
552.0 46.013012528419495
553.0 43.364691734313965
554.0 40.013980865478516
555.0 36.187148094177246
556.0 31.19010627269745
557.0 25.734341144561768
558.0 20.15799731016159
559.0 15.041682124137878
560.0 10.4995958507061
561.0 6.662613898515701
562.0 3.9925146847963333
563.0 2.2041484713554382
564.0 1.1582233011722565
565.0 0.5418380256742239
566.0 0.29986866284161806
567.0 0.1595671521499753
568.0 0.11253994889557362
569.0 0.06998491589911282
570.0 0.058663939125835896
571.0 0.04427118401508778
572.0 0.03733962948899716
573.0 0.031807099003344774
574.0 0.04174514033365995
575.0 0.023217260604724288
576.0 0.02914999786298722
577.0 0.02071511116810143
578.0 0.013677834067493677
579.0 0.01589654420968145
580.0 0.03491030656732619
581.0 0.017910433234646916
582.0 0.02311175048816949
583.0 0.01720269356155768
584.0 0.02684624050743878
585.0 0.01400410255882889
586.0 0.017376219329889864
587.0 0.005308428444550373
588.0 0.018681591609492898
589.0 0.0144649064168334
590.0 0.01050145219778642
591.0 0.006142369966255501
592.0 0.013893625873606652
593.0 0.01059276910382323
594.0 0.011792486475314945
595.0 0.011033521877834573
596.0 0.006384283187799156
597.0 0.008423376857535914
598.0 0.014981607091613114
599.0 0.005068572500022128
600.0 0.0044842250645160675
601.0 0.0020764151486218907
602.0 0.0020450168449315242
603.0 0.002013618177443277
604.0 0.002057848723779898
605.0 0.002102079088217579
606.0 0.002027557093242649
607.0 0.0019530352801666595
608.0 0.00190590199053986
609.0 0.0018587687009130605
610.0 0.001840205914049875
611.0 0.0018216429452877492
612.0 0.001796381729946006
613.0 0.0017711208784021437
614.0 0.0017055030184565112
615.0 0.0016398851585108787
616.0 0.001623733805899974
617.0 0.0016075824532890692
618.0 0.0015011803043307737
619.0 0.0013947778825240675
620.0 0.001395547133142827
621.0 0.0013963162018626463
622.0 0.0014631479643867351
623.0 0.0015299799997592345
624.0 0.0014520787772198673
625.0 0.0013741777365794405
626.0 0.0013940109056420624
627.0 0.001413844438502565
628.0 0.0013388202205533162
629.0 0.001263796366401948
630.0 0.001261564830201678
631.0 0.001259333384950878
632.0 0.0013015283911954612
633.0 0.0013437235793389846
634.0 0.00126530048873974
635.0 0.0011868773981404956
636.0 0.0011509211617521942
637.0 0.001114965107262833
638.0 0.0010693490366975311
639.0 0.0010237329661322292
640.0 0.0011372234439477324
641.0 0.0012507142855611164
642.0 0.001168937342299614
643.0 0.0010871607628359925
644.0 0.0010951906006084755
645.0 0.0011032206202798989
646.0 0.0011511091543070506
647.0 0.0011989976883342024
648.0 0.0011829469258373138
649.0 0.0011668963452393655
650.0 0.0011407926649553701
651.0 0.0011146891665703151
652.0 0.0011714646461769007
653.0 0.0012282400348340161
654.0 0.0010759708857221995
655.0 0.0009237016456609126
656.0 0.0009547034096613061
657.0 0.0009857052646111697
658.0 0.0010155187737836968
659.0 0.0010453321920067538
660.0 0.0010581569767964538
661.0 0.0010709817615861539
662.0 0.0011153874766023364
663.0 0.0011597935554163996
664.0 0.0010727178960223682
665.0 0.0009856418728304561
666.0 0.0009470507393416483
667.0 0.0009084595149033703
668.0 0.0008953516044130083
669.0 0.0008822436029731762
670.0 0.0009703948308015242
671.0 0.001058545876730932
672.0 0.0011084825928264763
673.0 0.0011584197636693716
674.0 0.0010777105671877507
675.0 0.0009970015526050702
676.0 0.001003279430733528
677.0 0.0010095573088619858
678.0 0.0010106302397616673
679.0 0.0010117029887624085
680.0 0.001066925051418366
681.0 0.0011221471140743233
682.0 0.0010252218999085017
683.0 0.0009282970495405607
684.0 0.0009015353498398326
685.0 0.0008747736501391046
686.0 0.0009157651220448315
687.0 0.0009567567758494988
688.0 0.0009007534572447184
689.0 0.0008447498657915276
690.0 0.0008777555194683373
691.0 0.0009107610821956769
692.0 0.0008807585800241213
693.0 0.0008507560778525658
694.0 0.0008967612302512862
695.0 0.0009427663826500066
696.0 0.000970977998804301
697.0 0.0009991895240091253
698.0 0.0010313521670468617
699.0 0.0010635148100845981
700.0 0.0010441964150231797
701.0 0.0010248782018607017
702.0 0.0009884121936920565
703.0 0.0009519462764728814
704.0 0.0009966501238523051
705.0 0.0010413541531306691
706.0 0.000990608077700017
707.0 0.0009398618203704245
708.0 0.0010069957170344424
709.0 0.0010741296136984602
710.0 0.0010250972991343588
711.0 0.0009760649845702574
712.0 0.0010382502296124585
713.0 0.0011004356565536
714.0 0.001197786878037732
715.0 0.0012951379176229239
716.0 0.0013458154171530623
717.0 0.001396493098582141
718.0 0.0014182250197336543
719.0 0.0014399569408851676
720.0 0.0011874550182255916
721.0 0.000934953277464956
722.0 0.0009784135727386456
723.0 0.0010218740499112755
724.0 0.001163621709565632
725.0 0.001305369551118929
726.0 0.0012968229384568986
727.0 0.001288276234845398
728.0 0.0014165043467073701
729.0 0.0015447325495188124
730.0 0.0016474637959618121
731.0 0.0017501950424048118
732.0 0.0016624995623715222
733.0 0.0015748039004392922
734.0 0.0015876461475272663
735.0 0.001600488758413121
736.0 0.0014753356481378432
737.0 0.0013501826288120355
738.0 0.0012577801498991903
739.0 0.001165377670986345
740.0 0.0012146518201916479
741.0 0.0012639259693969507
742.0 0.0013176728316466324
743.0 0.0013714198757952545
744.0 0.001229376721312292
745.0 0.0010873337487282697
746.0 0.0010636423212417867
747.0 0.0010399509847047739
748.0 0.0009748363481776323
749.0 0.0009097218025999609
750.0 0.0009079340088646859
751.0 0.0009061461241799407
752.0 0.0008403409992752131
753.0 0.0007745358743704855
754.0 0.0007515964171034284
755.0 0.0007286570507858414
756.0 0.0006623971330554923
757.0 0.0005961372153251432
758.0 0.0006655002835032064
759.0 0.0007348635335802101
760.0 0.0006489569386758376
761.0 0.0005630503892462002
762.0 0.0005177510502107907
763.0 0.00047245157475117594
764.0 0.00048721640268922783
765.0 0.0005019811396778096
766.0 0.0005303641955833882
767.0 0.000558747342438437
768.0 0.0005458123723656172
769.0 0.0005328774022927973
770.0 0.0006017236955813132
771.0 0.0006705698979203589
772.0 0.0006326312814053381
773.0 0.0005946927103650523
774.0 0.000538557060281164
775.0 0.00048242154662148096
776.0 0.0005162372417544248
777.0 0.0005500529368873686
778.0 0.0005415731266111834
779.0 0.0005330932708602631
780.0 0.0006273743565543555
781.0 0.0007216553967737127
782.0 0.0007048086899885675
783.0 0.0006879618922539521
784.0 0.0005983329629088985
785.0 0.00050870407903858
786.0 0.0005497124675457599
787.0 0.00059072094700241
788.0 0.0004981679467164213
789.0 0.00040561485548096243
790.0 0.00029123252716090064
791.0 0.00017685019884083886
792.0 0.00027512803626450477
793.0 0.0003734058736881707
794.0 0.0003211909188394202
795.0 0.00026897594125330215
796.0 0.0003453481895121513
797.0 0.000421720460508368
798.0 0.0003909191491402453
799.0 0.0003601178832468577
800.0 0.00029269799597386736
801.0 0.0002252780859635095
802.0 0.00023530187718279194
803.0 0.00024532566840207437
804.0 0.00034919892186735524
805.0 0.00045307219807000365
806.0 0.0003348116706547444
807.0 0.00021655112050211756
808.0 0.000337989195031696
809.0 0.0004594272468239069
810.0 0.0003787298510360415
811.0 0.0002980324325108086
812.0 0.00023767784114170354
813.0 0.0001773232042978634
814.0 0.00041573744056222495
815.0 0.000654151699563954
816.0 0.00047115149754972663
817.0 0.00028815136374760186
818.0 0.00033673727557470556
819.0 0.0003853232101391768
820.0 0.0004074185653735185
821.0 0.0004295139206078602
822.0 0.00042258843677700497
823.0 0.00041566290747141466
824.0 0.0003114749915766879
825.0 0.00020728703020722605
826.0 0.00030619905828643823
827.0 0.0004051110863656504
828.0 0.00041408520701224916
829.0 0.000423059373133583
830.0 0.0004445831109478604
831.0 0.0004661068032874027
832.0 0.0004517317847785307
833.0 0.0004373567662696587
834.0 0.0005131418674864108
835.0 0.000588927059652633
836.0 0.00047847629502939526
837.0 0.00036802550766878994
838.0 0.000343905003319378
839.0 0.0003197844989699661
840.0 0.00041751932258193847
841.0 0.0005152542598807486
842.0 0.00046721693252038676
843.0 0.00041917955968528986
844.0 0.0003576349627110176
845.0 0.00029609038847411284
846.0 0.00035710995689441916
847.0 0.0004181295025773579
848.0 0.0004881789209321141
849.0 0.0005582283392868703
850.0 0.0005436174888018286
851.0 0.0005290066837915219
852.0 0.00036529711451294133
853.0 0.00020158756797172828
854.0 0.00025309418560937047
855.0 0.00030460084872174775
856.0 0.00031319495974457823
857.0 0.00032178913897951134
858.0 0.00031019321795611177
859.0 0.0002985972969327122
860.0 0.0003340134753671009
861.0 0.00036942960832675453
862.0 0.0003358480171300471
863.0 0.0003022664031959721
864.0 0.0002763632664937177
865.0 0.0002504601980035659
866.0 0.0002686976813492947
867.0 0.0002869351874323911
868.0 0.0003228921968911891
869.0 0.00035884920634998707
870.0 0.00030594985673815245
871.0 0.0002530505071263178
872.0 0.0003299513991805725
873.0 0.0004068523139721947
874.0 0.00034950810459122295
875.0 0.00029216387247288367
876.0 0.00025586407446098747
877.0 0.00021956432192382636
878.0 0.00030863864139973884
879.0 0.0003977129381382838
880.0 0.0004695238203566987
881.0 0.0005413345661509084
882.0 0.0005823344054078916
883.0 0.0006233340627659345
884.0 0.0005648035767080728
885.0 0.0005062730906502111
886.0 0.00046272625695564784
887.0 0.0004191794687358197
888.0 0.0005395618700276827
889.0 0.0006599442713195458
890.0 0.000656957217870513
891.0 0.0006539701644214801
892.0 0.0005473098553920863
893.0 0.0004406495008879574
894.0 0.0004765928679262288
895.0 0.00051253614401503
896.0 0.0005172576038603438
897.0 0.0005219789727561874
898.0 0.00048186602725763805
899.0 0.0004417530362843536
900.0 0.0004080474354850594
901.0 0.00037434174373629503
902.0 0.00030747282835363876
903.0 0.00024060389023361495
904.0 0.00031620688787370455
905.0 0.0003918098173016915
