lsstCam/transmission_filter_detector/r10_s00/g_6/19700101T000000.ecsv
# %ECSV 1.0
# ---
# datatype:
# - {name: wavelength, unit: nm, datatype: float32}
# - {name: efficiency, unit: '%', datatype: float64}
# meta: !!omap
# - {MODE: DETECTOR}
# - {TYPE: transmission_filter_detector}
# - {CALIBDATE: '1970-01-01T00:00:00'}
# - {INSTRUME: LSSTCam}
# - {OBSTYPE: transmission_filter_detector}
# - {CALIBCLS: lsst.ip.isr.IntermediateFilterDetectorTransmissionCurve}
# - {SOURCE: Materion (DM-46256)}
# - {DETECTOR: 27}
# - {FILTER: g_6}
# - {CALIB_ID: 'calibDate=1970-01-01T00:00:00 filter=g_6 detector=27'}
# - {DATE: '2025-04-02T15:59:42.153467'}
# - {CALIB_CREATION_DATE: '2025-04-02'}
# - {CALIB_CREATION_TIME: '15:59:42'}
# - __serialized_columns__:
#     efficiency:
#       __class__: astropy.units.quantity.Quantity
#       unit: !astropy.units.Unit {unit: '%'}
#       value: !astropy.table.SerializedColumn {name: efficiency}
#     wavelength:
#       __class__: astropy.units.quantity.Quantity
#       unit: !astropy.units.Unit {unit: nm}
#       value: !astropy.table.SerializedColumn {name: wavelength}
# schema: astropy-2.0
wavelength efficiency
[from data line 608]
908.0 0.000505176785736694
909.0 0.000443027010987862
910.0 0.00036227500004315516
911.0 0.0002815229890984483
912.0 0.0004228067155054305
913.0 0.0005640904873871477
914.0 0.0003317575419714558
915.0 9.942463066181517e-05
916.0 0.00014015136002853978
917.0 0.0001808780439205293
918.0 0.00021563703285210067
919.0 0.00025039601041498827
920.0 0.0003398149829081376
921.0 0.0004292339781386545
922.0 0.0005593678451987216
923.0 0.0006895016667840537
924.0 0.0005370979579311097
925.0 0.00038469415812869556
926.0 0.0004950936727254884
927.0 0.0006054933692212217
928.0 0.0005716796295018867
929.0 0.0005378659807320219
930.0 0.0005512797997653252
931.0 0.0005646936187986284
932.0 0.0005218777914706152
933.0 0.00047906196414260194
934.0 0.000497553219247493
935.0 0.0005160444288776489
936.0 0.0005155014150659554
937.0 0.0005149584467289969
938.0 0.0005590909040620318
939.0 0.0006032233159203315
940.0 0.0005805402906844392
941.0 0.0005578570835496066
942.0 0.0006808027592342114
943.0 0.0008037483894440811
944.0 0.0007486626145691844
945.0 0.0006935767942195525
946.0 0.0005853711627423763
947.0 0.0004771655312652001
948.0 0.0008007116775843315
949.0 0.001124257869378198
950.0 0.0009736819265526719
951.0 0.0008231058927776758
952.0 0.0008471476576232817
953.0 0.0008711894224688876
954.0 0.0007638619536010083
955.0 0.0006565346211573342
956.0 0.000572512908547651
957.0 0.0004884910140390275
958.0 0.000667578706270433
959.0 0.0008466664439765736
960.0 0.0006203673819982214
961.0 0.00039406818359566387
962.0 0.0005356665042199893
963.0 0.0006772647793695796
964.0 0.0007052078217384405
965.0 0.0007331507276830962
966.0 0.0008175904440577142
967.0 0.0009020301149575971
968.0 0.0008093206815829035
969.0 0.0007166112027334748
970.0 0.0006896304057590896
971.0 0.0006626496542594396
972.0 0.0007752224519208539
973.0 0.0008877954314812087
974.0 0.0008601789886597544
975.0 0.0008325629096361808
976.0 0.0008236970643338282
977.0 0.000814831491879886
978.0 0.0008905992217478342
979.0 0.0009663669516157825
980.0 0.0010748571185104083
981.0 0.0011833472854050342
982.0 0.0011116140740341507
983.0 0.0010398808626632672
984.0 0.0009963106094801333
985.0 0.0009527406291454099
986.0 0.0011768766853492707
987.0 0.001401012468704721
988.0 0.0014676882528874557
989.0 0.00153436376422178
990.0 0.001611965308256913
991.0 0.0016895666703931056
992.0 0.0016566047634114511
993.0 0.0016236432202276774
994.0 0.001580768366693519
995.0 0.001537893695058301
996.0 0.0013914891496824566
997.0 0.0012450844224076718
998.0 0.001382864957122365
999.0 0.0015206453099381179
1000.0 0.0014380043467099313
1001.0 0.0013553632925322745
1002.0 0.001285925736738136
1003.0 0.0012164884537924081
1004.0 0.0011890888345078565
1005.0 0.0011616890333243646
1006.0 0.0014150200513540767
1007.0 0.0016683508874848485
1008.0 0.0016380701708840206
1009.0 0.0016077899999800138
1010.0 0.001690546196186915
1011.0 0.0017733029380906373
1012.0 0.0019718147086678073
1013.0 0.0021703266611439176
1014.0 0.002140184187737759
1015.0 0.0021100420781294815
1016.0 0.002449114435876254
1017.0 0.002788186975521967
1018.0 0.0030804982088739052
1019.0 0.0033728094422258437
1020.0 0.003297051807749085
1021.0 0.0032212941732723266
1022.0 0.0035870951251126826
1023.0 0.0039528968045488
1024.0 0.004038933548144996
1025.0 0.004124970655539073
1026.0 0.004210922270431183
1027.0 0.004296874249121174
1028.0 0.004358214937383309
1029.0 0.0044195559894433245
1030.0 0.004630206240108237
1031.0 0.004840855763177387
1032.0 0.005240027167019434
1033.0 0.005639198570861481
1034.0 0.005407986827776767
1035.0 0.0051767750846920535
1036.0 0.00535549370397348
1037.0 0.005534211959457025
1038.0 0.005666400102199987
1039.0 0.005798588244942948
1040.0 0.006246307020774111
1041.0 0.006694025069009513
1042.0 0.006878958083689213
1043.0 0.0070638903707731515
1044.0 0.007362835458479822
1045.0 0.007661778363399208
1046.0 0.008677446021465585
1047.0 0.009693113679531962
1048.0 0.01110101948142983
1049.0 0.012508923828136176
1050.0 0.01497454650234431
1051.0 0.017440164810977876
1052.0 0.021121585450600833
1053.0 0.02480301191098988
1054.0 0.029604803421534598
1055.0 0.03440659202169627
1056.0 0.04133723850827664
1057.0 0.048267876263707876
1058.0 0.05593483219854534
1059.0 0.0636017823126167
1060.0 0.07107186829671264
1061.0 0.0785419309977442
1062.0 0.08592280209995806
1063.0 0.09330364409834146
1064.0 0.09864105377346277
1065.0 0.10397846344858408
1066.0 0.10945025132969022
1067.0 0.11492203921079636
1068.0 0.12120453175157309
1069.0 0.12748707085847855
1070.0 0.1375440158881247
1071.0 0.14760096091777086
1072.0 0.1609958242624998
1073.0 0.1743906526826322
1074.0 0.18879087874665856
1075.0 0.20319113973528147
1076.0 0.21696032490581274
1077.0 0.230729510076344
1078.0 0.2446872415021062
1079.0 0.25864497292786837
1080.0 0.27553222607821226
1081.0 0.29241947922855616
1082.0 0.31954164151102304
1083.0 0.34666380379348993
1084.0 0.3846992738544941
1085.0 0.4227347671985626
1086.0 0.4581659100949764
1087.0 0.49359709955751896
1088.0 0.5580226425081491
1089.0 0.6224481854587793
1090.0 0.7010672241449356
1091.0 0.7796862162649632
1092.0 0.8100560866296291
1093.0 0.8404256775975227
1094.0 0.8779753930866718
1095.0 0.9155247360467911
1096.0 0.9616983123123646
1097.0 1.007872074842453
1098.0 1.0305731557309628
1099.0 1.05327432975173
1100.0 1.2175673618912697
1101.0 1.381859928369522
