lsstCam/transmission_filter_detector/r10_s00/g_6/19700101T000000.ecsv
# %ECSV 1.0
# ---
# datatype:
# - {name: wavelength, unit: nm, datatype: float32}
# - {name: efficiency, unit: '%', datatype: float64}
# meta: !!omap
# - {MODE: DETECTOR}
# - {TYPE: transmission_filter_detector}
# - {CALIBDATE: '1970-01-01T00:00:00'}
# - {INSTRUME: LSSTCam}
# - {OBSTYPE: transmission_filter_detector}
# - {CALIBCLS: lsst.ip.isr.IntermediateFilterDetectorTransmissionCurve}
# - {SOURCE: Materion (DM-46256)}
# - {DETECTOR: 27}
# - {FILTER: g_6}
# - {CALIB_ID: 'calibDate=1970-01-01T00:00:00 filter=g_6 detector=27'}
# - {DATE: '2025-04-02T15:59:42.153467'}
# - {CALIB_CREATION_DATE: '2025-04-02'}
# - {CALIB_CREATION_TIME: '15:59:42'}
# - __serialized_columns__:
#     efficiency:
#       __class__: astropy.units.quantity.Quantity
#       unit: !astropy.units.Unit {unit: '%'}
#       value: !astropy.table.SerializedColumn {name: efficiency}
#     wavelength:
#       __class__: astropy.units.quantity.Quantity
#       unit: !astropy.units.Unit {unit: nm}
#       value: !astropy.table.SerializedColumn {name: wavelength}
# schema: astropy-2.0
wavelength efficiency
300.0 0.528625538572669
301.0 0.3814825089648366
302.0 0.23433943279087543
303.0 0.20926648285239935
304.0 0.18419349798932672
305.0 0.1942549366503954
306.0 0.20431634038686752
307.0 0.21169574465602636
308.0 0.2190751489251852
309.0 0.2185603603720665
310.0 0.21804561838507652
311.0 0.20982890855520964
312.0 0.20161224529147148
313.0 0.19962568767368793
314.0 0.1976391300559044
315.0 0.18738469807431102
316.0 0.17713027773424983
317.0 0.1768323010765016
318.0 0.17653435934334993
319.0 0.16038186149671674
320.0 0.14422934036701918
321.0 0.13849830720573664
322.0 0.13276725076138973
323.0 0.11254735291004181
324.0 0.0923275132663548
325.0 0.08579877903684974
326.0 0.07927004480734468
327.0 0.0731204985640943
328.0 0.06697094650007784
329.0 0.06336353253573179
330.0 0.05975610692985356
331.0 0.05560710560530424
332.0 0.05145809845998883
333.0 0.04756013222504407
334.0 0.04366216599009931
335.0 0.04286860057618469
336.0 0.04207503516227007
337.0 0.041951212915591896
338.0 0.04182738484814763
339.0 0.040521277696825564
340.0 0.0392151705455035
341.0 0.037567419349215925
342.0 0.03591966815292835
343.0 0.03268463478889316
344.0 0.029449601424857974
345.0 0.025972616276703775
346.0 0.02249562821816653
347.0 0.02123259473592043
348.0 0.01996956125367433
349.0 0.018148317758459598
350.0 0.687407236546278
351.0 0.9225628338754177
352.0 0.8016860112547874
353.0 0.845803041011095
354.0 0.5818319972604513
355.0 0.5132766906172037
356.0 0.595904141664505
357.0 0.6643988192081451
358.0 0.4265208262950182
359.0 0.7379494141787291
360.0 0.599973788484931
361.0 0.8633599616587162
362.0 0.4383927211165428
363.0 0.7677872199565172
364.0 0.5974467843770981
365.0 0.758040975779295
366.0 0.3264346392825246
367.0 0.69809271954
368.0 0.3173156874254346
369.0 0.5253085866570473
370.0 0.3300455864518881
371.0 0.6390866823494434
372.0 0.43391953222453594
373.0 0.6338240578770638
374.0 0.36847905721515417
375.0 0.5103037692606449
376.0 0.25716759264469147
377.0 0.5429224111139774
378.0 0.2545850118622184
379.0 0.45776846818625927
380.0 0.3529026871547103
381.0 0.4577766638249159
382.0 0.5095620639622211
383.0 0.5791787058115005
384.0 0.6162585690617561
385.0 0.6239795591682196
386.0 0.6805236916989088
387.0 0.8276724256575108
388.0 1.1060193181037903
389.0 1.4244860038161278
390.0 2.1672843024134636
391.0 3.4389719367027283
392.0 5.450540408492088
393.0 8.561210334300995
394.0 12.788449227809906
395.0 18.25501024723053
396.0 25.05165934562683
397.0 33.334195613861084
398.0 42.629435658454895
399.0 52.29363441467285
400.0 61.62019968032837
401.0 70.1833963394165
402.0 77.54376530647278
403.0 83.17636847496033
404.0 87.23331689834595
405.0 89.99518156051636
406.0 91.50552749633789
407.0 92.63168573379517
408.0 93.18081140518188
409.0 93.34434270858765
410.0 93.33052039146423
411.0 93.10619235038757
412.0 92.79561638832092
413.0 92.5715446472168
414.0 92.47526526451111
415.0 92.74517893791199
416.0 93.24195384979248
417.0 93.71118545532227
418.0 94.22557353973389
419.0 94.78294849395752
420.0 95.28341889381409
421.0 95.67145705223083
422.0 95.77299952507019
423.0 95.78816890716553
424.0 95.6014096736908
425.0 95.53242325782776
426.0 95.41799426078796
427.0 95.40448784828186
428.0 95.23596167564392
429.0 95.12253403663635
430.0 95.08538246154785
431.0 95.23452520370483
432.0 95.25062441825867
433.0 95.36663889884949
434.0 95.41069269180298
435.0 95.51189541816711
436.0 95.4955518245697
437.0 95.53301334381104
438.0 95.65882682800293
439.0 95.73283195495605
440.0 95.75554728507996
441.0 95.85863947868347
442.0 95.78332304954529
443.0 95.68896293640137
444.0 95.52063941955566
445.0 95.25319933891296
446.0 95.14263272285461
447.0 95.05749940872192
448.0 95.16614079475403
449.0 95.44089436531067
450.0 95.71898579597473
451.0 95.92511653900146
452.0 96.09158039093018
453.0 96.19549512863159
454.0 96.24112844467163
455.0 96.52790427207947
456.0 96.6071605682373
457.0 96.79993987083435
458.0 96.73754572868347
459.0 96.75454497337341
460.0 96.75195217132568
461.0 96.80202007293701
462.0 96.67653441429138
463.0 96.57377600669861
464.0 96.68261408805847
465.0 96.59872651100159
466.0 96.60753011703491
467.0 96.58318161964417
468.0 96.63422107696533
469.0 96.62024974822998
470.0 96.4803159236908
471.0 96.34321331977844
472.0 96.40923738479614
473.0 96.28911018371582
474.0 96.21402621269226
475.0 96.32996916770935
476.0 96.38662934303284
477.0 96.46027684211731
478.0 96.6282069683075
479.0 96.62415981292725
480.0 96.76244854927063
481.0 96.867436170578
482.0 97.00877070426941
483.0 96.93267941474915
484.0 97.11482524871826
485.0 97.12758660316467
486.0 97.15543389320374
487.0 97.20147848129272
488.0 97.19236493110657
489.0 97.32360243797302
490.0 97.31779098510742
491.0 97.28959798812866
492.0 97.26153612136841
493.0 97.29246497154236
494.0 97.28316068649292
495.0 97.29717969894409
496.0 97.11785316467285
497.0 97.10696935653687
498.0 96.8030035495758
499.0 96.87356352806091
500.0 96.87643051147461
501.0 96.87080979347229
502.0 96.83172106742859
503.0 96.96406126022339
504.0 96.76322937011719
505.0 96.83747291564941
506.0 96.8226969242096
507.0 96.74438238143921
508.0 96.8063235282898
509.0 96.77225351333618
510.0 96.73968553543091
511.0 96.69196605682373
512.0 96.59816026687622
513.0 96.68008685112
514.0 96.69368863105774
515.0 96.76918387413025
516.0 96.87039256095886
517.0 96.91789150238037
518.0 96.94344401359558
519.0 96.93071842193604
520.0 97.00436592102051
521.0 97.07132577896118
522.0 97.0121443271637
523.0 96.95819616317749
524.0 96.99646830558777
525.0 96.97388410568237
526.0 97.1118152141571
527.0 97.04209566116333
528.0 97.13044166564941
529.0 97.14863896369934
530.0 97.17541337013245
531.0 97.30746746063232
532.0 97.17015027999878
533.0 97.11138606071472
534.0 97.00300097465515
535.0 96.65725231170654
536.0 96.05177640914917
537.0 95.18805146217346
538.0 94.03042793273926
539.0 92.03219413757324
540.0 89.7157371044159
541.0 86.27915978431702
542.0 82.87901282310486
543.0 78.48671674728394
544.0 73.23342561721802
545.0 68.7708854675293
546.0 63.72782588005066
547.0 59.47032570838928
548.0 55.55674433708191
549.0 52.336400747299194
550.0 49.89296495914459
551.0 47.48438000679016
552.0 45.308294892311096
553.0 42.53731369972229
554.0 38.855695724487305
555.0 34.65927839279175
556.0 29.261648654937744
557.0 23.514555394649506
558.0 17.860592901706696
559.0 12.867483496665955
560.0 8.664312213659286
561.0 5.238001048564911
562.0 3.017345629632473
563.0 1.5952294692397118
564.0 0.8158676326274872
565.0 0.3822781378403306
566.0 0.2123186131939292
567.0 0.12470509391278028
568.0 0.09776453953236341
569.0 0.059927586698904634
570.0 0.05693071288987994
571.0 0.038886189577169716
572.0 0.03742857952602208
573.0 0.025481361080892384
574.0 0.0243033078731969
575.0 0.027004748699255288
576.0 0.022538902703672647
577.0 0.0196634151507169
578.0 0.023669305664952844
579.0 0.027828512247651815
580.0 0.0277713785180822
581.0 0.018336305220145732
582.0 0.024439377011731267
583.0 0.009392527863383293
584.0 0.02037390659097582
585.0 0.007582128455396742
586.0 0.021114783885423094
587.0 0.004311349766794592
588.0 0.011366018588887528
589.0 0.003795033262576908
590.0 0.01226114109158516
591.0 0.011223964247619733
592.0 0.007119192014215514
593.0 0.004721092045656405
594.0 0.01786223001545295
595.0 0.012952987162861973
596.0 0.0071257774834521115
597.0 0.010262202704325318
598.0 0.007435485167661682
599.0 0.010976287740049884
600.0 0.0065290914790239185
601.0 0.002385051629971713
602.0 0.002369274261582177
603.0 0.002353496711293701
604.0 0.0021999270757078193
605.0 0.0020463574401219375
606.0 0.001995633283513598
607.0 0.0019449089450063184
608.0 0.0018061855371342972
609.0 0.001667462129262276
610.0 0.0017593498341739178
611.0 0.0018512375390855595
612.0 0.0017762526113074273
613.0 0.0017012678654282354
614.0 0.0017158379705506377
615.0 0.0017304084394709207
616.0 0.0018751414245343767
617.0 0.002019874591496773
618.0 0.001864428304543253
619.0 0.0017089816537918523
620.0 0.0017051706890924834
621.0 0.0017013597243931144
622.0 0.001511428945377702
623.0 0.0013214977116149385
624.0 0.0013535792277252767
625.0 0.0013856610166840255
626.0 0.0013722695257456508
627.0 0.001358878580504097
628.0 0.0014187610759108793
629.0 0.0014786439351155423
630.0 0.0013386582395469304
631.0 0.0011986724530288484
632.0 0.001386404619552195
633.0 0.0015741363313281909
634.0 0.0014260540410759859
635.0 0.0012779713870259002
636.0 0.0013070037311990745
637.0 0.00133603662106907
638.0 0.0012385672562231775
639.0 0.0011410979823267553
640.0 0.001107038315240061
641.0 0.0010729786481533665
642.0 0.0012839795090258121
643.0 0.001494980460847728
644.0 0.0014061841284274124
645.0 0.0013173873412597459
646.0 0.0012499395779741462
647.0 0.0011824919056380168
648.0 0.0011114025255665183
649.0 0.0010403128726466093
650.0 0.001276759576285258
651.0 0.0015132058251765557
652.0 0.0012187200809421483
653.0 0.0009242341548088007
654.0 0.0010606478099361993
655.0 0.0011970617379120085
656.0 0.0012342555237410124
657.0 0.0012714494914689567
658.0 0.001129534030042123
659.0 0.0009876190233626403
660.0 0.0008924900612328202
661.0 0.0007973611900524702
662.0 0.0009227592272509355
663.0 0.0010481575372978114
664.0 0.0011234677003812976
665.0 0.0011987776815658435
666.0 0.0010798906259879004
667.0 0.000961003388511017
668.0 0.0010760806617327034
669.0 0.00119115793495439
670.0 0.001187975431093946
671.0 0.001184792836284032
672.0 0.0011919719327124767
673.0 0.001199150847241981
674.0 0.0011233208169869613
675.0 0.0010474908776814118
676.0 0.0010416604709462263
677.0 0.00103582970041316
678.0 0.0011197351341252215
679.0 0.0012036408406856935
680.0 0.001019789033307461
681.0 0.0008359372259292286
682.0 0.0009247522029909305
683.0 0.001013566907204222
684.0 0.0008921213520807214
685.0 0.0007706755241088104
686.0 0.0009722318282001652
687.0 0.0011737880413420498
688.0 0.0011512106539157685
689.0 0.0011286332664894871
690.0 0.001005247213470284
691.0 0.0008818611604510807
692.0 0.0009006103027786594
693.0 0.0009193596270051785
694.0 0.0010125088920176495
695.0 0.0011056579751311801
696.0 0.0010968294191116001
697.0 0.0010880004992941394
698.0 0.0012334388884482905
699.0 0.0013788773685519118
700.0 0.0011723745956260245
701.0 0.0009658716408011969
702.0 0.001086763404600788
703.0 0.0012076549865014385
704.0 0.0011817181075457484
705.0 0.0011557808647921775
706.0 0.0010899975677602924
707.0 0.0010242142707284074
708.0 0.001001474265649449
709.0 0.000978734442469431
710.0 0.0011331035238981713
711.0 0.0012874727872258518
712.0 0.0012241142030688934
713.0 0.0011607557098614052
714.0 0.0011483512935228646
715.0 0.0011359470590832643
716.0 0.0013963098353997339
717.0 0.001656672975514084
718.0 0.0018896398614742793
719.0 0.0021226067474344745
720.0 0.001759948099788744
721.0 0.0013972896340419538
722.0 0.0015728463040431961
723.0 0.0017484037016401999
724.0 0.0017280077372561209
725.0 0.0017076121366699226
726.0 0.001760261511662975
727.0 0.001812910704757087
728.0 0.0018198828911408782
729.0 0.0018268552594236098
730.0 0.0018510165318730287
731.0 0.001875177986221388
732.0 0.0018034310414805077
733.0 0.0017316842786385678
734.0 0.0015224978596961591
735.0 0.001313311713602161
736.0 0.001165373578260187
737.0 0.0010174355338676833
738.0 0.0010601230314932764
739.0 0.0011028105291188695
740.0 0.0010035306331701577
741.0 0.0009042505553225055
742.0 0.0008717090167920105
743.0 0.0008391672963625751
744.0 0.0009862401384452824
745.0 0.0011333130714774597
746.0 0.00106200241134502
747.0 0.00099069166026311
748.0 0.0011071877452195622
749.0 0.0012236840120749548
750.0 0.0010251009371131659
751.0 0.0008265182259492576
752.0 0.0007530319180659717
753.0 0.0006795458375563612
754.0 0.0008267427801911253
755.0 0.0009739396773511544
756.0 0.0009303017577622086
757.0 0.0008866638381732628
758.0 0.000869520317792194
759.0 0.0008523771612090059
760.0 0.0006448874955822248
761.0 0.00043739787543017883
762.0 0.0005216732461121865
763.0 0.0006059485258447239
764.0 0.0007470145646948367
765.0 0.000888080830918625
766.0 0.0007686942808504682
767.0 0.0006493077762570465
768.0 0.0005793778200313682
769.0 0.0005094478183309548
770.0 0.0004240522230247734
771.0 0.00033865662771859206
772.0 0.0005852073172718519
773.0 0.0008317581887240522
774.0 0.000872675718710525
775.0 0.0009135932486969978
776.0 0.000831601118989056
777.0 0.000749608898331644
778.0 0.0007240749710035743
779.0 0.0006985410891502397
780.0 0.000642201075606863
781.0 0.0005858610165887512
782.0 0.0005654526830767281
783.0 0.0005450442131404998
784.0 0.0006706784915877506
785.0 0.0007963127245602664
786.0 0.0007136131898732856
787.0 0.0006309139735094504
788.0 0.0004421507583174389
789.0 0.00025338761133752996
790.0 0.00022454955797002185
791.0 0.00019571150460251374
792.0 0.0002504273652448319
793.0 0.0003051432713618851
794.0 0.0002555268110882025
795.0 0.00020591037355188746
796.0 0.00038453608794952743
797.0 0.0005631618023471674
798.0 0.0005473355940921465
799.0 0.0005315094313118607
800.0 0.0005477839295053855
801.0 0.0005640586095978506
802.0 0.000499187126479228
803.0 0.00043431568883534055
804.0 0.00031293006941268686
805.0 0.0001915445182021358
806.0 0.00030977491860539885
807.0 0.00042800529627129436
808.0 0.00047921334953571204
809.0 0.0005304214028001297
810.0 0.0003474524191915407
811.0 0.00016448337873953278
812.0 0.00026845464162761346
813.0 0.00037242589314701036
814.0 0.00039884348552732263
815.0 0.00042526112338237
816.0 0.0005467714345286367
817.0 0.0006682816547254333
818.0 0.0005171374596102396
819.0 0.0003659931735455757
820.0 0.00043745662878791336
821.0 0.0005089200385555159
822.0 0.00042196616050205193
823.0 0.00033501232792332303
824.0 0.00038807229429949075
825.0 0.0004411321697261883
826.0 0.0005461786258820212
827.0 0.0006512249456136487
828.0 0.0005694165338354651
829.0 0.00048760803110781126
830.0 0.00042989217945432756
831.0 0.00037217632780084386
832.0 0.0005112529834150337
833.0 0.0006503295026050182
834.0 0.0005861674253537785
835.0 0.0005220053026278038
836.0 0.0005601089014817262
837.0 0.0005982125458103837
838.0 0.00046896138883312233
839.0 0.00033971025459322846
840.0 0.0004709129825641867
841.0 0.0006021156423230423
842.0 0.00037421293654915644
843.0 0.00014631012845711666
844.0 0.0001372250153508503
845.0 0.0001281399136132677
846.0 0.0003974112132709706
847.0 0.0006666826266155113
848.0 0.0005972733561065979
849.0 0.0005278641310724197
850.0 0.0005287090061756317
851.0 0.0005295538358041085
852.0 0.0005921861884417012
853.0 0.0006548181318066781
854.0 0.0005821932518301765
855.0 0.0005095681444799993
856.0 0.0005252997652860358
857.0 0.0005410314315668074
858.0 0.0006107326044002548
859.0 0.0006804337772337021
860.0 0.0006168128493300173
861.0 0.0005531919214263326
862.0 0.0005673133273376152
863.0 0.0005814347332488978
864.0 0.00047105654630286153
865.0 0.00036067831388209015
866.0 0.00040125091800291557
867.0 0.0004418234766490059
868.0 0.0005833967406942975
869.0 0.0007249700047395891
870.0 0.0006427944754250348
871.0 0.0005606188551610103
872.0 0.0004051612904731883
873.0 0.00024970361209852854
874.0 0.0004219707534502959
875.0 0.0005942378720646957
876.0 0.0006870191100460943
877.0 0.0007798003025527578
878.0 0.0007170934622990899
879.0 0.000654386622045422
880.0 0.0006130084329925012
881.0 0.0005716306077374611
882.0 0.0004992012691218406
883.0 0.00042677215787989553
884.0 0.00047205694500007667
885.0 0.0005173418685444631
886.0 0.0006868302534712711
887.0 0.0008563188202970196
888.0 0.0007020350039965706
889.0 0.0005477512786455918
890.0 0.0006131248483143281
891.0 0.0006784985089325346
892.0 0.0005726124982174952
893.0 0.000466726623926661
894.0 0.0004829257250094088
895.0 0.0004991248715668917
896.0 0.0002955694299089373
897.0 9.201395982927352e-05
898.0 0.00025781143904168857
899.0 0.0004236089353071293
900.0 0.0002819615474436432
901.0 0.0001403141368427896
902.0 0.00040447575884172693
903.0 0.0006686374035780318
904.0 0.00034279901228728704
905.0 1.6960557047696057e-05
906.0 0.0002921436134784017
