lsstCam/transmission_filter_detector/r03_s11/i_39/19700101T000000.ecsv
# %ECSV 1.0
# ---
# datatype:
# - {name: wavelength, unit: nm, datatype: float32}
# - {name: efficiency, unit: '%', datatype: float64}
# meta: !!omap
# - {MODE: DETECTOR}
# - {TYPE: transmission_filter_detector}
# - {CALIBDATE: '1970-01-01T00:00:00'}
# - {INSTRUME: LSSTCam}
# - {OBSTYPE: transmission_filter_detector}
# - {CALIBCLS: lsst.ip.isr.IntermediateFilterDetectorTransmissionCurve}
# - {SOURCE: Materion (DM-46256)}
# - {DETECTOR: 22}
# - {FILTER: i_39}
# - {CALIB_ID: 'calibDate=1970-01-01T00:00:00 filter=i_39 detector=22'}
# - {DATE: '2025-04-02T15:59:46.580885'}
# - {CALIB_CREATION_DATE: '2025-04-02'}
# - {CALIB_CREATION_TIME: '15:59:46'}
# - __serialized_columns__:
#     efficiency:
#       __class__: astropy.units.quantity.Quantity
#       unit: !astropy.units.Unit {unit: '%'}
#       value: !astropy.table.SerializedColumn {name: efficiency}
#     wavelength:
#       __class__: astropy.units.quantity.Quantity
#       unit: !astropy.units.Unit {unit: nm}
#       value: !astropy.table.SerializedColumn {name: wavelength}
# schema: astropy-2.0
wavelength efficiency
300.0 0.08678331505507231
301.0 0.042183868936263025
302.0 1.672436603268601e-10
303.0 0.014924250717740506
304.0 0.03226404369343072
305.0 0.03699718217831105
306.0 0.04173032066319138
307.0 0.014418401406146586
308.0 1.672436603268601e-10
309.0 1.672436603268601e-10
310.0 1.672436603268601e-10
311.0 1.672436603268601e-10
312.0 1.672436603268601e-10
313.0 1.672436603268601e-10
314.0 1.672436603268601e-10
315.0 1.672436603268601e-10
316.0 1.672436603268601e-10
317.0 1.672436603268601e-10
318.0 1.672436603268601e-10
319.0 1.672436603268601e-10
320.0 1.672436603268601e-10
321.0 1.672436603268601e-10
322.0 0.0008887179319572169
323.0 1.672436603268601e-10
324.0 1.672436603268601e-10
325.0 1.672436603268601e-10
326.0 1.672436603268601e-10
327.0 0.0012088323273928836
328.0 0.003782134808716364
329.0 0.0027009713448933326
330.0 0.0016198075172724202
331.0 0.0016051977581810206
332.0 0.001590588544786442
333.0 0.0009041231351147871
334.0 0.0002176576572310296
335.0 1.672436603268601e-10
336.0 1.672436603268601e-10
337.0 0.0012325996067374945
338.0 0.0035895103792427108
339.0 0.003243926039431244
340.0 0.002898342063417658
341.0 1.672436603268601e-10
342.0 1.672436603268601e-10
343.0 1.672436603268601e-10
344.0 1.672436603268601e-10
345.0 1.672436603268601e-10
346.0 1.672436603268601e-10
347.0 1.672436603268601e-10
348.0 1.672436603268601e-10
349.0 1.672436603268601e-10
350.0 0.00025085757897613803
351.0 0.00019689498458319576
352.0 0.0001429325493518263
353.0 1.672436603268601e-10
354.0 1.672436603268601e-10
355.0 1.672436603268601e-10
356.0 1.672436603268601e-10
357.0 0.0005852084086654941
358.0 0.0013418589333014097
359.0 0.001322402931691613
360.0 0.0013029464753344655
361.0 0.0011286484550510067
362.0 0.0009543503438180778
363.0 0.0005610572770819999
364.0 0.00016776425582065713
365.0 0.0010260739145451225
366.0 0.001884384073491674
367.0 0.0012743133083858993
368.0 0.0006642425432801247
369.0 0.0014624592040490825
370.0 0.0022606760467169806
371.0 0.001685202369117178
372.0 0.0011097288734163158
373.0 0.001126992083300138
374.0 0.00114425529318396
375.0 0.0003401914682399365
376.0 1.672436603268601e-10
377.0 2.24377302515677e-05
378.0 0.0005087479166832054
379.0 7.325130582103156e-05
380.0 1.672436603268601e-10
381.0 1.672436603268601e-10
382.0 1.672436603268601e-10
383.0 1.672436603268601e-10
384.0 0.0011864478437928483
385.0 0.0012117014193790965
386.0 0.0012369547221169341
387.0 6.07846743605478e-05
388.0 1.672436603268601e-10
389.0 1.672436603268601e-10
390.0 1.672436603268601e-10
391.0 1.672436603268601e-10
392.0 1.672436603268601e-10
393.0 1.672436603268601e-10
394.0 0.0007686660865147132
395.0 1.672436603268601e-10
396.0 1.672436603268601e-10
397.0 1.672436603268601e-10
398.0 1.672436603268601e-10
399.0 1.672436603268601e-10
400.0 0.0005914441771892598
401.0 1.672436603268601e-10
402.0 1.672436603268601e-10
403.0 0.0002258411313960096
404.0 0.0034087421227013692
405.0 0.0049525999202160165
406.0 0.006496457353932783
407.0 0.0028144810130470432
408.0 1.672436603268601e-10
409.0 1.672436603268601e-10
410.0 1.672436603268601e-10
411.0 0.0013147498066246044
412.0 0.003378290421096608
413.0 0.004091567097930238
414.0 0.00480484522995539
415.0 0.004398783130454831
416.0 0.0039927210309542716
417.0 0.003313127308501862
418.0 0.0026335335860494524
419.0 0.0040523402276448905
420.0 0.005471146869240329
421.0 0.004913243901683018
422.0 0.004355340570327826
423.0 0.004893661753158085
424.0 0.005431983299786225
425.0 0.003783783540711738
426.0 0.0021355828721425496
427.0 0.0034133849112549797
428.0 0.00469118713226635
429.0 0.005408057768363506
430.0 0.006124928768258542
431.0 0.004738257484859787
432.0 0.0033515865652589127
433.0 0.0046667802962474525
434.0 0.005981974391033873
435.0 0.004530593650997616
436.0 0.003079213638557121
437.0 0.002579668944235891
438.0 0.002080124795611482
439.0 0.0022322383301798254
440.0 0.00238435241044499
441.0 0.0010607783224259038
442.0 1.672436603268601e-10
443.0 1.672436603268601e-10
444.0 1.672436603268601e-10
445.0 1.672436603268601e-10
446.0 1.672436603268601e-10
447.0 0.00013097353530611144
448.0 0.00043269319576211274
449.0 1.672436603268601e-10
450.0 1.672436603268601e-10
451.0 0.0001175029296973662
452.0 0.0010766635568870697
453.0 0.0014949775504646823
454.0 0.0019132918168907054
455.0 0.002035097531916108
456.0 0.0021569032469415106
457.0 0.0013509677955880761
458.0 0.0005450321623357013
459.0 0.00020408429008966777
460.0 1.672436603268601e-10
461.0 0.00024201774522225605
462.0 0.0006208991180756129
463.0 0.00013564578011937556
464.0 1.672436603268601e-10
465.0 0.00011207507668586913
466.0 0.0005737575975217624
467.0 0.0006377285899361596
468.0 0.0007016994914010866
469.0 0.00029252028070914093
470.0 1.672436603268601e-10
471.0 0.0003782528665396967
472.0 0.0008731647540116683
473.0 0.0011264178283454385
474.0 0.001379671084578149
475.0 0.0006917274731677026
476.0 3.7840372613118234e-06
477.0 0.000611921814197558
478.0 0.0012200596756883897
479.0 0.0012580409929796588
480.0 0.001296022401220398
481.0 0.00258222826232668
482.0 0.0038684327591909096
483.0 0.0050225015002069995
484.0 0.006176569877425209
485.0 0.006291134195635095
486.0 0.006405698513844982
487.0 0.009284856787417084
488.0 0.012164015788584948
489.0 0.015817683015484363
490.0 0.019471350242383778
491.0 0.02264339418616146
492.0 0.02581543812993914
493.0 0.028707642923109233
494.0 0.03159984771627933
495.0 0.028521587955765426
496.0 0.025443319464102387
497.0 0.019936835451517254
498.0 0.014430349983740598
499.0 0.010334973194403574
500.0 0.006239598587853834
501.0 0.004569728844217025
502.0 0.0028998591005802155
503.0 0.002405798659310676
504.0 0.0019117382180411369
505.0 0.0018280563381267712
506.0 0.0017443746401113458
507.0 0.0018497712517273612
508.0 0.0019551673176465556
509.0 0.0021455543901538476
510.0 0.0023359412807621993
511.0 0.0019451388652669266
512.0 0.0015543364497716539
513.0 0.0016275906091323122
514.0 0.0017008447684929706
515.0 0.002294274963787757
516.0 0.0028877053409814835
517.0 0.0023623788365512155
518.0 0.001837052514019888
519.0 0.0020018782379338518
520.0 0.002166704143746756
521.0 0.0018942293536383659
522.0 0.001621754745428916
523.0 0.0016267511455225758
524.0 0.0016317480913130566
525.0 0.0020075389329576865
526.0 0.002383329592703376
527.0 0.0025321163775515743
528.0 0.0026809031623997726
529.0 0.002709671935008373
530.0 0.002738440889515914
531.0 0.0027280162612441927
532.0 0.002717592360568233
533.0 0.0022184014596859924
534.0 0.0017192107407026924
535.0 0.001661724854784552
536.0 0.0016042386050685309
537.0 0.0022895275833434425
538.0 0.0029748161978204735
539.0 0.003508527879603207
540.0 0.004042239743284881
541.0 0.004636247467715293
542.0 0.005230255555943586
543.0 0.005022745244787075
544.0 0.004815235297428444
545.0 0.004109293513465673
546.0 0.003403352093300782
547.0 0.002554657112341374
548.0 0.0017059623132809065
549.0 0.001763337968441192
550.0 0.0018207141692982987
551.0 0.0015473851817660034
552.0 0.0012740564670821186
553.0 0.001632027851883322
554.0 0.0019899993276339956
555.0 0.0015509242075495422
556.0 0.0011118488146166783
557.0 0.0009032978596223984
558.0 0.0006947469501028536
559.0 0.0002622488636916387
560.0 1.672436603268601e-10
561.0 0.0005963642706774408
562.0 0.001362977855023928
563.0 0.001432800399925327
564.0 0.001502623035776196
565.0 0.0012022376722597983
566.0 0.000901852581591811
567.0 0.0009165678420686163
568.0 0.0009312832844443619
569.0 0.0007479911346308654
570.0 0.0005646986210194882
571.0 0.0003439437932684086
572.0 0.00012318897688601282
573.0 0.0003659917410914204
574.0 0.0006087945166655118
575.0 0.0004890483069175389
576.0 0.00036930193800799316
577.0 0.000514433168063988
578.0 0.0006595644208573503
579.0 0.00028928209303558106
580.0 1.672436603268601e-10
581.0 9.665282050264068e-05
582.0 0.0002743057848419994
583.0 0.00045175052036938723
584.0 0.000629195255896775
585.0 0.0007906035534688272
586.0 0.0009520120329398196
587.0 0.0008827716555970255
588.0 0.0008135311873047613
589.0 0.0006912741810083389
590.0 0.0005690172201866517
591.0 0.0008041613909881562
592.0 0.0010393058801128063
593.0 0.000722586128176772
594.0 0.00040586637624073774
595.0 0.0006821574515925022
596.0 0.0009584484359947965
597.0 0.0007241932507895399
598.0 0.0004899381110590184
599.0 0.0005299353688315023
600.0 0.0005699324447050458
601.0 0.0004985764007869875
602.0 0.00042722031139419414
603.0 0.0003292460405646125
604.0 0.00023127163331082556
605.0 0.00024083710741251707
606.0 0.0002504026042515761
607.0 0.0005147994215803919
608.0 0.00077919612522237
609.0 0.0005660508577420842
610.0 0.0003529053174133878
611.0 0.0006188741735968506
612.0 0.0008848431207297835
613.0 0.0006010590368532576
614.0 0.0003172750666635693
615.0 1.672436603268601e-10
616.0 1.672436603268601e-10
617.0 1.672436603268601e-10
618.0 7.948370921440073e-05
619.0 0.0002137420551662217
620.0 0.0003480004124867264
621.0 0.0005243939995125402
622.0 0.0007007875410636188
623.0 0.0005805969522043597
624.0 0.00046040636334510054
625.0 0.0004384981821203837
626.0 0.00041659009184513707
627.0 0.00034984770991286496
628.0 0.0002831053507179604
629.0 0.00039674291656410787
630.0 0.000510380550622358
631.0 0.00045705514821747784
632.0 0.0004037297003378626
633.0 0.0004453893780009821
634.0 0.0004870491011388367
635.0 0.0003961267339036567
636.0 0.0003052042984563741
637.0 0.00029044058464933187
638.0 0.00027567671168071683
639.0 0.0005585995495493989
640.0 0.000841522341943346
641.0 0.0005854035862284945
642.0 0.0003292848759883782
643.0 0.0005879690888832556
644.0 0.0008466533472528681
645.0 0.0007524951342929853
646.0 0.0006583370122825727
647.0 0.0007846212611184455
648.0 0.0009109059647016693
649.0 0.0007376487246801844
650.0 0.0005643915301334346
651.0 0.0007830802132957615
652.0 0.0010017689419328235
653.0 0.0011260506653343327
654.0 0.0012503322977863718
655.0 0.0019043489373871125
656.0 0.0025583656679373235
657.0 0.0034620748920133337
658.0 0.004365782660897821
659.0 0.006765943544451147
660.0 0.06578369648195803
661.0 0.09457399137318134
662.0 0.08982503786683083
663.0 0.10601198300719261
664.0 0.10653466451913118
665.0 0.13492130674421787
666.0 0.13781818561255932
667.0 0.1611864659935236
668.0 0.17016117926687002
669.0 0.20640036091208458
670.0 0.2963009523227811
671.0 0.49737091176211834
672.0 0.7025075145065784
673.0 1.1258355341851711
674.0 1.730496808886528
675.0 2.5779884308576584
676.0 3.6050040274858475
677.0 4.908711835741997
678.0 6.291932612657547
679.0 7.6847948133945465
680.0 9.543941915035248
681.0 11.550135910511017
682.0 14.043667912483215
683.0 16.818220913410187
684.0 19.83632743358612
685.0 22.803592681884766
686.0 25.730514526367188
687.0 28.9661705493927
688.0 32.07365274429321
689.0 35.24757623672485
690.0 38.961946964263916
691.0 42.886289954185486
692.0 47.63009250164032
693.0 52.713388204574585
694.0 58.50154757499695
695.0 64.11892771720886
696.0 70.40608525276184
697.0 76.00454688072205
698.0 82.15586543083191
699.0 86.80906295776367
700.0 90.5046820640564
701.0 93.49471926689148
702.0 95.52937746047974
703.0 96.6877818107605
704.0 97.23839163780212
705.0 97.68480658531189
706.0 97.73348569869995
707.0 97.91901707649231
708.0 97.9485809803009
709.0 97.99162149429321
710.0 97.77663946151733
711.0 97.93739318847656
712.0 97.90788888931274
713.0 97.8763222694397
714.0 97.97778725624084
715.0 98.01310896873474
716.0 97.87880778312683
717.0 98.16281795501709
718.0 98.20016026496887
719.0 98.17643165588379
720.0 98.39469194412231
721.0 98.34589958190918
722.0 98.08220267295837
723.0 97.8178858757019
724.0 97.50560522079468
725.0 97.23792672157288
726.0 96.84215784072876
727.0 96.53436541557312
728.0 96.34644985198975
729.0 96.1421012878418
730.0 96.06528878211975
731.0 96.18611335754395
732.0 96.19950652122498
733.0 96.50163054466248
734.0 96.84922695159912
735.0 97.0883309841156
736.0 97.51054048538208
737.0 97.88514375686646
738.0 98.1619119644165
739.0 98.54860305786133
740.0 98.59710931777954
741.0 98.48436713218689
742.0 98.80802631378174
743.0 98.66496920585632
744.0 98.50454330444336
745.0 98.49700927734375
746.0 98.40984344482422
747.0 98.67197871208191
748.0 98.55496287345886
749.0 98.47515821456909
750.0 98.43481779098511
751.0 98.36578369140625
752.0 98.34112524986267
753.0 98.4792947769165
754.0 98.45616221427917
755.0 98.5541820526123
756.0 98.54498505592346
757.0 98.57310056686401
758.0 98.666512966156
759.0 98.71196746826172
760.0 98.6335039138794
761.0 98.47938418388367
762.0 98.60778450965881
763.0 98.5186517238617
764.0 98.3511745929718
765.0 98.32364320755005
766.0 98.4225332736969
767.0 98.14100861549377
768.0 98.32739233970642
769.0 98.28274846076965
770.0 98.04888963699341
771.0 98.12897443771362
772.0 98.11019897460938
773.0 98.06538224220276
774.0 97.94358611106873
775.0 97.94881343841553
776.0 97.96255826950073
777.0 97.94453978538513
778.0 97.92537093162537
779.0 97.94228672981262
780.0 97.79694676399231
781.0 98.11381697654724
782.0 97.90493249893188
783.0 97.907954454422
784.0 97.93537855148315
785.0 98.16383719444275
786.0 98.19667339324951
787.0 97.98840284347534
788.0 98.04133772850037
789.0 98.15434217453003
790.0 98.11002612113953
791.0 98.16802144050598
792.0 98.05024266242981
793.0 97.99827933311462
794.0 97.94052839279175
795.0 97.89348244667053
796.0 97.93158173561096
797.0 97.98925518989563
798.0 97.98318147659302
799.0 97.89599180221558
800.0 97.6546585559845
801.0 97.74699807167053
802.0 97.60313630104065
803.0 97.36980199813843
804.0 97.25715517997742
805.0 96.97050452232361
806.0 96.73985838890076
807.0 96.04448676109314
808.0 95.28688788414001
809.0 94.41481828689575
810.0 93.23834180831909
811.0 91.75097346305847
812.0 89.74952697753906
813.0 87.50768899917603
814.0 84.62104797363281
815.0 81.43076300621033
816.0 77.95010209083557
817.0 73.75801205635071
818.0 68.98080706596375
819.0 64.67974781990051
820.0 59.571999311447144
821.0 54.97760772705078
822.0 50.43343901634216
823.0 45.856475830078125
824.0 41.19056761264801
825.0 36.92839741706848
826.0 32.47028887271881
827.0 27.919450402259827
828.0 23.700465261936188
829.0 19.437824189662933
830.0 15.073354542255402
831.0 11.700866371393204
832.0 8.2972452044487
833.0 5.6076835840940475
834.0 3.5852912813425064
835.0 2.214362844824791
836.0 1.3215498067438602
837.0 0.7647501770406961
838.0 0.444533908739686
839.0 0.24879435077309608
840.0 0.12826367747038603
841.0 0.0970871071331203
842.0 0.04073054587934166
843.0 0.0011499108040879946
844.0 0.029330726829357445
845.0 1.672436603268601e-10
846.0 1.672436603268601e-10
847.0 1.672436603268601e-10
848.0 1.672436603268601e-10
849.0 1.672436603268601e-10
850.0 0.0019086935935774818
851.0 1.672436603268601e-10
852.0 0.001240907295141369
853.0 0.0011231799362576567
854.0 0.001005452941171825
855.0 0.0007811738214513753
856.0 0.0005568948381551309
857.0 0.0007508378985221498
858.0 0.0009447805496165529
859.0 0.0005449875516205793
860.0 0.00014519436035698163
861.0 0.0002571989398347796
862.0 0.00036920339425705606
863.0 0.0001604817612133047
864.0 1.672436603268601e-10
865.0 1.672436603268601e-10
866.0 3.51211070892532e-05
867.0 0.0001318107365477772
868.0 0.00022850026653031819
869.0 1.5909576234207634e-05
870.0 1.672436603268601e-10
871.0 1.672436603268601e-10
872.0 0.00014694516039526206
873.0 0.00014127106169325998
874.0 0.0001355969175165228
875.0 0.00012016590744678979
876.0 0.00010473489737705677
877.0 1.672436603268601e-10
878.0 1.672436603268601e-10
879.0 1.672436603268601e-10
880.0 0.00037792997318319976
881.0 0.00015840655578358565
882.0 1.672436603268601e-10
883.0 0.00019708759282366373
884.0 0.0004552920472633559
885.0 0.00018752585901893326
886.0 1.672436603268601e-10
887.0 1.5862885049955366e-05
888.0 0.0001119660964832292
889.0 1.672436603268601e-10
890.0 1.672436603268601e-10
891.0 3.0383216653717682e-05
892.0 0.00021940684291621437
893.0 0.0002180746150770574
894.0 0.00021674236450053286
895.0 1.672436603268601e-10
896.0 1.672436603268601e-10
897.0 1.672436603268601e-10
898.0 1.672436603268601e-10
