lsstCam/transmission_filter_detector/r03_s11/i_39/19700101T000000.ecsv
# %ECSV 1.0
# ---
# datatype:
# - {name: wavelength, unit: nm, datatype: float32}
# - {name: efficiency, unit: '%', datatype: float64}
# meta: !!omap
# - {MODE: DETECTOR}
# - {TYPE: transmission_filter_detector}
# - {CALIBDATE: '1970-01-01T00:00:00'}
# - {INSTRUME: LSSTCam}
# - {OBSTYPE: transmission_filter_detector}
# - {CALIBCLS: lsst.ip.isr.IntermediateFilterDetectorTransmissionCurve}
# - {SOURCE: Materion (DM-46256)}
# - {DETECTOR: 22}
# - {FILTER: i_39}
# - {CALIB_ID: 'calibDate=1970-01-01T00:00:00 filter=i_39 detector=22'}
# - {DATE: '2025-04-02T15:59:46.580885'}
# - {CALIB_CREATION_DATE: '2025-04-02'}
# - {CALIB_CREATION_TIME: '15:59:46'}
# - __serialized_columns__:
#     efficiency:
#       __class__: astropy.units.quantity.Quantity
#       unit: !astropy.units.Unit {unit: '%'}
#       value: !astropy.table.SerializedColumn {name: efficiency}
#     wavelength:
#       __class__: astropy.units.quantity.Quantity
#       unit: !astropy.units.Unit {unit: nm}
#       value: !astropy.table.SerializedColumn {name: wavelength}
# schema: astropy-2.0
wavelength efficiency
[from data line 600]
900.0 1.672436603268601e-10
901.0 1.672436603268601e-10
902.0 1.672436603268601e-10
903.0 1.672436603268601e-10
904.0 2.3442984797839017e-05
905.0 1.672436603268601e-10
906.0 1.672436603268601e-10
907.0 6.206406055753177e-05
908.0 0.00017291947642661398
909.0 3.74551717641225e-05
910.0 1.672436603268601e-10
911.0 1.672436603268601e-10
912.0 1.672436603268601e-10
913.0 6.350696253321075e-05
914.0 0.00013198574606576585
915.0 1.4997281638784443e-06
916.0 1.672436603268601e-10
917.0 1.672436603268601e-10
918.0 1.672436603268601e-10
919.0 1.672436603268601e-10
920.0 9.445211617276073e-05
921.0 2.5583565843589895e-05
922.0 1.672436603268601e-10
923.0 1.672436603268601e-10
924.0 1.672436603268601e-10
925.0 9.782584129425231e-05
926.0 0.0003394102805032162
927.0 7.436290161422221e-06
928.0 1.672436603268601e-10
929.0 1.672436603268601e-10
930.0 0.00018357435465077288
931.0 0.0002116073574143229
932.0 0.00023964034880918916
933.0 0.0001433698116670712
934.0 4.709930294666265e-05
935.0 1.672436603268601e-10
936.0 1.672436603268601e-10
937.0 1.672436603268601e-10
938.0 1.672436603268601e-10
939.0 1.672436603268601e-10
940.0 1.672436603268601e-10
941.0 1.672436603268601e-10
942.0 1.672436603268601e-10
943.0 1.672436603268601e-10
944.0 1.672436603268601e-10
945.0 1.672436603268601e-10
946.0 1.672436603268601e-10
947.0 1.672436603268601e-10
948.0 1.672436603268601e-10
949.0 1.672436603268601e-10
950.0 1.672436603268601e-10
951.0 1.672436603268601e-10
952.0 1.672436603268601e-10
953.0 1.672436603268601e-10
954.0 1.672436603268601e-10
955.0 2.8562405418597336e-05
956.0 0.00022074707430874696
957.0 0.00019933661405957537
958.0 0.0001779261083356687
959.0 0.00014907674312780728
960.0 0.00012022741202599718
961.0 0.00019156937014486175
962.0 0.0002629113396324101
963.0 0.00013320683365236619
964.0 3.502347212247514e-06
965.0 1.672436603268601e-10
966.0 1.672436603268601e-10
967.0 1.672436603268601e-10
968.0 1.672436603268601e-10
969.0 1.672436603268601e-10
970.0 3.627920079907199e-05
971.0 1.672436603268601e-10
972.0 1.672436603268601e-10
973.0 1.672436603268601e-10
974.0 3.948443065837637e-05
975.0 9.764233865894312e-07
976.0 1.672436603268601e-10
977.0 1.672436603268601e-10
978.0 1.672436603268601e-10
979.0 1.672436603268601e-10
980.0 1.672436603268601e-10
981.0 1.672436603268601e-10
982.0 1.672436603268601e-10
983.0 1.672436603268601e-10
984.0 1.672436603268601e-10
985.0 8.690971640135103e-05
986.0 0.00018866791151594953
987.0 1.672436603268601e-10
988.0 1.672436603268601e-10
989.0 1.672436603268601e-10
990.0 1.672436603268601e-10
991.0 1.672436603268601e-10
992.0 1.672436603268601e-10
993.0 1.672436603268601e-10
994.0 4.766682195622707e-05
995.0 1.672436603268601e-10
996.0 1.672436603268601e-10
997.0 7.829069090803387e-05
998.0 0.0003225806267437292
999.0 0.00032804023248900194
1000.0 0.00033349979275953956
1001.0 0.000185277667696937
1002.0 3.705550284394121e-05
1003.0 5.212368705542758e-05
1004.0 6.719191105730715e-05
1005.0 1.672436603268601e-10
1006.0 1.672436603268601e-10
1007.0 1.672436603268601e-10
1008.0 0.00020240838694007834
1009.0 8.584491979490849e-05
1010.0 1.672436603268601e-10
1011.0 6.709120157211146e-05
1012.0 0.0001649009391258005
1013.0 0.00034621702980075497
1014.0 0.0005275332114251796
1015.0 0.00046227560233091936
1016.0 0.00039701812966086436
1017.0 0.0004600304691848578
1018.0 0.0005230429906077916
1019.0 0.0003592126631701831
1020.0 0.00019538226752047194
1021.0 0.00015933867416606518
1022.0 0.00012329506944297464
1023.0 0.0004723668098449707
1024.0 0.0008214386070903856
1025.0 0.0006394166575773852
1026.0 0.00045739466258964967
1027.0 0.0003477900236248388
1028.0 0.00023818536192266038
1029.0 0.0006218893304321682
1030.0 0.0010055933671537787
1031.0 0.0016332756786141545
1032.0 0.00226095780817559
1033.0 0.0025297240426880307
1034.0 0.0027984897315036505
1035.0 0.0032405929232481867
1036.0 0.003682695751194842
1037.0 0.003848307824227959
1038.0 0.004013919897261076
1039.0 0.0031741692509967834
1040.0 0.002334418968530372
1041.0 0.0019547107513062656
1042.0 0.001575002352183219
1043.0 0.0021002819266868755
1044.0 0.0026255611373926513
1045.0 0.003067473880946636
1046.0 0.003509387170197442
1047.0 0.003551157351466827
1048.0 0.0035929271689383313
1049.0 0.002983313061122317
1050.0 0.0023736989533063024
1051.0 0.0024996381398523226
1052.0 0.002625577872095164
1053.0 0.0016801284800749272
1054.0 0.0007346788606810151
1055.0 0.0007370285857177805
1056.0 0.0007393781743303407
1057.0 0.0007542168987129116
1058.0 0.0007690558049944229
1059.0 0.0008351834367203992
1060.0 0.000901311341294786
1061.0 0.0016797261196188629
1062.0 0.0024581408069934696
1063.0 0.0026748262826004066
1064.0 0.0028915117582073435
1065.0 0.0030727947887498885
1066.0 0.0032540781830903143
1067.0 0.004080475991941057
1068.0 0.0049068738007918
1069.0 0.003949923848267645
1070.0 0.0029929738957434893
1071.0 0.0027503907404025085
1072.0 0.002507807221263647
1073.0 0.0024201703126891516
1074.0 0.002332533222215716
1075.0 0.0025595240003895015
1076.0 0.0027865145966643468
1077.0 0.00206260501727229
1078.0 0.0013386951650318224
1079.0 0.0016658324966556393
1080.0 0.0019929699192289263
1081.0 0.0009810149094846565
1082.0 1.672436603268601e-10
1083.0 1.672436603268601e-10
1084.0 1.672436603268601e-10
1085.0 1.0849486642428019e-05
1086.0 0.0006519669568660902
1087.0 0.0006607103387068491
1088.0 0.0006694539933960186
1089.0 1.672436603268601e-10
1090.0 1.672436603268601e-10
1091.0 1.672436603268601e-10
1092.0 1.672436603268601e-10
1093.0 1.672436603268601e-10
1094.0 0.0001324723484685819
1095.0 9.77202375906927e-05
1096.0 6.29683711395046e-05
1097.0 1.672436603268601e-10
1098.0 1.672436603268601e-10
1099.0 1.672436603268601e-10
1100.0 0.000418864146922715
