lsstCam/transmission_sensor/r23_s20/19700101T000000.ecsv
# %ECSV 1.0
# ---
# datatype:
# - {name: amp_name, datatype: string}
# - {name: wavelength, unit: nm, datatype: float32}
# - {name: efficiency, unit: '%', datatype: float64}
# meta: !!omap
# - {MODE: AMP}
# - {TYPE: transmission_sensor}
# - {CALIBDATE: '1970-01-01T00:00:00'}
# - {INSTRUME: LSSTCam}
# - {OBSTYPE: transmission_sensor}
# - {DETECTOR: 105}
# - {PARQUETFILE: qe_raft_allvalues_nircorrected_20230725_adjust.parquet}
# - {CORRFILE: qe_corr_factor_bydetnum.parquet}
# - {CALIBCLS: lsst.ip.isr.IntermediateSensorTransmissionCurve}
# - {CALIB_ID: 'raftName=R23 detectorName=S20 detector=105 calibDate=1970-01-01T00:00:00 ccd=105 ccdnum=105 filter=None'}
# - {DATE: '2025-03-03T21:56:47.967845'}
# - {CALIB_CREATION_DATE: '2025-03-03'}
# - {CALIB_CREATION_TIME: '21:56:47'}
# - __serialized_columns__:
#     efficiency:
#       __class__: astropy.units.quantity.Quantity
#       unit: !astropy.units.Unit {unit: '%'}
#       value: !astropy.table.SerializedColumn {name: efficiency}
#     wavelength:
#       __class__: astropy.units.quantity.Quantity
#       unit: !astropy.units.Unit {unit: nm}
#       value: !astropy.table.SerializedColumn {name: wavelength}
# schema: astropy-2.0
amp_name wavelength efficiency
C00 319.994 39.25360914745971
C00 324.969 44.23667716007843
C00 349.982 67.42118089276026
C00 374.975 74.80300148749275
C00 400.019 82.64806918816598
C00 424.965 85.37485683015032
C00 450.035 86.94570020507777
C00 475.003 89.81641664345122
C00 500.018 91.27863823329017
C00 525.002 93.8601542896718
C00 550.029 94.88549902953925
C00 575.023 96.65628902884109
C00 599.982 97.11226079661309
C00 619.997 97.84669063266793
C00 624.979 98.73658056231362
C00 650.012 98.84665893231181
C00 675.004 98.01952353585877
C00 700.03 98.07661862976686
C00 725.012 97.30896045045964
C00 750.022 98.15128377914813
C00 774.987 97.45704658294515
C00 799.976 96.87650645987539
C00 824.988 96.14404908255243
C00 850.022 93.13264323193799
C00 869.967 89.89135490250307
C00 875.002 88.80213284524176
C00 899.999 81.36022812298441
C00 919.999 73.1785755124759
C00 925.012 70.1839507338419
C00 949.965 56.56974469761864
C00 975.002 42.11871925120679
C00 999.976 25.47263362205121
C00 1025.028 11.164649365599118
C00 1050.014 3.952874390726857
C00 1075.002 0.935082438210881
C00 1099.99 0.09277802047670171
C01 319.994 39.392519553652136
C01 324.969 44.39558526326018
C01 349.982 67.6260055593062
C01 374.975 74.90921080382458
C01 400.019 82.58898646276653
C01 424.965 85.24367315172104
C01 450.035 86.77488527889724
C01 475.003 89.6167051968487
C01 500.018 91.0720080083666
C01 525.002 93.63698575691942
C01 550.029 94.65314339092416
C01 575.023 96.40728887308086
C01 599.982 96.85700187756902
C01 619.997 97.58364050163296
C01 624.979 98.47164142272388
C01 650.012 98.57555206599508
C01 675.004 97.74672490686046
C01 700.03 97.82821779800594
C01 725.012 97.12505143285134
C01 750.022 98.04794211435727
C01 774.987 97.43451503512333
C01 799.976 96.89215716127485
C01 824.988 96.149215407154
C01 850.022 93.18795552660767
C01 869.967 89.96656627122547
C01 875.002 88.86888540055631
C01 899.999 81.32743220337709
C01 919.999 73.12189008307365
C01 925.012 70.13677862463109
C01 949.965 56.65747738609859
C01 975.002 42.184557647762915
C01 999.976 25.508008910769444
C01 1025.028 11.13770538966219
C01 1050.014 3.9276231257689656
C01 1075.002 0.9340979054729763
C01 1099.99 0.09268033604291843
C02 319.994 39.78754234660914
C02 324.969 44.83873604927499
C02 349.982 68.272038898654
C02 374.975 75.51158452778027
C02 400.019 83.08047007409205
C02 424.965 85.68150588553952
C02 450.035 87.1864539660628
C02 475.003 90.02489794503086
C02 500.018 91.4730392140761
C02 525.002 94.0389728464759
C02 550.029 95.05054072073916
C02 575.023 96.80607451038792
C02 599.982 97.25356470561285
C02 619.997 97.97795776127433
C02 624.979 98.86909944357679
C02 650.012 98.96991484391489
C02 675.004 98.13686965764596
C02 700.03 98.22057018529517
C02 725.012 97.5283509661025
C02 750.022 98.47785466772929
C02 774.987 97.89120750897044
C02 799.976 97.35785466787097
C02 824.988 96.61306183709404
C02 850.022 93.68222333929702
C02 869.967 90.45938508538488
C02 875.002 89.34582592192412
C02 899.999 81.72366123071245
C02 919.999 73.55837244129877
C02 925.012 70.56453664615752
C02 949.965 57.04609727455674
C02 975.002 42.44736880783615
C02 999.976 25.729002049131957
C02 1025.028 11.23228763074808
C02 1050.014 3.9549471319158958
C02 1075.002 0.9381936606535471
C02 1099.99 0.09308671310924171
C03 319.994 39.95315301628941
C03 324.969 45.02576686214547
C03 349.982 68.49566261419066
C03 374.975 75.65852511692535
C03 400.019 83.16192503333882
C03 424.965 85.73824441959992
C03 450.035 87.23545439279047
C03 475.003 90.06578094543887
C03 500.018 91.50893037661652
C03 525.002 94.0713287560584
C03 550.029 95.08143245903224
C03 575.023 96.83176957856048
C03 599.982 97.27361550726035
C03 619.997 97.99173462687851
C03 624.979 98.88091143682882
C03 650.012 98.9789805677018
C03 675.004 98.14128493065347
C03 700.03 98.21557076104784
C03 725.012 97.515249288295
C03 750.022 98.454352063301
C03 774.987 97.85415563033011
C03 799.976 97.31958138209282
C03 824.988 96.57883209171624
C03 850.022 93.66888648371764
C03 869.967 90.43687629670228
C03 875.002 89.31527557071924
C03 899.999 81.6823306338999
C03 919.999 73.60056029902172
C03 925.012 70.6212903529774
C03 949.965 57.05987034697106
C03 975.002 42.4527209987413
C03 999.976 25.744171015418065
C03 1025.028 11.215784409925556
C03 1050.014 3.9537828597004814
C03 1075.002 0.9379697527255421
C03 1099.99 0.09306449717032506
C04 319.994 40.22558370587042
C04 324.969 45.33510149596191
C04 349.982 68.91892191253247
C04 374.975 75.99133200965113
C04 400.019 83.4026256896657
C04 424.965 85.94392634705625
C04 450.035 87.42584976507474
C04 475.003 90.25355901671354
C04 500.018 91.69444012034953
C04 525.002 94.25697505462671
C04 550.029 95.25888546748351
C04 575.023 97.0087142995693
C04 599.982 97.44732084412105
C04 619.997 98.16308818602045
C04 624.979 99.05378227191835
C04 650.012 99.14406777718014
C04 675.004 98.30050786859435
C04 700.03 98.36423345839344
C04 725.012 97.63248161438611
C04 750.022 98.54517620152419
C04 774.987 97.9202557569872
C04 799.976 97.3687866410734
C04 824.988 96.63315815701996
C04 850.022 93.72519259413299
C04 869.967 90.45401392853039
C04 875.002 89.31785493983016
C04 899.999 81.74261959367767
C04 919.999 73.76087567564487
C04 925.012 70.76741161311078
C04 949.965 57.05019771280513
C04 975.002 42.46351641710846
C04 999.976 25.795081313244765
C04 1025.028 11.236575831894978
C04 1050.014 3.9648423789122664
C04 1075.002 0.938835030408951
C04 1099.99 0.0931503492271586
C05 319.994 40.324032155730286
C05 324.969 45.44593850393391
C05 349.982 69.02636780876158
C05 374.975 76.00614820927942
C05 400.019 83.37400227891426
C05 424.965 85.906813777378
C05 450.035 87.38674956390516
C05 475.003 90.21601402339024
C05 500.018 91.65631856216613
C05 525.002 94.2131181933614
C05 550.029 95.2161665631789
C05 575.023 96.96042699253701
C05 599.982 97.3935485845382
C05 619.997 98.10582619175811
C05 624.979 98.99405470424118
C05 650.012 99.08100220241825
C05 675.004 98.23244286958513
C05 700.03 98.27931152360641
C05 725.012 97.52402672965185
C05 750.022 98.39900942311237
C05 774.987 97.73660467629
C05 799.976 97.17002349193812
C05 824.988 96.44507663055577
C05 850.022 93.53643587987212
C05 869.967 90.219321684956
C05 875.002 89.08364063817926
C05 899.999 81.62745834925502
C05 919.999 73.76025359250636
C05 925.012 70.7411551528376
C05 949.965 56.85196940344138
C05 975.002 42.35649535814467
C05 999.976 25.777023832873418
C05 1025.028 11.23561710315559
C05 1050.014 3.9701810565785083
C05 1075.002 0.9374425075260469
C05 1099.99 0.09301218438600134
C06 319.994 40.556471244522484
C06 324.969 45.70776343464121
C06 349.982 69.32800226714397
C06 374.975 76.25662770908855
C06 400.019 83.69765999767603
C06 424.965 86.27036826718185
C06 450.035 87.77822193114478
C06 475.003 90.63202074270252
C06 500.018 92.08605662880419
C06 525.002 94.65893938504398
C06 550.029 95.65998495061065
C06 575.023 97.41348559048963
C06 599.982 97.84226018690094
C06 619.997 98.5533088006033
C06 624.979 99.44359322199537
C06 650.012 99.52419850671149
C06 675.004 98.66581481211766
C06 700.03 98.70092457754507
C06 725.012 97.90940723396187
C06 750.022 98.75141193470138
C06 774.987 98.05375328123657
C06 799.976 97.47038343852454
C06 824.988 96.76069278679527
C06 850.022 93.79520729273487
C06 869.967 90.47151570658592
C06 875.002 89.34990739422315
C06 899.999 82.03983119267282
C06 919.999 74.05902039934779
C06 925.012 70.93833274860764
C06 949.965 57.06992609331377
C06 975.002 42.63994526429509
C06 999.976 25.979946214700046
C06 1025.028 11.323556520483407
C06 1050.014 3.9993805580412887
C06 1075.002 0.9407998296617255
C06 1099.99 0.09334529480399491
C07 319.994 40.5158537674053
C07 324.969 45.66635697403127
C07 349.982 69.22337850417738
C07 374.975 76.07658774514663
C07 400.019 83.58989547349792
C07 424.965 86.20694613257227
C07 450.035 87.74549428895511
C07 475.003 90.62058048205765
C07 500.018 92.09129123082339
C07 525.002 94.67638047206161
C07 550.029 95.68621865174461
C07 575.023 97.43967377334516
C07 599.982 97.86618004221482
C07 619.997 98.57943629242094
C07 624.979 99.4660261468806
C07 650.012 99.5445300044093
C07 675.004 98.68200414647853
C07 700.03 98.71021030634436
C07 725.012 97.89517518557341
C07 750.022 98.7069405766773
C07 774.987 97.98065092608132
C07 799.976 97.39113611578152
C07 824.988 96.68603522379374
C07 850.022 93.70192516747659
C07 869.967 90.4635424214813
C07 875.002 89.36925266255501
C07 899.999 82.0648510730487
C07 919.999 73.92721463777998
C07 925.012 70.83097030255564
C07 949.965 57.2425389914922
C07 975.002 42.790299724322274
C07 999.976 26.14683329277123
C07 1025.028 11.428951249290868
C07 1050.014 4.012265549877527
C07 1075.002 0.9403761538861396
C07 1099.99 0.09330325808276421
C10 319.994 37.98518162802766
C10 324.969 42.80046926636105
C10 349.982 65.03637207660492
C10 374.975 72.46526615761161
C10 400.019 81.1879793710334
C10 424.965 84.37478232119011
C10 450.035 86.19330582180338
C10 475.003 89.19375694007616
C10 500.018 90.75852362483347
C10 525.002 93.3897077093597
C10 550.029 94.44831872437823
C10 575.023 96.2297979327309
C10 599.982 96.6998879531953
C10 619.997 97.43644197557678
C10 624.979 98.32467048805984
C10 650.012 98.43660752109385
C10 675.004 97.62551731778665
C10 700.03 97.73306183695236
C10 725.012 97.10862692071859
C10 750.022 98.14824922725293
C10 774.987 97.652289651882
C10 799.976 97.17116144889883
C10 824.988 96.45209403181342
C10 850.022 93.60542641720939
C10 869.967 90.40188032697094
C10 875.002 89.27832990139524
C10 899.999 81.67636773942583
C10 919.999 73.53066698249563
C10 925.012 70.48665487176734
C10 949.965 56.915896032303536
C10 975.002 42.43350469886498
C10 999.976 25.833517706187276
C10 1025.028 11.324640424488473
C10 1050.014 4.0349957660187385
C10 1075.002 0.9350535238341545
C10 1099.99 0.092775151618806
C11 319.994 38.22642091731593
C11 324.969 43.07408343118117
C11 349.982 65.43665223072036
C11 374.975 72.79891513848831
C11 400.019 81.3250576665191
C11 424.965 84.41660603268564
C11 450.035 86.18145589665264
C11 475.003 89.15381465075565
C11 500.018 90.70000987791437
C11 525.002 93.31468600013075
C11 550.029 94.36158364483381
C11 575.023 96.13203225704746
C11 599.982 96.59642490632862
C11 619.997 97.32898849296792
C11 624.979 98.21244517259579
C11 650.012 98.32181042289862
C11 675.004 97.51046986906006
C11 700.03 97.64049283138942
C11 725.012 97.08588295426411
C11 750.022 98.20850025513204
C11 774.987 97.80216616998568
C11 799.976 97.35198280995377
C11 824.988 96.62100477667971
C11 850.022 93.78913818894449
C11 869.967 90.55806871301662
C11 875.002 89.43582314475586
C11 899.999 81.73683877231733
C11 919.999 73.51108653639189
C11 925.012 70.51962527810863
C11 949.965 56.936500639671905
C11 975.002 42.47453184048801
C11 999.976 25.934463971575873
C11 1025.028 11.302770788298789
C11 1050.014 4.006862625057879
C11 1075.002 0.9356275305858017
C11 1099.99 0.09283210404137526
C12 319.994 38.581755564673664
C12 324.969 43.47358977456334
C12 349.982 66.02213108699955
C12 374.975 73.35093047374323
C12 400.019 81.77131886822649
C12 424.965 84.81340403850133
C12 450.035 86.5572775624928
C12 475.003 89.52357479918517
C12 500.018 91.06102293050598
C12 525.002 93.67667010932882
C12 550.029 94.72296084365286
C12 575.023 96.49657297621724
C12 599.982 96.95216542500233
C12 619.997 97.6872173441957
C12 624.979 98.57335201587107
C12 650.012 98.68009237878456
C12 675.004 97.86525450388679
C12 700.03 98.002636254562
C12 725.012 97.47380489578637
C12 750.022 98.63738864723943
C12 774.987 98.26786367658178
C12 799.976 97.83161649612855
C12 824.988 97.09203550823162
C12 850.022 94.2579916295116
C12 869.967 90.98682055028873
C12 875.002 89.82511063463096
C12 899.999 82.13321194086771
C12 919.999 73.7703283047984
C12 925.012 70.6741522469917
C12 949.965 57.29262806371226
C12 975.002 42.66950179975429
C12 999.976 26.00731597619977
C12 1025.028 11.368275384146443
C12 1050.014 4.006567230396831
C12 1075.002 0.9397135283158803
C12 1099.99 0.09323751298242469
C13 319.994 38.759295816491914
C13 324.969 43.671241519066996
C13 349.982 66.28680470329846
C13 374.975 73.57340864593947
C13 400.019 81.94115515142082
C13 424.965 84.95475346577952
C13 450.035 86.68269559232121
C13 475.003 89.64651208283925
C13 500.018 91.17950700925388
C13 525.002 93.78919129360266
C13 550.029 94.83431372544703
C13 575.023 96.6030098839412
C13 599.982 97.06020305885102
C13 619.997 97.78825274954622
C13 624.979 98.67759645985076
C13 650.012 98.78069536049001
C13 675.004 97.96358157167084
C13 700.03 98.09779980199532
C13 725.012 97.57251886893707
C13 750.022 98.74501661658226
C13 774.987 98.38148488591763
C13 799.976 97.94821915270143
C13 824.988 97.20966991244886
C13 850.022 94.35435382494352
C13 869.967 91.09335608094929
C13 875.002 89.93690352644994
C13 899.999 82.22160085119499
C13 919.999 73.9136957090869
C13 925.012 70.77770633041523
C13 949.965 57.17861615581991
C13 975.002 42.95531486319311
C13 999.976 26.162427096322663
C13 1025.028 11.375771675625042
C13 1050.014 3.9897524938563156
C13 1075.002 0.9407388944937508
C13 1099.99 0.09333924887260846
C14 319.994 39.045700617550295
C14 324.969 43.99668583025706
C14 349.982 66.74961938559413
C14 374.975 73.98739738824145
C14 400.019 82.28204912494728
C14 424.965 85.26016594127142
C14 450.035 86.97221460226204
C14 475.003 89.93085718179877
C14 500.018 91.45661470194335
C14 525.002 94.07061563636304
C14 550.029 95.10826548416551
C14 575.023 96.88343282457618
C14 599.982 97.33556588420076
C14 619.997 98.05970100295114
C14 624.979 98.95041784798828
C14 650.012 99.04960976306246
C14 675.004 98.22597927404836
C14 700.03 98.35607051379537
C14 725.012 97.81817343123284
C14 750.022 98.98806146424816
C14 774.987 98.61926478604538
C14 799.976 98.18307829663004
C14 824.988 97.44641806493223
C14 850.022 94.58738465135528
C14 869.967 91.29822626577365
C14 875.002 90.16306109281909
C14 899.999 82.47786117236448
C14 919.999 74.06500605296105
C14 925.012 70.96687270918196
C14 949.965 57.37300955022611
C14 975.002 43.02993828748583
C14 999.976 26.27013851584261
C14 1025.028 11.449160416615399
C14 1050.014 4.003575826036396
C14 1075.002 0.9430543708702234
C14 1099.99 0.09356898831149764
C15 319.994 39.17978229303949
C15 324.969 44.147180638309386
C15 349.982 66.94642524875701
C15 374.975 74.11545547821868
C15 400.019 82.32410042783495
C15 424.965 85.26033284162567
C15 450.035 86.95408315468825
C15 475.003 89.90171031084542
C15 500.018 91.4174613961156
C15 525.002 94.02548426330175
C15 550.029 95.05880228827382
C15 575.023 96.82309834651996
C15 599.982 97.27210581769249
C15 619.997 97.99372984474961
C15 624.979 98.88358942887633
C15 650.012 98.97791088815873
C15 675.004 98.14876510107513
C15 700.03 98.27274930513305
C15 725.012 97.72327540709036
C15 750.022 98.8731353975974
C15 774.987 98.48721626032597
C15 799.976 98.04806349643307
C15 824.988 97.32136418133125
C15 850.022 94.4612535018315
C15 869.967 91.19816950340933
C15 875.002 90.08665107609808
C15 899.999 82.42018192721656
C15 919.999 73.93994458298033
C15 925.012 70.8468182498283
C15 949.965 57.39749079764059
C15 975.002 43.06310593970031
C15 999.976 26.264046652913006
C15 1025.028 11.442209396180468
C15 1050.014 3.9886273389114253
C15 1075.002 0.9419594763230125
C15 1099.99 0.09346035388038232
C16 319.994 39.34109527859818
C16 324.969 44.32779716711139
C16 349.982 67.19763304102098
C16 374.975 74.37035783741506
C16 400.019 82.6209933988811
C16 424.965 85.5807511762393
C16 450.035 87.28621485961735
C16 475.003 90.25134379383005
C16 500.018 91.77850479422617
C16 525.002 94.39465267411171
C16 550.029 95.4356025971002
C16 575.023 97.20640776916152
C16 599.982 97.65377658231064
C16 619.997 98.37863240713615
C16 624.979 99.27591147064663
C16 650.012 99.36986119732187
C16 675.004 98.53208969647616
C16 700.03 98.64862407563139
C16 725.012 98.08359051274607
C16 750.022 99.22531790417399
C16 774.987 98.82506050919777
C16 799.976 98.38021796050138
C16 824.988 97.65865462448217
C16 850.022 94.77888004870157
C16 869.967 91.54943405803763
C16 875.002 90.43564730318472
C16 899.999 82.77999633180957
C16 919.999 74.27329769504725
C16 925.012 71.13159577243287
C16 949.965 57.65927400325933
C16 975.002 43.39717217146259
C16 999.976 26.429699047681837
C16 1025.028 11.48672247929311
C16 1050.014 3.9900753891439136
C16 1075.002 0.9453147019339705
C16 1099.99 0.09379325628311916
C17 319.994 39.20807948946218
C17 324.969 44.18537047391042
C17 349.982 66.98547993164816
C17 374.975 74.1194535003406
C17 400.019 82.40007043453116
C17 424.965 85.37628306954106
C17 450.035 87.0907745448073
C17 475.003 90.06122911759608
C17 500.018 91.59652271707132
C17 525.002 94.21442305067633
C17 550.029 95.25791441087705
C17 575.023 97.02670160592807
C17 599.982 97.47639185127701
C17 619.997 98.19731034501851
C17 624.979 99.08924101081371
C17 650.012 99.1827431410844
C17 675.004 98.34570751907329
C17 700.03 98.45813008041051
C17 725.012 97.88447839014285
C17 750.022 99.00524461435471
C17 774.987 98.59211313296312
C17 799.976 98.14805956775949
C17 824.988 97.42990251624263
C17 850.022 94.55945918753974
C17 869.967 91.37137413920732
C17 875.002 90.27329877679179
C17 899.999 82.62445278804161
C17 919.999 74.07712908778235
C17 925.012 70.99259053649372
C17 949.965 57.631655787823185
C17 975.002 43.38828472759954
C17 999.976 26.42742313376044
C17 1025.028 11.507078632725065
C17 1050.014 3.9946295877303744
C17 1075.002 0.9432180749798138
C17 1099.99 0.09358523088285932
