lsstCam/transmission_sensor/r23_s20/19700101T000000.ecsv
# %ECSV 1.0
# ---
# datatype:
# - {name: amp_name, datatype: string}
# - {name: wavelength, unit: nm, datatype: float32}
# - {name: efficiency, unit: '%', datatype: float64}
# meta: !!omap
# - {MODE: AMP}
# - {TYPE: transmission_sensor}
# - {CALIBDATE: '1970-01-01T00:00:00'}
# - {INSTRUME: LSSTCAM}
# - {OBSTYPE: transmission_sensor}
# - {DETECTOR: 105}
# - {PARQUETFILE: qe_raft_allvalues_nircorrected_20230725.parquet}
# - {CALIBCLS: lsst.ip.isr.IntermediateSensorTransmissionCurve}
# - {CALIB_ID: 'raftName=R23 detectorName=S20 detector=105 calibDate=1970-01-01T00:00:00 ccd=105 ccdnum=105 filter=None'}
# - {DATE: '2024-01-18T22:42:25.347050'}
# - {CALIB_CREATION_DATE: '2024-01-18'}
# - {CALIB_CREATION_TIME: '22:42:25'}
# - __serialized_columns__:
#     efficiency:
#       __class__: astropy.units.quantity.Quantity
#       unit: !astropy.units.Unit {unit: '%'}
#       value: !astropy.table.SerializedColumn {name: efficiency}
#     wavelength:
#       __class__: astropy.units.quantity.Quantity
#       unit: !astropy.units.Unit {unit: nm}
#       value: !astropy.table.SerializedColumn {name: wavelength}
# schema: astropy-2.0
amp_name wavelength efficiency
C00 319.994 39.47617721557617
C00 324.969 44.48749923706055
C00 349.982 67.80345916748047
C00 374.975 75.22713470458984
C00 400.019 83.11668395996094
C00 424.965 85.85893249511719
C00 450.035 87.43868255615234
C00 475.003 90.32567596435547
C00 500.018 91.79618835449219
C00 525.002 94.39234161376953
C00 550.029 95.42350006103516
C00 575.023 97.20433044433594
C00 599.982 97.66288757324219
C00 619.997 98.40148162841797
C00 624.979 99.29641723632812
C00 650.012 99.40711975097656
C00 675.004 98.5752944946289
C00 700.03 98.6327133178711
C00 725.012 97.86070251464844
C00 750.022 98.70780181884766
C00 774.987 98.00962829589844
C00 799.976 97.42579650878906
C00 824.988 96.6891860961914
C00 850.022 93.66070556640625
C00 869.967 90.40103912353516
C00 875.002 89.3056411743164
C00 899.999 81.82154083251953
C00 919.999 73.59349822998047
C00 925.012 70.58189392089844
C00 949.965 56.89049530029297
C00 975.002 42.3575325012207
C00 999.976 25.617063522338867
C00 1025.028 11.22795295715332
C00 1050.014 3.9752871990203857
C00 1075.002 0.9403843581189436
C00 1099.99 0.09330407209920596
C01 319.994 39.615875244140625
C01 324.969 44.647308349609375
C01 349.982 68.00944519042969
C01 374.975 75.33394622802734
C01 400.019 83.05726623535156
C01 424.965 85.72700500488281
C01 450.035 87.26689910888672
C01 475.003 90.12483215332031
C01 500.018 91.58838653564453
C01 525.002 94.16790771484375
C01 550.029 95.18982696533203
C01 575.023 96.95391845703125
C01 599.982 97.40618133544922
C01 619.997 98.1369400024414
C01 624.979 99.02997589111328
C01 650.012 99.13447570800781
C01 675.004 98.30094909667969
C01 700.03 98.38290405273438
C01 725.012 97.67575073242188
C01 750.022 98.60387420654297
C01 774.987 97.98696899414062
C01 799.976 97.44153594970703
C01 824.988 96.69438171386719
C01 850.022 93.7163314819336
C01 869.967 90.47667694091797
C01 875.002 89.37277221679688
C01 899.999 81.78855895996094
C01 919.999 73.53649139404297
C01 925.012 70.53445434570312
C01 949.965 56.97872543334961
C01 975.002 42.423744201660156
C01 999.976 25.652639389038086
C01 1025.028 11.20085620880127
C01 1050.014 3.94989275932312
C01 1075.002 0.9393942430778003
C01 1099.99 0.09320583379442371
C02 319.994 40.01313781738281
C02 324.969 45.09297180175781
C02 349.982 68.65914154052734
C02 374.975 75.93973541259766
C02 400.019 83.5515365600586
C02 424.965 86.16732025146484
C02 450.035 87.68080139160156
C02 475.003 90.53533935546875
C02 500.018 91.99169158935547
C02 525.002 94.57217407226562
C02 550.029 95.5894775390625
C02 575.023 97.35496520996094
C02 599.982 97.80499267578125
C02 619.997 98.53349304199219
C02 624.979 99.4296875
C02 650.012 99.53107452392578
C02 675.004 98.69330596923828
C02 700.03 98.77748107910156
C02 725.012 98.08133697509766
C02 750.022 99.03622436523438
C02 774.987 98.44625091552734
C02 799.976 97.90987396240234
C02 824.988 97.16085815429688
C02 850.022 94.2134017944336
C02 869.967 90.9722900390625
C02 875.002 89.8524169921875
C02 899.999 82.1870346069336
C02 919.999 73.97544860839844
C02 925.012 70.96463775634766
C02 949.965 57.36954879760742
C02 975.002 42.688045501708984
C02 999.976 25.87488555908203
C02 1025.028 11.295974731445312
C02 1050.014 3.9773716926574707
C02 1075.002 0.9435132212011225
C02 1099.99 0.0936145150197923
C03 319.994 40.1796875
C03 324.969 45.281063079833984
C03 349.982 68.884033203125
C03 374.975 76.08750915527344
C03 400.019 83.63345336914062
C03 424.965 86.22438049316406
C03 450.035 87.7300796508789
C03 475.003 90.57645416259766
C03 500.018 92.02778625488281
C03 525.002 94.6047134399414
C03 550.029 95.62054443359375
C03 575.023 97.38080596923828
C03 599.982 97.82515716552734
C03 619.997 98.54734802246094
C03 624.979 99.44156646728516
C03 650.012 99.54019165039062
C03 675.004 98.69774627685547
C03 700.03 98.77245330810547
C03 725.012 98.06816101074219
C03 750.022 99.01258850097656
C03 774.987 98.40898895263672
C03 799.976 97.87138366699219
C03 824.988 97.12643432617188
C03 850.022 94.19998931884766
C03 869.967 90.94965362548828
C03 875.002 89.82169342041016
C03 899.999 82.14546966552734
C03 919.999 74.01787567138672
C03 925.012 71.02171325683594
C03 949.965 57.383399963378906
C03 975.002 42.69342803955078
C03 999.976 25.890140533447266
C03 1025.028 11.279377937316895
C03 1050.014 3.976200819015503
C03 1075.002 0.943288043714571
C03 1099.99 0.09359217311644298
C04 319.994 40.45366287231445
C04 324.969 45.5921516418457
C04 349.982 69.3096923828125
C04 374.975 76.42220306396484
C04 400.019 83.87551879882812
C04 424.965 86.43122863769531
C04 450.035 87.92155456542969
C04 475.003 90.76529693603516
C04 500.018 92.21434783935547
C04 525.002 94.79141235351562
C04 550.029 95.79900360107422
C04 575.023 97.55875396728516
C04 599.982 97.99984741210938
C04 619.997 98.71967315673828
C04 624.979 99.61541748046875
C04 650.012 99.70621490478516
C04 675.004 98.85787200927734
C04 700.03 98.92195892333984
C04 725.012 98.1860580444336
C04 750.022 99.10392761230469
C04 774.987 98.4754638671875
C04 799.976 97.92086791992188
C04 824.988 97.18106842041016
C04 850.022 94.2566146850586
C04 869.967 90.96688842773438
C04 875.002 89.82428741455078
C04 899.999 82.20610046386719
C04 919.999 74.1791000366211
C04 925.012 71.16866302490234
C04 949.965 57.37367248535156
C04 975.002 42.70428466796875
C04 999.976 25.94133949279785
C04 1025.028 11.300287246704102
C04 1050.014 3.987323045730591
C04 1075.002 0.9441582275247429
C04 1099.99 0.09367851195466678
C05 319.994 40.552669525146484
C05 324.969 45.703617095947266
C05 349.982 69.4177474975586
C05 374.975 76.43710327148438
C05 400.019 83.84673309326172
C05 424.965 86.39390563964844
C05 450.035 87.88223266601562
C05 475.003 90.7275390625
C05 500.018 92.17601013183594
C05 525.002 94.74730682373047
C05 550.029 95.75604248046875
C05 575.023 97.51019287109375
C05 599.982 97.94577026367188
C05 619.997 98.6620864868164
C05 624.979 99.55535125732422
C05 650.012 99.64279174804688
C05 675.004 98.78942108154297
C05 700.03 98.83655548095703
C05 725.012 98.07698822021484
C05 750.022 98.9569320678711
C05 774.987 98.290771484375
C05 799.976 97.72097778320312
C05 824.988 96.9919204711914
C05 850.022 94.06678771972656
C05 869.967 90.73086547851562
C05 875.002 89.5887451171875
C05 899.999 82.09028625488281
C05 919.999 74.17847442626953
C05 925.012 71.14225769042969
C05 949.965 57.174320220947266
C05 975.002 42.596656799316406
C05 999.976 25.923179626464844
C05 1025.028 11.299323081970215
C05 1050.014 3.992691993713379
C05 1075.002 0.9427578090333943
C05 1099.99 0.09353956371849322
C06 319.994 40.78642654418945
C06 324.969 45.96692657470703
C06 349.982 69.7210922241211
C06 374.975 76.68900299072266
C06 400.019 84.17222595214844
C06 424.965 86.759521484375
C06 450.035 88.27592468261719
C06 475.003 91.14590454101562
C06 500.018 92.60818481445312
C06 525.002 95.1956558227539
C06 550.029 96.20237731933594
C06 575.023 97.9658203125
C06 599.982 98.39702606201172
C06 619.997 99.11210632324219
C06 624.979 100.00743865966797
C06 650.012 100.0885009765625
C06 675.004 99.22525024414062
C06 700.03 99.26055908203125
C06 725.012 98.46455383300781
C06 750.022 99.31133270263672
C06 774.987 98.6097183227539
C06 799.976 98.02304077148438
C06 824.988 97.309326171875
C06 850.022 94.3270263671875
C06 869.967 90.98448944091797
C06 875.002 89.85652160644531
C06 899.999 82.50499725341797
C06 919.999 74.47893524169922
C06 925.012 71.3405532836914
C06 949.965 57.39351272583008
C06 975.002 42.8817138671875
C06 999.976 26.12725257873535
C06 1025.028 11.387761116027832
C06 1050.014 4.022057056427002
C06 1075.002 0.9461341671944987
C06 1099.99 0.0938745628734415
C07 319.994 40.74557876586914
C07 324.969 45.92528533935547
C07 349.982 69.61587524414062
C07 374.975 76.50794219970703
C07 400.019 84.06385040283203
C07 424.965 86.69573974609375
C07 450.035 88.24301147460938
C07 475.003 91.1343994140625
C07 500.018 92.61344909667969
C07 525.002 95.21319580078125
C07 550.029 96.228759765625
C07 575.023 97.99215698242188
C07 599.982 98.42108154296875
C07 619.997 99.13838195800781
C07 624.979 100.02999877929688
C07 650.012 100.10894775390625
C07 675.004 99.24153137207031
C07 700.03 99.2698974609375
C07 725.012 98.45024108886719
C07 750.022 99.26660919189453
C07 774.987 98.53620147705078
C07 799.976 97.94334411621094
C07 824.988 97.23424530029297
C07 850.022 94.23321533203125
C07 869.967 90.97647094726562
C07 875.002 89.8759765625
C07 899.999 82.53015899658203
C07 919.999 74.34638214111328
C07 925.012 71.23258209228516
C07 949.965 57.56710433959961
C07 975.002 43.032920837402344
C07 999.976 26.295085906982422
C07 1025.028 11.493753433227539
C07 1050.014 4.035015106201172
C07 1075.002 0.94570808917614
C07 1099.99 0.09383228780388977
C10 319.994 38.200557708740234
C10 324.969 43.043148040771484
C10 349.982 65.4051284790039
C10 374.975 72.87614440917969
C10 400.019 81.6483154296875
C10 424.965 84.85318756103516
C10 450.035 86.68202209472656
C10 475.003 89.6994857788086
C10 500.018 91.27312469482422
C10 525.002 93.91922760009766
C10 550.029 94.98384094238281
C10 575.023 96.77542114257812
C10 599.982 97.24817657470703
C10 619.997 97.98890686035156
C10 624.979 98.88217163085938
C10 650.012 98.99474334716797
C10 675.004 98.1790542602539
C10 700.03 98.2872085571289
C10 725.012 97.65923309326172
C10 750.022 98.70475006103516
C10 774.987 98.20597839355469
C10 799.976 97.72212219238281
C10 824.988 96.99897766113281
C10 850.022 94.13616943359375
C10 869.967 90.91445922851562
C10 875.002 89.78453826904297
C10 899.999 82.13947296142578
C10 919.999 73.94758605957031
C10 925.012 70.88631439208984
C10 949.965 57.238609313964844
C10 975.002 42.674102783203125
C10 999.976 25.97999382019043
C10 1025.028 11.388851165771484
C10 1050.014 4.0578742027282715
C10 1075.002 0.9403552797976243
C10 1099.99 0.09330118697487837
C11 319.994 38.44316482543945
C11 324.969 43.31831359863281
C11 349.982 65.80767822265625
C11 374.975 73.21168518066406
C11 400.019 81.78617095947266
C11 424.965 84.89524841308594
C11 450.035 86.67010498046875
C11 475.003 89.65931701660156
C11 500.018 91.21427917480469
C11 525.002 93.84378051757812
C11 550.029 94.89661407470703
C11 575.023 96.6771011352539
C11 599.982 97.14412689208984
C11 619.997 97.88084411621094
C11 624.979 98.7693099975586
C11 650.012 98.8792953491211
C11 675.004 98.0633544921875
C11 700.03 98.1941146850586
C11 725.012 97.63636016845703
C11 750.022 98.76534271240234
C11 774.987 98.35670471191406
C11 799.976 97.90396881103516
C11 824.988 97.1688461303711
C11 850.022 94.3209228515625
C11 869.967 91.071533203125
C11 875.002 89.94292449951172
C11 899.999 82.20028686523438
C11 919.999 73.92789459228516
C11 925.012 70.91947174072266
C11 949.965 57.25933074951172
C11 975.002 42.715362548828125
C11 999.976 26.081512451171875
C11 1025.028 11.366857528686523
C11 1050.014 4.029581546783447
C11 1075.002 0.9409325411690778
C11 1099.99 0.09335846231783484
C12 319.994 38.800514221191406
C12 324.969 43.72008514404297
C12 349.982 66.39647674560547
C12 374.975 73.76683044433594
C12 400.019 82.2349624633789
C12 424.965 85.29429626464844
C12 450.035 87.04805755615234
C12 475.003 90.03117370605469
C12 500.018 91.57733917236328
C12 525.002 94.20781707763672
C12 550.029 95.26004028320312
C12 575.023 97.04370880126953
C12 599.982 97.50188446044922
C12 619.997 98.24110412597656
C12 624.979 99.13226318359375
C12 650.012 99.23960876464844
C12 675.004 98.42015075683594
C12 700.03 98.55831146240234
C12 725.012 98.02648162841797
C12 750.022 99.19666290283203
C12 774.987 98.82504272460938
C12 799.976 98.38632202148438
C12 824.988 97.64254760742188
C12 850.022 94.79243469238281
C12 869.967 91.50271606445312
C12 875.002 90.33441925048828
C12 899.999 82.59890747070312
C12 919.999 74.18860626220703
C12 925.012 71.07487487792969
C12 949.965 57.61747741699219
C12 975.002 42.91143798828125
C12 999.976 26.15477752685547
C12 1025.028 11.432733535766602
C12 1050.014 4.029284477233887
C12 1075.002 0.9450417065171376
C12 1099.99 0.09376616992865672
C13 319.994 38.979061126708984
C13 324.969 43.91885757446289
C13 349.982 66.66265106201172
C13 374.975 73.99057006835938
C13 400.019 82.40576171875
C13 424.965 85.43644714355469
C13 450.035 87.17418670654297
C13 475.003 90.1548080444336
C13 500.018 91.69649505615234
C13 525.002 94.32097625732422
C13 550.029 95.37202453613281
C13 575.023 97.15074920654297
C13 599.982 97.61053466796875
C13 619.997 98.34271240234375
C13 624.979 99.23709869384766
C13 650.012 99.34078216552734
C13 675.004 98.51903533935547
C13 700.03 98.65401458740234
C13 725.012 98.1257553100586
C13 750.022 99.30490112304688
C13 774.987 98.9393081665039
C13 799.976 98.50358581542969
C13 824.988 97.76084899902344
C13 850.022 94.88934326171875
C13 869.967 91.60985565185547
C13 875.002 90.44684600830078
C13 899.999 82.68779754638672
C13 919.999 74.3327865600586
C13 925.012 71.17901611328125
C13 949.965 57.5028190612793
C13 975.002 43.19887161254883
C13 999.976 26.310768127441406
C13 1025.028 11.440272331237793
C13 1050.014 4.012374401092529
C13 1075.002 0.9460728865239598
C13 1099.99 0.09386848266160802
C14 319.994 39.26708984375
C14 324.969 44.24614715576172
C14 349.982 67.12808990478516
C14 374.975 74.40690612792969
C14 400.019 82.74858856201172
C14 424.965 85.74359130859375
C14 450.035 87.46534729003906
C14 475.003 90.44076538085938
C14 500.018 91.97517395019531
C14 525.002 94.60399627685547
C14 550.029 95.64752960205078
C14 575.023 97.4327621459961
C14 599.982 97.88745880126953
C14 619.997 98.6156997680664
C14 624.979 99.51146697998047
C14 650.012 99.61122131347656
C14 675.004 98.78292083740234
C14 700.03 98.91374969482422
C14 725.012 98.372802734375
C14 750.022 99.54932403564453
C14 774.987 99.17843627929688
C14 799.976 98.73977661132812
C14 824.988 97.99893951416016
C14 850.022 95.12369537353516
C14 869.967 91.81588745117188
C14 875.002 90.67428588867188
C14 899.999 82.94551086425781
C14 919.999 74.48495483398438
C14 925.012 71.36925506591797
C14 949.965 57.69831466674805
C14 975.002 43.27391815185547
C14 999.976 26.419090270996094
C14 1025.028 11.514077186584473
C14 1050.014 4.026276111602783
C14 1075.002 0.9484014916576364
C14 1099.99 0.09409952472372585
C15 319.994 39.40193176269531
C15 324.969 44.39749526977539
C15 349.982 67.32601165771484
C15 374.975 74.53569030761719
C15 400.019 82.79087829589844
C15 424.965 85.74375915527344
C15 450.035 87.44711303710938
C15 475.003 90.41145324707031
C15 500.018 91.93579864501953
C15 525.002 94.55860900878906
C15 550.029 95.59778594970703
C15 575.023 97.37208557128906
C15 599.982 97.82363891601562
C15 619.997 98.54935455322266
C15 624.979 99.44425964355469
C15 650.012 99.53911590576172
C15 675.004 98.70526885986328
C15 700.03 98.8299560546875
C15 725.012 98.2773666381836
C15 750.022 99.43374633789062
C15 774.987 99.04563903808594
C15 799.976 98.60399627685547
C15 824.988 97.87317657470703
C15 850.022 94.9968490600586
C15 869.967 91.71526336669922
C15 875.002 90.59744262695312
C15 899.999 82.88750457763672
C15 919.999 74.35918426513672
C15 925.012 71.24851989746094
C15 949.965 57.72293472290039
C15 975.002 43.307273864746094
C15 999.976 26.4129638671875
C15 1025.028 11.507086753845215
C15 1050.014 4.011242866516113
C15 1075.002 0.947300389055435
C15 1099.99 0.09399027433509759
C16 319.994 39.56415939331055
C16 324.969 44.57913589477539
C16 349.982 67.57864379882812
C16 374.975 74.79203796386719
C16 400.019 83.0894546508789
C16 424.965 86.06599426269531
C16 450.035 87.7811279296875
C16 475.003 90.76306915283203
C16 500.018 92.29888916015625
C16 525.002 94.92987060546875
C16 550.029 95.97672271728516
C16 575.023 97.757568359375
C16 599.982 98.20747375488281
C16 619.997 98.93643951416016
C16 624.979 99.83880615234375
C16 650.012 99.93328857421875
C16 675.004 99.09076690673828
C16 700.03 99.20796203613281
C16 725.012 98.63972473144531
C16 750.022 99.78792572021484
C16 774.987 99.3853988647461
C16 799.976 98.93803405761719
C16 824.988 98.2123794555664
C16 850.022 95.31627655029297
C16 869.967 92.06851959228516
C16 875.002 90.94841766357422
C16 899.999 83.24935913085938
C16 919.999 74.69442749023438
C16 925.012 71.534912109375
C16 949.965 57.986202239990234
C16 975.002 43.64323425292969
C16 999.976 26.57955551147461
C16 1025.028 11.551852226257324
C16 1050.014 4.012699127197266
C16 1075.002 0.9506746388045181
C16 1099.99 0.09432506429534207
C17 319.994 39.430389404296875
C17 324.969 44.4359016418457
C17 349.982 67.36528778076172
C17 374.975 74.53971099853516
C17 400.019 82.86727905273438
C17 424.965 85.86036682128906
C17 450.035 87.58457946777344
C17 475.003 90.5718765258789
C17 500.018 92.11587524414062
C17 525.002 94.74861907958984
C17 550.029 95.79802703857422
C17 575.023 97.57684326171875
C17 599.982 98.02908325195312
C17 619.997 98.75408935546875
C17 624.979 99.65107727050781
C17 650.012 99.74510955810547
C17 675.004 98.90332794189453
C17 700.03 99.01638793945312
C17 725.012 98.43948364257812
C17 750.022 99.56660461425781
C17 774.987 99.15113067626953
C17 799.976 98.70455932617188
C17 824.988 97.98233032226562
C17 850.022 95.09561157226562
C17 869.967 91.88945007324219
C17 875.002 90.78514862060547
C17 899.999 83.09293365478516
C17 919.999 74.49714660644531
C17 925.012 71.3951187133789
C17 949.965 57.95842742919922
C17 975.002 43.63429641723633
C17 999.976 26.577266693115234
C17 1025.028 11.5723237991333
C17 1050.014 4.017279148101807
C17 1075.002 0.948566123969963
C17 1099.99 0.09411585939051029
