lsstCam/transmission_filter_detector/r11_s00/y_10/19700101T000000.ecsv
# %ECSV 1.0
# ---
# datatype:
# - {name: wavelength, unit: nm, datatype: float32}
# - {name: efficiency, unit: '%', datatype: float64}
# meta: !!omap
# - {MODE: DETECTOR}
# - {TYPE: transmission_filter_detector}
# - {CALIBDATE: '1970-01-01T00:00:00'}
# - {INSTRUME: LSSTCam}
# - {OBSTYPE: transmission_filter_detector}
# - {CALIBCLS: lsst.ip.isr.IntermediateFilterDetectorTransmissionCurve}
# - {SOURCE: Materion (DM-46256)}
# - {DETECTOR: 36}
# - {FILTER: y_10}
# - {CALIB_ID: 'calibDate=1970-01-01T00:00:00 filter=y_10 detector=36'}
# - {DATE: '2025-04-02T15:59:50.908929'}
# - {CALIB_CREATION_DATE: '2025-04-02'}
# - {CALIB_CREATION_TIME: '15:59:50'}
# - __serialized_columns__:
#     efficiency:
#       __class__: astropy.units.quantity.Quantity
#       unit: !astropy.units.Unit {unit: '%'}
#       value: !astropy.table.SerializedColumn {name: efficiency}
#     wavelength:
#       __class__: astropy.units.quantity.Quantity
#       unit: !astropy.units.Unit {unit: nm}
#       value: !astropy.table.SerializedColumn {name: wavelength}
# schema: astropy-2.0
wavelength efficiency
[from data line 576]
876.0 0.002982926889671944
877.0 0.0019969735149061307
878.0 0.0010110203220392577
879.0 0.001707255250948947
880.0 0.06179810734465718
881.0 0.09617707692086697
882.0 0.06762458942830563
883.0 0.08866778225637972
884.0 0.06582442438229918
885.0 0.06883481401018798
886.0 0.06973684066906571
887.0 0.08939875988289714
888.0 0.06981220212765038
889.0 0.09524355991743505
890.0 0.07214787765406072
891.0 0.08157143602147698
892.0 0.06747342995367944
893.0 0.10605338029563427
894.0 0.08464884012937546
895.0 0.10389883536845446
896.0 0.07544318796135485
897.0 0.11411935556679964
898.0 0.083809724310413
899.0 0.11266601504758
900.0 0.09935275884345174
901.0 0.1292025321163237
902.0 0.14784755185246468
903.0 0.15558525919914246
904.0 0.17645085463300347
905.0 0.21301209926605225
906.0 0.25172149762511253
907.0 0.32655918039381504
908.0 0.42823581025004387
909.0 0.5696258973330259
910.0 0.7756768260151148
911.0 1.0835261084139347
912.0 1.5900511294603348
913.0 2.369612082839012
914.0 3.3486593514680862
915.0 4.81303371489048
916.0 6.67036697268486
917.0 8.789204061031342
918.0 11.279849708080292
919.0 13.735981285572052
920.0 17.067036032676697
921.0 20.485681295394897
922.0 23.856675624847412
923.0 27.79281437397003
924.0 32.069024443626404
925.0 36.853307485580444
926.0 42.70191788673401
927.0 49.15964901447296
928.0 54.97864484786987
929.0 61.46332621574402
930.0 67.33524203300476
931.0 73.2240080833435
932.0 78.76832485198975
933.0 83.6320161819458
934.0 87.29948401451111
935.0 90.04956483840942
936.0 92.2625720500946
937.0 93.8373327255249
938.0 94.9392557144165
939.0 95.51520943641663
940.0 96.02946043014526
941.0 96.28399610519409
942.0 96.53694033622742
943.0 96.69812321662903
944.0 97.049480676651
945.0 97.05606698989868
946.0 97.14793562889099
947.0 97.17186093330383
948.0 97.30596542358398
949.0 97.19930291175842
950.0 97.33367562294006
951.0 97.34548330307007
952.0 97.38619923591614
953.0 97.59727716445923
954.0 97.65065312385559
955.0 97.72824048995972
956.0 97.93672561645508
957.0 98.1488823890686
958.0 98.32836985588074
959.0 98.40810894966125
960.0 98.53352308273315
961.0 98.62752556800842
962.0 98.69222640991211
963.0 98.72158169746399
964.0 98.74023199081421
965.0 98.82417917251587
966.0 98.84461164474487
967.0 98.93956780433655
968.0 98.93783926963806
969.0 98.92222285270691
970.0 98.96292686462402
971.0 98.99056553840637
972.0 99.06172156333923
973.0 99.13625717163086
974.0 99.15822148323059
975.0 99.14666414260864
976.0 99.18920993804932
977.0 99.17583465576172
978.0 99.21606183052063
979.0 99.16520714759827
980.0 99.15638566017151
981.0 99.07418489456177
982.0 99.0190863609314
983.0 99.04828071594238
984.0 98.99349212646484
985.0 98.98784160614014
986.0 98.89271855354309
987.0 98.91933798789978
988.0 98.82782697677612
989.0 98.81821870803833
990.0 98.73575568199158
991.0 98.79507422447205
992.0 98.82036447525024
993.0 98.78796339035034
994.0 98.77684712409973
995.0 98.81094694137573
996.0 98.7758994102478
997.0 98.88902306556702
998.0 98.91173243522644
999.0 99.00003671646118
1000.0 99.02549386024475
1001.0 98.98902177810669
1002.0 99.1189181804657
1003.0 99.13342595100403
1004.0 99.19542074203491
1005.0 99.1494357585907
1006.0 99.27393794059753
1007.0 99.26519989967346
1008.0 99.20830726623535
1009.0 99.16321635246277
1010.0 99.21899437904358
1011.0 99.22565817832947
1012.0 99.10075068473816
1013.0 99.12886023521423
1014.0 99.10799860954285
1015.0 99.05700087547302
1016.0 99.02098178863525
1017.0 99.08801913261414
1018.0 99.08607602119446
1019.0 99.00773167610168
1020.0 99.05237555503845
1021.0 99.18981790542603
1022.0 99.03596639633179
1023.0 99.10898208618164
1024.0 99.05535578727722
1025.0 99.05562996864319
1026.0 99.12927150726318
1027.0 99.17140007019043
1028.0 99.15075898170471
1029.0 99.25137758255005
1030.0 99.31224584579468
1031.0 99.27253127098083
1032.0 99.26260113716125
1033.0 99.26158785820007
1034.0 99.28333163261414
1035.0 99.34731125831604
1036.0 99.2673397064209
1037.0 99.30329918861389
1038.0 99.22723770141602
1039.0 99.220210313797
1040.0 99.13011193275452
1041.0 99.1950273513794
1042.0 99.1241455078125
1043.0 99.12014603614807
1044.0 99.14794564247131
1045.0 98.84875416755676
1046.0 99.07665848731995
1047.0 98.97822141647339
1048.0 99.03247952461243
1049.0 98.93460273742676
1050.0 98.95429015159607
1051.0 98.89913201332092
1052.0 98.90456199645996
1053.0 98.78907799720764
1054.0 99.06923174858093
1055.0 99.1204023361206
1056.0 99.01846647262573
1057.0 99.03634190559387
1058.0 98.91363978385925
1059.0 98.99736046791077
1060.0 99.0837037563324
1061.0 98.94030690193176
1062.0 98.9253282546997
1063.0 98.94880652427673
1064.0 99.10604357719421
1065.0 99.0266740322113
1066.0 99.04342293739319
1067.0 99.15052652359009
1068.0 99.00360107421875
1069.0 98.9580512046814
1070.0 99.295973777771
1071.0 99.05547499656677
1072.0 99.05151128768921
1073.0 99.30652976036072
1074.0 98.88731837272644
1075.0 98.91142845153809
1076.0 98.59345555305481
1077.0 99.0540087223053
1078.0 99.14841651916504
1079.0 98.81497025489807
1080.0 99.38581585884094
1081.0 98.76074194908142
1082.0 98.76739382743835
1083.0 98.71289730072021
1084.0 99.12601113319397
1085.0 99.03630018234253
1086.0 98.97119402885437
1087.0 98.99386167526245
1088.0 98.52668046951294
1089.0 98.63941669464111
1090.0 98.70362877845764
1091.0 99.05587434768677
1092.0 98.71588349342346
1093.0 98.8671064376831
1094.0 98.33428859710693
1095.0 98.64917397499084
1096.0 98.77803921699524
1097.0 98.40233325958252
1098.0 98.0657696723938
1099.0 98.49339127540588
1100.0 98.30414056777954
