lsstCam/transmission_filter_detector/r11_s00/y_10/19700101T000000.ecsv
# %ECSV 1.0
# ---
# datatype:
# - {name: wavelength, unit: nm, datatype: float32}
# - {name: efficiency, unit: '%', datatype: float64}
# meta: !!omap
# - {MODE: DETECTOR}
# - {TYPE: transmission_filter_detector}
# - {CALIBDATE: '1970-01-01T00:00:00'}
# - {INSTRUME: LSSTCam}
# - {OBSTYPE: transmission_filter_detector}
# - {CALIBCLS: lsst.ip.isr.IntermediateFilterDetectorTransmissionCurve}
# - {SOURCE: Materion (DM-46256)}
# - {DETECTOR: 36}
# - {FILTER: y_10}
# - {CALIB_ID: 'calibDate=1970-01-01T00:00:00 filter=y_10 detector=36'}
# - {DATE: '2025-04-02T15:59:50.908929'}
# - {CALIB_CREATION_DATE: '2025-04-02'}
# - {CALIB_CREATION_TIME: '15:59:50'}
# - __serialized_columns__:
#     efficiency:
#       __class__: astropy.units.quantity.Quantity
#       unit: !astropy.units.Unit {unit: '%'}
#       value: !astropy.table.SerializedColumn {name: efficiency}
#     wavelength:
#       __class__: astropy.units.quantity.Quantity
#       unit: !astropy.units.Unit {unit: nm}
#       value: !astropy.table.SerializedColumn {name: wavelength}
# schema: astropy-2.0
wavelength efficiency
300.0 0.5380908492952585
301.0 0.2884662011638284
302.0 0.03884152683895081
303.0 0.0329513568431139
304.0 0.02706118975766003
305.0 0.018278887728229165
306.0 0.009496582060819492
307.0 0.01715333346510306
308.0 0.024810084141790867
309.0 0.0174987391801551
310.0 0.010187392035732046
311.0 0.008971199713414535
312.0 0.007755004480713978
313.0 0.00817037362139672
314.0 0.008585743489675224
315.0 0.007019947952358052
316.0 0.005454154597828165
317.0 0.0058347090089228
318.0 0.006215259782038629
319.0 0.0034318662073928863
320.0 0.0006484709956566803
321.0 0.0026483112378627993
322.0 0.004648151661967859
323.0 0.0033345258998451754
324.0 0.002020899955823552
325.0 0.0005027818133385153
326.0 1.6352427224808341e-10
327.0 0.0003384597675903933
328.0 0.0016922562281251885
329.0 0.0030082755984039977
330.0 0.004324295150581747
331.0 0.004000736225862056
332.0 0.0036771773011423647
333.0 0.0029146085580578074
334.0 0.0021520390873774886
335.0 0.002457619848428294
336.0 0.0027632009732769802
337.0 0.0030195848012226634
338.0 0.003275968265370466
339.0 0.001548662294226233
340.0 1.6352427224808341e-10
341.0 1.6352427224808341e-10
342.0 1.6352427224808341e-10
343.0 0.00035047698929702165
344.0 0.0012406171663315035
345.0 0.0015151332263485529
346.0 0.0017896498320624232
347.0 0.0016303632946801372
348.0 0.0014710765753989108
349.0 0.0011699941751430742
350.0 0.0008689115020388272
351.0 0.0012246191545273177
352.0 0.001580326170369517
353.0 0.001369123947370099
354.0 0.001157921906269621
355.0 0.0012686520676652435
356.0 0.0013793823200103361
357.0 0.0010397310688858852
358.0 0.0007000795903877588
359.0 0.000766205175750656
360.0 0.000832330624689348
361.0 0.0012413300282787532
362.0 0.001650329249969218
363.0 0.0012657451406994369
364.0 0.0008811606676317751
365.0 0.001212086954183178
366.0 0.001543013786431402
367.0 0.002048622445727233
368.0 0.0025542311050230637
369.0 0.0021852996724192053
370.0 0.0018163686036132276
371.0 0.0017170264982269146
372.0 0.0016176838471437804
373.0 0.002022533954004757
374.0 0.0024273838789667934
375.0 0.0033054235245799646
376.0 0.004183462806395255
377.0 0.0040360209823120385
378.0 0.003888579158228822
379.0 0.003493330586934462
380.0 0.0030980816518422216
381.0 0.002147481427527964
382.0 0.001196880839415826
383.0 0.001195706681755837
384.0 0.0011945321602979675
385.0 0.0008848523066262715
386.0 0.0005751724074798403
387.0 0.0006735762326570693
388.0 0.0007719801033090334
389.0 0.0007181917226262158
390.0 0.0006644033874181332
391.0 0.0005737197625421686
392.0 0.0004830361831409391
393.0 0.0005821482773171738
394.0 0.0006812605533923488
395.0 0.0006626085905736545
396.0 0.0006439567187044304
397.0 0.0008323429938172922
398.0 0.0010207291779806837
399.0 0.0012775816685461905
400.0 0.0015344343410106376
401.0 0.0017077623851946555
402.0 0.0018810904293786734
403.0 0.0018781009202939458
404.0 0.0018751115931081586
405.0 0.001762969623086974
406.0 0.0016508280168636702
407.0 0.0013858332749805413
408.0 0.001120838805945823
409.0 0.0008990885362436529
410.0 0.0006773381755920127
411.0 0.00032195182484429097
412.0 1.6352427224808341e-10
413.0 0.0005515308203030145
414.0 0.0011364959391357843
415.0 0.0019236482330597937
416.0 0.002710800981731154
417.0 0.0011740798072423786
418.0 1.6352427224808341e-10
419.0 1.6352427224808341e-10
420.0 1.6352427224808341e-10
421.0 1.6352427224808341e-10
422.0 0.0006354136075970018
423.0 0.0006100913651607698
424.0 0.0005847688953508623
425.0 0.00032595924039924284
426.0 6.714961386933282e-05
427.0 0.00026935283585771685
428.0 0.0004715561317425454
429.0 1.6352427224808341e-10
430.0 1.6352427224808341e-10
431.0 0.0002061241502815392
432.0 0.0010476524039404467
433.0 0.0008410938789893407
434.0 0.0006345358997350559
435.0 0.00015130823385334224
436.0 1.6352427224808341e-10
437.0 1.8799397594193579e-06
438.0 0.0003356789875397226
439.0 1.6352427224808341e-10
440.0 1.6352427224808341e-10
441.0 1.6352427224808341e-10
442.0 1.6352427224808341e-10
443.0 1.6352427224808341e-10
444.0 1.6352427224808341e-10
445.0 0.00022794793039793149
446.0 0.0006843167284387164
447.0 0.0008906134098651819
448.0 0.0010969100003421772
449.0 0.0010153497896681074
450.0 0.000933789306145627
451.0 0.00030904175218893215
452.0 1.6352427224808341e-10
453.0 1.6352427224808341e-10
454.0 1.6352427224808341e-10
455.0 1.6352427224808341e-10
456.0 1.6352427224808341e-10
457.0 1.6352427224808341e-10
458.0 3.210071781722945e-05
459.0 8.490193863508466e-05
460.0 0.00013770320492767496
461.0 0.0002934732492576586
462.0 0.0004492432708502747
463.0 0.00039191745599964634
464.0 0.00033459173209848814
465.0 0.00036040119084645994
466.0 0.000386210786018637
467.0 0.0009313938790000975
468.0 0.0014765766536584124
469.0 0.001588585291756317
470.0 0.0017005932022584602
471.0 0.0016078673070296645
472.0 0.001515141048002988
473.0 0.002189052611356601
474.0 0.002862964174710214
475.0 0.0027497360861161724
476.0 0.0026365079975221306
477.0 0.0031745730666443706
478.0 0.0037126381357666105
479.0 0.004133786205784418
480.0 0.004554934275802225
481.0 0.004674290539696813
482.0 0.004793646075995639
483.0 0.00413604975619819
484.0 0.0034784530726028606
485.0 0.0038057449273765087
486.0 0.004133036418352276
487.0 0.003450432268436998
488.0 0.0027678277547238395
489.0 0.0023110922484192997
490.0 0.0018543571059126407
491.0 0.0015516759958700277
492.0 0.0012489946129790042
493.0 0.0009122425581153948
494.0 0.0005754909579991363
495.0 0.000924027062865207
496.0 0.0012725631677312776
497.0 0.0017921502148965374
498.0 0.002311737625859678
499.0 0.00236577707255492
500.0 0.002419816519250162
501.0 0.0024832255803630687
502.0 0.002546634459577035
503.0 0.0026269171939929947
504.0 0.002707199746510014
505.0 0.003180555722792633
506.0 0.0036539120628731325
507.0 0.002686123480089009
508.0 0.0017183345335070044
509.0 0.001953891660377849
510.0 0.002189448605349753
511.0 0.002250141551485285
512.0 0.0023108346795197576
513.0 0.0019695678929565474
514.0 0.001628301470191218
515.0 0.0014185452528181486
516.0 0.0012087888535461389
517.0 0.001332119427388534
518.0 0.0014554496374330483
519.0 0.0014160514183458872
520.0 0.0013766529264103156
521.0 0.0016348280041711405
522.0 0.0018930026271846145
523.0 0.0018039276255876757
524.0 0.001714852623990737
525.0 0.0020982730347895995
526.0 0.002481694355083164
527.0 0.0023888096620794386
528.0 0.0022959255147725344
529.0 0.002485356708348263
530.0 0.002674787538126111
531.0 0.002552400474087335
532.0 0.002430013228149619
533.0 0.0026656653062673286
534.0 0.0029013170205871575
535.0 0.0024759918233030476
536.0 0.002050666262221057
537.0 0.0023171942302724347
538.0 0.0025837218345259316
539.0 0.0033021886338246986
540.0 0.0040206548874266446
541.0 0.003999645196017809
542.0 0.003978635504608974
543.0 0.004327017450123094
544.0 0.004675399395637214
545.0 0.00499029119964689
546.0 0.005305183003656566
547.0 0.0043703781557269394
548.0 0.003435572943999432
549.0 0.0030600942409364507
550.0 0.0026846149921766482
551.0 0.0027567954020923935
552.0 0.0028289756301091984
553.0 0.0031654053600504994
554.0 0.003501834362396039
555.0 0.0036853485653409734
556.0 0.003868862768285908
557.0 0.0035793305869447067
558.0 0.0032897984056035057
559.0 0.0032036175980465487
560.0 0.003117436426691711
561.0 0.0032969561289064586
562.0 0.0034764758311212063
563.0 0.003298466981505044
564.0 0.003120458495686762
565.0 0.0037781275750603527
566.0 0.004435797382029705
567.0 0.00456460657005664
568.0 0.0046934157580835745
569.0 0.005311757922754623
570.0 0.0059301000874256715
571.0 0.005950682680122554
572.0 0.005971265272819437
573.0 0.006328224117169157
574.0 0.006685184052912518
575.0 0.00643054154352285
576.0 0.006175899761728942
577.0 0.005625784251606092
578.0 0.005075669469079003
579.0 0.005895531649002805
580.0 0.006715393828926608
581.0 0.007240616105264053
582.0 0.007765836926409975
583.0 0.008656976569909602
584.0 0.009548113303026184
585.0 0.009785083966562524
586.0 0.010022054630098864
587.0 0.00996227900031954
588.0 0.009902500460157171
589.0 0.010366080823587254
590.0 0.01082966336980462
591.0 0.00991364213405177
592.0 0.008997619443107396
593.0 0.007404603820759803
594.0 0.005811590381199494
595.0 0.0057651701354188845
596.0 0.005718749889638275
597.0 0.006047596616554074
598.0 0.006376443343469873
599.0 0.007360235758824274
600.0 0.008344027446582913
601.0 0.008984455780591816
602.0 0.009624881204217672
603.0 0.010551721788942814
604.0 0.011478563828859478
605.0 0.01156618309323676
606.0 0.01165380235761404
607.0 0.01016357127809897
608.0 0.008673342381371185
609.0 0.0066953587520401925
610.0 0.004717375850304961
611.0 0.004010065822512843
612.0 0.003302756158518605
613.0 0.0036615590943256393
614.0 0.004020361302536912
615.0 0.004820935646421276
616.0 0.005621510717901401
617.0 0.006903478788444772
618.0 0.008185445767594501
619.0 0.009179017069982365
620.0 0.010172588372370228
621.0 0.011310647096252069
622.0 0.012448705092538148
623.0 0.012422526197042316
624.0 0.012396347301546484
625.0 0.01073343155439943
626.0 0.009070513624465093
627.0 0.007189872849266976
628.0 0.005309230255079456
629.0 0.004471321881283075
630.0 0.003633413143688813
631.0 0.0030117213100311346
632.0 0.002390029294474516
633.0 0.0025361459847772494
634.0 0.0026822630388778634
635.0 0.0028945281883352436
636.0 0.0031067931558936834
637.0 0.003934488631784916
638.0 0.004762183743878268
639.0 0.0046988483518362045
640.0 0.004635512595996261
641.0 0.00503982009831816
642.0 0.005444127236842178
643.0 0.005517445606528781
644.0 0.005590763612417504
645.0 0.005192768730921671
646.0 0.004794773849425837
647.0 0.0037711324694100767
648.0 0.002747491453192197
649.0 0.0020910887542413548
650.0 0.0014346859643410426
651.0 0.0016127494745887816
652.0 0.0017908134395838715
653.0 0.0016577991118538193
654.0 0.001524784693174297
655.0 0.001612601954548154
656.0 0.0017004193068714812
657.0 0.0016677375242579728
658.0 0.0016350559235434048
659.0 0.001868852814368438
660.0 0.002102649705193471
661.0 0.0017855980331660248
662.0 0.0014685463611385785
663.0 0.002273924110340886
664.0 0.0030793020414421335
665.0 0.0035938610380981117
666.0 0.00410842003475409
667.0 0.0046992787247290835
668.0 0.005290136323310435
669.0 0.005534730735234916
670.0 0.005779321872978471
671.0 0.006478652358055115
672.0 0.007177983206929639
673.0 0.008015434286789969
674.0 0.008852884639054537
675.0 0.008192646782845259
676.0 0.007532411837019026
677.0 0.005961630449746735
678.0 0.0043908490624744445
679.0 0.0028552238291013055
680.0 0.0013195996871218085
681.0 0.0006206731995916925
682.0 1.6352427224808341e-10
683.0 0.00016461794984934386
684.0 0.0004074893695360515
685.0 0.0002281719616803457
686.0 4.885454245595611e-05
687.0 0.00020158622646704316
688.0 0.00035431794458418153
689.0 0.0003621877112891525
690.0 0.0003700575462062261
691.0 0.0004975749561708653
692.0 0.0006250922979234019
693.0 0.0005405531283031451
694.0 0.0004560139586828882
695.0 0.0004978922788723139
696.0 0.0005397706445364747
697.0 0.0005195676294533769
698.0 0.0004993644779460737
699.0 0.0004838185304834042
700.0 0.00046827231017232407
701.0 0.0002519180270610377
702.0 3.556384911007626e-05
703.0 0.00012767625321430387
704.0 0.00021978858057991602
705.0 0.0003628196736826794
706.0 0.0005058505848865025
707.0 0.00015134833120100666
708.0 1.6352427224808341e-10
709.0 1.6352427224808341e-10
710.0 9.047709568221762e-05
711.0 0.00042075894270965364
712.0 0.0007510407613153802
713.0 0.0004573072601488093
714.0 0.0001635737817196059
715.0 0.0003002860694323317
716.0 0.00043699833440769
717.0 0.00025869392175081884
718.0 8.038950340960582e-05
719.0 0.00024538239813409746
720.0 0.00041037519622477703
721.0 0.0002810525302265887
722.0 0.0001517299097031355
723.0 0.00019307262846268713
724.0 0.0002344153017475037
725.0 0.000336534867528826
726.0 0.00043865461520908866
727.0 0.00012011903436359717
728.0 1.6352427224808341e-10
729.0 0.0001921759576362092
730.0 0.0005827683253301075
731.0 0.0007257953257067129
732.0 0.0008688225534569938
733.0 0.00033839698971860344
734.0 1.6352427224808341e-10
735.0 1.6352427224808341e-10
736.0 1.6352427224808341e-10
737.0 0.00045363171921053436
738.0 0.001041713221638929
739.0 0.0006903515441081254
740.0 0.0003389894118299708
741.0 0.00015164625892793993
742.0 1.6352427224808341e-10
743.0 1.6352427224808341e-10
744.0 1.6352427224808341e-10
745.0 0.00033953347156057134
746.0 0.0008381783118238673
747.0 0.0005070592123956885
748.0 0.00017594023802303127
749.0 1.6352427224808341e-10
750.0 1.6352427224808341e-10
751.0 1.6352427224808341e-10
752.0 1.6352427224808341e-10
753.0 0.00017852293012765585
754.0 0.000404094635086949
755.0 1.6352427224808341e-10
756.0 1.6352427224808341e-10
757.0 1.6352427224808341e-10
758.0 1.6352427224808341e-10
759.0 0.00010472889471202507
760.0 0.0005943860287516145
761.0 0.0002935853217422846
762.0 1.6352427224808341e-10
763.0 1.6352427224808341e-10
764.0 1.6352427224808341e-10
765.0 1.1136039290704502e-05
766.0 0.00042418673729116563
767.0 5.507288278749911e-05
768.0 1.6352427224808341e-10
769.0 1.6352427224808341e-10
770.0 1.6352427224808341e-10
771.0 1.6352427224808341e-10
772.0 1.6352427224808341e-10
773.0 0.00020939937712682877
774.0 0.0005983929895592155
775.0 0.0002827477374012233
776.0 1.6352427224808341e-10
777.0 0.00015203554539766628
778.0 0.00033696878745104186
779.0 0.0005201421117817517
780.0 0.0007033154815871967
781.0 0.0006046970611350844
782.0 0.000506078595208237
783.0 0.00040381323742622044
784.0 0.0003015479023815715
785.0 0.000200891304302786
786.0 0.00010023436516348738
787.0 0.0005587576652033022
788.0 0.0010172807378694415
789.0 0.0008936465746955946
790.0 0.0007700125024712179
791.0 0.0005010961558582494
792.0 0.00023217962734634057
793.0 0.0004565026301861508
794.0 0.0006808253601775505
795.0 0.0007002618986007292
796.0 0.0007196982551249675
797.0 0.00038069103993620956
798.0 4.168381622093875e-05
799.0 0.0006942684649402509
800.0 0.0013468531506077852
801.0 0.0007112591902114218
802.0 7.566521276203275e-05
803.0 0.00025150770852633286
804.0 0.0004273501872376073
805.0 0.0007525551609433023
806.0 0.0010777600436995272
807.0 0.0006447488885896746
808.0 0.0002117377562171896
809.0 3.247309621201566e-05
810.0 1.6352427224808341e-10
811.0 0.00011870243952216697
812.0 0.00038419630072894506
813.0 0.0007638182978553232
814.0 0.0011434402949817013
815.0 0.0010431025657453574
816.0 0.0009427642908121925
817.0 0.0009671096449892502
818.0 0.0009914550901157781
819.0 0.0010003191164287273
820.0 0.0010091832336911466
821.0 0.0009775551006896421
822.0 0.0009459268767386675
823.0 0.0007351189196924679
824.0 0.0005243111900199438
825.0 0.000460152159575955
826.0 0.00039599322008143645
827.0 0.00053890385061095
828.0 0.0006818144811404636
829.0 0.000374260162061546
830.0 6.670583161394461e-05
831.0 0.00017566082988196285
832.0 0.00028461604415497277
833.0 0.0005310840151651064
834.0 0.0007775518497510348
835.0 0.00017445679532102076
836.0 1.6352427224808341e-10
837.0 1.6352427224808341e-10
838.0 1.6352427224808341e-10
839.0 0.0004720933247881476
840.0 0.0009849568414210808
841.0 0.001117366355174454
842.0 0.001249775868927827
843.0 0.0009298517397837713
844.0 0.0006099272013670998
845.0 0.000694263417244656
846.0 0.000778599496698007
847.0 0.0010285431017109659
848.0 0.0012784867067239247
849.0 0.0010681043931981549
850.0 0.0008577217158745043
851.0 0.0011145286407554522
852.0 0.00137133547468693
853.0 0.0005526793756871484
854.0 1.6352427224808341e-10
855.0 1.6352427224808341e-10
856.0 1.6352427224808341e-10
857.0 0.00025571746391506167
858.0 0.0012212635738251265
859.0 0.0011848084795929026
860.0 0.001148353021562798
861.0 0.0014015306987857912
862.0 0.0016547088307561353
863.0 0.0017901906176120974
864.0 0.001925672586367
865.0 0.0019534163584467024
866.0 0.0019811604943242855
867.0 0.0026755071303341538
868.0 0.0033698535844450817
869.0 0.0031539944757241756
870.0 0.0029381348213064484
871.0 0.003236707198084332
872.0 0.0035352793929632753
873.0 0.0026509449526201934
874.0 0.0017666108760749921
