lsstCam/transmission_filter_detector/r03_s11/g_6/19700101T000000.ecsv
# %ECSV 1.0
# ---
# datatype:
# - {name: wavelength, unit: nm, datatype: float32}
# - {name: efficiency, unit: '%', datatype: float64}
# meta: !!omap
# - {MODE: DETECTOR}
# - {TYPE: transmission_filter_detector}
# - {CALIBDATE: '1970-01-01T00:00:00'}
# - {INSTRUME: LSSTCam}
# - {OBSTYPE: transmission_filter_detector}
# - {CALIBCLS: lsst.ip.isr.IntermediateFilterDetectorTransmissionCurve}
# - {SOURCE: Materion (DM-46256)}
# - {DETECTOR: 22}
# - {FILTER: g_6}
# - {CALIB_ID: 'calibDate=1970-01-01T00:00:00 filter=g_6 detector=22'}
# - {DATE: '2025-04-02T15:59:42.130777'}
# - {CALIB_CREATION_DATE: '2025-04-02'}
# - {CALIB_CREATION_TIME: '15:59:42'}
# - __serialized_columns__:
#     efficiency:
#       __class__: astropy.units.quantity.Quantity
#       unit: !astropy.units.Unit {unit: '%'}
#       value: !astropy.table.SerializedColumn {name: efficiency}
#     wavelength:
#       __class__: astropy.units.quantity.Quantity
#       unit: !astropy.units.Unit {unit: nm}
#       value: !astropy.table.SerializedColumn {name: wavelength}
# schema: astropy-2.0
wavelength efficiency
[from data line 608]
908.0 0.000503967658005422
909.0 0.00041952357605623547
910.0 0.0003307771066829446
911.0 0.00024203061457228614
912.0 0.000386244118999457
913.0 0.0005304576916387305
914.0 0.00035747971196542494
915.0 0.0001845018232415896
916.0 0.00018085678448187537
917.0 0.00017721171161610982
918.0 0.00023193842935143039
919.0 0.0002866651357180672
920.0 0.0003174436415065429
921.0 0.00034822214729501866
922.0 0.0005001201316190418
923.0 0.0006520181159430649
924.0 0.0005455486643768381
925.0 0.00043907916733587626
926.0 0.0005388933004724095
927.0 0.0006387075245584128
928.0 0.0005459009571495699
929.0 0.0004530944806901971
930.0 0.0004923301275994163
931.0 0.0005315658199833706
932.0 0.0004552265636448283
933.0 0.00037888735278102104
934.0 0.0004161381639278261
935.0 0.00045338902054936625
936.0 0.0005161442004464334
937.0 0.0005788993803435005
938.0 0.0006421011676138733
939.0 0.0007053029094095109
940.0 0.000637834000372095
941.0 0.0005703649094357388
942.0 0.0006760728410881711
943.0 0.0007817808182153385
944.0 0.0006718723398080328
945.0 0.000561963770451257
946.0 0.0005329812665877398
947.0 0.0005039986717747524
948.0 0.000855971757118823
949.0 0.001207945024361834
950.0 0.0010546136763878167
951.0 0.0009012822374643292
952.0 0.0009109166967391502
953.0 0.0009205511560139712
954.0 0.0008341927241417579
955.0 0.0007478343377442798
956.0 0.0006288559234235436
957.0 0.000509877327203867
958.0 0.0006317869519989472
959.0 0.0007536966222687624
960.0 0.000611551467954996
961.0 0.0004694061317422893
962.0 0.0005313872406986775
963.0 0.0005933682587055955
964.0 0.0006850228601251729
965.0 0.0007766772796458099
966.0 0.0007934497261885554
967.0 0.0008102220817818306
968.0 0.0007348865437961649
969.0 0.0006595510058104992
970.0 0.0007149875727918698
971.0 0.0007704241397732403
972.0 0.0008741051715333015
973.0 0.0009777862942428328
974.0 0.0008731663001526613
975.0 0.0007685466698603705
976.0 0.0008257312401838135
977.0 0.0008829160833556671
978.0 0.0009280927770305425
979.0 0.0009732694707054179
980.0 0.0010457192729518283
981.0 0.001118169166147709
982.0 0.001025747405947186
983.0 0.000933325554797193
984.0 0.0009283060535381082
985.0 0.000923286825127434
986.0 0.0010827396181412041
987.0 0.001242192320205504
988.0 0.0013594285519502591
989.0 0.0014766644198971335
990.0 0.0015690751752117649
991.0 0.001661485839576926
992.0 0.0016306141333188862
993.0 0.0015997424270608462
994.0 0.001532928945380263
995.0 0.0014661157365480904
996.0 0.001396804964315379
997.0 0.0013274941011331975
998.0 0.0014211421330401208
999.0 0.0015147902558965143
1000.0 0.0014178048331814352
1001.0 0.0013208194104663562
1002.0 0.0012258661627129186
1003.0 0.001130912914959481
1004.0 0.001139232062996598
1005.0 0.001147551211033715
1006.0 0.0013547834896598943
1007.0 0.0015620156773366034
1008.0 0.0016219088138313964
1009.0 0.00168180231412407
1010.0 0.0017443206161260605
1011.0 0.001806839463824872
1012.0 0.0019534754756023176
1013.0 0.0021001116692787036
1014.0 0.002124209095200058
1015.0 0.002148306703020353
1016.0 0.002425955608487129
1017.0 0.0027036050596507266
1018.0 0.002973576010845136
1019.0 0.003243546962039545
1020.0 0.0032832649594638497
1021.0 0.003322983320686035
1022.0 0.0035252629459137097
1023.0 0.003727543298737146
1024.0 0.003908175494871102
1025.0 0.004088807327207178
1026.0 0.0042492945794947445
1027.0 0.00440978110418655
1028.0 0.004469825580599718
1029.0 0.004529870057012886
1030.0 0.004641008490580134
1031.0 0.004752146196551621
1032.0 0.005080493428977206
1033.0 0.005408840297604911
1034.0 0.005317790783010423
1035.0 0.005226741632213816
1036.0 0.005282971687847748
1037.0 0.005339201015885919
1038.0 0.00556800005142577
1039.0 0.0057967990869656205
1040.0 0.0062781633459962904
1041.0 0.006759526877431199
1042.0 0.006852859223727137
1043.0 0.006946191570023075
1044.0 0.007184909918578342
1045.0 0.007423627539537847
1046.0 0.008494000940117985
1047.0 0.009564373613102362
1048.0 0.010957152699120343
1049.0 0.01234992960235104
1050.0 0.014702284533996135
1051.0 0.017054635100066662
1052.0 0.020484339620452374
1053.0 0.023914049961604178
1054.0 0.028555997414514422
1055.0 0.03319794777780771
1056.0 0.03985129878856242
1057.0 0.04650464397855103
1058.0 0.05411593592725694
1059.0 0.06172721623443067
1060.0 0.06913201650604606
1061.0 0.07653678767383099
1062.0 0.08358912309631705
1063.0 0.09064142359420657
1064.0 0.09574616560712457
1065.0 0.1008508843369782
1066.0 0.1057425164617598
1067.0 0.11063413694500923
1068.0 0.11644387850537896
1069.0 0.12225364334881306
1070.0 0.13175189960747957
1071.0 0.1412501442246139
1072.0 0.15440445858985186
1073.0 0.16755873803049326
1074.0 0.18252821173518896
1075.0 0.1974977320060134
1076.0 0.21179134491831064
1077.0 0.22608493454754353
1078.0 0.24052103981375694
1079.0 0.254957121796906
1080.0 0.2717575989663601
1081.0 0.2885580761358142
1082.0 0.3147330367937684
1083.0 0.3409079974517226
1084.0 0.3773612668737769
1085.0 0.41381455957889557
1086.0 0.44861878268420696
1087.0 0.4834230523556471
1088.0 0.5472349934279919
1089.0 0.6110469810664654
1090.0 0.687921792268753
1091.0 0.7647966034710407
1092.0 0.7930940017104149
1093.0 0.8213911205530167
1094.0 0.8567006327211857
1095.0 0.8920098654925823
1096.0 0.9335496462881565
1097.0 0.9750896133482456
1098.0 0.9902074001729488
1099.0 1.005325373262167
1100.0 1.1556698009371758
1101.0 1.3060138560831547
