lsstCam/transmission_filter_detector/r03_s11/g_6/19700101T000000.ecsv
# %ECSV 1.0
# ---
# datatype:
# - {name: wavelength, unit: nm, datatype: float32}
# - {name: efficiency, unit: '%', datatype: float64}
# meta: !!omap
# - {MODE: DETECTOR}
# - {TYPE: transmission_filter_detector}
# - {CALIBDATE: '1970-01-01T00:00:00'}
# - {INSTRUME: LSSTCam}
# - {OBSTYPE: transmission_filter_detector}
# - {CALIBCLS: lsst.ip.isr.IntermediateFilterDetectorTransmissionCurve}
# - {SOURCE: Materion (DM-46256)}
# - {DETECTOR: 22}
# - {FILTER: g_6}
# - {CALIB_ID: 'calibDate=1970-01-01T00:00:00 filter=g_6 detector=22'}
# - {DATE: '2025-04-02T15:59:42.130777'}
# - {CALIB_CREATION_DATE: '2025-04-02'}
# - {CALIB_CREATION_TIME: '15:59:42'}
# - __serialized_columns__:
#     efficiency:
#       __class__: astropy.units.quantity.Quantity
#       unit: !astropy.units.Unit {unit: '%'}
#       value: !astropy.table.SerializedColumn {name: efficiency}
#     wavelength:
#       __class__: astropy.units.quantity.Quantity
#       unit: !astropy.units.Unit {unit: nm}
#       value: !astropy.table.SerializedColumn {name: wavelength}
# schema: astropy-2.0
wavelength efficiency
300.0 0.5068030674010515
301.0 0.37111861165612936
302.0 0.23543410934507847
303.0 0.21669291891157627
304.0 0.19795168191194534
305.0 0.20714050624519587
306.0 0.2163293305784464
307.0 0.21941238082945347
308.0 0.22249540779739618
309.0 0.22135854233056307
310.0 0.22022170014679432
311.0 0.2115497598424554
312.0 0.20287786610424519
313.0 0.200571003369987
314.0 0.19826411735266447
315.0 0.18811753252521157
316.0 0.17797098262235522
317.0 0.1777617260813713
318.0 0.17755249282345176
319.0 0.16163487453013659
320.0 0.1457171980291605
321.0 0.13995805056765676
322.0 0.13419889146462083
323.0 0.11459672823548317
324.0 0.09499458828940988
325.0 0.08675696444697678
326.0 0.0785193347837776
327.0 0.07175607606768608
328.0 0.06499281735159457
329.0 0.06200321367941797
330.0 0.05901360418647528
331.0 0.05529474001377821
332.0 0.05157587584108114
333.0 0.04771809035446495
334.0 0.04386030195746571
335.0 0.04249016928952187
336.0 0.04112003371119499
337.0 0.04190020845271647
338.0 0.0426803802838549
339.0 0.04154513881076127
340.0 0.04040990024805069
341.0 0.0382638128940016
342.0 0.03611772845033556
343.0 0.03265430859755725
344.0 0.02919088874477893
345.0 0.025812990497797728
346.0 0.022435087885241956
347.0 0.020954794308636338
348.0 0.019474497821647674
349.0 0.017958102398552
350.0 0.7098507136106491
351.0 1.090796384960413
352.0 0.7779670879244804
353.0 0.9328126907348633
354.0 0.6626792717725039
355.0 0.7326573133468628
356.0 0.6062341388314962
357.0 0.9360266849398613
358.0 0.45359781943261623
359.0 0.9093920700252056
360.0 0.47018569894135
361.0 0.8087473921477795
362.0 0.45843995176255703
363.0 0.8565297350287437
364.0 0.5002049263566732
365.0 0.7015926297754049
366.0 0.47362903133034706
367.0 0.6326956208795309
368.0 0.5178698804229498
369.0 0.6238915026187897
370.0 0.3512783208861947
371.0 0.5912225227802992
372.0 0.41899047791957855
373.0 0.4085972439497709
374.0 0.39125080220401287
375.0 0.6110499612987041
376.0 0.3885225858539343
377.0 0.6120886653661728
378.0 0.32758840825408697
379.0 0.49315784126520157
380.0 0.38407358806580305
381.0 0.45477706007659435
382.0 0.6081857718527317
383.0 0.5742721259593964
384.0 0.5639918614178896
385.0 0.5774069111794233
386.0 0.7115960121154785
387.0 0.8037169463932514
388.0 1.0012191720306873
389.0 1.2389053590595722
390.0 1.8907587975263596
391.0 3.0037691816687584
392.0 4.721928387880325
393.0 7.5466737151145935
394.0 11.330235004425049
395.0 16.445042192935944
396.0 22.610464692115784
397.0 30.33185601234436
398.0 39.09029960632324
399.0 48.644185066223145
400.0 58.03402066230774
401.0 66.86838865280151
402.0 74.80429410934448
403.0 81.15715384483337
404.0 85.8189046382904
405.0 89.1208827495575
406.0 90.94403386116028
407.0 92.50604510307312
408.0 93.2640016078949
409.0 93.60380172729492
410.0 93.68379712104797
411.0 93.52295398712158
412.0 93.15763711929321
413.0 92.93176531791687
414.0 92.8626537322998
415.0 93.10526251792908
416.0 93.4543251991272
417.0 93.77058148384094
418.0 94.35505270957947
419.0 94.8871910572052
420.0 95.41458487510681
421.0 95.93381881713867
422.0 95.97766995429993
423.0 96.16973400115967
424.0 96.02419137954712
425.0 95.86412906646729
426.0 95.83958387374878
427.0 95.87369561195374
428.0 95.64721584320068
429.0 95.5333948135376
430.0 95.47099471092224
431.0 95.55122256278992
432.0 95.64515948295593
433.0 95.67520022392273
434.0 95.72804570198059
435.0 95.88821530342102
436.0 95.87638974189758
437.0 95.92687487602234
438.0 95.98786234855652
439.0 96.03387713432312
440.0 96.05018496513367
441.0 96.18770480155945
442.0 96.12739086151123
443.0 96.14216685295105
444.0 96.03937864303589
445.0 95.72250247001648
446.0 95.61213850975037
447.0 95.43423056602478
448.0 95.45013904571533
449.0 95.66753506660461
450.0 95.88164687156677
451.0 96.15919589996338
452.0 96.34532332420349
453.0 96.41923904418945
454.0 96.48508429527283
455.0 96.74819111824036
456.0 96.85789942741394
457.0 97.02574610710144
458.0 96.96869850158691
459.0 97.05241918563843
460.0 96.9830870628357
461.0 97.14851975440979
462.0 97.03848361968994
463.0 96.91972136497498
464.0 97.05567359924316
465.0 96.93877100944519
466.0 96.97167873382568
467.0 96.97335958480835
468.0 96.96810841560364
469.0 97.02735543251038
470.0 96.87203168869019
471.0 96.7292845249176
472.0 96.78437113761902
473.0 96.69502973556519
474.0 96.61036133766174
475.0 96.71775698661804
476.0 96.71084880828857
477.0 96.78001999855042
478.0 96.92736864089966
479.0 96.89199328422546
480.0 97.08139300346375
481.0 97.09702134132385
482.0 97.31505513191223
483.0 97.25062251091003
484.0 97.4072277545929
485.0 97.45028018951416
486.0 97.43967652320862
487.0 97.48613834381104
488.0 97.46825098991394
489.0 97.55515456199646
490.0 97.53643870353699
491.0 97.64149785041809
492.0 97.53930568695068
493.0 97.60494232177734
494.0 97.5094735622406
495.0 97.60929942131042
496.0 97.41403460502625
497.0 97.35648036003113
498.0 97.14699983596802
499.0 97.17517495155334
500.0 97.11228013038635
501.0 97.100430727005
502.0 97.020423412323
503.0 97.21286296844482
504.0 97.02914953231812
505.0 97.03087210655212
506.0 97.04771041870117
507.0 96.97984457015991
508.0 96.95619344711304
509.0 97.01281785964966
510.0 96.91445231437683
511.0 96.88510298728943
512.0 96.8582808971405
513.0 96.92392945289612
514.0 96.903395652771
515.0 96.93711400032043
516.0 97.03842401504517
517.0 97.06794619560242
518.0 97.14747071266174
519.0 97.09299206733704
520.0 97.14682698249817
521.0 97.2029983997345
522.0 97.22103476524353
523.0 97.19657897949219
524.0 97.24056720733643
525.0 97.18054533004761
526.0 97.30095863342285
527.0 97.23827242851257
528.0 97.33569025993347
529.0 97.38145470619202
530.0 97.42335677146912
531.0 97.54298329353333
532.0 97.4111020565033
533.0 97.43867516517639
534.0 97.38789200782776
535.0 97.11533784866333
536.0 96.67931795120239
537.0 95.97313404083252
538.0 95.0151801109314
539.0 93.4451162815094
540.0 91.43807291984558
541.0 88.53246569633484
542.0 85.44246554374695
543.0 81.49113655090332
544.0 76.65867209434509
545.0 72.389817237854
546.0 67.40261316299438
547.0 63.02013397216797
548.0 58.73126983642578
549.0 55.006301403045654
550.0 52.16330289840698
551.0 49.37082827091217
552.0 47.10056185722351
553.0 44.501495361328125
554.0 41.32923781871796
555.0 37.70341873168945
556.0 32.96419382095337
557.0 27.63482630252838
558.0 22.085584700107574
559.0 16.849008202552795
560.0 12.098195403814316
561.0 7.844823598861694
562.0 4.843257740139961
563.0 2.7143215760588646
564.0 1.4472187496721745
565.0 0.6920456886291504
566.0 0.38506488781422377
567.0 0.1974252052605152
568.0 0.14027125434949994
569.0 0.07383910124190152
570.0 0.06891927332617342
571.0 0.04594378115143627
572.0 0.055434496607631445
573.0 0.0416915601817891
574.0 0.029939765227027237
575.0 0.024147535441443324
576.0 0.03729378804564476
577.0 0.020536320516839623
578.0 0.02529198827687651
579.0 0.0201206625206396
580.0 0.025013324921019375
581.0 0.010958882921840996
582.0 0.012718673679046333
583.0 0.019562823581509292
584.0 0.018878374248743057
585.0 0.011797462502727285
586.0 0.022502541833091527
587.0 0.017612513329368085
588.0 0.010539836512180045
589.0 0.010951481817755848
590.0 0.013713179214391857
591.0 0.01351062091998756
592.0 0.018032867228612304
593.0 0.007248066685860977
594.0 0.014477703371085227
595.0 0.004269852070137858
596.0 0.016843162302393466
597.0 0.006936232966836542
598.0 0.007104417454684153
599.0 1.672436603268601e-10
600.0 0.00360154481313657
601.0 0.002317117468919605
602.0 0.0023976899683475494
603.0 0.0024782622858765535
604.0 0.0021789848688058555
605.0 0.0018797076336340979
606.0 0.0019133503883494996
607.0 0.0019469927792670205
608.0 0.0018516708223614842
609.0 0.0017563486835570075
610.0 0.00179935905180173
611.0 0.0018423690562485717
612.0 0.0017940448742592707
613.0 0.0017457210560678504
614.0 0.0017646703781792894
615.0 0.001783620064088609
616.0 0.0019051891285926104
617.0 0.0020267580111976713
618.0 0.00189853544725338
619.0 0.0017703127014101483
620.0 0.0017350794223602861
621.0 0.001699846143310424
622.0 0.0015617555618518963
623.0 0.0014236648894438986
624.0 0.0014059286513656843
625.0 0.0013881925042369403
626.0 0.0013532847333408426
627.0 0.0013183774171920959
628.0 0.0014375909813679755
629.0 0.0015568048183922656
630.0 0.0014113839824858587
631.0 0.0012659628737310413
632.0 0.0013849227798345964
633.0 0.0015038825040392112
634.0 0.0014438044672715478
635.0 0.0013837261576554738
636.0 0.0013675956324732397
637.0 0.0013514655620383564
638.0 0.0012276978850422893
639.0 0.0011039302989956923
640.0 0.0011139773050672375
641.0 0.0011240241292398423
642.0 0.0013422815754893236
643.0 0.0015605390217388049
644.0 0.0014142577128950506
645.0 0.001267976222152356
646.0 0.0012376012819004245
647.0 0.0012072264325979631
648.0 0.0011187132258783095
649.0 0.001030199655360775
650.0 0.0012619840163097251
651.0 0.0014937678315618541
652.0 0.0011807810551545117
653.0 0.0008677942787471693
654.0 0.0010128971553058363
655.0 0.0011580002137634438
656.0 0.001143610916187754
657.0 0.0011292214367131237
658.0 0.0010302994269295596
659.0 0.0009313778718933463
660.0 0.0009015366231324151
661.0 0.0008716953743714839
662.0 0.0009778302228369284
663.0 0.0010839654351002537
664.0 0.0011238614206376951
665.0 0.0011637573152256664
666.0 0.001090594469133066
667.0 0.001017431350192055
668.0 0.0010470176675880793
669.0 0.0010766039849841036
670.0 0.0011144107702421024
671.0 0.0011522174645506311
672.0 0.0011781458852055948
673.0 0.0012040741239616182
674.0 0.0011782488400058355
675.0 0.0011524233741511125
676.0 0.0011115544111817144
677.0 0.0010706849025154952
678.0 0.001088192675524624
679.0 0.001105700448533753
680.0 0.0010019357432611287
681.0 0.0008981709470390342
682.0 0.00096600660981494
683.0 0.0010338420906919055
684.0 0.0009182192115986254
685.0 0.000802596150606405
686.0 0.0009939253686752636
687.0 0.0011852544048451819
688.0 0.001152099957835162
689.0 0.0011189456017746124
690.0 0.0009873074304778129
691.0 0.0008556693501304835
692.0 0.0008729166438570246
693.0 0.0008901639375835657
694.0 0.0010094941899296828
695.0 0.0011288243513263296
696.0 0.0011528427421581
697.0 0.0011768608601414599
698.0 0.0012949055417266209
699.0 0.0014129502233117819
700.0 0.0012000700735370629
701.0 0.0009871898328128736
702.0 0.001131249427999137
703.0 0.0012753089322359301
704.0 0.0012104777852073312
705.0 0.0011456463653303217
706.0 0.0011260095561738126
707.0 0.0011063728379667737
708.0 0.001083920506061986
709.0 0.0010614683560561389
710.0 0.0011661812095553614
711.0 0.0012708943359029945
712.0 0.001235638319485588
713.0 0.0012003824849671219
714.0 0.0012120496649004053
715.0 0.0012237170267326292
716.0 0.0014267740880313795
717.0 0.0016298314221785404
718.0 0.001880810668808408
719.0 0.002131789551640395
720.0 0.0017523278074804693
721.0 0.0013728656085731927
722.0 0.001548869113321416
723.0 0.00172487289091805
724.0 0.001603772398084402
725.0 0.0014826719962002244
726.0 0.001600804716872517
727.0 0.0017189373465953395
728.0 0.001872859320428688
729.0 0.0020267811123630963
730.0 0.001986819552257657
731.0 0.0019468578102532774
732.0 0.0018124968846677803
733.0 0.0016781361409812234
734.0 0.0015031992006697692
735.0 0.0013282624422572553
736.0 0.001206748765980592
737.0 0.0010852349078049883
738.0 0.001096351206797408
739.0 0.0011074674148403574
740.0 0.0009731082172947936
741.0 0.0008387490197492298
742.0 0.0008542893738194834
743.0 0.0008698298188392073
744.0 0.0009424197742191609
745.0 0.0010150099114980549
746.0 0.0009938401490217075
747.0 0.0009726703865453601
748.0 0.0011250644092797302
749.0 0.0012774585229635704
750.0 0.0010937871593341697
751.0 0.0009101161595026497
752.0 0.0008473112757201307
753.0 0.0007845066647860222
754.0 0.0008948032700573094
755.0 0.0010050997843791265
756.0 0.0009435974789084867
757.0 0.0008820951734378468
758.0 0.0008931737284001429
759.0 0.0009042525562108494
760.0 0.00071717818173056
761.0 0.0005301037617755355
762.0 0.0005659971975546796
763.0 0.0006018905423843535
764.0 0.0007687225661356933
765.0 0.0009355547263112385
766.0 0.0008045397407840937
767.0 0.0006735248007316841
768.0 0.0005132421392772812
769.0 0.0003529594778228784
770.0 0.00033103983696491923
771.0 0.0003091202188443276
772.0 0.0005054441317042802
773.0 0.0007017682492005406
774.0 0.0008112957402772736
775.0 0.0009208233677782118
776.0 0.0008863945367920678
777.0 0.0008519655239069834
778.0 0.0007996605745574925
779.0 0.0007473556252080016
780.0 0.0006800557002861751
781.0 0.0006127558208390838
782.0 0.0005962208888377063
783.0 0.0005796858204121236
784.0 0.0007089236987667391
785.0 0.0008381614861718845
786.0 0.000709380219632294
787.0 0.0005805992714158492
788.0 0.00039344467950286344
789.0 0.0002062901558019803
790.0 0.00020690681594714988
791.0 0.00020752343061758438
792.0 0.00026474895093997475
793.0 0.00032197449399973266
794.0 0.0002661425696715014
795.0 0.00021031064534327015
796.0 0.0003835752977465745
797.0 0.0005568399501498789
798.0 0.0005078541107650381
799.0 0.00045886831685493235
800.0 0.0004866673862125026
801.0 0.0005144666374690132
802.0 0.0004028442162962165
803.0 0.00029122195428499253
804.0 0.00023148897980718175
805.0 0.00017175610764752491
806.0 0.00027289970603305846
807.0 0.0003740433157872758
808.0 0.0004648853064281866
809.0 0.000555727319806465
810.0 0.0003868213298119372
811.0 0.00021791531708004186
812.0 0.0001826209427235881
813.0 0.00014732654562976677
814.0 0.00029684674700547475
815.0 0.00044636694838118274
816.0 0.0005346299985831138
817.0 0.0006228929123608395
818.0 0.00042092028706974816
819.0 0.0002189476845160243
820.0 0.0004181240001344122
821.0 0.0006173002020659624
822.0 0.0005074961791251553
823.0 0.0003976921107096132
824.0 0.0004643765350920148
825.0 0.0005310609594744164
826.0 0.0006085599125071894
827.0 0.0006860587745904922
828.0 0.0005568717369897058
829.0 0.0004276846993889194
830.0 0.00036790070225833915
831.0 0.0003081167051277589
832.0 0.0004631562660506461
833.0 0.0006181957814987982
834.0 0.0004926578185404651
835.0 0.00036711992379423464
836.0 0.00043561658458202146
837.0 0.0005041132226324407
838.0 0.000476641207569628
839.0 0.0004491691470320802
840.0 0.0005319263436831534
841.0 0.0006146834493847564
842.0 0.0003511603154038312
843.0 8.763711889514525e-05
844.0 0.0001314843530053622
845.0 0.00017533159279992105
846.0 0.0004706436357082566
847.0 0.0007659557923034299
848.0 0.0006818429483246291
849.0 0.0005977301498205634
850.0 0.0005778103968623327
851.0 0.000557890643904102
852.0 0.0005942455118201906
853.0 0.0006306000159383984
854.0 0.0006213815595401684
855.0 0.0006121629667177331
856.0 0.0005790835984953446
857.0 0.0005460043212224264
858.0 0.0005387159944802988
859.0 0.0005314276677381713
860.0 0.0005767277798440773
861.0 0.0006220278919499833
862.0 0.0005826660981256282
863.0 0.0005433043497760082
864.0 0.0004998390522814589
865.0 0.00045637380026164465
866.0 0.00045950882849865593
867.0 0.0004626439022104023
868.0 0.0006438975560740801
869.0 0.0008251511644630227
870.0 0.0006714441497024382
871.0 0.0005177369075681781
872.0 0.0004083758994966047
873.0 0.00029901475500082597
874.0 0.0004255158273736015
875.0 0.000552016899746377
876.0 0.0006270418907661224
877.0 0.0007020668363111326
878.0 0.0006796072284487309
879.0 0.000657147529636859
880.0 0.0006755843514838489
881.0 0.0006940214461792493
882.0 0.000544389240531018
883.0 0.0003947572622564621
884.0 0.0005266126208880451
885.0 0.0006584681614185683
886.0 0.0006981097158131888
887.0 0.0007377515885309549
888.0 0.0006259942438191501
889.0 0.0005142369900568156
890.0 0.0005726843937736703
891.0 0.0006311318884399952
892.0 0.0005996172149025369
893.0 0.0005681025868398137
894.0 0.00055843852351245
895.0 0.0005487744601850864
896.0 0.0003456146941971383
897.0 0.00014245484862840385
898.0 0.00029787840958306333
899.0 0.0004533019819064066
900.0 0.0003521412054396933
901.0 0.0002509803834982449
902.0 0.0004512452505878173
903.0 0.0006515101176773896
904.0 0.000389395927413716
905.0 0.0001272816234632046
906.0 0.0003578466930775903
