lsstCam/transmission_filter_detector/r03_s12/u_24/19700101T000000.ecsv
# %ECSV 1.0
# ---
# datatype:
# - {name: wavelength, unit: nm, datatype: float32}
# - {name: efficiency, unit: '%', datatype: float64}
# meta: !!omap
# - {MODE: DETECTOR}
# - {TYPE: transmission_filter_detector}
# - {CALIBDATE: '1970-01-01T00:00:00'}
# - {INSTRUME: LSSTCam}
# - {OBSTYPE: transmission_filter_detector}
# - {CALIBCLS: lsst.ip.isr.IntermediateFilterDetectorTransmissionCurve}
# - {SOURCE: Materion (DM-46256)}
# - {DETECTOR: 23}
# - {FILTER: u_24}
# - {CALIB_ID: 'calibDate=1970-01-01T00:00:00 filter=u_24 detector=23'}
# - {DATE: '2025-04-02T15:59:39.855342'}
# - {CALIB_CREATION_DATE: '2025-04-02'}
# - {CALIB_CREATION_TIME: '15:59:39'}
# - __serialized_columns__:
#     efficiency:
#       __class__: astropy.units.quantity.Quantity
#       unit: !astropy.units.Unit {unit: '%'}
#       value: !astropy.table.SerializedColumn {name: efficiency}
#     wavelength:
#       __class__: astropy.units.quantity.Quantity
#       unit: !astropy.units.Unit {unit: nm}
#       value: !astropy.table.SerializedColumn {name: wavelength}
# schema: astropy-2.0
wavelength efficiency
295.0 1.7271157377526936e-10
296.0 1.7271157377526936e-10
297.0 1.7271157377526936e-10
298.0 1.7271157377526936e-10
299.0 1.7271157377526936e-10
300.0 1.7271157377526936e-10
301.0 1.7271157377526936e-10
302.0 1.7271157377526936e-10
303.0 1.7271157377526936e-10
304.0 0.7890463806688786
305.0 1.5160460956394672
306.0 3.290986642241478
307.0 5.315220355987549
308.0 8.076412230730057
309.0 11.818955093622208
310.0 15.67704975605011
311.0 19.63977813720703
312.0 23.178057372570038
313.0 26.08429491519928
314.0 28.638160228729248
315.0 31.15227222442627
316.0 33.546677231788635
317.0 36.99202239513397
318.0 40.918636322021484
319.0 45.99129855632782
320.0 52.4050235748291
321.0 57.91425108909607
322.0 63.54661583900452
323.0 68.0920422077179
324.0 71.46128416061401
325.0 73.8889217376709
326.0 75.7861852645874
327.0 77.45840549468994
328.0 79.18022871017456
329.0 80.42004108428955
330.0 81.2845230102539
331.0 81.50375485420227
332.0 81.69698715209961
333.0 81.92417621612549
334.0 81.91392421722412
335.0 82.42861032485962
336.0 83.03666114807129
337.0 83.57537388801575
338.0 84.57594513893127
339.0 84.99035835266113
340.0 85.2376401424408
341.0 85.65709590911865
342.0 85.91482639312744
343.0 85.91296076774597
344.0 86.18771433830261
345.0 86.64083480834961
346.0 86.93996071815491
347.0 87.30572462081909
348.0 87.51720786094666
349.0 87.71665692329407
350.0 87.67186999320984
351.0 87.88195848464966
352.0 87.71823048591614
353.0 87.78490424156189
354.0 87.74217963218689
355.0 87.86564469337463
356.0 87.9399061203003
357.0 87.69726157188416
358.0 87.28602528572083
359.0 86.96328401565552
360.0 86.87099814414978
361.0 86.73006892204285
362.0 86.68301701545715
363.0 86.91855669021606
364.0 87.07496523857117
365.0 87.49820590019226
366.0 87.78249621391296
367.0 87.8251314163208
368.0 87.8314197063446
369.0 88.0143940448761
370.0 87.91909217834473
371.0 87.95109391212463
372.0 88.12172412872314
373.0 88.33035826683044
374.0 88.34961652755737
375.0 88.74303698539734
376.0 88.90801668167114
377.0 88.97368311882019
378.0 88.83610367774963
379.0 88.1773293018341
380.0 87.12271451950073
381.0 85.43527722358704
382.0 83.45887064933777
383.0 81.35020732879639
384.0 79.16707396507263
385.0 76.48404240608215
386.0 73.55363368988037
387.0 69.65675950050354
388.0 65.6447172164917
389.0 61.001914739608765
390.0 56.72065615653992
391.0 52.51622200012207
392.0 48.39029908180237
393.0 44.78756487369537
394.0 41.0326212644577
395.0 36.429232358932495
396.0 31.222572922706604
397.0 24.209094047546387
398.0 17.355947196483612
399.0 10.832114517688751
400.0 5.700824782252312
401.0 2.3664189502596855
402.0 0.7494956720620394
403.0 0.27307155542075634
404.0 0.12589693069458008
405.0 0.03666401607915759
406.0 0.005446433715405874
407.0 1.7271157377526936e-10
408.0 1.7271157377526936e-10
409.0 1.7271157377526936e-10
410.0 1.7271157377526936e-10
411.0 1.7271157377526936e-10
412.0 1.7271157377526936e-10
413.0 1.7271157377526936e-10
414.0 1.7271157377526936e-10
415.0 1.7271157377526936e-10
416.0 1.7271157377526936e-10
417.0 1.7271157377526936e-10
418.0 1.7271157377526936e-10
419.0 1.7271157377526936e-10
420.0 1.7271157377526936e-10
421.0 1.7271157377526936e-10
422.0 1.7271157377526936e-10
423.0 1.7271157377526936e-10
424.0 1.7271157377526936e-10
425.0 1.7271157377526936e-10
426.0 1.7271157377526936e-10
427.0 0.00017827377405410516
428.0 0.0017874512195703574
429.0 0.0009397107533004601
430.0 9.197020744977635e-05
431.0 1.7271157377526936e-10
432.0 1.7271157377526936e-10
433.0 1.7271157377526936e-10
434.0 1.7271157377526936e-10
435.0 1.7271157377526936e-10
436.0 1.7271157377526936e-10
437.0 1.7271157377526936e-10
438.0 1.7271157377526936e-10
439.0 0.0006006862804497359
440.0 0.0021171479602344334
441.0 0.0001907136265799636
442.0 1.7271157377526936e-10
443.0 1.7271157377526936e-10
444.0 1.7271157377526936e-10
445.0 1.7271157377526936e-10
446.0 0.0008128140507324133
447.0 5.7127272157231346e-05
448.0 1.7271157377526936e-10
449.0 4.703157117091905e-05
450.0 0.0007926225407572929
451.0 1.7271157377526936e-10
452.0 1.7271157377526936e-10
453.0 1.7271157377526936e-10
454.0 1.7271157377526936e-10
455.0 1.7271157377526936e-10
456.0 1.7271157377526936e-10
457.0 1.7271157377526936e-10
458.0 1.7271157377526936e-10
459.0 1.7271157377526936e-10
460.0 1.7271157377526936e-10
461.0 1.7271157377526936e-10
462.0 1.7271157377526936e-10
463.0 1.7271157377526936e-10
464.0 1.7271157377526936e-10
465.0 1.7271157377526936e-10
466.0 8.11581287507579e-05
467.0 1.7271157377526936e-10
468.0 1.7271157377526936e-10
469.0 0.00018191699382441584
470.0 0.0007178239684435539
471.0 0.00011864831321872771
472.0 1.7271157377526936e-10
473.0 1.7271157377526936e-10
474.0 1.7271157377526936e-10
475.0 1.7271157377526936e-10
476.0 1.7271157377526936e-10
477.0 0.0002464745193719864
478.0 0.0006823605872341432
479.0 0.00039041051422827877
480.0 9.846069133345736e-05
481.0 0.0003283386604380212
482.0 0.0005582166522799525
483.0 1.7271157377526936e-10
484.0 1.7271157377526936e-10
485.0 1.7271157377526936e-10
486.0 1.7271157377526936e-10
487.0 1.7271157377526936e-10
488.0 1.7271157377526936e-10
489.0 1.7271157377526936e-10
490.0 1.7271157377526936e-10
491.0 1.7271157377526936e-10
492.0 0.00012839706187151023
493.0 1.7271157377526936e-10
494.0 1.7271157377526936e-10
495.0 0.00015058832332215388
496.0 0.000999247822619509
497.0 0.00044268240344536025
498.0 1.7271157377526936e-10
499.0 0.00032944069516815944
500.0 0.0007727648153377231
501.0 0.00031062072594068013
502.0 1.7271157377526936e-10
503.0 1.7271157377526936e-10
504.0 1.7271157377526936e-10
505.0 1.7271157377526936e-10
506.0 0.0002591964175735484
507.0 1.7271157377526936e-10
508.0 1.7271157377526936e-10
509.0 1.7271157377526936e-10
510.0 1.7271157377526936e-10
511.0 4.152214785335673e-05
512.0 0.0004207458914606832
513.0 0.00043471791286719963
514.0 0.00044868966142530553
515.0 0.0005216129011387238
516.0 0.000594536049902672
517.0 0.00014688276905872044
518.0 1.7271157377526936e-10
519.0 1.7271157377526936e-10
520.0 0.00023880913886387134
521.0 0.0004512038231041515
522.0 0.0006635984391323291
523.0 0.00028212725737830624
524.0 1.7271157377526936e-10
525.0 1.7271157377526936e-10
526.0 1.7271157377526936e-10
527.0 1.7271157377526936e-10
528.0 1.7271157377526936e-10
529.0 1.7271157377526936e-10
530.0 1.7271157377526936e-10
531.0 0.000145652904848248
532.0 0.00037485956454474945
533.0 1.7271157377526936e-10
534.0 1.7271157377526936e-10
535.0 1.7271157377526936e-10
536.0 1.7271157377526936e-10
537.0 1.7271157377526936e-10
538.0 1.7271157377526936e-10
539.0 1.7271157377526936e-10
540.0 1.7271157377526936e-10
541.0 1.7271157377526936e-10
542.0 1.7271157377526936e-10
543.0 1.7271157377526936e-10
544.0 1.7271157377526936e-10
545.0 1.7271157377526936e-10
546.0 1.7271157377526936e-10
547.0 1.7271157377526936e-10
548.0 0.0002051071533060167
549.0 1.7271157377526936e-10
550.0 1.7271157377526936e-10
551.0 1.7271157377526936e-10
552.0 1.7271157377526936e-10
553.0 1.7271157377526936e-10
554.0 1.7271157377526936e-10
555.0 1.7271157377526936e-10
556.0 1.7271157377526936e-10
557.0 1.7271157377526936e-10
558.0 1.7271157377526936e-10
559.0 1.7271157377526936e-10
560.0 0.00021854011720279232
561.0 7.916937647678424e-05
562.0 1.7271157377526936e-10
563.0 1.7271157377526936e-10
564.0 1.7271157377526936e-10
565.0 1.7271157377526936e-10
566.0 1.7271157377526936e-10
567.0 1.7271157377526936e-10
568.0 5.5095836160035105e-05
569.0 0.0002848517397069372
570.0 0.0005146074727235828
571.0 0.0004540729150903644
572.0 0.0003935385393560864
573.0 0.00038909761315153446
574.0 0.0003846570507448632
575.0 0.00014558798966390896
576.0 1.7271157377526936e-10
577.0 0.0002002983364945976
578.0 0.0004940775852446677
579.0 0.0004293681740819011
580.0 0.000364658785656502
581.0 0.0008412752322328743
582.0 0.0013178921108192299
583.0 0.0015044659448903985
584.0 0.0016910398699110374
585.0 0.0014070844372326974
586.0 0.0011231287317059468
587.0 0.001108611195377307
588.0 0.0010940937499981374
589.0 0.0008903217349143233
590.0 0.0006865494469820987
591.0 0.0009145370313490275
592.0 0.0011425247066654265
593.0 0.0009327911357104313
594.0 0.0007230572009575553
595.0 0.0007034045665932354
596.0 0.000683751750329975
597.0 0.0009690657861938234
598.0 0.0012543797311082017
599.0 0.0017450654922868125
600.0 0.002235751162515953
601.0 0.0024774370103841648
602.0 0.0027191230401513167
603.0 0.002330470124434214
604.0 0.0019418173906160519
605.0 0.0015448182239197195
606.0 0.001147819057223387
607.0 0.0010375144483987242
608.0 0.0009272097486245912
609.0 0.0006010957349644741
610.0 0.00027498167582962196
611.0 0.0004906982212560251
612.0 0.0007064147666824283
613.0 0.0007216297490231227
614.0 0.000736844685889082
615.0 0.0008997726581583265
616.0 0.0010627005394781008
617.0 0.0009490704542258754
618.0 0.00083544036897365
619.0 0.00046026852942304686
620.0 8.509676945323008e-05
621.0 0.00041329262785438914
622.0 0.0007414884748868644
623.0 0.0006945044788153609
624.0 0.0006475205736933276
625.0 0.0007838641067792196
626.0 0.0009202076398651116
627.0 0.0008509031431458425
628.0 0.0007815987373760436
629.0 0.000998644009087002
630.0 0.0012156893717474304
631.0 0.0015694213288952596
632.0 0.0019231534679420292
633.0 0.0021046458641649224
634.0 0.002286138078488875
635.0 0.002429167943773791
636.0 0.002572197809058707
637.0 0.0022570353394257836
638.0 0.00194187286979286
639.0 0.0013168812074582092
640.0 0.000691889272275148
641.0 0.0008163099664670881
642.0 0.000940730569709558
643.0 0.0006889146789035294
644.0 0.0004370987426227657
645.0 0.0004185325451544486
646.0 0.0003999663022113964
647.0 0.00018309017377760028
648.0 1.7271157377526936e-10
649.0 7.355993858482179e-06
650.0 4.8497912530365284e-05
651.0 0.0005295565642882138
652.0 0.0010106154149980284
653.0 0.0013515083082893398
654.0 0.00169240065588383
655.0 0.0017054082491085865
656.0 0.0017184156604344025
657.0 0.0027162590413354337
658.0 0.0037141027860343456
659.0 0.0041794181015575305
660.0 0.004644732689484954
661.0 0.0043500996980583295
662.0 0.0040554663428338245
663.0 0.0029710945455008186
664.0 0.0018867229300667532
665.0 0.0016009640603442676
666.0 0.0013152047358744312
667.0 0.0012440952559700236
668.0 0.0011729855032172054
669.0 0.0008501827323925681
670.0 0.0005273799615679309
671.0 0.0005825778771395562
672.0 0.0006377757472364465
673.0 0.0005226310349826235
674.0 0.0004074863227288006
675.0 0.0006970393314986723
676.0 0.000986592385743279
677.0 0.0017025220586219802
678.0 0.002418451913399622
679.0 0.002474207394698169
680.0 0.002529962694097776
681.0 0.003555657167453319
682.0 0.004581351822707802
683.0 0.006373729411279783
684.0 0.008166106999851763
685.0 0.008793024608166888
686.0 0.00941994512686506
687.0 0.008429092849837616
688.0 0.0074382413004059345
689.0 0.005812390008941293
690.0 0.004186538717476651
691.0 0.003774039214476943
692.0 0.0033615393476793543
693.0 0.0030431894629145972
694.0 0.002724839941947721
695.0 0.002349916576349642
696.0 0.0019749933926505037
697.0 0.0013853487871529069
698.0 0.0007957039997563697
699.0 0.0006341752396110678
700.0 0.0004726463430415606
701.0 0.0003853728230751585
702.0 0.0002980993485834915
703.0 0.0004997206815460231
704.0 0.0007013421054580249
705.0 0.0007411039405269548
706.0 0.0007808659574948251
707.0 0.0008484676982334349
708.0 0.0009160689842246938
709.0 0.0006664370630460326
710.0 0.000416805005443166
711.0 0.000575430794924614
712.0 0.0007340564479818568
713.0 0.000769707821746124
714.0 0.000805359104560921
715.0 0.0006058033250155859
716.0 0.0004062474545207806
717.0 0.0005013082954974379
718.0 0.0005963690909993602
719.0 0.0005142199825058924
720.0 0.0004320708740124246
721.0 0.0004105323114345083
722.0 0.0003889937033818569
723.0 0.00043664481381711084
724.0 0.0004842959697270999
725.0 0.0004026321676064981
726.0 0.0003209682290616911
727.0 0.0004338873623055406
728.0 0.0005468065864988603
729.0 0.0004066047949891072
730.0 0.00026640309442882426
731.0 0.0003423709131311625
732.0 0.00041833882278297096
733.0 0.00027390490231482545
734.0 0.00012947112963956897
735.0 0.00024324820060428465
736.0 0.0003570252829376841
737.0 0.000428488874604227
738.0 0.00049995246627077
739.0 0.0006013455731590511
740.0 0.0007027384526736569
741.0 0.0010497202310943976
742.0 0.001396702373313019
743.0 0.0022057562091504224
744.0 0.003014809590240475
745.0 0.0036115856346441433
746.0 0.004208361133350991
747.0 0.0046461042074952275
748.0 0.0050838469178415835
749.0 0.004220226765028201
750.0 0.00335660733981058
751.0 0.0030561226594727486
752.0 0.002755638342932798
753.0 0.002304109148099087
754.0 0.0018525801351643167
755.0 0.0020779714759555645
756.0 0.0023033629986457527
757.0 0.0019165745470672846
758.0 0.0015297855497919954
759.0 0.0012129136848670896
760.0 0.0008960417289927136
761.0 0.0012575047549034934
762.0 0.001618967689864803
763.0 0.0011066249498981051
764.0 0.0005942819825577317
765.0 0.0008475370123051107
766.0 0.0011007920875272248
767.0 0.000908714810066158
768.0 0.0007166373961808858
769.0 0.0006700108770019142
770.0 0.0006233842213987373
771.0 0.0004428672582434956
772.0 0.00026235011318931356
773.0 0.0003442502020334359
774.0 0.0004261501999280881
775.0 0.0004259388788341312
776.0 0.00042572742131596897
777.0 0.0005352349944587331
778.0 0.0006447423402278218
779.0 0.0008628660907561425
780.0 0.001080989750334993
781.0 0.0011195196748303715
782.0 0.0011580496902752202
783.0 0.000956044823396951
784.0 0.0007540397291450063
785.0 0.001072502891474869
786.0 0.0013909658264310565
787.0 0.0011324408660584595
788.0 0.0008739158147363923
789.0 0.001007380251394352
790.0 0.0011408445971028414
791.0 0.0010141513484995812
792.0 0.0008874580089468509
793.0 0.0002393983322690474
794.0 1.7271157377526936e-10
795.0 1.7271157377526936e-10
796.0 7.01279930126475e-05
797.0 0.00029234058729343815
798.0 0.0005145531758898869
799.0 0.00032319392175850226
800.0 0.0001318345880463312
801.0 1.7271157377526936e-10
802.0 1.7271157377526936e-10
803.0 1.7271157377526936e-10
804.0 1.7271157377526936e-10
805.0 1.7271157377526936e-10
806.0 1.7271157377526936e-10
807.0 1.7271157377526936e-10
808.0 1.7271157377526936e-10
809.0 0.00011212529216209077
810.0 0.0003831047706626123
811.0 0.0001710092192297452
812.0 1.7271157377526936e-10
813.0 0.0002178123850171687
814.0 0.0004767110112879891
815.0 0.00039648907659284305
816.0 0.00031626716463506455
817.0 0.00023722220703348285
818.0 0.00015817723806321737
819.0 0.00011541192179720383
820.0 7.264660553119029e-05
821.0 1.7271157377526936e-10
822.0 1.7271157377526936e-10
823.0 1.7271157377526936e-10
824.0 1.7271157377526936e-10
825.0 1.7271157377526936e-10
826.0 1.7271157377526936e-10
827.0 0.00025156725769193145
828.0 0.0006772279448341578
829.0 0.0003754244517040206
830.0 7.362135079347354e-05
831.0 1.7271157377526936e-10
832.0 1.7271157377526936e-10
833.0 1.7271157377526936e-10
834.0 1.7271157377526936e-10
835.0 1.7271157377526936e-10
836.0 3.795439909026754e-05
837.0 1.7271157377526936e-10
838.0 1.7271157377526936e-10
839.0 1.7271157377526936e-10
840.0 1.7271157377526936e-10
841.0 1.7271157377526936e-10
842.0 0.00023748600597173208
843.0 0.00015101122698979452
844.0 6.453634000536113e-05
845.0 0.00011448204304542742
846.0 0.0001644276721890492
847.0 9.028869953908725e-05
848.0 1.6149687098732102e-05
849.0 0.00013386385262492695
850.0 0.0002515778533052071
851.0 0.000254438759839104
852.0 0.00025729966637300095
853.0 0.00047990029088396113
854.0 0.000702501029081759
855.0 0.0005432975285657449
856.0 0.0003840939825749956
857.0 0.0004898969109490281
858.0 0.0005956997483735904
859.0 0.0007229226866911631
860.0 0.0008501456250087358
861.0 0.000978121352090966
862.0 0.0011060971701226663
863.0 0.0013305919310369063
864.0 0.0015550864191027358
865.0 0.001936237640620675
866.0 0.0023173886802396737
867.0 0.002148802377632819
868.0 0.0019802166207227856
869.0 0.0019158638679073192
870.0 0.0018515109331929125
871.0 0.0016881449482752942
872.0 0.0015247789633576758
873.0 0.0015622134014847688
874.0 0.0015996476577129215
