lsstCam/transmission_filter_detector/r03_s12/u_24/19700101T000000.ecsv
# %ECSV 1.0
# ---
# datatype:
# - {name: wavelength, unit: nm, datatype: float32}
# - {name: efficiency, unit: '%', datatype: float64}
# meta: !!omap
# - {MODE: DETECTOR}
# - {TYPE: transmission_filter_detector}
# - {CALIBDATE: '1970-01-01T00:00:00'}
# - {INSTRUME: LSSTCam}
# - {OBSTYPE: transmission_filter_detector}
# - {CALIBCLS: lsst.ip.isr.IntermediateFilterDetectorTransmissionCurve}
# - {SOURCE: Materion (DM-46256)}
# - {DETECTOR: 23}
# - {FILTER: u_24}
# - {CALIB_ID: 'calibDate=1970-01-01T00:00:00 filter=u_24 detector=23'}
# - {DATE: '2025-04-02T15:59:39.855342'}
# - {CALIB_CREATION_DATE: '2025-04-02'}
# - {CALIB_CREATION_TIME: '15:59:39'}
# - __serialized_columns__:
#     efficiency:
#       __class__: astropy.units.quantity.Quantity
#       unit: !astropy.units.Unit {unit: '%'}
#       value: !astropy.table.SerializedColumn {name: efficiency}
#     wavelength:
#       __class__: astropy.units.quantity.Quantity
#       unit: !astropy.units.Unit {unit: nm}
#       value: !astropy.table.SerializedColumn {name: wavelength}
# schema: astropy-2.0
wavelength efficiency
[from data line 581]
876.0 0.002223480441898573
877.0 0.002450069041515235
878.0 0.002676657823030837
879.0 0.002835755549313035
880.0 0.0029948540031909943
881.0 0.003133503923891112
882.0 0.0032721545721869916
883.0 0.0030590312235290185
884.0 0.0028459078748710454
885.0 0.002702128404052928
886.0 0.002558349115133751
887.0 0.0022790954972151667
888.0 0.0019998420611955225
889.0 0.0019590188458096236
890.0 0.0019181956304237247
891.0 0.002263698843307793
892.0 0.002609202238090802
893.0 0.0024592780391685665
894.0 0.0023093531126505695
895.0 0.002860483255062718
896.0 0.003411613215575926
897.0 0.003741224281839095
898.0 0.004070835348102264
899.0 0.004252112557878718
900.0 0.00443338904005941
901.0 0.004250182246323675
902.0 0.0040669758163858205
903.0 0.004517422348726541
904.0 0.00496786851726938
905.0 0.005076853631180711
906.0 0.005185838381294161
907.0 0.005628239523502998
908.0 0.006070641029509716
909.0 0.00600678104092367
910.0 0.005942921416135505
911.0 0.00605168825131841
912.0 0.006160455086501315
913.0 0.006013700840412639
914.0 0.0058669458667282015
915.0 0.005131758734933101
916.0 0.0043965719669358805
917.0 0.004037530379719101
918.0 0.0036784887925023213
919.0 0.004021692438982427
920.0 0.004364895721664652
921.0 0.004478999835555442
922.0 0.00459310358564835
923.0 0.005520703780348413
924.0 0.006448302156059071
925.0 0.006615147867705673
926.0 0.006781994306948036
927.0 0.007338268915191293
928.0 0.007894540613051504
929.0 0.007903036021161824
930.0 0.007911531429272145
931.0 0.007327534694923088
932.0 0.006743536505382508
933.0 0.006634403689531609
934.0 0.006525271601276472
935.0 0.0066863009124062955
936.0 0.006847330223536119
937.0 0.007100062066456303
938.0 0.007352796092163771
939.0 0.006973258132347837
940.0 0.006593720172531903
941.0 0.00606563662586268
942.0 0.005537551987799816
943.0 0.004475119203561917
944.0 0.003412686419324018
945.0 0.0027147825676365755
946.0 0.0020168790797470137
947.0 0.001715027065074537
948.0 0.0014131754141999409
949.0 0.00123376694318722
950.0 0.001054358381225029
951.0 0.001053741198120406
952.0 0.0010531240150157828
953.0 0.0013325917279871646
954.0 0.001612059713806957
955.0 0.002116449650202412
956.0 0.0026208392227999866
957.0 0.0027556980057852343
958.0 0.0028905560611747205
959.0 0.0030886374588590115
960.0 0.003286718128947541
961.0 0.003708823351189494
962.0 0.0041309282096335664
963.0 0.004283772796043195
964.0 0.004436617382452823
965.0 0.004521482333075255
966.0 0.004606347647495568
967.0 0.004655515294871293
968.0 0.004704683306044899
969.0 0.00470156483061146
970.0 0.004698446355178021
971.0 0.004872881982009858
972.0 0.005047317608841695
973.0 0.004931642615702003
974.0 0.004815967258764431
975.0 0.004469911800697446
976.0 0.004123856342630461
977.0 0.0038309859519358724
978.0 0.003538115561241284
979.0 0.0033627402444835752
980.0 0.0031873645639279857
981.0 0.0031044779461808503
982.0 0.003021590964635834
983.0 0.003097549415542744
984.0 0.003173507866449654
985.0 0.003369950718479231
986.0 0.0035663942981045693
987.0 0.003955276770284399
988.0 0.004344158878666349
989.0 0.005298335236147977
990.0 0.006252511229831725
991.0 0.006725596176693216
992.0 0.007198680395958945
993.0 0.0075412579462863505
994.0 0.007883834769017994
995.0 0.007642302080057561
996.0 0.007400765753118321
997.0 0.00713683184585534
998.0 0.006872900121379644
999.0 0.006702083919662982
1000.0 0.006531266262754798
1001.0 0.005970703205093741
1002.0 0.005410141602624208
1003.0 0.004747763523482718
1004.0 0.004085385080543347
1005.0 0.004532427919912152
1006.0 0.004979469667887315
1007.0 0.004859376349486411
1008.0 0.004739280484500341
1009.0 0.004225442535243928
1010.0 0.0037116045859875157
1011.0 0.0037844976759515703
1012.0 0.0038573911297135055
1013.0 0.0032912070309976116
1014.0 0.0027250234779785387
1015.0 0.0022084817828726955
1016.0 0.001691940451564733
1017.0 0.0016404595953645185
1018.0 0.0015889785572653636
1019.0 0.0013799315638607368
1020.0 0.0011708843885571696
1021.0 0.001092394541046815
1022.0 0.001013904966384871
1023.0 0.0011593030649237335
1024.0 0.0013047014363110065
1025.0 0.0012893690836790483
1026.0 0.0012740368219965603
1027.0 0.001024797802529065
1028.0 0.0007755586921120994
1029.0 0.0009098647751670796
1030.0 0.0010441711310704704
1031.0 0.0018927850760519505
1032.0 0.0027413991119829006
1033.0 0.002453317938488908
1034.0 0.002165236401197035
1035.0 0.0025069717594305985
1036.0 0.0028487069357652217
1037.0 0.0030028419132577255
1038.0 0.00315697725454811
1039.0 0.0027835467335535213
1040.0 0.0024101167582557537
1041.0 0.001885394158307463
1042.0 0.0013606718312075827
1043.0 0.0012921445886604488
1044.0 0.0012236176189617254
1045.0 0.0013755867257714272
1046.0 0.0015275560144800693
1047.0 0.0016741123545216396
1048.0 0.00182066869456321
1049.0 0.0014826940969214775
1050.0 0.001144719044532394
1051.0 0.0008405088010476902
1052.0 0.0005362982392398408
1053.0 0.0006641277650487609
1054.0 0.0007919571544334758
1055.0 0.0006416817996068858
1056.0 0.0004914069904771168
1057.0 0.0010498072697373573
1058.0 0.0016082074580481276
1059.0 0.0011121943316538818
1060.0 0.0006161813871585764
1061.0 0.001753985634422861
1062.0 0.0028917896997882053
1063.0 0.002408356886007823
1064.0 0.00192492370842956
1065.0 0.0011285935215710197
1066.0 0.0003322633119751117
1067.0 0.0007120281225070357
1068.0 0.0010917924555542413
1069.0 0.001890787825686857
1070.0 0.0026897831048700027
1071.0 0.0013408211088972166
1072.0 1.7271157377526936e-10
1073.0 0.0006864436272735475
1074.0 0.001381027959723724
1075.0 0.0031937572202878073
1076.0 0.00500648602610454
1077.0 0.005171048906049691
1078.0 0.005335611785994843
1079.0 0.006249171565286815
1080.0 0.007162728434195742
1081.0 0.005113964652991854
1082.0 0.0030652005079900846
1083.0 0.002756564390438143
1084.0 0.0024479282728862017
1085.0 0.003761415064218454
1086.0 0.005074901855550706
1087.0 0.0047361878387164325
1088.0 0.004397473458084278
1089.0 0.0060462774854386225
1090.0 0.007695081876590848
1091.0 0.005233470801613294
1092.0 0.002771859544736799
1093.0 0.0017216965716215782
1094.0 0.0006715339168295031
1095.0 0.0005885301106900442
1096.0 0.0005055264864495257
1097.0 0.0022653233827441
1098.0 0.00402512087021023
1099.0 0.0035877084883395582
1100.0 0.003150296106468886
