lsstcam/qe_curve/r13_s02/19700101T000000.ecsv
# %ECSV 0.9
# ---
# datatype:
# - {name: amp_name, datatype: string}
# - {name: wavelength, unit: nm, datatype: float32}
# - {name: efficiency, unit: '%', datatype: float32}
# meta: !!omap
# - {MODE: AMP}
# - {TYPE: QE}
# - {CALIBDATE: '1970-01-01T00:00:00'}
# - {INSTRUME: LSSTCAM}
# - {OBSTYPE: qe_curve}
# - {DETECTOR: 56}
# - {PICKLEFILE: RaftRun11808.p}
# - {CALIB_ID: 'raftName=R13 detectorName=S02 detector=56 calibDate=1970-01-01T00:00:00 ccd=56 ccdnum=56 filter=None'}
# - {DATE: '2020-01-23T13:37:35.953438'}
# - {CALIB_CREATION_DATE: '2020-01-23'}
# - {CALIB_CREATION_TIME: '13:37:35'}
# - __serialized_columns__:
#     efficiency:
#       __class__: astropy.units.quantity.Quantity
#       unit: !astropy.units.Unit {unit: '%'}
#       value: !astropy.table.SerializedColumn {name: efficiency}
#     wavelength:
#       __class__: astropy.units.quantity.Quantity
#       unit: !astropy.units.Unit {unit: nm}
#       value: !astropy.table.SerializedColumn {name: wavelength}
# schema: astropy-2.0
amp_name wavelength efficiency
C07 319.994 43.078186
C07 324.969 48.690067
C07 349.982 74.244316
C07 374.975 80.53467
C07 400.019 86.092186
C07 424.965 87.221634
C07 450.035 88.50242
C07 475.003 90.559875
C07 500.018 93.20647
C07 525.002 93.78292
C07 550.029 95.38714
C07 575.023 96.790955
C07 599.982 97.93638
C07 619.997 98.536446
C07 624.979 98.41348
C07 650.012 98.858345
C07 675.004 99.219444
C07 700.03 99.24454
C07 725.012 99.07277
C07 750.022 98.85023
C07 774.987 99.157326
C07 799.976 98.1908
C07 824.988 97.0169
C07 850.022 94.86918
C07 869.967 91.94179
C07 875.002 91.64596
C07 899.999 83.97425
C07 919.999 75.80809
C07 925.012 72.332924
C07 949.965 58.761265
C07 975.002 44.133778
C07 999.976 26.591597
C07 1025.028 11.608437
C07 1050.014 4.0786657
C07 1075.002 2.2152424
C07 1099.99 1.7306659
C12 319.994 43.353035
C12 324.969 49.005493
C12 349.982 75.09184
C12 374.975 81.49737
C12 400.019 86.37136
C12 424.965 87.141716
C12 450.035 88.21815
C12 475.003 90.14049
C12 500.018 92.69519
C12 525.002 93.22617
C12 550.029 94.800255
C12 575.023 96.19079
C12 599.982 97.34085
C12 619.997 97.94458
C12 624.979 97.82467
C12 650.012 98.28417
C12 675.004 98.67906
C12 700.03 98.8121
C12 725.012 98.92004
C12 750.022 99.03808
C12 774.987 99.66397
C12 799.976 98.79383
C12 824.988 97.49479
C12 850.022 95.30087
C12 869.967 92.26469
C12 875.002 91.901215
C12 899.999 83.58902
C12 919.999 75.20754
C12 925.012 71.80899
C12 949.965 58.55854
C12 975.002 43.89837
C12 999.976 26.721668
C12 1025.028 11.531962
C12 1050.014 4.021568
C12 1075.002 2.1946907
C12 1099.99 1.7184788
C02 319.994 42.002335
C02 324.969 47.47512
C02 349.982 72.72572
C02 374.975 79.532715
C02 400.019 85.5811
C02 424.965 86.90636
C02 450.035 88.269035
C02 475.003 90.372574
C02 500.018 93.051
C02 525.002 93.66184
C02 550.029 95.29571
C02 575.023 96.73505
C02 599.982 97.92058
C02 619.997 98.54502
C02 624.979 98.42745
C02 650.012 98.90941
C02 675.004 99.294945
C02 700.03 99.31373
C02 725.012 99.08988
C02 750.022 98.80132
C02 774.987 99.04523
C02 799.976 98.036446
C02 824.988 96.811386
C02 850.022 94.58799
C02 869.967 91.52033
C02 875.002 91.188034
C02 899.999 83.312485
C02 919.999 75.58763
C02 925.012 72.24436
C02 949.965 58.26441
C02 975.002 43.551952
C02 999.976 26.483591
C02 1025.028 11.455661
C02 1050.014 4.026554
C02 1075.002 2.1982176
C02 1099.99 1.7167381
C01 319.994 41.726562
C01 324.969 47.163666
C01 349.982 72.290665
C01 374.975 79.19429
C01 400.019 85.39803
C01 424.965 86.78913
C01 450.035 88.18699
C01 475.003 90.30722
C01 500.018 92.9975
C01 525.002 93.61881
C01 550.029 95.259865
C01 575.023 96.70644
C01 599.982 97.89661
C01 619.997 98.52911
C01 624.979 98.412575
C01 650.012 98.89619
C01 675.004 99.2851
C01 700.03 99.29326
C01 725.012 99.03847
C01 750.022 98.70086
C01 774.987 98.898834
C01 799.976 97.87193
C01 824.988 96.64732
C01 850.022 94.413124
C01 869.967 91.34543
C01 875.002 90.989914
C01 899.999 83.164185
C01 919.999 75.38789
C01 925.012 72.12586
C01 949.965 58.091206
C01 975.002 43.338432
C01 999.976 26.442581
C01 1025.028 11.472347
C01 1050.014 4.021582
C01 1075.002 2.1975353
C01 1099.99 1.7134969
C10 319.994 43.71029
C10 324.969 49.41251
C10 349.982 75.5605
C10 374.975 81.6921
C10 400.019 86.422386
C10 424.965 87.150925
C10 450.035 88.21614
C10 475.003 90.140076
C10 500.018 92.69192
C10 525.002 93.21616
C10 550.029 94.77954
C10 575.023 96.15791
C10 599.982 97.29225
C10 619.997 97.8829
C10 624.979 97.76051
C10 650.012 98.2075
C10 675.004 98.57953
C10 700.03 98.691765
C10 725.012 98.73658
C10 750.022 98.77648
C10 774.987 99.31467
C10 799.976 98.41991
C10 824.988 97.176636
C10 850.022 94.95715
C10 869.967 91.96792
C10 875.002 91.6159
C10 899.999 83.768166
C10 919.999 75.48381
C10 925.012 71.97586
C10 949.965 58.63092
C10 975.002 43.998848
C10 999.976 26.57574
C10 1025.028 11.539371
C10 1050.014 4.039643
C10 1075.002 2.206085
C10 1099.99 1.7252575
C03 319.994 42.231853
C03 324.969 47.734833
C03 349.982 73.083115
C03 374.975 79.78104
C03 400.019 85.644295
C03 424.965 86.886986
C03 450.035 88.20558
C03 475.003 90.28407
C03 500.018 92.94038
C03 525.002 93.53914
C03 550.029 95.16407
C03 575.023 96.59073
C03 599.982 97.76982
C03 619.997 98.38898
C03 624.979 98.27221
C03 650.012 98.74633
C03 675.004 99.12998
C03 700.03 99.160866
C03 725.012 98.97686
C03 750.022 98.73862
C03 774.987 99.03856
C03 799.976 98.04894
C03 824.988 96.83436
C03 850.022 94.61907
C03 869.967 91.57871
C03 875.002 91.21316
C03 899.999 83.32165
C03 919.999 75.53543
C03 925.012 72.16056
C03 949.965 58.235004
C03 975.002 43.600292
C03 999.976 26.563473
C03 1025.028 11.453434
C03 1050.014 4.0326724
C03 1075.002 2.1979468
C03 1099.99 1.7177851
C13 319.994 43.230324
C13 324.969 48.864895
C13 349.982 74.963875
C13 374.975 81.498695
C13 400.019 86.443
C13 424.965 87.23067
C13 450.035 88.31054
C13 475.003 90.23654
C13 500.018 92.79551
C13 525.002 93.33028
C13 550.029 94.91128
C13 575.023 96.30788
C13 599.982 97.46411
C13 619.997 98.07418
C13 624.979 97.95452
C13 650.012 98.42546
C13 675.004 98.82284
C13 700.03 98.95614
C13 725.012 99.05627
C13 750.022 99.165405
C13 774.987 99.78117
C13 799.976 98.899506
C13 824.988 97.59289
C13 850.022 95.37232
C13 869.967 92.32025
C13 875.002 92.00261
C13 899.999 83.80474
C13 919.999 75.16226
C13 925.012 71.7891
C13 949.965 58.547607
C13 975.002 43.864815
C13 999.976 26.677402
C13 1025.028 11.550926
C13 1050.014 4.020921
C13 1075.002 2.1901913
C13 1099.99 1.7188878
C14 319.994 42.975315
C14 324.969 48.578262
C14 349.982 74.648254
C14 374.975 81.35404
C14 400.019 86.36457
C14 424.965 87.16917
C14 450.035 88.24839
C14 475.003 90.173996
C14 500.018 92.73246
C14 525.002 93.26995
C14 550.029 94.85862
C14 575.023 96.263466
C14 599.982 97.43154
C14 619.997 98.04685
C14 624.979 97.93136
C14 650.012 98.409035
C14 675.004 98.810036
C14 700.03 98.94326
C14 725.012 99.017555
C14 750.022 99.0989
C14 774.987 99.689735
C14 799.976 98.801445
C14 824.988 97.49867
C14 850.022 95.26776
C14 869.967 92.18975
C14 875.002 91.86636
C14 899.999 83.81164
C14 919.999 75.074486
C14 925.012 71.65892
C14 949.965 58.448612
C14 975.002 43.843884
C14 999.976 26.640919
C14 1025.028 11.564097
C14 1050.014 4.0307417
C14 1075.002 2.1888313
C14 1099.99 1.7186363
C16 319.994 42.459343
C16 324.969 47.99767
C16 349.982 73.88749
C16 374.975 80.81456
C16 400.019 86.07307
C16 424.965 86.97666
C16 450.035 88.10176
C16 475.003 90.05422
C16 500.018 92.62892
C16 525.002 93.18469
C16 550.029 94.78527
C16 575.023 96.20464
C16 599.982 97.38233
C16 619.997 98.01095
C16 624.979 97.89419
C16 650.012 98.38526
C16 675.004 98.791245
C16 700.03 98.90726
C16 725.012 98.93559
C16 750.022 98.94366
C16 774.987 99.46748
C16 799.976 98.54792
C16 824.988 97.25228
C16 850.022 94.986336
C16 869.967 91.86607
C16 875.002 91.54173
C16 899.999 83.65889
C16 919.999 74.86232
C16 925.012 71.44487
C16 949.965 58.196968
C16 975.002 43.53723
C16 999.976 26.531174
C16 1025.028 11.560925
C16 1050.014 4.037843
C16 1075.002 2.1879506
C16 1099.99 1.714152
C17 319.994 42.252937
C17 324.969 47.767467
C17 349.982 73.58519
C17 374.975 80.54018
C17 400.019 85.87361
C17 424.965 86.81608
C17 450.035 87.96279
C17 475.003 89.92748
C17 500.018 92.51727
C17 525.002 93.083206
C17 550.029 94.68905
C17 575.023 96.114296
C17 599.982 97.29681
C17 619.997 97.92825
C17 624.979 97.815254
C17 650.012 98.30625
C17 675.004 98.714066
C17 700.03 98.82257
C17 725.012 98.82151
C17 750.022 98.79737
C17 774.987 99.29034
C17 799.976 98.35509
C17 824.988 97.050804
C17 850.022 94.77819
C17 869.967 91.640854
C17 875.002 91.30406
C17 899.999 83.4443
C17 919.999 74.71692
C17 925.012 71.32039
C17 949.965 58.019108
C17 975.002 43.34188
C17 999.976 26.398632
C17 1025.028 11.584162
C17 1050.014 4.049939
C17 1075.002 2.1841056
C17 1099.99 1.7061819
C06 319.994 42.925243
C06 324.969 48.514153
C06 349.982 74.03491
C06 374.975 80.41974
C06 400.019 86.00858
C06 424.965 87.14938
C06 450.035 88.43066
C06 475.003 90.48209
C06 500.018 93.12501
C06 525.002 93.704926
C06 550.029 95.3077
C06 575.023 96.715355
C06 599.982 97.87131
C06 619.997 98.47429
C06 624.979 98.35433
C06 650.012 98.80269
C06 675.004 99.17432
C06 700.03 99.21389
C06 725.012 99.08766
C06 750.022 98.924446
C06 774.987 99.29224
C06 799.976 98.34206
C06 824.988 97.15047
C06 850.022 94.983444
C06 869.967 92.009125
C06 875.002 91.6922
C06 899.999 84.01763
C06 919.999 75.933395
C06 925.012 72.41265
C06 949.965 58.60235
C06 975.002 44.101517
C06 999.976 26.617176
C06 1025.028 11.568723
C06 1050.014 4.0735626
C06 1075.002 2.2104962
C06 1099.99 1.7248214
C00 319.994 41.45508
C00 324.969 46.85926
C00 349.982 71.831345
C00 374.975 78.76851
C00 400.019 85.15653
C00 424.965 86.637215
C00 450.035 88.08125
C00 475.003 90.23328
C00 500.018 92.94287
C00 525.002 93.579025
C00 550.029 95.230484
C00 575.023 96.68111
C00 599.982 97.87869
C00 619.997 98.511566
C00 624.979 98.396996
C00 650.012 98.88341
C00 675.004 99.269196
C00 700.03 99.267235
C00 725.012 98.97277
C00 750.022 98.5899
C00 774.987 98.74284
C00 799.976 97.69519
C00 824.988 96.47923
C00 850.022 94.21221
C00 869.967 91.08656
C00 875.002 90.82791
C00 899.999 83.08625
C00 919.999 75.43567
C00 925.012 72.092575
C00 949.965 58.04838
C00 975.002 43.465782
C00 999.976 26.371946
C00 1025.028 11.420105
C00 1050.014 4.0555925
C00 1075.002 2.1982272
C00 1099.99 1.7097011
C15 319.994 42.63068
C15 324.969 48.189995
C15 349.982 74.137764
C15 374.975 80.99566
C15 400.019 86.16516
C15 424.965 87.0307
C15 450.035 88.13448
C15 475.003 90.07399
C15 500.018 92.640564
C15 525.002 93.19149
C15 550.029 94.78378
C15 575.023 96.19776
C15 599.982 97.37029
C15 619.997 97.99484
C15 624.979 97.87924
C15 650.012 98.36526
C15 675.004 98.77131
C15 700.03 98.89738
C15 725.012 98.95414
C15 750.022 98.99931
C15 774.987 99.55709
C15 799.976 98.65616
C15 824.988 97.35738
C15 850.022 95.11206
C15 869.967 92.01675
C15 875.002 91.702255
C15 899.999 83.7635
C15 919.999 74.97822
C15 925.012 71.54932
C15 949.965 58.31868
C15 975.002 43.708546
C15 999.976 26.659597
C15 1025.028 11.575386
C15 1050.014 4.03359
C15 1075.002 2.1876037
C15 1099.99 1.7173648
C11 319.994 43.55779
C11 324.969 49.23768
C11 349.982 75.37575
C11 374.975 81.64361
C11 400.019 86.411804
C11 424.965 87.148224
C11 450.035 88.21064
C11 475.003 90.12656
C11 500.018 92.67793
C11 525.002 93.20446
C11 550.029 94.77136
C11 575.023 96.15386
C11 599.982 97.297844
C11 619.997 97.89494
C11 624.979 97.77195
C11 650.012 98.22511
C11 675.004 98.609406
C11 700.03 98.74016
C11 725.012 98.833466
C11 750.022 98.936646
C11 774.987 99.53842
C11 799.976 98.66208
C11 824.988 97.386955
C11 850.022 95.20262
C11 869.967 92.13338
C11 875.002 91.750244
C11 899.999 83.62042
C11 919.999 75.45213
C11 925.012 72.00783
C11 949.965 58.601307
C11 975.002 44.01845
C11 999.976 26.709873
C11 1025.028 11.540604
C11 1050.014 4.0265303
C11 1075.002 2.1958373
C11 1099.99 1.7230532
C05 319.994 42.576405
C05 324.969 48.123493
C05 349.982 73.53607
C05 374.975 80.02807
C05 400.019 85.70222
C05 424.965 86.86556
C05 450.035 88.154434
C05 475.003 90.20635
C05 500.018 92.84591
C05 525.002 93.426544
C05 550.029 95.03461
C05 575.023 96.4444
C05 599.982 97.60531
C05 619.997 98.21231
C05 624.979 98.093895
C05 650.012 98.553406
C05 675.004 98.9323
C05 700.03 98.97856
C05 725.012 98.85092
C05 750.022 98.69363
C05 774.987 99.065414
C05 799.976 98.11733
C05 824.988 96.91725
C05 850.022 94.72972
C05 869.967 91.69155
C05 875.002 91.34073
C05 899.999 83.67501
C05 919.999 75.81951
C05 925.012 72.354645
C05 949.965 58.32376
C05 975.002 43.822083
C05 999.976 26.559118
C05 1025.028 11.498997
C05 1050.014 4.053
C05 1075.002 2.2079227
C05 1099.99 1.7225574
C04 319.994 42.428123
C04 324.969 47.95505
C04 349.982 73.35278
C04 374.975 79.94548
C04 400.019 85.71709
C04 424.965 86.92462
C04 450.035 88.22987
C04 475.003 90.29547
C04 500.018 92.946175
C04 525.002 93.53607
C04 550.029 95.15276
C04 575.023 96.57266
C04 599.982 97.74346
C04 619.997 98.355835
C04 624.979 98.234726
C04 650.012 98.7024
C04 675.004 99.08908
C04 700.03 99.12508
C04 725.012 98.97762
C04 750.022 98.7865
C04 774.987 99.12653
C04 799.976 98.16349
C04 824.988 96.94959
C04 850.022 94.76071
C04 869.967 91.70031
C04 875.002 91.33529
C04 899.999 83.48994
C04 919.999 75.72445
C04 925.012 72.32288
C04 949.965 58.40225
C04 975.002 43.772938
C04 999.976 26.591341
C04 1025.028 11.504721
C04 1050.014 4.0380816
C04 1075.002 2.2024486
C04 1099.99 1.720973
