lsstCam/transmission_filter_detector/r12_s02/y_10/19700101T000000.ecsv
# %ECSV 1.0
# ---
# datatype:
# - {name: wavelength, unit: nm, datatype: float32}
# - {name: efficiency, unit: '%', datatype: float64}
# meta: !!omap
# - {MODE: DETECTOR}
# - {TYPE: transmission_filter_detector}
# - {CALIBDATE: '1970-01-01T00:00:00'}
# - {INSTRUME: LSSTCam}
# - {OBSTYPE: transmission_filter_detector}
# - {CALIBCLS: lsst.ip.isr.IntermediateFilterDetectorTransmissionCurve}
# - {SOURCE: Materion (DM-46256)}
# - {DETECTOR: 47}
# - {FILTER: y_10}
# - {CALIB_ID: 'calibDate=1970-01-01T00:00:00 filter=y_10 detector=47'}
# - {DATE: '2025-04-02T15:59:50.959680'}
# - {CALIB_CREATION_DATE: '2025-04-02'}
# - {CALIB_CREATION_TIME: '15:59:50'}
# - __serialized_columns__:
#     efficiency:
#       __class__: astropy.units.quantity.Quantity
#       unit: !astropy.units.Unit {unit: '%'}
#       value: !astropy.table.SerializedColumn {name: efficiency}
#     wavelength:
#       __class__: astropy.units.quantity.Quantity
#       unit: !astropy.units.Unit {unit: nm}
#       value: !astropy.table.SerializedColumn {name: wavelength}
# schema: astropy-2.0
wavelength efficiency
[from data line 578]
878.0 0.0008992024959297851
879.0 0.0016989881260087714
880.0 0.05552578950300813
881.0 0.09902409510686994
882.0 0.07342921453528106
883.0 0.10130928130820394
884.0 0.06153443246148527
885.0 0.09869685163721442
886.0 0.07152935722842813
887.0 0.106278236489743
888.0 0.06848847842775285
889.0 0.09711798629723489
890.0 0.06603443180210888
891.0 0.10680329287424684
892.0 0.07345090853050351
893.0 0.11208397336304188
894.0 0.07347252685576677
895.0 0.11387213598936796
896.0 0.08132580551318824
897.0 0.11552681680768728
898.0 0.09147007367573678
899.0 0.1266842009499669
900.0 0.10351571254432201
901.0 0.1378097920678556
902.0 0.16306581674143672
903.0 0.19672499038279057
904.0 0.21773255430161953
905.0 0.27471911162137985
906.0 0.32201509457081556
907.0 0.41951960884034634
908.0 0.5600026808679104
909.0 0.7674144115298986
910.0 1.1274583637714386
911.0 1.5998508781194687
912.0 2.3637253791093826
913.0 3.4643378108739853
914.0 4.789650067687035
915.0 6.7017920315265656
916.0 8.955203741788864
917.0 11.440172046422958
918.0 14.198845624923706
919.0 16.836857795715332
920.0 20.33003270626068
921.0 24.02346283197403
922.0 27.738574147224426
923.0 32.16790556907654
924.0 36.99584603309631
925.0 42.37784743309021
926.0 48.72623383998871
927.0 55.52724599838257
928.0 61.47459149360657
929.0 67.85888671875
930.0 73.46259951591492
931.0 78.86155247688293
932.0 83.80341529846191
933.0 87.9350483417511
934.0 90.89409708976746
935.0 92.98253655433655
936.0 94.5135235786438
937.0 95.58531641960144
938.0 96.32108807563782
939.0 96.66661024093628
940.0 96.9130277633667
941.0 97.11838364601135
942.0 97.2661554813385
943.0 97.317636013031
944.0 97.6125180721283
945.0 97.50813841819763
946.0 97.60941863059998
947.0 97.53974676132202
948.0 97.6841926574707
949.0 97.60029911994934
950.0 97.73027896881104
951.0 97.816002368927
952.0 97.83975481987
953.0 98.07000756263733
954.0 98.13612103462219
955.0 98.23949337005615
956.0 98.4102189540863
957.0 98.6132025718689
958.0 98.79943132400513
959.0 98.7996518611908
960.0 98.911052942276
961.0 98.91300797462463
962.0 98.94304871559143
963.0 98.99762272834778
964.0 99.01308417320251
965.0 99.01045560836792
966.0 99.10779595375061
967.0 99.14124011993408
968.0 99.10669922828674
969.0 99.13636445999146
970.0 99.18406009674072
971.0 99.2131769657135
972.0 99.29423332214355
973.0 99.37549829483032
974.0 99.38124418258667
975.0 99.3334949016571
976.0 99.39098358154297
977.0 99.38578605651855
978.0 99.39156770706177
979.0 99.3700385093689
980.0 99.3070125579834
981.0 99.2533028125763
982.0 99.18387532234192
983.0 99.22102689743042
984.0 99.15139675140381
985.0 99.15658235549927
986.0 99.03910160064697
987.0 99.10905957221985
988.0 99.00480508804321
989.0 98.99662137031555
990.0 98.99173974990845
991.0 99.04470443725586
992.0 99.09098744392395
993.0 99.06689524650574
994.0 99.01050925254822
995.0 99.07993674278259
996.0 99.05895590782166
997.0 99.19136762619019
998.0 99.22826886177063
999.0 99.26608800888062
1000.0 99.32612776756287
1001.0 99.25731420516968
1002.0 99.35986995697021
1003.0 99.37926530838013
1004.0 99.39749836921692
1005.0 99.3506669998169
1006.0 99.49775338172913
1007.0 99.46354031562805
1008.0 99.41704869270325
1009.0 99.35988783836365
1010.0 99.35746192932129
1011.0 99.38091039657593
1012.0 99.31097030639648
1013.0 99.25703406333923
1014.0 99.2843508720398
1015.0 99.25200939178467
1016.0 99.25380349159241
1017.0 99.28597807884216
1018.0 99.32301640510559
1019.0 99.26867485046387
1020.0 99.33276772499084
1021.0 99.44368004798889
1022.0 99.30233955383301
1023.0 99.39562678337097
1024.0 99.36158657073975
1025.0 99.3723213672638
1026.0 99.4051456451416
1027.0 99.51609373092651
1028.0 99.440598487854
1029.0 99.53822493553162
1030.0 99.58147406578064
1031.0 99.57210421562195
1032.0 99.5474636554718
1033.0 99.50917363166809
1034.0 99.49832558631897
1035.0 99.5890736579895
1036.0 99.4874656200409
1037.0 99.52332377433777
1038.0 99.47023391723633
1039.0 99.43294525146484
1040.0 99.35766458511353
1041.0 99.45101141929626
1042.0 99.39913153648376
1043.0 99.27948117256165
1044.0 99.45913553237915
1045.0 99.15326237678528
1046.0 99.30490851402283
1047.0 99.27024841308594
1048.0 99.35062527656555
1049.0 99.181467294693
1050.0 99.19621348381042
1051.0 99.19807314872742
1052.0 99.19940829277039
1053.0 99.04533624649048
1054.0 99.3574321269989
1055.0 99.53107237815857
1056.0 99.35861825942993
1057.0 99.36279654502869
1058.0 99.06750321388245
1059.0 99.11836981773376
1060.0 99.33805465698242
1061.0 99.20645356178284
1062.0 99.28839206695557
1063.0 99.18465614318848
1064.0 99.30751919746399
1065.0 99.28033947944641
1066.0 99.23136234283447
1067.0 99.41383600234985
1068.0 99.14364814758301
1069.0 99.09682273864746
1070.0 99.35046434402466
1071.0 99.33882355690002
1072.0 99.3497371673584
1073.0 99.38388466835022
1074.0 99.03510212898254
1075.0 99.04198050498962
1076.0 98.80214333534241
1077.0 99.22378659248352
1078.0 99.28202033042908
1079.0 98.9357054233551
1080.0 99.65506792068481
1081.0 98.89012575149536
1082.0 99.12987351417542
1083.0 98.92762303352356
1084.0 99.23338294029236
1085.0 99.2796540260315
1086.0 99.17612671852112
1087.0 99.15491938591003
1088.0 98.80276918411255
1089.0 98.83609414100647
1090.0 98.88574481010437
1091.0 99.0553081035614
1092.0 98.86147975921631
1093.0 98.75573515892029
1094.0 98.6106812953949
1095.0 98.72679114341736
1096.0 98.82619976997375
1097.0 98.68587255477905
1098.0 97.93041348457336
1099.0 98.66200685501099
1100.0 98.33977222442627
