lsstCam/transmission_filter_detector/r12_s02/y_10/19700101T000000.ecsv
# %ECSV 1.0
# ---
# datatype:
# - {name: wavelength, unit: nm, datatype: float32}
# - {name: efficiency, unit: '%', datatype: float64}
# meta: !!omap
# - {MODE: DETECTOR}
# - {TYPE: transmission_filter_detector}
# - {CALIBDATE: '1970-01-01T00:00:00'}
# - {INSTRUME: LSSTCam}
# - {OBSTYPE: transmission_filter_detector}
# - {CALIBCLS: lsst.ip.isr.IntermediateFilterDetectorTransmissionCurve}
# - {SOURCE: Materion (DM-46256)}
# - {DETECTOR: 47}
# - {FILTER: y_10}
# - {CALIB_ID: 'calibDate=1970-01-01T00:00:00 filter=y_10 detector=47'}
# - {DATE: '2025-04-02T15:59:50.959680'}
# - {CALIB_CREATION_DATE: '2025-04-02'}
# - {CALIB_CREATION_TIME: '15:59:50'}
# - __serialized_columns__:
#     efficiency:
#       __class__: astropy.units.quantity.Quantity
#       unit: !astropy.units.Unit {unit: '%'}
#       value: !astropy.table.SerializedColumn {name: efficiency}
#     wavelength:
#       __class__: astropy.units.quantity.Quantity
#       unit: !astropy.units.Unit {unit: nm}
#       value: !astropy.table.SerializedColumn {name: wavelength}
# schema: astropy-2.0
wavelength efficiency
300.0 0.5356534849852324
301.0 0.28864433988928795
302.0 0.04163519770372659
303.0 0.03945794305764139
304.0 0.03728069132193923
305.0 0.022923044161871076
306.0 0.008565392636228353
307.0 0.014366737741511315
308.0 0.020168079936411232
309.0 0.015598235768266022
310.0 0.011028391600120813
311.0 0.008682724728714675
312.0 0.006337056402117014
313.0 0.006771438347641379
314.0 0.007205821020761505
315.0 0.006007339834468439
316.0 0.004808861558558419
317.0 0.005545570093090646
318.0 0.006282274262048304
319.0 0.002947435132227838
320.0 1.599846448895048e-10
321.0 0.0015346662621595897
322.0 0.003456738340901211
323.0 0.002726120328588877
324.0 0.001995502498175483
325.0 0.0006939797913219081
326.0 1.599846448895048e-10
327.0 0.0001571971893099544
328.0 0.0009219374078384135
329.0 0.003125723378616385
330.0 0.005329509076545946
331.0 0.004481508221942931
332.0 0.0036335073673399165
333.0 0.002366774424444884
334.0 0.001100041208701441
335.0 0.0016576608686591499
336.0 0.0022152809833642095
337.0 0.002933536234195344
338.0 0.003651791121228598
339.0 0.001681321555224713
340.0 1.599846448895048e-10
341.0 1.599846448895048e-10
342.0 1.599846448895048e-10
343.0 3.546646780705487e-05
344.0 0.0006097358891565818
345.0 0.0011967986210947856
346.0 0.0017838618077803403
347.0 0.001752941170707345
348.0 0.001722020169836469
349.0 0.0014914678104105406
350.0 0.0012609150871867314
351.0 0.001412037636328023
352.0 0.0015631598216714337
353.0 0.0012396143574733287
354.0 0.0009160689842246938
355.0 0.0011131274732179008
356.0 0.0013101858712616377
357.0 0.0010319403372704983
358.0 0.0007536944849562133
359.0 0.0008431113201368134
360.0 0.0009325280188932084
361.0 0.0013401120668277144
362.0 0.0017476959328632802
363.0 0.0013545767615141813
364.0 0.000961457408266142
365.0 0.0012881497241323814
366.0 0.0016148425856954418
367.0 0.0020546011000988074
368.0 0.0024943597964011133
369.0 0.0020590125132002868
370.0 0.0016236652299994603
371.0 0.001658994187891949
372.0 0.001694322781986557
373.0 0.0022019699827069417
374.0 0.0027096171834273264
375.0 0.00346483793691732
376.0 0.004220058690407313
377.0 0.0041930128645617515
378.0 0.004165966674918309
379.0 0.0036588753573596478
380.0 0.0031517833122052252
381.0 0.0021064932298031636
382.0 0.001061202692653751
383.0 0.0010742694030341227
384.0 0.001087335931515554
385.0 0.000908012043510098
386.0 0.0007286881555046421
387.0 0.0007128915513021639
388.0 0.0006970950835238909
389.0 0.0006257133009057725
390.0 0.0005543316092371242
391.0 0.0005766628419223707
392.0 0.0005989942565065576
393.0 0.000646978014628985
394.0 0.0006949619091756176
395.0 0.0006108484285505256
396.0 0.0005267349479254335
397.0 0.000794385232438799
398.0 0.0010620353350532241
399.0 0.001276254261028953
400.0 0.0014904731870046817
401.0 0.0016206091459025629
402.0 0.0017507452866993845
403.0 0.0017748148820828646
404.0 0.0017988848412642255
405.0 0.0017076077710953541
406.0 0.0016163312466233037
407.0 0.0014208678294380661
408.0 0.0012254047760507092
409.0 0.0009750646313477773
410.0 0.0007247239864227595
411.0 0.00048098982006195
412.0 0.00023725560822640546
413.0 0.0005682763003278524
414.0 0.0008992969014798291
415.0 0.001645177871978376
416.0 0.0023910590243758634
417.0 0.001448414332116954
418.0 0.0005057695489085745
419.0 1.599846448895048e-10
420.0 1.599846448895048e-10
421.0 1.599846448895048e-10
422.0 0.0006935541023267433
423.0 0.001127544601331465
424.0 0.0015615349184372462
425.0 0.0005607866114587523
426.0 1.599846448895048e-10
427.0 3.7254122275953705e-05
428.0 0.000514470139023615
429.0 1.7328109436220984e-05
430.0 1.599846448895048e-10
431.0 0.00019759788756346097
432.0 0.0008750099368626252
433.0 0.0006720942110405304
434.0 0.0004691789399657864
435.0 1.599846448895048e-10
436.0 1.599846448895048e-10
437.0 1.599846448895048e-10
438.0 1.599846448895048e-10
439.0 1.599846448895048e-10
440.0 1.599846448895048e-10
441.0 1.599846448895048e-10
442.0 1.599846448895048e-10
443.0 1.599846448895048e-10
444.0 6.726484684804745e-05
445.0 0.0002739569026743993
446.0 0.00048064880502352025
447.0 0.0007295805062312866
448.0 0.0009785119800653774
449.0 0.0007944499884615652
450.0 0.0006103877694840776
451.0 0.00031995141398510896
452.0 2.951528017547389e-05
453.0 1.599846448895048e-10
454.0 1.599846448895048e-10
455.0 1.599846448895048e-10
456.0 1.599846448895048e-10
457.0 1.599846448895048e-10
458.0 1.599846448895048e-10
459.0 0.0001261000534213963
460.0 0.000335990330313507
461.0 0.0004103212631889619
462.0 0.00048465221880178433
463.0 0.0004291525328881107
464.0 0.0003736528469744371
465.0 0.0004522901690506842
466.0 0.0005309276275511365
467.0 0.0009402997420693282
468.0 0.0013496716746885795
469.0 0.0016387954019592144
470.0 0.001927918492583558
471.0 0.00198811903828755
472.0 0.002048319402092602
473.0 0.0022837826691102237
474.0 0.002519245754228905
475.0 0.0026247118512401357
476.0 0.0027301779482513666
477.0 0.003208175621693954
478.0 0.003686173658934422
479.0 0.004239975896780379
480.0 0.004793778498424217
481.0 0.004779449227498844
482.0 0.004765119592775591
483.0 0.0042049752664752305
484.0 0.0036448302125791088
485.0 0.003867316627292894
486.0 0.004089802678208798
487.0 0.003576153176254593
488.0 0.0030625036743003875
489.0 0.0025723174985614605
490.0 0.002082131504721474
491.0 0.0018560345779405907
492.0 0.0016299371054628864
493.0 0.0012964351299160626
494.0 0.0009629335181671195
495.0 0.001243259248440154
496.0 0.0015235850696626585
497.0 0.0019676830561365932
498.0 0.0024117813154589385
499.0 0.0025060402549570426
500.0 0.002600299194455147
501.0 0.002635613964230288
502.0 0.002670928915904369
503.0 0.002639953891048208
504.0 0.0026089783204952255
505.0 0.003188767732353881
506.0 0.0037685571442125365
507.0 0.0027953230528510176
508.0 0.0018220882338937372
509.0 0.0020494821001193486
510.0 0.0022768757844460197
511.0 0.0020860412405454554
512.0 0.001895206696644891
513.0 0.00188864505616948
514.0 0.0018820837794919498
515.0 0.0017762697098078206
516.0 0.0016704556401236914
517.0 0.001556993265694473
518.0 0.0014435307093663141
519.0 0.001649865589570254
520.0 0.001856199924077373
521.0 0.0018333237676415592
522.0 0.0018104470655089244
523.0 0.001841190351115074
524.0 0.0018719334548222832
525.0 0.0022640879251412116
526.0 0.002656242941156961
527.0 0.0024556871721870266
528.0 0.0022551319489139132
529.0 0.0024543591280234978
530.0 0.0026535859433352016
531.0 0.002437568036839366
532.0 0.0022215501303435303
533.0 0.002547084841353353
534.0 0.002872618642868474
535.0 0.00247293555730721
536.0 0.002073252107948065
537.0 0.002462485099385958
538.0 0.002851717908924911
539.0 0.0034471479011699557
540.0 0.004042577347718179
541.0 0.0040054703276837245
542.0 0.00396836330764927
543.0 0.0043215466575929895
544.0 0.004674730007536709
545.0 0.0050722697778837755
546.0 0.005469809184432961
547.0 0.00451229716418311
548.0 0.0035547844163374975
549.0 0.0031698858947493136
550.0 0.002784987009363249
551.0 0.0026999567126040347
552.0 0.00261492623394588
553.0 0.0031569157727062702
554.0 0.0036989044019719586
555.0 0.004004957008874044
556.0 0.00431100997957401
557.0 0.003792721690842882
558.0 0.003274433402111754
559.0 0.003142279456369579
560.0 0.003010125692526344
561.0 0.0032815223676152527
562.0 0.00355291849700734
563.0 0.0034175645851064473
564.0 0.0032822106732055545
565.0 0.003824506711680442
566.0 0.00436680311395321
567.0 0.004614733916241676
568.0 0.00486266435473226
569.0 0.005326812242856249
570.0 0.005790959767182358
571.0 0.005620831507258117
572.0 0.005450703247333877
573.0 0.005991432772134431
574.0 0.006532162660732865
575.0 0.006481129821622744
576.0 0.0064300977101083845
577.0 0.005810152288177051
578.0 0.0051902072300435975
579.0 0.005894479545531794
580.0 0.006598752224817872
581.0 0.007231825293274596
582.0 0.00786489836173132
583.0 0.008788814739091322
584.0 0.009712728206068277
585.0 0.009818001854000613
586.0 0.009923276957124472
587.0 0.010074876627186313
588.0 0.01022647411446087
589.0 0.010508682316867635
590.0 0.01079089124687016
591.0 0.010089627176057547
592.0 0.009388363832840696
593.0 0.0076089316280558705
594.0 0.005829503061249852
595.0 0.005677303852280602
596.0 0.005525105007109232
597.0 0.006036801642039791
598.0 0.0065484979131724685
599.0 0.0074321906140539795
600.0 0.008315881859743968
601.0 0.009036710252985358
602.0 0.009757536463439465
603.0 0.01056295950547792
604.0 0.011368382547516376
605.0 0.011395658657420427
606.0 0.011422934767324477
607.0 0.009865699394140393
608.0 0.008308466931339353
609.0 0.0065053769503720105
610.0 0.004702287697000429
611.0 0.003934554479201324
612.0 0.0031668212614022195
613.0 0.003730667958734557
614.0 0.004294513928471133
615.0 0.005013791815144941
616.0 0.0057330707932123914
617.0 0.006989207759033889
618.0 0.008245344361057505
619.0 0.009187895193463191
620.0 0.01013044675346464
621.0 0.011175213876413181
622.0 0.012219980999361724
623.0 0.012034981773467734
624.0 0.011849981092382222
625.0 0.010554644541116431
626.0 0.009259306534659117
627.0 0.007373073458438739
628.0 0.005486838199431077
629.0 0.004409438406582922
630.0 0.0033320393413305283
631.0 0.0028115951863583177
632.0 0.0022911506675882265
633.0 0.00241536272369558
634.0 0.0025395749617018737
635.0 0.0028040685720043257
636.0 0.0030685620004078373
637.0 0.003829026536550373
638.0 0.004589491072692908
639.0 0.004575189086608589
640.0 0.004560887100524269
641.0 0.005154744940227829
642.0 0.0057486031437292695
643.0 0.005758958650403656
644.0 0.005769314157078043
645.0 0.0053281102736946195
646.0 0.0048869063903111964
647.0 0.003921943425666541
648.0 0.0029569810067187063
649.0 0.002195888555434067
650.0 0.001434795922250487
651.0 0.0016267335013253614
652.0 0.0018186718079959974
653.0 0.0015680494470871054
654.0 0.0013174269952287432
655.0 0.0014720452782057691
656.0 0.0016266636521322653
657.0 0.0014230648048396688
658.0 0.0012194659575470723
659.0 0.001745231384120416
660.0 0.0022709968106937595
661.0 0.001931875158334151
662.0 0.001592753324075602
663.0 0.0023592676370753907
664.0 0.00312578231387306
665.0 0.0036706376704387367
666.0 0.004215493027004413
667.0 0.004724491736851633
668.0 0.00523348935530521
669.0 0.005370857252273709
670.0 0.005508222238859162
671.0 0.006197705079102889
672.0 0.006887188646942377
673.0 0.007605062273796648
674.0 0.008322937355842441
675.0 0.007838840974727646
676.0 0.007354746776400134
677.0 0.00578079343540594
678.0 0.004206839730613865
679.0 0.0028348487830953673
680.0 0.0014628587450715713
681.0 0.0006799486527597765
682.0 1.599846448895048e-10
683.0 5.7929219110519625e-05
684.0 0.0002188199459851603
685.0 0.00025549163638061145
686.0 0.00029216325856395997
687.0 0.00021075982203910826
688.0 0.00012935645372635918
689.0 0.0003045629000553163
690.0 0.0004797693691216409
691.0 0.0003870311502396362
692.0 0.000294292954094999
693.0 0.0002779876695058192
694.0 0.0002616823621792719
695.0 0.0004253476618032437
696.0 0.0005890129159524804
697.0 0.00042336032493039966
698.0 0.00025770759748411365
699.0 0.0003724774842339684
700.0 0.00048724709813541267
701.0 0.00032903758437896613
702.0 0.00017082817294067354
703.0 0.00033251972126890905
704.0 0.0004942112354910932
705.0 0.00034026838875433896
706.0 0.00018632529190654168
707.0 1.599846448895048e-10
708.0 1.599846448895048e-10
709.0 1.599846448895048e-10
710.0 1.599846448895048e-10
711.0 0.0002704954795262893
712.0 0.0005557995791605208
713.0 0.0004223599717079196
714.0 0.00028892043246742105
715.0 0.0003420310576984775
716.0 0.00039514170566690154
717.0 0.0002826117679433082
718.0 0.00017008185295708245
719.0 0.00038769062484789174
720.0 0.0006052992830518633
721.0 0.00032755926895333687
722.0 4.981930032954551e-05
723.0 0.0001563352270750329
724.0 0.0002628511083457852
725.0 0.00040302293200511485
726.0 0.0005431949375633849
727.0 0.00023425855033565313
728.0 1.599846448895048e-10
729.0 9.836847993938136e-05
730.0 0.00027141468308400363
731.0 0.00047006228669488337
732.0 0.0006687101176794386
733.0 0.00021188027403695742
734.0 1.599846448895048e-10
735.0 1.599846448895048e-10
736.0 1.599846448895048e-10
737.0 0.00025704323434183607
738.0 0.0008925329893827438
739.0 0.0005903862529521575
740.0 0.00028823922093579313
741.0 0.00010931382803391898
742.0 1.599846448895048e-10
743.0 1.599846448895048e-10
744.0 1.599846448895048e-10
745.0 0.0001734075226522691
746.0 0.0007260603069880744
747.0 0.00038349908209056593
748.0 4.0937885614766856e-05
749.0 1.599846448895048e-10
750.0 1.599846448895048e-10
751.0 1.599846448895048e-10
752.0 0.00013082390069030225
753.0 0.0002886538595703314
754.0 0.00044648377297562547
755.0 1.599846448895048e-10
756.0 1.599846448895048e-10
757.0 1.599846448895048e-10
758.0 1.599846448895048e-10
759.0 0.00013826477243128465
760.0 0.0007767293936922215
761.0 0.0003514940317472792
762.0 1.599846448895048e-10
763.0 1.599846448895048e-10
764.0 1.599846448895048e-10
765.0 8.307783332384133e-05
766.0 0.00047486032599408645
767.0 1.7434955168482702e-05
768.0 1.599846448895048e-10
769.0 1.599846448895048e-10
770.0 1.599846448895048e-10
771.0 1.599846448895048e-10
772.0 1.599846448895048e-10
773.0 0.0002731557970037102
774.0 0.0006774795110686682
775.0 0.0004049653398396913
776.0 0.00013245098671177402
777.0 0.0002810628757288214
778.0 0.00042967481022060383
779.0 0.0006630819370911922
780.0 0.0008964889275375754
781.0 0.0007588448625028832
782.0 0.0006212007065187208
783.0 0.000439324230683269
784.0 0.0002574478003225522
785.0 0.00023156778752309037
786.0 0.00020568743366311537
787.0 0.0004950037691742182
788.0 0.0007843199455237482
789.0 0.0006752522494934965
790.0 0.000566184644412715
791.0 0.0005083556970930658
792.0 0.0004505265678744763
793.0 0.0006266263881116174
794.0 0.000802725935500348
795.0 0.0007878680662543047
796.0 0.0007730100151093211
797.0 0.0003377254188308143
798.0 1.599846448895048e-10
799.0 0.0004270285444363253
800.0 0.000951616220845608
801.0 0.00047934549911587965
802.0 7.074730490330694e-06
803.0 0.0003138166903227102
804.0 0.0006205586032592691
805.0 0.0009490758202446159
806.0 0.0012775930372299626
807.0 0.0006472805580415297
808.0 1.69681243278319e-05
809.0 1.599846448895048e-10
810.0 1.599846448895048e-10
811.0 0.00019013007204193855
812.0 0.000510215386384516
813.0 0.0007541915238107322
814.0 0.0009981676157622132
815.0 0.0011145941243739799
816.0 0.0012310199963394552
817.0 0.0009941039024852216
818.0 0.0007571878541057231
819.0 0.0008695217729837168
820.0 0.0009818558282859158
821.0 0.0009058244359039236
822.0 0.0008297929525724612
823.0 0.0007072560038068332
824.0 0.0005847192369401455
825.0 0.0006128670975158457
826.0 0.0006410150945157511
827.0 0.0006454411504819291
828.0 0.0006498673428723123
829.0 0.0004595818609232083
830.0 0.00026929644718620693
831.0 0.00014966229855417623
832.0 3.002830908371834e-05
833.0 0.00036451892810873687
834.0 0.0006990094334469177
835.0 9.10095536710287e-05
836.0 1.599846448895048e-10
837.0 1.599846448895048e-10
838.0 0.0001954707386175869
839.0 0.0005616674570774194
840.0 0.000927864221011987
841.0 0.0011099248695245478
842.0 0.0012919855180371087
843.0 0.0010051340723293833
844.0 0.0007182824447227176
845.0 0.0007106701559678186
846.0 0.0007030578217381844
847.0 0.000989901218417799
848.0 0.0012767446605721489
849.0 0.0009917433999362402
850.0 0.0007067418209771859
851.0 0.0009517539183434565
852.0 0.0011967660611844622
853.0 0.0004889735919277882
854.0 1.599846448895048e-10
855.0 1.599846448895048e-10
856.0 1.599846448895048e-10
857.0 0.00019271903966000536
858.0 0.0010716431461332832
859.0 0.0010926612048933748
860.0 0.0011136790817545261
861.0 0.0013607934306492098
862.0 0.001607908052392304
863.0 0.0018090568119077943
864.0 0.002010205753322225
865.0 0.002097493052133359
866.0 0.0021847807147423737
867.0 0.0028210752134327777
868.0 0.0034573695302242413
869.0 0.0030551131203537807
870.0 0.0026528563466854393
871.0 0.0031503681384492666
872.0 0.0036478802940109745
873.0 0.0028070875487173907
874.0 0.0019662951672216877
875.0 0.002626040622999426
876.0 0.0032857857149792835
