lsstCam/transmission_filter_detector/r14_s00/r_57/19700101T000000.ecsv
# %ECSV 1.0
# ---
# datatype:
# - {name: wavelength, unit: nm, datatype: float32}
# - {name: efficiency, unit: '%', datatype: float64}
# meta: !!omap
# - {MODE: DETECTOR}
# - {TYPE: transmission_filter_detector}
# - {CALIBDATE: '1970-01-01T00:00:00'}
# - {INSTRUME: LSSTCam}
# - {OBSTYPE: transmission_filter_detector}
# - {CALIBCLS: lsst.ip.isr.IntermediateFilterDetectorTransmissionCurve}
# - {SOURCE: Materion (DM-46256)}
# - {DETECTOR: 63}
# - {FILTER: r_57}
# - {CALIB_ID: 'calibDate=1970-01-01T00:00:00 filter=r_57 detector=63'}
# - {DATE: '2025-04-02T15:59:44.475102'}
# - {CALIB_CREATION_DATE: '2025-04-02'}
# - {CALIB_CREATION_TIME: '15:59:44'}
# - __serialized_columns__:
#     efficiency:
#       __class__: astropy.units.quantity.Quantity
#       unit: !astropy.units.Unit {unit: '%'}
#       value: !astropy.table.SerializedColumn {name: efficiency}
#     wavelength:
#       __class__: astropy.units.quantity.Quantity
#       unit: !astropy.units.Unit {unit: nm}
#       value: !astropy.table.SerializedColumn {name: wavelength}
# schema: astropy-2.0
wavelength efficiency
[from data line 603]
903.0 1.6530838113301694e-10
904.0 1.6530838113301694e-10
905.0 8.083994202934264e-05
906.0 2.646341386025597e-05
907.0 1.6530838113301694e-10
908.0 1.6530838113301694e-10
909.0 1.6530838113301694e-10
910.0 1.6530838113301694e-10
911.0 1.6530838113301694e-10
912.0 1.6530838113301694e-10
913.0 1.6530838113301694e-10
914.0 1.6530838113301694e-10
915.0 2.360627036068763e-05
916.0 3.6671803371746137e-06
917.0 1.6530838113301694e-10
918.0 6.12582311987353e-05
919.0 0.00013878831168767647
920.0 7.14170482751797e-05
921.0 4.045758572601699e-06
922.0 9.152821007774037e-05
923.0 0.00017901066939884913
924.0 0.00020299642073950963
925.0 0.0002269821834488539
926.0 0.0001791080421753577
927.0 0.00013123391227054526
928.0 0.00013405766594587476
929.0 0.0001368814423585718
930.0 0.0002050214789051097
931.0 0.0002731615495576989
932.0 0.00013772731790595572
933.0 2.29314398580982e-06
934.0 0.00011675261930577108
935.0 0.00023121206140785944
936.0 0.0002756607955234358
937.0 0.0003201095523763797
938.0 0.0003341883029861492
939.0 0.00034826712180802133
940.0 0.0003003154006364639
941.0 0.0002523636567275389
942.0 0.00031214626687869895
943.0 0.00037192889976722654
944.0 0.0003160359938192414
945.0 0.00026014311060862383
946.0 0.00029054599508526735
947.0 0.0003209488568245433
948.0 0.0004692005404649535
949.0 0.000617452360529569
950.0 0.0006429467703128466
951.0 0.0006684412255708594
952.0 0.0007643733624718152
953.0 0.0008603055903222412
954.0 0.001190529019368114
955.0 0.0015207528122118674
956.0 0.0015751355022075586
957.0 0.0016295181922032498
958.0 0.0017055908756447025
959.0 0.0017816639228840359
960.0 0.0019507471733959392
961.0 0.002119830787705723
962.0 0.0022777319827582687
963.0 0.002435633541608695
964.0 0.002437404873489868
965.0 0.00243917584157316
966.0 0.002374013274675235
967.0 0.00230885052587837
968.0 0.0022639771486865357
969.0 0.002219103953393642
970.0 0.002324472188774962
971.0 0.0024298406060552225
972.0 0.0025103534426307306
973.0 0.002590865915408358
974.0 0.0028372998713166453
975.0 0.0030837338272249326
976.0 0.0032025382097344846
977.0 0.0033213425922440365
978.0 0.003195953104295768
979.0 0.00307056398014538
980.0 0.0030186338335624896
981.0 0.0029667036869795993
982.0 0.003126591764157638
983.0 0.0032864798413356766
984.0 0.0032161929993890226
985.0 0.003145905793644488
986.0 0.0030288900234154426
987.0 0.0029118744350853376
988.0 0.0027324180337018333
989.0 0.0025529618142172694
990.0 0.002596390731923748
991.0 0.002639819467731286
992.0 0.0026894584152614698
993.0 0.0027390977265895344
994.0 0.002757326183200348
995.0 0.0027755539122154005
996.0 0.00281797274510609
997.0 0.002860391396097839
998.0 0.002991725705214776
999.0 0.0031230600143317133
1000.0 0.0032524807465961203
1001.0 0.003381901842658408
1002.0 0.00358071229129564
1003.0 0.0037795227399328724
1004.0 0.003928095975425094
1005.0 0.004076669210917316
1006.0 0.0042752395529532805
1007.0 0.004473809894989245
1008.0 0.004418561002239585
1009.0 0.0043633117456920445
1010.0 0.00436726986663416
1011.0 0.004371228351374157
1012.0 0.004351324969320558
1013.0 0.004331421587266959
1014.0 0.00408361192967277
1015.0 0.0038358019082807004
1016.0 0.0036671550333267078
1017.0 0.0034985088859684765
1018.0 0.003050456325581763
1019.0 0.0026024043108918704
1020.0 0.0021717110939789563
1021.0 0.001741017695167102
1022.0 0.0015612662537023425
1023.0 0.0013815141755912919
1024.0 0.0014321894013846759
1025.0 0.0014828649000264704
1026.0 0.0013656892406288534
1027.0 0.001248513308382826
1028.0 0.0011269477909081616
1029.0 0.0010053820915345568
1030.0 0.0009511665666650515
1031.0 0.000896950405149255
1032.0 0.0008710665497346781
1033.0 0.0008451823305222206
1034.0 0.000819169326859992
1035.0 0.0007931561412988231
1036.0 0.0008430369234702084
1037.0 0.0008929173418437131
1038.0 0.0008496615919284523
1039.0 0.0008064059329626616
1040.0 0.0008061851985985413
1041.0 0.000805964464234421
1042.0 0.0009141729606199078
1043.0 0.001022381093207514
1044.0 0.0009768995369086042
1045.0 0.0009314183444075752
1046.0 0.0008392192285100464
1047.0 0.0007470202490367228
1048.0 0.0006885253242217004
1049.0 0.0006300305358308833
1050.0 0.0007018694304861128
1051.0 0.0007737083251413424
1052.0 0.0009802854947338346
1053.0 0.001186862209578976
1054.0 0.0011305762200208846
1055.0 0.0010742899576143827
1056.0 0.0010370354175393004
1057.0 0.0009997811503126286
1058.0 0.0007603240192111116
1059.0 0.0005208670245337998
1060.0 0.0009680144103185739
1061.0 0.001415161295881262
1062.0 0.0014404063222173136
1063.0 0.0014656514395028353
1064.0 0.0011627847015915904
1065.0 0.000859917690831935
1066.0 0.001218003217218211
1067.0 0.0015760886526550166
1068.0 0.0018642665963852778
1069.0 0.0021524441763176583
1070.0 0.0016374508049921133
1071.0 0.001122457251767628
1072.0 0.0013153217878425494
1073.0 0.001508186414866941
1074.0 0.0021846350136911497
1075.0 0.002861083521565888
1076.0 0.0032027059205574915
1077.0 0.0035443285014480352
1078.0 0.0038611404306720942
1079.0 0.004177952359896153
1080.0 0.004294631798984483
1081.0 0.004411310874274932
1082.0 0.004255342355463654
1083.0 0.004099373836652376
1084.0 0.004628762326319702
1085.0 0.005158150088391267
1086.0 0.004904259549221024
1087.0 0.0046503686462529
1088.0 0.004724047903437167
1089.0 0.004797727524419315
1090.0 0.004756465932587162
1091.0 0.004715204340755008
1092.0 0.004199505929136649
1093.0 0.00368380788131617
1094.0 0.004190372419543564
1095.0 0.004696936593973078
1096.0 0.003534344068611972
1097.0 0.0023717515432508662
1098.0 0.0017285286958212964
1099.0 0.001085306030290667
1100.0 0.001666603930061683
1101.0 0.002247901284135878
