lsstCam/transmission_filter_detector/r14_s00/r_57/19700101T000000.ecsv
# %ECSV 1.0
# ---
# datatype:
# - {name: wavelength, unit: nm, datatype: float32}
# - {name: efficiency, unit: '%', datatype: float64}
# meta: !!omap
# - {MODE: DETECTOR}
# - {TYPE: transmission_filter_detector}
# - {CALIBDATE: '1970-01-01T00:00:00'}
# - {INSTRUME: LSSTCam}
# - {OBSTYPE: transmission_filter_detector}
# - {CALIBCLS: lsst.ip.isr.IntermediateFilterDetectorTransmissionCurve}
# - {SOURCE: Materion (DM-46256)}
# - {DETECTOR: 63}
# - {FILTER: r_57}
# - {CALIB_ID: 'calibDate=1970-01-01T00:00:00 filter=r_57 detector=63'}
# - {DATE: '2025-04-02T15:59:44.475102'}
# - {CALIB_CREATION_DATE: '2025-04-02'}
# - {CALIB_CREATION_TIME: '15:59:44'}
# - __serialized_columns__:
#     efficiency:
#       __class__: astropy.units.quantity.Quantity
#       unit: !astropy.units.Unit {unit: '%'}
#       value: !astropy.table.SerializedColumn {name: efficiency}
#     wavelength:
#       __class__: astropy.units.quantity.Quantity
#       unit: !astropy.units.Unit {unit: nm}
#       value: !astropy.table.SerializedColumn {name: wavelength}
# schema: astropy-2.0
wavelength efficiency
300.0 0.003471017407719046
301.0 0.008226336649386212
302.0 0.012981657346244901
303.0 0.015202352369669825
304.0 0.017423050303477794
305.0 0.015479238936677575
306.0 0.013535427569877356
307.0 0.012278632493689656
308.0 0.011021837417501956
309.0 0.009886740008369088
310.0 0.008751643326831982
311.0 0.00798977489466779
312.0 0.00722790791769512
313.0 0.006540108006447554
314.0 0.005852309186593629
315.0 0.005744605732616037
316.0 0.005636903370032087
317.0 0.005324244193616323
318.0 0.00501158538099844
319.0 0.004512268424150534
320.0 0.004012953286292031
321.0 0.00374122682842426
322.0 0.0034695003705564886
323.0 0.0032549745810683817
324.0 0.0030404475182876922
325.0 0.0031092884455574676
326.0 0.0031781291909283027
327.0 0.0033308642741758376
328.0 0.0034835993574233726
329.0 0.0034696193324634805
330.0 0.00345564003509935
331.0 0.0031978099286789075
332.0 0.0029399807317531668
333.0 0.002706056329770945
334.0 0.0024721321096876636
335.0 0.0021374638890847564
336.0 0.0018027954865829088
337.0 0.001649188379815314
338.0 0.0014955810911487788
339.0 0.0014142232430458535
340.0 0.001332865303993458
341.0 0.0012700273146037944
342.0 0.0012071893252141308
343.0 0.0011891444046341348
344.0 0.0011710993931046687
345.0 0.001125836934079416
346.0 0.0010805744750541635
347.0 0.0010434545401949435
348.0 0.0010063346053357236
349.0 0.001031796000461327
350.0 0.005854565097251907
351.0 0.006041856249794364
352.0 0.006229147402336821
353.0 0.005178531500860117
354.0 0.004127916326979175
355.0 0.004290524157113396
356.0 0.004453133078641258
357.0 0.0064321829995606095
358.0 0.008411234011873603
359.0 0.006268962169997394
360.0 0.004126690691919066
361.0 0.0029248438295326196
362.0 0.0017229971490451135
363.0 0.0025375675249961205
364.0 0.003352137719048187
365.0 0.003774106517084874
366.0 0.004196075315121561
367.0 0.0034275904909009114
368.0 0.0026591051209834404
369.0 0.002147613122360781
370.0 0.0016361213056370616
371.0 0.002286432027176488
372.0 0.0029367431125137955
373.0 0.003115745130344294
374.0 0.003294746784376912
375.0 0.0030879993573762476
376.0 0.002881252294173464
377.0 0.0014293318599811755
378.0 1.6530838113301694e-10
379.0 0.0007974526852194685
380.0 0.0016174939446500503
381.0 0.002473090535204392
382.0 0.003328687307657674
383.0 0.0033404103305656463
384.0 0.0033521333534736186
385.0 0.004403954153531231
386.0 0.005455774589790963
387.0 0.004957873170496896
388.0 0.0044599713874049485
389.0 0.003752059637918137
390.0 0.0030441473427345045
391.0 0.0020343477444839664
392.0 0.0010245481462334283
393.0 0.0011766520401579328
394.0 0.0013287555702845566
395.0 0.0011310235095152166
396.0 0.0009332913577964064
397.0 0.0008319398148159962
398.0 0.0007305886811082019
399.0 0.0006033444606146077
400.0 0.0004760997398989275
401.0 0.00021725272745243274
402.0 1.6530838113301694e-10
403.0 8.570988256906276e-05
404.0 0.00021301498236425687
405.0 0.0007242282208608231
406.0 0.0012354411410342436
407.0 0.0017444079276174307
408.0 0.0022533746232511476
409.0 0.0018946006093756296
410.0 0.0015358265955001116
411.0 0.001047147270583082
412.0 0.0005584680820902577
413.0 0.0006730939730914542
414.0 0.0007877199095673859
415.0 0.0007817937330401037
416.0 0.0007758680112601724
417.0 0.0013236563063401263
418.0 0.0018714450561674312
419.0 0.002302445864188485
420.0 0.0027334470360074192
421.0 0.00425517646363005
422.0 0.005776905891252682
423.0 0.009150114055955783
424.0 0.012523321493063122
425.0 0.01687227195361629
426.0 0.021221218048594892
427.0 0.021659801132045686
428.0 0.022098385670688003
429.0 0.01688937918515876
430.0 0.011680374154821038
431.0 0.008410913869738579
432.0 0.005141453584656119
433.0 0.004164235724601895
434.0 0.0031870171369519085
435.0 0.00250957855314482
436.0 0.0018321396055398509
437.0 0.0016290608982671984
438.0 0.0014259821909945458
439.0 0.0011941229786316399
440.0 0.0009622637662687339
441.0 0.0012262268683116417
442.0 0.0014901900613040198
443.0 0.0017658492652117275
444.0 0.0020415085600689054
445.0 0.0018816523152054287
446.0 0.0017217960703419521
447.0 0.0016033689462346956
448.0 0.0014849419130769093
449.0 0.001580418938829098
450.0 0.0016758955098339356
451.0 0.0017970263797906227
452.0 0.0019181572497473098
453.0 0.0017519836546853185
454.0 0.0015858102415222675
455.0 0.0014249902960727923
456.0 0.0012641706234717276
457.0 0.0009065561243914999
458.0 0.0005489415798365371
459.0 0.0008313564649142791
460.0 0.001113771304517286
461.0 0.001771654024196323
462.0 0.0024295362891280092
463.0 0.0031647585274185985
464.0 0.003899980947608128
465.0 0.005017159492126666
466.0 0.006134338036645204
467.0 0.006742258847225457
468.0 0.007350181112997234
469.0 0.0062771112425252795
470.0 0.005204042827244848
471.0 0.003946404103771783
472.0 0.0026887648346018977
473.0 0.002224298077635467
474.0 0.001759831138770096
475.0 0.0014379198546521366
476.0 0.0011160089343320578
477.0 0.0008962402716861106
478.0 0.0006764715180906933
479.0 0.0009145379408437293
480.0 0.001152604181697825
481.0 0.0009016804142447654
482.0 0.0006507568741653813
483.0 0.0007274596555362223
484.0 0.000804162300482858
485.0 0.0006943620519450633
486.0 0.0005845616669830633
487.0 0.0006437906904466217
488.0 0.00070301962296071
489.0 0.0006785365712858038
490.0 0.0006540535650856327
491.0 0.000819230899651302
492.0 0.0009844082342169713
493.0 0.0010786714483401738
494.0 0.0011729346624633763
495.0 0.0010605570423649624
496.0 0.0009481793313170783
497.0 0.0011553257536434103
498.0 0.0013624719031213317
499.0 0.0013236232007329818
500.0 0.0012847747711930424
501.0 0.0015256160622811876
502.0 0.0017664577171672136
503.0 0.002170359766751062
504.0 0.002574261998233851
505.0 0.003150058546452783
506.0 0.0037258549127727747
507.0 0.004386994623928331
508.0 0.0050481336074881256
509.0 0.005496761514223181
510.0 0.005945388329564594
511.0 0.00530516444996465
512.0 0.004664939842768945
513.0 0.003943821138818748
514.0 0.003222702071070671
515.0 0.003078169538639486
516.0 0.002933637188107241
517.0 0.0027735450203181244
518.0 0.002613452852529008
519.0 0.06793933571316302
520.0 0.10762595338746905
521.0 0.0965266430284828
522.0 0.052521005272865295
523.0 0.1354896230623126
524.0 0.12389183975756168
525.0 0.09941919706761837
526.0 0.0856660830322653
527.0 0.13955013127997518
528.0 0.17394190654158592
529.0 0.15483314637094736
530.0 0.18676561303436756
531.0 0.22380619775503874
532.0 0.2642825013026595
533.0 0.37519976031035185
534.0 0.4585288465023041
535.0 0.640601385384798
536.0 0.9865880943834782
537.0 1.613444834947586
538.0 2.392212487757206
539.0 3.7192080169916153
540.0 5.742364376783371
541.0 8.139480650424957
542.0 11.131612211465836
543.0 14.87649381160736
544.0 19.57460641860962
545.0 24.764998257160187
546.0 31.003078818321228
547.0 37.93626129627228
548.0 46.277788281440735
549.0 54.43112254142761
550.0 60.15897989273071
551.0 67.23365783691406
552.0 71.39585614204407
553.0 75.7689118385315
554.0 79.05417680740356
555.0 83.0084502696991
556.0 86.60722970962524
557.0 88.99089097976685
558.0 91.88899993896484
559.0 93.98656487464905
560.0 94.15740370750427
561.0 95.14828324317932
562.0 95.91723680496216
563.0 95.38959264755249
564.0 95.83975076675415
565.0 95.58924436569214
566.0 95.94807624816895
567.0 95.7113265991211
568.0 96.223384141922
569.0 96.80656790733337
570.0 96.40984535217285
571.0 97.55712747573853
572.0 97.09970951080322
573.0 96.82449102401733
574.0 96.973717212677
575.0 97.09807634353638
576.0 97.29755520820618
577.0 97.02814817428589
578.0 97.2792387008667
579.0 97.23108410835266
580.0 96.61146402359009
581.0 96.6960072517395
582.0 96.70603275299072
583.0 96.81643843650818
584.0 96.19009494781494
585.0 96.78903818130493
586.0 96.99956774711609
587.0 96.51966691017151
588.0 96.65119051933289
589.0 97.22278118133545
590.0 96.83586955070496
591.0 96.43052220344543
592.0 96.1297333240509
593.0 96.01755142211914
594.0 96.22957110404968
595.0 96.8228280544281
596.0 97.11458086967468
597.0 97.54537343978882
598.0 96.81463241577148
599.0 97.2227394580841
600.0 97.00881838798523
601.0 96.13412618637085
602.0 96.9857394695282
603.0 96.46551012992859
604.0 96.33741974830627
605.0 96.75976634025574
606.0 96.24617099761963
607.0 96.26363515853882
608.0 96.40395045280457
609.0 95.5535888671875
610.0 96.44933938980103
611.0 95.95025181770325
612.0 95.94120979309082
613.0 97.04420566558838
614.0 96.63010835647583
615.0 96.3232934474945
616.0 96.49759531021118
617.0 96.68869972229004
618.0 96.67412042617798
619.0 97.03907370567322
620.0 96.12113833427429
621.0 95.87084650993347
622.0 96.81708216667175
623.0 96.83783054351807
624.0 96.63836359977722
625.0 97.16984629631042
626.0 96.47329449653625
627.0 95.36529183387756
628.0 97.28953838348389
629.0 95.63201069831848
630.0 96.55864834785461
631.0 96.29981517791748
632.0 96.86353206634521
633.0 96.51848077774048
634.0 95.80479264259338
635.0 96.3108479976654
636.0 96.6009259223938
637.0 95.671945810318
638.0 95.56182026863098
639.0 95.45392990112305
640.0 95.6100344657898
641.0 95.58783173561096
642.0 95.96947431564331
643.0 96.35323882102966
644.0 96.37331366539001
645.0 96.54014706611633
646.0 96.06272578239441
647.0 97.48895168304443
648.0 96.7212438583374
649.0 95.9808349609375
650.0 96.39679789543152
651.0 97.03013300895691
652.0 97.00950384140015
653.0 96.4360773563385
654.0 96.62030935287476
655.0 96.71748280525208
656.0 95.81149816513062
657.0 96.19265794754028
658.0 96.68947458267212
659.0 96.62549495697021
660.0 95.77738046646118
661.0 95.58655023574829
662.0 95.89468836784363
663.0 95.88325619697571
664.0 95.52232027053833
665.0 95.47473788261414
666.0 95.59003710746765
667.0 95.81565260887146
668.0 94.91848945617676
669.0 95.56148648262024
670.0 95.43923139572144
671.0 95.73305249214172
672.0 95.21898031234741
673.0 95.1657772064209
674.0 95.06329894065857
675.0 95.58358788490295
676.0 94.97794508934021
677.0 93.58389973640442
678.0 93.02157759666443
679.0 91.68672561645508
680.0 90.97243547439575
681.0 88.97368907928467
682.0 86.63469552993774
683.0 83.77954959869385
684.0 80.19337058067322
685.0 76.49350166320801
686.0 72.56796956062317
687.0 67.84406900405884
688.0 63.42580318450928
689.0 59.05457139015198
690.0 54.099905490875244
691.0 49.95579719543457
692.0 45.22599279880524
693.0 40.74225723743439
694.0 35.31709015369415
695.0 30.152627825737
696.0 24.528969824314117
697.0 19.50289160013199
698.0 14.02464359998703
699.0 9.844643622636795
700.0 6.742071360349655
701.0 4.066075757145882
702.0 2.5211598724126816
703.0 1.4625362120568752
704.0 0.8364120498299599
705.0 0.4997778683900833
706.0 0.3263611812144518
707.0 0.191648758482188
708.0 0.1528162625618279
709.0 0.13503057416528463
710.0 0.06026325863786042
711.0 0.07320022559724748
712.0 0.05459905369207263
713.0 0.09982283227145672
714.0 0.0338532030582428
715.0 0.0349943817127496
716.0 0.019299302948638797
717.0 0.06718113436363637
718.0 0.026693643303588033
719.0 0.06865488830953836
720.0 1.6530838113301694e-10
721.0 0.004271097350283526
722.0 0.004013628131360747
723.0 0.0037561592762358487
724.0 0.003490486051305197
725.0 0.0032248128263745457
726.0 0.0029842893127352
727.0 0.0027437659809947945
728.0 0.002626567402330693
729.0 0.0025093684598687105
730.0 0.002330667484784499
731.0 0.002151967055397108
732.0 0.002106073225149885
733.0 0.002060179576801602
734.0 0.001977825377252884
735.0 0.0018954709958052263
736.0 0.001717991108307615
737.0 0.0015405112208100036
738.0 0.0015447809346369468
739.0 0.00154905064846389
740.0 0.0015483059542020783
741.0 0.0015475616237381473
742.0 0.0014100715816312004
743.0 0.0012725815395242535
744.0 0.0013069630767859053
745.0 0.0013413444321486168
746.0 0.0012682953638432082
747.0 0.0011952462045883294
748.0 0.0010680958439479582
749.0 0.0009409453923581168
750.0 0.0009642987606639508
751.0 0.0009876524927676655
752.0 0.0010482049219717737
753.0 0.0011087571692769416
754.0 0.001084106133930618
755.0 0.0010594553714327049
756.0 0.0010019668479799293
757.0 0.0009444780516787432
758.0 0.0010026945346908178
759.0 0.0010609109267534222
760.0 0.0010310407560609747
761.0 0.0010011707672674675
762.0 0.0009909674190566875
763.0 0.000980764343694318
764.0 0.0009779319952940568
765.0 0.0009750997378432658
766.0 0.0007752524652460124
767.0 0.0005754052835982293
768.0 0.000567058259548503
769.0 0.0005587110081251012
770.0 0.0007101931259967387
771.0 0.0008616754712420516
772.0 0.0007820005521352869
773.0 0.0007023253601801116
774.0 0.0008142153092194349
775.0 0.0009261051673092879
776.0 0.0008603148671681993
777.0 0.0007945245670271106
778.0 0.0008180907570931595
779.0 0.0008416570381086785
780.0 0.0007073876531649148
781.0 0.0005731183136958862
782.0 0.0006946720077394275
783.0 0.0008162257472577039
784.0 0.0008024302587728016
785.0 0.000788634588388959
786.0 0.000676647869113367
787.0 0.0005646611043630401
788.0 0.0006372576081048464
789.0 0.0007098542482708581
790.0 0.0007768366231175605
791.0 0.0008438189070147928
792.0 0.0008083756256382912
793.0 0.0007729323442617897
794.0 0.0008050427823036443
795.0 0.0008371529474970885
796.0 0.000693720176059287
797.0 0.0005502873591467505
798.0 0.0006895119440741837
799.0 0.000828736574476352
800.0 0.0007569283752673073
801.0 0.0006851199486845871
802.0 0.0005892428362130886
803.0 0.0004933654054184444
804.0 0.0006220191608008463
805.0 0.0007506729161832482
806.0 0.0006381632374541368
807.0 0.0005256536041997606
808.0 0.0006458427378674969
809.0 0.0007660318260604981
810.0 0.0006472497261711396
811.0 0.0005284679446049267
812.0 0.0006050097454135539
813.0 0.000681551500747446
814.0 0.0005599025371338939
815.0 0.000438253618995077
816.0 0.0005453193352877861
817.0 0.0006523851880047005
818.0 0.0006480558568000561
819.0 0.0006437265255954117
820.0 0.00045625597522302996
821.0 0.00026878535663854564
822.0 0.0003323112650832627
823.0 0.0003958372417400824
824.0 0.00042718097574834246
825.0 0.00045852470975660253
826.0 0.0005057599537394708
827.0 0.0005529951067728689
828.0 0.0003889888375852024
829.0 0.00022498256839753594
830.0 0.00016713211152818985
831.0 0.00010928167739621131
832.0 6.781854722248681e-05
833.0 2.6355419890933263e-05
834.0 1.6530838113301694e-10
835.0 1.6530838113301694e-10
836.0 0.00027229591523791896
837.0 0.0005717824933526572
838.0 0.0006960719929338666
839.0 0.0008203615834645461
840.0 0.001187385441880906
841.0 0.0015544092093477957
842.0 0.0021784160708193667
843.0 0.0028024229322909378
844.0 0.003166218812111765
845.0 0.0035300152376294136
846.0 0.0038305319321807474
847.0 0.004131048626732081
848.0 0.0037087691453052685
849.0 0.0032864889362826943
850.0 0.0025211535103153437
851.0 0.0017558182662469335
852.0 0.0014853704669803847
853.0 0.0012149225767643657
854.0 0.0010429818757984322
855.0 0.0008710409019840881
856.0 0.0006690020200039726
857.0 0.0004669632289733272
858.0 0.0005520404556591529
859.0 0.0006371175913955085
860.0 0.0005587726718658814
861.0 0.0004804276159120491
862.0 0.0004576774244924309
863.0 0.00043492723307281267
864.0 0.0002842531785063329
865.0 0.0001335791921519558
866.0 0.00016423093711637193
867.0 0.00019488265934342053
868.0 0.00021258138076518662
869.0 0.00023028005671221763
870.0 0.00010491354487385252
871.0 1.6530838113301694e-10
872.0 1.6530838113301694e-10
873.0 1.6530838113301694e-10
874.0 1.6530838113301694e-10
875.0 1.6530838113301694e-10
876.0 1.6530838113301694e-10
877.0 7.635596261934552e-05
878.0 0.00017582719920028467
879.0 0.0002752984073595144
880.0 0.00018895896118920064
881.0 0.00010261948091283557
882.0 0.00010239756420560298
883.0 0.00010217567023573793
884.0 1.6530838113301694e-10
885.0 1.6530838113301694e-10
886.0 1.6530838113301694e-10
887.0 0.00010664117553460528
888.0 0.00018553622567196726
889.0 0.000264431287178013
890.0 0.0002215427912233281
891.0 0.0001786542497939081
892.0 3.645603783297702e-05
893.0 1.6530838113301694e-10
894.0 1.6530838113301694e-10
895.0 7.451143915204739e-05
896.0 8.090682968031615e-05
897.0 8.730226568332e-05
898.0 7.181958494584251e-05
899.0 5.633689852402313e-05
900.0 2.21749573370289e-05
901.0 1.6530838113301694e-10
