lsstCam/transmission_filter_detector/r33_s10/y_10/19700101T000000.ecsv
# %ECSV 1.0
# ---
# datatype:
# - {name: wavelength, unit: nm, datatype: float32}
# - {name: efficiency, unit: '%', datatype: float64}
# meta: !!omap
# - {MODE: DETECTOR}
# - {TYPE: transmission_filter_detector}
# - {CALIBDATE: '1970-01-01T00:00:00'}
# - {INSTRUME: LSSTCam}
# - {OBSTYPE: transmission_filter_detector}
# - {CALIBCLS: lsst.ip.isr.IntermediateFilterDetectorTransmissionCurve}
# - {SOURCE: Materion (DM-46256)}
# - {DETECTOR: 147}
# - {FILTER: y_10}
# - {CALIB_ID: 'calibDate=1970-01-01T00:00:00 filter=y_10 detector=147'}
# - {DATE: '2025-04-02T15:59:51.424998'}
# - {CALIB_CREATION_DATE: '2025-04-02'}
# - {CALIB_CREATION_TIME: '15:59:51'}
# - __serialized_columns__:
#     efficiency:
#       __class__: astropy.units.quantity.Quantity
#       unit: !astropy.units.Unit {unit: '%'}
#       value: !astropy.table.SerializedColumn {name: efficiency}
#     wavelength:
#       __class__: astropy.units.quantity.Quantity
#       unit: !astropy.units.Unit {unit: nm}
#       value: !astropy.table.SerializedColumn {name: wavelength}
# schema: astropy-2.0
wavelength efficiency
300.0 0.022974943567533046
301.0 0.02392089954810217
302.0 0.024866851163096726
303.0 0.020630859944503754
304.0 0.016394870181102306
305.0 0.013103052333462983
306.0 0.009811230847844854
307.0 0.0108612839540001
308.0 0.011911337787751108
309.0 0.010615748033160344
310.0 0.009320161188952625
311.0 0.006279515218921006
312.0 0.0032388717954745516
313.0 0.006149562250357121
314.0 0.009060251613846049
315.0 0.005216696445131674
316.0 0.0013731390026805457
317.0 0.0019431770851952024
318.0 0.0025132148948614486
319.0 0.0010228980499960016
320.0 1.5934985535953627e-10
321.0 0.00022958543013373856
322.0 0.0009265907465305645
323.0 0.002472644700901583
324.0 0.004018698746222071
325.0 0.0027486625185701996
326.0 0.0014786265637667384
327.0 0.0021563035261351615
328.0 0.0028339800337562338
329.0 0.0035560340620577335
330.0 0.004278087726561353
331.0 0.003386038588359952
332.0 0.0024939901777543128
333.0 0.0024458957341266796
334.0 0.0023978009267011657
335.0 0.0021205956727499142
336.0 0.0018433898731018417
337.0 0.0018703238310990855
338.0 0.0018972577890963294
339.0 0.0015260988220688887
340.0 0.0011549399459909182
341.0 0.0010743955499492586
342.0 0.0009938510629581288
343.0 0.0010513688721403014
344.0 0.0011088867722719442
345.0 0.001165060621133307
346.0 0.00122123456094414
347.0 0.001312217955273809
348.0 0.0014032015315024182
349.0 0.0009246720765077043
350.0 0.0004461427579371957
351.0 0.000886762427398935
352.0 0.0013273820513859391
353.0 0.0012676497135544196
354.0 0.0012079172847734299
355.0 0.0015900472135399468
356.0 0.0019721770513569936
357.0 0.0017936521544470452
358.0 0.0016151278032339178
359.0 0.0012323645023570862
360.0 0.0008496012924297247
361.0 0.0008576390428061131
362.0 0.0008656767022330314
363.0 0.0008611265002400614
364.0 0.0008565762982470915
365.0 0.0012831183994421735
366.0 0.0017096605006372556
367.0 0.0019661181795527227
368.0 0.0022225756765692495
369.0 0.0017790598576539196
370.0 0.00133554412968806
371.0 0.0013250783922558185
372.0 0.0013146128367225174
373.0 0.0016602136383880861
374.0 0.0020058141672052443
375.0 0.0028548005502671003
376.0 0.0037037869333289564
377.0 0.003904318145941943
378.0 0.0041048493585549295
379.0 0.003654008833109401
380.0 0.0032031690352596343
381.0 0.0024689308702363633
382.0 0.001734692523314152
383.0 0.001295820766245015
384.0 0.0008569487363274675
385.0 0.0008241866453317925
386.0 0.0007914244633866474
387.0 0.0005960040653008036
388.0 0.0004005835762654897
389.0 0.0004607506070897216
390.0 0.0005209176379139535
391.0 0.0005159562988410471
392.0 0.0005109948688186705
393.0 0.0005859591965418076
394.0 0.0006609233878407395
395.0 0.0006023407877364662
396.0 0.0005437581421574578
397.0 0.0006756149559805635
398.0 0.0008074716788541991
399.0 0.0009156361556961201
400.0 0.001023800541588571
401.0 0.0013147828212822787
402.0 0.0016057651009759866
403.0 0.0017068607121473178
404.0 0.0018079561414197087
405.0 0.00173966236616252
406.0 0.001671368590905331
407.0 0.001548861837363802
408.0 0.0014263546290749218
409.0 0.0012647051335079595
410.0 0.0011030553650925867
411.0 0.0010897190804826096
412.0 0.0010763827958726324
413.0 0.0009518010301690083
414.0 0.0008272194463643245
415.0 0.0007882826139393728
416.0 0.0007493456450902158
417.0 0.00020554184629872907
418.0 1.5934985535953627e-10
419.0 1.5934985535953627e-10
420.0 2.861575865154009e-05
421.0 0.00014420713796425844
422.0 0.0002597986849650624
423.0 0.0003559326614777092
424.0 0.0004520666607277235
425.0 1.908713187503963e-05
426.0 1.5934985535953627e-10
427.0 0.0003232171820855001
428.0 0.0010603267583064735
429.0 0.00041631665226304904
430.0 1.5934985535953627e-10
431.0 1.5934985535953627e-10
432.0 5.204242370382417e-05
433.0 1.5934985535953627e-10
434.0 1.5934985535953627e-10
435.0 8.271991873698425e-05
436.0 0.0004905066361970967
437.0 0.00027615235467237653
438.0 6.179818115015223e-05
439.0 0.0002625285560498014
440.0 0.0004632590389519464
441.0 0.00040796758185024373
442.0 0.00035267628391011385
443.0 0.0005599382348009385
444.0 0.0007672001629543956
445.0 0.00033303317650279496
446.0 1.5934985535953627e-10
447.0 0.00017666355915935128
448.0 0.00045446122385328636
449.0 0.00026455704755790066
450.0 7.465283147212176e-05
451.0 0.00023552922812086763
452.0 0.00039640572140342556
453.0 0.00020750942439917708
454.0 1.8612968233355787e-05
455.0 0.0006396050139301224
456.0 0.0012605969459400512
457.0 0.0006662995474471245
458.0 7.200189315881289e-05
459.0 1.5934985535953627e-10
460.0 1.5934985535953627e-10
461.0 9.492689514445374e-05
462.0 0.0003660940137706348
463.0 0.00048683828026696574
464.0 0.0006075825240259292
465.0 0.0006363660759234335
466.0 0.0006651496278209379
467.0 0.00088193264673464
468.0 0.0010987157111230772
469.0 0.0014598103007301688
470.0 0.0018209049812867306
471.0 0.001786099346645642
472.0 0.0017512935301056132
473.0 0.0019293556761112995
474.0 0.0021074180040159263
475.0 0.002393964314251207
476.0 0.0026805106244864874
477.0 0.003026424201379996
478.0 0.003372337596374564
479.0 0.003584055957617238
480.0 0.003795774682657793
481.0 0.004289518983568996
482.0 0.0047832629206823185
483.0 0.004417166928760707
484.0 0.0040510705730412155
485.0 0.003825714156846516
486.0 0.003600357740651816
487.0 0.003370963895577006
488.0 0.0031415696867043152
489.0 0.002732450229814276
490.0 0.002323330772924237
491.0 0.001964110015251208
492.0 0.0016048894394771196
493.0 0.0014745464795851149
494.0 0.0013442031558952294
495.0 0.0015813737263670191
496.0 0.0018185442968388088
497.0 0.0019207252989872359
498.0 0.002022906301135663
499.0 0.0021078669306007214
500.0 0.00219282774196472
501.0 0.0024981000024126843
502.0 0.0028033728085574694
503.0 0.0027585743737290613
504.0 0.0027137761207995936
505.0 0.0024966955606942065
506.0 0.0022796153643867
507.0 0.002303184737684205
508.0 0.0023267541109817103
509.0 0.0021044677851023152
510.0 0.0018821814592229202
511.0 0.0016999934814521112
512.0 0.001517805412731832
513.0 0.0019041668565478176
514.0 0.002290528755111154
515.0 0.0019432498447713442
516.0 0.0015959709344315343
517.0 0.0016644169591017999
518.0 0.0017328629837720655
519.0 0.0014764557818125468
520.0 0.0012200487617519684
521.0 0.0013932580259279348
522.0 0.0015664672901039012
523.0 0.001718425664876122
524.0 0.0018703838577494025
525.0 0.0020781910279765725
526.0 0.002285998380102683
527.0 0.0021858308173250407
528.0 0.0020856632545473985
529.0 0.002315287019882817
530.0 0.002544911149016116
531.0 0.0023705882995272987
532.0 0.002196265813836362
533.0 0.002145914186257869
534.0 0.002095562558679376
535.0 0.0018201651982963085
536.0 0.0015447678379132412
537.0 0.0017415008187526837
538.0 0.0019382341633900069
539.0 0.002474898792570457
540.0 0.003011563421750907
541.0 0.003408616248634644
542.0 0.0038056688936194405
543.0 0.004284622991690412
544.0 0.004763576725963503
545.0 0.004956681368639693
546.0 0.005149786011315882
547.0 0.004437223105924204
548.0 0.0037246602005325258
549.0 0.0030765455449
550.0 0.002428431253065355
551.0 0.0024603517886134796
552.0 0.0024922726879594848
553.0 0.0026891853849519975
554.0 0.002886098445742391
555.0 0.003594008376239799
556.0 0.004301917942939326
557.0 0.004384930434753187
558.0 0.0044679432903649285
559.0 0.004060266655869782
560.0 0.0036525900213746354
561.0 0.0037259713280946016
562.0 0.003799352634814568
563.0 0.0035285393096273765
564.0 0.003257725984440185
565.0 0.003388176264706999
566.0 0.0035186261811759323
567.0 0.0038390706322388723
568.0 0.004159515447099693
569.0 0.00481210918223951
570.0 0.005464702553581446
571.0 0.005863192200195044
572.0 0.006261681846808642
573.0 0.0062956722103990614
574.0 0.006329663301585242
575.0 0.006307618605205789
576.0 0.006285573181230575
577.0 0.005881434844923206
578.0 0.0054772965086158365
579.0 0.005432608668343164
580.0 0.0053879208280704916
581.0 0.006229196151252836
582.0 0.007070470746839419
583.0 0.00829891869216226
584.0 0.009527366637485102
585.0 0.009946294449036941
586.0 0.01036522226058878
587.0 0.010442772327223793
588.0 0.010520323849050328
589.0 0.010386048234067857
590.0 0.01025177407427691
591.0 0.00959960016189143
592.0 0.008947426249505952
593.0 0.0077676697401329875
594.0 0.006587913958355784
595.0 0.00591374009673018
596.0 0.005239568054093979
597.0 0.0056617893278598785
598.0 0.006084010601625778
599.0 0.00701951576047577
600.0 0.00795502055552788
601.0 0.009196527389576659
602.0 0.010438032040838152
603.0 0.01072047307388857
604.0 0.01100291556213051
605.0 0.01080913352780044
606.0 0.01061535076587461
607.0 0.009602122008800507
608.0 0.008588893251726404
609.0 0.0069817462645005435
610.0 0.005374599277274683
611.0 0.004333892138674855
612.0 0.003293185363872908
613.0 0.003289891901658848
614.0 0.0032865988032426685
615.0 0.004279589120415039
616.0 0.00527257943758741
617.0 0.006629969720961526
618.0 0.007987358549144119
619.0 0.009336336370324716
620.0 0.010685314191505313
621.0 0.010875686712097377
622.0 0.011066060687880963
623.0 0.011316224845359102
624.0 0.011566386092454195
625.0 0.010540738003328443
626.0 0.009515087003819644
627.0 0.007790276140440255
628.0 0.006065465640858747
629.0 0.004873723810305819
630.0 0.0036819819797528908
631.0 0.003051565363421105
632.0 0.002421148747089319
633.0 0.002461698022671044
634.0 0.002502247298252769
635.0 0.0027794576453743502
636.0 0.003056667628698051
637.0 0.0036381323297973722
638.0 0.0042195970308966935
639.0 0.0047853707656031474
640.0 0.005351144500309601
641.0 0.005393370156525634
642.0 0.005435595812741667
643.0 0.005703296483261511
644.0 0.005970996789983474
645.0 0.005128751945449039
646.0 0.0042865063733188435
647.0 0.003804071093327366
648.0 0.0033216365409316495
649.0 0.0026189389245701022
650.0 0.001916241308208555
651.0 0.0016754231182858348
652.0 0.0014346049283631146
653.0 0.001503075509390328
654.0 0.0015715460904175416
655.0 0.001425167101842817
656.0 0.001278788022318622
657.0 0.0013619659512187354
658.0 0.001445143971068319
659.0 0.001518489807494916
660.0 0.0015918356439215131
661.0 0.0016031104678404517
662.0 0.0016143852917593904
663.0 0.001827067717385944
664.0 0.002039749779214617
665.0 0.002629907612572424
666.0 0.003220065264031291
667.0 0.00394968046748545
668.0 0.004679295670939609
669.0 0.005478999082697555
670.0 0.0062787024944555014
671.0 0.00682886820868589
672.0 0.007379032467724755
673.0 0.0074752504588104784
674.0 0.0075714684498962015
675.0 0.00739783572498709
676.0 0.007224203727673739
677.0 0.005997346306685358
678.0 0.004770488158101216
679.0 0.0035342720366315916
680.0 0.0022980555513640866
681.0 0.0014327100871014409
682.0 0.0005673649411619408
683.0 0.00048380984480900224
684.0 0.00040025479393079877
685.0 0.0002950286216218956
686.0 0.00018980241520694108
687.0 0.00016870475292307674
688.0 0.00014760702242710977
689.0 0.00021790633581986185
690.0 0.00028820556963182753
691.0 8.272157856481499e-05
692.0 1.5934985535953627e-10
693.0 9.195669576911314e-05
694.0 0.0003066759290959453
695.0 0.0002562563622632297
696.0 0.00020583681816788157
697.0 0.000284109069070837
698.0 0.00036238129723642487
699.0 0.00029425880256894743
700.0 0.0002261364670630428
701.0 0.00022938204438105458
702.0 0.00023262757622433128
703.0 0.00013071935427433345
704.0 2.881116927255789e-05
705.0 6.7124756242265e-05
706.0 0.00010543828921072418
707.0 0.0003028304490726441
708.0 0.0005002226316719316
709.0 0.0005791513103758916
710.0 0.0006580800800293218
711.0 0.000625354459771188
712.0 0.0005926287485635839
713.0 0.00029943114441266516
714.0 6.23343368033602e-06
715.0 0.00011152053502883064
716.0 0.00021680757527064998
717.0 0.00018168470887758303
718.0 0.00014656178564109723
719.0 0.00024496359856129857
720.0 0.00034336551379965385
721.0 0.00045128872443456203
722.0 0.000559212094231043
723.0 0.000444901979790302
724.0 0.000330591865349561
725.0 0.0002536187821533531
726.0 0.00017664567621977767
727.0 0.00020922768726450158
728.0 0.0002418098574707983
729.0 0.0004217199148115469
730.0 0.0006016298357280903
731.0 0.00031080796816240763
732.0 1.9986146071460098e-05
733.0 0.0002974996959892451
734.0 0.0005750134732807055
735.0 0.00029958437153254636
736.0 2.415538915556681e-05
737.0 1.5934985535953627e-10
738.0 1.5934985535953627e-10
739.0 0.00014564355979018728
740.0 0.00032881721381272655
741.0 0.0003005039388881414
742.0 0.00027219064122618875
743.0 0.0002980927774842712
744.0 0.0003239947318434133
745.0 0.00048550973588135093
746.0 0.0006470244443335105
747.0 0.00048698411774239503
748.0 0.00032694367746444186
749.0 0.00017898486248668632
750.0 3.102607024629833e-05
751.0 0.00021999928776494926
752.0 0.00040897252802096773
753.0 0.00026111317765753483
754.0 0.00011325386140015326
755.0 0.0003888804258167511
756.0 0.0006645070243394002
757.0 0.00048347096708312165
758.0 0.0003024350917257834
759.0 0.00027945238798565697
760.0 0.00025646959329606034
761.0 0.0005416511157818604
762.0 0.0008268326382676605
763.0 0.0007309838110813871
764.0 0.0006351348929456435
765.0 0.0005273968326946488
766.0 0.0004196588633931242
767.0 0.0005999311269988539
768.0 0.0007802034815540537
769.0 0.0006721087629557587
770.0 0.0005640139534079935
771.0 0.0007192400971689494
772.0 0.0008744661499804351
773.0 0.0006351056981657166
774.0 0.0003957451099267928
775.0 0.00030759752007725183
776.0 0.00021945006665191613
777.0 6.756052925993572e-05
778.0 1.5934985535953627e-10
779.0 0.0005110677193442825
780.0 0.0011064646969316527
781.0 0.0008955703378887847
782.0 0.0006846757969469763
783.0 0.000761858564146678
784.0 0.0008390413313463796
785.0 0.0005715233783121221
786.0 0.0003040051751668216
787.0 0.00025273072878917446
788.0 0.00020145616872468963
789.0 0.00028390065835992573
790.0 0.0003663451252577943
791.0 0.0005456030521600042
792.0 0.0007248609108501114
793.0 0.0007703533810854424
794.0 0.0008158458513207734
795.0 0.0007186034054029733
796.0 0.0006213610049599083
797.0 0.0006168757408886449
798.0 0.0006123903858679114
799.0 0.00034293798307771794
800.0 7.348569397436222e-05
801.0 0.0004991525656805607
802.0 0.0009248195965483319
803.0 0.0007606553936057026
804.0 0.0005964912816125434
805.0 0.0005182057520869421
806.0 0.0004399201316118706
807.0 0.00011116876521555241
808.0 1.5934985535953627e-10
809.0 0.00030698677164764376
810.0 0.0008315561899507884
811.0 0.0006598546860914212
812.0 0.00048815318223205395
813.0 0.0006238906280486844
814.0 0.0007596279829158448
815.0 0.000719573836249765
816.0 0.00067951955315948
817.0 0.000879159415489994
818.0 0.001078799323295243
819.0 0.0010077462320623454
820.0 0.0009366931408294477
821.0 0.0009816352758207358
822.0 0.001026577410812024
823.0 0.0009097939255298115
824.0 0.0007930103492981289
825.0 0.001030415569402976
826.0 0.001267820789507823
827.0 0.0008368648195755668
828.0 0.0004059086222696351
829.0 0.0005257096745481249
830.0 0.0006455107723013498
831.0 0.0006828369350841967
832.0 0.0007201634161901893
833.0 0.000929687939787982
834.0 0.0011392125088605098
835.0 0.0010093975106428843
836.0 0.0008795823305263184
837.0 0.0006382793344528181
838.0 0.00039697642932878807
839.0 0.00042527931327640545
840.0 0.0004535822426987579
841.0 0.0008868281838658731
842.0 0.0013200739886087831
843.0 0.0012775964933098294
844.0 0.0012351189070614055
845.0 0.00091951942522428
846.0 0.0006039198069629492
847.0 0.0011064324098697398
848.0 0.0016089450582512654
849.0 0.0011706280020007398
850.0 0.0007323107183765387
851.0 0.0008586144758737646
852.0 0.0009849181878962554
853.0 0.0009034047252498567
854.0 0.0008218911716539878
855.0 0.0008417741810262669
856.0 0.0008616571903985459
857.0 0.0009908273568726145
858.0 0.001119997523346683
859.0 0.0009090232197195292
860.0 0.0006980491889407858
861.0 0.0010481682693352923
862.0 0.0013982872587803286
863.0 0.0015501134839723818
864.0 0.0017019398001139052
865.0 0.002052727541013155
866.0 0.0024035156457102858
867.0 0.0026413730665808544
868.0 0.002879230487451423
869.0 0.0028723388822982088
870.0 0.0028654472771449946
871.0 0.003330560866743326
872.0 0.0037956742744427174
873.0 0.0030739465728402138
874.0 0.0023522190531366505
875.0 0.0021831416233908385
