lsstCam/transmission_filter_detector/r33_s10/y_10/19700101T000000.ecsv
# %ECSV 1.0
# ---
# datatype:
# - {name: wavelength, unit: nm, datatype: float32}
# - {name: efficiency, unit: '%', datatype: float64}
# meta: !!omap
# - {MODE: DETECTOR}
# - {TYPE: transmission_filter_detector}
# - {CALIBDATE: '1970-01-01T00:00:00'}
# - {INSTRUME: LSSTCam}
# - {OBSTYPE: transmission_filter_detector}
# - {CALIBCLS: lsst.ip.isr.IntermediateFilterDetectorTransmissionCurve}
# - {SOURCE: Materion (DM-46256)}
# - {DETECTOR: 147}
# - {FILTER: y_10}
# - {CALIB_ID: 'calibDate=1970-01-01T00:00:00 filter=y_10 detector=147'}
# - {DATE: '2025-04-02T15:59:51.424998'}
# - {CALIB_CREATION_DATE: '2025-04-02'}
# - {CALIB_CREATION_TIME: '15:59:51'}
# - __serialized_columns__:
#     efficiency:
#       __class__: astropy.units.quantity.Quantity
#       unit: !astropy.units.Unit {unit: '%'}
#       value: !astropy.table.SerializedColumn {name: efficiency}
#     wavelength:
#       __class__: astropy.units.quantity.Quantity
#       unit: !astropy.units.Unit {unit: nm}
#       value: !astropy.table.SerializedColumn {name: wavelength}
# schema: astropy-2.0
wavelength efficiency
[from data line 577]
877.0 0.0021701553123421036
878.0 0.0023262469767360017
879.0 0.0016578547729295678
880.0 0.06258021458052099
881.0 0.0976593466475606
882.0 0.06003428716212511
883.0 0.09726881398819387
884.0 0.060121697606518865
885.0 0.10511197615414858
886.0 0.060532300267368555
887.0 0.10705351596698165
888.0 0.06736402283422649
889.0 0.11421975214034319
890.0 0.07196293445304036
891.0 0.09751362376846373
892.0 0.06005170871503651
893.0 0.10574919870123267
894.0 0.08038262603804469
895.0 0.10839179158210754
896.0 0.08645255584269762
897.0 0.13173489132896066
898.0 0.08289394900202751
899.0 0.14103626599535346
900.0 0.10450510308146477
901.0 0.14429119182750583
902.0 0.16338430577889085
903.0 0.17620371654629707
904.0 0.21868112962692976
905.0 0.2709735417738557
906.0 0.33896334934979677
907.0 0.43008606880903244
908.0 0.5760616157203913
909.0 0.8044383488595486
910.0 1.1568537913262844
911.0 1.6313284635543823
912.0 2.3972485214471817
913.0 3.5284537822008133
914.0 4.879028350114822
915.0 6.818072497844696
916.0 9.096118062734604
917.0 11.566785722970963
918.0 14.372901618480682
919.0 17.011702060699463
920.0 20.543096959590912
921.0 24.26886260509491
922.0 28.02843749523163
923.0 32.55637288093567
924.0 37.430694699287415
925.0 42.82451570034027
926.0 49.221616983413696
927.0 56.0843825340271
928.0 62.0852530002594
929.0 68.49467158317566
930.0 74.02664422988892
931.0 79.47338223457336
932.0 84.371417760849
933.0 88.47808837890625
934.0 91.37617349624634
935.0 93.41683983802795
936.0 94.90623474121094
937.0 95.92411518096924
938.0 96.58536314964294
939.0 96.90808653831482
940.0 97.13330268859863
941.0 97.281813621521
942.0 97.41225838661194
943.0 97.45599031448364
944.0 97.72980809211731
945.0 97.66536355018616
946.0 97.72651195526123
947.0 97.66687154769897
948.0 97.79778122901917
949.0 97.71284461021423
950.0 97.90371656417847
951.0 97.93218970298767
952.0 97.93996214866638
953.0 98.17229509353638
954.0 98.2685387134552
955.0 98.3523428440094
956.0 98.54937791824341
957.0 98.70884418487549
958.0 98.8437831401825
959.0 98.85044693946838
960.0 98.9937424659729
961.0 99.00702238082886
962.0 99.03539419174194
963.0 99.07519817352295
964.0 99.10712242126465
965.0 99.12105798721313
966.0 99.17324781417847
967.0 99.25151467323303
968.0 99.23247694969177
969.0 99.22552704811096
970.0 99.30699467658997
971.0 99.32265877723694
972.0 99.3753969669342
973.0 99.45635199546814
974.0 99.4547426700592
975.0 99.42120313644409
976.0 99.50070977210999
977.0 99.44067001342773
978.0 99.53160881996155
979.0 99.42920207977295
980.0 99.37717914581299
981.0 99.29510951042175
982.0 99.2651641368866
983.0 99.28597211837769
984.0 99.20245409011841
985.0 99.24614429473877
986.0 99.09567832946777
987.0 99.1912841796875
988.0 99.0816593170166
989.0 99.092698097229
990.0 99.07876253128052
991.0 99.09334182739258
992.0 99.18667674064636
993.0 99.14004802703857
994.0 99.12405014038086
995.0 99.16040301322937
996.0 99.14885759353638
997.0 99.2880642414093
998.0 99.33266639709473
999.0 99.31813478469849
1000.0 99.38669204711914
1001.0 99.3172287940979
1002.0 99.45107102394104
1003.0 99.46625232696533
1004.0 99.49983358383179
1005.0 99.41320419311523
1006.0 99.5462715625763
1007.0 99.53312873840332
1008.0 99.46939945220947
1009.0 99.43524599075317
1010.0 99.46712851524353
1011.0 99.47392344474792
1012.0 99.39209818840027
1013.0 99.40922260284424
1014.0 99.33740496635437
1015.0 99.32740926742554
1016.0 99.31644201278687
1017.0 99.34723377227783
1018.0 99.39582943916321
1019.0 99.31700229644775
1020.0 99.37300086021423
1021.0 99.5198905467987
1022.0 99.37246441841125
1023.0 99.41626191139221
1024.0 99.44391250610352
1025.0 99.45998787879944
1026.0 99.50188398361206
1027.0 99.60487484931946
1028.0 99.51540231704712
1029.0 99.58570599555969
1030.0 99.64931011199951
1031.0 99.59929585456848
1032.0 99.62245225906372
1033.0 99.61557388305664
1034.0 99.63396191596985
1035.0 99.68230128288269
1036.0 99.57113265991211
1037.0 99.60542321205139
1038.0 99.52765703201294
1039.0 99.4558572769165
1040.0 99.38868880271912
1041.0 99.48338866233826
1042.0 99.48071837425232
1043.0 99.43962097167969
1044.0 99.46084022521973
1045.0 99.18184280395508
1046.0 99.3786633014679
1047.0 99.33433532714844
1048.0 99.38303828239441
1049.0 99.29174780845642
1050.0 99.25367832183838
1051.0 99.3118941783905
1052.0 99.24253225326538
1053.0 99.19446110725403
1054.0 99.43349361419678
1055.0 99.49422478675842
1056.0 99.22541975975037
1057.0 99.41152334213257
1058.0 99.14594888687134
1059.0 99.20267462730408
1060.0 99.33801293373108
1061.0 99.31091666221619
1062.0 99.32044744491577
1063.0 99.1986334323883
1064.0 99.35381412506104
1065.0 99.34466481208801
1066.0 99.294513463974
1067.0 99.43233728408813
1068.0 99.25106167793274
1069.0 99.1236925125122
1070.0 99.54429864883423
1071.0 99.33021664619446
1072.0 99.31570887565613
1073.0 99.50737357139587
1074.0 99.12830591201782
1075.0 99.08961057662964
1076.0 98.96313548088074
1077.0 99.32321310043335
1078.0 99.41205978393555
1079.0 99.06928539276123
1080.0 99.78997707366943
1081.0 98.99173974990845
1082.0 99.11775588989258
1083.0 98.93927574157715
1084.0 99.2632269859314
1085.0 99.09273386001587
1086.0 99.19637441635132
1087.0 99.1988480091095
1088.0 98.87063503265381
1089.0 98.83627891540527
1090.0 98.93457889556885
1091.0 99.00174736976624
1092.0 98.9122211933136
1093.0 98.94489645957947
1094.0 98.65277409553528
1095.0 98.66955280303955
1096.0 98.71531128883362
1097.0 98.5350489616394
1098.0 97.95178174972534
1099.0 98.90114068984985
1100.0 98.13477993011475
