lsstCam/transmission_filter_detector/r21_s22/i_39/19700101T000000.ecsv
# %ECSV 1.0
# ---
# datatype:
# - {name: wavelength, unit: nm, datatype: float32}
# - {name: efficiency, unit: '%', datatype: float64}
# meta: !!omap
# - {MODE: DETECTOR}
# - {TYPE: transmission_filter_detector}
# - {CALIBDATE: '1970-01-01T00:00:00'}
# - {INSTRUME: LSSTCam}
# - {OBSTYPE: transmission_filter_detector}
# - {CALIBCLS: lsst.ip.isr.IntermediateFilterDetectorTransmissionCurve}
# - {SOURCE: Materion (DM-46256)}
# - {DETECTOR: 89}
# - {FILTER: i_39}
# - {CALIB_ID: 'calibDate=1970-01-01T00:00:00 filter=i_39 detector=89'}
# - {DATE: '2025-04-02T15:59:46.893407'}
# - {CALIB_CREATION_DATE: '2025-04-02'}
# - {CALIB_CREATION_TIME: '15:59:46'}
# - __serialized_columns__:
#     efficiency:
#       __class__: astropy.units.quantity.Quantity
#       unit: !astropy.units.Unit {unit: '%'}
#       value: !astropy.table.SerializedColumn {name: efficiency}
#     wavelength:
#       __class__: astropy.units.quantity.Quantity
#       unit: !astropy.units.Unit {unit: nm}
#       value: !astropy.table.SerializedColumn {name: wavelength}
# schema: astropy-2.0
wavelength efficiency
[from data line 597]
897.0 1.5787811596251755e-10
898.0 1.5787811596251755e-10
899.0 1.5787811596251755e-10
900.0 1.5787811596251755e-10
901.0 1.5787811596251755e-10
902.0 1.5787811596251755e-10
903.0 1.5787811596251755e-10
904.0 6.001612860018213e-05
905.0 0.00014959449572415906
906.0 0.00023917289126984542
907.0 0.00016636447526252596
908.0 9.355607062389026e-05
909.0 9.973932719731238e-05
910.0 0.00010592258377073449
911.0 0.00014476398746410268
912.0 0.00018360539115747088
913.0 0.00011007284683728358
914.0 3.6540308201438165e-05
915.0 1.2279781458346406e-05
916.0 1.5787811596251755e-10
917.0 1.5787811596251755e-10
918.0 1.5787811596251755e-10
919.0 4.657339616187528e-05
920.0 0.0001486718247178942
921.0 0.00016175499695236795
922.0 0.00017483814644947415
923.0 3.9055933598319825e-05
924.0 1.5787811596251755e-10
925.0 6.148025022412185e-05
926.0 0.00021968678538542008
927.0 1.5787811596251755e-10
928.0 1.5787811596251755e-10
929.0 1.5787811596251755e-10
930.0 0.00025078331873373827
931.0 0.00022188471575645963
932.0 0.0001929860673044459
933.0 3.690217624807701e-05
934.0 1.5787811596251755e-10
935.0 1.5787811596251755e-10
936.0 1.5787811596251755e-10
937.0 1.5787811596251755e-10
938.0 1.5787811596251755e-10
939.0 1.5787811596251755e-10
940.0 1.5787811596251755e-10
941.0 1.5787811596251755e-10
942.0 1.5787811596251755e-10
943.0 1.5787811596251755e-10
944.0 1.0320626131488098e-05
945.0 1.5787811596251755e-10
946.0 1.5787811596251755e-10
947.0 1.5787811596251755e-10
948.0 4.5692891603721364e-05
949.0 1.5787811596251755e-10
950.0 1.5787811596251755e-10
951.0 1.5787811596251755e-10
952.0 6.690883935789316e-06
953.0 1.5787811596251755e-10
954.0 1.5787811596251755e-10
955.0 1.5787811596251755e-10
956.0 1.5787811596251755e-10
957.0 4.423565371780569e-05
958.0 0.00016769574813224608
959.0 0.00010805060810525902
960.0 4.840550218432327e-05
961.0 5.251253583082871e-05
962.0 5.661954673996661e-05
963.0 8.485088756060577e-05
964.0 0.00011308222838124493
965.0 9.812291636990267e-05
966.0 8.316358730553475e-05
967.0 1.5787811596251755e-10
968.0 1.5787811596251755e-10
969.0 1.5787811596251755e-10
970.0 1.5787811596251755e-10
971.0 1.5787811596251755e-10
972.0 1.5787811596251755e-10
973.0 1.5787811596251755e-10
974.0 0.000152201221226278
975.0 2.047310374564404e-05
976.0 1.5787811596251755e-10
977.0 1.5787811596251755e-10
978.0 9.080592349164363e-05
979.0 1.5787811596251755e-10
980.0 1.5787811596251755e-10
981.0 1.5787811596251755e-10
982.0 2.7056299245487025e-05
983.0 1.5787811596251755e-10
984.0 1.5787811596251755e-10
985.0 1.5787811596251755e-10
986.0 1.5787811596251755e-10
987.0 1.5787811596251755e-10
988.0 1.5787811596251755e-10
989.0 1.5787811596251755e-10
990.0 0.00014325243000712362
991.0 0.00014027214092493523
992.0 0.00013729187458011438
993.0 5.179978757041681e-05
994.0 1.5787811596251755e-10
995.0 8.838713938530418e-05
996.0 0.00021046653273515403
997.0 0.0001360932287752803
998.0 6.171989639369713e-05
999.0 0.00012221972838233341
1000.0 0.00018271950921189273
1001.0 0.00023873035388533026
1002.0 0.00029474117582140025
1003.0 0.00016818499943838106
1004.0 4.1628786107139604e-05
1005.0 2.7317662443238078e-05
1006.0 1.3006494725686935e-05
1007.0 9.528641840006458e-05
1008.0 0.00017756638044374995
1009.0 0.00018103252159562544
1010.0 0.00018449864001013339
1011.0 0.00022877813989907736
1012.0 0.0002730575261011836
1013.0 0.00020310912987042684
1014.0 0.00013316068816493498
1015.0 0.00021631385607179254
1016.0 0.00029946709219075274
1017.0 0.0002957412789328373
1018.0 0.00029201555662439205
1019.0 0.00012565851648105308
1020.0 1.5787811596251755e-10
1021.0 2.9903665677011304e-05
1022.0 0.0001005058493319666
1023.0 0.00029406578505586367
1024.0 0.00048762572077976074
1025.0 0.0004668185738410102
1026.0 0.0004460113814275246
1027.0 0.0004414702289068373
1028.0 0.00043692907638614997
1029.0 0.0008567557415517513
1030.0 0.0012765822248184122
1031.0 0.001672104735916946
1032.0 0.0020676268832175992
1033.0 0.0023700746169197373
1034.0 0.0026725219868239947
1035.0 0.00315480210701935
1036.0 0.0036370824091136456
1037.0 0.0034195698390249163
1038.0 0.003202057268936187
1039.0 0.003063742769882083
1040.0 0.0029254280889290385
1041.0 0.0029178898330428638
1042.0 0.0029103517590556294
1043.0 0.003211564035154879
1044.0 0.0035127766750520095
1045.0 0.0030853741918690503
1046.0 0.0026579713448882103
1047.0 0.002892708835133817
1048.0 0.003127445961581543
1049.0 0.0027796157155535184
1050.0 0.0024317852876265533
1051.0 0.002131434484908823
1052.0 0.0018310838640900329
1053.0 0.00153672863234533
1054.0 0.0012423735824995674
1055.0 0.001225165669893613
1056.0 0.0012079575753887184
1057.0 0.0006807882982684532
1058.0 0.00015361918030976085
1059.0 0.0003890991138177924
1060.0 0.0006245788881642511
1061.0 0.0009231481271854136
1062.0 0.001221717320731841
1063.0 0.0018396660379949026
1064.0 0.0024576145733590238
1065.0 0.0034204749681521207
1066.0 0.004383335908642039
1067.0 0.005024793426855467
1068.0 0.005666251672664657
1069.0 0.004976248601451516
1070.0 0.004286245530238375
1071.0 0.004169025487499312
1072.0 0.004051805080962367
1073.0 0.0034255925129400566
1074.0 0.002799379944917746
1075.0 0.003052832107641734
1076.0 0.003306283542769961
1077.0 0.0028520049454527907
1078.0 0.0023977263481356204
1079.0 0.0022309683117782697
1080.0 0.0020642099116230384
1081.0 0.0015077030184329487
1082.0 0.0009511963071417995
1083.0 0.00073894948400266
1084.0 0.0005267027063382557
1085.0 0.0002624607304824167
1086.0 1.5787811596251755e-10
1087.0 1.5787811596251755e-10
1088.0 1.5787811596251755e-10
1089.0 1.5787811596251755e-10
1090.0 1.5787811596251755e-10
1091.0 1.5787811596251755e-10
1092.0 1.5787811596251755e-10
1093.0 1.5787811596251755e-10
1094.0 2.8137020535723423e-05
1095.0 1.5787811596251755e-10
1096.0 1.5787811596251755e-10
1097.0 1.5787811596251755e-10
1098.0 1.5787811596251755e-10
1099.0 0.0006620103249588283
1100.0 0.0016686079106875695
