lsstCam/transmission_filter_detector/r21_s22/i_39/19700101T000000.ecsv
# %ECSV 1.0
# ---
# datatype:
# - {name: wavelength, unit: nm, datatype: float32}
# - {name: efficiency, unit: '%', datatype: float64}
# meta: !!omap
# - {MODE: DETECTOR}
# - {TYPE: transmission_filter_detector}
# - {CALIBDATE: '1970-01-01T00:00:00'}
# - {INSTRUME: LSSTCam}
# - {OBSTYPE: transmission_filter_detector}
# - {CALIBCLS: lsst.ip.isr.IntermediateFilterDetectorTransmissionCurve}
# - {SOURCE: Materion (DM-46256)}
# - {DETECTOR: 89}
# - {FILTER: i_39}
# - {CALIB_ID: 'calibDate=1970-01-01T00:00:00 filter=i_39 detector=89'}
# - {DATE: '2025-04-02T15:59:46.893407'}
# - {CALIB_CREATION_DATE: '2025-04-02'}
# - {CALIB_CREATION_TIME: '15:59:46'}
# - __serialized_columns__:
#     efficiency:
#       __class__: astropy.units.quantity.Quantity
#       unit: !astropy.units.Unit {unit: '%'}
#       value: !astropy.table.SerializedColumn {name: efficiency}
#     wavelength:
#       __class__: astropy.units.quantity.Quantity
#       unit: !astropy.units.Unit {unit: nm}
#       value: !astropy.table.SerializedColumn {name: wavelength}
# schema: astropy-2.0
wavelength efficiency
300.0 0.00019860196971421828
301.0 1.5787811596251755e-10
302.0 1.5787811596251755e-10
303.0 0.0017473335901740938
304.0 0.006830891652498394
305.0 0.0001310319134972815
306.0 1.5787811596251755e-10
307.0 0.0019251367120887153
308.0 0.010419100726721808
309.0 0.005363715172279626
310.0 0.0003083277078985702
311.0 0.003732631739694625
312.0 0.007156938954722136
313.0 1.5787811596251755e-10
314.0 1.5787811596251755e-10
315.0 1.5787811596251755e-10
316.0 1.5787811596251755e-10
317.0 1.5787811596251755e-10
318.0 0.0019466449884930626
319.0 0.0035201748687541112
320.0 0.005093705840408802
321.0 0.003854717215290293
322.0 0.0026157276806770824
323.0 0.0026607651307131164
324.0 0.0027058011255576275
325.0 0.0007689724952797405
326.0 1.5787811596251755e-10
327.0 1.5787811596251755e-10
328.0 1.5787811596251755e-10
329.0 1.5787811596251755e-10
330.0 1.5787811596251755e-10
331.0 0.0017373869923176244
332.0 0.0037970112316543236
333.0 0.002632512041600421
334.0 0.0014680127605970483
335.0 0.0009941566531779245
336.0 0.00052030027291039
337.0 0.0010526981895964127
338.0 0.001585095378686674
339.0 0.002245739597128704
340.0 0.002906383997469675
341.0 0.0019018605598830618
342.0 0.000897337213245919
343.0 0.0020483483240241185
344.0 0.003199359343852848
345.0 0.0009798110113479197
346.0 1.5787811596251755e-10
347.0 1.5787811596251755e-10
348.0 1.5787811596251755e-10
349.0 1.5787811596251755e-10
350.0 0.00043985983211314306
351.0 1.5787811596251755e-10
352.0 1.5787811596251755e-10
353.0 1.5787811596251755e-10
354.0 1.5787811596251755e-10
355.0 1.5787811596251755e-10
356.0 1.5787811596251755e-10
357.0 0.0002645573658810463
358.0 0.0008266464647022076
359.0 0.00046858922360115685
360.0 0.00011053178923248197
361.0 0.0005760077783634188
362.0 0.001041483847075142
363.0 0.0005218071237322874
364.0 2.1305170960772557e-06
365.0 1.5787811596251755e-10
366.0 1.5787811596251755e-10
367.0 0.00016947936956057674
368.0 0.0007157261734391795
369.0 0.0007134074621717446
370.0 0.0007110888873285148
371.0 0.00038410466913774144
372.0 5.712058168683143e-05
373.0 0.00036112337511440273
374.0 0.0006651260264334269
375.0 0.0004171602995484136
376.0 0.00016919452718866523
377.0 1.5787811596251755e-10
378.0 1.5787811596251755e-10
379.0 1.5787811596251755e-10
380.0 1.5787811596251755e-10
381.0 1.5787811596251755e-10
382.0 1.5787811596251755e-10
383.0 0.0003778905465878779
384.0 0.0012775543837051373
385.0 0.0007375522727670614
386.0 0.00019755036646529334
387.0 8.514170417583955e-05
388.0 1.5787811596251755e-10
389.0 0.00015537918898189673
390.0 0.0003380253474460915
391.0 0.00041380799302714877
392.0 0.0004895906840829412
393.0 0.00017427904595024302
394.0 1.5787811596251755e-10
395.0 6.901291271788068e-05
396.0 0.000279058440355584
397.0 0.0006766656042600516
398.0 0.0010742728591139894
399.0 0.0013396030226431321
400.0 0.0016049330952228047
401.0 0.0018372462363913655
402.0 0.002069558649964165
403.0 0.0031551917345495895
404.0 0.004240825364831835
405.0 0.0024506683985237032
406.0 0.0006605114322155714
407.0 0.0013765496987616643
408.0 0.0020925876015098765
409.0 0.002368502100580372
410.0 0.0026444162358529866
411.0 0.004751051164930686
412.0 0.006857686094008386
413.0 0.0056523451348766685
414.0 0.0044470045395428315
415.0 0.0036104385799262673
416.0 0.002773872620309703
417.0 0.0034415941627230495
418.0 0.004109315341338515
419.0 0.0035252509405836463
420.0 0.0029411861760308966
421.0 0.004203302160021849
422.0 0.005465418144012801
423.0 0.005124682138557546
424.0 0.00478394613310229
425.0 0.00523836279171519
426.0 0.005692779086530209
427.0 0.005138471533427946
428.0 0.004584163616527803
429.0 0.004372771945782006
430.0 0.004161380638834089
431.0 0.0035805001971311867
432.0 0.0029996193916304037
433.0 0.003090225436608307
434.0 0.003180831845384091
435.0 0.0029886490665376186
436.0 0.002796465741994325
437.0 0.001854017136793118
438.0 0.0009115687134908512
439.0 0.0010281084541929886
440.0 0.001144648285844596
441.0 0.0014187159649736714
442.0 0.0016927840988500975
443.0 0.001760436498443596
444.0 0.0018280888980370946
445.0 0.001436319507774897
446.0 0.0010445503903611097
447.0 0.0006864189799671294
448.0 0.000328287774209457
449.0 0.0002261236886624829
450.0 0.0001239595235347224
451.0 0.0001490144541094196
452.0 0.00017406945289621945
453.0 0.0006410408786905464
454.0 0.0011080122931161895
455.0 0.0011674210327328183
456.0 0.001226829772349447
457.0 0.000594857192481868
458.0 1.5787811596251755e-10
459.0 0.0002313008963028551
460.0 0.0004997170890419511
461.0 0.0007741489753243513
462.0 0.0010485806342330761
463.0 0.00064625983213773
464.0 0.00024393893909291364
465.0 8.259371497842949e-05
466.0 1.5787811596251755e-10
467.0 0.0001588823806741857
468.0 0.00039651627048442606
469.0 0.00041561238504073117
470.0 0.000434708363172831
471.0 0.0006110782123869285
472.0 0.0007874483344494365
473.0 0.000852894299896434
474.0 0.0009183402653434314
475.0 0.0007619929874636
476.0 0.0006056455731595634
477.0 0.000677928755976609
478.0 0.0007502118478441844
479.0 0.0017126176317106
480.0 0.002675023461051751
481.0 0.0029409477065200917
482.0 0.003206871770089492
483.0 0.00483360345242545
484.0 0.006460335134761408
485.0 0.007695319800404832
486.0 0.008930303738452494
487.0 0.011493641068227589
488.0 0.014056975487619638
489.0 0.016498258628416806
490.0 0.018939541769213974
491.0 0.0214242230867967
492.0 0.023908902949187905
493.0 0.02506980672478676
494.0 0.026230711955577135
495.0 0.023318857711274177
496.0 0.02040700346697122
497.0 0.016500678611919284
498.0 0.012594356667250395
499.0 0.008663699554745108
500.0 0.004733043897431344
501.0 0.0034185148251708597
502.0 0.0021039855710114352
503.0 0.0021124331397004426
504.0 0.00212088070838945
505.0 0.001934409374371171
506.0 0.0017479378584539518
507.0 0.0020988014512113295
508.0 0.002449664862069767
509.0 0.0024582863261457533
510.0 0.002466907608322799
511.0 0.0022220599930733442
512.0 0.00197721274162177
513.0 0.0019923636500607245
514.0 0.0020075151041965
515.0 0.0021343112166505307
516.0 0.002261107147205621
517.0 0.0024485725589329377
518.0 0.0026360379706602544
519.0 0.002417815267108381
520.0 0.0021995925635565072
521.0 0.0019925508240703493
522.0 0.0017855090845841914
523.0 0.0017229311197297648
524.0 0.0016603529729763977
525.0 0.002325233435840346
526.0 0.0029901140806032345
527.0 0.002830559060384985
528.0 0.002671004222065676
529.0 0.0022674530555377714
530.0 0.0018639020709088072
531.0 0.0018035154425888322
532.0 0.001743129178066738
533.0 0.0016879623217391782
534.0 0.0016327954654116184
535.0 0.0019483779396978207
536.0 0.0022639602320850827
537.0 0.002841258537955582
538.0 0.0034185566619271412
539.0 0.004222594725433737
540.0 0.005026632788940333
541.0 0.0052436007536016405
542.0 0.0054605694458587095
543.0 0.005148283889866434
544.0 0.004835998697672039
545.0 0.003738616214832291
546.0 0.002641233913891483
547.0 0.0021558673324761912
548.0 0.0016705007510608993
549.0 0.0016529524145880714
550.0 0.0016354044419131242
551.0 0.0015711862943135202
552.0 0.0015069681467139162
553.0 0.0014354743143485393
554.0 0.0013639803910336923
555.0 0.0009561237675370649
556.0 0.0005482671440404374
557.0 0.0007370150797214592
558.0 0.0009257631063519511
559.0 0.0005003030764783034
560.0 7.484306365768134e-05
561.0 0.000777187779021915
562.0 0.0014795326933381148
563.0 0.0016171041352208704
564.0 0.0017546752133057453
565.0 0.0014748776266060304
566.0 0.0011950798580073752
567.0 0.001032320324156899
568.0 0.000869560881255893
569.0 0.0007678376277908683
570.0 0.0006661144198005786
571.0 0.0005363056061469251
572.0 0.00040649674701853655
573.0 0.0004960832484357525
574.0 0.0005856697953277035
575.0 0.00048876163418754
576.0 0.0003918534730473766
577.0 0.00042366559682704974
578.0 0.00045547776608145796
579.0 0.00032705638659535907
580.0 0.00019863502984662773
581.0 0.00037697227526223287
582.0 0.0005553094524657354
583.0 0.0004367611381894676
584.0 0.0003182128239131998
585.0 0.0005508326921699336
586.0 0.0007834528332750779
587.0 0.0007117015229596291
588.0 0.0006399502126441803
589.0 0.0006568513072124915
590.0 0.0006737524017808028
591.0 0.0006890258191560861
592.0 0.0007042992820061045
593.0 0.0006082797881390434
594.0 0.0005122602942719823
595.0 0.0004898719907941995
596.0 0.00046748368731641676
597.0 0.0004639060080080526
598.0 0.00046032828322495334
599.0 0.0004383595751278335
600.0 0.0004163908670307137
601.0 0.0003246479082008591
602.0 0.00023290492663363693
603.0 0.0002470078925398411
604.0 0.0002611108129713102
605.0 0.0002307894419573131
606.0 0.00020046807094331598
607.0 0.00039958108573046047
608.0 0.0005986941232549725
609.0 0.00043926784201175906
610.0 0.00027984149255644297
611.0 0.0004836710104427766
612.0 0.0006875005055917427
613.0 0.0004404351784614846
614.0 0.00019336985133122653
615.0 0.00032145451314136153
616.0 0.00044953912947676145
617.0 0.0003976192601840012
618.0 0.0003456993908912409
619.0 0.00035743098578677746
620.0 0.00036916264889441663
621.0 0.0003286153742010356
622.0 0.00028806809950765455
623.0 0.0003833121809293516
624.0 0.0004785562396136811
625.0 0.0003961624770454364
626.0 0.0003137687826892943
627.0 0.0003178401811965159
628.0 0.00032191160244110506
629.0 0.0003906042820744915
630.0 0.00045929687075840775
631.0 0.0004451694621820934
632.0 0.000431042008131044
633.0 0.0004427121439221082
634.0 0.0004543821432889672
635.0 0.0004683085535361897
636.0 0.00048223496378341224
637.0 0.0005468651124829194
638.0 0.0006114951247582212
639.0 0.0006400681741070002
640.0 0.000668641087031574
641.0 0.0005778897048003273
642.0 0.0004871383680438157
643.0 0.0006006543571857037
644.0 0.0007141703918023268
645.0 0.0008355481440958101
646.0 0.0009569260328134988
647.0 0.0007609447493450716
648.0 0.0005649636023008497
649.0 0.0006321445198409492
650.0 0.0006993254828557838
651.0 0.0008087390597211197
652.0 0.0009181527275359258
653.0 0.0010923092304437887
654.0 0.0012664660062000621
655.0 0.0016722229702281766
656.0 0.002077980025205761
657.0 0.0030499328204314224
658.0 0.004021885615657084
659.0 0.006656459299847484
660.0 0.06558364257216454
661.0 0.08851783932186663
662.0 0.1214195042848587
663.0 0.15490468358621
664.0 0.06848706398159266
665.0 0.12360584223642945
666.0 0.18504007020965219
667.0 0.22363064344972372
668.0 0.21182887721806765
669.0 0.35985964350402355
670.0 0.48614805564284325
671.0 0.8034869097173214
672.0 1.2154613621532917
673.0 1.8964599817991257
674.0 2.7190927416086197
675.0 3.7588346749544144
676.0 4.901699349284172
677.0 6.256984919309616
678.0 7.671774178743362
679.0 9.31493192911148
680.0 11.434254795312881
681.0 13.639190793037415
682.0 16.334368288517
683.0 19.083964824676514
684.0 22.04650491476059
685.0 24.964801967144012
686.0 28.03809642791748
687.0 31.461504101753235
688.0 34.88824665546417
689.0 38.56191635131836
690.0 42.6598846912384
691.0 47.415950894355774
692.0 52.63444185256958
693.0 58.29376578330994
694.0 64.54114317893982
695.0 70.20367383956909
696.0 76.42652988433838
697.0 81.77551031112671
698.0 87.08710074424744
699.0 90.84827899932861
700.0 93.539297580719
701.0 95.39884328842163
702.0 96.63270711898804
703.0 97.36412763595581
704.0 97.4673330783844
705.0 97.81754612922668
706.0 97.76549935340881
707.0 97.8165864944458
708.0 97.90000319480896
709.0 97.80105948448181
710.0 97.64372706413269
711.0 97.93882966041565
712.0 97.9516863822937
713.0 97.98892736434937
714.0 98.10553193092346
715.0 98.15155863761902
716.0 97.97635078430176
717.0 98.11580777168274
718.0 98.04635047912598
719.0 98.04900288581848
720.0 98.19912910461426
721.0 98.07358384132385
722.0 97.80080318450928
723.0 97.43009209632874
724.0 97.15067744255066
725.0 96.98015451431274
726.0 96.77647948265076
727.0 96.63693904876709
728.0 96.44401669502258
729.0 96.35178446769714
730.0 96.438467502594
731.0 96.54194116592407
732.0 96.72178030014038
733.0 96.92069292068481
734.0 97.29970693588257
735.0 97.50763773918152
736.0 97.86731600761414
737.0 98.25409650802612
738.0 98.3893096446991
739.0 98.77283573150635
740.0 98.83303642272949
741.0 98.62856268882751
742.0 98.84629249572754
743.0 98.70713353157043
744.0 98.60172867774963
745.0 98.52077960968018
746.0 98.54393005371094
747.0 98.71333241462708
748.0 98.61010909080505
749.0 98.54248762130737
750.0 98.44588041305542
751.0 98.43032360076904
752.0 98.27517867088318
753.0 98.60897064208984
754.0 98.48198890686035
755.0 98.60931634902954
756.0 98.69562983512878
757.0 98.54658246040344
758.0 98.71378540992737
759.0 98.76771569252014
760.0 98.6747145652771
761.0 98.62058758735657
762.0 98.68443608283997
763.0 98.74148368835449
764.0 98.4965443611145
765.0 98.49821925163269
766.0 98.38278889656067
767.0 98.27072024345398
768.0 98.26660752296448
769.0 98.24514985084534
770.0 97.99379706382751
771.0 98.0069637298584
772.0 98.02703857421875
773.0 97.89900183677673
774.0 97.70495295524597
775.0 97.79903292655945
776.0 97.68487811088562
777.0 97.77514934539795
778.0 97.975093126297
779.0 98.03468585014343
780.0 98.00748825073242
781.0 98.37385416030884
782.0 98.38505983352661
783.0 98.48886728286743
784.0 98.51795434951782
785.0 98.52218627929688
786.0 98.7488329410553
787.0 98.33472967147827
788.0 98.41208457946777
789.0 98.46491813659668
790.0 98.39378595352173
791.0 98.53069186210632
792.0 98.24484586715698
793.0 98.11779260635376
794.0 98.09688925743103
795.0 97.90707230567932
796.0 97.9362964630127
797.0 97.92704582214355
798.0 97.89852499961853
799.0 97.74873852729797
800.0 97.53396511077881
801.0 97.43051528930664
802.0 97.16680645942688
803.0 96.71053290367126
804.0 96.19919657707214
805.0 95.26293277740479
806.0 94.2309558391571
807.0 92.60526299476624
808.0 90.81791639328003
809.0 88.87991905212402
810.0 86.45687699317932
811.0 83.58513712882996
812.0 80.15288710594177
813.0 76.51047706604004
814.0 72.3437249660492
815.0 67.90577173233032
816.0 63.63650560379028
817.0 58.886003494262695
818.0 54.081445932388306
819.0 49.9819815158844
820.0 45.16697824001312
821.0 40.63514173030853
822.0 36.19172275066376
823.0 31.592729687690735
824.0 27.001658082008362
825.0 22.703759372234344
826.0 18.369798362255096
827.0 14.024725556373596
828.0 10.351354628801346
829.0 7.120510935783386
830.0 4.418444633483887
831.0 2.824091911315918
832.0 1.5901491045951843
833.0 0.9589186869561672
834.0 0.5675167310982943
835.0 0.31847674399614334
836.0 0.1970298821106553
837.0 0.05779422353953123
838.0 0.11603058082982898
839.0 0.037815861287526786
840.0 1.5787811596251755e-10
841.0 0.02663061022758484
842.0 1.5787811596251755e-10
843.0 0.013973821478430182
844.0 0.02558356209192425
845.0 1.5787811596251755e-10
846.0 1.5787811596251755e-10
847.0 1.5787811596251755e-10
848.0 1.5787811596251755e-10
849.0 1.5787811596251755e-10
850.0 1.5787811596251755e-10
851.0 1.5787811596251755e-10
852.0 0.00047982048272388056
853.0 0.00039970168472791556
854.0 0.00031958297768142074
855.0 0.00016054830211942317
856.0 1.5137720410507427e-06
857.0 1.4378473167653283e-05
858.0 2.7243046929470438e-05
859.0 1.5787811596251755e-10
860.0 1.5787811596251755e-10
861.0 1.5787811596251755e-10
862.0 0.00021961054699204396
863.0 1.3806197785015684e-05
864.0 1.5787811596251755e-10
865.0 1.5787811596251755e-10
866.0 1.5787811596251755e-10
867.0 1.5787811596251755e-10
868.0 1.5787811596251755e-10
869.0 1.5787811596251755e-10
870.0 1.5787811596251755e-10
871.0 1.6375406630686484e-05
872.0 6.379239039233653e-05
873.0 0.00016290800886054058
874.0 0.0002620236045913771
875.0 3.955703675728728e-05
876.0 1.5787811596251755e-10
877.0 1.5787811596251755e-10
878.0 1.5787811596251755e-10
879.0 1.5787811596251755e-10
880.0 1.5787811596251755e-10
881.0 1.5787811596251755e-10
882.0 6.741061611137411e-05
883.0 1.858171998492253e-05
884.0 1.5787811596251755e-10
885.0 1.5787811596251755e-10
886.0 1.5787811596251755e-10
887.0 1.5787811596251755e-10
888.0 1.5787811596251755e-10
889.0 1.5787811596251755e-10
890.0 1.5787811596251755e-10
891.0 1.5787811596251755e-10
892.0 0.00013201224646763876
893.0 4.808415496881935e-05
894.0 1.5787811596251755e-10
895.0 1.5787811596251755e-10
