lsstCam/transmission_filter_detector/r34_s00/g_6/19700101T000000.ecsv
# %ECSV 1.0
# ---
# datatype:
# - {name: wavelength, unit: nm, datatype: float32}
# - {name: efficiency, unit: '%', datatype: float64}
# meta: !!omap
# - {MODE: DETECTOR}
# - {TYPE: transmission_filter_detector}
# - {CALIBDATE: '1970-01-01T00:00:00'}
# - {INSTRUME: LSSTCam}
# - {OBSTYPE: transmission_filter_detector}
# - {CALIBCLS: lsst.ip.isr.IntermediateFilterDetectorTransmissionCurve}
# - {SOURCE: Materion (DM-46256)}
# - {DETECTOR: 153}
# - {FILTER: g_6}
# - {CALIB_ID: 'calibDate=1970-01-01T00:00:00 filter=g_6 detector=153'}
# - {DATE: '2025-04-02T15:59:42.735497'}
# - {CALIB_CREATION_DATE: '2025-04-02'}
# - {CALIB_CREATION_TIME: '15:59:42'}
# - __serialized_columns__:
#     efficiency:
#       __class__: astropy.units.quantity.Quantity
#       unit: !astropy.units.Unit {unit: '%'}
#       value: !astropy.table.SerializedColumn {name: efficiency}
#     wavelength:
#       __class__: astropy.units.quantity.Quantity
#       unit: !astropy.units.Unit {unit: nm}
#       value: !astropy.table.SerializedColumn {name: wavelength}
# schema: astropy-2.0
wavelength efficiency
300.0 0.3583528334274888
301.0 0.31244365964084864
302.0 0.26653443928807974
303.0 0.24885027669370174
304.0 0.23116609081625938
305.0 0.2271503210067749
306.0 0.22313455119729042
307.0 0.21608462557196617
308.0 0.20903469994664192
309.0 0.20437019411474466
310.0 0.1997056882828474
311.0 0.19798679277300835
312.0 0.19626787398010492
313.0 0.18761939136311412
314.0 0.17897089710459113
315.0 0.17832255689427257
316.0 0.177674216683954
317.0 0.1738908584229648
318.0 0.17010750016197562
319.0 0.16154199838638306
320.0 0.1529764966107905
321.0 0.14048977755010128
322.0 0.12800307013094425
323.0 0.1152851153165102
324.0 0.10256716050207615
325.0 0.09143467177636921
326.0 0.08030218887142837
327.0 0.07324531907215714
328.0 0.06618844345211983
329.0 0.06274479092098773
330.0 0.05930113256908953
331.0 0.054436601931229234
332.0 0.049572065472602844
333.0 0.046929827658459544
334.0 0.0442875869339332
335.0 0.04227803146932274
336.0 0.040268476004712284
337.0 0.04035236779600382
338.0 0.04043625376652926
339.0 0.03997664025519043
340.0 0.03951702092308551
341.0 0.0377828226191923
342.0 0.036048624315299094
343.0 0.03292882756795734
344.0 0.029809027910232544
345.0 0.026266768691129982
346.0 0.02272450947202742
347.0 0.020967023738194257
348.0 0.019209538004361093
349.0 0.017675579874776304
350.0 0.7285277359187603
351.0 0.9853503666818142
352.0 0.7234641816467047
353.0 0.9952468797564507
354.0 0.6657683290541172
355.0 0.795365497469902
356.0 0.5955084692686796
357.0 0.8107108995318413
358.0 0.6013487465679646
359.0 0.9640253148972988
360.0 0.5516291595995426
361.0 0.6112203933298588
362.0 0.5686125252395868
363.0 0.8073668926954269
364.0 0.6621868349611759
365.0 0.737731484696269
366.0 0.5114455707371235
367.0 0.7736386731266975
368.0 0.48826741985976696
369.0 0.6393891293555498
370.0 0.4859969951212406
371.0 0.6022239103913307
372.0 0.40865782648324966
373.0 0.5566846579313278
374.0 0.324320700019598
375.0 0.6237179972231388
376.0 0.4187985323369503
377.0 0.562263373285532
378.0 0.4035398829728365
379.0 0.5975751671940088
380.0 0.4188946448266506
381.0 0.5503197200596333
382.0 0.5468644201755524
383.0 0.5340099800378084
384.0 0.5893086548894644
385.0 0.562860956415534
386.0 0.6714965216815472
387.0 0.769021175801754
388.0 0.8933520875871181
389.0 1.218526717275381
390.0 1.7060374841094017
391.0 2.644134871661663
392.0 4.136263579130173
393.0 6.552911549806595
394.0 9.937328100204468
395.0 14.522093534469604
396.0 20.140866935253143
397.0 27.328291535377502
398.0 35.696280002593994
399.0 44.97823119163513
400.0 54.31720018386841
401.0 63.37749361991882
402.0 71.85345888137817
403.0 79.00276780128479
404.0 84.30511355400085
405.0 88.30024003982544
406.0 90.5453085899353
407.0 92.36547350883484
408.0 93.46649050712585
409.0 94.04906034469604
410.0 94.25376057624817
411.0 94.1644549369812
412.0 93.79421472549438
413.0 93.59852075576782
414.0 93.36410760879517
415.0 93.5042679309845
416.0 93.83023977279663
417.0 94.17702555656433
418.0 94.67089772224426
419.0 95.25007605552673
420.0 95.74350118637085
421.0 96.36685848236084
422.0 96.5592086315155
423.0 96.71912789344788
424.0 96.56409621238708
425.0 96.42373323440552
426.0 96.42366170883179
427.0 96.49885296821594
428.0 96.29520177841187
429.0 96.1194396018982
430.0 95.9942638874054
431.0 96.03034853935242
432.0 96.01483345031738
433.0 96.11114859580994
434.0 96.18026614189148
435.0 96.37841582298279
436.0 96.42231464385986
437.0 96.37050032615662
438.0 96.46668434143066
439.0 96.56134247779846
440.0 96.50908708572388
441.0 96.63086533546448
442.0 96.60518169403076
443.0 96.65144681930542
444.0 96.54830694198608
445.0 96.34665250778198
446.0 96.16267681121826
447.0 95.93343734741211
448.0 95.98368406295776
449.0 96.13422751426697
450.0 96.3666319847107
451.0 96.54600620269775
452.0 96.73517942428589
453.0 96.86258435249329
454.0 96.92925810813904
455.0 97.18146324157715
456.0 97.28938341140747
457.0 97.43165969848633
458.0 97.4272608757019
459.0 97.47446179389954
460.0 97.4856436252594
461.0 97.61145114898682
462.0 97.55271077156067
463.0 97.50098586082458
464.0 97.60143160820007
465.0 97.50059247016907
466.0 97.51861095428467
467.0 97.50065803527832
468.0 97.56160974502563
469.0 97.60382175445557
470.0 97.42971062660217
471.0 97.31695055961609
472.0 97.38624095916748
473.0 97.26486206054688
474.0 97.14431762695312
475.0 97.22078442573547
476.0 97.22281098365784
477.0 97.27604389190674
478.0 97.39862084388733
479.0 97.35775589942932
480.0 97.55600690841675
481.0 97.5862979888916
482.0 97.78002500534058
483.0 97.7109968662262
484.0 97.87638187408447
485.0 97.91585803031921
486.0 97.93593883514404
487.0 97.96518087387085
488.0 97.97641634941101
489.0 98.10517430305481
490.0 97.99319505691528
491.0 98.04168343544006
492.0 97.98186421394348
493.0 98.00450205802917
494.0 97.97632098197937
495.0 98.0212152004242
496.0 97.82159328460693
497.0 97.78822064399719
498.0 97.56929874420166
499.0 97.57556915283203
500.0 97.54769802093506
501.0 97.54664301872253
502.0 97.44923710823059
503.0 97.56062626838684
504.0 97.38298654556274
505.0 97.3727822303772
506.0 97.45258688926697
507.0 97.39851951599121
508.0 97.39856123924255
509.0 97.42835760116577
510.0 97.32131361961365
511.0 97.31783270835876
512.0 97.2498893737793
513.0 97.34049439430237
514.0 97.29803204536438
515.0 97.31519818305969
516.0 97.42898344993591
517.0 97.43271470069885
518.0 97.47015237808228
519.0 97.486811876297
520.0 97.56851196289062
521.0 97.64646887779236
522.0 97.67354130744934
523.0 97.64789342880249
524.0 97.66631722450256
525.0 97.65384197235107
526.0 97.73046970367432
527.0 97.66080379486084
528.0 97.81987071037292
529.0 97.86237478256226
530.0 97.86739945411682
531.0 97.99193739891052
532.0 97.92236089706421
533.0 97.89381623268127
534.0 97.92816042900085
535.0 97.76691198348999
536.0 97.43212461471558
537.0 96.9113826751709
538.0 96.14894390106201
539.0 94.83703970909119
540.0 93.16419959068298
541.0 90.64197540283203
542.0 87.92749643325806
543.0 84.36554670333862
544.0 79.8098623752594
545.0 75.77219009399414
546.0 70.79805135726929
547.0 66.20330214500427
548.0 61.62451505661011
549.0 57.51842260360718
550.0 54.29861545562744
551.0 51.17276310920715
552.0 48.82073104381561
553.0 46.35772109031677
554.0 43.5461163520813
555.0 40.42816460132599
556.0 36.242106556892395
557.0 31.362241506576538
558.0 25.99526345729828
559.0 20.584681630134583
560.0 15.407760441303253
561.0 10.495583713054657
562.0 6.818121671676636
563.0 4.016612097620964
564.0 2.2385232150554657
565.0 1.0793783701956272
566.0 0.5713379941880703
567.0 0.29274560511112213
568.0 0.1775059849023819
569.0 0.11003038380295038
570.0 0.08233099360950291
571.0 0.0536115316208452
572.0 0.059006072115153074
573.0 0.041699837311170995
574.0 0.046618038322776556
575.0 0.033154498669318855
576.0 0.03832613292615861
577.0 0.023076402430888265
578.0 0.031965726520866156
579.0 0.019190095190424472
580.0 0.024800992105156183
581.0 0.01691747165750712
582.0 0.03642252704594284
583.0 0.020764231157954782
584.0 0.023783666256349534
585.0 0.012956366117578
586.0 0.02293566067237407
587.0 0.01415427541360259
588.0 0.019320509454701096
589.0 0.015656789764761925
590.0 0.01770904491422698
591.0 0.01635245862416923
592.0 0.01738263963488862
593.0 0.010711751383496448
594.0 0.018705373804550618
595.0 0.008060836989898235
596.0 0.010568026482360438
597.0 0.006520652095787227
598.0 0.020768573449458927
599.0 0.013262004358693957
600.0 0.011736571468645707
601.0 0.0021322051907191053
602.0 0.002087252687488217
603.0 0.002042299820459448
604.0 0.001923906893352978
605.0 0.0018055137843475677
606.0 0.0018803781131282449
607.0 0.001955242441908922
608.0 0.0018228016415378079
609.0 0.0016903606592677534
610.0 0.001799889469111804
611.0 0.0019094180970569141
612.0 0.0018654505765880458
613.0 0.0018214828742202371
614.0 0.0017750873666955158
615.0 0.0017286922229686752
616.0 0.0015920139048830606
617.0 0.0014553354958479758
618.0 0.001517928103567101
619.0 0.0015805208022356965
620.0 0.00145234180308762
621.0 0.0013241627129900735
622.0 0.0014340052985062357
623.0 0.001543847429275047
624.0 0.0014824791833234485
625.0 0.0014211110283213202
626.0 0.0013896778909838758
627.0 0.0013582449355453718
628.0 0.0013526270777219906
629.0 0.0013470091289491393
630.0 0.0013782226233161055
631.0 0.0014094361176830716
632.0 0.0013615730495075695
633.0 0.0013137100722815376
634.0 0.001356650136585813
635.0 0.0013995901099406183
636.0 0.0013721814866585191
637.0 0.0013447726814774796
638.0 0.0012211815374030266
639.0 0.0010975903023791034
640.0 0.0012403366781654768
641.0 0.0013830830539518502
642.0 0.001269475615117699
643.0 0.0011558679943846073
644.0 0.0011018175428034738
645.0 0.001047767455020221
646.0 0.0011461132089607418
647.0 0.0012444590538507327
648.0 0.0012293027793930378
649.0 0.0012141463230364025
650.0 0.0011720576367224567
651.0 0.0011299688594590407
652.0 0.0011250604984525125
653.0 0.0011201521374459844
654.0 0.0011103530596301425
655.0 0.0011005540727637708
656.0 0.0010948587259917986
657.0 0.0010891633792198263
658.0 0.001090073783416301
659.0 0.0010909841876127757
660.0 0.001059826900018379
661.0 0.0010286694305250421
662.0 0.001060524027707288
663.0 0.001092378624889534
664.0 0.0011027198524971027
665.0 0.0011130609891552012
666.0 0.0011054759852413554
667.0 0.001097890708479099
668.0 0.0011161127076775301
669.0 0.001134334615926491
670.0 0.001138093739427859
671.0 0.0011418528629292268
672.0 0.001132016313931672
673.0 0.0011221798558835872
674.0 0.0010907490832323674
675.0 0.0010593182196316775
676.0 0.0010305981049896218
677.0 0.0010018776265496854
678.0 0.0009820869308896363
679.0 0.0009622963261790574
680.0 0.0009695259905129205
681.0 0.000976755836745724
682.0 0.0010178035154240206
683.0 0.0010588512850517873
684.0 0.00100084371297271
685.0 0.0009428361408936325
686.0 0.0009698762369225733
687.0 0.000996916332951514
688.0 0.0010345894224883523
689.0 0.0010722626029746607
690.0 0.001052006336976774
691.0 0.0010317501619283576
692.0 0.0010499187737877946
693.0 0.0010680876584956422
694.0 0.0010690808267099783
695.0 0.0010700741768232547
696.0 0.0011168071068823338
697.0 0.0011635400369414128
698.0 0.001179891205538297
699.0 0.0011962423741351813
700.0 0.0012066808267263696
701.0 0.0012171192793175578
702.0 0.0012052828424202744
703.0 0.001193446405522991
704.0 0.0011399834875192028
705.0 0.001086520296667004
706.0 0.0011456868378445506
707.0 0.001204853288072627
708.0 0.0011986854588030837
709.0 0.0011925178114324808
710.0 0.0012430748029146343
711.0 0.0012936321581946686
712.0 0.0012959445484739263
713.0 0.001298256938753184
714.0 0.001346522640233161
715.0 0.001394788341713138
716.0 0.0015290088413166814
717.0 0.0016632295228191651
718.0 0.001802070255507715
719.0 0.001940911533893086
720.0 0.0016863179553183727
721.0 0.0014317242857941892
722.0 0.0015488574717892334
723.0 0.0016659905668348074
724.0 0.0016962561858235858
725.0 0.0017265219867113046
726.0 0.0018166318113799207
727.0 0.0019067414541495964
728.0 0.002001274515350815
729.0 0.0020958075765520334
730.0 0.0021061150619061664
731.0 0.0021164227291592397
732.0 0.001899271046568174
733.0 0.0016821197277749889
734.0 0.0014653477592219133
735.0 0.0012485755178204272
736.0 0.001094346953323111
737.0 0.0009401183888257947
738.0 0.0009463268725085072
739.0 0.0009525353561912198
740.0 0.0008962521860667039
741.0 0.0008399688340432476
742.0 0.0008934278412198182
743.0 0.0009468871212447993
744.0 0.0009210986718244385
745.0 0.000895310404303018
746.0 0.0007677573194087017
747.0 0.0006402043254638556
748.0 0.000747722651794902
749.0 0.0008552408871764783
750.0 0.0009162784408545122
751.0 0.000977315994532546
752.0 0.000913754956854973
753.0 0.0008501936463289894
754.0 0.0008609351425548084
755.0 0.0008716765478311572
756.0 0.0008434654773736838
757.0 0.0008152544978656806
758.0 0.0008878881999407895
759.0 0.0009605219929653686
760.0 0.0009414706255483907
761.0 0.0009224189852830023
762.0 0.0008182847523130476
763.0 0.000714150519343093
764.0 0.0006969075911911204
765.0 0.0006796647994633531
766.0 0.000701570934324991
767.0 0.0007234769782371586
768.0 0.0006831391601735959
769.0 0.0006428012966352981
770.0 0.0006846662472526077
771.0 0.0007265312433446525
772.0 0.0006861096153443214
773.0 0.0006456878963945201
774.0 0.0006273814506130293
775.0 0.0006090750048315385
776.0 0.0006613319783355109
777.0 0.0007135888608900132
778.0 0.0006685183052468346
779.0 0.0006234477496036561
780.0 0.0005910696927458048
781.0 0.0005586916358879535
782.0 0.0005097216217109235
783.0 0.00046075160753389355
784.0 0.00037861429973418126
785.0 0.0002964770146718365
786.0 0.000327043017023243
787.0 0.00035760904211201705
788.0 0.00035106488667224767
789.0 0.0003445207312324783
790.0 0.000439246787209413
791.0 0.0005339728431863477
792.0 0.00045005422180111054
793.0 0.0003661356231532409
794.0 0.0002982341584356618
795.0 0.0002303326709807152
796.0 0.0002987121433761786
797.0 0.00036709157029690687
798.0 0.00033537312447151635
799.0 0.00030365463317139074
800.0 0.0004318950232118368
801.0 0.000560135458727018
802.0 0.0004542026999843074
803.0 0.00034826996397896437
804.0 0.0004491168510867283
805.0 0.0005499636699823895
806.0 0.00046798486437182873
807.0 0.0003860060587612679
808.0 0.0003993569862359436
809.0 0.0004127079137106193
810.0 0.00038597431739617605
811.0 0.0003592406301322626
812.0 0.00039012102206470445
813.0 0.0004210014139971463
814.0 0.00039338933675026055
815.0 0.00036577723676600726
816.0 0.00048267238526022993
817.0 0.0005995675564918201
818.0 0.00045467063500836957
819.0 0.000309773713524919
820.0 0.0003955560259782942
821.0 0.0004813383384316694
822.0 0.0005230118404142559
823.0 0.000564685205972637
824.0 0.0005160291493666591
825.0 0.0004673730472859461
826.0 0.0005073156899015885
827.0 0.0005472583325172309
828.0 0.0004453757355804555
829.0 0.00034349313864368014
830.0 0.0003893665052601136
831.0 0.000435239826401812
832.0 0.0004445345894055208
833.0 0.0004538293978839647
834.0 0.00035491552807798143
835.0 0.00025600165827199817
836.0 0.0003643282525445102
837.0 0.0004726548468170222
838.0 0.000564916535950033
839.0 0.0006571782705577789
840.0 0.0005397519544203533
841.0 0.00042232572923239786
842.0 0.00047310682020906825
843.0 0.0005238879566604737
844.0 0.0006109201876824955
845.0 0.0006979524187045172
846.0 0.0005054410394222941
847.0 0.000312929614665336
848.0 0.00039521096368844155
849.0 0.00047749226723681204
850.0 0.0003337664111313643
851.0 0.00019004052091986523
852.0 0.00015267337403201964
853.0 0.00011530624988154159
854.0 0.00029988261758262524
855.0 0.00048445899665239267
856.0 0.00045256510929903015
857.0 0.00042067122194566764
858.0 0.00042009610297100153
859.0 0.0004195209839963354
860.0 0.0004468537099455716
861.0 0.0004741863904200727
862.0 0.000499272800880135
863.0 0.0005243591658654623
864.0 0.0004698483735410264
865.0 0.0004153375357418554
866.0 0.0005434421382233268
867.0 0.000671546649755328
868.0 0.0005353244432626525
869.0 0.00039910219129524194
870.0 0.0004210291535855504
871.0 0.0004429561613505939
872.0 0.0004375125172373373
873.0 0.0004320688731240807
874.0 0.0005145663635630626
875.0 0.0005970638994767796
876.0 0.0004830929810850648
877.0 0.00036912208543071756
878.0 0.00047002872634038795
879.0 0.0005709353445126908
880.0 0.000682294830767205
881.0 0.0007936543624964543
882.0 0.0005946760666120099
883.0 0.0003956977707275655
884.0 0.0004683787665271666
885.0 0.0005410597168520326
886.0 0.0005676170076185372
887.0 0.0005941743893345119
888.0 0.0005990391400700901
889.0 0.0006039038908056682
890.0 0.0006519494490930811
891.0 0.0006999950073804939
892.0 0.0006671766641375143
893.0 0.000634358502793475
894.0 0.0004871880719292676
895.0 0.0003400177092771628
896.0 0.00035402974845055724
897.0 0.0003680418103613192
898.0 0.0004193023869447643
899.0 0.0004705629180534743
900.0 0.00039332971937255934
901.0 0.00031609654342901194
902.0 0.0003948209723603213
903.0 0.00047354542402899824
904.0 0.00043823210944538005
905.0 0.00040291879486176185
906.0 0.0004317219918448245
