lsstCam/transmission_filter_detector/r34_s00/g_6/19700101T000000.ecsv
# %ECSV 1.0
# ---
# datatype:
# - {name: wavelength, unit: nm, datatype: float32}
# - {name: efficiency, unit: '%', datatype: float64}
# meta: !!omap
# - {MODE: DETECTOR}
# - {TYPE: transmission_filter_detector}
# - {CALIBDATE: '1970-01-01T00:00:00'}
# - {INSTRUME: LSSTCam}
# - {OBSTYPE: transmission_filter_detector}
# - {CALIBCLS: lsst.ip.isr.IntermediateFilterDetectorTransmissionCurve}
# - {SOURCE: Materion (DM-46256)}
# - {DETECTOR: 153}
# - {FILTER: g_6}
# - {CALIB_ID: 'calibDate=1970-01-01T00:00:00 filter=g_6 detector=153'}
# - {DATE: '2025-04-02T15:59:42.735497'}
# - {CALIB_CREATION_DATE: '2025-04-02'}
# - {CALIB_CREATION_TIME: '15:59:42'}
# - __serialized_columns__:
#     efficiency:
#       __class__: astropy.units.quantity.Quantity
#       unit: !astropy.units.Unit {unit: '%'}
#       value: !astropy.table.SerializedColumn {name: efficiency}
#     wavelength:
#       __class__: astropy.units.quantity.Quantity
#       unit: !astropy.units.Unit {unit: nm}
#       value: !astropy.table.SerializedColumn {name: wavelength}
# schema: astropy-2.0
wavelength efficiency
[from data line 608]
908.0 0.00040287827687279787
909.0 0.00034523131944297347
910.0 0.0003746288030015421
911.0 0.00040402624108537566
912.0 0.00046143572944856714
913.0 0.0005188451723370235
914.0 0.00045566239350591786
915.0 0.0003924796146748122
916.0 0.00037821960177097935
917.0 0.0003639596343418816
918.0 0.00038323105400195345
919.0 0.0004025024736620253
920.0 0.00041991374928329606
921.0 0.0004373250249045668
922.0 0.00040638055907038506
923.0 0.0003754360477614682
924.0 0.00039917072172102053
925.0 0.00042290539568057284
926.0 0.00039664482756052166
927.0 0.0003703843049152056
928.0 0.0005029079602536513
929.0 0.0006354317065415671
930.0 0.0005237403911451111
931.0 0.0004120491212233901
932.0 0.0004843784608965507
933.0 0.0005567079369939165
934.0 0.0006039631898602238
935.0 0.0006512185336760012
936.0 0.0005768777100456646
937.0 0.0005025369773647981
938.0 0.00048192246140388306
939.0 0.0004613081728166435
940.0 0.0005346405941963894
941.0 0.0006079730155761354
942.0 0.0006149480668682372
943.0 0.0006219231181603391
944.0 0.0007009196906437865
945.0 0.0007799162631272338
946.0 0.0008443625119980425
947.0 0.0009088088518183213
948.0 0.0008134637027978897
949.0 0.0007181185083027231
950.0 0.000704445255905739
951.0 0.0006907719580340199
952.0 0.0008999771125672851
953.0 0.0011091822671005502
954.0 0.0010176665455219336
955.0 0.0009261506420443766
956.0 0.0007501956588384928
957.0 0.0005742406756326091
958.0 0.0006129727353254566
959.0 0.000651704704068834
960.0 0.0007214781817310723
961.0 0.0007912515684438404
962.0 0.0007251387160067679
963.0 0.0006590258635696955
964.0 0.0005514954864338506
965.0 0.00044396497287380043
966.0 0.0005502929070644313
967.0 0.0006566208412550623
968.0 0.0006389057489286643
969.0 0.0006211906566022662
970.0 0.0006149131877464242
971.0 0.000608635627941112
972.0 0.0007075751909724204
973.0 0.0008065147085289937
974.0 0.0008155706382240169
975.0 0.0008246265679190401
976.0 0.0007899436241132207
977.0 0.0007552607257821364
978.0 0.0008416964192292653
979.0 0.0009281320672016591
980.0 0.0008986015018308535
981.0 0.0008690710274095181
982.0 0.0009183290785585996
983.0 0.0009675873116066214
984.0 0.0011020609235856682
985.0 0.0012365346265141852
986.0 0.001244041050085798
987.0 0.0012515474736574106
988.0 0.0012695199984591454
989.0 0.0012874925232608803
990.0 0.0013369430234888569
991.0 0.0013863934327673633
992.0 0.0013744388525083195
993.0 0.0013624841812998056
994.0 0.0013713137377635576
995.0 0.0013801433851767797
996.0 0.0013570136616181117
997.0 0.0013338838471099734
998.0 0.0012510626220318954
999.0 0.0011682414879032876
1000.0 0.001222093851538375
1001.0 0.0012759459423250519
1002.0 0.0013441355804388877
1003.0 0.0014123251276032533
1004.0 0.0013717727597395424
1005.0 0.0013312203918758314
1006.0 0.0014067023585084826
1007.0 0.0014821842341916636
1008.0 0.001432197677786462
1009.0 0.0013822112123307306
1010.0 0.0014901132999511901
1011.0 0.0015980156604200602
1012.0 0.0016916346794459969
1013.0 0.001785253334674053
1014.0 0.0019843280824716203
1015.0 0.0021834026483702473
1016.0 0.0023342419808614068
1017.0 0.002485081131453626
1018.0 0.002621438034111634
1019.0 0.0027577951186685823
1020.0 0.0030803137633483857
1021.0 0.0034028325899271294
1022.0 0.003493914846330881
1023.0 0.003584997102734633
1024.0 0.003670210935524665
1025.0 0.003755424404516816
1026.0 0.004058818376506679
1027.0 0.004362211984698661
1028.0 0.004568272561300546
1029.0 0.004774333501700312
1030.0 0.004779418304678984
1031.0 0.004784503471455537
1032.0 0.0049390739150112495
1033.0 0.005093644358566962
1034.0 0.005281162884784862
1035.0 0.005468681774800643
1036.0 0.005598947245744057
1037.0 0.005729212716687471
1038.0 0.005896223956369795
1039.0 0.006063235196052119
1040.0 0.006140581535873935
1041.0 0.006217927148099989
1042.0 0.0064020037825684994
1043.0 0.00658608041703701
1044.0 0.007031520362943411
1045.0 0.0074769603088498116
1046.0 0.008307038660859689
1047.0 0.009137116285273805
1048.0 0.010230440966552123
1049.0 0.011323765647830442
1050.0 0.01333845139015466
1051.0 0.01535313786007464
1052.0 0.018538875156082213
1053.0 0.02172461390728131
1054.0 0.026384892407804728
1055.0 0.031045169453136623
1056.0 0.03704567498061806
1057.0 0.04304617759771645
1058.0 0.050316896522417665
1059.0 0.05758760962635279
1060.0 0.06580293411388993
1061.0 0.07401826442219317
1062.0 0.08119374397210777
1063.0 0.08836921770125628
1064.0 0.09471129160374403
1065.0 0.10105334222316742
1066.0 0.1064880401827395
1067.0 0.11192276142537594
1068.0 0.11859971564263105
1069.0 0.12527669314295053
1070.0 0.13483157381415367
1071.0 0.1443864544853568
1072.0 0.15578920720145106
1073.0 0.1671919715590775
1074.0 0.18049010541290045
1075.0 0.1937882392667234
1076.0 0.2070770598948002
1077.0 0.2203659387305379
1078.0 0.2327561378479004
1079.0 0.24514631368219852
1080.0 0.2614239230751991
1081.0 0.27770150918513536
1082.0 0.29977180529385805
1083.0 0.3218421246856451
1084.0 0.36009990144521
1085.0 0.39835767820477486
1086.0 0.4359165206551552
1087.0 0.4734753631055355
1088.0 0.525154359638691
1089.0 0.5768333096057177
1090.0 0.6507757119834423
1091.0 0.7247181609272957
1092.0 0.7781235501170158
1093.0 0.8315290324389935
1094.0 0.8689282462000847
1095.0 0.9063276462256908
1096.0 0.9495852515101433
1097.0 0.9928426705300808
1098.0 1.0627539828419685
1099.0 1.1326652951538563
1100.0 1.24029740691185
1101.0 1.3479297049343586
