lsstCam/transmission_filter_detector/r33_s20/r_57/19700101T000000.ecsv
# %ECSV 1.0
# ---
# datatype:
# - {name: wavelength, unit: nm, datatype: float32}
# - {name: efficiency, unit: '%', datatype: float64}
# meta: !!omap
# - {MODE: DETECTOR}
# - {TYPE: transmission_filter_detector}
# - {CALIBDATE: '1970-01-01T00:00:00'}
# - {INSTRUME: LSSTCam}
# - {OBSTYPE: transmission_filter_detector}
# - {CALIBCLS: lsst.ip.isr.IntermediateFilterDetectorTransmissionCurve}
# - {SOURCE: Materion (DM-46256)}
# - {DETECTOR: 150}
# - {FILTER: r_57}
# - {CALIB_ID: 'calibDate=1970-01-01T00:00:00 filter=r_57 detector=150'}
# - {DATE: '2025-04-02T15:59:44.879174'}
# - {CALIB_CREATION_DATE: '2025-04-02'}
# - {CALIB_CREATION_TIME: '15:59:44'}
# - __serialized_columns__:
#     efficiency:
#       __class__: astropy.units.quantity.Quantity
#       unit: !astropy.units.Unit {unit: '%'}
#       value: !astropy.table.SerializedColumn {name: efficiency}
#     wavelength:
#       __class__: astropy.units.quantity.Quantity
#       unit: !astropy.units.Unit {unit: nm}
#       value: !astropy.table.SerializedColumn {name: wavelength}
# schema: astropy-2.0
wavelength efficiency
300.0 0.0018064451069221832
301.0 0.005139179847901687
302.0 0.008471914770780131
303.0 0.010982617095578462
304.0 0.013493321603164077
305.0 0.012043927563354373
306.0 0.01059453425114043
307.0 0.00866146438056603
308.0 0.006728395237587392
309.0 0.006021027365932241
310.0 0.005313659130479209
311.0 0.004786412318935618
312.0 0.004259167690179311
313.0 0.004113065733690746
314.0 0.003966964504797943
315.0 0.003996662053395994
316.0 0.004026358874398284
317.0 0.003690058656502515
318.0 0.003353758074808866
319.0 0.003050409577554092
320.0 0.0027470605346024968
321.0 0.002845058224920649
322.0 0.0029430570066324435
323.0 0.0028085505618946627
324.0 0.002674044299055822
325.0 0.0023471800886909477
326.0 0.002020316242123954
327.0 0.0019130155124003068
328.0 0.0018057146007777192
329.0 0.0018508313587517478
330.0 0.001895947934826836
331.0 0.002097054857586045
332.0 0.0022981617803452536
333.0 0.002035673605860211
334.0 0.0017731854313751683
335.0 0.0015719790098955855
336.0 0.0013707726793654729
337.0 0.001242612415808253
338.0 0.0011144518794026226
339.0 0.0009603536454960704
340.0 0.0008062551387411077
341.0 0.0008029739547055215
342.0 0.0007996928616194054
343.0 0.0007851224836485926
344.0 0.0007705522875767201
345.0 0.0007756465493002906
346.0 0.0007807408110238612
347.0 0.0007416172593366355
348.0 0.0007024936166999396
349.0 0.0007323818408622174
350.0 0.0027430565751274116
351.0 0.004585457281791605
352.0 0.006427857442758977
353.0 0.005782939479104243
354.0 0.005138022970641032
355.0 0.00500099195051007
356.0 0.004863960930379108
357.0 0.004743238969240338
358.0 0.004622519554686733
359.0 0.003983518399763852
360.0 0.0033445179724367335
361.0 0.002591458360257093
362.0 0.0018383985661785118
363.0 0.002525918353057932
364.0 0.0032134383218362927
365.0 0.0028464963179430924
366.0 0.002479554314049892
367.0 0.0022970401914790273
368.0 0.0021145262508071028
369.0 0.003177407052135095
370.0 0.004240287307766266
371.0 0.004171174441580661
372.0 0.004102061575395055
373.0 0.004167306542512961
374.0 0.004232551873428747
375.0 0.0030666713428217918
376.0 0.0019007909941137768
377.0 0.00210989765037084
378.0 0.0023190044885268435
379.0 0.00203174367925385
380.0 0.0017444828699808568
381.0 0.002028077869908884
382.0 0.0023116728698369116
383.0 0.0029263381293276325
384.0 0.0035410033888183534
385.0 0.0042094172385986894
386.0 0.004877831815974787
387.0 0.0044156782678328454
388.0 0.003953525083488785
389.0 0.002800316178763751
390.0 0.0016471070921397768
391.0 0.0013380462405621074
392.0 0.0010289854799339082
393.0 0.001351871105725877
394.0 0.001674756822467316
395.0 0.001209855417982908
396.0 0.0007449538315995596
397.0 0.000585097041039262
398.0 0.0004252402959536994
399.0 0.000945012470765505
400.0 0.0014647852367488667
401.0 0.0013384024896367919
402.0 0.001212019742524717
403.0 0.0010365368325437885
404.0 0.0008610541044618003
405.0 0.000979955802904442
406.0 0.0010988577741954941
407.0 0.0010239839866699185
408.0 0.0009491101991443429
409.0 0.001381556285195984
410.0 0.0018140022802981548
411.0 0.0016310144928866066
412.0 0.0014480267964245286
413.0 0.0016957457773969509
414.0 0.0019434648493188433
415.0 0.0018178650861955248
416.0 0.0016922658687690273
417.0 0.0013782600035483483
418.0 0.0010642541383276694
419.0 0.0016518330085091293
420.0 0.0022394118786905892
421.0 0.003919215305359103
422.0 0.005599018550128676
423.0 0.0085271371062845
424.0 0.011455253843450919
425.0 0.015192761202342808
426.0 0.018930270744021982
427.0 0.019260411499999464
428.0 0.019590552255976945
429.0 0.015778136730659753
430.0 0.011965721932938322
431.0 0.008283592615043744
432.0 0.004601462205755524
433.0 0.003722678593476303
434.0 0.0028438949811970815
435.0 0.0023271190002560616
436.0 0.0018103430193150416
437.0 0.0012343669368419796
438.0 0.0006583909907931229
439.0 0.0007628246294189012
440.0 0.0008672582225699443
441.0 0.0010612471669446677
442.0 0.0012552362932183314
443.0 0.0015753390471218154
444.0 0.0018954415281768888
445.0 0.0016013929780456237
446.0 0.0013073445188638289
447.0 0.0013634191418532282
448.0 0.0014194935829436872
449.0 0.0013118657079758123
450.0 0.0012042372873111162
451.0 0.001229283861903241
452.0 0.0012543304364953656
453.0 0.001305653222516412
454.0 0.0013569757356890477
455.0 0.0010830343853740487
456.0 0.0008090930350590497
457.0 0.000851094227982685
458.0 0.0008930955118557904
459.0 0.001014262034004787
460.0 0.0011354285561537836
461.0 0.001700034954410512
462.0 0.0022646414436167106
463.0 0.0030725361284567043
464.0 0.003880430813296698
465.0 0.004743882527691312
466.0 0.0056073338782880455
467.0 0.0061019476561341435
468.0 0.006596562161576003
469.0 0.0057341116189491
470.0 0.004871660712524317
471.0 0.003586123784771189
472.0 0.0023005861294222996
473.0 0.0017291085896431468
474.0 0.0011576311408134643
475.0 0.000983508289209567
476.0 0.0008093854376056697
477.0 0.0007600438948429655
478.0 0.0007107024885044666
479.0 0.0006147759904706618
480.0 0.0005188494469621219
481.0 0.0004606301445164718
482.0 0.0004024107965960866
483.0 0.000451222012998187
484.0 0.0005000333203497576
485.0 0.0006030010808899533
486.0 0.0007059687504806789
487.0 0.0005688486908184132
488.0 0.0004317285402066773
489.0 0.0007031266250123736
490.0 0.0009745247552928049
491.0 0.0008394896212848835
492.0 0.0007044546691759024
493.0 0.0008395721124543343
494.0 0.0009746891919348855
495.0 0.0010129507245437708
496.0 0.0010512120752537157
497.0 0.0010358618055761326
498.0 0.0010205115358985495
499.0 0.0010955597645079251
500.0 0.0011706079931173008
501.0 0.0014354832273966167
502.0 0.001700358188827522
503.0 0.001926988988998346
504.0 0.0021536194253712893
505.0 0.002555664650571998
506.0 0.002957709693873767
507.0 0.0037580917705781758
508.0 0.004558473665383644
509.0 0.004943421663483605
510.0 0.005328370025381446
511.0 0.004805554635822773
512.0 0.0042827399738598615
513.0 0.0036162586184218526
514.0 0.002949776899185963
515.0 0.002776862856990192
516.0 0.002603948814794421
517.0 0.002560594839451369
518.0 0.0025172406822093762
519.0 0.009393765503773466
520.0 0.06618357147090137
521.0 0.07892164867371321
522.0 0.025625142734497786
523.0 0.1273364876396954
524.0 0.07888817344792187
525.0 0.05953024374321103
526.0 0.14069800963625312
527.0 0.14697544975206256
528.0 0.13043509097769856
529.0 0.13209067983552814
530.0 0.17805257812142372
531.0 0.18736390629783273
532.0 0.19200355745851994
533.0 0.30374047346413136
534.0 0.4084404557943344
535.0 0.4556273575872183
536.0 0.5535840522497892
537.0 0.8081216365098953
538.0 1.2605153024196625
539.0 1.9028129056096077
540.0 3.055330365896225
541.0 4.69883419573307
542.0 6.818986684083939
543.0 9.755011647939682
544.0 13.113029301166534
545.0 17.072461545467377
546.0 21.67261391878128
547.0 27.791351079940796
548.0 35.10907292366028
549.0 43.14295053482056
550.0 49.929025769233704
551.0 57.91093111038208
552.0 63.55738043785095
553.0 69.042307138443
554.0 73.4815239906311
555.0 77.7440071105957
556.0 81.53818249702454
557.0 84.34872627258301
558.0 87.91202902793884
559.0 91.27123951911926
560.0 92.15739965438843
561.0 93.96061897277832
562.0 95.10585069656372
563.0 94.69985961914062
564.0 95.42410373687744
565.0 95.10217905044556
566.0 95.91262936592102
567.0 94.79284286499023
568.0 95.68048119544983
569.0 96.4837372303009
570.0 95.88412642478943
571.0 96.75152897834778
572.0 96.32394313812256
573.0 96.67853116989136
574.0 96.62696123123169
575.0 96.67934775352478
576.0 97.50205874443054
577.0 96.85769081115723
578.0 97.2215473651886
579.0 96.81223630905151
580.0 96.22089266777039
581.0 96.20426297187805
582.0 96.4266300201416
583.0 96.70448303222656
584.0 95.8889365196228
585.0 96.21435403823853
586.0 96.31926417350769
587.0 96.16004824638367
588.0 96.25917673110962
589.0 97.3071813583374
590.0 96.52974009513855
591.0 95.64966559410095
592.0 95.60626745223999
593.0 95.64140439033508
594.0 95.83422541618347
595.0 96.21113538742065
596.0 96.57674431800842
597.0 97.07497358322144
598.0 96.66882753372192
599.0 96.51157259941101
600.0 96.39338254928589
601.0 95.73248624801636
602.0 95.9986686706543
603.0 95.63595056533813
604.0 96.140056848526
605.0 96.4903175830841
606.0 96.08591198921204
607.0 95.86749076843262
608.0 96.09460234642029
609.0 95.51458358764648
610.0 95.92720866203308
611.0 95.83624601364136
612.0 95.54687738418579
613.0 96.44427299499512
614.0 96.51607275009155
615.0 95.9867537021637
616.0 96.51796221733093
617.0 96.28990888595581
618.0 96.08708620071411
619.0 96.90979719161987
620.0 95.99906802177429
621.0 95.48733234405518
622.0 96.30469083786011
623.0 96.41506671905518
624.0 96.16662263870239
625.0 96.7424750328064
626.0 95.78765034675598
627.0 95.2642023563385
628.0 96.93254232406616
629.0 95.34765481948853
630.0 96.32550477981567
631.0 95.9397554397583
632.0 96.63784503936768
633.0 96.49481177330017
634.0 95.64321041107178
635.0 96.11845016479492
636.0 96.00963592529297
637.0 95.55634260177612
638.0 95.3202486038208
639.0 95.25942802429199
640.0 95.54274678230286
641.0 95.22273540496826
642.0 96.00779414176941
643.0 95.89956998825073
644.0 95.86093425750732
645.0 95.74743509292603
646.0 95.79505324363708
647.0 96.76040410995483
648.0 96.13349437713623
649.0 95.74000239372253
650.0 96.34338021278381
651.0 96.50852680206299
652.0 96.4688241481781
653.0 95.64410448074341
654.0 96.20906114578247
655.0 96.405029296875
656.0 95.76913118362427
657.0 95.64971923828125
658.0 96.06576561927795
659.0 96.09202146530151
660.0 95.26237845420837
661.0 95.61907052993774
662.0 95.63353657722473
663.0 95.49824595451355
664.0 95.52963376045227
665.0 95.13652324676514
666.0 95.10831832885742
667.0 95.39046883583069
668.0 95.16333341598511
669.0 95.30189633369446
670.0 95.3645408153534
671.0 95.54081559181213
672.0 95.38517594337463
673.0 95.37677764892578
674.0 94.67700123786926
675.0 95.54411768913269
676.0 94.88974213600159
677.0 94.09264326095581
678.0 93.40313076972961
679.0 92.43043065071106
680.0 91.79462194442749
681.0 90.42578339576721
682.0 88.26242685317993
683.0 85.7582688331604
684.0 82.44447708129883
685.0 78.88294458389282
686.0 75.32461285591125
687.0 70.779287815094
688.0 66.28072261810303
689.0 61.680835485458374
690.0 56.33645057678223
691.0 52.15691924095154
692.0 47.56309688091278
693.0 43.20529103279114
694.0 38.25174868106842
695.0 33.170926570892334
696.0 27.99249291419983
697.0 23.077742755413055
698.0 17.392198741436005
699.0 12.81738132238388
700.0 9.116316586732864
701.0 5.863651260733604
702.0 3.750024363398552
703.0 2.2384444251656532
704.0 1.2736215256154537
705.0 0.8031751029193401
706.0 0.42892005294561386
707.0 0.3097797278314829
708.0 0.18857159884646535
709.0 0.17494214698672295
710.0 0.12731371680274606
711.0 0.1060227514244616
712.0 0.031140947248786688
713.0 0.0691134890075773
714.0 0.06064887857064605
715.0 0.0774585350882262
716.0 0.07398560410365462
717.0 0.06458072457462549
718.0 0.07540787337347865
719.0 0.0639977864921093
720.0 1.5979801032753316e-10
721.0 0.004558155342238024
722.0 0.004448279651114717
723.0 0.00433840395999141
724.0 0.003949863821617328
725.0 0.003561323319445364
726.0 0.0034099677577614784
727.0 0.0032586121960775927
728.0 0.0031353913072962314
729.0 0.00301217041851487
730.0 0.0028060978365829214
731.0 0.0026000250727520324
732.0 0.002462030533934012
733.0 0.0023240363589138724
734.0 0.0022196663849172182
735.0 0.002115296774718445
736.0 0.002057338315353263
737.0 0.001999379674089141
738.0 0.0018773052943288349
739.0 0.0017552307326695882
740.0 0.0017101292542065494
741.0 0.0016650275938445702
742.0 0.001608789352758322
743.0 0.0015525509297731332
744.0 0.0015814355720067397
745.0 0.0016103203961392865
746.0 0.0014218164324120153
747.0 0.0012333121048868634
748.0 0.0012518564290076029
749.0 0.0012704007531283423
750.0 0.0013050844245299231
751.0 0.001339768186880974
752.0 0.0012483413229347207
753.0 0.0011569144589884672
754.0 0.0011845928383991122
755.0 0.0012122708540118765
756.0 0.0012171678463346325
757.0 0.001222064565808978
758.0 0.0011941493539779913
759.0 0.0011662344149954151
760.0 0.001238301229022909
761.0 0.001310368133999873
762.0 0.0011021852515114006
763.0 0.0008940023690229282
764.0 0.000999800340650836
765.0 0.001105597857531393
766.0 0.0009324304301117081
767.0 0.0007592629572172882
768.0 0.0007769053809170146
769.0 0.0007945476681925356
770.0 0.0008111725946946535
771.0 0.0008277973392978311
772.0 0.0009058812793227844
773.0 0.0009839650374487974
774.0 0.0009750760909810197
775.0 0.0009661870535637718
776.0 0.0009614970622351393
777.0 0.0009568076166033279
778.0 0.0008679397069499828
779.0 0.0007790720701450482
780.0 0.0007470574018952902
781.0 0.0007150425517465919
782.0 0.0007819164238753729
783.0 0.0008487904779030941
784.0 0.0008377019184990786
785.0 0.0008266132681455929
786.0 0.0007747188647044823
787.0 0.0007228245522128418
788.0 0.0006889481028338196
789.0 0.0006550717444042675
790.0 0.00059929302551609
791.0 0.0005435142156784423
792.0 0.0005371448423829861
793.0 0.0005307754236127948
794.0 0.0006434237548091915
795.0 0.000756072040530853
796.0 0.0006636776106461184
797.0 0.0005712832262361189
798.0 0.000634112757325056
799.0 0.0006969423793634633
800.0 0.0007010947228991427
801.0 0.0007052467481116764
802.0 0.0007381077921309043
803.0 0.0007709688361501321
804.0 0.0006985273103055079
805.0 0.0006260858299356187
806.0 0.0005661255272570997
807.0 0.0005061652700533159
808.0 0.0006343726454360876
809.0 0.0007625799298693892
810.0 0.000788154466135893
811.0 0.0008137287295539863
812.0 0.0006544662028318271
813.0 0.0004952034032612573
814.0 0.0006153637514216825
815.0 0.0007355240086326376
816.0 0.0008427796274190769
817.0 0.0009500353371549863
818.0 0.0007400083177344641
819.0 0.0005299813437886769
820.0 0.000671171164867701
821.0 0.00081236094047199
822.0 0.0007591028861497762
823.0 0.0007058449227770325
824.0 0.0006271589427342406
825.0 0.0005484731900651241
826.0 0.0005898706149309874
827.0 0.0006312680852715857
828.0 0.0005847196462127613
829.0 0.0005381713435781421
830.0 0.00021047628706583055
831.0 1.5979801032753316e-10
832.0 1.5979801032753316e-10
833.0 1.5979801032753316e-10
834.0 1.5979801032753316e-10
835.0 1.5979801032753316e-10
836.0 9.311066833106452e-05
837.0 0.00021117830328876153
838.0 0.0008364687346329447
839.0 0.0014617591659771279
840.0 0.0017629889043746516
841.0 0.0020642188246711157
842.0 0.002439248055452481
843.0 0.0028142771043349057
844.0 0.0026504760171519592
845.0 0.0024866749299690127
846.0 0.0021222393115749583
847.0 0.0017578036931809038
848.0 0.0017390488210367039
849.0 0.0017202937669935636
850.0 0.0016213978597079404
851.0 0.0015225021343212575
852.0 0.0014322044080472551
853.0 0.0013419066817732528
854.0 0.0011537577847775538
855.0 0.0009656087058829144
856.0 0.0008335912752954755
857.0 0.0007015738447080366
858.0 0.0005833450359205017
859.0 0.0004651163180824369
860.0 0.00034781148769980064
861.0 0.00023050670279189944
862.0 0.0002679081717360532
863.0 0.00030530959520547185
864.0 0.00024911034870456206
865.0 0.00019291110220365226
866.0 0.0002285977870997158
867.0 0.00026428444925841177
868.0 0.00018106475181411952
869.0 9.784503163245972e-05
870.0 0.0001891779902507551
871.0 0.000280510971606418
872.0 0.000241258749156259
873.0 0.00020200654944346752
874.0 0.00022069036731409142
875.0 0.00023937416244734777
876.0 0.0001386703615935403
877.0 3.796659484578413e-05
878.0 4.898984684587049e-05
879.0 6.0013115898982505e-05
880.0 0.00012037460237479536
881.0 0.00018073611727231764
882.0 0.0001479022671446728
883.0 0.00011506846249176306
884.0 0.000129103079871129
885.0 0.00014313769725049497
886.0 0.00016166957266250392
887.0 0.00018020141396846157
888.0 0.00017508641576569062
889.0 0.00016997142893160344
890.0 0.00013520495940611
891.0 0.00010043850124930032
892.0 8.010306373762432e-05
893.0 5.976762054160645e-05
894.0 1.6093119725724137e-06
895.0 1.5979801032753316e-10
896.0 1.5979801032753316e-10
897.0 3.5690004551724996e-05
898.0 5.687191517722567e-06
899.0 1.5979801032753316e-10
900.0 1.5979801032753316e-10
901.0 1.5979801032753316e-10
