lsstCam/transmission_filter_detector/r33_s20/r_57/19700101T000000.ecsv
# %ECSV 1.0
# ---
# datatype:
# - {name: wavelength, unit: nm, datatype: float32}
# - {name: efficiency, unit: '%', datatype: float64}
# meta: !!omap
# - {MODE: DETECTOR}
# - {TYPE: transmission_filter_detector}
# - {CALIBDATE: '1970-01-01T00:00:00'}
# - {INSTRUME: LSSTCam}
# - {OBSTYPE: transmission_filter_detector}
# - {CALIBCLS: lsst.ip.isr.IntermediateFilterDetectorTransmissionCurve}
# - {SOURCE: Materion (DM-46256)}
# - {DETECTOR: 150}
# - {FILTER: r_57}
# - {CALIB_ID: 'calibDate=1970-01-01T00:00:00 filter=r_57 detector=150'}
# - {DATE: '2025-04-02T15:59:44.879174'}
# - {CALIB_CREATION_DATE: '2025-04-02'}
# - {CALIB_CREATION_TIME: '15:59:44'}
# - __serialized_columns__:
#     efficiency:
#       __class__: astropy.units.quantity.Quantity
#       unit: !astropy.units.Unit {unit: '%'}
#       value: !astropy.table.SerializedColumn {name: efficiency}
#     wavelength:
#       __class__: astropy.units.quantity.Quantity
#       unit: !astropy.units.Unit {unit: nm}
#       value: !astropy.table.SerializedColumn {name: wavelength}
# schema: astropy-2.0
wavelength efficiency
[from data line 603]
903.0 1.5979801032753316e-10
904.0 1.220077621155724e-05
905.0 0.00010460257726663258
906.0 9.553390327710076e-05
907.0 8.646523497191083e-05
908.0 0.00014545289559464436
909.0 0.00020444051642698469
910.0 0.00011795116279245121
911.0 3.146181484225963e-05
912.0 0.00013403197272054967
913.0 0.00023660211354581406
914.0 0.00019285816961200908
915.0 0.0001491142256782041
916.0 8.745865329728986e-05
917.0 2.5803049652495247e-05
918.0 8.476485504615994e-05
919.0 0.0001437266519133118
920.0 0.00014916402051312616
921.0 0.00015460137774425675
922.0 0.00013350556855584728
923.0 0.00011240977073612157
924.0 0.00015957672303557047
925.0 0.00020674365259765182
926.0 0.00017670907936917502
927.0 0.0001466745061406982
928.0 0.00018523941207604366
929.0 0.00022380431801138911
930.0 0.00017566333099239273
931.0 0.00012752234397339635
932.0 0.00010007775017584208
933.0 7.263315069394594e-05
934.0 1.1061564464398543e-05
935.0 1.5979801032753316e-10
936.0 1.5979801032753316e-10
937.0 1.5979801032753316e-10
938.0 1.5979801032753316e-10
939.0 1.5979801032753316e-10
940.0 1.6781926603925967e-05
941.0 9.490684078627964e-05
942.0 0.00023682180199102731
943.0 0.00037873669498367235
944.0 0.00034164238513767486
945.0 0.00030454800707957475
946.0 0.0004998667009203928
947.0 0.0006951854629733134
948.0 0.0005205563866184093
949.0 0.00034592744668771047
950.0 0.0004039520717924461
951.0 0.0004619766059477115
952.0 0.0006162465069792233
953.0 0.0007705164534854703
954.0 0.0009080213203560561
955.0 0.0010455265510245226
956.0 0.0011451000318629667
957.0 0.0012446735127014108
958.0 0.0015079172953846864
959.0 0.001771161078067962
960.0 0.0019172199245076627
961.0 0.002063278589048423
962.0 0.0021324223780538887
963.0 0.0022015661670593545
964.0 0.0023295455321203917
965.0 0.0024575250790803693
966.0 0.0023792532374500297
967.0 0.002300981759617571
968.0 0.002332628719159402
969.0 0.002364275678701233
970.0 0.0024377524823648855
971.0 0.002511228922230657
972.0 0.002576643782958854
973.0 0.002642058825585991
974.0 0.002830059929692652
975.0 0.0030180617613950744
976.0 0.003093067425652407
977.0 0.0031680734537076205
978.0 0.003097807348240167
979.0 0.003027541060873773
980.0 0.0030949868232710287
981.0 0.003162432767567225
982.0 0.0031283358111977577
983.0 0.0030942392186261714
984.0 0.002987862353620585
985.0 0.002881485670513939
986.0 0.0027963616958004422
987.0 0.0027112379029858857
988.0 0.0026550822440185584
989.0 0.002598927130748052
990.0 0.002616453821246978
991.0 0.002633980693644844
992.0 0.002531610334699508
993.0 0.0024292399757541716
994.0 0.002479789691278711
995.0 0.002530339770601131
996.0 0.0025286917662015185
997.0 0.002527043761801906
998.0 0.0027189587854081765
999.0 0.002910873809014447
1000.0 0.0030192986741894856
1001.0 0.003127723903162405
1002.0 0.003304510028101504
1003.0 0.0034812965168384835
1004.0 0.0036300200008554384
1005.0 0.0037787431210745126
1006.0 0.0038716254493920133
1007.0 0.003964508141507395
1008.0 0.0040312788769369945
1009.0 0.004098048884770833
1010.0 0.004020027336082421
1011.0 0.00394200615119189
1012.0 0.0040043407352641225
1013.0 0.0040666756831342354
1014.0 0.0039544134779134765
1015.0 0.003842150908894837
1016.0 0.003479433144093491
1017.0 0.003116714651696384
1018.0 0.002913462958531454
1019.0 0.0027102112653665245
1020.0 0.002442268487357069
1021.0 0.002174325709347613
1022.0 0.001929642712639179
1023.0 0.001684959715930745
1024.0 0.001507157867308706
1025.0 0.0013293563824845478
1026.0 0.0011277847988822032
1027.0 0.0009262135790777393
1028.0 0.0008767395229369868
1029.0 0.0008272656486951746
1030.0 0.0008347670700459275
1031.0 0.0008422684913966805
1032.0 0.0007728723176114727
1033.0 0.0007034760528767947
1034.0 0.0007356544301728718
1035.0 0.0007678328984184191
1036.0 0.000612637450103648
1037.0 0.00045744200178887695
1038.0 0.00077730319389957
1039.0 0.001097164295060793
1040.0 0.0009533652701065876
1041.0 0.0008095658813545015
1042.0 0.0008278910172521137
1043.0 0.0008462160622002557
1044.0 0.0008030707249417901
1045.0 0.0007599253876833245
1046.0 0.0006240241418709047
1047.0 0.00048812294153322
1048.0 0.0005432300895336084
1049.0 0.000598337328483467
1050.0 0.0008625147529528476
1051.0 0.001126692040998023
1052.0 0.0011187280506419484
1053.0 0.0011107637874374632
1054.0 0.0011117201211163774
1055.0 0.0011126765457447618
1056.0 0.0010274579835822806
1057.0 0.0009422394214197993
1058.0 0.0010806166756083257
1059.0 0.0012189939297968522
1060.0 0.0011934180292882957
1061.0 0.0011678419468807988
1062.0 0.0012351805708021857
1063.0 0.0013025191947235726
1064.0 0.0014722013474965934
1065.0 0.0016418835002696142
1066.0 0.002027776099566836
1067.0 0.002413668335066177
1068.0 0.0023236065317178145
1069.0 0.0022335440007736906
1070.0 0.002120153294526972
1071.0 0.0020067627701791935
1072.0 0.002196522291342262
1073.0 0.0023862819944042712
1074.0 0.0022796857592766173
1075.0 0.002173089342250023
1076.0 0.002046875852101948
1077.0 0.0019206621800549328
1078.0 0.002632110226841178
1079.0 0.0033435582736274227
1080.0 0.003650341386673972
1081.0 0.003957124499720521
1082.0 0.004193985660094768
1083.0 0.004430846820469014
1084.0 0.004091504888492636
1085.0 0.0037521629565162584
1086.0 0.004282938971300609
1087.0 0.004813715349882841
1088.0 0.004210380575386807
1089.0 0.0036070461646886542
1090.0 0.0027872623832081445
1091.0 0.0019674784198286943
1092.0 0.0025338138584629633
1093.0 0.003100149115198292
1094.0 0.0028472719350247644
1095.0 0.0025943949367501773
1096.0 0.003310947067802772
1097.0 0.004027499380754307
1098.0 0.0028921400371473283
1099.0 0.0017567806935403496
1100.0 0.0014795828974456526
1101.0 0.0012023851013509557
