lsstCam/transmission_filter_detector/r40_sw1/z_20/19700101T000000.ecsv
# %ECSV 1.0
# ---
# datatype:
# - {name: wavelength, unit: nm, datatype: float32}
# - {name: efficiency, unit: '%', datatype: float64}
# meta: !!omap
# - {MODE: DETECTOR}
# - {TYPE: transmission_filter_detector}
# - {CALIBDATE: '1970-01-01T00:00:00'}
# - {INSTRUME: LSSTCam}
# - {OBSTYPE: transmission_filter_detector}
# - {CALIBCLS: lsst.ip.isr.IntermediateFilterDetectorTransmissionCurve}
# - {SOURCE: Materion (DM-46256)}
# - {DETECTOR: 200}
# - {FILTER: z_20}
# - {CALIB_ID: 'calibDate=1970-01-01T00:00:00 filter=z_20 detector=200'}
# - {DATE: '2025-04-02T15:59:49.568739'}
# - {CALIB_CREATION_DATE: '2025-04-02'}
# - {CALIB_CREATION_TIME: '15:59:49'}
# - __serialized_columns__:
#     efficiency:
#       __class__: astropy.units.quantity.Quantity
#       unit: !astropy.units.Unit {unit: '%'}
#       value: !astropy.table.SerializedColumn {name: efficiency}
#     wavelength:
#       __class__: astropy.units.quantity.Quantity
#       unit: !astropy.units.Unit {unit: nm}
#       value: !astropy.table.SerializedColumn {name: wavelength}
# schema: astropy-2.0
wavelength efficiency
300.0 0.41974163614213467
301.0 0.34467061050236225
302.0 0.26959956157952547
303.0 0.23363435175269842
304.0 0.19766916520893574
305.0 0.18757664365693927
306.0 0.17748411046341062
307.0 0.16554829198867083
308.0 0.15361246187239885
309.0 0.13380921445786953
310.0 0.11400595540180802
311.0 0.11591071961447597
312.0 0.11781549546867609
313.0 0.10370773961767554
314.0 0.0895999779459089
315.0 0.08077885722741485
316.0 0.0719577248673886
317.0 0.07066818652674556
318.0 0.06937864818610251
319.0 0.06630916614085436
320.0 0.06323969573713839
321.0 0.061966036446392536
322.0 0.06069238297641277
323.0 0.053708802442997694
324.0 0.046725221909582615
325.0 0.04578841326292604
326.0 0.044851607526652515
327.0 0.039321513031609356
328.0 0.0337914185365662
329.0 0.03436673141550273
330.0 0.03494204138405621
331.0 0.034975886228494346
332.0 0.03500973107293248
333.0 0.030744628747925162
334.0 0.026479526422917843
335.0 0.024628182291053236
336.0 0.022776836703997105
337.0 0.021311372984200716
338.0 0.019845909264404327
339.0 0.019122402591165155
340.0 0.018398895917925984
341.0 0.017961171397473663
342.0 0.017523448332212865
343.0 0.017074571223929524
344.0 0.016625695570837706
345.0 0.015699531650170684
346.0 0.014773367729503661
347.0 0.013492883590515703
348.0 0.012212397996336222
349.0 0.011967178579652682
350.0 0.011721959890564904
351.0 0.01185622313641943
352.0 0.011990484927082434
353.0 0.011363108205841854
354.0 0.010735730029409751
355.0 0.010820447641890496
356.0 0.01090516452677548
357.0 0.01064099560608156
358.0 0.010376828140579164
359.0 0.010121159721165895
360.0 0.009865491301752627
361.0 0.009715490887174383
362.0 0.009565490472596139
363.0 0.009001645230455324
364.0 0.008437799260718748
365.0 0.00862928427523002
366.0 0.00882076783454977
367.0 0.008594361133873463
368.0 0.008367952978005633
369.0 0.007944679236970842
370.0 0.007521406951127574
371.0 0.007987944991327822
372.0 0.00845448303152807
373.0 0.00816372994449921
374.0 0.007872976857470348
375.0 0.006457290874095634
376.0 0.0050416052545187995
377.0 0.004996639836463146
378.0 0.004951674054609612
379.0 0.005200823943596333
380.0 0.005449973468785174
381.0 0.005087853787699714
382.0 0.004725734106614254
383.0 0.004911938231089152
384.0 0.00509814199176617
385.0 0.004875079685007222
386.0 0.004652017378248274
387.0 0.004959856232744642
388.0 0.00526769545103889
389.0 0.004886308670393191
390.0 0.004504922253545374
391.0 0.004412783528096043
392.0 0.004320644438848831
393.0 0.004002288551419042
394.0 0.0036839323001913726
395.0 0.0035892244341084734
396.0 0.003494516931823455
397.0 0.0037400979636004195
398.0 0.003985678995377384
399.0 0.004172837725491263
400.0 0.004359996455605142
401.0 0.004944033935316838
402.0 0.005528071415028535
403.0 0.005075998342363164
404.0 0.004623925269697793
405.0 0.004546378113445826
406.0 0.004468830957193859
407.0 0.005008664811612107
408.0 0.005548498302232474
409.0 0.005141744986758567
410.0 0.00473499130748678
411.0 0.0044254702515900135
412.0 0.004115948468097486
413.0 0.004392482514958829
414.0 0.0046690169256180525
415.0 0.00427789163950365
416.0 0.0038867663533892483
417.0 0.003341257615829818
418.0 0.0027957494239672087
419.0 0.00334029937221203
420.0 0.003884849138557911
421.0 0.0032233343517873436
422.0 0.0025618197469157167
423.0 0.002722765930229798
424.0 0.002883711931644939
425.0 0.0027275329557596706
426.0 0.002571353797975462
427.0 0.002427148137940094
428.0 0.0022829428417026065
429.0 0.0022717482352163643
430.0 0.0022605539925280027
431.0 0.002050712464551907
432.0 0.0018408709365758114
433.0 0.0022146807168610394
434.0 0.002588490860944148
435.0 0.0025623377950978465
436.0 0.002536185274948366
437.0 0.002581784974609036
438.0 0.0026273848561686464
439.0 0.0022162232198752463
440.0 0.0018050617654807866
441.0 0.0019372711903997697
442.0 0.002069480615318753
443.0 0.0018607648598845117
444.0 0.0016520491044502705
445.0 0.0018663111404748634
446.0 0.002080572994600516
447.0 0.0023127189706428908
448.0 0.0025448647647863254
449.0 0.002280462831549812
450.0 0.002016060898313299
451.0 0.0016181626051547937
452.0 0.001220264039147878
453.0 0.0017947466403711587
454.0 0.002369229150644969
455.0 0.002250670877401717
456.0 0.002132112604158465
457.0 0.0016023208445403725
458.0 0.0010725290849222802
459.0 0.0012686165064224042
460.0 0.0014647043826698791
461.0 0.001435326885257382
462.0 0.001405949478794355
463.0 0.0011567058209038805
464.0 0.0009074617992155254
465.0 0.0014494307833956555
466.0 0.001991399403777905
467.0 0.001678974695096258
468.0 0.0013665497135662008
469.0 0.0010501603355805855
470.0 0.0007337709575949702
471.0 0.0010388472219347022
472.0 0.0013439234862744343
473.0 0.0014076151273911819
474.0 0.0014713067685079295
475.0 0.0013492433936335146
476.0 0.0012271800187590998
477.0 0.0014000174815009814
478.0 0.0015728550351923332
479.0 0.0018305456251255237
480.0 0.002088236215058714
481.0 0.0014623220522480551
482.0 0.0008364080713363364
483.0 0.0009913013855111785
484.0 0.00114619442683761
485.0 0.001066634195012739
486.0 0.000987074054137338
487.0 0.0010552742423897143
488.0 0.001123474612541031
489.0 0.0011113274013041519
490.0 0.0010991801900672726
491.0 0.0011895479474333115
492.0 0.0012799156138498802
493.0 0.00164923767442815
494.0 0.00201855982595589
495.0 0.001821082696551457
496.0 0.001623605567147024
497.0 0.001281563800148433
498.0 0.0009395218512509018
499.0 0.001186607187264599
500.0 0.0014336924323288258
501.0 0.0012516284186858684
502.0 0.0010695644959923811
503.0 0.0009838040568865836
504.0 0.0008980434358818457
505.0 0.0012883918316219933
506.0 0.0016787400454632007
507.0 0.0014272959560912568
508.0 0.001175851866719313
509.0 0.0011695970897562802
510.0 0.0011633422218437772
511.0 0.0011911370165762492
512.0 0.0012189316294097807
513.0 0.0013324847714102361
514.0 0.0014460378224612214
515.0 0.0012538250302895904
516.0 0.0010616123290674295
517.0 0.0010546433259150945
518.0 0.0010476744137122296
519.0 0.00131885144583066
520.0 0.0015900284779490903
521.0 0.0015884892491158098
522.0 0.0015869500202825293
523.0 0.0017323342035524547
524.0 0.0018777180230244994
525.0 0.0012731223250739276
526.0 0.0006685265361738857
527.0 0.0008694179996382445
528.0 0.0010703095540520735
529.0 0.0010049826414615382
530.0 0.000939655819820473
531.0 0.001308156151935691
532.0 0.0016766565750003792
533.0 0.0013453424799081404
534.0 0.001014028111967491
535.0 0.0014594518688682
536.0 0.0019048758986173198
537.0 0.0018132375771529041
538.0 0.0017215996194863692
539.0 0.0013443484931485727
540.0 0.0009670972758613061
541.0 0.0011432201972638723
542.0 0.001319342936767498
543.0 0.001043746124196332
544.0 0.0007681494935241062
545.0 0.0012608056749741081
546.0 0.0017534619473735802
547.0 0.0018558170268079266
548.0 0.0019581722881412134
549.0 0.0019606126443250105
550.0 0.001963053182407748
551.0 0.0018657387045095675
552.0 0.0017684244085103273
553.0 0.0017897322322824039
554.0 0.0018110400560544804
555.0 0.0018199203623225912
556.0 0.0018288003047928214
557.0 0.001606042860657908
558.0 0.001383285143674584
559.0 0.0015143882592383306
560.0 0.001645491283852607
561.0 0.001329842780251056
562.0 0.001014194276649505
563.0 0.0012718968719127588
564.0 0.0015295994671760127
565.0 0.0017758746253093705
566.0 0.002022149601543788
567.0 0.0023563876311527565
568.0 0.0026906258426606655
569.0 0.0027032674552174285
570.0 0.002715908885875251
571.0 0.002589178620837629
572.0 0.002462448173901066
573.0 0.0022394278857973404
574.0 0.0020164074157946743
575.0 0.0019252767742727883
576.0 0.0018341461327509023
577.0 0.0019436023649177514
578.0 0.0020530582332867198
579.0 0.0018637669199961238
580.0 0.0016744756067055278
581.0 0.0016399060768890195
582.0 0.0016053367289714515
583.0 0.0016117379345814697
584.0 0.0016181389582925476
585.0 0.001834409158618655
586.0 0.0020506793589447625
587.0 0.002056814446405042
588.0 0.0020629495338653214
589.0 0.0020267261788831092
590.0 0.0019905031876987778
591.0 0.001814412826206535
592.0 0.0016383224647142924
593.0 0.001421937395207351
594.0 0.0012055522347509395
595.0 0.001023086497298209
596.0 0.0008406207598454785
597.0 0.0008788394552539103
598.0 0.0009170581506623421
599.0 0.000889384864422027
600.0 0.0008617114872322418
601.0 0.0006390760063368361
602.0 0.0004164405254414305
603.0 0.0007601791367051192
604.0 0.0011039177479688078
605.0 0.0011781267858168576
606.0 0.001252335641765967
607.0 0.0009793061508389656
608.0 0.0007062767053866992
609.0 0.0007168059710238595
610.0 0.0007273352821357548
611.0 0.0008007874384929892
612.0 0.0008742394129512832
613.0 0.0008779043128015473
614.0 0.0008815693945507519
615.0 0.0010520677278691437
616.0 0.0012225660611875355
617.0 0.0014334340448840521
618.0 0.001644302210479509
619.0 0.0016189598682103679
620.0 0.0015936175259412266
621.0 0.001516545034974115
622.0 0.0014394728168554138
623.0 0.0013537718587031122
624.0 0.0012680711733992212
625.0 0.0013969759493193123
626.0 0.001525880907138344
627.0 0.0019227549273637123
628.0 0.0023196289475890808
629.0 0.0022064750737627037
630.0 0.0020933210180373862
631.0 0.002232167753390968
632.0 0.0023710144887445495
633.0 0.002784483331197407
634.0 0.0031979525374481454
635.0 0.005778417835244909
636.0 0.008358883496839553
637.0 0.015636322495993227
638.0 0.022913762950338423
639.0 0.02007913717534393
640.0 0.017244511400349438
641.0 0.014953507343307137
642.0 0.012662498920690268
643.0 0.009171738929580897
644.0 0.0056809782108757645
645.0 0.005819239595439285
646.0 0.005957501343800686
647.0 0.005731226701755077
648.0 0.005504952059709467
649.0 0.004300805812817998
650.0 0.0030966595659265295
651.0 0.0033106058253906667
652.0 0.0035245513572590426
653.0 0.002955182753794361
654.0 0.002385813968430739
655.0 0.0022917010937817395
656.0 0.00219758821913274
657.0 0.0022544712919625454
658.0 0.0023113543647923507
659.0 0.002278903230035212
660.0 0.002246452095278073
661.0 0.0023680124286329374
662.0 0.0024895731257856824
663.0 0.001963062459253706
664.0 0.0014365518836712
665.0 0.0014225096492737066
666.0 0.0014084675967751537
667.0 0.0013617536751553416
668.0 0.0013150398444849998
669.0 0.0014443930922425352
670.0 0.001573746521899011
671.0 0.0013280482562549878
672.0 0.001082349717762554
673.0 0.0013541293810703792
674.0 0.001625908953428734
675.0 0.0014975004887674004
676.0 0.0013690921150555369
677.0 0.0015469095160369761
678.0 0.0017247270079678856
679.0 0.001961685120477341
680.0 0.002198643414885737
681.0 0.001922643423313275
682.0 0.0016466436136397533
683.0 0.002171936648664996
684.0 0.0026972295017912984
685.0 0.0024956998458947055
686.0 0.0022941701899981126
687.0 0.00237167132581817
688.0 0.0024491726435371675
689.0 0.0024289121938636526
690.0 0.002408651744190138
691.0 0.0024623574063298292
692.0 0.0025160630684695207
693.0 0.0028668606319115497
694.0 0.003217658377252519
695.0 0.0035844008380081505
696.0 0.003951142934965901
697.0 0.0036693141737487167
698.0 0.0033874850487336516
699.0 0.00509098063048441
700.0 0.006794476939830929
701.0 0.006952071271371096
702.0 0.007109665602911264
703.0 0.00647349443170242
704.0 0.005837322532897815
705.0 0.004783895565196872
706.0 0.003730468961293809
707.0 0.0034324613807257265
708.0 0.0031344541639555246
709.0 0.0038265861803665757
710.0 0.004518718196777627
711.0 0.004053640805068426
712.0 0.0035885637771571055
713.0 0.002900268736993894
714.0 0.0022119736968306825
715.0 0.00227369018830359
716.0 0.002335406679776497
717.0 0.002089162080665119
718.0 0.0018429174815537408
719.0 0.0016550171494600363
720.0 0.0014671171811642125
721.0 0.0016844673154992051
722.0 0.0019018174498341978
723.0 0.002126164145010989
724.0 0.00235051065828884
725.0 0.0020455277990549803
726.0 0.00174054475792218
727.0 0.0018923217794508673
728.0 0.0020440988009795547
729.0 0.0018333552361582406
730.0 0.0016226118532358669
731.0 0.0013450584447127767
732.0 0.001067505309038097
733.0 0.0013403436241787858
734.0 0.0016131820302689448
735.0 0.001419209820596734
736.0 0.0012252377018739935
737.0 0.0012090171367162839
738.0 0.0011927965715585742
739.0 0.0013945598766440526
740.0 0.001596323272679001
741.0 0.001655656160437502
742.0 0.0017149888662970625
743.0 0.0017865577319753356
744.0 0.0018581264157546684
745.0 0.0019018982129637152
746.0 0.001945670010172762
747.0 0.001945254552992992
748.0 0.0019448389139142819
749.0 0.002642967228894122
750.0 0.0033410957257729024
751.0 0.0032694075343897566
752.0 0.0031977200706023723
753.0 0.002977542499138508
754.0 0.002757365109573584
755.0 0.002715632763283793
756.0 0.0026739002350950614
757.0 0.002722152385103982
758.0 0.002770404717011843
759.0 0.0027778398361988366
760.0 0.0027852749553858303
761.0 0.004562245885608718
762.0 0.006339215906336904
763.0 0.006091006434871815
764.0 0.005842797327204607
765.0 0.005348856211639941
766.0 0.004854914004681632
767.0 0.0044038471969543025
768.0 0.003952780025429092
769.0 0.0045354707253864035
770.0 0.005118161789141595
771.0 0.004377435107016936
772.0 0.0036367087886901572
773.0 0.003771848787437193
774.0 0.00390698914998211
775.0 0.024837642558850348
776.0 1.6608260990438883e-10
777.0 1.6608260990438883e-10
778.0 0.03822178696282208
779.0 0.02859719970729202
780.0 1.6608260990438883e-10
781.0 1.6608260990438883e-10
782.0 1.6608260990438883e-10
783.0 0.011262531916145235
784.0 0.005235625576460734
785.0 1.6608260990438883e-10
786.0 1.6608260990438883e-10
787.0 1.6608260990438883e-10
788.0 0.13549095019698143
789.0 1.6608260990438883e-10
790.0 0.08810801082290709
791.0 0.05773761076852679
792.0 0.01960581575985998
793.0 1.6608260990438883e-10
794.0 1.6608260990438883e-10
795.0 0.06232107407413423
796.0 0.12192125432193279
797.0 0.21942623425275087
798.0 0.11768488911911845
799.0 0.15295653138309717
800.0 0.3484796965494752
801.0 0.5225470755249262
802.0 0.9283545427024364
803.0 1.5110524371266365
804.0 2.5081224739551544
805.0 3.831936791539192
806.0 5.529788509011269
807.0 7.859312742948532
808.0 10.510706156492233
809.0 13.433392345905304
810.0 16.708560287952423
811.0 19.802245497703552
812.0 22.870852053165436
813.0 26.43444836139679
814.0 30.585142970085144
815.0 35.58204174041748
816.0 40.92681109905243
817.0 47.16338515281677
818.0 53.740209341049194
819.0 60.45323610305786
820.0 68.3942437171936
821.0 75.3447413444519
822.0 81.11786246299744
823.0 85.45483946800232
824.0 89.89028334617615
825.0 93.60986948013306
826.0 95.36266326904297
827.0 97.43778705596924
828.0 99.0473985671997
829.0 98.92683625221252
830.0 98.56409430503845
831.0 99.3880033493042
832.0 98.33352565765381
833.0 99.78959560394287
834.0 98.62643480300903
835.0 99.26140308380127
836.0 99.17126297950745
837.0 98.63910675048828
838.0 98.09128642082214
839.0 98.33166003227234
840.0 98.47630858421326
841.0 99.33637976646423
842.0 98.87254238128662
843.0 99.76440072059631
844.0 98.07600378990173
845.0 98.59166145324707
846.0 99.09822344779968
847.0 98.74104857444763
848.0 99.57435131072998
849.0 98.75292181968689
850.0 98.54934811592102
851.0 99.07756447792053
852.0 99.34496283531189
853.0 98.62219095230103
854.0 99.6101438999176
855.0 98.40961694717407
856.0 98.9081859588623
857.0 97.71971106529236
858.0 98.63284826278687
859.0 98.88772964477539
860.0 98.4244167804718
861.0 98.6484706401825
862.0 98.6410915851593
863.0 98.48597049713135
864.0 99.5285153388977
865.0 99.52334761619568
866.0 98.54445457458496
867.0 98.97292852401733
868.0 99.22433495521545
869.0 99.06825423240662
870.0 97.66939282417297
871.0 98.92740845680237
872.0 99.20991063117981
873.0 98.78459572792053
874.0 99.67827796936035
875.0 98.9352285861969
876.0 98.75947833061218
877.0 99.20819401741028
878.0 99.12281632423401
879.0 98.49003553390503
880.0 98.89658093452454
881.0 99.71261620521545
882.0 98.91213774681091
883.0 98.88602495193481
884.0 99.34016466140747
885.0 98.90451431274414
886.0 98.36133122444153
887.0 98.71925115585327
888.0 98.94636273384094
889.0 99.36483502388
890.0 98.23459982872009
891.0 99.27651286125183
892.0 98.83958101272583
893.0 99.02196526527405
894.0 98.09651374816895
895.0 99.74614381790161
