lsstCam/transmission_filter_detector/r40_sw1/z_20/19700101T000000.ecsv
# %ECSV 1.0
# ---
# datatype:
# - {name: wavelength, unit: nm, datatype: float32}
# - {name: efficiency, unit: '%', datatype: float64}
# meta: !!omap
# - {MODE: DETECTOR}
# - {TYPE: transmission_filter_detector}
# - {CALIBDATE: '1970-01-01T00:00:00'}
# - {INSTRUME: LSSTCam}
# - {OBSTYPE: transmission_filter_detector}
# - {CALIBCLS: lsst.ip.isr.IntermediateFilterDetectorTransmissionCurve}
# - {SOURCE: Materion (DM-46256)}
# - {DETECTOR: 200}
# - {FILTER: z_20}
# - {CALIB_ID: 'calibDate=1970-01-01T00:00:00 filter=z_20 detector=200'}
# - {DATE: '2025-04-02T15:59:49.568739'}
# - {CALIB_CREATION_DATE: '2025-04-02'}
# - {CALIB_CREATION_TIME: '15:59:49'}
# - __serialized_columns__:
#     efficiency:
#       __class__: astropy.units.quantity.Quantity
#       unit: !astropy.units.Unit {unit: '%'}
#       value: !astropy.table.SerializedColumn {name: efficiency}
#     wavelength:
#       __class__: astropy.units.quantity.Quantity
#       unit: !astropy.units.Unit {unit: nm}
#       value: !astropy.table.SerializedColumn {name: wavelength}
# schema: astropy-2.0
wavelength efficiency
[from data line 597]
897.0 98.86130690574646
898.0 98.45441579818726
899.0 98.81404638290405
900.0 98.72008562088013
901.0 98.98877143859863
902.0 98.99129271507263
903.0 98.71682524681091
904.0 98.04733991622925
905.0 98.55268597602844
906.0 97.86466956138611
907.0 98.86371493339539
908.0 98.16968441009521
909.0 98.23761582374573
910.0 97.88685441017151
911.0 96.74386978149414
912.0 96.13711833953857
913.0 94.57516074180603
914.0 92.29024052619934
915.0 90.05498886108398
916.0 87.64930963516235
917.0 86.00236177444458
918.0 82.78326988220215
919.0 81.62948489189148
920.0 78.50223183631897
921.0 74.79550242424011
922.0 69.68865394592285
923.0 64.00154232978821
924.0 58.76234173774719
925.0 53.238868713378906
926.0 46.74828350543976
927.0 39.61802124977112
928.0 33.5176944732666
929.0 27.366068959236145
930.0 21.826142072677612
931.0 16.565021872520447
932.0 11.384351551532745
933.0 7.446809113025665
934.0 4.552740603685379
935.0 2.8061704710125923
936.0 1.606694608926773
937.0 0.9902713820338249
938.0 0.6805568002164364
939.0 0.310873007401824
940.0 0.23603136651217937
941.0 0.07442284259013832
942.0 0.05424836417660117
943.0 1.6608260990438883e-10
944.0 1.6608260990438883e-10
945.0 1.6608260990438883e-10
946.0 0.019301071006339043
947.0 0.008258662273874506
948.0 0.06227915291674435
949.0 1.6608260990438883e-10
950.0 0.04594964848365635
951.0 0.010973391181323677
952.0 1.6608260990438883e-10
953.0 0.033990899100899696
954.0 0.06582109490409493
955.0 1.6608260990438883e-10
956.0 0.05149038624949753
957.0 1.6608260990438883e-10
958.0 1.6608260990438883e-10
959.0 1.6608260990438883e-10
960.0 0.04132488393224776
961.0 0.020634409156627953
962.0 1.6608260990438883e-10
963.0 1.6608260990438883e-10
964.0 0.03991294070146978
965.0 0.023445433180313557
966.0 1.6608260990438883e-10
967.0 0.06319344392977655
968.0 1.6608260990438883e-10
969.0 0.1326108817011118
970.0 1.6608260990438883e-10
971.0 1.6608260990438883e-10
972.0 1.6608260990438883e-10
973.0 1.6608260990438883e-10
974.0 1.6608260990438883e-10
975.0 1.6608260990438883e-10
976.0 0.006165924423839897
977.0 0.006018660860718228
978.0 0.005871396933798678
979.0 0.00568406940146815
980.0 0.005496741505339742
981.0 0.005440504537546076
982.0 0.005384267205954529
983.0 0.0053115716582397
984.0 0.00523887574672699
985.0 0.005186993439565413
986.0 0.005135111132403836
987.0 0.005040804899181239
988.0 0.004946498302160762
989.0 0.004810400059795938
990.0 0.004674301453633234
991.0 0.004563760739983991
992.0 0.004453220026334748
993.0 0.004526910561253317
994.0 0.004600600732374005
995.0 0.004485644967644475
996.0 0.0043706895667128265
997.0 0.004330353476689197
998.0 0.004290017386665568
999.0 0.004386766522657126
1000.0 0.004483515658648685
1001.0 0.0042944007873302326
1002.0 0.0041052855522139
1003.0 0.004180206815362908
1004.0 0.004255128442309797
1005.0 0.004089608046342619
1006.0 0.003924087650375441
1007.0 0.003923961776308715
1008.0 0.003923835538444109
1009.0 0.004019817060907371
1010.0 0.004115798583370633
1011.0 0.004011106648249552
1012.0 0.0039064139855327085
1013.0 0.003959087553084828
1014.0 0.0040117611206369475
1015.0 0.003990046388935298
1016.0 0.003968332384829409
1017.0 0.004135254130233079
1018.0 0.00430217623943463
1019.0 0.004214933142066002
1020.0 0.004127690408495255
1021.0 0.004138836447964422
1022.0 0.00414998248743359
1023.0 0.004170606553088874
1024.0 0.0041912302549462765
1025.0 0.004205336881568655
1026.0 0.004219443871988915
1027.0 0.004328235809225589
1028.0 0.004437027746462263
1029.0 0.0044522857933770865
1030.0 0.004467544204089791
1031.0 0.004505353717831895
1032.0 0.004543163231573999
1033.0 0.00455980516562704
1034.0 0.004576447099680081
1035.0 0.004709731365437619
1036.0 0.0048430159949930385
1037.0 0.004830255784327164
1038.0 0.004817495937459171
1039.0 0.004932170850224793
1040.0 0.005046845762990415
1041.0 0.005028002851759084
1042.0 0.005009160304325633
1043.0 0.005068913742434233
1044.0 0.005128667544340715
1045.0 0.005370593135012314
1046.0 0.005612518361886032
1047.0 0.005681396942236461
1048.0 0.0057502755225868896
1049.0 0.0058831788919633254
1050.0 0.006016082988935523
1051.0 0.006044623296475038
1052.0 0.006073163967812434
1053.0 0.006409789784811437
1054.0 0.006746414146618918
1055.0 0.006828896584920585
1056.0 0.006911378295626491
1057.0 0.007266869943123311
1058.0 0.007622363045811653
1059.0 0.008044036803767085
1060.0 0.00846571201691404
1061.0 0.00819232445792295
1062.0 0.007918938354123384
1063.0 0.008108869224088266
1064.0 0.00829880082164891
1065.0 0.008441592217423022
1066.0 0.008584384340792894
1067.0 0.008976500976132229
1068.0 0.009368618339067325
1069.0 0.009823669824982062
1070.0 0.010278723493684083
1071.0 0.010131137969437987
1072.0 0.009983553900383413
1073.0 0.010311436199117452
1074.0 0.01063931777025573
1075.0 0.011012563481926918
1076.0 0.011385809193598107
1077.0 0.011803855886682868
1078.0 0.012221904762554914
1079.0 0.012306943244766444
1080.0 0.01239198463736102
1081.0 0.01287334889639169
1082.0 0.013354714610613883
1083.0 0.013185763964429498
1084.0 0.013016816228628159
1085.0 0.013697905524168164
1086.0 0.014378996274899691
1087.0 0.014352840662468225
1088.0 0.014326686505228281
1089.0 0.014943724090699106
1090.0 0.015560761676169932
1091.0 0.015622563660144806
1092.0 0.01568436564411968
1093.0 0.015312581672333181
1094.0 0.014940800610929728
1095.0 0.016386837523896247
1096.0 0.017832872981671244
1097.0 0.018406190793029964
1098.0 0.018979510059580207
1099.0 0.01927265984704718
1100.0 0.019565806724131107
1101.0 0.021575388382188976
1102.0 0.023584970040246844
1103.0 0.023155387316364795
1104.0 0.022725804592482746
1105.0 0.023109240282792598
1106.0 0.023492674517910928
1107.0 0.024277121701743454
1108.0 0.025061570340767503
1109.0 0.02711873676162213
1110.0 0.029175906092859805
1111.0 0.0292234675725922
1112.0 0.029271029052324593
1113.0 0.028813432436436415
1114.0 0.028355838730931282
1115.0 0.029627795447595417
1116.0 0.030899749253876507
1117.0 0.03156146558467299
1118.0 0.03222317900508642
1119.0 0.033547187922522426
1120.0 0.034871193929575384
1121.0 0.03641275689005852
1122.0 0.0379543227609247
1123.0 0.03781301202252507
1124.0 0.03767170128412545
1125.0 0.04004627699032426
1126.0 0.04242085269652307
1127.0 0.042845882126130164
1128.0 0.04327091155573726
1129.0 0.04557889769785106
1130.0 0.04788688092958182
1131.0 0.05283831851556897
1132.0 0.05778975319117308
1133.0 0.05665617645718157
1134.0 0.05552259972319007
1135.0 0.060001324163749814
1136.0 0.06448004278354347
1137.0 0.07094189058989286
1138.0 0.07740373839624226
1139.0 0.08644512272439897
1140.0 0.0954864954110235
1141.0 0.11495040962472558
1142.0 0.13441431801766157
1143.0 0.24785140994936228
1144.0 0.36128852516412735
1145.0 0.7358983159065247
1146.0 1.1105081997811794
1147.0 1.376844197511673
1148.0 1.6431795433163643
1149.0 1.8018107861280441
1150.0 1.9604414701461792
