lsstCam/transmission_filter_detector/r10_s00/i_39/19700101T000000.ecsv
# %ECSV 1.0
# ---
# datatype:
# - {name: wavelength, unit: nm, datatype: float32}
# - {name: efficiency, unit: '%', datatype: float64}
# meta: !!omap
# - {MODE: DETECTOR}
# - {TYPE: transmission_filter_detector}
# - {CALIBDATE: '1970-01-01T00:00:00'}
# - {INSTRUME: LSSTCam}
# - {OBSTYPE: transmission_filter_detector}
# - {CALIBCLS: lsst.ip.isr.IntermediateFilterDetectorTransmissionCurve}
# - {SOURCE: Materion (DM-46256)}
# - {DETECTOR: 27}
# - {FILTER: i_39}
# - {CALIB_ID: 'calibDate=1970-01-01T00:00:00 filter=i_39 detector=27'}
# - {DATE: '2025-04-02T15:59:46.604323'}
# - {CALIB_CREATION_DATE: '2025-04-02'}
# - {CALIB_CREATION_TIME: '15:59:46'}
# - __serialized_columns__:
#     efficiency:
#       __class__: astropy.units.quantity.Quantity
#       unit: !astropy.units.Unit {unit: '%'}
#       value: !astropy.table.SerializedColumn {name: efficiency}
#     wavelength:
#       __class__: astropy.units.quantity.Quantity
#       unit: !astropy.units.Unit {unit: nm}
#       value: !astropy.table.SerializedColumn {name: wavelength}
# schema: astropy-2.0
wavelength efficiency
300.0 0.07442410569638014
301.0 0.04477963375393301
302.0 0.015135198191273957
303.0 0.030126693309284747
304.0 0.04511818988248706
305.0 0.041110324673354626
306.0 0.03710246237460524
307.0 0.013151849270798266
308.0 2.683987363957807e-10
309.0 2.683987363957807e-10
310.0 2.683987363957807e-10
311.0 2.683987363957807e-10
312.0 0.006792073691030964
313.0 0.0023208338461699896
314.0 2.683987363957807e-10
315.0 2.683987363957807e-10
316.0 2.683987363957807e-10
317.0 2.683987363957807e-10
318.0 2.683987363957807e-10
319.0 2.683987363957807e-10
320.0 2.683987363957807e-10
321.0 2.683987363957807e-10
322.0 0.003421759538468905
323.0 2.683987363957807e-10
324.0 2.683987363957807e-10
325.0 2.683987363957807e-10
326.0 2.683987363957807e-10
327.0 2.683987363957807e-10
328.0 0.0016969543139566667
329.0 0.0023989365217857994
330.0 0.0031009185477159917
331.0 0.0017772732462617569
332.0 0.0004536279902822571
333.0 0.0018349193851463497
334.0 0.0032162104616872966
335.0 0.0017152695363620296
336.0 0.00021432904304674594
337.0 0.0009963117008737754
338.0 0.0017782944269129075
339.0 0.0027582755137700588
340.0 0.003738257146324031
341.0 2.683987363957807e-10
342.0 2.683987363957807e-10
343.0 2.683987363957807e-10
344.0 2.683987363957807e-10
345.0 2.683987363957807e-10
346.0 2.683987363957807e-10
347.0 2.683987363957807e-10
348.0 2.683987363957807e-10
349.0 2.683987363957807e-10
350.0 0.0003808419251072337
351.0 0.0002094681804010179
352.0 3.809456075032358e-05
353.0 2.683987363957807e-10
354.0 2.683987363957807e-10
355.0 2.683987363957807e-10
356.0 2.683987363957807e-10
357.0 0.0005583116035268176
358.0 0.0017768001271178946
359.0 0.0017618398487684317
360.0 0.0017468790247221477
361.0 0.001421722936356673
362.0 0.0010965668479911983
363.0 0.0005781574600405293
364.0 5.974816303933039e-05
365.0 0.0007073477718222421
366.0 0.0013549478353525046
367.0 0.0006121312253526412
368.0 2.683987363957807e-10
369.0 0.00033315704968117643
370.0 0.0007969994840095751
371.0 0.000918929981708061
372.0 0.0010408603884570766
373.0 0.0009707868230179884
374.0 0.0009007130756799597
375.0 0.0001636147885619721
376.0 2.683987363957807e-10
377.0 2.683987363957807e-10
378.0 2.683987363957807e-10
379.0 2.683987363957807e-10
380.0 2.683987363957807e-10
381.0 2.683987363957807e-10
382.0 2.683987363957807e-10
383.0 0.00024011947061808314
384.0 0.0017197608030983247
385.0 0.0014747099157830235
386.0 0.0012296588465687819
387.0 8.036845997594355e-05
388.0 2.683987363957807e-10
389.0 2.683987363957807e-10
390.0 2.683987363957807e-10
391.0 2.683987363957807e-10
392.0 2.683987363957807e-10
393.0 2.683987363957807e-10
394.0 0.0007290996563824592
395.0 2.683987363957807e-10
396.0 2.683987363957807e-10
397.0 2.683987363957807e-10
398.0 2.683987363957807e-10
399.0 2.683987363957807e-10
400.0 0.00026380432700534584
401.0 0.0018113218175130896
402.0 0.0033588385122129694
403.0 0.003510519309202209
404.0 0.0036622004699893296
405.0 0.004995444396627136
406.0 0.00632868759566918
407.0 0.0020159703126410022
408.0 2.683987363957807e-10
409.0 2.683987363957807e-10
410.0 2.683987363957807e-10
411.0 0.0026302956030122004
412.0 0.005465570211526938
413.0 0.005002283069188707
414.0 0.004538997382041998
415.0 0.004588813317241147
416.0 0.004638629616238177
417.0 0.0027608019081526436
418.0 0.0008829742910165805
419.0 0.0038275036786217242
420.0 0.006772032793378457
421.0 0.005267496453598142
422.0 0.003762960113817826
423.0 0.004310458825784735
424.0 0.004857957537751645
425.0 0.0032705022022128105
426.0 0.001683045775280334
427.0 0.0030508250347338617
428.0 0.00441860465798527
429.0 0.005133500962983817
430.0 0.005848397995578125
431.0 0.004907992479274981
432.0 0.003967587326769717
433.0 0.004564030314213596
434.0 0.005160472937859595
435.0 0.0036116951378062367
436.0 0.0020629166101571172
437.0 0.001999095911742188
438.0 0.0019352755771251395
439.0 0.0022038469978724606
440.0 0.0024724187824176624
441.0 0.0010610655408527236
442.0 2.683987363957807e-10
443.0 2.683987363957807e-10
444.0 0.00015532937140960712
445.0 2.683987363957807e-10
446.0 2.683987363957807e-10
447.0 0.00011376771453797119
448.0 0.0006191979991854168
449.0 2.683987363957807e-10
450.0 2.683987363957807e-10
451.0 2.683987363957807e-10
452.0 0.0007317472409340553
453.0 0.001429171516065253
454.0 0.0021265961549943313
455.0 0.0020548674001474865
456.0 0.0019831386453006417
457.0 0.0013724190466746222
458.0 0.0007616994025738677
459.0 0.0002995492422996904
460.0 2.683987363957807e-10
461.0 0.00017549396034155507
462.0 0.000513588793182862
463.0 0.000265944595412293
464.0 1.8300380588698317e-05
465.0 0.0002036988462350564
466.0 0.00038909720387891866
467.0 0.0004972758688381873
468.0 0.0006054544883227209
469.0 0.00042544343159534037
470.0 0.00024543242034269497
471.0 0.0007076650035742205
472.0 0.001169897586805746
473.0 0.0010928468327620067
474.0 0.001015796351566678
475.0 0.0005385356416809373
476.0 6.127521601229091e-05
477.0 0.000647983006274444
478.0 0.0012346907169558108
479.0 0.0013241382475825958
480.0 0.0014135857782093808
481.0 0.0025345274480059743
482.0 0.003655467662611045
483.0 0.005068602331448346
484.0 0.006481735908892006
485.0 0.006189497071318328
486.0 0.005897258597542532
487.0 0.008857535431161523
488.0 0.011817811900982633
489.0 0.016359744768124074
490.0 0.02090167545247823
491.0 0.025123721570707858
492.0 0.02934576477855444
493.0 0.03181839128956199
494.0 0.03429101489018649
495.0 0.03004786849487573
496.0 0.025804716278798878
497.0 0.019142066594213247
498.0 0.012479415454436094
499.0 0.008876513311406597
500.0 0.005273611532174982
501.0 0.0041528051951900125
502.0 0.0030319992220029235
503.0 0.0026162411813857034
504.0 0.002200482958869543
505.0 0.0020061846953467466
506.0 0.0018118864318239503
507.0 0.0019041641280637123
508.0 0.001996441642404534
509.0 0.0023585340386489406
510.0 0.0027206264348933473
511.0 0.0021621486666845158
512.0 0.0016036710803746246
513.0 0.0015859281120356172
514.0 0.0015681849617976695
515.0 0.002200933886342682
516.0 0.0028336829927866347
517.0 0.00218696932279272
518.0 0.0015402556527988054
519.0 0.0018060711227008142
520.0 0.0020718869564007036
521.0 0.001855029768194072
522.0 0.0016381727618863806
523.0 0.001652563332754653
524.0 0.001666954267420806
525.0 0.0020862871679128148
526.0 0.002505620250303764
527.0 0.003028296305274125
528.0 0.003550972178345546
529.0 0.003771192132262513
530.0 0.00399141208617948
531.0 0.0035262048186268657
532.0 0.00306099682347849
533.0 0.0023937891455716453
534.0 0.0017265812857658602
535.0 0.0017472468243795447
536.0 0.0017679121810942888
537.0 0.0023912340111564845
538.0 0.0030145554774207994
539.0 0.00342554812959861
540.0 0.0038365407817764208
541.0 0.004353840995463543
542.0 0.0048711412091506645
543.0 0.005045547732152045
544.0 0.005219954255153425
545.0 0.004467236794880591
546.0 0.0037145196984056383
547.0 0.0028789450880140066
548.0 0.0020433708414202556
549.0 0.0020075567590538412
550.0 0.0019717430404853076
551.0 0.0015444180462509394
552.0 0.0011170934158144519
553.0 0.0016120051441248506
554.0 0.002106916690536309
555.0 0.0016867168596945703
556.0 0.0012665170288528316
557.0 0.0009589146429789253
558.0 0.0006513122116302839
559.0 0.00015162130466706003
560.0 2.683987363957807e-10
561.0 0.0005860557848791359
562.0 0.0015201812857412733
563.0 0.0015648347471142188
564.0 0.0016094883903861046
565.0 0.0012505294762377162
566.0 0.0008915703801903874
567.0 0.0009703691830509342
568.0 0.001049167985911481
569.0 0.0009220480023941491
570.0 0.0007949278369778767
571.0 0.0006076076715544332
572.0 0.00042028746065625455
573.0 0.0004945668479194865
574.0 0.0005688462806574535
575.0 0.000600779685555608
576.0 0.000632712817605352
577.0 0.0005982224593026331
578.0 0.0005637321009999141
579.0 0.00021391645077528665
580.0 2.683987363957807e-10
581.0 8.285148851427948e-05
582.0 0.00030160222195263486
583.0 0.0004107875611225609
584.0 0.0005199728548177518
585.0 0.0007340034244407434
586.0 0.0009480341759626754
587.0 0.0008666905159770977
588.0 0.0007853467650420498
589.0 0.0007272617949638516
590.0 0.0006691768248856533
591.0 0.000981403536570724
592.0 0.0012936306120536756
593.0 0.0007488054507120978
594.0 0.00020398031210788758
595.0 0.000460943692814908
596.0 0.0007179069598350907
597.0 0.0006973091331019532
598.0 0.0006767113518435508
599.0 0.0005721171874029096
600.0 0.0004675228865380632
601.0 0.0004444494152266998
602.0 0.0004213758529658662
603.0 0.0003780661018026876
604.0 0.0003347562369526713
605.0 0.0002726144430198474
606.0 0.00021047269456175854
607.0 0.00037804445582878543
608.0 0.0005456161034089746
609.0 0.0005222443633101648
610.0 0.0004988723958376795
611.0 0.0006759367806807859
612.0 0.0008530012564733624
613.0 0.0005703574970539194
614.0 0.0002877137603718438
615.0 4.8026345211837906e-05
616.0 2.683987363957807e-10
617.0 4.421955779321252e-06
618.0 0.00020050513285241323
619.0 0.00027459241209726315
620.0 0.00034867978229158325
621.0 0.0005648952992487466
622.0 0.0007811107934685424
623.0 0.0006122226295701694
624.0 0.00044333455662126653
625.0 0.0004474545221455628
626.0 0.0004515744876698591
627.0 0.00045839319682272617
628.0 0.0004652118150261231
629.0 0.0005023689936933806
630.0 0.0005395261723606382
631.0 0.0004696872565546073
632.0 0.00039984834074857645
633.0 0.0004180711130175041
634.0 0.00043629388528643176
635.0 0.00043968561840301845
636.0 0.00044307730604487006
637.0 0.0003775847517317743
638.0 0.0003120920609944733
639.0 0.0006209789717104286
640.0 0.0009298657460021786
641.0 0.0006525166099891067
642.0 0.0003751674285012996
643.0 0.0005862813850399107
644.0 0.0007973953870532569
645.0 0.0007302343419723911
646.0 0.0006630734787904657
647.0 0.0008045550202950835
648.0 0.000946036925597582
649.0 0.0008834975233185105
650.0 0.000820958121039439
651.0 0.0009649713319959119
652.0 0.0011089847248513252
653.0 0.0012370419426588342
654.0 0.0013650991604663432
655.0 0.0019395201888983138
656.0 0.0025139412173302844
657.0 0.0033992459066212177
658.0 0.0042845487769227475
659.0 0.006876586121506989
660.0 0.05304191145114601
661.0 0.08119860431179404
662.0 0.05442557157948613
663.0 0.13326614862307906
664.0 0.11620051227509975
665.0 0.08246451034210622
666.0 0.1681386260315776
667.0 0.10138920042663813
668.0 0.19357433775439858
669.0 0.21669035777449608
670.0 0.3171359421685338
671.0 0.3749961033463478
672.0 0.6222794763743877
673.0 1.0303229093551636
674.0 1.6572017222642899
675.0 2.388567104935646
676.0 3.458498790860176
677.0 4.801218211650848
678.0 6.155061349272728
679.0 7.587951421737671
680.0 9.40970927476883
681.0 11.452662199735641
682.0 14.015991985797882
683.0 16.890454292297363
684.0 20.03033310174942
685.0 22.9934424161911
686.0 26.116690039634705
687.0 29.35897707939148
688.0 32.558026909828186
689.0 35.584598779678345
690.0 39.10855948925018
691.0 42.842426896095276
692.0 47.34175205230713
693.0 52.19278335571289
694.0 57.87647366523743
695.0 63.409972190856934
696.0 69.52301263809204
697.0 75.1080870628357
698.0 81.28082752227783
699.0 86.02650165557861
700.0 89.74088430404663
701.0 92.91664958000183
702.0 95.0951874256134
703.0 96.33806347846985
704.0 96.96409702301025
705.0 97.53747582435608
706.0 97.60581851005554
707.0 97.83191084861755
708.0 97.885662317276
709.0 97.9177176952362
710.0 97.65209555625916
711.0 97.88646697998047
712.0 97.7935791015625
713.0 97.83472418785095
714.0 97.88334965705872
715.0 97.98328280448914
716.0 97.84432053565979
717.0 98.07297587394714
718.0 98.14848303794861
719.0 98.12285900115967
720.0 98.34675788879395
721.0 98.22661876678467
722.0 97.9819655418396
723.0 97.6858913898468
724.0 97.37191796302795
725.0 97.11702466011047
726.0 96.7935860157013
727.0 96.45174145698547
728.0 96.09214663505554
729.0 95.95085382461548
730.0 96.02916836738586
731.0 96.12593054771423
732.0 96.24890089035034
733.0 96.60109281539917
734.0 97.05227017402649
735.0 97.21750617027283
736.0 97.60987162590027
737.0 97.98498749732971
738.0 98.21757078170776
739.0 98.5606849193573
740.0 98.67968559265137
741.0 98.4741747379303
742.0 98.81179928779602
743.0 98.63847494125366
744.0 98.35889935493469
745.0 98.4178900718689
746.0 98.30240607261658
747.0 98.61905574798584
748.0 98.48811626434326
749.0 98.3230471611023
750.0 98.32985401153564
751.0 98.20723533630371
752.0 98.26117157936096
753.0 98.42533469200134
754.0 98.40378165245056
755.0 98.5095202922821
756.0 98.50065112113953
757.0 98.54333400726318
758.0 98.5509991645813
759.0 98.59440922737122
760.0 98.46222996711731
761.0 98.34320545196533
762.0 98.37679266929626
763.0 98.30313920974731
764.0 98.22059273719788
765.0 98.1410026550293
766.0 98.22545051574707
767.0 98.00291061401367
768.0 98.1421411037445
769.0 98.15168976783752
770.0 97.99367189407349
771.0 98.05318117141724
772.0 98.11737537384033
773.0 98.07284474372864
774.0 98.00612330436707
775.0 98.0836570262909
776.0 97.94623851776123
777.0 97.99206852912903
778.0 97.96362519264221
779.0 97.89230823516846
780.0 97.73727059364319
781.0 97.94924855232239
782.0 97.7845549583435
783.0 97.91351556777954
784.0 97.76797294616699
785.0 97.91000485420227
786.0 98.04046750068665
787.0 97.76331782341003
788.0 97.897869348526
789.0 97.97128438949585
790.0 97.93505668640137
791.0 97.93501496315002
792.0 97.85111546516418
793.0 97.79435396194458
794.0 97.89029359817505
795.0 97.77896404266357
796.0 97.92041182518005
797.0 97.95025587081909
798.0 97.92289733886719
799.0 97.90932536125183
800.0 97.74534106254578
801.0 97.75835275650024
802.0 97.73885607719421
803.0 97.43112325668335
804.0 97.30854630470276
805.0 97.06645607948303
806.0 96.92927598953247
807.0 96.42254114151001
808.0 95.79352140426636
809.0 94.98022198677063
810.0 94.04024481773376
811.0 92.68518686294556
812.0 90.88228344917297
813.0 88.71723413467407
814.0 86.15696430206299
815.0 83.10274481773376
816.0 79.74751591682434
817.0 75.74111223220825
818.0 71.06438875198364
819.0 66.98740124702454
820.0 61.85081601142883
821.0 57.18613862991333
822.0 52.54378318786621
823.0 47.853681445121765
824.0 43.20203959941864
825.0 38.85027766227722
826.0 34.32672619819641
827.0 29.593181610107422
828.0 25.41225552558899
829.0 21.18799239397049
830.0 16.762840747833252
831.0 13.2709339261055
832.0 9.730871021747589
833.0 6.7999981343746185
834.0 4.505935311317444
835.0 2.8681108728051186
836.0 1.7466938123106956
837.0 1.0182121768593788
838.0 0.5648448597639799
839.0 0.35801962949335575
840.0 0.22862562909722328
841.0 0.12442670995369554
842.0 0.06798584363423288
843.0 0.06907061906531453
844.0 0.0018477368939784355
845.0 2.683987363957807e-10
846.0 2.683987363957807e-10
847.0 2.683987363957807e-10
848.0 2.683987363957807e-10
849.0 2.683987363957807e-10
850.0 2.683987363957807e-10
851.0 2.683987363957807e-10
852.0 0.0012393486940709408
853.0 0.0011499297215777915
854.0 0.0010605110219330527
855.0 0.000764532796893036
856.0 0.00046855470827722456
857.0 0.0007446247309417231
858.0 0.0010206943443336058
859.0 0.0007874412403907627
860.0 0.0005541879545489792
861.0 0.000403100466428441
862.0 0.0002520129100958002
863.0 0.00012656357739615487
864.0 1.1142738287617249e-06
865.0 0.00010251416142637026
866.0 0.00020391400994412834
867.0 0.00012461941878427751
868.0 4.532479067620443e-05
869.0 2.683987363957807e-10
870.0 2.683987363957807e-10
871.0 0.00011728888011930394
872.0 0.00037578608953481307
873.0 0.0002767094883893151
874.0 0.00017763285313776578
875.0 0.00016729117078284617
876.0 0.00015694949979661033
877.0 2.683987363957807e-10
878.0 2.683987363957807e-10
879.0 2.683987363957807e-10
880.0 0.0002623169393700664
881.0 8.92399953045242e-05
882.0 2.683987363957807e-10
883.0 0.00012747805158142
884.0 0.00033879302918649046
885.0 0.0001452582068850461
886.0 2.683987363957807e-10
887.0 2.430143410947494e-05
888.0 9.687947795100627e-05
889.0 2.683987363957807e-10
890.0 2.683987363957807e-10
891.0 2.683987363957807e-10
892.0 0.00012194248029118171
893.0 0.00021592495613731444
894.0 0.0003099074547208147
895.0 2.9008808155595034e-05
896.0 2.683987363957807e-10
897.0 2.683987363957807e-10
898.0 4.0276512436321354e-05
