lsstCam/transmission_filter_detector/r10_s00/i_39/19700101T000000.ecsv
# %ECSV 1.0
# ---
# datatype:
# - {name: wavelength, unit: nm, datatype: float32}
# - {name: efficiency, unit: '%', datatype: float64}
# meta: !!omap
# - {MODE: DETECTOR}
# - {TYPE: transmission_filter_detector}
# - {CALIBDATE: '1970-01-01T00:00:00'}
# - {INSTRUME: LSSTCam}
# - {OBSTYPE: transmission_filter_detector}
# - {CALIBCLS: lsst.ip.isr.IntermediateFilterDetectorTransmissionCurve}
# - {SOURCE: Materion (DM-46256)}
# - {DETECTOR: 27}
# - {FILTER: i_39}
# - {CALIB_ID: 'calibDate=1970-01-01T00:00:00 filter=i_39 detector=27'}
# - {DATE: '2025-04-02T15:59:46.604323'}
# - {CALIB_CREATION_DATE: '2025-04-02'}
# - {CALIB_CREATION_TIME: '15:59:46'}
# - __serialized_columns__:
#     efficiency:
#       __class__: astropy.units.quantity.Quantity
#       unit: !astropy.units.Unit {unit: '%'}
#       value: !astropy.table.SerializedColumn {name: efficiency}
#     wavelength:
#       __class__: astropy.units.quantity.Quantity
#       unit: !astropy.units.Unit {unit: nm}
#       value: !astropy.table.SerializedColumn {name: wavelength}
# schema: astropy-2.0
wavelength efficiency
[from data line 600]
900.0 2.683987363957807e-10
901.0 2.683987363957807e-10
902.0 5.959582267678343e-05
903.0 2.683987363957807e-10
904.0 2.683987363957807e-10
905.0 2.683987363957807e-10
906.0 2.683987363957807e-10
907.0 2.5021424221449706e-05
908.0 0.00017524109807709465
909.0 2.683987363957807e-10
910.0 2.683987363957807e-10
911.0 2.683987363957807e-10
912.0 7.635128440597327e-05
913.0 5.566201366491441e-05
914.0 3.497276281905215e-05
915.0 2.683987363957807e-10
916.0 2.683987363957807e-10
917.0 2.683987363957807e-10
918.0 2.683987363957807e-10
919.0 2.683987363957807e-10
920.0 8.183433237718418e-05
921.0 2.176471980419592e-05
922.0 2.683987363957807e-10
923.0 2.683987363957807e-10
924.0 2.683987363957807e-10
925.0 7.390793825834407e-05
926.0 0.00029661021017091116
927.0 3.796636462993774e-05
928.0 2.683987363957807e-10
929.0 7.183959382928151e-06
930.0 0.00023504537693952443
931.0 0.00019850185708492063
932.0 0.0001619583031242655
933.0 0.0001140175982072833
934.0 6.60769273963524e-05
935.0 2.683987363957807e-10
936.0 2.683987363957807e-10
937.0 2.683987363957807e-10
938.0 2.683987363957807e-10
939.0 2.683987363957807e-10
940.0 2.683987363957807e-10
941.0 2.683987363957807e-10
942.0 2.683987363957807e-10
943.0 2.683987363957807e-10
944.0 2.683987363957807e-10
945.0 2.683987363957807e-10
946.0 2.683987363957807e-10
947.0 2.683987363957807e-10
948.0 2.683987363957807e-10
949.0 2.683987363957807e-10
950.0 2.683987363957807e-10
951.0 2.683987363957807e-10
952.0 2.683987363957807e-10
953.0 2.683987363957807e-10
954.0 2.683987363957807e-10
955.0 7.575497988909774e-05
956.0 0.00040621271182317287
957.0 0.0002785647893688292
958.0 0.00015091676459633163
959.0 0.00016718844335628091
960.0 0.0001834601221162302
961.0 0.0001233543002854276
962.0 6.324848982330877e-05
963.0 2.683987363957807e-10
964.0 2.683987363957807e-10
965.0 2.683987363957807e-10
966.0 2.683987363957807e-10
967.0 2.683987363957807e-10
968.0 2.683987363957807e-10
969.0 1.0173009989955517e-06
970.0 5.80732660182548e-05
971.0 2.683987363957807e-10
972.0 2.683987363957807e-10
973.0 2.683987363957807e-10
974.0 7.619117354806804e-05
975.0 1.4430401051868103e-05
976.0 2.683987363957807e-10
977.0 2.683987363957807e-10
978.0 2.683987363957807e-10
979.0 2.683987363957807e-10
980.0 2.683987363957807e-10
981.0 2.683987363957807e-10
982.0 2.683987363957807e-10
983.0 2.683987363957807e-10
984.0 2.683987363957807e-10
985.0 3.900699425685161e-05
986.0 0.0002056340008493862
987.0 2.5269713432862773e-05
988.0 2.683987363957807e-10
989.0 2.683987363957807e-10
990.0 2.683987363957807e-10
991.0 2.683987363957807e-10
992.0 2.683987363957807e-10
993.0 2.683987363957807e-10
994.0 6.020093792358239e-05
995.0 2.683987363957807e-10
996.0 2.683987363957807e-10
997.0 6.555633831339946e-05
998.0 0.00034340414458711166
999.0 0.0003799762453127187
1000.0 0.0004165483005635906
1001.0 0.00019818548935290892
1002.0 2.683987363957807e-10
1003.0 4.461443552372657e-05
1004.0 0.00010940626680167043
1005.0 2.683987363957807e-10
1006.0 2.683987363957807e-10
1007.0 3.407849362702109e-05
1008.0 0.0002638004616528633
1009.0 0.00014788362250328646
1010.0 3.196671514160698e-05
1011.0 0.00010657898883437156
1012.0 0.00018119121705240104
1013.0 0.0003857313913613325
1014.0 0.000590271611144999
1015.0 0.00048321462600142695
1016.0 0.0003761576635952224
1017.0 0.0005198561211727792
1018.0 0.0006635547379119089
1019.0 0.0004697632903116755
1020.0 0.00027597175176197197
1021.0 0.00020771444724232424
1022.0 0.00013945709724794142
1023.0 0.000476511422675685
1024.0 0.0008135658390528988
1025.0 0.0006679817488475237
1026.0 0.0005223976586421486
1027.0 0.00047415651351911947
1028.0 0.00042591541387082543
1029.0 0.0008324832379003055
1030.0 0.001239051198353991
1031.0 0.0018526496205595322
1032.0 0.0024662476789671928
1033.0 0.0026569603505777195
1034.0 0.0028476721126935445
1035.0 0.0034060110920108855
1036.0 0.003964349889429286
1037.0 0.0038559428503504023
1038.0 0.003747535083675757
1039.0 0.0029979202736285515
1040.0 0.0022483056454802863
1041.0 0.0017713977285893634
1042.0 0.0012944898116984405
1043.0 0.0017479267626185901
1044.0 0.002201363349740859
1045.0 0.002787817720673047
1046.0 0.003374272637302056
1047.0 0.003473751712590456
1048.0 0.0035732304240809754
1049.0 0.003042540447495412
1050.0 0.002511850107111968
1051.0 0.0027410778784542345
1052.0 0.002970306195493322
1053.0 0.0019831299141515046
1054.0 0.0009959537237591576
1055.0 0.0009068529834621586
1056.0 0.0008177522431651596
1057.0 0.0010120747901964933
1058.0 0.0012063976100762375
1059.0 0.001186270765174413
1060.0 0.0011661441931209993
1061.0 0.002027399204962421
1062.0 0.002888653580157552
1063.0 0.002934304575319402
1064.0 0.002979955570481252
1065.0 0.0034501801565056667
1066.0 0.0039204052882269025
1067.0 0.004812443148694001
1068.0 0.0057044813729589805
1069.0 0.004527820783550851
1070.0 0.0033511605579406023
1071.0 0.0029364164220169187
1072.0 0.0025216719222953543
1073.0 0.0024979415684356354
1074.0 0.002474211396474857
1075.0 0.0026206600523437373
1076.0 0.0027671085263136774
1077.0 0.0019649145542643964
1078.0 0.0011627202184172347
1079.0 0.001351011815131642
1080.0 0.0015393034118460491
1081.0 0.0007032399480522145
1082.0 2.683987363957807e-10
1083.0 2.683987363957807e-10
1084.0 2.683987363957807e-10
1085.0 7.907353278824303e-05
1086.0 0.0003543830644048285
1087.0 0.0007414540050376672
1088.0 0.0011285250366199762
1089.0 2.683987363957807e-10
1090.0 2.683987363957807e-10
1091.0 2.683987363957807e-10
1092.0 2.683987363957807e-10
1093.0 2.683987363957807e-10
1094.0 0.00022306051050691167
1095.0 0.0004929760052618803
1096.0 0.0007628917046531569
1097.0 2.683987363957807e-10
1098.0 2.683987363957807e-10
1099.0 2.683987363957807e-10
1100.0 2.683987363957807e-10
