lsstCam/transmission_filter_detector/r12_s10/y_10/19700101T000000.ecsv
# %ECSV 1.0
# ---
# datatype:
# - {name: wavelength, unit: nm, datatype: float32}
# - {name: efficiency, unit: '%', datatype: float64}
# meta: !!omap
# - {MODE: DETECTOR}
# - {TYPE: transmission_filter_detector}
# - {CALIBDATE: '1970-01-01T00:00:00'}
# - {INSTRUME: LSSTCam}
# - {OBSTYPE: transmission_filter_detector}
# - {CALIBCLS: lsst.ip.isr.IntermediateFilterDetectorTransmissionCurve}
# - {SOURCE: Materion (DM-46256)}
# - {DETECTOR: 48}
# - {FILTER: y_10}
# - {CALIB_ID: 'calibDate=1970-01-01T00:00:00 filter=y_10 detector=48'}
# - {DATE: '2025-04-02T15:59:50.964282'}
# - {CALIB_CREATION_DATE: '2025-04-02'}
# - {CALIB_CREATION_TIME: '15:59:50'}
# - __serialized_columns__:
#     efficiency:
#       __class__: astropy.units.quantity.Quantity
#       unit: !astropy.units.Unit {unit: '%'}
#       value: !astropy.table.SerializedColumn {name: efficiency}
#     wavelength:
#       __class__: astropy.units.quantity.Quantity
#       unit: !astropy.units.Unit {unit: nm}
#       value: !astropy.table.SerializedColumn {name: wavelength}
# schema: astropy-2.0
wavelength efficiency
300.0 0.5377729889005423
301.0 0.28778035193681717
302.0 0.037787697510793805
303.0 0.033621833426877856
304.0 0.029455972253344953
305.0 0.018487391935195774
306.0 0.007518805796280503
307.0 0.016047409735620022
308.0 0.024576010764576495
309.0 0.01712915109237656
310.0 0.009682289964985102
311.0 0.008177282870747149
312.0 0.006672273593721911
313.0 0.007048810948617756
314.0 0.00742534757591784
315.0 0.006315665086731315
316.0 0.005205985144129954
317.0 0.005227910151006654
318.0 0.005249831156106666
319.0 0.002708932697714772
320.0 0.00016803280686872313
321.0 0.0017804988601710647
322.0 0.0033929653000086546
323.0 0.003122975249425508
324.0 0.002852985380741302
325.0 0.0014353594451677054
326.0 1.7733479751314007e-05
327.0 0.000452349058832624
328.0 0.0008869646080711391
329.0 0.002740376839938108
330.0 0.0045937889808556065
331.0 0.004098104909644462
332.0 0.003602420838433318
333.0 0.002845778362825513
334.0 0.0020891357053187676
335.0 0.0023226346456795
336.0 0.0025561343136359937
337.0 0.0030727787816431373
338.0 0.0035894230677513406
339.0 0.001969572258531116
340.0 0.000349721267411951
341.0 1.590179051803864e-10
342.0 1.590179051803864e-10
343.0 1.590179051803864e-10
344.0 0.0006542408755194629
345.0 0.0011044987331843004
346.0 0.001554757182020694
347.0 0.0016086287359939888
348.0 0.001662499926169403
349.0 0.0013511071301763877
350.0 0.001039714061334962
351.0 0.001476572379033314
352.0 0.0019134300600853749
353.0 0.0015223157788568642
354.0 0.0011312014976283535
355.0 0.0012574679203680716
356.0 0.0013837343431077898
357.0 0.0008776094546192326
358.0 0.0003714843160196324
359.0 0.0006747407951479545
360.0 0.000977997206064174
361.0 0.0012207678992126603
362.0 0.0014635384104622062
363.0 0.0011452931175881531
364.0 0.0008270474609162193
365.0 0.0012044631148455665
366.0 0.0015818792235222645
367.0 0.001969882578123361
368.0 0.002357885750825517
369.0 0.002003916961257346
370.0 0.0016499483535881154
371.0 0.001689894634182565
372.0 0.0017298405509791337
373.0 0.0021048177586635575
374.0 0.002479794784449041
375.0 0.00339741054631304
376.0 0.004315025944379158
377.0 0.004222961797495373
378.0 0.004130897650611587
379.0 0.003597319300752133
380.0 0.0030637405870947987
381.0 0.00198923717107391
382.0 0.0009147333003056701
383.0 0.0009910228982334957
384.0 0.0010673122233129106
385.0 0.0008578225788369309
386.0 0.0006483328888862161
387.0 0.0006849237252026796
388.0 0.0007215146524686133
389.0 0.0006543535619130125
390.0 0.0005871926987310871
391.0 0.0005377135494200047
392.0 0.00048823449105839245
393.0 0.0006160102202557027
394.0 0.0007437861313519534
395.0 0.0006375486918841489
396.0 0.0005313112978910794
397.0 0.0007550824648205889
398.0 0.0009788534953258932
399.0 0.0012013820196443703
400.0 0.0014239104530133773
401.0 0.0015723935575806536
402.0 0.0017208767530974
403.0 0.001756733217916917
404.0 0.0017925898646353744
405.0 0.0017017051504808478
406.0 0.0016108206182252616
407.0 0.0013841160580341239
408.0 0.0011574115887924563
409.0 0.0008939384315453935
410.0 0.0006304649105004501
411.0 0.0005357688223739387
412.0 0.00044107264329795726
413.0 0.0007430725872836774
414.0 0.001045072258420987
415.0 0.0019192730178474449
416.0 0.002793473868223373
417.0 0.0014251293578126933
418.0 5.678471666215046e-05
419.0 1.590179051803864e-10
420.0 1.590179051803864e-10
421.0 1.590179051803864e-10
422.0 0.0009544316526444163
423.0 0.0010095960533362813
424.0 0.001064760272129206
425.0 0.0002487180381649523
426.0 1.590179051803864e-10
427.0 1.590179051803864e-10
428.0 0.0002955094032586203
429.0 1.590179051803864e-10
430.0 1.590179051803864e-10
431.0 0.0003609610530475038
432.0 0.0010752178241091315
433.0 0.0009310810128226876
434.0 0.0007869447472330648
435.0 0.00018400124872641754
436.0 1.590179051803864e-10
437.0 1.590179051803864e-10
438.0 0.00020888073777314276
439.0 1.590179051803864e-10
440.0 1.590179051803864e-10
441.0 1.590179051803864e-10
442.0 1.590179051803864e-10
443.0 1.590179051803864e-10
444.0 1.590179051803864e-10
445.0 0.00026555844669928774
446.0 0.0005404185230872827
447.0 0.0007511872354371008
448.0 0.0009619557204132434
449.0 0.0009705956472316757
450.0 0.0009792353921511676
451.0 0.0005045994385000085
452.0 2.996366674778983e-05
453.0 8.479837987351857e-06
454.0 1.590179051803864e-10
455.0 1.590179051803864e-10
456.0 1.590179051803864e-10
457.0 1.590179051803864e-10
458.0 2.7541378244677617e-05
459.0 9.08948379674257e-05
460.0 0.0001542482664262934
461.0 0.00034905503980553476
462.0 0.0005438617790787248
463.0 0.0004621359494194621
464.0 0.000380410142497567
465.0 0.0004888373496214626
466.0 0.000597264670432196
467.0 0.0010290727914252784
468.0 0.0014608805940952152
469.0 0.0015400444681290537
470.0 0.0016192076145671308
471.0 0.0017851838492788374
472.0 0.0019511599020916037
473.0 0.0023921944375615567
474.0 0.0028332289730315097
475.0 0.0027534269975149073
476.0 0.0026736252038972452
477.0 0.0031050116376718506
478.0 0.0035363984352443367
479.0 0.00414406240452081
480.0 0.004751726373797283
481.0 0.0048366451665060595
482.0 0.004921563959214836
483.0 0.004269358396413736
484.0 0.003617152469814755
485.0 0.0038138310628710315
486.0 0.004010509292129427
487.0 0.0033923148293979466
488.0 0.002774119820969645
489.0 0.002442518962197937
490.0 0.00211091846722411
491.0 0.0017741305782692507
492.0 0.0014373425983649213
493.0 0.0011367898878233973
494.0 0.000836237541079754
495.0 0.000964986793405842
496.0 0.0010937363185803406
497.0 0.001727015660435427
498.0 0.0023602951841894537
499.0 0.002490421866241377
500.0 0.0026205487301922403
501.0 0.002703804784687236
502.0 0.002787061021081172
503.0 0.0028763488444383256
504.0 0.002965636485896539
505.0 0.003216980621800758
506.0 0.0034683249396039173
507.0 0.0025846626158454455
508.0 0.0017009997463901527
509.0 0.001933390012709424
510.0 0.002165779733331874
511.0 0.0022042946511646733
512.0 0.002242809750896413
513.0 0.0020242143364157528
514.0 0.001805619649530854
515.0 0.0015154550055740401
516.0 0.0012252904525666963
517.0 0.001270082520932192
518.0 0.001314874225499807
519.0 0.0015435691238963045
520.0 0.001772263931343332
521.0 0.0018346359865972772
522.0 0.0018970076780533418
523.0 0.0017830436263466254
524.0 0.0016690793927409686
525.0 0.0021660140191670507
526.0 0.002662949191289954
527.0 0.0024137778382282704
528.0 0.0021646068489644676
529.0 0.002398822471150197
530.0 0.0026330380933359265
531.0 0.0024892295186873525
532.0 0.0023454209440387785
533.0 0.0025466109946137294
534.0 0.0027478004994918592
535.0 0.002386345477134455
536.0 0.00202489009097917
537.0 0.0022803369574830867
538.0 0.0025357838239870034
539.0 0.0033018757676472887
540.0 0.004067967165610753
541.0 0.00412948356824927
542.0 0.004190999970887788
543.0 0.004369742964627221
544.0 0.004548485958366655
545.0 0.004819856985704973
546.0 0.005091228013043292
547.0 0.004177270602667704
548.0 0.0032633131922921166
549.0 0.002859538290067576
550.0 0.002455762842146214
551.0 0.0025354785975650884
552.0 0.0026151938072871417
553.0 0.003127627496724017
554.0 0.003640060458565131
555.0 0.003816530079348013
556.0 0.0039930000639287755
557.0 0.0037545898521784693
558.0 0.003516179640428163
559.0 0.003249586370657198
560.0 0.002982993464684114
561.0 0.0032421379728475586
562.0 0.0035012821172131225
563.0 0.003394347004359588
564.0 0.0032874118915060535
565.0 0.0038103182305349037
566.0 0.004333224933361635
567.0 0.0045981108996784315
568.0 0.004862996865995228
569.0 0.005309640982886776
570.0 0.005756284735980444
571.0 0.005797397170681506
572.0 0.005838509605382569
573.0 0.006159306212794036
574.0 0.006480103184003383
575.0 0.0063644016336183995
576.0 0.006248700083233416
577.0 0.005710711047868244
578.0 0.005172723103896715
579.0 0.00591175485169515
580.0 0.006650786963291466
581.0 0.007225818990264088
582.0 0.007800849562045187
583.0 0.008980982966022566
584.0 0.010161114187212661
585.0 0.010382455366197973
586.0 0.010603798000374809
587.0 0.010463914804859087
588.0 0.01032402869896032
589.0 0.010316233237972483
590.0 0.010308439959771931
591.0 0.009567827510181814
592.0 0.008827214332995936
593.0 0.007324245234485716
594.0 0.00582127868256066
595.0 0.005734019578085281
596.0 0.005646760473609902
597.0 0.005993170634610578
598.0 0.006339581159409136
599.0 0.007491426367778331
600.0 0.008643270120956004
601.0 0.009314225462730974
602.0 0.009985177166527137
603.0 0.01071781589416787
604.0 0.011450455349404365
605.0 0.011373307643225417
606.0 0.011296158481854945
607.0 0.009655817120801657
608.0 0.008015477942535654
609.0 0.006259465590119362
610.0 0.0045034539652988315
611.0 0.003752470001927577
612.0 0.0030014860385563225
613.0 0.0035537588701117784
614.0 0.004106031337869354
615.0 0.0048827645514393225
616.0 0.005659498856402934
617.0 0.007099405775079504
618.0 0.008539311966160312
619.0 0.00967520390986465
620.0 0.010811095125973225
621.0 0.01148193987319246
622.0 0.012152783892815933
623.0 0.01188488386105746
624.0 0.011616981646511704
625.0 0.010220694093732163
626.0 0.008824403630569577
627.0 0.007027610263321549
628.0 0.005230815077084117
629.0 0.00425606885983143
630.0 0.0032813226425787434
631.0 0.002784950083878357
632.0 0.0022885769794811495
633.0 0.0024761327949818224
634.0 0.0026636887923814356
635.0 0.0028865280910395086
636.0 0.003109367025899701
637.0 0.003911848762072623
638.0 0.004714329770649783
639.0 0.004779091977979988
640.0 0.00484385309391655
641.0 0.005262075501377694
642.0 0.005680297908838838
643.0 0.0055022544984240085
644.0 0.005324211088009179
645.0 0.004968719076714478
646.0 0.004613227065419778
647.0 0.0036527897464111447
648.0 0.0026923524274025112
649.0 0.0018527462088968605
650.0 0.0010131398084922694
651.0 0.0012292760402488057
652.0 0.0014454125448537525
653.0 0.0014576338799088262
654.0 0.0014698551240144297
655.0 0.001590286410646513
656.0 0.0017107178791775368
657.0 0.0015572119082207792
658.0 0.0014037063010619022
659.0 0.001706794137135148
660.0 0.002009881973208394
661.0 0.001766812965797726
662.0 0.001523743867437588
663.0 0.0022597629140364006
664.0 0.0029957822334836237
665.0 0.003494491465971805
666.0 0.0039932001527631655
667.0 0.004779648224939592
668.0 0.005566094478126615
669.0 0.005961176793789491
670.0 0.00635625547147356
671.0 0.006773617496946827
672.0 0.007190979522420093
673.0 0.007822459156159312
674.0 0.00845393878989853
675.0 0.007708118937443942
676.0 0.006962301267776638
677.0 0.005563387821894139
678.0 0.00416447437601164
679.0 0.0027556929126149043
680.0 0.0013469122677634005
681.0 0.0006147192380012712
682.0 1.590179051803864e-10
683.0 0.00010688584097806597
684.0 0.0003312455419290927
685.0 0.000350855248143489
686.0 0.0003704649543578853
687.0 0.00031508682241110364
688.0 0.0002597086449895869
689.0 0.00031577264962834306
690.0 0.00037183667700446676
691.0 0.00037951485865050927
692.0 0.00038719308577128686
693.0 0.00038091320675448515
694.0 0.00037463332773768343
695.0 0.00047405837904079817
696.0 0.0005734833848691778
697.0 0.000495464337291196
698.0 0.000417445198763744
699.0 0.00041436364881519694
700.0 0.00041128182601823937
701.0 0.00022202416403160896
702.0 3.27665844679359e-05
703.0 0.00020089357803954044
704.0 0.00036902056308463216
705.0 0.00036117771742283367
706.0 0.00035333471259946236
707.0 6.000540793138498e-05
708.0 1.590179051803864e-10
709.0 1.590179051803864e-10
710.0 4.465671565867524e-05
711.0 0.000297399105875229
712.0 0.0005501414761965862
713.0 0.00040212703424913343
714.0 0.0002541126377764158
715.0 0.0003518787025313941
716.0 0.0004496447218116373
717.0 0.000329332488036016
718.0 0.00020902027699776227
719.0 0.0004039424311486073
720.0 0.0005988645170873497
721.0 0.00045509736992244143
722.0 0.0003113302909696358
723.0 0.00039930760067363735
724.0 0.00048728479669080116
725.0 0.0005567059815803077
726.0 0.0006261273028940195
727.0 0.00035671705518325325
728.0 8.730702916182054e-05
729.0 0.00028454180664994055
730.0 0.00048177666940318886
731.0 0.0006515218956337776
732.0 0.0008212673492380418
733.0 0.0003282018951722421
734.0 1.590179051803864e-10
735.0 1.590179051803864e-10
736.0 1.590179051803864e-10
737.0 0.00037668605727958493
738.0 0.00110429846245097
739.0 0.0007162605015764711
740.0 0.0003282222223788267
741.0 0.0001916482915476081
742.0 5.5074355032047606e-05
743.0 1.590179051803864e-10
744.0 1.590179051803864e-10
745.0 0.00030866829092701664
746.0 0.0006855756964796456
747.0 0.00047910680223139934
748.0 0.0002726379989326233
749.0 7.27535962141701e-05
750.0 1.590179051803864e-10
751.0 1.590179051803864e-10
752.0 3.0014160756763886e-05
753.0 0.00017857132661447395
754.0 0.0003271284867878421
755.0 1.590179051803864e-10
756.0 1.590179051803864e-10
757.0 1.590179051803864e-10
758.0 1.590179051803864e-10
759.0 8.063674954428279e-05
760.0 0.000751873767512734
761.0 0.0004444036676432006
762.0 0.00013693354503629962
763.0 3.8752464348590365e-06
764.0 1.590179051803864e-10
765.0 0.0001475497924730007
766.0 0.00042428246160852723
767.0 1.590179051803864e-10
768.0 1.590179051803864e-10
769.0 1.590179051803864e-10
770.0 1.590179051803864e-10
771.0 1.590179051803864e-10
772.0 1.590179051803864e-10
773.0 0.0002490540509825223
774.0 0.0006799389666412026
775.0 0.00045549613787443377
776.0 0.00023105324089556234
777.0 0.0003024634452231112
778.0 0.0003738736268132925
779.0 0.0006893538738950156
780.0 0.0010048341209767386
781.0 0.000825094866740983
782.0 0.0006453555670304922
783.0 0.0004805068783753086
784.0 0.0003156582806695951
785.0 0.00013154551652405644
786.0 1.590179051803864e-10
787.0 0.0005099518148199422
788.0 0.001072471059160307
789.0 0.000994278525467962
790.0 0.0009160860827250872
791.0 0.0006970830781938275
792.0 0.0004780799372383626
793.0 0.0005841223355673719
794.0 0.0006901644155732356
795.0 0.0007915570677141659
796.0 0.000892949628905626
797.0 0.00041303105717815924
798.0 1.590179051803864e-10
799.0 0.0003623660177254351
800.0 0.0007916194590507075
801.0 0.0004654239546653116
802.0 0.00013922843891123193
803.0 0.00024361227133340435
804.0 0.0003479960469121579
805.0 0.0007128542165446561
806.0 0.0010777123861771543
807.0 0.0006511823812616058
808.0 0.00022465235360868974
809.0 1.590179051803864e-10
810.0 1.590179051803864e-10
811.0 0.00015464993339264765
812.0 0.0006464294074248755
813.0 0.0008829895705275703
814.0 0.00111954968815553
815.0 0.0011163097042299341
816.0 0.0011130692655569874
817.0 0.0009113490705203731
818.0 0.000709629011907964
819.0 0.0008524083568772767
820.0 0.0009951877473213244
821.0 0.0009116403816733509
822.0 0.0008280931069748476
823.0 0.0007382924195553642
824.0 0.0006484919595095562
825.0 0.0006497339199995622
826.0 0.0006509760169137735
827.0 0.0007024571004876634
828.0 0.0007539382295362884
829.0 0.00045416882130666636
830.0 0.00015439944718309562
831.0 9.319373361904582e-05
832.0 3.1988207638278254e-05
833.0 0.00037255906590871746
834.0 0.0007131297934392933
835.0 0.00010283688425261062
836.0 1.590179051803864e-10
837.0 1.590179051803864e-10
838.0 8.388771561840258e-05
839.0 0.0005107957804284524
840.0 0.0009377040441904683
841.0 0.001187866109830793
842.0 0.0014380281754711177
843.0 0.0010492950423213188
844.0 0.0006605615908483742
845.0 0.0006437159754568711
846.0 0.0006268702691158978
847.0 0.000885796998773003
848.0 0.0011447238648543134
849.0 0.0010150697562494315
850.0 0.0008854152838466689
851.0 0.0011253445336478762
852.0 0.0013652736015501432
853.0 0.0005628421149594942
854.0 1.590179051803864e-10
855.0 1.590179051803864e-10
856.0 1.590179051803864e-10
857.0 0.0003273512675150414
858.0 0.0012837764188589063
859.0 0.0011588448614929803
860.0 0.0010339132131775841
861.0 0.001344036263617454
862.0 0.0016541596778552048
863.0 0.0018145303329220042
864.0 0.001974901169887744
865.0 0.0020644511096179485
866.0 0.0021540012312470935
867.0 0.0028932565328432247
868.0 0.0036325116525404155
869.0 0.0031217663490679115
870.0 0.0026110204998985864
871.0 0.00322792366205249
872.0 0.0038448270061053336
873.0 0.0028545913664856926
874.0 0.0018643562725628726
875.0 0.0025895507860695943
876.0 0.003314744753879495
