lsstCam/transmission_filter_detector/r12_s10/y_10/19700101T000000.ecsv
# %ECSV 1.0
# ---
# datatype:
# - {name: wavelength, unit: nm, datatype: float32}
# - {name: efficiency, unit: '%', datatype: float64}
# meta: !!omap
# - {MODE: DETECTOR}
# - {TYPE: transmission_filter_detector}
# - {CALIBDATE: '1970-01-01T00:00:00'}
# - {INSTRUME: LSSTCam}
# - {OBSTYPE: transmission_filter_detector}
# - {CALIBCLS: lsst.ip.isr.IntermediateFilterDetectorTransmissionCurve}
# - {SOURCE: Materion (DM-46256)}
# - {DETECTOR: 48}
# - {FILTER: y_10}
# - {CALIB_ID: 'calibDate=1970-01-01T00:00:00 filter=y_10 detector=48'}
# - {DATE: '2025-04-02T15:59:50.964282'}
# - {CALIB_CREATION_DATE: '2025-04-02'}
# - {CALIB_CREATION_TIME: '15:59:50'}
# - __serialized_columns__:
#     efficiency:
#       __class__: astropy.units.quantity.Quantity
#       unit: !astropy.units.Unit {unit: '%'}
#       value: !astropy.table.SerializedColumn {name: efficiency}
#     wavelength:
#       __class__: astropy.units.quantity.Quantity
#       unit: !astropy.units.Unit {unit: nm}
#       value: !astropy.table.SerializedColumn {name: wavelength}
# schema: astropy-2.0
wavelength efficiency
[from data line 578]
878.0 0.001125180824601557
879.0 0.0018202272258349694
880.0 0.07128985598683357
881.0 0.08702930063009262
882.0 0.07815611897967756
883.0 0.11371701257303357
884.0 0.07386358338408172
885.0 0.10075870668515563
886.0 0.07200532709248364
887.0 0.11428867001086473
888.0 0.08156689582392573
889.0 0.11375070316717029
890.0 0.0660613237414509
891.0 0.10563059477135539
892.0 0.07748572388663888
893.0 0.09353155619464815
894.0 0.08948699687607586
895.0 0.13333462411537766
896.0 0.08832056191749871
897.0 0.12734872289001942
898.0 0.10421810438856483
899.0 0.13237118255347013
900.0 0.11318566976115108
901.0 0.16365317860618234
902.0 0.17691458342596889
903.0 0.19826279021799564
904.0 0.23195643443614244
905.0 0.27516502887010574
906.0 0.35884655080735683
907.0 0.4610766191035509
908.0 0.6492423824965954
909.0 0.8647670969367027
910.0 1.2618014588952065
911.0 1.805502362549305
912.0 2.6224782690405846
913.0 3.8512151688337326
914.0 5.27704544365406
915.0 7.31007382273674
916.0 9.675642102956772
917.0 12.226477265357971
918.0 15.076999366283417
919.0 17.753781378269196
920.0 21.371226012706757
921.0 25.214281678199768
922.0 29.0877103805542
923.0 33.72107744216919
924.0 38.72192203998566
925.0 44.23551261425018
926.0 50.72227716445923
927.0 57.641392946243286
928.0 63.58395218849182
929.0 69.91625428199768
930.0 75.38214325904846
931.0 80.64302802085876
932.0 85.35922765731812
933.0 89.24129605293274
934.0 91.97438955307007
935.0 93.86644959449768
936.0 95.22646069526672
937.0 96.19742035865784
938.0 96.80987000465393
939.0 97.05142974853516
940.0 97.34020829200745
941.0 97.44489789009094
942.0 97.58656024932861
943.0 97.63670563697815
944.0 97.85574674606323
945.0 97.7806806564331
946.0 97.9049563407898
947.0 97.83026576042175
948.0 97.9730486869812
949.0 97.84411787986755
950.0 97.98353910446167
951.0 98.06868433952332
952.0 98.11950922012329
953.0 98.30712676048279
954.0 98.44560623168945
955.0 98.48780035972595
956.0 98.68423342704773
957.0 98.81185293197632
958.0 98.95094037055969
959.0 98.98977875709534
960.0 99.05407428741455
961.0 99.0936815738678
962.0 99.13502335548401
963.0 99.16769862174988
964.0 99.17787909507751
965.0 99.15999174118042
966.0 99.23734664916992
967.0 99.29704070091248
968.0 99.29932355880737
969.0 99.29316639900208
970.0 99.37410950660706
971.0 99.39265251159668
972.0 99.43007826805115
973.0 99.54569935798645
974.0 99.5318353176117
975.0 99.50194358825684
976.0 99.56859946250916
977.0 99.52197074890137
978.0 99.54593181610107
979.0 99.46473836898804
980.0 99.45704936981201
981.0 99.32236075401306
982.0 99.28313493728638
983.0 99.30978417396545
984.0 99.26958680152893
985.0 99.28871989250183
986.0 99.16094541549683
987.0 99.24242496490479
988.0 99.149489402771
989.0 99.13978576660156
990.0 99.15331602096558
991.0 99.21175837516785
992.0 99.28749799728394
993.0 99.23836588859558
994.0 99.20387268066406
995.0 99.24317598342896
996.0 99.23129081726074
997.0 99.37589168548584
998.0 99.42391514778137
999.0 99.43479895591736
1000.0 99.48346018791199
1001.0 99.40528273582458
1002.0 99.54867959022522
1003.0 99.5365560054779
1004.0 99.57714676856995
1005.0 99.50706362724304
1006.0 99.6382474899292
1007.0 99.59105253219604
1008.0 99.53553676605225
1009.0 99.48335289955139
1010.0 99.54169988632202
1011.0 99.48273301124573
1012.0 99.42586421966553
1013.0 99.41291809082031
1014.0 99.42001104354858
1015.0 99.4028627872467
1016.0 99.43259358406067
1017.0 99.4458258152008
1018.0 99.47088360786438
1019.0 99.39683079719543
1020.0 99.49102401733398
1021.0 99.58446025848389
1022.0 99.5288074016571
1023.0 99.5238184928894
1024.0 99.526846408844
1025.0 99.53334331512451
1026.0 99.61110949516296
1027.0 99.69201683998108
1028.0 99.59556460380554
1029.0 99.73117709159851
1030.0 99.74362850189209
1031.0 99.69456195831299
1032.0 99.7019112110138
1033.0 99.65267777442932
1034.0 99.6857762336731
1035.0 99.74754452705383
1036.0 99.66857433319092
1037.0 99.67888593673706
1038.0 99.65053200721741
1039.0 99.52665567398071
1040.0 99.48011040687561
1041.0 99.54060912132263
1042.0 99.53455328941345
1043.0 99.4230568408966
1044.0 99.54473972320557
1045.0 99.26544427871704
1046.0 99.48679804801941
1047.0 99.3512511253357
1048.0 99.42046999931335
1049.0 99.35235977172852
1050.0 99.39013123512268
1051.0 99.35310482978821
1052.0 99.34005737304688
1053.0 99.25252795219421
1054.0 99.49138760566711
1055.0 99.54952597618103
1056.0 99.38214421272278
1057.0 99.5004951953888
1058.0 99.34277534484863
1059.0 99.42554235458374
1060.0 99.45350289344788
1061.0 99.3931233882904
1062.0 99.41664934158325
1063.0 99.3114709854126
1064.0 99.41169023513794
1065.0 99.35681223869324
1066.0 99.30973649024963
1067.0 99.44300651550293
1068.0 99.24623370170593
1069.0 99.22908544540405
1070.0 99.4641125202179
1071.0 99.311363697052
1072.0 99.51485395431519
1073.0 99.52833652496338
1074.0 99.24439191818237
1075.0 99.09000396728516
1076.0 98.96970987319946
1077.0 99.32219982147217
1078.0 99.56843256950378
1079.0 98.93996715545654
1080.0 99.79133009910583
1081.0 98.93583655357361
1082.0 99.15059208869934
1083.0 98.99566769599915
1084.0 99.3803322315216
1085.0 99.34065341949463
1086.0 99.22525882720947
1087.0 99.28342700004578
1088.0 99.03079271316528
1089.0 99.14129376411438
1090.0 99.06554222106934
1091.0 99.11837577819824
1092.0 98.80855679512024
1093.0 98.91733527183533
1094.0 98.67952466011047
1095.0 98.71372580528259
1096.0 98.86550903320312
1097.0 98.61199259757996
1098.0 98.24501276016235
1099.0 98.74486327171326
1100.0 98.5283613204956
