lsstCam/transmission_filter_detector/r11_s11/i_39/19700101T000000.ecsv
# %ECSV 1.0
# ---
# datatype:
# - {name: wavelength, unit: nm, datatype: float32}
# - {name: efficiency, unit: '%', datatype: float64}
# meta: !!omap
# - {MODE: DETECTOR}
# - {TYPE: transmission_filter_detector}
# - {CALIBDATE: '1970-01-01T00:00:00'}
# - {INSTRUME: LSSTCam}
# - {OBSTYPE: transmission_filter_detector}
# - {CALIBCLS: lsst.ip.isr.IntermediateFilterDetectorTransmissionCurve}
# - {SOURCE: Materion (DM-46256)}
# - {DETECTOR: 40}
# - {FILTER: i_39}
# - {CALIB_ID: 'calibDate=1970-01-01T00:00:00 filter=i_39 detector=40'}
# - {DATE: '2025-04-02T15:59:46.664714'}
# - {CALIB_CREATION_DATE: '2025-04-02'}
# - {CALIB_CREATION_TIME: '15:59:46'}
# - __serialized_columns__:
#     efficiency:
#       __class__: astropy.units.quantity.Quantity
#       unit: !astropy.units.Unit {unit: '%'}
#       value: !astropy.table.SerializedColumn {name: efficiency}
#     wavelength:
#       __class__: astropy.units.quantity.Quantity
#       unit: !astropy.units.Unit {unit: nm}
#       value: !astropy.table.SerializedColumn {name: wavelength}
# schema: astropy-2.0
wavelength efficiency
300.0 0.08909227908588946
301.0 0.05809094291180372
302.0 0.02708963002078235
303.0 0.034882992622442544
304.0 0.0426763464929536
305.0 0.03402716829441488
306.0 0.025377993006259203
307.0 0.010094507888425142
308.0 1.588486612212614e-10
309.0 1.588486612212614e-10
310.0 1.588486612212614e-10
311.0 1.588486612212614e-10
312.0 0.003740322426892817
313.0 0.0018849112166208215
314.0 2.949736881419085e-05
315.0 1.588486612212614e-10
316.0 1.588486612212614e-10
317.0 1.588486612212614e-10
318.0 1.588486612212614e-10
319.0 1.588486612212614e-10
320.0 1.588486612212614e-10
321.0 1.588486612212614e-10
322.0 1.588486612212614e-10
323.0 1.588486612212614e-10
324.0 1.588486612212614e-10
325.0 1.588486612212614e-10
326.0 1.588486612212614e-10
327.0 1.588486612212614e-10
328.0 0.0036494799132924527
329.0 0.002646186294441577
330.0 0.0016428928574896418
331.0 0.0008547413926862646
332.0 6.65903883145802e-05
333.0 0.0012765089195454493
334.0 0.0024864275474101305
335.0 0.0018744471162790433
336.0 0.0012624673217942473
337.0 0.0021884536181460135
338.0 0.0031144398235483095
339.0 0.003209259011782706
340.0 0.0033040785638149828
341.0 1.588486612212614e-10
342.0 1.588486612212614e-10
343.0 1.588486612212614e-10
344.0 1.588486612212614e-10
345.0 1.588486612212614e-10
346.0 1.588486612212614e-10
347.0 1.588486612212614e-10
348.0 1.588486612212614e-10
349.0 1.588486612212614e-10
350.0 1.588486612212614e-10
351.0 1.588486612212614e-10
352.0 1.588486612212614e-10
353.0 1.588486612212614e-10
354.0 1.588486612212614e-10
355.0 1.588486612212614e-10
356.0 1.588486612212614e-10
357.0 0.0010139585356228054
358.0 0.0022194653865881264
359.0 0.001569292180647608
360.0 0.0009191183380607981
361.0 0.0007636957889189944
362.0 0.0006082731033529853
363.0 0.0003793830501308548
364.0 0.0001504929969087243
365.0 0.001310697552980855
366.0 0.002470902654749807
367.0 0.0015607480236212723
368.0 0.0006505937108158832
369.0 0.0009857048098638188
370.0 0.0013208160453359596
371.0 0.0011881715181516483
372.0 0.0010555269000178669
373.0 0.0009213787961925846
374.0 0.0007872304195188917
375.0 0.00032695058962417534
376.0 1.588486612212614e-10
377.0 5.072296289654332e-05
378.0 0.00023477523427573033
379.0 1.588486612212614e-10
380.0 1.588486612212614e-10
381.0 1.588486612212614e-10
382.0 1.588486612212614e-10
383.0 4.3270344463053334e-05
384.0 0.0012259749382792506
385.0 0.0012327625881880522
386.0 0.0012395501471473835
387.0 1.588486612212614e-10
388.0 1.588486612212614e-10
389.0 1.588486612212614e-10
390.0 1.588486612212614e-10
391.0 1.588486612212614e-10
392.0 1.588486612212614e-10
393.0 1.588486612212614e-10
394.0 0.0012380393854982685
395.0 0.00024808416583255166
396.0 1.588486612212614e-10
397.0 1.588486612212614e-10
398.0 0.000519706736668013
399.0 0.00038297239370876923
400.0 0.00024623782337585
401.0 0.0007112819275789661
402.0 0.001176324894913705
403.0 0.0017707456208881922
404.0 0.002365166255913209
405.0 0.003656590706668794
406.0 0.0049480157031212
407.0 0.0028053509595338255
408.0 0.0006626836693612859
409.0 0.0007114364962035324
410.0 0.0007601870947837597
411.0 0.0027222964490647428
412.0 0.004684407031163573
413.0 0.003813267539953813
414.0 0.002942129685834516
415.0 0.003287392610218376
416.0 0.0036326557165011764
417.0 0.0027811671316158026
418.0 0.0019296783648314886
419.0 0.0037712405173806474
420.0 0.005612802488030866
421.0 0.004941313090967014
422.0 0.004269822966307402
423.0 0.004413159331306815
424.0 0.004556495332508348
425.0 0.003136744271614589
426.0 0.001716992301226128
427.0 0.0032714517146814615
428.0 0.004825911310035735
429.0 0.005065001823822968
430.0 0.005304093429003842
431.0 0.003994302824139595
432.0 0.00268451331066899
433.0 0.002982734440593049
434.0 0.003280955570517108
435.0 0.0024048729756032117
436.0 0.0015287903806893155
437.0 0.0015802359484951012
438.0 0.0016316818800987676
439.0 0.001957422136911191
440.0 0.002283162575622555
441.0 0.0006442760422942229
442.0 1.588486612212614e-10
443.0 1.588486612212614e-10
444.0 1.588486612212614e-10
445.0 1.588486612212614e-10
446.0 1.588486612212614e-10
447.0 1.588486612212614e-10
448.0 0.00036079445635550655
449.0 1.588486612212614e-10
450.0 1.588486612212614e-10
451.0 1.588486612212614e-10
452.0 0.0012460394827940036
453.0 0.0014022056348039769
454.0 0.001558372241561301
455.0 0.0016821568351588212
456.0 0.0018059416106552817
457.0 0.0012513216461229604
458.0 0.0006967016815906391
459.0 0.00030430403512582416
460.0 1.588486612212614e-10
461.0 0.00014672569932372426
462.0 0.0003815449417743366
463.0 4.941804263580707e-05
464.0 1.588486612212614e-10
465.0 0.00010285492635375704
466.0 0.0004884185727860313
467.0 0.0006286139068834018
468.0 0.0007688091500313021
469.0 0.0006770745130779687
470.0 0.0005853397851751652
471.0 0.000673053318678285
472.0 0.0007607670340803452
473.0 0.0008708065251994412
474.0 0.0009808462891669478
475.0 0.0005241327471594559
476.0 6.741955758116092e-05
477.0 0.0006262283477553865
478.0 0.0011850371265609283
479.0 0.0011994041415164247
480.0 0.001213771065522451
481.0 0.0024257013137685135
482.0 0.003637629924924113
483.0 0.0051352839363971725
484.0 0.0066329375840723515
485.0 0.00743015407351777
486.0 0.008227371290558949
487.0 0.011262543557677418
488.0 0.014297715097200125
489.0 0.01731559168547392
490.0 0.020333465363364667
491.0 0.022129627177491784
492.0 0.023925790446810424
493.0 0.025403042673133314
494.0 0.02688029780983925
495.0 0.024035180103965104
496.0 0.021190059487707913
497.0 0.017457944341003895
498.0 0.013725826283916831
499.0 0.00982580313575454
500.0 0.0059257807151880115
501.0 0.0044591557525563985
502.0 0.002992531517520547
503.0 0.0025422543330932967
504.0 0.0020919771486660466
505.0 0.0018971428289660253
506.0 0.001702308509266004
507.0 0.0017783822841010988
508.0 0.0018544555132393725
509.0 0.0018543327314546332
510.0 0.0018542097677709535
511.0 0.001423279809387168
512.0 0.0009923499419528525
513.0 0.0014895445929141715
514.0 0.0019867391529260203
515.0 0.0024580185709055513
516.0 0.0029292981707840227
517.0 0.0024464590751449578
518.0 0.0019636203433037736
519.0 0.002075021620839834
520.0 0.0021864230802748352
521.0 0.0018064869436784647
522.0 0.0014265510799305048
523.0 0.0014470186215476133
524.0 0.0014674865269626025
525.0 0.0019971841538790613
526.0 0.0025268815079471096
527.0 0.0023302847694139928
528.0 0.0021336882127798162
529.0 0.0017427810234948993
530.0 0.0013518740161089227
531.0 0.0014017411558597814
532.0 0.00145160820466117
533.0 0.0016042631614254788
534.0 0.0017569180272403173
535.0 0.0017560649212100543
536.0 0.0017552118151797913
537.0 0.002420605051156599
538.0 0.0030859981052344665
539.0 0.0038197340472834185
540.0 0.004553470353130251
541.0 0.005088339821668342
542.0 0.005623209290206432
543.0 0.004915160752716474
544.0 0.004207111851428635
545.0 0.003437194391153753
546.0 0.0026672776584746316
547.0 0.002196602144977078
548.0 0.001725926631479524
549.0 0.0017823578673414886
550.0 0.0018387894670013338
551.0 0.001668674303800799
552.0 0.0014985593224992044
553.0 0.001571321627125144
554.0 0.0016440837498521432
555.0 0.001203793999593472
556.0 0.0007635041583853308
557.0 0.0007065464160405099
558.0 0.0006495888555946294
559.0 0.0001967824573512189
560.0 1.588486612212614e-10
561.0 0.0005758783572673565
562.0 0.0014077807463763747
563.0 0.0015582771084154956
564.0 0.0017087735614040866
565.0 0.0014197308701113798
566.0 0.0011306883607176133
567.0 0.0008569019882997964
568.0 0.0005831156158819795
569.0 0.0007027909759926843
570.0 0.0008224660632549785
571.0 0.0005020460775995161
572.0 0.00018162606920668622
573.0 0.00031534116260445444
574.0 0.0004490562787395902
575.0 0.00042429996938153636
576.0 0.00039954352359927725
577.0 0.0004874219939665636
578.0 0.0005753006007580552
579.0 0.00028897891297674505
580.0 2.6572534395086223e-06
581.0 0.0001505864815953828
582.0 0.0002985156925205956
583.0 0.0004638130576495314
584.0 0.0006291103545663645
585.0 0.0007508666385547258
586.0 0.0008726230589672923
587.0 0.0007390386599581689
588.0 0.0006054541699995752
589.0 0.0005511296421900624
590.0 0.0004968052053300198
591.0 0.0007502857442887034
592.0 0.0010037663741968572
593.0 0.0006549074441863922
594.0 0.00030604844596382463
595.0 0.0005715098723158007
596.0 0.000836971139506204
597.0 0.0007271026333910413
598.0 0.0006172341727506137
599.0 0.0005320719537849072
600.0 0.00044690959839499556
601.0 0.00041888642954290845
602.0 0.00039086316974135116
603.0 0.0002558800588303711
604.0 0.00012089680012650206
605.0 0.00019947065084124915
606.0 0.0002780444901873125
607.0 0.0004385891770652961
608.0 0.0005991337275190745
609.0 0.0005829063411511015
610.0 0.0005666787274094531
611.0 0.0006984676929278066
612.0 0.0008302567039208952
613.0 0.0006002583177178167
614.0 0.00037026004520157585
615.0 2.403455710009439e-05
616.0 1.588486612212614e-10
617.0 1.588486612212614e-10
618.0 0.00022885185444465606
619.0 0.000334180231220671
620.0 0.00043950867620878853
621.0 0.0005870755558134988
622.0 0.0007346423444687389
623.0 0.0006078569640521891
624.0 0.0004810716291103745
625.0 0.000459896682514227
626.0 0.0004387217813928146
627.0 0.00036253313737688586
628.0 0.0002863445160983247
629.0 0.00044807161430071574
630.0 0.0006097988261899445
631.0 0.0005635856723529287
632.0 0.0005173725185159128
633.0 0.0004354782504378818
634.0 0.0003535839368851157
635.0 0.0003849584118142957
636.0 0.0004163327957940055
637.0 0.00036238923257769784
638.0 0.00030844551019981736
639.0 0.0005912796950724442
640.0 0.0008741137207834981
641.0 0.0006453527475969167
642.0 0.00041659172893560026
643.0 0.000640807775198482
644.0 0.0008650238669360988
645.0 0.0007286693289643154
646.0 0.0005923149728914723
647.0 0.0007584093054902041
648.0 0.0009245040928362869
649.0 0.0007740951332380064
650.0 0.0006236860826902557
651.0 0.0008548226105631329
652.0 0.0010859592293854803
653.0 0.0012026748663629405
654.0 0.0013193903214414604
655.0 0.002005335954891052
656.0 0.0026912814064417034
657.0 0.0036717527109431103
658.0 0.004652222560252994
659.0 0.007306217594305053
660.0 0.07470063283108175
661.0 0.12979470193386078
662.0 0.15053520910441875
663.0 0.10209759930148721
664.0 0.14094517100602388
665.0 0.14701844193041325
666.0 0.19106959225609899
667.0 0.1903505646623671
668.0 0.15815687365829945
669.0 0.37305422592908144
670.0 0.38825280498713255
671.0 0.6608594674617052
672.0 1.0054739192128181
673.0 1.5520768240094185
674.0 2.337242290377617
675.0 3.2316718250513077
676.0 4.383601620793343
677.0 5.72260394692421
678.0 7.077239453792572
679.0 8.478052169084549
680.0 10.527712106704712
681.0 12.598688900470734
682.0 15.153571963310242
683.0 17.907023429870605
684.0 20.871661603450775
685.0 23.705485463142395
686.0 26.75696313381195
687.0 30.00190258026123
688.0 33.346208930015564
689.0 36.76879405975342
690.0 40.74089229106903
691.0 45.087262988090515
692.0 50.12232065200806
693.0 55.56086301803589
694.0 61.578285694122314
695.0 67.29192733764648
696.0 73.52900505065918
697.0 78.98615002632141
698.0 84.82771515846252
699.0 89.01373744010925
700.0 92.1101450920105
701.0 94.6278989315033
702.0 96.14815711975098
703.0 97.07186222076416
704.0 97.4189817905426
705.0 97.7216899394989
706.0 97.69920706748962
707.0 97.82857894897461
708.0 97.9271650314331
709.0 97.85369038581848
710.0 97.67394065856934
711.0 97.9621410369873
712.0 97.84078598022461
713.0 97.90043234825134
714.0 98.00934791564941
715.0 98.06128144264221
716.0 97.9324460029602
717.0 98.06861281394958
718.0 98.19863438606262
719.0 98.07294607162476
720.0 98.31086993217468
721.0 98.25184941291809
722.0 97.90182113647461
723.0 97.58404493331909
724.0 97.29297161102295
725.0 97.09724187850952
726.0 96.81674838066101
727.0 96.64241671562195
728.0 96.37019038200378
729.0 96.2721586227417
730.0 96.2939441204071
731.0 96.3284969329834
732.0 96.42289280891418
733.0 96.69680595397949
734.0 97.05526232719421
735.0 97.1628487110138
736.0 97.63555526733398
737.0 97.93701171875
738.0 98.196280002594
739.0 98.57262969017029
740.0 98.64880442619324
741.0 98.49219918251038
742.0 98.77735376358032
743.0 98.63158464431763
744.0 98.49575757980347
745.0 98.45817685127258
746.0 98.50351810455322
747.0 98.71377944946289
748.0 98.52586388587952
749.0 98.48020672798157
750.0 98.43221306800842
751.0 98.29825758934021
752.0 98.2526421546936
753.0 98.46330881118774
754.0 98.39077591896057
755.0 98.47776293754578
756.0 98.57078194618225
757.0 98.58392477035522
758.0 98.69958758354187
759.0 98.75872135162354
760.0 98.67109060287476
761.0 98.53994846343994
762.0 98.60238432884216
763.0 98.59912395477295
764.0 98.48505854606628
765.0 98.47828149795532
766.0 98.48583340644836
767.0 98.28081130981445
768.0 98.3069658279419
769.0 98.27635288238525
770.0 98.01294207572937
771.0 97.99383282661438
772.0 98.06851148605347
773.0 97.92150855064392
774.0 97.69298434257507
775.0 97.79630303382874
776.0 97.77558445930481
777.0 97.78726100921631
778.0 97.85314202308655
779.0 97.91467189788818
780.0 97.86798357963562
781.0 98.24256300926208
782.0 98.16139340400696
783.0 98.22032451629639
784.0 98.16389679908752
785.0 98.35469126701355
786.0 98.4562635421753
787.0 98.18865060806274
788.0 98.3968198299408
789.0 98.44930171966553
790.0 98.3741044998169
791.0 98.33711981773376
792.0 98.24071526527405
793.0 98.17242622375488
794.0 98.07047247886658
795.0 97.99960851669312
796.0 98.01061153411865
797.0 97.93022274971008
798.0 97.88342714309692
799.0 97.6669430732727
800.0 97.51044511795044
801.0 97.48887419700623
802.0 97.33964204788208
803.0 97.08794355392456
804.0 96.71692848205566
805.0 96.11002206802368
806.0 95.47573924064636
807.0 94.36471462249756
808.0 93.00838112831116
809.0 91.40360355377197
810.0 89.65153694152832
811.0 87.35854625701904
812.0 84.5413088798523
813.0 81.42200112342834
814.0 77.76002287864685
815.0 73.80614876747131
816.0 69.70558166503906
817.0 65.00338912010193
818.0 60.124123096466064
819.0 55.79536557197571
820.0 50.97607374191284
821.0 46.45152390003204
822.0 42.2209233045578
823.0 37.61046230792999
824.0 32.978978753089905
825.0 28.839555382728577
826.0 24.499154090881348
827.0 19.934770464897156
828.0 15.904635190963745
829.0 12.04238161444664
830.0 8.363063633441925
831.0 5.801175162196159
832.0 3.6602042615413666
833.0 2.216646447777748
834.0 1.264573261141777
835.0 0.7481537293642759
836.0 0.44739809818565845
837.0 0.24801932740956545
838.0 0.14705032808706164
839.0 0.10718171251937747
840.0 0.07462840876542032
841.0 1.588486612212614e-10
842.0 0.019683377468027174
843.0 0.021386920707300305
844.0 1.588486612212614e-10
845.0 1.588486612212614e-10
846.0 0.004243190778652206
847.0 1.588486612212614e-10
848.0 1.588486612212614e-10
849.0 1.588486612212614e-10
850.0 0.0010885884876188356
851.0 1.588486612212614e-10
852.0 0.0010871664017031435
853.0 0.0010200748874922283
854.0 0.0009529834642307833
855.0 0.0008871015779732261
856.0 0.0008212197826651391
857.0 0.0008927173439587932
858.0 0.0009642146324040368
859.0 0.000601536839894834
860.0 0.0002388589791735285
861.0 0.00026133341179956915
862.0 0.0002838077307387721
863.0 0.00011461123676781426
864.0 1.588486612212614e-10
865.0 9.015132604872633e-05
866.0 0.00023488785245717736
867.0 6.960142968637228e-05
868.0 1.588486612212614e-10
869.0 1.588486612212614e-10
870.0 1.588486612212614e-10
871.0 4.915855242870748e-05
872.0 0.00028107106118113734
873.0 0.00031488373224419774
874.0 0.00034869635783252306
875.0 0.00028021534035360673
876.0 0.0002117343228746904
877.0 1.588486612212614e-10
878.0 1.588486612212614e-10
879.0 5.420882587259257e-06
880.0 0.0005175002115720417
881.0 0.00024238615878857672
882.0 1.588486612212614e-10
883.0 0.00010317407941329293
884.0 0.00023907605282147415
885.0 0.00010525947118367185
886.0 1.588486612212614e-10
887.0 0.00013492613106791396
888.0 0.00029840937258995837
889.0 0.00016396262481066515
890.0 2.9515899768739473e-05
891.0 0.000115898069452669
892.0 0.000202280216399231
893.0 0.00024282230697281193
894.0 0.00028336439754639287
895.0 1.9770276082908822e-05
896.0 1.588486612212614e-10
897.0 1.588486612212614e-10
