lsstCam/transmission_filter_detector/r11_s11/i_39/19700101T000000.ecsv
# %ECSV 1.0
# ---
# datatype:
# - {name: wavelength, unit: nm, datatype: float32}
# - {name: efficiency, unit: '%', datatype: float64}
# meta: !!omap
# - {MODE: DETECTOR}
# - {TYPE: transmission_filter_detector}
# - {CALIBDATE: '1970-01-01T00:00:00'}
# - {INSTRUME: LSSTCam}
# - {OBSTYPE: transmission_filter_detector}
# - {CALIBCLS: lsst.ip.isr.IntermediateFilterDetectorTransmissionCurve}
# - {SOURCE: Materion (DM-46256)}
# - {DETECTOR: 40}
# - {FILTER: i_39}
# - {CALIB_ID: 'calibDate=1970-01-01T00:00:00 filter=i_39 detector=40'}
# - {DATE: '2025-04-02T15:59:46.664714'}
# - {CALIB_CREATION_DATE: '2025-04-02'}
# - {CALIB_CREATION_TIME: '15:59:46'}
# - __serialized_columns__:
#     efficiency:
#       __class__: astropy.units.quantity.Quantity
#       unit: !astropy.units.Unit {unit: '%'}
#       value: !astropy.table.SerializedColumn {name: efficiency}
#     wavelength:
#       __class__: astropy.units.quantity.Quantity
#       unit: !astropy.units.Unit {unit: nm}
#       value: !astropy.table.SerializedColumn {name: wavelength}
# schema: astropy-2.0
wavelength efficiency
[from data line 599]
899.0 1.588486612212614e-10
900.0 1.588486612212614e-10
901.0 1.588486612212614e-10
902.0 1.588486612212614e-10
903.0 1.588486612212614e-10
904.0 4.607207131357427e-05
905.0 1.588486612212614e-10
906.0 1.588486612212614e-10
907.0 0.00012882563851235318
908.0 0.00033968558454944286
909.0 7.023741090961266e-05
910.0 1.588486612212614e-10
911.0 1.588486612212614e-10
912.0 7.241555977088865e-05
913.0 7.045537699923443e-05
914.0 6.849521128060587e-05
915.0 1.588486612212614e-10
916.0 1.588486612212614e-10
917.0 1.588486612212614e-10
918.0 1.588486612212614e-10
919.0 1.588486612212614e-10
920.0 1.0699181984819006e-05
921.0 1.588486612212614e-10
922.0 1.588486612212614e-10
923.0 1.588486612212614e-10
924.0 1.588486612212614e-10
925.0 0.00013486131820172886
926.0 0.00034152171792811714
927.0 4.752409097363852e-05
928.0 1.588486612212614e-10
929.0 5.097201594139733e-06
930.0 0.0002566679086157819
931.0 0.00019701456039911136
932.0 0.0001373611667077057
933.0 0.00015301031908165896
934.0 0.00016865949419297976
935.0 2.1590307142105303e-05
936.0 1.588486612212614e-10
937.0 1.588486612212614e-10
938.0 1.588486612212614e-10
939.0 1.588486612212614e-10
940.0 1.588486612212614e-10
941.0 1.588486612212614e-10
942.0 1.588486612212614e-10
943.0 1.588486612212614e-10
944.0 1.588486612212614e-10
945.0 1.588486612212614e-10
946.0 1.588486612212614e-10
947.0 1.588486612212614e-10
948.0 1.588486612212614e-10
949.0 1.588486612212614e-10
950.0 1.588486612212614e-10
951.0 1.588486612212614e-10
952.0 1.588486612212614e-10
953.0 1.588486612212614e-10
954.0 1.588486612212614e-10
955.0 0.0001197636493088794
956.0 0.0002456838501530001
957.0 0.00016610745205980493
958.0 8.653101986055844e-05
959.0 7.930289598334639e-05
960.0 7.207480621218565e-05
961.0 0.0001436710704183497
962.0 0.00021526732325582998
963.0 7.272820994330687e-05
964.0 1.588486612212614e-10
965.0 1.588486612212614e-10
966.0 1.588486612212614e-10
967.0 1.588486612212614e-10
968.0 1.588486612212614e-10
969.0 1.588486612212614e-10
970.0 1.588486612212614e-10
971.0 1.588486612212614e-10
972.0 1.588486612212614e-10
973.0 1.588486612212614e-10
974.0 1.588486612212614e-10
975.0 1.588486612212614e-10
976.0 1.588486612212614e-10
977.0 1.588486612212614e-10
978.0 1.588486612212614e-10
979.0 1.588486612212614e-10
980.0 1.588486612212614e-10
981.0 1.588486612212614e-10
982.0 1.588486612212614e-10
983.0 1.588486612212614e-10
984.0 1.588486612212614e-10
985.0 2.5046540486073354e-05
986.0 0.00019274843907624017
987.0 1.588486612212614e-10
988.0 1.588486612212614e-10
989.0 1.588486612212614e-10
990.0 1.588486612212614e-10
991.0 1.588486612212614e-10
992.0 1.588486612212614e-10
993.0 1.588486612212614e-10
994.0 1.588486612212614e-10
995.0 1.588486612212614e-10
996.0 1.588486612212614e-10
997.0 3.280381122294784e-05
998.0 0.000283608392237511
999.0 0.0002542589982112986
1000.0 0.00022490953597298358
1001.0 0.00013186289606892387
1002.0 3.8816202163616254e-05
1003.0 5.857525593455648e-05
1004.0 7.833435233806085e-05
1005.0 1.588486612212614e-10
1006.0 1.588486612212614e-10
1007.0 4.3434067720227176e-05
1008.0 0.00021140645003470127
1009.0 0.00012177932831036742
1010.0 3.2152107110050565e-05
1011.0 0.00014832047554591554
1012.0 0.0002644888354552677
1013.0 0.0003673545506899245
1014.0 0.0004702203113993164
1015.0 0.0003924931661458686
1016.0 0.00031476604362978833
1017.0 0.00038457005757663865
1018.0 0.0004543742306850618
1019.0 0.0003752092879949487
1020.0 0.00029604423161799787
1021.0 0.00020561635665217182
1022.0 0.00011518843621161068
1023.0 0.0005360787326935679
1024.0 0.0009569691428623628
1025.0 0.0006677246801700676
1026.0 0.0003784801720030373
1027.0 0.0003706198185682297
1028.0 0.0003627594878707896
1029.0 0.0007453307716787094
1030.0 0.0011279021236987319
1031.0 0.0017870874216896482
1032.0 0.0024462722649332136
1033.0 0.002473424501658883
1034.0 0.0025005758288898505
1035.0 0.003106037911493331
1036.0 0.00371149908460211
1037.0 0.0038145099097164348
1038.0 0.003917520007234998
1039.0 0.0032927746360655874
1040.0 0.0026680296286940575
1041.0 0.0022496662495541386
1042.0 0.0018313030523131602
1043.0 0.0026876827178057283
1044.0 0.003544062201399356
1045.0 0.0036082892620470375
1046.0 0.0036725166864925995
1047.0 0.003198868580511771
1048.0 0.0027252202926320024
1049.0 0.0023530474209110253
1050.0 0.0019808743672911078
1051.0 0.0020896441128570586
1052.0 0.0021984144041198306
1053.0 0.0013508224583347328
1054.0 0.0005032304216001648
1055.0 0.000591231901125866
1056.0 0.0006792333806515671
1057.0 0.000570222891838057
1058.0 0.00046121263039822225
1059.0 0.0007076592282828642
1060.0 0.000954106235440122
1061.0 0.001730119765852578
1062.0 0.002506132841517683
1063.0 0.0027122761821374297
1064.0 0.002918419340858236
1065.0 0.003420537177589722
1066.0 0.003922655741916969
1067.0 0.004381249527796172
1068.0 0.004839843313675374
1069.0 0.00414051282859873
1070.0 0.003441181979724206
1071.0 0.003235775147913955
1072.0 0.003030368134204764
1073.0 0.0031318464607466012
1074.0 0.003233324605389498
1075.0 0.003542345075402409
1076.0 0.003851365181617439
1077.0 0.0028065820515621454
1078.0 0.0017617987396079116
1079.0 0.002009252602874767
1080.0 0.002256706284242682
1081.0 0.001371484722767491
1082.0 0.0004862629793933593
1083.0 0.0001244965005753329
1084.0 1.588486612212614e-10
1085.0 0.00036550791264744475
1086.0 0.000968286349234404
1087.0 0.0006058556209609378
1088.0 0.00024342486995010404
1089.0 1.588486612212614e-10
1090.0 1.588486612212614e-10
1091.0 1.588486612212614e-10
1092.0 1.588486612212614e-10
1093.0 1.588486612212614e-10
1094.0 1.588486612212614e-10
1095.0 3.6851947271543395e-06
1096.0 0.00034345912354183383
1097.0 1.588486612212614e-10
1098.0 1.588486612212614e-10
1099.0 1.588486612212614e-10
1100.0 1.588486612212614e-10
