lsstcam/qe_curve/r23_s12/19700101T000000.ecsv
# %ECSV 0.9
# ---
# datatype:
# - {name: amp_name, datatype: string}
# - {name: wavelength, unit: nm, datatype: float32}
# - {name: efficiency, unit: '%', datatype: float32}
# meta: !!omap
# - {MODE: AMP}
# - {TYPE: QE}
# - {CALIBDATE: '1970-01-01T00:00:00'}
# - {INSTRUME: LSSTCAM}
# - {OBSTYPE: qe_curve}
# - {DETECTOR: 104}
# - {PICKLEFILE: RaftRun11852.p}
# - {CALIB_ID: 'raftName=R23 detectorName=S12 detector=104 calibDate=1970-01-01T00:00:00 ccd=104 ccdnum=104 filter=None'}
# - {DATE: '2020-07-23T19:15:59.295729'}
# - {CALIB_CREATION_DATE: '2020-07-23'}
# - {CALIB_CREATION_TIME: '19:15:59'}
# - __serialized_columns__:
#     efficiency:
#       __class__: astropy.units.quantity.Quantity
#       unit: !astropy.units.Unit {unit: '%'}
#       value: !astropy.table.SerializedColumn {name: efficiency}
#     wavelength:
#       __class__: astropy.units.quantity.Quantity
#       unit: !astropy.units.Unit {unit: nm}
#       value: !astropy.table.SerializedColumn {name: wavelength}
# schema: astropy-2.0
amp_name wavelength efficiency
C10 319.994 40.78423
C10 324.969 46.02209
C10 349.982 69.71904
C10 374.975 75.73641
C10 400.019 83.324715
C10 424.965 86.07455
C10 450.035 87.7142
C10 475.003 90.66507
C10 500.018 92.1845
C10 525.002 94.8131
C10 550.029 95.84531
C10 575.023 97.626114
C10 599.982 98.06508
C10 619.997 98.791336
C10 624.979 99.68499
C10 650.012 99.76788
C10 675.004 98.911316
C10 700.03 98.92574
C10 725.012 98.05169
C10 750.022 98.78613
C10 774.987 97.96507
C10 799.976 97.35284
C10 824.988 96.69053
C10 850.022 93.68462
C10 869.967 90.44123
C10 875.002 89.35594
C10 899.999 81.979744
C10 919.999 73.67895
C10 925.012 70.58164
C10 949.965 56.85391
C10 975.002 42.405884
C10 999.976 25.846373
C10 1025.028 11.206839
C10 1050.014 3.8478086
C10 1075.002 2.0906136
C10 1099.99 1.6582996
C00 319.994 40.934193
C00 324.969 46.194233
C00 349.982 70.08426
C00 374.975 76.10068
C00 400.019 83.5506
C00 424.965 86.23495
C00 450.035 87.83737
C00 475.003 90.76866
C00 500.018 92.27905
C00 525.002 94.90547
C00 550.029 95.93575
C00 575.023 97.716835
C00 599.982 98.161644
C00 619.997 98.88517
C00 624.979 99.780556
C00 650.012 99.86842
C00 675.004 99.01233
C00 700.03 99.03298
C00 725.012 98.1666
C00 750.022 98.9033
C00 774.987 98.085556
C00 799.976 97.45792
C00 824.988 96.76633
C00 850.022 93.72568
C00 869.967 90.4112
C00 875.002 89.295265
C00 899.999 81.948456
C00 919.999 73.60256
C00 925.012 70.42111
C00 949.965 56.861397
C00 975.002 42.353504
C00 999.976 25.734247
C00 1025.028 11.132595
C00 1050.014 3.8900526
C00 1075.002 2.0893424
C00 1099.99 1.647853
C13 319.994 40.638206
C13 324.969 45.852104
C13 349.982 69.51451
C13 374.975 75.652466
C13 400.019 83.293915
C13 424.965 86.056496
C13 450.035 87.694084
C13 475.003 90.64386
C13 500.018 92.15968
C13 525.002 94.7815
C13 550.029 95.81639
C13 575.023 97.59162
C13 599.982 98.03591
C13 619.997 98.764626
C13 624.979 99.66159
C13 650.012 99.74994
C13 675.004 98.904144
C13 700.03 98.96357
C13 725.012 98.21362
C13 750.022 99.111694
C13 774.987 98.44486
C13 799.976 97.88794
C13 824.988 97.189865
C13 850.022 94.184685
C13 869.967 90.82318
C13 875.002 89.69864
C13 899.999 82.187035
C13 919.999 73.598625
C13 925.012 70.39639
C13 949.965 56.695354
C13 975.002 42.305687
C13 999.976 25.755026
C13 1025.028 11.139003
C13 1050.014 3.8309321
C13 1075.002 2.0765376
C13 1099.99 1.6505967
C03 319.994 40.566467
C03 324.969 45.773262
C03 349.982 69.55384
C03 374.975 75.74823
C03 400.019 83.18774
C03 424.965 85.84663
C03 450.035 87.41926
C03 475.003 90.32083
C03 500.018 91.80995
C03 525.002 94.412544
C03 550.029 95.43757
C03 575.023 97.20744
C03 599.982 97.651215
C03 619.997 98.37893
C03 624.979 99.27094
C03 650.012 99.36497
C03 675.004 98.52617
C03 700.03 98.59387
C03 725.012 97.85193
C03 750.022 98.75416
C03 774.987 98.08896
C03 799.976 97.522995
C03 824.988 96.81046
C03 850.022 93.84951
C03 869.967 90.425934
C03 875.002 89.22713
C03 899.999 81.57343
C03 919.999 73.41235
C03 925.012 70.28053
C03 949.965 56.403294
C03 975.002 41.765594
C03 999.976 25.344858
C03 1025.028 10.898571
C03 1050.014 3.829252
C03 1075.002 2.0917306
C03 1099.99 1.6442484
C17 319.994 40.431606
C17 324.969 45.616795
C17 349.982 69.32618
C17 374.975 75.63661
C17 400.019 83.26762
C17 424.965 86.00401
C17 450.035 87.617226
C17 475.003 90.54412
C17 500.018 92.052864
C17 525.002 94.67354
C17 550.029 95.705864
C17 575.023 97.491745
C17 599.982 97.941444
C17 619.997 98.67449
C17 624.979 99.570175
C17 650.012 99.66471
C17 675.004 98.82986
C17 700.03 98.91554
C17 725.012 98.21507
C17 750.022 99.16621
C17 774.987 98.54403
C17 799.976 97.99632
C17 824.988 97.278404
C17 850.022 94.3326
C17 869.967 90.90285
C17 875.002 89.72278
C17 899.999 82.02617
C17 919.999 73.56991
C17 925.012 70.4627
C17 949.965 56.57328
C17 975.002 42.053814
C17 999.976 25.629547
C17 1025.028 11.110814
C17 1050.014 3.937383
C17 1075.002 2.125714
C17 1099.99 1.6610936
C04 319.994 40.60992
C04 324.969 45.82268
C04 349.982 69.698204
C04 374.975 75.9719
C04 400.019 83.385376
C04 424.965 86.02181
C04 450.035 87.57817
C04 475.003 90.47149
C04 500.018 91.95667
C04 525.002 94.563675
C04 550.029 95.58549
C04 575.023 97.36311
C04 599.982 97.80942
C04 619.997 98.5409
C04 624.979 99.43846
C04 650.012 99.5334
C04 675.004 98.69703
C04 700.03 98.78126
C04 725.012 98.08695
C04 750.022 99.04318
C04 774.987 98.430084
C04 799.976 97.8847
C04 824.988 97.16094
C04 850.022 94.20233
C04 869.967 90.80398
C04 875.002 89.610756
C04 899.999 81.803535
C04 919.999 73.5286
C04 925.012 70.417465
C04 949.965 56.54744
C04 975.002 41.90617
C04 999.976 25.400686
C04 1025.028 10.941846
C04 1050.014 3.8490884
C04 1075.002 2.1052592
C04 1099.99 1.6486237
C01 319.994 40.90396
C01 324.969 46.154835
C01 349.982 69.98008
C01 374.975 76.0005
C01 400.019 83.42488
C01 424.965 86.09741
C01 450.035 87.69391
C01 475.003 90.61308
C01 500.018 92.11148
C01 525.002 94.72318
C01 550.029 95.74395
C01 575.023 97.516045
C01 599.982 97.950264
C01 619.997 98.67532
C01 624.979 99.56622
C01 650.012 99.65188
C01 675.004 98.798485
C01 700.03 98.82895
C01 725.012 97.99863
C01 750.022 98.78346
C01 774.987 98.00624
C01 799.976 97.39534
C01 824.988 96.70089
C01 850.022 93.6671
C01 869.967 90.26786
C01 875.002 89.13173
C01 899.999 81.79033
C01 919.999 73.429375
C01 925.012 70.24746
C01 949.965 56.54912
C01 975.002 42.060814
C01 999.976 25.510687
C01 1025.028 10.975493
C01 1050.014 3.832201
C01 1075.002 2.0764363
C01 1099.99 1.6380398
C14 319.994 40.586765
C14 324.969 45.79436
C14 349.982 69.48235
C14 374.975 75.64794
C14 400.019 83.23041
C14 424.965 85.96078
C14 450.035 87.578415
C14 475.003 90.51036
C14 500.018 92.02083
C14 525.002 94.63753
C14 550.029 95.66729
C14 575.023 97.447235
C14 599.982 97.89536
C14 619.997 98.62111
C14 624.979 99.515015
C14 650.012 99.60708
C14 675.004 98.76756
C14 700.03 98.845276
C14 725.012 98.13662
C14 750.022 99.08898
C14 774.987 98.476326
C14 799.976 97.93509
C14 824.988 97.225914
C14 850.022 94.23744
C14 869.967 90.84709
C14 875.002 89.701294
C14 899.999 82.10386
C14 919.999 73.51394
C14 925.012 70.30883
C14 949.965 56.634266
C14 975.002 42.24198
C14 999.976 25.731012
C14 1025.028 11.12789
C14 1050.014 3.8457322
C14 1075.002 2.0789206
C14 1099.99 1.6500196
C07 319.994 40.456284
C07 324.969 45.648396
C07 349.982 69.57252
C07 374.975 76.00702
C07 400.019 83.40984
C07 424.965 86.013
C07 450.035 87.545074
C07 475.003 90.422104
C07 500.018 91.89703
C07 525.002 94.492966
C07 550.029 95.5182
C07 575.023 97.29548
C07 599.982 97.747116
C07 619.997 98.48107
C07 624.979 99.37304
C07 650.012 99.47558
C07 675.004 98.6514
C07 700.03 98.74397
C07 725.012 98.05201
C07 750.022 99.004585
C07 774.987 98.376686
C07 799.976 97.81692
C07 824.988 97.059746
C07 850.022 94.056564
C07 869.967 90.6923
C07 875.002 89.522865
C07 899.999 81.53581
C07 919.999 73.17268
C07 925.012 70.05312
C07 949.965 56.183506
C07 975.002 41.52858
C07 999.976 25.17166
C07 1025.028 10.888967
C07 1050.014 3.8712246
C07 1075.002 2.1284802
C07 1099.99 1.6536791
C05 319.994 40.557343
C05 324.969 45.761112
C05 349.982 69.65767
C05 374.975 75.98942
C05 400.019 83.37797
C05 424.965 85.99248
C05 450.035 87.534966
C05 475.003 90.42051
C05 500.018 91.899605
C05 525.002 94.49974
C05 550.029 95.52301
C05 575.023 97.29685
C05 599.982 97.74833
C05 619.997 98.47706
C05 624.979 99.372536
C05 650.012 99.47429
C05 675.004 98.64675
C05 700.03 98.743256
C05 725.012 98.0761
C05 750.022 99.07035
C05 774.987 98.495514
C05 799.976 97.96309
C05 824.988 97.22405
C05 850.022 94.26029
C05 869.967 90.90072
C05 875.002 89.71026
C05 899.999 81.77457
C05 919.999 73.4415
C05 925.012 70.323364
C05 949.965 56.538258
C05 975.002 41.8563
C05 999.976 25.346903
C05 1025.028 10.922177
C05 1050.014 3.856803
C05 1075.002 2.1209471
C05 1099.99 1.6512898
C02 319.994 40.88582
C02 324.969 46.134453
C02 349.982 70.02547
C02 374.975 76.137634
C02 400.019 83.55166
C02 424.965 86.20933
C02 450.035 87.78584
C02 475.003 90.70022
C02 500.018 92.19508
C02 525.002 94.80747
C02 550.029 95.83196
C02 575.023 97.60768
C02 599.982 98.04442
C02 619.997 98.771484
C02 624.979 99.66776
C02 650.012 99.75699
C02 675.004 98.90789
C02 700.03 98.954506
C02 725.012 98.1658
C02 750.022 99.009415
C02 774.987 98.28895
C02 799.976 97.69517
C02 824.988 96.98909
C02 850.022 93.99246
C02 869.967 90.5357
C02 875.002 89.35457
C02 899.999 81.845
C02 919.999 73.626465
C02 925.012 70.46065
C02 949.965 56.50204
C02 975.002 42.00356
C02 999.976 25.464363
C02 1025.028 10.948378
C02 1050.014 3.8339741
C02 1075.002 2.0859027
C02 1099.99 1.645383
C12 319.994 40.839115
C12 324.969 46.074905
C12 349.982 69.7795
C12 374.975 75.8213
C12 400.019 83.40346
C12 424.965 86.148186
C12 450.035 87.784676
C12 475.003 90.73069
C12 500.018 92.24586
C12 525.002 94.867386
C12 550.029 95.89699
C12 575.023 97.67242
C12 599.982 98.11037
C12 619.997 98.833
C12 624.979 99.727295
C12 650.012 99.81233
C12 675.004 98.95898
C12 700.03 98.998474
C12 725.012 98.20405
C12 750.022 99.040565
C12 774.987 98.31797
C12 799.976 97.73949
C12 824.988 97.05428
C12 850.022 94.033005
C12 869.967 90.73451
C12 875.002 89.626564
C12 899.999 82.15461
C12 919.999 73.58752
C12 925.012 70.40032
C12 949.965 56.776154
C12 975.002 42.389423
C12 999.976 25.799116
C12 1025.028 11.148049
C12 1050.014 3.814288
C12 1075.002 2.0727797
C12 1099.99 1.6510402
C11 319.994 40.88474
C11 324.969 46.12653
C11 349.982 69.7954
C11 374.975 75.7967
C11 400.019 83.396835
C11 424.965 86.15492
C11 450.035 87.80226
C11 475.003 90.75253
C11 500.018 92.27015
C11 525.002 94.89289
C11 550.029 95.91964
C11 575.023 97.69276
C11 599.982 98.12606
C11 619.997 98.84746
C11 624.979 99.743484
C11 650.012 99.823814
C11 675.004 98.96296
C11 700.03 98.98937
C11 725.012 98.14762
C11 750.022 98.92931
C11 774.987 98.15373
C11 799.976 97.55727
C11 824.988 96.87928
C11 850.022 93.87115
C11 869.967 90.609146
C11 875.002 89.51299
C11 899.999 82.05604
C11 919.999 73.625206
C11 925.012 70.47458
C11 949.965 56.82305
C11 975.002 42.392975
C11 999.976 25.799486
C11 1025.028 11.142146
C11 1050.014 3.8033416
C11 1075.002 2.073415
C11 1099.99 1.6517249
C15 319.994 40.54783
C15 324.969 45.749195
C15 349.982 69.45666
C15 374.975 75.65085
C15 400.019 83.200874
C15 424.965 85.91168
C15 450.035 87.519806
C15 475.003 90.44353
C15 500.018 91.94799
C15 525.002 94.56183
C15 550.029 95.591606
C15 575.023 97.37094
C15 599.982 97.81401
C15 619.997 98.543655
C15 624.979 99.43787
C15 650.012 99.53014
C15 675.004 98.69471
C15 700.03 98.78451
C15 725.012 98.11091
C15 750.022 99.099785
C15 774.987 98.52692
C15 799.976 97.99701
C15 824.988 97.27614
C15 850.022 94.30719
C15 869.967 90.890205
C15 875.002 89.72433
C15 899.999 82.06278
C15 919.999 73.52313
C15 925.012 70.34374
C15 949.965 56.617596
C15 975.002 42.147488
C15 999.976 25.648184
C15 1025.028 11.074703
C15 1050.014 3.863108
C15 1075.002 2.0899708
C15 1099.99 1.6496823
C16 319.994 40.49637
C16 324.969 45.6917
C16 349.982 69.39634
C16 374.975 75.65075
C16 400.019 83.25988
C16 424.965 85.990555
C16 450.035 87.60765
C16 475.003 90.53389
C16 500.018 92.04101
C16 525.002 94.66327
C16 550.029 95.695274
C16 575.023 97.47349
C16 599.982 97.926735
C16 619.997 98.65434
C16 624.979 99.55178
C16 650.012 99.643814
C16 675.004 98.81354
C16 700.03 98.90635
C16 725.012 98.236275
C16 750.022 99.23496
C16 774.987 98.6629
C16 799.976 98.130936
C16 824.988 97.406136
C16 850.022 94.45558
C16 869.967 91.003395
C16 875.002 89.82295
C16 899.999 82.11938
C16 919.999 73.650116
C16 925.012 70.49017
C16 949.965 56.631268
C16 975.002 42.127697
C16 999.976 25.637169
C16 1025.028 11.066238
C16 1050.014 3.89138
C16 1075.002 2.108992
C16 1099.99 1.659194
C06 319.994 40.42198
C06 324.969 45.609074
C06 349.982 69.467575
C06 374.975 75.8459
C06 400.019 83.241516
C06 424.965 85.85159
C06 450.035 87.39328
C06 475.003 90.2665
C06 500.018 91.74438
C06 525.002 94.3369
C06 550.029 95.36046
C06 575.023 97.1318
C06 599.982 97.58065
C06 619.997 98.314354
C06 624.979 99.20875
C06 650.012 99.30984
C06 675.004 98.48358
C06 700.03 98.588646
C06 725.012 97.92904
C06 750.022 98.92919
C06 774.987 98.35221
C06 799.976 97.81633
C06 824.988 97.05955
C06 850.022 94.09353
C06 869.967 90.74419
C06 875.002 89.54542
C06 899.999 81.52283
C06 919.999 73.18186
C06 925.012 70.14264
C06 949.965 56.3817
C06 975.002 41.68736
C06 999.976 25.205898
C06 1025.028 10.853689
C06 1050.014 3.8579578
C06 1075.002 2.1235905
C06 1099.99 1.6515449
