lsstCam/transmission_filter_detector/r33_s20/y_10/19700101T000000.ecsv
# %ECSV 1.0
# ---
# datatype:
# - {name: wavelength, unit: nm, datatype: float32}
# - {name: efficiency, unit: '%', datatype: float64}
# meta: !!omap
# - {MODE: DETECTOR}
# - {TYPE: transmission_filter_detector}
# - {CALIBDATE: '1970-01-01T00:00:00'}
# - {INSTRUME: LSSTCam}
# - {OBSTYPE: transmission_filter_detector}
# - {CALIBCLS: lsst.ip.isr.IntermediateFilterDetectorTransmissionCurve}
# - {SOURCE: Materion (DM-46256)}
# - {DETECTOR: 150}
# - {FILTER: y_10}
# - {CALIB_ID: 'calibDate=1970-01-01T00:00:00 filter=y_10 detector=150'}
# - {DATE: '2025-04-02T15:59:51.438688'}
# - {CALIB_CREATION_DATE: '2025-04-02'}
# - {CALIB_CREATION_TIME: '15:59:51'}
# - __serialized_columns__:
#     efficiency:
#       __class__: astropy.units.quantity.Quantity
#       unit: !astropy.units.Unit {unit: '%'}
#       value: !astropy.table.SerializedColumn {name: efficiency}
#     wavelength:
#       __class__: astropy.units.quantity.Quantity
#       unit: !astropy.units.Unit {unit: nm}
#       value: !astropy.table.SerializedColumn {name: wavelength}
# schema: astropy-2.0
wavelength efficiency
[from data line 576]
876.0 0.0028876278520328924
877.0 0.0024814797143335454
878.0 0.0020753317585331388
879.0 0.0016738669728511013
880.0 0.06830883212387562
881.0 0.10304879397153854
882.0 0.05668244557455182
883.0 0.10093107121065259
884.0 0.0631387229077518
885.0 0.08473798516206443
886.0 0.059514911845326424
887.0 0.09731272584758699
888.0 0.07247139583341777
889.0 0.11669984087347984
890.0 0.07246574386954308
891.0 0.0997464987449348
892.0 0.06726060528308153
893.0 0.11549100745469332
894.0 0.0720372365321964
895.0 0.11749401455745101
896.0 0.08178220014087856
897.0 0.13280825223773718
898.0 0.08293979335576296
899.0 0.14077420346438885
900.0 0.0986435217782855
901.0 0.14044883428141475
902.0 0.1446857233531773
903.0 0.17527355812489986
904.0 0.20704662892967463
905.0 0.25652479380369186
906.0 0.31209709122776985
907.0 0.38133400958031416
908.0 0.5200126208364964
909.0 0.711412588134408
910.0 1.0132884606719017
911.0 1.415445376187563
912.0 2.108289487659931
913.0 3.1147275120019913
914.0 4.371538385748863
915.0 6.180250644683838
916.0 8.355443924665451
917.0 10.759282857179642
918.0 13.500192761421204
919.0 16.12042635679245
920.0 19.591940939426422
921.0 23.19817692041397
922.0 26.773464679718018
923.0 31.074410676956177
924.0 35.74102818965912
925.0 40.98154008388519
926.0 47.24307060241699
927.0 53.98501753807068
928.0 59.97475981712341
929.0 66.42256379127502
930.0 72.07804322242737
931.0 77.6705265045166
932.0 82.78351426124573
933.0 87.10448741912842
934.0 90.22931456565857
935.0 92.49133467674255
936.0 94.17102932929993
937.0 95.33082842826843
938.0 96.1094617843628
939.0 96.49422764778137
940.0 96.77459597587585
941.0 96.95043563842773
942.0 97.12026119232178
943.0 97.23417162895203
944.0 97.47283458709717
945.0 97.42923378944397
946.0 97.50524163246155
947.0 97.44020700454712
948.0 97.57452011108398
949.0 97.50552177429199
950.0 97.61615991592407
951.0 97.6983904838562
952.0 97.76363372802734
953.0 97.96857237815857
954.0 98.00841808319092
955.0 98.10830950737
956.0 98.3060896396637
957.0 98.52316379547119
958.0 98.64351153373718
959.0 98.66140484809875
960.0 98.81864786148071
961.0 98.86531233787537
962.0 98.90939593315125
963.0 98.92590641975403
964.0 98.97497296333313
965.0 98.97480010986328
966.0 99.06121492385864
967.0 99.09084439277649
968.0 99.11039471626282
969.0 99.09871816635132
970.0 99.1689682006836
971.0 99.19286370277405
972.0 99.25392866134644
973.0 99.35303330421448
974.0 99.34567213058472
975.0 99.3126392364502
976.0 99.37041997909546
977.0 99.33243989944458
978.0 99.38391447067261
979.0 99.31374192237854
980.0 99.28464889526367
981.0 99.18683767318726
982.0 99.13911819458008
983.0 99.1476833820343
984.0 99.1211473941803
985.0 99.12105202674866
986.0 99.01275634765625
987.0 99.09557700157166
988.0 98.99185299873352
989.0 98.95738959312439
990.0 98.95100593566895
991.0 98.94108772277832
992.0 99.05521273612976
993.0 98.98168444633484
994.0 98.97056221961975
995.0 99.02547001838684
996.0 99.00665283203125
997.0 99.15481805801392
998.0 99.17440414428711
999.0 99.1887092590332
1000.0 99.23713803291321
1001.0 99.18673634529114
1002.0 99.30647611618042
1003.0 99.3303894996643
1004.0 99.38795566558838
1005.0 99.29344058036804
1006.0 99.42151308059692
1007.0 99.4124174118042
1008.0 99.35439229011536
1009.0 99.27314519882202
1010.0 99.40112233161926
1011.0 99.37191009521484
1012.0 99.28274154663086
1013.0 99.27675724029541
1014.0 99.2287814617157
1015.0 99.19233322143555
1016.0 99.1887629032135
1017.0 99.26528334617615
1018.0 99.272221326828
1019.0 99.18956756591797
1020.0 99.24255609512329
1021.0 99.39653873443604
1022.0 99.24333095550537
1023.0 99.3040144443512
1024.0 99.30258393287659
1025.0 99.28860664367676
1026.0 99.34365749359131
1027.0 99.4637131690979
1028.0 99.3415355682373
1029.0 99.46281909942627
1030.0 99.51744079589844
1031.0 99.45322275161743
1032.0 99.49291348457336
1033.0 99.45592284202576
1034.0 99.49803948402405
1035.0 99.47503209114075
1036.0 99.40145015716553
1037.0 99.47445392608643
1038.0 99.38971400260925
1039.0 99.32759404182434
1040.0 99.25850033760071
1041.0 99.37605261802673
1042.0 99.34773445129395
1043.0 99.35106039047241
1044.0 99.36646223068237
1045.0 99.10053014755249
1046.0 99.27325248718262
1047.0 99.2177426815033
1048.0 99.26689863204956
1049.0 99.16833639144897
1050.0 99.1560161113739
1051.0 99.11875128746033
1052.0 99.2228627204895
1053.0 98.96665215492249
1054.0 99.2773711681366
1055.0 99.35472011566162
1056.0 99.13370013237
1057.0 99.28454756736755
1058.0 99.11007285118103
1059.0 99.11652207374573
1060.0 99.31676387786865
1061.0 99.20655488967896
1062.0 99.16855096817017
1063.0 99.05783534049988
1064.0 99.2590606212616
1065.0 99.19072389602661
1066.0 99.21145439147949
1067.0 99.26465153694153
1068.0 99.1731345653534
1069.0 99.02334213256836
1070.0 99.45127964019775
1071.0 99.14841651916504
1072.0 99.26471710205078
1073.0 99.36296939849854
1074.0 98.9246666431427
1075.0 99.0483283996582
1076.0 98.74618649482727
1077.0 99.19478297233582
1078.0 99.19826984405518
1079.0 98.9694893360138
1080.0 99.58019256591797
1081.0 98.90159964561462
1082.0 99.00481104850769
1083.0 98.8918125629425
1084.0 99.36797618865967
1085.0 99.12959337234497
1086.0 99.01867508888245
1087.0 99.24911260604858
1088.0 98.73256087303162
1089.0 98.78194332122803
1090.0 99.06762838363647
1091.0 98.8965094089508
1092.0 98.8938570022583
1093.0 98.70811104774475
1094.0 98.744136095047
1095.0 98.66828322410583
1096.0 98.61798286437988
1097.0 98.46932291984558
1098.0 98.11599254608154
1099.0 98.84287714958191
1100.0 98.29307794570923
