lsstCam/transmission_filter_detector/r33_s20/y_10/19700101T000000.ecsv
# %ECSV 1.0
# ---
# datatype:
# - {name: wavelength, unit: nm, datatype: float32}
# - {name: efficiency, unit: '%', datatype: float64}
# meta: !!omap
# - {MODE: DETECTOR}
# - {TYPE: transmission_filter_detector}
# - {CALIBDATE: '1970-01-01T00:00:00'}
# - {INSTRUME: LSSTCam}
# - {OBSTYPE: transmission_filter_detector}
# - {CALIBCLS: lsst.ip.isr.IntermediateFilterDetectorTransmissionCurve}
# - {SOURCE: Materion (DM-46256)}
# - {DETECTOR: 150}
# - {FILTER: y_10}
# - {CALIB_ID: 'calibDate=1970-01-01T00:00:00 filter=y_10 detector=150'}
# - {DATE: '2025-04-02T15:59:51.438688'}
# - {CALIB_CREATION_DATE: '2025-04-02'}
# - {CALIB_CREATION_TIME: '15:59:51'}
# - __serialized_columns__:
#     efficiency:
#       __class__: astropy.units.quantity.Quantity
#       unit: !astropy.units.Unit {unit: '%'}
#       value: !astropy.table.SerializedColumn {name: efficiency}
#     wavelength:
#       __class__: astropy.units.quantity.Quantity
#       unit: !astropy.units.Unit {unit: nm}
#       value: !astropy.table.SerializedColumn {name: wavelength}
# schema: astropy-2.0
wavelength efficiency
300.0 0.020284448692109436
301.0 0.019873511337209493
302.0 0.01946256961673498
303.0 0.015072243695612997
304.0 0.010681914864107966
305.0 0.009948087972588837
306.0 0.009214258170686662
307.0 0.007413242565235123
308.0 0.005612228414975107
309.0 0.006481351738329977
310.0 0.007350475789280608
311.0 0.004530513979261741
312.0 0.0017105525330407545
313.0 0.005340975258150138
314.0 0.008971398347057402
315.0 0.006353890057653189
316.0 0.0037363814044510946
317.0 0.005017668809159659
318.0 0.006298958032857627
319.0 0.0031681200198363513
320.0 3.728257240709354e-05
321.0 0.0010234421097266022
322.0 0.002009601848840248
323.0 0.002738447619776707
324.0 0.003467293208814226
325.0 0.003299179661553353
326.0 0.0031310664780903608
327.0 0.0029095755962771364
328.0 0.002688085260160733
329.0 0.0033111256925622
330.0 0.003934166306862608
331.0 0.003418868436710909
332.0 0.0029035707484581508
333.0 0.002724904152273666
334.0 0.0025462370103923604
335.0 0.0021335581550374627
336.0 0.001720879299682565
337.0 0.001872833126981277
338.0 0.0020247871361789294
339.0 0.0015033573617984075
340.0 0.0009819274964684155
341.0 0.0011998825357295573
342.0 0.0014178374840412289
343.0 0.0014130213457974605
344.0 0.0014082052985031623
345.0 0.0012012312254228164
346.0 0.0009942572432919405
347.0 0.0011687698133755475
348.0 0.0013432823834591545
349.0 0.0011633186659310013
350.0 0.000983354948402848
351.0 0.0011468820048321504
352.0 0.0013104090612614527
353.0 0.0012332736332609784
354.0 0.0011561381143110339
355.0 0.0015382693163701333
356.0 0.001920400609378703
357.0 0.0016451695046271197
358.0 0.001369938581774477
359.0 0.0011180432920809835
360.0 0.0008661480023874901
361.0 0.0009333477464679163
362.0 0.0010005476724472828
363.0 0.0009197756298817694
364.0 0.000839003587316256
365.0 0.0012231402251927648
366.0 0.0016072768630692735
367.0 0.0017028212823788635
368.0 0.0017983655197895132
369.0 0.0016535941540496424
370.0 0.0015088227883097716
371.0 0.0013884947293263394
372.0 0.0012681668522418477
373.0 0.0016030648112064227
374.0 0.0019379627701709978
375.0 0.0029292503313627094
376.0 0.003920538074453361
377.0 0.0042284296796424314
378.0 0.0045363212848315015
379.0 0.0041661834984552115
380.0 0.003796046439674683
381.0 0.0029697062927880324
382.0 0.0021433663278003223
383.0 0.001541108031233307
384.0 0.0009388497346662916
385.0 0.0008729633009352256
386.0 0.0008070767762546893
387.0 0.0006582332389371004
388.0 0.0005093897470942466
389.0 0.0005524626430997159
390.0 0.0005955355845799204
391.0 0.0006508058504550718
392.0 0.000706076025380753
393.0 0.0007026816092547961
394.0 0.000699287102179369
395.0 0.0007238456419145223
396.0 0.0007484040452254703
397.0 0.0007539442322013201
398.0 0.0007594842372782296
399.0 0.000914988686417928
400.0 0.001070492999133421
401.0 0.0013891058188164607
402.0 0.0017077187294489704
403.0 0.001831389636208769
404.0 0.0019550605429685675
405.0 0.0019086128304479644
406.0 0.001862164936028421
407.0 0.00170469193108147
408.0 0.001547218744235579
409.0 0.0013471258171193767
410.0 0.0011470329809526447
411.0 0.0009549668902764097
412.0 0.0007629008905496448
413.0 0.0006794810360588599
414.0 0.0005960612270428101
415.0 0.00041500284169160295
416.0 0.00023394411527988268
417.0 1.5979801032753316e-10
418.0 1.5979801032753316e-10
419.0 1.5979801032753316e-10
420.0 1.5979801032753316e-10
421.0 1.5979801032753316e-10
422.0 1.5979801032753316e-10
423.0 5.6944077186926734e-05
424.0 0.00014323950381367467
425.0 1.5979801032753316e-10
426.0 1.5979801032753316e-10
427.0 1.5979801032753316e-10
428.0 0.00022104654817667324
429.0 1.5979801032753316e-10
430.0 1.5979801032753316e-10
431.0 5.214063136804725e-06
432.0 0.00027835335458803456
433.0 0.00012641231705856626
434.0 1.5979801032753316e-10
435.0 0.00017350114376313286
436.0 0.0003725309852598002
437.0 9.716949307403411e-05
438.0 1.5979801032753316e-10
439.0 0.0004097491910215467
440.0 0.0009976903129427228
441.0 0.0006068963557481766
442.0 0.00021610235307889525
443.0 0.00044468265514296945
444.0 0.0006732629572070437
445.0 0.000372242834600911
446.0 7.122260967662442e-05
447.0 0.00047553962758684065
448.0 0.0008798568160273135
449.0 0.0005032306034991052
450.0 0.0001266042431780079
451.0 0.000268472626885341
452.0 0.00041034109017346054
453.0 0.00027202227101952303
454.0 0.00013370328133532894
455.0 0.0004217392415739596
456.0 0.000709775213181274
457.0 0.0001710405513222213
458.0 1.5979801032753316e-10
459.0 1.5979801032753316e-10
460.0 1.5979801032753316e-10
461.0 2.3049462072322058e-05
462.0 0.00019731551219592802
463.0 0.00022677638753521023
464.0 0.0002562372401371249
465.0 0.0004905571586277802
466.0 0.0007248772362800082
467.0 0.000995352729660226
468.0 0.0012658283594646491
469.0 0.0014342653230414726
470.0 0.0016027024685172364
471.0 0.001772891300788615
472.0 0.0019430801330599934
473.0 0.002121094803442247
474.0 0.002299109473824501
475.0 0.0024362616386497393
476.0 0.0025734138034749776
477.0 0.002661257894942537
478.0 0.0027491021683090366
479.0 0.0034462951589375734
480.0 0.004143488695262931
481.0 0.004469629129744135
482.0 0.004795769564225338
483.0 0.004503270247369073
484.0 0.0042107705667149276
485.0 0.004031098069390282
486.0 0.0038514259358635172
487.0 0.0033338830689899623
488.0 0.002816340384015348
489.0 0.0028151258447906002
490.0 0.0028139111236669123
491.0 0.0022918364265933633
492.0 0.001769762093317695
493.0 0.0016716652680770494
494.0 0.0015735678971395828
495.0 0.0016029422113206238
496.0 0.0016323165255016647
497.0 0.001578671799506992
498.0 0.0015250268916133791
499.0 0.002039875107584521
500.0 0.0025547233235556632
501.0 0.0025601724701118656
502.0 0.0025656219804659486
503.0 0.002920085535151884
504.0 0.0032745490898378193
505.0 0.002626008426886983
506.0 0.0019774675820372067
507.0 0.001955596962943673
508.0 0.0019337263438501395
509.0 0.0019581955712055787
510.0 0.001982664798561018
511.0 0.002136482908099424
512.0 0.0022903010176378302
513.0 0.0021435997041407973
514.0 0.0019968983906437643
515.0 0.0018073287719744258
516.0 0.0016177589714061469
517.0 0.0014870931408950128
518.0 0.001356426946585998
519.0 0.0012866016732004937
520.0 0.0012167765817139298
521.0 0.0012910491932416335
522.0 0.0013653218957188074
523.0 0.0016162010069820099
524.0 0.0018670798453968018
525.0 0.00210838425118709
526.0 0.002349688838876318
527.0 0.002175689769501332
528.0 0.002001690518227406
529.0 0.0022401132810045965
530.0 0.0024785356799839064
531.0 0.002178355680371169
532.0 0.001878175862657372
533.0 0.0019617695215856656
534.0 0.00204536354431184
535.0 0.0018729089788394049
536.0 0.0017004542314680293
537.0 0.0018676946638152003
538.0 0.002034935459960252
539.0 0.002478225178492721
540.0 0.00292151471512625
541.0 0.0035787077649729326
542.0 0.004235901360516436
543.0 0.004503913805820048
544.0 0.00477192661492154
545.0 0.004899139094050042
546.0 0.005026351209380664
547.0 0.0045861626858823
548.0 0.004145974162383936
549.0 0.003392778671695851
550.0 0.0026395831810077652
551.0 0.0023800934286555275
552.0 0.00212060367630329
553.0 0.0022065858502173796
554.0 0.0022925682060304098
555.0 0.0030439841793850064
556.0 0.0037954003346385434
557.0 0.004110430018045008
558.0 0.004425459337653592
559.0 0.004056090983795002
560.0 0.0036867219023406506
561.0 0.0036454533983487636
562.0 0.0036041848943568766
563.0 0.0033306201657978818
564.0 0.0030570550734410062
565.0 0.0031899693567538634
566.0 0.00332288327626884
567.0 0.0039018941606627777
568.0 0.004480905045056716
569.0 0.00475972265121527
570.0 0.005038540621171705
571.0 0.005619890725938603
572.0 0.006201241194503382
573.0 0.0063059320382308215
574.0 0.0064106236095540226
575.0 0.0063842446252238005
576.0 0.0063578656408935785
577.0 0.0060800168284913525
578.0 0.0058021680160891265
579.0 0.005592488378169946
580.0 0.005382808740250766
581.0 0.006019098509568721
582.0 0.006655388278886676
583.0 0.007861475023673847
584.0 0.00906756249605678
585.0 0.009775009675649926
586.0 0.010482459038030356
587.0 0.01060588110703975
588.0 0.010729305358836427
589.0 0.0104445411125198
590.0 0.010159778321394697
591.0 0.009710449376143515
592.0 0.009261119703296572
593.0 0.008059410174610093
594.0 0.0068577006459236145
595.0 0.006000740177114494
596.0 0.005143780435901135
597.0 0.005478930688695982
598.0 0.005814080941490829
599.0 0.006681177910650149
600.0 0.0075482741522137076
601.0 0.00878394057508558
602.0 0.01001960554276593
603.0 0.010431302507640794
604.0 0.010843001655302942
605.0 0.010681964340619743
606.0 0.010520927025936544
607.0 0.009705348929855973
608.0 0.008889771561371163
609.0 0.007539540820289403
610.0 0.006189310079207644
611.0 0.0049883681640494615
612.0 0.003787427704082802
613.0 0.003564104554243386
614.0 0.0033407814044039696
615.0 0.004079555219504982
616.0 0.004818329034605995
617.0 0.006233141903067008
618.0 0.007647953316336498
619.0 0.00899791411939077
620.0 0.010347872012061998
621.0 0.010779534932225943
622.0 0.011211196397198364
623.0 0.011381838703528047
624.0 0.011552478827070445
625.0 0.01087584751076065
626.0 0.010199216194450855
627.0 0.008608427742728963
628.0 0.007017640018602833
629.0 0.005628067447105423
630.0 0.004238494875608012
631.0 0.003517539516906254
632.0 0.002796583794406615
633.0 0.0025834651751210913
634.0 0.0023703465558355674
635.0 0.0026625715690897778
636.0 0.002954796946141869
637.0 0.0034179094654973596
638.0 0.0038810219848528504
639.0 0.0046727996959816664
640.0 0.0054645774071104825
641.0 0.005418179716798477
642.0 0.005371782026486471
643.0 0.005590639193542302
644.0 0.005809495996800251
645.0 0.0051591687224572524
646.0 0.004508841448114254
647.0 0.003979871689807624
648.0 0.0034509019315009937
649.0 0.0027048690753872506
650.0 0.001958835855475627
651.0 0.0018528709915699437
652.0 0.0017469059457653202
653.0 0.0015927884305710904
654.0 0.0014386707334779203
655.0 0.0014250022104533855
656.0 0.0014113337783783209
657.0 0.001600728319317568
658.0 0.0017901229512062855
659.0 0.0017452090105507523
660.0 0.001700295069895219
661.0 0.0015903620806057006
662.0 0.0014804291822656523
663.0 0.001603654345672112
664.0 0.001726879236230161
665.0 0.0024752573153818958
666.0 0.003223635576432571
667.0 0.0037199733924353495
668.0 0.004216311208438128
669.0 0.005213843542151153
670.0 0.006211376603459939
671.0 0.00688750296831131
672.0 0.007563628605566919
673.0 0.007748050120426342
674.0 0.007932471635285765
675.0 0.007507151894969866
676.0 0.007081832882249728
677.0 0.006199308700161055
678.0 0.005316784154274501
679.0 0.004115018236916512
680.0 0.0029132523195585236
681.0 0.0017307955204159953
682.0 0.0005483391760208178
683.0 0.0005142300778970821
684.0 0.0004801211161975516
685.0 0.00019471426639938727
686.0 1.5979801032753316e-10
687.0 4.39149886233281e-05
688.0 0.0001785224640116212
689.0 0.00031374038371723145
690.0 0.00044895828068547416
691.0 0.0003656150511233136
692.0 0.0002822716851369478
693.0 0.0003560478717190563
694.0 0.0004298240128264297
695.0 0.00028656093036261154
696.0 0.00014329793884826358
697.0 0.0001827624032557651
698.0 0.0002222268676632666
699.0 0.00025600888875487726
700.0 0.000289790955321223
701.0 0.00025687356810522033
702.0 0.00022395604446501238
703.0 0.00020666193449869752
704.0 0.00018936781316369888
705.0 0.00014985332654759986
706.0 0.0001103388171941333
707.0 0.0002936517603302491
708.0 0.00047696471483504865
709.0 0.0004508026904659346
710.0 0.0004246407115715556
711.0 0.0004047963557241019
712.0 0.000384951908927178
713.0 0.0003591054110074765
714.0 0.0003332588221383048
715.0 0.00029260108931339346
716.0 0.0002519431973269093
717.0 0.00015264369039869052
718.0 5.3343990202847635e-05
719.0 1.5979801032753316e-10
720.0 1.5979801032753316e-10
721.0 0.00012219048812767141
722.0 0.00037158438317419495
723.0 0.0003874395588354673
724.0 0.0004032947799714748
725.0 0.0005911603238928365
726.0 0.0007790259587636683
727.0 0.0003224874035367975
728.0 1.5979801032753316e-10
729.0 1.5979801032753316e-10
730.0 8.217415938815975e-05
731.0 8.167475584741624e-05
732.0 8.117520451378368e-05
733.0 0.00022831386559118982
734.0 0.0003754528052013484
735.0 0.00030052560759941116
736.0 0.00022559850094694411
737.0 9.437750350116403e-05
738.0 1.5979801032753316e-10
739.0 1.5979801032753316e-10
740.0 1.5979801032753316e-10
741.0 0.00010483595360710751
742.0 0.0002769625098153483
743.0 0.00046281065806397237
744.0 0.0006486587608378613
745.0 0.0006806388228142168
746.0 0.0007126187938411022
747.0 0.0005013330792280613
748.0 0.000290047432827123
749.0 0.0003812994009422255
750.0 0.00047255134631996043
751.0 0.0004929241640638793
752.0 0.0005132970272825332
753.0 0.0005007180789107224
754.0 0.0004881392669631168
755.0 0.0006253755600482691
756.0 0.0007626118531334214
757.0 0.0005532078375836136
758.0 0.00034380379929643823
759.0 0.00017046053244484938
760.0 1.5979801032753316e-10
761.0 0.0002930854861915577
762.0 0.0005890535703656496
763.0 0.0004750095285999123
764.0 0.0003609651912483969
765.0 0.0003142813056911109
766.0 0.00026759744287119247
767.0 0.0003262638756496017
768.0 0.0003849303084280109
769.0 0.00021979860775900306
770.0 5.466693551170465e-05
771.0 0.0002731739641603781
772.0 0.000491681066705496
773.0 0.0002586158643680392
774.0 2.5550733084855892e-05
775.0 0.00022196600184543058
776.0 0.00041838138713501394
777.0 0.0003286874971308862
778.0 0.0002389935389146558
779.0 0.0006691348517051665
780.0 0.00109927632365725
781.0 0.0008782533768680878
782.0 0.0006572302936547203
783.0 0.0005898477411392378
784.0 0.0005224652340984903
785.0 0.0005924649485677946
786.0 0.0006624646630370989
787.0 0.00038020311876607593
788.0 9.794141533348011e-05
789.0 0.00023880800199549412
790.0 0.0003796745204454055
791.0 0.00045074789341015276
792.0 0.0005218211299506947
793.0 0.0007815164281055331
794.0 0.0010412117262603715
795.0 0.0008463443009532057
796.0 0.0006514766937470995
797.0 0.0009184993359667715
798.0 0.001185521705338033
799.0 0.0007990230187715497
800.0 0.00041252437767980155
801.0 0.0005975282874715049
802.0 0.0007825322427379433
803.0 0.000712365817889804
804.0 0.0006421993475669296
805.0 0.0004903481112705776
806.0 0.00033849692044896074
807.0 0.00023503539523517247
808.0 0.00013157376770323026
809.0 0.0004001057732239133
810.0 0.0006686378128506476
811.0 0.0006781407591915922
812.0 0.000687643796482007
813.0 0.0005873469490325078
814.0 0.0004870500106335385
815.0 0.00025793183340283576
816.0 2.8813457220167038e-05
817.0 0.00041552075344952755
818.0 0.0008022279871511273
819.0 0.0007238909347506706
820.0 0.0006455539278249489
821.0 0.0008129495654429775
822.0 0.000980345157586271
823.0 0.0009076200512936339
824.0 0.000834895035950467
825.0 0.0009307143045589328
826.0 0.0010265335731673986
827.0 0.0006390695943991886
828.0 0.00025160543373203836
829.0 0.0004188397724647075
830.0 0.0005860740657226415
831.0 0.0004703898412117269
832.0 0.00035470573038764996
833.0 0.0005746949682361446
834.0 0.0007946841833472718
835.0 0.0008473491106997244
836.0 0.0009000140380521771
837.0 0.0006540187314385548
838.0 0.00040802356124913786
839.0 0.0006259620931814425
840.0 0.0008439006705884822
841.0 0.0008192874702217523
842.0 0.0007946742698550224
843.0 0.0007050260592222912
844.0 0.0006153779395390302
845.0 0.0006550388661707984
846.0 0.0006946997928025667
847.0 0.0006782956006645691
848.0 0.0006618914540013066
849.0 0.0007188394192780834
850.0 0.0007757873390801251
851.0 0.0005592783509200672
852.0 0.0003427692490731715
853.0 0.0005592613888438791
854.0 0.0007757536877761595
855.0 0.0007115877906471724
856.0 0.0006474217116192449
857.0 0.0010079203093482647
858.0 0.0013684188161278144
859.0 0.0011253539923927747
860.0 0.0008822893505566753
861.0 0.0009991220395022538
862.0 0.001115954637498362
863.0 0.001319486091233557
864.0 0.0015230173630698118
865.0 0.0017646667402004823
866.0 0.0020063163901795633
867.0 0.0025170027583953924
868.0 0.0030276894904091023
869.0 0.0028001288228551857
870.0 0.0025725677915033884
871.0 0.0027919943022425286
872.0 0.0030114206310827285
873.0 0.0027533194952411577
874.0 0.0024952187231974676
