lsstCam/transmission_sensor/r14_s11/19700101T000000.ecsv
# %ECSV 1.0
# ---
# datatype:
# - {name: amp_name, datatype: string}
# - {name: wavelength, unit: nm, datatype: float32}
# - {name: efficiency, unit: '%', datatype: float64}
# meta: !!omap
# - {MODE: AMP}
# - {TYPE: transmission_sensor}
# - {CALIBDATE: '1970-01-01T00:00:00'}
# - {INSTRUME: LSSTCam}
# - {OBSTYPE: transmission_sensor}
# - {DETECTOR: 67}
# - {PARQUETFILE: qe_raft_allvalues_nircorrected_20230725_adjust.parquet}
# - {CORRFILE: qe_corr_factor_bydetnum.parquet}
# - {CALIBCLS: lsst.ip.isr.IntermediateSensorTransmissionCurve}
# - {CALIB_ID: 'raftName=R14 detectorName=S11 detector=67 calibDate=1970-01-01T00:00:00 ccd=67 ccdnum=67 filter=None'}
# - {DATE: '2025-03-03T21:56:47.751117'}
# - {CALIB_CREATION_DATE: '2025-03-03'}
# - {CALIB_CREATION_TIME: '21:56:47'}
# - __serialized_columns__:
#     efficiency:
#       __class__: astropy.units.quantity.Quantity
#       unit: !astropy.units.Unit {unit: '%'}
#       value: !astropy.table.SerializedColumn {name: efficiency}
#     wavelength:
#       __class__: astropy.units.quantity.Quantity
#       unit: !astropy.units.Unit {unit: nm}
#       value: !astropy.table.SerializedColumn {name: wavelength}
# schema: astropy-2.0
amp_name wavelength efficiency
C00 319.994 47.51130483295023
C00 324.969 52.498735785946586
C00 349.982 66.10825209484273
C00 374.975 69.96023461739411
C00 400.019 81.8957986577554
C00 424.965 87.13535333931243
C00 450.035 91.1866884328295
C00 475.003 94.05937908594409
C00 500.018 96.61914035653466
C00 525.002 98.79081157243797
C00 550.029 98.98828454885536
C00 575.023 100.286722328687
C00 599.982 100.30742097848741
C00 619.997 100.12897504524346
C00 624.979 100.86268710238511
C00 650.012 100.32449139454909
C00 675.004 99.1277057854529
C00 700.03 98.25684495233564
C00 725.012 96.91558477047926
C00 750.022 96.51241944312383
C00 774.987 96.32209508859509
C00 799.976 94.64605908921881
C00 824.988 92.90973740568249
C00 850.022 90.61221809086241
C00 869.967 87.37745898299575
C00 875.002 86.00798177314573
C00 899.999 80.17104726525007
C00 919.999 71.3287104039192
C00 925.012 68.71299267923479
C00 949.965 55.73403797338562
C00 975.002 41.40370871009841
C00 999.976 25.217118061975146
C00 1025.028 10.755247030424814
C00 1050.014 3.808746792678349
C00 1075.002 0.9194712440383594
C00 1099.99 0.09122909213261347
C01 319.994 47.77656646520818
C01 324.969 52.78972629439857
C01 349.982 66.47017418772424
C01 374.975 70.2633808643593
C01 400.019 82.1128379052904
C01 424.965 87.31077959606894
C01 450.035 91.34117723883888
C01 475.003 94.19820717180302
C01 500.018 96.74850114034496
C01 525.002 98.91621288248668
C01 550.029 99.10746162777689
C01 575.023 100.40224806410075
C01 599.982 100.42298523018289
C01 619.997 100.2392009402915
C01 624.979 100.9772884470374
C01 650.012 100.44131127702887
C01 675.004 99.23866348985376
C01 700.03 98.36129340512453
C01 725.012 97.00749232193765
C01 750.022 96.58462206485038
C01 774.987 96.38355937097599
C01 799.976 94.7067453427088
C01 824.988 92.98234059673901
C01 850.022 90.67582387850737
C01 869.967 87.49600439489694
C01 875.002 86.14174881958567
C01 899.999 80.31709330230476
C01 919.999 71.40104398100362
C01 925.012 68.80199610305091
C01 949.965 55.96511255398215
C01 975.002 41.561729459142214
C01 999.976 25.285592307630466
C01 1025.028 10.755171923675444
C01 1050.014 3.799642025131467
C01 1075.002 0.920159231892068
C01 1099.99 0.09129735365541698
C02 319.994 48.001016245347564
C02 324.969 53.04300165978289
C02 349.982 66.8145020431126
C02 374.975 70.55863897682671
C02 400.019 82.31993224888335
C02 424.965 87.47160818205067
C02 450.035 91.47654656259868
C02 475.003 94.32127439517903
C02 500.018 96.86750874762687
C02 525.002 99.03301735845379
C02 550.029 99.2220860821982
C02 575.023 100.51781231579622
C02 599.982 100.536423383127
C02 619.997 100.3518610643447
C02 624.979 101.0891012128926
C02 650.012 100.55361705129019
C02 675.004 99.35009879614803
C02 700.03 98.46997864890346
C02 725.012 97.10737274371364
C02 750.022 96.67686855958797
C02 774.987 96.46495197752274
C02 799.976 94.79034878382673
C02 824.988 93.08320703532723
C02 850.022 90.77771485018954
C02 869.967 87.67100697255444
C02 875.002 86.32711998028424
C02 899.999 80.44264867748036
C02 919.999 71.52637596174522
C02 925.012 68.97007345325379
C02 949.965 56.27278061242218
C02 975.002 41.75852840062936
C02 999.976 25.36145782774931
C02 1025.028 10.774036235558578
C02 1050.014 3.80254687495401
C02 1075.002 0.9210381558317057
C02 1099.99 0.091384559681257
C03 319.994 47.868889992509224
C03 324.969 52.90479753768793
C03 349.982 66.67682174244914
C03 374.975 70.41107539827195
C03 400.019 82.1345148686467
C03 424.965 87.2624570690135
C03 450.035 91.25292103088826
C03 475.003 94.08466887652642
C03 500.018 96.62250667955765
C03 525.002 98.78647463911545
C03 550.029 98.97475763071263
C03 575.023 100.27115404761271
C03 599.982 100.29068180244859
C03 619.997 100.11034086814365
C03 624.979 100.84855933024743
C03 650.012 100.31279785141658
C03 675.004 99.11227616299283
C03 700.03 98.23575343646161
C03 725.012 96.87430301972363
C03 750.022 96.44685702836712
C03 774.987 96.23161263956064
C03 799.976 94.56762453310873
C03 824.988 92.868971773102
C03 850.022 90.58065784961482
C03 869.967 87.5289974418248
C03 875.002 86.18647392592774
C03 899.999 80.21573385531042
C03 919.999 71.40236894109505
C03 925.012 68.88489854784139
C03 949.965 56.24888511123838
C03 975.002 41.67777516435928
C03 999.976 25.291173316852795
C03 1025.028 10.755130518672587
C03 1050.014 3.795194598225734
C03 1075.002 0.9188468663831462
C03 1099.99 0.09116714195526716
C04 319.994 48.16046980007163
C04 324.969 53.232836857533684
C04 349.982 67.12260148390797
C04 374.975 70.79496717825089
C04 400.019 82.41931195899689
C04 424.965 87.49283835653893
C04 450.035 91.4606239317325
C04 475.003 94.28355925211137
C04 500.018 96.81677510133528
C04 525.002 98.97757702253509
C04 550.029 99.16499724942156
C04 575.023 100.46043075927845
C04 599.982 100.4808829048758
C04 619.997 100.30187463391863
C04 624.979 101.03955386807822
C04 650.012 100.50638838663582
C04 675.004 99.30578966564862
C04 700.03 98.42563870537865
C04 725.012 97.06471211007216
C04 750.022 96.6426044753631
C04 774.987 96.43721255142253
C04 799.976 94.76957310146285
C04 824.988 93.05966588393532
C04 850.022 90.79795130460923
C04 869.967 87.72922818401388
C04 875.002 86.36181544686445
C04 899.999 80.33835428981838
C04 919.999 71.68973891906464
C04 925.012 69.17948647700672
C04 949.965 56.39160334155181
C04 975.002 41.72178001623306
C04 999.976 25.332287521782916
C04 1025.028 10.780766955790474
C04 1050.014 3.8140560213877372
C04 1075.002 0.9207116591103824
C04 1099.99 0.09135216497651369
C05 319.994 48.35400256086828
C05 324.969 53.45685525531772
C05 349.982 67.4503904479225
C05 374.975 71.06150755106219
C05 400.019 82.58872967580388
C05 424.965 87.613833403958
C05 450.035 91.55503504150317
C05 475.003 94.36323403249308
C05 500.018 96.8896324998512
C05 525.002 99.04800019204582
C05 550.029 99.23548204498306
C05 575.023 100.5373554771448
C05 599.982 100.55883215583611
C05 619.997 100.37815227825196
C05 624.979 101.11877415633553
C05 650.012 100.58764233456836
C05 675.004 99.38335375379164
C05 700.03 98.51113714755756
C05 725.012 97.16091807857134
C05 750.022 96.74796191240077
C05 774.987 96.55491060512571
C05 799.976 94.89965799136964
C05 824.988 93.18230942821233
C05 850.022 90.94744069725037
C05 869.967 87.89456317495774
C05 875.002 86.51115077437868
C05 899.999 80.44011430614269
C05 919.999 71.85001287058951
C05 925.012 69.32539385544719
C05 949.965 56.48384598466122
C05 975.002 41.73296514444675
C05 999.976 25.374955858680746
C05 1025.028 10.802075125749223
C05 1050.014 3.831082865905703
C05 1075.002 0.921715283547274
C05 1099.99 0.09145174367113122
C06 319.994 48.37854513558511
C06 324.969 53.48901249893209
C06 349.982 67.50329641250352
C06 374.975 71.09764352657902
C06 400.019 82.59908285233226
C06 424.965 87.60777864447041
C06 450.035 91.54314891696204
C06 475.003 94.34778130026396
C06 500.018 96.87134496928695
C06 525.002 99.03135345508315
C06 550.029 99.21908181222345
C06 575.023 100.5177737995145
C06 599.982 100.54559796143451
C06 619.997 100.36418627449754
C06 624.979 101.10357563156583
C06 650.012 100.57326035497127
C06 675.004 99.37215321906525
C06 700.03 98.50629950257259
C06 725.012 97.16992318523926
C06 750.022 96.77830503914576
C06 774.987 96.60856378557226
C06 799.976 94.95863412195094
C06 824.988 93.24905814444625
C06 850.022 91.05057959646052
C06 869.967 87.92632370087031
C06 875.002 86.51723634689165
C06 899.999 80.59444904702517
C06 919.999 72.07214397056889
C06 925.012 69.49021272821592
C06 949.965 56.35966564074329
C06 975.002 41.741662120860845
C06 999.976 25.45615588381886
C06 1025.028 10.877162616977168
C06 1050.014 3.8918615584718474
C06 1075.002 0.9220041410226285
C06 1099.99 0.09148040384446801
C07 319.994 48.28638337666732
C07 324.969 53.394851744992636
C07 349.982 67.410248779106
C07 374.975 70.97436061202534
C07 400.019 82.45713494765337
C07 424.965 87.45241166723764
C07 450.035 91.38126498486096
C07 475.003 94.18129082086827
C07 500.018 96.706387437904
C07 525.002 98.86250577924572
C07 550.029 99.05423212642934
C07 575.023 100.35488074083214
C07 599.982 100.38082530820385
C07 619.997 100.20856508980536
C07 624.979 100.94498869318063
C07 650.012 100.41622177111152
C07 675.004 99.21887382430212
C07 700.03 98.36266458475403
C07 725.012 97.04946736576439
C07 750.022 96.69038777447436
C07 774.987 96.55021161875494
C07 799.976 94.91692869209629
C07 824.988 93.2237837603766
C07 850.022 91.04544152447806
C07 869.967 87.88944050948797
C07 875.002 86.483958279479
C07 899.999 80.74656525008012
C07 919.999 72.09447571071455
C07 925.012 69.4407270094523
C07 949.965 56.22676521064222
C07 975.002 41.84578703688322
C07 999.976 25.716988143678133
C07 1025.028 11.070763744173881
C07 1050.014 3.9851287346752184
C07 1075.002 0.9211662628100217
C07 1099.99 0.09139727033795604
C10 319.994 46.66178587153823
C10 324.969 51.56317530278331
C10 349.982 64.92526301786138
C10 374.975 68.9342147949654
C10 400.019 81.34651026078184
C10 424.965 86.83243819003759
C10 450.035 91.01917342033984
C10 475.003 93.97596052297845
C10 500.018 96.59584570934581
C10 525.002 98.81526170807865
C10 550.029 99.04262331911664
C10 575.023 100.36826900036067
C10 599.982 100.41218526478647
C10 619.997 100.25014726755848
C10 624.979 100.9869868467764
C10 650.012 100.46814171888032
C10 675.004 99.27578548218281
C10 700.03 98.41101792483485
C10 725.012 97.07053577186937
C10 750.022 96.66834105481348
C10 774.987 96.4968280522805
C10 799.976 94.84719111240031
C10 824.988 93.15240538707903
C10 850.022 90.89777010033445
C10 869.967 87.8783940398885
C10 875.002 86.52293675658733
C10 899.999 80.66755294974413
C10 919.999 71.9034888761401
C10 925.012 69.3285753003179
C10 949.965 56.45503965755716
C10 975.002 41.83646224507697
C10 999.976 25.4029726020094
C10 1025.028 10.843711226296753
C10 1050.014 3.8687919908043438
C10 1075.002 0.9209565501850553
C10 1099.99 0.09137646284396592
C11 319.994 47.03975769901564
C11 324.969 51.98326853595801
C11 349.982 65.45828213743322
C11 374.975 69.4302351743097
C11 400.019 81.77395625213833
C11 424.965 87.22139871269188
C11 450.035 91.38788208206176
C11 475.003 94.33405409745625
C11 500.018 96.94759950385124
C11 525.002 99.1651050950104
C11 550.029 99.38726700801517
C11 575.023 100.71387559630237
C11 599.982 100.75337789484219
C11 619.997 100.58573963025101
C11 624.979 101.32807933449963
C11 650.012 100.80465076907797
C11 675.004 99.60815018046658
C11 700.03 98.73305255635928
C11 725.012 97.37334307555538
C11 750.022 96.95913898185682
C11 774.987 96.7686297491758
C11 799.976 95.10603593212244
C11 824.988 93.41164307287478
C11 850.022 91.14860353345725
C11 869.967 88.10963038886828
C11 875.002 86.76311658618427
C11 899.999 80.92928649059584
C11 919.999 72.11989645665476
C11 925.012 69.52221975833154
C11 949.965 56.5837995873725
C11 975.002 41.974427566225216
C11 999.976 25.467897572303517
C11 1025.028 10.864542757269122
C11 1050.014 3.86769812840328
C11 1075.002 0.9237271393732192
C11 1099.99 0.09165135815792756
C12 319.994 47.096638543870945
C12 324.969 52.050606551302366
C12 349.982 65.57165096107022
C12 374.975 69.49392569777446
C12 400.019 81.71915528649632
C12 424.965 87.09977970150882
C12 450.035 91.23240725924015
C12 475.003 94.15876649931397
C12 500.018 96.75878498756622
C12 525.002 98.96627634547622
C12 550.029 99.18595010668137
C12 575.023 100.50847596910545
C12 599.982 100.5467303401173
C12 619.997 100.37879935178499
C12 624.979 101.12128541790418
C12 650.012 100.5989892311653
C12 675.004 99.40697964100335
C12 700.03 98.52862353946189
C12 725.012 97.16941477032046
C12 750.022 96.74786177006827
C12 774.987 96.54628295801874
C12 799.976 94.88762550495794
C12 824.988 93.1976543148526
C12 850.022 90.9422178894481
C12 869.967 87.9122729612961
C12 875.002 86.56259312025406
C12 899.999 80.76356633683469
C12 919.999 72.00454789613697
C12 925.012 69.4034278422273
C12 949.965 56.453849504451775
C12 975.002 41.83645069019246
C12 999.976 25.41912055312369
C12 1025.028 10.845783402253698
C12 1050.014 3.8552633875742868
C12 1075.002 0.9217144101769669
C12 1099.99 0.09145165701613171
C13 319.994 47.06460070072993
C13 324.969 52.01889994818421
C13 349.982 65.56246097625001
C13 374.975 69.48532116043651
C13 400.019 81.69545236672116
C13 424.965 87.07053814042123
C13 450.035 91.19635601954312
C13 475.003 94.11663739036032
C13 500.018 96.71657114279277
C13 525.002 98.92118148282954
C13 550.029 99.14439874195365
C13 575.023 100.46751775511633
C13 599.982 100.50877639610293
C13 619.997 100.34264796975546
C13 624.979 101.08586584522749
C13 650.012 100.56303043054442
C13 675.004 99.3658981749127
C13 700.03 98.49345047098825
C13 725.012 97.13297836780615
C13 750.022 96.70640284441669
C13 774.987 96.50382260904223
C13 799.976 94.84897826787247
C13 824.988 93.15471636398269
C13 850.022 90.93590121924478
C13 869.967 87.90872946337716
C13 875.002 86.53111761482627
C13 899.999 80.67386961994747
C13 919.999 72.04953491319479
C13 925.012 69.47732518034987
C13 949.965 56.41678528654531
C13 975.002 41.7394628411742
C13 999.976 25.39875314334614
C13 1025.028 10.831518897315883
C13 1050.014 3.851771164455398
C13 1075.002 0.9213194495368104
C13 1099.99 0.09141246938425829
C14 319.994 47.38910037428492
C14 324.969 52.38916081605976
C14 349.982 66.11008546985296
C14 374.975 69.9516377833125
C14 400.019 82.01541482228863
C14 424.965 87.3097242499496
C14 450.035 91.39546208630576
C14 475.003 94.29763310145464
C14 500.018 96.8839629031809
C14 525.002 99.0909304396594
C14 550.029 99.30995712733154
C14 575.023 100.639046164162
C14 599.982 100.68078240704202
C14 619.997 100.51653357524286
C14 624.979 101.26076828055248
C14 650.012 100.74086010328072
C14 675.004 99.5499905950579
C14 700.03 98.6742150843922
C14 725.012 97.31539918132438
C14 750.022 96.89638055240988
C14 774.987 96.7012416626652
C14 799.976 95.04666693546753
C14 824.988 93.3443089091586
C14 850.022 91.1689709432348
C14 869.967 88.11696388890923
C14 875.002 86.7210336967687
C14 899.999 80.86994830696631
C14 919.999 72.35272737969808
C14 925.012 69.73458312926482
C14 949.965 56.60647412242554
C14 975.002 41.7177589164207
C14 999.976 25.453733209698196
C14 1025.028 10.882061888012919
C14 1050.014 3.8641767773463345
C14 1075.002 0.9231292872154162
C14 1099.99 0.09159203981606584
C15 319.994 47.467454046203365
C15 324.969 52.48334082814007
C15 349.982 66.24802768123216
C15 374.975 70.037505981796
C15 400.019 81.97511908834522
C15 424.965 87.20697821681307
C15 450.035 91.25460034077159
C15 475.003 94.13564902702106
C15 500.018 96.70984620000314
C15 525.002 98.9051818193999
C15 550.029 99.12263704277755
C15 575.023 100.44284422504163
C15 599.982 100.48558959450291
C15 619.997 100.31912222487625
C15 624.979 101.05857320799531
C15 650.012 100.54149212580235
C15 675.004 99.35298751727761
C15 700.03 98.4808171305816
C15 725.012 97.13515068609559
C15 750.022 96.73166952522999
C15 774.987 96.54919478891735
C15 799.976 94.90514270988764
C15 824.988 93.21668135802604
C15 850.022 91.06872076515421
C15 869.967 87.9486246279906
C15 875.002 86.54422085387
C15 899.999 80.91785485817908
C15 919.999 72.39890069823312
C15 925.012 69.72497716860195
C15 949.965 56.3712436350306
C15 975.002 41.738734883449546
C15 999.976 25.456074999627234
C15 1025.028 10.914058326151075
C15 1050.014 3.881615023898503
C15 1075.002 0.9215599679212286
C15 1099.99 0.09143633339740055
C16 319.994 47.623471948597334
C16 324.969 52.65808919833817
C16 349.982 66.47168402596796
C16 374.975 70.26354263274257
C16 400.019 82.21975910336621
C16 424.965 87.45577799026064
C16 450.035 91.50924688578542
C16 475.003 94.39311496385734
C16 500.018 96.96841370249683
C16 525.002 99.16785515752575
C16 550.029 99.38098885409357
C16 575.023 100.70614152693148
C16 599.982 100.74828604239781
C16 619.997 100.58754219223586
C16 624.979 101.32611500413152
C16 650.012 100.80696174598162
C16 675.004 99.6150754079212
C16 700.03 98.74606335632686
C16 725.012 97.40943283153413
C16 750.022 97.02564889714404
C16 774.987 96.8651438479288
C16 799.976 95.22463526681804
C16 824.988 93.54447032204055
C16 850.022 91.39221131212794
C16 869.967 88.24006962856696
C16 875.002 86.85859844858697
C16 899.999 81.34264322609638
C16 919.999 72.67281308736708
C16 925.012 69.97192045727026
C16 949.965 56.41082296613388
C16 975.002 42.02604708699654
C16 999.976 25.689915049251805
C16 1025.028 10.991268064502211
C16 1050.014 3.906745694091955
C16 1075.002 0.9243604860210771
C16 1099.99 0.0917141982304844
C17 319.994 47.413280895953505
C17 324.969 52.424896222246616
C17 349.982 66.19820301918935
C17 374.975 69.99918228147705
C17 400.019 81.96573652211637
C17 424.965 87.20247951510729
C17 450.035 91.25740432608136
C17 475.003 94.14413031225749
C17 500.018 96.72465185869923
C17 525.002 98.91907079059087
C17 550.029 99.14288120045357
C17 575.023 100.46921247151235
C17 599.982 100.51622544498905
C17 619.997 100.35240029228889
C17 624.979 101.0956335742736
C17 650.012 100.57630314122775
C17 675.004 99.38821450854567
C17 700.03 98.53269856206867
C17 725.012 97.2219355720842
C17 750.022 96.86483571767498
C17 774.987 96.7337185914179
C17 799.976 95.11031894265055
C17 824.988 93.44659274691439
C17 850.022 91.30048863882185
C17 869.967 88.16785160032772
C17 875.002 86.79595556798522
C17 899.999 81.36133902924696
C17 919.999 72.56852640296144
C17 925.012 69.7999375561002
C17 949.965 56.36910983302289
C17 975.002 41.989510542149745
C17 999.976 25.718788779848897
C17 1025.028 11.069266423721722
C17 1050.014 3.9349677773475675
C17 1075.002 0.9228281375635533
C17 1099.99 0.09156216002426851
