lsstCam/transmission_sensor/r14_s11/19700101T000000.ecsv
# %ECSV 1.0
# ---
# datatype:
# - {name: amp_name, datatype: string}
# - {name: wavelength, unit: nm, datatype: float32}
# - {name: efficiency, unit: '%', datatype: float64}
# meta: !!omap
# - {MODE: AMP}
# - {TYPE: transmission_sensor}
# - {CALIBDATE: '1970-01-01T00:00:00'}
# - {INSTRUME: LSSTCAM}
# - {OBSTYPE: transmission_sensor}
# - {DETECTOR: 67}
# - {PARQUETFILE: qe_raft_allvalues_nircorrected_20230725.parquet}
# - {CALIBCLS: lsst.ip.isr.IntermediateSensorTransmissionCurve}
# - {CALIB_ID: 'raftName=R14 detectorName=S11 detector=67 calibDate=1970-01-01T00:00:00 ccd=67 ccdnum=67 filter=None'}
# - {DATE: '2024-01-18T22:42:25.209910'}
# - {CALIB_CREATION_DATE: '2024-01-18'}
# - {CALIB_CREATION_TIME: '22:42:25'}
# - __serialized_columns__:
#     efficiency:
#       __class__: astropy.units.quantity.Quantity
#       unit: !astropy.units.Unit {unit: '%'}
#       value: !astropy.table.SerializedColumn {name: efficiency}
#     wavelength:
#       __class__: astropy.units.quantity.Quantity
#       unit: !astropy.units.Unit {unit: nm}
#       value: !astropy.table.SerializedColumn {name: wavelength}
# schema: astropy-2.0
amp_name wavelength efficiency
C00 319.994 47.055747985839844
C00 324.969 51.995357513427734
C00 349.982 65.47438049316406
C00 374.975 69.2894287109375
C00 400.019 81.11054992675781
C00 424.965 86.29986572265625
C00 450.035 90.3123550415039
C00 475.003 93.15750122070312
C00 500.018 95.69271850585938
C00 525.002 97.84356689453125
C00 550.029 98.03914642333984
C00 575.023 99.32513427734375
C00 599.982 99.34563446044922
C00 619.997 99.16889953613281
C00 624.979 99.89557647705078
C00 650.012 99.36254119873047
C00 675.004 98.17723083496094
C00 700.03 97.3147201538086
C00 725.012 95.98632049560547
C00 750.022 95.58702087402344
C00 774.987 95.39852142333984
C00 799.976 93.73855590820312
C00 824.988 92.01888275146484
C00 850.022 89.74339294433594
C00 869.967 86.5396499633789
C00 875.002 85.18330383300781
C00 899.999 79.40233612060547
C00 919.999 70.64478302001953
C00 925.012 68.05414581298828
C00 949.965 55.19963836669922
C00 975.002 41.0067138671875
C00 999.976 24.975326538085938
C00 1025.028 10.652121543884277
C00 1050.014 3.7722270488739014
C00 1075.002 0.910654996570193
C00 1099.99 0.0903543521581421
C01 319.994 47.31846618652344
C01 324.969 52.2835578918457
C01 349.982 65.83283233642578
C01 374.975 69.58966827392578
C01 400.019 81.32550811767578
C01 424.965 86.4736099243164
C01 450.035 90.46536254882812
C01 475.003 93.29499816894531
C01 500.018 95.82083892822266
C01 525.002 97.96776580810547
C01 550.029 98.15718078613281
C01 575.023 99.4395523071289
C01 599.982 99.46009063720703
C01 619.997 99.27806854248047
C01 624.979 100.00907897949219
C01 650.012 99.47824096679688
C01 675.004 98.28712463378906
C01 700.03 97.41816711425781
C01 725.012 96.07734680175781
C01 750.022 95.65853118896484
C01 774.987 95.45939636230469
C01 799.976 93.79866027832031
C01 824.988 92.09078979492188
C01 850.022 89.80638885498047
C01 869.967 86.65705871582031
C01 875.002 85.31578826904297
C01 899.999 79.54698181152344
C01 919.999 70.71642303466797
C01 925.012 68.14229583740234
C01 949.965 55.428497314453125
C01 975.002 41.1632194519043
C01 999.976 25.04314422607422
C01 1025.028 10.652047157287598
C01 1050.014 3.763209581375122
C01 1075.002 0.9113363877291026
C01 1099.99 0.09042195916294792
C02 319.994 47.54076385498047
C02 324.969 52.53440475463867
C02 349.982 66.17385864257812
C02 374.975 69.88209533691406
C02 400.019 81.5306167602539
C02 424.965 86.63289642333984
C02 450.035 90.59943389892578
C02 475.003 93.41688537597656
C02 500.018 95.93870544433594
C02 525.002 98.08345031738281
C02 550.029 98.27070617675781
C02 575.023 99.55400848388672
C02 599.982 99.57244110107422
C02 619.997 99.3896484375
C02 624.979 100.11981964111328
C02 650.012 99.58946990966797
C02 675.004 98.39749145507812
C02 700.03 97.52581024169922
C02 725.012 96.17626953125
C02 750.022 95.74989318847656
C02 774.987 95.54000854492188
C02 799.976 93.88146209716797
C02 824.988 92.19068908691406
C02 850.022 89.90730285644531
C02 869.967 86.83038330078125
C02 875.002 85.49938201904297
C02 899.999 79.67133331298828
C02 919.999 70.8405532836914
C02 925.012 68.30876159667969
C02 949.965 55.73321533203125
C02 975.002 41.358131408691406
C02 999.976 25.118282318115234
C02 1025.028 10.670730590820312
C02 1050.014 3.7660865783691406
C02 1075.002 0.9122068842045777
C02 1099.99 0.09050832902353588
C03 319.994 47.40990447998047
C03 324.969 52.397525787353516
C03 349.982 66.0374984741211
C03 374.975 69.73594665527344
C03 400.019 81.34697723388672
C03 424.965 86.42575073242188
C03 450.035 90.3779525756836
C03 475.003 93.18254852294922
C03 500.018 95.69605255126953
C03 525.002 97.83927154541016
C03 550.029 98.02574920654297
C03 575.023 99.3097152709961
C03 599.982 99.32905578613281
C03 619.997 99.15044403076172
C03 624.979 99.88158416748047
C03 650.012 99.35095977783203
C03 675.004 98.16194915771484
C03 700.03 97.29383087158203
C03 725.012 95.9454345703125
C03 750.022 95.52208709716797
C03 774.987 95.30890655517578
C03 799.976 93.66087341308594
C03 824.988 91.97850799560547
C03 850.022 89.7121353149414
C03 869.967 86.68973541259766
C03 875.002 85.3600845336914
C03 899.999 79.44659423828125
C03 919.999 70.71773529052734
C03 925.012 68.22440338134766
C03 949.965 55.70954895019531
C03 975.002 41.27815246582031
C03 999.976 25.04867172241211
C03 1025.028 10.652006149291992
C03 1050.014 3.7588047981262207
C03 1075.002 0.9100366056904854
C03 1099.99 0.09029299598316153
C04 319.994 47.69868850708008
C04 324.969 52.72241973876953
C04 349.982 66.47900390625
C04 374.975 70.11615753173828
C04 400.019 81.62904357910156
C04 424.965 86.65392303466797
C04 450.035 90.58366394042969
C04 475.003 93.37953186035156
C04 500.018 95.88845825195312
C04 525.002 98.0285415649414
C04 550.029 98.21416473388672
C04 575.023 99.49717712402344
C04 599.982 99.5174331665039
C04 619.997 99.34014129638672
C04 624.979 100.07074737548828
C04 650.012 99.54269409179688
C04 675.004 98.35360717773438
C04 700.03 97.48189544677734
C04 725.012 96.13401794433594
C04 750.022 95.71595764160156
C04 774.987 95.51253509521484
C04 799.976 93.86088562011719
C04 824.988 92.16737365722656
C04 850.022 89.9273452758789
C04 869.967 86.88804626464844
C04 875.002 85.53374481201172
C04 899.999 79.56803894042969
C04 919.999 71.00234985351562
C04 925.012 68.51616668701172
C04 949.965 55.85089874267578
C04 975.002 41.32173538208008
C04 999.976 25.089391708374023
C04 1025.028 10.677396774291992
C04 1050.014 3.7774853706359863
C04 1075.002 0.9118835180606504
C04 1099.99 0.09047624493180578
C05 319.994 47.89036560058594
C05 324.969 52.94429016113281
C05 349.982 66.80364990234375
C05 374.975 70.38014221191406
C05 400.019 81.79683685302734
C05 424.965 86.77375793457031
C05 450.035 90.67716979980469
C05 475.003 93.45844268798828
C05 500.018 95.96061706542969
C05 525.002 98.0982894897461
C05 550.029 98.28397369384766
C05 575.023 99.5733642578125
C05 599.982 99.59463500976562
C05 619.997 99.41568756103516
C05 624.979 100.14920806884766
C05 650.012 99.6231689453125
C05 675.004 98.43042755126953
C05 700.03 97.56657409667969
C05 725.012 96.22930145263672
C05 750.022 95.82030487060547
C05 774.987 95.62910461425781
C05 799.976 93.9897232055664
C05 824.988 92.2888412475586
C05 850.022 90.07540130615234
C05 869.967 87.05179595947266
C05 875.002 85.68164825439453
C05 899.999 79.6688232421875
C05 919.999 71.16108703613281
C05 925.012 68.66067504882812
C05 949.965 55.942256927490234
C05 975.002 41.33281326293945
C05 999.976 25.131650924682617
C05 1025.028 10.698500633239746
C05 1050.014 3.794348955154419
C05 1075.002 0.9128775193565702
C05 1099.99 0.09057486882721671
C06 319.994 47.9146728515625
C06 324.969 52.976139068603516
C06 349.982 66.85604858398438
C06 374.975 70.41593170166016
C06 400.019 81.80709075927734
C06 424.965 86.76776123046875
C06 450.035 90.66539764404297
C06 475.003 93.4431381225586
C06 500.018 95.9425048828125
C06 525.002 98.08180236816406
C06 550.029 98.26773071289062
C06 575.023 99.55397033691406
C06 599.982 99.58152770996094
C06 619.997 99.40185546875
C06 624.979 100.1341552734375
C06 650.012 99.60892486572266
C06 675.004 98.4193344116211
C06 700.03 97.56178283691406
C06 725.012 96.23822021484375
C06 750.022 95.85035705566406
C06 774.987 95.68224334716797
C06 799.976 94.04813385009766
C06 824.988 92.35494995117188
C06 850.022 90.17755126953125
C06 869.967 87.083251953125
C06 875.002 85.68767547607422
C06 899.999 79.8216781616211
C06 919.999 71.38108825683594
C06 925.012 68.82391357421875
C06 949.965 55.81926727294922
C06 975.002 41.341426849365234
C06 999.976 25.212072372436523
C06 1025.028 10.772868156433105
C06 1050.014 3.8545448780059814
C06 1075.002 0.9131636071542407
C06 1099.99 0.09060325419567813
C07 319.994 47.823394775390625
C07 324.969 52.88288116455078
C07 349.982 66.7638931274414
C07 374.975 70.29383087158203
C07 400.019 81.66650390625
C07 424.965 86.61388397216797
C07 450.035 90.50506591796875
C07 475.003 93.27824401855469
C07 500.018 95.77912902832031
C07 525.002 97.9145736694336
C07 550.029 98.10446166992188
C07 575.023 99.39263916015625
C07 599.982 99.4183349609375
C07 619.997 99.24772644042969
C07 624.979 99.97708892822266
C07 650.012 99.4533920288086
C07 675.004 98.26752471923828
C07 700.03 97.41952514648438
C07 725.012 96.1189193725586
C07 750.022 95.7632827758789
C07 774.987 95.62445068359375
C07 799.976 94.00682830810547
C07 824.988 92.32991790771484
C07 850.022 90.1724624633789
C07 869.967 87.04672241210938
C07 875.002 85.65471649169922
C07 899.999 79.97233581542969
C07 919.999 71.40320587158203
C07 925.012 68.77490234375
C07 949.965 55.68764114379883
C07 975.002 41.44455337524414
C07 999.976 25.47040367126465
C07 1025.028 10.96461296081543
C07 1050.014 3.946917772293091
C07 1075.002 0.9123337628434208
C07 1099.99 0.09052091780552088
C10 319.994 46.21437454223633
C10 324.969 51.06876754760742
C10 349.982 64.302734375
C10 374.975 68.27324676513672
C10 400.019 80.5665283203125
C10 424.965 85.9998550415039
C10 450.035 90.14644622802734
C10 475.003 93.07488250732422
C10 500.018 95.66964721679688
C10 525.002 97.86778259277344
C10 550.029 98.09296417236328
C10 575.023 99.40589904785156
C10 599.982 99.44939422607422
C10 619.997 99.28890991210938
C10 624.979 100.01868438720703
C10 650.012 99.50481414794922
C10 675.004 98.32389068603516
C10 700.03 97.46741485595703
C10 725.012 96.13978576660156
C10 750.022 95.74144744873047
C10 774.987 95.57157897949219
C10 799.976 93.93775939941406
C10 824.988 92.25922393798828
C10 850.022 90.02620697021484
C10 869.967 87.03578186035156
C10 875.002 85.69332122802734
C10 899.999 79.89408111572266
C10 919.999 71.21405029296875
C10 925.012 68.66382598876953
C10 949.965 55.913726806640625
C10 975.002 41.43531799316406
C10 999.976 25.159399032592773
C10 1025.028 10.739737510681152
C10 1050.014 3.8316965103149414
C10 1075.002 0.9121260610245682
C10 1099.99 0.09050030982186606
C11 319.994 46.588722229003906
C11 324.969 51.484832763671875
C11 349.982 64.83064270019531
C11 374.975 68.76451110839844
C11 400.019 80.98987579345703
C11 424.965 86.38508605957031
C11 450.035 90.5116195678711
C11 475.003 93.4295425415039
C11 500.018 96.01802825927734
C11 525.002 98.21427154541016
C11 550.029 98.4343032836914
C11 575.023 99.7481918334961
C11 599.982 99.78731536865234
C11 619.997 99.62128448486328
C11 624.979 100.35650634765625
C11 650.012 99.83809661865234
C11 675.004 98.65306854248047
C11 700.03 97.78636169433594
C11 725.012 96.43968963623047
C11 750.022 96.02945709228516
C11 774.987 95.84077453613281
C11 799.976 94.19412231445312
C11 824.988 92.51597595214844
C11 850.022 90.2746353149414
C11 869.967 87.26480102539062
C11 875.002 85.93119812011719
C11 899.999 80.15330505371094
C11 919.999 71.42838287353516
C11 925.012 68.8556137084961
C11 949.965 56.04125213623047
C11 975.002 41.57196044921875
C11 999.976 25.22370147705078
C11 1025.028 10.760369300842285
C11 1050.014 3.830613136291504
C11 1075.002 0.9148700847273252
C11 1099.99 0.09077256933277085
C12 319.994 46.645057678222656
C12 324.969 51.5515251159668
C12 349.982 64.94292449951172
C12 374.975 68.82759094238281
C12 400.019 80.93560028076172
C12 424.965 86.26463317871094
C12 450.035 90.35763549804688
C12 475.003 93.25593566894531
C12 500.018 95.83102416992188
C12 525.002 98.01734924316406
C12 550.029 98.23491668701172
C12 575.023 99.54476165771484
C12 599.982 99.58264923095703
C12 619.997 99.41632843017578
C12 624.979 100.15169525146484
C12 650.012 99.63440704345703
C12 675.004 98.45382690429688
C12 700.03 97.58389282226562
C12 725.012 96.23771667480469
C12 750.022 95.82020568847656
C12 774.987 95.62055969238281
C12 799.976 93.9778060913086
C12 824.988 92.30403900146484
C12 850.022 90.07022857666016
C12 869.967 87.0693359375
C12 875.002 85.73259735107422
C12 899.999 79.98917388916016
C12 919.999 71.31414031982422
C12 925.012 68.73796081542969
C12 949.965 55.91254806518555
C12 975.002 41.435306549072266
C12 999.976 25.175392150878906
C12 1025.028 10.741789817810059
C12 1050.014 3.8182976245880127
C12 1075.002 0.9128766543604769
C12 1099.99 0.090574783003099
C13 319.994 46.61332702636719
C13 324.969 51.52012252807617
C13 349.982 64.93382263183594
C13 374.975 68.8190689086914
C13 400.019 80.91212463378906
C13 424.965 86.23567199707031
C13 450.035 90.32192993164062
C13 475.003 93.2142105102539
C13 500.018 95.78921508789062
C13 525.002 97.97268676757812
C13 550.029 98.19376373291016
C13 575.023 99.50419616699219
C13 599.982 99.54505920410156
C13 619.997 99.38052368164062
C13 624.979 100.11661529541016
C13 650.012 99.59879302978516
C13 675.004 98.41313934326172
C13 700.03 97.54905700683594
C13 725.012 96.20162963867188
C13 750.022 95.77914428710938
C13 774.987 95.57850646972656
C13 799.976 93.93952941894531
C13 824.988 92.26151275634766
C13 850.022 90.06397247314453
C13 869.967 87.06582641601562
C13 875.002 85.70142364501953
C13 899.999 79.90033721923828
C13 919.999 71.35869598388672
C13 925.012 68.81114959716797
C13 949.965 55.87583923339844
C13 975.002 41.33924865722656
C13 999.976 25.15522003173828
C13 1025.028 10.727662086486816
C13 1050.014 3.8148388862609863
C13 1075.002 0.9124854807563658
C13 1099.99 0.09053597111746291
C14 319.994 46.934715270996094
C14 324.969 51.88683319091797
C14 349.982 65.4761962890625
C14 374.975 69.28091430664062
C14 400.019 81.22901916503906
C14 424.965 86.47256469726562
C14 450.035 90.51912689208984
C14 475.003 93.39347076416016
C14 500.018 95.95500183105469
C14 525.002 98.14080810546875
C14 550.029 98.35773468017578
C14 575.023 99.67407989501953
C14 599.982 99.71541595458984
C14 619.997 99.55274200439453
C14 624.979 100.28984069824219
C14 650.012 99.77491760253906
C14 675.004 98.59546661376953
C14 700.03 97.72808837890625
C14 725.012 96.3823013305664
C14 750.022 95.96730041503906
C14 774.987 95.77403259277344
C14 799.976 94.13532257080078
C14 824.988 92.44928741455078
C14 850.022 90.29480743408203
C14 869.967 87.27206420898438
C14 875.002 85.88951873779297
C14 899.999 80.09453582763672
C14 919.999 71.65898132324219
C14 925.012 69.0659408569336
C14 949.965 56.0637092590332
C14 975.002 41.317752838134766
C14 999.976 25.209672927856445
C14 1025.028 10.77772045135498
C14 1050.014 3.8271255493164062
C14 1075.002 0.9142779650082546
C14 1099.99 0.09071381975821387
C15 319.994 47.0123176574707
C15 324.969 51.98011016845703
C15 349.982 65.6128158569336
C15 374.975 69.36595916748047
C15 400.019 81.1891098022461
C15 424.965 86.37080383300781
C15 450.035 90.3796157836914
C15 475.003 93.23303985595703
C15 500.018 95.78255462646484
C15 525.002 97.95684051513672
C15 550.029 98.17221069335938
C15 575.023 99.4797592163086
C15 599.982 99.5220947265625
C15 619.997 99.35722351074219
C15 624.979 100.08958435058594
C15 650.012 99.57746124267578
C15 675.004 98.40035247802734
C15 700.03 97.53654479980469
C15 725.012 96.20378112792969
C15 750.022 95.80416870117188
C15 774.987 95.62344360351562
C15 799.976 93.99515533447266
C15 824.988 92.32288360595703
C15 850.022 90.19551849365234
C15 869.967 87.10533905029297
C15 875.002 85.71440124511719
C15 899.999 80.14198303222656
C15 919.999 71.7047119140625
C15 925.012 69.05642700195312
C15 949.965 55.83073425292969
C15 975.002 41.33852767944336
C15 999.976 25.211992263793945
C15 1025.028 10.809410095214844
C15 1050.014 3.8443965911865234
C15 1075.002 0.9127236929570818
C15 1099.99 0.09055960631317689
C16 319.994 47.166839599609375
C16 324.969 52.15318298339844
C16 349.982 65.8343276977539
C16 374.975 69.58982849121094
C16 400.019 81.43140411376953
C16 424.965 86.61721801757812
C16 450.035 90.63182067871094
C16 475.003 93.488037109375
C16 500.018 96.03864288330078
C16 525.002 98.21699523925781
C16 550.029 98.42808532714844
C16 575.023 99.74053192138672
C16 599.982 99.78227233886719
C16 619.997 99.6230697631836
C16 624.979 100.35456085205078
C16 650.012 99.84038543701172
C16 675.004 98.65992736816406
C16 700.03 97.79924774169922
C16 725.012 96.47543334960938
C16 750.022 96.09532928466797
C16 774.987 95.93636322021484
C16 799.976 94.31158447265625
C16 824.988 92.64752960205078
C16 850.022 90.51590728759766
C16 869.967 87.39398956298828
C16 875.002 86.02576446533203
C16 899.999 80.56269836425781
C16 919.999 71.97599792480469
C16 925.012 69.3010025024414
C16 949.965 55.86993408203125
C16 975.002 41.623085021972656
C16 999.976 25.44359016418457
C16 1025.028 10.885879516601562
C16 1050.014 3.869286298751831
C16 1075.002 0.915497358601492
C16 1099.99 0.090834806870301
C17 319.994 46.95866394042969
C17 324.969 51.92222595214844
C17 349.982 65.56346893310547
C17 374.975 69.3280029296875
C17 400.019 81.17981719970703
C17 424.965 86.36634826660156
C17 450.035 90.38239288330078
C17 475.003 93.24143981933594
C17 500.018 95.7972183227539
C17 525.002 97.97059631347656
C17 550.029 98.1922607421875
C17 575.023 99.50587463378906
C17 599.982 99.55243682861328
C17 619.997 99.39018249511719
C17 624.979 100.12628936767578
C17 650.012 99.6119384765625
C17 675.004 98.43524169921875
C17 700.03 97.58792877197266
C17 725.012 96.28973388671875
C17 750.022 95.9360580444336
C17 774.987 95.80619812011719
C17 799.976 94.1983642578125
C17 824.988 92.55059051513672
C17 850.022 90.42506408691406
C17 869.967 87.32246398925781
C17 875.002 85.9637222290039
C17 899.999 80.58121490478516
C17 919.999 71.87271118164062
C17 925.012 69.13066864013672
C17 949.965 55.82862091064453
C17 975.002 41.58689880371094
C17 999.976 25.472187042236328
C17 1025.028 10.963129997253418
C17 1050.014 3.897237777709961
C17 1075.002 0.9139797028962392
C17 1099.99 0.09068422646546748
