lsstCam/transmission_filter_detector/r11_s02/y_10/19700101T000000.ecsv
# %ECSV 1.0
# ---
# datatype:
# - {name: wavelength, unit: nm, datatype: float32}
# - {name: efficiency, unit: '%', datatype: float64}
# meta: !!omap
# - {MODE: DETECTOR}
# - {TYPE: transmission_filter_detector}
# - {CALIBDATE: '1970-01-01T00:00:00'}
# - {INSTRUME: LSSTCam}
# - {OBSTYPE: transmission_filter_detector}
# - {CALIBCLS: lsst.ip.isr.IntermediateFilterDetectorTransmissionCurve}
# - {SOURCE: Materion (DM-46256)}
# - {DETECTOR: 38}
# - {FILTER: y_10}
# - {CALIB_ID: 'calibDate=1970-01-01T00:00:00 filter=y_10 detector=38'}
# - {DATE: '2025-04-02T15:59:50.918075'}
# - {CALIB_CREATION_DATE: '2025-04-02'}
# - {CALIB_CREATION_TIME: '15:59:50'}
# - __serialized_columns__:
#     efficiency:
#       __class__: astropy.units.quantity.Quantity
#       unit: !astropy.units.Unit {unit: '%'}
#       value: !astropy.table.SerializedColumn {name: efficiency}
#     wavelength:
#       __class__: astropy.units.quantity.Quantity
#       unit: !astropy.units.Unit {unit: nm}
#       value: !astropy.table.SerializedColumn {name: wavelength}
# schema: astropy-2.0
wavelength efficiency
[from data line 580]
880.0 0.0652534537948668
881.0 0.09514400735497475
882.0 0.07344636251218617
883.0 0.10040834313258529
884.0 0.06611438002437353
885.0 0.07964791730046272
886.0 0.07823806954547763
887.0 0.09748667944222689
888.0 0.0708333624061197
889.0 0.0878971186466515
890.0 0.06535492721013725
891.0 0.09456199477426708
892.0 0.06630797870457172
893.0 0.11449434095993638
894.0 0.08739120094105601
895.0 0.11881178943440318
896.0 0.08348433184437454
897.0 0.12544076889753342
898.0 0.09301298414357007
899.0 0.12445154134184122
900.0 0.10984147666022182
901.0 0.14407704584300518
902.0 0.16302765579894185
903.0 0.17755674198269844
904.0 0.20726385992020369
905.0 0.2595457946881652
906.0 0.31307090539485216
907.0 0.41874730959534645
908.0 0.5565083585679531
909.0 0.7553305476903915
910.0 1.0777921415865421
911.0 1.5502510592341423
912.0 2.256699837744236
913.0 3.349776938557625
914.0 4.626155644655228
915.0 6.486851722002029
916.0 8.719097822904587
917.0 11.140196770429611
918.0 13.895648717880249
919.0 16.50097668170929
920.0 19.974765181541443
921.0 23.61835688352585
922.0 27.280467748641968
923.0 31.670409440994263
924.0 36.419323086738586
925.0 41.70123338699341
926.0 47.97670245170593
927.0 54.76055145263672
928.0 60.68047285079956
929.0 67.11110472679138
930.0 72.72194623947144
931.0 78.20260524749756
932.0 83.20112228393555
933.0 87.45523691177368
934.0 90.48864245414734
935.0 92.64834523200989
936.0 94.26937103271484
937.0 95.4233705997467
938.0 96.14846110343933
939.0 96.47718071937561
940.0 96.84504866600037
941.0 96.97169065475464
942.0 97.17568159103394
943.0 97.26104736328125
944.0 97.50405550003052
945.0 97.46565222740173
946.0 97.55135178565979
947.0 97.5407063961029
948.0 97.6145088672638
949.0 97.50524759292603
950.0 97.67119288444519
951.0 97.70887494087219
952.0 97.76179790496826
953.0 98.00110459327698
954.0 98.1288194656372
955.0 98.1410026550293
956.0 98.3471930027008
957.0 98.52728843688965
958.0 98.69281649589539
959.0 98.73795509338379
960.0 98.82916808128357
961.0 98.8816499710083
962.0 98.93123507499695
963.0 98.9326000213623
964.0 98.93912672996521
965.0 98.99348020553589
966.0 99.02828335762024
967.0 99.1109311580658
968.0 99.10852313041687
969.0 99.09352660179138
970.0 99.14879202842712
971.0 99.17786717414856
972.0 99.25608038902283
973.0 99.32971000671387
974.0 99.30471181869507
975.0 99.33187365531921
976.0 99.38601851463318
977.0 99.32884573936462
978.0 99.37160015106201
979.0 99.2962896823883
980.0 99.3047833442688
981.0 99.2103636264801
982.0 99.1617202758789
983.0 99.15444850921631
984.0 99.11074638366699
985.0 99.14897680282593
986.0 99.02636408805847
987.0 99.08303618431091
988.0 98.96211624145508
989.0 98.97086024284363
990.0 98.95007610321045
991.0 98.99423122406006
992.0 99.04704689979553
993.0 99.0041732788086
994.0 99.00890588760376
995.0 99.03401136398315
996.0 98.99625182151794
997.0 99.15386438369751
998.0 99.19512867927551
999.0 99.25695061683655
1000.0 99.2762804031372
1001.0 99.22289252281189
1002.0 99.34214353561401
1003.0 99.3596613407135
1004.0 99.39284324645996
1005.0 99.31690692901611
1006.0 99.44097995758057
1007.0 99.41138029098511
1008.0 99.3825376033783
1009.0 99.31326508522034
1010.0 99.38098788261414
1011.0 99.34116005897522
1012.0 99.25099015235901
1013.0 99.28476810455322
1014.0 99.23030734062195
1015.0 99.22276735305786
1016.0 99.21050667762756
1017.0 99.23865795135498
1018.0 99.26402568817139
1019.0 99.19347763061523
1020.0 99.27405714988708
1021.0 99.3657112121582
1022.0 99.28818345069885
1023.0 99.33803081512451
1024.0 99.30657744407654
1025.0 99.31175708770752
1026.0 99.37785863876343
1027.0 99.45405125617981
1028.0 99.3823230266571
1029.0 99.51521158218384
1030.0 99.5623528957367
1031.0 99.4755506515503
1032.0 99.49212074279785
1033.0 99.47587251663208
1034.0 99.48277473449707
1035.0 99.53848719596863
1036.0 99.46869015693665
1037.0 99.51627850532532
1038.0 99.43234920501709
1039.0 99.40775632858276
1040.0 99.33467507362366
1041.0 99.39156770706177
1042.0 99.35877323150635
1043.0 99.29343461990356
1044.0 99.36580657958984
1045.0 99.07472729682922
1046.0 99.27089810371399
1047.0 99.15870428085327
1048.0 99.27364587783813
1049.0 99.15130734443665
1050.0 99.17226433753967
1051.0 99.12497997283936
1052.0 99.11649227142334
1053.0 99.07821416854858
1054.0 99.26610589027405
1055.0 99.34585690498352
1056.0 99.20663833618164
1057.0 99.29076433181763
1058.0 99.09894466400146
1059.0 99.19260144233704
1060.0 99.2897629737854
1061.0 99.22934770584106
1062.0 99.23139214515686
1063.0 99.15217161178589
1064.0 99.25364255905151
1065.0 99.18197393417358
1066.0 99.18307065963745
1067.0 99.2805004119873
1068.0 99.1532027721405
1069.0 99.10637140274048
1070.0 99.40242767333984
1071.0 99.19397830963135
1072.0 99.31192398071289
1073.0 99.40579533576965
1074.0 99.03045892715454
1075.0 99.0248441696167
1076.0 98.87064695358276
1077.0 99.33938384056091
1078.0 99.28448796272278
1079.0 98.88272285461426
1080.0 99.61135983467102
1081.0 98.83211255073547
1082.0 98.93860220909119
1083.0 98.9014983177185
1084.0 99.32584762573242
1085.0 99.20487403869629
1086.0 99.02675747871399
1087.0 99.22912120819092
1088.0 98.86548519134521
1089.0 98.85658621788025
1090.0 98.81551265716553
1091.0 99.1437554359436
1092.0 98.84637594223022
1093.0 98.79196286201477
1094.0 98.48767518997192
1095.0 98.68931770324707
1096.0 98.84878396987915
1097.0 98.66267442703247
1098.0 98.03609251976013
1099.0 98.56786131858826
1100.0 98.43984842300415
