lsstCam/transmission_filter_detector/r11_s02/y_10/19700101T000000.ecsv
# %ECSV 1.0
# ---
# datatype:
# - {name: wavelength, unit: nm, datatype: float32}
# - {name: efficiency, unit: '%', datatype: float64}
# meta: !!omap
# - {MODE: DETECTOR}
# - {TYPE: transmission_filter_detector}
# - {CALIBDATE: '1970-01-01T00:00:00'}
# - {INSTRUME: LSSTCam}
# - {OBSTYPE: transmission_filter_detector}
# - {CALIBCLS: lsst.ip.isr.IntermediateFilterDetectorTransmissionCurve}
# - {SOURCE: Materion (DM-46256)}
# - {DETECTOR: 38}
# - {FILTER: y_10}
# - {CALIB_ID: 'calibDate=1970-01-01T00:00:00 filter=y_10 detector=38'}
# - {DATE: '2025-04-02T15:59:50.918075'}
# - {CALIB_CREATION_DATE: '2025-04-02'}
# - {CALIB_CREATION_TIME: '15:59:50'}
# - __serialized_columns__:
#     efficiency:
#       __class__: astropy.units.quantity.Quantity
#       unit: !astropy.units.Unit {unit: '%'}
#       value: !astropy.table.SerializedColumn {name: efficiency}
#     wavelength:
#       __class__: astropy.units.quantity.Quantity
#       unit: !astropy.units.Unit {unit: nm}
#       value: !astropy.table.SerializedColumn {name: wavelength}
# schema: astropy-2.0
wavelength efficiency
300.0 0.5358776543289423
301.0 0.288871000520885
302.0 0.041864352533593774
303.0 0.035692533128894866
304.0 0.02952071954496205
305.0 0.018959547742269933
306.0 0.008398370118811727
307.0 0.016447457892354578
308.0 0.024496542755514383
309.0 0.0174184882780537
310.0 0.010340430890209973
311.0 0.009516211139271036
312.0 0.008691989205544814
313.0 0.008605069888290018
314.0 0.00851814984343946
315.0 0.007013748836470768
316.0 0.005509351467480883
317.0 0.005861238241777755
318.0 0.006213120650500059
319.0 0.002878829764085822
320.0 1.60426088646054e-10
321.0 0.0024512175514246337
322.0 0.005357898407964967
323.0 0.0037965150113450363
324.0 0.002235131978522986
325.0 0.0010006330739997793
326.0 1.60426088646054e-10
327.0 0.0008731989510124549
328.0 0.0019802637325483374
329.0 0.0032257576094707474
330.0 0.004471251668292098
331.0 0.003840016870526597
332.0 0.0032087817089632154
333.0 0.0027576794309425168
334.0 0.0023065767891239375
335.0 0.002519202644180041
336.0 0.0027318292268319055
337.0 0.002986260187753942
338.0 0.0032406907848780975
339.0 0.001595709181856364
340.0 1.60426088646054e-10
341.0 1.60426088646054e-10
342.0 1.60426088646054e-10
343.0 0.00024829314497765154
344.0 0.0010322716661903542
345.0 0.001313764641963644
346.0 0.001595258254383225
347.0 0.0015457084373338148
348.0 0.0014961584383854643
349.0 0.0013356990166357718
350.0 0.0011752392310881987
351.0 0.001364664603897836
352.0 0.0015540894310106523
353.0 0.001340436574537307
354.0 0.0011267836271144915
355.0 0.0012259069990250282
356.0 0.001325030461885035
357.0 0.0008476076800434384
358.0 0.00037018473904026905
359.0 0.000657951932225842
360.0 0.0009457190571993124
361.0 0.00129477684822632
362.0 0.001643834366404917
363.0 0.0012397147656884044
364.0 0.0008355948011740111
365.0 0.0011618398275459185
366.0 0.0014880855815135874
367.0 0.0020195993784000166
368.0 0.0025511131752864458
369.0 0.002117644362442661
370.0 0.0016841757314978167
371.0 0.001660680391069036
372.0 0.0016371848687413149
373.0 0.0020639510694309138
374.0 0.0024907170882215723
375.0 0.0034144261007895693
376.0 0.004338135113357566
377.0 0.004216715387883596
378.0 0.004095295298611745
379.0 0.003613340959418565
380.0 0.003131386620225385
381.0 0.002098451841447968
382.0 0.001065516971721081
383.0 0.0010735110663517844
384.0 0.0010815048881340772
385.0 0.0008458732736471575
386.0 0.0006102416136855027
387.0 0.0006629656581935706
388.0 0.0007156897481763735
389.0 0.000653688994134427
390.0 0.0005916883765166858
391.0 0.0005275759122014279
392.0 0.000463463493360905
393.0 0.000574248315388104
394.0 0.0006850333193142433
395.0 0.0006336393653327832
396.0 0.0005822455023007933
397.0 0.0008154432180162985
398.0 0.0010486409337318037
399.0 0.0012610516023414675
400.0 0.0014734621800016612
401.0 0.0016360929294023663
402.0 0.0017987238607020117
403.0 0.0018231794456369244
404.0 0.0018476348486728966
405.0 0.0017623973690206185
406.0 0.001677160253166221
407.0 0.0014283990822150372
408.0 0.0011796381841122638
409.0 0.0009372298336529639
410.0 0.0006948212103452533
411.0 0.0005672383849741891
412.0 0.00043965560507785995
413.0 0.0008692264600540511
414.0 0.0012987970876565669
415.0 0.0020248011423973367
416.0 0.0027508052880875766
417.0 0.0011245983841945417
418.0 1.60426088646054e-10
419.0 1.60426088646054e-10
420.0 1.60426088646054e-10
421.0 2.08246895283537e-06
422.0 0.0011575440112210345
423.0 0.0010825483514054213
424.0 0.0010075523277919274
425.0 0.00035273460525786504
426.0 1.60426088646054e-10
427.0 1.60426088646054e-10
428.0 0.00021398705030151177
429.0 1.60426088646054e-10
430.0 1.60426088646054e-10
431.0 0.0004251792688592104
432.0 0.0010886365089390893
433.0 0.0009506476089882199
434.0 0.0008126591637847014
435.0 0.00013195806332078064
436.0 1.60426088646054e-10
437.0 1.60426088646054e-10
438.0 0.0002860334916476859
439.0 1.60426088646054e-10
440.0 1.60426088646054e-10
441.0 1.60426088646054e-10
442.0 1.60426088646054e-10
443.0 1.60426088646054e-10
444.0 1.60426088646054e-10
445.0 0.00026758261810755357
446.0 0.0005693173079635017
447.0 0.0006443918664444936
448.0 0.0007194663339760154
449.0 0.0008599226021033246
450.0 0.0010003786883316934
451.0 0.0003704081791511271
452.0 1.60426088646054e-10
453.0 1.60426088646054e-10
454.0 3.7785997619721456e-05
455.0 1.60426088646054e-10
456.0 1.60426088646054e-10
457.0 1.60426088646054e-10
458.0 0.00014462082162935985
459.0 0.00022647070636594435
460.0 0.00030832063657726394
461.0 0.0003591994527596398
462.0 0.00041007824620464817
463.0 0.00045925839913252275
464.0 0.0005084385975351324
465.0 0.0005220515049586538
466.0 0.0005356645488063805
467.0 0.0009871553629636765
468.0 0.001438645995222032
469.0 0.0015524137779721059
470.0 0.001666181196924299
471.0 0.001687402073002886
472.0 0.0017086225852835923
473.0 0.0022938960682949983
474.0 0.002879169369407464
475.0 0.00280545082205208
476.0 0.0027317322746966965
477.0 0.0032581268897047266
478.0 0.003784521686611697
479.0 0.004200510375085287
480.0 0.0046164990635588765
481.0 0.004735549373435788
482.0 0.004854598955716938
483.0 0.0041056711779674515
484.0 0.003356742672622204
485.0 0.003722186738741584
486.0 0.004087630077265203
487.0 0.0034141179639846087
488.0 0.002740605668805074
489.0 0.0023486600184696727
490.0 0.001956714731932152
491.0 0.001753688047756441
492.0 0.001550660999782849
493.0 0.0011030762834707275
494.0 0.0006554918400070164
495.0 0.0009510574273008388
496.0 0.0012466231055441312
497.0 0.0018183553038397804
498.0 0.0023900878659333102
499.0 0.0024394546926487237
500.0 0.0024888217012630776
501.0 0.0025350707801408134
502.0 0.0025813200409174897
503.0 0.0026888576030614786
504.0 0.002796394983306527
505.0 0.003106090662186034
506.0 0.003415786341065541
507.0 0.0026020607037935406
508.0 0.0017883339751278982
509.0 0.0019858569430653006
510.0 0.002183379365305882
511.0 0.002170373045373708
512.0 0.0021573670892394148
513.0 0.001971923302335199
514.0 0.0017864800611278042
515.0 0.0015286082998500206
516.0 0.0012707362657238264
517.0 0.0012559800779854413
518.0 0.0012412236173986457
519.0 0.0012920007065986283
520.0 0.0013427776138996705
521.0 0.0016456717276014388
522.0 0.0019485654775053263
523.0 0.0017221136658918113
524.0 0.0014956619452277664
525.0 0.0020232851966284215
526.0 0.0025509092665743083
527.0 0.002427581603114959
528.0 0.0023042544853524305
529.0 0.0025640305466367863
530.0 0.002823806607921142
531.0 0.002620669692987576
532.0 0.0024175324142561294
533.0 0.002544403832871467
534.0 0.002671274523891043
535.0 0.002431594839436002
536.0 0.00219191460928414
537.0 0.0024267104890896007
538.0 0.0026615063688950613
539.0 0.003408985139685683
540.0 0.004156463546678424
541.0 0.0040375409298576415
542.0 0.003918618313036859
543.0 0.0042108669731533155
544.0 0.004503115269471891
545.0 0.004917712431051768
546.0 0.005332309228833765
547.0 0.0044025324314134195
548.0 0.0034727552701951936
549.0 0.0029732915209024213
550.0 0.002473827225912828
551.0 0.0026207770133623853
552.0 0.002767726437014062
553.0 0.0030930015782359987
554.0 0.0034182761737611145
555.0 0.0037328987673390657
556.0 0.004047521724714898
557.0 0.0037095956940902397
558.0 0.0033716700272634625
559.0 0.003287530125817284
560.0 0.0032033902243711054
561.0 0.0034136839531129226
562.0 0.003623977318056859
563.0 0.003544501305441372
564.0 0.0034650249290280044
565.0 0.003881555676343851
566.0 0.004298086787457578
567.0 0.004484201781451702
568.0 0.004670316411647946
569.0 0.005078588583273813
570.0 0.0054868603911018
571.0 0.0057276054576504976
572.0 0.0059683501604013145
573.0 0.006256713822949678
574.0 0.006545077485498041
575.0 0.006542186019942164
576.0 0.006539294554386288
577.0 0.005855369454366155
578.0 0.005171444354346022
579.0 0.005979504931019619
580.0 0.006787565507693216
581.0 0.007315666152862832
582.0 0.007843765342840925
583.0 0.008765130041865632
584.0 0.009686492558103055
585.0 0.009897771087707952
586.0 0.010109051072504371
587.0 0.010113465395988896
588.0 0.010117877536686137
589.0 0.010347073111915961
590.0 0.010576270869933069
591.0 0.009804603905649856
592.0 0.009032936941366643
593.0 0.007479536725440994
594.0 0.0059261397836962715
595.0 0.005862473699380644
596.0 0.0057988079788628966
597.0 0.005977633554721251
598.0 0.006156459130579606
599.0 0.007304964674403891
600.0 0.008453468763036653
601.0 0.009040412987815216
602.0 0.009627354302210733
603.0 0.010415439464850351
604.0 0.01120352535508573
605.0 0.011369057756382972
606.0 0.011534590157680213
607.0 0.009939660230884328
608.0 0.008344732486875728
609.0 0.006608178227907047
610.0 0.004871624696534127
611.0 0.003940071110264398
612.0 0.00300851788779255
613.0 0.0035076303902314976
614.0 0.0040067425288725644
615.0 0.004927443296764977
616.0 0.0058481447922531515
617.0 0.006967948138481006
618.0 0.00808775148470886
619.0 0.009231278818333521
620.0 0.010374806879553944
621.0 0.011306739907013252
622.0 0.012238672934472561
623.0 0.012136750592617318
624.0 0.012034826067974791
625.0 0.01056376495398581
626.0 0.009092702384805307
627.0 0.007210054900497198
628.0 0.0053274048696039245
629.0 0.004363691186881624
630.0 0.0033999778679572046
631.0 0.00290115931420587
632.0 0.002402340578555595
633.0 0.0025873803679132834
634.0 0.002772420339169912
635.0 0.0028600357836694457
636.0 0.0029476508643710986
637.0 0.0037918376619927585
638.0 0.0046360244596144184
639.0 0.0045986700570210814
640.0 0.004561314926831983
641.0 0.005060485273133963
642.0 0.005559655255638063
643.0 0.005678132220054977
644.0 0.005796609548269771
645.0 0.0052866216719849035
646.0 0.004776633795700036
647.0 0.0037978217733325437
648.0 0.0028190104785608128
649.0 0.0019968390915892087
650.0 0.001174667431769194
651.0 0.0013689499610336497
652.0 0.001563232763146516
653.0 0.0014506589650409296
654.0 0.001338084985036403
655.0 0.001478073863836471
656.0 0.0016180629245354794
657.0 0.0014879737136652693
658.0 0.0013578846846939996
659.0 0.0016751402654335834
660.0 0.001992395664274227
661.0 0.001788638655852992
662.0 0.0015848816474317573
663.0 0.002332110125280451
664.0 0.003079338785028085
665.0 0.0036067081964574754
666.0 0.004134077607886866
667.0 0.004759195871884003
668.0 0.005384312680689618
669.0 0.005584586688200943
670.0 0.005784857421531342
671.0 0.006411378126358613
672.0 0.0070378991949837655
673.0 0.007821364852134138
674.0 0.00860482978168875
675.0 0.007977194763952866
676.0 0.007349561929004267
677.0 0.005881488687009551
678.0 0.004413415445014834
679.0 0.002825661613314878
680.0 0.001237908782059094
681.0 0.0005450156550068641
682.0 1.60426088646054e-10
683.0 0.00019778276509896386
684.0 0.0005434431386674987
685.0 0.000340267388310167
686.0 0.00013709160384678398
687.0 0.00021062253381387563
688.0 0.00028415347514965106
689.0 0.0003469451939963619
690.0 0.0004097369128430728
691.0 0.000493992047267966
692.0 0.0005782472271675942
693.0 0.00043585769162746146
694.0 0.00029346820156206377
695.0 0.0004206853191135451
696.0 0.0005479023911902914
697.0 0.0005642569703923073
698.0 0.0005806114131701179
699.0 0.00043588738662947435
700.0 0.0002911629962909501
701.0 0.0001757105565047823
702.0 6.025822472111031e-05
703.0 0.00028303704766585724
704.0 0.0005058158876636298
705.0 0.0004234281732351519
706.0 0.0003410403451198363
707.0 3.0000444439792773e-05
708.0 1.60426088646054e-10
709.0 1.60426088646054e-10
710.0 0.00027735000003303867
711.0 0.0005022131972509669
712.0 0.0007270764399436302
713.0 0.00046043992369959597
714.0 0.0001938035211423994
715.0 0.0003288584366600844
716.0 0.00046391337491513696
717.0 0.0002645052518346347
718.0 6.50971401228162e-05
719.0 0.00031974241210264154
720.0 0.0005743875590269454
721.0 0.0003282606485299766
722.0 8.21337891920848e-05
723.0 0.0002544792096159654
724.0 0.00042682454477471765
725.0 0.0005104336651129415
726.0 0.0005940428764006356
727.0 0.00023482618871639716
728.0 1.60426088646054e-10
729.0 0.0001979938815566129
730.0 0.0005203780801821267
731.0 0.0007155132607294945
732.0 0.0009106486686505377
733.0 0.00036783883388125105
734.0 1.60426088646054e-10
735.0 1.60426088646054e-10
736.0 1.60426088646054e-10
737.0 0.0005191717264096951
738.0 0.0011420527698646765
739.0 0.0007634323992533609
740.0 0.0003848117103188997
741.0 0.0002092360091410228
742.0 3.366028238360741e-05
743.0 1.60426088646054e-10
744.0 1.60426088646054e-10
745.0 0.00035471111914375797
746.0 0.0007513413493143162
747.0 0.0004940400685882196
748.0 0.00023673881059949053
749.0 6.210707965692563e-05
750.0 1.60426088646054e-10
751.0 1.60426088646054e-10
752.0 8.446796755379182e-05
753.0 0.00020074646727152867
754.0 0.00031702495562058175
755.0 1.60426088646054e-10
756.0 1.60426088646054e-10
757.0 1.60426088646054e-10
758.0 1.60426088646054e-10
759.0 0.0001399272719027067
760.0 0.0007618763447680976
761.0 0.00037483105188584886
762.0 1.60426088646054e-10
763.0 1.60426088646054e-10
764.0 1.60426088646054e-10
765.0 0.00016457128140245914
766.0 0.0005306546427163994
767.0 0.0001106585386878578
768.0 1.60426088646054e-10
769.0 1.60426088646054e-10
770.0 1.60426088646054e-10
771.0 1.60426088646054e-10
772.0 1.60426088646054e-10
773.0 0.00021974744868202833
774.0 0.000660708747091121
775.0 0.00039705546441837214
776.0 0.00013340209079615306
777.0 0.000172609509263566
778.0 0.00021181699594308157
779.0 0.0006243552434170851
780.0 0.0010368935363658238
781.0 0.0008619937943876721
782.0 0.0006870941888337256
783.0 0.0005409123787103454
784.0 0.0003947306140617002
785.0 0.0001995596221604501
786.0 4.3883510159048456e-06
787.0 0.000548911248188233
788.0 0.0010934340934909414
789.0 0.0009323282029072288
790.0 0.0007712224942224566
791.0 0.000540490509592928
792.0 0.0003097583658018266
793.0 0.0004945206001139013
794.0 0.000679282538840198
795.0 0.0007915190508356318
796.0 0.0009037554264068604
797.0 0.00043590653149294667
798.0 1.60426088646054e-10
799.0 0.0005457632141769864
800.0 0.0011234687008254696
801.0 0.0005765196419815766
802.0 2.9570540505119425e-05
803.0 0.0002365134378123912
804.0 0.00044345624701236375
805.0 0.0007874969924159814
806.0 0.0011315376468701288
807.0 0.0006297234904195648
808.0 0.00012790932260031695
809.0 1.60426088646054e-10
810.0 1.60426088646054e-10
811.0 0.00020949669305991847
812.0 0.0006859157565486385
813.0 0.0009096314897760749
814.0 0.0011333471775287762
815.0 0.0010716812539612874
816.0 0.0010100146937475074
817.0 0.0009469107681070454
818.0 0.0008838069334160537
819.0 0.0009046930244949181
820.0 0.0009255792065232527
821.0 0.0009158691682387143
822.0 0.000906159129954176
823.0 0.0007509253464377252
824.0 0.000595691835769685
825.0 0.0005325314305082429
826.0 0.00046937111619627103
827.0 0.0005660571332555264
828.0 0.0006627431957895169
829.0 0.0003879984888044419
830.0 0.00011325378181936685
831.0 0.0002663841769390274
832.0 0.00041951475395762827
833.0 0.0006470286734838737
834.0 0.0008745425475353841
835.0 0.00024679552552697714
836.0 1.60426088646054e-10
837.0 1.60426088646054e-10
838.0 1.60426088646054e-10
839.0 0.0002820385361701483
840.0 0.0006799853053962579
841.0 0.0009782912457012571
842.0 0.0012765971405315213
843.0 0.0009269379916077014
844.0 0.0005772786153102061
845.0 0.0006265706815611338
846.0 0.0006758627023373265
847.0 0.0008899600288714282
848.0 0.0011040574463550001
849.0 0.0009623116966395173
850.0 0.0008205654921766836
851.0 0.0010068973097077105
852.0 0.0011932291272387374
853.0 0.0004633292064681882
854.0 1.60426088646054e-10
855.0 1.60426088646054e-10
856.0 1.60426088646054e-10
857.0 0.000256934708886547
858.0 0.0012268633327039424
859.0 0.0012168484317953698
860.0 0.0012068333489878569
861.0 0.0013874553587811533
862.0 0.0015680776414228603
863.0 0.0018027954865829088
864.0 0.0020375135136418976
865.0 0.002090678026434034
866.0 0.0021438425392261706
867.0 0.0028225258574821055
868.0 0.0035012089938391
869.0 0.003077004657825455
870.0 0.002652799776114989
871.0 0.0031761217542225495
872.0 0.0036994439142290503
873.0 0.002813496939779725
874.0 0.00192755014722934
875.0 0.0024197726816055365
876.0 0.002911994670284912
877.0 0.0019473014617688023
878.0 0.0009826082532526925
